iteration,job object,job ID,job Length,job ressource requirement,job enter time,job start time,job finish time,job waiting time,current time
1,<environment.Job instance at 0x7f29338e7140>,5,18,[7 5],6,6,24,0,6
1,<environment.Job instance at 0x7f29338e7370>,7,12,[7 2],8,17,29,9,8
1,<environment.Job instance at 0x7f29338e7500>,9,17,[8 1],10,24,41,14,12
1,<environment.Job instance at 0x7f29338e72d0>,12,22,[4 6],13,29,51,16,22
1,<environment.Job instance at 0x7f29338e7af0>,18,18,[3 6],19,29,47,10,22
1,<environment.Job instance at 0x7f29338e7c30>,20,18,[7 5],21,47,65,26,36
1,<environment.Job instance at 0x7f29338e7e60>,23,18,[7 4],24,51,69,27,40
1,<environment.Job instance at 0x7f2933d00a50>,0,13,[12  1],1,1,14,0,1
1,<environment.Job instance at 0x7f2933d7c640>,5,15,[6 2],6,14,29,8,6
1,<environment.Job instance at 0x7f2933d7c190>,3,22,[9 5],4,14,36,10,9
1,<environment.Job instance at 0x7f2933d7c730>,6,13,[10  1],7,36,49,29,20
1,<environment.Job instance at 0x7f2933d7cfa0>,17,13,[3 5],18,29,42,11,28
1,<environment.Job instance at 0x7f2933d93aa0>,20,22,[5 6],21,42,64,21,36
1,<environment.Job instance at 0x7f2933d93190>,21,13,[7 2],22,49,62,27,36
1,<environment.Job instance at 0x7f293303a640>,2,12,[10  1],3,3,15,0,3
1,<environment.Job instance at 0x7f293303a3c0>,7,17,[5 6],8,8,25,0,8
1,<environment.Job instance at 0x7f293303acd0>,10,15,[2 6],11,15,30,4,11
1,<environment.Job instance at 0x7f293308ef00>,14,20,[5 7],15,25,45,10,17
1,<environment.Job instance at 0x7f293308eaa0>,17,21,[1 6],18,30,51,12,22
1,<environment.Job instance at 0x7f293308eeb0>,19,14,[9 1],20,30,44,10,22
1,<environment.Job instance at 0x7f293308e230>,20,15,[9 2],21,44,59,23,30
1,<environment.Job instance at 0x7f293308ecd0>,23,16,[1 8],24,51,67,27,38
1,<environment.Job instance at 0x7f2933049910>,0,15,[6 2],1,1,16,0,1
1,<environment.Job instance at 0x7f293308e190>,1,15,[6 2],2,2,17,0,2
1,<environment.Job instance at 0x7f293348d460>,5,13,[2 6],6,6,19,0,6
1,<environment.Job instance at 0x7f2933079d70>,7,16,[6 2],8,16,32,8,8
1,<environment.Job instance at 0x7f29335ccc80>,10,15,[8 3],11,19,34,8,11
1,<environment.Job instance at 0x7f2933488690>,17,13,[4 5],18,32,45,14,18
1,<environment.Job instance at 0x7f29333a6960>,22,22,[6 4],23,34,56,11,27
1,<environment.Job instance at 0x7f29332c0500>,23,16,[7 1],24,45,61,21,34
1,<environment.Job instance at 0x7f2933a24910>,32,14,[4 7],33,56,70,23,42
1,<environment.Job instance at 0x7f2932ff3190>,0,23,[5 8],1,8,31,7,8
1,<environment.Job instance at 0x7f2932ec25a0>,3,23,[10  3],4,9,32,5,9
1,<environment.Job instance at 0x7f2932ec29b0>,17,12,[11  1],18,32,44,14,18
1,<environment.Job instance at 0x7f2932ec4190>,19,17,[2 8],20,31,48,11,21
1,<environment.Job instance at 0x7f2932ec2f00>,20,12,[5 9],21,48,60,27,31
1,<environment.Job instance at 0x7f2932ec4230>,21,14,[2 9],22,60,74,38,45
1,<environment.Job instance at 0x7f2932f0e5f0>,0,17,[2 6],1,1,18,0,1
1,<environment.Job instance at 0x7f2932ec4230>,2,17,[8 5],3,4,21,1,4
1,<environment.Job instance at 0x7f2932f63a00>,10,12,[6 2],11,18,30,7,11
1,<environment.Job instance at 0x7f2932f63e60>,11,24,[5 1],12,21,45,9,16
1,<environment.Job instance at 0x7f2932f63820>,14,12,[1 8],15,18,30,3,16
1,<environment.Job instance at 0x7f2932f638c0>,15,22,[3 8],16,30,52,14,23
1,<environment.Job instance at 0x7f2932f63b40>,18,13,[3 5],19,30,43,11,23
1,<environment.Job instance at 0x7f2932f63410>,21,22,[6 1],22,43,65,21,36
1,<environment.Job instance at 0x7f2932f63b90>,22,14,[3 5],23,45,59,22,36
1,<environment.Job instance at 0x7f2932f630f0>,23,21,[5 1],24,52,73,28,44
1,<environment.Job instance at 0x7f2933fb4cd0>,1,15,[4 8],2,2,17,0,2
1,<environment.Job instance at 0x7f2933fb4b90>,3,22,[10  2],4,4,26,0,4
1,<environment.Job instance at 0x7f293405a050>,6,14,[5 3],7,17,31,10,7
1,<environment.Job instance at 0x7f293405a4b0>,10,26,[4 7],11,26,52,15,23
1,<environment.Job instance at 0x7f293405a8c0>,7,14,[8 5],8,31,45,23,23
1,<environment.Job instance at 0x7f293405a5a0>,20,14,[7 2],21,45,59,24,32
1,<environment.Job instance at 0x7f293405a820>,21,19,[8 2],22,52,71,30,42
1,<environment.Job instance at 0x7f2933e88fa0>,0,17,[2 8],1,1,18,0,1
1,<environment.Job instance at 0x7f293405a190>,2,23,[5 7],3,3,26,0,3
1,<environment.Job instance at 0x7f2932fca9b0>,6,15,[5 7],7,18,33,11,9
1,<environment.Job instance at 0x7f2932fcac80>,10,17,[5 4],11,26,43,15,14
1,<environment.Job instance at 0x7f2932fcabe0>,17,13,[7 5],18,33,46,15,19
1,<environment.Job instance at 0x7f2932fe54b0>,22,15,[10  5],23,46,61,23,32
1,<environment.Job instance at 0x7f2932fe5aa0>,30,14,[3 6],31,42,56,11,42
1,<environment.Job instance at 0x7f2932fe3050>,41,16,[4 8],42,56,72,14,43
1,<environment.Job instance at 0x7f2932fe35a0>,46,12,[5 4],47,61,73,14,48
1,<environment.Job instance at 0x7f2932f0ea00>,0,17,[2 6],1,1,18,0,1
1,<environment.Job instance at 0x7f2932f0e9b0>,3,12,[ 1 10],4,18,30,14,4
1,<environment.Job instance at 0x7f2932f0e280>,5,14,[9 5],6,6,20,0,6
1,<environment.Job instance at 0x7f29343338c0>,10,16,[ 1 10],11,30,46,19,17
1,<environment.Job instance at 0x7f2934333190>,24,20,[2 8],25,46,66,21,37
1,<environment.Job instance at 0x7f2933764e10>,0,12,[ 2 12],1,1,13,0,1
1,<environment.Job instance at 0x7f293428d370>,4,12,[3 5],5,13,25,8,5
1,<environment.Job instance at 0x7f2933887730>,5,14,[5 8],6,13,27,7,6
1,<environment.Job instance at 0x7f2932f88280>,11,14,[ 3 11],12,27,41,15,13
1,<environment.Job instance at 0x7f29330c9910>,13,15,[14  1],14,41,56,27,27
1,<environment.Job instance at 0x7f2933fc7f00>,15,14,[3 6],16,56,70,40,41
1,<environment.Job instance at 0x7f2933a63f50>,18,13,[1 9],19,41,54,22,41
1,<environment.Job instance at 0x7f29345947d0>,19,16,[2 5],20,56,72,36,43
1,<environment.Job instance at 0x7f293cb56550>,1,18,[5 8],2,2,20,0,2
1,<environment.Job instance at 0x7f2934353910>,3,17,[6 1],4,4,21,0,4
1,<environment.Job instance at 0x7f2934353be0>,5,12,[ 2 10],6,20,32,14,6
1,<environment.Job instance at 0x7f2934353a00>,6,15,[9 2],7,21,36,14,7
1,<environment.Job instance at 0x7f29332bccd0>,8,17,[7 3],9,36,53,27,24
1,<environment.Job instance at 0x7f2933191140>,13,18,[4 7],14,32,50,18,24
1,<environment.Job instance at 0x7f2933191320>,16,20,[2 6],17,50,70,33,41
1,<environment.Job instance at 0x7f2933191640>,21,17,[10  4],22,53,70,31,41
1,<environment.Job instance at 0x7f2933b8d960>,5,17,[ 5 10],6,6,23,0,6
1,<environment.Job instance at 0x7f2933b8dd20>,6,13,[12  1],7,23,36,16,8
1,<environment.Job instance at 0x7f29337098c0>,8,24,[3 9],9,23,47,14,18
1,<environment.Job instance at 0x7f29337096e0>,12,12,[14  3],13,47,59,34,30
1,<environment.Job instance at 0x7f2933709320>,18,12,[6 1],19,59,71,40,42
1,<environment.Job instance at 0x7f29339673c0>,1,17,[2 7],2,2,19,0,2
1,<environment.Job instance at 0x7f29342bf780>,2,14,[4 9],3,19,33,16,4
1,<environment.Job instance at 0x7f29342bf140>,5,12,[4 8],6,6,18,0,6
1,<environment.Job instance at 0x7f2933716550>,15,16,[5 5],16,18,34,2,16
1,<environment.Job instance at 0x7f29342bf9b0>,18,13,[8 5],19,33,46,14,21
1,<environment.Job instance at 0x7f29337160a0>,21,16,[6 5],22,34,50,12,26
1,<environment.Job instance at 0x7f2933fcf780>,25,12,[1 9],26,46,58,20,29
1,<environment.Job instance at 0x7f2933fcf370>,26,15,[8 2],27,50,65,23,36
1,<environment.Job instance at 0x7f2933716fa0>,20,14,[ 2 11],21,58,72,37,43
1,<environment.Job instance at 0x7f2933af70a0>,0,21,[5 4],1,1,22,0,1
1,<environment.Job instance at 0x7f2933716fa0>,2,20,[4 5],3,3,23,0,3
1,<environment.Job instance at 0x7f29339dec30>,9,14,[6 5],10,10,24,0,10
1,<environment.Job instance at 0x7f29339decd0>,10,13,[5 8],11,23,36,12,11
1,<environment.Job instance at 0x7f2933af7fa0>,1,15,[10  1],2,24,39,22,11
1,<environment.Job instance at 0x7f29339e7370>,17,13,[7 5],18,39,52,21,23
1,<environment.Job instance at 0x7f29339e75f0>,22,22,[7 5],23,39,61,16,32
1,<environment.Job instance at 0x7f29339e79b0>,27,13,[10  4],28,61,74,33,45
1,<environment.Job instance at 0x7f29339e7410>,18,13,[1 8],19,52,65,33,45
1,<environment.Job instance at 0x7f293cd0ff50>,1,13,[12  4],2,2,15,0,2
1,<environment.Job instance at 0x7f293cd0fd70>,3,18,[6 5],4,15,33,11,4
1,<environment.Job instance at 0x7f293cd0f3c0>,7,15,[11  5],8,33,48,25,19
1,<environment.Job instance at 0x7f29339e7410>,8,12,[1 7],9,32,44,23,32
1,<environment.Job instance at 0x7f293cd0c460>,12,18,[5 8],13,48,66,35,37
1,<environment.Job instance at 0x7f293cd0c960>,17,18,[6 5],18,48,66,30,37
1,<environment.Job instance at 0x7f2932ea05f0>,0,18,[5 2],1,1,19,0,1
1,<environment.Job instance at 0x7f293cd0c960>,2,14,[8 3],3,3,17,0,3
1,<environment.Job instance at 0x7f2932ea0c80>,4,23,[2 6],5,5,28,0,5
1,<environment.Job instance at 0x7f2932ea0a50>,5,21,[2 8],6,19,40,13,11
1,<environment.Job instance at 0x7f293cd0ca50>,1,20,[3 7],2,28,48,26,19
1,<environment.Job instance at 0x7f293393b230>,10,22,[2 7],11,40,62,29,33
1,<environment.Job instance at 0x7f293393b730>,11,22,[8 1],12,45,67,33,45
1,<environment.Job instance at 0x7f2933dbb780>,14,15,[5 8],15,62,77,47,48
1,<environment.Job instance at 0x7f2932f86e60>,5,14,[4 7],6,6,20,0,6
1,<environment.Job instance at 0x7f2932f864b0>,6,16,[9 4],7,7,23,0,7
1,<environment.Job instance at 0x7f2933e6e050>,8,14,[ 2 10],9,20,34,11,9
1,<environment.Job instance at 0x7f2932f861e0>,11,18,[5 5],12,23,41,11,14
1,<environment.Job instance at 0x7f2933e6e690>,16,18,[1 5],17,34,52,17,23
1,<environment.Job instance at 0x7f2933e6e8c0>,17,18,[9 5],18,34,52,16,29
1,<environment.Job instance at 0x7f2933e6eb90>,18,19,[4 5],19,41,60,22,31
1,<environment.Job instance at 0x7f2933e7f6e0>,24,13,[5 5],25,52,65,27,36
1,<environment.Job instance at 0x7f2933e7fe60>,26,16,[8 3],27,60,76,33,47
1,<environment.Job instance at 0x7f2933f387d0>,0,12,[11  2],1,1,13,0,1
1,<environment.Job instance at 0x7f2933f380a0>,1,17,[3 5],2,2,19,0,2
1,<environment.Job instance at 0x7f2933e7f870>,3,14,[6 1],4,13,27,9,4
1,<environment.Job instance at 0x7f29336d3460>,2,16,[ 3 13],3,19,35,16,6
1,<environment.Job instance at 0x7f2932d32960>,10,14,[2 5],11,35,49,24,21
1,<environment.Job instance at 0x7f2933079640>,7,13,[9 5],8,35,48,27,22
1,<environment.Job instance at 0x7f2933079a50>,6,27,[3 5],7,35,62,28,35
1,<environment.Job instance at 0x7f2933079730>,8,16,[3 6],9,49,65,40,36
1,<environment.Job instance at 0x7f293390aaa0>,1,16,[6 3],2,2,18,0,2
1,<environment.Job instance at 0x7f2933aa3820>,6,21,[8 1],7,7,28,0,7
1,<environment.Job instance at 0x7f2933aa3d70>,10,18,[10  5],11,28,46,17,17
1,<environment.Job instance at 0x7f2933aa35f0>,13,19,[ 4 10],14,18,37,4,17
1,<environment.Job instance at 0x7f2933aa3a50>,14,18,[10  1],15,46,64,31,35
1,<environment.Job instance at 0x7f29339e5910>,4,19,[2 9],5,5,24,0,5
1,<environment.Job instance at 0x7f29339e5e60>,5,19,[7 3],6,6,25,0,6
1,<environment.Job instance at 0x7f29339b3b40>,11,14,[ 4 10],12,24,38,12,12
1,<environment.Job instance at 0x7f29342bc0a0>,12,15,[4 8],13,38,53,25,24
1,<environment.Job instance at 0x7f29331a8e60>,17,17,[ 1 10],18,53,70,35,41
1,<environment.Job instance at 0x7f2932d821e0>,20,22,[8 3],21,41,63,20,41
1,<environment.Job instance at 0x7f27f52655f0>,1,15,[5 2],2,2,17,0,2
1,<environment.Job instance at 0x7f27eba8e140>,5,18,[7 5],6,6,24,0,6
1,<environment.Job instance at 0x7f27eba8e370>,7,12,[7 2],8,17,29,9,8
1,<environment.Job instance at 0x7f27eba8e500>,9,17,[8 1],10,24,41,14,12
1,<environment.Job instance at 0x7f27eba8e2d0>,12,22,[4 6],13,29,51,16,22
1,<environment.Job instance at 0x7f27eba8eaf0>,18,18,[3 6],19,29,47,10,22
1,<environment.Job instance at 0x7f27eba8ec30>,20,18,[7 5],21,47,65,26,36
1,<environment.Job instance at 0x7f27eba8ee60>,23,18,[7 4],24,51,69,27,40
1,<environment.Job instance at 0x7f27eba8e780>,26,20,[4 8],27,65,85,38,56
1,<environment.Job instance at 0x7f27eba93960>,1,14,[ 2 10],2,2,16,0,2
1,<environment.Job instance at 0x7f27ebf5a870>,3,24,[9 2],4,7,31,3,7
1,<environment.Job instance at 0x7f27ebf5ad70>,7,13,[3 5],8,16,29,8,8
1,<environment.Job instance at 0x7f27ebf3b6e0>,12,18,[5 5],13,29,47,16,20
1,<environment.Job instance at 0x7f27ebf5ae10>,0,23,[5 7],1,31,54,30,25
1,<environment.Job instance at 0x7f27ebf3b190>,16,18,[ 2 10],17,54,72,37,43
1,<environment.Job instance at 0x7f27ebf5ac30>,13,27,[8 2],14,47,74,33,45
1,<environment.Job instance at 0x7f27ebf3bbe0>,18,13,[1 5],19,72,85,53,56
1,<environment.Job instance at 0x7f27ebf3beb0>,19,15,[4 7],20,72,87,52,58
1,<environment.Job instance at 0x7f27eb1f42d0>,3,16,[1 8],4,4,20,0,4
1,<environment.Job instance at 0x7f27eb1f4140>,6,14,[14  1],7,9,23,2,9
1,<environment.Job instance at 0x7f27eb1f46e0>,8,19,[1 9],9,20,39,11,12
1,<environment.Job instance at 0x7f27eb1f44b0>,10,21,[4 6],11,23,44,12,15
1,<environment.Job instance at 0x7f27eb1d5280>,15,16,[5 2],16,39,55,23,26
1,<environment.Job instance at 0x7f27eb1f4410>,16,14,[ 3 14],17,55,69,38,40
1,<environment.Job instance at 0x7f27eb7296e0>,1,13,[ 4 10],2,2,15,0,2
1,<environment.Job instance at 0x7f27eb1d5640>,2,14,[4 7],3,15,29,12,3
1,<environment.Job instance at 0x7f27eb729730>,5,19,[5 1],6,6,25,0,6
1,<environment.Job instance at 0x7f27eb72a5a0>,9,26,[3 6],10,16,42,6,16
1,<environment.Job instance at 0x7f27eb729c30>,6,24,[8 2],7,25,49,18,20
1,<environment.Job instance at 0x7f27eb72ab90>,11,12,[ 5 11],12,42,54,30,25
1,<environment.Job instance at 0x7f27eb72afa0>,12,15,[ 3 11],13,54,69,41,40
1,<environment.Job instance at 0x7f27eb066be0>,3,18,[8 5],4,4,22,0,4
1,<environment.Job instance at 0x7f27eb066e10>,5,15,[11  2],6,22,37,16,8
1,<environment.Job instance at 0x7f27eb066f00>,10,17,[2 6],11,11,28,0,11
1,<environment.Job instance at 0x7f27eb06a3c0>,12,17,[8 5],13,37,54,24,25
1,<environment.Job instance at 0x7f27eb06a6e0>,18,17,[1 7],19,26,43,7,26
1,<environment.Job instance at 0x7f27eb06a820>,20,12,[6 2],21,37,49,16,26
1,<environment.Job instance at 0x7f27eb06aaa0>,24,12,[1 8],25,43,55,18,26
1,<environment.Job instance at 0x7f27eb06abe0>,28,13,[3 5],29,54,67,25,38
1,<environment.Job instance at 0x7f27eb06d140>,32,14,[3 5],33,55,69,22,47
1,<environment.Job instance at 0x7f27eb06a190>,9,21,[6 4],10,55,76,45,47
1,<environment.Job instance at 0x7f27eb0a8f50>,1,15,[4 8],2,2,17,0,2
1,<environment.Job instance at 0x7f27eb0a8050>,3,22,[10  2],4,4,26,0,4
1,<environment.Job instance at 0x7f27eb0a82d0>,6,14,[5 3],7,17,31,10,7
1,<environment.Job instance at 0x7f27eb0a8a00>,10,26,[4 7],11,26,52,15,23
1,<environment.Job instance at 0x7f27eb0a8cd0>,7,14,[8 5],8,31,45,23,24
1,<environment.Job instance at 0x7f27eb06a190>,8,22,[9 3],9,45,67,36,38
1,<environment.Job instance at 0x7f27eb0b34b0>,19,18,[ 3 10],20,52,70,32,43
1,<environment.Job instance at 0x7f27eb0b3280>,20,14,[7 2],21,67,81,46,52
1,<environment.Job instance at 0x7f27ebe74910>,0,17,[5 4],1,1,18,0,1
1,<environment.Job instance at 0x7f27ebe745a0>,3,14,[4 9],4,4,18,0,4
1,<environment.Job instance at 0x7f27ebe74820>,4,12,[8 2],5,18,30,13,5
1,<environment.Job instance at 0x7f27ebe743c0>,7,13,[7 5],8,18,31,10,8
1,<environment.Job instance at 0x7f27ebe746e0>,8,13,[1 7],9,30,43,21,14
1,<environment.Job instance at 0x7f27eb8cd500>,12,15,[10  5],13,31,46,18,19
1,<environment.Job instance at 0x7f27eb8cd410>,10,12,[ 1 14],11,46,58,35,29
1,<environment.Job instance at 0x7f27ebe745f0>,9,20,[11  1],10,46,66,36,37
1,<environment.Job instance at 0x7f27eb8cdcd0>,16,16,[ 4 11],17,58,74,41,46
1,<environment.Job instance at 0x7f27ebd140f0>,3,16,[11  1],4,4,20,0,4
1,<environment.Job instance at 0x7f27eb749e60>,4,20,[2 8],5,5,25,0,5
1,<environment.Job instance at 0x7f27eb749820>,5,14,[11  5],6,20,34,14,6
1,<environment.Job instance at 0x7f27ebeb4280>,18,13,[7 1],19,34,47,15,19
1,<environment.Job instance at 0x7f27ebeb4050>,14,15,[6 4],15,34,49,19,20
1,<environment.Job instance at 0x7f27ebeb4e10>,19,16,[2 6],20,25,41,5,24
1,<environment.Job instance at 0x7f27eb7464b0>,24,22,[5 3],25,47,69,22,40
1,<environment.Job instance at 0x7f27eb508d70>,28,17,[9 1],29,49,66,20,40
1,<environment.Job instance at 0x7f27eb0610a0>,31,16,[1 8],32,41,57,9,40
1,<environment.Job instance at 0x7f27eb061230>,34,12,[3 5],35,66,78,31,49
1,<environment.Job instance at 0x7f27eb504be0>,35,14,[5 8],36,69,83,33,54
1,<environment.Job instance at 0x7f27eb2f4230>,0,14,[8 1],1,1,15,0,1
1,<environment.Job instance at 0x7f27eb4af5a0>,2,23,[9 3],3,15,38,12,9
1,<environment.Job instance at 0x7f27eb2f4a50>,7,12,[1 6],8,11,23,3,11
1,<environment.Job instance at 0x7f27eb2f40a0>,8,14,[ 1 13],9,38,52,29,23
1,<environment.Job instance at 0x7f27eb2f4050>,13,27,[11  1],14,38,65,24,36
1,<environment.Job instance at 0x7f27eb2f4460>,12,14,[ 4 10],13,52,66,39,38
1,<environment.Job instance at 0x7f27ebf84690>,15,14,[8 2],16,65,79,49,50
1,<environment.Job instance at 0x7f27ebf84050>,14,17,[2 5],15,66,83,51,54
1,<environment.Job instance at 0x7f27ebe407d0>,0,15,[ 5 14],1,1,16,0,1
1,<environment.Job instance at 0x7f27eb0f9640>,9,15,[2 6],10,16,31,6,10
1,<environment.Job instance at 0x7f27eb0f9410>,5,15,[7 2],6,18,33,12,18
1,<environment.Job instance at 0x7f27eb0f9a50>,15,17,[ 5 10],16,31,48,15,19
1,<environment.Job instance at 0x7f27eb0f9cd0>,19,13,[6 2],20,33,46,13,20
1,<environment.Job instance at 0x7f27eb0f9e60>,20,20,[6 5],21,46,66,25,37
1,<environment.Job instance at 0x7f27eb0f72d0>,27,14,[7 5],28,48,62,20,37
1,<environment.Job instance at 0x7f27eb0f75f0>,32,14,[9 5],33,62,76,29,47
1,<environment.Job instance at 0x7f27eb0f7b40>,40,12,[8 2],41,76,88,35,59
1,<environment.Job instance at 0x7f27eb0f7f00>,44,16,[5 5],45,66,82,21,59
1,<environment.Job instance at 0x7f27ebf958c0>,1,17,[2 7],2,2,19,0,2
1,<environment.Job instance at 0x7f27eb0e20a0>,2,14,[4 9],3,19,33,16,4
1,<environment.Job instance at 0x7f27ebc14eb0>,4,24,[9 2],5,5,29,0,5
1,<environment.Job instance at 0x7f27ebc147d0>,16,12,[ 3 12],17,33,45,16,17
1,<environment.Job instance at 0x7f27ec1d3eb0>,17,17,[4 5],18,45,62,27,33
1,<environment.Job instance at 0x7f27ec1d3af0>,18,13,[8 5],19,45,58,26,33
1,<environment.Job instance at 0x7f27ec1d3c80>,19,13,[3 9],20,58,71,38,42
1,<environment.Job instance at 0x7f27ec1d35a0>,20,14,[ 2 11],21,71,85,50,56
1,<environment.Job instance at 0x7f27eb5bf1e0>,0,13,[5 8],1,1,14,0,1
1,<environment.Job instance at 0x7f27eb5bfc80>,4,23,[8 4],5,5,28,0,5
1,<environment.Job instance at 0x7f27eb5bf870>,7,13,[7 5],8,14,27,6,8
1,<environment.Job instance at 0x7f27eb5bff00>,8,13,[1 8],9,27,40,18,11
1,<environment.Job instance at 0x7f27ebc83a00>,17,13,[10  4],18,28,41,10,18
1,<environment.Job instance at 0x7f27ebc83e10>,18,23,[4 5],19,40,63,21,34
1,<environment.Job instance at 0x7f27ebc83c80>,21,13,[ 4 10],22,41,54,19,34
1,<environment.Job instance at 0x7f27ebc83a50>,22,17,[3 9],23,54,71,31,42
1,<environment.Job instance at 0x7f27ebc83be0>,27,12,[5 1],28,54,66,26,42
1,<environment.Job instance at 0x7f27eb948e10>,1,18,[5 7],2,2,20,0,2
1,<environment.Job instance at 0x7f27eb948550>,2,15,[6 2],3,3,18,0,3
1,<environment.Job instance at 0x7f27eb948140>,7,15,[14  2],8,20,35,12,10
1,<environment.Job instance at 0x7f27eb9489b0>,9,22,[1 7],10,19,41,9,19
1,<environment.Job instance at 0x7f27eba968c0>,20,14,[1 7],21,35,49,14,21
1,<environment.Job instance at 0x7f27eba965a0>,22,14,[6 2],23,41,55,18,26
1,<environment.Job instance at 0x7f27eba96aa0>,25,14,[1 6],26,41,55,15,26
1,<environment.Job instance at 0x7f27eba96a00>,26,15,[5 7],27,49,64,22,35
1,<environment.Job instance at 0x7f27eb6d6780>,30,18,[5 2],31,55,73,24,44
1,<environment.Job instance at 0x7f27eb948780>,10,19,[5 6],11,55,74,44,45
1,<environment.Job instance at 0x7f27eb6d6280>,32,14,[8 3],33,73,87,40,58
1,<environment.Job instance at 0x7f27eb948870>,11,14,[ 2 11],12,74,88,62,59
1,<environment.Job instance at 0x7f27eba40dc0>,0,28,[ 4 11],1,1,29,0,1
1,<environment.Job instance at 0x7f27eb948870>,2,24,[5 2],3,3,27,0,3
1,<environment.Job instance at 0x7f27eb010320>,7,18,[9 1],8,27,45,19,18
1,<environment.Job instance at 0x7f27ebbabaf0>,16,17,[ 3 14],17,29,46,12,18
1,<environment.Job instance at 0x7f27ebbab230>,17,14,[8 2],18,46,60,28,31
1,<environment.Job instance at 0x7f27eb77a6e0>,28,14,[ 2 10],29,46,60,17,32
1,<environment.Job instance at 0x7f27eb20d6e0>,26,16,[9 4],27,60,76,33,48
1,<environment.Job instance at 0x7f27eb4d30f0>,31,18,[5 5],32,60,78,28,49
1,<environment.Job instance at 0x7f27eb6ff320>,0,18,[ 4 13],1,1,19,0,1
1,<environment.Job instance at 0x7f27eb6ff190>,2,14,[9 1],3,3,17,0,3
1,<environment.Job instance at 0x7f27eb6ff6e0>,3,12,[7 1],4,17,29,13,4
1,<environment.Job instance at 0x7f27eb6ff870>,7,15,[6 2],8,19,34,11,8
1,<environment.Job instance at 0x7f27eae59280>,10,12,[11  2],11,34,46,23,17
1,<environment.Job instance at 0x7f27eae59e60>,11,17,[3 5],12,29,46,17,19
1,<environment.Job instance at 0x7f27eb6ff8c0>,8,17,[7 4],9,46,63,37,34
1,<environment.Job instance at 0x7f27eae591e0>,13,14,[6 1],14,46,60,32,34
1,<environment.Job instance at 0x7f27eae59c30>,17,13,[9 5],18,63,76,45,47
1,<environment.Job instance at 0x7f27eae59f00>,18,16,[3 6],19,60,76,41,47
1,<environment.Job instance at 0x7f27eae59eb0>,20,14,[2 5],21,47,61,26,47
1,<environment.Job instance at 0x7f27eaceff50>,0,25,[ 4 14],1,1,26,0,1
1,<environment.Job instance at 0x7f27eacef460>,6,21,[8 1],7,7,28,0,7
1,<environment.Job instance at 0x7f27eacefe10>,10,18,[10  5],11,28,46,17,18
1,<environment.Job instance at 0x7f27eb991dc0>,13,19,[ 4 10],14,28,47,14,28
1,<environment.Job instance at 0x7f27eb991550>,14,18,[10  1],15,46,64,31,36
1,<environment.Job instance at 0x7f27eb991cd0>,16,15,[9 4],17,64,79,47,50
1,<environment.Job instance at 0x7f27eb991320>,12,23,[4 7],13,50,73,37,50
1,<environment.Job instance at 0x7f27eb5f51e0>,1,14,[ 4 10],2,2,16,0,2
1,<environment.Job instance at 0x7f27eacdb4b0>,2,15,[4 8],3,16,31,13,3
1,<environment.Job instance at 0x7f27eb5f5550>,0,24,[5 7],1,16,40,15,11
1,<environment.Job instance at 0x7f27eb90e320>,5,15,[13  4],6,40,55,34,26
1,<environment.Job instance at 0x7f27ebb01820>,12,21,[ 1 11],13,40,61,27,32
1,<environment.Job instance at 0x7f27eb90ec30>,13,21,[9 1],14,55,76,41,47
1,<environment.Job instance at 0x7f27eb3a0c30>,0,15,[7 4],1,1,16,0,1
1,<environment.Job instance at 0x7f27eb800e60>,1,24,[5 1],2,2,26,0,2
1,<environment.Job instance at 0x7f27ebec67d0>,2,13,[ 5 12],3,16,29,13,3
1,<environment.Job instance at 0x7f27eb827870>,9,21,[ 2 12],10,29,50,19,21
1,<environment.Job instance at 0x7f27eb827a00>,10,18,[5 9],11,50,68,39,39
1,<environment.Job instance at 0x7f27eb827500>,6,15,[5 5],7,50,65,43,39
1,<environment.Job instance at 0x7f27eb827d20>,15,20,[7 5],16,65,85,49,56
1,<environment.Job instance at 0x7f27eb80e280>,21,17,[1 9],22,68,85,46,56
1,<environment.Job instance at 0x7f27eaf0b230>,1,15,[2 7],2,2,17,0,2
1,<environment.Job instance at 0x7f27ebb0ff00>,3,13,[1 7],4,4,17,0,4
1,<environment.Job instance at 0x7f27ebb0fc30>,4,13,[3 5],5,17,30,12,5
1,<environment.Job instance at 0x7f27ebb0f8c0>,5,16,[3 9],6,17,33,11,6
1,<environment.Job instance at 0x7f27ebb0f780>,9,12,[7 4],10,30,42,20,13
1,<environment.Job instance at 0x7f27ebb0f550>,19,12,[8 1],20,33,45,13,20
1,<environment.Job instance at 0x7f27ebb0fd20>,18,17,[8 4],19,45,62,26,33
1,<environment.Job instance at 0x7f27ebb0f410>,21,22,[5 5],22,42,64,20,35
1,<environment.Job instance at 0x7f27eb45d820>,23,14,[4 9],24,62,76,38,47
1,<environment.Job instance at 0x7f27ebb0f0f0>,11,14,[8 1],12,64,78,52,54
1,<environment.Job instance at 0x7f27eb80edc0>,1,28,[3 6],2,2,30,0,2
1,<environment.Job instance at 0x7f27eb701910>,6,12,[8 4],7,7,19,0,7
1,<environment.Job instance at 0x7f27eb701550>,7,16,[1 8],8,19,35,11,9
1,<environment.Job instance at 0x7f27eb701be0>,10,13,[9 3],11,30,43,19,14
1,<environment.Job instance at 0x7f27eb4d3280>,15,17,[5 3],16,30,47,14,18
1,<environment.Job instance at 0x7f27eb4d3dc0>,16,12,[2 7],17,43,55,26,26
1,<environment.Job instance at 0x7f27eb4d3c80>,20,13,[4 6],21,47,60,26,31
1,<environment.Job instance at 0x7f27eb4d3550>,22,12,[1 7],23,55,67,32,38
1,<environment.Job instance at 0x7f27eb4d32d0>,23,15,[2 6],24,60,75,36,46
1,<environment.Job instance at 0x7f27eb4d34b0>,25,18,[1 7],26,67,85,41,56
1,<environment.Job instance at 0x7fed8e98d320>,1,15,[5 2],2,2,17,0,2
1,<environment.Job instance at 0x7fed85215640>,5,18,[7 5],6,6,24,0,6
1,<environment.Job instance at 0x7fed85215820>,7,12,[7 2],8,17,29,9,8
1,<environment.Job instance at 0x7fed852159b0>,9,17,[8 1],10,24,41,14,12
1,<environment.Job instance at 0x7fed85215c80>,12,22,[4 6],13,29,51,16,22
1,<environment.Job instance at 0x7fed85215b40>,18,18,[3 6],19,29,47,10,22
1,<environment.Job instance at 0x7fed85216190>,20,18,[7 5],21,47,65,26,36
1,<environment.Job instance at 0x7fed852163c0>,23,18,[7 4],24,51,69,27,40
1,<environment.Job instance at 0x7fed852165f0>,26,20,[4 8],27,65,85,38,56
1,<environment.Job instance at 0x7fed858eb6e0>,0,22,[5 6],1,1,23,0,1
1,<environment.Job instance at 0x7fed852166e0>,1,13,[7 2],2,2,15,0,2
1,<environment.Job instance at 0x7fed858ebaa0>,2,18,[5 5],3,15,33,12,4
1,<environment.Job instance at 0x7fed858ebd20>,8,13,[1 5],9,23,36,14,9
1,<environment.Job instance at 0x7fed858eb910>,6,18,[ 2 10],7,33,51,26,22
1,<environment.Job instance at 0x7fed858eba50>,10,19,[8 4],11,36,55,25,27
1,<environment.Job instance at 0x7fed8593e820>,11,17,[2 7],12,51,68,39,39
1,<environment.Job instance at 0x7fed8593e730>,17,17,[7 4],18,55,72,37,43
1,<environment.Job instance at 0x7fed8593e5f0>,20,22,[5 5],21,68,90,47,61
1,<environment.Job instance at 0x7fed8593efa0>,9,15,[4 7],10,72,87,62,61
1,<environment.Job instance at 0x7fed858b8dc0>,29,14,[6 1],30,72,86,42,61
1,<environment.Job instance at 0x7fed84df9e60>,0,21,[ 3 12],1,1,22,0,1
1,<environment.Job instance at 0x7fed84df95f0>,6,16,[14  1],7,22,38,15,9
1,<environment.Job instance at 0x7fed84df91e0>,11,15,[6 2],12,38,53,26,24
1,<environment.Job instance at 0x7fed84df9780>,10,15,[6 2],11,38,53,27,24
1,<environment.Job instance at 0x7fed84927f00>,15,13,[2 6],16,38,51,22,24
1,<environment.Job instance at 0x7fed849278c0>,17,16,[6 2],18,53,69,35,40
1,<environment.Job instance at 0x7fed84927dc0>,20,15,[8 3],21,53,68,32,40
1,<environment.Job instance at 0x7fed84927050>,27,13,[4 5],28,68,81,40,52
1,<environment.Job instance at 0x7fed849273c0>,31,18,[ 4 10],32,69,87,37,60
1,<environment.Job instance at 0x7fed848f65f0>,0,13,[11  1],1,1,14,0,1
1,<environment.Job instance at 0x7fed852e8f50>,4,17,[2 9],5,5,22,0,5
1,<environment.Job instance at 0x7fed852e8320>,6,17,[10  4],7,14,31,7,7
1,<environment.Job instance at 0x7fed854c65f0>,11,14,[2 9],12,22,36,10,12
1,<environment.Job instance at 0x7fed854c66e0>,10,12,[5 9],11,36,48,25,19
1,<environment.Job instance at 0x7fed854c6140>,9,17,[2 8],10,48,65,38,36
1,<environment.Job instance at 0x7fed854c6e60>,17,15,[5 6],18,36,51,18,36
1,<environment.Job instance at 0x7fed854c6fa0>,12,20,[5 7],13,51,71,38,42
1,<environment.Job instance at 0x7fed852e88c0>,7,12,[11  1],8,71,83,63,54
1,<environment.Job instance at 0x7fed85692690>,9,16,[7 2],10,10,26,0,10
1,<environment.Job instance at 0x7fed85692e10>,12,12,[2 7],13,13,25,0,13
1,<environment.Job instance at 0x7fed856a4870>,16,18,[7 1],17,25,43,8,17
1,<environment.Job instance at 0x7fed856a4460>,21,15,[4 8],22,26,41,4,22
1,<environment.Job instance at 0x7fed85c00cd0>,26,14,[5 3],27,41,55,14,27
1,<environment.Job instance at 0x7fed85c00aa0>,27,14,[8 5],28,43,57,15,28
1,<environment.Job instance at 0x7fed85c00e60>,29,16,[ 4 13],30,57,73,27,44
1,<environment.Job instance at 0x7fed85dcec80>,44,16,[8 3],45,73,89,28,60
1,<environment.Job instance at 0x7fed8e5f8f00>,0,17,[2 8],1,3,20,2,3
1,<environment.Job instance at 0x7fed8502b140>,3,13,[11  3],4,4,17,0,4
1,<environment.Job instance at 0x7fed8502beb0>,6,15,[5 7],7,17,32,10,7
1,<environment.Job instance at 0x7fed8502bc80>,10,17,[5 4],11,20,37,9,16
1,<environment.Job instance at 0x7fed8502ba50>,9,13,[12  5],10,37,50,27,31
1,<environment.Job instance at 0x7fed84bd3dc0>,14,12,[8 2],15,50,62,35,46
1,<environment.Job instance at 0x7fed84bd34b0>,15,24,[ 4 10],16,50,74,34,46
1,<environment.Job instance at 0x7fed8502be10>,13,14,[4 9],14,74,88,60,64
1,<environment.Job instance at 0x7fed84bd3e10>,17,13,[7 5],18,68,81,50,68
1,<environment.Job instance at 0x7fed847e8c30>,3,16,[11  1],4,4,20,0,4
1,<environment.Job instance at 0x7fed847e8cd0>,4,20,[2 8],5,5,25,0,5
1,<environment.Job instance at 0x7fed847e8e60>,5,14,[11  5],6,20,34,14,6
1,<environment.Job instance at 0x7fed847ec7d0>,18,13,[7 1],19,34,47,15,20
1,<environment.Job instance at 0x7fed847ecaf0>,24,22,[5 3],25,34,56,9,27
1,<environment.Job instance at 0x7fed847ece10>,28,17,[9 1],29,47,64,18,35
1,<environment.Job instance at 0x7fed847ecc80>,31,16,[1 8],32,35,51,3,35
1,<environment.Job instance at 0x7fed847ee230>,34,12,[3 5],35,56,68,21,39
1,<environment.Job instance at 0x7fed847ee370>,35,14,[5 8],36,64,78,28,49
1,<environment.Job instance at 0x7fed847ee6e0>,39,19,[6 4],40,68,87,28,58
1,<environment.Job instance at 0x7fed84774280>,0,27,[ 4 10],1,1,28,0,1
1,<environment.Job instance at 0x7fed85505410>,5,14,[8 2],6,7,21,1,7
1,<environment.Job instance at 0x7fed855054b0>,6,28,[4 9],7,28,56,21,27
1,<environment.Job instance at 0x7fed8502caa0>,12,19,[ 2 14],13,56,75,43,46
1,<environment.Job instance at 0x7fed8502ca50>,13,17,[6 1],14,47,64,33,47
1,<environment.Job instance at 0x7fed847ee6e0>,2,14,[ 4 10],3,75,89,72,60
1,<environment.Job instance at 0x7fed85b7a6e0>,0,20,[6 5],1,6,26,5,6
1,<environment.Job instance at 0x7fed845950f0>,7,14,[7 5],8,8,22,0,8
1,<environment.Job instance at 0x7fed84595b90>,8,12,[6 1],9,22,34,13,9
1,<environment.Job instance at 0x7fed84595960>,12,14,[9 5],13,26,40,13,13
1,<environment.Job instance at 0x7fed8449acd0>,20,12,[8 2],21,40,52,19,23
1,<environment.Job instance at 0x7fed845935a0>,24,16,[5 5],25,34,50,9,25
1,<environment.Job instance at 0x7fed84593b40>,27,19,[5 7],28,50,69,22,40
1,<environment.Job instance at 0x7fed84593870>,28,18,[1 5],29,40,58,11,40
1,<environment.Job instance at 0x7fed84593140>,30,22,[7 1],31,52,74,21,45
1,<environment.Job instance at 0x7fed84593230>,31,17,[7 4],32,69,86,37,57
1,<environment.Job instance at 0x7fed84593aa0>,33,12,[4 8],34,74,86,40,57
1,<environment.Job instance at 0x7fed84590690>,39,12,[5 5],40,86,98,46,69
1,<environment.Job instance at 0x7fed84f29910>,0,28,[3 6],1,1,29,0,1
1,<environment.Job instance at 0x7fed84915190>,1,13,[6 1],2,2,15,0,2
1,<environment.Job instance at 0x7fed84590af0>,2,13,[1 8],3,3,16,0,3
1,<environment.Job instance at 0x7fed85284780>,8,14,[6 5],9,16,30,7,11
1,<environment.Job instance at 0x7fed8535d9b0>,6,15,[6 1],7,15,30,8,11
1,<environment.Job instance at 0x7fed844bf140>,10,12,[1 5],11,29,41,18,12
1,<environment.Job instance at 0x7fed8535d730>,5,13,[ 5 10],6,30,43,24,19
1,<environment.Job instance at 0x7fed85ba6b90>,20,21,[5 4],21,41,62,20,33
1,<environment.Job instance at 0x7fed8e3ae3c0>,22,20,[4 5],23,43,63,20,34
1,<environment.Job instance at 0x7fed848f4140>,29,14,[6 5],30,43,57,13,34
1,<environment.Job instance at 0x7fed848f46e0>,30,13,[5 8],31,62,75,31,46
1,<environment.Job instance at 0x7fed85bdc9b0>,37,13,[7 5],38,63,76,25,47
1,<environment.Job instance at 0x7fed84f38230>,50,15,[10  4],51,76,91,25,62
1,<environment.Job instance at 0x7fed84f5be10>,52,17,[3 9],53,75,92,22,63
1,<environment.Job instance at 0x7fed848b9690>,3,18,[6 5],4,4,22,0,4
1,<environment.Job instance at 0x7fed8516c050>,7,15,[11  5],8,22,37,14,8
1,<environment.Job instance at 0x7fed8516c0a0>,8,12,[1 7],9,9,21,0,9
1,<environment.Job instance at 0x7fed84f6e9b0>,12,18,[5 8],13,37,55,24,27
1,<environment.Job instance at 0x7fed848b2460>,17,18,[6 5],18,37,55,19,35
1,<environment.Job instance at 0x7fed848b21e0>,18,17,[9 4],19,55,72,36,43
1,<environment.Job instance at 0x7fed848b2140>,21,18,[5 7],22,66,84,44,66
1,<environment.Job instance at 0x7fed848b2370>,22,15,[6 2],23,72,87,49,68
1,<environment.Job instance at 0x7fed84665960>,0,13,[3 5],1,1,14,0,1
1,<environment.Job instance at 0x7fed84665c80>,17,18,[9 1],18,18,36,0,18
1,<environment.Job instance at 0x7fed84988280>,22,19,[5 3],23,23,42,0,23
1,<environment.Job instance at 0x7fed849888c0>,26,17,[ 3 14],27,42,59,15,30
1,<environment.Job instance at 0x7fed84988690>,27,14,[8 2],28,59,73,31,44
1,<environment.Job instance at 0x7fed84988a50>,28,13,[5 3],29,59,72,30,44
1,<environment.Job instance at 0x7fed849883c0>,29,17,[ 2 13],30,72,89,42,61
1,<environment.Job instance at 0x7fed84a2a320>,0,18,[ 4 13],1,1,19,0,1
1,<environment.Job instance at 0x7fed849883c0>,2,14,[9 1],3,3,17,0,3
1,<environment.Job instance at 0x7fed84a2a7d0>,3,12,[7 1],4,17,29,13,4
1,<environment.Job instance at 0x7fed84a2a8c0>,7,15,[6 2],8,19,34,11,8
1,<environment.Job instance at 0x7fed84a2a960>,8,17,[7 4],9,29,46,20,17
1,<environment.Job instance at 0x7fed84a2aaa0>,11,17,[3 5],12,34,51,22,22
1,<environment.Job instance at 0x7fed84a2a6e0>,13,14,[6 1],14,46,60,32,31
1,<environment.Job instance at 0x7fed84a2a370>,16,27,[3 5],17,34,61,17,32
1,<environment.Job instance at 0x7fed84b8b550>,17,13,[9 5],18,60,73,42,44
1,<environment.Job instance at 0x7fed84b8ba00>,18,16,[3 6],19,61,77,42,48
1,<environment.Job instance at 0x7fed84b8bf00>,20,14,[2 5],21,73,87,52,58
1,<environment.Job instance at 0x7fed84b8b1e0>,24,17,[10  4],25,73,90,48,61
1,<environment.Job instance at 0x7fed856654b0>,3,19,[ 4 10],4,4,23,0,4
1,<environment.Job instance at 0x7fed85665d70>,4,18,[10  1],5,5,23,0,5
1,<environment.Job instance at 0x7fed85665230>,7,21,[4 6],8,23,44,15,15
1,<environment.Job instance at 0x7fed8564f190>,16,20,[5 7],17,23,43,6,17
1,<environment.Job instance at 0x7fed85c63aa0>,8,14,[5 7],9,43,57,34,28
1,<environment.Job instance at 0x7fed84ff2140>,17,16,[4 8],18,44,60,26,31
1,<environment.Job instance at 0x7fed84ff2500>,19,15,[2 8],20,60,75,40,46
1,<environment.Job instance at 0x7fed84ff2230>,21,12,[6 1],22,57,69,35,47
1,<environment.Job instance at 0x7fed84ff2730>,24,16,[10  5],25,69,85,44,56
1,<environment.Job instance at 0x7fed84ff2870>,26,16,[1 7],27,75,91,48,62
1,<environment.Job instance at 0x7fed8599eb40>,1,17,[11  4],2,2,19,0,2
1,<environment.Job instance at 0x7fed84ff2870>,4,15,[2 5],5,5,20,0,5
1,<environment.Job instance at 0x7fed85ba6500>,3,15,[14  1],4,20,35,16,7
1,<environment.Job instance at 0x7fed85ba6640>,5,18,[9 5],6,35,53,29,24
1,<environment.Job instance at 0x7fed84a75a50>,10,17,[2 6],11,35,52,24,25
1,<environment.Job instance at 0x7fed85c87370>,22,18,[10  2],23,53,71,30,43
1,<environment.Job instance at 0x7fed859c91e0>,27,17,[2 6],28,52,69,24,43
1,<environment.Job instance at 0x7fed8554cfa0>,32,15,[4 5],33,69,84,36,55
1,<environment.Job instance at 0x7fed8554c230>,34,17,[3 5],35,71,88,36,59
1,<environment.Job instance at 0x7fed856a4b90>,40,15,[7 4],41,71,86,30,59
1,<environment.Job instance at 0x7fed84f656e0>,0,13,[12  4],1,1,14,0,1
1,<environment.Job instance at 0x7fed8516a5f0>,1,17,[ 5 13],2,14,31,12,2
1,<environment.Job instance at 0x7fed84e101e0>,4,12,[6 3],5,31,43,26,14
1,<environment.Job instance at 0x7fed84e10fa0>,8,13,[2 6],9,31,44,22,15
1,<environment.Job instance at 0x7fed8541deb0>,17,13,[3 9],18,43,56,25,27
1,<environment.Job instance at 0x7fed8541da00>,19,21,[8 3],20,44,65,24,36
1,<environment.Job instance at 0x7fed84e10be0>,7,12,[4 6],8,56,68,48,40
1,<environment.Job instance at 0x7fed859c9410>,24,20,[2 7],25,65,85,40,57
1,<environment.Job instance at 0x7fed857a0280>,30,18,[7 5],31,68,86,37,57
1,<environment.Job instance at 0x7fed8471a0f0>,0,14,[14  4],1,3,17,2,3
1,<environment.Job instance at 0x7fed857a0280>,3,14,[4 5],4,17,31,13,4
1,<environment.Job instance at 0x7fed84b10d70>,6,13,[4 5],7,17,30,10,7
1,<environment.Job instance at 0x7fed84b10b90>,7,23,[2 6],8,30,53,22,24
1,<environment.Job instance at 0x7fed84b10820>,10,22,[6 5],11,31,53,20,24
1,<environment.Job instance at 0x7fed84ec12d0>,5,14,[1 7],6,53,67,47,45
1,<environment.Job instance at 0x7fed84afea50>,15,22,[5 6],16,53,75,37,46
1,<environment.Job instance at 0x7fed84afe870>,17,16,[7 4],18,67,83,49,54
1,<environment.Job instance at 0x7fed84afef50>,18,12,[8 4],19,75,87,56,58
1,<environment.Job instance at 0x7fed85c385a0>,1,13,[9 2],2,2,15,0,2
1,<environment.Job instance at 0x7fed84afe690>,2,12,[4 7],3,3,15,0,3
1,<environment.Job instance at 0x7fed85c2b460>,6,14,[4 8],7,15,29,8,7
1,<environment.Job instance at 0x7fed85c2b8c0>,8,12,[1 6],9,9,21,0,9
1,<environment.Job instance at 0x7fed85c2b6e0>,10,14,[8 4],11,21,35,10,11
1,<environment.Job instance at 0x7fed84afcc30>,18,14,[5 7],19,29,43,10,19
1,<environment.Job instance at 0x7fed85c2bdc0>,17,20,[4 5],18,35,55,17,26
1,<environment.Job instance at 0x7fed850f1370>,26,14,[11  3],27,43,57,16,28
1,<environment.Job instance at 0x7fed850f1b40>,27,22,[5 7],28,57,79,29,50
1,<environment.Job instance at 0x7fed850d9910>,36,18,[1 6],37,55,73,18,50
1,<environment.Job instance at 0x7fed8506c500>,0,28,[ 5 11],1,1,29,0,1
1,<environment.Job instance at 0x7fed85b97780>,5,12,[ 5 10],6,29,41,23,12
1,<environment.Job instance at 0x7fed85b97190>,6,24,[7 1],7,12,36,5,12
1,<environment.Job instance at 0x7fed8506c640>,3,18,[3 8],4,41,59,37,30
1,<environment.Job instance at 0x7fed84bdaf00>,18,17,[8 4],19,36,53,17,30
1,<environment.Job instance at 0x7fed84bdafa0>,19,16,[7 2],20,53,69,33,40
1,<environment.Job instance at 0x7fed84bda7d0>,22,14,[8 5],23,59,73,36,44
1,<environment.Job instance at 0x7fed84bdaa00>,24,19,[6 4],25,69,88,44,59
1,<environment.Job instance at 0x7fed84bda370>,25,16,[1 6],26,69,85,43,59
1,<environment.Job instance at 0x7fed85487410>,0,13,[12  1],1,1,14,0,1
1,<environment.Job instance at 0x7fed85487370>,2,20,[5 3],3,14,34,11,5
1,<environment.Job instance at 0x7fed85873fa0>,11,16,[4 6],12,14,30,2,12
1,<environment.Job instance at 0x7fed845b95a0>,12,15,[5 1],13,14,29,1,13
1,<environment.Job instance at 0x7fed8e40a1e0>,22,15,[3 7],23,30,45,7,23
1,<environment.Job instance at 0x7fed84563c30>,25,19,[2 5],26,29,48,3,26
1,<environment.Job instance at 0x7fed8e3c7280>,27,16,[8 4],28,45,61,17,32
1,<environment.Job instance at 0x7fed84dabe60>,44,14,[3 7],45,48,62,3,45
1,<environment.Job instance at 0x7fed84a8aa50>,52,18,[3 5],53,61,79,8,53
1,<environment.Job instance at 0x7fed84a8a7d0>,54,18,[5 6],55,62,80,7,55
1,<environment.Job instance at 0x7fed85873d20>,8,13,[14  2],9,80,93,71,64
1,<environment.Job instance at 0x7f555415c320>,1,15,[5 2],2,2,17,0,2
1,<environment.Job instance at 0x7f554a9e4640>,5,18,[7 5],6,6,24,0,6
1,<environment.Job instance at 0x7f554a9e4820>,7,12,[7 2],8,17,29,9,8
1,<environment.Job instance at 0x7f554a9e4aa0>,11,14,[10  4],12,29,43,17,14
1,<environment.Job instance at 0x7f554a9e4be0>,12,22,[4 6],13,24,46,11,19
1,<environment.Job instance at 0x7f554a9e8050>,19,21,[14  4],20,46,67,26,38
1,<environment.Job instance at 0x7f554a9e4f50>,18,18,[3 6],19,67,85,48,56
1,<environment.Job instance at 0x7f554a9e8370>,23,18,[7 4],24,67,85,43,56
1,<environment.Job instance at 0x7f554a9e4b40>,20,18,[7 5],21,85,103,64,74
1,<environment.Job instance at 0x7f554a9edb40>,1,17,[2 7],2,2,19,0,2
1,<environment.Job instance at 0x7f554b0758c0>,7,17,[7 4],8,8,25,0,8
1,<environment.Job instance at 0x7f554b075eb0>,10,22,[5 5],11,19,41,8,12
1,<environment.Job instance at 0x7f554b0bd320>,18,20,[10  4],19,25,45,6,19
1,<environment.Job instance at 0x7f554b0bdc80>,19,14,[6 1],20,45,59,25,30
1,<environment.Job instance at 0x7f554b0bd0f0>,22,12,[10  1],23,59,71,36,42
1,<environment.Job instance at 0x7f554b0bde60>,27,17,[5 6],28,42,59,14,42
1,<environment.Job instance at 0x7f554b0bd0a0>,28,17,[11  4],29,71,88,42,59
1,<environment.Job instance at 0x7f554b0bd190>,30,15,[2 6],31,59,74,28,59
1,<environment.Job instance at 0x7f554b0bb4b0>,34,20,[5 7],35,88,108,53,79
1,<environment.Job instance at 0x7f554b0bb0f0>,37,21,[1 6],38,79,100,41,79
1,<environment.Job instance at 0x7f554b0bb870>,39,14,[9 1],40,88,102,48,79
1,<environment.Job instance at 0x7f554a086e10>,7,13,[4 5],8,8,21,0,8
1,<environment.Job instance at 0x7f554a086b40>,8,22,[ 2 10],9,9,31,0,9
1,<environment.Job instance at 0x7f554a0c6a00>,10,18,[11  1],11,21,39,10,11
1,<environment.Job instance at 0x7f554a0c6d70>,14,21,[9 1],15,39,60,24,32
1,<environment.Job instance at 0x7f554b0bb870>,12,22,[6 4],13,39,61,26,32
1,<environment.Job instance at 0x7f554a0c6190>,15,14,[11  3],16,61,75,45,48
1,<environment.Job instance at 0x7f554a0c6d20>,11,18,[ 4 10],12,60,78,48,50
1,<environment.Job instance at 0x7f554a0c6dc0>,21,13,[ 4 10],22,78,91,56,62
1,<environment.Job instance at 0x7f554a0c6e60>,22,14,[4 7],23,91,105,68,76
1,<environment.Job instance at 0x7f554a540b90>,3,18,[8 5],4,4,22,0,4
1,<environment.Job instance at 0x7f554a5401e0>,5,15,[11  2],6,22,37,16,8
1,<environment.Job instance at 0x7f554a540a50>,10,17,[2 6],11,11,28,0,11
1,<environment.Job instance at 0x7f554a4c1a00>,12,17,[8 5],13,37,54,24,25
1,<environment.Job instance at 0x7f554a48dc30>,18,17,[1 7],19,26,43,7,26
1,<environment.Job instance at 0x7f554a48df00>,20,12,[6 2],21,37,49,16,26
1,<environment.Job instance at 0x7f554aab1e60>,24,12,[1 8],25,43,55,18,27
1,<environment.Job instance at 0x7f554a540aa0>,9,21,[6 4],10,54,75,44,46
1,<environment.Job instance at 0x7f554aab1870>,28,13,[3 5],29,55,68,26,47
1,<environment.Job instance at 0x7f554a540b40>,13,24,[ 5 11],14,68,92,54,63
1,<environment.Job instance at 0x7f554aab1960>,32,14,[3 5],33,92,106,59,77
1,<environment.Job instance at 0x7f554aab1eb0>,33,21,[5 1],34,77,98,43,77
1,<environment.Job instance at 0x7f554b44e8c0>,0,14,[7 2],1,1,15,0,1
1,<environment.Job instance at 0x7f554b3c3c30>,4,16,[8 3],5,5,21,0,5
1,<environment.Job instance at 0x7f554b46e690>,12,13,[ 4 10],13,15,28,2,13
1,<environment.Job instance at 0x7f554b46e280>,13,16,[2 8],14,28,44,14,15
1,<environment.Job instance at 0x7f554a9e4410>,15,13,[2 5],16,21,34,5,16
1,<environment.Job instance at 0x7f554b37ac80>,19,19,[1 8],20,44,63,24,34
1,<environment.Job instance at 0x7f554a9e4780>,20,12,[4 7],21,34,46,13,34
1,<environment.Job instance at 0x7f554b37a0f0>,24,20,[7 3],25,46,66,21,40
1,<environment.Job instance at 0x7f554b37a640>,27,17,[6 3],28,46,63,18,40
1,<environment.Job instance at 0x7f554b37af50>,30,17,[2 8],31,63,80,32,51
1,<environment.Job instance at 0x7f5553b099b0>,36,15,[5 7],37,66,81,29,53
1,<environment.Job instance at 0x7f5553b09e10>,40,17,[5 4],41,80,97,39,68
1,<environment.Job instance at 0x7f5553b09a50>,43,14,[4 9],44,81,95,37,68
1,<environment.Job instance at 0x7f5553b09d70>,44,12,[8 2],45,95,107,50,78
1,<environment.Job instance at 0x7f554b61a5f0>,0,17,[2 6],1,1,18,0,1
1,<environment.Job instance at 0x7f554b61a8c0>,3,12,[ 1 10],4,18,30,14,4
1,<environment.Job instance at 0x7f554b61acd0>,5,14,[9 5],6,6,20,0,6
1,<environment.Job instance at 0x7f554ab61730>,19,28,[6 2],20,20,48,0,20
1,<environment.Job instance at 0x7f554b61a410>,8,17,[2 8],9,30,47,21,20
1,<environment.Job instance at 0x7f554ab61190>,22,23,[2 8],23,47,70,24,41
1,<environment.Job instance at 0x7f554ab61460>,24,20,[2 8],25,70,90,45,61
1,<environment.Job instance at 0x7f554ab61b40>,25,14,[11  5],26,61,75,35,61
1,<environment.Job instance at 0x7f554b0d8af0>,0,14,[8 1],1,1,15,0,1
1,<environment.Job instance at 0x7f554ab61410>,2,23,[9 3],3,15,38,12,9
1,<environment.Job instance at 0x7f5549f4a8c0>,7,12,[1 6],8,15,27,7,15
1,<environment.Job instance at 0x7f5549f4abe0>,12,14,[ 4 10],13,27,41,14,22
1,<environment.Job instance at 0x7f5549f4ad20>,14,17,[2 5],15,38,55,23,26
1,<environment.Job instance at 0x7f5549f4ae60>,15,14,[8 2],16,41,55,25,26
1,<environment.Job instance at 0x7f5549f4a960>,8,14,[ 1 13],9,55,69,46,41
1,<environment.Job instance at 0x7f5549f4a9b0>,10,27,[ 4 10],11,69,96,58,67
1,<environment.Job instance at 0x7f5549f4b190>,20,21,[9 1],21,78,99,57,78
1,<environment.Job instance at 0x7f554a852280>,7,14,[7 5],8,8,22,0,8
1,<environment.Job instance at 0x7f554a852370>,8,12,[6 1],9,9,21,0,9
1,<environment.Job instance at 0x7f554a8525f0>,12,14,[9 5],13,22,36,9,13
1,<environment.Job instance at 0x7f554a8524b0>,10,21,[5 1],11,21,42,10,13
1,<environment.Job instance at 0x7f554a1f37d0>,20,12,[8 2],21,36,48,15,21
1,<environment.Job instance at 0x7f554a1f3be0>,24,16,[5 5],25,42,58,17,29
1,<environment.Job instance at 0x7f554a852690>,25,12,[ 4 13],26,58,70,32,41
1,<environment.Job instance at 0x7f554a1f3870>,27,19,[5 7],28,70,89,42,60
1,<environment.Job instance at 0x7f5549f54280>,0,20,[6 5],1,70,90,69,61
1,<environment.Job instance at 0x7f5549c5d410>,0,12,[1 5],1,1,13,0,1
1,<environment.Job instance at 0x7f5549c5d460>,1,24,[ 4 10],2,2,26,0,2
1,<environment.Job instance at 0x7f554a9e8d20>,10,21,[5 4],11,13,34,2,11
1,<environment.Job instance at 0x7f554a9e87d0>,12,20,[4 5],13,26,46,13,17
1,<environment.Job instance at 0x7f554a6a4f50>,19,14,[6 5],20,26,40,6,20
1,<environment.Job instance at 0x7f554a6a44b0>,20,13,[5 8],21,40,53,19,24
1,<environment.Job instance at 0x7f554a8c9d70>,27,13,[7 5],28,46,59,18,30
1,<environment.Job instance at 0x7f554a493820>,37,13,[10  4],38,59,72,21,43
1,<environment.Job instance at 0x7f554a493af0>,40,15,[10  4],41,72,87,31,58
1,<environment.Job instance at 0x7f5553e23d70>,63,18,[6 5],64,87,105,23,76
1,<environment.Job instance at 0x7f554a9472d0>,72,18,[5 8],73,76,94,3,76
1,<environment.Job instance at 0x7f554b11ff00>,1,18,[5 7],2,2,20,0,2
1,<environment.Job instance at 0x7f554a6a8140>,2,15,[6 2],3,3,18,0,3
1,<environment.Job instance at 0x7f554ac68a50>,8,15,[13  3],9,20,35,11,10
1,<environment.Job instance at 0x7f554ab8b3c0>,9,22,[1 7],10,18,40,8,18
1,<environment.Job instance at 0x7f5553b08e60>,20,14,[1 7],21,35,49,14,21
1,<environment.Job instance at 0x7f5553b08a00>,22,14,[6 2],23,40,54,17,25
1,<environment.Job instance at 0x7f554ac68140>,10,19,[5 6],11,40,59,29,30
1,<environment.Job instance at 0x7f554b4d23c0>,26,15,[5 7],27,54,69,27,40
1,<environment.Job instance at 0x7f554b46e3c0>,29,13,[14  1],30,69,82,39,53
1,<environment.Job instance at 0x7f554b4d2190>,25,14,[1 6],26,63,77,37,63
1,<environment.Job instance at 0x7f554ac68f50>,11,14,[ 2 11],12,82,96,70,67
1,<environment.Job instance at 0x7f554b44e500>,32,14,[8 3],33,82,96,49,70
1,<environment.Job instance at 0x7f554a6649b0>,5,14,[4 7],6,6,20,0,6
1,<environment.Job instance at 0x7f554a6f42d0>,6,16,[9 4],7,7,23,0,7
1,<environment.Job instance at 0x7f554b16d4b0>,8,14,[ 2 10],9,20,34,11,9
1,<environment.Job instance at 0x7f554b16d5f0>,11,18,[5 5],12,23,41,11,14
1,<environment.Job instance at 0x7f554ae02af0>,16,18,[1 5],17,34,52,17,23
1,<environment.Job instance at 0x7f554ae023c0>,17,18,[9 5],18,34,52,16,25
1,<environment.Job instance at 0x7f554b18daf0>,18,19,[4 5],19,41,60,22,31
1,<environment.Job instance at 0x7f554b601c80>,24,13,[5 5],25,52,65,27,36
1,<environment.Job instance at 0x7f554b601b40>,26,16,[8 3],27,60,76,33,47
1,<environment.Job instance at 0x7f554a7e6640>,33,18,[5 5],34,65,83,31,56
1,<environment.Job instance at 0x7f554a7e6190>,34,20,[5 9],35,76,96,41,67
1,<environment.Job instance at 0x7f554a81d190>,37,14,[5 1],38,76,90,38,67
1,<environment.Job instance at 0x7f554b08c4b0>,0,23,[ 3 11],1,1,24,0,1
1,<environment.Job instance at 0x7f5549c7f960>,6,15,[6 1],7,7,22,0,7
1,<environment.Job instance at 0x7f5549c7fd70>,8,17,[5 5],9,24,41,15,12
1,<environment.Job instance at 0x7f5549c7fe60>,10,13,[3 8],11,24,37,13,12
1,<environment.Job instance at 0x7f5549c7f690>,12,17,[1 8],13,37,54,24,25
1,<environment.Job instance at 0x7f5549c7f5f0>,14,17,[1 9],15,54,71,39,42
1,<environment.Job instance at 0x7f5549c7f640>,16,13,[9 2],17,42,55,25,42
1,<environment.Job instance at 0x7f5549c7ffa0>,21,16,[6 3],22,55,71,33,42
1,<environment.Job instance at 0x7f5549c7fd20>,26,21,[8 1],27,55,76,28,49
1,<environment.Job instance at 0x7f554a087640>,30,18,[10  5],31,76,94,45,65
1,<environment.Job instance at 0x7f554b08c7d0>,5,18,[1 6],6,71,89,65,65
1,<environment.Job instance at 0x7f554b250b90>,1,14,[ 4 10],2,2,16,0,2
1,<environment.Job instance at 0x7f554a6dcb40>,2,15,[4 8],3,16,31,13,3
1,<environment.Job instance at 0x7f554aea9190>,0,24,[5 7],1,16,40,15,12
1,<environment.Job instance at 0x7f554a6dcdc0>,5,15,[13  4],6,40,55,34,30
1,<environment.Job instance at 0x7f554a6dcbe0>,12,21,[ 1 11],13,40,61,27,32
1,<environment.Job instance at 0x7f554a6dcf50>,13,21,[9 1],14,55,76,41,47
1,<environment.Job instance at 0x7f554a6dcfa0>,14,21,[14  2],15,76,97,61,68
1,<environment.Job instance at 0x7f554a6dceb0>,15,16,[1 7],16,74,90,58,74
1,<environment.Job instance at 0x7f554a5dbd70>,0,12,[10  1],1,1,13,0,1
1,<environment.Job instance at 0x7f554b0e7190>,5,12,[ 1 10],6,6,18,0,6
1,<environment.Job instance at 0x7f554b0e70a0>,7,13,[13  4],8,13,26,5,9
1,<environment.Job instance at 0x7f554b07b5a0>,8,17,[2 5],9,18,35,9,9
1,<environment.Job instance at 0x7f554b0e7c30>,9,17,[3 6],10,26,43,16,14
1,<environment.Job instance at 0x7f554a57d7d0>,14,12,[6 3],15,26,38,11,15
1,<environment.Job instance at 0x7f554a57d550>,17,12,[4 6],18,35,47,17,18
1,<environment.Job instance at 0x7f554a57d6e0>,18,13,[2 6],19,43,56,24,27
1,<environment.Job instance at 0x7f554b0e7550>,19,13,[10  4],20,47,60,27,31
1,<environment.Job instance at 0x7f554a57da00>,16,18,[11  3],17,60,78,43,55
1,<environment.Job instance at 0x7f5549e7a2d0>,27,13,[3 9],28,56,69,28,55
1,<environment.Job instance at 0x7f554a5db2d0>,1,17,[1 9],2,69,86,67,57
1,<environment.Job instance at 0x7f554aae6960>,3,14,[4 5],4,4,18,0,4
1,<environment.Job instance at 0x7f554b607af0>,0,14,[14  4],1,18,32,17,5
1,<environment.Job instance at 0x7f554aae60a0>,5,14,[1 7],6,6,20,0,6
1,<environment.Job instance at 0x7f554a326e10>,15,22,[5 6],16,32,54,16,25
1,<environment.Job instance at 0x7f554a326f00>,17,16,[7 4],18,32,48,14,25
1,<environment.Job instance at 0x7f554a3261e0>,18,12,[8 4],19,48,60,29,31
1,<environment.Job instance at 0x7f554ac5c190>,26,12,[8 4],27,60,72,33,43
1,<environment.Job instance at 0x7f5549d05c30>,27,16,[1 8],28,54,70,26,43
1,<environment.Job instance at 0x7f554a326820>,6,13,[4 5],7,70,83,63,55
1,<environment.Job instance at 0x7f5549d05e60>,30,13,[9 3],31,72,85,41,56
1,<environment.Job instance at 0x7f554a105eb0>,35,17,[5 3],36,83,100,47,71
1,<environment.Job instance at 0x7f554a105fa0>,36,12,[2 7],37,85,97,48,71
1,<environment.Job instance at 0x7f554ac948c0>,0,14,[8 4],1,1,15,0,1
1,<environment.Job instance at 0x7f554a92d910>,7,20,[4 5],8,8,28,0,8
1,<environment.Job instance at 0x7f554a92da00>,8,14,[5 7],9,15,29,6,9
1,<environment.Job instance at 0x7f554a92dbe0>,16,14,[11  3],17,29,43,12,17
1,<environment.Job instance at 0x7f554a151370>,26,18,[1 6],27,28,46,1,27
1,<environment.Job instance at 0x7f554a151fa0>,27,20,[1 9],28,43,63,15,34
1,<environment.Job instance at 0x7f554a92d410>,28,14,[13  1],29,46,60,17,34
1,<environment.Job instance at 0x7f554a151cd0>,31,17,[7 3],32,60,77,28,48
1,<environment.Job instance at 0x7f554a151be0>,37,15,[6 1],38,60,75,22,48
1,<environment.Job instance at 0x7f5549f38320>,46,16,[9 2],47,77,93,30,64
1,<environment.Job instance at 0x7f5549f38fa0>,50,22,[1 5],51,64,86,13,64
1,<environment.Job instance at 0x7f5549f38370>,53,20,[1 5],54,64,84,10,64
1,<environment.Job instance at 0x7f554a151640>,32,14,[ 3 11],33,86,100,53,71
1,<environment.Job instance at 0x7f554a35de60>,0,12,[ 3 14],1,1,13,0,1
1,<environment.Job instance at 0x7f554a35daf0>,1,15,[ 4 13],2,13,28,11,2
1,<environment.Job instance at 0x7f554ace6550>,6,14,[1 8],7,28,42,21,16
1,<environment.Job instance at 0x7f554ace6820>,7,22,[7 2],8,17,39,9,17
1,<environment.Job instance at 0x7f554ace65f0>,4,19,[6 4],5,28,47,23,18
1,<environment.Job instance at 0x7f554ace6be0>,13,16,[3 7],14,42,58,28,29
1,<environment.Job instance at 0x7f554ace6fa0>,18,14,[1 7],19,47,61,28,32
1,<environment.Job instance at 0x7f554ace68c0>,8,15,[10  1],9,52,67,43,52
1,<environment.Job instance at 0x7f554ace6f50>,20,13,[5 5],21,61,74,40,52
1,<environment.Job instance at 0x7f554aab9230>,2,14,[8 5],3,67,81,64,56
1,<environment.Job instance at 0x7f554ace4550>,26,18,[2 5],27,67,85,40,61
1,<environment.Job instance at 0x7f554ace4870>,31,18,[3 9],32,81,99,49,70
1,<environment.Job instance at 0x7f554a151640>,3,13,[11  4],4,85,98,81,77
1,<environment.Job instance at 0x7f554ad1a2d0>,0,24,[ 5 13],1,2,26,1,2
1,<environment.Job instance at 0x7f554a64a460>,7,16,[9 1],8,8,24,0,8
1,<environment.Job instance at 0x7f554a64af50>,12,24,[7 1],13,24,48,11,19
1,<environment.Job instance at 0x7f554a64a640>,13,23,[6 3],14,26,49,12,20
1,<environment.Job instance at 0x7f554a64adc0>,14,14,[3 7],15,48,62,33,33
1,<environment.Job instance at 0x7f554a6ba230>,15,20,[5 1],16,48,68,32,39
1,<environment.Job instance at 0x7f554a64a2d0>,11,13,[10  3],12,62,75,50,46
1,<environment.Job instance at 0x7f554a64ad70>,18,25,[2 5],19,68,93,49,64
1,<environment.Job instance at 0x7f554a1517d0>,22,18,[3 5],23,68,86,45,64
1,<environment.Job instance at 0x7f554b3a9af0>,24,18,[5 6],25,86,104,61,75
1,<environment.Job instance at 0x7f554abcac80>,0,14,[14  5],1,1,15,0,1
1,<environment.Job instance at 0x7f5553be28c0>,1,14,[ 3 12],2,15,29,13,2
1,<environment.Job instance at 0x7f554abca5f0>,2,16,[8 2],3,15,31,12,3
1,<environment.Job instance at 0x7f5553be29b0>,4,14,[4 7],5,29,43,24,17
1,<environment.Job instance at 0x7f554ad7edc0>,11,19,[2 5],12,29,48,17,19
1,<environment.Job instance at 0x7f554ad7e500>,15,15,[1 7],16,43,58,27,29
1,<environment.Job instance at 0x7f554ad7e5f0>,18,21,[1 6],19,48,69,29,40
1,<environment.Job instance at 0x7f554ad7ea00>,19,15,[7 1],20,40,55,20,40
1,<environment.Job instance at 0x7f554ad7ecd0>,24,16,[4 9],25,58,74,33,45
1,<environment.Job instance at 0x7f554ad7ed70>,26,14,[5 4],27,69,83,42,54
1,<environment.Job instance at 0x7f554ad7efa0>,27,15,[6 4],28,74,89,46,60
1,<environment.Job instance at 0x7f554ad7ea50>,28,20,[7 5],29,83,103,54,74
1,<environment.Job instance at 0x7f5553bf6a50>,34,17,[1 6],35,77,94,42,77
1,<environment.Job instance at 0x7f554ab67d70>,0,13,[9 3],1,1,14,0,1
1,<environment.Job instance at 0x7f554ab67190>,5,15,[11  1],6,14,29,8,6
1,<environment.Job instance at 0x7f554ab67960>,7,20,[6 5],8,29,49,21,20
1,<environment.Job instance at 0x7f5549fc1230>,10,15,[5 8],11,29,44,18,20
1,<environment.Job instance at 0x7f554ab09230>,13,16,[2 8],14,44,60,30,31
1,<environment.Job instance at 0x7f554ab67050>,8,15,[ 5 10],9,60,75,51,46
1,<environment.Job instance at 0x7f554aaf4cd0>,21,18,[13  2],22,75,93,53,64
1,<environment.Job instance at 0x7f0e1c006320>,1,15,[5 2],2,2,17,0,2
1,<environment.Job instance at 0x7f0e1288e640>,5,18,[7 5],6,6,24,0,6
1,<environment.Job instance at 0x7f0e1288e820>,7,12,[7 2],8,17,29,9,8
1,<environment.Job instance at 0x7f0e1288eaf0>,11,14,[10  4],12,29,43,17,14
1,<environment.Job instance at 0x7f0e1288ebe0>,12,22,[4 6],13,24,46,11,18
1,<environment.Job instance at 0x7f0e1288e7d0>,18,18,[3 6],19,43,61,24,32
1,<environment.Job instance at 0x7f0e12892190>,20,18,[7 5],21,46,64,25,35
1,<environment.Job instance at 0x7f0e12892370>,23,18,[7 4],24,61,79,37,50
1,<environment.Job instance at 0x7f0e1288efa0>,19,21,[14  4],20,79,100,59,71
1,<environment.Job instance at 0x7f0e129edd20>,0,22,[5 5],1,1,23,0,1
1,<environment.Job instance at 0x7f0e129ed1e0>,1,14,[12  2],2,23,37,21,8
1,<environment.Job instance at 0x7f0e12edb190>,12,12,[10  1],13,37,49,24,20
1,<environment.Job instance at 0x7f0e12edb4b0>,17,17,[5 6],18,37,54,19,31
1,<environment.Job instance at 0x7f0e11f68e10>,20,15,[2 6],21,49,64,28,35
1,<environment.Job instance at 0x7f0e12edbe60>,9,14,[6 1],10,49,63,39,36
1,<environment.Job instance at 0x7f0e11fb2b90>,24,20,[5 7],25,54,74,29,47
1,<environment.Job instance at 0x7f0e1235f0f0>,29,14,[9 1],30,64,78,34,49
1,<environment.Job instance at 0x7f0e1235f690>,30,15,[9 2],31,78,93,47,64
1,<environment.Job instance at 0x7f0e11fd4870>,33,16,[1 8],34,74,90,40,64
1,<environment.Job instance at 0x7f0e122ed960>,27,21,[1 6],28,90,111,62,83
1,<environment.Job instance at 0x7f0e11f6cd20>,38,19,[1 9],39,93,112,54,83
1,<environment.Job instance at 0x7f0e11f65820>,1,13,[ 4 10],2,2,15,0,2
1,<environment.Job instance at 0x7f0e11f651e0>,2,14,[4 7],3,15,29,12,3
1,<environment.Job instance at 0x7f0e11f65a00>,7,22,[1 7],8,15,37,7,8
1,<environment.Job instance at 0x7f0e11efde10>,8,28,[ 4 13],9,37,65,28,36
1,<environment.Job instance at 0x7f0e11efdf00>,19,16,[ 3 12],20,65,81,45,52
1,<environment.Job instance at 0x7f0e11efdaa0>,20,23,[5 8],21,81,104,60,75
1,<environment.Job instance at 0x7f0e11efd410>,18,17,[10  5],19,88,105,69,88
1,<environment.Job instance at 0x7f0e1226a050>,1,22,[6 1],2,2,24,0,2
1,<environment.Job instance at 0x7f0e123e2af0>,2,14,[3 5],3,3,17,0,3
1,<environment.Job instance at 0x7f0e123e2960>,3,21,[5 1],4,4,25,0,4
1,<environment.Job instance at 0x7f0e123e2640>,5,20,[5 5],6,24,44,18,15
1,<environment.Job instance at 0x7f0e1247d780>,19,16,[7 2],20,25,41,5,20
1,<environment.Job instance at 0x7f0e11fd1f50>,22,12,[2 7],23,23,35,0,23
1,<environment.Job instance at 0x7f0e12248eb0>,26,18,[7 1],27,41,59,14,30
1,<environment.Job instance at 0x7f0e122a4af0>,31,15,[4 8],32,44,59,12,32
1,<environment.Job instance at 0x7f0e121b3aa0>,36,14,[5 3],37,59,73,22,44
1,<environment.Job instance at 0x7f0e121b3370>,37,14,[8 5],38,59,73,21,44
1,<environment.Job instance at 0x7f0e1205ed20>,50,14,[7 2],51,73,87,22,58
1,<environment.Job instance at 0x7f0e1205e910>,51,19,[8 2],52,73,92,21,63
1,<environment.Job instance at 0x7f0e1204ecd0>,54,16,[8 3],55,92,108,37,79
1,<environment.Job instance at 0x7f0e123cadc0>,7,20,[3 7],8,87,107,79,79
1,<environment.Job instance at 0x7f0e12c285a0>,0,17,[5 4],1,1,18,0,1
1,<environment.Job instance at 0x7f0e11e07f50>,3,14,[4 9],4,4,18,0,4
1,<environment.Job instance at 0x7f0e11e0c050>,4,12,[8 2],5,18,30,13,5
1,<environment.Job instance at 0x7f0e11e07fa0>,7,13,[7 5],8,18,31,10,9
1,<environment.Job instance at 0x7f0e11e0c640>,12,15,[10  5],13,31,46,18,17
1,<environment.Job instance at 0x7f0e11e0c190>,8,13,[1 7],9,30,43,21,17
1,<environment.Job instance at 0x7f0e11e0c910>,15,21,[12  1],16,46,67,30,39
1,<environment.Job instance at 0x7f0e11e0c7d0>,13,24,[6 1],14,67,91,53,62
1,<environment.Job instance at 0x7f0e11e0c9b0>,16,16,[ 4 11],17,67,83,50,62
1,<environment.Job instance at 0x7f0e11e0caf0>,18,15,[4 9],19,83,98,64,69
1,<environment.Job instance at 0x7f0e11e0caa0>,19,27,[11  5],20,91,118,71,89
1,<environment.Job instance at 0x7f0e11e0cb40>,20,14,[3 6],21,98,112,77,89
1,<environment.Job instance at 0x7f0e11ea7d70>,0,12,[ 2 12],1,1,13,0,1
1,<environment.Job instance at 0x7f0e11ea7820>,4,12,[3 5],5,13,25,8,5
1,<environment.Job instance at 0x7f0e11dee370>,5,14,[5 8],6,13,27,7,6
1,<environment.Job instance at 0x7f0e11dee140>,11,14,[ 3 11],12,27,41,15,14
1,<environment.Job instance at 0x7f0e11dee780>,13,15,[14  1],14,41,56,27,28
1,<environment.Job instance at 0x7f0e11e0cbe0>,1,16,[1 8],2,41,57,39,36
1,<environment.Job instance at 0x7f0e11dee820>,12,27,[ 3 14],13,57,84,44,55
1,<environment.Job instance at 0x7f0e11deec30>,19,16,[2 5],20,84,100,64,71
1,<environment.Job instance at 0x7f0e11dee730>,23,14,[1 9],24,84,98,60,71
1,<environment.Job instance at 0x7f0e11fd7b90>,0,15,[ 5 14],1,1,16,0,1
1,<environment.Job instance at 0x7f0e11fd77d0>,5,15,[7 2],6,16,31,10,11
1,<environment.Job instance at 0x7f0e11fd7370>,11,12,[ 5 12],12,16,28,4,12
1,<environment.Job instance at 0x7f0e11fd7050>,9,15,[2 6],10,28,43,18,14
1,<environment.Job instance at 0x7f0e11df62d0>,1,22,[4 9],2,31,53,29,24
1,<environment.Job instance at 0x7f0e12290dc0>,27,14,[7 5],28,43,57,15,32
1,<environment.Job instance at 0x7f0e122909b0>,32,14,[9 5],33,57,71,24,42
1,<environment.Job instance at 0x7f0e1ba58230>,44,16,[5 5],45,53,69,8,45
1,<environment.Job instance at 0x7f0e1ba58550>,47,19,[5 7],48,69,88,21,59
1,<environment.Job instance at 0x7f0e1ba588c0>,51,17,[7 4],52,71,88,19,60
1,<environment.Job instance at 0x7f0e129acfa0>,75,16,[5 5],76,88,104,12,76
1,<environment.Job instance at 0x7f0e129ac5a0>,77,17,[4 5],78,88,105,10,78
1,<environment.Job instance at 0x7f0e130d11e0>,81,16,[6 5],82,88,104,6,83
1,<environment.Job instance at 0x7f0e1262c370>,0,28,[3 6],1,1,29,0,1
1,<environment.Job instance at 0x7f0e1262cf00>,1,13,[6 1],2,2,15,0,2
1,<environment.Job instance at 0x7f0e11ea5d70>,2,13,[1 8],3,3,16,0,3
1,<environment.Job instance at 0x7f0e132a55a0>,5,13,[ 5 10],6,29,42,23,13
1,<environment.Job instance at 0x7f0e132a5640>,6,15,[6 1],7,15,30,8,13
1,<environment.Job instance at 0x7f0e132a7a50>,10,12,[1 5],11,16,28,5,13
1,<environment.Job instance at 0x7f0e1302d410>,17,21,[1 9],18,42,63,24,34
1,<environment.Job instance at 0x7f0e130216e0>,20,21,[5 4],21,34,55,13,34
1,<environment.Job instance at 0x7f0e11e084b0>,21,15,[10  1],22,55,70,33,41
1,<environment.Job instance at 0x7f0e11e082d0>,22,20,[4 5],23,55,75,32,46
1,<environment.Job instance at 0x7f0e1258d3c0>,29,14,[6 5],30,70,84,40,55
1,<environment.Job instance at 0x7f0e1258d320>,30,13,[5 8],31,75,88,44,59
1,<environment.Job instance at 0x7f0e13034370>,37,13,[7 5],38,84,97,46,68
1,<environment.Job instance at 0x7f0e13034fa0>,38,13,[1 8],39,88,101,49,72
1,<environment.Job instance at 0x7f0e132a00a0>,8,14,[6 5],9,97,111,88,84
1,<environment.Job instance at 0x7f0e130d5780>,1,18,[5 7],2,2,20,0,2
1,<environment.Job instance at 0x7f0e132a0d70>,2,15,[6 2],3,3,18,0,3
1,<environment.Job instance at 0x7f0e12cbfd20>,10,19,[5 6],11,18,37,7,11
1,<environment.Job instance at 0x7f0e12cbfa50>,9,22,[1 7],10,20,42,10,13
1,<environment.Job instance at 0x7f0e12cbffa0>,20,14,[1 7],21,37,51,16,22
1,<environment.Job instance at 0x7f0e12cbfbe0>,22,14,[6 2],23,23,37,0,23
1,<environment.Job instance at 0x7f0e12cc1370>,28,12,[ 5 14],29,51,63,22,34
1,<environment.Job instance at 0x7f0e12cc1a00>,29,13,[14  1],30,63,76,33,47
1,<environment.Job instance at 0x7f0e12cc1820>,25,14,[1 6],26,63,77,37,55
1,<environment.Job instance at 0x7f0e12cbf0f0>,26,15,[5 7],27,76,91,49,62
1,<environment.Job instance at 0x7f0e12cc1e10>,32,14,[8 3],33,77,91,44,62
1,<environment.Job instance at 0x7f0e12cc1140>,30,18,[5 2],31,91,109,60,84
1,<environment.Job instance at 0x7f0e12cc1e60>,27,18,[ 1 13],28,91,109,63,84
1,<environment.Job instance at 0x7f0e12315a00>,0,16,[ 3 10],1,1,17,0,1
1,<environment.Job instance at 0x7f0e12315e60>,1,18,[5 5],2,2,20,0,2
1,<environment.Job instance at 0x7f0e12570460>,2,16,[5 5],3,17,33,14,4
1,<environment.Job instance at 0x7f0e12f265f0>,6,18,[1 5],7,17,35,10,7
1,<environment.Job instance at 0x7f0e12f26910>,8,19,[4 5],9,20,39,11,16
1,<environment.Job instance at 0x7f0e12f26d20>,14,13,[5 5],15,33,46,18,17
1,<environment.Job instance at 0x7f0e12f26e60>,16,16,[8 3],17,39,55,22,26
1,<environment.Job instance at 0x7f0e11ed5190>,19,21,[8 2],20,55,76,35,52
1,<environment.Job instance at 0x7f0e11ed53c0>,23,18,[5 5],24,52,70,28,52
1,<environment.Job instance at 0x7f0e12f26a50>,9,20,[12  4],10,76,96,66,67
1,<environment.Job instance at 0x7f0e12d1e140>,0,25,[ 4 14],1,1,26,0,1
1,<environment.Job instance at 0x7f0e12d2e0a0>,6,21,[8 1],7,7,28,0,7
1,<environment.Job instance at 0x7f0e131899b0>,14,18,[10  1],15,28,46,13,17
1,<environment.Job instance at 0x7f0e13189fa0>,16,15,[9 4],17,46,61,29,32
1,<environment.Job instance at 0x7f0e13189dc0>,17,21,[4 6],18,32,53,14,32
1,<environment.Job instance at 0x7f0e13189730>,18,14,[5 7],19,53,67,34,38
1,<environment.Job instance at 0x7f0e13189960>,26,20,[5 7],27,61,81,34,52
1,<environment.Job instance at 0x7f0e1203fd20>,27,16,[4 8],28,67,83,39,54
1,<environment.Job instance at 0x7f0e1203f190>,29,15,[2 8],30,83,98,53,69
1,<environment.Job instance at 0x7f0e1203fa00>,31,12,[6 1],32,81,93,49,69
1,<environment.Job instance at 0x7f0e1203fbe0>,34,16,[10  5],35,93,109,58,80
1,<environment.Job instance at 0x7f0e1203feb0>,36,16,[1 7],37,98,114,61,85
1,<environment.Job instance at 0x7f0e124ec280>,0,17,[2 6],1,1,18,0,1
1,<environment.Job instance at 0x7f0e124ec8c0>,3,22,[5 3],4,4,26,0,4
1,<environment.Job instance at 0x7f0e129f21e0>,12,18,[10  2],13,18,36,5,13
1,<environment.Job instance at 0x7f0e11dd5af0>,17,17,[2 6],18,26,43,8,18
1,<environment.Job instance at 0x7f0e11dd5780>,22,15,[4 5],23,36,51,13,23
1,<environment.Job instance at 0x7f0e11dd58c0>,24,17,[3 5],25,43,60,18,31
1,<environment.Job instance at 0x7f0e11dd50f0>,30,15,[7 4],31,36,51,5,31
1,<environment.Job instance at 0x7f0e12b81f50>,36,15,[5 5],37,51,66,14,37
1,<environment.Job instance at 0x7f0e12b81cd0>,40,18,[5 9],41,60,78,19,51
1,<environment.Job instance at 0x7f0e134bf5f0>,45,20,[7 5],46,66,86,20,58
1,<environment.Job instance at 0x7f0e13412500>,58,17,[2 5],59,78,95,19,66
1,<environment.Job instance at 0x7f0e126e8f00>,59,17,[3 6],60,86,103,26,75
1,<environment.Job instance at 0x7f0e1306d5f0>,77,13,[3 9],78,95,108,17,79
1,<environment.Job instance at 0x7f0e11faca50>,1,15,[2 7],2,2,17,0,2
1,<environment.Job instance at 0x7f0e11facb90>,3,13,[1 7],4,5,18,1,5
1,<environment.Job instance at 0x7f0e12625780>,5,16,[3 9],6,18,34,12,6
1,<environment.Job instance at 0x7f0e12625230>,9,12,[7 4],10,17,29,7,10
1,<environment.Job instance at 0x7f0e126259b0>,11,14,[8 1],12,29,43,17,14
1,<environment.Job instance at 0x7f0e1221f640>,18,17,[8 4],19,43,60,24,31
1,<environment.Job instance at 0x7f0e1221fe60>,21,22,[5 5],22,34,56,12,31
1,<environment.Job instance at 0x7f0e12f29640>,27,20,[3 6],28,56,76,28,47
1,<environment.Job instance at 0x7f0e12f29190>,29,15,[5 5],30,60,75,30,47
1,<environment.Job instance at 0x7f0e120f4aa0>,32,21,[6 4],33,60,81,27,52
1,<environment.Job instance at 0x7f0e120f4d20>,36,16,[5 6],37,76,92,39,63
1,<environment.Job instance at 0x7f0e120f4870>,43,14,[4 5],44,75,89,31,63
1,<environment.Job instance at 0x7f0e120f4960>,46,13,[4 5],47,89,102,42,73
1,<environment.Job instance at 0x7f0e130c70f0>,57,16,[7 4],58,92,108,34,79
1,<environment.Job instance at 0x7f0e130c70a0>,58,12,[8 4],59,102,114,43,85
1,<environment.Job instance at 0x7f0e121ed0f0>,3,18,[7 4],4,4,22,0,4
1,<environment.Job instance at 0x7f0e121ed690>,4,14,[ 2 10],5,5,19,0,5
1,<environment.Job instance at 0x7f0e1261b500>,7,20,[5 7],8,19,39,11,10
1,<environment.Job instance at 0x7f0e12345230>,11,12,[10  4],12,22,34,10,12
1,<environment.Job instance at 0x7f0e13385c30>,10,14,[9 1],11,34,48,23,20
1,<environment.Job instance at 0x7f0e12ae9140>,16,17,[5 1],17,39,56,22,27
1,<environment.Job instance at 0x7f0e130dd8c0>,22,12,[4 7],23,48,60,25,31
1,<environment.Job instance at 0x7f0e127046e0>,26,14,[4 8],27,56,70,29,41
1,<environment.Job instance at 0x7f0e133181e0>,30,14,[8 4],31,60,74,29,45
1,<environment.Job instance at 0x7f0e124a4f50>,37,20,[4 5],38,70,90,32,61
1,<environment.Job instance at 0x7f0e129378c0>,38,14,[5 7],39,74,88,35,62
1,<environment.Job instance at 0x7f0e12c34280>,56,18,[1 6],57,88,106,31,77
1,<environment.Job instance at 0x7f0e12c93320>,61,17,[7 3],62,88,105,26,77
1,<environment.Job instance at 0x7f0e1318fb40>,0,28,[ 5 11],1,1,29,0,1
1,<environment.Job instance at 0x7f0e12f084b0>,5,12,[ 5 10],6,29,41,23,12
1,<environment.Job instance at 0x7f0e12c64320>,2,14,[10  1],3,12,26,9,12
1,<environment.Job instance at 0x7f0e12f08230>,6,24,[7 1],7,26,50,19,21
1,<environment.Job instance at 0x7f0e12f08320>,3,18,[3 8],4,41,59,37,30
1,<environment.Job instance at 0x7f0e12f300f0>,18,17,[8 4],19,50,67,31,38
1,<environment.Job instance at 0x7f0e12f30e60>,19,16,[7 2],20,59,75,39,46
1,<environment.Job instance at 0x7f0e12f30690>,22,14,[8 5],23,67,81,44,52
1,<environment.Job instance at 0x7f0e12f30dc0>,24,19,[6 4],25,75,94,50,65
1,<environment.Job instance at 0x7f0e12f30050>,25,16,[1 6],26,75,91,49,65
1,<environment.Job instance at 0x7f0e120de870>,26,14,[1 8],27,91,105,64,76
1,<environment.Job instance at 0x7f0e125118c0>,27,22,[7 2],28,81,103,53,77
1,<environment.Job instance at 0x7f0e11e85910>,28,15,[10  1],29,103,118,74,89
1,<environment.Job instance at 0x7f0e12c64f50>,2,15,[3 7],3,3,18,0,3
1,<environment.Job instance at 0x7f0e120b29b0>,4,24,[5 6],5,5,29,0,5
1,<environment.Job instance at 0x7f0e12c64140>,5,19,[2 5],6,18,37,12,9
1,<environment.Job instance at 0x7f0e12c64730>,3,23,[5 6],4,29,52,25,23
1,<environment.Job instance at 0x7f0e13052cd0>,14,22,[1 8],15,37,59,22,35
1,<environment.Job instance at 0x7f0e13052870>,17,16,[9 1],18,37,53,19,35
1,<environment.Job instance at 0x7f0e130528c0>,21,13,[10  3],22,53,66,31,37
1,<environment.Job instance at 0x7f0e13052690>,24,14,[3 7],25,59,73,34,45
1,<environment.Job instance at 0x7f0e130522d0>,25,20,[5 1],26,66,86,40,57
1,<environment.Job instance at 0x7f0e13052140>,32,18,[3 5],33,66,84,33,57
1,<environment.Job instance at 0x7f0e13052d70>,34,18,[5 6],35,73,91,38,62
1,<environment.Job instance at 0x7f0e120e36e0>,36,15,[ 4 10],37,91,106,54,77
1,<environment.Job instance at 0x7f0e11a8f280>,0,14,[14  5],1,1,15,0,1
1,<environment.Job instance at 0x7f0e120e3f00>,1,14,[ 3 12],2,15,29,13,2
1,<environment.Job instance at 0x7f0e11c05140>,11,19,[2 5],12,29,48,17,19
1,<environment.Job instance at 0x7f0e11c05fa0>,15,15,[1 7],16,29,44,13,19
1,<environment.Job instance at 0x7f0e11c63190>,6,17,[13  5],7,44,61,37,34
1,<environment.Job instance at 0x7f0e1230fd70>,4,14,[4 7],5,61,75,56,47
1,<environment.Job instance at 0x7f0e128dcdc0>,2,16,[8 2],3,61,77,58,48
1,<environment.Job instance at 0x7f0e12a2f6e0>,24,16,[4 9],25,75,91,50,62
1,<environment.Job instance at 0x7f0e11e90eb0>,19,15,[7 1],20,77,92,57,65
1,<environment.Job instance at 0x7f0e13028fa0>,26,14,[5 4],27,91,105,64,83
1,<environment.Job instance at 0x7f0e11c058c0>,18,21,[1 6],19,91,112,72,83
1,<environment.Job instance at 0x7f0e12a2fa00>,28,20,[7 5],29,92,112,63,83
1,<environment.Job instance at 0x7f0e12c8edc0>,0,15,[5 8],1,1,16,0,1
1,<environment.Job instance at 0x7f0e11fa28c0>,3,16,[2 8],4,16,32,12,4
1,<environment.Job instance at 0x7f0e11fa2aa0>,7,15,[ 4 10],8,32,47,24,18
1,<environment.Job instance at 0x7f0e11fa2f00>,15,15,[3 9],16,47,62,31,33
1,<environment.Job instance at 0x7f0e132c0230>,17,16,[5 1],18,34,50,16,34
1,<environment.Job instance at 0x7f0e132c0190>,19,13,[8 3],20,50,63,30,34
1,<environment.Job instance at 0x7f0e132c91e0>,40,14,[9 2],41,63,77,22,48
1,<environment.Job instance at 0x7f0e132c9320>,47,15,[3 8],48,62,77,14,48
1,<environment.Job instance at 0x7f0e132c9c30>,54,20,[4 5],55,77,97,22,68
1,<environment.Job instance at 0x7f0e132c9140>,55,18,[4 6],56,77,95,21,68
1,<environment.Job instance at 0x7f0e132c95f0>,56,14,[2 6],57,95,109,38,80
1,<environment.Job instance at 0x7f0e132c9960>,58,12,[6 5],59,97,109,38,80
1,<environment.Job instance at 0x7f0e121af550>,1,17,[9 4],2,2,19,0,2
1,<environment.Job instance at 0x7f0e11e65fa0>,6,17,[4 8],7,7,24,0,7
1,<environment.Job instance at 0x7f0e11e65e10>,7,14,[5 6],8,19,33,11,8
1,<environment.Job instance at 0x7f0e11e65b90>,8,16,[8 4],9,24,40,15,11
1,<environment.Job instance at 0x7f0e12b13050>,14,13,[10  1],15,40,53,25,24
1,<environment.Job instance at 0x7f0e12b135f0>,17,13,[7 1],18,53,66,35,37
1,<environment.Job instance at 0x7f0e12b135a0>,20,12,[3 8],21,37,49,16,37
1,<environment.Job instance at 0x7f0e12b13f50>,22,15,[5 6],23,49,64,26,37
1,<environment.Job instance at 0x7f0e12b13dc0>,25,17,[5 8],26,64,81,38,52
1,<environment.Job instance at 0x7f0e12b130a0>,27,12,[8 5],28,66,78,38,52
1,<environment.Job instance at 0x7f0e12b13c80>,28,18,[3 6],29,78,96,49,67
1,<environment.Job instance at 0x7f0e12b136e0>,30,21,[5 3],31,81,102,50,73
1,<environment.Job instance at 0x7f0e134920f0>,35,17,[8 3],36,96,113,60,84
1,<environment.Job instance at 0x7f0e13492e60>,37,12,[7 2],38,84,96,46,84
1,<environment.Job instance at 0x7f0e13492a00>,39,16,[3 5],40,102,118,62,89
1,<environment.Job instance at 0x7f0e125655a0>,1,13,[4 5],2,2,15,0,2
1,<environment.Job instance at 0x7f0e12fca0f0>,3,14,[8 4],4,4,18,0,4
1,<environment.Job instance at 0x7f0e12fca140>,7,20,[5 4],8,15,35,7,8
1,<environment.Job instance at 0x7f0e12fcaaf0>,9,16,[9 4],10,18,34,8,10
1,<environment.Job instance at 0x7f0e12fca5f0>,16,13,[6 5],17,34,47,17,18
1,<environment.Job instance at 0x7f0e12570780>,22,21,[7 4],23,35,56,12,27
1,<environment.Job instance at 0x7f0e12570320>,23,20,[3 9],24,47,67,23,38
1,<environment.Job instance at 0x7f0e125705a0>,26,16,[9 5],27,56,72,29,43
1,<environment.Job instance at 0x7f0e12570870>,33,20,[7 3],34,72,92,38,63
1,<environment.Job instance at 0x7f0e1266e050>,38,19,[6 4],39,67,86,28,63
1,<environment.Job instance at 0x7f0e1266eaa0>,39,13,[6 4],40,86,99,46,70
1,<environment.Job instance at 0x7f0e1266e500>,41,19,[5 5],42,92,111,50,82
1,<environment.Job instance at 0x7f0e1266e190>,42,17,[7 1],43,99,116,56,87
1,<environment.Job instance at 0x7ff2ed44b320>,1,15,[5 2],2,2,17,0,2
1,<environment.Job instance at 0x7ff2e3cd3690>,5,18,[7 5],6,6,24,0,6
1,<environment.Job instance at 0x7ff2e3cd3870>,7,12,[7 2],8,17,29,9,8
1,<environment.Job instance at 0x7ff2e3cd3a00>,9,17,[8 1],10,24,41,14,12
1,<environment.Job instance at 0x7ff2e3cd37d0>,10,14,[ 1 14],11,29,43,18,15
1,<environment.Job instance at 0x7ff2e3cd39b0>,12,22,[4 6],13,43,65,30,36
1,<environment.Job instance at 0x7ff2e3cd3960>,18,18,[3 6],19,43,61,24,36
1,<environment.Job instance at 0x7ff2e3cd4230>,20,18,[7 5],21,61,79,40,50
1,<environment.Job instance at 0x7ff2e3cd4410>,23,18,[7 4],24,65,83,41,54
1,<environment.Job instance at 0x7ff2e3cd45f0>,26,20,[4 8],27,79,99,52,70
1,<environment.Job instance at 0x7ff2e3cd4730>,28,20,[5 8],29,99,119,70,90
1,<environment.Job instance at 0x7ff2e3cd4870>,30,15,[8 2],31,90,105,59,90
1,<environment.Job instance at 0x7ff2e3cd4910>,31,13,[4 5],32,105,118,73,90
1,<environment.Job instance at 0x7ff2e3e3d910>,7,17,[5 6],8,8,25,0,8
1,<environment.Job instance at 0x7ff2e3e3d780>,10,15,[2 6],11,11,26,0,11
1,<environment.Job instance at 0x7ff2e3e3d5a0>,14,20,[5 7],15,25,45,10,16
1,<environment.Job instance at 0x7ff2e37a8be0>,17,21,[1 6],18,26,47,8,18
1,<environment.Job instance at 0x7ff2e3e3d7d0>,19,14,[9 1],20,26,40,6,20
1,<environment.Job instance at 0x7ff2e36e4c30>,20,15,[9 2],21,40,55,19,26
1,<environment.Job instance at 0x7ff2e37de910>,23,16,[1 8],24,47,63,23,34
1,<environment.Job instance at 0x7ff2e379faa0>,28,19,[1 9],29,63,82,34,53
1,<environment.Job instance at 0x7ff2e37acaf0>,29,19,[4 7],30,82,101,52,72
1,<environment.Job instance at 0x7ff2e341b550>,30,21,[4 6],31,72,93,41,72
1,<environment.Job instance at 0x7ff2e33f7be0>,35,16,[5 2],36,82,98,46,72
1,<environment.Job instance at 0x7ff2e37ce1e0>,42,18,[10  5],43,98,116,55,87
1,<environment.Job instance at 0x7ff2e35146e0>,0,23,[5 8],1,6,29,5,6
1,<environment.Job instance at 0x7ff2e35144b0>,6,14,[11  2],7,29,43,22,14
1,<environment.Job instance at 0x7ff2e34d1fa0>,16,17,[10  4],17,43,60,26,31
1,<environment.Job instance at 0x7ff2e34d1f50>,19,17,[2 8],20,32,49,12,32
1,<environment.Job instance at 0x7ff2e34d1730>,20,12,[5 9],21,49,61,28,32
1,<environment.Job instance at 0x7ff2e34d1370>,22,20,[5 7],23,61,81,38,52
1,<environment.Job instance at 0x7ff2e34d1190>,23,15,[5 9],24,81,96,57,67
1,<environment.Job instance at 0x7ff2e34d1960>,27,15,[5 6],28,67,82,39,67
1,<environment.Job instance at 0x7ff2e3514730>,8,17,[10  2],9,82,99,73,78
1,<environment.Job instance at 0x7ff2e34d1dc0>,30,15,[ 5 10],31,96,111,65,82
1,<environment.Job instance at 0x7ff2e362c230>,37,20,[5 2],38,99,119,61,91
1,<environment.Job instance at 0x7ff2e34e7f00>,1,15,[4 8],2,2,17,0,2
1,<environment.Job instance at 0x7ff2e3412b40>,3,22,[10  2],4,4,26,0,4
1,<environment.Job instance at 0x7ff2e3412af0>,6,14,[5 3],7,17,31,10,7
1,<environment.Job instance at 0x7ff2e35f3c30>,10,26,[4 7],11,26,52,15,23
1,<environment.Job instance at 0x7ff2e3412460>,7,14,[8 5],8,31,45,23,23
1,<environment.Job instance at 0x7ff2e34e6730>,19,18,[ 3 10],20,52,70,32,41
1,<environment.Job instance at 0x7ff2e34e6eb0>,20,14,[7 2],21,45,59,24,41
1,<environment.Job instance at 0x7ff2e341cd20>,21,19,[8 2],22,59,78,37,49
1,<environment.Job instance at 0x7ff2e3cde4b0>,24,16,[8 3],25,78,94,53,65
1,<environment.Job instance at 0x7ff2e39452d0>,26,22,[9 4],27,94,116,67,87
1,<environment.Job instance at 0x7ff2e3815f50>,31,22,[4 8],32,88,110,56,88
1,<environment.Job instance at 0x7ff2e3358dc0>,33,16,[2 8],34,110,126,76,97
1,<environment.Job instance at 0x7ff2e33830a0>,0,17,[2 6],1,1,18,0,1
1,<environment.Job instance at 0x7ff2e32516e0>,3,12,[ 1 10],4,18,30,14,4
1,<environment.Job instance at 0x7ff2e32517d0>,5,14,[9 5],6,6,20,0,6
1,<environment.Job instance at 0x7ff2e38f9d70>,8,17,[2 8],9,30,47,21,18
1,<environment.Job instance at 0x7ff2e3252370>,22,23,[2 8],23,47,70,24,41
1,<environment.Job instance at 0x7ff2e3252550>,24,20,[2 8],25,70,90,45,61
1,<environment.Job instance at 0x7ff2e3252730>,27,21,[5 9],28,90,111,62,82
1,<environment.Job instance at 0x7ff2e3252b90>,34,15,[6 4],35,82,97,47,82
1,<environment.Job instance at 0x7ff2e3252e10>,38,13,[7 1],39,97,110,58,82
1,<environment.Job instance at 0x7ff2e3252eb0>,39,16,[2 6],40,110,126,70,97
1,<environment.Job instance at 0x7ff2e329d690>,1,18,[5 8],2,2,20,0,2
1,<environment.Job instance at 0x7ff2e3289c30>,3,17,[6 1],4,4,21,0,4
1,<environment.Job instance at 0x7ff2e3289cd0>,5,12,[ 2 10],6,20,32,14,6
1,<environment.Job instance at 0x7ff2e3289140>,6,15,[9 2],7,21,36,14,7
1,<environment.Job instance at 0x7ff2e329db40>,8,17,[7 3],9,36,53,27,24
1,<environment.Job instance at 0x7ff2e3289230>,13,18,[4 7],14,32,50,18,24
1,<environment.Job instance at 0x7ff2e32890a0>,16,20,[2 6],17,50,70,33,41
1,<environment.Job instance at 0x7ff2e3289e60>,21,17,[10  4],22,53,70,31,41
1,<environment.Job instance at 0x7ff2e32ab9b0>,23,16,[8 4],24,70,86,46,57
1,<environment.Job instance at 0x7ff2e32ab280>,26,15,[5 7],27,70,85,43,57
1,<environment.Job instance at 0x7ff2e32ab690>,29,19,[10  1],30,86,105,56,76
1,<environment.Job instance at 0x7ff2e32ab370>,31,18,[9 4],32,105,123,73,94
1,<environment.Job instance at 0x7ff2e323ad70>,1,17,[2 7],2,2,19,0,2
1,<environment.Job instance at 0x7ff2e3b0f500>,2,14,[4 9],3,19,33,16,4
1,<environment.Job instance at 0x7ff2e3b0f870>,5,12,[4 8],6,6,18,0,6
1,<environment.Job instance at 0x7ff2e3b0fd20>,15,16,[5 5],16,18,34,2,16
1,<environment.Job instance at 0x7ff2e47c2cd0>,20,14,[ 2 11],21,34,48,13,21
1,<environment.Job instance at 0x7ff2e3b0f460>,18,13,[8 5],19,48,61,29,33
1,<environment.Job instance at 0x7ff2e47c25f0>,25,12,[1 9],26,48,60,22,33
1,<environment.Job instance at 0x7ff2e47c2e10>,21,16,[6 5],22,60,76,38,47
1,<environment.Job instance at 0x7ff2e47c2fa0>,27,21,[7 2],28,61,82,33,53
1,<environment.Job instance at 0x7ff2e47c2b40>,26,15,[8 2],27,76,91,49,62
1,<environment.Job instance at 0x7ff2e47c2c30>,31,13,[6 1],32,82,95,50,67
1,<environment.Job instance at 0x7ff2e47c2a50>,32,13,[1 8],33,82,95,49,70
1,<environment.Job instance at 0x7ff2e47c2820>,28,15,[ 5 10],29,95,110,66,81
1,<environment.Job instance at 0x7ff2e47c2c80>,34,13,[12  5],35,110,123,75,94
1,<environment.Job instance at 0x7ff2e3248410>,3,18,[6 5],4,4,22,0,4
1,<environment.Job instance at 0x7ff2e3248af0>,7,15,[11  5],8,22,37,14,8
1,<environment.Job instance at 0x7ff2e3248910>,8,12,[1 7],9,9,21,0,9
1,<environment.Job instance at 0x7ff2e3238af0>,17,18,[6 5],18,37,55,19,26
1,<environment.Job instance at 0x7ff2e412f140>,21,18,[5 7],22,37,55,15,27
1,<environment.Job instance at 0x7ff2e3a6aa00>,22,15,[6 2],23,55,70,32,41
1,<environment.Job instance at 0x7ff2e32389b0>,18,17,[9 4],19,55,72,36,44
1,<environment.Job instance at 0x7ff2e3b77640>,30,19,[5 6],31,70,89,39,61
1,<environment.Job instance at 0x7ff2e3238b90>,12,18,[5 8],13,72,90,59,62
1,<environment.Job instance at 0x7ff2e4112f00>,40,14,[1 7],41,89,103,48,75
1,<environment.Job instance at 0x7ff2e411e230>,42,14,[6 2],43,90,104,47,75
1,<environment.Job instance at 0x7ff2e43eeeb0>,45,14,[1 6],46,90,104,44,75
1,<environment.Job instance at 0x7ff2e32445a0>,46,15,[5 7],47,103,118,56,89
1,<environment.Job instance at 0x7ff2e326af00>,50,18,[5 2],51,104,122,53,93
1,<environment.Job instance at 0x7ff2e3288e60>,5,14,[4 7],6,6,20,0,6
1,<environment.Job instance at 0x7ff2e32885a0>,6,16,[9 4],7,7,23,0,7
1,<environment.Job instance at 0x7ff2e3288460>,10,16,[ 3 10],11,20,36,9,11
1,<environment.Job instance at 0x7ff2e32887d0>,11,18,[5 5],12,23,41,11,12
1,<environment.Job instance at 0x7ff2e4158050>,16,18,[1 5],17,36,54,19,25
1,<environment.Job instance at 0x7ff2e4158f00>,18,19,[4 5],19,36,55,17,26
1,<environment.Job instance at 0x7ff2e43f31e0>,24,13,[5 5],25,41,54,16,26
1,<environment.Job instance at 0x7ff2e43f3730>,26,16,[8 3],27,54,70,27,41
1,<environment.Job instance at 0x7ff2e4158410>,12,16,[5 5],13,55,71,42,46
1,<environment.Job instance at 0x7ff2e43f3870>,29,21,[8 2],30,70,91,40,62
1,<environment.Job instance at 0x7ff2e43f3370>,33,18,[5 5],34,71,89,37,62
1,<environment.Job instance at 0x7ff2e43f39b0>,34,20,[5 9],35,89,109,54,80
1,<environment.Job instance at 0x7ff2e43f3410>,37,14,[5 1],38,91,105,53,80
1,<environment.Job instance at 0x7ff2e43e0230>,44,18,[8 3],45,105,123,60,94
1,<environment.Job instance at 0x7ff2e43e06e0>,47,15,[6 2],48,109,124,61,95
1,<environment.Job instance at 0x7ff2e326c320>,1,16,[6 3],2,2,18,0,2
1,<environment.Job instance at 0x7ff2e3c90dc0>,6,21,[8 1],7,7,28,0,7
1,<environment.Job instance at 0x7ff2e3c7f0f0>,10,18,[10  5],11,28,46,17,17
1,<environment.Job instance at 0x7ff2e3c7f2d0>,12,23,[4 7],13,18,41,5,18
1,<environment.Job instance at 0x7ff2e3c7f410>,14,18,[10  1],15,46,64,31,37
1,<environment.Job instance at 0x7ff2e3c7f550>,16,15,[9 4],17,64,79,47,50
1,<environment.Job instance at 0x7ff2e3c7f190>,17,21,[4 6],18,50,71,32,50
1,<environment.Job instance at 0x7ff2e3c7f6e0>,18,14,[5 7],19,71,85,52,56
1,<environment.Job instance at 0x7ff2e3c7fbe0>,26,20,[5 7],27,79,99,52,70
1,<environment.Job instance at 0x7ff2e3c7fc80>,27,16,[4 8],28,85,101,57,72
1,<environment.Job instance at 0x7ff2e3c98140>,34,16,[10  5],35,99,115,64,86
1,<environment.Job instance at 0x7ff2e3c98280>,36,16,[1 7],37,101,117,64,88
1,<environment.Job instance at 0x7ff2e3c98500>,2,18,[10  2],3,3,21,0,3
1,<environment.Job instance at 0x7ff2e3c48230>,4,16,[11  2],5,21,37,16,8
1,<environment.Job instance at 0x7ff2e3474a00>,9,20,[ 1 11],10,10,30,0,10
1,<environment.Job instance at 0x7ff2e3474500>,14,17,[3 5],15,30,47,15,18
1,<environment.Job instance at 0x7ff2e34743c0>,7,17,[2 6],8,37,54,29,25
1,<environment.Job instance at 0x7ff2e33c24b0>,20,15,[7 4],21,37,52,16,25
1,<environment.Job instance at 0x7ff2e33c2cd0>,26,15,[5 5],27,47,62,20,34
1,<environment.Job instance at 0x7ff2e3474c80>,12,15,[4 5],13,54,69,41,40
1,<environment.Job instance at 0x7ff2e3c48730>,13,25,[9 2],14,62,87,48,59
1,<environment.Job instance at 0x7ff2e33c2730>,30,18,[5 9],31,69,87,38,65
1,<environment.Job instance at 0x7ff2e33c2820>,32,21,[13  5],33,87,108,54,79
1,<environment.Job instance at 0x7ff2e33c2af0>,33,19,[1 9],34,91,110,57,91
1,<environment.Job instance at 0x7ff2e42ff5f0>,0,14,[10  2],1,1,15,0,1
1,<environment.Job instance at 0x7ff2e33c20f0>,1,22,[5 5],2,2,24,0,2
1,<environment.Job instance at 0x7ff2e33c2af0>,3,14,[4 9],4,15,29,11,4
1,<environment.Job instance at 0x7ff2e3d30b90>,12,21,[6 4],13,24,45,11,17
1,<environment.Job instance at 0x7ff2e3d30960>,16,16,[5 6],17,29,45,12,17
1,<environment.Job instance at 0x7ff2e3d305f0>,9,15,[5 5],10,45,60,35,35
1,<environment.Job instance at 0x7ff2e40734b0>,19,13,[5 5],20,45,58,25,35
1,<environment.Job instance at 0x7ff2e4073230>,20,14,[14  4],21,60,74,39,45
1,<environment.Job instance at 0x7ff2e3d30d70>,13,27,[ 2 11],14,74,101,60,72
1,<environment.Job instance at 0x7ff2e4073a50>,22,24,[12  4],23,74,98,51,73
1,<environment.Job instance at 0x7ff2e4073eb0>,23,14,[4 5],24,101,115,77,86
1,<environment.Job instance at 0x7ff2e368a230>,0,14,[8 4],1,1,15,0,1
1,<environment.Job instance at 0x7ff2e368a050>,6,15,[13  5],7,15,30,8,8
1,<environment.Job instance at 0x7ff2e368aa50>,10,12,[ 1 12],11,30,42,19,13
1,<environment.Job instance at 0x7ff2e368a690>,7,20,[4 5],8,42,62,34,34
1,<environment.Job instance at 0x7ff2e3ec2500>,17,22,[5 7],18,47,69,29,47
1,<environment.Job instance at 0x7ff2e3513500>,26,18,[1 6],27,62,80,35,51
1,<environment.Job instance at 0x7ff2e35139b0>,27,20,[1 9],28,69,89,41,60
1,<environment.Job instance at 0x7ff2e3513370>,31,17,[7 3],32,80,97,48,74
1,<environment.Job instance at 0x7ff2e3d6aaf0>,37,15,[6 1],38,80,95,42,76
1,<environment.Job instance at 0x7ff2e43a3460>,46,16,[9 2],47,97,113,50,84
1,<environment.Job instance at 0x7ff2e40055a0>,50,22,[1 5],51,89,111,38,84
1,<environment.Job instance at 0x7ff2e4005960>,53,20,[1 5],54,89,109,35,84
1,<environment.Job instance at 0x7ff2e3398230>,57,18,[5 5],58,109,127,51,99
1,<environment.Job instance at 0x7ff2ecdf7050>,0,13,[5 5],1,1,14,0,1
1,<environment.Job instance at 0x7ff2e37ff140>,2,19,[2 6],3,3,22,0,3
1,<environment.Job instance at 0x7ff2e3f55c80>,6,18,[2 5],7,14,32,7,7
1,<environment.Job instance at 0x7ff2e32477d0>,12,12,[13  4],13,22,34,9,14
1,<environment.Job instance at 0x7ff2e3247460>,13,16,[1 7],14,32,48,18,19
1,<environment.Job instance at 0x7ff2e3247e60>,11,18,[3 9],12,48,66,36,37
1,<environment.Job instance at 0x7ff2e4378820>,17,17,[5 7],18,66,83,48,54
1,<environment.Job instance at 0x7ff2e43781e0>,18,17,[6 2],19,54,71,35,54
1,<environment.Job instance at 0x7ff2e3dcb500>,25,16,[10  3],26,71,87,45,58
1,<environment.Job instance at 0x7ff2e3483e60>,29,17,[9 4],30,87,104,57,75
1,<environment.Job instance at 0x7ff2e47abf00>,32,20,[5 3],33,83,103,50,75
1,<environment.Job instance at 0x7ff2ed388c80>,41,16,[4 6],42,103,119,61,90
1,<environment.Job instance at 0x7ff2ed388e10>,42,15,[5 1],43,104,119,61,90
1,<environment.Job instance at 0x7ff2e3c60cd0>,52,15,[3 7],53,104,119,51,90
1,<environment.Job instance at 0x7ff2e31c7e10>,1,18,[1 9],2,2,20,0,2
1,<environment.Job instance at 0x7ff2e31c7690>,3,18,[7 1],4,4,22,0,4
1,<environment.Job instance at 0x7ff2e31c7870>,4,19,[7 3],5,5,24,0,5
1,<environment.Job instance at 0x7ff2e3ed8870>,9,13,[5 8],10,22,35,12,11
1,<environment.Job instance at 0x7ff2e3cd3500>,16,22,[4 5],17,24,46,7,17
1,<environment.Job instance at 0x7ff2e3cd3c30>,18,19,[2 5],19,35,54,16,25
1,<environment.Job instance at 0x7ff2e3b5a460>,20,12,[7 2],21,35,47,14,25
1,<environment.Job instance at 0x7ff2e3859960>,26,19,[3 7],27,46,65,19,36
1,<environment.Job instance at 0x7ff2e3859e60>,29,17,[5 4],30,54,71,24,42
1,<environment.Job instance at 0x7ff2e3762aa0>,30,19,[5 8],31,65,84,34,55
1,<environment.Job instance at 0x7ff2e43e3410>,32,19,[8 1],33,71,90,38,62
1,<environment.Job instance at 0x7ff2e41fa370>,34,13,[6 5],35,84,97,49,68
1,<environment.Job instance at 0x7ff2e3685460>,37,20,[1 7],38,84,104,46,75
1,<environment.Job instance at 0x7ff2e3b14320>,39,15,[9 4],40,97,112,57,83
1,<environment.Job instance at 0x7ff2e3aabaf0>,42,16,[8 2],43,112,128,69,99
1,<environment.Job instance at 0x7ff2e41f5e10>,44,14,[4 7],45,104,118,59,99
1,<environment.Job instance at 0x7ff2e3b5d500>,0,13,[ 4 12],1,1,14,0,1
1,<environment.Job instance at 0x7ff2e3b5d9b0>,3,14,[10  5],4,14,28,10,4
1,<environment.Job instance at 0x7ff2e3b5d190>,5,12,[3 5],6,14,26,8,8
1,<environment.Job instance at 0x7ff2e3785a00>,11,15,[1 7],12,26,41,14,12
1,<environment.Job instance at 0x7ff2e3785aa0>,12,14,[10  2],13,28,42,15,13
1,<environment.Job instance at 0x7ff2e3785730>,14,14,[4 8],15,41,55,26,26
1,<environment.Job instance at 0x7ff2e3b5d780>,15,12,[9 1],16,42,54,26,26
1,<environment.Job instance at 0x7ff2e3785640>,20,13,[9 3],21,54,67,33,38
1,<environment.Job instance at 0x7ff2e3b5dbe0>,7,14,[ 2 12],8,55,69,47,45
1,<environment.Job instance at 0x7ff2e3907460>,28,15,[ 5 10],29,69,84,40,60
1,<environment.Job instance at 0x7ff2e3785c80>,27,20,[6 5],28,69,89,41,60
1,<environment.Job instance at 0x7ff2e3907a50>,30,15,[5 8],31,84,99,53,70
1,<environment.Job instance at 0x7ff2e3907910>,31,24,[1 6],32,89,113,57,84
1,<environment.Job instance at 0x7ff2e3907b40>,33,16,[2 8],34,99,115,65,86
1,<environment.Job instance at 0x7ff2e334eb90>,0,12,[2 5],1,1,13,0,1
1,<environment.Job instance at 0x7ff2e42180a0>,5,14,[8 5],6,6,20,0,6
1,<environment.Job instance at 0x7ff2e4099870>,8,20,[6 3],9,13,33,4,9
1,<environment.Job instance at 0x7ff2e4099d20>,9,21,[3 6],10,20,41,10,12
1,<environment.Job instance at 0x7ff2e2feb870>,14,12,[7 1],15,33,45,18,16
1,<environment.Job instance at 0x7ff2e408b280>,18,12,[7 5],19,41,53,22,24
1,<environment.Job instance at 0x7ff2e421f370>,20,18,[9 3],21,53,71,32,42
1,<environment.Job instance at 0x7ff2e411e050>,21,17,[9 4],22,71,88,49,59
1,<environment.Job instance at 0x7ff2e31c7500>,26,17,[4 8],27,59,76,32,59
1,<environment.Job instance at 0x7ff2e410f500>,27,14,[5 6],28,76,90,48,61
1,<environment.Job instance at 0x7ff2e3775f00>,28,16,[8 4],29,88,104,59,75
1,<environment.Job instance at 0x7ff2e35cd0a0>,31,21,[9 3],32,104,125,72,96
1,<environment.Job instance at 0x7ff2e3d6dbe0>,0,16,[ 3 14],1,1,17,0,1
1,<environment.Job instance at 0x7ff2e3d8f9b0>,2,14,[8 4],3,17,31,14,3
1,<environment.Job instance at 0x7ff2e4833eb0>,3,19,[ 2 10],4,17,36,13,7
1,<environment.Job instance at 0x7ff2e482f140>,7,14,[11  2],8,31,45,23,17
1,<environment.Job instance at 0x7ff2e482f4b0>,11,13,[4 5],12,36,49,24,20
1,<environment.Job instance at 0x7ff2e4833e10>,6,14,[9 3],7,45,59,38,30
1,<environment.Job instance at 0x7ff2e4833fa0>,5,22,[ 1 12],6,49,71,43,42
1,<environment.Job instance at 0x7ff2e482f690>,14,22,[1 8],15,71,93,56,64
1,<environment.Job instance at 0x7ff2e482f9b0>,18,28,[14  2],19,64,92,45,64
1,<environment.Job instance at 0x7ff2e482f870>,17,20,[5 4],18,92,112,74,83
1,<environment.Job instance at 0x7ff2e482f5f0>,13,14,[8 4],14,93,107,79,83
1,<environment.Job instance at 0x7ff2e482fcd0>,23,13,[ 2 10],24,107,120,83,91
1,<environment.Job instance at 0x7ff2e482feb0>,26,13,[6 5],27,112,125,85,96
1,<environment.Job instance at 0x7ff2e48de1e0>,1,14,[1 9],2,2,16,0,2
1,<environment.Job instance at 0x7ff2e48390f0>,2,12,[11  1],3,3,15,0,3
1,<environment.Job instance at 0x7ff2e482f7d0>,4,13,[5 5],5,15,28,10,5
1,<environment.Job instance at 0x7ff2e48de410>,9,17,[3 5],10,16,33,6,10
1,<environment.Job instance at 0x7ff2e48de730>,11,15,[7 1],12,15,30,3,12
1,<environment.Job instance at 0x7ff2e48de460>,13,12,[8 4],14,30,42,16,18
1,<environment.Job instance at 0x7ff2e48d7a00>,17,17,[ 2 10],18,33,50,15,21
1,<environment.Job instance at 0x7ff2e48d79b0>,20,22,[3 5],21,42,64,21,35
1,<environment.Job instance at 0x7ff2e48d7730>,24,22,[2 8],25,50,72,25,43
1,<environment.Job instance at 0x7ff2e48e5960>,26,20,[1 7],27,64,84,37,55
1,<environment.Job instance at 0x7ff2e48e51e0>,27,18,[9 3],28,72,90,44,61
1,<environment.Job instance at 0x7ff2e48e5910>,28,16,[3 8],29,84,100,55,71
1,<environment.Job instance at 0x7ff2e48e55f0>,29,14,[6 2],30,90,104,60,75
1,<environment.Job instance at 0x7ff2e48e59b0>,32,14,[4 7],33,100,114,67,85
1,<environment.Job instance at 0x7ff2e48e54b0>,37,14,[5 6],38,100,114,62,85
1,<environment.Job instance at 0x7ff2e34af460>,0,28,[5 4],1,1,29,0,1
1,<environment.Job instance at 0x7ff2e303d730>,1,19,[5 4],2,2,21,0,2
1,<environment.Job instance at 0x7ff2e37b4cd0>,12,16,[1 7],13,13,29,0,13
1,<environment.Job instance at 0x7ff2e37b4140>,16,20,[1 7],17,29,49,12,20
1,<environment.Job instance at 0x7ff2e37b4780>,19,15,[9 2],20,21,36,1,20
1,<environment.Job instance at 0x7ff2e4378dc0>,21,17,[7 5],22,36,53,14,24
1,<environment.Job instance at 0x7ff2e43781e0>,24,19,[5 3],25,29,48,4,25
1,<environment.Job instance at 0x7ff2e4378640>,28,14,[5 5],29,49,63,20,34
1,<environment.Job instance at 0x7ff2e4378f50>,30,21,[6 3],31,53,74,22,45
1,<environment.Job instance at 0x7ff2e4378a50>,31,20,[6 5],32,63,83,31,54
1,<environment.Job instance at 0x7ff2e4378460>,35,19,[5 4],36,74,93,38,64
1,<environment.Job instance at 0x7ff2e3c738c0>,42,18,[4 9],43,83,101,40,74
1,<environment.Job instance at 0x7ff2e3c73280>,51,16,[3 8],52,101,117,49,88
1,<environment.Job instance at 0x7ff2e3c73820>,55,17,[3 5],56,93,110,37,88
1,<environment.Job instance at 0x7ff4418cc320>,1,15,[5 2],2,2,17,0,2
1,<environment.Job instance at 0x7ff438154640>,5,18,[7 5],6,6,24,0,6
1,<environment.Job instance at 0x7ff438154820>,7,12,[7 2],8,17,29,9,8
1,<environment.Job instance at 0x7ff4381549b0>,9,17,[8 1],10,24,41,14,12
1,<environment.Job instance at 0x7ff438154960>,12,22,[4 6],13,29,51,16,22
1,<environment.Job instance at 0x7ff438154d20>,18,18,[3 6],19,29,47,10,22
1,<environment.Job instance at 0x7ff438155190>,20,18,[7 5],21,47,65,26,36
1,<environment.Job instance at 0x7ff4381553c0>,23,18,[7 4],24,51,69,27,40
1,<environment.Job instance at 0x7ff4381555f0>,26,20,[4 8],27,65,85,38,56
1,<environment.Job instance at 0x7ff438155730>,28,20,[5 8],29,85,105,56,76
1,<environment.Job instance at 0x7ff438155870>,30,15,[8 2],31,76,91,45,76
1,<environment.Job instance at 0x7ff438155910>,31,13,[4 5],32,91,104,59,76
1,<environment.Job instance at 0x7ff438155a50>,33,16,[9 3],34,104,120,70,91
1,<environment.Job instance at 0x7ff438155af0>,34,20,[5 3],35,105,125,70,96
1,<environment.Job instance at 0x7ff43829d730>,0,15,[2 6],1,1,16,0,1
1,<environment.Job instance at 0x7ff43829d5f0>,4,20,[5 7],5,5,25,0,5
1,<environment.Job instance at 0x7ff43829db90>,7,21,[1 6],8,16,37,8,8
1,<environment.Job instance at 0x7ff43829d780>,9,14,[9 1],10,16,30,6,10
1,<environment.Job instance at 0x7ff43829d5a0>,10,15,[9 2],11,30,45,19,16
1,<environment.Job instance at 0x7ff43829d410>,13,16,[1 8],14,37,53,23,25
1,<environment.Job instance at 0x7ff43829d050>,14,24,[5 6],15,45,69,30,40
1,<environment.Job instance at 0x7ff437a7d280>,19,19,[4 7],20,53,72,33,43
1,<environment.Job instance at 0x7ff437829f00>,20,21,[4 6],21,69,90,48,61
1,<environment.Job instance at 0x7ff437877190>,21,27,[4 8],22,72,99,50,70
1,<environment.Job instance at 0x7ff437bb75a0>,25,16,[5 2],26,90,106,64,78
1,<environment.Job instance at 0x7ff437bfa4b0>,32,18,[10  5],33,99,117,66,88
1,<environment.Job instance at 0x7ff437c2c7d0>,40,15,[6 2],41,117,132,76,103
1,<environment.Job instance at 0x7ff437c2ceb0>,41,15,[6 2],42,117,132,75,103
1,<environment.Job instance at 0x7ff437c5ecd0>,45,13,[2 6],46,106,119,60,103
1,<environment.Job instance at 0x7ff437840f00>,0,12,[5 9],1,1,13,0,1
1,<environment.Job instance at 0x7ff437c5ed70>,1,14,[2 9],2,13,27,11,2
1,<environment.Job instance at 0x7ff437c5ee10>,3,15,[5 9],4,27,42,23,13
1,<environment.Job instance at 0x7ff4377ddc30>,17,20,[5 2],18,18,38,0,18
1,<environment.Job instance at 0x7ff4377dd320>,18,20,[7 4],19,38,58,19,29
1,<environment.Job instance at 0x7ff4377dd410>,19,20,[6 2],20,42,62,22,33
1,<environment.Job instance at 0x7ff4378063c0>,23,18,[8 5],24,58,76,34,47
1,<environment.Job instance at 0x7ff437806a50>,29,21,[6 4],30,62,83,32,54
1,<environment.Job instance at 0x7ff437806190>,30,17,[2 6],31,76,93,45,64
1,<environment.Job instance at 0x7ff437806320>,32,17,[8 5],33,83,100,50,71
1,<environment.Job instance at 0x7ff437806aa0>,34,19,[10  4],35,100,119,65,90
1,<environment.Job instance at 0x7ff4385e8b90>,48,13,[3 5],49,93,106,44,90
1,<environment.Job instance at 0x7ff437a2ea50>,52,14,[3 5],53,106,120,53,91
1,<environment.Job instance at 0x7ff437ddaf00>,1,22,[4 8],2,2,24,0,2
1,<environment.Job instance at 0x7ff4385fbd20>,5,13,[2 5],6,6,19,0,6
1,<environment.Job instance at 0x7ff4386ba8c0>,2,13,[ 4 10],3,24,37,21,12
1,<environment.Job instance at 0x7ff4386ba9b0>,3,16,[2 8],4,37,53,33,24
1,<environment.Job instance at 0x7ff437cef820>,8,28,[3 5],9,25,53,16,25
1,<environment.Job instance at 0x7ff4380b77d0>,10,12,[4 7],11,53,65,42,40
1,<environment.Job instance at 0x7ff4378935f0>,9,19,[1 8],10,53,72,43,45
1,<environment.Job instance at 0x7ff437cef190>,6,18,[13  2],7,65,83,58,54
1,<environment.Job instance at 0x7ff4380d3cd0>,15,27,[2 8],16,72,99,56,71
1,<environment.Job instance at 0x7ff437c88960>,16,12,[ 3 11],17,99,111,82,82
1,<environment.Job instance at 0x7ff437e32f00>,17,17,[6 3],18,83,100,65,82
1,<environment.Job instance at 0x7ff437b6cdc0>,18,20,[12  2],19,100,120,81,91
1,<environment.Job instance at 0x7ff437fba050>,4,22,[5 3],5,5,27,0,5
1,<environment.Job instance at 0x7ff437fc10f0>,8,17,[9 1],9,9,26,0,9
1,<environment.Job instance at 0x7ff437fd4820>,11,16,[1 8],12,12,28,0,12
1,<environment.Job instance at 0x7ff437fd4e60>,14,12,[3 5],15,27,39,12,15
1,<environment.Job instance at 0x7ff437fd4640>,15,14,[5 8],16,28,42,12,16
1,<environment.Job instance at 0x7ff437feb280>,25,14,[3 6],26,39,53,13,26
1,<environment.Job instance at 0x7ff437fc2190>,28,13,[1 9],29,42,55,13,36
1,<environment.Job instance at 0x7ff437feb820>,29,16,[2 5],30,53,69,23,40
1,<environment.Job instance at 0x7ff437fc2960>,33,14,[1 9],34,55,69,21,40
1,<environment.Job instance at 0x7ff437fea4b0>,35,21,[5 4],36,69,90,33,61
1,<environment.Job instance at 0x7ff437fea370>,39,12,[2 9],40,69,81,29,61
1,<environment.Job instance at 0x7ff4377890a0>,47,12,[1 6],48,81,93,33,64
1,<environment.Job instance at 0x7ff43883f910>,49,16,[7 3],50,81,97,31,69
1,<environment.Job instance at 0x7ff43773e870>,54,17,[2 5],55,90,107,35,78
1,<environment.Job instance at 0x7ff43773e1e0>,55,14,[8 2],56,97,111,41,82
1,<environment.Job instance at 0x7ff43774d6e0>,61,18,[5 8],62,97,115,35,91
1,<environment.Job instance at 0x7ff437740690>,66,15,[9 2],67,111,126,44,97
1,<environment.Job instance at 0x7ff437feb550>,21,14,[ 3 11],22,115,129,93,100
1,<environment.Job instance at 0x7ff437733730>,5,17,[ 5 10],6,6,23,0,6
1,<environment.Job instance at 0x7ff437733910>,7,14,[ 3 10],8,23,37,15,8
1,<environment.Job instance at 0x7ff4377330f0>,9,13,[6 2],10,10,23,0,10
1,<environment.Job instance at 0x7ff437733690>,10,20,[6 5],11,23,43,12,14
1,<environment.Job instance at 0x7ff438599be0>,17,14,[7 5],18,37,51,19,22
1,<environment.Job instance at 0x7ff438599c80>,22,14,[9 5],23,51,65,28,36
1,<environment.Job instance at 0x7ff438599d20>,34,16,[5 5],35,43,59,8,39
1,<environment.Job instance at 0x7ff4377b0a50>,37,19,[5 7],38,59,78,21,50
1,<environment.Job instance at 0x7ff4377b0910>,38,18,[1 5],39,65,83,26,54
1,<environment.Job instance at 0x7ff4377b0410>,41,17,[7 4],42,78,95,36,66
1,<environment.Job instance at 0x7ff4377b0500>,43,12,[4 8],44,83,95,39,79
1,<environment.Job instance at 0x7ff4377b0be0>,49,12,[5 5],50,95,107,45,79
1,<environment.Job instance at 0x7ff4377b03c0>,51,17,[2 7],52,95,112,43,93
1,<environment.Job instance at 0x7ff438599960>,21,28,[11  4],22,107,135,85,106
1,<environment.Job instance at 0x7ff4377b0870>,52,14,[4 9],53,112,126,59,109
1,<environment.Job instance at 0x7ff438b21190>,0,13,[5 8],1,1,14,0,1
1,<environment.Job instance at 0x7ff438b21aa0>,4,23,[8 4],5,5,28,0,5
1,<environment.Job instance at 0x7ff438b21910>,7,13,[7 5],8,14,27,6,8
1,<environment.Job instance at 0x7ff438b213c0>,8,13,[1 8],9,27,40,18,11
1,<environment.Job instance at 0x7ff4388dbb40>,17,13,[10  4],18,28,41,10,18
1,<environment.Job instance at 0x7ff4388dbe60>,18,23,[4 5],19,40,63,21,34
1,<environment.Job instance at 0x7ff4388dbf00>,21,13,[ 4 10],22,41,54,19,34
1,<environment.Job instance at 0x7ff4388db370>,22,17,[3 9],23,54,71,31,42
1,<environment.Job instance at 0x7ff4388db050>,27,12,[5 1],28,54,66,26,42
1,<environment.Job instance at 0x7ff438847320>,37,20,[ 2 10],38,71,91,33,62
1,<environment.Job instance at 0x7ff438847780>,43,18,[6 5],44,63,81,19,62
1,<environment.Job instance at 0x7ff4388c5e10>,48,12,[1 7],49,91,103,42,74
1,<environment.Job instance at 0x7ff4388c5dc0>,52,18,[5 8],53,91,109,38,80
1,<environment.Job instance at 0x7ff4388c56e0>,57,18,[6 5],58,103,121,45,92
1,<environment.Job instance at 0x7ff4388c5f00>,58,17,[9 4],59,109,126,50,97
1,<environment.Job instance at 0x7ff43775b280>,0,13,[3 5],1,1,14,0,1
1,<environment.Job instance at 0x7ff437ea1640>,17,18,[9 1],18,18,36,0,18
1,<environment.Job instance at 0x7ff438109690>,22,19,[5 3],23,23,42,0,23
1,<environment.Job instance at 0x7ff437e73280>,27,14,[8 2],28,36,50,8,28
1,<environment.Job instance at 0x7ff437e73690>,28,13,[5 3],29,42,55,13,29
1,<environment.Job instance at 0x7ff437e73230>,34,12,[ 3 11],35,50,62,15,36
1,<environment.Job instance at 0x7ff437f997d0>,35,14,[4 7],36,62,76,26,47
1,<environment.Job instance at 0x7ff437e730f0>,24,21,[6 4],25,55,76,30,49
1,<environment.Job instance at 0x7ff438930500>,39,25,[3 9],40,76,101,36,72
1,<environment.Job instance at 0x7ff4389306e0>,41,18,[5 5],42,76,94,34,73
1,<environment.Job instance at 0x7ff437f91a00>,42,16,[5 5],43,94,110,51,81
1,<environment.Job instance at 0x7ff438930dc0>,46,18,[1 5],47,101,119,54,93
1,<environment.Job instance at 0x7ff4389307d0>,40,16,[ 3 10],41,110,126,69,99
1,<environment.Job instance at 0x7ff437b8a280>,0,23,[ 3 11],1,1,24,0,1
1,<environment.Job instance at 0x7ff438946d70>,6,15,[6 1],7,7,22,0,7
1,<environment.Job instance at 0x7ff438946870>,8,17,[5 5],9,24,41,15,12
1,<environment.Job instance at 0x7ff438946be0>,10,13,[3 8],11,24,37,13,12
1,<environment.Job instance at 0x7ff438946910>,12,17,[1 8],13,37,54,24,25
1,<environment.Job instance at 0x7ff438946e10>,14,17,[1 9],15,54,71,39,42
1,<environment.Job instance at 0x7ff438946690>,16,13,[9 2],17,42,55,25,42
1,<environment.Job instance at 0x7ff438b569b0>,21,16,[6 3],22,55,71,33,42
1,<environment.Job instance at 0x7ff438b56fa0>,26,21,[8 1],27,55,76,28,47
1,<environment.Job instance at 0x7ff438b56550>,30,18,[10  5],31,76,94,45,65
1,<environment.Job instance at 0x7ff438411d70>,33,19,[ 4 10],34,71,90,37,65
1,<environment.Job instance at 0x7ff438411c80>,34,18,[10  1],35,94,112,59,83
1,<environment.Job instance at 0x7ff438411690>,36,15,[9 4],37,112,127,75,98
1,<environment.Job instance at 0x7ff438411cd0>,37,21,[4 6],38,98,119,60,98
1,<environment.Job instance at 0x7ff438411960>,38,14,[5 7],39,119,133,80,104
1,<environment.Job instance at 0x7ff43812fb40>,0,17,[2 6],1,1,18,0,1
1,<environment.Job instance at 0x7ff437738370>,3,22,[5 3],4,4,26,0,4
1,<environment.Job instance at 0x7ff437738910>,14,16,[11  2],15,26,42,11,15
1,<environment.Job instance at 0x7ff437738c80>,17,17,[2 6],18,28,45,10,28
1,<environment.Job instance at 0x7ff437738aa0>,22,15,[4 5],23,42,57,19,28
1,<environment.Job instance at 0x7ff4377389b0>,24,17,[3 5],25,45,62,20,38
1,<environment.Job instance at 0x7ff437746140>,30,15,[7 4],31,42,57,11,42
1,<environment.Job instance at 0x7ff437746960>,36,15,[5 5],37,57,72,20,44
1,<environment.Job instance at 0x7ff4377384b0>,13,26,[5 5],14,57,83,43,55
1,<environment.Job instance at 0x7ff437746cd0>,41,17,[2 5],42,62,79,20,55
1,<environment.Job instance at 0x7ff437746e60>,42,21,[13  5],43,83,104,40,78
1,<environment.Job instance at 0x7ff437732280>,84,20,[2 7],85,86,106,1,86
1,<environment.Job instance at 0x7ff437738a50>,15,26,[5 8],16,104,130,88,101
1,<environment.Job instance at 0x7ff4377322d0>,91,15,[2 7],92,106,121,14,101
1,<environment.Job instance at 0x7ff437c7f0a0>,0,14,[10  2],1,1,15,0,1
1,<environment.Job instance at 0x7ff4387abc30>,1,22,[5 5],2,3,25,1,3
1,<environment.Job instance at 0x7ff437c7f5f0>,3,14,[4 9],4,15,29,11,4
1,<environment.Job instance at 0x7ff438261af0>,9,15,[5 5],10,25,40,15,12
1,<environment.Job instance at 0x7ff437c7fa50>,4,26,[6 1],5,15,41,10,12
1,<environment.Job instance at 0x7ff438261eb0>,11,12,[ 1 10],12,40,52,28,23
1,<environment.Job instance at 0x7ff438912dc0>,17,25,[13  1],18,41,66,23,38
1,<environment.Job instance at 0x7ff438912af0>,16,16,[5 6],17,66,82,49,53
1,<environment.Job instance at 0x7ff438912410>,19,13,[5 5],20,66,79,46,53
1,<environment.Job instance at 0x7ff438912500>,23,14,[4 5],24,79,93,55,64
1,<environment.Job instance at 0x7ff438912370>,25,14,[1 7],26,82,96,56,67
1,<environment.Job instance at 0x7ff438912280>,26,13,[4 5],27,93,106,66,77
1,<environment.Job instance at 0x7ff438261690>,12,21,[6 4],13,96,117,83,88
1,<environment.Job instance at 0x7ff438261640>,7,20,[3 6],8,96,116,88,94
1,<environment.Job instance at 0x7ff438912f50>,32,13,[11  4],33,117,130,84,101
1,<environment.Job instance at 0x7ff437acf5f0>,0,12,[ 1 12],1,1,13,0,1
1,<environment.Job instance at 0x7ff438912f50>,2,15,[13  4],3,13,28,10,8
1,<environment.Job instance at 0x7ff437acfa00>,8,22,[ 1 10],9,13,35,4,9
1,<environment.Job instance at 0x7ff437d80dc0>,16,18,[1 6],17,35,53,18,25
1,<environment.Job instance at 0x7ff437d80320>,17,20,[1 9],18,35,55,17,27
1,<environment.Job instance at 0x7ff437d80eb0>,21,17,[7 3],22,53,70,31,41
1,<environment.Job instance at 0x7ff437be2a50>,27,15,[6 1],28,53,68,25,41
1,<environment.Job instance at 0x7ff437be2320>,36,16,[9 2],37,70,86,33,57
1,<environment.Job instance at 0x7ff437be21e0>,40,22,[1 5],41,57,79,16,57
1,<environment.Job instance at 0x7ff4381bd730>,43,20,[1 5],44,57,77,13,57
1,<environment.Job instance at 0x7ff4381bdd70>,47,18,[5 5],48,77,95,29,66
1,<environment.Job instance at 0x7ff4381bda50>,53,18,[3 8],54,86,104,32,75
1,<environment.Job instance at 0x7ff4381bd3c0>,57,16,[1 6],58,95,111,37,82
1,<environment.Job instance at 0x7ff438b40e60>,68,17,[8 4],69,104,121,35,92
1,<environment.Job instance at 0x7ff438b409b0>,69,16,[7 2],70,111,127,41,98
1,<environment.Job instance at 0x7ff43775caf0>,72,14,[8 5],73,121,135,48,106
1,<environment.Job instance at 0x7ff437fbceb0>,1,15,[8 2],2,2,17,0,2
1,<environment.Job instance at 0x7ff437f6b8c0>,5,16,[10  3],6,17,33,11,6
1,<environment.Job instance at 0x7ff437f10640>,12,20,[5 3],13,15,35,2,15
1,<environment.Job instance at 0x7ff437fc7e60>,0,15,[14  3],1,35,50,34,24
1,<environment.Job instance at 0x7ff437f109b0>,18,13,[14  2],19,50,63,31,34
1,<environment.Job instance at 0x7ff437f10eb0>,19,13,[ 4 14],20,63,76,43,48
1,<environment.Job instance at 0x7ff437f10f50>,17,20,[8 1],18,63,83,45,61
1,<environment.Job instance at 0x7ff437f101e0>,21,16,[4 6],22,76,92,54,63
1,<environment.Job instance at 0x7ff437f104b0>,22,15,[5 1],23,83,98,60,71
1,<environment.Job instance at 0x7ff4380f68c0>,32,15,[3 7],33,76,91,43,76
1,<environment.Job instance at 0x7ff4380f6410>,35,19,[2 5],36,91,110,55,81
1,<environment.Job instance at 0x7ff4380f6be0>,37,16,[8 4],38,92,108,54,81
1,<environment.Job instance at 0x7ff437f10fa0>,13,18,[ 4 11],14,110,128,96,99
1,<environment.Job instance at 0x7ff4388df230>,0,19,[5 8],1,1,20,0,1
1,<environment.Job instance at 0x7ff437f10fa0>,2,19,[8 1],3,3,22,0,3
1,<environment.Job instance at 0x7ff438913c80>,4,13,[6 5],5,20,33,15,5
1,<environment.Job instance at 0x7ff438913fa0>,5,23,[1 6],6,6,29,0,6
1,<environment.Job instance at 0x7ff438cc5050>,12,16,[8 2],13,22,38,9,14
1,<environment.Job instance at 0x7ff437fc7690>,14,14,[4 7],15,33,47,18,18
1,<environment.Job instance at 0x7ff438755d20>,21,19,[2 5],22,33,52,11,23
1,<environment.Job instance at 0x7ff437be2d70>,25,15,[1 7],26,47,62,21,33
1,<environment.Job instance at 0x7ff437be23c0>,28,21,[1 6],29,52,73,23,44
1,<environment.Job instance at 0x7ff437be29b0>,29,15,[7 1],30,44,59,14,44
1,<environment.Job instance at 0x7ff438b3d9b0>,34,16,[4 9],35,62,78,27,49
1,<environment.Job instance at 0x7ff438cdff50>,36,14,[5 4],37,73,87,36,58
1,<environment.Job instance at 0x7ff438a59500>,37,15,[6 4],38,78,93,40,64
1,<environment.Job instance at 0x7ff438a59460>,38,20,[7 5],39,87,107,48,78
1,<environment.Job instance at 0x7ff437f93730>,41,12,[8 1],42,93,105,51,78
1,<environment.Job instance at 0x7ff437f93b40>,44,17,[1 6],45,105,122,60,93
1,<environment.Job instance at 0x7ff437f937d0>,47,21,[4 5],48,107,128,59,99
1,<environment.Job instance at 0x7ff438c96aa0>,53,12,[5 8],54,122,134,68,105
1,<environment.Job instance at 0x7ff437eacfa0>,0,18,[ 2 10],1,1,19,0,1
1,<environment.Job instance at 0x7ff437eac5a0>,4,14,[9 1],5,5,19,0,5
1,<environment.Job instance at 0x7ff437eaccd0>,5,15,[3 9],6,19,34,13,6
1,<environment.Job instance at 0x7ff437eac550>,7,16,[5 1],8,19,35,11,8
1,<environment.Job instance at 0x7ff437eac5f0>,9,13,[8 3],10,34,47,24,18
1,<environment.Job instance at 0x7ff437802dc0>,23,13,[3 9],24,35,48,11,24
1,<environment.Job instance at 0x7ff438a2fd70>,30,14,[9 2],31,47,61,16,32
1,<environment.Job instance at 0x7ff438be4500>,37,15,[3 8],38,48,63,10,38
1,<environment.Job instance at 0x7ff438a2ad70>,38,14,[4 9],39,63,77,24,48
1,<environment.Job instance at 0x7ff438a2ab90>,40,22,[2 8],41,77,99,36,70
1,<environment.Job instance at 0x7ff437bba960>,19,22,[2 7],20,80,102,60,80
1,<environment.Job instance at 0x7ff437b322d0>,44,20,[4 5],45,99,119,54,90
1,<environment.Job instance at 0x7ff437b325a0>,45,18,[4 6],46,102,120,56,91
1,<environment.Job instance at 0x7ff437b32b40>,46,14,[2 6],47,119,133,72,104
1,<environment.Job instance at 0x7ff437b4ee10>,48,12,[6 5],49,120,132,71,104
1,<environment.Job instance at 0x7ff43811d1e0>,0,21,[5 3],1,1,22,0,1
1,<environment.Job instance at 0x7ff43811d0f0>,1,24,[ 4 12],2,2,26,0,2
1,<environment.Job instance at 0x7ff43811dbe0>,7,12,[7 2],8,22,34,14,8
1,<environment.Job instance at 0x7ff4379dbe60>,15,15,[1 8],16,26,41,10,17
1,<environment.Job instance at 0x7ff43811d140>,9,16,[3 5],10,26,42,16,18
1,<environment.Job instance at 0x7ff4379db3c0>,20,14,[ 4 10],21,41,55,20,26
1,<environment.Job instance at 0x7ff4379db0f0>,22,16,[5 2],23,42,58,19,29
1,<environment.Job instance at 0x7ff4379db0a0>,23,20,[5 4],24,55,75,31,46
1,<environment.Job instance at 0x7ff4379db5a0>,25,12,[7 5],26,58,70,32,46
1,<environment.Job instance at 0x7ff4379db140>,26,14,[7 5],27,70,84,43,55
1,<environment.Job instance at 0x7ff4379dba50>,21,13,[5 8],22,75,88,53,60
1,<environment.Job instance at 0x7ff4379c7aa0>,33,17,[1 7],34,84,101,50,72
1,<environment.Job instance at 0x7ff4379c7690>,37,14,[8 1],38,88,102,50,73
1,<environment.Job instance at 0x7ff4379c70f0>,34,16,[14  2],35,102,118,67,92
1,<environment.Job instance at 0x7ff43811d370>,2,12,[14  4],3,118,130,115,101
1,<environment.Job instance at 0x7ff4379c77d0>,43,17,[1 8],44,101,118,57,101
1,<environment.Job instance at 0x7ff4379fce60>,0,13,[14  1],1,1,14,0,1
1,<environment.Job instance at 0x7ff4379c77d0>,2,22,[1 6],3,3,25,0,3
1,<environment.Job instance at 0x7ff4387ac820>,5,15,[5 5],6,14,29,8,6
1,<environment.Job instance at 0x7ff4387ac550>,7,24,[5 2],8,14,38,6,9
1,<environment.Job instance at 0x7ff441349730>,15,16,[2 6],16,25,41,9,16
1,<environment.Job instance at 0x7ff4413496e0>,17,17,[5 5],18,29,46,11,19
1,<environment.Job instance at 0x7ff437b3f640>,19,12,[6 2],20,38,50,18,21
1,<environment.Job instance at 0x7ff4382a2280>,20,15,[1 8],21,41,56,20,27
1,<environment.Job instance at 0x7ff4387ceb90>,21,20,[3 8],22,56,76,34,47
1,<environment.Job instance at 0x7ff437b3f460>,23,12,[10  4],24,50,62,26,47
1,<environment.Job instance at 0x7ff4379e15f0>,24,15,[10  4],25,62,77,37,48
1,<environment.Job instance at 0x7ff4379e1cd0>,26,22,[2 5],27,76,98,49,69
1,<environment.Job instance at 0x7ff4379e1910>,28,21,[2 8],29,77,98,48,69
1,<environment.Job instance at 0x7ff438b68b90>,33,15,[6 2],34,77,92,43,69
1,<environment.Job instance at 0x7ff438b8d370>,35,15,[1 5],36,98,113,62,84
1,<environment.Job instance at 0x7ff437a987d0>,38,21,[7 3],39,98,119,59,90
1,<environment.Job instance at 0x7ff4384205f0>,41,14,[1 9],42,113,127,71,98
1,<environment.Job instance at 0x7ff437fb0780>,1,12,[2 8],2,2,14,0,2
1,<environment.Job instance at 0x7ff437d38820>,3,14,[3 7],4,4,18,0,4
1,<environment.Job instance at 0x7ff4379338c0>,6,15,[5 5],7,14,29,7,7
1,<environment.Job instance at 0x7ff4382d7be0>,10,20,[8 4],11,18,38,7,13
1,<environment.Job instance at 0x7ff4382d7730>,15,15,[5 6],16,29,44,13,16
1,<environment.Job instance at 0x7ff4382d7370>,14,12,[ 1 13],15,44,56,29,27
1,<environment.Job instance at 0x7ff43795fcd0>,24,14,[2 5],25,29,43,4,29
1,<environment.Job instance at 0x7ff43795fd70>,25,12,[ 4 14],26,56,68,30,39
1,<environment.Job instance at 0x7ff43795f050>,27,18,[5 1],28,39,57,11,39
1,<environment.Job instance at 0x7ff4382f2b90>,31,19,[5 4],32,68,87,36,58
1,<environment.Job instance at 0x7ff438198230>,42,16,[1 7],43,68,84,25,58
1,<environment.Job instance at 0x7ff4381a3d70>,46,20,[1 7],47,84,104,37,75
1,<environment.Job instance at 0x7ff437f02500>,49,15,[9 2],50,75,90,25,75
1,<environment.Job instance at 0x7ff437953e10>,51,17,[7 5],52,90,107,38,78
1,<environment.Job instance at 0x7ff437f1ad20>,54,19,[5 3],55,87,106,32,78
1,<environment.Job instance at 0x7ff4388359b0>,58,14,[5 5],59,106,120,47,91
1,<environment.Job instance at 0x7ff4381d7f00>,59,14,[10  5],60,107,121,47,92
1,<environment.Job instance at 0x7ff438835aa0>,2,12,[7 3],3,3,15,0,3
1,<environment.Job instance at 0x7ff4382e0410>,3,21,[7 2],4,4,25,0,4
1,<environment.Job instance at 0x7ff4382e0820>,4,14,[5 5],5,15,29,10,5
1,<environment.Job instance at 0x7ff4382e0d20>,12,13,[2 8],13,15,28,2,14
1,<environment.Job instance at 0x7ff4382db550>,22,12,[6 3],23,28,40,5,23
1,<environment.Job instance at 0x7ff4382cfd20>,28,16,[5 9],29,29,45,0,29
1,<environment.Job instance at 0x7ff4382cf2d0>,33,21,[8 2],34,40,61,6,34
1,<environment.Job instance at 0x7ff4382f28c0>,37,18,[1 9],38,45,63,7,38
1,<environment.Job instance at 0x7ff4382f2280>,40,20,[1 5],41,61,81,20,52
1,<environment.Job instance at 0x7ff43795f640>,42,20,[6 5],43,63,83,20,54
1,<environment.Job instance at 0x7ff43795f780>,50,17,[8 1],51,61,78,10,54
1,<environment.Job instance at 0x7ff43795ffa0>,51,12,[2 6],52,81,93,29,64
1,<environment.Job instance at 0x7ff43795f190>,52,13,[7 2],53,78,91,25,64
1,<environment.Job instance at 0x7ff437c4b3c0>,58,17,[9 5],59,91,108,32,79
1,<environment.Job instance at 0x7ff437c4bcd0>,59,21,[5 8],60,93,114,33,85
1,<environment.Job instance at 0x7ff437c4b050>,61,18,[7 2],62,108,126,46,97
1,<environment.Job instance at 0x7ff437c4ba50>,68,18,[1 8],69,114,132,45,103
1,<environment.Job instance at 0x7ff438b32a00>,3,16,[2 5],4,4,20,0,4
1,<environment.Job instance at 0x7ff438b320a0>,4,17,[9 4],5,5,22,0,5
1,<environment.Job instance at 0x7ff438b32640>,6,16,[2 6],7,7,23,0,7
1,<environment.Job instance at 0x7ff438b32410>,7,17,[1 7],8,22,39,14,10
1,<environment.Job instance at 0x7ff438b326e0>,10,12,[5 5],11,23,35,12,11
1,<environment.Job instance at 0x7ff438b32820>,14,12,[4 7],15,35,47,20,18
1,<environment.Job instance at 0x7ff441302690>,13,21,[13  2],14,47,68,33,39
1,<environment.Job instance at 0x7ff4413021e0>,11,15,[1 8],12,39,54,27,39
1,<environment.Job instance at 0x7ff4413028c0>,12,20,[4 7],13,68,88,55,59
1,<environment.Job instance at 0x7ff437938d20>,21,20,[1 6],22,59,79,37,59
1,<environment.Job instance at 0x7ff437938280>,22,18,[3 8],23,79,97,56,68
1,<environment.Job instance at 0x7ff438058cd0>,29,15,[4 7],30,88,103,58,74
1,<environment.Job instance at 0x7ff4380583c0>,39,17,[7 1],40,97,114,57,85
1,<environment.Job instance at 0x7ff438058230>,41,13,[1 7],42,97,110,55,86
1,<environment.Job instance at 0x7ff4379f9af0>,47,12,[7 3],48,103,115,55,86
1,<environment.Job instance at 0x7ff4379f9500>,48,13,[10  5],49,115,128,66,99
1,<environment.Job instance at 0x7f3705242320>,1,15,[5 2],2,2,17,0,2
1,<environment.Job instance at 0x7f36fbaca640>,5,18,[7 5],6,6,24,0,6
1,<environment.Job instance at 0x7f36fbaca820>,7,12,[7 2],8,17,29,9,8
1,<environment.Job instance at 0x7f36fbaca9b0>,9,17,[8 1],10,24,41,14,12
1,<environment.Job instance at 0x7f36fbaca960>,12,22,[4 6],13,29,51,16,22
1,<environment.Job instance at 0x7f36fbacad20>,18,18,[3 6],19,29,47,10,22
1,<environment.Job instance at 0x7f36fbacb190>,20,18,[7 5],21,47,65,26,36
1,<environment.Job instance at 0x7f36fbacb3c0>,23,18,[7 4],24,51,69,27,40
1,<environment.Job instance at 0x7f36fbacb5f0>,26,20,[4 8],27,65,85,38,56
1,<environment.Job instance at 0x7f36fbacb730>,28,20,[5 8],29,85,105,56,76
1,<environment.Job instance at 0x7f36fbacb870>,30,15,[8 2],31,76,91,45,76
1,<environment.Job instance at 0x7f36fbacb910>,31,13,[4 5],32,91,104,59,76
1,<environment.Job instance at 0x7f36fbacba50>,33,16,[9 3],34,104,120,70,91
1,<environment.Job instance at 0x7f36fbacbaf0>,34,20,[5 3],35,105,125,70,96
1,<environment.Job instance at 0x7f36fbacb460>,37,22,[2 5],38,120,142,82,113
1,<environment.Job instance at 0x7f36fbacbe60>,39,13,[5 4],40,120,133,80,113
1,<environment.Job instance at 0x7f36fbb43460>,3,16,[1 8],4,4,20,0,4
1,<environment.Job instance at 0x7f36fbba6780>,8,19,[1 9],9,20,39,11,10
1,<environment.Job instance at 0x7f36fbba65f0>,10,21,[4 6],11,13,34,2,13
1,<environment.Job instance at 0x7f36fbba6fa0>,9,19,[4 7],10,39,58,29,30
1,<environment.Job instance at 0x7f36fbba65a0>,15,16,[5 2],16,34,50,18,31
1,<environment.Job instance at 0x7f36fbc527d0>,22,18,[10  5],23,50,68,27,39
1,<environment.Job instance at 0x7f36fb234a50>,30,15,[6 2],31,68,83,37,54
1,<environment.Job instance at 0x7f36fbc52fa0>,31,15,[6 2],32,68,83,36,54
1,<environment.Job instance at 0x7f36fb13af00>,37,16,[6 2],38,83,99,45,70
1,<environment.Job instance at 0x7f36fb5a2780>,40,15,[8 3],41,83,98,42,71
1,<environment.Job instance at 0x7f36fb568eb0>,47,13,[4 5],48,98,111,50,82
1,<environment.Job instance at 0x7f36fbb436e0>,0,15,[9 2],1,99,114,98,87
1,<environment.Job instance at 0x7f36fb5df910>,53,16,[7 1],54,114,130,60,101
1,<environment.Job instance at 0x7f36fb5ced70>,62,14,[4 7],63,111,125,48,101
1,<environment.Job instance at 0x7f36fb5d9a50>,78,17,[10  5],79,130,147,51,118
1,<environment.Job instance at 0x7f36fb3efe60>,3,18,[8 5],4,4,22,0,4
1,<environment.Job instance at 0x7f36fb3eff00>,5,15,[11  2],6,22,37,16,8
1,<environment.Job instance at 0x7f36fb3ef5a0>,10,17,[2 6],11,11,28,0,11
1,<environment.Job instance at 0x7f36fb4250f0>,12,17,[8 5],13,37,54,24,25
1,<environment.Job instance at 0x7f36fb425050>,18,17,[1 7],19,28,45,9,28
1,<environment.Job instance at 0x7f36fb425140>,20,12,[6 2],21,37,49,16,28
1,<environment.Job instance at 0x7f36fb425c30>,24,12,[1 8],25,45,57,20,28
1,<environment.Job instance at 0x7f36fb3efd70>,9,21,[6 4],10,54,75,44,47
1,<environment.Job instance at 0x7f36fb425500>,28,13,[3 5],29,57,70,28,47
1,<environment.Job instance at 0x7f36fb3ef730>,13,24,[ 5 11],14,70,94,56,65
1,<environment.Job instance at 0x7f36fb3206e0>,35,20,[5 5],36,94,114,58,85
1,<environment.Job instance at 0x7f36fb320050>,36,18,[4 9],37,96,114,59,96
1,<environment.Job instance at 0x7f36fb425370>,30,27,[13  4],31,114,141,83,112
1,<environment.Job instance at 0x7f36fb729870>,0,17,[5 4],1,1,18,0,1
1,<environment.Job instance at 0x7f36fb71b280>,3,14,[4 9],4,4,18,0,4
1,<environment.Job instance at 0x7f36fb71b5f0>,4,12,[8 2],5,18,30,13,5
1,<environment.Job instance at 0x7f36fb7b2fa0>,7,13,[7 5],8,18,31,10,8
1,<environment.Job instance at 0x7f36fb169c80>,8,13,[1 7],9,30,43,21,14
1,<environment.Job instance at 0x7f36fb1697d0>,12,15,[10  5],13,31,46,18,17
1,<environment.Job instance at 0x7f36fb169640>,10,12,[ 1 14],11,46,58,35,29
1,<environment.Job instance at 0x7f36fb169280>,9,20,[11  1],10,46,66,36,37
1,<environment.Job instance at 0x7f36fb169aa0>,14,19,[3 9],15,58,77,43,50
1,<environment.Job instance at 0x7f36fbb21fa0>,18,15,[4 9],19,77,92,58,63
1,<environment.Job instance at 0x7f36fbb21b40>,20,14,[3 6],21,66,80,45,63
1,<environment.Job instance at 0x7f36fb611f50>,15,21,[12  1],16,92,113,76,84
1,<environment.Job instance at 0x7f36fb169b40>,6,18,[8 1],7,113,131,106,102
1,<environment.Job instance at 0x7f36fb1b21e0>,25,12,[9 3],26,131,143,105,114
1,<environment.Job instance at 0x7f36fb6612d0>,26,27,[3 8],27,114,141,87,114
1,<environment.Job instance at 0x7f36fbf32820>,0,14,[8 1],1,1,15,0,1
1,<environment.Job instance at 0x7f36fb4917d0>,7,12,[1 6],8,8,20,0,8
1,<environment.Job instance at 0x7f36fb491230>,9,16,[7 3],10,15,31,5,10
1,<environment.Job instance at 0x7f36fb47b460>,12,14,[ 4 10],13,20,34,7,13
1,<environment.Job instance at 0x7f36fb47b1e0>,15,14,[8 2],16,31,45,15,16
1,<environment.Job instance at 0x7f36fb491050>,14,17,[2 5],15,34,51,19,23
1,<environment.Job instance at 0x7f36fb4a6dc0>,23,17,[6 1],24,45,62,21,37
1,<environment.Job instance at 0x7f36fb4a60f0>,21,18,[5 8],22,38,56,16,38
1,<environment.Job instance at 0x7f36fb4940f0>,28,17,[7 3],29,56,73,27,44
1,<environment.Job instance at 0x7f36fb494c30>,33,18,[4 7],34,62,80,28,55
1,<environment.Job instance at 0x7f36fb084eb0>,41,17,[10  4],42,73,90,31,61
1,<environment.Job instance at 0x7f36fc6f3e60>,43,16,[8 4],44,90,106,46,77
1,<environment.Job instance at 0x7f36fb084a50>,46,15,[5 7],47,80,95,33,80
1,<environment.Job instance at 0x7f36fb0b80a0>,51,18,[9 4],52,106,124,54,95
1,<environment.Job instance at 0x7f36fb0d3320>,80,20,[6 5],81,105,125,24,105
1,<environment.Job instance at 0x7f36fb0d2f00>,87,14,[7 5],88,124,138,36,109
1,<environment.Job instance at 0x7f36fb08dfa0>,1,17,[2 7],2,2,19,0,2
1,<environment.Job instance at 0x7f36fb0d2a00>,2,14,[4 9],3,19,33,16,4
1,<environment.Job instance at 0x7f36fb08d500>,5,12,[4 8],6,6,18,0,6
1,<environment.Job instance at 0x7f36fb0e05f0>,15,16,[5 5],16,18,34,2,16
1,<environment.Job instance at 0x7f36fb0e09b0>,20,14,[ 2 11],21,34,48,13,21
1,<environment.Job instance at 0x7f36fb08d3c0>,18,13,[8 5],19,48,61,29,34
1,<environment.Job instance at 0x7f36fb0e0190>,21,16,[6 5],22,48,64,26,35
1,<environment.Job instance at 0x7f36fb0e0140>,25,12,[1 9],26,61,73,35,44
1,<environment.Job instance at 0x7f36fb0e0320>,26,15,[8 2],27,64,79,37,50
1,<environment.Job instance at 0x7f36fb0e0870>,28,15,[ 5 10],29,73,88,44,59
1,<environment.Job instance at 0x7f36fb0e0a50>,29,12,[ 1 11],30,88,100,58,71
1,<environment.Job instance at 0x7f36fb0e0910>,30,28,[3 6],31,100,128,69,99
1,<environment.Job instance at 0x7f36fb0e0d70>,31,13,[6 1],32,99,112,67,99
1,<environment.Job instance at 0x7f36fb7f4be0>,32,13,[1 8],33,100,113,67,99
1,<environment.Job instance at 0x7f36fb0e0b90>,17,17,[4 5],18,113,130,95,105
1,<environment.Job instance at 0x7f36fb7f4af0>,38,14,[6 5],39,128,142,89,113
1,<environment.Job instance at 0x7f36fb482320>,1,18,[5 7],2,2,20,0,2
1,<environment.Job instance at 0x7f36fb482cd0>,2,15,[6 2],3,3,18,0,3
1,<environment.Job instance at 0x7f36fb47beb0>,8,15,[13  3],9,20,35,11,10
1,<environment.Job instance at 0x7f36fb47b5f0>,11,14,[ 2 11],12,20,34,8,17
1,<environment.Job instance at 0x7f36fb47bc80>,13,23,[14  5],14,35,58,21,29
1,<environment.Job instance at 0x7f36fb4821e0>,9,22,[1 7],10,39,61,29,39
1,<environment.Job instance at 0x7f36fb47be10>,20,14,[1 7],21,58,72,37,43
1,<environment.Job instance at 0x7f36fb47bd20>,22,14,[6 2],23,61,75,38,46
1,<environment.Job instance at 0x7f36fb47bbe0>,10,19,[5 6],11,61,80,50,53
1,<environment.Job instance at 0x7f36fb0675f0>,26,15,[5 7],27,75,90,48,65
1,<environment.Job instance at 0x7f36fb47b910>,12,25,[14  3],13,90,115,77,87
1,<environment.Job instance at 0x7f36fb8dc9b0>,45,15,[4 9],46,115,130,69,101
1,<environment.Job instance at 0x7f36fb482050>,0,16,[11  4],1,115,131,114,102
1,<environment.Job instance at 0x7f36fb07b140>,0,18,[ 4 13],1,1,19,0,1
1,<environment.Job instance at 0x7f36fb0ae4b0>,2,14,[9 1],3,3,17,0,3
1,<environment.Job instance at 0x7f36fb224910>,3,12,[7 1],4,17,29,13,4
1,<environment.Job instance at 0x7f36fb7853c0>,7,15,[6 2],8,19,34,11,9
1,<environment.Job instance at 0x7f36fb211f50>,11,17,[3 5],12,29,46,17,17
1,<environment.Job instance at 0x7f36fb2115f0>,13,14,[6 1],14,29,43,15,17
1,<environment.Job instance at 0x7f36fc2c4050>,17,13,[9 5],18,43,56,25,27
1,<environment.Job instance at 0x7f36fc27ee10>,18,16,[3 6],19,46,62,27,33
1,<environment.Job instance at 0x7f36fb211cd0>,20,14,[2 5],21,56,70,35,41
1,<environment.Job instance at 0x7f36fb209b40>,24,17,[10  4],25,56,73,31,44
1,<environment.Job instance at 0x7f36fb209410>,28,14,[2 7],29,70,84,41,55
1,<environment.Job instance at 0x7f36fb209d20>,29,20,[1 7],30,73,93,43,64
1,<environment.Job instance at 0x7f36fc2c9960>,30,14,[3 7],31,84,98,53,69
1,<environment.Job instance at 0x7f36fb224730>,8,17,[7 4],9,93,110,84,82
1,<environment.Job instance at 0x7f36fc1a7410>,32,24,[7 3],33,98,122,65,96
1,<environment.Job instance at 0x7f36fc21cc80>,33,12,[13  5],34,122,134,88,105
1,<environment.Job instance at 0x7f36fc2aed70>,1,14,[ 4 10],2,2,16,0,2
1,<environment.Job instance at 0x7f36fb21ffa0>,2,15,[4 8],3,16,31,13,3
1,<environment.Job instance at 0x7f36fc2ae320>,0,24,[5 7],1,16,40,15,12
1,<environment.Job instance at 0x7f36fc2ae550>,5,15,[13  4],6,40,55,34,26
1,<environment.Job instance at 0x7f36fc2ae370>,12,21,[ 1 11],13,40,61,27,32
1,<environment.Job instance at 0x7f36fc2ae0f0>,13,21,[9 1],14,55,76,41,50
1,<environment.Job instance at 0x7f36fc2ae050>,14,21,[14  2],15,76,97,61,71
1,<environment.Job instance at 0x7f36fc2aea00>,15,16,[1 7],16,72,88,56,72
1,<environment.Job instance at 0x7f36fc2aef50>,16,21,[14  4],17,97,118,80,91
1,<environment.Job instance at 0x7f36fc2ae0a0>,17,20,[11  1],18,118,138,100,115
1,<environment.Job instance at 0x7f36fb428c80>,1,15,[2 7],2,2,17,0,2
1,<environment.Job instance at 0x7f36fb34fa00>,3,13,[1 7],4,4,17,0,4
1,<environment.Job instance at 0x7f36fbcb06e0>,4,13,[3 5],5,17,30,12,5
1,<environment.Job instance at 0x7f36fb0ca500>,5,16,[3 9],6,17,33,11,6
1,<environment.Job instance at 0x7f36fb0d9f00>,11,14,[8 1],12,12,26,0,12
1,<environment.Job instance at 0x7f36fb0cabe0>,9,12,[7 4],10,30,42,20,13
1,<environment.Job instance at 0x7f36fb35cb90>,18,17,[8 4],19,33,50,14,21
1,<environment.Job instance at 0x7f36fb365870>,23,14,[4 9],24,42,56,18,29
1,<environment.Job instance at 0x7f36fb3657d0>,27,20,[3 6],28,50,70,22,41
1,<environment.Job instance at 0x7f36fb347cd0>,29,15,[5 5],30,56,71,26,42
1,<environment.Job instance at 0x7f36fb929870>,36,16,[5 6],37,70,86,33,57
1,<environment.Job instance at 0x7f36fc577dc0>,39,13,[5 5],40,71,84,31,57
1,<environment.Job instance at 0x7f36fb92c8c0>,57,16,[7 4],58,84,100,26,71
1,<environment.Job instance at 0x7f36fb9613c0>,66,12,[8 4],67,86,98,19,71
1,<environment.Job instance at 0x7f36fb9615f0>,67,16,[1 8],68,98,114,30,85
1,<environment.Job instance at 0x7f36fb9617d0>,70,13,[9 3],71,100,113,29,85
1,<environment.Job instance at 0x7f36fbbc8690>,75,17,[5 3],76,98,115,22,86
1,<environment.Job instance at 0x7f36fbbc8820>,80,13,[4 6],81,114,127,33,98
1,<environment.Job instance at 0x7f36fbbc8a50>,83,15,[2 6],84,114,129,30,100
1,<environment.Job instance at 0x7f36fbbc8cd0>,86,16,[9 3],87,115,131,28,102
1,<environment.Job instance at 0x7f36fbc4d460>,0,14,[8 4],1,1,15,0,1
1,<environment.Job instance at 0x7f36fc3a8960>,7,20,[4 5],8,8,28,0,8
1,<environment.Job instance at 0x7f36fc3a8640>,8,14,[5 7],9,15,29,6,9
1,<environment.Job instance at 0x7f36fc3a8fa0>,16,14,[11  3],17,29,43,12,17
1,<environment.Job instance at 0x7f36fc3a8910>,26,18,[1 6],27,28,46,1,28
1,<environment.Job instance at 0x7f36fbd7a0a0>,31,17,[7 3],32,43,60,11,32
1,<environment.Job instance at 0x7f36fbd7a4b0>,37,15,[6 1],38,43,58,5,38
1,<environment.Job instance at 0x7f36fbd7a5a0>,46,16,[9 2],47,60,76,13,47
1,<environment.Job instance at 0x7f36fbab1e60>,50,22,[1 5],51,51,73,0,51
1,<environment.Job instance at 0x7f36fbab1460>,53,20,[1 5],54,54,74,0,54
1,<environment.Job instance at 0x7f36fbab1050>,57,18,[5 5],58,73,91,15,62
1,<environment.Job instance at 0x7f36fbab1e10>,62,14,[10  1],63,76,90,13,63
1,<environment.Job instance at 0x7f36fbab19b0>,63,18,[3 8],64,90,108,26,79
1,<environment.Job instance at 0x7f36fbab1c80>,67,16,[1 6],68,91,107,23,83
1,<environment.Job instance at 0x7f36fc602910>,78,17,[8 4],79,107,124,28,95
1,<environment.Job instance at 0x7f36fc6028c0>,79,16,[7 2],80,108,124,28,95
1,<environment.Job instance at 0x7f36fc6027d0>,82,14,[8 5],83,124,138,41,109
1,<environment.Job instance at 0x7f36fc602140>,84,19,[6 4],85,124,143,39,114
1,<environment.Job instance at 0x7f36fc602690>,85,16,[1 6],86,124,140,38,114
1,<environment.Job instance at 0x7f36faea3190>,1,15,[8 2],2,2,17,0,2
1,<environment.Job instance at 0x7f36faea3d20>,5,16,[10  3],6,17,33,11,6
1,<environment.Job instance at 0x7f36fad8e280>,12,20,[5 3],13,16,36,3,16
1,<environment.Job instance at 0x7f36faea3820>,0,15,[14  3],1,36,51,35,23
1,<environment.Job instance at 0x7f36fad8e3c0>,18,13,[14  2],19,51,64,32,35
1,<environment.Job instance at 0x7f36fad8e780>,19,13,[ 4 14],20,64,77,44,49
1,<environment.Job instance at 0x7f36fad8ea00>,17,20,[8 1],18,64,84,46,58
1,<environment.Job instance at 0x7f36fad8eb90>,21,16,[4 6],22,77,93,55,64
1,<environment.Job instance at 0x7f36fad8eb40>,22,15,[5 1],23,84,99,61,70
1,<environment.Job instance at 0x7f36faf0ebe0>,32,15,[3 7],33,77,92,44,71
1,<environment.Job instance at 0x7f36faf0e910>,35,19,[2 5],36,92,111,56,82
1,<environment.Job instance at 0x7f36faf0e870>,37,16,[8 4],38,93,109,55,82
1,<environment.Job instance at 0x7f36fad8e050>,13,18,[ 4 11],14,111,129,97,100
1,<environment.Job instance at 0x7f36fb504050>,0,14,[14  5],1,1,15,0,1
1,<environment.Job instance at 0x7f36fc24b280>,1,14,[ 3 12],2,15,29,13,2
1,<environment.Job instance at 0x7f36fc244230>,2,16,[8 2],3,15,31,12,3
1,<environment.Job instance at 0x7f36fad8e050>,4,14,[4 7],5,29,43,24,16
1,<environment.Job instance at 0x7f36fc2817d0>,11,19,[2 5],12,29,48,17,19
1,<environment.Job instance at 0x7f36fc281870>,15,15,[1 7],16,43,58,27,29
1,<environment.Job instance at 0x7f36fc281230>,18,21,[1 6],19,48,69,29,40
1,<environment.Job instance at 0x7f36fc281e60>,19,15,[7 1],20,40,55,20,40
1,<environment.Job instance at 0x7f36fc2815a0>,24,16,[4 9],25,58,74,33,45
1,<environment.Job instance at 0x7f36fc2813c0>,26,14,[5 4],27,69,83,42,54
1,<environment.Job instance at 0x7f36fc281050>,27,15,[6 4],28,74,89,46,60
1,<environment.Job instance at 0x7f36fc281820>,28,20,[7 5],29,83,103,54,74
1,<environment.Job instance at 0x7f36fb8b2730>,37,21,[4 5],38,89,110,51,81
1,<environment.Job instance at 0x7f36fb036410>,43,12,[5 8],44,103,115,59,86
1,<environment.Job instance at 0x7f36fb036b90>,45,15,[4 8],46,115,130,69,101
1,<environment.Job instance at 0x7f36fb036f00>,46,15,[1 6],47,110,125,63,101
1,<environment.Job instance at 0x7f36fb684f00>,51,20,[9 5],52,125,145,73,116
1,<environment.Job instance at 0x7f36fb7303c0>,2,16,[ 3 10],3,3,19,0,3
1,<environment.Job instance at 0x7f36fc5ff4b0>,3,13,[3 9],4,19,32,15,4
1,<environment.Job instance at 0x7f36fb64e5f0>,10,14,[9 2],11,11,25,0,11
1,<environment.Job instance at 0x7f36fb64e230>,17,15,[3 8],18,32,47,14,18
1,<environment.Job instance at 0x7f36fb64e7d0>,25,18,[4 6],26,26,44,0,26
1,<environment.Job instance at 0x7f36fbe95190>,26,14,[2 6],27,44,58,17,29
1,<environment.Job instance at 0x7f36fbe955f0>,24,20,[4 5],25,47,67,22,38
1,<environment.Job instance at 0x7f36fbe95b40>,28,12,[6 5],29,58,70,29,41
1,<environment.Job instance at 0x7f36fbe95960>,35,12,[8 5],36,67,79,31,50
1,<environment.Job instance at 0x7f36fbe956e0>,40,12,[2 5],41,70,82,29,53
1,<environment.Job instance at 0x7f36fc206820>,45,14,[8 5],46,79,93,33,64
1,<environment.Job instance at 0x7f36fc206d20>,48,20,[6 3],49,82,102,33,73
1,<environment.Job instance at 0x7f36fc206960>,49,21,[3 6],50,93,114,43,85
1,<environment.Job instance at 0x7f36fc206410>,54,12,[7 1],55,102,114,47,85
1,<environment.Job instance at 0x7f36fc206230>,57,19,[8 4],58,114,133,56,104
1,<environment.Job instance at 0x7f36fc206af0>,58,12,[7 5],59,114,126,55,104
1,<environment.Job instance at 0x7f36fb64e820>,20,22,[2 8],21,126,148,105,119
1,<environment.Job instance at 0x7f3704cd1550>,0,12,[11  1],1,1,13,0,1
1,<environment.Job instance at 0x7f3704cd1b40>,1,27,[4 9],2,2,29,0,2
1,<environment.Job instance at 0x7f3704cd1d20>,7,14,[8 1],8,13,27,5,8
1,<environment.Job instance at 0x7f3704cd1eb0>,11,19,[9 1],12,27,46,15,17
1,<environment.Job instance at 0x7f3704cd1c30>,17,17,[5 9],18,29,46,11,18
1,<environment.Job instance at 0x7f3704cd1f00>,12,12,[7 3],13,46,58,33,34
1,<environment.Job instance at 0x7f36fb6d1500>,18,18,[1 8],19,46,64,27,35
1,<environment.Job instance at 0x7f36fb6d1aa0>,22,14,[8 4],23,58,72,35,43
1,<environment.Job instance at 0x7f36fc1836e0>,23,19,[ 2 10],24,64,83,40,55
1,<environment.Job instance at 0x7f36fc183f00>,26,14,[9 3],27,72,86,45,57
1,<environment.Job instance at 0x7f36fc183230>,31,13,[4 5],32,83,96,51,67
1,<environment.Job instance at 0x7f36fc183460>,33,14,[8 4],34,86,100,52,71
1,<environment.Job instance at 0x7f36fc183140>,34,22,[1 8],35,96,118,61,89
1,<environment.Job instance at 0x7f36fc183640>,37,20,[5 4],38,100,120,62,91
1,<environment.Job instance at 0x7f36fc1835f0>,39,16,[9 4],40,118,134,78,105
1,<environment.Job instance at 0x7f3704cd17d0>,13,17,[1 8],14,120,137,106,110
1,<environment.Job instance at 0x7f36fbfe2910>,46,13,[6 5],47,134,147,87,118
1,<environment.Job instance at 0x7f36fbb9db40>,1,14,[1 9],2,2,16,0,2
1,<environment.Job instance at 0x7f36fbca7140>,2,12,[11  1],3,3,15,0,3
1,<environment.Job instance at 0x7f36fbfe2af0>,4,13,[5 5],5,15,28,10,5
1,<environment.Job instance at 0x7f36fbb9d910>,9,17,[3 5],10,16,33,6,10
1,<environment.Job instance at 0x7f36fbb9d730>,11,15,[7 1],12,15,30,3,12
1,<environment.Job instance at 0x7f36fbddf0a0>,13,12,[8 4],14,30,42,16,14
1,<environment.Job instance at 0x7f36fbb9d2d0>,15,22,[ 4 14],16,42,64,26,35
1,<environment.Job instance at 0x7f36fbddfbe0>,17,17,[ 2 10],18,64,81,46,52
1,<environment.Job instance at 0x7f36fbddf640>,20,22,[3 5],21,64,86,43,57
1,<environment.Job instance at 0x7f36fbddfeb0>,19,16,[ 1 10],20,81,97,61,69
1,<environment.Job instance at 0x7f36fbddfb40>,25,15,[12  3],26,86,101,60,72
1,<environment.Job instance at 0x7f36fbddf460>,24,22,[2 8],25,97,119,72,90
1,<environment.Job instance at 0x7f36fbddfd70>,27,18,[9 3],28,101,119,73,90
1,<environment.Job instance at 0x7f36fbddf910>,28,16,[3 8],29,119,135,90,106
1,<environment.Job instance at 0x7f36fbddf370>,29,14,[6 2],30,119,133,89,106
1,<environment.Job instance at 0x7f36fba05af0>,32,14,[4 7],33,133,147,100,118
1,<environment.Job instance at 0x7f36faee1140>,1,17,[7 5],2,2,19,0,2
1,<environment.Job instance at 0x7f36fc0ae820>,4,19,[5 3],5,5,24,0,5
1,<environment.Job instance at 0x7f36fc0aea00>,8,14,[5 5],9,19,33,10,9
1,<environment.Job instance at 0x7f36fc0ae9b0>,9,14,[10  5],10,24,38,14,10
1,<environment.Job instance at 0x7f36fbf42190>,13,18,[12  2],14,38,56,24,27
1,<environment.Job instance at 0x7f36fbf42230>,14,28,[ 1 13],15,38,66,23,38
1,<environment.Job instance at 0x7f36fbf42140>,15,19,[5 4],16,66,85,50,57
1,<environment.Job instance at 0x7f36fc0ae4b0>,11,20,[6 5],12,66,86,54,58
1,<environment.Job instance at 0x7f36fbf42dc0>,17,14,[7 1],18,85,99,67,70
1,<environment.Job instance at 0x7f36fbb23aa0>,22,18,[4 9],23,86,104,63,76
1,<environment.Job instance at 0x7f36fafc63c0>,27,21,[5 2],28,99,120,71,91
1,<environment.Job instance at 0x7f36fafc6a50>,28,16,[8 1],29,104,120,75,91
1,<environment.Job instance at 0x7f36fafc65a0>,31,16,[3 8],32,120,136,88,107
1,<environment.Job instance at 0x7f36fc090730>,1,18,[7 2],2,2,20,0,2
1,<environment.Job instance at 0x7f36fadfc780>,4,12,[11  4],5,20,32,15,5
1,<environment.Job instance at 0x7f36fbea35a0>,8,18,[1 8],9,9,27,0,9
1,<environment.Job instance at 0x7f36fc099230>,16,15,[1 9],17,27,42,10,17
1,<environment.Job instance at 0x7f36fc099d20>,17,18,[10  4],18,32,50,14,23
1,<environment.Job instance at 0x7f36fc099a50>,18,14,[ 4 10],19,42,56,23,27
1,<environment.Job instance at 0x7f36fc2b1aa0>,23,13,[6 5],24,50,63,26,34
1,<environment.Job instance at 0x7f36fae18190>,32,20,[7 4],33,56,76,23,47
1,<environment.Job instance at 0x7f36fae18870>,34,17,[1 7],35,63,80,28,51
1,<environment.Job instance at 0x7f36fb843230>,53,16,[2 5],54,76,92,22,63
1,<environment.Job instance at 0x7f36fc1f5910>,54,17,[9 4],55,80,97,25,68
1,<environment.Job instance at 0x7f36fb843050>,56,16,[2 6],57,80,96,23,68
1,<environment.Job instance at 0x7f36fc65a820>,57,17,[1 7],58,96,113,38,84
1,<environment.Job instance at 0x7f36fb82c5a0>,60,12,[5 5],61,97,109,36,84
1,<environment.Job instance at 0x7f36fbe90a50>,72,18,[3 8],73,109,127,36,98
1,<environment.Job instance at 0x7f36fc5fe230>,79,15,[4 7],80,113,128,33,99
1,<environment.Job instance at 0x7f36fc4a6c30>,101,17,[8 5],102,127,144,25,115
1,<environment.Job instance at 0x7f36fc4a6e10>,102,12,[2 5],103,128,140,25,115
1,<environment.Job instance at 0x7f36fc4a6050>,103,12,[5 5],104,128,140,24,115
1,<environment.Job instance at 0x7f36fbef0af0>,0,14,[4 9],1,1,15,0,1
1,<environment.Job instance at 0x7f36fbef0b40>,3,21,[8 2],4,4,25,0,4
1,<environment.Job instance at 0x7f36fbef0190>,7,12,[5 4],8,15,27,7,8
1,<environment.Job instance at 0x7f36fbef0550>,9,12,[2 5],10,15,27,5,10
1,<environment.Job instance at 0x7f36fbef0460>,11,16,[3 8],12,27,43,15,15
1,<environment.Job instance at 0x7f36fbeeeaf0>,15,23,[2 6],16,25,48,9,19
1,<environment.Job instance at 0x7f36fbef0fa0>,12,16,[4 5],13,43,59,30,30
1,<environment.Job instance at 0x7f36fbeee9b0>,20,14,[2 5],21,48,62,27,37
1,<environment.Job instance at 0x7f36fc4a6b90>,1,24,[4 7],2,59,83,57,54
1,<environment.Job instance at 0x7f36fbeeeaa0>,23,13,[5 2],24,54,67,30,54
1,<environment.Job instance at 0x7f36fbeeefa0>,29,16,[5 7],30,67,83,37,54
1,<environment.Job instance at 0x7f36fbeee550>,24,15,[ 1 13],25,83,98,58,69
1,<environment.Job instance at 0x7f36fc631500>,34,15,[5 1],35,71,86,36,71
1,<environment.Job instance at 0x7f36fbeee4b0>,16,21,[14  2],17,86,107,69,80
1,<environment.Job instance at 0x7f36fc631fa0>,37,16,[12  1],38,107,123,69,94
1,<environment.Job instance at 0x7f36fc631780>,39,15,[4 7],40,123,138,83,109
1,<environment.Job instance at 0x7f36fc631aa0>,36,16,[10  5],37,123,139,86,110
1,<environment.Job instance at 0x7f36fb63f370>,0,19,[ 5 10],1,1,20,0,1
1,<environment.Job instance at 0x7f36fb325730>,4,14,[5 4],5,5,19,0,5
1,<environment.Job instance at 0x7f36fc4bda50>,5,16,[5 9],6,20,36,14,7
1,<environment.Job instance at 0x7f36fc4bdaa0>,7,12,[6 3],8,19,31,11,8
1,<environment.Job instance at 0x7f36fbde00a0>,10,13,[6 1],11,31,44,20,18
1,<environment.Job instance at 0x7f36fbde0370>,13,12,[7 4],14,36,48,22,19
1,<environment.Job instance at 0x7f36fc4bdbe0>,11,15,[13  1],12,48,63,36,37
1,<environment.Job instance at 0x7f36fbde0550>,16,12,[2 9],17,37,49,20,37
1,<environment.Job instance at 0x7f36fbde04b0>,15,22,[6 5],16,63,85,47,56
1,<environment.Job instance at 0x7f36fb63f820>,1,16,[ 3 10],2,63,79,61,56
1,<environment.Job instance at 0x7f36fbde0820>,19,18,[1 7],20,79,97,59,68
1,<environment.Job instance at 0x7f36fbde09b0>,22,20,[1 8],23,85,105,62,82
1,<environment.Job instance at 0x7f36fbde0c30>,26,21,[2 5],27,97,118,70,89
1,<environment.Job instance at 0x7f36fbde0d20>,28,20,[5 4],29,105,125,76,96
1,<environment.Job instance at 0x7f36fbde0dc0>,29,20,[5 8],30,118,138,88,109
1,<environment.Job instance at 0x7f36fbde0e60>,30,22,[7 5],31,125,147,94,118
1,<environment.Job instance at 0x7f4ecb3f3320>,1,15,[5 2],2,2,17,0,2
1,<environment.Job instance at 0x7f4ec1c7b640>,5,18,[7 5],6,6,24,0,6
1,<environment.Job instance at 0x7f4ec1c7b870>,7,12,[7 2],8,17,29,9,8
1,<environment.Job instance at 0x7f4ec1c7bb40>,11,14,[10  4],12,29,43,17,14
1,<environment.Job instance at 0x7f4ec1c7bc30>,12,22,[4 6],13,24,46,11,17
1,<environment.Job instance at 0x7f4ec1c7f050>,18,18,[3 6],19,43,61,24,32
1,<environment.Job instance at 0x7f4ec1c7f1e0>,20,18,[7 5],21,46,64,25,35
1,<environment.Job instance at 0x7f4ec1c7f3c0>,23,18,[7 4],24,61,79,37,50
1,<environment.Job instance at 0x7f4ec1c7bf50>,19,21,[14  4],20,79,100,59,71
1,<environment.Job instance at 0x7f4ec1c7f640>,27,25,[14  4],28,100,125,72,96
1,<environment.Job instance at 0x7f4ec1c7f5a0>,26,20,[4 8],27,125,145,98,116
1,<environment.Job instance at 0x7f4ec1c7f190>,30,15,[8 2],31,125,140,94,116
1,<environment.Job instance at 0x7f4ec1c7f910>,31,13,[4 5],32,140,153,108,124
1,<environment.Job instance at 0x7f4ec173e6e0>,0,21,[4 6],1,1,22,0,1
1,<environment.Job instance at 0x7f4ec1c7f8c0>,1,27,[4 8],2,2,29,0,2
1,<environment.Job instance at 0x7f4ec1cf5b40>,12,18,[10  5],13,22,40,9,14
1,<environment.Job instance at 0x7f4ec1cf5640>,20,15,[6 2],21,40,55,19,26
1,<environment.Job instance at 0x7f4ec1cf5370>,21,15,[6 2],22,40,55,18,26
1,<environment.Job instance at 0x7f4ec13557d0>,25,13,[2 6],26,29,42,3,26
1,<environment.Job instance at 0x7f4ec16e21e0>,27,16,[6 2],28,55,71,27,42
1,<environment.Job instance at 0x7f4ec17199b0>,30,15,[8 3],31,55,70,24,42
1,<environment.Job instance at 0x7f4ec1726b90>,52,14,[4 7],53,70,84,17,55
1,<environment.Job instance at 0x7f4ec176f2d0>,68,17,[10  5],69,71,88,2,69
1,<environment.Job instance at 0x7f4ec17200a0>,78,17,[10  2],79,88,105,9,79
1,<environment.Job instance at 0x7f4ec1cf5d70>,5,16,[5 2],6,85,101,79,85
1,<environment.Job instance at 0x7f4ec178a0f0>,84,17,[2 9],85,101,118,16,89
1,<environment.Job instance at 0x7f4ec17265a0>,86,17,[10  4],87,105,122,18,93
1,<environment.Job instance at 0x7f4ec16dc960>,89,17,[2 8],90,118,135,28,106
1,<environment.Job instance at 0x7f4ec16dc0f0>,90,12,[5 9],91,135,147,44,118
1,<environment.Job instance at 0x7f4ec12dd870>,0,12,[6 2],1,1,13,0,1
1,<environment.Job instance at 0x7f4ec12dd5a0>,1,24,[5 1],2,2,26,0,2
1,<environment.Job instance at 0x7f4ec12dda50>,4,12,[1 8],5,6,18,1,6
1,<environment.Job instance at 0x7f4ec132f690>,8,13,[3 5],9,13,26,4,9
1,<environment.Job instance at 0x7f4ec132f140>,12,14,[3 5],13,18,32,5,13
1,<environment.Job instance at 0x7f4ec12dd280>,3,12,[12  2],4,26,38,22,14
1,<environment.Job instance at 0x7f4ec132ff00>,13,21,[5 1],14,38,59,24,30
1,<environment.Job instance at 0x7f4ec132fb90>,16,18,[4 9],17,38,56,21,30
1,<environment.Job instance at 0x7f4ec132f6e0>,17,20,[3 7],18,56,76,38,47
1,<environment.Job instance at 0x7f4ec138b690>,29,16,[7 2],30,56,72,26,47
1,<environment.Job instance at 0x7f4ec138b7d0>,32,12,[2 7],33,72,84,39,55
1,<environment.Job instance at 0x7f4ec138b820>,36,18,[7 1],37,72,90,35,61
1,<environment.Job instance at 0x7f4ec13630a0>,41,15,[4 8],42,84,99,42,70
1,<environment.Job instance at 0x7f4ec1363eb0>,46,14,[5 3],47,90,104,43,81
1,<environment.Job instance at 0x7f4ec1e651e0>,47,14,[8 5],48,99,113,51,84
1,<environment.Job instance at 0x7f4ec2118870>,48,22,[9 3],49,113,135,64,106
1,<environment.Job instance at 0x7f4ec1a200a0>,59,18,[ 3 10],60,106,124,46,106
1,<environment.Job instance at 0x7f4ec1a20550>,60,14,[7 2],61,135,149,74,120
1,<environment.Job instance at 0x7f4ec2198320>,61,19,[8 2],62,135,154,73,125
1,<environment.Job instance at 0x7f4ec16195f0>,1,16,[4 8],2,2,18,0,2
1,<environment.Job instance at 0x7f4ec159ef00>,2,12,[9 1],3,3,15,0,3
1,<environment.Job instance at 0x7f4ec177a0a0>,6,12,[5 4],7,15,27,8,8
1,<environment.Job instance at 0x7f4ec1a207d0>,4,22,[7 4],5,18,40,13,11
1,<environment.Job instance at 0x7f4ec1692cd0>,10,17,[2 6],11,18,35,7,11
1,<environment.Job instance at 0x7f4ec168d410>,13,12,[ 1 10],14,35,47,21,18
1,<environment.Job instance at 0x7f4ec168dc80>,15,14,[9 5],16,40,54,24,25
1,<environment.Job instance at 0x7f4ec1940b90>,18,17,[2 8],19,47,64,28,35
1,<environment.Job instance at 0x7f4ec1940280>,20,16,[ 1 10],21,64,80,43,51
1,<environment.Job instance at 0x7f4ec1905320>,34,20,[2 8],35,80,100,45,71
1,<environment.Job instance at 0x7f4ec1907b40>,35,14,[11  5],36,71,85,35,71
1,<environment.Job instance at 0x7f4ec1907960>,37,21,[5 9],38,100,121,62,92
1,<environment.Job instance at 0x7f4ec12eb870>,44,15,[6 4],45,92,107,47,92
1,<environment.Job instance at 0x7f4ec12eb140>,48,13,[7 1],49,107,120,58,92
1,<environment.Job instance at 0x7f4ec2122960>,49,16,[2 6],50,120,136,70,107
1,<environment.Job instance at 0x7f4ec13c01e0>,54,22,[5 3],55,121,143,66,114
1,<environment.Job instance at 0x7f4ecb3f2870>,58,17,[9 1],59,136,153,77,124
1,<environment.Job instance at 0x7f4ec13955f0>,61,16,[1 8],62,136,152,74,124
1,<environment.Job instance at 0x7f4ec132bdc0>,64,12,[3 5],65,124,136,59,124
1,<environment.Job instance at 0x7f4ec208d8c0>,1,17,[10  4],2,2,19,0,2
1,<environment.Job instance at 0x7f4ec208d0a0>,3,16,[8 4],4,19,35,15,6
1,<environment.Job instance at 0x7f4ec208d1e0>,6,15,[5 7],7,7,22,0,7
1,<environment.Job instance at 0x7f4ec20b7280>,10,12,[8 1],11,35,47,24,19
1,<environment.Job instance at 0x7f4ec208dc80>,0,23,[7 1],1,22,45,21,21
1,<environment.Job instance at 0x7f4ec20b7140>,13,15,[ 3 12],14,45,60,31,32
1,<environment.Job instance at 0x7f4ec20b7dc0>,9,19,[10  1],10,47,66,37,37
1,<environment.Job instance at 0x7f4ec20b7c30>,16,13,[10  5],17,66,79,49,50
1,<environment.Job instance at 0x7f4ec20b7a50>,19,12,[5 5],20,60,72,40,50
1,<environment.Job instance at 0x7f4ec20b7640>,12,25,[11  2],13,79,104,66,75
1,<environment.Job instance at 0x7f4ec20a1230>,25,15,[7 2],26,104,119,78,90
1,<environment.Job instance at 0x7f4ec20a1820>,24,13,[ 5 10],25,104,117,79,90
1,<environment.Job instance at 0x7f4ec23140a0>,40,20,[6 5],41,117,137,76,108
1,<environment.Job instance at 0x7f4ec1cda960>,47,14,[7 5],48,119,133,71,108
1,<environment.Job instance at 0x7f4ec1999d70>,52,14,[9 5],53,133,147,80,118
1,<environment.Job instance at 0x7f4ec126a370>,64,16,[5 5],65,137,153,72,124
1,<environment.Job instance at 0x7f4ec125bf00>,0,21,[5 4],1,1,22,0,1
1,<environment.Job instance at 0x7f4ec125b7d0>,2,20,[4 5],3,3,23,0,3
1,<environment.Job instance at 0x7f4ec125b8c0>,9,14,[6 5],10,10,24,0,10
1,<environment.Job instance at 0x7f4ec125b910>,10,13,[5 8],11,23,36,12,11
1,<environment.Job instance at 0x7f4ec12d6640>,17,13,[7 5],18,24,37,6,18
1,<environment.Job instance at 0x7f4ec12d6d70>,18,13,[1 8],19,36,49,17,20
1,<environment.Job instance at 0x7f4ec12d6460>,23,16,[11  3],24,37,53,13,24
1,<environment.Job instance at 0x7f4ec12d6190>,27,13,[10  4],28,53,66,25,37
1,<environment.Job instance at 0x7f4ec12d6410>,30,15,[10  4],31,66,81,35,52
1,<environment.Job instance at 0x7f4ec12d3230>,31,13,[ 4 10],32,52,65,20,52
1,<environment.Job instance at 0x7f4ec12d3910>,32,17,[3 9],33,65,82,32,53
1,<environment.Job instance at 0x7f4ec12d6690>,28,23,[4 5],29,81,104,52,75
1,<environment.Job instance at 0x7f4ec12d6500>,29,25,[1 9],30,82,107,52,78
1,<environment.Job instance at 0x7f4ec12d0870>,53,18,[6 5],54,104,122,50,93
1,<environment.Job instance at 0x7f4ec12bed70>,62,18,[5 8],63,107,125,44,96
1,<environment.Job instance at 0x7f4ec12befa0>,67,18,[6 5],68,122,140,54,111
1,<environment.Job instance at 0x7f4ec12be6e0>,68,17,[9 4],69,125,142,56,113
1,<environment.Job instance at 0x7f4ec12becd0>,71,18,[5 7],72,140,158,68,129
1,<environment.Job instance at 0x7f4ec19c1550>,72,15,[6 2],73,142,157,69,129
1,<environment.Job instance at 0x7f4ecadf1eb0>,0,28,[ 4 11],1,1,29,0,1
1,<environment.Job instance at 0x7f4ec2767230>,2,24,[5 2],3,3,27,0,3
1,<environment.Job instance at 0x7f4ecadf1050>,4,27,[5 1],5,5,32,0,5
1,<environment.Job instance at 0x7f4ecadf14b0>,13,12,[14  4],14,32,44,18,15
1,<environment.Job instance at 0x7f4ecadf1960>,12,19,[5 3],13,44,63,31,34
1,<environment.Job instance at 0x7f4ec21be370>,17,14,[8 2],18,44,58,26,34
1,<environment.Job instance at 0x7f4ec21be0f0>,18,13,[5 3],19,58,71,39,42
1,<environment.Job instance at 0x7f4ec21be960>,26,16,[9 4],27,63,79,36,50
1,<environment.Job instance at 0x7f4ec21be730>,31,18,[5 5],32,71,89,39,60
1,<environment.Job instance at 0x7f4ec21be640>,32,16,[5 5],33,79,95,46,66
1,<environment.Job instance at 0x7f4ec2753d70>,36,18,[1 5],37,66,84,29,66
1,<environment.Job instance at 0x7f4ec2753f50>,37,18,[9 5],38,89,107,51,80
1,<environment.Job instance at 0x7f4ec2753e10>,38,19,[4 5],39,95,114,56,85
1,<environment.Job instance at 0x7f4ec2642140>,44,13,[5 5],45,107,120,62,91
1,<environment.Job instance at 0x7f4ec26423c0>,46,16,[8 3],47,114,130,67,101
1,<environment.Job instance at 0x7f4ec126a4b0>,53,18,[5 5],54,120,138,66,112
1,<environment.Job instance at 0x7f4ec126a0a0>,54,20,[5 9],55,130,150,75,122
1,<environment.Job instance at 0x7f4ec126aa00>,57,14,[5 1],58,130,144,72,122
1,<environment.Job instance at 0x7f4ec18f6190>,3,19,[ 4 10],4,4,23,0,4
1,<environment.Job instance at 0x7f4ec18f6f00>,4,18,[10  1],5,5,23,0,5
1,<environment.Job instance at 0x7f4ec18f6d20>,7,21,[4 6],8,23,44,15,15
1,<environment.Job instance at 0x7f4ec18ef320>,16,20,[5 7],17,23,43,6,17
1,<environment.Job instance at 0x7f4ec18ef730>,17,16,[4 8],18,43,59,25,30
1,<environment.Job instance at 0x7f4ec18efaf0>,19,15,[2 8],20,59,74,39,45
1,<environment.Job instance at 0x7f4ec18efc80>,21,12,[6 1],22,45,57,23,45
1,<environment.Job instance at 0x7f4ec18e65a0>,24,16,[10  5],25,57,73,32,45
1,<environment.Job instance at 0x7f4ec18fc2d0>,26,16,[1 7],27,73,89,46,60
1,<environment.Job instance at 0x7f4ec240af00>,8,14,[5 7],9,74,88,65,62
1,<environment.Job instance at 0x7f4ec26a7af0>,32,16,[9 4],33,88,104,55,75
1,<environment.Job instance at 0x7f4ec2695280>,44,19,[2 9],45,89,108,44,87
1,<environment.Job instance at 0x7f4ec19d96e0>,45,19,[7 3],46,104,123,58,94
1,<environment.Job instance at 0x7f4ec19d9690>,47,18,[2 7],48,108,126,60,97
1,<environment.Job instance at 0x7f4ec19d9550>,49,18,[3 8],50,123,141,73,112
1,<environment.Job instance at 0x7f4ec20d0730>,52,15,[4 8],53,141,156,88,127
1,<environment.Job instance at 0x7f4ec1a16b90>,0,12,[10  1],1,1,13,0,1
1,<environment.Job instance at 0x7f4ec1a16500>,3,18,[14  4],4,13,31,9,6
1,<environment.Job instance at 0x7f4ec1a16c80>,9,17,[3 6],10,31,48,21,19
1,<environment.Job instance at 0x7f4ec1a166e0>,14,12,[6 3],15,31,43,16,19
1,<environment.Job instance at 0x7f4ec1a16870>,17,12,[4 6],18,31,43,13,20
1,<environment.Job instance at 0x7f4ec1a16280>,18,13,[2 6],19,43,56,24,27
1,<environment.Job instance at 0x7f4ec1a16aa0>,19,13,[10  4],20,48,61,28,32
1,<environment.Job instance at 0x7f4ec22eacd0>,27,13,[3 9],28,56,69,28,40
1,<environment.Job instance at 0x7f4ec22eabe0>,29,21,[8 3],30,61,82,31,53
1,<environment.Job instance at 0x7f4ec22ea9b0>,34,20,[2 7],35,69,89,34,66
1,<environment.Job instance at 0x7f4ec22eadc0>,40,18,[7 5],41,82,100,41,71
1,<environment.Job instance at 0x7f4ec22ea4b0>,41,15,[2 7],42,89,104,47,75
1,<environment.Job instance at 0x7f4ec22dc9b0>,43,13,[1 7],44,100,113,56,84
1,<environment.Job instance at 0x7f4ec22dc690>,44,13,[3 5],45,104,117,59,88
1,<environment.Job instance at 0x7f4ec22dc280>,45,16,[3 9],46,113,129,67,100
1,<environment.Job instance at 0x7f4ec22dc050>,49,12,[7 4],50,117,129,67,100
1,<environment.Job instance at 0x7f4ec22dcfa0>,51,14,[8 1],52,101,115,49,101
1,<environment.Job instance at 0x7f4ec1a16c30>,10,13,[12  4],11,129,142,118,114
1,<environment.Job instance at 0x7f4ec20e5640>,1,17,[1 9],2,129,146,127,117
1,<environment.Job instance at 0x7f4ec1be7500>,3,18,[7 4],4,4,22,0,4
1,<environment.Job instance at 0x7f4ec1be73c0>,4,14,[ 2 10],5,5,19,0,5
1,<environment.Job instance at 0x7f4ec1bebe60>,7,20,[5 7],8,19,39,11,10
1,<environment.Job instance at 0x7f4ec1beb190>,10,14,[9 1],11,22,36,11,11
1,<environment.Job instance at 0x7f4ec1be98c0>,11,12,[10  4],12,36,48,24,19
1,<environment.Job instance at 0x7f4ec1bdb460>,21,13,[9 2],22,48,61,26,32
1,<environment.Job instance at 0x7f4ec177ad70>,26,14,[4 8],27,39,53,12,32
1,<environment.Job instance at 0x7f4ec27f5be0>,28,12,[1 6],29,53,65,24,36
1,<environment.Job instance at 0x7f4ec1c040a0>,30,14,[8 4],31,61,75,30,46
1,<environment.Job instance at 0x7f4ec2816f00>,37,20,[4 5],38,53,73,15,46
1,<environment.Job instance at 0x7f4ec28160a0>,38,14,[5 7],39,73,87,34,58
1,<environment.Job instance at 0x7f4ec279ef50>,47,22,[5 7],48,75,97,27,68
1,<environment.Job instance at 0x7f4ec27c9e10>,56,18,[1 6],57,87,105,30,76
1,<environment.Job instance at 0x7f4ec27932d0>,57,20,[1 9],58,97,117,39,88
1,<environment.Job instance at 0x7f4ec2793cd0>,61,17,[7 3],62,105,122,43,93
1,<environment.Job instance at 0x7f4ec2793e10>,67,15,[6 1],68,105,120,37,93
1,<environment.Job instance at 0x7f4ec19e79b0>,76,16,[9 2],77,122,138,45,109
1,<environment.Job instance at 0x7f4ec19e7e60>,80,22,[1 5],81,117,139,36,110
1,<environment.Job instance at 0x7f4ec19f2050>,83,20,[1 5],84,117,137,33,110
1,<environment.Job instance at 0x7f4ec19f2320>,87,18,[5 5],88,137,155,49,126
1,<environment.Job instance at 0x7f4ec19f2500>,93,18,[3 8],94,139,157,45,128
1,<environment.Job instance at 0x7f4ec18dd3c0>,0,13,[5 5],1,1,14,0,1
1,<environment.Job instance at 0x7f4ec19f28c0>,2,19,[2 6],3,3,22,0,3
1,<environment.Job instance at 0x7f4ec18dd690>,6,18,[2 5],7,14,32,7,7
1,<environment.Job instance at 0x7f4ec1480500>,11,18,[3 9],12,22,40,10,14
1,<environment.Job instance at 0x7f4ec1480190>,17,17,[5 7],18,40,57,22,28
1,<environment.Job instance at 0x7f4ec1480d20>,18,17,[6 2],19,32,49,13,28
1,<environment.Job instance at 0x7f4ec1480e60>,25,16,[10  3],26,49,65,23,36
1,<environment.Job instance at 0x7f4ec14804b0>,13,16,[1 7],14,57,73,43,45
1,<environment.Job instance at 0x7f4ec2083fa0>,30,13,[12  1],31,65,78,34,50
1,<environment.Job instance at 0x7f4ec1480c80>,12,12,[13  4],13,78,90,65,64
1,<environment.Job instance at 0x7f4ec2083370>,41,16,[4 6],42,90,106,48,77
1,<environment.Job instance at 0x7f4ec1871cd0>,52,15,[3 7],53,90,105,37,77
1,<environment.Job instance at 0x7f4ec2083730>,42,15,[5 1],43,90,105,47,79
1,<environment.Job instance at 0x7f4ec1871280>,55,19,[2 5],56,105,124,49,103
1,<environment.Job instance at 0x7f4ec2083050>,31,28,[ 5 11],32,124,152,92,123
1,<environment.Job instance at 0x7f4ec10d7b40>,0,19,[5 8],1,1,20,0,1
1,<environment.Job instance at 0x7f4ec2083050>,2,19,[8 1],3,3,22,0,3
1,<environment.Job instance at 0x7f4ec10d7820>,4,13,[6 5],5,20,33,15,5
1,<environment.Job instance at 0x7f4ec1340320>,5,23,[1 6],6,6,29,0,6
1,<environment.Job instance at 0x7f4ec13407d0>,12,16,[8 2],13,22,38,9,13
1,<environment.Job instance at 0x7f4ec13405a0>,14,14,[4 7],15,33,47,18,18
1,<environment.Job instance at 0x7f4ec14115f0>,21,19,[2 5],22,33,52,11,25
1,<environment.Job instance at 0x7f4ec1340a50>,7,20,[1 7],8,47,67,39,38
1,<environment.Job instance at 0x7f4ec1411c80>,25,15,[1 7],26,52,67,26,38
1,<environment.Job instance at 0x7f4ec1409a00>,36,14,[5 4],37,67,81,30,52
1,<environment.Job instance at 0x7f4ec1409820>,37,15,[6 4],38,67,82,29,53
1,<environment.Job instance at 0x7f4ec1411780>,28,21,[1 6],29,67,88,38,59
1,<environment.Job instance at 0x7f4ec1409aa0>,44,17,[1 6],45,82,99,37,71
1,<environment.Job instance at 0x7f4ec1340140>,9,15,[9 4],10,88,103,78,74
1,<environment.Job instance at 0x7f4ec1409780>,47,21,[4 5],48,88,109,40,80
1,<environment.Job instance at 0x7f4ec10dda00>,53,12,[5 8],54,103,115,49,86
1,<environment.Job instance at 0x7f4ec10dd190>,55,15,[4 8],56,115,130,59,101
1,<environment.Job instance at 0x7f4ec10dddc0>,56,15,[1 6],57,109,124,52,101
1,<environment.Job instance at 0x7f4ec1409140>,39,23,[6 1],40,103,126,63,101
1,<environment.Job instance at 0x7f4ec10dd550>,66,14,[12  1],67,130,144,63,115
1,<environment.Job instance at 0x7f4ec10dd5a0>,2,16,[ 3 10],3,3,19,0,3
1,<environment.Job instance at 0x7f4ec27686e0>,3,13,[3 9],4,19,32,15,4
1,<environment.Job instance at 0x7f4ec27687d0>,10,14,[9 2],11,11,25,0,11
1,<environment.Job instance at 0x7f4ec2768820>,17,15,[3 8],18,32,47,14,18
1,<environment.Job instance at 0x7f4ec2855280>,21,27,[6 4],22,25,52,3,25
1,<environment.Job instance at 0x7f4ec2855870>,24,20,[4 5],25,47,67,22,38
1,<environment.Job instance at 0x7f4ec2855c80>,26,14,[2 6],27,47,61,20,38
1,<environment.Job instance at 0x7f4ec28557d0>,28,12,[6 5],29,61,73,32,44
1,<environment.Job instance at 0x7f4ec28558c0>,35,12,[8 5],36,67,79,31,52
1,<environment.Job instance at 0x7f4ec1cb9b40>,40,12,[2 5],41,73,85,32,56
1,<environment.Job instance at 0x7f4ec1cb9140>,45,14,[8 5],46,79,93,33,64
1,<environment.Job instance at 0x7f4ec2855910>,25,18,[4 6],26,85,103,59,74
1,<environment.Job instance at 0x7f4ec1cb9960>,49,21,[3 6],50,93,114,43,85
1,<environment.Job instance at 0x7f4ec1cb9730>,48,20,[6 3],49,93,113,44,85
1,<environment.Job instance at 0x7f4ec1f30050>,57,19,[8 4],58,113,132,55,103
1,<environment.Job instance at 0x7f4ec1f30aa0>,58,12,[7 5],59,114,126,55,103
1,<environment.Job instance at 0x7f4ec1f30b90>,59,20,[3 9],60,126,146,66,117
1,<environment.Job instance at 0x7f4ec1f30960>,60,18,[9 3],61,132,150,71,124
1,<environment.Job instance at 0x7f4ec2624f00>,1,19,[9 1],2,2,21,0,2
1,<environment.Job instance at 0x7f4ec1f30690>,2,12,[7 3],3,21,33,18,4
1,<environment.Job instance at 0x7f4ec1dec640>,4,26,[1 5],5,5,31,0,5
1,<environment.Job instance at 0x7f4ec1decaf0>,5,12,[12  5],6,33,45,27,16
1,<environment.Job instance at 0x7f4ec1f30960>,3,17,[1 8],4,31,48,27,22
1,<environment.Job instance at 0x7f4ec1dec910>,7,17,[5 9],8,48,65,40,36
1,<environment.Job instance at 0x7f4ec1deca50>,10,16,[ 3 14],11,65,81,54,52
1,<environment.Job instance at 0x7f4ec1decd20>,11,17,[12  1],12,65,82,53,53
1,<environment.Job instance at 0x7f4ec1dec690>,12,14,[8 4],13,82,96,69,67
1,<environment.Job instance at 0x7f4ec1decd70>,13,19,[ 2 10],14,81,100,67,71
1,<environment.Job instance at 0x7f4ec1dec3c0>,14,28,[6 2],15,96,124,81,95
1,<environment.Job instance at 0x7f4ec1dec8c0>,15,22,[ 1 12],16,100,122,84,95
1,<environment.Job instance at 0x7f4ec1decf50>,16,14,[9 3],17,122,136,105,107
1,<environment.Job instance at 0x7f4ec1decb40>,17,14,[11  2],18,136,150,118,121
1,<environment.Job instance at 0x7f4ec1dec6e0>,8,18,[1 8],9,124,142,115,123
1,<environment.Job instance at 0x7f4ec1968550>,0,22,[3 5],1,3,25,2,3
1,<environment.Job instance at 0x7f4ec19687d0>,4,22,[2 8],5,5,27,0,5
1,<environment.Job instance at 0x7f4ec1968b90>,6,20,[1 7],7,25,45,18,16
1,<environment.Job instance at 0x7f4ec22e4690>,9,14,[6 2],10,27,41,17,16
1,<environment.Job instance at 0x7f4ec22e4a00>,12,14,[4 7],13,41,55,28,26
1,<environment.Job instance at 0x7f4ec22e4730>,17,14,[5 6],18,27,41,9,26
1,<environment.Job instance at 0x7f4ec22e4f50>,21,21,[2 5],22,45,66,23,37
1,<environment.Job instance at 0x7f4ec11df730>,24,13,[1 7],25,55,68,30,39
1,<environment.Job instance at 0x7f4ec11dfe60>,28,16,[ 4 10],29,68,84,39,55
1,<environment.Job instance at 0x7f4ec11dfb90>,34,19,[2 9],35,84,103,49,74
1,<environment.Job instance at 0x7f4ec11df1e0>,35,18,[9 3],36,74,92,38,74
1,<environment.Job instance at 0x7f4ec11dfaf0>,36,14,[5 5],37,92,106,55,77
1,<environment.Job instance at 0x7f4ec11df0f0>,37,22,[7 2],38,103,125,65,96
1,<environment.Job instance at 0x7f4ec11df7d0>,39,20,[5 7],40,106,126,66,97
1,<environment.Job instance at 0x7f4ec11df550>,42,18,[7 1],43,125,143,82,114
1,<environment.Job instance at 0x7f4ec1a1a3c0>,50,21,[5 9],51,126,147,75,118
1,<environment.Job instance at 0x7f4ec22b30f0>,0,13,[14  4],1,1,14,0,1
1,<environment.Job instance at 0x7f4ec22b3f50>,1,16,[3 8],2,14,30,12,2
1,<environment.Job instance at 0x7f4ec22b3050>,4,21,[1 9],5,30,51,25,22
1,<environment.Job instance at 0x7f4ec22b3690>,9,12,[3 9],10,51,63,41,34
1,<environment.Job instance at 0x7f4ec22b35a0>,11,19,[5 1],12,34,53,22,34
1,<environment.Job instance at 0x7f4ec22b11e0>,15,14,[1 5],16,34,48,18,34
1,<environment.Job instance at 0x7f4ec22b1230>,16,17,[1 9],17,63,80,46,51
1,<environment.Job instance at 0x7f4ec22b17d0>,18,13,[10  1],19,53,66,34,51
1,<environment.Job instance at 0x7f4ec22b1be0>,25,20,[7 1],26,66,86,40,57
1,<environment.Job instance at 0x7f4ec22838c0>,30,19,[7 4],31,66,85,35,57
1,<environment.Job instance at 0x7f4ec2283140>,32,12,[7 3],33,85,97,52,68
1,<environment.Job instance at 0x7f4ec22839b0>,33,21,[7 2],34,86,107,52,78
1,<environment.Job instance at 0x7f4ec2283be0>,34,14,[5 5],35,97,111,62,82
1,<environment.Job instance at 0x7f4ec22b8190>,42,13,[2 8],43,97,110,54,82
1,<environment.Job instance at 0x7f4ec22b8eb0>,52,12,[6 3],53,110,122,57,93
1,<environment.Job instance at 0x7f4ec2293550>,58,16,[5 9],59,111,127,52,98
1,<environment.Job instance at 0x7f4ec22937d0>,63,21,[8 2],64,122,143,58,114
1,<environment.Job instance at 0x7f4ec2293a00>,67,18,[1 9],68,127,145,59,121
1,<environment.Job instance at 0x7f4ec1b09aa0>,13,16,[2 5],14,14,30,0,14
1,<environment.Job instance at 0x7f4ec1b090a0>,14,17,[9 4],15,15,32,0,15
1,<environment.Job instance at 0x7f4ec1b09280>,16,16,[2 6],17,17,33,0,17
1,<environment.Job instance at 0x7f4ec1b09730>,17,17,[1 7],18,32,49,14,20
1,<environment.Job instance at 0x7f4ec1b09be0>,20,12,[5 5],21,33,45,12,21
1,<environment.Job instance at 0x7f4ec1b09500>,24,12,[4 7],25,45,57,20,28
1,<environment.Job instance at 0x7f4ec1b09c30>,23,21,[13  2],24,57,78,33,49
1,<environment.Job instance at 0x7f4ec1b09410>,21,15,[1 8],22,49,64,27,49
1,<environment.Job instance at 0x7f4ec1b09e10>,22,20,[4 7],23,78,98,55,69
1,<environment.Job instance at 0x7f4ec1b09a50>,31,20,[1 6],32,69,89,37,69
1,<environment.Job instance at 0x7f4ec1b09f50>,32,18,[3 8],33,89,107,56,78
1,<environment.Job instance at 0x7f4ec21995a0>,39,15,[4 7],40,98,113,58,84
1,<environment.Job instance at 0x7f4ec21997d0>,49,17,[7 1],50,107,124,57,95
1,<environment.Job instance at 0x7f4ec2199e60>,51,13,[1 7],52,107,120,55,99
1,<environment.Job instance at 0x7f4ec1073280>,57,12,[7 3],58,113,125,55,99
1,<environment.Job instance at 0x7f4ec1073870>,58,13,[10  5],59,125,138,66,109
1,<environment.Job instance at 0x7f4ec10736e0>,61,17,[8 5],62,138,155,76,126
1,<environment.Job instance at 0x7f4ec1073af0>,62,12,[2 5],63,126,138,63,126
1,<environment.Job instance at 0x7f4ec1073f00>,63,12,[5 5],64,138,150,74,126
1,<environment.Job instance at 0x7f4ec2829e60>,0,27,[4 6],1,1,28,0,1
1,<environment.Job instance at 0x7f4ec2829dc0>,1,24,[4 5],2,2,26,0,2
1,<environment.Job instance at 0x7f4ec25c6230>,16,18,[ 2 11],17,28,46,11,18
1,<environment.Job instance at 0x7f4ecad9f460>,19,20,[7 1],20,20,40,0,20
1,<environment.Job instance at 0x7f4ec14d2be0>,23,17,[5 6],24,46,63,22,41
1,<environment.Job instance at 0x7f4ec14bd500>,30,18,[5 3],31,41,59,10,41
1,<environment.Job instance at 0x7f4ec14b8690>,31,17,[7 5],32,59,76,27,47
1,<environment.Job instance at 0x7f4ec14b8cd0>,32,14,[9 2],33,76,90,43,61
1,<environment.Job instance at 0x7f4ec14b8a00>,33,20,[4 7],34,63,83,29,61
1,<environment.Job instance at 0x7f4ec14b8370>,34,13,[7 2],35,90,103,55,74
1,<environment.Job instance at 0x7f4ec14b8eb0>,35,21,[5 1],36,83,104,47,75
1,<environment.Job instance at 0x7f4ec14b84b0>,37,12,[6 4],38,103,115,65,86
1,<environment.Job instance at 0x7f4ec27ff780>,43,16,[6 1],44,104,120,60,91
1,<environment.Job instance at 0x7f4ec14bc820>,49,14,[3 7],50,91,105,41,91
1,<environment.Job instance at 0x7f4ec14bca50>,51,12,[4 7],52,115,127,63,98
1,<environment.Job instance at 0x7f4ec14bc230>,54,15,[4 8],55,120,135,65,106
1,<environment.Job instance at 0x7f4ec14bc280>,57,18,[5 6],58,127,145,69,116
1,<environment.Job instance at 0x7f4ec14bc5f0>,58,13,[8 2],59,135,148,76,119
1,<environment.Job instance at 0x7f4ec1be65a0>,0,25,[ 4 12],1,1,26,0,1
1,<environment.Job instance at 0x7f4ec1be6dc0>,5,22,[2 6],6,26,48,20,19
1,<environment.Job instance at 0x7f4ec1be65f0>,9,20,[6 4],10,26,46,16,19
1,<environment.Job instance at 0x7f4ec1be6e10>,14,16,[6 5],15,26,42,11,19
1,<environment.Job instance at 0x7f4ec1c148c0>,16,21,[5 8],17,46,67,29,38
1,<environment.Job instance at 0x7f4ec1c14d70>,17,19,[3 7],18,48,67,30,38
1,<environment.Job instance at 0x7f4ec1c14960>,25,16,[7 4],26,67,83,41,54
1,<environment.Job instance at 0x7f4ec1c14c80>,28,14,[10  4],29,83,97,54,68
1,<environment.Job instance at 0x7f4ec1c14e10>,31,18,[2 9],32,68,86,36,68
1,<environment.Job instance at 0x7f4ec1c0e5a0>,41,14,[6 5],42,97,111,55,82
1,<environment.Job instance at 0x7f4ec1c0ed20>,42,21,[6 3],43,97,118,54,89
1,<environment.Job instance at 0x7f4ec1c0e050>,43,17,[10  2],44,118,135,74,106
1,<environment.Job instance at 0x7f4ec1c0e5f0>,44,18,[6 5],45,135,153,90,124
1,<environment.Job instance at 0x7f4ec1be68c0>,1,17,[4 8],2,124,141,122,124
1,<environment.Job instance at 0x7f4ec1be6f00>,2,15,[1 8],3,3,18,0,3
1,<environment.Job instance at 0x7f4ec1725be0>,5,13,[8 3],6,6,19,0,6
1,<environment.Job instance at 0x7f4ec1725f50>,9,17,[ 2 10],10,18,35,8,10
1,<environment.Job instance at 0x7f4ec1be68c0>,12,12,[5 7],13,35,47,22,18
1,<environment.Job instance at 0x7f4ec173b370>,13,28,[8 3],14,19,47,5,19
1,<environment.Job instance at 0x7f4ec173b9b0>,22,18,[8 3],23,47,65,24,37
1,<environment.Job instance at 0x7f4ec173ba00>,23,12,[ 3 12],24,47,59,23,37
1,<environment.Job instance at 0x7f4ec173baa0>,24,14,[ 1 12],25,59,73,34,45
1,<environment.Job instance at 0x7f4ec173bb40>,25,17,[6 1],26,65,82,39,53
1,<environment.Job instance at 0x7f4ec18b6b90>,0,17,[8 1],1,65,82,64,61
1,<environment.Job instance at 0x7f4ec173bbe0>,26,28,[3 6],27,82,110,55,81
1,<environment.Job instance at 0x7f4ec173bd20>,28,26,[11  4],29,82,108,53,81
1,<environment.Job instance at 0x7f4ec173bdc0>,29,16,[7 3],30,108,124,78,95
1,<environment.Job instance at 0x7f4ec173be60>,30,23,[7 1],31,110,133,79,104
1,<environment.Job instance at 0x7f4ec173bf00>,31,13,[12  4],32,133,146,101,117
1,<environment.Job instance at 0x7fcd50e5d320>,1,15,[5 2],2,2,17,0,2
1,<environment.Job instance at 0x7fcd476e5640>,5,18,[7 5],6,6,24,0,6
1,<environment.Job instance at 0x7fcd476e5820>,7,12,[7 2],8,17,29,9,8
1,<environment.Job instance at 0x7fcd476e59b0>,9,17,[8 1],10,24,41,14,12
1,<environment.Job instance at 0x7fcd476e5c80>,12,22,[4 6],13,29,51,16,22
1,<environment.Job instance at 0x7fcd476e5960>,18,18,[3 6],19,29,47,10,22
1,<environment.Job instance at 0x7fcd476e6190>,20,18,[7 5],21,47,65,26,36
1,<environment.Job instance at 0x7fcd476e63c0>,23,18,[7 4],24,51,69,27,40
1,<environment.Job instance at 0x7fcd476e65f0>,26,20,[4 8],27,65,85,38,56
1,<environment.Job instance at 0x7fcd476e6730>,28,20,[5 8],29,85,105,56,76
1,<environment.Job instance at 0x7fcd476e6870>,30,15,[8 2],31,76,91,45,76
1,<environment.Job instance at 0x7fcd476e6910>,31,13,[4 5],32,91,104,59,76
1,<environment.Job instance at 0x7fcd476e6a50>,33,16,[9 3],34,104,120,70,91
1,<environment.Job instance at 0x7fcd476e6af0>,34,20,[5 3],35,105,125,70,96
1,<environment.Job instance at 0x7fcd476e6460>,37,22,[2 5],38,120,142,82,113
1,<environment.Job instance at 0x7fcd476e6e60>,39,13,[5 4],40,120,133,80,113
1,<environment.Job instance at 0x7fcd476e6140>,40,19,[ 3 10],41,133,152,92,123
1,<environment.Job instance at 0x7fcd476eb050>,43,14,[6 1],44,142,156,98,127
1,<environment.Job instance at 0x7fcd476eb230>,44,14,[8 4],45,152,166,107,137
1,<environment.Job instance at 0x7fcd4714a140>,0,21,[ 3 12],1,1,22,0,1
1,<environment.Job instance at 0x7fcd47b2a500>,6,16,[14  1],7,22,38,15,9
1,<environment.Job instance at 0x7fcd47b8abe0>,11,15,[6 2],12,38,53,26,24
1,<environment.Job instance at 0x7fcd47b8a4b0>,15,13,[2 6],16,38,51,22,24
1,<environment.Job instance at 0x7fcd47b8ac80>,10,15,[6 2],11,38,53,27,25
1,<environment.Job instance at 0x7fcd47b8af00>,17,16,[6 2],18,53,69,35,40
1,<environment.Job instance at 0x7fcd47b8a820>,20,15,[8 3],21,53,68,32,40
1,<environment.Job instance at 0x7fcd46dbd190>,27,13,[4 5],28,68,81,40,52
1,<environment.Job instance at 0x7fcd470fcd70>,31,18,[ 4 10],32,69,87,37,59
1,<environment.Job instance at 0x7fcd4719aa00>,32,22,[6 4],33,81,103,48,74
1,<environment.Job instance at 0x7fcd4719a4b0>,33,16,[7 1],34,87,103,53,75
1,<environment.Job instance at 0x7fcd47af35f0>,1,17,[ 2 11],2,103,120,101,91
1,<environment.Job instance at 0x7fcd4719a780>,35,14,[11  3],36,103,117,67,91
1,<environment.Job instance at 0x7fcd46e31190>,37,18,[10  1],38,117,135,79,106
1,<environment.Job instance at 0x7fcd470f2690>,42,14,[4 7],43,120,134,77,106
1,<environment.Job instance at 0x7fcd46d45910>,47,22,[1 7],48,120,142,72,118
1,<environment.Job instance at 0x7fcd471edaa0>,58,17,[10  5],59,135,152,76,123
1,<environment.Job instance at 0x7fcd46dfc2d0>,9,16,[7 2],10,10,26,0,10
1,<environment.Job instance at 0x7fcd46d4e4b0>,12,12,[2 7],13,13,25,0,13
1,<environment.Job instance at 0x7fcd46d4e910>,13,24,[2 7],14,25,49,11,21
1,<environment.Job instance at 0x7fcd46d4e780>,21,15,[4 8],22,26,41,4,22
1,<environment.Job instance at 0x7fcd46d4ec30>,26,14,[5 3],27,41,55,14,31
1,<environment.Job instance at 0x7fcd46d4ee60>,27,14,[8 5],28,41,55,13,31
1,<environment.Job instance at 0x7fcd46d9d870>,39,18,[ 3 10],40,55,73,15,44
1,<environment.Job instance at 0x7fcd46d9de60>,40,14,[7 2],41,55,69,14,44
1,<environment.Job instance at 0x7fcd46d9d2d0>,41,19,[8 2],42,69,88,27,59
1,<environment.Job instance at 0x7fcd47534460>,44,16,[8 3],45,88,104,43,75
1,<environment.Job instance at 0x7fcd46d4ea50>,16,18,[7 1],17,77,95,60,77
1,<environment.Job instance at 0x7fcd47534190>,46,22,[9 4],47,104,126,57,97
1,<environment.Job instance at 0x7fcd475347d0>,51,22,[4 8],52,97,119,45,97
1,<environment.Job instance at 0x7fcd4751e140>,53,16,[2 8],54,119,135,65,106
1,<environment.Job instance at 0x7fcd4751e8c0>,55,13,[2 5],56,126,139,70,110
1,<environment.Job instance at 0x7fcd47c02dc0>,59,19,[1 8],60,135,154,75,125
1,<environment.Job instance at 0x7fcd47c02cd0>,60,12,[4 7],61,139,151,78,125
1,<environment.Job instance at 0x7fcd4722e9b0>,2,23,[2 8],3,3,26,0,3
1,<environment.Job instance at 0x7fcd47c025a0>,3,16,[11  1],4,4,20,0,4
1,<environment.Job instance at 0x7fcd47235140>,5,14,[11  5],6,20,34,14,6
1,<environment.Job instance at 0x7fcd473a71e0>,9,15,[ 3 12],10,34,49,24,25
1,<environment.Job instance at 0x7fcd473ae230>,8,25,[6 1],9,34,59,25,33
1,<environment.Job instance at 0x7fcd473a7b90>,7,21,[5 9],8,49,70,41,41
1,<environment.Job instance at 0x7fcd46e02f50>,14,15,[6 4],15,59,74,44,45
1,<environment.Job instance at 0x7fcd4718f6e0>,18,13,[7 1],19,70,83,51,54
1,<environment.Job instance at 0x7fcd472175a0>,19,16,[2 6],20,70,86,50,57
1,<environment.Job instance at 0x7fcd476a9730>,24,22,[5 3],25,74,96,49,67
1,<environment.Job instance at 0x7fcd4723f4b0>,28,17,[9 1],29,86,103,57,76
1,<environment.Job instance at 0x7fcd471d9820>,31,16,[1 8],32,86,102,54,79
1,<environment.Job instance at 0x7fcd4719ac80>,34,12,[3 5],35,96,108,61,79
1,<environment.Job instance at 0x7fcd471d9910>,35,14,[5 8],36,103,117,67,88
1,<environment.Job instance at 0x7fcd473c1dc0>,39,19,[6 4],40,108,127,68,98
1,<environment.Job instance at 0x7fcd4722ecd0>,4,20,[2 8],5,117,137,112,108
1,<environment.Job instance at 0x7fcd46e02730>,10,18,[13  2],11,127,145,116,116
1,<environment.Job instance at 0x7fcd475487d0>,0,20,[6 5],1,2,22,1,2
1,<environment.Job instance at 0x7fcd4754df50>,7,14,[7 5],8,8,22,0,8
1,<environment.Job instance at 0x7fcd4754d910>,8,12,[6 1],9,22,34,13,9
1,<environment.Job instance at 0x7fcd4757fbe0>,12,14,[9 5],13,22,36,9,13
1,<environment.Job instance at 0x7fcd4757f1e0>,20,12,[8 2],21,36,48,15,21
1,<environment.Job instance at 0x7fcd4757ac30>,24,16,[5 5],25,34,50,9,26
1,<environment.Job instance at 0x7fcd4757ae60>,25,12,[ 4 13],26,50,62,24,38
1,<environment.Job instance at 0x7fcd4757ae10>,28,18,[1 5],29,62,80,33,51
1,<environment.Job instance at 0x7fcd47580960>,27,19,[5 7],28,62,81,34,52
1,<environment.Job instance at 0x7fcd47548500>,2,12,[14  3],3,81,93,78,64
1,<environment.Job instance at 0x7fcd47580370>,31,17,[7 4],32,93,110,61,81
1,<environment.Job instance at 0x7fcd47580730>,30,22,[7 1],31,93,115,62,86
1,<environment.Job instance at 0x7fcd47580050>,33,12,[4 8],34,110,122,76,93
1,<environment.Job instance at 0x7fcd47580870>,34,12,[8 2],35,115,127,80,98
1,<environment.Job instance at 0x7fcd46ca2550>,39,12,[5 5],40,122,134,82,105
1,<environment.Job instance at 0x7fcd470cd0a0>,41,17,[2 7],42,122,139,80,110
1,<environment.Job instance at 0x7fcd474206e0>,42,14,[4 9],43,139,153,96,124
1,<environment.Job instance at 0x7fcd46ccd0a0>,45,12,[4 8],46,153,165,107,136
1,<environment.Job instance at 0x7fcd46cd4190>,55,16,[5 5],56,136,152,80,136
1,<environment.Job instance at 0x7fcd4821f640>,3,18,[6 5],4,4,22,0,4
1,<environment.Job instance at 0x7fcd48230460>,7,15,[11  5],8,22,37,14,8
1,<environment.Job instance at 0x7fcd482302d0>,8,12,[1 7],9,9,21,0,9
1,<environment.Job instance at 0x7fcd482304b0>,17,18,[6 5],18,37,55,19,26
1,<environment.Job instance at 0x7fcd48230b40>,21,18,[5 7],22,37,55,15,26
1,<environment.Job instance at 0x7fcd48230230>,22,15,[6 2],23,55,70,32,41
1,<environment.Job instance at 0x7fcd482301e0>,18,17,[9 4],19,55,72,36,43
1,<environment.Job instance at 0x7fcd4820c1e0>,29,22,[1 7],30,70,92,40,63
1,<environment.Job instance at 0x7fcd4820ca00>,40,14,[1 7],41,72,86,31,63
1,<environment.Job instance at 0x7fcd4820c780>,42,14,[6 2],43,86,100,43,71
1,<environment.Job instance at 0x7fcd4820c640>,45,14,[1 6],46,86,100,40,72
1,<environment.Job instance at 0x7fcd4820c5a0>,46,15,[5 7],47,92,107,45,78
1,<environment.Job instance at 0x7fcd4820cdc0>,50,18,[5 2],51,100,118,49,89
1,<environment.Job instance at 0x7fcd4820c690>,30,19,[5 6],31,100,119,69,90
1,<environment.Job instance at 0x7fcd47580f50>,52,14,[8 3],53,118,132,65,103
1,<environment.Job instance at 0x7fcd47580d70>,51,20,[3 7],52,119,139,67,115
1,<environment.Job instance at 0x7fcd47580cd0>,53,18,[12  3],54,132,150,78,122
1,<environment.Job instance at 0x7fcd47580dc0>,55,21,[2 8],56,139,160,83,135
1,<environment.Job instance at 0x7fcd474e4dc0>,0,18,[ 4 13],1,1,19,0,1
1,<environment.Job instance at 0x7fcd47580fa0>,2,14,[9 1],3,3,17,0,3
1,<environment.Job instance at 0x7fcd46cd13c0>,3,12,[7 1],4,17,29,13,4
1,<environment.Job instance at 0x7fcd46cd1a00>,7,15,[6 2],8,19,34,11,8
1,<environment.Job instance at 0x7fcd46cd1780>,8,17,[7 4],9,29,46,20,17
1,<environment.Job instance at 0x7fcd46cd1820>,11,17,[3 5],12,34,51,22,22
1,<environment.Job instance at 0x7fcd46cd19b0>,10,12,[11  2],11,46,58,35,31
1,<environment.Job instance at 0x7fcd46cd1aa0>,13,14,[6 1],14,58,72,44,43
1,<environment.Job instance at 0x7fcd46cd1640>,17,13,[9 5],18,58,71,40,43
1,<environment.Job instance at 0x7fcd46cd1e10>,18,16,[3 6],19,71,87,52,58
1,<environment.Job instance at 0x7fcd46d3b730>,20,14,[2 5],21,71,85,50,58
1,<environment.Job instance at 0x7fcd46d3b910>,24,17,[10  4],25,72,89,47,60
1,<environment.Job instance at 0x7fcd46d3b0f0>,28,14,[2 7],29,87,101,58,72
1,<environment.Job instance at 0x7fcd46d3beb0>,29,20,[1 7],30,89,109,59,80
1,<environment.Job instance at 0x7fcd46d3b050>,30,14,[3 7],31,101,115,70,86
1,<environment.Job instance at 0x7fcd46d3b460>,31,20,[9 4],32,109,129,77,100
1,<environment.Job instance at 0x7fcd46ca09b0>,37,21,[5 9],38,115,136,77,110
1,<environment.Job instance at 0x7fcd46ca0780>,39,12,[5 7],40,136,148,96,119
1,<environment.Job instance at 0x7fcd46ca0550>,41,20,[7 4],42,129,149,87,120
1,<environment.Job instance at 0x7fcd46ca07d0>,45,18,[1 6],46,148,166,102,137
1,<environment.Job instance at 0x7fcd46ca0dc0>,46,15,[6 1],47,148,163,101,137
1,<environment.Job instance at 0x7fcd46ca0d20>,47,17,[5 7],48,149,166,101,137
1,<environment.Job instance at 0x7fcd477a69b0>,1,17,[11  4],2,2,19,0,2
1,<environment.Job instance at 0x7fcd46ca0d20>,4,15,[2 5],5,5,20,0,5
1,<environment.Job instance at 0x7fcd46e2aa00>,5,18,[9 5],6,19,37,13,8
1,<environment.Job instance at 0x7fcd46e2aeb0>,10,17,[2 6],11,20,37,9,14
1,<environment.Job instance at 0x7fcd46e207d0>,22,18,[10  2],23,37,55,14,26
1,<environment.Job instance at 0x7fcd46e20f50>,27,17,[2 6],28,37,54,9,28
1,<environment.Job instance at 0x7fcd47323190>,32,15,[4 5],33,54,69,21,40
1,<environment.Job instance at 0x7fcd47639460>,34,17,[3 5],35,55,72,20,43
1,<environment.Job instance at 0x7fcd4822ef50>,40,15,[7 4],41,55,70,14,43
1,<environment.Job instance at 0x7fcd4760ef00>,46,15,[5 5],47,69,84,22,55
1,<environment.Job instance at 0x7fcd47d28af0>,50,18,[5 9],51,72,90,21,66
1,<environment.Job instance at 0x7fcd47d5c910>,51,17,[2 5],52,84,101,32,72
1,<environment.Job instance at 0x7fcd46e2a460>,6,25,[7 3],7,90,115,83,86
1,<environment.Job instance at 0x7fcd46e3eaa0>,53,19,[1 9],54,101,120,47,93
1,<environment.Job instance at 0x7fcd47d3abe0>,55,20,[7 5],56,115,135,59,106
1,<environment.Job instance at 0x7fcd47d3acd0>,61,17,[1 9],62,120,137,58,108
1,<environment.Job instance at 0x7fcd47d320f0>,68,17,[2 5],69,135,152,66,123
1,<environment.Job instance at 0x7fcd47d32370>,69,17,[3 6],70,137,154,67,125
1,<environment.Job instance at 0x7fcd47d427d0>,78,13,[2 6],79,152,165,73,136
1,<environment.Job instance at 0x7fcd47d42870>,79,13,[10  4],80,137,150,57,136
1,<environment.Job instance at 0x7fcd4810d9b0>,3,14,[4 5],4,4,18,0,4
1,<environment.Job instance at 0x7fcd4810d410>,5,14,[1 7],6,6,20,0,6
1,<environment.Job instance at 0x7fcd4810d2d0>,6,13,[4 5],7,18,31,11,7
1,<environment.Job instance at 0x7fcd476216e0>,12,13,[11  4],13,20,33,7,13
1,<environment.Job instance at 0x7fcd476211e0>,13,17,[ 3 12],14,33,50,19,22
1,<environment.Job instance at 0x7fcd4810dc80>,11,24,[9 2],12,40,64,28,40
1,<environment.Job instance at 0x7fcd47621140>,10,22,[6 5],11,50,72,39,47
1,<environment.Job instance at 0x7fcd47621370>,17,16,[7 4],18,64,80,46,51
1,<environment.Job instance at 0x7fcd47621f50>,18,12,[8 4],19,72,84,53,55
1,<environment.Job instance at 0x7fcd47621af0>,26,12,[8 4],27,84,96,57,67
1,<environment.Job instance at 0x7fcd47621280>,27,16,[1 8],28,80,96,52,67
1,<environment.Job instance at 0x7fcd476324b0>,30,13,[9 3],31,96,109,65,80
1,<environment.Job instance at 0x7fcd47632550>,35,17,[5 3],36,80,97,44,80
1,<environment.Job instance at 0x7fcd47632460>,36,12,[2 7],37,97,109,60,80
1,<environment.Job instance at 0x7fcd476327d0>,40,13,[4 6],41,109,122,68,93
1,<environment.Job instance at 0x7fcd476329b0>,42,12,[1 7],43,109,121,66,93
1,<environment.Job instance at 0x7fcd47632140>,43,15,[2 6],44,121,136,77,107
1,<environment.Job instance at 0x7fcd4810d780>,7,23,[2 6],8,122,145,114,121
1,<environment.Job instance at 0x7fcd47632640>,44,13,[10  1],45,127,140,82,127
1,<environment.Job instance at 0x7fcd47632730>,46,16,[9 3],47,140,156,93,128
1,<environment.Job instance at 0x7fcd47632f00>,45,18,[1 7],46,145,163,99,134
1,<environment.Job instance at 0x7fcd47262b90>,0,28,[ 5 11],1,2,30,1,2
1,<environment.Job instance at 0x7fcd46f24c30>,2,14,[10  1],3,3,17,0,3
1,<environment.Job instance at 0x7fcd46fee0a0>,5,12,[ 5 10],6,30,42,24,13
1,<environment.Job instance at 0x7fcd46fe3550>,18,17,[8 4],19,19,36,0,19
1,<environment.Job instance at 0x7fcd46fe3dc0>,19,16,[7 2],20,36,52,16,23
1,<environment.Job instance at 0x7fcd46fd0910>,22,14,[8 5],23,42,56,19,27
1,<environment.Job instance at 0x7fcd46fd0c30>,24,19,[6 4],25,52,71,27,42
1,<environment.Job instance at 0x7fcd46fd05a0>,25,16,[1 6],26,52,68,26,42
1,<environment.Job instance at 0x7fcd46fee690>,6,24,[7 1],7,56,80,49,51
1,<environment.Job instance at 0x7fcd46fd04b0>,26,14,[1 8],27,68,82,41,53
1,<environment.Job instance at 0x7fcd46cfd690>,28,15,[10  1],29,80,95,51,67
1,<environment.Job instance at 0x7fcd46cfe780>,33,16,[3 7],34,82,98,48,69
1,<environment.Job instance at 0x7fcd471c5aa0>,38,14,[1 7],39,82,96,43,69
1,<environment.Job instance at 0x7fcd471c5eb0>,40,13,[5 5],41,96,109,55,80
1,<environment.Job instance at 0x7fcd46fee370>,7,16,[1 6],8,98,114,90,87
1,<environment.Job instance at 0x7fcd476ef140>,27,22,[7 2],28,96,118,68,91
1,<environment.Job instance at 0x7fcd471f0af0>,42,19,[2 6],43,109,128,66,99
1,<environment.Job instance at 0x7fcd46fe72d0>,46,18,[2 5],47,114,132,67,103
1,<environment.Job instance at 0x7fcd4776ff50>,51,18,[3 9],52,128,146,76,117
1,<environment.Job instance at 0x7fcd4776f460>,53,16,[1 7],54,146,162,92,133
1,<environment.Job instance at 0x7fcd4775ebe0>,57,17,[5 7],58,146,163,88,134
1,<environment.Job instance at 0x7fcd475d94b0>,1,18,[1 9],2,2,20,0,2
1,<environment.Job instance at 0x7fcd475d9d20>,3,18,[7 1],4,4,22,0,4
1,<environment.Job instance at 0x7fcd475d9370>,4,19,[7 3],5,5,24,0,5
1,<environment.Job instance at 0x7fcd475d9780>,9,13,[5 8],10,22,35,12,11
1,<environment.Job instance at 0x7fcd475d9690>,16,22,[4 5],17,24,46,7,17
1,<environment.Job instance at 0x7fcd475d98c0>,18,19,[2 5],19,35,54,16,25
1,<environment.Job instance at 0x7fcd475d9500>,19,23,[2 5],20,35,58,15,29
1,<environment.Job instance at 0x7fcd47f2bd70>,20,12,[7 2],21,46,58,25,29
1,<environment.Job instance at 0x7fcd47f2b8c0>,21,20,[6 1],22,54,74,32,45
1,<environment.Job instance at 0x7fcd475d9410>,10,16,[ 5 12],11,58,74,47,48
1,<environment.Job instance at 0x7fcd47f2bd20>,27,13,[13  2],28,74,87,46,58
1,<environment.Job instance at 0x7fcd47f2bfa0>,26,19,[3 7],27,87,106,60,77
1,<environment.Job instance at 0x7fcd47f2b5f0>,29,17,[5 4],30,87,104,57,77
1,<environment.Job instance at 0x7fcd475d9870>,5,21,[5 5],6,104,125,98,98
1,<environment.Job instance at 0x7fcd47f2bbe0>,31,27,[12  3],32,125,152,93,123
1,<environment.Job instance at 0x7fcd475d9f50>,7,15,[ 3 14],8,152,167,144,138
1,<environment.Job instance at 0x7fcd46b40410>,1,18,[13  2],2,4,22,2,4
1,<environment.Job instance at 0x7fcd46b40460>,7,16,[5 1],8,22,38,14,9
1,<environment.Job instance at 0x7fcd475d9f50>,5,15,[3 9],6,22,37,16,9
1,<environment.Job instance at 0x7fcd46b40eb0>,9,13,[8 3],10,37,50,27,21
1,<environment.Job instance at 0x7fcd46b40b40>,19,22,[2 7],20,37,59,17,33
1,<environment.Job instance at 0x7fcd46b40280>,4,14,[9 1],5,50,64,45,37
1,<environment.Job instance at 0x7fcd4829cf00>,23,13,[3 9],24,59,72,35,45
1,<environment.Job instance at 0x7fcd4829ceb0>,22,16,[ 3 10],23,72,88,49,59
1,<environment.Job instance at 0x7fcd4829c0f0>,30,14,[9 2],31,64,78,33,64
1,<environment.Job instance at 0x7fcd4829c960>,37,15,[3 8],38,88,103,50,74
1,<environment.Job instance at 0x7fcd4829c410>,38,14,[4 9],39,103,117,64,88
1,<environment.Job instance at 0x7fcd46bbda00>,40,22,[2 8],41,117,139,76,112
1,<environment.Job instance at 0x7fcd46bbdc80>,44,20,[4 5],45,123,143,78,123
1,<environment.Job instance at 0x7fcd46bbde60>,45,18,[4 6],46,139,157,93,128
1,<environment.Job instance at 0x7fcd46bbd280>,46,14,[2 6],47,143,157,96,128
1,<environment.Job instance at 0x7fcd46ebf820>,0,12,[11  1],1,2,14,1,2
1,<environment.Job instance at 0x7fcd46bbd820>,2,16,[ 4 13],3,3,19,0,3
1,<environment.Job instance at 0x7fcd46ebf320>,7,14,[8 1],8,14,28,6,8
1,<environment.Job instance at 0x7fcd46ebfa00>,3,17,[1 7],4,19,36,15,13
1,<environment.Job instance at 0x7fcd46bbdaa0>,4,16,[14  2],5,28,44,23,15
1,<environment.Job instance at 0x7fcd46ebfe60>,13,17,[1 8],14,36,53,22,24
1,<environment.Job instance at 0x7fcd47e501e0>,15,12,[12  5],16,44,56,28,27
1,<environment.Job instance at 0x7fcd46ebf550>,12,12,[7 3],13,56,68,43,42
1,<environment.Job instance at 0x7fcd46ebf370>,11,19,[9 1],12,68,87,56,58
1,<environment.Job instance at 0x7fcd47e50a00>,19,20,[9 1],20,87,107,67,78
1,<environment.Job instance at 0x7fcd47e50aa0>,22,14,[8 4],23,107,121,84,92
1,<environment.Job instance at 0x7fcd47e50190>,23,19,[ 2 10],24,92,111,68,92
1,<environment.Job instance at 0x7fcd47e50820>,26,14,[9 3],27,121,135,94,106
1,<environment.Job instance at 0x7fcd47e50780>,31,13,[4 5],32,111,124,79,106
1,<environment.Job instance at 0x7fcd47e50be0>,33,14,[8 4],34,135,149,101,120
1,<environment.Job instance at 0x7fcd47e50730>,34,22,[1 8],35,124,146,89,120
1,<environment.Job instance at 0x7fcd47366320>,37,20,[5 4],38,146,166,108,137
1,<environment.Job instance at 0x7fcd47366c80>,39,16,[9 4],40,149,165,109,137
1,<environment.Job instance at 0x7fcd47206b90>,0,22,[3 5],1,3,25,2,3
1,<environment.Job instance at 0x7fcd472062d0>,4,22,[2 8],5,5,27,0,5
1,<environment.Job instance at 0x7fcd46ef00f0>,6,20,[1 7],7,25,45,18,16
1,<environment.Job instance at 0x7fcd46ef08c0>,9,14,[6 2],10,27,41,17,16
1,<environment.Job instance at 0x7fcd46ef0aa0>,12,14,[4 7],13,41,55,28,26
1,<environment.Job instance at 0x7fcd46ef0870>,17,14,[5 6],18,27,41,9,26
1,<environment.Job instance at 0x7fcd46ef0690>,21,21,[2 5],22,45,66,23,37
1,<environment.Job instance at 0x7fcd46ef0730>,24,13,[1 7],25,55,68,30,39
1,<environment.Job instance at 0x7fcd4752f500>,28,16,[ 4 10],29,68,84,39,55
1,<environment.Job instance at 0x7fcd4752f190>,31,19,[ 2 10],32,84,103,52,74
1,<environment.Job instance at 0x7fcd4752fc30>,34,19,[2 9],35,103,122,68,93
1,<environment.Job instance at 0x7fcd4752fbe0>,35,18,[9 3],36,93,111,57,93
1,<environment.Job instance at 0x7fcd4752faa0>,36,14,[5 5],37,111,125,74,96
1,<environment.Job instance at 0x7fcd4752f140>,37,22,[7 2],38,122,144,84,115
1,<environment.Job instance at 0x7fcd4752f5f0>,39,20,[5 7],40,125,145,85,116
1,<environment.Job instance at 0x7fcd4752f780>,42,18,[7 1],43,144,162,101,133
1,<environment.Job instance at 0x7fcd50d5f140>,50,21,[5 9],51,145,166,94,137
1,<environment.Job instance at 0x7fcd47d2b190>,1,19,[5 1],2,2,21,0,2
1,<environment.Job instance at 0x7fcd47d2be10>,5,14,[1 5],6,6,20,0,6
1,<environment.Job instance at 0x7fcd47d2baa0>,6,17,[1 9],7,7,24,0,7
1,<environment.Job instance at 0x7fcd47d2b5f0>,8,13,[10  1],9,21,34,12,9
1,<environment.Job instance at 0x7fcd47d2b280>,15,20,[7 1],16,34,54,18,25
1,<environment.Job instance at 0x7fcd47d2bb90>,20,19,[7 4],21,34,53,13,31
1,<environment.Job instance at 0x7fcd47d2b140>,22,12,[7 3],23,53,65,30,36
1,<environment.Job instance at 0x7fcd475a0820>,23,21,[7 2],24,54,75,30,46
1,<environment.Job instance at 0x7fcd475a0dc0>,24,14,[5 5],25,65,79,40,50
1,<environment.Job instance at 0x7fcd475a0a00>,32,13,[2 8],33,65,78,32,50
1,<environment.Job instance at 0x7fcd47e1ef00>,42,12,[6 3],43,78,90,35,61
1,<environment.Job instance at 0x7fcd46f248c0>,48,16,[5 9],49,79,95,30,66
1,<environment.Job instance at 0x7fcd46f24500>,53,21,[8 2],54,90,111,36,82
1,<environment.Job instance at 0x7fcd46f24820>,57,18,[1 9],58,95,113,37,84
1,<environment.Job instance at 0x7fcd46f24e10>,60,20,[1 5],61,111,131,50,102
1,<environment.Job instance at 0x7fcd47432140>,62,20,[6 5],63,113,133,50,104
1,<environment.Job instance at 0x7fcd47432c30>,70,17,[8 1],71,111,128,40,104
1,<environment.Job instance at 0x7fcd47432eb0>,71,12,[2 6],72,131,143,59,114
1,<environment.Job instance at 0x7fcd46d400f0>,72,13,[7 2],73,128,141,55,114
1,<environment.Job instance at 0x7fcd46d40d70>,78,17,[9 5],79,141,158,62,129
1,<environment.Job instance at 0x7fcd46d40b90>,79,21,[5 8],80,143,164,63,138
1,<environment.Job instance at 0x7fcd47e65cd0>,0,12,[5 5],1,1,13,0,1
1,<environment.Job instance at 0x7fcd47d5e8c0>,2,20,[4 7],3,3,23,0,3
1,<environment.Job instance at 0x7fcd47e65c30>,4,12,[4 7],5,13,25,8,5
1,<environment.Job instance at 0x7fcd47e65e10>,9,14,[ 4 10],10,25,39,15,10
1,<environment.Job instance at 0x7fcd47e65280>,11,20,[1 6],12,39,59,27,30
1,<environment.Job instance at 0x7fcd47e490f0>,19,15,[4 7],20,39,54,19,30
1,<environment.Job instance at 0x7fcd47e49be0>,29,17,[7 1],30,30,47,0,30
1,<environment.Job instance at 0x7fcd47e49eb0>,31,13,[1 7],32,54,67,22,38
1,<environment.Job instance at 0x7fcd47e4bf50>,37,12,[7 3],38,59,71,21,42
1,<environment.Job instance at 0x7fcd47e4b640>,38,13,[10  5],39,71,84,32,55
1,<environment.Job instance at 0x7fcd47e4b8c0>,41,17,[8 5],42,84,101,42,72
1,<environment.Job instance at 0x7fcd47e4b1e0>,43,12,[5 5],44,72,84,28,72
1,<environment.Job instance at 0x7fcd47e4bbe0>,45,20,[9 3],46,101,121,55,92
1,<environment.Job instance at 0x7fcd47e4b730>,47,12,[3 7],48,92,104,44,92
1,<environment.Job instance at 0x7fcd47e658c0>,1,15,[1 8],2,104,119,102,92
1,<environment.Job instance at 0x7fcd47e45aa0>,60,14,[4 9],61,119,133,58,104
1,<environment.Job instance at 0x7fcd47e38eb0>,67,12,[5 4],68,105,117,37,105
1,<environment.Job instance at 0x7fcd47e38460>,69,12,[2 5],70,121,133,51,105
1,<environment.Job instance at 0x7fcd47e38f00>,71,16,[3 8],72,133,149,61,120
1,<environment.Job instance at 0x7fcd47e38820>,72,16,[4 5],73,133,149,60,120
1,<environment.Job instance at 0x7fcd47e3c780>,89,16,[5 7],90,149,165,59,136
1,<environment.Job instance at 0x7fcd47e5d0f0>,94,15,[5 1],95,136,151,41,136
1,<environment.Job instance at 0x7fcd47e5d230>,96,16,[10  5],97,151,167,54,138
1,<environment.Job instance at 0x7fcd47a42d20>,0,18,[5 3],1,1,19,0,1
1,<environment.Job instance at 0x7fcd47e5d500>,2,14,[9 2],3,3,17,0,3
1,<environment.Job instance at 0x7fcd47a423c0>,4,13,[7 2],5,17,30,12,5
1,<environment.Job instance at 0x7fcd4773d9b0>,7,12,[6 4],8,19,31,11,8
1,<environment.Job instance at 0x7fcd4773daa0>,5,21,[5 1],6,30,51,24,22
1,<environment.Job instance at 0x7fcd473f2690>,13,16,[6 1],14,31,47,17,22
1,<environment.Job instance at 0x7fcd473f2fa0>,19,14,[3 7],20,30,44,10,22
1,<environment.Job instance at 0x7fcd473f27d0>,21,12,[4 7],22,44,56,22,27
1,<environment.Job instance at 0x7fcd473f2820>,24,15,[4 8],25,51,66,26,37
1,<environment.Job instance at 0x7fcd47ab6960>,27,18,[5 6],28,56,74,28,45
1,<environment.Job instance at 0x7fcd47ab62d0>,28,13,[8 2],29,66,79,37,50
1,<environment.Job instance at 0x7fcd473ef320>,30,14,[4 7],31,74,88,43,59
1,<environment.Job instance at 0x7fcd473effa0>,32,12,[6 5],33,79,91,46,62
1,<environment.Job instance at 0x7fcd473ef960>,36,17,[4 6],37,88,105,51,76
1,<environment.Job instance at 0x7fcd473efa00>,38,13,[5 1],39,79,92,40,76
1,<environment.Job instance at 0x7fcd473efc30>,40,19,[ 5 10],41,105,124,64,95
1,<environment.Job instance at 0x7fcd473eff00>,41,16,[ 3 10],42,124,140,82,111
1,<environment.Job instance at 0x7fcd473ef0f0>,44,14,[5 4],45,111,125,66,111
1,<environment.Job instance at 0x7fcd473efd70>,45,16,[5 9],46,140,156,94,127
1,<environment.Job instance at 0x7fcd473efc80>,47,12,[6 3],48,127,139,79,127
1,<environment.Job instance at 0x7fcd48117f50>,50,13,[6 1],51,127,140,76,127
1,<environment.Job instance at 0x7fcd48117b40>,53,12,[7 4],54,140,152,86,127
1,<environment.Job instance at 0x7fcd46cb9e10>,0,28,[ 2 12],1,1,29,0,1
1,<environment.Job instance at 0x7fcd46cbdfa0>,5,16,[6 1],6,6,22,0,6
1,<environment.Job instance at 0x7fcd46cb9780>,3,17,[10  2],4,22,39,18,10
1,<environment.Job instance at 0x7fcd46cbda50>,8,13,[1 6],9,29,42,20,13
1,<environment.Job instance at 0x7fcd46cbdb90>,11,20,[ 4 10],12,42,62,30,33
1,<environment.Job instance at 0x7fcd46cbd870>,16,16,[ 3 10],17,62,78,45,49
1,<environment.Job instance at 0x7fcd46cbd910>,17,18,[7 2],18,49,67,31,49
1,<environment.Job instance at 0x7fcd46cbd500>,18,13,[1 8],19,78,91,59,62
1,<environment.Job instance at 0x7fcd46c9dc80>,21,16,[10  1],22,67,83,45,62
1,<environment.Job instance at 0x7fcd46c9d550>,22,17,[4 8],23,91,108,68,79
1,<environment.Job instance at 0x7fcd46c9db90>,24,15,[3 5],25,79,94,54,79
1,<environment.Job instance at 0x7fcd46c9d960>,25,14,[9 1],26,94,108,68,79
1,<environment.Job instance at 0x7fcd46c9df00>,26,14,[4 7],27,108,122,81,93
1,<environment.Job instance at 0x7fcd469dce10>,31,22,[6 3],32,108,130,76,101
1,<environment.Job instance at 0x7fcd469dc410>,33,18,[4 5],34,108,126,74,101
1,<environment.Job instance at 0x7fcd469dc910>,37,15,[10  5],38,130,145,92,116
1,<environment.Job instance at 0x7fcd469dc140>,41,21,[8 3],42,145,166,103,137
1,<environment.Job instance at 0x7fcd4794a730>,49,17,[ 3 10],50,137,154,87,137
1,<environment.Job instance at 0x7fcd47fe0a50>,50,12,[3 6],51,154,166,103,137
1,<environment.Job instance at 0x7fcd4724c280>,1,14,[5 5],2,2,16,0,2
1,<environment.Job instance at 0x7fcd4732e230>,2,12,[1 8],3,3,15,0,3
1,<environment.Job instance at 0x7fcd4732e410>,3,13,[14  4],4,16,29,12,5
1,<environment.Job instance at 0x7fcd4732e280>,4,12,[7 2],5,29,41,24,12
1,<environment.Job instance at 0x7fcd46be97d0>,0,22,[ 1 11],1,16,38,15,15
1,<environment.Job instance at 0x7fcd4732ec80>,10,20,[7 1],11,29,49,18,20
1,<environment.Job instance at 0x7fcd47e8e050>,19,12,[7 5],20,41,53,21,30
1,<environment.Job instance at 0x7fcd47e8eb40>,23,17,[10  5],24,53,70,29,41
1,<environment.Job instance at 0x7fcd47e8e190>,32,14,[5 5],33,50,64,17,50
1,<environment.Job instance at 0x7fcd47e8e870>,35,17,[7 4],36,70,87,34,58
1,<environment.Job instance at 0x7fcd47315c80>,52,17,[4 5],53,70,87,17,70
1,<environment.Job instance at 0x7fcd4777ff50>,64,15,[5 2],65,87,102,22,74
1,<environment.Job instance at 0x7fcd46fd0780>,75,16,[9 1],76,87,103,11,84
1,<environment.Job instance at 0x7fcd46fd0460>,79,14,[5 3],80,102,116,22,88
1,<environment.Job instance at 0x7fcd46fd0c80>,84,13,[7 4],85,103,116,18,88
1,<environment.Job instance at 0x7fcd476b4c80>,101,16,[9 3],102,116,132,14,103
1,<environment.Job instance at 0x7fcd46ffb5f0>,104,15,[1 5],105,112,127,7,112
1,<environment.Job instance at 0x7fcd46ffbe10>,108,17,[5 8],109,127,144,18,116
1,<environment.Job instance at 0x7fcd4732ef50>,9,20,[14  4],10,144,164,134,135
1,<environment.Job instance at 0x7fcd46e3ecd0>,1,23,[10  4],2,2,25,0,2
1,<environment.Job instance at 0x7fcd46c453c0>,5,18,[5 4],6,6,24,0,6
1,<environment.Job instance at 0x7fcd46c454b0>,7,13,[1 5],8,24,37,16,8
1,<environment.Job instance at 0x7fcd46c45690>,8,15,[7 2],9,25,40,16,11
1,<environment.Job instance at 0x7fcd46c45780>,11,19,[5 7],12,25,44,13,15
1,<environment.Job instance at 0x7fcd46c45910>,15,17,[5 5],16,40,57,24,28
1,<environment.Job instance at 0x7fcd46c45af0>,16,13,[8 4],17,44,57,27,28
1,<environment.Job instance at 0x7fcd46c459b0>,17,16,[5 2],18,57,73,39,44
1,<environment.Job instance at 0x7fcd46c45d70>,19,18,[7 5],20,57,75,37,46
1,<environment.Job instance at 0x7fcd46c45a50>,24,13,[8 4],25,73,86,48,57
1,<environment.Job instance at 0x7fcd46c48460>,31,19,[10  1],32,86,105,54,76
1,<environment.Job instance at 0x7fcd46c485f0>,32,14,[8 5],33,105,119,72,90
1,<environment.Job instance at 0x7fcd46c489b0>,38,24,[2 6],39,90,114,51,90
1,<environment.Job instance at 0x7fcd46c48a50>,39,14,[3 5],40,90,104,50,90
1,<environment.Job instance at 0x7fcd46c48f00>,44,17,[4 8],45,114,131,69,102
1,<environment.Job instance at 0x7fcd46c48e10>,47,16,[5 5],48,119,135,71,106
1,<environment.Job instance at 0x7fcd474300a0>,48,18,[1 5],49,131,149,82,120
1,<environment.Job instance at 0x7fcd47430370>,51,14,[8 3],52,131,145,79,120
1,<environment.Job instance at 0x7fcd47430410>,52,14,[4 7],53,135,149,82,120
1,<environment.Job instance at 0x7fcd474304b0>,53,22,[5 1],54,145,167,91,138
1,<environment.Job instance at 0x7fcd474305f0>,55,14,[5 3],56,149,163,93,138
1,<environment.Job instance at 0x7fcd47430a50>,60,14,[3 9],61,149,163,88,138
1,<environment.Job instance at 0x7fd91f010320>,1,15,[5 2],2,2,17,0,2
1,<environment.Job instance at 0x7fd915898640>,5,18,[7 5],6,6,24,0,6
1,<environment.Job instance at 0x7fd915898820>,7,12,[7 2],8,17,29,9,8
1,<environment.Job instance at 0x7fd9158989b0>,9,17,[8 1],10,24,41,14,12
1,<environment.Job instance at 0x7fd915898c80>,12,22,[4 6],13,29,51,16,22
1,<environment.Job instance at 0x7fd915898960>,18,18,[3 6],19,29,47,10,22
1,<environment.Job instance at 0x7fd915899190>,20,18,[7 5],21,47,65,26,36
1,<environment.Job instance at 0x7fd9158993c0>,23,18,[7 4],24,51,69,27,40
1,<environment.Job instance at 0x7fd9158995f0>,26,20,[4 8],27,65,85,38,56
1,<environment.Job instance at 0x7fd915898af0>,11,14,[10  4],12,69,83,57,59
1,<environment.Job instance at 0x7fd915899730>,28,20,[5 8],29,85,105,56,76
1,<environment.Job instance at 0x7fd915899870>,30,15,[8 2],31,83,98,52,76
1,<environment.Job instance at 0x7fd915899a50>,33,16,[9 3],34,98,114,64,85
1,<environment.Job instance at 0x7fd915899af0>,34,20,[5 3],35,105,125,70,96
1,<environment.Job instance at 0x7fd915899e60>,39,13,[5 4],40,114,127,74,98
1,<environment.Job instance at 0x7fd9158997d0>,29,24,[5 1],30,114,138,84,109
1,<environment.Job instance at 0x7fd91589e0a0>,44,14,[8 4],45,127,141,82,112
1,<environment.Job instance at 0x7fd91589e320>,47,16,[6 2],48,138,154,90,125
1,<environment.Job instance at 0x7fd91f010230>,0,24,[2 8],1,141,165,140,136
1,<environment.Job instance at 0x7fd91589e6e0>,53,22,[9 5],54,154,176,100,148
1,<environment.Job instance at 0x7fd9158a9be0>,0,15,[6 2],1,1,16,0,1
1,<environment.Job instance at 0x7fd91589e730>,1,15,[6 2],2,2,17,0,2
1,<environment.Job instance at 0x7fd915ee5b90>,5,13,[2 6],6,6,19,0,6
1,<environment.Job instance at 0x7fd915ee5460>,7,16,[6 2],8,16,32,8,8
1,<environment.Job instance at 0x7fd915f3b460>,10,15,[8 3],11,19,34,8,11
1,<environment.Job instance at 0x7fd915f3b0f0>,17,13,[4 5],18,32,45,14,18
1,<environment.Job instance at 0x7fd915f3b1e0>,23,16,[7 1],24,34,50,10,24
1,<environment.Job instance at 0x7fd9150b05a0>,27,18,[10  1],28,50,68,22,40
1,<environment.Job instance at 0x7fd91535efa0>,32,14,[4 7],33,40,54,7,40
1,<environment.Job instance at 0x7fd9152f8870>,35,19,[5 1],36,54,73,18,44
1,<environment.Job instance at 0x7fd91538ed70>,48,17,[10  5],49,68,85,19,56
1,<environment.Job instance at 0x7fd915335190>,58,17,[10  2],59,85,102,26,73
1,<environment.Job instance at 0x7fd91534f1e0>,64,17,[2 9],65,73,90,8,73
1,<environment.Job instance at 0x7fd915340be0>,66,17,[10  4],67,102,119,35,91
1,<environment.Job instance at 0x7fd915340a00>,69,17,[2 8],70,91,108,21,91
1,<environment.Job instance at 0x7fd915340f50>,70,12,[5 9],71,108,120,37,91
1,<environment.Job instance at 0x7fd915340870>,71,14,[2 9],72,120,134,48,105
1,<environment.Job instance at 0x7fd915f3b2d0>,24,21,[9 1],25,119,140,94,112
1,<environment.Job instance at 0x7fd915340e60>,73,15,[5 9],74,134,149,60,121
1,<environment.Job instance at 0x7fd915f3b820>,22,22,[6 4],23,140,162,117,138
1,<environment.Job instance at 0x7fd914fb4aa0>,1,15,[4 8],2,2,17,0,2
1,<environment.Job instance at 0x7fd914fb4190>,3,22,[10  2],4,4,26,0,4
1,<environment.Job instance at 0x7fd914fb4a50>,6,14,[5 3],7,17,31,10,7
1,<environment.Job instance at 0x7fd914fc2960>,10,26,[4 7],11,26,52,15,23
1,<environment.Job instance at 0x7fd914fc23c0>,7,14,[8 5],8,31,45,23,23
1,<environment.Job instance at 0x7fd914fb44b0>,8,22,[9 3],9,45,67,36,38
1,<environment.Job instance at 0x7fd914fc2190>,20,14,[7 2],21,67,81,46,52
1,<environment.Job instance at 0x7fd914fc2b90>,21,19,[8 2],22,67,86,45,57
1,<environment.Job instance at 0x7fd914fc2730>,24,16,[8 3],25,86,102,61,73
1,<environment.Job instance at 0x7fd914fc6eb0>,26,22,[9 4],27,102,124,75,95
1,<environment.Job instance at 0x7fd914fc6500>,31,22,[4 8],32,95,117,63,95
1,<environment.Job instance at 0x7fd914fc6d20>,33,16,[2 8],34,117,133,83,104
1,<environment.Job instance at 0x7fd914fc60f0>,35,13,[2 5],36,124,137,88,108
1,<environment.Job instance at 0x7fd914fc2d70>,12,25,[11  1],13,124,149,111,120
1,<environment.Job instance at 0x7fd914fc66e0>,40,12,[4 7],41,137,149,96,120
1,<environment.Job instance at 0x7fd914fc6640>,41,26,[5 3],42,149,175,107,146
1,<environment.Job instance at 0x7fd914fc6370>,39,19,[1 8],40,149,168,109,148
1,<environment.Job instance at 0x7fd914fc6280>,44,20,[7 3],45,149,169,104,148
1,<environment.Job instance at 0x7fd9162d0b40>,0,12,[ 2 12],1,1,13,0,1
1,<environment.Job instance at 0x7fd915890a00>,4,12,[3 5],5,13,25,8,5
1,<environment.Job instance at 0x7fd915890d70>,5,14,[5 8],6,13,27,7,6
1,<environment.Job instance at 0x7fd915948af0>,11,14,[ 3 11],12,27,41,15,18
1,<environment.Job instance at 0x7fd915c46870>,13,15,[14  1],14,41,56,27,27
1,<environment.Job instance at 0x7fd915587730>,1,16,[1 8],2,41,57,39,39
1,<environment.Job instance at 0x7fd9155275f0>,10,22,[5 6],11,56,78,45,49
1,<environment.Job instance at 0x7fd914fc6320>,18,13,[1 9],19,57,70,38,49
1,<environment.Job instance at 0x7fd914fc6b40>,19,16,[2 5],20,70,86,50,57
1,<environment.Job instance at 0x7fd914fe4cd0>,23,14,[1 9],24,78,92,54,63
1,<environment.Job instance at 0x7fd9154eb050>,25,21,[5 4],26,86,107,60,78
1,<environment.Job instance at 0x7fd9155130f0>,29,12,[2 9],30,92,104,62,78
1,<environment.Job instance at 0x7fd915513910>,30,14,[8 1],31,78,92,47,78
1,<environment.Job instance at 0x7fd915dfbaf0>,37,12,[1 6],38,104,116,66,87
1,<environment.Job instance at 0x7fd9152ac820>,39,16,[7 3],40,104,120,64,91
1,<environment.Job instance at 0x7fd9150b05a0>,44,17,[2 5],45,107,124,62,95
1,<environment.Job instance at 0x7fd9150b0460>,45,14,[8 2],46,120,134,74,107
1,<environment.Job instance at 0x7fd915c467d0>,15,14,[3 6],16,116,130,100,111
1,<environment.Job instance at 0x7fd9153a05a0>,9,19,[6 4],10,130,149,120,121
1,<environment.Job instance at 0x7fd9153a4460>,51,18,[5 8],52,134,152,82,123
1,<environment.Job instance at 0x7fd9153a46e0>,53,17,[6 1],54,149,166,95,137
1,<environment.Job instance at 0x7fd91534fa00>,55,12,[ 2 10],56,152,164,96,137
1,<environment.Job instance at 0x7fd915ccfbe0>,1,17,[2 7],2,2,19,0,2
1,<environment.Job instance at 0x7fd915ccf820>,2,14,[4 9],3,19,33,16,4
1,<environment.Job instance at 0x7fd915734f00>,5,12,[4 8],6,6,18,0,6
1,<environment.Job instance at 0x7fd915722e60>,15,16,[5 5],16,18,34,2,16
1,<environment.Job instance at 0x7fd915722870>,20,14,[ 2 11],21,34,48,13,21
1,<environment.Job instance at 0x7fd915722190>,18,13,[8 5],19,48,61,29,32
1,<environment.Job instance at 0x7fd9157220f0>,19,13,[3 9],20,48,61,28,34
1,<environment.Job instance at 0x7fd9156f5a00>,25,12,[1 9],26,61,73,35,44
1,<environment.Job instance at 0x7fd915722370>,21,16,[6 5],22,61,77,39,48
1,<environment.Job instance at 0x7fd9156f5370>,28,15,[ 5 10],29,73,88,44,59
1,<environment.Job instance at 0x7fd9156f5460>,29,12,[ 1 11],30,88,100,58,71
1,<environment.Job instance at 0x7fd9156f5690>,30,28,[3 6],31,100,128,69,99
1,<environment.Job instance at 0x7fd9156f56e0>,31,13,[6 1],32,99,112,67,99
1,<environment.Job instance at 0x7fd9156f5d20>,32,13,[1 8],33,100,113,67,99
1,<environment.Job instance at 0x7fd915722f00>,17,17,[4 5],18,113,130,95,101
1,<environment.Job instance at 0x7fd9156f5140>,26,15,[8 2],27,113,128,86,107
1,<environment.Job instance at 0x7fd915704f50>,35,13,[ 5 10],36,128,141,92,112
1,<environment.Job instance at 0x7fd9156f55a0>,51,15,[10  1],52,130,145,78,116
1,<environment.Job instance at 0x7fd91570cdc0>,52,20,[4 5],53,141,161,88,133
1,<environment.Job instance at 0x7fd9156f5c30>,33,21,[10  4],34,145,166,111,138
1,<environment.Job instance at 0x7fd915cc2140>,0,18,[5 2],1,1,19,0,1
1,<environment.Job instance at 0x7fd914e98eb0>,2,14,[8 3],3,3,17,0,3
1,<environment.Job instance at 0x7fd915cc26e0>,4,23,[2 6],5,5,28,0,5
1,<environment.Job instance at 0x7fd915cc2e10>,5,21,[2 8],6,19,40,13,11
1,<environment.Job instance at 0x7fd915cc2640>,10,22,[2 7],11,28,50,17,21
1,<environment.Job instance at 0x7fd914e98af0>,1,20,[3 7],2,40,60,38,31
1,<environment.Job instance at 0x7fd915cc2f50>,7,14,[ 2 11],8,60,74,52,45
1,<environment.Job instance at 0x7fd915cc2b40>,3,18,[12  3],4,50,68,46,45
1,<environment.Job instance at 0x7fd9155b5c80>,14,15,[5 8],15,74,89,59,60
1,<environment.Job instance at 0x7fd9155b5140>,13,20,[8 2],14,68,88,54,61
1,<environment.Job instance at 0x7fd9155b50f0>,16,16,[ 3 11],17,89,105,72,76
1,<environment.Job instance at 0x7fd9155b5550>,17,12,[9 1],18,88,100,70,77
1,<environment.Job instance at 0x7fd9155b5780>,18,16,[11  5],19,105,121,86,92
1,<environment.Job instance at 0x7fd9155b5640>,15,15,[4 9],16,105,120,89,93
1,<environment.Job instance at 0x7fd9155b54b0>,19,18,[13  2],20,121,139,101,110
1,<environment.Job instance at 0x7fd9155b5500>,20,13,[3 5],21,139,152,118,124
1,<environment.Job instance at 0x7fd9155b5e10>,23,16,[12  2],24,139,155,115,127
1,<environment.Job instance at 0x7fd9155b5690>,24,19,[ 4 11],25,155,174,130,145
1,<environment.Job instance at 0x7fd9158f7690>,1,16,[6 3],2,2,18,0,2
1,<environment.Job instance at 0x7fd914eec410>,6,21,[8 1],7,7,28,0,7
1,<environment.Job instance at 0x7fd91525bb90>,10,18,[10  5],11,28,46,17,17
1,<environment.Job instance at 0x7fd91525b780>,13,19,[ 4 10],14,18,37,4,18
1,<environment.Job instance at 0x7fd91525b7d0>,14,18,[10  1],15,46,64,31,35
1,<environment.Job instance at 0x7fd91525b190>,16,15,[9 4],17,64,79,47,50
1,<environment.Job instance at 0x7fd91525bc30>,17,21,[4 6],18,50,71,32,50
1,<environment.Job instance at 0x7fd91525be10>,18,14,[5 7],19,71,85,52,56
1,<environment.Job instance at 0x7fd914e640a0>,26,20,[5 7],27,79,99,52,70
1,<environment.Job instance at 0x7fd914e64820>,27,16,[4 8],28,85,101,57,73
1,<environment.Job instance at 0x7fd914e644b0>,29,15,[2 8],30,101,116,71,87
1,<environment.Job instance at 0x7fd915f5b190>,31,12,[6 1],32,99,111,67,87
1,<environment.Job instance at 0x7fd915f77d70>,34,16,[10  5],35,111,127,76,98
1,<environment.Job instance at 0x7fd915f77cd0>,36,16,[1 7],37,116,132,79,103
1,<environment.Job instance at 0x7fd915f77820>,37,22,[2 7],38,127,149,89,120
1,<environment.Job instance at 0x7fd915f772d0>,42,16,[9 4],43,132,148,89,120
1,<environment.Job instance at 0x7fd915f77f00>,43,13,[8 2],44,148,161,104,132
1,<environment.Job instance at 0x7fd915f89a50>,49,13,[1 8],50,149,162,99,133
1,<environment.Job instance at 0x7fd915fd22d0>,0,13,[12  4],1,1,14,0,1
1,<environment.Job instance at 0x7fd9160e7410>,1,17,[ 5 13],2,14,31,12,2
1,<environment.Job instance at 0x7fd9157e8e10>,4,12,[6 3],5,31,43,26,14
1,<environment.Job instance at 0x7fd9157e8be0>,8,13,[2 6],9,31,44,22,15
1,<environment.Job instance at 0x7fd9157e8140>,7,12,[4 6],8,31,43,23,19
1,<environment.Job instance at 0x7fd9157cf780>,17,13,[3 9],18,43,56,25,27
1,<environment.Job instance at 0x7fd9157e8960>,9,13,[10  4],10,44,57,34,33
1,<environment.Job instance at 0x7fd915a02fa0>,48,17,[8 4],49,57,74,8,50
1,<environment.Job instance at 0x7fd9162c0320>,57,20,[3 6],58,59,79,1,59
1,<environment.Job instance at 0x7fd9162c0280>,59,15,[5 5],60,74,89,14,61
1,<environment.Job instance at 0x7fd9162c0b40>,62,21,[6 4],63,74,95,11,66
1,<environment.Job instance at 0x7fd9162c0c80>,66,16,[5 6],67,89,105,22,77
1,<environment.Job instance at 0x7fd915778410>,87,16,[7 4],88,95,111,7,91
1,<environment.Job instance at 0x7fd915778c30>,100,13,[9 3],101,111,124,10,101
1,<environment.Job instance at 0x7fd915778fa0>,105,17,[5 3],106,107,124,1,107
1,<environment.Job instance at 0x7fd915790370>,110,13,[4 6],111,124,137,13,111
1,<environment.Job instance at 0x7fd9157905f0>,113,15,[2 6],114,124,139,10,117
1,<environment.Job instance at 0x7fd915790730>,116,16,[9 3],117,125,141,8,125
1,<environment.Job instance at 0x7fd915790be0>,123,18,[7 4],124,141,159,17,130
1,<environment.Job instance at 0x7fd9159cfeb0>,0,14,[8 4],1,1,15,0,1
1,<environment.Job instance at 0x7fd9159cfbe0>,7,20,[4 5],8,8,28,0,8
1,<environment.Job instance at 0x7fd9159cff50>,8,14,[5 7],9,15,29,6,9
1,<environment.Job instance at 0x7fd9156a6a50>,16,14,[11  3],17,29,43,12,17
1,<environment.Job instance at 0x7fd915695f50>,26,18,[1 6],27,28,46,1,27
1,<environment.Job instance at 0x7fd915695d70>,27,20,[1 9],28,43,63,15,34
1,<environment.Job instance at 0x7fd9156956e0>,31,17,[7 3],32,46,63,14,34
1,<environment.Job instance at 0x7fd9156a5370>,37,15,[6 1],38,46,61,8,45
1,<environment.Job instance at 0x7fd915587c30>,46,16,[9 2],47,63,79,16,50
1,<environment.Job instance at 0x7fd915587cd0>,50,22,[1 5],51,63,85,12,57
1,<environment.Job instance at 0x7fd915587d70>,53,20,[1 5],54,63,83,9,57
1,<environment.Job instance at 0x7fd9156a6b40>,28,14,[13  1],29,79,93,50,65
1,<environment.Job instance at 0x7fd914f29eb0>,57,18,[5 5],58,93,111,35,82
1,<environment.Job instance at 0x7fd914f29a00>,63,18,[3 8],64,93,111,29,82
1,<environment.Job instance at 0x7fd914f297d0>,67,16,[1 6],68,111,127,43,98
1,<environment.Job instance at 0x7fd914f29fa0>,78,17,[8 4],79,111,128,32,99
1,<environment.Job instance at 0x7fd914f29500>,79,16,[7 2],80,127,143,47,114
1,<environment.Job instance at 0x7fd9155a0cd0>,82,14,[8 5],83,128,142,45,114
1,<environment.Job instance at 0x7fd9155a0780>,84,19,[6 4],85,142,161,57,132
1,<environment.Job instance at 0x7fd9155a05f0>,85,16,[1 6],86,142,158,56,132
1,<environment.Job instance at 0x7fd9155a0b90>,86,14,[1 8],87,158,172,71,143
1,<environment.Job instance at 0x7fd9155a0d70>,87,22,[7 2],88,143,165,55,143
1,<environment.Job instance at 0x7fd914e440a0>,2,15,[3 7],3,3,18,0,3
1,<environment.Job instance at 0x7fd915c6bd20>,7,16,[8 4],8,8,24,0,8
1,<environment.Job instance at 0x7fd915ccd8c0>,5,19,[2 5],6,18,37,12,11
1,<environment.Job instance at 0x7fd915ca0c30>,14,22,[1 8],15,24,46,9,17
1,<environment.Job instance at 0x7fd914e51af0>,17,16,[9 1],18,24,40,6,18
1,<environment.Job instance at 0x7fd914e5ce60>,21,13,[10  3],22,40,53,18,24
1,<environment.Job instance at 0x7fd914e5cf00>,24,14,[3 7],25,46,60,21,31
1,<environment.Job instance at 0x7fd91525ecd0>,32,18,[3 5],33,53,71,20,42
1,<environment.Job instance at 0x7fd915cf9870>,34,18,[5 6],35,60,78,25,49
1,<environment.Job instance at 0x7fd91500e410>,40,20,[3 8],41,71,91,30,62
1,<environment.Job instance at 0x7fd914e9f730>,42,13,[3 9],43,91,104,48,75
1,<environment.Job instance at 0x7fd914e9f640>,44,19,[8 2],45,78,97,33,75
1,<environment.Job instance at 0x7fd915c94eb0>,48,17,[1 5],49,97,114,48,85
1,<environment.Job instance at 0x7fd915020d20>,51,18,[1 9],52,104,122,52,93
1,<environment.Job instance at 0x7fd915020460>,53,18,[7 1],54,97,115,43,93
1,<environment.Job instance at 0x7fd915020870>,54,19,[7 3],55,114,133,59,104
1,<environment.Job instance at 0x7fd915026b40>,55,21,[5 5],56,122,143,66,114
1,<environment.Job instance at 0x7fd915026f50>,59,13,[5 8],60,133,146,73,117
1,<environment.Job instance at 0x7fd915028af0>,68,19,[2 5],69,143,162,74,133
1,<environment.Job instance at 0x7fd915028be0>,70,12,[7 2],71,143,155,72,133
1,<environment.Job instance at 0x7fd915ce5870>,76,19,[3 7],77,146,165,69,137
1,<environment.Job instance at 0x7fd915d42b90>,0,13,[ 4 12],1,1,14,0,1
1,<environment.Job instance at 0x7fd91640f0f0>,3,14,[10  5],4,14,28,10,4
1,<environment.Job instance at 0x7fd916280a50>,5,12,[3 5],6,14,26,8,7
1,<environment.Job instance at 0x7fd91640f280>,11,15,[1 7],12,26,41,14,12
1,<environment.Job instance at 0x7fd91640f730>,12,14,[10  2],13,28,42,15,13
1,<environment.Job instance at 0x7fd91640f960>,15,12,[9 1],16,42,54,26,25
1,<environment.Job instance at 0x7fd91640ff00>,14,14,[4 8],15,41,55,26,27
1,<environment.Job instance at 0x7fd91640f500>,20,13,[9 3],21,54,67,33,38
1,<environment.Job instance at 0x7fd9158f0550>,26,13,[10  1],27,67,80,40,51
1,<environment.Job instance at 0x7fd9158f0960>,27,20,[6 5],28,80,100,52,71
1,<environment.Job instance at 0x7fd9158f06e0>,28,15,[ 5 10],29,71,86,42,71
1,<environment.Job instance at 0x7fd9158f0fa0>,30,15,[5 8],31,86,101,55,72
1,<environment.Job instance at 0x7fd9158f0690>,33,16,[2 8],34,101,117,67,88
1,<environment.Job instance at 0x7fd9158f0c80>,37,15,[ 4 10],38,117,132,79,103
1,<environment.Job instance at 0x7fd9158f0a00>,40,18,[ 2 10],41,132,150,91,121
1,<environment.Job instance at 0x7fd91646fdc0>,44,14,[9 1],45,122,136,77,122
1,<environment.Job instance at 0x7fd91646fc80>,45,15,[3 9],46,150,165,104,136
1,<environment.Job instance at 0x7fd91646f5f0>,47,16,[5 1],48,136,152,88,136
1,<environment.Job instance at 0x7fd91646f550>,49,13,[8 3],50,136,149,86,136
1,<environment.Job instance at 0x7fd914d1a6e0>,0,21,[5 3],1,1,22,0,1
1,<environment.Job instance at 0x7fd914d1ae60>,1,24,[ 4 12],2,2,26,0,2
1,<environment.Job instance at 0x7fd914d1ac80>,7,12,[7 2],8,22,34,14,9
1,<environment.Job instance at 0x7fd914d1a410>,9,16,[3 5],10,26,42,16,13
1,<environment.Job instance at 0x7fd914c92370>,15,15,[1 8],16,26,41,10,16
1,<environment.Job instance at 0x7fd914c92550>,20,14,[ 4 10],21,41,55,20,26
1,<environment.Job instance at 0x7fd914c920f0>,21,13,[5 8],22,55,68,33,39
1,<environment.Job instance at 0x7fd914c92af0>,22,16,[5 2],23,42,58,19,39
1,<environment.Job instance at 0x7fd914c92be0>,23,20,[5 4],24,55,75,31,46
1,<environment.Job instance at 0x7fd914c924b0>,25,12,[7 5],26,68,80,42,51
1,<environment.Job instance at 0x7fd914c92f00>,26,14,[7 5],27,75,89,48,60
1,<environment.Job instance at 0x7fd914fabcd0>,33,17,[1 7],34,80,97,46,68
1,<environment.Job instance at 0x7fd914fab2d0>,37,14,[8 1],38,89,103,51,74
1,<environment.Job instance at 0x7fd914d1aaa0>,10,25,[ 2 11],11,97,122,86,93
1,<environment.Job instance at 0x7fd914fab7d0>,42,12,[7 3],43,103,115,60,93
1,<environment.Job instance at 0x7fd914fabfa0>,41,19,[9 1],42,115,134,73,106
1,<environment.Job instance at 0x7fd914fab640>,44,26,[1 5],45,122,148,77,119
1,<environment.Job instance at 0x7fd914fabd70>,47,17,[5 9],48,122,139,74,119
1,<environment.Job instance at 0x7fd914fab3c0>,48,18,[1 8],49,139,157,90,128
1,<environment.Job instance at 0x7fd914cabfa0>,49,20,[9 1],50,143,163,93,143
1,<environment.Job instance at 0x7fd914cab280>,52,14,[8 4],53,163,177,110,148
1,<environment.Job instance at 0x7fd914cab8c0>,53,19,[ 2 10],54,157,176,103,148
1,<environment.Job instance at 0x7fd914b66e60>,1,14,[1 9],2,2,16,0,2
1,<environment.Job instance at 0x7fd914b66af0>,2,12,[11  1],3,3,15,0,3
1,<environment.Job instance at 0x7fd914b66e10>,4,13,[5 5],5,15,28,10,5
1,<environment.Job instance at 0x7fd916276280>,9,17,[3 5],10,16,33,6,10
1,<environment.Job instance at 0x7fd9162765f0>,11,15,[7 1],12,15,30,3,12
1,<environment.Job instance at 0x7fd916276b90>,13,12,[8 4],14,30,42,16,14
1,<environment.Job instance at 0x7fd914b66960>,15,22,[ 4 14],16,42,64,26,35
1,<environment.Job instance at 0x7fd91617a1e0>,27,18,[9 3],28,64,82,36,53
1,<environment.Job instance at 0x7fd91617acd0>,28,16,[3 8],29,64,80,35,53
1,<environment.Job instance at 0x7fd91617a4b0>,29,14,[6 2],30,80,94,50,65
1,<environment.Job instance at 0x7fd91617a500>,32,14,[4 7],33,82,96,49,67
1,<environment.Job instance at 0x7fd91617a7d0>,37,14,[5 6],38,82,96,44,67
1,<environment.Job instance at 0x7fd91617a870>,41,21,[2 5],42,96,117,54,88
1,<environment.Job instance at 0x7fd91617ae60>,44,13,[1 7],45,96,109,51,88
1,<environment.Job instance at 0x7fd916276aa0>,19,16,[ 1 10],20,109,125,89,96
1,<environment.Job instance at 0x7fd91ea4a690>,52,27,[ 5 14],53,125,152,72,123
1,<environment.Job instance at 0x7fd91ea4aa00>,54,19,[2 9],55,152,171,97,143
1,<environment.Job instance at 0x7fd91ea4a4b0>,55,18,[9 3],56,152,170,96,143
1,<environment.Job instance at 0x7fd9151b8190>,0,13,[14  4],1,1,14,0,1
1,<environment.Job instance at 0x7fd9151b8500>,1,16,[3 8],2,14,30,12,2
1,<environment.Job instance at 0x7fd915ba1550>,4,21,[1 9],5,30,51,25,22
1,<environment.Job instance at 0x7fd915ba1b40>,9,12,[3 9],10,51,63,41,34
1,<environment.Job instance at 0x7fd915026370>,11,19,[5 1],12,34,53,22,34
1,<environment.Job instance at 0x7fd915026730>,15,14,[1 5],16,34,48,18,34
1,<environment.Job instance at 0x7fd915026f00>,16,17,[1 9],17,63,80,46,51
1,<environment.Job instance at 0x7fd915026be0>,18,13,[10  1],19,53,66,34,51
1,<environment.Job instance at 0x7fd915026d20>,25,20,[7 1],26,66,86,40,57
1,<environment.Job instance at 0x7fd915f04640>,30,19,[7 4],31,66,85,35,57
1,<environment.Job instance at 0x7fd915f04be0>,32,12,[7 3],33,85,97,52,68
1,<environment.Job instance at 0x7fd915f04820>,33,21,[7 2],34,86,107,52,78
1,<environment.Job instance at 0x7fd915f04a50>,34,14,[5 5],35,97,111,62,82
1,<environment.Job instance at 0x7fd915f044b0>,42,13,[2 8],43,97,110,54,82
1,<environment.Job instance at 0x7fd915d09320>,52,12,[6 3],53,110,122,57,93
1,<environment.Job instance at 0x7fd915d09140>,58,16,[5 9],59,111,127,52,98
1,<environment.Job instance at 0x7fd915d09be0>,63,21,[8 2],64,122,143,58,114
1,<environment.Job instance at 0x7fd915d09cd0>,67,18,[1 9],68,127,145,59,116
1,<environment.Job instance at 0x7fd915a0f780>,70,20,[1 5],71,143,163,72,134
1,<environment.Job instance at 0x7fd915a0fcd0>,72,20,[6 5],73,145,165,72,136
1,<environment.Job instance at 0x7fd915a0faf0>,80,17,[8 1],81,143,160,62,136
1,<environment.Job instance at 0x7fd915a0f0a0>,81,12,[2 6],82,163,175,81,146
1,<environment.Job instance at 0x7fd915a0fe60>,82,13,[7 2],83,160,173,77,146
1,<environment.Job instance at 0x7fd914cf7230>,0,12,[5 5],1,1,13,0,1
1,<environment.Job instance at 0x7fd914cf7320>,2,20,[4 7],3,3,23,0,3
1,<environment.Job instance at 0x7fd914cf7730>,4,12,[4 7],5,13,25,8,5
1,<environment.Job instance at 0x7fd914cf76e0>,9,14,[ 4 10],10,25,39,15,10
1,<environment.Job instance at 0x7fd914cf7460>,11,20,[1 6],12,39,59,27,30
1,<environment.Job instance at 0x7fd915081230>,19,15,[4 7],20,39,54,19,30
1,<environment.Job instance at 0x7fd915081910>,29,17,[7 1],30,30,47,0,30
1,<environment.Job instance at 0x7fd914f03460>,31,13,[1 7],32,54,67,22,38
1,<environment.Job instance at 0x7fd914f03910>,37,12,[7 3],38,59,71,21,42
1,<environment.Job instance at 0x7fd914f03050>,38,13,[10  5],39,71,84,32,55
1,<environment.Job instance at 0x7fd914f03370>,41,17,[8 5],42,84,101,42,72
1,<environment.Job instance at 0x7fd914f03d20>,42,12,[2 5],43,72,84,29,72
1,<environment.Job instance at 0x7fd914f03320>,43,12,[5 5],44,84,96,40,72
1,<environment.Job instance at 0x7fd914f039b0>,44,13,[1 9],45,96,109,51,80
1,<environment.Job instance at 0x7fd914f035a0>,45,20,[9 3],46,101,121,55,92
1,<environment.Job instance at 0x7fd914f03820>,47,12,[3 7],48,109,121,61,92
1,<environment.Job instance at 0x7fd91ef03f50>,53,12,[1 5],54,109,121,55,92
1,<environment.Job instance at 0x7fd915bbb190>,60,14,[4 9],61,121,135,60,106
1,<environment.Job instance at 0x7fd915bbb3c0>,63,21,[8 2],64,121,142,57,113
1,<environment.Job instance at 0x7fd915bbbc30>,67,12,[5 4],68,135,147,67,118
1,<environment.Job instance at 0x7fd915392be0>,71,16,[3 8],72,142,158,70,129
1,<environment.Job instance at 0x7fd915a91fa0>,72,16,[4 5],73,147,163,74,134
1,<environment.Job instance at 0x7fd915a91320>,80,14,[2 5],81,158,172,77,143
1,<environment.Job instance at 0x7fd915a919b0>,83,13,[5 2],84,144,157,60,144
1,<environment.Job instance at 0x7fd915d49e60>,3,16,[6 1],4,4,20,0,4
1,<environment.Job instance at 0x7fd915d49d20>,7,14,[11  1],8,20,34,12,8
1,<environment.Job instance at 0x7fd915d49e10>,9,14,[3 7],10,10,24,0,10
1,<environment.Job instance at 0x7fd915d49cd0>,11,12,[4 7],12,24,36,12,12
1,<environment.Job instance at 0x7fd915d490a0>,18,13,[8 2],19,34,47,15,20
1,<environment.Job instance at 0x7fd915073050>,20,14,[4 7],21,36,50,15,21
1,<environment.Job instance at 0x7fd9150735a0>,17,18,[5 6],18,47,65,29,36
1,<environment.Job instance at 0x7fd915073410>,22,12,[6 5],23,50,62,27,36
1,<environment.Job instance at 0x7fd9150739b0>,26,17,[4 6],27,62,79,35,50
1,<environment.Job instance at 0x7fd9150738c0>,28,13,[5 1],29,62,75,33,50
1,<environment.Job instance at 0x7fd915073a50>,21,27,[13  4],22,79,106,57,77
1,<environment.Job instance at 0x7fd915d49320>,14,15,[4 8],15,106,121,91,93
1,<environment.Job instance at 0x7fd9150737d0>,30,19,[ 5 10],31,121,140,90,115
1,<environment.Job instance at 0x7fd9154dfaf0>,34,14,[5 4],35,115,129,80,115
1,<environment.Job instance at 0x7fd9154df640>,35,16,[5 9],36,140,156,104,127
1,<environment.Job instance at 0x7fd9154df9b0>,37,12,[6 3],38,129,141,91,127
1,<environment.Job instance at 0x7fd9154df2d0>,40,13,[6 1],41,141,154,100,127
1,<environment.Job instance at 0x7fd9154df7d0>,43,12,[7 4],44,154,166,110,137
1,<environment.Job instance at 0x7fd9154df8c0>,45,22,[6 5],46,156,178,110,149
1,<environment.Job instance at 0x7fd9154df0f0>,46,12,[2 9],47,166,178,119,149
1,<environment.Job instance at 0x7fd91595ae10>,0,24,[3 8],1,2,26,1,2
1,<environment.Job instance at 0x7fd914cf5b40>,5,14,[9 1],6,6,20,0,6
1,<environment.Job instance at 0x7fd914cf5eb0>,6,14,[4 7],7,20,34,13,7
1,<environment.Job instance at 0x7fd914cf5b90>,11,22,[6 3],12,26,48,14,19
1,<environment.Job instance at 0x7fd914cf5dc0>,13,18,[4 5],14,26,44,12,19
1,<environment.Job instance at 0x7fd914cf5870>,17,15,[10  5],18,48,63,30,34
1,<environment.Job instance at 0x7fd914cf5280>,12,14,[14  2],13,63,77,50,48
1,<environment.Job instance at 0x7fd91602e230>,1,16,[10  1],2,77,93,75,67
1,<environment.Job instance at 0x7fd914cf5320>,2,17,[4 8],3,77,94,74,67
1,<environment.Job instance at 0x7fd91571a730>,24,14,[13  4],25,94,108,69,79
1,<environment.Job instance at 0x7fd91571a8c0>,21,21,[8 3],22,108,129,86,100
1,<environment.Job instance at 0x7fd91571ae60>,29,17,[ 3 10],30,108,125,78,100
1,<environment.Job instance at 0x7fd91571a140>,30,12,[3 6],31,125,137,94,108
1,<environment.Job instance at 0x7fd91571a230>,32,17,[4 5],33,125,142,92,113
1,<environment.Job instance at 0x7fd91571a5f0>,33,13,[3 7],34,137,150,103,121
1,<environment.Job instance at 0x7fd91ec5caf0>,36,21,[2 5],37,142,163,105,134
1,<environment.Job instance at 0x7fd91ec5c910>,41,16,[5 5],42,150,166,108,137
1,<environment.Job instance at 0x7fd91ec5ca00>,42,18,[7 5],43,150,168,107,139
1,<environment.Job instance at 0x7fd91ec5caa0>,46,12,[5 4],47,166,178,119,149
1,<environment.Job instance at 0x7fd915ccbb90>,2,14,[5 5],3,3,17,0,3
1,<environment.Job instance at 0x7fd915ccb4b0>,5,17,[7 4],6,6,23,0,6
1,<environment.Job instance at 0x7fd915cc4140>,10,13,[6 4],11,17,30,6,11
1,<environment.Job instance at 0x7fd915e95b90>,17,14,[2 7],18,18,32,0,18
1,<environment.Job instance at 0x7fd915e957d0>,20,19,[3 5],21,30,49,9,21
1,<environment.Job instance at 0x7fd915e8d0f0>,22,17,[4 5],23,32,49,9,23
1,<environment.Job instance at 0x7fd915e91d20>,26,14,[2 6],27,49,63,22,34
1,<environment.Job instance at 0x7fd915e91a50>,33,22,[8 3],34,34,56,0,34
1,<environment.Job instance at 0x7fd915e910f0>,34,15,[5 2],35,49,64,14,35
1,<environment.Job instance at 0x7fd915e91f00>,36,13,[1 5],37,56,69,19,40
1,<environment.Job instance at 0x7fd915e5e820>,45,16,[9 1],46,63,79,17,50
1,<environment.Job instance at 0x7fd915e5e190>,47,18,[10  2],48,79,97,31,68
1,<environment.Job instance at 0x7fd915e5eaf0>,49,14,[5 3],50,68,82,18,68
1,<environment.Job instance at 0x7fd915ca3280>,54,13,[7 4],55,97,110,42,81
1,<environment.Job instance at 0x7fd915ca3c80>,55,22,[5 5],56,82,104,26,81
1,<environment.Job instance at 0x7fd915ca3dc0>,57,14,[1 9],58,104,118,46,89
1,<environment.Job instance at 0x7fd91625c9b0>,12,22,[1 8],13,118,140,105,111
1,<environment.Job instance at 0x7fd915ca3960>,59,13,[5 1],60,111,124,51,111
1,<environment.Job instance at 0x7fd915ca33c0>,60,13,[6 4],61,111,124,50,111
1,<environment.Job instance at 0x7fd915ca3140>,61,25,[10  3],62,124,149,62,120
1,<environment.Job instance at 0x7fd915ca31e0>,63,19,[8 1],64,149,168,85,139
1,<environment.Job instance at 0x7fd915ca37d0>,65,13,[3 7],66,140,153,74,139
1,<environment.Job instance at 0x7fd915ca32d0>,66,12,[3 6],67,149,161,82,139
1,<environment.Job instance at 0x7fd9152ca140>,0,23,[ 5 10],1,1,24,0,1
1,<environment.Job instance at 0x7fd9152ca730>,7,16,[5 5],8,9,25,1,9
1,<environment.Job instance at 0x7fd9152e7dc0>,11,14,[8 3],12,24,38,12,12
1,<environment.Job instance at 0x7fd9152e7e10>,12,14,[4 7],13,25,39,12,14
1,<environment.Job instance at 0x7fd9152e7190>,15,14,[5 3],16,38,52,22,23
1,<environment.Job instance at 0x7fd9152e7e60>,20,14,[3 9],21,39,53,18,25
1,<environment.Job instance at 0x7fd9152cae10>,13,22,[5 1],14,38,60,24,31
1,<environment.Job instance at 0x7fd9152e0c30>,25,17,[10  1],26,53,70,27,41
1,<environment.Job instance at 0x7fd9152e0a50>,32,16,[7 3],33,70,86,37,57
1,<environment.Job instance at 0x7fd9152e09b0>,33,20,[5 3],34,60,80,26,57
1,<environment.Job instance at 0x7fd9152e0a00>,35,17,[4 6],36,80,97,44,68
1,<environment.Job instance at 0x7fd9152e4140>,39,23,[1 8],40,86,109,46,80
1,<environment.Job instance at 0x7fd9152e07d0>,26,17,[8 1],27,86,103,59,83
1,<environment.Job instance at 0x7fd9152caf00>,8,18,[1 5],9,98,116,89,98
1,<environment.Job instance at 0x7fd9152e4eb0>,42,13,[ 5 13],43,116,129,73,100
1,<environment.Job instance at 0x7fd9152e46e0>,40,21,[3 8],41,129,150,88,125
1,<environment.Job instance at 0x7fd9152e4aa0>,44,14,[5 2],45,125,139,80,125
1,<environment.Job instance at 0x7fd9152e4e60>,41,25,[3 5],42,129,154,87,125
1,<environment.Job instance at 0x7fd9152e4050>,47,23,[13  1],48,154,177,106,148
1,<environment.Job instance at 0x7fd9162d98c0>,0,23,[4 8],1,2,25,1,2
1,<environment.Job instance at 0x7fd914e05820>,4,19,[2 5],5,5,24,0,5
1,<environment.Job instance at 0x7fd914e05960>,5,12,[5 4],6,24,36,18,7
1,<environment.Job instance at 0x7fd914e05c30>,8,14,[7 2],9,9,23,0,9
1,<environment.Job instance at 0x7fd914e040f0>,17,14,[2 7],18,25,39,7,21
1,<environment.Job instance at 0x7fd914e043c0>,19,13,[1 5],20,36,49,16,21
1,<environment.Job instance at 0x7fd914e04050>,14,12,[11  3],15,36,48,21,21
1,<environment.Job instance at 0x7fd914e04320>,21,28,[2 7],22,39,67,17,38
1,<environment.Job instance at 0x7fd914e04280>,18,17,[12  2],19,48,65,29,38
1,<environment.Job instance at 0x7fd914e045a0>,22,17,[2 9],23,67,84,44,56
1,<environment.Job instance at 0x7fd914e04370>,24,12,[9 3],25,65,77,40,56
1,<environment.Job instance at 0x7fd914e04870>,26,16,[8 3],27,77,93,50,64
1,<environment.Job instance at 0x7fd914e04140>,16,19,[3 9],17,84,103,67,82
1,<environment.Job instance at 0x7fd914e04b90>,31,20,[5 5],32,93,113,61,84
1,<environment.Job instance at 0x7fd914e04cd0>,33,14,[8 4],34,103,117,69,88
1,<environment.Job instance at 0x7fd914e046e0>,23,27,[9 1],24,117,144,93,115
1,<environment.Job instance at 0x7fd914e04460>,20,18,[8 1],21,144,162,123,133
1,<environment.Job instance at 0x7f02609e7320>,1,15,[5 2],2,2,17,0,2
1,<environment.Job instance at 0x7f025726f690>,5,18,[7 5],6,6,24,0,6
1,<environment.Job instance at 0x7f025726f870>,7,12,[7 2],8,17,29,9,8
1,<environment.Job instance at 0x7f025726fb40>,11,14,[10  4],12,29,43,17,14
1,<environment.Job instance at 0x7f025726ffa0>,18,18,[3 6],19,24,42,5,19
1,<environment.Job instance at 0x7f0257273230>,20,18,[7 5],21,43,61,22,32
1,<environment.Job instance at 0x7f0257273410>,23,18,[7 4],24,43,61,19,32
1,<environment.Job instance at 0x7f025726fc30>,12,22,[4 6],13,61,83,48,54
1,<environment.Job instance at 0x7f0257273690>,27,25,[14  4],28,83,108,55,79
1,<environment.Job instance at 0x7f02572735f0>,26,20,[4 8],27,108,128,81,99
1,<environment.Job instance at 0x7f0257273870>,30,15,[8 2],31,108,123,77,99
1,<environment.Job instance at 0x7f0257273910>,31,13,[4 5],32,123,136,91,107
1,<environment.Job instance at 0x7f0257273af0>,33,16,[9 3],34,128,144,94,115
1,<environment.Job instance at 0x7f0257273b90>,34,20,[5 3],35,136,156,101,127
1,<environment.Job instance at 0x7f0257273dc0>,37,22,[2 5],38,144,166,106,137
1,<environment.Job instance at 0x7f0257273d70>,39,13,[5 4],40,144,157,104,137
1,<environment.Job instance at 0x7f02572740f0>,44,14,[8 4],45,156,170,111,141
1,<environment.Job instance at 0x7f0257274410>,47,16,[6 2],48,166,182,118,153
1,<environment.Job instance at 0x7f025726f960>,9,17,[8 1],10,170,187,160,158
1,<environment.Job instance at 0x7f02577357d0>,7,13,[4 5],8,8,21,0,8
1,<environment.Job instance at 0x7f0256d10550>,0,15,[8 3],1,10,25,9,10
1,<environment.Job instance at 0x7f025735d280>,11,18,[ 4 10],12,21,39,9,12
1,<environment.Job instance at 0x7f025735d960>,13,16,[7 1],14,25,41,11,14
1,<environment.Job instance at 0x7f025735d690>,17,18,[10  1],18,41,59,23,30
1,<environment.Job instance at 0x7f025735d050>,22,14,[4 7],23,39,53,16,31
1,<environment.Job instance at 0x7f0256c84f50>,25,19,[5 1],26,53,72,27,43
1,<environment.Job instance at 0x7f0256d263c0>,38,17,[10  5],39,59,76,20,47
1,<environment.Job instance at 0x7f0256d3f780>,48,17,[10  2],49,76,93,27,64
1,<environment.Job instance at 0x7f0256d42960>,54,17,[2 9],55,72,89,17,64
1,<environment.Job instance at 0x7f0256d1d190>,56,17,[10  4],57,93,110,36,81
1,<environment.Job instance at 0x7f0256d668c0>,59,17,[2 8],60,89,106,29,82
1,<environment.Job instance at 0x7f0256d665f0>,60,12,[5 9],61,106,118,45,89
1,<environment.Job instance at 0x7f025735db90>,15,14,[11  3],16,118,132,102,109
1,<environment.Job instance at 0x7f0256d66d70>,62,20,[5 7],63,132,152,69,123
1,<environment.Job instance at 0x7f0256d88e10>,67,15,[5 6],68,132,147,64,123
1,<environment.Job instance at 0x7f0256d75d20>,77,20,[5 2],78,132,152,54,123
1,<environment.Job instance at 0x7f0256d75cd0>,78,20,[7 4],79,152,172,73,143
1,<environment.Job instance at 0x7f0256d75320>,79,20,[6 2],80,152,172,72,143
1,<environment.Job instance at 0x7f0256927640>,0,14,[7 2],1,1,15,0,1
1,<environment.Job instance at 0x7f0256927780>,4,16,[8 3],5,5,21,0,5
1,<environment.Job instance at 0x7f0256919f50>,12,13,[ 4 10],13,15,28,2,13
1,<environment.Job instance at 0x7f0256919730>,13,16,[2 8],14,28,44,14,15
1,<environment.Job instance at 0x7f0256919960>,15,13,[2 5],16,21,34,5,16
1,<environment.Job instance at 0x7f02569194b0>,19,19,[1 8],20,44,63,24,34
1,<environment.Job instance at 0x7f0256919500>,20,12,[4 7],21,34,46,13,34
1,<environment.Job instance at 0x7f0256919190>,22,18,[11  4],23,46,64,23,35
1,<environment.Job instance at 0x7f0256919fa0>,24,20,[7 3],25,64,84,39,55
1,<environment.Job instance at 0x7f0256919320>,27,17,[6 3],28,64,81,36,55
1,<environment.Job instance at 0x7f0256960f50>,30,17,[2 8],31,63,80,32,55
1,<environment.Job instance at 0x7f0256960cd0>,36,15,[5 7],37,81,96,44,67
1,<environment.Job instance at 0x7f0256960410>,40,17,[5 4],41,84,101,43,72
1,<environment.Job instance at 0x7f0256960640>,43,14,[4 9],44,96,110,52,81
1,<environment.Job instance at 0x7f0256960280>,44,12,[8 2],45,101,113,56,84
1,<environment.Job instance at 0x7f02569602d0>,46,18,[8 1],47,113,131,66,102
1,<environment.Job instance at 0x7f0256960eb0>,47,13,[7 5],48,110,123,62,102
1,<environment.Job instance at 0x7f0256960820>,48,13,[1 7],49,123,136,74,107
1,<environment.Job instance at 0x7f0256960be0>,52,15,[10  5],53,131,146,78,117
1,<environment.Job instance at 0x7f0256926af0>,54,19,[3 9],55,136,155,81,126
1,<environment.Job instance at 0x7f0257829280>,58,15,[4 9],59,155,170,96,141
1,<environment.Job instance at 0x7f02570f9f00>,60,14,[3 6],61,146,160,85,141
1,<environment.Job instance at 0x7f0256ed5c30>,0,14,[8 1],1,1,15,0,1
1,<environment.Job instance at 0x7f02570f9500>,2,23,[9 3],3,15,38,12,9
1,<environment.Job instance at 0x7f0256ed5c80>,7,12,[1 6],8,13,25,5,13
1,<environment.Job instance at 0x7f0256ed5eb0>,8,14,[ 1 13],9,38,52,29,23
1,<environment.Job instance at 0x7f0256d68460>,13,27,[11  1],14,38,65,24,36
1,<environment.Job instance at 0x7f0256d680f0>,12,14,[ 4 10],13,52,66,39,37
1,<environment.Job instance at 0x7f0256d26d70>,15,14,[8 2],16,65,79,49,50
1,<environment.Job instance at 0x7f0256d68140>,14,17,[2 5],15,66,83,51,57
1,<environment.Job instance at 0x7f0256d26d20>,21,18,[5 8],22,68,86,46,68
1,<environment.Job instance at 0x7f0256c14960>,10,27,[ 4 10],11,86,113,75,84
1,<environment.Job instance at 0x7f0257280690>,23,17,[6 1],24,84,101,60,84
1,<environment.Job instance at 0x7f0256c14410>,9,16,[7 3],10,101,117,91,88
1,<environment.Job instance at 0x7f0256e66d20>,25,12,[ 2 10],26,113,125,87,96
1,<environment.Job instance at 0x7f025693c9b0>,26,15,[9 2],27,117,132,90,103
1,<environment.Job instance at 0x7f02569ed9b0>,27,21,[3 9],28,125,146,97,119
1,<environment.Job instance at 0x7f02569ed500>,28,17,[7 3],29,132,149,103,120
1,<environment.Job instance at 0x7f0256a06eb0>,29,18,[11  5],30,149,167,119,140
1,<environment.Job instance at 0x7f025794edc0>,0,12,[1 5],1,1,13,0,1
1,<environment.Job instance at 0x7f0256c9e910>,1,24,[ 4 10],2,2,26,0,2
1,<environment.Job instance at 0x7f0257681cd0>,10,21,[5 4],11,13,34,2,12
1,<environment.Job instance at 0x7f0257681d20>,11,15,[10  1],12,26,41,14,12
1,<environment.Job instance at 0x7f02576816e0>,12,20,[4 5],13,34,54,21,25
1,<environment.Job instance at 0x7f0257678cd0>,19,14,[6 5],20,41,55,21,26
1,<environment.Job instance at 0x7f0257678410>,20,13,[5 8],21,54,67,33,38
1,<environment.Job instance at 0x7f02576a0820>,27,13,[7 5],28,55,68,27,39
1,<environment.Job instance at 0x7f025683e500>,40,15,[10  4],41,68,83,27,54
1,<environment.Job instance at 0x7f0256fbadc0>,42,17,[3 9],43,67,84,24,55
1,<environment.Job instance at 0x7f025687b640>,63,18,[6 5],64,83,101,19,72
1,<environment.Job instance at 0x7f025687b500>,68,12,[1 7],69,84,96,15,72
1,<environment.Job instance at 0x7f0257681550>,72,18,[5 8],73,96,114,23,85
1,<environment.Job instance at 0x7f0256872280>,77,18,[6 5],78,101,119,23,90
1,<environment.Job instance at 0x7f0256872190>,78,17,[9 4],79,114,131,35,102
1,<environment.Job instance at 0x7f0256872dc0>,81,18,[5 7],82,119,137,37,108
1,<environment.Job instance at 0x7f0256872d70>,82,15,[6 2],83,131,146,48,117
1,<environment.Job instance at 0x7f02568772d0>,90,19,[5 6],91,137,156,46,127
1,<environment.Job instance at 0x7f0256879690>,100,14,[1 7],101,137,151,36,127
1,<environment.Job instance at 0x7f0256879280>,102,14,[6 2],103,146,160,43,131
1,<environment.Job instance at 0x7f0256879e60>,105,14,[1 6],106,151,165,45,136
1,<environment.Job instance at 0x7f02568790a0>,106,15,[5 7],107,156,171,49,142
1,<environment.Job instance at 0x7f025680f550>,124,15,[5 8],125,165,180,40,151
1,<environment.Job instance at 0x7f025684c550>,5,14,[4 7],6,6,20,0,6
1,<environment.Job instance at 0x7f025684ceb0>,6,16,[9 4],7,7,23,0,7
1,<environment.Job instance at 0x7f02568c9d70>,8,14,[ 2 10],9,20,34,11,9
1,<environment.Job instance at 0x7f025684c640>,11,18,[5 5],12,23,41,11,14
1,<environment.Job instance at 0x7f02568c9b40>,16,18,[1 5],17,34,52,17,23
1,<environment.Job instance at 0x7f02568c95a0>,17,18,[9 5],18,34,52,16,25
1,<environment.Job instance at 0x7f02568c9870>,18,19,[4 5],19,41,60,22,31
1,<environment.Job instance at 0x7f02568c5e10>,24,13,[5 5],25,52,65,27,36
1,<environment.Job instance at 0x7f02568c52d0>,26,16,[8 3],27,60,76,33,47
1,<environment.Job instance at 0x7f02568c9190>,13,17,[ 3 13],14,76,93,62,64
1,<environment.Job instance at 0x7f02568c5140>,33,18,[5 5],34,93,111,59,82
1,<environment.Job instance at 0x7f02568c94b0>,12,16,[5 5],13,93,109,80,92
1,<environment.Job instance at 0x7f02568c51e0>,30,21,[ 5 13],31,111,132,80,103
1,<environment.Job instance at 0x7f02568c5e60>,36,28,[13  4],37,132,160,95,131
1,<environment.Job instance at 0x7f02568b5140>,37,14,[5 1],38,160,174,122,145
1,<environment.Job instance at 0x7f02568b56e0>,38,25,[5 7],39,160,185,121,156
1,<environment.Job instance at 0x7f0257d5eb90>,0,24,[5 7],1,1,25,0,1
1,<environment.Job instance at 0x7f02603fd0f0>,2,15,[4 8],3,3,18,0,3
1,<environment.Job instance at 0x7f0257d5e870>,1,14,[ 4 10],2,25,39,23,10
1,<environment.Job instance at 0x7f0257d5ebe0>,10,22,[8 3],11,19,41,8,19
1,<environment.Job instance at 0x7f0257d5ecd0>,15,16,[1 7],16,39,55,23,26
1,<environment.Job instance at 0x7f0257d5e320>,5,15,[13  4],6,41,56,35,27
1,<environment.Job instance at 0x7f0257d5e3c0>,14,21,[14  2],15,56,77,41,48
1,<environment.Job instance at 0x7f0260634cd0>,18,22,[ 5 12],19,77,99,58,70
1,<environment.Job instance at 0x7f0260634e60>,19,17,[13  1],20,99,116,79,87
1,<environment.Job instance at 0x7f0260634140>,20,27,[ 2 13],21,99,126,78,97
1,<environment.Job instance at 0x7f0260634aa0>,17,20,[11  1],18,116,136,98,107
1,<environment.Job instance at 0x7f0260634690>,23,15,[14  1],24,136,151,112,122
1,<environment.Job instance at 0x7f0260634640>,24,15,[2 5],25,151,166,126,138
1,<environment.Job instance at 0x7f02606348c0>,21,17,[11  4],22,151,168,129,139
1,<environment.Job instance at 0x7f0257d5d140>,0,14,[14  4],1,1,15,0,1
1,<environment.Job instance at 0x7f025693f960>,3,14,[4 5],4,15,29,11,4
1,<environment.Job instance at 0x7f0256936780>,17,16,[7 4],18,18,34,0,18
1,<environment.Job instance at 0x7f025693f500>,4,16,[ 3 12],5,34,50,29,28
1,<environment.Job instance at 0x7f0257962fa0>,27,16,[1 8],28,50,66,22,37
1,<environment.Job instance at 0x7f025692e230>,35,17,[5 3],36,37,54,1,37
1,<environment.Job instance at 0x7f025692ebe0>,36,12,[2 7],37,54,66,17,37
1,<environment.Job instance at 0x7f025708d1e0>,43,15,[2 6],44,66,81,22,52
1,<environment.Job instance at 0x7f025708db90>,45,18,[1 7],46,66,84,20,55
1,<environment.Job instance at 0x7f025708df00>,46,16,[9 3],47,81,97,34,68
1,<environment.Job instance at 0x7f02569757d0>,53,18,[7 4],54,97,115,43,86
1,<environment.Job instance at 0x7f02570c5e10>,57,20,[5 7],58,87,107,29,87
1,<environment.Job instance at 0x7f02570c45f0>,72,12,[4 7],73,107,119,34,95
1,<environment.Job instance at 0x7f0257231460>,78,12,[1 6],79,115,127,36,98
1,<environment.Job instance at 0x7f02572315a0>,80,14,[8 4],81,119,133,38,104
1,<environment.Job instance at 0x7f0257223af0>,111,17,[7 3],112,127,144,15,115
1,<environment.Job instance at 0x7f0257223e60>,117,15,[6 1],118,133,148,15,119
1,<environment.Job instance at 0x7f025721ed70>,126,16,[9 2],127,144,160,17,131
1,<environment.Job instance at 0x7f025721e820>,137,18,[5 5],138,148,166,10,138
1,<environment.Job instance at 0x7f025721e320>,143,18,[3 8],144,160,178,16,149
1,<environment.Job instance at 0x7f025723d3c0>,147,16,[1 6],148,166,182,18,153
1,<environment.Job instance at 0x7f02578750f0>,0,12,[ 3 14],1,1,13,0,1
1,<environment.Job instance at 0x7f025723d5f0>,1,15,[ 4 13],2,13,28,11,2
1,<environment.Job instance at 0x7f0257875140>,6,14,[1 8],7,28,42,21,17
1,<environment.Job instance at 0x7f02578754b0>,7,22,[7 2],8,18,40,10,18
1,<environment.Job instance at 0x7f0257875af0>,4,19,[6 4],5,28,47,23,18
1,<environment.Job instance at 0x7f0257875960>,13,16,[3 7],14,42,58,28,29
1,<environment.Job instance at 0x7f0257879910>,18,14,[1 7],19,47,61,28,32
1,<environment.Job instance at 0x7f02578752d0>,8,15,[10  1],9,47,62,38,35
1,<environment.Job instance at 0x7f02578797d0>,22,19,[2 6],23,58,77,35,48
1,<environment.Job instance at 0x7f02578790f0>,26,18,[2 5],27,61,79,34,50
1,<environment.Job instance at 0x7f0257879820>,20,13,[5 5],21,77,90,56,63
1,<environment.Job instance at 0x7f0257873f00>,31,18,[3 9],32,79,97,47,70
1,<environment.Job instance at 0x7f0257879550>,33,16,[1 7],34,97,113,63,84
1,<environment.Job instance at 0x7f0257a6f280>,37,17,[5 7],38,97,114,59,85
1,<environment.Job instance at 0x7f0257a6feb0>,38,17,[6 2],39,113,130,74,101
1,<environment.Job instance at 0x7f0257a6f230>,41,15,[8 2],42,114,129,72,101
1,<environment.Job instance at 0x7f0257a6f370>,45,16,[10  3],46,130,146,84,117
1,<environment.Job instance at 0x7f0257671690>,49,17,[9 4],50,146,163,96,134
1,<environment.Job instance at 0x7f0257671370>,52,20,[5 3],53,135,155,82,135
1,<environment.Job instance at 0x7f0257a6faf0>,32,12,[13  4],33,163,175,130,146
1,<environment.Job instance at 0x7f02576711e0>,58,13,[14  2],59,175,188,116,159
1,<environment.Job instance at 0x7f02576d1be0>,0,14,[14  5],1,2,16,1,2
1,<environment.Job instance at 0x7f0256aee910>,2,16,[8 2],3,16,32,13,4
1,<environment.Job instance at 0x7f02576711e0>,4,14,[4 7],5,16,30,11,5
1,<environment.Job instance at 0x7f02579e6cd0>,9,13,[14  4],10,32,45,22,16
1,<environment.Job instance at 0x7f0256af52d0>,11,19,[2 5],12,45,64,33,35
1,<environment.Job instance at 0x7f0256b07410>,6,17,[13  5],7,45,62,38,35
1,<environment.Job instance at 0x7f0256e25280>,18,21,[1 6],19,62,83,43,54
1,<environment.Job instance at 0x7f0256e25320>,19,15,[7 1],20,62,77,42,54
1,<environment.Job instance at 0x7f0256af4190>,22,26,[4 9],23,77,103,54,74
1,<environment.Job instance at 0x7f0256af4910>,23,20,[11  5],24,83,103,59,74
1,<environment.Job instance at 0x7f0256af48c0>,24,16,[4 9],25,103,119,78,90
1,<environment.Job instance at 0x7f0256af4e10>,25,18,[12  1],26,119,137,93,108
1,<environment.Job instance at 0x7f0256af41e0>,26,14,[5 4],27,137,151,110,122
1,<environment.Job instance at 0x7f0256af45f0>,27,15,[6 4],28,137,152,109,123
1,<environment.Job instance at 0x7f0256af5050>,15,15,[1 7],16,138,153,122,138
1,<environment.Job instance at 0x7f0256af4410>,28,20,[7 5],29,152,172,123,143
1,<environment.Job instance at 0x7f025788c230>,30,27,[2 7],31,153,180,122,151
1,<environment.Job instance at 0x7f025788caf0>,31,12,[8 1],32,172,184,140,155
1,<environment.Job instance at 0x7f0256a14460>,0,12,[2 5],1,1,13,0,1
1,<environment.Job instance at 0x7f0256a14a50>,5,14,[8 5],6,6,20,0,6
1,<environment.Job instance at 0x7f02578e8dc0>,8,20,[6 3],9,13,33,4,9
1,<environment.Job instance at 0x7f02578e8410>,9,21,[3 6],10,20,41,10,12
1,<environment.Job instance at 0x7f02578e8550>,14,12,[7 1],15,33,45,18,16
1,<environment.Job instance at 0x7f02578e8820>,18,12,[7 5],19,41,53,22,24
1,<environment.Job instance at 0x7f02578e8960>,19,20,[3 9],20,45,65,25,36
1,<environment.Job instance at 0x7f02578e8910>,26,17,[4 8],27,65,82,38,53
1,<environment.Job instance at 0x7f02570c9280>,27,14,[5 6],28,53,67,25,53
1,<environment.Job instance at 0x7f02570c9910>,28,16,[8 4],29,67,83,38,54
1,<environment.Job instance at 0x7f02578e8d20>,20,18,[9 3],21,83,101,62,74
1,<environment.Job instance at 0x7f02570c9780>,32,26,[ 1 10],33,82,108,49,79
1,<environment.Job instance at 0x7f02578e87d0>,21,17,[9 4],22,101,118,79,94
1,<environment.Job instance at 0x7f02570c9eb0>,34,13,[10  1],35,118,131,83,102
1,<environment.Job instance at 0x7f02570c9d70>,33,26,[4 8],34,108,134,74,105
1,<environment.Job instance at 0x7f02570c9690>,31,21,[9 3],32,131,152,99,123
1,<environment.Job instance at 0x7f02570c9af0>,40,12,[3 8],41,134,146,93,129
1,<environment.Job instance at 0x7f02570c9050>,42,15,[5 6],43,146,161,103,132
1,<environment.Job instance at 0x7f02570c92d0>,45,17,[5 8],46,152,169,106,140
1,<environment.Job instance at 0x7f02570c9e10>,47,12,[8 5],48,161,173,113,144
1,<environment.Job instance at 0x7f02570ada50>,48,18,[3 6],49,169,187,120,158
1,<environment.Job instance at 0x7f02566d7c80>,1,18,[1 5],2,2,20,0,2
1,<environment.Job instance at 0x7f02566d78c0>,0,13,[14  1],1,2,15,1,2
1,<environment.Job instance at 0x7f02566d77d0>,5,15,[5 5],6,15,30,9,6
1,<environment.Job instance at 0x7f02566d7190>,7,24,[5 2],8,15,39,7,10
1,<environment.Job instance at 0x7f0256685d70>,11,23,[3 8],12,20,43,8,14
1,<environment.Job instance at 0x7f0256685640>,19,12,[6 2],20,30,42,10,21
1,<environment.Job instance at 0x7f0256685050>,21,20,[3 8],22,43,63,21,34
1,<environment.Job instance at 0x7f0256685be0>,23,12,[10  4],24,42,54,18,34
1,<environment.Job instance at 0x7f0256685960>,24,15,[10  4],25,54,69,29,40
1,<environment.Job instance at 0x7f0256685e60>,26,22,[2 5],27,63,85,36,56
1,<environment.Job instance at 0x7f0256685c30>,28,21,[2 8],29,69,90,40,61
1,<environment.Job instance at 0x7f0256677a00>,33,15,[6 2],34,69,84,35,61
1,<environment.Job instance at 0x7f02566779b0>,35,15,[1 5],36,85,100,49,71
1,<environment.Job instance at 0x7f0256685500>,20,15,[1 8],21,90,105,69,76
1,<environment.Job instance at 0x7f02566850f0>,15,16,[2 6],16,100,116,84,90
1,<environment.Job instance at 0x7f0256677280>,41,14,[1 9],42,105,119,63,90
1,<environment.Job instance at 0x7f0256677140>,38,21,[7 3],39,116,137,77,108
1,<environment.Job instance at 0x7f02570ad370>,2,22,[1 6],3,119,141,116,116
1,<environment.Job instance at 0x7f0256603f50>,44,13,[5 5],45,119,132,74,116
1,<environment.Job instance at 0x7f02566036e0>,42,12,[11  1],43,137,149,94,120
1,<environment.Job instance at 0x7f0256603c80>,45,19,[ 3 11],46,141,160,95,131
1,<environment.Job instance at 0x7f0256603d20>,49,17,[3 5],50,160,177,110,148
1,<environment.Job instance at 0x7f0256603870>,53,12,[8 4],54,159,171,105,159
1,<environment.Job instance at 0x7f0257e369b0>,1,17,[7 5],2,2,19,0,2
1,<environment.Job instance at 0x7f0256d8d8c0>,4,19,[5 3],5,5,24,0,5
1,<environment.Job instance at 0x7f0256d8dd20>,8,14,[5 5],9,19,33,10,9
1,<environment.Job instance at 0x7f0256d8d1e0>,9,14,[10  5],10,24,38,14,10
1,<environment.Job instance at 0x7f02576cc3c0>,13,18,[12  2],14,38,56,24,27
1,<environment.Job instance at 0x7f02576ccaa0>,14,28,[ 1 13],15,38,66,23,37
1,<environment.Job instance at 0x7f02576cc820>,15,19,[5 4],16,66,85,50,58
1,<environment.Job instance at 0x7f02576cc2d0>,16,21,[ 3 10],17,66,87,49,58
1,<environment.Job instance at 0x7f02576cc8c0>,17,14,[7 1],18,58,72,40,58
1,<environment.Job instance at 0x7f02576cccd0>,18,25,[ 2 14],19,87,112,68,83
1,<environment.Job instance at 0x7f02576cc6e0>,19,13,[ 1 10],20,112,125,92,96
1,<environment.Job instance at 0x7f0256d8d690>,11,20,[6 5],12,112,132,100,103
1,<environment.Job instance at 0x7f02576ccd70>,22,18,[4 9],23,125,143,102,114
1,<environment.Job instance at 0x7f02576cc4b0>,25,13,[9 3],26,132,145,106,116
1,<environment.Job instance at 0x7f0257b61f50>,31,16,[3 8],32,143,159,111,130
1,<environment.Job instance at 0x7f0257b61b40>,35,17,[3 5],36,145,162,109,133
1,<environment.Job instance at 0x7f0257b61870>,36,17,[5 8],37,159,176,122,147
1,<environment.Job instance at 0x7f0257b61460>,45,14,[1 5],46,162,176,116,155
1,<environment.Job instance at 0x7f0257b61460>,4,20,[11  1],5,6,26,1,6
1,<environment.Job instance at 0x7f025710af50>,13,16,[2 5],14,14,30,0,14
1,<environment.Job instance at 0x7f025710aaa0>,14,17,[9 4],15,26,43,11,15
1,<environment.Job instance at 0x7f025718ee60>,16,16,[2 6],17,17,33,0,17
1,<environment.Job instance at 0x7f025718e820>,17,17,[1 7],18,33,50,15,21
1,<environment.Job instance at 0x7f025718e0f0>,20,12,[5 5],21,43,55,22,26
1,<environment.Job instance at 0x7f025718e910>,24,12,[4 7],25,50,62,25,34
1,<environment.Job instance at 0x7f025718eb40>,21,15,[1 8],22,55,70,33,47
1,<environment.Job instance at 0x7f02576150f0>,31,20,[1 6],32,62,82,30,53
1,<environment.Job instance at 0x7f0257615c30>,32,18,[3 8],33,70,88,37,59
1,<environment.Job instance at 0x7f02576718c0>,39,15,[4 7],40,82,97,42,68
1,<environment.Job instance at 0x7f0257671b40>,49,17,[7 1],50,88,105,38,76
1,<environment.Job instance at 0x7f0257671b90>,51,13,[1 7],52,88,101,36,76
1,<environment.Job instance at 0x7f02573ebb40>,57,12,[7 3],58,97,109,39,80
1,<environment.Job instance at 0x7f02573ebaf0>,61,17,[8 5],62,105,122,43,93
1,<environment.Job instance at 0x7f02573ebc80>,62,12,[2 5],63,109,121,46,93
1,<environment.Job instance at 0x7f02573eb7d0>,63,12,[5 5],64,109,121,45,93
1,<environment.Job instance at 0x7f02573eb640>,65,20,[9 3],66,122,142,56,114
1,<environment.Job instance at 0x7f0256d1d370>,67,12,[3 7],68,121,133,53,114
1,<environment.Job instance at 0x7f0256d1deb0>,73,12,[1 5],74,122,134,48,114
1,<environment.Job instance at 0x7f0256c96b40>,79,20,[8 2],80,142,162,62,133
1,<environment.Job instance at 0x7f0256c96780>,80,14,[4 9],81,134,148,53,133
1,<environment.Job instance at 0x7f0256c966e0>,87,12,[5 4],88,148,160,60,133
1,<environment.Job instance at 0x7f0256c968c0>,89,12,[2 5],90,148,160,58,133
1,<environment.Job instance at 0x7f0256c961e0>,91,16,[3 8],92,160,176,68,147
1,<environment.Job instance at 0x7f0256c96c80>,92,16,[4 5],93,160,176,67,147
1,<environment.Job instance at 0x7f0257695640>,0,18,[5 3],1,1,19,0,1
1,<environment.Job instance at 0x7f0257695a50>,2,14,[9 2],3,3,17,0,3
1,<environment.Job instance at 0x7f02576950f0>,4,13,[7 2],5,17,30,12,5
1,<environment.Job instance at 0x7f0257695cd0>,5,21,[5 1],6,19,40,13,11
1,<environment.Job instance at 0x7f0257874b90>,13,16,[6 1],14,30,46,16,17
1,<environment.Job instance at 0x7f0257874dc0>,19,14,[3 7],20,20,34,0,20
1,<environment.Job instance at 0x7f0257874f50>,21,12,[4 7],22,34,46,12,22
1,<environment.Job instance at 0x7f02576950a0>,7,12,[6 4],8,46,58,38,31
1,<environment.Job instance at 0x7f0257874c80>,24,15,[4 8],25,46,61,21,32
1,<environment.Job instance at 0x7f0257874500>,27,18,[5 6],28,58,76,30,47
1,<environment.Job instance at 0x7f0260636910>,28,13,[8 2],29,61,74,32,47
1,<environment.Job instance at 0x7f02606362d0>,30,14,[4 7],31,74,88,43,59
1,<environment.Job instance at 0x7f02606360f0>,32,12,[6 5],33,76,88,43,59
1,<environment.Job instance at 0x7f02606366e0>,36,17,[4 6],37,88,105,51,76
1,<environment.Job instance at 0x7f0260636e10>,38,13,[5 1],39,76,89,37,76
1,<environment.Job instance at 0x7f02606364b0>,41,16,[ 3 10],42,105,121,63,92
1,<environment.Job instance at 0x7f0260922690>,44,14,[5 4],45,92,106,47,92
1,<environment.Job instance at 0x7f0260922320>,45,16,[5 9],46,121,137,75,108
1,<environment.Job instance at 0x7f0260922730>,47,12,[6 3],48,108,120,60,108
1,<environment.Job instance at 0x7f0257696910>,50,13,[6 1],51,108,121,57,108
1,<environment.Job instance at 0x7f0257696f50>,53,12,[7 4],54,121,133,67,109
1,<environment.Job instance at 0x7f0257696dc0>,55,22,[6 5],56,133,155,77,126
1,<environment.Job instance at 0x7f0257696f00>,56,12,[2 9],57,137,149,80,126
1,<environment.Job instance at 0x7f0257696c30>,59,18,[1 7],60,149,167,89,138
1,<environment.Job instance at 0x7f02576968c0>,60,21,[1 9],61,167,188,106,159
1,<environment.Job instance at 0x7f02576ca9b0>,1,16,[10  1],2,2,18,0,2
1,<environment.Job instance at 0x7f0257696870>,2,17,[4 8],3,3,20,0,3
1,<environment.Job instance at 0x7f0257696aa0>,4,15,[3 5],5,18,33,13,5
1,<environment.Job instance at 0x7f0257796780>,5,14,[9 1],6,20,34,14,7
1,<environment.Job instance at 0x7f0257796b40>,10,12,[13  2],11,34,46,23,18
1,<environment.Job instance at 0x7f0257796140>,13,18,[4 5],14,46,64,32,35
1,<environment.Job instance at 0x7f0257005460>,0,24,[3 8],1,46,70,45,41
1,<environment.Job instance at 0x7f0257796730>,17,15,[10  5],18,64,79,46,50
1,<environment.Job instance at 0x7f0257796a00>,8,27,[3 8],9,70,97,61,68
1,<environment.Job instance at 0x7f0257796280>,21,21,[8 3],22,79,100,57,71
1,<environment.Job instance at 0x7f0257766c30>,32,17,[4 5],33,97,114,64,85
1,<environment.Job instance at 0x7f0257766f50>,33,13,[3 7],34,97,110,63,85
1,<environment.Job instance at 0x7f0257766820>,36,21,[2 5],37,110,131,73,102
1,<environment.Job instance at 0x7f0257793dc0>,41,16,[5 5],42,110,126,68,102
1,<environment.Job instance at 0x7f02577930f0>,42,18,[7 5],43,114,132,71,103
1,<environment.Job instance at 0x7f025778b190>,56,19,[7 1],57,131,150,74,121
1,<environment.Job instance at 0x7f025778b230>,58,12,[2 9],59,132,144,73,122
1,<environment.Job instance at 0x7f025778b370>,59,15,[6 1],60,132,147,72,122
1,<environment.Job instance at 0x7f025778b050>,60,18,[5 5],61,147,165,86,136
1,<environment.Job instance at 0x7f025778c1e0>,66,15,[5 3],67,150,165,83,136
1,<environment.Job instance at 0x7f025778c050>,69,12,[4 7],70,150,162,80,143
1,<environment.Job instance at 0x7f025778c4b0>,70,17,[8 1],71,165,182,94,153
1,<environment.Job instance at 0x7f025778c2d0>,72,15,[1 8],73,165,180,92,153
1,<environment.Job instance at 0x7f02576b8b40>,0,13,[6 4],1,1,14,0,1
1,<environment.Job instance at 0x7f02576b8870>,1,27,[5 4],2,2,29,0,2
1,<environment.Job instance at 0x7f0256c9e460>,7,14,[2 7],8,8,22,0,8
1,<environment.Job instance at 0x7f0257165c80>,10,19,[3 5],11,22,41,11,12
1,<environment.Job instance at 0x7f0257165370>,12,17,[4 5],13,22,39,9,13
1,<environment.Job instance at 0x7f0257165690>,16,14,[2 6],17,39,53,22,24
1,<environment.Job instance at 0x7f0256c9e870>,2,22,[1 8],3,41,63,38,34
1,<environment.Job instance at 0x7f0257165280>,24,15,[5 2],25,53,68,28,40
1,<environment.Job instance at 0x7f0257165a50>,25,12,[ 3 11],26,63,75,37,46
1,<environment.Job instance at 0x7f0257165730>,26,13,[1 5],27,75,88,48,59
1,<environment.Job instance at 0x7f02571652d0>,23,22,[8 3],24,68,90,44,61
1,<environment.Job instance at 0x7f0257bb9820>,37,18,[10  2],38,90,108,52,79
1,<environment.Job instance at 0x7f0257bb97d0>,39,14,[5 3],40,79,93,39,79
1,<environment.Job instance at 0x7f0257bb99b0>,44,13,[7 4],45,108,121,63,92
1,<environment.Job instance at 0x7f0257bb95f0>,45,22,[5 5],46,93,115,47,92
1,<environment.Job instance at 0x7f0257bb9e10>,47,14,[1 9],48,115,129,67,100
1,<environment.Job instance at 0x7f0257bb9550>,50,13,[6 4],51,121,134,70,105
1,<environment.Job instance at 0x7f02578c7550>,56,12,[3 6],57,129,141,72,112
1,<environment.Job instance at 0x7f02578c7e10>,59,17,[10  1],60,134,151,74,122
1,<environment.Job instance at 0x7f02578c7cd0>,60,20,[1 9],61,141,161,80,132
1,<environment.Job instance at 0x7f025756b140>,61,16,[9 3],62,151,167,89,138
1,<environment.Job instance at 0x7f025756b4b0>,63,21,[10  3],64,167,188,103,159
1,<environment.Job instance at 0x7f025756bb90>,64,15,[1 5],65,161,176,96,159
1,<environment.Job instance at 0x7f025756b6e0>,65,12,[1 6],66,161,173,95,159
1,<environment.Job instance at 0x7f025756b460>,66,13,[3 5],67,173,186,106,159
1,<environment.Job instance at 0x7f026043d050>,0,14,[3 9],1,1,15,0,1
1,<environment.Job instance at 0x7f026043d690>,3,19,[11  5],4,4,23,0,4
1,<environment.Job instance at 0x7f026043d640>,8,13,[13  4],9,23,36,14,9
1,<environment.Job instance at 0x7f026043d960>,9,28,[1 5],10,15,43,5,14
1,<environment.Job instance at 0x7f026043d6e0>,6,17,[8 1],7,36,53,29,26
1,<environment.Job instance at 0x7f026043d820>,12,16,[7 3],13,43,59,30,30
1,<environment.Job instance at 0x7f0257411190>,13,20,[5 3],14,53,73,39,44
1,<environment.Job instance at 0x7f0257411cd0>,15,17,[4 6],16,59,76,43,51
1,<environment.Job instance at 0x7f026043db90>,7,25,[ 5 11],8,76,101,68,72
1,<environment.Job instance at 0x7f02604365f0>,24,14,[5 2],25,72,86,47,72
1,<environment.Job instance at 0x7f02574095a0>,26,18,[8 1],27,86,104,59,76
1,<environment.Job instance at 0x7f02574093c0>,29,12,[6 3],30,101,113,71,84
1,<environment.Job instance at 0x7f0257170280>,30,21,[6 5],31,104,125,73,96
1,<environment.Job instance at 0x7f0257170730>,31,15,[9 1],32,113,128,81,99
1,<environment.Job instance at 0x7f0257170cd0>,32,19,[4 5],33,125,144,92,115
1,<environment.Job instance at 0x7f02574047d0>,37,19,[10  2],38,128,147,90,118
1,<environment.Job instance at 0x7f0257404d20>,38,17,[6 4],39,147,164,108,135
1,<environment.Job instance at 0x7f0257404550>,43,22,[3 5],44,144,166,100,137
1,<environment.Job instance at 0x7f0257404370>,45,22,[6 2],46,147,169,101,140
1,<environment.Job instance at 0x7f0257404780>,49,16,[10  1],50,169,185,119,156
1,<environment.Job instance at 0x7f0260436c80>,20,21,[3 8],21,164,185,143,156
1,<environment.Job instance at 0x7f0256841870>,0,16,[ 5 13],1,1,17,0,1
1,<environment.Job instance at 0x7f0256841cd0>,3,14,[8 4],4,17,31,13,4
1,<environment.Job instance at 0x7f0257e82500>,5,23,[6 2],6,6,29,0,6
1,<environment.Job instance at 0x7f0257e82e60>,10,28,[13  5],11,31,59,20,30
1,<environment.Job instance at 0x7f0257e82a00>,11,15,[2 5],12,30,45,18,30
1,<environment.Job instance at 0x7f0257e82d20>,12,18,[ 3 12],13,59,77,46,48
1,<environment.Job instance at 0x7f0257e82c80>,13,18,[ 2 14],14,77,95,63,66
1,<environment.Job instance at 0x7f0257e82a50>,14,12,[8 1],15,66,78,51,66
1,<environment.Job instance at 0x7f0257e82690>,15,28,[13  5],16,95,123,79,94
1,<environment.Job instance at 0x7f0257e82c30>,8,18,[10  5],9,123,141,114,114
1,<environment.Job instance at 0x7f0257e822d0>,21,19,[7 4],22,141,160,119,131
1,<environment.Job instance at 0x7f0257e82960>,25,20,[7 4],26,141,161,115,132
1,<environment.Job instance at 0x7f0257e820a0>,27,16,[2 9],28,160,176,132,147
1,<environment.Job instance at 0x7f0256a4a320>,1,14,[6 4],2,2,16,0,2
1,<environment.Job instance at 0x7f0257c7dfa0>,4,25,[4 8],5,5,30,0,5
1,<environment.Job instance at 0x7f0257c7df00>,5,17,[5 5],6,16,33,10,6
1,<environment.Job instance at 0x7f0257e820a0>,9,14,[5 9],10,30,44,20,19
1,<environment.Job instance at 0x7f0257c8a4b0>,10,12,[ 2 11],11,44,56,33,27
1,<environment.Job instance at 0x7f0257c8a0a0>,8,15,[11  1],9,44,59,35,35
1,<environment.Job instance at 0x7f0257c8a910>,17,14,[5 4],18,59,73,41,44
1,<environment.Job instance at 0x7f0257c8ab40>,21,17,[4 8],22,56,73,34,44
1,<environment.Job instance at 0x7f0257c8ad70>,26,15,[7 5],27,73,88,46,59
1,<environment.Job instance at 0x7f0257ca2230>,30,21,[5 7],31,73,94,42,65
1,<environment.Job instance at 0x7f0257ca2410>,33,17,[5 9],34,94,111,60,82
1,<environment.Job instance at 0x7f0257ca2500>,36,15,[6 5],37,88,103,51,82
1,<environment.Job instance at 0x7f0257ca2f00>,49,27,[1 8],50,111,138,61,109
1,<environment.Job instance at 0x7f0257ca2d20>,46,16,[1 8],47,138,154,91,125
1,<environment.Job instance at 0x7f0257ca2f50>,52,14,[7 5],53,125,139,72,125
1,<environment.Job instance at 0x7f0257c6e640>,59,13,[7 2],60,125,138,65,125
1,<environment.Job instance at 0x7f0257c6e410>,60,17,[5 3],61,139,156,78,127
1,<environment.Job instance at 0x7f0257c6e690>,61,21,[3 5],62,154,175,92,146
1,<environment.Job instance at 0x7f0257c6e730>,62,13,[2 9],63,156,169,93,146
1,<environment.Job instance at 0x7f0257c6e870>,64,19,[4 8],65,169,188,104,159
1,<environment.Job instance at 0x7f6f13385320>,1,15,[5 2],2,2,17,0,2
1,<environment.Job instance at 0x7f6f09c0d690>,5,18,[7 5],6,6,24,0,6
1,<environment.Job instance at 0x7f6f09c0d870>,7,12,[7 2],8,17,29,9,8
1,<environment.Job instance at 0x7f6f09c0da00>,9,17,[8 1],10,24,41,14,12
1,<environment.Job instance at 0x7f6f09c0d7d0>,10,14,[ 1 14],11,29,43,18,16
1,<environment.Job instance at 0x7f6f09c0e050>,18,18,[3 6],19,43,61,24,32
1,<environment.Job instance at 0x7f6f09c0e230>,20,18,[7 5],21,43,61,22,32
1,<environment.Job instance at 0x7f6f09c0e410>,23,18,[7 4],24,61,79,37,50
1,<environment.Job instance at 0x7f6f09c0e5f0>,26,20,[4 8],27,61,81,34,52
1,<environment.Job instance at 0x7f6f09c0e730>,28,20,[5 8],29,81,101,52,72
1,<environment.Job instance at 0x7f6f09c0e870>,30,15,[8 2],31,79,94,48,72
1,<environment.Job instance at 0x7f6f09c0e910>,31,13,[4 5],32,94,107,62,78
1,<environment.Job instance at 0x7f6f09c0e0f0>,33,16,[9 3],34,101,117,67,88
1,<environment.Job instance at 0x7f6f09c0eb90>,34,20,[5 3],35,107,127,72,98
1,<environment.Job instance at 0x7f6f09c0ed70>,37,22,[2 5],38,117,139,79,110
1,<environment.Job instance at 0x7f6f09c0eeb0>,39,13,[5 4],40,117,130,77,110
1,<environment.Job instance at 0x7f6f09c0ef50>,40,19,[ 3 10],41,130,149,89,120
1,<environment.Job instance at 0x7f6f09c11190>,43,14,[6 1],44,139,153,95,124
1,<environment.Job instance at 0x7f6f09c11230>,44,14,[8 4],45,149,163,104,134
1,<environment.Job instance at 0x7f6f09c11410>,47,16,[6 2],48,153,169,105,140
1,<environment.Job instance at 0x7f6f09c11550>,49,23,[2 6],50,163,186,113,157
1,<environment.Job instance at 0x7f6f09c11640>,53,22,[9 5],54,169,191,115,164
1,<environment.Job instance at 0x7f6f09c155f0>,1,18,[ 4 10],2,2,20,0,2
1,<environment.Job instance at 0x7f6f09c11870>,2,22,[6 4],3,3,25,0,3
1,<environment.Job instance at 0x7f6f09c87cd0>,3,16,[7 1],4,20,36,16,7
1,<environment.Job instance at 0x7f6f0a279c30>,12,14,[4 7],13,25,39,12,18
1,<environment.Job instance at 0x7f6f09c87a50>,5,14,[11  3],6,36,50,30,21
1,<environment.Job instance at 0x7f6f0a279b40>,15,19,[5 1],16,50,69,34,40
1,<environment.Job instance at 0x7f6f09622410>,28,17,[10  5],29,50,67,21,41
1,<environment.Job instance at 0x7f6f09699e10>,38,17,[10  2],39,67,84,28,55
1,<environment.Job instance at 0x7f6f096c4eb0>,44,17,[2 9],45,69,86,24,57
1,<environment.Job instance at 0x7f6f096c46e0>,46,17,[10  4],47,84,101,37,72
1,<environment.Job instance at 0x7f6f092da5f0>,49,17,[2 8],50,86,103,36,84
1,<environment.Job instance at 0x7f6f09717dc0>,50,12,[5 9],51,103,115,52,87
1,<environment.Job instance at 0x7f6f0a2798c0>,16,24,[8 2],17,101,125,84,96
1,<environment.Job instance at 0x7f6f09717f50>,51,14,[2 9],52,115,129,63,100
1,<environment.Job instance at 0x7f6f09717a00>,53,15,[5 9],54,129,144,75,115
1,<environment.Job instance at 0x7f6f096c8730>,57,15,[5 6],58,125,140,67,115
1,<environment.Job instance at 0x7f6f09726d70>,67,20,[5 2],68,140,160,72,131
1,<environment.Job instance at 0x7f6f09726e10>,68,20,[7 4],69,144,164,75,135
1,<environment.Job instance at 0x7f6f09726f50>,69,20,[6 2],70,160,180,90,151
1,<environment.Job instance at 0x7f6f09623c80>,73,18,[8 5],74,164,182,90,153
1,<environment.Job instance at 0x7f6f0933abe0>,0,12,[4 7],1,1,13,0,1
1,<environment.Job instance at 0x7f6f09722a50>,1,26,[5 3],2,2,28,0,2
1,<environment.Job instance at 0x7f6f0933a320>,4,20,[7 3],5,13,33,8,5
1,<environment.Job instance at 0x7f6f0933a8c0>,7,17,[6 3],8,28,45,20,16
1,<environment.Job instance at 0x7f6f0933a3c0>,10,17,[2 8],11,16,33,5,16
1,<environment.Job instance at 0x7f6f0933a370>,16,15,[5 7],17,33,48,16,21
1,<environment.Job instance at 0x7f6f0933a0a0>,20,17,[5 4],21,45,62,24,33
1,<environment.Job instance at 0x7f6f0933dcd0>,23,14,[4 9],24,48,62,24,33
1,<environment.Job instance at 0x7f6f0933ab40>,9,24,[ 5 11],10,62,86,52,57
1,<environment.Job instance at 0x7f6f0933d460>,27,13,[7 5],28,86,99,58,70
1,<environment.Job instance at 0x7f6f0933d140>,28,13,[1 7],29,86,99,57,70
1,<environment.Job instance at 0x7f6f0933a7d0>,6,12,[ 3 11],7,99,111,92,82
1,<environment.Job instance at 0x7f6f0933acd0>,8,20,[12  2],9,99,119,90,90
1,<environment.Job instance at 0x7f6f0933da00>,29,20,[11  1],30,119,139,89,110
1,<environment.Job instance at 0x7f6f0933dc80>,34,19,[3 9],35,111,130,76,110
1,<environment.Job instance at 0x7f6f0933df00>,35,21,[12  1],36,139,160,103,131
1,<environment.Job instance at 0x7f6f0933d280>,36,16,[ 4 11],37,160,176,123,147
1,<environment.Job instance at 0x7f6f0933df50>,33,24,[6 1],34,160,184,126,156
1,<environment.Job instance at 0x7f6f0933d370>,38,15,[4 9],39,176,191,137,162
1,<environment.Job instance at 0x7f6f0933db90>,3,18,[4 7],4,4,22,0,4
1,<environment.Job instance at 0x7f6f096eae10>,6,20,[2 6],7,9,29,2,9
1,<environment.Job instance at 0x7f6f09c76af0>,11,17,[10  4],12,22,39,10,13
1,<environment.Job instance at 0x7f6f097355f0>,13,16,[8 4],14,39,55,25,26
1,<environment.Job instance at 0x7f6f09bbdaf0>,16,15,[5 7],17,29,44,12,26
1,<environment.Job instance at 0x7f6f0935d960>,8,25,[1 6],9,44,69,35,40
1,<environment.Job instance at 0x7f6f09c118c0>,20,12,[8 1],21,55,67,34,40
1,<environment.Job instance at 0x7f6f096c8e10>,26,13,[10  5],27,67,80,40,51
1,<environment.Job instance at 0x7f6f09587a00>,29,12,[5 5],30,51,63,21,51
1,<environment.Job instance at 0x7f6f098d4050>,5,15,[14  3],6,80,95,74,67
1,<environment.Job instance at 0x7f6f094277d0>,34,13,[ 5 10],35,95,108,60,79
1,<environment.Job instance at 0x7f6f09628d70>,35,15,[7 2],36,95,110,59,82
1,<environment.Job instance at 0x7f6f09628320>,36,12,[13  4],37,110,122,73,93
1,<environment.Job instance at 0x7f6f0970eb40>,37,12,[14  4],38,122,134,84,105
1,<environment.Job instance at 0x7f6f0970e870>,38,12,[ 1 13],39,134,146,95,117
1,<environment.Job instance at 0x7f6f0961da50>,39,15,[2 6],40,146,161,106,132
1,<environment.Job instance at 0x7f6f09427d70>,33,21,[4 9],34,146,167,112,145
1,<environment.Job instance at 0x7f6f0985bbe0>,45,17,[ 5 10],46,167,184,121,155
1,<environment.Job instance at 0x7f6f09717050>,40,28,[9 5],41,161,189,120,160
1,<environment.Job instance at 0x7f6f09fbb960>,47,14,[ 3 10],48,184,198,136,169
1,<environment.Job instance at 0x7f6f096545f0>,1,13,[ 4 10],2,2,15,0,2
1,<environment.Job instance at 0x7f6f099f83c0>,2,17,[3 9],3,15,32,12,3
1,<environment.Job instance at 0x7f6f0a2d4d20>,7,12,[5 1],8,8,20,0,8
1,<environment.Job instance at 0x7f6f09a1d5a0>,23,18,[6 5],24,25,43,1,25
1,<environment.Job instance at 0x7f6f09a1d910>,28,12,[1 7],29,32,44,3,29
1,<environment.Job instance at 0x7f6f09654320>,0,15,[10  4],1,43,58,42,31
1,<environment.Job instance at 0x7f6f0a2e6960>,32,18,[5 8],33,44,62,11,34
1,<environment.Job instance at 0x7f6f0994e640>,37,18,[6 5],38,58,76,20,47
1,<environment.Job instance at 0x7f6f0994e5f0>,38,17,[9 4],39,62,79,23,51
1,<environment.Job instance at 0x7f6f091cdbe0>,41,18,[5 7],42,76,94,34,65
1,<environment.Job instance at 0x7f6f091cdeb0>,42,15,[6 2],43,79,94,36,65
1,<environment.Job instance at 0x7f6f09254eb0>,50,19,[5 6],51,94,113,43,84
1,<environment.Job instance at 0x7f6f0920fa00>,60,14,[1 7],61,94,108,33,84
1,<environment.Job instance at 0x7f6f0924bc30>,62,14,[6 2],63,94,108,31,84
1,<environment.Job instance at 0x7f6f099f8a00>,66,15,[5 7],67,108,123,41,94
1,<environment.Job instance at 0x7f6f0921c6e0>,72,14,[8 3],73,113,127,40,98
1,<environment.Job instance at 0x7f6f0921b3c0>,84,15,[5 8],85,123,138,38,109
1,<environment.Job instance at 0x7f6f0921b0a0>,90,13,[3 5],91,127,140,36,115
1,<environment.Job instance at 0x7f6f0921a2d0>,112,19,[5 3],113,138,157,25,128
1,<environment.Job instance at 0x7f6f09215820>,114,21,[6 4],115,138,159,23,130
1,<environment.Job instance at 0x7f6f092156e0>,117,14,[8 2],118,157,171,39,142
1,<environment.Job instance at 0x7f6f09231140>,125,14,[4 7],126,143,157,17,143
1,<environment.Job instance at 0x7f6f091afcd0>,126,16,[9 4],127,171,187,44,158
1,<environment.Job instance at 0x7f6f091ae410>,131,18,[5 5],132,159,177,27,158
1,<environment.Job instance at 0x7f6f091ae280>,132,16,[5 5],133,177,193,44,164
1,<environment.Job instance at 0x7f6f091fde60>,136,18,[1 5],137,164,182,27,164
1,<environment.Job instance at 0x7f6f09246780>,0,12,[11  2],1,1,13,0,1
1,<environment.Job instance at 0x7f6f091fd9b0>,1,17,[3 5],2,2,19,0,2
1,<environment.Job instance at 0x7f6f091fde60>,3,14,[6 1],4,13,27,9,4
1,<environment.Job instance at 0x7f6f0965c6e0>,2,16,[ 3 13],3,19,35,16,7
1,<environment.Job instance at 0x7f6f0965c5f0>,14,17,[10  4],15,35,52,20,24
1,<environment.Job instance at 0x7f6f0965cd70>,10,14,[2 5],11,35,49,24,24
1,<environment.Job instance at 0x7f6f0965cdc0>,18,14,[2 7],19,49,63,30,34
1,<environment.Job instance at 0x7f6f0a2e9a00>,20,14,[3 7],21,52,66,31,37
1,<environment.Job instance at 0x7f6f0965c8c0>,7,13,[9 5],8,63,76,55,48
1,<environment.Job instance at 0x7f6f0965c460>,12,27,[5 6],13,67,94,54,67
1,<environment.Job instance at 0x7f6f0a2e9190>,22,24,[7 3],23,76,100,53,73
1,<environment.Job instance at 0x7f6f0a2e9410>,21,20,[9 4],22,100,120,78,91
1,<environment.Job instance at 0x7f6f0a2e9050>,19,20,[1 7],20,94,114,74,91
1,<environment.Job instance at 0x7f6f0a2e9aa0>,27,21,[5 9],28,114,135,86,106
1,<environment.Job instance at 0x7f6f0965c190>,8,16,[3 6],9,120,136,111,110
1,<environment.Job instance at 0x7f6f0a2e9500>,23,12,[13  5],24,136,148,112,120
1,<environment.Job instance at 0x7f6f0a2e9690>,32,22,[ 2 10],33,136,158,103,129
1,<environment.Job instance at 0x7f6f0a2e9820>,31,20,[7 4],32,148,168,116,140
1,<environment.Job instance at 0x7f6f0a2e93c0>,29,12,[5 7],30,158,170,128,145
1,<environment.Job instance at 0x7f6f0a2e9d20>,35,18,[1 6],36,168,186,132,157
1,<environment.Job instance at 0x7f6f0a2e9910>,37,17,[5 7],38,170,187,132,158
1,<environment.Job instance at 0x7f6f12ded550>,0,15,[7 4],1,1,16,0,1
1,<environment.Job instance at 0x7f6f0a2e9b40>,1,24,[5 1],2,2,26,0,2
1,<environment.Job instance at 0x7f6f12ded5f0>,2,13,[ 5 12],3,16,29,13,3
1,<environment.Job instance at 0x7f6f0a2878c0>,7,16,[ 2 10],8,29,45,21,21
1,<environment.Job instance at 0x7f6f0a287dc0>,9,21,[ 2 12],10,45,66,35,37
1,<environment.Job instance at 0x7f6f0a6e55a0>,11,17,[2 5],12,66,83,54,54
1,<environment.Job instance at 0x7f6f0a6e5780>,12,21,[13  5],13,66,87,53,58
1,<environment.Job instance at 0x7f6f0a6e5fa0>,13,19,[1 9],14,83,102,69,73
1,<environment.Job instance at 0x7f6f0a287870>,6,15,[5 5],7,87,102,80,73
1,<environment.Job instance at 0x7f6f0a6e5c80>,10,18,[5 9],11,102,120,91,95
1,<environment.Job instance at 0x7f6f0a6e5410>,15,20,[7 5],16,102,122,86,96
1,<environment.Job instance at 0x7f6f0a2f3050>,28,17,[2 5],29,120,137,91,108
1,<environment.Job instance at 0x7f6f091d5c30>,29,17,[3 6],30,122,139,92,111
1,<environment.Job instance at 0x7f6f091d5820>,34,12,[6 3],35,120,132,85,111
1,<environment.Job instance at 0x7f6f091d5a50>,37,12,[4 6],38,137,149,99,120
1,<environment.Job instance at 0x7f6f0921c730>,54,20,[2 7],55,139,159,84,130
1,<environment.Job instance at 0x7f6f0921c3c0>,60,18,[7 5],61,149,167,88,138
1,<environment.Job instance at 0x7f6f0921c910>,61,15,[2 7],62,159,174,97,145
1,<environment.Job instance at 0x7f6f0928e4b0>,63,13,[1 7],64,167,180,103,151
1,<environment.Job instance at 0x7f6f0928e910>,69,12,[7 4],70,174,186,104,157
1,<environment.Job instance at 0x7f6f0928ef00>,78,17,[8 4],79,180,197,101,168
1,<environment.Job instance at 0x7f6f0a34b190>,1,13,[9 2],2,2,15,0,2
1,<environment.Job instance at 0x7f6f099bccd0>,2,12,[4 7],3,3,15,0,3
1,<environment.Job instance at 0x7f6f0a6932d0>,3,17,[11  4],4,15,32,11,4
1,<environment.Job instance at 0x7f6f099b2a50>,6,14,[4 8],7,15,29,8,7
1,<environment.Job instance at 0x7f6f099b2910>,10,14,[8 4],11,32,46,21,17
1,<environment.Job instance at 0x7f6f099b2690>,12,23,[ 1 14],13,46,69,33,40
1,<environment.Job instance at 0x7f6f0a094960>,18,14,[5 7],19,69,83,50,54
1,<environment.Job instance at 0x7f6f09af2820>,17,20,[4 5],18,69,89,51,65
1,<environment.Job instance at 0x7f6f0a0949b0>,19,25,[ 3 10],20,83,108,63,79
1,<environment.Job instance at 0x7f6f099b9640>,27,22,[5 7],28,108,130,80,101
1,<environment.Job instance at 0x7f6f0a77e6e0>,36,18,[1 6],37,108,126,71,101
1,<environment.Job instance at 0x7f6f0a785730>,28,22,[ 1 10],29,130,152,101,124
1,<environment.Job instance at 0x7f6f09b28a00>,38,14,[13  1],39,130,144,91,124
1,<environment.Job instance at 0x7f6f0a7791e0>,41,17,[7 3],42,144,161,102,135
1,<environment.Job instance at 0x7f6f09af7eb0>,47,15,[6 1],48,144,159,96,135
1,<environment.Job instance at 0x7f6f0a32da50>,39,18,[ 2 13],40,161,179,121,150
1,<environment.Job instance at 0x7f6f0a776dc0>,56,16,[9 2],57,165,181,108,165
1,<environment.Job instance at 0x7f6f091fd320>,0,24,[ 5 13],1,1,25,0,1
1,<environment.Job instance at 0x7f6f09649cd0>,11,13,[10  3],12,25,38,13,12
1,<environment.Job instance at 0x7f6f09649c30>,14,14,[3 7],15,25,39,10,16
1,<environment.Job instance at 0x7f6f096495a0>,22,18,[3 5],23,38,56,15,27
1,<environment.Job instance at 0x7f6f096497d0>,24,18,[5 6],25,39,57,14,28
1,<environment.Job instance at 0x7f6f0a7d7820>,30,20,[3 8],31,56,76,25,49
1,<environment.Job instance at 0x7f6f09b28910>,44,19,[7 3],45,57,76,12,49
1,<environment.Job instance at 0x7f6f0a34c230>,66,19,[3 7],67,76,95,9,67
1,<environment.Job instance at 0x7f6f0a34cfa0>,69,17,[5 4],70,70,87,0,70
1,<environment.Job instance at 0x7f6f0a34c8c0>,70,19,[5 8],71,87,106,16,78
1,<environment.Job instance at 0x7f6f0a34caf0>,74,13,[6 5],75,95,108,20,79
1,<environment.Job instance at 0x7f6f0a32a730>,91,19,[2 5],92,106,125,14,97
1,<environment.Job instance at 0x7f6f0a3ca410>,104,16,[4 9],105,108,124,3,107
1,<environment.Job instance at 0x7f6f0a3cafa0>,106,14,[5 4],107,124,138,17,109
1,<environment.Job instance at 0x7f6f0a3caeb0>,107,15,[6 4],108,124,139,16,110
1,<environment.Job instance at 0x7f6f0a34abe0>,123,12,[5 8],124,138,150,14,124
1,<environment.Job instance at 0x7f6f0a34a2d0>,125,15,[4 8],126,150,165,24,137
1,<environment.Job instance at 0x7f6f0a34ad20>,131,20,[9 5],132,141,161,9,141
1,<environment.Job instance at 0x7f6f0a3aab90>,143,14,[10  5],144,161,175,17,146
1,<environment.Job instance at 0x7f6f09a32c80>,151,15,[1 7],152,165,180,13,152
1,<environment.Job instance at 0x7f6f0a3b5aa0>,0,15,[5 8],1,1,16,0,1
1,<environment.Job instance at 0x7f6f096a59b0>,3,16,[2 8],4,16,32,12,4
1,<environment.Job instance at 0x7f6f09846410>,9,28,[1 7],10,12,40,2,12
1,<environment.Job instance at 0x7f6f09846190>,7,15,[ 4 10],8,40,55,32,26
1,<environment.Job instance at 0x7f6f0a273c80>,14,14,[9 1],15,32,46,17,28
1,<environment.Job instance at 0x7f6f0a273e60>,15,15,[3 9],16,55,70,39,41
1,<environment.Job instance at 0x7f6f0a273f50>,17,16,[5 1],18,46,62,28,41
1,<environment.Job instance at 0x7f6f0a3d0a00>,19,13,[8 3],20,62,75,42,46
1,<environment.Job instance at 0x7f6f09f9b0a0>,32,16,[ 3 10],33,70,86,37,57
1,<environment.Job instance at 0x7f6f098570f0>,33,13,[3 9],34,86,99,52,70
1,<environment.Job instance at 0x7f6f0a45a320>,40,14,[9 2],41,75,89,34,70
1,<environment.Job instance at 0x7f6f0a444140>,47,15,[3 8],48,99,114,51,85
1,<environment.Job instance at 0x7f6f0a4446e0>,48,14,[4 9],49,114,128,65,99
1,<environment.Job instance at 0x7f6f09ed7a00>,54,20,[4 5],55,102,122,47,102
1,<environment.Job instance at 0x7f6f0a272370>,55,18,[4 6],56,122,140,66,111
1,<environment.Job instance at 0x7f6f0a26c820>,56,14,[2 6],57,128,142,71,113
1,<environment.Job instance at 0x7f6f0a26cb90>,58,12,[6 5],59,140,152,81,123
1,<environment.Job instance at 0x7f6f0a25b280>,65,12,[8 5],66,142,154,76,125
1,<environment.Job instance at 0x7f6f0a25b820>,70,12,[2 5],71,152,164,81,135
1,<environment.Job instance at 0x7f6f0a46a5a0>,75,14,[8 5],76,154,168,78,139
1,<environment.Job instance at 0x7f6f0a46a780>,78,20,[6 3],79,164,184,85,155
1,<environment.Job instance at 0x7f6f0a46a820>,79,21,[3 6],80,168,189,88,160
1,<environment.Job instance at 0x7f6f0a348d70>,0,16,[ 3 14],1,1,17,0,1
1,<environment.Job instance at 0x7f6f0a46a460>,2,14,[8 4],3,17,31,14,3
1,<environment.Job instance at 0x7f6f0a348be0>,3,19,[ 2 10],4,17,36,13,7
1,<environment.Job instance at 0x7f6f0a348aa0>,7,14,[11  2],8,31,45,23,16
1,<environment.Job instance at 0x7f6f0a348190>,11,13,[4 5],12,36,49,24,20
1,<environment.Job instance at 0x7f6f0a348460>,13,14,[8 4],14,45,59,31,32
1,<environment.Job instance at 0x7f6f0a348eb0>,14,22,[1 8],15,49,71,34,42
1,<environment.Job instance at 0x7f6f0a3480a0>,17,20,[5 4],18,59,79,41,51
1,<environment.Job instance at 0x7f6f0a348320>,19,16,[9 4],20,71,87,51,58
1,<environment.Job instance at 0x7f6f13329fa0>,20,23,[6 4],21,79,102,58,73
1,<environment.Job instance at 0x7f6f132b6140>,21,17,[5 5],22,87,104,65,75
1,<environment.Job instance at 0x7f6f132b60f0>,23,13,[ 2 10],24,102,115,78,86
1,<environment.Job instance at 0x7f6f099c0870>,26,13,[6 5],27,104,117,77,88
1,<environment.Job instance at 0x7f6f099c0a00>,25,14,[12  2],26,117,131,91,102
1,<environment.Job instance at 0x7f6f099c02d0>,31,12,[12  3],32,131,143,99,114
1,<environment.Job instance at 0x7f6f099c0280>,30,18,[ 1 10],31,115,133,84,115
1,<environment.Job instance at 0x7f6f099c0780>,33,20,[3 9],34,133,153,99,124
1,<environment.Job instance at 0x7f6f099c0640>,36,16,[9 5],37,143,159,106,130
1,<environment.Job instance at 0x7f6f099c0690>,43,20,[7 3],44,159,179,115,150
1,<environment.Job instance at 0x7f6f0a0addc0>,48,19,[6 4],49,153,172,104,150
1,<environment.Job instance at 0x7f6f0a0ad050>,49,13,[6 4],50,172,185,122,156
1,<environment.Job instance at 0x7f6f0a0adbe0>,51,19,[5 5],52,179,198,127,169
1,<environment.Job instance at 0x7f6f0904daf0>,1,12,[2 8],2,2,14,0,2
1,<environment.Job instance at 0x7f6f0904d3c0>,3,14,[3 7],4,4,18,0,4
1,<environment.Job instance at 0x7f6f0904d870>,6,15,[5 5],7,14,29,7,7
1,<environment.Job instance at 0x7f6f0904d5a0>,12,21,[10  4],13,18,39,5,14
1,<environment.Job instance at 0x7f6f0904d7d0>,15,15,[5 6],16,29,44,13,16
1,<environment.Job instance at 0x7f6f0904d4b0>,23,19,[1 5],24,39,58,15,29
1,<environment.Job instance at 0x7f6f0904c460>,24,14,[2 5],25,44,58,19,29
1,<environment.Job instance at 0x7f6f0904c190>,27,18,[5 1],28,39,57,11,29
1,<environment.Job instance at 0x7f6f0904ce10>,31,19,[5 4],32,44,63,12,41
1,<environment.Job instance at 0x7f6f0908fa50>,42,16,[1 7],43,58,74,15,45
1,<environment.Job instance at 0x7f6f0908ff00>,49,15,[9 2],50,58,73,8,50
1,<environment.Job instance at 0x7f6f0908f9b0>,51,17,[7 5],52,73,90,21,61
1,<environment.Job instance at 0x7f6f0908feb0>,54,19,[5 3],55,63,82,8,62
1,<environment.Job instance at 0x7f6f0908fd70>,58,14,[5 5],59,82,96,23,67
1,<environment.Job instance at 0x7f6f0908f640>,61,20,[6 5],62,90,110,28,81
1,<environment.Job instance at 0x7f6f090907d0>,65,19,[5 4],66,96,115,30,86
1,<environment.Job instance at 0x7f6f09090460>,72,18,[4 9],73,110,128,37,99
1,<environment.Job instance at 0x7f6f0904d960>,13,24,[6 1],14,114,138,100,114
1,<environment.Job instance at 0x7f6f0a6f7be0>,86,17,[5 8],87,128,145,41,116
1,<environment.Job instance at 0x7f6f09afb910>,110,19,[7 4],111,138,157,27,129
1,<environment.Job instance at 0x7f6f0985a820>,138,16,[5 9],139,145,161,6,139
1,<environment.Job instance at 0x7f6f0904d640>,1,18,[7 2],2,2,20,0,2
1,<environment.Job instance at 0x7f6f09588dc0>,4,12,[11  4],5,20,32,15,5
1,<environment.Job instance at 0x7f6f0969ebe0>,8,18,[1 8],9,9,27,0,9
1,<environment.Job instance at 0x7f6f0a2c1b90>,14,13,[ 3 14],15,32,45,17,17
1,<environment.Job instance at 0x7f6f0a2c1730>,13,16,[5 7],14,45,61,31,32
1,<environment.Job instance at 0x7f6f0a2c1460>,17,18,[10  4],18,45,63,27,34
1,<environment.Job instance at 0x7f6f0a2c18c0>,16,15,[1 9],17,61,76,44,47
1,<environment.Job instance at 0x7f6f0a2c1500>,19,12,[ 1 14],20,76,88,56,59
1,<environment.Job instance at 0x7f6f0a2c1b40>,20,27,[11  1],21,63,90,42,61
1,<environment.Job instance at 0x7f6f0a2c1fa0>,15,23,[4 8],16,88,111,72,84
1,<environment.Job instance at 0x7f6f0a2c1190>,23,13,[6 5],24,90,103,66,84
1,<environment.Job instance at 0x7f6f0a2c1eb0>,24,16,[10  2],25,103,119,78,93
1,<environment.Job instance at 0x7f6f0a2c1d70>,25,16,[ 2 10],26,111,127,85,98
1,<environment.Job instance at 0x7f6f0a2c1140>,21,20,[5 3],22,119,139,97,111
1,<environment.Job instance at 0x7f6f0a582460>,26,21,[ 3 14],27,139,160,112,133
1,<environment.Job instance at 0x7f6f0a582b90>,31,13,[12  2],32,160,173,128,144
1,<environment.Job instance at 0x7f6f0a2c1820>,12,12,[10  3],13,173,185,160,156
1,<environment.Job instance at 0x7f6f0a582410>,33,17,[ 1 11],34,160,177,126,156
1,<environment.Job instance at 0x7f6f0a582cd0>,34,17,[1 7],35,177,194,142,169
1,<environment.Job instance at 0x7f6f0a582a50>,35,13,[8 2],36,185,198,149,169
1,<environment.Job instance at 0x7f6f09d9a5a0>,0,27,[4 6],1,1,28,0,1
1,<environment.Job instance at 0x7f6f09d9ae60>,1,24,[4 5],2,2,26,0,2
1,<environment.Job instance at 0x7f6f08edf050>,11,26,[1 5],12,26,52,14,23
1,<environment.Job instance at 0x7f6f094a58c0>,18,20,[8 5],19,28,48,9,23
1,<environment.Job instance at 0x7f6f094a50a0>,19,20,[7 1],20,48,68,28,39
1,<environment.Job instance at 0x7f6f094a55f0>,22,15,[4 8],23,48,63,25,39
1,<environment.Job instance at 0x7f6f094a52d0>,23,17,[5 6],24,63,80,39,51
1,<environment.Job instance at 0x7f6f094a5960>,30,18,[5 3],31,68,86,37,57
1,<environment.Job instance at 0x7f6f094a5f00>,31,17,[7 5],32,80,97,48,68
1,<environment.Job instance at 0x7f6f094a5820>,32,14,[9 2],33,97,111,64,82
1,<environment.Job instance at 0x7f6f094a5140>,33,20,[4 7],34,86,106,52,82
1,<environment.Job instance at 0x7f6f094a5cd0>,34,13,[7 2],35,111,124,76,95
1,<environment.Job instance at 0x7f6f094a5aa0>,35,21,[5 1],36,106,127,70,98
1,<environment.Job instance at 0x7f6f0906a460>,37,12,[6 4],38,124,136,86,107
1,<environment.Job instance at 0x7f6f12fd16e0>,2,15,[ 1 12],3,107,122,104,107
1,<environment.Job instance at 0x7f6f0906aa00>,43,16,[6 1],44,127,143,83,114
1,<environment.Job instance at 0x7f6f0906a7d0>,49,14,[3 7],50,122,136,72,114
1,<environment.Job instance at 0x7f6f0906ac30>,51,12,[4 7],52,136,148,84,119
1,<environment.Job instance at 0x7f6f0906aaa0>,54,15,[4 8],55,143,158,88,129
1,<environment.Job instance at 0x7f6f097510a0>,57,18,[5 6],58,148,166,90,138
1,<environment.Job instance at 0x7f6f09751500>,60,14,[4 7],61,158,172,97,143
1,<environment.Job instance at 0x7f6f097519b0>,62,12,[6 5],63,166,178,103,149
1,<environment.Job instance at 0x7f6f09751c80>,66,17,[4 6],67,172,189,105,160
1,<environment.Job instance at 0x7f6f09751960>,68,13,[5 1],69,160,173,91,160
1,<environment.Job instance at 0x7f6f0955b910>,0,28,[ 2 12],1,1,29,0,1
1,<environment.Job instance at 0x7f6f0955bd20>,3,17,[10  2],4,4,21,0,4
1,<environment.Job instance at 0x7f6f0955baa0>,4,18,[6 5],5,29,47,24,18
1,<environment.Job instance at 0x7f6f0a81c820>,8,13,[1 6],9,29,42,20,18
1,<environment.Job instance at 0x7f6f0955b0a0>,5,16,[6 1],6,21,37,15,18
1,<environment.Job instance at 0x7f6f0955b320>,1,14,[6 5],2,42,56,40,29
1,<environment.Job instance at 0x7f6f0a81c1e0>,11,20,[ 4 10],12,47,67,35,38
1,<environment.Job instance at 0x7f6f0a81ca50>,16,16,[ 3 10],17,67,83,50,54
1,<environment.Job instance at 0x7f6f0a81c190>,17,18,[7 2],18,56,74,38,54
1,<environment.Job instance at 0x7f6f0a81c280>,18,13,[1 8],19,83,96,64,67
1,<environment.Job instance at 0x7f6f0a81c3c0>,21,16,[10  1],22,74,90,52,67
1,<environment.Job instance at 0x7f6f0a81cb40>,22,17,[4 8],23,96,113,73,84
1,<environment.Job instance at 0x7f6f0a81ca00>,24,15,[3 5],25,84,99,59,84
1,<environment.Job instance at 0x7f6f0a81caf0>,25,14,[9 1],26,99,113,73,84
1,<environment.Job instance at 0x7f6f0a81cd20>,26,14,[4 7],27,113,127,86,98
1,<environment.Job instance at 0x7f6f0a20c5f0>,31,22,[6 3],32,113,135,81,106
1,<environment.Job instance at 0x7f6f0a20c0a0>,33,18,[4 5],34,113,131,79,106
1,<environment.Job instance at 0x7f6f0a20c690>,37,15,[10  5],38,135,150,97,121
1,<environment.Job instance at 0x7f6f0955bd70>,6,14,[10  5],7,150,164,143,136
1,<environment.Job instance at 0x7f6f0a20c460>,42,19,[14  3],43,164,183,121,154
1,<environment.Job instance at 0x7f6f0a20caa0>,2,14,[5 5],3,3,17,0,3
1,<environment.Job instance at 0x7f6f09bcc5f0>,5,17,[7 4],6,6,23,0,6
1,<environment.Job instance at 0x7f6f09bcc9b0>,10,13,[6 4],11,17,30,6,11
1,<environment.Job instance at 0x7f6f09bcc4b0>,12,22,[1 8],13,23,45,10,16
1,<environment.Job instance at 0x7f6f09bc1640>,17,14,[2 7],18,30,44,12,19
1,<environment.Job instance at 0x7f6f09bc1730>,20,19,[3 5],21,44,63,23,34
1,<environment.Job instance at 0x7f6f09bc1c30>,22,17,[4 5],23,45,62,22,34
1,<environment.Job instance at 0x7f6f09bc10a0>,26,14,[2 6],27,62,76,35,47
1,<environment.Job instance at 0x7f6f09bcc1e0>,3,22,[11  3],4,63,85,59,56
1,<environment.Job instance at 0x7f6f09c28230>,34,15,[5 2],35,85,100,50,71
1,<environment.Job instance at 0x7f6f09c28190>,35,12,[ 3 11],36,76,88,40,71
1,<environment.Job instance at 0x7f6f09c28c30>,36,13,[1 5],37,88,101,51,72
1,<environment.Job instance at 0x7f6f09bc1a00>,13,24,[7 5],14,90,114,76,90
1,<environment.Job instance at 0x7f6f09c28fa0>,38,25,[6 2],39,100,125,61,96
1,<environment.Job instance at 0x7f6f09c28f50>,39,28,[8 1],40,117,145,77,117
1,<environment.Job instance at 0x7f6f09c28550>,40,25,[3 8],41,125,150,84,121
1,<environment.Job instance at 0x7f6f09c28730>,41,21,[14  1],42,150,171,108,142
1,<environment.Job instance at 0x7f6f09c288c0>,42,26,[ 3 13],43,171,197,128,168
1,<environment.Job instance at 0x7f6f094a1460>,0,14,[3 9],1,1,15,0,1
1,<environment.Job instance at 0x7f6f09ca5be0>,5,17,[10  1],6,6,23,0,6
1,<environment.Job instance at 0x7f6f09d3a7d0>,9,28,[1 5],10,10,38,0,10
1,<environment.Job instance at 0x7f6f09ca5550>,6,17,[8 1],7,23,40,16,11
1,<environment.Job instance at 0x7f6f09d3acd0>,15,17,[4 6],16,16,33,0,16
1,<environment.Job instance at 0x7f6f09d3ae10>,13,20,[5 3],14,33,53,19,24
1,<environment.Job instance at 0x7f6f099b20f0>,16,27,[ 1 10],17,38,65,21,38
1,<environment.Job instance at 0x7f6f09d3a730>,14,28,[7 1],15,40,68,25,40
1,<environment.Job instance at 0x7f6f099b2320>,22,13,[ 5 13],23,65,78,42,49
1,<environment.Job instance at 0x7f6f099b2730>,21,25,[3 5],22,78,103,56,74
1,<environment.Job instance at 0x7f6f099b26e0>,24,14,[5 2],25,74,88,49,74
1,<environment.Job instance at 0x7f6f099b2eb0>,20,21,[3 8],21,78,99,57,74
1,<environment.Job instance at 0x7f6f099b2820>,26,18,[8 1],27,88,106,61,82
1,<environment.Job instance at 0x7f6f099b2a00>,29,12,[6 3],30,103,115,73,86
1,<environment.Job instance at 0x7f6f099b2aa0>,25,13,[ 1 14],26,115,128,89,99
1,<environment.Job instance at 0x7f6f099b2410>,31,15,[9 1],32,106,121,74,101
1,<environment.Job instance at 0x7f6f099b2190>,32,19,[4 5],33,128,147,95,119
1,<environment.Job instance at 0x7f6f099b2550>,30,21,[6 5],31,128,149,97,128
1,<environment.Job instance at 0x7f6f099b2280>,33,16,[13  1],34,149,165,115,136
1,<environment.Job instance at 0x7f6f12d9b050>,38,17,[6 4],39,165,182,126,153
1,<environment.Job instance at 0x7f6f12d9bf50>,39,26,[8 5],40,165,191,125,162
1,<environment.Job instance at 0x7f6f08e9ea00>,1,15,[2 5],2,2,17,0,2
1,<environment.Job instance at 0x7f6f09a075a0>,4,12,[8 1],5,5,17,0,5
1,<environment.Job instance at 0x7f6f09a074b0>,7,16,[13  5],8,17,33,9,9
1,<environment.Job instance at 0x7f6f09a26730>,9,19,[ 2 10],10,17,36,7,10
1,<environment.Job instance at 0x7f6f0a776640>,8,12,[6 5],9,33,45,24,16
1,<environment.Job instance at 0x7f6f09a26aa0>,15,20,[7 4],16,36,56,20,27
1,<environment.Job instance at 0x7f6f09a26e60>,17,16,[2 9],18,45,61,27,32
1,<environment.Job instance at 0x7f6f09a260f0>,19,15,[9 3],20,56,71,36,42
1,<environment.Job instance at 0x7f6f09a26050>,20,15,[4 8],21,61,76,40,47
1,<environment.Job instance at 0x7f6f0a553f50>,26,19,[2 5],27,71,90,44,61
1,<environment.Job instance at 0x7f6f08e9b6e0>,29,13,[5 6],30,76,89,46,61
1,<environment.Job instance at 0x7f6f0a502050>,32,12,[5 6],33,89,101,56,72
1,<environment.Job instance at 0x7f6f0a5b6050>,35,14,[1 8],36,90,104,54,75
1,<environment.Job instance at 0x7f6f0a508780>,39,20,[6 5],40,101,121,61,92
1,<environment.Job instance at 0x7f6f0a6490f0>,40,14,[6 2],41,101,115,60,92
1,<environment.Job instance at 0x7f6f0a643230>,47,12,[2 5],48,104,116,56,92
1,<environment.Job instance at 0x7f6f08e9db90>,62,17,[10  3],63,121,138,58,109
1,<environment.Job instance at 0x7f6f08e9daf0>,66,15,[2 9],67,116,131,49,109
1,<environment.Job instance at 0x7f6f08e9d8c0>,70,19,[6 2],71,138,157,67,128
1,<environment.Job instance at 0x7f6f092070a0>,74,12,[3 8],75,131,143,56,128
1,<environment.Job instance at 0x7f6f08e8b230>,75,16,[8 2],76,143,159,67,130
1,<environment.Job instance at 0x7f6f08e8bf00>,76,20,[1 5],77,138,158,61,130
1,<environment.Job instance at 0x7f6f08e8bd20>,80,18,[4 6],81,157,175,76,146
1,<environment.Job instance at 0x7f6f099ef5a0>,90,17,[5 8],91,159,176,68,147
1,<environment.Job instance at 0x7f6f0954caa0>,98,18,[7 3],99,175,193,76,164
1,<environment.Job instance at 0x7f6f0a3de3c0>,99,16,[3 6],100,176,192,76,164
1,<environment.Job instance at 0x7f6f0a053c30>,103,13,[5 2],104,176,189,72,164
1,<environment.Job instance at 0x7f6f09960d20>,1,17,[4 8],2,2,19,0,2
1,<environment.Job instance at 0x7f6f08f99e60>,6,15,[7 5],7,7,22,0,7
1,<environment.Job instance at 0x7f6f08f99960>,4,13,[14  4],5,22,35,17,9
1,<environment.Job instance at 0x7f6f08f99730>,13,17,[5 9],14,35,52,21,23
1,<environment.Job instance at 0x7f6f08f99be0>,16,15,[6 5],17,35,50,18,23
1,<environment.Job instance at 0x7f6f0963ca00>,26,16,[1 8],27,52,68,25,39
1,<environment.Job instance at 0x7f6f0963c910>,32,14,[7 5],33,50,64,17,39
1,<environment.Job instance at 0x7f6f09393dc0>,39,13,[7 2],40,52,65,12,40
1,<environment.Job instance at 0x7f6f09393be0>,40,17,[5 3],41,64,81,23,52
1,<environment.Job instance at 0x7f6f09393fa0>,42,13,[2 9],43,68,81,25,54
1,<environment.Job instance at 0x7f6f08f99b40>,11,14,[ 4 13],12,81,95,69,68
1,<environment.Job instance at 0x7f6f09509870>,46,16,[3 6],47,95,111,48,82
1,<environment.Job instance at 0x7f6f095092d0>,49,18,[8 5],50,95,113,45,84
1,<environment.Job instance at 0x7f6f09509910>,56,15,[5 5],57,111,126,54,97
1,<environment.Job instance at 0x7f6f09509e60>,58,18,[8 4],59,113,131,54,102
1,<environment.Job instance at 0x7f6f09509fa0>,61,14,[6 5],62,126,140,64,111
1,<environment.Job instance at 0x7f6f095095f0>,62,13,[9 3],63,131,144,68,115
1,<environment.Job instance at 0x7f6f09509640>,63,15,[7 4],64,144,159,80,130
1,<environment.Job instance at 0x7f6f0941eaf0>,66,12,[5 8],67,140,152,73,130
1,<environment.Job instance at 0x7f6f0941ec30>,80,16,[9 5],81,159,175,78,146
1,<environment.Job instance at 0x7f6f0941ecd0>,82,17,[8 3],83,175,192,92,163
1,<environment.Job instance at 0x7f6f09acc5a0>,84,15,[3 9],85,163,178,78,163
1,<environment.Job instance at 0x7f6f09acc140>,86,18,[6 1],87,178,196,91,167
1,<environment.Job instance at 0x7f6f0a2e2410>,0,13,[2 8],1,1,14,0,1
1,<environment.Job instance at 0x7f6f0907d820>,3,23,[3 6],4,4,27,0,4
1,<environment.Job instance at 0x7f6f0907d730>,4,14,[3 8],5,14,28,9,5
1,<environment.Job instance at 0x7f6f0907dbe0>,9,15,[5 5],10,27,42,17,13
1,<environment.Job instance at 0x7f6f0907ddc0>,11,12,[4 5],12,28,40,16,13
1,<environment.Job instance at 0x7f6f0907d9b0>,5,13,[6 5],6,28,41,22,17
1,<environment.Job instance at 0x7f6f0907de60>,12,13,[ 5 12],13,42,55,29,26
1,<environment.Job instance at 0x7f6f0907dfa0>,14,14,[ 1 10],15,55,69,40,40
1,<environment.Job instance at 0x7f6f0907deb0>,15,19,[12  3],16,55,74,39,45
1,<environment.Job instance at 0x7f6f0907d910>,10,28,[5 9],11,74,102,63,73
1,<environment.Job instance at 0x7f6f0907de10>,13,14,[9 5],14,74,88,60,73
1,<environment.Job instance at 0x7f6f0907db40>,8,15,[2 8],9,102,117,93,88
1,<environment.Job instance at 0x7f6f0907c0f0>,18,24,[11  3],19,102,126,83,97
1,<environment.Job instance at 0x7f6f0907c460>,21,12,[5 4],22,126,138,104,109
1,<environment.Job instance at 0x7f6f0907c4b0>,22,13,[1 5],23,117,130,94,109
1,<environment.Job instance at 0x7f6f0907c1e0>,23,16,[3 8],24,130,146,106,117
1,<environment.Job instance at 0x7f6f0907c730>,24,15,[7 3],25,126,141,101,117
1,<environment.Job instance at 0x7f6f0907c690>,25,18,[ 4 11],26,146,164,120,135
1,<environment.Job instance at 0x7f6f0907c8c0>,26,27,[5 6],27,164,191,137,162
1,<environment.Job instance at 0x7f6f0907c960>,27,15,[6 1],28,162,177,134,162
1,<environment.Job instance at 0x7fe7ca0a2320>,1,15,[5 2],2,2,17,0,2
1,<environment.Job instance at 0x7fe7c092a640>,5,18,[7 5],6,6,24,0,6
1,<environment.Job instance at 0x7fe7c092a820>,7,12,[7 2],8,17,29,9,8
1,<environment.Job instance at 0x7fe7c092a9b0>,9,17,[8 1],10,24,41,14,12
1,<environment.Job instance at 0x7fe7c092a960>,12,22,[4 6],13,29,51,16,23
1,<environment.Job instance at 0x7fe7c092ad20>,18,18,[3 6],19,29,47,10,23
1,<environment.Job instance at 0x7fe7c092b190>,20,18,[7 5],21,47,65,26,36
1,<environment.Job instance at 0x7fe7c092b4b0>,23,18,[7 4],24,51,69,27,40
1,<environment.Job instance at 0x7fe7c092b5f0>,26,20,[4 8],27,65,85,38,56
1,<environment.Job instance at 0x7fe7c092b730>,28,20,[5 8],29,85,105,56,76
1,<environment.Job instance at 0x7fe7c092b870>,30,15,[8 2],31,76,91,45,76
1,<environment.Job instance at 0x7fe7c092b910>,31,13,[4 5],32,91,104,59,76
1,<environment.Job instance at 0x7fe7c092ba50>,33,16,[9 3],34,104,120,70,91
1,<environment.Job instance at 0x7fe7c092baf0>,34,20,[5 3],35,105,125,70,96
1,<environment.Job instance at 0x7fe7c092b0a0>,37,22,[2 5],38,120,142,82,113
1,<environment.Job instance at 0x7fe7c092be60>,39,13,[5 4],40,120,133,80,113
1,<environment.Job instance at 0x7fe7c092b500>,40,19,[ 3 10],41,133,152,92,123
1,<environment.Job instance at 0x7fe7c0930050>,43,14,[6 1],44,142,156,98,127
1,<environment.Job instance at 0x7fe7c09300a0>,44,14,[8 4],45,152,166,107,137
1,<environment.Job instance at 0x7fe7c0930320>,47,16,[6 2],48,156,172,108,143
1,<environment.Job instance at 0x7fe7c0930460>,49,23,[2 6],50,166,189,116,160
1,<environment.Job instance at 0x7fe7ca0a2230>,0,24,[2 8],1,172,196,171,167
1,<environment.Job instance at 0x7fe7c0e802d0>,1,13,[ 4 10],2,2,15,0,2
1,<environment.Job instance at 0x7fe7ca0a2190>,2,14,[4 7],3,15,29,12,3
1,<environment.Job instance at 0x7fe7c0e807d0>,5,19,[5 1],6,6,25,0,6
1,<environment.Job instance at 0x7fe7c0e80b90>,9,26,[3 6],10,17,43,7,17
1,<environment.Job instance at 0x7fe7c0e80cd0>,6,24,[8 2],7,25,49,18,20
1,<environment.Job instance at 0x7fe7c0e80780>,11,12,[ 5 11],12,43,55,31,26
1,<environment.Job instance at 0x7fe7c0de3280>,12,15,[ 3 11],13,55,70,42,41
1,<environment.Job instance at 0x7fe7c0de32d0>,13,24,[ 1 10],14,70,94,56,65
1,<environment.Job instance at 0x7fe7c0de3cd0>,15,25,[8 2],16,65,90,49,65
1,<environment.Job instance at 0x7fe7c0de3780>,16,14,[14  4],17,90,104,73,75
1,<environment.Job instance at 0x7fe7c0de3910>,17,25,[5 4],18,104,129,86,100
1,<environment.Job instance at 0x7fe7c0de3960>,18,17,[10  5],19,104,121,85,100
1,<environment.Job instance at 0x7fe7c0e644b0>,19,16,[ 3 12],20,129,145,109,116
1,<environment.Job instance at 0x7fe7c0e80c30>,10,12,[11  1],11,133,145,122,133
1,<environment.Job instance at 0x7fe7ca0a2230>,7,22,[1 7],8,145,167,137,138
1,<environment.Job instance at 0x7fe7c0e64140>,21,21,[ 4 11],22,167,188,145,159
1,<environment.Job instance at 0x7fe7c0e64870>,29,17,[ 5 11],30,188,205,158,176
1,<environment.Job instance at 0x7fe7c00b0640>,0,17,[5 4],1,1,18,0,1
1,<environment.Job instance at 0x7fe7c00b05f0>,3,14,[4 9],4,4,18,0,4
1,<environment.Job instance at 0x7fe7c00b0730>,4,12,[8 2],5,18,30,13,5
1,<environment.Job instance at 0x7fe7c00b0410>,7,13,[7 5],8,18,31,10,8
1,<environment.Job instance at 0x7fe7c00aebe0>,8,13,[1 7],9,30,43,21,14
1,<environment.Job instance at 0x7fe7c00ae730>,12,15,[10  5],13,31,46,18,20
1,<environment.Job instance at 0x7fe7c00ae230>,10,12,[ 1 14],11,46,58,35,29
1,<environment.Job instance at 0x7fe7c00ae8c0>,9,20,[11  1],10,46,66,36,38
1,<environment.Job instance at 0x7fe7c00ae640>,14,19,[3 9],15,58,77,43,48
1,<environment.Job instance at 0x7fe7c00b0550>,6,18,[8 1],7,66,84,59,55
1,<environment.Job instance at 0x7fe7c00aef50>,18,15,[4 9],19,77,92,58,64
1,<environment.Job instance at 0x7fe7c00ae5f0>,20,14,[3 6],21,84,98,63,69
1,<environment.Job instance at 0x7fe7c00a8870>,31,16,[4 8],32,92,108,60,79
1,<environment.Job instance at 0x7fe7c00a8d70>,34,22,[7 4],35,98,120,63,91
1,<environment.Job instance at 0x7fe7c00a8f50>,36,12,[5 4],37,108,120,71,91
1,<environment.Job instance at 0x7fe7c026f550>,40,17,[2 6],41,108,125,67,96
1,<environment.Job instance at 0x7fe7c026faa0>,45,14,[9 5],46,120,134,74,105
1,<environment.Job instance at 0x7fe7c026f910>,48,17,[2 8],49,125,142,76,113
1,<environment.Job instance at 0x7fe7c01496e0>,64,20,[2 8],65,142,162,77,133
1,<environment.Job instance at 0x7fe7c0149640>,67,21,[5 9],68,162,183,94,154
1,<environment.Job instance at 0x7fe7c015dd20>,74,15,[6 4],75,154,169,79,154
1,<environment.Job instance at 0x7fe7c015d640>,79,16,[2 6],80,169,185,89,156
1,<environment.Job instance at 0x7fe7c015db40>,84,22,[5 3],85,183,205,98,176
1,<environment.Job instance at 0x7fe7c015d730>,88,17,[9 1],89,185,202,96,176
1,<environment.Job instance at 0x7fe7c02305a0>,91,16,[1 8],92,185,201,93,177
1,<environment.Job instance at 0x7fe7c1445f00>,0,15,[ 5 14],1,1,16,0,1
1,<environment.Job instance at 0x7fe7c0932870>,9,15,[2 6],10,16,31,6,10
1,<environment.Job instance at 0x7fe7c02c2460>,5,15,[7 2],6,17,32,11,17
1,<environment.Job instance at 0x7fe7c0f4a730>,15,17,[ 5 10],16,31,48,15,19
1,<environment.Job instance at 0x7fe7c0f4abe0>,19,13,[6 2],20,32,45,12,20
1,<environment.Job instance at 0x7fe7c0f4adc0>,20,20,[6 5],21,45,65,24,36
1,<environment.Job instance at 0x7fe7c0ef6be0>,27,14,[7 5],28,48,62,20,36
1,<environment.Job instance at 0x7fe7c0ef6b40>,32,14,[9 5],33,62,76,29,47
1,<environment.Job instance at 0x7fe7c9ab0b90>,40,12,[8 2],41,76,88,35,59
1,<environment.Job instance at 0x7fe7c9ab00a0>,44,16,[5 5],45,65,81,20,59
1,<environment.Job instance at 0x7fe7c9ab0140>,47,19,[5 7],48,81,100,33,71
1,<environment.Job instance at 0x7fe7c9ab0cd0>,48,18,[1 5],49,71,89,22,71
1,<environment.Job instance at 0x7fe7c9ab0730>,50,22,[7 1],51,88,110,37,85
1,<environment.Job instance at 0x7fe7c9ab0870>,51,17,[7 4],52,100,117,48,88
1,<environment.Job instance at 0x7fe7c9ab0500>,53,12,[4 8],54,110,122,56,93
1,<environment.Job instance at 0x7fe7c9ab0460>,54,12,[8 2],55,117,129,62,100
1,<environment.Job instance at 0x7fe7c9af2dc0>,59,12,[5 5],60,122,134,62,105
1,<environment.Job instance at 0x7fe7c9af26e0>,61,17,[2 7],62,122,139,60,110
1,<environment.Job instance at 0x7fe7c9af2be0>,62,14,[4 9],63,139,153,76,124
1,<environment.Job instance at 0x7fe7c9af2d70>,65,12,[4 8],66,153,165,87,136
1,<environment.Job instance at 0x7fe7c9af2b40>,75,16,[5 5],76,136,152,60,136
1,<environment.Job instance at 0x7fe7c9af2500>,77,17,[4 5],78,152,169,74,140
1,<environment.Job instance at 0x7fe7c9af29b0>,78,13,[8 5],79,165,178,86,149
1,<environment.Job instance at 0x7fe7c9af2b90>,79,13,[3 9],80,169,182,89,153
1,<environment.Job instance at 0x7fe7c9b2a230>,81,16,[6 5],82,178,194,96,165
1,<environment.Job instance at 0x7fe7c9b2a050>,85,12,[1 9],86,182,194,96,165
1,<environment.Job instance at 0x7fe7c0fd90a0>,1,18,[5 7],2,2,20,0,2
1,<environment.Job instance at 0x7fe7c0fd9a50>,2,15,[6 2],3,3,18,0,3
1,<environment.Job instance at 0x7fe7c0fd99b0>,7,15,[14  2],8,20,35,12,10
1,<environment.Job instance at 0x7fe7c0fd9a00>,9,22,[1 7],10,18,40,8,18
1,<environment.Job instance at 0x7fe7c142b5a0>,20,14,[1 7],21,35,49,14,21
1,<environment.Job instance at 0x7fe7c1435690>,22,14,[6 2],23,40,54,17,25
1,<environment.Job instance at 0x7fe7c1435370>,25,14,[1 6],26,40,54,14,26
1,<environment.Job instance at 0x7fe7c1435050>,26,15,[5 7],27,49,64,22,35
1,<environment.Job instance at 0x7fe7c1435190>,30,18,[5 2],31,54,72,23,43
1,<environment.Job instance at 0x7fe7c0fe4a50>,10,19,[5 6],11,54,73,43,44
1,<environment.Job instance at 0x7fe7c0f76640>,32,14,[8 3],33,72,86,39,57
1,<environment.Job instance at 0x7fe7c0fe4280>,11,14,[ 2 11],12,73,87,61,58
1,<environment.Job instance at 0x7fe7c1435140>,31,20,[3 7],32,87,107,55,78
1,<environment.Job instance at 0x7fe7c0f76d70>,35,21,[2 8],36,87,108,51,79
1,<environment.Job instance at 0x7fe7c13afe60>,43,20,[8 2],44,107,127,63,98
1,<environment.Job instance at 0x7fe7c0f6fd20>,44,15,[5 8],45,108,123,63,98
1,<environment.Job instance at 0x7fe7c0dbfeb0>,45,15,[4 9],46,123,138,77,109
1,<environment.Job instance at 0x7fe7c0da62d0>,47,12,[9 1],48,127,139,79,111
1,<environment.Job instance at 0x7fe7c0da6b90>,50,13,[3 5],51,138,151,87,122
1,<environment.Job instance at 0x7fe7c0fd9730>,0,16,[11  4],1,139,155,138,126
1,<environment.Job instance at 0x7fe7c0fb4eb0>,68,14,[14  2],69,155,169,86,144
1,<environment.Job instance at 0x7fe7c0fb4460>,67,18,[9 1],68,169,187,101,159
1,<environment.Job instance at 0x7fe7c0fb4910>,72,19,[5 3],73,169,188,96,159
1,<environment.Job instance at 0x7fe7c0fb4410>,74,21,[6 4],75,187,208,112,179
1,<environment.Job instance at 0x7fe7c074ac80>,77,14,[8 2],78,188,202,110,179
1,<environment.Job instance at 0x7fe7c02a0320>,1,16,[6 3],2,2,18,0,2
1,<environment.Job instance at 0x7fe7c02db2d0>,10,18,[10  5],11,18,36,7,11
1,<environment.Job instance at 0x7fe7c02db410>,14,18,[10  1],15,36,54,21,25
1,<environment.Job instance at 0x7fe7c02dbe60>,16,15,[9 4],17,54,69,37,40
1,<environment.Job instance at 0x7fe7c02db0a0>,17,21,[4 6],18,40,61,22,40
1,<environment.Job instance at 0x7fe7c02dbdc0>,18,14,[5 7],19,61,75,42,46
1,<environment.Job instance at 0x7fe7c02db7d0>,26,20,[5 7],27,69,89,42,60
1,<environment.Job instance at 0x7fe7c075a190>,27,16,[4 8],28,75,91,47,62
1,<environment.Job instance at 0x7fe7c075aeb0>,34,16,[10  5],35,89,105,54,76
1,<environment.Job instance at 0x7fe7c075a4b0>,36,16,[1 7],37,91,107,54,78
1,<environment.Job instance at 0x7fe7c075a320>,42,16,[9 4],43,105,121,62,92
1,<environment.Job instance at 0x7fe7c100fbe0>,13,19,[ 4 10],14,107,126,93,97
1,<environment.Job instance at 0x7fe7c086f230>,85,18,[9 5],86,121,139,35,110
1,<environment.Job instance at 0x7fe7c086f1e0>,90,17,[2 6],91,126,143,35,114
1,<environment.Job instance at 0x7fe7c086f640>,102,18,[10  2],103,139,157,36,128
1,<environment.Job instance at 0x7fe7c076d870>,107,17,[2 6],108,139,156,31,128
1,<environment.Job instance at 0x7fe7c076d3c0>,112,15,[4 5],113,156,171,43,142
1,<environment.Job instance at 0x7fe7c076dbe0>,114,17,[3 5],115,157,174,42,145
1,<environment.Job instance at 0x7fe7c08922d0>,120,15,[7 4],121,157,172,36,145
1,<environment.Job instance at 0x7fe7c0892b40>,126,15,[5 5],127,171,186,44,157
1,<environment.Job instance at 0x7fe7c08bbb90>,55,19,[7 3],56,172,191,116,162
1,<environment.Job instance at 0x7fe7c035d190>,1,15,[2 7],2,2,17,0,2
1,<environment.Job instance at 0x7fe7bfe8f2d0>,3,13,[1 7],4,4,17,0,4
1,<environment.Job instance at 0x7fe7bfe8f4b0>,4,13,[3 5],5,17,30,12,5
1,<environment.Job instance at 0x7fe7bfe8f5a0>,5,16,[3 9],6,17,33,11,6
1,<environment.Job instance at 0x7fe7bfe8f7d0>,9,12,[7 4],10,30,42,20,13
1,<environment.Job instance at 0x7fe7bfe8fb90>,19,12,[8 1],20,33,45,13,20
1,<environment.Job instance at 0x7fe7bfe8fe10>,18,17,[8 4],19,45,62,26,33
1,<environment.Job instance at 0x7fe7bfe8ff50>,21,22,[5 5],22,42,64,20,35
1,<environment.Job instance at 0x7fe7bfe921e0>,23,14,[4 9],24,62,76,38,47
1,<environment.Job instance at 0x7fe7bfe8f870>,11,14,[8 1],12,64,78,52,54
1,<environment.Job instance at 0x7fe7bfe92460>,27,20,[3 6],28,76,96,48,67
1,<environment.Job instance at 0x7fe7bfe925a0>,29,15,[5 5],30,78,93,48,67
1,<environment.Job instance at 0x7fe7bfe926e0>,31,12,[ 1 10],32,96,108,64,79
1,<environment.Job instance at 0x7fe7bfe92780>,32,21,[6 4],33,79,100,46,79
1,<environment.Job instance at 0x7fe7bfe92b40>,36,16,[5 6],37,108,124,71,95
1,<environment.Job instance at 0x7fe7bfe8f960>,13,21,[9 1],14,100,121,86,96
1,<environment.Job instance at 0x7fe7bfe92cd0>,39,13,[5 5],40,121,134,81,105
1,<environment.Job instance at 0x7fe7bfe92c30>,38,22,[5 8],39,124,146,85,120
1,<environment.Job instance at 0x7fe7bfe92f50>,43,14,[4 5],44,134,148,90,120
1,<environment.Job instance at 0x7fe7bfe92d70>,40,14,[14  4],41,148,162,107,133
1,<environment.Job instance at 0x7fe7bfe93190>,46,13,[4 5],47,162,175,115,146
1,<environment.Job instance at 0x7fe7bfe92050>,45,14,[1 7],46,146,160,100,146
1,<environment.Job instance at 0x7fe7bfe8ff00>,20,14,[10  2],21,162,176,141,149
1,<environment.Job instance at 0x7fe7bfe930a0>,47,23,[2 6],48,175,198,127,169
1,<environment.Job instance at 0x7fe7bfe934b0>,52,13,[11  4],53,176,189,123,169
1,<environment.Job instance at 0x7fe7bfe93870>,57,16,[7 4],58,189,205,131,176
1,<environment.Job instance at 0x7fe7bfe93e60>,2,14,[10  1],3,3,17,0,3
1,<environment.Job instance at 0x7fe7bff91230>,0,28,[ 5 11],1,3,31,2,3
1,<environment.Job instance at 0x7fe7c0a52910>,5,12,[ 5 10],6,31,43,25,14
1,<environment.Job instance at 0x7fe7c0a52320>,18,17,[8 4],19,19,36,0,19
1,<environment.Job instance at 0x7fe7c0583370>,19,16,[7 2],20,36,52,16,23
1,<environment.Job instance at 0x7fe7c0583af0>,22,14,[8 5],23,43,57,20,28
1,<environment.Job instance at 0x7fe7c0583fa0>,24,19,[6 4],25,52,71,27,42
1,<environment.Job instance at 0x7fe7c05834b0>,25,16,[1 6],26,52,68,26,42
1,<environment.Job instance at 0x7fe7c0583280>,26,14,[1 8],27,68,82,41,53
1,<environment.Job instance at 0x7fe7c0583320>,27,22,[7 2],28,57,79,29,53
1,<environment.Job instance at 0x7fe7c0583500>,33,16,[3 7],34,79,95,45,66
1,<environment.Job instance at 0x7fe7c0583640>,38,14,[1 7],39,82,96,43,67
1,<environment.Job instance at 0x7fe7c1467f50>,40,13,[5 5],41,95,108,54,79
1,<environment.Job instance at 0x7fe7c14673c0>,42,19,[2 6],43,96,115,53,86
1,<environment.Job instance at 0x7fe7c1065dc0>,46,18,[2 5],47,108,126,61,97
1,<environment.Job instance at 0x7fe7c0a52370>,6,24,[7 1],7,98,122,91,98
1,<environment.Job instance at 0x7fe7c1065eb0>,52,12,[13  4],53,122,134,69,105
1,<environment.Job instance at 0x7fe7c1065730>,51,18,[3 9],52,134,152,82,123
1,<environment.Job instance at 0x7fe7c1065410>,57,17,[5 7],58,152,169,94,140
1,<environment.Job instance at 0x7fe7c10651e0>,58,17,[6 2],59,140,157,81,140
1,<environment.Job instance at 0x7fe7c10659b0>,61,15,[8 2],62,157,172,95,143
1,<environment.Job instance at 0x7fe7c10653c0>,65,16,[10  3],66,172,188,106,159
1,<environment.Job instance at 0x7fe7bfff3e10>,69,17,[9 4],70,188,205,118,176
1,<environment.Job instance at 0x7fe7bfff3370>,72,20,[5 3],73,176,196,103,176
1,<environment.Job instance at 0x7fe7c08a1550>,0,14,[14  5],1,2,16,1,2
1,<environment.Job instance at 0x7fe7bfbf25a0>,4,14,[4 7],5,16,30,11,5
1,<environment.Job instance at 0x7fe7bfbf2c80>,11,19,[2 5],12,16,35,4,12
1,<environment.Job instance at 0x7fe7c0390cd0>,15,15,[1 7],16,30,45,14,18
1,<environment.Job instance at 0x7fe7bfcbb2d0>,18,21,[1 6],19,35,56,16,27
1,<environment.Job instance at 0x7fe7bfcbbfa0>,19,15,[7 1],20,27,42,7,27
1,<environment.Job instance at 0x7fe7bfcbb640>,24,16,[4 9],25,45,61,20,32
1,<environment.Job instance at 0x7fe7bfcbbaa0>,26,14,[5 4],27,56,70,29,41
1,<environment.Job instance at 0x7fe7bfcbb4b0>,27,15,[6 4],28,61,76,33,47
1,<environment.Job instance at 0x7fe7bfcbbb40>,28,20,[7 5],29,70,90,41,61
1,<environment.Job instance at 0x7fe7bfbd7690>,31,12,[8 1],32,76,88,44,61
1,<environment.Job instance at 0x7fe7bfb87050>,34,17,[1 6],35,88,105,53,76
1,<environment.Job instance at 0x7fe7bfb482d0>,37,21,[4 5],38,90,111,52,82
1,<environment.Job instance at 0x7fe7bfb487d0>,43,12,[5 8],44,105,117,61,88
1,<environment.Job instance at 0x7fe7bfbc6b90>,45,15,[4 8],46,117,132,71,103
1,<environment.Job instance at 0x7fe7bfbc6dc0>,46,15,[1 6],47,111,126,64,103
1,<environment.Job instance at 0x7fe7bfbc6960>,51,20,[9 5],52,126,146,74,118
1,<environment.Job instance at 0x7fe7c0aaf500>,63,14,[10  5],64,146,160,82,131
1,<environment.Job instance at 0x7fe7c1524050>,64,16,[10  2],65,160,176,95,147
1,<environment.Job instance at 0x7fe7c040dfa0>,65,12,[3 5],66,147,159,81,147
1,<environment.Job instance at 0x7fe7c129a230>,71,15,[1 7],72,159,174,87,147
1,<environment.Job instance at 0x7fe7c0c51b90>,72,14,[10  2],73,176,190,103,161
1,<environment.Job instance at 0x7fe7c0c51820>,74,14,[4 8],75,174,188,99,161
1,<environment.Job instance at 0x7fe7c14bb230>,80,13,[9 3],81,190,203,109,174
1,<environment.Job instance at 0x7fe7bfee4190>,1,17,[9 4],2,2,19,0,2
1,<environment.Job instance at 0x7fe7c0a71280>,6,17,[4 8],7,7,24,0,7
1,<environment.Job instance at 0x7fe7c0a71cd0>,7,14,[5 6],8,19,33,11,8
1,<environment.Job instance at 0x7fe7c0a87640>,8,16,[8 4],9,24,40,15,11
1,<environment.Job instance at 0x7fe7c9af4c80>,14,13,[10  1],15,40,53,25,24
1,<environment.Job instance at 0x7fe7bfbe4e60>,17,13,[7 1],18,53,66,35,37
1,<environment.Job instance at 0x7fe7bfbe45f0>,20,12,[3 8],21,37,49,16,37
1,<environment.Job instance at 0x7fe7c1318e60>,22,15,[5 6],23,49,64,26,37
1,<environment.Job instance at 0x7fe7c0f2b0a0>,25,17,[5 8],26,64,81,38,52
1,<environment.Job instance at 0x7fe7c12bc690>,27,12,[8 5],28,66,78,38,52
1,<environment.Job instance at 0x7fe7c1543190>,28,18,[3 6],29,78,96,49,67
1,<environment.Job instance at 0x7fe7c08ae820>,30,21,[5 3],31,81,102,50,73
1,<environment.Job instance at 0x7fe7c08cb780>,35,17,[8 3],36,96,113,60,84
1,<environment.Job instance at 0x7fe7c0819a00>,37,12,[7 2],38,84,96,46,84
1,<environment.Job instance at 0x7fe7c06aeaa0>,39,16,[3 5],40,102,118,62,89
1,<environment.Job instance at 0x7fe7c1418910>,45,15,[1 8],46,113,128,67,99
1,<environment.Job instance at 0x7fe7c08a90a0>,50,14,[ 4 10],51,128,142,77,113
1,<environment.Job instance at 0x7fe7c0687410>,51,13,[5 8],52,142,155,90,126
1,<environment.Job instance at 0x7fe7c0687f50>,52,16,[5 2],53,126,142,73,126
1,<environment.Job instance at 0x7fe7c06874b0>,53,20,[5 4],54,142,162,88,133
1,<environment.Job instance at 0x7fe7bfed4690>,55,12,[7 5],56,155,167,99,138
1,<environment.Job instance at 0x7fe7bfed4fa0>,56,14,[7 5],57,162,176,105,147
1,<environment.Job instance at 0x7fe7bfed4320>,63,17,[1 7],64,167,184,103,155
1,<environment.Job instance at 0x7fe7bfed4050>,67,14,[8 1],68,176,190,108,161
1,<environment.Job instance at 0x7fe7bff1b870>,1,14,[1 9],2,2,16,0,2
1,<environment.Job instance at 0x7fe7bfedb1e0>,2,12,[11  1],3,3,15,0,3
1,<environment.Job instance at 0x7fe7bfedb410>,4,13,[5 5],5,15,28,10,5
1,<environment.Job instance at 0x7fe7c06d87d0>,9,17,[3 5],10,16,33,6,10
1,<environment.Job instance at 0x7fe7c06d80a0>,11,15,[7 1],12,15,30,3,12
1,<environment.Job instance at 0x7fe7c06d8f00>,17,17,[ 2 10],18,30,47,12,18
1,<environment.Job instance at 0x7fe7c06d8b40>,13,12,[8 4],14,33,45,19,20
1,<environment.Job instance at 0x7fe7c024df00>,19,16,[ 1 10],20,47,63,27,34
1,<environment.Job instance at 0x7fe7c024dcd0>,20,22,[3 5],21,45,67,24,38
1,<environment.Job instance at 0x7fe7c0175280>,27,18,[9 3],28,63,81,35,52
1,<environment.Job instance at 0x7fe7c0175870>,28,16,[3 8],29,67,83,38,54
1,<environment.Job instance at 0x7fe7c01757d0>,29,14,[6 2],30,81,95,51,66
1,<environment.Job instance at 0x7fe7c01758c0>,32,14,[4 7],33,83,97,50,72
1,<environment.Job instance at 0x7fe7c0a931e0>,37,14,[5 6],38,83,97,45,73
1,<environment.Job instance at 0x7fe7c0175dc0>,25,15,[12  3],26,97,112,71,83
1,<environment.Job instance at 0x7fe7c1379140>,49,21,[ 2 10],50,97,118,47,92
1,<environment.Job instance at 0x7fe7c1379fa0>,50,14,[12  2],51,112,126,61,97
1,<environment.Job instance at 0x7fe7c1379230>,51,19,[ 2 10],52,118,137,66,109
1,<environment.Job instance at 0x7fe7c13797d0>,52,27,[ 5 14],53,137,164,84,135
1,<environment.Job instance at 0x7fe7c13791e0>,53,23,[11  1],54,164,187,110,158
1,<environment.Job instance at 0x7fe7c1379a50>,48,16,[ 4 10],49,164,180,115,158
1,<environment.Job instance at 0x7fe7c1379c30>,55,18,[9 3],56,187,205,131,176
1,<environment.Job instance at 0x7fe7c1379aa0>,56,14,[5 5],57,187,201,130,176
1,<environment.Job instance at 0x7fe7bfcb9aa0>,2,12,[7 3],3,3,15,0,3
1,<environment.Job instance at 0x7fe7bfcb9140>,3,21,[7 2],4,4,25,0,4
1,<environment.Job instance at 0x7fe7bfcb9190>,4,14,[5 5],5,15,29,10,5
1,<environment.Job instance at 0x7fe7bfcb92d0>,12,13,[2 8],13,15,28,2,14
1,<environment.Job instance at 0x7fe7bfc96be0>,22,12,[6 3],23,28,40,5,23
1,<environment.Job instance at 0x7fe7bfc96690>,28,16,[5 9],29,29,45,0,29
1,<environment.Job instance at 0x7fe7bfcab640>,33,21,[8 2],34,40,61,6,35
1,<environment.Job instance at 0x7fe7bfcabcd0>,37,18,[1 9],38,45,63,7,38
1,<environment.Job instance at 0x7fe7bfcab4b0>,40,20,[1 5],41,61,81,20,52
1,<environment.Job instance at 0x7fe7bfcab2d0>,42,20,[6 5],43,63,83,20,54
1,<environment.Job instance at 0x7fe7bfc8daf0>,50,17,[8 1],51,61,78,10,54
1,<environment.Job instance at 0x7fe7bfc8d500>,51,12,[2 6],52,81,93,29,64
1,<environment.Job instance at 0x7fe7bfc8dbe0>,52,13,[7 2],53,78,91,25,64
1,<environment.Job instance at 0x7fe7bfc8d230>,58,17,[9 5],59,91,108,32,79
1,<environment.Job instance at 0x7fe7bfc9ec30>,59,21,[5 8],60,93,114,33,85
1,<environment.Job instance at 0x7fe7bfe77dc0>,73,16,[5 7],74,108,124,34,95
1,<environment.Job instance at 0x7fe7bfe778c0>,76,15,[1 9],77,124,139,47,110
1,<environment.Job instance at 0x7fe7bfe77820>,77,18,[10  4],78,114,132,36,110
1,<environment.Job instance at 0x7fe7bfe775a0>,81,20,[5 3],82,132,152,50,123
1,<environment.Job instance at 0x7fe7bfe77550>,83,13,[6 5],84,139,152,55,123
1,<environment.Job instance at 0x7fe7bfe77500>,84,16,[10  2],85,152,168,67,139
1,<environment.Job instance at 0x7fe7bfe77140>,85,16,[ 2 10],86,152,168,66,139
1,<environment.Job instance at 0x7fe7bfe77d20>,90,19,[4 9],91,168,187,77,158
1,<environment.Job instance at 0x7fe7c0c3fcd0>,92,20,[7 4],93,168,188,75,159
1,<environment.Job instance at 0x7fe7c0c3f500>,94,17,[1 7],95,187,204,92,175
1,<environment.Job instance at 0x7fe7c0c3f230>,95,13,[8 2],96,188,201,92,175
1,<environment.Job instance at 0x7fe7c0c3f730>,113,16,[2 5],114,188,204,74,175
1,<environment.Job instance at 0x7fe7c09e8fa0>,0,14,[4 9],1,1,15,0,1
1,<environment.Job instance at 0x7fe7c1460370>,3,21,[8 2],4,5,26,1,5
1,<environment.Job instance at 0x7fe7c0e72c80>,7,12,[5 4],8,15,27,7,8
1,<environment.Job instance at 0x7fe7c024c5f0>,9,12,[2 5],10,15,27,5,11
1,<environment.Job instance at 0x7fe7c024c320>,11,16,[3 8],12,27,43,15,14
1,<environment.Job instance at 0x7fe7c122b370>,20,14,[2 5],21,26,40,5,21
1,<environment.Job instance at 0x7fe7c122bcd0>,22,18,[ 4 10],23,43,61,20,32
1,<environment.Job instance at 0x7fe7c122b280>,23,13,[5 2],24,32,45,8,32
1,<environment.Job instance at 0x7fe7c122bb90>,29,16,[5 7],30,61,77,31,48
1,<environment.Job instance at 0x7fe7c122bbe0>,30,14,[8 1],31,48,62,17,48
1,<environment.Job instance at 0x7fe7c02c7820>,34,15,[5 1],35,62,77,27,48
1,<environment.Job instance at 0x7fe7c02c77d0>,36,16,[10  5],37,77,93,40,64
1,<environment.Job instance at 0x7fe7c02c78c0>,39,15,[4 7],40,64,79,24,64
1,<environment.Job instance at 0x7fe7c0548500>,43,15,[5 5],44,79,94,35,65
1,<environment.Job instance at 0x7fe7c0548c30>,45,19,[5 4],46,93,112,47,83
1,<environment.Job instance at 0x7fe7c0548730>,46,12,[9 4],47,94,106,47,83
1,<environment.Job instance at 0x7fe7c0548aa0>,47,12,[4 7],48,106,118,58,89
1,<environment.Job instance at 0x7fe7c0548550>,49,18,[4 8],50,112,130,62,101
1,<environment.Job instance at 0x7fe7bff46780>,68,20,[8 5],69,118,138,49,109
1,<environment.Job instance at 0x7fe7bff46280>,69,20,[7 1],70,130,150,60,121
1,<environment.Job instance at 0x7fe7c014f690>,72,15,[4 8],73,138,153,65,124
1,<environment.Job instance at 0x7fe7c014f2d0>,73,17,[5 6],74,150,167,76,138
1,<environment.Job instance at 0x7fe7c01f87d0>,80,18,[5 3],81,153,171,72,142
1,<environment.Job instance at 0x7fe7c01f8dc0>,81,17,[7 5],82,167,184,85,155
1,<environment.Job instance at 0x7fe7c01f8050>,82,14,[9 2],83,184,198,101,169
1,<environment.Job instance at 0x7fe7c01f8190>,83,20,[4 7],84,171,191,87,169
1,<environment.Job instance at 0x7fe7bfe32f00>,0,25,[ 4 12],1,1,26,0,1
1,<environment.Job instance at 0x7fe7c0daf4b0>,5,22,[2 6],6,26,48,20,19
1,<environment.Job instance at 0x7fe7c0dafa50>,9,20,[6 4],10,26,46,16,19
1,<environment.Job instance at 0x7fe7bfc1d780>,14,16,[6 5],15,26,42,11,19
1,<environment.Job instance at 0x7fe7bfc1d870>,16,21,[5 8],17,46,67,29,38
1,<environment.Job instance at 0x7fe7bfc1d960>,17,19,[3 7],18,48,67,30,38
1,<environment.Job instance at 0x7fe7bfc1deb0>,25,16,[7 4],26,67,83,41,54
1,<environment.Job instance at 0x7fe7bfc1df50>,28,14,[10  4],29,83,97,54,68
1,<environment.Job instance at 0x7fe7c0c74230>,1,17,[4 8],2,68,85,66,68
1,<environment.Job instance at 0x7fe7c10ba2d0>,31,18,[2 9],32,85,103,53,74
1,<environment.Job instance at 0x7fe7c10ba0a0>,41,14,[6 5],42,97,111,55,82
1,<environment.Job instance at 0x7fe7c10ba9b0>,42,21,[6 3],43,103,124,60,95
1,<environment.Job instance at 0x7fe7c10baa50>,43,17,[10  2],44,124,141,80,112
1,<environment.Job instance at 0x7fe7c10baaf0>,44,18,[6 5],45,141,159,96,130
1,<environment.Job instance at 0x7fe7c10bab90>,45,16,[6 1],46,141,157,95,130
1,<environment.Job instance at 0x7fe7c10bac30>,46,14,[10  5],47,159,173,112,144
1,<environment.Job instance at 0x7fe7c10bad70>,48,13,[1 6],49,148,161,99,148
1,<environment.Job instance at 0x7fe7c10ed410>,56,16,[ 3 10],57,161,177,104,148
1,<environment.Job instance at 0x7fe7c10ed4b0>,57,18,[7 2],58,173,191,115,162
1,<environment.Job instance at 0x7fe7c10ed550>,58,13,[1 8],59,177,190,118,163
1,<environment.Job instance at 0x7fe7c10ed730>,61,16,[10  1],62,191,207,129,178
1,<environment.Job instance at 0x7fe7c10ed7d0>,62,17,[4 8],63,190,207,127,178
1,<environment.Job instance at 0x7fe7bfb48050>,1,14,[5 5],2,2,16,0,2
1,<environment.Job instance at 0x7fe7bfd39d20>,2,12,[1 8],3,3,15,0,3
1,<environment.Job instance at 0x7fe7c11fa500>,3,13,[14  4],4,16,29,12,5
1,<environment.Job instance at 0x7fe7c10ed870>,4,12,[7 2],5,29,41,24,12
1,<environment.Job instance at 0x7fe7c02b2b90>,0,22,[ 1 11],1,16,38,15,16
1,<environment.Job instance at 0x7fe7c0dbe7d0>,10,20,[7 1],11,29,49,18,21
1,<environment.Job instance at 0x7fe7c0dbe500>,19,12,[7 5],20,41,53,21,24
1,<environment.Job instance at 0x7fe7c07b82d0>,23,17,[10  5],24,53,70,29,41
1,<environment.Job instance at 0x7fe7bfdc9960>,32,14,[5 5],33,49,63,16,42
1,<environment.Job instance at 0x7fe7bfdc9460>,35,17,[7 4],36,70,87,34,58
1,<environment.Job instance at 0x7fe7bfea6dc0>,40,13,[6 4],41,70,83,29,58
1,<environment.Job instance at 0x7fe7c016caf0>,47,14,[2 7],48,63,77,15,60
1,<environment.Job instance at 0x7fe7c0316d20>,64,15,[5 2],65,83,98,18,69
1,<environment.Job instance at 0x7fe7c0d38640>,77,18,[10  2],78,87,105,9,82
1,<environment.Job instance at 0x7fe7c0d38d70>,79,14,[5 3],80,98,112,18,85
1,<environment.Job instance at 0x7fe7c0d38550>,84,13,[7 4],85,105,118,20,90
1,<environment.Job instance at 0x7fe7bfe402d0>,90,13,[6 4],91,112,125,21,96
1,<environment.Job instance at 0x7fe7bfc74dc0>,101,16,[9 3],102,118,134,16,108
1,<environment.Job instance at 0x7fe7bfc74e10>,104,15,[1 5],105,125,140,20,113
1,<environment.Job instance at 0x7fe7bfc74910>,106,13,[3 5],107,125,138,18,114
1,<environment.Job instance at 0x7fe7bfd1faf0>,9,20,[14  4],10,138,158,128,129
1,<environment.Job instance at 0x7fe7bfc746e0>,109,28,[9 1],110,158,186,48,157
1,<environment.Job instance at 0x7fe7bfc745a0>,110,19,[3 8],111,158,177,47,157
1,<environment.Job instance at 0x7fe7bfc74690>,111,14,[11  3],112,186,200,74,171
1,<environment.Job instance at 0x7fe7c13e5370>,0,23,[ 5 10],1,3,26,2,3
1,<environment.Job instance at 0x7fe7c06d8780>,7,16,[5 5],8,10,26,2,10
1,<environment.Job instance at 0x7fe7c1379d20>,11,14,[8 3],12,26,40,14,12
1,<environment.Job instance at 0x7fe7c1379960>,12,14,[4 7],13,26,40,13,13
1,<environment.Job instance at 0x7fe7c1379640>,13,22,[5 1],14,40,62,26,33
1,<environment.Job instance at 0x7fe7c1379320>,15,14,[5 3],16,40,54,24,33
1,<environment.Job instance at 0x7fe7c1379f00>,20,14,[3 9],21,40,54,19,33
1,<environment.Job instance at 0x7fe7c13792d0>,25,17,[10  1],26,54,71,28,42
1,<environment.Job instance at 0x7fe7c13798c0>,26,17,[8 1],27,71,88,44,59
1,<environment.Job instance at 0x7fe7c0de7960>,29,28,[1 5],30,62,90,32,61
1,<environment.Job instance at 0x7fe7c0de7cd0>,32,16,[7 3],33,88,104,55,75
1,<environment.Job instance at 0x7fe7c0de7c30>,33,20,[5 3],34,75,95,41,75
1,<environment.Job instance at 0x7fe7c0de75a0>,35,17,[4 6],36,95,112,59,83
1,<environment.Job instance at 0x7fe7c0de79b0>,39,23,[1 8],40,104,127,64,98
1,<environment.Job instance at 0x7fe7c0de7a00>,40,21,[3 8],41,127,148,86,119
1,<environment.Job instance at 0x7fe7c0de7e60>,44,14,[5 2],45,119,133,74,119
1,<environment.Job instance at 0x7fe7c0719140>,46,18,[8 1],47,133,151,86,122
1,<environment.Job instance at 0x7fe7c07195f0>,49,12,[6 3],50,148,160,98,131
1,<environment.Job instance at 0x7fe7c0719c30>,50,21,[6 5],51,151,172,100,143
1,<environment.Job instance at 0x7fe7c07191e0>,51,15,[9 1],52,160,175,108,146
1,<environment.Job instance at 0x7fe7c0719190>,52,19,[4 5],53,172,191,119,162
1,<environment.Job instance at 0x7fe7c0719cd0>,57,19,[10  2],58,175,194,117,166
1,<environment.Job instance at 0x7fe7c0734370>,0,16,[ 5 13],1,1,17,0,1
1,<environment.Job instance at 0x7fe7c0629500>,3,14,[8 4],4,17,31,13,4
1,<environment.Job instance at 0x7fe7c0629640>,5,23,[6 2],6,6,29,0,6
1,<environment.Job instance at 0x7fe7c06297d0>,9,26,[14  3],10,31,57,21,28
1,<environment.Job instance at 0x7fe7c0629870>,8,18,[10  5],9,57,75,48,46
1,<environment.Job instance at 0x7fe7c06295f0>,6,12,[5 1],7,57,69,50,46
1,<environment.Job instance at 0x7fe7c0629fa0>,21,19,[7 4],22,75,94,53,65
1,<environment.Job instance at 0x7fe7c07341e0>,1,20,[5 5],2,69,89,67,65
1,<environment.Job instance at 0x7fe7c063c2d0>,25,20,[7 4],26,89,109,63,80
1,<environment.Job instance at 0x7fe7c063c410>,27,16,[2 9],28,94,110,66,81
1,<environment.Job instance at 0x7fe7c063c550>,28,16,[1 8],29,110,126,81,97
1,<environment.Job instance at 0x7fe7c063c4b0>,29,15,[9 3],30,109,124,79,97
1,<environment.Job instance at 0x7fe7c063c6e0>,30,15,[4 8],31,126,141,95,112
1,<environment.Job instance at 0x7fe7c063c7d0>,35,15,[2 9],36,141,156,105,127
1,<environment.Job instance at 0x7fe7c063ca00>,36,19,[2 5],37,127,146,90,127
1,<environment.Job instance at 0x7fe7c063ccd0>,39,13,[5 6],40,146,159,106,130
1,<environment.Job instance at 0x7fe7c063ce10>,41,20,[6 3],42,156,176,114,147
1,<environment.Job instance at 0x7fe7c063ceb0>,42,12,[5 6],43,159,171,116,147
1,<environment.Job instance at 0x7fe7c063cbe0>,45,14,[1 8],46,171,185,125,156
1,<environment.Job instance at 0x7fe7c0621460>,49,20,[6 5],50,176,196,126,167
1,<environment.Job instance at 0x7fe7c0621500>,50,14,[6 2],51,171,185,120,167
1,<environment.Job instance at 0x7fe7c0621960>,57,12,[2 5],58,185,197,127,171
1,<environment.Job instance at 0x7fe7c0043960>,1,17,[4 8],2,2,19,0,2
1,<environment.Job instance at 0x7fe7c0043cd0>,6,15,[7 5],7,7,22,0,7
1,<environment.Job instance at 0x7fe7c0043460>,4,13,[14  4],5,22,35,17,9
1,<environment.Job instance at 0x7fe7c0043230>,8,14,[2 8],9,35,49,26,20
1,<environment.Job instance at 0x7fe7c0baa140>,13,17,[5 9],14,49,66,35,37
1,<environment.Job instance at 0x7fe7c0baadc0>,16,15,[6 5],17,37,52,20,37
1,<environment.Job instance at 0x7fe7c00427d0>,26,16,[1 8],27,66,82,39,54
1,<environment.Job instance at 0x7fe7c08ed460>,32,14,[7 5],33,54,68,21,54
1,<environment.Job instance at 0x7fe7bff44640>,39,13,[7 2],40,66,79,26,54
1,<environment.Job instance at 0x7fe7c0106960>,40,17,[5 3],41,68,85,27,56
1,<environment.Job instance at 0x7fe7c0043be0>,11,14,[ 4 13],12,85,99,73,70
1,<environment.Job instance at 0x7fe7c0a63140>,46,16,[3 6],47,99,115,52,86
1,<environment.Job instance at 0x7fe7bfce7b40>,49,18,[8 5],50,99,117,49,88
1,<environment.Job instance at 0x7fe7c087ab90>,56,15,[5 5],57,115,130,58,101
1,<environment.Job instance at 0x7fe7c087a190>,58,18,[8 4],59,117,135,58,106
1,<environment.Job instance at 0x7fe7c0b6e9b0>,61,14,[6 5],62,130,144,68,115
1,<environment.Job instance at 0x7fe7c0b6e500>,63,15,[7 4],64,135,150,71,121
1,<environment.Job instance at 0x7fe7c0b6efa0>,66,12,[5 8],67,144,156,77,127
1,<environment.Job instance at 0x7fe7bfdd4820>,71,15,[4 5],72,150,165,78,136
1,<environment.Job instance at 0x7fe7c0f9fc80>,80,16,[9 5],81,156,172,75,143
1,<environment.Job instance at 0x7fe7c9a4c0a0>,82,17,[8 3],83,172,189,89,160
1,<environment.Job instance at 0x7fe7c14024b0>,84,15,[3 9],85,165,180,80,160
1,<environment.Job instance at 0x7fe7c0c01050>,104,17,[5 3],105,180,197,75,168
1,<environment.Job instance at 0x7fe7c11fda50>,1,12,[4 5],2,2,14,0,2
1,<environment.Job instance at 0x7fe7c11fd370>,0,28,[5 9],1,2,30,1,2
1,<environment.Job instance at 0x7fe7c11fd280>,3,14,[9 5],4,14,28,10,4
1,<environment.Job instance at 0x7fe7c0cf95f0>,4,14,[ 1 10],5,30,44,25,15
1,<environment.Job instance at 0x7fe7c0cf9320>,11,12,[5 4],12,28,40,16,15
1,<environment.Job instance at 0x7fe7c0cf90a0>,12,13,[1 5],13,40,53,27,24
1,<environment.Job instance at 0x7fe7c0cf9b40>,13,16,[3 8],14,44,60,30,31
1,<environment.Job instance at 0x7fe7c0cf9e60>,14,15,[7 3],15,53,68,38,39
1,<environment.Job instance at 0x7fe7c0cf93c0>,10,16,[ 2 10],11,60,76,49,48
1,<environment.Job instance at 0x7fe7c0cf9050>,17,15,[6 1],18,60,75,42,48
1,<environment.Job instance at 0x7fe7c0cf9c30>,19,13,[3 5],20,75,88,55,59
1,<environment.Job instance at 0x7fe7c0cf9820>,22,16,[4 6],23,76,92,53,63
1,<environment.Job instance at 0x7fe7c11fdaf0>,2,13,[ 5 12],3,92,105,89,76
1,<environment.Job instance at 0x7fe7c0cf9730>,23,19,[10  1],24,88,107,64,85
1,<environment.Job instance at 0x7fe7c15577d0>,27,17,[5 4],28,105,122,77,93
1,<environment.Job instance at 0x7fe7c1557190>,29,14,[5 2],30,107,121,77,93
1,<environment.Job instance at 0x7fe7c9b01a50>,36,16,[1 7],37,107,123,70,94
1,<environment.Job instance at 0x7fe7c9b01e10>,43,17,[10  3],44,122,139,78,110
1,<environment.Job instance at 0x7fe7c9b01cd0>,46,18,[10  4],47,139,157,92,130
1,<environment.Job instance at 0x7fe7bffeca50>,53,14,[7 3],54,157,171,103,142
1,<environment.Job instance at 0x7fe7bffecd70>,54,16,[2 9],55,142,158,87,142
1,<environment.Job instance at 0x7fe7bfff6d20>,66,15,[6 1],67,157,172,90,143
1,<environment.Job instance at 0x7fe7bfff6320>,67,13,[10  2],68,172,185,104,156
1,<environment.Job instance at 0x7fe7c09aea50>,71,17,[2 5],72,158,175,86,157
1,<environment.Job instance at 0x7fe7c0cf9500>,24,14,[ 4 13],25,175,189,150,168
1,<environment.Job instance at 0x7fe7c0cf95a0>,7,21,[11  1],8,185,206,177,177
1,<environment.Job instance at 0x7fe7c0fec460>,0,12,[12  4],1,1,13,0,1
1,<environment.Job instance at 0x7fe7c0fec6e0>,2,18,[5 5],3,13,31,10,3
1,<environment.Job instance at 0x7fe7c0fec050>,1,19,[3 7],2,4,23,2,4
1,<environment.Job instance at 0x7fe7c0fec8c0>,3,23,[5 3],4,13,36,9,7
1,<environment.Job instance at 0x7fe7c0fec140>,7,25,[5 2],8,23,48,15,19
1,<environment.Job instance at 0x7fe7c0fec870>,5,23,[2 7],6,31,54,25,25
1,<environment.Job instance at 0x7fe7c0fec0f0>,8,14,[7 5],9,36,50,27,25
1,<environment.Job instance at 0x7fe7c08fb4b0>,10,15,[11  5],11,50,65,39,36
1,<environment.Job instance at 0x7fe7c0e8d500>,14,15,[5 5],15,65,80,50,51
1,<environment.Job instance at 0x7fe7c0f657d0>,15,14,[ 1 10],16,56,70,40,56
1,<environment.Job instance at 0x7fe7c0f65e60>,16,15,[3 5],17,70,85,53,56
1,<environment.Job instance at 0x7fe7c0a55140>,18,18,[3 5],19,70,88,51,59
1,<environment.Job instance at 0x7fe7c06223c0>,21,15,[2 9],22,85,100,63,71
1,<environment.Job instance at 0x7fe7ca0e29b0>,22,17,[1 9],23,100,117,77,88
1,<environment.Job instance at 0x7fe7c08fb550>,11,24,[13  4],12,88,112,76,88
1,<environment.Job instance at 0x7fe7c0a69320>,27,14,[ 1 11],28,117,131,89,102
1,<environment.Job instance at 0x7fe7c0a69d20>,28,25,[ 1 11],29,131,156,102,127
1,<environment.Job instance at 0x7fe7c0a69c80>,29,24,[14  3],30,127,151,97,127
1,<environment.Job instance at 0x7fe7c0a69460>,30,15,[12  4],31,151,166,120,137
1,<environment.Job instance at 0x7fe7c0a69eb0>,31,12,[ 4 11],32,166,178,134,149
1,<environment.Job instance at 0x7fe7c0a696e0>,32,13,[ 3 11],33,178,191,145,162
1,<environment.Job instance at 0x7fe7c0a69050>,33,14,[12  2],34,178,192,144,163
1,<environment.Job instance at 0x7efc1578e320>,1,15,[5 2],2,2,17,0,2
1,<environment.Job instance at 0x7efc0c0165f0>,5,18,[7 5],6,6,24,0,6
1,<environment.Job instance at 0x7efc0c016820>,7,12,[7 2],8,17,29,9,8
1,<environment.Job instance at 0x7efc0c016af0>,11,14,[10  4],12,29,43,17,14
1,<environment.Job instance at 0x7efc0c016f50>,18,18,[3 6],19,24,42,5,19
1,<environment.Job instance at 0x7efc0c01a1e0>,20,18,[7 5],21,43,61,22,32
1,<environment.Job instance at 0x7efc0c01a410>,23,18,[7 4],24,43,61,19,32
1,<environment.Job instance at 0x7efc0c016be0>,12,22,[4 6],13,61,83,48,54
1,<environment.Job instance at 0x7efc0c01a640>,27,25,[14  4],28,83,108,55,79
1,<environment.Job instance at 0x7efc0c01a6e0>,28,20,[5 8],29,108,128,79,99
1,<environment.Job instance at 0x7efc0c01a780>,29,24,[5 1],30,108,132,78,103
1,<environment.Job instance at 0x7efc0c01a820>,30,15,[8 2],31,128,143,97,114
1,<environment.Job instance at 0x7efc0c01a8c0>,31,13,[4 5],32,114,127,82,114
1,<environment.Job instance at 0x7efc0c01a9b0>,32,14,[14  3],33,143,157,110,128
1,<environment.Job instance at 0x7efc0c01aa50>,33,16,[9 3],34,157,173,123,144
1,<environment.Job instance at 0x7efc0c01ab90>,34,20,[5 3],35,157,177,122,148
1,<environment.Job instance at 0x7efc0c01ac30>,35,23,[11  2],36,177,200,141,171
1,<environment.Job instance at 0x7efc0b760730>,0,12,[11  1],1,1,13,0,1
1,<environment.Job instance at 0x7efc0b760c30>,1,12,[ 5 11],2,13,25,11,2
1,<environment.Job instance at 0x7efc0c08f730>,8,17,[10  5],9,25,42,16,13
1,<environment.Job instance at 0x7efc0c08fdc0>,18,17,[10  2],19,42,59,23,30
1,<environment.Job instance at 0x7efc0c1758c0>,24,17,[2 9],25,30,47,5,30
1,<environment.Job instance at 0x7efc0c175820>,26,17,[10  4],27,59,76,32,47
1,<environment.Job instance at 0x7efc0c1755a0>,29,17,[2 8],30,59,76,29,59
1,<environment.Job instance at 0x7efc0c175a00>,30,12,[5 9],31,76,88,45,59
1,<environment.Job instance at 0x7efc0c175370>,31,14,[2 9],32,88,102,56,73
1,<environment.Job instance at 0x7efc0c15ffa0>,9,16,[ 3 12],10,102,118,92,90
1,<environment.Job instance at 0x7efc0c175aa0>,33,15,[5 9],34,118,133,84,104
1,<environment.Job instance at 0x7efc0c175140>,32,20,[5 7],33,133,153,100,126
1,<environment.Job instance at 0x7efc0b9b39b0>,37,15,[5 6],38,126,141,88,126
1,<environment.Job instance at 0x7efc0b679690>,47,20,[5 2],48,134,154,86,134
1,<environment.Job instance at 0x7efc0b70c410>,2,15,[ 3 11],3,153,168,150,140
1,<environment.Job instance at 0x7efc0b67d370>,48,20,[7 4],49,154,174,105,146
1,<environment.Job instance at 0x7efc0bac6a50>,53,18,[8 5],54,168,186,114,157
1,<environment.Job instance at 0x7efc0bac65a0>,59,21,[6 4],60,174,195,114,166
1,<environment.Job instance at 0x7efc0bb10af0>,60,17,[2 6],61,186,203,125,174
1,<environment.Job instance at 0x7efc0bb10500>,62,17,[8 5],63,195,212,132,184
1,<environment.Job instance at 0x7efc0b68a3c0>,0,14,[3 6],1,1,15,0,1
1,<environment.Job instance at 0x7efc0b68adc0>,3,21,[8 2],4,4,25,0,4
1,<environment.Job instance at 0x7efc0b68a730>,5,12,[9 3],6,25,37,19,8
1,<environment.Job instance at 0x7efc0b696230>,11,16,[4 8],12,15,31,3,12
1,<environment.Job instance at 0x7efc0b696690>,12,12,[9 1],13,37,49,24,20
1,<environment.Job instance at 0x7efc0b6960a0>,16,12,[5 4],17,31,43,14,20
1,<environment.Job instance at 0x7efc0b6961e0>,17,28,[3 6],18,43,71,25,42
1,<environment.Job instance at 0x7efc0b696960>,18,18,[ 1 12],19,71,89,52,60
1,<environment.Job instance at 0x7efc0b696b90>,19,13,[14  4],20,89,102,69,73
1,<environment.Job instance at 0x7efc0b696be0>,20,17,[2 6],21,102,119,81,91
1,<environment.Job instance at 0x7efc0b696dc0>,21,16,[ 1 11],22,119,135,97,106
1,<environment.Job instance at 0x7efc0b696140>,22,26,[12  3],23,109,135,86,109
1,<environment.Job instance at 0x7efc0b696cd0>,23,12,[ 1 10],24,135,147,111,118
1,<environment.Job instance at 0x7efc0b696fa0>,25,14,[9 5],26,135,149,109,120
1,<environment.Job instance at 0x7efc0b696eb0>,26,28,[1 9],27,147,175,120,146
1,<environment.Job instance at 0x7efc0b696d70>,29,26,[3 5],30,149,175,119,146
1,<environment.Job instance at 0x7efc0b696f00>,30,16,[ 1 10],31,175,191,144,162
1,<environment.Job instance at 0x7efc0b6d31e0>,32,18,[12  5],33,175,193,142,172
1,<environment.Job instance at 0x7efc0b6d3eb0>,34,13,[14  1],35,193,206,158,177
1,<environment.Job instance at 0x7efc0b99aaf0>,0,21,[5 1],1,1,22,0,1
1,<environment.Job instance at 0x7efc0bc97870>,2,14,[9 5],3,3,17,0,3
1,<environment.Job instance at 0x7efc0bb67d20>,10,12,[8 2],11,17,29,6,11
1,<environment.Job instance at 0x7efc0b945910>,14,16,[5 5],15,22,38,7,15
1,<environment.Job instance at 0x7efc0b945730>,18,18,[1 5],19,19,37,0,19
1,<environment.Job instance at 0x7efc0b9beb40>,20,22,[7 1],21,29,51,8,22
1,<environment.Job instance at 0x7efc0b9be5a0>,23,12,[4 8],24,38,50,14,24
1,<environment.Job instance at 0x7efc0ba55c80>,24,12,[8 2],25,50,62,25,33
1,<environment.Job instance at 0x7efc0b6e9f50>,29,12,[5 5],30,51,63,21,34
1,<environment.Job instance at 0x7efc0b6e91e0>,31,17,[2 7],32,51,68,19,39
1,<environment.Job instance at 0x7efc0bad1dc0>,32,14,[4 9],33,68,82,35,53
1,<environment.Job instance at 0x7efc0b6e9d70>,35,12,[4 8],36,82,94,46,65
1,<environment.Job instance at 0x7efc0b6e5960>,45,16,[5 5],46,65,81,19,65
1,<environment.Job instance at 0x7efc0b6cf370>,47,17,[4 5],48,81,98,33,69
1,<environment.Job instance at 0x7efc0b6cfaf0>,48,13,[8 5],49,94,107,45,78
1,<environment.Job instance at 0x7efc0b6d5e10>,49,13,[3 9],50,98,111,48,82
1,<environment.Job instance at 0x7efc0b6e7190>,51,16,[6 5],52,107,123,55,94
1,<environment.Job instance at 0x7efc153d8dc0>,55,12,[1 9],56,111,123,55,94
1,<environment.Job instance at 0x7efc0bca64b0>,56,15,[8 2],57,123,138,66,109
1,<environment.Job instance at 0x7efc0b9455f0>,21,17,[7 4],22,123,140,101,112
1,<environment.Job instance at 0x7efc0b635b40>,57,21,[7 2],58,138,159,80,130
1,<environment.Job instance at 0x7efc0b6359b0>,61,13,[6 1],62,140,153,78,130
1,<environment.Job instance at 0x7efc0b6355f0>,62,13,[1 8],63,138,151,75,130
1,<environment.Job instance at 0x7efc0b6351e0>,58,15,[ 5 10],59,153,168,94,143
1,<environment.Job instance at 0x7efc0b635190>,63,21,[10  4],64,159,180,95,151
1,<environment.Job instance at 0x7efc0b635fa0>,65,13,[ 5 10],66,168,181,102,152
1,<environment.Job instance at 0x7efc0b635730>,66,15,[6 1],67,180,195,113,166
1,<environment.Job instance at 0x7efc0b945cd0>,17,19,[5 7],18,181,200,163,173
1,<environment.Job instance at 0x7efc0b635280>,68,14,[6 5],69,195,209,126,180
1,<environment.Job instance at 0x7efc0b635140>,70,12,[1 5],71,200,212,129,186
1,<environment.Job instance at 0x7efc0cb4cc30>,1,22,[8 1],2,2,24,0,2
1,<environment.Job instance at 0x7efc0cb4ceb0>,0,22,[2 7],1,2,24,1,2
1,<environment.Job instance at 0x7efc0cb6aa50>,4,15,[5 8],5,24,39,19,10
1,<environment.Job instance at 0x7efc0cb6a780>,10,13,[3 5],11,11,24,0,11
1,<environment.Job instance at 0x7efc0c44c5f0>,27,18,[9 1],28,28,46,0,28
1,<environment.Job instance at 0x7efc0cb5d3c0>,32,19,[5 3],33,39,58,6,33
1,<environment.Job instance at 0x7efc0cb5d190>,34,21,[6 4],35,46,67,11,38
1,<environment.Job instance at 0x7efc0c463e10>,37,14,[8 2],38,58,72,20,43
1,<environment.Job instance at 0x7efc0c463960>,38,13,[5 3],39,67,80,28,51
1,<environment.Job instance at 0x7efc0c463320>,45,14,[4 7],46,72,86,26,57
1,<environment.Job instance at 0x7efc0c463c80>,46,16,[9 4],47,80,96,33,67
1,<environment.Job instance at 0x7efc0c463aa0>,48,14,[ 2 10],49,86,100,37,71
1,<environment.Job instance at 0x7efc0bd34f00>,51,18,[5 5],52,96,114,44,85
1,<environment.Job instance at 0x7efc0bd340f0>,52,16,[5 5],53,100,116,47,87
1,<environment.Job instance at 0x7efc0b65ce60>,56,18,[1 5],57,100,118,43,89
1,<environment.Job instance at 0x7efc0b600140>,57,18,[9 5],58,114,132,56,103
1,<environment.Job instance at 0x7efc0c456b90>,58,19,[4 5],59,116,135,57,106
1,<environment.Job instance at 0x7efc0b60eaa0>,64,13,[5 5],65,132,145,67,116
1,<environment.Job instance at 0x7efc0b60e190>,66,16,[8 3],67,135,151,68,122
1,<environment.Job instance at 0x7efc0cb6abe0>,6,16,[ 3 11],7,145,161,138,139
1,<environment.Job instance at 0x7efc0b60b9b0>,69,21,[8 2],70,151,172,81,143
1,<environment.Job instance at 0x7efc0c0789b0>,73,18,[5 5],74,161,179,87,150
1,<environment.Job instance at 0x7efc0cb6ac30>,5,15,[4 9],6,172,187,166,158
1,<environment.Job instance at 0x7efc0b60b8c0>,70,21,[ 5 13],71,187,208,116,179
1,<environment.Job instance at 0x7efc0cb3cd70>,4,19,[2 9],5,5,24,0,5
1,<environment.Job instance at 0x7efc0cb3ca50>,5,19,[7 3],6,6,25,0,6
1,<environment.Job instance at 0x7efc0ba59eb0>,11,14,[ 4 10],12,24,38,12,12
1,<environment.Job instance at 0x7efc0ba59be0>,12,15,[4 8],13,38,53,25,24
1,<environment.Job instance at 0x7efc0ba590f0>,17,17,[ 1 10],18,53,70,35,41
1,<environment.Job instance at 0x7efc0ba59690>,20,22,[8 3],21,41,63,20,41
1,<environment.Job instance at 0x7efc0c483820>,25,16,[1 7],26,70,86,44,57
1,<environment.Job instance at 0x7efc0c483910>,34,15,[2 5],35,63,78,28,57
1,<environment.Job instance at 0x7efc0c483280>,35,18,[9 5],36,78,96,42,67
1,<environment.Job instance at 0x7efc0c454af0>,39,15,[7 1],40,96,111,56,82
1,<environment.Job instance at 0x7efc0c4548c0>,40,17,[2 6],41,86,103,45,82
1,<environment.Job instance at 0x7efc0c454410>,43,22,[5 3],44,96,118,52,89
1,<environment.Job instance at 0x7efc0c454050>,52,18,[10  2],53,111,129,58,100
1,<environment.Job instance at 0x7efc0c454690>,57,17,[2 6],58,118,135,60,106
1,<environment.Job instance at 0x7efc0c461730>,62,15,[4 5],63,129,144,66,115
1,<environment.Job instance at 0x7efc0c461500>,64,17,[3 5],65,135,152,70,123
1,<environment.Job instance at 0x7efc0c4612d0>,70,15,[7 4],71,129,144,58,123
1,<environment.Job instance at 0x7efc0c461140>,76,15,[5 5],77,144,159,67,130
1,<environment.Job instance at 0x7efc0c461af0>,77,16,[ 2 10],78,152,168,74,139
1,<environment.Job instance at 0x7efc0c4614b0>,80,18,[5 9],81,168,186,87,157
1,<environment.Job instance at 0x7efc0c473a50>,81,17,[2 5],82,159,176,77,157
1,<environment.Job instance at 0x7efc0c473190>,85,20,[7 5],86,176,196,90,167
1,<environment.Job instance at 0x7efc0c473050>,91,17,[1 9],92,186,203,94,174
1,<environment.Job instance at 0x7efc0c4739b0>,98,17,[2 5],99,196,213,97,184
1,<environment.Job instance at 0x7efc0c7a0960>,1,28,[3 6],2,2,30,0,2
1,<environment.Job instance at 0x7efc0badb870>,6,12,[8 4],7,7,19,0,7
1,<environment.Job instance at 0x7efc0be18c30>,7,16,[1 8],8,19,35,11,10
1,<environment.Job instance at 0x7efc0c95e550>,10,13,[9 3],11,30,43,19,14
1,<environment.Job instance at 0x7efc0c95ecd0>,15,17,[5 3],16,30,47,14,18
1,<environment.Job instance at 0x7efc0c95e3c0>,16,12,[2 7],17,43,55,26,26
1,<environment.Job instance at 0x7efc0c95e050>,20,13,[4 6],21,47,60,26,31
1,<environment.Job instance at 0x7efc0c66e690>,26,16,[9 3],27,55,71,28,42
1,<environment.Job instance at 0x7efc0c78a140>,33,18,[7 4],34,71,89,37,60
1,<environment.Job instance at 0x7efc0c9d4c80>,60,14,[8 4],61,71,85,10,61
1,<environment.Job instance at 0x7efc0c9d40f0>,67,20,[4 5],68,85,105,17,76
1,<environment.Job instance at 0x7efc159ca190>,68,14,[5 7],69,89,103,20,76
1,<environment.Job instance at 0x7efc0c48afa0>,86,18,[1 6],87,103,121,16,92
1,<environment.Job instance at 0x7efc0cbe2230>,91,17,[7 3],92,103,120,11,92
1,<environment.Job instance at 0x7efc0cbe9a00>,106,16,[9 2],107,120,136,13,107
1,<environment.Job instance at 0x7efc1521e500>,113,20,[1 5],114,114,134,0,114
1,<environment.Job instance at 0x7efc15219730>,117,18,[5 5],118,121,139,3,118
1,<environment.Job instance at 0x7efc0cbda910>,123,18,[3 8],124,136,154,12,125
1,<environment.Job instance at 0x7efc0cbda460>,127,16,[1 6],128,139,155,11,128
1,<environment.Job instance at 0x7efc0cbcdcd0>,138,17,[8 4],139,154,171,15,142
1,<environment.Job instance at 0x7efc0cbdadc0>,139,16,[7 2],140,155,171,15,142
1,<environment.Job instance at 0x7efc0bcfeaf0>,142,14,[8 5],143,171,185,28,156
1,<environment.Job instance at 0x7efc0c123550>,0,13,[12  1],1,1,14,0,1
1,<environment.Job instance at 0x7efc0c199aa0>,2,20,[5 3],3,14,34,11,5
1,<environment.Job instance at 0x7efc0c013a50>,11,16,[4 6],12,14,30,2,14
1,<environment.Job instance at 0x7efc0b739a50>,12,15,[5 1],13,14,29,1,14
1,<environment.Job instance at 0x7efc0bfb08c0>,8,13,[14  2],9,34,47,25,23
1,<environment.Job instance at 0x7efc0be54f50>,22,15,[3 7],23,47,62,24,33
1,<environment.Job instance at 0x7efc0be54500>,25,19,[2 5],26,47,66,21,37
1,<environment.Job instance at 0x7efc0be54be0>,27,16,[8 4],28,62,78,34,49
1,<environment.Job instance at 0x7efc0b90e870>,44,14,[3 7],45,66,80,21,51
1,<environment.Job instance at 0x7efc0be3e500>,52,18,[3 5],53,78,96,25,67
1,<environment.Job instance at 0x7efc0be3e780>,54,18,[5 6],55,80,98,25,69
1,<environment.Job instance at 0x7efc0c68ac80>,74,19,[7 3],75,78,97,3,77
1,<environment.Job instance at 0x7efc0c68f0f0>,75,21,[5 5],76,97,118,21,89
1,<environment.Job instance at 0x7efc0bdf0730>,88,19,[2 5],89,98,117,9,89
1,<environment.Job instance at 0x7efc0bdf05a0>,90,12,[7 2],91,98,110,7,91
1,<environment.Job instance at 0x7efc0bdf0cd0>,96,19,[3 7],97,117,136,20,107
1,<environment.Job instance at 0x7efc0bdf0fa0>,99,17,[5 4],100,118,135,18,107
1,<environment.Job instance at 0x7efc0bdf0eb0>,100,19,[5 8],101,135,154,34,125
1,<environment.Job instance at 0x7efc0bde9320>,104,13,[6 5],105,136,149,31,125
1,<environment.Job instance at 0x7efc0bde94b0>,109,15,[9 4],110,149,164,39,135
1,<environment.Job instance at 0x7efc0bde9a00>,114,14,[4 7],115,154,168,39,144
1,<environment.Job instance at 0x7efc0bde9e60>,121,19,[2 5],122,164,183,42,154
1,<environment.Job instance at 0x7efc0bdcd8c0>,136,14,[5 4],137,168,182,31,154
1,<environment.Job instance at 0x7efc0bdcd730>,137,15,[6 4],138,168,183,30,154
1,<environment.Job instance at 0x7efc0bf6dbe0>,0,13,[9 3],1,1,14,0,1
1,<environment.Job instance at 0x7efc0bf6d5a0>,5,15,[11  1],6,14,29,8,6
1,<environment.Job instance at 0x7efc0bf6daa0>,7,20,[6 5],8,29,49,21,20
1,<environment.Job instance at 0x7efc0bf6dd20>,10,15,[5 8],11,29,44,18,20
1,<environment.Job instance at 0x7efc0bf6de60>,13,16,[2 8],14,44,60,30,31
1,<environment.Job instance at 0x7efc0bf53a50>,24,14,[9 1],25,49,63,24,42
1,<environment.Job instance at 0x7efc0bf53550>,25,15,[3 9],26,60,75,34,46
1,<environment.Job instance at 0x7efc0bf53be0>,27,16,[5 1],28,63,79,35,50
1,<environment.Job instance at 0x7efc0bf53500>,29,13,[8 3],30,75,88,45,59
1,<environment.Job instance at 0x7efc0bc76730>,43,13,[3 9],44,79,92,35,63
1,<environment.Job instance at 0x7efc0bc76500>,50,14,[9 2],51,88,102,37,73
1,<environment.Job instance at 0x7efc0c627230>,57,15,[3 8],58,92,107,34,78
1,<environment.Job instance at 0x7efc0c6273c0>,58,14,[4 9],59,107,121,48,92
1,<environment.Job instance at 0x7efc0c627c30>,64,20,[4 5],65,102,122,37,93
1,<environment.Job instance at 0x7efc0c627cd0>,65,18,[4 6],66,121,139,55,110
1,<environment.Job instance at 0x7efc0c627460>,66,14,[2 6],67,122,136,55,110
1,<environment.Job instance at 0x7efc0c627be0>,68,12,[6 5],69,136,148,67,119
1,<environment.Job instance at 0x7efc0c6270f0>,75,12,[8 5],76,139,151,63,122
1,<environment.Job instance at 0x7efc0bc87960>,80,12,[2 5],81,148,160,67,131
1,<environment.Job instance at 0x7efc0bc874b0>,85,14,[8 5],86,151,165,65,136
1,<environment.Job instance at 0x7efc0bc87690>,88,20,[6 3],89,160,180,71,151
1,<environment.Job instance at 0x7efc0bc87c30>,89,21,[3 6],90,165,186,75,157
1,<environment.Job instance at 0x7efc0bc87a50>,97,19,[8 4],98,180,199,82,170
1,<environment.Job instance at 0x7efc0bc87640>,98,12,[7 5],99,186,198,87,170
1,<environment.Job instance at 0x7efc0bf6d2d0>,8,15,[ 5 10],9,198,213,189,185
1,<environment.Job instance at 0x7efc0bc87fa0>,100,18,[9 3],101,199,217,98,189
1,<environment.Job instance at 0x7efc0cba57d0>,1,13,[4 5],2,2,15,0,2
1,<environment.Job instance at 0x7efc0b983d70>,3,14,[8 4],4,4,18,0,4
1,<environment.Job instance at 0x7efc0b92a6e0>,7,20,[5 4],8,15,35,7,8
1,<environment.Job instance at 0x7efc0c4adf50>,9,16,[9 4],10,18,34,8,10
1,<environment.Job instance at 0x7efc0c2a8af0>,16,13,[6 5],17,34,47,17,18
1,<environment.Job instance at 0x7efc0c2a1e10>,22,21,[7 4],23,35,56,12,27
1,<environment.Job instance at 0x7efc0c2a10a0>,23,20,[3 9],24,47,67,23,38
1,<environment.Job instance at 0x7efc0c2a15a0>,26,16,[9 5],27,56,72,29,43
1,<environment.Job instance at 0x7efc0bc85910>,33,20,[7 3],34,72,92,38,63
1,<environment.Job instance at 0x7efc0c2a7dc0>,38,19,[6 4],39,67,86,28,63
1,<environment.Job instance at 0x7efc0bb2c640>,39,13,[6 4],40,86,99,46,70
1,<environment.Job instance at 0x7efc0bbbec30>,41,19,[5 5],42,92,111,50,82
1,<environment.Job instance at 0x7efc0bf51320>,42,17,[7 1],43,99,116,56,87
1,<environment.Job instance at 0x7efc0b5f85f0>,49,18,[7 3],50,111,129,61,100
1,<environment.Job instance at 0x7efc0bf33320>,51,18,[1 5],52,100,118,48,100
1,<environment.Job instance at 0x7efc0c2a0b90>,52,22,[1 6],53,116,138,63,109
1,<environment.Job instance at 0x7efc0c21f0a0>,55,15,[5 5],56,118,133,62,109
1,<environment.Job instance at 0x7efc0b8f5f50>,65,16,[2 6],66,133,149,67,120
1,<environment.Job instance at 0x7efc0c1fbc30>,67,17,[5 5],68,138,155,70,126
1,<environment.Job instance at 0x7efc0c1fbeb0>,69,12,[6 2],70,129,141,59,126
1,<environment.Job instance at 0x7efc0c1fb190>,70,15,[1 8],71,149,164,78,135
1,<environment.Job instance at 0x7efc0c484be0>,11,17,[5 5],12,155,172,143,153
1,<environment.Job instance at 0x7efc0c221230>,71,20,[3 8],72,164,184,92,155
1,<environment.Job instance at 0x7efc0c2212d0>,73,12,[10  4],74,172,184,98,155
1,<environment.Job instance at 0x7efc0c221460>,74,15,[10  4],75,184,199,109,170
1,<environment.Job instance at 0x7efc0c221be0>,76,22,[2 5],77,184,206,107,177
1,<environment.Job instance at 0x7efc0bc76960>,0,28,[5 4],1,1,29,0,1
1,<environment.Job instance at 0x7efc0c80faf0>,1,19,[5 4],2,2,21,0,2
1,<environment.Job instance at 0x7efc0b996460>,12,16,[1 7],13,13,29,0,13
1,<environment.Job instance at 0x7efc0b996500>,19,15,[9 2],20,21,36,1,21
1,<environment.Job instance at 0x7efc0b996190>,21,17,[7 5],22,36,53,14,24
1,<environment.Job instance at 0x7efc0b9965f0>,24,19,[5 3],25,29,48,4,26
1,<environment.Job instance at 0x7efc0b9962d0>,28,14,[5 5],29,48,62,19,33
1,<environment.Job instance at 0x7efc0b996550>,31,20,[6 5],32,53,73,21,47
1,<environment.Job instance at 0x7efc0b6e28c0>,35,19,[5 4],36,62,81,26,55
1,<environment.Job instance at 0x7efc0b996aa0>,18,18,[13  4],19,81,99,62,70
1,<environment.Job instance at 0x7efc0b6e2140>,43,18,[11  3],44,99,117,55,88
1,<environment.Job instance at 0x7efc0b6e2460>,44,24,[7 3],45,117,141,72,112
1,<environment.Job instance at 0x7efc0b6e2050>,45,13,[9 3],46,141,154,95,125
1,<environment.Job instance at 0x7efc0b6e2640>,46,12,[ 2 12],47,125,137,78,125
1,<environment.Job instance at 0x7efc0b6e2190>,47,21,[5 2],48,137,158,89,129
1,<environment.Job instance at 0x7efc0b6e2e60>,48,16,[8 1],49,154,170,105,141
1,<environment.Job instance at 0x7efc0b9965a0>,16,20,[1 7],17,144,164,127,144
1,<environment.Job instance at 0x7efc0b6e2910>,55,17,[3 5],56,158,175,102,153
1,<environment.Job instance at 0x7efc0b6e22d0>,50,13,[14  4],51,175,188,124,162
1,<environment.Job instance at 0x7efc0b47e050>,3,16,[2 5],4,4,20,0,4
1,<environment.Job instance at 0x7efc0b47e5f0>,4,17,[9 4],5,5,22,0,5
1,<environment.Job instance at 0x7efc0b3fd460>,6,16,[2 6],7,7,23,0,7
1,<environment.Job instance at 0x7efc0b3fd140>,7,17,[1 7],8,22,39,14,10
1,<environment.Job instance at 0x7efc0b3fd0f0>,10,12,[5 5],11,23,35,12,11
1,<environment.Job instance at 0x7efc0b3fd410>,14,12,[4 7],15,35,47,20,18
1,<environment.Job instance at 0x7efc0b3fd230>,13,21,[13  2],14,47,68,33,39
1,<environment.Job instance at 0x7efc0b3fd7d0>,11,15,[1 8],12,39,54,27,39
1,<environment.Job instance at 0x7efc0b3fd1e0>,12,20,[4 7],13,68,88,55,59
1,<environment.Job instance at 0x7efc0b3fd050>,21,20,[1 6],22,59,79,37,59
1,<environment.Job instance at 0x7efc0b3fd9b0>,22,18,[3 8],23,79,97,56,68
1,<environment.Job instance at 0x7efc0b45d230>,29,15,[4 7],30,88,103,58,74
1,<environment.Job instance at 0x7efc0b45d960>,39,17,[7 1],40,97,114,57,85
1,<environment.Job instance at 0x7efc0b45d050>,41,13,[1 7],42,97,110,55,87
1,<environment.Job instance at 0x7efc0b45d8c0>,47,12,[7 3],48,103,115,55,87
1,<environment.Job instance at 0x7efc0b45d550>,48,13,[10  5],49,115,128,66,99
1,<environment.Job instance at 0x7efc0b7d0870>,51,17,[8 5],52,128,145,76,116
1,<environment.Job instance at 0x7efc0b7d0960>,52,12,[2 5],53,116,128,63,116
1,<environment.Job instance at 0x7efc0b7d08c0>,53,12,[5 5],54,128,140,74,116
1,<environment.Job instance at 0x7efc0b7d0c80>,54,13,[1 9],55,140,153,85,125
1,<environment.Job instance at 0x7efc0b7d0d70>,55,20,[9 3],56,145,165,89,136
1,<environment.Job instance at 0x7efc0b7d0460>,57,12,[3 7],58,153,165,95,136
1,<environment.Job instance at 0x7efc0cb6b9b0>,63,12,[1 5],64,153,165,89,136
1,<environment.Job instance at 0x7efc0cb6b190>,69,20,[8 2],70,165,185,95,156
1,<environment.Job instance at 0x7efc0cb6bcd0>,70,14,[4 9],71,165,179,94,156
1,<environment.Job instance at 0x7efc0cb6bb40>,77,12,[5 4],78,179,191,101,162
1,<environment.Job instance at 0x7efc0b47f960>,79,12,[2 5],80,179,191,99,162
1,<environment.Job instance at 0x7efc0b47faf0>,81,16,[3 8],82,191,207,109,178
1,<environment.Job instance at 0x7efc0b47fd20>,82,16,[4 5],83,185,201,102,178
1,<environment.Job instance at 0x7efc0bf69410>,90,14,[2 5],91,201,215,110,186
1,<environment.Job instance at 0x7efc0bb30780>,0,19,[ 5 10],1,1,20,0,1
1,<environment.Job instance at 0x7efc0cc45550>,4,14,[5 4],5,5,19,0,5
1,<environment.Job instance at 0x7efc0c38e230>,5,16,[5 9],6,20,36,14,7
1,<environment.Job instance at 0x7efc15834140>,7,12,[6 3],8,19,31,11,8
1,<environment.Job instance at 0x7efc0c908b40>,10,13,[6 1],11,31,44,20,17
1,<environment.Job instance at 0x7efc0c908190>,13,12,[7 4],14,36,48,22,19
1,<environment.Job instance at 0x7efc0c908320>,11,15,[13  1],12,48,63,36,36
1,<environment.Job instance at 0x7efc0c908410>,16,12,[2 9],17,55,67,38,55
1,<environment.Job instance at 0x7efc0c908be0>,15,22,[6 5],16,63,85,47,56
1,<environment.Job instance at 0x7efc0c16c9b0>,1,16,[ 3 10],2,67,83,65,56
1,<environment.Job instance at 0x7efc0c4545a0>,19,18,[1 7],20,83,101,63,72
1,<environment.Job instance at 0x7efc0c4540f0>,22,20,[1 8],23,85,105,62,81
1,<environment.Job instance at 0x7efc0c454550>,26,21,[2 5],27,101,122,74,93
1,<environment.Job instance at 0x7efc0c454820>,28,20,[5 4],29,105,125,76,96
1,<environment.Job instance at 0x7efc0c4549b0>,29,20,[5 8],30,122,142,92,114
1,<environment.Job instance at 0x7efc0c3b7050>,45,12,[3 8],46,142,154,96,125
1,<environment.Job instance at 0x7efc0c454b40>,17,27,[9 5],18,126,153,108,126
1,<environment.Job instance at 0x7efc0c3b7690>,47,21,[5 8],48,154,175,106,149
1,<environment.Job instance at 0x7efc0c3b7d70>,49,19,[2 5],50,153,172,103,149
1,<environment.Job instance at 0x7efc0c3b71e0>,51,12,[3 7],52,172,184,120,155
1,<environment.Job instance at 0x7efc0c3b74b0>,54,20,[8 2],55,175,195,120,166
1,<environment.Job instance at 0x7efc0c3b79b0>,57,17,[2 9],58,184,201,126,178
1,<environment.Job instance at 0x7efc0c6b7b90>,59,15,[9 5],60,195,210,135,181
1,<environment.Job instance at 0x7efc0bf1f370>,2,15,[1 8],3,3,18,0,3
1,<environment.Job instance at 0x7efc0c6b7140>,5,13,[8 3],6,6,19,0,6
1,<environment.Job instance at 0x7efc0bb11410>,9,17,[ 2 10],10,18,35,8,10
1,<environment.Job instance at 0x7efc0b3f4cd0>,12,12,[5 7],13,35,47,22,18
1,<environment.Job instance at 0x7efc0bf554b0>,13,28,[8 3],14,20,48,6,20
1,<environment.Job instance at 0x7efc0b37e1e0>,22,18,[8 3],23,48,66,25,38
1,<environment.Job instance at 0x7efc0bc85aa0>,23,12,[ 3 12],24,47,59,23,38
1,<environment.Job instance at 0x7efc0bc85280>,24,14,[ 1 12],25,59,73,34,44
1,<environment.Job instance at 0x7efc0bc85870>,25,17,[6 1],26,66,83,40,54
1,<environment.Job instance at 0x7efc158342d0>,0,17,[8 1],1,66,83,65,56
1,<environment.Job instance at 0x7efc0bc85af0>,26,28,[3 6],27,83,111,56,82
1,<environment.Job instance at 0x7efc0bc85410>,28,26,[11  4],29,83,109,54,82
1,<environment.Job instance at 0x7efc0bc851e0>,29,16,[7 3],30,109,125,79,96
1,<environment.Job instance at 0x7efc0bc85370>,30,23,[7 1],31,111,134,80,105
1,<environment.Job instance at 0x7efc0bc85460>,31,13,[12  4],32,134,147,102,118
1,<environment.Job instance at 0x7efc0cb6bbe0>,32,28,[6 2],33,147,175,114,146
1,<environment.Job instance at 0x7efc0cb6b6e0>,33,21,[5 2],34,147,168,113,146
1,<environment.Job instance at 0x7efc0c08b4b0>,34,23,[8 2],35,168,191,133,162
1,<environment.Job instance at 0x7efc0c08b2d0>,35,19,[4 8],36,175,194,139,165
1,<environment.Job instance at 0x7efc0c08b0f0>,36,12,[14  3],37,194,206,157,177
1,<environment.Job instance at 0x7efc0b80c140>,3,18,[11  2],4,4,22,0,4
1,<environment.Job instance at 0x7efc0b80c280>,7,13,[1 5],8,8,21,0,8
1,<environment.Job instance at 0x7efc0b80c6e0>,8,15,[7 2],9,22,37,13,9
1,<environment.Job instance at 0x7efc0b80c1e0>,9,25,[1 5],10,10,35,0,10
1,<environment.Job instance at 0x7efc0b80c230>,5,18,[5 4],6,22,40,16,11
1,<environment.Job instance at 0x7efc0b80c910>,17,16,[5 2],18,37,53,19,24
1,<environment.Job instance at 0x7efc0b80ceb0>,15,17,[5 5],16,37,54,21,25
1,<environment.Job instance at 0x7efc0bf6e910>,19,18,[7 5],20,53,71,33,42
1,<environment.Job instance at 0x7efc0bf6e230>,24,13,[8 4],25,54,67,29,42
1,<environment.Job instance at 0x7efc0bf6ee60>,32,14,[8 5],33,67,81,34,52
1,<environment.Job instance at 0x7efc0bf6e9b0>,39,14,[3 5],40,71,85,31,56
1,<environment.Job instance at 0x7efc0b66d7d0>,44,17,[4 8],45,81,98,36,69
1,<environment.Job instance at 0x7efc0b66d730>,47,16,[5 5],48,85,101,37,72
1,<environment.Job instance at 0x7efc0b66d6e0>,48,18,[1 5],49,98,116,49,87
1,<environment.Job instance at 0x7efc0b66d280>,51,14,[8 3],52,98,112,46,87
1,<environment.Job instance at 0x7efc0b66daa0>,52,14,[4 7],53,101,115,48,87
1,<environment.Job instance at 0x7efc0caa0d70>,72,16,[7 3],73,112,128,39,99
1,<environment.Job instance at 0x7efc0caa0690>,73,20,[5 3],74,115,135,41,106
1,<environment.Job instance at 0x7efc0caa0f00>,75,17,[4 6],76,128,145,52,116
1,<environment.Job instance at 0x7efc0c66e730>,84,14,[5 2],85,128,142,43,116
1,<environment.Job instance at 0x7efc0c66e7d0>,90,21,[6 5],91,135,156,44,127
1,<environment.Job instance at 0x7efc0c66e960>,92,19,[4 5],93,145,164,52,135
1,<environment.Job instance at 0x7efc0b7848c0>,97,19,[10  2],98,156,175,58,146
1,<environment.Job instance at 0x7efc0b784eb0>,98,17,[6 4],99,175,192,76,163
1,<environment.Job instance at 0x7efc156c4960>,111,21,[4 7],112,165,186,53,165
1,<environment.Job instance at 0x7efc0c687fa0>,119,18,[10  5],120,192,210,72,181
1,<environment.Job instance at 0x7efc0b7844b0>,0,23,[4 8],1,3,26,2,3
1,<environment.Job instance at 0x7efc0c56cc30>,5,12,[5 4],6,6,18,0,6
1,<environment.Job instance at 0x7efc0bab90f0>,8,14,[7 2],9,18,32,9,9
1,<environment.Job instance at 0x7efc0c56f320>,4,19,[2 5],5,18,37,13,9
1,<environment.Job instance at 0x7efc0bfea050>,16,19,[3 9],17,32,51,15,22
1,<environment.Job instance at 0x7efc0bfea780>,19,13,[1 5],20,37,50,17,22
1,<environment.Job instance at 0x7efc0bfea690>,20,18,[8 1],21,32,50,11,22
1,<environment.Job instance at 0x7efc0bfea4b0>,22,17,[2 9],23,51,68,28,39
1,<environment.Job instance at 0x7efc0bfeabe0>,24,12,[9 3],25,50,62,25,39
1,<environment.Job instance at 0x7efc0bfeae10>,26,16,[8 3],27,62,78,35,49
1,<environment.Job instance at 0x7efc0c32fb90>,31,20,[5 5],32,68,88,36,59
1,<environment.Job instance at 0x7efc0c32f640>,33,14,[8 4],34,78,92,44,63
1,<environment.Job instance at 0x7efc0c32fd20>,38,18,[10  5],39,92,110,53,81
1,<environment.Job instance at 0x7efc0c32f820>,41,15,[2 5],42,81,96,39,81
1,<environment.Job instance at 0x7efc0c32f0f0>,48,12,[6 5],49,110,122,61,93
1,<environment.Job instance at 0x7efc0c12c820>,49,19,[ 2 10],50,96,115,46,93
1,<environment.Job instance at 0x7efc0c12c9b0>,51,19,[7 4],52,115,134,63,105
1,<environment.Job instance at 0x7efc0bfeadc0>,17,14,[2 7],18,122,136,104,109
1,<environment.Job instance at 0x7efc0c12ca50>,55,20,[7 4],56,134,154,78,125
1,<environment.Job instance at 0x7efc0c12ceb0>,57,16,[2 9],58,136,152,78,125
1,<environment.Job instance at 0x7efc0c12caf0>,58,16,[1 8],59,152,168,93,139
1,<environment.Job instance at 0x7efc0c12c230>,59,15,[9 3],60,154,169,94,140
1,<environment.Job instance at 0x7efc0cb52370>,60,15,[4 8],61,168,183,107,154
1,<environment.Job instance at 0x7efc0cb52e60>,65,15,[2 9],66,183,198,117,169
1,<environment.Job instance at 0x7efc0cb525f0>,66,19,[2 5],67,169,188,102,169
1,<environment.Job instance at 0x7efc0cb52aa0>,69,13,[5 6],70,188,201,118,172
1,<environment.Job instance at 0x7efc0cb52190>,71,20,[6 3],72,198,218,126,189
1,<environment.Job instance at 0x7efc0cb529b0>,72,12,[5 6],73,201,213,128,189
1,<environment.Job instance at 0x7efc0bf6ea50>,1,14,[6 4],2,2,16,0,2
1,<environment.Job instance at 0x7efc0b66daf0>,2,24,[5 2],3,3,27,0,3
1,<environment.Job instance at 0x7efc0b81dfa0>,5,17,[5 5],6,16,33,10,6
1,<environment.Job instance at 0x7efc0c6ecc30>,10,12,[ 2 11],11,33,45,22,17
1,<environment.Job instance at 0x7efc0cb52690>,8,15,[11  1],9,33,48,24,23
1,<environment.Job instance at 0x7efc0c1be500>,9,14,[5 9],10,48,62,38,33
1,<environment.Job instance at 0x7efc0bdcbb90>,17,14,[5 4],18,48,62,30,33
1,<environment.Job instance at 0x7efc0c569190>,12,14,[ 1 11],13,62,76,49,52
1,<environment.Job instance at 0x7efc0bdcbd70>,22,14,[ 2 14],23,76,90,53,62
1,<environment.Job instance at 0x7efc0c767b40>,23,28,[14  2],24,90,118,66,89
1,<environment.Job instance at 0x7efc0c767a50>,24,13,[14  4],25,118,131,93,102
1,<environment.Job instance at 0x7efc0bdcb910>,21,17,[4 8],22,131,148,109,119
1,<environment.Job instance at 0x7efc0c7676e0>,26,15,[7 5],27,131,146,104,119
1,<environment.Job instance at 0x7efc0c7675a0>,28,14,[2 8],29,148,162,119,133
1,<environment.Job instance at 0x7efc0c767af0>,25,19,[11  5],26,146,165,120,137
1,<environment.Job instance at 0x7efc0c767410>,31,14,[ 4 13],32,165,179,133,152
1,<environment.Job instance at 0x7efc0c55b780>,13,23,[1 6],14,179,202,165,173
1,<environment.Job instance at 0x7efc0c767460>,32,23,[6 4],33,179,202,146,173
1,<environment.Job instance at 0x7efc0c3324b0>,0,13,[2 8],1,1,14,0,1
1,<environment.Job instance at 0x7efc0bfea230>,4,14,[3 8],5,14,28,9,5
1,<environment.Job instance at 0x7efc0c562780>,5,13,[6 5],6,6,19,0,6
1,<environment.Job instance at 0x7efc0b6ce5f0>,9,15,[5 5],10,19,34,9,11
1,<environment.Job instance at 0x7efc0be717d0>,11,12,[4 5],12,28,40,16,12
1,<environment.Job instance at 0x7efc0cb5a960>,12,13,[ 5 12],13,40,53,27,24
1,<environment.Job instance at 0x7efc0be71730>,13,14,[9 5],14,53,67,39,38
1,<environment.Job instance at 0x7efc0bddbb90>,14,14,[ 1 10],15,53,67,38,38
1,<environment.Job instance at 0x7efc0bddbbe0>,15,19,[12  3],16,67,86,51,57
1,<environment.Job instance at 0x7efc0cbe5f50>,47,13,[13  2],48,86,99,38,70
1,<environment.Job instance at 0x7efc0cbe5d70>,48,12,[1 7],49,70,82,21,70
1,<environment.Job instance at 0x7efc0cbe5c80>,49,13,[ 2 11],50,82,95,32,70
1,<environment.Job instance at 0x7efc0cbe5eb0>,46,16,[1 7],47,95,111,48,84
1,<environment.Job instance at 0x7efc0cbaff00>,53,17,[10  3],54,99,116,45,88
1,<environment.Job instance at 0x7efc0b752230>,7,13,[14  5],8,116,129,108,101
1,<environment.Job instance at 0x7efc0cbaf0a0>,56,18,[10  4],57,129,147,72,118
1,<environment.Job instance at 0x7efc0cbaf730>,63,14,[7 3],64,147,161,83,132
1,<environment.Job instance at 0x7efc0cbe5e60>,50,26,[2 5],51,132,158,81,132
1,<environment.Job instance at 0x7efc0cbaf230>,64,16,[2 9],65,158,174,93,148
1,<environment.Job instance at 0x7efc0cbcde60>,65,16,[11  4],66,161,177,95,148
1,<environment.Job instance at 0x7efc0be5f500>,77,13,[10  2],78,177,190,99,161
1,<environment.Job instance at 0x7efc0be68500>,82,28,[12  3],83,190,218,107,189
1,<environment.Job instance at 0x7efc0b8fd550>,0,12,[12  4],1,1,13,0,1
1,<environment.Job instance at 0x7efc0b8fd910>,1,19,[3 7],2,2,21,0,2
1,<environment.Job instance at 0x7efc0b8fdc30>,2,18,[5 5],3,13,31,10,3
1,<environment.Job instance at 0x7efc0b2ed370>,14,15,[5 5],15,21,36,6,15
1,<environment.Job instance at 0x7efc0b2ede60>,16,15,[3 5],17,21,36,4,17
1,<environment.Job instance at 0x7efc0b2ed4b0>,18,18,[3 5],19,31,49,12,20
1,<environment.Job instance at 0x7efc0b2ed050>,21,15,[2 9],22,36,51,14,22
1,<environment.Job instance at 0x7efc0b8fdeb0>,8,14,[7 5],9,49,63,40,34
1,<environment.Job instance at 0x7efc0b2ed460>,22,17,[1 9],23,51,68,28,43
1,<environment.Job instance at 0x7efc0b8fd9b0>,3,23,[5 3],4,63,86,59,57
1,<environment.Job instance at 0x7efc0b2eda00>,27,14,[ 1 11],28,68,82,40,57
1,<environment.Job instance at 0x7efc0b806780>,36,20,[2 9],37,82,102,45,74
1,<environment.Job instance at 0x7efc0b806f00>,37,18,[1 6],38,86,104,48,76
1,<environment.Job instance at 0x7efc0c8ec5f0>,43,17,[5 4],44,102,119,58,90
1,<environment.Job instance at 0x7efc0c8ecfa0>,46,14,[5 1],47,102,116,55,90
1,<environment.Job instance at 0x7efc0c8ec3c0>,51,12,[2 7],52,104,116,52,90
1,<environment.Job instance at 0x7efc0c8ec870>,54,15,[3 8],55,116,131,61,103
1,<environment.Job instance at 0x7efc0c8ecf00>,56,15,[8 2],57,119,134,62,105
1,<environment.Job instance at 0x7efc0caa5910>,65,18,[6 5],66,131,149,65,120
1,<environment.Job instance at 0x7efc0caa5aa0>,66,15,[9 1],67,134,149,67,121
1,<environment.Job instance at 0x7efc0caa55a0>,68,17,[5 4],69,149,166,80,137
1,<environment.Job instance at 0x7efc0caa5690>,71,15,[ 5 10],72,149,164,77,139
1,<environment.Job instance at 0x7efc0bd50280>,75,15,[5 6],76,164,179,88,150
1,<environment.Job instance at 0x7efc0bc96820>,78,19,[5 6],79,166,185,87,156
1,<environment.Job instance at 0x7efc0c3445f0>,79,20,[4 6],80,179,199,99,170
1,<environment.Job instance at 0x7efc0c95f5a0>,80,19,[5 3],81,170,189,89,170
1,<environment.Job instance at 0x7efc1578daa0>,81,17,[6 1],82,185,202,103,173
1,<environment.Job instance at 0x7efc0c3c9d20>,83,14,[6 3],84,199,213,115,184
1,<environment.Job instance at 0x7efc0bfeaaf0>,85,19,[1 5],86,189,208,103,184
1,<environment.Job instance at 0x7efc0c562820>,0,25,[5 1],1,1,26,0,1
1,<environment.Job instance at 0x7efc0c700320>,3,15,[2 8],4,4,19,0,4
1,<environment.Job instance at 0x7efc0c079d20>,5,14,[8 5],6,6,20,0,6
1,<environment.Job instance at 0x7efc0c079f00>,6,16,[3 8],7,20,36,13,7
1,<environment.Job instance at 0x7efc0bb6a870>,9,13,[8 1],10,26,39,16,10
1,<environment.Job instance at 0x7efc0cb672d0>,10,12,[8 1],11,39,51,28,22
1,<environment.Job instance at 0x7efc0c2c71e0>,13,15,[10  3],14,51,66,37,37
1,<environment.Job instance at 0x7efc0c2c74b0>,14,16,[5 3],15,37,53,22,37
1,<environment.Job instance at 0x7efc0b9b4e10>,15,15,[4 9],16,53,68,37,39
1,<environment.Job instance at 0x7efc0bcac730>,16,16,[7 3],17,66,82,49,53
1,<environment.Job instance at 0x7efc0c2112d0>,8,20,[3 7],9,68,88,59,59
1,<environment.Job instance at 0x7efc0c74ef00>,11,13,[7 2],12,82,95,70,66
1,<environment.Job instance at 0x7efc0cb67b90>,12,21,[9 2],13,95,116,82,88
1,<environment.Job instance at 0x7efc0cc330a0>,21,28,[ 5 11],22,91,119,69,91
1,<environment.Job instance at 0x7efc0cc33640>,22,19,[7 2],23,116,135,93,106
1,<environment.Job instance at 0x7efc0cc33a50>,23,13,[14  1],24,135,148,111,119
1,<environment.Job instance at 0x7efc0cc335a0>,24,20,[ 4 10],25,148,168,123,140
1,<environment.Job instance at 0x7efc0b51f730>,25,14,[3 9],26,168,182,142,153
1,<environment.Job instance at 0x7efc0cc33f00>,18,22,[9 4],19,161,183,142,161
1,<environment.Job instance at 0x7efc0c277dc0>,34,14,[5 6],35,182,196,147,167
1,<environment.Job instance at 0x7efc0c166370>,26,18,[1 9],27,183,201,156,172
1,<environment.Job instance at 0x7f2a297714b0>,0,17,[6 1],1,1,18,0,1
1,<environment.Job instance at 0x7f2a29771640>,2,20,[7 4],3,3,23,0,3
1,<environment.Job instance at 0x7f2a1ff9e190>,10,15,[5 1],11,18,33,7,11
1,<environment.Job instance at 0x7f2a1ff9e230>,11,15,[6 1],12,23,38,11,12
1,<environment.Job instance at 0x7f2a1ff9e9b0>,22,13,[7 4],23,33,46,10,23
1,<environment.Job instance at 0x7f2a1ff9eb90>,24,20,[4 6],25,38,58,13,29
1,<environment.Job instance at 0x7f2a1ff9ec30>,26,12,[8 5],27,46,58,19,29
1,<environment.Job instance at 0x7f2a1ffa1140>,32,17,[9 3],33,58,75,25,46
1,<environment.Job instance at 0x7f2a1ffa1370>,35,16,[1 9],36,58,74,22,46
1,<environment.Job instance at 0x7f2a1ffa9640>,0,13,[ 4 12],1,1,14,0,1
1,<environment.Job instance at 0x7f2a1ffa13c0>,1,13,[5 6],2,14,27,12,2
1,<environment.Job instance at 0x7f2a1ffa1370>,3,17,[7 4],4,14,31,10,4
1,<environment.Job instance at 0x7f2a200c5c80>,6,21,[8 4],7,27,48,20,19
1,<environment.Job instance at 0x7f2a200c5460>,9,19,[1 7],10,31,50,21,21
1,<environment.Job instance at 0x7f2a200c55f0>,13,12,[5 3],14,31,43,17,21
1,<environment.Job instance at 0x7f2a200c5d70>,17,18,[9 4],18,48,66,30,37
1,<environment.Job instance at 0x7f2a1f718640>,3,13,[11  4],4,4,17,0,4
1,<environment.Job instance at 0x7f2a1f718d70>,4,16,[1 9],5,5,21,0,5
1,<environment.Job instance at 0x7f2a1f718a00>,8,25,[1 7],9,21,46,12,17
1,<environment.Job instance at 0x7f2a1f7184b0>,6,16,[7 5],7,27,43,20,27
1,<environment.Job instance at 0x7f2a1f706eb0>,13,12,[1 6],14,43,55,29,27
1,<environment.Job instance at 0x7f2a1f706f00>,14,17,[5 1],15,28,45,13,28
1,<environment.Job instance at 0x7f2a1f718730>,9,18,[1 9],10,46,64,36,35
1,<environment.Job instance at 0x7f2a1fa8d4b0>,0,24,[ 2 13],1,1,25,0,1
1,<environment.Job instance at 0x7f2a1f7f89b0>,6,15,[ 2 10],7,25,40,18,11
1,<environment.Job instance at 0x7f2a1fc885f0>,7,25,[ 3 13],8,40,65,32,36
1,<environment.Job instance at 0x7f2a20093f50>,0,13,[12  2],1,1,14,0,1
1,<environment.Job instance at 0x7f2a1f70a050>,1,27,[3 6],2,2,29,0,2
1,<environment.Job instance at 0x7f2a1fc885f0>,3,15,[6 1],4,14,29,10,4
1,<environment.Job instance at 0x7f2a1f564dc0>,4,18,[5 4],5,14,32,9,6
1,<environment.Job instance at 0x7f2a1f5684b0>,11,15,[11  5],12,32,47,20,18
1,<environment.Job instance at 0x7f2a1f568280>,7,14,[11  1],8,47,61,39,33
1,<environment.Job instance at 0x7f2a1f568690>,14,13,[2 5],15,34,47,19,34
1,<environment.Job instance at 0x7f2a1f568e10>,26,15,[8 5],27,61,76,34,47
1,<environment.Job instance at 0x7f2a1f568fa0>,2,13,[3 5],3,3,16,0,3
1,<environment.Job instance at 0x7f2a1f61e4b0>,3,16,[5 8],4,4,20,0,4
1,<environment.Job instance at 0x7f2a1f61e640>,6,14,[3 5],7,16,30,9,7
1,<environment.Job instance at 0x7f2a1f5ddf00>,17,17,[10  4],18,20,37,2,18
1,<environment.Job instance at 0x7f2a1f5dd410>,18,13,[6 4],19,37,50,18,21
1,<environment.Job instance at 0x7f2a1f5dd4b0>,21,16,[6 3],22,37,53,15,24
1,<environment.Job instance at 0x7f2a1f65a3c0>,25,13,[8 3],26,50,63,24,34
1,<environment.Job instance at 0x7f2a1f65a640>,26,22,[7 5],27,53,75,26,47
1,<environment.Job instance at 0x7f2a1fc983c0>,0,12,[5 5],1,1,13,0,1
1,<environment.Job instance at 0x7f2a1fc98960>,3,18,[9 5],4,4,22,0,4
1,<environment.Job instance at 0x7f2a1fc98910>,4,18,[1 7],5,13,31,8,5
1,<environment.Job instance at 0x7f2a1fc5b0f0>,9,16,[11  3],10,22,38,12,10
1,<environment.Job instance at 0x7f2a1fc5b820>,14,12,[4 7],15,31,43,16,15
1,<environment.Job instance at 0x7f2a1fc5bf00>,10,14,[7 1],11,38,52,27,23
1,<environment.Job instance at 0x7f2a1fc5b190>,19,19,[ 3 11],20,43,62,23,33
1,<environment.Job instance at 0x7f2a1fc5b500>,20,14,[3 7],21,62,76,41,47
1,<environment.Job instance at 0x7f2a1f6a60f0>,0,23,[ 4 11],1,1,24,0,1
1,<environment.Job instance at 0x7f2a1fe89a50>,8,14,[3 6],9,24,38,15,9
1,<environment.Job instance at 0x7f2a1fe89af0>,9,12,[6 4],10,10,22,0,10
1,<environment.Job instance at 0x7f2a1fe7e0f0>,18,16,[5 2],19,22,38,3,20
1,<environment.Job instance at 0x7f2a1fe7e190>,19,22,[2 5],20,24,46,4,20
1,<environment.Job instance at 0x7f2a1fe7e690>,25,13,[5 5],26,38,51,12,26
1,<environment.Job instance at 0x7f2a1fe7e730>,26,20,[7 1],27,38,58,11,29
1,<environment.Job instance at 0x7f2a1fe7eaf0>,31,20,[5 5],32,51,71,19,42
1,<environment.Job instance at 0x7f2a1fe7ed20>,35,17,[7 4],36,58,75,22,46
1,<environment.Job instance at 0x7f2a1fe7ee10>,2,14,[4 5],3,3,17,0,3
1,<environment.Job instance at 0x7f2a209b55f0>,3,15,[11  2],4,4,19,0,4
1,<environment.Job instance at 0x7f2a1fe7edc0>,5,13,[5 6],6,19,32,13,6
1,<environment.Job instance at 0x7f2a2971d780>,11,13,[ 5 12],12,32,45,20,16
1,<environment.Job instance at 0x7f2a1fa4dbe0>,18,18,[5 5],19,45,63,26,34
1,<environment.Job instance at 0x7f2a1fa4dc30>,32,20,[10  2],33,34,54,1,34
1,<environment.Job instance at 0x7f2a1fa4d550>,34,15,[2 6],35,54,69,19,41
1,<environment.Job instance at 0x7f2a20280050>,2,19,[7 3],3,3,22,0,3
1,<environment.Job instance at 0x7f2a1f6bba50>,5,18,[5 5],6,6,24,0,6
1,<environment.Job instance at 0x7f2a1f6bb280>,6,15,[2 6],7,7,22,0,7
1,<environment.Job instance at 0x7f2a1f6bb2d0>,7,14,[8 4],8,22,36,14,8
1,<environment.Job instance at 0x7f2a1f6bb230>,10,15,[5 2],11,24,39,13,13
1,<environment.Job instance at 0x7f2a1f72c460>,13,20,[4 7],14,36,56,22,29
1,<environment.Job instance at 0x7f2a1fe65730>,12,13,[10  4],13,39,52,26,29
1,<environment.Job instance at 0x7f2a1f5d8690>,15,12,[12  2],16,56,68,40,39
1,<environment.Job instance at 0x7f2a1fb72c30>,0,15,[3 5],1,1,16,0,1
1,<environment.Job instance at 0x7f2a1f5d8690>,2,17,[5 5],3,3,20,0,3
1,<environment.Job instance at 0x7f2a1fb72c80>,1,27,[5 5],2,7,34,5,7
1,<environment.Job instance at 0x7f2a1fb03190>,14,13,[5 5],15,16,29,1,15
1,<environment.Job instance at 0x7f2a1fb032d0>,17,16,[9 4],18,29,45,11,18
1,<environment.Job instance at 0x7f2a1fb03640>,20,14,[9 5],21,45,59,24,30
1,<environment.Job instance at 0x7f2a1fb03870>,23,19,[7 5],24,59,78,35,49
1,<environment.Job instance at 0x7f2a1faf2550>,42,18,[2 5],43,49,67,6,49
1,<environment.Job instance at 0x7f2a1fb03410>,16,18,[6 3],17,59,77,42,49
1,<environment.Job instance at 0x7f2a200b1eb0>,0,15,[2 7],1,1,16,0,1
1,<environment.Job instance at 0x7f2a1fb03280>,1,16,[6 1],2,2,18,0,2
1,<environment.Job instance at 0x7f2a1fb03410>,3,14,[10  3],4,18,32,14,4
1,<environment.Job instance at 0x7f2a200b1a00>,2,17,[ 2 12],3,16,33,13,4
1,<environment.Job instance at 0x7f2a2917af50>,12,16,[1 5],13,33,49,20,20
1,<environment.Job instance at 0x7f2a2917a6e0>,10,13,[4 5],11,33,46,22,25
1,<environment.Job instance at 0x7f2a2039eeb0>,29,14,[1 7],30,46,60,16,31
1,<environment.Job instance at 0x7f2a2039e460>,30,18,[7 5],31,49,67,18,38
1,<environment.Job instance at 0x7f2a1fa825f0>,37,16,[2 8],38,60,76,22,47
1,<environment.Job instance at 0x7f2a20ae6c30>,0,14,[5 1],1,1,15,0,1
1,<environment.Job instance at 0x7f2a1fa1a6e0>,4,14,[8 4],5,5,19,0,5
1,<environment.Job instance at 0x7f2a1fc59f00>,1,24,[2 6],2,6,30,4,6
1,<environment.Job instance at 0x7f2a202807d0>,5,14,[11  2],6,19,33,13,6
1,<environment.Job instance at 0x7f2a291cd370>,8,14,[5 8],9,33,47,24,18
1,<environment.Job instance at 0x7f2a291bea50>,14,19,[3 6],15,30,49,15,20
1,<environment.Job instance at 0x7f2a291be5a0>,16,15,[6 1],17,33,48,16,20
1,<environment.Job instance at 0x7f2a1fdfe5f0>,20,12,[2 8],21,47,59,26,30
1,<environment.Job instance at 0x7f2a201f6640>,21,13,[6 4],22,49,62,27,33
1,<environment.Job instance at 0x7f2a20472320>,24,13,[5 7],25,59,72,34,44
1,<environment.Job instance at 0x7f2a2036b500>,0,18,[ 4 11],1,1,19,0,1
1,<environment.Job instance at 0x7f2a207ff0a0>,2,12,[7 2],3,3,15,0,3
1,<environment.Job instance at 0x7f2a1f6e91e0>,5,18,[ 2 10],6,19,37,13,8
1,<environment.Job instance at 0x7f2a2066fdc0>,8,12,[ 5 11],9,37,49,28,20
1,<environment.Job instance at 0x7f2a20658c30>,13,12,[9 1],14,20,32,6,20
1,<environment.Job instance at 0x7f2a20658320>,11,14,[14  2],12,49,63,37,34
1,<environment.Job instance at 0x7f2a20325cd0>,0,15,[5 5],1,1,16,0,1
1,<environment.Job instance at 0x7f2a20658320>,2,24,[6 3],3,3,27,0,3
1,<environment.Job instance at 0x7f2a1fe89190>,5,18,[6 4],6,16,34,10,6
1,<environment.Job instance at 0x7f2a2018dd70>,14,19,[1 6],15,15,34,0,15
1,<environment.Job instance at 0x7f2a1f430550>,19,13,[5 8],20,34,47,14,20
1,<environment.Job instance at 0x7f2a2018d2d0>,21,17,[2 7],22,34,51,12,22
1,<environment.Job instance at 0x7f2a20733230>,30,14,[9 2],31,47,61,16,32
1,<environment.Job instance at 0x7f2a20733820>,34,22,[5 4],35,51,73,16,44
1,<environment.Job instance at 0x7f2a20733c80>,37,16,[5 2],38,61,77,23,48
1,<environment.Job instance at 0x7f2a1f511b90>,0,14,[ 4 13],1,1,15,0,1
1,<environment.Job instance at 0x7f2a1f4deb90>,5,22,[6 2],6,6,28,0,6
1,<environment.Job instance at 0x7f2a1f4deaf0>,9,15,[9 2],10,15,30,5,10
1,<environment.Job instance at 0x7f2a1f5110f0>,10,14,[2 7],11,28,42,17,14
1,<environment.Job instance at 0x7f2a1f4de460>,11,14,[5 7],12,30,44,18,15
1,<environment.Job instance at 0x7f2a1fdb1aa0>,17,14,[2 9],18,44,58,26,29
1,<environment.Job instance at 0x7f2a1fe89410>,24,13,[4 5],25,42,55,17,29
1,<environment.Job instance at 0x7f2a1f4decd0>,13,16,[6 2],14,55,71,41,46
1,<environment.Job instance at 0x7f2a20853d70>,1,15,[5 4],2,2,17,0,2
1,<environment.Job instance at 0x7f2a2070f550>,6,14,[7 3],7,7,21,0,7
1,<environment.Job instance at 0x7f2a1fe20730>,15,12,[5 5],16,17,29,1,16
1,<environment.Job instance at 0x7f2a1fe46780>,17,19,[1 8],18,21,40,3,18
1,<environment.Job instance at 0x7f2a1f4decd0>,19,17,[8 3],20,29,46,9,20
1,<environment.Job instance at 0x7f2a1fe399b0>,21,14,[8 3],22,46,60,24,31
1,<environment.Job instance at 0x7f2a1f702a00>,32,19,[3 6],33,44,63,11,44
1,<environment.Job instance at 0x7f2a1fde56e0>,40,18,[7 4],41,60,78,19,49
1,<environment.Job instance at 0x7f2a2033a3c0>,4,20,[5 3],5,5,25,0,5
1,<environment.Job instance at 0x7f2a2033a370>,10,16,[6 3],11,11,27,0,11
1,<environment.Job instance at 0x7f2a2033aeb0>,11,14,[11  5],12,27,41,15,12
1,<environment.Job instance at 0x7f2a2033a1e0>,13,23,[1 6],14,14,37,0,14
1,<environment.Job instance at 0x7f2a1fdcba00>,20,14,[5 1],21,41,55,20,26
1,<environment.Job instance at 0x7f2a1fdcb910>,21,20,[3 8],22,37,57,15,28
1,<environment.Job instance at 0x7f2a2033aa50>,19,16,[13  1],20,57,73,37,44
1,<environment.Job instance at 0x7f2a1fd56870>,0,13,[ 1 12],1,1,14,0,1
1,<environment.Job instance at 0x7f2a1fd56e60>,4,14,[4 8],5,14,28,9,5
1,<environment.Job instance at 0x7f2a20736f50>,8,13,[4 5],9,14,27,5,9
1,<environment.Job instance at 0x7f2a20736b40>,13,20,[8 4],14,27,47,13,18
1,<environment.Job instance at 0x7f2a20736320>,18,19,[6 5],19,28,47,9,19
1,<environment.Job instance at 0x7f2a20736730>,21,15,[2 7],22,47,62,25,33
1,<environment.Job instance at 0x7f2a20736780>,22,17,[3 5],23,47,64,24,35
1,<environment.Job instance at 0x7f2a20736d70>,11,14,[10  4],12,62,76,50,47
1,<environment.Job instance at 0x7f2a1f511fa0>,0,12,[ 3 12],1,1,13,0,1
1,<environment.Job instance at 0x7f2a1fd02e10>,2,19,[2 5],3,13,32,10,3
1,<environment.Job instance at 0x7f2a1fea0c30>,5,16,[11  5],6,13,29,7,6
1,<environment.Job instance at 0x7f2a1fea0f00>,7,17,[6 2],8,29,46,21,18
1,<environment.Job instance at 0x7f2a206d79b0>,10,19,[4 5],11,29,48,18,19
1,<environment.Job instance at 0x7f2a1fea0e60>,12,16,[6 3],13,46,62,33,33
1,<environment.Job instance at 0x7f2a1fea0aa0>,8,16,[6 5],9,48,64,39,39
1,<environment.Job instance at 0x7f2a20a0fbe0>,15,16,[6 4],16,62,78,46,49
1,<environment.Job instance at 0x7f041a9a4460>,0,17,[6 1],1,1,18,0,1
1,<environment.Job instance at 0x7f041a9a45f0>,2,20,[7 4],3,3,23,0,3
1,<environment.Job instance at 0x7f041124fdc0>,10,15,[5 1],11,18,33,7,11
1,<environment.Job instance at 0x7f04111cd1e0>,11,15,[6 1],12,23,38,11,12
1,<environment.Job instance at 0x7f04111cd960>,22,13,[7 4],23,33,46,10,23
1,<environment.Job instance at 0x7f04111cd320>,21,14,[ 4 11],22,38,52,16,25
1,<environment.Job instance at 0x7f04111cd140>,20,17,[ 2 14],21,52,69,31,40
1,<environment.Job instance at 0x7f04111cdd70>,26,12,[8 5],27,69,81,42,52
1,<environment.Job instance at 0x7f04111cdd20>,2,14,[ 4 11],3,3,17,0,3
1,<environment.Job instance at 0x7f0411734a00>,3,12,[5 3],4,4,16,0,4
1,<environment.Job instance at 0x7f0411697aa0>,9,26,[1 7],10,17,43,7,14
1,<environment.Job instance at 0x7f04117343c0>,0,28,[2 6],1,17,45,16,16
1,<environment.Job instance at 0x7f0411697d70>,11,14,[4 9],12,43,57,31,28
1,<environment.Job instance at 0x7f0411697b90>,10,15,[8 4],11,45,60,34,31
1,<environment.Job instance at 0x7f0411697370>,13,18,[3 5],14,57,75,43,46
1,<environment.Job instance at 0x7f0411697dc0>,14,19,[3 8],15,60,79,45,51
1,<environment.Job instance at 0x7f0411697af0>,15,17,[7 1],16,60,77,44,51
1,<environment.Job instance at 0x7f04109548c0>,0,17,[ 4 12],1,1,18,0,1
1,<environment.Job instance at 0x7f04109141e0>,6,27,[12  1],7,18,45,11,16
1,<environment.Job instance at 0x7f0410914320>,4,18,[13  5],5,45,63,40,34
1,<environment.Job instance at 0x7f0411697af0>,2,18,[7 4],3,63,81,60,54
1,<environment.Job instance at 0x7f041095b960>,0,26,[3 9],1,2,28,1,2
1,<environment.Job instance at 0x7f0410c19a50>,1,19,[11  4],2,2,21,0,2
1,<environment.Job instance at 0x7f0410f8db40>,6,17,[9 2],7,21,38,14,9
1,<environment.Job instance at 0x7f0411ddc1e0>,12,20,[7 5],13,38,58,25,29
1,<environment.Job instance at 0x7f04111ecc30>,13,15,[9 5],14,58,73,44,44
1,<environment.Job instance at 0x7f0411ddc0a0>,15,21,[5 9],16,44,65,28,44
1,<environment.Job instance at 0x7f0410b9cc30>,0,13,[2 7],1,1,14,0,1
1,<environment.Job instance at 0x7f04107a5c30>,6,13,[4 5],7,7,20,0,7
1,<environment.Job instance at 0x7f04107a90f0>,9,14,[12  3],10,20,34,10,10
1,<environment.Job instance at 0x7f04107a5fa0>,12,13,[3 5],13,14,27,1,14
1,<environment.Job instance at 0x7f04107a94b0>,16,14,[3 5],17,27,41,10,17
1,<environment.Job instance at 0x7f04107a9a50>,23,17,[10  2],24,34,51,10,24
1,<environment.Job instance at 0x7f04107a9d20>,27,17,[10  4],28,51,68,23,39
1,<environment.Job instance at 0x7f04107a9e10>,28,13,[6 4],29,68,81,39,52
1,<environment.Job instance at 0x7f04107a9dc0>,31,16,[6 3],32,68,84,36,55
1,<environment.Job instance at 0x7f041083c500>,0,12,[5 5],1,1,13,0,1
1,<environment.Job instance at 0x7f041083c230>,3,18,[9 5],4,4,22,0,4
1,<environment.Job instance at 0x7f041083c140>,4,18,[1 7],5,13,31,8,5
1,<environment.Job instance at 0x7f04107f4f50>,9,16,[11  3],10,22,38,12,10
1,<environment.Job instance at 0x7f04107f4aa0>,14,12,[4 7],15,31,43,16,15
1,<environment.Job instance at 0x7f04107f4190>,10,14,[7 1],11,38,52,27,23
1,<environment.Job instance at 0x7f04107f4960>,20,14,[3 7],21,38,52,17,33
1,<environment.Job instance at 0x7f04107f4280>,19,19,[ 3 11],20,52,71,32,42
1,<environment.Job instance at 0x7f04107f4910>,24,16,[ 4 10],25,71,87,46,58
1,<environment.Job instance at 0x7f041112b190>,7,23,[9 5],8,8,31,0,8
1,<environment.Job instance at 0x7f041112bc30>,8,16,[5 2],9,9,25,0,9
1,<environment.Job instance at 0x7f041167ae10>,10,12,[ 1 10],11,25,37,14,13
1,<environment.Job instance at 0x7f041112b4b0>,15,13,[5 5],16,31,44,15,16
1,<environment.Job instance at 0x7f041112b460>,12,24,[6 4],13,37,61,24,32
1,<environment.Job instance at 0x7f041112b690>,17,25,[4 9],18,44,69,26,40
1,<environment.Job instance at 0x7f041112b3c0>,18,26,[6 1],19,61,87,42,58
1,<environment.Job instance at 0x7f041135a780>,6,23,[2 8],7,7,30,0,7
1,<environment.Job instance at 0x7f041135ab40>,9,13,[6 2],10,10,23,0,10
1,<environment.Job instance at 0x7f041135adc0>,11,12,[7 5],12,12,24,0,12
1,<environment.Job instance at 0x7f04107ad6e0>,12,20,[10  2],13,24,44,11,15
1,<environment.Job instance at 0x7f0410956370>,14,15,[2 6],15,30,45,15,22
1,<environment.Job instance at 0x7f0410956640>,20,19,[3 6],21,30,49,9,24
1,<environment.Job instance at 0x7f04109568c0>,17,14,[12  2],18,45,59,27,35
1,<environment.Job instance at 0x7f041078ccd0>,21,20,[ 2 10],22,49,69,27,40
1,<environment.Job instance at 0x7f041078cc80>,27,15,[4 9],28,69,84,41,55
1,<environment.Job instance at 0x7f0411360370>,29,12,[4 6],30,69,81,39,55
1,<environment.Job instance at 0x7f0411356b90>,9,12,[5 5],10,10,22,0,10
1,<environment.Job instance at 0x7f0411356af0>,11,17,[5 4],12,12,29,0,12
1,<environment.Job instance at 0x7f0411356eb0>,12,14,[13  1],13,29,43,16,15
1,<environment.Job instance at 0x7f0410a8c730>,15,16,[1 9],16,22,38,6,16
1,<environment.Job instance at 0x7f0410a8c690>,14,16,[4 6],15,43,59,28,30
1,<environment.Job instance at 0x7f0410a8c4b0>,20,15,[3 5],21,43,58,22,39
1,<environment.Job instance at 0x7f0410a8cdc0>,18,23,[6 4],19,46,69,27,46
1,<environment.Job instance at 0x7f0410a8c460>,22,17,[5 5],23,58,75,35,48
1,<environment.Job instance at 0x7f0410a8c500>,34,13,[5 5],35,69,82,34,58
1,<environment.Job instance at 0x7f0410a8c230>,2,18,[2 5],3,3,21,0,3
1,<environment.Job instance at 0x7f041165d230>,3,16,[12  2],4,6,22,2,6
1,<environment.Job instance at 0x7f041165d2d0>,5,19,[5 7],6,22,41,16,12
1,<environment.Job instance at 0x7f041165d8c0>,11,16,[6 1],12,22,38,10,12
1,<environment.Job instance at 0x7f041165d870>,13,14,[10  3],14,38,52,24,23
1,<environment.Job instance at 0x7f041165daf0>,14,18,[4 7],15,41,59,26,30
1,<environment.Job instance at 0x7f041165dd70>,18,21,[5 6],19,52,73,33,44
1,<environment.Job instance at 0x7f041165de10>,19,14,[ 3 10],20,73,87,53,58
1,<environment.Job instance at 0x7f041165deb0>,20,13,[4 5],21,59,72,38,58
1,<environment.Job instance at 0x7f041165d7d0>,22,16,[1 5],23,72,88,49,59
1,<environment.Job instance at 0x7f0411637230>,0,14,[5 1],1,1,15,0,1
1,<environment.Job instance at 0x7f041103ab40>,4,14,[8 4],5,5,19,0,5
1,<environment.Job instance at 0x7f04116372d0>,1,24,[2 6],2,6,30,4,6
1,<environment.Job instance at 0x7f041103aa00>,5,14,[11  2],6,19,33,13,6
1,<environment.Job instance at 0x7f041103a1e0>,8,14,[5 8],9,33,47,24,18
1,<environment.Job instance at 0x7f041103a6e0>,14,19,[3 6],15,30,49,15,20
1,<environment.Job instance at 0x7f041103aeb0>,20,12,[2 8],21,47,59,26,30
1,<environment.Job instance at 0x7f041103abe0>,21,13,[6 4],22,49,62,27,33
1,<environment.Job instance at 0x7f04107ac960>,24,13,[5 7],25,59,72,34,43
1,<environment.Job instance at 0x7f04107aca50>,26,14,[4 9],27,72,86,45,57
1,<environment.Job instance at 0x7f04107acf00>,27,18,[8 3],28,62,80,34,58
1,<environment.Job instance at 0x7f041186a1e0>,3,12,[9 1],4,4,16,0,4
1,<environment.Job instance at 0x7f04107acc30>,5,17,[10  1],6,16,33,10,6
1,<environment.Job instance at 0x7f0410c9d460>,12,16,[5 4],13,13,29,0,13
1,<environment.Job instance at 0x7f0410c9dfa0>,16,17,[3 5],17,29,46,12,17
1,<environment.Job instance at 0x7f0410c9d960>,18,14,[6 5],19,33,47,14,19
1,<environment.Job instance at 0x7f0410c9dc80>,27,15,[4 7],28,46,61,18,32
1,<environment.Job instance at 0x7f0410c9d9b0>,28,12,[1 7],29,47,59,18,32
1,<environment.Job instance at 0x7f041079b1e0>,29,17,[8 4],30,59,76,29,47
1,<environment.Job instance at 0x7f041079b7d0>,30,16,[1 7],31,61,77,30,48
1,<environment.Job instance at 0x7f04118cdd20>,1,17,[2 7],2,2,19,0,2
1,<environment.Job instance at 0x7f04118cd730>,2,23,[8 3],3,3,26,0,3
1,<environment.Job instance at 0x7f04118cddc0>,3,13,[13  3],4,26,39,22,11
1,<environment.Job instance at 0x7f04118cd3c0>,0,23,[2 9],1,19,42,18,14
1,<environment.Job instance at 0x7f0410f77820>,18,12,[6 4],19,39,51,20,24
1,<environment.Job instance at 0x7f0410f77140>,24,18,[5 8],25,42,60,17,32
1,<environment.Job instance at 0x7f0410f77460>,27,20,[5 7],28,51,71,23,42
1,<environment.Job instance at 0x7f0410a02410>,40,14,[2 7],41,60,74,19,46
1,<environment.Job instance at 0x7f0410a02f00>,41,14,[5 7],42,71,85,29,56
1,<environment.Job instance at 0x7f0410ba8d20>,1,22,[11  3],2,3,25,1,3
1,<environment.Job instance at 0x7f0410ec6f00>,4,16,[1 6],5,5,21,0,5
1,<environment.Job instance at 0x7f0410ec6be0>,8,14,[5 2],9,25,39,16,10
1,<environment.Job instance at 0x7f04111dfcd0>,11,15,[6 3],12,25,40,13,12
1,<environment.Job instance at 0x7f0410e28cd0>,17,17,[ 1 10],18,21,38,3,19
1,<environment.Job instance at 0x7f041083faa0>,21,15,[5 4],22,39,54,17,25
1,<environment.Job instance at 0x7f04107afb90>,26,14,[7 3],27,40,54,13,38
1,<environment.Job instance at 0x7f0410ec90f0>,35,12,[5 5],36,54,66,18,38
1,<environment.Job instance at 0x7f0411019af0>,37,19,[1 8],38,56,75,18,56
1,<environment.Job instance at 0x7f0411d7a2d0>,6,20,[2 9],7,7,27,0,7
1,<environment.Job instance at 0x7f041a40f870>,13,24,[5 1],14,14,38,0,14
1,<environment.Job instance at 0x7f041a40f820>,14,20,[5 3],15,15,35,0,15
1,<environment.Job instance at 0x7f041a40f6e0>,20,16,[6 3],21,35,51,14,22
1,<environment.Job instance at 0x7f04119bf140>,23,23,[1 6],24,27,50,3,24
1,<environment.Job instance at 0x7f0411cda370>,30,14,[5 1],31,38,52,7,37
1,<environment.Job instance at 0x7f04105bd0f0>,25,12,[10  2],26,51,63,25,40
1,<environment.Job instance at 0x7f04119e8e60>,31,20,[3 8],32,52,72,20,43
1,<environment.Job instance at 0x7f04111d9d70>,37,12,[14  2],38,72,84,34,55
1,<environment.Job instance at 0x7f0410a5f230>,0,13,[ 1 12],1,1,14,0,1
1,<environment.Job instance at 0x7f0410a5feb0>,1,16,[ 2 12],2,14,30,12,2
1,<environment.Job instance at 0x7f0410a5f640>,9,14,[13  3],10,11,25,1,11
1,<environment.Job instance at 0x7f0410a5f960>,11,14,[10  4],12,30,44,18,15
1,<environment.Job instance at 0x7f0410a5ff50>,8,13,[4 5],9,30,43,21,15
1,<environment.Job instance at 0x7f0410a5f6e0>,10,24,[3 9],11,43,67,32,38
1,<environment.Job instance at 0x7f0410a5f050>,13,20,[8 4],14,45,65,31,45
1,<environment.Job instance at 0x7f0410a6a500>,18,19,[6 5],19,65,84,46,57
1,<environment.Job instance at 0x7f0410a6a640>,21,15,[2 7],22,67,82,45,57
1,<environment.Job instance at 0x7f0410f0b2d0>,0,19,[4 5],1,1,20,0,1
1,<environment.Job instance at 0x7f0410a6a640>,2,16,[6 3],3,3,19,0,3
1,<environment.Job instance at 0x7f0410594c30>,4,21,[5 4],5,5,26,0,5
1,<environment.Job instance at 0x7f0410594af0>,5,16,[6 4],6,19,35,13,6
1,<environment.Job instance at 0x7f0410594b90>,9,12,[5 4],10,26,38,16,11
1,<environment.Job instance at 0x7f0410594b40>,11,13,[9 3],12,35,48,23,21
1,<environment.Job instance at 0x7f0410594f00>,12,14,[8 4],13,48,62,35,33
1,<environment.Job instance at 0x7f0410594eb0>,16,16,[7 5],17,48,64,31,44
1,<environment.Job instance at 0x7f04104445f0>,18,13,[7 1],19,62,75,43,49
1,<environment.Job instance at 0x7f04103e47d0>,0,13,[13  5],1,1,14,0,1
1,<environment.Job instance at 0x7f04119ad140>,1,14,[ 2 13],2,14,28,12,2
1,<environment.Job instance at 0x7f04119ad730>,4,17,[2 9],5,28,45,23,16
1,<environment.Job instance at 0x7f0410d55230>,7,17,[8 4],8,28,45,20,16
1,<environment.Job instance at 0x7f0410c66280>,9,14,[5 1],10,16,30,6,16
1,<environment.Job instance at 0x7f0410c66140>,10,14,[2 8],11,45,59,34,30
1,<environment.Job instance at 0x7f0410c66be0>,13,14,[5 2],14,30,44,16,30
1,<environment.Job instance at 0x7f0410c78cd0>,16,15,[8 1],17,45,60,28,31
1,<environment.Job instance at 0x7f0410c78c80>,17,13,[5 1],18,44,57,26,31
1,<environment.Job instance at 0x7f0410c7f050>,18,18,[ 2 10],19,59,77,40,48
1,<environment.Job instance at 0x7f0410796fa0>,24,15,[5 5],25,60,75,35,48
1,<environment.Job instance at 0x7f04107b0eb0>,0,13,[11  3],1,1,14,0,1
1,<environment.Job instance at 0x7f0410c60870>,1,22,[ 4 12],2,2,24,0,2
1,<environment.Job instance at 0x7f04107930a0>,4,12,[3 7],5,24,36,19,7
1,<environment.Job instance at 0x7f04107932d0>,8,14,[5 7],9,24,38,15,9
1,<environment.Job instance at 0x7f04107933c0>,14,13,[5 5],15,36,49,21,23
1,<environment.Job instance at 0x7f0410793fa0>,12,13,[9 3],13,38,51,25,23
1,<environment.Job instance at 0x7f0410793140>,17,20,[4 9],18,49,69,31,40
1,<environment.Job instance at 0x7f0410796f50>,24,19,[7 5],25,51,70,26,41
1,<environment.Job instance at 0x7f041136a5a0>,0,18,[5 5],1,1,19,0,1
1,<environment.Job instance at 0x7f041136a140>,3,16,[14  4],4,19,35,15,6
1,<environment.Job instance at 0x7f0410e13b90>,11,16,[8 3],12,35,51,23,22
1,<environment.Job instance at 0x7f0410e13500>,12,16,[4 6],13,35,51,22,22
1,<environment.Job instance at 0x7f0410e133c0>,8,22,[12  2],9,51,73,42,44
1,<environment.Job instance at 0x7f0410e13af0>,18,17,[3 8],19,51,68,32,45
1,<environment.Job instance at 0x7f0410e13280>,20,16,[3 7],21,68,84,47,55
1,<environment.Job instance at 0x7f40428fc230>,0,17,[6 1],1,1,18,0,1
1,<environment.Job instance at 0x7f40428fc320>,2,20,[7 4],3,3,23,0,3
1,<environment.Job instance at 0x7f40391849b0>,10,15,[5 1],11,18,33,7,11
1,<environment.Job instance at 0x7f4039184a50>,11,15,[6 1],12,23,38,11,12
1,<environment.Job instance at 0x7f4039187230>,22,13,[7 4],23,33,46,10,23
1,<environment.Job instance at 0x7f4039187410>,24,20,[4 6],25,38,58,13,29
1,<environment.Job instance at 0x7f40391874b0>,26,12,[8 5],27,46,58,19,29
1,<environment.Job instance at 0x7f4039187960>,32,17,[9 3],33,58,75,25,46
1,<environment.Job instance at 0x7f4039187b90>,35,16,[1 9],36,58,74,22,46
1,<environment.Job instance at 0x7f4039187c30>,36,20,[7 5],37,75,95,38,66
1,<environment.Job instance at 0x7f4039692320>,1,14,[4 9],2,2,16,0,2
1,<environment.Job instance at 0x7f40396925f0>,3,18,[3 5],4,4,22,0,4
1,<environment.Job instance at 0x7f4039187d70>,5,17,[7 1],6,8,25,2,8
1,<environment.Job instance at 0x7f403985a1e0>,4,19,[3 8],5,16,35,11,8
1,<environment.Job instance at 0x7f403985a500>,7,13,[10  1],8,25,38,17,11
1,<environment.Job instance at 0x7f403985a910>,11,19,[5 5],12,35,54,23,25
1,<environment.Job instance at 0x7f403985ab40>,8,16,[8 1],9,38,54,29,25
1,<environment.Job instance at 0x7f403985a9b0>,12,14,[8 5],13,54,68,41,44
1,<environment.Job instance at 0x7f403985a690>,6,14,[10  4],7,68,82,61,53
1,<environment.Job instance at 0x7f403985ac80>,16,15,[1 7],17,53,68,36,53
1,<environment.Job instance at 0x7f403985a3c0>,14,18,[ 3 10],15,68,86,53,59
1,<environment.Job instance at 0x7f4038dfddc0>,1,13,[1 8],2,2,15,0,2
1,<environment.Job instance at 0x7f403985a3c0>,7,21,[9 2],8,8,29,0,8
1,<environment.Job instance at 0x7f4038dfd9b0>,0,24,[6 5],1,15,39,14,13
1,<environment.Job instance at 0x7f4038dfd2d0>,8,13,[10  5],9,39,52,30,23
1,<environment.Job instance at 0x7f4038dfd370>,15,17,[5 8],16,29,46,13,23
1,<environment.Job instance at 0x7f40388c1230>,22,19,[2 5],23,46,65,23,36
1,<environment.Job instance at 0x7f40388c1960>,28,14,[6 3],29,52,66,23,38
1,<environment.Job instance at 0x7f40388c1c80>,32,17,[4 7],33,52,69,19,49
1,<environment.Job instance at 0x7f40388c1dc0>,33,13,[5 7],34,66,79,32,50
1,<environment.Job instance at 0x7f40388c1eb0>,36,19,[3 8],37,69,88,32,59
1,<environment.Job instance at 0x7f40388c1140>,39,16,[8 4],40,79,95,39,66
1,<environment.Job instance at 0x7f403888f5f0>,1,15,[11  5],2,2,17,0,2
1,<environment.Job instance at 0x7f40389c0dc0>,4,13,[2 5],5,5,18,0,5
1,<environment.Job instance at 0x7f4038a07b90>,10,23,[1 9],11,17,40,6,12
1,<environment.Job instance at 0x7f4038d78f50>,16,15,[8 5],17,18,33,1,17
1,<environment.Job instance at 0x7f4038d7f050>,19,12,[4 8],20,40,52,20,23
1,<environment.Job instance at 0x7f40389c0af0>,11,17,[14  5],12,52,69,40,42
1,<environment.Job instance at 0x7f4038d7f690>,23,19,[ 5 10],24,69,88,45,59
1,<environment.Job instance at 0x7f4039b6c820>,2,15,[5 8],3,3,18,0,3
1,<environment.Job instance at 0x7f4039b6ceb0>,5,23,[3 6],6,6,29,0,6
1,<environment.Job instance at 0x7f4039d34140>,10,13,[8 4],11,18,31,7,12
1,<environment.Job instance at 0x7f4039d34410>,6,17,[ 5 10],7,29,46,22,17
1,<environment.Job instance at 0x7f4039b76230>,19,13,[5 1],20,31,44,11,21
1,<environment.Job instance at 0x7f4039b760f0>,20,12,[5 5],21,44,56,23,27
1,<environment.Job instance at 0x7f4039b768c0>,18,12,[5 8],19,46,58,27,29
1,<environment.Job instance at 0x7f4039b76a00>,21,15,[14  2],22,58,73,36,44
1,<environment.Job instance at 0x7f4039b56f50>,24,18,[1 7],25,56,74,31,45
1,<environment.Job instance at 0x7f4039b56fa0>,23,18,[9 5],24,73,91,49,62
1,<environment.Job instance at 0x7f40390b8730>,0,23,[ 4 11],1,1,24,0,1
1,<environment.Job instance at 0x7f40390b87d0>,8,14,[3 6],9,24,38,15,9
1,<environment.Job instance at 0x7f40390b83c0>,9,12,[6 4],10,10,22,0,10
1,<environment.Job instance at 0x7f40390b8af0>,18,16,[5 2],19,22,38,3,19
1,<environment.Job instance at 0x7f40390b86e0>,19,22,[2 5],20,24,46,4,20
1,<environment.Job instance at 0x7f4039012230>,25,13,[5 5],26,38,51,12,26
1,<environment.Job instance at 0x7f4039012a50>,26,20,[7 1],27,38,58,11,29
1,<environment.Job instance at 0x7f4039012dc0>,31,20,[5 5],32,51,71,19,42
1,<environment.Job instance at 0x7f4039012910>,35,17,[7 4],36,58,75,22,46
1,<environment.Job instance at 0x7f40390128c0>,37,19,[3 8],38,71,90,33,61
1,<environment.Job instance at 0x7f4039012320>,39,13,[1 7],40,75,88,35,61
1,<environment.Job instance at 0x7f40386e90a0>,6,23,[2 8],7,7,30,0,7
1,<environment.Job instance at 0x7f40390126e0>,9,13,[6 2],10,10,23,0,10
1,<environment.Job instance at 0x7f40386e9230>,11,12,[7 5],12,12,24,0,12
1,<environment.Job instance at 0x7f40386e9550>,12,20,[10  2],13,24,44,11,15
1,<environment.Job instance at 0x7f40386e95a0>,14,15,[2 6],15,30,45,15,19
1,<environment.Job instance at 0x7f40386e9820>,20,19,[3 6],21,30,49,9,28
1,<environment.Job instance at 0x7f40386e9870>,17,14,[12  2],18,45,59,27,31
1,<environment.Job instance at 0x7f40386e9be0>,27,15,[4 9],28,59,74,31,45
1,<environment.Job instance at 0x7f40386e9f50>,29,12,[4 6],30,59,71,29,45
1,<environment.Job instance at 0x7f40386eb140>,32,19,[7 3],33,71,90,38,61
1,<environment.Job instance at 0x7f40386eb640>,35,18,[5 5],36,74,92,38,63
1,<environment.Job instance at 0x7f40386eb6e0>,36,15,[2 6],37,74,89,37,63
1,<environment.Job instance at 0x7f40388b26e0>,1,17,[5 4],2,2,19,0,2
1,<environment.Job instance at 0x7f40386f1690>,4,16,[4 6],5,5,21,0,5
1,<environment.Job instance at 0x7f40386eb550>,2,14,[13  1],3,21,35,18,6
1,<environment.Job instance at 0x7f4039806500>,10,15,[3 5],11,35,50,24,21
1,<environment.Job instance at 0x7f4039806370>,12,17,[5 5],13,35,52,22,23
1,<environment.Job instance at 0x7f40398066e0>,6,16,[7 2],7,35,51,28,30
1,<environment.Job instance at 0x7f4038ccff50>,26,18,[6 3],27,51,69,24,40
1,<environment.Job instance at 0x7f4038ccf3c0>,30,14,[9 5],31,52,66,21,41
1,<environment.Job instance at 0x7f4038ccf7d0>,33,19,[7 5],34,66,85,32,56
1,<environment.Job instance at 0x7f4038ccf230>,36,21,[8 4],37,69,90,32,62
1,<environment.Job instance at 0x7f4038539280>,0,13,[4 5],1,1,14,0,1
1,<environment.Job instance at 0x7f4038ccf960>,2,16,[1 5],3,3,19,0,3
1,<environment.Job instance at 0x7f40386ebd20>,3,18,[4 9],4,14,32,10,4
1,<environment.Job instance at 0x7f403844baf0>,8,13,[10  1],9,9,22,0,9
1,<environment.Job instance at 0x7f4038d7b140>,19,14,[1 7],20,32,46,12,20
1,<environment.Job instance at 0x7f4038ad9370>,20,18,[7 5],21,22,40,1,21
1,<environment.Job instance at 0x7f4038d572d0>,44,14,[8 4],45,45,59,0,45
1,<environment.Job instance at 0x7f4038d57fa0>,48,14,[5 8],49,51,65,2,51
1,<environment.Job instance at 0x7f4039272aa0>,64,13,[5 7],65,65,78,0,65
1,<environment.Job instance at 0x7f4038c3c8c0>,0,14,[ 4 13],1,1,15,0,1
1,<environment.Job instance at 0x7f4039b08eb0>,5,18,[3 7],6,15,33,9,6
1,<environment.Job instance at 0x7f4039272a50>,2,20,[8 5],3,15,35,12,6
1,<environment.Job instance at 0x7f40397f75f0>,9,17,[12  2],10,35,52,25,24
1,<environment.Job instance at 0x7f40392ad5a0>,8,20,[2 7],9,33,53,24,24
1,<environment.Job instance at 0x7f4039b3f5f0>,15,16,[6 2],16,52,68,36,39
1,<environment.Job instance at 0x7f4039b3f0f0>,16,16,[8 2],17,53,69,36,40
1,<environment.Job instance at 0x7f4039b72d70>,19,16,[7 4],20,68,84,48,55
1,<environment.Job instance at 0x7f4039b51d70>,22,12,[7 2],23,69,81,46,55
1,<environment.Job instance at 0x7f403909a5a0>,42,16,[5 4],43,81,97,38,68
1,<environment.Job instance at 0x7f40390949b0>,46,17,[3 5],47,81,98,34,69
1,<environment.Job instance at 0x7f4039094640>,48,14,[6 5],49,84,98,35,69
1,<environment.Job instance at 0x7f4038768820>,0,15,[5 5],1,1,16,0,1
1,<environment.Job instance at 0x7f4038778c30>,2,24,[6 3],3,3,27,0,3
1,<environment.Job instance at 0x7f4038836910>,5,18,[6 4],6,16,34,10,6
1,<environment.Job instance at 0x7f4038f74eb0>,14,19,[1 6],15,15,34,0,15
1,<environment.Job instance at 0x7f403962a1e0>,19,13,[5 8],20,34,47,14,20
1,<environment.Job instance at 0x7f403962a960>,21,17,[2 7],22,34,51,12,22
1,<environment.Job instance at 0x7f403993fd70>,30,14,[9 2],31,47,61,16,32
1,<environment.Job instance at 0x7f4042926820>,11,13,[5 6],12,51,64,39,38
1,<environment.Job instance at 0x7f404232a2d0>,34,22,[5 4],35,61,83,26,54
1,<environment.Job instance at 0x7f404232ae10>,37,16,[5 2],38,61,77,23,54
1,<environment.Job instance at 0x7f404232adc0>,38,12,[6 4],39,77,89,38,60
1,<environment.Job instance at 0x7f404232a460>,40,13,[1 8],41,64,77,23,60
1,<environment.Job instance at 0x7f40394ea5f0>,4,13,[4 5],5,5,18,0,5
1,<environment.Job instance at 0x7f40394ea2d0>,5,20,[3 7],6,6,26,0,6
1,<environment.Job instance at 0x7f40394eaeb0>,7,17,[8 3],8,8,25,0,8
1,<environment.Job instance at 0x7f404232a140>,9,18,[2 7],10,25,43,15,14
1,<environment.Job instance at 0x7f40394ea0f0>,14,16,[1 6],15,26,42,11,15
1,<environment.Job instance at 0x7f40389475a0>,18,14,[5 2],19,26,40,7,19
1,<environment.Job instance at 0x7f4038947e60>,21,15,[6 3],22,42,57,20,28
1,<environment.Job instance at 0x7f40394ead20>,22,16,[9 3],23,43,59,20,30
1,<environment.Job instance at 0x7f40389471e0>,25,22,[5 5],26,57,79,31,53
1,<environment.Job instance at 0x7f4038f61b90>,31,15,[5 4],32,59,74,27,57
1,<environment.Job instance at 0x7f4038f61370>,36,14,[7 3],37,74,88,37,60
1,<environment.Job instance at 0x7f4038f61820>,45,12,[5 5],46,61,73,15,61
1,<environment.Job instance at 0x7f4038f61aa0>,47,19,[1 8],48,79,98,31,69
1,<environment.Job instance at 0x7f4039a66230>,6,20,[2 9],7,7,27,0,7
1,<environment.Job instance at 0x7f403878b500>,8,24,[4 6],9,9,33,0,9
1,<environment.Job instance at 0x7f403878b3c0>,14,20,[5 3],15,27,47,12,18
1,<environment.Job instance at 0x7f403878b5f0>,20,16,[6 3],21,27,43,6,21
1,<environment.Job instance at 0x7f4039361a00>,25,12,[10  2],26,43,55,17,26
1,<environment.Job instance at 0x7f40393613c0>,26,24,[13  1],27,55,79,28,50
1,<environment.Job instance at 0x7f4039361b40>,29,16,[13  1],30,79,95,49,66
1,<environment.Job instance at 0x7f40392030f0>,1,14,[10  4],2,2,16,0,2
1,<environment.Job instance at 0x7f403844b640>,3,20,[8 4],4,16,36,12,7
1,<environment.Job instance at 0x7f4039ce03c0>,8,19,[6 5],9,16,35,7,9
1,<environment.Job instance at 0x7f4039ce0500>,11,15,[2 7],12,35,50,23,21
1,<environment.Job instance at 0x7f4039ce0690>,12,17,[3 5],13,36,53,23,25
1,<environment.Job instance at 0x7f4039ce0410>,9,17,[ 1 11],10,53,70,43,41
1,<environment.Job instance at 0x7f4039ce0dc0>,21,21,[2 9],22,70,91,48,64
1,<environment.Job instance at 0x7f4039ce0f00>,25,14,[10  1],26,64,78,38,64
1,<environment.Job instance at 0x7f4039ce0be0>,26,12,[9 5],27,78,90,51,64
1,<environment.Job instance at 0x7f4039cfb280>,2,18,[8 1],3,3,21,0,3
1,<environment.Job instance at 0x7f4039d4f0f0>,0,15,[9 1],1,21,36,20,7
1,<environment.Job instance at 0x7f4039d4f960>,11,13,[5 2],12,12,25,0,12
1,<environment.Job instance at 0x7f4039d4f910>,10,27,[ 3 13],11,25,52,14,24
1,<environment.Job instance at 0x7f4039d4f5f0>,9,21,[7 5],10,52,73,42,44
1,<environment.Job instance at 0x7f4039d4f820>,14,18,[6 3],15,52,70,37,44
1,<environment.Job instance at 0x7f4038832500>,16,22,[10  3],17,73,95,56,66
1,<environment.Job instance at 0x7f4039d4fd20>,13,27,[1 7],14,66,93,52,66
1,<environment.Job instance at 0x7f4042316820>,0,15,[ 3 13],1,1,16,0,1
1,<environment.Job instance at 0x7f40423169b0>,1,12,[ 3 14],2,16,28,14,2
1,<environment.Job instance at 0x7f4039cd7e60>,6,14,[5 7],7,28,42,21,13
1,<environment.Job instance at 0x7f4039cd77d0>,7,12,[3 8],8,28,40,20,13
1,<environment.Job instance at 0x7f4039cd79b0>,8,16,[ 1 13],9,42,58,33,29
1,<environment.Job instance at 0x7f4039365870>,29,17,[7 5],30,58,75,28,46
1,<environment.Job instance at 0x7f40393651e0>,34,12,[3 7],35,60,72,25,60
1,<environment.Job instance at 0x7f4039365320>,38,14,[5 7],39,72,86,33,60
1,<environment.Job instance at 0x7f4039aec780>,44,13,[5 5],45,75,88,30,61
1,<environment.Job instance at 0x7f4038d667d0>,0,19,[5 2],1,1,20,0,1
1,<environment.Job instance at 0x7f4039aec050>,2,17,[6 5],3,3,20,0,3
1,<environment.Job instance at 0x7f4039611460>,6,16,[ 4 13],7,20,36,13,10
1,<environment.Job instance at 0x7f4039611410>,7,17,[11  3],8,36,53,28,26
1,<environment.Job instance at 0x7f4039611820>,8,23,[11  2],9,53,76,44,47
1,<environment.Job instance at 0x7f4039611b90>,9,18,[2 5],10,47,65,37,47
1,<environment.Job instance at 0x7f4039611370>,10,20,[13  2],11,76,96,65,67
1,<environment.Job instance at 0x7f4039611a50>,11,21,[2 6],12,67,88,55,67
1,<environment.Job instance at 0x7f40396380f0>,0,27,[ 4 12],1,1,28,0,1
1,<environment.Job instance at 0x7f40393fc6e0>,3,15,[2 7],4,28,43,24,14
1,<environment.Job instance at 0x7f4039033550>,15,19,[3 8],16,28,47,12,18
1,<environment.Job instance at 0x7f40398f8780>,20,14,[8 2],21,43,57,22,28
1,<environment.Job instance at 0x7f4042390320>,23,18,[4 5],24,43,61,19,32
1,<environment.Job instance at 0x7f403923b370>,25,13,[4 6],26,57,70,31,41
1,<environment.Job instance at 0x7f403923ba00>,29,17,[10  4],30,61,78,31,49
1,<environment.Job instance at 0x7f403923bcd0>,33,16,[3 5],34,70,86,36,57
1,<environment.Job instance at 0x7f4039b37960>,3,16,[7 4],4,4,20,0,4
1,<environment.Job instance at 0x7f4039b375a0>,14,14,[3 5],15,15,29,0,15
1,<environment.Job instance at 0x7f4039b37410>,23,13,[7 3],24,24,37,0,24
1,<environment.Job instance at 0x7f4039a6eaf0>,28,16,[4 8],29,29,45,0,29
1,<environment.Job instance at 0x7f4039a6ed70>,30,18,[10  3],31,37,55,6,31
1,<environment.Job instance at 0x7f4039a6ec80>,38,15,[1 5],39,45,60,6,39
1,<environment.Job instance at 0x7f4039a6edc0>,39,27,[4 5],40,45,72,5,45
1,<environment.Job instance at 0x7f404253b050>,44,21,[6 3],45,55,76,10,54
1,<environment.Job instance at 0x7f40385df140>,45,18,[ 1 12],46,72,90,26,62
1,<environment.Job instance at 0x7f4038a7c9b0>,2,18,[9 2],3,3,21,0,3
1,<environment.Job instance at 0x7f4038a7c7d0>,5,16,[4 8],6,6,22,0,6
1,<environment.Job instance at 0x7f403947db90>,7,12,[11  3],8,21,33,13,8
1,<environment.Job instance at 0x7f4039750d20>,8,22,[1 8],9,22,44,13,15
1,<environment.Job instance at 0x7f4039750b40>,15,17,[4 6],16,33,50,17,21
1,<environment.Job instance at 0x7f4039cb5190>,18,15,[ 3 10],19,50,65,31,36
1,<environment.Job instance at 0x7f4039cb5f50>,20,20,[1 9],21,65,85,44,57
1,<environment.Job instance at 0x7f51c4438230>,0,17,[6 1],1,1,18,0,1
1,<environment.Job instance at 0x7f51c4438320>,2,20,[7 4],3,3,23,0,3
1,<environment.Job instance at 0x7f51bacc09b0>,10,15,[5 1],11,18,33,7,11
1,<environment.Job instance at 0x7f51bacc0a50>,11,15,[6 1],12,23,38,11,12
1,<environment.Job instance at 0x7f51bacc3230>,22,13,[7 4],23,33,46,10,23
1,<environment.Job instance at 0x7f51bacc3410>,24,20,[4 6],25,38,58,13,29
1,<environment.Job instance at 0x7f51bacc34b0>,26,12,[8 5],27,46,58,19,29
1,<environment.Job instance at 0x7f51bacc3960>,32,17,[9 3],33,58,75,25,46
1,<environment.Job instance at 0x7f51bacc3b90>,35,16,[1 9],36,58,74,22,46
1,<environment.Job instance at 0x7f51bacc3c30>,36,20,[7 5],37,75,95,38,66
1,<environment.Job instance at 0x7f51bb398500>,1,19,[5 5],2,2,21,0,2
1,<environment.Job instance at 0x7f51bacc3dc0>,2,14,[8 5],3,3,17,0,3
1,<environment.Job instance at 0x7f51bacc3d70>,4,18,[ 3 10],5,17,35,12,7
1,<environment.Job instance at 0x7f51bb3ec7d0>,8,18,[7 1],9,21,39,12,10
1,<environment.Job instance at 0x7f51bb3ecbe0>,9,16,[4 9],10,35,51,25,22
1,<environment.Job instance at 0x7f51bb3ec5f0>,12,15,[9 1],13,39,54,26,25
1,<environment.Job instance at 0x7f51bb3ec140>,16,16,[8 4],17,54,70,37,41
1,<environment.Job instance at 0x7f51bb3ecaf0>,17,18,[2 6],18,51,69,33,41
1,<environment.Job instance at 0x7f51bb39a730>,24,16,[1 9],25,69,85,44,56
1,<environment.Job instance at 0x7f51bb39a3c0>,26,16,[7 5],27,70,86,43,57
1,<environment.Job instance at 0x7f51bb39ac80>,29,18,[1 9],30,85,103,55,74
1,<environment.Job instance at 0x7f51bb39ad70>,33,12,[1 6],34,86,98,52,74
1,<environment.Job instance at 0x7f51ba3a99b0>,0,26,[5 4],1,2,28,1,2
1,<environment.Job instance at 0x7f51bb39ad70>,2,19,[2 5],3,4,23,1,4
1,<environment.Job instance at 0x7f51ba3a9460>,8,14,[6 3],9,9,23,0,9
1,<environment.Job instance at 0x7f51ba3a9550>,13,13,[5 7],14,23,36,9,14
1,<environment.Job instance at 0x7f51ba380910>,16,19,[3 8],17,28,47,11,18
1,<environment.Job instance at 0x7f51ba380550>,19,16,[8 4],20,36,52,16,23
1,<environment.Job instance at 0x7f51ba3807d0>,26,17,[9 2],27,52,69,25,40
1,<environment.Job instance at 0x7f51ba380c30>,27,16,[1 7],28,47,63,19,40
1,<environment.Job instance at 0x7f51ba380c80>,32,20,[7 5],33,69,89,36,60
1,<environment.Job instance at 0x7f51ba3805a0>,33,15,[9 5],34,89,104,55,75
1,<environment.Job instance at 0x7f51ba3803c0>,35,21,[5 9],36,75,96,39,75
1,<environment.Job instance at 0x7f51ba3bbf00>,0,13,[2 7],1,1,14,0,1
1,<environment.Job instance at 0x7f51ba8e61e0>,5,13,[9 2],6,6,19,0,6
1,<environment.Job instance at 0x7f51ba8e6be0>,6,13,[4 5],7,7,20,0,7
1,<environment.Job instance at 0x7f51ba79ee10>,9,14,[12  3],10,20,34,10,10
1,<environment.Job instance at 0x7f51ba3a93c0>,12,13,[3 5],13,19,32,6,14
1,<environment.Job instance at 0x7f51ba93df00>,16,14,[3 5],17,32,46,15,17
1,<environment.Job instance at 0x7f51ba927be0>,27,17,[10  4],28,34,51,6,28
1,<environment.Job instance at 0x7f51ba927780>,28,13,[6 4],29,51,64,22,35
1,<environment.Job instance at 0x7f51ba927a00>,31,16,[6 3],32,51,67,19,38
1,<environment.Job instance at 0x7f51ba927820>,35,13,[8 3],36,64,77,28,48
1,<environment.Job instance at 0x7f51ba9275f0>,36,22,[7 5],37,67,89,30,60
1,<environment.Job instance at 0x7f51ba927a50>,37,20,[5 8],38,77,97,39,68
1,<environment.Job instance at 0x7f51ba927640>,38,17,[8 4],39,89,106,50,77
1,<environment.Job instance at 0x7f51bb7e8c30>,0,14,[3 7],1,1,15,0,1
1,<environment.Job instance at 0x7f51bb7e8050>,4,16,[ 4 10],5,15,31,10,5
1,<environment.Job instance at 0x7f51bb45bf50>,12,13,[2 9],13,31,44,18,15
1,<environment.Job instance at 0x7f51bb45b690>,14,12,[2 7],15,44,56,29,27
1,<environment.Job instance at 0x7f51bb7e8c80>,1,15,[13  3],2,31,46,29,28
1,<environment.Job instance at 0x7f51bb45b320>,16,21,[10  5],17,46,67,29,39
1,<environment.Job instance at 0x7f51bb45b2d0>,23,17,[5 9],24,56,73,32,45
1,<environment.Job instance at 0x7f51bb33ac80>,38,14,[3 6],39,67,81,28,52
1,<environment.Job instance at 0x7f51bb6cfc30>,39,12,[6 4],40,73,85,33,56
1,<environment.Job instance at 0x7f51bb37ea50>,48,16,[5 2],49,73,89,24,60
1,<environment.Job instance at 0x7f51bb660e10>,55,13,[5 5],56,85,98,29,70
1,<environment.Job instance at 0x7f51bb660320>,61,20,[5 5],62,85,105,23,76
1,<environment.Job instance at 0x7f51ba66ecd0>,2,14,[4 5],3,3,17,0,3
1,<environment.Job instance at 0x7f51ba66e140>,3,15,[11  2],4,4,19,0,4
1,<environment.Job instance at 0x7f51ba66ea00>,5,13,[5 6],6,19,32,13,6
1,<environment.Job instance at 0x7f51ba66e460>,11,13,[ 5 12],12,32,45,20,16
1,<environment.Job instance at 0x7f51bac467d0>,18,18,[5 5],19,45,63,26,34
1,<environment.Job instance at 0x7f51ba624960>,31,12,[7 5],32,45,57,13,34
1,<environment.Job instance at 0x7f51ba624550>,34,15,[2 6],35,57,72,22,45
1,<environment.Job instance at 0x7f51ba624aa0>,35,17,[10  4],36,63,80,27,51
1,<environment.Job instance at 0x7f51ba6248c0>,36,19,[6 5],37,80,99,43,70
1,<environment.Job instance at 0x7f51ba61e780>,55,18,[5 5],56,74,92,18,74
1,<environment.Job instance at 0x7f51ba61e500>,57,14,[8 4],58,92,106,34,77
1,<environment.Job instance at 0x7f51ba337690>,9,12,[5 5],10,10,22,0,10
1,<environment.Job instance at 0x7f51ba3378c0>,11,17,[5 4],12,12,29,0,12
1,<environment.Job instance at 0x7f51ba337aa0>,14,16,[4 6],15,15,31,0,15
1,<environment.Job instance at 0x7f51ba337af0>,15,16,[1 9],16,29,45,13,16
1,<environment.Job instance at 0x7f51ba337c30>,16,16,[7 2],17,31,47,14,18
1,<environment.Job instance at 0x7f51ba337e60>,20,15,[3 5],21,45,60,24,31
1,<environment.Job instance at 0x7f51ba31f870>,34,13,[5 5],35,45,58,10,35
1,<environment.Job instance at 0x7f51ba31f230>,36,18,[6 3],37,47,65,10,41
1,<environment.Job instance at 0x7f51ba31fb90>,37,16,[9 4],38,60,76,22,47
1,<environment.Job instance at 0x7f51ba337f50>,22,17,[5 5],23,65,82,42,53
1,<environment.Job instance at 0x7f51ba31fd20>,40,14,[9 5],41,76,90,35,61
1,<environment.Job instance at 0x7f51ba33c5f0>,0,13,[4 5],1,1,14,0,1
1,<environment.Job instance at 0x7f51bac55c30>,4,27,[12  1],5,14,41,9,12
1,<environment.Job instance at 0x7f51bada4640>,6,13,[ 5 11],7,41,54,34,25
1,<environment.Job instance at 0x7f51bac55a00>,3,18,[4 9],4,54,72,50,52
1,<environment.Job instance at 0x7f51ba31f960>,2,16,[1 5],3,61,77,58,61
1,<environment.Job instance at 0x7f51bada4c80>,19,14,[1 7],20,72,86,52,61
1,<environment.Job instance at 0x7f51ba90bf00>,20,18,[7 5],21,77,95,56,66
1,<environment.Job instance at 0x7f51ba90bd20>,27,16,[2 8],28,86,102,58,73
1,<environment.Job instance at 0x7f51bb44b370>,0,17,[5 2],1,1,18,0,1
1,<environment.Job instance at 0x7f51c3ea0500>,2,12,[6 2],3,3,15,0,3
1,<environment.Job instance at 0x7f51c3ea03c0>,1,18,[4 9],2,3,21,1,3
1,<environment.Job instance at 0x7f51baaca280>,5,16,[6 2],6,15,31,9,6
1,<environment.Job instance at 0x7f51bafa67d0>,9,16,[7 4],10,21,37,11,10
1,<environment.Job instance at 0x7f51baf12b40>,12,12,[7 2],13,31,43,18,14
1,<environment.Job instance at 0x7f51baf120f0>,15,18,[ 2 10],16,37,55,21,27
1,<environment.Job instance at 0x7f51baacaaa0>,6,16,[8 2],7,43,59,36,37
1,<environment.Job instance at 0x7f51ba1175a0>,3,23,[1 5],4,55,78,51,49
1,<environment.Job instance at 0x7f51ba7bbc80>,32,16,[5 4],33,55,71,22,49
1,<environment.Job instance at 0x7f51bafa6e60>,8,14,[14  5],9,71,85,62,56
1,<environment.Job instance at 0x7f51bb07beb0>,21,14,[14  2],22,85,99,63,70
1,<environment.Job instance at 0x7f51ba67d460>,1,17,[2 7],2,2,19,0,2
1,<environment.Job instance at 0x7f51bb07b820>,2,23,[8 3],3,3,26,0,3
1,<environment.Job instance at 0x7f51bb362410>,3,13,[13  3],4,26,39,22,11
1,<environment.Job instance at 0x7f51bb0b6370>,0,23,[2 9],1,19,42,18,14
1,<environment.Job instance at 0x7f51baccaf00>,12,16,[11  1],13,39,55,26,31
1,<environment.Job instance at 0x7f51bb6ae640>,25,17,[14  2],26,55,72,29,44
1,<environment.Job instance at 0x7f51ba6d4910>,41,14,[5 7],42,72,86,30,57
1,<environment.Job instance at 0x7f51ba61fdc0>,54,13,[4 5],55,72,85,17,57
1,<environment.Job instance at 0x7f51b9f612d0>,68,14,[5 2],69,72,86,3,69
1,<environment.Job instance at 0x7f51b9f760f0>,71,15,[6 3],72,86,101,14,72
1,<environment.Job instance at 0x7f51b9f76190>,72,16,[9 3],73,86,102,13,73
1,<environment.Job instance at 0x7f51b9f9c6e0>,1,15,[5 4],2,2,17,0,2
1,<environment.Job instance at 0x7f51ba26df50>,6,14,[7 3],7,7,21,0,7
1,<environment.Job instance at 0x7f51bb163c80>,15,12,[5 5],16,17,29,1,16
1,<environment.Job instance at 0x7f51ba8ae8c0>,17,19,[1 8],18,21,40,3,18
1,<environment.Job instance at 0x7f51ba8ae780>,19,17,[8 3],20,29,46,9,20
1,<environment.Job instance at 0x7f51ba8aea50>,22,13,[10  5],23,46,59,23,30
1,<environment.Job instance at 0x7f51baf6a410>,21,14,[8 3],22,59,73,37,44
1,<environment.Job instance at 0x7f51badb8640>,32,19,[3 6],33,44,63,11,44
1,<environment.Job instance at 0x7f51badb8550>,40,18,[7 4],41,63,81,22,57
1,<environment.Job instance at 0x7f51bac22be0>,46,20,[2 9],47,73,93,26,64
1,<environment.Job instance at 0x7f51baaec280>,54,20,[5 3],55,81,101,26,72
1,<environment.Job instance at 0x7f51bb0b6e10>,60,16,[6 3],61,81,97,20,72
1,<environment.Job instance at 0x7f51ba1e96e0>,0,14,[ 4 12],1,1,15,0,1
1,<environment.Job instance at 0x7f51ba1e9370>,2,22,[5 2],3,3,25,0,3
1,<environment.Job instance at 0x7f51ba1e93c0>,1,16,[3 9],2,15,31,13,3
1,<environment.Job instance at 0x7f51ba1e9230>,6,16,[1 8],7,31,47,24,18
1,<environment.Job instance at 0x7f51ba1e9b40>,12,21,[1 5],13,25,46,12,18
1,<environment.Job instance at 0x7f51ba4e6a50>,16,12,[2 5],17,46,58,29,29
1,<environment.Job instance at 0x7f51ba1e9780>,8,16,[11  2],9,31,47,22,31
1,<environment.Job instance at 0x7f51ba4e61e0>,18,12,[9 1],19,47,59,28,32
1,<environment.Job instance at 0x7f51ba1e95a0>,3,13,[13  2],4,59,72,55,43
1,<environment.Job instance at 0x7f51ba1e9500>,5,26,[2 5],6,47,73,41,44
1,<environment.Job instance at 0x7f51ba4e6c80>,31,14,[10  4],32,72,86,40,57
1,<environment.Job instance at 0x7f51ba4e6870>,20,13,[ 1 12],21,86,99,65,70
1,<environment.Job instance at 0x7f51bb684500>,0,19,[4 5],1,1,20,0,1
1,<environment.Job instance at 0x7f51bb4bc1e0>,2,16,[6 3],3,3,19,0,3
1,<environment.Job instance at 0x7f51bb841050>,4,21,[5 4],5,5,26,0,5
1,<environment.Job instance at 0x7f51bb841730>,5,16,[6 4],6,19,35,13,6
1,<environment.Job instance at 0x7f51bb8411e0>,11,13,[9 3],12,26,39,14,13
1,<environment.Job instance at 0x7f51bb841280>,9,12,[5 4],10,35,47,25,19
1,<environment.Job instance at 0x7f51bb841320>,13,23,[1 5],14,35,58,21,29
1,<environment.Job instance at 0x7f51bb8410f0>,16,16,[7 5],17,39,55,22,29
1,<environment.Job instance at 0x7f51bb841c80>,18,13,[7 1],19,47,60,28,31
1,<environment.Job instance at 0x7f51bb8415f0>,20,15,[9 1],21,60,75,39,46
1,<environment.Job instance at 0x7f51bab52d20>,22,18,[8 1],23,75,93,52,64
1,<environment.Job instance at 0x7f51ba8ba370>,0,17,[ 5 13],1,1,18,0,1
1,<environment.Job instance at 0x7f51baff0c80>,13,18,[6 4],14,18,36,4,14
1,<environment.Job instance at 0x7f51baff0690>,8,28,[1 7],9,18,46,9,17
1,<environment.Job instance at 0x7f51baff0d20>,14,18,[9 1],15,36,54,21,25
1,<environment.Job instance at 0x7f51baff0fa0>,16,14,[5 7],17,36,50,19,25
1,<environment.Job instance at 0x7f51baff0dc0>,17,12,[3 8],18,50,62,32,33
1,<environment.Job instance at 0x7f51bafef690>,28,13,[2 9],29,62,75,33,46
1,<environment.Job instance at 0x7f51bafef910>,31,12,[6 3],32,54,66,22,46
1,<environment.Job instance at 0x7f51bafefc80>,33,21,[1 5],34,66,87,32,58
1,<environment.Job instance at 0x7f51bafefc30>,34,17,[5 1],35,58,75,23,58
1,<environment.Job instance at 0x7f51bafeff00>,39,17,[7 5],40,75,92,35,63
1,<environment.Job instance at 0x7f51bafea280>,44,12,[3 7],45,87,99,42,70
1,<environment.Job instance at 0x7f51bafea4b0>,48,14,[5 7],49,92,106,43,77
1,<environment.Job instance at 0x7f51bb52e5a0>,0,19,[5 2],1,1,20,0,1
1,<environment.Job instance at 0x7f51bafea780>,2,17,[6 5],3,3,20,0,3
1,<environment.Job instance at 0x7f51bb52edc0>,6,16,[ 4 13],7,20,36,13,10
1,<environment.Job instance at 0x7f51bb52e140>,7,17,[11  3],8,36,53,28,25
1,<environment.Job instance at 0x7f51bb52e780>,5,18,[11  2],6,53,71,47,43
1,<environment.Job instance at 0x7f51bb52e6e0>,4,22,[8 3],5,71,93,66,64
1,<environment.Job instance at 0x7f51bb52e960>,11,21,[2 6],12,64,85,52,64
1,<environment.Job instance at 0x7f51bb52ec30>,15,15,[9 4],16,93,108,77,79
1,<environment.Job instance at 0x7f51bb52e050>,16,15,[4 7],17,85,100,68,79
1,<environment.Job instance at 0x7f51b9fe0a00>,0,28,[5 5],1,1,29,0,1
1,<environment.Job instance at 0x7f51b9fe0190>,6,18,[13  2],7,29,47,22,18
1,<environment.Job instance at 0x7f51ba04e6e0>,8,19,[11  4],9,47,66,38,38
1,<environment.Job instance at 0x7f51ba04e7d0>,12,12,[ 4 14],13,66,78,53,49
1,<environment.Job instance at 0x7f51ba04e640>,14,18,[14  1],15,78,96,63,67
1,<environment.Job instance at 0x7f51ba901410>,0,23,[5 5],1,1,24,0,1
1,<environment.Job instance at 0x7f51ba407fa0>,3,13,[7 3],4,4,17,0,4
1,<environment.Job instance at 0x7f51ba407eb0>,8,16,[4 8],9,17,33,8,9
1,<environment.Job instance at 0x7f51ba904cd0>,12,28,[5 4],13,24,52,11,23
1,<environment.Job instance at 0x7f51ba9040f0>,13,27,[ 3 12],14,52,79,38,50
1,<environment.Job instance at 0x7f51ba904c80>,14,18,[7 4],15,79,97,64,68
1,<environment.Job instance at 0x7f51ba904d70>,2,22,[2 8],3,3,25,0,3
1,<environment.Job instance at 0x7f51ba904c80>,4,25,[3 5],5,5,30,0,5
1,<environment.Job instance at 0x7f51baa4c690>,6,15,[11  2],7,25,40,18,13
1,<environment.Job instance at 0x7f51bb1ba140>,10,28,[2 5],11,30,58,19,29
1,<environment.Job instance at 0x7f51baa4cf50>,0,27,[ 2 12],1,58,85,57,56
1,<environment.Job instance at 0x7f51bb3eb640>,19,14,[ 1 14],20,85,99,65,70
1,<environment.Job instance at 0x7f51ba0e57d0>,4,17,[5 9],5,5,22,0,5
1,<environment.Job instance at 0x7f51ba0e5c30>,5,18,[6 1],6,6,24,0,6
1,<environment.Job instance at 0x7f51ba0e55a0>,7,15,[4 9],8,22,37,14,8
1,<environment.Job instance at 0x7f51ba0e5820>,13,12,[4 8],14,37,49,23,24
1,<environment.Job instance at 0x7f51bab4a870>,12,17,[6 3],13,25,42,12,25
1,<environment.Job instance at 0x7f51ba0e5e60>,10,12,[5 9],11,49,61,38,32
1,<environment.Job instance at 0x7f51ba0e5140>,0,21,[8 3],1,42,63,41,34
1,<environment.Job instance at 0x7f51bab4aa50>,19,28,[1 9],20,61,89,41,60
1,<environment.Job instance at 0x7f51bab4a410>,20,12,[5 7],21,89,101,68,72
1,<environment.Job instance at 0x7f51bab4a4b0>,21,18,[6 5],22,72,90,50,72
1,<environment.Job instance at 0x7f51bab4afa0>,22,17,[8 5],23,90,107,67,79
1,<environment.Job instance at 0x7f51bb7ab5f0>,4,15,[ 4 11],5,5,20,0,5
1,<environment.Job instance at 0x7f51ba10f6e0>,2,21,[5 4],3,6,27,3,6
1,<environment.Job instance at 0x7f51bb7ab140>,6,16,[8 1],7,20,36,13,8
1,<environment.Job instance at 0x7f51ba7bb820>,8,17,[4 8],9,27,44,18,16
1,<environment.Job instance at 0x7f51bb7ab0f0>,9,18,[5 5],10,36,54,26,25
1,<environment.Job instance at 0x7f51bb842e10>,28,19,[9 2],29,44,63,15,37
1,<environment.Job instance at 0x7f51bb7ab410>,5,27,[ 2 11],6,54,81,48,52
1,<environment.Job instance at 0x7f51c4070fa0>,34,16,[9 2],35,63,79,28,53
1,<environment.Job instance at 0x7f51bb21c050>,62,12,[7 4],63,79,91,16,63
1,<environment.Job instance at 0x7f51bb21c6e0>,68,18,[4 5],69,81,99,12,70
1,<environment.Job instance at 0x7f6e9fcea230>,0,17,[6 1],1,1,18,0,1
1,<environment.Job instance at 0x7f6e9fcea320>,2,20,[7 4],3,3,23,0,3
1,<environment.Job instance at 0x7f6e965729b0>,10,15,[5 1],11,18,33,7,11
1,<environment.Job instance at 0x7f6e96572a50>,11,15,[6 1],12,23,38,11,12
1,<environment.Job instance at 0x7f6e96575230>,22,13,[7 4],23,33,46,10,23
1,<environment.Job instance at 0x7f6e96572f00>,17,19,[12  4],18,46,65,28,36
1,<environment.Job instance at 0x7f6e965755f0>,26,12,[8 5],27,65,77,38,48
1,<environment.Job instance at 0x7f6e96572be0>,25,24,[5 7],26,65,89,39,62
1,<environment.Job instance at 0x7f6e965759b0>,32,17,[9 3],33,77,94,44,67
1,<environment.Job instance at 0x7f6e96575b90>,35,16,[1 9],36,89,105,53,76
1,<environment.Job instance at 0x7f6e96575b40>,36,20,[7 5],37,94,114,57,86
1,<environment.Job instance at 0x7f6e96bbff00>,0,17,[ 5 14],1,1,18,0,1
1,<environment.Job instance at 0x7f6e96575550>,2,15,[9 1],3,3,18,0,3
1,<environment.Job instance at 0x7f6e96bde730>,6,16,[8 4],7,18,34,11,7
1,<environment.Job instance at 0x7f6e96bde5a0>,7,18,[2 6],8,18,36,10,8
1,<environment.Job instance at 0x7f6e96bbfd20>,14,16,[1 9],15,34,50,19,21
1,<environment.Job instance at 0x7f6e96ca8d70>,19,18,[1 9],20,50,68,30,39
1,<environment.Job instance at 0x7f6e96043a00>,23,12,[1 6],24,39,51,15,39
1,<environment.Job instance at 0x7f6e95eb8780>,24,17,[5 1],25,51,68,26,39
1,<environment.Job instance at 0x7f6e95ebec30>,26,17,[5 5],27,51,68,24,39
1,<environment.Job instance at 0x7f6e95cb8e10>,28,15,[ 4 10],29,68,83,39,54
1,<environment.Job instance at 0x7f6e96ca8f00>,16,16,[7 5],17,68,84,51,59
1,<environment.Job instance at 0x7f6e9f9346e0>,29,20,[4 9],30,83,103,53,74
1,<environment.Job instance at 0x7f6e95cb8050>,32,18,[7 4],33,84,102,51,74
1,<environment.Job instance at 0x7f6e95c0f730>,0,26,[3 9],1,2,28,1,2
1,<environment.Job instance at 0x7f6e95bf7230>,5,22,[12  2],6,8,30,2,8
1,<environment.Job instance at 0x7f6e95bf7640>,8,13,[ 3 11],9,28,41,19,12
1,<environment.Job instance at 0x7f6e95bf7280>,9,14,[14  1],10,41,55,31,26
1,<environment.Job instance at 0x7f6e95bf79b0>,7,16,[1 7],8,41,57,33,40
1,<environment.Job instance at 0x7f6e95bf7b40>,12,20,[7 5],13,55,75,42,46
1,<environment.Job instance at 0x7f6e95bf7eb0>,13,15,[9 5],14,75,90,61,61
1,<environment.Job instance at 0x7f6e95bf7870>,10,14,[12  1],11,90,104,79,75
1,<environment.Job instance at 0x7f6e960aa910>,1,16,[6 3],2,2,18,0,2
1,<environment.Job instance at 0x7f6e960aad20>,5,13,[8 3],6,6,19,0,6
1,<environment.Job instance at 0x7f6e960aa820>,7,20,[5 8],8,18,38,10,10
1,<environment.Job instance at 0x7f6e960c7780>,12,15,[5 8],13,38,53,25,24
1,<environment.Job instance at 0x7f6e95f8d1e0>,8,17,[8 4],9,26,43,17,26
1,<environment.Job instance at 0x7f6e95f8d230>,9,15,[3 6],10,43,58,33,33
1,<environment.Job instance at 0x7f6e960c7280>,14,15,[11  2],15,53,68,38,39
1,<environment.Job instance at 0x7f6e965105a0>,28,12,[5 8],29,68,80,39,56
1,<environment.Job instance at 0x7f6e960c7640>,18,27,[14  1],19,80,107,61,78
1,<environment.Job instance at 0x7f6e95aef140>,6,21,[ 5 10],7,7,28,0,7
1,<environment.Job instance at 0x7f6e95aef1e0>,7,23,[9 5],8,8,31,0,8
1,<environment.Job instance at 0x7f6e95aef3c0>,8,16,[5 2],9,28,44,19,15
1,<environment.Job instance at 0x7f6e95aef640>,12,24,[6 4],13,31,55,18,26
1,<environment.Job instance at 0x7f6e95aef5a0>,13,19,[ 2 11],14,44,63,30,34
1,<environment.Job instance at 0x7f6e95aef780>,14,23,[13  3],15,55,78,40,49
1,<environment.Job instance at 0x7f6e95aef4b0>,10,12,[ 1 10],11,63,75,52,51
1,<environment.Job instance at 0x7f6e95aef6e0>,15,13,[5 5],16,78,91,62,62
1,<environment.Job instance at 0x7f6e95aefb40>,21,20,[5 5],22,78,98,56,69
1,<environment.Job instance at 0x7f6e95aefdc0>,25,17,[7 4],26,91,108,65,79
1,<environment.Job instance at 0x7f6e95aeff50>,2,19,[7 3],3,3,22,0,3
1,<environment.Job instance at 0x7f6e95aeff00>,5,18,[5 5],6,6,24,0,6
1,<environment.Job instance at 0x7f6e95f185a0>,6,15,[2 6],7,7,22,0,7
1,<environment.Job instance at 0x7f6e95f18e60>,7,14,[8 4],8,22,36,14,8
1,<environment.Job instance at 0x7f6e95f18910>,10,15,[5 2],11,24,39,13,13
1,<environment.Job instance at 0x7f6e95f186e0>,13,20,[4 7],14,36,56,22,27
1,<environment.Job instance at 0x7f6e95f18730>,12,13,[10  4],13,39,52,26,27
1,<environment.Job instance at 0x7f6e95f18be0>,15,12,[12  2],16,56,68,40,39
1,<environment.Job instance at 0x7f6e95f18aa0>,16,12,[14  2],17,68,80,51,51
1,<environment.Job instance at 0x7f6e969e5be0>,26,17,[5 4],27,80,97,53,68
1,<environment.Job instance at 0x7f6e9f77b640>,0,23,[3 9],1,80,103,79,74
1,<environment.Job instance at 0x7f6e969e5d70>,27,20,[8 5],28,97,117,69,88
1,<environment.Job instance at 0x7f6e95ae5be0>,39,12,[5 5],40,103,115,63,88
1,<environment.Job instance at 0x7f6e964a5d70>,2,18,[2 5],3,3,21,0,3
1,<environment.Job instance at 0x7f6e964a5be0>,3,16,[12  2],4,6,22,2,6
1,<environment.Job instance at 0x7f6e964a5c30>,5,19,[5 7],6,22,41,16,12
1,<environment.Job instance at 0x7f6e964a52d0>,11,16,[6 1],12,22,38,10,12
1,<environment.Job instance at 0x7f6e96690a00>,13,14,[10  3],14,38,52,24,23
1,<environment.Job instance at 0x7f6e964a5e60>,14,18,[4 7],15,41,59,26,30
1,<environment.Job instance at 0x7f6e96690230>,18,21,[5 6],19,52,73,33,44
1,<environment.Job instance at 0x7f6e96690190>,19,14,[ 3 10],20,73,87,53,58
1,<environment.Job instance at 0x7f6e96690e10>,20,13,[4 5],21,59,72,38,58
1,<environment.Job instance at 0x7f6e96690640>,22,16,[1 5],23,72,88,49,59
1,<environment.Job instance at 0x7f6e966901e0>,23,18,[4 9],24,87,105,63,76
1,<environment.Job instance at 0x7f6e96d32230>,0,14,[ 4 13],1,1,15,0,1
1,<environment.Job instance at 0x7f6e96269d70>,5,18,[3 7],6,15,33,9,6
1,<environment.Job instance at 0x7f6e963a0b40>,2,20,[8 5],3,15,35,12,6
1,<environment.Job instance at 0x7f6e9626e690>,10,17,[5 2],11,33,50,22,24
1,<environment.Job instance at 0x7f6e96269d20>,8,20,[2 7],9,33,53,24,31
1,<environment.Job instance at 0x7f6e95c7d640>,12,12,[6 2],13,35,47,22,33
1,<environment.Job instance at 0x7f6e95c7d6e0>,15,16,[6 2],16,47,63,31,34
1,<environment.Job instance at 0x7f6e95c7df00>,16,16,[8 2],17,53,69,36,40
1,<environment.Job instance at 0x7f6e95c7df50>,19,16,[7 4],20,63,79,43,50
1,<environment.Job instance at 0x7f6e961940a0>,22,12,[7 2],23,69,81,46,54
1,<environment.Job instance at 0x7f6e9626eaa0>,9,17,[12  2],10,81,98,71,69
1,<environment.Job instance at 0x7f6e963d97d0>,42,16,[5 4],43,98,114,55,85
1,<environment.Job instance at 0x7f6e96190f00>,1,17,[2 7],2,2,19,0,2
1,<environment.Job instance at 0x7f6e9640e320>,2,23,[8 3],3,3,26,0,3
1,<environment.Job instance at 0x7f6e96190e60>,3,13,[13  3],4,26,39,22,11
1,<environment.Job instance at 0x7f6e96190e10>,0,23,[2 9],1,19,42,18,15
1,<environment.Job instance at 0x7f6e95d4e690>,17,16,[5 2],18,39,55,21,26
1,<environment.Job instance at 0x7f6e95d4eaa0>,24,18,[5 8],25,42,60,17,34
1,<environment.Job instance at 0x7f6e95d4e460>,27,20,[5 7],28,55,75,27,46
1,<environment.Job instance at 0x7f6e95c088c0>,41,14,[5 7],42,60,74,18,47
1,<environment.Job instance at 0x7f6e95c08e10>,43,16,[6 2],44,74,90,30,61
1,<environment.Job instance at 0x7f6e96c901e0>,57,17,[8 3],58,75,92,17,73
1,<environment.Job instance at 0x7f6e961ba960>,71,15,[6 3],72,90,105,18,76
1,<environment.Job instance at 0x7f6e961ba690>,72,16,[9 3],73,92,108,19,79
1,<environment.Job instance at 0x7f6e961baa00>,5,12,[5 5],6,6,18,0,6
1,<environment.Job instance at 0x7f6e9619d870>,7,19,[1 8],8,8,27,0,8
1,<environment.Job instance at 0x7f6e9619d690>,8,20,[7 4],9,18,38,9,9
1,<environment.Job instance at 0x7f6e9619da00>,9,17,[8 3],10,27,44,17,15
1,<environment.Job instance at 0x7f6e9619dc30>,12,13,[10  5],13,44,57,31,28
1,<environment.Job instance at 0x7f6e961a2320>,22,19,[3 6],23,38,57,15,28
1,<environment.Job instance at 0x7f6e961a28c0>,30,18,[7 4],31,57,75,26,46
1,<environment.Job instance at 0x7f6e961a2cd0>,36,20,[2 9],37,57,77,20,48
1,<environment.Job instance at 0x7f6e961a9230>,44,20,[5 3],45,75,95,30,66
1,<environment.Job instance at 0x7f6e961a9640>,50,16,[6 3],51,75,91,24,66
1,<environment.Job instance at 0x7f6e961a98c0>,55,12,[10  2],56,91,103,35,74
1,<environment.Job instance at 0x7f6e961a9be0>,60,14,[5 1],61,95,109,34,80
1,<environment.Job instance at 0x7f6e9636d190>,0,13,[ 1 12],1,1,14,0,1
1,<environment.Job instance at 0x7f6e961a9c30>,1,16,[ 2 12],2,14,30,12,3
1,<environment.Job instance at 0x7f6e9636d7d0>,8,13,[4 5],9,30,43,21,14
1,<environment.Job instance at 0x7f6e97063e60>,11,14,[10  4],12,30,44,18,15
1,<environment.Job instance at 0x7f6e970630f0>,13,20,[8 4],14,44,64,30,35
1,<environment.Job instance at 0x7f6e96633f00>,18,19,[6 5],19,44,63,25,35
1,<environment.Job instance at 0x7f6e96633fa0>,21,15,[2 7],22,63,78,41,49
1,<environment.Job instance at 0x7f6e9636d640>,9,14,[13  3],10,64,78,54,52
1,<environment.Job instance at 0x7f6e966339b0>,22,17,[3 5],23,78,95,55,66
1,<environment.Job instance at 0x7f6e96633b40>,23,16,[11  2],24,78,94,54,66
1,<environment.Job instance at 0x7f6e96c265a0>,31,21,[2 9],32,94,115,62,87
1,<environment.Job instance at 0x7f6e96c267d0>,35,14,[10  1],36,94,108,58,87
1,<environment.Job instance at 0x7f6e961a98c0>,1,13,[5 2],2,2,15,0,2
1,<environment.Job instance at 0x7f6e961a9b40>,0,27,[ 3 13],1,2,29,1,2
1,<environment.Job instance at 0x7f6e96ec4a50>,8,13,[2 7],9,29,42,20,13
1,<environment.Job instance at 0x7f6e961a9550>,4,18,[6 3],5,29,47,24,22
1,<environment.Job instance at 0x7f6e96ec4be0>,9,15,[ 4 13],10,47,62,37,33
1,<environment.Job instance at 0x7f6e96dd75a0>,21,19,[7 3],22,62,81,40,52
1,<environment.Job instance at 0x7f6e96dd7730>,22,12,[10  4],23,81,93,58,64
1,<environment.Job instance at 0x7f6e96dd7f00>,24,16,[2 5],25,64,80,39,64
1,<environment.Job instance at 0x7f6e95d27050>,28,15,[2 5],29,64,79,35,64
1,<environment.Job instance at 0x7f6e95d27500>,29,14,[3 7],30,79,93,49,64
1,<environment.Job instance at 0x7f6e966a5190>,34,17,[2 9],35,93,110,58,81
1,<environment.Job instance at 0x7f6e966a5e10>,37,17,[8 4],38,93,110,55,81
1,<environment.Job instance at 0x7f6e966a5fa0>,39,14,[5 1],40,93,107,53,81
1,<environment.Job instance at 0x7f6e963116e0>,0,13,[11  3],1,1,14,0,1
1,<environment.Job instance at 0x7f6e963111e0>,1,22,[ 4 12],2,2,24,0,2
1,<environment.Job instance at 0x7f6e9666acd0>,4,12,[3 7],5,24,36,19,7
1,<environment.Job instance at 0x7f6e9666af00>,8,14,[5 7],9,24,38,15,9
1,<environment.Job instance at 0x7f6e95d13190>,14,13,[5 5],15,36,49,21,20
1,<environment.Job instance at 0x7f6e9666abe0>,12,13,[9 3],13,38,51,25,22
1,<environment.Job instance at 0x7f6e95d13aa0>,17,20,[4 9],18,49,69,31,40
1,<environment.Job instance at 0x7f6e95d13a00>,24,19,[7 5],25,51,70,26,41
1,<environment.Job instance at 0x7f6e95d13e60>,27,21,[4 5],28,69,90,41,61
1,<environment.Job instance at 0x7f6e97081dc0>,28,16,[10  1],29,70,86,41,61
1,<environment.Job instance at 0x7f6e97081550>,29,18,[8 2],30,86,104,56,75
1,<environment.Job instance at 0x7f6e96bf2780>,1,14,[11  2],2,2,16,0,2
1,<environment.Job instance at 0x7f6e97081fa0>,3,18,[6 5],4,16,34,12,6
1,<environment.Job instance at 0x7f6e961e17d0>,7,15,[10  5],8,34,49,26,20
1,<environment.Job instance at 0x7f6e959f1190>,12,16,[1 8],13,20,36,7,20
1,<environment.Job instance at 0x7f6e9fbd8af0>,13,12,[3 7],14,36,48,22,20
1,<environment.Job instance at 0x7f6e967cd0f0>,19,12,[8 2],20,49,61,29,32
1,<environment.Job instance at 0x7f6e970814b0>,2,13,[13  4],3,61,74,58,45
1,<environment.Job instance at 0x7f6e967cd5f0>,21,22,[6 4],22,74,96,52,67
1,<environment.Job instance at 0x7f6e963fb410>,23,15,[2 7],24,67,82,43,67
1,<environment.Job instance at 0x7f6e96c25cd0>,35,19,[3 8],36,82,101,46,72
1,<environment.Job instance at 0x7f6e95be2460>,40,14,[8 2],41,96,110,55,81
1,<environment.Job instance at 0x7f6e95fdf5f0>,3,16,[7 4],4,4,20,0,4
1,<environment.Job instance at 0x7f6e95b7de10>,14,14,[3 5],15,15,29,0,15
1,<environment.Job instance at 0x7f6e96a6fd20>,23,13,[7 3],24,24,37,0,24
1,<environment.Job instance at 0x7f6e95bbaa00>,28,16,[4 8],29,29,45,0,29
1,<environment.Job instance at 0x7f6e95bba640>,29,18,[11  1],30,37,55,7,30
1,<environment.Job instance at 0x7f6e95f180a0>,34,18,[7 4],35,55,73,20,44
1,<environment.Job instance at 0x7f6e966ad5a0>,38,15,[1 5],39,45,60,6,44
1,<environment.Job instance at 0x7f6e96ab2320>,39,27,[4 5],40,55,82,15,53
1,<environment.Job instance at 0x7f6e96f195f0>,40,16,[11  1],41,73,89,32,60
1,<environment.Job instance at 0x7f6e957eda50>,41,16,[ 1 12],42,82,98,40,69
1,<environment.Job instance at 0x7f6e96144870>,30,18,[10  3],31,89,107,58,78
1,<environment.Job instance at 0x7f6e95cdcdc0>,3,14,[5 5],4,4,18,0,4
1,<environment.Job instance at 0x7f6e95cdc140>,5,15,[14  1],6,18,33,12,8
1,<environment.Job instance at 0x7f6e95cdc280>,7,12,[1 8],8,10,22,2,10
1,<environment.Job instance at 0x7f6e95cdcd70>,9,13,[8 2],10,33,46,23,17
1,<environment.Job instance at 0x7f6e95cdc7d0>,12,22,[2 8],13,33,55,20,27
1,<environment.Job instance at 0x7f6e95cdb4b0>,26,12,[9 3],27,46,58,19,29
1,<environment.Job instance at 0x7f6e95f790a0>,30,20,[2 8],31,55,75,24,47
1,<environment.Job instance at 0x7f6e95f79f00>,32,19,[5 5],33,58,77,25,48
1,<environment.Job instance at 0x7f6e95f79910>,43,14,[7 3],44,75,89,31,60
1,<environment.Job instance at 0x7f6e95ff7f50>,48,19,[8 4],49,77,96,28,67
1,<environment.Job instance at 0x7f6e960004b0>,50,20,[3 6],51,89,109,38,81
1,<environment.Job instance at 0x7f6e95cdc5a0>,14,25,[3 5],15,89,114,74,85
1,<environment.Job instance at 0x7f6e95b602d0>,1,18,[11  1],2,2,20,0,2
1,<environment.Job instance at 0x7f6e95cef0a0>,7,15,[4 9],8,8,23,0,8
1,<environment.Job instance at 0x7f6e95b60550>,5,18,[6 1],6,20,38,14,9
1,<environment.Job instance at 0x7f6e966cd500>,10,12,[5 9],11,23,35,12,11
1,<environment.Job instance at 0x7f6e966cd410>,12,17,[6 3],13,35,52,22,23
1,<environment.Job instance at 0x7f6e95cef320>,13,12,[4 8],14,38,50,24,23
1,<environment.Job instance at 0x7f6e95cef780>,8,22,[ 4 13],9,52,74,43,45
1,<environment.Job instance at 0x7f6e96c35460>,18,28,[5 1],19,45,73,26,45
1,<environment.Job instance at 0x7f6e96c35be0>,19,28,[1 9],20,74,102,54,73
1,<environment.Job instance at 0x7f6e96c35500>,20,12,[5 7],21,102,114,81,85
1,<environment.Job instance at 0x7f6e96c350f0>,21,18,[6 5],22,85,103,63,85
1,<environment.Job instance at 0x7f6e95d69d20>,12,22,[1 8],13,13,35,0,13
1,<environment.Job instance at 0x7f6e95d69dc0>,13,15,[3 7],14,14,29,0,14
1,<environment.Job instance at 0x7f6e95d69f00>,14,15,[10  3],15,29,44,14,15
1,<environment.Job instance at 0x7f6e95d6a230>,18,19,[9 2],19,44,63,25,34
1,<environment.Job instance at 0x7f6e95d6a500>,21,21,[1 7],22,35,56,13,34
1,<environment.Job instance at 0x7f6e95d6a5a0>,22,17,[10  3],23,63,80,40,51
1,<environment.Job instance at 0x7f6e95d6a2d0>,20,20,[2 5],21,56,76,35,56
1,<environment.Job instance at 0x7f6e95d6a6e0>,24,16,[9 2],25,80,96,55,67
1,<environment.Job instance at 0x7f6e95d6aaa0>,30,22,[3 9],31,76,98,45,71
1,<environment.Job instance at 0x7f6e95d6ab40>,31,12,[1 7],32,98,110,66,81
1,<environment.Job instance at 0x7f6e95d6a460>,39,14,[9 1],40,96,110,56,81
1,<environment.Job instance at 0x7f6e95d66140>,40,15,[2 5],41,96,111,55,82
1,<environment.Job instance at 0x7f6e95d78500>,0,17,[2 7],1,3,20,2,3
1,<environment.Job instance at 0x7f6e95d78960>,5,18,[1 7],6,8,26,2,8
1,<environment.Job instance at 0x7f6e95d78f00>,8,17,[4 5],9,20,37,11,9
1,<environment.Job instance at 0x7f6e95d78910>,12,20,[1 5],13,26,46,13,19
1,<environment.Job instance at 0x7f6e95d78820>,3,15,[ 4 10],4,37,52,33,23
1,<environment.Job instance at 0x7f6e95d788c0>,15,13,[8 1],16,46,59,30,32
1,<environment.Job instance at 0x7f6e95d787d0>,17,13,[6 3],18,52,65,34,36
1,<environment.Job instance at 0x7f6e95d78cd0>,16,14,[1 6],17,52,66,35,38
1,<environment.Job instance at 0x7f6e96d27320>,20,20,[3 8],21,65,85,44,56
1,<environment.Job instance at 0x7f6e96d270f0>,22,12,[5 9],23,85,97,62,68
1,<environment.Job instance at 0x7f6e96d27460>,24,17,[5 3],25,68,85,43,68
1,<environment.Job instance at 0x7f6e96d27690>,26,12,[5 7],27,97,109,70,80
1,<environment.Job instance at 0x7f6e96d27b90>,31,15,[1 6],32,85,100,53,80
1,<environment.Job instance at 0x7f6e961fdd20>,0,16,[ 2 12],1,1,17,0,1
1,<environment.Job instance at 0x7f6e961fde10>,3,16,[1 9],4,17,33,13,6
1,<environment.Job instance at 0x7f6e961fdb40>,6,12,[9 1],7,7,19,0,7
1,<environment.Job instance at 0x7f6e961fd3c0>,7,12,[ 5 10],8,33,45,25,16
1,<environment.Job instance at 0x7f6e9640f4b0>,9,16,[9 4],10,19,35,9,16
1,<environment.Job instance at 0x7f6e9640f9b0>,20,15,[8 4],21,35,50,14,27
1,<environment.Job instance at 0x7f6e9640fbe0>,22,15,[2 8],23,45,60,22,31
1,<environment.Job instance at 0x7f6e9640f730>,23,17,[2 7],24,50,67,26,38
1,<environment.Job instance at 0x7f6e9640fe10>,29,21,[8 2],30,60,81,30,52
1,<environment.Job instance at 0x7f6e9614ddc0>,36,12,[9 5],37,81,93,44,64
1,<environment.Job instance at 0x7f6e9614df50>,39,15,[7 3],40,93,108,53,79
1,<environment.Job instance at 0x7f6e96d27b90>,2,22,[5 5],3,79,101,76,79
1,<environment.Job instance at 0x7f6e9614daa0>,45,18,[2 7],46,93,111,47,82
1,<environment.Job instance at 0x7f3bddeb2230>,0,17,[6 1],1,1,18,0,1
1,<environment.Job instance at 0x7f3bddeb2320>,2,20,[7 4],3,3,23,0,3
1,<environment.Job instance at 0x7f3bd473a7d0>,10,15,[5 1],11,18,33,7,11
1,<environment.Job instance at 0x7f3bd473aa50>,11,15,[6 1],12,23,38,11,12
1,<environment.Job instance at 0x7f3bd473e050>,21,14,[ 4 11],22,23,37,1,22
1,<environment.Job instance at 0x7f3bd473e230>,22,13,[7 4],23,37,50,14,23
1,<environment.Job instance at 0x7f3bd473e3c0>,24,20,[4 6],25,38,58,13,32
1,<environment.Job instance at 0x7f3bd473e2d0>,26,12,[8 5],27,50,62,23,33
1,<environment.Job instance at 0x7f3bd473e370>,23,16,[12  2],24,62,78,38,50
1,<environment.Job instance at 0x7f3bd473ac80>,13,13,[10  3],14,78,91,64,64
1,<environment.Job instance at 0x7f3bd473e960>,32,17,[9 3],33,91,108,58,79
1,<environment.Job instance at 0x7f3bd473eb40>,34,24,[5 5],35,79,103,44,79
1,<environment.Job instance at 0x7f3bd473eb90>,35,16,[1 9],36,103,119,67,91
1,<environment.Job instance at 0x7f3bd473ec80>,39,18,[9 4],40,108,126,68,99
1,<environment.Job instance at 0x7f3bd4b7d870>,3,13,[11  4],4,4,17,0,4
1,<environment.Job instance at 0x7f3bd4b7dc80>,4,16,[1 9],5,5,21,0,5
1,<environment.Job instance at 0x7f3bd4b7dc30>,8,25,[1 7],9,21,46,12,17
1,<environment.Job instance at 0x7f3bd473eeb0>,6,16,[7 5],7,26,42,19,26
1,<environment.Job instance at 0x7f3bd4b7d4b0>,13,12,[1 6],14,42,54,28,26
1,<environment.Job instance at 0x7f3bd4b7d780>,9,18,[1 9],10,46,64,36,35
1,<environment.Job instance at 0x7f3bd4bdf5f0>,15,19,[14  5],16,54,73,38,44
1,<environment.Job instance at 0x7f3bd4bdfeb0>,16,17,[5 5],17,73,90,56,61
1,<environment.Job instance at 0x7f3bd4b7d3c0>,5,19,[ 1 10],6,64,83,58,61
1,<environment.Job instance at 0x7f3bd4bdf690>,20,17,[ 4 12],21,90,107,69,78
1,<environment.Job instance at 0x7f3bd4060730>,0,13,[12  2],1,1,14,0,1
1,<environment.Job instance at 0x7f3bd4bdff50>,2,22,[2 8],3,3,25,0,3
1,<environment.Job instance at 0x7f3bd4060eb0>,3,15,[6 1],4,14,29,10,4
1,<environment.Job instance at 0x7f3bd4060690>,4,18,[5 4],5,14,32,9,5
1,<environment.Job instance at 0x7f3bd3f1d7d0>,14,13,[2 5],15,25,38,10,15
1,<environment.Job instance at 0x7f3bd3f1d9b0>,26,15,[8 5],27,29,44,2,28
1,<environment.Job instance at 0x7f3bd40804b0>,29,12,[4 8],30,38,50,8,30
1,<environment.Job instance at 0x7f3bd4080550>,30,19,[4 7],31,44,63,13,34
1,<environment.Job instance at 0x7f3bd4060960>,11,15,[11  5],12,50,65,38,36
1,<environment.Job instance at 0x7f3bd4060d70>,5,13,[12  2],6,65,78,59,55
1,<environment.Job instance at 0x7f3bd4080690>,35,14,[ 1 13],36,65,79,29,55
1,<environment.Job instance at 0x7f3bd4060dc0>,27,17,[12  1],28,78,95,50,66
1,<environment.Job instance at 0x7f3bd4080780>,36,13,[4 8],37,95,108,58,79
1,<environment.Job instance at 0x7f3bd4080e10>,40,13,[2 7],41,79,92,38,79
1,<environment.Job instance at 0x7f3bd4080d70>,45,13,[9 2],46,95,108,49,79
1,<environment.Job instance at 0x7f3bd4080140>,46,13,[4 5],47,108,121,61,92
1,<environment.Job instance at 0x7f3bd40b1730>,52,13,[3 5],53,108,121,55,92
1,<environment.Job instance at 0x7f3bd4170b40>,0,12,[5 5],1,1,13,0,1
1,<environment.Job instance at 0x7f3bd4170d70>,3,18,[9 5],4,4,22,0,4
1,<environment.Job instance at 0x7f3bd4170730>,4,18,[1 7],5,13,31,8,5
1,<environment.Job instance at 0x7f3bd43ac190>,9,16,[11  3],10,22,38,12,10
1,<environment.Job instance at 0x7f3bd4deedc0>,14,12,[4 7],15,31,43,16,15
1,<environment.Job instance at 0x7f3bd43ac140>,10,14,[7 1],11,38,52,27,23
1,<environment.Job instance at 0x7f3bd43aed20>,19,19,[ 3 11],20,43,62,23,33
1,<environment.Job instance at 0x7f3bd43ae4b0>,20,14,[3 7],21,62,76,41,47
1,<environment.Job instance at 0x7f3bd42455a0>,21,15,[13  3],22,76,91,54,62
1,<environment.Job instance at 0x7f3bd4147d70>,24,16,[ 4 10],25,91,107,66,78
1,<environment.Job instance at 0x7f3bd43af820>,32,13,[2 9],33,78,91,45,78
1,<environment.Job instance at 0x7f3bd3e1ce10>,33,20,[4 9],34,107,127,73,99
1,<environment.Job instance at 0x7f3bd3e1c550>,2,14,[4 5],3,3,17,0,3
1,<environment.Job instance at 0x7f3bd3cb95a0>,3,15,[11  2],4,4,19,0,4
1,<environment.Job instance at 0x7f3bd3cb9870>,5,13,[5 6],6,19,32,13,6
1,<environment.Job instance at 0x7f3bd3cb9af0>,10,20,[4 9],11,17,37,6,11
1,<environment.Job instance at 0x7f3bd3cb9dc0>,14,13,[12  4],15,37,50,22,21
1,<environment.Job instance at 0x7f3bd3cbb0a0>,18,18,[5 5],19,50,68,31,46
1,<environment.Job instance at 0x7f3bd3cbb230>,20,27,[9 5],21,50,77,29,48
1,<environment.Job instance at 0x7f3bd3cbb6e0>,26,23,[2 8],27,68,91,41,62
1,<environment.Job instance at 0x7f3bd3cbb780>,27,25,[11  1],28,77,102,49,73
1,<environment.Job instance at 0x7f3bd3cb9e60>,16,13,[ 3 14],17,91,104,74,78
1,<environment.Job instance at 0x7f3bd3cbba00>,31,12,[7 5],32,104,116,72,87
1,<environment.Job instance at 0x7f3bd3cbbbe0>,34,15,[2 6],35,104,119,69,90
1,<environment.Job instance at 0x7f3bd3ca69b0>,0,15,[3 5],1,1,16,0,1
1,<environment.Job instance at 0x7f3bd3cbba50>,1,27,[5 5],2,2,29,0,2
1,<environment.Job instance at 0x7f3bd3ca6410>,2,17,[5 5],3,3,20,0,3
1,<environment.Job instance at 0x7f3bd3ce3820>,14,13,[5 5],15,16,29,1,15
1,<environment.Job instance at 0x7f3bd3ce3280>,16,18,[6 3],17,29,47,12,19
1,<environment.Job instance at 0x7f3bd3ce3c30>,20,14,[9 5],21,29,43,8,21
1,<environment.Job instance at 0x7f3bd3ca93c0>,23,19,[7 5],24,43,62,19,33
1,<environment.Job instance at 0x7f3bd3ca9c30>,26,21,[8 4],27,47,68,20,39
1,<environment.Job instance at 0x7f3bd3ca9af0>,28,15,[1 7],29,62,77,33,48
1,<environment.Job instance at 0x7f3bd3ca9960>,29,14,[7 2],30,68,82,38,53
1,<environment.Job instance at 0x7f3bd3ca9820>,33,13,[1 6],34,68,81,34,53
1,<environment.Job instance at 0x7f3bd3d515a0>,35,15,[1 6],36,77,92,41,63
1,<environment.Job instance at 0x7f3bd3d51c80>,42,18,[2 5],43,81,99,38,70
1,<environment.Job instance at 0x7f3bd3d51dc0>,45,19,[5 7],46,92,111,46,82
1,<environment.Job instance at 0x7f3bd3d4dcd0>,50,15,[2 7],51,99,114,48,85
1,<environment.Job instance at 0x7f3bd3d4d500>,51,16,[6 1],52,85,101,33,85
1,<environment.Job instance at 0x7f3bd4a56370>,0,14,[5 1],1,1,15,0,1
1,<environment.Job instance at 0x7f3bd4b147d0>,4,14,[8 4],5,5,19,0,5
1,<environment.Job instance at 0x7f3bd4b14640>,5,14,[11  2],6,19,33,13,6
1,<environment.Job instance at 0x7f3bd4b14550>,6,21,[ 1 10],7,7,28,0,7
1,<environment.Job instance at 0x7f3bd4b14d20>,15,25,[3 9],16,28,53,12,24
1,<environment.Job instance at 0x7f3bd4b14d70>,16,15,[6 1],17,33,48,16,24
1,<environment.Job instance at 0x7f3bd4b145a0>,17,13,[ 1 13],18,53,66,35,37
1,<environment.Job instance at 0x7f3bd4b14780>,18,28,[3 6],19,66,94,47,65
1,<environment.Job instance at 0x7f3bd4b14f00>,19,12,[ 4 11],20,94,106,74,77
1,<environment.Job instance at 0x7f3bd4b14fa0>,20,12,[2 8],21,77,89,56,77
1,<environment.Job instance at 0x7f3bd4b14410>,21,13,[6 4],22,89,102,67,77
1,<environment.Job instance at 0x7f3bd4923410>,22,22,[ 5 12],23,106,128,83,99
1,<environment.Job instance at 0x7f3bd47f6190>,0,15,[5 5],1,1,16,0,1
1,<environment.Job instance at 0x7f3bd4923410>,2,24,[6 3],3,3,27,0,3
1,<environment.Job instance at 0x7f3bd4127c30>,5,18,[6 4],6,16,34,10,6
1,<environment.Job instance at 0x7f3bd412dd70>,14,19,[1 6],15,15,34,0,15
1,<environment.Job instance at 0x7f3bd4129e60>,19,13,[5 8],20,34,47,14,20
1,<environment.Job instance at 0x7f3bd41270f0>,11,13,[5 6],12,34,47,22,23
1,<environment.Job instance at 0x7f3bd4bc9f00>,23,13,[13  3],24,47,60,23,34
1,<environment.Job instance at 0x7f3bd4129a00>,21,17,[2 7],22,47,64,25,37
1,<environment.Job instance at 0x7f3bd3cd0870>,30,14,[9 2],31,60,74,29,45
1,<environment.Job instance at 0x7f3bd3cd07d0>,34,22,[5 4],35,64,86,29,57
1,<environment.Job instance at 0x7f3bd3e09af0>,37,16,[5 2],38,74,90,36,61
1,<environment.Job instance at 0x7f3bd4148c30>,38,12,[6 4],39,86,98,47,69
1,<environment.Job instance at 0x7f3bd4148870>,40,13,[1 8],41,70,83,29,70
1,<environment.Job instance at 0x7f3bd3e09500>,42,22,[8 3],43,90,112,47,85
1,<environment.Job instance at 0x7f3bd4bba280>,44,18,[5 8],45,98,116,53,87
1,<environment.Job instance at 0x7f3bd4395d70>,1,15,[5 4],2,2,17,0,2
1,<environment.Job instance at 0x7f3bd3e8e500>,6,14,[7 3],7,7,21,0,7
1,<environment.Job instance at 0x7f3bd3e8e1e0>,15,12,[5 5],16,17,29,1,16
1,<environment.Job instance at 0x7f3bd3e8e550>,17,19,[1 8],18,21,40,3,18
1,<environment.Job instance at 0x7f3bd4bd58c0>,19,17,[8 3],20,29,46,9,21
1,<environment.Job instance at 0x7f3bd3df8dc0>,21,14,[8 3],22,46,60,24,31
1,<environment.Job instance at 0x7f3bd3df8cd0>,32,19,[3 6],33,40,59,7,33
1,<environment.Job instance at 0x7f3bd3e49aa0>,35,17,[11  4],36,60,77,24,48
1,<environment.Job instance at 0x7f3bd3e491e0>,40,18,[7 4],41,77,95,36,66
1,<environment.Job instance at 0x7f3bd3e49280>,46,20,[2 9],47,66,86,19,66
1,<environment.Job instance at 0x7f3bd3e49550>,54,20,[5 3],55,86,106,31,77
1,<environment.Job instance at 0x7f3bd3e061e0>,60,16,[6 3],61,95,111,34,82
1,<environment.Job instance at 0x7f3bd3e06d70>,63,23,[1 6],64,86,109,22,85
1,<environment.Job instance at 0x7f3bd3e06280>,65,12,[10  2],66,111,123,45,94
1,<environment.Job instance at 0x7f3bd4370230>,0,13,[ 1 12],1,1,14,0,1
1,<environment.Job instance at 0x7f3bd3e4dbe0>,4,14,[4 8],5,14,28,9,5
1,<environment.Job instance at 0x7f3bd3e4df50>,8,13,[4 5],9,14,27,5,9
1,<environment.Job instance at 0x7f3bd3e30140>,11,14,[10  4],12,27,41,15,12
1,<environment.Job instance at 0x7f3bd3e303c0>,13,20,[8 4],14,41,61,27,32
1,<environment.Job instance at 0x7f3bd3e30640>,18,19,[6 5],19,41,60,22,32
1,<environment.Job instance at 0x7f3bd3e30820>,21,15,[2 7],22,60,75,38,46
1,<environment.Job instance at 0x7f3bd3e308c0>,22,17,[3 5],23,61,78,38,49
1,<environment.Job instance at 0x7f3bd3e30e60>,31,21,[2 9],32,75,96,43,67
1,<environment.Job instance at 0x7f3bd3e2d320>,35,14,[10  1],36,68,82,32,68
1,<environment.Job instance at 0x7f3bd3e2d3c0>,36,12,[9 5],37,82,94,45,68
1,<environment.Job instance at 0x7f3bd3e2d640>,40,16,[5 4],41,94,110,53,81
1,<environment.Job instance at 0x7f3bd3e2d6e0>,41,18,[7 2],42,94,112,52,83
1,<environment.Job instance at 0x7f3bd3e2d780>,42,12,[5 2],43,110,122,67,93
1,<environment.Job instance at 0x7f3bd3e2daa0>,47,12,[7 2],48,112,124,64,96
1,<environment.Job instance at 0x7f3bd3e2de60>,52,19,[2 5],53,97,116,44,97
1,<environment.Job instance at 0x7f3bd4091230>,4,14,[1 6],5,5,19,0,5
1,<environment.Job instance at 0x7f3bd40910f0>,6,21,[10  1],7,8,29,1,8
1,<environment.Job instance at 0x7f3bd40916e0>,9,14,[6 1],10,29,43,19,14
1,<environment.Job instance at 0x7f3bd4110f00>,12,12,[10  4],13,43,55,30,28
1,<environment.Job instance at 0x7f3bd4110280>,14,16,[2 5],15,35,51,20,35
1,<environment.Job instance at 0x7f3bd47243c0>,17,26,[8 5],18,55,81,37,52
1,<environment.Job instance at 0x7f3bd4724910>,18,15,[2 5],19,57,72,38,57
1,<environment.Job instance at 0x7f3bd4724e60>,19,14,[3 7],20,72,86,52,58
1,<environment.Job instance at 0x7f3bd4724a00>,20,13,[13  5],21,86,99,65,71
1,<environment.Job instance at 0x7f3bd4110be0>,11,19,[7 3],12,99,118,87,89
1,<environment.Job instance at 0x7f3bd4110190>,15,13,[ 5 12],16,99,112,83,91
1,<environment.Job instance at 0x7f3bd44541e0>,4,19,[7 5],5,5,24,0,5
1,<environment.Job instance at 0x7f3bd44540a0>,5,23,[3 6],6,6,29,0,6
1,<environment.Job instance at 0x7f3bd4454f50>,8,16,[10  1],9,24,40,15,11
1,<environment.Job instance at 0x7f3bd476adc0>,10,18,[ 2 14],11,31,49,20,31
1,<environment.Job instance at 0x7f3bd476ae10>,12,21,[8 4],13,49,70,36,41
1,<environment.Job instance at 0x7f3bd476afa0>,16,22,[7 2],17,49,71,32,43
1,<environment.Job instance at 0x7f3bd476a280>,18,15,[7 4],19,70,85,51,56
1,<environment.Job instance at 0x7f3bd476a870>,19,14,[4 7],20,71,85,51,56
1,<environment.Job instance at 0x7f3bd4ef6960>,20,19,[5 2],21,85,104,64,75
1,<environment.Job instance at 0x7f3bd4ef6050>,22,17,[6 5],23,85,102,62,75
1,<environment.Job instance at 0x7f3bd44549b0>,7,21,[4 5],8,85,106,77,79
1,<environment.Job instance at 0x7f3bd4ef6b40>,29,18,[2 5],30,102,120,72,91
1,<environment.Job instance at 0x7f3bd4454aa0>,9,18,[8 2],10,104,122,94,93
1,<environment.Job instance at 0x7f3bd3ec5cd0>,31,21,[2 6],32,106,127,74,98
1,<environment.Job instance at 0x7f3bd4df8410>,2,15,[13  2],3,6,21,3,6
1,<environment.Job instance at 0x7f3bd4df8140>,5,19,[3 8],6,21,40,15,16
1,<environment.Job instance at 0x7f3bd4df85f0>,11,21,[9 5],12,21,42,9,18
1,<environment.Job instance at 0x7f3bd4df84b0>,13,18,[4 5],14,40,58,26,29
1,<environment.Job instance at 0x7f3bd451aa50>,19,17,[10  4],20,42,59,22,30
1,<environment.Job instance at 0x7f3bd451ae60>,28,21,[9 5],29,59,80,30,53
1,<environment.Job instance at 0x7f3bd451a050>,30,14,[9 5],31,80,94,49,65
1,<environment.Job instance at 0x7f3bd4df8e10>,0,28,[5 5],1,65,93,64,65
1,<environment.Job instance at 0x7f3bd4c69140>,33,21,[9 5],34,94,115,60,86
1,<environment.Job instance at 0x7f3bd4c699b0>,37,12,[4 7],38,93,105,55,86
1,<environment.Job instance at 0x7f3bd4c696e0>,38,15,[6 4],39,105,120,66,91
1,<environment.Job instance at 0x7f3bdd902af0>,4,21,[6 3],5,5,26,0,5
1,<environment.Job instance at 0x7f3bd3e20640>,8,21,[1 5],9,9,30,0,9
1,<environment.Job instance at 0x7f3bd41dcfa0>,10,25,[8 3],11,12,37,1,12
1,<environment.Job instance at 0x7f3bd53155f0>,12,14,[14  4],13,37,51,24,22
1,<environment.Job instance at 0x7f3bd3e20be0>,9,17,[1 7],10,39,56,29,39
1,<environment.Job instance at 0x7f3bd53150f0>,15,18,[9 3],16,51,69,35,40
1,<environment.Job instance at 0x7f3bd4803410>,13,24,[5 1],14,51,75,37,46
1,<environment.Job instance at 0x7f3bd49980f0>,16,17,[1 6],17,56,73,39,47
1,<environment.Job instance at 0x7f3bd46a7d70>,18,17,[3 5],19,69,86,50,58
1,<environment.Job instance at 0x7f3bd46a7870>,17,18,[11  2],18,75,93,57,65
1,<environment.Job instance at 0x7f3bd4c6f3c0>,29,14,[4 9],30,86,100,56,76
1,<environment.Job instance at 0x7f3bd4d92f50>,30,17,[10  3],31,93,110,62,88
1,<environment.Job instance at 0x7f3bd4f6df00>,0,20,[3 6],1,1,21,0,1
1,<environment.Job instance at 0x7f3bd4f6d320>,6,21,[5 5],7,7,28,0,7
1,<environment.Job instance at 0x7f3bd4f6df50>,7,19,[1 8],8,21,40,13,11
1,<environment.Job instance at 0x7f3bd4f6de60>,8,14,[11  4],9,28,42,19,13
1,<environment.Job instance at 0x7f3bd4f6dc80>,9,28,[7 1],10,42,70,32,41
1,<environment.Job instance at 0x7f3bd4f6de10>,3,16,[ 3 10],4,41,57,37,41
1,<environment.Job instance at 0x7f3bd4f6dd20>,11,14,[5 1],12,42,56,30,41
1,<environment.Job instance at 0x7f3bd4f6da50>,12,17,[5 5],13,57,74,44,45
1,<environment.Job instance at 0x7f3bd3c128c0>,13,15,[5 5],14,70,85,56,56
1,<environment.Job instance at 0x7f3bd4f6dc30>,4,14,[10  5],5,74,88,69,59
1,<environment.Job instance at 0x7f3bd3c12b40>,15,20,[6 5],16,88,108,72,79
1,<environment.Job instance at 0x7f3bd4f6db90>,14,27,[7 1],15,88,115,73,86
1,<environment.Job instance at 0x7f3bd3942960>,21,14,[5 5],22,108,122,86,93
1,<environment.Job instance at 0x7f3bd40710a0>,25,13,[3 6],26,108,121,82,93
1,<environment.Job instance at 0x7f3bddaeea00>,1,14,[9 3],2,2,16,0,2
1,<environment.Job instance at 0x7f3bd432d320>,0,18,[ 2 12],1,3,21,2,3
1,<environment.Job instance at 0x7f3bd432d1e0>,4,14,[9 3],5,16,30,11,5
1,<environment.Job instance at 0x7f3bd433b640>,16,18,[2 9],17,21,39,4,18
1,<environment.Job instance at 0x7f3bd433b140>,18,16,[10  2],19,30,46,11,19
1,<environment.Job instance at 0x7f3bd4346910>,22,21,[5 4],23,39,60,16,31
1,<environment.Job instance at 0x7f3bd43466e0>,26,16,[8 1],27,46,62,19,33
1,<environment.Job instance at 0x7f3bd433b370>,17,20,[1 5],18,46,66,28,38
1,<environment.Job instance at 0x7f3bd433bf00>,15,13,[3 5],16,60,73,44,44
1,<environment.Job instance at 0x7f3bd4346640>,28,17,[4 8],29,66,83,37,54
1,<environment.Job instance at 0x7f3bd43562d0>,43,15,[3 7],44,73,88,29,60
1,<environment.Job instance at 0x7f3bd53180a0>,44,15,[10  3],45,83,98,38,69
1,<environment.Job instance at 0x7f3bd4346050>,29,18,[5 5],30,88,106,58,78
1,<environment.Job instance at 0x7f3bd3e10e60>,49,25,[5 1],50,98,123,48,94
1,<environment.Job instance at 0x7f3bd52c8b40>,50,20,[2 5],51,98,118,47,94
1,<environment.Job instance at 0x7f3bd4082230>,51,21,[1 7],52,106,127,54,98
1,<environment.Job instance at 0x7f3bd3cbd280>,2,21,[4 7],3,3,24,0,3
1,<environment.Job instance at 0x7f3bd3cbd780>,3,23,[5 1],4,4,27,0,4
1,<environment.Job instance at 0x7f3bd3cbd9b0>,4,18,[5 5],5,5,23,0,5
1,<environment.Job instance at 0x7f3bd3ce5550>,7,18,[9 2],8,24,42,16,13
1,<environment.Job instance at 0x7f3bd4def690>,20,17,[2 7],21,27,44,6,21
1,<environment.Job instance at 0x7f3bd4defc30>,22,20,[10  2],23,42,62,19,33
1,<environment.Job instance at 0x7f3bd3d10690>,23,15,[ 4 10],24,44,59,20,33
1,<environment.Job instance at 0x7f3bd4def730>,25,18,[1 7],26,59,77,33,48
1,<environment.Job instance at 0x7f3bd4687690>,28,17,[4 5],29,59,76,30,48
1,<environment.Job instance at 0x7f3bd4c11b90>,32,20,[1 5],33,76,96,43,67
1,<environment.Job instance at 0x7f3bd4469690>,35,13,[8 1],36,67,80,31,67
1,<environment.Job instance at 0x7f3bd4469d70>,36,14,[1 6],37,77,91,40,67
1,<environment.Job instance at 0x7f3bd4469820>,37,13,[6 3],38,80,93,42,67
1,<environment.Job instance at 0x7f3bd3d345f0>,40,20,[3 8],41,93,113,52,84
1,<environment.Job instance at 0x7f3bd44674b0>,42,12,[5 9],43,113,125,70,96
1,<environment.Job instance at 0x7f3bd4467af0>,44,17,[5 3],45,96,113,51,96
1,<environment.Job instance at 0x7f3bd3b50d70>,0,14,[11  1],1,1,15,0,1
1,<environment.Job instance at 0x7f3bd3d13f50>,5,22,[5 1],6,15,37,9,8
1,<environment.Job instance at 0x7f3bd3cec460>,12,22,[5 5],13,15,37,2,13
1,<environment.Job instance at 0x7f3bd3cec500>,13,16,[1 9],14,14,30,0,14
1,<environment.Job instance at 0x7f3bd3cec550>,17,12,[ 5 10],18,37,49,19,20
1,<environment.Job instance at 0x7f3bd3cfd0f0>,30,15,[8 4],31,37,52,6,31
1,<environment.Job instance at 0x7f3bd3cfd370>,32,15,[2 8],33,49,64,16,35
1,<environment.Job instance at 0x7f3bd3cecaa0>,33,17,[2 7],34,52,69,18,40
1,<environment.Job instance at 0x7f3bd3cec910>,19,16,[9 4],20,64,80,44,51
1,<environment.Job instance at 0x7f3bd3cfd410>,40,21,[ 4 14],41,80,101,39,72
1,<environment.Job instance at 0x7f3bd3cfd460>,41,23,[ 2 11],42,101,124,59,95
1,<environment.Job instance at 0x7f3bd3cec7d0>,16,12,[9 1],17,95,107,78,95
1,<environment.Job instance at 0x7f3bd3cfdd70>,49,15,[7 3],50,107,122,57,95
1,<environment.Job instance at 0x7f3bd3cfdaa0>,2,16,[6 1],3,3,19,0,3
1,<environment.Job instance at 0x7f3bd418eb90>,4,14,[11  1],5,19,33,14,5
1,<environment.Job instance at 0x7f3bd3cfda50>,7,17,[4 8],8,16,33,8,16
1,<environment.Job instance at 0x7f3bd418e8c0>,6,14,[13  4],7,33,47,26,18
1,<environment.Job instance at 0x7f3bd418e140>,14,12,[7 4],15,47,59,32,30
1,<environment.Job instance at 0x7f3bd418e7d0>,13,15,[ 1 10],14,33,48,19,30
1,<environment.Job instance at 0x7f3bd418e370>,18,15,[3 6],19,48,63,29,34
1,<environment.Job instance at 0x7f3bd3cddaf0>,22,24,[5 3],23,48,72,25,46
1,<environment.Job instance at 0x7f3bd3cddc80>,24,18,[5 5],25,59,77,34,48
1,<environment.Job instance at 0x7f3bd3cdd370>,27,16,[5 6],28,63,79,35,50
1,<environment.Job instance at 0x7f3bd3cdd320>,28,21,[5 5],29,77,98,48,69
1,<environment.Job instance at 0x7f3bd3cdd690>,30,13,[4 7],31,79,92,48,69
1,<environment.Job instance at 0x7f3bd3cdd550>,33,15,[5 5],34,92,107,58,78
1,<environment.Job instance at 0x7f3bd3cddd20>,35,18,[ 3 10],36,98,116,62,87
1,<environment.Job instance at 0x7f3bd3e8d320>,0,15,[ 4 12],1,1,16,0,1
1,<environment.Job instance at 0x7f3bd3e8d820>,3,16,[1 5],4,16,32,12,4
1,<environment.Job instance at 0x7f3bd3e8daf0>,1,21,[5 2],2,4,25,2,4
1,<environment.Job instance at 0x7f3bd3d640f0>,6,23,[5 5],7,16,39,9,10
1,<environment.Job instance at 0x7f3bd52ec5f0>,11,12,[1 9],12,32,44,20,15
1,<environment.Job instance at 0x7f3bd3fc52d0>,18,16,[7 3],19,39,55,20,26
1,<environment.Job instance at 0x7f3bd3fc5640>,22,17,[10  5],23,55,72,32,43
1,<environment.Job instance at 0x7f3bd3fc55f0>,25,14,[8 3],26,72,86,46,57
1,<environment.Job instance at 0x7f3bd3fc50a0>,27,17,[9 4],28,86,103,58,74
1,<environment.Job instance at 0x7f3bd3fc5c80>,28,16,[10  4],29,103,119,74,90
1,<environment.Job instance at 0x7f3bd3fc5460>,33,19,[ 5 10],34,90,109,56,90
1,<environment.Job instance at 0x7f3bd4649690>,35,16,[2 6],36,109,125,73,96
1,<environment.Job instance at 0x7f5c3e924230>,0,17,[6 1],1,1,18,0,1
1,<environment.Job instance at 0x7f5c3e924320>,2,20,[7 4],3,3,23,0,3
1,<environment.Job instance at 0x7f5c351ac7d0>,10,15,[5 1],11,18,33,7,11
1,<environment.Job instance at 0x7f5c351aca50>,11,15,[6 1],12,23,38,11,12
1,<environment.Job instance at 0x7f5c351af230>,22,13,[7 4],23,33,46,10,23
1,<environment.Job instance at 0x7f5c351af410>,24,20,[4 6],25,38,58,13,29
1,<environment.Job instance at 0x7f5c351af4b0>,26,12,[8 5],27,46,58,19,29
1,<environment.Job instance at 0x7f5c351af960>,32,17,[9 3],33,58,75,25,46
1,<environment.Job instance at 0x7f5c351afb90>,35,16,[1 9],36,58,74,22,46
1,<environment.Job instance at 0x7f5c351afc30>,36,20,[7 5],37,75,95,38,66
1,<environment.Job instance at 0x7f5c351afe10>,39,18,[9 4],40,95,113,55,84
1,<environment.Job instance at 0x7f5c351af820>,43,16,[1 8],44,85,101,41,85
1,<environment.Job instance at 0x7f5c351b2370>,46,14,[6 5],47,101,115,54,86
1,<environment.Job instance at 0x7f5c351b23c0>,49,13,[1 5],50,113,126,63,97
1,<environment.Job instance at 0x7f5c351b25f0>,51,13,[5 6],52,115,128,63,99
1,<environment.Job instance at 0x7f5c351b2780>,53,17,[7 4],54,113,130,59,101
1,<environment.Job instance at 0x7f5c355ef960>,0,27,[ 3 11],1,1,28,0,1
1,<environment.Job instance at 0x7f5c351b2820>,1,23,[5 1],2,2,25,0,2
1,<environment.Job instance at 0x7f5c355ef320>,4,17,[5 1],5,8,25,3,8
1,<environment.Job instance at 0x7f5c355ef5f0>,6,17,[5 5],7,28,45,21,16
1,<environment.Job instance at 0x7f5c355efc30>,8,15,[ 4 10],9,28,43,19,20
1,<environment.Job instance at 0x7f5c355ef550>,12,18,[7 4],13,43,61,30,32
1,<environment.Job instance at 0x7f5c355ef820>,9,20,[4 9],10,45,65,35,36
1,<environment.Job instance at 0x7f5c35642a50>,16,27,[12  1],17,65,92,48,63
1,<environment.Job instance at 0x7f5c35642230>,17,20,[13  4],18,92,112,74,83
1,<environment.Job instance at 0x7f5c35642cd0>,18,26,[1 6],19,83,109,64,83
1,<environment.Job instance at 0x7f5c35642140>,19,14,[13  2],20,112,126,92,97
1,<environment.Job instance at 0x7f5c34817910>,6,15,[8 5],7,7,22,0,7
1,<environment.Job instance at 0x7f5c34899280>,1,17,[14  5],2,22,39,20,10
1,<environment.Job instance at 0x7f5c34817960>,9,12,[4 8],10,39,51,29,22
1,<environment.Job instance at 0x7f5c34817e60>,11,13,[ 4 11],12,51,64,39,35
1,<environment.Job instance at 0x7f5c34817aa0>,13,19,[ 5 10],14,64,83,50,54
1,<environment.Job instance at 0x7f5c34817050>,16,13,[4 8],17,83,96,66,67
1,<environment.Job instance at 0x7f5c34817be0>,17,16,[8 4],18,67,83,49,67
1,<environment.Job instance at 0x7f5c3489ac30>,20,13,[2 7],21,83,96,62,67
1,<environment.Job instance at 0x7f5c3489a870>,25,13,[9 2],26,96,109,70,80
1,<environment.Job instance at 0x7f5c3489a140>,26,13,[4 5],27,96,109,69,80
1,<environment.Job instance at 0x7f5c3489a370>,32,13,[3 5],33,109,122,76,93
1,<environment.Job instance at 0x7f5c3489a190>,33,16,[5 8],34,109,125,75,96
1,<environment.Job instance at 0x7f5c3489a640>,36,14,[3 5],37,122,136,85,107
1,<environment.Job instance at 0x7f5c34cf3d70>,2,13,[2 9],3,3,16,0,3
1,<environment.Job instance at 0x7f5c34cf3f50>,4,12,[2 7],5,16,28,11,7
1,<environment.Job instance at 0x7f5c34cf3dc0>,5,27,[12  5],6,8,35,2,8
1,<environment.Job instance at 0x7f5c34df8f50>,13,17,[5 9],14,35,52,21,23
1,<environment.Job instance at 0x7f5c34df8460>,14,17,[7 1],15,35,52,20,23
1,<environment.Job instance at 0x7f5c348f2d20>,28,14,[3 6],29,52,66,23,37
1,<environment.Job instance at 0x7f5c34ce71e0>,29,12,[6 4],30,52,64,22,37
1,<environment.Job instance at 0x7f5c34d8b7d0>,12,23,[5 8],13,64,87,51,58
1,<environment.Job instance at 0x7f5c349b4a00>,37,23,[9 5],38,66,89,28,60
1,<environment.Job instance at 0x7f5c354e3f50>,38,16,[5 2],39,87,103,48,74
1,<environment.Job instance at 0x7f5c354e3870>,39,22,[2 5],40,89,111,49,82
1,<environment.Job instance at 0x7f5c34875960>,40,12,[ 1 10],41,103,115,62,86
1,<environment.Job instance at 0x7f5c3e923140>,45,13,[5 5],46,89,102,43,86
1,<environment.Job instance at 0x7f5c3e923870>,51,20,[5 5],52,111,131,59,102
1,<environment.Job instance at 0x7f5c3488fc30>,55,17,[7 4],56,115,132,59,103
1,<environment.Job instance at 0x7f5c34b7ae60>,0,19,[3 6],1,1,20,0,1
1,<environment.Job instance at 0x7f5c355b3d20>,3,14,[14  2],4,20,34,16,8
1,<environment.Job instance at 0x7f5c355e1e60>,9,12,[4 6],10,34,46,24,18
1,<environment.Job instance at 0x7f5c355b3dc0>,7,15,[4 9],8,34,49,26,20
1,<environment.Job instance at 0x7f5c355aecd0>,12,19,[7 3],13,46,65,33,36
1,<environment.Job instance at 0x7f5c355aef00>,15,18,[5 5],16,49,67,33,38
1,<environment.Job instance at 0x7f5c355ae0a0>,16,15,[2 6],17,49,64,32,38
1,<environment.Job instance at 0x7f5c355aea00>,17,14,[8 4],18,65,79,47,50
1,<environment.Job instance at 0x7f5c355d34b0>,20,15,[5 2],21,67,82,46,53
1,<environment.Job instance at 0x7f5c355d3550>,22,13,[10  4],23,79,92,56,63
1,<environment.Job instance at 0x7f5c355d3910>,23,20,[4 7],24,82,102,58,75
1,<environment.Job instance at 0x7f5c355c8cd0>,24,21,[10  3],25,92,113,67,85
1,<environment.Job instance at 0x7f5c355c8e10>,27,15,[ 4 10],28,102,117,74,101
1,<environment.Job instance at 0x7f5c355c8a50>,31,14,[5 3],32,113,127,81,101
1,<environment.Job instance at 0x7f5c355b5550>,34,20,[7 5],35,117,137,82,108
1,<environment.Job instance at 0x7f5c347cc690>,0,15,[2 7],1,1,16,0,1
1,<environment.Job instance at 0x7f5c355b57d0>,1,16,[6 1],2,2,18,0,2
1,<environment.Job instance at 0x7f5c355b5550>,3,14,[10  3],4,18,32,14,4
1,<environment.Job instance at 0x7f5c347cc050>,2,17,[ 2 12],3,16,33,13,4
1,<environment.Job instance at 0x7f5c347eb460>,9,14,[ 3 10],10,33,47,23,18
1,<environment.Job instance at 0x7f5c347eb5f0>,12,16,[1 5],13,33,49,20,20
1,<environment.Job instance at 0x7f5c347eb640>,13,18,[4 9],14,47,65,33,36
1,<environment.Job instance at 0x7f5c347eb3c0>,10,13,[4 5],11,49,62,38,37
1,<environment.Job instance at 0x7f5c34efc0a0>,30,18,[7 5],31,62,80,31,51
1,<environment.Job instance at 0x7f5c34efca00>,37,16,[2 8],38,65,81,27,52
1,<environment.Job instance at 0x7f5c34eebb90>,54,14,[8 4],55,80,94,25,65
1,<environment.Job instance at 0x7f5c34eeba50>,58,14,[5 8],59,81,95,22,66
1,<environment.Job instance at 0x7f5c34eeb140>,64,19,[3 6],65,94,113,29,84
1,<environment.Job instance at 0x7f5c34eeb0a0>,66,15,[6 1],67,94,109,27,84
1,<environment.Job instance at 0x7f5c34eeb4b0>,70,12,[2 8],71,95,107,24,84
1,<environment.Job instance at 0x7f5c34eeb870>,71,13,[6 4],72,107,120,35,91
1,<environment.Job instance at 0x7f5c34eebd70>,74,13,[5 7],75,113,126,38,97
1,<environment.Job instance at 0x7f5c34bf5050>,77,18,[8 3],78,120,138,42,109
1,<environment.Job instance at 0x7f5c34bf5b90>,78,12,[3 5],79,126,138,47,109
1,<environment.Job instance at 0x7f5c35cd3be0>,3,12,[9 1],4,4,16,0,4
1,<environment.Job instance at 0x7f5c34ee7f50>,5,17,[10  1],6,16,33,10,6
1,<environment.Job instance at 0x7f5c34ee7190>,12,16,[5 4],13,13,29,0,13
1,<environment.Job instance at 0x7f5c34ee7e10>,16,17,[3 5],17,29,46,12,17
1,<environment.Job instance at 0x7f5c34ee7fa0>,18,14,[6 5],19,33,47,14,19
1,<environment.Job instance at 0x7f5c34b74eb0>,27,15,[4 7],28,46,61,18,32
1,<environment.Job instance at 0x7f5c34b744b0>,28,12,[1 7],29,47,59,18,33
1,<environment.Job instance at 0x7f5c347695f0>,29,17,[8 4],30,59,76,29,47
1,<environment.Job instance at 0x7f5c34769f50>,30,16,[1 7],31,61,77,30,48
1,<environment.Job instance at 0x7f5c351eae60>,24,27,[14  2],25,76,103,51,74
1,<environment.Job instance at 0x7f5c34769690>,33,21,[8 3],34,103,124,69,101
1,<environment.Job instance at 0x7f5c347690a0>,36,20,[3 6],37,103,123,66,101
1,<environment.Job instance at 0x7f5c35cc1be0>,40,15,[5 5],41,123,138,82,109
1,<environment.Job instance at 0x7f5c34756910>,4,13,[4 5],5,5,18,0,5
1,<environment.Job instance at 0x7f5c34b2b3c0>,5,20,[3 7],6,6,26,0,6
1,<environment.Job instance at 0x7f5c34b2b280>,7,17,[8 3],8,8,25,0,8
1,<environment.Job instance at 0x7f5c34b3be60>,14,16,[1 6],15,25,41,10,15
1,<environment.Job instance at 0x7f5c34b3b370>,18,14,[5 2],19,25,39,6,19
1,<environment.Job instance at 0x7f5c34b3b640>,21,15,[6 3],22,26,41,4,22
1,<environment.Job instance at 0x7f5c34b3b280>,22,16,[9 3],23,41,57,18,28
1,<environment.Job instance at 0x7f5c34b2bd70>,12,24,[12  5],13,57,81,44,52
1,<environment.Job instance at 0x7f5c34b14410>,27,17,[ 1 10],28,66,83,38,66
1,<environment.Job instance at 0x7f5c34b2bf50>,13,26,[ 5 10],14,83,109,69,80
1,<environment.Job instance at 0x7f5c34e28320>,31,15,[5 4],32,81,96,49,81
1,<environment.Job instance at 0x7f5c34b2bdc0>,9,18,[2 7],10,109,127,99,98
1,<environment.Job instance at 0x7f5c355d33c0>,0,18,[11  2],1,109,127,108,98
1,<environment.Job instance at 0x7f5c34ee1140>,0,14,[ 4 12],1,1,15,0,1
1,<environment.Job instance at 0x7f5c358194b0>,2,22,[5 2],3,3,25,0,3
1,<environment.Job instance at 0x7f5c347894b0>,1,16,[3 9],2,15,31,13,3
1,<environment.Job instance at 0x7f5c351720a0>,7,16,[8 3],8,25,41,17,16
1,<environment.Job instance at 0x7f5c35172730>,6,16,[1 8],7,31,47,24,18
1,<environment.Job instance at 0x7f5c351721e0>,12,21,[1 5],13,41,62,28,33
1,<environment.Job instance at 0x7f5c3587e140>,16,12,[2 5],17,47,59,30,33
1,<environment.Job instance at 0x7f5c35172320>,8,16,[11  2],9,41,57,32,33
1,<environment.Job instance at 0x7f5c3587e050>,18,12,[9 1],19,57,69,38,40
1,<environment.Job instance at 0x7f5c3587e640>,24,14,[4 8],25,59,73,34,44
1,<environment.Job instance at 0x7f5c35094500>,28,13,[4 5],29,69,82,40,54
1,<environment.Job instance at 0x7f5c350945a0>,31,14,[10  4],32,73,87,41,68
1,<environment.Job instance at 0x7f5c35172e10>,9,28,[8 2],10,87,115,77,86
1,<environment.Job instance at 0x7f5c350947d0>,34,27,[1 9],35,86,113,51,86
1,<environment.Job instance at 0x7f5c35094370>,35,25,[ 2 12],36,113,138,77,109
1,<environment.Job instance at 0x7f5c34b489b0>,1,13,[5 2],2,2,15,0,2
1,<environment.Job instance at 0x7f5c34f4f640>,6,22,[10  3],7,8,30,1,8
1,<environment.Job instance at 0x7f5c34f4f190>,8,13,[2 7],9,15,28,6,9
1,<environment.Job instance at 0x7f5c347a3230>,10,18,[10  1],11,30,48,19,19
1,<environment.Job instance at 0x7f5c35b7b460>,14,14,[1 6],15,28,42,13,19
1,<environment.Job instance at 0x7f5c34f4f730>,4,18,[6 3],5,48,66,43,37
1,<environment.Job instance at 0x7f5c35b7b5f0>,16,21,[10  1],17,66,87,49,58
1,<environment.Job instance at 0x7f5c35b7b8c0>,19,14,[6 1],20,87,101,67,72
1,<environment.Job instance at 0x7f5c35b7ba00>,21,19,[7 3],22,87,106,65,77
1,<environment.Job instance at 0x7f5c35b7b910>,22,12,[10  4],23,106,118,83,89
1,<environment.Job instance at 0x7f5c35b7bb90>,24,16,[2 5],25,89,105,64,89
1,<environment.Job instance at 0x7f5c35b7be10>,28,15,[2 5],29,101,116,72,89
1,<environment.Job instance at 0x7f5c35b7beb0>,29,14,[3 7],30,116,130,86,101
1,<environment.Job instance at 0x7f5c3e573c80>,4,19,[7 5],5,5,24,0,5
1,<environment.Job instance at 0x7f5c34c96a50>,7,21,[4 5],8,8,29,0,8
1,<environment.Job instance at 0x7f5c34c96230>,11,28,[4 5],12,13,41,1,13
1,<environment.Job instance at 0x7f5c34c96640>,8,16,[10  1],9,29,45,20,19
1,<environment.Job instance at 0x7f5c3e5735f0>,9,18,[8 2],10,45,63,35,34
1,<environment.Job instance at 0x7f5c34c96410>,16,22,[7 2],17,45,67,28,38
1,<environment.Job instance at 0x7f5c34c96af0>,18,15,[7 4],19,63,78,44,49
1,<environment.Job instance at 0x7f5c34c96190>,19,14,[4 7],20,67,81,47,52
1,<environment.Job instance at 0x7f5c34c960a0>,20,19,[5 2],21,78,97,57,68
1,<environment.Job instance at 0x7f5c34c962d0>,22,17,[6 5],23,78,95,55,68
1,<environment.Job instance at 0x7f5c34c96690>,29,18,[2 5],30,81,99,51,70
1,<environment.Job instance at 0x7f5c35655aa0>,31,21,[2 6],32,95,116,63,87
1,<environment.Job instance at 0x7f5c35655140>,35,15,[9 4],36,97,112,61,87
1,<environment.Job instance at 0x7f5c35655e10>,36,15,[4 7],37,112,127,75,98
1,<environment.Job instance at 0x7f5c35655a50>,40,18,[5 5],41,116,134,75,105
1,<environment.Job instance at 0x7f5c3456adc0>,0,14,[8 2],1,1,15,0,1
1,<environment.Job instance at 0x7f5c3456aaf0>,3,18,[4 5],4,4,22,0,4
1,<environment.Job instance at 0x7f5c3456a690>,5,13,[4 6],6,15,28,9,7
1,<environment.Job instance at 0x7f5c3456a0f0>,9,17,[10  4],10,22,39,12,10
1,<environment.Job instance at 0x7f5c345b10a0>,13,16,[3 5],14,28,44,14,15
1,<environment.Job instance at 0x7f5c345b1410>,18,21,[9 5],19,39,60,20,31
1,<environment.Job instance at 0x7f5c345b13c0>,20,14,[9 5],21,60,74,39,45
1,<environment.Job instance at 0x7f5c345b1f00>,28,15,[6 4],29,57,72,28,57
1,<environment.Job instance at 0x7f5c3456a6e0>,6,15,[12  1],7,74,89,67,60
1,<environment.Job instance at 0x7f5c345b16e0>,29,17,[3 8],30,72,89,42,60
1,<environment.Job instance at 0x7f5c345b1fa0>,31,19,[5 4],32,89,108,57,79
1,<environment.Job instance at 0x7f5c345b15a0>,30,15,[ 5 10],31,89,104,58,79
1,<environment.Job instance at 0x7f5c345b1820>,33,28,[9 1],34,104,132,70,103
1,<environment.Job instance at 0x7f5c3456a230>,14,27,[ 3 13],15,108,135,93,106
1,<environment.Job instance at 0x7f5c3503e370>,9,14,[4 9],10,10,24,0,10
1,<environment.Job instance at 0x7f5c3503ec80>,10,17,[10  3],11,11,28,0,11
1,<environment.Job instance at 0x7f5c35836730>,14,14,[ 2 13],15,28,42,13,17
1,<environment.Job instance at 0x7f5c35836be0>,17,12,[11  3],18,42,54,24,27
1,<environment.Job instance at 0x7f5c35836dc0>,15,16,[4 8],16,42,58,26,29
1,<environment.Job instance at 0x7f5c358364b0>,20,16,[11  4],21,54,70,33,41
1,<environment.Job instance at 0x7f5c35836cd0>,16,14,[13  4],17,70,84,53,55
1,<environment.Job instance at 0x7f5c35836780>,18,22,[1 8],19,58,80,39,55
1,<environment.Job instance at 0x7f5c35836190>,22,21,[9 3],23,84,105,61,76
1,<environment.Job instance at 0x7f5c35836e60>,25,17,[4 6],26,84,101,58,76
1,<environment.Job instance at 0x7f5c35836410>,27,21,[3 7],28,101,122,73,94
1,<environment.Job instance at 0x7f5c358366e0>,28,15,[ 3 10],29,122,137,93,108
1,<environment.Job instance at 0x7f5c34df4d20>,0,12,[ 3 10],1,1,13,0,1
1,<environment.Job instance at 0x7f5c34df48c0>,1,26,[5 5],2,6,32,4,6
1,<environment.Job instance at 0x7f5c3e835960>,7,20,[4 9],8,13,33,5,8
1,<environment.Job instance at 0x7f5c34b65140>,12,12,[ 4 12],13,33,45,20,16
1,<environment.Job instance at 0x7f5c34b65be0>,13,27,[ 4 14],14,45,72,31,43
1,<environment.Job instance at 0x7f5c34b652d0>,14,17,[5 9],15,72,89,57,60
1,<environment.Job instance at 0x7f5c34b658c0>,15,18,[6 1],16,60,78,44,60
1,<environment.Job instance at 0x7f5c34b65cd0>,16,24,[5 6],17,78,102,61,73
1,<environment.Job instance at 0x7f5c34b65e60>,17,15,[4 9],18,89,104,71,75
1,<environment.Job instance at 0x7f5c34b650f0>,10,21,[8 3],11,102,123,91,95
1,<environment.Job instance at 0x7f5c354c5500>,20,12,[5 9],21,104,116,83,97
1,<environment.Job instance at 0x7f5c354c5690>,22,17,[6 3],23,116,133,93,104
1,<environment.Job instance at 0x7f5c354c5be0>,23,12,[4 8],24,123,135,99,106
1,<environment.Job instance at 0x7f5c35c0b320>,2,22,[1 8],3,3,25,0,3
1,<environment.Job instance at 0x7f5c35c0b0f0>,3,15,[3 7],4,4,19,0,4
1,<environment.Job instance at 0x7f5c35c0b870>,4,15,[10  3],5,19,34,14,5
1,<environment.Job instance at 0x7f5c35c0b4b0>,11,21,[1 7],12,25,46,13,17
1,<environment.Job instance at 0x7f5c35c0b780>,14,16,[9 2],15,34,50,19,21
1,<environment.Job instance at 0x7f5c35c0b730>,10,20,[2 5],11,25,45,14,25
1,<environment.Job instance at 0x7f5c34611dc0>,21,12,[1 7],22,46,58,24,30
1,<environment.Job instance at 0x7f5c34611fa0>,20,22,[3 9],21,58,80,37,51
1,<environment.Job instance at 0x7f5c35c0b910>,8,19,[9 2],9,51,70,42,51
1,<environment.Job instance at 0x7f5c34611be0>,29,14,[9 1],30,70,84,40,55
1,<environment.Job instance at 0x7f5c350c95f0>,37,12,[7 5],38,84,96,46,67
1,<environment.Job instance at 0x7f5c34611230>,30,15,[2 5],31,70,85,39,67
1,<environment.Job instance at 0x7f5c350c9640>,40,21,[4 7],41,85,106,44,77
1,<environment.Job instance at 0x7f5c350c9b40>,41,16,[6 1],42,96,112,54,83
1,<environment.Job instance at 0x7f5c350c9f00>,42,12,[7 4],43,106,118,63,89
1,<environment.Job instance at 0x7f5c350c9aa0>,43,13,[6 3],44,112,125,68,96
1,<environment.Job instance at 0x7f5c350c9c80>,44,13,[1 7],45,96,109,51,96
1,<environment.Job instance at 0x7f5c350c95a0>,48,18,[4 5],49,118,136,69,107
1,<environment.Job instance at 0x7f5c34987c30>,0,17,[ 3 14],1,1,18,0,1
1,<environment.Job instance at 0x7f5c34987d20>,8,14,[12  4],9,18,32,9,9
1,<environment.Job instance at 0x7f5c34987370>,9,25,[ 2 10],10,18,43,8,14
1,<environment.Job instance at 0x7f5c34987f00>,10,24,[14  1],11,43,67,32,38
1,<environment.Job instance at 0x7f5c349876e0>,6,20,[9 3],7,67,87,60,58
1,<environment.Job instance at 0x7f5c349878c0>,13,16,[8 2],14,87,103,73,74
1,<environment.Job instance at 0x7f5c34987eb0>,15,14,[7 1],16,87,101,71,78
1,<environment.Job instance at 0x7f5c346b9190>,18,17,[5 5],19,101,118,82,89
1,<environment.Job instance at 0x7f5c346b9500>,19,16,[5 5],20,103,119,83,90
1,<environment.Job instance at 0x7f5c346b9550>,20,20,[1 5],21,101,121,80,92
1,<environment.Job instance at 0x7f5c346b95f0>,28,18,[1 8],29,119,137,90,108
1,<environment.Job instance at 0x7f5c346b9f50>,33,18,[7 1],34,118,136,84,108
1,<environment.Job instance at 0x7f5c34987fa0>,1,15,[1 6],2,121,136,119,108
1,<environment.Job instance at 0x7f5c355628c0>,2,19,[11  4],3,3,22,0,3
1,<environment.Job instance at 0x7f5c355625f0>,3,22,[1 7],4,4,26,0,4
1,<environment.Job instance at 0x7f5c35562b90>,9,18,[4 9],10,26,44,16,17
1,<environment.Job instance at 0x7f5c34fae370>,14,17,[8 3],15,22,39,7,17
1,<environment.Job instance at 0x7f5c34c13050>,16,14,[5 6],17,39,53,22,24
1,<environment.Job instance at 0x7f5c34c13960>,22,14,[5 7],23,44,58,21,29
1,<environment.Job instance at 0x7f5c34e56a00>,38,16,[6 3],39,53,69,14,40
1,<environment.Job instance at 0x7f5c34e56c80>,47,17,[4 8],48,58,75,10,49
1,<environment.Job instance at 0x7f5c34a7c500>,58,15,[3 6],59,69,84,10,59
1,<environment.Job instance at 0x7f5c34a7c7d0>,64,18,[5 5],65,75,93,10,65
1,<environment.Job instance at 0x7f5c3478c0f0>,67,16,[5 6],68,84,100,16,71
1,<environment.Job instance at 0x7f5c35763500>,73,15,[5 5],74,93,108,19,79
1,<environment.Job instance at 0x7f5c349c2820>,76,14,[5 8],77,100,114,23,86
1,<environment.Job instance at 0x7f5c349c2d70>,87,18,[1 8],88,114,132,26,103
1,<environment.Job instance at 0x7f5c346300f0>,96,16,[2 6],97,108,124,11,103
1,<environment.Job instance at 0x7f5c34568f00>,4,22,[3 5],5,5,27,0,5
1,<environment.Job instance at 0x7f5c34588230>,0,18,[1 6],1,6,24,5,6
1,<environment.Job instance at 0x7f5c34568d70>,10,15,[5 6],11,24,39,13,12
1,<environment.Job instance at 0x7f5c3454caf0>,25,19,[8 5],26,27,46,1,26
1,<environment.Job instance at 0x7f5c345547d0>,31,21,[5 2],32,39,60,7,32
1,<environment.Job instance at 0x7f5c34554b40>,32,20,[3 6],33,46,66,13,41
1,<environment.Job instance at 0x7f5c34554550>,34,19,[6 2],35,46,65,11,41
1,<environment.Job instance at 0x7f5c34db34b0>,37,20,[5 3],38,60,80,22,51
1,<environment.Job instance at 0x7f5c34db40a0>,48,16,[7 3],49,65,81,16,52
1,<environment.Job instance at 0x7f5c345685a0>,33,16,[1 5],34,66,82,32,53
1,<environment.Job instance at 0x7f5c34db4cd0>,52,17,[10  5],53,81,98,28,69
1,<environment.Job instance at 0x7f5c34568fa0>,6,18,[3 8],7,82,100,75,71
1,<environment.Job instance at 0x7f5c34db4190>,56,13,[14  2],57,100,113,43,84
1,<environment.Job instance at 0x7f5c34db4d70>,57,17,[9 4],58,113,130,55,101
1,<environment.Job instance at 0x7f5c350149b0>,0,16,[ 4 11],1,1,17,0,1
1,<environment.Job instance at 0x7f5c351f1eb0>,7,14,[5 6],8,17,31,9,8
1,<environment.Job instance at 0x7f5c351f1f00>,11,12,[7 5],12,17,29,5,12
1,<environment.Job instance at 0x7f5c351f1af0>,16,13,[6 3],17,29,42,12,17
1,<environment.Job instance at 0x7f5c351f13c0>,17,15,[10  3],18,42,57,24,28
1,<environment.Job instance at 0x7f5c351f1780>,20,18,[2 9],21,31,49,10,28
1,<environment.Job instance at 0x7f5c351f1960>,26,22,[8 4],27,57,79,30,50
1,<environment.Job instance at 0x7f5c3567be10>,37,13,[5 8],38,50,63,12,50
1,<environment.Job instance at 0x7f5c3567b870>,38,16,[5 2],39,63,79,24,50
1,<environment.Job instance at 0x7f5c3567ba00>,40,13,[5 5],41,79,92,38,63
1,<environment.Job instance at 0x7f5c3567b460>,45,19,[6 5],46,79,98,33,69
1,<environment.Job instance at 0x7f5c3567bdc0>,46,17,[9 4],47,92,109,45,80
1,<environment.Job instance at 0x7f5c35215be0>,58,17,[5 2],59,98,115,39,86
1,<environment.Job instance at 0x7f5c35215e60>,62,12,[9 4],63,109,121,46,92
1,<environment.Job instance at 0x7f5c35215690>,63,19,[2 8],64,115,134,51,105
1,<environment.Job instance at 0x7f5c35215a50>,2,15,[14  5],3,4,19,1,4
1,<environment.Job instance at 0x7f5c35215690>,3,14,[1 7],4,4,18,0,4
1,<environment.Job instance at 0x7f5c357e6e10>,4,14,[7 4],5,19,33,14,5
1,<environment.Job instance at 0x7f5c357b8050>,5,16,[ 3 11],6,19,35,13,6
1,<environment.Job instance at 0x7f5c357b8190>,10,17,[ 2 12],11,35,52,24,23
1,<environment.Job instance at 0x7f5c357b81e0>,6,13,[2 7],7,52,65,45,37
1,<environment.Job instance at 0x7f5c357b8500>,11,28,[12  3],12,41,69,29,41
1,<environment.Job instance at 0x7f5c357b85f0>,13,16,[3 8],14,65,81,51,52
1,<environment.Job instance at 0x7f5c357b86e0>,14,17,[3 7],15,69,86,54,59
1,<environment.Job instance at 0x7f5c357b8780>,15,12,[7 2],16,81,93,65,64
1,<environment.Job instance at 0x7f5c3503f2d0>,0,21,[2 6],1,81,102,80,73
1,<environment.Job instance at 0x7f5c357b82d0>,9,20,[8 1],10,93,113,83,84
1,<environment.Job instance at 0x7f5c357b8820>,16,26,[5 5],17,93,119,76,93
1,<environment.Job instance at 0x7f5c357b8140>,8,20,[10  5],9,113,133,104,104
1,<environment.Job instance at 0x7f5c357b8af0>,21,19,[5 5],22,119,138,97,109
1,<environment.Job instance at 0x7f41e1c60230>,0,17,[6 1],1,1,18,0,1
1,<environment.Job instance at 0x7f41e1c60320>,2,20,[7 4],3,3,23,0,3
1,<environment.Job instance at 0x7f41d84e8730>,10,15,[5 1],11,18,33,7,11
1,<environment.Job instance at 0x7f41d84e89b0>,11,15,[6 1],12,23,38,11,12
1,<environment.Job instance at 0x7f41d84eb230>,22,13,[7 4],23,33,46,10,24
1,<environment.Job instance at 0x7f41d84eb460>,24,20,[4 6],25,38,58,13,29
1,<environment.Job instance at 0x7f41d84eb4b0>,26,12,[8 5],27,46,58,19,29
1,<environment.Job instance at 0x7f41d84eba50>,32,17,[9 3],33,58,75,25,46
1,<environment.Job instance at 0x7f41d84ebaf0>,35,16,[1 9],36,58,74,22,46
1,<environment.Job instance at 0x7f41d84e8be0>,23,16,[12  2],24,75,91,51,62
1,<environment.Job instance at 0x7f41d84ebc30>,37,14,[ 5 14],38,91,105,53,81
1,<environment.Job instance at 0x7f41d84ebcd0>,38,24,[13  2],39,105,129,66,100
1,<environment.Job instance at 0x7f41d8c53640>,0,17,[ 4 12],1,1,18,0,1
1,<environment.Job instance at 0x7f41d8c535f0>,6,27,[12  1],7,18,45,11,16
1,<environment.Job instance at 0x7f41d8c53320>,4,18,[13  5],5,45,63,40,34
1,<environment.Job instance at 0x7f41d84ebcd0>,2,18,[7 4],3,63,81,60,52
1,<environment.Job instance at 0x7f41d84ebd20>,1,27,[ 4 11],2,63,90,61,61
1,<environment.Job instance at 0x7f41d8b35e60>,10,21,[5 4],11,81,102,70,73
1,<environment.Job instance at 0x7f41d8b359b0>,13,17,[5 1],14,90,107,76,79
1,<environment.Job instance at 0x7f41d8b354b0>,16,12,[5 4],17,90,102,73,79
1,<environment.Job instance at 0x7f41d8b35410>,18,14,[6 5],19,102,116,83,87
1,<environment.Job instance at 0x7f41d8b35f00>,19,17,[8 2],20,107,124,87,95
1,<environment.Job instance at 0x7f41d8b35a50>,21,13,[1 8],22,102,115,80,98
1,<environment.Job instance at 0x7f41d8b356e0>,9,14,[13  2],10,124,138,114,109
1,<environment.Job instance at 0x7f41d7b70460>,0,13,[2 7],1,1,14,0,1
1,<environment.Job instance at 0x7f41d7b70be0>,5,13,[9 2],6,6,19,0,6
1,<environment.Job instance at 0x7f41d7b70140>,6,13,[4 5],7,7,20,0,7
1,<environment.Job instance at 0x7f41d7b70d20>,9,14,[12  3],10,20,34,10,10
1,<environment.Job instance at 0x7f41d7b70fa0>,12,13,[3 5],13,19,32,6,13
1,<environment.Job instance at 0x7f41d7b70f50>,16,14,[3 5],17,32,46,15,17
1,<environment.Job instance at 0x7f41d7b700a0>,13,16,[5 8],14,34,50,20,21
1,<environment.Job instance at 0x7f41d7d6adc0>,17,27,[5 1],18,34,61,16,32
1,<environment.Job instance at 0x7f41d7d6a5a0>,24,27,[1 5],25,46,73,21,44
1,<environment.Job instance at 0x7f41d7d6a5f0>,23,17,[10  2],24,61,78,37,50
1,<environment.Job instance at 0x7f41d7c13410>,27,17,[10  4],28,78,95,50,70
1,<environment.Job instance at 0x7f41d7d6a780>,21,20,[ 4 11],22,73,93,51,70
1,<environment.Job instance at 0x7f41d7c13b40>,28,13,[6 4],29,95,108,66,79
1,<environment.Job instance at 0x7f41d7c134b0>,31,16,[6 3],32,99,115,67,99
1,<environment.Job instance at 0x7f41d7c137d0>,35,13,[8 3],36,108,121,72,99
1,<environment.Job instance at 0x7f41d7c13960>,30,19,[11  3],31,121,140,90,117
1,<environment.Job instance at 0x7f41d81c0230>,7,23,[9 5],8,8,31,0,8
1,<environment.Job instance at 0x7f41d84e5640>,8,16,[5 2],9,9,25,0,9
1,<environment.Job instance at 0x7f41d81c0640>,10,12,[ 1 10],11,25,37,14,12
1,<environment.Job instance at 0x7f41d8011320>,15,13,[5 5],16,31,44,15,16
1,<environment.Job instance at 0x7f41d8011230>,16,20,[7 1],17,37,57,20,28
1,<environment.Job instance at 0x7f41d8017280>,21,20,[5 5],22,44,64,22,35
1,<environment.Job instance at 0x7f41d7ef8500>,25,17,[7 4],26,57,74,31,45
1,<environment.Job instance at 0x7f41d7fe7b90>,27,19,[3 8],28,64,83,36,54
1,<environment.Job instance at 0x7f41d8a4b3c0>,29,13,[1 7],30,74,87,44,58
1,<environment.Job instance at 0x7f41d8167af0>,32,18,[10  5],33,83,101,50,72
1,<environment.Job instance at 0x7f41d7ba7b40>,39,16,[4 5],40,87,103,47,74
1,<environment.Job instance at 0x7f41d7ba7640>,42,14,[4 5],43,101,115,58,86
1,<environment.Job instance at 0x7f41d7bb2780>,45,13,[5 6],46,103,116,57,87
1,<environment.Job instance at 0x7f41d7bb2c80>,50,20,[4 9],51,115,135,64,106
1,<environment.Job instance at 0x7f41d815db40>,58,18,[5 5],59,116,134,57,106
1,<environment.Job instance at 0x7f41d801ff00>,69,13,[6 2],70,134,147,64,118
1,<environment.Job instance at 0x7f41d801f8c0>,71,12,[7 5],72,135,147,63,118
1,<environment.Job instance at 0x7f41d837de60>,9,12,[5 5],10,10,22,0,10
1,<environment.Job instance at 0x7f41d837dd20>,11,17,[5 4],12,12,29,0,12
1,<environment.Job instance at 0x7f41d837d140>,14,16,[4 6],15,15,31,0,15
1,<environment.Job instance at 0x7f41d837d280>,15,16,[1 9],16,29,45,13,16
1,<environment.Job instance at 0x7f41d83778c0>,16,16,[7 2],17,31,47,14,18
1,<environment.Job instance at 0x7f41d8377190>,18,23,[6 4],19,31,54,12,26
1,<environment.Job instance at 0x7f41d8375370>,20,15,[3 5],21,47,62,26,33
1,<environment.Job instance at 0x7f41d8382aa0>,34,13,[5 5],35,47,60,12,35
1,<environment.Job instance at 0x7f41d83757d0>,22,17,[5 5],23,54,71,31,42
1,<environment.Job instance at 0x7f41d8382730>,36,18,[6 3],37,60,78,23,49
1,<environment.Job instance at 0x7f41d836a640>,40,14,[9 5],41,71,85,30,58
1,<environment.Job instance at 0x7f41d7aa2a00>,43,19,[7 5],44,85,104,41,75
1,<environment.Job instance at 0x7f41d82370f0>,0,18,[11  2],1,104,122,103,93
1,<environment.Job instance at 0x7f41d8328730>,47,17,[ 4 13],48,104,121,56,93
1,<environment.Job instance at 0x7f41d89461e0>,48,15,[1 7],49,121,136,72,107
1,<environment.Job instance at 0x7f41d8953910>,49,14,[7 2],50,122,136,72,107
1,<environment.Job instance at 0x7f41d8212050>,0,14,[5 1],1,1,15,0,1
1,<environment.Job instance at 0x7f41d8212410>,4,14,[8 4],5,5,19,0,5
1,<environment.Job instance at 0x7f41d8953e60>,1,24,[2 6],2,6,30,4,6
1,<environment.Job instance at 0x7f41d7eb5dc0>,5,14,[11  2],6,19,33,13,6
1,<environment.Job instance at 0x7f41d7eb51e0>,8,14,[5 8],9,33,47,24,18
1,<environment.Job instance at 0x7f41d7eb5e60>,14,19,[3 6],15,30,49,15,20
1,<environment.Job instance at 0x7f41d7eb5820>,16,15,[6 1],17,33,48,16,20
1,<environment.Job instance at 0x7f41d7eb53c0>,20,12,[2 8],21,47,59,26,30
1,<environment.Job instance at 0x7f41d7eb5af0>,21,13,[6 4],22,49,62,27,33
1,<environment.Job instance at 0x7f41d7eb50a0>,24,13,[5 7],25,59,72,34,43
1,<environment.Job instance at 0x7f41d7eb59b0>,26,14,[4 9],27,72,86,45,57
1,<environment.Job instance at 0x7f41d7eb5500>,27,18,[8 3],28,62,80,34,57
1,<environment.Job instance at 0x7f41d7eaf7d0>,28,12,[3 5],29,80,92,51,63
1,<environment.Job instance at 0x7f41d7eaf640>,29,15,[1 8],30,86,101,56,72
1,<environment.Job instance at 0x7f41d7eafd20>,32,20,[8 5],33,92,112,59,84
1,<environment.Job instance at 0x7f41d7eafc80>,35,18,[3 7],36,101,119,65,90
1,<environment.Job instance at 0x7f41d7eaf5a0>,37,18,[10  1],38,112,130,74,104
1,<environment.Job instance at 0x7f41d7eaf460>,38,20,[2 7],39,112,132,73,105
1,<environment.Job instance at 0x7f41d7eaf1e0>,40,17,[5 2],41,130,147,89,118
1,<environment.Job instance at 0x7f41d7b4d140>,1,17,[2 7],2,2,19,0,2
1,<environment.Job instance at 0x7f41d7eaf820>,2,23,[8 3],3,3,26,0,3
1,<environment.Job instance at 0x7f41d7b4deb0>,3,13,[13  3],4,26,39,22,11
1,<environment.Job instance at 0x7f41d7b4dfa0>,0,23,[2 9],1,19,42,18,14
1,<environment.Job instance at 0x7f41d8fd6190>,17,16,[5 2],18,39,55,21,26
1,<environment.Job instance at 0x7f41d8ed6550>,24,18,[5 8],25,42,60,17,31
1,<environment.Job instance at 0x7f41d8fd6a00>,14,22,[5 4],15,39,61,24,37
1,<environment.Job instance at 0x7f41d8377d20>,35,22,[6 2],36,60,82,24,53
1,<environment.Job instance at 0x7f41d8377be0>,39,15,[9 2],40,61,76,21,53
1,<environment.Job instance at 0x7f41d8377960>,40,14,[2 7],41,76,90,35,61
1,<environment.Job instance at 0x7f41d8377190>,41,14,[5 7],42,82,96,40,68
1,<environment.Job instance at 0x7f41d8377280>,43,16,[6 2],44,90,106,46,77
1,<environment.Job instance at 0x7f41d8377a00>,47,14,[2 9],48,96,110,48,81
1,<environment.Job instance at 0x7f41d7af14b0>,54,13,[4 5],55,106,119,51,90
1,<environment.Job instance at 0x7f41d7aab140>,71,15,[6 3],72,110,125,38,96
1,<environment.Job instance at 0x7f41d7aabaa0>,72,16,[9 3],73,119,135,46,106
1,<environment.Job instance at 0x7f41d7aaba00>,75,22,[5 5],76,125,147,49,118
1,<environment.Job instance at 0x7f41d8ba2f00>,6,20,[2 9],7,7,27,0,7
1,<environment.Job instance at 0x7f41d8134f00>,13,24,[5 1],14,14,38,0,14
1,<environment.Job instance at 0x7f41d8134230>,14,20,[5 3],15,15,35,0,15
1,<environment.Job instance at 0x7f41d81349b0>,20,16,[6 3],21,35,51,14,22
1,<environment.Job instance at 0x7f41d810abe0>,23,23,[1 6],24,27,50,3,27
1,<environment.Job instance at 0x7f41d83826e0>,0,18,[7 4],1,38,56,37,29
1,<environment.Job instance at 0x7f41d810a230>,30,14,[5 1],31,51,65,20,37
1,<environment.Job instance at 0x7f41d7e9dd20>,31,20,[3 8],32,51,71,19,42
1,<environment.Job instance at 0x7f41d81347d0>,24,25,[12  2],25,65,90,40,61
1,<environment.Job instance at 0x7f41d8cc6280>,37,12,[14  2],38,90,102,52,73
1,<environment.Job instance at 0x7f41d8ce1e60>,36,22,[9 5],37,102,124,65,96
1,<environment.Job instance at 0x7f41d8126230>,41,16,[3 9],42,104,120,62,104
1,<environment.Job instance at 0x7f41d81839b0>,46,16,[1 8],47,120,136,73,107
1,<environment.Job instance at 0x7f41d8183500>,47,16,[8 3],48,124,140,76,111
1,<environment.Job instance at 0x7f41d8cc0f50>,0,19,[4 5],1,1,20,0,1
1,<environment.Job instance at 0x7f41d8c86230>,2,16,[6 3],3,3,19,0,3
1,<environment.Job instance at 0x7f41d8cc0f00>,4,21,[5 4],5,5,26,0,5
1,<environment.Job instance at 0x7f41d8cc0af0>,5,16,[6 4],6,19,35,13,6
1,<environment.Job instance at 0x7f41d8184730>,11,13,[9 3],12,26,39,14,14
1,<environment.Job instance at 0x7f41d8184e10>,9,12,[5 4],10,35,47,25,21
1,<environment.Job instance at 0x7f41d8184f00>,13,23,[1 5],14,35,58,21,29
1,<environment.Job instance at 0x7f41d8184dc0>,16,16,[7 5],17,39,55,22,29
1,<environment.Job instance at 0x7f41d8184af0>,18,13,[7 1],19,47,60,28,31
1,<environment.Job instance at 0x7f41d81845a0>,20,15,[9 1],21,60,75,39,46
1,<environment.Job instance at 0x7f41d8184410>,12,14,[8 4],13,75,89,62,60
1,<environment.Job instance at 0x7f41d8184d70>,22,18,[8 1],23,89,107,66,78
1,<environment.Job instance at 0x7f41d8cc0230>,6,22,[7 2],7,78,100,71,78
1,<environment.Job instance at 0x7f41d8184500>,26,20,[10  4],27,107,127,80,98
1,<environment.Job instance at 0x7f41d84b80f0>,29,21,[7 5],30,127,148,97,119
1,<environment.Job instance at 0x7f41d84b8eb0>,31,13,[5 2],32,119,132,87,119
1,<environment.Job instance at 0x7f41d8521b90>,0,13,[11  3],1,1,14,0,1
1,<environment.Job instance at 0x7f41d85215f0>,1,22,[ 4 12],2,2,24,0,2
1,<environment.Job instance at 0x7f41d87cf4b0>,4,12,[3 7],5,24,36,19,7
1,<environment.Job instance at 0x7f41d87ccc30>,8,14,[5 7],9,24,38,15,9
1,<environment.Job instance at 0x7f41d90424b0>,14,13,[5 5],15,36,49,21,20
1,<environment.Job instance at 0x7f41d9042190>,12,13,[9 3],13,38,51,25,28
1,<environment.Job instance at 0x7f41d9042c80>,17,20,[4 9],18,49,69,31,40
1,<environment.Job instance at 0x7f41d9072f50>,24,19,[7 5],25,51,70,26,41
1,<environment.Job instance at 0x7f41d9073f00>,27,21,[4 5],28,69,90,41,61
1,<environment.Job instance at 0x7f41d90736e0>,28,16,[10  1],29,70,86,41,61
1,<environment.Job instance at 0x7f41d8cdcf00>,29,18,[8 2],30,86,104,56,75
1,<environment.Job instance at 0x7f41d906bd70>,32,21,[8 4],33,104,125,71,96
1,<environment.Job instance at 0x7f41d8ec8550>,36,22,[7 2],37,96,118,59,96
1,<environment.Job instance at 0x7f41d86c1e10>,38,15,[7 4],39,118,133,79,104
1,<environment.Job instance at 0x7f41d8f31050>,39,14,[4 7],40,125,139,85,110
1,<environment.Job instance at 0x7f41d8053960>,0,28,[5 5],1,1,29,0,1
1,<environment.Job instance at 0x7f41d8053190>,5,19,[3 8],6,7,26,1,7
1,<environment.Job instance at 0x7f41d84cbb90>,10,14,[8 2],11,26,40,15,11
1,<environment.Job instance at 0x7f41d84cbf00>,11,21,[9 5],12,40,61,28,32
1,<environment.Job instance at 0x7f41d84cb370>,19,17,[10  4],20,61,78,41,49
1,<environment.Job instance at 0x7f41d84cbe60>,23,16,[3 5],24,49,65,25,49
1,<environment.Job instance at 0x7f41d84cb460>,30,14,[9 5],31,78,92,47,63
1,<environment.Job instance at 0x7f41d7ddaaa0>,38,15,[6 4],39,78,93,39,64
1,<environment.Job instance at 0x7f41d7ddad70>,41,19,[5 4],42,92,111,50,82
1,<environment.Job instance at 0x7f41d7dda640>,45,17,[9 5],46,93,110,47,82
1,<environment.Job instance at 0x7f41d85f3a00>,51,15,[5 5],52,110,125,58,96
1,<environment.Job instance at 0x7f41d85f3f50>,53,18,[5 9],54,111,129,57,100
1,<environment.Job instance at 0x7f41d85f36e0>,63,16,[7 4],64,125,141,61,112
1,<environment.Job instance at 0x7f41d854ab40>,74,14,[3 5],75,129,143,54,114
1,<environment.Job instance at 0x7f41d7946e60>,9,14,[4 9],10,10,24,0,10
1,<environment.Job instance at 0x7f41d7946500>,10,17,[10  3],11,11,28,0,11
1,<environment.Job instance at 0x7f41d79460a0>,15,16,[4 8],16,24,40,8,18
1,<environment.Job instance at 0x7f41d7946aa0>,17,12,[11  3],18,28,40,10,22
1,<environment.Job instance at 0x7f41d7946b90>,16,14,[13  4],17,40,54,23,30
1,<environment.Job instance at 0x7f41d7946a00>,18,22,[1 8],19,40,62,21,33
1,<environment.Job instance at 0x7f41d7946af0>,22,21,[9 3],23,54,75,31,46
1,<environment.Job instance at 0x7f41d7946fa0>,25,17,[4 6],26,62,79,36,50
1,<environment.Job instance at 0x7f41d79466e0>,27,21,[3 7],28,75,96,47,67
1,<environment.Job instance at 0x7f41d7967550>,30,20,[1 9],31,96,116,65,87
1,<environment.Job instance at 0x7f41d79671e0>,33,14,[5 5],34,87,101,53,87
1,<environment.Job instance at 0x7f41d7967fa0>,37,12,[1 8],38,116,128,78,99
1,<environment.Job instance at 0x7f41d79679b0>,38,19,[5 8],39,128,147,89,118
1,<environment.Job instance at 0x7f41d7967eb0>,39,13,[8 2],40,118,131,78,118
1,<environment.Job instance at 0x7f41d82670a0>,1,18,[11  1],2,2,20,0,2
1,<environment.Job instance at 0x7f41d79673c0>,5,18,[6 1],6,20,38,14,9
1,<environment.Job instance at 0x7f41d86d1be0>,10,12,[5 9],11,20,32,9,11
1,<environment.Job instance at 0x7f41d86d1050>,12,17,[6 3],13,32,49,19,20
1,<environment.Job instance at 0x7f41d86d1640>,13,12,[4 8],14,38,50,24,23
1,<environment.Job instance at 0x7f41d82679b0>,7,15,[4 9],8,50,65,42,36
1,<environment.Job instance at 0x7f41d86d1aa0>,18,28,[5 1],19,38,66,19,37
1,<environment.Job instance at 0x7f41d86d1af0>,19,28,[1 9],20,65,93,45,64
1,<environment.Job instance at 0x7f41d86d1460>,20,12,[5 7],21,93,105,72,76
1,<environment.Job instance at 0x7f41d86d10a0>,21,18,[6 5],22,76,94,54,76
1,<environment.Job instance at 0x7f41d86d1cd0>,22,17,[8 5],23,94,111,71,82
1,<environment.Job instance at 0x7f41d86d1230>,23,13,[10  5],24,111,124,87,95
1,<environment.Job instance at 0x7f41d86d1140>,24,15,[ 5 12],25,124,139,99,110
1,<environment.Job instance at 0x7f41d8540f00>,1,12,[1 7],2,2,14,0,2
1,<environment.Job instance at 0x7f41d8bc0190>,4,23,[9 5],5,9,32,4,9
1,<environment.Job instance at 0x7f41d7997320>,17,12,[7 5],18,32,44,14,18
1,<environment.Job instance at 0x7f41d8c84820>,10,15,[2 5],11,21,36,10,21
1,<environment.Job instance at 0x7f41d8002be0>,21,16,[6 1],22,32,48,10,22
1,<environment.Job instance at 0x7f41d8002640>,22,12,[7 4],23,44,56,21,27
1,<environment.Job instance at 0x7f41d79978c0>,23,13,[6 3],24,48,61,24,32
1,<environment.Job instance at 0x7f41d80029b0>,24,13,[1 7],25,36,49,11,32
1,<environment.Job instance at 0x7f41d8002e60>,25,15,[ 4 11],26,56,71,30,43
1,<environment.Job instance at 0x7f41d8002500>,29,26,[10  2],30,61,87,31,58
1,<environment.Job instance at 0x7f41d8002870>,28,18,[4 5],29,71,89,42,71
1,<environment.Job instance at 0x7f41d8002460>,31,14,[9 3],32,87,101,55,72
1,<environment.Job instance at 0x7f41d8f65af0>,39,15,[3 5],40,89,104,49,76
1,<environment.Job instance at 0x7f41d8002140>,30,17,[8 3],31,101,118,70,89
1,<environment.Job instance at 0x7f41d8f65280>,43,23,[5 1],44,104,127,60,98
1,<environment.Job instance at 0x7f41d8c844b0>,9,14,[9 1],10,118,132,108,107
1,<environment.Job instance at 0x7f41d8c88b40>,0,13,[ 3 14],1,1,14,0,1
1,<environment.Job instance at 0x7f41d8c88730>,3,18,[7 1],4,4,22,0,4
1,<environment.Job instance at 0x7f41d8c88dc0>,4,21,[8 2],5,14,35,9,7
1,<environment.Job instance at 0x7f41d8c88a00>,9,22,[3 7],10,22,44,12,18
1,<environment.Job instance at 0x7f41d9021b40>,10,21,[5 3],11,35,56,24,27
1,<environment.Job instance at 0x7f41d9021a00>,11,21,[1 7],12,44,65,32,37
1,<environment.Job instance at 0x7f41d90215f0>,12,14,[3 7],13,56,70,43,41
1,<environment.Job instance at 0x7f41d9021910>,15,12,[8 5],16,44,56,28,41
1,<environment.Job instance at 0x7f41d7fd7280>,17,19,[6 2],18,65,84,47,55
1,<environment.Job instance at 0x7f41d7fd7f50>,18,18,[10  2],19,84,102,65,73
1,<environment.Job instance at 0x7f41d7fd7370>,25,22,[5 1],26,73,95,47,73
1,<environment.Job instance at 0x7f41d8c88230>,5,18,[13  2],6,102,120,96,91
1,<environment.Job instance at 0x7f41d7fd7a00>,30,16,[ 2 12],31,95,111,64,91
1,<environment.Job instance at 0x7f41d7fd7410>,32,22,[5 5],33,120,142,87,113
1,<environment.Job instance at 0x7f41d7fd75f0>,33,16,[1 9],34,113,129,79,113
1,<environment.Job instance at 0x7f41d7fd7fa0>,36,12,[9 1],37,120,132,83,113
1,<environment.Job instance at 0x7f41d7fd74b0>,37,12,[ 5 10],38,132,144,94,115
1,<environment.Job instance at 0x7f41d8956690>,2,16,[6 1],3,3,19,0,3
1,<environment.Job instance at 0x7f41d8956960>,4,14,[11  1],5,19,33,14,5
1,<environment.Job instance at 0x7f41d8956820>,7,17,[4 8],8,8,25,0,8
1,<environment.Job instance at 0x7f41d7ad3cd0>,13,15,[ 1 10],14,25,40,11,14
1,<environment.Job instance at 0x7f41d7ad3500>,14,12,[7 4],15,33,45,18,16
1,<environment.Job instance at 0x7f41d7ad3f00>,18,15,[3 6],19,40,55,21,27
1,<environment.Job instance at 0x7f41d8944820>,24,18,[5 5],25,40,58,15,33
1,<environment.Job instance at 0x7f41d7ad3140>,16,18,[12  1],17,58,76,41,47
1,<environment.Job instance at 0x7f41d89444b0>,27,16,[5 6],28,76,92,48,67
1,<environment.Job instance at 0x7f41d8944050>,33,15,[5 5],34,76,91,42,68
1,<environment.Job instance at 0x7f41d89441e0>,28,21,[5 5],29,91,112,62,83
1,<environment.Job instance at 0x7f41d8944e10>,37,14,[ 5 11],38,112,126,74,97
1,<environment.Job instance at 0x7f41d7fd3640>,2,17,[10  5],3,3,20,0,3
1,<environment.Job instance at 0x7f41d8e91d70>,5,14,[8 3],6,20,34,14,6
1,<environment.Job instance at 0x7f41d8e91c30>,7,17,[9 4],8,34,51,26,22
1,<environment.Job instance at 0x7f41d8e91dc0>,13,19,[ 5 10],14,23,42,9,23
1,<environment.Job instance at 0x7f41d8878910>,15,16,[2 6],16,42,58,26,29
1,<environment.Job instance at 0x7f41d88780f0>,20,14,[5 6],21,51,65,30,36
1,<environment.Job instance at 0x7f41d8878500>,24,13,[6 4],25,58,71,33,42
1,<environment.Job instance at 0x7f41d8878af0>,25,15,[9 3],26,65,80,39,51
1,<environment.Job instance at 0x7f41d8878280>,27,16,[7 4],28,80,96,52,67
1,<environment.Job instance at 0x7f41d88784b0>,28,19,[8 2],29,80,99,51,70
1,<environment.Job instance at 0x7f41d8878f00>,31,16,[7 5],32,96,112,64,83
1,<environment.Job instance at 0x7f41d88c0e10>,36,13,[5 5],37,99,112,62,83
1,<environment.Job instance at 0x7f41d88c0960>,39,14,[3 7],40,112,126,72,97
1,<environment.Job instance at 0x7f41d88c02d0>,40,18,[1 5],41,99,117,58,97
1,<environment.Job instance at 0x7f41d88c0500>,48,17,[3 5],49,117,134,68,105
1,<environment.Job instance at 0x7f41d88c07d0>,51,21,[6 2],52,112,133,60,105
1,<environment.Job instance at 0x7f41d8a54500>,67,14,[5 6],68,126,140,58,111
1,<environment.Job instance at 0x7f41d77e2870>,1,14,[12  4],2,2,16,0,2
1,<environment.Job instance at 0x7f41d77e2eb0>,2,12,[9 4],3,16,28,13,3
1,<environment.Job instance at 0x7f41d77e2f00>,3,19,[2 8],4,4,23,0,4
1,<environment.Job instance at 0x7f41d8e322d0>,9,13,[12  1],10,28,41,18,12
1,<environment.Job instance at 0x7f41d77f12d0>,10,14,[3 5],11,23,37,12,12
1,<environment.Job instance at 0x7f41d77e2aa0>,8,17,[9 1],9,41,58,32,29
1,<environment.Job instance at 0x7f41d77e2fa0>,0,25,[ 1 11],1,39,64,38,39
1,<environment.Job instance at 0x7f41d77f17d0>,12,18,[13  5],13,64,82,51,53
1,<environment.Job instance at 0x7f41d77f1320>,17,14,[9 2],18,82,96,64,67
1,<environment.Job instance at 0x7f41d77f1820>,18,17,[8 4],19,96,113,77,84
1,<environment.Job instance at 0x7f41d77f1730>,16,18,[5 9],17,104,122,87,104
1,<environment.Job instance at 0x7f41d77dbaa0>,26,15,[8 3],27,113,128,86,108
1,<environment.Job instance at 0x7f41d77e22d0>,4,16,[4 9],5,122,138,117,111
1,<environment.Job instance at 0x7f41d7d72320>,1,14,[5 8],2,2,16,0,2
1,<environment.Job instance at 0x7f41d7d72a50>,2,13,[14  3],3,16,29,13,4
1,<environment.Job instance at 0x7f41d80d6e10>,16,15,[8 5],17,29,44,12,17
1,<environment.Job instance at 0x7f41d7d72410>,0,24,[3 7],1,29,53,28,24
1,<environment.Job instance at 0x7f41d80d64b0>,19,14,[8 4],20,44,58,24,36
1,<environment.Job instance at 0x7f41d80d6500>,22,14,[7 4],23,53,67,30,38
1,<environment.Job instance at 0x7f41d80d6140>,28,14,[5 5],29,58,72,29,43
1,<environment.Job instance at 0x7f41d8ac18c0>,38,19,[6 2],39,67,86,28,57
1,<environment.Job instance at 0x7f41d8ac1690>,40,17,[7 2],41,72,89,31,60
1,<environment.Job instance at 0x7f41d8fc84b0>,68,14,[6 3],69,86,100,17,72
1,<environment.Job instance at 0x7f41d8fc28c0>,70,12,[8 5],71,89,101,18,72
1,<environment.Job instance at 0x7f41d8fc2fa0>,73,13,[7 4],74,100,113,26,84
1,<environment.Job instance at 0x7f41d8fc2d20>,74,20,[8 3],75,101,121,26,92
1,<environment.Job instance at 0x7f41d8fc2b90>,78,13,[5 4],79,113,126,34,97
1,<environment.Job instance at 0x7f41d8fdf140>,85,15,[10  4],86,121,136,35,107
1,<environment.Job instance at 0x7f41d841a050>,0,12,[12  2],1,1,13,0,1
1,<environment.Job instance at 0x7f41d841aeb0>,1,16,[5 7],2,13,29,11,2
1,<environment.Job instance at 0x7f41d83f4820>,4,17,[1 7],5,5,22,0,5
1,<environment.Job instance at 0x7f41d83f4d70>,13,14,[3 8],14,22,36,8,14
1,<environment.Job instance at 0x7f41d83f4eb0>,14,28,[8 4],15,29,57,14,28
1,<environment.Job instance at 0x7f41d83f4fa0>,21,23,[12  3],22,57,80,35,51
1,<environment.Job instance at 0x7f41d83f03c0>,22,17,[1 5],23,51,68,28,51
1,<environment.Job instance at 0x7f41d83f0410>,23,21,[12  2],24,80,101,56,72
1,<environment.Job instance at 0x7f41d83f0550>,24,21,[13  1],25,101,122,76,93
1,<environment.Job instance at 0x7f41d83f05f0>,25,14,[ 1 11],26,93,107,67,93
1,<environment.Job instance at 0x7f41d83f0690>,26,15,[2 6],27,107,122,80,93
1,<environment.Job instance at 0x7f41d83f0730>,27,15,[12  3],28,122,137,94,108
1,<environment.Job instance at 0x7fdace2e4230>,0,17,[6 1],1,1,18,0,1
1,<environment.Job instance at 0x7fdace2e4320>,2,20,[7 4],3,3,23,0,3
1,<environment.Job instance at 0x7fdac4b6c9b0>,10,15,[5 1],11,18,33,7,11
1,<environment.Job instance at 0x7fdac4b6ca50>,11,15,[6 1],12,23,38,11,12
1,<environment.Job instance at 0x7fdac4b6f230>,22,13,[7 4],23,33,46,10,23
1,<environment.Job instance at 0x7fdac4b6cf00>,17,19,[12  4],18,46,65,28,36
1,<environment.Job instance at 0x7fdac4b6f5f0>,26,12,[8 5],27,65,77,38,48
1,<environment.Job instance at 0x7fdac4b6f690>,27,17,[ 4 12],28,77,94,49,65
1,<environment.Job instance at 0x7fdac4b6f730>,28,17,[ 1 13],29,94,111,65,82
1,<environment.Job instance at 0x7fdac4b6cc80>,13,13,[10  3],14,111,124,97,96
1,<environment.Job instance at 0x7fdac4b6f370>,24,20,[4 6],25,111,131,86,103
1,<environment.Job instance at 0x7fdac4b6f9b0>,32,17,[9 3],33,124,141,91,112
1,<environment.Job instance at 0x7fdac4b6fb90>,35,16,[1 9],36,131,147,95,118
1,<environment.Job instance at 0x7fdac50327d0>,0,21,[5 4],1,1,22,0,1
1,<environment.Job instance at 0x7fdac5032820>,3,17,[5 1],4,4,21,0,4
1,<environment.Job instance at 0x7fdac51b1050>,6,12,[5 4],7,7,19,0,7
1,<environment.Job instance at 0x7fdac51b1690>,8,14,[6 5],9,21,35,12,9
1,<environment.Job instance at 0x7fdac51b1550>,11,13,[1 8],12,22,35,10,12
1,<environment.Job instance at 0x7fdac51b16e0>,9,17,[8 2],10,22,39,12,19
1,<environment.Job instance at 0x7fdac51b1780>,12,23,[ 3 11],13,35,58,22,29
1,<environment.Job instance at 0x7fdac4cd33c0>,18,13,[10  5],19,58,71,39,42
1,<environment.Job instance at 0x7fdac4cd3550>,19,28,[3 8],20,58,86,38,57
1,<environment.Job instance at 0x7fdac468c9b0>,26,15,[ 2 10],27,86,101,59,72
1,<environment.Job instance at 0x7fdac51b1f50>,10,24,[6 5],11,80,104,69,80
1,<environment.Job instance at 0x7fdac46bfaf0>,27,25,[ 3 13],28,104,129,76,100
1,<environment.Job instance at 0x7fdac4578140>,25,17,[5 8],26,129,146,103,119
1,<environment.Job instance at 0x7fdac46450f0>,42,17,[4 7],43,129,146,86,128
1,<environment.Job instance at 0x7fdac4617fa0>,2,15,[14  1],3,4,19,1,4
1,<environment.Job instance at 0x7fdac4236190>,4,27,[1 5],5,10,37,5,10
1,<environment.Job instance at 0x7fdac42367d0>,6,25,[11  3],7,19,44,12,15
1,<environment.Job instance at 0x7fdac4236460>,8,13,[6 4],9,44,57,35,28
1,<environment.Job instance at 0x7fdac42363c0>,7,17,[10  4],8,57,74,49,53
1,<environment.Job instance at 0x7fdac4617b90>,3,17,[10  2],4,74,91,70,63
1,<environment.Job instance at 0x7fdac4236fa0>,11,16,[6 3],12,91,107,79,78
1,<environment.Job instance at 0x7fdac427c780>,15,13,[8 3],16,91,104,75,78
1,<environment.Job instance at 0x7fdac4236c80>,5,26,[11  3],6,107,133,101,104
1,<environment.Job instance at 0x7fdac427cfa0>,18,17,[8 4],19,133,150,114,122
1,<environment.Job instance at 0x7fdac427c500>,19,15,[3 6],20,122,137,102,122
1,<environment.Job instance at 0x7fdac427cb90>,2,18,[10  5],3,3,21,0,3
1,<environment.Job instance at 0x7fdac462f6e0>,9,16,[4 5],10,10,26,0,10
1,<environment.Job instance at 0x7fdac462fbe0>,12,14,[4 5],13,21,35,8,13
1,<environment.Job instance at 0x7fdac46a73c0>,13,15,[11  2],14,26,41,12,14
1,<environment.Job instance at 0x7fdac45a5b40>,21,13,[ 5 12],22,41,54,19,25
1,<environment.Job instance at 0x7fdac45a5410>,17,16,[ 4 11],18,54,70,36,42
1,<environment.Job instance at 0x7fdac45a50a0>,20,20,[4 9],21,70,90,49,66
1,<environment.Job instance at 0x7fdacdf2eaa0>,28,18,[5 5],29,70,88,41,66
1,<environment.Job instance at 0x7fdac47f70f0>,39,13,[6 2],40,88,101,48,75
1,<environment.Job instance at 0x7fdac47f79b0>,41,12,[7 5],42,90,102,48,77
1,<environment.Job instance at 0x7fdac45a5780>,22,23,[ 5 11],23,102,125,79,96
1,<environment.Job instance at 0x7fdac47f7c30>,43,18,[ 2 13],44,125,143,81,114
1,<environment.Job instance at 0x7fdac47f74b0>,44,15,[2 6],45,143,158,98,129
1,<environment.Job instance at 0x7fdac45b8fa0>,0,14,[9 5],1,1,15,0,1
1,<environment.Job instance at 0x7fdac49f0690>,3,19,[7 5],4,15,34,11,5
1,<environment.Job instance at 0x7fdac49f08c0>,6,21,[8 4],7,15,36,8,7
1,<environment.Job instance at 0x7fdac49f0f00>,9,14,[7 2],10,34,48,24,19
1,<environment.Job instance at 0x7fdac49fd870>,13,13,[1 6],14,36,49,22,23
1,<environment.Job instance at 0x7fdac49fdaa0>,15,15,[1 6],16,36,51,20,23
1,<environment.Job instance at 0x7fdac49fdb40>,16,13,[5 2],17,48,61,31,32
1,<environment.Job instance at 0x7fdac49fddc0>,22,18,[2 5],23,49,67,26,44
1,<environment.Job instance at 0x7fdac49de7d0>,8,15,[1 7],9,51,66,42,45
1,<environment.Job instance at 0x7fdac4a06140>,25,19,[5 7],26,66,85,40,56
1,<environment.Job instance at 0x7fdac4a06780>,30,15,[2 7],31,67,82,36,56
1,<environment.Job instance at 0x7fdac41694b0>,59,14,[1 7],60,82,96,22,67
1,<environment.Job instance at 0x7fdac4968be0>,60,18,[7 5],61,85,103,24,74
1,<environment.Job instance at 0x7fdac4157f00>,67,16,[2 8],68,96,112,28,83
1,<environment.Job instance at 0x7fdac4176b90>,84,14,[8 4],85,103,117,18,88
1,<environment.Job instance at 0x7fdac41766e0>,88,14,[5 8],89,112,126,23,97
1,<environment.Job instance at 0x7fdac4171370>,101,13,[6 4],102,117,130,15,105
1,<environment.Job instance at 0x7fdac41715a0>,104,13,[5 7],105,126,139,21,110
1,<environment.Job instance at 0x7fdac4174e60>,108,12,[3 5],109,130,142,21,116
1,<environment.Job instance at 0x7fdac41747d0>,115,18,[3 7],116,139,157,23,128
1,<environment.Job instance at 0x7fdac4172e10>,120,17,[5 2],121,130,147,9,128
1,<environment.Job instance at 0x7fdac4172cd0>,122,12,[6 2],123,142,154,19,128
1,<environment.Job instance at 0x7fdac4109050>,0,18,[ 4 11],1,1,19,0,1
1,<environment.Job instance at 0x7fdac4172190>,2,12,[7 2],3,3,15,0,3
1,<environment.Job instance at 0x7fdac4109640>,5,18,[ 2 10],6,19,37,13,8
1,<environment.Job instance at 0x7fdac4109960>,8,12,[ 5 11],9,37,49,28,20
1,<environment.Job instance at 0x7fdac41094b0>,10,22,[10  1],11,20,42,9,20
1,<environment.Job instance at 0x7fdac41095a0>,13,12,[9 1],14,42,54,28,25
1,<environment.Job instance at 0x7fdac4109370>,15,17,[10  1],16,54,71,38,42
1,<environment.Job instance at 0x7fdac4fd7af0>,21,23,[5 5],22,49,72,27,43
1,<environment.Job instance at 0x7fdac4fd72d0>,22,16,[5 4],23,71,87,48,58
1,<environment.Job instance at 0x7fdac4fd70f0>,24,21,[3 7],25,72,93,47,64
1,<environment.Job instance at 0x7fdac4fd76e0>,26,17,[3 5],27,87,104,60,75
1,<environment.Job instance at 0x7fdac4fd7dc0>,28,14,[6 5],29,93,107,64,78
1,<environment.Job instance at 0x7fdac4fd7c30>,23,17,[ 4 12],24,107,124,83,98
1,<environment.Job instance at 0x7fdac4109230>,14,15,[14  4],15,124,139,109,113
1,<environment.Job instance at 0x7fdac5312780>,1,22,[11  3],2,2,24,0,2
1,<environment.Job instance at 0x7fdacdd7e230>,4,16,[1 6],5,5,21,0,5
1,<environment.Job instance at 0x7fdacdd7ee60>,8,14,[5 2],9,24,38,15,9
1,<environment.Job instance at 0x7fdace211550>,11,15,[6 3],12,24,39,12,14
1,<environment.Job instance at 0x7fdac457b4b0>,17,17,[ 1 10],18,22,39,4,22
1,<environment.Job instance at 0x7fdac457bc80>,21,15,[5 4],22,39,54,17,25
1,<environment.Job instance at 0x7fdac457b3c0>,26,14,[7 3],27,39,53,12,28
1,<environment.Job instance at 0x7fdac4e21a50>,35,12,[5 5],36,53,65,17,36
1,<environment.Job instance at 0x7fdacdd7e730>,12,16,[9 3],13,54,70,41,41
1,<environment.Job instance at 0x7fdac4e21cd0>,37,19,[1 8],38,65,84,27,55
1,<environment.Job instance at 0x7fdac4e213c0>,39,17,[8 3],40,70,87,30,59
1,<environment.Job instance at 0x7fdac41287d0>,41,14,[8 3],42,87,101,45,72
1,<environment.Job instance at 0x7fdac457b230>,38,20,[7 4],39,84,104,45,80
1,<environment.Job instance at 0x7fdac4128d20>,52,19,[3 6],53,101,120,48,91
1,<environment.Job instance at 0x7fdac49f0230>,60,18,[7 4],61,104,122,43,93
1,<environment.Job instance at 0x7fdac4128dc0>,43,27,[12  4],44,122,149,78,120
1,<environment.Job instance at 0x7fdac41c4640>,1,14,[10  4],2,2,16,0,2
1,<environment.Job instance at 0x7fdacdf30780>,0,24,[3 9],1,4,28,3,4
1,<environment.Job instance at 0x7fdac4fa08c0>,8,19,[6 5],9,16,35,7,10
1,<environment.Job instance at 0x7fdac47080f0>,11,15,[2 7],12,28,43,16,14
1,<environment.Job instance at 0x7fdac4fa0870>,12,17,[3 5],13,35,52,22,23
1,<environment.Job instance at 0x7fdac46d55a0>,21,21,[2 9],22,43,64,21,35
1,<environment.Job instance at 0x7fdac46f9370>,25,14,[10  1],26,35,49,9,35
1,<environment.Job instance at 0x7fdac46f93c0>,26,12,[9 5],27,52,64,25,35
1,<environment.Job instance at 0x7fdac559b8c0>,30,16,[5 4],31,64,80,33,51
1,<environment.Job instance at 0x7fdac4b40eb0>,31,18,[7 2],32,64,82,32,53
1,<environment.Job instance at 0x7fdac534d370>,42,19,[2 5],43,64,83,21,59
1,<environment.Job instance at 0x7fdac53573c0>,47,17,[6 2],48,80,97,32,68
1,<environment.Job instance at 0x7fdac5357050>,48,16,[6 5],49,82,98,33,69
1,<environment.Job instance at 0x7fdac53576e0>,50,19,[4 5],51,97,116,46,87
1,<environment.Job instance at 0x7fdac4a88b90>,52,16,[6 3],53,98,114,45,87
1,<environment.Job instance at 0x7fdac4a882d0>,54,21,[5 4],55,97,118,42,89
1,<environment.Job instance at 0x7fdac5339460>,55,16,[6 4],56,114,130,58,101
1,<environment.Job instance at 0x7fdac5339aa0>,59,12,[5 4],60,118,130,58,101
1,<environment.Job instance at 0x7fdac53393c0>,62,14,[8 4],63,130,144,67,115
1,<environment.Job instance at 0x7fdac53398c0>,66,16,[7 5],67,130,146,63,117
1,<environment.Job instance at 0x7fdac4a63640>,0,17,[ 5 13],1,1,18,0,1
1,<environment.Job instance at 0x7fdac4a803c0>,13,18,[6 4],14,18,36,4,14
1,<environment.Job instance at 0x7fdac4a63be0>,8,28,[1 7],9,19,47,10,19
1,<environment.Job instance at 0x7fdac4a80e60>,14,18,[9 1],15,36,54,21,25
1,<environment.Job instance at 0x7fdac4a800a0>,16,14,[5 7],17,36,50,19,25
1,<environment.Job instance at 0x7fdac4a80730>,17,12,[3 8],18,50,62,32,33
1,<environment.Job instance at 0x7fdac4a63aa0>,4,15,[5 5],5,54,69,49,45
1,<environment.Job instance at 0x7fdac558a050>,28,13,[2 9],29,62,75,33,46
1,<environment.Job instance at 0x7fdac558ab90>,31,12,[6 3],32,69,81,37,52
1,<environment.Job instance at 0x7fdac558afa0>,33,21,[1 5],34,75,96,41,67
1,<environment.Job instance at 0x7fdac558aa00>,34,17,[5 1],35,67,84,32,67
1,<environment.Job instance at 0x7fdac558a870>,39,17,[7 5],40,81,98,41,69
1,<environment.Job instance at 0x7fdac558a5a0>,44,12,[3 7],45,96,108,51,79
1,<environment.Job instance at 0x7fdac558acd0>,48,14,[5 7],49,98,112,49,83
1,<environment.Job instance at 0x7fdac4bc62d0>,52,13,[9 3],53,108,121,55,92
1,<environment.Job instance at 0x7fdac4bc6320>,54,13,[5 5],55,112,125,57,97
1,<environment.Job instance at 0x7fdac4bc6f50>,57,20,[4 9],58,121,141,63,115
1,<environment.Job instance at 0x7fdac4bc6e60>,64,19,[7 5],65,125,144,60,115
1,<environment.Job instance at 0x7fdac53395f0>,1,14,[11  2],2,2,16,0,2
1,<environment.Job instance at 0x7fdac4bc6050>,2,13,[13  4],3,16,29,13,5
1,<environment.Job instance at 0x7fdac4bc60f0>,3,18,[6 5],4,29,47,25,18
1,<environment.Job instance at 0x7fdac52e2b90>,12,16,[1 8],13,21,37,8,21
1,<environment.Job instance at 0x7fdac4f34500>,13,12,[3 7],14,37,49,23,24
1,<environment.Job instance at 0x7fdac4d5cd20>,17,12,[11  5],18,47,59,29,34
1,<environment.Job instance at 0x7fdac4d5c960>,19,12,[8 2],20,59,71,39,42
1,<environment.Job instance at 0x7fdac52e2460>,14,20,[ 1 10],15,49,69,34,44
1,<environment.Job instance at 0x7fdac4d5c8c0>,23,15,[2 7],24,69,84,45,55
1,<environment.Job instance at 0x7fdac4a4b6e0>,35,19,[3 8],36,71,90,35,61
1,<environment.Job instance at 0x7fdac4e20690>,40,14,[8 2],41,84,98,43,69
1,<environment.Job instance at 0x7fdac4d5c780>,21,22,[6 4],22,90,112,68,84
1,<environment.Job instance at 0x7fdac449b6e0>,42,12,[ 4 14],43,112,124,69,95
1,<environment.Job instance at 0x7fdac50aef00>,43,18,[4 5],44,124,142,80,113
1,<environment.Job instance at 0x7fdac496b6e0>,41,21,[9 5],42,124,145,82,116
1,<environment.Job instance at 0x7fdac44b2eb0>,45,13,[4 6],46,142,155,96,126
1,<environment.Job instance at 0x7fdac51f6410>,4,21,[6 3],5,5,26,0,5
1,<environment.Job instance at 0x7fdac51f6d70>,8,21,[1 5],9,9,30,0,9
1,<environment.Job instance at 0x7fdac51f6d20>,10,25,[8 3],11,12,37,1,12
1,<environment.Job instance at 0x7fdac51f6e10>,9,17,[1 7],10,26,43,16,20
1,<environment.Job instance at 0x7fdac558f8c0>,12,14,[14  4],13,37,51,24,22
1,<environment.Job instance at 0x7fdac558fa50>,14,12,[ 4 13],15,51,63,36,34
1,<environment.Job instance at 0x7fdac558f280>,16,17,[1 6],17,63,80,46,51
1,<environment.Job instance at 0x7fdac558f5f0>,15,18,[9 3],16,63,81,47,53
1,<environment.Job instance at 0x7fdac558fe60>,18,17,[3 5],19,63,80,44,53
1,<environment.Job instance at 0x7fdac558f1e0>,19,13,[ 4 13],20,81,94,61,65
1,<environment.Job instance at 0x7fdac558f140>,29,14,[4 9],30,94,108,64,80
1,<environment.Job instance at 0x7fdac558f410>,32,18,[9 2],33,81,99,48,80
1,<environment.Job instance at 0x7fdac558fb40>,30,17,[10  3],31,99,116,68,87
1,<environment.Job instance at 0x7fdac4af1af0>,36,14,[13  4],37,116,130,79,101
1,<environment.Job instance at 0x7fdac4af1410>,37,12,[11  3],38,130,142,92,113
1,<environment.Job instance at 0x7fdac4af1820>,35,16,[4 8],36,130,146,94,117
1,<environment.Job instance at 0x7fdac4af15f0>,40,16,[11  4],41,142,158,101,129
1,<environment.Job instance at 0x7fdac4569eb0>,0,12,[ 3 10],1,1,13,0,1
1,<environment.Job instance at 0x7fdac4e92690>,4,21,[13  3],5,13,34,8,8
1,<environment.Job instance at 0x7fdac4e92c80>,9,13,[ 3 14],10,34,47,24,18
1,<environment.Job instance at 0x7fdac4e92820>,11,18,[11  1],12,34,52,22,23
1,<environment.Job instance at 0x7fdac4e92230>,12,12,[ 4 12],13,47,59,34,38
1,<environment.Job instance at 0x7fdac4e92320>,8,18,[7 2],9,52,70,43,41
1,<environment.Job instance at 0x7fdac4e92d70>,14,17,[5 9],15,59,76,44,47
1,<environment.Job instance at 0x7fdac4e92960>,15,18,[6 1],16,70,88,54,59
1,<environment.Job instance at 0x7fdac4e923c0>,16,24,[5 6],17,76,100,59,71
1,<environment.Job instance at 0x7fdac4e92640>,17,15,[4 9],18,88,103,70,74
1,<environment.Job instance at 0x7fdac4e92500>,19,24,[ 1 10],20,103,127,83,98
1,<environment.Job instance at 0x7fdac5362aa0>,20,12,[5 9],21,127,139,106,110
1,<environment.Job instance at 0x7fdac4e928c0>,1,26,[5 5],2,110,136,108,110
1,<environment.Job instance at 0x7fdac4e92a00>,22,17,[6 3],23,136,153,113,124
1,<environment.Job instance at 0x7fdac4621f50>,23,12,[4 8],24,139,151,115,124
1,<environment.Job instance at 0x7fdac43be870>,1,12,[1 7],2,2,14,0,2
1,<environment.Job instance at 0x7fdac4dd27d0>,10,15,[2 5],11,11,26,0,11
1,<environment.Job instance at 0x7fdac54b6190>,17,12,[7 5],18,18,30,0,18
1,<environment.Job instance at 0x7fdac4dd2e10>,9,14,[9 1],10,30,44,20,21
1,<environment.Job instance at 0x7fdac54b61e0>,21,16,[6 1],22,22,38,0,22
1,<environment.Job instance at 0x7fdac54b6780>,22,12,[7 4],23,44,56,21,27
1,<environment.Job instance at 0x7fdac54b67d0>,23,13,[6 3],24,38,51,14,27
1,<environment.Job instance at 0x7fdac54b6370>,24,13,[1 7],25,44,57,19,28
1,<environment.Job instance at 0x7fdac54b6e10>,28,18,[4 5],29,56,74,27,45
1,<environment.Job instance at 0x7fdac54b6820>,30,17,[8 3],31,56,73,25,45
1,<environment.Job instance at 0x7fdac54b6410>,31,14,[9 3],32,73,87,41,58
1,<environment.Job instance at 0x7fdac46e20a0>,39,15,[3 5],40,58,73,18,58
1,<environment.Job instance at 0x7fdac54b6be0>,25,15,[ 4 11],26,74,89,48,60
1,<environment.Job instance at 0x7fdac46e2a50>,43,23,[5 1],44,87,110,43,81
1,<environment.Job instance at 0x7fdac46e2820>,44,18,[5 5],45,89,107,44,81
1,<environment.Job instance at 0x7fdac46e27d0>,42,21,[4 7],43,89,110,46,86
1,<environment.Job instance at 0x7fdac46e2af0>,47,18,[9 2],48,110,128,62,99
1,<environment.Job instance at 0x7fdac4c41050>,60,17,[2 7],61,107,124,46,99
1,<environment.Job instance at 0x7fdac4c413c0>,62,20,[10  2],63,128,148,65,119
1,<environment.Job instance at 0x7fdac46e2e10>,45,15,[ 1 10],46,124,139,78,119
1,<environment.Job instance at 0x7fdac534dfa0>,0,21,[5 3],1,1,22,0,1
1,<environment.Job instance at 0x7fdac4c41b90>,2,14,[3 7],3,3,17,0,3
1,<environment.Job instance at 0x7fdac443ce60>,5,12,[8 5],6,17,29,11,6
1,<environment.Job instance at 0x7fdac443c5a0>,7,19,[6 2],8,22,41,14,12
1,<environment.Job instance at 0x7fdac4e8e7d0>,22,22,[5 5],23,29,51,6,23
1,<environment.Job instance at 0x7fdac4e8edc0>,23,16,[1 9],24,41,57,17,28
1,<environment.Job instance at 0x7fdac4e8e910>,29,16,[9 4],30,51,67,21,38
1,<environment.Job instance at 0x7fdac4ea92d0>,40,15,[8 4],41,67,82,26,53
1,<environment.Job instance at 0x7fdac4ea9d20>,42,15,[2 8],43,57,72,14,53
1,<environment.Job instance at 0x7fdac559f140>,43,17,[2 7],44,72,89,28,60
1,<environment.Job instance at 0x7fdac559f3c0>,49,21,[8 2],50,82,103,32,74
1,<environment.Job instance at 0x7fdac559fa00>,59,15,[7 3],60,89,104,29,79
1,<environment.Job instance at 0x7fdac52be3c0>,65,18,[2 7],66,103,121,37,92
1,<environment.Job instance at 0x7fdac52be5a0>,69,18,[8 3],70,104,122,34,93
1,<environment.Job instance at 0x7fdac52be500>,79,18,[4 9],80,121,139,41,110
1,<environment.Job instance at 0x7fdac4cabaf0>,84,17,[8 3],85,122,139,37,110
1,<environment.Job instance at 0x7fdac4cab9b0>,86,14,[5 6],87,139,153,52,124
1,<environment.Job instance at 0x7fdac4cab140>,92,14,[5 7],93,139,153,46,124
1,<environment.Job instance at 0x7fdacdcdd9b0>,4,18,[5 5],5,6,24,1,6
1,<environment.Job instance at 0x7fdacdcdd8c0>,7,16,[5 6],8,8,24,0,8
1,<environment.Job instance at 0x7fdacdcdd870>,8,21,[5 5],9,24,45,15,16
1,<environment.Job instance at 0x7fdacdcddcd0>,10,13,[4 7],11,24,37,13,16
1,<environment.Job instance at 0x7fdacdf63370>,13,15,[5 5],14,37,52,23,23
1,<environment.Job instance at 0x7fdac5471640>,15,18,[ 3 10],16,45,63,29,37
1,<environment.Job instance at 0x7fdacdcdd370>,5,16,[12  2],6,52,68,46,43
1,<environment.Job instance at 0x7fdac5471d70>,16,14,[5 8],17,68,82,51,53
1,<environment.Job instance at 0x7fdac5471910>,20,20,[5 5],21,68,88,47,59
1,<environment.Job instance at 0x7fdac4755f00>,56,18,[3 8],57,82,100,25,71
1,<environment.Job instance at 0x7fdac47559b0>,60,15,[5 6],61,88,103,27,74
1,<environment.Job instance at 0x7fdac4848230>,75,19,[8 5],76,100,119,24,90
1,<environment.Job instance at 0x7fdac4848c30>,81,21,[5 2],82,103,124,21,95
1,<environment.Job instance at 0x7fdac48483c0>,83,16,[1 5],84,103,119,19,95
1,<environment.Job instance at 0x7fdac4848320>,84,19,[6 2],85,119,138,34,109
1,<environment.Job instance at 0x7fdac49283c0>,98,16,[7 3],99,124,140,25,111
1,<environment.Job instance at 0x7fdac570ed20>,102,17,[10  5],103,140,157,37,128
1,<environment.Job instance at 0x7fdac524b690>,0,14,[ 5 12],1,1,15,0,1
1,<environment.Job instance at 0x7fdac524bf00>,6,13,[5 5],7,15,28,8,8
1,<environment.Job instance at 0x7fdac524b820>,9,14,[3 7],10,15,29,5,10
1,<environment.Job instance at 0x7fdac524b460>,10,18,[1 5],11,28,46,17,17
1,<environment.Job instance at 0x7fdac524c320>,18,17,[3 5],19,29,46,10,19
1,<environment.Job instance at 0x7fdac524ca50>,21,21,[6 2],22,22,43,0,22
1,<environment.Job instance at 0x7fdac498b3c0>,37,14,[5 6],38,46,60,8,38
1,<environment.Job instance at 0x7fdac498bcd0>,41,12,[7 5],42,43,55,1,42
1,<environment.Job instance at 0x7fdac498beb0>,44,16,[10  5],45,55,71,10,45
1,<environment.Job instance at 0x7fdac498b730>,46,13,[6 3],47,71,84,24,55
1,<environment.Job instance at 0x7fdac498bc30>,47,15,[10  3],48,84,99,36,70
1,<environment.Job instance at 0x7fdac5255cd0>,48,12,[3 9],49,70,82,21,70
1,<environment.Job instance at 0x7fdac5255af0>,50,18,[2 9],51,82,100,31,71
1,<environment.Job instance at 0x7fdac5247c80>,67,13,[5 8],68,100,113,32,84
1,<environment.Job instance at 0x7fdac5247190>,68,16,[5 2],69,99,115,30,86
1,<environment.Job instance at 0x7fdac5247f00>,75,19,[6 5],76,113,132,37,103
1,<environment.Job instance at 0x7fdac5247370>,76,17,[9 4],77,115,132,38,103
1,<environment.Job instance at 0x7fdac526a5f0>,88,17,[5 2],89,132,149,43,120
1,<environment.Job instance at 0x7fdac524ab40>,93,19,[2 8],94,132,151,38,122
1,<environment.Job instance at 0x7fdac42988c0>,0,24,[ 3 14],1,2,26,1,2
1,<environment.Job instance at 0x7fdac4298af0>,4,12,[13  5],5,26,38,21,13
1,<environment.Job instance at 0x7fdac4298b40>,11,15,[ 1 12],12,38,53,26,24
1,<environment.Job instance at 0x7fdac42980a0>,8,25,[11  2],9,38,63,29,34
1,<environment.Job instance at 0x7fdac4298370>,14,14,[7 4],15,63,77,48,48
1,<environment.Job instance at 0x7fdac4298be0>,16,13,[2 7],17,53,66,36,48
1,<environment.Job instance at 0x7fdac4298c30>,17,14,[ 1 12],18,77,91,59,62
1,<environment.Job instance at 0x7fdac4298f00>,13,14,[1 7],14,91,105,77,76
1,<environment.Job instance at 0x7fdac4298cd0>,19,20,[8 1],20,77,97,57,77
1,<environment.Job instance at 0x7fdac42885a0>,22,18,[11  5],23,97,115,74,91
1,<environment.Job instance at 0x7fdac4288b90>,23,16,[3 8],24,105,121,81,92
1,<environment.Job instance at 0x7fdac4288690>,24,17,[3 7],25,115,132,90,103
1,<environment.Job instance at 0x7fdac4288aa0>,25,12,[7 2],26,121,133,95,104
1,<environment.Job instance at 0x7fdac42982d0>,15,16,[ 3 11],16,132,148,116,122
1,<environment.Job instance at 0x7fdac5799e10>,0,22,[5 4],1,1,23,0,1
1,<environment.Job instance at 0x7fdac5799f00>,13,21,[5 9],14,14,35,0,14
1,<environment.Job instance at 0x7fdac5799cd0>,14,16,[3 9],15,35,51,20,22
1,<environment.Job instance at 0x7fdac4bf3960>,18,14,[6 3],19,23,37,4,22
1,<environment.Job instance at 0x7fdac4bf3be0>,20,12,[8 5],21,37,49,16,22
1,<environment.Job instance at 0x7fdac579efa0>,23,13,[7 4],24,49,62,25,33
1,<environment.Job instance at 0x7fdac4bf3d20>,24,20,[8 3],25,51,71,26,42
1,<environment.Job instance at 0x7fdac579ef50>,28,13,[5 4],29,62,75,33,46
1,<environment.Job instance at 0x7fdac423a1e0>,34,14,[1 5],35,62,76,27,47
1,<environment.Job instance at 0x7fdac404c640>,35,15,[10  4],36,75,90,39,61
1,<environment.Job instance at 0x7fdac4db02d0>,36,16,[10  5],37,90,106,53,77
1,<environment.Job instance at 0x7fdac4db0dc0>,37,14,[4 7],38,77,91,39,77
1,<environment.Job instance at 0x7fdac421b4b0>,43,19,[2 7],44,91,110,47,81
1,<environment.Job instance at 0x7fdac421beb0>,45,18,[2 6],46,106,124,60,95
1,<environment.Job instance at 0x7fdac421b410>,46,16,[5 6],47,110,126,63,97
1,<environment.Job instance at 0x7fdac4236cd0>,51,13,[7 2],52,106,119,54,97
1,<environment.Job instance at 0x7fdac4236a00>,52,22,[8 2],53,119,141,66,112
1,<environment.Job instance at 0x7fdac4236eb0>,54,15,[5 5],55,126,141,71,112
1,<environment.Job instance at 0x7fdac401af50>,2,20,[3 9],3,3,23,0,3
1,<environment.Job instance at 0x7fdac4c3b500>,22,13,[6 4],23,23,36,0,23
1,<environment.Job instance at 0x7fdac4c3b820>,23,13,[12  4],24,36,49,12,24
1,<environment.Job instance at 0x7fdac4c3b5f0>,25,18,[8 1],26,49,67,23,38
1,<environment.Job instance at 0x7fdac506aeb0>,31,21,[3 8],32,47,68,15,47
1,<environment.Job instance at 0x7fdac506a910>,33,15,[6 4],34,67,82,33,53
1,<environment.Job instance at 0x7fdac4c3b230>,26,12,[5 2],27,67,79,40,58
1,<environment.Job instance at 0x7fdac506ab90>,35,19,[7 2],36,79,98,43,69
1,<environment.Job instance at 0x7fdac506a3c0>,38,21,[1 8],39,72,93,33,72
1,<environment.Job instance at 0x7fdac506a8c0>,39,13,[3 6],40,93,106,53,77
1,<environment.Job instance at 0x7fdac506aa50>,42,17,[10  2],43,98,115,55,86
1,<environment.Job instance at 0x7fdac4c3b4b0>,27,16,[ 5 12],28,106,122,78,97
1,<environment.Job instance at 0x7fdac4c3b050>,24,20,[6 3],25,115,135,90,106
1,<environment.Job instance at 0x7fdac506a4b0>,46,21,[ 3 11],47,122,143,75,117
1,<environment.Job instance at 0x7fdac506a960>,49,12,[6 4],50,135,147,85,120
1,<environment.Job instance at 0x7fdac42f8960>,1,14,[3 8],2,2,16,0,2
1,<environment.Job instance at 0x7fdac506a960>,4,18,[8 5],5,5,23,0,5
1,<environment.Job instance at 0x7fdac56c5dc0>,6,26,[1 5],7,16,42,9,13
1,<environment.Job instance at 0x7fdac56c5b90>,10,16,[14  3],11,23,39,12,13
1,<environment.Job instance at 0x7fdac56c5f50>,8,13,[1 5],9,39,52,30,23
1,<environment.Job instance at 0x7fdac56ef190>,11,16,[5 3],12,39,55,27,27
1,<environment.Job instance at 0x7fdac56ef050>,16,18,[5 7],17,42,60,25,31
1,<environment.Job instance at 0x7fdac56ef9b0>,24,15,[1 8],25,55,70,30,41
1,<environment.Job instance at 0x7fdac56efd70>,33,15,[6 2],34,60,75,26,46
1,<environment.Job instance at 0x7fdac56e0230>,34,18,[6 1],35,60,78,25,50
1,<environment.Job instance at 0x7fdac56e0370>,36,17,[9 3],37,75,92,38,64
1,<environment.Job instance at 0x7fdac56e05f0>,40,18,[6 4],41,78,96,37,68
1,<environment.Job instance at 0x7fdac56e07d0>,45,15,[3 5],46,92,107,46,78
1,<environment.Job instance at 0x7fdac56c5d70>,9,15,[6 4],10,92,107,82,78
1,<environment.Job instance at 0x7fdac56e0870>,47,15,[3 9],48,107,122,59,93
1,<environment.Job instance at 0x7fdac56e0a50>,50,13,[4 6],51,96,109,45,93
1,<environment.Job instance at 0x7fdac56ef230>,12,19,[9 1],13,109,128,96,99
1,<environment.Job instance at 0x7fdac56c6370>,59,16,[ 1 10],60,122,138,62,112
1,<environment.Job instance at 0x7fdac56c6230>,58,19,[8 2],59,128,147,69,118
1,<environment.Job instance at 0x7fdac56c62d0>,60,18,[ 3 11],61,138,156,77,127
1,<environment.Job instance at 0x7f8b74f8c230>,0,17,[6 1],1,1,18,0,1
1,<environment.Job instance at 0x7f8b74f8c320>,2,20,[7 4],3,3,23,0,3
1,<environment.Job instance at 0x7f8b6b8149b0>,10,15,[5 1],11,18,33,7,11
1,<environment.Job instance at 0x7f8b6b814a50>,11,15,[6 1],12,23,38,11,12
1,<environment.Job instance at 0x7f8b6b817230>,22,13,[7 4],23,33,46,10,23
1,<environment.Job instance at 0x7f8b6b817410>,24,20,[4 6],25,38,58,13,29
1,<environment.Job instance at 0x7f8b6b8174b0>,26,12,[8 5],27,46,58,19,29
1,<environment.Job instance at 0x7f8b6b817960>,32,17,[9 3],33,58,75,25,46
1,<environment.Job instance at 0x7f8b6b817b90>,35,16,[1 9],36,58,74,22,46
1,<environment.Job instance at 0x7f8b6b817c30>,36,20,[7 5],37,75,95,38,66
1,<environment.Job instance at 0x7f8b6b817e10>,39,18,[9 4],40,95,113,55,84
1,<environment.Job instance at 0x7f8b6b817820>,43,16,[1 8],44,88,104,44,88
1,<environment.Job instance at 0x7f8b6b81a370>,46,14,[6 5],47,104,118,57,89
1,<environment.Job instance at 0x7f8b6b81a3c0>,49,13,[1 5],50,113,126,63,97
1,<environment.Job instance at 0x7f8b6b81a5f0>,51,13,[5 6],52,118,131,66,102
1,<environment.Job instance at 0x7f8b6b81a730>,53,17,[7 4],54,113,130,59,102
1,<environment.Job instance at 0x7f8b6b81a7d0>,54,13,[7 3],55,130,143,75,114
1,<environment.Job instance at 0x7f8b6b81a910>,56,21,[8 4],57,131,152,74,123
1,<environment.Job instance at 0x7f8b6b81aaf0>,59,19,[1 7],60,143,162,83,133
1,<environment.Job instance at 0x7f8b6b81ad70>,63,12,[5 3],64,143,155,79,133
1,<environment.Job instance at 0x7f8b6b81bc80>,1,13,[1 8],2,2,15,0,2
1,<environment.Job instance at 0x7f8b6b29e9b0>,0,24,[6 5],1,10,34,9,10
1,<environment.Job instance at 0x7f8b6b81aeb0>,7,21,[9 2],8,15,36,7,11
1,<environment.Job instance at 0x7f8b6b8f03c0>,12,12,[1 5],13,34,46,21,17
1,<environment.Job instance at 0x7f8b6b95a3c0>,15,17,[5 8],16,34,51,18,22
1,<environment.Job instance at 0x7f8b6b95ae60>,28,14,[6 3],29,46,60,17,33
1,<environment.Job instance at 0x7f8b6b0f1140>,32,17,[4 7],33,51,68,18,39
1,<environment.Job instance at 0x7f8b6b221690>,33,13,[5 7],34,60,73,26,44
1,<environment.Job instance at 0x7f8b6b2f0b40>,39,16,[8 4],40,68,84,28,55
1,<environment.Job instance at 0x7f8b6b2bed20>,52,20,[7 5],53,73,93,20,66
1,<environment.Job instance at 0x7f8b6b2be2d0>,53,15,[9 5],54,93,108,39,79
1,<environment.Job instance at 0x7f8b6b2be370>,55,21,[5 9],56,84,105,28,80
1,<environment.Job instance at 0x7f8b6b368550>,64,18,[5 4],65,105,123,40,94
1,<environment.Job instance at 0x7f8b6b2d6b90>,86,15,[8 5],87,108,123,21,94
1,<environment.Job instance at 0x7f8b6b8f0e60>,8,13,[10  5],9,123,136,114,111
1,<environment.Job instance at 0x7f8b6b2b2140>,91,13,[ 4 11],92,136,149,44,120
1,<environment.Job instance at 0x7f8b6b2b25a0>,92,16,[14  3],93,149,165,56,136
1,<environment.Job instance at 0x7f8b6b3261e0>,2,15,[5 8],3,3,18,0,3
1,<environment.Job instance at 0x7f8b6af30050>,5,23,[3 6],6,6,29,0,6
1,<environment.Job instance at 0x7f8b6af30280>,10,13,[8 4],11,18,31,7,11
1,<environment.Job instance at 0x7f8b6aebc140>,17,15,[13  2],18,31,46,13,19
1,<environment.Job instance at 0x7f8b6aebc550>,20,12,[5 5],21,46,58,25,31
1,<environment.Job instance at 0x7f8b6aebcb40>,18,12,[5 8],19,46,58,27,35
1,<environment.Job instance at 0x7f8b6aebc640>,21,15,[14  2],22,58,73,36,44
1,<environment.Job instance at 0x7f8b6aebce10>,24,18,[1 7],25,58,76,33,47
1,<environment.Job instance at 0x7f8b6aebc2d0>,25,14,[ 3 14],26,76,90,50,61
1,<environment.Job instance at 0x7f8b6aebce60>,26,17,[13  5],27,90,107,63,78
1,<environment.Job instance at 0x7f8b6aebc9b0>,27,13,[ 5 14],28,107,120,79,91
1,<environment.Job instance at 0x7f8b6aebc500>,28,25,[4 5],29,120,145,91,116
1,<environment.Job instance at 0x7f8b6aebc190>,29,16,[11  3],30,120,136,90,116
1,<environment.Job instance at 0x7f8b6aebc730>,30,14,[7 1],31,136,150,105,121
1,<environment.Job instance at 0x7f8b6aebccd0>,31,12,[12  3],32,150,162,118,133
1,<environment.Job instance at 0x7f8b6b136d20>,5,21,[ 4 10],6,6,27,0,6
1,<environment.Job instance at 0x7f8b6afac280>,11,12,[7 5],12,12,24,0,12
1,<environment.Job instance at 0x7f8b6b81f6e0>,9,13,[6 2],10,24,37,14,13
1,<environment.Job instance at 0x7f8b6b21c410>,14,15,[2 6],15,27,42,12,15
1,<environment.Job instance at 0x7f8b6b7ee190>,15,17,[10  4],16,37,54,21,25
1,<environment.Job instance at 0x7f8b6b7eaf00>,16,19,[6 5],17,54,73,37,44
1,<environment.Job instance at 0x7f8b6b321d70>,20,19,[3 6],21,44,63,23,44
1,<environment.Job instance at 0x7f8b74e9d960>,27,15,[4 9],28,63,78,35,49
1,<environment.Job instance at 0x7f8b6b274e10>,29,12,[4 6],30,73,85,43,56
1,<environment.Job instance at 0x7f8b6b7fb690>,32,19,[7 3],33,78,97,45,69
1,<environment.Job instance at 0x7f8b6bb4b280>,35,18,[5 5],36,85,103,49,74
1,<environment.Job instance at 0x7f8b6b32ab40>,36,15,[2 6],37,78,93,41,74
1,<environment.Job instance at 0x7f8b6b32a460>,37,14,[8 4],38,97,111,59,82
1,<environment.Job instance at 0x7f8b6aee00a0>,40,15,[5 2],41,103,118,62,89
1,<environment.Job instance at 0x7f8b6ae81c30>,42,13,[10  4],43,111,124,68,95
1,<environment.Job instance at 0x7f8b6ae811e0>,43,20,[4 7],44,118,138,74,109
1,<environment.Job instance at 0x7f8b6afacd20>,12,20,[10  2],13,124,144,111,115
1,<environment.Job instance at 0x7f8b6ae81410>,45,12,[12  2],46,144,156,98,127
1,<environment.Job instance at 0x7f8b6af26e60>,46,12,[14  2],47,156,168,109,139
1,<environment.Job instance at 0x7f8b6bc512d0>,0,13,[4 5],1,1,14,0,1
1,<environment.Job instance at 0x7f8b6b2379b0>,4,27,[12  1],5,14,41,9,12
1,<environment.Job instance at 0x7f8b6bc51eb0>,2,16,[1 5],3,17,33,14,17
1,<environment.Job instance at 0x7f8b6b237820>,3,18,[4 9],4,41,59,37,30
1,<environment.Job instance at 0x7f8b6bc510f0>,1,22,[ 4 12],2,59,81,57,52
1,<environment.Job instance at 0x7f8b6b1db780>,19,14,[1 7],20,81,95,61,69
1,<environment.Job instance at 0x7f8b6b1d06e0>,24,22,[10  2],25,69,91,44,69
1,<environment.Job instance at 0x7f8b6b1d02d0>,27,16,[2 8],28,91,107,63,78
1,<environment.Job instance at 0x7f8b6b1ca8c0>,35,18,[2 5],36,95,113,59,84
1,<environment.Job instance at 0x7f8b6b1cab90>,38,14,[3 9],39,107,121,68,96
1,<environment.Job instance at 0x7f8b6b1e56e0>,40,14,[5 1],41,96,110,55,96
1,<environment.Job instance at 0x7f8b6b1e5410>,44,14,[8 4],45,113,127,68,98
1,<environment.Job instance at 0x7f8b6b1e5910>,48,14,[5 8],49,121,135,72,108
1,<environment.Job instance at 0x7f8b6b1edcd0>,54,19,[3 6],55,127,146,72,117
1,<environment.Job instance at 0x7f8b6b6feb90>,56,15,[6 1],57,127,142,70,117
1,<environment.Job instance at 0x7f8b6bc1d910>,60,12,[2 8],61,135,147,74,118
1,<environment.Job instance at 0x7f8b6adfce60>,64,13,[5 7],65,146,159,81,130
1,<environment.Job instance at 0x7f8b6b54d730>,0,15,[5 5],1,1,16,0,1
1,<environment.Job instance at 0x7f8b6adfcd70>,2,24,[6 3],3,3,27,0,3
1,<environment.Job instance at 0x7f8b6b54d6e0>,5,18,[6 4],6,16,34,10,6
1,<environment.Job instance at 0x7f8b6ae4ef00>,14,19,[1 6],15,15,34,0,15
1,<environment.Job instance at 0x7f8b6ae4e7d0>,19,13,[5 8],20,34,47,14,20
1,<environment.Job instance at 0x7f8b6ae4ef50>,21,17,[2 7],22,34,51,12,22
1,<environment.Job instance at 0x7f8b6b563050>,30,14,[9 2],31,47,61,16,32
1,<environment.Job instance at 0x7f8b6b563e60>,34,22,[5 4],35,51,73,16,44
1,<environment.Job instance at 0x7f8b6b54de60>,11,13,[5 6],12,61,74,49,45
1,<environment.Job instance at 0x7f8b6b563f00>,37,16,[5 2],38,61,77,23,49
1,<environment.Job instance at 0x7f8b6b5630a0>,38,12,[6 4],39,74,86,35,58
1,<environment.Job instance at 0x7f8b6b563f50>,40,13,[1 8],41,74,87,33,62
1,<environment.Job instance at 0x7f8b6b54d820>,3,16,[13  4],4,86,102,82,74
1,<environment.Job instance at 0x7f8b6bed5cd0>,44,18,[5 8],45,102,120,57,92
1,<environment.Job instance at 0x7f8b6b5631e0>,41,26,[7 1],42,102,128,60,99
1,<environment.Job instance at 0x7f8b6bed5d20>,47,20,[5 7],48,120,140,72,111
1,<environment.Job instance at 0x7f8b6bed5280>,55,22,[6 2],56,128,150,72,121
1,<environment.Job instance at 0x7f8b6bed5140>,59,15,[9 2],60,140,155,80,126
1,<environment.Job instance at 0x7f8b6bed57d0>,60,14,[2 7],61,150,164,89,135
1,<environment.Job instance at 0x7f8b6ae05190>,6,20,[2 9],7,7,27,0,7
1,<environment.Job instance at 0x7f8b6ae05640>,13,24,[5 1],14,14,38,0,14
1,<environment.Job instance at 0x7f8b6ae05140>,14,20,[5 3],15,15,35,0,15
1,<environment.Job instance at 0x7f8b6bd80a50>,20,16,[6 3],21,35,51,14,22
1,<environment.Job instance at 0x7f8b6adc8a00>,23,23,[1 6],24,27,50,3,24
1,<environment.Job instance at 0x7f8b6adc81e0>,30,14,[5 1],31,38,52,7,31
1,<environment.Job instance at 0x7f8b6adc8230>,29,16,[13  1],30,52,68,22,40
1,<environment.Job instance at 0x7f8b6adc85f0>,31,20,[3 8],32,68,88,36,59
1,<environment.Job instance at 0x7f8b6bc2f5a0>,37,12,[14  2],38,88,100,50,71
1,<environment.Job instance at 0x7f8b6adc8aa0>,25,12,[10  2],26,71,83,45,71
1,<environment.Job instance at 0x7f8b6bc2f320>,40,14,[ 4 12],41,100,114,59,85
1,<environment.Job instance at 0x7f8b6add32d0>,46,16,[1 8],47,114,130,67,101
1,<environment.Job instance at 0x7f8b6adc8cd0>,32,21,[11  4],33,114,135,81,106
1,<environment.Job instance at 0x7f8b6add3b40>,52,21,[1 5],53,130,151,77,122
1,<environment.Job instance at 0x7f8b6add3be0>,56,12,[2 5],57,130,142,73,122
1,<environment.Job instance at 0x7f8b6add35f0>,47,16,[8 3],48,135,151,87,123
1,<environment.Job instance at 0x7f8b6c1f2d20>,58,12,[9 1],59,151,163,92,134
1,<environment.Job instance at 0x7f8b6c1f2aa0>,59,24,[6 2],60,142,166,82,137
1,<environment.Job instance at 0x7f8b6c1f2dc0>,2,18,[8 1],3,3,21,0,3
1,<environment.Job instance at 0x7f8b6b4827d0>,6,20,[10  4],7,21,41,14,12
1,<environment.Job instance at 0x7f8b6b492140>,11,13,[5 2],12,12,25,0,12
1,<environment.Job instance at 0x7f8b6b492960>,14,18,[6 3],15,41,59,26,31
1,<environment.Job instance at 0x7f8b6b4926e0>,9,21,[7 5],10,41,62,31,33
1,<environment.Job instance at 0x7f8b6c004140>,17,19,[ 4 10],18,59,78,41,49
1,<environment.Job instance at 0x7f8b6c004d20>,18,13,[2 7],19,78,91,59,62
1,<environment.Job instance at 0x7f8b6c004e60>,19,15,[ 4 13],20,91,106,71,77
1,<environment.Job instance at 0x7f8b6c004d70>,20,18,[10  1],21,79,97,58,79
1,<environment.Job instance at 0x7f8b6b4a05f0>,21,25,[9 1],22,97,122,75,93
1,<environment.Job instance at 0x7f8b6b4a0690>,22,17,[ 5 14],23,106,123,83,94
1,<environment.Job instance at 0x7f8b6b4a01e0>,23,14,[13  1],24,123,137,99,108
1,<environment.Job instance at 0x7f8b6b4a6870>,24,14,[1 6],25,123,137,98,108
1,<environment.Job instance at 0x7f8b6b4a6910>,25,15,[ 5 14],26,137,152,111,123
1,<environment.Job instance at 0x7f8b6b4a69b0>,26,21,[10  1],27,137,158,110,129
1,<environment.Job instance at 0x7f8b6becc6e0>,0,19,[5 2],1,1,20,0,1
1,<environment.Job instance at 0x7f8b6b4a69b0>,2,17,[6 5],3,3,20,0,3
1,<environment.Job instance at 0x7f8b6becc320>,6,16,[ 4 13],7,20,36,13,10
1,<environment.Job instance at 0x7f8b6becc640>,7,17,[11  3],8,36,53,28,24
1,<environment.Job instance at 0x7f8b6becc780>,5,18,[11  2],6,53,71,47,43
1,<environment.Job instance at 0x7f8b6becc1e0>,4,22,[8 3],5,71,93,66,64
1,<environment.Job instance at 0x7f8b6becc550>,11,21,[2 6],12,64,85,52,64
1,<environment.Job instance at 0x7f8b6becc5a0>,15,15,[9 4],16,93,108,77,79
1,<environment.Job instance at 0x7f8b6beb05a0>,16,15,[4 7],17,85,100,68,79
1,<environment.Job instance at 0x7f8b6beb0c30>,20,18,[5 5],21,100,118,79,89
1,<environment.Job instance at 0x7f8b6beb03c0>,27,15,[8 2],28,108,123,80,94
1,<environment.Job instance at 0x7f8b6beb0a50>,31,16,[8 3],32,123,139,91,110
1,<environment.Job instance at 0x7f8b6beb0f00>,32,16,[4 6],33,118,134,85,110
1,<environment.Job instance at 0x7f8b6beb0fa0>,38,17,[3 8],39,134,151,95,122
1,<environment.Job instance at 0x7f8b6be491e0>,40,16,[3 7],41,139,155,98,126
1,<environment.Job instance at 0x7f8b6bb0bb40>,3,16,[7 4],4,4,20,0,4
1,<environment.Job instance at 0x7f8b6bb2c780>,14,14,[3 5],15,15,29,0,15
1,<environment.Job instance at 0x7f8b6bb44e60>,20,23,[5 5],21,21,44,0,21
1,<environment.Job instance at 0x7f8b6bb217d0>,23,13,[7 3],24,24,37,0,24
1,<environment.Job instance at 0x7f8b6bb21d70>,28,16,[4 8],29,37,53,8,29
1,<environment.Job instance at 0x7f8b6bc144b0>,32,28,[5 4],33,44,72,11,43
1,<environment.Job instance at 0x7f8b6aefdc30>,33,27,[ 3 12],34,72,99,38,70
1,<environment.Job instance at 0x7f8b6af21500>,34,18,[7 4],35,99,117,64,88
1,<environment.Job instance at 0x7f8b6af21c30>,35,25,[ 5 12],36,117,142,81,113
1,<environment.Job instance at 0x7f8b6af21780>,36,24,[7 4],37,142,166,105,137
1,<environment.Job instance at 0x7f8b6b910280>,0,20,[3 6],1,1,21,0,1
1,<environment.Job instance at 0x7f8b6b910960>,6,21,[5 5],7,7,28,0,7
1,<environment.Job instance at 0x7f8b6b9fa6e0>,7,19,[1 8],8,21,40,13,11
1,<environment.Job instance at 0x7f8b6b910a50>,8,14,[11  4],9,28,42,19,13
1,<environment.Job instance at 0x7f8b6b9fa690>,9,28,[7 1],10,42,70,32,41
1,<environment.Job instance at 0x7f8b6b910c80>,3,16,[ 3 10],4,41,57,37,41
1,<environment.Job instance at 0x7f8b6b9fad20>,11,14,[5 1],12,42,56,30,41
1,<environment.Job instance at 0x7f8b6b9faaa0>,12,17,[5 5],13,57,74,44,45
1,<environment.Job instance at 0x7f8b6b9fa820>,13,15,[5 5],14,70,85,56,56
1,<environment.Job instance at 0x7f8b6b9105a0>,4,14,[10  5],5,74,88,69,59
1,<environment.Job instance at 0x7f8b6b9faeb0>,15,20,[6 5],16,88,108,72,79
1,<environment.Job instance at 0x7f8b6b9fab40>,14,27,[7 1],15,88,115,73,86
1,<environment.Job instance at 0x7f8b6b9fa960>,21,14,[5 5],22,108,122,86,93
1,<environment.Job instance at 0x7f8b6b9fa7d0>,25,13,[3 6],26,108,121,82,93
1,<environment.Job instance at 0x7f8b6b6cd280>,37,20,[4 9],38,121,141,83,112
1,<environment.Job instance at 0x7f8b6b6cd0a0>,38,18,[7 2],39,122,140,83,112
1,<environment.Job instance at 0x7f8b6b6cd870>,40,21,[8 3],41,140,161,99,132
1,<environment.Job instance at 0x7f8b6b6cd910>,44,17,[5 9],45,141,158,96,132
1,<environment.Job instance at 0x7f8b6b6cdc80>,2,22,[1 8],3,3,25,0,3
1,<environment.Job instance at 0x7f8b6b696d70>,3,15,[3 7],4,4,19,0,4
1,<environment.Job instance at 0x7f8b6b696af0>,4,15,[10  3],5,19,34,14,5
1,<environment.Job instance at 0x7f8b6b696f50>,11,21,[1 7],12,25,46,13,17
1,<environment.Job instance at 0x7f8b6b696c80>,14,16,[9 2],15,34,50,19,21
1,<environment.Job instance at 0x7f8b6b696e60>,10,20,[2 5],11,25,45,14,21
1,<environment.Job instance at 0x7f8b6b18f7d0>,21,12,[1 7],22,46,58,24,29
1,<environment.Job instance at 0x7f8b6b18fa50>,20,22,[3 9],21,58,80,37,52
1,<environment.Job instance at 0x7f8b6b696910>,0,24,[9 1],1,52,76,51,52
1,<environment.Job instance at 0x7f8b6ad11410>,29,14,[9 1],30,76,90,46,61
1,<environment.Job instance at 0x7f8b6ad110f0>,30,15,[2 5],31,61,76,30,61
1,<environment.Job instance at 0x7f8b6b4a2410>,37,12,[7 5],38,90,102,52,73
1,<environment.Job instance at 0x7f8b6b4a25f0>,39,20,[ 4 10],40,80,100,40,73
1,<environment.Job instance at 0x7f8b6b4a2c80>,40,21,[4 7],41,100,121,59,92
1,<environment.Job instance at 0x7f8b6b4a2d70>,41,16,[6 1],42,102,118,60,92
1,<environment.Job instance at 0x7f8b6b4a2e10>,42,12,[7 4],43,118,130,75,101
1,<environment.Job instance at 0x7f8b6b4a2c30>,43,13,[6 3],44,121,134,77,105
1,<environment.Job instance at 0x7f8b6b4a27d0>,44,13,[1 7],45,105,118,60,105
1,<environment.Job instance at 0x7f8b6bd3d7d0>,48,18,[4 5],49,130,148,81,119
1,<environment.Job instance at 0x7f8b6bd3d640>,50,17,[8 3],51,134,151,83,122
1,<environment.Job instance at 0x7f8b6bd3dbe0>,51,14,[9 3],52,151,165,99,136
1,<environment.Job instance at 0x7f8b6bd3d280>,59,15,[3 5],60,136,151,76,136
1,<environment.Job instance at 0x7f8b6b75ddc0>,0,13,[ 3 14],1,1,14,0,1
1,<environment.Job instance at 0x7f8b6b75d140>,3,18,[7 1],4,4,22,0,4
1,<environment.Job instance at 0x7f8b6b75d910>,4,21,[8 2],5,14,35,9,7
1,<environment.Job instance at 0x7f8b6b75da50>,9,22,[3 7],10,22,44,12,17
1,<environment.Job instance at 0x7f8b6b75dcd0>,10,21,[5 3],11,35,56,24,27
1,<environment.Job instance at 0x7f8b6b75d5f0>,11,21,[1 7],12,44,65,32,37
1,<environment.Job instance at 0x7f8b6b75d280>,12,14,[3 7],13,56,70,43,41
1,<environment.Job instance at 0x7f8b6b75d320>,15,12,[8 5],16,44,56,28,41
1,<environment.Job instance at 0x7f8b6b75df00>,17,19,[6 2],18,65,84,47,55
1,<environment.Job instance at 0x7f8b6b75d3c0>,18,18,[10  2],19,84,102,65,73
1,<environment.Job instance at 0x7f8b6bc9e140>,25,22,[5 1],26,86,108,60,86
1,<environment.Job instance at 0x7f8b6b75d870>,5,18,[13  2],6,108,126,102,97
1,<environment.Job instance at 0x7f8b6bc9e370>,30,16,[ 2 12],31,102,118,71,98
1,<environment.Job instance at 0x7f8b6bc9e0a0>,32,22,[5 5],33,126,148,93,119
1,<environment.Job instance at 0x7f8b6bc9e500>,33,16,[1 9],34,119,135,85,119
1,<environment.Job instance at 0x7f8b6bc9e960>,36,12,[9 1],37,126,138,89,119
1,<environment.Job instance at 0x7f8b6bc9e280>,37,12,[ 5 10],38,138,150,100,121
1,<environment.Job instance at 0x7f8b6bc9e230>,39,16,[9 4],40,148,164,108,135
1,<environment.Job instance at 0x7f8b6b0d9a50>,0,12,[13  2],1,1,13,0,1
1,<environment.Job instance at 0x7f8b6b40a780>,4,18,[5 5],5,13,31,8,5
1,<environment.Job instance at 0x7f8b6b40a190>,7,16,[5 6],8,13,29,5,8
1,<environment.Job instance at 0x7f8b6b40a870>,10,13,[4 7],11,29,42,18,17
1,<environment.Job instance at 0x7f8b6ae74320>,13,15,[5 5],14,31,46,17,17
1,<environment.Job instance at 0x7f8b6ae74dc0>,16,14,[5 8],17,42,56,25,35
1,<environment.Job instance at 0x7f8b6ae746e0>,20,20,[5 5],21,46,66,25,44
1,<environment.Job instance at 0x7f8b6ae745f0>,22,13,[6 3],23,56,69,33,48
1,<environment.Job instance at 0x7f8b6bebaaa0>,1,15,[14  4],2,69,84,67,64
1,<environment.Job instance at 0x7f8b6be6b8c0>,26,15,[ 1 11],27,66,81,39,64
1,<environment.Job instance at 0x7f8b6be6b2d0>,27,18,[1 8],28,81,99,53,70
1,<environment.Job instance at 0x7f8b6b40ae60>,11,28,[12  2],12,84,112,72,83
1,<environment.Job instance at 0x7f8b6be6b9b0>,25,21,[9 1],26,112,133,86,104
1,<environment.Job instance at 0x7f8b6be6bb90>,31,12,[5 4],32,112,124,80,104
1,<environment.Job instance at 0x7f8b6c369960>,36,16,[2 6],37,124,140,87,111
1,<environment.Job instance at 0x7f8b6c369b40>,37,12,[9 2],38,133,145,95,116
1,<environment.Job instance at 0x7f8b6c3695a0>,50,18,[1 6],51,116,134,65,116
1,<environment.Job instance at 0x7f8b6c3835a0>,54,22,[3 5],55,134,156,79,127
1,<environment.Job instance at 0x7f8b6c383af0>,56,18,[3 8],57,140,158,83,129
1,<environment.Job instance at 0x7f8b6be320f0>,4,16,[12  5],5,5,21,0,5
1,<environment.Job instance at 0x7f8b6be32c30>,0,18,[1 5],1,8,26,7,8
1,<environment.Job instance at 0x7f8b6acf8f00>,8,17,[3 5],9,21,38,12,9
1,<environment.Job instance at 0x7f8b6be32690>,10,13,[11  4],11,21,34,10,11
1,<environment.Job instance at 0x7f8b6acf8a00>,11,21,[6 2],12,34,55,22,26
1,<environment.Job instance at 0x7f8b6acf8b90>,14,13,[10  4],15,55,68,40,39
1,<environment.Job instance at 0x7f8b6acf89b0>,27,14,[5 6],28,49,63,21,49
1,<environment.Job instance at 0x7f8b6acc9140>,31,12,[7 5],32,68,80,36,51
1,<environment.Job instance at 0x7f8b6acc9af0>,34,16,[10  5],35,80,96,45,67
1,<environment.Job instance at 0x7f8b6acc9960>,36,13,[6 3],37,96,109,59,80
1,<environment.Job instance at 0x7f8b6acc9320>,37,15,[10  3],38,109,124,71,95
1,<environment.Job instance at 0x7f8b6acc9cd0>,38,12,[3 9],39,95,107,56,95
1,<environment.Job instance at 0x7f8b6acc9780>,40,18,[2 9],41,107,125,66,96
1,<environment.Job instance at 0x7f8b6be50cd0>,57,13,[5 8],58,125,138,67,109
1,<environment.Job instance at 0x7f8b6be50410>,58,16,[5 2],59,124,140,65,111
1,<environment.Job instance at 0x7f8b6be50640>,60,13,[5 5],61,125,138,64,111
1,<environment.Job instance at 0x7f8b6b1b4f50>,65,19,[6 5],66,138,157,72,128
1,<environment.Job instance at 0x7f8b6b1b4320>,66,17,[9 4],67,140,157,73,128
1,<environment.Job instance at 0x7f8b6bc930a0>,0,17,[ 2 12],1,2,19,1,2
1,<environment.Job instance at 0x7f8b6b1b4190>,3,16,[3 8],4,19,35,15,6
1,<environment.Job instance at 0x7f8b6bc931e0>,6,26,[5 5],7,19,45,12,16
1,<environment.Job instance at 0x7f8b6bc935a0>,5,12,[7 2],6,16,28,10,16
1,<environment.Job instance at 0x7f8b6bc93c30>,4,17,[3 7],5,35,52,30,23
1,<environment.Job instance at 0x7f8b6bc93b90>,11,19,[5 5],12,45,64,33,35
1,<environment.Job instance at 0x7f8b6bc93aa0>,12,16,[4 6],13,52,68,39,40
1,<environment.Job instance at 0x7f8b6bc93fa0>,21,13,[3 5],22,64,77,42,48
1,<environment.Job instance at 0x7f8b6bc93c80>,23,13,[6 2],24,48,61,24,48
1,<environment.Job instance at 0x7f8b6bcc5640>,25,14,[2 9],26,68,82,42,53
1,<environment.Job instance at 0x7f8b6bcc5d70>,28,16,[5 4],29,77,93,48,64
1,<environment.Job instance at 0x7f8b6bcc5e10>,30,14,[5 2],31,77,91,46,64
1,<environment.Job instance at 0x7f8b6bcc50f0>,36,21,[3 8],37,82,103,45,79
1,<environment.Job instance at 0x7f8b6bcc5f00>,38,18,[4 6],39,93,111,54,82
1,<environment.Job instance at 0x7f8b6bcc5410>,40,12,[5 5],41,103,115,62,86
1,<environment.Job instance at 0x7f8b6bcc5190>,42,16,[4 9],43,111,127,68,98
1,<environment.Job instance at 0x7f8b6bcc56e0>,46,13,[8 2],47,115,128,68,99
1,<environment.Job instance at 0x7f8b6b99b500>,49,14,[5 6],50,127,141,77,112
1,<environment.Job instance at 0x7f8b6b99b190>,51,15,[9 3],52,128,143,76,114
1,<environment.Job instance at 0x7f8b6b99b3c0>,57,13,[5 6],58,141,154,83,125
1,<environment.Job instance at 0x7f8b6b99bb90>,58,16,[9 3],59,143,159,84,130
1,<environment.Job instance at 0x7f8b6b99bbe0>,61,14,[5 8],62,154,168,92,139
1,<environment.Job instance at 0x7f8b6b0b7690>,0,17,[ 5 12],1,1,18,0,1
1,<environment.Job instance at 0x7f8b6ab1ab40>,4,14,[1 5],5,18,32,13,5
1,<environment.Job instance at 0x7f8b6ab1af00>,5,15,[10  4],6,18,33,12,6
1,<environment.Job instance at 0x7f8b6ab1a3c0>,7,14,[4 7],8,32,46,24,17
1,<environment.Job instance at 0x7f8b6c3928c0>,13,19,[2 7],14,33,52,19,26
1,<environment.Job instance at 0x7f8b6c392870>,15,18,[2 6],16,46,64,30,35
1,<environment.Job instance at 0x7f8b6c3929b0>,16,16,[5 6],17,52,68,35,39
1,<environment.Job instance at 0x7f8b6c392e10>,21,13,[7 2],22,46,59,24,42
1,<environment.Job instance at 0x7f8b6c392d20>,6,16,[10  5],7,64,80,57,56
1,<environment.Job instance at 0x7f8b6b71d3c0>,23,16,[ 2 11],24,80,96,56,67
1,<environment.Job instance at 0x7f8b6b71d500>,24,15,[5 5],25,96,111,71,82
1,<environment.Job instance at 0x7f8b6b71d780>,22,22,[8 2],23,88,110,65,88
1,<environment.Job instance at 0x7f8b6b71d6e0>,28,20,[3 6],29,110,130,81,101
1,<environment.Job instance at 0x7f8b6b71db40>,29,17,[10  4],30,111,128,81,101
1,<environment.Job instance at 0x7f8b6b71d410>,32,21,[10  4],33,128,149,95,120
1,<environment.Job instance at 0x7f8b6b71df00>,25,19,[ 3 11],26,130,149,104,127
1,<environment.Job instance at 0x7f8b6b71d230>,36,12,[5 7],37,149,161,112,132
1,<environment.Job instance at 0x7f8b6b71ddc0>,2,17,[10  2],3,3,20,0,3
1,<environment.Job instance at 0x7f8b6b997e60>,9,12,[6 4],10,20,32,10,10
1,<environment.Job instance at 0x7f8b6b997410>,12,17,[5 3],13,13,30,0,13
1,<environment.Job instance at 0x7f8b6b997190>,14,14,[5 4],15,30,44,15,15
1,<environment.Job instance at 0x7f8b6b997b40>,17,15,[4 5],18,20,35,2,18
1,<environment.Job instance at 0x7f8b6b997730>,16,18,[6 2],17,32,50,15,21
1,<environment.Job instance at 0x7f8b6c00e2d0>,20,18,[1 7],21,35,53,14,25
1,<environment.Job instance at 0x7f8b6c00e690>,29,18,[6 2],30,44,62,14,36
1,<environment.Job instance at 0x7f8b6c00ee60>,24,16,[13  1],25,62,78,37,49
1,<environment.Job instance at 0x7f8b6c00e870>,23,21,[8 5],24,78,99,54,70
1,<environment.Job instance at 0x7f8b6c00e3c0>,22,23,[2 8],23,71,94,48,71
1,<environment.Job instance at 0x7f8b6c00e640>,31,27,[5 8],32,94,121,62,92
1,<environment.Job instance at 0x7f8b6ab5ad20>,38,26,[1 8],39,121,147,82,118
1,<environment.Job instance at 0x7f8b6bfeb5f0>,40,21,[1 5],41,118,139,77,118
1,<environment.Job instance at 0x7f8b6bfeb280>,41,21,[ 1 11],42,147,168,105,139
1,<environment.Job instance at 0x7f8b6bfeb910>,42,20,[11  2],43,139,159,96,139
1,<environment.Job instance at 0x7f8b6afe4e10>,0,13,[4 6],1,1,14,0,1
1,<environment.Job instance at 0x7f8b6aeca0a0>,1,14,[1 8],2,2,16,0,2
1,<environment.Job instance at 0x7f8b6afe40f0>,3,13,[11  1],4,14,27,10,4
1,<environment.Job instance at 0x7f8b6b91b730>,6,18,[ 4 10],7,16,34,9,8
1,<environment.Job instance at 0x7f8b6b91b910>,8,19,[8 2],9,27,46,18,17
1,<environment.Job instance at 0x7f8b6b91b550>,12,20,[9 5],13,46,66,33,37
1,<environment.Job instance at 0x7f8b6b91b5a0>,21,13,[7 3],22,66,79,44,50
1,<environment.Job instance at 0x7f8b6b91b280>,22,21,[5 5],23,50,71,27,50
1,<environment.Job instance at 0x7f8b6b91b8c0>,24,12,[6 2],25,71,83,46,54
1,<environment.Job instance at 0x7f8b6b91be10>,25,14,[6 3],26,79,93,53,64
1,<environment.Job instance at 0x7f8b6b490fa0>,30,19,[5 5],31,83,102,52,73
1,<environment.Job instance at 0x7f8b6b4907d0>,33,15,[ 5 10],34,93,108,59,79
1,<environment.Job instance at 0x7f8b6b490e10>,36,17,[8 5],37,102,119,65,90
1,<environment.Job instance at 0x7f8b6b490910>,38,13,[2 8],39,108,121,69,92
1,<environment.Job instance at 0x7f8b6b472460>,51,17,[2 8],52,121,138,69,109
1,<environment.Job instance at 0x7f8b6b472230>,53,18,[6 3],54,119,137,65,109
1,<environment.Job instance at 0x7f8b6b642d20>,60,13,[6 2],61,119,132,58,109
1,<environment.Job instance at 0x7f8b6b6421e0>,67,19,[5 3],68,132,151,64,122
1,<environment.Job instance at 0x7f8b6b642a50>,69,15,[6 3],70,137,152,67,123
1,<environment.Job instance at 0x7f8b6b6424b0>,72,16,[8 3],73,151,167,78,138
1,<environment.Job instance at 0x7f8b6b642910>,74,16,[4 8],75,152,168,77,139
1,<environment.Job instance at 0x7f8b6c27d9b0>,0,13,[ 4 11],1,1,14,0,1
1,<environment.Job instance at 0x7f8b6b2d8500>,3,23,[4 6],4,14,37,10,10
1,<environment.Job instance at 0x7f8b6b2d87d0>,8,22,[5 2],9,10,32,1,10
1,<environment.Job instance at 0x7f8b6b2d8640>,5,16,[1 8],6,32,48,26,19
1,<environment.Job instance at 0x7f8b6b2d85f0>,7,26,[14  1],8,37,63,29,34
1,<environment.Job instance at 0x7f8b6b2d8be0>,15,17,[9 2],16,63,80,47,51
1,<environment.Job instance at 0x7f8b6b2d8f50>,20,12,[7 2],21,80,92,59,63
1,<environment.Job instance at 0x7f8b6b2d8f00>,21,14,[10  5],22,92,106,70,77
1,<environment.Job instance at 0x7f8b6b2d55a0>,28,21,[4 5],29,77,98,48,77
1,<environment.Job instance at 0x7f8b6b2d89b0>,13,16,[ 2 12],14,106,122,92,94
1,<environment.Job instance at 0x7f8b6b2d5fa0>,44,15,[13  2],45,106,121,61,94
1,<environment.Job instance at 0x7f8b6b2d5e60>,45,16,[12  3],46,121,137,75,109
1,<environment.Job instance at 0x7f8b6b2b7140>,46,12,[7 2],47,137,149,90,120
1,<environment.Job instance at 0x7f8b6b2b71e0>,47,20,[2 6],48,122,142,74,120
1,<environment.Job instance at 0x7f48c4e101e0>,2,20,[7 4],3,3,23,0,3
1,<environment.Job instance at 0x7f48c4e10230>,0,17,[6 1],1,3,20,2,3
1,<environment.Job instance at 0x7f48bb6984b0>,3,13,[12  4],4,23,36,19,7
1,<environment.Job instance at 0x7f48bb698a00>,10,15,[5 1],11,36,51,25,22
1,<environment.Job instance at 0x7f48bb698b40>,13,13,[10  3],14,36,49,22,29
1,<environment.Job instance at 0x7f48bb698b90>,11,15,[6 1],12,49,64,37,40
1,<environment.Job instance at 0x7f48bb69a370>,22,13,[7 4],23,51,64,28,40
1,<environment.Job instance at 0x7f48bb698d70>,14,15,[14  4],15,64,79,49,54
1,<environment.Job instance at 0x7f48bb698e10>,15,20,[ 3 12],16,79,99,63,71
1,<environment.Job instance at 0x7f48bb69a500>,25,24,[5 7],26,99,123,73,94
1,<environment.Job instance at 0x7f48bb69a640>,27,17,[ 4 12],28,123,140,95,111
1,<environment.Job instance at 0x7f48bb69a5f0>,30,26,[11  4],31,140,166,109,137
1,<environment.Job instance at 0x7f48bb69a8c0>,31,28,[ 2 10],32,140,168,108,139
1,<environment.Job instance at 0x7f48bb69a5a0>,26,12,[8 5],27,166,178,139,149
1,<environment.Job instance at 0x7f48bb69a410>,2,12,[1 5],3,3,15,0,3
1,<environment.Job instance at 0x7f48bbb416e0>,5,17,[5 8],6,6,23,0,6
1,<environment.Job instance at 0x7f48bbb41fa0>,6,15,[ 2 10],7,23,38,16,9
1,<environment.Job instance at 0x7f48bbb5e8c0>,10,26,[5 4],11,15,41,4,12
1,<environment.Job instance at 0x7f48bb7e10a0>,15,16,[11  3],16,41,57,25,29
1,<environment.Job instance at 0x7f48bb7e15a0>,17,18,[14  2],18,57,75,39,46
1,<environment.Job instance at 0x7f48bb7e1370>,18,14,[6 3],19,75,89,56,60
1,<environment.Job instance at 0x7f48bb7e1280>,14,22,[3 8],15,75,97,60,73
1,<environment.Job instance at 0x7f48bb7e1cd0>,21,14,[ 5 10],22,97,111,75,82
1,<environment.Job instance at 0x7f48bb7e1eb0>,22,17,[4 7],23,111,128,88,99
1,<environment.Job instance at 0x7f48bb7e1f00>,23,13,[5 7],24,111,124,87,99
1,<environment.Job instance at 0x7f48bb7e1c80>,26,19,[3 8],27,124,143,97,114
1,<environment.Job instance at 0x7f48bb8380f0>,29,16,[8 4],30,128,144,98,115
1,<environment.Job instance at 0x7f48bafb5410>,34,23,[6 4],35,143,166,108,137
1,<environment.Job instance at 0x7f48bade4b90>,36,17,[9 2],37,144,161,107,137
1,<environment.Job instance at 0x7f48bad89aa0>,37,16,[1 7],38,161,177,123,148
1,<environment.Job instance at 0x7f48bad4fa50>,0,12,[5 5],1,1,13,0,1
1,<environment.Job instance at 0x7f48bad4fd20>,3,18,[9 5],4,4,22,0,4
1,<environment.Job instance at 0x7f48bad4f640>,4,18,[1 7],5,13,31,8,5
1,<environment.Job instance at 0x7f48bad4f140>,9,16,[11  3],10,22,38,12,10
1,<environment.Job instance at 0x7f48bad4f870>,14,12,[4 7],15,31,43,16,15
1,<environment.Job instance at 0x7f48bad4f230>,10,14,[7 1],11,38,52,27,23
1,<environment.Job instance at 0x7f48bad4fe60>,19,19,[ 3 11],20,43,62,23,33
1,<environment.Job instance at 0x7f48bad3f4b0>,21,15,[13  3],22,62,77,40,48
1,<environment.Job instance at 0x7f48bad3fc30>,20,14,[3 7],21,77,91,56,62
1,<environment.Job instance at 0x7f48bad3f2d0>,22,28,[11  2],23,77,105,54,76
1,<environment.Job instance at 0x7f48bad3fbe0>,24,16,[ 4 10],25,91,107,66,78
1,<environment.Job instance at 0x7f48bad3f190>,32,13,[2 9],33,107,120,74,91
1,<environment.Job instance at 0x7f48bad3f410>,33,20,[4 9],34,120,140,86,111
1,<environment.Job instance at 0x7f48bad3f960>,34,12,[2 7],35,140,152,105,123
1,<environment.Job instance at 0x7f48bad3f870>,36,21,[10  5],37,124,145,87,124
1,<environment.Job instance at 0x7f48bad51280>,43,17,[5 9],44,152,169,108,140
1,<environment.Job instance at 0x7f48bad51b90>,44,17,[7 1],45,145,162,100,140
1,<environment.Job instance at 0x7f48bb51c870>,58,14,[3 6],59,162,176,103,147
1,<environment.Job instance at 0x7f48bb51cb40>,2,19,[7 3],3,3,22,0,3
1,<environment.Job instance at 0x7f48bb0af1e0>,5,18,[5 5],6,6,24,0,6
1,<environment.Job instance at 0x7f48bad8c190>,6,15,[2 6],7,7,22,0,7
1,<environment.Job instance at 0x7f48bb1264b0>,7,14,[8 4],8,22,36,14,8
1,<environment.Job instance at 0x7f48bb126230>,10,15,[5 2],11,24,39,13,11
1,<environment.Job instance at 0x7f48bb1265a0>,15,12,[12  2],16,39,51,23,23
1,<environment.Job instance at 0x7f48bb227b90>,16,12,[14  2],17,51,63,34,34
1,<environment.Job instance at 0x7f48bb126dc0>,14,21,[10  3],15,63,84,48,55
1,<environment.Job instance at 0x7f48bafbf690>,21,14,[5 3],22,63,77,41,55
1,<environment.Job instance at 0x7f48bafbfdc0>,24,20,[7 5],25,84,104,59,75
1,<environment.Job instance at 0x7f48bade82d0>,25,21,[4 8],26,77,98,51,75
1,<environment.Job instance at 0x7f48bb097730>,26,17,[5 4],27,98,115,71,86
1,<environment.Job instance at 0x7f48bade81e0>,27,20,[8 5],28,104,124,76,95
1,<environment.Job instance at 0x7f48bad501e0>,39,12,[5 5],40,115,127,75,98
1,<environment.Job instance at 0x7f48bb1872d0>,41,17,[5 4],42,124,141,82,112
1,<environment.Job instance at 0x7f48bb64b7d0>,44,16,[4 6],45,124,140,79,112
1,<environment.Job instance at 0x7f48bb0a3f50>,45,16,[1 9],46,140,156,94,127
1,<environment.Job instance at 0x7f48bb0a3050>,46,16,[7 2],47,140,156,93,127
1,<environment.Job instance at 0x7f48bb1b08c0>,50,15,[3 5],51,156,171,105,142
1,<environment.Job instance at 0x7f48bb1b0b40>,52,17,[5 5],53,156,173,103,144
1,<environment.Job instance at 0x7f48bb2e26e0>,64,13,[5 5],65,156,169,91,144
1,<environment.Job instance at 0x7f48bbd94af0>,0,14,[5 1],1,1,15,0,1
1,<environment.Job instance at 0x7f48bbd81a00>,4,14,[8 4],5,5,19,0,5
1,<environment.Job instance at 0x7f48bbd94eb0>,1,24,[2 6],2,6,30,4,6
1,<environment.Job instance at 0x7f48bbd818c0>,5,14,[11  2],6,19,33,13,6
1,<environment.Job instance at 0x7f48bbd81fa0>,8,14,[5 8],9,33,47,24,18
1,<environment.Job instance at 0x7f48bbd85230>,14,19,[3 6],15,30,49,15,20
1,<environment.Job instance at 0x7f48bbd85870>,16,15,[6 1],17,33,48,16,20
1,<environment.Job instance at 0x7f48bbd80960>,20,12,[2 8],21,47,59,26,30
1,<environment.Job instance at 0x7f48bbd80550>,21,13,[6 4],22,49,62,27,33
1,<environment.Job instance at 0x7f48bbd80b90>,24,13,[5 7],25,59,72,34,43
1,<environment.Job instance at 0x7f48bbd80d20>,26,14,[4 9],27,72,86,45,57
1,<environment.Job instance at 0x7f48bbd80c30>,27,18,[8 3],28,62,80,34,57
1,<environment.Job instance at 0x7f48bbd7f8c0>,28,12,[3 5],29,80,92,51,63
1,<environment.Job instance at 0x7f48bbd7ff50>,29,15,[1 8],30,86,101,56,72
1,<environment.Job instance at 0x7f48bbd95190>,32,20,[8 5],33,92,112,59,83
1,<environment.Job instance at 0x7f48bbd8cd70>,35,18,[3 7],36,101,119,65,90
1,<environment.Job instance at 0x7f48bbd8caf0>,37,18,[10  1],38,112,130,74,101
1,<environment.Job instance at 0x7f48bbd8c870>,38,20,[2 7],39,112,132,73,103
1,<environment.Job instance at 0x7f48bbd8cf50>,40,17,[5 2],41,130,147,89,118
1,<environment.Job instance at 0x7f48bbd8c0f0>,42,12,[6 2],43,130,142,87,118
1,<environment.Job instance at 0x7f48bbbd27d0>,45,16,[6 2],46,142,158,96,129
1,<environment.Job instance at 0x7f48bbaaf410>,46,16,[8 2],47,147,163,100,134
1,<environment.Job instance at 0x7f48bacdd0a0>,49,16,[7 4],50,158,174,108,145
1,<environment.Job instance at 0x7f48bac8a410>,52,12,[7 2],53,163,175,110,146
1,<environment.Job instance at 0x7f48bac8a820>,0,14,[ 4 13],1,1,15,0,1
1,<environment.Job instance at 0x7f48bb3c9140>,4,17,[13  4],5,15,32,10,6
1,<environment.Job instance at 0x7f48bb3c9320>,6,23,[9 1],7,32,55,25,29
1,<environment.Job instance at 0x7f48bb3c9f50>,9,15,[9 2],10,55,70,45,41
1,<environment.Job instance at 0x7f48bb3c9960>,10,14,[2 7],11,41,55,30,41
1,<environment.Job instance at 0x7f48bb3c9550>,11,14,[5 7],12,55,69,43,41
1,<environment.Job instance at 0x7f48bb3c9c30>,12,14,[12  1],13,70,84,57,55
1,<environment.Job instance at 0x7f48bb3c9eb0>,13,16,[6 2],14,84,100,70,71
1,<environment.Job instance at 0x7f48bb3c9a50>,14,25,[10  1],15,100,125,85,96
1,<environment.Job instance at 0x7f48bb3c9b40>,15,13,[ 5 11],16,96,109,80,96
1,<environment.Job instance at 0x7f48bb3c9730>,16,12,[ 3 14],17,109,121,92,96
1,<environment.Job instance at 0x7f48bb3c9690>,17,14,[2 9],18,121,135,103,111
1,<environment.Job instance at 0x7f48bb3c98c0>,18,13,[ 2 13],19,135,148,116,119
1,<environment.Job instance at 0x7f48bb3c94b0>,24,13,[4 5],25,148,161,123,132
1,<environment.Job instance at 0x7f48bac81320>,27,17,[8 3],28,148,165,120,142
1,<environment.Job instance at 0x7f48bb3c99b0>,25,20,[3 7],26,148,168,122,142
1,<environment.Job instance at 0x7f48bbafc2d0>,0,13,[ 1 12],1,1,14,0,1
1,<environment.Job instance at 0x7f48bbafccd0>,4,14,[4 8],5,14,28,9,5
1,<environment.Job instance at 0x7f48bbafc690>,8,13,[4 5],9,14,27,5,10
1,<environment.Job instance at 0x7f48bbd85140>,11,14,[10  4],12,27,41,15,12
1,<environment.Job instance at 0x7f48bbd85dc0>,13,20,[8 4],14,41,61,27,32
1,<environment.Job instance at 0x7f48bbd85190>,18,19,[6 5],19,41,60,22,33
1,<environment.Job instance at 0x7f48bbd85e60>,21,15,[2 7],22,60,75,38,46
1,<environment.Job instance at 0x7f48bbafc050>,9,14,[13  3],10,61,75,51,46
1,<environment.Job instance at 0x7f48bbd85af0>,22,17,[3 5],23,75,92,52,63
1,<environment.Job instance at 0x7f48bbd850a0>,23,16,[11  2],24,75,91,51,63
1,<environment.Job instance at 0x7f48bbd85c30>,31,21,[2 9],32,91,112,59,83
1,<environment.Job instance at 0x7f48bac58e60>,35,14,[10  1],36,91,105,55,83
1,<environment.Job instance at 0x7f48bac58e10>,36,12,[9 5],37,105,117,68,88
1,<environment.Job instance at 0x7f48bac587d0>,40,16,[5 4],41,112,128,71,99
1,<environment.Job instance at 0x7f48bac58a00>,41,18,[7 2],42,117,135,75,106
1,<environment.Job instance at 0x7f48bac580a0>,47,12,[7 2],48,128,140,80,111
1,<environment.Job instance at 0x7f48bb06ccd0>,52,19,[2 5],53,135,154,82,125
1,<environment.Job instance at 0x7f48bb06c690>,56,13,[8 4],57,140,153,83,125
1,<environment.Job instance at 0x7f48bb06c780>,57,17,[6 2],58,153,170,95,141
1,<environment.Job instance at 0x7f48bb06c0f0>,58,16,[6 5],59,153,169,94,141
1,<environment.Job instance at 0x7f48bb9464b0>,0,15,[ 3 13],1,1,16,0,1
1,<environment.Job instance at 0x7f48bb9e94b0>,4,18,[9 1],5,6,24,1,6
1,<environment.Job instance at 0x7f48bad9aeb0>,6,14,[5 7],7,16,30,9,7
1,<environment.Job instance at 0x7f48bad9aa00>,7,12,[3 8],8,24,36,16,8
1,<environment.Job instance at 0x7f48badafd70>,18,13,[2 9],19,36,49,17,20
1,<environment.Job instance at 0x7f48badaf140>,21,12,[6 3],22,30,42,8,22
1,<environment.Job instance at 0x7f48bc1f60f0>,23,21,[1 5],24,42,63,18,34
1,<environment.Job instance at 0x7f48bad7db40>,24,17,[5 1],25,34,51,9,34
1,<environment.Job instance at 0x7f48bbb3d730>,26,18,[11  4],27,51,69,24,40
1,<environment.Job instance at 0x7f48bb11ff00>,29,17,[7 5],30,69,86,39,57
1,<environment.Job instance at 0x7f48bad98d70>,34,12,[3 7],35,63,75,28,57
1,<environment.Job instance at 0x7f48bad98c80>,38,14,[5 7],39,75,89,36,60
1,<environment.Job instance at 0x7f48bb100910>,42,13,[9 3],43,86,99,43,70
1,<environment.Job instance at 0x7f48bb0fa370>,44,13,[5 5],45,89,102,44,73
1,<environment.Job instance at 0x7f48bad9a370>,5,17,[14  4],6,102,119,96,90
1,<environment.Job instance at 0x7f48bb127b40>,48,19,[14  2],49,119,138,70,109
1,<environment.Job instance at 0x7f48bad9d0f0>,49,20,[ 5 12],50,138,158,88,129
1,<environment.Job instance at 0x7f48bb118c80>,50,18,[14  1],51,158,176,107,147
1,<environment.Job instance at 0x7f48bb511500>,0,28,[5 5],1,1,29,0,1
1,<environment.Job instance at 0x7f48bb511370>,5,19,[3 8],6,7,26,1,7
1,<environment.Job instance at 0x7f48bc21db90>,10,14,[8 2],11,26,40,15,11
1,<environment.Job instance at 0x7f48bb511780>,12,12,[ 4 14],13,40,52,27,28
1,<environment.Job instance at 0x7f48bc21d500>,11,21,[9 5],12,52,73,40,44
1,<environment.Job instance at 0x7f48bc21d5f0>,15,13,[4 6],16,52,65,36,44
1,<environment.Job instance at 0x7f48bc21d230>,19,17,[10  4],20,73,90,53,61
1,<environment.Job instance at 0x7f48bc21dd70>,23,16,[3 5],24,65,81,41,61
1,<environment.Job instance at 0x7f48bb511f00>,6,18,[13  2],7,90,108,83,82
1,<environment.Job instance at 0x7f48bb118c80>,2,15,[13  2],3,108,123,105,95
1,<environment.Job instance at 0x7f48bbe3c320>,30,14,[9 5],31,123,137,92,110
1,<environment.Job instance at 0x7f48bc21d0a0>,28,21,[9 5],29,137,158,108,129
1,<environment.Job instance at 0x7f48bbe3cd70>,32,24,[1 5],33,129,153,96,129
1,<environment.Job instance at 0x7f48bc21d0f0>,13,18,[4 5],14,132,150,118,132
1,<environment.Job instance at 0x7f48bb0751e0>,3,14,[5 5],4,4,18,0,4
1,<environment.Job instance at 0x7f48bb07a2d0>,5,15,[14  1],6,18,33,12,8
1,<environment.Job instance at 0x7f48bb07a9b0>,7,12,[1 8],8,11,23,3,11
1,<environment.Job instance at 0x7f48bb095f50>,9,13,[8 2],10,33,46,23,17
1,<environment.Job instance at 0x7f48bb098aa0>,17,14,[ 3 10],18,33,47,15,19
1,<environment.Job instance at 0x7f48bb092410>,26,12,[9 3],27,46,58,19,29
1,<environment.Job instance at 0x7f48bbe37f00>,30,20,[2 8],31,47,67,16,39
1,<environment.Job instance at 0x7f48bb8335f0>,32,19,[5 5],33,58,77,25,48
1,<environment.Job instance at 0x7f48bb643690>,43,14,[7 3],44,67,81,23,52
1,<environment.Job instance at 0x7f48bb68bbe0>,48,19,[8 4],49,77,96,28,67
1,<environment.Job instance at 0x7f48bb6aaf50>,50,20,[3 6],51,81,101,30,72
1,<environment.Job instance at 0x7f48bb845f50>,57,19,[1 8],58,96,115,38,86
1,<environment.Job instance at 0x7f48bb6a78c0>,61,14,[5 1],62,96,110,34,86
1,<environment.Job instance at 0x7f48bb6a7690>,62,17,[5 5],63,101,118,38,89
1,<environment.Job instance at 0x7f48bb689910>,63,15,[5 5],64,115,130,51,101
1,<environment.Job instance at 0x7f48bb689aa0>,65,20,[6 5],66,118,138,52,109
1,<environment.Job instance at 0x7f48bb689780>,71,14,[5 5],72,130,144,58,115
1,<environment.Job instance at 0x7f48bb9535f0>,94,17,[5 9],95,138,155,43,126
1,<environment.Job instance at 0x7f48bb953690>,95,18,[6 1],96,144,162,48,133
1,<environment.Job instance at 0x7f48bb9537d0>,97,15,[4 9],98,155,170,57,142
1,<environment.Job instance at 0x7f48baf313c0>,0,18,[ 2 12],1,1,19,0,1
1,<environment.Job instance at 0x7f48baf31f00>,4,14,[9 3],5,5,19,0,5
1,<environment.Job instance at 0x7f48baf31140>,7,19,[11  2],8,19,38,11,9
1,<environment.Job instance at 0x7f48bb397e10>,16,18,[2 9],17,19,37,2,18
1,<environment.Job instance at 0x7f48bb397550>,18,16,[10  2],19,38,54,19,25
1,<environment.Job instance at 0x7f48bb397f00>,22,21,[5 4],23,38,59,15,30
1,<environment.Job instance at 0x7f48bb3975a0>,26,16,[8 1],27,54,70,27,41
1,<environment.Job instance at 0x7f48baf31320>,15,13,[3 5],16,59,72,43,44
1,<environment.Job instance at 0x7f48bb3977d0>,28,17,[4 8],29,59,76,30,47
1,<environment.Job instance at 0x7f48bb2609b0>,42,22,[1 8],43,76,98,33,69
1,<environment.Job instance at 0x7f48bb260780>,43,15,[3 7],44,72,87,28,69
1,<environment.Job instance at 0x7f48bb260f00>,44,15,[10  3],45,87,102,42,74
1,<environment.Job instance at 0x7f48bb397370>,29,18,[5 5],30,98,116,68,88
1,<environment.Job instance at 0x7f48bb3975f0>,17,20,[1 5],18,102,122,84,93
1,<environment.Job instance at 0x7f48bb2607d0>,50,20,[2 5],51,102,122,51,93
1,<environment.Job instance at 0x7f48bb260370>,51,21,[1 7],52,122,143,70,114
1,<environment.Job instance at 0x7f48bb953b40>,1,14,[9 3],2,116,130,114,114
1,<environment.Job instance at 0x7f48bb2606e0>,48,19,[9 2],49,130,149,81,120
1,<environment.Job instance at 0x7f48bb260410>,54,16,[9 2],55,149,165,94,136
1,<environment.Job instance at 0x7f48bb260c80>,49,25,[5 1],50,136,161,86,136
1,<environment.Job instance at 0x7f48bade4910>,61,12,[1 7],62,143,155,81,136
1,<environment.Job instance at 0x7f48baad11e0>,0,17,[ 3 14],1,1,18,0,1
1,<environment.Job instance at 0x7f48baad1af0>,1,15,[1 6],2,18,33,16,4
1,<environment.Job instance at 0x7f48baad1b40>,6,20,[9 3],7,18,38,11,9
1,<environment.Job instance at 0x7f48baf5fcd0>,13,16,[8 2],14,38,54,24,25
1,<environment.Job instance at 0x7f48baf5f7d0>,15,14,[7 1],16,38,52,22,25
1,<environment.Job instance at 0x7f48baf5fc30>,17,22,[2 6],18,52,74,34,45
1,<environment.Job instance at 0x7f48baf5f230>,18,17,[5 5],19,52,69,33,45
1,<environment.Job instance at 0x7f48baf5f820>,19,16,[5 5],20,69,85,49,56
1,<environment.Job instance at 0x7f48baf5f0a0>,20,20,[1 5],21,74,94,53,65
1,<environment.Job instance at 0x7f48baf5fe10>,21,23,[7 5],22,74,97,52,68
1,<environment.Job instance at 0x7f48baf5fd70>,22,17,[9 1],23,97,114,74,85
1,<environment.Job instance at 0x7f48baf5f410>,8,14,[12  4],9,114,128,105,100
1,<environment.Job instance at 0x7f48bad0dcd0>,28,18,[1 8],29,100,118,71,100
1,<environment.Job instance at 0x7f48bad0d320>,32,20,[3 5],33,118,138,85,109
1,<environment.Job instance at 0x7f48bad0d550>,33,18,[7 1],34,128,146,94,117
1,<environment.Job instance at 0x7f48bad0d910>,34,21,[8 2],35,138,159,103,130
1,<environment.Job instance at 0x7f48bad0da50>,36,18,[7 4],37,146,164,109,135
1,<environment.Job instance at 0x7f48baf5d0f0>,2,16,[6 1],3,3,19,0,3
1,<environment.Job instance at 0x7f48bad0d2d0>,4,14,[11  1],5,19,33,14,5
1,<environment.Job instance at 0x7f48bbed8730>,7,17,[4 8],8,8,25,0,8
1,<environment.Job instance at 0x7f48bbed85a0>,14,12,[7 4],15,33,45,18,17
1,<environment.Job instance at 0x7f48bbed8690>,9,14,[13  4],10,45,59,35,33
1,<environment.Job instance at 0x7f48bbed8140>,16,18,[12  1],17,59,77,42,48
1,<environment.Job instance at 0x7f48bbed8a00>,18,15,[3 6],19,59,74,40,48
1,<environment.Job instance at 0x7f48bbed8f50>,20,12,[13  2],21,77,89,56,62
1,<environment.Job instance at 0x7f48bbed8500>,25,16,[12  2],26,89,105,63,76
1,<environment.Job instance at 0x7f48bbed8e60>,24,18,[5 5],25,105,123,80,97
1,<environment.Job instance at 0x7f48c48a4820>,27,16,[5 6],28,105,121,77,97
1,<environment.Job instance at 0x7f48c48a4c30>,29,13,[14  3],30,123,136,93,107
1,<environment.Job instance at 0x7f48c48a4f50>,37,14,[ 5 11],38,136,150,98,121
1,<environment.Job instance at 0x7f48bbed8af0>,19,23,[9 1],20,136,159,116,134
1,<environment.Job instance at 0x7f48c48a46e0>,40,20,[5 5],41,150,170,109,141
1,<environment.Job instance at 0x7f48c48a42d0>,41,23,[1 5],42,150,173,108,144
1,<environment.Job instance at 0x7f48c48a4af0>,42,13,[6 3],43,159,172,116,144
1,<environment.Job instance at 0x7f48bb1584b0>,0,14,[ 5 12],1,1,15,0,1
1,<environment.Job instance at 0x7f48bb158e10>,1,16,[7 5],2,15,31,13,2
1,<environment.Job instance at 0x7f48bb00fdc0>,9,14,[3 7],10,15,29,5,12
1,<environment.Job instance at 0x7f48bb00fb90>,18,17,[3 5],19,29,46,10,19
1,<environment.Job instance at 0x7f48bb00f730>,10,18,[1 5],11,29,47,18,25
1,<environment.Job instance at 0x7f48bb00f5f0>,6,13,[5 5],7,41,54,34,41
1,<environment.Job instance at 0x7f48c48a4af0>,3,27,[1 8],4,47,74,43,45
1,<environment.Job instance at 0x7f48bb2fb2d0>,24,13,[10  4],25,54,67,29,45
1,<environment.Job instance at 0x7f48bb2fb6e0>,21,21,[6 2],22,67,88,45,60
1,<environment.Job instance at 0x7f48bb83b730>,2,26,[ 3 10],3,74,100,71,71
1,<environment.Job instance at 0x7f48bb2fb0a0>,29,22,[4 8],30,100,122,70,93
1,<environment.Job instance at 0x7f48bb2fbe10>,30,16,[ 4 11],31,122,138,91,109
1,<environment.Job instance at 0x7f48bb2fb4b0>,28,12,[8 1],29,109,121,80,109
1,<environment.Job instance at 0x7f48bb2fb0f0>,37,14,[5 6],38,138,152,100,123
1,<environment.Job instance at 0x7f48bb4e9190>,41,12,[7 5],42,138,150,96,123
1,<environment.Job instance at 0x7f48bb4e9be0>,44,16,[10  5],45,150,166,105,137
1,<environment.Job instance at 0x7f48bb8f6c30>,0,17,[ 2 12],1,1,18,0,1
1,<environment.Job instance at 0x7f48bb8f6d70>,3,16,[3 8],4,18,34,14,5
1,<environment.Job instance at 0x7f48bb8f6370>,5,12,[7 2],6,6,18,0,6
1,<environment.Job instance at 0x7f48bb8f6b40>,8,21,[10  1],9,18,39,9,14
1,<environment.Job instance at 0x7f48bb881c30>,11,19,[5 5],12,34,53,22,24
1,<environment.Job instance at 0x7f48bb881b40>,12,16,[4 6],13,39,55,26,26
1,<environment.Job instance at 0x7f48bb881a00>,21,13,[3 5],22,53,66,31,37
1,<environment.Job instance at 0x7f48bb881280>,23,13,[6 2],24,39,52,15,37
1,<environment.Job instance at 0x7f48bb881eb0>,25,14,[2 9],26,55,69,29,40
1,<environment.Job instance at 0x7f48baad7190>,28,16,[5 4],29,66,82,37,53
1,<environment.Job instance at 0x7f48baad7320>,30,14,[5 2],31,66,80,35,53
1,<environment.Job instance at 0x7f48baad75f0>,36,21,[3 8],37,69,90,32,61
1,<environment.Job instance at 0x7f48baad75a0>,38,18,[4 6],39,82,100,43,71
1,<environment.Job instance at 0x7f48baad7aa0>,40,12,[5 5],41,90,102,49,73
1,<environment.Job instance at 0x7f48baad76e0>,42,16,[4 9],43,100,116,57,87
1,<environment.Job instance at 0x7f48baad7960>,46,13,[8 2],47,102,115,55,87
1,<environment.Job instance at 0x7f48baad7c80>,49,14,[5 6],50,115,129,65,100
1,<environment.Job instance at 0x7f48bad0ddc0>,51,15,[9 3],52,116,131,64,102
1,<environment.Job instance at 0x7f48bad0dcd0>,57,13,[5 6],58,129,142,71,113
1,<environment.Job instance at 0x7f48bad0d140>,58,16,[9 3],59,131,147,72,118
1,<environment.Job instance at 0x7f48bad0de10>,61,14,[5 8],62,142,156,80,127
1,<environment.Job instance at 0x7f48bad0d7d0>,63,17,[7 1],64,147,164,83,135
1,<environment.Job instance at 0x7f48bad0d190>,65,12,[4 5],66,156,168,90,139
1,<environment.Job instance at 0x7f48bc2171e0>,2,13,[12  4],3,3,16,0,3
1,<environment.Job instance at 0x7f48bb009370>,3,19,[2 7],4,4,23,0,4
1,<environment.Job instance at 0x7f48bbb7df50>,5,18,[2 6],6,16,34,10,6
1,<environment.Job instance at 0x7f48bbb7d690>,9,14,[13  2],10,23,37,13,10
1,<environment.Job instance at 0x7f48bbb7d2d0>,8,13,[14  2],9,37,50,28,21
1,<environment.Job instance at 0x7f48bbb7dd70>,6,16,[5 6],7,50,66,43,37
1,<environment.Job instance at 0x7f48bbb7de10>,11,13,[7 2],12,50,63,38,37
1,<environment.Job instance at 0x7f48bbb7d460>,14,15,[5 5],15,63,78,48,49
1,<environment.Job instance at 0x7f48bbb7d730>,18,20,[3 6],19,66,86,47,57
1,<environment.Job instance at 0x7f48bbb7d050>,19,17,[10  4],20,78,95,58,66
1,<environment.Job instance at 0x7f48bbe651e0>,22,21,[10  4],23,95,116,72,87
1,<environment.Job instance at 0x7f48bbe658c0>,25,20,[8 3],26,116,136,90,107
1,<environment.Job instance at 0x7f48bbe65230>,26,12,[5 7],27,107,119,80,107
1,<environment.Job instance at 0x7f48bbe65320>,29,19,[2 8],30,119,138,89,109
1,<environment.Job instance at 0x7f48bbe657d0>,31,16,[5 7],32,136,152,104,123
1,<environment.Job instance at 0x7f48bbe65050>,34,17,[1 7],35,138,155,103,126
1,<environment.Job instance at 0x7f48bb789870>,37,15,[1 9],38,155,170,117,141
1,<environment.Job instance at 0x7f48bb7895f0>,42,19,[10  5],43,152,171,109,149
1,<environment.Job instance at 0x7f48bb789aa0>,2,23,[2 8],3,3,26,0,3
1,<environment.Job instance at 0x7f48bc216690>,3,21,[8 5],4,4,25,0,4
1,<environment.Job instance at 0x7f48bc216190>,9,18,[6 2],10,25,43,15,15
1,<environment.Job instance at 0x7f48bc216140>,10,21,[9 1],11,26,47,15,18
1,<environment.Job instance at 0x7f48bb56ad20>,15,21,[ 5 13],16,43,64,27,35
1,<environment.Job instance at 0x7f48bb56a9b0>,14,19,[4 9],15,64,83,49,54
1,<environment.Job instance at 0x7f48bb56a5f0>,20,21,[1 5],21,64,85,43,56
1,<environment.Job instance at 0x7f48bb56abe0>,23,16,[2 8],24,83,99,59,70
1,<environment.Job instance at 0x7f48bb56a1e0>,26,17,[1 8],27,99,116,72,88
1,<environment.Job instance at 0x7f48bb98ccd0>,34,16,[3 7],35,88,104,53,88
1,<environment.Job instance at 0x7f48bb5c7370>,38,18,[1 5],39,104,122,65,94
1,<environment.Job instance at 0x7f48bb5c7af0>,39,17,[5 5],40,116,133,76,104
1,<environment.Job instance at 0x7f48bb5c7d70>,40,12,[5 5],41,116,128,75,104
1,<environment.Job instance at 0x7f48bb5c70a0>,47,14,[8 4],48,128,142,80,113
1,<environment.Job instance at 0x7f48bb5c7be0>,48,15,[3 5],49,133,148,84,119
1,<environment.Job instance at 0x7f48bb27eb90>,50,12,[5 5],51,142,154,91,125
1,<environment.Job instance at 0x7f48bb27eaa0>,53,15,[7 3],54,142,157,88,128
1,<environment.Job instance at 0x7f48bbb5e4b0>,60,18,[4 5],61,154,172,93,143
1,<environment.Job instance at 0x7f48bbb5e8c0>,62,13,[1 6],63,148,161,85,144
1,<environment.Job instance at 0x7f48bbb5e5f0>,64,15,[7 2],65,157,172,92,144
1,<environment.Job instance at 0x7f48bbb5e9b0>,71,14,[3 8],72,161,175,89,147
1,<environment.Job instance at 0x7f48bb7f19b0>,0,19,[5 5],1,1,20,0,1
1,<environment.Job instance at 0x7f48bb7e1050>,3,15,[ 5 10],4,4,19,0,4
1,<environment.Job instance at 0x7f48bb7e1460>,4,14,[12  4],5,20,34,15,5
1,<environment.Job instance at 0x7f48bb7e1280>,8,13,[2 8],9,19,32,10,13
1,<environment.Job instance at 0x7f48bb7e1e60>,6,17,[8 5],7,34,51,27,29
1,<environment.Job instance at 0x7f48bbcf0500>,11,23,[5 2],12,34,57,22,31
1,<environment.Job instance at 0x7f48bab6d190>,21,17,[2 8],22,35,52,13,35
1,<environment.Job instance at 0x7f48bab6d280>,23,18,[6 3],24,51,69,27,40
1,<environment.Job instance at 0x7f48bc170f50>,30,13,[6 2],31,57,70,26,41
1,<environment.Job instance at 0x7f48bbf99820>,37,19,[5 3],38,69,88,31,59
1,<environment.Job instance at 0x7f48bb7e10f0>,9,24,[12  3],10,88,112,78,83
1,<environment.Job instance at 0x7f48bab35f50>,40,21,[ 1 10],41,95,116,54,95
1,<environment.Job instance at 0x7f48bb24e370>,42,16,[8 3],43,112,128,69,99
1,<environment.Job instance at 0x7f48bbed10f0>,39,15,[6 3],40,116,131,76,102
1,<environment.Job instance at 0x7f48bab355a0>,44,16,[4 8],45,128,144,83,115
1,<environment.Job instance at 0x7f48bab35370>,47,12,[1 9],48,116,128,68,115
1,<environment.Job instance at 0x7f48bab35a50>,48,16,[9 4],49,131,147,82,118
1,<environment.Job instance at 0x7f48bab356e0>,57,16,[2 6],58,144,160,86,131
1,<environment.Job instance at 0x7f48bb7ee460>,60,20,[5 2],61,147,167,86,138
1,<environment.Job instance at 0x7f48bab40a50>,62,15,[8 3],63,147,162,84,138
1,<environment.Job instance at 0x7f48bab409b0>,65,16,[2 5],66,160,176,94,147
1,<environment.Job instance at 0x7f48bb543460>,0,12,[ 3 11],1,1,13,0,1
1,<environment.Job instance at 0x7f48ba9181e0>,2,18,[11  4],3,3,21,0,3
1,<environment.Job instance at 0x7f48bb543640>,6,12,[7 2],7,21,33,14,8
1,<environment.Job instance at 0x7f48bb5432d0>,11,16,[9 2],12,33,49,21,20
1,<environment.Job instance at 0x7f48bb543410>,13,16,[5 3],14,21,37,7,20
1,<environment.Job instance at 0x7f48bb543780>,15,16,[1 9],16,20,36,4,20
1,<environment.Job instance at 0x7f48bb543af0>,19,19,[7 5],20,49,68,29,39
1,<environment.Job instance at 0x7f48bb543be0>,7,20,[2 6],8,43,63,35,43
1,<environment.Job instance at 0x7f48bb543eb0>,12,21,[ 4 12],13,68,89,55,60
1,<environment.Job instance at 0x7f48bc285e10>,23,21,[1 6],24,89,110,65,81
1,<environment.Job instance at 0x7f48bc285b40>,24,18,[7 2],25,81,99,56,81
1,<environment.Job instance at 0x7f48bc2858c0>,25,26,[12  1],26,99,125,73,96
1,<environment.Job instance at 0x7f48bc285dc0>,26,17,[2 7],27,96,113,69,96
1,<environment.Job instance at 0x7f48bc2859b0>,27,16,[5 3],28,125,141,97,112
1,<environment.Job instance at 0x7f48bc285a50>,28,12,[5 4],29,125,137,96,112
1,<environment.Job instance at 0x7f48bc2857d0>,29,22,[2 6],30,113,135,83,112
1,<environment.Job instance at 0x7f48bc285320>,30,27,[ 4 12],31,137,164,106,135
1,<environment.Job instance at 0x7f48bc2853c0>,31,28,[11  3],32,141,169,109,140
1,<environment.Job instance at 0x7f48bbbbc6e0>,0,15,[7 3],1,1,16,0,1
1,<environment.Job instance at 0x7f48bc2853c0>,2,15,[8 2],3,3,18,0,3
1,<environment.Job instance at 0x7f48baef82d0>,10,17,[11  4],11,18,35,7,12
1,<environment.Job instance at 0x7f48baeff280>,12,16,[5 9],13,35,51,22,22
1,<environment.Job instance at 0x7f48baef8b90>,13,17,[2 5],14,22,39,8,22
1,<environment.Job instance at 0x7f48baeff0a0>,15,17,[1 5],16,39,56,23,27
1,<environment.Job instance at 0x7f48baeff3c0>,17,19,[5 9],18,51,70,33,41
1,<environment.Job instance at 0x7f48baeff460>,18,18,[6 2],19,56,74,37,45
1,<environment.Job instance at 0x7f48baeff500>,19,20,[5 8],20,70,90,50,61
1,<environment.Job instance at 0x7f48baeff640>,21,17,[7 5],22,74,91,52,62
1,<environment.Job instance at 0x7f48baeffd20>,29,13,[4 9],30,90,103,60,74
1,<environment.Job instance at 0x7f48baeffeb0>,31,16,[10  4],32,91,107,59,78
1,<environment.Job instance at 0x7f48baefff50>,32,17,[1 6],33,103,120,70,91
1,<environment.Job instance at 0x7f48baf172d0>,37,13,[5 5],38,107,120,69,91
1,<environment.Job instance at 0x7f48baf17410>,39,16,[9 2],40,107,123,67,94
1,<environment.Job instance at 0x7f48baef8320>,11,22,[3 8],12,120,142,108,114
1,<environment.Job instance at 0x7f48baf17640>,42,12,[9 2],43,123,135,80,114
1,<environment.Job instance at 0x7f48baf175a0>,41,21,[10  4],42,135,156,93,127
1,<environment.Job instance at 0x7f48baf17500>,46,17,[10  2],47,156,173,109,144
1,<environment.Job instance at 0x7f48baf17820>,48,25,[1 6],49,144,169,95,144
1,<environment.Job instance at 0x7f749254d230>,0,17,[6 1],1,1,18,0,1
1,<environment.Job instance at 0x7f749254d320>,2,20,[7 4],3,3,23,0,3
1,<environment.Job instance at 0x7f7488dd5a00>,10,15,[5 1],11,18,33,7,11
1,<environment.Job instance at 0x7f7488dd5aa0>,11,15,[6 1],12,23,38,11,12
1,<environment.Job instance at 0x7f7488dd8280>,22,13,[7 4],23,33,46,10,23
1,<environment.Job instance at 0x7f7488dd8460>,24,20,[4 6],25,38,58,13,29
1,<environment.Job instance at 0x7f7488dd8500>,26,12,[8 5],27,46,58,19,29
1,<environment.Job instance at 0x7f7488dd89b0>,32,17,[9 3],33,58,75,25,46
1,<environment.Job instance at 0x7f7488dd8be0>,35,16,[1 9],36,58,74,22,46
1,<environment.Job instance at 0x7f7488dd8c80>,36,20,[7 5],37,75,95,38,66
1,<environment.Job instance at 0x7f7488dd8e60>,39,18,[9 4],40,95,113,55,84
1,<environment.Job instance at 0x7f7488dd8fa0>,41,12,[8 3],42,113,125,71,96
1,<environment.Job instance at 0x7f7488ddb140>,43,16,[1 8],44,96,112,52,96
1,<environment.Job instance at 0x7f7488ddb3c0>,46,14,[6 5],47,112,126,65,97
1,<environment.Job instance at 0x7f7488ddb550>,49,13,[1 5],50,113,126,63,97
1,<environment.Job instance at 0x7f7488ddb6e0>,51,13,[5 6],52,126,139,74,110
1,<environment.Job instance at 0x7f7488ddb820>,53,17,[7 4],54,125,142,71,113
1,<environment.Job instance at 0x7f7488ddb5a0>,54,13,[7 3],55,139,152,84,123
1,<environment.Job instance at 0x7f7488ddb960>,56,21,[8 4],57,142,163,85,135
1,<environment.Job instance at 0x7f7488ddbb40>,59,19,[1 7],60,152,171,92,142
1,<environment.Job instance at 0x7f7488ddbdc0>,63,12,[5 3],64,152,164,88,142
1,<environment.Job instance at 0x7f7488ddc140>,67,18,[9 4],68,163,181,95,152
1,<environment.Job instance at 0x7f7488ddc3c0>,2,19,[2 5],3,3,22,0,3
1,<environment.Job instance at 0x7f7488528730>,0,26,[5 4],1,3,29,2,3
1,<environment.Job instance at 0x7f748924fc30>,8,14,[6 3],9,9,23,0,9
1,<environment.Job instance at 0x7f74892d5870>,11,14,[ 5 10],12,23,37,11,12
1,<environment.Job instance at 0x7f74892d54b0>,13,13,[5 7],14,37,50,23,22
1,<environment.Job instance at 0x7f74892d5050>,15,24,[3 7],16,37,61,21,32
1,<environment.Job instance at 0x7f74892d55f0>,17,17,[11  1],18,50,67,32,38
1,<environment.Job instance at 0x7f74892d59b0>,18,27,[ 3 13],19,61,88,42,59
1,<environment.Job instance at 0x7f74892d5460>,19,16,[8 4],20,88,104,68,75
1,<environment.Job instance at 0x7f7488954050>,20,26,[3 9],21,88,114,67,85
1,<environment.Job instance at 0x7f74892d5d20>,16,19,[3 8],17,114,133,97,104
1,<environment.Job instance at 0x7f74884a12d0>,26,17,[9 2],27,104,121,77,104
1,<environment.Job instance at 0x7f7488881e10>,27,16,[1 7],28,121,137,93,110
1,<environment.Job instance at 0x7f74888349b0>,32,20,[7 5],33,133,153,100,124
1,<environment.Job instance at 0x7f748848e140>,33,15,[9 5],34,153,168,119,139
1,<environment.Job instance at 0x7f7488520aa0>,0,14,[3 7],1,1,15,0,1
1,<environment.Job instance at 0x7f7488484cd0>,4,16,[ 4 10],5,15,31,10,5
1,<environment.Job instance at 0x7f7488484eb0>,12,13,[2 9],13,31,44,18,15
1,<environment.Job instance at 0x7f7488484af0>,14,12,[2 7],15,44,56,29,27
1,<environment.Job instance at 0x7f7488484640>,16,21,[10  5],17,27,48,10,27
1,<environment.Job instance at 0x7f7488484c30>,23,17,[5 9],24,56,73,32,44
1,<environment.Job instance at 0x7f7488484140>,24,17,[7 1],25,48,65,23,44
1,<environment.Job instance at 0x7f74884eb230>,38,14,[3 6],39,65,79,26,50
1,<environment.Job instance at 0x7f74884ebe60>,39,12,[6 4],40,73,85,33,56
1,<environment.Job instance at 0x7f74894ff7d0>,48,16,[5 2],49,73,89,24,60
1,<environment.Job instance at 0x7f74894ffdc0>,49,22,[2 5],50,79,101,29,72
1,<environment.Job instance at 0x7f748994ebe0>,55,13,[5 5],56,85,98,29,72
1,<environment.Job instance at 0x7f748994e870>,56,20,[7 1],57,89,109,32,80
1,<environment.Job instance at 0x7f74892f6a00>,61,20,[5 5],62,98,118,36,89
1,<environment.Job instance at 0x7f74892f6af0>,65,17,[7 4],66,109,126,43,97
1,<environment.Job instance at 0x7f74892f6b90>,67,19,[3 8],68,118,137,50,109
1,<environment.Job instance at 0x7f74892f6550>,69,13,[1 7],70,126,139,56,110
1,<environment.Job instance at 0x7f7489a0f050>,72,18,[10  5],73,137,155,64,126
1,<environment.Job instance at 0x7f7488b85a50>,79,16,[4 5],80,139,155,59,126
1,<environment.Job instance at 0x7f7488a044b0>,82,14,[4 5],83,155,169,72,140
1,<environment.Job instance at 0x7f74925efc30>,85,13,[5 6],86,155,168,69,140
1,<environment.Job instance at 0x7f74884dee60>,98,18,[5 5],99,168,186,69,157
1,<environment.Job instance at 0x7f74885275f0>,109,13,[6 2],110,157,170,47,157
1,<environment.Job instance at 0x7f7488527410>,111,12,[7 5],112,170,182,58,157
1,<environment.Job instance at 0x7f7488913870>,9,12,[5 5],10,10,22,0,10
1,<environment.Job instance at 0x7f7488dc2b40>,11,17,[5 4],12,12,29,0,12
1,<environment.Job instance at 0x7f7488772050>,14,16,[4 6],15,15,31,0,15
1,<environment.Job instance at 0x7f7488e2c4b0>,15,16,[1 9],16,29,45,13,16
1,<environment.Job instance at 0x7f7488772e10>,16,16,[7 2],17,31,47,14,18
1,<environment.Job instance at 0x7f74888fd3c0>,20,15,[3 5],21,45,60,24,31
1,<environment.Job instance at 0x7f74892030f0>,34,13,[5 5],35,45,58,10,35
1,<environment.Job instance at 0x7f7488772820>,18,23,[6 4],19,47,70,28,42
1,<environment.Job instance at 0x7f74887efaa0>,36,18,[6 3],37,58,76,21,47
1,<environment.Job instance at 0x7f7488de44b0>,40,14,[9 5],41,70,84,29,57
1,<environment.Job instance at 0x7f74888fdfa0>,22,17,[5 5],23,76,93,53,64
1,<environment.Job instance at 0x7f7488de4910>,43,19,[7 5],44,84,103,40,74
1,<environment.Job instance at 0x7f74888e1820>,44,25,[ 4 10],45,93,118,48,89
1,<environment.Job instance at 0x7f7488823640>,0,18,[11  2],1,103,121,102,96
1,<environment.Job instance at 0x7f74888e1910>,48,15,[1 7],49,118,133,69,104
1,<environment.Job instance at 0x7f7489203370>,37,16,[9 4],38,121,137,83,110
1,<environment.Job instance at 0x7f74887dbb90>,49,14,[7 2],50,137,151,87,122
1,<environment.Job instance at 0x7f74887e0a50>,65,19,[5 7],66,133,152,67,131
1,<environment.Job instance at 0x7f7488a27910>,100,18,[7 5],101,151,169,50,140
1,<environment.Job instance at 0x7f74888db500>,124,14,[8 4],125,152,166,27,142
1,<environment.Job instance at 0x7f74888db140>,128,14,[5 8],129,166,180,37,151
1,<environment.Job instance at 0x7f74891e57d0>,0,17,[5 2],1,1,18,0,1
1,<environment.Job instance at 0x7f74891e5780>,2,12,[6 2],3,3,15,0,3
1,<environment.Job instance at 0x7f74891e55f0>,1,18,[4 9],2,3,21,1,3
1,<environment.Job instance at 0x7f74891fd870>,5,16,[6 2],6,15,31,9,6
1,<environment.Job instance at 0x7f74891fd550>,9,16,[7 4],10,21,37,11,10
1,<environment.Job instance at 0x7f7488bc4190>,12,12,[7 2],13,31,43,18,14
1,<environment.Job instance at 0x7f7488bc4500>,15,18,[ 2 10],16,37,55,21,28
1,<environment.Job instance at 0x7f74891e5280>,3,23,[1 5],4,43,66,39,37
1,<environment.Job instance at 0x7f74891fdeb0>,8,14,[14  5],9,55,69,46,44
1,<environment.Job instance at 0x7f7488bc4f00>,21,14,[14  2],22,69,83,47,56
1,<environment.Job instance at 0x7f7488bc4fa0>,23,12,[9 1],24,83,95,59,66
1,<environment.Job instance at 0x7f74891fd370>,6,16,[8 2],7,95,111,88,82
1,<environment.Job instance at 0x7f7488bb6050>,27,15,[ 5 12],28,83,98,55,82
1,<environment.Job instance at 0x7f74891eaeb0>,32,16,[5 4],33,98,114,65,85
1,<environment.Job instance at 0x7f7488c62870>,38,14,[6 5],39,111,125,72,96
1,<environment.Job instance at 0x7f74883c7d20>,49,17,[8 4],50,114,131,64,102
1,<environment.Job instance at 0x7f74883c79b0>,51,15,[ 2 12],52,131,146,79,117
1,<environment.Job instance at 0x7f74883bb5a0>,53,21,[8 3],54,131,152,77,125
1,<environment.Job instance at 0x7f74883c73c0>,50,16,[1 7],51,146,162,95,142
1,<environment.Job instance at 0x7f7488bc4410>,22,25,[8 5],23,152,177,129,149
1,<environment.Job instance at 0x7f74883d5320>,60,15,[5 5],61,162,177,101,149
1,<environment.Job instance at 0x7f748842d820>,1,15,[5 4],2,2,17,0,2
1,<environment.Job instance at 0x7f748842df00>,6,14,[7 3],7,7,21,0,7
1,<environment.Job instance at 0x7f748841d050>,15,12,[5 5],16,17,29,1,16
1,<environment.Job instance at 0x7f748841d0f0>,17,19,[1 8],18,21,40,3,18
1,<environment.Job instance at 0x7f748842db90>,19,17,[8 3],20,29,46,9,20
1,<environment.Job instance at 0x7f748841da00>,21,14,[8 3],22,46,60,24,31
1,<environment.Job instance at 0x7f748841d550>,18,20,[7 4],19,40,60,21,31
1,<environment.Job instance at 0x7f748841daf0>,22,13,[10  5],23,60,73,37,44
1,<environment.Job instance at 0x7f7488b168c0>,32,19,[3 6],33,60,79,27,54
1,<environment.Job instance at 0x7f7488b16140>,40,18,[7 4],41,73,91,32,62
1,<environment.Job instance at 0x7f7488b167d0>,33,21,[11  2],34,91,112,57,83
1,<environment.Job instance at 0x7f7488b0a6e0>,47,26,[14  5],48,112,138,64,109
1,<environment.Job instance at 0x7f7488b16230>,46,20,[2 9],47,138,158,91,132
1,<environment.Job instance at 0x7f7488b0aa00>,54,20,[5 3],55,138,158,83,132
1,<environment.Job instance at 0x7f7488b0abe0>,60,16,[6 3],61,138,154,77,132
1,<environment.Job instance at 0x7f7488b16410>,31,14,[13  2],32,158,172,126,143
1,<environment.Job instance at 0x7f74885e35a0>,0,19,[4 5],1,1,20,0,1
1,<environment.Job instance at 0x7f7488fd2280>,2,16,[6 3],3,3,19,0,3
1,<environment.Job instance at 0x7f7491f6e140>,4,21,[5 4],5,5,26,0,5
1,<environment.Job instance at 0x7f7488e248c0>,5,16,[6 4],6,19,35,13,6
1,<environment.Job instance at 0x7f7492185910>,9,12,[5 4],10,26,38,16,11
1,<environment.Job instance at 0x7f74895d9690>,11,13,[9 3],12,35,48,23,22
1,<environment.Job instance at 0x7f7492185e10>,12,14,[8 4],13,48,62,35,34
1,<environment.Job instance at 0x7f74895d9b90>,16,16,[7 5],17,48,64,31,38
1,<environment.Job instance at 0x7f74895d9050>,20,15,[9 1],21,64,79,43,50
1,<environment.Job instance at 0x7f7488e24a00>,10,25,[ 4 10],11,62,87,51,58
1,<environment.Job instance at 0x7f74895c47d0>,23,24,[9 1],24,79,103,55,74
1,<environment.Job instance at 0x7f74895c4a00>,27,23,[9 5],28,103,126,75,97
1,<environment.Job instance at 0x7f74895c4910>,28,27,[ 5 12],29,126,153,97,124
1,<environment.Job instance at 0x7f7488e247d0>,6,22,[7 2],7,126,148,119,124
1,<environment.Job instance at 0x7f7489793e60>,31,13,[5 2],32,148,161,116,132
1,<environment.Job instance at 0x7f74895c4eb0>,29,21,[7 5],30,153,174,123,145
1,<environment.Job instance at 0x7f7489793050>,33,27,[1 7],34,153,180,119,151
1,<environment.Job instance at 0x7f7489793320>,34,18,[6 3],35,161,179,126,151
1,<environment.Job instance at 0x7f7489477140>,0,19,[5 2],1,1,20,0,1
1,<environment.Job instance at 0x7f7489793320>,2,17,[6 5],3,3,20,0,3
1,<environment.Job instance at 0x7f74897e4690>,6,16,[ 4 13],7,20,36,13,7
1,<environment.Job instance at 0x7f74897e42d0>,7,17,[11  3],8,36,53,28,24
1,<environment.Job instance at 0x7f74897e4e10>,8,23,[11  2],9,53,76,44,47
1,<environment.Job instance at 0x7f74897e4870>,9,18,[2 5],10,47,65,37,47
1,<environment.Job instance at 0x7f74897e4af0>,10,20,[13  2],11,76,96,65,67
1,<environment.Job instance at 0x7f74897e4780>,11,21,[2 6],12,67,88,55,67
1,<environment.Job instance at 0x7f74897e4eb0>,15,15,[9 4],16,96,111,80,90
1,<environment.Job instance at 0x7f748980e5f0>,16,15,[4 7],17,96,111,79,90
1,<environment.Job instance at 0x7f7489806820>,20,18,[5 5],21,111,129,90,100
1,<environment.Job instance at 0x7f74898060a0>,27,15,[8 2],28,111,126,83,100
1,<environment.Job instance at 0x7f7488854d70>,31,16,[8 3],32,126,142,94,113
1,<environment.Job instance at 0x7f7488e13c30>,32,16,[4 6],33,129,145,96,116
1,<environment.Job instance at 0x7f7488861730>,38,17,[3 8],39,142,159,103,130
1,<environment.Job instance at 0x7f74894e83c0>,40,16,[3 7],41,145,161,104,132
1,<environment.Job instance at 0x7f7489504550>,41,18,[5 5],42,159,177,117,148
1,<environment.Job instance at 0x7f74895115a0>,42,14,[5 7],43,161,175,118,148
1,<environment.Job instance at 0x7f7488aa0f50>,0,23,[5 5],1,1,24,0,1
1,<environment.Job instance at 0x7f7488e0a5f0>,2,25,[2 8],3,3,28,0,3
1,<environment.Job instance at 0x7f7488aa0eb0>,9,18,[11  1],10,24,42,14,13
1,<environment.Job instance at 0x7f7488aa0960>,8,16,[4 8],9,31,47,22,31
1,<environment.Job instance at 0x7f7488aa0730>,10,18,[10  3],11,42,60,31,31
1,<environment.Job instance at 0x7f7488aa0c30>,15,25,[ 5 12],16,47,72,31,43
1,<environment.Job instance at 0x7f748847bf50>,16,24,[7 4],17,72,96,55,67
1,<environment.Job instance at 0x7f7488aa0050>,14,18,[7 4],15,81,99,66,81
1,<environment.Job instance at 0x7f748847b820>,18,15,[1 5],19,81,96,62,81
1,<environment.Job instance at 0x7f748847b230>,17,21,[10  1],18,99,120,81,91
1,<environment.Job instance at 0x7f748847b050>,25,18,[ 1 12],26,99,117,73,91
1,<environment.Job instance at 0x7f748847b6e0>,26,17,[10  5],27,120,137,93,108
1,<environment.Job instance at 0x7f748847b2d0>,27,14,[12  5],28,137,151,109,122
1,<environment.Job instance at 0x7f748847bdc0>,28,21,[1 5],29,122,143,93,122
1,<environment.Job instance at 0x7f7488a96780>,29,17,[1 7],30,143,160,113,131
1,<environment.Job instance at 0x7f7488a96820>,30,25,[8 3],31,151,176,120,147
1,<environment.Job instance at 0x7f7488aa05a0>,3,13,[7 3],4,160,173,156,147
1,<environment.Job instance at 0x7f7488d00dc0>,1,18,[11  1],2,2,20,0,2
1,<environment.Job instance at 0x7f74887156e0>,7,15,[4 9],8,8,23,0,8
1,<environment.Job instance at 0x7f7488aa05a0>,5,18,[6 1],6,20,38,14,9
1,<environment.Job instance at 0x7f74893135f0>,10,12,[5 9],11,23,35,12,11
1,<environment.Job instance at 0x7f7488720550>,12,17,[6 3],13,35,52,22,23
1,<environment.Job instance at 0x7f74887154b0>,13,12,[4 8],14,38,50,24,23
1,<environment.Job instance at 0x7f7488715730>,8,22,[ 4 13],9,52,74,43,45
1,<environment.Job instance at 0x7f748872e280>,18,28,[5 1],19,45,73,26,45
1,<environment.Job instance at 0x7f748872eb90>,19,28,[1 9],20,74,102,54,73
1,<environment.Job instance at 0x7f748872e1e0>,20,12,[5 7],21,102,114,81,85
1,<environment.Job instance at 0x7f748871d0f0>,21,18,[6 5],22,85,103,63,85
1,<environment.Job instance at 0x7f748871de60>,22,17,[8 5],23,103,120,80,91
1,<environment.Job instance at 0x7f748871d550>,23,13,[10  5],24,120,133,96,104
1,<environment.Job instance at 0x7f748871dcd0>,24,15,[ 5 12],25,133,148,108,119
1,<environment.Job instance at 0x7f748871de10>,25,16,[5 8],26,148,164,122,135
1,<environment.Job instance at 0x7f7488715230>,4,17,[5 9],5,164,181,159,155
1,<environment.Job instance at 0x7f748871d9b0>,27,12,[3 5],28,155,167,127,155
1,<environment.Job instance at 0x7f748871d320>,29,14,[6 2],30,167,181,137,155
1,<environment.Job instance at 0x7f7488691dc0>,2,21,[4 7],3,3,24,0,3
1,<environment.Job instance at 0x7f748920f690>,3,23,[5 1],4,4,27,0,4
1,<environment.Job instance at 0x7f748920fa00>,4,18,[5 5],5,5,23,0,5
1,<environment.Job instance at 0x7f748920f410>,7,18,[9 2],8,24,42,16,13
1,<environment.Job instance at 0x7f74899d91e0>,20,17,[2 7],21,27,44,6,21
1,<environment.Job instance at 0x7f74899d9690>,22,20,[10  2],23,42,62,19,33
1,<environment.Job instance at 0x7f74899d95f0>,23,15,[ 4 10],24,44,59,20,33
1,<environment.Job instance at 0x7f74899d97d0>,25,18,[1 7],26,59,77,33,48
1,<environment.Job instance at 0x7f74899d9370>,28,17,[4 5],29,59,76,30,48
1,<environment.Job instance at 0x7f74899d9460>,32,20,[1 5],33,76,96,43,67
1,<environment.Job instance at 0x7f74899d9640>,35,13,[8 1],36,67,80,31,67
1,<environment.Job instance at 0x7f74899d9050>,36,14,[1 6],37,77,91,40,67
1,<environment.Job instance at 0x7f74899d9fa0>,37,13,[6 3],38,80,93,42,67
1,<environment.Job instance at 0x7f74892a92d0>,40,20,[3 8],41,93,113,52,84
1,<environment.Job instance at 0x7f74892a9d70>,42,12,[5 9],43,113,125,70,96
1,<environment.Job instance at 0x7f74892a9af0>,44,17,[5 3],45,96,113,51,96
1,<environment.Job instance at 0x7f74892a9aa0>,46,12,[5 7],47,125,137,78,108
1,<environment.Job instance at 0x7f74892a9320>,51,15,[1 6],52,113,128,61,108
1,<environment.Job instance at 0x7f74892a9c80>,52,21,[2 6],53,128,149,75,120
1,<environment.Job instance at 0x7f74892a9f00>,56,20,[9 3],57,137,157,80,128
1,<environment.Job instance at 0x7f748921bf00>,63,16,[8 2],64,157,173,93,144
1,<environment.Job instance at 0x7f748921b5f0>,65,14,[7 1],66,157,171,91,144
1,<environment.Job instance at 0x7f748921bf50>,2,19,[11  4],3,3,22,0,3
1,<environment.Job instance at 0x7f7488259410>,3,22,[1 7],4,4,26,0,4
1,<environment.Job instance at 0x7f748823a550>,11,22,[1 9],12,26,48,14,19
1,<environment.Job instance at 0x7f748823a6e0>,14,17,[8 3],15,22,39,7,19
1,<environment.Job instance at 0x7f748823a2d0>,16,14,[5 6],17,39,53,22,30
1,<environment.Job instance at 0x7f748823abe0>,19,23,[5 2],20,48,71,28,42
1,<environment.Job instance at 0x7f748823a640>,22,14,[5 7],23,48,62,25,42
1,<environment.Job instance at 0x7f748823ac30>,13,12,[10  4],14,62,74,48,47
1,<environment.Job instance at 0x7f748823a460>,29,13,[ 2 10],30,71,84,41,55
1,<environment.Job instance at 0x7f748823aa50>,28,20,[7 1],29,74,94,45,65
1,<environment.Job instance at 0x7f748823a190>,33,17,[10  1],34,94,111,60,82
1,<environment.Job instance at 0x7f748814f2d0>,36,22,[3 5],37,84,106,47,82
1,<environment.Job instance at 0x7f748814f3c0>,38,16,[6 3],39,111,127,72,98
1,<environment.Job instance at 0x7f748814f460>,42,16,[6 1],43,111,127,68,98
1,<environment.Job instance at 0x7f748814f640>,47,17,[4 8],48,127,144,79,115
1,<environment.Job instance at 0x7f748814f960>,53,15,[ 1 10],54,144,159,90,130
1,<environment.Job instance at 0x7f748814fb40>,54,12,[7 4],55,130,142,75,130
1,<environment.Job instance at 0x7f748814f820>,55,20,[4 6],56,159,179,103,150
1,<environment.Job instance at 0x7f7488169460>,58,15,[3 6],59,159,174,100,150
1,<environment.Job instance at 0x7f74894551e0>,2,17,[10  5],3,3,20,0,3
1,<environment.Job instance at 0x7f7488be7fa0>,5,14,[8 3],6,20,34,14,6
1,<environment.Job instance at 0x7f7488be7b90>,7,17,[9 4],8,34,51,26,22
1,<environment.Job instance at 0x7f74887b3690>,15,16,[2 6],16,35,51,19,35
1,<environment.Job instance at 0x7f74887b3eb0>,20,14,[5 6],21,51,65,30,36
1,<environment.Job instance at 0x7f74887b3280>,24,13,[6 4],25,51,64,26,36
1,<environment.Job instance at 0x7f74887b3b40>,25,15,[9 3],26,64,79,38,50
1,<environment.Job instance at 0x7f74887b3f00>,27,16,[7 4],28,79,95,51,66
1,<environment.Job instance at 0x7f7489455140>,0,23,[2 7],1,66,89,65,66
1,<environment.Job instance at 0x7f74887b3d70>,28,19,[8 2],29,89,108,60,79
1,<environment.Job instance at 0x7f7488a7faf0>,31,16,[7 5],32,95,111,63,82
1,<environment.Job instance at 0x7f7488a7fe60>,36,13,[5 5],37,108,121,71,92
1,<environment.Job instance at 0x7f7488be7230>,8,16,[10  4],9,111,127,102,98
1,<environment.Job instance at 0x7f7488a7fa00>,39,14,[3 7],40,121,135,81,106
1,<environment.Job instance at 0x7f7488a7ff00>,48,17,[3 5],49,127,144,78,115
1,<environment.Job instance at 0x7f7492444460>,51,21,[6 2],52,127,148,75,119
1,<environment.Job instance at 0x7f7488a7f140>,40,18,[1 5],41,135,153,94,127
1,<environment.Job instance at 0x7f7492444140>,55,22,[11  3],56,148,170,92,141
1,<environment.Job instance at 0x7f7492444fa0>,60,16,[ 4 11],61,153,169,92,143
1,<environment.Job instance at 0x7f748948aeb0>,74,16,[10  5],75,170,186,95,158
1,<environment.Job instance at 0x7f748948ac80>,2,19,[3 9],3,3,22,0,3
1,<environment.Job instance at 0x7f748941a780>,4,12,[13  5],5,22,34,17,8
1,<environment.Job instance at 0x7f74881533c0>,13,14,[1 7],14,22,36,8,20
1,<environment.Job instance at 0x7f748857b730>,14,14,[7 4],15,34,48,19,20
1,<environment.Job instance at 0x7f7489913820>,16,13,[2 7],17,36,49,19,20
1,<environment.Job instance at 0x7f7488c1fd20>,18,20,[10  5],19,48,68,29,39
1,<environment.Job instance at 0x7f748884cf50>,23,16,[3 8],24,49,65,25,39
1,<environment.Job instance at 0x7f7489576280>,31,19,[5 5],32,65,84,33,55
1,<environment.Job instance at 0x7f7489576140>,32,16,[4 6],33,68,84,35,55
1,<environment.Job instance at 0x7f74884771e0>,41,13,[3 5],42,84,97,42,68
1,<environment.Job instance at 0x7f7488477640>,43,13,[6 2],44,68,81,24,68
1,<environment.Job instance at 0x7f7488de6280>,45,14,[2 9],46,84,98,38,69
1,<environment.Job instance at 0x7f7488585a50>,48,16,[5 4],49,97,113,48,84
1,<environment.Job instance at 0x7f7488585cd0>,50,14,[5 2],51,97,111,46,84
1,<environment.Job instance at 0x7f7488b9afa0>,56,21,[3 8],57,98,119,41,90
1,<environment.Job instance at 0x7f7488672d20>,58,18,[4 6],59,113,131,54,102
1,<environment.Job instance at 0x7f74891f6370>,60,12,[5 5],61,119,131,58,102
1,<environment.Job instance at 0x7f74891f6cd0>,62,16,[4 9],63,131,147,68,118
1,<environment.Job instance at 0x7f7491f92cd0>,66,13,[8 2],67,131,144,64,118
1,<environment.Job instance at 0x7f7488ca0be0>,69,14,[5 6],70,144,158,74,129
1,<environment.Job instance at 0x7f748848ccd0>,71,15,[9 3],72,147,162,75,133
1,<environment.Job instance at 0x7f7488857410>,77,13,[5 6],78,158,171,80,142
1,<environment.Job instance at 0x7f7488857b90>,78,16,[9 3],79,162,178,83,149
1,<environment.Job instance at 0x7f7488857730>,81,14,[5 8],82,171,185,89,156
1,<environment.Job instance at 0x7f7488c27960>,0,17,[ 5 12],1,1,18,0,1
1,<environment.Job instance at 0x7f7488c274b0>,4,14,[1 5],5,18,32,13,5
1,<environment.Job instance at 0x7f7488c27a50>,5,15,[10  4],6,18,33,12,6
1,<environment.Job instance at 0x7f7488c27410>,7,14,[4 7],8,32,46,24,18
1,<environment.Job instance at 0x7f7488cf9a50>,13,19,[2 7],14,33,52,19,23
1,<environment.Job instance at 0x7f7488cf9c30>,15,18,[2 6],16,46,64,30,35
1,<environment.Job instance at 0x7f7488cf9640>,16,16,[5 6],17,52,68,35,39
1,<environment.Job instance at 0x7f7488cf9cd0>,21,13,[7 2],22,46,59,24,39
1,<environment.Job instance at 0x7f7488c27140>,6,16,[10  5],7,64,80,57,58
1,<environment.Job instance at 0x7f7488cf90a0>,23,16,[ 2 11],24,80,96,56,67
1,<environment.Job instance at 0x7f7488cf9910>,24,15,[5 5],25,96,111,71,82
1,<environment.Job instance at 0x7f7488cf9230>,28,20,[3 6],29,96,116,67,87
1,<environment.Job instance at 0x7f7488cf9e60>,29,17,[10  4],30,111,128,81,99
1,<environment.Job instance at 0x7f7488cf92d0>,25,19,[ 3 11],26,116,135,90,106
1,<environment.Job instance at 0x7f74894c7fa0>,34,17,[11  4],35,128,145,93,116
1,<environment.Job instance at 0x7f7488cf9730>,9,24,[14  5],10,145,169,135,140
1,<environment.Job instance at 0x7f74894c7f50>,36,12,[5 7],37,169,181,132,152
1,<environment.Job instance at 0x7f74894c7c80>,2,23,[2 8],3,3,26,0,3
1,<environment.Job instance at 0x7f7488b665f0>,3,21,[8 5],4,4,25,0,4
1,<environment.Job instance at 0x7f7488b66870>,9,18,[6 2],10,25,43,15,14
1,<environment.Job instance at 0x7f7488b66780>,10,21,[9 1],11,26,47,15,18
1,<environment.Job instance at 0x7f7489158b40>,15,21,[ 5 13],16,43,64,27,35
1,<environment.Job instance at 0x7f7489158780>,14,19,[4 9],15,64,83,49,58
1,<environment.Job instance at 0x7f74884fe410>,20,21,[1 5],21,64,85,43,63
1,<environment.Job instance at 0x7f74884fe3c0>,23,16,[2 8],24,83,99,59,71
1,<environment.Job instance at 0x7f74884feeb0>,24,12,[5 1],25,71,83,46,71
1,<environment.Job instance at 0x7f74884fe5a0>,26,17,[1 8],27,99,116,72,92
1,<environment.Job instance at 0x7f74884fe280>,34,16,[3 7],35,93,109,58,93
1,<environment.Job instance at 0x7f74884fe7d0>,38,18,[1 5],39,109,127,70,98
1,<environment.Job instance at 0x7f74894006e0>,39,17,[5 5],40,116,133,76,104
1,<environment.Job instance at 0x7f7489400e10>,40,12,[5 5],41,116,128,75,104
1,<environment.Job instance at 0x7f74894007d0>,47,14,[8 4],48,128,142,80,113
1,<environment.Job instance at 0x7f7489400f00>,48,15,[3 5],49,133,148,84,119
1,<environment.Job instance at 0x7f7489400e60>,50,12,[5 5],51,142,154,91,125
1,<environment.Job instance at 0x7f7489400460>,53,15,[7 3],54,142,157,88,128
1,<environment.Job instance at 0x7f7488501500>,60,18,[4 5],61,154,172,93,144
1,<environment.Job instance at 0x7f7488501820>,62,13,[1 6],63,148,161,85,148
1,<environment.Job instance at 0x7f7488501d20>,64,15,[7 2],65,157,172,92,148
1,<environment.Job instance at 0x7f74885016e0>,71,14,[3 8],72,161,175,89,152
1,<environment.Job instance at 0x7f74887aae10>,0,14,[12  4],1,1,15,0,1
1,<environment.Job instance at 0x7f7488417aa0>,11,17,[2 8],12,13,30,1,13
1,<environment.Job instance at 0x7f7488417780>,13,18,[6 3],14,15,33,1,14
1,<environment.Job instance at 0x7f7489948190>,20,13,[6 2],21,21,34,0,21
1,<environment.Job instance at 0x7f7489948730>,27,19,[5 3],28,33,52,5,28
1,<environment.Job instance at 0x7f74899489b0>,29,15,[6 3],30,34,49,4,30
1,<environment.Job instance at 0x7f7489948a50>,32,16,[8 3],33,49,65,16,36
1,<environment.Job instance at 0x7f7489948b90>,34,16,[4 8],35,52,68,17,39
1,<environment.Job instance at 0x7f7489948e60>,38,16,[9 4],39,65,81,26,52
1,<environment.Job instance at 0x7f7489080500>,47,16,[2 6],48,68,84,20,55
1,<environment.Job instance at 0x7f74890808c0>,52,15,[8 3],53,81,96,28,67
1,<environment.Job instance at 0x7f7489080af0>,55,16,[2 5],56,68,84,12,67
1,<environment.Job instance at 0x7f74884dfe60>,12,14,[ 1 13],13,96,110,83,85
1,<environment.Job instance at 0x7f748980b640>,5,18,[13  2],6,96,114,90,95
1,<environment.Job instance at 0x7f7489080dc0>,63,18,[10  5],64,114,132,50,103
1,<environment.Job instance at 0x7f74883fa3c0>,67,16,[7 5],68,132,148,64,119
1,<environment.Job instance at 0x7f7489419c80>,1,23,[5 2],2,119,142,117,119
1,<environment.Job instance at 0x7f74883fab40>,77,17,[7 3],78,142,159,64,130
1,<environment.Job instance at 0x7f74883fac80>,79,15,[1 5],80,132,147,52,130
1,<environment.Job instance at 0x7f74883fa500>,85,21,[6 1],86,148,169,62,140
1,<environment.Job instance at 0x7f74883f7370>,88,13,[6 4],89,159,172,70,143
1,<environment.Job instance at 0x7f74883f7640>,93,12,[6 2],94,169,181,75,152
1,<environment.Job instance at 0x7f74883fa960>,74,25,[1 6],75,156,181,81,156
1,<environment.Job instance at 0x7f74899d9a50>,0,14,[ 3 13],1,1,15,0,1
1,<environment.Job instance at 0x7f7489417d70>,3,21,[1 6],4,15,36,11,7
1,<environment.Job instance at 0x7f7488796eb0>,6,17,[2 7],7,15,32,8,7
1,<environment.Job instance at 0x7f7488d3d550>,5,26,[12  1],6,13,39,7,13
1,<environment.Job instance at 0x7f7488813b40>,7,16,[5 3],8,39,55,31,26
1,<environment.Job instance at 0x7f7488796e60>,8,12,[5 4],9,39,51,30,26
1,<environment.Job instance at 0x7f7488796410>,9,22,[2 6],10,37,59,27,37
1,<environment.Job instance at 0x7f74887fd0a0>,19,16,[3 5],20,51,67,31,40
1,<environment.Job instance at 0x7f74887fd2d0>,20,15,[7 4],21,55,70,34,41
1,<environment.Job instance at 0x7f74887fd0f0>,23,12,[2 5],24,59,71,35,42
1,<environment.Job instance at 0x7f74887fd370>,25,17,[2 6],26,67,84,41,55
1,<environment.Job instance at 0x7f74887fd640>,26,13,[9 4],27,70,83,43,55
1,<environment.Job instance at 0x7f74888035f0>,32,16,[7 1],33,83,99,50,70
1,<environment.Job instance at 0x7f7488803320>,33,15,[4 6],34,83,98,49,73
1,<environment.Job instance at 0x7f74888036e0>,37,17,[5 5],38,98,115,60,86
1,<environment.Job instance at 0x7f74885df8c0>,4,18,[7 2],5,99,117,94,88
1,<environment.Job instance at 0x7f74888038c0>,42,18,[4 9],43,115,133,72,110
1,<environment.Job instance at 0x7f7488826780>,45,13,[4 8],46,133,146,87,117
1,<environment.Job instance at 0x7f7488826b40>,50,15,[10  4],51,117,132,66,117
1,<environment.Job instance at 0x7f74890645f0>,58,15,[5 8],59,146,161,87,132
1,<environment.Job instance at 0x7f7488803910>,43,25,[7 5],44,132,157,88,132
1,<environment.Job instance at 0x7f7489081640>,62,18,[1 6],63,157,175,94,146
1,<environment.Job instance at 0x7f7488830e60>,65,15,[4 5],66,161,176,95,147
1,<environment.Job instance at 0x7f74888f7500>,1,16,[10  4],2,2,18,0,2
1,<environment.Job instance at 0x7f74888f7550>,2,17,[1 6],3,3,20,0,3
1,<environment.Job instance at 0x7f7491f9a730>,7,13,[5 5],8,18,31,10,8
1,<environment.Job instance at 0x7f7491f9ae60>,9,16,[9 2],10,18,34,8,10
1,<environment.Job instance at 0x7f7488809b90>,12,12,[9 2],13,34,46,21,17
1,<environment.Job instance at 0x7f7491f9a870>,16,17,[10  2],17,46,63,29,34
1,<environment.Job instance at 0x7f74897f9730>,25,18,[9 3],26,63,81,37,52
1,<environment.Job instance at 0x7f74897f95a0>,30,14,[10  5],31,81,95,50,66
1,<environment.Job instance at 0x7f74897f9780>,31,14,[5 4],32,67,81,35,67
1,<environment.Job instance at 0x7f74897f9be0>,33,16,[6 4],34,95,111,61,82
1,<environment.Job instance at 0x7f74897f9960>,36,14,[8 4],37,95,109,58,82
1,<environment.Job instance at 0x7f7488d20730>,39,16,[5 5],40,109,125,69,96
1,<environment.Job instance at 0x7f7488d20f00>,41,15,[4 5],42,109,124,67,96
1,<environment.Job instance at 0x7f7488d20af0>,44,14,[4 8],45,124,138,79,110
1,<environment.Job instance at 0x7f7488d20190>,49,17,[7 3],50,125,142,75,113
1,<environment.Job instance at 0x7f7488d20a00>,53,17,[10  4],54,142,159,88,130
1,<environment.Job instance at 0x7f7488d20d70>,54,15,[ 4 10],55,145,160,90,145
1,<environment.Job instance at 0x7f7491f9a820>,13,17,[13  5],14,160,177,146,149
1,<environment.Job instance at 0x7f7488c88af0>,1,23,[7 5],2,2,25,0,2
1,<environment.Job instance at 0x7f748925c730>,0,15,[1 7],1,2,17,1,2
1,<environment.Job instance at 0x7f748925c960>,2,15,[5 7],3,17,32,14,3
1,<environment.Job instance at 0x7f74894abb90>,5,13,[8 2],6,25,38,19,9
1,<environment.Job instance at 0x7f74896ca5a0>,9,12,[3 8],10,32,44,22,17
1,<environment.Job instance at 0x7f749219a410>,10,13,[5 5],11,38,51,27,24
1,<environment.Job instance at 0x7f7489414a00>,12,14,[4 7],13,44,58,31,29
1,<environment.Job instance at 0x7f74894ab500>,8,16,[6 3],9,44,60,35,34
1,<environment.Job instance at 0x7f7489414dc0>,15,20,[2 5],16,51,71,35,44
1,<environment.Job instance at 0x7f7488fb1f50>,17,15,[13  3],18,60,75,42,46
1,<environment.Job instance at 0x7f7489414f50>,13,17,[1 6],14,71,88,57,64
1,<environment.Job instance at 0x7f7489414500>,19,18,[6 3],20,75,93,55,64
1,<environment.Job instance at 0x7f7488f5a820>,20,12,[7 4],21,75,87,54,67
1,<environment.Job instance at 0x7f7488f5aa50>,22,12,[7 3],23,87,99,64,80
1,<environment.Job instance at 0x7f7489414be0>,18,26,[4 6],19,93,119,74,90
1,<environment.Job instance at 0x7f7488f5af50>,23,19,[5 7],24,99,118,75,90
1,<environment.Job instance at 0x7f7489750640>,28,15,[4 7],29,118,133,89,104
1,<environment.Job instance at 0x7f74894e7500>,29,16,[7 4],30,119,135,89,106
1,<environment.Job instance at 0x7f74893ca690>,30,12,[5 2],31,106,118,75,106
1,<environment.Job instance at 0x7f748902eaa0>,31,13,[7 2],32,133,146,101,118
1,<environment.Job instance at 0x7f74896a8050>,37,21,[3 8],38,135,156,97,128
1,<environment.Job instance at 0x7f7488c1c140>,39,16,[10  3],40,146,162,106,133
1,<environment.Job instance at 0x7f748985a5f0>,41,21,[1 8],42,156,177,114,150
1,<environment.Job instance at 0x7f7491f9eeb0>,44,14,[10  4],45,162,176,117,150
1,<environment.Job instance at 0x7fef00cb5230>,0,17,[6 1],1,1,18,0,1
1,<environment.Job instance at 0x7fef00cb5320>,2,20,[7 4],3,3,23,0,3
1,<environment.Job instance at 0x7feef753d9b0>,10,15,[5 1],11,18,33,7,11
1,<environment.Job instance at 0x7feef753da50>,11,15,[6 1],12,23,38,11,12
1,<environment.Job instance at 0x7feef7540230>,22,13,[7 4],23,33,46,10,23
1,<environment.Job instance at 0x7feef75404b0>,24,20,[4 6],25,38,58,13,33
1,<environment.Job instance at 0x7feef75405f0>,26,12,[8 5],27,46,58,19,34
1,<environment.Job instance at 0x7feef75409b0>,32,17,[9 3],33,58,75,25,46
1,<environment.Job instance at 0x7feef7540b40>,35,16,[1 9],36,58,74,22,52
1,<environment.Job instance at 0x7feef753df00>,17,19,[12  4],18,75,94,57,67
1,<environment.Job instance at 0x7feef7540af0>,37,14,[ 5 14],38,94,108,56,82
1,<environment.Job instance at 0x7feef753dbe0>,25,24,[5 7],26,108,132,82,103
1,<environment.Job instance at 0x7feef7540be0>,36,20,[7 5],37,111,131,74,111
1,<environment.Job instance at 0x7feef7540cd0>,38,24,[13  2],39,132,156,93,127
1,<environment.Job instance at 0x7feef7540f50>,42,12,[ 5 12],43,156,168,113,139
1,<environment.Job instance at 0x7feef7542190>,44,12,[11  3],45,168,180,123,151
1,<environment.Job instance at 0x7feef7542230>,45,12,[ 3 14],46,180,192,134,163
1,<environment.Job instance at 0x7feef74dc3c0>,0,24,[ 4 11],1,1,25,0,1
1,<environment.Job instance at 0x7feef769c960>,3,13,[5 7],4,25,38,21,9
1,<environment.Job instance at 0x7feef769c050>,6,19,[3 8],7,26,45,19,26
1,<environment.Job instance at 0x7feef769cfa0>,9,16,[8 4],10,38,54,28,26
1,<environment.Job instance at 0x7feef7542280>,1,14,[ 5 10],2,45,59,43,34
1,<environment.Job instance at 0x7feef7b822d0>,16,17,[9 2],17,54,71,37,42
1,<environment.Job instance at 0x7feef7542230>,2,17,[4 7],3,59,76,56,51
1,<environment.Job instance at 0x7feef769cd20>,5,24,[3 7],6,71,95,65,67
1,<environment.Job instance at 0x7feef7b827d0>,22,20,[7 5],23,76,96,53,67
1,<environment.Job instance at 0x7feef6e8d190>,26,18,[7 1],27,95,113,68,84
1,<environment.Job instance at 0x7feef6bf7500>,27,19,[3 8],28,96,115,68,86
1,<environment.Job instance at 0x7feef6badfa0>,34,18,[5 4],35,96,114,61,86
1,<environment.Job instance at 0x7feef7058640>,56,15,[8 5],57,114,129,57,100
1,<environment.Job instance at 0x7feef7058820>,59,12,[4 8],60,115,127,55,100
1,<environment.Job instance at 0x7feef6ff4cd0>,67,16,[8 4],68,129,145,61,116
1,<environment.Job instance at 0x7feef703ea50>,70,13,[2 7],71,127,140,56,116
1,<environment.Job instance at 0x7feef7052b40>,83,16,[5 8],84,140,156,56,127
1,<environment.Job instance at 0x7feef70425a0>,86,14,[3 5],87,145,159,58,130
1,<environment.Job instance at 0x7feef7036140>,93,17,[10  2],94,156,173,62,144
1,<environment.Job instance at 0x7feef7036050>,97,17,[10  4],98,173,190,75,161
1,<environment.Job instance at 0x7feef6c31b40>,3,17,[5 9],4,4,21,0,4
1,<environment.Job instance at 0x7feef6c31e60>,4,17,[7 1],5,5,22,0,5
1,<environment.Job instance at 0x7feef6bf55f0>,18,14,[3 6],19,21,35,2,19
1,<environment.Job instance at 0x7feef6bf5280>,19,12,[6 4],20,22,34,2,20
1,<environment.Job instance at 0x7feef6c517d0>,28,16,[5 2],29,29,45,0,29
1,<environment.Job instance at 0x7feef6c51eb0>,29,22,[2 5],30,34,56,4,30
1,<environment.Job instance at 0x7feef6c51f00>,30,12,[ 1 10],31,45,57,14,31
1,<environment.Job instance at 0x7feef6c519b0>,38,26,[6 1],39,56,82,17,53
1,<environment.Job instance at 0x7feef6c51140>,39,28,[5 9],40,57,85,17,56
1,<environment.Job instance at 0x7feef6ba0230>,40,24,[4 8],41,85,109,44,80
1,<environment.Job instance at 0x7feef6c51500>,35,13,[5 5],36,82,95,46,80
1,<environment.Job instance at 0x7feef6ba05a0>,41,20,[5 5],42,95,115,53,86
1,<environment.Job instance at 0x7feef6fe9a50>,36,20,[7 1],37,109,129,72,100
1,<environment.Job instance at 0x7feef6ba05f0>,45,17,[7 4],46,115,132,69,103
1,<environment.Job instance at 0x7feef6ba0780>,47,19,[3 8],48,129,148,81,119
1,<environment.Job instance at 0x7feef6ba0c30>,49,13,[1 7],50,132,145,82,119
1,<environment.Job instance at 0x7feef6c2b640>,52,18,[10  5],53,145,163,92,134
1,<environment.Job instance at 0x7feef7a93230>,59,16,[4 5],60,148,164,88,135
1,<environment.Job instance at 0x7feef7a93550>,62,14,[4 5],63,163,177,100,148
1,<environment.Job instance at 0x7feef7a93fa0>,65,13,[5 6],66,164,177,98,148
1,<environment.Job instance at 0x7feef7c73910>,70,20,[4 9],71,177,197,106,168
1,<environment.Job instance at 0x7feef6f8b550>,78,18,[5 5],79,177,195,98,168
1,<environment.Job instance at 0x7feef716c410>,3,14,[14  2],4,5,19,1,5
1,<environment.Job instance at 0x7feef7125d20>,4,13,[5 5],5,19,32,14,5
1,<environment.Job instance at 0x7feef7382730>,6,18,[6 3],7,19,37,12,9
1,<environment.Job instance at 0x7feef72eb460>,10,14,[9 5],11,32,46,21,17
1,<environment.Job instance at 0x7feef72eb370>,13,19,[7 5],14,46,65,32,36
1,<environment.Job instance at 0x7feef7382870>,8,27,[1 9],9,37,64,28,36
1,<environment.Job instance at 0x7feef72eb550>,16,21,[8 4],17,64,85,47,56
1,<environment.Job instance at 0x7feef6c85460>,18,15,[1 7],19,65,80,46,56
1,<environment.Job instance at 0x7feef6c85e60>,19,14,[7 2],20,80,94,60,65
1,<environment.Job instance at 0x7feef75799b0>,23,13,[1 6],24,85,98,61,69
1,<environment.Job instance at 0x7feef6f52410>,25,15,[1 6],26,85,100,59,71
1,<environment.Job instance at 0x7feef6f52d70>,26,13,[5 2],27,94,107,67,78
1,<environment.Job instance at 0x7feef6fce230>,32,18,[2 5],33,98,116,65,87
1,<environment.Job instance at 0x7feef718c730>,35,19,[5 7],36,100,119,64,90
1,<environment.Job instance at 0x7feef6edce10>,39,21,[1 7],40,116,137,76,108
1,<environment.Job instance at 0x7feef6f58aa0>,40,15,[2 7],41,119,134,78,108
1,<environment.Job instance at 0x7feef7042af0>,41,16,[6 1],42,108,124,66,108
1,<environment.Job instance at 0x7feef6edc410>,43,14,[10  3],44,134,148,90,119
1,<environment.Job instance at 0x7feef71bb410>,44,18,[4 7],45,137,155,92,126
1,<environment.Job instance at 0x7feef71bbd20>,48,21,[5 6],49,148,169,99,140
1,<environment.Job instance at 0x7feef6fa4460>,50,13,[4 5],51,155,168,104,140
1,<environment.Job instance at 0x7feef707acd0>,52,16,[1 5],53,168,184,115,155
1,<environment.Job instance at 0x7feef707ab90>,53,18,[4 9],54,169,187,115,158
1,<environment.Job instance at 0x7feef6f92280>,1,13,[12  5],2,3,16,1,3
1,<environment.Job instance at 0x7feef6f92b40>,0,23,[3 9],1,4,27,3,4
1,<environment.Job instance at 0x7feef7957230>,6,18,[12  4],7,16,34,9,8
1,<environment.Job instance at 0x7feef793f190>,8,12,[1 7],9,27,39,18,10
1,<environment.Job instance at 0x7feef793f780>,7,15,[4 7],8,34,49,26,20
1,<environment.Job instance at 0x7feef793f730>,10,16,[1 7],11,39,55,28,27
1,<environment.Job instance at 0x7feef793f7d0>,9,17,[8 4],10,49,66,39,37
1,<environment.Job instance at 0x7feef7c04780>,14,27,[ 3 10],15,55,82,40,53
1,<environment.Job instance at 0x7feef7c04c80>,15,25,[ 3 14],16,82,107,66,78
1,<environment.Job instance at 0x7feef7c04a00>,20,15,[5 5],21,107,122,86,96
1,<environment.Job instance at 0x7feef7c04aa0>,16,20,[3 6],17,107,127,90,98
1,<environment.Job instance at 0x7feef7938230>,25,18,[6 4],26,107,125,81,103
1,<environment.Job instance at 0x7feef7c36a50>,31,13,[5 6],32,125,138,93,109
1,<environment.Job instance at 0x7feef7c36870>,39,13,[5 8],40,127,140,87,122
1,<environment.Job instance at 0x7feef7c36af0>,41,17,[2 7],42,138,155,96,126
1,<environment.Job instance at 0x7feef7c23be0>,50,14,[9 2],51,140,154,89,127
1,<environment.Job instance at 0x7feef7957c30>,57,16,[5 2],58,154,170,96,141
1,<environment.Job instance at 0x7feef79385f0>,26,19,[ 2 11],27,155,174,128,145
1,<environment.Job instance at 0x7feef6b320a0>,65,17,[14  2],66,174,191,108,162
1,<environment.Job instance at 0x7feef6b52dc0>,4,20,[5 3],5,5,25,0,5
1,<environment.Job instance at 0x7feef6b52f00>,10,16,[6 3],11,11,27,0,11
1,<environment.Job instance at 0x7feef6b52500>,11,14,[11  5],12,27,41,15,12
1,<environment.Job instance at 0x7feef6b527d0>,13,23,[1 6],14,14,37,0,14
1,<environment.Job instance at 0x7feef6af4c30>,20,14,[5 1],21,41,55,20,26
1,<environment.Job instance at 0x7feef6af4690>,21,20,[3 8],22,37,57,15,28
1,<environment.Job instance at 0x7feef6b52e60>,19,16,[13  1],20,57,73,37,44
1,<environment.Job instance at 0x7feef6af4780>,23,13,[13  5],24,73,86,49,57
1,<environment.Job instance at 0x7feef6b52910>,15,12,[10  2],16,86,98,70,69
1,<environment.Job instance at 0x7feef6af4e60>,25,27,[ 1 10],26,69,96,43,69
1,<environment.Job instance at 0x7feef6af4640>,31,16,[3 9],32,96,112,64,83
1,<environment.Job instance at 0x7feef6af41e0>,32,22,[5 2],33,98,120,65,93
1,<environment.Job instance at 0x7feef6af4cd0>,36,16,[1 8],37,112,128,75,99
1,<environment.Job instance at 0x7feef6af4230>,37,16,[8 3],38,112,128,74,99
1,<environment.Job instance at 0x7feef7274e60>,42,21,[1 5],43,128,149,85,120
1,<environment.Job instance at 0x7feef7274320>,46,12,[2 5],47,128,140,81,120
1,<environment.Job instance at 0x7feef6af4a50>,24,16,[ 5 13],25,149,165,124,136
1,<environment.Job instance at 0x7feef7274500>,48,12,[9 1],49,136,148,87,136
1,<environment.Job instance at 0x7feef72748c0>,49,24,[6 2],50,148,172,98,143
1,<environment.Job instance at 0x7feef7274140>,54,14,[4 8],55,165,179,110,150
1,<environment.Job instance at 0x7feef6afd550>,58,13,[4 5],59,165,178,106,150
1,<environment.Job instance at 0x7feef6afde60>,61,14,[10  4],62,178,192,116,163
1,<environment.Job instance at 0x7feef6b4a320>,0,13,[13  5],1,1,14,0,1
1,<environment.Job instance at 0x7feef6afd4b0>,1,14,[ 2 13],2,14,28,12,2
1,<environment.Job instance at 0x7feef6b4a820>,6,18,[12  1],7,14,32,7,10
1,<environment.Job instance at 0x7feef6b4a960>,4,17,[2 9],5,28,45,23,16
1,<environment.Job instance at 0x7feef6b4a910>,9,14,[5 1],10,32,46,22,17
1,<environment.Job instance at 0x7feef6b4a460>,10,14,[2 8],11,45,59,34,30
1,<environment.Job instance at 0x7feef7415460>,13,14,[5 2],14,32,46,18,30
1,<environment.Job instance at 0x7feef7415b40>,16,15,[8 1],17,46,61,29,32
1,<environment.Job instance at 0x7feef7357410>,24,15,[5 5],25,46,61,21,32
1,<environment.Job instance at 0x7feef7944370>,33,18,[6 4],34,61,79,27,50
1,<environment.Job instance at 0x7feef7944c30>,34,18,[9 1],35,61,79,26,51
1,<environment.Job instance at 0x7feef79445a0>,36,14,[5 7],37,79,93,42,64
1,<environment.Job instance at 0x7feef7944960>,37,12,[3 8],38,79,91,41,64
1,<environment.Job instance at 0x7feef6affc30>,51,12,[6 3],52,91,103,39,74
1,<environment.Job instance at 0x7feef6aff730>,54,17,[5 1],55,93,110,38,81
1,<environment.Job instance at 0x7feef6aff410>,59,17,[7 5],60,103,120,43,91
1,<environment.Job instance at 0x7feef7419820>,64,12,[3 7],65,93,105,28,91
1,<environment.Job instance at 0x7feef74190a0>,68,14,[5 7],69,110,124,41,95
1,<environment.Job instance at 0x7feef7419d70>,74,13,[5 5],75,120,133,45,104
1,<environment.Job instance at 0x7feef793f050>,84,19,[7 5],85,124,143,39,114
1,<environment.Job instance at 0x7feef793f550>,87,21,[4 5],88,133,154,45,125
1,<environment.Job instance at 0x7feef793faa0>,89,18,[8 2],90,143,161,53,132
1,<environment.Job instance at 0x7feef6afdb40>,3,16,[13  3],4,161,177,157,153
1,<environment.Job instance at 0x7feef793f410>,92,21,[8 4],93,177,198,84,169
1,<environment.Job instance at 0x7feef73320f0>,98,15,[7 4],99,177,192,78,169
1,<environment.Job instance at 0x7feef757d870>,0,27,[ 4 12],1,1,28,0,1
1,<environment.Job instance at 0x7feef71bf4b0>,3,15,[2 7],4,28,43,24,14
1,<environment.Job instance at 0x7feef71c6730>,15,19,[3 8],16,28,47,12,18
1,<environment.Job instance at 0x7feef71c6910>,20,14,[8 2],21,43,57,22,28
1,<environment.Job instance at 0x7feef70c1140>,23,18,[4 5],24,43,61,19,32
1,<environment.Job instance at 0x7feef71ae370>,25,13,[4 6],26,57,70,31,41
1,<environment.Job instance at 0x7feef71a9410>,29,17,[10  4],30,61,78,31,49
1,<environment.Job instance at 0x7feef70d1be0>,33,16,[3 5],34,70,86,36,57
1,<environment.Job instance at 0x7feef70a4e60>,38,21,[9 5],39,78,99,39,70
1,<environment.Job instance at 0x7feef6fb4eb0>,40,14,[9 5],41,99,113,58,84
1,<environment.Job instance at 0x7feef6fd4500>,22,12,[ 4 14],23,113,125,90,96
1,<environment.Job instance at 0x7feef7513910>,43,21,[9 5],44,125,146,81,117
1,<environment.Job instance at 0x7feef747b410>,47,12,[4 7],48,125,137,77,117
1,<environment.Job instance at 0x7feef750a7d0>,48,15,[6 4],49,137,152,88,123
1,<environment.Job instance at 0x7feef6fb1fa0>,49,17,[3 8],50,146,163,96,134
1,<environment.Job instance at 0x7feef747b9b0>,50,15,[ 5 10],51,163,178,112,149
1,<environment.Job instance at 0x7feef6fb1780>,51,19,[5 4],52,152,171,100,149
1,<environment.Job instance at 0x7feef7c99870>,52,17,[ 2 10],53,178,195,125,166
1,<environment.Job instance at 0x7feef75089b0>,55,17,[9 5],56,171,188,115,166
1,<environment.Job instance at 0x7feef7caa550>,2,22,[2 8],3,3,25,0,3
1,<environment.Job instance at 0x7feef7caa5f0>,4,25,[3 5],5,5,30,0,5
1,<environment.Job instance at 0x7feef7508be0>,6,15,[11  2],7,25,40,18,11
1,<environment.Job instance at 0x7feef759fe60>,10,28,[2 5],11,30,58,19,30
1,<environment.Job instance at 0x7feef7caa320>,0,27,[ 2 12],1,58,85,57,56
1,<environment.Job instance at 0x7feef759ff00>,22,19,[5 5],23,85,104,62,75
1,<environment.Job instance at 0x7feef759f280>,21,15,[12  3],22,104,119,82,90
1,<environment.Job instance at 0x7feef759f5a0>,24,12,[1 9],25,90,102,65,90
1,<environment.Job instance at 0x7feef759f320>,25,16,[11  4],26,119,135,93,106
1,<environment.Job instance at 0x7feef759f820>,26,20,[ 5 13],27,135,155,108,126
1,<environment.Job instance at 0x7feef7b9ebe0>,38,19,[8 4],39,155,174,116,145
1,<environment.Job instance at 0x7feef759f690>,27,20,[11  5],28,174,194,146,165
1,<environment.Job instance at 0x7feef747fe10>,1,13,[13  4],2,13,26,11,13
1,<environment.Job instance at 0x7feef6fa97d0>,13,15,[3 7],14,26,41,12,14
1,<environment.Job instance at 0x7feef6cdfd20>,12,22,[1 8],13,15,37,2,15
1,<environment.Job instance at 0x7feef6fa92d0>,14,15,[10  3],15,37,52,22,23
1,<environment.Job instance at 0x7feef6fa9b90>,20,20,[2 5],21,37,57,16,31
1,<environment.Job instance at 0x7feef79849b0>,21,21,[1 7],22,41,62,19,34
1,<environment.Job instance at 0x7feef6fa9f50>,18,19,[9 2],19,52,71,33,42
1,<environment.Job instance at 0x7feef79847d0>,23,17,[ 3 12],24,62,79,38,50
1,<environment.Job instance at 0x7feef7984870>,24,16,[9 2],25,71,87,46,58
1,<environment.Job instance at 0x7feef80976e0>,31,12,[1 7],32,79,91,47,62
1,<environment.Job instance at 0x7feef6d8e640>,39,14,[9 1],40,87,101,47,72
1,<environment.Job instance at 0x7feef7f5b870>,40,15,[2 5],41,79,94,38,72
1,<environment.Job instance at 0x7feef6f9c9b0>,47,12,[7 5],48,101,113,53,84
1,<environment.Job instance at 0x7feef6fd65f0>,50,21,[4 7],51,91,112,40,84
1,<environment.Job instance at 0x7feef6d8f820>,51,16,[6 1],52,112,128,60,99
1,<environment.Job instance at 0x7feef6fd6730>,52,12,[7 4],53,113,125,60,99
1,<environment.Job instance at 0x7feef80c9820>,53,13,[6 3],54,125,138,71,109
1,<environment.Job instance at 0x7feef6d93c80>,58,18,[4 5],59,128,146,69,117
1,<environment.Job instance at 0x7feef6d93c30>,60,17,[8 3],61,138,155,77,126
1,<environment.Job instance at 0x7feef6d93cd0>,61,14,[9 3],62,155,169,93,140
1,<environment.Job instance at 0x7feef6d837d0>,69,15,[3 5],70,140,155,70,140
1,<environment.Job instance at 0x7feef6d83190>,72,21,[4 7],73,146,167,73,140
1,<environment.Job instance at 0x7feef6d87370>,74,18,[5 5],75,167,185,92,156
1,<environment.Job instance at 0x7feef6d875f0>,77,18,[9 2],78,169,187,91,158
1,<environment.Job instance at 0x7feef6d50c80>,0,14,[11  1],1,1,15,0,1
1,<environment.Job instance at 0x7feef6d50e10>,13,16,[1 9],14,14,30,0,14
1,<environment.Job instance at 0x7feef79bb050>,16,12,[9 1],17,17,29,0,17
1,<environment.Job instance at 0x7feef79bbf00>,17,12,[ 5 10],18,30,42,12,18
1,<environment.Job instance at 0x7feef79bb0f0>,19,16,[9 4],20,29,45,9,20
1,<environment.Job instance at 0x7feef79bb280>,30,15,[8 4],31,45,60,14,31
1,<environment.Job instance at 0x7feef79bb550>,32,15,[2 8],33,42,57,9,33
1,<environment.Job instance at 0x7feef768f320>,36,19,[ 3 12],37,60,79,23,50
1,<environment.Job instance at 0x7feef768fcd0>,39,21,[8 2],40,66,87,26,66
1,<environment.Job instance at 0x7feef768f0f0>,46,12,[9 5],47,87,99,40,70
1,<environment.Job instance at 0x7feef768fbe0>,49,15,[7 3],50,99,114,49,85
1,<environment.Job instance at 0x7feef768f5f0>,35,25,[6 5],36,85,110,49,85
1,<environment.Job instance at 0x7feef768f4b0>,55,18,[2 7],56,99,117,43,99
1,<environment.Job instance at 0x7feef7a03d70>,57,12,[1 9],58,117,129,59,101
1,<environment.Job instance at 0x7feef7a03780>,59,18,[8 3],60,116,134,56,116
1,<environment.Job instance at 0x7feef7a030f0>,69,18,[4 9],70,129,147,59,120
1,<environment.Job instance at 0x7feef7a03500>,74,17,[8 3],75,134,151,59,128
1,<environment.Job instance at 0x7feef7a035f0>,76,14,[5 6],77,147,161,70,132
1,<environment.Job instance at 0x7feef6e4aeb0>,82,14,[5 7],83,151,165,68,136
1,<environment.Job instance at 0x7feef6e4ae60>,98,16,[6 3],99,161,177,62,148
1,<environment.Job instance at 0x7feef7d39320>,107,17,[4 8],108,165,182,57,162
1,<environment.Job instance at 0x7feef7d39780>,114,12,[7 4],115,177,189,62,164
1,<environment.Job instance at 0x7feef68a22d0>,4,22,[3 5],5,5,27,0,5
1,<environment.Job instance at 0x7feef68a2aa0>,6,18,[3 8],7,8,26,1,8
1,<environment.Job instance at 0x7feef68d0370>,10,15,[5 6],11,26,41,15,12
1,<environment.Job instance at 0x7feef68a2e10>,0,18,[1 6],1,27,45,26,17
1,<environment.Job instance at 0x7feef68d0730>,17,14,[ 1 11],18,45,59,27,30
1,<environment.Job instance at 0x7feef68a2140>,11,25,[9 1],12,32,57,20,32
1,<environment.Job instance at 0x7feef68d0be0>,25,19,[8 5],26,59,78,33,49
1,<environment.Job instance at 0x7feef697a320>,31,21,[5 2],32,49,70,17,49
1,<environment.Job instance at 0x7feef697abe0>,32,20,[3 6],33,70,90,37,61
1,<environment.Job instance at 0x7feef697a280>,34,19,[6 2],35,78,97,43,68
1,<environment.Job instance at 0x7feef697a0a0>,37,20,[5 3],38,78,98,40,69
1,<environment.Job instance at 0x7feef697a410>,48,16,[7 3],49,97,113,48,84
1,<environment.Job instance at 0x7feef69554b0>,52,17,[10  5],53,113,130,60,101
1,<environment.Job instance at 0x7feef6955a00>,55,14,[8 3],56,130,144,74,119
1,<environment.Job instance at 0x7feef69550a0>,57,17,[9 4],58,144,161,86,132
1,<environment.Job instance at 0x7feef6955aa0>,58,16,[10  4],59,161,177,102,148
1,<environment.Job instance at 0x7feef6955960>,65,16,[2 6],66,151,167,85,151
1,<environment.Job instance at 0x7feef690e2d0>,70,14,[5 6],71,167,181,96,152
1,<environment.Job instance at 0x7feef690ecd0>,74,13,[6 4],75,177,190,102,161
1,<environment.Job instance at 0x7feef690e1e0>,75,15,[9 3],76,181,196,105,167
1,<environment.Job instance at 0x7feef6f20690>,1,14,[12  4],2,2,16,0,2
1,<environment.Job instance at 0x7fef006faeb0>,2,12,[9 4],3,16,28,13,3
1,<environment.Job instance at 0x7fef006fa960>,3,19,[2 8],4,4,23,0,4
1,<environment.Job instance at 0x7fef006fa4b0>,9,13,[12  1],10,28,41,18,12
1,<environment.Job instance at 0x7fef006faa50>,10,14,[3 5],11,23,37,12,12
1,<environment.Job instance at 0x7fef006fa050>,8,17,[9 1],9,41,58,32,29
1,<environment.Job instance at 0x7feef76c2b40>,15,16,[5 1],16,41,57,25,35
1,<environment.Job instance at 0x7feef76c2050>,16,18,[5 9],17,57,75,40,46
1,<environment.Job instance at 0x7feef76c2d20>,17,14,[9 2],18,58,72,40,46
1,<environment.Job instance at 0x7feef76c2c30>,18,17,[8 4],19,72,89,53,60
1,<environment.Job instance at 0x7feef76c27d0>,21,13,[8 4],22,89,102,67,73
1,<environment.Job instance at 0x7feef76c24b0>,23,18,[1 6],24,91,109,67,91
1,<environment.Job instance at 0x7feef76c26e0>,26,15,[8 3],27,102,117,75,91
1,<environment.Job instance at 0x7fef006fa780>,12,18,[13  5],13,117,135,104,106
1,<environment.Job instance at 0x7feef76c2eb0>,30,18,[2 9],31,117,135,86,117
1,<environment.Job instance at 0x7fef00bacc30>,37,16,[5 7],38,135,151,97,122
1,<environment.Job instance at 0x7feef76c2cd0>,31,19,[ 5 14],32,151,170,119,141
1,<environment.Job instance at 0x7fef00bac820>,43,14,[ 5 14],44,170,184,126,157
1,<environment.Job instance at 0x7feef809c5f0>,0,22,[5 4],1,1,23,0,1
1,<environment.Job instance at 0x7fef00661870>,3,25,[1 9],4,4,29,0,4
1,<environment.Job instance at 0x7feef79df780>,7,28,[6 2],8,8,36,0,8
1,<environment.Job instance at 0x7feef80bb6e0>,13,21,[5 9],14,29,50,15,21
1,<environment.Job instance at 0x7feef80bb690>,18,14,[6 3],19,36,50,17,21
1,<environment.Job instance at 0x7feef80bb3c0>,20,12,[8 5],21,50,62,29,33
1,<environment.Job instance at 0x7feef80bb230>,23,13,[7 4],24,50,63,26,34
1,<environment.Job instance at 0x7feef80bbe60>,24,20,[8 3],25,62,82,37,53
1,<environment.Job instance at 0x7feef80bb370>,28,13,[5 4],29,63,76,34,53
1,<environment.Job instance at 0x7feef80bb910>,34,14,[1 5],35,63,77,28,53
1,<environment.Job instance at 0x7feef7bde2d0>,35,15,[10  4],36,82,97,46,68
1,<environment.Job instance at 0x7feef73c3140>,36,16,[10  5],37,97,113,60,84
1,<environment.Job instance at 0x7feef73c3b40>,37,14,[4 7],38,84,98,46,84
1,<environment.Job instance at 0x7feef73c3190>,43,19,[2 7],44,98,117,54,88
1,<environment.Job instance at 0x7feef73c3d70>,45,18,[2 6],46,113,131,67,102
1,<environment.Job instance at 0x7feef73c3410>,46,16,[5 6],47,117,133,70,104
1,<environment.Job instance at 0x7feef79c9f50>,51,13,[7 2],52,113,126,61,104
1,<environment.Job instance at 0x7feef79c99b0>,52,22,[8 2],53,126,148,73,119
1,<environment.Job instance at 0x7feef7c2b410>,54,15,[5 5],55,133,148,78,119
1,<environment.Job instance at 0x7feef7eb8500>,58,20,[3 6],59,148,168,89,139
1,<environment.Job instance at 0x7feef7eb8050>,59,17,[10  4],60,148,165,88,139
1,<environment.Job instance at 0x7feef7eb8410>,62,21,[10  4],63,165,186,102,157
1,<environment.Job instance at 0x7feef7468dc0>,1,12,[11  4],2,2,14,0,2
1,<environment.Job instance at 0x7feef7468690>,2,17,[10  2],3,14,31,11,3
1,<environment.Job instance at 0x7feef699df50>,13,16,[12  1],14,31,47,17,18
1,<environment.Job instance at 0x7feef699ddc0>,14,14,[5 4],15,47,61,32,32
1,<environment.Job instance at 0x7feef699d690>,12,17,[5 3],13,47,64,34,35
1,<environment.Job instance at 0x7feef699d410>,15,18,[ 4 11],16,61,79,45,50
1,<environment.Job instance at 0x7feef699dd20>,17,15,[4 5],18,79,94,61,65
1,<environment.Job instance at 0x7feef699de10>,16,18,[6 2],17,65,83,48,65
1,<environment.Job instance at 0x7feef78a6c80>,20,18,[1 7],21,79,97,58,69
1,<environment.Job instance at 0x7feef699d280>,9,12,[6 4],10,94,106,84,77
1,<environment.Job instance at 0x7feef78a6e60>,23,21,[8 5],24,97,118,73,89
1,<environment.Job instance at 0x7feef78a6cd0>,29,18,[6 2],30,106,124,76,95
1,<environment.Job instance at 0x7feef78a65a0>,34,19,[4 9],35,118,137,83,108
1,<environment.Job instance at 0x7feef6e9e1e0>,43,16,[2 8],44,137,153,93,124
1,<environment.Job instance at 0x7feef6e9ef50>,46,17,[1 8],47,153,170,106,141
1,<environment.Job instance at 0x7feef7e8b3c0>,54,16,[3 7],55,141,157,86,141
1,<environment.Job instance at 0x7feef7e8b140>,58,18,[1 5],59,157,175,98,146
1,<environment.Job instance at 0x7feef7e8b550>,59,17,[5 5],60,170,187,110,158
1,<environment.Job instance at 0x7feef7e8bf50>,60,12,[5 5],61,170,182,109,158
1,<environment.Job instance at 0x7feef7faf1e0>,67,14,[8 4],68,182,196,114,167
1,<environment.Job instance at 0x7feef78e0640>,0,19,[5 5],1,1,20,0,1
1,<environment.Job instance at 0x7feef78e0c80>,3,15,[ 5 10],4,4,19,0,4
1,<environment.Job instance at 0x7feef78e03c0>,4,14,[12  4],5,20,34,15,5
1,<environment.Job instance at 0x7feef78e04b0>,8,13,[2 8],9,19,32,10,11
1,<environment.Job instance at 0x7feef741d910>,11,23,[5 2],12,34,57,22,29
1,<environment.Job instance at 0x7feef741d460>,14,23,[5 5],15,41,64,26,41
1,<environment.Job instance at 0x7feef741d410>,21,17,[2 8],22,41,58,19,41
1,<environment.Job instance at 0x7feef741d140>,23,18,[6 3],24,58,76,34,47
1,<environment.Job instance at 0x7feef741d190>,30,13,[6 2],31,64,77,33,55
1,<environment.Job instance at 0x7feef78e06e0>,10,14,[12  4],11,77,91,66,62
1,<environment.Job instance at 0x7feef74d54b0>,37,19,[5 3],38,91,110,53,81
1,<environment.Job instance at 0x7feef74d5b90>,39,15,[6 3],40,98,113,58,98
1,<environment.Job instance at 0x7feef78e0eb0>,9,24,[12  3],10,113,137,103,108
1,<environment.Job instance at 0x7feef74d5d70>,40,21,[ 1 10],41,122,143,81,122
1,<environment.Job instance at 0x7feef74d5a00>,42,16,[8 3],43,137,153,94,124
1,<environment.Job instance at 0x7feef74d5690>,44,16,[4 8],45,143,159,98,130
1,<environment.Job instance at 0x7feef78e0a00>,6,17,[8 5],7,153,170,146,141
1,<environment.Job instance at 0x7feef74d5e60>,47,12,[1 9],48,159,171,111,142
1,<environment.Job instance at 0x7feef74d59b0>,41,15,[ 2 13],42,171,186,129,163
1,<environment.Job instance at 0x7feef7b09640>,0,14,[ 3 13],1,1,15,0,1
1,<environment.Job instance at 0x7feef6cca910>,3,21,[1 6],4,15,36,11,7
1,<environment.Job instance at 0x7feef6d2eb90>,6,17,[2 7],7,15,32,8,7
1,<environment.Job instance at 0x7feef6d2e820>,5,26,[12  1],6,12,38,6,12
1,<environment.Job instance at 0x7feef6d2ed70>,7,16,[5 3],8,38,54,30,25
1,<environment.Job instance at 0x7feef7884910>,9,22,[2 6],10,32,54,22,25
1,<environment.Job instance at 0x7feef7884320>,19,16,[3 5],20,38,54,18,25
1,<environment.Job instance at 0x7feef6d2e640>,8,12,[5 4],9,54,66,45,38
1,<environment.Job instance at 0x7feef7884f00>,20,15,[7 4],21,54,69,33,40
1,<environment.Job instance at 0x7feef7d1ba00>,23,12,[2 5],24,54,66,30,40
1,<environment.Job instance at 0x7feef7d1bf50>,25,17,[2 6],26,66,83,40,54
1,<environment.Job instance at 0x7feef7d1b5a0>,26,13,[9 4],27,69,82,42,54
1,<environment.Job instance at 0x7feef7d1b4b0>,32,16,[7 1],33,82,98,49,69
1,<environment.Job instance at 0x7feef7d1bdc0>,33,15,[4 6],34,82,97,48,69
1,<environment.Job instance at 0x7feef7d1bfa0>,37,17,[5 5],38,97,114,59,85
1,<environment.Job instance at 0x7feef7b0b0a0>,4,18,[7 2],5,98,116,93,87
1,<environment.Job instance at 0x7feef7318320>,42,18,[4 9],43,114,132,71,103
1,<environment.Job instance at 0x7feef7318cd0>,50,15,[10  4],51,116,131,65,104
1,<environment.Job instance at 0x7fef009019b0>,58,15,[5 8],59,132,147,73,118
1,<environment.Job instance at 0x7fef00901780>,62,18,[1 6],63,131,149,68,120
1,<environment.Job instance at 0x7fef00901a00>,65,15,[4 5],66,147,162,81,133
1,<environment.Job instance at 0x7feef70a1410>,72,20,[10  1],73,147,167,74,142
1,<environment.Job instance at 0x7feef70a1690>,78,22,[3 8],79,162,184,83,155
1,<environment.Job instance at 0x7feef70a1be0>,86,12,[9 4],87,167,179,80,155
1,<environment.Job instance at 0x7feef70a1230>,87,16,[5 5],88,179,195,91,166
1,<environment.Job instance at 0x7feef6d24640>,0,13,[ 3 13],1,1,14,0,1
1,<environment.Job instance at 0x7feef70a1230>,2,12,[9 2],3,3,15,0,3
1,<environment.Job instance at 0x7feef6f1c5a0>,5,16,[11  1],6,15,31,9,6
1,<environment.Job instance at 0x7feef6f1c230>,9,21,[ 4 13],10,16,37,6,16
1,<environment.Job instance at 0x7feef6f1c550>,6,17,[10  2],7,31,48,24,20
1,<environment.Job instance at 0x7feef79ab1e0>,21,14,[5 4],22,37,51,15,23
1,<environment.Job instance at 0x7feef6f4e960>,23,16,[6 4],24,48,64,24,35
1,<environment.Job instance at 0x7feef79ab320>,22,16,[13  5],23,64,80,41,51
1,<environment.Job instance at 0x7feef6f4edc0>,25,12,[12  2],26,80,92,54,63
1,<environment.Job instance at 0x7feef7e24410>,29,16,[5 5],30,92,108,62,79
1,<environment.Job instance at 0x7feef6f4eeb0>,26,14,[8 4],27,92,106,65,79
1,<environment.Job instance at 0x7feef7e244b0>,31,15,[4 5],32,106,121,74,92
1,<environment.Job instance at 0x7feef7c8e410>,34,14,[4 8],35,108,122,73,96
1,<environment.Job instance at 0x7feef7c8ef00>,39,17,[7 3],40,121,138,81,109
1,<environment.Job instance at 0x7feef7c96230>,43,17,[10  4],44,138,155,94,126
1,<environment.Job instance at 0x7feef7c8e6e0>,32,17,[12  2],33,155,172,122,143
1,<environment.Job instance at 0x7feef7c96b40>,45,19,[ 1 14],46,172,191,126,162
1,<environment.Job instance at 0x7feef743d5a0>,0,12,[7 4],1,1,13,0,1
1,<environment.Job instance at 0x7feef743d410>,1,14,[ 5 13],2,13,27,11,2
1,<environment.Job instance at 0x7feef71b8c30>,10,12,[5 2],11,11,23,0,11
1,<environment.Job instance at 0x7feef71b8a00>,11,13,[7 2],12,23,36,11,12
1,<environment.Job instance at 0x7feef71b8c80>,8,15,[4 7],9,27,42,18,13
1,<environment.Job instance at 0x7feef746c2d0>,17,21,[3 8],18,36,57,18,28
1,<environment.Job instance at 0x7feef746ce60>,19,16,[10  3],20,42,58,22,29
1,<environment.Job instance at 0x7feef746caf0>,21,21,[1 8],22,57,78,35,49
1,<environment.Job instance at 0x7feef746c870>,24,14,[10  4],25,58,72,33,49
1,<environment.Job instance at 0x7feef746c140>,28,15,[10  3],29,72,87,43,58
1,<environment.Job instance at 0x7feef71b85a0>,12,15,[13  2],13,87,102,74,73
1,<environment.Job instance at 0x7feef74343c0>,31,18,[4 9],32,102,120,70,91
1,<environment.Job instance at 0x7feef71b8230>,2,12,[7 3],3,102,114,99,92
1,<environment.Job instance at 0x7feef7434460>,34,19,[8 2],35,114,133,79,104
1,<environment.Job instance at 0x7feef7434050>,39,20,[10  4],40,133,153,93,124
1,<environment.Job instance at 0x7feef7434d20>,40,18,[9 1],41,153,171,112,142
1,<environment.Job instance at 0x7feef7434e10>,41,20,[3 6],42,142,162,100,142
1,<environment.Job instance at 0x7feef7434370>,42,14,[5 9],43,162,176,119,147
1,<environment.Job instance at 0x7feef7434960>,48,20,[9 2],49,171,191,122,162
1,<environment.Job instance at 0x7feef6d70a50>,0,25,[ 5 12],1,2,27,1,2
1,<environment.Job instance at 0x7feef80db960>,6,13,[3 8],7,27,40,20,11
1,<environment.Job instance at 0x7feef80dbe10>,12,19,[8 1],13,13,32,0,13
1,<environment.Job instance at 0x7feef80dbfa0>,15,20,[9 5],16,32,52,16,24
1,<environment.Job instance at 0x7feef80d8050>,19,16,[9 5],20,52,68,32,39
1,<environment.Job instance at 0x7feef7434960>,2,17,[5 6],3,40,57,37,39
1,<environment.Job instance at 0x7feef80d8f50>,39,12,[6 4],40,57,69,17,51
1,<environment.Job instance at 0x7feef80d8e10>,38,12,[9 2],39,68,80,29,51
1,<environment.Job instance at 0x7feef80ee190>,42,17,[7 4],43,80,97,37,68
1,<environment.Job instance at 0x7feef80ee2d0>,44,14,[5 6],45,69,83,24,68
1,<environment.Job instance at 0x7feef80ee550>,48,15,[8 3],49,83,98,34,69
1,<environment.Job instance at 0x7feef80e4190>,65,13,[3 8],66,97,110,31,81
1,<environment.Job instance at 0x7feef80e42d0>,67,12,[6 3],68,98,110,30,81
1,<environment.Job instance at 0x7feef80e4550>,72,18,[7 3],73,110,128,37,99
1,<environment.Job instance at 0x7feef80e4aa0>,78,14,[4 5],79,110,124,31,99
1,<environment.Job instance at 0x7feef80d20f0>,79,17,[1 6],80,110,127,30,99
1,<environment.Job instance at 0x7feef69924b0>,82,16,[10  2],83,128,144,45,115
1,<environment.Job instance at 0x7feef81047d0>,84,13,[6 3],85,144,157,59,128
1,<environment.Job instance at 0x7feef6e99b40>,90,16,[10  5],91,157,173,66,144
1,<environment.Job instance at 0x7feef79088c0>,95,12,[3 7],96,144,156,48,144
1,<environment.Job instance at 0x7feef7926e10>,96,17,[2 5],97,144,161,47,144
1,<environment.Job instance at 0x7feef6b69550>,98,17,[10  4],99,173,190,74,161
1,<environment.Job instance at 0x7f38c4943230>,0,17,[6 1],1,1,18,0,1
1,<environment.Job instance at 0x7f38c4943320>,2,20,[7 4],3,3,23,0,3
1,<environment.Job instance at 0x7f38bb1cb780>,10,15,[5 1],11,18,33,7,11
1,<environment.Job instance at 0x7f38bb1cbaa0>,11,15,[6 1],12,23,38,11,12
1,<environment.Job instance at 0x7f38bb1cf280>,22,13,[7 4],23,33,46,10,23
1,<environment.Job instance at 0x7f38bb1cbb90>,14,15,[14  4],15,46,61,31,32
1,<environment.Job instance at 0x7f38bb1cf640>,26,12,[8 5],27,61,73,34,44
1,<environment.Job instance at 0x7f38bb1cf500>,24,20,[4 6],25,61,81,36,53
1,<environment.Job instance at 0x7f38bb1cf910>,32,17,[9 3],33,73,90,40,61
1,<environment.Job instance at 0x7f38bb1cf6e0>,27,17,[ 4 12],28,81,98,53,69
1,<environment.Job instance at 0x7f38bb1cfd70>,39,18,[9 4],40,98,116,58,88
1,<environment.Job instance at 0x7f38bb1cff00>,43,16,[1 8],44,98,114,54,94
1,<environment.Job instance at 0x7f38bb1d02d0>,46,14,[6 5],47,114,128,67,99
1,<environment.Job instance at 0x7f38bb1d0190>,49,13,[1 5],50,116,129,66,100
1,<environment.Job instance at 0x7f38bb1d05f0>,51,13,[5 6],52,128,141,76,112
1,<environment.Job instance at 0x7f38bb1d05a0>,53,17,[7 4],54,116,133,62,112
1,<environment.Job instance at 0x7f38bb1d0910>,54,13,[7 3],55,133,146,78,117
1,<environment.Job instance at 0x7f38bb1d0960>,56,21,[8 4],57,141,162,84,133
1,<environment.Job instance at 0x7f38bb1cfb90>,36,20,[7 5],37,146,166,109,137
1,<environment.Job instance at 0x7f38bb1d0b90>,59,19,[1 7],60,162,181,102,152
1,<environment.Job instance at 0x7f38bb1d0e10>,63,12,[5 3],64,162,174,98,152
1,<environment.Job instance at 0x7f38bb1d3050>,67,18,[9 4],68,166,184,98,155
1,<environment.Job instance at 0x7f38bb1d3190>,68,12,[7 1],69,184,196,115,167
1,<environment.Job instance at 0x7f38bb1d32d0>,70,15,[8 4],71,184,199,113,170
1,<environment.Job instance at 0x7f38bb6d90f0>,0,26,[3 9],1,2,28,1,2
1,<environment.Job instance at 0x7f38bb7133c0>,6,17,[9 2],7,10,27,3,10
1,<environment.Job instance at 0x7f38bb713e60>,7,16,[1 7],8,28,44,20,16
1,<environment.Job instance at 0x7f38bb713280>,12,20,[7 5],13,27,47,14,18
1,<environment.Job instance at 0x7f38bb713be0>,5,22,[12  2],6,47,69,41,40
1,<environment.Job instance at 0x7f38bb7138c0>,16,18,[7 1],17,69,87,52,58
1,<environment.Job instance at 0x7f38bb713550>,15,21,[5 9],16,69,90,53,61
1,<environment.Job instance at 0x7f38bb8558c0>,18,14,[7 1],19,87,101,68,72
1,<environment.Job instance at 0x7f38bb7137d0>,17,19,[3 8],18,90,109,72,80
1,<environment.Job instance at 0x7f38bb855050>,23,15,[6 1],24,101,116,77,87
1,<environment.Job instance at 0x7f38bb8557d0>,24,18,[5 4],25,90,108,65,87
1,<environment.Job instance at 0x7f38bb855280>,25,13,[12  2],26,116,129,90,100
1,<environment.Job instance at 0x7f38bb8555a0>,22,22,[2 8],23,116,138,93,116
1,<environment.Job instance at 0x7f38bb855af0>,26,27,[10  5],27,129,156,102,127
1,<environment.Job instance at 0x7f38bb855fa0>,34,13,[2 5],35,138,151,103,130
1,<environment.Job instance at 0x7f38bb8a1730>,46,15,[8 5],47,156,171,109,142
1,<environment.Job instance at 0x7f38bb8a1910>,49,12,[4 8],50,151,163,101,142
1,<environment.Job instance at 0x7f38bb8a1eb0>,50,19,[4 7],51,163,182,112,153
1,<environment.Job instance at 0x7f38bb855eb0>,31,15,[11  5],32,171,186,139,157
1,<environment.Job instance at 0x7f38bb8a18c0>,56,13,[4 8],57,182,195,125,168
1,<environment.Job instance at 0x7f38bb8a1410>,57,16,[8 4],58,186,202,128,173
1,<environment.Job instance at 0x7f38bb8a1b90>,60,13,[2 7],61,195,208,134,179
1,<environment.Job instance at 0x7f38ba8f71e0>,6,21,[ 5 10],7,7,28,0,7
1,<environment.Job instance at 0x7f38ba8f7190>,8,16,[5 2],9,9,25,0,9
1,<environment.Job instance at 0x7f38ba8f25f0>,15,13,[5 5],16,25,38,9,16
1,<environment.Job instance at 0x7f38ba8f25a0>,16,20,[7 1],17,28,48,11,22
1,<environment.Job instance at 0x7f38ba8f2d20>,12,24,[6 4],13,38,62,25,33
1,<environment.Job instance at 0x7f38ba8f2fa0>,21,20,[5 5],22,48,68,26,39
1,<environment.Job instance at 0x7f38ba8f20a0>,25,17,[7 4],26,62,79,36,50
1,<environment.Job instance at 0x7f38ba8eb410>,27,19,[3 8],28,68,87,40,65
1,<environment.Job instance at 0x7f38ba8eb4b0>,29,13,[1 7],30,79,92,49,65
1,<environment.Job instance at 0x7f38ba8eba50>,32,18,[10  5],33,87,105,54,76
1,<environment.Job instance at 0x7f38ba8e8370>,39,16,[4 5],40,92,108,52,79
1,<environment.Job instance at 0x7f38ba8e8f00>,42,14,[4 5],43,105,119,62,90
1,<environment.Job instance at 0x7f38ba8e8e60>,45,13,[5 6],46,108,121,62,92
1,<environment.Job instance at 0x7f38ba8f20f0>,11,25,[12  5],12,121,146,109,117
1,<environment.Job instance at 0x7f38ba8e8af0>,51,13,[ 5 12],52,146,159,94,130
1,<environment.Job instance at 0x7f38ba8f7050>,9,22,[2 5],10,159,181,149,153
1,<environment.Job instance at 0x7f38ba8e8a00>,50,20,[4 9],51,159,179,108,153
1,<environment.Job instance at 0x7f38ba966aa0>,58,18,[5 5],59,179,197,120,168
1,<environment.Job instance at 0x7f38bab22a50>,2,18,[2 5],3,3,21,0,3
1,<environment.Job instance at 0x7f38ba966320>,5,19,[5 7],6,6,25,0,6
1,<environment.Job instance at 0x7f38bb7acd70>,9,21,[1 7],10,21,42,11,13
1,<environment.Job instance at 0x7f38baa5a280>,13,14,[10  3],14,25,39,11,14
1,<environment.Job instance at 0x7f38baa5a230>,14,18,[4 7],15,39,57,24,28
1,<environment.Job instance at 0x7f38baa5a730>,18,21,[5 6],19,42,63,23,34
1,<environment.Job instance at 0x7f38baa5a6e0>,20,13,[4 5],21,57,70,36,46
1,<environment.Job instance at 0x7f38baa5acd0>,22,16,[1 5],23,63,79,40,50
1,<environment.Job instance at 0x7f38baa5a5a0>,23,18,[4 9],24,70,88,46,59
1,<environment.Job instance at 0x7f38ba9f7820>,28,13,[10  1],29,63,76,34,59
1,<environment.Job instance at 0x7f38ba9f7f50>,34,18,[ 1 10],35,88,106,53,77
1,<environment.Job instance at 0x7f38ba9ebdc0>,39,14,[1 7],40,106,120,66,91
1,<environment.Job instance at 0x7f38ba9eb320>,40,18,[7 5],41,91,109,50,91
1,<environment.Job instance at 0x7f38baa5ac80>,11,16,[6 1],12,106,122,94,93
1,<environment.Job instance at 0x7f38bb1cfa00>,0,27,[6 1],1,111,138,110,111
1,<environment.Job instance at 0x7f38ba9eb6e0>,44,22,[10  2],45,138,160,93,131
1,<environment.Job instance at 0x7f38ba9eb5a0>,47,16,[2 8],48,131,147,83,131
1,<environment.Job instance at 0x7f38bae1e0a0>,55,18,[2 5],56,131,149,75,131
1,<environment.Job instance at 0x7f38bae1e9b0>,58,14,[3 9],59,149,163,90,134
1,<environment.Job instance at 0x7f38bae1ea50>,60,14,[5 1],61,160,174,99,145
1,<environment.Job instance at 0x7f38bae1ed20>,64,14,[8 4],65,163,177,98,148
1,<environment.Job instance at 0x7f38bae1e6e0>,68,14,[5 8],69,174,188,105,159
1,<environment.Job instance at 0x7f38bad8f050>,74,19,[3 6],75,177,196,102,167
1,<environment.Job instance at 0x7f38bad8f640>,76,15,[6 1],77,177,192,100,167
1,<environment.Job instance at 0x7f38bad8f5f0>,80,12,[2 8],81,188,200,107,171
1,<environment.Job instance at 0x7f38bb9b3730>,1,17,[2 7],2,2,19,0,2
1,<environment.Job instance at 0x7f38bb9b3870>,2,23,[8 3],3,3,26,0,3
1,<environment.Job instance at 0x7f38bb98b6e0>,10,14,[9 2],11,26,40,15,11
1,<environment.Job instance at 0x7f38bb966c30>,18,12,[6 4],19,20,32,1,20
1,<environment.Job instance at 0x7f38bb9c8140>,24,18,[5 8],25,32,50,7,25
1,<environment.Job instance at 0x7f38bbcd5eb0>,39,15,[9 2],40,40,55,0,40
1,<environment.Job instance at 0x7f38bbcb6b40>,41,14,[5 7],42,50,64,8,42
1,<environment.Job instance at 0x7f38c4341b90>,43,16,[6 2],44,55,71,11,44
1,<environment.Job instance at 0x7f38bb9a33c0>,54,13,[4 5],55,55,68,0,55
1,<environment.Job instance at 0x7f38bb9a3f50>,57,17,[8 3],58,68,85,10,58
1,<environment.Job instance at 0x7f38bb95a410>,71,15,[6 3],72,72,87,0,72
1,<environment.Job instance at 0x7f38bb95a370>,72,16,[9 3],73,85,101,12,73
1,<environment.Job instance at 0x7f38bae14140>,81,15,[5 4],82,87,102,5,82
1,<environment.Job instance at 0x7f38ba7dce60>,86,14,[7 3],87,101,115,14,87
1,<environment.Job instance at 0x7f38ba7815f0>,95,12,[5 5],96,102,114,6,96
1,<environment.Job instance at 0x7f38bab5e460>,99,17,[8 3],100,114,131,14,102
1,<environment.Job instance at 0x7f38ba77d820>,120,18,[7 4],121,121,139,0,121
1,<environment.Job instance at 0x7f38ba77cf50>,140,16,[6 3],141,141,157,0,141
1,<environment.Job instance at 0x7f38ba7ff460>,151,20,[3 8],152,152,172,0,152
1,<environment.Job instance at 0x7f38bbd0cdc0>,0,13,[ 1 12],1,1,14,0,1
1,<environment.Job instance at 0x7f38bbd02370>,1,16,[ 2 12],2,14,30,12,3
1,<environment.Job instance at 0x7f38badf3640>,9,14,[13  3],10,11,25,1,11
1,<environment.Job instance at 0x7f38badf3b90>,8,13,[4 5],9,30,43,21,14
1,<environment.Job instance at 0x7f38bac39690>,13,20,[8 4],14,30,50,16,25
1,<environment.Job instance at 0x7f38bac394b0>,18,19,[6 5],19,43,62,24,33
1,<environment.Job instance at 0x7f38bbcedc80>,21,15,[2 7],22,50,65,28,36
1,<environment.Job instance at 0x7f38bbced6e0>,22,17,[3 5],23,62,79,39,50
1,<environment.Job instance at 0x7f38badf3cd0>,11,14,[10  4],12,65,79,53,50
1,<environment.Job instance at 0x7f38bbcedaf0>,31,21,[2 9],32,79,100,47,74
1,<environment.Job instance at 0x7f38bbced960>,35,14,[10  1],36,79,93,43,74
1,<environment.Job instance at 0x7f38bbceff50>,36,12,[9 5],37,93,105,56,76
1,<environment.Job instance at 0x7f38bbcef140>,40,16,[5 4],41,100,116,59,87
1,<environment.Job instance at 0x7f38bbcefc80>,41,18,[7 2],42,105,123,63,94
1,<environment.Job instance at 0x7f38bbcef550>,42,12,[5 2],43,116,128,73,99
1,<environment.Job instance at 0x7f38bb009140>,52,19,[2 5],53,105,124,52,105
1,<environment.Job instance at 0x7f38bb009fa0>,56,13,[8 4],57,123,136,66,107
1,<environment.Job instance at 0x7f38bb009280>,57,17,[6 2],58,128,145,70,116
1,<environment.Job instance at 0x7f38bb009eb0>,58,16,[6 5],59,136,152,77,123
1,<environment.Job instance at 0x7f38bb0098c0>,60,19,[4 5],61,145,164,84,135
1,<environment.Job instance at 0x7f38bb009d20>,62,16,[6 3],63,152,168,89,139
1,<environment.Job instance at 0x7f38bb009c30>,64,21,[5 4],65,145,166,80,140
1,<environment.Job instance at 0x7f38bb009820>,65,16,[6 4],66,166,182,100,153
1,<environment.Job instance at 0x7f38bbd12f50>,4,14,[4 8],5,168,182,163,155
1,<environment.Job instance at 0x7f38bb009910>,69,12,[5 4],70,182,194,112,174
1,<environment.Job instance at 0x7f38babdfd20>,71,13,[9 3],72,182,195,110,174
1,<environment.Job instance at 0x7f38bb21e050>,0,13,[11  3],1,1,14,0,1
1,<environment.Job instance at 0x7f38bb21e320>,1,22,[ 4 12],2,2,24,0,2
1,<environment.Job instance at 0x7f38ba73f640>,4,12,[3 7],5,24,36,19,7
1,<environment.Job instance at 0x7f38ba73f960>,8,14,[5 7],9,24,38,15,9
1,<environment.Job instance at 0x7f38ba73fd70>,14,13,[5 5],15,36,49,21,21
1,<environment.Job instance at 0x7f38ba73fbe0>,12,13,[9 3],13,38,51,25,26
1,<environment.Job instance at 0x7f38ba73ffa0>,17,20,[4 9],18,49,69,31,40
1,<environment.Job instance at 0x7f38ba740500>,24,19,[7 5],25,51,70,26,41
1,<environment.Job instance at 0x7f38ba7405f0>,27,21,[4 5],28,69,90,41,61
1,<environment.Job instance at 0x7f38ba740690>,28,16,[10  1],29,70,86,41,61
1,<environment.Job instance at 0x7f38ba740730>,29,18,[8 2],30,86,104,56,75
1,<environment.Job instance at 0x7f38ba740910>,32,21,[8 4],33,104,125,71,96
1,<environment.Job instance at 0x7f38ba740b90>,36,22,[7 2],37,96,118,59,96
1,<environment.Job instance at 0x7f38ba740cd0>,38,15,[7 4],39,118,133,79,104
1,<environment.Job instance at 0x7f38ba740d70>,39,14,[4 7],40,125,139,85,110
1,<environment.Job instance at 0x7f38ba740e60>,40,19,[5 2],41,133,152,92,123
1,<environment.Job instance at 0x7f38ba740f00>,42,17,[6 5],43,133,150,90,123
1,<environment.Job instance at 0x7f38ba744230>,44,22,[8 3],45,150,172,105,143
1,<environment.Job instance at 0x7f38ba744550>,49,18,[2 5],50,143,161,93,143
1,<environment.Job instance at 0x7f38ba744690>,51,21,[2 6],52,152,173,100,144
1,<environment.Job instance at 0x7f38ba744910>,55,15,[9 4],56,172,187,116,158
1,<environment.Job instance at 0x7f38ba7449b0>,56,15,[4 7],57,173,188,116,159
1,<environment.Job instance at 0x7f38ba744c30>,60,18,[5 5],61,187,205,126,176
1,<environment.Job instance at 0x7f38ba746230>,67,15,[8 2],68,188,203,120,176
1,<environment.Job instance at 0x7f38bb61e6e0>,3,16,[7 4],4,4,20,0,4
1,<environment.Job instance at 0x7f38baa316e0>,14,14,[3 5],15,15,29,0,15
1,<environment.Job instance at 0x7f38baf83eb0>,23,13,[7 3],24,24,37,0,24
1,<environment.Job instance at 0x7f38bb0ce2d0>,28,16,[4 8],29,29,45,0,29
1,<environment.Job instance at 0x7f38bb0ce5a0>,29,18,[11  1],30,37,55,7,30
1,<environment.Job instance at 0x7f38bb0cec80>,34,18,[7 4],35,55,73,20,44
1,<environment.Job instance at 0x7f38bb0ce410>,38,15,[1 5],39,45,60,6,44
1,<environment.Job instance at 0x7f38bb6c37d0>,39,27,[4 5],40,55,82,15,53
1,<environment.Job instance at 0x7f38bb6c3dc0>,40,16,[11  1],41,73,89,32,60
1,<environment.Job instance at 0x7f38bb6c36e0>,41,16,[ 1 12],42,82,98,40,69
1,<environment.Job instance at 0x7f38bb0ce8c0>,30,18,[10  3],31,89,107,58,84
1,<environment.Job instance at 0x7f38bb6c3230>,43,25,[8 4],44,107,132,63,103
1,<environment.Job instance at 0x7f38bb6c3500>,44,21,[6 3],45,107,128,62,103
1,<environment.Job instance at 0x7f38bb0ce0f0>,33,27,[ 3 12],34,132,159,98,130
1,<environment.Job instance at 0x7f38ba8863c0>,55,18,[9 3],56,133,151,77,133
1,<environment.Job instance at 0x7f38ba8865a0>,47,14,[12  5],48,159,173,111,144
1,<environment.Job instance at 0x7f38ba886c80>,56,17,[1 6],57,159,176,102,159
1,<environment.Job instance at 0x7f38ba886f00>,57,18,[11  2],58,173,191,115,162
1,<environment.Job instance at 0x7f38ba886690>,59,13,[ 4 13],60,176,189,116,162
1,<environment.Job instance at 0x7f38ba8865f0>,60,17,[11  2],61,191,208,130,179
1,<environment.Job instance at 0x7f38bbd38e10>,1,18,[11  1],2,2,20,0,2
1,<environment.Job instance at 0x7f38ba418b90>,7,15,[4 9],8,8,23,0,8
1,<environment.Job instance at 0x7f38ba429d20>,5,18,[6 1],6,20,38,14,9
1,<environment.Job instance at 0x7f38ba418b40>,10,12,[5 9],11,23,35,12,11
1,<environment.Job instance at 0x7f38ba584820>,12,17,[6 3],13,35,52,22,23
1,<environment.Job instance at 0x7f38bb3bee60>,13,12,[4 8],14,38,50,24,23
1,<environment.Job instance at 0x7f38bb3bec30>,8,22,[ 4 13],9,52,74,43,45
1,<environment.Job instance at 0x7f38ba584370>,18,28,[5 1],19,45,73,26,45
1,<environment.Job instance at 0x7f38ba584690>,19,28,[1 9],20,74,102,54,73
1,<environment.Job instance at 0x7f38ba44ccd0>,20,12,[5 7],21,102,114,81,85
1,<environment.Job instance at 0x7f38bb17e1e0>,21,18,[6 5],22,85,103,63,85
1,<environment.Job instance at 0x7f38ba584aa0>,22,17,[8 5],23,103,120,80,91
1,<environment.Job instance at 0x7f38ba91c5a0>,23,13,[10  5],24,120,133,96,104
1,<environment.Job instance at 0x7f38ba44c640>,24,15,[ 5 12],25,133,148,108,119
1,<environment.Job instance at 0x7f38ba91c8c0>,25,16,[5 8],26,148,164,122,135
1,<environment.Job instance at 0x7f38ba584640>,17,22,[9 4],18,148,170,130,145
1,<environment.Job instance at 0x7f38baf72f00>,27,12,[3 5],28,164,176,136,147
1,<environment.Job instance at 0x7f38baf72550>,29,14,[6 2],30,170,184,140,155
1,<environment.Job instance at 0x7f38bb220960>,33,12,[5 5],34,170,182,136,155
1,<environment.Job instance at 0x7f38bb2208c0>,34,16,[4 6],35,176,192,141,163
1,<environment.Job instance at 0x7f38baf8b960>,37,14,[5 4],38,182,196,144,167
1,<environment.Job instance at 0x7f38ba9f1af0>,39,12,[3 8],40,192,204,152,176
1,<environment.Job instance at 0x7f38bad1ccd0>,0,17,[2 7],1,2,19,1,2
1,<environment.Job instance at 0x7f38bb25c0a0>,3,15,[ 4 10],4,19,34,15,5
1,<environment.Job instance at 0x7f38ba7ec500>,8,17,[4 5],9,9,26,0,9
1,<environment.Job instance at 0x7f38bbac62d0>,12,20,[1 5],13,26,46,13,17
1,<environment.Job instance at 0x7f38ba7ecb40>,15,13,[8 1],16,34,47,18,18
1,<environment.Job instance at 0x7f38bbd46b90>,16,14,[1 6],17,34,48,17,19
1,<environment.Job instance at 0x7f38bb844050>,17,13,[6 3],18,46,59,28,30
1,<environment.Job instance at 0x7f38bbd461e0>,20,20,[3 8],21,48,68,27,39
1,<environment.Job instance at 0x7f38bbc1a690>,22,12,[5 9],23,68,80,45,51
1,<environment.Job instance at 0x7f38bb8a16e0>,24,17,[5 3],25,51,68,26,51
1,<environment.Job instance at 0x7f38bbc54be0>,26,12,[5 7],27,80,92,53,63
1,<environment.Job instance at 0x7f38bb7e0fa0>,31,15,[1 6],32,68,83,36,63
1,<environment.Job instance at 0x7f38bbb983c0>,32,21,[2 6],33,83,104,50,75
1,<environment.Job instance at 0x7f38c43a85f0>,36,20,[9 3],37,92,112,55,84
1,<environment.Job instance at 0x7f38ba9e85f0>,43,16,[8 2],44,112,128,68,99
1,<environment.Job instance at 0x7f38baa0a0a0>,45,14,[7 1],46,112,126,66,99
1,<environment.Job instance at 0x7f38baa0a5a0>,47,22,[2 6],48,126,148,78,119
1,<environment.Job instance at 0x7f38baa0a960>,48,17,[5 5],49,126,143,77,119
1,<environment.Job instance at 0x7f38baa25b90>,49,16,[5 5],50,143,159,93,130
1,<environment.Job instance at 0x7f38bae290a0>,50,20,[1 5],51,148,168,97,139
1,<environment.Job instance at 0x7f38baa25b40>,52,17,[9 1],53,148,165,95,139
1,<environment.Job instance at 0x7f38bae5f410>,53,18,[11  4],54,165,183,111,154
1,<environment.Job instance at 0x7f38bae5f7d0>,58,18,[1 8],59,168,186,109,157
1,<environment.Job instance at 0x7f38bae5ff00>,62,20,[3 5],63,183,203,120,174
1,<environment.Job instance at 0x7f38bae5f780>,63,18,[7 1],64,183,201,119,174
1,<environment.Job instance at 0x7f38bab446e0>,2,16,[6 1],3,3,19,0,3
1,<environment.Job instance at 0x7f38bb221e60>,4,14,[11  1],5,19,33,14,5
1,<environment.Job instance at 0x7f38bbd463c0>,7,17,[4 8],8,13,30,5,13
1,<environment.Job instance at 0x7f38bb1d0e10>,13,15,[ 1 10],14,30,45,16,17
1,<environment.Job instance at 0x7f38bb1d0e60>,14,12,[7 4],15,33,45,18,17
1,<environment.Job instance at 0x7f38bbb15a00>,9,14,[13  4],10,45,59,35,30
1,<environment.Job instance at 0x7f38bab4dc30>,6,14,[13  4],7,59,73,52,50
1,<environment.Job instance at 0x7f38bb1d0280>,18,15,[3 6],19,73,88,54,60
1,<environment.Job instance at 0x7f38bb1d0960>,15,20,[4 6],16,73,93,57,65
1,<environment.Job instance at 0x7f38bb1d0c80>,24,18,[5 5],25,88,106,63,77
1,<environment.Job instance at 0x7f38bb927460>,27,16,[5 6],28,93,109,65,80
1,<environment.Job instance at 0x7f38bb927c30>,28,21,[5 5],29,106,127,77,98
1,<environment.Job instance at 0x7f38bb927910>,30,13,[4 7],31,109,122,78,98
1,<environment.Job instance at 0x7f38bb927b90>,33,15,[5 5],34,122,137,88,108
1,<environment.Job instance at 0x7f38bb927d20>,35,18,[ 3 10],36,127,145,91,117
1,<environment.Job instance at 0x7f38bb9278c0>,36,14,[5 8],37,145,159,108,130
1,<environment.Job instance at 0x7f38bb927780>,40,20,[5 5],41,137,157,96,131
1,<environment.Job instance at 0x7f38bb927820>,42,13,[6 3],43,157,170,114,141
1,<environment.Job instance at 0x7f38bb1d0f00>,19,23,[9 1],20,159,182,139,153
1,<environment.Job instance at 0x7f38bb4f0280>,46,15,[ 1 11],47,170,185,123,156
1,<environment.Job instance at 0x7f38bb1d02d0>,16,18,[12  1],17,182,200,165,171
1,<environment.Job instance at 0x7f38bb4f04b0>,47,18,[1 8],48,185,203,137,174
1,<environment.Job instance at 0x7f38bafd5730>,0,16,[ 4 11],1,1,17,0,1
1,<environment.Job instance at 0x7f38bbdc15a0>,7,14,[5 6],8,17,31,9,8
1,<environment.Job instance at 0x7f38bbdc1fa0>,11,12,[7 5],12,17,29,5,12
1,<environment.Job instance at 0x7f38bbdc1a50>,16,13,[6 3],17,29,42,12,17
1,<environment.Job instance at 0x7f38bbdc1f50>,17,15,[10  3],18,42,57,24,28
1,<environment.Job instance at 0x7f38bb675410>,20,18,[2 9],21,31,49,10,28
1,<environment.Job instance at 0x7f38bb51f370>,37,13,[5 8],38,49,62,11,38
1,<environment.Job instance at 0x7f38bb51f4b0>,38,16,[5 2],39,57,73,18,44
1,<environment.Job instance at 0x7f38bb51f410>,40,13,[5 5],41,57,70,16,44
1,<environment.Job instance at 0x7f38bb51f780>,45,19,[6 5],46,70,89,24,60
1,<environment.Job instance at 0x7f38bb51f690>,46,17,[9 4],47,73,90,26,61
1,<environment.Job instance at 0x7f38bac6bc30>,50,21,[7 1],51,90,111,39,82
1,<environment.Job instance at 0x7f38bac6b5f0>,54,22,[2 8],55,89,111,34,82
1,<environment.Job instance at 0x7f38bac6b690>,58,17,[5 2],59,90,107,31,82
1,<environment.Job instance at 0x7f38baca75a0>,62,12,[9 4],63,111,123,48,94
1,<environment.Job instance at 0x7f38baca7640>,63,19,[2 8],64,111,130,47,101
1,<environment.Job instance at 0x7f38baca7730>,64,16,[4 9],65,130,146,65,117
1,<environment.Job instance at 0x7f38baca7e10>,67,21,[10  3],68,123,144,55,117
1,<environment.Job instance at 0x7f38baca78c0>,68,17,[9 1],69,144,161,75,132
1,<environment.Job instance at 0x7f38baca7960>,70,14,[3 5],71,146,160,75,132
1,<environment.Job instance at 0x7f38bbdc1500>,18,12,[3 9],19,146,158,127,135
1,<environment.Job instance at 0x7f38ba6f1820>,76,18,[5 9],77,160,178,83,149
1,<environment.Job instance at 0x7f38ba6f15f0>,78,17,[8 4],79,161,178,82,149
1,<environment.Job instance at 0x7f38ba6f1370>,81,13,[8 4],82,178,191,96,162
1,<environment.Job instance at 0x7f38ba71eb40>,83,18,[1 6],84,178,196,94,167
1,<environment.Job instance at 0x7f38ba71ec30>,86,15,[8 3],87,191,206,104,177
1,<environment.Job instance at 0x7f38ba71e9b0>,89,13,[6 1],90,178,191,88,177
1,<environment.Job instance at 0x7f38bb0b9cd0>,1,14,[5 8],2,2,16,0,2
1,<environment.Job instance at 0x7f38baca5410>,2,13,[14  3],3,16,29,13,4
1,<environment.Job instance at 0x7f38bad57370>,5,12,[4 5],6,29,41,23,12
1,<environment.Job instance at 0x7f38ba71e9b0>,3,17,[7 1],4,29,46,25,17
1,<environment.Job instance at 0x7f38bad57af0>,9,16,[7 2],10,41,57,31,28
1,<environment.Job instance at 0x7f38bad57640>,10,21,[1 5],11,28,49,17,28
1,<environment.Job instance at 0x7f38bad5d5f0>,16,15,[8 5],17,49,64,32,35
1,<environment.Job instance at 0x7f38bad5d690>,19,14,[8 4],20,64,78,44,49
1,<environment.Job instance at 0x7f38bad5dd20>,22,14,[7 4],23,57,71,34,49
1,<environment.Job instance at 0x7f38bad5d050>,28,14,[5 5],29,71,85,42,56
1,<environment.Job instance at 0x7f38ba6cad20>,38,19,[6 2],39,78,97,39,68
1,<environment.Job instance at 0x7f38ba6caf00>,40,17,[7 2],41,85,102,44,73
1,<environment.Job instance at 0x7f38ba6ca640>,49,21,[7 4],50,97,118,47,89
1,<environment.Job instance at 0x7f38bb34daa0>,64,16,[3 9],65,102,118,37,89
1,<environment.Job instance at 0x7f38ba43c410>,96,16,[5 6],97,118,134,21,105
1,<environment.Job instance at 0x7f38ba43c5a0>,104,15,[5 5],105,118,133,13,105
1,<environment.Job instance at 0x7f38bb253aa0>,109,17,[10  4],110,133,150,23,121
1,<environment.Job instance at 0x7f38bb0b9320>,0,24,[3 7],1,134,158,133,130
1,<environment.Job instance at 0x7f38bb253370>,112,21,[10  4],113,150,171,37,142
1,<environment.Job instance at 0x7f38bb253730>,115,20,[8 3],116,171,191,55,162
1,<environment.Job instance at 0x7f38bb253c30>,116,12,[5 7],117,162,174,45,162
1,<environment.Job instance at 0x7f38bb2539b0>,119,19,[2 8],120,174,193,54,164
1,<environment.Job instance at 0x7f38bb2531e0>,121,16,[5 7],122,191,207,69,178
1,<environment.Job instance at 0x7f38ba462550>,2,20,[3 9],3,3,23,0,3
1,<environment.Job instance at 0x7f38ba6a8b90>,12,16,[13  1],13,23,39,10,14
1,<environment.Job instance at 0x7f38baba0c30>,22,13,[6 4],23,39,52,16,24
1,<environment.Job instance at 0x7f38baba01e0>,23,13,[12  4],24,52,65,28,36
1,<environment.Job instance at 0x7f38baba0dc0>,25,18,[8 1],26,65,83,39,54
1,<environment.Job instance at 0x7f38baba0d70>,26,12,[5 2],27,65,77,38,54
1,<environment.Job instance at 0x7f38baba0cd0>,27,16,[ 5 12],28,77,93,49,65
1,<environment.Job instance at 0x7f38baba0fa0>,28,15,[9 1],29,83,98,54,69
1,<environment.Job instance at 0x7f38ba94e190>,29,26,[ 3 10],30,93,119,63,90
1,<environment.Job instance at 0x7f38ba94e230>,30,13,[9 1],31,98,111,67,90
1,<environment.Job instance at 0x7f38baba0f00>,24,20,[6 3],25,111,131,86,105
1,<environment.Job instance at 0x7f38ba94e410>,33,15,[6 4],34,119,134,85,105
1,<environment.Job instance at 0x7f38ba94e2d0>,31,21,[3 8],32,119,140,87,111
1,<environment.Job instance at 0x7f38ba94e6e0>,36,19,[5 1],37,131,150,94,121
1,<environment.Job instance at 0x7f38ba94e550>,35,19,[7 2],36,134,153,98,134
1,<environment.Job instance at 0x7f38ba94e7d0>,38,21,[1 8],39,140,161,101,137
1,<environment.Job instance at 0x7f38ba94e870>,39,13,[3 6],40,153,166,113,137
1,<environment.Job instance at 0x7f38ba94e780>,37,18,[11  2],38,161,179,123,150
1,<environment.Job instance at 0x7f38ba94eb90>,44,18,[14  3],45,179,197,134,168
1,<environment.Job instance at 0x7f38bb3d0370>,0,13,[4 6],1,1,14,0,1
1,<environment.Job instance at 0x7f38ba94ebe0>,1,14,[1 8],2,2,16,0,2
1,<environment.Job instance at 0x7f38ba94eb90>,3,13,[11  1],4,14,27,10,4
1,<environment.Job instance at 0x7f38bb3d07d0>,6,18,[ 4 10],7,16,34,9,8
1,<environment.Job instance at 0x7f38bb3d00f0>,8,19,[8 2],9,27,46,18,17
1,<environment.Job instance at 0x7f38bb3d03c0>,12,20,[9 5],13,46,66,33,37
1,<environment.Job instance at 0x7f38bbccdfa0>,21,13,[7 3],22,66,79,44,50
1,<environment.Job instance at 0x7f38bb0f9690>,22,21,[5 5],23,50,71,27,50
1,<environment.Job instance at 0x7f38ba67eeb0>,24,12,[6 2],25,71,83,46,54
1,<environment.Job instance at 0x7f38ba67e960>,25,14,[6 3],26,79,93,53,64
1,<environment.Job instance at 0x7f38ba70fc30>,30,19,[5 5],31,83,102,52,73
1,<environment.Job instance at 0x7f38ba70fbe0>,33,15,[ 5 10],34,93,108,59,79
1,<environment.Job instance at 0x7f38ba70f370>,36,17,[8 5],37,102,119,65,90
1,<environment.Job instance at 0x7f38bad4a190>,38,13,[2 8],39,108,121,69,92
1,<environment.Job instance at 0x7f38bb150820>,51,17,[2 8],52,121,138,69,109
1,<environment.Job instance at 0x7f38bb150730>,53,18,[6 3],54,119,137,65,109
1,<environment.Job instance at 0x7f38ba5c4af0>,60,13,[6 2],61,119,132,58,109
1,<environment.Job instance at 0x7f38bb3de640>,67,19,[5 3],68,132,151,64,122
1,<environment.Job instance at 0x7f38bb3de7d0>,69,15,[6 3],70,137,152,67,123
1,<environment.Job instance at 0x7f38bb3deb40>,72,16,[8 3],73,151,167,78,138
1,<environment.Job instance at 0x7f38bb3de460>,74,16,[4 8],75,152,168,77,139
1,<environment.Job instance at 0x7f38bb3de8c0>,78,16,[9 4],79,167,183,88,154
1,<environment.Job instance at 0x7f38bb8c3960>,87,16,[2 6],88,168,184,80,155
1,<environment.Job instance at 0x7f38bb8c3640>,90,20,[5 2],91,183,203,92,174
1,<environment.Job instance at 0x7f38bb8c35f0>,92,15,[8 3],93,183,198,90,174
1,<environment.Job instance at 0x7f38bb8c3be0>,95,16,[2 5],96,184,200,88,174
1,<environment.Job instance at 0x7f38ba57c2d0>,0,12,[ 3 11],1,1,13,0,1
1,<environment.Job instance at 0x7f38c43a81e0>,2,18,[11  4],3,3,21,0,3
1,<environment.Job instance at 0x7f38babcfdc0>,11,16,[9 2],12,21,37,9,13
1,<environment.Job instance at 0x7f38babcf4b0>,13,16,[5 3],14,21,37,7,14
1,<environment.Job instance at 0x7f38babcf460>,15,16,[1 9],16,16,32,0,16
1,<environment.Job instance at 0x7f38babcf7d0>,19,19,[7 5],20,37,56,17,27
1,<environment.Job instance at 0x7f38babcfb90>,12,21,[ 4 12],13,56,77,43,48
1,<environment.Job instance at 0x7f38ba67e5f0>,3,18,[9 2],4,56,74,52,49
1,<environment.Job instance at 0x7f38babcf1e0>,22,19,[9 5],23,77,96,54,69
1,<environment.Job instance at 0x7f38babcff00>,24,18,[7 2],25,96,114,71,85
1,<environment.Job instance at 0x7f38babcf820>,23,21,[1 6],24,87,108,63,87
1,<environment.Job instance at 0x7f38babcf780>,25,26,[12  1],26,114,140,88,111
1,<environment.Job instance at 0x7f38c48740f0>,27,16,[5 3],28,140,156,112,127
1,<environment.Job instance at 0x7f38c4874190>,28,12,[5 4],29,140,152,111,127
1,<environment.Job instance at 0x7f38c49e5640>,29,22,[2 6],30,127,149,97,127
1,<environment.Job instance at 0x7f38c49e5b40>,30,27,[ 4 12],31,152,179,121,150
1,<environment.Job instance at 0x7f38c49e5f50>,31,28,[11  3],32,156,184,124,155
1,<environment.Job instance at 0x7f38c49e5460>,32,24,[ 3 12],33,179,203,146,174
1,<environment.Job instance at 0x7f38ba855690>,1,16,[10  4],2,2,18,0,2
1,<environment.Job instance at 0x7f38bbdee910>,2,17,[1 6],3,3,20,0,3
1,<environment.Job instance at 0x7f38bb4a27d0>,7,13,[5 5],8,18,31,10,8
1,<environment.Job instance at 0x7f38bae4c280>,9,16,[9 2],10,18,34,8,10
1,<environment.Job instance at 0x7f38bad4ff50>,12,12,[9 2],13,34,46,21,17
1,<environment.Job instance at 0x7f38bb3243c0>,16,17,[10  2],17,46,63,29,34
1,<environment.Job instance at 0x7f38bb3244b0>,25,18,[9 3],26,63,81,37,52
1,<environment.Job instance at 0x7f38bb302410>,30,14,[10  5],31,81,95,50,66
1,<environment.Job instance at 0x7f38bb3024b0>,31,14,[5 4],32,66,80,34,66
1,<environment.Job instance at 0x7f38bb3025f0>,33,16,[6 4],34,95,111,61,82
1,<environment.Job instance at 0x7f38bb302870>,36,14,[8 4],37,95,109,58,82
1,<environment.Job instance at 0x7f38bb302a50>,39,16,[5 5],40,109,125,69,96
1,<environment.Job instance at 0x7f38bb302b90>,41,15,[4 5],42,109,124,67,96
1,<environment.Job instance at 0x7f38bb302d70>,44,14,[4 8],45,124,138,79,109
1,<environment.Job instance at 0x7f38bb302960>,49,17,[7 3],50,125,142,75,113
1,<environment.Job instance at 0x7f38bb32de60>,53,17,[10  4],54,142,159,88,130
1,<environment.Job instance at 0x7f38bb8b5910>,13,17,[13  5],14,159,176,145,151
1,<environment.Job instance at 0x7f38bb32dd70>,57,28,[14  1],58,176,204,118,175
1,<environment.Job instance at 0x7f38ba998a50>,0,12,[7 4],1,1,13,0,1
1,<environment.Job instance at 0x7f38bb32d500>,1,14,[ 5 13],2,13,27,11,2
1,<environment.Job instance at 0x7f38ba9728c0>,10,12,[5 2],11,11,23,0,11
1,<environment.Job instance at 0x7f38ba972f00>,11,13,[7 2],12,23,36,11,13
1,<environment.Job instance at 0x7f38ba972aa0>,8,15,[4 7],9,27,42,18,13
1,<environment.Job instance at 0x7f38ba972dc0>,17,21,[3 8],18,36,57,18,28
1,<environment.Job instance at 0x7f38bacf1e10>,19,16,[10  3],20,42,58,22,29
1,<environment.Job instance at 0x7f38ba972460>,21,21,[1 8],22,57,78,35,49
1,<environment.Job instance at 0x7f38bba11dc0>,24,14,[10  4],25,58,72,33,49
1,<environment.Job instance at 0x7f38bb814a50>,28,15,[10  3],29,72,87,43,58
1,<environment.Job instance at 0x7f38ba9725f0>,12,15,[13  2],13,87,102,74,74
1,<environment.Job instance at 0x7f38ba9981e0>,2,12,[7 3],3,102,114,99,90
1,<environment.Job instance at 0x7f38ba998dc0>,9,16,[7 4],10,102,118,92,90
1,<environment.Job instance at 0x7f38bb814aa0>,30,22,[3 9],31,114,136,83,110
1,<environment.Job instance at 0x7f38bab487d0>,34,19,[8 2],35,118,137,83,113
1,<environment.Job instance at 0x7f38bb93ef00>,42,14,[5 9],43,136,150,93,125
1,<environment.Job instance at 0x7f38ba86dbe0>,48,20,[9 2],49,137,157,88,132
1,<environment.Job instance at 0x7f38bbcb6730>,54,17,[1 7],55,150,167,95,139
1,<environment.Job instance at 0x7f38bbcb66e0>,55,16,[8 4],56,157,173,101,144
1,<environment.Job instance at 0x7f38bab53b90>,58,19,[6 5],59,167,186,108,157
1,<environment.Job instance at 0x7f38baff5eb0>,61,20,[3 9],62,173,193,111,168
1,<environment.Job instance at 0x7f38baff5f50>,65,18,[4 6],66,186,204,120,175
1,<environment.Job instance at 0x7f38bad1b4b0>,2,19,[8 1],3,3,22,0,3
1,<environment.Job instance at 0x7f38ba4065f0>,7,12,[1 5],8,9,21,1,9
1,<environment.Job instance at 0x7f38ba406280>,9,16,[9 5],10,22,38,12,13
1,<environment.Job instance at 0x7f38ba406dc0>,8,26,[10  1],9,38,64,29,35
1,<environment.Job instance at 0x7f38ba406b90>,14,13,[ 3 11],15,38,51,23,35
1,<environment.Job instance at 0x7f38ba4069b0>,15,21,[3 5],16,51,72,35,43
1,<environment.Job instance at 0x7f38ba4065a0>,16,13,[ 4 10],17,64,77,47,48
1,<environment.Job instance at 0x7f38ba406870>,18,18,[ 2 10],19,77,95,58,66
1,<environment.Job instance at 0x7f38ba9790a0>,22,12,[3 8],23,95,107,72,78
1,<environment.Job instance at 0x7f38ba979280>,23,18,[12  4],24,78,96,54,78
1,<environment.Job instance at 0x7f38ba979f00>,25,19,[5 1],26,96,115,70,86
1,<environment.Job instance at 0x7f38ba979e10>,28,12,[9 2],29,107,119,78,90
1,<environment.Job instance at 0x7f38ba979870>,29,12,[6 4],30,115,127,85,98
1,<environment.Job instance at 0x7f38ba979cd0>,32,17,[7 4],33,119,136,86,107
1,<environment.Job instance at 0x7f38ba979b40>,34,14,[5 6],35,127,141,92,112
1,<environment.Job instance at 0x7f38ba979dc0>,38,15,[8 3],39,136,151,97,122
1,<environment.Job instance at 0x7f38ba4ab370>,42,12,[6 2],43,141,153,98,124
1,<environment.Job instance at 0x7f38ba6d2550>,44,23,[1 9],45,141,164,96,136
1,<environment.Job instance at 0x7f38ba6d2410>,47,23,[4 5],48,153,176,105,147
1,<environment.Job instance at 0x7f38bb488230>,48,12,[2 5],49,164,176,115,147
1,<environment.Job instance at 0x7f38ba6d05f0>,55,13,[3 8],56,176,189,120,160
1,<environment.Job instance at 0x7f38ba6d04b0>,57,12,[6 3],58,164,176,106,160
1,<environment.Job instance at 0x7f38bb05b190>,59,12,[5 9],60,189,201,129,172
1,<environment.Job instance at 0x7f38bb05baa0>,62,18,[7 3],63,176,194,113,172
1,<environment.Job instance at 0x7f38bb05b4b0>,63,14,[5 1],64,194,208,130,179
1,<environment.Job instance at 0x7f38bbe126e0>,68,14,[4 5],69,194,208,125,179
1,<environment.Job instance at 0x7f38bb0b9410>,0,18,[ 2 12],1,1,19,0,1
1,<environment.Job instance at 0x7f38bb49cbe0>,4,13,[9 3],5,5,18,0,5
1,<environment.Job instance at 0x7f38ba64c1e0>,11,12,[3 6],12,19,31,7,12
1,<environment.Job instance at 0x7f38ba84c550>,1,18,[4 9],2,19,37,17,18
1,<environment.Job instance at 0x7f38bb933500>,17,16,[7 1],18,31,47,13,18
1,<environment.Job instance at 0x7f38ba443870>,23,17,[4 8],24,37,54,13,25
1,<environment.Job instance at 0x7f38ba4abeb0>,30,16,[9 2],31,47,63,16,34
1,<environment.Job instance at 0x7f38ba5e2140>,33,16,[7 5],34,63,79,29,50
1,<environment.Job instance at 0x7f38bafccfa0>,44,13,[7 4],45,63,76,18,50
1,<environment.Job instance at 0x7f38bafd50f0>,45,16,[7 5],46,76,92,30,63
1,<environment.Job instance at 0x7f38bbddd230>,53,17,[8 3],54,79,96,25,67
1,<environment.Job instance at 0x7f38bbddd8c0>,56,17,[5 7],57,92,109,35,80
1,<environment.Job instance at 0x7f38ba5812d0>,59,14,[6 3],60,96,110,36,81
1,<environment.Job instance at 0x7f38ba581af0>,60,19,[8 5],61,109,128,48,99
1,<environment.Job instance at 0x7f38ba40b1e0>,72,17,[9 4],73,128,145,55,116
1,<environment.Job instance at 0x7f38baa2b0f0>,114,16,[4 5],115,116,132,1,116
1,<environment.Job instance at 0x7f38bb838f50>,120,13,[4 7],121,132,145,11,125
1,<environment.Job instance at 0x7f38bb838460>,121,13,[6 3],122,145,158,23,129
1,<environment.Job instance at 0x7f38baa5da50>,126,19,[4 5],127,145,164,18,135
1,<environment.Job instance at 0x7f38bb9c4730>,128,18,[5 5],129,145,163,16,135
1,<environment.Job instance at 0x7f38bb9c44b0>,130,17,[6 5],131,158,175,27,146
1,<environment.Job instance at 0x7f38bb9c4550>,131,12,[3 7],132,164,176,32,147
1,<environment.Job instance at 0x7f38bb9c4d70>,135,15,[5 9],136,176,191,40,162
1,<environment.Job instance at 0x7f842c65f230>,0,17,[6 1],1,1,18,0,1
1,<environment.Job instance at 0x7f842c65f320>,2,20,[7 4],3,3,23,0,3
1,<environment.Job instance at 0x7f8422ee7550>,10,15,[5 1],11,18,33,7,11
1,<environment.Job instance at 0x7f8422ee79b0>,11,15,[6 1],12,23,38,11,12
1,<environment.Job instance at 0x7f8422eea230>,22,13,[7 4],23,33,46,10,23
1,<environment.Job instance at 0x7f8422eea410>,24,20,[4 6],25,38,58,13,29
1,<environment.Job instance at 0x7f8422eea4b0>,26,12,[8 5],27,46,58,19,29
1,<environment.Job instance at 0x7f8422eea960>,32,17,[9 3],33,58,75,25,46
1,<environment.Job instance at 0x7f8422eeab90>,35,16,[1 9],36,58,74,22,46
1,<environment.Job instance at 0x7f8422eeac30>,36,20,[7 5],37,75,95,38,66
1,<environment.Job instance at 0x7f8422eeae10>,39,18,[9 4],40,95,113,55,84
1,<environment.Job instance at 0x7f8422eeaf50>,41,12,[8 3],42,113,125,71,96
1,<environment.Job instance at 0x7f8422eea820>,43,16,[1 8],44,97,113,53,97
1,<environment.Job instance at 0x7f8422eed370>,46,14,[6 5],47,113,127,66,98
1,<environment.Job instance at 0x7f8422eed3c0>,49,13,[1 5],50,113,126,63,98
1,<environment.Job instance at 0x7f8422eed640>,51,13,[5 6],52,126,139,74,110
1,<environment.Job instance at 0x7f8422eed780>,53,17,[7 4],54,127,144,73,115
1,<environment.Job instance at 0x7f8422eed870>,54,13,[7 3],55,139,152,84,123
1,<environment.Job instance at 0x7f8422eed7d0>,56,21,[8 4],57,144,165,87,136
1,<environment.Job instance at 0x7f8422eedaf0>,59,19,[1 7],60,152,171,92,144
1,<environment.Job instance at 0x7f8422eedd70>,63,12,[5 3],64,152,164,88,144
1,<environment.Job instance at 0x7f8422eee0f0>,67,18,[9 4],68,165,183,97,154
1,<environment.Job instance at 0x7f8422eee3c0>,70,15,[8 4],71,183,198,112,169
1,<environment.Job instance at 0x7f8422eee460>,71,14,[4 9],72,171,185,99,169
1,<environment.Job instance at 0x7f8422eee5a0>,73,18,[3 5],74,185,203,111,174
1,<environment.Job instance at 0x7f8422eee640>,74,19,[3 8],75,198,217,123,188
1,<environment.Job instance at 0x7f8422eee6e0>,75,17,[7 1],76,198,215,122,188
1,<environment.Job instance at 0x7f8423612af0>,0,14,[12  1],1,2,16,1,2
1,<environment.Job instance at 0x7f8422eee730>,3,15,[9 5],4,16,31,12,4
1,<environment.Job instance at 0x7f84236123c0>,6,18,[7 1],7,31,49,24,20
1,<environment.Job instance at 0x7f8423612e60>,12,22,[2 8],13,20,42,7,20
1,<environment.Job instance at 0x7f8423612500>,13,15,[6 1],14,31,46,17,20
1,<environment.Job instance at 0x7f8423612190>,14,18,[5 4],15,46,64,31,35
1,<environment.Job instance at 0x7f84235820a0>,20,20,[ 2 10],21,42,62,21,35
1,<environment.Job instance at 0x7f8423582b90>,24,13,[2 5],25,62,75,37,46
1,<environment.Job instance at 0x7f8423582780>,36,15,[8 5],37,62,77,25,55
1,<environment.Job instance at 0x7f84236100a0>,39,12,[4 8],40,75,87,35,58
1,<environment.Job instance at 0x7f8423610050>,40,19,[4 7],41,77,96,36,67
1,<environment.Job instance at 0x7f84236102d0>,43,19,[ 5 10],44,96,115,52,86
1,<environment.Job instance at 0x7f8423610b90>,46,13,[4 8],47,115,128,68,99
1,<environment.Job instance at 0x7f84236108c0>,47,16,[8 4],48,99,115,51,99
1,<environment.Job instance at 0x7f8423610280>,50,13,[2 7],51,115,128,64,99
1,<environment.Job instance at 0x7f842353b320>,55,13,[9 2],56,128,141,72,112
1,<environment.Job instance at 0x7f842353b960>,56,13,[4 5],57,128,141,71,112
1,<environment.Job instance at 0x7f842353b780>,62,13,[3 5],63,141,154,78,125
1,<environment.Job instance at 0x7f842353b0a0>,63,16,[5 8],64,141,157,77,128
1,<environment.Job instance at 0x7f842353b870>,66,14,[3 5],67,154,168,87,139
1,<environment.Job instance at 0x7f842353baa0>,73,17,[10  2],74,157,174,83,145
1,<environment.Job instance at 0x7f8423031640>,77,17,[10  4],78,174,191,96,162
1,<environment.Job instance at 0x7f8423031eb0>,78,13,[6 4],79,191,204,112,175
1,<environment.Job instance at 0x7f8423031320>,81,16,[6 3],82,191,207,109,178
1,<environment.Job instance at 0x7f84230314b0>,85,13,[8 3],86,204,217,118,188
1,<environment.Job instance at 0x7f8422838eb0>,1,20,[5 5],2,2,22,0,2
1,<environment.Job instance at 0x7f8422838af0>,0,24,[4 8],1,3,27,2,3
1,<environment.Job instance at 0x7f8422838190>,5,17,[7 4],6,22,39,16,11
1,<environment.Job instance at 0x7f8422838320>,7,19,[3 8],8,27,46,19,18
1,<environment.Job instance at 0x7f84227d90a0>,12,18,[10  5],13,39,57,26,32
1,<environment.Job instance at 0x7f8422836690>,38,18,[5 5],39,49,67,10,49
1,<environment.Job instance at 0x7f8422800c80>,49,13,[6 2],50,57,70,7,53
1,<environment.Job instance at 0x7f8422800370>,51,12,[7 5],52,67,79,15,53
1,<environment.Job instance at 0x7f8422800460>,54,15,[2 6],55,65,80,10,65
1,<environment.Job instance at 0x7f8422800cd0>,55,17,[10  4],56,79,96,23,67
1,<environment.Job instance at 0x7f8422800aa0>,56,19,[6 5],57,96,115,39,86
1,<environment.Job instance at 0x7f8422800dc0>,60,19,[3 6],61,98,117,37,98
1,<environment.Job instance at 0x7f8422838f50>,6,27,[13  3],7,117,144,110,115
1,<environment.Job instance at 0x7f842283f410>,67,15,[4 9],68,144,159,76,130
1,<environment.Job instance at 0x7f842283faf0>,72,19,[7 3],73,144,163,71,134
1,<environment.Job instance at 0x7f842283f730>,75,18,[5 5],76,159,177,83,148
1,<environment.Job instance at 0x7f842283fb40>,76,15,[2 6],77,159,174,82,148
1,<environment.Job instance at 0x7f842283f280>,80,15,[5 2],81,163,178,82,149
1,<environment.Job instance at 0x7f8422667a00>,91,14,[5 3],92,174,188,82,159
1,<environment.Job instance at 0x7f84226674b0>,94,20,[7 5],95,178,198,83,169
1,<environment.Job instance at 0x7f8422667820>,95,21,[4 8],96,188,209,92,184
1,<environment.Job instance at 0x7f8422667460>,96,17,[5 4],97,198,215,101,186
1,<environment.Job instance at 0x7f8423303910>,0,28,[ 5 10],1,1,29,0,1
1,<environment.Job instance at 0x7f842c0e5b90>,9,14,[1 7],10,29,43,19,14
1,<environment.Job instance at 0x7f8422cd45a0>,10,18,[7 5],11,14,32,3,14
1,<environment.Job instance at 0x7f8423215640>,17,16,[2 8],18,32,48,14,19
1,<environment.Job instance at 0x7f8423215960>,25,18,[2 5],26,43,61,17,32
1,<environment.Job instance at 0x7f842283f5a0>,34,14,[8 4],35,48,62,13,35
1,<environment.Job instance at 0x7f842270c4b0>,44,19,[3 6],45,48,67,3,45
1,<environment.Job instance at 0x7f842270ca50>,50,12,[2 8],51,62,74,11,51
1,<environment.Job instance at 0x7f842270c910>,51,13,[6 4],52,67,80,15,52
1,<environment.Job instance at 0x7f842319cc80>,57,18,[8 3],58,74,92,16,63
1,<environment.Job instance at 0x7f842319c280>,65,18,[3 7],66,80,98,14,80
1,<environment.Job instance at 0x7f8423270870>,70,17,[5 2],71,92,109,21,82
1,<environment.Job instance at 0x7f8423270c80>,71,18,[4 9],72,98,116,26,97
1,<environment.Job instance at 0x7f8423270190>,79,16,[7 4],80,109,125,29,97
1,<environment.Job instance at 0x7f84232392d0>,102,16,[5 4],103,116,132,13,103
1,<environment.Job instance at 0x7f8423b21dc0>,106,17,[3 5],107,116,133,9,107
1,<environment.Job instance at 0x7f8423b21870>,108,14,[6 5],109,125,139,16,110
1,<environment.Job instance at 0x7f8423b21500>,117,15,[4 7],118,133,148,15,120
1,<environment.Job instance at 0x7f8423b21370>,119,17,[8 4],120,139,156,19,129
1,<environment.Job instance at 0x7f84231cd3c0>,130,15,[5 5],131,148,163,17,134
1,<environment.Job instance at 0x7f84231cd500>,135,18,[6 4],136,156,174,20,145
1,<environment.Job instance at 0x7f84236c3960>,0,14,[2 7],1,1,15,0,1
1,<environment.Job instance at 0x7f84236c3c30>,1,14,[5 7],2,2,16,0,2
1,<environment.Job instance at 0x7f84236c36e0>,2,14,[12  1],3,16,30,13,3
1,<environment.Job instance at 0x7f84236ede10>,5,13,[ 5 11],6,30,43,24,14
1,<environment.Job instance at 0x7f842c0b21e0>,7,14,[2 9],8,16,30,8,14
1,<environment.Job instance at 0x7f842c0b2320>,14,13,[4 5],15,43,56,28,27
1,<environment.Job instance at 0x7f842c0b2f00>,15,20,[3 7],16,43,63,27,35
1,<environment.Job instance at 0x7f842c0b2aa0>,17,17,[8 3],18,36,53,18,36
1,<environment.Job instance at 0x7f842c0b2960>,18,22,[2 8],19,56,78,37,49
1,<environment.Job instance at 0x7f842c0b2820>,19,18,[2 7],20,63,81,43,52
1,<environment.Job instance at 0x7f842c0c40f0>,24,16,[1 6],25,78,94,53,65
1,<environment.Job instance at 0x7f842368ad20>,28,14,[5 2],29,78,92,49,65
1,<environment.Job instance at 0x7f84236bc690>,31,15,[6 3],32,81,96,49,67
1,<environment.Job instance at 0x7f842c0b2190>,9,14,[13  2],10,96,110,86,81
1,<environment.Job instance at 0x7f84236bc230>,32,16,[9 3],33,110,126,77,97
1,<environment.Job instance at 0x7f84236bc3c0>,35,22,[5 5],36,110,132,74,103
1,<environment.Job instance at 0x7f84236edcd0>,8,13,[ 2 13],9,132,145,123,116
1,<environment.Job instance at 0x7f84236edf50>,3,16,[6 2],4,126,142,122,116
1,<environment.Job instance at 0x7f84236bc050>,37,17,[ 1 10],38,145,162,107,133
1,<environment.Job instance at 0x7f842368bc80>,41,15,[5 4],42,145,160,103,133
1,<environment.Job instance at 0x7f842387d190>,46,14,[7 3],47,160,174,113,145
1,<environment.Job instance at 0x7f842396bd20>,55,12,[5 5],56,162,174,106,145
1,<environment.Job instance at 0x7f842396ba50>,57,19,[1 8],58,174,193,116,164
1,<environment.Job instance at 0x7f842396b3c0>,58,20,[7 4],59,174,194,115,165
1,<environment.Job instance at 0x7f842390ffa0>,59,17,[8 3],60,193,210,133,181
1,<environment.Job instance at 0x7f8422b0b370>,0,12,[ 3 12],1,1,13,0,1
1,<environment.Job instance at 0x7f84233288c0>,2,19,[2 5],3,13,32,10,3
1,<environment.Job instance at 0x7f84225f4b40>,6,13,[8 4],7,13,26,6,7
1,<environment.Job instance at 0x7f84225f4eb0>,7,17,[6 2],8,26,43,18,14
1,<environment.Job instance at 0x7f84225f4780>,8,16,[6 5],9,26,42,17,14
1,<environment.Job instance at 0x7f84225f4be0>,12,16,[6 3],13,42,58,29,29
1,<environment.Job instance at 0x7f84225f3d70>,15,16,[6 4],16,43,59,27,30
1,<environment.Job instance at 0x7f84225f3460>,26,16,[7 5],27,58,74,31,45
1,<environment.Job instance at 0x7f8422e04190>,61,19,[7 3],62,62,81,0,62
1,<environment.Job instance at 0x7f8422e045f0>,64,16,[2 5],65,74,90,9,65
1,<environment.Job instance at 0x7f8422f17910>,68,15,[2 5],69,74,89,5,70
1,<environment.Job instance at 0x7f84225f4500>,11,14,[14  3],12,90,104,78,75
1,<environment.Job instance at 0x7f8422d7f7d0>,77,17,[8 4],78,104,121,26,92
1,<environment.Job instance at 0x7f8422d7fa00>,80,14,[2 8],81,104,118,23,93
1,<environment.Job instance at 0x7f8422d7f730>,83,14,[5 2],84,104,118,20,93
1,<environment.Job instance at 0x7f8422981550>,94,15,[5 5],95,118,133,23,104
1,<environment.Job instance at 0x7f8422981a00>,103,18,[6 4],104,121,139,17,110
1,<environment.Job instance at 0x7f8422d3c320>,106,14,[5 7],107,133,147,26,118
1,<environment.Job instance at 0x7f8422d3cf00>,107,12,[3 8],108,139,151,31,122
1,<environment.Job instance at 0x7f84228bc500>,129,17,[7 5],130,147,164,17,135
1,<environment.Job instance at 0x7f84225d87d0>,138,14,[5 7],139,151,165,12,140
1,<environment.Job instance at 0x7f84225d8d70>,142,13,[9 3],143,164,177,21,148
1,<environment.Job instance at 0x7f84225d8fa0>,144,13,[5 5],145,165,178,20,149
1,<environment.Job instance at 0x7f8423a35e60>,0,18,[5 5],1,1,19,0,1
1,<environment.Job instance at 0x7f842244ca00>,3,16,[14  4],4,19,35,15,7
1,<environment.Job instance at 0x7f842244ce10>,12,16,[4 6],13,35,51,22,22
1,<environment.Job instance at 0x7f842244c910>,7,15,[8 2],8,35,50,27,22
1,<environment.Job instance at 0x7f842244e050>,14,12,[11  4],15,50,62,35,41
1,<environment.Job instance at 0x7f842244ceb0>,11,16,[8 3],12,62,78,50,49
1,<environment.Job instance at 0x7f842244e320>,18,17,[3 8],19,51,68,32,49
1,<environment.Job instance at 0x7f842244e460>,20,16,[3 7],21,68,84,47,55
1,<environment.Job instance at 0x7f842244e500>,21,18,[5 5],22,78,96,56,67
1,<environment.Job instance at 0x7f842244e7d0>,22,14,[5 7],23,84,98,61,69
1,<environment.Job instance at 0x7f842244e730>,24,16,[4 7],25,96,112,71,83
1,<environment.Job instance at 0x7f842244ee10>,33,18,[6 5],34,98,116,64,87
1,<environment.Job instance at 0x7f842244efa0>,37,15,[10  5],38,116,131,78,102
1,<environment.Job instance at 0x7f8422451af0>,53,15,[2 7],54,112,127,58,102
1,<environment.Job instance at 0x7f8422454410>,65,19,[3 8],66,127,146,61,117
1,<environment.Job instance at 0x7f84224547d0>,71,21,[9 5],72,131,152,59,126
1,<environment.Job instance at 0x7f8422454910>,73,18,[4 5],74,146,164,72,135
1,<environment.Job instance at 0x7f8422454cd0>,79,17,[10  4],80,152,169,72,140
1,<environment.Job instance at 0x7f842367a140>,83,16,[3 5],84,164,180,80,151
1,<environment.Job instance at 0x7f8422559b90>,88,21,[9 5],89,169,190,80,161
1,<environment.Job instance at 0x7f8422559190>,94,17,[10  3],95,190,207,95,178
1,<environment.Job instance at 0x7f8422559230>,2,18,[9 2],3,3,21,0,3
1,<environment.Job instance at 0x7f842287a500>,5,16,[4 8],6,6,22,0,6
1,<environment.Job instance at 0x7f842287ab90>,10,16,[11  4],11,21,37,10,11
1,<environment.Job instance at 0x7f8422eb24b0>,14,26,[ 1 10],15,22,48,7,19
1,<environment.Job instance at 0x7f8422eb2eb0>,15,17,[4 6],16,48,65,32,36
1,<environment.Job instance at 0x7f8422eb23c0>,16,25,[5 3],17,37,62,20,36
1,<environment.Job instance at 0x7f8422eb2410>,17,21,[3 7],18,62,83,44,54
1,<environment.Job instance at 0x7f8422eb2a00>,18,15,[ 3 10],19,83,98,64,69
1,<environment.Job instance at 0x7f84225581e0>,0,17,[10  3],1,69,86,68,69
1,<environment.Job instance at 0x7f8422eb2870>,20,20,[1 9],21,98,118,77,89
1,<environment.Job instance at 0x7f8422eb2500>,19,28,[14  3],20,98,126,78,97
1,<environment.Job instance at 0x7f8422eb2230>,23,14,[5 5],24,126,140,102,116
1,<environment.Job instance at 0x7f842c2aca50>,28,19,[5 8],29,126,145,97,126
1,<environment.Job instance at 0x7f842c2ac370>,29,13,[8 2],30,140,153,110,126
1,<environment.Job instance at 0x7f842287a280>,13,26,[11  4],14,153,179,139,150
1,<environment.Job instance at 0x7f84236a7780>,51,15,[12  3],52,179,194,127,165
1,<environment.Job instance at 0x7f842287a820>,8,22,[1 8],9,167,189,158,167
1,<environment.Job instance at 0x7f8422bf50a0>,63,14,[7 3],64,194,208,130,179
1,<environment.Job instance at 0x7f8422bf5870>,68,19,[8 4],69,194,213,125,184
1,<environment.Job instance at 0x7f8422318e60>,2,21,[5 4],3,5,26,2,5
1,<environment.Job instance at 0x7f8422c237d0>,0,26,[6 1],1,7,33,6,7
1,<environment.Job instance at 0x7f842227b730>,8,17,[4 8],9,10,27,1,10
1,<environment.Job instance at 0x7f8422bf5d70>,9,18,[5 5],10,26,44,16,15
1,<environment.Job instance at 0x7f842227b820>,4,15,[ 4 11],5,44,59,39,30
1,<environment.Job instance at 0x7f842c65f1e0>,1,12,[13  4],2,59,71,57,42
1,<environment.Job instance at 0x7f8422273910>,24,15,[10  3],25,71,86,46,57
1,<environment.Job instance at 0x7f842227b0a0>,7,25,[ 5 10],8,71,96,63,67
1,<environment.Job instance at 0x7f8422280cd0>,28,19,[9 2],29,86,105,57,76
1,<environment.Job instance at 0x7f8422280370>,30,20,[2 5],31,96,116,65,87
1,<environment.Job instance at 0x7f8422280aa0>,29,25,[5 1],30,105,130,75,101
1,<environment.Job instance at 0x7f8422280550>,31,21,[1 7],32,104,125,72,104
1,<environment.Job instance at 0x7f8422280190>,34,16,[9 2],35,116,132,81,104
1,<environment.Job instance at 0x7f8422106410>,40,22,[3 9],41,130,152,89,123
1,<environment.Job instance at 0x7f84221069b0>,41,12,[1 7],42,152,164,110,135
1,<environment.Job instance at 0x7f84222a5820>,49,14,[9 1],50,135,149,85,135
1,<environment.Job instance at 0x7f84222a5a50>,50,15,[2 5],51,135,150,84,135
1,<environment.Job instance at 0x7f842c0f50a0>,57,12,[7 5],58,150,162,92,135
1,<environment.Job instance at 0x7f8422318410>,3,23,[5 7],4,162,185,158,156
1,<environment.Job instance at 0x7f8423516460>,60,21,[4 7],61,164,185,103,160
1,<environment.Job instance at 0x7f84235167d0>,61,16,[6 1],62,160,176,98,160
1,<environment.Job instance at 0x7f8422b021e0>,62,12,[7 4],63,185,197,122,168
1,<environment.Job instance at 0x7f842288c500>,63,13,[6 3],64,185,198,121,169
1,<environment.Job instance at 0x7f842288cc80>,64,13,[1 7],65,185,198,120,169
1,<environment.Job instance at 0x7f8422a11b40>,65,15,[ 4 11],66,198,213,132,188
1,<environment.Job instance at 0x7f84229487d0>,0,16,[ 2 12],1,1,17,0,1
1,<environment.Job instance at 0x7f84235e0aa0>,3,16,[1 9],4,17,33,13,6
1,<environment.Job instance at 0x7f842c0675f0>,6,12,[9 1],7,9,21,2,9
1,<environment.Job instance at 0x7f842c0e76e0>,7,12,[ 5 10],8,33,45,25,16
1,<environment.Job instance at 0x7f842330caf0>,9,16,[9 4],10,21,37,11,16
1,<environment.Job instance at 0x7f84238e33c0>,20,15,[8 4],21,37,52,16,23
1,<environment.Job instance at 0x7f84238e38c0>,22,15,[2 8],23,45,60,22,31
1,<environment.Job instance at 0x7f84238e3370>,23,17,[2 7],24,52,69,28,40
1,<environment.Job instance at 0x7f84239d53c0>,29,21,[8 2],30,60,81,30,53
1,<environment.Job instance at 0x7f84239e9a50>,36,12,[9 5],37,81,93,44,64
1,<environment.Job instance at 0x7f8422f3e9b0>,39,15,[7 3],40,93,108,53,79
1,<environment.Job instance at 0x7f8422a11b40>,2,22,[5 5],3,79,101,76,79
1,<environment.Job instance at 0x7f84228a8b90>,42,14,[ 1 10],43,101,115,58,86
1,<environment.Job instance at 0x7f842c00bb90>,45,18,[2 7],46,115,133,69,104
1,<environment.Job instance at 0x7f8422b1e140>,48,16,[13  3],49,108,124,59,104
1,<environment.Job instance at 0x7f8422b1edc0>,47,12,[1 9],48,133,145,85,116
1,<environment.Job instance at 0x7f8422b1eb40>,49,18,[8 3],50,124,142,74,121
1,<environment.Job instance at 0x7f84228c28c0>,53,22,[1 7],54,145,167,91,138
1,<environment.Job instance at 0x7f84228b0fa0>,60,25,[12  4],61,142,167,81,138
1,<environment.Job instance at 0x7f84228b0910>,59,18,[4 9],60,167,185,107,156
1,<environment.Job instance at 0x7f8422ab32d0>,63,12,[10  4],64,167,179,103,156
1,<environment.Job instance at 0x7f8422ab39b0>,64,17,[8 3],65,179,196,114,167
1,<environment.Job instance at 0x7f84228bff50>,66,14,[5 6],67,185,199,118,170
1,<environment.Job instance at 0x7f842c0e78c0>,4,13,[ 2 12],5,199,212,194,187
1,<environment.Job instance at 0x7f8423747910>,0,15,[ 4 12],1,1,16,0,1
1,<environment.Job instance at 0x7f842c29b780>,1,21,[5 2],2,2,23,0,2
1,<environment.Job instance at 0x7f842278ac80>,3,16,[1 5],4,16,32,12,4
1,<environment.Job instance at 0x7f842293c4b0>,4,19,[6 2],5,16,35,11,6
1,<environment.Job instance at 0x7f8422e3d870>,2,20,[3 6],3,16,36,13,8
1,<environment.Job instance at 0x7f8422aa4410>,11,12,[1 9],12,35,47,23,18
1,<environment.Job instance at 0x7f8422932690>,18,16,[7 3],19,36,52,17,23
1,<environment.Job instance at 0x7f84221267d0>,7,20,[5 3],8,36,56,28,27
1,<environment.Job instance at 0x7f84229322d0>,22,17,[10  5],23,52,69,29,40
1,<environment.Job instance at 0x7f8422932a50>,25,14,[8 3],26,69,83,43,54
1,<environment.Job instance at 0x7f8422932140>,27,17,[9 4],28,83,100,55,71
1,<environment.Job instance at 0x7f8422932230>,28,16,[10  4],29,100,116,71,87
1,<environment.Job instance at 0x7f8422d19d20>,33,19,[ 5 10],34,87,106,53,87
1,<environment.Job instance at 0x7f8422d19eb0>,35,16,[2 6],36,106,122,70,93
1,<environment.Job instance at 0x7f8422d19410>,40,14,[5 6],41,116,130,75,101
1,<environment.Job instance at 0x7f84228353c0>,44,13,[6 4],45,122,135,77,106
1,<environment.Job instance at 0x7f84228351e0>,45,15,[9 3],46,130,145,84,116
1,<environment.Job instance at 0x7f8422835280>,46,12,[5 1],47,135,147,88,118
1,<environment.Job instance at 0x7f8422835b40>,47,16,[7 4],48,145,161,97,132
1,<environment.Job instance at 0x7f84228358c0>,48,19,[8 2],49,147,166,98,137
1,<environment.Job instance at 0x7f84228357d0>,51,16,[7 5],52,161,177,109,148
1,<environment.Job instance at 0x7f8422835b90>,56,13,[5 5],57,166,179,109,150
1,<environment.Job instance at 0x7f84228354b0>,59,14,[3 7],60,177,191,117,162
1,<environment.Job instance at 0x7f84228350f0>,60,18,[1 5],61,179,197,118,168
1,<environment.Job instance at 0x7f8423088fa0>,68,17,[3 5],69,191,208,122,179
1,<environment.Job instance at 0x7f8423088c80>,71,21,[6 2],72,179,200,107,179
1,<environment.Job instance at 0x7f84230883c0>,74,13,[10  4],75,200,213,125,184
1,<environment.Job instance at 0x7f8423186140>,3,14,[1 7],4,4,18,0,4
1,<environment.Job instance at 0x7f8423186320>,4,14,[7 4],5,5,19,0,5
1,<environment.Job instance at 0x7f8423186b90>,6,13,[2 7],7,18,31,11,7
1,<environment.Job instance at 0x7f842c29bc30>,9,20,[8 1],10,19,39,9,10
1,<environment.Job instance at 0x7f8423a1bf00>,0,21,[2 6],1,19,40,18,11
1,<environment.Job instance at 0x7f8423186460>,14,17,[3 7],15,31,48,16,19
1,<environment.Job instance at 0x7f8423186910>,15,12,[7 2],16,39,51,23,23
1,<environment.Job instance at 0x7f84231685a0>,21,19,[5 5],22,40,59,18,30
1,<environment.Job instance at 0x7f8423168b40>,22,16,[4 6],23,51,67,28,38
1,<environment.Job instance at 0x7f84231682d0>,31,13,[3 5],32,59,72,27,43
1,<environment.Job instance at 0x7f8423168050>,33,13,[6 2],34,51,64,17,43
1,<environment.Job instance at 0x7f8423168960>,35,14,[2 9],36,67,81,31,52
1,<environment.Job instance at 0x7f8423168af0>,38,16,[5 4],39,72,88,33,59
1,<environment.Job instance at 0x7f84231684b0>,40,14,[5 2],41,72,86,31,59
1,<environment.Job instance at 0x7f8422261960>,46,21,[3 8],47,81,102,34,73
1,<environment.Job instance at 0x7f8422261a50>,48,18,[4 6],49,88,106,39,77
1,<environment.Job instance at 0x7f8422261320>,50,12,[5 5],51,102,114,51,85
1,<environment.Job instance at 0x7f8422261b40>,52,16,[4 9],53,106,122,53,93
1,<environment.Job instance at 0x7f8422261870>,56,13,[8 2],57,114,127,57,98
1,<environment.Job instance at 0x7f8422261c30>,59,14,[5 6],60,122,136,62,107
1,<environment.Job instance at 0x7f84222613c0>,61,15,[9 3],62,127,142,65,113
1,<environment.Job instance at 0x7f84223c75a0>,67,13,[5 6],68,136,149,68,120
1,<environment.Job instance at 0x7f84223c73c0>,68,16,[9 3],69,142,158,73,129
1,<environment.Job instance at 0x7f84223c72d0>,71,14,[5 8],72,149,163,77,134
1,<environment.Job instance at 0x7f84223c7d70>,73,17,[7 1],74,158,175,84,146
1,<environment.Job instance at 0x7f84223c7b40>,75,12,[4 5],76,163,175,87,146
1,<environment.Job instance at 0x7f84223c7690>,79,16,[7 2],80,175,191,95,162
1,<environment.Job instance at 0x7f84223c7c80>,80,21,[1 5],81,162,183,81,162
1,<environment.Job instance at 0x7f84223c7d20>,84,18,[2 7],85,175,193,90,164
1,<environment.Job instance at 0x7f84223c7550>,86,15,[8 5],87,191,206,104,177
1,<environment.Job instance at 0x7f8423168a00>,19,23,[ 2 10],20,193,216,173,188
1,<environment.Job instance at 0x7f8422c245f0>,0,12,[12  2],1,1,13,0,1
1,<environment.Job instance at 0x7f8422c24d70>,1,16,[5 7],2,13,29,11,2
1,<environment.Job instance at 0x7f8422315b90>,4,17,[1 7],5,5,22,0,5
1,<environment.Job instance at 0x7f842361bbe0>,13,14,[3 8],14,22,36,8,14
1,<environment.Job instance at 0x7f842361b5f0>,14,28,[8 4],15,29,57,14,28
1,<environment.Job instance at 0x7f842361b1e0>,21,23,[12  3],22,57,80,35,51
1,<environment.Job instance at 0x7f8423355fa0>,22,17,[1 5],23,51,68,28,51
1,<environment.Job instance at 0x7f8423355e60>,23,21,[12  2],24,80,101,56,72
1,<environment.Job instance at 0x7f84233551e0>,24,21,[13  1],25,101,122,76,93
1,<environment.Job instance at 0x7f8423355500>,25,14,[ 1 11],26,93,107,67,93
1,<environment.Job instance at 0x7f8423355780>,26,15,[2 6],27,107,122,80,93
1,<environment.Job instance at 0x7f8423355640>,27,15,[12  3],28,122,137,94,108
1,<environment.Job instance at 0x7f8423355280>,28,16,[14  3],29,137,153,108,124
1,<environment.Job instance at 0x7f8423355eb0>,29,12,[9 4],30,153,165,123,136
1,<environment.Job instance at 0x7f8423355550>,30,17,[4 6],31,153,170,122,141
1,<environment.Job instance at 0x7f8423355460>,20,19,[8 1],21,165,184,144,155
1,<environment.Job instance at 0x7f8423355820>,32,14,[5 9],33,170,184,137,155
1,<environment.Job instance at 0x7f84230f7410>,44,15,[8 4],45,184,199,139,170
1,<environment.Job instance at 0x7f84230f7910>,47,19,[5 1],48,184,203,136,174
1,<environment.Job instance at 0x7f84233558c0>,31,16,[ 4 13],32,199,215,167,186
1,<environment.Job instance at 0x7f84231bfb40>,1,14,[3 8],2,2,16,0,2
1,<environment.Job instance at 0x7f842361b640>,6,26,[1 5],7,7,33,0,7
1,<environment.Job instance at 0x7f84233558c0>,4,18,[8 5],5,16,34,11,8
1,<environment.Job instance at 0x7f8422469af0>,8,13,[1 5],9,16,29,7,9
1,<environment.Job instance at 0x7f8422b81370>,9,15,[6 4],10,29,44,19,15
1,<environment.Job instance at 0x7f842212f1e0>,11,16,[5 3],12,34,50,22,21
1,<environment.Job instance at 0x7f8422681960>,16,18,[5 7],17,44,62,27,33
1,<environment.Job instance at 0x7f84222730f0>,5,27,[4 5],6,39,66,33,39
1,<environment.Job instance at 0x7f8422caa550>,40,18,[6 4],41,62,80,21,51
1,<environment.Job instance at 0x7f8422caa820>,45,15,[3 5],46,62,77,16,51
1,<environment.Job instance at 0x7f8422caab90>,50,13,[4 6],51,66,79,15,55
1,<environment.Job instance at 0x7f84226816e0>,18,13,[ 5 11],19,79,92,60,69
1,<environment.Job instance at 0x7f8422c86c30>,75,14,[6 3],76,80,94,4,76
1,<environment.Job instance at 0x7f8422c86fa0>,80,19,[5 5],81,92,111,11,82
1,<environment.Job instance at 0x7f8422c89410>,86,17,[8 5],87,94,111,7,87
1,<environment.Job instance at 0x7f8422c89dc0>,101,17,[2 8],102,111,128,9,102
1,<environment.Job instance at 0x7f8422c89f50>,103,18,[6 3],104,111,129,7,104
1,<environment.Job instance at 0x7f84226662d0>,117,19,[5 3],118,118,137,0,118
1,<environment.Job instance at 0x7f84226660a0>,119,15,[6 3],120,129,144,9,120
1,<environment.Job instance at 0x7f8422666500>,122,16,[8 3],123,137,153,14,124
1,<environment.Job instance at 0x7f842228afa0>,124,16,[4 8],125,144,160,19,133
1,<environment.Job instance at 0x7f8422292780>,128,16,[9 4],129,153,169,24,140
1,<environment.Job instance at 0x7f84222975a0>,137,16,[2 6],138,160,176,22,147
1,<environment.Job instance at 0x7f842245c690>,142,15,[8 3],143,169,184,26,155
1,<environment.Job instance at 0x7f842245cc30>,145,16,[2 5],146,160,176,14,155
1,<environment.Job instance at 0x7f84234720a0>,0,13,[ 4 11],1,1,14,0,1
1,<environment.Job instance at 0x7f8422afa460>,5,16,[1 8],6,14,30,8,6
1,<environment.Job instance at 0x7f8423a6c910>,8,22,[5 2],9,9,31,0,9
1,<environment.Job instance at 0x7f84233ba910>,9,20,[8 5],10,14,34,4,10
1,<environment.Job instance at 0x7f8423a6e780>,15,17,[9 2],16,34,51,18,22
1,<environment.Job instance at 0x7f84232964b0>,21,14,[10  5],22,51,65,29,36
1,<environment.Job instance at 0x7f84227265a0>,28,21,[4 5],29,36,57,7,36
1,<environment.Job instance at 0x7f8422726be0>,36,22,[6 5],37,65,87,28,58
1,<environment.Job instance at 0x7f8423ae1690>,43,18,[9 2],44,65,83,21,58
1,<environment.Job instance at 0x7f8423ae15a0>,46,12,[7 2],47,83,95,36,66
1,<environment.Job instance at 0x7f8423ae1f00>,47,20,[2 6],48,83,103,35,74
1,<environment.Job instance at 0x7f8423ae1730>,51,16,[9 2],52,95,111,43,82
1,<environment.Job instance at 0x7f8423ae17d0>,53,16,[5 3],54,103,119,49,90
1,<environment.Job instance at 0x7f8423ae19b0>,55,16,[1 9],56,103,119,47,90
1,<environment.Job instance at 0x7f8423ae1e10>,59,19,[7 5],60,119,138,59,109
1,<environment.Job instance at 0x7f8423ae1960>,62,19,[9 5],63,138,157,75,128
1,<environment.Job instance at 0x7f84233f10a0>,63,21,[1 6],64,128,149,64,128
1,<environment.Job instance at 0x7f84233f15a0>,64,18,[7 2],65,157,175,92,146
1,<environment.Job instance at 0x7f84233f1780>,66,17,[2 7],67,149,166,82,146
1,<environment.Job instance at 0x7f84233f1d70>,67,16,[5 3],68,157,173,89,146
1,<environment.Job instance at 0x7f84233f1190>,68,12,[5 4],69,173,185,104,156
1,<environment.Job instance at 0x7f84233f1f50>,69,22,[2 6],70,166,188,96,159
1,<environment.Job instance at 0x7f84233f1910>,79,16,[3 5],80,175,191,95,162
1,<environment.Job instance at 0x7f84233f1be0>,80,15,[7 4],81,185,200,104,171
1,<environment.Job instance at 0x7f84233f18c0>,82,14,[7 1],83,191,205,108,176
1,<environment.Job instance at 0x7f84233f1550>,83,12,[2 5],84,200,212,116,183
1,<environment.Job instance at 0x7f8422fe07d0>,85,17,[2 6],86,200,217,114,188
1,<environment.Job instance at 0x7f8422fe0460>,86,13,[9 4],87,205,218,118,189
1,<environment.Job instance at 0x7f8422c25a50>,2,15,[8 2],3,3,18,0,3
1,<environment.Job instance at 0x7f842c09dcd0>,3,19,[5 8],4,4,23,0,4
1,<environment.Job instance at 0x7f8422fa9910>,10,17,[11  4],11,23,40,12,11
1,<environment.Job instance at 0x7f84221d3550>,12,16,[5 9],13,40,56,27,27
1,<environment.Job instance at 0x7f8422fa9410>,15,17,[1 5],16,27,44,11,27
1,<environment.Job instance at 0x7f8422fa99b0>,17,19,[5 9],18,56,75,38,46
1,<environment.Job instance at 0x7f8422fa9f00>,18,18,[6 2],19,46,64,27,46
1,<environment.Job instance at 0x7f8422fa9320>,19,20,[5 8],20,75,95,55,66
1,<environment.Job instance at 0x7f8422fa9af0>,20,23,[6 3],21,66,89,45,66
1,<environment.Job instance at 0x7f8422fa9d20>,21,17,[7 5],22,89,106,67,77
1,<environment.Job instance at 0x7f8422fa9be0>,29,13,[4 9],30,95,108,65,79
1,<environment.Job instance at 0x7f84224f9e10>,31,16,[10  4],32,106,122,74,93
1,<environment.Job instance at 0x7f84224f90f0>,32,17,[1 6],33,108,125,75,96
1,<environment.Job instance at 0x7f84224f98c0>,37,13,[5 5],38,122,135,84,106
1,<environment.Job instance at 0x7f84236dc640>,39,16,[9 2],40,122,138,82,109
1,<environment.Job instance at 0x7f84236dcfa0>,41,21,[10  4],42,138,159,96,130
1,<environment.Job instance at 0x7f84236dc0f0>,42,12,[9 2],43,159,171,116,142
1,<environment.Job instance at 0x7f842c0757d0>,46,17,[10  2],47,171,188,124,159
1,<environment.Job instance at 0x7f842c075b40>,55,18,[9 3],56,188,206,132,177
1,<environment.Job instance at 0x7f842c09daa0>,1,23,[7 5],2,2,25,0,2
1,<environment.Job instance at 0x7f842c0755a0>,2,15,[5 7],3,3,18,0,3
1,<environment.Job instance at 0x7f8423917c30>,5,13,[8 2],6,18,31,12,6
1,<environment.Job instance at 0x7f8423917d70>,8,16,[6 3],9,25,41,16,12
1,<environment.Job instance at 0x7f8423903230>,12,14,[4 7],13,31,45,18,16
1,<environment.Job instance at 0x7f8423903320>,13,17,[1 6],14,41,58,27,29
1,<environment.Job instance at 0x7f8423903410>,15,20,[2 5],16,45,65,29,36
1,<environment.Job instance at 0x7f8423903690>,19,18,[6 3],20,45,63,25,36
1,<environment.Job instance at 0x7f8423903730>,20,12,[7 4],21,58,70,37,41
1,<environment.Job instance at 0x7f8423903870>,22,12,[7 3],23,65,77,42,48
1,<environment.Job instance at 0x7f8423917b90>,10,13,[5 5],11,70,83,59,54
1,<environment.Job instance at 0x7f8423917dc0>,9,12,[3 8],10,77,89,67,60
1,<environment.Job instance at 0x7f8423903a50>,25,18,[12  2],26,83,101,57,73
1,<environment.Job instance at 0x7f8423903910>,23,19,[5 7],24,101,120,77,91
1,<environment.Job instance at 0x7f8423903c30>,28,15,[4 7],29,101,116,72,91
1,<environment.Job instance at 0x7f8423903d70>,29,16,[7 4],30,116,132,86,103
1,<environment.Job instance at 0x7f84239031e0>,30,12,[5 2],31,120,132,89,103
1,<environment.Job instance at 0x7f8423903e60>,31,13,[7 2],32,132,145,100,116
1,<environment.Job instance at 0x7f84238ed2d0>,37,21,[3 8],38,120,141,82,117
1,<environment.Job instance at 0x7f84238ed230>,39,16,[10  3],40,145,161,105,132
1,<environment.Job instance at 0x7f84238ed640>,41,21,[1 8],42,141,162,99,138
1,<environment.Job instance at 0x7f84238ed550>,44,14,[10  4],45,161,175,116,146
1,<environment.Job instance at 0x7f84238edb40>,48,15,[10  3],49,175,190,126,161
1,<environment.Job instance at 0x7f84239039b0>,24,27,[ 4 11],25,162,189,137,162
1,<environment.Job instance at 0x7f84238edc30>,50,22,[3 9],51,189,211,138,182
1,<environment.Job instance at 0x7f84238edaf0>,49,21,[10  4],50,190,211,140,182
1,<environment.Job instance at 0x7f84222d8be0>,0,25,[ 5 12],1,2,27,1,2
1,<environment.Job instance at 0x7f84222eb190>,6,13,[3 8],7,27,40,20,11
1,<environment.Job instance at 0x7f8422ad2dc0>,12,19,[8 1],13,16,35,3,16
1,<environment.Job instance at 0x7f8422ad2230>,15,20,[9 5],16,35,55,19,27
1,<environment.Job instance at 0x7f842282a190>,19,16,[9 5],20,55,71,35,42
1,<environment.Job instance at 0x7f84230f7a50>,39,12,[6 4],40,42,54,2,42
1,<environment.Job instance at 0x7f84232a0d70>,42,17,[7 4],43,71,88,28,59
1,<environment.Job instance at 0x7f8423609e10>,44,14,[5 6],45,59,73,14,59
1,<environment.Job instance at 0x7f842c0af460>,48,15,[8 3],49,73,88,24,59
1,<environment.Job instance at 0x7f84224f4be0>,65,13,[3 8],66,88,101,22,72
1,<environment.Job instance at 0x7f84224f4a50>,67,12,[6 3],68,88,100,20,72
1,<environment.Job instance at 0x7f8422e63af0>,69,12,[5 9],70,101,113,31,84
1,<environment.Job instance at 0x7f8422e5c230>,72,18,[7 3],73,100,118,27,89
1,<environment.Job instance at 0x7f8423b35be0>,78,14,[4 5],79,113,127,34,98
1,<environment.Job instance at 0x7f8422ab0460>,82,16,[10  2],83,118,134,35,105
1,<environment.Job instance at 0x7f84228454b0>,90,16,[10  5],91,134,150,43,121
1,<environment.Job instance at 0x7f84238edeb0>,2,17,[5 6],3,127,144,124,121
1,<environment.Job instance at 0x7f8422dbc140>,98,17,[10  4],99,150,167,51,138
1,<environment.Job instance at 0x7f84221f3eb0>,101,21,[6 5],102,167,188,65,159
1,<environment.Job instance at 0x7f84221f3af0>,104,15,[8 3],105,167,182,62,159
1,<environment.Job instance at 0x7f8422c799b0>,118,15,[10  5],119,188,203,69,174
1,<environment.Job instance at 0x7f8422ab09b0>,1,18,[4 9],2,2,20,0,2
1,<environment.Job instance at 0x7f842225d2d0>,4,13,[9 3],5,5,18,0,5
1,<environment.Job instance at 0x7f842225d9b0>,8,15,[ 2 10],9,20,35,11,9
1,<environment.Job instance at 0x7f8422793460>,17,16,[7 1],18,18,34,0,18
1,<environment.Job instance at 0x7f8422793f00>,23,17,[4 8],24,35,52,11,24
1,<environment.Job instance at 0x7f842220e1e0>,27,12,[9 5],28,34,46,6,28
1,<environment.Job instance at 0x7f842220e910>,30,16,[9 2],31,46,62,15,33
1,<environment.Job instance at 0x7f8422793af0>,31,13,[5 9],32,52,65,20,36
1,<environment.Job instance at 0x7f842220ec80>,33,16,[7 5],34,62,78,28,49
1,<environment.Job instance at 0x7f842220e140>,41,13,[10  5],42,78,91,36,62
1,<environment.Job instance at 0x7f842c067e60>,45,16,[7 5],46,91,107,45,78
1,<environment.Job instance at 0x7f8422a6daf0>,60,19,[8 5],61,91,110,30,81
1,<environment.Job instance at 0x7f8422a810f0>,72,17,[9 4],73,110,127,37,98
1,<environment.Job instance at 0x7f8423a66a00>,114,16,[4 5],115,115,131,0,115
1,<environment.Job instance at 0x7f8423a66be0>,119,13,[10  5],120,127,140,7,120
1,<environment.Job instance at 0x7f842355f960>,120,13,[4 7],121,131,144,10,121
1,<environment.Job instance at 0x7f842355fdc0>,121,13,[6 3],122,140,153,18,124
1,<environment.Job instance at 0x7f842236d280>,122,16,[1 7],123,144,160,21,131
1,<environment.Job instance at 0x7f84230f7f50>,126,19,[4 5],127,140,159,13,131
1,<environment.Job instance at 0x7f8423830960>,128,18,[5 5],129,159,177,30,148
1,<environment.Job instance at 0x7f84238305a0>,130,17,[6 5],131,160,177,29,148
1,<environment.Job instance at 0x7f8423830550>,135,15,[5 9],136,177,192,41,163
1,<environment.Job instance at 0x7f842c0f54b0>,2,16,[2 5],3,3,19,0,3
1,<environment.Job instance at 0x7f8423064410>,3,12,[3 8],4,4,16,0,4
1,<environment.Job instance at 0x7f84226f0f00>,4,19,[4 6],5,16,35,11,6
1,<environment.Job instance at 0x7f8422a990f0>,16,12,[4 6],17,19,31,2,17
1,<environment.Job instance at 0x7f8422a99a00>,17,17,[7 3],18,18,35,0,18
1,<environment.Job instance at 0x7f8422a994b0>,27,23,[5 1],28,35,58,7,29
1,<environment.Job instance at 0x7f8422a99410>,28,18,[9 1],29,35,53,6,29
1,<environment.Job instance at 0x7f8422a99320>,26,15,[10  4],27,53,68,26,39
1,<environment.Job instance at 0x7f8422a997d0>,31,19,[5 3],32,58,77,26,48
1,<environment.Job instance at 0x7f84225250f0>,32,19,[2 8],33,68,87,35,59
1,<environment.Job instance at 0x7f8422525050>,34,16,[1 9],35,87,103,52,74
1,<environment.Job instance at 0x7f8422a99e10>,23,20,[14  3],24,87,107,63,81
1,<environment.Job instance at 0x7f84225257d0>,36,16,[4 7],37,107,123,70,98
1,<environment.Job instance at 0x7f8422525190>,39,21,[7 4],40,107,128,67,101
1,<environment.Job instance at 0x7f8422525780>,40,14,[10  2],41,128,142,87,113
1,<environment.Job instance at 0x7f8422525f00>,41,13,[5 8],42,123,136,81,113
1,<environment.Job instance at 0x7f8422105730>,44,12,[7 5],45,142,154,97,125
1,<environment.Job instance at 0x7f84221056e0>,45,15,[4 7],46,136,151,90,130
1,<environment.Job instance at 0x7f8422105640>,51,18,[10  3],52,154,172,102,144
1,<environment.Job instance at 0x7f84221051e0>,54,20,[2 6],55,151,171,96,145
1,<environment.Job instance at 0x7f8422105e60>,56,14,[2 9],57,171,185,114,157
1,<environment.Job instance at 0x7f8422525820>,37,24,[11  1],38,172,196,134,167
1,<environment.Job instance at 0x7f8422105190>,57,12,[3 9],58,185,197,127,168
1,<environment.Job instance at 0x7f8422105aa0>,60,19,[6 3],61,196,215,135,186
1,<environment.Job instance at 0x7f84222eb820>,62,17,[2 6],63,197,214,134,186
1,<environment.Job instance at 0x7fa9c13654b0>,0,13,[9 3],1,1,14,0,1
1,<environment.Job instance at 0x7fa9c1365640>,2,22,[4 8],3,3,25,0,3
1,<environment.Job instance at 0x7fa9b7c14dc0>,4,21,[1 6],5,14,35,9,12
1,<environment.Job instance at 0x7fa9b7b92370>,14,13,[7 3],15,25,38,10,15
1,<environment.Job instance at 0x7fa9b7b926e0>,19,14,[ 3 11],20,35,49,15,20
1,<environment.Job instance at 0x7fa9b7b92b90>,24,13,[ 3 14],25,49,62,24,34
1,<environment.Job instance at 0x7fa9b7c14e60>,6,20,[6 1],7,38,58,31,37
1,<environment.Job instance at 0x7fa9b7b95140>,33,16,[2 8],34,62,78,28,49
1,<environment.Job instance at 0x7fa9b7b95410>,40,15,[10  3],41,62,77,21,49
1,<environment.Job instance at 0x7fa9b7b9e370>,1,20,[5 3],2,2,22,0,2
1,<environment.Job instance at 0x7fa9b7c5f460>,3,17,[5 7],4,4,21,0,4
1,<environment.Job instance at 0x7fa9b7cbc870>,6,12,[3 6],7,21,33,14,7
1,<environment.Job instance at 0x7fa9b7cbc230>,8,14,[2 7],9,22,36,13,9
1,<environment.Job instance at 0x7fa9b7cbc9b0>,12,18,[5 3],13,33,51,20,22
1,<environment.Job instance at 0x7fa9b7cbc8c0>,14,19,[3 8],15,36,55,21,27
1,<environment.Job instance at 0x7fa9b7666fa0>,15,20,[2 6],16,51,71,35,42
1,<environment.Job instance at 0x7fa9b7cbc2d0>,9,17,[1 6],10,55,72,45,43
1,<environment.Job instance at 0x7fa9b72ceeb0>,0,18,[2 7],1,1,19,0,1
1,<environment.Job instance at 0x7fa9b72527d0>,4,12,[4 6],5,5,17,0,5
1,<environment.Job instance at 0x7fa9b7252690>,5,12,[14  5],6,19,31,13,6
1,<environment.Job instance at 0x7fa9b7b9aeb0>,9,14,[10  4],10,31,45,21,16
1,<environment.Job instance at 0x7fa9b7252230>,15,16,[7 5],16,45,61,29,32
1,<environment.Job instance at 0x7fa9b7252d70>,10,21,[6 5],11,45,66,34,37
1,<environment.Job instance at 0x7fa9b7749370>,0,14,[1 8],1,1,15,0,1
1,<environment.Job instance at 0x7fa9b737e960>,2,14,[14  4],3,3,17,0,3
1,<environment.Job instance at 0x7fa9b784e410>,6,14,[9 5],7,17,31,10,7
1,<environment.Job instance at 0x7fa9b784ef50>,9,15,[1 7],10,15,30,5,10
1,<environment.Job instance at 0x7fa9b784e0a0>,12,13,[3 8],13,30,43,17,14
1,<environment.Job instance at 0x7fa9b784e050>,13,13,[3 5],14,31,44,17,22
1,<environment.Job instance at 0x7fa9b7f36370>,16,20,[1 5],17,43,63,26,34
1,<environment.Job instance at 0x7fa9b788e8c0>,23,12,[11  5],24,43,55,19,34
1,<environment.Job instance at 0x7fa9b788e910>,27,17,[8 2],28,55,72,27,43
1,<environment.Job instance at 0x7fa9b756c5a0>,29,16,[5 8],30,55,71,25,43
1,<environment.Job instance at 0x7fa9b729a8c0>,0,14,[2 7],1,1,15,0,1
1,<environment.Job instance at 0x7fa9b7647820>,1,14,[13  5],2,2,16,0,2
1,<environment.Job instance at 0x7fa9b756c5a0>,3,14,[12  2],4,16,30,12,4
1,<environment.Job instance at 0x7fa9b716d870>,5,16,[2 8],6,15,31,9,6
1,<environment.Job instance at 0x7fa9b716dc30>,12,13,[9 4],13,30,43,17,14
1,<environment.Job instance at 0x7fa9b716ddc0>,13,16,[11  1],14,43,59,29,30
1,<environment.Job instance at 0x7fa9b716dcd0>,14,17,[3 8],15,42,59,27,42
1,<environment.Job instance at 0x7fa9b716da00>,9,15,[12  3],10,59,74,49,47
1,<environment.Job instance at 0x7fa9b716deb0>,17,14,[ 1 10],18,59,73,41,48
1,<environment.Job instance at 0x7fa9b71e21e0>,1,12,[11  1],2,2,14,0,2
1,<environment.Job instance at 0x7fa9b716e1e0>,2,14,[5 5],3,14,28,11,3
1,<environment.Job instance at 0x7fa9b7221550>,5,19,[9 4],6,14,33,8,9
1,<environment.Job instance at 0x7fa9b75d0a50>,10,14,[2 7],11,28,42,17,13
1,<environment.Job instance at 0x7fa9b75d0500>,11,15,[4 8],12,33,48,21,19
1,<environment.Job instance at 0x7fa9b75d0e60>,16,15,[3 6],17,42,57,25,28
1,<environment.Job instance at 0x7fa9b75d0280>,18,16,[2 6],19,48,64,29,35
1,<environment.Job instance at 0x7fa9b7221cd0>,7,15,[12  2],8,57,72,49,43
1,<environment.Job instance at 0x7fa9b719dc30>,1,20,[11  1],2,2,22,0,2
1,<environment.Job instance at 0x7fa9b7c5f640>,5,13,[ 1 13],6,7,20,1,7
1,<environment.Job instance at 0x7fa9b84d6fa0>,8,16,[11  1],9,22,38,13,9
1,<environment.Job instance at 0x7fa9b84d6f50>,9,14,[14  2],10,38,52,28,23
1,<environment.Job instance at 0x7fa9b84d6320>,6,26,[ 1 13],7,34,60,27,34
1,<environment.Job instance at 0x7fa9b7f76820>,21,15,[5 5],22,60,75,38,46
1,<environment.Job instance at 0x7fa9b7f760a0>,23,13,[4 8],24,60,73,36,46
1,<environment.Job instance at 0x7fa9b7f76730>,2,18,[3 6],3,3,21,0,3
1,<environment.Job instance at 0x7fa9b7f760a0>,4,15,[5 5],5,5,20,0,5
1,<environment.Job instance at 0x7fa9b7a719b0>,6,16,[3 9],7,20,36,13,7
1,<environment.Job instance at 0x7fa9b7a71c80>,11,21,[4 8],12,36,57,24,28
1,<environment.Job instance at 0x7fa9b7a71e60>,14,18,[8 3],15,28,46,13,28
1,<environment.Job instance at 0x7fa9b7a71f50>,15,14,[8 5],16,46,60,30,31
1,<environment.Job instance at 0x7fa9b7a54140>,17,16,[5 8],18,57,73,39,44
1,<environment.Job instance at 0x7fa9b7a54640>,25,13,[5 5],26,60,73,34,44
1,<environment.Job instance at 0x7fa9b7642b90>,0,22,[ 5 12],1,1,23,0,1
1,<environment.Job instance at 0x7fa9b7642230>,5,14,[ 2 10],6,23,37,17,8
1,<environment.Job instance at 0x7fa9b86d94b0>,9,14,[ 5 10],10,37,51,27,22
1,<environment.Job instance at 0x7fa9b76429b0>,10,16,[5 9],11,51,67,40,38
1,<environment.Job instance at 0x7fa9b7464eb0>,6,14,[ 4 10],7,7,21,0,7
1,<environment.Job instance at 0x7fa9b756c960>,8,12,[8 5],9,9,21,0,9
1,<environment.Job instance at 0x7fa9b736b9b0>,9,21,[9 2],10,21,42,11,13
1,<environment.Job instance at 0x7fa9b7efba50>,13,16,[6 3],14,21,37,7,14
1,<environment.Job instance at 0x7fa9b7379280>,23,22,[1 6],24,37,59,13,30
1,<environment.Job instance at 0x7fa9b83895a0>,0,17,[8 1],1,42,59,41,34
1,<environment.Job instance at 0x7fa9b724eeb0>,0,15,[5 1],1,1,16,0,1
1,<environment.Job instance at 0x7fa9b724e640>,1,18,[5 9],2,2,20,0,2
1,<environment.Job instance at 0x7fa9c0dedfa0>,2,12,[12  4],3,20,32,17,3
1,<environment.Job instance at 0x7fa9b7aa7c30>,6,14,[5 9],7,32,46,25,17
1,<environment.Job instance at 0x7fa9b7aa7eb0>,9,16,[6 5],10,32,48,22,19
1,<environment.Job instance at 0x7fa9b7aa7cd0>,8,12,[2 5],9,20,32,11,20
1,<environment.Job instance at 0x7fa9b7aa9370>,16,18,[7 5],17,46,64,29,35
1,<environment.Job instance at 0x7fa9b7aa9140>,17,18,[5 9],18,48,66,30,37
1,<environment.Job instance at 0x7fa9b76a2f00>,10,20,[2 9],11,11,31,0,11
1,<environment.Job instance at 0x7fa9b76a2370>,13,14,[1 5],14,14,28,0,14
1,<environment.Job instance at 0x7fa9b76a2500>,18,15,[1 6],19,28,43,9,21
1,<environment.Job instance at 0x7fa9b76a2c30>,19,14,[12  4],20,31,45,11,21
1,<environment.Job instance at 0x7fa9b86dd5a0>,22,12,[14  4],23,45,57,22,29
1,<environment.Job instance at 0x7fa9b86dda00>,23,15,[7 4],24,57,72,33,47
1,<environment.Job instance at 0x7fa9b7028a50>,1,18,[6 1],2,2,20,0,2
1,<environment.Job instance at 0x7fa9b8385dc0>,2,19,[1 7],3,3,22,0,3
1,<environment.Job instance at 0x7fa9b7bbd7d0>,8,17,[7 1],9,9,26,0,9
1,<environment.Job instance at 0x7fa9c0e0fc80>,12,21,[6 4],13,20,41,7,13
1,<environment.Job instance at 0x7fa9c0e0fa50>,17,16,[ 4 10],18,26,42,8,18
1,<environment.Job instance at 0x7fa9b77f00a0>,18,12,[11  4],19,41,53,22,24
1,<environment.Job instance at 0x7fa9b771fb40>,21,15,[9 4],22,53,68,31,39
1,<environment.Job instance at 0x7fa9b78ee5f0>,23,13,[1 5],24,42,55,18,40
1,<environment.Job instance at 0x7fa9c12570a0>,19,17,[5 5],20,53,70,33,41
1,<environment.Job instance at 0x7fa9b781c7d0>,1,16,[9 2],2,2,18,0,2
1,<environment.Job instance at 0x7fa9b867e460>,4,21,[6 5],5,5,26,0,5
1,<environment.Job instance at 0x7fa9c12570a0>,7,13,[9 4],8,18,31,10,8
1,<environment.Job instance at 0x7fa9b79126e0>,8,19,[ 5 10],9,26,45,17,16
1,<environment.Job instance at 0x7fa9b7912b90>,11,17,[4 5],12,31,48,19,19
1,<environment.Job instance at 0x7fa9b7912eb0>,13,15,[4 9],14,45,60,31,31
1,<environment.Job instance at 0x7fa9b7936a50>,18,17,[5 2],19,48,65,29,36
1,<environment.Job instance at 0x7fa9b7936460>,19,18,[1 9],20,60,78,40,49
1,<environment.Job instance at 0x7fa9b7936d70>,20,15,[6 3],21,49,64,28,49
1,<environment.Job instance at 0x7fa9b76abdc0>,1,20,[5 6],2,2,22,0,2
1,<environment.Job instance at 0x7fa9b7f536e0>,5,16,[10  2],6,6,22,0,6
1,<environment.Job instance at 0x7fa9b7f53eb0>,9,13,[8 2],10,22,35,12,10
1,<environment.Job instance at 0x7fa9b7f53190>,12,15,[9 3],13,35,50,22,23
1,<environment.Job instance at 0x7fa9b7f53960>,13,16,[6 3],14,23,39,9,23
1,<environment.Job instance at 0x7fa9b7f53870>,14,12,[13  4],15,50,62,35,33
1,<environment.Job instance at 0x7fa9b7f53370>,2,14,[14  1],3,6,20,3,6
1,<environment.Job instance at 0x7fa9b7531c30>,5,13,[ 2 10],6,20,33,14,9
1,<environment.Job instance at 0x7fa9b82ed960>,9,22,[5 7],10,33,55,23,26
1,<environment.Job instance at 0x7fa9b82ed910>,12,12,[8 4],13,26,38,13,26
1,<environment.Job instance at 0x7fa9b82ed640>,14,13,[5 4],15,38,51,23,26
1,<environment.Job instance at 0x7fa9b82edf00>,15,14,[8 5],16,51,65,35,36
1,<environment.Job instance at 0x7fa9b7531be0>,0,18,[1 5],1,55,73,54,44
1,<environment.Job instance at 0x7fa9b79407d0>,2,23,[10  4],3,3,26,0,3
1,<environment.Job instance at 0x7fa9b83dceb0>,6,18,[14  2],7,26,44,19,15
1,<environment.Job instance at 0x7fa9b83dc500>,8,16,[1 5],9,15,31,6,15
1,<environment.Job instance at 0x7fa9b76180f0>,5,17,[3 6],6,44,61,38,33
1,<environment.Job instance at 0x7fa9b83e8e10>,9,21,[12  3],10,44,65,34,36
1,<environment.Job instance at 0x7fa9b7631280>,14,13,[6 5],15,65,78,50,49
1,<environment.Job instance at 0x7fa9c0fb90a0>,0,13,[7 5],1,1,14,0,1
1,<environment.Job instance at 0x7fa9c0fb9050>,4,15,[4 6],5,5,20,0,5
1,<environment.Job instance at 0x7fa9c0fb9f00>,5,22,[7 1],6,14,36,8,7
1,<environment.Job instance at 0x7fa9c0fb9780>,7,17,[5 4],8,20,37,12,8
1,<environment.Job instance at 0x7fa9c0fb9500>,11,17,[ 3 13],12,37,54,25,28
1,<environment.Job instance at 0x7fa9b768a3c0>,28,15,[1 9],29,54,69,25,40
1,<environment.Job instance at 0x7fa9b7674a00>,3,14,[7 2],4,4,18,0,4
1,<environment.Job instance at 0x7fa9b7674cd0>,4,14,[13  3],5,18,32,13,7
1,<environment.Job instance at 0x7fa9b8175c80>,11,14,[3 8],12,32,46,20,17
1,<environment.Job instance at 0x7fa9b81755f0>,12,16,[6 5],13,32,48,19,19
1,<environment.Job instance at 0x7fa9b8175cd0>,9,20,[5 6],10,46,66,36,37
1,<environment.Job instance at 0x7fa9b74d7140>,28,17,[9 2],29,48,65,19,46
1,<environment.Job instance at 0x7fa9b6f77c30>,0,14,[7 4],1,1,15,0,1
1,<environment.Job instance at 0x7fa9b6f779b0>,1,13,[11  1],2,15,28,13,2
1,<environment.Job instance at 0x7fa9b80a7640>,7,21,[2 5],8,8,29,0,8
1,<environment.Job instance at 0x7fa9b80a7a00>,8,19,[7 2],9,28,47,19,18
1,<environment.Job instance at 0x7fa9b771d4b0>,12,14,[5 5],13,28,42,15,18
1,<environment.Job instance at 0x7fa9b771d370>,15,16,[6 1],16,42,58,26,29
1,<environment.Job instance at 0x7fa9b73510a0>,18,18,[1 5],19,29,47,10,29
1,<environment.Job instance at 0x7fa9b7f03f00>,20,12,[6 3],21,47,59,26,30
1,<environment.Job instance at 0x7fa9b7f03410>,21,16,[10  2],22,59,75,37,46
1,<environment.Job instance at 0x7f9b41e42460>,0,13,[9 3],1,1,14,0,1
1,<environment.Job instance at 0x7f9b41e425f0>,2,22,[4 8],3,3,25,0,3
1,<environment.Job instance at 0x7f9b386edd70>,4,21,[1 6],5,14,35,9,6
1,<environment.Job instance at 0x7f9b386edc80>,6,20,[6 1],7,14,34,7,11
1,<environment.Job instance at 0x7f9b3866b280>,14,13,[7 3],15,25,38,10,19
1,<environment.Job instance at 0x7f9b3866baf0>,23,18,[2 7],24,35,53,11,29
1,<environment.Job instance at 0x7f9b3866bf50>,30,27,[4 8],31,38,65,7,36
1,<environment.Job instance at 0x7f9b3866beb0>,2,18,[5 3],3,3,21,0,3
1,<environment.Job instance at 0x7f9b38b11870>,4,19,[3 8],5,5,24,0,5
1,<environment.Job instance at 0x7f9b3866bf50>,6,21,[7 4],7,7,28,0,7
1,<environment.Job instance at 0x7f9b38bd4280>,16,19,[4 8],17,24,43,7,17
1,<environment.Job instance at 0x7f9b38bd41e0>,17,13,[8 5],18,28,41,10,19
1,<environment.Job instance at 0x7f9b38bd4550>,19,13,[9 4],20,41,54,21,25
1,<environment.Job instance at 0x7f9b38bd45f0>,20,14,[2 6],21,43,57,22,28
1,<environment.Job instance at 0x7f9b38bd4140>,21,15,[5 9],22,54,69,32,40
1,<environment.Job instance at 0x7f9b38bd4370>,22,16,[ 4 10],23,69,85,46,56
1,<environment.Job instance at 0x7f9b37fecaa0>,29,16,[7 1],30,57,73,27,56
1,<environment.Job instance at 0x7f9b38673c80>,1,13,[7 4],2,2,15,0,2
1,<environment.Job instance at 0x7f9b37dd6410>,7,16,[8 1],8,8,24,0,8
1,<environment.Job instance at 0x7f9b37dd6b90>,8,15,[8 3],9,24,39,15,10
1,<environment.Job instance at 0x7f9b37dd6a00>,12,28,[6 2],13,15,43,2,14
1,<environment.Job instance at 0x7f9b37dd6460>,10,18,[6 1],11,39,57,28,31
1,<environment.Job instance at 0x7f9b37dd6aa0>,14,16,[4 7],15,43,59,28,31
1,<environment.Job instance at 0x7f9b37ddc500>,0,19,[13  1],1,59,78,58,50
1,<environment.Job instance at 0x7f9b380983c0>,0,13,[8 5],1,1,14,0,1
1,<environment.Job instance at 0x7f9b37ddc960>,1,14,[2 9],2,2,16,0,2
1,<environment.Job instance at 0x7f9b38120780>,4,20,[5 2],5,14,34,9,5
1,<environment.Job instance at 0x7f9b38357820>,18,12,[10  5],19,19,31,0,19
1,<environment.Job instance at 0x7f9b380dbdc0>,20,14,[2 7],21,31,45,10,21
1,<environment.Job instance at 0x7f9b38120af0>,9,16,[12  3],10,34,50,24,26
1,<environment.Job instance at 0x7f9b380db190>,25,16,[2 8],26,45,61,19,32
1,<environment.Job instance at 0x7f9b37e1f4b0>,32,13,[9 4],33,50,63,17,34
1,<environment.Job instance at 0x7f9b37de0960>,34,17,[3 8],35,61,78,26,49
1,<environment.Job instance at 0x7f9b38bd4fa0>,40,14,[6 1],41,63,77,22,49
1,<environment.Job instance at 0x7f9b37c43c80>,4,16,[7 4],5,5,21,0,5
1,<environment.Job instance at 0x7f9b37c47230>,12,14,[5 5],13,13,27,0,13
1,<environment.Job instance at 0x7f9b37c47370>,15,19,[9 4],16,21,40,5,16
1,<environment.Job instance at 0x7f9b37c478c0>,20,14,[2 7],21,27,41,6,22
1,<environment.Job instance at 0x7f9b37c47be0>,26,15,[3 6],27,40,55,13,27
1,<environment.Job instance at 0x7f9b37c47dc0>,28,16,[2 6],29,41,57,12,29
1,<environment.Job instance at 0x7f9b37c47fa0>,30,19,[5 5],31,55,74,24,45
1,<environment.Job instance at 0x7f9b37c47eb0>,32,20,[8 5],33,57,77,24,49
1,<environment.Job instance at 0x7f9b37c4a370>,35,13,[4 8],36,74,87,38,58
1,<environment.Job instance at 0x7f9b37c9e780>,1,20,[11  1],2,2,22,0,2
1,<environment.Job instance at 0x7f9b37c2eb40>,6,26,[ 1 13],7,7,33,0,7
1,<environment.Job instance at 0x7f9b37c2eaa0>,5,13,[ 1 13],6,33,46,27,17
1,<environment.Job instance at 0x7f9b37c2edc0>,11,15,[ 2 11],12,46,61,34,32
1,<environment.Job instance at 0x7f9b37c2ed70>,12,16,[11  1],13,32,48,19,32
1,<environment.Job instance at 0x7f9b37c2ee60>,10,22,[5 9],11,61,83,50,54
1,<environment.Job instance at 0x7f9b37ca4be0>,21,15,[5 5],22,61,76,39,54
1,<environment.Job instance at 0x7f9b392490a0>,0,12,[ 3 14],1,1,13,0,1
1,<environment.Job instance at 0x7f9b39249370>,4,18,[8 3],5,13,31,8,5
1,<environment.Job instance at 0x7f9b39249e10>,7,16,[5 8],8,13,29,5,10
1,<environment.Job instance at 0x7f9b39249fa0>,8,13,[1 7],9,29,42,20,26
1,<environment.Job instance at 0x7f9b39249870>,15,13,[5 5],16,29,42,13,26
1,<environment.Job instance at 0x7f9b383d3fa0>,18,14,[7 5],19,42,56,23,27
1,<environment.Job instance at 0x7f9b383d3f00>,25,15,[8 5],26,42,57,16,28
1,<environment.Job instance at 0x7f9b39249c30>,10,25,[12  4],11,57,82,46,53
1,<environment.Job instance at 0x7f9b37f61a00>,0,22,[ 4 14],1,2,24,1,2
1,<environment.Job instance at 0x7f9b37e21dc0>,12,15,[5 8],13,24,39,11,14
1,<environment.Job instance at 0x7f9b383247d0>,15,16,[6 3],16,24,40,8,16
1,<environment.Job instance at 0x7f9b38b53a00>,16,14,[5 7],17,39,53,22,25
1,<environment.Job instance at 0x7f9b38b53eb0>,17,18,[4 7],18,40,58,22,30
1,<environment.Job instance at 0x7f9b38559870>,14,20,[10  4],15,53,73,38,44
1,<environment.Job instance at 0x7f9b37e27fa0>,26,16,[2 9],27,58,74,31,45
1,<environment.Job instance at 0x7f9b38b744b0>,27,14,[5 6],28,73,87,45,58
1,<environment.Job instance at 0x7f9b38b72cd0>,2,16,[10  3],3,3,19,0,3
1,<environment.Job instance at 0x7f9b37c6e640>,5,13,[6 4],6,19,32,13,6
1,<environment.Job instance at 0x7f9b37c6e320>,8,19,[1 5],9,10,29,1,10
1,<environment.Job instance at 0x7f9b37c6e050>,11,13,[6 5],12,19,32,7,13
1,<environment.Job instance at 0x7f9b37c6e8c0>,10,18,[10  4],11,32,50,21,21
1,<environment.Job instance at 0x7f9b37c6eaf0>,13,14,[4 5],14,32,46,18,21
1,<environment.Job instance at 0x7f9b37c6edc0>,17,15,[9 5],18,50,65,32,36
1,<environment.Job instance at 0x7f9b37c6e230>,19,17,[1 7],20,46,63,26,36
1,<environment.Job instance at 0x7f9b37c6e0a0>,20,15,[5 1],21,50,65,29,36
1,<environment.Job instance at 0x7f9b37c6ef50>,21,18,[5 9],22,65,83,43,54
1,<environment.Job instance at 0x7f9b382f85f0>,1,15,[6 3],2,2,17,0,2
1,<environment.Job instance at 0x7f9b37c85eb0>,3,18,[7 5],4,4,22,0,4
1,<environment.Job instance at 0x7f9b37ca8dc0>,9,17,[5 9],10,17,34,7,12
1,<environment.Job instance at 0x7f9b37ca80a0>,10,17,[12  4],11,34,51,23,22
1,<environment.Job instance at 0x7f9b38be96e0>,20,20,[2 9],21,34,54,13,25
1,<environment.Job instance at 0x7f9b38be9370>,23,14,[1 5],24,51,65,27,36
1,<environment.Job instance at 0x7f9b38be9dc0>,25,18,[1 7],26,54,72,28,43
1,<environment.Job instance at 0x7f9b38be9550>,28,15,[1 6],29,65,80,36,51
1,<environment.Job instance at 0x7f9b38359eb0>,1,18,[6 1],2,2,20,0,2
1,<environment.Job instance at 0x7f9b38be9b40>,2,19,[1 7],3,3,22,0,3
1,<environment.Job instance at 0x7f9b383597d0>,8,17,[7 1],9,9,26,0,9
1,<environment.Job instance at 0x7f9b383594b0>,12,21,[6 4],13,20,41,7,13
1,<environment.Job instance at 0x7f9b3836c690>,19,17,[5 5],20,26,43,6,20
1,<environment.Job instance at 0x7f9b3836cfa0>,21,15,[9 4],22,41,56,19,27
1,<environment.Job instance at 0x7f9b3836cd20>,23,13,[1 5],24,27,40,3,27
1,<environment.Job instance at 0x7f9b38359190>,17,16,[ 4 10],18,43,59,25,31
1,<environment.Job instance at 0x7f9b3836cdc0>,27,20,[7 1],28,56,76,28,50
1,<environment.Job instance at 0x7f9b3836c320>,29,16,[4 9],30,59,75,29,50
1,<environment.Job instance at 0x7f9b37ba7190>,0,17,[4 7],1,1,18,0,1
1,<environment.Job instance at 0x7f9b3836c2d0>,1,17,[4 5],2,2,19,0,2
1,<environment.Job instance at 0x7f9b3836c320>,3,15,[4 9],4,18,33,14,4
1,<environment.Job instance at 0x7f9b37ba7a00>,8,17,[5 2],9,19,36,10,11
1,<environment.Job instance at 0x7f9b37ba7320>,9,18,[1 9],10,33,51,23,22
1,<environment.Job instance at 0x7f9b37ba7730>,10,15,[6 3],11,27,42,16,27
1,<environment.Job instance at 0x7f9b37b279b0>,12,21,[9 5],13,42,63,29,34
1,<environment.Job instance at 0x7f9b37b27af0>,16,14,[7 2],17,63,77,46,48
1,<environment.Job instance at 0x7f9b37b27370>,11,15,[3 9],12,51,66,39,48
1,<environment.Job instance at 0x7f9b37b270f0>,21,13,[7 1],22,66,79,44,50
1,<environment.Job instance at 0x7f9b3866b730>,0,21,[5 2],1,1,22,0,1
1,<environment.Job instance at 0x7f9b37b27b90>,1,23,[ 4 11],2,2,25,0,2
1,<environment.Job instance at 0x7f9b3866b050>,7,13,[7 4],8,22,35,14,8
1,<environment.Job instance at 0x7f9b3866beb0>,5,12,[3 6],6,25,37,19,8
1,<environment.Job instance at 0x7f9b3866b370>,10,15,[5 2],11,25,40,14,11
1,<environment.Job instance at 0x7f9b3866be60>,12,14,[7 1],13,35,49,22,20
1,<environment.Job instance at 0x7f9b3866b9b0>,17,14,[2 6],18,37,51,19,22
1,<environment.Job instance at 0x7f9b38042910>,27,20,[3 7],28,40,60,12,31
1,<environment.Job instance at 0x7f9b38042960>,30,18,[1 5],31,51,69,20,40
1,<environment.Job instance at 0x7f9b390ce640>,40,19,[1 7],41,60,79,19,50
1,<environment.Job instance at 0x7f9b390ce370>,42,12,[8 4],43,69,81,26,52
1,<environment.Job instance at 0x7f9b390ce4b0>,44,13,[5 4],45,69,82,24,53
1,<environment.Job instance at 0x7f9b37e84c80>,1,16,[5 1],2,2,18,0,2
1,<environment.Job instance at 0x7f9b38e92aa0>,4,18,[2 8],5,5,23,0,5
1,<environment.Job instance at 0x7f9b38d61640>,8,23,[3 7],9,18,41,9,12
1,<environment.Job instance at 0x7f9b38d61fa0>,13,20,[11  5],14,23,43,9,14
1,<environment.Job instance at 0x7f9b38d614b0>,19,20,[3 8],20,41,61,21,32
1,<environment.Job instance at 0x7f9b38d61af0>,24,17,[10  5],25,43,60,18,32
1,<environment.Job instance at 0x7f9b38d610f0>,25,17,[3 6],26,60,77,34,48
1,<environment.Job instance at 0x7f9b38a76e10>,28,16,[1 5],29,61,77,32,48
1,<environment.Job instance at 0x7f9b38a760f0>,31,13,[9 3],32,61,74,29,48
1,<environment.Job instance at 0x7f9b37aaa230>,0,13,[8 3],1,1,14,0,1
1,<environment.Job instance at 0x7f9b37aaae10>,5,23,[1 5],6,6,29,0,6
1,<environment.Job instance at 0x7f9b37aaa500>,10,13,[7 5],11,14,27,3,11
1,<environment.Job instance at 0x7f9b389330f0>,13,14,[14  2],14,27,41,13,15
1,<environment.Job instance at 0x7f9b37aaa4b0>,14,15,[4 6],15,41,56,26,27
1,<environment.Job instance at 0x7f9b389335f0>,17,17,[5 4],18,41,58,23,31
1,<environment.Job instance at 0x7f9b38933e60>,25,21,[6 5],26,41,62,15,41
1,<environment.Job instance at 0x7f9b38933b90>,19,16,[ 4 10],20,58,74,38,45
1,<environment.Job instance at 0x7f9b38abb5f0>,3,14,[7 2],4,4,18,0,4
1,<environment.Job instance at 0x7f9b38a8d910>,5,14,[13  2],6,18,32,12,7
1,<environment.Job instance at 0x7f9b38abb8c0>,6,12,[6 1],7,32,44,25,15
1,<environment.Job instance at 0x7f9b38a8d6e0>,11,14,[3 8],12,32,46,20,17
1,<environment.Job instance at 0x7f9b38a8de10>,13,14,[5 4],14,32,46,18,19
1,<environment.Job instance at 0x7f9b38a8d3c0>,14,12,[ 3 12],15,46,58,31,29
1,<environment.Job instance at 0x7f9b38a8d5a0>,15,12,[11  4],16,58,70,42,45
1,<environment.Job instance at 0x7f9b38a8df00>,12,16,[6 5],13,70,86,57,57
1,<environment.Job instance at 0x7f9b38a8dc30>,18,21,[1 7],19,59,80,40,59
1,<environment.Job instance at 0x7f9b385d8e60>,0,14,[2 7],1,1,15,0,1
1,<environment.Job instance at 0x7f9b385d8b90>,1,24,[4 5],2,2,26,0,2
1,<environment.Job instance at 0x7f9b37a8ea50>,2,14,[5 5],3,15,29,12,3
1,<environment.Job instance at 0x7f9b37a8e410>,5,16,[6 1],6,6,22,0,6
1,<environment.Job instance at 0x7f9b37a8ec30>,10,12,[6 3],11,22,34,11,11
1,<environment.Job instance at 0x7f9b37a8e230>,8,18,[1 5],9,26,44,17,15
1,<environment.Job instance at 0x7f9b37b4a0a0>,15,13,[9 5],16,34,47,18,18
1,<environment.Job instance at 0x7f9b37b4a0f0>,16,18,[6 2],17,44,62,27,33
1,<environment.Job instance at 0x7f9b3836c690>,18,13,[7 5],19,47,60,28,33
1,<environment.Job instance at 0x7f9b41e85fa0>,21,15,[7 3],22,60,75,38,46
1,<environment.Job instance at 0x7f9b37c7b4b0>,25,14,[4 7],26,62,76,36,49
1,<environment.Job instance at 0x7f9b37c7bc30>,2,20,[5 8],3,3,23,0,3
1,<environment.Job instance at 0x7f9b387e4cd0>,7,14,[9 5],8,8,22,0,8
1,<environment.Job instance at 0x7f9b387f4be0>,12,17,[6 4],13,22,39,9,15
1,<environment.Job instance at 0x7f9b387f4c30>,17,12,[5 1],18,23,35,5,18
1,<environment.Job instance at 0x7f9b387f4d70>,14,21,[ 3 10],15,23,44,8,19
1,<environment.Job instance at 0x7f9b387e40a0>,8,25,[7 3],9,39,64,30,35
1,<environment.Job instance at 0x7f9b38213f50>,23,15,[8 1],24,44,59,20,35
1,<environment.Job instance at 0x7f9b38213c80>,24,14,[5 7],25,59,73,34,44
1,<environment.Job instance at 0x7f9b37d87a50>,1,14,[5 7],2,2,16,0,2
1,<environment.Job instance at 0x7f9b38e9a9b0>,2,16,[4 6],3,3,19,0,3
1,<environment.Job instance at 0x7f9b390a33c0>,3,13,[8 1],4,16,29,12,5
1,<environment.Job instance at 0x7f9b38560f50>,5,16,[ 3 10],6,19,35,13,6
1,<environment.Job instance at 0x7f9b37c310a0>,11,19,[6 1],12,29,48,17,19
1,<environment.Job instance at 0x7f9b37c31780>,12,12,[2 5],13,35,47,22,20
1,<environment.Job instance at 0x7f9b37c3ac30>,19,20,[4 6],20,35,55,15,28
1,<environment.Job instance at 0x7f9b37b16fa0>,23,14,[10  4],24,48,62,24,33
1,<environment.Job instance at 0x7f9b37a6c6e0>,24,19,[4 7],25,55,74,30,45
1,<environment.Job instance at 0x7f9b38c1b280>,0,12,[9 5],1,1,13,0,1
1,<environment.Job instance at 0x7f9b38c1b1e0>,1,14,[ 3 11],2,13,27,11,2
1,<environment.Job instance at 0x7f9b3918a5a0>,2,15,[11  2],3,13,28,10,4
1,<environment.Job instance at 0x7f9b379ec640>,6,17,[5 5],7,28,45,21,16
1,<environment.Job instance at 0x7f9b383d4460>,12,14,[6 3],13,28,42,15,16
1,<environment.Job instance at 0x7f9b383d4e60>,16,16,[2 9],17,42,58,25,29
1,<environment.Job instance at 0x7f9b383d6e60>,8,14,[8 5],9,45,59,36,30
1,<environment.Job instance at 0x7f9b386eb7d0>,4,12,[8 3],5,59,71,54,42
1,<environment.Job instance at 0x7f9b379eceb0>,5,18,[ 2 10],6,58,76,52,51
1,<environment.Job instance at 0x7f2ae4534230>,0,13,[9 3],1,1,14,0,1
1,<environment.Job instance at 0x7f2ae4534320>,2,22,[4 8],3,3,25,0,3
1,<environment.Job instance at 0x7f2adadbc640>,4,21,[1 6],5,14,35,9,9
1,<environment.Job instance at 0x7f2adadbcd20>,14,13,[7 3],15,25,38,10,22
1,<environment.Job instance at 0x7f2adadbca00>,10,18,[ 3 11],11,35,53,24,24
1,<environment.Job instance at 0x7f2adadbf0f0>,24,13,[ 3 14],25,53,66,28,37
1,<environment.Job instance at 0x7f2adadbf460>,26,26,[1 8],27,66,92,39,63
1,<environment.Job instance at 0x7f2adadbf5f0>,27,25,[5 7],28,66,91,38,63
1,<environment.Job instance at 0x7f2adb279280>,6,19,[4 8],7,7,26,0,7
1,<environment.Job instance at 0x7f2adb2792d0>,7,13,[8 5],8,8,21,0,8
1,<environment.Job instance at 0x7f2adadbf730>,8,12,[10  2],9,21,33,12,9
1,<environment.Job instance at 0x7f2adb2799b0>,10,14,[2 6],11,26,40,15,13
1,<environment.Job instance at 0x7f2adb312cd0>,19,16,[7 1],20,33,49,13,21
1,<environment.Job instance at 0x7f2adb27d050>,12,16,[ 4 10],13,40,56,27,28
1,<environment.Job instance at 0x7f2adb27d690>,9,13,[9 4],10,49,62,39,34
1,<environment.Job instance at 0x7f2adb312dc0>,25,15,[5 7],26,56,71,30,43
1,<environment.Job instance at 0x7f2adb275280>,28,17,[5 5],29,62,79,33,50
1,<environment.Job instance at 0x7f2adb3124b0>,23,16,[ 2 11],24,79,95,55,66
1,<environment.Job instance at 0x7f2ada48ec30>,0,13,[7 4],1,1,14,0,1
1,<environment.Job instance at 0x7f2adb3124b0>,2,13,[12  5],3,14,27,11,3
1,<environment.Job instance at 0x7f2ada8c4820>,9,15,[10  4],10,27,42,17,13
1,<environment.Job instance at 0x7f2ada8c4d20>,16,14,[9 5],17,42,56,25,27
1,<environment.Job instance at 0x7f2ada8c4e60>,19,15,[1 7],20,27,42,7,27
1,<environment.Job instance at 0x7f2ada8c42d0>,22,13,[3 8],23,42,55,19,27
1,<environment.Job instance at 0x7f2ada474f50>,23,13,[3 5],24,55,68,31,39
1,<environment.Job instance at 0x7f2ada474050>,26,20,[1 5],27,55,75,28,46
1,<environment.Job instance at 0x7f2ada474fa0>,27,22,[3 7],28,68,90,40,61
1,<environment.Job instance at 0x7f2ada474140>,37,17,[8 2],38,61,78,23,61
1,<environment.Job instance at 0x7f2ada474b40>,39,16,[5 8],40,78,94,38,65
1,<environment.Job instance at 0x7f2ada474280>,2,13,[9 4],3,3,16,0,3
1,<environment.Job instance at 0x7f2adaefb050>,3,16,[11  1],4,16,32,12,4
1,<environment.Job instance at 0x7f2adaefbe60>,4,17,[3 8],5,5,22,0,5
1,<environment.Job instance at 0x7f2ada474b40>,7,14,[ 1 10],8,22,36,14,15
1,<environment.Job instance at 0x7f2adaefb410>,10,14,[6 1],11,32,46,21,17
1,<environment.Job instance at 0x7f2adaefb140>,8,25,[6 2],9,32,57,23,28
1,<environment.Job instance at 0x7f2adb0f9960>,13,14,[10  1],14,57,71,43,42
1,<environment.Job instance at 0x7f2adb0f9a00>,12,16,[3 8],13,54,70,41,54
1,<environment.Job instance at 0x7f2adb0f9460>,16,13,[6 3],17,71,84,54,55
1,<environment.Job instance at 0x7f2adb0f9640>,17,13,[7 4],18,71,84,53,55
1,<environment.Job instance at 0x7f2adb0f90a0>,19,20,[1 7],20,70,90,50,62
1,<environment.Job instance at 0x7f2adb8b4e60>,0,13,[ 5 13],1,1,14,0,1
1,<environment.Job instance at 0x7f2adb8a3230>,1,15,[6 1],2,2,17,0,2
1,<environment.Job instance at 0x7f2adb8a3550>,6,13,[2 5],7,14,27,7,7
1,<environment.Job instance at 0x7f2adb8a3960>,9,17,[6 2],10,14,31,4,10
1,<environment.Job instance at 0x7f2adb8a3640>,10,17,[5 1],11,17,34,6,11
1,<environment.Job instance at 0x7f2adb8a37d0>,13,17,[4 6],14,27,44,13,23
1,<environment.Job instance at 0x7f2adb8a3eb0>,8,26,[ 3 11],9,44,70,35,41
1,<environment.Job instance at 0x7f2adb426e60>,18,15,[8 2],19,51,66,32,51
1,<environment.Job instance at 0x7f2adb5442d0>,22,17,[9 4],23,66,83,43,55
1,<environment.Job instance at 0x7f2adb47fa00>,0,12,[14  1],1,1,13,0,1
1,<environment.Job instance at 0x7f2adb47f230>,4,15,[5 5],5,13,28,8,5
1,<environment.Job instance at 0x7f2adb47fa50>,8,12,[ 5 10],9,13,25,4,9
1,<environment.Job instance at 0x7f2adb47ff00>,11,21,[4 8],12,25,46,13,17
1,<environment.Job instance at 0x7f2adb47ffa0>,14,18,[8 3],15,28,46,13,17
1,<environment.Job instance at 0x7f2adb47fc30>,15,14,[8 5],16,46,60,30,31
1,<environment.Job instance at 0x7f2ada789d20>,17,16,[5 8],18,46,62,28,33
1,<environment.Job instance at 0x7f2ada7893c0>,18,13,[1 7],19,60,73,41,44
1,<environment.Job instance at 0x7f2ada789870>,25,13,[5 5],26,62,75,36,46
1,<environment.Job instance at 0x7f2ada789050>,28,14,[7 5],29,73,87,44,58
1,<environment.Job instance at 0x7f2adac7f960>,35,15,[8 5],36,75,90,39,61
1,<environment.Job instance at 0x7f2adabb2190>,0,22,[ 4 14],1,1,23,0,1
1,<environment.Job instance at 0x7f2ada393280>,12,15,[5 8],13,23,38,10,13
1,<environment.Job instance at 0x7f2ada393500>,14,20,[10  4],15,23,43,8,15
1,<environment.Job instance at 0x7f2ada5cd1e0>,16,14,[5 7],17,38,52,21,23
1,<environment.Job instance at 0x7f2ada3937d0>,23,12,[10  3],24,43,55,19,26
1,<environment.Job instance at 0x7f2ada393c80>,26,16,[2 9],27,52,68,25,39
1,<environment.Job instance at 0x7f2ada393d20>,27,14,[5 6],28,55,69,27,40
1,<environment.Job instance at 0x7f2ada3935f0>,18,14,[ 1 14],19,69,83,50,56
1,<environment.Job instance at 0x7f2ada393eb0>,30,17,[8 1],31,68,85,37,56
1,<environment.Job instance at 0x7f2ada3952d0>,36,14,[ 4 10],37,83,97,46,68
1,<environment.Job instance at 0x7f2ada395410>,38,12,[8 5],39,85,97,46,68
1,<environment.Job instance at 0x7f2adab11c80>,1,13,[6 5],2,2,15,0,2
1,<environment.Job instance at 0x7f2adb200b90>,3,14,[4 5],4,4,18,0,4
1,<environment.Job instance at 0x7f2adb200460>,7,15,[9 5],8,15,30,7,8
1,<environment.Job instance at 0x7f2adaa89d70>,9,17,[1 7],10,18,35,8,10
1,<environment.Job instance at 0x7f2adaa89f50>,10,15,[5 1],11,18,33,7,11
1,<environment.Job instance at 0x7f2adaa898c0>,18,12,[2 5],19,30,42,11,19
1,<environment.Job instance at 0x7f2adaa895a0>,19,16,[6 5],20,35,51,15,22
1,<environment.Job instance at 0x7f2adaa89af0>,20,23,[ 2 11],21,51,74,30,45
1,<environment.Job instance at 0x7f2adb4b5690>,23,22,[10  2],24,51,73,27,49
1,<environment.Job instance at 0x7f2adb4b5af0>,26,18,[7 5],27,74,92,47,63
1,<environment.Job instance at 0x7f2adb4b5190>,27,18,[5 9],28,74,92,46,63
1,<environment.Job instance at 0x7f2adaf5b780>,3,14,[1 5],4,4,18,0,4
1,<environment.Job instance at 0x7f2adaf5b410>,5,18,[1 7],6,6,24,0,6
1,<environment.Job instance at 0x7f2ada233640>,7,14,[14  1],8,18,32,10,9
1,<environment.Job instance at 0x7f2adaf5bf00>,8,15,[1 6],9,24,39,15,11
1,<environment.Job instance at 0x7f2ada46efa0>,12,12,[14  4],13,32,44,19,15
1,<environment.Job instance at 0x7f2ada46e050>,13,15,[7 4],14,44,59,30,33
1,<environment.Job instance at 0x7f2adb1b2190>,0,20,[2 9],1,44,64,43,38
1,<environment.Job instance at 0x7f2adb09ab40>,15,13,[1 7],16,64,77,48,49
1,<environment.Job instance at 0x7f2adaee4960>,16,13,[12  2],17,59,72,42,49
1,<environment.Job instance at 0x7f2ada46e7d0>,11,20,[10  5],12,72,92,60,64
1,<environment.Job instance at 0x7f2adab0e280>,22,13,[5 5],23,77,90,54,64
1,<environment.Job instance at 0x7f2ada72a910>,0,18,[ 2 10],1,1,19,0,1
1,<environment.Job instance at 0x7f2ada4ec320>,3,14,[6 5],4,4,18,0,4
1,<environment.Job instance at 0x7f2adae21af0>,5,15,[10  3],6,18,33,12,6
1,<environment.Job instance at 0x7f2adae115a0>,12,27,[5 1],13,19,46,6,17
1,<environment.Job instance at 0x7f2ada0667d0>,13,21,[1 6],14,33,54,19,25
1,<environment.Job instance at 0x7f2ada0661e0>,11,15,[4 5],12,33,48,21,25
1,<environment.Job instance at 0x7f2ada066cd0>,16,16,[4 5],17,48,64,31,35
1,<environment.Job instance at 0x7f2ada066410>,14,17,[14  5],15,64,81,49,52
1,<environment.Job instance at 0x7f2adaa44820>,0,27,[ 3 14],1,1,28,0,1
1,<environment.Job instance at 0x7f2adaef0230>,8,17,[5 5],9,28,45,19,16
1,<environment.Job instance at 0x7f2ada53c910>,5,16,[10  2],6,28,44,22,16
1,<environment.Job instance at 0x7f2adb304280>,12,15,[9 3],13,44,59,31,30
1,<environment.Job instance at 0x7f2adb9f2a50>,13,16,[6 3],14,45,61,31,33
1,<environment.Job instance at 0x7f2ada53caa0>,9,13,[8 2],10,59,72,49,50
1,<environment.Job instance at 0x7f2adb9f2af0>,16,18,[10  2],17,72,90,55,61
1,<environment.Job instance at 0x7f2adb9f2730>,20,21,[5 2],21,61,82,40,61
1,<environment.Job instance at 0x7f2adad365f0>,25,12,[3 6],26,82,94,56,65
1,<environment.Job instance at 0x7f2adb9d94b0>,0,26,[ 4 14],1,1,27,0,1
1,<environment.Job instance at 0x7f2adaf5b8c0>,8,13,[5 3],9,27,40,18,11
1,<environment.Job instance at 0x7f2ada8664b0>,11,16,[5 1],12,12,28,0,12
1,<environment.Job instance at 0x7f2ae4170e60>,1,16,[4 6],2,27,43,25,14
1,<environment.Job instance at 0x7f2ada45bf00>,19,17,[1 6],20,28,45,8,20
1,<environment.Job instance at 0x7f2adb176eb0>,20,21,[1 8],21,43,64,22,35
1,<environment.Job instance at 0x7f2ada866a00>,10,14,[13  2],11,48,62,37,48
1,<environment.Job instance at 0x7f2adaaf1960>,9,16,[ 3 10],10,64,80,54,51
1,<environment.Job instance at 0x7f2ada8306e0>,0,13,[8 3],1,1,14,0,1
1,<environment.Job instance at 0x7f2adb9fd910>,5,23,[1 5],6,6,29,0,6
1,<environment.Job instance at 0x7f2adb9fdb40>,10,13,[7 5],11,14,27,3,11
1,<environment.Job instance at 0x7f2adb9fd8c0>,13,14,[14  2],14,27,41,13,15
1,<environment.Job instance at 0x7f2ada937320>,17,17,[5 4],18,41,58,23,29
1,<environment.Job instance at 0x7f2ada937e10>,18,14,[8 1],19,41,55,22,29
1,<environment.Job instance at 0x7f2ada830c30>,14,15,[4 6],15,55,70,40,41
1,<environment.Job instance at 0x7f2ada937b90>,25,21,[6 5],26,55,76,29,53
1,<environment.Job instance at 0x7f2ada937550>,19,16,[ 4 10],20,70,86,50,57
1,<environment.Job instance at 0x7f2adb45e7d0>,1,14,[3 8],2,2,16,0,2
1,<environment.Job instance at 0x7f2ada9372d0>,2,16,[6 5],3,3,19,0,3
1,<environment.Job instance at 0x7f2adb823960>,3,14,[5 4],4,16,30,12,4
1,<environment.Job instance at 0x7f2adadb0dc0>,0,15,[10  1],1,19,34,18,5
1,<environment.Job instance at 0x7f2adb823b90>,5,12,[11  4],6,34,46,28,17
1,<environment.Job instance at 0x7f2ada9b90f0>,10,28,[ 1 11],11,30,58,19,29
1,<environment.Job instance at 0x7f2ada9b9dc0>,15,12,[6 4],16,46,58,30,30
1,<environment.Job instance at 0x7f2ada9b9550>,18,17,[9 2],19,58,75,39,46
1,<environment.Job instance at 0x7f2adae3f640>,22,21,[2 5],23,58,79,35,50
1,<environment.Job instance at 0x7f2adae3f780>,24,17,[3 9],25,75,92,50,63
1,<environment.Job instance at 0x7f2adb8098c0>,7,16,[12  1],8,79,95,71,67
1,<environment.Job instance at 0x7f2ada84c960>,0,14,[11  5],1,1,15,0,1
1,<environment.Job instance at 0x7f2adb809280>,1,15,[7 3],2,15,30,13,3
1,<environment.Job instance at 0x7f2ada126820>,5,14,[4 7],6,6,20,0,6
1,<environment.Job instance at 0x7f2ada2160a0>,6,21,[2 8],7,20,41,13,12
1,<environment.Job instance at 0x7f2ae3ede0a0>,12,18,[5 4],13,20,38,7,13
1,<environment.Job instance at 0x7f2ae3edee10>,14,13,[1 6],15,38,51,23,22
1,<environment.Job instance at 0x7f2ae3ede690>,16,22,[2 6],17,41,63,24,34
1,<environment.Job instance at 0x7f2ae3edec30>,18,17,[7 4],19,51,68,32,39
1,<environment.Job instance at 0x7f2adb8d4eb0>,20,19,[6 2],21,42,61,21,42
1,<environment.Job instance at 0x7f2ae3ede960>,15,21,[ 3 10],16,63,84,47,55
1,<environment.Job instance at 0x7f2adabf9c30>,3,19,[10  1],4,4,23,0,4
1,<environment.Job instance at 0x7f2adabf9460>,5,20,[1 8],6,6,26,0,6
1,<environment.Job instance at 0x7f2adabf9f00>,9,13,[7 2],10,23,36,13,10
1,<environment.Job instance at 0x7f2ae3ff5c80>,7,17,[7 2],8,23,40,15,11
1,<environment.Job instance at 0x7f2adb547f00>,13,15,[10  5],14,40,55,26,26
1,<environment.Job instance at 0x7f2adae35190>,15,22,[3 8],16,36,58,20,29
1,<environment.Job instance at 0x7f2ada684730>,16,16,[4 7],17,55,71,38,42
1,<environment.Job instance at 0x7f2adae35320>,17,12,[9 1],18,58,70,40,42
1,<environment.Job instance at 0x7f2adb3ebe60>,21,14,[2 9],22,71,85,49,56
1,<environment.Job instance at 0x7f2adab17eb0>,24,15,[3 5],25,70,85,45,56
1,<environment.Job instance at 0x7f2adaf3ed20>,0,13,[9 1],1,1,14,0,1
1,<environment.Job instance at 0x7f2adaf3ef00>,1,27,[ 5 14],2,2,29,0,2
1,<environment.Job instance at 0x7f2adaa1f280>,9,22,[3 9],10,29,51,19,22
1,<environment.Job instance at 0x7f2adaa1fbe0>,5,12,[3 5],6,29,41,23,22
1,<environment.Job instance at 0x7f2adaa3f460>,16,12,[3 6],17,41,53,24,24
1,<environment.Job instance at 0x7f2ada5f6d70>,26,17,[5 5],27,51,68,24,40
1,<environment.Job instance at 0x7f2adb87c820>,27,14,[9 5],28,53,67,25,41
1,<environment.Job instance at 0x7f2ada009190>,28,14,[8 5],29,67,81,38,52
1,<environment.Job instance at 0x7f2ad9fd94b0>,32,14,[6 3],33,68,82,35,53
1,<environment.Job instance at 0x7f2adb846690>,36,16,[2 9],37,81,97,44,69
1,<environment.Job instance at 0x7f2adac166e0>,1,24,[5 4],2,2,26,0,2
1,<environment.Job instance at 0x7f2adac16a00>,0,17,[2 9],1,2,19,1,2
1,<environment.Job instance at 0x7f2adaa23c80>,3,15,[10  1],4,19,34,15,5
1,<environment.Job instance at 0x7f2adb870190>,5,12,[1 9],6,26,38,20,9
1,<environment.Job instance at 0x7f2adacde6e0>,7,13,[5 8],8,38,51,30,22
1,<environment.Job instance at 0x7f2adad17fa0>,15,14,[3 9],16,51,65,35,36
1,<environment.Job instance at 0x7f2adad17230>,17,17,[4 7],18,65,82,47,53
1,<environment.Job instance at 0x7f2adad17f00>,19,19,[5 8],20,65,84,45,55
1,<environment.Job instance at 0x7f2adad17b40>,23,13,[9 2],24,82,95,58,66
1,<environment.Job instance at 0x7f2adacf20a0>,0,18,[3 9],1,2,20,1,2
1,<environment.Job instance at 0x7f2adacf2550>,4,12,[5 1],5,5,17,0,5
1,<environment.Job instance at 0x7f2adacf2e60>,5,16,[13  3],6,20,36,14,7
1,<environment.Job instance at 0x7f2adacf29b0>,7,14,[1 9],8,20,34,12,8
1,<environment.Job instance at 0x7f2adacf2230>,6,12,[4 8],7,36,48,29,19
1,<environment.Job instance at 0x7f2adacf2eb0>,2,23,[6 1],3,36,59,33,33
1,<environment.Job instance at 0x7f2adacf2dc0>,12,12,[1 6],13,34,46,21,33
1,<environment.Job instance at 0x7f2adacf2050>,13,17,[5 5],14,46,63,32,46
1,<environment.Job instance at 0x7f2adacf2370>,11,18,[10  5],12,59,77,47,48
1,<environment.Job instance at 0x7f2adb2464b0>,16,19,[6 2],17,77,96,60,67
1,<environment.Job instance at 0x7f2adb2460f0>,19,14,[9 3],20,77,91,57,67
1,<environment.Job instance at 0x7f2ae3fcbb40>,2,13,[11  3],3,3,16,0,3
1,<environment.Job instance at 0x7f2adb765f50>,12,15,[4 7],13,13,28,0,13
1,<environment.Job instance at 0x7f2adb765fa0>,13,22,[3 5],14,16,38,2,14
1,<environment.Job instance at 0x7f2adb0bad20>,17,14,[12  4],18,28,42,10,18
1,<environment.Job instance at 0x7f2adb3bd230>,30,12,[9 5],31,42,54,11,31
1,<environment.Job instance at 0x7f2adb1609b0>,31,23,[3 9],32,38,61,6,32
1,<environment.Job instance at 0x7f2adb6b7d20>,32,12,[9 4],33,54,66,21,37
1,<environment.Job instance at 0x7f2ada23f780>,33,21,[1 8],34,61,82,27,53
1,<environment.Job instance at 0x7f2adb60beb0>,37,13,[3 7],38,66,79,28,53
1,<environment.Job instance at 0x7f2ada22c9b0>,35,15,[ 2 14],36,82,97,46,68
1,<environment.Job instance at 0x7f9ca788c230>,0,13,[9 3],1,1,14,0,1
1,<environment.Job instance at 0x7f9ca788c320>,2,22,[4 8],3,3,25,0,3
1,<environment.Job instance at 0x7f9c9e114640>,4,21,[1 6],5,14,35,9,7
1,<environment.Job instance at 0x7f9c9e114be0>,14,13,[7 3],15,25,38,10,16
1,<environment.Job instance at 0x7f9c9e1182d0>,23,18,[2 7],24,35,53,11,24
1,<environment.Job instance at 0x7f9c9e118960>,33,16,[2 8],34,38,54,4,34
1,<environment.Job instance at 0x7f9c9e118b90>,35,15,[9 5],36,53,68,17,39
1,<environment.Job instance at 0x7f9c9e118eb0>,40,15,[10  3],41,68,83,27,54
1,<environment.Job instance at 0x7f9c9e114910>,15,18,[ 2 14],16,83,101,67,72
1,<environment.Job instance at 0x7f9c9e118cd0>,43,13,[13  1],44,83,96,39,72
1,<environment.Job instance at 0x7f9c9e64ed70>,0,14,[2 6],1,1,15,0,1
1,<environment.Job instance at 0x7f9c9e11a0f0>,1,15,[5 9],2,2,17,0,2
1,<environment.Job instance at 0x7f9c9e64e140>,2,16,[ 4 10],3,17,33,14,8
1,<environment.Job instance at 0x7f9c9e64e190>,9,16,[7 1],10,15,31,5,10
1,<environment.Job instance at 0x7f9c9e64e550>,11,20,[8 2],12,31,51,19,22
1,<environment.Job instance at 0x7f9c9e6222d0>,15,15,[5 7],16,33,48,17,24
1,<environment.Job instance at 0x7f9c9e64ef50>,8,21,[ 1 11],9,48,69,39,40
1,<environment.Job instance at 0x7f9c9e622500>,18,17,[5 5],19,69,86,50,57
1,<environment.Job instance at 0x7f9c9e622820>,20,18,[2 7],21,69,87,48,63
1,<environment.Job instance at 0x7f9c9d86ccd0>,0,26,[5 5],1,1,27,0,1
1,<environment.Job instance at 0x7f9c9e7a9280>,1,24,[4 7],2,2,26,0,2
1,<environment.Job instance at 0x7f9c9d86c050>,2,13,[3 8],3,26,39,23,10
1,<environment.Job instance at 0x7f9c9d86cd70>,7,22,[3 7],8,27,49,19,20
1,<environment.Job instance at 0x7f9c9d86c550>,17,17,[8 2],18,39,56,21,27
1,<environment.Job instance at 0x7f9c9d7f5c30>,19,16,[5 8],20,49,65,29,36
1,<environment.Job instance at 0x7f9c9d7f5870>,20,13,[8 5],21,56,69,35,40
1,<environment.Job instance at 0x7f9c9d7f5a50>,21,14,[2 9],22,65,79,43,50
1,<environment.Job instance at 0x7f9c9d7f5af0>,24,20,[5 2],25,69,89,44,60
1,<environment.Job instance at 0x7f9c9d7f5dc0>,32,12,[1 7],33,79,91,46,62
1,<environment.Job instance at 0x7f9c9d7f5f00>,38,12,[10  5],39,89,101,50,72
1,<environment.Job instance at 0x7f9c9d855690>,40,14,[2 7],41,91,105,50,76
1,<environment.Job instance at 0x7f9c9e3c9730>,4,16,[7 4],5,5,21,0,5
1,<environment.Job instance at 0x7f9c9e6c5c80>,11,12,[11  1],12,21,33,9,12
1,<environment.Job instance at 0x7f9c9e840870>,20,14,[2 7],21,22,36,1,22
1,<environment.Job instance at 0x7f9c9e6c5730>,21,15,[4 8],22,33,48,11,26
1,<environment.Job instance at 0x7f9c9e840050>,26,15,[3 6],27,36,51,9,27
1,<environment.Job instance at 0x7f9c9e840780>,28,16,[2 6],29,48,64,19,35
1,<environment.Job instance at 0x7f9c9e8405a0>,30,19,[5 5],31,51,70,20,41
1,<environment.Job instance at 0x7f9c9e840e60>,32,20,[8 5],33,64,84,31,55
1,<environment.Job instance at 0x7f9c9e8400a0>,35,13,[4 8],36,70,83,34,55
1,<environment.Job instance at 0x7f9c9e8406e0>,36,13,[5 8],37,83,96,46,67
1,<environment.Job instance at 0x7f9c9d9980a0>,41,15,[6 1],42,84,99,42,70
1,<environment.Job instance at 0x7f9c9d8f5370>,46,13,[2 5],47,84,97,37,78
1,<environment.Job instance at 0x7f9c9eb3c4b0>,1,15,[5 5],2,2,17,0,2
1,<environment.Job instance at 0x7f9c9e8ff550>,3,13,[4 8],4,4,17,0,4
1,<environment.Job instance at 0x7f9c9e8ff690>,4,20,[6 1],5,5,25,0,5
1,<environment.Job instance at 0x7f9c9e8ff6e0>,7,21,[5 9],8,17,38,9,9
1,<environment.Job instance at 0x7f9c9e155f50>,18,15,[13  1],19,38,53,19,24
1,<environment.Job instance at 0x7f9c9e155a50>,20,13,[1 6],21,25,38,4,25
1,<environment.Job instance at 0x7f9c9e1559b0>,26,20,[5 7],27,53,73,26,44
1,<environment.Job instance at 0x7f9c9e155960>,27,16,[5 4],28,53,69,25,44
1,<environment.Job instance at 0x7f9c9e1554b0>,28,14,[8 3],29,69,83,40,54
1,<environment.Job instance at 0x7f9c9e1730f0>,32,18,[3 6],33,73,91,40,62
1,<environment.Job instance at 0x7f9c9e7c4dc0>,34,15,[5 5],35,83,98,48,69
1,<environment.Job instance at 0x7f9c9ec450a0>,36,16,[3 9],37,91,107,54,78
1,<environment.Job instance at 0x7f9c9df2e320>,0,22,[ 5 12],1,1,23,0,1
1,<environment.Job instance at 0x7f9c9df2e8c0>,5,14,[ 2 10],6,23,37,17,8
1,<environment.Job instance at 0x7f9c9df2eaa0>,9,14,[ 5 10],10,37,51,27,22
1,<environment.Job instance at 0x7f9c9df2e1e0>,10,16,[5 9],11,51,67,40,38
1,<environment.Job instance at 0x7f9c9ec45230>,1,13,[4 9],2,67,80,65,51
1,<environment.Job instance at 0x7f9c9df2e690>,13,21,[8 1],14,51,72,37,51
1,<environment.Job instance at 0x7f9c9df2e410>,15,15,[8 4],16,72,87,56,58
1,<environment.Job instance at 0x7f9c9e277b90>,17,14,[6 4],18,80,94,62,65
1,<environment.Job instance at 0x7f9c9e277730>,18,19,[1 7],19,80,99,61,70
1,<environment.Job instance at 0x7f9c9e277af0>,2,16,[10  3],3,3,19,0,3
1,<environment.Job instance at 0x7f9c9d782370>,5,13,[6 4],6,19,32,13,6
1,<environment.Job instance at 0x7f9c9d782730>,8,19,[1 5],9,10,29,1,10
1,<environment.Job instance at 0x7f9c9d782640>,10,18,[10  4],11,32,50,21,21
1,<environment.Job instance at 0x7f9c9d782aa0>,13,14,[4 5],14,21,35,7,21
1,<environment.Job instance at 0x7f9c9d782d20>,17,15,[9 5],18,50,65,32,36
1,<environment.Job instance at 0x7f9c9d782e60>,19,17,[1 7],20,36,53,16,36
1,<environment.Job instance at 0x7f9c9d782f00>,20,15,[5 1],21,50,65,29,36
1,<environment.Job instance at 0x7f9c9d782910>,21,18,[5 9],22,65,83,43,54
1,<environment.Job instance at 0x7f9c9d7829b0>,11,13,[6 5],12,65,78,53,61
1,<environment.Job instance at 0x7f9c9d78b410>,26,14,[5 9],27,83,97,56,68
1,<environment.Job instance at 0x7f9c9d78b550>,28,12,[2 5],29,78,90,49,68
1,<environment.Job instance at 0x7f9c9d78b190>,29,16,[6 5],30,90,106,60,77
1,<environment.Job instance at 0x7f9c9e89dbe0>,3,14,[1 5],4,4,18,0,4
1,<environment.Job instance at 0x7f9c9e89d9b0>,5,18,[1 7],6,6,24,0,6
1,<environment.Job instance at 0x7f9c9e89d4b0>,7,14,[14  1],8,18,32,10,9
1,<environment.Job instance at 0x7f9c9d78b7d0>,8,15,[1 6],9,24,39,15,11
1,<environment.Job instance at 0x7f9c9e89d730>,12,12,[14  4],13,32,44,19,15
1,<environment.Job instance at 0x7f9c9e89d230>,13,15,[7 4],14,44,59,30,32
1,<environment.Job instance at 0x7f9c9d6d85a0>,0,20,[2 9],1,44,64,43,42
1,<environment.Job instance at 0x7f9c9e89d410>,15,13,[1 7],16,64,77,48,48
1,<environment.Job instance at 0x7f9c9e89df50>,11,20,[10  5],12,59,79,47,50
1,<environment.Job instance at 0x7f9c9e05e280>,22,13,[5 5],23,77,90,54,61
1,<environment.Job instance at 0x7f9c9e05e820>,26,14,[6 4],27,79,93,52,64
1,<environment.Job instance at 0x7f9c9d5e8c30>,1,15,[4 5],2,2,17,0,2
1,<environment.Job instance at 0x7f9c9dd41c30>,3,21,[1 6],4,4,25,0,4
1,<environment.Job instance at 0x7f9c9dd41c80>,6,16,[4 5],7,17,33,10,7
1,<environment.Job instance at 0x7f9c9ec830f0>,11,16,[9 2],12,15,31,3,15
1,<environment.Job instance at 0x7f9c9d48f870>,19,15,[7 3],20,31,46,11,20
1,<environment.Job instance at 0x7f9c9d48fb40>,20,17,[4 7],21,31,48,10,21
1,<environment.Job instance at 0x7f9c9d48ff00>,21,17,[4 5],22,33,50,11,22
1,<environment.Job instance at 0x7f9c9d342af0>,28,17,[5 2],29,46,63,17,34
1,<environment.Job instance at 0x7f9c9d342460>,30,15,[6 3],31,48,63,17,34
1,<environment.Job instance at 0x7f9c9d336a50>,42,14,[3 6],43,50,64,7,43
1,<environment.Job instance at 0x7f9c9d3dd690>,46,16,[5 8],47,63,79,16,50
1,<environment.Job instance at 0x7f9c9d337dc0>,51,14,[6 1],52,63,77,11,52
1,<environment.Job instance at 0x7f9c9d3374b0>,53,17,[10  4],54,77,94,23,65
1,<environment.Job instance at 0x7f9c9db2bd20>,68,17,[5 5],69,79,96,10,69
1,<environment.Job instance at 0x7f9c9d850870>,0,21,[5 2],1,1,22,0,1
1,<environment.Job instance at 0x7f9c9d850690>,1,23,[ 4 11],2,2,25,0,2
1,<environment.Job instance at 0x7f9c9dd9f0a0>,5,12,[3 6],6,25,37,19,8
1,<environment.Job instance at 0x7f9c9e794050>,10,15,[5 2],11,11,26,0,11
1,<environment.Job instance at 0x7f9c9eae1460>,14,22,[9 4],15,26,48,11,22
1,<environment.Job instance at 0x7f9c9dd9f230>,4,19,[ 4 11],5,37,56,32,27
1,<environment.Job instance at 0x7f9c9e3114b0>,6,12,[11  1],7,48,60,41,37
1,<environment.Job instance at 0x7f9c9dd73140>,27,20,[3 7],28,56,76,28,47
1,<environment.Job instance at 0x7f9c9eadb640>,30,18,[1 5],31,56,74,25,47
1,<environment.Job instance at 0x7f9c9ea950a0>,38,21,[2 6],39,74,95,35,66
1,<environment.Job instance at 0x7f9c9dd730f0>,29,27,[13  3],30,76,103,46,74
1,<environment.Job instance at 0x7f9c9eadb780>,2,23,[10  4],3,3,26,0,3
1,<environment.Job instance at 0x7f9c9e585780>,6,18,[14  2],7,26,44,19,15
1,<environment.Job instance at 0x7f9c9dd41910>,8,16,[1 5],9,15,31,6,15
1,<environment.Job instance at 0x7f9c9dd41b40>,9,21,[12  3],10,44,65,34,36
1,<environment.Job instance at 0x7f9c9dd730f0>,7,27,[ 5 13],8,65,92,57,63
1,<environment.Job instance at 0x7f9c9dd41a00>,11,13,[9 3],12,92,105,80,76
1,<environment.Job instance at 0x7f9c9e5ba730>,0,23,[ 3 13],1,1,24,0,1
1,<environment.Job instance at 0x7f9c9e5ba5f0>,4,13,[4 7],5,24,37,19,8
1,<environment.Job instance at 0x7f9c9d5576e0>,6,28,[14  1],7,37,65,30,36
1,<environment.Job instance at 0x7f9c9e5ba370>,3,18,[1 8],4,48,66,44,48
1,<environment.Job instance at 0x7f9c9e5ba8c0>,5,26,[5 7],6,65,91,59,62
1,<environment.Job instance at 0x7f9c9d557140>,13,18,[5 8],14,66,84,52,62
1,<environment.Job instance at 0x7f9c9d557960>,16,15,[ 1 10],17,91,106,74,77
1,<environment.Job instance at 0x7f9c9d557320>,18,20,[10  2],19,84,104,65,77
1,<environment.Job instance at 0x7f9c9de6dc30>,0,14,[2 7],1,1,15,0,1
1,<environment.Job instance at 0x7f9c9de6da50>,1,24,[4 5],2,2,26,0,2
1,<environment.Job instance at 0x7f9c9de6d1e0>,2,14,[5 5],3,15,29,12,3
1,<environment.Job instance at 0x7f9c9de6d190>,5,16,[6 1],6,6,22,0,6
1,<environment.Job instance at 0x7f9ca729a370>,10,12,[6 3],11,22,34,11,11
1,<environment.Job instance at 0x7f9c9de6d4b0>,8,18,[1 5],9,26,44,17,15
1,<environment.Job instance at 0x7f9ca729a4b0>,15,13,[9 5],16,34,47,18,18
1,<environment.Job instance at 0x7f9ca729a5f0>,16,18,[6 2],17,44,62,27,33
1,<environment.Job instance at 0x7f9ca729ad20>,18,13,[7 5],19,47,60,28,33
1,<environment.Job instance at 0x7f9c9dfed3c0>,21,15,[7 3],22,60,75,38,46
1,<environment.Job instance at 0x7f9c9dfed2d0>,25,14,[4 7],26,62,76,36,48
1,<environment.Job instance at 0x7f9c9de6d5f0>,6,14,[11  2],7,75,89,68,66
1,<environment.Job instance at 0x7f9c9dfed190>,27,13,[ 3 13],28,76,89,48,66
1,<environment.Job instance at 0x7f9ca729a230>,11,16,[10  2],12,89,105,77,78
1,<environment.Job instance at 0x7f9c9e70ce10>,0,21,[ 3 11],1,1,22,0,1
1,<environment.Job instance at 0x7f9c9e5c0d20>,3,15,[8 1],4,6,21,2,6
1,<environment.Job instance at 0x7f9c9df2eeb0>,5,20,[ 2 11],6,22,42,16,14
1,<environment.Job instance at 0x7f9c9d7a08c0>,14,22,[11  1],15,21,43,6,15
1,<environment.Job instance at 0x7f9c9d7a0870>,15,20,[1 8],16,42,62,26,33
1,<environment.Job instance at 0x7f9c9e70ca50>,1,14,[14  1],2,43,57,41,33
1,<environment.Job instance at 0x7f9c9df2e730>,16,18,[5 4],17,57,75,40,46
1,<environment.Job instance at 0x7f9c9d7a0960>,18,18,[ 4 10],19,62,80,43,52
1,<environment.Job instance at 0x7f9c9d7a0050>,19,13,[7 2],20,75,88,55,59
1,<environment.Job instance at 0x7f9c9d7a0a00>,20,14,[ 2 12],21,80,94,59,65
1,<environment.Job instance at 0x7f9c9e181dc0>,0,13,[9 1],1,1,14,0,1
1,<environment.Job instance at 0x7f9c9d6737d0>,5,12,[3 5],6,6,18,0,6
1,<environment.Job instance at 0x7f9c9d7a0c30>,2,17,[14  2],3,18,35,15,10
1,<environment.Job instance at 0x7f9c9d673550>,11,12,[12  5],12,35,47,23,18
1,<environment.Job instance at 0x7f9c9d899aa0>,26,17,[5 5],27,47,64,20,35
1,<environment.Job instance at 0x7f9c9da13dc0>,27,14,[9 5],28,47,61,19,35
1,<environment.Job instance at 0x7f9c9da13c30>,16,12,[3 6],17,61,73,44,47
1,<environment.Job instance at 0x7f9c9da8a960>,44,18,[9 3],45,64,82,19,56
1,<environment.Job instance at 0x7f9c9df4aa00>,50,15,[5 6],51,73,88,22,59
1,<environment.Job instance at 0x7f9c9d97ebe0>,67,20,[6 4],68,82,102,14,73
1,<environment.Job instance at 0x7f9c9e8b9050>,0,27,[5 2],1,1,28,0,1
1,<environment.Job instance at 0x7f9c9e8b9af0>,1,12,[ 3 13],2,2,14,0,2
1,<environment.Job instance at 0x7f9c9e8b9fa0>,5,14,[3 9],6,14,28,8,6
1,<environment.Job instance at 0x7f9c9e8b94b0>,8,12,[ 1 12],9,28,40,19,11
1,<environment.Job instance at 0x7f9c9e8b9aa0>,7,17,[4 7],8,40,57,32,28
1,<environment.Job instance at 0x7f9c9e8b93c0>,13,13,[9 2],14,28,41,14,28
1,<environment.Job instance at 0x7f9c9e8b9230>,6,12,[10  1],7,41,53,34,32
1,<environment.Job instance at 0x7f9c9e8b9cd0>,14,21,[5 8],15,53,74,38,45
1,<environment.Job instance at 0x7f9c9e482960>,18,16,[7 4],19,57,73,38,48
1,<environment.Job instance at 0x7f9c9e482780>,22,15,[1 7],23,73,88,50,59
1,<environment.Job instance at 0x7f9c9d612550>,28,23,[1 6],29,74,97,45,68
1,<environment.Job instance at 0x7f9c9d612640>,30,13,[1 9],31,88,101,57,72
1,<environment.Job instance at 0x7f9c9d612aa0>,31,12,[5 2],32,74,86,42,72
1,<environment.Job instance at 0x7f9c9da81a00>,0,12,[ 3 11],1,1,13,0,1
1,<environment.Job instance at 0x7f9c9da810f0>,1,13,[7 2],2,2,15,0,2
1,<environment.Job instance at 0x7f9c9d9516e0>,2,12,[5 2],3,3,15,0,3
1,<environment.Job instance at 0x7f9c9dbf45a0>,3,15,[3 9],4,13,28,9,4
1,<environment.Job instance at 0x7f9c9dbf4500>,6,15,[6 2],7,15,30,8,7
1,<environment.Job instance at 0x7f9c9dbf48c0>,9,16,[11  5],10,30,46,20,17
1,<environment.Job instance at 0x7f9c9dbf4be0>,15,13,[8 4],16,46,59,30,30
1,<environment.Job instance at 0x7f9c9dbf4a50>,11,22,[ 4 11],12,46,68,34,43
1,<environment.Job instance at 0x7f9c9dbf4fa0>,19,14,[ 1 12],20,68,82,48,53
1,<environment.Job instance at 0x7f9c9dbf4e60>,18,19,[9 2],19,59,78,40,55
1,<environment.Job instance at 0x7f9c9dc1f1e0>,21,22,[5 2],22,78,100,56,71
1,<environment.Job instance at 0x7f9c9dc1f320>,23,20,[6 2],24,82,102,58,73
1,<environment.Job instance at 0x7f9c9dc1f460>,25,15,[3 6],26,82,97,56,73
1,<environment.Job instance at 0x7f9c9d530500>,0,12,[9 5],1,1,13,0,1
1,<environment.Job instance at 0x7f9c9dc1f5a0>,2,12,[9 4],3,13,25,10,3
1,<environment.Job instance at 0x7f9c9dc1f5f0>,1,23,[3 9],2,4,27,2,4
1,<environment.Job instance at 0x7f9c9d836690>,6,18,[10  3],7,25,43,18,14
1,<environment.Job instance at 0x7f9c9d836af0>,16,12,[2 6],17,27,39,10,21
1,<environment.Job instance at 0x7f9c9d836280>,20,18,[ 2 10],21,39,57,18,28
1,<environment.Job instance at 0x7f9c9d836eb0>,22,13,[9 1],23,43,56,20,28
1,<environment.Job instance at 0x7f9c9d849c30>,23,20,[7 1],24,56,76,32,49
1,<environment.Job instance at 0x7f9c9d849b40>,25,13,[5 7],26,57,70,31,49
1,<environment.Job instance at 0x7f9c9d86b320>,30,12,[1 8],31,70,82,39,53
1,<environment.Job instance at 0x7f9c9e6dc550>,31,14,[7 4],32,70,84,38,55
1,<environment.Job instance at 0x7f9c9e8b4730>,33,15,[2 7],34,82,97,48,68
1,<environment.Job instance at 0x7f9c9e57bbe0>,34,16,[3 5],35,84,100,49,71
1,<environment.Job instance at 0x7f9c9e005cd0>,39,15,[7 2],40,84,99,44,71
1,<environment.Job instance at 0x7f9c9ea15460>,0,12,[5 8],1,1,13,0,1
1,<environment.Job instance at 0x7f9c9ea15870>,4,21,[10  1],5,5,26,0,5
1,<environment.Job instance at 0x7f9c9e910a00>,12,16,[ 5 10],13,13,29,0,13
1,<environment.Job instance at 0x7f9c9e9102d0>,17,12,[10  2],18,26,38,8,18
1,<environment.Job instance at 0x7f9c9e9104b0>,19,16,[3 6],20,29,45,9,20
1,<environment.Job instance at 0x7f9c9e910500>,20,15,[1 6],21,29,44,8,21
1,<environment.Job instance at 0x7f9c9e910a50>,24,13,[7 5],25,44,57,19,28
1,<environment.Job instance at 0x7f9c9d36ae10>,28,19,[3 5],29,45,64,16,36
1,<environment.Job instance at 0x7f9c9d36a6e0>,30,14,[4 6],31,57,71,26,42
1,<environment.Job instance at 0x7f9c9d36a280>,32,15,[9 2],33,64,79,31,50
1,<environment.Job instance at 0x7f9c9d36a500>,33,16,[8 4],34,79,95,45,66
1,<environment.Job instance at 0x7f9c9d36ac80>,36,12,[ 2 10],37,71,83,34,66
1,<environment.Job instance at 0x7f9c9ec95fa0>,41,17,[4 9],42,83,100,41,71
1,<environment.Job instance at 0x7f9c9ec95820>,43,13,[7 4],44,95,108,51,79
1,<environment.Job instance at 0x7f9c9e90c230>,0,27,[ 5 13],1,1,28,0,1
1,<environment.Job instance at 0x7f9c9d7525f0>,4,15,[2 5],5,28,43,23,14
1,<environment.Job instance at 0x7f9c9e618e10>,5,15,[7 2],6,20,35,14,20
1,<environment.Job instance at 0x7f9c9e123320>,9,21,[1 9],10,35,56,25,27
1,<environment.Job instance at 0x7f9c9e8ffa50>,14,23,[7 1],15,35,58,20,31
1,<environment.Job instance at 0x7f9c9e8ff140>,18,19,[2 6],19,56,75,37,46
1,<environment.Job instance at 0x7f9c9e130a50>,20,18,[1 7],21,56,74,35,46
1,<environment.Job instance at 0x7f9c9e1300a0>,21,19,[4 6],22,74,93,52,64
1,<environment.Job instance at 0x7f9c9ea5a780>,23,17,[2 8],24,75,92,51,64
1,<environment.Job instance at 0x7f9c9e43bb40>,27,15,[9 5],28,92,107,64,78
1,<environment.Job instance at 0x7f9c9e828820>,28,14,[1 7],29,93,107,64,78
1,<environment.Job instance at 0x7f09099cf230>,0,13,[9 3],1,1,14,0,1
1,<environment.Job instance at 0x7f09099cf320>,2,22,[4 8],3,3,25,0,3
1,<environment.Job instance at 0x7f0900257640>,4,21,[1 6],5,14,35,9,7
1,<environment.Job instance at 0x7f0900257cd0>,14,13,[7 3],15,25,38,10,16
1,<environment.Job instance at 0x7f090025b2d0>,23,18,[2 7],24,35,53,11,24
1,<environment.Job instance at 0x7f090025b960>,33,16,[2 8],34,38,54,4,34
1,<environment.Job instance at 0x7f090025bb90>,35,15,[9 5],36,53,68,17,39
1,<environment.Job instance at 0x7f090025beb0>,40,15,[10  3],41,68,83,27,54
1,<environment.Job instance at 0x7f0900257910>,15,18,[ 2 14],16,83,101,67,72
1,<environment.Job instance at 0x7f090025bcd0>,43,13,[13  1],44,83,96,39,72
1,<environment.Job instance at 0x7f0900334b40>,0,14,[ 2 13],1,1,15,0,1
1,<environment.Job instance at 0x7f090025bcd0>,2,21,[10  1],3,3,24,0,3
1,<environment.Job instance at 0x7f0900334690>,5,15,[5 7],6,15,30,9,6
1,<environment.Job instance at 0x7f0900334820>,11,18,[ 1 10],12,30,48,18,19
1,<environment.Job instance at 0x7f0900334500>,14,12,[4 6],15,48,60,33,31
1,<environment.Job instance at 0x7f090064ac80>,18,21,[ 1 10],19,60,81,41,52
1,<environment.Job instance at 0x7f090064a0f0>,19,14,[10  4],20,52,66,32,52
1,<environment.Job instance at 0x7f090064a140>,20,21,[6 5],21,66,87,45,58
1,<environment.Job instance at 0x7f08ffd31910>,25,16,[7 5],26,81,97,55,68
1,<environment.Job instance at 0x7f08ffc5d3c0>,29,17,[ 3 10],30,87,104,57,75
1,<environment.Job instance at 0x7f090961b2d0>,31,13,[7 4],32,97,110,65,81
1,<environment.Job instance at 0x7f08ff942c80>,0,13,[8 5],1,1,14,0,1
1,<environment.Job instance at 0x7f08ff942870>,1,14,[2 9],2,2,16,0,2
1,<environment.Job instance at 0x7f08ff9425a0>,4,20,[5 2],5,14,34,9,5
1,<environment.Job instance at 0x7f08ff9601e0>,18,12,[10  5],19,19,31,0,19
1,<environment.Job instance at 0x7f08ff960be0>,20,14,[2 7],21,31,45,10,21
1,<environment.Job instance at 0x7f08ff9604b0>,25,16,[2 8],26,34,50,8,26
1,<environment.Job instance at 0x7f08ff960730>,32,13,[9 4],33,45,58,12,33
1,<environment.Job instance at 0x7f08ff960640>,34,17,[3 8],35,50,67,15,38
1,<environment.Job instance at 0x7f08ff968f00>,36,17,[11  3],37,58,75,21,46
1,<environment.Job instance at 0x7f08ff968820>,40,14,[6 1],41,75,89,34,60
1,<environment.Job instance at 0x7f08ff968050>,42,16,[3 8],43,67,83,24,60
1,<environment.Job instance at 0x7f08ff968dc0>,43,14,[10  1],44,89,103,45,74
1,<environment.Job instance at 0x7f0900801e10>,46,13,[6 3],47,75,88,28,74
1,<environment.Job instance at 0x7f0900782960>,47,13,[7 4],48,103,116,55,87
1,<environment.Job instance at 0x7f09006f3640>,49,20,[1 7],50,87,107,37,87
1,<environment.Job instance at 0x7f08ffdacb90>,0,19,[5 5],1,1,20,0,1
1,<environment.Job instance at 0x7f08ffc6c960>,2,20,[8 5],3,3,23,0,3
1,<environment.Job instance at 0x7f08ffc8e1e0>,5,13,[4 8],6,20,33,14,6
1,<environment.Job instance at 0x7f08ffc8e190>,12,26,[13  2],13,33,59,20,30
1,<environment.Job instance at 0x7f08ffc6f0f0>,14,15,[ 1 12],15,37,52,22,37
1,<environment.Job instance at 0x7f08ffc8e640>,6,13,[5 8],7,59,72,52,43
1,<environment.Job instance at 0x7f08ffc6fa50>,11,15,[6 1],12,59,74,47,55
1,<environment.Job instance at 0x7f0900262730>,16,13,[2 5],17,55,68,38,55
1,<environment.Job instance at 0x7f08ffc6f820>,15,14,[ 1 12],16,72,86,56,59
1,<environment.Job instance at 0x7f08ffd5ddc0>,20,17,[5 1],21,72,89,51,60
1,<environment.Job instance at 0x7f08ffd5d550>,23,17,[4 6],24,86,103,62,74
1,<environment.Job instance at 0x7f08ffc63960>,28,15,[8 2],29,89,104,60,75
1,<environment.Job instance at 0x7f09002ac370>,0,12,[ 3 14],1,1,13,0,1
1,<environment.Job instance at 0x7f08ff7d40a0>,4,18,[8 3],5,13,31,8,5
1,<environment.Job instance at 0x7f09002ac0a0>,1,21,[4 8],2,13,34,11,5
1,<environment.Job instance at 0x7f08ff7d4370>,7,16,[5 8],8,34,50,26,21
1,<environment.Job instance at 0x7f08ff7cffa0>,5,14,[8 5],6,31,45,25,21
1,<environment.Job instance at 0x7f08ff7d4730>,13,13,[11  5],14,50,63,36,34
1,<environment.Job instance at 0x7f08ff7d4690>,15,13,[5 5],16,63,76,47,47
1,<environment.Job instance at 0x7f08ff7d4190>,8,13,[1 7],9,56,69,47,56
1,<environment.Job instance at 0x7f08ff7d4960>,18,14,[7 5],19,69,83,50,56
1,<environment.Job instance at 0x7f08ff7d4f00>,25,15,[8 5],26,76,91,50,62
1,<environment.Job instance at 0x7f08ff7d4460>,10,25,[12  4],11,91,116,80,89
1,<environment.Job instance at 0x7f08ff82b280>,6,14,[ 4 10],7,7,21,0,7
1,<environment.Job instance at 0x7f08ff82ba50>,8,12,[8 5],9,9,21,0,9
1,<environment.Job instance at 0x7f08ff82bd70>,9,21,[9 2],10,21,42,11,13
1,<environment.Job instance at 0x7f08ff82b230>,13,16,[6 3],14,21,37,7,16
1,<environment.Job instance at 0x7f08ff82b0a0>,19,19,[7 4],20,42,61,22,32
1,<environment.Job instance at 0x7f08ff82bc30>,15,28,[2 8],16,37,65,21,36
1,<environment.Job instance at 0x7f08ff82b690>,23,22,[1 6],24,61,83,37,54
1,<environment.Job instance at 0x7f08ff80eaa0>,0,17,[8 1],1,61,78,60,54
1,<environment.Job instance at 0x7f08ff81e7d0>,32,16,[10  3],33,78,94,45,67
1,<environment.Job instance at 0x7f08ff81eaa0>,35,13,[6 4],36,94,107,58,78
1,<environment.Job instance at 0x7f08ff7d4b40>,1,15,[6 3],2,2,17,0,2
1,<environment.Job instance at 0x7f09004f7500>,3,18,[7 5],4,4,22,0,4
1,<environment.Job instance at 0x7f09004f7b40>,10,17,[12  4],11,22,39,11,12
1,<environment.Job instance at 0x7f09004f7550>,9,17,[5 9],10,39,56,29,28
1,<environment.Job instance at 0x7f09004f7870>,12,20,[ 4 11],13,56,76,43,47
1,<environment.Job instance at 0x7f09003d9d70>,21,17,[ 2 13],22,76,93,54,64
1,<environment.Job instance at 0x7f08ff81fbe0>,1,16,[14  3],2,2,18,0,2
1,<environment.Job instance at 0x7f09003d9870>,3,14,[6 5],4,18,32,14,4
1,<environment.Job instance at 0x7f08ff82f870>,8,13,[9 4],9,18,31,9,9
1,<environment.Job instance at 0x7f08fffb9a00>,11,15,[4 5],12,31,46,19,17
1,<environment.Job instance at 0x7f08fffb9f00>,13,21,[1 6],14,32,53,18,24
1,<environment.Job instance at 0x7f08fffb9960>,16,16,[4 5],17,46,62,29,33
1,<environment.Job instance at 0x7f08ff8303c0>,5,15,[10  3],6,34,49,28,34
1,<environment.Job instance at 0x7f08fffb9410>,20,18,[7 3],21,49,67,28,39
1,<environment.Job instance at 0x7f08fffb9af0>,19,16,[ 5 10],20,62,78,42,51
1,<environment.Job instance at 0x7f08ff8227d0>,24,21,[6 5],25,67,88,42,59
1,<environment.Job instance at 0x7f08ff822af0>,26,20,[3 6],27,78,98,51,69
1,<environment.Job instance at 0x7f08ff822910>,27,13,[9 4],28,88,101,60,72
1,<environment.Job instance at 0x7f08ff822d70>,28,19,[ 5 10],29,98,117,69,88
1,<environment.Job instance at 0x7f08ff822d20>,29,15,[7 3],30,101,116,71,88
1,<environment.Job instance at 0x7f09000d10a0>,0,21,[5 2],1,1,22,0,1
1,<environment.Job instance at 0x7f09000c7190>,1,23,[ 4 11],2,2,25,0,2
1,<environment.Job instance at 0x7f09000d1c80>,7,13,[7 4],8,22,35,14,8
1,<environment.Job instance at 0x7f09000d1a00>,5,12,[3 6],6,25,37,19,8
1,<environment.Job instance at 0x7f09000d1cd0>,10,15,[5 2],11,25,40,14,11
1,<environment.Job instance at 0x7f08ff7b4f00>,13,16,[11  4],14,40,56,26,28
1,<environment.Job instance at 0x7f08ff7b49b0>,27,20,[3 7],28,35,55,7,32
1,<environment.Job instance at 0x7f09000ea960>,40,19,[1 7],41,55,74,14,47
1,<environment.Job instance at 0x7f09000ea6e0>,44,13,[5 4],45,56,69,11,47
1,<environment.Job instance at 0x7f09000ea690>,45,14,[8 5],46,69,83,23,54
1,<environment.Job instance at 0x7f09000eaf50>,48,15,[7 2],49,74,89,25,60
1,<environment.Job instance at 0x7f09000eab40>,51,16,[4 6],52,83,99,31,70
1,<environment.Job instance at 0x7f08ff819dc0>,58,13,[5 3],59,89,102,30,73
1,<environment.Job instance at 0x7f08ffa06a00>,61,16,[5 1],62,89,105,27,76
1,<environment.Job instance at 0x7f08ffa06140>,64,18,[2 8],65,99,117,34,88
1,<environment.Job instance at 0x7f08fffedfa0>,1,13,[9 3],2,2,15,0,2
1,<environment.Job instance at 0x7f08ff95f550>,0,27,[ 5 12],1,2,29,1,2
1,<environment.Job instance at 0x7f0900df2780>,4,13,[6 5],5,29,42,24,13
1,<environment.Job instance at 0x7f0900df2b40>,11,17,[9 2],12,15,32,3,14
1,<environment.Job instance at 0x7f0900df26e0>,5,13,[14  1],6,42,55,36,26
1,<environment.Job instance at 0x7f0900df2e10>,14,18,[ 1 12],15,42,60,27,32
1,<environment.Job instance at 0x7f0900e16140>,19,14,[5 4],20,60,74,40,46
1,<environment.Job instance at 0x7f0900e16320>,22,18,[9 3],23,55,73,32,46
1,<environment.Job instance at 0x7f0900e167d0>,30,13,[8 3],31,73,86,42,57
1,<environment.Job instance at 0x7f0900e16fa0>,40,13,[7 5],41,74,87,33,58
1,<environment.Job instance at 0x7f0900e19280>,44,15,[4 6],45,86,101,41,72
1,<environment.Job instance at 0x7f0900e19230>,47,17,[5 4],48,87,104,39,77
1,<environment.Job instance at 0x7f0900e19370>,48,14,[8 1],49,101,115,52,86
1,<environment.Job instance at 0x7f08ffc2a7d0>,3,14,[7 2],4,4,18,0,4
1,<environment.Job instance at 0x7f08ffc2afa0>,5,14,[13  2],6,18,32,12,7
1,<environment.Job instance at 0x7f08ffc2a190>,12,16,[6 5],13,32,48,19,19
1,<environment.Job instance at 0x7f08ffc2a370>,13,14,[5 4],14,32,46,18,19
1,<environment.Job instance at 0x7f0900e84230>,25,12,[6 4],26,46,58,20,29
1,<environment.Job instance at 0x7f0900e84d70>,28,17,[9 2],29,48,65,19,38
1,<environment.Job instance at 0x7f08ffbdaeb0>,41,17,[2 7],42,58,75,16,46
1,<environment.Job instance at 0x7f08ffbdab90>,43,17,[8 3],44,65,82,21,54
1,<environment.Job instance at 0x7f08ffc2adc0>,9,20,[5 6],10,75,95,65,66
1,<environment.Job instance at 0x7f09009fa5a0>,50,14,[7 4],51,82,96,31,67
1,<environment.Job instance at 0x7f090098b820>,68,18,[1 5],69,69,87,0,69
1,<environment.Job instance at 0x7f090098bbe0>,75,13,[9 5],76,96,109,20,80
1,<environment.Job instance at 0x7f090098bb40>,76,18,[6 2],77,95,113,18,84
1,<environment.Job instance at 0x7f0900a08870>,0,28,[5 2],1,1,29,0,1
1,<environment.Job instance at 0x7f0900a08730>,1,21,[ 4 12],2,2,23,0,2
1,<environment.Job instance at 0x7f08ffd17fa0>,4,13,[1 6],5,23,36,18,7
1,<environment.Job instance at 0x7f08ffd17be0>,8,17,[7 4],9,23,40,14,11
1,<environment.Job instance at 0x7f08ffd17d20>,10,19,[6 2],11,29,48,18,19
1,<environment.Job instance at 0x7f08ffd17140>,2,18,[5 4],3,40,58,37,31
1,<environment.Job instance at 0x7f08ffd179b0>,15,16,[4 9],16,40,56,24,34
1,<environment.Job instance at 0x7f08ffd17c30>,14,21,[9 1],15,56,77,41,48
1,<environment.Job instance at 0x7f08ffd17b90>,17,12,[4 5],18,58,70,40,48
1,<environment.Job instance at 0x7f08ffd17e10>,6,22,[2 6],7,58,80,51,51
1,<environment.Job instance at 0x7f08ffd17460>,18,21,[10  3],19,77,98,58,69
1,<environment.Job instance at 0x7f090941cd70>,21,22,[1 8],22,80,102,58,73
1,<environment.Job instance at 0x7f090941c410>,24,12,[ 5 10],25,102,114,77,85
1,<environment.Job instance at 0x7f090941c960>,25,19,[7 5],26,98,117,72,88
1,<environment.Job instance at 0x7f08ffe35370>,1,14,[5 7],2,2,16,0,2
1,<environment.Job instance at 0x7f08ffe35460>,2,16,[4 6],3,3,19,0,3
1,<environment.Job instance at 0x7f08ffe35640>,3,13,[8 1],4,16,29,12,4
1,<environment.Job instance at 0x7f08ffe35d20>,5,16,[ 3 10],6,19,35,13,6
1,<environment.Job instance at 0x7f090961e3c0>,11,19,[6 1],12,29,48,17,19
1,<environment.Job instance at 0x7f090961eb40>,12,12,[2 5],13,35,47,22,19
1,<environment.Job instance at 0x7f090961eb90>,19,20,[4 6],20,35,55,15,31
1,<environment.Job instance at 0x7f090961e5f0>,23,14,[10  4],24,48,62,24,33
1,<environment.Job instance at 0x7f09005e8e60>,24,19,[4 7],25,55,74,30,47
1,<environment.Job instance at 0x7f09005e86e0>,27,18,[1 9],28,74,92,46,67
1,<environment.Job instance at 0x7f09005e8280>,28,19,[3 6],29,70,89,41,70
1,<environment.Job instance at 0x7f09005e8cd0>,32,18,[5 2],33,89,107,56,78
1,<environment.Job instance at 0x7f09005e8b40>,33,16,[7 5],34,92,108,58,79
1,<environment.Job instance at 0x7f0900e740f0>,0,15,[5 6],1,1,16,0,1
1,<environment.Job instance at 0x7f0900e74780>,1,21,[4 9],2,4,25,2,4
1,<environment.Job instance at 0x7f0900e74dc0>,6,12,[ 5 13],7,25,37,18,8
1,<environment.Job instance at 0x7f09004d0190>,7,12,[11  4],8,37,49,29,20
1,<environment.Job instance at 0x7f09009b37d0>,17,20,[6 4],18,49,69,31,40
1,<environment.Job instance at 0x7f09009f6d20>,37,17,[4 7],38,40,57,2,40
1,<environment.Job instance at 0x7f08ffd40410>,39,19,[5 8],40,57,76,17,49
1,<environment.Job instance at 0x7f09006f4320>,48,16,[7 4],49,69,85,20,57
1,<environment.Job instance at 0x7f08ff6f0d20>,52,15,[1 7],53,76,91,23,62
1,<environment.Job instance at 0x7f09009e1230>,62,18,[7 1],63,76,94,13,65
1,<environment.Job instance at 0x7f0900d89280>,68,16,[4 5],69,85,101,16,72
1,<environment.Job instance at 0x7f08ffa1bc30>,70,17,[6 3],71,94,111,23,82
1,<environment.Job instance at 0x7f0900086aa0>,8,15,[ 1 12],9,101,116,92,87
1,<environment.Job instance at 0x7f090009d6e0>,0,18,[3 9],1,1,19,0,1
1,<environment.Job instance at 0x7f090009dbe0>,2,23,[6 1],3,3,26,0,3
1,<environment.Job instance at 0x7f090009dfa0>,1,14,[ 3 13],2,19,33,17,4
1,<environment.Job instance at 0x7f090009d320>,4,12,[5 1],5,5,17,0,5
1,<environment.Job instance at 0x7f08fff3f640>,9,12,[ 1 13],10,33,45,23,16
1,<environment.Job instance at 0x7f090009d5f0>,7,14,[1 9],8,45,59,37,30
1,<environment.Job instance at 0x7f08fff3f5a0>,10,26,[ 2 10],11,59,85,48,56
1,<environment.Job instance at 0x7f08fff3fa00>,12,12,[1 6],13,85,97,72,68
1,<environment.Job instance at 0x7f090009d3c0>,5,16,[13  3],6,68,84,62,68
1,<environment.Job instance at 0x7f08fff3f280>,11,18,[10  5],12,84,102,72,74
1,<environment.Job instance at 0x7f090009d870>,6,12,[4 8],7,97,109,90,81
1,<environment.Job instance at 0x7f0900d79690>,10,12,[9 5],11,11,23,0,11
1,<environment.Job instance at 0x7f0900d71690>,0,27,[2 5],1,11,38,10,11
1,<environment.Job instance at 0x7f0900d795f0>,12,12,[9 4],13,23,35,10,13
1,<environment.Job instance at 0x7f0900d76960>,16,18,[10  3],17,35,53,18,24
1,<environment.Job instance at 0x7f0900d76370>,26,12,[2 6],27,27,39,0,27
1,<environment.Job instance at 0x7f0900d794b0>,17,13,[3 7],18,39,52,21,32
1,<environment.Job instance at 0x7f08ffdd7f00>,30,18,[ 2 10],31,52,70,21,42
1,<environment.Job instance at 0x7f08ffdd7370>,32,13,[9 1],33,53,66,20,43
1,<environment.Job instance at 0x7f0900d76690>,18,20,[6 2],19,66,86,47,62
1,<environment.Job instance at 0x7f08ffdd7320>,33,20,[7 1],34,66,86,32,62
1,<environment.Job instance at 0x7f08ffdd7870>,35,13,[5 7],36,86,99,50,70
1,<environment.Job instance at 0x7f0900d840a0>,40,12,[1 8],41,70,82,29,70
1,<environment.Job instance at 0x7f0900d842d0>,41,14,[7 4],42,86,100,44,71
1,<environment.Job instance at 0x7f0900d841e0>,43,15,[2 7],44,99,114,55,85
1,<environment.Job instance at 0x7f0900d849b0>,44,16,[3 5],45,100,116,55,87
1,<environment.Job instance at 0x7f0900d84690>,49,15,[7 2],50,100,115,50,87
1,<environment.Job instance at 0x7f0900be7c30>,0,12,[5 8],1,1,13,0,1
1,<environment.Job instance at 0x7f0900be7e10>,3,12,[13  2],4,13,25,9,5
1,<environment.Job instance at 0x7f08fff53910>,12,16,[ 5 10],13,25,41,12,13
1,<environment.Job instance at 0x7f08ffb77960>,17,12,[10  2],18,25,37,7,18
1,<environment.Job instance at 0x7f0900bee870>,19,16,[3 6],20,41,57,21,28
1,<environment.Job instance at 0x7f08ffba7640>,20,15,[1 6],21,41,56,20,28
1,<environment.Job instance at 0x7f09008fed70>,24,13,[7 5],25,56,69,31,40
1,<environment.Job instance at 0x7f08ff519af0>,28,19,[3 5],29,57,76,28,47
1,<environment.Job instance at 0x7f0900090cd0>,30,14,[4 6],31,69,83,38,54
1,<environment.Job instance at 0x7f08ffdc07d0>,32,15,[9 2],33,76,91,43,62
1,<environment.Job instance at 0x7f08ff81e140>,33,16,[8 4],34,91,107,57,78
1,<environment.Job instance at 0x7f08ffba3b90>,41,17,[4 9],42,83,100,41,78
1,<environment.Job instance at 0x7f09003d3320>,43,13,[7 4],44,100,113,56,84
1,<environment.Job instance at 0x7f09004f7d20>,0,14,[2 9],1,1,15,0,1
1,<environment.Job instance at 0x7f0900c25af0>,8,19,[2 6],9,12,31,3,12
1,<environment.Job instance at 0x7f0900c25d20>,10,18,[1 7],11,15,33,4,12
1,<environment.Job instance at 0x7f0900c25dc0>,11,19,[4 6],12,31,50,19,21
1,<environment.Job instance at 0x7f0900c25e60>,13,17,[2 8],14,33,50,19,21
1,<environment.Job instance at 0x7f0900c1c280>,17,15,[9 5],18,50,65,32,36
1,<environment.Job instance at 0x7f0900c1c3c0>,19,19,[4 5],20,50,69,30,41
1,<environment.Job instance at 0x7f09004f7fa0>,1,27,[2 5],2,50,77,48,49
1,<environment.Job instance at 0x7f0900c257d0>,9,27,[ 1 14],10,77,104,67,75
1,<environment.Job instance at 0x7f09000c91e0>,0,15,[5 8],1,1,16,0,1
1,<environment.Job instance at 0x7f09000c92d0>,3,23,[10  3],4,4,27,0,4
1,<environment.Job instance at 0x7f09000c9320>,8,14,[5 7],9,16,30,7,9
1,<environment.Job instance at 0x7f09000c90f0>,12,12,[10  5],13,27,39,14,13
1,<environment.Job instance at 0x7f0900104c30>,14,21,[5 6],15,30,51,15,24
1,<environment.Job instance at 0x7f09000c9a00>,7,15,[6 1],8,39,54,31,25
1,<environment.Job instance at 0x7f0900109f00>,20,16,[8 1],21,51,67,30,38
1,<environment.Job instance at 0x7f0900109050>,26,19,[4 7],27,54,73,27,51
1,<environment.Job instance at 0x7f0900109fa0>,29,17,[2 8],30,67,84,37,55
1,<environment.Job instance at 0x7f09001097d0>,31,12,[10  3],32,73,85,41,57
1,<environment.Job instance at 0x7f0900109820>,32,13,[5 1],33,84,97,51,68
1,<environment.Job instance at 0x7f0900109a50>,34,13,[9 5],35,85,98,50,69
1,<environment.Job instance at 0x7f09001066e0>,37,18,[5 3],38,97,115,59,86
1,<environment.Job instance at 0x7f0900106be0>,38,15,[9 3],39,98,113,59,86
1,<environment.Job instance at 0x7f08ff440050>,0,12,[2 5],1,1,13,0,1
1,<environment.Job instance at 0x7f090008e730>,1,13,[9 3],2,2,15,0,2
1,<environment.Job instance at 0x7f0909405f50>,4,14,[8 5],5,15,29,10,5
1,<environment.Job instance at 0x7f0900c3e140>,2,23,[5 2],3,13,36,10,7
1,<environment.Job instance at 0x7f0909405aa0>,7,13,[5 9],8,29,42,21,17
1,<environment.Job instance at 0x7f0909405370>,10,13,[5 1],11,29,42,18,27
1,<environment.Job instance at 0x7f0900bccdc0>,12,16,[13  2],13,42,58,29,29
1,<environment.Job instance at 0x7f0900bccf50>,15,18,[1 8],16,42,60,26,31
1,<environment.Job instance at 0x7f0900bcc230>,11,27,[14  2],12,58,85,46,56
1,<environment.Job instance at 0x7f0900bcc1e0>,20,21,[2 5],21,85,106,64,77
1,<environment.Job instance at 0x7f0900bcceb0>,23,18,[6 3],24,85,103,61,77
1,<environment.Job instance at 0x7f0900e65f00>,26,16,[2 6],27,85,101,58,78
1,<environment.Job instance at 0x7f0900e65d70>,28,17,[5 5],29,101,118,72,89
1,<environment.Job instance at 0x7f0900e65b40>,29,12,[5 6],30,106,118,76,89
1,<environment.Job instance at 0x7ff3cf2e9230>,0,13,[9 3],1,1,14,0,1
1,<environment.Job instance at 0x7ff3cf2e9320>,2,22,[4 8],3,3,25,0,3
1,<environment.Job instance at 0x7ff3c5b71730>,6,20,[6 1],7,14,34,7,8
1,<environment.Job instance at 0x7ff3c5b71cd0>,14,13,[7 3],15,25,38,10,17
1,<environment.Job instance at 0x7ff3c5b75320>,23,18,[2 7],24,25,43,1,24
1,<environment.Job instance at 0x7ff3c5b715a0>,7,25,[6 2],8,34,59,26,32
1,<environment.Job instance at 0x7ff3c5b75a00>,33,16,[2 8],34,43,59,9,35
1,<environment.Job instance at 0x7ff3c5b75c80>,35,15,[9 5],36,59,74,23,45
1,<environment.Job instance at 0x7ff3c5b75fa0>,40,15,[10  3],41,74,89,33,60
1,<environment.Job instance at 0x7ff3c5b75f50>,42,20,[9 4],43,89,109,46,80
1,<environment.Job instance at 0x7ff3c5b773c0>,45,13,[6 5],46,89,102,43,81
1,<environment.Job instance at 0x7ff3c5b77050>,47,20,[6 5],48,102,122,54,94
1,<environment.Job instance at 0x7ff3c568b500>,1,18,[ 1 10],2,2,20,0,2
1,<environment.Job instance at 0x7ff3c5fb4e10>,4,12,[4 6],5,20,32,15,5
1,<environment.Job instance at 0x7ff3c5fb4550>,5,12,[14  5],6,6,18,0,6
1,<environment.Job instance at 0x7ff3c5fb4d20>,9,14,[10  4],10,18,32,8,10
1,<environment.Job instance at 0x7ff3c5fb61e0>,10,21,[6 5],11,32,53,21,25
1,<environment.Job instance at 0x7ff3c5fb6910>,15,16,[7 5],16,32,48,16,25
1,<environment.Job instance at 0x7ff3c5fb69b0>,19,17,[ 3 10],20,48,65,28,36
1,<environment.Job instance at 0x7ff3c5fb6aa0>,21,13,[7 4],22,53,66,31,37
1,<environment.Job instance at 0x7ff3c557f5f0>,27,16,[8 1],28,65,81,37,52
1,<environment.Job instance at 0x7ff3c5fb6f00>,8,21,[ 1 10],9,66,87,57,59
1,<environment.Job instance at 0x7ff3c525e5a0>,28,15,[8 3],29,81,96,52,69
1,<environment.Job instance at 0x7ff3c5630f50>,29,17,[8 1],30,96,113,66,92
1,<environment.Job instance at 0x7ff3c5295320>,0,14,[2 7],1,1,15,0,1
1,<environment.Job instance at 0x7ff3c5295460>,1,14,[13  5],2,2,16,0,2
1,<environment.Job instance at 0x7ff3c52951e0>,5,16,[2 8],6,15,31,9,6
1,<environment.Job instance at 0x7ff3c5295dc0>,8,18,[12  2],9,16,34,7,9
1,<environment.Job instance at 0x7ff3c5299050>,12,13,[9 4],13,34,47,21,18
1,<environment.Job instance at 0x7ff3c52991e0>,14,17,[3 8],15,31,48,16,27
1,<environment.Job instance at 0x7ff3c5299f50>,20,14,[6 1],21,47,61,26,33
1,<environment.Job instance at 0x7ff3c5295190>,9,15,[12  3],10,61,76,51,47
1,<environment.Job instance at 0x7ff3c5299910>,23,14,[10  1],24,76,90,52,61
1,<environment.Job instance at 0x7ff3c5299870>,22,16,[3 8],23,72,88,49,72
1,<environment.Job instance at 0x7ff3c5299eb0>,26,13,[6 3],27,90,103,63,74
1,<environment.Job instance at 0x7ff3c52995a0>,27,13,[7 4],28,90,103,62,74
1,<environment.Job instance at 0x7ff3c5299140>,29,20,[1 7],30,88,108,58,84
1,<environment.Job instance at 0x7ff3c5497aa0>,37,16,[2 8],38,103,119,65,90
1,<environment.Job instance at 0x7ff3c5497730>,44,16,[7 4],45,108,124,63,95
1,<environment.Job instance at 0x7ff3c557c870>,2,17,[9 4],3,3,20,0,3
1,<environment.Job instance at 0x7ff3c5fb5dc0>,3,13,[12  4],4,20,33,16,8
1,<environment.Job instance at 0x7ff3c5fb58c0>,9,14,[14  2],10,33,47,23,18
1,<environment.Job instance at 0x7ff3c5353d70>,11,15,[ 2 11],12,18,33,6,18
1,<environment.Job instance at 0x7ff3c53539b0>,12,16,[11  1],13,47,63,34,34
1,<environment.Job instance at 0x7ff3c5353f00>,7,22,[3 9],8,47,69,39,40
1,<environment.Job instance at 0x7ff3c5387a00>,21,15,[5 5],22,63,78,41,50
1,<environment.Job instance at 0x7ff3c53875a0>,23,13,[4 8],24,69,82,45,53
1,<environment.Job instance at 0x7ff3c56467d0>,24,20,[6 1],25,63,83,38,54
1,<environment.Job instance at 0x7ff3c57efd20>,27,21,[5 9],28,82,103,54,74
1,<environment.Job instance at 0x7ff3c51e47d0>,40,13,[1 6],41,83,96,42,74
1,<environment.Job instance at 0x7ff3c51e46e0>,42,20,[8 1],43,96,116,53,87
1,<environment.Job instance at 0x7ff3c525df50>,46,20,[5 7],47,103,123,56,94
1,<environment.Job instance at 0x7ff3c527ff50>,0,22,[ 5 12],1,1,23,0,1
1,<environment.Job instance at 0x7ff3c50f0730>,5,14,[ 2 10],6,23,37,17,8
1,<environment.Job instance at 0x7ff3c50f0af0>,9,14,[ 5 10],10,37,51,27,22
1,<environment.Job instance at 0x7ff3c50f0b40>,10,16,[5 9],11,51,67,40,38
1,<environment.Job instance at 0x7ff3c527faa0>,1,13,[4 9],2,67,80,65,51
1,<environment.Job instance at 0x7ff3c50f0d20>,13,21,[8 1],14,51,72,37,51
1,<environment.Job instance at 0x7ff3c50f0e60>,15,15,[8 4],16,72,87,56,58
1,<environment.Job instance at 0x7ff3c50f07d0>,17,14,[6 4],18,80,94,62,65
1,<environment.Job instance at 0x7ff3c50f0a00>,18,19,[1 7],19,80,99,61,71
1,<environment.Job instance at 0x7ff3c50f18c0>,32,15,[5 8],33,94,109,61,80
1,<environment.Job instance at 0x7ff3c50f1a00>,34,20,[10  4],35,99,119,64,90
1,<environment.Job instance at 0x7ff3c5110e10>,0,15,[5 1],1,1,16,0,1
1,<environment.Job instance at 0x7ff3c50f1a00>,2,12,[12  4],3,16,28,13,4
1,<environment.Job instance at 0x7ff3c514adc0>,9,16,[6 5],10,28,44,18,15
1,<environment.Job instance at 0x7ff3c51100f0>,8,12,[2 5],9,15,27,6,15
1,<environment.Job instance at 0x7ff3c514af50>,10,23,[ 2 11],11,44,67,33,38
1,<environment.Job instance at 0x7ff3c514aaf0>,14,27,[11  3],15,50,77,35,50
1,<environment.Job instance at 0x7ff3c5110b90>,6,14,[5 9],7,77,91,70,63
1,<environment.Job instance at 0x7ff3c514a410>,15,26,[2 6],16,67,93,51,64
1,<environment.Job instance at 0x7ff3c514a320>,17,18,[5 9],18,91,109,73,80
1,<environment.Job instance at 0x7ff3c514a500>,16,18,[7 5],17,93,111,76,88
1,<environment.Job instance at 0x7ff3c60c2960>,1,18,[6 1],2,2,20,0,2
1,<environment.Job instance at 0x7ff3c514ad20>,2,19,[1 7],3,3,22,0,3
1,<environment.Job instance at 0x7ff3c636df00>,8,17,[7 1],9,9,26,0,9
1,<environment.Job instance at 0x7ff3c636dc80>,10,14,[12  4],11,26,40,15,11
1,<environment.Job instance at 0x7ff3c636d640>,17,16,[ 4 10],18,40,56,22,27
1,<environment.Job instance at 0x7ff3c59985f0>,19,17,[5 5],20,40,57,20,28
1,<environment.Job instance at 0x7ff3c5998910>,21,15,[9 4],22,56,71,34,42
1,<environment.Job instance at 0x7ff3c5998aa0>,23,13,[1 5],24,56,69,32,42
1,<environment.Job instance at 0x7ff3c5998e10>,27,20,[7 1],28,71,91,43,62
1,<environment.Job instance at 0x7ff3c5998fa0>,29,16,[4 9],30,69,85,39,62
1,<environment.Job instance at 0x7ff3c5998320>,30,18,[ 2 10],31,85,103,54,74
1,<environment.Job instance at 0x7ff3c5998cd0>,33,14,[6 5],34,91,105,57,76
1,<environment.Job instance at 0x7ff3c5998c80>,35,15,[10  3],36,105,120,69,91
1,<environment.Job instance at 0x7ff3c514a0f0>,1,20,[5 6],2,3,23,1,3
1,<environment.Job instance at 0x7ff3c65a1c30>,5,16,[10  2],6,6,22,0,6
1,<environment.Job instance at 0x7ff3c65a1aa0>,7,12,[ 5 12],8,23,35,15,9
1,<environment.Job instance at 0x7ff3c65a1b90>,9,13,[8 2],10,22,35,12,16
1,<environment.Job instance at 0x7ff3c65a1cd0>,8,17,[5 5],9,35,52,26,23
1,<environment.Job instance at 0x7ff3c65759b0>,13,16,[6 3],14,35,51,21,23
1,<environment.Job instance at 0x7ff3c6575190>,16,18,[10  2],17,51,69,34,40
1,<environment.Job instance at 0x7ff3c6575a50>,12,15,[9 3],13,69,84,56,57
1,<environment.Job instance at 0x7ff3c6575780>,17,20,[7 5],18,84,104,66,75
1,<environment.Job instance at 0x7ff3c6585050>,27,13,[7 4],28,84,97,56,75
1,<environment.Job instance at 0x7ff3c52aae10>,30,15,[5 2],31,97,112,66,83
1,<environment.Job instance at 0x7ff3c5295dc0>,32,14,[7 1],33,104,118,71,89
1,<environment.Job instance at 0x7ff3c5291690>,2,23,[10  4],3,3,26,0,3
1,<environment.Job instance at 0x7ff3c5295d20>,5,17,[3 6],6,6,23,0,6
1,<environment.Job instance at 0x7ff3c5291eb0>,8,16,[1 5],9,11,27,2,11
1,<environment.Job instance at 0x7ff3c52913c0>,13,15,[3 8],14,26,41,12,14
1,<environment.Job instance at 0x7ff3c52919b0>,9,21,[12  3],10,27,48,17,20
1,<environment.Job instance at 0x7ff3c52912d0>,15,13,[14  1],16,48,61,32,32
1,<environment.Job instance at 0x7ff3c5291410>,14,13,[6 5],15,61,74,46,45
1,<environment.Job instance at 0x7ff3c511d960>,21,17,[9 2],22,61,78,39,61
1,<environment.Job instance at 0x7ff3c511d050>,29,14,[5 4],30,74,88,44,63
1,<environment.Job instance at 0x7ff3c511d4b0>,32,18,[9 3],33,78,96,45,71
1,<environment.Job instance at 0x7ff3c5b1c140>,50,13,[7 5],51,96,109,45,80
1,<environment.Job instance at 0x7ff3c5b1caf0>,54,15,[4 6],55,88,103,33,80
1,<environment.Job instance at 0x7ff3c5b1c050>,57,17,[5 4],58,103,120,45,91
1,<environment.Job instance at 0x7ff3c5b19eb0>,3,14,[7 2],4,4,18,0,4
1,<environment.Job instance at 0x7ff3c5b19870>,4,14,[13  3],5,18,32,13,7
1,<environment.Job instance at 0x7ff3c5b350a0>,11,14,[3 8],12,32,46,20,17
1,<environment.Job instance at 0x7ff3c5b19af0>,6,12,[6 1],7,32,44,25,17
1,<environment.Job instance at 0x7ff3c5b35320>,13,14,[5 4],14,32,46,18,17
1,<environment.Job instance at 0x7ff3c5b19780>,9,20,[5 6],10,46,66,36,37
1,<environment.Job instance at 0x7ff3c5b351e0>,19,16,[9 2],20,46,62,26,37
1,<environment.Job instance at 0x7ff3c5b35280>,18,21,[1 7],19,46,67,27,38
1,<environment.Job instance at 0x7ff3c5b35aa0>,25,12,[6 4],26,66,78,40,50
1,<environment.Job instance at 0x7ff3c5b350f0>,12,16,[6 5],13,67,83,54,54
1,<environment.Job instance at 0x7ff3c5b35d20>,28,17,[9 2],29,78,95,49,66
1,<environment.Job instance at 0x7ff3c5b35fa0>,32,21,[2 5],33,83,104,50,75
1,<environment.Job instance at 0x7ff3c5b195a0>,10,15,[10  1],11,95,110,84,81
1,<environment.Job instance at 0x7ff3c5b37050>,34,17,[3 9],35,95,112,60,83
1,<environment.Job instance at 0x7ff3c52a9fa0>,1,14,[11  3],2,2,16,0,2
1,<environment.Job instance at 0x7ff3c5b375a0>,5,16,[4 9],6,6,22,0,6
1,<environment.Job instance at 0x7ff3c59aae60>,7,12,[4 5],8,16,28,8,8
1,<environment.Job instance at 0x7ff3c59aa280>,8,21,[10  3],9,22,43,13,14
1,<environment.Job instance at 0x7ff3c59aaeb0>,11,22,[1 8],12,28,50,16,21
1,<environment.Job instance at 0x7ff3c59aa050>,14,12,[ 5 10],15,50,62,35,33
1,<environment.Job instance at 0x7ff3c59aa320>,15,19,[7 5],16,43,62,27,33
1,<environment.Job instance at 0x7ff3c5f51460>,16,16,[8 4],17,62,78,45,49
1,<environment.Job instance at 0x7ff3c5f51af0>,18,22,[5 7],19,62,84,43,55
1,<environment.Job instance at 0x7ff3c5f51f50>,22,20,[5 8],23,78,98,55,69
1,<environment.Job instance at 0x7ff3c5a0db90>,27,14,[9 5],28,84,98,56,69
1,<environment.Job instance at 0x7ff3c5a0d460>,32,17,[6 4],33,98,115,65,86
1,<environment.Job instance at 0x7ff3c5a0df00>,34,21,[ 3 10],35,98,119,63,90
1,<environment.Job instance at 0x7ff3c5c55960>,37,12,[5 1],38,98,110,60,90
1,<environment.Job instance at 0x7ff3c5e4bc80>,3,14,[10  4],4,4,18,0,4
1,<environment.Job instance at 0x7ff3c5e4be10>,4,19,[4 7],5,5,24,0,5
1,<environment.Job instance at 0x7ff3c5e4b4b0>,6,14,[11  3],7,18,32,11,7
1,<environment.Job instance at 0x7ff3c5e4baf0>,8,19,[3 6],9,24,43,15,14
1,<environment.Job instance at 0x7ff3c5e4b230>,12,18,[5 2],13,32,50,19,21
1,<environment.Job instance at 0x7ff3c5e4bb90>,13,16,[7 5],14,32,48,18,21
1,<environment.Job instance at 0x7ff3c5e4b050>,15,12,[8 3],16,48,60,32,31
1,<environment.Job instance at 0x7ff3c5e4b3c0>,7,18,[1 9],8,48,66,40,37
1,<environment.Job instance at 0x7ff3c59b0af0>,20,13,[9 1],21,60,73,39,45
1,<environment.Job instance at 0x7ff3c59b0f00>,19,16,[4 8],20,66,82,46,56
1,<environment.Job instance at 0x7ff3c59b0b90>,25,12,[3 5],26,73,85,47,56
1,<environment.Job instance at 0x7ff3c5bb8e10>,46,17,[5 5],47,82,99,35,70
1,<environment.Job instance at 0x7ff3c5d640a0>,47,14,[9 5],48,85,99,37,70
1,<environment.Job instance at 0x7ff3c5d645a0>,48,14,[8 5],49,99,113,50,84
1,<environment.Job instance at 0x7ff3c5d644b0>,52,14,[6 3],53,99,113,46,84
1,<environment.Job instance at 0x7ff3c5fb6af0>,0,27,[5 2],1,1,28,0,1
1,<environment.Job instance at 0x7ff3c5fb6870>,1,12,[ 3 13],2,2,14,0,2
1,<environment.Job instance at 0x7ff3c5fb6a50>,5,14,[3 9],6,14,28,8,6
1,<environment.Job instance at 0x7ff3c5fd11e0>,8,12,[ 1 12],9,28,40,19,11
1,<environment.Job instance at 0x7ff3c5fb6780>,7,17,[4 7],8,40,57,32,28
1,<environment.Job instance at 0x7ff3c5fd1eb0>,13,13,[9 2],14,28,41,14,28
1,<environment.Job instance at 0x7ff3c5fd1460>,9,19,[5 8],10,41,60,31,38
1,<environment.Job instance at 0x7ff3c5fd1190>,6,12,[10  1],7,57,69,50,40
1,<environment.Job instance at 0x7ff3c5fd1050>,14,21,[5 8],15,60,81,45,52
1,<environment.Job instance at 0x7ff3c5b2acd0>,16,24,[1 8],17,81,105,64,76
1,<environment.Job instance at 0x7ff3c5b2a730>,18,16,[7 4],19,85,101,66,85
1,<environment.Job instance at 0x7ff3c5b2a780>,19,12,[11  2],20,101,113,81,85
1,<environment.Job instance at 0x7ff3c5b2a190>,22,15,[1 7],23,105,120,82,91
1,<environment.Job instance at 0x7ff3c5683820>,1,22,[5 2],2,2,24,0,2
1,<environment.Job instance at 0x7ff3c5b4d960>,3,20,[6 2],4,4,24,0,4
1,<environment.Job instance at 0x7ff3c6247910>,5,15,[3 6],6,6,21,0,6
1,<environment.Job instance at 0x7ff3c6247d20>,8,14,[6 1],9,24,38,15,9
1,<environment.Job instance at 0x7ff3c6247b90>,13,15,[7 2],14,24,39,10,14
1,<environment.Job instance at 0x7ff3c5b2a190>,11,18,[10  4],12,39,57,27,28
1,<environment.Job instance at 0x7ff3c57f9690>,25,15,[6 5],26,57,72,31,43
1,<environment.Job instance at 0x7ff3c57f9230>,30,17,[10  3],31,72,89,41,60
1,<environment.Job instance at 0x7ff3c5b0f410>,42,15,[4 7],43,76,91,33,76
1,<environment.Job instance at 0x7ff3c5b0fbe0>,43,22,[3 5],44,89,111,45,85
1,<environment.Job instance at 0x7ff3c5b1b190>,60,12,[9 5],61,91,103,30,85
1,<environment.Job instance at 0x7ff3c510dc80>,62,12,[9 4],63,103,115,40,86
1,<environment.Job instance at 0x7ff3c5186370>,1,16,[11  2],2,2,18,0,2
1,<environment.Job instance at 0x7ff3c4d286e0>,2,17,[3 9],3,3,20,0,3
1,<environment.Job instance at 0x7ff3c58d8d70>,8,17,[8 5],9,18,35,9,9
1,<environment.Job instance at 0x7ff3c58d8af0>,14,19,[5 2],15,20,39,5,15
1,<environment.Job instance at 0x7ff3c4d28820>,16,13,[4 5],17,35,48,18,31
1,<environment.Job instance at 0x7ff3c58d8640>,18,19,[5 5],19,35,54,16,31
1,<environment.Job instance at 0x7ff3c5185f50>,21,15,[3 7],22,48,63,26,34
1,<environment.Job instance at 0x7ff3c5e31870>,17,26,[13  1],18,63,89,45,60
1,<environment.Job instance at 0x7ff3c58d83c0>,15,12,[3 7],16,89,101,73,73
1,<environment.Job instance at 0x7ff3c5c19aa0>,20,14,[9 2],21,89,103,68,74
1,<environment.Job instance at 0x7ff3c5cc41e0>,25,20,[2 9],26,101,121,75,92
1,<environment.Job instance at 0x7ff3c66a89b0>,1,14,[12  5],2,2,16,0,2
1,<environment.Job instance at 0x7ff3c5329c30>,5,14,[3 5],6,6,20,0,6
1,<environment.Job instance at 0x7ff3c5edf550>,2,19,[5 7],3,16,35,13,6
1,<environment.Job instance at 0x7ff3c5329f50>,10,12,[3 5],11,20,32,9,16
1,<environment.Job instance at 0x7ff3c53299b0>,15,15,[7 1],16,16,31,0,16
1,<environment.Job instance at 0x7ff3c5329960>,14,15,[ 1 10],15,35,50,20,21
1,<environment.Job instance at 0x7ff3c53296e0>,17,17,[5 5],18,32,49,14,21
1,<environment.Job instance at 0x7ff3c5325230>,22,18,[2 5],23,49,67,26,38
1,<environment.Job instance at 0x7ff3c5325dc0>,24,15,[2 5],25,50,65,25,38
1,<environment.Job instance at 0x7ff3c5325e60>,25,15,[7 2],26,50,65,24,38
1,<environment.Job instance at 0x7ff3c53255a0>,26,19,[10  4],27,65,84,38,55
1,<environment.Job instance at 0x7ff3c53253c0>,30,14,[2 9],31,67,81,36,56
1,<environment.Job instance at 0x7ff3c5341dc0>,38,19,[2 6],39,81,100,42,71
1,<environment.Job instance at 0x7ff3c5341230>,40,18,[1 7],41,84,102,43,73
1,<environment.Job instance at 0x7ff3c5341050>,41,19,[4 6],42,100,119,58,90
1,<environment.Job instance at 0x7ff3c5341460>,43,17,[2 8],44,102,119,58,90
1,<environment.Job instance at 0x7ff3c63122d0>,1,22,[5 4],2,2,24,0,2
1,<environment.Job instance at 0x7ff3c53415a0>,2,19,[7 5],3,3,22,0,3
1,<environment.Job instance at 0x7ff3c5cc4cd0>,8,15,[4 5],9,22,37,13,12
1,<environment.Job instance at 0x7ff3c5cc4730>,9,26,[7 1],10,24,50,14,21
1,<environment.Job instance at 0x7ff3c52b2500>,3,17,[ 4 10],4,37,54,33,25
1,<environment.Job instance at 0x7ff3c5cc4a50>,12,13,[14  3],13,54,67,41,38
1,<environment.Job instance at 0x7ff3c5cc4e60>,13,27,[2 5],14,67,94,53,65
1,<environment.Job instance at 0x7ff3c5cc4f50>,14,16,[3 6],15,67,83,52,66
1,<environment.Job instance at 0x7ff3c5cc4b90>,10,20,[9 5],11,83,103,72,74
1,<environment.Job instance at 0x7ff3c62444b0>,18,13,[2 8],19,94,107,75,78
1,<environment.Job instance at 0x7ff3c55b2780>,20,15,[5 8],21,107,122,86,93
1,<environment.Job instance at 0x7ff3c55b26e0>,21,17,[9 2],22,103,120,81,93
1,<environment.Job instance at 0x7ff3c67b7960>,0,12,[ 5 10],1,1,13,0,1
1,<environment.Job instance at 0x7ff3c55b2c80>,2,21,[2 8],3,13,34,10,5
1,<environment.Job instance at 0x7ff3c62191e0>,9,13,[13  1],10,13,26,3,10
1,<environment.Job instance at 0x7ff3c6219320>,10,12,[2 5],11,26,38,15,11
1,<environment.Job instance at 0x7ff3c6219140>,6,19,[2 8],7,34,53,27,24
1,<environment.Job instance at 0x7ff3c62195a0>,12,23,[5 2],13,26,49,13,24
1,<environment.Job instance at 0x7ff3c6219730>,14,14,[8 5],15,38,52,23,28
1,<environment.Job instance at 0x7ff3c6219870>,17,13,[5 9],18,53,66,35,37
1,<environment.Job instance at 0x7ff3c6219460>,11,13,[9 3],12,52,65,40,38
1,<environment.Job instance at 0x7ff3c6219dc0>,24,21,[8 5],25,65,86,40,57
1,<environment.Job instance at 0x7ff3c67b7870>,1,20,[5 8],2,66,86,64,57
1,<environment.Job instance at 0x7ff3c571baa0>,33,18,[6 3],34,86,104,52,75
1,<environment.Job instance at 0x7ff3c571b9b0>,36,16,[2 6],37,86,102,49,76
1,<environment.Job instance at 0x7ff3c571bbe0>,38,17,[5 5],39,86,103,47,76
1,<environment.Job instance at 0x7ff3c571beb0>,41,18,[9 5],42,103,121,61,92
1,<environment.Job instance at 0x7ff3c571b0a0>,30,21,[2 5],31,104,125,73,96
1,<environment.Job instance at 0x7ff3c621fbe0>,0,27,[ 4 10],1,1,28,0,1
1,<environment.Job instance at 0x7ff3c571b0a0>,2,19,[ 1 11],3,28,47,25,18
1,<environment.Job instance at 0x7ff3c621f870>,11,12,[ 5 13],12,47,59,35,30
1,<environment.Job instance at 0x7ff3c622e0f0>,51,16,[4 7],52,59,75,7,52
1,<environment.Job instance at 0x7ff3c622ed20>,56,15,[7 3],57,59,74,2,57
1,<environment.Job instance at 0x7ff3c620f500>,72,13,[6 5],73,74,87,1,73
1,<environment.Job instance at 0x7ff3c571b640>,1,27,[9 3],2,78,105,76,78
1,<environment.Job instance at 0x7ff3c56855a0>,81,15,[4 7],82,87,102,5,82
1,<environment.Job instance at 0x7ff3c56857d0>,88,16,[7 5],89,105,121,16,92
1,<environment.Job instance at 0x7ff3c54398c0>,3,13,[1 6],4,4,17,0,4
1,<environment.Job instance at 0x7ff3c5439460>,4,12,[10  3],5,5,17,0,5
1,<environment.Job instance at 0x7ff3c5439370>,5,17,[1 6],6,6,23,0,6
1,<environment.Job instance at 0x7ff3c54395a0>,7,21,[2 8],8,17,38,9,9
1,<environment.Job instance at 0x7ff3c54397d0>,10,19,[10  1],11,17,36,6,11
1,<environment.Job instance at 0x7ff3c6508280>,12,18,[1 5],13,23,41,10,13
1,<environment.Job instance at 0x7ff3c6508050>,13,21,[9 2],14,36,57,22,28
1,<environment.Job instance at 0x7ff3c6508e10>,20,14,[ 1 13],21,41,55,20,28
1,<environment.Job instance at 0x7ff3c65084b0>,19,20,[7 3],20,57,77,37,48
1,<environment.Job instance at 0x7ff3c6508b90>,25,22,[3 6],26,55,77,29,48
1,<environment.Job instance at 0x7ff3c5b5e500>,26,24,[8 1],27,77,101,50,72
1,<environment.Job instance at 0x7ff3c5b5e7d0>,27,22,[ 2 11],28,77,99,49,72
1,<environment.Job instance at 0x7ff3c65080a0>,24,18,[3 8],25,99,117,74,91
1,<environment.Job instance at 0x7ff3c5b5e8c0>,29,17,[6 2],30,101,118,71,91
1,<environment.Job instance at 0x7eff3f7f5230>,0,13,[9 3],1,1,14,0,1
1,<environment.Job instance at 0x7eff3f7f5320>,2,22,[4 8],3,3,25,0,3
1,<environment.Job instance at 0x7eff3607d730>,6,20,[6 1],7,14,34,7,8
1,<environment.Job instance at 0x7eff3607dcd0>,14,13,[7 3],15,25,38,10,17
1,<environment.Job instance at 0x7eff360812d0>,23,18,[2 7],24,25,43,1,24
1,<environment.Job instance at 0x7eff3607d5a0>,7,25,[6 2],8,34,59,26,32
1,<environment.Job instance at 0x7eff3607d8c0>,33,16,[2 8],34,43,59,9,36
1,<environment.Job instance at 0x7eff36081c30>,35,15,[9 5],36,59,74,23,45
1,<environment.Job instance at 0x7eff36081fa0>,40,15,[10  3],41,74,89,33,60
1,<environment.Job instance at 0x7eff3607d910>,8,22,[14  3],9,89,111,80,83
1,<environment.Job instance at 0x7eff3607d690>,4,21,[1 6],5,86,107,81,86
1,<environment.Job instance at 0x7eff360831e0>,43,13,[13  1],44,111,124,67,95
1,<environment.Job instance at 0x7eff364be2d0>,5,16,[7 5],6,6,22,0,6
1,<environment.Job instance at 0x7eff364bed20>,0,21,[6 5],1,8,29,7,8
1,<environment.Job instance at 0x7eff360831e0>,9,17,[ 3 10],10,22,39,12,10
1,<environment.Job instance at 0x7eff364be6e0>,11,13,[7 4],12,29,42,17,13
1,<environment.Job instance at 0x7eff36522230>,17,16,[8 1],18,39,55,21,26
1,<environment.Job instance at 0x7eff36522780>,19,17,[8 1],20,55,72,35,43
1,<environment.Job instance at 0x7eff36522050>,20,18,[6 1],21,43,61,22,43
1,<environment.Job instance at 0x7eff36522aa0>,24,16,[4 7],25,61,77,36,48
1,<environment.Job instance at 0x7eff356feb40>,30,13,[7 4],31,72,85,41,56
1,<environment.Job instance at 0x7eff35b23410>,39,15,[10  4],40,85,100,45,71
1,<environment.Job instance at 0x7eff35bc8f50>,40,14,[1 8],41,77,91,36,71
1,<environment.Job instance at 0x7eff35a8d5a0>,46,14,[9 5],47,100,114,53,85
1,<environment.Job instance at 0x7eff35b78280>,49,15,[1 7],50,91,106,41,85
1,<environment.Job instance at 0x7eff35b78a00>,52,13,[3 8],53,106,119,53,90
1,<environment.Job instance at 0x7eff35b78aa0>,53,13,[3 5],54,114,127,60,98
1,<environment.Job instance at 0x7eff359d5460>,0,14,[6 1],1,1,15,0,1
1,<environment.Job instance at 0x7eff357a5b90>,2,16,[3 8],3,3,19,0,3
1,<environment.Job instance at 0x7eff359d50f0>,3,14,[10  1],4,15,29,11,4
1,<environment.Job instance at 0x7eff359d5af0>,7,13,[7 4],8,29,42,21,13
1,<environment.Job instance at 0x7eff359d51e0>,6,13,[6 3],7,29,42,22,13
1,<environment.Job instance at 0x7eff359d5190>,9,20,[1 7],10,19,39,9,17
1,<environment.Job instance at 0x7eff359d5dc0>,17,16,[2 8],18,39,55,21,30
1,<environment.Job instance at 0x7eff359c68c0>,24,16,[7 4],25,42,58,17,41
1,<environment.Job instance at 0x7eff3587d0f0>,32,14,[5 5],33,55,69,22,41
1,<environment.Job instance at 0x7eff359d5870>,8,27,[14  3],9,69,96,60,67
1,<environment.Job instance at 0x7eff3587d410>,36,19,[13  1],37,96,115,59,86
1,<environment.Job instance at 0x7eff3587d910>,37,15,[12  2],38,115,130,77,101
1,<environment.Job instance at 0x7eff35a8f6e0>,2,23,[10  2],3,3,26,0,3
1,<environment.Job instance at 0x7eff35a8f2d0>,8,15,[13  1],9,26,41,17,12
1,<environment.Job instance at 0x7eff35a8f550>,10,13,[1 6],11,14,27,3,14
1,<environment.Job instance at 0x7eff35d56fa0>,16,20,[5 7],17,41,61,24,33
1,<environment.Job instance at 0x7eff35d560a0>,17,16,[5 4],18,41,57,23,33
1,<environment.Job instance at 0x7eff35d56640>,18,14,[8 3],19,57,71,38,42
1,<environment.Job instance at 0x7eff35a85aa0>,22,18,[3 6],23,61,79,38,50
1,<environment.Job instance at 0x7eff35bbc8c0>,24,15,[5 5],25,71,86,46,57
1,<environment.Job instance at 0x7eff35fe0280>,26,16,[3 9],27,79,95,52,66
1,<environment.Job instance at 0x7eff35cf2a50>,28,12,[ 5 10],29,95,107,66,78
1,<environment.Job instance at 0x7eff35d560f0>,12,20,[8 1],13,86,106,73,80
1,<environment.Job instance at 0x7eff358940f0>,32,15,[ 4 12],33,107,122,74,93
1,<environment.Job instance at 0x7eff365bdb90>,34,18,[8 3],35,106,124,71,101
1,<environment.Job instance at 0x7eff3642b4b0>,35,14,[8 5],36,124,138,88,109
1,<environment.Job instance at 0x7eff3676ccd0>,2,14,[12  4],3,3,17,0,3
1,<environment.Job instance at 0x7eff3676c3c0>,3,12,[10  3],4,17,29,13,4
1,<environment.Job instance at 0x7eff3673efa0>,8,12,[11  3],9,29,41,20,12
1,<environment.Job instance at 0x7eff3673e780>,9,16,[ 3 12],10,17,33,7,12
1,<environment.Job instance at 0x7eff36779e60>,5,12,[11  4],6,41,53,35,24
1,<environment.Job instance at 0x7eff36768410>,23,16,[6 3],24,53,69,29,40
1,<environment.Job instance at 0x7eff3673e820>,10,17,[8 1],11,53,70,42,42
1,<environment.Job instance at 0x7eff36775eb0>,30,12,[ 3 12],31,69,81,38,52
1,<environment.Job instance at 0x7eff3673e140>,11,15,[14  5],12,81,96,69,67
1,<environment.Job instance at 0x7eff36775a50>,33,22,[1 6],34,81,103,47,74
1,<environment.Job instance at 0x7eff367757d0>,29,19,[7 4],30,96,115,66,86
1,<environment.Job instance at 0x7eff356be870>,42,16,[10  3],43,115,131,72,102
1,<environment.Job instance at 0x7eff3566a5f0>,45,13,[6 4],46,102,115,56,102
1,<environment.Job instance at 0x7eff3566aa50>,49,18,[2 9],50,115,133,65,104
1,<environment.Job instance at 0x7eff36b993c0>,6,18,[11  5],7,7,25,0,7
1,<environment.Job instance at 0x7eff36b99550>,10,20,[2 9],11,11,31,0,11
1,<environment.Job instance at 0x7eff36b996e0>,13,14,[1 5],14,25,39,11,14
1,<environment.Job instance at 0x7eff36b99fa0>,18,15,[1 6],19,31,46,12,21
1,<environment.Job instance at 0x7eff36b99780>,19,14,[12  4],20,31,45,11,21
1,<environment.Job instance at 0x7eff36b99af0>,22,12,[14  4],23,45,57,22,30
1,<environment.Job instance at 0x7eff364d6af0>,23,15,[7 4],24,57,72,33,47
1,<environment.Job instance at 0x7eff36b99370>,20,18,[11  5],21,72,90,51,61
1,<environment.Job instance at 0x7eff364d6140>,25,13,[1 7],26,61,74,35,61
1,<environment.Job instance at 0x7eff364d6d70>,26,13,[12  2],27,90,103,63,74
1,<environment.Job instance at 0x7eff36b99640>,15,18,[1 7],16,74,92,58,74
1,<environment.Job instance at 0x7eff364d6e10>,27,22,[13  4],28,103,125,75,96
1,<environment.Job instance at 0x7eff36b653c0>,0,17,[4 7],1,1,18,0,1
1,<environment.Job instance at 0x7eff36b65b40>,3,15,[4 9],4,18,33,14,4
1,<environment.Job instance at 0x7eff36b65e10>,1,17,[4 5],2,4,21,2,4
1,<environment.Job instance at 0x7eff35eb6e10>,8,17,[5 2],9,21,38,12,9
1,<environment.Job instance at 0x7eff35eb68c0>,10,15,[6 3],11,21,36,10,13
1,<environment.Job instance at 0x7eff36a0f5a0>,16,14,[7 2],17,36,50,19,21
1,<environment.Job instance at 0x7eff35eb65a0>,11,15,[3 9],12,33,48,21,22
1,<environment.Job instance at 0x7eff3675caf0>,24,19,[6 1],25,48,67,23,38
1,<environment.Job instance at 0x7eff3675c3c0>,26,16,[5 8],27,50,66,23,38
1,<environment.Job instance at 0x7eff36a0f190>,22,14,[3 6],23,50,64,27,41
1,<environment.Job instance at 0x7eff36737fa0>,31,14,[6 1],32,66,80,34,51
1,<environment.Job instance at 0x7eff36737820>,32,20,[6 3],33,67,87,34,60
1,<environment.Job instance at 0x7eff367374b0>,33,17,[10  4],34,87,104,53,75
1,<environment.Job instance at 0x7eff36737780>,37,18,[10  3],38,104,122,66,93
1,<environment.Job instance at 0x7eff36737730>,34,14,[3 9],35,93,107,58,93
1,<environment.Job instance at 0x7eff35eb6af0>,9,18,[1 9],10,107,125,97,96
1,<environment.Job instance at 0x7eff36770960>,1,16,[4 6],2,2,18,0,2
1,<environment.Job instance at 0x7eff3651d7d0>,2,16,[ 1 11],3,18,34,15,5
1,<environment.Job instance at 0x7eff364fb230>,8,13,[5 3],9,9,22,0,9
1,<environment.Job instance at 0x7eff364fbeb0>,7,17,[13  3],8,22,39,14,10
1,<environment.Job instance at 0x7eff364fbd70>,11,16,[5 1],12,39,55,27,26
1,<environment.Job instance at 0x7eff364f8730>,14,18,[2 8],15,34,52,19,32
1,<environment.Job instance at 0x7eff35a03aa0>,19,17,[1 6],20,39,56,19,34
1,<environment.Job instance at 0x7eff3651cbe0>,29,20,[3 8],30,52,72,22,45
1,<environment.Job instance at 0x7eff3651c2d0>,34,17,[10  5],35,56,73,21,45
1,<environment.Job instance at 0x7eff36810fa0>,43,15,[3 8],44,72,87,28,58
1,<environment.Job instance at 0x7eff3652b280>,44,13,[6 5],45,73,86,28,58
1,<environment.Job instance at 0x7eff360aacd0>,59,14,[5 4],60,86,100,26,71
1,<environment.Job instance at 0x7eff360aafa0>,62,18,[9 3],63,87,105,24,76
1,<environment.Job instance at 0x7eff360cafa0>,70,13,[8 3],71,105,118,34,89
1,<environment.Job instance at 0x7eff35de2640>,80,13,[7 5],81,105,118,24,89
1,<environment.Job instance at 0x7eff35de28c0>,84,15,[4 6],85,118,133,33,104
1,<environment.Job instance at 0x7eff35de2aa0>,87,17,[5 4],88,118,135,30,106
1,<environment.Job instance at 0x7eff35f38d20>,0,23,[ 3 13],1,1,24,0,1
1,<environment.Job instance at 0x7eff35f384b0>,4,13,[4 7],5,24,37,19,8
1,<environment.Job instance at 0x7eff35f382d0>,5,26,[5 7],6,24,50,18,21
1,<environment.Job instance at 0x7eff35f2a320>,13,18,[5 8],14,37,55,23,34
1,<environment.Job instance at 0x7eff35f2a500>,14,16,[11  5],15,55,71,40,42
1,<environment.Job instance at 0x7eff35f2ac30>,19,23,[1 6],20,50,73,30,44
1,<environment.Job instance at 0x7eff35f2aeb0>,20,26,[13  5],21,71,97,50,68
1,<environment.Job instance at 0x7eff35f32af0>,23,14,[7 2],24,97,111,73,82
1,<environment.Job instance at 0x7eff35f2a820>,21,16,[ 1 13],22,97,113,75,84
1,<environment.Job instance at 0x7eff35f32d70>,30,15,[10  1],31,111,126,80,97
1,<environment.Job instance at 0x7eff35f325f0>,31,14,[3 8],32,113,127,81,98
1,<environment.Job instance at 0x7eff35fa92d0>,0,28,[5 2],1,1,29,0,1
1,<environment.Job instance at 0x7eff35fa90f0>,1,21,[ 4 12],2,2,23,0,2
1,<environment.Job instance at 0x7eff3580b370>,4,13,[1 6],5,23,36,18,7
1,<environment.Job instance at 0x7eff3580b6e0>,9,23,[5 5],10,23,46,13,19
1,<environment.Job instance at 0x7eff3580b7d0>,10,19,[6 2],11,29,48,18,19
1,<environment.Job instance at 0x7eff35f325f0>,2,18,[5 4],3,46,64,43,35
1,<environment.Job instance at 0x7eff358015a0>,15,16,[4 9],16,46,62,30,35
1,<environment.Job instance at 0x7eff358018c0>,14,21,[9 1],15,62,83,47,54
1,<environment.Job instance at 0x7eff358011e0>,17,12,[4 5],18,64,76,46,54
1,<environment.Job instance at 0x7eff35801d70>,18,21,[10  3],19,83,104,64,75
1,<environment.Job instance at 0x7eff3580b550>,6,22,[2 6],7,75,97,68,75
1,<environment.Job instance at 0x7eff35803550>,25,19,[7 5],26,104,123,78,94
1,<environment.Job instance at 0x7eff358113c0>,26,16,[8 4],27,104,120,77,94
1,<environment.Job instance at 0x7eff36175f50>,3,14,[10  4],4,4,18,0,4
1,<environment.Job instance at 0x7eff36175910>,4,19,[4 7],5,5,24,0,5
1,<environment.Job instance at 0x7eff36175dc0>,6,14,[11  3],7,18,32,11,7
1,<environment.Job instance at 0x7eff3667e820>,8,19,[3 6],9,24,43,15,14
1,<environment.Job instance at 0x7eff36175fa0>,12,18,[5 2],13,32,50,19,21
1,<environment.Job instance at 0x7eff36175690>,13,16,[7 5],14,32,48,18,21
1,<environment.Job instance at 0x7eff36175460>,15,12,[8 3],16,48,60,32,31
1,<environment.Job instance at 0x7eff36175370>,7,18,[1 9],8,48,66,40,37
1,<environment.Job instance at 0x7eff36175e60>,20,13,[9 1],21,60,73,39,44
1,<environment.Job instance at 0x7eff361755a0>,19,16,[4 8],20,66,82,46,53
1,<environment.Job instance at 0x7eff35bb1f50>,46,17,[5 5],47,73,90,26,61
1,<environment.Job instance at 0x7eff35bb1d70>,47,14,[9 5],48,82,96,34,67
1,<environment.Job instance at 0x7eff35bb1050>,48,14,[8 5],49,96,110,47,81
1,<environment.Job instance at 0x7eff35bb12d0>,52,14,[6 3],53,90,104,37,81
1,<environment.Job instance at 0x7eff35bb1690>,56,16,[2 9],57,104,120,47,91
1,<environment.Job instance at 0x7eff35bb1550>,64,18,[9 3],65,110,128,45,99
1,<environment.Job instance at 0x7eff35bb15f0>,3,13,[9 2],4,4,17,0,4
1,<environment.Job instance at 0x7eff35bb10f0>,4,21,[5 8],5,5,26,0,5
1,<environment.Job instance at 0x7eff354dee10>,7,17,[ 1 10],8,26,43,18,21
1,<environment.Job instance at 0x7eff354ded20>,9,12,[11  2],10,26,38,16,21
1,<environment.Job instance at 0x7eff354de820>,12,15,[1 7],13,43,58,30,29
1,<environment.Job instance at 0x7eff354ddc30>,18,23,[1 6],19,43,66,24,37
1,<environment.Job instance at 0x7eff354dd6e0>,20,13,[1 9],21,58,71,37,42
1,<environment.Job instance at 0x7eff354dd140>,21,12,[5 2],22,42,54,20,42
1,<environment.Job instance at 0x7eff354ddc80>,22,18,[7 1],23,66,84,43,55
1,<environment.Job instance at 0x7eff354dde10>,28,16,[4 5],29,66,82,37,55
1,<environment.Job instance at 0x7eff354ddaf0>,30,17,[6 3],31,82,99,51,70
1,<environment.Job instance at 0x7eff354dd1e0>,31,20,[1 9],32,71,91,39,70
1,<environment.Job instance at 0x7eff354dd280>,32,16,[9 3],33,91,107,58,78
1,<environment.Job instance at 0x7eff354dd2d0>,34,22,[6 3],35,99,121,64,92
1,<environment.Job instance at 0x7eff354dd910>,36,17,[4 7],37,107,124,70,95
1,<environment.Job instance at 0x7eff3552e500>,41,16,[2 7],42,121,137,79,108
1,<environment.Job instance at 0x7eff3552e050>,2,23,[7 1],3,3,26,0,3
1,<environment.Job instance at 0x7eff3639f7d0>,5,15,[6 5],6,6,21,0,6
1,<environment.Job instance at 0x7eff3639f870>,10,17,[10  3],11,26,43,15,14
1,<environment.Job instance at 0x7eff35e698c0>,22,15,[4 7],23,23,38,0,23
1,<environment.Job instance at 0x7eff35802b90>,40,12,[9 5],41,43,55,2,41
1,<environment.Job instance at 0x7eff35802230>,42,12,[9 4],43,55,67,12,43
1,<environment.Job instance at 0x7eff35802b40>,46,18,[10  3],47,67,85,20,56
1,<environment.Job instance at 0x7eff35e69e60>,47,13,[3 7],48,56,69,8,56
1,<environment.Job instance at 0x7eff35802f00>,48,20,[6 2],49,85,105,36,76
1,<environment.Job instance at 0x7eff3644ce10>,65,13,[5 7],66,76,89,10,76
1,<environment.Job instance at 0x7eff36bac8c0>,71,14,[7 4],72,89,103,17,76
1,<environment.Job instance at 0x7eff36bac050>,73,15,[2 7],74,89,104,15,76
1,<environment.Job instance at 0x7eff36bac730>,74,16,[3 5],75,103,119,28,90
1,<environment.Job instance at 0x7eff36bacd70>,79,15,[7 2],80,105,120,25,91
1,<environment.Job instance at 0x7eff36bac820>,80,16,[10  4],81,120,136,39,107
1,<environment.Job instance at 0x7eff36bac2d0>,82,17,[3 9],83,119,136,36,107
1,<environment.Job instance at 0x7eff36255eb0>,1,16,[5 1],2,2,18,0,2
1,<environment.Job instance at 0x7eff36ac6a50>,2,15,[9 3],3,3,18,0,3
1,<environment.Job instance at 0x7eff35f3c460>,3,13,[11  2],4,18,31,14,4
1,<environment.Job instance at 0x7eff35f3c190>,9,19,[ 3 10],10,18,37,8,12
1,<environment.Job instance at 0x7eff35f3ce60>,10,12,[5 8],11,37,49,26,20
1,<environment.Job instance at 0x7eff35f3cbe0>,12,27,[7 2],13,31,58,18,29
1,<environment.Job instance at 0x7eff35f3c500>,13,12,[13  2],14,58,70,44,41
1,<environment.Job instance at 0x7eff35f3ca00>,4,21,[2 7],5,49,70,44,45
1,<environment.Job instance at 0x7eff35f3c230>,15,12,[ 2 14],16,70,82,54,53
1,<environment.Job instance at 0x7eff35f2cc30>,40,14,[4 6],41,82,96,41,67
1,<environment.Job instance at 0x7eff35f2c190>,42,15,[9 2],43,82,97,39,68
1,<environment.Job instance at 0x7eff35f2cf00>,43,16,[8 4],44,97,113,53,84
1,<environment.Job instance at 0x7eff35f69320>,51,17,[4 9],52,96,113,44,84
1,<environment.Job instance at 0x7eff35f69230>,62,19,[9 4],63,113,132,50,103
1,<environment.Job instance at 0x7eff35f69e60>,63,18,[4 7],64,113,131,49,103
1,<environment.Job instance at 0x7eff354c6870>,0,18,[1 7],1,1,19,0,1
1,<environment.Job instance at 0x7eff36b68960>,1,19,[4 6],2,2,21,0,2
1,<environment.Job instance at 0x7eff36b68be0>,3,17,[2 8],4,19,36,15,7
1,<environment.Job instance at 0x7eff354c6e60>,5,13,[11  2],6,21,34,15,10
1,<environment.Job instance at 0x7eff354c6910>,8,14,[1 7],9,34,48,25,19
1,<environment.Job instance at 0x7eff354c68c0>,12,21,[2 8],13,36,57,23,28
1,<environment.Job instance at 0x7eff354c64b0>,13,13,[9 1],14,48,61,34,33
1,<environment.Job instance at 0x7eff354c6a50>,14,18,[3 9],15,57,75,42,46
1,<environment.Job instance at 0x7eff354c67d0>,7,15,[9 5],8,61,76,53,48
1,<environment.Job instance at 0x7eff354c6aa0>,20,18,[8 2],21,76,94,55,65
1,<environment.Job instance at 0x7eff3681d230>,28,17,[6 1],29,75,92,46,65
1,<environment.Job instance at 0x7eff3681d4b0>,30,15,[8 2],31,94,109,63,80
1,<environment.Job instance at 0x7eff3681d370>,33,18,[6 1],34,92,110,58,81
1,<environment.Job instance at 0x7eff3681d0f0>,36,12,[3 5],37,109,121,72,92
1,<environment.Job instance at 0x7eff3681d960>,38,14,[6 1],39,109,123,70,94
1,<environment.Job instance at 0x7eff3645f5a0>,41,14,[6 5],42,110,124,68,95
1,<environment.Job instance at 0x7eff354b0870>,1,12,[10  3],2,2,14,0,2
1,<environment.Job instance at 0x7eff3645f3c0>,2,13,[5 1],3,3,16,0,3
1,<environment.Job instance at 0x7eff3645f730>,4,13,[9 5],5,14,27,9,5
1,<environment.Job instance at 0x7eff36ba3e10>,7,18,[5 3],8,16,34,8,9
1,<environment.Job instance at 0x7eff36ba3910>,8,15,[9 3],9,27,42,18,13
1,<environment.Job instance at 0x7eff36ba30f0>,11,22,[14  2],12,42,64,30,35
1,<environment.Job instance at 0x7eff35da88c0>,33,14,[1 7],34,35,49,1,35
1,<environment.Job instance at 0x7eff35dc0be0>,37,15,[1 7],38,49,64,11,38
1,<environment.Job instance at 0x7eff35dc06e0>,38,18,[5 6],39,64,82,25,53
1,<environment.Job instance at 0x7eff35dc02d0>,43,12,[5 9],44,64,76,20,53
1,<environment.Job instance at 0x7eff35dc0fa0>,47,20,[5 6],48,76,96,28,67
1,<environment.Job instance at 0x7eff35dc0f00>,48,12,[4 7],49,82,94,33,67
1,<environment.Job instance at 0x7eff35dc0320>,51,20,[5 8],52,94,114,42,85
1,<environment.Job instance at 0x7eff35db5230>,56,19,[2 8],57,114,133,57,104
1,<environment.Job instance at 0x7eff35db5960>,60,12,[2 5],61,108,120,47,108
1,<environment.Job instance at 0x7eff35db58c0>,61,13,[9 3],62,120,133,58,108
1,<environment.Job instance at 0x7eff359a0fa0>,8,14,[8 5],9,9,23,0,9
1,<environment.Job instance at 0x7eff359a06e0>,10,24,[5 3],11,11,35,0,11
1,<environment.Job instance at 0x7eff359a00a0>,16,13,[7 3],17,23,36,6,17
1,<environment.Job instance at 0x7eff356ed8c0>,36,17,[7 5],37,38,55,1,38
1,<environment.Job instance at 0x7eff356eda50>,38,15,[8 2],39,39,54,0,39
1,<environment.Job instance at 0x7eff356ed730>,39,12,[5 9],40,54,66,14,40
1,<environment.Job instance at 0x7eff35754190>,49,13,[6 2],50,55,68,5,50
1,<environment.Job instance at 0x7eff357543c0>,55,15,[7 3],56,66,81,10,56
1,<environment.Job instance at 0x7eff356ed190>,57,16,[2 7],58,66,82,8,62
1,<environment.Job instance at 0x7eff35754500>,58,18,[3 9],59,82,100,23,71
1,<environment.Job instance at 0x7eff3598f870>,64,18,[5 3],65,71,89,6,71
1,<environment.Job instance at 0x7eff3598fdc0>,72,18,[5 2],73,81,99,8,73
1,<environment.Job instance at 0x7eff36412af0>,75,12,[9 5],76,99,111,23,82
1,<environment.Job instance at 0x7eff36722c80>,0,24,[1 9],1,100,124,99,95
1,<environment.Job instance at 0x7eff35cc8190>,81,21,[9 1],82,111,132,29,103
1,<environment.Job instance at 0x7eff3f24b550>,1,15,[3 5],2,2,17,0,2
1,<environment.Job instance at 0x7eff35ea10f0>,2,13,[6 5],3,3,16,0,3
1,<environment.Job instance at 0x7eff3f24bf50>,4,20,[10  4],5,16,36,11,7
1,<environment.Job instance at 0x7eff3f253190>,7,20,[2 6],8,16,36,8,8
1,<environment.Job instance at 0x7eff3f2534b0>,11,15,[4 7],12,36,51,24,22
1,<environment.Job instance at 0x7eff3f253410>,18,16,[7 5],19,36,52,17,26
1,<environment.Job instance at 0x7eff3f22ccd0>,21,12,[4 7],22,51,63,29,34
1,<environment.Job instance at 0x7eff3f22ceb0>,22,18,[10  4],23,52,70,29,41
1,<environment.Job instance at 0x7eff3f22c190>,28,14,[1 9],29,63,77,34,48
1,<environment.Job instance at 0x7eff3f2499b0>,30,15,[9 4],31,70,85,39,56
1,<environment.Job instance at 0x7eff3f2495a0>,33,13,[1 6],34,77,90,43,61
1,<environment.Job instance at 0x7eff3f249960>,35,17,[1 6],36,85,102,49,73
1,<environment.Job instance at 0x7eff3f249be0>,37,21,[2 8],38,90,111,52,82
1,<environment.Job instance at 0x7eff3667fc80>,40,19,[10  1],41,85,104,44,82
1,<environment.Job instance at 0x7eff3f221dc0>,42,18,[1 5],43,102,120,59,91
1,<environment.Job instance at 0x7eff36cc4dc0>,47,18,[8 1],48,104,122,56,95
1,<environment.Job instance at 0x7eff36c4d730>,0,12,[9 4],1,1,13,0,1
1,<environment.Job instance at 0x7eff369c44b0>,2,25,[2 6],3,3,28,0,3
1,<environment.Job instance at 0x7eff36c4d500>,3,15,[11  2],4,13,28,9,4
1,<environment.Job instance at 0x7eff35a39690>,10,14,[4 9],11,28,42,17,13
1,<environment.Job instance at 0x7eff35a39960>,16,18,[8 2],17,28,46,11,17
1,<environment.Job instance at 0x7eff35a39d70>,18,17,[5 4],19,42,59,23,30
1,<environment.Job instance at 0x7eff35a39be0>,19,22,[3 7],20,46,68,26,39
1,<environment.Job instance at 0x7eff35a39780>,21,21,[3 7],22,59,80,37,51
1,<environment.Job instance at 0x7eff35fd96e0>,23,18,[10  1],24,68,86,44,57
1,<environment.Job instance at 0x7eff35fd9d20>,24,12,[3 7],25,80,92,55,63
1,<environment.Job instance at 0x7eff35fd9b40>,26,15,[ 4 10],27,92,107,65,78
1,<environment.Job instance at 0x7eff35fd9d70>,31,13,[7 1],32,86,99,54,78
1,<environment.Job instance at 0x7eff35fd94b0>,35,19,[10  3],36,99,118,63,89
1,<environment.Job instance at 0x7eff35fd9be0>,37,16,[4 6],38,107,123,69,94
1,<environment.Job instance at 0x7eff35fd93c0>,41,15,[6 3],42,118,133,76,104
1,<environment.Job instance at 0x7eff362f8a00>,2,15,[3 8],3,3,18,0,3
1,<environment.Job instance at 0x7eff358d6500>,6,13,[2 8],7,18,31,11,7
1,<environment.Job instance at 0x7eff358d6870>,7,18,[11  2],8,8,26,0,8
1,<environment.Job instance at 0x7eff358d69b0>,9,14,[1 5],10,10,24,0,10
1,<environment.Job instance at 0x7eff358d6910>,10,19,[5 2],11,26,45,15,16
1,<environment.Job instance at 0x7eff358d6b40>,16,20,[5 1],17,26,46,9,17
1,<environment.Job instance at 0x7eff35fc5230>,20,15,[ 4 12],21,31,46,10,24
1,<environment.Job instance at 0x7eff358d6e60>,18,23,[7 4],19,46,69,27,41
1,<environment.Job instance at 0x7eff35fc5370>,22,28,[5 3],23,46,74,23,46
1,<environment.Job instance at 0x7eff35fc5500>,25,12,[ 3 13],26,74,86,48,57
1,<environment.Job instance at 0x7eff35fc5410>,23,22,[5 5],24,86,108,62,80
1,<environment.Job instance at 0x7eff35fc5690>,27,12,[2 6],28,86,98,58,80
1,<environment.Job instance at 0x7eff35fc5820>,33,16,[5 6],34,98,114,64,93
1,<environment.Job instance at 0x7eff3555b2d0>,46,12,[8 2],47,108,120,61,93
1,<environment.Job instance at 0x7eff3555b370>,47,21,[3 6],48,114,135,66,106
1,<environment.Job instance at 0x7eff3555b500>,50,12,[10  3],51,120,132,69,106
1,<environment.Job instance at 0x7eff3555b5a0>,51,16,[1 6],52,108,124,56,108
1,<environment.Job instance at 0x7fb0fb268230>,0,13,[9 3],1,1,14,0,1
1,<environment.Job instance at 0x7fb0f1af05a0>,4,21,[1 6],5,5,26,0,5
1,<environment.Job instance at 0x7fb0f1af0640>,5,24,[1 5],6,6,30,0,6
1,<environment.Job instance at 0x7fb0f1af0780>,6,20,[6 1],7,14,34,7,7
1,<environment.Job instance at 0x7fb0f1af0cd0>,14,13,[7 3],15,15,28,0,15
1,<environment.Job instance at 0x7fb0f1af4320>,23,18,[2 7],24,28,46,4,24
1,<environment.Job instance at 0x7fb0f1af49b0>,33,16,[2 8],34,34,50,0,34
1,<environment.Job instance at 0x7fb0f1af4be0>,35,15,[9 5],36,46,61,10,36
1,<environment.Job instance at 0x7fb0f1af4cd0>,38,20,[ 1 10],39,50,70,11,42
1,<environment.Job instance at 0x7fb0f1af6280>,45,13,[6 5],46,61,74,15,46
1,<environment.Job instance at 0x7fb0f1af6190>,47,20,[6 5],48,70,90,22,61
1,<environment.Job instance at 0x7fb0f1af67d0>,51,20,[5 3],52,74,94,22,65
1,<environment.Job instance at 0x7fb0f1af6780>,53,17,[5 7],54,90,107,36,78
1,<environment.Job instance at 0x7fb0f1af69b0>,56,12,[3 6],57,78,90,21,78
1,<environment.Job instance at 0x7fb0f1af6af0>,58,14,[2 7],59,94,108,35,79
1,<environment.Job instance at 0x7fb0f1af6b90>,59,17,[1 6],60,107,124,47,95
1,<environment.Job instance at 0x7fb0f1af6e10>,62,18,[5 3],63,108,126,45,97
1,<environment.Job instance at 0x7fb0f1af4e10>,40,15,[10  3],41,124,139,83,114
1,<environment.Job instance at 0x7fb0f1af6f50>,64,19,[3 8],65,126,145,61,116
1,<environment.Job instance at 0x7fb0f21a5780>,1,13,[7 4],2,2,15,0,2
1,<environment.Job instance at 0x7fb0f21a5410>,3,14,[11  5],4,15,29,11,4
1,<environment.Job instance at 0x7fb0f21a5230>,8,15,[8 3],9,29,44,20,15
1,<environment.Job instance at 0x7fb0f21a5280>,10,18,[6 1],11,29,47,18,23
1,<environment.Job instance at 0x7fb0f21a57d0>,14,16,[4 7],15,44,60,29,32
1,<environment.Job instance at 0x7fb0f1fe8b40>,20,13,[7 4],21,47,60,26,32
1,<environment.Job instance at 0x7fb0f21a5c30>,9,17,[8 1],10,60,77,50,48
1,<environment.Job instance at 0x7fb0f11cbd20>,29,15,[10  4],30,77,92,47,63
1,<environment.Job instance at 0x7fb0f11e21e0>,30,14,[1 8],31,76,90,45,76
1,<environment.Job instance at 0x7fb0f15b3d70>,36,14,[9 5],37,92,106,55,77
1,<environment.Job instance at 0x7fb0f15b3e10>,39,15,[1 7],40,90,105,50,79
1,<environment.Job instance at 0x7fb0f14161e0>,42,13,[3 8],43,105,118,62,91
1,<environment.Job instance at 0x7fb0f121cf50>,43,13,[3 5],44,106,119,62,91
1,<environment.Job instance at 0x7fb0f163dbe0>,24,17,[14  2],25,119,136,94,109
1,<environment.Job instance at 0x7fb0f11bbd70>,46,20,[1 5],47,118,138,71,109
1,<environment.Job instance at 0x7fb0f1167960>,4,16,[7 4],5,5,21,0,5
1,<environment.Job instance at 0x7fb0f119b5a0>,11,12,[11  1],12,21,33,9,12
1,<environment.Job instance at 0x7fb0f119bf50>,17,15,[12  2],18,33,48,15,19
1,<environment.Job instance at 0x7fb0f119b730>,18,20,[11  2],19,48,68,29,39
1,<environment.Job instance at 0x7fb0f119bd70>,19,25,[ 2 13],20,39,64,19,39
1,<environment.Job instance at 0x7fb0f119b3c0>,20,14,[2 7],21,64,78,43,49
1,<environment.Job instance at 0x7fb0f119b140>,21,15,[4 8],22,68,83,46,54
1,<environment.Job instance at 0x7fb0f119b690>,22,24,[ 3 13],23,83,107,60,78
1,<environment.Job instance at 0x7fb0f119bbe0>,23,15,[ 2 13],24,107,122,83,93
1,<environment.Job instance at 0x7fb0f119be10>,24,13,[ 5 14],25,122,135,97,106
1,<environment.Job instance at 0x7fb0f1af6f50>,0,12,[ 3 14],1,1,13,0,1
1,<environment.Job instance at 0x7fb0f1af6b90>,4,18,[8 3],5,13,31,8,5
1,<environment.Job instance at 0x7fb0f1af6a00>,7,16,[5 8],8,13,29,5,10
1,<environment.Job instance at 0x7fb0f1af65f0>,8,13,[1 7],9,29,42,20,14
1,<environment.Job instance at 0x7fb0f14f15a0>,15,13,[5 5],16,29,42,13,17
1,<environment.Job instance at 0x7fb0f16d0640>,18,14,[7 5],19,42,56,23,27
1,<environment.Job instance at 0x7fb0f1e4a230>,25,15,[8 5],26,42,57,16,28
1,<environment.Job instance at 0x7fb0f16405f0>,10,25,[12  4],11,57,82,46,53
1,<environment.Job instance at 0x7fb0f1af6dc0>,5,14,[8 5],6,82,96,76,79
1,<environment.Job instance at 0x7fb0f1af6b40>,1,21,[4 8],2,82,103,80,79
1,<environment.Job instance at 0x7fb0f1b699b0>,38,17,[4 8],39,103,120,64,91
1,<environment.Job instance at 0x7fb0f11dfeb0>,50,16,[5 9],51,120,136,69,107
1,<environment.Job instance at 0x7fb0f11a7640>,55,15,[8 4],56,107,122,51,107
1,<environment.Job instance at 0x7fb0f11a7500>,57,14,[6 4],58,122,136,64,107
1,<environment.Job instance at 0x7fb0f21e2820>,2,16,[10  3],3,3,19,0,3
1,<environment.Job instance at 0x7fb0f1460410>,5,13,[6 4],6,19,32,13,6
1,<environment.Job instance at 0x7fb0f21c1b90>,8,19,[1 5],9,10,29,1,10
1,<environment.Job instance at 0x7fb0f21d76e0>,11,13,[6 5],12,19,32,7,18
1,<environment.Job instance at 0x7fb0f21d7d20>,10,18,[10  4],11,32,50,21,21
1,<environment.Job instance at 0x7fb0f21d7aa0>,13,14,[4 5],14,32,46,18,21
1,<environment.Job instance at 0x7fb0f21d7140>,17,15,[9 5],18,50,65,32,36
1,<environment.Job instance at 0x7fb0f21dab40>,19,17,[1 7],20,46,63,26,36
1,<environment.Job instance at 0x7fb0f21da550>,20,15,[5 1],21,50,65,29,36
1,<environment.Job instance at 0x7fb0f21daa00>,21,18,[5 9],22,65,83,43,54
1,<environment.Job instance at 0x7fb0f21d2230>,26,14,[5 9],27,83,97,56,68
1,<environment.Job instance at 0x7fb0f21d25f0>,28,12,[2 5],29,68,80,39,68
1,<environment.Job instance at 0x7fb0f21d2c30>,29,16,[6 5],30,80,96,50,68
1,<environment.Job instance at 0x7fb0f10b9140>,36,18,[7 5],37,96,114,59,88
1,<environment.Job instance at 0x7fb0f11fca00>,37,18,[5 9],38,97,115,59,88
1,<environment.Job instance at 0x7fb0f10acd70>,40,19,[4 9],41,115,134,74,105
1,<environment.Job instance at 0x7fb0f10ac0a0>,41,12,[10  2],42,114,126,72,105
1,<environment.Job instance at 0x7fb0f10aca50>,44,19,[9 4],45,126,145,81,116
1,<environment.Job instance at 0x7fb0f15128c0>,1,18,[6 1],2,2,20,0,2
1,<environment.Job instance at 0x7fb0f1f2bd20>,2,19,[1 7],3,3,22,0,3
1,<environment.Job instance at 0x7fb0f1512960>,8,17,[7 1],9,9,26,0,9
1,<environment.Job instance at 0x7fb0f1512aa0>,10,14,[12  4],11,26,40,15,11
1,<environment.Job instance at 0x7fb0f181b4b0>,17,16,[ 4 10],18,40,56,22,27
1,<environment.Job instance at 0x7fb0f181b3c0>,19,17,[5 5],20,40,57,20,28
1,<environment.Job instance at 0x7fb0f181b870>,21,15,[9 4],22,56,71,34,42
1,<environment.Job instance at 0x7fb0f181b9b0>,23,13,[1 5],24,56,69,32,42
1,<environment.Job instance at 0x7fb0f21da3c0>,27,20,[7 1],28,71,91,43,62
1,<environment.Job instance at 0x7fb0f21daaa0>,29,16,[4 9],30,69,85,39,63
1,<environment.Job instance at 0x7fb0f21dad20>,30,18,[ 2 10],31,85,103,54,74
1,<environment.Job instance at 0x7fb0f21daf50>,33,14,[6 5],34,91,105,57,76
1,<environment.Job instance at 0x7fb0f21daaf0>,35,15,[10  3],36,105,120,69,91
1,<environment.Job instance at 0x7fb0f21da9b0>,38,13,[9 4],39,120,133,81,104
1,<environment.Job instance at 0x7fb0f14cc050>,41,15,[4 5],42,104,119,62,104
1,<environment.Job instance at 0x7fb0f14cc190>,43,21,[1 6],44,105,126,61,104
1,<environment.Job instance at 0x7fb0f14cc500>,46,16,[4 5],47,119,135,72,106
1,<environment.Job instance at 0x7fb0f1927960>,0,21,[5 2],1,1,22,0,1
1,<environment.Job instance at 0x7fb0f19270a0>,1,23,[ 4 11],2,2,25,0,2
1,<environment.Job instance at 0x7fb0f19273c0>,9,27,[6 1],10,10,37,0,10
1,<environment.Job instance at 0x7fb0f25ff960>,10,15,[5 2],11,22,37,11,11
1,<environment.Job instance at 0x7fb0f25fff50>,11,13,[12  5],12,37,50,25,21
1,<environment.Job instance at 0x7fb0f25ff9b0>,12,14,[7 1],13,50,64,37,35
1,<environment.Job instance at 0x7fb0f1973a00>,7,13,[7 4],8,50,63,42,35
1,<environment.Job instance at 0x7fb0f25ff870>,13,16,[11  4],14,64,80,50,51
1,<environment.Job instance at 0x7fb0f19274b0>,5,12,[3 6],6,63,75,57,60
1,<environment.Job instance at 0x7fb0f213d8c0>,17,14,[2 6],18,75,89,57,62
1,<environment.Job instance at 0x7fb0fac15af0>,27,20,[3 7],28,80,100,52,71
1,<environment.Job instance at 0x7fb0f216ff00>,30,18,[1 5],31,89,107,58,78
1,<environment.Job instance at 0x7fb0f215c9b0>,38,21,[2 6],39,100,121,61,92
1,<environment.Job instance at 0x7fb0f25333c0>,40,19,[1 7],41,107,126,66,97
1,<environment.Job instance at 0x7fb0f2533aa0>,42,12,[8 4],43,121,133,78,104
1,<environment.Job instance at 0x7fb0f2533050>,44,13,[5 4],45,121,134,76,105
1,<environment.Job instance at 0x7fb0f25330f0>,45,14,[8 5],46,133,147,87,118
1,<environment.Job instance at 0x7fb0f14c9820>,0,13,[8 3],1,1,14,0,1
1,<environment.Job instance at 0x7fb0f1245e60>,5,23,[1 5],6,6,29,0,6
1,<environment.Job instance at 0x7fb0f1e13cd0>,10,13,[7 5],11,14,27,3,11
1,<environment.Job instance at 0x7fb0f124c9b0>,14,15,[4 6],15,27,42,12,15
1,<environment.Job instance at 0x7fb0f124ca50>,15,22,[7 1],16,16,38,0,16
1,<environment.Job instance at 0x7fb0f124c280>,18,14,[8 1],19,38,52,19,23
1,<environment.Job instance at 0x7fb0f12205f0>,25,21,[6 5],26,42,63,16,34
1,<environment.Job instance at 0x7fb0f1ac1dc0>,37,19,[2 8],38,52,71,14,42
1,<environment.Job instance at 0x7fb0f1a97190>,43,18,[1 8],44,71,89,27,60
1,<environment.Job instance at 0x7fb0f182e1e0>,44,13,[4 7],45,63,76,18,60
1,<environment.Job instance at 0x7fb0f1abe280>,53,18,[5 8],54,89,107,35,78
1,<environment.Job instance at 0x7fb0f1838aa0>,58,20,[10  2],59,80,100,21,80
1,<environment.Job instance at 0x7fb0f1835460>,63,14,[7 2],64,100,114,36,85
1,<environment.Job instance at 0x7fb0f1835550>,69,20,[5 6],70,107,127,37,98
1,<environment.Job instance at 0x7fb0f18350a0>,71,14,[3 8],72,114,128,42,99
1,<environment.Job instance at 0x7fb0f1835050>,72,16,[6 5],73,127,143,54,114
1,<environment.Job instance at 0x7fb0f183d780>,73,14,[5 4],74,128,142,54,114
1,<environment.Job instance at 0x7fb0f1abe640>,0,14,[2 7],1,1,15,0,1
1,<environment.Job instance at 0x7fb0f183db90>,1,24,[4 5],2,2,26,0,2
1,<environment.Job instance at 0x7fb0f1abee60>,2,14,[5 5],3,15,29,12,3
1,<environment.Job instance at 0x7fb0f1abeb90>,5,16,[6 1],6,6,22,0,6
1,<environment.Job instance at 0x7fb0f1abecd0>,10,12,[6 3],11,22,34,11,11
1,<environment.Job instance at 0x7fb0f1abe960>,8,18,[1 5],9,26,44,17,15
1,<environment.Job instance at 0x7fb0f1e1a410>,15,13,[9 5],16,34,47,18,18
1,<environment.Job instance at 0x7fb0f1e1a730>,16,18,[6 2],17,44,62,27,33
1,<environment.Job instance at 0x7fb0f1e1a5a0>,18,13,[7 5],19,47,60,28,33
1,<environment.Job instance at 0x7fb0f1e1a2d0>,21,15,[7 3],22,60,75,38,46
1,<environment.Job instance at 0x7fb0f1e1ad20>,25,14,[4 7],26,62,76,36,47
1,<environment.Job instance at 0x7fb0f1e1a690>,26,21,[2 8],27,75,96,48,67
1,<environment.Job instance at 0x7fb0f150b410>,32,18,[5 4],33,76,94,43,67
1,<environment.Job instance at 0x7fb0f150bbe0>,38,17,[7 4],39,94,111,55,82
1,<environment.Job instance at 0x7fb0f150bd20>,40,19,[6 2],41,82,101,41,82
1,<environment.Job instance at 0x7fb0f1abe230>,3,12,[13  3],4,111,123,107,94
1,<environment.Job instance at 0x7fb0f1a976e0>,45,16,[4 9],46,123,139,77,110
1,<environment.Job instance at 0x7fb0f1abe4b0>,11,16,[10  2],12,123,139,111,111
1,<environment.Job instance at 0x7fb0f124cf50>,1,14,[5 7],2,2,16,0,2
1,<environment.Job instance at 0x7fb0f1abef50>,2,16,[4 6],3,3,19,0,3
1,<environment.Job instance at 0x7fb0f19605a0>,3,13,[8 1],4,16,29,12,4
1,<environment.Job instance at 0x7fb0f1975dc0>,5,16,[ 3 10],6,19,35,13,6
1,<environment.Job instance at 0x7fb0f1abe4b0>,7,18,[8 3],8,29,47,21,18
1,<environment.Job instance at 0x7fb0f1af78c0>,11,19,[6 1],12,35,54,23,25
1,<environment.Job instance at 0x7fb0f24bdaf0>,12,12,[2 5],13,47,59,34,30
1,<environment.Job instance at 0x7fb0f24bd5a0>,13,20,[9 2],14,54,74,40,45
1,<environment.Job instance at 0x7fb0f1ae6640>,17,22,[2 8],18,47,69,29,45
1,<environment.Job instance at 0x7fb0f1ae6f50>,19,20,[4 6],20,69,89,49,60
1,<environment.Job instance at 0x7fb0f1ad8d70>,23,14,[10  4],24,74,88,50,60
1,<environment.Job instance at 0x7fb0f1b069b0>,24,19,[4 7],25,88,107,63,78
1,<environment.Job instance at 0x7fb0f1b06a50>,27,18,[1 9],28,107,125,79,96
1,<environment.Job instance at 0x7fb0f1b06870>,28,19,[3 6],29,96,115,67,96
1,<environment.Job instance at 0x7fb0f17113c0>,29,19,[9 1],30,115,134,85,106
1,<environment.Job instance at 0x7fb0f14acd70>,0,27,[5 2],1,1,28,0,1
1,<environment.Job instance at 0x7fb0f1b06d20>,1,12,[ 3 13],2,2,14,0,2
1,<environment.Job instance at 0x7fb0f14ac140>,5,14,[3 9],6,14,28,8,6
1,<environment.Job instance at 0x7fb0f14ac690>,8,12,[ 1 12],9,28,40,19,12
1,<environment.Job instance at 0x7fb0f14acaa0>,10,16,[ 1 10],11,40,56,29,28
1,<environment.Job instance at 0x7fb0f14ac820>,11,22,[14  3],12,28,50,16,28
1,<environment.Job instance at 0x7fb0f14ac1e0>,9,19,[5 8],10,56,75,46,46
1,<environment.Job instance at 0x7fb0f14ac8c0>,13,13,[9 2],14,50,63,36,46
1,<environment.Job instance at 0x7fb0f14acb90>,7,17,[4 7],8,63,80,55,54
1,<environment.Job instance at 0x7fb0f1535910>,18,16,[7 4],19,75,91,56,66
1,<environment.Job instance at 0x7fb0f1535af0>,22,15,[1 7],23,80,95,57,70
1,<environment.Job instance at 0x7fb0f1535690>,31,12,[5 2],32,80,92,48,77
1,<environment.Job instance at 0x7fb0f14ac320>,14,21,[5 8],15,92,113,77,84
1,<environment.Job instance at 0x7fb0f1535dc0>,33,25,[7 5],34,95,120,61,91
1,<environment.Job instance at 0x7fb0f15354b0>,34,24,[5 3],35,113,137,78,108
1,<environment.Job instance at 0x7fb0f1535e10>,2,23,[7 1],3,3,26,0,3
1,<environment.Job instance at 0x7fb0f1e67dc0>,5,15,[6 5],6,6,21,0,6
1,<environment.Job instance at 0x7fb0f1e67370>,10,17,[10  3],11,26,43,15,14
1,<environment.Job instance at 0x7fb0f2045690>,22,15,[4 7],23,23,38,0,23
1,<environment.Job instance at 0x7fb0f0f513c0>,40,12,[9 5],41,43,55,2,41
1,<environment.Job instance at 0x7fb0f0f510a0>,42,12,[9 4],43,55,67,12,43
1,<environment.Job instance at 0x7fb0f0f51be0>,43,21,[1 8],44,44,65,0,44
1,<environment.Job instance at 0x7fb0f0f51b90>,46,18,[10  3],47,67,85,20,56
1,<environment.Job instance at 0x7fb0f0f51730>,56,12,[2 6],57,65,77,8,57
1,<environment.Job instance at 0x7fb0f0f52f00>,65,13,[5 7],66,77,90,11,66
1,<environment.Job instance at 0x7fb0f0f524b0>,70,12,[1 8],71,85,97,14,71
1,<environment.Job instance at 0x7fb0f0f52b90>,71,14,[7 4],72,90,104,18,75
1,<environment.Job instance at 0x7fb0f0f52500>,73,15,[2 7],74,97,112,23,83
1,<environment.Job instance at 0x7fb0f0f523c0>,74,16,[3 5],75,104,120,29,91
1,<environment.Job instance at 0x7fb0f0f52a00>,79,15,[7 2],80,104,119,24,91
1,<environment.Job instance at 0x7fb0f12c45f0>,80,16,[10  4],81,119,135,38,106
1,<environment.Job instance at 0x7fb0f12c4280>,82,17,[3 9],83,120,137,37,108
1,<environment.Job instance at 0x7fb0f13a83c0>,0,12,[5 8],1,1,13,0,1
1,<environment.Job instance at 0x7fb0f1ccd4b0>,4,21,[10  1],5,5,26,0,5
1,<environment.Job instance at 0x7fb0f1ccd730>,12,16,[ 5 10],13,13,29,0,13
1,<environment.Job instance at 0x7fb0f261d190>,17,12,[10  2],18,26,38,8,18
1,<environment.Job instance at 0x7fb0f261db90>,19,16,[3 6],20,29,45,9,21
1,<environment.Job instance at 0x7fb0f261d230>,24,13,[7 5],25,38,51,13,25
1,<environment.Job instance at 0x7fb0f261d4b0>,28,19,[3 5],29,45,64,16,35
1,<environment.Job instance at 0x7fb0f261d910>,30,14,[4 6],31,51,65,20,36
1,<environment.Job instance at 0x7fb0f261d960>,32,15,[9 2],33,64,79,31,50
1,<environment.Job instance at 0x7fb0f261d5f0>,20,15,[1 6],21,64,79,43,53
1,<environment.Job instance at 0x7fb0f1da16e0>,33,16,[8 4],34,79,95,45,66
1,<environment.Job instance at 0x7fb0f1da19b0>,36,12,[ 2 10],37,79,91,42,66
1,<environment.Job instance at 0x7fb0f1da15f0>,41,17,[4 9],42,91,108,49,79
1,<environment.Job instance at 0x7fb0f1da17d0>,43,13,[7 4],44,95,108,51,79
1,<environment.Job instance at 0x7fb0f1da1500>,48,14,[4 9],49,108,122,59,93
1,<environment.Job instance at 0x7fb0f1da10a0>,52,19,[9 4],53,108,127,55,99
1,<environment.Job instance at 0x7fb0f1da1230>,53,18,[4 7],54,122,140,68,111
1,<environment.Job instance at 0x7fb0f1aed4b0>,59,18,[10  5],60,127,145,67,116
1,<environment.Job instance at 0x7fb0f26436e0>,1,15,[14  4],2,2,17,0,2
1,<environment.Job instance at 0x7fb0f2228d70>,8,17,[6 1],9,17,34,8,9
1,<environment.Job instance at 0x7fb0f22286e0>,10,15,[8 2],11,17,32,6,11
1,<environment.Job instance at 0x7fb0f25e1b90>,13,18,[6 1],14,32,50,18,21
1,<environment.Job instance at 0x7fb0f22285f0>,16,12,[3 5],17,32,44,15,21
1,<environment.Job instance at 0x7fb0f2228140>,18,14,[6 1],19,34,48,15,21
1,<environment.Job instance at 0x7fb0f2228aa0>,21,14,[6 5],22,48,62,26,33
1,<environment.Job instance at 0x7fb0f22283c0>,15,13,[11  5],16,62,75,46,48
1,<environment.Job instance at 0x7fb0f1896cd0>,27,16,[8 2],28,75,91,47,62
1,<environment.Job instance at 0x7fb0f1896d20>,29,12,[7 5],30,75,87,45,62
1,<environment.Job instance at 0x7fb0f1896190>,30,16,[6 3],31,87,103,56,74
1,<environment.Job instance at 0x7fb0f18967d0>,33,19,[8 1],34,91,110,57,83
1,<environment.Job instance at 0x7fb0f18965f0>,36,15,[8 2],37,110,125,73,96
1,<environment.Job instance at 0x7fb0f2228370>,23,21,[3 7],24,103,124,79,96
1,<environment.Job instance at 0x7fb0f1896140>,38,24,[4 6],39,103,127,64,98
1,<environment.Job instance at 0x7fb0f18969b0>,37,20,[10  5],38,125,145,87,117
1,<environment.Job instance at 0x7fb0f0f9da50>,3,14,[1 7],4,4,18,0,4
1,<environment.Job instance at 0x7fb0f0f9dc30>,4,18,[5 9],5,18,36,13,7
1,<environment.Job instance at 0x7fb0f0f9de10>,7,15,[1 7],8,36,51,28,22
1,<environment.Job instance at 0x7fb0f1abe500>,11,15,[11  4],12,36,51,24,22
1,<environment.Job instance at 0x7fb0f1abe780>,12,17,[14  1],13,51,68,38,39
1,<environment.Job instance at 0x7fb0f1abe550>,13,12,[5 9],14,68,80,54,51
1,<environment.Job instance at 0x7fb0f1abe4b0>,14,24,[ 1 12],15,80,104,65,75
1,<environment.Job instance at 0x7fb0f1abe9b0>,15,15,[13  2],16,80,95,64,75
1,<environment.Job instance at 0x7fb0f1abe7d0>,16,16,[14  2],17,95,111,78,82
1,<environment.Job instance at 0x7fb0f1abedc0>,17,20,[5 6],18,111,131,93,102
1,<environment.Job instance at 0x7fb0f1abe460>,18,12,[4 7],19,111,123,92,102
1,<environment.Job instance at 0x7fb0f17d4320>,0,27,[ 4 10],1,1,28,0,1
1,<environment.Job instance at 0x7fb0f21f33c0>,11,12,[ 5 13],12,28,40,16,12
1,<environment.Job instance at 0x7fb0f21f30a0>,9,13,[6 2],10,25,38,15,25
1,<environment.Job instance at 0x7fb0f21f37d0>,15,15,[7 3],16,40,55,24,28
1,<environment.Job instance at 0x7fb0f21f3870>,12,28,[13  2],13,55,83,42,54
1,<environment.Job instance at 0x7fb0f21f3fa0>,17,16,[2 7],18,54,70,36,54
1,<environment.Job instance at 0x7fb0f21f3dc0>,18,18,[3 9],19,83,101,64,72
1,<environment.Job instance at 0x7fb0f125ba50>,24,18,[5 3],25,83,101,58,78
1,<environment.Job instance at 0x7fb0f125b280>,19,26,[ 5 12],20,101,127,81,98
1,<environment.Job instance at 0x7fb0f125be10>,26,15,[11  1],27,127,142,100,113
1,<environment.Job instance at 0x7fb0f19d3320>,0,14,[ 1 13],1,2,16,1,2
1,<environment.Job instance at 0x7fb0f19d35a0>,4,18,[3 8],5,16,34,11,5
1,<environment.Job instance at 0x7fb0f19d36e0>,5,22,[3 6],6,16,38,10,9
1,<environment.Job instance at 0x7fb0f20ece60>,10,15,[2 6],11,34,49,23,20
1,<environment.Job instance at 0x7fb0f20ecdc0>,11,12,[6 3],12,34,46,22,23
1,<environment.Job instance at 0x7fb0f20ec140>,12,14,[11  1],13,46,60,33,31
1,<environment.Job instance at 0x7fb0f20ecd20>,16,26,[13  2],17,60,86,43,57
1,<environment.Job instance at 0x7fb0f20ec1e0>,19,18,[1 6],20,69,87,49,69
1,<environment.Job instance at 0x7fb0f0fc7050>,22,16,[4 6],23,86,102,63,73
1,<environment.Job instance at 0x7fb0f20ecbe0>,17,17,[9 2],18,86,103,68,74
1,<environment.Job instance at 0x7fb0f0fc7eb0>,28,14,[ 4 13],29,102,116,73,87
1,<environment.Job instance at 0x7fb0f20ec870>,15,12,[ 4 12],16,116,128,100,103
1,<environment.Job instance at 0x7fb0f20ec690>,9,17,[6 2],10,105,122,95,105
1,<environment.Job instance at 0x7fb0f1cddb90>,39,15,[5 9],40,128,143,88,116
1,<environment.Job instance at 0x7fb0f2244b40>,0,17,[6 4],1,1,18,0,1
1,<environment.Job instance at 0x7fb0f0e8afa0>,6,20,[2 5],7,7,27,0,7
1,<environment.Job instance at 0x7fb0f0e8a410>,7,13,[1 5],8,8,21,0,8
1,<environment.Job instance at 0x7fb0f0e8a6e0>,8,21,[7 5],9,18,39,9,10
1,<environment.Job instance at 0x7fb0f0e8a550>,11,16,[8 4],12,27,43,15,14
1,<environment.Job instance at 0x7fb0f259ea50>,22,14,[6 5],23,39,53,16,24
1,<environment.Job instance at 0x7fb0f259e8c0>,26,17,[1 5],27,39,56,12,27
1,<environment.Job instance at 0x7fb0f0e77be0>,31,16,[2 8],32,53,69,21,40
1,<environment.Job instance at 0x7fb0f0e77eb0>,34,22,[8 3],35,56,78,21,49
1,<environment.Job instance at 0x7fb0f0e7dd20>,37,19,[3 6],38,69,88,31,59
1,<environment.Job instance at 0x7fb0f0e7d820>,47,15,[10  2],48,78,93,30,64
1,<environment.Job instance at 0x7fb0f0e653c0>,52,15,[3 8],53,88,103,35,74
1,<environment.Job instance at 0x7fb0f1509b40>,56,13,[2 8],57,103,116,46,87
1,<environment.Job instance at 0x7fb0f0ea60f0>,59,14,[1 5],60,87,101,27,87
1,<environment.Job instance at 0x7fb0f1af6140>,60,19,[5 2],61,93,112,32,87
1,<environment.Job instance at 0x7fb0f0ea6f50>,66,20,[5 1],67,101,121,34,92
1,<environment.Job instance at 0x7fb0f16f8a00>,77,12,[2 6],78,112,124,34,95
1,<environment.Job instance at 0x7fb0f25a8820>,83,16,[5 6],84,116,132,32,103
1,<environment.Job instance at 0x7fb0f22719b0>,96,12,[8 2],97,121,133,24,104
1,<environment.Job instance at 0x7fb0f25cb5f0>,0,19,[6 4],1,1,20,0,1
1,<environment.Job instance at 0x7fb0f16d8820>,1,12,[ 3 11],2,2,14,0,2
1,<environment.Job instance at 0x7fb0f1f9b910>,3,14,[10  5],4,20,34,16,5
1,<environment.Job instance at 0x7fb0f1434b90>,7,13,[14  1],8,34,47,26,24
1,<environment.Job instance at 0x7fb0f1434a50>,9,14,[6 5],10,47,61,37,32
1,<environment.Job instance at 0x7fb0f14347d0>,12,20,[8 4],13,47,67,34,38
1,<environment.Job instance at 0x7fb0f1231370>,16,18,[1 8],17,61,79,44,50
1,<environment.Job instance at 0x7fb0f25e8640>,19,18,[8 3],20,67,85,47,56
1,<environment.Job instance at 0x7fb0f25e8910>,22,17,[6 1],23,61,78,38,56
1,<environment.Job instance at 0x7fb0f2109d70>,26,21,[2 6],27,79,100,52,71
1,<environment.Job instance at 0x7fb0f21094b0>,28,21,[1 6],29,79,100,50,71
1,<environment.Job instance at 0x7fb0f1f78eb0>,44,19,[7 2],45,85,104,40,75
1,<environment.Job instance at 0x7fb0f1c58e60>,51,15,[5 6],52,100,115,48,86
1,<environment.Job instance at 0x7fb0f1c58140>,56,18,[5 3],57,104,122,47,93
1,<environment.Job instance at 0x7fb0f1c58be0>,57,14,[7 5],58,115,129,57,100
1,<environment.Job instance at 0x7fb0f130bdc0>,0,19,[ 4 10],1,1,20,0,1
1,<environment.Job instance at 0x7fb0f13d6730>,5,16,[4 6],6,20,36,14,7
1,<environment.Job instance at 0x7fb0f13d6aa0>,10,17,[10  2],11,11,28,0,11
1,<environment.Job instance at 0x7fb0f13d6cd0>,13,18,[3 8],14,28,46,14,17
1,<environment.Job instance at 0x7fb0f195c640>,2,22,[12  2],3,36,58,33,31
1,<environment.Job instance at 0x7fb0f13d6e10>,24,16,[11  5],25,58,74,33,45
1,<environment.Job instance at 0x7fb0f130bf00>,1,20,[ 4 14],2,74,94,72,65
1,<environment.Job instance at 0x7fb0f13ef6e0>,27,13,[ 5 14],28,94,107,66,81
1,<environment.Job instance at 0x7fb0f13ef640>,26,16,[ 4 14],27,107,123,80,94
1,<environment.Job instance at 0x7fb0f13d6c30>,14,22,[7 4],15,123,145,108,116
1,<environment.Job instance at 0x7f14bccb1230>,0,13,[9 3],1,1,14,0,1
1,<environment.Job instance at 0x7f14bccb1320>,2,22,[4 8],3,3,25,0,3
1,<environment.Job instance at 0x7f14b3539690>,4,21,[1 6],5,14,35,9,6
1,<environment.Job instance at 0x7f14b3539cd0>,14,13,[7 3],15,25,38,10,16
1,<environment.Job instance at 0x7f14b353d320>,23,18,[2 7],24,35,53,11,24
1,<environment.Job instance at 0x7f14b353d9b0>,33,16,[2 8],34,38,54,4,34
1,<environment.Job instance at 0x7f14b353dbe0>,35,15,[9 5],36,53,68,17,39
1,<environment.Job instance at 0x7f14b35395a0>,6,20,[6 1],7,54,74,47,48
1,<environment.Job instance at 0x7f14b353f780>,53,17,[5 7],54,68,85,14,56
1,<environment.Job instance at 0x7f14b3542730>,77,13,[8 5],78,78,91,0,78
1,<environment.Job instance at 0x7f14b3546370>,95,15,[5 7],96,96,111,0,96
1,<environment.Job instance at 0x7f14b35464b0>,98,17,[5 5],99,99,116,0,99
1,<environment.Job instance at 0x7f14b3548190>,115,16,[7 5],116,116,132,0,116
1,<environment.Job instance at 0x7f14b39a0aa0>,0,18,[6 1],1,1,19,0,1
1,<environment.Job instance at 0x7f14b39a0780>,4,16,[4 7],5,5,21,0,5
1,<environment.Job instance at 0x7f14b36a0910>,10,13,[7 4],11,19,32,8,11
1,<environment.Job instance at 0x7f14b36a0960>,13,20,[ 4 10],14,21,41,7,14
1,<environment.Job instance at 0x7f14b3015e60>,19,15,[10  4],20,32,47,12,20
1,<environment.Job instance at 0x7f14b3015c30>,20,14,[1 8],21,41,55,20,26
1,<environment.Job instance at 0x7f14b30113c0>,26,14,[9 5],27,47,61,20,33
1,<environment.Job instance at 0x7f14b2c5e140>,29,15,[1 7],30,55,70,25,41
1,<environment.Job instance at 0x7f14b2fc2410>,32,13,[3 8],33,61,74,28,48
1,<environment.Job instance at 0x7f14b2fc2820>,33,13,[3 5],34,70,83,36,54
1,<environment.Job instance at 0x7f14b302f0a0>,36,20,[1 5],37,74,94,37,65
1,<environment.Job instance at 0x7f14b2fd6280>,37,22,[3 7],38,83,105,45,76
1,<environment.Job instance at 0x7f14b304eaf0>,43,12,[11  5],44,94,106,50,77
1,<environment.Job instance at 0x7f14b3087c30>,47,17,[8 2],48,77,94,29,77
1,<environment.Job instance at 0x7f14b3087dc0>,49,16,[5 8],50,106,122,56,93
1,<environment.Job instance at 0x7f14b30879b0>,50,13,[8 5],51,106,119,55,93
1,<environment.Job instance at 0x7f14b3037a00>,51,14,[2 9],52,122,136,70,107
1,<environment.Job instance at 0x7f14b3037780>,54,20,[5 2],55,119,139,64,110
1,<environment.Job instance at 0x7f14b2c05aa0>,22,14,[14  4],23,139,153,116,126
1,<environment.Job instance at 0x7f14b2bed1e0>,0,14,[2 7],1,1,15,0,1
1,<environment.Job instance at 0x7f14b2bed6e0>,1,15,[4 8],2,2,17,0,2
1,<environment.Job instance at 0x7f14b2bede10>,5,20,[11  2],6,15,35,9,6
1,<environment.Job instance at 0x7f14b2bedbe0>,6,15,[3 6],7,17,32,10,7
1,<environment.Job instance at 0x7f14b2bed690>,10,19,[5 5],11,35,54,24,26
1,<environment.Job instance at 0x7f14b2c8a0a0>,15,13,[4 8],16,38,51,22,38
1,<environment.Job instance at 0x7f14b2c8a500>,16,13,[5 8],17,51,64,34,42
1,<environment.Job instance at 0x7f14b2c8abe0>,21,15,[6 1],22,54,69,32,48
1,<environment.Job instance at 0x7f14b2bed3c0>,8,16,[2 6],9,56,72,47,56
1,<environment.Job instance at 0x7f14b2c8a550>,29,17,[6 2],30,64,81,34,56
1,<environment.Job instance at 0x7f14b2c8a410>,33,17,[4 6],34,69,86,35,57
1,<environment.Job instance at 0x7f14b2bec7d0>,42,17,[9 4],43,81,98,38,70
1,<environment.Job instance at 0x7f14b33815f0>,61,15,[5 5],62,86,101,24,72
1,<environment.Job instance at 0x7f14b2c8ae10>,24,15,[ 1 12],25,101,116,76,89
1,<environment.Job instance at 0x7f14b2bed460>,11,23,[13  1],12,101,124,89,95
1,<environment.Job instance at 0x7f14b31999b0>,88,14,[8 3],89,124,138,35,110
1,<environment.Job instance at 0x7f14b31800f0>,87,16,[5 4],88,124,140,36,111
1,<environment.Job instance at 0x7f14b2f41a00>,90,12,[14  1],91,140,152,49,123
1,<environment.Job instance at 0x7f14b3073dc0>,2,12,[7 2],3,3,15,0,3
1,<environment.Job instance at 0x7f14b2f407d0>,4,20,[3 8],5,5,25,0,5
1,<environment.Job instance at 0x7f14b397e0f0>,11,13,[4 9],12,25,38,13,14
1,<environment.Job instance at 0x7f14b35489b0>,15,14,[ 2 10],16,38,52,22,23
1,<environment.Job instance at 0x7f14b2ffbf50>,20,16,[5 9],21,52,68,31,39
1,<environment.Job instance at 0x7f14b31e1aa0>,23,21,[8 1],24,39,60,15,39
1,<environment.Job instance at 0x7f14b30639b0>,25,15,[8 4],26,60,75,34,46
1,<environment.Job instance at 0x7f14b3092320>,27,14,[6 4],28,68,82,40,53
1,<environment.Job instance at 0x7f14b302c190>,28,19,[1 7],29,68,87,39,58
1,<environment.Job instance at 0x7f14b2bedd70>,42,15,[5 8],43,82,97,39,68
1,<environment.Job instance at 0x7f14b2c02f50>,44,20,[10  4],45,87,107,42,80
1,<environment.Job instance at 0x7f14b2bc1a00>,45,16,[6 3],46,107,123,61,94
1,<environment.Job instance at 0x7f14b2bc1fa0>,46,14,[5 7],47,97,111,50,94
1,<environment.Job instance at 0x7f14b2bd7690>,47,18,[4 7],48,111,129,63,100
1,<environment.Job instance at 0x7f14bccb0c80>,56,16,[2 9],57,129,145,72,116
1,<environment.Job instance at 0x7f14bccb0140>,57,14,[5 6],58,123,137,65,116
1,<environment.Job instance at 0x7f14bccb0c30>,60,17,[8 1],61,137,154,76,125
1,<environment.Job instance at 0x7f14b2f04280>,0,19,[4 9],1,1,20,0,1
1,<environment.Job instance at 0x7f14b2f04e60>,1,12,[10  2],2,5,17,3,5
1,<environment.Job instance at 0x7f14b2f156e0>,6,18,[6 4],7,17,35,10,7
1,<environment.Job instance at 0x7f14b2eeb730>,11,16,[7 3],12,20,36,8,16
1,<environment.Job instance at 0x7f14b2eebeb0>,8,15,[13  2],9,36,51,27,22
1,<environment.Job instance at 0x7f14b2ee8280>,14,23,[1 6],15,22,45,7,22
1,<environment.Job instance at 0x7f14b2ee84b0>,15,17,[12  4],16,51,68,35,39
1,<environment.Job instance at 0x7f14b2ee8410>,16,12,[13  4],17,68,80,51,51
1,<environment.Job instance at 0x7f14b2ee8c30>,17,12,[14  3],18,80,92,62,63
1,<environment.Job instance at 0x7f14b2ee85f0>,18,15,[ 1 12],19,80,95,61,67
1,<environment.Job instance at 0x7f14b2ee82d0>,19,21,[ 5 14],20,95,116,75,87
1,<environment.Job instance at 0x7f14b2ee87d0>,21,15,[6 3],22,116,131,94,102
1,<environment.Job instance at 0x7f14b2ee8870>,23,18,[7 5],24,116,134,92,106
1,<environment.Job instance at 0x7f14b2ee8050>,20,16,[11  2],21,134,150,113,121
1,<environment.Job instance at 0x7f14b2b94dc0>,1,16,[9 2],2,2,18,0,2
1,<environment.Job instance at 0x7f14b2b94500>,4,21,[6 5],5,5,26,0,5
1,<environment.Job instance at 0x7f14b2b944b0>,7,13,[9 4],8,18,31,10,8
1,<environment.Job instance at 0x7f14b2b94280>,8,19,[ 5 10],9,26,45,17,16
1,<environment.Job instance at 0x7f14b2b94f50>,11,17,[4 5],12,31,48,19,19
1,<environment.Job instance at 0x7f14b2b915f0>,13,15,[4 9],14,45,60,31,31
1,<environment.Job instance at 0x7f14b2b91730>,18,17,[5 2],19,48,65,29,36
1,<environment.Job instance at 0x7f14b2b941e0>,9,15,[7 3],10,60,75,50,47
1,<environment.Job instance at 0x7f14b2b919b0>,20,15,[6 3],21,65,80,44,51
1,<environment.Job instance at 0x7f14b2b91550>,19,18,[1 9],20,60,78,40,51
1,<environment.Job instance at 0x7f14b2b915a0>,22,21,[9 5],23,78,99,55,70
1,<environment.Job instance at 0x7f14b2b8ed70>,26,14,[7 2],27,99,113,72,84
1,<environment.Job instance at 0x7f14b2b8e1e0>,31,13,[7 1],32,99,112,67,84
1,<environment.Job instance at 0x7f14b2b8ec80>,32,14,[3 6],33,84,98,51,84
1,<environment.Job instance at 0x7f14b2b8e820>,34,19,[6 1],35,112,131,77,102
1,<environment.Job instance at 0x7f14b2b8e910>,36,16,[5 8],37,113,129,76,102
1,<environment.Job instance at 0x7f14b2b8a140>,41,14,[6 1],42,129,143,87,114
1,<environment.Job instance at 0x7f14b2b8a320>,42,20,[6 3],43,131,151,88,122
1,<environment.Job instance at 0x7f14b3cd6820>,1,16,[5 1],2,2,18,0,2
1,<environment.Job instance at 0x7f14b333dc80>,4,18,[2 8],5,5,23,0,5
1,<environment.Job instance at 0x7f14b333d140>,0,14,[13  2],1,18,32,17,7
1,<environment.Job instance at 0x7f14b3335fa0>,9,17,[1 6],10,23,40,13,11
1,<environment.Job instance at 0x7f14b3f00370>,18,25,[1 5],19,23,48,4,19
1,<environment.Job instance at 0x7f14b3715aa0>,19,20,[3 8],20,40,60,20,31
1,<environment.Job instance at 0x7f14b2b8e280>,24,17,[10  5],25,48,65,23,36
1,<environment.Job instance at 0x7f14b2b8e370>,25,17,[3 6],26,60,77,34,48
1,<environment.Job instance at 0x7f14b2b8e050>,28,16,[1 5],29,65,81,36,52
1,<environment.Job instance at 0x7f14b3969fa0>,31,13,[9 3],32,65,78,33,52
1,<environment.Job instance at 0x7f14b3969e10>,33,15,[3 8],34,78,93,44,64
1,<environment.Job instance at 0x7f14b3969140>,34,13,[6 5],35,81,94,46,65
1,<environment.Job instance at 0x7f14b3334a50>,41,17,[9 2],42,93,110,51,81
1,<environment.Job instance at 0x7f14b3334960>,43,16,[ 3 10],44,94,110,50,81
1,<environment.Job instance at 0x7f14b379deb0>,49,14,[5 4],50,110,124,60,95
1,<environment.Job instance at 0x7f14b3d8f6e0>,52,18,[9 3],53,110,128,57,99
1,<environment.Job instance at 0x7f14b3d8f410>,60,13,[8 3],61,128,141,67,112
1,<environment.Job instance at 0x7f14b3d8f320>,70,13,[7 5],71,128,141,57,112
1,<environment.Job instance at 0x7f14b3d27690>,74,15,[4 6],75,141,156,66,127
1,<environment.Job instance at 0x7f14b2ed7be0>,1,14,[3 8],2,2,16,0,2
1,<environment.Job instance at 0x7f14b3d27870>,2,16,[6 5],3,3,19,0,3
1,<environment.Job instance at 0x7f14b3c209b0>,3,14,[5 4],4,16,30,12,4
1,<environment.Job instance at 0x7f14b39d3fa0>,9,16,[9 2],10,19,35,9,11
1,<environment.Job instance at 0x7f14b39d3140>,8,21,[1 7],9,19,40,10,17
1,<environment.Job instance at 0x7f14b3c380a0>,15,12,[6 4],16,35,47,19,18
1,<environment.Job instance at 0x7f14b3c38f00>,18,17,[9 2],19,40,57,21,32
1,<environment.Job instance at 0x7f14b3c2d5a0>,22,21,[2 5],23,47,68,24,39
1,<environment.Job instance at 0x7f14b2f5b8c0>,24,17,[3 9],25,57,74,32,45
1,<environment.Job instance at 0x7f14b3c38e10>,11,22,[8 3],12,68,90,56,61
1,<environment.Job instance at 0x7f14b3478a00>,31,17,[2 7],32,74,91,42,62
1,<environment.Job instance at 0x7f14b347d640>,33,17,[8 3],34,90,107,56,78
1,<environment.Job instance at 0x7f14b32cec80>,37,22,[7 2],38,91,113,53,84
1,<environment.Job instance at 0x7f14b32c1c80>,38,18,[5 9],39,107,125,68,96
1,<environment.Job instance at 0x7f14b32a0460>,40,14,[7 4],41,113,127,72,98
1,<environment.Job instance at 0x7f14b2df7f00>,47,21,[2 5],48,125,146,77,117
1,<environment.Job instance at 0x7f14b2df7a50>,48,19,[7 2],49,127,146,78,117
1,<environment.Job instance at 0x7f14b2cc3fa0>,0,21,[ 3 11],1,1,22,0,1
1,<environment.Job instance at 0x7f14b2cc3960>,3,15,[8 1],4,6,21,2,6
1,<environment.Job instance at 0x7f14b38766e0>,5,20,[ 2 11],6,22,42,16,14
1,<environment.Job instance at 0x7f14b3876870>,14,22,[11  1],15,21,43,6,15
1,<environment.Job instance at 0x7f14b2fc2320>,15,20,[1 8],16,42,62,26,33
1,<environment.Job instance at 0x7f14b3876c80>,16,18,[5 4],17,43,61,26,33
1,<environment.Job instance at 0x7f14b3876640>,17,17,[7 2],18,43,60,25,33
1,<environment.Job instance at 0x7f14b2df76e0>,1,14,[14  1],2,61,75,59,48
1,<environment.Job instance at 0x7f14b3510870>,19,13,[7 2],20,75,88,55,59
1,<environment.Job instance at 0x7f14b3510460>,20,14,[ 2 12],21,75,89,54,67
1,<environment.Job instance at 0x7f14b35106e0>,18,18,[ 4 10],19,89,107,70,78
1,<environment.Job instance at 0x7f14b38767d0>,13,19,[10  1],14,88,107,74,79
1,<environment.Job instance at 0x7f14b3510230>,23,15,[10  5],24,107,122,83,93
1,<environment.Job instance at 0x7f14b38769b0>,4,14,[5 7],5,107,121,102,93
1,<environment.Job instance at 0x7f14b35100a0>,26,16,[4 7],27,121,137,94,108
1,<environment.Job instance at 0x7f14b34e5d70>,27,12,[9 1],28,122,134,94,108
1,<environment.Job instance at 0x7f14b32a6230>,0,15,[5 6],1,1,16,0,1
1,<environment.Job instance at 0x7f14b34e5d70>,2,14,[12  4],3,16,30,13,4
1,<environment.Job instance at 0x7f14b412be10>,6,12,[ 5 13],7,30,42,23,13
1,<environment.Job instance at 0x7f14b412b6e0>,4,12,[12  1],5,42,54,37,25
1,<environment.Job instance at 0x7f14b330ebe0>,44,21,[5 8],45,54,75,9,46
1,<environment.Job instance at 0x7f14b38b1960>,48,16,[7 4],49,54,70,5,49
1,<environment.Job instance at 0x7f14b38c82d0>,60,13,[1 9],61,75,88,14,61
1,<environment.Job instance at 0x7f14b38c8820>,61,12,[5 2],62,70,82,8,63
1,<environment.Job instance at 0x7f14b38c8280>,68,16,[4 5],69,82,98,13,69
1,<environment.Job instance at 0x7f14b38c85a0>,62,18,[7 1],63,75,93,12,71
1,<environment.Job instance at 0x7f14b38c8230>,70,17,[6 3],71,93,110,22,81
1,<environment.Job instance at 0x7f14b38c8b40>,72,16,[9 3],73,98,114,25,85
1,<environment.Job instance at 0x7f14b38c7b90>,76,17,[4 7],77,110,127,33,98
1,<environment.Job instance at 0x7f14b38c79b0>,81,16,[2 7],82,114,130,32,101
1,<environment.Job instance at 0x7f14b38c7f00>,83,21,[2 6],84,127,148,43,119
1,<environment.Job instance at 0x7f14b412b870>,5,21,[12  3],6,130,151,124,122
1,<environment.Job instance at 0x7f14b2e5d8c0>,1,22,[5 2],2,2,24,0,2
1,<environment.Job instance at 0x7f14b2e5d280>,3,20,[6 2],4,4,24,0,4
1,<environment.Job instance at 0x7f14b372fe10>,5,15,[3 6],6,6,21,0,6
1,<environment.Job instance at 0x7f14b372f230>,6,13,[11  3],7,24,37,17,8
1,<environment.Job instance at 0x7f14b372f280>,13,15,[7 2],14,37,52,23,23
1,<environment.Job instance at 0x7f14b372f140>,8,14,[6 1],9,37,51,28,31
1,<environment.Job instance at 0x7f14b372f8c0>,11,18,[10  4],12,52,70,40,41
1,<environment.Job instance at 0x7f14b372fd70>,25,15,[6 5],26,70,85,44,56
1,<environment.Job instance at 0x7f14bc6a24b0>,30,17,[10  3],31,85,102,54,73
1,<environment.Job instance at 0x7f14bc6a2e60>,42,15,[4 7],43,82,97,39,82
1,<environment.Job instance at 0x7f14b3cdc5f0>,60,12,[9 5],61,102,114,41,85
1,<environment.Job instance at 0x7f14b3cdc190>,66,18,[10  3],67,114,132,47,103
1,<environment.Job instance at 0x7f14b336e280>,85,13,[5 7],86,107,120,21,107
1,<environment.Job instance at 0x7f14b336e5f0>,91,14,[7 4],92,132,146,40,117
1,<environment.Job instance at 0x7f14b336ea00>,94,16,[3 5],95,120,136,25,118
1,<environment.Job instance at 0x7f14b2bb60f0>,99,15,[7 2],100,136,151,36,122
1,<environment.Job instance at 0x7f14b3529960>,1,16,[5 1],2,2,18,0,2
1,<environment.Job instance at 0x7f14b2bb6870>,2,15,[9 3],3,3,18,0,3
1,<environment.Job instance at 0x7f14b2906280>,3,13,[11  2],4,18,31,14,8
1,<environment.Job instance at 0x7f14b2bb60f0>,4,21,[2 7],5,18,39,13,15
1,<environment.Job instance at 0x7f14b2906cd0>,10,12,[5 8],11,31,43,20,22
1,<environment.Job instance at 0x7f14b2906f50>,6,25,[5 3],7,39,64,32,35
1,<environment.Job instance at 0x7f14b28783c0>,12,27,[7 2],13,43,70,30,41
1,<environment.Job instance at 0x7f14b2878aa0>,13,12,[13  2],14,70,82,56,53
1,<environment.Job instance at 0x7f14b2878280>,14,21,[10  1],15,82,103,67,74
1,<environment.Job instance at 0x7f14b2878550>,15,12,[ 2 14],16,82,94,66,74
1,<environment.Job instance at 0x7f14b294a140>,16,17,[ 1 12],17,94,111,77,82
1,<environment.Job instance at 0x7f14b294ab40>,17,22,[13  4],18,111,133,93,104
1,<environment.Job instance at 0x7f14b294a870>,18,18,[ 5 12],19,133,151,114,122
1,<environment.Job instance at 0x7f14b2f08a50>,1,15,[14  4],2,2,17,0,2
1,<environment.Job instance at 0x7f14b3711a50>,8,17,[6 1],9,17,34,8,9
1,<environment.Job instance at 0x7f14b37119b0>,10,15,[8 2],11,17,32,6,11
1,<environment.Job instance at 0x7f14b2f08c30>,13,18,[6 1],14,32,50,18,21
1,<environment.Job instance at 0x7f14b37110a0>,16,12,[3 5],17,32,44,15,21
1,<environment.Job instance at 0x7f14b3711870>,18,14,[6 1],19,34,48,15,21
1,<environment.Job instance at 0x7f14b3711aa0>,21,14,[6 5],22,48,62,26,33
1,<environment.Job instance at 0x7f14b3711730>,15,13,[11  5],16,62,75,46,49
1,<environment.Job instance at 0x7f14b37114b0>,23,21,[3 7],24,49,70,25,49
1,<environment.Job instance at 0x7f14b3711320>,22,18,[11  5],23,75,93,52,64
1,<environment.Job instance at 0x7f14bc9004b0>,27,16,[8 2],28,93,109,65,80
1,<environment.Job instance at 0x7f14bc9007d0>,29,12,[7 5],30,93,105,63,80
1,<environment.Job instance at 0x7f14bc9002d0>,30,16,[6 3],31,105,121,74,92
1,<environment.Job instance at 0x7f14bc900be0>,33,19,[8 1],34,109,128,75,99
1,<environment.Job instance at 0x7f14b35e76e0>,36,15,[8 2],37,128,143,91,114
1,<environment.Job instance at 0x7f14b3f15550>,1,15,[11  4],2,2,17,0,2
1,<environment.Job instance at 0x7f14b35e76e0>,3,12,[5 9],4,17,29,13,5
1,<environment.Job instance at 0x7f14b2d48780>,7,20,[5 6],8,17,37,9,9
1,<environment.Job instance at 0x7f14b2d48e60>,10,12,[ 5 10],11,37,49,26,20
1,<environment.Job instance at 0x7f14b2d486e0>,8,12,[4 7],9,49,61,40,39
1,<environment.Job instance at 0x7f14b2d48d70>,11,20,[5 8],12,49,69,37,40
1,<environment.Job instance at 0x7f14b2d48230>,16,19,[2 8],17,69,88,52,59
1,<environment.Job instance at 0x7f14b2d488c0>,17,21,[3 8],18,88,109,70,80
1,<environment.Job instance at 0x7f14b3852690>,20,12,[2 5],21,80,92,59,80
1,<environment.Job instance at 0x7f14b2d48320>,21,13,[9 3],22,92,105,70,80
1,<environment.Job instance at 0x7f14b3951a50>,22,23,[5 2],23,105,128,82,99
1,<environment.Job instance at 0x7f14b3951550>,24,14,[8 5],25,109,123,84,99
1,<environment.Job instance at 0x7f14b39510f0>,27,13,[5 9],28,123,136,95,107
1,<environment.Job instance at 0x7f14b3951320>,30,13,[5 1],31,123,136,92,107
1,<environment.Job instance at 0x7f14b3951140>,34,21,[8 5],35,136,157,101,128
1,<environment.Job instance at 0x7f14b39513c0>,35,18,[1 8],36,136,154,100,128
1,<environment.Job instance at 0x7f14b33230f0>,39,13,[6 2],40,136,149,96,128
1,<environment.Job instance at 0x7f14b29e7d70>,1,15,[11  1],2,2,17,0,2
1,<environment.Job instance at 0x7f14b3cfefa0>,7,27,[ 1 11],8,8,35,0,8
1,<environment.Job instance at 0x7f14b29e7050>,5,22,[8 4],6,19,41,13,19
1,<environment.Job instance at 0x7f14b3cfe320>,9,22,[3 5],10,35,57,25,28
1,<environment.Job instance at 0x7f14b3cfe550>,12,18,[5 2],13,41,59,28,30
1,<environment.Job instance at 0x7f14b3cfe3c0>,6,15,[11  1],7,59,74,52,45
1,<environment.Job instance at 0x7f14b3cfe4b0>,14,12,[ 2 10],15,57,69,42,45
1,<environment.Job instance at 0x7f14b3cfe0f0>,15,12,[9 5],16,74,86,58,57
1,<environment.Job instance at 0x7f14b3cfe7d0>,13,16,[ 1 10],14,69,85,55,57
1,<environment.Job instance at 0x7f14b3cfe8c0>,8,27,[ 1 10],9,85,112,76,83
1,<environment.Job instance at 0x7f14b3cfebe0>,21,21,[9 1],22,86,107,64,84
1,<environment.Job instance at 0x7f14b3cfef50>,23,15,[8 1],24,107,122,83,93
1,<environment.Job instance at 0x7f14b2f470a0>,31,16,[4 7],32,112,128,80,99
1,<environment.Job instance at 0x7f14b2f475a0>,36,15,[7 3],37,122,137,85,108
1,<environment.Job instance at 0x7f14b2f47be0>,40,21,[7 3],41,128,149,87,120
1,<environment.Job instance at 0x7f14b38c9370>,44,19,[5 1],45,137,156,92,127
1,<environment.Job instance at 0x7f14b38c9190>,47,16,[ 3 10],48,137,153,89,127
1,<environment.Job instance at 0x7f14b298f2d0>,1,12,[4 5],2,2,14,0,2
1,<environment.Job instance at 0x7f14b2b66640>,2,15,[11  5],3,3,18,0,3
1,<environment.Job instance at 0x7f14b2b90b40>,8,14,[1 7],9,14,28,5,9
1,<environment.Job instance at 0x7f14b2b90e10>,13,14,[ 3 13],14,28,42,14,14
1,<environment.Job instance at 0x7f14b2b90230>,14,19,[5 3],15,42,61,27,32
1,<environment.Job instance at 0x7f14b2b908c0>,11,16,[4 8],12,42,58,30,36
1,<environment.Job instance at 0x7f14b2b90640>,16,15,[ 5 10],17,58,73,41,44
1,<environment.Job instance at 0x7f14b31fe2d0>,17,14,[5 6],18,73,87,55,59
1,<environment.Job instance at 0x7f14b31fe960>,20,13,[4 8],21,73,86,52,60
1,<environment.Job instance at 0x7f14b31fefa0>,23,13,[4 6],24,86,99,62,70
1,<environment.Job instance at 0x7f14b31feaf0>,26,13,[2 7],27,87,100,60,71
1,<environment.Job instance at 0x7f14b31feaa0>,29,19,[5 5],30,99,118,69,89
1,<environment.Job instance at 0x7f14b31fef50>,30,12,[9 4],31,100,112,69,89
1,<environment.Job instance at 0x7f14b31fe460>,36,15,[5 7],37,112,127,75,98
1,<environment.Job instance at 0x7f14b2b90690>,15,27,[ 4 11],16,127,154,111,125
1,<environment.Job instance at 0x7f14b2b95e10>,0,27,[ 4 12],1,1,28,0,1
1,<environment.Job instance at 0x7f14b34ca960>,7,15,[10  2],8,8,23,0,8
1,<environment.Job instance at 0x7f14b2f6ddc0>,12,15,[3 8],13,28,43,15,14
1,<environment.Job instance at 0x7f14b2f6d370>,19,14,[1 5],20,28,42,8,20
1,<environment.Job instance at 0x7f14b2f6d960>,20,19,[5 2],21,23,42,2,21
1,<environment.Job instance at 0x7f14b2f6d5f0>,21,28,[13  4],22,43,71,21,42
1,<environment.Job instance at 0x7f14b2f6d640>,16,13,[2 8],17,53,66,36,53
1,<environment.Job instance at 0x7f14b34e67d0>,37,12,[2 6],38,66,78,28,55
1,<environment.Job instance at 0x7f14b34e6410>,43,16,[5 6],44,71,87,27,58
1,<environment.Job instance at 0x7f14b33c2a00>,56,12,[8 2],57,71,83,14,58
1,<environment.Job instance at 0x7f14b33c2960>,57,21,[3 6],58,83,104,25,75
1,<environment.Job instance at 0x7f14b33c2d20>,61,16,[1 6],62,87,103,25,75
1,<environment.Job instance at 0x7f14b33c20a0>,62,18,[9 1],63,87,105,24,85
1,<environment.Job instance at 0x7f14b2f6df50>,22,15,[ 4 13],23,104,119,81,92
1,<environment.Job instance at 0x7f14b33c29b0>,63,18,[10  1],64,105,123,41,102
1,<environment.Job instance at 0x7f14b33c2550>,64,18,[ 1 11],65,119,137,54,109
1,<environment.Job instance at 0x7f14b2cdd5a0>,68,17,[12  2],69,123,140,54,111
1,<environment.Job instance at 0x7f14b2cdd320>,69,13,[ 2 12],70,137,150,67,121
1,<environment.Job instance at 0x7f14b2f12780>,0,22,[5 5],1,1,23,0,1
1,<environment.Job instance at 0x7f14b2cdd190>,1,15,[5 6],2,2,17,0,2
1,<environment.Job instance at 0x7f14b2f12e10>,6,18,[5 3],7,10,28,3,10
1,<environment.Job instance at 0x7f14b2f120f0>,9,12,[7 3],10,23,35,13,10
1,<environment.Job instance at 0x7f14b2cdd320>,3,19,[1 7],4,17,36,13,13
1,<environment.Job instance at 0x7f14b2eda230>,14,12,[1 6],15,35,47,20,21
1,<environment.Job instance at 0x7f14b2f12370>,8,18,[12  1],9,35,53,26,24
1,<environment.Job instance at 0x7f14b2edad70>,23,16,[7 3],24,53,69,29,40
1,<environment.Job instance at 0x7f14b2eda960>,24,25,[2 6],25,40,65,15,40
1,<environment.Job instance at 0x7f14b2eda730>,25,17,[8 3],26,65,82,39,53
1,<environment.Job instance at 0x7f14b2f82050>,26,22,[4 9],27,69,91,42,62
1,<environment.Job instance at 0x7f14b2f82eb0>,27,23,[ 1 12],28,91,114,63,85
1,<environment.Job instance at 0x7f14b2f82960>,28,14,[5 6],29,114,128,85,99
1,<environment.Job instance at 0x7f14b2f823c0>,29,21,[5 8],30,114,135,84,106
1,<environment.Job instance at 0x7f14b3ba7eb0>,0,23,[ 5 14],1,1,24,0,1
1,<environment.Job instance at 0x7f14b3531c30>,2,13,[14  3],3,24,37,21,8
1,<environment.Job instance at 0x7f14b3ba7050>,7,17,[1 9],8,24,41,16,12
1,<environment.Job instance at 0x7f14b3ba7230>,5,14,[10  1],6,37,51,31,22
1,<environment.Job instance at 0x7f14b3ba7460>,9,22,[5 1],10,41,63,31,36
1,<environment.Job instance at 0x7f14b3ba7820>,8,17,[7 2],9,51,68,42,39
1,<environment.Job instance at 0x7f14b3ba7320>,4,15,[1 6],5,51,66,46,50
1,<environment.Job instance at 0x7f14b2e84eb0>,11,18,[6 3],12,63,81,51,52
1,<environment.Job instance at 0x7f14b2e84d70>,15,16,[13  2],16,81,97,65,68
1,<environment.Job instance at 0x7f14b2e84820>,16,13,[5 5],17,68,81,51,68
1,<environment.Job instance at 0x7f14b2e84aa0>,18,12,[ 1 12],19,81,93,62,68
1,<environment.Job instance at 0x7f14b2e84910>,19,22,[12  4],20,97,119,77,90
1,<environment.Job instance at 0x7f14b2e84fa0>,21,18,[ 2 12],22,119,137,97,108
1,<environment.Job instance at 0x7f14b2d3ac80>,0,24,[3 9],1,2,26,1,2
1,<environment.Job instance at 0x7f14b3b72460>,1,22,[9 4],2,3,25,1,3
1,<environment.Job instance at 0x7f14b34089b0>,9,12,[4 6],10,25,37,15,10
1,<environment.Job instance at 0x7f14b34081e0>,10,16,[ 1 10],11,37,53,26,24
1,<environment.Job instance at 0x7f14b33d95a0>,14,25,[12  2],15,37,62,22,33
1,<environment.Job instance at 0x7f14b3408cd0>,13,14,[13  1],14,62,76,48,48
1,<environment.Job instance at 0x7f14b3408f50>,12,28,[ 1 13],13,53,81,40,52
1,<environment.Job instance at 0x7f14b33d9780>,17,13,[14  4],18,81,94,63,65
1,<environment.Job instance at 0x7f14b3408370>,11,15,[4 8],12,94,109,82,83
1,<environment.Job instance at 0x7f14b33d9af0>,18,19,[13  2],19,109,128,90,99
1,<environment.Job instance at 0x7f14b33d9cd0>,20,14,[1 8],21,109,123,88,99
1,<environment.Job instance at 0x7f14b33d9e60>,25,14,[6 2],26,128,142,102,113
1,<environment.Job instance at 0x7f14b2e9a910>,36,17,[7 4],37,128,145,91,116
1,<environment.Job instance at 0x7ff8dbd8f230>,0,13,[9 3],1,1,14,0,1
1,<environment.Job instance at 0x7ff8dbd8f320>,2,22,[4 8],3,3,25,0,3
1,<environment.Job instance at 0x7ff8d2617640>,4,21,[1 6],5,14,35,9,6
1,<environment.Job instance at 0x7ff8d2617550>,6,20,[6 1],7,14,34,7,14
1,<environment.Job instance at 0x7ff8d2617870>,14,13,[7 3],15,25,38,10,21
1,<environment.Job instance at 0x7ff8d261b370>,24,13,[ 3 14],25,38,51,13,25
1,<environment.Job instance at 0x7ff8d261b190>,23,18,[2 7],24,51,69,27,40
1,<environment.Job instance at 0x7ff8d2617820>,7,25,[6 2],8,51,76,43,47
1,<environment.Job instance at 0x7ff8d261ba50>,33,16,[2 8],34,69,85,35,56
1,<environment.Job instance at 0x7ff8d261bb90>,35,15,[9 5],36,76,91,40,62
1,<environment.Job instance at 0x7ff8d261b5a0>,42,20,[9 4],43,91,111,48,82
1,<environment.Job instance at 0x7ff8d261d230>,45,13,[6 5],46,85,98,39,82
1,<environment.Job instance at 0x7ff8d261d0a0>,47,20,[6 5],48,98,118,50,89
1,<environment.Job instance at 0x7ff8d261d5a0>,51,20,[5 3],52,111,131,59,102
1,<environment.Job instance at 0x7ff8d261d6e0>,53,17,[5 7],54,118,135,64,106
1,<environment.Job instance at 0x7ff8d261db90>,58,14,[2 7],59,131,145,72,116
1,<environment.Job instance at 0x7ff8d261dc30>,59,17,[1 6],60,135,152,75,123
1,<environment.Job instance at 0x7ff8d261deb0>,62,18,[5 3],63,145,163,82,134
1,<environment.Job instance at 0x7ff8d27654b0>,0,13,[7 4],1,1,14,0,1
1,<environment.Job instance at 0x7ff8d261dc80>,2,13,[12  5],3,14,27,11,4
1,<environment.Job instance at 0x7ff8d2765c80>,9,15,[10  4],10,27,42,17,13
1,<environment.Job instance at 0x7ff8d275e780>,16,14,[9 5],17,42,56,25,27
1,<environment.Job instance at 0x7ff8d275e500>,22,13,[3 8],23,27,40,4,27
1,<environment.Job instance at 0x7ff8d275e190>,23,13,[3 5],24,40,53,16,27
1,<environment.Job instance at 0x7ff8d275ef50>,26,20,[1 5],27,40,60,13,31
1,<environment.Job instance at 0x7ff8d20ef690>,37,17,[8 2],38,56,73,18,44
1,<environment.Job instance at 0x7ff8d20f3550>,39,16,[5 8],40,56,72,16,44
1,<environment.Job instance at 0x7ff8d1f6a460>,40,13,[8 5],41,73,86,32,57
1,<environment.Job instance at 0x7ff8d1f6a7d0>,41,14,[2 9],42,72,86,30,57
1,<environment.Job instance at 0x7ff8d202a500>,44,20,[5 2],45,86,106,41,77
1,<environment.Job instance at 0x7ff8d20d9eb0>,52,12,[1 7],53,86,98,33,77
1,<environment.Job instance at 0x7ff8d210bd70>,60,14,[2 7],61,98,112,37,83
1,<environment.Job instance at 0x7ff8d20bcd20>,65,16,[2 8],66,106,122,40,93
1,<environment.Job instance at 0x7ff8d21eef50>,72,13,[9 4],73,112,125,39,96
1,<environment.Job instance at 0x7ff8d210c960>,74,17,[3 8],75,122,139,47,110
1,<environment.Job instance at 0x7ff8d20e3050>,82,16,[3 8],83,139,155,56,126
1,<environment.Job instance at 0x7ff8d20e3aa0>,86,13,[6 3],87,126,139,39,126
1,<environment.Job instance at 0x7ff8d2129820>,87,13,[7 4],88,139,152,51,126
1,<environment.Job instance at 0x7ff8d1cbaa00>,0,13,[ 5 13],1,1,14,0,1
1,<environment.Job instance at 0x7ff8d1cba640>,1,15,[6 1],2,2,17,0,2
1,<environment.Job instance at 0x7ff8d1c80e60>,6,13,[2 5],7,14,27,7,7
1,<environment.Job instance at 0x7ff8d1c80d20>,9,17,[6 2],10,14,31,4,10
1,<environment.Job instance at 0x7ff8d1c80910>,10,17,[5 1],11,17,34,6,11
1,<environment.Job instance at 0x7ff8d1d045f0>,13,17,[4 6],14,27,44,13,22
1,<environment.Job instance at 0x7ff8d1d04280>,18,15,[8 2],19,34,49,15,25
1,<environment.Job instance at 0x7ff8d1c80c80>,11,25,[3 9],12,44,69,32,40
1,<environment.Job instance at 0x7ff8d1d045a0>,22,17,[9 4],23,49,66,26,40
1,<environment.Job instance at 0x7ff8d1d049b0>,23,13,[12  4],24,66,79,42,50
1,<environment.Job instance at 0x7ff8d1d04fa0>,27,22,[3 9],28,69,91,41,62
1,<environment.Job instance at 0x7ff8d1d04050>,28,16,[11  1],29,79,95,50,66
1,<environment.Job instance at 0x7ff8d1d044b0>,31,15,[ 2 11],32,91,106,59,77
1,<environment.Job instance at 0x7ff8d1d04aa0>,32,16,[11  1],33,95,111,62,82
1,<environment.Job instance at 0x7ff8d1ccf460>,41,15,[5 5],42,111,126,69,97
1,<environment.Job instance at 0x7ff8d28c8a00>,43,13,[4 8],44,106,119,62,106
1,<environment.Job instance at 0x7ff8d3244cd0>,44,20,[6 1],45,111,131,66,109
1,<environment.Job instance at 0x7ff8d1d040a0>,33,25,[2 8],34,119,144,85,117
1,<environment.Job instance at 0x7ff8d23d5500>,48,18,[ 2 14],49,144,162,95,135
1,<environment.Job instance at 0x7ff8d2a8d820>,49,24,[11  1],50,136,160,86,136
1,<environment.Job instance at 0x7ff8d20f3050>,0,22,[ 4 14],1,2,24,1,2
1,<environment.Job instance at 0x7ff8d1f3db40>,12,15,[5 8],13,24,39,11,13
1,<environment.Job instance at 0x7ff8d1f3d410>,16,14,[5 7],17,24,38,7,17
1,<environment.Job instance at 0x7ff8d2242d20>,17,18,[4 7],18,38,56,20,27
1,<environment.Job instance at 0x7ff8d1f3d460>,14,20,[10  4],15,40,60,25,40
1,<environment.Job instance at 0x7ff8d2115500>,26,16,[2 9],27,56,72,29,43
1,<environment.Job instance at 0x7ff8d1c8c9b0>,27,14,[5 6],28,60,74,32,45
1,<environment.Job instance at 0x7ff8d2129f50>,30,17,[8 1],31,72,89,41,60
1,<environment.Job instance at 0x7ff8d1c90550>,36,14,[ 4 10],37,74,88,37,60
1,<environment.Job instance at 0x7ff8d1ce3140>,38,12,[8 5],39,89,101,50,72
1,<environment.Job instance at 0x7ff8d22420a0>,18,14,[ 1 14],19,101,115,82,88
1,<environment.Job instance at 0x7ff8d1cbabe0>,40,18,[14  2],41,115,133,74,104
1,<environment.Job instance at 0x7ff8d20f3410>,15,16,[6 3],16,133,149,117,124
1,<environment.Job instance at 0x7ff8d1ce3640>,41,16,[ 5 11],42,133,149,91,125
1,<environment.Job instance at 0x7ff8d1d29d20>,43,16,[6 3],44,149,165,105,136
1,<environment.Job instance at 0x7ff8d314baa0>,3,14,[1 5],4,4,18,0,4
1,<environment.Job instance at 0x7ff8d314b320>,5,18,[1 7],6,6,24,0,6
1,<environment.Job instance at 0x7ff8d314b460>,7,14,[14  1],8,18,32,10,9
1,<environment.Job instance at 0x7ff8d314b5f0>,8,15,[1 6],9,24,39,15,11
1,<environment.Job instance at 0x7ff8d3153960>,12,12,[14  4],13,32,44,19,15
1,<environment.Job instance at 0x7ff8d3153730>,13,15,[7 4],14,44,59,30,33
1,<environment.Job instance at 0x7ff8d205ab90>,0,20,[2 9],1,44,64,43,35
1,<environment.Job instance at 0x7ff8d3153f00>,11,20,[10  5],12,59,79,47,50
1,<environment.Job instance at 0x7ff8d316beb0>,22,13,[5 5],23,64,77,41,50
1,<environment.Job instance at 0x7ff8d31490f0>,26,14,[6 4],27,79,93,52,64
1,<environment.Job instance at 0x7ff8d2a5baa0>,34,20,[3 8],35,77,97,42,69
1,<environment.Job instance at 0x7ff8d2a5b280>,35,17,[2 9],36,97,114,61,85
1,<environment.Job instance at 0x7ff8d314b140>,10,18,[11  5],11,93,111,82,86
1,<environment.Job instance at 0x7ff8d3153c80>,15,13,[1 7],16,114,127,98,98
1,<environment.Job instance at 0x7ff8d314bdc0>,9,14,[12  4],10,111,125,101,99
1,<environment.Job instance at 0x7ff8d2a5bb40>,37,13,[6 2],38,125,138,87,114
1,<environment.Job instance at 0x7ff8d2a5b5a0>,39,19,[9 4],40,127,146,87,117
1,<environment.Job instance at 0x7ff8d2a7f1e0>,48,17,[7 1],49,146,163,97,134
1,<environment.Job instance at 0x7ff8d234d140>,52,21,[6 4],53,138,159,85,134
1,<environment.Job instance at 0x7ff8d2059a50>,0,27,[ 3 14],1,1,28,0,1
1,<environment.Job instance at 0x7ff8d20590a0>,8,17,[5 5],9,28,45,19,16
1,<environment.Job instance at 0x7ff8d20597d0>,12,15,[9 3],13,28,43,15,16
1,<environment.Job instance at 0x7ff8d2059690>,9,13,[8 2],10,43,56,33,29
1,<environment.Job instance at 0x7ff8d20595f0>,13,16,[6 3],14,45,61,31,32
1,<environment.Job instance at 0x7ff8d2059d70>,14,12,[13  4],15,61,73,46,44
1,<environment.Job instance at 0x7ff8d2059eb0>,16,18,[10  2],17,73,91,56,62
1,<environment.Job instance at 0x7ff8d204ec80>,20,21,[5 2],21,73,94,52,65
1,<environment.Job instance at 0x7ff8d204e780>,25,12,[3 6],26,91,103,65,74
1,<environment.Job instance at 0x7ff8d204e820>,27,13,[7 4],28,91,104,63,75
1,<environment.Job instance at 0x7ff8d204e7d0>,30,15,[5 2],31,94,109,63,80
1,<environment.Job instance at 0x7ff8d204e460>,32,14,[7 1],33,104,118,71,89
1,<environment.Job instance at 0x7ff8d234d370>,1,20,[5 6],2,109,129,107,100
1,<environment.Job instance at 0x7ff8d2059f50>,5,16,[10  2],6,118,134,112,106
1,<environment.Job instance at 0x7ff8d204e190>,34,22,[9 4],35,134,156,99,128
1,<environment.Job instance at 0x7ff8d2a65d20>,37,14,[2 6],38,129,143,91,128
1,<environment.Job instance at 0x7ff8d2a657d0>,47,20,[3 7],48,143,163,95,134
1,<environment.Job instance at 0x7ff8d3169230>,0,13,[8 3],1,1,14,0,1
1,<environment.Job instance at 0x7ff8d3169fa0>,5,23,[1 5],6,6,29,0,6
1,<environment.Job instance at 0x7ff8d248cc30>,10,13,[7 5],11,14,27,3,11
1,<environment.Job instance at 0x7ff8d248cfa0>,14,15,[4 6],15,27,42,12,15
1,<environment.Job instance at 0x7ff8d248c500>,15,22,[7 1],16,16,38,0,16
1,<environment.Job instance at 0x7ff8d248ce60>,25,21,[6 5],26,38,59,12,30
1,<environment.Job instance at 0x7ff8d315ebe0>,37,19,[2 8],38,42,61,4,38
1,<environment.Job instance at 0x7ff8d315e230>,38,15,[1 9],39,61,76,22,47
1,<environment.Job instance at 0x7ff8d26edf00>,43,18,[1 8],44,76,94,32,65
1,<environment.Job instance at 0x7ff8d26ed6e0>,44,13,[4 7],45,76,89,31,65
1,<environment.Job instance at 0x7ff8d2b21960>,53,18,[5 8],54,94,112,40,83
1,<environment.Job instance at 0x7ff8d1bb5af0>,63,14,[7 2],64,89,103,25,83
1,<environment.Job instance at 0x7ff8d3135d70>,69,20,[5 6],70,103,123,33,94
1,<environment.Job instance at 0x7ff8d3135140>,71,14,[3 8],72,112,126,40,97
1,<environment.Job instance at 0x7ff8d31350a0>,72,16,[6 5],73,123,139,50,110
1,<environment.Job instance at 0x7ff8d3135190>,73,14,[5 4],74,126,140,52,111
1,<environment.Job instance at 0x7ff8d1bd60a0>,79,16,[9 2],80,139,155,59,126
1,<environment.Job instance at 0x7ff8d1fc60a0>,85,12,[6 4],86,140,152,54,126
1,<environment.Job instance at 0x7ff8d2131730>,0,14,[11  5],1,1,15,0,1
1,<environment.Job instance at 0x7ff8d2131140>,1,15,[7 3],2,15,30,13,3
1,<environment.Job instance at 0x7ff8d2e075f0>,5,14,[4 7],6,6,20,0,6
1,<environment.Job instance at 0x7ff8d2def6e0>,6,21,[2 8],7,20,41,13,12
1,<environment.Job instance at 0x7ff8d2defa00>,12,18,[5 4],13,20,38,7,13
1,<environment.Job instance at 0x7ff8d2defe60>,14,13,[1 6],15,38,51,23,22
1,<environment.Job instance at 0x7ff8d2e16690>,16,22,[2 6],17,41,63,24,34
1,<environment.Job instance at 0x7ff8d2e16730>,18,17,[7 4],19,51,68,32,39
1,<environment.Job instance at 0x7ff8d2e10190>,20,19,[6 2],21,41,60,20,39
1,<environment.Job instance at 0x7ff8d2e169b0>,15,21,[ 3 10],16,63,84,47,56
1,<environment.Job instance at 0x7ff8d2a70280>,3,19,[11  1],4,68,87,64,67
1,<environment.Job instance at 0x7ff8d2e05230>,25,16,[4 9],26,84,100,58,71
1,<environment.Job instance at 0x7ff8d2e051e0>,27,12,[4 5],28,87,99,59,71
1,<environment.Job instance at 0x7ff8d2e05690>,24,21,[9 1],25,99,120,74,91
1,<environment.Job instance at 0x7ff8d2def370>,11,21,[ 4 12],12,100,121,88,93
1,<environment.Job instance at 0x7ff8d25d10f0>,35,19,[7 5],36,121,140,85,111
1,<environment.Job instance at 0x7ff8d1f2f500>,36,16,[8 4],37,121,137,84,111
1,<environment.Job instance at 0x7ff8d1f25f00>,42,20,[5 8],43,137,157,94,128
1,<environment.Job instance at 0x7ff8d1f2a5a0>,47,14,[9 5],48,140,154,92,128
1,<environment.Job instance at 0x7ff8d21c8c80>,0,13,[9 1],1,1,14,0,1
1,<environment.Job instance at 0x7ff8d21bd910>,5,12,[3 5],6,6,18,0,6
1,<environment.Job instance at 0x7ff8d2e19500>,2,17,[14  2],3,18,35,15,10
1,<environment.Job instance at 0x7ff8d21bdc30>,11,12,[12  5],12,35,47,23,18
1,<environment.Job instance at 0x7ff8d21bd1e0>,16,12,[3 6],17,35,47,18,18
1,<environment.Job instance at 0x7ff8d21bd500>,26,17,[5 5],27,47,64,20,35
1,<environment.Job instance at 0x7ff8d2dade60>,27,14,[9 5],28,47,61,19,35
1,<environment.Job instance at 0x7ff8d2dad0a0>,32,14,[6 3],33,61,75,28,46
1,<environment.Job instance at 0x7ff8d2dad320>,44,18,[9 3],45,64,82,19,57
1,<environment.Job instance at 0x7ff8d2d14a00>,50,15,[5 6],51,75,90,24,63
1,<environment.Job instance at 0x7ff8d2ce4a00>,67,20,[6 4],68,82,102,14,73
1,<environment.Job instance at 0x7ff8d2ce4dc0>,70,17,[2 9],71,90,107,19,81
1,<environment.Job instance at 0x7ff8d2ceb460>,78,18,[5 2],79,90,108,11,81
1,<environment.Job instance at 0x7ff8d21bd190>,17,14,[12  5],18,108,122,90,93
1,<environment.Job instance at 0x7ff8d2d02cd0>,90,16,[ 1 10],91,107,123,16,95
1,<environment.Job instance at 0x7ff8d205e4b0>,98,16,[7 4],99,122,138,23,111
1,<environment.Job instance at 0x7ff8d266f7d0>,118,16,[4 5],119,123,139,4,120
1,<environment.Job instance at 0x7ff8d266f8c0>,120,17,[6 3],121,138,155,17,126
1,<environment.Job instance at 0x7ff8d266fcd0>,122,16,[9 3],123,139,155,16,129
1,<environment.Job instance at 0x7ff8d21c3aa0>,0,18,[3 9],1,1,19,0,1
1,<environment.Job instance at 0x7ff8d20e2b40>,2,23,[6 1],3,3,26,0,3
1,<environment.Job instance at 0x7ff8d21c3c80>,1,14,[ 3 13],2,19,33,17,4
1,<environment.Job instance at 0x7ff8d2dd80a0>,4,12,[5 1],5,5,17,0,5
1,<environment.Job instance at 0x7ff8d2dd8fa0>,9,12,[ 1 13],10,33,45,23,16
1,<environment.Job instance at 0x7ff8d2dd8280>,7,14,[1 9],8,45,59,37,31
1,<environment.Job instance at 0x7ff8d2dd8dc0>,10,26,[ 2 10],11,59,85,48,56
1,<environment.Job instance at 0x7ff8d2dd85a0>,12,12,[1 6],13,85,97,72,68
1,<environment.Job instance at 0x7ff8d2dd85f0>,13,17,[5 5],14,68,85,54,68
1,<environment.Job instance at 0x7ff8d2dd8960>,11,18,[10  5],12,85,103,73,77
1,<environment.Job instance at 0x7ff8d20ee3c0>,14,16,[ 3 12],15,103,119,88,91
1,<environment.Job instance at 0x7ff8d20eea50>,17,15,[11  1],18,103,118,85,91
1,<environment.Job instance at 0x7ff8d20eebe0>,16,19,[6 2],17,118,137,101,108
1,<environment.Job instance at 0x7ff8d2dd8af0>,6,12,[4 8],7,119,131,112,111
1,<environment.Job instance at 0x7ff8d20ee4b0>,19,14,[9 3],20,131,145,111,116
1,<environment.Job instance at 0x7ff8d20ee7d0>,21,13,[7 2],22,145,158,123,129
1,<environment.Job instance at 0x7ff8d20ee730>,22,12,[5 2],23,137,149,114,129
1,<environment.Job instance at 0x7ff8d20eed70>,20,12,[ 3 11],21,145,157,124,129
1,<environment.Job instance at 0x7ff8d20eefa0>,2,17,[3 9],3,3,20,0,3
1,<environment.Job instance at 0x7ff8d2aa5be0>,8,17,[8 5],9,9,26,0,9
1,<environment.Job instance at 0x7ff8d2aa58c0>,11,12,[13  1],12,26,38,14,14
1,<environment.Job instance at 0x7ff8d2aa57d0>,16,13,[4 5],17,38,51,21,22
1,<environment.Job instance at 0x7ff8d2aa55f0>,18,19,[5 5],19,38,57,19,29
1,<environment.Job instance at 0x7ff8d2aa5aa0>,20,14,[9 2],21,51,65,30,37
1,<environment.Job instance at 0x7ff8d2aa5230>,15,12,[3 7],16,57,69,41,40
1,<environment.Job instance at 0x7ff8d2aa5730>,21,15,[3 7],22,65,80,43,51
1,<environment.Job instance at 0x7ff8d21bcbe0>,24,18,[3 6],25,69,87,44,58
1,<environment.Job instance at 0x7ff8d21bc1e0>,25,20,[2 9],26,80,100,54,72
1,<environment.Job instance at 0x7ff8d2aa50f0>,17,26,[13  1],18,87,113,69,85
1,<environment.Job instance at 0x7ff8d21bce60>,27,15,[1 6],28,100,115,72,86
1,<environment.Job instance at 0x7ff8d21bcdc0>,26,15,[4 9],27,113,128,86,99
1,<environment.Job instance at 0x7ff8d21bc320>,31,16,[5 1],32,115,131,83,102
1,<environment.Job instance at 0x7ff8d21bc960>,32,15,[9 3],33,128,143,95,114
1,<environment.Job instance at 0x7ff8d21bc730>,34,21,[2 7],35,131,152,96,123
1,<environment.Job instance at 0x7ff8d21bc780>,37,17,[7 1],38,143,160,105,132
1,<environment.Job instance at 0x7ff8d21bca50>,40,12,[5 8],41,152,164,111,135
1,<environment.Job instance at 0x7ff8d1cc45a0>,1,19,[4 6],2,2,21,0,2
1,<environment.Job instance at 0x7ff8d1a990a0>,3,17,[2 8],4,4,21,0,4
1,<environment.Job instance at 0x7ff8d1a99af0>,5,13,[11  2],6,21,34,15,7
1,<environment.Job instance at 0x7ff8d1a99aa0>,8,14,[1 7],9,21,35,12,11
1,<environment.Job instance at 0x7ff8d1a99b90>,9,19,[4 5],10,34,53,24,24
1,<environment.Job instance at 0x7ff8d1a998c0>,13,13,[9 1],14,34,47,20,24
1,<environment.Job instance at 0x7ff8d1a99190>,0,18,[1 7],1,35,53,34,24
1,<environment.Job instance at 0x7ff8d1a993c0>,12,21,[2 8],13,53,74,40,45
1,<environment.Job instance at 0x7ff8d1a99640>,16,23,[1 5],17,53,76,36,47
1,<environment.Job instance at 0x7ff8d1a99690>,18,22,[9 1],19,49,71,30,49
1,<environment.Job instance at 0x7ff8d1a994b0>,20,18,[8 2],21,71,89,50,60
1,<environment.Job instance at 0x7ff8d1a76af0>,28,17,[6 1],29,74,91,45,62
1,<environment.Job instance at 0x7ff8d1a76cd0>,30,15,[8 2],31,89,104,58,75
1,<environment.Job instance at 0x7ff8d1a76b90>,33,18,[6 1],34,91,109,57,80
1,<environment.Job instance at 0x7ff8d1a764b0>,36,12,[3 5],37,104,116,67,87
1,<environment.Job instance at 0x7ff8d1a76dc0>,38,14,[6 1],39,104,118,65,89
1,<environment.Job instance at 0x7ff8d1a768c0>,41,14,[6 5],42,109,123,67,94
1,<environment.Job instance at 0x7ff8d1a765a0>,42,18,[11  5],43,123,141,80,112
1,<environment.Job instance at 0x7ff8d1a76fa0>,43,21,[3 7],44,116,137,72,112
1,<environment.Job instance at 0x7ff8d233c9b0>,47,16,[8 2],48,141,157,93,128
1,<environment.Job instance at 0x7ff8d1a96460>,49,12,[7 5],50,141,153,91,128
1,<environment.Job instance at 0x7ff8d26a8410>,0,26,[5 7],1,3,29,2,3
1,<environment.Job instance at 0x7ff8d1a96460>,3,14,[1 7],4,4,18,0,4
1,<environment.Job instance at 0x7ff8d26a8d20>,7,15,[1 7],8,18,33,10,8
1,<environment.Job instance at 0x7ff8d26a83c0>,13,12,[5 9],14,33,45,19,16
1,<environment.Job instance at 0x7ff8d2ce45f0>,17,20,[5 6],18,29,49,11,20
1,<environment.Job instance at 0x7ff8d2ce48c0>,18,12,[4 7],19,45,57,26,28
1,<environment.Job instance at 0x7ff8d26a82d0>,11,15,[11  4],12,49,64,37,38
1,<environment.Job instance at 0x7ff8d2ce4870>,20,12,[ 5 10],21,64,76,43,47
1,<environment.Job instance at 0x7ff8d2ce4230>,22,21,[2 8],23,76,97,53,68
1,<environment.Job instance at 0x7ff8d2ce4820>,26,19,[2 8],27,97,116,70,87
1,<environment.Job instance at 0x7ff8d2ce4690>,27,21,[3 8],28,116,137,88,108
1,<environment.Job instance at 0x7ff8d2ce4730>,30,12,[2 5],31,108,120,77,108
1,<environment.Job instance at 0x7ff8d28171e0>,31,13,[9 3],32,120,133,88,108
1,<environment.Job instance at 0x7ff8d2817b40>,34,14,[8 5],35,133,147,98,118
1,<environment.Job instance at 0x7ff8d2817f50>,37,13,[5 9],38,137,150,99,121
1,<environment.Job instance at 0x7ff8d1be49b0>,53,18,[6 3],54,147,165,93,136
1,<environment.Job instance at 0x7ff8d1be4050>,56,16,[2 6],57,150,166,93,137
1,<environment.Job instance at 0x7ff8d1be4640>,58,17,[5 5],59,150,167,91,138
1,<environment.Job instance at 0x7ff8d1d9eb90>,1,15,[11  1],2,2,17,0,2
1,<environment.Job instance at 0x7ff8d21c9140>,7,27,[ 1 11],8,8,35,0,8
1,<environment.Job instance at 0x7ff8d1be4640>,5,22,[8 4],6,20,42,14,20
1,<environment.Job instance at 0x7ff8d21c9870>,9,22,[3 5],10,35,57,25,28
1,<environment.Job instance at 0x7ff8d21c95a0>,6,15,[11  1],7,42,57,35,32
1,<environment.Job instance at 0x7ff8d2771910>,12,18,[5 2],13,57,75,44,46
1,<environment.Job instance at 0x7ff8d2771d70>,14,12,[ 2 10],15,57,69,42,46
1,<environment.Job instance at 0x7ff8d2771f00>,15,12,[9 5],16,69,81,53,52
1,<environment.Job instance at 0x7ff8d2771be0>,16,21,[3 7],17,75,96,58,67
1,<environment.Job instance at 0x7ff8d2771cd0>,21,21,[9 1],22,81,102,59,74
1,<environment.Job instance at 0x7ff8d2771690>,23,15,[8 1],24,102,117,78,88
1,<environment.Job instance at 0x7ff8d30a21e0>,31,16,[4 7],32,96,112,64,88
1,<environment.Job instance at 0x7ff8d30a2f00>,36,15,[7 3],37,112,127,75,98
1,<environment.Job instance at 0x7ff8d30a2a50>,40,21,[7 3],41,117,138,76,109
1,<environment.Job instance at 0x7ff8d2771af0>,13,16,[ 1 10],14,127,143,113,114
1,<environment.Job instance at 0x7ff8d30a2b40>,45,12,[13  4],46,138,150,92,121
1,<environment.Job instance at 0x7ff8d2a61500>,48,13,[8 2],49,150,163,101,134
1,<environment.Job instance at 0x7ff8d30a00a0>,1,16,[4 8],2,2,18,0,2
1,<environment.Job instance at 0x7ff8d30a09b0>,2,22,[1 6],3,3,25,0,3
1,<environment.Job instance at 0x7ff8d2ccfd20>,7,14,[5 6],8,18,32,10,10
1,<environment.Job instance at 0x7ff8d30a0460>,4,19,[5 3],5,18,37,13,10
1,<environment.Job instance at 0x7ff8d2ccf230>,10,13,[4 8],11,32,45,21,18
1,<environment.Job instance at 0x7ff8d2ccf0a0>,13,13,[4 6],14,37,50,23,29
1,<environment.Job instance at 0x7ff8d2ccf910>,11,12,[ 5 12],12,50,62,38,33
1,<environment.Job instance at 0x7ff8d1eba410>,17,14,[9 3],18,45,59,27,39
1,<environment.Job instance at 0x7ff8d2ccfaa0>,16,13,[2 7],17,62,75,45,46
1,<environment.Job instance at 0x7ff8d1eba960>,19,19,[5 5],20,62,81,42,52
1,<environment.Job instance at 0x7ff8d1eba140>,18,24,[5 3],19,59,83,40,55
1,<environment.Job instance at 0x7ff8d1eba780>,20,12,[9 4],21,81,93,60,64
1,<environment.Job instance at 0x7ff8d1eba690>,26,15,[5 7],27,83,98,56,70
1,<environment.Job instance at 0x7ff8d1eba7d0>,30,14,[4 9],31,98,112,67,83
1,<environment.Job instance at 0x7ff8d1ebafa0>,32,13,[ 3 10],33,112,125,79,96
1,<environment.Job instance at 0x7ff8d20b57d0>,36,18,[8 2],37,96,114,59,96
1,<environment.Job instance at 0x7ff8d20b5870>,38,17,[5 4],39,114,131,75,102
1,<environment.Job instance at 0x7ff8d20b5780>,41,21,[3 7],42,125,146,83,117
1,<environment.Job instance at 0x7ff8d20b58c0>,43,18,[10  1],44,131,149,87,120
1,<environment.Job instance at 0x7ff8d20b5d20>,44,12,[3 7],45,146,158,101,129
1,<environment.Job instance at 0x7ff8d270fd70>,0,19,[5 2],1,1,20,0,1
1,<environment.Job instance at 0x7ff8d1be95f0>,6,20,[5 1],7,7,27,0,7
1,<environment.Job instance at 0x7ff8d1be9d70>,9,23,[2 8],10,10,33,0,10
1,<environment.Job instance at 0x7ff8d1be93c0>,13,22,[5 5],14,20,42,6,14
1,<environment.Job instance at 0x7ff8d1be90f0>,17,12,[2 6],18,33,45,15,18
1,<environment.Job instance at 0x7ff8d28a9050>,23,16,[5 6],24,42,58,18,29
1,<environment.Job instance at 0x7ff8d1b25410>,36,12,[8 2],37,37,49,0,37
1,<environment.Job instance at 0x7ff8d1b25c80>,37,21,[3 6],38,49,70,11,41
1,<environment.Job instance at 0x7ff8d1b25820>,40,12,[10  3],41,58,70,17,41
1,<environment.Job instance at 0x7ff8d1b25d20>,41,16,[1 6],42,58,74,16,46
1,<environment.Job instance at 0x7ff8d1b25500>,42,18,[9 1],43,70,88,27,59
1,<environment.Job instance at 0x7ff8d1b252d0>,43,18,[10  1],44,88,106,44,77
1,<environment.Job instance at 0x7ff8d28a91e0>,25,16,[13  4],26,106,122,80,93
1,<environment.Job instance at 0x7ff8d1b250a0>,48,17,[12  2],49,122,139,73,111
1,<environment.Job instance at 0x7ff8d1b25190>,49,13,[ 2 12],50,122,135,72,111
1,<environment.Job instance at 0x7ff8d1b25050>,50,17,[ 1 13],51,135,152,84,125
1,<environment.Job instance at 0x7ff8d1be95a0>,24,13,[11  2],25,139,152,114,125
1,<environment.Job instance at 0x7ff8d19d1be0>,0,28,[ 4 10],1,1,29,0,1
1,<environment.Job instance at 0x7ff8d19d18c0>,1,25,[5 3],2,2,27,0,2
1,<environment.Job instance at 0x7ff8d3021b90>,5,15,[ 2 13],6,29,44,23,15
1,<environment.Job instance at 0x7ff8d3021230>,15,16,[ 5 10],16,44,60,28,31
1,<environment.Job instance at 0x7ff8d30214b0>,16,13,[10  3],17,44,57,27,31
1,<environment.Job instance at 0x7ff8d3021500>,17,18,[10  5],18,57,75,39,46
1,<environment.Job instance at 0x7ff8d2b1daf0>,26,14,[6 4],27,75,89,48,60
1,<environment.Job instance at 0x7ff8d2b1deb0>,27,14,[3 7],28,60,74,32,60
1,<environment.Job instance at 0x7ff8d2b1df50>,29,15,[2 8],30,74,89,44,60
1,<environment.Job instance at 0x7ff8d2b1d960>,31,12,[7 5],32,89,101,57,72
1,<environment.Job instance at 0x7ff8d2b1d140>,33,16,[5 3],34,75,91,41,72
1,<environment.Job instance at 0x7ff8d2b1d5a0>,38,16,[5 9],39,91,107,52,78
1,<environment.Job instance at 0x7ff8d2c8e500>,45,16,[4 6],46,101,117,55,88
1,<environment.Job instance at 0x7ff8d2c8ee60>,50,17,[10  2],51,107,124,56,95
1,<environment.Job instance at 0x7ff8d1bd5d20>,53,18,[3 8],54,117,135,63,106
1,<environment.Job instance at 0x7ff8d1bd5410>,54,22,[7 4],55,124,146,69,117
1,<environment.Job instance at 0x7ff8d1bd5820>,63,21,[9 3],64,146,167,82,138
1,<environment.Job instance at 0x7ff8d1bd5690>,68,19,[3 9],69,138,157,69,138
1,<environment.Job instance at 0x7ff8d2d97550>,0,13,[ 1 14],1,1,14,0,1
1,<environment.Job instance at 0x7ff8d2671a50>,17,28,[ 3 13],18,18,46,0,18
1,<environment.Job instance at 0x7ff8d2671c30>,6,14,[12  1],7,25,39,18,25
1,<environment.Job instance at 0x7ff8d26710a0>,16,22,[10  2],17,39,61,22,33
1,<environment.Job instance at 0x7ff8d2671960>,15,20,[8 4],16,61,81,45,52
1,<environment.Job instance at 0x7ff8d2650370>,31,18,[ 4 10],32,61,79,29,61
1,<environment.Job instance at 0x7ff8d26815a0>,32,15,[3 5],33,79,94,46,65
1,<environment.Job instance at 0x7ff8d2d63050>,41,20,[8 5],42,81,101,39,74
1,<environment.Job instance at 0x7ff8d280e230>,42,17,[3 5],43,79,96,36,74
1,<environment.Job instance at 0x7ff8d287d230>,62,19,[6 5],63,96,115,33,86
1,<environment.Job instance at 0x7ff8d287dc80>,67,19,[9 5],68,101,120,33,92
1,<environment.Job instance at 0x7ff8d265f640>,82,21,[5 7],83,115,136,32,109
1,<environment.Job instance at 0x7ff8d265fe10>,84,17,[8 5],85,120,137,35,109
1,<environment.Job instance at 0x7ff8d1bab550>,92,20,[7 3],93,136,156,43,127
1,<environment.Job instance at 0x7ff8d26719b0>,20,18,[ 3 12],21,137,155,116,127
1,<environment.Job instance at 0x7ff8d1978be0>,2,16,[3 6],3,3,19,0,3
1,<environment.Job instance at 0x7ff8d1e4b050>,10,13,[11  5],11,11,24,0,11
1,<environment.Job instance at 0x7ff8d1e4beb0>,11,12,[11  2],12,24,36,12,12
1,<environment.Job instance at 0x7ff8d1e4ba00>,14,12,[2 7],15,19,31,4,15
1,<environment.Job instance at 0x7ff8d1e4b5a0>,19,25,[5 2],20,36,61,16,32
1,<environment.Job instance at 0x7ff8d1e4b460>,20,15,[2 6],21,32,47,11,32
1,<environment.Job instance at 0x7ff8d1e4b550>,17,18,[6 5],18,36,54,18,32
1,<environment.Job instance at 0x7ff8d32169b0>,26,14,[7 2],27,54,68,27,41
1,<environment.Job instance at 0x7ff8d3216d20>,29,12,[3 5],30,47,59,17,41
1,<environment.Job instance at 0x7ff8d1e4b140>,15,12,[5 6],16,61,73,45,44
1,<environment.Job instance at 0x7ff8d2951dc0>,42,13,[ 1 12],43,73,86,30,57
1,<environment.Job instance at 0x7ff8d29511e0>,41,18,[2 6],42,86,104,44,75
1,<environment.Job instance at 0x7ff8d29517d0>,45,18,[3 8],46,86,104,40,75
1,<environment.Job instance at 0x7ff8d29514b0>,47,15,[10  3],48,104,119,56,90
1,<environment.Job instance at 0x7ff8d2951fa0>,48,20,[5 6],49,104,124,55,95
1,<environment.Job instance at 0x7ff8d29510f0>,52,13,[2 5],53,119,132,66,103
1,<environment.Job instance at 0x7ff8d2951cd0>,53,16,[ 4 10],54,124,140,70,111
1,<environment.Job instance at 0x7ff8d2951e10>,55,12,[1 7],56,140,152,84,123
1,<environment.Job instance at 0x7ff8d2951d20>,56,16,[8 1],57,132,148,75,123
1,<environment.Job instance at 0x7ff8d2951b40>,57,14,[9 3],58,148,162,90,133
1,<environment.Job instance at 0x7ff8d1e59960>,2,20,[2 7],3,3,23,0,3
1,<environment.Job instance at 0x7ff8d1d6f550>,4,13,[3 5],5,5,18,0,5
1,<environment.Job instance at 0x7ff8d1d6f460>,5,19,[4 8],6,18,37,12,8
1,<environment.Job instance at 0x7ff8d1d6f8c0>,9,18,[3 6],10,23,41,13,12
1,<environment.Job instance at 0x7ff8d1d6fb40>,14,21,[4 9],15,37,58,22,30
1,<environment.Job instance at 0x7ff8d1d560f0>,23,21,[5 6],24,41,62,17,35
1,<environment.Job instance at 0x7ff8d1d6fd70>,16,20,[ 2 12],17,62,82,45,53
1,<environment.Job instance at 0x7ff8d1d56320>,25,16,[14  3],26,82,98,56,69
1,<environment.Job instance at 0x7ff8d1d6f960>,12,13,[2 9],13,98,111,85,82
1,<environment.Job instance at 0x7ff8d1d56410>,26,21,[8 2],27,98,119,71,90
1,<environment.Job instance at 0x7ff8d1d56500>,28,14,[3 8],29,111,125,82,96
1,<environment.Job instance at 0x7ff8d1d56550>,29,12,[11  2],30,119,131,89,102
1,<environment.Job instance at 0x7ff8d1d56690>,30,18,[ 2 12],31,125,143,94,114
1,<environment.Job instance at 0x7ff8d1d56370>,31,14,[ 4 11],32,143,157,111,128
1,<environment.Job instance at 0x7f62bd8fa230>,0,13,[9 3],1,1,14,0,1
1,<environment.Job instance at 0x7f62bd8fa320>,2,22,[4 8],3,3,25,0,3
1,<environment.Job instance at 0x7f62b4182640>,4,21,[1 6],5,14,35,9,6
1,<environment.Job instance at 0x7f62b4182550>,6,20,[6 1],7,14,34,7,14
1,<environment.Job instance at 0x7f62b4182870>,14,13,[7 3],15,25,38,10,15
1,<environment.Job instance at 0x7f62b4182f50>,19,14,[ 3 11],20,35,49,15,20
1,<environment.Job instance at 0x7f62b41852d0>,22,13,[13  1],23,49,62,26,34
1,<environment.Job instance at 0x7f62b41854b0>,33,16,[2 8],34,49,65,15,45
1,<environment.Job instance at 0x7f62b4185370>,24,13,[ 3 14],25,65,78,40,49
1,<environment.Job instance at 0x7f62b4185b40>,36,13,[ 3 14],37,78,91,41,62
1,<environment.Job instance at 0x7f62b4185aa0>,35,15,[9 5],36,91,106,55,79
1,<environment.Job instance at 0x7f62b4185eb0>,40,15,[10  3],41,106,121,65,92
1,<environment.Job instance at 0x7f62b4185cd0>,37,28,[ 2 12],38,106,134,68,105
1,<environment.Job instance at 0x7f62b4185fa0>,43,13,[13  1],44,121,134,77,105
1,<environment.Job instance at 0x7f62b4187190>,44,24,[ 1 13],45,134,158,89,129
1,<environment.Job instance at 0x7f62b4187370>,45,13,[6 5],46,158,171,112,142
1,<environment.Job instance at 0x7f62b3c22050>,0,14,[1 8],1,1,15,0,1
1,<environment.Job instance at 0x7f62b4187370>,2,14,[14  4],3,3,17,0,3
1,<environment.Job instance at 0x7f62b42cfe10>,6,14,[9 5],7,17,31,10,7
1,<environment.Job instance at 0x7f62b42cff00>,9,15,[1 7],10,15,30,5,11
1,<environment.Job instance at 0x7f62b41fb3c0>,12,13,[3 8],13,30,43,17,14
1,<environment.Job instance at 0x7f62b41fbfa0>,16,20,[1 5],17,31,51,14,22
1,<environment.Job instance at 0x7f62b384b820>,27,17,[8 2],28,31,48,3,28
1,<environment.Job instance at 0x7f62b3c94b90>,29,16,[5 8],30,43,59,13,30
1,<environment.Job instance at 0x7f62b42cfdc0>,13,13,[3 5],14,51,64,37,35
1,<environment.Job instance at 0x7f62b3c94320>,30,13,[8 5],31,59,72,28,43
1,<environment.Job instance at 0x7f62b3c97cd0>,34,20,[5 2],35,64,84,29,55
1,<environment.Job instance at 0x7f62b3c481e0>,42,12,[1 7],43,64,76,21,55
1,<environment.Job instance at 0x7f62b3c8e4b0>,48,12,[10  5],49,76,88,27,59
1,<environment.Job instance at 0x7f62b3c8e5a0>,50,14,[2 7],51,84,98,33,69
1,<environment.Job instance at 0x7f62b3c784b0>,55,16,[2 8],56,88,104,32,75
1,<environment.Job instance at 0x7f62b3c36e10>,62,13,[9 4],63,98,111,35,82
1,<environment.Job instance at 0x7f62b3c36550>,64,17,[3 8],65,104,121,39,92
1,<environment.Job instance at 0x7f62b3c84730>,70,14,[6 1],71,111,125,40,96
1,<environment.Job instance at 0x7f62b383af00>,72,16,[3 8],73,121,137,48,108
1,<environment.Job instance at 0x7f62b3c2fb90>,76,13,[6 3],77,111,124,34,108
1,<environment.Job instance at 0x7f62b3c2f5f0>,77,13,[7 4],78,125,138,47,109
1,<environment.Job instance at 0x7f62b3c2faf0>,79,20,[1 7],80,137,157,57,128
1,<environment.Job instance at 0x7f62b3c77140>,87,16,[2 8],88,138,154,50,128
1,<environment.Job instance at 0x7f62b3c9a7d0>,94,16,[7 4],95,154,170,59,141
1,<environment.Job instance at 0x7f62b3cb4cd0>,102,14,[5 5],103,157,171,54,142
1,<environment.Job instance at 0x7f62b386d7d0>,2,17,[9 4],3,3,20,0,3
1,<environment.Job instance at 0x7f62b386d500>,7,22,[3 9],8,8,30,0,8
1,<environment.Job instance at 0x7f62b386d050>,8,16,[11  1],9,20,36,11,9
1,<environment.Job instance at 0x7f62b3895190>,21,15,[5 5],22,36,51,14,22
1,<environment.Job instance at 0x7f62b38958c0>,23,13,[4 8],24,30,43,6,25
1,<environment.Job instance at 0x7f62b386daa0>,24,20,[6 1],25,36,56,11,27
1,<environment.Job instance at 0x7f62b3895280>,27,21,[5 9],28,51,72,23,43
1,<environment.Job instance at 0x7f62b3895320>,40,13,[1 6],41,56,69,15,43
1,<environment.Job instance at 0x7f62b386d5f0>,12,16,[11  1],13,72,88,59,60
1,<environment.Job instance at 0x7f62b386ddc0>,9,14,[14  2],10,88,102,78,74
1,<environment.Job instance at 0x7f62b38ac320>,48,14,[8 3],49,102,116,53,87
1,<environment.Job instance at 0x7f62b38acc80>,50,12,[14  1],51,116,128,65,99
1,<environment.Job instance at 0x7f62b38acd70>,47,16,[5 4],48,128,144,80,116
1,<environment.Job instance at 0x7f62b38ac640>,46,20,[5 7],47,128,148,81,119
1,<environment.Job instance at 0x7f62b38aca50>,54,15,[5 5],55,144,159,89,130
1,<environment.Job instance at 0x7f62b41af500>,56,16,[3 9],57,148,164,91,135
1,<environment.Job instance at 0x7f62b3f92960>,58,12,[ 5 10],59,164,176,105,147
1,<environment.Job instance at 0x7f62b3c94c30>,6,14,[ 4 10],7,7,21,0,7
1,<environment.Job instance at 0x7f62b3c94820>,8,12,[8 5],9,9,21,0,9
1,<environment.Job instance at 0x7f62b3c94aa0>,9,21,[9 2],10,21,42,11,13
1,<environment.Job instance at 0x7f62b3c94fa0>,13,16,[6 3],14,21,37,7,14
1,<environment.Job instance at 0x7f62b3e07690>,23,22,[1 6],24,37,59,13,30
1,<environment.Job instance at 0x7f62b3e07c30>,19,19,[7 4],20,42,61,22,32
1,<environment.Job instance at 0x7f62b3e07cd0>,25,22,[8 2],26,59,81,33,56
1,<environment.Job instance at 0x7f62b3e07aa0>,22,25,[ 1 13],23,61,86,38,57
1,<environment.Job instance at 0x7f62b3c394b0>,35,13,[6 4],36,86,99,50,71
1,<environment.Job instance at 0x7f62b3e5da50>,36,14,[10  3],37,99,113,62,85
1,<environment.Job instance at 0x7f62b3e5da00>,38,19,[1 5],39,102,121,63,102
1,<environment.Job instance at 0x7f62b39011e0>,33,24,[11  3],34,113,137,79,108
1,<environment.Job instance at 0x7f62b3e0fc80>,39,18,[2 9],40,121,139,81,120
1,<environment.Job instance at 0x7f62b380a820>,41,13,[6 5],42,137,150,95,121
1,<environment.Job instance at 0x7f62b3cddc30>,43,14,[4 5],44,139,153,95,124
1,<environment.Job instance at 0x7f62b3848d20>,47,15,[9 5],48,150,165,102,136
1,<environment.Job instance at 0x7f62b3893cd0>,49,17,[1 7],50,153,170,103,143
1,<environment.Job instance at 0x7f62b3893f50>,50,15,[5 1],51,153,168,102,143
1,<environment.Job instance at 0x7f62b3ea0e60>,1,18,[6 1],2,2,20,0,2
1,<environment.Job instance at 0x7f62b3ea0320>,2,19,[1 7],3,3,22,0,3
1,<environment.Job instance at 0x7f62b3fecaf0>,8,17,[7 1],9,9,26,0,9
1,<environment.Job instance at 0x7f62b40174b0>,10,14,[12  4],11,26,40,15,11
1,<environment.Job instance at 0x7f62b4017960>,17,16,[ 4 10],18,40,56,22,27
1,<environment.Job instance at 0x7f62b4017460>,19,17,[5 5],20,40,57,20,28
1,<environment.Job instance at 0x7f62b4017b40>,21,15,[9 4],22,56,71,34,42
1,<environment.Job instance at 0x7f62b4017d70>,23,13,[1 5],24,56,69,32,42
1,<environment.Job instance at 0x7f62b40192d0>,27,20,[7 1],28,71,91,43,62
1,<environment.Job instance at 0x7f62b4019870>,29,16,[4 9],30,69,85,39,63
1,<environment.Job instance at 0x7f62b4019410>,30,18,[ 2 10],31,85,103,54,75
1,<environment.Job instance at 0x7f62b40024b0>,33,14,[6 5],34,91,105,57,76
1,<environment.Job instance at 0x7f62b4002d20>,35,15,[10  3],36,105,120,69,91
1,<environment.Job instance at 0x7f62b40026e0>,38,13,[9 4],39,120,133,81,104
1,<environment.Job instance at 0x7f62b4ca6870>,41,15,[4 5],42,104,119,62,104
1,<environment.Job instance at 0x7f62b45c06e0>,43,21,[1 6],44,105,126,61,104
1,<environment.Job instance at 0x7f62b3eb70a0>,46,16,[4 5],47,119,135,72,106
1,<environment.Job instance at 0x7f62b4869140>,49,16,[ 5 10],50,133,149,83,120
1,<environment.Job instance at 0x7f62b3eb7870>,50,18,[7 3],51,135,153,84,124
1,<environment.Job instance at 0x7f62b37a6820>,51,16,[9 2],52,153,169,101,140
1,<environment.Job instance at 0x7f62b3772910>,54,21,[6 5],55,149,170,94,141
1,<environment.Job instance at 0x7f62b3772730>,2,14,[14  1],3,6,20,3,6
1,<environment.Job instance at 0x7f62b37675a0>,5,13,[ 2 10],6,20,33,14,6
1,<environment.Job instance at 0x7f62b376a0a0>,0,18,[1 5],1,6,24,5,6
1,<environment.Job instance at 0x7f62b3767280>,9,22,[5 7],10,33,55,23,26
1,<environment.Job instance at 0x7f62b3767550>,12,12,[8 4],13,26,38,13,26
1,<environment.Job instance at 0x7f62b37a2690>,14,13,[5 4],15,38,51,23,26
1,<environment.Job instance at 0x7f62b37a2550>,15,14,[8 5],16,51,65,35,36
1,<environment.Job instance at 0x7f62b37a25f0>,18,15,[7 2],19,55,70,36,41
1,<environment.Job instance at 0x7f62b37a2140>,21,16,[4 6],22,65,81,43,52
1,<environment.Job instance at 0x7f62b37a2cd0>,28,13,[5 3],29,70,83,41,54
1,<environment.Job instance at 0x7f62b37a2e60>,29,16,[ 3 10],30,81,97,51,68
1,<environment.Job instance at 0x7f62b37a26e0>,31,16,[5 1],32,70,86,38,68
1,<environment.Job instance at 0x7f62b3764f00>,34,18,[2 8],35,97,115,62,86
1,<environment.Job instance at 0x7f62b3764550>,36,19,[11  5],37,86,105,49,86
1,<environment.Job instance at 0x7f62b37645a0>,38,23,[3 7],39,105,128,66,99
1,<environment.Job instance at 0x7f62b37645f0>,39,17,[1 6],40,115,132,75,103
1,<environment.Job instance at 0x7f62b37646e0>,40,21,[1 8],41,128,149,87,120
1,<environment.Job instance at 0x7f62b3764d70>,43,20,[11  5],44,132,152,88,123
1,<environment.Job instance at 0x7f62b375f910>,49,20,[3 8],50,149,169,99,140
1,<environment.Job instance at 0x7f62b375f370>,52,23,[10  4],53,152,175,99,146
1,<environment.Job instance at 0x7f62b3baabe0>,3,14,[7 2],4,4,18,0,4
1,<environment.Job instance at 0x7f62b3fea500>,6,12,[6 1],7,7,19,0,7
1,<environment.Job instance at 0x7f62b3fea5f0>,9,20,[5 6],10,18,38,8,10
1,<environment.Job instance at 0x7f62b3fea1e0>,10,15,[10  1],11,19,34,8,11
1,<environment.Job instance at 0x7f62bd34a410>,14,12,[ 3 12],15,38,50,23,21
1,<environment.Job instance at 0x7f62bd34a690>,15,12,[11  4],16,50,62,34,33
1,<environment.Job instance at 0x7f62b375fd70>,12,16,[6 5],13,62,78,49,49
1,<environment.Job instance at 0x7f62bd34a7d0>,11,14,[3 8],12,59,73,47,59
1,<environment.Job instance at 0x7f62b3ff60a0>,58,19,[7 2],59,73,92,14,64
1,<environment.Job instance at 0x7f62bd34ab40>,13,14,[5 4],14,78,92,64,64
1,<environment.Job instance at 0x7f62b3ff64b0>,60,14,[2 7],61,73,87,12,64
1,<environment.Job instance at 0x7f62b3ff6640>,62,14,[5 5],63,92,106,29,77
1,<environment.Job instance at 0x7f62b3ff6a00>,65,16,[6 1],66,92,108,26,79
1,<environment.Job instance at 0x7f62b3ff6230>,68,18,[1 5],69,87,105,18,79
1,<environment.Job instance at 0x7f62b3ff6e60>,71,16,[10  2],72,108,124,36,97
1,<environment.Job instance at 0x7f62b3722820>,35,26,[3 9],36,105,131,69,103
1,<environment.Job instance at 0x7f62b3ff6910>,76,18,[6 2],77,124,142,47,113
1,<environment.Job instance at 0x7f62b3ff6140>,75,13,[9 5],76,131,144,55,115
1,<environment.Job instance at 0x7f62b457fe60>,78,13,[7 5],79,144,157,65,128
1,<environment.Job instance at 0x7f62b457fe10>,81,15,[7 3],82,144,159,62,130
1,<environment.Job instance at 0x7f62b457fb40>,85,14,[4 7],86,157,171,71,142
1,<environment.Job instance at 0x7f62b3e2ec80>,3,19,[10  1],4,4,23,0,4
1,<environment.Job instance at 0x7f62b3e2e960>,5,20,[1 8],6,6,26,0,6
1,<environment.Job instance at 0x7f62b47ef730>,9,13,[7 2],10,23,36,13,10
1,<environment.Job instance at 0x7f62b457fb40>,7,17,[7 2],8,23,40,15,11
1,<environment.Job instance at 0x7f62b3e555a0>,13,15,[10  5],14,40,55,26,26
1,<environment.Job instance at 0x7f62b3e55cd0>,15,22,[3 8],16,36,58,20,29
1,<environment.Job instance at 0x7f62b3e55f50>,16,16,[4 7],17,55,71,38,42
1,<environment.Job instance at 0x7f62b3e55c30>,17,12,[9 1],18,58,70,40,42
1,<environment.Job instance at 0x7f62b3e55140>,21,14,[2 9],22,71,85,49,56
1,<environment.Job instance at 0x7f62b3e55050>,24,15,[3 5],25,70,85,45,56
1,<environment.Job instance at 0x7f62b4910550>,31,14,[5 7],32,85,99,53,70
1,<environment.Job instance at 0x7f62b49103c0>,32,16,[4 6],33,85,101,52,72
1,<environment.Job instance at 0x7f62b4910820>,33,13,[8 1],34,72,85,38,72
1,<environment.Job instance at 0x7f62b4cc3050>,35,16,[ 3 10],36,101,117,65,88
1,<environment.Job instance at 0x7f62b4cc3b40>,37,18,[8 3],38,99,117,61,88
1,<environment.Job instance at 0x7f62b3e24550>,42,12,[2 5],43,117,129,74,100
1,<environment.Job instance at 0x7f62b3e5ecd0>,10,14,[ 2 12],11,129,143,118,114
1,<environment.Job instance at 0x7f62b41cf870>,43,20,[9 2],44,117,137,73,116
1,<environment.Job instance at 0x7f62b41d23c0>,47,22,[2 8],48,143,165,95,136
1,<environment.Job instance at 0x7f62b41d2190>,49,20,[4 6],50,143,163,93,136
1,<environment.Job instance at 0x7f62b41e3eb0>,53,14,[10  4],54,163,177,109,148
1,<environment.Job instance at 0x7f62b405f4b0>,0,27,[5 2],1,1,28,0,1
1,<environment.Job instance at 0x7f62b405f410>,1,12,[ 3 13],2,2,14,0,2
1,<environment.Job instance at 0x7f62b405f7d0>,5,14,[3 9],6,14,28,8,6
1,<environment.Job instance at 0x7f62b405fd20>,8,12,[ 1 12],9,28,40,19,11
1,<environment.Job instance at 0x7f62b405f5a0>,7,17,[4 7],8,40,57,32,28
1,<environment.Job instance at 0x7f62b3d14280>,13,13,[9 2],14,28,41,14,28
1,<environment.Job instance at 0x7f62b3d14410>,14,21,[5 8],15,41,62,26,36
1,<environment.Job instance at 0x7f62b3d14500>,18,16,[7 4],19,57,73,38,44
1,<environment.Job instance at 0x7f62b3d148c0>,22,15,[1 7],23,62,77,39,48
1,<environment.Job instance at 0x7f62b47ef9b0>,30,13,[1 9],31,77,90,46,61
1,<environment.Job instance at 0x7f62b47ef960>,31,12,[5 2],32,62,74,30,61
1,<environment.Job instance at 0x7f62b47efdc0>,32,18,[7 1],33,73,91,40,62
1,<environment.Job instance at 0x7f62b47efaa0>,38,16,[4 5],39,74,90,35,62
1,<environment.Job instance at 0x7f62b4c98d70>,40,17,[6 3],41,90,107,49,78
1,<environment.Job instance at 0x7f62b405ff00>,10,16,[ 1 10],11,90,106,79,78
1,<environment.Job instance at 0x7f62b4c98960>,42,16,[9 3],43,106,122,63,94
1,<environment.Job instance at 0x7f62b405fc30>,9,19,[5 8],10,107,126,97,101
1,<environment.Job instance at 0x7f62b405ff50>,6,12,[10  1],7,122,134,115,105
1,<environment.Job instance at 0x7f62b4c988c0>,51,16,[2 7],52,126,142,74,114
1,<environment.Job instance at 0x7f62b4cc3c30>,60,18,[3 9],61,142,160,81,131
1,<environment.Job instance at 0x7f62b4cc35f0>,71,18,[10  5],72,134,152,62,131
1,<environment.Job instance at 0x7f62b4cac690>,73,17,[5 5],74,152,169,78,140
1,<environment.Job instance at 0x7f62b44f9f50>,10,12,[9 5],11,11,23,0,11
1,<environment.Job instance at 0x7f62b44f9190>,11,23,[3 9],12,12,35,0,12
1,<environment.Job instance at 0x7f62b44f9370>,12,12,[9 4],13,23,35,10,13
1,<environment.Job instance at 0x7f62b44f9410>,18,20,[6 2],19,35,55,16,26
1,<environment.Job instance at 0x7f62b4c97c30>,0,27,[2 5],1,35,62,34,35
1,<environment.Job instance at 0x7f62b44f9910>,13,21,[1 8],14,35,56,21,35
1,<environment.Job instance at 0x7f62b4bb4730>,19,12,[10  2],20,55,67,35,38
1,<environment.Job instance at 0x7f62b44f9730>,17,13,[3 7],18,56,69,38,40
1,<environment.Job instance at 0x7f62b44f9960>,16,18,[10  3],17,67,85,50,56
1,<environment.Job instance at 0x7f62b4bb4f50>,20,23,[5 9],21,69,92,48,63
1,<environment.Job instance at 0x7f62b491b8c0>,33,20,[7 1],34,85,105,51,76
1,<environment.Job instance at 0x7f62b491a550>,34,19,[ 4 11],35,92,111,57,82
1,<environment.Job instance at 0x7f62b48a4960>,35,13,[5 7],36,111,124,75,95
1,<environment.Job instance at 0x7f62b3f40640>,41,14,[7 4],42,105,119,63,95
1,<environment.Job instance at 0x7f62b3f403c0>,42,14,[ 5 11],43,124,138,81,109
1,<environment.Job instance at 0x7f62b48b0b40>,40,12,[1 8],41,138,150,97,124
1,<environment.Job instance at 0x7f62b48a04b0>,44,16,[3 5],45,138,154,93,125
1,<environment.Job instance at 0x7f62b425a5f0>,49,15,[7 2],50,130,145,80,130
1,<environment.Job instance at 0x7f62b45339b0>,50,16,[10  4],51,150,166,99,137
1,<environment.Job instance at 0x7f62b48b0dc0>,43,15,[2 7],44,154,169,110,142
1,<environment.Job instance at 0x7f62b3826d20>,1,14,[12  5],2,2,16,0,2
1,<environment.Job instance at 0x7f62b3fed4b0>,5,14,[3 5],6,7,21,1,7
1,<environment.Job instance at 0x7f62b3fed780>,10,12,[3 5],11,16,28,5,11
1,<environment.Job instance at 0x7f62b3fed820>,9,22,[10  1],10,21,43,11,18
1,<environment.Job instance at 0x7f62b3fed2d0>,14,15,[ 1 10],15,28,43,13,18
1,<environment.Job instance at 0x7f62b3fedb40>,15,15,[7 1],16,43,58,27,29
1,<environment.Job instance at 0x7f62b3fedc80>,16,16,[8 4],17,43,59,26,30
1,<environment.Job instance at 0x7f62b3fed230>,17,17,[5 5],18,58,75,40,46
1,<environment.Job instance at 0x7f62b3fed640>,22,18,[2 5],23,58,76,35,47
1,<environment.Job instance at 0x7f62b3fed910>,24,15,[2 5],25,59,74,34,47
1,<environment.Job instance at 0x7f62b3fedaf0>,25,15,[7 2],26,74,89,48,60
1,<environment.Job instance at 0x7f62b3fedd70>,26,19,[10  4],27,89,108,62,79
1,<environment.Job instance at 0x7f62b416c0a0>,29,21,[1 9],30,79,100,49,79
1,<environment.Job instance at 0x7f62b416c410>,30,14,[2 9],31,100,114,69,85
1,<environment.Job instance at 0x7f62b416c910>,38,19,[2 6],39,108,127,69,98
1,<environment.Job instance at 0x7f62b416ce60>,40,18,[1 7],41,114,132,73,103
1,<environment.Job instance at 0x7f62b416c280>,41,19,[4 6],42,127,146,85,117
1,<environment.Job instance at 0x7f62b416c730>,43,17,[2 8],44,132,149,88,120
1,<environment.Job instance at 0x7f62b416cb40>,47,15,[9 5],48,146,161,98,132
1,<environment.Job instance at 0x7f62b416ca00>,48,14,[1 7],49,149,163,100,134
1,<environment.Job instance at 0x7f62b4237cd0>,1,12,[10  3],2,2,14,0,2
1,<environment.Job instance at 0x7f62b4237c80>,2,13,[5 1],3,3,16,0,3
1,<environment.Job instance at 0x7f62b416ca00>,4,13,[9 5],5,14,27,9,5
1,<environment.Job instance at 0x7f62b45579b0>,7,18,[5 3],8,16,34,8,8
1,<environment.Job instance at 0x7f62b4557b40>,8,15,[9 3],9,27,42,18,13
1,<environment.Job instance at 0x7f62b45577d0>,17,14,[1 8],18,27,41,9,18
1,<environment.Job instance at 0x7f62b441ae60>,24,21,[1 9],25,41,62,16,33
1,<environment.Job instance at 0x7f62b441a280>,27,22,[9 3],28,42,64,14,35
1,<environment.Job instance at 0x7f62b441a500>,33,14,[1 7],34,62,76,28,47
1,<environment.Job instance at 0x7f62b441a190>,34,18,[5 9],35,76,94,41,65
1,<environment.Job instance at 0x7f62b441ab40>,37,15,[1 7],38,94,109,56,80
1,<environment.Job instance at 0x7f62b444b280>,38,18,[5 6],39,80,98,41,80
1,<environment.Job instance at 0x7f62b444bdc0>,43,12,[5 9],44,109,121,65,92
1,<environment.Job instance at 0x7f62b444b780>,47,20,[5 6],48,98,118,50,92
1,<environment.Job instance at 0x7f62b444ba50>,48,12,[4 7],49,121,133,72,104
1,<environment.Job instance at 0x7f62b444b640>,51,20,[5 8],52,121,141,69,112
1,<environment.Job instance at 0x7f62b444b370>,52,21,[2 8],53,141,162,88,133
1,<environment.Job instance at 0x7f62b4afdbe0>,0,27,[ 4 10],1,1,28,0,1
1,<environment.Job instance at 0x7f62b4afd820>,6,13,[11  3],7,7,20,0,7
1,<environment.Job instance at 0x7f62b4afdc30>,11,12,[ 5 13],12,28,40,16,12
1,<environment.Job instance at 0x7f62b4afde60>,8,24,[1 7],9,40,64,31,36
1,<environment.Job instance at 0x7f62b4afddc0>,12,28,[13  2],13,40,68,27,39
1,<environment.Job instance at 0x7f62b4a7be10>,17,16,[2 7],18,64,80,46,51
1,<environment.Job instance at 0x7f62b4a7b730>,24,18,[5 3],25,68,86,43,57
1,<environment.Job instance at 0x7f62b4a7bb90>,25,22,[8 4],26,71,93,45,71
1,<environment.Job instance at 0x7f62b4a7b190>,29,22,[3 5],30,86,108,56,79
1,<environment.Job instance at 0x7f62bd2ead20>,32,18,[5 2],33,93,111,60,82
1,<environment.Job instance at 0x7f62bd2ea550>,34,12,[ 2 10],35,108,120,73,92
1,<environment.Job instance at 0x7f62bd2ea690>,35,12,[9 5],36,111,123,75,94
1,<environment.Job instance at 0x7f62bd2eabe0>,36,21,[3 7],37,120,141,83,112
1,<environment.Job instance at 0x7f62b4a7b6e0>,16,22,[10  2],17,123,145,106,116
1,<environment.Job instance at 0x7f62bd2eaa00>,42,22,[ 2 12],43,141,163,98,134
1,<environment.Job instance at 0x7f62bd2ea370>,43,15,[8 1],44,145,160,101,134
1,<environment.Job instance at 0x7f62b39327d0>,1,12,[4 5],2,2,14,0,2
1,<environment.Job instance at 0x7f62bd2ea050>,2,15,[11  5],3,3,18,0,3
1,<environment.Job instance at 0x7f62b4d5df50>,8,14,[1 7],9,14,28,5,9
1,<environment.Job instance at 0x7f62b4d5d0a0>,13,14,[ 3 13],14,28,42,14,14
1,<environment.Job instance at 0x7f62b4d5d190>,9,15,[5 9],10,42,57,32,28
1,<environment.Job instance at 0x7f62b4d5d820>,14,19,[5 3],15,42,61,27,41
1,<environment.Job instance at 0x7f62b4d5d960>,17,14,[5 6],18,57,71,39,42
1,<environment.Job instance at 0x7f62b4d5d0f0>,16,15,[ 5 10],17,71,86,54,58
1,<environment.Job instance at 0x7f62b4d5d050>,11,16,[4 8],12,86,102,74,73
1,<environment.Job instance at 0x7f62b4d5d460>,20,13,[4 8],21,102,115,81,86
1,<environment.Job instance at 0x7f62b35e0eb0>,23,13,[4 6],24,86,99,62,86
1,<environment.Job instance at 0x7f62b35e0f00>,26,13,[2 7],27,99,112,72,86
1,<environment.Job instance at 0x7f62b35e0050>,27,14,[9 3],28,112,126,84,97
1,<environment.Job instance at 0x7f62b35e0320>,29,19,[5 5],30,115,134,85,105
1,<environment.Job instance at 0x7f62b35e0e60>,30,12,[9 4],31,126,138,95,109
1,<environment.Job instance at 0x7f62b4d5d230>,12,22,[1 6],13,115,137,102,109
1,<environment.Job instance at 0x7f62b35e0c30>,36,15,[5 7],37,137,152,100,123
1,<environment.Job instance at 0x7f62b35e0a00>,40,14,[4 9],41,152,166,111,137
1,<environment.Job instance at 0x7f62b3dd8460>,46,18,[8 2],47,144,162,97,144
1,<environment.Job instance at 0x7f62b48b80a0>,0,19,[5 2],1,1,20,0,1
1,<environment.Job instance at 0x7f62b48b8370>,6,20,[5 1],7,7,27,0,7
1,<environment.Job instance at 0x7f62b48b8af0>,8,23,[7 4],9,20,43,11,15
1,<environment.Job instance at 0x7f62bd7f4870>,17,12,[2 6],18,18,30,0,18
1,<environment.Job instance at 0x7f62bd7f4640>,24,13,[11  2],25,43,56,18,27
1,<environment.Job instance at 0x7f62bd7f4e10>,23,16,[5 6],24,56,72,32,43
1,<environment.Job instance at 0x7f62b4b4f820>,37,21,[3 6],38,55,76,17,55
1,<environment.Job instance at 0x7f62b4b4f780>,41,16,[1 6],42,72,88,30,59
1,<environment.Job instance at 0x7f62b37a5f50>,42,18,[9 1],43,72,90,29,61
1,<environment.Job instance at 0x7f62bd7f47d0>,22,13,[13  1],23,90,103,67,76
1,<environment.Job instance at 0x7f62b37a5e60>,47,21,[6 2],48,103,124,55,95
1,<environment.Job instance at 0x7f62b37a5be0>,52,19,[8 2],53,103,122,50,95
1,<environment.Job instance at 0x7f62b37a5c30>,53,14,[5 6],54,122,136,68,107
1,<environment.Job instance at 0x7f62b37a5960>,58,16,[10  1],59,124,140,65,111
1,<environment.Job instance at 0x7f62b3e3d820>,60,19,[6 4],61,140,159,79,130
1,<environment.Job instance at 0x7f62b3e3da00>,63,14,[10  5],64,159,173,95,144
1,<environment.Job instance at 0x7f62b3e3d730>,2,16,[ 2 10],3,3,19,0,3
1,<environment.Job instance at 0x7f62b36960a0>,5,16,[ 5 10],6,19,35,13,6
1,<environment.Job instance at 0x7f62b3696cd0>,6,13,[10  3],7,7,20,0,7
1,<environment.Job instance at 0x7f62b3696e10>,7,18,[10  5],8,20,38,12,9
1,<environment.Job instance at 0x7f62b369be10>,17,14,[3 7],18,35,49,17,20
1,<environment.Job instance at 0x7f62b369bcd0>,14,12,[6 1],15,38,50,23,21
1,<environment.Job instance at 0x7f62b369baa0>,16,14,[6 4],17,38,52,21,30
1,<environment.Job instance at 0x7f62b3696b40>,15,12,[1 8],16,49,61,33,35
1,<environment.Job instance at 0x7f62b369bfa0>,21,12,[7 5],22,52,64,30,35
1,<environment.Job instance at 0x7f62b369b910>,23,16,[5 3],24,61,77,37,48
1,<environment.Job instance at 0x7f62b369b2d0>,20,17,[13  1],21,77,94,56,65
1,<environment.Job instance at 0x7f62b369bf00>,19,15,[2 8],20,65,80,45,65
1,<environment.Job instance at 0x7f62b369b370>,28,16,[5 9],29,94,110,65,81
1,<environment.Job instance at 0x7f62b4575a50>,35,16,[4 6],36,94,110,58,81
1,<environment.Job instance at 0x7f62b45755a0>,40,17,[10  2],41,110,127,69,98
1,<environment.Job instance at 0x7f62b45757d0>,43,18,[3 8],44,110,128,66,99
1,<environment.Job instance at 0x7f62b369b0f0>,18,20,[13  3],19,128,148,109,120
1,<environment.Job instance at 0x7f62b45750a0>,45,25,[13  1],46,148,173,102,144
1,<environment.Job instance at 0x7f62b3690870>,70,17,[1 6],71,145,162,74,145
1,<environment.Job instance at 0x7f62b35090f0>,0,18,[ 3 12],1,1,19,0,1
1,<environment.Job instance at 0x7f62b478ba50>,12,15,[3 5],13,19,34,6,13
1,<environment.Job instance at 0x7f62b478b7d0>,5,24,[1 9],6,19,43,13,14
1,<environment.Job instance at 0x7f62b478b8c0>,15,28,[11  5],16,34,62,18,33
1,<environment.Job instance at 0x7f62b478b550>,16,24,[8 5],17,62,86,45,57
1,<environment.Job instance at 0x7f62b478b640>,17,15,[12  5],18,86,101,68,72
1,<environment.Job instance at 0x7f62b4977be0>,19,14,[12  4],20,101,115,81,86
1,<environment.Job instance at 0x7f62b4977cd0>,22,17,[3 5],23,86,103,63,86
1,<environment.Job instance at 0x7f62b4977410>,23,18,[ 3 10],24,103,121,79,96
1,<environment.Job instance at 0x7f62b4977460>,21,20,[8 5],22,115,135,93,107
1,<environment.Job instance at 0x7f62b3429050>,42,19,[6 5],43,121,140,78,115
1,<environment.Job instance at 0x7f62b4562d20>,47,19,[9 5],48,135,154,87,125
1,<environment.Job instance at 0x7f62b4977a50>,25,17,[14  3],26,154,171,128,142
1,<environment.Job instance at 0x7f62b42ff2d0>,1,18,[11  5],2,2,20,0,2
1,<environment.Job instance at 0x7f62b4b3c5f0>,11,18,[2 6],12,12,30,0,12
1,<environment.Job instance at 0x7f62b44b07d0>,13,23,[8 2],14,20,43,6,14
1,<environment.Job instance at 0x7f62b4d5d500>,17,15,[10  3],18,43,58,25,29
1,<environment.Job instance at 0x7f62b4d5da50>,22,13,[2 5],23,29,42,6,29
1,<environment.Job instance at 0x7f62b4d5d6e0>,18,20,[5 6],19,30,50,11,29
1,<environment.Job instance at 0x7f62b4d02e10>,23,16,[ 4 10],24,50,66,26,40
1,<environment.Job instance at 0x7f62b4d02280>,25,12,[1 7],26,66,78,40,49
1,<environment.Job instance at 0x7f62b4be5500>,26,16,[8 1],27,58,74,31,49
1,<environment.Job instance at 0x7f62b4be5b90>,27,14,[9 3],28,74,88,46,59
1,<environment.Job instance at 0x7f62b471a4b0>,29,12,[8 3],30,88,100,58,71
1,<environment.Job instance at 0x7f62b471a500>,30,20,[2 8],31,78,98,47,78
1,<environment.Job instance at 0x7f62b471aa50>,33,15,[9 1],34,100,115,66,86
1,<environment.Job instance at 0x7f62b471a5f0>,36,17,[10  3],37,115,132,78,103
1,<environment.Job instance at 0x7f62b471ac30>,44,14,[9 2],45,132,146,87,118
1,<environment.Job instance at 0x7f62b4d8b280>,50,22,[1 6],51,126,148,75,126
1,<environment.Job instance at 0x7f62b4ccd9b0>,52,17,[9 5],53,146,163,93,134
1,<environment.Job instance at 0x7f62b4ccd500>,55,20,[3 9],56,148,168,92,142
1,<environment.Job instance at 0x7f62b48e4910>,3,13,[11  5],4,4,17,0,4
1,<environment.Job instance at 0x7f62b48e4730>,5,18,[14  5],6,17,35,11,11
1,<environment.Job instance at 0x7f62b3dc75a0>,14,24,[ 1 13],15,35,59,20,30
1,<environment.Job instance at 0x7f62b3dc7a00>,15,18,[3 9],16,59,77,43,48
1,<environment.Job instance at 0x7f62b3dc7280>,16,14,[12  2],17,48,62,31,48
1,<environment.Job instance at 0x7f62b3dc71e0>,17,16,[ 2 12],18,77,93,59,64
1,<environment.Job instance at 0x7f62b3dc7c80>,18,27,[9 3],19,77,104,58,77
1,<environment.Job instance at 0x7f62b3dc7640>,19,21,[4 6],20,93,114,73,87
1,<environment.Job instance at 0x7f62b3dc7550>,10,18,[3 8],11,104,122,93,94
1,<environment.Job instance at 0x7f62b3dc7f00>,20,23,[ 1 11],21,122,145,101,116
1,<environment.Job instance at 0x7f62b3dc7820>,13,25,[14  3],14,122,147,108,119
1,<environment.Job instance at 0x7f62b3dc7730>,12,17,[7 2],13,147,164,134,136
1,<environment.Job instance at 0x7f62b3dc70f0>,26,21,[6 5],27,147,168,120,139
1,<environment.Job instance at 0x7f62b4c16870>,4,21,[5 6],5,5,26,0,5
1,<environment.Job instance at 0x7f62b4c16910>,5,17,[10  4],6,6,23,0,6
1,<environment.Job instance at 0x7f62b4c16cd0>,10,14,[3 5],11,23,37,12,11
1,<environment.Job instance at 0x7f62b4c16fa0>,14,17,[12  2],15,26,43,11,15
1,<environment.Job instance at 0x7f62b3d974b0>,20,20,[8 2],21,43,63,22,34
1,<environment.Job instance at 0x7f62b3d97640>,24,15,[3 5],25,37,52,12,34
1,<environment.Job instance at 0x7f62b3d97aa0>,31,13,[8 2],32,63,76,31,47
1,<environment.Job instance at 0x7f62b3d97280>,18,22,[ 4 10],19,52,74,33,47
1,<environment.Job instance at 0x7f62b3d97b40>,32,13,[4 8],33,74,87,41,58
1,<environment.Job instance at 0x7f62b3d970a0>,15,20,[11  3],16,76,96,60,67
1,<environment.Job instance at 0x7f62b3d97fa0>,37,19,[4 8],38,87,106,49,77
1,<environment.Job instance at 0x7f62b3d8e140>,39,22,[7 3],40,96,118,56,89
1,<environment.Job instance at 0x7f62b3d8e280>,41,15,[10  5],42,118,133,76,104
1,<environment.Job instance at 0x7f62b3d8e320>,42,16,[4 8],43,111,127,68,111
1,<environment.Job instance at 0x7f62b3d8e780>,51,14,[4 8],52,127,141,75,114
1,<environment.Job instance at 0x7f62b3d8e690>,56,14,[5 3],57,133,147,76,119
1,<environment.Job instance at 0x7f62b3d8ed20>,57,20,[10  4],58,141,161,83,132
1,<environment.Job instance at 0x7f62b3d8eeb0>,58,16,[1 7],59,147,163,88,144
1,<environment.Job instance at 0x7f62b3d86550>,69,13,[9 5],70,161,174,91,145
1,<environment.Job instance at 0x7f1294031230>,0,13,[9 3],1,1,14,0,1
1,<environment.Job instance at 0x7f128a8b95f0>,4,21,[1 6],5,5,26,0,5
1,<environment.Job instance at 0x7f128a8b9690>,5,24,[1 5],6,6,30,0,6
1,<environment.Job instance at 0x7f128a8b97d0>,6,20,[6 1],7,14,34,7,7
1,<environment.Job instance at 0x7f128a8b9d20>,14,13,[7 3],15,15,28,0,15
1,<environment.Job instance at 0x7f128a8bd2d0>,22,13,[13  1],23,34,47,11,24
1,<environment.Job instance at 0x7f128a8bd5f0>,26,26,[1 8],27,28,54,1,27
1,<environment.Job instance at 0x7f128a8b9eb0>,23,18,[2 7],24,47,65,23,36
1,<environment.Job instance at 0x7f128a8bdaf0>,33,16,[2 8],34,54,70,20,41
1,<environment.Job instance at 0x7f128a8bdc30>,35,15,[9 5],36,65,80,29,51
1,<environment.Job instance at 0x7f128a8bdeb0>,40,15,[10  3],41,80,95,39,66
1,<environment.Job instance at 0x7f128a8bdfa0>,42,20,[9 4],43,95,115,52,88
1,<environment.Job instance at 0x7f128a8bf3c0>,45,13,[6 5],46,95,108,49,88
1,<environment.Job instance at 0x7f128a8bf500>,47,20,[6 5],48,108,128,60,99
1,<environment.Job instance at 0x7f128a8bf0f0>,51,20,[5 3],52,115,135,63,106
1,<environment.Job instance at 0x7f128a8bf960>,53,17,[5 7],54,128,145,74,116
1,<environment.Job instance at 0x7f128a8bfb40>,56,12,[3 6],57,116,128,59,116
1,<environment.Job instance at 0x7f128a8bfc80>,58,14,[2 7],59,135,149,76,120
1,<environment.Job instance at 0x7f128a8bfd20>,59,17,[1 6],60,145,162,85,133
1,<environment.Job instance at 0x7f128a8bff00>,62,18,[5 3],63,149,167,86,138
1,<environment.Job instance at 0x7f128a8bfeb0>,64,19,[3 8],65,162,181,97,152
1,<environment.Job instance at 0x7f128a8bff50>,65,20,[2 6],66,167,187,101,158
1,<environment.Job instance at 0x7f128a856870>,0,26,[5 5],1,1,27,0,1
1,<environment.Job instance at 0x7f128a8bff50>,2,13,[3 8],3,3,16,0,3
1,<environment.Job instance at 0x7f128a37ffa0>,3,13,[3 5],4,16,29,12,4
1,<environment.Job instance at 0x7f128a37fe60>,6,20,[1 5],7,16,36,9,8
1,<environment.Job instance at 0x7f128ad205a0>,17,17,[8 2],18,27,44,9,19
1,<environment.Job instance at 0x7f128ad206e0>,19,16,[5 8],20,29,45,9,20
1,<environment.Job instance at 0x7f128ad20c30>,20,13,[8 5],21,44,57,23,28
1,<environment.Job instance at 0x7f1289fe1f50>,38,12,[10  5],39,57,69,18,40
1,<environment.Job instance at 0x7f128a38a870>,40,14,[2 7],41,45,59,4,41
1,<environment.Job instance at 0x7f128a35b690>,45,16,[2 8],46,59,75,13,46
1,<environment.Job instance at 0x7f128a3cf640>,52,13,[9 4],53,69,82,16,53
1,<environment.Job instance at 0x7f1289f86aa0>,54,17,[3 8],55,75,92,20,63
1,<environment.Job instance at 0x7f128a3d3d20>,62,16,[3 8],63,92,108,29,79
1,<environment.Job instance at 0x7f128a3d3a50>,66,13,[6 3],67,82,95,15,79
1,<environment.Job instance at 0x7f128a362320>,67,13,[7 4],68,95,108,27,79
1,<environment.Job instance at 0x7f128a3b0870>,77,16,[2 8],78,108,124,30,95
1,<environment.Job instance at 0x7f128a3c0a00>,84,16,[7 4],85,108,124,23,95
1,<environment.Job instance at 0x7f128a366410>,92,14,[5 5],93,124,138,31,109
1,<environment.Job instance at 0x7f128a415960>,95,19,[9 4],96,124,143,28,114
1,<environment.Job instance at 0x7f128a5370a0>,101,15,[4 8],102,138,153,36,124
1,<environment.Job instance at 0x7f128a4be460>,108,16,[2 6],109,143,159,34,130
1,<environment.Job instance at 0x7f128aefed20>,110,19,[5 5],111,153,172,42,143
1,<environment.Job instance at 0x7f128afefd70>,112,20,[8 5],113,159,179,46,150
1,<environment.Job instance at 0x7f128adbd3c0>,116,13,[5 8],117,172,185,55,156
1,<environment.Job instance at 0x7f1289f69eb0>,1,15,[5 5],2,2,17,0,2
1,<environment.Job instance at 0x7f1289f69640>,3,13,[4 8],4,4,17,0,4
1,<environment.Job instance at 0x7f1289f69af0>,4,20,[6 1],5,5,25,0,5
1,<environment.Job instance at 0x7f1289fe45a0>,12,23,[10  2],13,25,48,12,19
1,<environment.Job instance at 0x7f1289fe4500>,20,13,[1 6],21,22,35,1,22
1,<environment.Job instance at 0x7f1289fe4a00>,22,20,[8 1],23,48,68,25,39
1,<environment.Job instance at 0x7f1289fe4fa0>,26,20,[5 7],27,39,59,12,39
1,<environment.Job instance at 0x7f1289fe4b90>,27,16,[5 4],28,59,75,31,46
1,<environment.Job instance at 0x7f1289fe4a50>,28,14,[8 3],29,68,82,39,53
1,<environment.Job instance at 0x7f1289fe7f00>,32,18,[3 6],33,75,93,42,64
1,<environment.Job instance at 0x7f1289fe7780>,34,15,[5 5],35,82,97,47,68
1,<environment.Job instance at 0x7f1289fe7190>,36,16,[3 9],37,93,109,56,80
1,<environment.Job instance at 0x7f1289fe7550>,38,12,[ 5 10],39,109,121,70,92
1,<environment.Job instance at 0x7f1289fe7960>,41,21,[4 8],42,121,142,79,113
1,<environment.Job instance at 0x7f1289fe7870>,44,18,[8 3],45,113,131,68,113
1,<environment.Job instance at 0x7f1289fe7b40>,45,14,[8 5],46,131,145,85,116
1,<environment.Job instance at 0x7f128af66e60>,47,16,[5 8],48,142,158,94,129
1,<environment.Job instance at 0x7f128af66f50>,48,13,[1 7],49,145,158,96,129
1,<environment.Job instance at 0x7f128ae6a8c0>,55,13,[5 5],56,158,171,102,142
1,<environment.Job instance at 0x7f128ad4ab90>,58,14,[7 5],59,158,172,99,143
1,<environment.Job instance at 0x7f128ad56be0>,65,15,[8 5],66,171,186,105,157
1,<environment.Job instance at 0x7f128a347960>,2,16,[10  3],3,3,19,0,3
1,<environment.Job instance at 0x7f128a357be0>,5,13,[6 4],6,19,32,13,6
1,<environment.Job instance at 0x7f128a2c6460>,8,19,[1 5],9,10,29,1,10
1,<environment.Job instance at 0x7f128a3f4960>,11,13,[6 5],12,19,32,7,12
1,<environment.Job instance at 0x7f128a2c60a0>,10,18,[10  4],11,32,50,21,21
1,<environment.Job instance at 0x7f128a513230>,13,14,[4 5],14,32,46,18,21
1,<environment.Job instance at 0x7f128a3972d0>,17,15,[9 5],18,50,65,32,36
1,<environment.Job instance at 0x7f128a3e24b0>,19,17,[1 7],20,46,63,26,36
1,<environment.Job instance at 0x7f128a3e2a00>,20,15,[5 1],21,50,65,29,36
1,<environment.Job instance at 0x7f128a540640>,21,18,[5 9],22,65,83,43,54
1,<environment.Job instance at 0x7f128a3e2820>,26,14,[5 9],27,83,97,56,68
1,<environment.Job instance at 0x7f128a585960>,28,12,[2 5],29,68,80,39,68
1,<environment.Job instance at 0x7f128a585d20>,29,16,[6 5],30,80,96,50,68
1,<environment.Job instance at 0x7f128a3bc500>,33,22,[10  2],34,96,118,62,89
1,<environment.Job instance at 0x7f128a534690>,36,18,[7 5],37,118,136,81,107
1,<environment.Job instance at 0x7f128a534d70>,37,18,[5 9],38,107,125,69,107
1,<environment.Job instance at 0x7f128a498370>,9,18,[2 9],10,125,143,115,114
1,<environment.Job instance at 0x7f128ae733c0>,40,19,[4 9],41,143,162,102,133
1,<environment.Job instance at 0x7f128ae734b0>,41,12,[10  2],42,136,148,94,133
1,<environment.Job instance at 0x7f128ae73b40>,42,26,[13  5],43,162,188,119,159
1,<environment.Job instance at 0x7f128a503fa0>,43,24,[ 2 10],44,162,186,118,159
1,<environment.Job instance at 0x7f128a2e81e0>,1,15,[4 5],2,2,17,0,2
1,<environment.Job instance at 0x7f128acb6730>,3,21,[1 6],4,4,25,0,4
1,<environment.Job instance at 0x7f128accb2d0>,6,16,[4 5],7,17,33,10,7
1,<environment.Job instance at 0x7f128accb3c0>,8,13,[13  1],9,33,46,24,17
1,<environment.Job instance at 0x7f128accbd20>,14,21,[6 5],15,46,67,31,38
1,<environment.Job instance at 0x7f128acc1460>,17,13,[9 4],18,46,59,28,38
1,<environment.Job instance at 0x7f128accb500>,11,16,[9 2],12,59,75,47,46
1,<environment.Job instance at 0x7f128acc1910>,18,19,[ 5 10],19,67,86,48,58
1,<environment.Job instance at 0x7f128acc1280>,19,15,[7 3],20,75,90,55,62
1,<environment.Job instance at 0x7f128acc11e0>,20,17,[4 7],21,86,103,65,74
1,<environment.Job instance at 0x7f128acc1550>,21,17,[4 5],22,86,103,64,82
1,<environment.Job instance at 0x7f128acdda50>,24,15,[13  2],25,103,118,78,89
1,<environment.Job instance at 0x7f128acc16e0>,23,15,[4 9],24,118,133,94,104
1,<environment.Job instance at 0x7f128acdd460>,28,17,[5 2],29,118,135,89,106
1,<environment.Job instance at 0x7f128acdd320>,29,18,[1 9],30,133,151,103,122
1,<environment.Job instance at 0x7f128acdde60>,30,15,[6 3],31,122,137,91,122
1,<environment.Job instance at 0x7f128accb640>,10,18,[7 3],11,135,153,124,125
1,<environment.Job instance at 0x7f128acdd780>,31,15,[3 9],32,151,166,119,137
1,<environment.Job instance at 0x7f128acbf230>,36,14,[7 2],37,137,151,100,137
1,<environment.Job instance at 0x7f128acdd140>,25,17,[12  3],26,153,170,127,141
1,<environment.Job instance at 0x7f128a612a50>,41,13,[7 1],42,170,183,128,154
1,<environment.Job instance at 0x7f128a612190>,42,14,[3 6],43,166,180,123,154
1,<environment.Job instance at 0x7f128a2e0c80>,2,23,[10  4],3,3,26,0,3
1,<environment.Job instance at 0x7f128a2e0140>,6,18,[14  2],7,26,44,19,15
1,<environment.Job instance at 0x7f128a2e0e10>,8,16,[1 5],9,16,32,7,16
1,<environment.Job instance at 0x7f128a2e0370>,5,17,[3 6],6,44,61,38,35
1,<environment.Job instance at 0x7f128a2e0d70>,11,13,[9 3],12,44,57,32,35
1,<environment.Job instance at 0x7f128a2e0280>,9,21,[12  3],10,57,78,47,49
1,<environment.Job instance at 0x7f128a2e0960>,14,13,[6 5],15,78,91,63,62
1,<environment.Job instance at 0x7f128a2e0cd0>,15,13,[14  1],16,91,104,75,75
1,<environment.Job instance at 0x7f128a2e0410>,13,15,[3 8],14,104,119,90,100
1,<environment.Job instance at 0x7f128a2e0af0>,7,27,[ 5 13],8,119,146,111,117
1,<environment.Job instance at 0x7f128a6befa0>,21,17,[9 2],22,129,146,107,129
1,<environment.Job instance at 0x7f128a2e0f00>,16,26,[11  5],17,146,172,129,143
1,<environment.Job instance at 0x7f128a6beaa0>,23,16,[ 3 10],24,146,162,122,144
1,<environment.Job instance at 0x7f128a8fb370>,0,14,[2 7],1,1,15,0,1
1,<environment.Job instance at 0x7f128ad225f0>,1,24,[4 5],2,2,26,0,2
1,<environment.Job instance at 0x7f128ad224b0>,2,14,[5 5],3,15,29,12,3
1,<environment.Job instance at 0x7f128ad22c80>,5,16,[6 1],6,6,22,0,6
1,<environment.Job instance at 0x7f128ad22550>,10,12,[6 3],11,22,34,11,11
1,<environment.Job instance at 0x7f128ad22230>,8,18,[1 5],9,26,44,17,15
1,<environment.Job instance at 0x7f128ad227d0>,15,13,[9 5],16,34,47,18,18
1,<environment.Job instance at 0x7f128a699870>,16,18,[6 2],17,44,62,27,33
1,<environment.Job instance at 0x7f128a699190>,18,13,[7 5],19,47,60,28,33
1,<environment.Job instance at 0x7f128a699cd0>,21,15,[7 3],22,60,75,38,46
1,<environment.Job instance at 0x7f128a699f00>,25,14,[4 7],26,62,76,36,49
1,<environment.Job instance at 0x7f128ad221e0>,11,16,[10  2],12,75,91,63,72
1,<environment.Job instance at 0x7f128a699af0>,32,18,[5 4],33,76,94,43,72
1,<environment.Job instance at 0x7f128a6992d0>,27,13,[ 3 13],28,94,107,66,78
1,<environment.Job instance at 0x7f128ad22870>,3,12,[13  3],4,107,119,103,90
1,<environment.Job instance at 0x7f128b408dc0>,38,17,[7 4],39,119,136,80,107
1,<environment.Job instance at 0x7f128b405230>,40,19,[6 2],41,119,138,78,109
1,<environment.Job instance at 0x7f128ad225a0>,9,27,[13  4],10,138,165,128,136
1,<environment.Job instance at 0x7f128b207320>,0,13,[9 1],1,1,14,0,1
1,<environment.Job instance at 0x7f128b207a00>,1,27,[ 5 14],2,2,29,0,2
1,<environment.Job instance at 0x7f128a60f910>,9,22,[3 9],10,29,51,19,22
1,<environment.Job instance at 0x7f128a60f870>,5,12,[3 5],6,29,41,23,22
1,<environment.Job instance at 0x7f128a5dda00>,16,12,[3 6],17,41,53,24,26
1,<environment.Job instance at 0x7f128a5ddc30>,17,14,[12  5],18,51,65,33,39
1,<environment.Job instance at 0x7f128a354730>,26,17,[5 5],27,65,82,38,53
1,<environment.Job instance at 0x7f128a5e7640>,27,14,[9 5],28,65,79,37,55
1,<environment.Job instance at 0x7f128a33b280>,32,14,[6 3],33,79,93,46,64
1,<environment.Job instance at 0x7f128a3352d0>,36,16,[2 9],37,82,98,45,74
1,<environment.Job instance at 0x7f128b2bebe0>,15,22,[10  3],16,93,115,77,86
1,<environment.Job instance at 0x7f128a604460>,45,16,[ 5 12],46,98,114,52,86
1,<environment.Job instance at 0x7f128a6049b0>,46,21,[5 6],47,114,135,67,106
1,<environment.Job instance at 0x7f128a6043c0>,47,19,[2 7],48,115,134,67,106
1,<environment.Job instance at 0x7f128b484af0>,48,26,[6 4],49,134,160,85,131
1,<environment.Job instance at 0x7f128b452a00>,49,27,[3 5],50,134,161,84,132
1,<environment.Job instance at 0x7f128b473730>,50,15,[5 6],51,135,150,84,132
1,<environment.Job instance at 0x7f128a800eb0>,51,21,[4 9],52,160,181,108,152
1,<environment.Job instance at 0x7f128afcb6e0>,0,12,[ 3 11],1,1,13,0,1
1,<environment.Job instance at 0x7f128afcbe60>,1,13,[7 2],2,2,15,0,2
1,<environment.Job instance at 0x7f128afcba50>,2,12,[5 2],3,3,15,0,3
1,<environment.Job instance at 0x7f128afcbaa0>,3,15,[3 9],4,13,28,9,4
1,<environment.Job instance at 0x7f128afcb780>,6,15,[6 2],7,15,30,8,7
1,<environment.Job instance at 0x7f128a9d3be0>,15,13,[8 4],16,28,41,12,17
1,<environment.Job instance at 0x7f128a9d3910>,18,19,[9 2],19,41,60,22,31
1,<environment.Job instance at 0x7f128a9d3690>,21,22,[5 2],22,31,53,9,31
1,<environment.Job instance at 0x7f128a9d3aa0>,23,20,[6 2],24,53,73,29,44
1,<environment.Job instance at 0x7f128a9d3140>,25,15,[3 6],26,60,75,34,46
1,<environment.Job instance at 0x7f128a9d38c0>,28,14,[6 1],29,60,74,31,46
1,<environment.Job instance at 0x7f128a9d37d0>,31,18,[10  4],32,74,92,42,63
1,<environment.Job instance at 0x7f128a9d35a0>,33,15,[7 2],34,92,107,58,78
1,<environment.Job instance at 0x7f128af0b280>,39,21,[6 1],40,92,113,52,84
1,<environment.Job instance at 0x7f128af0b500>,45,15,[6 5],46,107,122,61,93
1,<environment.Job instance at 0x7f128af0b140>,50,17,[10  3],51,122,139,71,110
1,<environment.Job instance at 0x7f128b2efaf0>,62,15,[4 7],63,113,128,50,110
1,<environment.Job instance at 0x7f128b2efd70>,63,22,[3 5],64,128,150,64,121
1,<environment.Job instance at 0x7f128a9bd9b0>,80,12,[9 5],81,139,151,58,122
1,<environment.Job instance at 0x7f128a9bdd70>,82,12,[9 4],83,151,163,68,134
1,<environment.Job instance at 0x7f128a9bd140>,83,21,[1 8],84,150,171,66,142
1,<environment.Job instance at 0x7f128a9bd320>,86,18,[10  3],87,163,181,76,152
1,<environment.Job instance at 0x7f128a9bd460>,87,13,[3 7],88,171,184,83,155
1,<environment.Job instance at 0x7f128a8766e0>,0,12,[5 8],1,1,13,0,1
1,<environment.Job instance at 0x7f128ab62050>,4,21,[10  1],5,5,26,0,5
1,<environment.Job instance at 0x7f128ab6d140>,17,12,[10  2],18,26,38,8,18
1,<environment.Job instance at 0x7f128ab5d8c0>,19,16,[3 6],20,20,36,0,20
1,<environment.Job instance at 0x7f1289f9a730>,20,15,[1 6],21,21,36,0,21
1,<environment.Job instance at 0x7f128b2a2fa0>,24,13,[7 5],25,38,51,13,25
1,<environment.Job instance at 0x7f1289e58550>,28,19,[3 5],29,36,55,7,30
1,<environment.Job instance at 0x7f128a7dbd20>,30,14,[4 6],31,51,65,20,36
1,<environment.Job instance at 0x7f128ab53e60>,32,15,[9 2],33,55,70,22,41
1,<environment.Job instance at 0x7f128ab53870>,33,16,[8 4],34,70,86,36,57
1,<environment.Job instance at 0x7f128ab53d70>,36,12,[ 2 10],37,65,77,28,58
1,<environment.Job instance at 0x7f1289e56820>,41,17,[4 9],42,77,94,35,65
1,<environment.Job instance at 0x7f128a7e3aa0>,43,13,[7 4],44,86,99,42,70
1,<environment.Job instance at 0x7f128ab68320>,47,12,[ 4 10],48,94,106,46,78
1,<environment.Job instance at 0x7f128a34f140>,48,14,[4 9],49,106,120,57,91
1,<environment.Job instance at 0x7f128a31ec30>,52,19,[9 4],53,99,118,46,91
1,<environment.Job instance at 0x7f128a31e280>,53,18,[4 7],54,120,138,66,109
1,<environment.Job instance at 0x7f128a334780>,59,18,[10  5],60,118,136,58,109
1,<environment.Job instance at 0x7f128a334d70>,62,19,[5 7],63,136,155,73,126
1,<environment.Job instance at 0x7f128a3345f0>,65,14,[3 5],66,138,152,72,126
1,<environment.Job instance at 0x7f128a876fa0>,1,20,[10  3],2,152,172,150,145
1,<environment.Job instance at 0x7f128a3392d0>,70,12,[3 5],71,155,167,84,145
1,<environment.Job instance at 0x7f128a34c0f0>,74,15,[ 1 10],75,167,182,92,153
1,<environment.Job instance at 0x7f128a34ce60>,75,15,[7 1],76,172,187,96,158
1,<environment.Job instance at 0x7f1289fa1a00>,1,22,[5 4],2,2,24,0,2
1,<environment.Job instance at 0x7f128a34ceb0>,2,19,[7 5],3,3,22,0,3
1,<environment.Job instance at 0x7f1289fa1e10>,3,17,[ 4 10],4,22,39,18,10
1,<environment.Job instance at 0x7f1289fa1c30>,8,15,[4 5],9,24,39,15,12
1,<environment.Job instance at 0x7f128ab6bcd0>,12,13,[14  3],13,39,52,26,23
1,<environment.Job instance at 0x7f128ab6bdc0>,13,27,[2 5],14,52,79,38,50
1,<environment.Job instance at 0x7f128ab6baa0>,14,16,[3 6],15,52,68,37,50
1,<environment.Job instance at 0x7f128ab6bd70>,11,21,[9 3],12,52,73,40,51
1,<environment.Job instance at 0x7f128ab6bd20>,18,13,[2 8],19,73,86,54,57
1,<environment.Job instance at 0x7f128ab6b6e0>,15,21,[11  2],16,73,94,57,69
1,<environment.Job instance at 0x7f1289ebee10>,20,15,[5 8],21,94,109,73,80
1,<environment.Job instance at 0x7f1289ebea00>,21,17,[9 2],22,102,119,80,102
1,<environment.Job instance at 0x7f1289fa1730>,7,22,[ 2 12],8,109,131,101,102
1,<environment.Job instance at 0x7f1289ebef50>,27,15,[6 1],28,119,134,91,105
1,<environment.Job instance at 0x7f1289ebea50>,33,17,[10  4],34,134,151,100,124
1,<environment.Job instance at 0x7f1289ebe870>,28,14,[5 7],29,131,145,102,124
1,<environment.Job instance at 0x7f1289ebe320>,26,25,[5 8],27,145,170,118,142
1,<environment.Job instance at 0x7f1289ebe780>,36,23,[5 1],37,151,174,114,145
1,<environment.Job instance at 0x7f1289ebe050>,34,21,[5 6],35,151,172,116,150
1,<environment.Job instance at 0x7f1289c7e960>,8,14,[8 5],9,9,23,0,9
1,<environment.Job instance at 0x7f1289c7e910>,16,13,[7 3],17,17,30,0,17
1,<environment.Job instance at 0x7f1289c7ec30>,17,14,[7 1],18,23,37,5,18
1,<environment.Job instance at 0x7f1289d693c0>,36,17,[7 5],37,37,54,0,37
1,<environment.Job instance at 0x7f1289d69320>,37,14,[10  5],38,54,68,16,39
1,<environment.Job instance at 0x7f1289d69500>,38,15,[8 2],39,39,54,0,39
1,<environment.Job instance at 0x7f1289ce1140>,39,12,[5 9],40,54,66,14,40
1,<environment.Job instance at 0x7f1289ce18c0>,49,13,[6 2],50,68,81,18,52
1,<environment.Job instance at 0x7f1289ce1500>,55,15,[7 3],56,68,83,12,56
1,<environment.Job instance at 0x7f1289ce1960>,57,16,[2 7],58,66,82,8,58
1,<environment.Job instance at 0x7f1289ce1410>,58,18,[3 9],59,82,100,23,71
1,<environment.Job instance at 0x7f1289cf79b0>,64,18,[5 3],65,81,99,16,71
1,<environment.Job instance at 0x7f1289cf7f00>,72,18,[5 2],73,83,101,10,73
1,<environment.Job instance at 0x7f1289cf7a50>,75,12,[9 5],76,100,112,24,83
1,<environment.Job instance at 0x7f128acb68c0>,91,16,[4 7],92,101,117,9,92
1,<environment.Job instance at 0x7f128b322e10>,96,15,[7 3],97,112,127,15,98
1,<environment.Job instance at 0x7f128a84e500>,100,21,[7 3],101,117,138,16,109
1,<environment.Job instance at 0x7f128a04caa0>,108,13,[8 2],109,127,140,18,111
1,<environment.Job instance at 0x7f128a04cdc0>,111,15,[3 5],112,138,153,26,124
1,<environment.Job instance at 0x7f12939dbbe0>,112,13,[6 5],113,140,153,27,124
1,<environment.Job instance at 0x7f128afe3dc0>,114,20,[10  4],115,153,173,38,144
1,<environment.Job instance at 0x7f128b274230>,121,15,[4 7],122,153,168,31,144
1,<environment.Job instance at 0x7f128aabed20>,5,22,[3 6],6,6,28,0,6
1,<environment.Job instance at 0x7f128a239d20>,4,18,[3 8],5,7,25,2,7
1,<environment.Job instance at 0x7f128b407140>,9,17,[6 2],10,25,42,15,13
1,<environment.Job instance at 0x7f128b407c30>,14,17,[7 1],15,28,45,13,16
1,<environment.Job instance at 0x7f128b407f50>,17,17,[9 2],18,45,62,27,33
1,<environment.Job instance at 0x7f128b407320>,19,18,[1 6],20,33,51,13,33
1,<environment.Job instance at 0x7f128b407a00>,22,16,[4 6],23,42,58,19,33
1,<environment.Job instance at 0x7f128b407aa0>,11,12,[6 3],12,58,70,46,55
1,<environment.Job instance at 0x7f128b4075f0>,27,22,[10  4],28,70,92,42,63
1,<environment.Job instance at 0x7f128b407be0>,31,12,[4 5],32,63,75,31,63
1,<environment.Job instance at 0x7f128b2348c0>,38,14,[1 7],39,75,89,36,63
1,<environment.Job instance at 0x7f128b234410>,39,15,[5 9],40,89,104,49,75
1,<environment.Job instance at 0x7f128b234e10>,41,16,[4 8],42,104,120,62,91
1,<environment.Job instance at 0x7f128b234fa0>,42,22,[1 6],43,92,114,49,91
1,<environment.Job instance at 0x7f128b2345f0>,44,19,[5 3],45,114,133,69,104
1,<environment.Job instance at 0x7f128b234e60>,46,15,[ 5 10],47,120,135,73,106
1,<environment.Job instance at 0x7f128b234a00>,47,14,[5 6],48,135,149,87,120
1,<environment.Job instance at 0x7f128b2345a0>,50,13,[4 8],51,135,148,84,120
1,<environment.Job instance at 0x7f128b234460>,53,13,[4 6],54,148,161,94,132
1,<environment.Job instance at 0x7f128b197780>,56,13,[2 7],57,149,162,92,133
1,<environment.Job instance at 0x7f128b197b40>,57,14,[9 3],58,161,175,103,146
1,<environment.Job instance at 0x7f128b197f00>,59,19,[5 5],60,162,181,102,152
1,<environment.Job instance at 0x7f128b197b90>,60,12,[9 4],61,175,187,114,158
1,<environment.Job instance at 0x7f128ada15f0>,0,27,[ 4 12],1,1,28,0,1
1,<environment.Job instance at 0x7f128aa91780>,7,15,[10  2],8,8,23,0,8
1,<environment.Job instance at 0x7f1289b89370>,12,15,[3 8],13,28,43,15,14
1,<environment.Job instance at 0x7f1289b89550>,19,14,[1 5],20,28,42,8,20
1,<environment.Job instance at 0x7f1289b892d0>,20,19,[5 2],21,23,42,2,21
1,<environment.Job instance at 0x7f1289b89280>,16,13,[2 8],17,43,56,26,27
1,<environment.Job instance at 0x7f128ada1230>,1,16,[11  1],2,42,58,40,33
1,<environment.Job instance at 0x7f1289b89d70>,26,20,[5 1],27,58,78,31,49
1,<environment.Job instance at 0x7f1289b89e60>,29,23,[2 8],30,56,79,26,50
1,<environment.Job instance at 0x7f128a1535f0>,33,22,[5 5],34,58,80,24,51
1,<environment.Job instance at 0x7f128a1536e0>,37,12,[2 6],38,79,91,41,62
1,<environment.Job instance at 0x7f128a1530f0>,35,12,[ 3 13],36,91,103,55,74
1,<environment.Job instance at 0x7f128a1531e0>,43,16,[5 6],44,103,119,59,90
1,<environment.Job instance at 0x7f128a28ed20>,56,12,[8 2],57,91,103,34,91
1,<environment.Job instance at 0x7f128a28ee10>,57,21,[3 6],58,103,124,45,97
1,<environment.Job instance at 0x7f128a28ebe0>,60,12,[10  3],61,119,131,58,102
1,<environment.Job instance at 0x7f128a28ecd0>,61,16,[1 6],62,119,135,57,106
1,<environment.Job instance at 0x7f1289f98af0>,62,18,[9 1],63,131,149,68,120
1,<environment.Job instance at 0x7f128a153370>,40,17,[ 4 13],41,135,152,94,126
1,<environment.Job instance at 0x7f1289f98870>,64,18,[ 1 11],65,152,170,87,141
1,<environment.Job instance at 0x7f1289f989b0>,63,18,[10  1],64,149,167,85,141
1,<environment.Job instance at 0x7f128a0081e0>,0,28,[ 4 10],1,1,29,0,1
1,<environment.Job instance at 0x7f128a008140>,1,25,[5 3],2,3,28,1,3
1,<environment.Job instance at 0x7f128a0085a0>,12,16,[ 2 10],13,29,45,16,16
1,<environment.Job instance at 0x7f128a008640>,10,20,[11  5],11,28,48,17,19
1,<environment.Job instance at 0x7f128ac53280>,17,18,[10  5],18,48,66,30,37
1,<environment.Job instance at 0x7f128a0089b0>,4,20,[3 9],5,45,65,40,37
1,<environment.Job instance at 0x7f128ac53fa0>,16,13,[10  3],17,66,79,49,50
1,<environment.Job instance at 0x7f128ac53050>,27,14,[3 7],28,65,79,37,52
1,<environment.Job instance at 0x7f128ac532d0>,28,20,[13  3],29,79,99,50,70
1,<environment.Job instance at 0x7f128ac538c0>,29,15,[2 8],30,79,94,49,70
1,<environment.Job instance at 0x7f128ac53c30>,25,12,[1 8],26,94,106,68,81
1,<environment.Job instance at 0x7f1293f37410>,31,12,[7 5],32,99,111,67,85
1,<environment.Job instance at 0x7f1293f37050>,30,17,[13  1],31,111,128,80,99
1,<environment.Job instance at 0x7f1293f370a0>,34,23,[14  2],35,128,151,93,122
1,<environment.Job instance at 0x7f1293f37190>,33,16,[5 3],34,151,167,117,139
1,<environment.Job instance at 0x7f128ac536e0>,26,14,[6 4],27,151,165,124,139
1,<environment.Job instance at 0x7f1289b37960>,38,16,[5 9],39,165,181,126,152
1,<environment.Job instance at 0x7f128abae8c0>,0,18,[ 3 12],1,1,19,0,1
1,<environment.Job instance at 0x7f128abced70>,8,15,[11  5],9,19,34,10,9
1,<environment.Job instance at 0x7f128abced20>,11,18,[ 4 10],12,19,37,7,12
1,<environment.Job instance at 0x7f128abce7d0>,12,15,[3 5],13,34,49,21,20
1,<environment.Job instance at 0x7f128a8c1be0>,19,14,[12  4],20,37,51,17,22
1,<environment.Job instance at 0x7f128a8c11e0>,22,17,[3 5],23,49,66,26,39
1,<environment.Job instance at 0x7f128a8c19b0>,23,18,[ 3 10],24,51,69,27,40
1,<environment.Job instance at 0x7f128a8c1870>,21,20,[8 5],22,66,86,44,57
1,<environment.Job instance at 0x7f128b346e10>,42,19,[6 5],43,69,88,26,59
1,<environment.Job instance at 0x7f128b346690>,47,19,[9 5],48,86,105,38,76
1,<environment.Job instance at 0x7f128b3465f0>,51,21,[1 5],52,88,109,36,80
1,<environment.Job instance at 0x7f128b346370>,54,19,[1 9],55,105,124,50,95
1,<environment.Job instance at 0x7f128ac9fb90>,62,21,[5 7],63,124,145,61,117
1,<environment.Job instance at 0x7f128ac9fe10>,64,17,[8 5],65,117,134,52,117
1,<environment.Job instance at 0x7f128ac9fdc0>,69,20,[2 5],70,134,154,64,127
1,<environment.Job instance at 0x7f128ac9fe60>,71,22,[9 4],72,145,167,73,138
1,<environment.Job instance at 0x7f128ac9f500>,72,20,[7 3],73,167,187,94,158
1,<environment.Job instance at 0x7f128ac9f370>,79,12,[4 6],80,159,171,79,159
1,<environment.Job instance at 0x7f1289c8a050>,1,18,[2 6],2,2,20,0,2
1,<environment.Job instance at 0x7f1293c7d5f0>,3,23,[8 2],4,4,27,0,4
1,<environment.Job instance at 0x7f128a216500>,7,15,[10  3],8,27,42,19,13
1,<environment.Job instance at 0x7f128a2163c0>,12,13,[2 5],13,13,26,0,13
1,<environment.Job instance at 0x7f128a216280>,13,16,[ 4 10],14,26,42,12,14
1,<environment.Job instance at 0x7f128a216c80>,15,12,[1 7],16,42,54,26,25
1,<environment.Job instance at 0x7f128a216050>,16,16,[8 1],17,42,58,25,29
1,<environment.Job instance at 0x7f128a2168c0>,17,14,[9 3],18,58,72,40,43
1,<environment.Job instance at 0x7f128a236fa0>,19,12,[8 3],20,72,84,52,55
1,<environment.Job instance at 0x7f128a2368c0>,20,20,[2 8],21,55,75,34,55
1,<environment.Job instance at 0x7f128a236aa0>,23,15,[9 1],24,84,99,60,70
1,<environment.Job instance at 0x7f128a236c80>,26,17,[10  3],27,99,116,72,87
1,<environment.Job instance at 0x7f128b2be780>,34,14,[9 2],35,116,130,81,101
1,<environment.Job instance at 0x7f128a216820>,5,18,[3 8],6,101,119,95,101
1,<environment.Job instance at 0x7f128b2beeb0>,42,17,[9 5],43,130,147,87,118
1,<environment.Job instance at 0x7f128a216320>,8,20,[5 6],9,119,139,110,118
1,<environment.Job instance at 0x7f128b2bef50>,45,20,[3 9],46,139,159,93,130
1,<environment.Job instance at 0x7f128b2bebe0>,40,22,[1 6],41,147,169,106,146
1,<environment.Job instance at 0x7f128b2be230>,49,16,[5 8],50,159,175,109,146
1,<environment.Job instance at 0x7f128b2bee60>,52,13,[8 2],53,169,182,116,154
1,<environment.Job instance at 0x7f128ac65c80>,1,13,[5 1],2,2,15,0,2
1,<environment.Job instance at 0x7f1289c63aa0>,2,15,[ 3 11],3,3,18,0,3
1,<environment.Job instance at 0x7f128acd7f50>,8,15,[7 2],9,9,24,0,9
1,<environment.Job instance at 0x7f1289c639b0>,6,21,[6 5],7,18,39,11,10
1,<environment.Job instance at 0x7f128acd7a50>,10,18,[3 9],11,26,44,15,26
1,<environment.Job instance at 0x7f128a83f190>,13,14,[ 3 10],14,44,58,30,30
1,<environment.Job instance at 0x7f128a83f0f0>,15,18,[5 3],16,39,57,23,30
1,<environment.Job instance at 0x7f128a83f640>,19,16,[5 5],20,57,73,37,44
1,<environment.Job instance at 0x7f128a83f730>,20,12,[7 5],21,58,70,37,44
1,<environment.Job instance at 0x7f128acc2eb0>,23,15,[5 2],24,70,85,46,56
1,<environment.Job instance at 0x7f128a83f230>,25,18,[5 9],26,73,91,47,65
1,<environment.Job instance at 0x7f1289c71050>,26,16,[5 7],27,91,107,64,78
1,<environment.Job instance at 0x7f1289c710f0>,29,12,[3 5],30,85,97,55,78
1,<environment.Job instance at 0x7f128a82ce60>,31,18,[8 1],32,97,115,65,87
1,<environment.Job instance at 0x7f128a82c2d0>,38,13,[7 1],39,107,120,68,91
1,<environment.Job instance at 0x7f128acd7cd0>,7,24,[13  2],8,120,144,112,115
1,<environment.Job instance at 0x7f128ac65820>,0,23,[ 1 11],1,137,160,136,137
1,<environment.Job instance at 0x7f128acd7f00>,9,17,[14  3],10,144,161,134,140
1,<environment.Job instance at 0x7f128a2e1e60>,44,14,[5 2],45,161,175,116,146
1,<environment.Job instance at 0x7f128ac54730>,45,22,[ 3 12],46,161,183,115,154
1,<environment.Job instance at 0x7f128b267910>,1,13,[8 2],2,2,15,0,2
1,<environment.Job instance at 0x7f128b267aa0>,2,13,[4 8],3,3,16,0,3
1,<environment.Job instance at 0x7f128b267d20>,7,19,[4 8],8,16,35,8,8
1,<environment.Job instance at 0x7f128b267870>,9,22,[7 3],10,15,37,5,10
1,<environment.Job instance at 0x7f128a7a7e60>,21,14,[4 8],22,35,49,13,23
1,<environment.Job instance at 0x7f128a7a73c0>,26,14,[5 3],27,37,51,10,27
1,<environment.Job instance at 0x7f128b2672d0>,22,28,[3 9],23,49,77,26,48
1,<environment.Job instance at 0x7f128a3c3d70>,39,13,[9 5],40,59,72,19,59
1,<environment.Job instance at 0x7f128a3c3cd0>,42,17,[9 2],43,72,89,29,60
1,<environment.Job instance at 0x7f128a3c3460>,45,20,[1 5],46,77,97,31,68
1,<environment.Job instance at 0x7f128a7a7b40>,28,16,[1 7],29,77,93,48,68
1,<environment.Job instance at 0x7f128a3c3c30>,47,14,[ 1 11],48,97,111,49,82
1,<environment.Job instance at 0x7f128a3d5910>,83,18,[2 5],84,111,129,27,100
1,<environment.Job instance at 0x7f128a3d5a00>,87,18,[5 3],88,100,118,12,100
1,<environment.Job instance at 0x7f128afbfdc0>,92,17,[7 2],93,111,128,18,100
1,<environment.Job instance at 0x7f128afbf140>,97,14,[5 6],98,118,132,20,103
1,<environment.Job instance at 0x7f128a7d0320>,104,16,[5 4],105,128,144,23,115
1,<environment.Job instance at 0x7f128a7d0870>,110,18,[7 3],111,132,150,21,121
1,<environment.Job instance at 0x7f128acf3870>,118,15,[6 5],119,144,159,25,130
1,<environment.Job instance at 0x7f128acf3dc0>,119,17,[8 4],120,150,167,30,138
1,<environment.Job instance at 0x7f128acf3d70>,123,15,[6 5],124,159,174,35,145
1,<environment.Job instance at 0x7f128a7d1e60>,131,15,[5 4],132,167,182,35,153
1,<environment.Job instance at 0x7f128a142910>,2,21,[5 1],3,3,24,0,3
1,<environment.Job instance at 0x7f128b053280>,4,14,[9 5],5,5,19,0,5
1,<environment.Job instance at 0x7f128b053190>,5,13,[5 6],6,19,32,13,6
1,<environment.Job instance at 0x7f128b053a00>,15,17,[ 5 10],16,32,49,16,25
1,<environment.Job instance at 0x7f128b053aa0>,16,15,[5 6],17,49,64,32,35
1,<environment.Job instance at 0x7f128b053e60>,22,17,[10  3],23,36,53,13,36
1,<environment.Job instance at 0x7f128b053fa0>,24,17,[ 2 10],25,64,81,39,61
1,<environment.Job instance at 0x7f128b053f50>,25,12,[2 8],26,81,93,55,64
1,<environment.Job instance at 0x7f128b05d410>,30,22,[5 3],31,65,87,34,65
1,<environment.Job instance at 0x7f128b053820>,14,27,[ 3 14],15,93,120,78,91
1,<environment.Job instance at 0x7f128b05da50>,39,13,[5 6],40,120,133,80,104
1,<environment.Job instance at 0x7f128b05deb0>,46,19,[8 2],47,120,139,73,112
1,<environment.Job instance at 0x7f128b05d0a0>,38,17,[ 5 13],39,133,150,94,123
1,<environment.Job instance at 0x7f128b05df00>,49,18,[9 1],50,139,157,89,133
1,<environment.Job instance at 0x7f128b07c2d0>,52,16,[6 2],53,150,166,97,137
1,<environment.Job instance at 0x7f128b07c370>,53,14,[1 5],54,157,171,103,142
1,<environment.Job instance at 0x7f128b07c550>,56,17,[4 7],57,157,174,100,145
1,<environment.Job instance at 0x7efbe19da230>,0,13,[9 3],1,1,14,0,1
1,<environment.Job instance at 0x7efbe19da320>,2,22,[4 8],3,3,25,0,3
1,<environment.Job instance at 0x7efbd8262640>,4,21,[1 6],5,14,35,9,7
1,<environment.Job instance at 0x7efbd8262cd0>,14,13,[7 3],15,25,38,10,16
1,<environment.Job instance at 0x7efbd82662d0>,23,18,[2 7],24,35,53,11,24
1,<environment.Job instance at 0x7efbd8266960>,33,16,[2 8],34,38,54,4,34
1,<environment.Job instance at 0x7efbd8266b90>,35,15,[9 5],36,53,68,17,39
1,<environment.Job instance at 0x7efbd8266eb0>,40,15,[10  3],41,68,83,27,54
1,<environment.Job instance at 0x7efbd8262910>,15,18,[ 2 14],16,83,101,67,73
1,<environment.Job instance at 0x7efbd8266cd0>,43,13,[13  1],44,83,96,39,73
1,<environment.Job instance at 0x7efbd8268230>,44,24,[ 1 13],45,101,125,56,96
1,<environment.Job instance at 0x7efbd82682d0>,45,13,[6 5],46,125,138,79,109
1,<environment.Job instance at 0x7efbd8262550>,7,25,[6 2],8,118,143,110,118
1,<environment.Job instance at 0x7efbd8266e10>,42,20,[9 4],43,138,158,95,129
1,<environment.Job instance at 0x7efbd8268690>,51,20,[5 3],52,143,163,91,134
1,<environment.Job instance at 0x7efbd82687d0>,53,17,[5 7],54,158,175,104,146
1,<environment.Job instance at 0x7efbd8268910>,56,12,[3 6],57,163,175,106,146
1,<environment.Job instance at 0x7efbd8268af0>,58,14,[2 7],59,175,189,116,160
1,<environment.Job instance at 0x7efbd82626e0>,6,20,[6 1],7,163,183,156,162
1,<environment.Job instance at 0x7efbd8268b90>,59,17,[1 6],60,175,192,115,163
1,<environment.Job instance at 0x7efbd82db410>,7,17,[8 2],8,8,25,0,8
1,<environment.Job instance at 0x7efbd82db640>,9,16,[5 8],10,10,26,0,10
1,<environment.Job instance at 0x7efbd82dbe60>,10,13,[8 5],11,25,38,14,11
1,<environment.Job instance at 0x7efbd82e66e0>,11,14,[2 9],12,26,40,14,12
1,<environment.Job instance at 0x7efbd82e6eb0>,22,12,[1 7],23,40,52,17,24
1,<environment.Job instance at 0x7efbd79b43c0>,28,12,[10  5],29,38,50,9,29
1,<environment.Job instance at 0x7efbd79b2140>,30,14,[2 7],31,50,64,19,35
1,<environment.Job instance at 0x7efbd79b2870>,35,16,[2 8],36,52,68,16,39
1,<environment.Job instance at 0x7efbd7c79af0>,42,13,[9 4],43,64,77,21,48
1,<environment.Job instance at 0x7efbd7c79960>,44,17,[3 8],45,68,85,23,57
1,<environment.Job instance at 0x7efbd7d5b730>,52,16,[3 8],53,85,101,32,72
1,<environment.Job instance at 0x7efbd7d7cfa0>,67,16,[2 8],68,101,117,33,88
1,<environment.Job instance at 0x7efbd7d6d140>,74,16,[7 4],75,88,104,13,88
1,<environment.Job instance at 0x7efbd7bd5e60>,82,14,[5 5],83,104,118,21,89
1,<environment.Job instance at 0x7efbd7d0ff00>,85,19,[9 4],86,117,136,31,107
1,<environment.Job instance at 0x7efbd7d72eb0>,91,15,[4 8],92,118,133,26,107
1,<environment.Job instance at 0x7efbd7d68b90>,100,19,[5 5],101,133,152,32,123
1,<environment.Job instance at 0x7efbd7d68320>,102,20,[8 5],103,136,156,33,127
1,<environment.Job instance at 0x7efbd86142d0>,119,17,[6 2],120,152,169,32,140
1,<environment.Job instance at 0x7efbd7e46640>,123,17,[4 6],124,156,173,32,144
1,<environment.Job instance at 0x7efbd78ce960>,132,17,[9 4],133,169,186,36,157
1,<environment.Job instance at 0x7efbd79b7190>,0,13,[1 6],1,1,14,0,1
1,<environment.Job instance at 0x7efbd79b7410>,2,20,[8 1],3,4,24,1,4
1,<environment.Job instance at 0x7efbd79b7a00>,6,20,[5 7],7,7,27,0,7
1,<environment.Job instance at 0x7efbd79b72d0>,8,14,[8 3],9,24,38,15,9
1,<environment.Job instance at 0x7efbd79b78c0>,12,18,[3 6],13,27,45,14,16
1,<environment.Job instance at 0x7efbd791d500>,16,16,[3 9],17,38,54,21,25
1,<environment.Job instance at 0x7efbd791d5f0>,14,15,[5 5],15,45,60,30,31
1,<environment.Job instance at 0x7efbd791deb0>,21,21,[4 8],22,54,75,32,46
1,<environment.Job instance at 0x7efbd791d690>,24,18,[8 3],25,60,78,35,49
1,<environment.Job instance at 0x7efbd791da00>,25,14,[8 5],26,78,92,52,63
1,<environment.Job instance at 0x7efbd791df00>,27,16,[5 8],28,75,91,47,63
1,<environment.Job instance at 0x7efbd78d7af0>,35,13,[5 5],36,91,104,55,75
1,<environment.Job instance at 0x7efbd78d7aa0>,38,14,[7 5],39,92,106,53,77
1,<environment.Job instance at 0x7efbd78d7730>,45,15,[8 5],46,104,119,58,90
1,<environment.Job instance at 0x7efbd80e38c0>,52,12,[7 2],53,106,118,53,90
1,<environment.Job instance at 0x7efbd877f320>,54,20,[3 8],55,118,138,63,109
1,<environment.Job instance at 0x7efbd7e924b0>,58,17,[4 8],59,138,155,79,126
1,<environment.Job instance at 0x7efbd871fb90>,61,13,[4 9],62,155,168,93,139
1,<environment.Job instance at 0x7efbd7c7de60>,69,14,[ 5 10],70,168,182,98,153
1,<environment.Job instance at 0x7efbd8998dc0>,70,16,[5 9],71,182,198,111,169
1,<environment.Job instance at 0x7efbd8e45a00>,75,15,[8 4],76,169,184,93,169
1,<environment.Job instance at 0x7efbd7c09820>,0,23,[ 2 11],1,1,24,0,1
1,<environment.Job instance at 0x7efbd7e05d70>,3,22,[10  2],4,4,26,0,4
1,<environment.Job instance at 0x7efbd7f640a0>,7,18,[5 9],8,24,42,16,16
1,<environment.Job instance at 0x7efbd7e03780>,8,25,[14  2],9,42,67,33,38
1,<environment.Job instance at 0x7efbd7e034b0>,11,12,[10  2],12,67,79,55,50
1,<environment.Job instance at 0x7efbd7e03af0>,9,22,[3 8],10,67,89,57,65
1,<environment.Job instance at 0x7efbd7e03b40>,10,19,[4 9],11,89,108,78,82
1,<environment.Job instance at 0x7efbd79c9050>,14,19,[9 4],15,85,104,70,85
1,<environment.Job instance at 0x7efbd79c94b0>,16,18,[6 4],17,104,122,87,93
1,<environment.Job instance at 0x7efbd7c7a5f0>,21,16,[7 3],22,108,124,86,95
1,<environment.Job instance at 0x7efbd7d720f0>,31,15,[6 3],32,122,137,90,108
1,<environment.Job instance at 0x7efbd833ec30>,33,18,[7 5],34,124,142,90,113
1,<environment.Job instance at 0x7efbd792e910>,36,17,[10  3],37,142,159,105,130
1,<environment.Job instance at 0x7efbd7d7e0a0>,13,24,[ 2 10],14,137,161,123,132
1,<environment.Job instance at 0x7efbd85fc500>,39,17,[5 9],40,161,178,121,149
1,<environment.Job instance at 0x7efbd7ca93c0>,1,13,[7 1],2,2,15,0,2
1,<environment.Job instance at 0x7efbd7cac190>,2,14,[3 6],3,3,17,0,3
1,<environment.Job instance at 0x7efbd7cb49b0>,4,19,[6 1],5,15,34,10,5
1,<environment.Job instance at 0x7efbd865a230>,6,16,[5 8],7,7,23,0,7
1,<environment.Job instance at 0x7efbd868ea50>,11,14,[6 1],12,23,37,11,14
1,<environment.Job instance at 0x7efbd868e7d0>,14,14,[3 9],15,23,37,8,15
1,<environment.Job instance at 0x7efbd8672dc0>,17,18,[10  3],18,37,55,19,26
1,<environment.Job instance at 0x7efbd86721e0>,21,20,[5 6],22,37,57,15,28
1,<environment.Job instance at 0x7efbd8672780>,25,16,[10  2],26,55,71,29,42
1,<environment.Job instance at 0x7efbd868a9b0>,28,17,[5 5],29,57,74,28,45
1,<environment.Job instance at 0x7efbd868aa00>,29,13,[8 2],30,71,84,41,55
1,<environment.Job instance at 0x7efbd868aaa0>,30,19,[8 4],31,84,103,53,74
1,<environment.Job instance at 0x7efbd868ec80>,12,20,[6 3],13,89,109,76,89
1,<environment.Job instance at 0x7efbd8957aa0>,32,15,[9 3],33,103,118,70,89
1,<environment.Job instance at 0x7efbd8957780>,33,16,[6 3],34,109,125,75,107
1,<environment.Job instance at 0x7efbd8957a50>,36,18,[10  2],37,125,143,88,114
1,<environment.Job instance at 0x7efbd8957c30>,40,21,[5 2],41,118,139,77,114
1,<environment.Job instance at 0x7efbd86b6e60>,45,12,[3 6],46,139,151,93,122
1,<environment.Job instance at 0x7efbd86b6730>,47,13,[7 4],48,143,156,95,127
1,<environment.Job instance at 0x7efbd7819c80>,50,15,[5 2],51,143,158,92,129
1,<environment.Job instance at 0x7efbd865a690>,52,14,[7 1],53,156,170,103,141
1,<environment.Job instance at 0x7efbd89574b0>,37,20,[7 5],38,158,178,120,152
1,<environment.Job instance at 0x7efbd7857820>,0,13,[7 5],1,1,14,0,1
1,<environment.Job instance at 0x7efbd7857550>,4,15,[4 6],5,5,20,0,5
1,<environment.Job instance at 0x7efbd78574b0>,5,22,[7 1],6,14,36,8,7
1,<environment.Job instance at 0x7efbd78a9d70>,7,17,[5 4],8,20,37,12,8
1,<environment.Job instance at 0x7efbd78a9cd0>,16,12,[13  5],17,37,49,20,20
1,<environment.Job instance at 0x7efbd78a9dc0>,8,14,[8 1],9,49,63,40,40
1,<environment.Job instance at 0x7efbd78a90f0>,17,20,[ 5 14],18,49,69,31,40
1,<environment.Job instance at 0x7efbd784c870>,20,15,[ 4 11],21,69,84,48,55
1,<environment.Job instance at 0x7efbd784cf50>,21,15,[13  5],22,84,99,62,70
1,<environment.Job instance at 0x7efbd784caa0>,19,13,[ 2 10],20,84,97,64,70
1,<environment.Job instance at 0x7efbd784cdc0>,22,13,[14  4],23,99,112,76,83
1,<environment.Job instance at 0x7efbd784cf00>,24,25,[14  4],25,112,137,87,108
1,<environment.Job instance at 0x7efbd78a9730>,15,21,[6 5],16,137,158,121,129
1,<environment.Job instance at 0x7efbd784c820>,27,19,[2 8],28,137,156,109,129
1,<environment.Job instance at 0x7efbd784c1e0>,28,15,[1 9],29,156,171,127,142
1,<environment.Job instance at 0x7efbd7847eb0>,32,16,[ 4 10],33,171,187,138,158
1,<environment.Job instance at 0x7efbd7847370>,2,20,[5 8],3,3,23,0,3
1,<environment.Job instance at 0x7efbd78191e0>,7,14,[9 5],8,8,22,0,8
1,<environment.Job instance at 0x7efbd78190f0>,10,13,[11  2],11,23,36,12,11
1,<environment.Job instance at 0x7efbd8882cd0>,16,14,[ 2 12],17,23,37,6,19
1,<environment.Job instance at 0x7efbd88829b0>,15,13,[12  5],16,37,50,21,23
1,<environment.Job instance at 0x7efbd7819d70>,12,17,[6 4],13,50,67,37,38
1,<environment.Job instance at 0x7efbd80f38c0>,20,21,[ 3 11],21,50,71,29,42
1,<environment.Job instance at 0x7efbd8882690>,21,14,[14  1],22,71,85,49,56
1,<environment.Job instance at 0x7efbd8454910>,26,28,[3 9],27,85,113,58,84
1,<environment.Job instance at 0x7efbd8954af0>,24,14,[5 7],25,113,127,88,98
1,<environment.Job instance at 0x7efbd78192d0>,0,28,[7 5],1,99,127,98,99
1,<environment.Job instance at 0x7efbd8454410>,28,16,[12  3],29,127,143,98,114
1,<environment.Job instance at 0x7efbd8d53640>,35,20,[1 8],36,127,147,91,119
1,<environment.Job instance at 0x7efbd8d538c0>,37,17,[7 2],38,143,160,105,131
1,<environment.Job instance at 0x7efbd8454280>,25,20,[ 2 11],26,147,167,121,138
1,<environment.Job instance at 0x7efbd784ed20>,39,13,[7 2],40,160,173,120,144
1,<environment.Job instance at 0x7efbd784e960>,40,14,[ 2 12],41,167,181,126,152
1,<environment.Job instance at 0x7efbd784edc0>,43,15,[10  5],44,181,196,137,167
1,<environment.Job instance at 0x7efbd7c50190>,1,24,[5 4],2,2,26,0,2
1,<environment.Job instance at 0x7efbd8d915a0>,0,17,[2 9],1,2,19,1,2
1,<environment.Job instance at 0x7efbd784e2d0>,3,15,[10  1],4,19,34,15,5
1,<environment.Job instance at 0x7efbd8027c80>,5,12,[1 9],6,26,38,20,13
1,<environment.Job instance at 0x7efbd8010c30>,8,18,[5 2],9,34,52,25,23
1,<environment.Job instance at 0x7efbd8010960>,15,14,[3 9],16,38,52,22,23
1,<environment.Job instance at 0x7efbd8010910>,17,17,[4 7],18,52,69,34,40
1,<environment.Job instance at 0x7efbd87cab90>,19,19,[5 8],20,52,71,32,42
1,<environment.Job instance at 0x7efbd88a4730>,24,21,[5 8],25,71,92,46,63
1,<environment.Job instance at 0x7efbd800d9b0>,28,16,[7 4],29,69,85,40,63
1,<environment.Job instance at 0x7efbd800d500>,32,15,[1 7],33,85,100,52,71
1,<environment.Job instance at 0x7efbd87d79b0>,40,13,[1 9],41,100,113,59,84
1,<environment.Job instance at 0x7efbd7f3dd70>,41,12,[5 2],42,92,104,50,84
1,<environment.Job instance at 0x7efbd7979370>,42,18,[7 1],43,92,110,49,84
1,<environment.Job instance at 0x7efbd7f0f550>,48,16,[4 5],49,104,120,55,91
1,<environment.Job instance at 0x7efbd7f01b40>,50,17,[6 3],51,113,130,62,101
1,<environment.Job instance at 0x7efbd7f12780>,51,20,[1 9],52,120,140,68,111
1,<environment.Job instance at 0x7efbd7f2b690>,52,16,[9 3],53,130,146,77,117
1,<environment.Job instance at 0x7efbd7f14f00>,56,17,[4 7],57,140,157,83,128
1,<environment.Job instance at 0x7efbd7f14cd0>,61,16,[2 7],62,146,162,84,133
1,<environment.Job instance at 0x7efbd7f06640>,63,21,[2 6],64,157,178,93,149
1,<environment.Job instance at 0x7efbd7f06c30>,66,20,[2 9],67,162,182,95,153
1,<environment.Job instance at 0x7efbd87d59b0>,0,12,[9 5],1,1,13,0,1
1,<environment.Job instance at 0x7efbd87d5730>,1,23,[3 9],2,2,25,0,2
1,<environment.Job instance at 0x7efbd87d5cd0>,2,12,[9 4],3,13,25,10,3
1,<environment.Job instance at 0x7efbd87d5500>,7,13,[3 7],8,25,38,17,9
1,<environment.Job instance at 0x7efbd87d5910>,8,20,[6 2],9,25,45,16,16
1,<environment.Job instance at 0x7efbd87d5460>,9,12,[10  2],10,45,57,35,28
1,<environment.Job instance at 0x7efbd87c18c0>,16,12,[2 6],17,34,46,17,34
1,<environment.Job instance at 0x7efbd87d5af0>,11,17,[ 2 14],12,57,74,45,45
1,<environment.Job instance at 0x7efbd87c19b0>,20,18,[ 2 10],21,74,92,53,63
1,<environment.Job instance at 0x7efbd87c15f0>,22,13,[9 1],23,71,84,48,71
1,<environment.Job instance at 0x7efbd87c1f00>,23,20,[7 1],24,84,104,60,75
1,<environment.Job instance at 0x7efbd87c1460>,25,13,[5 7],26,92,105,66,76
1,<environment.Job instance at 0x7efbd87d7b40>,30,12,[1 8],31,104,116,73,87
1,<environment.Job instance at 0x7efbd87d77d0>,31,14,[7 4],32,105,119,73,90
1,<environment.Job instance at 0x7efbd87d7aa0>,33,15,[2 7],34,116,131,82,102
1,<environment.Job instance at 0x7efbd87d7320>,34,16,[3 5],35,119,135,84,106
1,<environment.Job instance at 0x7efbd87d70f0>,39,15,[7 2],40,119,134,79,106
1,<environment.Job instance at 0x7efbd87d7af0>,40,16,[10  4],41,134,150,93,121
1,<environment.Job instance at 0x7efbd87d7230>,42,17,[3 9],43,135,152,92,124
1,<environment.Job instance at 0x7efbd87d7640>,48,17,[8 5],49,150,167,101,138
1,<environment.Job instance at 0x7efbd879e370>,54,19,[5 2],55,152,171,97,147
1,<environment.Job instance at 0x7efbd879e320>,55,12,[3 7],56,167,179,111,150
1,<environment.Job instance at 0x7efbd879e050>,56,13,[4 5],57,167,180,110,151
1,<environment.Job instance at 0x7efbd879e8c0>,58,19,[5 5],59,179,198,120,169
1,<environment.Job instance at 0x7efbd879ecd0>,60,14,[9 2],61,180,194,119,169
1,<environment.Job instance at 0x7efbd8628500>,0,14,[2 9],1,1,15,0,1
1,<environment.Job instance at 0x7efbd846db90>,4,23,[7 1],5,5,28,0,5
1,<environment.Job instance at 0x7efbd7d341e0>,8,19,[2 6],9,15,34,6,9
1,<environment.Job instance at 0x7efbd8628410>,1,27,[2 5],2,9,36,7,9
1,<environment.Job instance at 0x7efbd7d34960>,10,18,[1 7],11,34,52,23,23
1,<environment.Job instance at 0x7efbd7d36640>,13,17,[2 8],14,36,53,22,24
1,<environment.Job instance at 0x7efbd7d36230>,17,15,[9 5],18,52,67,34,38
1,<environment.Job instance at 0x7efbd7d360f0>,18,14,[1 7],19,53,67,34,38
1,<environment.Job instance at 0x7efbd7d396e0>,19,19,[4 5],20,67,86,47,57
1,<environment.Job instance at 0x7efbd7d39870>,22,21,[2 8],23,67,88,44,59
1,<environment.Job instance at 0x7efbd7d3bb40>,23,13,[9 1],24,67,80,43,59
1,<environment.Job instance at 0x7efbd7d3bd20>,24,18,[3 9],25,88,106,63,77
1,<environment.Job instance at 0x7efbd7d04a00>,30,18,[8 2],31,80,98,49,79
1,<environment.Job instance at 0x7efbd84fba50>,38,17,[6 1],39,98,115,59,86
1,<environment.Job instance at 0x7efbd8e045f0>,40,15,[8 2],41,106,121,65,92
1,<environment.Job instance at 0x7efbd84ed050>,43,18,[6 1],44,115,133,71,104
1,<environment.Job instance at 0x7efbd7fb1aa0>,46,12,[3 5],47,121,133,74,104
1,<environment.Job instance at 0x7efbd851d370>,48,14,[6 1],49,121,135,72,106
1,<environment.Job instance at 0x7efbd84f69b0>,51,14,[6 5],52,133,147,81,118
1,<environment.Job instance at 0x7efbd87cb820>,53,21,[3 7],54,133,154,79,125
1,<environment.Job instance at 0x7efbd87b18c0>,57,16,[8 2],58,147,163,89,134
1,<environment.Job instance at 0x7efbd87b1f00>,59,12,[7 5],60,154,166,94,137
1,<environment.Job instance at 0x7efbd87b19b0>,60,16,[6 3],61,163,179,102,150
1,<environment.Job instance at 0x7efbd87b1730>,63,19,[8 1],64,166,185,102,156
1,<environment.Job instance at 0x7efbd8138230>,0,12,[ 5 10],1,1,13,0,1
1,<environment.Job instance at 0x7efbd87bc0a0>,2,21,[2 8],3,13,34,10,5
1,<environment.Job instance at 0x7efbd8138a50>,9,13,[13  1],10,13,26,3,10
1,<environment.Job instance at 0x7efbd8138fa0>,10,12,[2 5],11,26,38,15,11
1,<environment.Job instance at 0x7efbd81385a0>,11,13,[9 3],12,34,47,22,20
1,<environment.Job instance at 0x7efbd87bc730>,1,20,[5 8],2,38,58,36,32
1,<environment.Job instance at 0x7efbd8138910>,12,23,[5 2],13,47,70,34,41
1,<environment.Job instance at 0x7efbd8e66190>,14,14,[8 5],15,58,72,43,43
1,<environment.Job instance at 0x7efbd8e66e10>,16,28,[4 7],17,70,98,53,69
1,<environment.Job instance at 0x7efbd8e669b0>,25,18,[1 8],26,72,90,46,69
1,<environment.Job instance at 0x7efbd8e667d0>,24,21,[8 5],25,90,111,65,82
1,<environment.Job instance at 0x7efbd8e666e0>,29,13,[6 2],30,98,111,68,82
1,<environment.Job instance at 0x7efbd8e66eb0>,30,21,[2 5],31,111,132,80,103
1,<environment.Job instance at 0x7efbd8e662d0>,33,18,[6 3],34,111,129,77,103
1,<environment.Job instance at 0x7efbd8e66dc0>,36,16,[2 6],37,111,127,74,103
1,<environment.Job instance at 0x7efbd8a49cd0>,38,17,[5 5],39,127,144,88,115
1,<environment.Job instance at 0x7efbd8a49870>,39,12,[5 6],40,132,144,92,115
1,<environment.Job instance at 0x7efbd8a495a0>,41,18,[9 5],42,144,162,102,133
1,<environment.Job instance at 0x7efbd8a49aa0>,42,17,[5 1],43,138,155,95,138
1,<environment.Job instance at 0x7efbd8a49140>,44,15,[9 5],45,162,177,117,148
1,<environment.Job instance at 0x7efbd8a49730>,45,20,[4 6],46,155,175,109,149
1,<environment.Job instance at 0x7efbd8a49320>,47,14,[3 8],48,175,189,127,161
1,<environment.Job instance at 0x7efbe13e2a00>,1,15,[3 5],2,2,17,0,2
1,<environment.Job instance at 0x7efbd8a491e0>,2,13,[6 5],3,3,16,0,3
1,<environment.Job instance at 0x7efbe13e2820>,0,13,[ 1 13],1,17,30,16,4
1,<environment.Job instance at 0x7efbe13e2730>,10,13,[12  2],11,16,29,5,15
1,<environment.Job instance at 0x7efbe13e2d70>,11,15,[4 7],12,30,45,18,16
1,<environment.Job instance at 0x7efbe13e2500>,13,15,[ 5 10],14,45,60,31,31
1,<environment.Job instance at 0x7efbe13e2e60>,16,21,[9 1],17,31,52,14,31
1,<environment.Job instance at 0x7efbd7767640>,17,13,[ 2 12],18,60,73,42,44
1,<environment.Job instance at 0x7efbd7767fa0>,18,16,[7 5],19,73,89,54,61
1,<environment.Job instance at 0x7efbe13e2b90>,15,17,[ 3 10],16,73,90,57,61
1,<environment.Job instance at 0x7efbd77671e0>,21,12,[4 7],22,90,102,68,73
1,<environment.Job instance at 0x7efbd76e6910>,22,18,[10  4],23,89,107,66,78
1,<environment.Job instance at 0x7efbd76e6af0>,25,12,[4 9],26,102,114,76,85
1,<environment.Job instance at 0x7efbd76e6550>,28,14,[1 9],29,114,128,85,99
1,<environment.Job instance at 0x7efbd76e69b0>,30,15,[9 4],31,107,122,76,99
1,<environment.Job instance at 0x7efbd76e6a00>,33,13,[1 6],34,122,135,88,113
1,<environment.Job instance at 0x7efbd76e65a0>,34,12,[10  3],35,128,140,93,113
1,<environment.Job instance at 0x7efbd76e6f50>,35,17,[1 6],36,128,145,92,116
1,<environment.Job instance at 0x7efbd76e6280>,37,21,[2 8],38,140,161,102,132
1,<environment.Job instance at 0x7efbd76e6b90>,40,19,[10  1],41,140,159,99,132
1,<environment.Job instance at 0x7efbd76e6730>,42,18,[1 5],43,145,163,102,134
1,<environment.Job instance at 0x7efbd76e6b40>,43,21,[9 2],44,159,180,115,151
1,<environment.Job instance at 0x7efbd7767280>,19,18,[ 1 13],20,163,181,143,154
1,<environment.Job instance at 0x7efbd7cc92d0>,0,17,[6 4],1,1,18,0,1
1,<environment.Job instance at 0x7efbd7cc9910>,1,28,[2 5],2,4,32,2,4
1,<environment.Job instance at 0x7efbd7cc9e10>,6,20,[2 5],7,7,27,0,7
1,<environment.Job instance at 0x7efbd7cc9870>,7,13,[1 5],8,18,31,10,8
1,<environment.Job instance at 0x7efbd7cc9730>,9,15,[3 8],10,31,46,21,17
1,<environment.Job instance at 0x7efbe1414500>,12,12,[6 4],13,32,44,19,17
1,<environment.Job instance at 0x7efbe1414550>,22,14,[6 5],23,44,58,21,29
1,<environment.Job instance at 0x7efbe1414140>,26,17,[1 5],27,46,63,19,34
1,<environment.Job instance at 0x7efbd7ad7870>,31,16,[2 8],32,58,74,26,45
1,<environment.Job instance at 0x7efbd7cc9370>,4,15,[11  1],5,58,73,53,48
1,<environment.Job instance at 0x7efbd7ad74b0>,37,19,[3 6],38,73,92,35,63
1,<environment.Job instance at 0x7efbd7ad7550>,47,15,[10  2],48,74,89,26,63
1,<environment.Job instance at 0x7efbd8de3730>,52,15,[3 8],53,89,104,36,75
1,<environment.Job instance at 0x7efbd8de3820>,56,13,[2 8],57,104,117,47,88
1,<environment.Job instance at 0x7efbd8de3dc0>,59,14,[1 5],60,92,106,32,88
1,<environment.Job instance at 0x7efbd8de3410>,60,19,[5 2],61,92,111,31,88
1,<environment.Job instance at 0x7efbd82f2dc0>,73,22,[5 5],74,106,128,32,99
1,<environment.Job instance at 0x7efbd82f2eb0>,77,12,[2 6],78,117,129,39,100
1,<environment.Job instance at 0x7efbe14146e0>,11,16,[8 4],12,117,133,105,105
1,<environment.Job instance at 0x7efbd82f2a00>,83,16,[5 6],84,129,145,45,117
1,<environment.Job instance at 0x7efbd8d20be0>,96,12,[8 2],97,133,145,36,118
1,<environment.Job instance at 0x7efbd8d202d0>,84,13,[11  2],85,145,158,60,129
1,<environment.Job instance at 0x7efbd8d20a00>,98,26,[1 6],99,133,159,34,130
1,<environment.Job instance at 0x7efbd8d20500>,101,16,[1 6],102,145,161,43,132
1,<environment.Job instance at 0x7efbd7c67b40>,107,21,[6 2],108,158,179,50,150
1,<environment.Job instance at 0x7efbd7c67640>,112,19,[8 2],113,159,178,46,150
1,<environment.Job instance at 0x7efbd7c67690>,113,14,[5 6],114,178,192,64,163
1,<environment.Job instance at 0x7efbd7c67230>,102,18,[9 1],103,179,197,76,169
1,<environment.Job instance at 0x7efbd8c07b40>,0,22,[5 5],1,1,23,0,1
1,<environment.Job instance at 0x7efbd8c0dcd0>,1,15,[5 6],2,2,17,0,2
1,<environment.Job instance at 0x7efbd7fa86e0>,6,18,[5 3],7,9,27,2,9
1,<environment.Job instance at 0x7efbd7eb8320>,9,12,[7 3],10,23,35,13,10
1,<environment.Job instance at 0x7efbd7c67230>,3,19,[1 7],4,17,36,13,11
1,<environment.Job instance at 0x7efbd7ef4af0>,14,12,[1 6],15,35,47,20,18
1,<environment.Job instance at 0x7efbd7eb88c0>,8,18,[12  1],9,35,53,26,24
1,<environment.Job instance at 0x7efbd7ef4050>,23,16,[7 3],24,53,69,29,40
1,<environment.Job instance at 0x7efbd7ef4dc0>,24,25,[2 6],25,40,65,15,40
1,<environment.Job instance at 0x7efbd7ef4d20>,25,17,[8 3],26,65,82,39,61
1,<environment.Job instance at 0x7efbd7ef4460>,26,22,[4 9],27,69,91,42,62
1,<environment.Job instance at 0x7efbd7ef4b40>,22,20,[10  3],23,82,102,59,74
1,<environment.Job instance at 0x7efbd7ef4320>,28,14,[5 6],29,91,105,62,76
1,<environment.Job instance at 0x7efbd8850aa0>,7,14,[7 5],8,102,116,94,87
1,<environment.Job instance at 0x7efbd7ef4640>,29,21,[5 8],30,105,126,75,97
1,<environment.Job instance at 0x7efbd7e8a8c0>,47,18,[10  5],48,116,134,68,107
1,<environment.Job instance at 0x7efbd7e8a230>,55,12,[1 8],56,126,138,70,110
1,<environment.Job instance at 0x7efbd7e8a410>,56,14,[6 4],57,134,148,77,119
1,<environment.Job instance at 0x7efbd86e5960>,57,14,[3 7],58,138,152,80,123
1,<environment.Job instance at 0x7efbd86e5b90>,59,15,[2 8],60,148,163,88,134
1,<environment.Job instance at 0x7efbd86e5500>,61,12,[7 5],62,152,164,90,135
1,<environment.Job instance at 0x7efbd86e5320>,63,16,[5 3],64,163,179,99,150
1,<environment.Job instance at 0x7efbd86e5e10>,68,16,[5 9],69,164,180,95,151
1,<environment.Job instance at 0x7efbd86e5f00>,75,16,[4 6],76,179,195,103,166
1,<environment.Job instance at 0x7efbd86eef50>,80,17,[10  2],81,180,197,99,168
1,<environment.Job instance at 0x7efbd7c191e0>,1,23,[5 6],2,2,25,0,2
1,<environment.Job instance at 0x7efbd789b870>,9,24,[5 2],10,10,34,0,10
1,<environment.Job instance at 0x7efbd8e19fa0>,31,18,[ 4 10],32,32,50,0,32
1,<environment.Job instance at 0x7efbd8e19f00>,32,15,[3 5],33,34,49,1,33
1,<environment.Job instance at 0x7efbe14275f0>,41,20,[8 5],42,49,69,7,42
1,<environment.Job instance at 0x7efbe1427c80>,42,17,[3 5],43,50,67,7,43
1,<environment.Job instance at 0x7efbe142bbe0>,57,23,[1 5],58,58,81,0,58
1,<environment.Job instance at 0x7efbe142b910>,62,19,[6 5],63,67,86,4,63
1,<environment.Job instance at 0x7efbd7a1ff00>,67,19,[9 5],68,81,100,13,71
1,<environment.Job instance at 0x7efbd7a1f0f0>,71,21,[1 5],72,86,107,14,78
1,<environment.Job instance at 0x7efbd7a1f820>,74,19,[1 9],75,100,119,25,90
1,<environment.Job instance at 0x7efbd7a1f320>,82,21,[5 7],83,119,140,36,111
1,<environment.Job instance at 0x7efbd7a1f550>,84,17,[8 5],85,111,128,26,111
1,<environment.Job instance at 0x7efbd88610f0>,89,20,[2 5],90,128,148,38,119
1,<environment.Job instance at 0x7efbd8e5b870>,91,22,[9 4],92,140,162,48,133
1,<environment.Job instance at 0x7efbd8073820>,92,20,[7 3],93,162,182,69,153
1,<environment.Job instance at 0x7efbd8e52a50>,99,12,[4 6],100,153,165,53,153
1,<environment.Job instance at 0x7efbd8e52910>,100,16,[ 1 10],101,165,181,64,153
1,<environment.Job instance at 0x7efbd8e52d70>,101,15,[4 8],102,181,196,79,167
1,<environment.Job instance at 0x7efbd8690410>,1,18,[11  5],2,2,20,0,2
1,<environment.Job instance at 0x7efbd7aac280>,11,18,[2 6],12,12,30,0,12
1,<environment.Job instance at 0x7efbd7aac1e0>,13,23,[8 2],14,20,43,6,14
1,<environment.Job instance at 0x7efbd7aac460>,15,18,[3 8],16,30,48,14,20
1,<environment.Job instance at 0x7efbd7aacd20>,18,20,[5 6],19,43,63,24,34
1,<environment.Job instance at 0x7efbd7aac780>,22,13,[2 5],23,48,61,25,34
1,<environment.Job instance at 0x7efbd7aacc80>,20,19,[ 1 11],21,63,82,42,53
1,<environment.Job instance at 0x7efbd7aac910>,17,15,[10  3],18,61,76,43,53
1,<environment.Job instance at 0x7efbd84e3410>,24,14,[14  5],25,82,96,57,67
1,<environment.Job instance at 0x7efbd84e3e60>,25,12,[1 7],26,82,94,56,67
1,<environment.Job instance at 0x7efbd84e3320>,27,14,[9 3],28,96,110,68,81
1,<environment.Job instance at 0x7efbd84e30f0>,28,12,[ 3 14],29,110,122,81,94
1,<environment.Job instance at 0x7efbd84e3e10>,26,16,[8 1],27,110,126,83,99
1,<environment.Job instance at 0x7efbd84e3370>,29,12,[8 3],30,126,138,96,109
1,<environment.Job instance at 0x7efbd84e37d0>,30,20,[2 8],31,122,142,91,113
1,<environment.Job instance at 0x7efbd84e3190>,32,15,[14  1],33,142,157,109,128
1,<environment.Job instance at 0x7efbd84e3690>,33,15,[9 1],34,157,172,123,143
1,<environment.Job instance at 0x7efbd84e3c30>,34,25,[5 5],35,157,182,122,153
1,<environment.Job instance at 0x7efbd84e3460>,35,14,[ 5 14],36,182,196,146,167
1,<environment.Job instance at 0x7efbd7d4de10>,1,13,[5 1],2,2,15,0,2
1,<environment.Job instance at 0x7efbd86bb960>,5,22,[6 5],6,6,28,0,6
1,<environment.Job instance at 0x7efbd86bb7d0>,6,21,[6 5],7,15,36,8,8
1,<environment.Job instance at 0x7efbd86bba50>,8,15,[7 2],9,28,43,19,14
1,<environment.Job instance at 0x7efbd86bbe10>,13,14,[ 3 10],14,36,50,22,21
1,<environment.Job instance at 0x7efbd86bbfa0>,10,18,[3 9],11,50,68,39,39
1,<environment.Job instance at 0x7efbd86bbeb0>,15,18,[5 3],16,39,57,23,39
1,<environment.Job instance at 0x7efbd7547500>,19,16,[5 5],20,57,73,37,44
1,<environment.Job instance at 0x7efbd75471e0>,20,12,[7 5],21,68,80,47,51
1,<environment.Job instance at 0x7efbd75475f0>,23,15,[5 2],24,73,88,49,59
1,<environment.Job instance at 0x7efbd7547550>,25,18,[5 9],26,80,98,54,69
1,<environment.Job instance at 0x7efbd7547dc0>,26,16,[5 7],27,98,114,71,85
1,<environment.Job instance at 0x7efbd75472d0>,29,12,[3 5],30,88,100,58,85
1,<environment.Job instance at 0x7efbd7547730>,31,18,[8 1],32,100,118,68,89
1,<environment.Job instance at 0x7efbd7b94eb0>,38,13,[7 1],39,114,127,75,98
1,<environment.Job instance at 0x7efbd86bbbe0>,11,14,[ 1 11],12,118,132,106,104
1,<environment.Job instance at 0x7efbd86bbcd0>,12,16,[14  1],13,127,143,114,123
1,<environment.Job instance at 0x7efbe1627fa0>,44,14,[5 2],45,143,157,98,128
1,<environment.Job instance at 0x7efbd7d4d8c0>,0,23,[ 1 11],1,132,155,131,128
1,<environment.Job instance at 0x7efbe1627230>,56,14,[7 2],57,143,157,86,128
1,<environment.Job instance at 0x7efbd8bddc80>,43,26,[13  2],44,157,183,113,154
1,<environment.Job instance at 0x7efbe1627be0>,58,12,[5 7],59,183,195,124,166
1,<environment.Job instance at 0x7efbe1627f50>,59,23,[1 5],60,167,190,107,167
1,<environment.Job instance at 0x7efbd8a13460>,0,13,[13  3],1,1,14,0,1
1,<environment.Job instance at 0x7efbd8a13190>,1,15,[10  5],2,14,29,12,2
1,<environment.Job instance at 0x7efbd8a13230>,2,16,[4 8],3,14,30,11,3
1,<environment.Job instance at 0x7efbd8bfcd70>,11,14,[4 8],12,30,44,18,16
1,<environment.Job instance at 0x7efbe18d19b0>,16,14,[5 3],17,29,43,12,17
1,<environment.Job instance at 0x7efbd8bfc320>,12,28,[3 9],13,44,72,31,43
1,<environment.Job instance at 0x7efbd8997af0>,18,16,[1 7],19,72,88,53,59
1,<environment.Job instance at 0x7efbd84b4410>,19,15,[13  1],20,72,87,52,59
1,<environment.Job instance at 0x7efbe18d1960>,20,13,[ 5 11],21,88,101,67,72
1,<environment.Job instance at 0x7efbd8de67d0>,21,25,[ 2 14],22,101,126,79,97
1,<environment.Job instance at 0x7efbd8de6820>,22,27,[ 1 12],23,126,153,103,124
1,<environment.Job instance at 0x7efbd89970a0>,17,20,[10  4],18,153,173,135,146
1,<environment.Job instance at 0x7efbe16127d0>,23,24,[2 8],24,153,177,129,150
1,<environment.Job instance at 0x7efbd8999be0>,29,13,[9 5],30,173,186,143,157
1,<environment.Job instance at 0x7efbd8091c80>,2,17,[10  3],3,3,20,0,3
1,<environment.Job instance at 0x7efbd80ae550>,4,17,[ 2 10],5,5,22,0,5
1,<environment.Job instance at 0x7efbd80ae7d0>,5,12,[2 8],6,22,34,16,6
1,<environment.Job instance at 0x7efbd80a8aa0>,19,13,[5 6],20,22,35,2,21
1,<environment.Job instance at 0x7efbd80a87d0>,22,23,[2 6],23,34,57,11,28
1,<environment.Job instance at 0x7efbd80aecd0>,20,16,[11  3],21,35,51,14,28
1,<environment.Job instance at 0x7efbd80a8c30>,27,17,[14  2],28,57,74,29,45
1,<environment.Job instance at 0x7efbd80a8640>,28,16,[ 4 14],29,74,90,45,63
1,<environment.Job instance at 0x7efbd80a8be0>,29,18,[9 1],30,74,92,44,63
1,<environment.Job instance at 0x7efbd80951e0>,30,16,[ 1 10],31,90,106,59,77
1,<environment.Job instance at 0x7efbd80ae370>,7,23,[10  1],8,92,115,84,87
1,<environment.Job instance at 0x7efbd8095460>,32,16,[6 2],33,115,131,82,102
1,<environment.Job instance at 0x7efbd8095fa0>,33,14,[1 5],34,106,120,72,102
1,<environment.Job instance at 0x7efbd80ae5a0>,10,22,[5 3],11,115,137,104,108
1,<environment.Job instance at 0x7efbd8095a50>,31,25,[13  5],32,137,162,105,133
1,<environment.Job instance at 0x7efbd8095d20>,36,17,[4 7],37,162,179,125,150
1,<environment.Job instance at 0x7efbd8095c30>,43,17,[10  5],44,162,179,118,150
1,<environment.Job instance at 0x7efbd8095f50>,37,16,[ 5 10],38,179,195,141,168
1,<environment.Job instance at 0x7efbd886bbe0>,53,16,[7 4],54,179,195,125,168
1,<environment.Job instance at 0x7efbd80844b0>,1,15,[5 6],2,2,17,0,2
1,<environment.Job instance at 0x7efbd886baf0>,2,15,[11  2],3,17,32,14,3
1,<environment.Job instance at 0x7efbd8138820>,5,17,[5 1],6,32,49,26,20
1,<environment.Job instance at 0x7efbd8138960>,10,21,[6 4],11,32,53,21,24
1,<environment.Job instance at 0x7efbd8ac5230>,13,19,[5 4],14,49,68,35,39
1,<environment.Job instance at 0x7efbd8ac5370>,15,22,[3 6],16,39,61,23,39
1,<environment.Job instance at 0x7efbd8ac5820>,21,22,[7 5],22,53,75,31,46
1,<environment.Job instance at 0x7efbd8ac59b0>,25,16,[4 5],26,68,84,42,55
1,<environment.Job instance at 0x7efbd8ac5e10>,30,12,[9 2],31,75,87,44,58
1,<environment.Job instance at 0x7efbd8ac5fa0>,35,13,[8 1],36,87,100,51,71
1,<environment.Job instance at 0x7efbd8d5f370>,38,17,[9 3],39,100,117,61,88
1,<environment.Job instance at 0x7efbd8d5f500>,39,20,[ 1 10],40,88,108,48,88
1,<environment.Job instance at 0x7efbd8d5f550>,40,19,[9 3],41,117,136,76,107
1,<environment.Job instance at 0x7efbd8d5f5a0>,41,16,[3 9],42,108,124,66,107
1,<environment.Job instance at 0x7efbd8d5f6e0>,48,18,[7 3],49,136,154,87,125
1,<environment.Job instance at 0x7efbd8d5f910>,49,20,[5 7],50,125,145,75,125
1,<environment.Job instance at 0x7efbd8d5fe10>,56,23,[6 5],57,145,168,88,139
1,<environment.Job instance at 0x7efbd8d3c280>,58,19,[5 3],59,154,173,95,144
1,<environment.Job instance at 0x7efbd8d3c3c0>,62,18,[2 8],63,168,186,105,157
1,<environment.Job instance at 0x7efbd8d3c460>,63,23,[6 2],64,168,191,104,162
1,<environment.Job instance at 0x7f23b6f86230>,0,13,[9 3],1,1,14,0,1
1,<environment.Job instance at 0x7f23b6f86320>,2,22,[4 8],3,3,25,0,3
1,<environment.Job instance at 0x7f23ad80e640>,4,21,[1 6],5,14,35,9,6
1,<environment.Job instance at 0x7f23ad80e550>,6,20,[6 1],7,14,34,7,9
1,<environment.Job instance at 0x7f23ad80ed70>,14,13,[7 3],15,25,38,10,22
1,<environment.Job instance at 0x7f23ad80eaa0>,10,18,[ 3 11],11,35,53,24,24
1,<environment.Job instance at 0x7f23ad810140>,24,13,[ 3 14],25,53,66,28,37
1,<environment.Job instance at 0x7f23ad8104b0>,26,26,[1 8],27,66,92,39,63
1,<environment.Job instance at 0x7f23ad810640>,27,25,[5 7],28,66,91,38,63
1,<environment.Job instance at 0x7f23ad810820>,30,27,[4 8],31,92,119,61,90
1,<environment.Job instance at 0x7f23ad810410>,23,18,[2 7],24,91,109,67,90
1,<environment.Job instance at 0x7f23ad80e820>,7,25,[6 2],8,109,134,101,105
1,<environment.Job instance at 0x7f23ad810a00>,33,16,[2 8],34,119,135,85,106
1,<environment.Job instance at 0x7f23ad810b40>,35,15,[9 5],36,134,149,98,120
1,<environment.Job instance at 0x7f23ad810e10>,38,20,[ 1 10],39,135,155,96,127
1,<environment.Job instance at 0x7f23ad810f00>,40,15,[10  3],41,149,164,108,139
1,<environment.Job instance at 0x7f23ad810dc0>,42,20,[9 4],43,164,184,121,155
1,<environment.Job instance at 0x7f23ad814280>,45,13,[6 5],46,164,177,118,155
1,<environment.Job instance at 0x7f23ad8143c0>,47,20,[6 5],48,177,197,129,168
1,<environment.Job instance at 0x7f23ad814640>,51,20,[5 3],52,184,204,132,175
1,<environment.Job instance at 0x7f23ad81f500>,0,13,[8 5],1,1,14,0,1
1,<environment.Job instance at 0x7f23ad814730>,1,14,[2 9],2,2,16,0,2
1,<environment.Job instance at 0x7f23ad7ab050>,4,20,[5 2],5,14,34,9,5
1,<environment.Job instance at 0x7f23ad8ff6e0>,12,12,[1 7],13,16,28,3,14
1,<environment.Job instance at 0x7f23ad8ffe60>,18,12,[10  5],19,28,40,9,19
1,<environment.Job instance at 0x7f23ad8ff050>,20,14,[2 7],21,34,48,13,21
1,<environment.Job instance at 0x7f23ad8ea190>,25,16,[2 8],26,40,56,14,27
1,<environment.Job instance at 0x7f23ad8ea9b0>,32,13,[9 4],33,48,61,15,33
1,<environment.Job instance at 0x7f23ad8ea0f0>,34,17,[3 8],35,56,73,21,44
1,<environment.Job instance at 0x7f23ad228050>,40,14,[6 1],41,61,75,20,46
1,<environment.Job instance at 0x7f23acf3c370>,42,16,[3 8],43,73,89,30,60
1,<environment.Job instance at 0x7f23ace6e870>,43,14,[10  1],44,75,89,31,60
1,<environment.Job instance at 0x7f23ad27b4b0>,46,13,[6 3],47,61,74,14,60
1,<environment.Job instance at 0x7f23ad2d8f00>,47,13,[7 4],48,89,102,41,73
1,<environment.Job instance at 0x7f23ad2d8fa0>,49,20,[1 7],50,89,109,39,80
1,<environment.Job instance at 0x7f23ad30c230>,57,16,[2 8],58,102,118,44,89
1,<environment.Job instance at 0x7f23ad2bb410>,64,16,[7 4],65,109,125,44,96
1,<environment.Job instance at 0x7f23ad3967d0>,72,14,[5 5],73,118,132,45,103
1,<environment.Job instance at 0x7f23ad318640>,75,19,[9 4],76,125,144,49,115
1,<environment.Job instance at 0x7f23ad3185f0>,80,14,[2 7],81,132,146,51,117
1,<environment.Job instance at 0x7f23ad318fa0>,81,15,[4 8],82,144,159,62,130
1,<environment.Job instance at 0x7f23ad2e5be0>,86,15,[3 6],87,146,161,59,132
1,<environment.Job instance at 0x7f23ad328320>,88,16,[2 6],89,159,175,70,146
1,<environment.Job instance at 0x7f23ad3280f0>,90,19,[5 5],91,161,180,70,151
1,<environment.Job instance at 0x7f23ad2bf140>,92,20,[8 5],93,175,195,82,166
1,<environment.Job instance at 0x7f23ad309230>,95,13,[4 8],96,180,193,84,166
1,<environment.Job instance at 0x7f23ad309320>,96,13,[5 8],97,193,206,96,177
1,<environment.Job instance at 0x7f23ad81fdc0>,0,12,[ 3 14],1,1,13,0,1
1,<environment.Job instance at 0x7f23acea1780>,4,18,[8 3],5,13,31,8,5
1,<environment.Job instance at 0x7f23ad81f870>,1,21,[4 8],2,13,34,11,5
1,<environment.Job instance at 0x7f23acea1c30>,7,16,[5 8],8,34,50,26,21
1,<environment.Job instance at 0x7f23ad81faa0>,5,14,[8 5],6,31,45,25,21
1,<environment.Job instance at 0x7f23acea11e0>,13,13,[11  5],14,50,63,36,34
1,<environment.Job instance at 0x7f23acea12d0>,15,13,[5 5],16,63,76,47,47
1,<environment.Job instance at 0x7f23acea1140>,8,13,[1 7],9,55,68,46,55
1,<environment.Job instance at 0x7f23acf03140>,18,14,[7 5],19,68,82,49,55
1,<environment.Job instance at 0x7f23acf03fa0>,25,15,[8 5],26,76,91,50,62
1,<environment.Job instance at 0x7f23acea18c0>,16,20,[12  3],17,91,111,74,87
1,<environment.Job instance at 0x7f23acf03eb0>,32,12,[7 2],33,111,123,78,95
1,<environment.Job instance at 0x7f23acf03320>,33,22,[ 1 12],34,95,117,61,95
1,<environment.Job instance at 0x7f23acf035f0>,34,20,[3 8],35,117,137,82,108
1,<environment.Job instance at 0x7f23acf032d0>,37,24,[13  5],38,137,161,99,132
1,<environment.Job instance at 0x7f23acf03c80>,38,17,[4 8],39,161,178,122,149
1,<environment.Job instance at 0x7f23ad696140>,50,16,[5 9],51,178,194,127,165
1,<environment.Job instance at 0x7f23acea1640>,14,24,[8 4],15,165,189,150,165
1,<environment.Job instance at 0x7f23ad993f50>,1,15,[6 3],2,2,17,0,2
1,<environment.Job instance at 0x7f23ad3284b0>,3,18,[7 5],4,4,22,0,4
1,<environment.Job instance at 0x7f23ad328460>,9,17,[5 9],10,17,34,7,12
1,<environment.Job instance at 0x7f23ad328280>,10,17,[12  4],11,34,51,23,22
1,<environment.Job instance at 0x7f23ad309820>,20,20,[2 9],21,34,54,13,32
1,<environment.Job instance at 0x7f23ad309780>,23,14,[1 5],24,51,65,27,36
1,<environment.Job instance at 0x7f23ad3eb9b0>,25,18,[1 7],26,54,72,28,43
1,<environment.Job instance at 0x7f23ad364a50>,28,15,[1 6],29,65,80,36,51
1,<environment.Job instance at 0x7f23ad348640>,31,20,[10  5],32,72,92,40,63
1,<environment.Job instance at 0x7f23ad348460>,33,15,[7 4],34,92,107,58,78
1,<environment.Job instance at 0x7f23ad348eb0>,35,13,[1 7],36,83,96,47,83
1,<environment.Job instance at 0x7f23ad2f0730>,42,13,[5 5],43,96,109,53,83
1,<environment.Job instance at 0x7f23ad3239b0>,46,14,[6 4],47,107,121,60,92
1,<environment.Job instance at 0x7f23ad49f550>,54,20,[3 8],55,109,129,54,104
1,<environment.Job instance at 0x7f23ad49f3c0>,55,17,[2 9],56,129,146,73,117
1,<environment.Job instance at 0x7f23ad49f0f0>,56,14,[ 4 10],57,146,160,89,133
1,<environment.Job instance at 0x7f23ad31d0a0>,57,13,[6 2],58,134,147,76,134
1,<environment.Job instance at 0x7f23ad31d280>,59,19,[9 4],60,147,166,87,140
1,<environment.Job instance at 0x7f23ad31dbe0>,61,18,[6 1],62,160,178,98,149
1,<environment.Job instance at 0x7f23ad3097d0>,21,17,[ 2 13],22,166,183,144,154
1,<environment.Job instance at 0x7f23ad228e10>,63,18,[14  3],64,183,201,119,172
1,<environment.Job instance at 0x7f23adc3bf00>,0,21,[5 2],1,1,22,0,1
1,<environment.Job instance at 0x7f23ad605960>,1,23,[ 4 11],2,2,25,0,2
1,<environment.Job instance at 0x7f23ad605b40>,5,12,[3 6],6,25,37,19,8
1,<environment.Job instance at 0x7f23adc3dc80>,10,15,[5 2],11,11,26,0,11
1,<environment.Job instance at 0x7f23ad605280>,7,13,[7 4],8,25,38,17,13
1,<environment.Job instance at 0x7f23ad605c80>,4,19,[ 4 11],5,37,56,32,27
1,<environment.Job instance at 0x7f23ad605460>,6,12,[11  1],7,38,50,31,27
1,<environment.Job instance at 0x7f23adc3d730>,14,22,[9 4],15,50,72,35,43
1,<environment.Job instance at 0x7f23ad6168c0>,27,20,[3 7],28,56,76,28,47
1,<environment.Job instance at 0x7f23ad616d70>,30,18,[1 5],31,72,90,41,61
1,<environment.Job instance at 0x7f23ad616370>,35,13,[ 2 10],36,76,89,40,61
1,<environment.Job instance at 0x7f23addbbe60>,44,13,[5 4],45,89,102,44,73
1,<environment.Job instance at 0x7f23adc3b460>,45,14,[8 5],46,89,103,43,74
1,<environment.Job instance at 0x7f23adee9320>,48,15,[7 2],49,102,117,53,88
1,<environment.Job instance at 0x7f23ace48d20>,51,16,[4 6],52,103,119,51,90
1,<environment.Job instance at 0x7f23acdff820>,58,13,[5 3],59,117,130,58,101
1,<environment.Job instance at 0x7f23adc3d690>,17,14,[2 6],18,103,117,85,101
1,<environment.Job instance at 0x7f23ace114b0>,61,16,[5 1],62,117,133,55,105
1,<environment.Job instance at 0x7f23ace036e0>,64,18,[2 8],65,119,137,54,109
1,<environment.Job instance at 0x7f23ad616280>,69,17,[1 6],70,130,147,60,118
1,<environment.Job instance at 0x7f23ad616500>,70,21,[1 8],71,137,158,66,131
1,<environment.Job instance at 0x7f23adc3d0f0>,15,27,[12  1],16,133,160,117,131
1,<environment.Job instance at 0x7f23ace11fa0>,62,23,[ 1 14],63,158,181,95,152
1,<environment.Job instance at 0x7f23ace1d640>,79,20,[3 8],80,181,201,101,172
1,<environment.Job instance at 0x7f23ace1d960>,84,17,[10  5],85,181,198,96,172
1,<environment.Job instance at 0x7f23acdeb370>,3,14,[7 2],4,4,18,0,4
1,<environment.Job instance at 0x7f23acdeb5a0>,6,12,[6 1],7,7,19,0,7
1,<environment.Job instance at 0x7f23acdeb7d0>,9,20,[5 6],10,18,38,8,10
1,<environment.Job instance at 0x7f23acdebd70>,10,15,[10  1],11,19,34,8,11
1,<environment.Job instance at 0x7f23acdeb550>,14,12,[ 3 12],15,38,50,23,21
1,<environment.Job instance at 0x7f23acdeb960>,15,12,[11  4],16,50,62,34,33
1,<environment.Job instance at 0x7f23acdebb90>,12,16,[6 5],13,62,78,49,50
1,<environment.Job instance at 0x7f23acdeb9b0>,11,14,[3 8],12,50,64,38,50
1,<environment.Job instance at 0x7f23ace69a50>,28,17,[9 2],29,64,81,35,56
1,<environment.Job instance at 0x7f23acdeb500>,13,14,[5 4],14,78,92,64,64
1,<environment.Job instance at 0x7f23ace56640>,34,17,[3 9],35,81,98,46,69
1,<environment.Job instance at 0x7f23ace57410>,41,17,[2 7],42,98,115,56,86
1,<environment.Job instance at 0x7f23ace57370>,43,17,[8 3],44,92,109,48,86
1,<environment.Job instance at 0x7f23ace57dc0>,48,18,[5 9],49,115,133,66,104
1,<environment.Job instance at 0x7f23ace57a00>,50,14,[7 4],51,109,123,58,104
1,<environment.Job instance at 0x7f23ace325f0>,57,21,[2 5],58,123,144,65,115
1,<environment.Job instance at 0x7f23ace32b90>,58,19,[7 2],59,133,152,74,126
1,<environment.Job instance at 0x7f23ace324b0>,60,14,[2 7],61,133,147,72,127
1,<environment.Job instance at 0x7f23ace32410>,62,14,[5 5],63,144,158,81,129
1,<environment.Job instance at 0x7f23ace32f00>,68,18,[1 5],69,147,165,78,136
1,<environment.Job instance at 0x7f23ace322d0>,70,12,[6 3],71,152,164,81,137
1,<environment.Job instance at 0x7f23ace32b40>,71,16,[10  2],72,164,180,92,151
1,<environment.Job instance at 0x7f23ace50910>,76,18,[6 2],77,180,198,103,169
1,<environment.Job instance at 0x7f23ace50690>,78,13,[7 5],79,180,193,101,169
1,<environment.Job instance at 0x7f23ace50410>,81,15,[7 3],82,193,208,111,179
1,<environment.Job instance at 0x7f23ad32e9b0>,1,14,[5 7],2,2,16,0,2
1,<environment.Job instance at 0x7f23ace02af0>,2,16,[4 6],3,3,19,0,3
1,<environment.Job instance at 0x7f23ace02320>,3,13,[8 1],4,16,29,12,4
1,<environment.Job instance at 0x7f23ace027d0>,5,16,[ 3 10],6,19,35,13,6
1,<environment.Job instance at 0x7f23ace02d20>,7,18,[8 3],8,29,47,21,18
1,<environment.Job instance at 0x7f23ace02690>,11,19,[6 1],12,35,54,23,25
1,<environment.Job instance at 0x7f23ace029b0>,12,12,[2 5],13,47,59,34,30
1,<environment.Job instance at 0x7f23ace03870>,13,20,[9 2],14,54,74,40,45
1,<environment.Job instance at 0x7f23ace03d20>,17,22,[2 8],18,47,69,29,45
1,<environment.Job instance at 0x7f23ace035f0>,19,20,[4 6],20,69,89,49,60
1,<environment.Job instance at 0x7f23ace03640>,23,14,[10  4],24,74,88,50,60
1,<environment.Job instance at 0x7f23ace03500>,24,19,[4 7],25,88,107,63,78
1,<environment.Job instance at 0x7f23ace03eb0>,27,18,[1 9],28,107,125,79,96
1,<environment.Job instance at 0x7f23ace030f0>,28,19,[3 6],29,96,115,67,96
1,<environment.Job instance at 0x7f23ace03690>,29,19,[9 1],30,115,134,85,105
1,<environment.Job instance at 0x7f23ad4980a0>,32,18,[5 2],33,115,133,82,106
1,<environment.Job instance at 0x7f23ad498c80>,33,16,[7 5],34,134,150,100,121
1,<environment.Job instance at 0x7f23ad498e60>,35,12,[8 3],36,134,146,98,121
1,<environment.Job instance at 0x7f23ad69df00>,39,16,[4 8],40,146,162,106,133
1,<environment.Job instance at 0x7f23ad69dfa0>,40,13,[9 1],41,150,163,109,134
1,<environment.Job instance at 0x7f23ad69da50>,45,12,[3 5],46,162,174,116,145
1,<environment.Job instance at 0x7f23adc291e0>,54,19,[5 2],55,163,182,108,153
1,<environment.Job instance at 0x7f23adc29f50>,56,12,[3 6],57,162,174,105,161
1,<environment.Job instance at 0x7f23ad260f50>,60,12,[9 5],61,174,186,113,161
1,<environment.Job instance at 0x7f23ad2600a0>,64,12,[8 3],65,186,198,121,169
1,<environment.Job instance at 0x7f23ad260960>,65,18,[ 2 10],66,182,200,116,171
1,<environment.Job instance at 0x7f23adb6e410>,0,18,[3 9],1,1,19,0,1
1,<environment.Job instance at 0x7f23ad260960>,2,23,[6 1],3,4,27,1,4
1,<environment.Job instance at 0x7f23ad78b5f0>,1,14,[ 3 13],2,19,33,17,4
1,<environment.Job instance at 0x7f23ae212c30>,4,12,[5 1],5,5,17,0,5
1,<environment.Job instance at 0x7f23b6a11fa0>,9,12,[ 1 13],10,33,45,23,16
1,<environment.Job instance at 0x7f23acf67cd0>,7,14,[1 9],8,45,59,37,30
1,<environment.Job instance at 0x7f23b6a0c190>,10,26,[ 2 10],11,59,85,48,56
1,<environment.Job instance at 0x7f23ad779140>,12,12,[1 6],13,85,97,72,68
1,<environment.Job instance at 0x7f23ae3c5dc0>,13,17,[5 5],14,68,85,54,68
1,<environment.Job instance at 0x7f23ad779640>,14,16,[ 3 12],15,97,113,82,84
1,<environment.Job instance at 0x7f23ad162280>,15,26,[ 5 13],16,113,139,97,110
1,<environment.Job instance at 0x7f23ae3b79b0>,16,19,[6 2],17,110,129,93,110
1,<environment.Job instance at 0x7f23ae3b7960>,17,15,[11  1],18,139,154,121,125
1,<environment.Job instance at 0x7f23ae212190>,6,12,[4 8],7,139,151,132,125
1,<environment.Job instance at 0x7f23acdd0c30>,11,18,[10  5],12,154,172,142,143
1,<environment.Job instance at 0x7f23ae3b25f0>,21,13,[7 2],22,172,185,150,156
1,<environment.Job instance at 0x7f23ae3b2190>,22,12,[5 2],23,156,168,133,156
1,<environment.Job instance at 0x7f23ae3acf00>,23,15,[3 9],24,168,183,144,156
1,<environment.Job instance at 0x7f23ae3ac640>,26,15,[6 2],27,183,198,156,169
1,<environment.Job instance at 0x7f23ae3b7410>,19,14,[9 3],20,185,199,165,170
1,<environment.Job instance at 0x7f23adffab90>,0,12,[5 8],1,1,13,0,1
1,<environment.Job instance at 0x7f23adfc3230>,4,21,[10  1],5,5,26,0,5
1,<environment.Job instance at 0x7f23adfc3820>,12,16,[ 5 10],13,13,29,0,13
1,<environment.Job instance at 0x7f23adfc3a50>,17,12,[10  2],18,26,38,8,18
1,<environment.Job instance at 0x7f23adfc3b40>,19,16,[3 6],20,29,45,9,20
1,<environment.Job instance at 0x7f23adfc3eb0>,20,15,[1 6],21,29,44,8,21
1,<environment.Job instance at 0x7f23ad7c4be0>,24,13,[7 5],25,44,57,19,28
1,<environment.Job instance at 0x7f23ad7c4050>,28,19,[3 5],29,45,64,16,35
1,<environment.Job instance at 0x7f23ad7c4c80>,30,14,[4 6],31,57,71,26,42
1,<environment.Job instance at 0x7f23ad7c4fa0>,32,15,[9 2],33,64,79,31,50
1,<environment.Job instance at 0x7f23ad7c4a50>,33,16,[8 4],34,79,95,45,66
1,<environment.Job instance at 0x7f23ad7c4d20>,36,12,[ 2 10],37,71,83,34,66
1,<environment.Job instance at 0x7f23ad7c4640>,41,17,[4 9],42,83,100,41,71
1,<environment.Job instance at 0x7f23ad7c43c0>,43,13,[7 4],44,95,108,51,79
1,<environment.Job instance at 0x7f23ad79a550>,48,14,[4 9],49,100,114,51,85
1,<environment.Job instance at 0x7f23ad79ab40>,52,19,[9 4],53,108,127,55,98
1,<environment.Job instance at 0x7f23ad79af00>,53,18,[4 7],54,114,132,60,103
1,<environment.Job instance at 0x7f23ad794e10>,59,18,[10  5],60,127,145,67,116
1,<environment.Job instance at 0x7f23ad794500>,62,19,[5 7],63,132,151,69,122
1,<environment.Job instance at 0x7f23ad794870>,65,14,[3 5],66,145,159,79,130
1,<environment.Job instance at 0x7f23ad794910>,70,12,[3 5],71,151,163,80,149
1,<environment.Job instance at 0x7f23ad794190>,74,15,[ 1 10],75,159,174,84,149
1,<environment.Job instance at 0x7f23ad794b40>,75,15,[7 1],76,163,178,87,149
1,<environment.Job instance at 0x7f23ad794c80>,76,16,[8 4],77,174,190,97,161
1,<environment.Job instance at 0x7f23ad794960>,77,17,[5 5],78,178,195,100,166
1,<environment.Job instance at 0x7f23ad7a1e60>,82,18,[2 5],83,178,196,95,167
1,<environment.Job instance at 0x7f23ad7a16e0>,84,15,[2 5],85,190,205,105,176
1,<environment.Job instance at 0x7f23ad22aaa0>,0,15,[5 8],1,1,16,0,1
1,<environment.Job instance at 0x7f23ad952820>,3,23,[10  3],4,4,27,0,4
1,<environment.Job instance at 0x7f23ad93da50>,7,15,[6 1],8,27,42,19,13
1,<environment.Job instance at 0x7f23ad93dd70>,12,12,[10  5],13,42,54,29,25
1,<environment.Job instance at 0x7f23ad93db90>,13,17,[10  4],14,54,71,40,42
1,<environment.Job instance at 0x7f23ad93d870>,14,21,[5 6],15,42,63,27,42
1,<environment.Job instance at 0x7f23ad93d9b0>,16,23,[5 1],17,63,86,46,57
1,<environment.Job instance at 0x7f23ad93d280>,20,16,[8 1],21,71,87,50,58
1,<environment.Job instance at 0x7f23ad8e7be0>,26,19,[4 7],27,86,105,59,76
1,<environment.Job instance at 0x7f23ad942be0>,29,17,[2 8],30,87,104,57,76
1,<environment.Job instance at 0x7f23adbeb9b0>,31,12,[10  3],32,104,116,72,87
1,<environment.Job instance at 0x7f23ad6ace60>,32,13,[5 1],33,105,118,72,89
1,<environment.Job instance at 0x7f23ad6e9410>,34,13,[9 5],35,116,129,81,100
1,<environment.Job instance at 0x7f23ad3980f0>,37,18,[5 3],38,118,136,80,107
1,<environment.Job instance at 0x7f23ad3714b0>,38,15,[9 3],39,129,144,90,115
1,<environment.Job instance at 0x7f23ad6e9a00>,39,20,[3 9],40,136,156,96,127
1,<environment.Job instance at 0x7f23ad95ea00>,47,14,[1 8],48,156,170,108,141
1,<environment.Job instance at 0x7f23adac4f00>,54,21,[1 9],55,170,191,115,162
1,<environment.Job instance at 0x7f23ad93deb0>,9,15,[13  2],10,162,177,152,162
1,<environment.Job instance at 0x7f23adac5820>,58,12,[11  5],59,177,189,118,162
1,<environment.Job instance at 0x7f23adac9f00>,59,12,[9 1],60,189,201,129,172
1,<environment.Job instance at 0x7f23adb9e2d0>,0,27,[ 4 10],1,1,28,0,1
1,<environment.Job instance at 0x7f23adb9e0f0>,3,26,[5 3],4,4,30,0,4
1,<environment.Job instance at 0x7f23ad7ce5f0>,11,12,[ 5 13],12,30,42,18,13
1,<environment.Job instance at 0x7f23ad7cef00>,15,15,[7 3],16,42,57,26,28
1,<environment.Job instance at 0x7f23ad7ce7d0>,12,28,[13  2],13,57,85,44,56
1,<environment.Job instance at 0x7f23ad7ce410>,17,16,[2 7],18,56,72,38,56
1,<environment.Job instance at 0x7f23ad7ceaf0>,18,18,[3 9],19,85,103,66,74
1,<environment.Job instance at 0x7f23ae3a0d20>,24,18,[5 3],25,85,103,60,76
1,<environment.Job instance at 0x7f23ae3a0f00>,32,18,[5 2],33,85,103,52,77
1,<environment.Job instance at 0x7f23ad7ce960>,19,26,[ 5 12],20,103,129,83,100
1,<environment.Job instance at 0x7f23ae3a0b90>,42,22,[ 2 12],43,129,151,86,122
1,<environment.Job instance at 0x7f23ae3a04b0>,43,15,[8 1],44,124,139,80,124
1,<environment.Job instance at 0x7f23ad755550>,52,15,[14  1],53,151,166,98,137
1,<environment.Job instance at 0x7f23ad755820>,51,16,[4 7],52,166,182,114,154
1,<environment.Job instance at 0x7f23ad7554b0>,56,15,[7 3],57,166,181,109,154
1,<environment.Job instance at 0x7f23ad7555f0>,53,25,[5 6],54,181,206,127,177
1,<environment.Job instance at 0x7f23ad755460>,60,21,[7 3],61,182,203,121,177
1,<environment.Job instance at 0x7f23acbf1f50>,0,12,[9 4],1,1,13,0,1
1,<environment.Job instance at 0x7f23ad7559b0>,2,25,[2 6],3,3,28,0,3
1,<environment.Job instance at 0x7f23acd11370>,3,15,[11  2],4,13,28,9,4
1,<environment.Job instance at 0x7f23acd11690>,10,14,[4 9],11,28,42,17,14
1,<environment.Job instance at 0x7f23acd116e0>,11,28,[4 7],12,42,70,30,41
1,<environment.Job instance at 0x7f23acd11320>,6,15,[5 7],7,42,57,35,41
1,<environment.Job instance at 0x7f23acc2ebe0>,16,18,[8 2],17,57,75,40,46
1,<environment.Job instance at 0x7f23acd117d0>,9,17,[ 3 14],10,75,92,65,63
1,<environment.Job instance at 0x7f23acc2e960>,20,16,[ 1 12],21,92,108,71,79
1,<environment.Job instance at 0x7f23acc2eaf0>,21,21,[3 7],22,108,129,86,100
1,<environment.Job instance at 0x7f23acc2e8c0>,18,17,[5 4],19,108,125,89,104
1,<environment.Job instance at 0x7f23acc2e9b0>,22,12,[ 2 12],23,129,141,106,112
1,<environment.Job instance at 0x7f23acc2eb90>,24,12,[3 7],25,141,153,116,124
1,<environment.Job instance at 0x7f23acc2ee10>,25,16,[13  1],26,153,169,127,140
1,<environment.Job instance at 0x7f23acc2e460>,31,13,[7 1],32,169,182,137,153
1,<environment.Job instance at 0x7f23acc2eb40>,26,15,[ 4 10],27,169,184,142,160
1,<environment.Job instance at 0x7f23acc95370>,36,16,[11  1],37,182,198,145,169
1,<environment.Job instance at 0x7f23acc95f00>,37,16,[4 6],38,184,200,146,171
1,<environment.Job instance at 0x7f23acfe6870>,1,12,[ 3 11],2,2,14,0,2
1,<environment.Job instance at 0x7f23ad2d65a0>,3,14,[10  5],4,14,28,10,4
1,<environment.Job instance at 0x7f23ad661870>,9,14,[6 5],10,28,42,18,13
1,<environment.Job instance at 0x7f23acf047d0>,12,20,[8 4],13,28,48,15,19
1,<environment.Job instance at 0x7f23acf049b0>,13,15,[ 3 10],14,42,57,28,29
1,<environment.Job instance at 0x7f23ae103e60>,6,13,[14  1],7,57,70,50,41
1,<environment.Job instance at 0x7f23acf04aa0>,16,18,[1 8],17,57,75,40,46
1,<environment.Job instance at 0x7f23acf04960>,19,18,[8 3],20,70,88,50,59
1,<environment.Job instance at 0x7f23acf04a50>,22,17,[6 1],23,70,87,47,59
1,<environment.Job instance at 0x7f23ae45cd20>,26,21,[2 6],27,87,108,60,79
1,<environment.Job instance at 0x7f23ae45cc30>,44,19,[7 2],45,88,107,43,79
1,<environment.Job instance at 0x7f23ae45cf00>,45,13,[5 4],46,87,100,41,79
1,<environment.Job instance at 0x7f23ada6fcd0>,47,15,[8 2],48,107,122,59,93
1,<environment.Job instance at 0x7f23ada6f0a0>,50,22,[5 5],51,100,122,49,95
1,<environment.Job instance at 0x7f23ada6f320>,51,15,[5 6],52,122,137,70,108
1,<environment.Job instance at 0x7f23ada6f5f0>,56,18,[5 3],57,122,140,65,111
1,<environment.Job instance at 0x7f23ada6f4b0>,57,14,[7 5],58,137,151,79,122
1,<environment.Job instance at 0x7f23ad1c9550>,73,16,[7 3],74,140,156,66,130
1,<environment.Job instance at 0x7f23ad1c95f0>,75,17,[8 3],76,151,168,75,139
1,<environment.Job instance at 0x7f23ad741dc0>,78,14,[5 6],79,156,170,77,141
1,<environment.Job instance at 0x7f23acf040f0>,17,21,[13  1],18,170,191,152,162
1,<environment.Job instance at 0x7f23b69b4cd0>,10,17,[ 2 14],11,170,187,159,162
1,<environment.Job instance at 0x7f23ae1b5c80>,0,23,[ 5 14],1,1,24,0,1
1,<environment.Job instance at 0x7f23b69b4cd0>,2,13,[14  3],3,24,37,21,8
1,<environment.Job instance at 0x7f23ad56a320>,7,17,[1 9],8,24,41,16,12
1,<environment.Job instance at 0x7f23ad0a9780>,8,17,[7 2],9,37,54,28,25
1,<environment.Job instance at 0x7f23ae26dbe0>,9,22,[5 1],10,37,59,27,30
1,<environment.Job instance at 0x7f23ae430280>,5,14,[10  1],6,54,68,48,43
1,<environment.Job instance at 0x7f23acfab6e0>,11,18,[6 3],12,68,86,56,57
1,<environment.Job instance at 0x7f23ad9affa0>,13,24,[14  4],14,86,110,72,81
1,<environment.Job instance at 0x7f23ad2d65f0>,4,15,[1 6],5,83,98,78,83
1,<environment.Job instance at 0x7f23ad9af820>,16,13,[5 5],17,110,123,93,94
1,<environment.Job instance at 0x7f23ad9afdc0>,14,19,[3 8],15,110,129,95,100
1,<environment.Job instance at 0x7f23adc534b0>,28,23,[13  4],29,129,152,100,123
1,<environment.Job instance at 0x7f23adc53280>,29,16,[2 7],30,123,139,93,123
1,<environment.Job instance at 0x7f23adc53550>,30,16,[6 5],31,152,168,121,140
1,<environment.Job instance at 0x7f23adc530f0>,31,17,[ 3 10],32,152,169,120,140
1,<environment.Job instance at 0x7f23adc53640>,32,13,[6 2],33,168,181,135,152
1,<environment.Job instance at 0x7f23adc53780>,33,21,[1 5],34,169,190,135,161
1,<environment.Job instance at 0x7f23adc53460>,34,15,[3 6],35,169,184,134,161
1,<environment.Job instance at 0x7f23adc538c0>,35,20,[11  5],36,184,204,148,177
1,<environment.Job instance at 0x7f23adc531e0>,2,16,[3 6],3,3,19,0,3
1,<environment.Job instance at 0x7f23b6b4c0f0>,10,13,[11  5],11,11,24,0,11
1,<environment.Job instance at 0x7f23b6b4c050>,11,12,[11  2],12,24,36,12,12
1,<environment.Job instance at 0x7f23acc15870>,14,12,[2 7],15,19,31,4,15
1,<environment.Job instance at 0x7f23acc15230>,19,25,[5 2],20,36,61,16,32
1,<environment.Job instance at 0x7f23acc15690>,20,15,[2 6],21,32,47,11,32
1,<environment.Job instance at 0x7f23acc15c30>,15,12,[5 6],16,36,48,20,32
1,<environment.Job instance at 0x7f23acc15be0>,17,18,[6 5],18,48,66,30,37
1,<environment.Job instance at 0x7f23ad9692d0>,41,18,[2 6],42,47,65,5,42
1,<environment.Job instance at 0x7f23ad969280>,47,15,[10  3],48,66,81,18,52
1,<environment.Job instance at 0x7f23adeb0050>,52,13,[2 5],53,65,78,12,53
1,<environment.Job instance at 0x7f23adeb09b0>,53,16,[ 4 10],54,78,94,24,65
1,<environment.Job instance at 0x7f23adeb0f00>,55,12,[1 7],56,66,78,10,65
1,<environment.Job instance at 0x7f23adeb0be0>,56,16,[8 1],57,81,97,24,70
1,<environment.Job instance at 0x7f23adeb0460>,57,14,[9 3],58,97,111,39,82
1,<environment.Job instance at 0x7f23adeb0910>,59,12,[8 3],60,111,123,51,94
1,<environment.Job instance at 0x7f23adeb0500>,60,20,[2 8],61,94,114,33,94
1,<environment.Job instance at 0x7f23adeb0c80>,63,15,[9 1],64,123,138,59,109
1,<environment.Job instance at 0x7f23ad969730>,48,20,[5 6],49,114,134,65,110
1,<environment.Job instance at 0x7f23adeb0fa0>,66,17,[10  3],67,138,155,71,126
1,<environment.Job instance at 0x7f23ad8f6d20>,74,14,[9 2],75,155,169,80,140
1,<environment.Job instance at 0x7f23acb0c0a0>,80,22,[1 6],81,141,163,60,141
1,<environment.Job instance at 0x7f23acb0c3c0>,82,17,[9 5],83,169,186,86,157
1,<environment.Job instance at 0x7f23acb0cbe0>,85,20,[3 9],86,168,188,82,168
1,<environment.Job instance at 0x7f23acb0c050>,89,16,[5 8],90,188,204,98,175
1,<environment.Job instance at 0x7f23acb0c320>,92,13,[8 2],93,186,199,93,175
1,<environment.Job instance at 0x7f23ae2cd640>,3,13,[11  5],4,4,17,0,4
1,<environment.Job instance at 0x7f23ae29a320>,10,18,[3 8],11,11,29,0,11
1,<environment.Job instance at 0x7f23ae29a050>,12,17,[7 2],13,17,34,4,13
1,<environment.Job instance at 0x7f23ae29a0a0>,15,18,[3 9],16,29,47,13,18
1,<environment.Job instance at 0x7f23ae2a4eb0>,21,13,[5 1],22,24,37,2,24
1,<environment.Job instance at 0x7f23ae2a4af0>,25,22,[6 5],26,34,56,8,27
1,<environment.Job instance at 0x7f23ae2a4280>,26,21,[6 5],27,47,68,20,39
1,<environment.Job instance at 0x7f23ae2a48c0>,28,15,[7 2],29,56,71,27,42
1,<environment.Job instance at 0x7f23ae2a4a50>,30,18,[3 9],31,68,86,37,57
1,<environment.Job instance at 0x7f23ae2b0aa0>,35,18,[5 3],36,68,86,32,57
1,<environment.Job instance at 0x7f23ae2b0eb0>,39,16,[5 5],40,86,102,46,73
1,<environment.Job instance at 0x7f23ae2b04b0>,40,12,[7 5],41,86,98,45,73
1,<environment.Job instance at 0x7f23ae2b00f0>,43,15,[5 2],44,98,113,54,84
1,<environment.Job instance at 0x7f23ae2a4370>,22,15,[ 3 11],23,102,117,79,90
1,<environment.Job instance at 0x7f23ae2b00a0>,45,18,[5 9],46,117,135,71,106
1,<environment.Job instance at 0x7f23ae2b0a00>,49,12,[3 5],50,117,129,67,106
1,<environment.Job instance at 0x7f23ae2ad960>,51,18,[8 1],52,129,147,77,118
1,<environment.Job instance at 0x7f23ae2ad730>,58,13,[7 1],59,135,148,76,119
1,<environment.Job instance at 0x7f23ad056910>,64,14,[5 2],65,147,161,82,132
1,<environment.Job instance at 0x7f23ad056f00>,75,17,[9 2],76,148,165,72,136
1,<environment.Job instance at 0x7f23ad056140>,76,14,[7 2],77,165,179,88,150
1,<environment.Job instance at 0x7f23ad056a00>,78,12,[5 7],79,161,173,82,150
1,<environment.Job instance at 0x7f23ad0565f0>,79,23,[1 5],80,150,173,70,150
1,<environment.Job instance at 0x7f23ad0560f0>,80,18,[5 4],81,173,191,92,162
1,<environment.Job instance at 0x7f23ad056550>,81,12,[1 8],82,173,185,91,162
1,<environment.Job instance at 0x7f23ad002500>,88,12,[1 6],89,185,197,96,170
1,<environment.Job instance at 0x7f23aced7870>,1,13,[8 2],2,2,15,0,2
1,<environment.Job instance at 0x7f23ade1b820>,2,13,[4 8],3,3,16,0,3
1,<environment.Job instance at 0x7f23ae41db40>,7,19,[4 8],8,16,35,8,8
1,<environment.Job instance at 0x7f23ae41dc30>,9,22,[7 3],10,15,37,5,10
1,<environment.Job instance at 0x7f23acdd1780>,26,14,[5 3],27,35,49,8,27
1,<environment.Job instance at 0x7f23acdd1cd0>,27,20,[10  4],28,37,57,9,28
1,<environment.Job instance at 0x7f23ae41dcd0>,12,16,[4 8],13,49,65,36,36
1,<environment.Job instance at 0x7f23acdd1280>,29,15,[13  1],30,65,80,35,51
1,<environment.Job instance at 0x7f23acdd1af0>,30,13,[ 5 11],31,80,93,49,64
1,<environment.Job instance at 0x7f23ade03e10>,47,14,[ 1 11],48,65,79,17,64
1,<environment.Job instance at 0x7f23ae41df00>,13,25,[ 5 14],14,93,118,79,89
1,<environment.Job instance at 0x7f23ae41d550>,10,13,[13  3],11,118,131,107,103
1,<environment.Job instance at 0x7f23ade03d70>,50,12,[ 2 12],51,118,130,67,103
1,<environment.Job instance at 0x7f23ade03230>,49,27,[7 2],50,131,158,81,129
1,<environment.Job instance at 0x7f23ade03550>,52,20,[5 5],53,131,151,78,130
1,<environment.Job instance at 0x7f23ade03fa0>,48,14,[ 5 14],49,158,172,109,143
1,<environment.Job instance at 0x7f23ade03af0>,51,20,[7 5],52,172,192,120,169
1,<environment.Job instance at 0x7f23ade03cd0>,55,23,[7 1],56,169,192,113,169
1,<environment.Job instance at 0x7f23ade034b0>,56,17,[1 7],57,172,189,115,170
1,<environment.Job instance at 0x7f23ade03dc0>,57,13,[5 1],58,192,205,134,176
1,<environment.Job instance at 0x7f23ade03460>,58,14,[7 3],59,192,206,133,177
1,<environment.Job instance at 0x7f23ade039b0>,2,17,[10  3],3,3,20,0,3
1,<environment.Job instance at 0x7f23ad5e8c30>,4,17,[ 2 10],5,5,22,0,5
1,<environment.Job instance at 0x7f23ad5e8550>,5,12,[2 8],6,22,34,16,6
1,<environment.Job instance at 0x7f23ad5e88c0>,10,22,[5 3],11,20,42,9,13
1,<environment.Job instance at 0x7f23ad5ae280>,19,13,[5 6],20,34,47,14,20
1,<environment.Job instance at 0x7f23ad5ae0a0>,22,23,[2 6],23,34,57,11,28
1,<environment.Job instance at 0x7f23ad5ae370>,26,19,[8 2],27,42,61,15,37
1,<environment.Job instance at 0x7f23ae054500>,29,18,[9 1],30,61,79,31,50
1,<environment.Job instance at 0x7f23ad2101e0>,30,16,[ 1 10],31,60,76,29,60
1,<environment.Job instance at 0x7f23acb406e0>,32,16,[6 2],33,76,92,43,64
1,<environment.Job instance at 0x7f23acb40370>,33,14,[1 5],34,79,93,45,64
1,<environment.Job instance at 0x7f23ae1dbcd0>,36,17,[4 7],37,79,96,42,69
1,<environment.Job instance at 0x7f23b6a1ce10>,37,16,[ 5 10],38,96,112,58,83
1,<environment.Job instance at 0x7f23ae1db050>,38,21,[3 5],39,93,114,54,86
1,<environment.Job instance at 0x7f23b6a1cc30>,43,17,[10  5],44,112,129,68,100
1,<environment.Job instance at 0x7f23ae2f9320>,44,13,[1 5],45,112,125,67,100
1,<environment.Job instance at 0x7f23ae2f9d20>,45,22,[3 9],46,125,147,79,118
1,<environment.Job instance at 0x7f23ae2f9870>,46,13,[3 9],47,147,160,100,131
1,<environment.Job instance at 0x7f23ae2f9460>,49,18,[5 4],50,131,149,81,131
1,<environment.Job instance at 0x7f23ae2f9c80>,50,16,[10  1],51,149,165,98,136
1,<environment.Job instance at 0x7f23ae2f9e10>,52,18,[3 7],53,160,178,107,149
1,<environment.Job instance at 0x7f23ae2f9140>,53,16,[7 4],54,165,181,111,152
1,<environment.Job instance at 0x7f23ae2f9b90>,56,17,[8 5],57,178,195,121,166
1,<environment.Job instance at 0x7f23adb27fa0>,3,19,[5 4],4,4,23,0,4
1,<environment.Job instance at 0x7f23ad383dc0>,5,22,[3 6],6,8,30,2,8
1,<environment.Job instance at 0x7f23ad383a00>,7,28,[5 3],8,12,40,4,12
1,<environment.Job instance at 0x7f23adb19410>,0,21,[6 4],1,23,44,22,16
1,<environment.Job instance at 0x7f23ad383be0>,12,24,[3 6],13,30,54,17,26
1,<environment.Job instance at 0x7f23ad3835a0>,4,14,[11  1],5,44,58,39,32
1,<environment.Job instance at 0x7f23ad3839b0>,14,24,[7 4],15,58,82,43,53
1,<environment.Job instance at 0x7f23ad3830a0>,15,16,[4 5],16,54,70,38,54
1,<environment.Job instance at 0x7f23ad383eb0>,11,22,[7 5],12,70,92,58,66
1,<environment.Job instance at 0x7f23acc9f640>,20,12,[9 2],21,92,104,71,75
1,<environment.Job instance at 0x7f23ad383b90>,6,24,[3 9],7,84,108,77,84
1,<environment.Job instance at 0x7f23acc9ffa0>,26,14,[12  3],27,104,118,77,89
1,<environment.Job instance at 0x7f23acc9fc30>,28,17,[9 3],29,118,135,89,108
1,<environment.Job instance at 0x7f23acc9f2d0>,30,19,[9 3],31,135,154,104,131
1,<environment.Job instance at 0x7f23acc9f550>,27,23,[ 4 10],28,131,154,103,131
1,<environment.Job instance at 0x7f23acc9fcd0>,31,16,[3 9],32,154,170,122,141
1,<environment.Job instance at 0x7f23acc9f410>,38,18,[7 3],39,154,172,115,143
1,<environment.Job instance at 0x7f23accae370>,39,20,[5 7],40,170,190,130,163
1,<environment.Job instance at 0x7f23accae910>,48,19,[5 3],49,172,191,123,163
1,<environment.Job instance at 0x7f23accae690>,52,18,[2 8],53,190,208,137,179
1,<environment.Job instance at 0x7f23accb5e60>,54,15,[5 6],55,191,206,136,179
1,<environment.Job instance at 0x7f23accc3820>,3,23,[1 8],4,4,27,0,4
1,<environment.Job instance at 0x7f23adcace10>,4,14,[13  1],5,6,20,1,6
1,<environment.Job instance at 0x7f23acb38500>,5,14,[9 1],6,20,34,14,7
1,<environment.Job instance at 0x7f23ad970c80>,6,21,[5 2],7,20,41,13,13
1,<environment.Job instance at 0x7f23ae229410>,11,13,[3 6],12,34,47,22,18
1,<environment.Job instance at 0x7f23ae229500>,13,18,[3 6],14,34,52,20,23
1,<environment.Job instance at 0x7f23ae2299b0>,18,15,[3 6],19,47,62,28,33
1,<environment.Job instance at 0x7f23ae229820>,17,14,[13  4],18,62,76,44,47
1,<environment.Job instance at 0x7f23ae229a00>,24,28,[10  5],25,76,104,51,75
1,<environment.Job instance at 0x7f23ae229e10>,25,13,[8 1],26,104,117,78,88
1,<environment.Job instance at 0x7f23ae229aa0>,20,20,[3 9],21,88,108,67,88
1,<environment.Job instance at 0x7f23ae2485a0>,36,12,[5 6],37,108,120,71,91
1,<environment.Job instance at 0x7f23ae248640>,37,19,[5 6],38,117,136,79,107
1,<environment.Job instance at 0x7f23ae248780>,39,21,[6 3],40,120,141,80,112
1,<environment.Job instance at 0x7f23ae248820>,40,20,[1 9],41,136,156,95,127
1,<environment.Job instance at 0x7f23ae2484b0>,44,21,[2 5],45,141,162,96,133
1,<environment.Job instance at 0x7f23ae248dc0>,47,15,[5 5],48,156,171,108,142
1,<environment.Job instance at 0x7f23ae248cd0>,48,13,[1 8],49,162,175,113,146
1,<environment.Job instance at 0x7f23ae229dc0>,28,21,[9 3],29,171,192,142,166
1,<environment.Job instance at 0x7f23ae22e1e0>,54,14,[4 6],55,175,189,120,172
1,<environment.Job instance at 0x7f6ffe8fb230>,0,13,[9 3],1,1,14,0,1
1,<environment.Job instance at 0x7f6ffe8fb320>,2,22,[4 8],3,3,25,0,3
1,<environment.Job instance at 0x7f6ff5183690>,4,21,[1 6],5,14,35,9,8
1,<environment.Job instance at 0x7f6ff5183cd0>,14,13,[7 3],15,25,38,10,15
1,<environment.Job instance at 0x7f6ff5187320>,23,18,[2 7],24,35,53,11,24
1,<environment.Job instance at 0x7f6ff51879b0>,33,16,[2 8],34,38,54,4,34
1,<environment.Job instance at 0x7f6ff5187be0>,35,15,[9 5],36,53,68,17,39
1,<environment.Job instance at 0x7f6ff5187f00>,40,15,[10  3],41,68,83,27,54
1,<environment.Job instance at 0x7f6ff5187e60>,42,20,[9 4],43,83,103,40,74
1,<environment.Job instance at 0x7f6ff5189320>,45,13,[6 5],46,83,96,37,74
1,<environment.Job instance at 0x7f6ff5189460>,47,20,[6 5],48,96,116,48,87
1,<environment.Job instance at 0x7f6ff5183730>,6,20,[6 1],7,103,123,96,94
1,<environment.Job instance at 0x7f6ff5189820>,53,17,[5 7],54,116,133,62,104
1,<environment.Job instance at 0x7f6ff5189140>,66,21,[7 4],67,123,144,56,117
1,<environment.Job instance at 0x7f6ff518b730>,80,14,[2 6],81,133,147,52,125
1,<environment.Job instance at 0x7f6ff518f500>,95,15,[5 7],96,144,159,48,130
1,<environment.Job instance at 0x7f6ff518f6e0>,98,17,[5 5],99,147,164,48,135
1,<environment.Job instance at 0x7f6ff51922d0>,115,16,[7 5],116,159,175,43,146
1,<environment.Job instance at 0x7f6ff5192780>,121,13,[7 4],122,164,177,42,148
1,<environment.Job instance at 0x7f6ff517b5f0>,134,16,[4 7],135,175,191,40,162
1,<environment.Job instance at 0x7f6ff532b0a0>,140,13,[7 4],141,177,190,36,162
1,<environment.Job instance at 0x7f6ff4c3eaf0>,2,12,[1 7],3,3,15,0,3
1,<environment.Job instance at 0x7f6ff55b17d0>,8,12,[10  5],9,9,21,0,9
1,<environment.Job instance at 0x7f6ff55b10f0>,10,14,[2 7],11,15,29,4,11
1,<environment.Job instance at 0x7f6ff55b1460>,15,16,[2 8],16,21,37,5,16
1,<environment.Job instance at 0x7f6ff5629280>,22,13,[9 4],23,29,42,6,23
1,<environment.Job instance at 0x7f6ff4d25230>,24,17,[3 8],25,37,54,12,27
1,<environment.Job instance at 0x7f6ff5629690>,27,14,[ 1 10],28,54,68,26,39
1,<environment.Job instance at 0x7f6ff5629140>,30,14,[6 1],31,42,56,11,39
1,<environment.Job instance at 0x7f6ff4c5cfa0>,32,16,[3 8],33,68,84,35,55
1,<environment.Job instance at 0x7f6ff4b9f690>,33,14,[10  1],34,56,70,22,55
1,<environment.Job instance at 0x7f6ff56298c0>,36,13,[6 3],37,70,83,33,55
1,<environment.Job instance at 0x7f6ff48d77d0>,37,13,[7 4],38,83,96,45,67
1,<environment.Job instance at 0x7f6ff47e9aa0>,39,20,[1 7],40,84,104,44,75
1,<environment.Job instance at 0x7f6ff4cdde60>,47,16,[2 8],48,96,112,48,83
1,<environment.Job instance at 0x7f6ff4be0fa0>,54,16,[7 4],55,104,120,49,91
1,<environment.Job instance at 0x7f6ff4c8b4b0>,62,14,[5 5],63,112,126,49,97
1,<environment.Job instance at 0x7f6ff4c8b640>,65,19,[9 4],66,120,139,54,110
1,<environment.Job instance at 0x7f6ff4c7c050>,70,14,[2 7],71,126,140,55,111
1,<environment.Job instance at 0x7f6ff4c7cc80>,71,15,[4 8],72,139,154,67,125
1,<environment.Job instance at 0x7f6ff4c7c2d0>,76,15,[3 6],77,140,155,63,126
1,<environment.Job instance at 0x7f6ff4c96140>,78,16,[2 6],79,154,170,75,141
1,<environment.Job instance at 0x7f6ff4c96aa0>,80,19,[5 5],81,155,174,74,145
1,<environment.Job instance at 0x7f6ff4c26050>,82,20,[8 5],83,170,190,87,161
1,<environment.Job instance at 0x7f6ff4be9460>,85,13,[4 8],86,174,187,88,161
1,<environment.Job instance at 0x7f6ff4be96e0>,86,13,[5 8],87,187,200,100,171
1,<environment.Job instance at 0x7f6ff4be9140>,91,15,[6 1],92,190,205,98,176
1,<environment.Job instance at 0x7f6ff48254b0>,5,15,[8 5],6,6,21,0,6
1,<environment.Job instance at 0x7f6ff4825b40>,10,23,[7 4],11,11,34,0,11
1,<environment.Job instance at 0x7f6ff48250f0>,12,12,[7 2],13,21,33,8,13
1,<environment.Job instance at 0x7f6ff4825410>,18,17,[4 8],19,33,50,14,21
1,<environment.Job instance at 0x7f6ff4825190>,21,13,[4 9],22,50,63,28,34
1,<environment.Job instance at 0x7f6ff4851960>,30,16,[5 9],31,63,79,32,50
1,<environment.Job instance at 0x7f6ff48972d0>,35,15,[8 4],36,50,65,14,50
1,<environment.Job instance at 0x7f6ff4897370>,37,14,[6 4],38,65,79,27,50
1,<environment.Job instance at 0x7f6ff4fc70f0>,52,15,[5 8],53,79,94,26,65
1,<environment.Job instance at 0x7f6ff4fdb500>,54,20,[10  4],55,79,99,24,71
1,<environment.Job instance at 0x7f6ff4fdb0f0>,55,16,[6 3],56,99,115,43,86
1,<environment.Job instance at 0x7f6ff4fdb690>,56,14,[5 7],57,94,108,37,86
1,<environment.Job instance at 0x7f6ff4fdbbe0>,57,18,[4 7],58,108,126,50,97
1,<environment.Job instance at 0x7f6ff4fd6910>,66,16,[2 9],67,126,142,59,113
1,<environment.Job instance at 0x7f6ff4fd6820>,67,14,[5 6],68,115,129,47,113
1,<environment.Job instance at 0x7f6ff56c6410>,70,17,[8 1],71,129,146,58,117
1,<environment.Job instance at 0x7f6ff4fd91e0>,78,12,[8 5],79,146,158,67,129
1,<environment.Job instance at 0x7f6ff4853f00>,83,16,[6 3],84,142,158,58,140
1,<environment.Job instance at 0x7f6ff48b63c0>,89,19,[7 4],90,158,177,68,148
1,<environment.Job instance at 0x7f6ffe3787d0>,93,22,[1 6],94,148,170,54,148
1,<environment.Job instance at 0x7f6ff48d8320>,102,16,[10  3],103,177,193,74,164
1,<environment.Job instance at 0x7f6ff480b6e0>,105,13,[6 4],106,164,177,58,164
1,<environment.Job instance at 0x7f6ff480b960>,106,14,[10  3],107,193,207,86,178
1,<environment.Job instance at 0x7f6ff480b730>,108,19,[1 5],109,179,198,70,179
1,<environment.Job instance at 0x7f6ff480b1e0>,109,18,[2 9],110,198,216,88,189
1,<environment.Job instance at 0x7f6ff5192870>,1,20,[10  5],2,2,22,0,2
1,<environment.Job instance at 0x7f6ff4c7c4b0>,3,15,[7 4],4,22,37,18,8
1,<environment.Job instance at 0x7f6ff4c7c3c0>,5,13,[1 7],6,21,34,15,21
1,<environment.Job instance at 0x7f6ff4cbb780>,12,13,[5 5],13,34,47,21,21
1,<environment.Job instance at 0x7f6ff4e4a0a0>,16,14,[6 4],17,37,51,20,22
1,<environment.Job instance at 0x7f6ff4c7cd20>,6,13,[12  2],7,51,64,44,35
1,<environment.Job instance at 0x7f6ff4c2edc0>,25,17,[2 9],26,47,64,21,36
1,<environment.Job instance at 0x7f6ff4b92410>,26,14,[ 4 10],27,64,78,37,49
1,<environment.Job instance at 0x7f6ff4dec9b0>,27,13,[6 2],28,64,77,36,49
1,<environment.Job instance at 0x7f6ff4c8b7d0>,24,20,[3 8],25,78,98,53,69
1,<environment.Job instance at 0x7f6ff4dec730>,29,19,[9 4],30,77,96,47,69
1,<environment.Job instance at 0x7f6ff4dec6e0>,31,18,[6 1],32,96,114,64,85
1,<environment.Job instance at 0x7f6ff4c343c0>,32,19,[1 7],33,98,117,65,90
1,<environment.Job instance at 0x7f6ff55a6870>,38,17,[7 1],39,98,115,59,90
1,<environment.Job instance at 0x7f6ff48145a0>,42,21,[6 4],43,114,135,71,106
1,<environment.Job instance at 0x7f6ff4decaf0>,28,25,[ 1 10],29,117,142,88,113
1,<environment.Job instance at 0x7f6ff4814780>,44,20,[10  4],45,135,155,90,127
1,<environment.Job instance at 0x7f6ff48143c0>,48,12,[11  4],49,155,167,106,138
1,<environment.Job instance at 0x7f6ff4814410>,47,16,[ 4 10],48,147,163,99,147
1,<environment.Job instance at 0x7f6ff4814690>,51,15,[9 4],52,167,182,115,153
1,<environment.Job instance at 0x7f6ff48812d0>,53,13,[1 5],54,163,176,109,154
1,<environment.Job instance at 0x7f6ff4814e60>,49,17,[5 5],50,167,184,117,156
1,<environment.Job instance at 0x7f6ffe80c5a0>,57,20,[7 1],58,182,202,124,174
1,<environment.Job instance at 0x7f6ff55affa0>,2,12,[8 4],3,3,15,0,3
1,<environment.Job instance at 0x7f6ff557c1e0>,4,13,[5 4],5,5,18,0,5
1,<environment.Job instance at 0x7f6ff557c780>,5,14,[8 5],6,15,29,9,6
1,<environment.Job instance at 0x7f6ff5593f50>,8,15,[7 2],9,18,33,9,9
1,<environment.Job instance at 0x7f6ff5593500>,11,16,[4 6],12,29,45,17,16
1,<environment.Job instance at 0x7f6ff5583f00>,18,13,[5 3],19,33,46,14,19
1,<environment.Job instance at 0x7f6ff5583910>,19,16,[ 3 10],20,45,61,25,32
1,<environment.Job instance at 0x7f6ff55834b0>,21,16,[5 1],22,33,49,11,32
1,<environment.Job instance at 0x7f6ff557d1e0>,24,18,[2 8],25,61,79,36,50
1,<environment.Job instance at 0x7f6ff557d500>,26,19,[11  5],27,50,69,23,50
1,<environment.Job instance at 0x7f6ff55af320>,0,19,[1 7],1,69,88,68,60
1,<environment.Job instance at 0x7f6ff55b2050>,28,23,[3 7],29,79,102,50,73
1,<environment.Job instance at 0x7f6ff55b23c0>,30,21,[1 8],31,88,109,57,80
1,<environment.Job instance at 0x7f6ff5593050>,13,15,[14  5],14,102,117,88,88
1,<environment.Job instance at 0x7f6ff586d3c0>,38,25,[1 5],39,109,134,70,105
1,<environment.Job instance at 0x7f6ff586d820>,39,20,[3 8],40,117,137,77,108
1,<environment.Job instance at 0x7f6ff55b2140>,29,17,[1 6],30,134,151,104,122
1,<environment.Job instance at 0x7f6ff4bd9c30>,44,17,[10  5],45,137,154,92,125
1,<environment.Job instance at 0x7f6ff4ebdb40>,45,17,[3 6],46,151,168,105,139
1,<environment.Job instance at 0x7f6ff4ebd0a0>,48,16,[1 5],49,154,170,105,141
1,<environment.Job instance at 0x7f6ff55b2c30>,51,13,[9 3],52,154,167,102,141
1,<environment.Job instance at 0x7f6ff55af1e0>,53,15,[3 8],54,168,183,114,154
1,<environment.Job instance at 0x7f6ff47ccb90>,54,13,[6 5],55,170,183,115,154
1,<environment.Job instance at 0x7f6ff47c85a0>,61,17,[9 2],62,183,200,121,171
1,<environment.Job instance at 0x7f6ff4767460>,63,16,[ 3 10],64,183,199,119,171
1,<environment.Job instance at 0x7f6ff4788500>,69,14,[5 4],70,199,213,129,184
1,<environment.Job instance at 0x7f6ff4788460>,72,18,[9 3],73,200,218,127,189
1,<environment.Job instance at 0x7f6ff5867500>,0,14,[7 4],1,1,15,0,1
1,<environment.Job instance at 0x7f6ff4793500>,1,13,[11  1],2,15,28,13,2
1,<environment.Job instance at 0x7f6ff586da50>,7,21,[2 5],8,8,29,0,8
1,<environment.Job instance at 0x7f6ff586db90>,8,19,[7 2],9,28,47,19,18
1,<environment.Job instance at 0x7f6ff586d9b0>,12,14,[5 5],13,28,42,15,18
1,<environment.Job instance at 0x7f6ff586d5f0>,15,16,[6 1],16,42,58,26,29
1,<environment.Job instance at 0x7f6ff55b2c80>,18,18,[1 5],19,29,47,10,29
1,<environment.Job instance at 0x7f6ff55b2690>,20,12,[6 3],21,47,59,26,30
1,<environment.Job instance at 0x7f6ff55b2d20>,21,16,[10  2],22,59,75,37,46
1,<environment.Job instance at 0x7f6ff55b20f0>,25,13,[9 5],26,75,88,49,59
1,<environment.Job instance at 0x7f6ff48948c0>,26,18,[6 2],27,75,93,48,64
1,<environment.Job instance at 0x7f6ff4894c80>,28,13,[7 5],29,88,101,59,72
1,<environment.Job instance at 0x7f6ff4894f50>,31,15,[7 3],32,93,108,61,79
1,<environment.Job instance at 0x7f6ff4894af0>,35,14,[4 7],36,101,115,65,86
1,<environment.Job instance at 0x7f6ff4894eb0>,36,21,[2 8],37,108,129,71,100
1,<environment.Job instance at 0x7f6ff48941e0>,42,18,[5 4],43,115,133,72,104
1,<environment.Job instance at 0x7f6ff4894230>,44,13,[1 6],45,129,142,84,113
1,<environment.Job instance at 0x7f6ff4894410>,45,21,[ 3 10],46,142,163,96,134
1,<environment.Job instance at 0x7f6ff4894780>,46,22,[2 6],47,163,185,116,156
1,<environment.Job instance at 0x7f6ff4b174b0>,48,17,[7 4],49,156,173,107,156
1,<environment.Job instance at 0x7f6ff4b17f50>,49,23,[5 5],50,163,186,113,157
1,<environment.Job instance at 0x7f6ff4b17a00>,50,19,[6 2],51,173,192,122,163
1,<environment.Job instance at 0x7f6ff4b17320>,54,21,[9 1],55,186,207,131,178
1,<environment.Job instance at 0x7f6ff4b17690>,55,16,[4 9],56,192,208,136,179
1,<environment.Job instance at 0x7f6ff4db9aa0>,0,12,[9 5],1,1,13,0,1
1,<environment.Job instance at 0x7f6ff54d4d20>,1,14,[ 3 11],2,13,27,11,2
1,<environment.Job instance at 0x7f6ff5332500>,4,12,[8 3],5,13,25,8,5
1,<environment.Job instance at 0x7f6ff5332d20>,6,17,[5 5],7,27,44,20,15
1,<environment.Job instance at 0x7f6ff5332f00>,12,14,[6 3],13,25,39,12,15
1,<environment.Job instance at 0x7f6ff53322d0>,16,16,[2 9],17,39,55,22,26
1,<environment.Job instance at 0x7f6ff53329b0>,8,14,[8 5],9,44,58,35,29
1,<environment.Job instance at 0x7f6ff5332320>,20,14,[14  4],21,58,72,37,43
1,<environment.Job instance at 0x7f6ff5332640>,22,18,[1 6],23,55,73,32,55
1,<environment.Job instance at 0x7f6ff5332f50>,24,18,[9 3],25,72,90,47,61
1,<environment.Job instance at 0x7f6ff54c9aa0>,26,21,[5 6],27,72,93,45,65
1,<environment.Job instance at 0x7f6ff5332a50>,7,14,[9 5],8,90,104,82,76
1,<environment.Job instance at 0x7f6ff54c9d70>,28,26,[6 4],29,93,119,64,90
1,<environment.Job instance at 0x7f6ff5332b90>,27,19,[2 7],28,104,123,76,100
1,<environment.Job instance at 0x7f6ff54c9730>,30,15,[5 6],31,119,134,88,105
1,<environment.Job instance at 0x7f6ff54c9f50>,31,21,[4 9],32,123,144,91,122
1,<environment.Job instance at 0x7f6ff54c91e0>,33,22,[6 2],34,134,156,100,128
1,<environment.Job instance at 0x7f6ff54c9b40>,39,20,[5 6],40,144,164,104,135
1,<environment.Job instance at 0x7f6ff5123960>,47,20,[6 4],48,156,176,108,147
1,<environment.Job instance at 0x7f6ff54c9eb0>,29,27,[3 5],30,148,175,118,148
1,<environment.Job instance at 0x7f6ff5123280>,51,24,[5 4],52,164,188,112,159
1,<environment.Job instance at 0x7f6ff5123370>,50,17,[2 9],51,176,193,125,164
1,<environment.Job instance at 0x7f6ff5123550>,53,15,[10  1],54,188,203,134,174
1,<environment.Job instance at 0x7f6ff51234b0>,55,12,[1 9],56,193,205,137,176
1,<environment.Job instance at 0x7f6ff5123d20>,57,13,[5 8],58,205,218,147,189
1,<environment.Job instance at 0x7f6ff51235a0>,2,13,[11  3],3,3,16,0,3
1,<environment.Job instance at 0x7f6ff50d5c80>,6,23,[2 7],7,7,30,0,7
1,<environment.Job instance at 0x7f6ff50c3be0>,12,15,[4 7],13,16,31,3,13
1,<environment.Job instance at 0x7f6ff50aa820>,30,12,[9 5],31,31,43,0,31
1,<environment.Job instance at 0x7f6ff5124320>,31,23,[3 9],32,32,55,0,32
1,<environment.Job instance at 0x7f6ff5124460>,32,12,[9 4],33,43,55,10,33
1,<environment.Job instance at 0x7f6ff4f4de60>,33,21,[1 8],34,55,76,21,47
1,<environment.Job instance at 0x7f6ff515caa0>,36,18,[10  3],37,55,73,18,48
1,<environment.Job instance at 0x7f6ff503faa0>,37,13,[3 7],38,73,86,35,57
1,<environment.Job instance at 0x7f6ff51b52d0>,38,20,[6 2],39,76,96,37,67
1,<environment.Job instance at 0x7f6ff503bc30>,39,12,[10  2],40,96,108,56,79
1,<environment.Job instance at 0x7f6ff502acd0>,46,12,[2 6],47,79,91,32,79
1,<environment.Job instance at 0x7f6ff5d33870>,50,18,[ 2 10],51,91,109,40,80
1,<environment.Job instance at 0x7f6ff50db9b0>,21,13,[ 3 13],22,109,122,87,99
1,<environment.Job instance at 0x7f6ff5031230>,53,20,[7 1],54,108,128,54,99
1,<environment.Job instance at 0x7f6ff5020be0>,55,13,[5 7],56,122,135,66,106
1,<environment.Job instance at 0x7f6ff5020af0>,60,12,[1 8],61,128,140,67,111
1,<environment.Job instance at 0x7f6ff5020c30>,61,14,[7 4],62,135,149,73,120
1,<environment.Job instance at 0x7f6ff5020910>,63,15,[2 7],64,140,155,76,126
1,<environment.Job instance at 0x7f6ff505cd20>,64,16,[3 5],65,149,165,84,136
1,<environment.Job instance at 0x7f6ff505c870>,69,15,[7 2],70,149,164,79,136
1,<environment.Job instance at 0x7f6ff505c6e0>,70,16,[10  4],71,164,180,93,151
1,<environment.Job instance at 0x7f6ff505c370>,72,17,[3 9],73,165,182,92,153
1,<environment.Job instance at 0x7f6ff5d26690>,78,17,[8 5],79,180,197,101,168
1,<environment.Job instance at 0x7f6ff5d26be0>,84,19,[5 2],85,182,201,97,172
1,<environment.Job instance at 0x7f6ff5d26c80>,85,12,[3 7],86,197,209,111,180
1,<environment.Job instance at 0x7f6ff5d26d20>,86,13,[4 5],87,197,210,110,181
1,<environment.Job instance at 0x7f6ff5d26dc0>,2,18,[2 5],3,3,21,0,3
1,<environment.Job instance at 0x7f6ff5851320>,4,15,[2 5],5,5,20,0,5
1,<environment.Job instance at 0x7f6ff5851190>,5,15,[7 2],6,6,21,0,6
1,<environment.Job instance at 0x7f6ff5851a00>,10,14,[2 9],11,21,35,10,11
1,<environment.Job instance at 0x7f6ff5851910>,18,19,[2 6],19,20,39,1,19
1,<environment.Job instance at 0x7f6ff4bf7190>,20,18,[1 7],21,35,53,14,24
1,<environment.Job instance at 0x7f6ff4bf78c0>,23,17,[2 8],24,39,56,15,27
1,<environment.Job instance at 0x7f6ff4bf7280>,27,15,[9 5],28,53,68,25,39
1,<environment.Job instance at 0x7f6ff4bf7cd0>,28,14,[1 7],29,56,70,27,41
1,<environment.Job instance at 0x7f6ff4bf7f00>,29,19,[4 5],30,68,87,38,58
1,<environment.Job instance at 0x7f6ff4bf7870>,32,21,[2 8],33,70,91,37,62
1,<environment.Job instance at 0x7f6ff4bf79b0>,33,13,[9 1],34,68,81,34,62
1,<environment.Job instance at 0x7f6ff4bf7370>,34,18,[3 9],35,91,109,56,80
1,<environment.Job instance at 0x7f6ff4bf7a00>,36,23,[1 5],37,87,110,50,81
1,<environment.Job instance at 0x7f6ff4bf7910>,38,22,[9 1],39,82,104,43,82
1,<environment.Job instance at 0x7f6ff4bf7af0>,40,18,[8 2],41,109,127,68,98
1,<environment.Job instance at 0x7f6ff4bfd5a0>,48,17,[6 1],49,104,121,55,98
1,<environment.Job instance at 0x7f6ff51b4230>,50,15,[8 2],51,127,142,76,113
1,<environment.Job instance at 0x7f6ff51b48c0>,53,18,[6 1],54,121,139,67,113
1,<environment.Job instance at 0x7f6ff51b4280>,56,12,[3 5],57,139,151,82,122
1,<environment.Job instance at 0x7f6ff51b4410>,58,14,[6 1],59,142,156,83,127
1,<environment.Job instance at 0x7f6ff51b4aa0>,61,14,[6 5],62,142,156,80,127
1,<environment.Job instance at 0x7f6ff51b4be0>,63,21,[3 7],64,151,172,87,143
1,<environment.Job instance at 0x7f6ff5819320>,66,18,[11  3],67,156,174,89,145
1,<environment.Job instance at 0x7f6ff5819460>,67,16,[8 2],68,174,190,106,161
1,<environment.Job instance at 0x7f6ff5819370>,69,12,[7 5],70,174,186,104,161
1,<environment.Job instance at 0x7f6ff5819050>,70,16,[6 3],71,186,202,115,173
1,<environment.Job instance at 0x7f6ff5819960>,73,19,[8 1],74,190,209,116,180
1,<environment.Job instance at 0x7f6ff5d39c30>,0,12,[2 5],1,1,13,0,1
1,<environment.Job instance at 0x7f6ff4d25910>,1,13,[9 3],2,2,15,0,2
1,<environment.Job instance at 0x7f6ff5d5e5f0>,4,14,[8 5],5,15,29,10,5
1,<environment.Job instance at 0x7f6ff569baa0>,2,23,[5 2],3,13,36,10,7
1,<environment.Job instance at 0x7f6ff4f67910>,7,13,[5 9],8,29,42,21,13
1,<environment.Job instance at 0x7f6ff51be280>,10,13,[5 1],11,29,42,18,13
1,<environment.Job instance at 0x7f6ff58b5140>,13,14,[12  1],14,42,56,28,27
1,<environment.Job instance at 0x7f6ff58b52d0>,14,21,[8 5],15,56,77,41,48
1,<environment.Job instance at 0x7f6ff4f335a0>,15,18,[1 8],16,48,66,32,48
1,<environment.Job instance at 0x7f6ff4a10d70>,19,13,[6 2],20,56,69,36,48
1,<environment.Job instance at 0x7f6ff49fad20>,23,18,[6 3],24,69,87,45,58
1,<environment.Job instance at 0x7f6ff49fa5a0>,26,16,[2 6],27,77,93,50,64
1,<environment.Job instance at 0x7f6ff49fa0a0>,28,17,[5 5],29,77,94,48,65
1,<environment.Job instance at 0x7f6ff49fafa0>,29,12,[5 6],30,93,105,63,76
1,<environment.Job instance at 0x7f6ff49fa320>,31,18,[9 5],32,94,112,62,83
1,<environment.Job instance at 0x7f6ff49fa4b0>,32,17,[5 1],33,105,122,72,93
1,<environment.Job instance at 0x7f6ff49fa2d0>,34,15,[9 5],35,112,127,77,98
1,<environment.Job instance at 0x7f6ff49fa870>,35,20,[4 6],36,122,142,86,113
1,<environment.Job instance at 0x7f6ff54caf00>,37,14,[3 8],38,127,141,89,113
1,<environment.Job instance at 0x7f6ff5d2feb0>,12,16,[13  2],13,142,158,129,130
1,<environment.Job instance at 0x7f6ff5bb6050>,43,17,[5 7],44,158,175,114,146
1,<environment.Job instance at 0x7f6ff4a10a50>,20,21,[2 5],21,146,167,125,146
1,<environment.Job instance at 0x7f6ff54c4d70>,46,19,[10  3],47,167,186,120,159
1,<environment.Job instance at 0x7f6ff49efc30>,58,14,[8 5],59,186,200,127,172
1,<environment.Job instance at 0x7f6ff49f7780>,66,13,[7 3],67,186,199,119,172
1,<environment.Job instance at 0x7f6ff49538c0>,86,17,[7 5],87,199,216,112,187
1,<environment.Job instance at 0x7f6ff581cbe0>,3,13,[1 6],4,4,17,0,4
1,<environment.Job instance at 0x7f6ff5851910>,4,12,[10  3],5,5,17,0,5
1,<environment.Job instance at 0x7f6ff4e82820>,5,17,[1 6],6,6,23,0,6
1,<environment.Job instance at 0x7f6ff4c1a640>,10,19,[10  1],11,17,36,6,11
1,<environment.Job instance at 0x7f6ff4c1aaf0>,12,18,[1 5],13,17,35,4,13
1,<environment.Job instance at 0x7f6ff4c1a550>,13,21,[9 2],14,36,57,22,28
1,<environment.Job instance at 0x7f6ff4c1af00>,20,14,[ 1 13],21,35,49,14,28
1,<environment.Job instance at 0x7f6ff4c1a730>,21,13,[ 5 14],22,57,70,35,41
1,<environment.Job instance at 0x7f6ff4c1a370>,24,18,[3 8],25,70,88,45,60
1,<environment.Job instance at 0x7f6ff4c1ae10>,25,22,[3 6],26,70,92,44,63
1,<environment.Job instance at 0x7f6ff4c1a780>,26,24,[8 1],27,63,87,36,63
1,<environment.Job instance at 0x7f6ff4c1a1e0>,27,22,[ 2 11],28,92,114,64,85
1,<environment.Job instance at 0x7f6ff4c1ab40>,28,25,[8 3],29,88,113,59,85
1,<environment.Job instance at 0x7f6ff4c1ac80>,29,17,[6 2],30,113,130,83,101
1,<environment.Job instance at 0x7f6ff51645a0>,30,15,[2 6],31,114,129,83,101
1,<environment.Job instance at 0x7f6ff5164460>,31,12,[6 3],32,114,126,82,101
1,<environment.Job instance at 0x7f6ff5164e60>,32,14,[11  1],33,130,144,97,115
1,<environment.Job instance at 0x7f6ff5164a00>,33,24,[8 5],34,144,168,110,139
1,<environment.Job instance at 0x7f6ff5164640>,34,17,[7 1],35,144,161,109,139
1,<environment.Job instance at 0x7f6ff51649b0>,35,12,[ 4 12],36,168,180,132,151
1,<environment.Job instance at 0x7f6ff4c1aaa0>,19,20,[7 3],20,161,181,141,155
1,<environment.Job instance at 0x7f6ff5164eb0>,37,17,[9 2],38,181,198,143,170
1,<environment.Job instance at 0x7f6ff5164e10>,39,18,[1 6],40,180,198,140,170
1,<environment.Job instance at 0x7f6ff4fcfdc0>,0,15,[9 4],1,198,213,197,184
1,<environment.Job instance at 0x7f6ff5164730>,41,20,[ 4 11],42,198,218,156,189
1,<environment.Job instance at 0x7f6ff5164d70>,2,15,[3 8],3,3,18,0,3
1,<environment.Job instance at 0x7f6ff55a39b0>,6,13,[2 8],7,18,31,11,7
1,<environment.Job instance at 0x7f6ff55a3370>,7,18,[11  2],8,8,26,0,8
1,<environment.Job instance at 0x7f6ff45ec960>,9,14,[1 5],10,10,24,0,10
1,<environment.Job instance at 0x7f6ff45ec050>,10,19,[5 2],11,26,45,15,16
1,<environment.Job instance at 0x7f6ff45ecd20>,16,20,[5 1],17,26,46,9,17
1,<environment.Job instance at 0x7f6ff45ec1e0>,23,22,[5 5],24,31,53,7,25
1,<environment.Job instance at 0x7f6ff45eceb0>,27,12,[2 6],28,45,57,17,28
1,<environment.Job instance at 0x7f6ff45e1690>,33,16,[5 6],34,53,69,19,40
1,<environment.Job instance at 0x7f6ff44d5460>,46,12,[8 2],47,47,59,0,47
1,<environment.Job instance at 0x7f6ff44d5b90>,47,21,[3 6],48,59,80,11,51
1,<environment.Job instance at 0x7f6ff44d5f00>,51,16,[1 6],52,69,85,17,63
1,<environment.Job instance at 0x7f6ff44d55f0>,52,18,[9 1],53,69,87,16,66
1,<environment.Job instance at 0x7f6ff44d5be0>,53,18,[10  1],54,87,105,33,76
1,<environment.Job instance at 0x7f6ff4544cd0>,57,21,[6 2],58,105,126,47,97
1,<environment.Job instance at 0x7f6ff45ec230>,18,23,[7 4],19,105,128,86,99
1,<environment.Job instance at 0x7f6ff45448c0>,63,14,[5 6],64,126,140,62,113
1,<environment.Job instance at 0x7f6ff4544af0>,62,19,[8 2],63,128,147,65,120
1,<environment.Job instance at 0x7f6ff4544a00>,70,19,[6 4],71,140,159,69,130
1,<environment.Job instance at 0x7f6ff4544640>,73,14,[10  5],74,159,173,85,144
1,<environment.Job instance at 0x7f6ff4544f50>,64,25,[5 5],65,147,172,82,144
1,<environment.Job instance at 0x7f6ff4544c80>,74,19,[10  1],75,173,192,98,163
1,<environment.Job instance at 0x7f6ff4540780>,79,14,[6 5],80,192,206,112,177
1,<environment.Job instance at 0x7f6ff45402d0>,81,22,[8 4],82,192,214,110,186
1,<environment.Job instance at 0x7f6ff4a6a050>,0,19,[ 4 10],1,1,20,0,1
1,<environment.Job instance at 0x7f6ff4ceba50>,5,16,[4 6],6,20,36,14,7
1,<environment.Job instance at 0x7f6ff48d9d70>,10,17,[10  2],11,11,28,0,11
1,<environment.Job instance at 0x7f6ff4dd3aa0>,13,18,[3 8],14,28,46,14,17
1,<environment.Job instance at 0x7f6ff562db90>,2,22,[12  2],3,36,58,33,30
1,<environment.Job instance at 0x7f6ff4dd3e10>,24,16,[11  5],25,58,74,33,45
1,<environment.Job instance at 0x7f6ff4a68730>,1,20,[ 4 14],2,74,94,72,65
1,<environment.Job instance at 0x7f6ff4dd3d70>,26,16,[ 4 14],27,94,110,67,81
1,<environment.Job instance at 0x7f6ff4dd3780>,27,13,[ 5 14],28,110,123,82,94
1,<environment.Job instance at 0x7f6ff4dd30a0>,28,19,[3 9],29,123,142,94,113
1,<environment.Job instance at 0x7f6ff4dd3140>,30,12,[12  2],31,123,135,92,113
1,<environment.Job instance at 0x7f6ff4dd3910>,31,13,[ 1 14],32,142,155,110,128
1,<environment.Job instance at 0x7f6ff4dd3b90>,29,18,[14  2],30,155,173,125,145
1,<environment.Job instance at 0x7f6ff54357d0>,33,22,[1 7],34,155,177,121,148
1,<environment.Job instance at 0x7f6ff5435af0>,34,12,[ 5 12],35,177,189,142,160
1,<environment.Job instance at 0x7f6ff54351e0>,35,25,[ 3 13],36,189,214,153,185
1,<environment.Job instance at 0x7f6ff4cfe550>,0,24,[3 9],1,2,26,1,2
1,<environment.Job instance at 0x7f6ff49d1140>,1,22,[9 4],2,3,25,1,3
1,<environment.Job instance at 0x7f6ff55aa820>,9,12,[4 6],10,25,37,15,10
1,<environment.Job instance at 0x7f6ff55aaa50>,10,16,[ 1 10],11,37,53,26,24
1,<environment.Job instance at 0x7f6ff55aafa0>,14,25,[12  2],15,37,62,22,33
1,<environment.Job instance at 0x7f6ff55aa280>,13,14,[13  1],14,62,76,48,49
1,<environment.Job instance at 0x7f6ff55aa500>,12,28,[ 1 13],13,53,81,40,52
1,<environment.Job instance at 0x7f6ff489a280>,17,13,[14  4],18,81,94,63,65
1,<environment.Job instance at 0x7f6ff4a8e8c0>,11,15,[4 8],12,94,109,82,83
1,<environment.Job instance at 0x7f6ff489a820>,18,19,[13  2],19,109,128,90,99
1,<environment.Job instance at 0x7f6ff489a1e0>,20,14,[1 8],21,109,123,88,99
1,<environment.Job instance at 0x7f6ff489afa0>,25,14,[6 2],26,128,142,102,113
1,<environment.Job instance at 0x7f6ff489a730>,21,17,[13  4],22,142,159,120,130
1,<environment.Job instance at 0x7f6ff472a0a0>,34,15,[11  1],35,159,174,124,145
1,<environment.Job instance at 0x7f6ff472a2d0>,35,19,[ 1 12],36,159,178,123,149
1,<environment.Job instance at 0x7f6ff472a7d0>,36,17,[7 4],37,178,195,141,168
1,<environment.Job instance at 0x7f6ff472a050>,40,20,[7 4],41,178,198,137,169
1,<environment.Job instance at 0x7f6ff472a6e0>,43,13,[ 4 10],44,195,208,151,179
1,<environment.Job instance at 0x7f6ff472a5a0>,45,19,[1 5],46,198,217,152,188
1,<environment.Job instance at 0x7f6ff559f320>,2,20,[2 7],3,3,23,0,3
1,<environment.Job instance at 0x7f6ff4641a50>,4,13,[3 5],5,5,18,0,5
1,<environment.Job instance at 0x7f6ff4641870>,5,19,[4 8],6,18,37,12,8
1,<environment.Job instance at 0x7f6ff4641140>,9,18,[3 6],10,23,41,13,12
1,<environment.Job instance at 0x7f6ff53670a0>,12,13,[2 9],13,37,50,24,22
1,<environment.Job instance at 0x7f6ff5367dc0>,14,21,[4 9],15,50,71,35,42
1,<environment.Job instance at 0x7f6ff5367a50>,23,21,[5 6],24,42,63,18,42
1,<environment.Job instance at 0x7f6ff5367af0>,24,19,[10  4],25,63,82,38,53
1,<environment.Job instance at 0x7f6ff5367460>,16,20,[ 2 12],17,82,102,65,74
1,<environment.Job instance at 0x7f6ff5367280>,26,21,[8 2],27,86,107,59,86
1,<environment.Job instance at 0x7f6ff5367190>,28,14,[3 8],29,102,116,73,90
1,<environment.Job instance at 0x7f6ff54aa460>,34,12,[3 8],35,116,128,81,99
1,<environment.Job instance at 0x7f6ff5367550>,17,27,[1 6],18,107,134,89,107
1,<environment.Job instance at 0x7f6ff54aac80>,38,20,[3 9],39,128,148,89,119
1,<environment.Job instance at 0x7f6ff44a5190>,50,18,[3 8],51,148,166,97,137
1,<environment.Job instance at 0x7f6ff44a56e0>,52,17,[7 2],53,137,154,84,137
1,<environment.Job instance at 0x7f6ff44a5c80>,55,18,[3 9],56,166,184,110,155
1,<environment.Job instance at 0x7f6ff586a870>,59,21,[4 6],60,155,176,95,155
1,<environment.Job instance at 0x7f6ff586a050>,61,13,[5 1],62,176,189,114,160
1,<environment.Job instance at 0x7f6ff586a960>,65,22,[6 5],66,176,198,110,169
1,<environment.Job instance at 0x7f6ff586acd0>,66,21,[6 5],67,189,210,122,181
1,<environment.Job instance at 0x7f6ff586a370>,68,15,[7 2],69,198,213,129,184
1,<environment.Job instance at 0x7f6ff5b4fa00>,4,21,[5 6],5,5,26,0,5
1,<environment.Job instance at 0x7f6ff5b4faf0>,5,17,[10  4],6,6,23,0,6
1,<environment.Job instance at 0x7f6ff5ad1d70>,10,14,[3 5],11,23,37,12,11
1,<environment.Job instance at 0x7f6ff5ad1b40>,20,20,[8 2],21,26,46,5,21
1,<environment.Job instance at 0x7f6ff5ad1230>,24,15,[3 5],25,26,41,1,25
1,<environment.Job instance at 0x7f6ff4d2e690>,31,13,[8 2],32,46,59,14,32
1,<environment.Job instance at 0x7f6ff4d2ebe0>,34,28,[3 7],35,37,65,2,36
1,<environment.Job instance at 0x7f6ff4d2edc0>,32,13,[4 8],33,59,72,26,44
1,<environment.Job instance at 0x7f6ff4d2ea00>,35,17,[13  5],36,72,89,36,60
1,<environment.Job instance at 0x7f6ff4d2e410>,33,23,[ 4 14],34,89,112,55,84
1,<environment.Job instance at 0x7f6ff4d2e0f0>,38,24,[12  2],39,112,136,73,107
1,<environment.Job instance at 0x7f6ff4d2e320>,40,13,[13  3],41,136,149,95,120
1,<environment.Job instance at 0x7f6ff4d2eaf0>,37,19,[4 8],38,149,168,111,139
1,<environment.Job instance at 0x7f6ff4d2eaa0>,39,22,[7 3],40,151,173,111,151
1,<environment.Job instance at 0x7f6ff4d2e190>,42,16,[4 8],43,168,184,125,155
1,<environment.Job instance at 0x7f6ff4d2ea50>,41,15,[10  5],42,173,188,131,159
1,<environment.Job instance at 0x7f6ff4f480f0>,49,23,[6 1],50,188,211,138,182
1,<environment.Job instance at 0x7f6ff4b71960>,2,21,[5 1],3,3,24,0,3
1,<environment.Job instance at 0x7f6ff52fb0f0>,4,14,[9 5],5,5,19,0,5
1,<environment.Job instance at 0x7f6ff47b63c0>,5,13,[5 6],6,19,32,13,6
1,<environment.Job instance at 0x7f6ff4f722d0>,15,17,[ 5 10],16,32,49,16,26
1,<environment.Job instance at 0x7f6ff4f72550>,16,15,[5 6],17,49,64,32,36
1,<environment.Job instance at 0x7f6ff59672d0>,14,27,[ 3 14],15,64,91,49,62
1,<environment.Job instance at 0x7f6ff4f72140>,22,17,[10  3],23,91,108,68,83
1,<environment.Job instance at 0x7f6ff4f72c30>,24,17,[ 2 10],25,91,108,66,85
1,<environment.Job instance at 0x7f6ff4f72eb0>,25,12,[2 8],26,108,120,82,91
1,<environment.Job instance at 0x7f6ff4f72910>,30,22,[5 3],31,108,130,77,102
1,<environment.Job instance at 0x7f6ff4f72820>,23,25,[ 4 12],24,120,145,96,116
1,<environment.Job instance at 0x7f6ff54b80a0>,39,13,[5 6],40,145,158,105,129
1,<environment.Job instance at 0x7f6ff54b8cd0>,46,19,[8 2],47,130,149,83,129
1,<environment.Job instance at 0x7f6ff54b8b40>,49,18,[9 1],50,149,167,99,139
1,<environment.Job instance at 0x7f6ff54b8eb0>,50,16,[ 1 10],51,158,174,107,146
1,<environment.Job instance at 0x7f6ff54b8b90>,52,16,[6 2],53,167,183,114,154
1,<environment.Job instance at 0x7f6ff54b8500>,53,14,[1 5],54,174,188,120,159
1,<environment.Job instance at 0x7f6ff5b2cfa0>,56,17,[4 7],57,174,191,117,162
1,<environment.Job instance at 0x7f6ff5b2c6e0>,57,16,[ 5 10],58,191,207,133,178
1,<environment.Job instance at 0x7f6ff5b2c3c0>,58,21,[3 5],59,188,209,129,180
1,<environment.Job instance at 0x7f6ff488d280>,1,15,[5 6],2,2,17,0,2
1,<environment.Job instance at 0x7f6ff488dcd0>,2,15,[11  2],3,17,32,14,3
1,<environment.Job instance at 0x7f6ff57b8f50>,5,17,[5 1],6,32,49,26,20
1,<environment.Job instance at 0x7f6ff57b8820>,10,21,[6 4],11,32,53,21,24
1,<environment.Job instance at 0x7f6ff5796050>,13,19,[5 4],14,49,68,35,39
1,<environment.Job instance at 0x7f6ff57961e0>,15,22,[3 6],16,39,61,23,39
1,<environment.Job instance at 0x7f6ff5a7ef50>,21,22,[7 5],22,53,75,31,47
1,<environment.Job instance at 0x7f6ff58b4af0>,25,16,[4 5],26,68,84,42,55
1,<environment.Job instance at 0x7f6ff58b4780>,30,12,[9 2],31,75,87,44,58
1,<environment.Job instance at 0x7f6ff452e0a0>,35,13,[8 1],36,87,100,51,71
1,<environment.Job instance at 0x7f6ff455c9b0>,38,17,[9 3],39,100,117,61,88
1,<environment.Job instance at 0x7f6ff455c780>,39,20,[ 1 10],40,88,108,48,88
1,<environment.Job instance at 0x7f6ff57b8d20>,7,16,[11  1],8,117,133,109,107
1,<environment.Job instance at 0x7f6ff455cf50>,41,16,[3 9],42,110,126,68,110
1,<environment.Job instance at 0x7f6ff455c960>,40,19,[9 3],41,133,152,92,123
1,<environment.Job instance at 0x7f6ff57b8320>,6,21,[4 8],7,126,147,119,123
1,<environment.Job instance at 0x7f6ff454e2d0>,44,22,[ 5 11],45,147,169,102,140
1,<environment.Job instance at 0x7f6ff454e500>,45,17,[13  3],46,169,186,123,157
1,<environment.Job instance at 0x7f6ff454e3c0>,48,18,[7 3],49,186,204,137,175
1,<environment.Job instance at 0x7f6ff454e280>,49,20,[5 7],50,186,206,136,181
1,<environment.Job instance at 0x7f6ff4ae25f0>,3,23,[1 8],4,4,27,0,4
1,<environment.Job instance at 0x7f6ff57f43c0>,5,14,[9 1],6,7,21,1,7
1,<environment.Job instance at 0x7f6ff57cf190>,6,21,[5 2],7,7,28,0,7
1,<environment.Job instance at 0x7f6ff57cfcd0>,11,13,[3 6],12,27,40,15,12
1,<environment.Job instance at 0x7f6ff52b7c30>,13,18,[3 6],14,27,45,13,23
1,<environment.Job instance at 0x7f6ff52b7140>,17,14,[13  4],18,45,59,27,30
1,<environment.Job instance at 0x7f6ff52b7f00>,16,13,[ 3 13],17,59,72,42,43
1,<environment.Job instance at 0x7f6ff52b7460>,18,15,[3 6],19,72,87,53,58
1,<environment.Job instance at 0x7f6ff52b7410>,23,15,[ 5 12],24,87,102,63,73
1,<environment.Job instance at 0x7f6ff52b7370>,24,28,[10  5],25,102,130,77,101
1,<environment.Job instance at 0x7f6ff52b7dc0>,25,13,[8 1],26,130,143,104,114
1,<environment.Job instance at 0x7f6ff52b7050>,26,15,[ 1 13],27,130,145,103,116
1,<environment.Job instance at 0x7f6ff52b7af0>,28,21,[9 3],29,145,166,116,137
1,<environment.Job instance at 0x7f6ff52b7550>,29,13,[13  1],30,166,179,136,151
1,<environment.Job instance at 0x7f6ff4d9a780>,38,14,[14  2],39,179,193,140,164
1,<environment.Job instance at 0x7f6ff4d9a820>,39,21,[6 3],40,193,214,153,185
1,<environment.Job instance at 0x7f6ff4d9a9b0>,40,20,[1 9],41,185,205,144,185
1,<environment.Job instance at 0x7f6ff4759370>,0,16,[4 8],1,1,17,0,1
1,<environment.Job instance at 0x7f6ff5145a00>,4,18,[5 7],5,5,23,0,5
1,<environment.Job instance at 0x7f6ff50e8eb0>,7,18,[1 5],8,17,35,9,8
1,<environment.Job instance at 0x7f6ff5b1eb40>,9,16,[4 9],10,23,39,13,10
1,<environment.Job instance at 0x7f6ff4af92d0>,13,21,[2 7],14,39,60,25,31
1,<environment.Job instance at 0x7f6ff4aee640>,10,13,[8 5],11,35,48,24,31
1,<environment.Job instance at 0x7f6ff4c15be0>,11,15,[2 7],12,48,63,36,43
1,<environment.Job instance at 0x7f6ff45d6f00>,16,19,[8 4],17,60,79,43,51
1,<environment.Job instance at 0x7f6ff45d6fa0>,17,17,[8 4],18,79,96,61,67
1,<environment.Job instance at 0x7f6ff45bf3c0>,23,12,[7 2],24,67,79,43,67
1,<environment.Job instance at 0x7f6ff45bf820>,30,19,[1 7],31,87,106,56,87
1,<environment.Job instance at 0x7f6ff45d6cd0>,18,26,[11  3],19,96,122,77,93
1,<environment.Job instance at 0x7f6ff45bfa00>,33,15,[14  3],34,122,137,88,109
1,<environment.Job instance at 0x7f6ff45bf9b0>,34,15,[ 2 11],35,137,152,102,123
1,<environment.Job instance at 0x7f6ff45bfbe0>,36,12,[13  1],37,137,149,100,123
1,<environment.Job instance at 0x7f6ff45bfc80>,37,18,[ 3 10],38,152,170,114,141
1,<environment.Job instance at 0x7f6ff45bfdc0>,39,13,[1 8],40,170,183,130,154
1,<environment.Job instance at 0x7f6ff45bfe60>,40,23,[12  3],41,154,177,113,154
1,<environment.Job instance at 0x7f6ff45bffa0>,42,15,[7 2],43,177,192,134,163
1,<environment.Job instance at 0x7f6ff45a12d0>,43,23,[3 9],44,183,206,139,177
1,<environment.Job instance at 0x7f6ff45a1280>,44,19,[11  5],45,192,211,147,183
1,<environment.Job instance at 0x7fa39e2d25f0>,1,22,[11  3],2,2,24,0,2
1,<environment.Job instance at 0x7fa394b81d70>,5,24,[1 5],6,6,30,0,6
1,<environment.Job instance at 0x7fa39e2d24b0>,24,13,[ 3 14],25,30,43,5,25
1,<environment.Job instance at 0x7fa394aff960>,23,18,[2 7],24,43,61,19,32
1,<environment.Job instance at 0x7fa394b07fa0>,0,22,[2 5],1,3,25,2,3
1,<environment.Job instance at 0x7fa394b02af0>,2,20,[11  3],3,4,24,1,4
1,<environment.Job instance at 0x7fa394bce5f0>,9,21,[2 7],10,13,34,3,13
1,<environment.Job instance at 0x7fa394bcedc0>,5,20,[13  1],6,25,45,19,16
1,<environment.Job instance at 0x7fa394c3bc30>,11,23,[ 1 11],12,34,57,22,28
1,<environment.Job instance at 0x7fa394c3b0f0>,10,28,[13  2],11,45,73,34,45
1,<environment.Job instance at 0x7fa394c3b910>,15,20,[2 6],16,57,77,41,48
1,<environment.Job instance at 0x7fa39425b550>,1,18,[ 1 10],2,2,20,0,2
1,<environment.Job instance at 0x7fa3942705a0>,5,26,[9 3],6,6,32,0,6
1,<environment.Job instance at 0x7fa394270e10>,7,12,[ 3 12],8,20,32,12,8
1,<environment.Job instance at 0x7fa3942700f0>,10,12,[13  1],11,32,44,21,20
1,<environment.Job instance at 0x7fa394278c30>,31,20,[5 3],32,44,64,12,35
1,<environment.Job instance at 0x7fa3944c5460>,1,14,[1 8],2,2,16,0,2
1,<environment.Job instance at 0x7fa394837690>,9,14,[11  3],10,10,24,0,10
1,<environment.Job instance at 0x7fa394c450a0>,30,22,[6 2],31,31,53,0,31
1,<environment.Job instance at 0x7fa3945b9460>,44,12,[1 7],45,45,57,0,45
1,<environment.Job instance at 0x7fa3940d9aa0>,11,15,[12  3],12,12,27,0,12
1,<environment.Job instance at 0x7fa3940d9c30>,14,20,[11  4],15,27,47,12,18
1,<environment.Job instance at 0x7fa3940d9d70>,18,23,[7 4],19,47,70,28,41
1,<environment.Job instance at 0x7fa39417abe0>,5,14,[11  5],6,6,20,0,6
1,<environment.Job instance at 0x7fa39417a190>,6,16,[14  1],7,20,36,13,9
1,<environment.Job instance at 0x7fa39417af00>,8,21,[2 9],9,36,57,27,28
1,<environment.Job instance at 0x7fa394122910>,19,15,[3 6],20,36,51,16,28
1,<environment.Job instance at 0x7fa394ca22d0>,0,12,[14  2],1,1,13,0,1
1,<environment.Job instance at 0x7fa394fa32d0>,5,19,[1 5],6,6,25,0,6
1,<environment.Job instance at 0x7fa394fa3cd0>,14,13,[2 8],15,15,28,0,15
1,<environment.Job instance at 0x7fa394fa3960>,18,15,[12  4],19,25,40,6,19
1,<environment.Job instance at 0x7fa3949b4460>,45,17,[11  2],46,46,63,0,46
1,<environment.Job instance at 0x7fa394a4c550>,0,12,[ 4 14],1,1,13,0,1
1,<environment.Job instance at 0x7fa3949b4d70>,2,16,[5 4],3,13,29,10,3
1,<environment.Job instance at 0x7fa3941de190>,19,22,[8 3],20,20,42,0,20
1,<environment.Job instance at 0x7fa3941de460>,23,20,[2 5],24,24,44,0,24
1,<environment.Job instance at 0x7fa3941de730>,30,20,[5 5],31,31,51,0,31
1,<environment.Job instance at 0x7fa3941d5140>,42,21,[5 5],43,43,64,0,43
1,<environment.Job instance at 0x7fa3941d5550>,48,20,[9 4],49,51,71,2,49
1,<environment.Job instance at 0x7fa394dc7640>,0,21,[ 4 14],1,1,22,0,1
1,<environment.Job instance at 0x7fa394436410>,10,19,[3 5],11,22,41,11,12
1,<environment.Job instance at 0x7fa39448d1e0>,17,23,[10  4],18,22,45,4,18
1,<environment.Job instance at 0x7fa39448d690>,24,19,[1 7],25,41,60,16,31
1,<environment.Job instance at 0x7fa3943dca00>,38,15,[5 8],39,45,60,6,39
1,<environment.Job instance at 0x7fa3950ee640>,0,26,[ 3 12],1,1,27,0,1
1,<environment.Job instance at 0x7fa394dded20>,4,19,[11  3],5,5,24,0,5
1,<environment.Job instance at 0x7fa395290f50>,12,14,[ 4 10],13,27,41,14,13
1,<environment.Job instance at 0x7fa394dde320>,1,12,[11  4],2,27,39,25,13
1,<environment.Job instance at 0x7fa394d69eb0>,24,14,[5 1],25,39,53,14,30
1,<environment.Job instance at 0x7fa395088cd0>,26,26,[7 3],27,49,75,22,49
1,<environment.Job instance at 0x7fa3944f9aa0>,0,19,[5 1],1,1,20,0,1
1,<environment.Job instance at 0x7fa39500fa50>,3,14,[2 5],4,4,18,0,4
1,<environment.Job instance at 0x7fa39500fb90>,5,12,[12  5],6,20,32,14,7
1,<environment.Job instance at 0x7fa3941386e0>,6,19,[7 2],7,32,51,25,22
1,<environment.Job instance at 0x7fa394fd8af0>,29,19,[9 4],30,51,70,21,41
1,<environment.Job instance at 0x7fa394ede3c0>,5,18,[11  1],6,6,24,0,6
1,<environment.Job instance at 0x7fa394edeb90>,11,14,[11  3],12,24,38,12,12
1,<environment.Job instance at 0x7fa3949a8550>,13,19,[3 9],14,14,33,0,14
1,<environment.Job instance at 0x7fa3949a8050>,15,15,[11  5],16,38,53,22,24
1,<environment.Job instance at 0x7fa395049050>,46,22,[11  4],47,53,75,6,47
1,<environment.Job instance at 0x7fa394c056e0>,1,23,[ 3 10],2,2,25,0,2
1,<environment.Job instance at 0x7fa39dd373c0>,5,18,[12  1],6,17,35,11,17
1,<environment.Job instance at 0x7fa394c055f0>,0,25,[ 3 10],1,25,50,24,21
1,<environment.Job instance at 0x7fa394868780>,19,19,[11  4],20,35,54,15,32
1,<environment.Job instance at 0x7fa3948685a0>,21,23,[ 4 10],22,50,73,28,44
1,<environment.Job instance at 0x7fa394b59c30>,0,16,[ 4 11],1,1,17,0,1
1,<environment.Job instance at 0x7fa3946fe190>,8,21,[6 5],9,17,38,8,9
1,<environment.Job instance at 0x7fa3946fec30>,17,15,[4 9],18,25,40,7,25
1,<environment.Job instance at 0x7fa39471e3c0>,19,24,[12  3],20,40,64,20,35
1,<environment.Job instance at 0x7fa39dcd4f00>,0,16,[ 3 12],1,1,17,0,1
1,<environment.Job instance at 0x7fa394ebd8c0>,4,20,[5 6],5,17,37,12,8
1,<environment.Job instance at 0x7fa394436eb0>,18,23,[4 5],19,19,42,0,19
1,<environment.Job instance at 0x7fa394697aa0>,23,21,[5 2],24,24,45,0,24
1,<environment.Job instance at 0x7fa39dcd4a50>,1,12,[14  3],2,45,57,43,35
1,<environment.Job instance at 0x7fa394f38050>,20,15,[ 5 10],21,21,36,0,21
1,<environment.Job instance at 0x7fa394a90dc0>,27,13,[9 3],28,28,41,0,28
1,<environment.Job instance at 0x7fa39404b230>,30,12,[11  5],31,41,53,10,31
1,<environment.Job instance at 0x7fa39404b500>,33,19,[4 8],34,36,55,2,34
1,<environment.Job instance at 0x7fa3947ec410>,40,14,[5 4],41,53,67,12,41
1,<environment.Job instance at 0x7fa3952ebdc0>,3,25,[2 7],4,4,29,0,4
1,<environment.Job instance at 0x7fa3952eb1e0>,4,23,[10  4],5,5,28,0,5
1,<environment.Job instance at 0x7fa395578cd0>,10,16,[1 5],11,28,44,17,15
1,<environment.Job instance at 0x7fa394bc9af0>,11,21,[12  3],12,28,49,16,23
1,<environment.Job instance at 0x7fa395567500>,33,19,[2 8],34,44,63,10,35
1,<environment.Job instance at 0x7fa394277640>,9,24,[5 4],10,10,34,0,10
1,<environment.Job instance at 0x7fa3942778c0>,10,14,[8 1],11,11,25,0,11
1,<environment.Job instance at 0x7fa394277320>,17,21,[6 5],18,25,46,7,18
1,<environment.Job instance at 0x7fa3942797d0>,29,19,[2 8],30,34,53,4,30
1,<environment.Job instance at 0x7fa394279410>,38,16,[2 5],39,46,62,7,39
1,<environment.Job instance at 0x7fa3950f2960>,46,19,[10  5],47,53,72,6,47
1,<environment.Job instance at 0x7fa394713690>,15,19,[8 4],16,16,35,0,16
1,<environment.Job instance at 0x7fa394713280>,16,21,[1 9],17,17,38,0,17
1,<environment.Job instance at 0x7fa3956e3190>,21,16,[2 7],22,38,54,16,25
1,<environment.Job instance at 0x7fa393f19320>,33,19,[8 2],34,35,54,1,34
1,<environment.Job instance at 0x7fa3943cd190>,2,14,[7 4],3,3,17,0,3
1,<environment.Job instance at 0x7fa3942c9410>,0,26,[ 5 11],1,3,29,2,3
1,<environment.Job instance at 0x7fa3949ec910>,18,18,[ 1 10],19,29,47,10,19
1,<environment.Job instance at 0x7fa395679690>,21,18,[11  5],22,29,47,7,22
1,<environment.Job instance at 0x7fa3944f92d0>,36,19,[11  1],37,47,66,10,37
1,<environment.Job instance at 0x7fa394b80aa0>,35,23,[ 4 13],36,47,70,11,47
1,<environment.Job instance at 0x7f7370a7b5f0>,1,22,[11  3],2,2,24,0,2
1,<environment.Job instance at 0x7f73672a4140>,5,24,[1 5],6,6,30,0,6
1,<environment.Job instance at 0x7f73672a4cd0>,23,18,[2 7],24,24,42,0,24
1,<environment.Job instance at 0x7f73672a7e60>,50,22,[2 5],51,52,74,1,52
1,<environment.Job instance at 0x7f73672aa370>,57,19,[3 6],58,58,77,0,58
1,<environment.Job instance at 0x7f736789a280>,5,20,[2 6],6,6,26,0,6
1,<environment.Job instance at 0x7f7367460f00>,12,24,[9 2],13,13,37,0,13
1,<environment.Job instance at 0x7f73674604b0>,14,27,[1 6],15,15,42,0,15
1,<environment.Job instance at 0x7f7367460e10>,20,21,[2 6],21,26,47,5,21
1,<environment.Job instance at 0x7f73677953c0>,23,12,[12  3],24,37,49,13,24
1,<environment.Job instance at 0x7f73669d70f0>,35,15,[5 7],36,49,64,13,36
1,<environment.Job instance at 0x7f7366a3ac80>,38,17,[5 5],39,49,66,10,39
1,<environment.Job instance at 0x7f7366a573c0>,11,20,[5 3],12,12,32,0,12
1,<environment.Job instance at 0x7f73669b5c30>,25,24,[2 5],26,26,50,0,26
1,<environment.Job instance at 0x7f73669fcbe0>,30,15,[12  4],31,32,47,1,31
1,<environment.Job instance at 0x7f73669fcaa0>,31,14,[1 8],32,47,61,15,32
1,<environment.Job instance at 0x7f73669fc140>,33,14,[14  4],34,50,64,16,35
1,<environment.Job instance at 0x7f73669fc550>,39,14,[11  3],40,64,78,24,58
1,<environment.Job instance at 0x7f7366e31a50>,0,22,[6 2],1,1,23,0,1
1,<environment.Job instance at 0x7f7366f167d0>,14,12,[1 7],15,15,27,0,15
1,<environment.Job instance at 0x7f73673d6be0>,38,23,[7 4],39,39,62,0,39
1,<environment.Job instance at 0x7f7366f9c140>,2,20,[14  2],3,62,82,59,53
1,<environment.Job instance at 0x7f7366d60140>,52,20,[1 7],53,57,77,4,57
1,<environment.Job instance at 0x7f73668815a0>,18,21,[2 9],19,19,40,0,19
1,<environment.Job instance at 0x7f73668819b0>,24,22,[4 8],25,40,62,15,33
1,<environment.Job instance at 0x7f7366881d70>,29,15,[3 6],30,33,48,3,33
1,<environment.Job instance at 0x7f736691c5f0>,0,12,[14  2],1,1,13,0,1
1,<environment.Job instance at 0x7f7366876690>,5,19,[1 5],6,6,25,0,6
1,<environment.Job instance at 0x7f73668760f0>,14,13,[2 8],15,15,28,0,15
1,<environment.Job instance at 0x7f7366910280>,18,15,[12  4],19,25,40,6,19
1,<environment.Job instance at 0x7f73668c6640>,45,17,[11  2],46,46,63,0,46
1,<environment.Job instance at 0x7f73668c61e0>,52,16,[5 4],53,63,79,10,53
1,<environment.Job instance at 0x7f7367448690>,9,22,[8 3],10,10,32,0,10
1,<environment.Job instance at 0x7f7367448640>,14,14,[12  4],15,32,46,17,17
1,<environment.Job instance at 0x7f7367448050>,13,20,[2 5],14,27,47,13,27
1,<environment.Job instance at 0x7f7367448c80>,16,20,[ 3 14],17,47,67,30,39
1,<environment.Job instance at 0x7f7366913b90>,1,22,[14  4],2,3,25,1,3
1,<environment.Job instance at 0x7f7366ceed70>,2,17,[ 3 10],3,25,42,22,13
1,<environment.Job instance at 0x7f7366e0a870>,18,15,[5 8],19,42,57,23,28
1,<environment.Job instance at 0x7f7366e0a9b0>,20,20,[10  4],21,28,48,7,28
1,<environment.Job instance at 0x7f7366e0aa50>,21,16,[6 3],22,48,64,26,35
1,<environment.Job instance at 0x7f7366e0f8c0>,42,14,[ 4 10],43,57,71,14,44
1,<environment.Job instance at 0x7f7366e0ff00>,53,21,[5 4],54,64,85,10,56
1,<environment.Job instance at 0x7f7366e0f690>,54,14,[5 1],55,57,71,2,56
1,<environment.Job instance at 0x7f7366cee8c0>,1,17,[11  1],2,2,19,0,2
1,<environment.Job instance at 0x7f737047eaa0>,18,19,[3 7],19,19,38,0,19
1,<environment.Job instance at 0x7f7367255af0>,20,19,[5 1],21,21,40,0,21
1,<environment.Job instance at 0x7f73674f17d0>,23,14,[2 5],24,24,38,0,24
1,<environment.Job instance at 0x7f73674f1190>,26,19,[7 2],27,38,57,11,28
1,<environment.Job instance at 0x7f73674f18c0>,32,26,[8 1],33,40,66,7,37
1,<environment.Job instance at 0x7f7366d46a00>,49,19,[9 4],50,66,85,16,56
1,<environment.Job instance at 0x7f7366ca2e60>,0,19,[ 4 13],1,1,20,0,1
1,<environment.Job instance at 0x7f7366ca2190>,5,16,[11  2],6,6,22,0,6
1,<environment.Job instance at 0x7f73670e9e10>,10,25,[14  3],11,22,47,11,18
1,<environment.Job instance at 0x7f73670e9a00>,8,18,[7 5],9,47,65,38,38
1,<environment.Job instance at 0x7f7367248dc0>,25,15,[11  5],26,65,80,39,56
1,<environment.Job instance at 0x7f73675eb190>,0,25,[ 3 10],1,1,26,0,1
1,<environment.Job instance at 0x7f7367419140>,5,18,[12  1],6,32,50,26,32
1,<environment.Job instance at 0x7f73675eba50>,1,23,[ 3 10],2,35,58,33,35
1,<environment.Job instance at 0x7f736740f1e0>,31,20,[7 1],32,50,70,18,41
1,<environment.Job instance at 0x7f73674044b0>,58,21,[6 5],59,59,80,0,59
1,<environment.Job instance at 0x7f7367922960>,0,20,[ 2 12],1,4,24,3,4
1,<environment.Job instance at 0x7f73679226e0>,8,22,[13  2],9,10,32,1,10
1,<environment.Job instance at 0x7f73679228c0>,7,15,[4 9],8,32,47,24,25
1,<environment.Job instance at 0x7f7367922d70>,6,19,[11  1],7,32,51,25,25
1,<environment.Job instance at 0x7f73668b4460>,16,21,[9 5],17,51,72,34,43
1,<environment.Job instance at 0x7f73668b4780>,23,14,[9 4],24,72,86,48,57
1,<environment.Job instance at 0x7f736735e690>,3,21,[5 2],4,4,25,0,4
1,<environment.Job instance at 0x7f7366ffa3c0>,18,18,[9 1],19,19,37,0,19
1,<environment.Job instance at 0x7f736768db90>,50,15,[ 5 10],51,51,66,0,51
1,<environment.Job instance at 0x7f7367a384b0>,57,13,[9 3],58,58,71,0,58
1,<environment.Job instance at 0x7f73673fccd0>,0,12,[11  5],1,1,13,0,1
1,<environment.Job instance at 0x7f73670f1fa0>,3,19,[4 8],4,4,23,0,4
1,<environment.Job instance at 0x7f73672a8be0>,10,14,[5 4],11,13,27,2,11
1,<environment.Job instance at 0x7f73672c9e10>,30,16,[1 5],31,31,47,0,31
1,<environment.Job instance at 0x7f73672d2780>,43,17,[9 2],44,44,61,0,44
1,<environment.Job instance at 0x7f73672b6eb0>,48,21,[9 4],49,61,82,12,53
1,<environment.Job instance at 0x7f73673fc140>,1,25,[ 5 11],2,53,78,51,53
1,<environment.Job instance at 0x7f7366e83eb0>,20,14,[8 1],21,21,35,0,21
1,<environment.Job instance at 0x7f7367ae6370>,27,21,[6 5],28,28,49,0,28
1,<environment.Job instance at 0x7f7367e1f050>,39,19,[2 8],40,40,59,0,40
1,<environment.Job instance at 0x7f7367e1f0a0>,48,16,[2 5],49,49,65,0,49
1,<environment.Job instance at 0x7f73704e6690>,51,20,[9 5],52,59,79,7,52
1,<environment.Job instance at 0x7f7367dae2d0>,15,19,[8 4],16,16,35,0,16
1,<environment.Job instance at 0x7f7367dae910>,16,21,[1 9],17,17,38,0,17
1,<environment.Job instance at 0x7f7367dae6e0>,21,16,[2 7],22,38,54,16,25
1,<environment.Job instance at 0x7f73674f9d20>,33,19,[8 2],34,35,54,1,34
1,<environment.Job instance at 0x7f7367a04af0>,49,22,[7 2],50,54,76,4,50
1,<environment.Job instance at 0x7f7367db34b0>,52,14,[7 4],53,54,68,1,53
1,<environment.Job instance at 0x7f7367d2f140>,4,22,[11  3],5,5,27,0,5
1,<environment.Job instance at 0x7f736717a370>,8,18,[ 1 10],9,9,27,0,9
1,<environment.Job instance at 0x7f7367d25190>,20,22,[2 9],21,27,49,6,21
1,<environment.Job instance at 0x7f7367d26f00>,24,22,[7 3],25,27,49,2,25
1,<environment.Job instance at 0x7f736716cd20>,28,21,[4 7],29,49,70,20,41
1,<environment.Job instance at 0x7f736733c6e0>,5,20,[5 8],6,6,26,0,6
1,<environment.Job instance at 0x7f7366ed60a0>,17,21,[ 3 10],18,26,47,8,18
1,<environment.Job instance at 0x7f7366ed6050>,20,19,[11  1],21,26,45,5,22
1,<environment.Job instance at 0x7f73674fe8c0>,36,22,[11  1],37,45,67,8,38
1,<environment.Job instance at 0x7f73674febe0>,51,24,[ 3 13],52,53,77,1,53
1,<environment.Job instance at 0x7f73666e1780>,4,22,[10  5],5,7,29,2,7
1,<environment.Job instance at 0x7f73674003c0>,10,22,[6 4],11,29,51,18,22
1,<environment.Job instance at 0x7f7367f027d0>,29,19,[3 6],30,35,54,5,35
1,<environment.Job instance at 0x7f7367f02910>,30,19,[9 1],31,51,70,20,41
1,<environment.Job instance at 0x7f7367f02460>,36,21,[5 3],37,54,75,17,46
1,<environment.Job instance at 0x7f7366b2f0a0>,1,21,[5 9],2,2,23,0,2
1,<environment.Job instance at 0x7f7366bbd870>,3,21,[2 6],4,4,25,0,4
1,<environment.Job instance at 0x7f7367d625f0>,8,16,[12  2],9,23,39,14,11
1,<environment.Job instance at 0x7f7366b2f1e0>,0,21,[ 1 12],1,25,46,24,24
1,<environment.Job instance at 0x7f7367d62780>,11,15,[13  3],12,39,54,27,35
1,<environment.Job instance at 0x7f7367d29b40>,35,18,[6 2],36,54,72,18,43
1,<environment.Job instance at 0x7f73669fc5f0>,36,12,[1 5],37,46,58,9,43
1,<environment.Job instance at 0x7f7367d297d0>,37,22,[3 7],38,54,76,16,47
1,<environment.Job instance at 0x7f7367d29640>,38,13,[11  2],39,72,85,33,56
1,<environment.Job instance at 0x7f158d7f4320>,1,22,[11  3],2,2,24,0,2
1,<environment.Job instance at 0x7f158407c6e0>,6,20,[6 1],7,24,44,17,15
1,<environment.Job instance at 0x7f1584080230>,23,18,[2 7],24,24,42,0,24
1,<environment.Job instance at 0x7f1584080780>,31,20,[11  5],32,44,64,12,35
1,<environment.Job instance at 0x7f1584082410>,50,22,[2 5],51,51,73,0,51
1,<environment.Job instance at 0x7f15840822d0>,48,17,[11  1],49,64,81,15,52
1,<environment.Job instance at 0x7f1584082910>,57,19,[3 6],58,73,92,15,64
1,<environment.Job instance at 0x7f1584535d20>,10,21,[2 6],11,11,32,0,11
1,<environment.Job instance at 0x7f15845b6a00>,14,21,[3 8],15,15,36,0,15
1,<environment.Job instance at 0x7f15845b6050>,22,21,[10  1],23,23,44,0,23
1,<environment.Job instance at 0x7f158458ad70>,25,15,[5 7],26,36,51,10,26
1,<environment.Job instance at 0x7f158458a500>,31,18,[ 1 10],32,51,69,19,40
1,<environment.Job instance at 0x7f158458a460>,32,23,[ 3 13],33,69,92,36,63
1,<environment.Job instance at 0x7f158371ecd0>,0,28,[ 2 10],1,4,32,3,4
1,<environment.Job instance at 0x7f158371e190>,5,24,[2 5],6,6,30,0,6
1,<environment.Job instance at 0x7f158371efa0>,11,14,[1 8],12,32,46,20,17
1,<environment.Job instance at 0x7f1583773f00>,10,15,[12  4],11,30,45,19,18
1,<environment.Job instance at 0x7f1583c2ed70>,32,26,[1 6],33,45,71,12,42
1,<environment.Job instance at 0x7f1583c2ecd0>,40,22,[6 2],41,46,68,5,42
1,<environment.Job instance at 0x7f158371c2d0>,50,24,[7 2],51,51,75,0,51
1,<environment.Job instance at 0x7f158371caa0>,54,12,[1 7],55,68,80,13,55
1,<environment.Job instance at 0x7f1584089640>,1,15,[12  3],2,2,17,0,2
1,<environment.Job instance at 0x7f158371ce60>,5,27,[1 6],6,6,33,0,6
1,<environment.Job instance at 0x7f15840eb050>,4,20,[11  4],5,17,37,12,8
1,<environment.Job instance at 0x7f158444c5a0>,22,20,[1 7],23,33,53,10,24
1,<environment.Job instance at 0x7f158444c320>,27,22,[11  1],28,37,59,9,30
1,<environment.Job instance at 0x7f15845b19b0>,45,14,[11  5],46,59,73,13,46
1,<environment.Job instance at 0x7f15845b1320>,48,21,[2 9],49,53,74,4,49
1,<environment.Job instance at 0x7f15845b18c0>,59,15,[3 6],60,73,88,13,61
1,<environment.Job instance at 0x7f15845cd640>,61,23,[2 6],62,74,97,12,68
1,<environment.Job instance at 0x7f1584bc3690>,1,16,[12  5],2,2,18,0,2
1,<environment.Job instance at 0x7f1584bb8a00>,21,17,[10  5],22,22,39,0,22
1,<environment.Job instance at 0x7f1584bb8c80>,25,19,[1 5],26,26,45,0,26
1,<environment.Job instance at 0x7f1584817eb0>,28,15,[12  4],29,39,54,10,29
1,<environment.Job instance at 0x7f1584817280>,34,13,[2 8],35,45,58,10,35
1,<environment.Job instance at 0x7f1584a496e0>,47,15,[11  1],48,54,69,6,48
1,<environment.Job instance at 0x7f1584ac3140>,57,23,[10  2],58,69,92,11,63
1,<environment.Job instance at 0x7f15837a5190>,0,12,[ 4 14],1,1,13,0,1
1,<environment.Job instance at 0x7f15837a5dc0>,2,16,[5 4],3,13,29,10,3
1,<environment.Job instance at 0x7f15839e5690>,19,22,[8 3],20,20,42,0,20
1,<environment.Job instance at 0x7f15839e59b0>,23,20,[2 5],24,24,44,0,24
1,<environment.Job instance at 0x7f15839e58c0>,30,20,[5 5],31,31,51,0,31
1,<environment.Job instance at 0x7f15839e5050>,29,24,[8 4],30,42,66,12,37
1,<environment.Job instance at 0x7f158400b1e0>,42,21,[5 5],43,51,72,8,43
1,<environment.Job instance at 0x7f158400bd20>,48,20,[9 4],49,66,86,17,57
1,<environment.Job instance at 0x7f1583f213c0>,60,19,[3 5],61,72,91,11,62
1,<environment.Job instance at 0x7f1583d9baa0>,2,17,[ 3 10],3,3,20,0,3
1,<environment.Job instance at 0x7f15835dfe60>,3,21,[6 4],4,4,25,0,4
1,<environment.Job instance at 0x7f15835e28c0>,18,15,[5 8],19,20,35,1,19
1,<environment.Job instance at 0x7f15835e2280>,9,19,[ 3 14],10,35,54,25,25
1,<environment.Job instance at 0x7f15835e2be0>,21,16,[6 3],22,54,70,32,41
1,<environment.Job instance at 0x7f15835e2c80>,22,22,[ 5 13],23,70,92,47,63
1,<environment.Job instance at 0x7f15835e7f50>,0,20,[ 5 14],1,1,21,0,1
1,<environment.Job instance at 0x7f1583c548c0>,7,14,[13  3],8,21,35,13,9
1,<environment.Job instance at 0x7f1583fac960>,8,19,[3 7],9,35,54,26,25
1,<environment.Job instance at 0x7f1583c04960>,13,14,[2 5],14,25,39,11,25
1,<environment.Job instance at 0x7f1583c04870>,16,19,[7 2],17,35,54,18,25
1,<environment.Job instance at 0x7f1583c04c80>,10,19,[5 1],11,39,58,28,32
1,<environment.Job instance at 0x7f1583c040f0>,19,20,[10  5],20,54,74,34,45
1,<environment.Job instance at 0x7f15837eaeb0>,39,19,[9 4],40,74,93,34,64
1,<environment.Job instance at 0x7f1583431f00>,1,14,[11  3],2,2,16,0,2
1,<environment.Job instance at 0x7f15834610f0>,3,19,[3 9],4,4,23,0,4
1,<environment.Job instance at 0x7f158330f0a0>,5,15,[11  5],6,16,31,10,6
1,<environment.Job instance at 0x7f158d441730>,21,14,[12  2],22,31,45,9,22
1,<environment.Job instance at 0x7f158333ea50>,36,22,[11  4],37,45,67,8,38
1,<environment.Job instance at 0x7f158329a6e0>,59,19,[11  4],60,67,86,7,61
1,<environment.Job instance at 0x7f1583f21550>,1,20,[7 1],2,2,22,0,2
1,<environment.Job instance at 0x7f1584bc3d70>,28,21,[6 5],29,29,50,0,29
1,<environment.Job instance at 0x7f1583c30460>,37,15,[4 9],38,38,53,0,38
1,<environment.Job instance at 0x7f158375deb0>,46,21,[9 5],47,50,71,3,47
1,<environment.Job instance at 0x7f158d1fc780>,53,14,[9 4],54,71,85,17,56
1,<environment.Job instance at 0x7f1583a3daa0>,0,16,[ 3 12],1,1,17,0,1
1,<environment.Job instance at 0x7f15841eeaa0>,4,20,[5 6],5,17,37,12,8
1,<environment.Job instance at 0x7f15836e9be0>,18,23,[4 5],19,19,42,0,19
1,<environment.Job instance at 0x7f1583b335f0>,23,21,[5 2],24,24,45,0,24
1,<environment.Job instance at 0x7f1583795a00>,1,12,[14  3],2,45,57,43,33
1,<environment.Job instance at 0x7f1584049370>,38,18,[9 1],39,57,75,18,46
1,<environment.Job instance at 0x7f1584548730>,0,15,[ 5 10],1,1,16,0,1
1,<environment.Job instance at 0x7f1584548410>,7,13,[9 3],8,8,21,0,8
1,<environment.Job instance at 0x7f1584548f00>,13,19,[4 8],14,16,35,2,14
1,<environment.Job instance at 0x7f1584548370>,20,14,[5 4],21,21,35,0,21
1,<environment.Job instance at 0x7f15838dbbe0>,29,13,[12  3],30,35,48,5,30
1,<environment.Job instance at 0x7f15833593c0>,37,24,[3 6],38,38,62,0,38
1,<environment.Job instance at 0x7f15833598c0>,40,16,[1 5],41,48,64,7,42
1,<environment.Job instance at 0x7f1583359730>,53,17,[9 2],54,54,71,0,54
1,<environment.Job instance at 0x7f1583359cd0>,59,20,[ 5 13],60,64,84,4,62
1,<environment.Job instance at 0x7f1583ef1cd0>,20,14,[8 1],21,21,35,0,21
1,<environment.Job instance at 0x7f1583a76370>,27,21,[6 5],28,28,49,0,28
1,<environment.Job instance at 0x7f1583a76550>,39,19,[2 8],40,40,59,0,40
1,<environment.Job instance at 0x7f1584987d70>,48,16,[2 5],49,49,65,0,49
1,<environment.Job instance at 0x7f15849870a0>,51,20,[9 5],52,59,79,7,52
1,<environment.Job instance at 0x7f1583c310a0>,5,19,[8 4],6,6,25,0,6
1,<environment.Job instance at 0x7f1583c315a0>,6,21,[1 9],7,7,28,0,7
1,<environment.Job instance at 0x7f158434faa0>,10,12,[13  4],11,25,37,14,12
1,<environment.Job instance at 0x7f1583f454b0>,11,16,[2 7],12,28,44,16,18
1,<environment.Job instance at 0x7f15838556e0>,23,19,[8 2],24,37,56,13,27
1,<environment.Job instance at 0x7f15846e03c0>,42,14,[7 4],43,44,58,1,44
1,<environment.Job instance at 0x7f158434fb40>,14,28,[14  4],15,59,87,44,59
1,<environment.Job instance at 0x7f158481d320>,4,22,[7 3],5,5,27,0,5
1,<environment.Job instance at 0x7f158481df00>,8,21,[4 7],9,9,30,0,9
1,<environment.Job instance at 0x7f158481d6e0>,6,19,[11  1],7,27,46,20,19
1,<environment.Job instance at 0x7f1583907870>,23,19,[6 2],24,46,65,22,36
1,<environment.Job instance at 0x7f1584bf8d20>,33,20,[10  5],34,65,85,31,56
1,<environment.Job instance at 0x7f158495a050>,45,20,[5 8],46,67,87,21,67
1,<environment.Job instance at 0x7f1583c09d70>,0,22,[ 3 11],1,1,23,0,1
1,<environment.Job instance at 0x7f15842bdfa0>,5,19,[12  1],6,15,34,9,15
1,<environment.Job instance at 0x7f1583a1b550>,19,19,[8 5],20,34,53,14,24
1,<environment.Job instance at 0x7f158497d500>,40,22,[6 4],41,41,63,0,41
1,<environment.Job instance at 0x7f158d20e7d0>,59,19,[3 6],60,60,79,0,60
1,<environment.Job instance at 0x7f158d20e0a0>,60,19,[9 1],61,63,82,2,61
1,<environment.Job instance at 0x7f158432e2d0>,1,15,[11  5],2,2,17,0,2
1,<environment.Job instance at 0x7f158482bb90>,10,22,[3 9],11,11,33,0,11
1,<environment.Job instance at 0x7f158482b500>,5,20,[12  3],6,17,37,11,13
1,<environment.Job instance at 0x7f158481f7d0>,17,12,[3 6],18,33,45,15,22
1,<environment.Job instance at 0x7f158359ed20>,0,21,[ 1 11],1,45,66,44,37
1,<environment.Job instance at 0x7f158481fa50>,20,21,[ 1 12],21,66,87,45,58
1,<environment.Job instance at 0x7f158353e0f0>,5,15,[12  1],6,7,22,1,7
1,<environment.Job instance at 0x7f158353e4b0>,9,18,[4 9],10,22,40,12,11
1,<environment.Job instance at 0x7f15848dbf50>,18,19,[10  1],19,22,41,3,19
1,<environment.Job instance at 0x7f15848db7d0>,25,18,[6 4],26,41,59,15,30
1,<environment.Job instance at 0x7f15841e0190>,47,24,[5 2],48,48,72,0,48
1,<environment.Job instance at 0x7f15841e0780>,49,13,[1 9],50,50,63,0,50
1,<environment.Job instance at 0x7f1584057410>,53,16,[9 3],54,59,75,5,54
1,<environment.Job instance at 0x7f15848ca0f0>,57,20,[3 7],58,72,92,14,63
1,<environment.Job instance at 0x7f15846e5be0>,1,19,[10  3],2,2,21,0,2
1,<environment.Job instance at 0x7f15840f1320>,4,19,[11  1],5,21,40,16,13
1,<environment.Job instance at 0x7f1583e9b730>,21,13,[7 2],22,40,53,18,24
1,<environment.Job instance at 0x7f1583c28690>,36,22,[4 5],37,37,59,0,37
1,<environment.Job instance at 0x7f1583c28050>,37,19,[2 5],38,40,59,2,38
1,<environment.Job instance at 0x7f1583c28e60>,38,16,[9 3],39,53,69,14,40
1,<environment.Job instance at 0x7f1583e9bd70>,22,12,[5 2],23,59,71,36,42
1,<environment.Job instance at 0x7f1583c288c0>,40,20,[8 3],41,69,89,28,60
1,<environment.Job instance at 0x7f158d246960>,44,18,[2 8],45,69,87,24,60
1,<environment.Job instance at 0x7f15849e1c80>,12,15,[4 7],13,13,28,0,13
1,<environment.Job instance at 0x7f15849f71e0>,18,13,[11  3],19,19,32,0,19
1,<environment.Job instance at 0x7f1583d3bdc0>,30,19,[9 5],31,32,51,1,31
1,<environment.Job instance at 0x7f1583731d70>,32,12,[9 4],33,51,63,18,34
1,<environment.Job instance at 0x7f15838a3fa0>,45,24,[6 2],46,46,70,0,46
1,<environment.Job instance at 0x7f1583b43050>,49,15,[8 5],50,63,78,13,50
1,<environment.Job instance at 0x7f15849f1910>,55,19,[3 5],56,70,89,14,60
1,<environment.Job instance at 0x7f043e5265f0>,5,24,[1 5],6,6,30,0,6
1,<environment.Job instance at 0x7f043e526690>,6,20,[6 1],7,7,27,0,7
1,<environment.Job instance at 0x7f043e526820>,7,25,[6 2],8,8,33,0,8
1,<environment.Job instance at 0x7f043e52a280>,23,18,[2 7],24,24,42,0,24
1,<environment.Job instance at 0x7f043e52c230>,47,17,[12  2],48,48,65,0,48
1,<environment.Job instance at 0x7f043e52c3c0>,50,22,[2 5],51,51,73,0,51
1,<environment.Job instance at 0x7f043e52c910>,57,19,[3 6],58,65,84,7,58
1,<environment.Job instance at 0x7f043e52cb90>,59,21,[2 7],60,73,94,13,65
1,<environment.Job instance at 0x7f043e52caa0>,65,20,[2 6],66,84,104,18,75
1,<environment.Job instance at 0x7f043ec26e10>,3,12,[12  3],4,5,17,1,5
1,<environment.Job instance at 0x7f043ec26460>,0,21,[2 6],1,5,26,4,5
1,<environment.Job instance at 0x7f043ec26a00>,10,22,[4 9],11,17,39,6,13
1,<environment.Job instance at 0x7f043ec269b0>,15,15,[5 7],16,39,54,23,25
1,<environment.Job instance at 0x7f043ec52050>,18,17,[5 5],19,26,43,7,25
1,<environment.Job instance at 0x7f043ebb7d20>,51,20,[5 3],52,52,72,0,52
1,<environment.Job instance at 0x7f043dfe9820>,71,14,[1 8],72,72,86,0,72
1,<environment.Job instance at 0x7f043dc42410>,12,26,[1 6],13,13,39,0,13
1,<environment.Job instance at 0x7f043dc42c30>,20,22,[6 2],21,25,47,4,25
1,<environment.Job instance at 0x7f043dc66eb0>,30,24,[7 2],31,31,55,0,31
1,<environment.Job instance at 0x7f043dc66fa0>,34,12,[1 7],35,39,51,4,35
1,<environment.Job instance at 0x7f043dc425a0>,25,20,[11  2],26,55,75,29,46
1,<environment.Job instance at 0x7f043dc05eb0>,55,27,[1 6],56,56,83,0,56
1,<environment.Job instance at 0x7f043dc05050>,58,23,[7 4],59,75,98,16,69
1,<environment.Job instance at 0x7f043dc676e0>,72,20,[1 7],73,83,103,10,74
1,<environment.Job instance at 0x7f043e0c8280>,15,14,[11  5],16,16,30,0,16
1,<environment.Job instance at 0x7f043e0c87d0>,18,21,[2 9],19,19,40,0,19
1,<environment.Job instance at 0x7f043e22aa50>,24,22,[4 8],25,40,62,15,33
1,<environment.Job instance at 0x7f043e2d77d0>,29,15,[3 6],30,33,48,3,33
1,<environment.Job instance at 0x7f043dc269b0>,0,23,[ 2 14],1,62,85,61,56
1,<environment.Job instance at 0x7f043e2d74b0>,26,15,[ 2 13],27,85,100,58,71
1,<environment.Job instance at 0x7f043ef6d910>,0,20,[ 5 13],1,1,21,0,1
1,<environment.Job instance at 0x7f043f024640>,7,15,[11  1],8,21,36,13,8
1,<environment.Job instance at 0x7f043ef745a0>,32,16,[5 4],33,36,52,3,33
1,<environment.Job instance at 0x7f043ef69050>,49,22,[8 3],50,50,72,0,50
1,<environment.Job instance at 0x7f043eeed280>,53,20,[2 5],54,54,74,0,54
1,<environment.Job instance at 0x7f043eeedd70>,60,20,[5 5],61,61,81,0,61
1,<environment.Job instance at 0x7f043e480e10>,72,21,[5 5],73,73,94,0,73
1,<environment.Job instance at 0x7f043db6b1e0>,78,20,[9 4],79,81,101,2,79
1,<environment.Job instance at 0x7f043e31fc30>,10,19,[3 5],11,11,30,0,11
1,<environment.Job instance at 0x7f043deb2b90>,22,17,[ 3 10],23,23,40,0,23
1,<environment.Job instance at 0x7f043deb2190>,23,21,[6 4],24,30,51,6,24
1,<environment.Job instance at 0x7f043de94050>,38,15,[5 8],39,40,55,1,39
1,<environment.Job instance at 0x7f043de949b0>,40,20,[10  4],41,51,71,10,42
1,<environment.Job instance at 0x7f043dc7b550>,73,21,[5 4],74,74,95,0,74
1,<environment.Job instance at 0x7f043dc7b640>,75,19,[9 3],76,76,95,0,76
1,<environment.Job instance at 0x7f043e4881e0>,1,17,[11  1],2,2,19,0,2
1,<environment.Job instance at 0x7f043db94c80>,18,19,[3 7],19,19,38,0,19
1,<environment.Job instance at 0x7f043db94f00>,20,19,[5 1],21,21,40,0,21
1,<environment.Job instance at 0x7f043db840a0>,23,14,[2 5],24,24,38,0,24
1,<environment.Job instance at 0x7f043db841e0>,26,19,[7 2],27,38,57,11,28
1,<environment.Job instance at 0x7f043db845f0>,32,26,[8 1],33,40,66,7,37
1,<environment.Job instance at 0x7f043db861e0>,49,19,[9 4],50,66,85,16,56
1,<environment.Job instance at 0x7f043db86730>,58,20,[10  3],59,85,105,26,76
1,<environment.Job instance at 0x7f043e857c80>,1,14,[11  3],2,2,16,0,2
1,<environment.Job instance at 0x7f043f1609b0>,3,19,[3 9],4,4,23,0,4
1,<environment.Job instance at 0x7f043f160c30>,5,15,[11  5],6,16,31,10,6
1,<environment.Job instance at 0x7f043ecb0870>,16,18,[11  5],17,31,49,14,20
1,<environment.Job instance at 0x7f043e44b690>,36,22,[11  4],37,49,71,12,42
1,<environment.Job instance at 0x7f043dc64230>,72,20,[12  2],73,73,93,0,73
1,<environment.Job instance at 0x7f043dc94280>,73,25,[ 3 12],74,74,99,0,74
1,<environment.Job instance at 0x7f043de6daf0>,18,21,[6 5],19,19,40,0,19
1,<environment.Job instance at 0x7f043e23b7d0>,27,15,[4 9],28,31,46,3,31
1,<environment.Job instance at 0x7f043d7559b0>,36,21,[9 5],37,40,61,3,37
1,<environment.Job instance at 0x7f043deb85f0>,43,14,[9 4],44,61,75,17,46
1,<environment.Job instance at 0x7f0447697fa0>,49,19,[9 4],50,75,94,25,65
1,<environment.Job instance at 0x7f043e1a16e0>,64,20,[5 6],65,72,92,7,72
1,<environment.Job instance at 0x7f043e89c2d0>,3,21,[5 2],4,4,25,0,4
1,<environment.Job instance at 0x7f043e01c5a0>,18,18,[9 1],19,19,37,0,19
1,<environment.Job instance at 0x7f043e1290f0>,57,13,[9 3],58,58,71,0,58
1,<environment.Job instance at 0x7f043e129230>,60,12,[11  5],61,71,83,10,61
1,<environment.Job instance at 0x7f043e129550>,63,19,[4 8],64,64,83,0,64
1,<environment.Job instance at 0x7f043e129870>,70,14,[5 4],71,83,97,12,71
1,<environment.Job instance at 0x7f043decf550>,3,25,[2 7],4,4,29,0,4
1,<environment.Job instance at 0x7f043decf0f0>,4,23,[10  4],5,5,28,0,5
1,<environment.Job instance at 0x7f043eb0e550>,10,16,[1 5],11,28,44,17,15
1,<environment.Job instance at 0x7f043ed0ba50>,23,17,[9 2],24,28,45,4,24
1,<environment.Job instance at 0x7f043ed0b5f0>,28,21,[9 4],29,45,66,16,37
1,<environment.Job instance at 0x7f043ec5cc80>,33,19,[2 8],34,41,60,7,41
1,<environment.Job instance at 0x7f043e848be0>,60,14,[8 1],61,66,80,5,61
1,<environment.Job instance at 0x7f043ec5bc80>,67,21,[6 5],68,68,89,0,68
1,<environment.Job instance at 0x7f043d878780>,8,16,[2 5],9,9,25,0,9
1,<environment.Job instance at 0x7f043d878c80>,11,20,[9 5],12,12,32,0,12
1,<environment.Job instance at 0x7f043d8786e0>,16,19,[10  5],17,32,51,15,23
1,<environment.Job instance at 0x7f043da74b40>,20,20,[10  2],21,51,71,30,43
1,<environment.Job instance at 0x7f043da745a0>,35,19,[8 4],36,71,90,35,61
1,<environment.Job instance at 0x7f043da74a00>,36,21,[1 9],37,61,82,24,61
1,<environment.Job instance at 0x7f043da74050>,41,16,[2 7],42,82,98,40,69
1,<environment.Job instance at 0x7f043e6cdd70>,4,22,[11  3],5,5,27,0,5
1,<environment.Job instance at 0x7f043e6cda00>,8,18,[ 1 10],9,9,27,0,9
1,<environment.Job instance at 0x7f043e6cd230>,11,18,[11  5],12,27,45,15,16
1,<environment.Job instance at 0x7f043e980af0>,20,22,[2 9],21,27,49,6,21
1,<environment.Job instance at 0x7f043e980a00>,24,22,[7 3],25,45,67,20,39
1,<environment.Job instance at 0x7f043dbde050>,31,13,[ 4 11],32,49,62,17,39
1,<environment.Job instance at 0x7f043e980500>,28,21,[4 7],29,62,83,33,54
1,<environment.Job instance at 0x7f043dbde690>,38,21,[ 3 10],39,83,104,44,75
1,<environment.Job instance at 0x7f043dbde1e0>,42,23,[5 5],43,75,98,32,75
1,<environment.Job instance at 0x7f043eb2afa0>,29,19,[8 5],30,30,49,0,30
1,<environment.Job instance at 0x7f043e2089b0>,44,22,[10  5],45,49,71,4,46
1,<environment.Job instance at 0x7f043e208dc0>,50,22,[6 4],51,71,93,20,64
1,<environment.Job instance at 0x7f043e351a50>,69,19,[3 6],70,70,89,0,70
1,<environment.Job instance at 0x7f043e351f00>,76,21,[5 3],77,77,98,0,77
1,<environment.Job instance at 0x7f043e3773c0>,1,15,[11  5],2,2,17,0,2
1,<environment.Job instance at 0x7f043edf9d20>,5,20,[12  3],6,17,37,11,11
1,<environment.Job instance at 0x7f043e8f69b0>,12,12,[12  5],13,37,49,24,35
1,<environment.Job instance at 0x7f043db6e320>,35,22,[12  1],36,49,71,13,42
1,<environment.Job instance at 0x7f043ed965f0>,11,13,[13  3],12,71,84,59,55
1,<environment.Job instance at 0x7f043e490aa0>,55,18,[6 2],56,84,102,28,74
1,<environment.Job instance at 0x7f043d9bce60>,56,12,[1 5],57,74,86,17,74
1,<environment.Job instance at 0x7f043e805500>,8,19,[10  1],9,9,28,0,9
1,<environment.Job instance at 0x7f043e805370>,15,18,[6 4],16,28,46,12,17
1,<environment.Job instance at 0x7f043de43960>,37,24,[5 2],38,38,62,0,38
1,<environment.Job instance at 0x7f043de432d0>,39,13,[1 9],40,40,53,0,40
1,<environment.Job instance at 0x7f043e908960>,43,16,[9 3],44,46,62,2,44
1,<environment.Job instance at 0x7f043e908a50>,47,20,[3 7],48,62,82,14,53
1,<environment.Job instance at 0x7f043e908c30>,48,22,[ 1 11],49,82,104,33,75
1,<environment.Job instance at 0x7f043e908730>,52,20,[12  1],53,75,95,22,75
1,<environment.Job instance at 0x7f043dbd1370>,0,12,[ 3 11],1,1,13,0,1
1,<environment.Job instance at 0x7f043dbd14b0>,1,13,[7 2],2,2,15,0,2
1,<environment.Job instance at 0x7f043ed66be0>,2,12,[5 2],3,3,15,0,3
1,<environment.Job instance at 0x7f043dd4c6e0>,6,15,[12  2],7,17,32,10,17
1,<environment.Job instance at 0x7f043dd4cdc0>,17,19,[2 5],18,20,39,2,20
1,<environment.Job instance at 0x7f043dd4cd20>,16,22,[4 5],17,32,54,15,25
1,<environment.Job instance at 0x7f043dd4ceb0>,18,16,[9 3],19,32,48,13,25
1,<environment.Job instance at 0x7f043dd503c0>,24,18,[2 8],25,48,66,23,37
1,<environment.Job instance at 0x7f043dd50b40>,35,19,[5 6],36,54,73,18,44
1,<environment.Job instance at 0x7f043dd58a00>,62,15,[4 7],63,66,81,3,63
1,<environment.Job instance at 0x7f043dd50190>,25,21,[12  3],26,81,102,55,74
1,<environment.Job instance at 0x7f043e096820>,2,12,[9 4],3,3,15,0,3
1,<environment.Job instance at 0x7f043dff9e10>,19,15,[8 5],20,20,35,0,20
1,<environment.Job instance at 0x7f043dff9d20>,25,19,[3 5],26,26,45,0,26
1,<environment.Job instance at 0x7f043dfc95f0>,24,22,[8 1],25,35,57,10,28
1,<environment.Job instance at 0x7f0447729820>,34,16,[3 5],35,35,51,0,35
1,<environment.Job instance at 0x7f043d79deb0>,31,21,[7 4],32,51,72,19,43
1,<environment.Job instance at 0x7f043dd10aa0>,45,12,[12  5],46,72,84,26,55
1,<environment.Job instance at 0x7f043e9ec7d0>,66,15,[4 9],67,84,99,17,70
1,<environment.Job instance at 0x7f043d936be0>,72,15,[9 3],73,84,99,11,74
1,<environment.Job instance at 0x7f043e1b1d20>,0,27,[5 8],1,2,29,1,2
1,<environment.Job instance at 0x7f043e1b1550>,1,20,[10  3],2,3,23,1,3
1,<environment.Job instance at 0x7f043e1b1410>,9,21,[7 2],10,23,44,13,15
1,<environment.Job instance at 0x7f043e1b14b0>,6,19,[ 1 13],7,29,48,22,21
1,<environment.Job instance at 0x7f043e1039b0>,14,22,[6 2],15,45,67,30,45
1,<environment.Job instance at 0x7f043e1b1870>,5,24,[ 1 12],6,48,72,42,45
1,<environment.Job instance at 0x7f043e103eb0>,17,12,[12  2],18,67,79,49,50
1,<environment.Job instance at 0x7f043e1034b0>,24,13,[7 5],25,79,92,54,64
1,<environment.Job instance at 0x7f043e2d7780>,36,20,[2 8],37,72,92,35,72
1,<environment.Job instance at 0x7f043e96a5f0>,0,15,[ 3 13],1,1,16,0,1
1,<environment.Job instance at 0x7f043e96aa50>,4,15,[7 2],5,5,20,0,5
1,<environment.Job instance at 0x7f043ef0d730>,8,21,[1 9],9,16,37,7,10
1,<environment.Job instance at 0x7f043e2a65a0>,9,14,[2 9],10,37,51,27,26
1,<environment.Job instance at 0x7f043efb1410>,5,19,[10  4],6,31,50,25,31
1,<environment.Job instance at 0x7f043ebd9230>,32,13,[9 1],33,50,63,17,34
1,<environment.Job instance at 0x7f043e500370>,1,18,[ 2 11],2,51,69,49,43
1,<environment.Job instance at 0x7f043e53ee60>,50,14,[10  4],51,63,77,12,51
1,<environment.Job instance at 0x7f043e53eeb0>,55,12,[3 5],56,69,81,13,56
1,<environment.Job instance at 0x7f831ec5f320>,1,22,[11  3],2,2,24,0,2
1,<environment.Job instance at 0x7f83154e7640>,5,24,[1 5],6,6,30,0,6
1,<environment.Job instance at 0x7f83154e7820>,24,13,[ 3 14],25,30,43,5,25
1,<environment.Job instance at 0x7f83154eb230>,23,18,[2 7],24,43,61,19,32
1,<environment.Job instance at 0x7f83154ec280>,50,22,[2 5],51,51,73,0,51
1,<environment.Job instance at 0x7f83154ec960>,57,19,[3 6],58,61,80,3,58
1,<environment.Job instance at 0x7f83154eca50>,59,21,[2 7],60,73,94,13,65
1,<environment.Job instance at 0x7f83154ecbe0>,65,20,[2 6],66,80,100,14,71
1,<environment.Job instance at 0x7f83154f0910>,80,21,[2 6],81,94,115,13,86
1,<environment.Job instance at 0x7f831598f870>,1,20,[14  2],2,6,26,4,6
1,<environment.Job instance at 0x7f831598ff00>,5,15,[5 7],6,26,41,20,12
1,<environment.Job instance at 0x7f831598fcd0>,8,17,[5 5],9,30,47,21,30
1,<environment.Job instance at 0x7f8314bd1230>,0,22,[6 2],1,4,26,3,4
1,<environment.Job instance at 0x7f8314bd1c30>,4,21,[ 4 12],5,5,26,0,5
1,<environment.Job instance at 0x7f8314bcf320>,14,12,[1 7],15,26,38,11,15
1,<environment.Job instance at 0x7f8314b84a50>,34,20,[11  4],35,35,55,0,35
1,<environment.Job instance at 0x7f8315c1d7d0>,52,20,[1 7],53,53,73,0,53
1,<environment.Job instance at 0x7f8314ef4f50>,75,14,[11  5],76,76,90,0,76
1,<environment.Job instance at 0x7f83151c39b0>,78,21,[2 9],79,79,100,0,79
1,<environment.Job instance at 0x7f8315125190>,81,20,[11  2],82,90,110,8,82
1,<environment.Job instance at 0x7f831512a460>,0,21,[ 4 14],1,1,22,0,1
1,<environment.Job instance at 0x7f8314ef6aa0>,11,16,[12  5],12,22,38,10,12
1,<environment.Job instance at 0x7f8314e5ed20>,31,17,[10  5],32,38,55,6,32
1,<environment.Job instance at 0x7f83151c30a0>,35,19,[1 5],36,36,55,0,36
1,<environment.Job instance at 0x7f8314ef60a0>,12,19,[13  5],13,55,74,42,45
1,<environment.Job instance at 0x7f831592a6e0>,44,13,[2 8],45,55,68,10,49
1,<environment.Job instance at 0x7f8314bf21e0>,82,16,[5 4],83,83,99,0,83
1,<environment.Job instance at 0x7f8314a65320>,9,22,[8 3],10,10,32,0,10
1,<environment.Job instance at 0x7f8314a65730>,14,14,[12  4],15,32,46,17,17
1,<environment.Job instance at 0x7f8314a655f0>,13,20,[2 5],14,28,48,14,28
1,<environment.Job instance at 0x7f8314a653c0>,10,14,[14  4],11,48,62,37,36
1,<environment.Job instance at 0x7f8314a65b40>,20,20,[5 5],21,62,82,41,53
1,<environment.Job instance at 0x7f8314a67280>,32,21,[5 5],33,62,83,29,54
1,<environment.Job instance at 0x7f8314a67730>,38,20,[9 4],39,82,102,43,73
1,<environment.Job instance at 0x7f8314a67e10>,50,19,[3 5],51,83,102,32,73
1,<environment.Job instance at 0x7f8314af9230>,1,12,[11  4],2,2,14,0,2
1,<environment.Job instance at 0x7f83153b18c0>,4,19,[11  3],5,14,33,9,8
1,<environment.Job instance at 0x7f83153b1cd0>,0,26,[ 3 12],1,14,40,13,12
1,<environment.Job instance at 0x7f831e6f39b0>,24,14,[5 1],25,33,47,8,30
1,<environment.Job instance at 0x7f831e6f3550>,23,21,[5 4],24,40,61,16,32
1,<environment.Job instance at 0x7f83153b15a0>,12,14,[ 4 10],13,40,54,27,33
1,<environment.Job instance at 0x7f8314a5b0a0>,30,22,[8 2],31,54,76,23,47
1,<environment.Job instance at 0x7f831534dd20>,48,19,[3 7],49,61,80,12,51
1,<environment.Job instance at 0x7f831534d5a0>,50,19,[5 1],51,76,95,25,66
1,<environment.Job instance at 0x7f831534d7d0>,53,14,[2 5],54,66,80,12,66
1,<environment.Job instance at 0x7f831534d3c0>,56,19,[7 2],57,80,99,23,70
1,<environment.Job instance at 0x7f8315851d20>,0,19,[ 4 13],1,1,20,0,1
1,<environment.Job instance at 0x7f8315851cd0>,9,28,[2 9],10,20,48,10,19
1,<environment.Job instance at 0x7f8315460a50>,8,18,[7 5],9,20,38,11,19
1,<environment.Job instance at 0x7f8314a568c0>,23,19,[3 9],24,48,67,24,38
1,<environment.Job instance at 0x7f831534d820>,2,19,[14  3],3,67,86,64,57
1,<environment.Job instance at 0x7f8314edd820>,59,25,[ 1 10],60,67,92,7,63
1,<environment.Job instance at 0x7f83157972d0>,65,18,[12  1],66,86,104,20,79
1,<environment.Job instance at 0x7f8314b00910>,1,20,[7 1],2,2,22,0,2
1,<environment.Job instance at 0x7f831536da00>,28,21,[6 5],29,29,50,0,29
1,<environment.Job instance at 0x7f8314c2deb0>,37,15,[4 9],38,40,55,2,40
1,<environment.Job instance at 0x7f8314e53190>,39,24,[12  3],40,55,79,15,50
1,<environment.Job instance at 0x7f8314a6d640>,46,21,[9 5],47,79,100,32,71
1,<environment.Job instance at 0x7f8314a70870>,53,14,[9 4],54,100,114,46,85
1,<environment.Job instance at 0x7f8314e81910>,3,21,[5 2],4,4,25,0,4
1,<environment.Job instance at 0x7f8314cadaa0>,18,18,[9 1],19,19,37,0,19
1,<environment.Job instance at 0x7f8314ac37d0>,50,15,[ 5 10],51,51,66,0,51
1,<environment.Job instance at 0x7f8314ac3f00>,57,13,[9 3],58,58,71,0,58
1,<environment.Job instance at 0x7f8314ac35f0>,60,12,[11  5],61,71,83,10,61
1,<environment.Job instance at 0x7f8314aa7550>,63,19,[4 8],64,66,85,2,64
1,<environment.Job instance at 0x7f8314aa7140>,70,14,[5 4],71,83,97,12,71
1,<environment.Job instance at 0x7f831557af00>,84,23,[10  4],85,85,108,0,85
1,<environment.Job instance at 0x7f8315176730>,6,13,[12  5],7,8,21,1,8
1,<environment.Job instance at 0x7f8314a9a370>,0,16,[1 5],1,10,26,9,10
1,<environment.Job instance at 0x7f8315176a50>,11,18,[12  4],12,21,39,9,12
1,<environment.Job instance at 0x7f83151820a0>,20,17,[13  3],21,39,56,18,27
1,<environment.Job instance at 0x7f8315182230>,21,23,[12  3],22,56,79,34,50
1,<environment.Job instance at 0x7f83151822d0>,22,19,[ 3 11],23,56,75,33,50
1,<environment.Job instance at 0x7f8315182370>,23,19,[2 8],24,75,94,51,65
1,<environment.Job instance at 0x7f8315182410>,24,25,[9 3],25,79,104,54,75
1,<environment.Job instance at 0x7f8314f71960>,15,19,[8 4],16,16,35,0,16
1,<environment.Job instance at 0x7f8314f71b90>,16,21,[1 9],17,17,38,0,17
1,<environment.Job instance at 0x7f8314f713c0>,21,16,[2 7],22,38,54,16,25
1,<environment.Job instance at 0x7f8314aca3c0>,33,19,[8 2],34,35,54,1,34
1,<environment.Job instance at 0x7f8315955aa0>,49,22,[7 2],50,54,76,4,50
1,<environment.Job instance at 0x7f8315955690>,52,14,[7 4],53,54,68,1,53
1,<environment.Job instance at 0x7f831591f820>,68,18,[ 1 10],69,69,87,0,69
1,<environment.Job instance at 0x7f831591f7d0>,71,18,[11  5],72,76,94,4,72
1,<environment.Job instance at 0x7f8315f2a1e0>,80,22,[2 9],81,87,109,6,81
1,<environment.Job instance at 0x7f8315f2ac30>,84,22,[7 3],85,94,116,9,87
1,<environment.Job instance at 0x7f831561ffa0>,13,19,[6 2],14,14,33,0,14
1,<environment.Job instance at 0x7f831561f050>,15,13,[3 9],16,16,29,0,16
1,<environment.Job instance at 0x7f831561f5f0>,23,20,[10  5],24,33,53,9,24
1,<environment.Job instance at 0x7f8314bc12d0>,35,20,[5 8],36,36,56,0,36
1,<environment.Job instance at 0x7f8314bc1190>,40,14,[11  5],41,56,70,15,41
1,<environment.Job instance at 0x7f8315059eb0>,47,21,[ 3 10],48,56,77,8,48
1,<environment.Job instance at 0x7f8314ed6a50>,79,19,[8 5],80,80,99,0,80
1,<environment.Job instance at 0x7f8314efe640>,4,22,[10  5],5,5,27,0,5
1,<environment.Job instance at 0x7f8315b3ff00>,10,22,[6 4],11,27,49,16,20
1,<environment.Job instance at 0x7f8314efe7d0>,0,15,[13  2],1,49,64,48,35
1,<environment.Job instance at 0x7f8314fd5cd0>,28,13,[11  5],29,64,77,35,48
1,<environment.Job instance at 0x7f8315b9af50>,29,19,[3 6],30,64,83,34,56
1,<environment.Job instance at 0x7f8315b9afa0>,30,19,[9 1],31,77,96,46,67
1,<environment.Job instance at 0x7f8315b9a5f0>,36,21,[5 3],37,83,104,46,75
1,<environment.Job instance at 0x7f8314ef9910>,0,13,[11  2],1,1,14,0,1
1,<environment.Job instance at 0x7f83160f0690>,1,24,[4 6],2,2,26,0,2
1,<environment.Job instance at 0x7f8314ef9140>,6,12,[1 5],7,14,26,7,7
1,<environment.Job instance at 0x7f8314ef9dc0>,4,22,[6 4],5,14,36,9,9
1,<environment.Job instance at 0x7f8314ef9d20>,5,18,[6 2],6,26,44,20,16
1,<environment.Job instance at 0x7f8314eef1e0>,9,19,[3 6],10,26,45,16,16
1,<environment.Job instance at 0x7f8315fd3320>,29,18,[4 9],30,44,62,14,33
1,<environment.Job instance at 0x7f8314caec30>,45,18,[6 4],46,46,64,0,46
1,<environment.Job instance at 0x7f83147b9fa0>,69,13,[1 9],70,70,83,0,70
1,<environment.Job instance at 0x7f831581aaa0>,73,16,[9 3],74,74,90,0,74
1,<environment.Job instance at 0x7f83151bf140>,75,22,[6 3],76,83,105,7,76
1,<environment.Job instance at 0x7f8315bd98c0>,77,20,[3 7],78,90,110,12,81
1,<environment.Job instance at 0x7f831530c550>,1,19,[10  3],2,2,21,0,2
1,<environment.Job instance at 0x7f831530ca00>,4,19,[11  1],5,21,40,16,11
1,<environment.Job instance at 0x7f83158c5550>,21,13,[7 2],22,40,53,18,24
1,<environment.Job instance at 0x7f831e714f00>,22,12,[5 2],23,40,52,17,25
1,<environment.Job instance at 0x7f8314fcf140>,36,22,[4 5],37,52,74,15,45
1,<environment.Job instance at 0x7f8314b00d20>,38,16,[9 3],39,53,69,14,45
1,<environment.Job instance at 0x7f8315361190>,37,19,[2 5],38,48,67,10,48
1,<environment.Job instance at 0x7f8315dd9730>,40,20,[8 3],41,69,89,28,60
1,<environment.Job instance at 0x7f8315dd9690>,44,18,[2 8],45,74,92,29,63
1,<environment.Job instance at 0x7f8316009f50>,55,19,[5 6],56,89,108,33,79
1,<environment.Job instance at 0x7f8315c8cd20>,82,15,[4 7],83,92,107,9,83
1,<environment.Job instance at 0x7f83158d5d20>,3,17,[13  5],4,5,22,1,5
1,<environment.Job instance at 0x7f83158d5b40>,0,27,[2 5],1,10,37,9,10
1,<environment.Job instance at 0x7f831532b6e0>,12,12,[9 4],13,22,34,9,13
1,<environment.Job instance at 0x7f8314a5c230>,29,15,[8 5],30,34,49,4,30
1,<environment.Job instance at 0x7f831532bcd0>,35,19,[3 5],36,36,55,0,36
1,<environment.Job instance at 0x7f8314a530f0>,41,21,[7 4],42,49,70,7,42
1,<environment.Job instance at 0x7f8314b10500>,44,16,[3 5],45,45,61,0,45
1,<environment.Job instance at 0x7f8314ab3910>,51,16,[11  2],52,70,86,18,64
1,<environment.Job instance at 0x7f8314978370>,76,15,[4 9],77,77,92,0,77
1,<environment.Job instance at 0x7f83159b4e10>,82,15,[9 3],83,86,101,3,83
1,<environment.Job instance at 0x7f8314b1d410>,0,27,[5 8],1,1,28,0,1
1,<environment.Job instance at 0x7f83154ae2d0>,4,19,[11  5],5,28,47,23,18
1,<environment.Job instance at 0x7f83153760a0>,7,19,[11  4],8,47,66,39,37
1,<environment.Job instance at 0x7f8315376870>,9,21,[7 2],10,66,87,56,58
1,<environment.Job instance at 0x7f83153620a0>,11,24,[4 5],12,58,82,46,58
1,<environment.Job instance at 0x7f83153623c0>,14,22,[6 2],15,82,104,67,75
1,<environment.Job instance at 0x7f8315362230>,16,23,[4 7],17,87,110,70,81
1,<environment.Job instance at 0x7f8314e24780>,3,23,[7 1],4,4,27,0,4
1,<environment.Job instance at 0x7f8315213be0>,0,27,[2 5],1,6,33,5,6
1,<environment.Job instance at 0x7f8314e15320>,20,20,[11  1],21,27,47,6,21
1,<environment.Job instance at 0x7f8314e153c0>,21,21,[2 8],22,22,43,0,22
1,<environment.Job instance at 0x7f8314e15550>,22,13,[9 1],23,47,60,24,31
1,<environment.Job instance at 0x7f8314e1a0f0>,40,14,[10  4],41,60,74,19,45
1,<environment.Job instance at 0x7f8314e1a1e0>,45,12,[3 5],46,46,58,0,46
1,<environment.Job instance at 0x7f8314e15be0>,32,20,[12  3],33,74,94,41,65
1,<environment.Job instance at 0x7f8314e1ae60>,62,19,[8 1],63,94,113,31,84
1,<environment.Job instance at 0x7f8314f3f870>,71,19,[7 5],72,94,113,22,84
1,<environment.Job instance at 0x7f8315afdf50>,13,22,[6 2],14,14,36,0,14
1,<environment.Job instance at 0x7f8315b12f00>,24,19,[4 7],25,25,44,0,25
1,<environment.Job instance at 0x7f8315aebc30>,32,13,[11  5],33,36,49,3,33
1,<environment.Job instance at 0x7f8314f3fbe0>,35,18,[5 3],36,49,67,13,40
1,<environment.Job instance at 0x7f8314f3fe10>,42,20,[ 5 11],43,58,78,15,58
1,<environment.Job instance at 0x7f8314f3ffa0>,37,20,[3 9],38,78,98,40,69
1,<environment.Job instance at 0x7f8315afdeb0>,0,22,[11  4],1,78,100,77,71
1,<environment.Job instance at 0x7f83158e9410>,46,12,[13  4],47,100,112,53,83
1,<environment.Job instance at 0x7f8315586eb0>,5,13,[5 9],6,6,19,0,6
1,<environment.Job instance at 0x7f8315586500>,7,21,[5 9],8,19,40,11,11
1,<environment.Job instance at 0x7f8315586aa0>,17,13,[6 2],18,18,31,0,18
1,<environment.Job instance at 0x7f831609f460>,24,12,[12  2],25,40,52,15,25
1,<environment.Job instance at 0x7f831609fb90>,25,16,[11  5],26,52,68,26,39
1,<environment.Job instance at 0x7f831512f690>,41,17,[5 7],42,68,85,26,56
1,<environment.Job instance at 0x7f831609feb0>,26,19,[ 3 12],27,85,104,58,75
1,<environment.Job instance at 0x7f831512fbe0>,45,15,[12  1],46,85,100,39,75
1,<environment.Job instance at 0x7f023d003320>,1,22,[11  3],2,2,24,0,2
1,<environment.Job instance at 0x7f023388b690>,5,24,[1 5],6,6,30,0,6
1,<environment.Job instance at 0x7f023388b8c0>,8,22,[14  3],9,24,46,15,17
1,<environment.Job instance at 0x7f023388f2d0>,23,18,[2 7],24,46,64,22,35
1,<environment.Job instance at 0x7f023388b730>,6,20,[6 1],7,46,66,39,38
1,<environment.Job instance at 0x7f023388fdc0>,39,24,[5 6],40,46,70,6,41
1,<environment.Job instance at 0x7f0233891550>,50,22,[2 5],51,64,86,13,57
1,<environment.Job instance at 0x7f0233891410>,57,19,[3 6],58,70,89,12,61
1,<environment.Job instance at 0x7f0233891be0>,59,21,[2 7],60,86,107,26,78
1,<environment.Job instance at 0x7f0233891fa0>,65,20,[2 6],66,89,109,23,80
1,<environment.Job instance at 0x7f023388bfa0>,20,21,[12  2],21,107,128,86,99
1,<environment.Job instance at 0x7f0233905370>,0,18,[ 2 13],1,1,19,0,1
1,<environment.Job instance at 0x7f02339059b0>,14,14,[ 2 11],15,19,33,4,15
1,<environment.Job instance at 0x7f0233f407d0>,17,19,[11  2],18,18,37,0,18
1,<environment.Job instance at 0x7f0233f40280>,19,17,[ 3 10],20,33,50,13,21
1,<environment.Job instance at 0x7f0232ef33c0>,31,20,[5 3],32,37,57,5,32
1,<environment.Job instance at 0x7f023334b820>,45,24,[2 5],46,50,74,4,46
1,<environment.Job instance at 0x7f0233f40c30>,21,20,[13  3],22,57,77,35,52
1,<environment.Job instance at 0x7f02333d9690>,51,14,[1 8],52,74,88,22,59
1,<environment.Job instance at 0x7f0232f77fa0>,59,14,[11  3],60,77,91,17,62
1,<environment.Job instance at 0x7f0232f51820>,53,14,[14  4],54,91,105,37,81
1,<environment.Job instance at 0x7f02330df410>,11,15,[12  3],12,12,27,0,12
1,<environment.Job instance at 0x7f02330df500>,15,27,[1 6],16,16,43,0,16
1,<environment.Job instance at 0x7f02330df640>,14,20,[11  4],15,27,47,12,18
1,<environment.Job instance at 0x7f0232fabb90>,29,13,[12  3],30,47,60,17,31
1,<environment.Job instance at 0x7f0232fad320>,32,20,[1 7],33,43,63,10,34
1,<environment.Job instance at 0x7f023cabf9b0>,55,14,[11  5],56,60,74,4,56
1,<environment.Job instance at 0x7f0233de6870>,59,19,[13  1],60,74,93,14,66
1,<environment.Job instance at 0x7f02336b1690>,66,15,[ 2 13],67,74,89,7,68
1,<environment.Job instance at 0x7f02336b1460>,65,24,[ 3 13],66,93,117,27,88
1,<environment.Job instance at 0x7f0232f52690>,68,20,[11  2],69,93,113,24,91
1,<environment.Job instance at 0x7f0232fd3d70>,1,17,[10  5],2,2,19,0,2
1,<environment.Job instance at 0x7f0232fd3fa0>,0,12,[14  2],1,19,31,18,6
1,<environment.Job instance at 0x7f0233203c80>,14,13,[2 8],15,31,44,16,15
1,<environment.Job instance at 0x7f0233290500>,5,19,[1 5],6,21,40,15,21
1,<environment.Job instance at 0x7f02334e58c0>,22,23,[11  2],23,31,54,8,30
1,<environment.Job instance at 0x7f0233501820>,52,16,[5 4],53,54,70,1,53
1,<environment.Job instance at 0x7f023334b820>,69,22,[8 3],70,70,92,0,70
1,<environment.Job instance at 0x7f02332a2370>,73,20,[2 5],74,74,94,0,74
1,<environment.Job instance at 0x7f023332e870>,80,20,[5 5],81,81,101,0,81
1,<environment.Job instance at 0x7f02332975a0>,92,21,[5 5],93,93,114,0,93
1,<environment.Job instance at 0x7f0233297190>,98,20,[9 4],99,101,121,2,99
1,<environment.Job instance at 0x7f02330a0730>,0,21,[ 4 14],1,1,22,0,1
1,<environment.Job instance at 0x7f0232e0aa50>,10,19,[3 5],11,22,41,11,12
1,<environment.Job instance at 0x7f0232e0af00>,17,23,[10  4],18,22,45,4,18
1,<environment.Job instance at 0x7f0232e0c3c0>,24,19,[1 7],25,41,60,16,31
1,<environment.Job instance at 0x7f0232e0cd20>,38,15,[5 8],39,45,60,6,39
1,<environment.Job instance at 0x7f0232e0cf00>,40,20,[10  4],41,60,80,19,51
1,<environment.Job instance at 0x7f0232e0c870>,41,16,[6 3],42,80,96,38,67
1,<environment.Job instance at 0x7f0232dff230>,73,21,[5 4],74,74,95,0,74
1,<environment.Job instance at 0x7f0232dff5f0>,75,19,[9 3],76,95,114,19,85
1,<environment.Job instance at 0x7f0232e0c410>,23,21,[6 4],24,99,120,75,99
1,<environment.Job instance at 0x7f0232e3ab40>,0,19,[5 1],1,1,20,0,1
1,<environment.Job instance at 0x7f0232e0c460>,1,23,[ 4 11],2,3,26,1,3
1,<environment.Job instance at 0x7f0232e3afa0>,6,19,[7 2],7,20,39,13,10
1,<environment.Job instance at 0x7f0232e3abe0>,3,14,[2 5],4,26,40,22,12
1,<environment.Job instance at 0x7f0232e3a6e0>,9,20,[10  5],10,39,59,29,30
1,<environment.Job instance at 0x7f0232e55c80>,29,19,[9 4],30,59,78,29,50
1,<environment.Job instance at 0x7f0233b7ba50>,1,23,[ 3 10],2,2,25,0,2
1,<environment.Job instance at 0x7f0233dee500>,5,18,[12  1],6,28,46,22,28
1,<environment.Job instance at 0x7f02339977d0>,58,21,[6 5],59,59,80,0,59
1,<environment.Job instance at 0x7f0233b2ba00>,67,15,[4 9],68,69,84,1,69
1,<environment.Job instance at 0x7f0233dee820>,68,22,[13  2],69,84,106,15,78
1,<environment.Job instance at 0x7f0233202d70>,0,16,[ 3 12],1,1,17,0,1
1,<environment.Job instance at 0x7f02336aacd0>,4,20,[5 6],5,17,37,12,8
1,<environment.Job instance at 0x7f02336b0190>,18,23,[4 5],19,19,42,0,19
1,<environment.Job instance at 0x7f02343b6320>,23,21,[5 2],24,24,45,0,24
1,<environment.Job instance at 0x7f0233202820>,1,12,[14  3],2,45,57,43,33
1,<environment.Job instance at 0x7f02335a45f0>,71,28,[14  2],72,72,100,0,72
1,<environment.Job instance at 0x7f023358de10>,43,23,[13  3],44,100,123,56,94
1,<environment.Job instance at 0x7f02342be410>,3,25,[2 7],4,4,29,0,4
1,<environment.Job instance at 0x7f02342be7d0>,4,23,[10  4],5,5,28,0,5
1,<environment.Job instance at 0x7f02337bd230>,10,16,[1 5],11,28,44,17,15
1,<environment.Job instance at 0x7f02337bd0f0>,11,21,[12  3],12,28,49,16,21
1,<environment.Job instance at 0x7f02337bd730>,23,17,[9 2],24,49,66,25,37
1,<environment.Job instance at 0x7f02337bda00>,7,24,[3 6],8,44,68,36,41
1,<environment.Job instance at 0x7f023428faa0>,36,19,[ 4 11],37,68,87,31,58
1,<environment.Job instance at 0x7f023401f7d0>,60,14,[8 1],61,66,80,5,63
1,<environment.Job instance at 0x7f023401f780>,67,21,[6 5],68,87,108,19,80
1,<environment.Job instance at 0x7f0232e3f960>,79,19,[2 8],80,87,106,7,80
1,<environment.Job instance at 0x7f0232e3f640>,88,16,[2 5],89,106,122,17,93
1,<environment.Job instance at 0x7f0233eac320>,15,19,[8 4],16,16,35,0,16
1,<environment.Job instance at 0x7f0233eac3c0>,16,21,[1 9],17,17,38,0,17
1,<environment.Job instance at 0x7f0233eac780>,21,16,[2 7],22,38,54,16,25
1,<environment.Job instance at 0x7f0233eacf50>,33,19,[8 2],34,35,54,1,34
1,<environment.Job instance at 0x7f0233eb6a00>,49,22,[7 2],50,54,76,4,50
1,<environment.Job instance at 0x7f0233eb6b40>,52,14,[7 4],53,54,68,1,53
1,<environment.Job instance at 0x7f0233ea76e0>,68,18,[ 1 10],69,69,87,0,69
1,<environment.Job instance at 0x7f0233ea7870>,71,18,[11  5],72,76,94,4,72
1,<environment.Job instance at 0x7f0233e91550>,80,22,[2 9],81,87,109,6,81
1,<environment.Job instance at 0x7f0233ec5d20>,84,22,[7 3],85,94,116,9,87
1,<environment.Job instance at 0x7f023386c780>,3,19,[6 2],4,4,23,0,4
1,<environment.Job instance at 0x7f023386c500>,5,13,[3 9],6,6,19,0,6
1,<environment.Job instance at 0x7f0233232a50>,13,20,[10  5],14,23,43,9,14
1,<environment.Job instance at 0x7f0233724f00>,25,20,[5 8],26,29,49,3,29
1,<environment.Job instance at 0x7f0233724d20>,26,24,[14  5],27,65,89,38,65
1,<environment.Job instance at 0x7f0233724230>,20,14,[13  2],21,89,103,68,76
1,<environment.Job instance at 0x7f0232ed01e0>,69,19,[8 5],70,103,122,33,93
1,<environment.Job instance at 0x7f0232ed04b0>,70,25,[3 8],71,103,128,32,99
1,<environment.Job instance at 0x7f0233c58b40>,7,23,[7 1],8,8,31,0,8
1,<environment.Job instance at 0x7f0233c58500>,8,13,[11  5],9,31,44,22,18
1,<environment.Job instance at 0x7f0233c58cd0>,9,19,[3 6],10,23,42,13,23
1,<environment.Job instance at 0x7f0234419500>,16,21,[5 3],17,44,65,27,36
1,<environment.Job instance at 0x7f0234419a00>,12,19,[ 3 11],13,44,63,31,36
1,<environment.Job instance at 0x7f023387ba00>,31,13,[13  3],32,65,78,33,52
1,<environment.Job instance at 0x7f0233c581e0>,10,19,[9 1],11,78,97,67,68
1,<environment.Job instance at 0x7f0233fb4d20>,44,23,[ 2 12],45,68,91,23,68
1,<environment.Job instance at 0x7f0233fb40a0>,43,21,[2 6],44,91,112,47,84
1,<environment.Job instance at 0x7f0233776af0>,8,19,[10  1],9,9,28,0,9
1,<environment.Job instance at 0x7f0233299c80>,15,18,[6 4],16,28,46,12,17
1,<environment.Job instance at 0x7f0233374050>,39,13,[1 9],40,40,53,0,40
1,<environment.Job instance at 0x7f0233374f50>,43,16,[9 3],44,46,62,2,44
1,<environment.Job instance at 0x7f0233414050>,45,22,[6 3],46,53,75,7,46
1,<environment.Job instance at 0x7f02339a3460>,53,22,[5 3],54,62,84,8,55
1,<environment.Job instance at 0x7f0232e6bbe0>,57,13,[3 6],58,62,75,4,58
1,<environment.Job instance at 0x7f0232e6beb0>,61,19,[10  3],62,75,94,13,65
1,<environment.Job instance at 0x7f02336ea9b0>,81,13,[7 2],82,94,107,12,82
1,<environment.Job instance at 0x7f02336eabe0>,82,12,[5 2],83,84,96,1,83
1,<environment.Job instance at 0x7f02338c7eb0>,96,22,[4 5],97,97,119,0,97
1,<environment.Job instance at 0x7f0232fd3410>,97,19,[2 5],98,98,117,0,98
1,<environment.Job instance at 0x7f02338c7690>,98,16,[9 3],99,107,123,8,99
1,<environment.Job instance at 0x7f0233c91b40>,2,20,[11  1],3,3,23,0,3
1,<environment.Job instance at 0x7f023346ad20>,4,18,[2 8],5,5,23,0,5
1,<environment.Job instance at 0x7f02343a0f50>,15,19,[5 6],16,23,42,7,16
1,<environment.Job instance at 0x7f02332b7d20>,42,15,[4 7],43,43,58,0,43
1,<environment.Job instance at 0x7f0232e04960>,48,13,[11  3],49,49,62,0,49
1,<environment.Job instance at 0x7f0233940460>,60,19,[9 5],61,62,81,1,61
1,<environment.Job instance at 0x7f023444ddc0>,62,12,[9 4],63,81,93,18,64
1,<environment.Job instance at 0x7f0233a7e0a0>,75,24,[6 2],76,76,100,0,76
1,<environment.Job instance at 0x7f0233a97f00>,79,15,[8 5],80,93,108,13,80
1,<environment.Job instance at 0x7f0233513c80>,85,19,[3 5],86,100,119,14,90
1,<environment.Job instance at 0x7f0234494280>,1,16,[11  2],2,2,18,0,2
1,<environment.Job instance at 0x7f02335aa280>,26,15,[4 9],27,27,42,0,27
1,<environment.Job instance at 0x7f02333538c0>,31,23,[5 1],32,32,55,0,32
1,<environment.Job instance at 0x7f0233338640>,32,15,[9 3],33,42,57,9,33
1,<environment.Job instance at 0x7f02338f7410>,37,17,[7 1],38,57,74,19,45
1,<environment.Job instance at 0x7f02331c69b0>,39,19,[ 3 12],40,55,74,15,45
1,<environment.Job instance at 0x7f0232a69050>,42,27,[13  3],43,74,101,31,72
1,<environment.Job instance at 0x7f0232a95690>,33,13,[11  2],34,101,114,67,90
1,<environment.Job instance at 0x7f02335527d0>,1,16,[11  2],2,2,18,0,2
1,<environment.Job instance at 0x7f0233552dc0>,5,17,[4 8],6,6,23,0,6
1,<environment.Job instance at 0x7f02335520f0>,8,18,[5 4],9,18,36,9,9
1,<environment.Job instance at 0x7f023355aeb0>,24,15,[7 2],25,25,40,0,25
1,<environment.Job instance at 0x7f0233543d20>,28,21,[1 9],29,30,51,1,30
1,<environment.Job instance at 0x7f0233b5bfa0>,51,21,[2 8],52,53,74,1,53
1,<environment.Job instance at 0x7f0234075140>,55,23,[1 5],56,56,79,0,56
1,<environment.Job instance at 0x7f02333bbb40>,52,13,[9 1],53,58,71,5,58
1,<environment.Job instance at 0x7f0233552730>,0,16,[13  2],1,74,90,73,64
1,<environment.Job instance at 0x7f023355a730>,29,14,[2 9],30,79,93,49,72
1,<environment.Job instance at 0x7f0234075640>,58,22,[14  1],59,93,115,34,86
1,<environment.Job instance at 0x7f0232e5e9b0>,1,19,[7 5],2,2,21,0,2
1,<environment.Job instance at 0x7f0232f3f140>,9,15,[6 2],10,10,25,0,10
1,<environment.Job instance at 0x7f02339c7780>,18,13,[4 7],19,21,34,2,19
1,<environment.Job instance at 0x7f0233c0f5a0>,33,22,[6 2],34,34,56,0,34
1,<environment.Job instance at 0x7f0232ff7eb0>,44,19,[4 7],45,45,64,0,45
1,<environment.Job instance at 0x7f023366d910>,52,13,[11  5],53,56,69,3,53
1,<environment.Job instance at 0x7f0232b2e190>,55,18,[5 3],56,69,87,13,58
1,<environment.Job instance at 0x7f0232b2e6e0>,57,20,[3 9],58,64,84,6,61
1,<environment.Job instance at 0x7f02335aa230>,65,14,[1 8],66,84,98,18,69
1,<environment.Job instance at 0x7f023421a550>,81,14,[1 7],82,87,101,5,82
1,<environment.Job instance at 0x7f0233737410>,85,22,[1 7],86,98,120,12,91
1,<environment.Job instance at 0x7f0233023aa0>,2,27,[1 7],3,3,30,0,3
1,<environment.Job instance at 0x7f02333fafa0>,4,19,[2 8],5,5,24,0,5
1,<environment.Job instance at 0x7f02333f0640>,15,13,[5 9],16,30,43,14,16
1,<environment.Job instance at 0x7f0233737820>,18,20,[11  1],19,43,63,24,35
1,<environment.Job instance at 0x7f02333f08c0>,17,21,[5 9],18,63,84,45,56
1,<environment.Job instance at 0x7f02333f0dc0>,27,13,[6 2],28,63,76,35,56
1,<environment.Job instance at 0x7f0233408e10>,51,17,[5 7],52,84,101,32,72
1,<environment.Job instance at 0x7f0233408f50>,54,19,[10  3],55,76,95,21,73
1,<environment.Job instance at 0x7f02330d2730>,64,20,[2 8],65,95,115,30,86
1,<environment.Job instance at 0x7f0233cd5be0>,95,14,[10  5],96,101,115,5,96
1,<environment.Job instance at 0x7f0233cfed70>,3,19,[14  2],4,12,31,8,12
1,<environment.Job instance at 0x7f0233426460>,20,14,[8 3],21,31,45,10,21
1,<environment.Job instance at 0x7f0233426be0>,22,21,[1 7],23,23,44,0,23
1,<environment.Job instance at 0x7f0233cce6e0>,28,22,[4 5],29,31,53,2,29
1,<environment.Job instance at 0x7f0233cce5a0>,36,22,[7 2],37,45,67,8,39
1,<environment.Job instance at 0x7f0233ccee60>,40,19,[2 5],41,44,63,3,42
1,<environment.Job instance at 0x7f0233ccec80>,42,21,[4 5],43,53,74,10,47
1,<environment.Job instance at 0x7f02336b1820>,50,18,[1 8],51,63,81,12,53
1,<environment.Job instance at 0x7f02336e25f0>,70,20,[6 5],71,74,94,3,71
1,<environment.Job instance at 0x7f02336e2190>,81,15,[5 8],82,82,97,0,82
1,<environment.Job instance at 0x7f02333f2230>,91,20,[10  1],92,94,114,2,92
1,<environment.Job instance at 0x7f02333f2dc0>,94,19,[4 7],95,97,116,2,96
1,<environment.Job instance at 0x7f0232e72190>,1,13,[1 6],2,2,15,0,2
1,<environment.Job instance at 0x7f0233596eb0>,5,21,[2 8],6,6,27,0,6
1,<environment.Job instance at 0x7f0233900a50>,27,17,[6 2],28,28,45,0,28
1,<environment.Job instance at 0x7f0233900f00>,28,24,[7 2],29,29,53,0,29
1,<environment.Job instance at 0x7f0233b1eb40>,45,22,[10  4],46,53,75,7,46
1,<environment.Job instance at 0x7f02331860f0>,64,17,[7 5],65,75,92,10,65
1,<environment.Job instance at 0x7f023343c050>,70,15,[8 2],71,75,90,4,71
1,<environment.Job instance at 0x7f023343cb90>,77,19,[5 5],78,90,109,12,80
1,<environment.Job instance at 0x7f0233359280>,81,15,[5 2],82,92,107,10,82
1,<environment.Job instance at 0x7f0233359690>,86,15,[9 4],87,107,122,20,93
1,<environment.Job instance at 0x7fad710a9320>,1,22,[11  3],2,2,24,0,2
1,<environment.Job instance at 0x7fad67931690>,5,24,[1 5],6,6,30,0,6
1,<environment.Job instance at 0x7fad67935280>,23,18,[2 7],24,25,43,1,25
1,<environment.Job instance at 0x7fad67937410>,50,22,[2 5],51,51,73,0,51
1,<environment.Job instance at 0x7fad679378c0>,57,19,[3 6],58,58,77,0,58
1,<environment.Job instance at 0x7fad67931870>,24,13,[ 3 14],25,77,90,52,62
1,<environment.Job instance at 0x7fad67937b40>,59,21,[2 7],60,90,111,30,82
1,<environment.Job instance at 0x7fad67937f00>,65,20,[2 6],66,90,110,24,82
1,<environment.Job instance at 0x7fad6793a8c0>,80,21,[2 6],81,110,131,29,104
1,<environment.Job instance at 0x7fad67a79b90>,0,12,[13  1],1,1,13,0,1
1,<environment.Job instance at 0x7fad67a799b0>,3,15,[12  1],4,13,28,9,10
1,<environment.Job instance at 0x7fad67a79f50>,9,17,[ 3 10],10,13,30,3,12
1,<environment.Job instance at 0x7fad67a900f0>,21,20,[5 3],22,28,48,6,22
1,<environment.Job instance at 0x7fad6744b780>,41,14,[1 8],42,42,56,0,42
1,<environment.Job instance at 0x7fad6701d960>,12,20,[1 7],13,13,33,0,13
1,<environment.Job instance at 0x7fad66f9ca50>,35,14,[11  5],36,36,50,0,36
1,<environment.Job instance at 0x7fad66f9c5f0>,38,21,[2 9],39,39,60,0,39
1,<environment.Job instance at 0x7fad67056dc0>,40,15,[12  2],41,50,65,9,41
1,<environment.Job instance at 0x7fad67056910>,46,15,[ 2 13],47,60,75,13,53
1,<environment.Job instance at 0x7fad67056780>,45,24,[ 3 13],46,75,99,29,70
1,<environment.Job instance at 0x7fad67056820>,48,20,[11  2],49,71,91,22,71
1,<environment.Job instance at 0x7fad67056aa0>,49,15,[3 6],50,99,114,49,85
1,<environment.Job instance at 0x7fad676d3c80>,81,17,[10  5],82,99,116,17,89
1,<environment.Job instance at 0x7fad66fa46e0>,85,19,[1 5],86,114,133,28,104
1,<environment.Job instance at 0x7fad67071c30>,94,13,[2 8],95,116,129,21,104
1,<environment.Job instance at 0x7fad67341230>,7,23,[10  2],8,8,31,0,8
1,<environment.Job instance at 0x7fad675a7a00>,15,17,[11  2],16,31,48,15,19
1,<environment.Job instance at 0x7fad6755a5f0>,22,16,[5 4],23,48,64,25,35
1,<environment.Job instance at 0x7fad67345f00>,39,22,[8 3],40,48,70,8,41
1,<environment.Job instance at 0x7fad6760a690>,43,20,[2 5],44,44,64,0,44
1,<environment.Job instance at 0x7fad670f96e0>,44,14,[12  4],45,70,84,25,61
1,<environment.Job instance at 0x7fad67431140>,62,21,[5 5],63,84,105,21,76
1,<environment.Job instance at 0x7fad67431b40>,68,20,[9 4],69,84,104,15,76
1,<environment.Job instance at 0x7fad673940f0>,80,19,[3 5],81,104,123,23,94
1,<environment.Job instance at 0x7fad674230f0>,92,17,[ 3 10],93,105,122,12,94
1,<environment.Job instance at 0x7fad67d56b90>,1,16,[6 3],2,2,18,0,2
1,<environment.Job instance at 0x7fad67d29e60>,11,12,[11  4],12,18,30,6,12
1,<environment.Job instance at 0x7fad67d468c0>,18,19,[11  3],19,30,49,11,20
1,<environment.Job instance at 0x7fad67d4c550>,22,14,[ 4 10],23,23,37,0,23
1,<environment.Job instance at 0x7fad67d62a50>,32,12,[11  2],33,49,61,16,33
1,<environment.Job instance at 0x7fad66f1ea50>,58,19,[3 7],59,59,78,0,59
1,<environment.Job instance at 0x7fad66f1c6e0>,60,19,[5 1],61,61,80,0,61
1,<environment.Job instance at 0x7fad67d62b90>,33,21,[5 4],34,62,83,28,62
1,<environment.Job instance at 0x7fad66f1caf0>,63,14,[2 5],64,78,92,14,65
1,<environment.Job instance at 0x7fad66f70f00>,65,12,[12  5],66,83,95,17,68
1,<environment.Job instance at 0x7fad66f542d0>,66,19,[7 2],67,95,114,28,85
1,<environment.Job instance at 0x7fad66f1c780>,69,20,[10  5],70,114,134,44,105
1,<environment.Job instance at 0x7fad68011cd0>,5,18,[11  1],6,6,24,0,6
1,<environment.Job instance at 0x7fad68011a00>,11,14,[11  3],12,24,38,12,12
1,<environment.Job instance at 0x7fad68011aa0>,13,19,[3 9],14,14,33,0,14
1,<environment.Job instance at 0x7fad68011500>,15,15,[11  5],16,38,53,22,24
1,<environment.Job instance at 0x7fad66f70550>,35,28,[ 2 14],36,70,98,34,70
1,<environment.Job instance at 0x7fad67fff320>,70,23,[11  3],71,98,121,27,95
1,<environment.Job instance at 0x7fad66f18aa0>,0,20,[ 2 12],1,3,23,2,3
1,<environment.Job instance at 0x7fad67d36f50>,6,19,[11  1],7,7,26,0,7
1,<environment.Job instance at 0x7fad67d36140>,7,15,[4 9],8,23,38,15,9
1,<environment.Job instance at 0x7fad66f1e1e0>,16,21,[9 5],17,26,47,9,19
1,<environment.Job instance at 0x7fad66f1ed70>,23,14,[9 4],24,47,61,23,32
1,<environment.Job instance at 0x7fad66f1eaf0>,29,19,[9 4],30,61,80,31,51
1,<environment.Job instance at 0x7fad67d58190>,44,20,[5 6],45,51,71,6,51
1,<environment.Job instance at 0x7fad66ed35a0>,63,21,[5 2],64,71,92,7,64
1,<environment.Job instance at 0x7fad672ffcd0>,78,18,[9 1],79,80,98,1,79
1,<environment.Job instance at 0x7fad67d62910>,0,15,[ 5 10],1,1,16,0,1
1,<environment.Job instance at 0x7fad675ccd70>,7,13,[9 3],8,8,21,0,8
1,<environment.Job instance at 0x7fad675b4820>,10,12,[11  5],11,21,33,10,11
1,<environment.Job instance at 0x7fad675b48c0>,13,19,[4 8],14,16,35,2,14
1,<environment.Job instance at 0x7fad675975f0>,20,14,[5 4],21,33,47,12,21
1,<environment.Job instance at 0x7fad6796a230>,40,16,[1 5],41,41,57,0,41
1,<environment.Job instance at 0x7fad6834da00>,53,17,[9 2],54,55,72,1,55
1,<environment.Job instance at 0x7fad67997780>,58,21,[9 4],59,72,93,13,65
1,<environment.Job instance at 0x7fad67997410>,63,19,[2 8],64,65,84,1,65
1,<environment.Job instance at 0x7fad67344780>,34,23,[10  4],35,93,116,58,87
1,<environment.Job instance at 0x7fad67837820>,90,14,[8 1],91,116,130,25,101
1,<environment.Job instance at 0x7fad67837fa0>,97,21,[6 5],98,116,137,18,108
1,<environment.Job instance at 0x7fad678a7690>,0,15,[ 1 11],1,2,17,1,2
1,<environment.Job instance at 0x7fad678a7960>,8,16,[2 5],9,17,33,8,9
1,<environment.Job instance at 0x7fad6781a910>,3,13,[12  5],4,17,30,13,12
1,<environment.Job instance at 0x7fad678a7f00>,11,20,[9 5],12,30,50,18,24
1,<environment.Job instance at 0x7fad683580f0>,16,19,[10  5],17,50,69,33,45
1,<environment.Job instance at 0x7fad678a7aa0>,14,27,[10  1],15,69,96,54,67
1,<environment.Job instance at 0x7fad68358a00>,21,23,[ 1 13],22,69,92,47,67
1,<environment.Job instance at 0x7fad68358d70>,22,22,[ 3 13],23,92,114,69,85
1,<environment.Job instance at 0x7fad68358dc0>,23,13,[13  1],24,114,127,90,98
1,<environment.Job instance at 0x7fad6721e870>,13,19,[6 2],14,14,33,0,14
1,<environment.Job instance at 0x7fad6721eaf0>,15,13,[3 9],16,16,29,0,16
1,<environment.Job instance at 0x7fad6721ef50>,23,20,[10  5],24,33,53,9,24
1,<environment.Job instance at 0x7fad6723e780>,35,20,[5 8],36,36,56,0,36
1,<environment.Job instance at 0x7fad67245410>,79,19,[8 5],80,80,99,0,80
1,<environment.Job instance at 0x7fad671318c0>,94,22,[10  5],95,99,121,4,96
1,<environment.Job instance at 0x7fad66f72500>,7,23,[7 1],8,8,31,0,8
1,<environment.Job instance at 0x7fad66f72b90>,8,13,[11  5],9,31,44,22,15
1,<environment.Job instance at 0x7fad66f72190>,16,21,[5 3],17,44,65,27,36
1,<environment.Job instance at 0x7fad66f725f0>,12,19,[ 3 11],13,44,63,31,36
1,<environment.Job instance at 0x7fad677ac5a0>,37,12,[3 6],38,63,75,25,46
1,<environment.Job instance at 0x7fad66f72cd0>,10,19,[9 1],11,65,84,54,55
1,<environment.Job instance at 0x7fad677acf50>,42,24,[ 3 11],43,75,99,32,70
1,<environment.Job instance at 0x7fad677ac370>,41,21,[5 9],42,99,120,57,91
1,<environment.Job instance at 0x7fad67a293c0>,53,21,[6 3],54,91,112,37,91
1,<environment.Job instance at 0x7fad67879d20>,74,22,[6 4],75,112,134,37,105
1,<environment.Job instance at 0x7fad67879a50>,75,18,[6 2],76,120,138,44,109
1,<environment.Job instance at 0x7fad678791e0>,76,12,[1 5],77,120,132,43,109
1,<environment.Job instance at 0x7fad6772f7d0>,5,18,[6 4],6,6,24,0,6
1,<environment.Job instance at 0x7fad6772f190>,7,13,[12  5],8,24,37,16,8
1,<environment.Job instance at 0x7fad6772f550>,26,15,[ 1 14],27,37,52,10,31
1,<environment.Job instance at 0x7fad677e9820>,33,16,[9 3],34,52,68,18,39
1,<environment.Job instance at 0x7fad677e9e10>,35,22,[6 3],36,52,74,16,45
1,<environment.Job instance at 0x7fad685341e0>,29,13,[1 9],30,68,81,38,55
1,<environment.Job instance at 0x7fad677e9e60>,37,20,[3 7],38,81,101,43,72
1,<environment.Job instance at 0x7fad677e9410>,41,22,[3 9],42,101,123,59,94
1,<environment.Job instance at 0x7fad677e9f00>,43,22,[5 3],44,94,116,50,94
1,<environment.Job instance at 0x7fad677e9370>,44,20,[4 6],45,116,136,71,107
1,<environment.Job instance at 0x7fad677e95a0>,47,13,[3 6],48,123,136,75,107
1,<environment.Job instance at 0x7fad6703d1e0>,21,23,[11  2],22,22,45,0,22
1,<environment.Job instance at 0x7fad6703df50>,22,15,[4 7],23,23,38,0,23
1,<environment.Job instance at 0x7fad6703d460>,28,13,[11  3],29,45,58,16,29
1,<environment.Job instance at 0x7fad6703d410>,30,27,[2 5],31,38,65,7,36
1,<environment.Job instance at 0x7fad678ef0f0>,42,12,[9 4],43,58,70,15,43
1,<environment.Job instance at 0x7fad678ef730>,51,24,[ 2 14],52,70,94,18,65
1,<environment.Job instance at 0x7fad67c36960>,59,15,[8 5],60,94,109,34,80
1,<environment.Job instance at 0x7fad670928c0>,65,19,[3 5],66,94,113,28,92
1,<environment.Job instance at 0x7fad67092f50>,71,21,[7 4],72,109,130,37,101
1,<environment.Job instance at 0x7fad670922d0>,74,16,[3 5],75,102,118,27,102
1,<environment.Job instance at 0x7fad670d9c80>,2,15,[9 3],3,3,18,0,3
1,<environment.Job instance at 0x7fad68128780>,7,17,[7 1],8,18,35,10,8
1,<environment.Job instance at 0x7fad670cd370>,16,19,[ 1 13],17,18,37,1,17
1,<environment.Job instance at 0x7fad670cd6e0>,14,19,[11  5],15,37,56,22,27
1,<environment.Job instance at 0x7fad67039910>,19,21,[7 2],20,56,77,36,48
1,<environment.Job instance at 0x7fad670cdb40>,15,24,[ 1 12],16,56,80,40,51
1,<environment.Job instance at 0x7fad67039dc0>,24,22,[6 2],25,77,99,52,70
1,<environment.Job instance at 0x7fad670392d0>,21,24,[4 5],22,80,104,58,75
1,<environment.Job instance at 0x7fad6775f140>,27,12,[12  2],28,104,116,76,87
1,<environment.Job instance at 0x7fad6797b410>,28,21,[ 3 11],29,104,125,75,96
1,<environment.Job instance at 0x7fad678e2c30>,0,19,[ 4 12],1,1,20,0,1
1,<environment.Job instance at 0x7fad66eec460>,11,21,[2 8],12,20,41,8,12
1,<environment.Job instance at 0x7fad66eecaf0>,12,13,[9 1],13,13,26,0,13
1,<environment.Job instance at 0x7fad66eec0a0>,15,23,[1 5],16,20,43,4,16
1,<environment.Job instance at 0x7fad67601690>,30,14,[10  4],31,41,55,10,31
1,<environment.Job instance at 0x7fad66f62230>,35,12,[3 5],36,41,53,5,36
1,<environment.Job instance at 0x7fad66eecb40>,18,22,[14  1],19,55,77,36,48
1,<environment.Job instance at 0x7fad670ea0a0>,40,21,[6 5],41,77,98,36,69
1,<environment.Job instance at 0x7fad678dcb40>,42,21,[3 7],43,77,98,34,70
1,<environment.Job instance at 0x7fad670ff0f0>,61,19,[7 5],62,98,117,36,88
1,<environment.Job instance at 0x7fad67609280>,69,15,[6 2],70,88,103,18,88
1,<environment.Job instance at 0x7fad670e0140>,78,13,[4 7],79,103,116,24,88
1,<environment.Job instance at 0x7fad68391a50>,0,13,[11  1],1,1,14,0,1
1,<environment.Job instance at 0x7fad70fdcbe0>,2,13,[11  5],3,14,27,11,3
1,<environment.Job instance at 0x7fad683916e0>,9,22,[14  2],10,27,49,17,20
1,<environment.Job instance at 0x7fad683919b0>,8,25,[ 1 13],9,27,52,18,24
1,<environment.Job instance at 0x7fad683910f0>,5,18,[5 3],6,52,70,46,47
1,<environment.Job instance at 0x7fad68391550>,12,20,[ 5 11],13,52,72,39,47
1,<environment.Job instance at 0x7fad68391a00>,15,14,[1 8],16,72,86,56,57
1,<environment.Job instance at 0x7fad66f8b280>,31,14,[1 7],32,72,86,40,58
1,<environment.Job instance at 0x7fad66efb6e0>,54,19,[2 8],55,86,105,31,76
1,<environment.Job instance at 0x7fad68391e10>,13,21,[13  4],14,86,107,72,82
1,<environment.Job instance at 0x7fad67334140>,65,13,[5 9],66,107,120,41,91
1,<environment.Job instance at 0x7fad67764e10>,77,13,[6 2],78,107,120,29,91
1,<environment.Job instance at 0x7fad678dee10>,1,20,[2 5],2,2,22,0,2
1,<environment.Job instance at 0x7fad678dea50>,0,25,[5 4],1,2,27,1,2
1,<environment.Job instance at 0x7fad68008f00>,4,20,[2 8],5,22,42,17,13
1,<environment.Job instance at 0x7fad6730ad20>,35,14,[10  5],36,36,50,0,36
1,<environment.Job instance at 0x7fad66dff910>,60,14,[8 3],61,61,75,0,61
1,<environment.Job instance at 0x7fad66dff8c0>,62,21,[1 7],63,63,84,0,63
1,<environment.Job instance at 0x7fad66dffe60>,63,22,[8 4],64,75,97,11,68
1,<environment.Job instance at 0x7fad67227d20>,76,22,[7 2],77,84,106,7,78
1,<environment.Job instance at 0x7fad67227870>,80,19,[2 5],81,97,116,16,87
1,<environment.Job instance at 0x7fad671bde60>,82,21,[4 5],83,97,118,14,89
1,<environment.Job instance at 0x7fad66bfce60>,90,18,[1 8],91,116,134,25,105
1,<environment.Job instance at 0x7fad6851c190>,0,20,[6 5],1,1,21,0,1
1,<environment.Job instance at 0x7fad6748c050>,1,13,[12  1],2,21,34,19,5
1,<environment.Job instance at 0x7fad67d8fa50>,24,19,[4 7],25,34,53,9,25
1,<environment.Job instance at 0x7fad6746f870>,29,16,[10  3],30,34,50,4,30
1,<environment.Job instance at 0x7fad6746fbe0>,31,13,[1 6],32,50,63,18,34
1,<environment.Job instance at 0x7fad6746feb0>,35,21,[2 8],36,53,74,17,45
1,<environment.Job instance at 0x7fad671b2eb0>,57,17,[6 2],58,63,80,5,58
1,<environment.Job instance at 0x7fad673d5d20>,75,22,[10  4],76,80,102,4,76
1,<environment.Job instance at 0x7fad66cb8140>,76,22,[3 8],77,77,99,0,77
1,<environment.Job instance at 0x7fad674086e0>,94,17,[7 5],95,102,119,7,95
1,<environment.Job instance at 0x7fad674085a0>,100,15,[8 2],101,102,117,1,101
1,<environment.Job instance at 0x7fad674000f0>,107,19,[5 5],108,117,136,9,108
1,<environment.Job instance at 0x7fad682dbdc0>,1,15,[5 2],2,2,17,0,2
1,<environment.Job instance at 0x7fad682bc730>,5,26,[1 6],6,6,32,0,6
1,<environment.Job instance at 0x7fad682bca00>,6,15,[9 4],7,7,22,0,7
1,<environment.Job instance at 0x7fad670987d0>,23,19,[9 4],24,24,43,0,24
1,<environment.Job instance at 0x7fad67458c30>,27,22,[3 7],28,32,54,4,28
1,<environment.Job instance at 0x7fad674585a0>,28,13,[7 1],29,43,56,14,29
1,<environment.Job instance at 0x7fad682c63c0>,44,21,[3 5],45,45,66,0,45
1,<environment.Job instance at 0x7fad67098280>,24,21,[10  2],25,56,77,31,48
1,<environment.Job instance at 0x7fad682c79b0>,53,13,[3 8],54,66,79,12,54
1,<environment.Job instance at 0x7fad682c7eb0>,56,13,[2 6],57,77,90,20,61
1,<environment.Job instance at 0x7fad682c7dc0>,57,17,[6 4],58,79,96,21,69
1,<environment.Job instance at 0x7fad670aed20>,63,20,[2 5],64,79,99,15,79
1,<environment.Job instance at 0x7fad670ae460>,58,28,[ 2 11],59,99,127,40,98
1,<environment.Job instance at 0x7fad6709c500>,69,12,[12  4],70,98,110,28,98
1,<environment.Job instance at 0x7fad6745c5f0>,1,15,[3 8],2,2,17,0,2
1,<environment.Job instance at 0x7fad6745c320>,5,13,[2 8],6,17,30,11,6
1,<environment.Job instance at 0x7fad6745c960>,8,14,[1 5],9,9,23,0,9
1,<environment.Job instance at 0x7fad6745c730>,9,19,[11  2],10,10,29,0,10
1,<environment.Job instance at 0x7fad66cbbc80>,22,19,[10  3],23,29,48,6,23
1,<environment.Job instance at 0x7fad66cbb410>,23,15,[3 5],24,30,45,6,24
1,<environment.Job instance at 0x7fad66cbb690>,27,16,[7 5],28,48,64,20,35
1,<environment.Job instance at 0x7fad67034fa0>,32,20,[10  2],33,64,84,31,55
1,<environment.Job instance at 0x7fad66ee4c80>,44,17,[1 7],45,55,72,10,55
1,<environment.Job instance at 0x7fad66d22690>,62,19,[8 2],63,84,103,21,74
1,<environment.Job instance at 0x7fad66c30910>,73,14,[10  5],74,103,117,29,88
1,<environment.Job instance at 0x7fad66c30500>,79,14,[6 5],80,88,102,8,88
1,<environment.Job instance at 0x7fad6793dd20>,87,18,[6 1],88,117,135,29,106
1,<environment.Job instance at 0x7fad6745ce60>,0,21,[2 7],1,106,127,105,106
1,<environment.Job instance at 0x7fad6793df50>,97,13,[1 5],98,117,130,19,106
1,<environment.Job instance at 0x7f6343c52320>,1,22,[11  3],2,2,24,0,2
1,<environment.Job instance at 0x7f633a4de1e0>,23,18,[2 7],24,24,42,0,24
1,<environment.Job instance at 0x7f633a4da780>,8,22,[14  3],9,42,64,33,35
1,<environment.Job instance at 0x7f633a4e0410>,50,22,[2 5],51,64,86,13,57
1,<environment.Job instance at 0x7f633a4da6e0>,6,20,[6 1],7,64,84,57,57
1,<environment.Job instance at 0x7f633a4e0550>,57,19,[3 6],58,64,83,6,58
1,<environment.Job instance at 0x7f633a4e0e60>,65,20,[2 6],66,83,103,17,74
1,<environment.Job instance at 0x7f633a4e0aa0>,59,21,[2 7],60,86,107,26,78
1,<environment.Job instance at 0x7f633a4e3500>,78,27,[10  2],79,84,111,5,84
1,<environment.Job instance at 0x7f633a4e3a00>,81,15,[ 5 11],82,107,122,25,93
1,<environment.Job instance at 0x7f633a4e3960>,82,26,[5 4],83,111,137,28,108
1,<environment.Job instance at 0x7f633a639410>,11,20,[5 3],12,12,32,0,12
1,<environment.Job instance at 0x7f633a639050>,16,19,[11  3],17,32,51,15,22
1,<environment.Job instance at 0x7f633a639aa0>,25,24,[2 5],26,26,50,0,26
1,<environment.Job instance at 0x7f6339c70230>,31,14,[1 8],32,50,64,18,35
1,<environment.Job instance at 0x7f6339e29af0>,30,15,[12  4],31,51,66,20,37
1,<environment.Job instance at 0x7f6339e233c0>,42,24,[4 7],43,66,90,23,61
1,<environment.Job instance at 0x7f6339fd9460>,52,26,[1 6],53,64,90,11,61
1,<environment.Job instance at 0x7f6339fcbaf0>,60,22,[6 2],61,66,88,5,63
1,<environment.Job instance at 0x7f6339e36640>,33,14,[14  4],34,90,104,56,79
1,<environment.Job instance at 0x7f6339f7f0a0>,74,12,[1 7],75,90,102,15,80
1,<environment.Job instance at 0x7f6339f8efa0>,94,20,[11  4],95,104,124,9,95
1,<environment.Job instance at 0x7f6339be5cd0>,32,25,[ 1 11],33,102,127,69,98
1,<environment.Job instance at 0x7f633a160be0>,112,20,[1 7],113,127,147,14,119
1,<environment.Job instance at 0x7f6339b8fb40>,15,14,[11  5],16,16,30,0,16
1,<environment.Job instance at 0x7f6339b8fa00>,18,21,[2 9],19,19,40,0,19
1,<environment.Job instance at 0x7f6339b8f410>,24,22,[4 8],25,40,62,15,33
1,<environment.Job instance at 0x7f6339b8f460>,29,15,[3 6],30,33,48,3,33
1,<environment.Job instance at 0x7f6339b50230>,31,23,[2 6],32,48,71,16,42
1,<environment.Job instance at 0x7f633a3538c0>,61,17,[10  5],62,62,79,0,62
1,<environment.Job instance at 0x7f633a3539b0>,65,19,[1 5],66,71,90,5,66
1,<environment.Job instance at 0x7f633aa3d410>,74,13,[2 8],75,79,92,4,75
1,<environment.Job instance at 0x7f6339b908c0>,112,16,[5 4],113,113,129,0,113
1,<environment.Job instance at 0x7f633a487140>,9,22,[8 3],10,10,32,0,10
1,<environment.Job instance at 0x7f633a02db90>,13,20,[2 5],14,14,34,0,14
1,<environment.Job instance at 0x7f6339ee9aa0>,20,20,[5 5],21,21,41,0,21
1,<environment.Job instance at 0x7f633a1cdaf0>,32,21,[5 5],33,33,54,0,33
1,<environment.Job instance at 0x7f6339bf95f0>,38,20,[9 4],39,41,61,2,39
1,<environment.Job instance at 0x7f6339fe2500>,50,19,[3 5],51,54,73,3,51
1,<environment.Job instance at 0x7f6339fec550>,28,22,[11  4],29,61,83,32,55
1,<environment.Job instance at 0x7f633a1612d0>,63,21,[6 4],64,83,104,19,75
1,<environment.Job instance at 0x7f633a13a460>,64,19,[1 7],65,77,96,12,77
1,<environment.Job instance at 0x7f633a159fa0>,78,15,[5 8],79,96,111,17,85
1,<environment.Job instance at 0x7f6339c27500>,79,24,[ 3 12],80,111,135,31,106
1,<environment.Job instance at 0x7f6339c745f0>,81,16,[6 3],82,106,122,24,106
1,<environment.Job instance at 0x7f6339f04b90>,1,17,[11  1],2,2,19,0,2
1,<environment.Job instance at 0x7f6339eae320>,18,19,[3 7],19,19,38,0,19
1,<environment.Job instance at 0x7f6339ea6730>,20,19,[5 1],21,21,40,0,21
1,<environment.Job instance at 0x7f6339ea6b40>,23,14,[2 5],24,24,38,0,24
1,<environment.Job instance at 0x7f6339e86460>,26,19,[7 2],27,38,57,11,28
1,<environment.Job instance at 0x7f6339e86550>,32,26,[8 1],33,40,66,7,37
1,<environment.Job instance at 0x7f6339e86f50>,36,19,[ 1 14],37,57,76,20,47
1,<environment.Job instance at 0x7f6339a9ef00>,49,19,[9 4],50,76,95,26,66
1,<environment.Job instance at 0x7f6339e867d0>,37,22,[ 4 11],38,76,98,38,70
1,<environment.Job instance at 0x7f6339aca960>,58,20,[10  3],59,95,115,36,86
1,<environment.Job instance at 0x7f6339ac6050>,68,18,[7 5],69,115,133,46,104
1,<environment.Job instance at 0x7f6339f4c870>,1,23,[ 3 10],2,2,25,0,2
1,<environment.Job instance at 0x7f6339f287d0>,7,26,[10  3],8,13,39,5,13
1,<environment.Job instance at 0x7f6339af1820>,0,25,[ 3 10],1,25,50,24,25
1,<environment.Job instance at 0x7f633a92b9b0>,31,20,[7 1],32,39,59,7,32
1,<environment.Job instance at 0x7f6339a8ccd0>,58,21,[6 5],59,59,80,0,59
1,<environment.Job instance at 0x7f633a92bcd0>,67,15,[4 9],68,68,83,0,68
1,<environment.Job instance at 0x7f6339af6a50>,76,21,[9 5],77,80,101,3,77
1,<environment.Job instance at 0x7f6339af6be0>,83,14,[9 4],84,101,115,17,86
1,<environment.Job instance at 0x7f6339f28f50>,25,15,[11  4],26,115,130,89,102
1,<environment.Job instance at 0x7f633affde60>,3,21,[5 2],4,4,25,0,4
1,<environment.Job instance at 0x7f6339e01af0>,18,18,[9 1],19,19,37,0,19
1,<environment.Job instance at 0x7f633a941dc0>,50,15,[ 5 10],51,51,66,0,51
1,<environment.Job instance at 0x7f633a941460>,57,13,[9 3],58,58,71,0,58
1,<environment.Job instance at 0x7f633afc8e60>,60,12,[11  5],61,71,83,10,61
1,<environment.Job instance at 0x7f633afc80f0>,63,19,[4 8],64,66,85,2,64
1,<environment.Job instance at 0x7f633a5e6eb0>,70,14,[5 4],71,83,97,12,71
1,<environment.Job instance at 0x7f633a308870>,84,23,[10  4],85,86,109,1,86
1,<environment.Job instance at 0x7f633a3084b0>,90,16,[1 5],91,97,113,6,91
1,<environment.Job instance at 0x7f633aea1be0>,103,17,[9 2],104,109,126,5,104
1,<environment.Job instance at 0x7f633a1776e0>,20,14,[8 1],21,21,35,0,21
1,<environment.Job instance at 0x7f633aebf0a0>,27,21,[6 5],28,28,49,0,28
1,<environment.Job instance at 0x7f633a1aacd0>,39,19,[2 8],40,40,59,0,40
1,<environment.Job instance at 0x7f633aeb87d0>,48,16,[2 5],49,49,65,0,49
1,<environment.Job instance at 0x7f633a1adbe0>,51,20,[9 5],52,59,79,7,52
1,<environment.Job instance at 0x7f633a7ccc80>,58,26,[ 1 14],59,79,105,20,76
1,<environment.Job instance at 0x7f633a7cceb0>,59,26,[2 7],60,105,131,45,102
1,<environment.Job instance at 0x7f633a7ccfa0>,55,15,[13  5],56,105,120,49,102
1,<environment.Job instance at 0x7f633a7c2910>,63,13,[13  1],64,120,133,56,104
1,<environment.Job instance at 0x7f633a7c2a00>,65,14,[13  3],66,133,147,67,119
1,<environment.Job instance at 0x7f633aeb6460>,4,22,[11  3],5,5,27,0,5
1,<environment.Job instance at 0x7f633aeb6e10>,8,18,[ 1 10],9,9,27,0,9
1,<environment.Job instance at 0x7f633aebff00>,20,22,[2 9],21,27,49,6,21
1,<environment.Job instance at 0x7f633aebf2d0>,24,22,[7 3],25,27,49,2,25
1,<environment.Job instance at 0x7f633ac5cb40>,28,21,[4 7],29,49,70,20,41
1,<environment.Job instance at 0x7f633ac5cc80>,38,21,[ 3 10],39,70,91,31,62
1,<environment.Job instance at 0x7f633ac5ca50>,42,23,[5 5],43,62,85,19,62
1,<environment.Job instance at 0x7f633ac5cbe0>,43,19,[6 2],44,85,104,41,75
1,<environment.Job instance at 0x7f633ac5c320>,45,13,[3 9],46,91,104,45,75
1,<environment.Job instance at 0x7f633aec0280>,53,20,[10  5],54,104,124,50,95
1,<environment.Job instance at 0x7f633aec0460>,65,20,[5 8],66,104,124,38,95
1,<environment.Job instance at 0x7f633a228d70>,77,21,[ 3 10],78,124,145,46,116
1,<environment.Job instance at 0x7f633a4306e0>,4,22,[10  5],5,5,27,0,5
1,<environment.Job instance at 0x7f633ac21a00>,10,22,[6 4],11,27,49,16,20
1,<environment.Job instance at 0x7f633ac5db90>,29,19,[3 6],30,32,51,2,32
1,<environment.Job instance at 0x7f633a802f50>,0,15,[13  2],1,51,66,50,38
1,<environment.Job instance at 0x7f633ac21c30>,11,23,[2 5],12,41,64,29,41
1,<environment.Job instance at 0x7f633aebc550>,30,19,[9 1],31,66,85,35,56
1,<environment.Job instance at 0x7f633a8432d0>,36,21,[5 3],37,66,87,29,58
1,<environment.Job instance at 0x7f633a43c730>,32,19,[ 3 11],33,85,104,52,75
1,<environment.Job instance at 0x7f633ae9d550>,51,13,[13  3],52,104,117,52,88
1,<environment.Job instance at 0x7f633ae9dbe0>,52,12,[12  5],53,117,129,64,100
1,<environment.Job instance at 0x7f633af00f50>,57,12,[3 6],58,117,129,59,112
1,<environment.Job instance at 0x7f633ac47d70>,8,19,[10  1],9,9,28,0,9
1,<environment.Job instance at 0x7f633ac47d20>,15,18,[6 4],16,28,46,12,17
1,<environment.Job instance at 0x7f6339c6b780>,39,13,[1 9],40,40,53,0,40
1,<environment.Job instance at 0x7f6339c6b3c0>,43,16,[9 3],44,46,62,2,44
1,<environment.Job instance at 0x7f6339c6b0a0>,45,22,[6 3],46,53,75,7,46
1,<environment.Job instance at 0x7f6339f494b0>,53,22,[5 3],54,62,84,8,55
1,<environment.Job instance at 0x7f6339f49e60>,57,13,[3 6],58,62,75,4,58
1,<environment.Job instance at 0x7f6339f495f0>,61,19,[10  3],62,75,94,13,65
1,<environment.Job instance at 0x7f633a50ff50>,81,13,[7 2],82,94,107,12,82
1,<environment.Job instance at 0x7f633a50fc80>,82,12,[5 2],83,84,96,1,83
1,<environment.Job instance at 0x7f634364bdc0>,96,22,[4 5],97,97,119,0,97
1,<environment.Job instance at 0x7f634364ba50>,97,19,[2 5],98,98,117,0,98
1,<environment.Job instance at 0x7f634364b5f0>,98,16,[9 3],99,107,123,8,99
1,<environment.Job instance at 0x7f6339f49500>,54,20,[4 6],55,119,139,64,114
1,<environment.Job instance at 0x7f634364b820>,100,20,[8 3],101,123,143,22,118
1,<environment.Job instance at 0x7f6339913730>,5,15,[12  5],6,6,21,0,6
1,<environment.Job instance at 0x7f6339913b90>,22,15,[4 7],23,23,38,0,23
1,<environment.Job instance at 0x7f6339954370>,40,19,[9 5],41,41,60,0,41
1,<environment.Job instance at 0x7f6339954960>,42,12,[9 4],43,60,72,17,43
1,<environment.Job instance at 0x7f6339933f00>,59,15,[8 5],60,72,87,12,60
1,<environment.Job instance at 0x7f633af96870>,71,21,[7 4],72,72,93,0,72
1,<environment.Job instance at 0x7f633af96af0>,74,16,[3 5],75,87,103,12,75
1,<environment.Job instance at 0x7f633a8de6e0>,106,15,[4 9],107,107,122,0,107
1,<environment.Job instance at 0x7f6339bc1f50>,112,15,[9 3],113,113,128,0,113
1,<environment.Job instance at 0x7f633a681960>,117,17,[7 1],118,128,145,10,118
1,<environment.Job instance at 0x7f633a59b410>,0,27,[5 8],1,2,29,1,2
1,<environment.Job instance at 0x7f633a59b050>,7,19,[11  4],8,29,48,21,19
1,<environment.Job instance at 0x7f633a59baf0>,9,21,[7 2],10,48,69,38,40
1,<environment.Job instance at 0x7f633a53de10>,14,22,[6 2],15,48,70,33,43
1,<environment.Job instance at 0x7f633a53dc80>,15,26,[2 8],16,43,69,27,43
1,<environment.Job instance at 0x7f633ae23690>,22,19,[1 7],23,69,88,46,59
1,<environment.Job instance at 0x7f633ae237d0>,23,18,[11  3],24,70,88,46,59
1,<environment.Job instance at 0x7f633ae23f00>,24,13,[7 5],25,88,101,63,72
1,<environment.Job instance at 0x7f633ae23050>,36,20,[2 8],37,88,108,51,79
1,<environment.Job instance at 0x7f633a917a00>,65,17,[4 8],66,108,125,42,96
1,<environment.Job instance at 0x7f633a59b4b0>,4,19,[11  5],5,101,120,96,96
1,<environment.Job instance at 0x7f633a917cd0>,68,18,[5 4],69,120,138,51,109
1,<environment.Job instance at 0x7f633a917780>,84,15,[7 2],85,125,140,40,111
1,<environment.Job instance at 0x7f6343b40be0>,10,14,[10  4],11,11,25,0,11
1,<environment.Job instance at 0x7f6343b40af0>,15,12,[3 5],16,16,28,0,16
1,<environment.Job instance at 0x7f633b0340f0>,17,21,[6 1],18,25,46,7,18
1,<environment.Job instance at 0x7f633b0343c0>,20,21,[6 5],21,25,46,4,21
1,<environment.Job instance at 0x7f633b034aa0>,22,21,[3 7],23,28,49,5,23
1,<environment.Job instance at 0x7f633b0347d0>,32,19,[8 1],33,46,65,13,36
1,<environment.Job instance at 0x7f633a7a6460>,41,19,[7 5],42,49,68,7,42
1,<environment.Job instance at 0x7f633a7a6370>,49,15,[6 2],50,65,80,15,51
1,<environment.Job instance at 0x7f633a96ec30>,58,13,[4 7],59,68,81,9,59
1,<environment.Job instance at 0x7f633a73bcd0>,73,22,[6 2],74,80,102,6,74
1,<environment.Job instance at 0x7f633a73beb0>,84,19,[4 7],85,85,104,0,85
1,<environment.Job instance at 0x7f633a576e10>,95,18,[5 3],96,96,114,0,96
1,<environment.Job instance at 0x7f633a576dc0>,97,20,[3 9],98,104,124,6,98
1,<environment.Job instance at 0x7f633a576c30>,105,14,[1 8],106,124,138,18,109
1,<environment.Job instance at 0x7f6339b7e550>,0,19,[ 5 13],1,1,20,0,1
1,<environment.Job instance at 0x7f6339b7e3c0>,3,15,[12  2],4,20,35,16,6
1,<environment.Job instance at 0x7f6339fecdc0>,24,19,[2 8],25,25,44,0,25
1,<environment.Job instance at 0x7f633ac285f0>,35,13,[5 9],36,44,57,8,36
1,<environment.Job instance at 0x7f633ac28190>,37,21,[5 9],38,57,78,19,49
1,<environment.Job instance at 0x7f6339b7ed70>,1,14,[1 7],2,78,92,76,63
1,<environment.Job instance at 0x7f633974ddc0>,71,17,[5 7],72,78,95,6,72
1,<environment.Job instance at 0x7f633aea7230>,74,19,[10  3],75,92,111,17,82
1,<environment.Job instance at 0x7f633acc1b40>,108,22,[4 6],109,109,131,0,109
1,<environment.Job instance at 0x7f633ae77690>,115,14,[10  5],116,116,130,0,116
1,<environment.Job instance at 0x7f63436d4aa0>,3,19,[14  2],4,10,29,6,10
1,<environment.Job instance at 0x7f633a81a690>,20,14,[8 3],21,29,43,8,21
1,<environment.Job instance at 0x7f633a81a280>,22,21,[1 7],23,24,45,1,24
1,<environment.Job instance at 0x7f633a81ab40>,28,22,[4 5],29,29,51,0,29
1,<environment.Job instance at 0x7f633ae85500>,36,22,[7 2],37,43,65,6,37
1,<environment.Job instance at 0x7f633ae85410>,40,19,[2 5],41,45,64,4,41
1,<environment.Job instance at 0x7f633ae85320>,42,21,[4 5],43,51,72,8,43
1,<environment.Job instance at 0x7f633ae80cd0>,50,18,[1 8],51,64,82,13,56
1,<environment.Job instance at 0x7f633ae5bb40>,70,20,[6 5],71,72,92,1,71
1,<environment.Job instance at 0x7f633ae74a50>,81,15,[5 8],82,82,97,0,82
1,<environment.Job instance at 0x7f63436d40f0>,0,19,[ 1 11],1,97,116,96,92
1,<environment.Job instance at 0x7f633a81a4b0>,23,22,[8 4],24,95,117,71,95
1,<environment.Job instance at 0x7f633ae67be0>,99,16,[10  3],100,117,133,17,104
1,<environment.Job instance at 0x7f633ae67370>,95,25,[5 1],96,116,141,20,116
1,<environment.Job instance at 0x7f6339abb0f0>,7,17,[6 2],8,8,25,0,8
1,<environment.Job instance at 0x7f6339abbcd0>,10,19,[11  5],11,25,44,14,15
1,<environment.Job instance at 0x7f633a99b1e0>,28,25,[ 4 10],29,33,58,4,33
1,<environment.Job instance at 0x7f633a99bd20>,29,15,[13  1],30,58,73,28,44
1,<environment.Job instance at 0x7f633a99bfa0>,27,26,[ 3 13],28,73,99,45,70
1,<environment.Job instance at 0x7f633a99bbe0>,31,25,[11  2],32,73,98,41,70
1,<environment.Job instance at 0x7f633af0d5f0>,44,17,[7 5],45,99,116,54,96
1,<environment.Job instance at 0x7f633af0d3c0>,57,19,[5 5],58,99,118,41,97
1,<environment.Job instance at 0x7f633a74cc80>,66,15,[9 4],67,116,131,49,102
1,<environment.Job instance at 0x7f633a99b910>,30,27,[6 2],31,118,145,87,116
1,<environment.Job instance at 0x7f633ac4e640>,1,15,[11  1],2,2,17,0,2
1,<environment.Job instance at 0x7f633ac4ee10>,3,20,[2 5],4,4,24,0,4
1,<environment.Job instance at 0x7f633ac4e370>,8,16,[8 4],9,17,33,8,9
1,<environment.Job instance at 0x7f63398b1e10>,24,12,[1 7],25,25,37,0,25
1,<environment.Job instance at 0x7f633988de10>,50,21,[2 7],51,51,72,0,51
1,<environment.Job instance at 0x7f633988daf0>,51,15,[3 8],52,52,67,0,52
1,<environment.Job instance at 0x7f633988d140>,55,13,[2 8],56,67,80,11,56
1,<environment.Job instance at 0x7f633988d7d0>,58,14,[1 5],59,72,86,13,59
1,<environment.Job instance at 0x7f634364b230>,59,19,[11  2],60,72,91,12,62
1,<environment.Job instance at 0x7f633b04d370>,73,15,[3 5],74,80,95,6,74
1,<environment.Job instance at 0x7f633b04d6e0>,77,16,[7 5],78,91,107,13,78
1,<environment.Job instance at 0x7f633b04d460>,78,16,[2 8],79,95,111,16,82
1,<environment.Job instance at 0x7f633a37dbe0>,79,12,[ 3 12],80,111,123,31,94
1,<environment.Job instance at 0x7f6339a9b960>,82,20,[10  2],83,107,127,24,99
1,<environment.Job instance at 0x7f6339a5db40>,94,17,[1 7],95,123,140,28,111
1,<environment.Job instance at 0x7f633a3fee10>,112,19,[8 2],113,127,146,14,117
1,<environment.Job instance at 0x7f633a468c30>,3,14,[10  5],4,4,18,0,4
1,<environment.Job instance at 0x7f633a7b8370>,9,14,[6 5],10,18,32,8,10
1,<environment.Job instance at 0x7f633a7b88c0>,17,18,[6 1],18,18,36,0,18
1,<environment.Job instance at 0x7f633a255780>,27,13,[1 5],28,28,41,0,28
1,<environment.Job instance at 0x7f633a255be0>,35,14,[12  3],36,36,50,0,36
1,<environment.Job instance at 0x7f6339f45730>,44,22,[3 5],45,45,67,0,45
1,<environment.Job instance at 0x7f6339f45780>,47,13,[10  2],48,50,63,2,48
1,<environment.Job instance at 0x7f6339f450f0>,53,20,[1 5],54,54,74,0,54
1,<environment.Job instance at 0x7f6339f457d0>,49,22,[5 5],50,63,85,13,56
1,<environment.Job instance at 0x7f6339f45910>,57,22,[5 5],58,67,89,9,60
1,<environment.Job instance at 0x7f633ab66500>,60,16,[1 7],61,85,101,24,72
1,<environment.Job instance at 0x7f633ab66870>,76,19,[10  5],77,89,108,12,80
1,<environment.Job instance at 0x7f633af7a370>,92,19,[8 1],93,108,127,15,98
1,<environment.Job instance at 0x7f6339d10780>,105,14,[6 4],106,108,122,2,106
1,<environment.Job instance at 0x7f6339e64500>,0,14,[ 4 14],1,1,15,0,1
1,<environment.Job instance at 0x7f633a05c960>,2,21,[7 5],3,15,36,12,7
1,<environment.Job instance at 0x7f6339e64e60>,1,23,[6 2],2,15,38,13,13
1,<environment.Job instance at 0x7f633a89c190>,18,16,[11  2],19,38,54,19,31
1,<environment.Job instance at 0x7f633a89c6e0>,25,20,[12  2],26,54,74,28,47
1,<environment.Job instance at 0x7f633a89cf00>,40,21,[ 2 11],41,53,74,12,53
1,<environment.Job instance at 0x7f633a8a7050>,42,21,[14  5],43,74,95,31,71
1,<environment.Job instance at 0x7f633a8a70f0>,43,20,[ 2 12],44,95,115,51,86
1,<environment.Job instance at 0x7f633a89c3c0>,22,26,[14  5],23,115,141,92,113
1,<environment.Job instance at 0x7f797ed76320>,1,22,[11  3],2,2,24,0,2
1,<environment.Job instance at 0x7f79755fe640>,5,24,[1 5],6,6,30,0,6
1,<environment.Job instance at 0x7f7975602230>,23,18,[2 7],24,25,43,1,25
1,<environment.Job instance at 0x7f79756043c0>,50,22,[2 5],51,51,73,0,51
1,<environment.Job instance at 0x7f79755fe820>,24,13,[ 3 14],25,73,86,48,58
1,<environment.Job instance at 0x7f7975604870>,57,19,[3 6],58,86,105,28,76
1,<environment.Job instance at 0x7f7975602460>,59,21,[2 7],60,86,107,26,85
1,<environment.Job instance at 0x7f7975604eb0>,65,20,[2 6],66,105,125,39,96
1,<environment.Job instance at 0x7f7975607870>,80,21,[2 6],81,107,128,26,100
1,<environment.Job instance at 0x7f79755fe870>,8,22,[14  3],9,128,150,119,121
1,<environment.Job instance at 0x7f7975a1b780>,0,14,[12  3],1,1,15,0,1
1,<environment.Job instance at 0x7f7975a1bf50>,1,20,[5 3],2,15,35,13,6
1,<environment.Job instance at 0x7f7975765690>,15,24,[2 5],16,16,40,0,16
1,<environment.Job instance at 0x7f7975765870>,20,15,[12  4],21,35,50,14,21
1,<environment.Job instance at 0x7f7975765230>,21,14,[1 8],22,40,54,18,25
1,<environment.Job instance at 0x7f7974f29640>,29,14,[11  3],30,50,64,20,43
1,<environment.Job instance at 0x7f7975a1ba50>,6,19,[11  3],7,64,83,57,54
1,<environment.Job instance at 0x7f79750ca4b0>,52,20,[14  2],53,90,110,37,90
1,<environment.Job instance at 0x7f79750f06e0>,102,20,[1 7],103,103,123,0,103
1,<environment.Job instance at 0x7f7975064050>,33,28,[3 8],34,129,157,95,129
1,<environment.Job instance at 0x7f7974ca6960>,4,22,[4 8],5,5,27,0,5
1,<environment.Job instance at 0x7f7974ca6780>,9,15,[3 6],10,10,25,0,10
1,<environment.Job instance at 0x7f7974ca6820>,11,23,[2 6],12,25,48,13,19
1,<environment.Job instance at 0x7f7974cec0a0>,41,17,[10  5],42,42,59,0,42
1,<environment.Job instance at 0x7f7975b1bfa0>,45,19,[1 5],46,48,67,2,46
1,<environment.Job instance at 0x7f797547c410>,54,13,[2 8],55,59,72,4,55
1,<environment.Job instance at 0x7f797542b0f0>,67,15,[11  1],68,68,83,0,68
1,<environment.Job instance at 0x7f7974cc5960>,85,17,[11  2],86,86,103,0,86
1,<environment.Job instance at 0x7f7974d425f0>,92,16,[5 4],93,103,119,10,93
1,<environment.Job instance at 0x7f7974ca6dc0>,0,15,[12  2],1,119,134,118,108
1,<environment.Job instance at 0x7f7974c86730>,113,20,[2 5],114,114,134,0,114
1,<environment.Job instance at 0x7f7974cf0780>,120,20,[5 5],121,134,154,13,125
1,<environment.Job instance at 0x7f797555cb90>,0,12,[ 5 14],1,1,13,0,1
1,<environment.Job instance at 0x7f7974f783c0>,2,21,[5 5],3,13,34,10,5
1,<environment.Job instance at 0x7f79750176e0>,8,20,[9 4],9,13,33,4,9
1,<environment.Job instance at 0x7f7974d4c460>,20,19,[3 5],21,33,52,12,23
1,<environment.Job instance at 0x7f79750f1690>,32,17,[ 3 10],33,35,52,2,35
1,<environment.Job instance at 0x7f7974cb5320>,33,21,[6 4],34,52,73,18,44
1,<environment.Job instance at 0x7f7974d4c0a0>,18,15,[14  2],19,73,88,54,59
1,<environment.Job instance at 0x7f79750f1640>,34,19,[1 7],35,79,98,44,79
1,<environment.Job instance at 0x7f7975a40eb0>,48,15,[5 8],49,88,103,39,79
1,<environment.Job instance at 0x7f7975a40e10>,50,20,[10  4],51,98,118,47,89
1,<environment.Job instance at 0x7f79750f0d20>,51,16,[6 3],52,118,134,66,105
1,<environment.Job instance at 0x7f7974d52d70>,72,14,[ 4 10],73,105,119,32,105
1,<environment.Job instance at 0x7f7974cb22d0>,83,21,[5 4],84,119,140,35,111
1,<environment.Job instance at 0x7f7974cb2a50>,84,14,[5 1],85,134,148,49,120
1,<environment.Job instance at 0x7f797502cc80>,9,19,[9 4],10,10,29,0,10
1,<environment.Job instance at 0x7f79750591e0>,18,20,[10  3],19,29,49,10,20
1,<environment.Job instance at 0x7f7975049e60>,28,18,[7 5],29,49,67,20,38
1,<environment.Job instance at 0x7f7975059e60>,29,28,[2 9],30,44,72,14,44
1,<environment.Job instance at 0x7f7975059f50>,25,16,[11  2],26,67,83,41,54
1,<environment.Job instance at 0x7f7975321f00>,45,15,[11  5],46,83,98,37,69
1,<environment.Job instance at 0x7f797534db90>,46,20,[ 2 11],47,98,118,51,89
1,<environment.Job instance at 0x7f7975040c80>,48,28,[12  2],49,98,126,49,97
1,<environment.Job instance at 0x7f797504d320>,43,19,[3 9],44,118,137,74,116
1,<environment.Job instance at 0x7f7974bed6e0>,111,20,[7 1],112,126,146,14,119
1,<environment.Job instance at 0x7f7976114c30>,0,16,[ 4 11],1,1,17,0,1
1,<environment.Job instance at 0x7f79753371e0>,8,21,[6 5],9,17,38,8,9
1,<environment.Job instance at 0x7f7976114640>,17,15,[4 9],18,22,37,4,22
1,<environment.Job instance at 0x7f7975337e10>,19,24,[12  3],20,38,62,18,33
1,<environment.Job instance at 0x7f7975337fa0>,18,22,[13  2],19,62,84,43,55
1,<environment.Job instance at 0x7f7974c38370>,26,21,[9 5],27,84,105,57,77
1,<environment.Job instance at 0x7f7974c38c80>,33,14,[9 4],34,105,119,71,90
1,<environment.Job instance at 0x7f7974c411e0>,39,19,[9 4],40,119,138,79,109
1,<environment.Job instance at 0x7f7974c3b9b0>,54,20,[5 6],55,121,141,66,121
1,<environment.Job instance at 0x7f797e7d5dc0>,0,12,[11  5],1,1,13,0,1
1,<environment.Job instance at 0x7f797e7a4e10>,3,19,[4 8],4,4,23,0,4
1,<environment.Job instance at 0x7f797e7a4140>,5,21,[12  1],6,28,49,22,28
1,<environment.Job instance at 0x7f7974bc2f50>,30,16,[1 5],31,32,48,1,32
1,<environment.Job instance at 0x7f797503cf00>,43,17,[9 2],44,49,66,5,45
1,<environment.Job instance at 0x7f797503c410>,48,21,[9 4],49,66,87,17,58
1,<environment.Job instance at 0x7f797e7a4780>,31,21,[12  3],32,87,108,55,79
1,<environment.Job instance at 0x7f797e7acf00>,87,21,[6 5],88,108,129,20,100
1,<environment.Job instance at 0x7f79750482d0>,54,25,[9 3],55,108,133,53,104
1,<environment.Job instance at 0x7f7975a85a50>,100,15,[ 1 11],101,129,144,28,118
1,<environment.Job instance at 0x7f7974bc2780>,28,18,[14  2],29,133,151,104,125
1,<environment.Job instance at 0x7f7976162e60>,5,19,[8 4],6,6,25,0,6
1,<environment.Job instance at 0x7f7976162d70>,6,21,[1 9],7,7,28,0,7
1,<environment.Job instance at 0x7f7975a35460>,10,12,[13  4],11,25,37,14,12
1,<environment.Job instance at 0x7f7976162d20>,11,16,[2 7],12,28,44,16,17
1,<environment.Job instance at 0x7f79761608c0>,23,19,[8 2],24,37,56,13,27
1,<environment.Job instance at 0x7f797553cb40>,39,22,[7 2],40,44,66,4,40
1,<environment.Job instance at 0x7f7976189050>,42,14,[7 4],43,56,70,13,43
1,<environment.Job instance at 0x7f7976159a00>,14,28,[14  4],15,71,99,56,71
1,<environment.Job instance at 0x7f7975315230>,93,19,[6 2],94,99,118,5,94
1,<environment.Job instance at 0x7f7975315780>,95,13,[3 9],96,99,112,3,96
1,<environment.Job instance at 0x7f79753130a0>,103,20,[10  5],104,118,138,14,109
1,<environment.Job instance at 0x7f7975313870>,115,20,[5 8],116,119,139,3,119
1,<environment.Job instance at 0x7f7975d7a280>,29,19,[8 5],30,30,49,0,30
1,<environment.Job instance at 0x7f79753134b0>,34,22,[ 1 10],35,35,57,0,35
1,<environment.Job instance at 0x7f7975d72910>,44,22,[10  5],45,49,71,4,45
1,<environment.Job instance at 0x7f7975d72f50>,51,23,[2 5],52,57,80,5,52
1,<environment.Job instance at 0x7f7975d72a00>,50,22,[6 4],51,71,93,20,64
1,<environment.Job instance at 0x7f7975d7d050>,67,23,[7 1],68,71,94,3,68
1,<environment.Job instance at 0x7f7975d7d500>,69,19,[3 6],70,93,112,23,84
1,<environment.Job instance at 0x7f7975d5efa0>,70,19,[9 1],71,94,113,23,84
1,<environment.Job instance at 0x7f7975d5e550>,76,21,[5 3],77,112,133,35,104
1,<environment.Job instance at 0x7f797506d910>,90,22,[3 9],91,113,135,22,107
1,<environment.Job instance at 0x7f7975d5ef50>,68,13,[11  5],69,133,146,64,124
1,<environment.Job instance at 0x7f797506d460>,97,12,[3 6],98,135,147,37,125
1,<environment.Job instance at 0x7f7975d5bf50>,0,13,[11  2],1,1,14,0,1
1,<environment.Job instance at 0x7f7975d5bfa0>,1,24,[4 6],2,2,26,0,2
1,<environment.Job instance at 0x7f7974c1f550>,6,12,[1 5],7,14,26,7,7
1,<environment.Job instance at 0x7f7974c1f730>,4,22,[6 4],5,14,36,9,8
1,<environment.Job instance at 0x7f7974c1f9b0>,9,19,[3 6],10,26,45,16,16
1,<environment.Job instance at 0x7f7974c28d20>,29,18,[4 9],30,36,54,6,30
1,<environment.Job instance at 0x7f7974c1fa50>,7,22,[3 7],8,54,76,46,47
1,<environment.Job instance at 0x7f79761d55f0>,38,19,[10  1],39,47,66,8,47
1,<environment.Job instance at 0x7f7974d9a050>,45,18,[6 4],46,66,84,20,55
1,<environment.Job instance at 0x7f79756dde10>,69,13,[1 9],70,76,89,6,70
1,<environment.Job instance at 0x7f79756dc0f0>,73,16,[9 3],74,84,100,10,74
1,<environment.Job instance at 0x7f79756dcb90>,75,22,[6 3],76,89,111,13,83
1,<environment.Job instance at 0x7f79756dcc80>,77,20,[3 7],78,100,120,22,91
1,<environment.Job instance at 0x7f7974c1f3c0>,5,18,[6 2],6,100,118,94,93
1,<environment.Job instance at 0x7f79756dcfa0>,83,22,[5 3],84,111,133,27,104
1,<environment.Job instance at 0x7f79756da190>,84,20,[4 6],85,120,140,35,111
1,<environment.Job instance at 0x7f79756da370>,87,13,[3 6],88,120,133,32,111
1,<environment.Job instance at 0x7f79756da640>,91,19,[10  3],92,133,152,41,124
1,<environment.Job instance at 0x7f79754b2fa0>,4,18,[2 8],5,5,23,0,5
1,<environment.Job instance at 0x7f79754b2dc0>,15,19,[5 6],16,16,35,0,16
1,<environment.Job instance at 0x7f7974c0e190>,42,15,[4 7],43,43,58,0,43
1,<environment.Job instance at 0x7f7974c0e910>,48,13,[11  3],49,49,62,0,49
1,<environment.Job instance at 0x7f797e75a690>,60,19,[9 5],61,62,81,1,61
1,<environment.Job instance at 0x7f797e75a820>,62,12,[9 4],63,81,93,18,64
1,<environment.Job instance at 0x7f7975fe1280>,75,24,[6 2],76,76,100,0,76
1,<environment.Job instance at 0x7f7975fe1190>,79,15,[8 5],80,93,108,13,80
1,<environment.Job instance at 0x7f7975fe1370>,83,17,[ 3 11],84,108,125,24,96
1,<environment.Job instance at 0x7f7975fe1dc0>,87,20,[11  1],88,108,128,20,100
1,<environment.Job instance at 0x7f7975fe1410>,90,24,[10  2],91,128,152,37,123
1,<environment.Job instance at 0x7f7974a7dcd0>,2,15,[9 3],3,3,18,0,3
1,<environment.Job instance at 0x7f7974a7d4b0>,3,13,[11  2],4,18,31,14,4
1,<environment.Job instance at 0x7f7974a7dbe0>,13,20,[11  3],14,31,51,17,22
1,<environment.Job instance at 0x7f7974a7deb0>,14,19,[11  5],15,51,70,36,41
1,<environment.Job instance at 0x7f7974a7dd20>,15,24,[ 1 12],16,70,94,54,65
1,<environment.Job instance at 0x7f7974a7d320>,11,20,[10  3],12,83,103,71,83
1,<environment.Job instance at 0x7f7974a59960>,32,19,[1 7],33,94,113,61,85
1,<environment.Job instance at 0x7f7974a59410>,34,13,[7 5],35,103,116,68,87
1,<environment.Job instance at 0x7f7974a5a140>,75,17,[4 8],76,113,130,37,101
1,<environment.Job instance at 0x7f7974a5a5a0>,78,18,[5 4],79,116,134,37,105
1,<environment.Job instance at 0x7f79759915a0>,94,15,[7 2],95,130,145,35,116
1,<environment.Job instance at 0x7f7974a59550>,16,19,[ 1 13],17,134,153,117,126
1,<environment.Job instance at 0x7f79761d92d0>,10,14,[10  4],11,11,25,0,11
1,<environment.Job instance at 0x7f7975e59e60>,15,12,[3 5],16,16,28,0,16
1,<environment.Job instance at 0x7f7975e590a0>,17,21,[6 1],18,25,46,7,18
1,<environment.Job instance at 0x7f7975e59550>,20,21,[6 5],21,25,46,4,21
1,<environment.Job instance at 0x7f7975e59140>,22,21,[3 7],23,28,49,5,23
1,<environment.Job instance at 0x7f7975e59c80>,32,19,[8 1],33,46,65,13,36
1,<environment.Job instance at 0x7f797e7a4500>,41,19,[7 5],42,49,68,7,48
1,<environment.Job instance at 0x7f7975d975f0>,49,15,[6 2],50,65,80,15,51
1,<environment.Job instance at 0x7f7975d979b0>,58,13,[4 7],59,68,81,9,59
1,<environment.Job instance at 0x7f7975094f50>,0,15,[14  4],1,81,96,80,68
1,<environment.Job instance at 0x7f7975709140>,73,22,[6 2],74,96,118,22,89
1,<environment.Job instance at 0x7f79757090f0>,84,19,[4 7],85,96,115,11,89
1,<environment.Job instance at 0x7f7974d25050>,95,18,[5 3],96,96,114,0,96
1,<environment.Job instance at 0x7f7975c1e320>,97,20,[3 9],98,115,135,17,106
1,<environment.Job instance at 0x7f7975c1e640>,105,14,[1 8],106,135,149,29,120
1,<environment.Job instance at 0x7f797618cf50>,121,14,[1 7],122,135,149,13,122
1,<environment.Job instance at 0x7f7975d7ddc0>,3,13,[ 4 11],4,4,17,0,4
1,<environment.Job instance at 0x7f7975d7d960>,4,18,[14  3],5,17,35,12,10
1,<environment.Job instance at 0x7f7975d7d5f0>,14,19,[2 8],15,35,54,20,25
1,<environment.Job instance at 0x7f7975e6a460>,25,13,[5 9],26,54,67,28,38
1,<environment.Job instance at 0x7f7975e6a550>,27,21,[5 9],28,67,88,39,59
1,<environment.Job instance at 0x7f7975288af0>,37,13,[6 2],38,59,72,21,59
1,<environment.Job instance at 0x7f7975288730>,38,21,[2 5],39,72,93,33,64
1,<environment.Job instance at 0x7f7975a1c730>,61,17,[5 7],62,88,105,26,76
1,<environment.Job instance at 0x7f7975a1c9b0>,64,19,[10  3],65,93,112,28,83
1,<environment.Job instance at 0x7f7974c28b90>,71,20,[2 5],72,105,125,33,96
1,<environment.Job instance at 0x7f7974c288c0>,74,20,[2 8],75,112,132,37,103
1,<environment.Job instance at 0x7f79756a91e0>,98,22,[4 6],99,125,147,26,118
1,<environment.Job instance at 0x7f79756a9640>,105,14,[10  5],106,132,146,26,118
1,<environment.Job instance at 0x7f797592b6e0>,0,14,[8 3],1,1,15,0,1
1,<environment.Job instance at 0x7f797592b370>,1,15,[ 2 11],2,2,17,0,2
1,<environment.Job instance at 0x7f797592baa0>,3,22,[8 4],4,15,37,11,8
1,<environment.Job instance at 0x7f797592b5a0>,2,21,[1 7],3,17,38,14,9
1,<environment.Job instance at 0x7f7974e70500>,18,24,[12  1],19,37,61,18,32
1,<environment.Job instance at 0x7f7974e70230>,20,19,[2 5],21,46,65,25,46
1,<environment.Job instance at 0x7f797592be10>,17,27,[12  1],18,61,88,43,59
1,<environment.Job instance at 0x7f7974e700f0>,22,21,[4 5],23,88,109,65,80
1,<environment.Job instance at 0x7f7975784870>,30,18,[1 8],31,88,106,57,88
1,<environment.Job instance at 0x7f7975fa7af0>,50,20,[6 5],51,106,126,55,97
1,<environment.Job instance at 0x7f797485c6e0>,61,15,[5 8],62,109,124,47,97
1,<environment.Job instance at 0x7f7974e70640>,23,19,[14  2],24,126,145,102,116
1,<environment.Job instance at 0x7f79751daf00>,4,24,[6 4],5,5,29,0,5
1,<environment.Job instance at 0x7f79751dac80>,0,27,[6 2],1,5,32,4,5
1,<environment.Job instance at 0x7f797519df50>,14,17,[7 5],15,29,46,14,17
1,<environment.Job instance at 0x7f797519d9b0>,20,15,[8 2],21,32,47,11,21
1,<environment.Job instance at 0x7f79751cc410>,31,15,[5 2],32,46,61,14,32
1,<environment.Job instance at 0x7f797519d640>,27,19,[5 5],28,47,66,19,40
1,<environment.Job instance at 0x7f79751c0050>,53,19,[9 4],54,61,80,7,54
1,<environment.Job instance at 0x7f79751c00a0>,54,21,[10  2],55,80,101,25,73
1,<environment.Job instance at 0x7f79751c2500>,74,21,[3 5],75,75,96,0,75
1,<environment.Job instance at 0x7f79751c2eb0>,83,13,[3 8],84,96,109,12,84
1,<environment.Job instance at 0x7f79751c2230>,86,13,[2 6],87,101,114,14,87
1,<environment.Job instance at 0x7f7974aff500>,87,17,[6 4],88,109,126,21,97
1,<environment.Job instance at 0x7f7974aff0a0>,93,20,[2 5],94,109,129,15,100
1,<environment.Job instance at 0x7f7974aff5f0>,98,16,[8 4],99,126,142,27,113
1,<environment.Job instance at 0x7f7975371d20>,114,12,[1 7],115,129,141,14,115
1,<environment.Job instance at 0x7f797592d9b0>,0,27,[ 4 12],1,1,28,0,1
1,<environment.Job instance at 0x7f797592da00>,11,15,[3 8],12,28,43,16,16
1,<environment.Job instance at 0x7f797592d640>,10,21,[2 7],11,28,49,17,20
1,<environment.Job instance at 0x7f7976053d70>,15,13,[2 8],16,43,56,27,27
1,<environment.Job instance at 0x7f79760530a0>,18,14,[1 5],19,49,63,30,34
1,<environment.Job instance at 0x7f7976053fa0>,12,26,[ 3 14],13,63,89,50,60
1,<environment.Job instance at 0x7f7975149eb0>,33,15,[3 5],34,89,104,55,75
1,<environment.Job instance at 0x7f79751490a0>,34,14,[12  5],35,89,103,54,75
1,<environment.Job instance at 0x7f7975149f50>,35,24,[1 8],36,103,127,67,98
1,<environment.Job instance at 0x7f7975149370>,36,28,[14  3],37,104,132,67,103
1,<environment.Job instance at 0x7f7975cc7aa0>,37,16,[7 5],38,132,148,94,119
1,<environment.Job instance at 0x7f7975cc7cd0>,38,16,[2 8],39,132,148,93,119
1,<environment.Job instance at 0x7f7975607820>,3,20,[1 5],4,4,24,0,4
1,<environment.Job instance at 0x7f79756078c0>,7,22,[5 5],8,8,30,0,8
1,<environment.Job instance at 0x7f79756072d0>,10,16,[1 7],11,24,40,13,12
1,<environment.Job instance at 0x7f79754c2f00>,26,19,[10  5],27,30,49,3,28
1,<environment.Job instance at 0x7f79757f9230>,42,19,[8 1],43,49,68,6,43
1,<environment.Job instance at 0x7f7975810a00>,55,14,[6 4],56,56,70,0,56
1,<environment.Job instance at 0x7f7974bd0910>,72,21,[7 5],73,73,94,0,73
1,<environment.Job instance at 0x7f79756073c0>,11,25,[12  1],12,94,119,82,91
1,<environment.Job instance at 0x7f7974e1e5f0>,90,18,[ 3 10],91,100,118,9,100
1,<environment.Job instance at 0x7f7975607fa0>,27,21,[ 5 13],28,119,140,91,111
1,<environment.Job instance at 0x7f7975307550>,108,21,[10  2],109,123,144,14,123
1,<environment.Job instance at 0x7f7974d5bbe0>,6,19,[11  3],7,7,26,0,7
1,<environment.Job instance at 0x7f7974d5b870>,14,22,[9 5],15,26,48,11,19
1,<environment.Job instance at 0x7f7974d5b5a0>,15,24,[2 5],16,19,43,3,19
1,<environment.Job instance at 0x7f7974d5dfa0>,30,13,[5 9],31,43,56,12,31
1,<environment.Job instance at 0x7f7974d5d320>,38,21,[3 6],39,48,69,9,40
1,<environment.Job instance at 0x7f7974d5b190>,0,21,[12  2],1,56,77,55,50
1,<environment.Job instance at 0x7f7974d9ae10>,37,26,[1 8],38,69,95,31,68
1,<environment.Job instance at 0x7f7974d62d70>,70,23,[13  4],71,77,100,6,74
1,<environment.Job instance at 0x7f7974b75230>,84,14,[2 6],85,95,109,10,87
1,<environment.Job instance at 0x7f7974b752d0>,74,27,[10  2],75,100,127,25,99
1,<environment.Job instance at 0x7f7974b94910>,98,23,[1 5],99,101,124,2,101
1,<environment.Job instance at 0x7f7975508cd0>,111,18,[6 3],112,127,145,15,116
1,<environment.Job instance at 0x7f7974d9adc0>,16,20,[5 5],17,124,144,107,117
1,<environment.Job instance at 0x7f79755083c0>,117,13,[2 7],118,127,140,9,118
1,<environment.Job instance at 0x7f7974892460>,1,20,[2 5],2,2,22,0,2
1,<environment.Job instance at 0x7f79759e4960>,3,22,[11  4],4,5,27,1,5
1,<environment.Job instance at 0x7f79753b3dc0>,21,22,[3 9],22,22,44,0,22
1,<environment.Job instance at 0x7f79753b3460>,23,22,[11  4],24,27,49,3,24
1,<environment.Job instance at 0x7f797578e0f0>,27,14,[12  2],28,49,63,21,35
1,<environment.Job instance at 0x7f797579b1e0>,51,13,[8 5],52,63,76,11,52
1,<environment.Job instance at 0x7f797578e190>,26,20,[11  2],27,76,96,49,67
1,<environment.Job instance at 0x7f79753b3a00>,24,19,[6 3],25,96,115,71,87
1,<environment.Job instance at 0x7f797579bbe0>,68,21,[10  3],69,115,136,46,107
1,<environment.Job instance at 0x7f79757a65a0>,80,21,[6 2],81,136,157,55,128
1,<environment.Job instance at 0x7f648350e320>,1,22,[11  3],2,2,24,0,2
1,<environment.Job instance at 0x7f6479d96640>,5,24,[1 5],6,6,30,0,6
1,<environment.Job instance at 0x7f6479d9a230>,23,18,[2 7],24,25,43,1,25
1,<environment.Job instance at 0x7f6479d96820>,24,13,[ 3 14],25,43,56,18,32
1,<environment.Job instance at 0x7f6479d9c410>,50,22,[2 5],51,56,78,5,52
1,<environment.Job instance at 0x7f6479d9c870>,57,19,[3 6],58,58,77,0,58
1,<environment.Job instance at 0x7f6479d96870>,8,22,[14  3],9,78,100,69,71
1,<environment.Job instance at 0x7f6479d9ca00>,60,28,[13  2],61,100,128,39,99
1,<environment.Job instance at 0x7f6479d9caa0>,59,21,[2 7],60,108,129,48,108
1,<environment.Job instance at 0x7f6479d9ce60>,65,20,[2 6],66,128,148,62,119
1,<environment.Job instance at 0x7f6479d966e0>,6,20,[6 1],7,128,148,121,119
1,<environment.Job instance at 0x7f6479e0fb90>,0,28,[ 2 10],1,5,33,4,5
1,<environment.Job instance at 0x7f6479e0f370>,10,15,[12  4],11,11,26,0,11
1,<environment.Job instance at 0x7f6479f00b90>,20,15,[ 1 13],21,41,56,20,41
1,<environment.Job instance at 0x7f64797f3140>,41,26,[ 5 13],42,56,82,14,53
1,<environment.Job instance at 0x7f64794c5550>,42,20,[14  2],43,82,102,39,73
1,<environment.Job instance at 0x7f6479f00780>,15,23,[13  2],16,102,125,86,96
1,<environment.Job instance at 0x7f64798eb550>,54,12,[1 7],55,114,126,59,114
1,<environment.Job instance at 0x7f6479841e10>,55,21,[12  2],56,125,146,69,117
1,<environment.Job instance at 0x7f6479e0faf0>,11,14,[1 8],12,126,140,114,117
1,<environment.Job instance at 0x7f6479d9f0f0>,5,24,[2 5],6,125,149,119,122
1,<environment.Job instance at 0x7f6479863b40>,92,20,[1 7],93,140,160,47,132
1,<environment.Job instance at 0x7f6479445500>,21,17,[10  5],22,22,39,0,22
1,<environment.Job instance at 0x7f6479445820>,25,19,[1 5],26,26,45,0,26
1,<environment.Job instance at 0x7f64794451e0>,28,15,[12  4],29,39,54,10,29
1,<environment.Job instance at 0x7f6479445780>,34,13,[2 8],35,45,58,10,35
1,<environment.Job instance at 0x7f647a2bc050>,47,15,[11  1],48,54,69,6,48
1,<environment.Job instance at 0x7f647a2c2dc0>,57,23,[10  2],58,69,92,11,63
1,<environment.Job instance at 0x7f64793f88c0>,72,16,[5 4],73,73,89,0,73
1,<environment.Job instance at 0x7f6479c16a00>,65,17,[11  2],66,92,109,26,80
1,<environment.Job instance at 0x7f647944dbe0>,100,20,[5 5],101,109,129,8,102
1,<environment.Job instance at 0x7f64794e96e0>,112,21,[5 5],113,113,134,0,113
1,<environment.Job instance at 0x7f64794b90f0>,118,20,[9 4],119,129,149,10,120
1,<environment.Job instance at 0x7f6479fda140>,130,19,[3 5],131,134,153,3,131
1,<environment.Job instance at 0x7f64794eb3c0>,2,17,[ 3 10],3,3,20,0,3
1,<environment.Job instance at 0x7f64794349b0>,3,21,[6 4],4,4,25,0,4
1,<environment.Job instance at 0x7f64794e65a0>,4,19,[1 7],5,20,39,15,10
1,<environment.Job instance at 0x7f6479a23dc0>,18,15,[5 8],19,25,40,6,19
1,<environment.Job instance at 0x7f64794e0140>,21,16,[6 3],22,39,55,17,26
1,<environment.Job instance at 0x7f6479a239b0>,23,20,[14  4],24,55,75,31,46
1,<environment.Job instance at 0x7f6479411dc0>,42,14,[ 4 10],43,75,89,32,60
1,<environment.Job instance at 0x7f64799f3c80>,53,21,[5 4],54,75,96,21,70
1,<environment.Job instance at 0x7f64794c52d0>,54,14,[5 1],55,79,93,24,79
1,<environment.Job instance at 0x7f64798632d0>,39,24,[8 2],40,93,117,53,88
1,<environment.Job instance at 0x7f647947c280>,56,26,[7 3],57,96,122,39,93
1,<environment.Job instance at 0x7f647947c690>,57,25,[ 1 13],58,122,147,64,118
1,<environment.Job instance at 0x7f64797ceeb0>,1,14,[11  3],2,2,16,0,2
1,<environment.Job instance at 0x7f64797b62d0>,3,19,[3 9],4,4,23,0,4
1,<environment.Job instance at 0x7f647a8ea690>,5,15,[11  5],6,16,31,10,6
1,<environment.Job instance at 0x7f647a8b5b40>,15,14,[12  4],16,31,45,15,16
1,<environment.Job instance at 0x7f647934c050>,60,23,[11  3],61,61,84,0,61
1,<environment.Job instance at 0x7f6479377460>,61,23,[ 4 10],62,82,105,20,82
1,<environment.Job instance at 0x7f64793d7460>,72,20,[12  2],73,105,125,32,97
1,<environment.Job instance at 0x7f64793a33c0>,73,25,[ 3 12],74,105,130,31,103
1,<environment.Job instance at 0x7f64793a35a0>,74,20,[ 5 11],75,130,150,55,121
1,<environment.Job instance at 0x7f647a1d25a0>,0,16,[ 3 12],1,1,17,0,1
1,<environment.Job instance at 0x7f647a4760a0>,4,20,[5 6],5,17,37,12,8
1,<environment.Job instance at 0x7f647a476c30>,23,21,[5 2],24,25,46,1,25
1,<environment.Job instance at 0x7f6479c07280>,77,13,[9 3],78,78,91,0,78
1,<environment.Job instance at 0x7f6479c07c30>,83,19,[4 8],84,84,103,0,84
1,<environment.Job instance at 0x7f6479edd050>,90,14,[5 4],91,91,105,0,91
1,<environment.Job instance at 0x7f6479ecb870>,110,16,[1 5],111,111,127,0,111
1,<environment.Job instance at 0x7f6479ec5cd0>,123,17,[9 2],124,124,141,0,124
1,<environment.Job instance at 0x7f64793a3460>,1,12,[14  3],2,141,153,139,129
1,<environment.Job instance at 0x7f64797cad70>,20,14,[8 1],21,21,35,0,21
1,<environment.Job instance at 0x7f64797caeb0>,27,21,[6 5],28,28,49,0,28
1,<environment.Job instance at 0x7f64793572d0>,34,13,[14  4],35,49,62,14,40
1,<environment.Job instance at 0x7f6479357870>,40,15,[ 1 11],41,49,64,8,41
1,<environment.Job instance at 0x7f6479357410>,45,19,[ 4 14],46,64,83,18,54
1,<environment.Job instance at 0x7f6479357820>,46,17,[ 4 13],47,83,100,36,71
1,<environment.Job instance at 0x7f6479357f00>,43,13,[12  5],44,100,113,56,89
1,<environment.Job instance at 0x7f64793577d0>,52,26,[7 3],53,113,139,60,110
1,<environment.Job instance at 0x7f647a8bbeb0>,55,15,[13  5],56,139,154,83,126
1,<environment.Job instance at 0x7f64794dc780>,4,22,[7 3],5,5,27,0,5
1,<environment.Job instance at 0x7f64794ceaf0>,8,21,[4 7],9,9,30,0,9
1,<environment.Job instance at 0x7f64794dc370>,6,19,[11  1],7,27,46,20,19
1,<environment.Job instance at 0x7f647a4a9dc0>,33,20,[10  5],34,46,66,12,37
1,<environment.Job instance at 0x7f647a7b5c30>,45,20,[5 8],46,51,71,5,51
1,<environment.Job instance at 0x7f64794cee60>,21,24,[13  3],22,85,109,63,85
1,<environment.Job instance at 0x7f6479c919b0>,85,14,[ 1 14],86,109,123,23,94
1,<environment.Job instance at 0x7f6479c91d20>,89,19,[8 5],90,123,142,33,113
1,<environment.Job instance at 0x7f6479f005f0>,0,22,[2 9],1,123,145,122,116
1,<environment.Job instance at 0x7f6479c78780>,104,22,[10  5],105,142,164,37,135
1,<environment.Job instance at 0x7f6479d76a00>,1,15,[11  5],2,2,17,0,2
1,<environment.Job instance at 0x7f647a4faaf0>,10,22,[3 9],11,11,33,0,11
1,<environment.Job instance at 0x7f647a4fa5f0>,16,22,[10  3],17,17,39,0,17
1,<environment.Job instance at 0x7f647a4fa050>,17,12,[3 6],18,33,45,15,18
1,<environment.Job instance at 0x7f6479daafa0>,23,21,[2 6],24,33,54,9,25
1,<environment.Job instance at 0x7f6479daaa00>,33,21,[6 3],34,39,60,5,34
1,<environment.Job instance at 0x7f647a4fa9b0>,21,21,[5 9],22,54,75,32,47
1,<environment.Job instance at 0x7f6479daa5f0>,47,12,[5 1],48,60,72,12,48
1,<environment.Job instance at 0x7f647a872500>,55,18,[6 2],56,72,90,16,61
1,<environment.Job instance at 0x7f647a872e10>,56,12,[1 5],57,75,87,18,62
1,<environment.Job instance at 0x7f647a872aa0>,54,22,[6 4],55,75,97,20,68
1,<environment.Job instance at 0x7f6479edacd0>,59,19,[3 6],60,87,106,27,77
1,<environment.Job instance at 0x7f6479ece500>,79,18,[4 9],80,97,115,17,86
1,<environment.Job instance at 0x7f6479ece690>,88,19,[10  1],89,106,125,17,100
1,<environment.Job instance at 0x7f6479eec5a0>,95,18,[6 4],96,125,143,29,114
1,<environment.Job instance at 0x7f6479d76f00>,0,21,[ 1 11],1,115,136,114,114
1,<environment.Job instance at 0x7f6479ef8f50>,119,13,[1 9],120,136,149,16,120
1,<environment.Job instance at 0x7f6479ef8460>,123,16,[9 3],124,143,159,19,130
1,<environment.Job instance at 0x7f6479c43f00>,1,19,[10  3],2,2,21,0,2
1,<environment.Job instance at 0x7f647a103a00>,4,19,[11  1],5,21,40,16,11
1,<environment.Job instance at 0x7f647a07c410>,21,13,[7 2],22,40,53,18,24
1,<environment.Job instance at 0x7f647a4982d0>,36,22,[4 5],37,37,59,0,37
1,<environment.Job instance at 0x7f64799a1780>,37,19,[2 5],38,40,59,2,38
1,<environment.Job instance at 0x7f64799a1f00>,38,16,[9 3],39,53,69,14,40
1,<environment.Job instance at 0x7f647a077b40>,22,12,[5 2],23,59,71,36,42
1,<environment.Job instance at 0x7f647a4bb5a0>,40,20,[8 3],41,69,89,28,60
1,<environment.Job instance at 0x7f6479de2960>,44,18,[2 8],45,69,87,24,60
1,<environment.Job instance at 0x7f647a4d62d0>,55,19,[5 6],56,87,106,31,77
1,<environment.Job instance at 0x7f647a3ad690>,82,15,[4 7],83,89,104,6,83
1,<environment.Job instance at 0x7f647a077280>,11,19,[14  4],12,106,125,94,98
1,<environment.Job instance at 0x7f647a3c9320>,102,12,[9 4],103,125,137,22,108
1,<environment.Job instance at 0x7f647a077fa0>,9,19,[ 1 13],10,137,156,127,128
1,<environment.Job instance at 0x7f647a07c780>,41,22,[13  1],42,137,159,95,130
1,<environment.Job instance at 0x7f6479479140>,1,16,[11  2],2,2,18,0,2
1,<environment.Job instance at 0x7f6479958aa0>,26,15,[4 9],27,27,42,0,27
1,<environment.Job instance at 0x7f64799586e0>,31,23,[5 1],32,32,55,0,32
1,<environment.Job instance at 0x7f6479958500>,32,15,[9 3],33,42,57,9,33
1,<environment.Job instance at 0x7f6479958be0>,37,17,[7 1],38,57,74,19,45
1,<environment.Job instance at 0x7f6479958eb0>,39,19,[ 3 12],40,55,74,15,45
1,<environment.Job instance at 0x7f6479958fa0>,42,27,[13  3],43,74,101,31,72
1,<environment.Job instance at 0x7f6479958690>,33,13,[11  2],34,101,114,67,86
1,<environment.Job instance at 0x7f64799587d0>,41,20,[10  3],42,114,134,72,105
1,<environment.Job instance at 0x7f647a20cf50>,49,21,[7 2],50,134,155,84,126
1,<environment.Job instance at 0x7f647a20cb90>,51,24,[4 5],52,126,150,74,126
1,<environment.Job instance at 0x7f64791d4140>,0,19,[ 4 12],1,2,21,1,2
1,<environment.Job instance at 0x7f64791d4c80>,11,21,[2 8],12,21,42,9,13
1,<environment.Job instance at 0x7f64791d42d0>,15,23,[1 5],16,21,44,5,16
1,<environment.Job instance at 0x7f64791d45a0>,10,20,[11  1],11,19,39,8,19
1,<environment.Job instance at 0x7f64791d4050>,19,25,[8 2],20,39,64,19,35
1,<environment.Job instance at 0x7f64791d4f50>,20,15,[14  4],21,64,79,43,50
1,<environment.Job instance at 0x7f647a20cb40>,2,17,[ 2 14],3,79,96,76,67
1,<environment.Job instance at 0x7f647a9965a0>,23,20,[ 4 11],24,96,116,72,87
1,<environment.Job instance at 0x7f64791d4460>,17,22,[9 1],18,87,109,69,87
1,<environment.Job instance at 0x7f647a996b40>,30,14,[10  4],31,109,123,78,94
1,<environment.Job instance at 0x7f647a996a00>,35,12,[3 5],36,116,128,80,99
1,<environment.Job instance at 0x7f647a996eb0>,37,21,[6 1],38,123,144,85,115
1,<environment.Job instance at 0x7f647a3eb7d0>,40,21,[6 5],41,123,144,82,115
1,<environment.Job instance at 0x7f647a3ebd20>,42,21,[3 7],43,128,149,85,122
1,<environment.Job instance at 0x7f647a3eb6e0>,52,19,[8 1],53,144,163,91,134
1,<environment.Job instance at 0x7f647a9744b0>,61,19,[7 5],62,149,168,87,139
1,<environment.Job instance at 0x7f6479685dc0>,0,19,[ 5 13],1,1,20,0,1
1,<environment.Job instance at 0x7f6479685e10>,3,15,[12  2],4,20,35,16,6
1,<environment.Job instance at 0x7f6479cf6230>,24,19,[2 8],25,25,44,0,25
1,<environment.Job instance at 0x7f6479cf6be0>,35,13,[5 9],36,44,57,8,36
1,<environment.Job instance at 0x7f6479eb2870>,47,13,[6 2],48,48,61,0,48
1,<environment.Job instance at 0x7f6479eb2aa0>,48,21,[2 5],49,57,78,8,49
1,<environment.Job instance at 0x7f6479470d20>,71,17,[5 7],72,72,89,0,72
1,<environment.Job instance at 0x7f6479470780>,74,19,[10  3],75,78,97,3,76
1,<environment.Job instance at 0x7f6479470640>,81,20,[2 5],82,89,109,7,82
1,<environment.Job instance at 0x7f647a96cf50>,1,14,[1 7],2,89,103,87,83
1,<environment.Job instance at 0x7f6479821870>,84,20,[2 8],85,103,123,18,94
1,<environment.Job instance at 0x7f6479812370>,108,22,[4 6],109,109,131,0,109
1,<environment.Job instance at 0x7f6479812f50>,115,14,[10  5],116,123,137,7,116
1,<environment.Job instance at 0x7f6479f8d780>,0,14,[8 3],1,1,15,0,1
1,<environment.Job instance at 0x7f64798e7550>,1,15,[ 2 11],2,2,17,0,2
1,<environment.Job instance at 0x7f64798e76e0>,3,22,[8 4],4,15,37,11,8
1,<environment.Job instance at 0x7f6479fd7e10>,8,22,[4 5],9,17,39,8,10
1,<environment.Job instance at 0x7f6479fd79b0>,20,19,[2 5],21,21,40,0,21
1,<environment.Job instance at 0x7f647a50abe0>,22,21,[4 5],23,37,58,14,29
1,<environment.Job instance at 0x7f6479fd7c80>,2,21,[1 7],3,40,61,37,36
1,<environment.Job instance at 0x7f6479fd7c30>,18,24,[12  1],19,58,82,39,53
1,<environment.Job instance at 0x7f647a50a3c0>,51,13,[12  1],52,82,95,30,66
1,<environment.Job instance at 0x7f6479e5d5f0>,50,20,[6 5],51,95,115,44,86
1,<environment.Job instance at 0x7f647a881780>,61,15,[5 8],62,98,113,36,98
1,<environment.Job instance at 0x7f6479fd75f0>,17,27,[12  1],18,115,142,97,113
1,<environment.Job instance at 0x7f647a8814b0>,74,19,[4 7],75,142,161,67,132
1,<environment.Job instance at 0x7f647a881410>,79,16,[10  3],80,142,158,62,132
1,<environment.Job instance at 0x7f647a7f31e0>,0,28,[ 3 13],1,1,29,0,1
1,<environment.Job instance at 0x7f647a4d1550>,4,17,[7 5],5,29,46,24,17
1,<environment.Job instance at 0x7f647a4d15a0>,10,15,[8 2],11,17,32,6,17
1,<environment.Job instance at 0x7f647a4d19b0>,17,19,[5 5],18,32,51,14,22
1,<environment.Job instance at 0x7f647a4d1190>,21,15,[5 2],22,46,61,24,32
1,<environment.Job instance at 0x7f6479f7f8c0>,26,15,[9 4],27,51,66,24,37
1,<environment.Job instance at 0x7f6479736d20>,43,19,[9 4],44,66,85,22,56
1,<environment.Job instance at 0x7f6479844690>,64,21,[3 5],65,67,88,2,67
1,<environment.Job instance at 0x7f6479246d20>,73,13,[3 8],74,85,98,11,75
1,<environment.Job instance at 0x7f6479246a50>,76,13,[2 6],77,88,101,11,78
1,<environment.Job instance at 0x7f6479246140>,77,17,[6 4],78,98,115,20,86
1,<environment.Job instance at 0x7f647a4ef730>,88,16,[8 4],89,101,117,12,89
1,<environment.Job instance at 0x7f647a81a050>,104,12,[1 7],105,105,117,0,105
1,<environment.Job instance at 0x7f6479666be0>,130,21,[2 7],131,131,152,0,131
1,<environment.Job instance at 0x7f6479666820>,131,15,[3 8],132,132,147,0,132
1,<environment.Job instance at 0x7f648350d0f0>,135,13,[2 8],136,147,160,11,136
1,<environment.Job instance at 0x7f647a3c2d70>,138,14,[1 5],139,152,166,13,139
1,<environment.Job instance at 0x7f647a2a5550>,11,18,[12  4],12,12,30,0,12
1,<environment.Job instance at 0x7f647a2a5a00>,13,15,[3 5],14,14,29,0,14
1,<environment.Job instance at 0x7f647a2a5910>,17,16,[7 5],18,30,46,12,19
1,<environment.Job instance at 0x7f647a2a52d0>,18,16,[2 8],19,29,45,10,23
1,<environment.Job instance at 0x7f647a2a5f00>,23,24,[ 5 12],24,46,70,22,42
1,<environment.Job instance at 0x7f647a2a59b0>,16,28,[14  3],17,70,98,53,69
1,<environment.Job instance at 0x7f6479d67500>,34,17,[1 7],35,81,98,46,81
1,<environment.Job instance at 0x7f6479d67dc0>,35,19,[13  5],36,98,117,62,88
1,<environment.Job instance at 0x7f647a923550>,52,19,[8 2],53,117,136,64,107
1,<environment.Job instance at 0x7f647a9233c0>,53,21,[ 5 13],54,117,138,63,110
1,<environment.Job instance at 0x7f6479828460>,69,14,[6 5],70,138,152,68,123
1,<environment.Job instance at 0x7f6479828eb0>,77,18,[6 1],78,139,157,61,139
1,<environment.Job instance at 0x7f647a94d500>,87,13,[1 5],88,139,152,51,139
1,<environment.Job instance at 0x7f647a2c0af0>,12,19,[8 1],13,13,32,0,13
1,<environment.Job instance at 0x7f64792960f0>,25,14,[6 4],26,26,40,0,26
1,<environment.Job instance at 0x7f64797f7500>,32,16,[11  3],33,40,56,7,33
1,<environment.Job instance at 0x7f6479c26be0>,42,21,[7 5],43,56,77,13,48
1,<environment.Job instance at 0x7f64799b8820>,58,16,[11  2],59,77,93,18,64
1,<environment.Job instance at 0x7f64799b8fa0>,60,18,[ 3 10],61,82,100,21,82
1,<environment.Job instance at 0x7f64799b8e10>,65,20,[12  2],66,93,113,27,84
1,<environment.Job instance at 0x7f6479fe8050>,80,21,[ 2 11],81,100,121,19,92
1,<environment.Job instance at 0x7f6479fe8960>,82,21,[14  5],83,121,142,38,113
1,<environment.Job instance at 0x7f6479fe8fa0>,84,27,[1 9],85,131,158,46,131
1,<environment.Job instance at 0x7f6479fe8e10>,86,14,[13  1],87,142,156,55,132
1,<environment.Job instance at 0x7f647a8b7640>,29,15,[11  5],30,30,45,0,30
1,<environment.Job instance at 0x7f647a8c6050>,33,22,[3 5],34,34,56,0,34
1,<environment.Job instance at 0x7f6479233af0>,44,14,[2 6],45,45,59,0,45
1,<environment.Job instance at 0x7f647994cc80>,58,23,[1 5],59,59,82,0,59
1,<environment.Job instance at 0x7f647909ac80>,71,18,[6 3],72,72,90,0,72
1,<environment.Job instance at 0x7f647909a230>,76,22,[9 5],77,82,104,5,77
1,<environment.Job instance at 0x7f647937fe60>,77,13,[2 7],78,90,103,12,78
1,<environment.Job instance at 0x7f647976bc80>,101,20,[ 1 10],102,103,123,1,103
1,<environment.Job instance at 0x7f6479502c30>,102,14,[ 5 12],103,123,137,20,115
1,<environment.Job instance at 0x7f647976b780>,112,12,[ 3 12],113,137,149,24,120
1,<environment.Job instance at 0x7f64791c2e10>,115,23,[5 2],116,120,143,4,120
1,<environment.Job instance at 0x7f64791c2c30>,114,19,[6 3],115,143,162,28,133
1,<environment.Job instance at 0x7f64790f35a0>,1,13,[8 5],2,2,15,0,2
1,<environment.Job instance at 0x7f6479538e60>,13,19,[11  2],14,15,34,1,14
1,<environment.Job instance at 0x7f6479538960>,18,21,[10  3],19,34,55,15,26
1,<environment.Job instance at 0x7f647a7e0a00>,32,25,[14  1],33,55,80,22,51
1,<environment.Job instance at 0x7f647a7e00f0>,33,23,[1 9],34,51,74,17,51
1,<environment.Job instance at 0x7f647a7e0370>,34,23,[ 2 12],35,80,103,45,74
1,<environment.Job instance at 0x7f647a7e05a0>,35,24,[2 9],36,103,127,67,98
1,<environment.Job instance at 0x7f647a7e02d0>,36,24,[ 3 11],37,127,151,90,122
1,<environment.Job instance at 0x7f647a1363c0>,3,22,[1 7],4,4,26,0,4
1,<environment.Job instance at 0x7f647a136460>,4,20,[2 7],5,5,25,0,5
1,<environment.Job instance at 0x7f647a136a50>,11,20,[3 6],12,25,45,13,16
1,<environment.Job instance at 0x7f647a141190>,23,20,[1 6],24,26,46,2,24
1,<environment.Job instance at 0x7f647a141960>,35,21,[5 5],36,45,66,9,37
1,<environment.Job instance at 0x7f647a141b40>,38,22,[1 7],39,46,68,7,39
1,<environment.Job instance at 0x7f647a136780>,12,19,[ 1 12],13,68,87,55,58
1,<environment.Job instance at 0x7f647a114230>,46,18,[8 3],47,58,76,11,58
1,<environment.Job instance at 0x7f647a114780>,55,18,[3 9],56,87,105,31,76
1,<environment.Job instance at 0x7f647a1202d0>,71,21,[5 5],72,87,108,15,79
1,<environment.Job instance at 0x7f647a0d3230>,79,19,[7 5],80,105,124,25,96
1,<environment.Job instance at 0x7f647a1400f0>,82,14,[3 5],83,105,119,22,96
1,<environment.Job instance at 0x7f64791b8230>,115,19,[6 3],116,119,138,3,116
1,<environment.Job instance at 0x7f64791ed5f0>,131,19,[4 8],132,132,151,0,132
1,<environment.Job instance at 0x7f22d8a7a5f0>,5,24,[1 5],6,6,30,0,6
1,<environment.Job instance at 0x7f22d8a7a690>,6,20,[6 1],7,7,27,0,7
1,<environment.Job instance at 0x7f22d8a7a820>,7,25,[6 2],8,8,33,0,8
1,<environment.Job instance at 0x7f22d8a7e280>,23,18,[2 7],24,24,42,0,24
1,<environment.Job instance at 0x7f22d8a7e7d0>,31,20,[11  5],32,33,53,1,32
1,<environment.Job instance at 0x7f22d8a80320>,48,17,[11  1],49,53,70,4,49
1,<environment.Job instance at 0x7f22d8a805a0>,50,22,[2 5],51,51,73,0,51
1,<environment.Job instance at 0x7f22d8a809b0>,57,19,[3 6],58,70,89,12,60
1,<environment.Job instance at 0x7f22d8a80f00>,65,20,[2 6],66,73,93,7,67
1,<environment.Job instance at 0x7f22e21f2230>,0,28,[9 3],1,74,102,73,74
1,<environment.Job instance at 0x7f22d8a829b0>,80,21,[2 6],81,89,110,8,84
1,<environment.Job instance at 0x7f22d8a82d20>,84,21,[3 8],85,102,123,17,97
1,<environment.Job instance at 0x7f22d8a80af0>,58,27,[ 2 14],59,123,150,64,121
1,<environment.Job instance at 0x7f22d8a864b0>,95,15,[5 7],96,150,165,54,136
1,<environment.Job instance at 0x7f22d8a86730>,98,17,[5 5],99,150,167,51,138
1,<environment.Job instance at 0x7f22d8a80c30>,1,14,[1 8],2,2,16,0,2
1,<environment.Job instance at 0x7f22d8afe640>,9,14,[11  3],10,10,24,0,10
1,<environment.Job instance at 0x7f22d84d99b0>,30,22,[6 2],31,31,53,0,31
1,<environment.Job instance at 0x7f22d818b140>,44,12,[1 7],45,45,57,0,45
1,<environment.Job instance at 0x7f22d8bc7a50>,0,15,[12  4],1,65,80,64,65
1,<environment.Job instance at 0x7f22d852d140>,65,27,[1 6],66,66,93,0,66
1,<environment.Job instance at 0x7f22d8585320>,68,23,[7 4],69,80,103,11,74
1,<environment.Job instance at 0x7f22d8526730>,82,20,[1 7],83,93,113,10,84
1,<environment.Job instance at 0x7f22d8705410>,101,25,[7 3],102,102,127,0,102
1,<environment.Job instance at 0x7f22d8526a00>,105,14,[11  5],106,127,141,21,112
1,<environment.Job instance at 0x7f22d8fa6460>,108,21,[2 9],109,113,134,4,112
1,<environment.Job instance at 0x7f22d9034320>,114,22,[4 8],115,134,156,19,127
1,<environment.Job instance at 0x7f22d86544b0>,119,15,[3 6],120,141,156,21,131
1,<environment.Job instance at 0x7f22d818ceb0>,1,17,[10  5],2,2,19,0,2
1,<environment.Job instance at 0x7f22d818c870>,0,12,[14  2],1,19,31,18,5
1,<environment.Job instance at 0x7f22d86fc640>,5,19,[1 5],6,13,32,7,13
1,<environment.Job instance at 0x7f22d81a4e10>,14,13,[2 8],15,31,44,16,16
1,<environment.Job instance at 0x7f22d81a47d0>,8,15,[12  4],9,32,47,23,19
1,<environment.Job instance at 0x7f22d81a8640>,27,15,[11  1],28,47,62,19,37
1,<environment.Job instance at 0x7f22d88caa00>,52,16,[5 4],53,62,78,9,54
1,<environment.Job instance at 0x7f22d81a8820>,37,23,[10  2],38,62,85,24,56
1,<environment.Job instance at 0x7f22d88fd500>,70,14,[14  4],71,85,99,14,71
1,<environment.Job instance at 0x7f22d88fdcd0>,59,19,[11  1],60,99,118,39,97
1,<environment.Job instance at 0x7f22d819c370>,73,20,[2 5],74,102,122,28,102
1,<environment.Job instance at 0x7f22d819cf00>,74,14,[12  4],75,118,132,43,103
1,<environment.Job instance at 0x7f22d81309b0>,80,20,[5 5],81,132,152,51,123
1,<environment.Job instance at 0x7f22d88b8af0>,92,21,[5 5],93,132,153,39,124
1,<environment.Job instance at 0x7f22d80f3f00>,98,20,[9 4],99,152,172,53,143
1,<environment.Job instance at 0x7f22d82b19b0>,110,19,[3 5],111,153,172,42,143
1,<environment.Job instance at 0x7f22d85d5cd0>,0,26,[ 3 12],1,1,27,0,1
1,<environment.Job instance at 0x7f22d8a2ed20>,12,14,[ 4 10],13,27,41,14,13
1,<environment.Job instance at 0x7f22d85d5190>,1,12,[11  4],2,27,39,25,14
1,<environment.Job instance at 0x7f22d8526a50>,23,21,[5 4],24,39,60,15,31
1,<environment.Job instance at 0x7f22d848a6e0>,24,14,[5 1],25,39,53,14,31
1,<environment.Job instance at 0x7f22d85cc820>,25,19,[9 3],26,53,72,27,44
1,<environment.Job instance at 0x7f22d92cb5f0>,48,19,[3 7],49,60,79,11,51
1,<environment.Job instance at 0x7f22d843a140>,50,19,[5 1],51,72,91,21,62
1,<environment.Job instance at 0x7f22d8549280>,53,14,[2 5],54,62,76,8,62
1,<environment.Job instance at 0x7f22d86a7050>,56,19,[7 2],57,76,95,19,66
1,<environment.Job instance at 0x7f22d85a2320>,10,21,[ 2 12],11,79,100,68,71
1,<environment.Job instance at 0x7f22d86a7780>,60,24,[ 4 13],61,100,124,39,95
1,<environment.Job instance at 0x7f22d86a7c80>,61,23,[9 1],62,95,118,33,95
1,<environment.Job instance at 0x7f22d86a7960>,62,26,[8 1],63,118,144,55,115
1,<environment.Job instance at 0x7f22d86a7cd0>,59,20,[10  5],60,144,164,84,136
1,<environment.Job instance at 0x7f22d8ea0cd0>,1,23,[ 3 10],2,2,25,0,2
1,<environment.Job instance at 0x7f22d8ea01e0>,5,18,[12  1],6,20,38,14,20
1,<environment.Job instance at 0x7f22d8e8b370>,20,23,[11  3],21,38,61,17,33
1,<environment.Job instance at 0x7f22d8ea0c30>,0,25,[ 3 10],1,36,61,35,36
1,<environment.Job instance at 0x7f22d8ea97d0>,31,20,[7 1],32,61,81,29,52
1,<environment.Job instance at 0x7f22d8039280>,58,21,[6 5],59,61,82,2,59
1,<environment.Job instance at 0x7f22d806b460>,67,15,[4 9],68,81,96,13,68
1,<environment.Job instance at 0x7f22d809e640>,76,21,[9 5],77,82,103,5,77
1,<environment.Job instance at 0x7f22d807a140>,83,14,[9 4],84,103,117,19,88
1,<environment.Job instance at 0x7f22d8068410>,89,19,[9 4],90,117,136,27,107
1,<environment.Job instance at 0x7f22d8086960>,104,20,[5 6],105,107,127,2,107
1,<environment.Job instance at 0x7f22d8084c30>,118,23,[4 5],119,127,150,8,121
1,<environment.Job instance at 0x7f22d80855a0>,123,21,[5 2],124,136,157,12,128
1,<environment.Job instance at 0x7f22d8082b90>,138,18,[9 1],139,150,168,11,139
1,<environment.Job instance at 0x7f22d8058cd0>,20,15,[ 5 10],21,21,36,0,21
1,<environment.Job instance at 0x7f22d80d5820>,27,13,[9 3],28,28,41,0,28
1,<environment.Job instance at 0x7f22d80d5140>,30,12,[11  5],31,41,53,10,31
1,<environment.Job instance at 0x7f22d80d55a0>,33,19,[4 8],34,36,55,2,34
1,<environment.Job instance at 0x7f22d80d21e0>,40,14,[5 4],41,53,67,12,41
1,<environment.Job instance at 0x7f22d80ce140>,54,23,[10  4],55,55,78,0,55
1,<environment.Job instance at 0x7f22d80ceaf0>,60,16,[1 5],61,67,83,6,61
1,<environment.Job instance at 0x7f22d80bf960>,73,17,[9 2],74,78,95,4,74
1,<environment.Job instance at 0x7f22d84d4c80>,84,25,[9 3],85,95,120,10,91
1,<environment.Job instance at 0x7f22d84d4c30>,86,19,[ 4 11],87,91,110,4,91
1,<environment.Job instance at 0x7f22d84d45f0>,87,25,[13  4],88,120,145,32,116
1,<environment.Job instance at 0x7f22d84d4e10>,83,19,[2 8],84,127,146,43,127
1,<environment.Job instance at 0x7f22d95ace60>,110,14,[8 1],111,145,159,34,130
1,<environment.Job instance at 0x7f22d95cc140>,117,21,[6 5],118,146,167,28,138
1,<environment.Job instance at 0x7f22d95cc190>,129,19,[2 8],130,159,178,29,149
1,<environment.Job instance at 0x7f22d90e6dc0>,15,19,[8 4],16,16,35,0,16
1,<environment.Job instance at 0x7f22d90e6050>,16,21,[1 9],17,17,38,0,17
1,<environment.Job instance at 0x7f22d843e4b0>,21,16,[2 7],22,38,54,16,25
1,<environment.Job instance at 0x7f22d80b9550>,33,19,[8 2],34,35,54,1,34
1,<environment.Job instance at 0x7f22d803b0f0>,49,22,[7 2],50,54,76,4,50
1,<environment.Job instance at 0x7f22d803b960>,52,14,[7 4],53,54,68,1,53
1,<environment.Job instance at 0x7f22d80933c0>,68,18,[ 1 10],69,69,87,0,69
1,<environment.Job instance at 0x7f22d8093820>,71,18,[11  5],72,76,94,4,72
1,<environment.Job instance at 0x7f22d80844b0>,80,22,[2 9],81,87,109,6,81
1,<environment.Job instance at 0x7f22d8084e60>,84,22,[7 3],85,94,116,9,87
1,<environment.Job instance at 0x7f22d8046cd0>,98,21,[ 3 10],99,109,130,10,101
1,<environment.Job instance at 0x7f22d8046d70>,102,23,[5 5],103,116,139,13,110
1,<environment.Job instance at 0x7f22d8046c80>,103,19,[6 2],104,130,149,26,120
1,<environment.Job instance at 0x7f22d80465a0>,105,13,[3 9],106,139,152,33,123
1,<environment.Job instance at 0x7f22d8ba7be0>,113,20,[10  5],114,149,169,35,140
1,<environment.Job instance at 0x7f22d804b550>,125,20,[5 8],126,152,172,26,143
1,<environment.Job instance at 0x7f22d9566be0>,0,22,[ 3 11],1,2,24,1,2
1,<environment.Job instance at 0x7f22d95e9c80>,9,28,[9 2],10,21,49,11,21
1,<environment.Job instance at 0x7f22d95d3870>,19,19,[8 5],20,49,68,29,39
1,<environment.Job instance at 0x7f22d95e9140>,20,25,[3 8],21,42,67,21,42
1,<environment.Job instance at 0x7f22d9602050>,34,22,[10  5],35,68,90,33,61
1,<environment.Job instance at 0x7f22d9251f50>,40,22,[6 4],41,90,112,49,83
1,<environment.Job instance at 0x7f22d87fe140>,59,19,[3 6],60,85,104,25,85
1,<environment.Job instance at 0x7f22d804ba00>,2,19,[ 4 12],3,112,131,109,102
1,<environment.Job instance at 0x7f22d87fe190>,61,21,[11  1],62,112,133,50,104
1,<environment.Job instance at 0x7f22d87fe690>,62,19,[ 3 11],63,131,150,68,121
1,<environment.Job instance at 0x7f22d87fe460>,60,19,[9 1],61,133,152,72,125
1,<environment.Job instance at 0x7f22d87fe6e0>,66,21,[5 3],67,150,171,83,142
1,<environment.Job instance at 0x7f22d817f320>,87,12,[3 6],88,152,164,64,145
1,<environment.Job instance at 0x7f22d889d370>,8,19,[10  1],9,9,28,0,9
1,<environment.Job instance at 0x7f22d889da50>,15,18,[6 4],16,28,46,12,17
1,<environment.Job instance at 0x7f22d88981e0>,39,13,[1 9],40,40,53,0,40
1,<environment.Job instance at 0x7f22d88983c0>,43,16,[9 3],44,46,62,2,44
1,<environment.Job instance at 0x7f22d8898eb0>,45,22,[6 3],46,53,75,7,46
1,<environment.Job instance at 0x7f22d9657870>,53,22,[5 3],54,62,84,8,55
1,<environment.Job instance at 0x7f22d9657730>,57,13,[3 6],58,62,75,4,58
1,<environment.Job instance at 0x7f22d9657550>,54,20,[4 6],55,75,95,20,66
1,<environment.Job instance at 0x7f22d9657b90>,61,19,[10  3],62,84,103,22,74
1,<environment.Job instance at 0x7f22d896f640>,81,13,[7 2],82,103,116,21,87
1,<environment.Job instance at 0x7f22d9653a50>,82,12,[5 2],83,95,107,12,87
1,<environment.Job instance at 0x7f22d89650a0>,96,22,[4 5],97,107,129,10,100
1,<environment.Job instance at 0x7f22d896f550>,97,19,[2 5],98,103,122,5,100
1,<environment.Job instance at 0x7f22d8965b90>,98,16,[9 3],99,116,132,17,103
1,<environment.Job instance at 0x7f22d8965f50>,100,20,[8 3],101,132,152,31,123
1,<environment.Job instance at 0x7f22d89657d0>,104,18,[2 8],105,129,147,24,123
1,<environment.Job instance at 0x7f22d91d1cd0>,115,19,[5 6],116,147,166,31,137
1,<environment.Job instance at 0x7f22d9276410>,142,15,[4 7],143,152,167,9,143
1,<environment.Job instance at 0x7f22d8020c30>,10,19,[9 5],11,11,30,0,11
1,<environment.Job instance at 0x7f22d80200f0>,12,12,[9 4],13,30,42,17,13
1,<environment.Job instance at 0x7f22d91e65f0>,0,27,[2 5],1,13,40,12,13
1,<environment.Job instance at 0x7f22d80385a0>,29,15,[8 5],30,42,57,12,30
1,<environment.Job instance at 0x7f22d80e5140>,35,19,[3 5],36,36,55,0,36
1,<environment.Job instance at 0x7f22d8c736e0>,41,21,[7 4],42,55,76,13,47
1,<environment.Job instance at 0x7f22d8c53c30>,44,16,[3 5],45,57,73,12,47
1,<environment.Job instance at 0x7f22d8e698c0>,68,19,[11  5],69,76,95,7,69
1,<environment.Job instance at 0x7f22d88d5780>,76,15,[4 9],77,77,92,0,77
1,<environment.Job instance at 0x7f22d8e5b8c0>,82,15,[9 3],83,95,110,12,84
1,<environment.Job instance at 0x7f22d88d5f00>,87,17,[7 1],88,110,127,22,98
1,<environment.Job instance at 0x7f22d88a2230>,91,20,[10  3],92,127,147,35,118
1,<environment.Job instance at 0x7f22d88a2140>,99,21,[7 2],100,147,168,47,139
1,<environment.Job instance at 0x7f22d88a2a00>,104,22,[6 2],105,147,169,42,140
1,<environment.Job instance at 0x7f22d88a2f50>,112,19,[1 7],113,140,159,27,140
1,<environment.Job instance at 0x7f22d96649b0>,1,16,[11  2],2,2,18,0,2
1,<environment.Job instance at 0x7f22d88a2fa0>,5,17,[4 8],6,6,23,0,6
1,<environment.Job instance at 0x7f22d9664e60>,8,18,[5 4],9,18,36,9,9
1,<environment.Job instance at 0x7f22d8fdbeb0>,24,15,[7 2],25,25,40,0,25
1,<environment.Job instance at 0x7f22d8fdba00>,25,19,[10  4],26,40,59,14,31
1,<environment.Job instance at 0x7f22d9664aa0>,7,14,[ 4 14],8,59,73,51,45
1,<environment.Job instance at 0x7f22d8fdbe10>,29,14,[2 9],30,73,87,43,65
1,<environment.Job instance at 0x7f22d9664dc0>,0,16,[13  2],1,76,92,75,76
1,<environment.Job instance at 0x7f22d8fdb690>,28,21,[1 9],29,87,108,58,79
1,<environment.Job instance at 0x7f22d9481be0>,51,21,[2 8],52,108,129,56,100
1,<environment.Job instance at 0x7f22d9481d20>,52,13,[9 1],53,100,113,47,100
1,<environment.Job instance at 0x7f22d9481eb0>,55,23,[1 5],56,100,123,44,100
1,<environment.Job instance at 0x7f22d96640a0>,4,22,[11  4],5,123,145,118,116
1,<environment.Job instance at 0x7f22d8fdb640>,31,25,[ 2 12],32,145,170,113,141
1,<environment.Job instance at 0x7f22d94816e0>,59,25,[8 2],60,145,170,85,141
1,<environment.Job instance at 0x7f22d7eba870>,0,13,[11  1],1,1,14,0,1
1,<environment.Job instance at 0x7f22d94816e0>,2,13,[11  5],3,14,27,11,3
1,<environment.Job instance at 0x7f22d7eba3c0>,5,18,[5 3],6,27,45,21,17
1,<environment.Job instance at 0x7f22d7ebaf00>,10,24,[13  4],11,45,69,34,40
1,<environment.Job instance at 0x7f22d7eba0f0>,12,20,[ 5 11],13,69,89,56,60
1,<environment.Job instance at 0x7f22d7ebad70>,13,21,[13  4],14,89,110,75,81
1,<environment.Job instance at 0x7f22d7ebac80>,14,25,[12  4],15,110,135,95,106
1,<environment.Job instance at 0x7f22d7eba370>,15,14,[1 8],16,106,120,90,106
1,<environment.Job instance at 0x7f22d7eba500>,16,12,[13  4],17,135,147,118,118
1,<environment.Job instance at 0x7f22d7ebab90>,18,13,[ 2 12],19,147,160,128,131
1,<environment.Job instance at 0x7f22d8e45500>,7,20,[12  2],8,8,28,0,8
1,<environment.Job instance at 0x7f22d8e458c0>,20,14,[8 3],21,28,42,7,21
1,<environment.Job instance at 0x7f22d8e45280>,22,21,[1 7],23,24,45,1,24
1,<environment.Job instance at 0x7f22d80d9910>,28,22,[4 5],29,29,51,0,29
1,<environment.Job instance at 0x7f22d80d9e60>,36,22,[7 2],37,42,64,5,37
1,<environment.Job instance at 0x7f22d80d9640>,40,19,[2 5],41,45,64,4,41
1,<environment.Job instance at 0x7f22d80d9d70>,42,21,[4 5],43,51,72,8,43
1,<environment.Job instance at 0x7f22d88e8460>,50,18,[1 8],51,64,82,13,53
1,<environment.Job instance at 0x7f22d8e934b0>,70,20,[6 5],71,72,92,1,71
1,<environment.Job instance at 0x7f22d8e93280>,81,15,[5 8],82,82,97,0,82
1,<environment.Job instance at 0x7f22d93f57d0>,0,19,[ 1 11],1,97,116,96,92
1,<environment.Job instance at 0x7f22d8e45960>,23,22,[8 4],24,95,117,71,95
1,<environment.Job instance at 0x7f22d91c8460>,95,25,[5 1],96,116,141,20,112
1,<environment.Job instance at 0x7f22d91c8780>,96,27,[14  2],97,141,168,44,139
1,<environment.Job instance at 0x7f22d8826550>,4,24,[6 4],5,5,29,0,5
1,<environment.Job instance at 0x7f22d88264b0>,14,17,[7 5],15,17,34,2,17
1,<environment.Job instance at 0x7f22d8826b40>,20,15,[8 2],21,29,44,8,21
1,<environment.Job instance at 0x7f22d8432b40>,27,19,[5 5],28,34,53,6,28
1,<environment.Job instance at 0x7f22d84320f0>,31,15,[5 2],32,44,59,12,32
1,<environment.Job instance at 0x7f22d8432c30>,36,15,[9 4],37,53,68,16,39
1,<environment.Job instance at 0x7f22d88260a0>,16,22,[ 4 11],17,59,81,42,55
1,<environment.Job instance at 0x7f22d8293230>,54,21,[10  2],55,68,89,13,60
1,<environment.Job instance at 0x7f22d82936e0>,55,27,[ 3 12],56,81,108,25,79
1,<environment.Job instance at 0x7f22d8293460>,56,23,[14  3],57,108,131,51,102
1,<environment.Job instance at 0x7f22d8293280>,57,22,[3 7],58,131,153,73,124
1,<environment.Job instance at 0x7f22d82932d0>,58,13,[7 1],59,131,144,72,124
1,<environment.Job instance at 0x7f22d82930f0>,53,19,[9 4],54,144,163,90,135
1,<environment.Job instance at 0x7f22d8c6be10>,83,13,[3 8],84,153,166,69,138
1,<environment.Job instance at 0x7f22d86c3b90>,86,13,[2 6],87,163,176,76,147
1,<environment.Job instance at 0x7f22d856ec30>,11,18,[12  4],12,12,30,0,12
1,<environment.Job instance at 0x7f22d7f552d0>,13,15,[3 5],14,14,29,0,14
1,<environment.Job instance at 0x7f22d856eb40>,18,16,[2 8],19,29,45,10,19
1,<environment.Job instance at 0x7f22d856e050>,19,12,[ 3 12],20,45,57,25,28
1,<environment.Job instance at 0x7f22d856e730>,20,27,[3 6],21,57,84,36,55
1,<environment.Job instance at 0x7f22d9127500>,52,19,[8 2],53,62,81,9,62
1,<environment.Job instance at 0x7f22d86fec80>,69,14,[6 5],70,81,95,11,71
1,<environment.Job instance at 0x7f22d86fe6e0>,77,18,[6 1],78,84,102,6,84
1,<environment.Job instance at 0x7f22d8b13910>,87,13,[1 5],88,88,101,0,88
1,<environment.Job instance at 0x7f22d856e0a0>,16,28,[14  3],17,105,133,88,105
1,<environment.Job instance at 0x7f22d8730410>,104,22,[3 5],105,133,155,28,126
1,<environment.Job instance at 0x7f22d7ffd640>,107,13,[10  2],108,133,146,25,131
1,<environment.Job instance at 0x7f22d9459a00>,109,22,[5 5],110,146,168,36,143
1,<environment.Job instance at 0x7f22d85a3aa0>,113,20,[1 5],114,145,165,31,145
1,<environment.Job instance at 0x7f22d800bc30>,0,23,[ 5 11],1,1,24,0,1
1,<environment.Job instance at 0x7f22e20f81e0>,2,19,[8 1],3,12,31,9,12
1,<environment.Job instance at 0x7f22d91589b0>,1,13,[ 3 13],2,24,37,22,12
1,<environment.Job instance at 0x7f22d8b2ea00>,13,12,[12  1],14,69,81,55,69
1,<environment.Job instance at 0x7f22d8ec98c0>,74,27,[1 9],75,77,104,2,77
1,<environment.Job instance at 0x7f22d9418410>,78,13,[14  1],79,106,119,27,106
1,<environment.Job instance at 0x7f22d9438d20>,106,20,[5 5],107,119,139,12,110
1,<environment.Job instance at 0x7f22d94380f0>,120,13,[5 9],121,121,134,0,121
1,<environment.Job instance at 0x7f22d9418a50>,105,24,[2 5],106,134,158,28,129
1,<environment.Job instance at 0x7f22d9438140>,111,24,[10  4],112,139,163,27,134
1,<environment.Job instance at 0x7f22d9649460>,128,21,[3 6],129,139,160,10,134
1,<environment.Job instance at 0x7f22d908de10>,9,15,[11  5],10,10,25,0,10
1,<environment.Job instance at 0x7f22d908daa0>,13,22,[3 5],14,14,36,0,14
1,<environment.Job instance at 0x7f22d7e716e0>,24,14,[2 6],25,25,39,0,25
1,<environment.Job instance at 0x7f22d7e71690>,38,23,[1 5],39,39,62,0,39
1,<environment.Job instance at 0x7f22d8f75500>,51,18,[6 3],52,52,70,0,52
1,<environment.Job instance at 0x7f22d9212af0>,56,22,[9 5],57,62,84,5,57
1,<environment.Job instance at 0x7f22d9212910>,57,13,[2 7],58,70,83,12,58
1,<environment.Job instance at 0x7f22d8c1f870>,71,20,[2 5],72,83,103,11,77
1,<environment.Job instance at 0x7f22d8c1f050>,95,23,[5 2],96,96,119,0,96
1,<environment.Job instance at 0x7f22d8176190>,94,19,[6 3],95,97,116,2,97
1,<environment.Job instance at 0x7f22d8329d20>,121,13,[8 5],122,122,135,0,122
1,<environment.Job instance at 0x7f22d91ee280>,138,21,[10  3],139,139,160,0,139
1,<environment.Job instance at 0x7f22d7de6230>,0,21,[6 2],1,3,24,2,3
1,<environment.Job instance at 0x7f22d8b52d70>,5,24,[2 9],6,6,30,0,6
1,<environment.Job instance at 0x7f22d924b640>,25,18,[6 4],26,27,45,1,27
1,<environment.Job instance at 0x7f22d7de6410>,3,23,[1 9],4,35,58,31,35
1,<environment.Job instance at 0x7f22d8b48640>,38,17,[10  3],39,45,62,6,39
1,<environment.Job instance at 0x7f22d91eb3c0>,26,21,[ 5 11],27,58,79,31,52
1,<environment.Job instance at 0x7f22d8b33320>,11,26,[7 1],12,62,88,50,59
1,<environment.Job instance at 0x7f22d8b48550>,52,22,[1 6],53,79,101,26,72
1,<environment.Job instance at 0x7f22d93ef050>,61,16,[5 8],62,79,95,17,72
1,<environment.Job instance at 0x7f22d8b34c80>,67,21,[4 5],68,95,116,27,87
1,<environment.Job instance at 0x7f22d8b34960>,71,21,[3 9],72,101,122,29,96
1,<environment.Job instance at 0x7f22d8b59b40>,54,17,[11  5],55,116,133,61,104
1,<environment.Job instance at 0x7f22d9204370>,107,12,[ 3 11],108,133,145,25,116
1,<environment.Job instance at 0x7f22d9204b90>,114,20,[2 7],115,145,165,30,136
1,<environment.Job instance at 0x7f22d9204f50>,6,18,[8 3],7,7,25,0,7
1,<environment.Job instance at 0x7f22d80315a0>,15,18,[3 9],16,16,34,0,16
1,<environment.Job instance at 0x7f22d8031c80>,20,12,[11  2],21,25,37,4,21
1,<environment.Job instance at 0x7f22d8031550>,31,21,[5 5],32,37,58,5,32
1,<environment.Job instance at 0x7f22d8017c80>,39,19,[7 5],40,40,59,0,40
1,<environment.Job instance at 0x7f22d8017370>,42,14,[3 5],43,43,57,0,43
1,<environment.Job instance at 0x7f22d8017320>,52,15,[11  2],53,59,74,6,53
1,<environment.Job instance at 0x7f22d85c8230>,70,21,[11  2],71,74,95,3,71
1,<environment.Job instance at 0x7f22d85a2690>,79,23,[3 5],80,80,103,0,80
1,<environment.Job instance at 0x7f22d85a2aa0>,92,12,[14  2],93,103,115,10,93
1,<environment.Job instance at 0x7f22d7f2ceb0>,93,27,[ 3 12],94,115,142,21,113
1,<environment.Job instance at 0x7f22d85a2550>,75,19,[6 3],76,138,157,62,138
1,<environment.Job instance at 0x7f22d7f2c3c0>,91,19,[4 8],92,142,161,50,139
1,<environment.Job instance at 0x7f22d88ea190>,111,16,[3 9],112,161,177,49,148
1,<environment.Job instance at 0x7f22d7f52a00>,120,19,[5 3],121,148,167,27,148
1,<environment.Job instance at 0x7f22d7f527d0>,2,24,[9 3],3,3,27,0,3
1,<environment.Job instance at 0x7f22d8f7e550>,0,26,[ 5 11],1,3,29,2,3
1,<environment.Job instance at 0x7f22d80ded70>,11,19,[10  5],12,29,48,17,19
1,<environment.Job instance at 0x7f22d7f52d20>,3,21,[5 6],4,29,50,25,25
1,<environment.Job instance at 0x7f22d80e54b0>,22,17,[13  3],23,50,67,27,39
1,<environment.Job instance at 0x7f22d80e5b40>,31,13,[8 2],32,67,80,35,51
1,<environment.Job instance at 0x7f22d80e5410>,21,13,[ 4 11],22,67,80,45,51
1,<environment.Job instance at 0x7f22d80e5960>,32,13,[4 8],33,80,93,47,65
1,<environment.Job instance at 0x7f22d80e56e0>,24,26,[ 1 12],25,93,119,68,90
1,<environment.Job instance at 0x7f22d80e5e60>,40,20,[13  3],41,93,113,52,90
1,<environment.Job instance at 0x7f22d80dee10>,19,18,[12  2],20,113,131,93,106
1,<environment.Job instance at 0x7f22d80e5640>,23,25,[5 5],24,131,156,107,127
1,<environment.Job instance at 0x7f22d810c690>,71,25,[2 9],72,127,152,55,127
1,<environment.Job instance at 0x7f22d810c5f0>,70,13,[9 5],71,152,165,81,136
1,<environment.Job instance at 0x7f22d887c820>,113,13,[4 6],114,156,169,42,140
1,<environment.Job instance at 0x7f0aaefa4320>,1,22,[11  3],2,2,24,0,2
1,<environment.Job instance at 0x7f0aa582c6e0>,6,20,[6 1],7,24,44,17,15
1,<environment.Job instance at 0x7f0aa5830230>,23,18,[2 7],24,24,42,0,24
1,<environment.Job instance at 0x7f0aa5830780>,31,20,[11  5],32,44,64,12,35
1,<environment.Job instance at 0x7f0aa5832460>,50,22,[2 5],51,51,73,0,51
1,<environment.Job instance at 0x7f0aa58322d0>,48,17,[11  1],49,64,81,15,52
1,<environment.Job instance at 0x7f0aa5832910>,57,19,[3 6],58,73,92,15,68
1,<environment.Job instance at 0x7f0aa58329b0>,59,21,[2 7],60,81,102,21,73
1,<environment.Job instance at 0x7f0aa58326e0>,55,20,[13  1],56,92,112,36,83
1,<environment.Job instance at 0x7f0aa5832dc0>,65,20,[2 6],66,102,122,36,93
1,<environment.Job instance at 0x7f0aa5835820>,80,21,[2 6],81,112,133,31,104
1,<environment.Job instance at 0x7f0aa5832e60>,66,21,[13  3],67,122,143,55,114
1,<environment.Job instance at 0x7f0aa5835b40>,84,21,[3 8],85,143,164,58,135
1,<environment.Job instance at 0x7f0aa5837370>,95,15,[5 7],96,143,158,47,135
1,<environment.Job instance at 0x7f0aa5837550>,98,17,[5 5],99,158,175,59,146
1,<environment.Job instance at 0x7f0aa583bb90>,131,20,[5 3],132,164,184,32,155
1,<environment.Job instance at 0x7f0aa5c991e0>,12,26,[1 6],13,13,39,0,13
1,<environment.Job instance at 0x7f0aa5c99e10>,20,22,[6 2],21,29,51,8,29
1,<environment.Job instance at 0x7f0aa4f550a0>,30,24,[7 2],31,31,55,0,31
1,<environment.Job instance at 0x7f0aa52d7e60>,34,12,[1 7],35,39,51,4,35
1,<environment.Job instance at 0x7f0aa5408be0>,51,15,[12  3],52,55,70,3,52
1,<environment.Job instance at 0x7f0aa4f1c640>,55,27,[1 6],56,56,83,0,56
1,<environment.Job instance at 0x7f0aa532cd20>,72,20,[1 7],73,73,93,0,73
1,<environment.Job instance at 0x7f0aa53858c0>,98,21,[2 9],99,99,120,0,99
1,<environment.Job instance at 0x7f0aa5329fa0>,58,23,[7 4],59,107,130,48,107
1,<environment.Job instance at 0x7f0aa531ceb0>,104,22,[4 8],105,120,142,15,113
1,<environment.Job instance at 0x7f0aa54a6e10>,109,15,[3 6],110,130,145,20,116
1,<environment.Job instance at 0x7f0aa5bc6cd0>,111,23,[2 6],112,142,165,30,136
1,<environment.Job instance at 0x7f0aa5c71550>,134,24,[5 1],135,136,160,1,136
1,<environment.Job instance at 0x7f0aa5cf2a50>,141,17,[10  5],142,160,177,18,148
1,<environment.Job instance at 0x7f0aa5cf2780>,145,19,[1 5],146,165,184,19,155
1,<environment.Job instance at 0x7f0aa4eda460>,0,20,[ 5 13],1,1,21,0,1
1,<environment.Job instance at 0x7f0aa5d240f0>,2,23,[11  2],3,21,44,18,16
1,<environment.Job instance at 0x7f0aa5d24550>,1,24,[ 2 13],2,21,45,19,19
1,<environment.Job instance at 0x7f0aa4f1c7d0>,32,16,[5 4],33,45,61,12,33
1,<environment.Job instance at 0x7f0aa5677c30>,49,22,[8 3],50,50,72,0,50
1,<environment.Job instance at 0x7f0aa5678b40>,53,20,[2 5],54,54,74,0,54
1,<environment.Job instance at 0x7f0aa5678640>,60,20,[5 5],61,61,81,0,61
1,<environment.Job instance at 0x7f0aa567eaa0>,72,21,[5 5],73,73,94,0,73
1,<environment.Job instance at 0x7f0aa6314230>,78,20,[9 4],79,81,101,2,79
1,<environment.Job instance at 0x7f0aa5423190>,90,19,[3 5],91,94,113,3,91
1,<environment.Job instance at 0x7f0aa64772d0>,83,24,[13  5],84,113,137,29,108
1,<environment.Job instance at 0x7f0aa4f7e280>,104,19,[1 7],105,110,129,5,110
1,<environment.Job instance at 0x7f0aa4e8edc0>,118,15,[5 8],119,137,152,18,123
1,<environment.Job instance at 0x7f0aa4e8e410>,120,20,[10  4],121,137,157,16,132
1,<environment.Job instance at 0x7f0aa4e8e5a0>,121,16,[6 3],122,157,173,35,144
1,<environment.Job instance at 0x7f0aa5239730>,1,17,[11  1],2,2,19,0,2
1,<environment.Job instance at 0x7f0aa4fc53c0>,18,19,[3 7],19,19,38,0,19
1,<environment.Job instance at 0x7f0aa4f14d70>,20,19,[5 1],21,21,40,0,21
1,<environment.Job instance at 0x7f0aa4f14dc0>,23,14,[2 5],24,24,38,0,24
1,<environment.Job instance at 0x7f0aa4f14960>,26,19,[7 2],27,38,57,11,28
1,<environment.Job instance at 0x7f0aa514c780>,32,26,[8 1],33,40,66,7,37
1,<environment.Job instance at 0x7f0aa514c2d0>,33,19,[11  5],34,66,85,32,56
1,<environment.Job instance at 0x7f0aa4eaa550>,50,27,[12  2],51,85,112,34,83
1,<environment.Job instance at 0x7f0aa4eaa780>,51,25,[12  4],52,112,137,60,109
1,<environment.Job instance at 0x7f0aa4eaac80>,52,27,[7 2],53,137,164,84,135
1,<environment.Job instance at 0x7f0aa4eaa190>,53,24,[ 2 13],54,137,161,83,136
1,<environment.Job instance at 0x7f0aa4eaa320>,54,19,[11  1],55,164,183,109,154
1,<environment.Job instance at 0x7f0aa4eaadc0>,55,23,[ 3 14],56,164,187,108,158
1,<environment.Job instance at 0x7f0aa51dd460>,18,21,[6 5],19,19,40,0,19
1,<environment.Job instance at 0x7f0aa51e7910>,27,15,[4 9],28,28,43,0,28
1,<environment.Job instance at 0x7f0aa51ddd20>,15,23,[11  2],16,40,63,24,37
1,<environment.Job instance at 0x7f0aa5557820>,49,19,[9 4],50,63,82,13,53
1,<environment.Job instance at 0x7f0aa4e2be10>,64,20,[5 6],65,65,85,0,65
1,<environment.Job instance at 0x7f0aa4e377d0>,83,21,[5 2],84,84,105,0,84
1,<environment.Job instance at 0x7f0aa4e32f50>,98,18,[9 1],99,99,117,0,99
1,<environment.Job instance at 0x7f0aa51f2820>,38,26,[12  2],39,131,157,92,131
1,<environment.Job instance at 0x7f0aa4e33550>,131,28,[14  2],132,157,185,25,156
1,<environment.Job instance at 0x7f0aa4e0ef50>,3,25,[2 7],4,4,29,0,4
1,<environment.Job instance at 0x7f0aa4e0e0a0>,4,23,[10  4],5,7,30,2,7
1,<environment.Job instance at 0x7f0aa4e09690>,10,16,[1 5],11,29,45,18,16
1,<environment.Job instance at 0x7f0aa4e85320>,23,17,[9 2],24,30,47,6,24
1,<environment.Job instance at 0x7f0aa4e85780>,28,21,[9 4],29,47,68,18,39
1,<environment.Job instance at 0x7f0aa4e85820>,33,19,[2 8],34,51,70,17,51
1,<environment.Job instance at 0x7f0aa4e71f50>,60,14,[8 1],61,68,82,7,61
1,<environment.Job instance at 0x7f0aa5585a50>,67,21,[6 5],68,70,91,2,68
1,<environment.Job instance at 0x7f0aa5585280>,79,19,[2 8],80,82,101,2,80
1,<environment.Job instance at 0x7f0aa4e09be0>,11,21,[12  3],12,91,112,79,87
1,<environment.Job instance at 0x7f0aa4e4e0a0>,88,16,[2 5],89,101,117,12,89
1,<environment.Job instance at 0x7f0aa4e4e3c0>,91,20,[9 5],92,112,132,20,103
1,<environment.Job instance at 0x7f0aa4e09b40>,7,24,[3 6],8,117,141,109,115
1,<environment.Job instance at 0x7f0aa4e4eaa0>,99,26,[2 7],100,132,158,32,129
1,<environment.Job instance at 0x7f0aa4e4ef50>,96,19,[10  5],97,141,160,44,134
1,<environment.Job instance at 0x7f0aa5572d70>,115,19,[8 4],116,160,179,44,150
1,<environment.Job instance at 0x7f0aa4e51fa0>,92,26,[7 3],93,160,186,67,157
1,<environment.Job instance at 0x7f0aa61bd500>,8,18,[ 1 10],9,9,27,0,9
1,<environment.Job instance at 0x7f0aa4e383c0>,11,18,[11  5],12,12,30,0,12
1,<environment.Job instance at 0x7f0aa4e385a0>,20,22,[2 9],21,27,49,6,21
1,<environment.Job instance at 0x7f0aa4dfb960>,24,22,[7 3],25,30,52,5,25
1,<environment.Job instance at 0x7f0aa4deae60>,42,23,[5 5],43,49,72,6,43
1,<environment.Job instance at 0x7f0aa4dea730>,43,19,[6 2],44,52,71,8,44
1,<environment.Job instance at 0x7f0aa4dea8c0>,54,22,[ 1 14],55,72,94,17,65
1,<environment.Job instance at 0x7f0aa5c58d70>,55,24,[13  4],56,94,118,38,89
1,<environment.Job instance at 0x7f0aa5c58190>,56,24,[ 4 13],57,118,142,61,113
1,<environment.Job instance at 0x7f0aa5c58cd0>,57,19,[ 5 14],58,142,161,84,132
1,<environment.Job instance at 0x7f0aa5c58f50>,58,19,[14  3],59,161,180,102,151
1,<environment.Job instance at 0x7f0aa5db7370>,1,15,[11  5],2,2,17,0,2
1,<environment.Job instance at 0x7f0aa5f74460>,10,22,[3 9],11,11,33,0,11
1,<environment.Job instance at 0x7f0aa5fa8370>,5,20,[12  3],6,17,37,11,11
1,<environment.Job instance at 0x7f0aa5f74aa0>,17,12,[3 6],18,33,45,15,23
1,<environment.Job instance at 0x7f0aa5c7ccd0>,21,21,[5 9],22,37,58,15,29
1,<environment.Job instance at 0x7f0aa54ca190>,33,21,[6 3],34,45,66,11,37
1,<environment.Job instance at 0x7f0aa57da7d0>,54,22,[6 4],55,58,80,3,55
1,<environment.Job instance at 0x7f0aa57daf00>,55,18,[6 2],56,66,84,10,56
1,<environment.Job instance at 0x7f0aa57f20a0>,56,12,[1 5],57,58,70,1,57
1,<environment.Job instance at 0x7f0aa57f25f0>,59,19,[3 6],60,70,89,10,60
1,<environment.Job instance at 0x7f0aa5721960>,79,18,[4 9],80,84,102,4,80
1,<environment.Job instance at 0x7f0aa571d5f0>,88,19,[10  1],89,89,108,0,89
1,<environment.Job instance at 0x7f0aa571daa0>,95,18,[6 4],96,108,126,12,97
1,<environment.Job instance at 0x7f0aa5f40c80>,0,21,[ 1 11],1,102,123,101,97
1,<environment.Job instance at 0x7f0aa571db90>,97,13,[12  5],98,126,139,28,110
1,<environment.Job instance at 0x7f0aa571faf0>,119,13,[1 9],120,123,136,3,120
1,<environment.Job instance at 0x7f0aa571fdc0>,123,16,[9 3],124,139,155,15,126
1,<environment.Job instance at 0x7f0aa5f88280>,23,21,[2 6],24,136,157,112,128
1,<environment.Job instance at 0x7f0aa571ffa0>,127,20,[3 7],128,155,175,27,146
1,<environment.Job instance at 0x7f0aa575d640>,0,12,[ 3 11],1,1,13,0,1
1,<environment.Job instance at 0x7f0aa57143c0>,1,13,[7 2],2,2,15,0,2
1,<environment.Job instance at 0x7f0aa575daa0>,2,12,[5 2],3,3,15,0,3
1,<environment.Job instance at 0x7f0aa5760460>,16,22,[4 5],17,17,39,0,17
1,<environment.Job instance at 0x7f0aa5760f00>,17,19,[2 5],18,18,37,0,18
1,<environment.Job instance at 0x7f0aa5760eb0>,18,16,[9 3],19,19,35,0,19
1,<environment.Job instance at 0x7f0aa5760c30>,24,18,[2 8],25,37,55,12,29
1,<environment.Job instance at 0x7f0aa5760320>,25,21,[12  3],26,39,60,13,35
1,<environment.Job instance at 0x7f0aa5ca3960>,35,19,[5 6],36,60,79,24,50
1,<environment.Job instance at 0x7f0aa5c6a730>,62,15,[4 7],63,64,79,1,64
1,<environment.Job instance at 0x7f0aa575d230>,20,20,[8 3],21,79,99,58,71
1,<environment.Job instance at 0x7f0aa5760280>,26,28,[6 2],27,83,111,56,83
1,<environment.Job instance at 0x7f0aa5fec730>,80,19,[9 5],81,99,118,18,89
1,<environment.Job instance at 0x7f0aa54f4af0>,99,15,[8 5],100,118,133,18,104
1,<environment.Job instance at 0x7f0aa5f155a0>,105,19,[3 5],106,111,130,5,106
1,<environment.Job instance at 0x7f0aa5f15500>,111,21,[7 4],112,130,151,18,122
1,<environment.Job instance at 0x7f0aa5f15910>,114,16,[3 5],115,133,149,18,122
1,<environment.Job instance at 0x7f0aa57fa5f0>,146,15,[4 9],147,149,164,2,147
1,<environment.Job instance at 0x7f0aa5f74f00>,0,27,[5 8],1,1,28,0,1
1,<environment.Job instance at 0x7f0aa4f11fa0>,4,19,[11  5],5,28,47,23,18
1,<environment.Job instance at 0x7f0aa5fcaaa0>,7,19,[11  4],8,47,66,39,37
1,<environment.Job instance at 0x7f0aa4f30c30>,9,21,[7 2],10,66,87,56,58
1,<environment.Job instance at 0x7f0aa57b6c30>,11,24,[4 5],12,58,82,46,58
1,<environment.Job instance at 0x7f0aa5fedc30>,14,22,[6 2],15,82,104,67,75
1,<environment.Job instance at 0x7f0aa5fed460>,15,26,[2 8],16,75,101,59,75
1,<environment.Job instance at 0x7f0aa5fed500>,16,23,[4 7],17,101,124,84,95
1,<environment.Job instance at 0x7f0aa54f21e0>,22,19,[1 7],23,104,123,81,95
1,<environment.Job instance at 0x7f0aa54f2820>,23,18,[11  3],24,123,141,99,112
1,<environment.Job instance at 0x7f0aa54f2e60>,24,13,[7 5],25,141,154,116,125
1,<environment.Job instance at 0x7f0aa5fdb9b0>,36,20,[2 8],37,125,145,88,125
1,<environment.Job instance at 0x7f0aa62b5d70>,52,19,[11  4],53,154,173,101,144
1,<environment.Job instance at 0x7f0aa5081230>,65,17,[4 8],66,155,172,89,155
1,<environment.Job instance at 0x7f0aa640faa0>,1,19,[7 5],2,2,21,0,2
1,<environment.Job instance at 0x7f0aa57d8f00>,9,15,[6 2],10,10,25,0,10
1,<environment.Job instance at 0x7f0aa57d84b0>,18,13,[4 7],19,21,34,2,19
1,<environment.Job instance at 0x7f0aa5191320>,33,22,[6 2],34,34,56,0,34
1,<environment.Job instance at 0x7f0aa5191eb0>,44,19,[4 7],45,45,64,0,45
1,<environment.Job instance at 0x7f0aa5978a00>,55,18,[5 3],56,56,74,0,56
1,<environment.Job instance at 0x7f0aa5978be0>,57,20,[3 9],58,64,84,6,58
1,<environment.Job instance at 0x7f0aaea6fb90>,65,14,[1 8],66,84,98,18,69
1,<environment.Job instance at 0x7f0aaea6faa0>,81,14,[1 7],82,84,98,2,82
1,<environment.Job instance at 0x7f0aa544c0f0>,85,22,[1 7],86,98,120,12,91
1,<environment.Job instance at 0x7f0aa544c780>,101,19,[14  3],102,105,124,3,105
1,<environment.Job instance at 0x7f0aa519cd20>,104,19,[2 8],105,124,143,19,114
1,<environment.Job instance at 0x7f0aa519c690>,115,13,[5 9],116,143,156,27,127
1,<environment.Job instance at 0x7f0aa519c960>,117,21,[5 9],118,156,177,38,148
1,<environment.Job instance at 0x7f0aa4e62aa0>,127,13,[6 2],128,148,161,20,148
1,<environment.Job instance at 0x7f0aa4e62780>,128,21,[2 5],129,161,182,32,153
1,<environment.Job instance at 0x7f0aa59781e0>,1,20,[2 5],2,2,22,0,2
1,<environment.Job instance at 0x7f0aa4c611e0>,0,25,[5 4],1,2,27,1,2
1,<environment.Job instance at 0x7f0aa52d02d0>,28,22,[4 6],29,30,52,1,30
1,<environment.Job instance at 0x7f0aa56015a0>,35,14,[10  5],36,36,50,0,36
1,<environment.Job instance at 0x7f0aa4c61a50>,8,24,[5 3],9,50,74,41,45
1,<environment.Job instance at 0x7f0aa52f1550>,60,14,[8 3],61,61,75,0,61
1,<environment.Job instance at 0x7f0aa52f1eb0>,62,21,[1 7],63,63,84,0,63
1,<environment.Job instance at 0x7f0aa52f1e60>,63,22,[8 4],64,75,97,11,69
1,<environment.Job instance at 0x7f0aa52f1aa0>,68,22,[4 5],69,84,106,15,78
1,<environment.Job instance at 0x7f0aa55f1320>,76,22,[7 2],77,97,119,20,90
1,<environment.Job instance at 0x7f0aa55f1e60>,80,19,[2 5],81,90,109,9,90
1,<environment.Job instance at 0x7f0aa55f1550>,82,21,[4 5],83,106,127,23,98
1,<environment.Job instance at 0x7f0aa578c9b0>,90,18,[1 8],91,109,127,18,105
1,<environment.Job instance at 0x7f0aa6403190>,110,20,[6 5],111,127,147,16,118
1,<environment.Job instance at 0x7f0aa4d15e10>,121,15,[5 8],122,127,142,5,123
1,<environment.Job instance at 0x7f0aa56c1370>,131,20,[10  1],132,147,167,15,138
1,<environment.Job instance at 0x7f0aae9f2a00>,134,19,[4 7],135,142,161,7,141
1,<environment.Job instance at 0x7f0aae9f2730>,139,16,[10  3],140,167,183,27,154
1,<environment.Job instance at 0x7f0aa5669c80>,7,17,[6 2],8,8,25,0,8
1,<environment.Job instance at 0x7f0aa4ef4d70>,25,22,[10  4],26,26,48,0,26
1,<environment.Job instance at 0x7f0aa4ef4140>,26,22,[3 8],27,27,49,0,27
1,<environment.Job instance at 0x7f0aa4ef44b0>,44,17,[7 5],45,48,65,3,45
1,<environment.Job instance at 0x7f0aa4f11870>,50,15,[8 2],51,51,66,0,51
1,<environment.Job instance at 0x7f0aa4f11a00>,57,19,[5 5],58,65,84,7,58
1,<environment.Job instance at 0x7f0aa4f11dc0>,61,15,[5 2],62,66,81,4,62
1,<environment.Job instance at 0x7f0aa5755500>,66,15,[9 4],67,81,96,14,67
1,<environment.Job instance at 0x7f0aa5755f50>,83,19,[9 4],84,96,115,12,86
1,<environment.Job instance at 0x7f0aa5b1fbe0>,87,22,[3 7],88,88,110,0,88
1,<environment.Job instance at 0x7f0aa5b1fe60>,88,13,[7 1],89,115,128,26,99
1,<environment.Job instance at 0x7f0aa5b1f6e0>,104,21,[3 5],105,110,131,5,105
1,<environment.Job instance at 0x7f0aa4fb4be0>,113,13,[3 8],114,115,128,1,114
1,<environment.Job instance at 0x7f0aa4fb4230>,116,13,[2 6],117,128,141,11,117
1,<environment.Job instance at 0x7f0aa4fb4910>,117,17,[6 4],118,128,145,10,118
1,<environment.Job instance at 0x7f0aa4fb4780>,123,20,[2 5],124,131,151,7,124
1,<environment.Job instance at 0x7f0aa4fb42d0>,128,16,[8 4],129,145,161,16,132
1,<environment.Job instance at 0x7f0aa5ac37d0>,144,12,[1 7],145,151,163,6,145
1,<environment.Job instance at 0x7f0aa5f80be0>,0,27,[ 4 12],1,1,28,0,1
1,<environment.Job instance at 0x7f0aa57575a0>,11,15,[3 8],12,28,43,16,14
1,<environment.Job instance at 0x7f0aa5757f50>,10,21,[2 7],11,28,49,17,25
1,<environment.Job instance at 0x7f0aa5757870>,15,13,[2 8],16,43,56,27,27
1,<environment.Job instance at 0x7f0aa5757960>,18,14,[1 5],19,49,63,30,35
1,<environment.Job instance at 0x7f0aa5757190>,12,26,[ 3 14],13,63,89,50,60
1,<environment.Job instance at 0x7f0aa51d3370>,33,15,[3 5],34,89,104,55,75
1,<environment.Job instance at 0x7f0aa51d3cd0>,34,14,[12  5],35,89,103,54,75
1,<environment.Job instance at 0x7f0aa5d26500>,35,24,[1 8],36,103,127,67,98
1,<environment.Job instance at 0x7f0aa57575f0>,6,15,[12  2],7,104,119,97,99
1,<environment.Job instance at 0x7f0aa5d26c80>,36,28,[14  3],37,119,147,82,118
1,<environment.Job instance at 0x7f0aa5d26820>,38,16,[2 8],39,147,163,108,134
1,<environment.Job instance at 0x7f0aa5d26780>,39,12,[ 3 12],40,163,175,123,146
1,<environment.Job instance at 0x7f0aa5369230>,12,19,[8 1],13,13,32,0,13
1,<environment.Job instance at 0x7f0aa56e5b40>,25,14,[6 4],26,26,40,0,26
1,<environment.Job instance at 0x7f0aa56e5fa0>,32,16,[11  3],33,40,56,7,33
1,<environment.Job instance at 0x7f0aa5ea5eb0>,44,28,[ 5 13],45,56,84,11,55
1,<environment.Job instance at 0x7f0aa5ea5e10>,41,23,[6 2],42,56,79,14,55
1,<environment.Job instance at 0x7f0aa5ea57d0>,48,17,[13  2],49,84,101,35,77
1,<environment.Job instance at 0x7f0aa56e59b0>,42,21,[7 5],43,101,122,58,94
1,<environment.Job instance at 0x7f0aa5ea5cd0>,49,28,[11  5],50,122,150,72,121
1,<environment.Job instance at 0x7f0aa5ea5460>,60,18,[ 3 10],61,124,142,63,124
1,<environment.Job instance at 0x7f0aa5ea5af0>,45,22,[13  2],46,150,172,104,143
1,<environment.Job instance at 0x7f0aa52311e0>,9,15,[11  5],10,10,25,0,10
1,<environment.Job instance at 0x7f0aa59b44b0>,13,22,[3 5],14,14,36,0,14
1,<environment.Job instance at 0x7f0aa59b45f0>,24,14,[2 6],25,25,39,0,25
1,<environment.Job instance at 0x7f0aa59b4af0>,29,17,[14  5],30,39,56,9,30
1,<environment.Job instance at 0x7f0aa4f85aa0>,38,23,[1 5],39,39,62,0,39
1,<environment.Job instance at 0x7f0aa4f85d70>,51,18,[6 3],52,56,74,4,52
1,<environment.Job instance at 0x7f0aa4f85be0>,56,22,[9 5],57,62,84,5,57
1,<environment.Job instance at 0x7f0aa4f85140>,57,13,[2 7],58,74,87,16,59
1,<environment.Job instance at 0x7f0aa4f52e10>,64,21,[5 7],65,84,105,19,76
1,<environment.Job instance at 0x7f0aa4f52230>,71,20,[2 5],72,87,107,15,78
1,<environment.Job instance at 0x7f0aa4f7c190>,94,19,[6 3],95,98,117,3,98
1,<environment.Job instance at 0x7f0aa4efed20>,121,13,[8 5],122,122,135,0,122
1,<environment.Job instance at 0x7f0aa4efeaf0>,138,21,[10  3],139,139,160,0,139
1,<environment.Job instance at 0x7f0aa5c156e0>,150,21,[6 2],151,160,181,9,152
1,<environment.Job instance at 0x7f0aa5b862d0>,9,15,[10  3],10,10,25,0,10
1,<environment.Job instance at 0x7f0aa5b86320>,15,18,[6 4],16,25,43,9,16
1,<environment.Job instance at 0x7f0aa505f370>,28,17,[10  3],29,43,60,14,31
1,<environment.Job instance at 0x7f0aaea3e5a0>,42,22,[1 6],43,51,73,8,51
1,<environment.Job instance at 0x7f0aaea3ed20>,43,24,[12  2],44,60,84,16,55
1,<environment.Job instance at 0x7f0aa4c598c0>,51,16,[5 8],52,84,100,32,71
1,<environment.Job instance at 0x7f0aa4c59730>,57,21,[4 5],58,84,105,26,77
1,<environment.Job instance at 0x7f0aa4c59af0>,61,21,[3 9],62,100,121,38,94
1,<environment.Job instance at 0x7f0aa6220e60>,0,25,[10  5],1,105,130,104,102
1,<environment.Job instance at 0x7f0aa509bb40>,103,22,[1 7],104,121,143,17,114
1,<environment.Job instance at 0x7f0aa509b410>,104,20,[2 7],105,130,150,25,121
1,<environment.Job instance at 0x7f0aaea3ea50>,36,14,[11  2],37,143,157,106,128
1,<environment.Job instance at 0x7f0aa509bd20>,108,12,[12  3],109,157,169,48,140
1,<environment.Job instance at 0x7f0aa509b5a0>,107,19,[4 8],108,169,188,61,159
1,<environment.Job instance at 0x7f0aa509bcd0>,111,20,[3 6],112,159,179,47,159
1,<environment.Job instance at 0x7f0aa4b7bb40>,0,12,[11  2],1,1,13,0,1
1,<environment.Job instance at 0x7f0aa4b7b8c0>,1,19,[ 5 12],2,13,32,11,3
1,<environment.Job instance at 0x7f0aa58fbeb0>,19,19,[7 5],20,32,51,12,22
1,<environment.Job instance at 0x7f0aa61ee6e0>,55,19,[6 3],56,56,75,0,56
1,<environment.Job instance at 0x7f0aa58fba50>,12,25,[14  3],13,75,100,62,72
1,<environment.Job instance at 0x7f0aa536d6e0>,72,12,[14  2],73,100,112,27,83
1,<environment.Job instance at 0x7f0aa58fb140>,3,12,[ 4 14],4,112,124,108,95
1,<environment.Job instance at 0x7f0aa58fbc30>,13,26,[ 5 14],14,124,150,110,121
1,<environment.Job instance at 0x7f0aa58fb050>,4,16,[14  1],5,150,166,145,138
1,<environment.Job instance at 0x7f0aa4b52d20>,75,21,[12  2],76,166,187,90,159
1,<environment.Job instance at 0x7f0aa627d780>,1,13,[8 2],2,2,15,0,2
1,<environment.Job instance at 0x7f0aa4b527d0>,2,13,[4 8],3,3,16,0,3
1,<environment.Job instance at 0x7f0aa52cc550>,9,22,[7 3],10,15,37,5,10
1,<environment.Job instance at 0x7f0aa52ccc80>,14,22,[ 5 14],15,38,60,23,38
1,<environment.Job instance at 0x7f0aa595ad20>,38,25,[14  2],39,60,85,21,56
1,<environment.Job instance at 0x7f0aae9f1910>,39,19,[ 4 11],40,85,104,45,75
1,<environment.Job instance at 0x7f0aa595a500>,40,13,[9 5],41,104,117,63,88
1,<environment.Job instance at 0x7f0aa595a7d0>,41,25,[2 9],42,104,129,62,100
1,<environment.Job instance at 0x7f0aa595a5a0>,42,21,[ 2 12],43,129,150,86,121
1,<environment.Job instance at 0x7f0aa595a9b0>,43,20,[ 1 13],44,150,170,106,141
1,<environment.Job instance at 0x7f0aa5336910>,20,20,[8 4],21,21,41,0,21
1,<environment.Job instance at 0x7f0aa5309280>,34,20,[11  4],35,41,61,6,35
1,<environment.Job instance at 0x7f0aa5309320>,35,12,[3 8],36,36,48,0,36
1,<environment.Job instance at 0x7f0aa5309d20>,51,18,[13  5],52,61,79,9,52
1,<environment.Job instance at 0x7f0aa5309e60>,52,23,[6 2],53,79,102,26,73
1,<environment.Job instance at 0x7f0aa5309fa0>,53,22,[ 1 13],54,79,101,25,73
1,<environment.Job instance at 0x7f0aa5309d70>,49,18,[9 1],50,101,119,51,92
1,<environment.Job instance at 0x7f0aa53146e0>,63,17,[10  5],64,119,136,55,107
1,<environment.Job instance at 0x7f0aa5314aa0>,69,18,[5 4],70,107,125,37,107
1,<environment.Job instance at 0x7f0aa5318370>,82,23,[1 8],83,125,148,42,122
1,<environment.Job instance at 0x7f0aa5309f50>,54,20,[12  4],55,136,156,81,127
1,<environment.Job instance at 0x7f0aa5bd4a50>,96,13,[11  3],97,156,169,59,140
1,<environment.Job instance at 0x7f90544325f0>,5,24,[1 5],6,6,30,0,6
1,<environment.Job instance at 0x7f9054432690>,6,20,[6 1],7,7,27,0,7
1,<environment.Job instance at 0x7f9054436230>,23,18,[2 7],24,24,42,0,24
1,<environment.Job instance at 0x7f9054438280>,48,17,[11  1],49,49,66,0,49
1,<environment.Job instance at 0x7f9054438500>,50,22,[2 5],51,51,73,0,51
1,<environment.Job instance at 0x7f9054438640>,52,20,[11  3],53,66,86,13,57
1,<environment.Job instance at 0x7f9054438b40>,59,21,[2 7],60,65,86,5,65
1,<environment.Job instance at 0x7f9054438dc0>,65,20,[2 6],66,86,106,20,77
1,<environment.Job instance at 0x7f905443b8c0>,80,21,[2 6],81,86,107,5,81
1,<environment.Job instance at 0x7f9054438be0>,60,28,[13  2],61,106,134,45,105
1,<environment.Job instance at 0x7f9054438af0>,61,23,[ 1 11],62,108,131,46,108
1,<environment.Job instance at 0x7f905443bb90>,84,21,[3 8],85,134,155,49,127
1,<environment.Job instance at 0x7f905443bc30>,86,24,[ 1 11],87,155,179,68,150
1,<environment.Job instance at 0x7f905443e190>,93,20,[12  1],94,150,170,56,150
1,<environment.Job instance at 0x7f905443e1e0>,2,26,[1 6],3,3,29,0,3
1,<environment.Job instance at 0x7f9054ae7820>,10,22,[6 2],11,11,33,0,11
1,<environment.Job instance at 0x7f9053aea280>,24,12,[1 7],25,25,37,0,25
1,<environment.Job instance at 0x7f9053f42730>,45,27,[1 6],46,46,73,0,46
1,<environment.Job instance at 0x7f9053ee93c0>,48,23,[7 4],49,49,72,0,49
1,<environment.Job instance at 0x7f9053f28780>,62,20,[1 7],63,72,92,9,63
1,<environment.Job instance at 0x7f9053e954b0>,88,21,[2 9],89,92,113,3,89
1,<environment.Job instance at 0x7f9053f0f1e0>,99,15,[3 6],100,100,115,0,100
1,<environment.Job instance at 0x7f9054a7f050>,131,17,[10  5],132,133,150,1,133
1,<environment.Job instance at 0x7f9054a7f4b0>,135,19,[1 5],136,136,155,0,136
1,<environment.Job instance at 0x7f905480acd0>,144,13,[2 8],145,150,163,5,145
1,<environment.Job instance at 0x7f9053ae8960>,0,27,[ 4 14],1,1,28,0,1
1,<environment.Job instance at 0x7f9053b26e60>,12,16,[5 4],13,28,44,15,15
1,<environment.Job instance at 0x7f9053aecc80>,40,20,[5 5],41,41,61,0,41
1,<environment.Job instance at 0x7f905494f5a0>,52,21,[5 5],53,53,74,0,53
1,<environment.Job instance at 0x7f9054945140>,58,20,[9 4],59,61,81,2,59
1,<environment.Job instance at 0x7f90549ece60>,83,21,[6 4],84,84,105,0,84
1,<environment.Job instance at 0x7f9054061af0>,98,15,[5 8],99,99,114,0,99
1,<environment.Job instance at 0x7f9053b0c140>,100,20,[10  4],101,105,125,4,101
1,<environment.Job instance at 0x7f9053b88c30>,133,21,[5 4],134,134,155,0,134
1,<environment.Job instance at 0x7f9053b884b0>,135,19,[9 3],136,136,155,0,136
1,<environment.Job instance at 0x7f905408a730>,0,24,[ 4 13],1,1,25,0,1
1,<environment.Job instance at 0x7f9054fe4a00>,8,28,[6 1],9,9,37,0,9
1,<environment.Job instance at 0x7f9054877dc0>,19,19,[9 4],20,25,44,5,20
1,<environment.Job instance at 0x7f9053f56be0>,28,20,[10  3],29,44,64,15,35
1,<environment.Job instance at 0x7f9053f424b0>,38,18,[7 5],39,64,82,25,53
1,<environment.Job instance at 0x7f9053b24640>,53,19,[3 9],54,54,73,0,54
1,<environment.Job instance at 0x7f905d7f4730>,66,18,[11  5],67,82,100,15,71
1,<environment.Job instance at 0x7f9053e7c500>,1,23,[9 1],2,100,123,98,95
1,<environment.Job instance at 0x7f9053afdaa0>,109,19,[11  4],110,123,142,13,113
1,<environment.Job instance at 0x7f9053aa3a50>,115,15,[11  4],116,142,157,26,128
1,<environment.Job instance at 0x7f9053aa3b40>,121,20,[7 1],122,157,177,35,148
1,<environment.Job instance at 0x7f905d7f63c0>,148,21,[6 5],149,157,178,8,149
1,<environment.Job instance at 0x7f9054b20320>,3,14,[9 4],4,4,18,0,4
1,<environment.Job instance at 0x7f9054b11be0>,9,19,[9 4],10,18,37,8,10
1,<environment.Job instance at 0x7f9054b15f00>,24,20,[5 6],25,25,45,0,25
1,<environment.Job instance at 0x7f9054b14af0>,35,15,[11  3],36,45,60,9,36
1,<environment.Job instance at 0x7f9053a3bcd0>,43,21,[5 2],44,60,81,16,52
1,<environment.Job instance at 0x7f9053a6ebe0>,58,18,[9 1],59,60,78,1,59
1,<environment.Job instance at 0x7f9053a37c80>,90,15,[ 5 10],91,91,106,0,91
1,<environment.Job instance at 0x7f9053a3ad20>,97,13,[9 3],98,98,111,0,98
1,<environment.Job instance at 0x7f9053a3abe0>,100,12,[11  5],101,111,123,10,101
1,<environment.Job instance at 0x7f9053a3adc0>,103,19,[4 8],104,106,125,2,104
1,<environment.Job instance at 0x7f9053a3de60>,110,14,[5 4],111,123,137,12,111
1,<environment.Job instance at 0x7f9053a3c140>,124,23,[10  4],125,125,148,0,125
1,<environment.Job instance at 0x7f9053a3ceb0>,130,16,[1 5],131,137,153,6,131
1,<environment.Job instance at 0x7f9053e68140>,143,17,[9 2],144,148,165,4,144
1,<environment.Job instance at 0x7f9053a1c690>,9,24,[5 4],10,10,34,0,10
1,<environment.Job instance at 0x7f9053a1c140>,10,14,[8 1],11,11,25,0,11
1,<environment.Job instance at 0x7f9053a18320>,17,21,[6 5],18,25,46,7,18
1,<environment.Job instance at 0x7f9053a54050>,29,19,[2 8],30,34,53,4,30
1,<environment.Job instance at 0x7f9053a18500>,12,16,[13  2],13,46,62,33,34
1,<environment.Job instance at 0x7f9053a54af0>,38,16,[2 5],39,53,69,14,40
1,<environment.Job instance at 0x7f9053a165f0>,45,15,[13  5],46,62,77,16,48
1,<environment.Job instance at 0x7f9053a16c30>,50,20,[10  2],51,77,97,26,68
1,<environment.Job instance at 0x7f9053a113c0>,65,19,[8 4],66,97,116,31,87
1,<environment.Job instance at 0x7f9053a11320>,66,21,[1 9],67,87,108,20,87
1,<environment.Job instance at 0x7f9053a119b0>,71,16,[2 7],72,108,124,36,95
1,<environment.Job instance at 0x7f9053a8e050>,83,19,[8 2],84,116,135,32,106
1,<environment.Job instance at 0x7f9053a8ad70>,99,22,[7 2],100,124,146,24,117
1,<environment.Job instance at 0x7f9053a862d0>,102,14,[7 4],103,135,149,32,120
1,<environment.Job instance at 0x7f9054b15c80>,118,18,[ 1 10],119,146,164,27,135
1,<environment.Job instance at 0x7f9054b15be0>,121,18,[11  5],122,149,167,27,138
1,<environment.Job instance at 0x7f905488a9b0>,130,22,[2 9],131,164,186,33,157
1,<environment.Job instance at 0x7f905488a780>,134,22,[7 3],135,167,189,32,160
1,<environment.Job instance at 0x7f9053a252d0>,0,14,[13  2],1,3,17,2,3
1,<environment.Job instance at 0x7f905488eaf0>,10,14,[11  5],11,17,31,6,11
1,<environment.Job instance at 0x7f9053a4c230>,17,21,[ 3 10],18,18,39,0,18
1,<environment.Job instance at 0x7f9053a4c280>,20,19,[11  1],21,31,50,10,21
1,<environment.Job instance at 0x7f9053a86f00>,49,19,[8 5],50,50,69,0,50
1,<environment.Job instance at 0x7f90542d9d20>,65,19,[ 5 14],66,69,88,3,66
1,<environment.Job instance at 0x7f905430b640>,66,16,[12  5],67,88,104,21,75
1,<environment.Job instance at 0x7f905430b2d0>,67,12,[ 1 12],68,104,116,36,87
1,<environment.Job instance at 0x7f905430ba00>,70,22,[6 4],71,116,138,45,109
1,<environment.Job instance at 0x7f9054b15d20>,89,19,[3 6],90,116,135,26,109
1,<environment.Job instance at 0x7f9054b15c30>,90,19,[9 1],91,135,154,44,125
1,<environment.Job instance at 0x7f90539f2d20>,96,21,[5 3],97,138,159,41,131
1,<environment.Job instance at 0x7f90542d9820>,55,28,[11  5],56,159,187,103,158
1,<environment.Job instance at 0x7f9054850d20>,5,15,[12  1],6,6,21,0,6
1,<environment.Job instance at 0x7f9054850c30>,9,18,[4 9],10,21,39,11,10
1,<environment.Job instance at 0x7f905482cfa0>,18,19,[10  1],19,21,40,2,19
1,<environment.Job instance at 0x7f9053afb190>,49,13,[1 9],50,50,63,0,50
1,<environment.Job instance at 0x7f9053b047d0>,53,16,[9 3],54,54,70,0,54
1,<environment.Job instance at 0x7f90548310a0>,46,15,[ 1 14],47,70,85,23,56
1,<environment.Job instance at 0x7f9053b09780>,56,20,[14  4],57,85,105,28,76
1,<environment.Job instance at 0x7f9053ad70f0>,57,20,[3 7],58,105,125,47,96
1,<environment.Job instance at 0x7f9053afb550>,58,22,[ 1 11],59,125,147,66,118
1,<environment.Job instance at 0x7f9053b09820>,55,22,[6 3],56,120,142,64,120
1,<environment.Job instance at 0x7f9053ad5a00>,64,20,[4 6],65,147,167,82,138
1,<environment.Job instance at 0x7f9053ad5e10>,67,13,[3 6],68,147,160,79,138
1,<environment.Job instance at 0x7f9053ad71e0>,59,20,[ 3 11],60,167,187,107,158
1,<environment.Job instance at 0x7f9053ad53c0>,2,12,[9 4],3,3,15,0,3
1,<environment.Job instance at 0x7f90548a91e0>,12,22,[11  4],13,15,37,2,13
1,<environment.Job instance at 0x7f90548a9dc0>,19,15,[8 5],20,37,52,17,23
1,<environment.Job instance at 0x7f90548a9410>,25,19,[3 5],26,26,45,0,26
1,<environment.Job instance at 0x7f90548ae050>,31,21,[7 4],32,45,66,13,38
1,<environment.Job instance at 0x7f90548ae500>,34,16,[3 5],35,52,68,17,39
1,<environment.Job instance at 0x7f9054c22460>,66,15,[4 9],67,67,82,0,67
1,<environment.Job instance at 0x7f9054c22960>,72,15,[9 3],73,73,88,0,73
1,<environment.Job instance at 0x7f9054c22be0>,77,17,[7 1],78,88,105,10,78
1,<environment.Job instance at 0x7f90548ae190>,33,15,[ 2 13],34,88,103,54,82
1,<environment.Job instance at 0x7f90548a9730>,24,22,[8 1],25,103,125,78,101
1,<environment.Job instance at 0x7f90548a9370>,32,14,[ 5 11],33,105,119,72,101
1,<environment.Job instance at 0x7f9054c22550>,81,20,[10  3],82,125,145,43,116
1,<environment.Job instance at 0x7f9054e6f870>,87,19,[11  4],88,145,164,57,136
1,<environment.Job instance at 0x7f9054e6f280>,89,21,[7 2],90,164,185,74,156
1,<environment.Job instance at 0x7f9054e6ffa0>,94,22,[6 2],95,164,186,69,157
1,<environment.Job instance at 0x7f9054e4b3c0>,102,19,[1 7],103,157,176,54,157
1,<environment.Job instance at 0x7f9054432640>,3,23,[7 1],4,4,27,0,4
1,<environment.Job instance at 0x7f9053e31cd0>,0,27,[2 5],1,6,33,5,6
1,<environment.Job instance at 0x7f9055023280>,21,21,[2 8],22,22,43,0,22
1,<environment.Job instance at 0x7f9055023230>,22,13,[9 1],23,27,40,4,23
1,<environment.Job instance at 0x7f90550235a0>,27,22,[9 1],28,40,62,12,33
1,<environment.Job instance at 0x7f9054b3e2d0>,45,12,[3 5],46,46,58,0,46
1,<environment.Job instance at 0x7f90543804b0>,40,14,[10  4],41,62,76,21,47
1,<environment.Job instance at 0x7f9055026b40>,52,21,[3 7],53,53,74,0,53
1,<environment.Job instance at 0x7f90539dc410>,53,19,[12  3],54,76,95,22,68
1,<environment.Job instance at 0x7f9055026640>,50,21,[6 5],51,95,116,44,87
1,<environment.Job instance at 0x7f9053a00410>,62,19,[8 1],63,95,114,32,93
1,<environment.Job instance at 0x7f9053a4f140>,71,19,[7 5],72,114,133,42,104
1,<environment.Job instance at 0x7f9053a55f50>,79,15,[6 2],80,116,131,36,104
1,<environment.Job instance at 0x7f9053a825f0>,88,13,[4 7],89,131,144,42,115
1,<environment.Job instance at 0x7f9053a82f50>,103,22,[6 2],104,133,155,29,128
1,<environment.Job instance at 0x7f9053a74820>,114,19,[4 7],115,144,163,29,134
1,<environment.Job instance at 0x7f9053a74fa0>,125,18,[5 3],126,134,152,8,134
1,<environment.Job instance at 0x7f905494f9b0>,135,14,[1 8],136,155,169,19,147
1,<environment.Job instance at 0x7f905493f140>,151,14,[1 7],152,163,177,11,152
1,<environment.Job instance at 0x7f9054ab76e0>,4,19,[2 8],5,5,24,0,5
1,<environment.Job instance at 0x7f9054ab7aa0>,15,13,[5 9],16,24,37,8,16
1,<environment.Job instance at 0x7f905493f140>,18,20,[11  1],19,37,57,18,28
1,<environment.Job instance at 0x7f9054ab7640>,17,21,[5 9],18,57,78,39,52
1,<environment.Job instance at 0x7f9053d613c0>,27,13,[6 2],28,57,70,29,52
1,<environment.Job instance at 0x7f9053d61500>,28,21,[2 5],29,70,91,41,62
1,<environment.Job instance at 0x7f90543bd870>,51,17,[5 7],52,78,95,26,66
1,<environment.Job instance at 0x7f90543bdd20>,54,19,[10  3],55,91,110,36,81
1,<environment.Job instance at 0x7f9054e04b90>,64,20,[2 8],65,95,115,30,86
1,<environment.Job instance at 0x7f9054411c30>,95,14,[10  5],96,110,124,14,96
1,<environment.Job instance at 0x7f90545819b0>,120,14,[8 3],121,124,138,3,121
1,<environment.Job instance at 0x7f9054581be0>,122,21,[1 7],123,123,144,0,123
1,<environment.Job instance at 0x7f9054581280>,128,22,[4 5],129,129,151,0,129
1,<environment.Job instance at 0x7f9054bbf550>,136,22,[7 2],137,138,160,1,137
1,<environment.Job instance at 0x7f9053c4de10>,140,19,[2 5],141,144,163,3,141
1,<environment.Job instance at 0x7f9054b108c0>,142,21,[4 5],143,151,172,8,143
1,<environment.Job instance at 0x7f9054c72370>,150,18,[1 8],151,163,181,12,152
1,<environment.Job instance at 0x7f90538561e0>,0,20,[6 5],1,4,24,3,4
1,<environment.Job instance at 0x7f9054912460>,11,15,[5 8],12,12,27,0,12
1,<environment.Job instance at 0x7f9054912f00>,21,20,[10  1],22,24,44,2,22
1,<environment.Job instance at 0x7f9054912c80>,24,19,[4 7],25,27,46,2,25
1,<environment.Job instance at 0x7f905490fa50>,29,16,[10  3],30,44,60,14,31
1,<environment.Job instance at 0x7f90538e6140>,57,17,[6 2],58,60,77,2,58
1,<environment.Job instance at 0x7f9053899280>,75,22,[10  4],76,77,99,1,76
1,<environment.Job instance at 0x7f9054d80320>,94,17,[7 5],95,99,116,4,95
1,<environment.Job instance at 0x7f90548d8c30>,100,15,[8 2],101,101,116,0,101
1,<environment.Job instance at 0x7f9053871d20>,107,19,[5 5],108,116,135,8,108
1,<environment.Job instance at 0x7f905415b0f0>,111,15,[5 2],112,116,131,4,112
1,<environment.Job instance at 0x7f9053a86230>,116,15,[9 4],117,131,146,14,117
1,<environment.Job instance at 0x7f9054be3410>,133,19,[9 4],134,146,165,12,136
1,<environment.Job instance at 0x7f90538e6d70>,1,15,[11  1],2,2,17,0,2
1,<environment.Job instance at 0x7f9053b43a00>,3,20,[2 5],4,4,24,0,4
1,<environment.Job instance at 0x7f9053b430a0>,8,16,[8 4],9,17,33,8,9
1,<environment.Job instance at 0x7f9054d05690>,24,12,[1 7],25,25,37,0,25
1,<environment.Job instance at 0x7f90542206e0>,50,21,[2 7],51,51,72,0,51
1,<environment.Job instance at 0x7f9054220910>,51,15,[3 8],52,52,67,0,52
1,<environment.Job instance at 0x7f9054220140>,55,13,[2 8],56,67,80,11,56
1,<environment.Job instance at 0x7f90542205a0>,58,14,[1 5],59,72,86,13,59
1,<environment.Job instance at 0x7f9054e20320>,72,19,[10  3],73,80,99,7,73
1,<environment.Job instance at 0x7f9054e20140>,73,15,[3 5],74,80,95,6,74
1,<environment.Job instance at 0x7f9054e20eb0>,78,16,[2 8],79,95,111,16,82
1,<environment.Job instance at 0x7f9054e200f0>,79,12,[ 3 12],80,111,123,31,94
1,<environment.Job instance at 0x7f9054e208c0>,80,27,[3 6],81,123,150,42,121
1,<environment.Job instance at 0x7f90545e10f0>,83,24,[ 5 12],84,150,174,66,145
1,<environment.Job instance at 0x7f9054b46f00>,2,12,[13  2],3,4,16,1,4
1,<environment.Job instance at 0x7f90545e10f0>,3,20,[1 5],4,5,25,1,5
1,<environment.Job instance at 0x7f9054513be0>,7,22,[5 5],8,16,38,8,9
1,<environment.Job instance at 0x7f9054513a00>,10,16,[1 7],11,25,41,14,12
1,<environment.Job instance at 0x7f905d64e8c0>,26,19,[10  5],27,38,57,11,28
1,<environment.Job instance at 0x7f9053dd0960>,55,14,[6 4],56,57,71,1,56
1,<environment.Job instance at 0x7f905505b7d0>,72,21,[7 5],73,73,94,0,73
1,<environment.Job instance at 0x7f9054e4de60>,144,22,[9 5],145,145,167,0,145
1,<environment.Job instance at 0x7f9054e4df00>,146,20,[5 5],147,147,167,0,147
1,<environment.Job instance at 0x7f9054ac3aa0>,29,15,[11  5],30,30,45,0,30
1,<environment.Job instance at 0x7f9054ac3460>,33,22,[3 5],34,34,56,0,34
1,<environment.Job instance at 0x7f90540be050>,44,14,[2 6],45,45,59,0,45
1,<environment.Job instance at 0x7f90540be4b0>,51,23,[6 5],52,56,79,4,52
1,<environment.Job instance at 0x7f9053da40f0>,58,23,[1 5],59,59,82,0,59
1,<environment.Job instance at 0x7f9054d78550>,71,18,[6 3],72,72,90,0,72
1,<environment.Job instance at 0x7f9054d78d20>,76,22,[9 5],77,82,104,5,77
1,<environment.Job instance at 0x7f9054d780a0>,77,13,[2 7],78,90,103,12,78
1,<environment.Job instance at 0x7f9054814370>,101,20,[ 1 10],102,103,123,1,103
1,<environment.Job instance at 0x7f9054727cd0>,102,14,[ 5 12],103,123,137,20,109
1,<environment.Job instance at 0x7f9053eb4fa0>,112,12,[ 3 12],113,137,149,24,120
1,<environment.Job instance at 0x7f90547046e0>,93,22,[11  4],94,149,171,55,142
1,<environment.Job instance at 0x7f90542ade60>,114,19,[6 3],115,171,190,56,161
1,<environment.Job instance at 0x7f90540dcd20>,115,23,[5 2],116,171,194,55,165
1,<environment.Job instance at 0x7f90541c4690>,3,23,[1 9],4,4,27,0,4
1,<environment.Job instance at 0x7f90544af870>,0,21,[6 2],1,4,25,3,4
1,<environment.Job instance at 0x7f90541a8dc0>,19,15,[10  3],20,25,40,5,21
1,<environment.Job instance at 0x7f90541a8f00>,25,18,[6 4],26,40,58,14,29
1,<environment.Job instance at 0x7f9054061190>,38,17,[10  3],39,58,75,19,46
1,<environment.Job instance at 0x7f9054445140>,52,22,[1 6],53,53,75,0,53
1,<environment.Job instance at 0x7f90544451e0>,61,16,[5 8],62,75,91,13,62
1,<environment.Job instance at 0x7f9053de8be0>,67,21,[4 5],68,68,89,0,68
1,<environment.Job instance at 0x7f9053de85a0>,71,21,[3 9],72,91,112,19,83
1,<environment.Job instance at 0x7f90542ee690>,113,22,[1 7],114,114,136,0,114
1,<environment.Job instance at 0x7f90542eeeb0>,114,20,[2 7],115,115,135,0,115
1,<environment.Job instance at 0x7f90542ee4b0>,117,19,[4 8],118,135,154,17,125
1,<environment.Job instance at 0x7f90542ee780>,121,20,[3 6],122,136,156,14,127
1,<environment.Job instance at 0x7f90544e1190>,133,20,[1 6],134,154,174,20,145
1,<environment.Job instance at 0x7f905387dc30>,145,21,[5 5],146,156,177,10,148
1,<environment.Job instance at 0x7f905d556960>,0,12,[11  2],1,1,13,0,1
1,<environment.Job instance at 0x7f9055000dc0>,1,19,[ 5 12],2,13,32,11,3
1,<environment.Job instance at 0x7f9055000320>,11,21,[5 5],12,32,53,20,24
1,<environment.Job instance at 0x7f9054ff2500>,19,19,[7 5],20,32,51,12,24
1,<environment.Job instance at 0x7f9053df1c30>,55,19,[6 3],56,56,75,0,56
1,<environment.Job instance at 0x7f90550006e0>,12,25,[14  3],13,75,100,62,72
1,<environment.Job instance at 0x7f9053df3be0>,72,12,[14  2],73,100,112,27,83
1,<environment.Job instance at 0x7f9055000640>,3,12,[ 4 14],4,112,124,108,95
1,<environment.Job instance at 0x7f9053df3960>,71,19,[4 8],72,124,143,52,119
1,<environment.Job instance at 0x7f9053d11fa0>,91,16,[3 9],92,143,159,51,131
1,<environment.Job instance at 0x7f90537b1e10>,100,19,[5 3],101,131,150,30,131
1,<environment.Job instance at 0x7f9054220910>,111,21,[4 5],112,150,171,38,143
1,<environment.Job instance at 0x7f905414fd20>,133,21,[5 6],134,159,180,25,157
1,<environment.Job instance at 0x7f9053be2c80>,1,22,[10  5],2,2,24,0,2
1,<environment.Job instance at 0x7f9054f283c0>,25,16,[11  1],26,26,42,0,26
1,<environment.Job instance at 0x7f9054f28140>,27,19,[4 6],28,28,47,0,28
1,<environment.Job instance at 0x7f9054f28230>,30,13,[9 5],31,42,55,11,31
1,<environment.Job instance at 0x7f9053be75f0>,52,21,[11  2],53,55,76,2,53
1,<environment.Job instance at 0x7f90545d70f0>,56,14,[2 5],57,57,71,0,57
1,<environment.Job instance at 0x7f9054f35e10>,73,13,[4 6],74,74,87,0,74
1,<environment.Job instance at 0x7f9054d7ab90>,75,18,[2 5],76,76,94,0,76
1,<environment.Job instance at 0x7f9054529780>,79,18,[5 3],80,80,98,0,80
1,<environment.Job instance at 0x7f9054253cd0>,85,13,[11  5],86,98,111,12,86
1,<environment.Job instance at 0x7f9054a43c30>,89,14,[8 3],90,111,125,21,96
1,<environment.Job instance at 0x7f905453b870>,101,24,[1 9],102,102,126,0,102
1,<environment.Job instance at 0x7f9054a6d4b0>,109,14,[10  3],110,125,139,15,110
1,<environment.Job instance at 0x7f9054a4b910>,125,20,[1 7],126,126,146,0,126
1,<environment.Job instance at 0x7f9054a4ba50>,126,21,[3 8],127,139,160,12,131
1,<environment.Job instance at 0x7f90549a3820>,137,20,[5 1],138,146,166,8,138
1,<environment.Job instance at 0x7f90549a3960>,138,20,[1 5],139,146,166,7,139
1,<environment.Job instance at 0x7f9054179f50>,6,19,[11  2],7,7,26,0,7
1,<environment.Job instance at 0x7f9054a68b40>,15,12,[3 8],16,16,28,0,16
1,<environment.Job instance at 0x7f9053a618c0>,14,20,[11  4],15,26,46,11,17
1,<environment.Job instance at 0x7f9053a61460>,22,23,[ 2 12],23,46,69,23,40
1,<environment.Job instance at 0x7f9053a61640>,26,19,[8 2],27,46,65,19,41
1,<environment.Job instance at 0x7f9053a61be0>,27,17,[14  2],28,69,86,41,57
1,<environment.Job instance at 0x7f9053a614b0>,21,27,[11  2],22,86,113,64,84
1,<environment.Job instance at 0x7f9053a616e0>,29,18,[9 1],30,113,131,83,102
1,<environment.Job instance at 0x7f9054172230>,43,17,[10  5],44,131,148,87,119
1,<environment.Job instance at 0x7f905415eaa0>,49,18,[5 4],50,119,137,69,119
1,<environment.Job instance at 0x7f9054185c30>,75,20,[10  1],76,148,168,72,139
1,<environment.Job instance at 0x7f9054185550>,83,20,[6 5],84,168,188,84,159
1,<environment.Job instance at 0x7f905415bc80>,94,17,[5 2],95,159,176,64,159
1,<environment.Job instance at 0x7f905415b8c0>,99,22,[5 2],100,176,198,76,169
1,<environment.Job instance at 0x7f905405e500>,104,19,[3 5],105,169,188,64,169
1,<environment.Job instance at 0x7f9054548870>,2,12,[2 6],3,3,15,0,3
1,<environment.Job instance at 0x7f9054ec9f00>,6,12,[3 7],7,7,19,0,7
1,<environment.Job instance at 0x7f9054ec9fa0>,7,22,[8 3],8,15,37,7,8
1,<environment.Job instance at 0x7f9054ee2410>,12,12,[7 5],13,19,31,6,15
1,<environment.Job instance at 0x7f9054ee2870>,19,15,[7 5],20,31,46,11,20
1,<environment.Job instance at 0x7f9054ee2320>,13,28,[6 4],14,38,66,24,38
1,<environment.Job instance at 0x7f9054ee23c0>,14,20,[ 4 11],15,46,66,31,41
1,<environment.Job instance at 0x7f9054eb8e60>,54,23,[6 5],55,66,89,11,60
1,<environment.Job instance at 0x7f9054eb85f0>,39,23,[3 9],40,66,89,26,61
1,<environment.Job instance at 0x7f9054ee2140>,10,17,[8 3],11,89,106,78,77
1,<environment.Job instance at 0x7f9054ee89b0>,70,20,[4 7],71,89,109,18,80
1,<environment.Job instance at 0x7f9054eb6140>,80,13,[6 2],81,106,119,25,90
1,<environment.Job instance at 0x7f9054ee8320>,67,14,[ 4 13],68,109,123,41,95
1,<environment.Job instance at 0x7f90548a09b0>,104,21,[9 5],105,123,144,18,116
1,<environment.Job instance at 0x7f9054a5b6e0>,133,18,[6 4],134,134,152,0,134
1,<environment.Job instance at 0x7f21aacfd320>,1,22,[11  3],2,2,24,0,2
1,<environment.Job instance at 0x7f21a1585640>,5,24,[1 5],6,6,30,0,6
1,<environment.Job instance at 0x7f21a15856e0>,6,20,[6 1],7,24,44,17,22
1,<environment.Job instance at 0x7f21a1585870>,8,22,[14  3],9,44,66,35,39
1,<environment.Job instance at 0x7f21a15892d0>,23,18,[2 7],24,66,84,42,56
1,<environment.Job instance at 0x7f21a158b4b0>,50,22,[2 5],51,66,88,15,59
1,<environment.Job instance at 0x7f21a158b370>,57,19,[3 6],58,84,103,26,74
1,<environment.Job instance at 0x7f21a158bb40>,59,21,[2 7],60,88,109,28,80
1,<environment.Job instance at 0x7f21a158bf00>,65,20,[2 6],66,103,123,37,94
1,<environment.Job instance at 0x7f21a158e140>,80,21,[2 6],81,109,130,28,101
1,<environment.Job instance at 0x7f21a158eaa0>,84,21,[3 8],85,123,144,38,116
1,<environment.Job instance at 0x7f21a15899b0>,33,16,[ 2 14],34,144,160,110,131
1,<environment.Job instance at 0x7f21a158f370>,95,15,[5 7],96,160,175,64,147
1,<environment.Job instance at 0x7f21a158f4b0>,98,17,[5 5],99,160,177,61,150
1,<environment.Job instance at 0x7f21a158ef50>,91,20,[14  2],92,177,197,85,168
1,<environment.Job instance at 0x7f21a15feaf0>,0,22,[6 2],1,5,27,4,5
1,<environment.Job instance at 0x7f21a1609320>,10,24,[7 2],11,11,35,0,11
1,<environment.Job instance at 0x7f21a16099b0>,14,12,[1 7],15,15,27,0,15
1,<environment.Job instance at 0x7f21a10d6d20>,34,20,[11  4],35,35,55,0,35
1,<environment.Job instance at 0x7f21a0ed94b0>,38,23,[7 4],39,55,78,16,49
1,<environment.Job instance at 0x7f21a1086cd0>,52,20,[1 7],53,53,73,0,53
1,<environment.Job instance at 0x7f21a1025460>,37,19,[12  5],38,78,97,40,68
1,<environment.Job instance at 0x7f21a108ba50>,78,21,[2 9],79,79,100,0,79
1,<environment.Job instance at 0x7f21a10db320>,80,15,[12  2],81,97,112,16,83
1,<environment.Job instance at 0x7f21a103c410>,89,15,[3 6],90,100,115,10,91
1,<environment.Job instance at 0x7f21a107a5a0>,91,23,[2 6],92,112,135,20,106
1,<environment.Job instance at 0x7f21a103cb90>,84,22,[4 8],85,115,137,30,109
1,<environment.Job instance at 0x7f21a1168f50>,114,24,[5 1],115,115,139,0,115
1,<environment.Job instance at 0x7f21a117ad20>,121,17,[10  5],122,137,154,15,125
1,<environment.Job instance at 0x7f21a1661820>,125,19,[1 5],126,139,158,13,129
1,<environment.Job instance at 0x7f21a191faf0>,118,13,[13  3],119,154,167,35,138
1,<environment.Job instance at 0x7f21a1cf01e0>,134,13,[2 8],135,158,171,23,147
1,<environment.Job instance at 0x7f21a0c97500>,9,22,[8 3],10,10,32,0,10
1,<environment.Job instance at 0x7f21a0c04e10>,13,20,[2 5],14,14,34,0,14
1,<environment.Job instance at 0x7f21a0c048c0>,14,14,[12  4],15,32,46,17,18
1,<environment.Job instance at 0x7f21a0c04a50>,22,25,[13  2],23,46,71,23,42
1,<environment.Job instance at 0x7f21a0c041e0>,23,14,[14  3],24,71,85,47,56
1,<environment.Job instance at 0x7f21a0c04dc0>,24,16,[13  2],25,85,101,60,73
1,<environment.Job instance at 0x7f21a0c045f0>,20,20,[5 5],21,101,121,80,92
1,<environment.Job instance at 0x7f21a0c77dc0>,32,21,[5 5],33,101,122,68,94
1,<environment.Job instance at 0x7f21a0c77a50>,38,20,[9 4],39,121,141,82,115
1,<environment.Job instance at 0x7f21a0c77aa0>,50,19,[3 5],51,122,141,71,116
1,<environment.Job instance at 0x7f21a21a2a50>,63,21,[6 4],64,141,162,77,133
1,<environment.Job instance at 0x7f21a1a46870>,64,19,[1 7],65,141,160,76,133
1,<environment.Job instance at 0x7f21a0c04370>,19,24,[8 4],20,141,165,121,140
1,<environment.Job instance at 0x7f21a0c04280>,21,20,[12  3],22,165,185,143,156
1,<environment.Job instance at 0x7f21a1b2eb40>,78,15,[5 8],79,185,200,106,171
1,<environment.Job instance at 0x7f21a1a89870>,81,16,[6 3],82,185,201,103,172
1,<environment.Job instance at 0x7f21a11b1500>,0,19,[ 4 13],1,1,20,0,1
1,<environment.Job instance at 0x7f21a14f2c30>,5,16,[11  2],6,6,22,0,6
1,<environment.Job instance at 0x7f21a0cd6f00>,8,18,[7 5],9,22,40,13,11
1,<environment.Job instance at 0x7f21a1210280>,23,19,[3 9],24,25,44,1,25
1,<environment.Job instance at 0x7f21a188f370>,21,14,[11  3],22,40,54,18,25
1,<environment.Job instance at 0x7f21a153bb40>,25,15,[11  5],26,54,69,28,40
1,<environment.Job instance at 0x7f21a1de52d0>,56,22,[11  4],57,69,91,12,62
1,<environment.Job instance at 0x7f21a11b50a0>,79,19,[11  4],80,91,110,11,81
1,<environment.Job instance at 0x7f21a11b5690>,82,12,[11  4],83,110,122,27,93
1,<environment.Job instance at 0x7f21a11b5910>,91,20,[7 1],92,122,142,30,113
1,<environment.Job instance at 0x7f21a109dd70>,118,21,[6 5],119,122,143,3,119
1,<environment.Job instance at 0x7f21a109d6e0>,127,15,[4 9],128,142,157,14,128
1,<environment.Job instance at 0x7f21a1090280>,136,21,[9 5],137,143,164,6,137
1,<environment.Job instance at 0x7f21a1090780>,143,14,[9 4],144,164,178,20,149
1,<environment.Job instance at 0x7f21a1389320>,3,21,[5 2],4,4,25,0,4
1,<environment.Job instance at 0x7f21a1396230>,18,18,[9 1],19,19,37,0,19
1,<environment.Job instance at 0x7f21a0b45c80>,50,15,[ 5 10],51,51,66,0,51
1,<environment.Job instance at 0x7f21a1396280>,57,13,[9 3],58,58,71,0,58
1,<environment.Job instance at 0x7f21a0b780a0>,60,12,[11  5],61,71,83,10,61
1,<environment.Job instance at 0x7f21a0b78140>,63,19,[4 8],64,66,85,2,64
1,<environment.Job instance at 0x7f21a0b86fa0>,70,14,[5 4],71,83,97,12,71
1,<environment.Job instance at 0x7f21a0b92640>,84,23,[10  4],85,85,108,0,85
1,<environment.Job instance at 0x7f21a1389870>,90,16,[1 5],91,97,113,6,91
1,<environment.Job instance at 0x7f21a0b8abe0>,96,13,[12  5],97,108,121,11,97
1,<environment.Job instance at 0x7f21a0b8eeb0>,110,17,[13  3],111,121,138,10,111
1,<environment.Job instance at 0x7f21a0b8eaf0>,103,17,[9 2],104,138,155,34,131
1,<environment.Job instance at 0x7f21a0b8e190>,112,19,[ 3 11],113,138,157,25,131
1,<environment.Job instance at 0x7f21a0b8e140>,111,23,[12  3],112,155,178,43,149
1,<environment.Job instance at 0x7f21a0b77410>,113,19,[2 8],114,157,176,43,151
1,<environment.Job instance at 0x7f21a0b905a0>,116,19,[ 4 11],117,178,197,61,168
1,<environment.Job instance at 0x7f21a0b8ec30>,108,21,[9 4],109,178,199,69,170
1,<environment.Job instance at 0x7f21a20b5370>,15,19,[8 4],16,16,35,0,16
1,<environment.Job instance at 0x7f21a20b5050>,16,21,[1 9],17,17,38,0,17
1,<environment.Job instance at 0x7f21a20b8dc0>,21,16,[2 7],22,38,54,16,25
1,<environment.Job instance at 0x7f21a20b8820>,33,19,[8 2],34,35,54,1,34
1,<environment.Job instance at 0x7f21a20d55a0>,49,22,[7 2],50,54,76,4,50
1,<environment.Job instance at 0x7f21a20d5820>,52,14,[7 4],53,54,68,1,53
1,<environment.Job instance at 0x7f21a12db460>,68,18,[ 1 10],69,69,87,0,69
1,<environment.Job instance at 0x7f21a12db640>,71,18,[11  5],72,76,94,4,72
1,<environment.Job instance at 0x7f21a12dbeb0>,80,22,[2 9],81,87,109,6,81
1,<environment.Job instance at 0x7f21a12bf8c0>,84,22,[7 3],85,94,116,9,87
1,<environment.Job instance at 0x7f21a12bf6e0>,98,21,[ 3 10],99,109,130,10,101
1,<environment.Job instance at 0x7f21a0ba7d70>,102,23,[5 5],103,116,139,13,111
1,<environment.Job instance at 0x7f21a12bf690>,103,19,[6 2],104,130,149,26,120
1,<environment.Job instance at 0x7f21a0ba7230>,105,13,[3 9],106,139,152,33,123
1,<environment.Job instance at 0x7f21a0ba7a00>,113,20,[10  5],114,149,169,35,140
1,<environment.Job instance at 0x7f21a0fd82d0>,125,20,[5 8],126,152,172,26,143
1,<environment.Job instance at 0x7f21a0fd8c80>,130,14,[11  5],131,172,186,41,157
1,<environment.Job instance at 0x7f21a0fd8d70>,137,21,[ 3 10],138,172,193,34,165
1,<environment.Job instance at 0x7f21a1405e10>,4,22,[10  5],5,5,27,0,5
1,<environment.Job instance at 0x7f21a1405be0>,10,22,[6 4],11,27,49,16,20
1,<environment.Job instance at 0x7f21a1c27f50>,27,23,[7 1],28,29,52,1,29
1,<environment.Job instance at 0x7f21a1c27e10>,29,19,[3 6],30,49,68,19,39
1,<environment.Job instance at 0x7f21a1c27320>,30,19,[9 1],31,52,71,21,45
1,<environment.Job instance at 0x7f21a1c275a0>,36,21,[5 3],37,68,89,31,60
1,<environment.Job instance at 0x7f21a14050a0>,11,23,[2 5],12,71,94,59,65
1,<environment.Job instance at 0x7f21a20749b0>,51,13,[13  3],52,89,102,37,73
1,<environment.Job instance at 0x7f21a20748c0>,52,12,[12  5],53,102,114,49,85
1,<environment.Job instance at 0x7f21a1c43460>,57,12,[3 6],58,102,114,44,85
1,<environment.Job instance at 0x7f21a2074b40>,53,21,[12  5],54,114,135,60,106
1,<environment.Job instance at 0x7f21a1c43c80>,61,21,[5 9],62,135,156,73,127
1,<environment.Job instance at 0x7f21a1c43eb0>,63,21,[2 6],64,127,148,63,127
1,<environment.Job instance at 0x7f21a21bb8c0>,73,21,[6 3],74,148,169,74,141
1,<environment.Job instance at 0x7f21a1c39be0>,87,12,[5 1],88,156,168,68,147
1,<environment.Job instance at 0x7f21a1c393c0>,94,22,[6 4],95,168,190,73,161
1,<environment.Job instance at 0x7f21a1c39410>,95,18,[6 2],96,169,187,73,162
1,<environment.Job instance at 0x7f21a1e80910>,96,12,[1 5],97,162,174,65,162
1,<environment.Job instance at 0x7f21a20b8640>,1,19,[10  3],2,2,21,0,2
1,<environment.Job instance at 0x7f21a10e50a0>,21,13,[7 2],22,22,35,0,22
1,<environment.Job instance at 0x7f21a10e5280>,22,12,[5 2],23,23,35,0,23
1,<environment.Job instance at 0x7f21a1429730>,36,22,[4 5],37,37,59,0,37
1,<environment.Job instance at 0x7f21a1429af0>,37,19,[2 5],38,38,57,0,38
1,<environment.Job instance at 0x7f21a1429d20>,38,16,[9 3],39,39,55,0,39
1,<environment.Job instance at 0x7f21a152dd70>,40,20,[8 3],41,55,75,14,46
1,<environment.Job instance at 0x7f21a153e050>,44,18,[2 8],45,59,77,14,48
1,<environment.Job instance at 0x7f21a153ceb0>,55,19,[5 6],56,75,94,19,65
1,<environment.Job instance at 0x7f21a133f410>,82,15,[4 7],83,83,98,0,83
1,<environment.Job instance at 0x7f21a133ffa0>,100,19,[9 5],101,101,120,0,101
1,<environment.Job instance at 0x7f21a135b280>,102,12,[9 4],103,120,132,17,103
1,<environment.Job instance at 0x7f21a135bc80>,119,15,[8 5],120,132,147,12,120
1,<environment.Job instance at 0x7f21a13560f0>,125,19,[3 5],126,126,145,0,126
1,<environment.Job instance at 0x7f21a1356500>,131,21,[7 4],132,145,166,13,137
1,<environment.Job instance at 0x7f21a1356730>,134,16,[3 5],135,147,163,12,137
1,<environment.Job instance at 0x7f21a10e5820>,1,20,[10  3],2,2,22,0,2
1,<environment.Job instance at 0x7f21a20ad1e0>,0,27,[5 8],1,2,29,1,2
1,<environment.Job instance at 0x7f21a20adfa0>,9,21,[7 2],10,22,43,12,14
1,<environment.Job instance at 0x7f21a1c306e0>,14,22,[6 2],15,29,51,14,22
1,<environment.Job instance at 0x7f21a1c308c0>,22,19,[1 7],23,29,48,6,23
1,<environment.Job instance at 0x7f21a1c30370>,24,13,[7 5],25,43,56,18,27
1,<environment.Job instance at 0x7f21a127e230>,36,20,[2 8],37,48,68,11,39
1,<environment.Job instance at 0x7f21a127eb40>,46,23,[6 1],47,51,74,4,47
1,<environment.Job instance at 0x7f21a20ad5a0>,10,19,[ 2 11],11,68,87,57,58
1,<environment.Job instance at 0x7f21a1b82a00>,59,12,[11  3],60,74,86,14,63
1,<environment.Job instance at 0x7f21a1b77be0>,68,18,[5 4],69,86,104,17,75
1,<environment.Job instance at 0x7f21a1b4a550>,84,15,[7 2],85,87,102,2,85
1,<environment.Job instance at 0x7f21a1b4a280>,85,19,[10  4],86,102,121,16,92
1,<environment.Job instance at 0x7f21a1b82550>,65,17,[4 8],66,104,121,38,92
1,<environment.Job instance at 0x7f21a1b4a3c0>,89,14,[2 9],90,121,135,31,108
1,<environment.Job instance at 0x7f21a1b4a140>,90,27,[2 5],91,124,151,33,124
1,<environment.Job instance at 0x7f21a1b4afa0>,88,21,[1 9],89,135,156,46,131
1,<environment.Job instance at 0x7f21a20ad500>,3,20,[11  3],4,151,171,147,147
1,<environment.Job instance at 0x7f21a20ad0f0>,11,24,[4 5],12,156,180,144,155
1,<environment.Job instance at 0x7f21a1d41280>,112,13,[9 1],113,171,184,58,157
1,<environment.Job instance at 0x7f21a1d418c0>,115,23,[1 5],116,171,194,55,166
1,<environment.Job instance at 0x7f21a1d41a00>,111,21,[2 8],112,180,201,68,176
1,<environment.Job instance at 0x7f21a1489820>,13,22,[6 2],14,14,36,0,14
1,<environment.Job instance at 0x7f21a1489730>,24,19,[4 7],25,25,44,0,25
1,<environment.Job instance at 0x7f21a1479d70>,32,13,[11  5],33,36,49,3,33
1,<environment.Job instance at 0x7f21a11bfd20>,35,18,[5 3],36,49,67,13,38
1,<environment.Job instance at 0x7f21a1b61140>,84,19,[2 8],85,85,104,0,85
1,<environment.Job instance at 0x7f21a1b61870>,95,13,[5 9],96,104,117,8,96
1,<environment.Job instance at 0x7f21a1b61f00>,107,13,[6 2],108,109,122,1,109
1,<environment.Job instance at 0x7f21a1b78050>,108,21,[2 5],109,117,138,8,109
1,<environment.Job instance at 0x7f21a1b730a0>,131,17,[5 7],132,132,149,0,132
1,<environment.Job instance at 0x7f21a1b73230>,134,19,[10  3],135,138,157,3,135
1,<environment.Job instance at 0x7f21a1b73780>,141,20,[2 5],142,149,169,7,142
1,<environment.Job instance at 0x7f21aac83640>,20,14,[8 3],21,21,35,0,21
1,<environment.Job instance at 0x7f21a0bf69b0>,21,15,[ 2 11],22,22,37,0,22
1,<environment.Job instance at 0x7f21a0bf67d0>,24,23,[13  2],25,35,58,10,29
1,<environment.Job instance at 0x7f21a0eea9b0>,0,19,[ 1 11],1,37,56,36,29
1,<environment.Job instance at 0x7f21a0bf6eb0>,22,21,[1 7],23,56,77,33,49
1,<environment.Job instance at 0x7f21a0bf6a00>,28,22,[4 5],29,58,80,29,51
1,<environment.Job instance at 0x7f21a175d370>,54,15,[13  3],55,80,95,25,66
1,<environment.Job instance at 0x7f21a0ccbaa0>,70,20,[6 5],71,95,115,24,86
1,<environment.Job instance at 0x7f21a11dfb40>,81,15,[5 8],82,95,110,13,87
1,<environment.Job instance at 0x7f21a0bf6b90>,26,14,[ 3 13],27,115,129,88,100
1,<environment.Job instance at 0x7f21a11df7d0>,91,20,[10  1],92,115,135,23,106
1,<environment.Job instance at 0x7f21a11dfc30>,94,19,[4 7],95,129,148,34,119
1,<environment.Job instance at 0x7f21a1c38cd0>,99,16,[10  3],100,135,151,35,122
1,<environment.Job instance at 0x7f21a1c38320>,102,19,[10  3],103,151,170,48,141
1,<environment.Job instance at 0x7f21a1c38dc0>,105,21,[2 8],106,148,169,42,147
1,<environment.Job instance at 0x7f21a1c096e0>,127,17,[6 2],128,170,187,42,158
1,<environment.Job instance at 0x7f21a0bf6aa0>,1,15,[5 2],2,2,17,0,2
1,<environment.Job instance at 0x7f21a0a0ab40>,5,26,[1 6],6,6,32,0,6
1,<environment.Job instance at 0x7f21a0a0ae10>,6,15,[9 4],7,7,22,0,7
1,<environment.Job instance at 0x7f21a0a0a6e0>,10,20,[ 3 10],11,32,52,21,23
1,<environment.Job instance at 0x7f21a0a0a280>,23,19,[9 4],24,24,43,0,24
1,<environment.Job instance at 0x7f21a09dc5a0>,28,13,[7 1],29,43,56,14,30
1,<environment.Job instance at 0x7f21a09dce60>,30,19,[ 4 14],31,52,71,21,42
1,<environment.Job instance at 0x7f21a1700460>,53,13,[3 8],54,71,84,17,55
1,<environment.Job instance at 0x7f21a17005a0>,56,13,[2 6],57,71,84,14,57
1,<environment.Job instance at 0x7f21a17005f0>,57,17,[6 4],58,84,101,26,72
1,<environment.Job instance at 0x7f21a1700af0>,63,20,[2 5],64,84,104,20,78
1,<environment.Job instance at 0x7f21a1224820>,68,16,[8 4],69,101,117,32,88
1,<environment.Job instance at 0x7f21a1224b40>,84,12,[1 7],85,104,116,19,99
1,<environment.Job instance at 0x7f21a09dc230>,43,20,[13  3],44,117,137,73,108
1,<environment.Job instance at 0x7f21a1c1a640>,110,21,[2 7],111,116,137,5,112
1,<environment.Job instance at 0x7f21a1ad0370>,115,13,[2 8],116,137,150,21,121
1,<environment.Job instance at 0x7f21a1ad0410>,118,14,[1 5],119,137,151,18,122
1,<environment.Job instance at 0x7f21a0ca4b40>,132,19,[10  3],133,150,169,17,140
1,<environment.Job instance at 0x7f21a0c3d050>,133,15,[3 5],134,150,165,16,140
1,<environment.Job instance at 0x7f21a1ac71e0>,137,16,[7 5],138,169,185,31,156
1,<environment.Job instance at 0x7f21a13bf690>,111,15,[3 8],112,165,180,53,156
1,<environment.Job instance at 0x7f21a13a47d0>,3,14,[10  5],4,4,18,0,4
1,<environment.Job instance at 0x7f21a0fa4a50>,9,14,[6 5],10,18,32,8,10
1,<environment.Job instance at 0x7f21a1fc2550>,17,18,[6 1],18,18,36,0,18
1,<environment.Job instance at 0x7f21a1fc2fa0>,27,13,[1 5],28,28,41,0,28
1,<environment.Job instance at 0x7f21a1fc2870>,35,14,[12  3],36,36,50,0,36
1,<environment.Job instance at 0x7f21a1dd4dc0>,44,22,[3 5],45,45,67,0,45
1,<environment.Job instance at 0x7f21a1dd4c80>,47,13,[10  2],48,50,63,2,48
1,<environment.Job instance at 0x7f21a1dd45f0>,53,20,[1 5],54,54,74,0,54
1,<environment.Job instance at 0x7f21a1dd4b40>,49,22,[5 5],50,63,85,13,56
1,<environment.Job instance at 0x7f21a1dd4460>,57,22,[5 5],58,67,89,9,60
1,<environment.Job instance at 0x7f21a1dd4960>,60,16,[1 7],61,85,101,24,72
1,<environment.Job instance at 0x7f21a0dde820>,74,25,[5 8],75,89,114,14,86
1,<environment.Job instance at 0x7f21a0dde690>,76,19,[10  5],77,101,120,24,91
1,<environment.Job instance at 0x7f21a1cbb2d0>,105,14,[6 4],106,120,134,14,106
1,<environment.Job instance at 0x7f21a1c0d5f0>,92,19,[8 1],93,120,139,27,110
1,<environment.Job instance at 0x7f21a0dde5a0>,64,25,[ 5 13],65,134,159,69,134
1,<environment.Job instance at 0x7f21aa72ba00>,140,18,[ 3 10],141,159,177,18,148
1,<environment.Job instance at 0x7f21a138fa00>,0,19,[12  4],1,159,178,158,149
1,<environment.Job instance at 0x7f21a2189d20>,6,19,[11  3],7,7,26,0,7
1,<environment.Job instance at 0x7f21a136cdc0>,0,21,[12  2],1,26,47,25,19
1,<environment.Job instance at 0x7f21a2189c30>,14,22,[9 5],15,47,69,32,40
1,<environment.Job instance at 0x7f21a0d03050>,30,13,[5 9],31,47,60,16,40
1,<environment.Job instance at 0x7f21a0d039b0>,38,21,[3 6],39,60,81,21,52
1,<environment.Job instance at 0x7f21a10f53c0>,69,15,[11  5],70,70,85,0,70
1,<environment.Job instance at 0x7f21a10f5aa0>,73,22,[3 5],74,81,103,7,74
1,<environment.Job instance at 0x7f21a0bf8500>,84,14,[2 6],85,85,99,0,85
1,<environment.Job instance at 0x7f21a0bf81e0>,91,23,[6 5],92,99,122,7,93
1,<environment.Job instance at 0x7f21a0c18410>,98,23,[1 5],99,99,122,0,99
1,<environment.Job instance at 0x7f21a0c186e0>,111,18,[6 3],112,112,130,0,112
1,<environment.Job instance at 0x7f21a10d6e10>,116,22,[9 5],117,122,144,5,117
1,<environment.Job instance at 0x7f21a10d6870>,117,13,[2 7],118,130,143,12,118
1,<environment.Job instance at 0x7f21a10d6640>,124,21,[5 7],125,143,164,18,135
1,<environment.Job instance at 0x7f21a10d6c80>,131,20,[2 5],132,144,164,12,135
1,<environment.Job instance at 0x7f21a0d03230>,1,13,[8 5],2,2,15,0,2
1,<environment.Job instance at 0x7f21a16b0af0>,12,20,[11  5],13,15,35,2,13
1,<environment.Job instance at 0x7f21a136ac30>,20,24,[ 4 13],21,35,59,14,30
1,<environment.Job instance at 0x7f21a136a320>,13,19,[11  2],14,48,67,34,48
1,<environment.Job instance at 0x7f21a1b7a140>,49,15,[10  3],50,67,82,17,58
1,<environment.Job instance at 0x7f21aa985d70>,55,18,[6 4],56,82,100,26,71
1,<environment.Job instance at 0x7f21a17f4a00>,68,17,[10  3],69,100,117,31,88
1,<environment.Job instance at 0x7f21a0db9370>,91,16,[5 8],92,92,108,0,92
1,<environment.Job instance at 0x7f21a0dd91e0>,97,21,[4 5],98,108,129,10,100
1,<environment.Job instance at 0x7f21a136abe0>,19,28,[5 9],20,117,145,97,116
1,<environment.Job instance at 0x7f21a0bb4e10>,102,20,[13  1],103,145,165,42,145
1,<environment.Job instance at 0x7f21a1b78410>,144,20,[2 7],145,148,168,3,148
1,<environment.Job instance at 0x7f21a1b785a0>,147,19,[4 8],148,165,184,17,155
1,<environment.Job instance at 0x7f21a1d541e0>,6,18,[8 3],7,7,25,0,7
1,<environment.Job instance at 0x7f21a1d54d70>,15,18,[3 9],16,16,34,0,16
1,<environment.Job instance at 0x7f21a1d53e10>,31,21,[5 5],32,32,53,0,32
1,<environment.Job instance at 0x7f21a1a1c0f0>,39,19,[7 5],40,40,59,0,40
1,<environment.Job instance at 0x7f21a1a1cfa0>,42,14,[3 5],43,43,57,0,43
1,<environment.Job instance at 0x7f21a1a1c410>,52,15,[11  2],53,59,74,6,53
1,<environment.Job instance at 0x7f21a15506e0>,75,19,[6 3],76,76,95,0,76
1,<environment.Job instance at 0x7f21a1f3c730>,79,23,[3 5],80,80,103,0,80
1,<environment.Job instance at 0x7f21a1f3cc80>,91,19,[4 8],92,95,114,3,92
1,<environment.Job instance at 0x7f21a13e9be0>,107,20,[11  3],108,108,128,0,108
1,<environment.Job instance at 0x7f21a15257d0>,111,16,[3 9],112,114,130,2,112
1,<environment.Job instance at 0x7f21a1525f50>,120,19,[5 3],121,128,147,7,121
1,<environment.Job instance at 0x7f21a15254b0>,118,23,[9 1],119,130,153,11,124
1,<environment.Job instance at 0x7f21a155db40>,135,24,[ 3 14],136,147,171,11,144
1,<environment.Job instance at 0x7f21a0cdf780>,149,21,[12  1],150,153,174,3,150
1,<environment.Job instance at 0x7f21a105aa50>,1,13,[8 2],2,2,15,0,2
1,<environment.Job instance at 0x7f21a1d53a00>,2,13,[4 8],3,3,16,0,3
1,<environment.Job instance at 0x7f21a1533370>,9,22,[7 3],10,15,37,5,10
1,<environment.Job instance at 0x7f21a15333c0>,13,25,[ 5 14],14,37,62,23,36
1,<environment.Job instance at 0x7f21a0b24e10>,37,19,[4 6],38,62,81,24,52
1,<environment.Job instance at 0x7f21a0b24820>,40,13,[9 5],41,62,75,21,53
1,<environment.Job instance at 0x7f21a0857050>,66,14,[2 5],67,75,89,8,69
1,<environment.Job instance at 0x7f21a0b240a0>,38,25,[14  2],39,89,114,50,85
1,<environment.Job instance at 0x7f21a11dcdc0>,83,13,[4 6],84,114,127,30,98
1,<environment.Job instance at 0x7f21a11dccd0>,85,18,[2 5],86,114,132,28,103
1,<environment.Job instance at 0x7f21a11dc2d0>,89,18,[5 3],90,114,132,24,103
1,<environment.Job instance at 0x7f21a0f21910>,99,14,[8 3],100,127,141,27,112
1,<environment.Job instance at 0x7f21aa71ef50>,119,14,[10  3],120,141,155,21,126
1,<environment.Job instance at 0x7f21a1f81d20>,120,22,[6 5],121,155,177,34,148
1,<environment.Job instance at 0x7f21a0857870>,84,27,[5 8],85,148,175,63,148
1,<environment.Job instance at 0x7f21aa71ee10>,135,20,[1 7],136,175,195,39,166
1,<environment.Job instance at 0x7f21a1bf59b0>,6,19,[11  2],7,7,26,0,7
1,<environment.Job instance at 0x7f21a1bf5320>,15,12,[3 8],16,17,29,1,17
1,<environment.Job instance at 0x7f21a1f52be0>,16,23,[12  1],17,26,49,9,21
1,<environment.Job instance at 0x7f21a1f52b40>,19,20,[5 6],20,49,69,29,40
1,<environment.Job instance at 0x7f21a0882370>,26,19,[8 2],27,49,68,22,41
1,<environment.Job instance at 0x7f21a08825a0>,29,18,[9 1],30,68,86,38,57
1,<environment.Job instance at 0x7f21a0882be0>,32,23,[6 2],33,69,92,36,67
1,<environment.Job instance at 0x7f21a1c1ad20>,43,17,[10  5],44,92,109,48,80
1,<environment.Job instance at 0x7f21a1dccd70>,49,18,[5 4],50,86,104,36,80
1,<environment.Job instance at 0x7f21a1f520a0>,20,16,[11  3],21,109,125,88,97
1,<environment.Job instance at 0x7f21a0dc35a0>,61,12,[13  4],62,125,137,63,108
1,<environment.Job instance at 0x7f21a1ece190>,62,23,[1 8],63,108,131,45,108
1,<environment.Job instance at 0x7f21a11589b0>,83,20,[6 5],84,137,157,53,128
1,<environment.Job instance at 0x7f21a14846e0>,104,19,[3 5],105,137,156,32,137
1,<environment.Job instance at 0x7f21a1ab9dc0>,107,18,[5 8],108,156,174,48,148
1,<environment.Job instance at 0x7f21a1062b90>,116,21,[6 5],117,157,178,40,154
1,<environment.Job instance at 0x7f21a12341e0>,1,18,[11  2],2,2,20,0,2
1,<environment.Job instance at 0x7f21a108bf00>,2,12,[7 5],3,20,32,17,3
1,<environment.Job instance at 0x7f21a0800cd0>,9,15,[7 5],10,20,35,10,10
1,<environment.Job instance at 0x7f21a0800730>,28,19,[11  3],29,35,54,6,29
1,<environment.Job instance at 0x7f21a0800780>,29,23,[3 9],30,32,55,2,30
1,<environment.Job instance at 0x7f21a1afa500>,56,17,[11  5],57,57,74,0,57
1,<environment.Job instance at 0x7f21a1afa7d0>,60,20,[4 7],61,61,81,0,61
1,<environment.Job instance at 0x7f21a159d730>,70,13,[6 2],71,74,87,3,71
1,<environment.Job instance at 0x7f21a159dcd0>,78,21,[2 7],79,81,102,2,79
1,<environment.Job instance at 0x7f21a159d4b0>,80,20,[5 5],81,81,101,0,81
1,<environment.Job instance at 0x7f21a1adb370>,88,21,[3 7],89,101,122,12,93
1,<environment.Job instance at 0x7f21a1adbe10>,94,21,[9 5],95,102,123,7,95
1,<environment.Job instance at 0x7f21a158a640>,96,22,[7 3],97,123,145,26,118
1,<environment.Job instance at 0x7f21a2199460>,123,18,[6 4],124,124,142,0,124
1,<environment.Job instance at 0x7f21a158a0a0>,118,18,[12  4],119,145,163,26,137
1,<environment.Job instance at 0x7f21a1830190>,148,21,[2 8],149,149,170,0,149
1,<environment.Job instance at 0x7f21a159d3c0>,1,19,[12  3],2,2,21,0,2
1,<environment.Job instance at 0x7f21a0cf6230>,12,12,[6 4],13,21,33,8,13
1,<environment.Job instance at 0x7f21a1828a50>,3,21,[7 4],4,21,42,17,13
1,<environment.Job instance at 0x7f21a0cf6a50>,23,21,[5 5],24,33,54,9,25
1,<environment.Job instance at 0x7f21a0d00d20>,13,23,[10  2],14,42,65,28,36
1,<environment.Job instance at 0x7f21a0cf6cd0>,27,14,[11  1],28,65,79,37,50
1,<environment.Job instance at 0x7f21a1808a50>,0,26,[ 1 14],1,65,91,64,62
1,<environment.Job instance at 0x7f21a0cf6b90>,26,20,[13  1],27,79,99,52,70
1,<environment.Job instance at 0x7f21a0cf6fa0>,31,26,[ 2 13],32,91,117,59,88
1,<environment.Job instance at 0x7f21a0cf6320>,25,21,[9 3],26,117,138,91,115
1,<environment.Job instance at 0x7f21a0cfb1e0>,34,19,[5 6],35,117,136,82,115
1,<environment.Job instance at 0x7f21a0cfb370>,36,21,[6 3],37,136,157,99,128
1,<environment.Job instance at 0x7f21a0cfb3c0>,37,20,[1 9],38,141,161,103,141
1,<environment.Job instance at 0x7f21a0cfb640>,41,21,[2 5],42,157,178,115,149
1,<environment.Job instance at 0x7f21a0cfb230>,53,20,[6 3],54,161,181,107,152
1,<environment.Job instance at 0x7f21a0d20780>,68,19,[9 2],69,178,197,109,168
1,<environment.Job instance at 0x7f21a0d20f50>,79,21,[5 8],80,181,202,101,176
1,<environment.Job instance at 0x7f48ca87e320>,1,22,[11  3],2,2,24,0,2
1,<environment.Job instance at 0x7f48c1106640>,5,24,[1 5],6,6,30,0,6
1,<environment.Job instance at 0x7f48c11066e0>,6,20,[6 1],7,24,44,17,15
1,<environment.Job instance at 0x7f48c110a280>,23,18,[2 7],24,24,42,0,24
1,<environment.Job instance at 0x7f48c110a7d0>,31,20,[11  5],32,44,64,12,35
1,<environment.Job instance at 0x7f48c110c320>,50,22,[2 5],51,51,73,0,51
1,<environment.Job instance at 0x7f48c110c640>,52,20,[11  3],53,64,84,11,55
1,<environment.Job instance at 0x7f48c110cb90>,59,21,[2 7],60,64,85,4,62
1,<environment.Job instance at 0x7f48c110cf00>,65,20,[2 6],66,84,104,18,75
1,<environment.Job instance at 0x7f48c110f910>,80,21,[2 6],81,85,106,4,81
1,<environment.Job instance at 0x7f48c110fc30>,84,21,[3 8],85,104,125,19,98
1,<environment.Job instance at 0x7f48c110cb40>,61,23,[ 1 11],62,125,148,63,119
1,<environment.Job instance at 0x7f48c11120f0>,93,20,[12  1],94,119,139,25,119
1,<environment.Job instance at 0x7f48c1112410>,95,15,[5 7],96,148,163,52,135
1,<environment.Job instance at 0x7f48c11126e0>,98,17,[5 5],99,148,165,49,136
1,<environment.Job instance at 0x7f48c110cc30>,60,28,[13  2],61,165,193,104,164
1,<environment.Job instance at 0x7f48c1112730>,101,18,[ 1 10],102,180,198,78,180
1,<environment.Job instance at 0x7f48c1253aa0>,4,12,[1 7],5,5,17,0,5
1,<environment.Job instance at 0x7f48c117f370>,21,15,[12  3],22,22,37,0,22
1,<environment.Job instance at 0x7f48c07d4690>,25,27,[1 6],26,26,53,0,26
1,<environment.Job instance at 0x7f48c18cdf50>,24,20,[11  4],25,37,57,12,28
1,<environment.Job instance at 0x7f48c07afdc0>,28,23,[7 4],29,57,80,28,51
1,<environment.Job instance at 0x7f48c0bcaaa0>,45,23,[12  1],46,80,103,34,74
1,<environment.Job instance at 0x7f48c0c19280>,47,22,[11  1],48,103,125,55,96
1,<environment.Job instance at 0x7f48c0bfa7d0>,51,23,[13  3],52,125,148,73,119
1,<environment.Job instance at 0x7f48c0bb1a50>,42,20,[1 7],43,134,154,91,134
1,<environment.Job instance at 0x7f48c0bfa140>,52,25,[10  5],53,148,173,95,144
1,<environment.Job instance at 0x7f48c0bfbb40>,68,21,[2 9],69,154,175,85,152
1,<environment.Job instance at 0x7f48c0c06a50>,79,15,[3 6],80,173,188,93,159
1,<environment.Job instance at 0x7f48c1606870>,111,17,[10  5],112,175,192,63,165
1,<environment.Job instance at 0x7f48c14a0a50>,115,19,[1 5],116,188,207,72,178
1,<environment.Job instance at 0x7f48c0d816e0>,124,13,[2 8],125,192,205,67,178
1,<environment.Job instance at 0x7f48c1121be0>,0,20,[5 5],1,1,21,0,1
1,<environment.Job instance at 0x7f48c07afeb0>,12,21,[5 5],13,13,34,0,13
1,<environment.Job instance at 0x7f48c07afe10>,18,20,[9 4],19,21,41,2,19
1,<environment.Job instance at 0x7f48c07af0a0>,30,19,[3 5],31,34,53,3,31
1,<environment.Job instance at 0x7f48c07ee320>,37,23,[10  4],38,41,64,3,38
1,<environment.Job instance at 0x7f48c07ee5a0>,44,19,[1 7],45,53,72,8,45
1,<environment.Job instance at 0x7f48c0f57500>,58,15,[5 8],59,64,79,5,59
1,<environment.Job instance at 0x7f48c0f575a0>,60,20,[10  4],61,72,92,11,63
1,<environment.Job instance at 0x7f48c0d64e10>,93,21,[5 4],94,94,115,0,94
1,<environment.Job instance at 0x7f48c08588c0>,94,14,[5 1],95,95,109,0,95
1,<environment.Job instance at 0x7f48c08586e0>,95,19,[9 3],96,109,128,13,99
1,<environment.Job instance at 0x7f48c084f640>,118,19,[3 7],119,119,138,0,119
1,<environment.Job instance at 0x7f48c084f910>,120,19,[5 1],121,128,147,7,121
1,<environment.Job instance at 0x7f48c084f050>,123,14,[2 5],124,124,138,0,124
1,<environment.Job instance at 0x7f48c084b640>,126,19,[7 2],127,138,157,11,128
1,<environment.Job instance at 0x7f48c10fa140>,61,16,[6 3],62,147,163,85,134
1,<environment.Job instance at 0x7f48c084bf00>,129,20,[10  5],130,163,183,33,154
1,<environment.Job instance at 0x7f48c106ba50>,6,18,[11  5],7,7,25,0,7
1,<environment.Job instance at 0x7f48c091e730>,26,22,[11  4],27,27,49,0,27
1,<environment.Job instance at 0x7f48c14a0a00>,49,19,[11  4],50,50,69,0,50
1,<environment.Job instance at 0x7f48c124f0a0>,52,12,[11  4],53,69,81,16,53
1,<environment.Job instance at 0x7f48c124f2d0>,62,20,[12  2],63,81,101,18,72
1,<environment.Job instance at 0x7f48c0bb0af0>,63,25,[ 3 12],64,81,106,17,80
1,<environment.Job instance at 0x7f48c0bb00a0>,61,20,[7 1],62,101,121,39,94
1,<environment.Job instance at 0x7f48c0b05140>,64,20,[ 5 11],65,106,126,41,99
1,<environment.Job instance at 0x7f48c124f230>,58,20,[13  1],59,126,146,67,117
1,<environment.Job instance at 0x7f48c0c10550>,88,21,[6 5],89,146,167,57,138
1,<environment.Job instance at 0x7f48c0bc13c0>,97,15,[4 9],98,146,161,48,144
1,<environment.Job instance at 0x7f48c124faf0>,55,15,[11  4],56,167,182,111,156
1,<environment.Job instance at 0x7f48c0c10a50>,90,20,[ 2 12],91,182,202,91,174
1,<environment.Job instance at 0x7f48c0d7edc0>,108,26,[12  2],109,182,208,73,179
1,<environment.Job instance at 0x7f48c17ce910>,0,27,[ 5 13],1,1,28,0,1
1,<environment.Job instance at 0x7f48c154a4b0>,10,15,[ 5 10],11,28,43,17,14
1,<environment.Job instance at 0x7f48c17edf50>,17,13,[9 3],18,28,41,10,18
1,<environment.Job instance at 0x7f48c17ed640>,23,19,[4 8],24,43,62,19,34
1,<environment.Job instance at 0x7f48c17e7aa0>,30,14,[5 4],31,41,55,10,34
1,<environment.Job instance at 0x7f48c06c4280>,50,16,[1 5],51,55,71,4,51
1,<environment.Job instance at 0x7f48c06f7e60>,63,17,[9 2],64,64,81,0,64
1,<environment.Job instance at 0x7f48c06f7a00>,68,21,[9 4],69,81,102,12,73
1,<environment.Job instance at 0x7f48c06f8280>,73,19,[2 8],74,77,96,3,77
1,<environment.Job instance at 0x7f48c17cee60>,1,20,[ 4 14],2,102,122,100,101
1,<environment.Job instance at 0x7f48c0712910>,100,14,[8 1],101,102,116,1,101
1,<environment.Job instance at 0x7f48c17e70f0>,25,21,[12  1],26,122,143,96,114
1,<environment.Job instance at 0x7f48c070e8c0>,107,21,[6 5],108,143,164,35,135
1,<environment.Job instance at 0x7f48c070d910>,119,19,[2 8],120,143,162,23,143
1,<environment.Job instance at 0x7f48c070ab90>,128,16,[2 5],129,162,178,33,149
1,<environment.Job instance at 0x7f48c070a960>,131,20,[9 5],132,164,184,32,155
1,<environment.Job instance at 0x7f48c07102d0>,2,14,[7 4],3,3,17,0,3
1,<environment.Job instance at 0x7f48c0d8d8c0>,0,26,[ 5 11],1,3,29,2,3
1,<environment.Job instance at 0x7f48c06e91e0>,18,18,[ 1 10],19,29,47,10,19
1,<environment.Job instance at 0x7f48c0710500>,3,20,[11  1],4,29,49,25,20
1,<environment.Job instance at 0x7f48c06e9050>,30,22,[2 9],31,47,69,16,40
1,<environment.Job instance at 0x7f48c06e4550>,34,22,[7 3],35,49,71,14,42
1,<environment.Job instance at 0x7f48c06e4b90>,38,21,[4 7],39,69,90,30,61
1,<environment.Job instance at 0x7f48c06e90f0>,24,19,[ 2 13],25,90,109,65,82
1,<environment.Job instance at 0x7f48c06e4a50>,48,21,[ 3 10],49,109,130,60,102
1,<environment.Job instance at 0x7f48c0760a50>,52,23,[5 5],53,109,132,56,104
1,<environment.Job instance at 0x7f48c0760500>,53,19,[6 2],54,130,149,76,120
1,<environment.Job instance at 0x7f48c0760780>,55,13,[3 9],56,132,145,76,120
1,<environment.Job instance at 0x7f48c07604b0>,63,20,[10  5],64,149,169,85,140
1,<environment.Job instance at 0x7f48c075c820>,75,20,[5 8],76,145,165,69,140
1,<environment.Job instance at 0x7f48c07593c0>,80,14,[11  5],81,169,183,88,154
1,<environment.Job instance at 0x7f48c0759c80>,85,24,[6 4],86,183,207,97,178
1,<environment.Job instance at 0x7f48c0759500>,87,21,[ 3 10],88,187,208,99,187
1,<environment.Job instance at 0x7f48c1c3eaa0>,1,21,[5 9],2,2,23,0,2
1,<environment.Job instance at 0x7f48c1c3e1e0>,3,21,[2 6],4,4,25,0,4
1,<environment.Job instance at 0x7f48c06e4870>,8,16,[12  2],9,23,39,14,11
1,<environment.Job instance at 0x7f48c06e49b0>,11,15,[13  3],12,39,54,27,25
1,<environment.Job instance at 0x7f48c125ed20>,17,23,[ 2 11],18,25,48,7,25
1,<environment.Job instance at 0x7f48c1c3e870>,0,21,[ 1 12],1,48,69,47,40
1,<environment.Job instance at 0x7f48c125ef00>,15,22,[12  1],16,54,76,38,48
1,<environment.Job instance at 0x7f48c125eaa0>,22,26,[ 5 12],23,76,102,53,73
1,<environment.Job instance at 0x7f48c125ea50>,23,18,[ 1 12],24,102,120,78,91
1,<environment.Job instance at 0x7f48c06c4b90>,36,12,[1 5],37,120,132,83,103
1,<environment.Job instance at 0x7f48c06c4230>,37,22,[3 7],38,120,142,82,113
1,<environment.Job instance at 0x7f48c06c4be0>,38,13,[11  2],39,113,126,74,113
1,<environment.Job instance at 0x7f48c06c40f0>,39,19,[3 6],40,132,151,92,122
1,<environment.Job instance at 0x7f48c125e8c0>,21,14,[14  4],22,151,165,129,137
1,<environment.Job instance at 0x7f48c06c4cd0>,40,24,[13  5],41,165,189,124,161
1,<environment.Job instance at 0x7f48c06c4c80>,42,28,[7 1],43,189,217,146,188
1,<environment.Job instance at 0x7f48c0f366e0>,12,15,[4 7],13,13,28,0,13
1,<environment.Job instance at 0x7f48c0f530f0>,18,13,[11  3],19,19,32,0,19
1,<environment.Job instance at 0x7f48c1599cd0>,30,19,[9 5],31,32,51,1,31
1,<environment.Job instance at 0x7f48c0f2caf0>,32,12,[9 4],33,51,63,18,34
1,<environment.Job instance at 0x7f48c0dfcc30>,49,15,[8 5],50,63,78,13,50
1,<environment.Job instance at 0x7f48c0f07550>,55,19,[3 5],56,56,75,0,56
1,<environment.Job instance at 0x7f48c158afa0>,64,16,[3 5],65,65,81,0,65
1,<environment.Job instance at 0x7f48c158ab40>,61,21,[7 4],62,78,99,16,70
1,<environment.Job instance at 0x7f48c0de86e0>,90,21,[11  2],91,99,120,8,91
1,<environment.Job instance at 0x7f48c0e0b050>,96,15,[4 9],97,97,112,0,97
1,<environment.Job instance at 0x7f48c0e0b460>,102,15,[9 3],103,120,135,17,106
1,<environment.Job instance at 0x7f48c0e0b5f0>,113,20,[11  3],114,135,155,21,126
1,<environment.Job instance at 0x7f48c0e0bb90>,114,19,[11  5],115,155,174,40,145
1,<environment.Job instance at 0x7f48c0e0bc30>,115,24,[ 1 12],116,174,198,58,169
1,<environment.Job instance at 0x7f48c0f064b0>,0,15,[ 3 13],1,1,16,0,1
1,<environment.Job instance at 0x7f48c0f06fa0>,4,15,[7 2],5,5,20,0,5
1,<environment.Job instance at 0x7f48c0f06c80>,8,21,[1 9],9,16,37,7,10
1,<environment.Job instance at 0x7f48c0f00e10>,31,21,[2 8],32,37,58,5,32
1,<environment.Job instance at 0x7f48c0f00c80>,32,13,[9 1],33,33,46,0,33
1,<environment.Job instance at 0x7f48c0f008c0>,35,23,[1 5],36,36,59,0,36
1,<environment.Job instance at 0x7f48c0f06690>,5,19,[10  4],6,58,77,52,48
1,<environment.Job instance at 0x7f48c0e0bcd0>,1,18,[ 2 11],2,59,77,57,53
1,<environment.Job instance at 0x7f48c1ccbf00>,50,14,[10  4],51,77,91,26,62
1,<environment.Job instance at 0x7f48c1ccb230>,55,12,[3 5],56,77,89,21,62
1,<environment.Job instance at 0x7f48c1ccb5a0>,60,21,[6 5],61,91,112,30,84
1,<environment.Job instance at 0x7f48c1ccb500>,62,21,[3 7],63,89,110,26,84
1,<environment.Job instance at 0x7f48c0f82f00>,81,19,[7 5],82,110,129,28,100
1,<environment.Job instance at 0x7f48c109c8c0>,89,15,[6 2],90,112,127,22,100
1,<environment.Job instance at 0x7f48c0fcddc0>,98,13,[4 7],99,127,140,28,111
1,<environment.Job instance at 0x7f48c0fcd640>,113,22,[6 2],114,129,151,15,124
1,<environment.Job instance at 0x7f48c0fcdcd0>,111,12,[12  5],112,151,163,39,134
1,<environment.Job instance at 0x7f48c0fc0820>,126,21,[ 1 11],127,163,184,36,155
1,<environment.Job instance at 0x7f48c15813c0>,5,13,[5 9],6,6,19,0,6
1,<environment.Job instance at 0x7f48c1676b40>,7,21,[5 9],8,19,40,11,11
1,<environment.Job instance at 0x7f48c0c96b40>,17,13,[6 2],18,18,31,0,18
1,<environment.Job instance at 0x7f48c0f73cd0>,24,12,[12  2],25,40,52,15,25
1,<environment.Job instance at 0x7f48c0c96780>,18,21,[2 5],19,31,52,12,26
1,<environment.Job instance at 0x7f48c079f4b0>,41,17,[5 7],42,52,69,10,42
1,<environment.Job instance at 0x7f48c07951e0>,44,19,[10  3],45,52,71,7,48
1,<environment.Job instance at 0x7f48c0785640>,51,20,[2 5],52,69,89,17,60
1,<environment.Job instance at 0x7f48c1835230>,54,20,[2 8],55,71,91,16,62
1,<environment.Job instance at 0x7f48c16625f0>,36,22,[11  2],37,71,93,34,65
1,<environment.Job instance at 0x7f48c1807960>,58,24,[5 3],59,93,117,34,88
1,<environment.Job instance at 0x7f48c07965a0>,75,17,[ 4 12],76,91,108,15,88
1,<environment.Job instance at 0x7f48c07963c0>,78,22,[4 6],79,108,130,29,101
1,<environment.Job instance at 0x7f48c07944b0>,85,14,[10  5],86,117,131,31,102
1,<environment.Job instance at 0x7f48c0786640>,110,14,[8 3],111,131,145,20,116
1,<environment.Job instance at 0x7f48c0786820>,112,21,[1 7],113,130,151,17,122
1,<environment.Job instance at 0x7f48c0f8d0f0>,25,16,[11  5],26,145,161,119,134
1,<environment.Job instance at 0x7f48c0786960>,114,23,[13  2],115,161,184,46,155
1,<environment.Job instance at 0x7f48c07868c0>,113,22,[8 4],114,184,206,70,177
1,<environment.Job instance at 0x7f48c1662dc0>,1,13,[1 6],2,2,15,0,2
1,<environment.Job instance at 0x7f48c1bedb90>,5,21,[2 8],6,6,27,0,6
1,<environment.Job instance at 0x7f48c1cc4230>,2,19,[10  3],3,15,34,12,10
1,<environment.Job instance at 0x7f48c1bf2dc0>,27,17,[6 2],28,34,51,6,28
1,<environment.Job instance at 0x7f48c1897140>,45,22,[10  4],46,51,73,5,47
1,<environment.Job instance at 0x7f48c0fa9960>,64,17,[7 5],65,73,90,8,65
1,<environment.Job instance at 0x7f48c0fa9780>,70,15,[8 2],71,73,88,2,71
1,<environment.Job instance at 0x7f48c0fa9e10>,77,19,[5 5],78,88,107,10,78
1,<environment.Job instance at 0x7f48c0fa97d0>,81,15,[5 2],82,90,105,8,82
1,<environment.Job instance at 0x7f48c1c37550>,86,15,[9 4],87,105,120,18,91
1,<environment.Job instance at 0x7f48c1c37dc0>,103,19,[9 4],104,120,139,16,110
1,<environment.Job instance at 0x7f48c13b85f0>,124,21,[3 5],125,125,146,0,125
1,<environment.Job instance at 0x7f48c0763d70>,133,13,[3 8],134,139,152,5,134
1,<environment.Job instance at 0x7f48c1b42230>,136,13,[2 6],137,146,159,9,137
1,<environment.Job instance at 0x7f48c1b427d0>,137,17,[6 4],138,152,169,14,140
1,<environment.Job instance at 0x7f48c0b8c2d0>,143,20,[2 5],144,152,172,8,144
1,<environment.Job instance at 0x7f48c1556640>,1,15,[3 8],2,2,17,0,2
1,<environment.Job instance at 0x7f48c056cc80>,5,13,[2 8],6,17,30,11,6
1,<environment.Job instance at 0x7f48c056c7d0>,8,14,[1 5],9,9,23,0,9
1,<environment.Job instance at 0x7f48c056c460>,9,19,[11  2],10,10,29,0,10
1,<environment.Job instance at 0x7f48c056c1e0>,22,19,[10  3],23,29,48,6,23
1,<environment.Job instance at 0x7f48c056c870>,23,15,[3 5],24,30,45,6,24
1,<environment.Job instance at 0x7f48c0ad4a00>,27,16,[7 5],28,48,64,20,35
1,<environment.Job instance at 0x7f48c0ad4320>,32,20,[10  2],33,64,84,31,55
1,<environment.Job instance at 0x7f48c0ad44b0>,44,17,[1 7],45,55,72,10,55
1,<environment.Job instance at 0x7f48c0502af0>,62,19,[8 2],63,84,103,21,74
1,<environment.Job instance at 0x7f48c0502960>,73,14,[10  5],74,103,117,29,88
1,<environment.Job instance at 0x7f48c0502730>,79,14,[6 5],80,88,102,8,88
1,<environment.Job instance at 0x7f48c15565f0>,0,21,[2 7],1,102,123,101,97
1,<environment.Job instance at 0x7f48c0d53820>,97,13,[1 5],98,117,130,19,102
1,<environment.Job instance at 0x7f48c1b65af0>,114,22,[3 5],115,123,145,8,116
1,<environment.Job instance at 0x7f48c1c2ef00>,117,13,[10  2],118,118,131,0,118
1,<environment.Job instance at 0x7f48c1251230>,119,22,[5 5],120,131,153,11,124
1,<environment.Job instance at 0x7f48c17da5f0>,123,20,[1 5],124,130,150,6,124
1,<environment.Job instance at 0x7f48c1b90190>,127,22,[5 5],128,145,167,17,138
1,<environment.Job instance at 0x7f48c1b90550>,130,16,[1 7],131,153,169,22,140
1,<environment.Job instance at 0x7f48c0ed07d0>,146,19,[10  5],147,167,186,20,157
1,<environment.Job instance at 0x7f48c1556cd0>,0,14,[ 4 14],1,1,15,0,1
1,<environment.Job instance at 0x7f48c0c61410>,2,21,[7 5],3,15,36,12,7
1,<environment.Job instance at 0x7f48c1d393c0>,1,23,[6 2],2,16,39,14,16
1,<environment.Job instance at 0x7f48c0d678c0>,16,12,[ 3 11],17,36,48,19,19
1,<environment.Job instance at 0x7f48c0d67fa0>,18,16,[11  2],19,39,55,20,26
1,<environment.Job instance at 0x7f48c0d67960>,20,18,[ 3 10],21,48,66,27,41
1,<environment.Job instance at 0x7f48c0d67a50>,22,26,[14  5],23,66,92,43,63
1,<environment.Job instance at 0x7f48c13781e0>,39,27,[12  4],40,92,119,52,90
1,<environment.Job instance at 0x7f48c1378280>,40,21,[ 2 11],41,92,113,51,90
1,<environment.Job instance at 0x7f48c1378550>,41,26,[ 3 13],42,119,145,77,116
1,<environment.Job instance at 0x7f48c0d67370>,25,20,[12  2],26,127,147,101,127
1,<environment.Job instance at 0x7f48c1378a50>,42,21,[14  5],43,147,168,104,140
1,<environment.Job instance at 0x7f48c1378910>,45,28,[ 5 12],46,168,196,122,167
1,<environment.Job instance at 0x7f48c1378e10>,46,14,[13  1],47,196,210,149,181
1,<environment.Job instance at 0x7f48c07ceeb0>,1,20,[2 5],2,2,22,0,2
1,<environment.Job instance at 0x7f48c0fc95f0>,24,19,[6 3],25,25,44,0,25
1,<environment.Job instance at 0x7f48c0e256e0>,51,13,[8 5],52,52,65,0,52
1,<environment.Job instance at 0x7f48c0cdb4b0>,69,28,[5 9],70,70,98,0,70
1,<environment.Job instance at 0x7f48c0d1f500>,68,21,[10  3],69,71,92,2,71
1,<environment.Job instance at 0x7f48c0d1fcd0>,80,21,[6 2],81,92,113,11,84
1,<environment.Job instance at 0x7f48c0cdb7d0>,12,14,[ 5 12],13,98,112,85,84
1,<environment.Job instance at 0x7f48c110ef00>,99,15,[10  3],100,113,128,13,100
1,<environment.Job instance at 0x7f48c0a5aaa0>,105,18,[6 4],106,128,146,22,117
1,<environment.Job instance at 0x7f48c08061e0>,118,17,[10  3],119,146,163,27,134
1,<environment.Job instance at 0x7f48c0806230>,132,22,[1 6],133,137,159,4,137
1,<environment.Job instance at 0x7f48c17d8410>,141,16,[5 8],142,159,175,17,146
1,<environment.Job instance at 0x7f48c17d83c0>,147,21,[4 5],148,163,184,15,155
1,<environment.Job instance at 0x7f48c16f6230>,3,22,[1 7],4,4,26,0,4
1,<environment.Job instance at 0x7f48c16f6910>,4,20,[2 7],5,5,25,0,5
1,<environment.Job instance at 0x7f48c1a4e5a0>,11,20,[3 6],12,25,45,13,16
1,<environment.Job instance at 0x7f48c1198640>,23,20,[1 6],24,26,46,2,24
1,<environment.Job instance at 0x7f48c11984b0>,35,21,[5 5],36,45,66,9,37
1,<environment.Job instance at 0x7f48c1198140>,38,22,[1 7],39,46,68,7,39
1,<environment.Job instance at 0x7f48c1a4e8c0>,12,19,[ 1 12],13,68,87,55,58
1,<environment.Job instance at 0x7f48c14d8410>,46,18,[8 3],47,58,76,11,58
1,<environment.Job instance at 0x7f48c05bb320>,71,21,[5 5],72,87,108,15,79
1,<environment.Job instance at 0x7f48c05bb8c0>,79,19,[7 5],80,87,106,7,80
1,<environment.Job instance at 0x7f48c1749780>,82,14,[3 5],83,87,101,4,84
1,<environment.Job instance at 0x7f48c17c45a0>,115,19,[6 3],116,116,135,0,116
1,<environment.Job instance at 0x7f48c1c525a0>,131,19,[4 8],132,132,151,0,132
1,<environment.Job instance at 0x7f48c1a4e4b0>,13,23,[ 4 11],14,151,174,137,148
1,<environment.Job instance at 0x7f48c084f550>,2,24,[9 3],3,3,27,0,3
1,<environment.Job instance at 0x7f48c080fd20>,0,26,[ 5 11],1,3,29,2,3
1,<environment.Job instance at 0x7f48c080f8c0>,13,26,[ 1 11],14,29,55,15,26
1,<environment.Job instance at 0x7f48c080fb40>,11,19,[10  5],12,55,74,43,45
1,<environment.Job instance at 0x7f48c1ab4b90>,67,19,[4 6],68,68,87,0,68
1,<environment.Job instance at 0x7f48c0e885f0>,70,13,[9 5],71,74,87,3,71
1,<environment.Job instance at 0x7f48c1c78e10>,96,14,[2 5],97,97,111,0,97
1,<environment.Job instance at 0x7f48c1752960>,113,13,[4 6],114,114,127,0,114
1,<environment.Job instance at 0x7f48c17525f0>,115,18,[2 5],116,116,134,0,116
1,<environment.Job instance at 0x7f48c1752f00>,119,18,[5 3],120,120,138,0,120
1,<environment.Job instance at 0x7f48c17529b0>,129,14,[8 3],130,130,144,0,130
1,<environment.Job instance at 0x7f48c1b41820>,149,14,[10  3],150,150,164,0,150
1,<environment.Job instance at 0x7f48c0d4d0f0>,20,20,[8 4],21,21,41,0,21
1,<environment.Job instance at 0x7f48c0d4dfa0>,25,22,[5 9],26,26,48,0,26
1,<environment.Job instance at 0x7f48c0c960a0>,35,12,[3 8],36,48,60,12,36
1,<environment.Job instance at 0x7f48c105f460>,39,20,[5 6],40,41,61,1,40
1,<environment.Job instance at 0x7f48c05f1be0>,48,16,[ 4 14],49,61,77,12,50
1,<environment.Job instance at 0x7f48c15b25a0>,49,18,[9 1],50,60,78,10,50
1,<environment.Job instance at 0x7f48c105f410>,47,17,[14  2],48,78,95,30,68
1,<environment.Job instance at 0x7f48c05f1780>,46,19,[8 2],47,95,114,48,85
1,<environment.Job instance at 0x7f48c15b2140>,63,17,[10  5],64,114,131,50,102
1,<environment.Job instance at 0x7f48c15b23c0>,69,18,[5 4],70,102,120,32,102
1,<environment.Job instance at 0x7f48c1c17050>,103,20,[6 5],104,131,151,27,122
1,<environment.Job instance at 0x7f48c1c17b40>,114,17,[5 2],115,122,139,7,122
1,<environment.Job instance at 0x7f48ca26e5a0>,119,22,[5 2],120,139,161,19,132
1,<environment.Job instance at 0x7f48ca26e9b0>,124,19,[3 5],125,132,151,7,132
1,<environment.Job instance at 0x7f48ca26eb90>,127,18,[5 8],128,151,169,23,140
1,<environment.Job instance at 0x7f48c0816c30>,136,21,[6 5],137,161,182,24,153
1,<environment.Job instance at 0x7f48c1784b90>,2,12,[2 6],3,3,15,0,3
1,<environment.Job instance at 0x7f48c0515460>,6,12,[3 7],7,7,19,0,7
1,<environment.Job instance at 0x7f48c05154b0>,7,22,[8 3],8,15,37,7,8
1,<environment.Job instance at 0x7f48c0515b40>,12,12,[7 5],13,19,31,6,14
1,<environment.Job instance at 0x7f48c176fa00>,19,15,[7 5],20,31,46,11,20
1,<environment.Job instance at 0x7f48c0515730>,10,17,[8 3],11,37,54,26,25
1,<environment.Job instance at 0x7f48c1761a50>,70,20,[4 7],71,71,91,0,71
1,<environment.Job instance at 0x7f48c0c89730>,80,13,[6 2],81,81,94,0,81
1,<environment.Job instance at 0x7f48c15f2e60>,88,21,[2 7],89,91,112,2,89
1,<environment.Job instance at 0x7f48c1451c80>,90,20,[5 5],91,91,111,0,91
1,<environment.Job instance at 0x7f48c144dbe0>,98,21,[3 7],99,111,132,12,104
1,<environment.Job instance at 0x7f48c1446230>,106,22,[7 3],107,112,134,5,108
1,<environment.Job instance at 0x7f48c0515960>,14,20,[ 4 11],15,132,152,117,129
