iteration,job object,job ID,job Length,job ressource requirement,job enter time,job start time,job finish time,job waiting time,current time
1,<environment.Job instance at 0x7fd460f699b0>,23,18,[2 7],24,236,254,212,236
1,<environment.Job instance at 0x7fd462009410>,8,14,[2 7],9,9,23,0,9
1,<environment.Job instance at 0x7fd462009500>,9,17,[1 6],10,23,40,13,13
1,<environment.Job instance at 0x7fd460f69a50>,2,27,[8 5],3,130,157,127,130
1,<environment.Job instance at 0x7fd46200a460>,22,24,[9 2],23,174,198,151,174
1,<environment.Job instance at 0x7fd46223f050>,29,13,[9 4],30,198,211,168,183
1,<environment.Job instance at 0x7fd46223f5a0>,32,16,[ 4 10],33,211,227,178,198
1,<environment.Job instance at 0x7fd462238c80>,0,18,[2 7],1,1,19,0,1
1,<environment.Job instance at 0x7fd460f6f1e0>,9,14,[10  4],10,34,48,24,34
1,<environment.Job instance at 0x7fd416fc54b0>,21,13,[7 4],22,142,155,120,142
1,<environment.Job instance at 0x7fd417051af0>,0,14,[1 8],1,1,15,0,1
1,<environment.Job instance at 0x7fd417126190>,13,13,[3 5],14,39,52,25,39
1,<environment.Job instance at 0x7fd41708b0a0>,29,16,[5 8],30,190,206,160,190
1,<environment.Job instance at 0x7fd41708bc30>,30,13,[8 5],31,206,219,175,190
1,<environment.Job instance at 0x7fd460f203c0>,10,14,[2 7],11,29,43,18,29
1,<environment.Job instance at 0x7fd460f20a50>,11,15,[4 8],12,43,58,31,29
1,<environment.Job instance at 0x7fd460f20f50>,16,15,[3 6],17,69,84,52,69
1,<environment.Job instance at 0x7fd460f20820>,18,16,[2 6],19,90,106,71,90
1,<environment.Job instance at 0x7fd4619f1280>,25,13,[4 8],26,171,184,145,171
1,<environment.Job instance at 0x7fd4619f1a50>,26,13,[5 8],27,184,197,157,171
1,<environment.Job instance at 0x7fd4619f1af0>,22,20,[8 5],23,213,233,190,213
1,<environment.Job instance at 0x7fd461024690>,2,17,[9 4],3,96,113,93,96
1,<environment.Job instance at 0x7fd460f9b870>,21,15,[5 5],22,206,221,184,206
1,<environment.Job instance at 0x7fd461357690>,2,18,[3 6],3,3,21,0,3
1,<environment.Job instance at 0x7fd416ff7780>,8,12,[ 5 10],9,23,35,14,23
1,<environment.Job instance at 0x7fd417172c80>,18,13,[1 7],19,97,110,78,97
1,<environment.Job instance at 0x7fd416ffb0f0>,1,13,[4 9],2,2,15,0,2
1,<environment.Job instance at 0x7fd4615725a0>,10,16,[5 9],11,49,65,38,49
1,<environment.Job instance at 0x7fd417431640>,15,15,[8 4],16,83,98,67,83
1,<environment.Job instance at 0x7fd4172d0e60>,0,17,[8 1],1,1,18,0,1
1,<environment.Job instance at 0x7fd4172d0aa0>,6,14,[ 4 10],7,18,32,11,18
1,<environment.Job instance at 0x7fd4175d1e60>,17,27,[9 3],18,166,193,148,166
1,<environment.Job instance at 0x7fd416d8cf50>,0,15,[5 1],1,1,16,0,1
1,<environment.Job instance at 0x7fd460dec640>,9,16,[6 5],10,28,44,18,28
1,<environment.Job instance at 0x7fd416e83e10>,13,14,[1 5],14,140,154,126,140
1,<environment.Job instance at 0x7fd416e83cd0>,15,18,[1 7],16,154,172,138,152
1,<environment.Job instance at 0x7fd461022dc0>,0,18,[7 3],1,1,19,0,1
1,<environment.Job instance at 0x7fd460d74eb0>,11,17,[4 5],12,36,53,24,36
1,<environment.Job instance at 0x7fd461333e10>,8,17,[5 5],9,51,68,42,51
1,<environment.Job instance at 0x7fd461333aa0>,13,16,[6 3],14,95,111,81,95
1,<environment.Job instance at 0x7fd460dd86e0>,0,18,[1 5],1,1,19,0,1
1,<environment.Job instance at 0x7fd460f68460>,12,12,[8 4],13,63,75,50,63
1,<environment.Job instance at 0x7fd417618d70>,8,16,[1 5],9,12,28,3,12
1,<environment.Job instance at 0x7fd417540320>,11,13,[9 3],12,49,62,37,49
1,<environment.Job instance at 0x7fd417540f50>,13,15,[3 8],14,62,77,48,53
1,<environment.Job instance at 0x7fd461333e60>,0,13,[7 5],1,1,14,0,1
1,<environment.Job instance at 0x7fd417552690>,8,14,[8 1],9,27,41,18,27
1,<environment.Job instance at 0x7fd41702d050>,19,13,[ 2 10],20,146,159,126,146
1,<environment.Job instance at 0x7fd460dbe280>,28,15,[1 9],29,264,279,235,264
1,<environment.Job instance at 0x7fd461a7bc80>,13,14,[5 4],14,91,105,77,91
1,<environment.Job instance at 0x7fd461a7b910>,6,12,[6 1],7,105,117,98,100
1,<environment.Job instance at 0x7fd4615c0a50>,0,14,[7 4],1,1,15,0,1
1,<environment.Job instance at 0x7fd461631230>,8,19,[7 2],9,15,34,6,13
1,<environment.Job instance at 0x7fd461631820>,10,14,[2 7],11,33,47,22,33
1,<environment.Job instance at 0x7fd4619676e0>,12,14,[5 5],13,47,61,34,37
1,<environment.Job instance at 0x7fd46141b0a0>,25,13,[9 5],26,163,176,137,163
1,<environment.Job instance at 0x7fd416deb820>,28,13,[7 5],29,185,198,156,185
1,<environment.Job instance at 0x7f142bcb5500>,0,13,[9 3],1,1,14,0,1
1,<environment.Job instance at 0x7f14248ab280>,14,13,[7 3],15,107,120,92,107
1,<environment.Job instance at 0x7f14248ab460>,17,28,[ 5 10],18,239,267,221,239
1,<environment.Job instance at 0x7f14248ab7d0>,2,18,[5 3],3,137,155,134,137
1,<environment.Job instance at 0x7f142be2c7d0>,17,13,[8 5],18,155,168,137,140
1,<environment.Job instance at 0x7f142be2caa0>,20,14,[2 6],21,168,182,147,156
1,<environment.Job instance at 0x7f13e0bcd190>,9,17,[8 1],10,49,66,39,49
1,<environment.Job instance at 0x7f13e0bcd910>,10,18,[6 1],11,66,84,55,55
1,<environment.Job instance at 0x7f13e0bcd730>,14,16,[4 7],15,89,105,74,89
1,<environment.Job instance at 0x7f13e106c550>,0,13,[8 5],1,1,14,0,1
1,<environment.Job instance at 0x7f13e106c190>,1,14,[2 9],2,14,28,12,2
1,<environment.Job instance at 0x7f14249c3eb0>,4,24,[5 5],5,109,133,104,109
1,<environment.Job instance at 0x7f1428ed26e0>,23,13,[4 8],24,182,195,158,182
1,<environment.Job instance at 0x7f1428f7daa0>,7,16,[5 8],8,10,26,2,10
1,<environment.Job instance at 0x7f14293f13c0>,15,13,[5 5],16,93,106,77,93
1,<environment.Job instance at 0x7f13e0f5b8c0>,10,18,[10  4],11,40,58,29,40
1,<environment.Job instance at 0x7f1424a2cbe0>,13,14,[4 5],14,64,78,50,64
1,<environment.Job instance at 0x7f142bbd2e60>,19,17,[1 7],20,137,154,117,137
1,<environment.Job instance at 0x7f142bbd2960>,21,18,[5 9],22,154,172,132,143
1,<environment.Job instance at 0x7f13e10a7780>,26,14,[5 9],27,174,188,147,174
1,<environment.Job instance at 0x7f1424dc23c0>,1,15,[6 3],2,148,163,146,148
1,<environment.Job instance at 0x7f1424dc25a0>,3,18,[7 5],4,163,181,159,158
1,<environment.Job instance at 0x7f13e10275f0>,23,14,[1 5],24,209,223,185,209
1,<environment.Job instance at 0x7f1424853c80>,25,18,[1 7],26,223,241,197,220
1,<environment.Job instance at 0x7f1424a190f0>,28,15,[1 6],29,246,261,217,246
1,<environment.Job instance at 0x7f13e0b45730>,0,17,[4 7],1,1,18,0,1
1,<environment.Job instance at 0x7f1429039280>,10,15,[6 3],11,31,46,20,31
1,<environment.Job instance at 0x7f142958bb90>,16,14,[7 2],17,68,82,51,68
1,<environment.Job instance at 0x7f13e0be7780>,23,25,[4 6],24,149,174,125,149
1,<environment.Job instance at 0x7f142958bc30>,18,27,[5 9],19,183,210,164,183
1,<environment.Job instance at 0x7f13e0be7f50>,33,17,[10  4],34,210,227,176,198
1,<environment.Job instance at 0x7f13e0be7730>,34,14,[3 9],35,227,241,192,212
1,<environment.Job instance at 0x7f13e0bbc1e0>,37,18,[10  3],38,241,259,203,230
1,<environment.Job instance at 0x7f13e0bc1910>,7,13,[7 4],8,22,35,14,22
1,<environment.Job instance at 0x7f13e0bc11e0>,17,14,[2 6],18,125,139,107,125
1,<environment.Job instance at 0x7f1424cdbf00>,9,17,[1 6],10,60,77,50,60
1,<environment.Job instance at 0x7f142936d960>,0,13,[8 3],1,1,14,0,1
1,<environment.Job instance at 0x7f1424aa8140>,10,13,[7 5],11,72,85,61,72
1,<environment.Job instance at 0x7f13e113b2d0>,19,16,[ 4 10],20,161,177,141,161
1,<environment.Job instance at 0x7f142be28f50>,3,14,[7 2],4,15,29,11,15
1,<environment.Job instance at 0x7f142932a3c0>,12,16,[6 5],13,82,98,69,82
1,<environment.Job instance at 0x7f14246f3c80>,0,14,[2 7],1,1,15,0,1
1,<environment.Job instance at 0x7f1424b84730>,8,18,[1 5],9,15,33,6,9
1,<environment.Job instance at 0x7f1424b84f50>,15,13,[9 5],16,71,84,55,71
1,<environment.Job instance at 0x7f13e121f0a0>,16,18,[6 2],17,84,102,67,73
1,<environment.Job instance at 0x7f13e107cdc0>,1,14,[5 7],2,2,16,0,2
1,<environment.Job instance at 0x7f13e107c3c0>,2,16,[4 6],3,16,32,13,3
1,<environment.Job instance at 0x7f142497c7d0>,12,12,[2 5],13,73,85,60,73
1,<environment.Job instance at 0x7f142497ca00>,23,14,[10  4],24,178,192,154,178
1,<environment.Job instance at 0x7f13e11210a0>,0,12,[9 5],1,1,13,0,1
1,<environment.Job instance at 0x7f142b8aaf00>,6,17,[5 5],7,13,30,6,8
1,<environment.Job instance at 0x7f13e0b8b730>,8,14,[8 5],9,30,44,21,15
1,<environment.Job instance at 0x7f1424b01550>,16,16,[2 9],17,69,85,52,69
1,<environment.Job instance at 0x7f14247a0870>,22,18,[1 6],23,154,172,131,154
1,<environment.Job instance at 0x7f1424891690>,5,18,[ 2 10],6,172,190,166,167
1,<environment.Job instance at 0x7ffb6983d230>,0,13,[9 3],1,1,14,0,1
1,<environment.Job instance at 0x7ffb6242daf0>,14,13,[7 3],15,83,96,68,83
1,<environment.Job instance at 0x7ffb699a4e10>,9,13,[9 4],10,36,49,26,36
1,<environment.Job instance at 0x7ffb699a4550>,10,14,[2 6],11,50,64,39,50
1,<environment.Job instance at 0x7ffb699b74b0>,19,16,[7 1],20,125,141,105,125
1,<environment.Job instance at 0x7ffb699b7a00>,25,15,[5 7],26,178,193,152,178
1,<environment.Job instance at 0x7ffb699b72d0>,28,17,[5 5],29,233,250,204,233
1,<environment.Job instance at 0x7ffb699b31e0>,30,18,[2 7],31,250,268,219,239
1,<environment.Job instance at 0x7ffb1e92c820>,0,13,[7 4],1,1,14,0,1
1,<environment.Job instance at 0x7ffb1e701b40>,9,15,[10  4],10,47,62,37,47
1,<environment.Job instance at 0x7ffb1ebb95f0>,2,13,[9 4],3,3,16,0,3
1,<environment.Job instance at 0x7ffb1ebb9140>,7,14,[ 1 10],8,16,30,8,9
1,<environment.Job instance at 0x7ffb698c4320>,4,17,[3 8],5,30,47,25,18
1,<environment.Job instance at 0x7ffb1e723050>,13,14,[10  1],14,51,65,37,51
1,<environment.Job instance at 0x7ffb1e860d20>,1,15,[6 1],2,2,17,0,2
1,<environment.Job instance at 0x7ffb1eb30370>,2,18,[3 6],3,3,21,0,3
1,<environment.Job instance at 0x7ffb1eb30f00>,15,14,[8 5],16,97,111,81,97
1,<environment.Job instance at 0x7ffb62957dc0>,18,13,[1 7],19,111,124,92,100
1,<environment.Job instance at 0x7ffb1eb2a690>,4,15,[5 5],5,174,189,169,174
1,<environment.Job instance at 0x7ffb66a05410>,0,18,[10  4],1,2,20,1,2
1,<environment.Job instance at 0x7ffb66ef6eb0>,10,15,[5 1],11,46,61,35,46
1,<environment.Job instance at 0x7ffb1ea4c5a0>,8,15,[1 6],9,23,38,14,23
1,<environment.Job instance at 0x7ffb1eb83cd0>,22,13,[5 5],23,130,143,107,130
1,<environment.Job instance at 0x7ffb623922d0>,3,14,[6 5],4,4,18,0,4
1,<environment.Job instance at 0x7ffb66cc2320>,19,16,[ 5 10],20,97,113,77,97
1,<environment.Job instance at 0x7ffb66b68140>,30,17,[4 7],31,151,168,120,151
1,<environment.Job instance at 0x7ffb670225f0>,31,17,[4 5],32,168,185,136,156
1,<environment.Job instance at 0x7ffb1ed1ff00>,1,20,[5 6],2,5,25,3,5
1,<environment.Job instance at 0x7ffb1ed13aa0>,5,16,[10  2],6,25,41,19,12
1,<environment.Job instance at 0x7ffb627e3af0>,8,17,[5 5],9,41,58,32,29
1,<environment.Job instance at 0x7ffb623ae870>,12,15,[9 3],13,58,73,45,58
1,<environment.Job instance at 0x7ffb1e50da50>,16,18,[10  2],17,99,117,82,99
1,<environment.Job instance at 0x7ffb62847c80>,25,12,[3 6],26,217,229,191,217
1,<environment.Job instance at 0x7ffb6222caa0>,27,13,[7 4],28,224,237,196,224
1,<environment.Job instance at 0x7ffb62847f50>,30,15,[5 2],31,269,284,238,269
1,<environment.Job instance at 0x7ffb1eceb780>,1,16,[4 6],2,2,18,0,2
1,<environment.Job instance at 0x7ffb670bc640>,8,13,[5 3],9,22,35,13,22
1,<environment.Job instance at 0x7ffb66e80eb0>,9,16,[ 3 10],10,35,51,25,22
1,<environment.Job instance at 0x7ffb66c2e7d0>,19,17,[1 6],20,160,177,140,160
1,<environment.Job instance at 0x7ffb6246fa50>,0,13,[8 3],1,1,14,0,1
1,<environment.Job instance at 0x7ffb1e6dcd70>,2,16,[6 5],3,3,19,0,3
1,<environment.Job instance at 0x7ffb66d470a0>,3,14,[5 4],4,19,33,15,4
1,<environment.Job instance at 0x7ffb66d47e60>,15,12,[6 4],16,97,109,81,97
1,<environment.Job instance at 0x7ffb1e6dceb0>,5,14,[4 7],6,52,66,46,52
1,<environment.Job instance at 0x7ffb626f4aa0>,15,21,[ 3 10],16,150,171,134,150
1,<environment.Job instance at 0x7ffb628b7690>,6,18,[5 4],7,10,28,3,10
1,<environment.Job instance at 0x7ffb628b61e0>,7,17,[7 2],8,28,45,20,28
1,<environment.Job instance at 0x7ffb66b6e0a0>,16,16,[4 7],17,138,154,121,138
1,<environment.Job instance at 0x7ffb69738e60>,0,13,[9 1],1,1,14,0,1
1,<environment.Job instance at 0x7ffb1e95ba50>,25,18,[ 2 10],26,250,268,224,250
1,<environment.Job instance at 0x7ffb69738d70>,0,17,[2 9],1,1,18,0,1
1,<environment.Job instance at 0x7ffb62540eb0>,8,18,[5 2],9,21,39,12,21
1,<environment.Job instance at 0x7ffb697385f0>,6,27,[3 6],7,33,60,26,33
1,<environment.Job instance at 0x7ffb1e8bd050>,17,17,[4 7],18,60,77,42,57
1,<environment.Job instance at 0x7ffb6269a870>,24,21,[5 8],25,204,225,179,204
1,<environment.Job instance at 0x7ffb1e63d910>,0,18,[3 9],1,1,19,0,1
1,<environment.Job instance at 0x7ffb1e63db90>,7,14,[1 9],8,19,33,11,8
1,<environment.Job instance at 0x7ffb66d265f0>,11,18,[10  5],12,33,51,21,22
1,<environment.Job instance at 0x7ffb66d26730>,13,17,[5 5],14,51,68,37,39
1,<environment.Job instance at 0x7ffb66d26d20>,19,14,[9 3],20,77,91,57,77
1,<environment.Job instance at 0x7ffb66d26f50>,21,13,[7 2],22,95,108,73,95
1,<environment.Job instance at 0x7ffb1ea52820>,26,15,[6 2],27,112,127,85,112
1,<environment.Job instance at 0x7ffb1ea52140>,30,16,[8 5],31,151,167,120,151
1,<environment.Job instance at 0x7ffb62919f50>,7,28,[ 1 10],8,10,38,2,10
1,<environment.Job instance at 0x7f94330b3190>,0,13,[9 3],1,1,14,0,1
1,<environment.Job instance at 0x7f942bca3b40>,14,13,[7 3],15,85,98,70,85
1,<environment.Job instance at 0x7f942bca34b0>,23,18,[2 7],24,236,254,212,236
1,<environment.Job instance at 0x7f94331025a0>,0,14,[2 6],1,1,15,0,1
1,<environment.Job instance at 0x7f942bcae280>,2,16,[ 4 10],3,15,31,12,3
1,<environment.Job instance at 0x7f943321ac30>,9,16,[7 1],10,31,47,21,18
1,<environment.Job instance at 0x7f943322d6e0>,15,15,[5 7],16,93,108,77,93
1,<environment.Job instance at 0x7f943322d370>,18,17,[5 5],19,108,125,89,107
1,<environment.Job instance at 0x7f943322d730>,24,12,[4 6],25,170,182,145,170
1,<environment.Job instance at 0x7f93e7f9d460>,2,13,[3 8],3,3,16,0,3
1,<environment.Job instance at 0x7f93e7f9d550>,3,13,[3 5],4,16,29,12,4
1,<environment.Job instance at 0x7f93e7f9d370>,7,22,[3 7],8,29,51,21,24
1,<environment.Job instance at 0x7f93e7f9f910>,17,17,[8 2],18,116,133,98,116
1,<environment.Job instance at 0x7f93e7f9ffa0>,19,16,[5 8],20,133,149,113,131
1,<environment.Job instance at 0x7f93e7f9dd70>,6,20,[1 5],7,246,266,239,246
1,<environment.Job instance at 0x7f93e7f932d0>,1,15,[5 5],2,2,17,0,2
1,<environment.Job instance at 0x7f93e839b320>,28,14,[8 3],29,270,284,241,270
1,<environment.Job instance at 0x7f93e804c7d0>,1,13,[4 9],2,2,15,0,2
1,<environment.Job instance at 0x7f93e839deb0>,9,14,[ 5 10],10,28,42,18,28
1,<environment.Job instance at 0x7f942e3c0870>,16,17,[ 3 10],17,72,89,55,72
1,<environment.Job instance at 0x7f942e3c0320>,17,14,[6 4],18,89,103,71,78
1,<environment.Job instance at 0x7f942bbe98c0>,2,16,[10  3],3,4,20,1,4
1,<environment.Job instance at 0x7f942bbe9af0>,10,18,[10  4],11,20,38,9,16
1,<environment.Job instance at 0x7f942bc07af0>,11,13,[6 5],12,38,51,26,22
1,<environment.Job instance at 0x7f942bd656e0>,8,15,[1 6],9,23,38,14,23
1,<environment.Job instance at 0x7f942e5aacd0>,1,15,[4 5],2,4,19,2,4
1,<environment.Job instance at 0x7f942e4b4c30>,9,16,[ 5 10],10,22,38,12,22
1,<environment.Job instance at 0x7f93e829e230>,21,17,[4 5],22,88,105,66,88
1,<environment.Job instance at 0x7f9432e70320>,28,17,[5 2],29,180,197,151,180
1,<environment.Job instance at 0x7f942c002af0>,36,14,[7 2],37,230,244,193,230
1,<environment.Job instance at 0x7f93e8570d20>,7,13,[7 4],8,22,35,14,22
1,<environment.Job instance at 0x7f93e83dd0a0>,17,14,[2 6],18,94,108,76,94
1,<environment.Job instance at 0x7f942bebe7d0>,8,16,[1 5],9,19,35,10,19
1,<environment.Job instance at 0x7f942e408eb0>,13,15,[3 8],14,94,109,80,94
1,<environment.Job instance at 0x7f942e408190>,14,13,[6 5],15,109,122,94,94
1,<environment.Job instance at 0x7f93e8119370>,5,26,[5 7],6,9,35,3,9
1,<environment.Job instance at 0x7f942bdf1f50>,0,14,[2 7],1,1,15,0,1
1,<environment.Job instance at 0x7f942c115f50>,11,16,[10  2],12,58,74,46,58
1,<environment.Job instance at 0x7f93e81c6c30>,16,18,[6 2],17,81,99,64,81
1,<environment.Job instance at 0x7f942bf07b90>,6,28,[3 9],7,17,45,10,17
1,<environment.Job instance at 0x7f942e7073c0>,18,18,[ 4 10],19,87,105,68,87
1,<environment.Job instance at 0x7f93e7fa0690>,19,13,[7 2],20,105,118,85,89
1,<environment.Job instance at 0x7f93e7f54dc0>,0,13,[9 1],1,1,14,0,1
1,<environment.Job instance at 0x7f942bb2a550>,20,12,[9 5],21,203,215,182,203
1,<environment.Job instance at 0x7f942bb2a6e0>,24,12,[8 3],25,215,227,190,204
1,<environment.Job instance at 0x7f93e82c5c80>,26,17,[5 5],27,227,244,200,215
1,<environment.Job instance at 0x7f93e82c5f00>,32,14,[6 3],33,253,267,220,253
1,<environment.Job instance at 0x7f93e82de870>,10,16,[ 1 10],11,35,51,24,35
1,<environment.Job instance at 0x7f942e85bcd0>,13,13,[9 2],14,79,92,65,79
1,<environment.Job instance at 0x7f942e85bfa0>,22,15,[1 7],23,158,173,135,158
1,<environment.Job instance at 0x7f93e8351230>,31,12,[5 2],32,255,267,223,255
1,<environment.Job instance at 0x7f93e8295fa0>,2,12,[5 2],3,3,15,0,3
1,<environment.Job instance at 0x7f942e74edc0>,3,15,[3 9],4,15,30,11,4
1,<environment.Job instance at 0x7f942e25e3c0>,10,16,[8 5],11,58,74,47,58
1,<environment.Job instance at 0x7f942bfccd20>,0,12,[9 5],1,1,13,0,1
1,<environment.Job instance at 0x7f93e85960a0>,22,13,[9 1],23,127,140,104,127
1,<environment.Job instance at 0x7f93e827c910>,34,16,[3 5],35,254,270,219,254
1,<environment.Job instance at 0x7f93e8567820>,0,12,[5 8],1,1,13,0,1
1,<environment.Job instance at 0x7f93e8623f00>,20,15,[1 6],21,204,219,183,204
1,<environment.Job instance at 0x7f942bdcd050>,18,19,[2 6],19,199,218,180,199
1,<environment.Job instance at 0x7f93e8274280>,20,18,[1 7],21,218,236,197,207
1,<environment.Job instance at 0x7f942bdcde60>,23,17,[2 8],24,244,261,220,244
1,<environment.Job instance at 0x7f93e8623a00>,2,18,[2 5],3,267,285,264,267
1,<environment.Job instance at 0x7f058def9230>,0,13,[9 3],1,1,14,0,1
1,<environment.Job instance at 0x7f0586aeaaa0>,14,13,[7 3],15,65,78,50,65
1,<environment.Job instance at 0x7f0586aef1e0>,23,18,[2 7],24,207,225,183,207
1,<environment.Job instance at 0x7f058df21730>,8,17,[5 5],9,14,31,5,14
1,<environment.Job instance at 0x7f058df216e0>,11,18,[ 1 10],12,40,58,28,40
1,<environment.Job instance at 0x7f058e067870>,14,12,[4 6],15,58,70,43,56
1,<environment.Job instance at 0x7f058e067a00>,19,14,[10  4],20,134,148,114,134
1,<environment.Job instance at 0x7f058e06c2d0>,25,16,[7 5],26,202,218,176,202
1,<environment.Job instance at 0x7f058e06c3c0>,29,17,[ 3 10],30,221,238,191,221
1,<environment.Job instance at 0x7f0542e2f320>,0,13,[8 5],1,1,14,0,1
1,<environment.Job instance at 0x7f058e06c690>,5,27,[5 9],6,27,54,21,27
1,<environment.Job instance at 0x7f058dcae8c0>,6,13,[5 8],7,14,27,7,14
1,<environment.Job instance at 0x7f054325cd20>,11,15,[6 1],12,74,89,62,74
1,<environment.Job instance at 0x7f05431fc960>,16,13,[2 5],17,122,135,105,122
1,<environment.Job instance at 0x7f05431fcaf0>,19,17,[6 2],20,149,166,129,149
1,<environment.Job instance at 0x7f05431fc410>,20,17,[5 1],21,166,183,145,154
1,<environment.Job instance at 0x7f05432c4550>,8,13,[1 7],9,9,22,0,9
1,<environment.Job instance at 0x7f0542cf3280>,0,17,[8 1],1,1,18,0,1
1,<environment.Job instance at 0x7f0542f5d820>,6,17,[10  3],7,20,37,13,20
1,<environment.Job instance at 0x7f054305ebe0>,9,17,[5 9],10,65,82,55,65
1,<environment.Job instance at 0x7f058d5010a0>,28,15,[1 6],29,215,230,186,215
1,<environment.Job instance at 0x7f0586a86690>,11,15,[4 5],12,79,94,67,79
1,<environment.Job instance at 0x7f0542c4ed20>,30,17,[4 7],31,256,273,225,256
1,<environment.Job instance at 0x7f05868fb230>,7,13,[7 4],8,22,35,14,22
1,<environment.Job instance at 0x7f058693c690>,1,13,[9 3],2,2,15,0,2
1,<environment.Job instance at 0x7f058693cfa0>,4,13,[6 5],5,45,58,40,45
1,<environment.Job instance at 0x7f058dacb6e0>,6,12,[6 1],7,18,30,11,18
1,<environment.Job instance at 0x7f058dacbd20>,13,14,[5 4],14,77,91,63,77
1,<environment.Job instance at 0x7f05432610a0>,2,18,[5 4],3,3,21,0,3
1,<environment.Job instance at 0x7f0542feb8c0>,9,23,[5 5],10,29,52,19,29
1,<environment.Job instance at 0x7f0586ad3320>,15,16,[4 9],16,66,82,50,66
1,<environment.Job instance at 0x7f0586ad3960>,21,22,[1 8],22,121,143,99,121
1,<environment.Job instance at 0x7f0542d941e0>,26,16,[8 4],27,145,161,118,145
1,<environment.Job instance at 0x7f0542d7b0a0>,1,14,[5 7],2,2,16,0,2
1,<environment.Job instance at 0x7f0542d8f050>,3,13,[8 1],4,16,29,12,4
1,<environment.Job instance at 0x7f054324be60>,11,19,[6 1],12,80,99,68,80
1,<environment.Job instance at 0x7f0542cf34b0>,27,18,[1 9],28,216,234,188,216
1,<environment.Job instance at 0x7f0542c82c30>,32,18,[5 2],33,247,265,214,247
1,<environment.Job instance at 0x7f0542c827d0>,33,16,[7 5],34,265,281,231,252
1,<environment.Job instance at 0x7f058e0621e0>,0,15,[5 6],1,1,16,0,1
1,<environment.Job instance at 0x7f0542bd4320>,27,13,[5 8],28,269,282,241,269
1,<environment.Job instance at 0x7f0586e6fa50>,0,18,[3 9],1,1,19,0,1
1,<environment.Job instance at 0x7f05869293c0>,11,18,[10  5],12,19,37,7,19
1,<environment.Job instance at 0x7f05868cba00>,13,17,[5 5],14,37,54,23,25
1,<environment.Job instance at 0x7f05868cbe60>,16,19,[6 2],17,58,77,41,58
1,<environment.Job instance at 0x7f0542e1d960>,21,13,[7 2],22,104,117,82,104
1,<environment.Job instance at 0x7f0542e1da50>,22,12,[5 2],23,117,129,94,104
1,<environment.Job instance at 0x7f0542e1d7d0>,26,15,[6 2],27,129,144,102,128
1,<environment.Job instance at 0x7f05868cbd70>,12,12,[1 6],13,204,216,191,204
1,<environment.Job instance at 0x7f0542e02910>,10,12,[9 5],11,53,65,42,53
1,<environment.Job instance at 0x7f0542e02aa0>,12,12,[9 4],13,76,88,63,76
1,<environment.Job instance at 0x7f0542e020f0>,17,13,[3 7],18,114,127,96,114
1,<environment.Job instance at 0x7f05869292d0>,0,12,[5 8],1,1,13,0,1
1,<environment.Job instance at 0x7f0543032870>,19,16,[3 6],20,204,220,184,204
1,<environment.Job instance at 0x7f05430323c0>,20,15,[1 6],21,220,235,199,206
1,<environment.Job instance at 0x7f058d353320>,4,21,[10  1],5,255,276,250,255
1,<environment.Job instance at 0x7f0586929230>,0,14,[2 9],1,1,15,0,1
1,<environment.Job instance at 0x7f058d94d320>,10,18,[1 7],11,39,57,28,39
1,<environment.Job instance at 0x7f058d4b4640>,13,17,[2 8],14,57,74,43,45
1,<environment.Job instance at 0x7f058d4b4c80>,17,15,[9 5],18,98,113,80,98
1,<environment.Job instance at 0x7f058d37b640>,23,13,[9 1],24,151,164,127,151
1,<environment.Job instance at 0x7f0586b3e7d0>,30,18,[8 2],31,201,219,170,201
1,<environment.Job instance at 0x7f058d4b4190>,0,15,[5 8],1,1,16,0,1
1,<environment.Job instance at 0x7f058d2e86e0>,8,14,[5 7],9,142,156,133,142
1,<environment.Job instance at 0x7f054313aaf0>,30,25,[2 8],31,234,259,203,234
1,<environment.Job instance at 0x7f054313a910>,34,13,[9 5],35,259,272,224,243
1,<environment.Job instance at 0x7f05430789b0>,38,15,[9 3],39,272,287,233,260
1,<environment.Job instance at 0x7f0586a15910>,0,12,[2 5],1,1,13,0,1
1,<environment.Job instance at 0x7f058d481cd0>,1,13,[9 3],2,13,26,11,2
1,<environment.Job instance at 0x7f058d3f0d70>,10,13,[5 1],11,48,61,37,48
1,<environment.Job instance at 0x7f0586d1c910>,7,13,[5 9],8,80,93,72,80
1,<environment.Job instance at 0x7f0542c270a0>,28,17,[5 5],29,239,256,210,239
1,<environment.Job instance at 0x7f058d57f500>,29,12,[5 6],30,256,268,226,240
1,<environment.Job instance at 0x7f41227d0230>,0,13,[9 3],1,1,14,0,1
1,<environment.Job instance at 0x7f411b3c0aa0>,14,13,[7 3],15,87,100,72,87
1,<environment.Job instance at 0x7f411b3ccc30>,0,18,[2 7],1,1,19,0,1
1,<environment.Job instance at 0x7f412293e960>,9,14,[10  4],10,55,69,45,55
1,<environment.Job instance at 0x7f4122936c30>,21,13,[7 4],22,144,157,122,144
1,<environment.Job instance at 0x7f40d77b9410>,0,14,[2 7],1,1,15,0,1
1,<environment.Job instance at 0x7f40d7b96960>,23,13,[4 8],24,205,218,181,205
1,<environment.Job instance at 0x7f40d7a08d70>,1,13,[4 9],2,2,15,0,2
1,<environment.Job instance at 0x7f40d7a82c80>,10,16,[5 9],11,31,47,20,31
1,<environment.Job instance at 0x7f40d7a82b40>,12,13,[ 1 10],13,71,84,58,71
1,<environment.Job instance at 0x7f40d760fb90>,16,17,[ 3 10],17,84,101,67,73
1,<environment.Job instance at 0x7f40d75ca050>,0,15,[5 1],1,1,16,0,1
1,<environment.Job instance at 0x7f40d7a48be0>,9,16,[6 5],10,23,39,13,23
1,<environment.Job instance at 0x7f411dfbc5f0>,16,18,[7 5],17,92,110,75,92
1,<environment.Job instance at 0x7f411dc7e8c0>,19,17,[5 5],20,124,141,104,124
1,<environment.Job instance at 0x7f411da1baa0>,21,15,[9 4],22,141,156,119,127
1,<environment.Job instance at 0x7f411b550410>,29,16,[4 9],30,215,231,185,215
1,<environment.Job instance at 0x7f411b491730>,30,18,[ 2 10],31,231,249,200,220
1,<environment.Job instance at 0x7f40d77bdfa0>,8,17,[5 5],9,54,71,45,54
1,<environment.Job instance at 0x7f411b551f50>,9,13,[8 2],10,71,84,61,55
1,<environment.Job instance at 0x7f40d79fdeb0>,25,12,[3 6],26,247,259,221,247
1,<environment.Job instance at 0x7f40d79fdfa0>,27,13,[7 4],28,261,274,233,261
1,<environment.Job instance at 0x7f411b3b8d20>,14,13,[6 5],15,112,125,97,112
1,<environment.Job instance at 0x7f411db040f0>,12,16,[6 5],13,75,91,62,75
1,<environment.Job instance at 0x7f411db04a50>,13,14,[5 4],14,91,105,77,84
1,<environment.Job instance at 0x7f40d77bdc30>,3,14,[7 2],4,226,240,222,226
1,<environment.Job instance at 0x7f40d7c96aa0>,16,16,[8 4],17,82,98,65,82
1,<environment.Job instance at 0x7f411b662a50>,27,14,[9 5],28,235,249,207,235
1,<environment.Job instance at 0x7f411b655190>,7,18,[1 9],8,20,38,12,20
1,<environment.Job instance at 0x7f411b6551e0>,13,16,[7 5],14,58,74,44,58
1,<environment.Job instance at 0x7f411dc41230>,19,16,[4 8],20,111,127,91,111
1,<environment.Job instance at 0x7f411dc41c80>,20,13,[9 1],21,127,140,106,111
1,<environment.Job instance at 0x7f40d7bef1e0>,6,12,[10  1],7,8,20,1,8
1,<environment.Job instance at 0x7f40d7955aa0>,10,16,[ 1 10],11,21,37,10,21
1,<environment.Job instance at 0x7f4122937fa0>,30,13,[1 9],31,236,249,205,236
1,<environment.Job instance at 0x7f411b249f00>,32,18,[7 1],33,237,255,204,237
1,<environment.Job instance at 0x7f40d7bb1b90>,2,17,[3 9],3,3,20,0,3
1,<environment.Job instance at 0x7f411de07cd0>,14,19,[5 2],15,88,107,73,88
1,<environment.Job instance at 0x7f40d788a820>,15,12,[3 7],16,88,100,72,88
1,<environment.Job instance at 0x7f40d77ccf50>,16,13,[4 5],17,100,113,83,88
1,<environment.Job instance at 0x7f40d794e0f0>,21,15,[3 7],22,117,132,95,117
1,<environment.Job instance at 0x7f40d794e640>,24,18,[3 6],25,165,183,140,165
1,<environment.Job instance at 0x7f411b19fa00>,27,15,[1 6],28,185,200,157,185
1,<environment.Job instance at 0x7f40d7cae640>,32,15,[9 3],33,235,250,202,235
1,<environment.Job instance at 0x7f411ded3f00>,5,14,[3 5],6,12,26,6,12
1,<environment.Job instance at 0x7f411daed550>,2,19,[5 7],3,26,45,23,17
1,<environment.Job instance at 0x7f411ded3e10>,10,12,[3 5],11,48,60,37,48
1,<environment.Job instance at 0x7f411b7552d0>,14,15,[ 1 10],15,82,97,67,82
1,<environment.Job instance at 0x7f411b7555a0>,16,16,[8 4],17,97,113,80,84
1,<environment.Job instance at 0x7f40d743da00>,22,18,[2 5],23,165,183,142,165
1,<environment.Job instance at 0x7f40d743dbe0>,25,15,[7 2],26,184,199,158,184
1,<environment.Job instance at 0x7f40d73a55f0>,0,12,[ 5 10],1,1,13,0,1
1,<environment.Job instance at 0x7f40d74f7f50>,10,12,[2 5],11,49,61,38,49
1,<environment.Job instance at 0x7f40d74f7410>,11,13,[9 3],12,61,74,49,49
1,<environment.Job instance at 0x7f40d7c5f5f0>,15,15,[7 3],16,125,140,109,125
1,<environment.Job instance at 0x7f40d7c5fa00>,17,16,[2 7],18,157,173,139,157
1,<environment.Job instance at 0x7f40d74d95a0>,0,15,[9 4],1,1,16,0,1
1,<environment.Job instance at 0x7f40d76525a0>,29,17,[6 2],30,251,268,221,251
1,<environment.Job instance at 0x7f411b8927d0>,31,12,[6 3],32,268,280,236,252
1,<environment.Job instance at 0x7f7631312190>,0,13,[9 3],1,1,14,0,1
1,<environment.Job instance at 0x7f76314861e0>,11,13,[7 4],12,72,85,60,72
1,<environment.Job instance at 0x7f7631486460>,17,16,[8 1],18,138,154,120,138
1,<environment.Job instance at 0x7f76314856e0>,19,17,[8 1],20,154,171,134,142
1,<environment.Job instance at 0x7f75e63870f0>,0,14,[6 1],1,1,15,0,1
1,<environment.Job instance at 0x7f75e62d98c0>,17,16,[2 8],18,101,117,83,101
1,<environment.Job instance at 0x7f75e637ac30>,10,13,[1 6],11,72,85,61,72
1,<environment.Job instance at 0x7f75e6547370>,18,14,[8 3],19,149,163,130,149
1,<environment.Job instance at 0x7f75e6547320>,22,18,[3 6],23,200,218,177,200
1,<environment.Job instance at 0x7f75e61045a0>,5,25,[7 3],6,85,110,79,85
1,<environment.Job instance at 0x7f76249aac30>,15,18,[1 7],16,100,118,84,100
1,<environment.Job instance at 0x7f762491caa0>,21,20,[10  5],22,157,177,135,157
1,<environment.Job instance at 0x7f75e62ae140>,0,17,[4 7],1,1,18,0,1
1,<environment.Job instance at 0x7f75e65b1690>,8,17,[5 2],9,9,26,0,9
1,<environment.Job instance at 0x7f75e65b1370>,9,18,[1 9],10,26,44,16,16
1,<environment.Job instance at 0x7f761ff9a6e0>,11,15,[3 9],12,44,59,32,30
1,<environment.Job instance at 0x7f76249a5280>,16,14,[7 2],17,59,73,42,56
1,<environment.Job instance at 0x7f75e63ca1e0>,21,13,[7 1],22,127,140,105,127
1,<environment.Job instance at 0x7f75e662ad20>,26,16,[5 8],27,150,166,123,150
1,<environment.Job instance at 0x7f761f66c640>,31,14,[6 1],32,225,239,193,225
1,<environment.Job instance at 0x7f7624a4d640>,33,17,[10  4],34,239,256,205,227
1,<environment.Job instance at 0x7f762024bb90>,1,16,[4 6],2,2,18,0,2
1,<environment.Job instance at 0x7f7624645b90>,9,16,[ 3 10],10,32,48,22,32
1,<environment.Job instance at 0x7f761ff83d70>,14,18,[2 8],15,96,114,81,96
1,<environment.Job instance at 0x7f761ff83af0>,19,17,[1 6],20,193,210,173,193
1,<environment.Job instance at 0x7f75e62f6050>,5,26,[5 7],6,8,34,2,8
1,<environment.Job instance at 0x7f75e6518d20>,2,18,[5 4],3,3,21,0,3
1,<environment.Job instance at 0x7f75e5fd99b0>,10,19,[6 2],11,21,40,10,14
1,<environment.Job instance at 0x7f75e6564d20>,12,18,[5 2],13,55,73,42,55
1,<environment.Job instance at 0x7f7624601b40>,13,16,[7 5],14,73,89,59,60
1,<environment.Job instance at 0x7f7624601640>,15,12,[8 3],16,89,101,73,83
1,<environment.Job instance at 0x7f7624601d20>,19,16,[4 8],20,101,117,81,101
1,<environment.Job instance at 0x7f7624601230>,20,13,[9 1],21,117,130,96,101
1,<environment.Job instance at 0x7f75e6434aa0>,0,16,[ 1 10],1,1,17,0,1
1,<environment.Job instance at 0x7f7624afe0f0>,21,12,[5 2],22,131,143,109,131
1,<environment.Job instance at 0x7f76202bf0a0>,32,16,[9 3],33,231,247,198,231
1,<environment.Job instance at 0x7f761ff7fd20>,8,15,[ 2 10],9,33,48,24,33
1,<environment.Job instance at 0x7f75e6555140>,10,17,[10  3],11,48,65,37,37
1,<environment.Job instance at 0x7f75e66e4e10>,22,15,[4 7],23,178,193,155,178
1,<environment.Job instance at 0x7f75e64cc050>,1,16,[5 1],2,2,18,0,2
1,<environment.Job instance at 0x7f75e6471af0>,29,16,[3 6],30,257,273,227,257
1,<environment.Job instance at 0x7f75e6244960>,0,18,[1 7],1,1,19,0,1
1,<environment.Job instance at 0x7f761ffb7640>,7,15,[9 5],8,20,35,12,20
1,<environment.Job instance at 0x7f7624988a50>,8,14,[1 7],9,35,49,26,20
1,<environment.Job instance at 0x7f75e6743fa0>,13,13,[9 1],14,60,73,46,60
1,<environment.Job instance at 0x7f7624917870>,20,18,[8 2],21,129,147,108,129
1,<environment.Job instance at 0x7f75e63b2c80>,1,12,[10  3],2,2,14,0,2
1,<environment.Job instance at 0x7f762002d6e0>,2,13,[5 1],3,14,27,11,3
1,<environment.Job instance at 0x7f762002d7d0>,4,13,[9 5],5,271,284,266,271
1,<environment.Job instance at 0x7f75e5edaa50>,8,14,[8 5],9,19,33,10,19
1,<environment.Job instance at 0x7f761ff597d0>,1,15,[3 5],2,2,17,0,2
1,<environment.Job instance at 0x7f7624aee9b0>,2,13,[6 5],3,3,16,0,3
1,<environment.Job instance at 0x7f7624956b90>,11,15,[4 7],12,36,51,24,36
1,<environment.Job instance at 0x7f762458dcd0>,18,16,[7 5],19,71,87,52,71
1,<environment.Job instance at 0x7f75e61456e0>,21,12,[4 7],22,87,99,65,78
1,<environment.Job instance at 0x7f76203e43c0>,28,14,[1 9],29,170,184,141,170
1,<environment.Job instance at 0x7f762458bbe0>,30,15,[9 4],31,184,199,153,184
1,<environment.Job instance at 0x7f76245e0c30>,35,17,[1 6],36,192,209,156,192
1,<environment.Job instance at 0x7f75e63af5a0>,42,18,[1 5],43,250,268,207,250
1,<environment.Job instance at 0x7f761f6be050>,0,12,[9 4],1,1,13,0,1
1,<environment.Job instance at 0x7f75e60e62d0>,6,15,[5 7],7,13,28,6,7
1,<environment.Job instance at 0x7f75e60e6d70>,10,14,[4 9],11,28,42,17,17
1,<environment.Job instance at 0x7f75e6159370>,23,18,[10  1],24,130,148,106,130
1,<environment.Job instance at 0x7f75e6159410>,26,15,[ 4 10],27,148,163,121,135
1,<environment.Job instance at 0x7f761ffbe3c0>,2,15,[3 8],3,3,18,0,3
1,<environment.Job instance at 0x7f7624bef3c0>,9,14,[1 5],10,55,69,45,55
1,<environment.Job instance at 0x7f762450fe60>,27,12,[2 6],28,244,256,216,244
1,<environment.Job instance at 0x7f6145f38230>,0,13,[9 3],1,1,14,0,1
1,<environment.Job instance at 0x7f613eb28b40>,14,13,[7 3],15,85,98,70,85
1,<environment.Job instance at 0x7f6145f604b0>,9,17,[8 1],10,42,59,32,42
1,<environment.Job instance at 0x7f6145f60280>,10,18,[6 1],11,59,77,48,49
1,<environment.Job instance at 0x7f613e8f5b90>,5,14,[8 5],6,6,20,0,6
1,<environment.Job instance at 0x7f60fb280550>,7,16,[5 8],8,20,36,12,9
1,<environment.Job instance at 0x7f60faedefa0>,2,16,[10  3],3,3,19,0,3
1,<environment.Job instance at 0x7f60fb27c230>,10,18,[10  4],11,26,44,15,26
1,<environment.Job instance at 0x7f60fb2c3500>,11,13,[6 5],12,44,57,32,32
1,<environment.Job instance at 0x7f613ea419b0>,12,21,[6 4],13,107,128,94,107
1,<environment.Job instance at 0x7f60fb120730>,7,13,[7 4],8,22,35,14,22
1,<environment.Job instance at 0x7f60fafa35a0>,0,13,[8 3],1,1,14,0,1
1,<environment.Job instance at 0x7f613ee4e3c0>,14,15,[4 6],15,117,132,102,117
1,<environment.Job instance at 0x7f613ee4e7d0>,17,17,[5 4],18,139,156,121,139
1,<environment.Job instance at 0x7f6141092870>,0,14,[2 7],1,1,15,0,1
1,<environment.Job instance at 0x7f613ef56b40>,2,14,[5 5],3,15,29,12,3
1,<environment.Job instance at 0x7f613ea12d70>,10,12,[6 3],11,36,48,25,36
1,<environment.Job instance at 0x7f613ea12820>,15,13,[9 5],16,83,96,67,83
1,<environment.Job instance at 0x7f613ea12aa0>,16,18,[6 2],17,96,114,79,85
1,<environment.Job instance at 0x7f613ea124b0>,18,13,[7 5],19,114,127,95,98
1,<environment.Job instance at 0x7f60fadcc1e0>,21,15,[7 3],22,136,151,114,136
1,<environment.Job instance at 0x7f613ec97320>,32,18,[5 4],33,259,277,226,259
1,<environment.Job instance at 0x7f60faede410>,1,14,[5 7],2,2,16,0,2
1,<environment.Job instance at 0x7f61411fc140>,2,16,[4 6],3,16,32,13,3
1,<environment.Job instance at 0x7f6145e625a0>,12,12,[2 5],13,71,83,58,71
1,<environment.Job instance at 0x7f613ec4be60>,13,13,[9 2],14,79,92,65,79
1,<environment.Job instance at 0x7f60fb45a9b0>,18,16,[7 4],19,124,140,105,124
1,<environment.Job instance at 0x7f613efbc780>,30,13,[1 9],31,250,263,219,250
1,<environment.Job instance at 0x7f60fb277550>,0,12,[5 8],1,1,13,0,1
1,<environment.Job instance at 0x7f613ec15fa0>,19,16,[3 6],20,204,220,184,204
1,<environment.Job instance at 0x7f613ec4b4b0>,0,18,[8 2],1,1,19,0,1
1,<environment.Job instance at 0x7f60faefb690>,10,15,[8 2],11,61,76,50,61
1,<environment.Job instance at 0x7f60faefb370>,13,18,[6 1],14,76,94,62,68
1,<environment.Job instance at 0x7f60fb3fee10>,13,12,[5 9],14,103,115,89,103
1,<environment.Job instance at 0x7f61415d0b40>,10,15,[2 6],11,55,70,44,55
1,<environment.Job instance at 0x7f60fb493500>,14,17,[7 1],15,78,95,63,78
1,<environment.Job instance at 0x7f60fb493780>,17,17,[9 2],18,116,133,98,116
1,<environment.Job instance at 0x7f60fb435370>,0,17,[6 4],1,1,18,0,1
1,<environment.Job instance at 0x7f60fb4e7b40>,9,15,[3 8],10,44,59,34,44
1,<environment.Job instance at 0x7f613ec4ba00>,11,16,[8 4],12,67,83,55,67
1,<environment.Job instance at 0x7f60fab0ccd0>,16,25,[1 6],17,96,121,79,96
1,<environment.Job instance at 0x7f61410e3af0>,0,19,[6 4],1,1,20,0,1
1,<environment.Job instance at 0x7f613e88e320>,9,14,[6 5],10,25,39,15,25
1,<environment.Job instance at 0x7f65dbab7230>,0,13,[9 3],1,1,14,0,1
1,<environment.Job instance at 0x7f65d66a79b0>,14,13,[7 3],15,70,83,55,70
1,<environment.Job instance at 0x7f65dbc1db40>,0,18,[6 1],1,1,19,0,1
1,<environment.Job instance at 0x7f65dbc25b90>,7,28,[1 9],8,10,38,2,10
1,<environment.Job instance at 0x7f65dbc230a0>,15,27,[4 8],16,114,141,98,114
1,<environment.Job instance at 0x7f65dbc2d230>,0,14,[2 7],1,1,15,0,1
1,<environment.Job instance at 0x7f65dbc25230>,1,15,[4 8],2,15,30,13,2
1,<environment.Job instance at 0x7f659092f9b0>,8,16,[2 6],9,30,46,21,17
1,<environment.Job instance at 0x7f659092ff00>,15,13,[4 8],16,89,102,73,89
1,<environment.Job instance at 0x7f65909a9870>,26,13,[2 5],27,235,248,208,235
1,<environment.Job instance at 0x7f65909a96e0>,29,17,[6 2],30,261,278,231,261
1,<environment.Job instance at 0x7f65909a9820>,30,17,[5 1],31,278,295,247,266
1,<environment.Job instance at 0x7f6590b29be0>,11,13,[4 9],12,85,98,73,85
1,<environment.Job instance at 0x7f6590e9bdc0>,19,14,[ 5 10],20,138,152,118,138
1,<environment.Job instance at 0x7f6590e83c30>,20,16,[5 9],21,152,168,131,139
1,<environment.Job instance at 0x7f65909de2d0>,1,12,[10  2],2,2,14,0,2
1,<environment.Job instance at 0x7f65909f12d0>,0,18,[7 3],1,1,19,0,1
1,<environment.Job instance at 0x7f65d6853730>,9,15,[7 3],10,21,36,11,21
1,<environment.Job instance at 0x7f6590d6d870>,10,17,[4 7],11,36,53,25,31
1,<environment.Job instance at 0x7f65d6832c80>,20,15,[6 3],21,103,118,82,103
1,<environment.Job instance at 0x7f65d64f6960>,31,13,[7 1],32,208,221,176,208
1,<environment.Job instance at 0x7f65d691bf00>,2,16,[6 5],3,3,19,0,3
1,<environment.Job instance at 0x7f65d6e49640>,16,18,[5 4],17,115,133,98,115
1,<environment.Job instance at 0x7f65d6e49280>,19,13,[7 2],20,133,146,113,121
1,<environment.Job instance at 0x7f65908b9050>,26,16,[4 7],27,202,218,175,202
1,<environment.Job instance at 0x7f65908cfc30>,34,15,[3 5],35,267,282,232,267
1,<environment.Job instance at 0x7f65d70f88c0>,0,15,[5 6],1,1,16,0,1
1,<environment.Job instance at 0x7f6590eeefa0>,25,12,[1 9],26,245,257,219,245
1,<environment.Job instance at 0x7f6590afe690>,8,14,[6 1],9,44,58,35,44
1,<environment.Job instance at 0x7f65d6564320>,1,16,[5 1],2,2,18,0,2
1,<environment.Job instance at 0x7f6590d13140>,10,12,[5 8],11,145,157,134,145
1,<environment.Job instance at 0x7f65d71d3780>,30,15,[1 6],31,229,244,198,229
1,<environment.Job instance at 0x7f65d66b1af0>,0,18,[8 2],1,1,19,0,1
1,<environment.Job instance at 0x7f65d68b5a00>,16,12,[3 5],17,114,126,97,114
1,<environment.Job instance at 0x7f65d68b5b90>,18,14,[6 1],19,134,148,115,134
1,<environment.Job instance at 0x7f659077b320>,5,22,[8 4],6,7,29,1,7
1,<environment.Job instance at 0x7f65d6975140>,8,27,[ 1 10],9,55,82,46,55
1,<environment.Job instance at 0x7f65d733ef00>,13,16,[ 1 10],14,82,98,68,71
1,<environment.Job instance at 0x7f65d685b4b0>,23,15,[8 1],24,167,182,143,167
1,<environment.Job instance at 0x7f65d69ed0f0>,1,12,[4 5],2,2,14,0,2
1,<environment.Job instance at 0x7f65d682a410>,4,28,[4 9],5,59,87,54,59
1,<environment.Job instance at 0x7f65d703bd20>,11,16,[4 8],12,87,103,75,74
1,<environment.Job instance at 0x7f65d703ba00>,14,19,[5 3],15,111,130,96,111
1,<environment.Job instance at 0x7f65d703bc80>,17,14,[5 6],18,137,151,119,137
1,<environment.Job instance at 0x7f65906953c0>,12,15,[3 8],13,93,108,80,93
1,<environment.Job instance at 0x7f65d6565b90>,19,14,[1 5],20,162,176,142,162
1,<environment.Job instance at 0x7f6590a6f640>,20,19,[5 2],21,162,181,141,162
1,<environment.Job instance at 0x7f6590937c30>,9,12,[7 3],10,34,46,24,34
1,<environment.Job instance at 0x7f65d66959b0>,8,17,[7 2],9,49,66,40,49
1,<environment.Job instance at 0x7f65d6695410>,5,14,[10  1],6,247,261,241,247
1,<environment.Job instance at 0x7f65d6d8c370>,9,12,[4 6],10,59,71,49,59
1,<environment.Job instance at 0x7f65d6d8c140>,11,15,[4 8],12,71,86,59,60
1,<environment.Job instance at 0x7f6590e566e0>,3,27,[4 6],4,89,116,85,89
1,<environment.Job instance at 0x7fcf51258140>,0,13,[9 3],1,1,14,0,1
1,<environment.Job instance at 0x7fcf49e48af0>,14,13,[7 3],15,68,81,53,68
1,<environment.Job instance at 0x7fcf49e48f00>,23,18,[2 7],24,218,236,194,218
1,<environment.Job instance at 0x7fcf49f017d0>,0,13,[7 4],1,1,14,0,1
1,<environment.Job instance at 0x7fcf49e4a280>,3,20,[ 4 10],4,19,39,15,19
1,<environment.Job instance at 0x7fcf513c6320>,10,14,[1 8],11,39,53,28,27
1,<environment.Job instance at 0x7fcf513cc410>,1,15,[6 1],2,2,17,0,2
1,<environment.Job instance at 0x7fcf0622e0a0>,9,17,[6 2],10,37,54,27,37
1,<environment.Job instance at 0x7fcf0622ea50>,15,14,[ 1 10],16,98,112,82,98
1,<environment.Job instance at 0x7fcf0622e5a0>,18,15,[8 2],19,114,129,95,114
1,<environment.Job instance at 0x7fcf0622e320>,22,17,[9 4],23,159,176,136,159
1,<environment.Job instance at 0x7fcf0615d0a0>,12,15,[5 8],13,197,212,184,197
1,<environment.Job instance at 0x7fcf0615dbe0>,16,14,[5 7],17,212,226,195,197
1,<environment.Job instance at 0x7fcf060d7dc0>,13,15,[7 4],14,96,111,82,96
1,<environment.Job instance at 0x7fcf06549910>,22,13,[5 5],23,185,198,162,185
1,<environment.Job instance at 0x7fcf06549b90>,26,14,[6 4],27,236,250,209,236
1,<environment.Job instance at 0x7fcf4c5afcd0>,8,17,[5 5],9,66,83,57,66
1,<environment.Job instance at 0x7fcf4c5af0a0>,9,13,[8 2],10,83,96,73,67
1,<environment.Job instance at 0x7fcf4c5afa50>,13,16,[6 3],14,97,113,83,97
1,<environment.Job instance at 0x7fcf062810f0>,0,13,[8 3],1,1,14,0,1
1,<environment.Job instance at 0x7fcf511de690>,10,13,[7 5],11,84,97,73,84
1,<environment.Job instance at 0x7fcf4c64c550>,14,15,[4 6],15,164,179,149,164
1,<environment.Job instance at 0x7fcf4c64cf50>,18,14,[8 1],19,179,193,160,170
1,<environment.Job instance at 0x7fcf4a07faa0>,6,21,[2 8],7,23,44,16,23
1,<environment.Job instance at 0x7fcf49f53a00>,12,18,[5 4],13,77,95,64,77
1,<environment.Job instance at 0x7fcf061a6eb0>,18,17,[7 4],19,131,148,112,131
1,<environment.Job instance at 0x7fcf0649c410>,0,13,[9 1],1,1,14,0,1
1,<environment.Job instance at 0x7fcf066985a0>,0,18,[3 9],1,1,19,0,1
1,<environment.Job instance at 0x7fcf066430a0>,11,18,[10  5],12,22,40,10,22
1,<environment.Job instance at 0x7fcf49bfeaa0>,13,17,[5 5],14,40,57,26,28
1,<environment.Job instance at 0x7fcf49bfeb40>,19,14,[9 3],20,57,71,37,53
1,<environment.Job instance at 0x7fcf0633e9b0>,21,13,[7 2],22,71,84,49,65
1,<environment.Job instance at 0x7fcf49cb4730>,26,15,[6 2],27,88,103,61,88
1,<environment.Job instance at 0x7fcf066434b0>,8,26,[1 8],9,137,163,128,137
1,<environment.Job instance at 0x7fcf06551af0>,35,13,[8 4],36,206,219,170,206
1,<environment.Job instance at 0x7fcf0648fc30>,0,16,[10  4],1,1,17,0,1
1,<environment.Job instance at 0x7fcf4c993aa0>,0,18,[1 7],1,1,19,0,1
1,<environment.Job instance at 0x7fcf4c756eb0>,7,15,[9 5],8,20,35,12,20
1,<environment.Job instance at 0x7fcf4c7565a0>,13,13,[9 1],14,60,73,46,60
1,<environment.Job instance at 0x7fcf060ebc80>,14,18,[3 9],15,73,91,58,62
1,<environment.Job instance at 0x7fcf060eb7d0>,20,18,[8 2],21,124,142,103,124
1,<environment.Job instance at 0x7fcf49e69a50>,28,17,[6 1],29,250,267,221,250
1,<environment.Job instance at 0x7fcf49e69b40>,30,15,[8 2],31,271,286,240,271
1,<environment.Job instance at 0x7fcf0630ff00>,13,12,[5 9],14,104,116,90,104
1,<environment.Job instance at 0x7fcf06405c80>,13,16,[ 1 10],14,54,70,40,54
1,<environment.Job instance at 0x7fcf49d18be0>,15,12,[9 5],16,70,82,54,57
1,<environment.Job instance at 0x7fcf4c517140>,23,15,[8 1],24,155,170,131,155
1,<environment.Job instance at 0x7fcf05e71b40>,31,16,[4 7],32,237,253,205,237
1,<environment.Job instance at 0x7fcf513cb2d0>,1,16,[4 8],2,2,18,0,2
1,<environment.Job instance at 0x7fcf4c58bb40>,7,14,[5 6],8,21,35,13,21
1,<environment.Job instance at 0x7fcf05e5f140>,10,13,[4 8],11,35,48,24,34
1,<environment.Job instance at 0x7fcf49db07d0>,13,13,[4 6],14,74,87,60,74
1,<environment.Job instance at 0x7fcf4c5a1d70>,16,13,[2 7],17,101,114,84,101
1,<environment.Job instance at 0x7fcf4c5a1f50>,17,14,[9 3],18,114,128,96,101
1,<environment.Job instance at 0x7fcf4c58bfa0>,6,15,[ 5 10],7,128,143,121,121
1,<environment.Job instance at 0x7fcf4c448b90>,26,15,[5 7],27,148,163,121,148
1,<environment.Job instance at 0x7fcf4c448af0>,24,25,[10  3],25,193,218,168,193
1,<environment.Job instance at 0x7fcf4cafdcd0>,30,14,[4 9],31,218,232,187,206
1,<environment.Job instance at 0x7fcf05e5ff50>,0,19,[5 2],1,1,20,0,1
1,<environment.Job instance at 0x7fcf4c4c5500>,24,12,[6 1],25,259,271,234,259
1,<environment.Job instance at 0x7fcf4c4c5410>,26,14,[6 4],27,271,285,244,259
1,<environment.Job instance at 0x7fcf49cd9a00>,15,12,[5 6],16,90,102,74,90
1,<environment.Job instance at 0x7fcf05f5ee10>,22,24,[5 9],23,140,164,117,140
1,<environment.Job instance at 0x7fcf05d61a50>,12,13,[2 9],13,72,85,59,72
1,<environment.Job instance at 0x7f8b38b65190>,0,13,[9 3],1,1,14,0,1
1,<environment.Job instance at 0x7f8b31755af0>,14,13,[7 3],15,109,122,94,109
1,<environment.Job instance at 0x7f8b31755460>,6,20,[6 1],7,133,153,126,133
1,<environment.Job instance at 0x7f8b38bee7d0>,4,21,[1 6],5,139,160,134,139
1,<environment.Job instance at 0x7f8b31764780>,0,14,[1 8],1,1,15,0,1
1,<environment.Job instance at 0x7f8b38cd9500>,31,14,[2 9],32,270,284,238,270
1,<environment.Job instance at 0x7f8aedf30960>,0,17,[8 1],1,1,18,0,1
1,<environment.Job instance at 0x7f8aedf30fa0>,8,12,[8 5],9,28,40,19,28
1,<environment.Job instance at 0x7f8aedefc640>,13,16,[6 3],14,169,185,155,169
1,<environment.Job instance at 0x7f8aedafa960>,19,17,[5 5],20,124,141,104,124
1,<environment.Job instance at 0x7f8aedb3ae10>,0,18,[1 5],1,1,19,0,1
1,<environment.Job instance at 0x7f8b315e7e10>,12,12,[8 4],13,90,102,77,90
1,<environment.Job instance at 0x7f8b315e7500>,14,13,[5 4],15,102,115,87,90
1,<environment.Job instance at 0x7f8b315e7780>,18,15,[7 2],19,138,153,119,138
1,<environment.Job instance at 0x7f8b315e7550>,21,16,[4 6],22,184,200,162,184
1,<environment.Job instance at 0x7f8b315e7d20>,28,13,[5 3],29,271,284,242,271
1,<environment.Job instance at 0x7f8b315e7aa0>,29,16,[ 3 10],30,284,300,254,271
1,<environment.Job instance at 0x7f8b31b889b0>,7,28,[9 2],8,18,46,10,18
1,<environment.Job instance at 0x7f8aed9f56e0>,13,14,[5 4],14,53,67,39,53
1,<environment.Job instance at 0x7f8b314cb320>,6,18,[5 4],7,7,25,0,7
1,<environment.Job instance at 0x7f8b31509f00>,7,17,[7 2],8,25,42,17,21
1,<environment.Job instance at 0x7f8b33eb49b0>,13,15,[10  5],14,60,75,46,60
1,<environment.Job instance at 0x7f8aed8d4e10>,24,15,[3 5],25,149,164,124,149
1,<environment.Job instance at 0x7f8aed8d9460>,32,16,[4 6],33,224,240,191,224
1,<environment.Job instance at 0x7f8b314cba50>,6,12,[10  1],7,12,24,5,12
1,<environment.Job instance at 0x7f8b34121be0>,17,17,[ 1 10],18,79,96,61,79
1,<environment.Job instance at 0x7f8b340cf910>,22,15,[1 7],23,109,124,86,109
1,<environment.Job instance at 0x7f8b3404ec30>,30,13,[1 9],31,207,220,176,207
1,<environment.Job instance at 0x7f8aee011cd0>,17,13,[3 7],18,95,108,77,95
1,<environment.Job instance at 0x7f8b314d39b0>,19,12,[10  2],20,117,129,97,117
1,<environment.Job instance at 0x7f8b31bd3050>,10,12,[3 5],11,73,85,62,73
1,<environment.Job instance at 0x7f8b33e74b40>,14,15,[ 1 10],15,107,122,92,107
1,<environment.Job instance at 0x7f8aedeb18c0>,15,15,[7 1],16,122,137,106,108
1,<environment.Job instance at 0x7f8aedeb1500>,16,16,[8 4],17,137,153,120,124
1,<environment.Job instance at 0x7f8aedfa45f0>,22,18,[2 5],23,190,208,167,190
1,<environment.Job instance at 0x7f8aedd13e10>,2,13,[5 1],3,3,16,0,3
1,<environment.Job instance at 0x7f8b34173230>,11,16,[4 8],12,63,79,51,63
1,<environment.Job instance at 0x7f8aee112af0>,20,13,[4 8],21,146,159,125,146
1,<environment.Job instance at 0x7f8aedc84d20>,27,14,[9 3],28,206,220,178,206
1,<environment.Job instance at 0x7f8aedc84820>,29,19,[5 5],30,244,263,214,244
1,<environment.Job instance at 0x7f8b31a0dfa0>,6,13,[10  3],7,16,29,9,16
1,<environment.Job instance at 0x7f8aed9473c0>,14,12,[6 1],15,93,105,78,93
1,<environment.Job instance at 0x7f8b316880f0>,16,14,[6 4],17,105,119,88,93
1,<environment.Job instance at 0x7f8aed8de6e0>,19,15,[2 8],20,119,134,99,113
1,<environment.Job instance at 0x7f8b3411a280>,11,18,[ 4 10],12,118,136,106,118
1,<environment.Job instance at 0x7f8aedb26820>,12,15,[3 5],13,136,151,123,122
1,<environment.Job instance at 0x7f8b34278960>,22,17,[3 5],23,267,284,244,267
1,<environment.Job instance at 0x7f8aed8df820>,29,12,[8 3],30,255,267,225,255
1,<environment.Job instance at 0x7f8aeda48870>,10,18,[3 8],11,85,103,74,85
1,<environment.Job instance at 0x7fe1d2903190>,0,13,[9 3],1,1,14,0,1
1,<environment.Job instance at 0x7fe1cd7a3aa0>,14,13,[7 3],15,131,144,116,131
1,<environment.Job instance at 0x7fe1d2a73870>,2,13,[3 8],3,3,16,0,3
1,<environment.Job instance at 0x7fe1d2a6e780>,3,13,[3 5],4,16,29,12,4
1,<environment.Job instance at 0x7fe1d2a6e4b0>,6,20,[1 5],7,40,60,33,40
1,<environment.Job instance at 0x7fe1d2a69c30>,17,17,[8 2],18,125,142,107,125
1,<environment.Job instance at 0x7fe1d2a69fa0>,19,16,[5 8],20,142,158,122,140
1,<environment.Job instance at 0x7fe1d2a79230>,1,15,[5 5],2,2,17,0,2
1,<environment.Job instance at 0x7fe1d2a6e0f0>,3,13,[4 8],4,134,147,130,134
1,<environment.Job instance at 0x7fe189a76dc0>,4,20,[6 1],5,179,199,174,179
1,<environment.Job instance at 0x7fe189bd6f50>,1,15,[4 5],2,10,25,8,10
1,<environment.Job instance at 0x7fe189b84280>,10,18,[7 3],11,33,51,22,33
1,<environment.Job instance at 0x7fe1d2a7c230>,17,13,[9 4],18,71,84,53,71
1,<environment.Job instance at 0x7fe1d2a7c5f0>,20,17,[4 7],21,94,111,73,94
1,<environment.Job instance at 0x7fe189ea7eb0>,23,15,[4 9],24,111,126,87,110
1,<environment.Job instance at 0x7fe1899ad320>,31,15,[3 9],32,174,189,142,174
1,<environment.Job instance at 0x7fe189e0fb90>,8,16,[1 5],9,12,28,3,12
1,<environment.Job instance at 0x7fe1cdc3d320>,14,13,[6 5],15,60,73,45,60
1,<environment.Job instance at 0x7fe1cdc3d550>,21,17,[9 2],22,165,182,143,165
1,<environment.Job instance at 0x7fe189ebcbe0>,0,14,[2 7],1,1,15,0,1
1,<environment.Job instance at 0x7fe189ebc690>,2,14,[5 5],3,15,29,12,3
1,<environment.Job instance at 0x7fe1cd90ebe0>,15,13,[9 5],16,71,84,55,71
1,<environment.Job instance at 0x7fe1cdc985a0>,16,18,[6 2],17,84,102,67,73
1,<environment.Job instance at 0x7fe1cd90e280>,18,13,[7 5],19,102,115,83,86
1,<environment.Job instance at 0x7fe1cff26140>,21,15,[7 3],22,124,139,102,124
1,<environment.Job instance at 0x7fe1cfdf9870>,25,14,[4 7],26,173,187,147,173
1,<environment.Job instance at 0x7fe1cfd74690>,32,18,[5 4],33,247,265,214,247
1,<environment.Job instance at 0x7fe1cfd74c80>,34,13,[1 6],35,265,278,230,265
1,<environment.Job instance at 0x7fe1d27f3b90>,0,13,[9 1],1,1,14,0,1
1,<environment.Job instance at 0x7fe1cfe86820>,1,13,[7 2],2,2,15,0,2
1,<environment.Job instance at 0x7fe1d01468c0>,2,12,[5 2],3,15,27,12,3
1,<environment.Job instance at 0x7fe1cfe67af0>,25,15,[3 6],26,160,175,134,160
1,<environment.Job instance at 0x7fe1cff4c910>,0,12,[5 8],1,1,13,0,1
1,<environment.Job instance at 0x7fe189dedf50>,12,16,[ 5 10],13,136,152,123,136
1,<environment.Job instance at 0x7fe1cd78e6e0>,19,16,[3 6],20,204,220,184,204
1,<environment.Job instance at 0x7fe1cd78e1e0>,2,19,[7 5],3,101,120,98,101
1,<environment.Job instance at 0x7fe1cfe32910>,18,13,[2 8],19,162,175,143,162
1,<environment.Job instance at 0x7fe189f17b90>,16,13,[7 3],17,141,154,124,141
1,<environment.Job instance at 0x7fe18a148320>,14,17,[7 1],15,62,79,47,62
1,<environment.Job instance at 0x7fe189b9ccd0>,7,15,[10  2],8,21,36,13,21
1,<environment.Job instance at 0x7fe18a085730>,12,15,[3 8],13,64,79,51,64
1,<environment.Job instance at 0x7fe189a690a0>,19,14,[1 5],20,144,158,124,144
1,<environment.Job instance at 0x7fe1cfddde10>,16,13,[10  3],17,152,165,135,152
1,<environment.Job instance at 0x7fe1cfddd3c0>,17,18,[10  5],18,165,183,147,156
1,<environment.Job instance at 0x7fe189dc2a00>,24,12,[6 1],25,270,282,245,270
1,<environment.Job instance at 0x7fe189dc25f0>,25,12,[1 8],26,270,282,244,270
1,<environment.Job instance at 0x7fe1cd9edaf0>,11,18,[ 4 10],12,115,133,103,115
1,<environment.Job instance at 0x7fe1cd9eddc0>,12,15,[3 5],13,133,148,120,119
1,<environment.Job instance at 0x7fe1cfeceaf0>,1,18,[2 6],2,2,20,0,2
1,<environment.Job instance at 0x7fe1cd6c2e10>,19,12,[8 3],20,97,109,77,97
1,<environment.Job instance at 0x7fe189b2a140>,1,13,[5 1],2,2,15,0,2
1,<environment.Job instance at 0x7fe189e09be0>,6,21,[6 5],7,20,41,13,20
1,<environment.Job instance at 0x7fe189f780a0>,31,18,[8 1],32,215,233,183,215
1,<environment.Job instance at 0x7fe189c3a230>,21,14,[4 8],22,148,162,126,148
1,<environment.Job instance at 0x7fe1cd721b90>,26,14,[5 3],27,224,238,197,224
1,<environment.Job instance at 0x7fe1cd5ed280>,15,17,[ 5 10],16,117,134,101,117
1,<environment.Job instance at 0x7fe1cd5d78c0>,16,15,[5 6],17,134,149,117,122
1,<environment.Job instance at 0x7fe035254140>,0,13,[9 3],1,1,14,0,1
1,<environment.Job instance at 0x7fe0340f5aa0>,14,13,[7 3],15,79,92,64,79
1,<environment.Job instance at 0x7fe0340f5eb0>,23,18,[2 7],24,239,257,215,239
1,<environment.Job instance at 0x7fe0340f81e0>,7,17,[8 2],8,28,45,20,28
1,<environment.Job instance at 0x7fe0353c0320>,10,13,[8 5],11,45,58,34,43
1,<environment.Job instance at 0x7fe0353c2050>,11,14,[2 9],12,58,72,46,44
1,<environment.Job instance at 0x7fdfea2cd820>,0,13,[1 6],1,1,14,0,1
1,<environment.Job instance at 0x7fdfea1e10f0>,8,14,[8 3],9,14,28,5,14
1,<environment.Job instance at 0x7fdfea17f550>,12,18,[3 6],13,42,60,29,42
1,<environment.Job instance at 0x7fdfea17f0f0>,24,18,[8 3],25,172,190,147,172
1,<environment.Job instance at 0x7fdfea17f370>,28,13,[1 7],29,176,189,147,176
1,<environment.Job instance at 0x7fdfea550230>,11,12,[10  2],12,62,74,50,62
1,<environment.Job instance at 0x7fdfea0fea00>,16,18,[6 4],17,108,126,91,108
1,<environment.Job instance at 0x7fdfea190280>,15,27,[10  2],16,132,159,116,132
1,<environment.Job instance at 0x7fdfea23dfa0>,2,14,[3 6],3,18,32,15,18
1,<environment.Job instance at 0x7fdfea700500>,6,16,[5 8],7,57,73,50,57
1,<environment.Job instance at 0x7fe0346466e0>,11,14,[6 1],12,73,87,61,61
1,<environment.Job instance at 0x7fdfea2478c0>,13,17,[10  4],14,93,110,79,93
1,<environment.Job instance at 0x7fdfea0514b0>,0,13,[7 5],1,1,14,0,1
1,<environment.Job instance at 0x7fe0342adbe0>,7,14,[9 5],8,31,45,23,31
1,<environment.Job instance at 0x7fe0341e25a0>,12,17,[6 4],13,72,89,59,72
1,<environment.Job instance at 0x7fe0341e2690>,14,21,[ 3 10],15,116,137,101,116
1,<environment.Job instance at 0x7fdfea5d0b90>,0,17,[2 9],1,1,18,0,1
1,<environment.Job instance at 0x7fe0340acc80>,3,15,[10  1],4,27,42,23,27
1,<environment.Job instance at 0x7fdfea1d15f0>,20,16,[ 1 10],21,79,95,58,79
1,<environment.Job instance at 0x7fe0348ad820>,0,12,[9 5],1,1,13,0,1
1,<environment.Job instance at 0x7fe0343355a0>,2,12,[9 4],3,13,25,10,3
1,<environment.Job instance at 0x7fe033ebb0f0>,25,13,[5 7],26,202,215,176,202
1,<environment.Job instance at 0x7fdfea34ab90>,20,18,[ 2 10],21,219,237,198,219
1,<environment.Job instance at 0x7fe034335280>,0,14,[2 9],1,1,15,0,1
1,<environment.Job instance at 0x7fe033ebb5f0>,17,15,[9 5],18,196,211,178,196
1,<environment.Job instance at 0x7fe033ebb960>,20,25,[1 6],21,253,278,232,253
1,<environment.Job instance at 0x7fe0341c0c80>,0,12,[ 5 10],1,1,13,0,1
1,<environment.Job instance at 0x7fe0342ff1e0>,6,19,[2 8],7,37,56,30,37
1,<environment.Job instance at 0x7fdfea626a00>,11,13,[9 3],12,56,69,44,56
1,<environment.Job instance at 0x7fe03514caa0>,17,13,[5 9],18,113,126,95,113
1,<environment.Job instance at 0x7fdfea32b140>,16,28,[4 7],17,163,191,146,163
1,<environment.Job instance at 0x7fdfea7d75f0>,1,15,[3 5],2,2,17,0,2
1,<environment.Job instance at 0x7fe034335a00>,2,13,[6 5],3,3,16,0,3
1,<environment.Job instance at 0x7fe0348adc30>,15,17,[ 3 10],16,113,130,97,113
1,<environment.Job instance at 0x7fe0340b79b0>,21,12,[4 7],22,130,142,108,128
1,<environment.Job instance at 0x7fe0340b7730>,22,18,[10  4],23,142,160,119,131
1,<environment.Job instance at 0x7fdfea626500>,0,17,[6 4],1,1,18,0,1
1,<environment.Job instance at 0x7fe0348b57d0>,12,12,[6 4],13,44,56,31,44
1,<environment.Job instance at 0x7fe034853fa0>,17,25,[ 4 10],18,142,167,124,142
1,<environment.Job instance at 0x7fe0342412d0>,1,15,[5 6],2,2,17,0,2
1,<environment.Job instance at 0x7fdfea1f9140>,14,12,[1 6],15,112,124,97,112
1,<environment.Job instance at 0x7fdfea0a5730>,23,16,[7 3],24,260,276,236,260
1,<environment.Job instance at 0x7fdfe9e21140>,8,25,[10  5],9,30,55,21,30
1,<environment.Job instance at 0x7fe03409a550>,1,13,[5 1],2,2,15,0,2
1,<environment.Job instance at 0x7fdfea20e050>,13,14,[ 3 10],14,71,85,57,71
1,<environment.Job instance at 0x7fe0341a4dc0>,15,18,[5 3],16,97,115,81,97
1,<environment.Job instance at 0x7fdfe9e5f230>,20,12,[7 5],21,117,129,96,117
1,<environment.Job instance at 0x7fe034402230>,29,12,[3 5],30,203,215,173,203
1,<environment.Job instance at 0x7fe0343f1e10>,1,15,[10  5],2,134,149,132,134
1,<environment.Job instance at 0x7fdfe9f295f0>,7,23,[10  1],8,12,35,4,12
1,<environment.Job instance at 0x7fdfea1362d0>,13,28,[9 3],14,141,169,127,141
1,<environment.Job instance at 0x7fe0340e3a00>,30,16,[ 1 10],31,264,280,233,264
1,<environment.Job instance at 0x7fe03518ce60>,0,16,[7 5],1,1,17,0,1
1,<environment.Job instance at 0x7fdfea0f5550>,5,17,[5 1],6,17,34,11,6
1,<environment.Job instance at 0x7fa1699b4190>,0,13,[9 3],1,1,14,0,1
1,<environment.Job instance at 0x7fa1625a5af0>,14,13,[7 3],15,59,72,44,59
1,<environment.Job instance at 0x7fa1625a5730>,11,26,[4 8],12,101,127,89,101
1,<environment.Job instance at 0x7fa1625a5dc0>,17,28,[ 5 10],18,158,186,140,158
1,<environment.Job instance at 0x7fa169b1b460>,0,13,[8 5],1,1,14,0,1
1,<environment.Job instance at 0x7fa1625a7280>,1,14,[2 9],2,14,28,12,2
1,<environment.Job instance at 0x7fa169b200a0>,25,16,[2 8],26,239,255,213,239
1,<environment.Job instance at 0x7fa11e8e4d20>,8,13,[1 7],9,10,23,1,10
1,<environment.Job instance at 0x7fa11e83f0f0>,9,17,[5 9],10,58,75,48,58
1,<environment.Job instance at 0x7fa11ea6adc0>,1,15,[6 3],2,75,90,73,70
1,<environment.Job instance at 0x7fa11e981640>,5,25,[7 1],6,122,147,116,122
1,<environment.Job instance at 0x7fa11e847eb0>,23,14,[1 5],24,195,209,171,195
1,<environment.Job instance at 0x7fa11e8471e0>,25,18,[1 7],26,211,229,185,211
1,<environment.Job instance at 0x7fa11e847050>,28,15,[1 6],29,233,248,204,233
1,<environment.Job instance at 0x7fa11e981320>,7,13,[7 4],8,22,35,14,22
1,<environment.Job instance at 0x7fa1628bf0a0>,12,16,[6 5],13,77,93,64,77
1,<environment.Job instance at 0x7fa1628bf410>,13,14,[5 4],14,93,107,79,79
1,<environment.Job instance at 0x7fa16972c820>,19,16,[9 2],20,132,148,112,132
1,<environment.Job instance at 0x7fa169519230>,34,17,[3 9],35,265,282,230,265
1,<environment.Job instance at 0x7fa11e98b820>,1,14,[5 7],2,2,16,0,2
1,<environment.Job instance at 0x7fa168e6d230>,2,16,[4 6],3,16,32,13,3
1,<environment.Job instance at 0x7fa1626b52d0>,12,12,[2 5],13,66,78,53,66
1,<environment.Job instance at 0x7fa11ed4cd20>,33,16,[7 5],34,259,275,225,259
1,<environment.Job instance at 0x7fa169054e60>,11,18,[10  5],12,54,72,42,54
1,<environment.Job instance at 0x7fa1623fe190>,16,19,[6 2],17,95,114,78,95
1,<environment.Job instance at 0x7fa1624b92d0>,26,15,[6 2],27,118,133,91,118
1,<environment.Job instance at 0x7fa1624b9af0>,35,13,[8 4],36,235,248,199,235
1,<environment.Job instance at 0x7fa1690151e0>,0,12,[5 8],1,1,13,0,1
1,<environment.Job instance at 0x7fa168e16eb0>,19,16,[3 6],20,204,220,184,204
1,<environment.Job instance at 0x7fa168e16c80>,20,15,[1 6],21,220,235,199,206
1,<environment.Job instance at 0x7fa11e8d9780>,24,13,[7 5],25,272,285,247,272
1,<environment.Job instance at 0x7fa169a034b0>,0,15,[5 8],1,1,16,0,1
1,<environment.Job instance at 0x7fa1698ba1e0>,8,14,[5 7],9,113,127,104,113
1,<environment.Job instance at 0x7fa162521820>,25,23,[3 9],26,180,203,154,180
1,<environment.Job instance at 0x7fa162a39b90>,31,12,[10  3],32,217,229,185,217
1,<environment.Job instance at 0x7fa11eca0d70>,32,13,[5 1],33,229,242,196,217
1,<environment.Job instance at 0x7fa11ea1c0a0>,34,13,[9 5],35,242,255,207,231
1,<environment.Job instance at 0x7fa168dc42d0>,38,15,[9 3],39,255,270,216,241
1,<environment.Job instance at 0x7fa168f470f0>,18,18,[3 9],19,218,236,199,218
1,<environment.Job instance at 0x7fa1627135a0>,0,12,[9 4],1,1,13,0,1
1,<environment.Job instance at 0x7fa11ed39b40>,10,14,[4 9],11,40,54,29,40
1,<environment.Job instance at 0x7fa11eca0d70>,16,18,[8 2],17,99,117,82,99
1,<environment.Job instance at 0x7fa11e72e780>,26,15,[ 4 10],27,164,179,137,164
1,<environment.Job instance at 0x7fa11e72ea00>,31,13,[7 1],32,205,218,173,205
1,<environment.Job instance at 0x7fa168dec280>,0,19,[6 4],1,1,20,0,1
1,<environment.Job instance at 0x7fa162a99f00>,9,14,[6 5],10,20,34,10,20
1,<environment.Job instance at 0x7fa162453b40>,19,18,[8 3],20,168,186,148,168
1,<environment.Job instance at 0x7fa162453410>,22,17,[6 1],23,187,204,164,187
1,<environment.Job instance at 0x7fa11eca7190>,11,18,[6 3],12,71,89,59,71
1,<environment.Job instance at 0x7fa168dac640>,2,16,[3 6],3,103,119,100,103
1,<environment.Job instance at 0x7fa1625fd5f0>,14,12,[2 7],15,166,178,151,166
1,<environment.Job instance at 0x7fa1625fdf50>,15,12,[5 6],16,178,190,162,166
1,<environment.Job instance at 0x7fa1627dd190>,1,13,[8 2],2,2,15,0,2
1,<environment.Job instance at 0x7fa11eb35b40>,19,13,[5 6],20,153,166,133,153
1,<environment.Job instance at 0x7fa162796230>,7,23,[ 1 10],8,29,52,21,29
1,<environment.Job instance at 0x7fa11ed38140>,15,14,[10  1],16,76,90,60,76
1,<environment.Job instance at 0x7fa4bf9a2230>,0,13,[9 3],1,1,14,0,1
1,<environment.Job instance at 0x7fa4ba593aa0>,14,13,[7 3],15,91,104,76,91
1,<environment.Job instance at 0x7fa4bf9f4af0>,4,21,[1 6],5,94,115,89,94
1,<environment.Job instance at 0x7fa4bfb182d0>,10,14,[2 7],11,43,57,32,43
1,<environment.Job instance at 0x7fa4748df460>,3,15,[7 4],4,11,26,7,11
1,<environment.Job instance at 0x7fa474c48e10>,12,13,[5 5],13,50,63,37,50
1,<environment.Job instance at 0x7fa474a10aa0>,15,25,[6 5],16,104,129,88,104
1,<environment.Job instance at 0x7fa474a10870>,17,27,[5 9],18,137,164,119,137
1,<environment.Job instance at 0x7fa474cda320>,25,17,[2 9],26,228,245,202,228
1,<environment.Job instance at 0x7fa474cdaeb0>,31,18,[6 1],32,261,279,229,261
1,<environment.Job instance at 0x7fa474a10a50>,16,14,[6 4],17,279,293,262,264
1,<environment.Job instance at 0x7fa4748dfcd0>,8,15,[7 2],9,18,33,9,18
1,<environment.Job instance at 0x7fa4748cc6e0>,11,16,[4 6],12,64,80,52,64
1,<environment.Job instance at 0x7fa474937820>,5,14,[8 5],6,90,104,84,90
1,<environment.Job instance at 0x7fa4ba57e050>,18,13,[5 3],19,133,146,114,133
1,<environment.Job instance at 0x7fa474799410>,21,16,[5 1],22,147,163,125,147
1,<environment.Job instance at 0x7fa4748cc500>,0,14,[7 4],1,1,15,0,1
1,<environment.Job instance at 0x7fa4ba7f1b90>,10,14,[2 7],11,33,47,22,33
1,<environment.Job instance at 0x7fa4baa41410>,12,14,[5 5],13,47,61,34,37
1,<environment.Job instance at 0x7fa474979f00>,15,16,[6 1],16,61,77,45,49
1,<environment.Job instance at 0x7fa4baa3e9b0>,18,18,[1 5],19,78,96,59,78
1,<environment.Job instance at 0x7fa4baa3ea50>,20,12,[6 3],21,105,117,84,105
1,<environment.Job instance at 0x7fa4ba64ebe0>,25,13,[9 5],26,152,165,126,152
1,<environment.Job instance at 0x7fa4ba64e0f0>,26,18,[6 2],27,165,183,138,154
1,<environment.Job instance at 0x7fa4ba64e870>,28,13,[7 5],29,183,196,154,167
1,<environment.Job instance at 0x7fa4748df0a0>,0,12,[9 5],1,1,13,0,1
1,<environment.Job instance at 0x7fa4bf37d190>,6,17,[5 5],7,13,30,6,7
1,<environment.Job instance at 0x7fa4748df5a0>,5,18,[ 2 10],6,69,87,63,69
1,<environment.Job instance at 0x7fa474b5d050>,16,16,[2 9],17,87,103,70,81
1,<environment.Job instance at 0x7fa474e52550>,22,18,[1 6],23,152,170,129,152
1,<environment.Job instance at 0x7fa4bedc0460>,24,18,[9 3],25,170,188,145,170
1,<environment.Job instance at 0x7fa4baa3f8c0>,18,19,[2 6],19,203,222,184,203
1,<environment.Job instance at 0x7fa4bfb108c0>,0,12,[2 5],1,1,13,0,1
1,<environment.Job instance at 0x7fa4bf048a50>,1,13,[9 3],2,13,26,11,2
1,<environment.Job instance at 0x7fa4befe55f0>,10,13,[5 1],11,47,60,36,47
1,<environment.Job instance at 0x7fa474841230>,15,18,[1 8],16,126,144,110,126
1,<environment.Job instance at 0x7fa4baa13e10>,29,12,[5 6],30,269,281,239,269
1,<environment.Job instance at 0x7fa4ba5e9cd0>,0,15,[9 4],1,1,16,0,1
1,<environment.Job instance at 0x7fa47495c410>,31,12,[6 3],32,233,245,201,233
1,<environment.Job instance at 0x7fa4ba57c320>,2,15,[3 8],3,3,18,0,3
1,<environment.Job instance at 0x7fa4bf9cbe60>,9,14,[1 5],10,55,69,45,55
1,<environment.Job instance at 0x7fa47474c3c0>,27,12,[2 6],28,235,247,207,235
1,<environment.Job instance at 0x7fa4ba41f050>,2,20,[7 3],3,3,23,0,3
1,<environment.Job instance at 0x7fa4ba8631e0>,10,16,[ 1 10],11,50,66,39,50
1,<environment.Job instance at 0x7fa4beec30a0>,23,23,[5 2],24,196,219,172,196
1,<environment.Job instance at 0x7fa4beec2910>,27,28,[5 3],28,224,252,196,224
1,<environment.Job instance at 0x7fa4beef2550>,31,28,[10  4],32,252,280,220,252
1,<environment.Job instance at 0x7fa474c36be0>,27,16,[8 5],28,263,279,235,263
1,<environment.Job instance at 0x7fa474a589b0>,10,24,[9 5],11,56,80,45,56
1,<environment.Job instance at 0x7fa474600550>,15,17,[ 5 10],16,80,97,64,71
1,<environment.Job instance at 0x7fa474c129b0>,24,17,[ 2 10],25,168,185,143,168
1,<environment.Job instance at 0x7fa474c12a50>,25,12,[2 8],26,185,197,159,168
1,<environment.Job instance at 0x7fa4befa2d70>,0,16,[7 5],1,1,17,0,1
1,<environment.Job instance at 0x7fa4bf2928c0>,5,17,[5 1],6,17,34,11,6
1,<environment.Job instance at 0x7fa47465f410>,7,23,[ 1 10],8,15,38,7,15
1,<environment.Job instance at 0x7fa4746149b0>,18,15,[3 6],19,99,114,80,99
1,<environment.Job instance at 0x7fa4746146e0>,11,13,[3 6],12,186,199,174,186
1,<environment.Job instance at 0x7fa474d82640>,25,13,[8 1],26,199,212,173,191
1,<environment.Job instance at 0x7fa4745b1960>,0,16,[4 8],1,1,17,0,1
1,<environment.Job instance at 0x7fa4bf2fea50>,7,18,[1 5],8,20,38,12,20
1,<environment.Job instance at 0x7fa4749cbfa0>,10,13,[8 5],11,22,35,11,22
1,<environment.Job instance at 0x7fa474d59780>,17,17,[8 4],18,110,127,92,110
1,<environment.Job instance at 0x7fae2f0bd500>,0,17,[6 1],1,1,18,0,1
1,<environment.Job instance at 0x7fae2df65d20>,10,15,[5 1],11,79,94,68,79
1,<environment.Job instance at 0x7fae2df65dc0>,11,15,[6 1],12,94,109,82,80
1,<environment.Job instance at 0x7fae2df65fa0>,13,13,[10  3],14,109,122,95,100
1,<environment.Job instance at 0x7fae2df68780>,22,13,[7 4],23,212,225,189,212
1,<environment.Job instance at 0x7fae2df68a00>,26,12,[8 5],27,252,264,225,252
1,<environment.Job instance at 0x7fae2df689b0>,1,13,[5 6],2,2,15,0,2
1,<environment.Job instance at 0x7fae2f23e320>,20,15,[8 4],21,169,184,148,169
1,<environment.Job instance at 0x7fae2f23e500>,21,14,[4 9],22,184,198,162,169
1,<environment.Job instance at 0x7fae2f238410>,28,16,[8 1],29,198,214,169,189
1,<environment.Job instance at 0x7fae2de4b9b0>,4,13,[7 3],5,239,252,234,239
1,<environment.Job instance at 0x7fae2f2358c0>,36,15,[1 7],37,242,257,205,242
1,<environment.Job instance at 0x7fae2f235780>,38,18,[7 1],39,260,278,221,260
1,<environment.Job instance at 0x7fade3fe9410>,6,16,[7 5],7,31,47,24,31
1,<environment.Job instance at 0x7fade3fe9370>,9,18,[1 9],10,54,72,44,54
1,<environment.Job instance at 0x7fade3fab370>,22,18,[7 4],23,193,211,170,193
1,<environment.Job instance at 0x7fade3fa26e0>,2,12,[1 5],3,3,15,0,3
1,<environment.Job instance at 0x7fae2df194b0>,23,13,[5 7],24,243,256,219,243
1,<environment.Job instance at 0x7fade42d1910>,6,14,[3 5],7,30,44,23,30
1,<environment.Job instance at 0x7fae2e5faeb0>,0,12,[5 5],1,1,13,0,1
1,<environment.Job instance at 0x7fae2ec423c0>,10,14,[7 1],11,25,39,14,25
1,<environment.Job instance at 0x7fade417b870>,20,14,[3 7],21,154,168,133,154
1,<environment.Job instance at 0x7fae2e48e960>,24,16,[ 4 10],25,206,222,181,206
1,<environment.Job instance at 0x7fae2e08d190>,5,25,[5 2],6,16,41,10,16
1,<environment.Job instance at 0x7fae2e32c7d0>,8,14,[3 6],9,17,31,8,17
1,<environment.Job instance at 0x7fae2e32cb40>,9,12,[6 4],10,41,53,31,24
1,<environment.Job instance at 0x7fae2dd5b230>,18,16,[5 2],19,148,164,129,148
1,<environment.Job instance at 0x7fade453be10>,5,13,[5 6],6,51,64,45,51
1,<environment.Job instance at 0x7fae2e318690>,6,15,[2 6],7,16,31,9,16
1,<environment.Job instance at 0x7fade464bbe0>,10,15,[5 2],11,36,51,25,36
1,<environment.Job instance at 0x7fade415e370>,17,15,[ 4 10],18,100,115,82,100
1,<environment.Job instance at 0x7fade415edc0>,21,14,[5 3],22,122,136,100,122
1,<environment.Job instance at 0x7fae2df01870>,0,15,[3 5],1,1,16,0,1
1,<environment.Job instance at 0x7fade415e5a0>,2,17,[5 5],3,3,20,0,3
1,<environment.Job instance at 0x7fae2eb13f50>,0,15,[2 7],1,1,16,0,1
1,<environment.Job instance at 0x7fae2ec7e1e0>,1,16,[6 1],2,3,19,1,3
1,<environment.Job instance at 0x7fae2f0a6190>,10,13,[4 5],11,16,29,5,14
1,<environment.Job instance at 0x7fae2ea24dc0>,12,16,[1 5],13,33,49,20,33
1,<environment.Job instance at 0x7fae2e76a690>,0,14,[5 1],1,1,15,0,1
1,<environment.Job instance at 0x7fade43926e0>,9,22,[ 4 10],10,147,169,137,147
1,<environment.Job instance at 0x7fae2e1893c0>,12,25,[8 5],13,82,107,69,82
1,<environment.Job instance at 0x7fae2e4d6aa0>,22,16,[5 4],23,162,178,139,162
1,<environment.Job instance at 0x7fae2ea7c780>,28,14,[6 5],29,225,239,196,225
1,<environment.Job instance at 0x7fae2e4343c0>,0,15,[5 5],1,1,16,0,1
1,<environment.Job instance at 0x7fae2eb60690>,5,18,[6 4],6,61,79,55,61
1,<environment.Job instance at 0x7fae2de69280>,22,23,[8 3],23,139,162,116,139
1,<environment.Job instance at 0x7fae2de83b40>,9,15,[9 2],10,63,78,53,63
1,<environment.Job instance at 0x7fade42be640>,34,16,[1 6],35,267,283,232,267
1,<environment.Job instance at 0x7fae2ec82320>,1,15,[5 4],2,2,17,0,2
1,<environment.Job instance at 0x7fae2e6b00a0>,15,12,[5 5],16,137,149,121,137
1,<environment.Job instance at 0x7fae2e534d70>,19,17,[8 3],20,157,174,137,157
1,<environment.Job instance at 0x7fae2e98ba50>,21,14,[8 3],22,174,188,152,171
1,<environment.Job instance at 0x7fae2e534320>,22,13,[10  5],23,188,201,165,177
1,<environment.Job instance at 0x7fae2e20eb90>,15,12,[10  2],16,132,144,116,132
1,<environment.Job instance at 0x7fae2e875dc0>,22,17,[3 5],23,192,209,169,192
1,<environment.Job instance at 0x7fae2e42ffa0>,2,19,[2 5],3,13,32,10,13
1,<environment.Job instance at 0x7fae2e870c80>,7,17,[6 2],8,22,39,14,22
1,<environment.Job instance at 0x7fade4246f50>,10,19,[4 5],11,51,70,40,51
1,<environment.Job instance at 0x7f16f9075d20>,10,15,[5 1],11,79,94,68,79
1,<environment.Job instance at 0x7f16f9075dc0>,11,15,[6 1],12,94,109,82,80
1,<environment.Job instance at 0x7f16f9075fa0>,13,13,[10  3],14,109,122,95,93
1,<environment.Job instance at 0x7f16f9078780>,22,13,[7 4],23,225,238,202,225
1,<environment.Job instance at 0x7f16f9078a00>,26,12,[8 5],27,265,277,238,265
1,<environment.Job instance at 0x7f16fe4af0a0>,3,12,[5 3],4,7,19,3,7
1,<environment.Job instance at 0x7f16fe4af820>,10,15,[8 4],11,23,38,12,23
1,<environment.Job instance at 0x7f16fe5f5820>,13,18,[3 5],14,38,56,24,27
1,<environment.Job instance at 0x7f16fe5f5500>,15,17,[7 1],16,42,59,26,42
1,<environment.Job instance at 0x7f16fe5f5f50>,18,16,[8 1],19,59,75,40,46
1,<environment.Job instance at 0x7f16f907fdc0>,4,24,[2 8],5,72,96,67,72
1,<environment.Job instance at 0x7f16fe5f9410>,29,16,[4 9],30,102,118,72,102
1,<environment.Job instance at 0x7f16fe5fef50>,36,16,[8 4],37,183,199,146,183
1,<environment.Job instance at 0x7f16fe5fe910>,37,18,[2 6],38,184,202,146,184
1,<environment.Job instance at 0x7f16b33250f0>,16,12,[5 4],17,100,112,83,100
1,<environment.Job instance at 0x7f16b346e640>,7,16,[1 7],8,8,24,0,8
1,<environment.Job instance at 0x7f16b346e320>,6,17,[9 2],7,15,32,8,15
1,<environment.Job instance at 0x7f16b393d780>,24,18,[5 4],25,138,156,113,138
1,<environment.Job instance at 0x7f16b3442960>,0,13,[2 7],1,1,14,0,1
1,<environment.Job instance at 0x7f16b3376b90>,6,13,[4 5],7,14,27,7,14
1,<environment.Job instance at 0x7f16b37315f0>,12,13,[3 5],13,42,55,29,42
1,<environment.Job instance at 0x7f16b3443be0>,0,12,[5 5],1,1,13,0,1
1,<environment.Job instance at 0x7f16f9d36dc0>,10,14,[7 1],11,45,59,34,45
1,<environment.Job instance at 0x7f16f9d36b90>,14,12,[4 7],15,85,97,70,85
1,<environment.Job instance at 0x7f16b37270a0>,3,18,[9 5],4,121,139,117,121
1,<environment.Job instance at 0x7f16f9d365f0>,20,14,[3 7],21,167,181,146,167
1,<environment.Job instance at 0x7f16f96a5a50>,8,16,[5 2],9,57,73,48,57
1,<environment.Job instance at 0x7f16f9282e10>,15,13,[5 5],16,118,131,102,118
1,<environment.Job instance at 0x7f16f90925a0>,14,15,[2 6],15,75,90,60,75
1,<environment.Job instance at 0x7f16f9092190>,15,17,[10  4],16,90,107,74,81
1,<environment.Job instance at 0x7f16f9a3df00>,27,15,[4 9],28,228,243,200,228
1,<environment.Job instance at 0x7f16b39427d0>,29,12,[4 6],30,260,272,230,260
1,<environment.Job instance at 0x7f16b36495f0>,8,25,[5 3],9,44,69,35,44
1,<environment.Job instance at 0x7f16b3649eb0>,14,16,[4 6],15,96,112,81,96
1,<environment.Job instance at 0x7f16b386e910>,16,16,[7 2],17,112,128,95,99
1,<environment.Job instance at 0x7f16b336dd20>,20,15,[3 5],21,168,183,147,168
1,<environment.Job instance at 0x7f16b336d780>,22,17,[5 5],23,207,224,184,207
1,<environment.Job instance at 0x7f16f9394c30>,2,18,[2 5],3,3,21,0,3
1,<environment.Job instance at 0x7f16f9928500>,10,15,[2 7],11,33,48,22,33
1,<environment.Job instance at 0x7f16f9928af0>,11,16,[6 1],12,33,49,21,33
1,<environment.Job instance at 0x7f16f99288c0>,14,18,[4 7],15,51,69,36,51
1,<environment.Job instance at 0x7f16b3720230>,19,14,[ 3 10],20,120,134,100,120
1,<environment.Job instance at 0x7f16b3720a00>,20,13,[4 5],21,134,147,113,120
1,<environment.Job instance at 0x7f16f9394910>,5,19,[5 7],6,147,166,141,146
1,<environment.Job instance at 0x7f16f906b1e0>,28,13,[10  1],29,207,220,178,207
1,<environment.Job instance at 0x7f16f95d6780>,0,14,[5 1],1,1,15,0,1
1,<environment.Job instance at 0x7f16f90d7690>,21,13,[6 4],22,221,234,199,221
1,<environment.Job instance at 0x7f16b3154320>,27,18,[8 3],28,274,292,246,274
1,<environment.Job instance at 0x7f16b388fa50>,12,16,[5 4],13,74,90,61,74
1,<environment.Job instance at 0x7f16b373b320>,16,17,[3 5],17,101,118,84,101
1,<environment.Job instance at 0x7f16b373b7d0>,18,14,[6 5],19,123,137,104,123
1,<environment.Job instance at 0x7f16f9762e60>,28,12,[1 7],29,265,277,236,265
1,<environment.Job instance at 0x7f16f9762cd0>,30,16,[1 7],31,277,293,246,265
1,<environment.Job instance at 0x7f16f97608c0>,1,17,[2 7],2,2,19,0,2
1,<environment.Job instance at 0x7f16f9760730>,10,14,[9 2],11,40,54,29,40
1,<environment.Job instance at 0x7f16b391c820>,8,14,[5 2],9,23,37,14,23
1,<environment.Job instance at 0x7f16b391c5a0>,4,16,[1 6],5,31,47,26,31
1,<environment.Job instance at 0x7f16b391ca00>,12,16,[9 3],13,37,53,24,37
1,<environment.Job instance at 0x7f16b391c550>,21,15,[5 4],22,161,176,139,161
1,<environment.Job instance at 0x7f16f9a3a870>,26,14,[7 3],27,210,224,183,210
1,<environment.Job instance at 0x7f16f8f6e410>,0,18,[7 4],1,1,19,0,1
1,<environment.Job instance at 0x7f16f9327cd0>,22,17,[3 5],23,194,211,171,194
1,<environment.Job instance at 0x7f16f95c9cd0>,4,21,[5 4],5,6,27,1,6
1,<environment.Job instance at 0x7f16b379b460>,7,28,[3 5],8,8,36,0,8
1,<environment.Job instance at 0x7f16b36c7870>,12,14,[8 4],13,36,50,23,31
1,<environment.Job instance at 0x7f16b34ea5a0>,2,16,[6 3],3,50,66,47,45
1,<environment.Job instance at 0x7f16f9128230>,18,13,[7 1],19,66,79,47,50
1,<environment.Job instance at 0x7f16b380d8c0>,44,14,[1 6],45,245,259,200,245
1,<environment.Job instance at 0x7f16b39af3c0>,7,17,[8 4],8,9,26,1,9
1,<environment.Job instance at 0x7f16f981c6e0>,9,14,[5 1],10,37,51,27,37
1,<environment.Job instance at 0x7f16f8e42690>,10,14,[2 8],11,37,51,26,37
1,<environment.Job instance at 0x7f16f8f11e60>,13,14,[5 2],14,88,102,74,88
1,<environment.Job instance at 0x7f16f8f11820>,16,15,[8 1],17,106,121,89,106
1,<environment.Job instance at 0x7f16f8f11780>,17,13,[5 1],18,121,134,103,106
1,<environment.Job instance at 0x7f16b346d870>,24,15,[5 5],25,175,190,150,175
1,<environment.Job instance at 0x7f16f9586be0>,0,18,[5 5],1,1,19,0,1
1,<environment.Job instance at 0x7f16f9358960>,7,15,[8 2],8,27,42,19,27
1,<environment.Job instance at 0x7f16f9358190>,11,16,[8 3],12,86,102,74,86
1,<environment.Job instance at 0x7f16b320da00>,18,17,[3 8],19,167,184,148,167
1,<environment.Job instance at 0x7f16b320d730>,20,16,[3 7],21,184,200,163,182
1,<environment.Job instance at 0x7f16b320dd20>,21,18,[5 5],22,200,218,178,189
1,<environment.Job instance at 0x7f50b6709230>,0,17,[6 1],1,7,24,6,7
1,<environment.Job instance at 0x7f50af2f98c0>,11,15,[6 1],12,55,70,43,55
1,<environment.Job instance at 0x7f50af2f9a00>,13,13,[10  3],14,70,83,56,70
1,<environment.Job instance at 0x7f50af2f9d70>,22,13,[7 4],23,157,170,134,157
1,<environment.Job instance at 0x7f50af2fb460>,32,17,[9 3],33,222,239,189,222
1,<environment.Job instance at 0x7f50af2fb640>,35,16,[1 9],36,248,264,212,248
1,<environment.Job instance at 0x7f50af304230>,0,15,[8 4],1,1,16,0,1
1,<environment.Job instance at 0x7f50af2fbb40>,1,14,[4 9],2,16,30,14,2
1,<environment.Job instance at 0x7f50b6879370>,3,18,[3 5],4,30,48,26,19
1,<environment.Job instance at 0x7f50b687f1e0>,19,16,[4 9],20,70,86,50,70
1,<environment.Job instance at 0x7f50b687f640>,22,15,[9 1],23,97,112,74,97
1,<environment.Job instance at 0x7f50b68752d0>,1,13,[1 8],2,2,15,0,2
1,<environment.Job instance at 0x7f506b5aa550>,12,12,[1 5],13,71,83,58,71
1,<environment.Job instance at 0x7f5074fbe280>,30,13,[2 7],31,269,282,238,269
1,<environment.Job instance at 0x7f50af2ad7d0>,2,15,[5 8],3,3,18,0,3
1,<environment.Job instance at 0x7f506b6a1b40>,5,23,[3 6],6,83,106,77,83
1,<environment.Job instance at 0x7f506b9ffaf0>,5,25,[5 2],6,15,40,9,15
1,<environment.Job instance at 0x7f50b67088c0>,20,12,[ 1 10],21,166,178,145,166
1,<environment.Job instance at 0x7f506b940640>,15,17,[10  4],16,83,100,67,83
1,<environment.Job instance at 0x7f50af61a870>,36,15,[2 6],37,267,282,230,267
1,<environment.Job instance at 0x7f50af1ac5f0>,1,17,[5 4],2,2,19,0,2
1,<environment.Job instance at 0x7f50af0ba410>,0,13,[4 5],1,1,14,0,1
1,<environment.Job instance at 0x7f50af192500>,2,16,[1 5],3,3,19,0,3
1,<environment.Job instance at 0x7f506bb36780>,7,18,[10  1],8,32,50,24,32
1,<environment.Job instance at 0x7f506b41f280>,10,17,[5 2],11,50,67,39,44
1,<environment.Job instance at 0x7f50af05f190>,11,18,[4 9],12,67,85,55,56
1,<environment.Job instance at 0x7f50af107e60>,16,16,[8 2],17,85,101,68,72
1,<environment.Job instance at 0x7f50af7981e0>,25,18,[ 2 10],26,153,171,127,153
1,<environment.Job instance at 0x7f506b980dc0>,0,15,[5 5],1,1,16,0,1
1,<environment.Job instance at 0x7f50af21b2d0>,7,26,[6 3],8,16,42,8,13
1,<environment.Job instance at 0x7f506b7d2a50>,5,18,[6 4],6,52,70,46,52
1,<environment.Job instance at 0x7f506b7d2460>,7,17,[8 3],8,8,25,0,8
1,<environment.Job instance at 0x7f50af6d3280>,9,18,[2 7],10,19,37,9,19
1,<environment.Job instance at 0x7f50af073b40>,14,16,[1 6],15,103,119,88,103
1,<environment.Job instance at 0x7f506b8690a0>,31,15,[5 4],32,243,258,211,243
1,<environment.Job instance at 0x7f50af073b90>,0,18,[7 4],1,1,19,0,1
1,<environment.Job instance at 0x7f50b63de230>,1,14,[10  4],2,2,16,0,2
1,<environment.Job instance at 0x7f50b384a820>,11,15,[2 7],12,70,85,58,70
1,<environment.Job instance at 0x7f50b384a910>,12,17,[3 5],13,85,102,72,73
1,<environment.Job instance at 0x7f50b384ac30>,6,27,[1 6],7,102,129,95,100
1,<environment.Job instance at 0x7f50af61f730>,25,14,[10  1],26,218,232,192,218
1,<environment.Job instance at 0x7f50af1f0370>,0,15,[9 1],1,1,16,0,1
1,<environment.Job instance at 0x7f50b39fc5a0>,14,18,[6 3],15,63,81,48,63
1,<environment.Job instance at 0x7f50b39fcd20>,18,13,[2 7],19,107,120,88,107
1,<environment.Job instance at 0x7f50b6641cd0>,24,14,[1 6],25,148,162,123,148
1,<environment.Job instance at 0x7f506bb650a0>,7,12,[3 8],8,26,38,18,26
1,<environment.Job instance at 0x7f506bb65690>,4,18,[9 1],5,73,91,68,73
1,<environment.Job instance at 0x7f506b9b8050>,18,13,[2 9],19,141,154,122,141
1,<environment.Job instance at 0x7f506b9b8e60>,24,17,[5 1],25,216,233,191,216
1,<environment.Job instance at 0x7f50b66382d0>,2,17,[6 5],3,3,20,0,3
1,<environment.Job instance at 0x7f50b3aa0780>,9,18,[2 5],10,21,39,11,21
1,<environment.Job instance at 0x7f50af3a2640>,23,13,[7 3],24,225,238,201,225
1,<environment.Job instance at 0x7f50b3a4d7d0>,2,18,[9 2],3,3,21,0,3
1,<environment.Job instance at 0x7f506b595780>,5,16,[4 8],6,48,64,42,48
1,<environment.Job instance at 0x7f506b38bf50>,15,17,[4 6],16,97,114,81,97
1,<environment.Job instance at 0x7f5d1611d190>,0,17,[6 1],1,1,18,0,1
1,<environment.Job instance at 0x7f5d0cd0e8c0>,11,15,[6 1],12,36,51,24,36
1,<environment.Job instance at 0x7f5d0cd0e910>,13,13,[10  3],14,51,64,37,48
1,<environment.Job instance at 0x7f5d0cd0ef00>,22,13,[7 4],23,141,154,118,141
1,<environment.Job instance at 0x7f5d0cd11140>,26,12,[8 5],27,190,202,163,190
1,<environment.Job instance at 0x7f5d0cd114b0>,2,14,[8 5],3,3,17,0,3
1,<environment.Job instance at 0x7f5d16291e10>,9,16,[4 9],10,17,33,7,13
1,<environment.Job instance at 0x7f5d0cd11320>,4,18,[ 3 10],5,33,51,28,25
1,<environment.Job instance at 0x7f5ccb0adfa0>,0,13,[2 7],1,1,14,0,1
1,<environment.Job instance at 0x7f5ccb0ddc30>,6,13,[4 5],7,14,27,7,9
1,<environment.Job instance at 0x7f5ccb0dd5f0>,13,16,[5 8],14,41,57,27,41
1,<environment.Job instance at 0x7f5ccb0e9aa0>,16,14,[3 5],17,66,80,49,66
1,<environment.Job instance at 0x7f5ccb0e9550>,0,14,[3 7],1,1,15,0,1
1,<environment.Job instance at 0x7f5ccb627b40>,12,13,[2 9],13,74,87,61,74
1,<environment.Job instance at 0x7f5ccb627d20>,14,12,[2 7],15,93,105,78,93
1,<environment.Job instance at 0x7f5d0ccb2be0>,9,12,[5 5],10,70,82,60,70
1,<environment.Job instance at 0x7f5d156b1870>,11,17,[5 4],12,92,109,80,92
1,<environment.Job instance at 0x7f5d0cb418c0>,14,16,[4 6],15,133,149,118,133
1,<environment.Job instance at 0x7f5d0cb41f00>,16,16,[7 2],17,149,165,132,136
1,<environment.Job instance at 0x7f5ccb3bb960>,20,15,[3 5],21,205,220,184,205
1,<environment.Job instance at 0x7f5ccb3bb780>,22,17,[5 5],23,242,259,219,242
1,<environment.Job instance at 0x7f5d156ad190>,0,13,[4 5],1,1,14,0,1
1,<environment.Job instance at 0x7f5d0cd65aa0>,2,16,[1 5],3,3,19,0,3
1,<environment.Job instance at 0x7f5d16018b90>,0,17,[5 2],1,1,18,0,1
1,<environment.Job instance at 0x7f5d15b180f0>,5,16,[6 2],6,18,34,12,6
1,<environment.Job instance at 0x7f5d15b185f0>,6,16,[8 2],7,34,50,27,21
1,<environment.Job instance at 0x7f5d15bb3820>,15,18,[ 2 10],16,55,73,39,55
1,<environment.Job instance at 0x7f5ccb1fbd20>,32,16,[5 4],33,205,221,172,205
1,<environment.Job instance at 0x7f5ccb1fb550>,36,17,[3 5],37,243,260,206,243
1,<environment.Job instance at 0x7f5ccb1fb0f0>,38,14,[6 5],39,257,271,218,257
1,<environment.Job instance at 0x7f5ccb1fb140>,1,17,[2 7],2,2,19,0,2
1,<environment.Job instance at 0x7f5d0ceff780>,10,14,[9 2],11,38,52,27,38
1,<environment.Job instance at 0x7f5d0cd0b0f0>,1,15,[5 4],2,2,17,0,2
1,<environment.Job instance at 0x7f5d15c7d0a0>,15,12,[5 5],16,136,148,120,136
1,<environment.Job instance at 0x7f5d16284b40>,1,16,[3 9],2,2,18,0,2
1,<environment.Job instance at 0x7f5ccb6ac5a0>,16,12,[2 5],17,44,56,27,44
1,<environment.Job instance at 0x7f5ccb50fd70>,18,12,[9 1],19,66,78,47,66
1,<environment.Job instance at 0x7f5ccb4e0050>,24,14,[4 8],25,143,157,118,143
1,<environment.Job instance at 0x7f5d0d014fa0>,11,13,[9 3],12,91,104,79,91
1,<environment.Job instance at 0x7f5ccb495a50>,16,16,[7 5],17,104,120,87,99
1,<environment.Job instance at 0x7f5ccb495c30>,22,18,[8 1],23,120,138,97,114
1,<environment.Job instance at 0x7f5d156ac5f0>,34,18,[6 3],35,245,263,210,245
1,<environment.Job instance at 0x7f5ccb2e5fa0>,13,18,[6 4],14,108,126,94,108
1,<environment.Job instance at 0x7f5ccb2e50a0>,16,14,[5 7],17,126,140,109,119
1,<environment.Job instance at 0x7f5ccb4d5f50>,0,19,[5 2],1,2,21,1,2
1,<environment.Job instance at 0x7f5ccb4d0690>,10,14,[8 2],11,88,102,77,88
1,<environment.Job instance at 0x7f5ccb4d07d0>,5,19,[3 8],6,137,156,131,137
1,<environment.Job instance at 0x7f5d0cdac050>,3,27,[9 5],4,192,219,188,192
1,<environment.Job instance at 0x7f5ccb390fa0>,10,12,[5 9],11,34,46,23,34
1,<environment.Job instance at 0x7f5ccb334aa0>,12,17,[6 3],13,57,74,44,57
1,<environment.Job instance at 0x7f5ccb390190>,20,12,[5 7],21,137,149,116,137
1,<environment.Job instance at 0x7f5ccb390a00>,21,18,[6 5],22,149,167,127,138
1,<environment.Job instance at 0x7f5ccb390d70>,25,16,[5 8],26,167,183,141,156
1,<environment.Job instance at 0x7f5ccb3904b0>,29,14,[6 2],30,197,211,167,197
1,<environment.Job instance at 0x7f5ccb3ca410>,33,12,[5 5],34,251,263,217,251
1,<environment.Job instance at 0x7f5ccb3ca6e0>,34,16,[4 6],35,263,279,228,251
1,<environment.Job instance at 0x7f5d0cefcf00>,3,23,[5 7],4,162,185,158,162
1,<environment.Job instance at 0x7f5ccaf12050>,24,15,[10  3],25,185,200,160,177
1,<environment.Job instance at 0x7f5ccaf12140>,28,19,[9 2],29,212,231,183,212
1,<environment.Job instance at 0x7fa77399c230>,0,17,[6 1],1,2,19,1,2
1,<environment.Job instance at 0x7fa76e58c5a0>,10,15,[5 1],11,80,95,69,80
1,<environment.Job instance at 0x7fa76e58c640>,11,15,[6 1],12,95,110,83,81
1,<environment.Job instance at 0x7fa76e58cfa0>,22,13,[7 4],23,211,224,188,211
1,<environment.Job instance at 0x7fa76e58f280>,26,12,[8 5],27,251,263,224,251
1,<environment.Job instance at 0x7fa76e645f50>,6,16,[8 4],7,10,26,3,10
1,<environment.Job instance at 0x7fa72896b6e0>,12,20,[7 5],13,59,79,46,59
1,<environment.Job instance at 0x7fa72896b370>,16,18,[7 1],17,90,108,73,90
1,<environment.Job instance at 0x7fa72896b5a0>,18,14,[7 1],19,109,123,90,109
1,<environment.Job instance at 0x7fa72896b7d0>,24,18,[5 4],25,150,168,125,150
1,<environment.Job instance at 0x7fa7288dc050>,1,16,[6 3],2,256,272,254,256
1,<environment.Job instance at 0x7fa728d1a780>,29,13,[5 1],30,272,285,242,256
1,<environment.Job instance at 0x7fa728d1a190>,30,12,[5 5],31,272,284,241,256
1,<environment.Job instance at 0x7fa728969140>,8,16,[5 2],9,56,72,47,56
1,<environment.Job instance at 0x7fa7287971e0>,6,15,[2 6],7,14,29,7,14
1,<environment.Job instance at 0x7fa728797410>,10,15,[5 2],11,39,54,28,39
1,<environment.Job instance at 0x7fa728797870>,12,13,[10  4],13,63,76,50,63
1,<environment.Job instance at 0x7fa76ebe9780>,26,17,[5 4],27,217,234,190,217
1,<environment.Job instance at 0x7fa7289fa500>,2,18,[2 5],3,3,21,0,3
1,<environment.Job instance at 0x7fa728a054b0>,11,16,[6 1],12,44,60,32,44
1,<environment.Job instance at 0x7fa728a05230>,10,15,[2 7],11,44,59,33,44
1,<environment.Job instance at 0x7fa728a5e870>,14,18,[4 7],15,59,77,44,48
1,<environment.Job instance at 0x7fa728e67640>,20,13,[4 5],21,105,118,84,105
1,<environment.Job instance at 0x7fa728e67aa0>,22,16,[1 5],23,125,141,102,125
1,<environment.Job instance at 0x7fa728e67be0>,23,18,[4 9],24,141,159,117,130
1,<environment.Job instance at 0x7fa76f02f9b0>,7,18,[10  1],8,27,45,19,27
1,<environment.Job instance at 0x7fa728e66e60>,10,17,[5 2],11,48,65,37,48
1,<environment.Job instance at 0x7fa728816140>,15,16,[6 2],16,74,90,58,74
1,<environment.Job instance at 0x7fa728816550>,12,12,[6 2],13,132,144,119,132
1,<environment.Job instance at 0x7fa76ed12e10>,3,27,[ 5 10],4,150,177,146,150
1,<environment.Job instance at 0x7fa76e405b40>,1,17,[2 7],2,2,19,0,2
1,<environment.Job instance at 0x7fa76f2ad7d0>,10,14,[9 2],11,44,58,33,44
1,<environment.Job instance at 0x7fa76f014a50>,18,12,[6 4],19,162,174,143,162
1,<environment.Job instance at 0x7fa76f014aa0>,28,12,[10  4],29,237,249,208,237
1,<environment.Job instance at 0x7fa72893e960>,9,17,[8 3],10,29,46,19,29
1,<environment.Job instance at 0x7fa728d05780>,10,24,[3 9],11,56,80,45,56
1,<environment.Job instance at 0x7fa76e8ac410>,22,17,[3 5],23,171,188,148,171
1,<environment.Job instance at 0x7fa76f114b90>,1,13,[5 2],2,2,15,0,2
1,<environment.Job instance at 0x7fa76ec5dcd0>,8,13,[2 7],9,18,31,9,18
1,<environment.Job instance at 0x7fa728d13d70>,16,21,[10  1],17,87,108,70,87
1,<environment.Job instance at 0x7fa76f27e140>,21,19,[7 3],22,118,137,96,118
1,<environment.Job instance at 0x7fa7288c64b0>,34,17,[2 9],35,255,272,220,255
1,<environment.Job instance at 0x7fa76ed8fc30>,7,15,[10  5],8,17,32,9,17
1,<environment.Job instance at 0x7fa76ed8fcd0>,12,16,[1 8],13,115,131,102,115
1,<environment.Job instance at 0x7fa728f1e0a0>,3,18,[6 5],4,185,203,181,185
1,<environment.Job instance at 0x7fa76ef6fd20>,3,16,[7 4],4,269,285,265,269
1,<environment.Job instance at 0x7fa76f27ce60>,7,15,[4 9],8,21,36,13,21
1,<environment.Job instance at 0x7fa76ec81c80>,10,12,[5 9],11,36,48,25,32
1,<environment.Job instance at 0x7fa76e9c4640>,12,17,[6 3],13,60,77,47,60
1,<environment.Job instance at 0x7fa76e9c4320>,13,12,[4 8],14,77,89,63,66
1,<environment.Job instance at 0x7fa76e497cd0>,21,18,[6 5],22,140,158,118,140
1,<environment.Job instance at 0x7fa76e532a00>,23,13,[10  5],24,158,171,134,142
1,<environment.Job instance at 0x7fa728c41fa0>,27,12,[3 5],28,179,191,151,179
1,<environment.Job instance at 0x7fa76ed80d70>,29,14,[6 2],30,200,214,170,200
1,<environment.Job instance at 0x7fa76eff58c0>,34,16,[4 6],35,240,256,205,240
1,<environment.Job instance at 0x7fa76eff55a0>,33,12,[5 5],34,256,268,222,253
1,<environment.Job instance at 0x7fa76ecd35a0>,3,28,[4 9],4,53,81,49,53
1,<environment.Job instance at 0x7fa76e4cf050>,13,15,[3 7],14,101,116,87,101
1,<environment.Job instance at 0x7fa728c64b90>,24,16,[9 2],25,180,196,155,180
1,<environment.Job instance at 0x7fa7738c60f0>,0,17,[2 7],1,1,18,0,1
1,<environment.Job instance at 0x7fa7289c6690>,8,17,[4 5],9,21,38,12,21
1,<environment.Job instance at 0x7fa76e557820>,16,14,[1 6],17,114,128,97,114
1,<environment.Job instance at 0x7fa76e557280>,17,13,[6 3],18,115,128,97,115
1,<environment.Job instance at 0x7fa76e6fa320>,31,15,[1 6],32,216,231,184,216
1,<environment.Job instance at 0x7fa773b078c0>,3,16,[1 9],4,6,22,2,6
1,<environment.Job instance at 0x7f5469a0c230>,0,17,[6 1],1,2,19,1,2
1,<environment.Job instance at 0x7f54625fc5a0>,10,15,[5 1],11,79,94,68,79
1,<environment.Job instance at 0x7f54625fc640>,11,15,[6 1],12,94,109,82,80
1,<environment.Job instance at 0x7f54625fcfa0>,22,13,[7 4],23,238,251,215,238
1,<environment.Job instance at 0x7f5469b80e10>,18,15,[ 4 10],19,157,172,138,157
1,<environment.Job instance at 0x7f5469b80cd0>,3,15,[6 1],4,8,23,4,8
1,<environment.Job instance at 0x7f541e8f7c80>,4,18,[5 4],5,23,41,18,13
1,<environment.Job instance at 0x7f541e9ac4b0>,0,12,[5 5],1,1,13,0,1
1,<environment.Job instance at 0x7f541e9b7280>,3,18,[9 5],4,16,34,12,16
1,<environment.Job instance at 0x7f541e8b98c0>,10,14,[7 1],11,35,49,24,35
1,<environment.Job instance at 0x7f541e8b9500>,14,12,[4 7],15,75,87,60,75
1,<environment.Job instance at 0x7f541ee6c370>,24,16,[ 4 10],25,224,240,199,224
1,<environment.Job instance at 0x7f541e84d5a0>,18,18,[5 5],19,178,196,159,178
1,<environment.Job instance at 0x7f541e9ac410>,0,15,[3 5],1,1,16,0,1
1,<environment.Job instance at 0x7f541e806910>,2,17,[5 5],3,5,22,2,5
1,<environment.Job instance at 0x7f541e9ac190>,0,14,[5 1],1,1,15,0,1
1,<environment.Job instance at 0x7f541eeb1550>,16,15,[6 1],17,168,183,151,168
1,<environment.Job instance at 0x7f546256e780>,21,13,[6 4],22,221,234,199,221
1,<environment.Job instance at 0x7f5464b79c30>,0,15,[5 5],1,1,16,0,1
1,<environment.Job instance at 0x7f5462787320>,11,13,[5 6],12,93,106,81,93
1,<environment.Job instance at 0x7f54629b2cd0>,19,13,[5 8],20,138,151,118,138
1,<environment.Job instance at 0x7f541e977870>,29,26,[5 5],30,222,248,192,222
1,<environment.Job instance at 0x7f54623b55a0>,1,15,[5 4],2,2,17,0,2
1,<environment.Job instance at 0x7f54624540f0>,19,17,[8 3],20,184,201,164,184
1,<environment.Job instance at 0x7f546259d230>,8,13,[4 5],9,44,57,35,44
1,<environment.Job instance at 0x7f541edd6e10>,4,14,[1 6],5,5,19,0,5
1,<environment.Job instance at 0x7f5462450e10>,9,14,[6 1],10,20,34,10,20
1,<environment.Job instance at 0x7f5465125500>,12,12,[10  4],13,34,46,21,21
1,<environment.Job instance at 0x7f5465125be0>,14,16,[2 5],15,48,64,33,48
1,<environment.Job instance at 0x7f5464bf7370>,27,17,[8 4],28,192,209,164,192
1,<environment.Job instance at 0x7f546261af00>,10,14,[8 2],11,88,102,77,88
1,<environment.Job instance at 0x7f541e704a50>,5,19,[3 8],6,110,129,104,110
1,<environment.Job instance at 0x7f5462564550>,16,17,[1 6],17,105,122,88,105
1,<environment.Job instance at 0x7f541ed358c0>,13,24,[5 1],14,107,131,93,107
1,<environment.Job instance at 0x7f5462368820>,18,17,[3 5],19,124,141,105,124
1,<environment.Job instance at 0x7f5464faab90>,21,27,[10  3],22,147,174,125,147
1,<environment.Job instance at 0x7f5464ef15f0>,29,14,[4 9],30,218,232,188,218
1,<environment.Job instance at 0x7f54650bd640>,32,18,[9 2],33,232,250,199,228
1,<environment.Job instance at 0x7f54629b8640>,35,16,[4 8],36,250,266,214,250
1,<environment.Job instance at 0x7f541ea49fa0>,11,14,[5 1],12,102,116,90,102
1,<environment.Job instance at 0x7f541e619910>,12,17,[5 5],13,102,119,89,102
1,<environment.Job instance at 0x7f5462aa1820>,21,14,[5 5],22,211,225,189,211
1,<environment.Job instance at 0x7f541e6a13c0>,1,14,[9 3],2,2,16,0,2
1,<environment.Job instance at 0x7f5465140cd0>,16,18,[2 9],17,95,113,78,95
1,<environment.Job instance at 0x7f541ebd7dc0>,23,23,[5 7],24,145,168,121,145
1,<environment.Job instance at 0x7f541ebd7c80>,29,18,[5 5],30,185,203,155,185
1,<environment.Job instance at 0x7f5462719050>,5,15,[ 1 10],6,6,21,0,6
1,<environment.Job instance at 0x7f541e6a0eb0>,23,15,[ 4 10],24,229,244,205,229
1,<environment.Job instance at 0x7f541e65d5f0>,5,22,[5 1],6,11,33,5,11
1,<environment.Job instance at 0x7f541ebba5f0>,7,28,[3 8],8,20,48,12,20
1,<environment.Job instance at 0x7f541ee1a730>,9,21,[ 4 10],10,48,69,38,41
1,<environment.Job instance at 0x7f541e7af140>,7,17,[4 8],8,30,47,22,30
1,<environment.Job instance at 0x7f54626db820>,13,15,[ 1 10],14,90,105,76,90
1,<environment.Job instance at 0x7f54626dbcd0>,14,12,[7 4],15,105,117,90,90
1,<environment.Job instance at 0x7f5469a33280>,18,15,[3 6],19,126,141,107,126
1,<environment.Job instance at 0x7f54626d8e10>,27,16,[5 6],28,231,247,203,231
1,<environment.Job instance at 0x7f546265b960>,3,16,[1 5],4,32,48,28,32
1,<environment.Job instance at 0x7f541ec555a0>,18,16,[7 3],19,123,139,104,123
1,<environment.Job instance at 0x7f41d6c57190>,0,17,[6 1],1,1,18,0,1
1,<environment.Job instance at 0x7f41d18475a0>,10,15,[5 1],11,79,94,68,79
1,<environment.Job instance at 0x7f41d1847640>,11,15,[6 1],12,94,109,82,80
1,<environment.Job instance at 0x7f41d1847780>,13,13,[10  3],14,109,122,95,93
1,<environment.Job instance at 0x7f41d1847fa0>,22,13,[7 4],23,225,238,202,225
1,<environment.Job instance at 0x7f41d184a280>,26,12,[8 5],27,265,277,238,265
1,<environment.Job instance at 0x7f41d6dcabe0>,3,12,[1 6],4,4,16,0,4
1,<environment.Job instance at 0x7f41d6dc5870>,28,14,[6 5],29,207,221,178,207
1,<environment.Job instance at 0x7f418baf9050>,17,16,[8 4],18,100,116,82,100
1,<environment.Job instance at 0x7f418bafeeb0>,26,13,[4 5],27,199,212,172,199
1,<environment.Job instance at 0x7f418bafef00>,2,13,[2 9],3,3,16,0,3
1,<environment.Job instance at 0x7f418bafd370>,7,15,[4 9],8,35,50,27,35
1,<environment.Job instance at 0x7f418bfebbe0>,0,15,[2 7],1,1,16,0,1
1,<environment.Job instance at 0x7f418bc7e4b0>,1,16,[6 1],2,3,19,1,3
1,<environment.Job instance at 0x7f418ba54f00>,10,13,[4 5],11,16,29,5,11
1,<environment.Job instance at 0x7f418ba54e60>,12,16,[1 5],13,28,44,15,28
1,<environment.Job instance at 0x7f41d18f0410>,18,14,[6 5],19,149,163,130,149
1,<environment.Job instance at 0x7f41d18c1af0>,1,16,[3 9],2,2,18,0,2
1,<environment.Job instance at 0x7f418bc51b90>,7,16,[8 3],8,33,49,25,33
1,<environment.Job instance at 0x7f41d1cf0960>,28,13,[4 5],29,196,209,167,196
1,<environment.Job instance at 0x7f418c037c30>,31,14,[10  4],32,226,240,194,226
1,<environment.Job instance at 0x7f41d17f21e0>,33,20,[8 4],34,246,266,212,246
1,<environment.Job instance at 0x7f41d1e1f140>,1,13,[5 2],2,2,15,0,2
1,<environment.Job instance at 0x7f41d1f8efa0>,6,22,[10  3],7,15,37,8,11
1,<environment.Job instance at 0x7f41d21b6af0>,14,14,[1 6],15,63,77,48,63
1,<environment.Job instance at 0x7f41d1f8ee10>,7,19,[ 4 10],8,77,96,69,74
1,<environment.Job instance at 0x7f41d21b6aa0>,16,21,[10  1],17,97,118,80,97
1,<environment.Job instance at 0x7f418be9d640>,22,12,[10  4],23,118,130,95,109
1,<environment.Job instance at 0x7f41d16d1960>,24,16,[2 5],25,135,151,110,135
1,<environment.Job instance at 0x7f418bea7690>,28,15,[2 5],29,196,211,167,196
1,<environment.Job instance at 0x7f418bf82960>,34,17,[2 9],35,262,279,227,262
1,<environment.Job instance at 0x7f41d1ed50f0>,5,23,[3 6],6,14,37,8,14
1,<environment.Job instance at 0x7f41d1e23410>,0,14,[8 2],1,1,15,0,1
1,<environment.Job instance at 0x7f41d16680f0>,9,14,[4 9],10,72,86,62,72
1,<environment.Job instance at 0x7f41d2105e60>,12,18,[9 2],13,86,104,73,86
1,<environment.Job instance at 0x7f41d16ecc30>,25,17,[4 6],26,213,230,187,213
1,<environment.Job instance at 0x7f41d1902280>,0,12,[ 3 10],1,1,13,0,1
1,<environment.Job instance at 0x7f41d24e1e60>,8,18,[7 2],9,24,42,15,24
1,<environment.Job instance at 0x7f418bd35a50>,14,17,[5 9],15,61,78,46,61
1,<environment.Job instance at 0x7f418bd35640>,15,18,[6 1],16,78,96,62,67
1,<environment.Job instance at 0x7f41d1ead870>,17,15,[4 9],18,85,100,67,85
1,<environment.Job instance at 0x7f418bd35fa0>,20,12,[5 9],21,131,143,110,131
1,<environment.Job instance at 0x7f41d22ad5a0>,22,17,[6 3],23,143,160,120,132
1,<environment.Job instance at 0x7f41d22ada50>,23,12,[4 8],24,160,172,136,143
1,<environment.Job instance at 0x7f41d2290aa0>,30,12,[5 7],31,216,228,185,216
1,<environment.Job instance at 0x7f41d22908c0>,31,18,[6 5],32,228,246,196,217
1,<environment.Job instance at 0x7f41d2290780>,32,17,[8 5],33,246,263,213,234
1,<environment.Job instance at 0x7f418ba6bb40>,4,15,[10  3],5,13,28,8,13
1,<environment.Job instance at 0x7f41d1db1370>,14,16,[9 2],15,46,62,31,46
1,<environment.Job instance at 0x7f418b82fc80>,16,14,[5 6],17,120,134,103,120
1,<environment.Job instance at 0x7f41d2046b90>,0,18,[1 6],1,1,19,0,1
1,<environment.Job instance at 0x7f418b824870>,5,25,[7 3],6,29,54,23,29
1,<environment.Job instance at 0x7f418b824eb0>,7,14,[5 6],8,54,68,46,39
1,<environment.Job instance at 0x7f418bd41af0>,16,13,[6 3],17,125,138,108,125
1,<environment.Job instance at 0x7f418bd41f00>,18,12,[3 9],19,138,150,119,127
1,<environment.Job instance at 0x7f418bd41cd0>,20,18,[2 9],21,150,168,129,144
1,<environment.Job instance at 0x7f41d1f2b780>,26,22,[8 4],27,231,253,204,231
1,<environment.Job instance at 0x7f41d1a86050>,6,13,[2 7],7,8,21,1,8
1,<environment.Job instance at 0x7f41d1868b40>,4,14,[7 4],5,95,109,90,95
1,<environment.Job instance at 0x7f418bc03460>,13,16,[3 8],14,168,184,154,168
1,<environment.Job instance at 0x7f8c53d93230>,0,17,[6 1],1,4,21,3,4
1,<environment.Job instance at 0x7f8c4c9845a0>,10,15,[5 1],11,85,100,74,85
1,<environment.Job instance at 0x7f8c4c984640>,11,15,[6 1],12,100,115,88,86
1,<environment.Job instance at 0x7f8c4c984780>,13,13,[10  3],14,115,128,101,99
1,<environment.Job instance at 0x7f8c4c984d20>,22,13,[7 4],23,231,244,208,231
1,<environment.Job instance at 0x7f8c4c987280>,26,12,[8 5],27,271,283,244,271
1,<environment.Job instance at 0x7f8c53ef9be0>,8,26,[1 6],9,73,99,64,73
1,<environment.Job instance at 0x7f8c53dbe4b0>,16,12,[5 4],17,114,126,97,114
1,<environment.Job instance at 0x7f8c08f410f0>,0,13,[2 7],1,1,14,0,1
1,<environment.Job instance at 0x7f8c08d840f0>,16,14,[3 5],17,75,89,58,75
1,<environment.Job instance at 0x7f8c4c6ee550>,8,16,[5 2],9,55,71,46,55
1,<environment.Job instance at 0x7f8c08cda8c0>,9,12,[5 5],10,70,82,60,70
1,<environment.Job instance at 0x7f8c4cc6d230>,11,17,[5 4],12,92,109,80,92
1,<environment.Job instance at 0x7f8c092bd960>,14,16,[4 6],15,133,149,118,133
1,<environment.Job instance at 0x7f8c08caf410>,16,16,[7 2],17,149,165,132,136
1,<environment.Job instance at 0x7f8c53f0c960>,20,15,[3 5],21,205,220,184,205
1,<environment.Job instance at 0x7f8c08c215f0>,0,14,[5 1],1,1,15,0,1
1,<environment.Job instance at 0x7f8c4ce865a0>,21,13,[6 4],22,197,210,175,197
1,<environment.Job instance at 0x7f8c4ce86230>,28,12,[3 5],29,255,267,226,255
1,<environment.Job instance at 0x7f8c4ce86280>,29,15,[1 8],30,267,282,237,255
1,<environment.Job instance at 0x7f8c4ce86e60>,26,14,[4 9],27,282,296,255,268
1,<environment.Job instance at 0x7f8c0925d140>,1,17,[2 7],2,2,19,0,2
1,<environment.Job instance at 0x7f8c4cc530f0>,10,14,[9 2],11,42,56,31,42
1,<environment.Job instance at 0x7f8c4cda5550>,0,18,[7 4],1,1,19,0,1
1,<environment.Job instance at 0x7f8c4c7971e0>,12,14,[8 4],13,52,66,39,52
1,<environment.Job instance at 0x7f8c08d51f00>,2,16,[6 3],3,101,117,98,101
1,<environment.Job instance at 0x7f8c4c759e10>,18,13,[7 1],19,117,130,98,101
1,<environment.Job instance at 0x7f8c5338ddc0>,31,13,[5 2],32,251,264,219,251
1,<environment.Job instance at 0x7f8c08f5ddc0>,4,12,[3 7],5,16,28,11,16
1,<environment.Job instance at 0x7f8c4cbbeb40>,13,28,[5 9],14,108,136,94,108
1,<environment.Job instance at 0x7f8c08e5ed70>,10,14,[8 2],11,85,99,74,85
1,<environment.Job instance at 0x7f8c4c7f3050>,13,18,[4 5],14,118,136,104,118
1,<environment.Job instance at 0x7f8c5372efa0>,10,12,[5 9],11,26,38,15,26
1,<environment.Job instance at 0x7f8c536fb960>,22,17,[8 5],23,144,161,121,144
1,<environment.Job instance at 0x7f8c536fb8c0>,23,13,[10  5],24,162,175,138,162
1,<environment.Job instance at 0x7f8c5319e370>,29,14,[6 2],30,179,193,149,179
1,<environment.Job instance at 0x7f8c5319e3c0>,1,12,[1 7],2,2,14,0,2
1,<environment.Job instance at 0x7f8c4c7f3e60>,9,14,[9 1],10,45,59,35,45
1,<environment.Job instance at 0x7f8c4c8b05f0>,17,12,[7 5],18,182,194,164,182
1,<environment.Job instance at 0x7f8c08b34640>,23,13,[6 3],24,231,244,207,231
1,<environment.Job instance at 0x7f8c08c5ffa0>,17,19,[6 2],18,106,125,88,106
1,<environment.Job instance at 0x7f8c4cba9e60>,2,16,[6 1],3,6,22,3,6
1,<environment.Job instance at 0x7f8c4cbea5a0>,13,15,[ 1 10],14,89,104,75,89
1,<environment.Job instance at 0x7f8c4cbea870>,14,12,[7 4],15,104,116,89,89
1,<environment.Job instance at 0x7f8c4cbeacd0>,18,15,[3 6],19,125,140,106,125
1,<environment.Job instance at 0x7f8c08ddcbe0>,24,18,[5 5],25,177,195,152,177
1,<environment.Job instance at 0x7f8c08ddca50>,27,16,[5 6],28,212,228,184,212
1,<environment.Job instance at 0x7f8c08988730>,8,16,[10  4],9,14,30,5,14
1,<environment.Job instance at 0x7f8c0906ad70>,27,16,[7 4],28,244,260,216,244
1,<environment.Job instance at 0x7f8c0906e050>,10,14,[3 5],11,49,63,38,49
1,<environment.Job instance at 0x7f8c08c97960>,15,16,[5 1],16,94,110,78,94
1,<environment.Job instance at 0x7f8c53205eb0>,18,17,[8 4],19,110,127,91,98
1,<environment.Job instance at 0x7f8c08c970a0>,1,14,[5 8],2,2,16,0,2
1,<environment.Job instance at 0x7f8c4caefe60>,9,16,[7 2],10,21,37,11,21
1,<environment.Job instance at 0x7f8c536d7870>,12,14,[ 2 10],13,45,59,32,45
1,<environment.Job instance at 0x7f8c536d75a0>,14,18,[2 7],15,59,77,44,48
1,<environment.Job instance at 0x7f8c08957870>,16,15,[8 5],17,77,92,60,63
1,<environment.Job instance at 0x7f8c08957f50>,22,14,[7 4],23,116,130,93,116
1,<environment.Job instance at 0x7f8c08957eb0>,20,13,[1 8],21,130,143,109,125
1,<environment.Job instance at 0x7f8c08957230>,19,14,[8 4],20,143,157,123,138
1,<environment.Job instance at 0x7f8c0919c6e0>,1,16,[5 7],2,2,18,0,2
1,<environment.Job instance at 0x7f8c089e8690>,14,28,[8 4],15,91,119,76,91
1,<environment.Job instance at 0x7f8c08b41370>,22,17,[1 5],23,131,148,108,131
1,<environment.Job instance at 0x7f172772c230>,0,17,[6 1],1,4,21,3,4
1,<environment.Job instance at 0x7f172231c5a0>,10,15,[5 1],11,85,100,74,85
1,<environment.Job instance at 0x7f172231c640>,11,15,[6 1],12,100,115,88,86
1,<environment.Job instance at 0x7f172231cd20>,22,13,[7 4],23,217,230,194,217
1,<environment.Job instance at 0x7f172231f280>,26,12,[8 5],27,261,273,234,261
1,<environment.Job instance at 0x7f1727892f50>,9,17,[8 2],10,43,60,33,43
1,<environment.Job instance at 0x7f1727754c80>,18,13,[10  5],19,159,172,140,159
1,<environment.Job instance at 0x7f1722118960>,2,18,[10  5],3,4,22,1,4
1,<environment.Job instance at 0x7f16dcab0e10>,9,16,[4 5],10,32,48,22,32
1,<environment.Job instance at 0x7f16dca8b7d0>,15,13,[5 6],16,60,73,44,60
1,<environment.Job instance at 0x7f16dcab0410>,0,14,[9 5],1,1,15,0,1
1,<environment.Job instance at 0x7f16dc61d820>,8,15,[1 7],9,42,57,33,42
1,<environment.Job instance at 0x7f16dcadadc0>,9,14,[7 2],10,42,56,32,42
1,<environment.Job instance at 0x7f16dcc54be0>,16,13,[5 2],17,89,102,72,89
1,<environment.Job instance at 0x7f16dca0c690>,22,18,[2 5],23,159,177,136,159
1,<environment.Job instance at 0x7f16dca0ccd0>,34,18,[4 7],35,254,272,219,254
1,<environment.Job instance at 0x7f16dc9b13c0>,5,18,[ 2 10],6,78,96,72,78
1,<environment.Job instance at 0x7f1725006d20>,26,17,[3 5],27,241,258,214,241
1,<environment.Job instance at 0x7f1725006640>,28,14,[6 5],29,260,274,231,260
1,<environment.Job instance at 0x7f1724bb12d0>,11,15,[6 3],12,82,97,70,82
1,<environment.Job instance at 0x7f17220e9dc0>,1,14,[10  4],2,2,16,0,2
1,<environment.Job instance at 0x7f17223013c0>,12,17,[3 5],13,57,74,44,57
1,<environment.Job instance at 0x7f16dc949af0>,6,27,[1 6],7,87,114,80,87
1,<environment.Job instance at 0x7f16dc854c80>,25,14,[10  1],26,221,235,195,221
1,<environment.Job instance at 0x7f16dc8511e0>,30,16,[5 4],31,255,271,224,255
1,<environment.Job instance at 0x7f16dc851280>,31,18,[7 2],32,271,289,239,260
1,<environment.Job instance at 0x7f1722265140>,13,18,[6 4],14,111,129,97,111
1,<environment.Job instance at 0x7f17277b0f00>,3,18,[6 5],4,4,22,0,4
1,<environment.Job instance at 0x7f16dcc42fa0>,23,15,[2 7],24,233,248,209,233
1,<environment.Job instance at 0x7f17224addc0>,9,17,[1 7],10,32,49,22,32
1,<environment.Job instance at 0x7f172259b410>,16,17,[1 6],17,104,121,87,104
1,<environment.Job instance at 0x7f16dc9a7b40>,0,12,[ 3 10],1,1,13,0,1
1,<environment.Job instance at 0x7f1727751730>,8,18,[7 2],9,23,41,14,23
1,<environment.Job instance at 0x7f17224d0960>,17,15,[4 9],18,130,145,112,130
1,<environment.Job instance at 0x7f16dc9a7640>,1,12,[1 7],2,2,14,0,2
1,<environment.Job instance at 0x7f17224d0870>,9,14,[9 1],10,31,45,21,31
1,<environment.Job instance at 0x7f1724e46d70>,22,12,[7 4],23,248,260,225,248
1,<environment.Job instance at 0x7f1724e46960>,23,13,[6 3],24,260,273,236,248
1,<environment.Job instance at 0x7f1724e46b40>,24,13,[1 7],25,260,273,235,250
1,<environment.Job instance at 0x7f1724e14eb0>,2,14,[3 7],3,3,17,0,3
1,<environment.Job instance at 0x7f16dcb49870>,29,16,[9 4],30,273,289,243,273
1,<environment.Job instance at 0x7f17220d91e0>,15,18,[ 3 10],16,101,119,85,101
1,<environment.Job instance at 0x7f172242c5f0>,6,13,[5 5],7,16,29,9,16
1,<environment.Job instance at 0x7f1724cb8280>,10,18,[1 5],11,24,42,13,24
1,<environment.Job instance at 0x7f1724cb8b90>,15,28,[4 5],16,72,100,56,72
1,<environment.Job instance at 0x7f16dccc6050>,32,16,[4 6],33,249,265,216,249
1,<environment.Job instance at 0x7f172283b1e0>,13,16,[8 2],14,116,132,102,116
1,<environment.Job instance at 0x7f1722450fa0>,1,14,[3 8],2,12,26,10,12
1,<environment.Job instance at 0x7f16dc980af0>,17,20,[2 6],18,121,141,103,121
1,<environment.Job instance at 0x7f17221a3fa0>,27,15,[10  2],28,252,267,224,252
1,<environment.Job instance at 0x7fc72ca0a140>,0,17,[6 1],1,3,20,2,3
1,<environment.Job instance at 0x7fc7255fa5a0>,11,15,[6 1],12,47,62,35,47
1,<environment.Job instance at 0x7fc7255fa7d0>,13,13,[10  3],14,62,75,48,59
1,<environment.Job instance at 0x7fc7255fadc0>,22,13,[7 4],23,179,192,156,179
1,<environment.Job instance at 0x7fc7255fd0a0>,26,12,[8 5],27,219,231,192,219
1,<environment.Job instance at 0x7fc7255fd370>,1,13,[1 8],2,2,15,0,2
1,<environment.Job instance at 0x7fc72ca32050>,15,17,[5 8],16,108,125,92,108
1,<environment.Job instance at 0x7fc72cb7ddc0>,2,15,[5 8],3,3,18,0,3
1,<environment.Job instance at 0x7fc6e18cce10>,6,17,[ 5 10],7,18,35,11,7
1,<environment.Job instance at 0x7fc6e1889280>,16,19,[6 5],17,97,116,80,97
1,<environment.Job instance at 0x7fc72536aaf0>,0,13,[4 5],1,1,14,0,1
1,<environment.Job instance at 0x7fc6e1d5ba50>,2,16,[1 5],3,3,19,0,3
1,<environment.Job instance at 0x7fc6e1804550>,0,15,[5 5],1,1,16,0,1
1,<environment.Job instance at 0x7fc6e1c5a870>,11,13,[5 6],12,51,64,39,51
1,<environment.Job instance at 0x7fc725427d70>,30,14,[9 2],31,259,273,228,259
1,<environment.Job instance at 0x7fc728321a00>,0,18,[7 4],1,1,19,0,1
1,<environment.Job instance at 0x7fc727f749b0>,0,15,[9 1],1,1,16,0,1
1,<environment.Job instance at 0x7fc6e1ede5a0>,11,13,[5 2],12,68,81,56,68
1,<environment.Job instance at 0x7fc6e1ab9410>,13,27,[1 7],14,75,102,61,75
1,<environment.Job instance at 0x7fc6e1ab9370>,14,18,[6 3],15,81,99,66,80
1,<environment.Job instance at 0x7fc727ebae10>,18,13,[2 7],19,108,121,89,108
1,<environment.Job instance at 0x7fc6e17d7730>,24,14,[1 6],25,154,168,129,154
1,<environment.Job instance at 0x7fc6e17d7a50>,29,14,[6 1],30,203,217,173,203
1,<environment.Job instance at 0x7fc6e17d7b90>,31,19,[7 3],32,227,246,195,227
1,<environment.Job instance at 0x7fc6e17d7d70>,34,16,[2 5],35,255,271,220,255
1,<environment.Job instance at 0x7fc7257ad2d0>,2,17,[6 5],3,46,63,43,46
1,<environment.Job instance at 0x7fc7280c49b0>,6,24,[5 9],7,49,73,42,49
1,<environment.Job instance at 0x7fc6e1eb3f50>,14,14,[3 5],15,122,136,107,122
1,<environment.Job instance at 0x7fc6e19d1140>,13,15,[5 5],14,117,132,103,117
1,<environment.Job instance at 0x7fc7258d0690>,21,14,[5 5],22,150,164,128,150
1,<environment.Job instance at 0x7fc7258d0a50>,25,13,[3 6],26,226,239,200,226
1,<environment.Job instance at 0x7fc7258d0e10>,30,12,[ 3 10],31,256,268,225,256
1,<environment.Job instance at 0x7fc6e1d88e10>,4,15,[10  3],5,16,31,11,16
1,<environment.Job instance at 0x7fc6e1d88140>,8,19,[9 2],9,40,59,31,40
1,<environment.Job instance at 0x7fc7255e52d0>,6,18,[7 4],7,11,29,4,11
1,<environment.Job instance at 0x7fc72809d5f0>,15,12,[8 5],16,62,74,46,62
1,<environment.Job instance at 0x7fc727c4b960>,13,15,[5 5],14,95,110,81,95
1,<environment.Job instance at 0x7fc72591bfa0>,22,13,[6 3],23,157,170,134,157
1,<environment.Job instance at 0x7fc6e1874d20>,27,18,[1 8],28,199,217,171,199
1,<environment.Job instance at 0x7fc7255a6550>,0,18,[1 5],1,1,19,0,1
1,<environment.Job instance at 0x7fc728328320>,14,13,[10  4],15,133,146,118,133
1,<environment.Job instance at 0x7fc725400870>,3,16,[3 8],4,4,20,0,4
1,<environment.Job instance at 0x7fc727ceb190>,5,12,[7 2],6,6,18,0,6
1,<environment.Job instance at 0x7fc727ceba50>,9,23,[ 2 10],10,31,54,21,31
1,<environment.Job instance at 0x7fc72807fcd0>,12,16,[4 6],13,65,81,52,65
1,<environment.Job instance at 0x7fc72807f2d0>,11,19,[5 5],12,81,100,69,73
1,<environment.Job instance at 0x7fc72807faf0>,21,13,[3 5],22,126,139,104,126
1,<environment.Job instance at 0x7fc6e1920050>,30,14,[5 2],31,194,208,163,194
1,<environment.Job instance at 0x7fc6e16ecd20>,13,19,[2 7],14,64,83,50,64
1,<environment.Job instance at 0x7fc6e18dcd20>,17,13,[ 1 10],18,84,97,66,84
1,<environment.Job instance at 0x7fc72566b1e0>,21,13,[7 2],22,124,137,102,124
1,<environment.Job instance at 0x7fc725a13500>,20,18,[1 7],21,120,138,99,120
1,<environment.Job instance at 0x7fc6e166bd70>,32,13,[8 1],33,269,282,236,269
1,<environment.Job instance at 0x7fc6e174fb40>,0,13,[4 6],1,1,14,0,1
1,<environment.Job instance at 0x7fc727efaaf0>,9,16,[ 1 10],10,14,30,4,10
1,<environment.Job instance at 0x7fc6e15e1190>,21,13,[7 3],22,144,157,122,144
1,<environment.Job instance at 0x7fc6e15e1eb0>,29,13,[10  1],30,235,248,205,235
1,<environment.Job instance at 0x7fc6e1d487d0>,15,17,[9 2],16,111,128,95,111
1,<environment.Job instance at 0x7fc6e1800640>,20,12,[7 2],21,154,166,133,154
1,<environment.Job instance at 0x7fd8818f9320>,2,20,[7 4],3,3,23,0,3
1,<environment.Job instance at 0x7fd87a4e9690>,10,15,[5 1],11,33,48,22,33
1,<environment.Job instance at 0x7fd87a4e9870>,13,13,[10  3],14,48,61,34,38
1,<environment.Job instance at 0x7fd87a4e9fa0>,22,13,[7 4],23,150,163,127,150
1,<environment.Job instance at 0x7fd87a4ec0f0>,26,12,[8 5],27,190,202,163,190
1,<environment.Job instance at 0x7fd87a500230>,2,12,[1 5],3,3,15,0,3
1,<environment.Job instance at 0x7fd881a69500>,12,19,[2 5],13,101,120,88,101
1,<environment.Job instance at 0x7fd836b36460>,0,12,[5 5],1,1,13,0,1
1,<environment.Job instance at 0x7fd8367e2280>,14,12,[4 7],15,59,71,44,59
1,<environment.Job instance at 0x7fd87a6e8690>,6,15,[2 6],7,14,29,7,14
1,<environment.Job instance at 0x7fd8368c24b0>,7,14,[8 4],8,15,29,7,15
1,<environment.Job instance at 0x7fd83dee3fa0>,12,13,[10  4],13,42,55,29,42
1,<environment.Job instance at 0x7fd881924460>,17,15,[ 4 10],18,88,103,70,88
1,<environment.Job instance at 0x7fd8368c2eb0>,0,14,[5 1],1,1,15,0,1
1,<environment.Job instance at 0x7fd8368d1af0>,9,22,[ 4 10],10,191,213,181,191
1,<environment.Job instance at 0x7fd836b26b90>,26,14,[4 9],27,213,227,186,213
1,<environment.Job instance at 0x7fd836b26cd0>,28,12,[3 5],29,227,239,198,221
1,<environment.Job instance at 0x7fd836b26d70>,29,15,[1 8],30,239,254,209,225
1,<environment.Job instance at 0x7fd836ba0f50>,9,15,[9 2],10,85,100,75,85
1,<environment.Job instance at 0x7fd836ba0aa0>,13,16,[6 2],14,100,116,86,90
1,<environment.Job instance at 0x7fd836c53af0>,24,13,[4 5],25,220,233,195,220
1,<environment.Job instance at 0x7fd836b382d0>,21,15,[2 7],22,191,206,169,191
1,<environment.Job instance at 0x7fd836bac0a0>,24,17,[5 1],25,240,257,215,240
1,<environment.Job instance at 0x7fd87d1a11e0>,5,19,[3 8],6,22,41,16,22
1,<environment.Job instance at 0x7fd87cda2280>,15,13,[4 6],16,122,135,106,122
1,<environment.Job instance at 0x7fd87a90df00>,1,14,[9 3],2,2,16,0,2
1,<environment.Job instance at 0x7fd87d057cd0>,20,26,[6 1],21,148,174,127,148
1,<environment.Job instance at 0x7fd87d062050>,28,17,[4 8],29,212,229,183,212
1,<environment.Job instance at 0x7fd87a6a1be0>,1,15,[1 6],2,2,17,0,2
1,<environment.Job instance at 0x7fd87a72bcd0>,7,17,[4 8],8,30,47,22,30
1,<environment.Job instance at 0x7fd87d178a50>,2,16,[6 1],3,47,63,44,47
1,<environment.Job instance at 0x7fd8369a7be0>,14,12,[7 4],15,73,85,58,73
1,<environment.Job instance at 0x7fd87d20aaf0>,18,15,[3 6],19,120,135,101,120
1,<environment.Job instance at 0x7fd87d20a6e0>,24,18,[5 5],25,195,213,170,195
1,<environment.Job instance at 0x7fd87ca6fe60>,1,16,[7 5],2,2,18,0,2
1,<environment.Job instance at 0x7fd87cdf0370>,10,18,[1 5],11,13,31,2,13
1,<environment.Job instance at 0x7fd87a255b90>,18,17,[3 5],19,107,124,88,107
1,<environment.Job instance at 0x7fd87a3c3190>,4,17,[3 7],5,14,31,9,14
1,<environment.Job instance at 0x7fd87a56e640>,6,26,[5 5],7,49,75,42,49
1,<environment.Job instance at 0x7fd87cae14b0>,6,16,[5 6],7,19,35,12,19
1,<environment.Job instance at 0x7fd8366d9f50>,11,13,[7 2],12,46,59,34,46
1,<environment.Job instance at 0x7fd836916910>,14,15,[5 5],15,68,83,53,68
1,<environment.Job instance at 0x7fd87a468a00>,19,17,[10  4],20,107,124,87,107
1,<environment.Job instance at 0x7fd87a3589b0>,0,18,[1 7],1,1,19,0,1
1,<environment.Job instance at 0x7fd836916500>,9,18,[6 2],10,29,47,19,29
1,<environment.Job instance at 0x7fd836d60f50>,11,27,[5 8],12,52,79,40,52
1,<environment.Job instance at 0x7fd87cde9c80>,8,13,[2 8],9,31,44,22,31
1,<environment.Job instance at 0x7fd87cde9230>,6,17,[8 5],7,60,77,53,60
1,<environment.Job instance at 0x7fd836d86a00>,11,23,[5 2],12,77,100,65,72
1,<environment.Job instance at 0x7fd8367d2aa0>,21,17,[2 8],22,197,214,175,197
1,<environment.Job instance at 0x7fd87cf33b90>,6,12,[7 2],7,7,19,0,7
1,<environment.Job instance at 0x7fd87cfaaf00>,24,18,[7 2],25,206,224,181,206
1,<environment.Job instance at 0x7fd87cfaadc0>,28,12,[5 4],29,231,243,202,231
1,<environment.Job instance at 0x7fd87d011f50>,0,15,[7 3],1,1,16,0,1
1,<environment.Job instance at 0x7fd87cce4be0>,2,15,[8 2],3,16,31,13,3
1,<environment.Job instance at 0x7fd87d011280>,5,24,[5 8],6,43,67,37,43
1,<environment.Job instance at 0x7fd87cb65fa0>,11,22,[3 8],12,67,89,55,60
1,<environment.Job instance at 0x7fd87cb65230>,12,16,[5 9],13,89,105,76,77
1,<environment.Job instance at 0x7fd87cffafa0>,15,17,[1 5],16,105,122,89,93
1,<environment.Job instance at 0x7fd836d1a370>,18,18,[6 2],19,112,130,93,112
1,<environment.Job instance at 0x7fd83645c820>,21,17,[7 5],22,132,149,110,132
1,<environment.Job instance at 0x7fd87a8d6370>,29,13,[4 9],30,238,251,208,238
1,<environment.Job instance at 0x7fd87a8d6eb0>,31,16,[10  4],32,256,272,224,256
1,<environment.Job instance at 0x7fd87a8d6910>,32,17,[1 6],33,272,289,239,260
1,<environment.Job instance at 0x7fedb8f85190>,0,17,[6 1],1,1,18,0,1
1,<environment.Job instance at 0x7fedb5e265a0>,10,15,[5 1],11,79,94,68,79
1,<environment.Job instance at 0x7fedb5e26640>,11,15,[6 1],12,94,109,82,80
1,<environment.Job instance at 0x7fedb5e26780>,13,13,[10  3],14,109,122,95,93
1,<environment.Job instance at 0x7fedb5e26fa0>,22,13,[7 4],23,212,225,189,212
1,<environment.Job instance at 0x7fedb5e29280>,26,12,[8 5],27,252,264,225,252
1,<environment.Job instance at 0x7fedb8fadd70>,13,13,[5 7],14,96,109,82,96
1,<environment.Job instance at 0x7fedb9009910>,0,14,[3 7],1,1,15,0,1
1,<environment.Job instance at 0x7fed72182370>,12,13,[2 9],13,67,80,54,67
1,<environment.Job instance at 0x7fed721d10f0>,24,17,[7 1],25,277,294,252,277
1,<environment.Job instance at 0x7fed7210e5f0>,9,12,[5 5],10,58,70,48,58
1,<environment.Job instance at 0x7fed72227320>,11,17,[5 4],12,70,87,58,70
1,<environment.Job instance at 0x7fed72227690>,16,16,[7 2],17,121,137,104,121
1,<environment.Job instance at 0x7fed72227730>,22,17,[5 5],23,204,221,181,204
1,<environment.Job instance at 0x7fed721fefa0>,0,17,[5 2],1,1,18,0,1
1,<environment.Job instance at 0x7fed72227c30>,2,12,[6 2],3,18,30,15,7
1,<environment.Job instance at 0x7fedb5c21af0>,23,12,[9 1],24,135,147,111,135
1,<environment.Job instance at 0x7fed7220aa50>,1,15,[5 4],2,2,17,0,2
1,<environment.Job instance at 0x7fedb5cdb960>,21,14,[8 3],22,215,229,193,215
1,<environment.Job instance at 0x7fed72222140>,0,19,[4 5],1,1,20,0,1
1,<environment.Job instance at 0x7fedb8629460>,9,12,[5 4],10,23,35,13,23
1,<environment.Job instance at 0x7fed7255e6e0>,12,14,[8 4],13,35,49,22,35
1,<environment.Job instance at 0x7fed7255ebe0>,16,16,[7 5],17,79,95,62,79
1,<environment.Job instance at 0x7fedb8629b40>,11,13,[9 3],12,95,108,83,79
1,<environment.Job instance at 0x7fed720de9b0>,34,18,[6 3],35,233,251,198,233
1,<environment.Job instance at 0x7fed727003c0>,2,17,[6 5],3,4,21,1,4
1,<environment.Job instance at 0x7fed72222780>,9,18,[2 5],10,39,57,29,39
1,<environment.Job instance at 0x7fedb5f500a0>,15,15,[9 4],16,126,141,110,126
1,<environment.Job instance at 0x7fed726f72d0>,16,15,[4 7],17,141,156,124,127
1,<environment.Job instance at 0x7fedb862a910>,26,17,[10  5],27,235,252,208,235
1,<environment.Job instance at 0x7fedb856f0a0>,29,17,[1 7],30,252,269,222,252
1,<environment.Job instance at 0x7fed724a4a50>,20,12,[5 7],21,135,147,114,135
1,<environment.Job instance at 0x7fed724c1b40>,22,17,[8 5],23,147,164,124,141
1,<environment.Job instance at 0x7fed720e8dc0>,29,14,[6 2],30,208,222,178,208
1,<environment.Job instance at 0x7fedb860bd70>,33,12,[5 5],34,260,272,226,260
1,<environment.Job instance at 0x7fedb860bb90>,34,16,[4 6],35,272,288,237,260
1,<environment.Job instance at 0x7fedb8faee10>,23,15,[ 4 10],24,217,232,193,217
1,<environment.Job instance at 0x7fed7241ef50>,28,17,[4 5],29,274,291,245,274
1,<environment.Job instance at 0x7fedb836af50>,13,12,[10  4],14,77,89,63,77
1,<environment.Job instance at 0x7fedb836a3c0>,14,17,[8 3],15,89,106,74,77
1,<environment.Job instance at 0x7fedb836a820>,16,14,[5 6],17,106,120,89,102
1,<environment.Job instance at 0x7fedb5cbd050>,22,14,[5 7],23,147,161,124,147
1,<environment.Job instance at 0x7fed724ae5a0>,29,13,[ 2 10],30,259,272,229,259
1,<environment.Job instance at 0x7fedb5bf9780>,15,16,[2 6],16,111,127,95,111
1,<environment.Job instance at 0x7fedb5bf9a50>,2,19,[3 9],3,113,132,110,113
1,<environment.Job instance at 0x7fedb5c97b90>,32,16,[4 6],33,261,277,228,261
1,<environment.Job instance at 0x7fed722221e0>,6,16,[10  5],7,14,30,7,14
1,<environment.Job instance at 0x7fedb8545230>,13,19,[2 7],14,69,88,55,69
1,<environment.Job instance at 0x7fedb6341e60>,15,18,[2 6],16,88,106,72,79
1,<environment.Job instance at 0x7fedb8598050>,16,16,[5 6],17,106,122,89,93
1,<environment.Job instance at 0x7fed727d90a0>,21,13,[7 2],22,122,135,100,111
1,<environment.Job instance at 0x7fed7223cfa0>,24,15,[5 5],25,135,150,110,135
1,<environment.Job instance at 0x7fedb5c9bd20>,29,17,[10  4],30,160,177,130,160
1,<environment.Job instance at 0x7fedb61e2870>,0,18,[1 7],1,1,19,0,1
1,<environment.Job instance at 0x7fedb8fb0140>,9,18,[6 2],10,54,72,44,54
1,<environment.Job instance at 0x7fedb8fb0f00>,10,21,[9 1],11,72,93,61,67
1,<environment.Job instance at 0x7fedb87c2f00>,23,16,[2 8],24,226,242,202,226
1,<environment.Job instance at 0x7fedb87c27d0>,24,12,[5 1],25,227,239,202,227
1,<environment.Job instance at 0x7fedb62debe0>,11,17,[2 8],12,69,86,57,69
1,<environment.Job instance at 0x7fedb62ebfa0>,2,19,[9 5],3,3,22,0,3
1,<environment.Job instance at 0x7fedb86d90a0>,8,12,[5 4],9,22,34,13,9
1,<environment.Job instance at 0x7fedb5d51870>,20,15,[7 4],21,134,149,113,134
1,<environment.Job instance at 0x7fed72521af0>,33,15,[4 6],34,228,243,194,228
1,<environment.Job instance at 0x7fedb5bd7320>,1,16,[10  4],2,21,37,19,21
1,<environment.Job instance at 0x7fed71ea3820>,9,16,[9 2],10,55,71,45,55
1,<environment.Job instance at 0x7fed71ea30f0>,12,12,[9 2],13,89,101,76,89
1,<environment.Job instance at 0x7fed71ea3140>,16,17,[10  2],17,147,164,130,147
1,<environment.Job instance at 0x7fed71ef9dc0>,0,15,[1 7],1,1,16,0,1
1,<environment.Job instance at 0x7fedb5bd7d70>,2,15,[5 7],3,16,31,13,3
1,<environment.Job instance at 0x7fedb8b55aa0>,7,25,[10  4],8,38,63,30,38
1,<environment.Job instance at 0x7fedb61d9870>,19,18,[6 3],20,70,88,50,70
1,<environment.Job instance at 0x7fedb86d9d20>,20,12,[7 4],21,88,100,67,71
1,<environment.Job instance at 0x7fedb89b8640>,22,12,[7 3],23,100,112,77,83
1,<environment.Job instance at 0x7fedb5ea95a0>,31,13,[7 2],32,180,193,148,180
1,<environment.Job instance at 0x7fedb89b8a00>,28,15,[4 7],29,193,208,164,184
1,<environment.Job instance at 0x7f63370f2140>,0,17,[6 1],1,1,18,0,1
1,<environment.Job instance at 0x7f632fce3690>,11,15,[6 1],12,47,62,35,47
1,<environment.Job instance at 0x7f632fce37d0>,13,13,[10  3],14,62,75,48,50
1,<environment.Job instance at 0x7f632fce3d70>,22,13,[7 4],23,147,160,124,147
1,<environment.Job instance at 0x7f632fce60f0>,26,12,[8 5],27,185,197,158,185
1,<environment.Job instance at 0x7f632fce3460>,1,14,[ 5 10],2,2,16,0,2
1,<environment.Job instance at 0x7f633725e780>,17,16,[1 7],18,146,162,128,146
1,<environment.Job instance at 0x7f6337262370>,28,14,[7 1],29,208,222,179,208
1,<environment.Job instance at 0x7f62ebfda1e0>,18,14,[3 6],19,159,173,140,159
1,<environment.Job instance at 0x7f62ebfda410>,19,12,[6 4],20,159,171,139,159
1,<environment.Job instance at 0x7f633711b0f0>,8,12,[1 7],9,59,71,50,59
1,<environment.Job instance at 0x7f632fe031e0>,9,17,[8 4],10,72,89,62,72
1,<environment.Job instance at 0x7f63366434b0>,10,16,[1 7],11,89,105,78,76
1,<environment.Job instance at 0x7f632fd1d410>,7,15,[4 7],8,105,120,97,96
1,<environment.Job instance at 0x7f62ec2e43c0>,3,24,[5 1],4,6,30,2,6
1,<environment.Job instance at 0x7f6336b438c0>,10,16,[6 3],11,49,65,38,49
1,<environment.Job instance at 0x7f6336b431e0>,15,12,[10  2],16,98,110,82,98
1,<environment.Job instance at 0x7f6336b432d0>,18,22,[10  1],19,132,154,113,132
1,<environment.Job instance at 0x7f6336b43e10>,20,14,[5 1],21,154,168,133,139
1,<environment.Job instance at 0x7f62ec4fe690>,7,17,[8 4],8,9,26,1,9
1,<environment.Job instance at 0x7f62ec312730>,9,14,[5 1],10,37,51,27,37
1,<environment.Job instance at 0x7f63300c46e0>,16,15,[8 1],17,107,122,90,107
1,<environment.Job instance at 0x7f632fd70370>,17,13,[5 1],18,122,135,104,107
1,<environment.Job instance at 0x7f62ec2f7050>,24,15,[5 5],25,165,180,140,165
1,<environment.Job instance at 0x7f62ec0985a0>,7,14,[ 3 10],8,43,57,35,43
1,<environment.Job instance at 0x7f632fe530f0>,3,27,[9 5],4,136,163,132,136
1,<environment.Job instance at 0x7f62ec58bb90>,22,19,[5 5],23,211,230,188,211
1,<environment.Job instance at 0x7f632fae40a0>,16,12,[9 1],17,118,130,101,118
1,<environment.Job instance at 0x7f632fae4f50>,17,12,[ 5 10],18,130,142,112,118
1,<environment.Job instance at 0x7f632fae40f0>,19,16,[9 4],20,146,162,126,146
1,<environment.Job instance at 0x7f63366f3640>,12,22,[5 5],13,162,184,149,157
1,<environment.Job instance at 0x7f6336c6a910>,0,18,[1 6],1,1,19,0,1
1,<environment.Job instance at 0x7f632fe74be0>,4,22,[3 5],5,74,96,69,74
1,<environment.Job instance at 0x7f632fbc8fa0>,10,14,[3 5],11,27,41,16,27
1,<environment.Job instance at 0x7f62ec1ab050>,9,12,[6 4],10,47,59,37,47
1,<environment.Job instance at 0x7f62ec2e70f0>,20,18,[1 7],21,146,164,125,146
1,<environment.Job instance at 0x7f632fe14c80>,6,17,[8 5],7,26,43,19,26
1,<environment.Job instance at 0x7f62ec160b40>,3,15,[ 5 10],4,64,79,60,64
1,<environment.Job instance at 0x7f62ebcd3960>,14,23,[5 5],15,95,118,80,95
1,<environment.Job instance at 0x7f62ebcd3050>,21,17,[2 8],22,164,181,142,164
1,<environment.Job instance at 0x7f62ebcd3140>,30,13,[6 2],31,266,279,235,266
1,<environment.Job instance at 0x7f632fe14f00>,2,19,[9 5],3,3,22,0,3
1,<environment.Job instance at 0x7f6336572640>,19,16,[3 5],20,111,127,91,111
1,<environment.Job instance at 0x7f6336572550>,20,15,[7 4],21,111,126,90,111
1,<environment.Job instance at 0x7f6336572870>,26,13,[9 4],27,238,251,211,238
1,<environment.Job instance at 0x7f62ec102d70>,21,14,[5 4],22,168,182,146,168
1,<environment.Job instance at 0x7f62ebeb71e0>,29,16,[5 5],30,214,230,184,214
1,<environment.Job instance at 0x7f62ec61beb0>,33,23,[6 1],34,235,258,201,235
1,<environment.Job instance at 0x7f63366e7af0>,0,12,[7 4],1,1,13,0,1
1,<environment.Job instance at 0x7f63368f9af0>,2,12,[7 3],3,13,25,10,3
1,<environment.Job instance at 0x7f62ec478aa0>,9,16,[7 4],10,25,41,15,19
1,<environment.Job instance at 0x7f62ec4787d0>,10,12,[5 2],11,41,53,30,24
1,<environment.Job instance at 0x7f62ec478460>,11,13,[7 2],12,53,66,41,37
1,<environment.Job instance at 0x7f62ec478140>,19,16,[10  3],20,103,119,83,103
1,<environment.Job instance at 0x7f632fa663c0>,24,14,[10  4],25,159,173,134,159
1,<environment.Job instance at 0x7f632fa66a50>,28,15,[10  3],29,235,250,206,235
1,<environment.Job instance at 0x7f632fa66af0>,31,18,[4 9],32,250,268,218,241
1,<environment.Job instance at 0x7f632fcf7820>,6,13,[3 8],7,13,26,6,13
1,<environment.Job instance at 0x7f633684ee60>,17,12,[1 5],18,117,129,99,117
1,<environment.Job instance at 0x7f6be8b66190>,0,17,[6 1],1,3,20,2,3
1,<environment.Job instance at 0x7f6be1757640>,10,15,[5 1],11,73,88,62,73
1,<environment.Job instance at 0x7f6be1757910>,11,15,[6 1],12,88,103,76,74
1,<environment.Job instance at 0x7f6be1757a00>,13,13,[10  3],14,103,116,89,87
1,<environment.Job instance at 0x7f6be1757fa0>,22,13,[7 4],23,205,218,182,205
1,<environment.Job instance at 0x7f6be175a280>,26,12,[8 5],27,245,257,218,245
1,<environment.Job instance at 0x7f6be8cdc640>,24,18,[5 4],25,172,190,147,172
1,<environment.Job instance at 0x7f6b9da574b0>,15,13,[5 5],16,131,144,115,131
1,<environment.Job instance at 0x7f6b9dc132d0>,2,18,[2 5],3,3,21,0,3
1,<environment.Job instance at 0x7f6b9daa32d0>,10,15,[2 7],11,33,48,22,33
1,<environment.Job instance at 0x7f6be1521370>,11,16,[6 1],12,33,49,21,33
1,<environment.Job instance at 0x7f6be1521af0>,13,14,[10  3],14,50,64,36,50
1,<environment.Job instance at 0x7f6b9db8cdc0>,19,14,[ 3 10],20,120,134,100,120
1,<environment.Job instance at 0x7f6b9db2feb0>,22,16,[1 5],23,142,158,119,142
1,<environment.Job instance at 0x7f6b9db2fbe0>,23,18,[4 9],24,158,176,134,147
1,<environment.Job instance at 0x7f6b9db3dfa0>,1,17,[2 7],2,2,19,0,2
1,<environment.Job instance at 0x7f6b9db33500>,10,14,[9 2],11,37,51,26,37
1,<environment.Job instance at 0x7f6be1c05eb0>,18,12,[6 4],19,174,186,155,174
1,<environment.Job instance at 0x7f6be8047c30>,22,17,[3 5],23,211,228,188,211
1,<environment.Job instance at 0x7f6be159b280>,8,14,[5 7],9,41,55,32,41
1,<environment.Job instance at 0x7f6be16c6640>,14,14,[3 5],15,168,182,153,168
1,<environment.Job instance at 0x7f6b9dd57b90>,3,16,[7 4],4,267,283,263,267
1,<environment.Job instance at 0x7f6be17047d0>,12,17,[6 3],13,39,56,26,39
1,<environment.Job instance at 0x7f6b9d95e3c0>,6,24,[5 6],7,71,95,64,71
1,<environment.Job instance at 0x7f6be19973c0>,20,12,[5 7],21,98,110,77,98
1,<environment.Job instance at 0x7f6be85f0370>,21,18,[6 5],22,110,128,88,99
1,<environment.Job instance at 0x7f6be17135a0>,22,17,[8 5],23,128,145,105,126
1,<environment.Job instance at 0x7f6b9de0bf50>,25,16,[5 8],26,145,161,119,134
1,<environment.Job instance at 0x7f6b9dd331e0>,27,12,[3 5],28,161,173,133,147
1,<environment.Job instance at 0x7f6be17afcd0>,29,14,[6 2],30,165,179,135,165
1,<environment.Job instance at 0x7f6b9d98d960>,33,12,[5 5],34,191,203,157,191
1,<environment.Job instance at 0x7f6b9d98d730>,30,28,[5 5],31,197,225,166,197
1,<environment.Job instance at 0x7f6be820cf00>,37,14,[5 4],38,236,250,198,236
1,<environment.Job instance at 0x7f6be8beaaf0>,0,17,[2 7],1,1,18,0,1
1,<environment.Job instance at 0x7f6be849fb90>,8,17,[4 5],9,49,66,40,49
1,<environment.Job instance at 0x7f6b9dd983c0>,15,13,[8 1],16,111,124,95,111
1,<environment.Job instance at 0x7f6b9dd98640>,16,14,[1 6],17,111,125,94,111
1,<environment.Job instance at 0x7f6be8b91140>,22,12,[5 9],23,179,191,156,179
1,<environment.Job instance at 0x7f6b9dde85f0>,24,17,[5 3],25,202,219,177,202
1,<environment.Job instance at 0x7f6be16f9aa0>,31,15,[1 6],32,244,259,212,244
1,<environment.Job instance at 0x7f6be830eb90>,2,16,[6 1],3,8,24,5,8
1,<environment.Job instance at 0x7f6be18e90f0>,7,17,[4 8],8,16,33,8,16
1,<environment.Job instance at 0x7f6b9da570a0>,13,15,[ 1 10],14,89,104,75,89
1,<environment.Job instance at 0x7f6be1c503c0>,14,12,[7 4],15,104,116,89,89
1,<environment.Job instance at 0x7f6be196cf00>,18,15,[3 6],19,139,154,120,139
1,<environment.Job instance at 0x7f6be80ebdc0>,18,12,[3 9],19,184,196,165,184
1,<environment.Job instance at 0x7f6be80eb780>,20,18,[2 9],21,196,214,175,189
1,<environment.Job instance at 0x7f6be16f9a50>,7,14,[5 6],8,214,228,206,206
1,<environment.Job instance at 0x7f6b9dc62370>,1,14,[5 8],2,2,16,0,2
1,<environment.Job instance at 0x7f6b9da11230>,6,23,[9 3],7,16,39,9,15
1,<environment.Job instance at 0x7f6b9dff6730>,16,15,[8 5],17,43,58,26,43
1,<environment.Job instance at 0x7f6b9dff6320>,20,13,[1 8],21,94,107,73,94
1,<environment.Job instance at 0x7f6b9dff6550>,28,14,[5 5],29,186,200,157,186
1,<environment.Job instance at 0x7f6b9e0af9b0>,6,24,[7 2],7,17,41,10,17
1,<environment.Job instance at 0x7f6be1a378c0>,26,12,[5 2],27,198,210,171,198
1,<environment.Job instance at 0x7f6be1a370f0>,24,20,[6 3],25,219,239,194,219
1,<environment.Job instance at 0x7f6be8666460>,0,13,[4 6],1,1,14,0,1
1,<environment.Job instance at 0x7f6be186a0a0>,1,14,[1 8],2,14,28,12,2
1,<environment.Job instance at 0x7f6b9d76a7d0>,9,16,[ 1 10],10,28,44,18,15
1,<environment.Job instance at 0x7f6be1c037d0>,21,13,[7 3],22,127,140,105,127
1,<environment.Job instance at 0x7f6be8194050>,24,12,[6 2],25,148,160,123,148
1,<environment.Job instance at 0x7f6be8194460>,29,13,[10  1],30,248,261,218,248
1,<environment.Job instance at 0x7f6be156de60>,6,12,[7 2],7,10,22,3,10
1,<environment.Job instance at 0x7f6be86f52d0>,24,18,[7 2],25,211,229,186,211
1,<environment.Job instance at 0x7f6be86f5280>,27,16,[5 3],28,238,254,210,238
1,<environment.Job instance at 0x7f6be8b8ab90>,7,13,[5 5],8,8,21,0,8
1,<environment.Job instance at 0x7f6b9de0a230>,0,12,[7 4],1,1,13,0,1
1,<environment.Job instance at 0x7f6be83be730>,2,12,[7 3],3,13,25,10,3
1,<environment.Job instance at 0x7f6be8867b90>,10,12,[5 2],11,25,37,14,22
1,<environment.Job instance at 0x7f6be8867a50>,11,13,[7 2],12,37,50,25,22
1,<environment.Job instance at 0x7f6be1a1f0f0>,28,15,[10  3],29,207,222,178,207
1,<environment.Job instance at 0x7f6b9d75caf0>,2,19,[8 1],3,4,23,1,4
1,<environment.Job instance at 0x7f6b9d742fa0>,25,19,[5 1],26,194,213,168,194
1,<environment.Job instance at 0x7f6b9d742500>,28,12,[9 2],29,219,231,190,219
1,<environment.Job instance at 0x7f6b9d742f50>,32,17,[7 4],33,255,272,222,255
1,<environment.Job instance at 0x7f6b9d75c410>,1,18,[4 9],2,2,20,0,2
1,<environment.Job instance at 0x7f6be857e190>,15,26,[5 5],16,56,82,40,56
1,<environment.Job instance at 0x7f6be857e1e0>,23,17,[4 8],24,136,153,112,136
1,<environment.Job instance at 0x7f6be856fb90>,30,16,[9 2],31,190,206,159,190
1,<environment.Job instance at 0x7f6be856f6e0>,33,16,[7 5],34,206,222,172,193
1,<environment.Job instance at 0x7fccb7d53230>,0,17,[6 1],1,3,20,2,3
1,<environment.Job instance at 0x7fccb09448c0>,11,15,[6 1],12,47,62,35,47
1,<environment.Job instance at 0x7fccb0944640>,13,13,[10  3],14,62,75,48,59
1,<environment.Job instance at 0x7fccb0944dc0>,22,13,[7 4],23,175,188,152,175
1,<environment.Job instance at 0x7fccb09470a0>,26,12,[8 5],27,215,227,188,215
1,<environment.Job instance at 0x7fccb7d7e730>,8,14,[7 1],9,9,23,0,9
1,<environment.Job instance at 0x7fccb095b5a0>,5,21,[5 9],6,25,46,19,25
1,<environment.Job instance at 0x7fcc6cd48be0>,7,19,[3 8],8,17,36,9,17
1,<environment.Job instance at 0x7fcc6ccf0550>,9,13,[1 7],10,36,49,26,27
1,<environment.Job instance at 0x7fcc6ccf0500>,17,24,[2 7],18,116,140,98,116
1,<environment.Job instance at 0x7fcc6ccf0960>,22,14,[4 5],23,150,164,127,150
1,<environment.Job instance at 0x7fcc6ccf0e10>,19,16,[4 5],20,163,179,143,163
1,<environment.Job instance at 0x7fcc6ccf0b40>,30,20,[4 9],31,248,268,217,248
1,<environment.Job instance at 0x7fcc6cc402d0>,0,14,[2 7],1,1,15,0,1
1,<environment.Job instance at 0x7fcc6cc2c370>,3,16,[6 2],4,4,20,0,4
1,<environment.Job instance at 0x7fcc6d045fa0>,24,16,[1 6],25,176,192,151,176
1,<environment.Job instance at 0x7fcc6cd81d70>,2,19,[2 5],3,9,28,6,9
1,<environment.Job instance at 0x7fccb06b5d20>,8,16,[6 5],9,32,48,23,32
1,<environment.Job instance at 0x7fccb71ebb40>,10,19,[4 5],11,59,78,48,59
1,<environment.Job instance at 0x7fcc6cf8de60>,19,12,[5 4],20,111,123,91,111
1,<environment.Job instance at 0x7fcc6cf8da50>,26,16,[7 5],27,168,184,141,168
1,<environment.Job instance at 0x7fcc6cd40f00>,0,18,[5 5],1,1,19,0,1
1,<environment.Job instance at 0x7fccb717ad20>,7,15,[8 2],8,25,40,17,25
1,<environment.Job instance at 0x7fcc6cd81f50>,11,16,[8 3],12,83,99,71,83
1,<environment.Job instance at 0x7fccb77864b0>,18,17,[3 8],19,183,200,164,183
1,<environment.Job instance at 0x7fccb77e9f00>,26,14,[1 6],27,246,260,219,246
1,<environment.Job instance at 0x7fccb77e9780>,0,17,[10  3],1,2,19,1,2
1,<environment.Job instance at 0x7fccb0e41a50>,15,17,[4 6],16,90,107,74,90
1,<environment.Job instance at 0x7fccb771e8c0>,8,17,[4 8],9,35,52,26,35
1,<environment.Job instance at 0x7fccb7ecd410>,6,16,[8 1],7,63,79,56,63
1,<environment.Job instance at 0x7fccb767b640>,24,15,[10  3],25,170,185,145,170
1,<environment.Job instance at 0x7fcc6d08d690>,32,17,[10  3],33,246,263,213,246
1,<environment.Job instance at 0x7fcc6cec4d70>,34,16,[9 2],35,263,279,228,263
1,<environment.Job instance at 0x7fccb09be280>,18,16,[7 3],19,139,155,120,139
1,<environment.Job instance at 0x7fccb0e65eb0>,1,16,[5 7],2,2,18,0,2
1,<environment.Job instance at 0x7fccb09deeb0>,11,23,[8 3],12,41,64,29,41
1,<environment.Job instance at 0x7fcc6cfce320>,32,14,[5 9],33,271,285,238,271
1,<environment.Job instance at 0x7fcc6cfcae60>,1,14,[3 8],2,8,22,6,8
1,<environment.Job instance at 0x7fccb0c06a00>,8,13,[1 5],9,22,35,13,9
1,<environment.Job instance at 0x7fccb0e65410>,9,15,[6 4],10,22,37,12,10
1,<environment.Job instance at 0x7fccb78e02d0>,16,18,[5 7],17,74,92,57,74
1,<environment.Job instance at 0x7fcc6c958280>,0,15,[7 3],1,1,16,0,1
1,<environment.Job instance at 0x7fcc6d2ddc30>,2,15,[8 2],3,16,31,13,3
1,<environment.Job instance at 0x7fcc6c958690>,5,24,[5 8],6,49,73,43,49
1,<environment.Job instance at 0x7fccb06de230>,12,16,[5 9],13,73,89,60,60
1,<environment.Job instance at 0x7fccb06de1e0>,13,17,[2 5],14,89,106,75,77
1,<environment.Job instance at 0x7fccb06def00>,11,22,[3 8],12,132,154,120,132
1,<environment.Job instance at 0x7fccb0932aa0>,29,13,[4 9],30,230,243,200,230
1,<environment.Job instance at 0x7fccb0932a00>,31,16,[10  4],32,247,263,215,247
1,<environment.Job instance at 0x7fccb0823820>,0,15,[1 7],1,1,16,0,1
1,<environment.Job instance at 0x7fccb0c0e2d0>,2,15,[5 7],3,16,31,13,3
1,<environment.Job instance at 0x7fcc6ca10320>,8,16,[6 3],9,31,47,22,18
1,<environment.Job instance at 0x7fccb72d0140>,12,14,[4 7],13,54,68,41,54
1,<environment.Job instance at 0x7fccb769c2d0>,20,12,[7 4],21,155,167,134,155
1,<environment.Job instance at 0x7fccb7299230>,22,12,[7 3],23,169,181,146,169
1,<environment.Job instance at 0x7fccb7299c80>,28,15,[4 7],29,233,248,204,233
1,<environment.Job instance at 0x7fccb7299fa0>,30,12,[5 2],31,235,247,204,235
1,<environment.Job instance at 0x7fcc6cd81050>,1,18,[4 9],2,2,20,0,2
1,<environment.Job instance at 0x7fccb73403c0>,11,12,[3 6],12,58,70,46,58
1,<environment.Job instance at 0x7fccb7340230>,17,16,[7 1],18,112,128,94,112
1,<environment.Job instance at 0x7fccb0af2320>,27,12,[9 5],28,218,230,190,218
1,<environment.Job instance at 0x7fccb0af2e10>,31,13,[5 9],32,241,254,209,241
1,<environment.Job instance at 0x7fccb0af2640>,33,16,[7 5],34,254,270,220,253
1,<environment.Job instance at 0x7fccb770b280>,3,12,[3 8],4,5,17,1,5
1,<environment.Job instance at 0x7fccb7150f50>,16,12,[4 6],17,137,149,120,137
1,<environment.Job instance at 0x7fccb71c6870>,17,17,[7 3],18,149,166,131,137
1,<environment.Job instance at 0x7fccb71506e0>,19,18,[9 1],20,166,184,146,162
1,<environment.Job instance at 0x7fe7e5622410>,1,15,[5 2],2,2,17,0,2
1,<environment.Job instance at 0x7fe7e221aeb0>,9,17,[8 1],10,17,34,7,17
1,<environment.Job instance at 0x7fe7e221d3c0>,18,18,[3 6],19,131,149,112,131
1,<environment.Job instance at 0x7fe7e221d730>,20,18,[7 5],21,152,170,131,152
1,<environment.Job instance at 0x7fe7e221d910>,23,18,[7 4],24,199,217,175,199
1,<environment.Job instance at 0x7fe7e57a39b0>,11,14,[ 2 10],12,49,63,37,49
1,<environment.Job instance at 0x7fe7e579a460>,21,13,[7 2],22,110,123,88,110
1,<environment.Job instance at 0x7fe7e2030b40>,26,18,[ 2 10],27,123,141,96,123
1,<environment.Job instance at 0x7fe7e579c280>,28,13,[1 5],29,141,154,112,130
1,<environment.Job instance at 0x7fe7e579c320>,29,15,[4 7],30,154,169,124,144
1,<environment.Job instance at 0x7fe7e26be640>,37,17,[7 4],38,214,231,176,214
1,<environment.Job instance at 0x7fe79a4a02d0>,11,25,[7 4],12,46,71,34,46
1,<environment.Job instance at 0x7fe79a4a0aa0>,19,14,[9 1],20,155,169,135,155
1,<environment.Job instance at 0x7fe79a4a0690>,14,20,[5 7],15,169,189,154,168
1,<environment.Job instance at 0x7fe79a61df50>,0,15,[6 2],1,1,16,0,1
1,<environment.Job instance at 0x7fe79a61d460>,1,15,[6 2],2,16,31,14,2
1,<environment.Job instance at 0x7fe79a4cb550>,10,15,[8 3],11,31,46,20,26
1,<environment.Job instance at 0x7fe79aa1af50>,17,13,[4 5],18,73,86,55,73
1,<environment.Job instance at 0x7fe79a8d6eb0>,23,16,[7 1],24,154,170,130,154
1,<environment.Job instance at 0x7fe79a8cbcd0>,7,27,[5 3],8,30,57,22,30
1,<environment.Job instance at 0x7fe79a51f5a0>,8,17,[10  2],9,57,74,48,48
1,<environment.Job instance at 0x7fe7e4b7ed20>,0,17,[2 6],1,1,18,0,1
1,<environment.Job instance at 0x7fe7e4b7ebe0>,10,12,[6 2],11,30,42,19,30
1,<environment.Job instance at 0x7fe7e26a5910>,14,12,[1 8],15,53,65,38,53
1,<environment.Job instance at 0x7fe7e26a5370>,18,13,[3 5],19,120,133,101,120
1,<environment.Job instance at 0x7fe7e26a5f00>,22,14,[3 5],23,169,183,146,169
1,<environment.Job instance at 0x7fe7e26a50a0>,26,18,[4 9],27,204,222,177,204
1,<environment.Job instance at 0x7fe7e50bc5f0>,1,15,[4 8],2,2,17,0,2
1,<environment.Job instance at 0x7fe7e5050c30>,0,17,[2 8],1,1,18,0,1
1,<environment.Job instance at 0x7fe79a6cc7d0>,14,12,[8 2],15,114,126,99,114
1,<environment.Job instance at 0x7fe79a6cc5a0>,16,18,[8 1],17,134,152,117,134
1,<environment.Job instance at 0x7fe79a6ccb40>,17,13,[7 5],18,152,165,134,137
1,<environment.Job instance at 0x7fe79a6cc460>,18,13,[1 7],19,137,150,118,137
1,<environment.Job instance at 0x7fe79a6b1fa0>,22,15,[10  5],23,165,180,142,163
1,<environment.Job instance at 0x7fe79a885af0>,28,15,[4 9],29,210,225,181,210
1,<environment.Job instance at 0x7fe79a4650f0>,0,17,[2 6],1,1,18,0,1
1,<environment.Job instance at 0x7fe7e4bb1aa0>,8,17,[2 8],9,26,43,17,26
1,<environment.Job instance at 0x7fe7e4bb12d0>,6,28,[1 9],7,49,77,42,49
1,<environment.Job instance at 0x7fe79a95c410>,1,16,[1 8],2,2,18,0,2
1,<environment.Job instance at 0x7fe79aa9b050>,9,19,[6 4],10,133,152,123,133
1,<environment.Job instance at 0x7fe7e4fc5fa0>,18,13,[1 9],19,152,165,133,136
1,<environment.Job instance at 0x7fe7e4fc55f0>,19,16,[2 5],20,136,152,116,136
1,<environment.Job instance at 0x7fe7e25770a0>,1,18,[5 8],2,2,20,0,2
1,<environment.Job instance at 0x7fe7e4f6a0f0>,3,17,[6 1],4,20,37,16,8
1,<environment.Job instance at 0x7fe79a6a0e10>,26,15,[5 7],27,168,183,141,168
1,<environment.Job instance at 0x7fe79a6a0820>,30,12,[8 1],31,185,197,154,185
1,<environment.Job instance at 0x7fe79a38ee10>,36,13,[10  5],37,214,227,177,214
1,<environment.Job instance at 0x7fe79a5f0230>,7,14,[ 3 10],8,27,41,19,27
1,<environment.Job instance at 0x7fe79a5f00f0>,9,13,[6 2],10,41,54,31,38
1,<environment.Job instance at 0x7fe79a9e2c80>,17,14,[7 5],18,142,156,124,142
1,<environment.Job instance at 0x7fe79a9e20f0>,22,14,[9 5],23,173,187,150,173
1,<environment.Job instance at 0x7fe79a33eeb0>,5,17,[ 5 10],6,195,212,189,195
1,<environment.Job instance at 0x7fe79a31d5f0>,29,27,[ 5 10],30,229,256,199,229
1,<environment.Job instance at 0x7fe79a317f00>,15,16,[5 5],16,104,120,88,104
1,<environment.Job instance at 0x7fe79a3173c0>,17,17,[4 5],18,116,133,98,116
1,<environment.Job instance at 0x7fe7e1fd2f00>,18,13,[8 5],19,133,146,114,117
1,<environment.Job instance at 0x7fe7e1fd2910>,21,16,[6 5],22,146,162,124,143
1,<environment.Job instance at 0x7fe79a31d820>,2,14,[4 9],3,168,182,165,168
1,<environment.Job instance at 0x7fe7e1fd27d0>,25,12,[1 9],26,182,194,156,182
1,<environment.Job instance at 0x7fe7e4b2aeb0>,26,15,[8 2],27,194,209,167,182
1,<environment.Job instance at 0x7fe7e1ff55a0>,31,13,[6 1],32,228,241,196,228
1,<environment.Job instance at 0x7fe7e1ff5f00>,35,13,[ 5 10],36,250,263,214,250
1,<environment.Job instance at 0x7fe7e1ff5e60>,38,14,[6 5],39,263,277,224,251
1,<environment.Job instance at 0x7fe79a6fd370>,9,14,[6 5],10,15,29,5,15
1,<environment.Job instance at 0x7fe79a6fd5f0>,10,13,[5 8],11,29,42,18,15
1,<environment.Job instance at 0x7fe79a6fddc0>,6,27,[4 6],7,164,191,157,164
1,<environment.Job instance at 0x7fe7e219f820>,22,22,[7 5],23,191,213,168,185
1,<environment.Job instance at 0x7fe79a41c960>,27,13,[10  4],28,213,226,185,197
1,<environment.Job instance at 0x7fe79a41c870>,30,15,[10  4],31,226,241,195,222
1,<environment.Job instance at 0x7fe79a41c780>,32,17,[3 9],33,241,258,208,232
1,<environment.Job instance at 0x7fe79a3b6d20>,3,18,[6 5],4,41,59,37,41
1,<environment.Job instance at 0x7fe7e4e863c0>,8,12,[1 7],9,59,71,50,42
1,<environment.Job instance at 0x7fe79a4fb1e0>,2,14,[8 3],3,3,17,0,3
1,<environment.Job instance at 0x7fe7e2025050>,14,15,[5 8],15,82,97,67,82
1,<environment.Job instance at 0x7fe79a81d050>,5,14,[4 7],6,6,20,0,6
1,<environment.Job instance at 0x7fe79a81d2d0>,6,16,[9 4],7,20,36,13,7
1,<environment.Job instance at 0x7fe7e4b06460>,10,16,[ 3 10],11,37,53,26,37
1,<environment.Job instance at 0x7fe7e1ffb5a0>,16,18,[1 5],17,110,128,93,110
1,<environment.Job instance at 0x7fe79a81d3c0>,8,14,[ 2 10],9,149,163,140,149
1,<environment.Job instance at 0x7fe7e4c31a50>,26,16,[8 3],27,195,211,168,195
1,<environment.Job instance at 0x7fe79aae1370>,1,17,[3 5],2,2,19,0,2
1,<environment.Job instance at 0x7fe7e22c7500>,8,16,[3 6],9,19,35,10,13
1,<environment.Job instance at 0x7fe7e22c70f0>,14,17,[10  4],15,94,111,79,94
1,<environment.Job instance at 0x7fe7e4f11a00>,1,16,[6 3],2,2,18,0,2
1,<environment.Job instance at 0x7fe7e4b7abe0>,7,18,[2 7],8,17,35,9,17
1,<environment.Job instance at 0x7fe79a6fd500>,11,14,[ 4 10],12,44,58,32,44
1,<environment.Job instance at 0x7f9d3bcf2410>,1,15,[5 2],2,2,17,0,2
1,<environment.Job instance at 0x7f9d3ab99640>,23,18,[7 4],24,192,210,168,192
1,<environment.Job instance at 0x7f9d3ab9cf00>,1,14,[ 2 10],2,2,16,0,2
1,<environment.Job instance at 0x7f9d3bd1e910>,19,15,[4 7],20,115,130,95,115
1,<environment.Job instance at 0x7f9d3aba0fa0>,0,15,[9 2],1,1,16,0,1
1,<environment.Job instance at 0x7f9cf0cb80f0>,31,15,[6 2],32,257,272,225,257
1,<environment.Job instance at 0x7f9cf0cb85f0>,1,13,[ 4 10],2,2,15,0,2
1,<environment.Job instance at 0x7f9d3aacf870>,7,22,[1 7],8,79,101,71,79
1,<environment.Job instance at 0x7f9cf0c7faa0>,18,17,[10  5],19,142,159,123,142
1,<environment.Job instance at 0x7f9cf0bd6280>,20,12,[6 2],21,161,173,140,161
1,<environment.Job instance at 0x7f9d3a9ff5a0>,24,12,[1 8],25,189,201,164,189
1,<environment.Job instance at 0x7f9d3a9aa690>,28,13,[3 5],29,238,251,209,238
1,<environment.Job instance at 0x7f9cf0b913c0>,6,14,[5 3],7,8,22,1,8
1,<environment.Job instance at 0x7f9cf0b91e60>,7,14,[8 5],8,22,36,14,8
1,<environment.Job instance at 0x7f9d3a9c5820>,20,14,[7 2],21,120,134,99,120
1,<environment.Job instance at 0x7f9d3a9c4eb0>,30,28,[1 7],31,244,272,213,244
1,<environment.Job instance at 0x7f9d3a9c4cd0>,32,13,[ 4 10],33,272,285,239,256
1,<environment.Job instance at 0x7f9d3bc77d70>,0,17,[5 4],1,1,18,0,1
1,<environment.Job instance at 0x7f9d3b1d1f50>,20,14,[3 6],21,97,111,76,97
1,<environment.Job instance at 0x7f9d3b1a20a0>,23,21,[8 2],24,132,153,108,132
1,<environment.Job instance at 0x7f9cf0c88910>,18,13,[7 1],19,134,147,115,134
1,<environment.Job instance at 0x7f9d3b6b8050>,0,14,[8 1],1,1,15,0,1
1,<environment.Job instance at 0x7f9cf0e55370>,15,14,[8 2],16,103,117,87,103
1,<environment.Job instance at 0x7f9cf0e55aa0>,21,18,[5 8],22,169,187,147,169
1,<environment.Job instance at 0x7f9cf0e55780>,23,17,[6 1],24,187,204,163,176
1,<environment.Job instance at 0x7f9cf0e55140>,25,12,[ 2 10],26,204,216,178,193
1,<environment.Job instance at 0x7f9d3afb4730>,17,14,[ 3 10],18,143,157,125,143
1,<environment.Job instance at 0x7f9d3b215af0>,19,13,[6 2],20,164,177,144,164
1,<environment.Job instance at 0x7f9d3b215500>,27,14,[7 5],28,255,269,227,255
1,<environment.Job instance at 0x7f9d3aeb5c80>,18,13,[8 5],19,126,139,107,126
1,<environment.Job instance at 0x7f9cf10f44b0>,21,16,[6 5],22,140,156,118,140
1,<environment.Job instance at 0x7f9cf10f4e10>,25,12,[1 9],26,188,200,162,188
1,<environment.Job instance at 0x7f9d3abed5f0>,38,14,[6 5],39,256,270,217,256
1,<environment.Job instance at 0x7f9d3b325410>,0,13,[5 8],1,1,14,0,1
1,<environment.Job instance at 0x7f9cf1023410>,7,13,[7 5],8,23,36,15,23
1,<environment.Job instance at 0x7f9d3accba50>,17,13,[10  4],18,163,176,145,163
1,<environment.Job instance at 0x7f9d3accb3c0>,20,15,[10  4],21,190,205,169,190
1,<environment.Job instance at 0x7f9d3b022320>,2,15,[6 2],3,196,211,193,196
1,<environment.Job instance at 0x7f9cf10a6870>,22,14,[6 2],23,223,237,200,223
1,<environment.Job instance at 0x7f9cf10a6b90>,25,14,[1 6],26,258,272,232,258
1,<environment.Job instance at 0x7f9d3aefdd70>,28,14,[ 2 10],29,235,249,206,235
1,<environment.Job instance at 0x7f9d3aefddc0>,31,18,[5 5],32,262,280,230,262
1,<environment.Job instance at 0x7f9cf0f5a230>,8,17,[7 4],9,9,26,0,9
1,<environment.Job instance at 0x7f9d3b4cd140>,13,14,[6 1],14,26,40,12,25
1,<environment.Job instance at 0x7f9d3b4cd460>,17,13,[9 5],18,74,87,56,74
1,<environment.Job instance at 0x7f9cf0fbfb40>,20,14,[2 5],21,100,114,79,100
1,<environment.Job instance at 0x7f9d3b0dad70>,30,14,[3 7],31,161,175,130,161
1,<environment.Job instance at 0x7f9d3b0fa320>,1,16,[6 3],2,2,18,0,2
1,<environment.Job instance at 0x7f9cf0ee5190>,7,17,[ 1 10],8,23,40,15,23
1,<environment.Job instance at 0x7f9d3b1c48c0>,0,15,[7 4],1,1,16,0,1
1,<environment.Job instance at 0x7f9cf0cc20f0>,10,18,[5 9],11,53,71,42,53
1,<environment.Job instance at 0x7f9cf0cc2050>,11,17,[2 5],12,71,88,59,59
1,<environment.Job instance at 0x7f9cf0cc2fa0>,14,25,[9 4],15,141,166,126,141
1,<environment.Job instance at 0x7f9cf0b6fa00>,29,17,[3 6],30,210,227,180,210
1,<environment.Job instance at 0x7f9d3b4fa6e0>,0,18,[7 5],1,1,19,0,1
1,<environment.Job instance at 0x7f9d3a93c4b0>,19,12,[8 1],20,126,138,106,126
1,<environment.Job instance at 0x7f9cf0d425f0>,10,13,[9 3],11,51,64,40,51
1,<environment.Job instance at 0x7f9d3be61eb0>,24,13,[10  1],25,203,216,178,203
1,<environment.Job instance at 0x7f9d3adab320>,23,15,[2 6],24,231,246,207,231
1,<environment.Job instance at 0x7f9d3be61050>,25,18,[1 7],26,246,264,220,245
1,<environment.Job instance at 0x7f152a4ee140>,1,15,[5 2],2,2,17,0,2
1,<environment.Job instance at 0x7f15250de5f0>,9,17,[8 1],10,17,34,7,15
1,<environment.Job instance at 0x7f15250de820>,11,14,[10  4],12,34,48,22,29
1,<environment.Job instance at 0x7f15250de730>,18,18,[3 6],19,131,149,112,131
1,<environment.Job instance at 0x7f15250ded20>,20,18,[7 5],21,152,170,131,152
1,<environment.Job instance at 0x7f15250def50>,23,18,[7 4],24,199,217,175,199
1,<environment.Job instance at 0x7f15250e0320>,1,13,[7 2],2,2,15,0,2
1,<environment.Job instance at 0x7f1525197b90>,4,14,[9 1],5,15,29,10,7
1,<environment.Job instance at 0x7f152a661280>,12,24,[10  3],13,49,73,36,49
1,<environment.Job instance at 0x7f152a5168c0>,29,14,[6 1],30,225,239,195,225
1,<environment.Job instance at 0x7f152a516730>,32,12,[10  1],33,265,277,232,265
1,<environment.Job instance at 0x7f15250e8730>,2,18,[10  5],3,8,26,5,8
1,<environment.Job instance at 0x7f14df380be0>,10,15,[6 2],11,46,61,35,46
1,<environment.Job instance at 0x7f14df380c30>,15,13,[2 6],16,88,101,72,88
1,<environment.Job instance at 0x7f14df380f00>,17,16,[6 2],18,91,107,73,91
1,<environment.Job instance at 0x7f14df32d690>,20,15,[8 3],21,120,135,99,120
1,<environment.Job instance at 0x7f14df32daa0>,27,13,[4 5],28,206,219,178,206
1,<environment.Job instance at 0x7f14df32d500>,31,18,[ 4 10],32,242,260,210,242
1,<environment.Job instance at 0x7f14df3df780>,11,14,[2 9],12,34,48,22,34
1,<environment.Job instance at 0x7f14dfa100f0>,9,16,[7 2],10,41,57,31,41
1,<environment.Job instance at 0x7f152a667eb0>,16,18,[7 1],17,90,108,73,90
1,<environment.Job instance at 0x7f14dfa81550>,27,14,[8 5],28,182,196,154,182
1,<environment.Job instance at 0x7f15250e8e60>,0,17,[2 8],1,1,18,0,1
1,<environment.Job instance at 0x7f14dfa83aa0>,10,17,[5 4],11,56,73,45,56
1,<environment.Job instance at 0x7f14dfa83d70>,14,12,[8 2],15,113,125,98,113
1,<environment.Job instance at 0x7f15254a0820>,16,18,[8 1],17,133,151,116,133
1,<environment.Job instance at 0x7f14dfa83eb0>,17,13,[7 5],18,151,164,133,135
1,<environment.Job instance at 0x7f14dfa83af0>,18,13,[1 7],19,135,148,116,135
1,<environment.Job instance at 0x7f1525d04dc0>,22,15,[10  5],23,164,179,141,163
1,<environment.Job instance at 0x7f152562f4b0>,28,15,[4 9],29,210,225,181,210
1,<environment.Job instance at 0x7f14df564a50>,19,16,[2 6],20,139,155,119,139
1,<environment.Job instance at 0x7f15257aa960>,5,25,[4 9],6,10,35,4,10
1,<environment.Job instance at 0x7f15257aa1e0>,8,12,[6 1],9,24,36,15,24
1,<environment.Job instance at 0x7f15257aa640>,7,14,[7 5],8,101,115,93,101
1,<environment.Job instance at 0x7f1525d755a0>,24,16,[5 5],25,205,221,180,205
1,<environment.Job instance at 0x7f1525d75280>,28,18,[1 5],29,238,256,209,238
1,<environment.Job instance at 0x7f14df5ca640>,1,13,[6 1],2,2,15,0,2
1,<environment.Job instance at 0x7f15253ab640>,10,12,[1 5],11,28,40,17,28
1,<environment.Job instance at 0x7f14df5ca190>,5,13,[ 5 10],6,59,72,53,59
1,<environment.Job instance at 0x7f14df1d4eb0>,21,15,[10  1],22,159,174,137,159
1,<environment.Job instance at 0x7f1525865730>,29,14,[6 5],30,229,243,199,229
1,<environment.Job instance at 0x7f1525c96640>,3,18,[6 5],4,39,57,35,39
1,<environment.Job instance at 0x7f14df53e460>,12,18,[5 8],13,65,83,52,65
1,<environment.Job instance at 0x7f1525567550>,17,18,[6 5],18,158,176,140,158
1,<environment.Job instance at 0x7f15255ff1e0>,21,18,[5 7],22,192,210,170,192
1,<environment.Job instance at 0x7f15253b2a00>,22,15,[6 2],23,212,227,189,212
1,<environment.Job instance at 0x7f14df791c80>,24,26,[1 6],25,219,245,194,219
1,<environment.Job instance at 0x7f152513dbe0>,29,22,[1 7],30,251,273,221,251
1,<environment.Job instance at 0x7f1525460500>,0,13,[3 5],1,1,14,0,1
1,<environment.Job instance at 0x7f14df5bf410>,17,18,[9 1],18,203,221,185,203
1,<environment.Job instance at 0x7f14df9eeaf0>,27,14,[8 2],28,249,263,221,249
1,<environment.Job instance at 0x7f14df9f2af0>,7,15,[6 2],8,8,23,0,8
1,<environment.Job instance at 0x7f14df9f2690>,8,17,[7 4],9,23,40,14,11
1,<environment.Job instance at 0x7f14df640aa0>,13,14,[6 1],14,41,55,27,41
1,<environment.Job instance at 0x7f14df640d20>,20,14,[2 5],21,103,117,82,103
1,<environment.Job instance at 0x7f14df9f2fa0>,4,18,[8 3],5,174,192,169,174
1,<environment.Job instance at 0x7f14df9acfa0>,30,14,[3 7],31,197,211,166,197
1,<environment.Job instance at 0x7f14df640c80>,0,18,[10  5],1,3,21,2,3
1,<environment.Job instance at 0x7f152501cf50>,8,14,[5 7],9,22,36,13,22
1,<environment.Job instance at 0x7f152501ccd0>,6,15,[9 4],7,36,51,29,31
1,<environment.Job instance at 0x7f152500b9b0>,17,16,[4 8],18,122,138,104,122
1,<environment.Job instance at 0x7f14df8aa2d0>,32,16,[9 4],33,247,263,214,247
1,<environment.Job instance at 0x7f15257f55a0>,10,17,[2 6],11,50,67,39,50
1,<environment.Job instance at 0x7f14df1d9370>,7,12,[4 6],8,27,39,19,27
1,<environment.Job instance at 0x7f14df1d94b0>,8,13,[2 6],9,39,52,30,27
1,<environment.Job instance at 0x7f14df8f8280>,4,12,[6 3],5,36,48,31,36
1,<environment.Job instance at 0x7f14df1d9730>,17,13,[3 9],18,158,171,140,158
1,<environment.Job instance at 0x7f1524eb4780>,7,23,[2 6],8,13,36,5,13
1,<environment.Job instance at 0x7f14df846230>,17,16,[7 4],18,121,137,103,121
1,<environment.Job instance at 0x7f1524f9bf00>,8,12,[1 6],9,21,33,12,21
1,<environment.Job instance at 0x7f14df6fa550>,10,14,[8 4],11,21,35,10,21
1,<environment.Job instance at 0x7f14df29b190>,2,14,[10  1],3,43,57,40,43
1,<environment.Job instance at 0x7f14df48c5a0>,22,15,[3 7],23,225,240,202,225
1,<environment.Job instance at 0x7f0b1f0216e0>,1,15,[5 2],2,2,17,0,2
1,<environment.Job instance at 0x7f0b17bbf6e0>,9,17,[8 1],10,20,37,10,20
1,<environment.Job instance at 0x7f0b17bbf820>,18,18,[3 6],19,135,153,116,135
1,<environment.Job instance at 0x7f0b17bbfd70>,20,18,[7 5],21,153,171,132,152
1,<environment.Job instance at 0x7f0b17bbff00>,23,18,[7 4],24,192,210,168,192
1,<environment.Job instance at 0x7f0b1f136b40>,1,17,[2 7],2,2,19,0,2
1,<environment.Job instance at 0x7f0b1f13da00>,19,14,[6 1],20,200,214,180,200
1,<environment.Job instance at 0x7f0b1f13dcd0>,22,12,[10  1],23,246,258,223,246
1,<environment.Job instance at 0x7f0ad3f76730>,0,15,[8 3],1,1,16,0,1
1,<environment.Job instance at 0x7f0ad3f83870>,10,17,[2 6],11,99,116,88,99
1,<environment.Job instance at 0x7f0ad3f833c0>,12,17,[8 5],13,116,133,103,116
1,<environment.Job instance at 0x7f0ad43775f0>,18,17,[1 7],19,151,168,132,151
1,<environment.Job instance at 0x7f0ad407e820>,28,13,[3 5],29,239,252,210,239
1,<environment.Job instance at 0x7f0ad4377f50>,0,14,[7 2],1,1,15,0,1
1,<environment.Job instance at 0x7f0ad43955f0>,15,13,[2 5],16,143,156,127,143
1,<environment.Job instance at 0x7f0ad42d12d0>,0,17,[2 6],1,1,18,0,1
1,<environment.Job instance at 0x7f0ad43265f0>,3,12,[ 1 10],4,18,30,14,16
1,<environment.Job instance at 0x7f0ad4326a00>,7,26,[7 3],8,51,77,43,51
1,<environment.Job instance at 0x7f0ad3ecedc0>,0,14,[8 1],1,1,15,0,1
1,<environment.Job instance at 0x7f0b1a1086e0>,7,14,[7 5],8,24,38,16,24
1,<environment.Job instance at 0x7f0b1a3b3190>,8,12,[6 1],9,38,50,29,24
1,<environment.Job instance at 0x7f0b17b14cd0>,0,12,[1 5],1,1,13,0,1
1,<environment.Job instance at 0x7f0ad3f9cf50>,11,15,[10  1],12,85,100,73,85
1,<environment.Job instance at 0x7f0b1a215280>,19,14,[6 5],20,162,176,142,162
1,<environment.Job instance at 0x7f0b1a367910>,11,18,[5 5],12,34,52,22,34
1,<environment.Job instance at 0x7f0b1a367050>,12,16,[5 5],13,34,50,21,34
1,<environment.Job instance at 0x7f0b1a772550>,16,18,[1 5],17,79,97,62,79
1,<environment.Job instance at 0x7f0b1a7722d0>,17,18,[9 5],18,79,97,61,79
1,<environment.Job instance at 0x7f0ad3f3e8c0>,26,16,[8 3],27,165,181,138,165
1,<environment.Job instance at 0x7f0b1a7bfc30>,8,17,[5 5],9,18,35,9,18
1,<environment.Job instance at 0x7f0ad4395190>,7,17,[ 1 10],8,23,40,15,23
1,<environment.Job instance at 0x7f0b1a2b1780>,1,17,[1 9],2,2,19,0,2
1,<environment.Job instance at 0x7f0b17b47140>,8,17,[2 5],9,19,36,10,12
1,<environment.Job instance at 0x7f0b1a4be140>,9,17,[3 6],10,36,53,26,24
1,<environment.Job instance at 0x7f0b17b4ec30>,14,12,[6 3],15,67,79,52,67
1,<environment.Job instance at 0x7f0ad3dd63c0>,17,12,[4 6],18,102,114,84,102
1,<environment.Job instance at 0x7f0b17b6baa0>,18,13,[2 6],19,114,127,95,102
1,<environment.Job instance at 0x7f0b1a2b1050>,6,13,[4 5],7,10,23,3,10
1,<environment.Job instance at 0x7f0b17d0be60>,17,16,[7 4],18,177,193,159,177
1,<environment.Job instance at 0x7f0ad4506b90>,0,14,[8 4],1,1,15,0,1
1,<environment.Job instance at 0x7f0ad4524410>,8,14,[5 7],9,33,47,24,33
1,<environment.Job instance at 0x7f0b1a32caf0>,2,14,[8 5],3,3,17,0,3
1,<environment.Job instance at 0x7f0ad3fb51e0>,2,16,[8 2],3,3,19,0,3
1,<environment.Job instance at 0x7f0ad3fb57d0>,4,14,[4 7],5,19,33,14,18
1,<environment.Job instance at 0x7f0ad3fcad20>,15,15,[1 7],16,123,138,107,123
1,<environment.Job instance at 0x7f0ad3fcaf50>,19,15,[7 1],20,185,200,165,185
1,<environment.Job instance at 0x7f0ad3fcac30>,24,16,[4 9],25,260,276,235,260
1,<environment.Job instance at 0x7f0b1a3c3cd0>,0,13,[9 3],1,1,14,0,1
1,<environment.Job instance at 0x7f0b1a1a3870>,10,15,[5 8],11,30,45,19,30
1,<environment.Job instance at 0x7f0b1a1a3aa0>,13,16,[2 8],14,45,61,31,44
1,<environment.Job instance at 0x7fee093d3140>,1,15,[5 2],2,2,17,0,2
1,<environment.Job instance at 0x7fee01fc35f0>,9,17,[8 1],10,17,34,7,15
1,<environment.Job instance at 0x7fee01fc3820>,11,14,[10  4],12,34,48,22,29
1,<environment.Job instance at 0x7fee01fc3e10>,18,18,[3 6],19,131,149,112,131
1,<environment.Job instance at 0x7fee01fc3f50>,20,18,[7 5],21,152,170,131,152
1,<environment.Job instance at 0x7fee01fc3be0>,23,18,[7 4],24,199,217,175,199
1,<environment.Job instance at 0x7fee01fc3280>,5,18,[7 5],6,224,242,218,224
1,<environment.Job instance at 0x7fee01fc5690>,30,15,[8 2],31,268,283,237,268
1,<environment.Job instance at 0x7fee095492d0>,17,17,[5 6],18,143,160,125,143
1,<environment.Job instance at 0x7fee09539b40>,20,15,[2 6],21,203,218,182,203
1,<environment.Job instance at 0x7fee09539a50>,1,13,[ 4 10],2,2,15,0,2
1,<environment.Job instance at 0x7fedbe2c70a0>,2,14,[4 7],3,15,29,12,3
1,<environment.Job instance at 0x7fedbe2c7b40>,5,19,[5 1],6,80,99,74,80
1,<environment.Job instance at 0x7fedbe2c7500>,7,22,[1 7],8,140,162,132,140
1,<environment.Job instance at 0x7fedbe35fa00>,0,17,[5 4],1,1,18,0,1
1,<environment.Job instance at 0x7fedbe8f5e10>,12,15,[10  5],13,48,63,35,48
1,<environment.Job instance at 0x7fee0954d690>,18,15,[4 9],19,119,134,100,119
1,<environment.Job instance at 0x7fee0954d550>,14,19,[3 9],15,144,163,129,144
1,<environment.Job instance at 0x7fee0954d7d0>,20,14,[3 6],21,163,177,142,148
1,<environment.Job instance at 0x7fedbe1cc780>,1,16,[1 8],2,2,18,0,2
1,<environment.Job instance at 0x7fee02455af0>,9,15,[2 6],10,21,36,11,21
1,<environment.Job instance at 0x7fee046b8e10>,3,21,[4 9],4,57,78,53,57
1,<environment.Job instance at 0x7fee04525af0>,15,17,[ 5 10],16,116,133,100,116
1,<environment.Job instance at 0x7fedbe425eb0>,19,13,[6 2],20,140,153,120,140
1,<environment.Job instance at 0x7fee04bb82d0>,27,14,[7 5],28,257,271,229,257
1,<environment.Job instance at 0x7fee04bb80a0>,28,12,[6 1],29,271,283,242,258
1,<environment.Job instance at 0x7fedbe6728c0>,1,13,[6 1],2,2,15,0,2
1,<environment.Job instance at 0x7fedbe8f75f0>,10,12,[1 5],11,28,40,17,28
1,<environment.Job instance at 0x7fee0210fd20>,5,13,[ 5 10],6,53,66,47,53
1,<environment.Job instance at 0x7fee02113f00>,21,15,[10  1],22,159,174,137,159
1,<environment.Job instance at 0x7fedbe492e10>,29,14,[6 5],30,227,241,197,227
1,<environment.Job instance at 0x7fee0210f640>,2,15,[6 2],3,3,18,0,3
1,<environment.Job instance at 0x7fedbe269be0>,22,14,[6 2],23,191,205,168,191
1,<environment.Job instance at 0x7fedbe3097d0>,30,18,[5 2],31,254,272,223,254
1,<environment.Job instance at 0x7fee01fa4fa0>,1,18,[5 5],2,2,20,0,2
1,<environment.Job instance at 0x7fee01fa4370>,2,16,[5 5],3,3,19,0,3
1,<environment.Job instance at 0x7fedbe6642d0>,10,28,[8 2],11,20,48,9,20
1,<environment.Job instance at 0x7fee0450c910>,14,13,[5 5],15,58,71,43,58
1,<environment.Job instance at 0x7fee0450c320>,16,16,[8 3],17,71,87,54,59
1,<environment.Job instance at 0x7fee0244e910>,5,28,[ 3 10],6,150,178,144,150
1,<environment.Job instance at 0x7fedbe1159b0>,27,14,[5 1],28,220,234,192,220
1,<environment.Job instance at 0x7fee01f494b0>,1,16,[6 3],2,2,18,0,2
1,<environment.Job instance at 0x7fee0228b460>,0,17,[2 6],1,1,18,0,1
1,<environment.Job instance at 0x7fedbe763b40>,17,17,[2 6],18,194,211,176,194
1,<environment.Job instance at 0x7fee0225f780>,0,18,[7 5],1,1,19,0,1
1,<environment.Job instance at 0x7fedbe565190>,7,16,[1 6],8,23,39,15,23
1,<environment.Job instance at 0x7fee023b9d20>,7,16,[8 4],8,26,42,18,26
1,<environment.Job instance at 0x7fedbe4db0a0>,24,14,[3 7],25,243,257,218,243
1,<environment.Job instance at 0x7fedbe4dbc30>,23,23,[6 3],24,271,294,247,271
1,<environment.Job instance at 0x7fedbe4db280>,2,16,[8 2],3,3,19,0,3
1,<environment.Job instance at 0x7fee02434af0>,4,14,[4 7],5,19,33,14,14
1,<environment.Job instance at 0x7fee04a600f0>,11,19,[2 5],12,51,70,39,51
1,<environment.Job instance at 0x7fedbe77c050>,15,15,[1 7],16,123,138,107,123
1,<environment.Job instance at 0x7fedbe8a0cd0>,19,15,[7 1],20,185,200,165,185
1,<environment.Job instance at 0x7fee0915a5a0>,0,15,[5 8],1,1,16,0,1
1,<environment.Job instance at 0x7fee0490f9b0>,7,15,[ 4 10],8,66,81,58,66
1,<environment.Job instance at 0x7fee022925f0>,10,18,[ 2 10],11,83,101,72,83
1,<environment.Job instance at 0x7fee02292910>,17,16,[5 1],18,104,120,86,104
1,<environment.Job instance at 0x7fedbe29ed20>,19,13,[8 3],20,120,133,100,104
1,<environment.Job instance at 0x7fee0490f5f0>,0,18,[9 3],1,2,20,1,2
1,<environment.Job instance at 0x7fee0231cf00>,8,16,[8 4],9,20,36,11,15
1,<environment.Job instance at 0x7fee0231c640>,12,26,[ 1 10],13,87,113,74,87
1,<environment.Job instance at 0x7fedbe4dbcd0>,1,13,[4 5],2,2,15,0,2
1,<environment.Job instance at 0x7fee01faa870>,9,16,[9 4],10,65,81,55,65
1,<environment.Job instance at 0x7fee01faaeb0>,11,17,[5 5],12,88,105,76,88
1,<environment.Job instance at 0x7fedbe60f910>,16,13,[6 5],17,120,133,103,120
1,<environment.Job instance at 0x7f7aea81e140>,1,15,[5 2],2,2,17,0,2
1,<environment.Job instance at 0x7f7ae340f640>,9,17,[8 1],10,20,37,10,20
1,<environment.Job instance at 0x7f7ae340fcd0>,18,18,[3 6],19,135,153,116,135
1,<environment.Job instance at 0x7f7ae340fc30>,20,18,[7 5],21,153,171,132,152
1,<environment.Job instance at 0x7f7aea846a50>,7,17,[5 6],8,25,42,17,25
1,<environment.Job instance at 0x7f7aea985d70>,23,16,[1 8],24,219,235,195,219
1,<environment.Job instance at 0x7f7a9f6e8c30>,8,17,[10  2],9,32,49,23,32
1,<environment.Job instance at 0x7f7a9f7101e0>,19,17,[2 8],20,170,187,150,170
1,<environment.Job instance at 0x7f7a9f7c8690>,1,15,[4 8],2,2,17,0,2
1,<environment.Job instance at 0x7f7aea9976e0>,24,16,[8 3],25,187,203,162,187
1,<environment.Job instance at 0x7f7a9f660780>,0,17,[2 6],1,1,18,0,1
1,<environment.Job instance at 0x7f7a9fad30a0>,8,17,[2 8],9,35,52,26,35
1,<environment.Job instance at 0x7f7a9f61c0f0>,1,18,[5 8],2,2,20,0,2
1,<environment.Job instance at 0x7f7a9fce4e60>,5,12,[4 8],6,13,25,7,13
1,<environment.Job instance at 0x7f7ae9e61320>,1,17,[2 7],2,25,42,23,13
1,<environment.Job instance at 0x7f7ae9f7d2d0>,15,16,[5 5],16,89,105,73,89
1,<environment.Job instance at 0x7f7a9fcdca00>,17,17,[4 5],18,101,118,83,101
1,<environment.Job instance at 0x7f7ae3449690>,18,13,[8 5],19,118,131,99,102
1,<environment.Job instance at 0x7f7ae9d67230>,2,14,[4 9],3,159,173,156,159
1,<environment.Job instance at 0x7f7ae9ebec80>,31,13,[6 1],32,198,211,166,198
1,<environment.Job instance at 0x7f7ae9ebeaf0>,35,13,[ 5 10],36,224,237,188,224
1,<environment.Job instance at 0x7f7ae9ebed20>,36,15,[6 1],37,237,252,200,224
1,<environment.Job instance at 0x7f7ae9d4b280>,8,12,[1 7],9,34,46,25,34
1,<environment.Job instance at 0x7f7a9fd41690>,8,14,[ 2 10],9,15,29,6,15
1,<environment.Job instance at 0x7f7a9fbb0a00>,10,16,[ 3 10],11,40,56,29,40
1,<environment.Job instance at 0x7f7a9fd41640>,12,16,[5 5],13,56,72,43,43
1,<environment.Job instance at 0x7f7a9f7040f0>,16,18,[1 5],17,113,131,96,113
1,<environment.Job instance at 0x7f7a9fd2faa0>,24,13,[5 5],25,194,207,169,194
1,<environment.Job instance at 0x7f7ae34658c0>,1,16,[6 3],2,2,18,0,2
1,<environment.Job instance at 0x7f7a9fa65500>,7,17,[2 6],8,21,38,13,21
1,<environment.Job instance at 0x7f7ae9fe3fa0>,12,15,[4 5],13,82,97,69,82
1,<environment.Job instance at 0x7f7aea353eb0>,20,15,[7 4],21,176,191,155,176
1,<environment.Job instance at 0x7f7a9fd586e0>,27,16,[ 2 10],28,234,250,206,234
1,<environment.Job instance at 0x7f7a9fd58960>,31,17,[2 5],32,259,276,227,259
1,<environment.Job instance at 0x7f7a9fd61910>,0,14,[10  2],1,1,15,0,1
1,<environment.Job instance at 0x7f7a9f7850f0>,9,15,[5 5],10,20,35,10,20
1,<environment.Job instance at 0x7f7ae9e77eb0>,0,14,[8 4],1,1,15,0,1
1,<environment.Job instance at 0x7f7a9f595f50>,8,14,[5 7],9,45,59,36,45
1,<environment.Job instance at 0x7f7ae9e776e0>,0,13,[5 5],1,1,14,0,1
1,<environment.Job instance at 0x7f7a9fcef820>,11,18,[3 9],12,47,65,35,47
1,<environment.Job instance at 0x7f7ae3490c80>,4,19,[7 3],5,5,24,0,5
1,<environment.Job instance at 0x7f7a9f4fdb90>,20,12,[7 2],21,135,147,114,135
1,<environment.Job instance at 0x7f7ae331a780>,19,23,[2 5],20,136,159,116,136
1,<environment.Job instance at 0x7f7a9f7b0410>,11,15,[1 7],12,55,70,43,55
1,<environment.Job instance at 0x7f7ae366d550>,20,13,[9 3],21,140,153,119,140
1,<environment.Job instance at 0x7f7a9fad3410>,26,13,[10  1],27,232,245,205,232
1,<environment.Job instance at 0x7f7a9fad3af0>,30,15,[5 8],31,260,275,229,260
1,<environment.Job instance at 0x7f7a9f7b05a0>,0,12,[2 5],1,1,13,0,1
1,<environment.Job instance at 0x7f7ae37ccc80>,5,14,[8 5],6,10,24,4,10
1,<environment.Job instance at 0x7f7a9fb21e10>,37,13,[7 1],38,250,263,212,250
1,<environment.Job instance at 0x7f7a9fb21cd0>,2,14,[8 4],3,3,17,0,3
1,<environment.Job instance at 0x7f7ae9c0d1e0>,11,13,[4 5],12,31,44,19,31
1,<environment.Job instance at 0x7f7ae9c0d550>,13,14,[8 4],14,57,71,43,57
1,<environment.Job instance at 0x7f7a9fc60820>,26,13,[6 5],27,209,222,182,209
1,<environment.Job instance at 0x7f7ae362f690>,1,14,[1 9],2,2,16,0,2
1,<environment.Job instance at 0x7f7ae9e77d70>,11,15,[7 1],12,44,59,32,44
1,<environment.Job instance at 0x7f7a9f959fa0>,13,12,[8 4],14,67,79,53,67
1,<environment.Job instance at 0x7f7a9f8a7dc0>,19,16,[ 1 10],20,116,132,96,116
1,<environment.Job instance at 0x7f7a9fa28f50>,4,13,[5 5],5,205,218,200,205
1,<environment.Job instance at 0x7f7a9f518e60>,28,16,[3 8],29,219,235,190,219
1,<environment.Job instance at 0x7f7ae365f820>,32,14,[4 7],33,246,260,213,246
1,<environment.Job instance at 0x7f7ae3644320>,24,19,[5 3],25,249,268,224,249
1,<environment.Job instance at 0x7f2bc2565af0>,1,15,[5 2],2,2,17,0,2
1,<environment.Job instance at 0x7f2bbb1045a0>,9,17,[8 1],10,20,37,10,20
1,<environment.Job instance at 0x7f2bbb1045f0>,11,14,[10  4],12,37,51,25,34
1,<environment.Job instance at 0x7f2bbb104b40>,18,18,[3 6],19,136,154,117,136
1,<environment.Job instance at 0x7f2bbb104dc0>,23,18,[7 4],24,204,222,180,204
1,<environment.Job instance at 0x7f2bbb113550>,0,15,[2 6],1,1,16,0,1
1,<environment.Job instance at 0x7f2bc26815a0>,9,14,[9 1],10,30,44,20,30
1,<environment.Job instance at 0x7f2bc2679b40>,13,16,[1 8],14,57,73,43,57
1,<environment.Job instance at 0x7f2bc2687500>,0,12,[5 9],1,1,13,0,1
1,<environment.Job instance at 0x7f2bc253b460>,1,14,[2 9],2,13,27,11,2
1,<environment.Job instance at 0x7f2b77354190>,10,15,[ 5 10],11,27,42,16,13
1,<environment.Job instance at 0x7f2b7735acd0>,23,18,[8 5],24,157,175,133,157
1,<environment.Job instance at 0x7f2b773f98c0>,2,13,[ 4 10],3,3,16,0,3
1,<environment.Job instance at 0x7f2b773f67d0>,8,28,[3 5],9,48,76,39,48
1,<environment.Job instance at 0x7f2b778f9190>,26,15,[5 7],27,190,205,163,190
1,<environment.Job instance at 0x7f2b775378c0>,11,16,[1 8],12,52,68,40,52
1,<environment.Job instance at 0x7f2bbb372be0>,7,14,[ 3 10],8,186,200,178,186
1,<environment.Job instance at 0x7f2bbb372910>,9,13,[6 2],10,200,213,190,193
1,<environment.Job instance at 0x7f2b774d8e10>,0,13,[5 8],1,1,14,0,1
1,<environment.Job instance at 0x7f2b7759c280>,22,17,[3 9],23,188,205,165,188
1,<environment.Job instance at 0x7f2b77490320>,0,13,[3 5],1,1,14,0,1
1,<environment.Job instance at 0x7f2bbb2482d0>,9,17,[4 6],10,17,34,7,17
1,<environment.Job instance at 0x7f2b776ffaf0>,16,13,[9 2],17,52,65,35,52
1,<environment.Job instance at 0x7f2bbb41e820>,0,17,[2 6],1,1,18,0,1
1,<environment.Job instance at 0x7f2bc1b5cd20>,17,17,[2 6],18,131,148,113,131
1,<environment.Job instance at 0x7f2bc1b5c550>,22,15,[4 5],23,193,208,170,193
1,<environment.Job instance at 0x7f2bbb2bafa0>,0,14,[10  2],1,1,15,0,1
1,<environment.Job instance at 0x7f2bbb578140>,9,15,[5 5],10,28,43,18,28
1,<environment.Job instance at 0x7f2b77749eb0>,16,16,[5 6],17,103,119,86,103
1,<environment.Job instance at 0x7f2b77749960>,19,13,[5 5],20,146,159,126,146
1,<environment.Job instance at 0x7f2b772f29b0>,3,28,[3 8],4,19,47,15,19
1,<environment.Job instance at 0x7f2b774d88c0>,1,15,[8 2],2,9,24,7,9
1,<environment.Job instance at 0x7f2bc1ab79b0>,9,15,[9 4],10,42,57,32,42
1,<environment.Job instance at 0x7f2bbb292f50>,12,16,[8 2],13,63,79,50,63
1,<environment.Job instance at 0x7f2bbb292b40>,15,28,[8 4],16,89,117,73,89
1,<environment.Job instance at 0x7f2bbb4b7aa0>,29,15,[7 1],30,255,270,225,255
1,<environment.Job instance at 0x7f2b7712d410>,22,16,[ 3 10],23,197,213,174,197
1,<environment.Job instance at 0x7f2b771a9d20>,7,12,[7 2],8,9,21,1,9
1,<environment.Job instance at 0x7f2b771a90a0>,9,16,[3 5],10,22,38,12,22
1,<environment.Job instance at 0x7f2bbb172f00>,20,14,[ 4 10],21,194,208,173,194
1,<environment.Job instance at 0x7f2bbb1725f0>,21,13,[5 8],22,208,221,186,195
1,<environment.Job instance at 0x7f2bbb172550>,26,14,[7 5],27,229,243,202,229
1,<environment.Job instance at 0x7f2bc1a42f50>,15,16,[2 6],16,132,148,116,132
1,<environment.Job instance at 0x7f2bbaee69b0>,19,12,[6 2],20,133,145,113,133
1,<environment.Job instance at 0x7f2bbaee6190>,20,15,[1 8],21,148,163,127,134
1,<environment.Job instance at 0x7f2bc1b28910>,23,12,[10  4],24,163,175,139,155
1,<environment.Job instance at 0x7f2b77452c30>,33,15,[6 2],34,267,282,233,267
1,<environment.Job instance at 0x7f2b7786d050>,1,12,[2 8],2,2,14,0,2
1,<environment.Job instance at 0x7f2bbb39db40>,15,15,[5 6],16,132,147,116,132
1,<environment.Job instance at 0x7f2b7745abe0>,23,19,[1 5],24,204,223,180,204
1,<environment.Job instance at 0x7f2bc228b910>,24,14,[2 5],25,204,218,179,204
1,<environment.Job instance at 0x7f2bbae9cb40>,28,15,[2 8],29,223,238,194,223
1,<environment.Job instance at 0x7f2b771f7050>,31,19,[5 4],32,256,275,224,256
1,<environment.Job instance at 0x7f2b777a14b0>,2,12,[7 3],3,3,15,0,3
1,<environment.Job instance at 0x7f2b776919b0>,19,14,[ 4 10],20,106,120,86,106
1,<environment.Job instance at 0x7f816542a140>,1,15,[5 2],2,2,17,0,2
1,<environment.Job instance at 0x7f816001a690>,11,14,[10  4],12,29,43,17,29
1,<environment.Job instance at 0x7f816001a780>,9,17,[8 1],10,67,84,57,67
1,<environment.Job instance at 0x7f816001ae60>,18,18,[3 6],19,107,125,88,107
1,<environment.Job instance at 0x7f816001af50>,20,18,[7 5],21,128,146,107,128
1,<environment.Job instance at 0x7f8165598460>,0,15,[9 2],1,1,16,0,1
1,<environment.Job instance at 0x7f816559dc30>,15,16,[5 2],16,84,100,68,84
1,<environment.Job instance at 0x7f811a2e4d20>,12,17,[8 5],13,109,126,96,109
1,<environment.Job instance at 0x7f811a3f17d0>,18,17,[1 7],19,142,159,123,142
1,<environment.Job instance at 0x7f811a3f1500>,20,12,[6 2],21,156,168,135,156
1,<environment.Job instance at 0x7f811a3f10a0>,24,12,[1 8],25,179,191,154,179
1,<environment.Job instance at 0x7f811a3f1d70>,28,13,[3 5],29,242,255,213,242
1,<environment.Job instance at 0x7f811a62d460>,0,17,[5 4],1,1,18,0,1
1,<environment.Job instance at 0x7f811a645640>,4,12,[8 2],5,70,82,65,70
1,<environment.Job instance at 0x7f811a3f1910>,3,14,[4 9],4,105,119,101,105
1,<environment.Job instance at 0x7f811a952410>,20,14,[3 6],21,127,141,106,127
1,<environment.Job instance at 0x7f811a7326e0>,36,12,[5 4],37,267,279,230,267
1,<environment.Job instance at 0x7f8165595f50>,0,14,[8 1],1,1,15,0,1
1,<environment.Job instance at 0x7f811a7bf5a0>,14,17,[2 5],15,96,113,81,96
1,<environment.Job instance at 0x7f811a952d20>,15,14,[8 2],16,96,110,80,96
1,<environment.Job instance at 0x7f811a62d1e0>,2,14,[4 9],3,23,37,20,23
1,<environment.Job instance at 0x7f811a68d870>,15,16,[5 5],16,102,118,86,102
1,<environment.Job instance at 0x7f811a68dc30>,18,13,[8 5],19,118,131,99,114
1,<environment.Job instance at 0x7f811a68d8c0>,21,16,[6 5],22,131,147,109,128
1,<environment.Job instance at 0x7f811a68d0f0>,25,12,[1 9],26,167,179,141,167
1,<environment.Job instance at 0x7f811a68d640>,26,15,[8 2],27,179,194,152,167
1,<environment.Job instance at 0x7f811a68d960>,28,15,[ 5 10],29,200,215,171,200
1,<environment.Job instance at 0x7f816061fdc0>,31,13,[6 1],32,221,234,189,221
1,<environment.Job instance at 0x7f811a8f20f0>,25,14,[1 6],26,265,279,239,265
1,<environment.Job instance at 0x7f816063f460>,2,14,[9 1],3,6,20,3,6
1,<environment.Job instance at 0x7f811a645cd0>,7,15,[6 2],8,20,35,12,8
1,<environment.Job instance at 0x7f81602a8140>,11,17,[3 5],12,32,49,20,32
1,<environment.Job instance at 0x7f81602a8be0>,13,14,[6 1],14,35,49,21,34
1,<environment.Job instance at 0x7f81602a8a00>,17,13,[9 5],18,54,67,36,54
1,<environment.Job instance at 0x7f815fdd5320>,18,16,[3 6],19,67,83,48,55
1,<environment.Job instance at 0x7f815fdd5230>,20,14,[2 5],21,83,97,62,68
1,<environment.Job instance at 0x7f815fddf230>,1,14,[ 4 10],2,2,16,0,2
1,<environment.Job instance at 0x7f815feabfa0>,2,15,[4 8],3,16,31,13,3
1,<environment.Job instance at 0x7f81607d8e60>,7,17,[ 1 10],8,215,232,207,215
1,<environment.Job instance at 0x7f81601600a0>,0,18,[7 5],1,1,19,0,1
1,<environment.Job instance at 0x7f811a6509b0>,9,12,[7 4],10,19,31,9,15
1,<environment.Job instance at 0x7f8160ba2a50>,15,28,[9 4],16,120,148,104,120
1,<environment.Job instance at 0x7f816073bbe0>,23,14,[4 9],24,152,166,128,152
1,<environment.Job instance at 0x7f811a2a6780>,0,14,[8 4],1,1,15,0,1
1,<environment.Job instance at 0x7f815feab5f0>,8,14,[5 7],9,36,50,27,36
1,<environment.Job instance at 0x7f811a775960>,12,20,[5 3],13,89,109,76,89
1,<environment.Job instance at 0x7f811a7759b0>,17,20,[8 1],18,166,186,148,166
1,<environment.Job instance at 0x7f811a9ab140>,21,16,[4 6],22,190,206,168,190
1,<environment.Job instance at 0x7f816095bc80>,2,16,[8 2],3,3,19,0,3
1,<environment.Job instance at 0x7f811a9ab280>,4,14,[4 7],5,19,33,14,6
1,<environment.Job instance at 0x7f816041ecd0>,19,15,[7 1],20,185,200,165,185
1,<environment.Job instance at 0x7f8160cd8820>,10,14,[9 2],11,75,89,64,75
1,<environment.Job instance at 0x7f811a052eb0>,25,18,[4 6],26,276,294,250,276
1,<environment.Job instance at 0x7f811a0520f0>,3,17,[1 7],4,13,30,9,13
1,<environment.Job instance at 0x7f811a0b92d0>,12,12,[7 3],13,67,79,54,67
1,<environment.Job instance at 0x7f8160ae3870>,13,17,[1 8],14,79,96,65,67
1,<environment.Job instance at 0x7f8160051eb0>,7,14,[8 1],8,107,121,99,107
1,<environment.Job instance at 0x7f8160b9b910>,18,18,[1 8],19,107,125,88,107
1,<environment.Job instance at 0x7f811a3ea190>,23,19,[ 2 10],24,211,230,187,211
1,<environment.Job instance at 0x7f811a7890a0>,31,13,[4 5],32,230,243,198,229
1,<environment.Job instance at 0x7f811a2fe730>,1,14,[1 9],2,2,16,0,2
1,<environment.Job instance at 0x7f811a2fec30>,4,13,[5 5],5,16,29,11,5
1,<environment.Job instance at 0x7f811a062cd0>,27,18,[9 3],28,181,199,153,181
1,<environment.Job instance at 0x7f811a020e10>,1,17,[7 5],2,12,29,10,12
1,<environment.Job instance at 0x7f8160032be0>,8,14,[5 5],9,35,49,26,35
1,<environment.Job instance at 0x7f81606e8960>,1,18,[7 2],2,2,20,0,2
1,<environment.Job instance at 0x7f811a94d1e0>,5,25,[9 2],6,20,45,14,17
1,<environment.Job instance at 0x7f81602c48c0>,8,18,[1 8],9,23,41,14,23
1,<environment.Job instance at 0x7f811a3ecdc0>,16,15,[1 9],17,92,107,75,92
1,<environment.Job instance at 0x7f811a3ec190>,18,14,[ 4 10],19,107,121,88,94
1,<environment.Job instance at 0x7f8160460730>,23,13,[6 5],24,127,140,103,127
1,<environment.Job instance at 0x7f811a504f00>,24,16,[10  2],25,140,156,115,127
1,<environment.Job instance at 0x7f8160772e60>,34,17,[1 7],35,233,250,198,233
1,<environment.Job instance at 0x7f8160772870>,35,13,[8 2],36,233,246,197,233
1,<environment.Job instance at 0x7f811a1f0be0>,0,14,[4 9],1,1,15,0,1
1,<environment.Job instance at 0x7f816022b410>,7,12,[5 4],8,32,44,24,32
1,<environment.Job instance at 0x7f811a01c2d0>,12,16,[4 5],13,78,94,65,78
1,<environment.Job instance at 0x7f811a125af0>,20,14,[2 5],21,203,217,182,203
1,<environment.Job instance at 0x7f811a1254b0>,23,13,[5 2],24,229,242,205,229
1,<environment.Job instance at 0x7f816022bd20>,1,16,[ 3 10],2,2,18,0,2
1,<environment.Job instance at 0x7f816068a2d0>,13,12,[7 4],14,48,60,34,48
1,<environment.Job instance at 0x7f8160793c30>,19,18,[1 7],20,93,111,73,93
1,<environment.Job instance at 0x7fc32f496140>,1,15,[5 2],2,2,17,0,2
1,<environment.Job instance at 0x7fc328086640>,9,17,[8 1],10,23,40,13,23
1,<environment.Job instance at 0x7fc32f51aaf0>,0,12,[6 2],1,1,13,0,1
1,<environment.Job instance at 0x7fc2e446c230>,8,13,[3 5],9,9,22,0,9
1,<environment.Job instance at 0x7fc2e445c5f0>,1,16,[4 8],2,2,18,0,2
1,<environment.Job instance at 0x7fc2e442a1e0>,2,12,[9 1],3,18,30,15,3
1,<environment.Job instance at 0x7fc2e445eb90>,1,17,[10  4],2,2,19,0,2
1,<environment.Job instance at 0x7fc2e445c280>,10,12,[8 1],11,29,41,18,29
1,<environment.Job instance at 0x7fc327e8fe60>,25,15,[7 2],26,195,210,169,195
1,<environment.Job instance at 0x7fc2e428d230>,29,15,[2 6],30,231,246,201,231
1,<environment.Job instance at 0x7fc2e4438960>,7,26,[8 5],8,15,41,7,15
1,<environment.Job instance at 0x7fc2e49c2910>,17,13,[7 5],18,114,127,96,114
1,<environment.Job instance at 0x7fc2e42ed5a0>,27,13,[10  4],28,258,271,230,258
1,<environment.Job instance at 0x7fc2e430e410>,7,18,[9 1],8,57,75,49,57
1,<environment.Job instance at 0x7fc32f60ac80>,12,19,[5 3],13,105,124,92,105
1,<environment.Job instance at 0x7fc2e4922aa0>,18,13,[5 3],19,160,173,141,160
1,<environment.Job instance at 0x7fc2e4380af0>,28,14,[ 2 10],29,247,261,218,247
1,<environment.Job instance at 0x7fc2e48a0870>,0,18,[10  5],1,2,20,1,2
1,<environment.Job instance at 0x7fc2e430e140>,6,15,[9 4],7,20,35,13,20
1,<environment.Job instance at 0x7fc3280f06e0>,17,16,[4 8],18,126,142,108,126
1,<environment.Job instance at 0x7fc328bb1eb0>,21,12,[6 1],22,141,153,119,141
1,<environment.Job instance at 0x7fc2e4269640>,24,16,[10  5],25,183,199,158,183
1,<environment.Job instance at 0x7fc2e442ae60>,1,17,[1 9],2,2,19,0,2
1,<environment.Job instance at 0x7fc2e491caf0>,14,12,[6 3],15,70,82,55,70
1,<environment.Job instance at 0x7fc2e491ca50>,17,12,[4 6],18,105,117,87,105
1,<environment.Job instance at 0x7fc328b80640>,18,13,[2 6],19,117,130,98,105
1,<environment.Job instance at 0x7fc2e442a230>,4,14,[ 2 10],5,5,19,0,5
1,<environment.Job instance at 0x7fc3280dd0f0>,7,20,[5 7],8,19,39,11,17
1,<environment.Job instance at 0x7fc3285a75a0>,21,13,[9 2],22,116,129,94,116
1,<environment.Job instance at 0x7fc3285a7cd0>,22,12,[4 7],23,129,141,106,116
1,<environment.Job instance at 0x7fc3280de780>,0,13,[5 5],1,1,14,0,1
1,<environment.Job instance at 0x7fc2e442a910>,6,18,[2 5],7,7,25,0,7
1,<environment.Job instance at 0x7fc328345500>,13,16,[1 7],14,88,104,74,88
1,<environment.Job instance at 0x7fc2e478c870>,25,16,[10  3],26,172,188,146,172
1,<environment.Job instance at 0x7fc2e420edc0>,12,16,[8 2],13,76,92,63,76
1,<environment.Job instance at 0x7fc327f68b90>,14,14,[4 7],15,95,109,80,95
1,<environment.Job instance at 0x7fc32846a6e0>,3,13,[3 9],4,17,30,13,17
1,<environment.Job instance at 0x7fc2e44ff280>,10,14,[9 2],11,74,88,63,74
1,<environment.Job instance at 0x7fc2e43153c0>,18,14,[4 9],19,199,213,180,199
1,<environment.Job instance at 0x7fc2e43155a0>,25,18,[4 6],26,261,279,235,261
1,<environment.Job instance at 0x7fc2e4315c80>,26,14,[2 6],27,279,293,252,264
1,<environment.Job instance at 0x7fc2e46d6e60>,2,12,[7 3],3,3,15,0,3
1,<environment.Job instance at 0x7fc3282c2870>,3,17,[1 8],4,15,32,11,4
1,<environment.Job instance at 0x7fc2e49ff870>,16,14,[9 3],17,43,57,26,43
1,<environment.Job instance at 0x7fc2e4718320>,21,13,[4 5],22,85,98,63,85
1,<environment.Job instance at 0x7fc2e47181e0>,23,14,[8 4],24,111,125,87,111
1,<environment.Job instance at 0x7fc2e4722500>,29,16,[9 4],30,163,179,133,163
1,<environment.Job instance at 0x7fc2e4722780>,33,13,[ 2 10],34,197,210,163,197
1,<environment.Job instance at 0x7fc2e47228c0>,36,13,[6 5],37,213,226,176,213
1,<environment.Job instance at 0x7fc2e463b820>,8,16,[3 8],9,42,58,33,42
1,<environment.Job instance at 0x7fc327f1bc30>,17,14,[5 6],18,129,143,111,129
1,<environment.Job instance at 0x7fc2e4753c80>,9,12,[3 9],10,33,45,23,33
1,<environment.Job instance at 0x7fc2e40d9d20>,13,16,[2 5],14,152,168,138,152
1,<environment.Job instance at 0x7fc2e493c140>,16,16,[2 6],17,168,184,151,155
1,<environment.Job instance at 0x7fc2e422fdc0>,22,15,[4 8],23,230,245,207,230
1,<environment.Job instance at 0x7fc327e8faf0>,1,17,[4 8],2,2,19,0,2
1,<environment.Job instance at 0x7fc327f3dfa0>,6,25,[2 9],7,64,89,57,64
1,<environment.Job instance at 0x7fc328b19f50>,14,16,[6 5],15,89,105,74,89
1,<environment.Job instance at 0x7fc327e8f280>,0,17,[8 1],1,2,19,1,2
1,<environment.Job instance at 0x7fc327f3d550>,5,13,[8 3],6,33,46,27,33
1,<environment.Job instance at 0x7fc3282dc910>,21,22,[5 9],22,252,274,230,252
1,<environment.Job instance at 0x7ff7119fadc0>,1,15,[5 2],2,2,17,0,2
1,<environment.Job instance at 0x7ff70a5995f0>,9,17,[8 1],10,21,38,11,21
1,<environment.Job instance at 0x7ff70a599690>,18,18,[3 6],19,131,149,112,131
1,<environment.Job instance at 0x7ff70a599cd0>,20,18,[7 5],21,152,170,131,152
1,<environment.Job instance at 0x7ff70a599fa0>,23,18,[7 4],24,199,217,175,199
1,<environment.Job instance at 0x7ff70a59d410>,2,18,[10  5],3,7,25,4,7
1,<environment.Job instance at 0x7ff7119d0870>,10,15,[6 2],11,46,61,35,46
1,<environment.Job instance at 0x7ff711b18730>,15,13,[2 6],16,84,97,68,84
1,<environment.Job instance at 0x7ff711b18500>,17,16,[6 2],18,104,120,86,104
1,<environment.Job instance at 0x7ff711b18870>,20,15,[8 3],21,123,138,102,123
1,<environment.Job instance at 0x7ff6c689a370>,18,13,[7 1],19,145,158,126,145
1,<environment.Job instance at 0x7ff6c68905a0>,7,14,[7 5],8,24,38,16,24
1,<environment.Job instance at 0x7ff6c68550a0>,8,12,[6 1],9,38,50,29,24
1,<environment.Job instance at 0x7ff6c699dbe0>,12,14,[9 5],13,72,86,59,72
1,<environment.Job instance at 0x7ff70a3a3f50>,20,12,[8 2],21,157,169,136,157
1,<environment.Job instance at 0x7ff70a39e0a0>,24,16,[5 5],25,192,208,167,192
1,<environment.Job instance at 0x7ff70a39e0f0>,28,18,[1 5],29,228,246,199,228
1,<environment.Job instance at 0x7ff70a39e5f0>,31,17,[7 4],32,249,266,217,249
1,<environment.Job instance at 0x7ff70a39e7d0>,34,12,[8 2],35,269,281,234,269
1,<environment.Job instance at 0x7ff6c697cbe0>,3,18,[6 5],4,8,26,4,8
1,<environment.Job instance at 0x7ff710db8550>,18,17,[9 4],19,184,201,165,184
1,<environment.Job instance at 0x7ff70aa37550>,12,18,[5 8],13,201,219,188,198
1,<environment.Job instance at 0x7ff70a4c6e60>,3,12,[7 1],4,8,20,4,8
1,<environment.Job instance at 0x7ff70a9725f0>,2,14,[9 1],3,20,34,17,8
1,<environment.Job instance at 0x7ff6c6a5e960>,18,16,[3 6],19,72,88,53,72
1,<environment.Job instance at 0x7ff6c6a5e500>,20,14,[2 5],21,88,102,67,76
1,<environment.Job instance at 0x7ff70a6a8460>,30,14,[3 7],31,171,185,140,171
1,<environment.Job instance at 0x7ff70a6671e0>,39,12,[5 7],40,256,268,216,256
1,<environment.Job instance at 0x7ff6c6984050>,5,14,[1 7],6,8,22,2,8
1,<environment.Job instance at 0x7ff70a702500>,18,12,[8 4],19,139,151,120,139
1,<environment.Job instance at 0x7ff70aa075a0>,3,17,[1 7],4,10,27,6,10
1,<environment.Job instance at 0x7ff711574dc0>,11,19,[9 1],12,50,69,38,50
1,<environment.Job instance at 0x7ff70a6a86e0>,17,17,[5 9],18,123,140,105,123
1,<environment.Job instance at 0x7ff70a6a8280>,18,18,[1 8],19,141,159,122,141
1,<environment.Job instance at 0x7ff70a6a8be0>,26,14,[9 3],27,194,208,167,194
1,<environment.Job instance at 0x7ff6c671f5a0>,33,14,[8 4],34,249,263,215,249
1,<environment.Job instance at 0x7ff6c65aeaf0>,12,14,[4 7],13,64,78,51,64
1,<environment.Job instance at 0x7ff6c6ee9a50>,4,22,[2 8],5,95,117,90,95
1,<environment.Job instance at 0x7ff70a96a8c0>,1,19,[5 1],2,2,21,0,2
1,<environment.Job instance at 0x7ff710e24c30>,0,12,[5 5],1,1,13,0,1
1,<environment.Job instance at 0x7ff710f391e0>,1,15,[1 8],2,13,28,11,2
1,<environment.Job instance at 0x7ff70a5e7190>,12,18,[3 8],13,30,48,17,30
1,<environment.Job instance at 0x7ff70a365af0>,29,17,[7 1],30,246,263,216,246
1,<environment.Job instance at 0x7ff6c659e910>,0,18,[5 3],1,1,19,0,1
1,<environment.Job instance at 0x7ff6c6b03190>,4,13,[7 2],5,19,32,14,5
1,<environment.Job instance at 0x7ff70a7d2820>,7,12,[6 4],8,32,44,24,15
1,<environment.Job instance at 0x7ff6c6e5c7d0>,1,14,[6 5],2,2,16,0,2
1,<environment.Job instance at 0x7ff710ea4820>,10,25,[2 8],11,36,61,25,36
1,<environment.Job instance at 0x7ff70a8d13c0>,18,13,[1 8],19,61,74,42,55
1,<environment.Job instance at 0x7ff70a9c4e10>,24,15,[3 5],25,117,132,92,117
1,<environment.Job instance at 0x7ff6c6bdd230>,25,14,[9 1],26,132,146,106,117
1,<environment.Job instance at 0x7ff6c6f10410>,1,14,[5 5],2,2,16,0,2
1,<environment.Job instance at 0x7ff6c6762dc0>,19,12,[7 5],20,127,139,107,127
1,<environment.Job instance at 0x7ff6c6762690>,17,13,[2 8],18,139,152,121,127
1,<environment.Job instance at 0x7ff70a892370>,7,13,[1 5],8,48,61,40,48
1,<environment.Job instance at 0x7ff70a8923c0>,8,15,[7 2],9,48,63,39,48
1,<environment.Job instance at 0x7ff70a8a1050>,15,17,[5 5],16,153,170,137,153
1,<environment.Job instance at 0x7ff70a8a1fa0>,16,13,[8 4],17,170,183,153,154
1,<environment.Job instance at 0x7ff70a8a11e0>,17,16,[5 2],18,154,170,136,154
1,<environment.Job instance at 0x7ff70a8a18c0>,19,18,[7 5],20,183,201,163,172
1,<environment.Job instance at 0x7ff70a833e10>,5,18,[5 4],6,217,235,211,217
1,<environment.Job instance at 0x7fee5f66adc0>,1,15,[5 2],2,2,17,0,2
1,<environment.Job instance at 0x7fee581d1730>,9,17,[8 1],10,21,38,11,21
1,<environment.Job instance at 0x7fee581d1820>,11,14,[10  4],12,38,52,26,29
1,<environment.Job instance at 0x7fee581d1910>,18,18,[3 6],19,131,149,112,131
1,<environment.Job instance at 0x7fee581d1cd0>,20,18,[7 5],21,152,170,131,152
1,<environment.Job instance at 0x7fee581d1eb0>,23,18,[7 4],24,199,217,175,199
1,<environment.Job instance at 0x7fee581e0b40>,0,15,[6 2],1,1,16,0,1
1,<environment.Job instance at 0x7fee581d5320>,1,15,[6 2],2,16,31,14,2
1,<environment.Job instance at 0x7fee5f74fcd0>,10,15,[8 3],11,52,67,41,52
1,<environment.Job instance at 0x7fee581e0fa0>,5,13,[2 6],6,95,108,89,95
1,<environment.Job instance at 0x7fee5f751e60>,35,19,[5 1],36,235,254,199,235
1,<environment.Job instance at 0x7fee1460d1e0>,1,15,[4 8],2,6,21,4,6
1,<environment.Job instance at 0x7fee14597140>,6,14,[5 3],7,21,35,14,7
1,<environment.Job instance at 0x7fee14597320>,7,14,[8 5],8,35,49,27,20
1,<environment.Job instance at 0x7fee1458db90>,32,13,[ 4 10],33,244,257,211,244
1,<environment.Job instance at 0x7fee1458d230>,33,16,[2 8],34,257,273,223,244
1,<environment.Job instance at 0x7fee145d6140>,1,16,[1 8],2,2,18,0,2
1,<environment.Job instance at 0x7fee1460c4b0>,15,14,[3 6],16,130,144,114,130
1,<environment.Job instance at 0x7fee1460cdc0>,18,13,[1 9],19,144,157,125,130
1,<environment.Job instance at 0x7fee1460cfa0>,19,16,[2 5],20,157,173,137,144
1,<environment.Job instance at 0x7fee1460c7d0>,29,12,[2 9],30,214,226,184,214
1,<environment.Job instance at 0x7fee1460cbe0>,30,14,[8 1],31,214,228,183,214
1,<environment.Job instance at 0x7fee1460cc80>,2,14,[4 9],3,14,28,11,14
1,<environment.Job instance at 0x7fee1498fdc0>,8,27,[5 1],9,45,72,36,45
1,<environment.Job instance at 0x7fee1460ed70>,15,16,[5 5],16,95,111,79,95
1,<environment.Job instance at 0x7fee149c5d70>,18,13,[8 5],19,111,124,92,107
1,<environment.Job instance at 0x7fee5823be10>,21,16,[6 5],22,124,140,102,123
1,<environment.Job instance at 0x7fee143db280>,35,13,[ 5 10],36,250,263,214,250
1,<environment.Job instance at 0x7fee143db460>,38,14,[6 5],39,263,277,224,250
1,<environment.Job instance at 0x7fee145d5780>,0,18,[5 2],1,1,19,0,1
1,<environment.Job instance at 0x7fee58066dc0>,15,15,[4 9],16,99,114,83,99
1,<environment.Job instance at 0x7fee58066140>,17,12,[9 1],18,114,126,96,100
1,<environment.Job instance at 0x7fee582e38c0>,1,16,[6 3],2,2,18,0,2
1,<environment.Job instance at 0x7fee581baf00>,14,18,[10  1],15,175,193,160,175
1,<environment.Job instance at 0x7fee1493b2d0>,7,12,[4 6],8,18,30,10,18
1,<environment.Job instance at 0x7fee1460e2d0>,0,14,[8 4],1,1,15,0,1
1,<environment.Job instance at 0x7fee5816bb40>,24,14,[3 7],25,256,270,231,256
1,<environment.Job instance at 0x7fee57f4acd0>,12,14,[10  2],13,59,73,46,59
1,<environment.Job instance at 0x7fee1447acd0>,14,14,[4 8],15,73,87,58,69
1,<environment.Job instance at 0x7fee58326c80>,20,13,[9 3],21,95,108,74,95
1,<environment.Job instance at 0x7fee5830a280>,26,13,[10  1],27,178,191,151,178
1,<environment.Job instance at 0x7fee5830a3c0>,30,15,[5 8],31,200,215,169,200
1,<environment.Job instance at 0x7fee5a90c730>,7,12,[7 2],8,9,21,1,9
1,<environment.Job instance at 0x7fee5a90caf0>,9,16,[3 5],10,22,38,12,22
1,<environment.Job instance at 0x7fee5a90c1e0>,15,15,[1 8],16,121,136,105,121
1,<environment.Job instance at 0x7fee58256c30>,20,14,[ 4 10],21,194,208,173,194
1,<environment.Job instance at 0x7fee582567d0>,21,13,[5 8],22,208,221,186,194
1,<environment.Job instance at 0x7fee58256370>,22,16,[5 2],23,208,224,185,195
1,<environment.Job instance at 0x7fee5802d230>,25,12,[7 5],26,229,241,203,229
1,<environment.Job instance at 0x7fee5802d370>,26,14,[7 5],27,241,255,214,229
1,<environment.Job instance at 0x7fee5830a550>,1,14,[1 9],2,2,16,0,2
1,<environment.Job instance at 0x7fee144626e0>,9,17,[3 5],10,47,64,37,47
1,<environment.Job instance at 0x7fee14462a50>,11,15,[7 1],12,47,62,35,47
1,<environment.Job instance at 0x7fee5812a730>,13,12,[8 4],14,70,82,56,70
1,<environment.Job instance at 0x7fee5812a410>,17,17,[ 2 10],18,115,132,97,115
1,<environment.Job instance at 0x7fee5812abe0>,19,16,[ 1 10],20,136,152,116,136
1,<environment.Job instance at 0x7fee57fa6d70>,7,24,[8 2],8,190,214,182,190
1,<environment.Job instance at 0x7fee5a7a84b0>,27,18,[9 3],28,227,245,199,227
1,<environment.Job instance at 0x7fee5a7a86e0>,28,16,[3 8],29,245,261,216,232
1,<environment.Job instance at 0x7fee5a7a8fa0>,29,14,[6 2],30,245,259,215,232
1,<environment.Job instance at 0x7fee5a7a8550>,32,14,[4 7],33,261,275,228,256
1,<environment.Job instance at 0x7fee5a7a8c80>,5,17,[3 5],6,14,31,8,14
1,<environment.Job instance at 0x7fee5a9b6820>,15,14,[1 5],16,54,68,38,54
1,<environment.Job instance at 0x7fee14882190>,30,19,[7 4],31,261,280,230,261
1,<environment.Job instance at 0x7fee57fa67d0>,0,12,[5 5],1,1,13,0,1
1,<environment.Job instance at 0x7fee14482640>,1,15,[1 8],2,13,28,11,2
1,<environment.Job instance at 0x7fee57f87140>,12,18,[3 8],13,35,53,22,35
1,<environment.Job instance at 0x7fee145c8d70>,19,15,[4 7],20,116,131,96,116
1,<environment.Job instance at 0x7fee5a839230>,31,13,[1 7],32,181,194,149,181
1,<environment.Job instance at 0x7fee5ad81460>,37,12,[7 3],38,253,265,215,253
1,<environment.Job instance at 0x7fee14257eb0>,3,16,[6 1],4,4,20,0,4
1,<environment.Job instance at 0x7fee14947b40>,6,28,[4 5],7,18,46,11,18
1,<environment.Job instance at 0x7fee584e7c80>,11,12,[4 7],12,46,58,34,37
1,<environment.Job instance at 0x7fee584e7be0>,14,15,[4 8],15,84,99,69,84
1,<environment.Job instance at 0x7fee584e7370>,17,18,[5 6],18,120,138,102,120
1,<environment.Job instance at 0x7fee1422adc0>,28,13,[5 1],29,227,240,198,227
1,<environment.Job instance at 0x7fee5ad6bd20>,2,17,[4 8],3,3,20,0,3
1,<environment.Job instance at 0x7fee14428b40>,4,15,[3 5],5,20,35,15,6
1,<environment.Job instance at 0x7fee1479f190>,29,17,[ 3 10],30,257,274,227,257
1,<environment.Job instance at 0x7fee1481b2d0>,30,12,[3 6],31,274,286,243,257
1,<environment.Job instance at 0x7fee583ba460>,10,13,[6 4],11,81,94,70,81
1,<environment.Job instance at 0x7fee58015aa0>,17,14,[2 7],18,157,171,139,157
1,<environment.Job instance at 0x7fee1431bd20>,22,17,[4 5],23,219,236,196,219
1,<environment.Job instance at 0x7fee141c2f50>,2,14,[5 5],3,243,257,240,243
1,<environment.Job instance at 0x7fee583d1870>,8,18,[1 5],9,33,51,24,33
1,<environment.Job instance at 0x7fee57feaf50>,11,14,[8 3],12,53,67,41,53
1,<environment.Job instance at 0x7fee1428f820>,15,14,[5 3],16,73,87,57,73
1,<environment.Job instance at 0x7fee57fadf00>,17,14,[2 7],18,113,127,95,113
1,<environment.Job instance at 0x7fee57fada00>,19,13,[1 5],20,127,140,107,124
1,<environment.Job instance at 0x7fee57fad050>,20,18,[8 1],21,124,142,103,124
1,<environment.Job instance at 0x7fee14a37d70>,22,17,[2 9],23,140,157,117,138
1,<environment.Job instance at 0x7fee14a37e10>,24,12,[9 3],25,157,169,132,140
1,<environment.Job instance at 0x7fee14a37370>,26,16,[8 3],27,186,202,159,186
1,<environment.Job instance at 0x7fee14a37a50>,33,14,[8 4],34,263,277,229,263
1,<environment.Job instance at 0x7feac1251320>,0,17,[2 8],2,2,19,0,2
1,<environment.Job instance at 0x7feac12d86e0>,2,15,[6 4],5,19,34,14,5
1,<environment.Job instance at 0x7feab9e41460>,6,12,[7 2],12,34,46,22,17
1,<environment.Job instance at 0x7feab9e41960>,11,15,[2 8],19,34,49,15,27
1,<environment.Job instance at 0x7feab9e455f0>,30,17,[4 9],44,253,270,209,253
1,<environment.Job instance at 0x7feac13b8fa0>,11,12,[1 9],16,74,86,58,74
1,<environment.Job instance at 0x7feac13c72d0>,16,18,[1 6],21,129,147,108,129
1,<environment.Job instance at 0x7fea76347230>,0,17,[8 5],2,2,19,0,2
1,<environment.Job instance at 0x7fea761f80a0>,5,17,[2 6],8,19,36,11,8
1,<environment.Job instance at 0x7fea761f8a50>,13,16,[1 5],25,36,52,11,25
1,<environment.Job instance at 0x7fea761da230>,18,18,[3 6],33,52,70,19,47
1,<environment.Job instance at 0x7fea761f8910>,10,15,[1 6],18,165,180,147,165
1,<environment.Job instance at 0x7fea761dad20>,27,16,[5 7],45,180,196,135,175
1,<environment.Job instance at 0x7fea76236230>,6,18,[8 1],10,11,29,1,11
1,<environment.Job instance at 0x7fea761f1a50>,11,15,[10  5],21,54,69,33,54
1,<environment.Job instance at 0x7feab9e79b90>,16,16,[4 9],27,96,112,69,96
1,<environment.Job instance at 0x7fea761f1460>,9,20,[7 1],17,112,132,95,109
1,<environment.Job instance at 0x7feaba1b21e0>,30,12,[1 9],49,271,283,222,271
1,<environment.Job instance at 0x7fea76504b90>,19,15,[9 2],32,115,130,83,115
1,<environment.Job instance at 0x7feabc4e2140>,26,18,[7 2],42,211,229,169,211
1,<environment.Job instance at 0x7feaba0a5b40>,16,12,[5 8],23,210,222,187,210
1,<environment.Job instance at 0x7feaba1448c0>,21,15,[5 8],30,233,248,203,233
1,<environment.Job instance at 0x7feabc5309b0>,22,15,[4 9],31,248,263,217,235
1,<environment.Job instance at 0x7fea766eb690>,13,12,[3 9],16,148,160,132,148
1,<environment.Job instance at 0x7fea763b9050>,21,15,[6 1],25,221,236,196,221
1,<environment.Job instance at 0x7feabcadff50>,5,20,[3 7],7,221,241,214,221
1,<environment.Job instance at 0x7fea76542b40>,25,13,[3 8],29,241,254,212,230
1,<environment.Job instance at 0x7feabc54a640>,0,13,[9 5],1,1,14,0,1
1,<environment.Job instance at 0x7fea765168c0>,11,13,[1 5],18,45,58,27,45
1,<environment.Job instance at 0x7feaba2042d0>,16,18,[10  2],29,85,103,56,85
1,<environment.Job instance at 0x7fea76438190>,26,12,[9 2],40,224,236,184,224
1,<environment.Job instance at 0x7fea766dc460>,0,16,[ 4 10],1,1,17,0,1
1,<environment.Job instance at 0x7feab9d2d140>,5,14,[4 9],7,17,31,10,10
1,<environment.Job instance at 0x7feabca41a50>,2,14,[10  2],3,31,45,28,27
1,<environment.Job instance at 0x7feab9e99d70>,14,14,[2 6],21,86,100,65,86
1,<environment.Job instance at 0x7feab9e997d0>,15,16,[10  3],23,100,116,77,87
1,<environment.Job instance at 0x7feaba35cbe0>,30,16,[9 2],39,254,270,215,254
1,<environment.Job instance at 0x7feab9ec7780>,1,16,[4 6],2,2,18,0,2
1,<environment.Job instance at 0x7feab9ebdd70>,2,15,[5 1],3,3,18,0,3
1,<environment.Job instance at 0x7feac1153870>,1,15,[7 1],2,2,17,0,2
1,<environment.Job instance at 0x7fea7645cc30>,12,12,[8 1],19,44,56,25,44
1,<environment.Job instance at 0x7fea7645c5f0>,16,17,[4 8],27,71,88,44,71
1,<environment.Job instance at 0x7feaba0a0370>,0,18,[4 6],1,1,19,0,1
1,<environment.Job instance at 0x7feaba0b6a50>,1,14,[2 6],2,19,33,17,4
1,<environment.Job instance at 0x7feac11532d0>,7,14,[6 1],11,11,25,0,11
1,<environment.Job instance at 0x7feaba041b40>,10,17,[6 2],14,25,42,11,17
1,<environment.Job instance at 0x7feab9ccb500>,18,15,[2 7],25,109,124,84,109
1,<environment.Job instance at 0x7feabc7eee10>,29,12,[7 3],40,243,255,203,243
1,<environment.Job instance at 0x7feab9fc6eb0>,0,17,[10  5],1,2,19,1,2
1,<environment.Job instance at 0x7feabc7f0aa0>,2,15,[10  1],3,19,34,16,5
1,<environment.Job instance at 0x7feabc55b5f0>,8,17,[8 3],13,34,51,21,25
1,<environment.Job instance at 0x7fea760da460>,13,15,[2 6],25,60,75,35,60
1,<environment.Job instance at 0x7fea763230f0>,19,12,[3 6],34,132,144,98,132
1,<environment.Job instance at 0x7feaba1fd5a0>,0,18,[6 2],1,1,19,0,1
1,<environment.Job instance at 0x7fea76053280>,7,13,[1 9],12,51,64,39,51
1,<environment.Job instance at 0x7fea76053dc0>,9,16,[2 9],16,64,80,48,53
1,<environment.Job instance at 0x7fea76053a50>,10,12,[7 4],17,80,92,63,63
1,<environment.Job instance at 0x7fea76684be0>,18,19,[7 1],32,119,138,87,119
1,<environment.Job instance at 0x7feabc9911e0>,21,12,[4 6],35,144,156,109,144
1,<environment.Job instance at 0x7fea75f0cd70>,24,15,[6 1],39,170,185,131,170
1,<environment.Job instance at 0x7feab9db1f00>,31,18,[8 3],52,250,268,198,250
1,<environment.Job instance at 0x7fea76083410>,0,15,[6 3],1,1,16,0,1
1,<environment.Job instance at 0x7fea761d3050>,8,15,[4 7],13,31,46,18,31
1,<environment.Job instance at 0x7feabc96a280>,13,12,[8 1],20,101,113,81,101
1,<environment.Job instance at 0x7feabc96af50>,18,17,[9 4],29,118,135,89,118
1,<environment.Job instance at 0x7feabc83f910>,25,15,[8 2],37,240,255,203,240
1,<environment.Job instance at 0x7feabc83fe10>,28,16,[8 1],40,255,271,215,242
1,<environment.Job instance at 0x7fea7677e050>,15,12,[6 1],19,128,140,109,128
1,<environment.Job instance at 0x7fea76088be0>,11,26,[1 7],14,166,192,152,166
1,<environment.Job instance at 0x7f80cef08320>,0,17,[2 8],2,2,19,0,2
1,<environment.Job instance at 0x7f80c7af85f0>,6,12,[7 2],12,12,24,0,12
1,<environment.Job instance at 0x7f80c7af8960>,11,15,[2 8],19,26,41,7,26
1,<environment.Job instance at 0x7f80c7af89b0>,12,12,[5 2],20,26,38,6,26
1,<environment.Job instance at 0x7f80c7af8fa0>,22,18,[7 4],31,162,180,131,162
1,<environment.Job instance at 0x7f80c7afc500>,28,17,[2 8],42,246,263,204,246
1,<environment.Job instance at 0x7f80cf07d460>,22,16,[6 2],40,150,166,110,150
1,<environment.Job instance at 0x7f80cf07daa0>,27,15,[8 5],48,177,192,129,177
1,<environment.Job instance at 0x7f80cf07d3c0>,0,17,[1 7],1,1,18,0,1
1,<environment.Job instance at 0x7f80cf07e190>,1,16,[1 5],5,18,34,13,5
1,<environment.Job instance at 0x7f8083df4960>,14,17,[7 5],24,90,107,66,90
1,<environment.Job instance at 0x7f8083decaf0>,18,14,[9 1],29,107,121,78,102
1,<environment.Job instance at 0x7f8083dec5a0>,22,13,[2 6],34,121,134,87,119
1,<environment.Job instance at 0x7f8083dec910>,23,13,[6 5],36,134,147,98,119
1,<environment.Job instance at 0x7f8083dc3d70>,29,16,[7 2],44,186,202,142,186
1,<environment.Job instance at 0x7f8083dc37d0>,32,12,[2 7],47,213,225,166,213
1,<environment.Job instance at 0x7f8083df4280>,6,18,[3 6],13,264,282,251,264
1,<environment.Job instance at 0x7f80cf071280>,0,18,[2 9],1,1,19,0,1
1,<environment.Job instance at 0x7f8083efb320>,10,23,[2 5],16,46,69,30,46
1,<environment.Job instance at 0x7f80c79473c0>,13,12,[1 9],19,69,81,50,53
1,<environment.Job instance at 0x7f8084257870>,26,14,[9 5],35,172,186,137,172
1,<environment.Job instance at 0x7f8084257cd0>,31,16,[ 1 10],42,214,230,172,214
1,<environment.Job instance at 0x7f8084257c30>,35,18,[9 2],47,252,270,205,252
1,<environment.Job instance at 0x7f80c7947640>,0,18,[7 2],2,2,20,0,2
1,<environment.Job instance at 0x7f8083d5cb90>,0,18,[8 3],1,1,19,0,1
1,<environment.Job instance at 0x7f808425d690>,5,13,[4 5],7,19,32,12,9
1,<environment.Job instance at 0x7f80c8078fa0>,8,15,[3 5],11,19,34,8,11
1,<environment.Job instance at 0x7f80c8078230>,9,14,[2 6],12,34,48,22,19
1,<environment.Job instance at 0x7f80c810ac80>,28,13,[10  4],38,271,284,233,271
1,<environment.Job instance at 0x7f80c7ba1d20>,7,14,[7 5],12,26,40,14,26
1,<environment.Job instance at 0x7f8084014140>,15,14,[4 7],26,87,101,61,87
1,<environment.Job instance at 0x7f80840142d0>,16,13,[8 5],28,101,114,73,87
1,<environment.Job instance at 0x7f80c880fc30>,32,15,[2 9],50,263,278,213,263
1,<environment.Job instance at 0x7f80c7c3e320>,12,19,[7 1],18,89,108,71,89
1,<environment.Job instance at 0x7f80c81a8be0>,22,17,[7 4],33,268,285,235,268
1,<environment.Job instance at 0x7f80842b6550>,17,19,[6 5],29,170,189,141,170
1,<environment.Job instance at 0x7f80842b0d70>,21,13,[3 9],33,244,257,211,244
1,<environment.Job instance at 0x7f80cebdd500>,1,17,[8 1],2,2,19,0,2
1,<environment.Job instance at 0x7f80c8078d70>,2,12,[5 5],3,19,31,16,3
1,<environment.Job instance at 0x7f80842bcb40>,0,14,[1 7],1,1,15,0,1
1,<environment.Job instance at 0x7f80842bcf00>,2,13,[5 5],3,15,28,12,3
1,<environment.Job instance at 0x7f80c796ed70>,15,12,[8 3],22,103,115,81,103
1,<environment.Job instance at 0x7f8083fbceb0>,6,13,[6 5],16,28,41,12,28
1,<environment.Job instance at 0x7f80cebdd280>,11,17,[5 8],22,52,69,30,52
1,<environment.Job instance at 0x7f80c86e18c0>,16,18,[5 5],35,90,108,55,90
1,<environment.Job instance at 0x7f80c86212d0>,21,18,[ 1 10],44,155,173,111,155
1,<environment.Job instance at 0x7f80c8621050>,29,15,[7 1],52,269,284,217,269
1,<environment.Job instance at 0x7f80c8556cd0>,20,14,[9 2],24,136,150,112,136
1,<environment.Job instance at 0x7f808421e5a0>,3,26,[2 5],6,8,34,2,8
1,<environment.Job instance at 0x7f80901de370>,6,21,[1 5],11,12,33,1,12
1,<environment.Job instance at 0x7f8084297eb0>,10,14,[8 1],17,74,88,57,74
1,<environment.Job instance at 0x7f80c7a3e0f0>,15,12,[7 3],22,113,125,91,113
1,<environment.Job instance at 0x7f80c8008a00>,16,15,[9 4],24,125,140,101,113
1,<environment.Job instance at 0x7f8083e658c0>,21,14,[1 8],29,170,184,141,170
1,<environment.Job instance at 0x7f8083e65e60>,23,17,[10  5],31,184,201,153,172
1,<environment.Job instance at 0x7f8083e61780>,32,18,[6 5],45,245,263,200,245
1,<environment.Job instance at 0x7f8083e618c0>,1,12,[7 5],5,5,17,0,5
1,<environment.Job instance at 0x7f808421e500>,5,17,[4 7],12,42,59,30,42
1,<environment.Job instance at 0x7f80c861d3c0>,11,18,[6 2],21,45,63,24,45
1,<environment.Job instance at 0x7f8083e01870>,0,12,[7 1],1,1,13,0,1
1,<environment.Job instance at 0x7f80cee0adc0>,6,17,[7 1],8,13,30,5,8
1,<environment.Job instance at 0x7f8083d9f780>,7,13,[9 3],9,30,43,21,14
1,<environment.Job instance at 0x7f80cf102d20>,3,12,[10  1],4,138,150,134,138
1,<environment.Job instance at 0x7f80844428c0>,18,26,[1 7],22,153,179,131,153
1,<environment.Job instance at 0x7f8084442910>,19,21,[8 3],23,161,182,138,161
1,<environment.Job instance at 0x7f8083ae6c30>,10,12,[7 4],17,53,65,36,53
1,<environment.Job instance at 0x7f80c792e0f0>,31,18,[8 3],52,185,203,133,185
1,<environment.Job instance at 0x7f8083d0c910>,10,18,[7 1],15,19,37,4,19
1,<environment.Job instance at 0x7f80841f7aa0>,21,17,[ 3 10],29,161,178,132,161
1,<environment.Job instance at 0x7f80c7a0aaf0>,0,18,[5 1],1,1,19,0,1
1,<environment.Job instance at 0x7f80c7ae64b0>,12,16,[ 3 10],20,97,113,77,97
1,<environment.Job instance at 0x7f80c7ae6500>,20,16,[8 2],37,186,202,149,186
1,<environment.Job instance at 0x7f80c7a0a370>,1,12,[1 8],3,3,15,0,3
1,<environment.Job instance at 0x7f8083d86b40>,16,18,[1 5],25,114,132,89,114
1,<environment.Job instance at 0x7f80c85e8960>,5,14,[1 7],8,191,205,183,191
1,<environment.Job instance at 0x7f8083db2b90>,24,15,[4 8],39,205,220,166,193
1,<environment.Job instance at 0x7f8083db26e0>,28,13,[8 3],43,237,250,194,237
1,<environment.Job instance at 0x7f620758f320>,0,17,[2 8],2,2,19,0,2
1,<environment.Job instance at 0x7f620758f0a0>,3,18,[10  4],7,19,37,12,9
1,<environment.Job instance at 0x7f620217f960>,11,15,[2 8],19,37,52,18,23
1,<environment.Job instance at 0x7f620217f9b0>,12,12,[5 2],20,37,49,17,23
1,<environment.Job instance at 0x7f62076fbb90>,0,18,[1 6],1,1,19,0,1
1,<environment.Job instance at 0x7f6207704780>,19,16,[3 6],39,162,178,123,162
1,<environment.Job instance at 0x7f62077047d0>,23,13,[4 5],43,194,207,151,194
1,<environment.Job instance at 0x7f62075ba370>,29,18,[1 6],52,228,246,176,228
1,<environment.Job instance at 0x7f62075ba3c0>,34,17,[8 3],59,252,269,193,252
1,<environment.Job instance at 0x7f61bc543aa0>,6,22,[5 4],7,21,43,14,21
1,<environment.Job instance at 0x7f61bc543cd0>,13,14,[3 6],17,47,61,30,47
1,<environment.Job instance at 0x7f61bc543410>,18,16,[7 2],24,114,130,90,114
1,<environment.Job instance at 0x7f61bc53d690>,21,12,[2 7],27,140,152,113,140
1,<environment.Job instance at 0x7f61bc585be0>,2,12,[ 1 10],3,3,15,0,3
1,<environment.Job instance at 0x7f6201fdd690>,7,28,[2 8],10,16,44,6,16
1,<environment.Job instance at 0x7f61bc51da50>,12,18,[6 3],16,44,62,28,33
1,<environment.Job instance at 0x7f61bc5796e0>,6,21,[7 3],9,10,31,1,10
1,<environment.Job instance at 0x7f61bc539370>,13,18,[3 6],17,60,78,43,60
1,<environment.Job instance at 0x7f620232af00>,19,14,[7 5],26,165,179,139,165
1,<environment.Job instance at 0x7f61bc7ba320>,26,14,[9 2],36,239,253,203,239
1,<environment.Job instance at 0x7f6202370460>,13,12,[9 3],16,87,99,71,87
1,<environment.Job instance at 0x7f6202370e60>,7,15,[4 8],10,195,210,185,195
1,<environment.Job instance at 0x7f6201ef1370>,0,15,[9 2],1,1,16,0,1
1,<environment.Job instance at 0x7f61bc3d3dc0>,23,16,[3 6],34,161,177,127,161
1,<environment.Job instance at 0x7f620221aaa0>,29,17,[10  4],40,239,256,199,239
1,<environment.Job instance at 0x7f6202310cd0>,0,15,[4 6],1,1,16,0,1
1,<environment.Job instance at 0x7f62075b4c30>,16,15,[7 1],29,95,110,66,95
1,<environment.Job instance at 0x7f6202103fa0>,17,17,[2 6],30,95,112,65,95
1,<environment.Job instance at 0x7f61bca8e6e0>,25,18,[5 9],43,211,229,168,211
1,<environment.Job instance at 0x7f61bca8e5f0>,28,18,[10  2],49,234,252,185,234
1,<environment.Job instance at 0x7f6202009550>,0,16,[ 4 10],1,1,17,0,1
1,<environment.Job instance at 0x7f61bc9a0280>,9,20,[3 6],11,73,93,62,73
1,<environment.Job instance at 0x7f61bc43afa0>,20,22,[5 8],25,160,182,135,160
1,<environment.Job instance at 0x7f61bc43aaa0>,24,14,[4 5],32,194,208,162,194
1,<environment.Job instance at 0x7f620228f960>,0,14,[2 6],1,1,15,0,1
1,<environment.Job instance at 0x7f61bcb37550>,3,12,[6 2],5,5,17,0,5
1,<environment.Job instance at 0x7f61bcb37140>,5,23,[ 2 10],7,26,49,19,26
1,<environment.Job instance at 0x7f62027f8910>,21,15,[1 5],32,115,130,83,115
1,<environment.Job instance at 0x7f62027f88c0>,20,16,[10  1],31,130,146,99,126
1,<environment.Job instance at 0x7f62027f8c80>,28,18,[7 1],42,172,190,130,172
1,<environment.Job instance at 0x7f62027d4230>,34,13,[5 8],49,218,231,169,218
1,<environment.Job instance at 0x7f6207613d70>,0,14,[10  5],2,2,16,0,2
1,<environment.Job instance at 0x7f61bc3e8410>,2,12,[3 5],4,16,28,12,4
1,<environment.Job instance at 0x7f61bc465960>,13,27,[ 1 10],19,68,95,49,68
1,<environment.Job instance at 0x7f6202103b40>,1,15,[6 2],3,14,29,11,14
1,<environment.Job instance at 0x7f61bca8eaa0>,14,12,[7 2],25,135,147,110,135
1,<environment.Job instance at 0x7f62021032d0>,6,28,[6 5],13,160,188,147,160
1,<environment.Job instance at 0x7f6202a2e230>,1,14,[10  2],2,2,16,0,2
1,<environment.Job instance at 0x7f6202a2e730>,3,14,[3 5],4,94,108,90,94
1,<environment.Job instance at 0x7f62022ad690>,18,15,[1 5],25,163,178,138,163
1,<environment.Job instance at 0x7f62028c0af0>,21,16,[7 3],29,166,182,137,166
1,<environment.Job instance at 0x7f6202a8d2d0>,0,16,[1 7],1,1,17,0,1
1,<environment.Job instance at 0x7f61bc2486e0>,9,17,[7 5],11,19,36,8,19
1,<environment.Job instance at 0x7f61bc8f3140>,18,13,[1 6],22,98,111,76,98
1,<environment.Job instance at 0x7f6202b400a0>,24,12,[7 1],31,177,189,146,177
1,<environment.Job instance at 0x7f61bc9cb050>,30,17,[7 1],38,257,274,219,257
1,<environment.Job instance at 0x7f61bc852280>,31,13,[9 3],39,274,287,235,258
1,<environment.Job instance at 0x7f61bc167d20>,26,12,[7 4],37,245,257,208,245
1,<environment.Job instance at 0x7f620230d050>,0,15,[6 3],1,1,16,0,1
1,<environment.Job instance at 0x7f61bc9f8eb0>,8,15,[4 7],13,31,46,18,31
1,<environment.Job instance at 0x7f61bc821a00>,13,12,[8 1],20,101,113,81,101
1,<environment.Job instance at 0x7f61bc821500>,16,18,[7 1],25,113,131,88,103
1,<environment.Job instance at 0x7f6201f69870>,27,17,[ 3 10],39,237,254,198,237
1,<environment.Job instance at 0x7f6201f69910>,28,16,[8 1],40,254,270,214,241
1,<environment.Job instance at 0x7f61bc1c9870>,0,18,[5 1],1,1,19,0,1
1,<environment.Job instance at 0x7f61bc8f3cd0>,11,22,[9 5],19,95,117,76,95
1,<environment.Job instance at 0x7f61bc89eeb0>,20,16,[8 2],37,152,168,115,152
1,<environment.Job instance at 0x7f61bc821c80>,23,13,[1 5],40,191,204,151,191
1,<environment.Job instance at 0x7f62028620a0>,0,14,[4 9],1,1,15,0,1
1,<environment.Job instance at 0x7f61bc14d640>,9,18,[1 5],15,36,54,21,36
1,<environment.Job instance at 0x7f61bc4d5c80>,17,15,[4 8],29,130,145,101,130
1,<environment.Job instance at 0x7f61bc4d5c30>,21,13,[8 3],33,169,182,136,169
1,<environment.Job instance at 0x7f61bc4d5aa0>,4,12,[6 5],8,9,21,1,9
1,<environment.Job instance at 0x7f61bc87d320>,16,14,[5 8],29,123,137,94,123
1,<environment.Job instance at 0x7f61bca88b40>,22,17,[3 7],40,181,198,141,181
1,<environment.Job instance at 0x7f61bca4c3c0>,26,13,[3 7],44,223,236,179,223
1,<environment.Job instance at 0x7f61bc5e2dc0>,27,12,[3 6],45,236,248,191,223
1,<environment.Job instance at 0x7f62020d90a0>,31,19,[7 4],50,267,286,217,267
1,<environment.Job instance at 0x7fd307ea9320>,0,17,[2 8],2,2,19,0,2
1,<environment.Job instance at 0x7fd307efb6e0>,1,15,[5 2],3,5,20,2,5
1,<environment.Job instance at 0x7fd300a992d0>,4,13,[5 9],8,20,33,12,8
1,<environment.Job instance at 0x7fd300a99a50>,12,12,[5 2],20,33,45,13,20
1,<environment.Job instance at 0x7fd300a99fa0>,22,18,[7 4],31,162,180,131,162
1,<environment.Job instance at 0x7fd300a9d500>,28,17,[2 8],42,246,263,204,246
1,<environment.Job instance at 0x7fd30801c280>,7,16,[6 2],20,20,36,0,20
1,<environment.Job instance at 0x7fd30801ce60>,10,15,[7 2],25,45,60,20,45
1,<environment.Job instance at 0x7fd307ed1320>,12,15,[8 5],28,61,76,33,61
1,<environment.Job instance at 0x7fd307ed18c0>,17,13,[4 5],33,85,98,52,85
1,<environment.Job instance at 0x7fd308019dc0>,28,17,[8 3],49,179,196,130,179
1,<environment.Job instance at 0x7fd2bcdd6410>,3,26,[5 5],5,45,71,40,45
1,<environment.Job instance at 0x7fd2bcde3870>,14,15,[2 5],19,71,86,52,71
1,<environment.Job instance at 0x7fd2bce47960>,1,13,[8 4],2,2,15,0,2
1,<environment.Job instance at 0x7fd2bd15e5f0>,11,21,[7 5],13,60,81,47,60
1,<environment.Job instance at 0x7fd2bcde3050>,18,17,[7 4],23,140,157,117,140
1,<environment.Job instance at 0x7fd2bd0e7910>,23,18,[9 1],30,191,209,161,191
1,<environment.Job instance at 0x7fd2bd0e7a50>,1,12,[8 2],2,2,14,0,2
1,<environment.Job instance at 0x7fd2bce6fbe0>,9,14,[9 2],13,54,68,41,54
1,<environment.Job instance at 0x7fd2bcea5140>,10,17,[3 8],14,68,85,54,56
1,<environment.Job instance at 0x7fd2bce53eb0>,7,14,[1 7],9,41,55,32,41
1,<environment.Job instance at 0x7fd3017bab90>,4,17,[5 7],6,24,41,18,24
1,<environment.Job instance at 0x7fd300d55230>,9,17,[1 8],11,41,58,30,33
1,<environment.Job instance at 0x7fd308019aa0>,7,17,[9 3],11,14,31,3,14
1,<environment.Job instance at 0x7fd30113a460>,21,17,[1 9],28,185,202,157,185
1,<environment.Job instance at 0x7fd30159fa50>,1,16,[7 4],3,3,19,0,3
1,<environment.Job instance at 0x7fd300a51550>,11,15,[5 2],18,27,42,9,27
1,<environment.Job instance at 0x7fd3010f6d20>,25,25,[5 2],41,243,268,202,243
1,<environment.Job instance at 0x7fd300f4b0a0>,2,18,[5 5],5,5,23,0,5
1,<environment.Job instance at 0x7fd30174f7d0>,3,18,[4 9],7,23,41,16,12
1,<environment.Job instance at 0x7fd2bd374af0>,11,15,[1 7],18,41,56,23,41
1,<environment.Job instance at 0x7fd300d67d20>,15,15,[7 1],22,84,99,62,84
1,<environment.Job instance at 0x7fd300d67320>,14,21,[1 6],21,151,172,130,151
1,<environment.Job instance at 0x7fd300ef1460>,23,15,[5 7],36,172,187,136,168
1,<environment.Job instance at 0x7fd300ef1640>,24,14,[1 6],37,187,201,150,172
1,<environment.Job instance at 0x7fd300ef1730>,26,12,[8 1],39,187,199,148,181
1,<environment.Job instance at 0x7fd300ef1a00>,29,12,[3 9],46,208,220,162,208
1,<environment.Job instance at 0x7fd300ef1af0>,30,17,[4 8],47,220,237,173,218
1,<environment.Job instance at 0x7fd2bd335230>,0,14,[6 1],1,1,15,0,1
1,<environment.Job instance at 0x7fd2bd446140>,3,17,[6 2],4,15,32,11,4
1,<environment.Job instance at 0x7fd300bbcf50>,22,12,[7 3],30,135,147,105,135
1,<environment.Job instance at 0x7fd300bbc0f0>,25,24,[ 1 10],33,190,214,157,190
1,<environment.Job instance at 0x7fd2bcf6d550>,0,12,[8 3],1,1,13,0,1
1,<environment.Job instance at 0x7fd300dec640>,5,27,[8 4],9,19,46,10,19
1,<environment.Job instance at 0x7fd300924d20>,11,13,[7 5],21,57,70,36,57
1,<environment.Job instance at 0x7fd3009a9b90>,16,14,[8 4],28,93,107,65,93
1,<environment.Job instance at 0x7fd300e9d5a0>,7,27,[2 6],12,93,120,81,93
1,<environment.Job instance at 0x7fd307bf9fa0>,0,12,[5 5],1,1,13,0,1
1,<environment.Job instance at 0x7fd2bca7eaf0>,15,13,[5 2],22,82,95,60,82
1,<environment.Job instance at 0x7fd2bcb7da00>,1,12,[1 8],3,3,15,0,3
1,<environment.Job instance at 0x7fd2bcb7d0a0>,2,15,[3 7],5,15,30,10,5
1,<environment.Job instance at 0x7fd2bcad3690>,8,17,[8 2],13,47,64,34,47
1,<environment.Job instance at 0x7fd2bca8c870>,5,14,[1 7],8,87,101,79,87
1,<environment.Job instance at 0x7fd30174e050>,16,18,[1 5],25,101,119,76,95
1,<environment.Job instance at 0x7fd30174ee10>,17,16,[ 5 10],26,119,135,93,110
1,<environment.Job instance at 0x7fd2bccfccd0>,24,15,[4 8],39,170,185,131,170
1,<environment.Job instance at 0x7fd301077500>,28,13,[8 3],43,209,222,166,209
1,<environment.Job instance at 0x7fd3017bad20>,4,12,[6 5],8,18,30,10,18
1,<environment.Job instance at 0x7fd30178a820>,22,17,[3 7],40,189,206,149,189
1,<environment.Job instance at 0x7fd3010e5fa0>,26,13,[3 7],44,223,236,179,223
1,<environment.Job instance at 0x7fd2bd3cc460>,0,18,[6 5],2,2,20,0,2
1,<environment.Job instance at 0x7fd2bd3ccfa0>,2,13,[1 5],5,5,18,0,5
1,<environment.Job instance at 0x7fd2bd31c5a0>,5,16,[7 3],8,21,37,13,21
1,<environment.Job instance at 0x7fd300851c80>,8,17,[4 6],11,42,59,31,42
1,<environment.Job instance at 0x7fd300bdf370>,13,12,[10  1],17,59,71,42,58
1,<environment.Job instance at 0x7fd300dd1f50>,21,17,[ 2 10],25,96,113,71,96
