iteration,job object,job ID,job Length,job ressource requirement,job enter time,job start time,job finish time,job waiting time,current time
1,<environment.Job instance at 0x7fd4620be640>,2,22,[4 8],3,10,32,7,10
1,<environment.Job instance at 0x7fd460f66a00>,4,21,[1 6],5,24,45,19,23
1,<environment.Job instance at 0x7fd460f66e10>,8,22,[14  3],9,32,54,23,25
1,<environment.Job instance at 0x7fd460f66c80>,11,26,[4 8],12,54,80,42,51
1,<environment.Job instance at 0x7fd4620be370>,3,26,[11  4],4,54,80,50,51
1,<environment.Job instance at 0x7fd460f66f00>,13,18,[ 4 14],14,80,98,66,69
1,<environment.Job instance at 0x7fd460f69410>,15,18,[ 2 14],16,98,116,82,87
1,<environment.Job instance at 0x7fd460f694b0>,16,16,[ 3 11],17,116,132,99,103
1,<environment.Job instance at 0x7fd460f69550>,17,28,[ 5 10],18,132,160,114,131
1,<environment.Job instance at 0x7fd460f695f0>,18,25,[ 4 13],19,160,185,141,156
1,<environment.Job instance at 0x7fd460f69690>,19,14,[ 3 11],20,185,199,165,172
1,<environment.Job instance at 0x7fd460f69730>,20,27,[13  5],21,199,226,178,197
1,<environment.Job instance at 0x7fd460f697d0>,21,26,[ 5 12],22,226,252,204,223
1,<environment.Job instance at 0x7fd460f69870>,22,13,[13  1],23,252,265,229,236
1,<environment.Job instance at 0x7fd460f69a00>,24,13,[ 3 14],25,265,278,240,249
1,<environment.Job instance at 0x7fd460f69b90>,25,23,[ 3 13],26,278,301,252,272
1,<environment.Job instance at 0x7fd460f6f4b0>,1,20,[5 3],2,2,22,0,2
1,<environment.Job instance at 0x7fd460f69b90>,3,17,[5 7],4,4,21,0,4
1,<environment.Job instance at 0x7fd460f6f6e0>,0,16,[12  2],1,22,38,21,9
1,<environment.Job instance at 0x7fd462009370>,10,23,[ 1 11],11,21,44,10,15
1,<environment.Job instance at 0x7fd46200a960>,11,21,[ 5 13],12,44,65,32,36
1,<environment.Job instance at 0x7fd46200a5f0>,13,17,[ 4 12],14,65,82,51,53
1,<environment.Job instance at 0x7fd46200a230>,14,19,[3 8],15,82,101,67,72
1,<environment.Job instance at 0x7fd46200a140>,15,20,[2 6],16,82,102,66,73
1,<environment.Job instance at 0x7fd46200aa50>,16,21,[7 4],17,101,122,84,93
1,<environment.Job instance at 0x7fd46200aaa0>,17,27,[ 1 10],18,102,129,84,100
1,<environment.Job instance at 0x7fd46200a190>,18,20,[ 3 12],19,129,149,110,120
1,<environment.Job instance at 0x7fd46200a0f0>,19,13,[ 3 12],20,149,162,129,133
1,<environment.Job instance at 0x7fd46200a9b0>,20,21,[12  2],21,134,155,113,134
1,<environment.Job instance at 0x7fd46200a7d0>,21,28,[5 1],22,155,183,133,154
1,<environment.Job instance at 0x7fd460e7b190>,23,25,[3 8],24,162,187,138,158
1,<environment.Job instance at 0x7fd4620ee6e0>,24,27,[1 6],25,162,189,137,160
1,<environment.Job instance at 0x7fd460e67af0>,25,14,[ 4 11],26,189,203,163,174
1,<environment.Job instance at 0x7fd46223f550>,30,14,[2 6],31,203,217,172,191
1,<environment.Job instance at 0x7fd46223f7d0>,33,20,[13  1],34,203,223,169,198
1,<environment.Job instance at 0x7fd460f73190>,4,13,[13  1],5,223,236,218,207
1,<environment.Job instance at 0x7fd46223f4b0>,34,18,[ 3 14],35,236,254,201,227
1,<environment.Job instance at 0x7fd46223f910>,36,26,[12  1],37,236,262,199,233
1,<environment.Job instance at 0x7fd46223f640>,37,28,[ 3 10],38,254,282,216,253
1,<environment.Job instance at 0x7fd460f73be0>,2,16,[ 3 13],3,3,19,0,3
1,<environment.Job instance at 0x7fd460f73eb0>,3,23,[ 5 13],4,19,42,15,13
1,<environment.Job instance at 0x7fd460f6fa00>,8,21,[ 1 10],9,42,63,33,34
1,<environment.Job instance at 0x7fd460f6f910>,10,21,[6 5],11,42,63,31,34
1,<environment.Job instance at 0x7fd417263370>,11,26,[ 5 12],12,63,89,51,60
1,<environment.Job instance at 0x7fd417263050>,12,27,[12  2],13,89,116,76,87
1,<environment.Job instance at 0x7fd460f6f960>,7,19,[ 3 12],8,96,115,88,96
1,<environment.Job instance at 0x7fd416f00640>,13,15,[12  1],14,116,131,102,102
1,<environment.Job instance at 0x7fd416f00500>,16,21,[ 1 12],17,115,136,98,107
1,<environment.Job instance at 0x7fd416f00050>,17,19,[11  2],18,131,150,113,121
1,<environment.Job instance at 0x7fd416f00730>,18,14,[ 3 14],19,150,164,131,136
1,<environment.Job instance at 0x7fd46223f640>,4,12,[4 6],5,136,148,131,136
1,<environment.Job instance at 0x7fd416fc5410>,22,22,[14  4],23,164,186,141,157
1,<environment.Job instance at 0x7fd416fc5f50>,20,19,[13  1],21,186,205,165,181
1,<environment.Job instance at 0x7fd417263af0>,14,14,[ 2 11],15,186,200,171,181
1,<environment.Job instance at 0x7fd460f738c0>,5,12,[14  5],6,205,217,199,189
1,<environment.Job instance at 0x7fd416fc55a0>,24,19,[ 3 12],25,217,236,192,212
1,<environment.Job instance at 0x7fd416fc5870>,27,16,[8 1],28,228,244,200,228
1,<environment.Job instance at 0x7fd416fc5cd0>,28,15,[8 3],29,244,259,215,237
1,<environment.Job instance at 0x7fd416fc5230>,25,18,[13  4],26,259,277,233,252
1,<environment.Job instance at 0x7fd416fc5e60>,29,17,[8 1],30,277,294,247,265
1,<environment.Job instance at 0x7fd417051140>,1,25,[ 1 11],2,2,27,0,2
1,<environment.Job instance at 0x7fd4170518c0>,5,20,[12  4],6,6,26,0,6
1,<environment.Job instance at 0x7fd417051a50>,6,14,[9 5],7,27,41,20,16
1,<environment.Job instance at 0x7fd417051e10>,7,26,[4 9],8,27,53,19,27
1,<environment.Job instance at 0x7fd4170515f0>,2,14,[14  4],3,53,67,50,38
1,<environment.Job instance at 0x7fd417126050>,12,13,[3 8],13,67,80,54,53
1,<environment.Job instance at 0x7fd417126d70>,15,15,[12  5],16,67,82,51,59
1,<environment.Job instance at 0x7fd417126cd0>,16,20,[1 5],17,80,100,63,73
1,<environment.Job instance at 0x7fd417051820>,4,23,[13  2],5,82,105,77,76
1,<environment.Job instance at 0x7fd417126c30>,14,19,[ 3 12],15,105,124,90,95
1,<environment.Job instance at 0x7fd41708b960>,20,16,[12  5],21,124,140,103,111
1,<environment.Job instance at 0x7fd41708b460>,22,13,[12  1],23,111,124,88,111
1,<environment.Job instance at 0x7fd41708ba50>,23,12,[11  5],24,140,152,116,123
1,<environment.Job instance at 0x7fd41708b3c0>,24,17,[ 3 12],25,152,169,127,140
1,<environment.Job instance at 0x7fd41708b870>,25,16,[13  4],26,169,185,143,156
1,<environment.Job instance at 0x7fd417126b40>,19,16,[12  4],20,185,201,165,173
1,<environment.Job instance at 0x7fd41708bb40>,26,18,[ 1 12],27,201,219,174,190
1,<environment.Job instance at 0x7fd41708bf00>,32,20,[13  3],33,201,221,168,200
1,<environment.Job instance at 0x7fd41708b690>,33,21,[ 4 12],34,221,242,187,213
1,<environment.Job instance at 0x7fd41708b7d0>,35,27,[5 9],36,242,269,206,240
1,<environment.Job instance at 0x7fd41708b0f0>,36,27,[2 9],37,269,296,232,267
1,<environment.Job instance at 0x7fd4170516e0>,3,14,[12  2],4,6,20,2,6
1,<environment.Job instance at 0x7fd41740b140>,6,20,[12  1],7,20,40,13,15
1,<environment.Job instance at 0x7fd41740ba00>,5,16,[2 8],6,23,39,17,23
1,<environment.Job instance at 0x7fd416fb8d20>,7,13,[ 4 12],8,40,53,32,24
1,<environment.Job instance at 0x7fd41708b0f0>,2,25,[11  2],3,40,65,37,36
1,<environment.Job instance at 0x7fd416f04f00>,9,15,[12  3],10,65,80,55,51
1,<environment.Job instance at 0x7fd416f046e0>,13,16,[11  1],14,80,96,66,69
1,<environment.Job instance at 0x7fd416f04af0>,14,17,[3 8],15,72,89,57,72
1,<environment.Job instance at 0x7fd416f04fa0>,15,19,[12  5],16,96,115,80,86
1,<environment.Job instance at 0x7fd416f04730>,16,17,[11  3],17,115,132,98,103
1,<environment.Job instance at 0x7fd416f04b40>,17,14,[ 1 10],18,108,122,90,108
1,<environment.Job instance at 0x7fd416fb8eb0>,8,18,[12  2],9,132,150,123,121
1,<environment.Job instance at 0x7fd460d82280>,19,18,[12  4],20,150,168,130,142
1,<environment.Job instance at 0x7fd460d65eb0>,22,16,[3 8],23,143,159,120,143
1,<environment.Job instance at 0x7fd4176410a0>,24,16,[11  2],25,168,184,143,155
1,<environment.Job instance at 0x7fd460dd6c30>,25,15,[13  5],26,184,199,158,170
1,<environment.Job instance at 0x7fd417641140>,21,26,[11  5],22,199,225,177,197
1,<environment.Job instance at 0x7fd4615ec690>,30,26,[ 4 10],31,218,244,187,218
1,<environment.Job instance at 0x7fd417322f50>,31,26,[8 3],32,225,251,193,222
1,<environment.Job instance at 0x7fd4615ecd70>,28,27,[14  3],29,251,278,222,249
1,<environment.Job instance at 0x7fd4619d1a00>,0,26,[8 4],1,1,27,0,1
1,<environment.Job instance at 0x7fd4619d1cd0>,1,12,[11  1],2,27,39,25,10
1,<environment.Job instance at 0x7fd4619d1b40>,2,14,[5 5],3,10,24,7,10
1,<environment.Job instance at 0x7fd4619d17d0>,4,27,[ 1 10],5,29,56,24,29
1,<environment.Job instance at 0x7fd4619d1780>,6,19,[13  1],7,39,58,32,29
1,<environment.Job instance at 0x7fd460f20230>,12,24,[ 3 13],13,58,82,45,53
1,<environment.Job instance at 0x7fd4619d1820>,8,20,[11  2],9,58,78,49,55
1,<environment.Job instance at 0x7fd460f20be0>,13,15,[ 2 13],14,82,97,68,68
1,<environment.Job instance at 0x7fd460f206e0>,15,20,[11  2],16,78,98,62,69
1,<environment.Job instance at 0x7fd460f20730>,17,21,[ 4 14],18,98,119,80,90
1,<environment.Job instance at 0x7fd460f20870>,14,13,[ 5 14],15,119,132,104,104
1,<environment.Job instance at 0x7fd460f20460>,19,15,[14  4],20,132,147,112,118
1,<environment.Job instance at 0x7fd4619d1eb0>,3,16,[14  1],4,147,163,143,141
1,<environment.Job instance at 0x7fd460f20690>,21,23,[13  1],22,163,186,141,157
1,<environment.Job instance at 0x7fd4619f1320>,23,26,[ 1 11],24,157,183,133,157
1,<environment.Job instance at 0x7fd4619f1230>,24,14,[ 3 13],25,186,200,161,171
1,<environment.Job instance at 0x7fd4619f1be0>,27,27,[10  3],28,200,227,172,198
1,<environment.Job instance at 0x7fd4619f1cd0>,29,14,[14  5],30,227,241,197,216
1,<environment.Job instance at 0x7fd4619f1c80>,28,16,[12  5],29,241,257,212,228
1,<environment.Job instance at 0x7fd4619f1a00>,32,26,[13  2],33,257,283,224,254
1,<environment.Job instance at 0x7fd4610246e0>,0,25,[6 3],1,1,26,0,1
1,<environment.Job instance at 0x7fd46132cf50>,1,20,[11  1],2,26,46,24,17
1,<environment.Job instance at 0x7fd460f1a370>,6,26,[ 1 13],7,26,52,19,23
1,<environment.Job instance at 0x7fd460f1a960>,7,22,[3 9],8,52,74,44,45
1,<environment.Job instance at 0x7fd460f1aeb0>,8,16,[11  1],9,46,62,37,45
1,<environment.Job instance at 0x7fd460f1a640>,9,14,[14  2],10,74,88,64,59
1,<environment.Job instance at 0x7fd460f1ac30>,10,22,[5 9],11,88,110,77,81
1,<environment.Job instance at 0x7fd4173653c0>,11,15,[ 2 11],12,110,125,98,96
1,<environment.Job instance at 0x7fd461bec2d0>,13,25,[2 8],14,125,150,111,121
1,<environment.Job instance at 0x7fd4612355f0>,15,20,[ 5 13],16,150,170,134,141
1,<environment.Job instance at 0x7fd460fe6910>,16,24,[2 7],17,170,194,153,165
1,<environment.Job instance at 0x7fd460f53640>,17,16,[11  2],18,170,186,152,165
1,<environment.Job instance at 0x7fd4615081e0>,18,22,[ 2 12],19,194,216,175,187
1,<environment.Job instance at 0x7fd460fe6a00>,19,20,[12  3],20,187,207,167,187
1,<environment.Job instance at 0x7fd460fe6be0>,20,19,[12  5],21,216,235,195,206
1,<environment.Job instance at 0x7fd460f1a730>,12,16,[11  1],13,235,251,222,222
1,<environment.Job instance at 0x7fd4614fa1e0>,23,13,[4 8],24,235,248,211,224
1,<environment.Job instance at 0x7fd460f9b6e0>,22,18,[12  1],23,251,269,228,240
1,<environment.Job instance at 0x7fd4614fafa0>,26,17,[ 1 12],27,248,265,221,240
1,<environment.Job instance at 0x7fd461357690>,27,21,[5 9],28,269,290,241,261
1,<environment.Job instance at 0x7fd46132c960>,1,28,[ 1 13],2,2,30,0,2
1,<environment.Job instance at 0x7fd461535e60>,0,12,[14  1],1,2,14,1,2
1,<environment.Job instance at 0x7fd461024910>,3,22,[12  5],4,30,52,26,23
1,<environment.Job instance at 0x7fd41710ad20>,10,12,[ 3 14],11,52,64,41,44
1,<environment.Job instance at 0x7fd41710aa00>,9,17,[13  5],10,64,81,54,52
1,<environment.Job instance at 0x7fd417244c80>,13,21,[ 3 14],14,81,102,67,73
1,<environment.Job instance at 0x7fd417172af0>,16,28,[6 1],17,81,109,64,81
1,<environment.Job instance at 0x7fd416f66280>,19,27,[ 4 12],20,102,129,82,100
1,<environment.Job instance at 0x7fd416f666e0>,20,25,[12  4],21,129,154,108,125
1,<environment.Job instance at 0x7fd416f66550>,21,20,[ 3 14],22,154,174,132,145
1,<environment.Job instance at 0x7fd416f667d0>,22,13,[ 3 14],23,174,187,151,160
1,<environment.Job instance at 0x7fd417515910>,23,13,[11  5],24,187,200,163,172
1,<environment.Job instance at 0x7fd417515230>,24,24,[8 4],25,200,224,175,195
1,<environment.Job instance at 0x7fd4174a7fa0>,11,21,[4 8],12,210,231,198,210
1,<environment.Job instance at 0x7fd4174fccd0>,5,12,[11  5],6,224,236,218,217
1,<environment.Job instance at 0x7fd461372870>,28,14,[7 5],29,236,250,207,227
1,<environment.Job instance at 0x7fd46121ee10>,29,25,[1 6],30,240,265,210,240
1,<environment.Job instance at 0x7fd416ffb5f0>,0,22,[ 5 12],1,1,23,0,1
1,<environment.Job instance at 0x7fd416ffb9b0>,2,15,[14  2],3,23,38,20,9
1,<environment.Job instance at 0x7fd416ffb370>,3,15,[ 1 13],4,23,38,19,13
1,<environment.Job instance at 0x7fd416ffbf50>,7,24,[13  3],8,38,62,30,33
1,<environment.Job instance at 0x7fd4611666e0>,12,13,[ 1 10],13,49,62,36,49
1,<environment.Job instance at 0x7fd461166dc0>,13,21,[8 1],14,62,83,48,54
1,<environment.Job instance at 0x7fd416ffbc30>,6,17,[14  5],7,83,100,76,74
1,<environment.Job instance at 0x7fd417431280>,18,19,[1 7],19,91,110,72,91
1,<environment.Job instance at 0x7fd416ffb230>,4,20,[12  2],5,100,120,95,91
1,<environment.Job instance at 0x7fd4611664b0>,14,20,[14  2],15,120,140,105,112
1,<environment.Job instance at 0x7fd417431910>,20,22,[ 4 14],21,161,183,140,161
1,<environment.Job instance at 0x7fd417431050>,23,19,[ 3 14],24,183,202,159,174
1,<environment.Job instance at 0x7fd417431050>,2,13,[14  1],3,5,18,2,5
1,<environment.Job instance at 0x7fd4172d0af0>,4,21,[ 2 12],5,18,39,13,10
1,<environment.Job instance at 0x7fd4172f2190>,9,21,[9 2],10,20,41,10,20
1,<environment.Job instance at 0x7fd4172f25f0>,8,12,[8 5],9,41,53,32,27
1,<environment.Job instance at 0x7fd4616256e0>,11,16,[ 5 11],12,53,69,41,41
1,<environment.Job instance at 0x7fd4172f2690>,12,22,[ 1 14],13,69,91,56,62
1,<environment.Job instance at 0x7fd4174316e0>,1,15,[14  5],2,91,106,89,77
1,<environment.Job instance at 0x7fd416dda9b0>,14,25,[ 3 14],15,106,131,91,102
1,<environment.Job instance at 0x7fd4172f2f50>,15,28,[2 8],16,131,159,115,130
1,<environment.Job instance at 0x7fd461a5acd0>,13,16,[6 3],14,131,147,117,130
1,<environment.Job instance at 0x7fd4175d1cd0>,16,21,[ 5 14],17,159,180,142,151
1,<environment.Job instance at 0x7fd4619d05a0>,20,12,[ 3 12],21,180,192,159,170
1,<environment.Job instance at 0x7fd4619d0a00>,21,26,[7 3],22,180,206,158,179
1,<environment.Job instance at 0x7fd4172d0c30>,5,23,[ 2 12],6,192,215,186,186
1,<environment.Job instance at 0x7fd4172d0640>,7,26,[ 5 11],8,215,241,207,212
1,<environment.Job instance at 0x7fd41759ab40>,22,25,[ 1 13],23,275,300,252,275
1,<environment.Job instance at 0x7fd416d9a050>,2,12,[12  4],3,3,15,0,3
1,<environment.Job instance at 0x7fd4174043c0>,3,21,[ 2 11],4,4,25,0,4
1,<environment.Job instance at 0x7fd41710abe0>,4,23,[14  3],5,25,48,20,19
1,<environment.Job instance at 0x7fd416da2690>,11,27,[1 8],12,31,58,19,31
1,<environment.Job instance at 0x7fd416da2c30>,12,19,[ 5 14],13,58,77,45,48
1,<environment.Job instance at 0x7fd416da2c80>,13,22,[10  2],14,77,99,63,70
1,<environment.Job instance at 0x7fd41725d230>,14,27,[11  3],15,99,126,84,97
1,<environment.Job instance at 0x7fd416da2050>,10,23,[ 2 11],11,106,129,95,106
1,<environment.Job instance at 0x7fd41725d4b0>,15,26,[2 6],16,129,155,113,126
1,<environment.Job instance at 0x7fd460dec410>,6,14,[5 9],7,129,143,122,127
1,<environment.Job instance at 0x7fd461658050>,20,19,[4 9],21,143,162,122,138
1,<environment.Job instance at 0x7fd417263230>,21,12,[10  2],22,155,167,133,138
1,<environment.Job instance at 0x7fd461658910>,22,26,[13  5],23,167,193,144,164
1,<environment.Job instance at 0x7fd4616f28c0>,24,19,[9 4],25,193,212,168,188
1,<environment.Job instance at 0x7fd41759f690>,26,18,[6 4],27,193,211,166,188
1,<environment.Job instance at 0x7fd416f6f690>,28,15,[13  2],29,212,227,183,198
1,<environment.Job instance at 0x7fd41759f7d0>,29,17,[11  1],30,227,244,197,215
1,<environment.Job instance at 0x7fd41725d320>,18,25,[14  2],19,244,269,225,240
1,<environment.Job instance at 0x7fd460dec8c0>,7,19,[11  1],8,269,288,261,261
1,<environment.Job instance at 0x7fd417204dc0>,34,23,[1 6],35,266,289,231,266
1,<environment.Job instance at 0x7fd461781aa0>,1,26,[ 4 10],2,2,28,0,2
1,<environment.Job instance at 0x7fd417204dc0>,5,25,[7 3],6,7,32,1,7
1,<environment.Job instance at 0x7fd416d68320>,0,17,[12  4],1,32,49,31,28
1,<environment.Job instance at 0x7fd4172f70a0>,7,12,[ 3 14],8,49,61,41,32
1,<environment.Job instance at 0x7fd41759ab90>,8,27,[1 5],9,61,88,52,59
1,<environment.Job instance at 0x7fd460e39aa0>,9,17,[ 1 11],10,88,105,78,76
1,<environment.Job instance at 0x7fd4175b55f0>,10,20,[2 9],11,105,125,94,96
1,<environment.Job instance at 0x7fd4175b5730>,11,17,[ 2 13],12,125,142,113,113
1,<environment.Job instance at 0x7fd4175b5460>,12,27,[12  4],13,142,169,129,140
1,<environment.Job instance at 0x7fd416e83280>,14,12,[ 1 12],15,169,181,154,152
1,<environment.Job instance at 0x7fd416e831e0>,16,12,[ 5 12],17,181,193,164,170
1,<environment.Job instance at 0x7fd461658550>,3,14,[ 5 12],4,193,207,189,181
1,<environment.Job instance at 0x7fd416e83050>,18,15,[1 6],19,207,222,188,195
1,<environment.Job instance at 0x7fd416d9ad70>,6,18,[11  5],7,207,225,200,196
1,<environment.Job instance at 0x7fd416e83b40>,19,14,[12  4],20,225,239,205,210
1,<environment.Job instance at 0x7fd460dd4dc0>,22,12,[14  4],23,239,251,216,229
1,<environment.Job instance at 0x7fd460dd45f0>,23,15,[7 4],24,251,266,227,240
1,<environment.Job instance at 0x7fd416f4ca00>,2,20,[ 4 11],3,251,271,248,246
1,<environment.Job instance at 0x7fd416e83140>,17,14,[14  1],18,271,285,253,256
1,<environment.Job instance at 0x7fd41722f3c0>,25,13,[1 7],26,271,284,245,267
1,<environment.Job instance at 0x7fd41721e4b0>,0,18,[14  3],1,3,21,2,3
1,<environment.Job instance at 0x7fd41721eaf0>,5,18,[ 5 11],6,21,39,15,12
1,<environment.Job instance at 0x7fd41721ecd0>,7,17,[12  5],8,39,56,31,29
1,<environment.Job instance at 0x7fd41721e0a0>,10,14,[12  4],11,56,70,45,46
1,<environment.Job instance at 0x7fd41721e5f0>,4,23,[ 2 11],5,56,79,51,50
1,<environment.Job instance at 0x7fd417468a00>,14,20,[10  4],15,70,90,55,68
1,<environment.Job instance at 0x7fd461022640>,4,21,[6 5],5,5,26,0,5
1,<environment.Job instance at 0x7fd461022be0>,5,18,[ 2 13],6,26,44,20,15
1,<environment.Job instance at 0x7fd461022780>,8,19,[ 5 10],9,44,63,35,34
1,<environment.Job instance at 0x7fd460d74d20>,14,15,[13  2],15,63,78,48,49
1,<environment.Job instance at 0x7fd4175e1fa0>,2,19,[12  1],3,78,97,75,68
1,<environment.Job instance at 0x7fd460d74910>,17,25,[2 6],18,75,100,57,75
1,<environment.Job instance at 0x7fd461022460>,3,26,[4 7],4,97,123,93,94
1,<environment.Job instance at 0x7fd460d74b40>,20,15,[6 3],21,100,115,79,95
1,<environment.Job instance at 0x7fd460d740f0>,21,15,[3 9],22,123,138,101,109
1,<environment.Job instance at 0x7fd460d74870>,23,21,[11  5],24,119,140,95,119
1,<environment.Job instance at 0x7fd417333f00>,24,12,[13  2],25,140,152,115,124
1,<environment.Job instance at 0x7fd417333dc0>,27,24,[12  2],28,152,176,124,147
1,<environment.Job instance at 0x7fd417333c30>,29,23,[8 5],30,176,199,146,171
1,<environment.Job instance at 0x7fd417333140>,30,18,[11  4],31,199,217,168,192
1,<environment.Job instance at 0x7fd4173335f0>,32,14,[3 6],33,202,216,169,202
1,<environment.Job instance at 0x7fd4173334b0>,25,13,[ 5 13],26,217,230,191,214
1,<environment.Job instance at 0x7fd460d743c0>,12,28,[9 1],13,220,248,207,220
1,<environment.Job instance at 0x7fd417333460>,33,25,[4 6],34,230,255,196,229
1,<environment.Job instance at 0x7fd460d74c80>,15,17,[12  3],16,255,272,239,244
1,<environment.Job instance at 0x7fd4610225f0>,0,27,[ 3 14],1,1,28,0,1
1,<environment.Job instance at 0x7fd417333640>,1,20,[5 6],2,28,48,26,19
1,<environment.Job instance at 0x7fd4619a32d0>,6,18,[ 4 13],7,48,66,41,37
1,<environment.Job instance at 0x7fd4619a3640>,7,12,[ 5 12],8,66,78,58,51
1,<environment.Job instance at 0x7fd4613336e0>,10,19,[8 4],11,78,97,67,68
1,<environment.Job instance at 0x7fd461333fa0>,11,23,[12  3],12,97,120,85,91
1,<environment.Job instance at 0x7fd461333af0>,14,12,[13  4],15,120,132,105,108
1,<environment.Job instance at 0x7fd460fa4690>,15,23,[4 5],16,132,155,116,126
1,<environment.Job instance at 0x7fd460ef8f00>,3,25,[13  4],4,155,180,151,151
1,<environment.Job instance at 0x7fd460fa4780>,17,20,[7 5],18,180,200,162,173
1,<environment.Job instance at 0x7fd460fa4e10>,19,26,[4 6],20,180,206,160,177
1,<environment.Job instance at 0x7fd460fa47d0>,20,21,[5 2],21,200,221,179,199
1,<environment.Job instance at 0x7fd460e64780>,2,27,[ 5 13],3,207,234,204,207
1,<environment.Job instance at 0x7fd460fa48c0>,23,12,[ 2 13],24,234,246,210,217
1,<environment.Job instance at 0x7fd460fa4460>,24,19,[ 4 11],25,246,265,221,240
1,<environment.Job instance at 0x7fd4170db7d0>,25,12,[3 6],26,265,277,239,251
1,<environment.Job instance at 0x7fd460fa4550>,26,12,[11  1],27,256,268,229,256
1,<environment.Job instance at 0x7fd4612a0730>,27,13,[7 4],28,268,281,240,256
1,<environment.Job instance at 0x7fd460dd8be0>,1,27,[4 6],2,2,29,0,2
1,<environment.Job instance at 0x7fd460dd8fa0>,2,14,[14  1],3,29,43,26,14
1,<environment.Job instance at 0x7fd460dd8f00>,7,25,[11  4],8,43,68,35,39
1,<environment.Job instance at 0x7fd460dd88c0>,8,21,[2 6],9,44,65,35,44
1,<environment.Job instance at 0x7fd460f68c30>,11,27,[ 1 11],12,65,92,53,63
1,<environment.Job instance at 0x7fd460f68a00>,13,26,[11  2],14,68,94,54,65
1,<environment.Job instance at 0x7fd460f68aa0>,16,24,[9 2],17,94,118,77,89
1,<environment.Job instance at 0x7fd4610730f0>,17,27,[ 5 14],18,118,145,100,116
1,<environment.Job instance at 0x7fd461073a00>,19,20,[ 2 13],20,145,165,125,136
1,<environment.Job instance at 0x7fd461073aa0>,20,26,[ 4 14],21,165,191,144,162
1,<environment.Job instance at 0x7fd461073280>,22,16,[ 1 11],23,191,207,168,178
1,<environment.Job instance at 0x7fd461073140>,23,15,[14  5],24,207,222,183,194
1,<environment.Job instance at 0x7fd461073d20>,24,17,[13  1],25,222,239,197,211
1,<environment.Job instance at 0x7fd4610734b0>,25,23,[ 4 11],26,239,262,213,233
1,<environment.Job instance at 0x7fd461073b40>,26,21,[ 5 14],27,262,283,235,254
1,<environment.Job instance at 0x7fd461073c30>,27,17,[13  3],28,283,300,255,272
1,<environment.Job instance at 0x7fd460d14cd0>,0,24,[11  5],1,1,25,0,1
1,<environment.Job instance at 0x7fd461073fa0>,1,25,[2 7],2,12,37,10,12
1,<environment.Job instance at 0x7fd417263870>,9,21,[12  3],10,25,46,15,17
1,<environment.Job instance at 0x7fd417263dc0>,10,27,[ 5 12],11,46,73,35,44
1,<environment.Job instance at 0x7fd4175555a0>,15,13,[14  1],16,73,86,57,57
1,<environment.Job instance at 0x7fd460f5c410>,16,26,[11  5],17,86,112,69,83
1,<environment.Job instance at 0x7fd4612cfc80>,17,14,[ 2 13],18,112,126,94,100
1,<environment.Job instance at 0x7fd4610582d0>,18,13,[14  5],19,126,139,107,110
1,<environment.Job instance at 0x7fd417540b90>,12,16,[ 2 13],13,139,155,126,130
1,<environment.Job instance at 0x7fd461113050>,19,18,[12  4],20,155,173,135,144
1,<environment.Job instance at 0x7fd4172631e0>,3,21,[ 3 14],4,173,194,169,165
1,<environment.Job instance at 0x7fd460fe12d0>,22,23,[13  4],23,194,217,171,188
1,<environment.Job instance at 0x7fd416f4e5f0>,24,18,[ 1 12],25,217,235,192,206
1,<environment.Job instance at 0x7fd460ef9e60>,25,23,[9 4],26,235,258,209,229
1,<environment.Job instance at 0x7fd460ef9c30>,26,26,[ 1 10],27,235,261,208,232
1,<environment.Job instance at 0x7fd460ef9280>,23,16,[ 3 10],24,261,277,237,248
1,<environment.Job instance at 0x7fd460e35eb0>,28,21,[12  5],29,258,279,229,250
1,<environment.Job instance at 0x7fd460e35960>,27,18,[13  5],28,279,297,251,268
1,<environment.Job instance at 0x7fd461333b40>,1,21,[13  2],2,2,23,0,2
1,<environment.Job instance at 0x7fd417540cd0>,2,23,[14  5],3,23,46,20,17
1,<environment.Job instance at 0x7fd461896550>,10,18,[ 5 14],11,46,64,35,35
1,<environment.Job instance at 0x7fd461a28640>,12,23,[13  3],13,64,87,51,58
1,<environment.Job instance at 0x7fd46116fc30>,13,18,[ 2 12],14,66,84,52,66
1,<environment.Job instance at 0x7fd46116f500>,14,28,[11  1],15,87,115,72,86
1,<environment.Job instance at 0x7fd461a28140>,15,21,[6 5],16,115,136,99,107
1,<environment.Job instance at 0x7fd4616883c0>,16,12,[13  5],17,136,148,119,119
1,<environment.Job instance at 0x7fd4616889b0>,18,27,[ 2 14],19,148,175,129,146
1,<environment.Job instance at 0x7fd4616a42d0>,20,15,[ 4 11],21,175,190,154,161
1,<environment.Job instance at 0x7fd41702d0f0>,21,15,[13  5],22,190,205,168,176
1,<environment.Job instance at 0x7fd41702d140>,22,13,[14  4],23,205,218,182,191
1,<environment.Job instance at 0x7fd460f18870>,24,25,[14  4],25,218,243,193,214
1,<environment.Job instance at 0x7fd4173df280>,25,19,[13  5],26,243,262,217,233
1,<environment.Job instance at 0x7fd417181280>,26,26,[10  2],27,262,288,235,259
1,<environment.Job instance at 0x7fd4171acaa0>,29,26,[2 9],30,265,291,235,265
1,<environment.Job instance at 0x7fd46166a5a0>,0,26,[13  5],1,1,27,0,1
1,<environment.Job instance at 0x7fd46166a910>,1,16,[ 1 13],2,27,43,25,14
1,<environment.Job instance at 0x7fd461a7b870>,7,28,[9 2],8,27,55,19,26
1,<environment.Job instance at 0x7fd461a7bdc0>,8,28,[12  3],9,55,83,46,54
1,<environment.Job instance at 0x7fd46166a0a0>,5,14,[13  2],6,83,97,77,72
1,<environment.Job instance at 0x7fd461a7b410>,9,20,[5 6],10,97,117,87,88
1,<environment.Job instance at 0x7fd46166ae10>,2,25,[4 9],3,97,122,94,93
1,<environment.Job instance at 0x7fd461a7b690>,15,12,[11  4],16,117,129,101,102
1,<environment.Job instance at 0x7fd461a7baa0>,18,21,[1 7],19,122,143,103,114
1,<environment.Job instance at 0x7fd461a7bf00>,20,28,[ 1 11],21,143,171,122,142
1,<environment.Job instance at 0x7fd461a7b7d0>,21,22,[8 3],22,142,164,120,142
1,<environment.Job instance at 0x7fd461a7bf50>,22,28,[14  4],23,164,192,141,163
1,<environment.Job instance at 0x7fd461a7b820>,23,27,[13  4],24,192,219,168,190
1,<environment.Job instance at 0x7fd461a7b3c0>,24,12,[ 5 11],25,219,231,194,206
1,<environment.Job instance at 0x7fd46196f280>,26,17,[14  2],27,231,248,204,219
1,<environment.Job instance at 0x7fd46196f550>,27,17,[ 1 12],28,231,248,203,230
1,<environment.Job instance at 0x7fd46196f1e0>,29,22,[ 3 14],30,248,270,218,241
1,<environment.Job instance at 0x7fd46196ffa0>,30,15,[ 2 11],31,270,285,239,256
1,<environment.Job instance at 0x7fd461821230>,1,13,[11  1],2,2,15,0,2
1,<environment.Job instance at 0x7fd4615c0730>,2,26,[ 1 13],3,3,29,0,3
1,<environment.Job instance at 0x7fd461549b90>,3,13,[ 1 13],4,29,42,25,13
1,<environment.Job instance at 0x7fd461631550>,9,20,[3 9],10,42,62,32,33
1,<environment.Job instance at 0x7fd4616314b0>,11,24,[4 5],12,42,66,30,37
1,<environment.Job instance at 0x7fd461967d20>,13,12,[13  3],14,66,78,52,49
1,<environment.Job instance at 0x7fd4619674b0>,14,25,[ 5 10],15,78,103,63,74
1,<environment.Job instance at 0x7fd4619677d0>,17,15,[ 3 14],18,103,118,85,89
1,<environment.Job instance at 0x7fd461967500>,19,27,[13  4],20,118,145,98,116
1,<environment.Job instance at 0x7fd461759280>,22,15,[ 4 14],23,145,160,122,131
1,<environment.Job instance at 0x7fd460f27e60>,23,12,[ 1 14],24,160,172,136,143
1,<environment.Job instance at 0x7fd4172855a0>,24,20,[ 1 12],25,172,192,147,163
1,<environment.Job instance at 0x7fd4172b3d70>,27,14,[ 4 12],28,192,206,164,177
1,<environment.Job instance at 0x7fd461759870>,29,25,[ 1 14],30,206,231,176,202
1,<environment.Job instance at 0x7fd416d5d410>,30,14,[11  5],31,231,245,200,216
1,<environment.Job instance at 0x7fd416d5d550>,32,23,[ 4 13],33,245,268,212,239
1,<environment.Job instance at 0x7fd4612cd820>,33,19,[11  1],34,245,264,211,239
1,<environment.Job instance at 0x7fd416dc1410>,34,26,[11  4],35,268,294,233,265
1,<environment.Job instance at 0x7f142bcb5410>,1,22,[11  3],2,2,24,0,2
1,<environment.Job instance at 0x7f142bcb55f0>,2,22,[4 8],3,3,25,0,3
1,<environment.Job instance at 0x7f14248a89b0>,3,26,[11  4],4,24,50,20,21
1,<environment.Job instance at 0x7f14248a8960>,5,24,[1 5],6,25,49,19,21
1,<environment.Job instance at 0x7f14248a8e60>,8,22,[14  3],9,50,72,41,43
1,<environment.Job instance at 0x7f14248a8cd0>,11,26,[4 8],12,72,98,60,69
1,<environment.Job instance at 0x7f142bcb5320>,4,21,[1 6],5,71,92,66,71
1,<environment.Job instance at 0x7f14248a8d20>,13,18,[ 4 14],14,98,116,84,87
1,<environment.Job instance at 0x7f14248ab320>,15,18,[ 2 14],16,116,134,100,105
1,<environment.Job instance at 0x7f14248a8fa0>,10,18,[ 3 11],11,134,152,123,134
1,<environment.Job instance at 0x7f14248ab3c0>,16,16,[ 3 11],17,240,256,223,240
1,<environment.Job instance at 0x7f14248ab640>,20,27,[13  5],21,256,283,235,254
1,<environment.Job instance at 0x7f14248ab7d0>,21,26,[ 5 12],22,283,309,261,280
1,<environment.Job instance at 0x7f14248b1aa0>,0,23,[ 1 11],1,1,24,0,1
1,<environment.Job instance at 0x7f14248ab690>,1,21,[ 5 13],2,24,45,22,16
1,<environment.Job instance at 0x7f142be2b410>,6,21,[7 4],7,45,66,38,37
1,<environment.Job instance at 0x7f142be2ba50>,8,20,[ 3 12],9,66,86,57,57
1,<environment.Job instance at 0x7f142be2b2d0>,9,13,[ 3 12],10,86,99,76,71
1,<environment.Job instance at 0x7f142be2b320>,10,21,[12  2],11,71,92,60,71
1,<environment.Job instance at 0x7f142be2ccd0>,11,28,[5 1],12,92,120,80,91
1,<environment.Job instance at 0x7f142be2c550>,12,24,[9 2],13,99,123,86,94
1,<environment.Job instance at 0x7f142be2ceb0>,13,25,[3 8],14,120,145,106,116
1,<environment.Job instance at 0x7f142be2c410>,14,27,[1 6],15,123,150,108,121
1,<environment.Job instance at 0x7f142be2c230>,15,14,[ 4 11],16,150,164,134,139
1,<environment.Job instance at 0x7f142be2ce60>,19,13,[9 4],20,156,169,136,156
1,<environment.Job instance at 0x7f142be2cb40>,23,20,[13  1],24,169,189,145,165
1,<environment.Job instance at 0x7f142be2e640>,24,18,[ 3 14],25,189,207,164,178
1,<environment.Job instance at 0x7f142be2e320>,25,25,[ 5 14],26,207,232,181,203
1,<environment.Job instance at 0x7f142be2e2d0>,26,26,[12  1],27,232,258,205,229
1,<environment.Job instance at 0x7f142be29be0>,27,28,[ 3 10],28,232,260,204,232
1,<environment.Job instance at 0x7f142be294b0>,30,14,[ 2 13],31,260,274,229,245
1,<environment.Job instance at 0x7f142be29190>,31,20,[8 2],32,258,278,226,249
1,<environment.Job instance at 0x7f142be29230>,32,21,[10  1],33,278,299,245,270
1,<environment.Job instance at 0x7f14248b1eb0>,0,19,[13  1],1,2,21,1,2
1,<environment.Job instance at 0x7f142be290f0>,2,22,[14  4],3,21,43,18,14
1,<environment.Job instance at 0x7f13e0bcd050>,6,26,[13  4],7,43,69,36,40
1,<environment.Job instance at 0x7f13e0bcde10>,11,25,[6 1],12,69,94,57,65
1,<environment.Job instance at 0x7f13e0bcdaa0>,12,28,[6 2],13,69,97,56,69
1,<environment.Job instance at 0x7f13e0bcdb40>,13,24,[6 4],14,94,118,80,89
1,<environment.Job instance at 0x7f13e0bcd5f0>,15,25,[ 3 12],16,118,143,102,114
1,<environment.Job instance at 0x7f13e0bcda00>,16,26,[13  5],17,143,169,126,140
1,<environment.Job instance at 0x7f13e0bcd0f0>,17,28,[1 9],18,146,174,128,146
1,<environment.Job instance at 0x7f13e0bcdb90>,18,13,[14  1],19,169,182,150,154
1,<environment.Job instance at 0x7f13e0bcdd20>,19,28,[ 2 10],20,182,210,162,181
1,<environment.Job instance at 0x7f13e0b7d5a0>,21,25,[ 3 14],22,210,235,188,206
1,<environment.Job instance at 0x7f13e0b7d780>,22,13,[12  5],23,235,248,212,220
1,<environment.Job instance at 0x7f13e0b7d2d0>,23,20,[ 4 10],24,248,268,224,239
1,<environment.Job instance at 0x7f14248b1690>,1,13,[7 4],2,248,261,246,243
1,<environment.Job instance at 0x7f142be29230>,3,14,[11  5],4,261,275,257,249
1,<environment.Job instance at 0x7f13e0b7d8c0>,27,16,[ 1 14],28,275,291,247,265
1,<environment.Job instance at 0x7f13e106c230>,2,20,[13  3],3,4,24,1,4
1,<environment.Job instance at 0x7f13e106c460>,3,21,[ 4 12],4,24,45,20,18
1,<environment.Job instance at 0x7f13e1066640>,8,12,[14  5],9,45,57,36,28
1,<environment.Job instance at 0x7f13e1066960>,9,16,[12  3],10,57,73,47,51
1,<environment.Job instance at 0x7f13e1066d20>,11,28,[2 8],12,57,85,45,56
1,<environment.Job instance at 0x7f13e106c5f0>,7,21,[11  4],8,81,102,73,81
1,<environment.Job instance at 0x7f13e106c050>,6,27,[2 9],7,91,118,84,91
1,<environment.Job instance at 0x7f13e106c690>,5,27,[5 9],6,118,145,112,116
1,<environment.Job instance at 0x7f13e1066b40>,16,27,[12  4],17,145,172,128,144
1,<environment.Job instance at 0x7f13e1066aa0>,17,27,[14  3],18,211,238,193,211
1,<environment.Job instance at 0x7f13ed963500>,19,14,[ 1 12],20,213,227,193,213
1,<environment.Job instance at 0x7f13e1066f00>,20,14,[2 7],21,238,252,217,223
1,<environment.Job instance at 0x7f13e1066c30>,21,14,[13  5],22,238,252,216,231
1,<environment.Job instance at 0x7f13e0f6c820>,22,25,[11  2],23,252,277,229,249
1,<environment.Job instance at 0x7f13e0f6c320>,23,14,[12  2],24,277,291,253,262
1,<environment.Job instance at 0x7f13e106ceb0>,0,20,[13  5],1,1,21,0,1
1,<environment.Job instance at 0x7f13e0bf5190>,3,21,[12  3],4,21,42,17,13
1,<environment.Job instance at 0x7f13e0bf5320>,7,22,[14  1],8,42,64,34,36
1,<environment.Job instance at 0x7f142bce2910>,8,25,[7 3],9,64,89,55,60
1,<environment.Job instance at 0x7f13e0bf5af0>,5,28,[ 4 11],6,64,92,58,63
1,<environment.Job instance at 0x7f13e1089550>,9,27,[ 4 13],10,95,122,85,95
1,<environment.Job instance at 0x7f13e0b84eb0>,12,14,[5 5],13,122,136,109,116
1,<environment.Job instance at 0x7f13e0b84050>,13,16,[14  1],14,136,152,122,135
1,<environment.Job instance at 0x7f13e0b840f0>,14,27,[ 1 10],15,142,169,127,142
1,<environment.Job instance at 0x7f13e0b84320>,15,19,[9 4],16,164,183,148,164
1,<environment.Job instance at 0x7f13e0b84460>,16,19,[13  1],17,183,202,166,178
1,<environment.Job instance at 0x7f13e0b847d0>,17,15,[12  2],18,202,217,184,202
1,<environment.Job instance at 0x7f13e0b84870>,18,20,[11  2],19,217,237,198,214
1,<environment.Job instance at 0x7f13e0b84190>,19,25,[ 2 13],20,224,249,204,224
1,<environment.Job instance at 0x7f13e0b84960>,11,12,[11  1],12,237,249,225,227
1,<environment.Job instance at 0x7f13e0f6c5a0>,1,24,[14  3],2,249,273,247,244
1,<environment.Job instance at 0x7f13e0f73410>,23,15,[ 2 13],24,273,288,249,259
1,<environment.Job instance at 0x7f13e0fdc500>,24,13,[ 5 14],25,288,301,263,272
1,<environment.Job instance at 0x7f142bce2230>,0,25,[6 3],1,1,26,0,1
1,<environment.Job instance at 0x7f142bce2a50>,1,20,[11  1],2,26,46,24,17
1,<environment.Job instance at 0x7f14249c3910>,6,26,[ 1 13],7,26,52,19,23
1,<environment.Job instance at 0x7f13e1145a50>,7,22,[3 9],8,52,74,44,45
1,<environment.Job instance at 0x7f13e1145730>,8,16,[11  1],9,46,62,37,46
1,<environment.Job instance at 0x7f13e1145280>,9,14,[14  2],10,74,88,64,59
1,<environment.Job instance at 0x7f13e1145be0>,10,22,[5 9],11,88,110,77,81
1,<environment.Job instance at 0x7f13e1145cd0>,11,15,[ 2 11],12,110,125,98,96
1,<environment.Job instance at 0x7f142bce2d70>,3,13,[12  4],4,110,123,106,96
1,<environment.Job instance at 0x7f142bce2a00>,2,17,[9 4],3,123,140,120,111
1,<environment.Job instance at 0x7f14249c3410>,5,13,[ 1 13],6,140,153,134,125
1,<environment.Job instance at 0x7f13e1145410>,17,16,[11  2],18,140,156,122,132
1,<environment.Job instance at 0x7f13e1145190>,12,16,[11  1],13,156,172,143,143
1,<environment.Job instance at 0x7f13e11454b0>,16,24,[2 7],17,153,177,136,148
1,<environment.Job instance at 0x7f13e1145c30>,19,20,[12  3],20,172,192,152,163
1,<environment.Job instance at 0x7f13e1145050>,22,18,[12  1],23,192,210,169,181
1,<environment.Job instance at 0x7f13e1145d70>,18,22,[ 2 12],19,192,214,173,192
1,<environment.Job instance at 0x7f1428ed2e10>,26,17,[ 1 12],27,214,231,187,202
1,<environment.Job instance at 0x7f1428ed2b40>,27,21,[5 9],28,231,252,203,223
1,<environment.Job instance at 0x7f1428ed2c30>,28,18,[ 2 14],29,252,270,223,241
1,<environment.Job instance at 0x7f1428ed23c0>,29,24,[11  1],30,252,276,222,247
1,<environment.Job instance at 0x7f1428ed2190>,31,24,[12  5],32,276,300,244,271
1,<environment.Job instance at 0x7f142bce2780>,0,12,[ 3 14],1,1,13,0,1
1,<environment.Job instance at 0x7f1428ed2cd0>,1,21,[4 8],2,13,34,11,5
1,<environment.Job instance at 0x7f1424af4320>,6,28,[6 1],7,7,35,0,7
1,<environment.Job instance at 0x7f14247e8a50>,10,25,[12  4],11,35,60,24,31
1,<environment.Job instance at 0x7f1424af4e60>,11,20,[ 3 14],12,60,80,48,51
1,<environment.Job instance at 0x7f14247e8780>,12,13,[ 3 14],13,80,93,67,64
1,<environment.Job instance at 0x7f142bce2e10>,4,18,[8 3],5,93,111,88,91
1,<environment.Job instance at 0x7f1428ed2190>,2,15,[ 4 12],3,93,108,90,92
1,<environment.Job instance at 0x7f14247e8dc0>,16,20,[12  3],17,111,131,94,102
1,<environment.Job instance at 0x7f142bce2640>,3,21,[ 3 14],4,131,152,127,125
1,<environment.Job instance at 0x7f14247e85a0>,19,25,[1 6],20,152,177,132,150
1,<environment.Job instance at 0x7f14294327d0>,20,17,[12  4],21,153,170,132,153
1,<environment.Job instance at 0x7f14247e8aa0>,14,24,[8 4],15,170,194,155,168
1,<environment.Job instance at 0x7f1429432730>,21,26,[1 9],22,177,203,155,174
1,<environment.Job instance at 0x7f1429432af0>,23,18,[14  2],24,194,212,170,186
1,<environment.Job instance at 0x7f1424b78cd0>,24,25,[13  3],25,218,243,193,218
1,<environment.Job instance at 0x7f1424b78690>,25,15,[8 5],26,243,258,217,229
1,<environment.Job instance at 0x7f1424b782d0>,26,23,[12  4],27,258,281,231,253
1,<environment.Job instance at 0x7f14247e8c30>,0,22,[ 4 14],1,1,23,0,1
1,<environment.Job instance at 0x7f1424c81eb0>,3,19,[ 3 14],4,23,42,19,16
1,<environment.Job instance at 0x7f1428f7de60>,6,21,[ 5 11],7,42,63,35,34
1,<environment.Job instance at 0x7f1428f7d410>,7,20,[ 2 12],8,63,83,55,54
1,<environment.Job instance at 0x7f1428f7d550>,8,23,[ 4 11],9,83,106,74,81
1,<environment.Job instance at 0x7f13e10a9230>,9,16,[ 3 14],10,106,122,96,94
1,<environment.Job instance at 0x7f1424c68050>,10,23,[ 3 13],11,122,145,111,116
1,<environment.Job instance at 0x7f1429502af0>,11,21,[14  4],12,145,166,133,137
1,<environment.Job instance at 0x7f13e0e19230>,13,24,[ 3 10],14,166,190,152,161
1,<environment.Job instance at 0x7f1424946870>,14,20,[10  4],15,166,186,151,161
1,<environment.Job instance at 0x7f1424946f50>,15,16,[6 3],16,186,202,170,173
1,<environment.Job instance at 0x7f1424b61050>,16,14,[5 7],17,190,204,173,177
1,<environment.Job instance at 0x7f13e0e19a50>,17,18,[4 7],18,202,220,184,192
1,<environment.Job instance at 0x7f1424b61910>,18,14,[ 1 14],19,220,234,201,209
1,<environment.Job instance at 0x7f1424667b40>,1,20,[11  4],2,234,254,232,225
1,<environment.Job instance at 0x7f1424d4edc0>,20,27,[7 4],21,254,281,233,252
1,<environment.Job instance at 0x7f13e0c285f0>,22,14,[12  4],23,281,295,258,267
1,<environment.Job instance at 0x7f13e0ce3640>,23,12,[10  3],24,295,307,271,278
1,<environment.Job instance at 0x7f1429374500>,0,20,[13  5],1,2,22,1,2
1,<environment.Job instance at 0x7f1429374eb0>,3,24,[11  3],4,22,46,18,17
1,<environment.Job instance at 0x7f1429374140>,7,23,[13  3],8,46,69,38,40
1,<environment.Job instance at 0x7f1424a2c230>,12,24,[13  3],13,69,93,56,64
1,<environment.Job instance at 0x7f1424a2c5f0>,14,25,[12  2],15,93,118,78,89
1,<environment.Job instance at 0x7f14293745a0>,1,27,[1 8],2,90,117,88,90
1,<environment.Job instance at 0x7f1424a2c6e0>,15,25,[14  1],16,118,143,102,114
1,<environment.Job instance at 0x7f1424a2c1e0>,18,23,[14  2],19,143,166,124,137
1,<environment.Job instance at 0x7f142bbd2aa0>,22,12,[12  4],23,166,178,143,150
1,<environment.Job instance at 0x7f142bbd2cd0>,23,21,[ 2 11],24,166,187,142,158
1,<environment.Job instance at 0x7f142bbd2b90>,25,25,[9 2],26,178,203,152,174
1,<environment.Job instance at 0x7f13e10a78c0>,28,12,[2 5],29,187,199,158,184
1,<environment.Job instance at 0x7f13e10a70f0>,29,16,[6 5],30,199,215,169,193
1,<environment.Job instance at 0x7f13e0ce3640>,4,18,[13  3],5,215,233,210,206
1,<environment.Job instance at 0x7f13e10a73c0>,30,23,[ 2 11],31,215,238,184,210
1,<environment.Job instance at 0x7f13e10a7280>,33,22,[10  2],34,233,255,199,226
1,<environment.Job instance at 0x7f13e10a7370>,32,19,[ 5 14],33,255,274,222,249
1,<environment.Job instance at 0x7f1424dc2fa0>,0,16,[11  2],1,2,18,1,2
1,<environment.Job instance at 0x7f1424dc26e0>,2,22,[ 5 13],3,18,40,15,11
1,<environment.Job instance at 0x7f13e09977d0>,7,27,[ 5 10],8,40,67,32,38
1,<environment.Job instance at 0x7f1424c81f00>,8,20,[ 3 13],9,67,87,58,58
1,<environment.Job instance at 0x7f1424dc29b0>,5,25,[7 1],6,58,83,52,58
1,<environment.Job instance at 0x7f142496a0a0>,11,26,[ 4 10],12,87,113,75,84
1,<environment.Job instance at 0x7f142496ae10>,12,20,[ 4 11],13,113,133,100,104
1,<environment.Job instance at 0x7f142496af00>,13,14,[ 5 12],14,133,147,119,133
1,<environment.Job instance at 0x7f142496a6e0>,15,25,[7 3],16,133,158,117,133
1,<environment.Job instance at 0x7f1429378cd0>,18,27,[1 5],19,158,185,139,158
1,<environment.Job instance at 0x7f142496a280>,10,17,[12  4],11,158,175,147,158
1,<environment.Job instance at 0x7f142496a9b0>,16,18,[11  5],17,175,193,158,168
1,<environment.Job instance at 0x7f13e1082780>,21,17,[ 2 13],22,193,210,171,182
1,<environment.Job instance at 0x7f14247ad6e0>,22,27,[12  4],23,210,237,187,208
1,<environment.Job instance at 0x7f1428f394b0>,24,12,[ 1 12],25,237,249,212,220
1,<environment.Job instance at 0x7f13e0d51910>,26,12,[ 5 12],27,249,261,222,232
1,<environment.Job instance at 0x7f13e0d51640>,27,14,[14  1],28,261,275,233,246
1,<environment.Job instance at 0x7f1424a19230>,29,14,[12  4],30,275,289,245,260
1,<environment.Job instance at 0x7f142479f1e0>,19,17,[ 1 11],20,263,280,243,263
1,<environment.Job instance at 0x7f13e0fd61e0>,2,19,[1 7],3,4,23,1,4
1,<environment.Job instance at 0x7f13e0fdf280>,3,18,[14  3],4,4,22,0,4
1,<environment.Job instance at 0x7f13e0f16370>,5,18,[ 5 11],6,23,41,17,13
1,<environment.Job instance at 0x7f142477ddc0>,8,17,[7 1],9,22,39,13,19
1,<environment.Job instance at 0x7f142477dcd0>,7,17,[12  5],8,41,58,33,33
1,<environment.Job instance at 0x7f142477d730>,6,27,[11  5],7,63,90,56,63
1,<environment.Job instance at 0x7f1424787b90>,11,26,[5 4],12,90,116,78,89
1,<environment.Job instance at 0x7f13e0f16640>,4,23,[ 2 11],5,91,114,86,91
1,<environment.Job instance at 0x7f13e10a7eb0>,15,19,[11  4],16,116,135,100,107
1,<environment.Job instance at 0x7f142949db40>,17,16,[ 4 10],18,124,140,106,124
1,<environment.Job instance at 0x7f142949d910>,18,12,[11  4],19,135,147,116,128
1,<environment.Job instance at 0x7f142949d050>,19,17,[5 5],20,147,164,127,138
1,<environment.Job instance at 0x7f1424b0d230>,20,14,[ 3 13],21,164,178,143,150
1,<environment.Job instance at 0x7f142949df00>,16,23,[11  3],17,190,213,173,190
1,<environment.Job instance at 0x7f142477df50>,10,14,[12  4],11,213,227,202,200
1,<environment.Job instance at 0x7f13e10a1be0>,24,20,[13  1],25,227,247,202,219
1,<environment.Job instance at 0x7f1424d4ee60>,2,28,[9 1],3,3,31,0,3
1,<environment.Job instance at 0x7f1424b504b0>,6,28,[ 4 12],7,7,35,0,7
1,<environment.Job instance at 0x7f13e0e0b370>,7,25,[2 6],8,35,60,27,31
1,<environment.Job instance at 0x7f13e0d93d70>,12,21,[9 5],13,35,56,22,31
1,<environment.Job instance at 0x7f142958bbe0>,13,21,[11  5],14,56,77,42,48
1,<environment.Job instance at 0x7f142958b0f0>,14,12,[13  2],15,77,89,62,60
1,<environment.Job instance at 0x7f14290390a0>,9,18,[1 9],10,60,78,50,60
1,<environment.Job instance at 0x7f142958bcd0>,17,24,[12  2],18,89,113,71,84
1,<environment.Job instance at 0x7f14246c5aa0>,5,17,[12  3],6,113,130,107,101
1,<environment.Job instance at 0x7f13e10a1be0>,4,15,[13  2],5,130,145,125,127
1,<environment.Job instance at 0x7f1424da0c80>,20,18,[11  4],21,145,163,124,137
1,<environment.Job instance at 0x7f13e0be76e0>,22,14,[3 6],23,145,159,122,139
1,<environment.Job instance at 0x7f13e0be7820>,24,19,[6 1],25,163,182,138,156
1,<environment.Job instance at 0x7f142958b140>,19,23,[8 5],20,163,186,143,157
1,<environment.Job instance at 0x7f142958b230>,15,13,[ 5 13],16,186,199,170,174
1,<environment.Job instance at 0x7f13e0be7b40>,29,16,[12  4],30,199,215,169,187
1,<environment.Job instance at 0x7f13e0bbc0a0>,35,12,[ 1 14],36,215,227,179,212
1,<environment.Job instance at 0x7f13e0bbc140>,36,14,[13  4],37,227,241,190,212
1,<environment.Job instance at 0x7f13e0bbc320>,39,18,[ 3 12],40,241,259,201,230
1,<environment.Job instance at 0x7f13e0bbc3c0>,40,27,[ 3 14],41,259,286,218,257
1,<environment.Job instance at 0x7f1424b506e0>,0,21,[5 2],1,1,22,0,1
1,<environment.Job instance at 0x7f1424b50500>,1,23,[ 4 11],2,2,25,0,2
1,<environment.Job instance at 0x7f13e0d93dc0>,2,26,[ 3 14],3,25,51,22,22
1,<environment.Job instance at 0x7f13e0bc1190>,8,25,[14  5],9,51,76,42,47
1,<environment.Job instance at 0x7f13e0bc1320>,11,13,[12  5],12,76,89,64,61
1,<environment.Job instance at 0x7f13e0bc13c0>,13,16,[11  4],14,89,105,75,83
1,<environment.Job instance at 0x7f13e0bc1aa0>,14,22,[9 4],15,105,127,90,98
1,<environment.Job instance at 0x7f13e0bc17d0>,4,19,[ 4 11],5,103,122,98,103
1,<environment.Job instance at 0x7f13e0bc1280>,15,27,[12  1],16,127,154,111,125
1,<environment.Job instance at 0x7f13e0bbc3c0>,3,12,[ 2 13],4,127,139,123,127
1,<environment.Job instance at 0x7f1424970a00>,19,26,[2 7],20,140,166,120,140
1,<environment.Job instance at 0x7f13e0bc1050>,16,22,[11  5],17,154,176,137,147
1,<environment.Job instance at 0x7f13e1096910>,23,25,[4 5],24,166,191,142,162
1,<environment.Job instance at 0x7f1424970910>,24,21,[14  1],25,279,300,254,279
1,<environment.Job instance at 0x7f142936d190>,0,14,[13  2],1,2,16,1,2
1,<environment.Job instance at 0x7f1424b50aa0>,1,16,[5 1],2,16,32,14,9
1,<environment.Job instance at 0x7f1424cdba50>,2,23,[ 1 14],3,16,39,13,10
1,<environment.Job instance at 0x7f1424cdb320>,7,27,[ 2 14],8,39,66,31,37
1,<environment.Job instance at 0x7f1424cdbb90>,8,23,[3 7],9,66,89,57,60
1,<environment.Job instance at 0x7f1424cdbbe0>,4,18,[2 8],5,66,84,61,60
1,<environment.Job instance at 0x7f1424cdbc30>,3,27,[5 5],4,84,111,80,82
1,<environment.Job instance at 0x7f1424cdb3c0>,12,23,[ 3 12],13,111,134,98,105
1,<environment.Job instance at 0x7f142913b190>,13,20,[11  5],14,134,154,120,125
1,<environment.Job instance at 0x7f142913bb40>,16,26,[ 1 12],17,154,180,137,151
1,<environment.Job instance at 0x7f142913b320>,17,13,[12  3],18,154,167,136,152
1,<environment.Job instance at 0x7f1424cdb230>,6,19,[11  5],7,180,199,173,173
1,<environment.Job instance at 0x7f142913b780>,18,25,[1 5],19,180,205,161,176
1,<environment.Job instance at 0x7f142913bd20>,20,24,[11  5],21,199,223,178,194
1,<environment.Job instance at 0x7f142913bc30>,22,23,[10  4],23,223,246,200,217
1,<environment.Job instance at 0x7f1424cdb190>,11,25,[5 8],12,234,259,222,234
1,<environment.Job instance at 0x7f142913b550>,24,17,[10  5],25,246,263,221,246
1,<environment.Job instance at 0x7f142913bdc0>,23,21,[ 3 14],24,274,295,250,274
1,<environment.Job instance at 0x7f142913be10>,1,24,[14  3],2,2,26,0,2
1,<environment.Job instance at 0x7f13e097b190>,2,25,[12  1],3,26,51,23,22
1,<environment.Job instance at 0x7f14246f3be0>,7,24,[ 5 13],8,51,75,43,46
1,<environment.Job instance at 0x7f1424aa8910>,9,26,[12  4],10,75,101,65,72
1,<environment.Job instance at 0x7f1424aa88c0>,11,21,[13  2],12,101,122,89,93
1,<environment.Job instance at 0x7f1424aa8230>,12,23,[14  5],13,122,145,109,116
1,<environment.Job instance at 0x7f1424aa8370>,13,14,[14  2],14,145,159,131,130
1,<environment.Job instance at 0x7f1424aa8960>,15,22,[7 1],16,159,181,143,152
1,<environment.Job instance at 0x7f1424aa8d70>,16,28,[5 4],17,159,187,142,158
1,<environment.Job instance at 0x7f13e113b0f0>,20,18,[ 5 14],21,187,205,166,176
1,<environment.Job instance at 0x7f1429059500>,21,17,[ 3 13],22,205,222,183,193
1,<environment.Job instance at 0x7f1429059b40>,22,23,[13  3],23,222,245,199,216
1,<environment.Job instance at 0x7f1429059550>,23,18,[ 2 12],24,222,240,198,221
1,<environment.Job instance at 0x7f1429059870>,25,21,[6 5],26,245,266,219,237
1,<environment.Job instance at 0x7f142936dc80>,4,13,[ 1 13],5,266,279,261,252
1,<environment.Job instance at 0x7f1429059d20>,24,28,[11  1],25,269,297,244,269
1,<environment.Job instance at 0x7f14246f3230>,0,26,[13  5],1,1,27,0,1
1,<environment.Job instance at 0x7f1424aa8870>,1,16,[ 1 13],2,27,43,25,16
1,<environment.Job instance at 0x7f142be28730>,7,28,[9 2],8,27,55,19,26
1,<environment.Job instance at 0x7f142be286e0>,8,28,[12  3],9,55,83,46,54
1,<environment.Job instance at 0x7f142932ad70>,9,20,[5 6],10,83,103,73,74
1,<environment.Job instance at 0x7f142932ab40>,14,12,[ 3 12],15,103,115,88,93
1,<environment.Job instance at 0x7f142be281e0>,6,12,[6 1],7,93,105,86,93
1,<environment.Job instance at 0x7f142932a2d0>,15,12,[11  4],16,115,127,99,102
1,<environment.Job instance at 0x7f14246f3fa0>,2,25,[4 9],3,115,140,112,112
1,<environment.Job instance at 0x7f142be28870>,5,14,[13  2],6,140,154,134,125
1,<environment.Job instance at 0x7f142932a780>,20,28,[ 1 11],21,140,168,119,139
1,<environment.Job instance at 0x7f142be28f00>,4,14,[13  3],5,154,168,149,144
1,<environment.Job instance at 0x7f142932a910>,22,28,[14  4],23,199,227,176,199
1,<environment.Job instance at 0x7f1424bb3d20>,1,24,[4 5],2,2,26,0,2
1,<environment.Job instance at 0x7f1428e2e730>,6,14,[11  2],7,8,22,1,8
1,<environment.Job instance at 0x7f1424b842d0>,9,27,[13  4],10,26,53,16,24
1,<environment.Job instance at 0x7f1424b84690>,12,15,[ 4 14],13,53,68,40,39
1,<environment.Job instance at 0x7f1424b84aa0>,13,12,[ 1 14],14,68,80,54,51
1,<environment.Job instance at 0x7f1424b84b90>,14,20,[ 1 12],15,80,100,65,71
1,<environment.Job instance at 0x7f142956aa00>,3,12,[13  3],4,80,92,76,71
1,<environment.Job instance at 0x7f1424cd7320>,19,25,[ 1 14],20,100,125,80,96
1,<environment.Job instance at 0x7f1424cd7c80>,20,14,[11  5],21,125,139,104,111
1,<environment.Job instance at 0x7f1424cd7730>,22,23,[ 4 13],23,139,162,116,133
1,<environment.Job instance at 0x7f1424cd7370>,23,19,[11  1],24,139,158,115,134
1,<environment.Job instance at 0x7f14246ef1e0>,24,26,[11  4],25,162,188,137,159
1,<environment.Job instance at 0x7f1424cd75a0>,26,21,[2 8],27,162,183,135,160
1,<environment.Job instance at 0x7f1428f09910>,28,15,[14  4],29,188,203,159,174
1,<environment.Job instance at 0x7f14248c0190>,29,18,[ 3 14],30,203,221,173,192
1,<environment.Job instance at 0x7f14293be820>,30,28,[5 2],31,221,249,190,220
1,<environment.Job instance at 0x7f14293be460>,31,21,[ 4 12],32,221,242,189,220
1,<environment.Job instance at 0x7f1428fe32d0>,33,18,[11  5],34,249,267,215,238
1,<environment.Job instance at 0x7f13e0bee230>,35,21,[ 3 10],36,242,263,206,238
1,<environment.Job instance at 0x7f13e0bee410>,36,22,[2 6],37,263,285,226,256
1,<environment.Job instance at 0x7f13e0beeaf0>,37,21,[11  3],38,267,288,229,259
1,<environment.Job instance at 0x7f142465d5f0>,0,28,[7 5],1,1,29,0,1
1,<environment.Job instance at 0x7f1424b84050>,3,24,[8 5],4,6,30,2,6
1,<environment.Job instance at 0x7f142465d3c0>,1,22,[12  4],2,30,52,28,23
1,<environment.Job instance at 0x7f13e0d35b90>,8,25,[7 3],9,52,77,43,48
1,<environment.Job instance at 0x7f1424cd7b90>,6,23,[ 2 12],7,67,90,60,67
1,<environment.Job instance at 0x7f13e1121e60>,10,13,[11  2],11,83,96,72,83
1,<environment.Job instance at 0x7f13e1121dc0>,11,27,[5 2],12,96,123,84,94
1,<environment.Job instance at 0x7f13e1121f00>,12,17,[6 4],13,96,113,83,94
1,<environment.Job instance at 0x7f1424cb25f0>,9,23,[12  5],10,123,146,113,117
1,<environment.Job instance at 0x7f142472aaf0>,14,21,[ 3 10],15,117,138,102,117
1,<environment.Job instance at 0x7f13e1121280>,13,17,[ 4 13],14,146,163,132,135
1,<environment.Job instance at 0x7f142472ae60>,15,13,[12  5],16,163,176,147,148
1,<environment.Job instance at 0x7f142472adc0>,16,14,[ 2 12],17,176,190,159,162
1,<environment.Job instance at 0x7f1429346b40>,4,19,[13  1],5,185,204,180,185
1,<environment.Job instance at 0x7f142472ad70>,21,14,[14  1],22,204,218,182,194
1,<environment.Job instance at 0x7f142472ab90>,22,21,[1 6],23,209,230,186,209
1,<environment.Job instance at 0x7f1424d1e550>,23,15,[8 1],24,218,233,194,211
1,<environment.Job instance at 0x7f142472a4b0>,18,21,[7 1],19,230,251,211,222
1,<environment.Job instance at 0x7f13e098d1e0>,26,28,[3 9],27,233,261,206,232
1,<environment.Job instance at 0x7f13e097a960>,24,14,[5 7],25,261,275,236,247
1,<environment.Job instance at 0x7f13e0c02d20>,28,16,[12  3],29,275,291,246,264
1,<environment.Job instance at 0x7f1424c0b410>,25,20,[ 2 11],26,275,295,249,267
1,<environment.Job instance at 0x7f13e107cc30>,0,22,[ 1 14],1,1,23,0,1
1,<environment.Job instance at 0x7f142497c9b0>,8,23,[ 3 14],9,23,46,14,17
1,<environment.Job instance at 0x7f142497c370>,9,27,[ 4 13],10,46,73,36,44
1,<environment.Job instance at 0x7f142497cc30>,10,22,[12  5],11,73,95,62,66
1,<environment.Job instance at 0x7f13e107c410>,5,16,[ 3 10],6,73,89,67,73
1,<environment.Job instance at 0x7f142497c8c0>,14,14,[ 1 11],15,95,109,80,93
1,<environment.Job instance at 0x7f142497c280>,16,27,[13  1],17,95,122,78,93
1,<environment.Job instance at 0x7f142497c5a0>,17,22,[2 8],18,109,131,91,102
1,<environment.Job instance at 0x7f142497ccd0>,19,20,[4 6],20,122,142,102,113
1,<environment.Job instance at 0x7f142497c6e0>,20,23,[13  4],21,142,165,121,136
1,<environment.Job instance at 0x7f142497c640>,21,25,[ 4 12],22,165,190,143,161
1,<environment.Job instance at 0x7f142497c320>,15,27,[10  2],16,173,200,157,173
1,<environment.Job instance at 0x7f142497c3c0>,24,19,[4 7],25,190,209,165,180
1,<environment.Job instance at 0x7f13e0f86d70>,26,14,[11  3],27,200,214,173,189
1,<environment.Job instance at 0x7f13e0f862d0>,27,18,[1 9],28,209,227,181,202
1,<environment.Job instance at 0x7f13e0f86910>,28,19,[3 6],29,214,233,185,204
1,<environment.Job instance at 0x7f13e0f86eb0>,30,21,[9 1],31,227,248,196,219
1,<environment.Job instance at 0x7f13e0f86960>,31,19,[ 3 11],32,233,252,201,225
1,<environment.Job instance at 0x7f13e0f86aa0>,32,18,[5 2],33,248,266,215,237
1,<environment.Job instance at 0x7f13e0f86280>,33,16,[7 5],34,252,268,218,241
1,<environment.Job instance at 0x7f13e099a550>,35,12,[8 3],36,266,278,230,249
1,<environment.Job instance at 0x7f13e099acd0>,1,14,[ 3 11],2,8,22,6,8
1,<environment.Job instance at 0x7f1424a1a870>,9,25,[9 4],10,15,40,5,15
1,<environment.Job instance at 0x7f13e12530a0>,10,15,[13  3],11,40,55,29,26
1,<environment.Job instance at 0x7f1424b01280>,11,17,[ 1 14],12,55,72,43,43
1,<environment.Job instance at 0x7f1424b01e60>,14,15,[12  1],15,55,70,40,43
1,<environment.Job instance at 0x7f1424b01910>,15,25,[ 5 14],16,72,97,56,68
1,<environment.Job instance at 0x7f1424875c30>,17,26,[4 9],18,97,123,79,94
1,<environment.Job instance at 0x7f1424875280>,18,27,[10  5],19,97,124,78,95
1,<environment.Job instance at 0x7f1424875e60>,19,18,[11  4],20,124,142,104,113
1,<environment.Job instance at 0x7f14248756e0>,20,14,[14  4],21,142,156,121,127
1,<environment.Job instance at 0x7f14247a0be0>,21,26,[ 5 12],22,156,182,134,153
1,<environment.Job instance at 0x7f14247a0410>,24,18,[9 3],25,170,188,145,170
1,<environment.Job instance at 0x7f14247a0730>,25,16,[ 5 12],26,182,198,156,171
1,<environment.Job instance at 0x7f14247a07d0>,23,16,[13  4],24,198,214,174,185
1,<environment.Job instance at 0x7f13e1032690>,28,26,[6 4],29,214,240,185,211
1,<environment.Job instance at 0x7f1428f767d0>,29,27,[3 5],30,214,241,184,212
1,<environment.Job instance at 0x7f13e0a21370>,31,21,[4 9],32,240,261,208,232
1,<environment.Job instance at 0x7f13e09bf730>,32,14,[12  4],33,261,275,228,246
1,<environment.Job instance at 0x7f1424841b90>,33,22,[6 2],34,275,297,241,268
1,<environment.Job instance at 0x7ffb6983d140>,1,22,[11  3],2,2,24,0,2
1,<environment.Job instance at 0x7ffb6983d320>,2,22,[4 8],3,3,25,0,3
1,<environment.Job instance at 0x7ffb6242d230>,3,26,[11  4],4,24,50,20,21
1,<environment.Job instance at 0x7ffb6242d500>,5,24,[1 5],6,25,49,19,21
1,<environment.Job instance at 0x7ffb6983cf50>,4,21,[1 6],5,28,49,23,28
1,<environment.Job instance at 0x7ffb6242d7d0>,9,18,[ 2 13],10,50,68,40,39
1,<environment.Job instance at 0x7ffb6242d9b0>,12,26,[ 1 12],13,68,94,55,65
1,<environment.Job instance at 0x7ffb6242da50>,13,18,[ 4 14],14,94,112,80,83
1,<environment.Job instance at 0x7ffb6242db90>,15,18,[ 2 14],16,112,130,96,101
1,<environment.Job instance at 0x7ffb6242dcd0>,17,28,[ 5 10],18,130,158,112,129
1,<environment.Job instance at 0x7ffb6242dd70>,18,25,[ 4 13],19,158,183,139,154
1,<environment.Job instance at 0x7ffb6242de10>,19,14,[ 3 11],20,183,197,163,173
1,<environment.Job instance at 0x7ffb6242deb0>,20,27,[13  5],21,197,224,176,195
1,<environment.Job instance at 0x7ffb6242d550>,21,26,[ 5 12],22,224,250,202,221
1,<environment.Job instance at 0x7ffb6242d370>,22,13,[13  1],23,250,263,227,234
1,<environment.Job instance at 0x7ffb62432230>,24,13,[ 3 14],25,263,276,238,247
1,<environment.Job instance at 0x7ffb624322d0>,25,23,[ 3 13],26,276,299,250,270
1,<environment.Job instance at 0x7ffb62436960>,0,21,[12  2],1,1,22,0,1
1,<environment.Job instance at 0x7ffb624321e0>,1,28,[5 1],2,22,50,20,21
1,<environment.Job instance at 0x7ffb62436be0>,3,25,[3 8],4,21,46,17,21
1,<environment.Job instance at 0x7ffb699a40f0>,6,19,[4 8],7,46,65,39,36
1,<environment.Job instance at 0x7ffb699a4140>,8,12,[10  2],9,50,62,41,36
1,<environment.Job instance at 0x7ffb699a4cd0>,13,20,[13  1],14,65,85,51,56
1,<environment.Job instance at 0x7ffb699b7f50>,14,18,[ 3 14],15,85,103,70,74
1,<environment.Job instance at 0x7ffb699b79b0>,15,25,[ 5 14],16,103,128,87,99
1,<environment.Job instance at 0x7ffb699b7460>,16,26,[12  1],17,128,154,111,125
1,<environment.Job instance at 0x7ffb699b7870>,18,21,[ 1 11],19,128,149,109,125
1,<environment.Job instance at 0x7ffb699b7960>,20,14,[ 2 13],21,149,163,128,134
1,<environment.Job instance at 0x7ffb699b7320>,21,20,[8 2],22,154,174,132,145
1,<environment.Job instance at 0x7ffb699b7230>,22,21,[10  1],23,174,195,151,166
1,<environment.Job instance at 0x7ffb699b7e60>,23,16,[ 2 11],24,166,182,142,166
1,<environment.Job instance at 0x7ffb699b7140>,24,25,[4 5],25,182,207,157,178
1,<environment.Job instance at 0x7ffb699b7410>,26,28,[ 1 13],27,207,235,180,206
1,<environment.Job instance at 0x7ffb699b7730>,27,26,[ 1 11],28,235,261,207,232
1,<environment.Job instance at 0x7ffb624322d0>,2,24,[9 2],3,232,256,229,232
1,<environment.Job instance at 0x7ffb699b32d0>,32,16,[ 3 13],33,261,277,228,248
1,<environment.Job instance at 0x7ffb1e92e690>,1,25,[ 3 14],2,2,27,0,2
1,<environment.Job instance at 0x7ffb699b77d0>,2,13,[12  5],3,27,40,24,14
1,<environment.Job instance at 0x7ffb1e824b40>,7,16,[ 1 14],8,40,56,32,27
1,<environment.Job instance at 0x7ffb1e8248c0>,8,20,[ 3 14],9,56,76,47,47
1,<environment.Job instance at 0x7ffb1e701d70>,11,25,[ 1 11],12,76,101,64,72
1,<environment.Job instance at 0x7ffb1e701e10>,12,14,[14  4],13,78,92,65,78
1,<environment.Job instance at 0x7ffb1e824910>,4,17,[14  2],5,92,109,87,86
1,<environment.Job instance at 0x7ffb1e701780>,15,20,[12  4],16,109,129,93,100
1,<environment.Job instance at 0x7ffb1e7019b0>,16,14,[9 5],17,129,143,112,114
1,<environment.Job instance at 0x7ffb1e701f50>,17,26,[4 9],18,129,155,111,128
1,<environment.Job instance at 0x7ffb1e7016e0>,20,26,[5 5],21,145,171,124,145
1,<environment.Job instance at 0x7ffb1e824a00>,5,27,[4 8],6,158,185,152,158
1,<environment.Job instance at 0x7ffb1e71f0f0>,21,24,[4 7],22,171,195,149,170
1,<environment.Job instance at 0x7ffb1e71f910>,25,15,[12  5],26,195,210,169,188
1,<environment.Job instance at 0x7ffb1e701910>,18,25,[13  3],19,210,235,191,206
1,<environment.Job instance at 0x7ffb1e71f870>,28,20,[ 3 12],29,235,255,206,228
1,<environment.Job instance at 0x7ffb1e701eb0>,14,23,[13  2],15,255,278,240,249
1,<environment.Job instance at 0x7ffb1e71fe60>,30,16,[12  5],31,278,294,247,266
1,<environment.Job instance at 0x7ffb698c4730>,0,25,[7 2],1,1,26,0,1
1,<environment.Job instance at 0x7ffb1ebb9500>,1,26,[ 5 11],2,2,28,0,2
1,<environment.Job instance at 0x7ffb1ebb9b40>,3,16,[11  1],4,28,44,24,18
1,<environment.Job instance at 0x7ffb62443280>,11,26,[11  5],12,44,70,32,41
1,<environment.Job instance at 0x7ffb1e7230a0>,14,16,[11  2],15,70,86,55,57
1,<environment.Job instance at 0x7ffb1e7232d0>,18,27,[14  3],19,86,113,67,84
1,<environment.Job instance at 0x7ffb1e723cd0>,20,26,[ 4 10],21,113,139,92,110
1,<environment.Job instance at 0x7ffb1e7237d0>,21,26,[8 3],22,114,140,92,114
1,<environment.Job instance at 0x7ffb1e7231e0>,22,23,[12  1],23,140,163,117,134
1,<environment.Job instance at 0x7ffb1e723d70>,23,19,[ 2 13],24,140,159,116,134
1,<environment.Job instance at 0x7ffb1e723be0>,24,22,[11  1],25,163,185,138,156
1,<environment.Job instance at 0x7ffb1e860e60>,25,22,[ 1 13],26,159,181,133,156
1,<environment.Job instance at 0x7ffb1e860a00>,26,24,[ 2 14],27,181,205,154,176
1,<environment.Job instance at 0x7ffb1e860e10>,28,23,[13  3],29,205,228,176,199
1,<environment.Job instance at 0x7ffb1e860140>,29,25,[10  5],30,228,253,198,224
1,<environment.Job instance at 0x7ffb1e860820>,30,20,[13  5],31,253,273,222,244
1,<environment.Job instance at 0x7ffb1e8605a0>,31,24,[14  3],32,273,297,241,268
1,<environment.Job instance at 0x7ffb1e723aa0>,0,13,[ 5 13],1,1,14,0,1
1,<environment.Job instance at 0x7ffb1e8ea690>,2,26,[13  2],3,14,40,11,11
1,<environment.Job instance at 0x7ffb1e723960>,7,23,[6 4],8,40,63,32,34
1,<environment.Job instance at 0x7ffb1ec3f370>,8,26,[ 3 11],9,40,66,31,40
1,<environment.Job instance at 0x7ffb1e6c6050>,11,25,[3 9],12,66,91,54,62
1,<environment.Job instance at 0x7ffb1e6c6550>,14,23,[13  3],15,91,114,76,85
1,<environment.Job instance at 0x7ffb1e6c68c0>,16,23,[ 2 13],17,114,137,97,108
1,<environment.Job instance at 0x7ffb69868e10>,17,16,[11  4],18,137,153,119,124
1,<environment.Job instance at 0x7ffb699b1550>,5,14,[ 1 12],6,153,167,147,138
1,<environment.Job instance at 0x7ffb1eb1dd70>,20,25,[6 3],21,153,178,132,149
1,<environment.Job instance at 0x7ffb1e7238c0>,4,15,[ 1 12],5,167,182,162,153
1,<environment.Job instance at 0x7ffb1eb1dfa0>,21,20,[11  1],22,178,198,156,169
1,<environment.Job instance at 0x7ffb1eb2a230>,24,24,[5 5],25,198,222,173,193
1,<environment.Job instance at 0x7ffb1eb1d690>,22,17,[9 4],23,200,217,177,200
1,<environment.Job instance at 0x7ffb1eb2a2d0>,25,13,[ 1 13],26,222,235,196,207
1,<environment.Job instance at 0x7ffb1eb2a410>,27,22,[3 9],28,235,257,207,228
1,<environment.Job instance at 0x7ffb1eb2a4b0>,28,16,[11  1],29,246,262,217,246
1,<environment.Job instance at 0x7ffb1eb2a550>,29,14,[14  2],30,262,276,232,258
1,<environment.Job instance at 0x7ffb1eb2a690>,31,15,[ 2 11],32,276,291,244,266
1,<environment.Job instance at 0x7ffb698c4140>,0,12,[14  1],1,1,13,0,1
1,<environment.Job instance at 0x7ffb1eb2a640>,1,28,[ 1 13],2,2,30,0,2
1,<environment.Job instance at 0x7ffb1eb306e0>,3,22,[12  5],4,30,52,26,23
1,<environment.Job instance at 0x7ffb1eb30550>,10,12,[ 3 14],11,52,64,41,37
1,<environment.Job instance at 0x7ffb1eb30cd0>,11,21,[4 8],12,64,85,52,56
1,<environment.Job instance at 0x7ffb1eb30dc0>,12,15,[ 4 12],13,85,100,72,73
1,<environment.Job instance at 0x7ffb1eb30c30>,13,21,[ 3 14],14,100,121,86,92
1,<environment.Job instance at 0x7ffb1eb300a0>,16,28,[6 1],17,98,126,81,98
1,<environment.Job instance at 0x7ffb62957aa0>,19,27,[ 4 12],20,121,148,101,119
1,<environment.Job instance at 0x7ffb629576e0>,20,25,[12  4],21,148,173,127,144
1,<environment.Job instance at 0x7ffb62957410>,21,20,[ 3 14],22,173,193,151,164
1,<environment.Job instance at 0x7ffb62957370>,22,13,[ 3 14],23,193,206,170,177
1,<environment.Job instance at 0x7ffb69868820>,24,24,[8 4],25,206,230,181,201
1,<environment.Job instance at 0x7ffb626910f0>,26,20,[12  3],27,230,250,203,221
1,<environment.Job instance at 0x7ffb62691e10>,27,25,[13  2],28,250,275,222,246
1,<environment.Job instance at 0x7ffb62691c80>,29,25,[1 6],30,260,285,230,260
1,<environment.Job instance at 0x7ffb626919b0>,30,17,[12  4],31,275,292,244,270
1,<environment.Job instance at 0x7ffb1ed01640>,0,22,[ 4 14],1,1,23,0,1
1,<environment.Job instance at 0x7ffb1ed01190>,1,20,[11  4],2,23,43,21,14
1,<environment.Job instance at 0x7ffb62691af0>,6,21,[ 5 11],7,43,64,36,35
1,<environment.Job instance at 0x7ffb66fe0140>,7,20,[ 2 12],8,64,84,56,55
1,<environment.Job instance at 0x7ffb626919b0>,3,19,[ 3 14],4,84,103,80,76
1,<environment.Job instance at 0x7ffb66fe0500>,8,23,[ 4 11],9,103,126,94,97
1,<environment.Job instance at 0x7ffb66fe0d70>,9,16,[ 3 14],10,126,142,116,117
1,<environment.Job instance at 0x7ffb1ea28c80>,11,21,[14  4],12,142,163,130,135
1,<environment.Job instance at 0x7ffb66fe03c0>,13,24,[ 3 10],14,163,187,149,158
1,<environment.Job instance at 0x7ffb1e9dcc30>,14,20,[10  4],15,163,183,148,161
1,<environment.Job instance at 0x7ffb66fe0b40>,10,23,[ 3 13],11,187,210,176,181
1,<environment.Job instance at 0x7ffb626bcd70>,18,14,[ 1 14],19,210,224,191,195
1,<environment.Job instance at 0x7ffb1e9dcc80>,17,18,[4 7],18,224,242,206,218
1,<environment.Job instance at 0x7ffb1e9dcbe0>,20,27,[7 4],21,228,255,207,228
1,<environment.Job instance at 0x7ffb1eb602d0>,21,21,[ 3 11],22,243,264,221,243
1,<environment.Job instance at 0x7ffb1eb60690>,22,14,[12  4],23,256,270,233,256
1,<environment.Job instance at 0x7ffb66cdc410>,23,12,[10  3],24,270,282,246,257
1,<environment.Job instance at 0x7ffb627399b0>,24,26,[ 3 12],25,270,296,245,268
1,<environment.Job instance at 0x7ffb1e830d20>,2,24,[13  3],3,3,27,0,3
1,<environment.Job instance at 0x7ffb671550f0>,4,25,[12  2],5,27,52,22,23
1,<environment.Job instance at 0x7ffb66ef68c0>,8,23,[14  2],9,52,75,43,46
1,<environment.Job instance at 0x7ffb66ef7c80>,12,12,[12  4],13,75,87,62,58
1,<environment.Job instance at 0x7ffb66ef7f00>,13,21,[ 2 11],14,75,96,61,67
1,<environment.Job instance at 0x7ffb627399b0>,5,25,[14  1],6,96,121,90,92
1,<environment.Job instance at 0x7ffb1e792190>,19,16,[6 5],20,121,137,101,112
1,<environment.Job instance at 0x7ffb66bedd20>,17,19,[11  1],18,137,156,119,127
1,<environment.Job instance at 0x7ffb1e792910>,20,23,[ 2 11],21,137,160,116,131
1,<environment.Job instance at 0x7ffb1e792b40>,22,19,[ 5 14],23,160,179,137,150
1,<environment.Job instance at 0x7ffb62238910>,25,26,[2 6],26,179,205,153,176
1,<environment.Job instance at 0x7ffb623d6460>,26,18,[7 5],27,179,197,152,177
1,<environment.Job instance at 0x7ffb1e7920f0>,28,25,[14  2],29,205,230,176,201
1,<environment.Job instance at 0x7ffb1e7f4eb0>,30,19,[4 9],31,230,249,199,221
1,<environment.Job instance at 0x7ffb1e8274b0>,31,12,[10  2],32,230,242,198,224
1,<environment.Job instance at 0x7ffb1e827fa0>,32,26,[13  5],33,249,275,216,246
1,<environment.Job instance at 0x7ffb6253a960>,34,19,[9 4],35,275,294,240,265
1,<environment.Job instance at 0x7ffb1ea4c190>,0,20,[2 9],1,1,21,0,1
1,<environment.Job instance at 0x7ffb1ea4cfa0>,1,17,[ 2 13],2,21,38,19,9
1,<environment.Job instance at 0x7ffb1ea4c9b0>,7,14,[14  1],8,38,52,30,23
1,<environment.Job instance at 0x7ffb1ea4ca00>,9,14,[12  4],10,52,66,42,37
1,<environment.Job instance at 0x7ffb1ea4cc30>,6,12,[ 5 12],7,66,78,59,51
1,<environment.Job instance at 0x7ffb1ea4cc80>,12,12,[14  4],13,78,90,65,70
1,<environment.Job instance at 0x7ffb1ea4c870>,10,18,[11  5],11,90,108,79,82
1,<environment.Job instance at 0x7ffb1ea4cf00>,15,13,[1 7],16,84,97,68,84
1,<environment.Job instance at 0x7ffb1ea4c780>,16,13,[12  2],17,108,121,91,92
1,<environment.Job instance at 0x7ffb1ea4c0f0>,4,12,[ 1 12],5,108,120,103,102
1,<environment.Job instance at 0x7ffb1ea4ca50>,17,22,[13  4],18,121,143,103,114
1,<environment.Job instance at 0x7ffb1ea4c960>,18,14,[11  2],19,143,157,124,130
1,<environment.Job instance at 0x7ffb1eb83410>,21,13,[ 1 14],22,157,170,135,141
1,<environment.Job instance at 0x7ffb1eb83460>,24,18,[ 4 12],25,170,188,145,166
1,<environment.Job instance at 0x7ffb1eb83320>,25,25,[6 5],26,188,213,162,184
1,<environment.Job instance at 0x7ffb1eb83b40>,26,14,[6 4],27,188,202,161,184
1,<environment.Job instance at 0x7ffb1eb83500>,27,27,[5 9],28,202,229,174,200
1,<environment.Job instance at 0x7ffb1eb830a0>,28,27,[2 6],29,213,240,184,211
1,<environment.Job instance at 0x7ffb1eb83a00>,29,17,[ 4 14],30,240,257,210,228
1,<environment.Job instance at 0x7ffb1eb83870>,30,15,[ 2 14],31,257,272,226,249
1,<environment.Job instance at 0x7ffb1eb83eb0>,31,17,[ 5 13],32,272,289,240,260
1,<environment.Job instance at 0x7ffb1eb83c30>,1,16,[14  3],2,3,19,1,3
1,<environment.Job instance at 0x7ffb62392f00>,4,27,[7 2],5,19,46,14,17
1,<environment.Job instance at 0x7ffb669e6b90>,9,25,[6 1],10,19,44,9,17
1,<environment.Job instance at 0x7ffb669e6410>,10,24,[11  4],11,46,70,35,41
1,<environment.Job instance at 0x7ffb669e6320>,13,21,[1 6],14,49,70,35,49
1,<environment.Job instance at 0x7ffb66ae7b90>,7,21,[12  5],8,70,91,62,62
1,<environment.Job instance at 0x7ffb66ae7820>,6,20,[ 4 13],7,91,111,84,83
1,<environment.Job instance at 0x7ffb1eb83eb0>,2,20,[11  1],3,91,111,88,87
1,<environment.Job instance at 0x7ffb6282a6e0>,18,13,[13  1],19,111,124,92,106
1,<environment.Job instance at 0x7ffb1e54cb90>,20,18,[7 3],21,124,142,103,113
1,<environment.Job instance at 0x7ffb669e6230>,17,25,[8 3],18,124,149,106,122
1,<environment.Job instance at 0x7ffb627eb320>,26,20,[3 6],27,142,162,115,133
1,<environment.Job instance at 0x7ffb627eb820>,27,13,[9 4],28,149,162,121,139
1,<environment.Job instance at 0x7ffb669e6f00>,14,17,[14  5],15,162,179,147,151
1,<environment.Job instance at 0x7ffb1eccdc80>,32,28,[9 1],33,179,207,146,178
1,<environment.Job instance at 0x7ffb1e55a910>,25,18,[ 2 13],26,179,197,153,179
1,<environment.Job instance at 0x7ffb1eccdaa0>,34,15,[13  2],35,207,222,172,194
1,<environment.Job instance at 0x7ffb1eceb370>,38,17,[5 2],39,222,239,183,210
1,<environment.Job instance at 0x7ffb1ecebb90>,40,15,[6 3],41,222,237,181,213
1,<environment.Job instance at 0x7ffb1eceb8c0>,41,15,[3 9],42,222,237,180,213
1,<environment.Job instance at 0x7ffb1e51a370>,22,19,[12  1],23,239,258,216,229
1,<environment.Job instance at 0x7ffb1ecebcd0>,44,12,[13  2],45,258,270,213,248
1,<environment.Job instance at 0x7ffb1eceb780>,45,13,[ 5 13],46,270,283,224,258
1,<environment.Job instance at 0x7ffb6246f3c0>,0,27,[ 3 14],1,1,28,0,1
1,<environment.Job instance at 0x7ffb627e37d0>,7,12,[ 5 12],8,28,40,20,12
1,<environment.Job instance at 0x7ffb66f34690>,9,13,[8 2],10,29,42,19,29
1,<environment.Job instance at 0x7ffb1eafd910>,10,19,[8 4],11,42,61,31,32
1,<environment.Job instance at 0x7ffb1ea25370>,11,23,[12  3],12,61,84,49,55
1,<environment.Job instance at 0x7ffb623ae4b0>,14,12,[13  4],15,84,96,69,67
1,<environment.Job instance at 0x7ffb1ea25aa0>,15,23,[4 5],16,96,119,80,90
1,<environment.Job instance at 0x7ffb1e50d550>,17,20,[7 5],18,103,123,85,103
1,<environment.Job instance at 0x7ffb1e50d320>,18,17,[13  5],19,123,140,104,112
1,<environment.Job instance at 0x7ffb1e514d70>,19,26,[4 6],20,140,166,120,137
1,<environment.Job instance at 0x7ffb1e514550>,20,21,[5 2],21,141,162,120,141
1,<environment.Job instance at 0x7ffb66da3c80>,21,23,[ 4 11],22,166,189,144,160
1,<environment.Job instance at 0x7ffb66da3230>,22,26,[ 3 14],23,189,215,166,186
1,<environment.Job instance at 0x7ffb66da37d0>,23,12,[ 2 13],24,215,227,191,199
1,<environment.Job instance at 0x7ffb66da3960>,24,19,[ 4 11],25,227,246,202,217
1,<environment.Job instance at 0x7ffb62847500>,26,12,[11  1],27,224,236,197,224
1,<environment.Job instance at 0x7ffb628476e0>,28,25,[14  5],29,246,271,217,242
1,<environment.Job instance at 0x7ffb62847b40>,29,27,[6 1],30,271,298,241,269
1,<environment.Job instance at 0x7ffb1e555280>,2,27,[ 5 13],3,271,298,268,270
1,<environment.Job instance at 0x7ffb66f07f50>,0,26,[ 4 14],1,1,27,0,1
1,<environment.Job instance at 0x7ffb6279e3c0>,2,16,[ 1 11],3,27,43,24,16
1,<environment.Job instance at 0x7ffb66f07e60>,7,17,[13  3],8,27,44,19,19
1,<environment.Job instance at 0x7ffb66e803c0>,10,14,[13  2],11,44,58,33,29
1,<environment.Job instance at 0x7ffb66e80820>,12,23,[ 1 14],13,58,81,45,52
1,<environment.Job instance at 0x7ffb66e80460>,13,27,[5 5],14,81,108,67,79
1,<environment.Job instance at 0x7ffb669fe780>,15,28,[ 5 11],16,108,136,92,107
1,<environment.Job instance at 0x7ffb1ecea140>,4,17,[13  1],5,136,153,131,124
1,<environment.Job instance at 0x7ffb669fe050>,17,27,[ 2 14],18,136,163,118,134
1,<environment.Job instance at 0x7ffb6274e6e0>,16,19,[11  5],17,163,182,146,153
1,<environment.Job instance at 0x7ffb6274ecd0>,20,21,[1 8],21,163,184,142,155
1,<environment.Job instance at 0x7ffb66c2eb90>,22,23,[ 3 12],23,184,207,161,178
1,<environment.Job instance at 0x7ffb66c2ebe0>,23,20,[11  5],24,207,227,183,198
1,<environment.Job instance at 0x7ffb66c2ec80>,24,27,[12  3],25,227,254,202,225
1,<environment.Job instance at 0x7ffb621e98c0>,3,15,[14  5],4,254,269,250,248
1,<environment.Job instance at 0x7ffb66c2ed20>,25,24,[6 1],26,269,293,243,264
1,<environment.Job instance at 0x7ffb66f07910>,5,23,[ 4 11],6,269,292,263,265
1,<environment.Job instance at 0x7ffb621e9050>,3,24,[5 8],4,11,35,7,11
1,<environment.Job instance at 0x7ffb1eb9ea50>,4,13,[ 1 13],5,35,48,30,28
1,<environment.Job instance at 0x7ffb1eb9ef50>,7,24,[ 5 13],8,48,72,40,45
1,<environment.Job instance at 0x7ffb1eb9ed70>,9,26,[12  4],10,72,98,62,69
1,<environment.Job instance at 0x7ffb1eb79050>,10,13,[7 5],11,98,111,87,94
1,<environment.Job instance at 0x7ffb1eb790a0>,11,21,[13  2],12,216,237,204,216
1,<environment.Job instance at 0x7ffb1eb79140>,12,23,[14  5],13,237,260,224,236
1,<environment.Job instance at 0x7ffb62861be0>,13,14,[14  2],14,279,293,265,279
1,<environment.Job instance at 0x7ffb62861280>,14,15,[4 6],15,293,308,278,282
1,<environment.Job instance at 0x7ffb66d47500>,4,12,[ 3 12],5,5,17,0,5
1,<environment.Job instance at 0x7ffb66d47a50>,5,12,[11  4],6,17,29,11,6
1,<environment.Job instance at 0x7ffb66d473c0>,6,20,[ 3 14],7,29,49,22,20
1,<environment.Job instance at 0x7ffb66d47820>,10,28,[ 1 11],11,49,77,38,48
1,<environment.Job instance at 0x7ffb66d470f0>,11,22,[8 3],12,49,71,37,48
1,<environment.Job instance at 0x7ffb66d47640>,12,28,[14  4],13,71,99,58,70
1,<environment.Job instance at 0x7ffb66d47230>,13,27,[13  4],14,99,126,85,97
1,<environment.Job instance at 0x7ffb66b711e0>,7,16,[12  1],8,126,142,118,113
1,<environment.Job instance at 0x7ffb66d47050>,19,22,[ 3 14],20,126,148,106,124
1,<environment.Job instance at 0x7ffb66d47c30>,16,17,[14  2],17,148,165,131,136
1,<environment.Job instance at 0x7ffb66d47a00>,21,22,[ 2 13],22,165,187,143,158
1,<environment.Job instance at 0x7ffb66d47c80>,22,21,[2 5],23,187,208,164,179
1,<environment.Job instance at 0x7ffb1e8e9640>,23,26,[ 4 14],24,208,234,184,205
1,<environment.Job instance at 0x7ffb1e8e9a00>,25,26,[3 9],26,234,260,208,231
1,<environment.Job instance at 0x7ffb1e8e9f00>,26,23,[10  3],27,234,257,207,231
1,<environment.Job instance at 0x7ffb1e8e92d0>,27,23,[8 2],28,257,280,229,251
1,<environment.Job instance at 0x7ffb1e8e9190>,28,26,[ 2 11],29,260,286,231,257
1,<environment.Job instance at 0x7ffb66ed3960>,0,14,[11  5],1,2,16,1,2
1,<environment.Job instance at 0x7ffb1e8e9d70>,2,23,[ 4 13],3,16,39,13,10
1,<environment.Job instance at 0x7ffb1e6dc320>,6,21,[2 8],7,39,60,32,31
1,<environment.Job instance at 0x7ffb1e504f00>,7,13,[ 3 13],8,60,73,52,44
1,<environment.Job instance at 0x7ffb1e8e9190>,3,19,[11  1],4,44,63,40,44
1,<environment.Job instance at 0x7ffb1e6dc9b0>,9,18,[ 3 14],10,73,91,63,62
1,<environment.Job instance at 0x7ffb626f43c0>,12,18,[5 4],13,91,109,78,82
1,<environment.Job instance at 0x7ffb626f4d20>,10,28,[5 2],11,91,119,80,90
1,<environment.Job instance at 0x7ffb626f45a0>,14,13,[1 6],15,95,108,80,95
1,<environment.Job instance at 0x7ffb626f4b90>,11,21,[ 4 12],12,109,130,97,104
1,<environment.Job instance at 0x7ffb626f41e0>,13,18,[11  5],14,130,148,116,121
1,<environment.Job instance at 0x7ffb626f49b0>,17,21,[11  3],18,148,169,130,140
1,<environment.Job instance at 0x7ffb62403050>,21,14,[11  3],22,169,183,147,154
1,<environment.Job instance at 0x7ffb628a6960>,22,28,[2 7],23,161,189,138,161
1,<environment.Job instance at 0x7ffb628a6b40>,25,16,[4 9],26,189,205,163,179
1,<environment.Job instance at 0x7ffb1e6dc780>,4,26,[11  4],5,183,209,178,181
1,<environment.Job instance at 0x7ffb628b7a00>,1,14,[ 3 14],2,8,22,6,8
1,<environment.Job instance at 0x7ffb628b7aa0>,0,17,[14  2],1,22,39,21,10
1,<environment.Job instance at 0x7ffb628b7e10>,5,20,[1 8],6,22,42,16,13
1,<environment.Job instance at 0x7ffb628b6370>,11,28,[11  4],12,39,67,27,38
1,<environment.Job instance at 0x7ffb628b7c30>,2,20,[ 4 11],3,45,65,42,45
1,<environment.Job instance at 0x7ffb66b6e910>,12,22,[ 5 12],13,67,89,54,60
1,<environment.Job instance at 0x7ffb66b6e8c0>,15,22,[3 8],16,89,111,73,82
1,<environment.Job instance at 0x7ffb66b6ed70>,18,22,[ 1 13],19,111,133,92,104
1,<environment.Job instance at 0x7ffb66b6e370>,19,26,[7 2],20,104,130,84,104
1,<environment.Job instance at 0x7ffb628b6190>,10,14,[ 2 12],11,133,147,122,129
1,<environment.Job instance at 0x7ffb6282cb40>,22,25,[10  3],23,138,163,115,138
1,<environment.Job instance at 0x7ffb6282cdc0>,23,18,[ 4 11],24,147,165,123,139
1,<environment.Job instance at 0x7ffb1e952cd0>,25,18,[ 5 14],26,165,183,139,161
1,<environment.Job instance at 0x7ffb1e952b90>,26,18,[ 3 11],27,183,201,156,179
1,<environment.Job instance at 0x7ffb1e952410>,27,27,[11  1],28,183,210,155,181
1,<environment.Job instance at 0x7ffb1e952550>,29,23,[ 4 11],30,201,224,171,195
1,<environment.Job instance at 0x7ffb628b7f00>,4,22,[11  1],5,212,234,207,212
1,<environment.Job instance at 0x7ffb622e3050>,32,16,[4 6],33,224,240,191,215
1,<environment.Job instance at 0x7ffb1e952aa0>,30,22,[ 1 14],31,240,262,209,234
1,<environment.Job instance at 0x7ffb1e952190>,35,16,[ 3 10],36,262,278,226,251
1,<environment.Job instance at 0x7ffb1e9522d0>,36,28,[8 1],37,254,282,217,254
1,<environment.Job instance at 0x7ffb624340a0>,1,27,[ 5 14],2,2,29,0,2
1,<environment.Job instance at 0x7ffb1e936a50>,4,20,[12  3],5,29,49,24,20
1,<environment.Job instance at 0x7ffb66cc2140>,9,22,[3 9],10,29,51,19,24
1,<environment.Job instance at 0x7ffb624d17d0>,10,13,[13  3],11,51,64,40,35
1,<environment.Job instance at 0x7ffb6221d500>,11,12,[12  5],12,64,76,52,47
1,<environment.Job instance at 0x7ffb66f1f230>,12,14,[12  5],13,76,90,63,61
1,<environment.Job instance at 0x7ffb6259c1e0>,7,23,[9 5],8,100,123,92,100
1,<environment.Job instance at 0x7ffb1e5f3fa0>,13,22,[14  5],14,153,175,139,153
1,<environment.Job instance at 0x7ffb1e5f3500>,16,12,[3 6],17,175,187,158,158
1,<environment.Job instance at 0x7ffb62845eb0>,17,14,[12  5],18,175,189,157,161
1,<environment.Job instance at 0x7ffb1ead8d20>,18,14,[12  2],19,189,203,170,174
1,<environment.Job instance at 0x7ffb66baffa0>,3,15,[12  2],4,203,218,199,189
1,<environment.Job instance at 0x7ffb622acb40>,20,12,[9 5],21,218,230,197,204
1,<environment.Job instance at 0x7ffb1e5f3aa0>,14,19,[5 2],15,218,237,203,209
1,<environment.Job instance at 0x7ffb1eb6c460>,21,14,[ 3 11],22,230,244,208,216
1,<environment.Job instance at 0x7ffb624e9e10>,22,15,[11  2],23,237,252,214,234
1,<environment.Job instance at 0x7ffb1e95be10>,24,12,[8 3],25,252,264,227,239
1,<environment.Job instance at 0x7ffb624e9af0>,19,23,[ 5 11],20,252,275,232,246
1,<environment.Job instance at 0x7ffb66ecab90>,26,17,[5 5],27,275,292,248,263
1,<environment.Job instance at 0x7ffb1e95b6e0>,28,14,[8 5],29,275,289,246,263
1,<environment.Job instance at 0x7ffb1ecf5140>,1,24,[5 4],2,2,26,0,2
1,<environment.Job instance at 0x7ffb697386e0>,2,20,[ 1 13],3,26,46,23,17
1,<environment.Job instance at 0x7ffb62540e60>,10,27,[5 2],11,35,62,24,35
1,<environment.Job instance at 0x7ffb62540230>,11,12,[ 3 13],12,46,58,34,39
1,<environment.Job instance at 0x7ffb62540280>,14,15,[ 1 12],15,58,73,43,44
1,<environment.Job instance at 0x7ffb62540870>,16,12,[10  1],17,62,74,45,57
1,<environment.Job instance at 0x7ffb62540190>,18,12,[ 1 12],19,73,85,54,57
1,<environment.Job instance at 0x7ffb625406e0>,12,17,[14  5],13,85,102,72,75
1,<environment.Job instance at 0x7ffb1ec23550>,20,16,[ 1 10],21,85,101,64,75
1,<environment.Job instance at 0x7ffb1e95bfa0>,4,27,[ 3 14],5,102,129,97,101
1,<environment.Job instance at 0x7ffb66bacaf0>,21,22,[14  3],22,129,151,107,124
1,<environment.Job instance at 0x7ffb625400f0>,9,28,[12  3],10,151,179,141,150
1,<environment.Job instance at 0x7ffb1ec23230>,22,22,[11  5],23,179,201,156,178
1,<environment.Job instance at 0x7ffb6231e780>,26,24,[1 8],27,178,202,151,178
1,<environment.Job instance at 0x7ffb62540690>,19,19,[5 8],20,202,221,182,192
1,<environment.Job instance at 0x7ffb62317910>,29,12,[11  2],30,221,233,191,204
1,<environment.Job instance at 0x7ffb66b7d730>,31,15,[ 3 12],32,221,236,189,211
1,<environment.Job instance at 0x7ffb62351dc0>,33,24,[2 8],34,236,260,202,231
1,<environment.Job instance at 0x7ffb621ad140>,34,24,[5 7],35,236,260,201,231
1,<environment.Job instance at 0x7ffb6246bb90>,35,13,[14  2],36,260,273,224,244
1,<environment.Job instance at 0x7ffb6246b0f0>,36,12,[ 5 14],37,273,285,236,256
1,<environment.Job instance at 0x7ffb1e63d1e0>,1,14,[ 3 13],2,5,19,3,5
1,<environment.Job instance at 0x7ffb1e63da50>,5,16,[13  3],6,19,35,13,7
1,<environment.Job instance at 0x7ffb66d26d70>,8,26,[1 8],9,19,45,10,16
1,<environment.Job instance at 0x7ffb66d26050>,14,16,[ 3 12],15,45,61,30,39
1,<environment.Job instance at 0x7ffb66d26a50>,15,26,[ 5 13],16,61,87,45,58
1,<environment.Job instance at 0x7ffb66d26140>,18,19,[13  4],19,87,106,68,77
1,<environment.Job instance at 0x7ffb66d269b0>,20,12,[ 3 11],21,106,118,85,91
1,<environment.Job instance at 0x7ffb66d26f00>,17,15,[11  1],18,106,121,88,95
1,<environment.Job instance at 0x7ffb66d26690>,25,23,[ 1 11],26,118,141,92,112
1,<environment.Job instance at 0x7ffb1ea52cd0>,27,24,[12  4],28,121,145,93,116
1,<environment.Job instance at 0x7ffb66d26fa0>,24,16,[14  2],25,145,161,120,134
1,<environment.Job instance at 0x7ffb1ea52230>,28,16,[11  3],29,161,177,132,151
1,<environment.Job instance at 0x7ffb62786dc0>,31,22,[ 4 11],32,161,183,129,154
1,<environment.Job instance at 0x7ffb62786fa0>,32,18,[ 3 13],33,183,201,150,172
1,<environment.Job instance at 0x7ffb627860a0>,34,12,[14  4],35,201,213,166,184
1,<environment.Job instance at 0x7ffb62786640>,36,22,[ 2 13],37,213,235,176,206
1,<environment.Job instance at 0x7ffb627864b0>,37,12,[ 3 11],38,235,247,197,218
1,<environment.Job instance at 0x7ffb627860f0>,38,19,[9 2],39,226,245,187,226
1,<environment.Job instance at 0x7ffb62786d20>,39,14,[ 1 12],40,247,261,207,232
1,<environment.Job instance at 0x7ffb62786190>,40,16,[13  3],41,247,263,206,242
1,<environment.Job instance at 0x7ffb627866e0>,41,22,[5 2],42,263,285,221,256
1,<environment.Job instance at 0x7ffb62786460>,2,13,[11  3],3,3,16,0,3
1,<environment.Job instance at 0x7ffb66eb4e60>,1,18,[ 2 11],2,6,24,4,6
1,<environment.Job instance at 0x7ffb66eb4910>,3,18,[13  2],4,16,34,12,10
1,<environment.Job instance at 0x7ffb1e614960>,9,12,[ 4 14],10,34,46,24,23
1,<environment.Job instance at 0x7ffb1e614f50>,10,28,[10  3],11,46,74,35,45
1,<environment.Job instance at 0x7ffb1e54c320>,6,23,[2 7],7,49,72,42,49
1,<environment.Job instance at 0x7ffb626c6550>,11,23,[11  2],12,74,97,62,68
1,<environment.Job instance at 0x7ffb1e614eb0>,12,15,[4 7],13,72,87,59,68
1,<environment.Job instance at 0x7ffb1e614690>,13,22,[3 5],14,87,109,73,80
1,<environment.Job instance at 0x7ffb627866e0>,4,28,[7 1],5,102,130,97,102
1,<environment.Job instance at 0x7ffb627b9550>,16,22,[ 3 12],17,109,131,92,102
1,<environment.Job instance at 0x7ffb627b9500>,18,28,[11  3],19,130,158,111,129
1,<environment.Job instance at 0x7ffb627b9910>,19,24,[ 5 12],20,158,182,138,153
1,<environment.Job instance at 0x7ffb62309a50>,20,27,[2 5],21,182,209,161,180
1,<environment.Job instance at 0x7ffb62309cd0>,21,13,[ 3 13],22,209,222,187,193
1,<environment.Job instance at 0x7ffb627b9e60>,17,14,[12  4],18,194,208,176,194
1,<environment.Job instance at 0x7ffb1e614190>,15,16,[12  5],16,222,238,206,211
1,<environment.Job instance at 0x7ffb62309e60>,23,17,[13  5],24,238,255,214,226
1,<environment.Job instance at 0x7ffb1e4ca7d0>,25,24,[12  4],26,255,279,229,251
1,<environment.Job instance at 0x7ffb623093c0>,24,22,[13  1],25,279,301,254,274
1,<environment.Job instance at 0x7f94331056e0>,1,22,[11  3],2,2,24,0,2
1,<environment.Job instance at 0x7f94330b3320>,2,22,[4 8],3,8,30,5,8
1,<environment.Job instance at 0x7f942bca3690>,8,22,[14  3],9,30,52,21,23
1,<environment.Job instance at 0x7f942bca3730>,10,18,[ 3 11],11,52,70,41,41
1,<environment.Job instance at 0x7f942bca38c0>,12,26,[ 1 12],13,70,96,57,67
1,<environment.Job instance at 0x7f942bca3aa0>,13,18,[ 4 14],14,96,114,82,85
1,<environment.Job instance at 0x7f942bca3be0>,15,18,[ 2 14],16,114,132,98,103
1,<environment.Job instance at 0x7f942bca3d20>,17,28,[ 5 10],18,132,160,114,131
1,<environment.Job instance at 0x7f942bca3dc0>,18,25,[ 4 13],19,160,185,141,156
1,<environment.Job instance at 0x7f942bca3e60>,19,14,[ 3 11],20,185,199,165,170
1,<environment.Job instance at 0x7f942bca3f00>,20,27,[13  5],21,199,226,178,197
1,<environment.Job instance at 0x7f942bca3fa0>,21,26,[ 5 12],22,226,252,204,223
1,<environment.Job instance at 0x7f942bca3780>,22,13,[13  1],23,252,265,229,236
1,<environment.Job instance at 0x7f942bca3f50>,24,13,[ 3 14],25,265,278,240,249
1,<environment.Job instance at 0x7f942bca5320>,25,23,[ 3 13],26,278,301,252,272
1,<environment.Job instance at 0x7f942bd5c9b0>,3,20,[13  1],4,4,24,0,4
1,<environment.Job instance at 0x7f942bd5c0f0>,4,18,[ 3 14],5,24,42,19,13
1,<environment.Job instance at 0x7f943321acd0>,10,14,[ 2 13],11,42,56,31,27
1,<environment.Job instance at 0x7f942bd5c190>,6,26,[12  1],7,27,53,20,27
1,<environment.Job instance at 0x7f943321af00>,11,20,[8 2],12,53,73,41,44
1,<environment.Job instance at 0x7f943322d9b0>,13,16,[ 2 11],14,67,83,53,67
1,<environment.Job instance at 0x7f943322d5f0>,14,25,[4 5],15,83,108,68,79
1,<environment.Job instance at 0x7f943321a690>,12,21,[10  1],13,83,104,70,83
1,<environment.Job instance at 0x7f943322d640>,17,26,[ 1 11],18,108,134,90,105
1,<environment.Job instance at 0x7f943322d320>,19,26,[6 5],20,134,160,114,131
1,<environment.Job instance at 0x7f943322d7d0>,22,16,[ 3 13],23,160,176,137,147
1,<environment.Job instance at 0x7f943322d5a0>,23,23,[ 5 13],24,176,199,152,170
1,<environment.Job instance at 0x7f942bca5320>,5,25,[ 5 14],6,199,224,193,196
1,<environment.Job instance at 0x7f943322d2d0>,25,12,[14  5],26,224,236,198,208
1,<environment.Job instance at 0x7f9433229690>,28,21,[ 1 10],29,224,245,195,216
1,<environment.Job instance at 0x7f94332292d0>,30,21,[6 5],31,236,257,205,228
1,<environment.Job instance at 0x7f9433219640>,31,26,[ 5 12],32,257,283,225,254
1,<environment.Job instance at 0x7f93e7f9db90>,0,26,[5 5],1,1,27,0,1
1,<environment.Job instance at 0x7f9433219f50>,1,24,[4 7],2,2,26,0,2
1,<environment.Job instance at 0x7f93e7f9d5a0>,4,19,[ 3 12],5,27,46,22,17
1,<environment.Job instance at 0x7f93e7f9ddc0>,9,16,[12  4],10,46,62,36,33
1,<environment.Job instance at 0x7f93e7f9de10>,11,20,[ 1 12],12,62,82,50,53
1,<environment.Job instance at 0x7f93e7f9de60>,12,13,[12  1],13,62,75,49,53
1,<environment.Job instance at 0x7f93e7f9f960>,13,12,[11  5],14,82,94,68,66
1,<environment.Job instance at 0x7f93e7f9f640>,14,17,[ 3 12],15,94,111,79,82
1,<environment.Job instance at 0x7f93e7f9f8c0>,15,16,[13  4],16,111,127,95,98
1,<environment.Job instance at 0x7f93e7f9f7d0>,16,18,[ 1 12],17,127,145,110,116
1,<environment.Job instance at 0x7f93e7f9fa50>,18,15,[ 2 14],19,145,160,126,131
1,<environment.Job instance at 0x7f93e7f9f280>,22,20,[13  3],23,160,180,137,151
1,<environment.Job instance at 0x7f93e7f9f050>,23,21,[ 4 12],24,180,201,156,172
1,<environment.Job instance at 0x7f93e7f9f190>,24,20,[5 2],25,180,200,155,172
1,<environment.Job instance at 0x7f93e7f9f820>,25,27,[5 9],26,201,228,175,199
1,<environment.Job instance at 0x7f93e7f9fc30>,26,27,[2 9],27,228,255,201,226
1,<environment.Job instance at 0x7f93e7f99280>,27,21,[11  4],28,228,249,200,226
1,<environment.Job instance at 0x7f93e7f99370>,28,12,[14  5],29,255,267,226,238
1,<environment.Job instance at 0x7f9433219640>,5,15,[12  5],6,267,282,261,260
1,<environment.Job instance at 0x7f93e7f99460>,29,16,[12  3],30,282,298,252,269
1,<environment.Job instance at 0x7f93e80587d0>,0,20,[13  5],1,1,21,0,1
1,<environment.Job instance at 0x7f93e8058d20>,3,21,[12  3],4,21,42,17,13
1,<environment.Job instance at 0x7f93e83518c0>,7,22,[14  1],8,42,64,34,36
1,<environment.Job instance at 0x7f93e80d7870>,6,18,[ 4 12],7,64,82,57,57
1,<environment.Job instance at 0x7f93e83511e0>,8,25,[7 3],9,64,89,55,60
1,<environment.Job instance at 0x7f93e8416d70>,10,26,[8 4],11,82,108,71,79
1,<environment.Job instance at 0x7f93e8416f50>,11,12,[11  1],12,108,120,96,91
1,<environment.Job instance at 0x7f93e8416dc0>,12,14,[5 5],13,91,105,78,91
1,<environment.Job instance at 0x7f93e843baf0>,13,16,[14  1],14,120,136,106,107
1,<environment.Job instance at 0x7f93e843bfa0>,14,27,[ 1 10],15,107,134,92,107
1,<environment.Job instance at 0x7f93e843b370>,15,19,[9 4],16,136,155,120,126
1,<environment.Job instance at 0x7f93e843b320>,16,19,[13  1],17,155,174,138,145
1,<environment.Job instance at 0x7f93e843baa0>,17,15,[12  2],18,174,189,156,160
1,<environment.Job instance at 0x7f93e843b140>,18,20,[11  2],19,189,209,170,180
1,<environment.Job instance at 0x7f93e843b640>,19,25,[ 2 13],20,180,205,160,180
1,<environment.Job instance at 0x7f93e7f93500>,20,14,[2 7],21,205,219,184,190
1,<environment.Job instance at 0x7f93e7f933c0>,21,15,[4 8],22,209,224,187,195
1,<environment.Job instance at 0x7f93e7f93780>,22,24,[ 3 13],23,224,248,201,219
1,<environment.Job instance at 0x7f93e7f93e60>,23,15,[ 2 13],24,248,263,224,236
1,<environment.Job instance at 0x7f93e7f93190>,24,13,[ 5 14],25,263,276,238,247
1,<environment.Job instance at 0x7f93e7f93050>,25,20,[11  2],26,276,296,250,267
1,<environment.Job instance at 0x7f93e7f931e0>,26,15,[3 6],27,276,291,249,267
1,<environment.Job instance at 0x7f93e80726e0>,0,19,[12  5],1,1,20,0,1
1,<environment.Job instance at 0x7f93e804c9b0>,2,18,[12  1],3,20,38,17,9
1,<environment.Job instance at 0x7f93e7ef20f0>,7,21,[5 9],8,38,59,30,30
1,<environment.Job instance at 0x7f93e804ca00>,4,20,[6 1],5,38,58,33,32
1,<environment.Job instance at 0x7f93e7ef2820>,8,18,[ 2 14],9,59,77,50,48
1,<environment.Job instance at 0x7f93e8062690>,11,24,[12  5],12,77,101,65,72
1,<environment.Job instance at 0x7f93e80623c0>,12,23,[10  2],13,101,124,88,95
1,<environment.Job instance at 0x7f93e8062050>,13,15,[ 1 11],14,112,127,98,112
1,<environment.Job instance at 0x7f93e8062410>,14,16,[ 5 12],15,127,143,112,122
1,<environment.Job instance at 0x7f93e8125c30>,15,27,[ 4 14],16,143,170,127,141
1,<environment.Job instance at 0x7f93e8125410>,16,23,[ 2 11],17,170,193,153,164
1,<environment.Job instance at 0x7f93e80624b0>,9,24,[11  1],10,164,188,154,164
1,<environment.Job instance at 0x7f93e8125370>,17,13,[ 4 12],18,193,206,175,177
1,<environment.Job instance at 0x7f93e8062370>,10,25,[7 1],11,188,213,177,184
1,<environment.Job instance at 0x7f93e838b320>,20,13,[1 6],21,206,219,185,202
1,<environment.Job instance at 0x7f93e838b2d0>,18,15,[13  1],19,213,228,194,202
1,<environment.Job instance at 0x7f93e838b0a0>,22,20,[8 1],23,228,248,205,220
1,<environment.Job instance at 0x7f93e838b3c0>,21,22,[ 3 13],22,228,250,206,223
1,<environment.Job instance at 0x7f93e838b370>,19,17,[13  3],20,250,267,230,238
1,<environment.Job instance at 0x7f93e839b140>,25,12,[ 4 14],26,267,279,241,250
1,<environment.Job instance at 0x7f93e839b0a0>,24,16,[ 2 12],25,250,266,225,250
1,<environment.Job instance at 0x7f93e839b1e0>,26,20,[5 7],27,279,299,252,270
1,<environment.Job instance at 0x7f93e81174b0>,0,22,[ 5 12],1,1,23,0,1
1,<environment.Job instance at 0x7f93e839d8c0>,4,20,[12  2],5,23,43,18,15
1,<environment.Job instance at 0x7f93e839b320>,3,15,[ 1 13],4,23,38,19,22
1,<environment.Job instance at 0x7f93e81171e0>,2,15,[14  2],3,43,58,40,32
1,<environment.Job instance at 0x7f93e839de10>,11,23,[10  4],12,58,81,46,52
1,<environment.Job instance at 0x7f93e839df50>,10,16,[5 9],11,58,74,47,52
1,<environment.Job instance at 0x7f942e3c0c30>,14,20,[14  2],15,81,101,66,72
1,<environment.Job instance at 0x7f942e3c0e60>,18,19,[1 7],19,78,97,59,78
1,<environment.Job instance at 0x7f93e839db90>,8,22,[12  3],9,101,123,92,97
1,<environment.Job instance at 0x7f93e839daf0>,7,24,[13  3],8,133,157,125,133
1,<environment.Job instance at 0x7f942e3c0a50>,21,20,[11  4],22,157,177,135,150
1,<environment.Job instance at 0x7f942e3c00a0>,23,19,[ 3 14],24,177,196,153,168
1,<environment.Job instance at 0x7f942e3c0820>,22,23,[14  4],23,212,235,189,212
1,<environment.Job instance at 0x7f942e3c0cd0>,25,24,[14  2],26,235,259,209,230
1,<environment.Job instance at 0x7f93e839d0f0>,6,17,[14  5],7,259,276,252,248
1,<environment.Job instance at 0x7f942c0622d0>,27,20,[ 2 12],28,276,296,248,267
1,<environment.Job instance at 0x7f93e8351d70>,0,20,[13  5],1,2,22,1,2
1,<environment.Job instance at 0x7f93e83515a0>,1,27,[1 8],2,4,31,2,4
1,<environment.Job instance at 0x7f942bbe9d70>,4,18,[13  3],5,22,40,17,13
1,<environment.Job instance at 0x7f942bc070a0>,12,24,[13  3],13,40,64,27,35
1,<environment.Job instance at 0x7f942bbe9460>,3,24,[11  3],4,64,88,60,59
1,<environment.Job instance at 0x7f93e812baa0>,16,27,[5 5],17,88,115,71,86
1,<environment.Job instance at 0x7f93e812bc30>,17,15,[9 5],18,88,103,70,86
1,<environment.Job instance at 0x7f93e812b5a0>,18,23,[14  2],19,115,138,96,109
1,<environment.Job instance at 0x7f93e8062960>,21,18,[5 9],22,138,156,116,127
1,<environment.Job instance at 0x7f942e97d320>,22,12,[12  4],23,156,168,133,139
1,<environment.Job instance at 0x7f942c14e230>,24,23,[14  3],25,168,191,143,162
1,<environment.Job instance at 0x7f942e790960>,26,14,[5 9],27,191,205,164,176
1,<environment.Job instance at 0x7f942ba60d20>,27,19,[11  1],28,205,224,177,195
1,<environment.Job instance at 0x7f942e5560f0>,28,12,[2 5],29,198,210,169,198
1,<environment.Job instance at 0x7f942e556870>,29,16,[6 5],30,224,240,194,211
1,<environment.Job instance at 0x7f942e76e640>,30,23,[ 2 11],31,240,263,209,235
1,<environment.Job instance at 0x7f942e76eaf0>,31,27,[1 8],32,263,290,231,261
1,<environment.Job instance at 0x7f942ba0fd20>,0,20,[2 9],1,1,21,0,1
1,<environment.Job instance at 0x7f942e76eaf0>,2,27,[12  4],3,3,30,0,3
1,<environment.Job instance at 0x7f942bbce460>,3,14,[1 5],4,21,35,17,6
1,<environment.Job instance at 0x7f942e9678c0>,1,17,[ 2 13],2,35,52,33,23
1,<environment.Job instance at 0x7f93e8351be0>,9,14,[12  4],10,52,66,42,37
1,<environment.Job instance at 0x7f942e35b3c0>,11,20,[10  5],12,66,86,54,57
1,<environment.Job instance at 0x7f942e35b8c0>,12,12,[14  4],13,86,98,73,69
1,<environment.Job instance at 0x7f942e35bd20>,14,25,[13  4],15,98,123,83,94
1,<environment.Job instance at 0x7f942e35b190>,16,13,[12  2],17,123,136,106,107
1,<environment.Job instance at 0x7f93e8351e60>,4,12,[ 1 12],5,123,135,118,107
1,<environment.Job instance at 0x7f942e35b320>,17,22,[13  4],18,136,158,118,129
1,<environment.Job instance at 0x7f942e35bc30>,19,24,[ 2 14],20,158,182,138,153
1,<environment.Job instance at 0x7f942e35bbe0>,20,28,[2 7],21,182,210,161,181
1,<environment.Job instance at 0x7f942e35b820>,21,13,[ 1 14],22,210,223,188,194
1,<environment.Job instance at 0x7f942e482640>,23,23,[12  2],24,223,246,199,217
1,<environment.Job instance at 0x7f942e482690>,24,18,[ 4 12],25,246,264,221,235
1,<environment.Job instance at 0x7f942e482730>,25,25,[6 5],26,264,289,238,260
1,<environment.Job instance at 0x7f942e482870>,27,27,[5 9],28,264,291,236,262
1,<environment.Job instance at 0x7f942e5aaaf0>,0,24,[11  4],1,1,25,0,1
1,<environment.Job instance at 0x7f942e4b41e0>,8,13,[13  1],9,25,38,16,20
1,<environment.Job instance at 0x7f942e4b4a00>,4,17,[14  5],5,38,55,33,38
1,<environment.Job instance at 0x7f942c0b9690>,13,26,[4 7],14,55,81,41,52
1,<environment.Job instance at 0x7f942e4b4320>,5,25,[6 1],6,58,83,52,58
1,<environment.Job instance at 0x7f942e5aa8c0>,2,27,[5 1],3,58,85,55,58
1,<environment.Job instance at 0x7f942c0b96e0>,14,21,[6 5],15,83,104,68,75
1,<environment.Job instance at 0x7f942c0b9fa0>,17,13,[9 4],18,85,98,67,78
1,<environment.Job instance at 0x7f942e76fa50>,18,19,[ 5 10],19,98,117,79,88
1,<environment.Job instance at 0x7f942e354c30>,22,28,[9 1],23,104,132,81,103
1,<environment.Job instance at 0x7f942c0b9730>,16,20,[3 6],17,117,137,100,110
1,<environment.Job instance at 0x7f942e3546e0>,24,15,[13  2],25,137,152,112,123
1,<environment.Job instance at 0x7f942e3540a0>,26,28,[ 4 12],27,152,180,125,151
1,<environment.Job instance at 0x7f93e7e23f00>,27,25,[2 6],28,180,205,152,176
1,<environment.Job instance at 0x7f942c0b9550>,12,19,[12  1],13,180,199,167,176
1,<environment.Job instance at 0x7f942e49e410>,32,21,[9 5],33,199,220,166,191
1,<environment.Job instance at 0x7f9433226320>,33,21,[11  5],34,220,241,186,212
1,<environment.Job instance at 0x7f93e7e18910>,31,15,[3 9],32,212,227,180,212
1,<environment.Job instance at 0x7f942e49e820>,34,12,[13  2],35,241,253,206,224
1,<environment.Job instance at 0x7f942ba574b0>,38,27,[5 9],39,253,280,214,251
1,<environment.Job instance at 0x7f93e8364460>,39,23,[8 5],40,257,280,217,257
1,<environment.Job instance at 0x7f942ba809b0>,0,21,[5 2],1,1,22,0,1
1,<environment.Job instance at 0x7f93e81500a0>,1,23,[ 4 11],2,2,25,0,2
1,<environment.Job instance at 0x7f942ba80550>,2,26,[ 3 14],3,25,51,22,22
1,<environment.Job instance at 0x7f93e8570780>,8,25,[14  5],9,51,76,42,47
1,<environment.Job instance at 0x7f942bb7ccd0>,11,13,[12  5],12,76,89,64,63
1,<environment.Job instance at 0x7f9432fb5190>,3,12,[ 2 13],4,89,101,85,72
1,<environment.Job instance at 0x7f942bcbf230>,6,12,[11  1],7,89,101,82,76
1,<environment.Job instance at 0x7f942bb7c050>,14,22,[9 4],15,101,123,86,94
1,<environment.Job instance at 0x7f942bc33460>,4,19,[ 4 11],5,102,121,97,102
1,<environment.Job instance at 0x7f93e83dde60>,19,26,[2 7],20,121,147,101,118
1,<environment.Job instance at 0x7f942bbca3c0>,20,23,[10  3],21,123,146,102,122
1,<environment.Job instance at 0x7f942bbca140>,21,16,[14  1],22,147,163,125,140
1,<environment.Job instance at 0x7f942bb7c2d0>,22,23,[13  2],23,163,186,140,157
1,<environment.Job instance at 0x7f942bb7cb90>,13,16,[11  4],14,186,202,172,181
1,<environment.Job instance at 0x7f942bc0e550>,23,25,[4 5],24,186,211,162,182
1,<environment.Job instance at 0x7f93e82aa140>,25,18,[11  1],26,202,220,176,191
1,<environment.Job instance at 0x7f93e82aae60>,26,19,[ 3 12],27,211,230,184,201
1,<environment.Job instance at 0x7f942c00ad70>,18,22,[ 3 14],19,230,252,211,223
1,<environment.Job instance at 0x7f942bb7cc30>,15,27,[12  1],16,229,256,213,229
1,<environment.Job instance at 0x7f942e794aa0>,30,18,[1 5],31,252,270,221,242
1,<environment.Job instance at 0x7f93e8437e10>,32,14,[14  1],33,256,270,223,250
1,<environment.Job instance at 0x7f942bb190f0>,33,16,[ 4 12],34,270,286,236,262
1,<environment.Job instance at 0x7f94330dbbe0>,0,24,[11  5],1,1,25,0,1
1,<environment.Job instance at 0x7f94330db730>,1,25,[2 7],2,2,27,0,2
1,<environment.Job instance at 0x7f93e7f5e2d0>,2,23,[10  4],3,25,48,22,19
1,<environment.Job instance at 0x7f93e7fb8eb0>,4,17,[10  5],5,48,65,43,39
1,<environment.Job instance at 0x7f942e42a7d0>,6,18,[14  2],7,65,83,58,57
1,<environment.Job instance at 0x7f942bebe640>,9,21,[12  3],10,83,104,73,75
1,<environment.Job instance at 0x7f942e408be0>,12,16,[ 2 13],13,104,120,91,92
1,<environment.Job instance at 0x7f942e4085a0>,15,13,[14  1],16,120,133,104,104
1,<environment.Job instance at 0x7f942e408e60>,16,26,[11  5],17,133,159,116,130
1,<environment.Job instance at 0x7f942e408e10>,17,14,[ 2 13],18,159,173,141,145
1,<environment.Job instance at 0x7f942e408690>,18,13,[14  5],19,173,186,154,157
1,<environment.Job instance at 0x7f942bb190f0>,3,21,[ 3 14],4,186,207,182,178
1,<environment.Job instance at 0x7f942e4087d0>,11,13,[9 3],12,207,220,195,191
1,<environment.Job instance at 0x7f942e408a00>,10,27,[ 5 12],11,207,234,196,205
1,<environment.Job instance at 0x7f942e6e8370>,22,23,[13  4],23,234,257,211,231
1,<environment.Job instance at 0x7f942e408280>,19,18,[12  4],20,257,275,237,246
1,<environment.Job instance at 0x7f942e6e8050>,25,23,[9 4],26,275,298,249,269
1,<environment.Job instance at 0x7f942e9c4f50>,26,26,[ 1 10],27,274,300,247,274
1,<environment.Job instance at 0x7f93e81199b0>,0,23,[ 3 13],1,1,24,0,1
1,<environment.Job instance at 0x7f93e8119960>,1,13,[12  5],2,24,37,22,9
1,<environment.Job instance at 0x7f93e8119410>,3,18,[1 8],4,24,42,20,15
1,<environment.Job instance at 0x7f93e8119730>,7,16,[ 3 12],8,42,58,34,29
1,<environment.Job instance at 0x7f93e8119c80>,8,26,[12  1],9,42,68,33,42
1,<environment.Job instance at 0x7f93e8119640>,11,14,[13  4],12,68,82,56,53
1,<environment.Job instance at 0x7f93e8119870>,14,16,[11  5],15,82,98,67,69
1,<environment.Job instance at 0x7f93e8119690>,15,25,[2 8],16,72,97,56,72
1,<environment.Job instance at 0x7f942bbc9a50>,17,26,[2 7],18,97,123,79,94
1,<environment.Job instance at 0x7f93e8119d70>,10,18,[12  5],11,98,116,87,95
1,<environment.Job instance at 0x7f942bbc98c0>,18,20,[10  2],19,116,136,97,107
1,<environment.Job instance at 0x7f942bbc9910>,19,23,[1 6],20,116,139,96,110
1,<environment.Job instance at 0x7f942bbc9c30>,20,26,[13  5],21,136,162,115,133
1,<environment.Job instance at 0x7f942bbc9550>,22,25,[4 9],23,162,187,139,158
1,<environment.Job instance at 0x7f942bbc92d0>,21,16,[ 1 13],22,187,203,165,175
1,<environment.Job instance at 0x7f942bbc9dc0>,25,14,[13  2],26,187,201,161,177
1,<environment.Job instance at 0x7f942bbc91e0>,24,14,[13  3],25,203,217,178,188
1,<environment.Job instance at 0x7f942bbc9b90>,27,28,[9 2],28,217,245,189,216
1,<environment.Job instance at 0x7f942bbc9820>,26,12,[6 1],27,217,229,190,216
1,<environment.Job instance at 0x7f942bbc9190>,28,28,[12  3],29,245,273,216,244
1,<environment.Job instance at 0x7f942bbc9960>,29,20,[5 6],30,273,293,243,264
1,<environment.Job instance at 0x7f942bbc90a0>,31,14,[3 8],32,264,278,232,264
1,<environment.Job instance at 0x7f942bbc94b0>,32,16,[6 5],33,278,294,245,265
1,<environment.Job instance at 0x7f942bbc9fa0>,1,24,[4 5],2,2,26,0,2
1,<environment.Job instance at 0x7f942bdf1af0>,5,16,[6 1],6,7,23,1,7
1,<environment.Job instance at 0x7f942bdf1280>,4,25,[ 5 10],5,23,48,18,19
1,<environment.Job instance at 0x7f942c115a50>,9,27,[13  4],10,48,75,38,46
1,<environment.Job instance at 0x7f942ba858c0>,12,15,[ 4 14],13,75,90,62,61
1,<environment.Job instance at 0x7f93e81c66e0>,14,20,[ 1 12],15,90,110,75,81
1,<environment.Job instance at 0x7f942e262910>,17,14,[ 4 12],18,110,124,92,95
1,<environment.Job instance at 0x7f942e262960>,19,25,[ 1 14],20,124,149,104,120
1,<environment.Job instance at 0x7f942e5fac30>,20,14,[11  5],21,149,163,128,134
1,<environment.Job instance at 0x7f942e5fa460>,22,23,[ 4 13],23,163,186,140,157
1,<environment.Job instance at 0x7f942e777460>,23,19,[11  1],24,163,182,139,157
1,<environment.Job instance at 0x7f942e7773c0>,24,26,[11  4],25,186,212,161,183
1,<environment.Job instance at 0x7f942e777910>,26,21,[2 8],27,189,210,162,189
1,<environment.Job instance at 0x7f942e5e1730>,27,13,[ 3 13],28,212,225,184,196
1,<environment.Job instance at 0x7f93e7d22410>,28,15,[14  4],29,225,240,196,211
1,<environment.Job instance at 0x7f93e7d87f50>,29,18,[ 3 14],30,240,258,210,229
1,<environment.Job instance at 0x7f93e7cd7e60>,30,28,[5 2],31,258,286,227,257
1,<environment.Job instance at 0x7f93e7cd7b40>,31,21,[ 4 12],32,258,279,226,257
1,<environment.Job instance at 0x7f93e84a5500>,0,21,[ 3 11],1,1,22,0,1
1,<environment.Job instance at 0x7f942bc144b0>,1,14,[14  1],2,22,36,20,7
1,<environment.Job instance at 0x7f93e83d45a0>,3,15,[8 1],4,36,51,32,22
1,<environment.Job instance at 0x7f942bfce4b0>,7,15,[ 4 13],8,36,51,28,35
1,<environment.Job instance at 0x7f942bfce7d0>,11,14,[ 3 14],12,51,65,39,36
1,<environment.Job instance at 0x7f942bfceb40>,12,20,[ 4 11],13,65,85,52,56
1,<environment.Job instance at 0x7f942bfce500>,9,26,[7 4],10,65,91,55,62
1,<environment.Job instance at 0x7f93e7d27140>,13,19,[10  1],14,91,110,77,81
1,<environment.Job instance at 0x7f93e7dd1eb0>,15,20,[1 8],16,85,105,69,81
1,<environment.Job instance at 0x7f93e7dd1370>,20,14,[ 2 12],21,105,119,84,92
1,<environment.Job instance at 0x7f942be8f370>,21,28,[11  4],22,119,147,97,118
1,<environment.Job instance at 0x7f942e6e6c30>,22,22,[ 5 12],23,147,169,124,140
1,<environment.Job instance at 0x7f93e7dd63c0>,24,25,[9 5],25,169,194,144,165
1,<environment.Job instance at 0x7f942e6e6e60>,25,22,[3 8],26,177,199,151,177
1,<environment.Job instance at 0x7f942ba51d20>,28,22,[ 1 13],29,199,221,170,192
1,<environment.Job instance at 0x7f942ba510a0>,29,26,[7 2],30,194,220,164,192
1,<environment.Job instance at 0x7f942bf070f0>,8,16,[12  3],9,221,237,212,209
1,<environment.Job instance at 0x7f942bf07550>,5,20,[ 2 11],6,222,242,216,222
1,<environment.Job instance at 0x7f942bf07550>,1,27,[ 5 14],2,2,29,0,2
1,<environment.Job instance at 0x7f93e83d4aa0>,4,20,[12  3],5,29,49,24,23
1,<environment.Job instance at 0x7f942bb6a460>,6,26,[13  3],7,49,75,42,46
1,<environment.Job instance at 0x7f93e7dd6550>,3,15,[12  2],4,75,90,71,61
1,<environment.Job instance at 0x7f942bf077d0>,2,17,[14  2],3,90,107,87,78
1,<environment.Job instance at 0x7f942bc768c0>,12,14,[12  5],13,107,121,94,93
1,<environment.Job instance at 0x7f942bc76aa0>,13,22,[14  5],14,121,143,107,114
1,<environment.Job instance at 0x7f942bc766e0>,11,12,[12  5],12,143,155,131,126
1,<environment.Job instance at 0x7f942bb2a960>,15,22,[10  3],16,155,177,139,148
1,<environment.Job instance at 0x7f942bb2a500>,14,19,[5 2],15,155,174,140,148
1,<environment.Job instance at 0x7f942e3231e0>,10,13,[13  3],11,178,191,167,178
1,<environment.Job instance at 0x7f942bb2a0a0>,18,14,[12  2],19,191,205,172,183
1,<environment.Job instance at 0x7f942bb2af00>,21,14,[ 3 11],22,199,213,177,199
1,<environment.Job instance at 0x7f942bb2a3c0>,22,15,[11  2],23,205,220,182,204
1,<environment.Job instance at 0x7f93e82c5e60>,29,25,[9 4],30,225,250,195,225
1,<environment.Job instance at 0x7f93e82c5fa0>,30,15,[13  3],31,250,265,219,239
1,<environment.Job instance at 0x7f93e82c5f50>,31,17,[ 1 14],32,265,282,233,253
1,<environment.Job instance at 0x7f93e82de050>,0,27,[5 2],1,1,28,0,1
1,<environment.Job instance at 0x7f93e82de500>,1,12,[ 3 13],2,2,14,0,2
1,<environment.Job instance at 0x7f93e82de640>,2,17,[14  5],3,28,45,25,16
1,<environment.Job instance at 0x7f942bebeb90>,9,19,[5 8],10,45,64,35,35
1,<environment.Job instance at 0x7f942bebe5a0>,11,22,[14  3],12,64,86,52,57
1,<environment.Job instance at 0x7f942e85bc30>,12,22,[11  5],13,86,108,73,79
1,<environment.Job instance at 0x7f942e85bb90>,14,21,[5 8],15,108,129,93,100
1,<environment.Job instance at 0x7f942e85b0f0>,15,21,[11  3],16,129,150,113,121
1,<environment.Job instance at 0x7f942e85bdc0>,16,24,[1 8],17,129,153,112,124
1,<environment.Job instance at 0x7f942e85b370>,19,12,[11  2],20,150,162,130,133
1,<environment.Job instance at 0x7f942e85be10>,20,18,[ 3 11],21,153,171,132,142
1,<environment.Job instance at 0x7f942e85b5f0>,21,15,[ 3 12],22,171,186,149,157
1,<environment.Job instance at 0x7f942e85b190>,23,24,[2 8],24,186,210,162,181
1,<environment.Job instance at 0x7f942e85b0a0>,24,24,[5 7],25,186,210,161,182
1,<environment.Job instance at 0x7f942e85b5a0>,25,13,[14  2],26,210,223,184,194
1,<environment.Job instance at 0x7f942e85bd20>,26,12,[ 5 14],27,223,235,196,206
1,<environment.Job instance at 0x7f942e85b780>,27,28,[11  4],28,235,263,207,234
1,<environment.Job instance at 0x7f93e8351410>,28,23,[1 6],29,235,258,206,234
1,<environment.Job instance at 0x7f93e8351550>,29,26,[1 8],30,258,284,228,255
1,<environment.Job instance at 0x7f93e83515f0>,33,25,[7 5],34,263,288,229,259
1,<environment.Job instance at 0x7f94330d4d20>,0,12,[ 3 11],1,2,14,1,2
1,<environment.Job instance at 0x7f942e3205f0>,5,23,[ 1 11],6,14,37,8,8
1,<environment.Job instance at 0x7f93e86662d0>,7,24,[12  4],8,10,34,2,10
1,<environment.Job instance at 0x7f942e339e10>,4,16,[14  2],5,34,50,29,25
1,<environment.Job instance at 0x7f93e80f31e0>,12,18,[ 3 13],13,50,68,37,39
1,<environment.Job instance at 0x7f942bbc2230>,13,17,[12  4],14,68,85,54,59
1,<environment.Job instance at 0x7f93e7e4cc80>,16,22,[ 2 13],17,85,107,68,78
1,<environment.Job instance at 0x7f942e1f8af0>,17,12,[ 3 11],18,107,119,89,90
1,<environment.Job instance at 0x7f942bc793c0>,8,16,[11  3],9,107,123,98,96
1,<environment.Job instance at 0x7f942e1f82d0>,20,16,[13  3],21,123,139,102,110
1,<environment.Job instance at 0x7f942e1f8b90>,21,22,[5 2],22,139,161,117,132
1,<environment.Job instance at 0x7f942e1f88c0>,19,14,[ 1 12],20,132,146,112,132
1,<environment.Job instance at 0x7f93e854edc0>,22,23,[11  1],23,161,184,138,155
1,<environment.Job instance at 0x7f93e80f0780>,24,18,[ 1 13],25,155,173,130,155
1,<environment.Job instance at 0x7f93e7ff4aa0>,26,13,[11  3],27,184,197,157,168
1,<environment.Job instance at 0x7f942e76d370>,27,28,[7 5],28,197,225,169,196
1,<environment.Job instance at 0x7f93e80f0e10>,23,20,[6 2],24,197,217,173,196
1,<environment.Job instance at 0x7f942bbc2a50>,14,12,[14  4],15,225,237,210,210
1,<environment.Job instance at 0x7f93e8666e60>,9,16,[11  5],10,237,253,227,230
1,<environment.Job instance at 0x7f942e3e7410>,32,25,[10  1],33,253,278,220,249
1,<environment.Job instance at 0x7f93f2cb58c0>,11,22,[ 4 11],12,263,285,251,263
1,<environment.Job instance at 0x7f942bfcccd0>,1,23,[3 9],2,2,25,0,2
1,<environment.Job instance at 0x7f942be2e3c0>,3,21,[1 8],4,25,46,21,17
1,<environment.Job instance at 0x7f93e8567780>,9,12,[10  2],10,17,29,7,17
1,<environment.Job instance at 0x7f93e8567960>,10,23,[5 9],11,46,69,35,40
1,<environment.Job instance at 0x7f93e8567fa0>,11,17,[ 2 14],12,69,86,57,57
1,<environment.Job instance at 0x7f93e85677d0>,13,28,[11  2],14,86,114,72,85
1,<environment.Job instance at 0x7f93e85670f0>,14,28,[ 4 10],15,97,125,82,97
1,<environment.Job instance at 0x7f93e85674b0>,12,22,[11  4],13,114,136,101,107
1,<environment.Job instance at 0x7f93e85969b0>,18,13,[12  3],19,136,149,117,121
1,<environment.Job instance at 0x7f93e8596a50>,21,20,[ 1 11],22,127,147,105,127
1,<environment.Job instance at 0x7f93e8596730>,23,20,[7 1],24,149,169,125,140
1,<environment.Job instance at 0x7f93e7f400f0>,24,19,[ 4 11],25,149,168,124,140
1,<environment.Job instance at 0x7f93e7f40a00>,26,19,[13  2],27,169,188,142,159
1,<environment.Job instance at 0x7f942c185500>,27,27,[5 9],28,188,215,160,186
1,<environment.Job instance at 0x7f93e7f40050>,28,24,[ 3 14],29,215,239,186,210
1,<environment.Job instance at 0x7f93e7f40370>,29,24,[3 7],30,239,263,209,234
1,<environment.Job instance at 0x7f942be43870>,32,14,[ 5 11],33,263,277,230,251
1,<environment.Job instance at 0x7f93e827cbe0>,35,17,[ 2 13],36,277,294,241,265
1,<environment.Job instance at 0x7f93e8567910>,1,20,[10  3],2,2,22,0,2
1,<environment.Job instance at 0x7f93e8567e60>,2,27,[7 2],3,22,49,19,20
1,<environment.Job instance at 0x7f93e8567c30>,7,22,[13  4],8,49,71,41,42
1,<environment.Job instance at 0x7f942e9cec80>,8,18,[ 5 12],9,71,89,62,60
1,<environment.Job instance at 0x7f942e9ce960>,9,25,[12  1],10,89,114,79,85
1,<environment.Job instance at 0x7f942e9ce1e0>,10,26,[12  2],11,114,140,103,111
1,<environment.Job instance at 0x7f942e9cea00>,11,25,[4 8],12,140,165,128,136
1,<environment.Job instance at 0x7f93e8623b90>,13,12,[13  2],14,165,177,151,148
1,<environment.Job instance at 0x7f93e8623140>,14,22,[6 2],15,177,199,162,170
1,<environment.Job instance at 0x7f93e8623870>,15,26,[2 8],16,170,196,154,170
1,<environment.Job instance at 0x7f93e86236e0>,16,23,[4 7],17,196,219,179,190
1,<environment.Job instance at 0x7f93e8623640>,18,14,[ 2 13],19,219,233,200,204
1,<environment.Job instance at 0x7f93e86231e0>,21,23,[8 4],22,233,256,211,227
1,<environment.Job instance at 0x7f93e8623500>,22,27,[ 1 13],23,256,283,233,254
1,<environment.Job instance at 0x7f93e8567dc0>,4,21,[10  1],5,258,279,253,258
1,<environment.Job instance at 0x7f93e8623a00>,23,18,[11  3],24,283,301,259,272
1,<environment.Job instance at 0x7f93e8623b40>,0,27,[ 5 13],1,1,28,0,1
1,<environment.Job instance at 0x7f93e8623e10>,1,15,[ 3 13],2,28,43,26,14
1,<environment.Job instance at 0x7f93e7cf2410>,6,19,[10  4],7,43,62,36,33
1,<environment.Job instance at 0x7f93e7cf2140>,7,24,[14  3],8,62,86,54,57
1,<environment.Job instance at 0x7f93e7cf2af0>,8,24,[2 6],9,86,110,77,81
1,<environment.Job instance at 0x7f942e9800f0>,12,25,[ 2 12],13,110,135,97,106
1,<environment.Job instance at 0x7f942e9801e0>,13,24,[ 2 10],14,135,159,121,130
1,<environment.Job instance at 0x7f942e980820>,14,23,[7 1],15,130,153,115,130
1,<environment.Job instance at 0x7f942e980870>,15,23,[11  3],16,153,176,137,147
1,<environment.Job instance at 0x7f942e9804b0>,16,26,[ 1 13],17,176,202,159,173
1,<environment.Job instance at 0x7f942e980370>,17,24,[12  4],18,202,226,184,197
1,<environment.Job instance at 0x7f942bdcd320>,21,19,[4 6],22,226,245,204,216
1,<environment.Job instance at 0x7f942bdcd230>,22,28,[ 5 13],23,245,273,222,244
1,<environment.Job instance at 0x7f942bdcd140>,24,27,[6 4],25,273,300,248,271
1,<environment.Job instance at 0x7f93e7cf2c30>,9,21,[1 9],10,273,294,263,272
1,<environment.Job instance at 0x7f058def9140>,1,22,[11  3],2,2,24,0,2
1,<environment.Job instance at 0x7f058def9320>,2,22,[4 8],3,3,25,0,3
1,<environment.Job instance at 0x7f0586aea230>,3,26,[11  4],4,24,50,20,21
1,<environment.Job instance at 0x7f0586aea1e0>,5,24,[1 5],6,25,49,19,21
1,<environment.Job instance at 0x7f058df82e10>,4,21,[1 6],5,25,46,20,23
1,<environment.Job instance at 0x7f0586aea6e0>,8,22,[14  3],9,50,72,41,43
1,<environment.Job instance at 0x7f0586aea960>,12,26,[ 1 12],13,50,76,37,47
1,<environment.Job instance at 0x7f0586aeaa00>,13,18,[ 4 14],14,76,94,62,65
1,<environment.Job instance at 0x7f0586aeab40>,15,18,[ 2 14],16,94,112,78,83
1,<environment.Job instance at 0x7f0586aeabe0>,16,16,[ 3 11],17,112,128,95,99
1,<environment.Job instance at 0x7f0586aeac80>,17,28,[ 5 10],18,128,156,110,127
1,<environment.Job instance at 0x7f0586aeadc0>,19,14,[ 3 11],20,156,170,136,141
1,<environment.Job instance at 0x7f0586aeae60>,20,27,[13  5],21,170,197,149,168
1,<environment.Job instance at 0x7f0586aeae10>,21,26,[ 5 12],22,197,223,175,194
1,<environment.Job instance at 0x7f0586aeafa0>,22,13,[13  1],23,223,236,200,207
1,<environment.Job instance at 0x7f0586aea5a0>,24,13,[ 3 14],25,236,249,211,220
1,<environment.Job instance at 0x7f0586aef320>,25,23,[ 3 13],26,249,272,223,243
1,<environment.Job instance at 0x7f0586aef3c0>,26,26,[1 8],27,272,298,245,269
1,<environment.Job instance at 0x7f0586aef460>,27,25,[5 7],28,272,297,244,269
1,<environment.Job instance at 0x7f0586af6910>,0,14,[ 2 13],1,1,15,0,1
1,<environment.Job instance at 0x7f0586aef370>,1,20,[8 2],2,2,22,0,2
1,<environment.Job instance at 0x7f058df21460>,2,21,[10  1],3,22,43,19,14
1,<environment.Job instance at 0x7f058df21820>,7,26,[ 1 11],8,15,41,7,14
1,<environment.Job instance at 0x7f058df21af0>,9,26,[6 5],10,43,69,33,40
1,<environment.Job instance at 0x7f058df21960>,4,25,[4 5],5,41,66,36,41
1,<environment.Job instance at 0x7f058df21870>,12,16,[ 3 13],13,69,85,56,56
1,<environment.Job instance at 0x7f058e067460>,15,12,[14  5],16,85,97,69,68
1,<environment.Job instance at 0x7f058e0678c0>,16,26,[11  4],17,97,123,80,94
1,<environment.Job instance at 0x7f054dad6cd0>,17,19,[ 3 12],18,123,142,105,113
1,<environment.Job instance at 0x7f058e067050>,18,21,[ 1 10],19,142,163,123,134
1,<environment.Job instance at 0x7f058e067910>,20,21,[6 5],21,142,163,121,135
1,<environment.Job instance at 0x7f058e067a50>,21,26,[ 5 12],22,163,189,141,160
1,<environment.Job instance at 0x7f058e06c7d0>,22,27,[12  2],23,189,216,166,187
1,<environment.Job instance at 0x7f0586aef460>,3,16,[ 2 11],4,196,212,192,196
1,<environment.Job instance at 0x7f058e06ca50>,23,15,[12  1],24,216,231,192,202
1,<environment.Job instance at 0x7f058e06caa0>,26,21,[ 1 12],27,212,233,185,204
1,<environment.Job instance at 0x7f058e06c280>,27,19,[11  2],28,231,250,203,221
1,<environment.Job instance at 0x7f058e06c1e0>,24,14,[ 2 11],25,233,247,208,223
1,<environment.Job instance at 0x7f058e06cf00>,30,19,[13  1],31,250,269,219,240
1,<environment.Job instance at 0x7f058e06c690>,32,22,[14  4],33,269,291,236,262
1,<environment.Job instance at 0x7f0542e2f1e0>,2,20,[13  3],3,3,23,0,3
1,<environment.Job instance at 0x7f0542e2f140>,3,21,[ 4 12],4,23,44,19,15
1,<environment.Job instance at 0x7f0542e2f690>,4,20,[5 2],5,23,43,18,15
1,<environment.Job instance at 0x7f0542dc1af0>,8,12,[14  5],9,44,56,35,29
1,<environment.Job instance at 0x7f0542dc1730>,11,28,[2 8],12,56,84,44,55
1,<environment.Job instance at 0x7f0542dc1640>,13,21,[12  2],14,56,77,42,55
1,<environment.Job instance at 0x7f0542dc1460>,14,21,[ 5 11],15,84,105,69,76
1,<environment.Job instance at 0x7f0542dc1f00>,16,27,[12  4],17,105,132,88,103
1,<environment.Job instance at 0x7f0542dc18c0>,10,17,[12  2],11,132,149,121,129
1,<environment.Job instance at 0x7f0542dc1e60>,17,27,[14  3],18,149,176,131,147
1,<environment.Job instance at 0x7f0542dc1f50>,19,14,[ 1 12],20,164,178,144,164
1,<environment.Job instance at 0x7f0542e88f00>,21,14,[13  5],22,178,192,156,167
1,<environment.Job instance at 0x7f0542e88aa0>,20,14,[2 7],21,178,192,157,167
1,<environment.Job instance at 0x7f0542e883c0>,22,25,[11  2],23,192,217,169,188
1,<environment.Job instance at 0x7f0542e88a00>,23,14,[12  2],24,217,231,193,208
1,<environment.Job instance at 0x7f0542e88190>,27,13,[ 4 12],28,231,244,203,215
1,<environment.Job instance at 0x7f0542dc19b0>,9,16,[12  3],10,244,260,234,231
1,<environment.Job instance at 0x7f0542e88640>,28,18,[12  2],29,260,278,231,250
1,<environment.Job instance at 0x7f054341bf00>,0,19,[5 5],1,1,20,0,1
1,<environment.Job instance at 0x7f0542e88730>,1,23,[13  1],2,20,43,18,14
1,<environment.Job instance at 0x7f058dcaedc0>,7,27,[10  3],8,43,70,35,41
1,<environment.Job instance at 0x7f054325cc80>,9,14,[14  5],10,70,84,60,55
1,<environment.Job instance at 0x7f054341bcd0>,8,16,[12  5],9,84,100,75,71
1,<environment.Job instance at 0x7f054325cb40>,13,22,[9 5],14,100,122,86,93
1,<environment.Job instance at 0x7f054325ceb0>,14,15,[ 1 12],15,122,137,107,108
1,<environment.Job instance at 0x7f054325ce10>,15,14,[ 1 12],16,137,151,121,122
1,<environment.Job instance at 0x7f05431fcb40>,17,23,[6 4],18,151,174,133,145
1,<environment.Job instance at 0x7f05431fcaa0>,18,26,[ 3 11],19,151,177,132,148
1,<environment.Job instance at 0x7f054341dd70>,21,25,[3 9],22,177,202,155,173
1,<environment.Job instance at 0x7f054325caf0>,10,13,[ 5 13],11,202,215,191,190
1,<environment.Job instance at 0x7f054341d730>,24,23,[13  3],25,215,238,190,215
1,<environment.Job instance at 0x7f054341baa0>,3,26,[ 1 11],4,216,242,212,216
1,<environment.Job instance at 0x7f054341df00>,27,16,[11  4],28,238,254,210,227
1,<environment.Job instance at 0x7f054341d870>,26,23,[ 2 13],27,254,277,227,249
1,<environment.Job instance at 0x7f054341d460>,31,20,[11  1],32,254,274,222,250
1,<environment.Job instance at 0x7f054341d910>,22,13,[14  3],23,277,290,254,261
1,<environment.Job instance at 0x7f054341b960>,0,12,[ 3 14],1,1,13,0,1
1,<environment.Job instance at 0x7f054341deb0>,1,21,[4 8],2,13,34,11,5
1,<environment.Job instance at 0x7f0542e6ce10>,6,28,[6 1],7,7,35,0,7
1,<environment.Job instance at 0x7f0543272050>,9,27,[ 4 12],10,34,61,24,32
1,<environment.Job instance at 0x7f05432e55a0>,11,20,[ 3 14],12,61,81,49,52
1,<environment.Job instance at 0x7f05432e56e0>,12,13,[ 3 14],13,81,94,68,65
1,<environment.Job instance at 0x7f05432e58c0>,13,13,[11  5],14,94,107,80,78
1,<environment.Job instance at 0x7f05432e5f00>,14,24,[8 4],15,107,131,92,102
1,<environment.Job instance at 0x7f0542ec6820>,3,21,[ 3 14],4,131,152,127,123
1,<environment.Job instance at 0x7f05433ba640>,18,14,[7 5],19,152,166,133,137
1,<environment.Job instance at 0x7f05433ba190>,19,25,[1 6],20,152,177,132,148
1,<environment.Job instance at 0x7f05433baa00>,17,25,[13  2],18,166,191,148,162
1,<environment.Job instance at 0x7f058e05fb40>,21,26,[1 9],22,177,203,155,174
1,<environment.Job instance at 0x7f058e05fc30>,22,27,[14  4],23,191,218,168,189
1,<environment.Job instance at 0x7f05434096e0>,20,17,[12  4],21,218,235,197,207
1,<environment.Job instance at 0x7f0542cf3460>,4,21,[ 2 12],5,5,26,0,5
1,<environment.Job instance at 0x7f0542cf3690>,1,15,[14  5],2,26,41,24,12
1,<environment.Job instance at 0x7f0542cf3320>,7,26,[ 5 11],8,41,67,33,38
1,<environment.Job instance at 0x7f0542cf3190>,3,24,[8 2],4,41,65,37,40
1,<environment.Job instance at 0x7f054301fd70>,10,18,[14  2],11,67,85,56,56
1,<environment.Job instance at 0x7f054301fa50>,14,25,[ 3 14],15,85,110,70,81
1,<environment.Job instance at 0x7f054301f7d0>,15,28,[2 8],16,110,138,94,109
1,<environment.Job instance at 0x7f05431fcaf0>,16,21,[ 5 14],17,138,159,121,130
1,<environment.Job instance at 0x7f05431fc0f0>,17,27,[9 3],18,159,186,141,157
1,<environment.Job instance at 0x7f0542cf3870>,5,23,[ 2 12],6,167,190,161,167
1,<environment.Job instance at 0x7f05431fc9b0>,18,15,[13  3],19,186,201,167,173
1,<environment.Job instance at 0x7f05431fc5a0>,20,12,[ 3 12],21,201,213,180,186
1,<environment.Job instance at 0x7f05431fc2d0>,22,25,[ 1 13],23,213,238,190,209
1,<environment.Job instance at 0x7f05431fc3c0>,23,22,[1 6],24,238,260,214,231
1,<environment.Job instance at 0x7f058dbfa820>,24,26,[11  4],25,238,264,213,235
1,<environment.Job instance at 0x7f058dbfa870>,25,22,[8 2],26,264,286,238,257
1,<environment.Job instance at 0x7f05431fcfa0>,21,26,[7 3],22,264,290,242,263
1,<environment.Job instance at 0x7f058e05f640>,2,13,[14  1],3,290,303,287,275
1,<environment.Job instance at 0x7f0542f5d550>,5,25,[7 1],6,6,31,0,6
1,<environment.Job instance at 0x7f058d778410>,3,18,[7 5],4,6,24,2,6
1,<environment.Job instance at 0x7f058d7785a0>,2,22,[ 5 13],3,24,46,21,20
1,<environment.Job instance at 0x7f0542f69c80>,0,16,[11  2],1,46,62,45,33
1,<environment.Job instance at 0x7f058d8b3aa0>,11,26,[ 4 10],12,46,72,34,43
1,<environment.Job instance at 0x7f058d8b3870>,12,20,[ 4 11],13,72,92,59,63
1,<environment.Job instance at 0x7f058d8b3a00>,13,14,[ 5 12],14,92,106,78,85
1,<environment.Job instance at 0x7f058d8b3910>,15,25,[7 3],16,89,114,73,89
1,<environment.Job instance at 0x7f0543252910>,14,24,[ 5 11],15,106,130,91,103
1,<environment.Job instance at 0x7f058d8b3730>,17,12,[ 3 14],18,130,142,112,113
1,<environment.Job instance at 0x7f054303e780>,16,18,[11  5],17,142,160,125,131
1,<environment.Job instance at 0x7f058d4f93c0>,20,20,[2 9],21,142,162,121,133
1,<environment.Job instance at 0x7f05430b8910>,21,17,[ 2 13],22,162,179,140,150
1,<environment.Job instance at 0x7f05430b82d0>,22,27,[12  4],23,179,206,156,177
1,<environment.Job instance at 0x7f058d4f91e0>,19,17,[ 1 11],20,179,196,159,177
1,<environment.Job instance at 0x7f0586ae2460>,24,12,[ 1 12],25,206,218,181,189
1,<environment.Job instance at 0x7f058d832eb0>,26,12,[ 5 12],27,218,230,191,201
1,<environment.Job instance at 0x7f058d8320f0>,27,14,[14  1],28,230,244,202,215
1,<environment.Job instance at 0x7f058d4f90f0>,25,18,[1 7],26,230,248,204,222
1,<environment.Job instance at 0x7f058d832190>,29,14,[12  4],30,244,258,214,241
1,<environment.Job instance at 0x7f058d946140>,31,20,[10  5],32,258,278,226,249
1,<environment.Job instance at 0x7f0542f5d6e0>,7,27,[ 5 10],8,261,288,253,261
1,<environment.Job instance at 0x7f0586c58d20>,1,16,[14  3],2,2,18,0,2
1,<environment.Job instance at 0x7f054305eaf0>,2,20,[11  1],3,18,38,15,9
1,<environment.Job instance at 0x7f058d7780f0>,7,21,[12  5],8,38,59,30,30
1,<environment.Job instance at 0x7f058d778f50>,9,25,[6 1],10,59,84,49,55
1,<environment.Job instance at 0x7f0586ee42d0>,10,24,[11  4],11,84,108,73,79
1,<environment.Job instance at 0x7f0586a86f00>,12,27,[5 1],13,108,135,95,106
1,<environment.Job instance at 0x7f0586a86d70>,13,21,[1 6],14,106,127,92,106
1,<environment.Job instance at 0x7f0542f69fa0>,4,27,[7 2],5,108,135,103,106
1,<environment.Job instance at 0x7f058d376b90>,3,14,[6 5],4,135,149,131,120
1,<environment.Job instance at 0x7f0586b41410>,17,25,[8 3],18,135,160,117,133
1,<environment.Job instance at 0x7f0586b412d0>,19,16,[ 5 10],20,149,165,129,137
1,<environment.Job instance at 0x7f0586b41b40>,14,17,[14  5],15,165,182,150,153
1,<environment.Job instance at 0x7f058d6f8a00>,22,19,[12  1],23,182,201,159,172
1,<environment.Job instance at 0x7f058d6f8780>,23,26,[4 7],24,201,227,177,198
1,<environment.Job instance at 0x7f058d6f8690>,24,21,[6 5],25,201,222,176,198
1,<environment.Job instance at 0x7f058d6f8b90>,25,18,[ 2 13],26,227,245,201,216
1,<environment.Job instance at 0x7f0542fb48c0>,26,20,[3 6],27,245,265,218,236
1,<environment.Job instance at 0x7f058d6f8460>,28,19,[ 5 10],29,265,284,236,255
1,<environment.Job instance at 0x7f058d419be0>,32,28,[9 1],33,260,288,227,260
1,<environment.Job instance at 0x7f0542f697d0>,0,21,[5 2],1,1,22,0,1
1,<environment.Job instance at 0x7f058d7786e0>,1,23,[ 4 11],2,2,25,0,2
1,<environment.Job instance at 0x7f058d8b9f00>,2,26,[ 3 14],3,25,51,22,22
1,<environment.Job instance at 0x7f05868fbaa0>,8,25,[14  5],9,51,76,42,47
1,<environment.Job instance at 0x7f05868d9960>,11,13,[12  5],12,76,89,64,61
1,<environment.Job instance at 0x7f05868d9a00>,14,22,[9 4],15,89,111,74,82
1,<environment.Job instance at 0x7f05868d9870>,15,27,[12  1],16,111,138,95,109
1,<environment.Job instance at 0x7f05868d9fa0>,16,22,[11  5],17,138,160,121,131
1,<environment.Job instance at 0x7f05868d9f50>,18,22,[ 3 14],19,160,182,141,153
1,<environment.Job instance at 0x7f05868d93c0>,19,26,[2 7],20,182,208,162,179
1,<environment.Job instance at 0x7f05868d9190>,20,23,[10  3],21,189,212,168,189
1,<environment.Job instance at 0x7f05868fbbe0>,6,12,[11  1],7,212,224,205,197
1,<environment.Job instance at 0x7f058d7787d0>,3,12,[ 2 13],4,212,224,208,201
1,<environment.Job instance at 0x7f05868d9dc0>,21,16,[14  1],22,224,240,202,211
1,<environment.Job instance at 0x7f05868d9b90>,13,16,[11  4],14,240,256,226,228
1,<environment.Job instance at 0x7f05868fb0a0>,4,19,[ 4 11],5,240,259,235,236
1,<environment.Job instance at 0x7f05868d9410>,25,18,[11  1],26,256,274,230,245
1,<environment.Job instance at 0x7f05868c9be0>,28,18,[12  5],29,274,292,245,267
1,<environment.Job instance at 0x7f05868c95f0>,30,18,[1 5],31,267,285,236,267
1,<environment.Job instance at 0x7f058693c0f0>,0,27,[ 5 12],1,1,28,0,1
1,<environment.Job instance at 0x7f058693c1e0>,2,16,[ 2 13],3,28,44,25,15
1,<environment.Job instance at 0x7f058d39bcd0>,7,14,[ 2 13],8,44,58,36,29
1,<environment.Job instance at 0x7f058d39bb40>,8,13,[14  5],9,58,71,49,42
1,<environment.Job instance at 0x7f058693c870>,5,13,[14  1],6,71,84,65,56
1,<environment.Job instance at 0x7f058d6ad820>,10,21,[ 2 14],11,84,105,73,78
1,<environment.Job instance at 0x7f0543110460>,13,16,[ 3 10],14,105,121,91,94
1,<environment.Job instance at 0x7f058693c460>,6,26,[11  5],7,105,131,98,104
1,<environment.Job instance at 0x7f05869fb690>,16,26,[ 1 10],17,121,147,104,119
1,<environment.Job instance at 0x7f0586a6cfa0>,18,21,[12  5],19,131,152,112,125
1,<environment.Job instance at 0x7f058d2f3370>,19,14,[5 4],20,152,166,132,139
1,<environment.Job instance at 0x7f05869eaa00>,20,20,[11  5],21,166,186,145,157
1,<environment.Job instance at 0x7f058d39bdc0>,14,18,[ 1 12],15,186,204,171,177
1,<environment.Job instance at 0x7f05869e1c30>,22,18,[9 3],23,186,204,163,178
1,<environment.Job instance at 0x7f058d687e10>,24,12,[ 4 11],25,204,216,179,189
1,<environment.Job instance at 0x7f058d81eb90>,26,21,[ 1 12],27,216,237,189,208
1,<environment.Job instance at 0x7f0543399190>,27,22,[ 4 12],28,237,259,209,237
1,<environment.Job instance at 0x7f058d6878c0>,28,22,[13  5],29,259,281,230,253
1,<environment.Job instance at 0x7f05432615a0>,0,26,[13  5],1,1,27,0,1
1,<environment.Job instance at 0x7f0586f645a0>,1,16,[ 1 13],2,27,43,25,14
1,<environment.Job instance at 0x7f058dacbb40>,8,28,[12  3],9,43,71,34,42
1,<environment.Job instance at 0x7f058dacb640>,9,20,[5 6],10,71,91,61,62
1,<environment.Job instance at 0x7f058dacb460>,11,14,[3 8],12,74,88,62,74
1,<environment.Job instance at 0x7f0542bd9460>,14,12,[ 3 12],15,91,103,76,77
1,<environment.Job instance at 0x7f0542bd9c30>,15,12,[11  4],16,103,115,87,86
1,<environment.Job instance at 0x7f058dacb2d0>,16,20,[ 3 14],17,115,135,98,106
1,<environment.Job instance at 0x7f0542bd95a0>,17,16,[12  1],18,115,131,97,109
1,<environment.Job instance at 0x7f0542bd9050>,18,21,[1 7],19,135,156,116,127
1,<environment.Job instance at 0x7f0542bd9a50>,20,28,[ 1 11],21,156,184,135,155
1,<environment.Job instance at 0x7f0542bd9af0>,21,22,[8 3],22,155,177,133,155
1,<environment.Job instance at 0x7f058693a410>,22,28,[14  4],23,177,205,154,176
1,<environment.Job instance at 0x7f058693a320>,23,27,[13  4],24,205,232,181,203
1,<environment.Job instance at 0x7f0542f89b40>,24,12,[ 5 11],25,232,244,207,223
1,<environment.Job instance at 0x7f0542f83af0>,5,14,[13  2],6,244,258,238,239
1,<environment.Job instance at 0x7f0542f89fa0>,26,17,[14  2],27,258,275,231,246
1,<environment.Job instance at 0x7f0542f894b0>,27,17,[ 1 12],28,247,264,219,247
1,<environment.Job instance at 0x7f0542c18dc0>,0,28,[5 2],1,1,29,0,1
1,<environment.Job instance at 0x7f058d450910>,1,21,[ 4 12],2,2,23,0,2
1,<environment.Job instance at 0x7f0542bd9e10>,4,13,[1 6],5,23,36,18,18
1,<environment.Job instance at 0x7f0542f1e730>,7,21,[11  3],8,29,50,21,27
1,<environment.Job instance at 0x7f05433eda00>,3,18,[11  5],4,50,68,46,39
1,<environment.Job instance at 0x7f05432f19b0>,5,21,[ 3 10],6,40,61,34,40
1,<environment.Job instance at 0x7f0586ad32d0>,13,27,[11  2],14,68,95,54,66
1,<environment.Job instance at 0x7f0586ad3230>,16,22,[14  2],17,95,117,78,88
1,<environment.Job instance at 0x7f0586ad31e0>,18,21,[10  3],19,117,138,98,109
1,<environment.Job instance at 0x7f0586ad33c0>,19,22,[ 2 11],20,117,139,97,110
1,<environment.Job instance at 0x7f0586ad3eb0>,20,16,[11  5],21,139,155,118,126
1,<environment.Job instance at 0x7f0542d94910>,23,24,[4 7],24,139,163,115,134
1,<environment.Job instance at 0x7f0542d945f0>,25,19,[7 5],26,155,174,129,145
1,<environment.Job instance at 0x7f058d847190>,8,17,[7 4],9,163,180,154,159
1,<environment.Job instance at 0x7f0542f83550>,11,14,[11  3],12,180,194,168,166
1,<environment.Job instance at 0x7f0542d949b0>,28,22,[5 7],29,194,216,165,187
1,<environment.Job instance at 0x7f0542d7b370>,32,20,[5 8],33,203,223,170,203
1,<environment.Job instance at 0x7f0542d7b4b0>,33,24,[8 5],34,216,240,182,212
1,<environment.Job instance at 0x7f0586ad3c30>,22,24,[13  4],23,240,264,217,235
1,<environment.Job instance at 0x7f0542d7b2d0>,31,22,[12  4],32,264,286,232,258
1,<environment.Job instance at 0x7f0542d8fa00>,0,22,[ 1 14],1,1,23,0,1
1,<environment.Job instance at 0x7f0542d8f8c0>,4,27,[11  4],5,23,50,18,21
1,<environment.Job instance at 0x7f0542d8faa0>,9,27,[ 4 13],10,50,77,40,48
1,<environment.Job instance at 0x7f054324b910>,10,22,[12  5],11,77,99,66,70
1,<environment.Job instance at 0x7f054324b460>,12,12,[2 5],13,77,89,64,73
1,<environment.Job instance at 0x7f054324bdc0>,14,14,[ 1 11],15,99,113,84,85
1,<environment.Job instance at 0x7f054324b960>,15,27,[10  2],16,99,126,83,97
1,<environment.Job instance at 0x7f0542cf3050>,17,22,[2 8],18,113,135,95,106
1,<environment.Job instance at 0x7f0542cf3820>,16,27,[13  1],17,126,153,109,125
1,<environment.Job instance at 0x7f0542cf3690>,18,26,[12  3],19,153,179,134,150
1,<environment.Job instance at 0x7f0542d8fd20>,6,28,[8 1],7,179,207,172,179
1,<environment.Job instance at 0x7f0542cf3dc0>,22,26,[5 5],23,179,205,156,179
1,<environment.Job instance at 0x7f0542cf3550>,20,23,[13  4],21,207,230,186,201
1,<environment.Job instance at 0x7f0542cf30a0>,25,25,[ 2 10],26,205,230,179,201
1,<environment.Job instance at 0x7f0542cf3be0>,26,14,[11  3],27,230,244,203,216
1,<environment.Job instance at 0x7f0542cf3280>,28,19,[3 6],29,230,249,201,220
1,<environment.Job instance at 0x7f0542c82780>,30,21,[9 1],31,244,265,213,236
1,<environment.Job instance at 0x7f0542c82410>,31,19,[ 3 11],32,249,268,217,243
1,<environment.Job instance at 0x7f0542cf3d20>,23,14,[10  4],24,265,279,241,253
1,<environment.Job instance at 0x7f0542cf39b0>,1,21,[4 9],2,2,23,0,2
1,<environment.Job instance at 0x7f0542cf3d20>,3,22,[6 2],4,6,28,2,6
1,<environment.Job instance at 0x7f058d709f00>,2,14,[12  4],3,28,42,25,17
1,<environment.Job instance at 0x7f058d709280>,8,15,[ 1 12],9,42,57,33,28
1,<environment.Job instance at 0x7f0586e742d0>,9,20,[5 6],10,57,77,47,48
1,<environment.Job instance at 0x7f058d709190>,10,28,[7 1],11,53,81,42,53
1,<environment.Job instance at 0x7f058d709b40>,11,12,[13  3],12,81,93,69,64
1,<environment.Job instance at 0x7f0586e6f140>,12,16,[ 3 12],13,93,109,80,80
1,<environment.Job instance at 0x7f058d709d20>,4,12,[12  1],5,93,105,88,81
1,<environment.Job instance at 0x7f0586e6faa0>,13,22,[ 5 14],14,109,131,95,102
1,<environment.Job instance at 0x7f0586facf50>,15,19,[ 4 14],16,131,150,115,121
1,<environment.Job instance at 0x7f0586facb40>,16,23,[9 5],17,150,173,133,144
1,<environment.Job instance at 0x7f0586e6faf0>,14,28,[2 9],15,150,178,135,150
1,<environment.Job instance at 0x7f0586fac230>,18,27,[13  3],19,173,200,154,171
1,<environment.Job instance at 0x7f0542bd4d70>,21,24,[5 4],22,200,224,178,195
1,<environment.Job instance at 0x7f0542bd4640>,22,20,[ 1 13],23,224,244,201,215
1,<environment.Job instance at 0x7f0542bd45f0>,24,27,[ 3 14],25,244,271,219,242
1,<environment.Job instance at 0x7f0542bd43c0>,26,27,[3 6],27,271,298,244,269
1,<environment.Job instance at 0x7f0542bd4d20>,29,28,[12  3],30,271,299,241,270
1,<environment.Job instance at 0x7f0542bd4f50>,1,14,[ 3 13],2,2,16,0,2
1,<environment.Job instance at 0x7f0586fac550>,2,23,[6 1],3,3,26,0,3
1,<environment.Job instance at 0x7f0542bd4d20>,3,19,[12  4],4,26,45,22,16
1,<environment.Job instance at 0x7f0586becbe0>,8,26,[1 8],9,16,42,7,16
1,<environment.Job instance at 0x7f05868cbbe0>,14,16,[ 3 12],15,45,61,30,32
1,<environment.Job instance at 0x7f05868cb820>,15,26,[ 5 13],16,61,87,45,58
1,<environment.Job instance at 0x7f054313a050>,17,15,[11  1],18,87,102,69,73
1,<environment.Job instance at 0x7f054313aa00>,18,19,[13  4],19,102,121,83,92
1,<environment.Job instance at 0x7f054313afa0>,20,12,[ 3 11],21,121,133,100,104
1,<environment.Job instance at 0x7f0542e1daa0>,24,16,[14  2],25,133,149,108,120
1,<environment.Job instance at 0x7f0542e1d870>,25,23,[ 1 11],26,133,156,107,127
1,<environment.Job instance at 0x7f0542e1dd20>,27,24,[12  4],28,149,173,121,144
1,<environment.Job instance at 0x7f0542e1dcd0>,29,16,[11  5],30,173,189,143,162
1,<environment.Job instance at 0x7f0542e1deb0>,31,22,[ 4 11],32,189,211,157,182
1,<environment.Job instance at 0x7f0542e2b190>,32,18,[ 3 13],33,211,229,178,200
1,<environment.Job instance at 0x7f0542e1df50>,33,17,[12  4],34,229,246,195,217
1,<environment.Job instance at 0x7f0542e2b4b0>,36,22,[ 2 13],37,246,268,209,239
1,<environment.Job instance at 0x7f0542e2b550>,37,12,[ 3 11],38,268,280,230,251
1,<environment.Job instance at 0x7f0542e2b5f0>,38,19,[9 2],39,251,270,212,251
1,<environment.Job instance at 0x7f05869295a0>,0,27,[2 5],1,1,28,0,1
1,<environment.Job instance at 0x7f058693f230>,4,22,[13  1],5,6,28,1,6
1,<environment.Job instance at 0x7f0586d0fb90>,3,17,[13  5],4,28,45,24,22
1,<environment.Job instance at 0x7f05869291e0>,5,24,[12  4],6,45,69,39,41
1,<environment.Job instance at 0x7f0542e02cd0>,8,18,[ 3 11],9,49,67,40,49
1,<environment.Job instance at 0x7f0542e2b500>,1,13,[ 3 13],2,69,82,67,53
1,<environment.Job instance at 0x7f0542e02b90>,11,23,[3 9],12,82,105,70,76
1,<environment.Job instance at 0x7f0542e02e10>,13,21,[1 8],14,105,126,91,97
1,<environment.Job instance at 0x7f0586929eb0>,7,27,[9 5],8,97,124,89,97
1,<environment.Job instance at 0x7f0542e02f50>,14,17,[ 4 14],15,126,143,111,114
1,<environment.Job instance at 0x7f0542e02730>,18,20,[6 2],19,143,163,124,134
1,<environment.Job instance at 0x7f0542be0780>,20,23,[5 9],21,143,166,122,141
1,<environment.Job instance at 0x7f0542be0280>,21,17,[ 2 14],22,166,183,144,154
1,<environment.Job instance at 0x7f0542be0460>,22,22,[11  4],23,183,205,160,176
1,<environment.Job instance at 0x7f0542be0e60>,23,28,[11  2],24,205,233,181,204
1,<environment.Job instance at 0x7f0542be0c80>,24,28,[ 4 10],25,204,232,179,204
1,<environment.Job instance at 0x7f0542be02d0>,25,24,[6 2],26,233,257,207,228
1,<environment.Job instance at 0x7f0542be0640>,27,26,[12  4],28,257,283,229,254
1,<environment.Job instance at 0x7f0542be0190>,28,13,[12  3],29,283,296,254,267
1,<environment.Job instance at 0x7f0586929b40>,1,20,[10  3],2,2,22,0,2
1,<environment.Job instance at 0x7f05433df640>,2,27,[7 2],3,22,49,19,20
1,<environment.Job instance at 0x7f0542e98dc0>,7,22,[13  4],8,49,71,41,42
1,<environment.Job instance at 0x7f0542e98cd0>,8,18,[ 5 12],9,71,89,62,60
1,<environment.Job instance at 0x7f058d946a00>,9,25,[12  1],10,89,114,79,85
1,<environment.Job instance at 0x7f0543223550>,10,26,[12  2],11,114,140,103,111
1,<environment.Job instance at 0x7f05432235a0>,11,25,[4 8],12,140,165,128,136
1,<environment.Job instance at 0x7f0542bcf0f0>,13,12,[13  2],14,165,177,151,148
1,<environment.Job instance at 0x7f0542f1a690>,14,22,[6 2],15,177,199,162,170
1,<environment.Job instance at 0x7f0542f1a140>,15,26,[2 8],16,170,196,154,170
1,<environment.Job instance at 0x7f0586b6b410>,16,23,[4 7],17,196,219,179,190
1,<environment.Job instance at 0x7f0586b6bb90>,17,12,[10  2],18,199,211,181,190
1,<environment.Job instance at 0x7f0543032190>,18,14,[ 2 13],19,219,233,200,204
1,<environment.Job instance at 0x7f05430320f0>,21,23,[8 4],22,233,256,211,227
1,<environment.Job instance at 0x7f0543032140>,22,27,[ 1 13],23,256,283,233,254
1,<environment.Job instance at 0x7f0543032230>,23,18,[11  3],24,283,301,259,272
1,<environment.Job instance at 0x7f0542c67d20>,1,27,[2 5],2,2,29,0,2
1,<environment.Job instance at 0x7f0586929410>,4,23,[7 1],5,6,29,1,6
1,<environment.Job instance at 0x7f05433dfcd0>,2,25,[ 2 12],3,29,54,26,25
1,<environment.Job instance at 0x7f0543041370>,5,23,[11  3],6,39,62,33,39
1,<environment.Job instance at 0x7f058d94d1e0>,11,19,[4 6],12,54,73,42,44
1,<environment.Job instance at 0x7f058d4b4eb0>,14,27,[6 4],15,62,89,47,60
1,<environment.Job instance at 0x7f058d4b4a50>,15,13,[11  2],16,89,102,73,78
1,<environment.Job instance at 0x7f058d4b42d0>,16,17,[ 2 14],17,102,119,85,90
1,<environment.Job instance at 0x7f058d4b4dc0>,19,19,[4 5],20,119,138,99,109
1,<environment.Job instance at 0x7f058d4b4230>,20,25,[1 6],21,123,148,102,123
1,<environment.Job instance at 0x7f0586a157d0>,6,26,[ 1 13],7,148,174,141,145
1,<environment.Job instance at 0x7f058d4b46e0>,21,20,[11  1],22,150,170,128,150
1,<environment.Job instance at 0x7f0543176af0>,25,12,[ 1 13],26,174,186,148,157
1,<environment.Job instance at 0x7f0586a45730>,26,23,[1 5],27,186,209,159,180
1,<environment.Job instance at 0x7f058d5a5500>,7,24,[12  4],8,186,210,178,182
1,<environment.Job instance at 0x7f0586b3e460>,27,14,[ 3 11],28,209,223,181,201
1,<environment.Job instance at 0x7f058d4b4050>,22,21,[2 8],23,223,244,200,215
1,<environment.Job instance at 0x7f0542fedd70>,33,20,[12  3],34,216,236,182,216
1,<environment.Job instance at 0x7f0542fed280>,34,20,[ 4 11],35,244,264,209,236
1,<environment.Job instance at 0x7f0542eb1690>,35,19,[ 2 13],36,264,283,228,257
1,<environment.Job instance at 0x7f058d2e84b0>,3,23,[10  3],4,4,27,0,4
1,<environment.Job instance at 0x7f058d4b43c0>,5,22,[4 9],6,8,30,2,8
1,<environment.Job instance at 0x7f058d2e83c0>,4,24,[ 5 11],5,30,54,25,25
1,<environment.Job instance at 0x7f058d2e8410>,10,25,[ 1 14],11,54,79,43,50
1,<environment.Job instance at 0x7f058d2e8910>,11,25,[7 1],12,50,75,38,50
1,<environment.Job instance at 0x7f058d2e8730>,14,21,[5 6],15,79,100,64,71
1,<environment.Job instance at 0x7f058d2e8500>,15,28,[ 3 11],16,100,128,84,99
1,<environment.Job instance at 0x7f058d2e8140>,16,23,[5 1],17,106,129,89,106
1,<environment.Job instance at 0x7f058d4b4370>,2,16,[14  5],3,129,145,126,127
1,<environment.Job instance at 0x7f054313a6e0>,20,16,[8 1],21,145,161,124,142
1,<environment.Job instance at 0x7f054313ad20>,21,14,[ 2 12],22,145,159,123,142
1,<environment.Job instance at 0x7f058d2e8be0>,19,13,[14  3],20,161,174,141,149
1,<environment.Job instance at 0x7f054313a1e0>,22,19,[13  3],23,174,193,151,164
1,<environment.Job instance at 0x7f054313a730>,24,16,[ 2 12],25,174,190,149,172
1,<environment.Job instance at 0x7f058d2e8e60>,17,16,[14  5],18,193,209,175,180
1,<environment.Job instance at 0x7f054313a820>,27,25,[ 1 14],28,209,234,181,205
1,<environment.Job instance at 0x7f054313a5a0>,28,14,[ 1 11],29,234,248,205,219
1,<environment.Job instance at 0x7f054313afa0>,32,13,[5 1],33,238,251,205,238
1,<environment.Job instance at 0x7f054313ae10>,35,12,[ 3 11],36,248,260,212,243
1,<environment.Job instance at 0x7f05430783c0>,36,13,[11  3],37,251,264,214,244
1,<environment.Job instance at 0x7f054313a9b0>,33,16,[13  2],34,264,280,230,260
1,<environment.Job instance at 0x7f0543078230>,40,25,[ 1 13],41,264,289,223,261
1,<environment.Job instance at 0x7f058d481050>,2,23,[5 2],3,3,26,0,3
1,<environment.Job instance at 0x7f0586bf1140>,3,22,[12  2],4,26,48,22,19
1,<environment.Job instance at 0x7f0586d1c410>,8,28,[ 4 10],9,48,76,39,47
1,<environment.Job instance at 0x7f0586d1ccd0>,9,16,[11  3],10,48,64,38,48
1,<environment.Job instance at 0x7f058d4508c0>,11,27,[14  2],12,76,103,64,74
1,<environment.Job instance at 0x7f0586ba1d70>,13,14,[12  1],14,103,117,89,88
1,<environment.Job instance at 0x7f0586ba1910>,15,18,[1 8],16,88,106,72,88
1,<environment.Job instance at 0x7f0586bf1eb0>,5,15,[11  3],6,117,132,111,107
1,<environment.Job instance at 0x7f0586bf19b0>,6,28,[4 7],7,139,167,132,139
1,<environment.Job instance at 0x7f0586ba16e0>,18,27,[10  4],19,144,171,125,144
1,<environment.Job instance at 0x7f0586ba1f50>,20,21,[2 5],21,167,188,146,159
1,<environment.Job instance at 0x7f058693ec80>,21,24,[ 4 10],22,171,195,149,167
1,<environment.Job instance at 0x7f058d57fdc0>,23,18,[6 3],24,188,206,164,179
1,<environment.Job instance at 0x7f058d57f0f0>,24,23,[7 4],25,195,218,170,193
1,<environment.Job instance at 0x7f0586c0daa0>,25,23,[5 6],26,206,229,180,204
1,<environment.Job instance at 0x7f058d4c4870>,26,16,[2 6],27,218,234,191,205
1,<environment.Job instance at 0x7f058d57f730>,27,25,[ 5 14],28,234,259,206,233
1,<environment.Job instance at 0x7f0586ba1cd0>,22,26,[ 4 13],23,259,285,236,257
1,<environment.Job instance at 0x7f41227d0140>,1,22,[11  3],2,2,24,0,2
1,<environment.Job instance at 0x7f41227d0320>,2,22,[4 8],3,3,25,0,3
1,<environment.Job instance at 0x7f411b3c0230>,3,26,[11  4],4,24,50,20,21
1,<environment.Job instance at 0x7f4122857af0>,4,21,[1 6],5,25,46,20,21
1,<environment.Job instance at 0x7f411b3c0500>,5,24,[1 5],6,25,49,19,23
1,<environment.Job instance at 0x7f411b3c06e0>,8,22,[14  3],9,50,72,41,43
1,<environment.Job instance at 0x7f411b3c08c0>,11,26,[4 8],12,72,98,60,69
1,<environment.Job instance at 0x7f411b3c0a00>,13,18,[ 4 14],14,98,116,84,87
1,<environment.Job instance at 0x7f411b3c0b40>,15,18,[ 2 14],16,116,134,100,105
1,<environment.Job instance at 0x7f411b3c0be0>,16,16,[ 3 11],17,134,150,117,121
1,<environment.Job instance at 0x7f411b3c0c80>,17,28,[ 5 10],18,150,178,132,149
1,<environment.Job instance at 0x7f411b3c0d20>,18,25,[ 4 13],19,178,203,159,174
1,<environment.Job instance at 0x7f411b3c0dc0>,19,14,[ 3 11],20,203,217,183,190
1,<environment.Job instance at 0x7f411b3c0e60>,20,27,[13  5],21,217,244,196,215
1,<environment.Job instance at 0x7f411b3c0f50>,21,26,[ 5 12],22,244,270,222,241
1,<environment.Job instance at 0x7f411b3c05a0>,6,20,[6 1],7,251,271,244,251
1,<environment.Job instance at 0x7f411b3c01e0>,22,13,[13  1],23,271,284,248,255
1,<environment.Job instance at 0x7f411b3c0eb0>,24,13,[ 3 14],25,284,297,259,268
1,<environment.Job instance at 0x7f411b4795f0>,1,18,[ 1 10],2,3,21,1,3
1,<environment.Job instance at 0x7f4122937f00>,3,23,[ 5 13],4,21,44,17,15
1,<environment.Job instance at 0x7f4122946690>,7,19,[ 3 12],8,44,63,36,34
1,<environment.Job instance at 0x7f4122946230>,8,21,[ 1 10],9,63,84,54,55
1,<environment.Job instance at 0x7f412293e0f0>,10,21,[6 5],11,63,84,52,55
1,<environment.Job instance at 0x7f412293ee60>,11,26,[ 5 12],12,84,110,72,81
1,<environment.Job instance at 0x7f412293e5a0>,12,27,[12  2],13,110,137,97,108
1,<environment.Job instance at 0x7f411b3c3230>,2,16,[ 3 13],3,110,126,107,108
1,<environment.Job instance at 0x7f412293e2d0>,13,15,[12  1],14,137,152,123,124
1,<environment.Job instance at 0x7f412293eeb0>,14,14,[ 2 11],15,126,140,111,126
1,<environment.Job instance at 0x7f412293e460>,18,14,[ 3 14],19,140,154,121,136
1,<environment.Job instance at 0x7f4122936a00>,20,19,[13  1],21,154,173,133,144
1,<environment.Job instance at 0x7f412293e910>,16,21,[ 1 12],17,154,175,137,146
1,<environment.Job instance at 0x7f4122936f50>,22,22,[14  4],23,175,197,152,168
1,<environment.Job instance at 0x7f4122944e10>,24,19,[ 3 12],25,197,216,172,187
1,<environment.Job instance at 0x7f4122944500>,23,14,[11  5],24,216,230,192,205
1,<environment.Job instance at 0x7f40d77b9460>,3,14,[12  2],4,5,19,1,5
1,<environment.Job instance at 0x7f40d77b9e10>,5,16,[2 8],6,7,23,1,7
1,<environment.Job instance at 0x7f40d77b9050>,7,13,[ 4 12],8,23,36,15,10
1,<environment.Job instance at 0x7f4122944500>,2,25,[11  2],3,21,46,18,21
1,<environment.Job instance at 0x7f40d77b9d70>,9,15,[12  3],10,46,61,36,33
1,<environment.Job instance at 0x7f40d77b9c80>,8,18,[12  2],9,61,79,52,50
1,<environment.Job instance at 0x7f40d77b9aa0>,12,13,[9 4],13,79,92,66,63
1,<environment.Job instance at 0x7f40d77b9c30>,11,26,[ 5 11],12,79,105,67,79
1,<environment.Job instance at 0x7f40d77b9730>,6,20,[12  1],7,105,125,98,101
1,<environment.Job instance at 0x7f40d76f35a0>,14,17,[3 8],15,105,122,90,104
1,<environment.Job instance at 0x7f40d77b9b90>,13,16,[11  1],14,125,141,111,112
1,<environment.Job instance at 0x7f40d76f3910>,17,14,[ 1 10],18,122,136,104,112
1,<environment.Job instance at 0x7f40d76f30a0>,18,25,[6 2],19,141,166,122,137
1,<environment.Job instance at 0x7f40d77b9640>,4,28,[8 4],5,142,170,137,142
1,<environment.Job instance at 0x7f40d76f3870>,19,18,[12  4],20,170,188,150,159
1,<environment.Job instance at 0x7f40d76f3960>,22,16,[3 8],23,166,182,143,159
1,<environment.Job instance at 0x7f40d76f3230>,15,19,[12  5],16,188,207,172,178
1,<environment.Job instance at 0x7f40d76f3d20>,24,16,[11  2],25,207,223,182,196
1,<environment.Job instance at 0x7f40d76f3500>,26,13,[6 3],27,223,236,196,209
1,<environment.Job instance at 0x7f40d76f3820>,27,13,[7 4],28,223,236,195,212
1,<environment.Job instance at 0x7f40d76f30f0>,16,17,[11  3],17,236,253,219,226
1,<environment.Job instance at 0x7f40d76f3be0>,29,20,[1 7],30,226,246,196,226
1,<environment.Job instance at 0x7f40d76f3730>,25,15,[13  5],26,253,268,227,240
1,<environment.Job instance at 0x7f40d77bd820>,0,25,[6 3],1,1,26,0,1
1,<environment.Job instance at 0x7f40d76a0aa0>,1,20,[11  1],2,26,46,24,17
1,<environment.Job instance at 0x7f40d7784aa0>,6,26,[ 1 13],7,26,52,19,23
1,<environment.Job instance at 0x7f40d7784370>,7,22,[3 9],8,52,74,44,45
1,<environment.Job instance at 0x7f40d77848c0>,8,16,[11  1],9,49,65,40,49
1,<environment.Job instance at 0x7f40d7784eb0>,9,14,[14  2],10,74,88,64,59
1,<environment.Job instance at 0x7f40d7784dc0>,10,22,[5 9],11,88,110,77,81
1,<environment.Job instance at 0x7f40d7784280>,11,15,[ 2 11],12,110,125,98,98
1,<environment.Job instance at 0x7f40d77b1e60>,12,16,[11  1],13,110,126,97,98
1,<environment.Job instance at 0x7f40d77b1b90>,13,25,[2 8],14,125,150,111,121
1,<environment.Job instance at 0x7f40d7784e10>,3,13,[12  4],4,126,139,122,121
1,<environment.Job instance at 0x7f40d7784730>,14,18,[12  5],15,139,157,124,133
1,<environment.Job instance at 0x7f40d7b96dc0>,16,24,[2 7],17,150,174,133,145
1,<environment.Job instance at 0x7f40d7b960a0>,17,16,[11  2],18,157,173,139,155
1,<environment.Job instance at 0x7f40d7b96b40>,18,22,[ 2 12],19,174,196,155,167
1,<environment.Job instance at 0x7f40d7b969b0>,19,20,[12  3],20,173,193,153,167
1,<environment.Job instance at 0x7f40d7b968c0>,20,19,[12  5],21,196,215,175,186
1,<environment.Job instance at 0x7f40d7b965a0>,22,18,[12  1],23,215,233,192,204
1,<environment.Job instance at 0x7f40d7a76a00>,25,25,[8 5],26,233,258,207,229
1,<environment.Job instance at 0x7f40d7a76960>,27,21,[5 9],28,234,255,206,234
1,<environment.Job instance at 0x7f40d7a76eb0>,26,17,[ 1 12],27,258,275,231,246
1,<environment.Job instance at 0x7f40d7a76410>,29,24,[11  1],30,258,282,228,253
1,<environment.Job instance at 0x7f40d77f5550>,0,22,[ 5 12],1,1,23,0,1
1,<environment.Job instance at 0x7f40d7a76410>,3,15,[ 1 13],4,23,38,19,11
1,<environment.Job instance at 0x7f40d7711b40>,4,20,[12  2],5,23,43,18,18
1,<environment.Job instance at 0x7f411d919050>,2,15,[14  2],3,43,58,40,31
1,<environment.Job instance at 0x7f40d77bd870>,11,23,[10  4],12,58,81,46,52
1,<environment.Job instance at 0x7f40d7845910>,18,19,[1 7],19,87,106,68,87
1,<environment.Job instance at 0x7f40d760feb0>,14,20,[14  2],15,88,108,73,88
1,<environment.Job instance at 0x7f40d77a1e60>,7,24,[13  3],8,281,305,273,281
1,<environment.Job instance at 0x7f40d75caf50>,2,12,[12  4],3,3,15,0,3
1,<environment.Job instance at 0x7f40d75ce3c0>,3,21,[ 2 11],4,4,25,0,4
1,<environment.Job instance at 0x7f40d7a48a00>,4,23,[14  3],5,25,48,20,19
1,<environment.Job instance at 0x7f411dfbcd70>,11,27,[1 8],12,25,52,13,23
1,<environment.Job instance at 0x7f411dfbcaf0>,12,19,[ 5 14],13,52,71,39,42
1,<environment.Job instance at 0x7f411dfbc3c0>,13,22,[10  2],14,71,93,57,64
1,<environment.Job instance at 0x7f411dfbcf50>,14,27,[11  3],15,93,120,78,91
1,<environment.Job instance at 0x7f411dfbc780>,15,26,[2 6],16,91,117,75,91
1,<environment.Job instance at 0x7f411dfbc640>,19,22,[3 8],20,117,139,97,110
1,<environment.Job instance at 0x7f411dfbc2d0>,20,19,[4 9],21,139,158,118,129
1,<environment.Job instance at 0x7f40d7a480a0>,6,14,[5 9],7,158,172,151,151
1,<environment.Job instance at 0x7f411dfbce60>,23,24,[ 2 10],24,172,196,148,167
1,<environment.Job instance at 0x7f411dfbc230>,24,19,[9 4],25,167,186,142,167
1,<environment.Job instance at 0x7f411dfbc550>,25,27,[10  2],26,186,213,160,184
1,<environment.Job instance at 0x7f411de673c0>,26,18,[6 4],27,213,231,186,204
1,<environment.Job instance at 0x7f411de67af0>,27,27,[7 2],28,213,240,185,211
1,<environment.Job instance at 0x7f411de67aa0>,28,15,[13  2],29,240,255,211,226
1,<environment.Job instance at 0x7f411de67dc0>,29,17,[11  1],30,255,272,225,243
1,<environment.Job instance at 0x7f411de67870>,30,24,[13  2],31,272,296,241,267
1,<environment.Job instance at 0x7f40d77bdd70>,2,19,[1 7],3,4,23,1,4
1,<environment.Job instance at 0x7f40d77bd5f0>,3,18,[14  3],4,7,25,3,7
1,<environment.Job instance at 0x7f40d77bd4b0>,0,18,[14  3],1,25,43,24,19
1,<environment.Job instance at 0x7f411b1a3050>,9,21,[11  1],10,43,64,33,35
1,<environment.Job instance at 0x7f40d7886410>,4,23,[ 2 11],5,43,66,38,37
1,<environment.Job instance at 0x7f41223d69b0>,10,14,[12  4],11,64,78,53,55
1,<environment.Job instance at 0x7f411b4499b0>,13,26,[1 6],14,66,92,52,63
1,<environment.Job instance at 0x7f411b449960>,14,20,[10  4],15,78,98,63,69
1,<environment.Job instance at 0x7f411b449fa0>,15,19,[11  4],16,98,117,82,88
1,<environment.Job instance at 0x7f411b4975f0>,16,23,[11  3],17,117,140,100,111
1,<environment.Job instance at 0x7f411dc7e1e0>,20,14,[ 3 13],21,140,154,119,125
1,<environment.Job instance at 0x7f411da1b820>,22,28,[5 5],23,154,182,131,153
1,<environment.Job instance at 0x7f411b4490f0>,18,12,[11  4],19,182,194,163,167
1,<environment.Job instance at 0x7f411da1bfa0>,24,20,[13  1],25,194,214,169,185
1,<environment.Job instance at 0x7f411de2c320>,26,25,[12  3],27,214,239,187,210
1,<environment.Job instance at 0x7f411da1b500>,25,21,[ 3 12],26,214,235,188,211
1,<environment.Job instance at 0x7f40d7c955f0>,28,20,[12  2],29,239,259,210,233
1,<environment.Job instance at 0x7f411b491b40>,32,20,[11  1],33,259,279,226,251
1,<environment.Job instance at 0x7f411b491f00>,31,16,[14  3],32,279,295,247,268
1,<environment.Job instance at 0x7f411b6c8d70>,0,27,[ 3 14],1,1,28,0,1
1,<environment.Job instance at 0x7f40d7c8e370>,1,20,[5 6],2,28,48,26,19
1,<environment.Job instance at 0x7f411b7eb280>,6,18,[ 4 13],7,48,66,41,37
1,<environment.Job instance at 0x7f40d7c29820>,7,12,[ 5 12],8,66,78,58,54
1,<environment.Job instance at 0x7f411b79dd20>,10,19,[8 4],11,78,97,67,68
1,<environment.Job instance at 0x7f40d7c291e0>,11,23,[12  3],12,97,120,85,91
1,<environment.Job instance at 0x7f411b7dbcd0>,14,12,[13  4],15,120,132,105,109
1,<environment.Job instance at 0x7f411b7dbf00>,15,23,[4 5],16,132,155,116,126
1,<environment.Job instance at 0x7f411b7dba00>,17,20,[7 5],18,139,159,121,139
1,<environment.Job instance at 0x7f411d9c4cd0>,3,25,[13  4],4,159,184,155,155
1,<environment.Job instance at 0x7f411b7db280>,19,26,[4 6],20,184,210,164,181
1,<environment.Job instance at 0x7f411b7db0f0>,21,23,[ 4 11],22,210,233,188,204
1,<environment.Job instance at 0x7f411b7db140>,22,26,[ 3 14],23,233,259,210,230
1,<environment.Job instance at 0x7f411b7dbb90>,18,17,[13  5],19,259,276,240,247
1,<environment.Job instance at 0x7f40d79fdf00>,26,12,[11  1],27,276,288,249,261
1,<environment.Job instance at 0x7f40d79fde10>,24,19,[ 4 11],25,276,295,251,266
1,<environment.Job instance at 0x7f411b6c8eb0>,0,24,[11  5],1,1,25,0,1
1,<environment.Job instance at 0x7f40d79e20f0>,1,25,[2 7],2,2,27,0,2
1,<environment.Job instance at 0x7f40d79e23c0>,2,23,[10  4],3,25,48,22,19
1,<environment.Job instance at 0x7f40d79e27d0>,7,27,[ 5 13],8,48,75,40,46
1,<environment.Job instance at 0x7f40d79e2910>,9,21,[12  3],10,75,96,65,67
1,<environment.Job instance at 0x7f40d79e2190>,10,27,[ 5 12],11,96,123,85,94
1,<environment.Job instance at 0x7f40d79e21e0>,12,16,[ 2 13],13,123,139,110,110
1,<environment.Job instance at 0x7f40d79e2690>,15,13,[14  1],16,139,152,123,123
1,<environment.Job instance at 0x7f411b72c2d0>,16,26,[11  5],17,152,178,135,149
1,<environment.Job instance at 0x7f411b7315a0>,17,14,[ 2 13],18,178,192,160,163
1,<environment.Job instance at 0x7f40d7c29690>,3,21,[ 3 14],4,192,213,188,184
1,<environment.Job instance at 0x7f411b72cdc0>,19,18,[12  4],20,213,231,193,202
1,<environment.Job instance at 0x7f40d7bde0a0>,22,23,[13  4],23,231,254,208,225
1,<environment.Job instance at 0x7f411b2b9a50>,25,23,[9 4],26,254,277,228,248
1,<environment.Job instance at 0x7f411b2b9eb0>,26,26,[ 1 10],27,261,287,234,261
1,<environment.Job instance at 0x7f40d79e2500>,6,18,[14  2],7,277,295,270,272
1,<environment.Job instance at 0x7f40d77bd2d0>,0,26,[13  5],1,1,27,0,1
1,<environment.Job instance at 0x7f411dcbec30>,1,16,[ 1 13],2,27,43,25,14
1,<environment.Job instance at 0x7f411b4d00a0>,7,28,[9 2],8,27,55,19,26
1,<environment.Job instance at 0x7f411db04500>,8,28,[12  3],9,55,83,46,54
1,<environment.Job instance at 0x7f411db043c0>,9,20,[5 6],10,83,103,73,74
1,<environment.Job instance at 0x7f411db04a00>,10,15,[10  1],11,83,98,72,75
1,<environment.Job instance at 0x7f40d785fdc0>,14,12,[ 3 12],15,103,115,88,88
1,<environment.Job instance at 0x7f40d785f780>,15,12,[11  4],16,115,127,99,98
1,<environment.Job instance at 0x7f40d787d5a0>,16,20,[ 3 14],17,127,147,110,118
1,<environment.Job instance at 0x7f40d7cb5230>,17,16,[12  1],18,127,143,109,118
1,<environment.Job instance at 0x7f40d787d7d0>,18,21,[1 7],19,147,168,128,139
1,<environment.Job instance at 0x7f411b7fc690>,20,28,[ 1 11],21,168,196,147,167
1,<environment.Job instance at 0x7f40d787d8c0>,21,22,[8 3],22,167,189,145,167
1,<environment.Job instance at 0x7f411b7fc5f0>,22,28,[14  4],23,189,217,166,188
1,<environment.Job instance at 0x7f411b6286e0>,23,27,[13  4],24,217,244,193,215
1,<environment.Job instance at 0x7f411d9a1c80>,24,12,[ 5 11],25,244,256,219,231
1,<environment.Job instance at 0x7f411da18910>,26,17,[14  2],27,256,273,229,244
1,<environment.Job instance at 0x7f411b804870>,27,17,[ 1 12],28,256,273,228,244
1,<environment.Job instance at 0x7f411b1bb550>,29,22,[ 3 14],30,273,295,243,266
1,<environment.Job instance at 0x7f411b628b40>,0,19,[6 2],1,3,22,2,3
1,<environment.Job instance at 0x7f40d7a736e0>,3,27,[11  2],4,22,49,18,20
1,<environment.Job instance at 0x7f411b4c65f0>,2,28,[2 7],3,20,48,17,20
1,<environment.Job instance at 0x7f411d9a1fa0>,6,22,[14  2],7,49,71,42,42
1,<environment.Job instance at 0x7f411b12cb40>,10,16,[11  5],11,71,87,60,64
1,<environment.Job instance at 0x7f411b3c74b0>,12,24,[13  4],13,87,111,74,82
1,<environment.Job instance at 0x7f411b12c550>,9,22,[ 2 11],10,87,109,77,82
1,<environment.Job instance at 0x7f40d7bc6be0>,17,14,[13  2],18,111,125,93,96
1,<environment.Job instance at 0x7f40d7bc6460>,18,22,[5 7],19,125,147,106,118
1,<environment.Job instance at 0x7f40d7bc6d70>,20,28,[7 5],21,125,153,104,124
1,<environment.Job instance at 0x7f40d7bc6b90>,21,22,[12  4],22,153,175,131,146
1,<environment.Job instance at 0x7f40d7bc63c0>,22,20,[5 8],23,175,195,152,166
1,<environment.Job instance at 0x7f411b6627d0>,23,24,[8 5],24,175,199,151,170
1,<environment.Job instance at 0x7f411b662870>,24,19,[13  1],25,199,218,174,189
1,<environment.Job instance at 0x7f411b662910>,25,23,[11  5],26,218,241,192,212
1,<environment.Job instance at 0x7f411b6629b0>,26,23,[ 2 12],27,241,264,214,235
1,<environment.Job instance at 0x7f411b662af0>,28,25,[7 3],29,241,266,212,237
1,<environment.Job instance at 0x7f411b662640>,29,23,[12  5],30,266,289,236,260
1,<environment.Job instance at 0x7f40d7bb1280>,0,23,[13  4],1,1,24,0,1
1,<environment.Job instance at 0x7f411b66ab90>,1,25,[ 4 12],2,24,49,22,20
1,<environment.Job instance at 0x7f411b655050>,8,19,[3 6],9,49,68,40,39
1,<environment.Job instance at 0x7f411b655230>,9,19,[9 1],10,39,58,29,39
1,<environment.Job instance at 0x7f411b655320>,10,21,[9 1],11,58,79,47,50
1,<environment.Job instance at 0x7f411b655280>,11,19,[ 3 11],12,68,87,56,58
1,<environment.Job instance at 0x7f4122941a50>,14,27,[5 6],15,87,114,72,85
1,<environment.Job instance at 0x7f411dc41af0>,16,25,[9 4],17,86,111,69,86
1,<environment.Job instance at 0x7f411dc41460>,17,25,[12  3],18,114,139,96,110
1,<environment.Job instance at 0x7f411dc418c0>,18,26,[ 3 10],19,114,140,95,111
1,<environment.Job instance at 0x7f411dc41780>,21,27,[ 5 14],22,140,167,118,138
1,<environment.Job instance at 0x7f411b66a8c0>,3,14,[10  4],4,167,181,163,154
1,<environment.Job instance at 0x7f411dc41370>,25,12,[3 5],26,167,179,141,155
1,<environment.Job instance at 0x7f411b66af00>,6,14,[11  3],7,181,195,174,172
1,<environment.Job instance at 0x7f411dc41910>,22,17,[14  2],23,201,218,178,201
1,<environment.Job instance at 0x7f411dc41640>,24,20,[12  3],25,218,238,193,211
1,<environment.Job instance at 0x7f40d7c79960>,30,13,[13  3],31,238,251,207,223
1,<environment.Job instance at 0x7f40d7c79dc0>,31,12,[12  5],32,251,263,219,235
1,<environment.Job instance at 0x7f40d7c79280>,29,22,[3 9],30,251,273,221,246
1,<environment.Job instance at 0x7f40d7c79f50>,32,14,[12  5],33,263,277,230,251
1,<environment.Job instance at 0x7f40d7bb1820>,0,27,[5 2],1,1,28,0,1
1,<environment.Job instance at 0x7f40d7bb1550>,1,12,[ 3 13],2,2,14,0,2
1,<environment.Job instance at 0x7f411dc41320>,2,17,[14  5],3,28,45,25,16
1,<environment.Job instance at 0x7f40d7955690>,11,22,[14  3],12,45,67,33,38
1,<environment.Job instance at 0x7f40d7955f00>,12,22,[11  5],13,67,89,54,60
1,<environment.Job instance at 0x7f40d7955af0>,14,21,[5 8],15,89,110,74,81
1,<environment.Job instance at 0x7f40d7955cd0>,15,21,[11  3],16,110,131,94,102
1,<environment.Job instance at 0x7f40d7994870>,16,24,[1 8],17,110,134,93,105
1,<environment.Job instance at 0x7f40d79946e0>,19,12,[11  2],20,131,143,111,114
1,<environment.Job instance at 0x7f40d7994d70>,20,18,[ 3 11],21,134,152,113,123
1,<environment.Job instance at 0x7f40d7994dc0>,21,15,[ 3 12],22,152,167,130,138
1,<environment.Job instance at 0x7f40d79945f0>,23,24,[2 8],24,167,191,143,162
1,<environment.Job instance at 0x7f40d7994050>,24,24,[5 7],25,167,191,142,162
1,<environment.Job instance at 0x7f40d79944b0>,25,13,[14  2],26,191,204,165,175
1,<environment.Job instance at 0x7f40d7994230>,26,12,[ 5 14],27,204,216,177,187
1,<environment.Job instance at 0x7f40d7994500>,27,28,[11  4],28,216,244,188,215
1,<environment.Job instance at 0x7f41229377d0>,28,23,[1 6],29,216,239,187,215
1,<environment.Job instance at 0x7f4122937d70>,29,26,[1 8],30,239,265,209,236
1,<environment.Job instance at 0x7f411b249c30>,33,25,[7 5],34,244,269,210,240
1,<environment.Job instance at 0x7f411b249500>,35,15,[ 1 14],36,269,284,233,255
1,<environment.Job instance at 0x7f40d7b0bb40>,1,22,[5 2],2,4,26,2,4
1,<environment.Job instance at 0x7f411b249500>,4,18,[ 1 13],5,6,24,1,6
1,<environment.Job instance at 0x7f40d7bef2d0>,6,13,[11  3],7,26,39,19,11
1,<environment.Job instance at 0x7f411b7276e0>,10,18,[13  1],11,39,57,28,30
1,<environment.Job instance at 0x7f411b4d2e60>,7,28,[7 5],8,61,89,53,61
1,<environment.Job instance at 0x7f40d7a64af0>,13,15,[7 2],14,63,78,49,63
1,<environment.Job instance at 0x7f411b56c910>,0,16,[13  3],1,89,105,88,79
1,<environment.Job instance at 0x7f40d7a64b40>,17,26,[ 5 12],18,105,131,87,102
1,<environment.Job instance at 0x7f40d758f690>,2,23,[11  1],3,131,154,128,125
1,<environment.Job instance at 0x7f40d7a64b90>,18,26,[2 8],19,138,164,119,138
1,<environment.Job instance at 0x7f40d7a64e10>,19,21,[6 1],20,155,176,135,155
1,<environment.Job instance at 0x7f40d7a642d0>,20,21,[ 1 12],21,164,185,143,156
1,<environment.Job instance at 0x7f40d7a64e60>,21,16,[ 2 13],22,185,201,163,173
1,<environment.Job instance at 0x7f411d97f9b0>,23,13,[13  4],24,201,214,177,185
1,<environment.Job instance at 0x7f40d7a64f50>,16,22,[ 1 11],17,201,223,184,200
1,<environment.Job instance at 0x7f411d97f050>,24,18,[14  3],25,214,232,189,206
1,<environment.Job instance at 0x7f411df3dc30>,27,25,[ 4 12],28,232,257,204,228
1,<environment.Job instance at 0x7f40d797e6e0>,28,15,[ 2 10],29,257,272,228,243
1,<environment.Job instance at 0x7f411df3db90>,29,18,[12  3],30,257,275,227,246
1,<environment.Job instance at 0x7f411df260f0>,30,17,[10  3],31,275,292,244,264
1,<environment.Job instance at 0x7f411df3d500>,31,18,[ 2 11],32,272,290,240,264
1,<environment.Job instance at 0x7f411b7d1aa0>,3,23,[14  2],4,4,27,0,4
1,<environment.Job instance at 0x7f411df3d500>,4,24,[5 9],5,27,51,22,22
1,<environment.Job instance at 0x7f411b4412d0>,9,23,[14  3],10,51,74,41,45
1,<environment.Job instance at 0x7f411b441d20>,10,18,[ 3 13],11,74,92,63,63
1,<environment.Job instance at 0x7f40d76fe410>,11,12,[13  1],12,92,104,80,75
1,<environment.Job instance at 0x7f411dd54aa0>,13,25,[1 8],14,92,117,78,88
1,<environment.Job instance at 0x7f411b52fd70>,17,26,[13  1],18,104,130,86,101
1,<environment.Job instance at 0x7f40d794ea00>,19,16,[14  1],20,130,146,110,117
1,<environment.Job instance at 0x7f411b3b8780>,22,22,[14  5],23,146,168,123,139
1,<environment.Job instance at 0x7f411b3b8550>,23,26,[4 8],24,168,194,144,165
1,<environment.Job instance at 0x7f40d7961190>,25,20,[2 9],26,194,214,168,185
1,<environment.Job instance at 0x7f411b19f690>,28,22,[2 9],29,214,236,185,207
1,<environment.Job instance at 0x7f411b19fb40>,29,23,[ 5 11],30,236,259,206,230
1,<environment.Job instance at 0x7f40d7caef50>,30,24,[9 1],31,233,257,202,233
1,<environment.Job instance at 0x7f40d7950e10>,33,13,[11  2],34,259,272,225,243
1,<environment.Job instance at 0x7f40d7950780>,34,21,[2 7],35,259,280,224,251
1,<environment.Job instance at 0x7f40d7430af0>,0,25,[ 2 12],1,1,26,0,1
1,<environment.Job instance at 0x7f40d7460fa0>,1,14,[12  5],2,26,40,24,17
1,<environment.Job instance at 0x7f411ded3500>,8,15,[12  1],9,40,55,31,28
1,<environment.Job instance at 0x7f411ded37d0>,9,22,[10  1],10,55,77,45,48
1,<environment.Job instance at 0x7f411ded3050>,11,24,[ 2 11],12,48,72,36,48
1,<environment.Job instance at 0x7f411b755eb0>,12,20,[ 1 14],13,72,92,59,63
1,<environment.Job instance at 0x7f411ded3410>,13,19,[ 3 14],14,92,111,78,82
1,<environment.Job instance at 0x7f411b755050>,18,21,[ 1 11],19,111,132,92,103
1,<environment.Job instance at 0x7f40d743d5a0>,19,20,[ 5 13],20,132,152,112,123
1,<environment.Job instance at 0x7f40d743d050>,20,27,[ 5 13],21,152,179,131,150
1,<environment.Job instance at 0x7f40d743d4b0>,21,15,[ 3 13],22,179,194,157,165
1,<environment.Job instance at 0x7f40d743d730>,23,18,[ 2 12],24,194,212,170,184
1,<environment.Job instance at 0x7f40d743db90>,26,19,[10  4],27,212,231,185,202
1,<environment.Job instance at 0x7f411b4eaf00>,3,13,[13  1],4,231,244,227,215
1,<environment.Job instance at 0x7f40d73887d0>,28,24,[2 6],29,215,239,186,215
1,<environment.Job instance at 0x7f40d743d8c0>,27,24,[14  3],28,244,268,216,239
1,<environment.Job instance at 0x7f40d7388230>,31,27,[2 5],32,268,295,236,266
1,<environment.Job instance at 0x7f40d7430050>,0,28,[14  2],1,1,29,0,1
1,<environment.Job instance at 0x7f40d73888c0>,1,22,[5 4],2,29,51,27,22
1,<environment.Job instance at 0x7f40d7388230>,2,19,[7 5],3,29,48,26,22
1,<environment.Job instance at 0x7f411ded33c0>,8,15,[4 5],9,48,63,39,35
1,<environment.Job instance at 0x7f411ded3370>,9,26,[7 1],10,51,77,41,48
1,<environment.Job instance at 0x7f411ded3730>,7,22,[ 2 12],8,63,85,55,58
1,<environment.Job instance at 0x7f40d73a5eb0>,10,20,[9 5],11,85,105,74,79
1,<environment.Job instance at 0x7f411b169d20>,12,13,[14  3],13,105,118,92,91
1,<environment.Job instance at 0x7f40d74f7a00>,11,21,[9 3],12,118,139,106,115
1,<environment.Job instance at 0x7f411b169f50>,13,27,[2 5],14,118,145,104,118
1,<environment.Job instance at 0x7f40d7849c30>,15,21,[11  2],16,139,160,123,133
1,<environment.Job instance at 0x7f40d78498c0>,16,26,[ 1 12],17,145,171,128,142
1,<environment.Job instance at 0x7f411b1691e0>,14,16,[3 6],15,171,187,156,165
1,<environment.Job instance at 0x7f40d78492d0>,18,13,[2 8],19,171,184,152,171
1,<environment.Job instance at 0x7f40d7849190>,17,25,[ 2 11],18,187,212,169,183
1,<environment.Job instance at 0x7f411b4ce280>,5,22,[13  1],6,193,215,187,193
1,<environment.Job instance at 0x7f411b3b4960>,6,24,[5 7],7,215,239,208,210
1,<environment.Job instance at 0x7f40d7849be0>,20,15,[5 8],21,215,230,194,212
1,<environment.Job instance at 0x7f40d7a26a00>,23,23,[10  3],24,230,253,206,224
1,<environment.Job instance at 0x7f40d7a26f50>,25,22,[4 9],26,239,261,213,232
1,<environment.Job instance at 0x7f40d7a26b40>,24,24,[ 5 11],25,261,285,236,256
1,<environment.Job instance at 0x7f40d7a26dc0>,27,15,[6 1],28,260,275,232,260
1,<environment.Job instance at 0x7f40d7a26e10>,1,20,[5 8],2,2,22,0,2
1,<environment.Job instance at 0x7f40d74380f0>,2,21,[2 8],3,22,43,19,14
1,<environment.Job instance at 0x7f40d73c26e0>,7,21,[3 8],8,43,64,35,35
1,<environment.Job instance at 0x7f40d74f73c0>,8,28,[9 5],9,35,63,26,35
1,<environment.Job instance at 0x7f40d74f7fa0>,9,13,[13  1],10,64,77,54,49
1,<environment.Job instance at 0x7f40d7a26dc0>,3,22,[ 2 12],4,64,86,60,57
1,<environment.Job instance at 0x7f40d74f71e0>,12,23,[5 2],13,77,100,64,71
1,<environment.Job instance at 0x7f411da9c500>,14,14,[8 5],15,100,114,85,100
1,<environment.Job instance at 0x7f411da9c190>,16,28,[4 7],17,100,128,83,100
1,<environment.Job instance at 0x7f411da9ceb0>,17,13,[5 9],18,128,141,110,112
1,<environment.Job instance at 0x7f411da9c5f0>,19,16,[11  3],20,141,157,121,135
1,<environment.Job instance at 0x7f40d7aac7d0>,20,13,[5 1],21,157,170,136,141
1,<environment.Job instance at 0x7f40d73a59b0>,4,28,[ 3 11],5,141,169,136,141
1,<environment.Job instance at 0x7f411da9c140>,22,16,[13  2],23,170,186,147,160
1,<environment.Job instance at 0x7f411da9cf00>,23,14,[12  1],24,186,200,162,177
1,<environment.Job instance at 0x7f411b38efa0>,25,18,[1 8],26,177,195,151,177
1,<environment.Job instance at 0x7f40d73a5b40>,5,22,[ 3 13],6,195,217,189,191
1,<environment.Job instance at 0x7f411b4d1e60>,0,27,[ 4 10],1,1,28,0,1
1,<environment.Job instance at 0x7f40d74e92d0>,1,27,[9 3],2,2,29,0,2
1,<environment.Job instance at 0x7f411df07050>,2,19,[ 1 11],3,28,47,25,18
1,<environment.Job instance at 0x7f40d73a5b40>,3,26,[5 3],4,29,55,25,27
1,<environment.Job instance at 0x7f40d7634640>,7,20,[14  5],8,55,75,47,46
1,<environment.Job instance at 0x7f40d7958460>,10,26,[12  5],11,75,101,64,72
1,<environment.Job instance at 0x7f40d78af410>,6,13,[11  3],7,101,114,94,86
1,<environment.Job instance at 0x7f40d7958320>,11,12,[ 5 13],12,114,126,102,97
1,<environment.Job instance at 0x7f40d7c5f2d0>,14,28,[ 5 14],15,126,154,111,125
1,<environment.Job instance at 0x7f40d7c5f690>,16,22,[10  2],17,154,176,137,147
1,<environment.Job instance at 0x7f40d7c5ff50>,13,14,[ 2 13],14,157,171,143,157
1,<environment.Job instance at 0x7f411da9c780>,4,27,[12  1],5,176,203,171,174
1,<environment.Job instance at 0x7f40d7c5f320>,21,15,[11  1],22,203,218,181,189
1,<environment.Job instance at 0x7f411b26cd20>,23,20,[ 2 11],24,192,212,168,192
1,<environment.Job instance at 0x7f40d7c96960>,24,18,[5 3],25,218,236,193,216
1,<environment.Job instance at 0x7f40d7c965a0>,25,22,[8 4],26,218,240,192,216
1,<environment.Job instance at 0x7f411de077d0>,26,15,[11  1],27,240,255,213,226
1,<environment.Job instance at 0x7f411b2ee190>,27,27,[ 1 11],28,236,263,208,236
1,<environment.Job instance at 0x7f40d7c5fa50>,12,28,[13  2],13,255,283,242,254
1,<environment.Job instance at 0x7f41227f4d70>,28,27,[ 1 10],29,263,290,234,261
1,<environment.Job instance at 0x7f40d7c3f140>,1,24,[7 3],2,2,26,0,2
1,<environment.Job instance at 0x7f411b2866e0>,2,20,[ 3 14],3,26,46,23,17
1,<environment.Job instance at 0x7f41227f4d70>,7,21,[2 8],8,46,67,38,38
1,<environment.Job instance at 0x7f411b3689b0>,8,28,[13  5],9,46,74,37,45
1,<environment.Job instance at 0x7f411b3ca870>,9,24,[11  2],10,74,98,64,69
1,<environment.Job instance at 0x7f411b3ca4b0>,3,13,[1 6],4,70,83,66,70
1,<environment.Job instance at 0x7f40d75e0c30>,11,19,[ 4 12],12,83,102,71,73
1,<environment.Job instance at 0x7f40d75e0230>,13,21,[9 2],14,98,119,84,90
1,<environment.Job instance at 0x7f40d779d140>,14,25,[14  2],15,119,144,104,115
1,<environment.Job instance at 0x7f40d75e0870>,12,18,[1 5],13,118,136,105,118
1,<environment.Job instance at 0x7f40d75e07d0>,16,16,[ 4 14],17,144,160,127,131
1,<environment.Job instance at 0x7f40d7652e10>,18,26,[ 5 14],19,160,186,141,157
1,<environment.Job instance at 0x7f40d76526e0>,19,20,[7 3],20,186,206,166,177
1,<environment.Job instance at 0x7f40d7652190>,20,14,[ 1 13],21,206,220,185,191
1,<environment.Job instance at 0x7f40d7652910>,17,18,[8 1],18,194,212,176,194
1,<environment.Job instance at 0x7f411b82f230>,6,12,[14  1],7,212,224,205,196
1,<environment.Job instance at 0x7f40d797a410>,4,12,[10  3],5,224,236,219,213
1,<environment.Job instance at 0x7f40d76520f0>,24,18,[3 8],25,224,242,199,218
1,<environment.Job instance at 0x7f40d7652050>,22,26,[11  1],23,236,262,213,233
1,<environment.Job instance at 0x7f40d76525f0>,27,22,[ 2 11],28,242,264,214,236
1,<environment.Job instance at 0x7f40d7652f00>,21,13,[ 5 14],22,264,277,242,250
1,<environment.Job instance at 0x7f7631364af0>,1,22,[11  3],2,2,24,0,2
1,<environment.Job instance at 0x7f7631312320>,2,22,[4 8],3,8,30,5,8
1,<environment.Job instance at 0x7f761fefe5f0>,8,22,[14  3],9,30,52,21,23
1,<environment.Job instance at 0x7f761fefe230>,4,21,[1 6],5,24,45,19,24
1,<environment.Job instance at 0x7f761fefe410>,7,25,[6 2],8,52,77,44,48
1,<environment.Job instance at 0x7f761fefe780>,11,26,[4 8],12,52,78,40,49
1,<environment.Job instance at 0x7f761fefeaa0>,13,18,[ 4 14],14,78,96,64,77
1,<environment.Job instance at 0x7f761fefe6e0>,10,18,[ 3 11],11,96,114,85,85
1,<environment.Job instance at 0x7f761fefebe0>,15,18,[ 2 14],16,114,132,98,103
1,<environment.Job instance at 0x7f761fefeb40>,14,13,[7 3],15,132,145,117,117
1,<environment.Job instance at 0x7f76313646e0>,3,26,[11  4],4,145,171,141,142
1,<environment.Job instance at 0x7f761fefedc0>,18,25,[ 4 13],19,182,207,163,182
1,<environment.Job instance at 0x7f761ff09e60>,0,21,[6 5],1,1,22,0,1
1,<environment.Job instance at 0x7f7631478c30>,1,26,[ 5 12],2,22,48,20,19
1,<environment.Job instance at 0x7f7631486e10>,6,21,[ 1 12],7,48,69,41,40
1,<environment.Job instance at 0x7f761ff0d050>,2,27,[12  2],3,48,75,45,48
1,<environment.Job instance at 0x7f7631486500>,7,19,[11  2],8,75,94,67,65
1,<environment.Job instance at 0x7f7631486370>,12,22,[14  4],13,94,116,81,87
1,<environment.Job instance at 0x7f7631486cd0>,13,14,[11  5],14,116,130,102,105
1,<environment.Job instance at 0x7f7631486140>,14,19,[ 3 12],15,130,149,115,120
1,<environment.Job instance at 0x7f761fefecd0>,3,15,[12  1],4,130,145,126,123
1,<environment.Job instance at 0x7f7631486410>,15,18,[13  4],16,149,167,133,138
1,<environment.Job instance at 0x7f7631485690>,21,25,[6 1],22,167,192,145,163
1,<environment.Job instance at 0x7f7631485a00>,22,28,[6 2],23,167,195,144,166
1,<environment.Job instance at 0x7f7631485820>,23,24,[6 4],24,192,216,168,187
1,<environment.Job instance at 0x7f7631485730>,25,25,[ 3 12],26,216,241,190,212
1,<environment.Job instance at 0x7f7631485be0>,26,26,[13  5],27,241,267,214,238
1,<environment.Job instance at 0x7f7631485410>,27,28,[1 9],28,241,269,213,240
1,<environment.Job instance at 0x7f7631485a50>,28,13,[14  1],29,267,280,238,251
1,<environment.Job instance at 0x7f7631478a50>,1,26,[11  5],2,2,28,0,2
1,<environment.Job instance at 0x7f75e6292c80>,4,16,[11  2],5,28,44,23,15
1,<environment.Job instance at 0x7f75e62d9500>,9,20,[1 7],10,19,39,9,19
1,<environment.Job instance at 0x7f75e62d9aa0>,10,26,[ 4 10],11,39,65,28,36
1,<environment.Job instance at 0x7f75e62d9730>,12,23,[12  1],13,65,88,52,59
1,<environment.Job instance at 0x7f75e62d9a50>,13,19,[ 2 13],14,65,84,51,62
1,<environment.Job instance at 0x7f75e62d96e0>,14,22,[11  1],15,88,110,73,81
1,<environment.Job instance at 0x7f75e62d95a0>,15,22,[ 1 13],16,84,106,68,81
1,<environment.Job instance at 0x7f75e62d94b0>,16,24,[ 2 14],17,106,130,89,101
1,<environment.Job instance at 0x7f75e62d9b90>,18,23,[13  3],19,130,153,111,124
1,<environment.Job instance at 0x7f75e62d9820>,19,25,[10  5],20,153,178,133,149
1,<environment.Job instance at 0x7f75e62d9640>,6,13,[6 3],7,178,191,171,162
1,<environment.Job instance at 0x7f75e62d9410>,11,26,[8 3],12,178,204,166,176
1,<environment.Job instance at 0x7f7631485a50>,5,15,[13  5],6,204,219,198,192
1,<environment.Job instance at 0x7f75e62d9c80>,21,24,[14  3],22,219,243,197,215
1,<environment.Job instance at 0x7f75e62d9c30>,8,27,[14  3],9,243,270,234,241
1,<environment.Job instance at 0x7f75e62d9960>,22,23,[13  5],23,270,293,247,264
1,<environment.Job instance at 0x7f761f585690>,0,25,[7 1],1,1,26,0,1
1,<environment.Job instance at 0x7f75e62d9280>,1,24,[12  5],2,26,50,24,21
1,<environment.Job instance at 0x7f75e637a7d0>,6,23,[ 2 11],7,50,73,43,44
1,<environment.Job instance at 0x7f75e637a870>,7,13,[ 4 12],8,73,86,65,57
1,<environment.Job instance at 0x7f75e62d9960>,2,23,[10  2],3,57,80,54,57
1,<environment.Job instance at 0x7f75e637a910>,8,15,[13  1],9,86,101,77,72
1,<environment.Job instance at 0x7f75e637a4b0>,11,22,[ 3 13],12,101,123,89,94
1,<environment.Job instance at 0x7f75e637a370>,12,20,[8 1],13,101,121,88,94
1,<environment.Job instance at 0x7f75e637a140>,13,19,[13  4],14,123,142,109,113
1,<environment.Job instance at 0x7f75e62ae870>,3,15,[ 1 11],4,123,138,119,114
1,<environment.Job instance at 0x7f75e667f140>,14,16,[ 2 12],15,142,158,127,129
1,<environment.Job instance at 0x7f75e6547a00>,16,20,[5 7],17,158,178,141,149
1,<environment.Job instance at 0x7f75e65471e0>,19,23,[ 2 13],20,178,201,158,172
1,<environment.Job instance at 0x7f75e65476e0>,20,12,[14  1],21,201,213,180,184
1,<environment.Job instance at 0x7f75e6547780>,21,28,[ 1 13],22,201,229,179,200
1,<environment.Job instance at 0x7f75e6547be0>,23,22,[12  5],24,229,251,205,222
1,<environment.Job instance at 0x7f75e65472d0>,25,12,[11  5],26,251,263,225,234
1,<environment.Job instance at 0x7f75e62cbc80>,27,22,[11  2],28,263,285,235,256
1,<environment.Job instance at 0x7f75e667f370>,15,12,[ 4 14],16,285,297,269,268
1,<environment.Job instance at 0x7f75e62b9c30>,0,27,[7 4],1,1,28,0,1
1,<environment.Job instance at 0x7f75e6547690>,1,21,[ 3 11],2,2,23,0,2
1,<environment.Job instance at 0x7f75e637a6e0>,2,14,[12  4],3,28,42,25,13
1,<environment.Job instance at 0x7f75e65b9870>,9,16,[ 3 12],10,42,58,32,29
1,<environment.Job instance at 0x7f75e62b9aa0>,3,12,[10  3],4,42,54,38,29
1,<environment.Job instance at 0x7f75e6653b40>,12,13,[14  1],13,58,71,45,42
1,<environment.Job instance at 0x7f75e6653280>,13,24,[8 2],14,71,95,57,66
1,<environment.Job instance at 0x7f75e6653370>,14,21,[ 2 12],15,71,92,56,66
1,<environment.Job instance at 0x7f75e6653820>,15,23,[ 2 12],16,92,115,76,86
1,<environment.Job instance at 0x7f75e6653aa0>,17,26,[ 5 11],18,115,141,97,112
1,<environment.Job instance at 0x7f75e6512730>,19,21,[9 2],20,119,140,99,119
1,<environment.Job instance at 0x7f75e66b1c30>,8,12,[11  3],9,141,153,132,126
1,<environment.Job instance at 0x7f75e62ae5f0>,5,12,[11  4],6,153,165,147,139
1,<environment.Job instance at 0x7f75e6512910>,22,22,[ 1 14],23,165,187,142,160
1,<environment.Job instance at 0x7f75e6512780>,20,18,[14  2],21,187,205,166,176
1,<environment.Job instance at 0x7f75e6512af0>,25,28,[2 8],26,205,233,179,204
1,<environment.Job instance at 0x7f75e6512c30>,26,21,[ 5 14],27,233,254,206,225
1,<environment.Job instance at 0x7f75e6512cd0>,27,27,[9 3],28,254,281,226,252
1,<environment.Job instance at 0x7f75e6512870>,21,16,[ 5 11],22,254,270,232,252
1,<environment.Job instance at 0x7f75e6512e10>,28,15,[13  3],29,281,296,252,267
1,<environment.Job instance at 0x7f75e6101820>,2,20,[ 4 11],3,3,23,0,3
1,<environment.Job instance at 0x7f75e62ae4b0>,4,24,[ 5 11],5,23,47,18,20
1,<environment.Job instance at 0x7f75e652e7d0>,0,17,[12  4],1,47,64,46,35
1,<environment.Job instance at 0x7f75e61040f0>,8,27,[1 5],9,47,74,38,45
1,<environment.Job instance at 0x7f75e6104af0>,9,17,[ 1 11],10,74,91,64,62
1,<environment.Job instance at 0x7f75e61047d0>,10,20,[2 9],11,91,111,80,82
1,<environment.Job instance at 0x7f76249aa140>,12,27,[12  4],13,85,112,72,85
1,<environment.Job instance at 0x7f75e61046e0>,11,17,[ 2 13],12,112,129,100,100
1,<environment.Job instance at 0x7f76249aa500>,16,12,[ 5 12],17,129,141,112,112
1,<environment.Job instance at 0x7f76249aa370>,17,14,[14  1],18,141,155,123,126
1,<environment.Job instance at 0x7f76249aa730>,19,14,[12  4],20,155,169,135,140
1,<environment.Job instance at 0x7f76249aaeb0>,14,12,[ 1 12],15,143,155,128,143
1,<environment.Job instance at 0x7f75e6104690>,6,18,[11  5],7,169,187,162,169
1,<environment.Job instance at 0x7f75e6104910>,3,14,[ 5 12],4,187,201,183,172
1,<environment.Job instance at 0x7f762491c8c0>,25,13,[1 7],26,174,187,148,174
1,<environment.Job instance at 0x7f762491c190>,26,13,[12  2],27,201,214,174,187
1,<environment.Job instance at 0x7f76249aa2d0>,22,12,[14  4],23,214,226,191,207
1,<environment.Job instance at 0x7f75e6104820>,7,12,[ 3 14],8,226,238,218,213
1,<environment.Job instance at 0x7f762491c460>,27,22,[13  4],28,238,260,210,231
1,<environment.Job instance at 0x7f762491cf00>,31,13,[ 1 14],32,260,273,228,244
1,<environment.Job instance at 0x7f762491c410>,32,13,[5 5],33,273,286,240,267
1,<environment.Job instance at 0x7f7631396910>,2,28,[9 1],3,3,31,0,3
1,<environment.Job instance at 0x7f75e65b1640>,7,25,[2 6],8,8,33,0,8
1,<environment.Job instance at 0x7f761ff9a550>,12,21,[9 5],13,31,52,18,30
1,<environment.Job instance at 0x7f761ff9a370>,13,21,[11  5],14,52,73,38,44
1,<environment.Job instance at 0x7f76244e2d20>,14,12,[13  2],15,73,85,58,56
1,<environment.Job instance at 0x7f761ff9af00>,17,24,[12  2],18,85,109,67,80
1,<environment.Job instance at 0x7f75e63ca140>,18,27,[5 9],19,109,136,90,107
1,<environment.Job instance at 0x7f75e63ca9b0>,19,23,[8 5],20,109,132,89,107
1,<environment.Job instance at 0x7f75e63ca4b0>,20,18,[11  4],21,136,154,115,127
1,<environment.Job instance at 0x7f75e63cafa0>,23,25,[4 6],24,132,157,108,128
1,<environment.Job instance at 0x7f75e662ac30>,25,24,[7 5],26,154,178,128,149
1,<environment.Job instance at 0x7f761f555410>,4,15,[13  2],5,178,193,173,164
1,<environment.Job instance at 0x7f761ff87690>,27,21,[14  1],28,193,214,165,185
1,<environment.Job instance at 0x7f76201ba640>,29,16,[12  4],30,214,230,184,201
1,<environment.Job instance at 0x7f76201ba690>,30,24,[ 4 11],31,230,254,199,225
1,<environment.Job instance at 0x7f761f66ce10>,32,20,[6 3],33,230,250,197,225
1,<environment.Job instance at 0x7f7620158d20>,35,12,[ 1 14],36,254,266,218,237
1,<environment.Job instance at 0x7f75e6562cd0>,36,14,[13  4],37,266,280,229,251
1,<environment.Job instance at 0x7f761f67cbe0>,38,13,[13  3],39,280,293,241,264
1,<environment.Job instance at 0x7f75e65b1550>,0,26,[ 4 14],1,1,27,0,1
1,<environment.Job instance at 0x7f761ffadcd0>,2,16,[ 1 11],3,27,43,24,14
1,<environment.Job instance at 0x7f7624453e60>,4,17,[13  1],5,27,44,22,17
1,<environment.Job instance at 0x7f761f555cd0>,7,17,[13  3],8,44,61,36,32
1,<environment.Job instance at 0x7f7624645460>,10,14,[13  2],11,61,75,50,46
1,<environment.Job instance at 0x7f76200b1960>,12,23,[ 1 14],13,75,98,62,69
1,<environment.Job instance at 0x7f761ff83640>,13,27,[5 5],14,98,125,84,96
1,<environment.Job instance at 0x7f761ff838c0>,15,28,[ 5 11],16,125,153,109,124
1,<environment.Job instance at 0x7f761ff839b0>,16,19,[11  5],17,153,172,136,143
1,<environment.Job instance at 0x7f761ff83cd0>,17,27,[ 2 14],18,172,199,154,170
1,<environment.Job instance at 0x7f761ff83050>,18,23,[3 7],19,199,222,180,193
1,<environment.Job instance at 0x7f761ff833c0>,20,21,[1 8],21,199,220,178,193
1,<environment.Job instance at 0x7f761ff831e0>,21,25,[5 8],22,220,245,198,216
1,<environment.Job instance at 0x7f761ff836e0>,22,23,[ 3 12],23,245,268,222,239
1,<environment.Job instance at 0x7f76203236e0>,23,20,[11  5],24,268,288,244,259
1,<environment.Job instance at 0x7f76200b1fa0>,0,23,[ 3 13],1,1,24,0,1
1,<environment.Job instance at 0x7f75e62ae190>,1,13,[12  5],2,24,37,22,9
1,<environment.Job instance at 0x7f75e62f6320>,8,26,[12  1],9,37,63,28,34
1,<environment.Job instance at 0x7f75e62f61e0>,9,22,[14  5],10,63,85,53,56
1,<environment.Job instance at 0x7f75e66b1b90>,3,18,[1 8],4,64,82,60,64
1,<environment.Job instance at 0x7f75e62f60f0>,10,18,[12  5],11,85,103,74,74
1,<environment.Job instance at 0x7f7624a79d70>,14,16,[11  5],15,103,119,88,95
1,<environment.Job instance at 0x7f7624a79280>,15,25,[2 8],16,104,129,88,104
1,<environment.Job instance at 0x7f7624a79f00>,17,26,[2 7],18,119,145,101,116
1,<environment.Job instance at 0x7f75e62f6960>,11,14,[13  4],12,129,143,117,119
1,<environment.Job instance at 0x7f7624a79410>,18,20,[10  2],19,143,163,124,134
1,<environment.Job instance at 0x7f761f469460>,19,23,[1 6],20,143,166,123,137
1,<environment.Job instance at 0x7f761f469e60>,20,26,[13  5],21,163,189,142,160
1,<environment.Job instance at 0x7f761f60e820>,22,25,[4 9],23,189,214,166,185
1,<environment.Job instance at 0x7f761f469f00>,21,16,[ 1 13],22,214,230,192,202
1,<environment.Job instance at 0x7f75e6518870>,25,14,[13  2],26,214,228,188,206
1,<environment.Job instance at 0x7f75e65187d0>,24,14,[13  3],25,230,244,205,217
1,<environment.Job instance at 0x7f75e6518370>,27,28,[9 2],28,244,272,216,243
1,<environment.Job instance at 0x7f75e6518320>,29,20,[5 6],30,247,267,217,247
1,<environment.Job instance at 0x7f75e6518d20>,28,28,[12  3],29,272,300,243,271
1,<environment.Job instance at 0x7f75e6147550>,0,28,[5 2],1,1,29,0,1
1,<environment.Job instance at 0x7f761f4f0d20>,1,21,[ 4 12],2,2,23,0,2
1,<environment.Job instance at 0x7f76200324b0>,4,13,[1 6],5,23,36,18,7
1,<environment.Job instance at 0x7f761ff32820>,11,14,[11  3],12,29,43,17,20
1,<environment.Job instance at 0x7f761f6dc550>,7,21,[11  3],8,43,64,35,36
1,<environment.Job instance at 0x7f75e66e8b90>,14,21,[9 1],15,64,85,49,56
1,<environment.Job instance at 0x7f761ff320f0>,12,28,[2 7],13,56,84,43,56
1,<environment.Job instance at 0x7f75e66e87d0>,15,16,[4 9],16,84,100,68,71
1,<environment.Job instance at 0x7f75e6568870>,17,12,[4 5],18,85,97,67,73
1,<environment.Job instance at 0x7f76203f8550>,3,18,[11  5],4,97,115,93,88
1,<environment.Job instance at 0x7f75e5fd9d70>,9,23,[5 5],10,115,138,105,109
1,<environment.Job instance at 0x7f75e6568aa0>,21,22,[1 8],22,126,148,104,126
1,<environment.Job instance at 0x7f75e66e8fa0>,16,22,[14  2],17,138,160,121,131
1,<environment.Job instance at 0x7f761f663dc0>,19,22,[ 2 11],20,160,182,140,154
1,<environment.Job instance at 0x7f75e65687d0>,22,24,[13  4],23,160,184,137,158
1,<environment.Job instance at 0x7f75e65ae190>,25,19,[7 5],26,184,203,158,175
1,<environment.Job instance at 0x7f75e65ae500>,28,22,[5 7],29,200,222,171,200
1,<environment.Job instance at 0x7f75e64c7f00>,30,28,[7 5],31,212,240,181,212
1,<environment.Job instance at 0x7f762000da50>,31,22,[12  4],32,240,262,208,234
1,<environment.Job instance at 0x7f75e65ae960>,27,14,[13  2],28,262,276,234,256
1,<environment.Job instance at 0x7f761f4f0b40>,0,23,[13  4],1,1,24,0,1
1,<environment.Job instance at 0x7f75e67ac050>,1,25,[ 4 12],2,24,49,22,20
1,<environment.Job instance at 0x7f761f682d20>,8,19,[3 6],9,49,68,40,39
1,<environment.Job instance at 0x7f761f4f02d0>,3,14,[10  4],4,49,63,45,41
1,<environment.Job instance at 0x7f75e6478230>,6,14,[11  3],7,63,77,56,49
1,<environment.Job instance at 0x7f7624601c30>,14,27,[5 6],15,77,104,62,75
1,<environment.Job instance at 0x7f75e66388c0>,10,21,[9 1],11,77,98,66,75
1,<environment.Job instance at 0x7f7624601910>,18,26,[ 3 10],19,104,130,85,101
1,<environment.Job instance at 0x7f75e672bd70>,21,27,[ 5 14],22,130,157,108,128
1,<environment.Job instance at 0x7f7624601fa0>,22,17,[14  2],23,157,174,134,145
1,<environment.Job instance at 0x7f76246010f0>,16,25,[9 4],17,174,199,157,170
1,<environment.Job instance at 0x7f75e6564820>,11,19,[ 3 11],12,174,193,162,173
1,<environment.Job instance at 0x7f7624601eb0>,17,25,[12  3],18,203,228,185,203
1,<environment.Job instance at 0x7f75e6418eb0>,24,20,[12  3],25,228,248,203,220
1,<environment.Job instance at 0x7f75e6400230>,29,22,[3 9],30,222,244,192,222
1,<environment.Job instance at 0x7f75e64002d0>,30,13,[13  3],31,248,261,217,241
1,<environment.Job instance at 0x7f75e6400410>,32,14,[12  5],33,261,275,228,259
1,<environment.Job instance at 0x7f75e6400370>,31,12,[12  5],32,275,287,243,262
1,<environment.Job instance at 0x7f75e6434a50>,3,13,[9 2],4,7,20,3,7
1,<environment.Job instance at 0x7f75e6434eb0>,6,24,[1 8],7,8,32,1,8
1,<environment.Job instance at 0x7f75e6400500>,1,22,[14  3],2,20,42,18,13
1,<environment.Job instance at 0x7f75e6434d20>,7,17,[ 1 10],8,32,49,24,20
1,<environment.Job instance at 0x7f75e643d2d0>,9,12,[11  2],10,42,54,32,30
1,<environment.Job instance at 0x7f7624afe5f0>,13,24,[2 8],14,49,73,35,44
1,<environment.Job instance at 0x7f7624afec30>,14,24,[5 7],15,57,81,42,57
1,<environment.Job instance at 0x7f7624afe4b0>,15,13,[14  2],16,81,94,65,65
1,<environment.Job instance at 0x7f7624afe2d0>,16,12,[ 5 14],17,94,106,77,77
1,<environment.Job instance at 0x7f7624afef50>,17,28,[11  4],18,106,134,88,105
1,<environment.Job instance at 0x7f7624afeeb0>,18,23,[1 6],19,113,136,94,113
1,<environment.Job instance at 0x7f7624afe820>,19,26,[1 8],20,134,160,114,131
1,<environment.Job instance at 0x7f76202bf050>,23,25,[7 5],24,136,161,112,132
1,<environment.Job instance at 0x7f76202bfa50>,24,24,[5 3],25,160,184,135,155
1,<environment.Job instance at 0x7f7624afee60>,11,15,[ 3 12],12,161,176,149,155
1,<environment.Job instance at 0x7f76202bfe60>,26,24,[5 2],27,176,200,149,172
1,<environment.Job instance at 0x7f76202bfeb0>,25,15,[ 1 14],26,200,215,174,186
1,<environment.Job instance at 0x7f76202bf410>,29,20,[ 4 13],30,215,235,185,206
1,<environment.Job instance at 0x7f76202bf3c0>,31,20,[1 9],32,235,255,203,226
1,<environment.Job instance at 0x7f75e6434460>,5,21,[11  3],6,235,256,229,227
1,<environment.Job instance at 0x7f75e61db1e0>,37,14,[ 3 11],38,255,269,217,240
1,<environment.Job instance at 0x7f76246011e0>,0,21,[ 1 12],1,1,22,0,1
1,<environment.Job instance at 0x7f75e61db320>,1,16,[ 2 13],2,22,38,20,9
1,<environment.Job instance at 0x7f75e6564140>,6,24,[14  5],7,38,62,31,33
1,<environment.Job instance at 0x7f762029e410>,11,18,[ 2 11],12,62,80,50,51
1,<environment.Job instance at 0x7f762029ef00>,12,13,[11  3],13,62,75,49,52
1,<environment.Job instance at 0x7f762029eaf0>,13,18,[13  2],14,75,93,61,65
1,<environment.Job instance at 0x7f762029e4b0>,14,28,[7 1],15,93,121,78,92
1,<environment.Job instance at 0x7f75e66e4050>,15,23,[ 5 13],16,93,116,77,92
1,<environment.Job instance at 0x7f75e66e4b90>,16,23,[2 7],17,116,139,99,110
1,<environment.Job instance at 0x7f7624601050>,3,13,[13  4],4,137,150,133,137
1,<environment.Job instance at 0x7f75e66e4d20>,17,28,[ 1 10],18,139,167,121,138
1,<environment.Job instance at 0x7f75e66e4b40>,19,12,[ 4 14],20,167,179,147,150
1,<environment.Job instance at 0x7f75e66e4280>,18,25,[ 2 12],19,179,204,160,177
1,<environment.Job instance at 0x7f75e66e46e0>,20,28,[10  3],21,179,207,158,178
1,<environment.Job instance at 0x7f75e66e4d70>,23,22,[3 5],24,204,226,180,197
1,<environment.Job instance at 0x7f75e66e4aa0>,24,27,[1 7],25,204,231,179,202
1,<environment.Job instance at 0x7f75e66e49b0>,21,23,[11  2],22,207,230,185,203
1,<environment.Job instance at 0x7f76249881e0>,4,18,[14  3],5,230,248,225,224
1,<environment.Job instance at 0x7f75e64cc500>,27,14,[12  4],28,248,262,220,242
1,<environment.Job instance at 0x7f75e6555500>,9,18,[12  3],10,262,280,252,251
1,<environment.Job instance at 0x7f75e64ccf00>,26,22,[ 3 12],27,262,284,235,256
1,<environment.Job instance at 0x7f7624988640>,0,24,[9 1],1,1,25,0,1
1,<environment.Job instance at 0x7f761f4f0410>,4,21,[2 7],5,5,26,0,5
1,<environment.Job instance at 0x7f75e60e6af0>,5,26,[11  3],6,25,51,19,22
1,<environment.Job instance at 0x7f761fefe640>,9,19,[ 3 10],10,26,45,16,24
1,<environment.Job instance at 0x7f762029e640>,11,20,[10  3],12,51,71,39,42
1,<environment.Job instance at 0x7f762029e7d0>,12,27,[7 2],13,71,98,58,69
1,<environment.Job instance at 0x7f75e64b2fa0>,14,21,[10  1],15,98,119,83,90
1,<environment.Job instance at 0x7f75e64b20f0>,15,12,[ 2 14],16,98,110,82,90
1,<environment.Job instance at 0x7f75e6746eb0>,16,17,[ 1 12],17,110,127,93,98
1,<environment.Job instance at 0x7f75e647c690>,17,22,[13  4],18,127,149,109,120
1,<environment.Job instance at 0x7f75e64b2c80>,18,18,[ 5 12],19,149,167,130,138
1,<environment.Job instance at 0x7f7624838280>,20,26,[12  2],21,167,193,146,164
1,<environment.Job instance at 0x7f7624838460>,21,25,[4 8],22,193,218,171,189
1,<environment.Job instance at 0x7f7624838fa0>,23,12,[13  2],24,218,230,194,201
1,<environment.Job instance at 0x7f761f6a10f0>,24,22,[6 2],25,230,252,205,223
1,<environment.Job instance at 0x7f7624838c80>,25,26,[2 8],26,223,249,197,223
1,<environment.Job instance at 0x7f7624838910>,26,23,[4 7],27,249,272,222,243
1,<environment.Job instance at 0x7f75e6471a00>,28,14,[ 2 13],29,272,286,243,257
1,<environment.Job instance at 0x7f75e64719b0>,1,19,[4 6],2,2,21,0,2
1,<environment.Job instance at 0x7f75e6244050>,2,28,[ 5 13],3,21,49,18,20
1,<environment.Job instance at 0x7f76249886e0>,9,19,[4 5],10,49,68,39,39
1,<environment.Job instance at 0x7f7624a586e0>,10,25,[1 6],11,49,74,38,45
1,<environment.Job instance at 0x7f7624a587d0>,11,20,[11  1],12,68,88,56,59
1,<environment.Job instance at 0x7f76202e2370>,12,21,[2 8],13,68,89,55,60
1,<environment.Job instance at 0x7f7624a58fa0>,15,12,[ 1 13],16,89,101,73,72
1,<environment.Job instance at 0x7f75e608e230>,16,23,[1 5],17,101,124,84,95
1,<environment.Job instance at 0x7f75e6819cd0>,17,14,[ 3 11],18,124,138,106,109
1,<environment.Job instance at 0x7f75e6471eb0>,4,27,[6 4],5,109,136,104,109
1,<environment.Job instance at 0x7f76248afcd0>,18,22,[9 1],19,136,158,117,129
1,<environment.Job instance at 0x7f75e6244af0>,3,17,[2 8],4,138,155,134,130
1,<environment.Job instance at 0x7f75e62c0fa0>,21,15,[14  4],22,158,173,136,144
1,<environment.Job instance at 0x7f761ff871e0>,24,20,[ 4 11],25,173,193,148,164
1,<environment.Job instance at 0x7f76202bb050>,25,19,[ 2 13],26,193,212,167,183
1,<environment.Job instance at 0x7f76313614b0>,26,15,[14  2],27,212,227,185,198
1,<environment.Job instance at 0x7f75e65e5c80>,27,12,[13  3],28,227,239,199,210
1,<environment.Job instance at 0x7f75e64c1fa0>,29,21,[11  1],30,239,260,209,231
1,<environment.Job instance at 0x7f75e6162b40>,31,25,[10  4],32,260,285,228,256
1,<environment.Job instance at 0x7f75e5fed320>,0,25,[2 8],1,1,26,0,1
1,<environment.Job instance at 0x7f75e6162b40>,3,16,[13  2],4,11,27,7,11
1,<environment.Job instance at 0x7f75e6484dc0>,9,20,[3 9],10,27,47,17,18
1,<environment.Job instance at 0x7f75e6484cd0>,10,25,[ 1 13],11,47,72,36,43
1,<environment.Job instance at 0x7f75e6484a00>,11,22,[14  2],12,47,69,35,43
1,<environment.Job instance at 0x7f75e6484870>,12,24,[7 4],13,72,96,59,67
1,<environment.Job instance at 0x7f76244eb320>,14,20,[ 5 11],15,72,92,57,67
1,<environment.Job instance at 0x7f76244ebbe0>,15,21,[13  4],16,96,117,80,88
1,<environment.Job instance at 0x7f76244eb190>,16,25,[12  4],17,117,142,100,113
1,<environment.Job instance at 0x7f76244ed6e0>,18,12,[13  4],19,142,154,123,126
1,<environment.Job instance at 0x7f76244ed410>,19,21,[ 4 12],20,154,175,134,146
1,<environment.Job instance at 0x7f76244ede10>,20,13,[ 2 12],21,175,188,154,159
1,<environment.Job instance at 0x7f76244ed0f0>,21,25,[3 8],22,188,213,166,184
1,<environment.Job instance at 0x7f76244ed7d0>,22,21,[12  5],23,188,209,165,184
1,<environment.Job instance at 0x7f76244ed320>,23,21,[ 5 11],24,213,234,189,205
1,<environment.Job instance at 0x7f76244ed9b0>,24,21,[1 9],25,234,255,209,226
1,<environment.Job instance at 0x7f76244ed230>,25,21,[12  4],26,234,255,208,226
1,<environment.Job instance at 0x7f76244eda50>,26,18,[12  3],27,255,273,228,244
1,<environment.Job instance at 0x7f76244ed910>,27,22,[9 3],28,273,295,245,266
1,<environment.Job instance at 0x7f762002d960>,0,24,[1 9],1,1,25,0,1
1,<environment.Job instance at 0x7f75e5f95d70>,1,19,[13  2],2,17,36,15,17
1,<environment.Job instance at 0x7f75e63b2d70>,7,12,[12  2],8,36,48,28,19
1,<environment.Job instance at 0x7f761ff59730>,9,26,[4 6],10,48,74,38,45
1,<environment.Job instance at 0x7f75e5ee3b90>,10,24,[5 3],11,48,72,37,45
1,<environment.Job instance at 0x7f763123caa0>,11,13,[13  3],12,74,87,62,58
1,<environment.Job instance at 0x7f75e5ed8d70>,12,13,[11  1],13,87,100,74,71
1,<environment.Job instance at 0x7f75e5ed80f0>,13,23,[12  2],14,100,123,86,94
1,<environment.Job instance at 0x7f75e5ed8140>,14,12,[12  1],15,123,135,108,106
1,<environment.Job instance at 0x7f762002d320>,6,20,[ 5 11],7,142,162,135,142
1,<environment.Job instance at 0x7f75e689ad20>,17,14,[7 1],18,149,163,131,149
1,<environment.Job instance at 0x7f75e6484b90>,4,15,[14  2],5,163,178,158,154
1,<environment.Job instance at 0x7f75e64841e0>,3,12,[ 4 12],4,178,190,174,161
1,<environment.Job instance at 0x7f76244ebaf0>,2,20,[11  2],3,185,205,182,185
1,<environment.Job instance at 0x7f76249e3eb0>,22,20,[ 3 12],23,192,212,169,192
1,<environment.Job instance at 0x7f76249e35f0>,23,28,[1 8],24,212,240,188,212
1,<environment.Job instance at 0x7f75e6423370>,18,25,[6 4],19,218,243,199,218
1,<environment.Job instance at 0x7f76249e3aa0>,25,21,[ 2 10],26,240,261,214,232
1,<environment.Job instance at 0x7f76249e3b90>,24,23,[13  1],25,243,266,218,237
1,<environment.Job instance at 0x7f76249f5190>,27,17,[ 4 12],28,266,283,238,262
1,<environment.Job instance at 0x7f76249f5460>,28,14,[12  3],29,283,297,254,269
1,<environment.Job instance at 0x7f761ff59b40>,0,13,[ 1 13],1,1,14,0,1
1,<environment.Job instance at 0x7f75e632e320>,3,13,[12  1],4,4,17,0,4
1,<environment.Job instance at 0x7f76249f5fa0>,4,20,[10  4],5,17,37,12,17
1,<environment.Job instance at 0x7f7624956a50>,10,13,[12  2],11,37,50,26,24
1,<environment.Job instance at 0x7f7624956af0>,9,27,[ 1 10],10,24,51,14,24
1,<environment.Job instance at 0x7f7624c15cd0>,7,20,[2 6],8,51,71,43,45
1,<environment.Job instance at 0x7f75e6671a00>,12,26,[11  4],13,58,84,45,58
1,<environment.Job instance at 0x7f762458d280>,15,17,[ 3 10],16,71,88,55,59
1,<environment.Job instance at 0x7f76201a3500>,19,18,[ 1 13],20,88,106,68,77
1,<environment.Job instance at 0x7f75e6145230>,20,12,[12  2],21,84,96,63,78
1,<environment.Job instance at 0x7f75e6145140>,23,13,[ 4 14],24,106,119,82,95
1,<environment.Job instance at 0x7f75e6671be0>,14,26,[14  4],15,119,145,104,117
1,<environment.Job instance at 0x7f762458d550>,17,13,[ 2 12],18,145,158,127,138
1,<environment.Job instance at 0x7f762008ee60>,24,15,[ 1 11],25,158,173,133,145
1,<environment.Job instance at 0x7f7624c15e10>,8,26,[14  2],9,158,184,149,156
1,<environment.Job instance at 0x7f762458b870>,29,28,[ 1 12],30,179,207,149,179
1,<environment.Job instance at 0x7f75e63afa00>,36,12,[14  1],37,192,204,155,192
1,<environment.Job instance at 0x7f75e63af410>,37,21,[2 8],38,207,228,169,199
1,<environment.Job instance at 0x7f75e63af0a0>,38,28,[13  5],39,208,236,169,208
1,<environment.Job instance at 0x7f75e65948c0>,6,27,[ 2 13],7,236,263,229,234
1,<environment.Job instance at 0x7f75e63af550>,40,19,[10  1],41,236,255,195,234
1,<environment.Job instance at 0x7f75e63af140>,39,24,[11  2],40,255,279,215,250
1,<environment.Job instance at 0x7f75e63af190>,41,19,[ 4 12],42,263,282,221,255
1,<environment.Job instance at 0x7f75e63af730>,1,19,[12  3],2,2,21,0,2
1,<environment.Job instance at 0x7f76203eb960>,2,25,[2 6],3,6,31,3,6
1,<environment.Job instance at 0x7f75e63af190>,3,15,[11  2],4,21,36,17,8
1,<environment.Job instance at 0x7f75e60e6500>,9,17,[ 3 14],10,36,53,26,24
1,<environment.Job instance at 0x7f75e60e6050>,7,18,[11  5],8,53,71,45,42
1,<environment.Job instance at 0x7f75e60e6140>,8,23,[ 1 10],9,53,76,44,47
1,<environment.Job instance at 0x7f75e60e6c80>,14,21,[13  3],15,71,92,56,63
1,<environment.Job instance at 0x7f75e60e6f50>,17,24,[11  4],18,92,116,74,87
1,<environment.Job instance at 0x7f75e60e67d0>,19,22,[3 7],20,99,121,79,99
1,<environment.Job instance at 0x7f75e60e6410>,21,21,[3 7],22,116,137,94,108
1,<environment.Job instance at 0x7f75e60e6be0>,22,12,[ 2 12],23,137,149,114,120
1,<environment.Job instance at 0x7f75e60e6190>,15,14,[12  3],16,128,142,112,128
1,<environment.Job instance at 0x7f75e61598c0>,28,16,[12  1],29,142,158,113,135
1,<environment.Job instance at 0x7f75e6159e60>,29,23,[7 3],30,158,181,128,152
1,<environment.Job instance at 0x7f75e60e6c30>,20,16,[ 1 12],21,166,182,145,166
1,<environment.Job instance at 0x7f75e6159b40>,30,17,[13  3],31,181,198,150,169
1,<environment.Job instance at 0x7f75e6159960>,32,12,[ 5 11],33,198,210,165,184
1,<environment.Job instance at 0x7f75e6159280>,34,27,[13  3],35,210,237,175,208
1,<environment.Job instance at 0x7f75e6159a50>,35,19,[10  3],36,237,256,201,227
1,<environment.Job instance at 0x7f75e6159d70>,33,12,[ 4 14],34,256,268,222,239
1,<environment.Job instance at 0x7f75e6159be0>,36,16,[11  1],37,256,272,219,249
1,<environment.Job instance at 0x7f75e6159230>,39,20,[12  4],40,272,292,232,263
1,<environment.Job instance at 0x7f7631062f00>,0,17,[12  2],1,2,19,1,2
1,<environment.Job instance at 0x7f761ffbefa0>,3,26,[ 3 14],4,19,45,15,16
1,<environment.Job instance at 0x7f761ffbed20>,7,18,[11  2],8,45,63,37,34
1,<environment.Job instance at 0x7f76313397d0>,8,21,[ 5 12],9,63,84,54,55
1,<environment.Job instance at 0x7f761ffbea50>,10,19,[5 2],11,63,82,52,55
1,<environment.Job instance at 0x7f7624a9cf00>,11,28,[13  4],12,84,112,72,83
1,<environment.Job instance at 0x7f7624a9cb90>,12,15,[ 4 13],13,112,127,99,98
1,<environment.Job instance at 0x7f7624a04280>,13,28,[11  2],14,112,140,98,111
1,<environment.Job instance at 0x7f76203d2d70>,14,12,[ 3 12],15,127,139,112,114
1,<environment.Job instance at 0x7f75e63879b0>,15,24,[7 1],16,140,164,124,135
1,<environment.Job instance at 0x7f75e5fcfe60>,17,24,[6 2],18,140,164,122,135
1,<environment.Job instance at 0x7f76203d2280>,18,23,[7 4],19,164,187,145,158
1,<environment.Job instance at 0x7f75e5ef8550>,19,23,[2 8],20,158,181,138,158
1,<environment.Job instance at 0x7f75e5ef80f0>,20,15,[ 4 12],21,187,202,166,173
1,<environment.Job instance at 0x7f75e5ef8140>,21,25,[11  3],22,187,212,165,183
1,<environment.Job instance at 0x7f75e5ef8af0>,22,28,[5 3],23,212,240,189,211
1,<environment.Job instance at 0x7f75e5e3c050>,23,22,[5 5],24,212,234,188,211
1,<environment.Job instance at 0x7f75e5e3cbe0>,24,24,[10  4],25,234,258,209,229
1,<environment.Job instance at 0x7f761ffbe370>,4,17,[ 3 11],5,240,257,235,230
1,<environment.Job instance at 0x7f75e5e3caf0>,25,12,[ 3 13],26,258,270,232,244
1,<environment.Job instance at 0x7f762450f820>,28,21,[ 2 11],29,270,291,241,262
1,<environment.Job instance at 0x7f75e6080640>,29,23,[9 2],30,262,285,232,262
1,<environment.Job instance at 0x7f6145f38140>,1,22,[11  3],2,2,24,0,2
1,<environment.Job instance at 0x7f6145f38320>,2,22,[4 8],3,8,30,5,8
1,<environment.Job instance at 0x7f613eb284b0>,8,22,[14  3],9,30,52,21,23
1,<environment.Job instance at 0x7f613eb286e0>,10,18,[ 3 11],11,52,70,41,42
1,<environment.Job instance at 0x7f613eb28a00>,12,26,[ 1 12],13,70,96,57,67
1,<environment.Job instance at 0x7f613eb287d0>,13,18,[ 4 14],14,96,114,82,85
1,<environment.Job instance at 0x7f613eb28be0>,15,18,[ 2 14],16,114,132,98,103
1,<environment.Job instance at 0x7f613eb28c80>,16,16,[ 3 11],17,132,148,115,121
1,<environment.Job instance at 0x7f613eb28d20>,17,28,[ 5 10],18,148,176,130,147
1,<environment.Job instance at 0x7f613eb28dc0>,18,25,[ 4 13],19,176,201,157,172
1,<environment.Job instance at 0x7f613eb28f00>,20,27,[13  5],21,201,228,180,199
1,<environment.Job instance at 0x7f613eb28230>,4,21,[1 6],5,208,229,203,208
1,<environment.Job instance at 0x7f613eb28fa0>,21,26,[ 5 12],22,229,255,207,226
1,<environment.Job instance at 0x7f613eb28f50>,24,13,[ 3 14],25,255,268,230,239
1,<environment.Job instance at 0x7f613eb2a320>,25,23,[ 3 13],26,268,291,242,262
1,<environment.Job instance at 0x7f614609ea00>,0,19,[13  1],1,2,21,1,2
1,<environment.Job instance at 0x7f6145f63370>,2,22,[14  4],3,21,43,18,14
1,<environment.Job instance at 0x7f6145f63820>,6,26,[13  4],7,43,69,36,40
1,<environment.Job instance at 0x7f6145f60190>,11,25,[6 1],12,69,94,57,65
1,<environment.Job instance at 0x7f6145f60460>,12,28,[6 2],13,69,97,56,68
1,<environment.Job instance at 0x7f6145f60960>,13,24,[6 4],14,94,118,80,89
1,<environment.Job instance at 0x7f6145f60230>,15,25,[ 3 12],16,118,143,102,114
1,<environment.Job instance at 0x7f6145f60640>,16,26,[13  5],17,143,169,126,140
1,<environment.Job instance at 0x7f6145f60820>,17,28,[1 9],18,143,171,125,142
1,<environment.Job instance at 0x7f6145f60730>,18,13,[14  1],19,169,182,150,153
1,<environment.Job instance at 0x7f6145f60aa0>,19,28,[ 2 10],20,182,210,162,181
1,<environment.Job instance at 0x7f6145f609b0>,21,25,[ 3 14],22,210,235,188,206
1,<environment.Job instance at 0x7f6145f60320>,22,13,[12  5],23,235,248,212,219
1,<environment.Job instance at 0x7f6145f60b40>,23,20,[ 4 10],24,248,268,224,239
1,<environment.Job instance at 0x7f6145f63730>,3,14,[11  5],4,255,269,251,255
1,<environment.Job instance at 0x7f6145f63050>,5,18,[13  4],6,269,287,263,258
1,<environment.Job instance at 0x7f61460aba00>,27,16,[ 1 14],28,287,303,259,275
1,<environment.Job instance at 0x7f60fae2ce10>,2,23,[13  5],3,5,28,2,5
1,<environment.Job instance at 0x7f61460a4730>,0,20,[13  5],1,28,48,27,19
1,<environment.Job instance at 0x7f61460ab1e0>,5,28,[ 4 11],6,48,76,42,47
1,<environment.Job instance at 0x7f60fae2c460>,8,25,[7 3],9,48,73,39,47
1,<environment.Job instance at 0x7f60fae2c1e0>,9,27,[ 4 13],10,76,103,66,74
1,<environment.Job instance at 0x7f60fae2c370>,10,26,[8 4],11,103,129,92,100
1,<environment.Job instance at 0x7f60fae2c280>,11,12,[11  1],12,129,141,117,112
1,<environment.Job instance at 0x7f60fae2cb90>,12,14,[5 5],13,112,126,99,112
1,<environment.Job instance at 0x7f60fae2c8c0>,13,16,[14  1],14,141,157,127,128
1,<environment.Job instance at 0x7f60fae2c500>,14,27,[ 1 10],15,128,155,113,128
1,<environment.Job instance at 0x7f60fae2c230>,15,19,[9 4],16,157,176,141,147
1,<environment.Job instance at 0x7f60fae2c5f0>,16,19,[13  1],17,176,195,159,166
1,<environment.Job instance at 0x7f60fae27550>,17,15,[12  2],18,195,210,177,181
1,<environment.Job instance at 0x7f60fae27460>,18,20,[11  2],19,210,230,191,201
1,<environment.Job instance at 0x7f60fae2cdc0>,6,18,[ 4 12],7,210,228,203,201
1,<environment.Job instance at 0x7f60fae27eb0>,19,25,[ 2 13],20,228,253,208,224
1,<environment.Job instance at 0x7f60fae273c0>,23,15,[ 2 13],24,253,268,229,239
1,<environment.Job instance at 0x7f60fae27be0>,24,13,[ 5 14],25,268,281,243,252
1,<environment.Job instance at 0x7f60fae279b0>,25,20,[11  2],26,281,301,255,273
1,<environment.Job instance at 0x7f60fae27280>,26,15,[3 6],27,281,296,254,273
1,<environment.Job instance at 0x7f60fb173190>,0,12,[ 3 14],1,1,13,0,1
1,<environment.Job instance at 0x7f60fae5f910>,1,21,[4 8],2,13,34,11,5
1,<environment.Job instance at 0x7f60faede500>,6,28,[6 1],7,7,35,0,7
1,<environment.Job instance at 0x7f60fb280820>,9,27,[ 4 12],10,34,61,24,32
1,<environment.Job instance at 0x7f60fb2805f0>,11,20,[ 3 14],12,61,81,49,52
1,<environment.Job instance at 0x7f60fb280870>,12,13,[ 3 14],13,81,94,68,65
1,<environment.Job instance at 0x7f60fb280410>,13,13,[11  5],14,94,107,80,81
1,<environment.Job instance at 0x7f60faefe2d0>,14,24,[8 4],15,107,131,92,102
1,<environment.Job instance at 0x7f613e8f55f0>,8,13,[1 7],9,106,119,97,106
1,<environment.Job instance at 0x7f613e890550>,3,21,[ 3 14],4,131,152,127,123
1,<environment.Job instance at 0x7f60faefe5a0>,18,14,[7 5],19,152,166,133,138
1,<environment.Job instance at 0x7f60fb1d95f0>,20,17,[12  4],21,166,183,145,154
1,<environment.Job instance at 0x7f60fb1d98c0>,21,26,[1 9],22,154,180,132,154
1,<environment.Job instance at 0x7f60fb1960a0>,2,15,[ 4 12],3,183,198,180,169
1,<environment.Job instance at 0x7f60fb23a140>,22,27,[14  4],23,201,228,178,201
1,<environment.Job instance at 0x7f60fb2223c0>,24,25,[13  3],25,228,253,203,224
1,<environment.Job instance at 0x7f60fb222780>,25,15,[8 5],26,253,268,227,241
1,<environment.Job instance at 0x7f60fb222370>,26,23,[12  4],27,268,291,241,262
1,<environment.Job instance at 0x7f60fb280230>,0,20,[13  5],1,1,21,0,1
1,<environment.Job instance at 0x7f60fb222910>,1,27,[1 8],2,2,29,0,2
1,<environment.Job instance at 0x7f60faedea50>,3,24,[11  3],4,21,45,17,16
1,<environment.Job instance at 0x7f60fb2c3460>,12,24,[13  3],13,45,69,32,40
1,<environment.Job instance at 0x7f60faf31410>,15,25,[14  1],16,69,94,53,65
1,<environment.Job instance at 0x7f60faefc3c0>,16,27,[5 5],17,94,121,77,92
1,<environment.Job instance at 0x7f60faedeb90>,5,13,[6 4],6,96,109,90,96
1,<environment.Job instance at 0x7f60faf317d0>,14,25,[12  2],15,121,146,106,117
1,<environment.Job instance at 0x7f60fae71960>,7,23,[13  3],8,148,171,140,148
1,<environment.Job instance at 0x7f60fb224460>,24,23,[14  3],25,171,194,146,165
1,<environment.Job instance at 0x7f60fb2244b0>,25,25,[9 2],26,194,219,168,190
1,<environment.Job instance at 0x7f60fb224320>,23,21,[ 2 11],24,194,215,170,191
1,<environment.Job instance at 0x7f60fb2242d0>,27,19,[11  1],28,219,238,191,209
1,<environment.Job instance at 0x7f60fb224690>,30,23,[ 2 11],31,215,238,184,209
1,<environment.Job instance at 0x7f60fb224730>,31,27,[1 8],32,238,265,206,236
1,<environment.Job instance at 0x7f60fb222370>,4,18,[13  3],5,238,256,233,237
1,<environment.Job instance at 0x7f60fb219460>,18,23,[14  2],19,256,279,237,250
1,<environment.Job instance at 0x7f613eb1c320>,4,23,[ 2 11],5,5,28,0,5
1,<environment.Job instance at 0x7f613ea41cd0>,5,18,[ 5 11],6,28,46,22,17
1,<environment.Job instance at 0x7f613ea41370>,6,27,[11  5],7,79,106,72,79
1,<environment.Job instance at 0x7f613ea41410>,10,14,[12  4],11,106,120,95,93
1,<environment.Job instance at 0x7f613ea415f0>,7,17,[12  5],8,120,137,112,108
1,<environment.Job instance at 0x7f613ea41050>,16,23,[11  3],17,175,198,158,175
1,<environment.Job instance at 0x7f613ed344b0>,17,16,[ 4 10],18,184,200,166,184
1,<environment.Job instance at 0x7f60fafea5f0>,0,18,[14  3],1,200,218,199,189
1,<environment.Job instance at 0x7f613ed348c0>,20,14,[ 3 13],21,218,232,197,204
1,<environment.Job instance at 0x7f613ed34910>,22,28,[5 5],23,232,260,209,231
1,<environment.Job instance at 0x7f613ea41230>,18,12,[11  4],19,260,272,241,255
1,<environment.Job instance at 0x7f60fad384b0>,3,18,[14  3],4,272,290,268,261
1,<environment.Job instance at 0x7f60fb1da1e0>,0,21,[5 2],1,1,22,0,1
1,<environment.Job instance at 0x7f60fad8beb0>,1,23,[ 4 11],2,2,25,0,2
1,<environment.Job instance at 0x7f60fb1daeb0>,2,26,[ 3 14],3,25,51,22,22
1,<environment.Job instance at 0x7f60fb120e60>,8,25,[14  5],9,51,76,42,47
1,<environment.Job instance at 0x7f60fad85cd0>,11,13,[12  5],12,76,89,64,64
1,<environment.Job instance at 0x7f60fafa4a50>,13,16,[11  4],14,107,123,93,107
1,<environment.Job instance at 0x7f60fafa46e0>,14,22,[9 4],15,123,145,108,116
1,<environment.Job instance at 0x7f613ea815a0>,4,19,[ 4 11],5,117,136,112,117
1,<environment.Job instance at 0x7f60fafa4960>,15,27,[12  1],16,145,172,129,143
1,<environment.Job instance at 0x7f60faf319b0>,18,22,[ 3 14],19,145,167,126,143
1,<environment.Job instance at 0x7f60faf31960>,19,26,[2 7],20,167,193,147,164
1,<environment.Job instance at 0x7f60fafa4640>,16,22,[11  5],17,172,194,155,165
1,<environment.Job instance at 0x7f60fb1d9fa0>,3,12,[ 2 13],4,194,206,190,177
1,<environment.Job instance at 0x7f613e9746e0>,6,12,[11  1],7,194,206,187,183
1,<environment.Job instance at 0x7f60faf31c80>,21,16,[14  1],22,206,222,184,193
1,<environment.Job instance at 0x7f60fafa3820>,25,18,[11  1],26,222,240,196,216
1,<environment.Job instance at 0x7f60fafa3190>,26,19,[ 3 12],27,222,241,195,217
1,<environment.Job instance at 0x7f60fafd97d0>,27,20,[3 7],28,241,261,213,234
1,<environment.Job instance at 0x7f60fafd9f00>,28,18,[12  5],29,241,259,212,236
1,<environment.Job instance at 0x7f613eee6500>,29,27,[13  3],30,261,288,231,260
1,<environment.Job instance at 0x7f613e8db280>,30,18,[1 5],31,262,280,231,262
1,<environment.Job instance at 0x7f613ea5f5f0>,1,24,[14  3],2,2,26,0,2
1,<environment.Job instance at 0x7f60fb1da870>,4,13,[ 1 13],5,26,39,21,10
1,<environment.Job instance at 0x7f60fb37ab90>,2,25,[12  1],3,26,51,23,22
1,<environment.Job instance at 0x7f60fb1dae10>,5,23,[1 5],6,52,75,46,52
1,<environment.Job instance at 0x7f6141853550>,9,26,[12  4],10,52,78,42,52
1,<environment.Job instance at 0x7f60fafeabe0>,8,13,[ 1 14],9,78,91,69,74
1,<environment.Job instance at 0x7f613eacc410>,11,21,[13  2],12,91,112,79,83
1,<environment.Job instance at 0x7f613ee4e320>,12,23,[14  5],13,112,135,99,106
1,<environment.Job instance at 0x7f613ee4e140>,15,22,[7 1],16,135,157,119,128
1,<environment.Job instance at 0x7f613ee4e820>,16,28,[5 4],17,135,163,118,134
1,<environment.Job instance at 0x7f613ef505f0>,20,18,[ 5 14],21,163,181,142,152
1,<environment.Job instance at 0x7f613ef50690>,21,17,[ 3 13],22,181,198,159,169
1,<environment.Job instance at 0x7f60fb1da910>,7,24,[ 5 13],8,198,222,190,193
1,<environment.Job instance at 0x7f613ef50870>,22,23,[13  3],23,222,245,199,216
1,<environment.Job instance at 0x7f613ef50910>,24,28,[11  1],25,245,273,220,244
1,<environment.Job instance at 0x7f613ef508c0>,25,21,[6 5],26,273,294,247,265
1,<environment.Job instance at 0x7f613ef440a0>,1,24,[4 5],2,2,26,0,2
1,<environment.Job instance at 0x7f613ef32dc0>,3,12,[13  3],4,26,38,22,11
1,<environment.Job instance at 0x7f613eb20280>,9,27,[13  4],10,38,65,28,36
1,<environment.Job instance at 0x7f613ea12e10>,12,15,[ 4 14],13,65,80,52,51
1,<environment.Job instance at 0x7f613ea12eb0>,13,12,[ 1 14],14,80,92,66,63
1,<environment.Job instance at 0x7f613ea12550>,14,20,[ 1 12],15,92,112,77,83
1,<environment.Job instance at 0x7f613ea129b0>,17,14,[ 4 12],18,112,126,94,97
1,<environment.Job instance at 0x7f613ea12410>,19,25,[ 1 14],20,126,151,106,122
1,<environment.Job instance at 0x7f6145f5dd70>,20,14,[11  5],21,151,165,130,136
1,<environment.Job instance at 0x7f60fadcc910>,22,23,[ 4 13],23,165,188,142,159
1,<environment.Job instance at 0x7f60fadcc0f0>,23,19,[11  1],24,165,184,141,159
1,<environment.Job instance at 0x7f60fadcc6e0>,24,26,[11  4],25,188,214,163,185
1,<environment.Job instance at 0x7f613eb13870>,26,21,[2 8],27,188,209,161,185
1,<environment.Job instance at 0x7f613eb135f0>,27,13,[ 3 13],28,214,227,186,198
1,<environment.Job instance at 0x7f60fb4468c0>,28,15,[14  4],29,227,242,198,213
1,<environment.Job instance at 0x7f60fb446b90>,29,18,[ 3 14],30,242,260,212,231
1,<environment.Job instance at 0x7f61415baf00>,30,28,[5 2],31,260,288,229,259
1,<environment.Job instance at 0x7f60fad5fe10>,31,21,[ 4 12],32,260,281,228,259
1,<environment.Job instance at 0x7f613ed97e60>,0,22,[ 1 14],1,1,23,0,1
1,<environment.Job instance at 0x7f613ed64a50>,3,13,[8 1],4,10,23,6,10
1,<environment.Job instance at 0x7f60fb40ee60>,8,23,[ 3 14],9,23,46,14,17
1,<environment.Job instance at 0x7f60fb40e280>,9,27,[ 4 13],10,46,73,36,44
1,<environment.Job instance at 0x7f60fb40ed20>,10,22,[12  5],11,73,95,62,66
1,<environment.Job instance at 0x7f60fb1c94b0>,5,16,[ 3 10],6,73,89,67,71
1,<environment.Job instance at 0x7f60fb1e65a0>,15,27,[10  2],16,95,122,79,93
1,<environment.Job instance at 0x7f60fb1e6050>,14,14,[ 1 11],15,95,109,80,93
1,<environment.Job instance at 0x7f61412ae820>,19,20,[4 6],20,109,129,89,100
1,<environment.Job instance at 0x7f61413c5e10>,20,23,[13  4],21,129,152,108,123
1,<environment.Job instance at 0x7f61415f80f0>,21,25,[ 4 12],22,152,177,130,148
1,<environment.Job instance at 0x7f61415f8780>,22,26,[5 5],23,177,203,154,174
1,<environment.Job instance at 0x7f613e9ec730>,23,14,[10  4],24,186,200,162,186
1,<environment.Job instance at 0x7f613e980140>,24,19,[4 7],25,200,219,175,190
1,<environment.Job instance at 0x7f613e898280>,25,25,[ 2 10],26,219,244,193,215
1,<environment.Job instance at 0x7f613ec12280>,26,14,[11  3],27,223,237,196,223
1,<environment.Job instance at 0x7f60fb2a2230>,27,18,[1 9],28,244,262,216,233
1,<environment.Job instance at 0x7f60fb2a2460>,28,19,[3 6],29,244,263,215,234
1,<environment.Job instance at 0x7f60fb333b40>,29,19,[9 1],30,262,281,232,256
1,<environment.Job instance at 0x7f60fad7f960>,31,19,[ 3 11],32,263,282,231,256
1,<environment.Job instance at 0x7f60fad7f370>,32,18,[5 2],33,281,299,248,271
1,<environment.Job instance at 0x7f6145b48230>,0,27,[5 2],1,1,28,0,1
1,<environment.Job instance at 0x7f60fb1c92d0>,1,12,[ 3 13],2,2,14,0,2
1,<environment.Job instance at 0x7f613ef11aa0>,2,17,[14  5],3,28,45,25,16
1,<environment.Job instance at 0x7f60fb1ee050>,9,19,[5 8],10,45,64,35,35
1,<environment.Job instance at 0x7f613e919d20>,10,16,[ 1 10],11,64,80,53,51
1,<environment.Job instance at 0x7f613ec4b690>,11,22,[14  3],12,64,86,52,57
1,<environment.Job instance at 0x7f613ec4bb40>,12,22,[11  5],13,86,108,73,79
1,<environment.Job instance at 0x7f613ec4b910>,14,21,[5 8],15,108,129,93,100
1,<environment.Job instance at 0x7f613ec4b6e0>,15,21,[11  3],16,129,150,113,121
1,<environment.Job instance at 0x7f60fb45aa00>,16,24,[1 8],17,129,153,112,124
1,<environment.Job instance at 0x7f60fb45ad20>,19,12,[11  2],20,150,162,130,133
1,<environment.Job instance at 0x7f60fb45a370>,20,18,[ 3 11],21,153,171,132,142
1,<environment.Job instance at 0x7f60fb45a960>,21,15,[ 3 12],22,171,186,149,157
1,<environment.Job instance at 0x7f613efbc3c0>,24,24,[5 7],25,186,210,161,181
1,<environment.Job instance at 0x7f613efbc460>,25,13,[14  2],26,210,223,184,194
1,<environment.Job instance at 0x7f613efbc5a0>,27,28,[11  4],28,223,251,195,222
1,<environment.Job instance at 0x7f613efbc640>,28,23,[1 6],29,222,245,193,222
1,<environment.Job instance at 0x7f613efbc6e0>,29,26,[1 8],30,245,271,215,242
1,<environment.Job instance at 0x7f613efbc820>,31,12,[5 2],32,251,263,219,250
1,<environment.Job instance at 0x7f613efbc8c0>,32,18,[7 1],33,251,269,218,250
1,<environment.Job instance at 0x7f613efbc960>,33,25,[7 5],34,263,288,229,259
1,<environment.Job instance at 0x7f613efbca00>,34,24,[5 3],35,271,295,236,266
1,<environment.Job instance at 0x7f60fb277780>,0,21,[ 1 12],1,1,22,0,1
1,<environment.Job instance at 0x7f613e9192d0>,1,16,[ 2 13],2,22,38,20,9
1,<environment.Job instance at 0x7f613f02b550>,6,24,[14  5],7,38,62,31,33
1,<environment.Job instance at 0x7f60faf631e0>,4,18,[14  3],5,62,80,57,51
1,<environment.Job instance at 0x7f60fb3cc820>,10,17,[10  3],11,80,97,69,68
1,<environment.Job instance at 0x7f613eb1cc80>,11,18,[ 2 11],12,80,98,68,72
1,<environment.Job instance at 0x7f60fb3cc1e0>,9,18,[12  3],10,97,115,87,86
1,<environment.Job instance at 0x7f613eb1ccd0>,14,28,[7 1],15,115,143,100,114
1,<environment.Job instance at 0x7f613eb1c1e0>,15,23,[ 5 13],16,115,138,99,114
1,<environment.Job instance at 0x7f613eb1c460>,16,23,[2 7],17,138,161,121,132
1,<environment.Job instance at 0x7f613eac03c0>,17,28,[ 1 10],18,161,189,143,160
1,<environment.Job instance at 0x7f613eac0b40>,18,25,[ 2 12],19,189,214,170,185
1,<environment.Job instance at 0x7f613eac00f0>,19,12,[ 4 14],20,214,226,194,198
1,<environment.Job instance at 0x7f613eac0f00>,20,28,[10  3],21,226,254,205,225
1,<environment.Job instance at 0x7f613eac0230>,21,23,[11  2],22,254,277,232,248
1,<environment.Job instance at 0x7f613eac05a0>,23,22,[3 5],24,248,270,224,248
1,<environment.Job instance at 0x7f613eac0a50>,24,27,[1 7],25,248,275,223,248
1,<environment.Job instance at 0x7f613eb1c780>,13,18,[13  2],14,277,295,263,270
1,<environment.Job instance at 0x7f60fb3a3b90>,1,20,[10  3],2,2,22,0,2
1,<environment.Job instance at 0x7f60fb30d960>,2,27,[7 2],3,22,49,19,20
1,<environment.Job instance at 0x7f61415ce690>,7,22,[13  4],8,49,71,41,42
1,<environment.Job instance at 0x7f6141601550>,8,18,[ 5 12],9,71,89,62,60
1,<environment.Job instance at 0x7f61416015a0>,9,25,[12  1],10,89,114,79,85
1,<environment.Job instance at 0x7f60fb18ce60>,10,26,[12  2],11,114,140,103,111
1,<environment.Job instance at 0x7f60fb18c9b0>,11,25,[4 8],12,140,165,128,136
1,<environment.Job instance at 0x7f613ec15280>,13,12,[13  2],14,165,177,151,148
1,<environment.Job instance at 0x7f613ec15af0>,14,22,[6 2],15,177,199,162,170
1,<environment.Job instance at 0x7f613ec15870>,15,26,[2 8],16,170,196,154,170
1,<environment.Job instance at 0x7f613ec15f00>,16,23,[4 7],17,196,219,179,190
1,<environment.Job instance at 0x7f613ec15a00>,17,12,[10  2],18,199,211,181,190
1,<environment.Job instance at 0x7f613ec151e0>,18,14,[ 2 13],19,219,233,200,204
1,<environment.Job instance at 0x7f613ec15b40>,21,23,[8 4],22,233,256,211,227
1,<environment.Job instance at 0x7f613ec158c0>,22,27,[ 1 13],23,256,283,233,254
1,<environment.Job instance at 0x7f613ee69f00>,4,21,[10  1],5,257,278,252,257
1,<environment.Job instance at 0x7f613ec155a0>,23,18,[11  3],24,283,301,259,272
1,<environment.Job instance at 0x7f613ec15640>,1,15,[14  4],2,10,25,8,10
1,<environment.Job instance at 0x7f613ec4b910>,5,19,[ 2 13],6,25,44,19,15
1,<environment.Job instance at 0x7f613ea76a00>,6,15,[14  2],7,44,59,37,30
1,<environment.Job instance at 0x7f6141651460>,9,21,[11  1],10,59,80,49,51
1,<environment.Job instance at 0x7f613ec4b5a0>,4,20,[ 4 11],5,59,79,54,56
1,<environment.Job instance at 0x7f613e929050>,15,13,[11  5],16,80,93,64,68
1,<environment.Job instance at 0x7f613ef0efa0>,17,20,[12  2],18,93,113,75,84
1,<environment.Job instance at 0x7f6141546190>,19,28,[8 4],20,113,141,93,112
1,<environment.Job instance at 0x7f60fb277aa0>,7,12,[13  3],8,141,153,133,131
1,<environment.Job instance at 0x7f613eb0a1e0>,3,20,[12  3],4,153,173,149,144
1,<environment.Job instance at 0x7f6141600320>,23,21,[3 7],24,156,177,132,156
1,<environment.Job instance at 0x7f60fb18c5a0>,20,17,[ 3 13],21,177,194,156,167
1,<environment.Job instance at 0x7f6141600eb0>,24,19,[12  3],25,194,213,169,190
1,<environment.Job instance at 0x7f613eca6af0>,14,18,[14  3],15,213,231,198,206
1,<environment.Job instance at 0x7f6141600370>,28,21,[ 5 12],29,231,252,202,224
1,<environment.Job instance at 0x7f61416009b0>,26,18,[11  3],27,252,270,225,242
1,<environment.Job instance at 0x7f6141610b40>,32,24,[ 4 12],33,252,276,219,248
1,<environment.Job instance at 0x7f613ecdb460>,0,26,[5 7],1,1,27,0,1
1,<environment.Job instance at 0x7f60fb421140>,1,16,[ 2 14],2,27,43,25,14
1,<environment.Job instance at 0x7f613e9a7460>,6,27,[13  3],7,43,70,36,41
1,<environment.Job instance at 0x7f60facf3500>,9,27,[ 5 14],10,70,97,60,68
1,<environment.Job instance at 0x7f60facf3a00>,10,19,[13  4],11,97,116,86,87
1,<environment.Job instance at 0x7f60fb277690>,3,14,[1 7],4,97,111,93,88
1,<environment.Job instance at 0x7f614164a8c0>,11,15,[11  4],12,119,134,107,119
1,<environment.Job instance at 0x7f60fb262320>,15,15,[13  2],16,134,149,118,120
1,<environment.Job instance at 0x7f60faf19780>,14,24,[ 1 12],15,134,158,119,134
1,<environment.Job instance at 0x7f60fb3fe320>,12,17,[14  1],13,149,166,136,138
1,<environment.Job instance at 0x7f60fb379410>,18,12,[4 7],19,166,178,147,149
1,<environment.Job instance at 0x7f614125ef00>,21,20,[5 8],22,166,186,144,161
1,<environment.Job instance at 0x7f61416108c0>,2,12,[ 5 13],3,186,198,183,169
1,<environment.Job instance at 0x7f60fb379eb0>,19,23,[11  2],20,198,221,178,192
1,<environment.Job instance at 0x7f613e8f3910>,23,22,[ 2 12],24,198,220,174,193
1,<environment.Job instance at 0x7f60fb262eb0>,16,16,[14  2],17,221,237,204,208
1,<environment.Job instance at 0x7f613e8f30a0>,27,21,[3 8],28,237,258,209,229
1,<environment.Job instance at 0x7f613e8f32d0>,28,28,[9 5],29,237,265,208,236
1,<environment.Job instance at 0x7f613e8f3690>,26,19,[2 8],27,258,277,231,253
1,<environment.Job instance at 0x7f60fb3a8820>,30,12,[2 5],31,265,277,234,261
1,<environment.Job instance at 0x7f613e8f31e0>,29,13,[13  1],30,277,290,247,261
1,<environment.Job instance at 0x7f613e9295f0>,0,27,[ 4 10],1,1,28,0,1
1,<environment.Job instance at 0x7f61416c2b90>,1,27,[9 3],2,4,31,2,4
1,<environment.Job instance at 0x7f60fb493320>,4,27,[12  1],5,31,58,26,29
1,<environment.Job instance at 0x7f60fb493f00>,7,20,[14  5],8,58,78,50,49
1,<environment.Job instance at 0x7f60fb493a50>,8,24,[1 7],9,64,88,55,64
1,<environment.Job instance at 0x7f60fab6f8c0>,10,26,[12  5],11,78,104,67,75
1,<environment.Job instance at 0x7f60fab6fa00>,11,12,[ 5 13],12,104,116,92,92
1,<environment.Job instance at 0x7f60fab6f5a0>,12,28,[13  2],13,116,144,103,115
1,<environment.Job instance at 0x7f613e8f31e0>,2,19,[ 1 11],3,116,135,113,115
1,<environment.Job instance at 0x7f60fab6f550>,15,15,[7 3],16,144,159,128,142
1,<environment.Job instance at 0x7f60fb493140>,6,13,[11  3],7,159,172,152,144
1,<environment.Job instance at 0x7f60fab6fc80>,18,18,[3 9],19,145,163,126,145
1,<environment.Job instance at 0x7f60fab6f370>,20,26,[10  2],21,172,198,151,169
1,<environment.Job instance at 0x7f60fab6f460>,19,26,[ 5 12],20,176,202,156,176
1,<environment.Job instance at 0x7f60fab6ff00>,13,14,[ 2 13],14,202,216,188,193
1,<environment.Job instance at 0x7f60fab6f690>,23,20,[ 2 11],24,216,236,192,207
1,<environment.Job instance at 0x7f60fab6f5f0>,22,21,[13  4],23,216,237,193,209
1,<environment.Job instance at 0x7f60fab6f0f0>,27,27,[ 1 11],28,236,263,208,234
1,<environment.Job instance at 0x7f60fab6faa0>,21,15,[11  1],22,237,252,215,235
1,<environment.Job instance at 0x7f60fab6f780>,28,27,[ 1 10],29,263,290,234,261
1,<environment.Job instance at 0x7f60fab6ffa0>,26,15,[11  1],27,263,278,236,263
1,<environment.Job instance at 0x7f60fab6faf0>,31,13,[14  1],32,278,291,246,270
1,<environment.Job instance at 0x7f60fb477e60>,0,14,[ 1 13],1,1,15,0,1
1,<environment.Job instance at 0x7f613eb0aeb0>,1,13,[ 5 14],2,15,28,13,2
1,<environment.Job instance at 0x7f613eb0aa00>,2,26,[11  1],3,28,54,25,25
1,<environment.Job instance at 0x7f613ec8a050>,4,18,[3 8],5,28,46,23,25
1,<environment.Job instance at 0x7f60fab15550>,8,25,[8 3],9,54,79,45,50
1,<environment.Job instance at 0x7f60fab151e0>,7,22,[ 2 11],8,50,72,42,50
1,<environment.Job instance at 0x7f60fab020f0>,12,14,[11  1],13,79,93,66,65
1,<environment.Job instance at 0x7f60fb493870>,16,26,[13  2],17,93,119,76,90
1,<environment.Job instance at 0x7f60fb4939b0>,15,12,[ 4 12],16,119,131,103,104
1,<environment.Job instance at 0x7f60fac30a50>,19,18,[1 6],20,131,149,111,122
1,<environment.Job instance at 0x7f60fab15410>,5,22,[3 6],6,131,153,125,127
1,<environment.Job instance at 0x7f60fac30230>,18,20,[14  5],19,158,178,139,158
1,<environment.Job instance at 0x7f6141134be0>,25,25,[11  3],26,201,226,175,201
1,<environment.Job instance at 0x7f61411348c0>,1,28,[2 5],2,2,30,0,2
1,<environment.Job instance at 0x7f60fb435eb0>,4,15,[11  1],5,15,30,10,15
1,<environment.Job instance at 0x7f60fb435c30>,2,22,[14  4],3,30,52,27,23
1,<environment.Job instance at 0x7f61417658c0>,8,21,[7 5],9,52,73,43,44
1,<environment.Job instance at 0x7f60fb4a11e0>,10,23,[14  5],11,73,96,62,67
1,<environment.Job instance at 0x7f60fab0ce10>,13,14,[ 2 12],14,96,110,82,81
1,<environment.Job instance at 0x7f60fab0c410>,14,14,[13  4],15,110,124,95,95
1,<environment.Job instance at 0x7f60fab15230>,7,13,[1 5],8,110,123,102,101
1,<environment.Job instance at 0x7f60fab0cd20>,15,14,[12  4],16,124,138,108,109
1,<environment.Job instance at 0x7f613ef5afa0>,19,26,[3 7],20,124,150,104,121
1,<environment.Job instance at 0x7f613ef5a2d0>,21,28,[13  2],22,150,178,128,149
1,<environment.Job instance at 0x7f613ef5a640>,20,14,[11  3],21,178,192,157,177
1,<environment.Job instance at 0x7f60fb435fa0>,3,16,[14  2],4,192,208,188,185
1,<environment.Job instance at 0x7f60fad56050>,24,19,[ 2 12],25,211,230,186,211
1,<environment.Job instance at 0x7f613eec7eb0>,27,17,[ 5 14],28,245,262,217,245
1,<environment.Job instance at 0x7f613ef5af00>,18,22,[14  5],19,262,284,243,257
1,<environment.Job instance at 0x7f60fb4a1d20>,5,12,[ 1 14],6,284,296,278,267
1,<environment.Job instance at 0x7f61410e3a50>,1,12,[ 3 11],2,8,20,6,8
1,<environment.Job instance at 0x7f613e88e690>,7,13,[14  1],8,20,33,12,8
1,<environment.Job instance at 0x7f613e88e5a0>,8,18,[ 2 14],9,33,51,24,22
1,<environment.Job instance at 0x7f60fab1e280>,10,17,[ 2 14],11,51,68,40,39
1,<environment.Job instance at 0x7f60fab1e370>,11,22,[8 4],12,68,90,56,61
1,<environment.Job instance at 0x7f60fab1e3c0>,12,20,[8 4],13,90,110,77,81
1,<environment.Job instance at 0x7f60fab1ec80>,14,15,[ 2 12],15,110,125,95,96
1,<environment.Job instance at 0x7f60fab1e410>,15,25,[ 3 10],16,125,150,109,121
1,<environment.Job instance at 0x7f613e88ef50>,3,14,[10  5],4,127,141,123,127
1,<environment.Job instance at 0x7f60fab1e820>,18,19,[12  2],19,141,160,122,134
1,<environment.Job instance at 0x7f60fab1e190>,17,21,[13  1],18,160,181,142,152
1,<environment.Job instance at 0x7f60fab1ea50>,21,19,[ 1 11],22,156,175,134,156
1,<environment.Job instance at 0x7f613eec77d0>,2,26,[ 2 14],3,176,202,173,176
1,<environment.Job instance at 0x7f60fab1e5a0>,20,25,[12  1],21,181,206,160,177
1,<environment.Job instance at 0x7f60fab1e500>,22,17,[6 1],23,206,223,183,198
1,<environment.Job instance at 0x7f60fab1e9b0>,23,12,[ 4 11],24,206,218,182,204
1,<environment.Job instance at 0x7f613e88e1e0>,6,13,[14  1],7,223,236,216,214
1,<environment.Job instance at 0x7f60fab1ee10>,25,26,[ 1 11],26,218,244,192,215
1,<environment.Job instance at 0x7f6141523870>,27,24,[11  5],28,248,272,220,248
1,<environment.Job instance at 0x7f6141523730>,31,17,[13  5],32,272,289,240,267
1,<environment.Job instance at 0x7f61410e3730>,0,19,[ 4 10],1,1,20,0,1
1,<environment.Job instance at 0x7f61410e36e0>,1,20,[ 4 14],2,20,40,18,11
1,<environment.Job instance at 0x7f60fab47190>,6,28,[5 7],7,40,68,33,39
1,<environment.Job instance at 0x7f60fb1e62d0>,8,27,[10  4],9,40,67,31,39
1,<environment.Job instance at 0x7f613ebdbbe0>,4,21,[11  2],5,68,89,63,63
1,<environment.Job instance at 0x7f61410e3320>,3,22,[ 5 12],4,89,111,85,84
1,<environment.Job instance at 0x7f613ebee460>,2,22,[12  2],3,111,133,108,107
1,<environment.Job instance at 0x7f613ecdeaf0>,12,18,[ 1 13],13,128,146,115,128
1,<environment.Job instance at 0x7f60fae57cd0>,14,22,[7 4],15,146,168,131,143
1,<environment.Job instance at 0x7f60fae57be0>,13,18,[3 8],14,146,164,132,144
1,<environment.Job instance at 0x7f60fae57e60>,16,17,[ 5 14],17,168,185,151,160
1,<environment.Job instance at 0x7f61416245f0>,17,16,[11  1],18,185,201,167,178
1,<environment.Job instance at 0x7f6141624dc0>,18,17,[14  2],19,201,218,182,193
1,<environment.Job instance at 0x7f60fae571e0>,15,25,[13  1],16,218,243,202,216
1,<environment.Job instance at 0x7f60faaabd70>,20,20,[ 3 12],21,243,263,222,238
1,<environment.Job instance at 0x7f60faf36190>,7,22,[13  2],8,263,285,255,258
1,<environment.Job instance at 0x7f60faa94c30>,22,14,[11  5],23,285,299,262,272
1,<environment.Job instance at 0x7f65dbab7140>,1,22,[11  3],2,2,24,0,2
1,<environment.Job instance at 0x7f65dbab7320>,2,22,[4 8],3,7,29,4,7
1,<environment.Job instance at 0x7f65d66a74b0>,7,25,[6 2],8,24,49,16,20
1,<environment.Job instance at 0x7f65d66a7820>,10,18,[ 3 11],11,29,47,18,20
1,<environment.Job instance at 0x7f65d66a7780>,11,26,[4 8],12,47,73,35,44
1,<environment.Job instance at 0x7f65d66a7230>,4,21,[1 6],5,49,70,44,44
1,<environment.Job instance at 0x7f65d66a77d0>,12,26,[ 1 12],13,73,99,60,70
1,<environment.Job instance at 0x7f65d66a7a50>,15,18,[ 2 14],16,99,117,83,88
1,<environment.Job instance at 0x7f65d66a7af0>,16,16,[ 3 11],17,117,133,100,104
1,<environment.Job instance at 0x7f65d66a7b90>,17,28,[ 5 10],18,133,161,115,132
1,<environment.Job instance at 0x7f65d66a7c30>,18,25,[ 4 13],19,161,186,142,157
1,<environment.Job instance at 0x7f65d66a7910>,13,18,[ 4 14],14,186,204,172,175
1,<environment.Job instance at 0x7f65d66a7690>,9,18,[ 2 13],10,204,222,194,202
1,<environment.Job instance at 0x7f65d66a7f00>,20,27,[13  5],21,236,263,215,236
1,<environment.Job instance at 0x7f65d66a7f50>,22,13,[13  1],23,263,276,240,252
1,<environment.Job instance at 0x7f65d66a7e10>,23,18,[2 7],24,259,277,235,259
1,<environment.Job instance at 0x7f65d66ab280>,24,13,[ 3 14],25,277,290,252,262
1,<environment.Job instance at 0x7f65d66ab190>,1,25,[6 1],2,2,27,0,2
1,<environment.Job instance at 0x7f65dbc1dc30>,2,28,[6 2],3,3,31,0,3
1,<environment.Job instance at 0x7f65dbc25cd0>,5,25,[ 3 12],6,8,33,2,8
1,<environment.Job instance at 0x7f65dbc25d70>,3,24,[6 4],4,33,57,29,28
1,<environment.Job instance at 0x7f65dbc25a50>,11,25,[ 3 14],12,57,82,45,53
1,<environment.Job instance at 0x7f65dbc25d20>,12,13,[12  5],13,82,95,69,66
1,<environment.Job instance at 0x7f65dbc23820>,13,20,[ 4 10],14,95,115,81,86
1,<environment.Job instance at 0x7f65dbc258c0>,10,13,[7 4],11,95,108,84,93
1,<environment.Job instance at 0x7f65dbc25870>,8,13,[14  1],9,115,128,106,100
1,<environment.Job instance at 0x7f65dbc232d0>,17,16,[ 1 14],18,115,131,97,110
1,<environment.Job instance at 0x7f65dbc236e0>,18,20,[ 3 14],19,131,151,112,122
1,<environment.Job instance at 0x7f65dbc235a0>,19,15,[10  4],20,151,166,131,150
1,<environment.Job instance at 0x7f65dbc23460>,22,14,[14  4],23,166,180,143,162
1,<environment.Job instance at 0x7f65dbc23f50>,16,27,[ 2 12],17,180,207,163,178
1,<environment.Job instance at 0x7f65dbc2b460>,24,23,[13  2],25,184,207,159,184
1,<environment.Job instance at 0x7f65dbc2b230>,25,20,[12  4],26,207,227,181,199
1,<environment.Job instance at 0x7f65dbc23370>,21,25,[ 1 11],22,210,235,188,210
1,<environment.Job instance at 0x7f65dbc2b640>,29,15,[1 7],30,235,250,205,233
1,<environment.Job instance at 0x7f65dbc2b410>,30,26,[5 5],31,235,261,204,235
1,<environment.Job instance at 0x7f65dbc2bf50>,23,27,[9 1],24,238,265,214,238
1,<environment.Job instance at 0x7f65dbc2baa0>,32,13,[3 8],33,261,274,228,245
1,<environment.Job instance at 0x7f65dbc2bb90>,31,24,[4 7],32,265,289,233,260
1,<environment.Job instance at 0x7f659099e5a0>,2,24,[ 3 13],3,3,27,0,3
1,<environment.Job instance at 0x7f659099ee60>,3,15,[ 2 13],4,27,42,23,13
1,<environment.Job instance at 0x7f659092faf0>,9,15,[14  4],10,42,57,32,28
1,<environment.Job instance at 0x7f659092fc80>,12,20,[8 5],13,57,77,44,48
1,<environment.Job instance at 0x7f659092f500>,13,26,[ 1 11],14,77,103,63,74
1,<environment.Job instance at 0x7f659092fd70>,14,14,[ 3 13],15,103,117,88,88
1,<environment.Job instance at 0x7f659092f370>,17,27,[10  3],18,117,144,99,115
1,<environment.Job instance at 0x7f659092f460>,18,16,[12  5],19,144,160,125,131
1,<environment.Job instance at 0x7f659092f140>,19,14,[14  5],20,160,174,140,150
1,<environment.Job instance at 0x7f659092f2d0>,20,13,[ 5 13],21,174,187,153,158
1,<environment.Job instance at 0x7f659092f280>,22,26,[13  2],23,187,213,164,184
1,<environment.Job instance at 0x7f659092f320>,23,22,[9 5],24,213,235,189,206
1,<environment.Job instance at 0x7f65909a9a00>,24,15,[ 1 12],25,235,250,210,221
1,<environment.Job instance at 0x7f65909a9230>,25,14,[ 1 12],26,250,264,224,235
1,<environment.Job instance at 0x7f65909a94b0>,27,23,[6 4],28,264,287,236,258
1,<environment.Job instance at 0x7f65909a9be0>,28,26,[ 3 11],29,264,290,235,261
1,<environment.Job instance at 0x7f6590b64690>,0,23,[7 4],1,1,24,0,1
1,<environment.Job instance at 0x7f65dbc2d640>,1,22,[5 9],2,3,25,1,3
1,<environment.Job instance at 0x7f6590a575f0>,3,22,[ 1 12],4,25,47,21,18
1,<environment.Job instance at 0x7f6590935e60>,7,24,[13  5],8,47,71,39,42
1,<environment.Job instance at 0x7f65909de870>,9,21,[13  4],10,71,92,61,63
1,<environment.Job instance at 0x7f6590b29550>,10,22,[ 5 12],11,92,114,81,85
1,<environment.Job instance at 0x7f6590b29fa0>,12,15,[14  2],13,114,129,101,100
1,<environment.Job instance at 0x7f6590b29460>,13,15,[ 1 13],14,114,129,100,100
1,<environment.Job instance at 0x7f6590b29780>,14,20,[12  2],15,129,149,114,120
1,<environment.Job instance at 0x7f6590b643c0>,4,20,[3 8],5,129,149,124,121
1,<environment.Job instance at 0x7f6590e9b7d0>,16,17,[14  5],17,149,166,132,138
1,<environment.Job instance at 0x7f6590e9bfa0>,17,24,[13  3],18,166,190,148,161
1,<environment.Job instance at 0x7f6590e83d20>,22,13,[ 1 10],23,161,174,138,161
1,<environment.Job instance at 0x7f6590e83370>,23,21,[8 1],24,190,211,166,184
1,<environment.Job instance at 0x7f65909f17d0>,6,27,[ 2 14],7,190,217,183,189
1,<environment.Job instance at 0x7f6590e83b40>,24,20,[14  2],25,217,237,192,210
1,<environment.Job instance at 0x7f6590e83410>,21,23,[10  4],22,237,260,215,231
1,<environment.Job instance at 0x7f6590e2cbe0>,26,17,[ 3 10],27,237,254,210,231
1,<environment.Job instance at 0x7f6590e2cb90>,30,22,[ 4 14],31,260,282,229,253
1,<environment.Job instance at 0x7f6590a7f640>,0,19,[4 9],1,1,20,0,1
1,<environment.Job instance at 0x7f6590aa9d70>,4,19,[9 4],5,6,25,1,6
1,<environment.Job instance at 0x7f6590a8abe0>,6,18,[6 4],7,20,38,13,9
1,<environment.Job instance at 0x7f65909f1730>,8,15,[13  2],9,38,53,29,24
1,<environment.Job instance at 0x7f6590aa9820>,3,24,[ 2 10],4,28,52,24,28
1,<environment.Job instance at 0x7f6590a67370>,2,26,[13  5],3,53,79,50,50
1,<environment.Job instance at 0x7f65909f10f0>,12,25,[11  4],13,79,104,66,75
1,<environment.Job instance at 0x7f6590e6c7d0>,14,23,[1 6],15,81,104,66,81
1,<environment.Job instance at 0x7f6590ab20a0>,9,17,[11  1],10,104,121,94,97
1,<environment.Job instance at 0x7f659090a640>,16,12,[13  4],17,121,133,104,107
1,<environment.Job instance at 0x7f6590e6c6e0>,18,15,[ 1 12],19,133,148,114,119
1,<environment.Job instance at 0x7f659090ae10>,17,12,[14  3],18,133,145,115,119
1,<environment.Job instance at 0x7f6590da7730>,20,16,[11  2],21,145,161,124,133
1,<environment.Job instance at 0x7f6590da7870>,22,22,[ 5 13],23,161,183,138,154
1,<environment.Job instance at 0x7f6590a8a280>,5,27,[10  2],6,166,193,160,166
1,<environment.Job instance at 0x7f6590da7690>,19,21,[ 5 14],20,193,214,173,185
1,<environment.Job instance at 0x7f6590da7910>,25,25,[7 1],26,193,218,167,189
1,<environment.Job instance at 0x7f6590da7d70>,28,20,[ 3 13],29,214,234,185,206
1,<environment.Job instance at 0x7f6590da7dc0>,29,17,[5 9],30,234,251,204,227
1,<environment.Job instance at 0x7f6590e6c460>,15,17,[12  4],16,251,268,235,240
1,<environment.Job instance at 0x7f6590da7fa0>,32,20,[ 4 11],33,268,288,235,259
1,<environment.Job instance at 0x7f65d6853e60>,2,19,[12  1],3,7,26,4,7
1,<environment.Job instance at 0x7f65d6853050>,8,19,[ 5 10],9,26,45,17,16
1,<environment.Job instance at 0x7f6590d6d500>,11,17,[4 5],12,26,43,14,26
1,<environment.Job instance at 0x7f6590d6d9b0>,13,15,[4 9],14,45,60,31,31
1,<environment.Job instance at 0x7f65d6853870>,4,21,[6 5],5,43,64,38,39
1,<environment.Job instance at 0x7f6590d6db90>,14,15,[13  2],15,64,79,49,50
1,<environment.Job instance at 0x7f6590d6df00>,16,28,[ 4 12],17,79,107,62,78
1,<environment.Job instance at 0x7f6590d6d460>,17,25,[2 6],18,107,132,89,103
1,<environment.Job instance at 0x7f65d6832a50>,19,18,[1 9],20,107,125,87,103
1,<environment.Job instance at 0x7f65d68326e0>,22,21,[9 5],23,125,146,102,117
1,<environment.Job instance at 0x7f65d68325a0>,23,21,[11  5],24,146,167,122,138
1,<environment.Job instance at 0x7f65d6832140>,24,12,[13  2],25,167,179,142,150
1,<environment.Job instance at 0x7f65d6832e10>,27,24,[12  2],28,179,203,151,174
1,<environment.Job instance at 0x7f65d73bec80>,28,27,[5 9],29,203,230,174,201
1,<environment.Job instance at 0x7f65d73beb90>,29,23,[8 5],30,206,229,176,206
1,<environment.Job instance at 0x7f65d64f6870>,33,25,[4 6],34,229,254,195,225
1,<environment.Job instance at 0x7f65d64f6f00>,34,19,[6 1],35,230,249,195,225
1,<environment.Job instance at 0x7f65d64f65a0>,35,24,[7 5],36,249,273,213,244
1,<environment.Job instance at 0x7f65d64f6d20>,37,21,[14  1],38,273,294,235,265
1,<environment.Job instance at 0x7f65d64f6050>,38,17,[ 1 13],39,273,290,234,265
1,<environment.Job instance at 0x7f65909f1cd0>,0,14,[13  2],1,2,16,1,2
1,<environment.Job instance at 0x7f6590a57aa0>,3,27,[5 5],4,16,43,12,14
1,<environment.Job instance at 0x7f65909f1960>,1,16,[5 1],2,16,32,14,15
1,<environment.Job instance at 0x7f6590e0c4b0>,8,23,[3 7],9,26,49,17,26
1,<environment.Job instance at 0x7f65d6853be0>,7,27,[ 2 14],8,49,76,41,47
1,<environment.Job instance at 0x7f65d6dc1b40>,10,21,[1 8],11,76,97,65,69
1,<environment.Job instance at 0x7f6590a57fa0>,2,23,[ 1 14],3,97,120,94,91
1,<environment.Job instance at 0x7f65d713faa0>,13,20,[11  5],14,120,140,106,111
1,<environment.Job instance at 0x7f65d73bed20>,11,25,[5 8],12,140,165,128,136
1,<environment.Job instance at 0x7f65d6a29b40>,15,24,[6 1],16,140,164,124,136
1,<environment.Job instance at 0x7f65d67639b0>,12,23,[ 3 12],13,165,188,152,161
1,<environment.Job instance at 0x7f6590aefdc0>,17,13,[12  3],18,174,187,156,174
1,<environment.Job instance at 0x7f65d6a295a0>,16,26,[ 1 12],17,188,214,171,185
1,<environment.Job instance at 0x7f65d6a29690>,14,27,[12  3],15,187,214,172,185
1,<environment.Job instance at 0x7f6590aef8c0>,19,20,[3 8],20,214,234,194,205
1,<environment.Job instance at 0x7f65d6d57410>,22,23,[10  4],23,214,237,191,211
1,<environment.Job instance at 0x7f65d6d578c0>,23,21,[ 3 14],24,237,258,213,229
1,<environment.Job instance at 0x7f65d6996d70>,25,17,[3 6],26,258,275,232,247
1,<environment.Job instance at 0x7f65d6b73140>,26,18,[14  2],27,275,293,248,264
1,<environment.Job instance at 0x7f65909f1dc0>,4,12,[ 3 12],5,5,17,0,5
1,<environment.Job instance at 0x7f65d69965f0>,5,12,[11  4],6,17,29,11,6
1,<environment.Job instance at 0x7f65d6475aa0>,6,20,[ 3 14],7,29,49,22,20
1,<environment.Job instance at 0x7f65d7194f50>,10,28,[ 1 11],11,49,77,38,48
1,<environment.Job instance at 0x7f65d7194460>,11,22,[8 3],12,49,71,37,48
1,<environment.Job instance at 0x7f65d66fe6e0>,12,28,[14  4],13,71,99,58,70
1,<environment.Job instance at 0x7f65d66fe5f0>,13,27,[13  4],14,99,126,85,97
1,<environment.Job instance at 0x7f65d669b960>,16,17,[14  2],17,126,143,109,114
1,<environment.Job instance at 0x7f6590c51d20>,19,22,[ 3 14],20,143,165,123,136
1,<environment.Job instance at 0x7f6590c51d70>,20,15,[ 2 11],21,165,180,144,151
1,<environment.Job instance at 0x7f6590c51e10>,21,22,[ 2 13],22,180,202,158,173
1,<environment.Job instance at 0x7f6590c51eb0>,22,21,[2 5],23,202,223,179,194
1,<environment.Job instance at 0x7f6590c51e60>,23,26,[ 4 14],24,223,249,199,220
1,<environment.Job instance at 0x7f6590c52050>,25,26,[3 9],26,249,275,223,246
1,<environment.Job instance at 0x7f65d6d8af00>,7,16,[12  1],8,249,265,241,247
1,<environment.Job instance at 0x7f6590c52140>,26,23,[10  3],27,265,288,238,259
1,<environment.Job instance at 0x7f65d66fe0a0>,14,12,[ 5 11],15,275,287,260,260
1,<environment.Job instance at 0x7f65d6564d20>,0,21,[ 3 11],1,1,22,0,1
1,<environment.Job instance at 0x7f6590a57f50>,1,14,[14  1],2,22,36,20,7
1,<environment.Job instance at 0x7f65d66fef00>,6,28,[3 9],7,36,64,29,35
1,<environment.Job instance at 0x7f65d6ea9960>,7,15,[ 4 13],8,64,79,56,50
1,<environment.Job instance at 0x7f65d6ea9af0>,9,26,[7 4],10,79,105,69,76
1,<environment.Job instance at 0x7f65d66febe0>,5,20,[ 2 11],6,79,99,73,77
1,<environment.Job instance at 0x7f65d6a6ae10>,10,17,[14  2],11,105,122,94,93
1,<environment.Job instance at 0x7f65d6e49550>,14,22,[11  1],15,122,144,107,115
1,<environment.Job instance at 0x7f65d6e494b0>,15,20,[1 8],16,115,135,99,115
1,<environment.Job instance at 0x7f65908b9f50>,20,14,[ 2 12],21,135,149,114,121
1,<environment.Job instance at 0x7f65908b9780>,21,28,[11  4],22,149,177,127,148
1,<environment.Job instance at 0x7f65908b9e60>,22,22,[ 5 12],23,177,199,154,170
1,<environment.Job instance at 0x7f65908b9e10>,24,25,[9 5],25,199,224,174,195
1,<environment.Job instance at 0x7f65908b9230>,25,22,[3 8],26,201,223,175,201
1,<environment.Job instance at 0x7f6590c0edc0>,28,22,[ 1 13],29,224,246,195,217
1,<environment.Job instance at 0x7f6590ff6960>,29,26,[7 2],30,224,250,194,221
1,<environment.Job instance at 0x7f6590c0e730>,30,15,[13  5],31,250,265,219,236
1,<environment.Job instance at 0x7f6590d8d370>,32,25,[10  3],33,265,290,232,261
1,<environment.Job instance at 0x7f65d6763d70>,33,18,[ 4 11],34,267,285,233,267
1,<environment.Job instance at 0x7f65d66b1780>,1,21,[4 9],2,2,23,0,2
1,<environment.Job instance at 0x7f65d660ef00>,2,14,[12  4],3,23,37,20,9
1,<environment.Job instance at 0x7f65d6f671e0>,7,12,[11  4],8,37,49,29,23
1,<environment.Job instance at 0x7f65d6c1abe0>,8,15,[ 1 12],9,49,64,40,35
1,<environment.Job instance at 0x7f65d6ab9f00>,10,28,[7 1],11,49,77,38,48
1,<environment.Job instance at 0x7f65d6c1a4b0>,11,12,[13  3],12,77,89,65,60
1,<environment.Job instance at 0x7f65d6c1a870>,12,16,[ 3 12],13,89,105,76,76
1,<environment.Job instance at 0x7f6590f9f4b0>,13,22,[ 5 14],14,105,127,91,98
1,<environment.Job instance at 0x7f6590f9fc30>,14,28,[2 9],15,127,155,112,126
1,<environment.Job instance at 0x7f6590f9feb0>,15,19,[ 4 14],16,155,174,139,145
1,<environment.Job instance at 0x7f6590d13a50>,16,23,[9 5],17,174,197,157,168
1,<environment.Job instance at 0x7f6590f9f230>,17,20,[6 4],18,174,194,156,172
1,<environment.Job instance at 0x7f6590f9fc80>,18,27,[13  3],19,197,224,178,195
1,<environment.Job instance at 0x7f65d6b3c7d0>,21,24,[5 4],22,224,248,202,219
1,<environment.Job instance at 0x7f65d6d0b050>,22,20,[ 1 13],23,248,268,225,239
1,<environment.Job instance at 0x7f65d65b0a00>,4,12,[12  1],5,248,260,243,239
1,<environment.Job instance at 0x7f65910638c0>,26,27,[3 6],27,268,295,241,266
1,<environment.Job instance at 0x7f65d6630910>,29,28,[12  3],30,268,296,238,267
1,<environment.Job instance at 0x7f65d66b1050>,2,23,[11  1],3,6,29,3,6
1,<environment.Job instance at 0x7f65d66b14b0>,0,16,[13  3],1,29,45,28,16
1,<environment.Job instance at 0x7f65d733b280>,7,28,[7 5],8,45,73,37,44
1,<environment.Job instance at 0x7f65d6564f50>,9,27,[9 3],10,73,100,63,71
1,<environment.Job instance at 0x7f65d66b1d20>,3,20,[6 2],4,71,91,67,71
1,<environment.Job instance at 0x7f65d7245e60>,6,13,[11  3],7,100,113,93,85
1,<environment.Job instance at 0x7f65d6564280>,10,18,[13  1],11,113,131,102,102
1,<environment.Job instance at 0x7f65d6e95050>,16,22,[ 1 11],17,102,124,85,102
1,<environment.Job instance at 0x7f65d6e95a50>,17,26,[ 5 12],18,131,157,113,128
1,<environment.Job instance at 0x7f65d6e95690>,18,26,[2 8],19,157,183,138,154
1,<environment.Job instance at 0x7f6590ffe820>,14,23,[11  1],15,157,180,142,154
1,<environment.Job instance at 0x7f65d6e951e0>,19,21,[6 1],20,180,201,160,172
1,<environment.Job instance at 0x7f65d6e95e10>,21,16,[ 2 13],22,183,199,161,172
1,<environment.Job instance at 0x7f65d6e95730>,22,23,[7 1],23,180,203,157,174
1,<environment.Job instance at 0x7f6590ff28c0>,23,13,[13  4],24,203,216,179,187
1,<environment.Job instance at 0x7f6590d41640>,11,18,[10  4],12,216,234,204,206
1,<environment.Job instance at 0x7f65d6e95870>,20,21,[ 1 12],21,234,255,213,227
1,<environment.Job instance at 0x7f6590ff2b40>,27,25,[ 4 12],28,255,280,227,251
1,<environment.Job instance at 0x7f6590ff2be0>,28,15,[ 2 10],29,280,295,251,267
1,<environment.Job instance at 0x7f6590ff2c80>,29,18,[12  3],30,280,298,250,271
1,<environment.Job instance at 0x7f65d6564500>,0,24,[9 1],1,1,25,0,1
1,<environment.Job instance at 0x7f65d6e06870>,4,21,[2 7],5,5,26,0,5
1,<environment.Job instance at 0x7f65d6e06410>,5,26,[11  3],6,25,51,19,22
1,<environment.Job instance at 0x7f6590d13af0>,9,19,[ 3 10],10,26,45,16,22
1,<environment.Job instance at 0x7f6590d13410>,11,20,[10  3],12,51,71,39,42
1,<environment.Job instance at 0x7f6590d13320>,12,27,[7 2],13,71,98,58,69
1,<environment.Job instance at 0x7f6590d133c0>,13,12,[13  2],14,98,110,84,81
1,<environment.Job instance at 0x7f6590d13aa0>,14,21,[10  1],15,110,131,95,102
1,<environment.Job instance at 0x7f6590d13c80>,15,12,[ 2 14],16,110,122,94,102
1,<environment.Job instance at 0x7f6590d13be0>,16,17,[ 1 12],17,122,139,105,110
1,<environment.Job instance at 0x7f6590d13f00>,17,22,[13  4],18,139,161,121,132
1,<environment.Job instance at 0x7f6590d13cd0>,19,25,[12  1],20,161,186,141,157
1,<environment.Job instance at 0x7f65d6e06af0>,8,21,[ 3 11],9,161,182,152,157
1,<environment.Job instance at 0x7f6590d13280>,18,18,[ 5 12],19,186,204,167,175
1,<environment.Job instance at 0x7f65d66b10f0>,23,12,[13  2],24,204,216,180,187
1,<environment.Job instance at 0x7f65d66b1d20>,24,22,[6 2],25,216,238,191,209
1,<environment.Job instance at 0x7f65dba8e4b0>,25,26,[2 8],26,209,235,183,209
1,<environment.Job instance at 0x7f65d66b1d70>,26,23,[4 7],27,235,258,208,229
1,<environment.Job instance at 0x7f65d71d3410>,31,23,[8 4],32,238,261,206,232
1,<environment.Job instance at 0x7f65d71d3230>,32,27,[ 1 13],33,261,288,228,259
1,<environment.Job instance at 0x7f6590f92960>,2,25,[ 5 10],3,4,29,1,4
1,<environment.Job instance at 0x7f6590859230>,1,15,[14  4],2,29,44,27,17
1,<environment.Job instance at 0x7f6590949d20>,7,12,[13  3],8,44,56,36,31
1,<environment.Job instance at 0x7f65d656f7d0>,9,21,[11  1],10,56,77,46,48
1,<environment.Job instance at 0x7f65d661afa0>,11,25,[10  4],12,77,102,65,73
1,<environment.Job instance at 0x7f65d661a370>,12,23,[8 3],13,102,125,89,96
1,<environment.Job instance at 0x7f6590c79c80>,4,20,[ 4 11],5,96,116,91,96
1,<environment.Job instance at 0x7f65d6a18320>,14,18,[14  3],15,125,143,110,114
1,<environment.Job instance at 0x7f65d68b5c80>,17,20,[12  2],18,143,163,125,134
1,<environment.Job instance at 0x7f65d68b5a50>,19,28,[8 4],20,163,191,143,162
1,<environment.Job instance at 0x7f65d68b55f0>,20,17,[ 3 13],21,191,208,170,179
1,<environment.Job instance at 0x7f65d68b5730>,22,18,[11  5],23,208,226,185,197
1,<environment.Job instance at 0x7f65d68b5e60>,23,21,[3 7],24,208,229,184,200
1,<environment.Job instance at 0x7f65d68b5d20>,24,19,[12  3],25,226,245,201,216
1,<environment.Job instance at 0x7f65d68b5dc0>,25,27,[ 1 13],26,245,272,219,243
1,<environment.Job instance at 0x7f65d68b5870>,26,18,[11  3],27,272,290,245,261
1,<environment.Job instance at 0x7f65908a9dc0>,0,19,[13  4],1,2,21,1,2
1,<environment.Job instance at 0x7f65d68b5960>,3,12,[5 9],4,21,33,17,4
1,<environment.Job instance at 0x7f65d671b1e0>,1,15,[11  4],2,33,48,31,21
1,<environment.Job instance at 0x7f65d661a280>,7,20,[5 6],8,48,68,40,41
1,<environment.Job instance at 0x7f65d6639e60>,8,12,[4 7],9,47,59,38,47
1,<environment.Job instance at 0x7f65d6564370>,4,24,[ 1 12],5,68,92,63,63
1,<environment.Job instance at 0x7f65d6e90820>,9,23,[11  2],10,75,98,65,75
1,<environment.Job instance at 0x7f65d6839eb0>,2,17,[14  1],3,98,115,95,86
1,<environment.Job instance at 0x7f65d6cbad70>,12,21,[2 8],13,115,136,102,107
1,<environment.Job instance at 0x7f65d7170c80>,13,22,[ 2 12],14,136,158,122,129
1,<environment.Job instance at 0x7f65d6a18410>,14,28,[ 3 11],15,158,186,143,157
1,<environment.Job instance at 0x7f65d6d8c280>,15,22,[ 3 13],16,186,208,170,179
1,<environment.Job instance at 0x7f65d6d8c870>,16,19,[2 8],17,208,227,191,198
1,<environment.Job instance at 0x7f65d6d8c3c0>,17,21,[3 8],18,227,248,209,219
1,<environment.Job instance at 0x7f65d6d8c2d0>,18,28,[9 5],19,219,247,200,219
1,<environment.Job instance at 0x7f65d6d8c370>,19,13,[13  1],20,248,261,228,232
1,<environment.Job instance at 0x7f65d6d8cfa0>,22,23,[5 2],23,261,284,238,255
1,<environment.Job instance at 0x7f6590882910>,23,22,[12  2],24,284,306,260,277
1,<environment.Job instance at 0x7f6590949370>,0,26,[10  2],1,1,27,0,1
1,<environment.Job instance at 0x7f65d722f820>,3,20,[ 2 11],4,7,27,3,7
1,<environment.Job instance at 0x7f65906de3c0>,1,15,[11  1],2,27,42,25,14
1,<environment.Job instance at 0x7f65d67422d0>,9,22,[3 5],10,27,49,17,20
1,<environment.Job instance at 0x7f6590882a00>,2,21,[13  4],3,55,76,52,55
1,<environment.Job instance at 0x7f6590b77af0>,10,14,[ 4 11],11,76,90,65,71
1,<environment.Job instance at 0x7f65d6ffd9b0>,16,21,[3 7],17,90,111,73,82
1,<environment.Job instance at 0x7f65d6fbd500>,17,26,[2 5],18,90,116,72,87
1,<environment.Job instance at 0x7f65d705e550>,18,28,[4 8],19,111,139,92,110
1,<environment.Job instance at 0x7f6590cabfa0>,19,28,[1 5],20,116,144,96,115
1,<environment.Job instance at 0x7f65d685baf0>,20,27,[9 5],21,139,166,118,137
1,<environment.Job instance at 0x7f65d733e280>,12,18,[5 2],13,145,163,132,145
1,<environment.Job instance at 0x7f65d6ac1320>,21,21,[9 1],22,166,187,144,159
1,<environment.Job instance at 0x7f65d685b230>,22,22,[ 2 12],23,166,188,143,159
1,<environment.Job instance at 0x7f65d685be10>,25,19,[11  2],26,187,206,161,177
1,<environment.Job instance at 0x7f65d64739b0>,7,27,[ 1 11],8,188,215,180,188
1,<environment.Job instance at 0x7f65d662c960>,26,26,[ 3 10],27,215,241,188,212
1,<environment.Job instance at 0x7f65d662c370>,28,19,[ 2 11],29,241,260,212,231
1,<environment.Job instance at 0x7f65d696a0f0>,27,13,[12  3],28,232,245,204,232
1,<environment.Job instance at 0x7f65908a1e10>,30,25,[9 1],31,245,270,214,242
1,<environment.Job instance at 0x7f65908a1b40>,29,17,[ 5 14],30,260,277,230,252
1,<environment.Job instance at 0x7f65d69edf50>,0,26,[14  5],1,1,27,0,1
1,<environment.Job instance at 0x7f65d66ae5a0>,2,15,[11  5],3,61,76,58,61
1,<environment.Job instance at 0x7f65d703baf0>,10,27,[ 1 12],11,76,103,65,74
1,<environment.Job instance at 0x7f65d703bdc0>,12,22,[1 6],13,103,125,90,96
1,<environment.Job instance at 0x7f65d703b8c0>,13,14,[ 3 13],14,125,139,111,110
1,<environment.Job instance at 0x7f65d703b5a0>,15,27,[ 4 11],16,139,166,123,137
1,<environment.Job instance at 0x7f65d6cbae60>,5,25,[11  1],6,141,166,135,141
1,<environment.Job instance at 0x7f65d682a550>,7,18,[ 3 13],8,166,184,158,157
1,<environment.Job instance at 0x7f65d6948be0>,20,13,[4 8],21,184,197,163,168
1,<environment.Job instance at 0x7f65d69485a0>,21,12,[ 5 12],22,197,209,175,180
1,<environment.Job instance at 0x7f65d6cba960>,6,20,[ 1 13],7,209,229,202,207
1,<environment.Job instance at 0x7f65d6948d20>,23,13,[4 6],24,229,242,205,214
1,<environment.Job instance at 0x7f65d69489b0>,25,28,[5 5],26,229,257,203,229
1,<environment.Job instance at 0x7f65d6948320>,26,13,[2 7],27,242,255,215,229
1,<environment.Job instance at 0x7f65d6948500>,27,14,[9 3],28,255,269,227,240
1,<environment.Job instance at 0x7f65d6948fa0>,29,19,[5 5],30,257,276,227,247
1,<environment.Job instance at 0x7f65d6948d70>,31,19,[12  3],32,276,295,244,268
1,<environment.Job instance at 0x7f65d6948780>,32,25,[2 6],33,269,294,236,269
1,<environment.Job instance at 0x7f65d6cba370>,0,27,[ 4 12],1,1,28,0,1
1,<environment.Job instance at 0x7f65d682a6e0>,5,19,[12  1],6,28,47,22,21
1,<environment.Job instance at 0x7f65d6948c30>,4,23,[ 1 10],5,30,53,25,30
1,<environment.Job instance at 0x7f65d6cba730>,3,25,[13  1],4,47,72,43,46
1,<environment.Job instance at 0x7f65d6cba230>,1,16,[11  1],2,72,88,70,59
1,<environment.Job instance at 0x7f6590c6e230>,9,17,[14  4],10,88,105,78,76
1,<environment.Job instance at 0x7f65906951e0>,11,17,[ 2 13],12,105,122,93,93
1,<environment.Job instance at 0x7f6590843280>,13,26,[ 3 14],14,122,148,108,119
1,<environment.Job instance at 0x7f65907aeaf0>,14,17,[ 3 11],15,148,165,133,136
1,<environment.Job instance at 0x7f65d735cdc0>,15,26,[ 1 11],16,165,191,149,162
1,<environment.Job instance at 0x7f65d65650f0>,17,18,[11  2],18,162,180,144,162
1,<environment.Job instance at 0x7f65d6d11690>,21,28,[13  4],22,180,208,158,179
1,<environment.Job instance at 0x7f6590a6f370>,22,15,[ 4 13],23,208,223,185,194
1,<environment.Job instance at 0x7f65d6d11550>,23,28,[11  2],24,208,236,184,207
1,<environment.Job instance at 0x7f65d6d11a50>,24,12,[ 3 12],25,223,235,198,207
1,<environment.Job instance at 0x7f65d6d11dc0>,25,24,[7 1],26,236,260,210,231
1,<environment.Job instance at 0x7f6590843dc0>,18,21,[ 5 12],19,236,257,217,232
1,<environment.Job instance at 0x7f6590d3af00>,28,23,[7 4],29,257,280,228,251
1,<environment.Job instance at 0x7f6590d3ae10>,29,23,[2 8],30,260,283,230,254
1,<environment.Job instance at 0x7f6590c37e10>,30,15,[ 4 12],31,283,298,252,269
1,<environment.Job instance at 0x7f6590695c80>,0,22,[5 5],1,1,23,0,1
1,<environment.Job instance at 0x7f65906954b0>,2,26,[12  4],3,23,49,20,20
1,<environment.Job instance at 0x7f659095f7d0>,10,15,[ 3 11],11,37,52,26,37
1,<environment.Job instance at 0x7f65d6454640>,12,23,[ 5 13],13,52,75,39,46
1,<environment.Job instance at 0x7f659095fa50>,13,26,[2 5],14,75,101,61,72
1,<environment.Job instance at 0x7f65d68fd2d0>,15,27,[ 3 13],16,101,128,85,99
1,<environment.Job instance at 0x7f65d6dd3cd0>,16,26,[ 4 14],17,128,154,111,125
1,<environment.Job instance at 0x7f6590c7a5f0>,17,20,[14  2],18,154,174,136,145
1,<environment.Job instance at 0x7f6590a964b0>,4,13,[ 4 12],5,174,187,169,161
1,<environment.Job instance at 0x7f6590c7a4b0>,19,26,[ 4 11],20,187,213,167,184
1,<environment.Job instance at 0x7f659095f8c0>,11,25,[9 4],12,199,224,187,199
1,<environment.Job instance at 0x7f65d6c88c30>,21,24,[3 9],22,213,237,191,212
1,<environment.Job instance at 0x7f65d6c885f0>,22,20,[10  3],23,224,244,201,216
1,<environment.Job instance at 0x7f6590a96fa0>,5,23,[ 3 12],6,237,260,231,231
1,<environment.Job instance at 0x7f65d692cfa0>,27,23,[ 1 12],28,260,283,232,254
1,<environment.Job instance at 0x7f6590e560a0>,0,23,[ 5 14],1,1,24,0,1
1,<environment.Job instance at 0x7f65d66950a0>,1,28,[9 3],2,24,52,22,23
1,<environment.Job instance at 0x7f65d66952d0>,6,26,[13  3],7,52,78,45,49
1,<environment.Job instance at 0x7f65d66951e0>,7,17,[1 9],8,49,66,41,49
1,<environment.Job instance at 0x7f65d6708fa0>,9,22,[5 1],10,78,100,68,71
1,<environment.Job instance at 0x7f65d6695910>,10,20,[ 4 14],11,78,98,67,71
1,<environment.Job instance at 0x7f6590fd6870>,12,23,[ 5 12],13,98,121,85,92
1,<environment.Job instance at 0x7f6590fd66e0>,13,24,[14  4],14,121,145,107,116
1,<environment.Job instance at 0x7f6590fd6c80>,14,19,[3 8],15,145,164,130,135
1,<environment.Job instance at 0x7f6590fd67d0>,15,16,[13  2],16,164,180,148,151
1,<environment.Job instance at 0x7f6590fd6370>,18,12,[ 1 12],19,164,176,145,151
1,<environment.Job instance at 0x7f6590fd6e10>,19,22,[12  4],20,180,202,160,173
1,<environment.Job instance at 0x7f6590fd6690>,20,27,[ 1 13],21,202,229,181,200
1,<environment.Job instance at 0x7f6590fd6190>,21,18,[ 2 12],22,229,247,207,218
1,<environment.Job instance at 0x7f6590fbc8c0>,22,26,[5 5],23,247,273,224,244
1,<environment.Job instance at 0x7f6590fbc370>,23,13,[ 5 14],24,273,286,249,257
1,<environment.Job instance at 0x7f6590fbcaa0>,25,27,[7 1],26,263,290,237,263
1,<environment.Job instance at 0x7f6590e564b0>,0,24,[3 9],1,1,25,0,1
1,<environment.Job instance at 0x7f6590fbcaa0>,2,20,[7 3],3,5,25,2,5
1,<environment.Job instance at 0x7f65d69218c0>,1,22,[9 4],2,25,47,23,18
1,<environment.Job instance at 0x7f6590a961e0>,7,14,[ 1 12],8,47,61,39,32
1,<environment.Job instance at 0x7f65d6728820>,8,27,[ 3 12],9,61,88,52,59
1,<environment.Job instance at 0x7f65d6d8c9b0>,12,28,[ 1 13],13,88,116,75,87
1,<environment.Job instance at 0x7f65d6d8c4b0>,14,25,[12  2],15,89,114,74,89
1,<environment.Job instance at 0x7f65d6d8ca50>,13,14,[13  1],14,114,128,100,99
1,<environment.Job instance at 0x7f6591036690>,16,27,[ 5 14],17,128,155,111,126
1,<environment.Job instance at 0x7f6590938af0>,17,13,[14  4],18,155,168,137,139
1,<environment.Job instance at 0x7f6591036d70>,15,17,[10  3],16,168,185,152,156
1,<environment.Job instance at 0x7f6590938e10>,20,14,[1 8],21,160,174,139,160
1,<environment.Job instance at 0x7f6590938230>,18,19,[13  2],19,185,204,166,175
1,<environment.Job instance at 0x7f6590938d20>,22,23,[3 6],23,204,227,181,198
1,<environment.Job instance at 0x7f65909385f0>,23,23,[5 2],24,205,228,181,205
1,<environment.Job instance at 0x7f6590938a50>,24,13,[11  2],25,228,241,203,213
1,<environment.Job instance at 0x7f6590b9b1e0>,26,22,[6 5],27,241,263,214,234
1,<environment.Job instance at 0x7f65d6ea1410>,27,28,[5 3],28,241,269,213,240
1,<environment.Job instance at 0x7f6590938640>,28,23,[8 5],29,263,286,234,257
1,<environment.Job instance at 0x7f6590938d70>,29,23,[5 2],30,269,292,239,266
1,<environment.Job instance at 0x7fcf512aab90>,1,22,[11  3],2,2,24,0,2
1,<environment.Job instance at 0x7fcf512580f0>,2,22,[4 8],3,3,25,0,3
1,<environment.Job instance at 0x7fcf49e48230>,3,26,[11  4],4,24,50,20,21
1,<environment.Job instance at 0x7fcf512aaaf0>,4,21,[1 6],5,27,48,22,27
1,<environment.Job instance at 0x7fcf49e48500>,5,24,[1 5],6,28,52,22,28
1,<environment.Job instance at 0x7fcf49e487d0>,9,18,[ 2 13],10,52,70,42,41
1,<environment.Job instance at 0x7fcf49e489b0>,12,26,[ 1 12],13,70,96,57,67
1,<environment.Job instance at 0x7fcf49e48780>,8,22,[14  3],9,70,92,61,69
1,<environment.Job instance at 0x7fcf49e48b90>,15,18,[ 2 14],16,96,114,80,85
1,<environment.Job instance at 0x7fcf49e48cd0>,17,28,[ 5 10],18,114,142,96,113
1,<environment.Job instance at 0x7fcf49e48d70>,18,25,[ 4 13],19,142,167,123,138
1,<environment.Job instance at 0x7fcf49e48e10>,19,14,[ 3 11],20,167,181,147,152
1,<environment.Job instance at 0x7fcf49e48eb0>,20,27,[13  5],21,181,208,160,179
1,<environment.Job instance at 0x7fcf49e48fa0>,21,26,[ 5 12],22,208,234,186,205
1,<environment.Job instance at 0x7fcf49e48550>,22,13,[13  1],23,234,247,211,218
1,<environment.Job instance at 0x7fcf49e48e60>,24,13,[ 3 14],25,247,260,222,231
1,<environment.Job instance at 0x7fcf49e4a280>,25,23,[ 3 13],26,260,283,234,254
1,<environment.Job instance at 0x7fcf49e4a1e0>,1,25,[ 3 14],2,2,27,0,2
1,<environment.Job instance at 0x7fcf512806e0>,2,13,[12  5],3,27,40,24,12
1,<environment.Job instance at 0x7fcf51280870>,7,16,[ 1 14],8,40,56,32,27
1,<environment.Job instance at 0x7fcf513c6870>,11,25,[ 1 11],12,56,81,44,52
1,<environment.Job instance at 0x7fcf51280820>,4,17,[14  2],5,56,73,51,52
1,<environment.Job instance at 0x7fcf513c6a00>,12,14,[14  4],13,73,87,60,61
1,<environment.Job instance at 0x7fcf513c6cd0>,8,20,[ 3 14],9,87,107,78,80
1,<environment.Job instance at 0x7fcf513c6050>,13,27,[9 1],14,87,114,73,87
1,<environment.Job instance at 0x7fcf513c6910>,16,14,[9 5],17,114,128,97,104
1,<environment.Job instance at 0x7fcf513c65a0>,17,26,[4 9],18,107,133,89,104
1,<environment.Job instance at 0x7fcf513be640>,18,25,[13  3],19,133,158,114,130
1,<environment.Job instance at 0x7fcf513bebe0>,19,15,[1 7],20,133,148,113,130
1,<environment.Job instance at 0x7fcf513c6a50>,15,20,[12  4],16,158,178,142,152
1,<environment.Job instance at 0x7fcf513beb40>,20,26,[5 5],21,178,204,157,175
1,<environment.Job instance at 0x7fcf513cc460>,22,13,[3 8],23,175,188,152,175
1,<environment.Job instance at 0x7fcf513ccf50>,23,13,[3 5],24,188,201,164,177
1,<environment.Job instance at 0x7fcf513cceb0>,24,19,[ 3 12],25,204,223,179,194
1,<environment.Job instance at 0x7fcf513cc3c0>,25,15,[12  5],26,223,238,197,213
1,<environment.Job instance at 0x7fcf513cc500>,26,20,[1 5],27,223,243,196,215
1,<environment.Job instance at 0x7fcf513cce60>,27,22,[3 7],28,238,260,210,231
1,<environment.Job instance at 0x7fcf513cccd0>,28,20,[ 3 12],29,260,280,231,251
1,<environment.Job instance at 0x7fcf513cc6e0>,29,16,[12  4],30,280,296,250,267
1,<environment.Job instance at 0x7fcf062d2e60>,0,13,[ 5 13],1,1,14,0,1
1,<environment.Job instance at 0x7fcf0613f410>,2,26,[13  2],3,14,40,11,11
1,<environment.Job instance at 0x7fcf0622e460>,7,23,[6 4],8,40,63,32,34
1,<environment.Job instance at 0x7fcf0622eb90>,8,26,[ 3 11],9,40,66,31,37
1,<environment.Job instance at 0x7fcf0622e820>,11,25,[3 9],12,66,91,54,62
1,<environment.Job instance at 0x7fcf0622ebe0>,12,13,[14  3],13,91,104,78,75
1,<environment.Job instance at 0x7fcf0622e3c0>,14,23,[13  3],15,104,127,89,98
1,<environment.Job instance at 0x7fcf0622e5f0>,17,16,[11  4],18,127,143,109,114
1,<environment.Job instance at 0x7fcf0622e1e0>,19,25,[4 5],20,127,152,107,123
1,<environment.Job instance at 0x7fcf0622ee10>,20,25,[6 3],21,143,168,122,139
1,<environment.Job instance at 0x7fcf0622eeb0>,21,20,[11  1],22,168,188,146,159
1,<environment.Job instance at 0x7fcf0622e9b0>,23,13,[12  4],24,188,201,164,172
1,<environment.Job instance at 0x7fcf0622e0f0>,24,24,[5 5],25,201,225,176,196
1,<environment.Job instance at 0x7fcf0622e500>,25,13,[ 1 13],26,225,238,199,209
1,<environment.Job instance at 0x7fcf0622ed20>,26,26,[ 1 13],27,238,264,211,235
1,<environment.Job instance at 0x7fcf0622e7d0>,27,22,[3 9],28,264,286,236,257
1,<environment.Job instance at 0x7fcf0622ef00>,28,16,[11  1],29,261,277,232,261
1,<environment.Job instance at 0x7fcf0622ef50>,29,14,[14  2],30,286,300,256,271
1,<environment.Job instance at 0x7fcf061efc80>,0,22,[ 4 14],1,1,23,0,1
1,<environment.Job instance at 0x7fcf061a22d0>,1,20,[11  4],2,23,43,21,14
1,<environment.Job instance at 0x7fcf0622ef50>,3,19,[ 3 14],4,43,62,39,33
1,<environment.Job instance at 0x7fcf062492d0>,6,21,[ 5 11],7,62,83,55,54
1,<environment.Job instance at 0x7fcf061efcd0>,7,20,[ 2 12],8,83,103,75,76
1,<environment.Job instance at 0x7fcf064fc7d0>,8,23,[ 4 11],9,103,126,94,97
1,<environment.Job instance at 0x7fcf0649c910>,9,16,[ 3 14],10,126,142,116,116
1,<environment.Job instance at 0x7fcf064fc370>,10,23,[ 3 13],11,142,165,131,136
1,<environment.Job instance at 0x7fcf0615d050>,11,21,[14  4],12,182,203,170,182
1,<environment.Job instance at 0x7fcf0614a190>,4,21,[14  2],5,203,224,198,201
1,<environment.Job instance at 0x7fcf0615d230>,17,18,[4 7],18,224,242,206,214
1,<environment.Job instance at 0x7fcf0615dfa0>,19,25,[5 8],20,227,252,207,227
1,<environment.Job instance at 0x7fcf0615dd20>,20,27,[7 4],21,242,269,221,240
1,<environment.Job instance at 0x7fcf0615dc30>,15,16,[6 3],16,252,268,236,243
1,<environment.Job instance at 0x7fcf0615dd70>,21,21,[ 3 11],22,268,289,246,260
1,<environment.Job instance at 0x7fcf06249320>,0,20,[2 9],1,1,21,0,1
1,<environment.Job instance at 0x7fcf06194e60>,2,27,[12  4],3,3,30,0,3
1,<environment.Job instance at 0x7fcf0615d410>,1,17,[ 2 13],2,30,47,28,18
1,<environment.Job instance at 0x7fcf06503a00>,7,14,[14  1],8,47,61,39,32
1,<environment.Job instance at 0x7fcf061d6fa0>,9,14,[12  4],10,61,75,51,46
1,<environment.Job instance at 0x7fcf061d64b0>,10,18,[11  5],11,75,93,64,64
1,<environment.Job instance at 0x7fcf061d6870>,11,20,[10  5],12,93,113,81,84
1,<environment.Job instance at 0x7fcf513cceb0>,12,12,[14  4],13,113,125,100,96
1,<environment.Job instance at 0x7fcf060d7e60>,14,25,[13  4],15,125,150,110,121
1,<environment.Job instance at 0x7fcf0614ae60>,15,13,[1 7],16,121,134,105,121
1,<environment.Job instance at 0x7fcf06537640>,16,13,[12  2],17,150,163,133,134
1,<environment.Job instance at 0x7fcf065375f0>,17,22,[13  4],18,163,185,145,156
1,<environment.Job instance at 0x7fcf06281730>,3,14,[1 5],4,165,179,161,165
1,<environment.Job instance at 0x7fcf06549550>,18,14,[11  2],19,185,199,166,170
1,<environment.Job instance at 0x7fcf060d7f50>,20,28,[2 7],21,179,207,158,178
1,<environment.Job instance at 0x7fcf065499b0>,23,23,[12  2],24,199,222,175,193
1,<environment.Job instance at 0x7fcf06549a50>,24,18,[ 4 12],25,222,240,197,211
1,<environment.Job instance at 0x7fcf06549af0>,25,25,[6 5],26,240,265,214,236
1,<environment.Job instance at 0x7fcf06549c30>,27,27,[5 9],28,240,267,212,238
1,<environment.Job instance at 0x7fcf06549cd0>,28,27,[2 6],29,265,292,236,263
1,<environment.Job instance at 0x7fcf062812d0>,0,27,[ 3 14],1,1,28,0,1
1,<environment.Job instance at 0x7fcf06281230>,1,20,[5 6],2,28,48,26,19
1,<environment.Job instance at 0x7fcf4c5af050>,6,18,[ 4 13],7,48,66,41,37
1,<environment.Job instance at 0x7fcf4c5af730>,7,12,[ 5 12],8,66,78,58,66
1,<environment.Job instance at 0x7fcf4c5affa0>,10,19,[8 4],11,78,97,67,68
1,<environment.Job instance at 0x7fcf4c5afaf0>,11,23,[12  3],12,97,120,85,91
1,<environment.Job instance at 0x7fcf4c5afbe0>,14,12,[13  4],15,120,132,105,105
1,<environment.Job instance at 0x7fcf4c5af2d0>,15,23,[4 5],16,132,155,116,126
1,<environment.Job instance at 0x7fcf4c5af870>,17,20,[7 5],18,133,153,115,133
1,<environment.Job instance at 0x7fcf064b2a50>,3,25,[13  4],4,155,180,151,151
1,<environment.Job instance at 0x7fcf4c5af4b0>,19,26,[4 6],20,180,206,160,178
1,<environment.Job instance at 0x7fcf4c5af280>,20,21,[5 2],21,182,203,161,182
1,<environment.Job instance at 0x7fcf4c5afa00>,21,23,[ 4 11],22,206,229,184,200
1,<environment.Job instance at 0x7fcf4c5af370>,23,12,[ 2 13],24,229,241,205,213
1,<environment.Job instance at 0x7fcf4c5af3c0>,24,19,[ 4 11],25,241,260,216,237
1,<environment.Job instance at 0x7fcf4c5af0f0>,25,12,[3 6],26,260,272,234,243
1,<environment.Job instance at 0x7fcf4c5af640>,26,12,[11  1],27,243,255,216,243
1,<environment.Job instance at 0x7fcf4c5afe60>,27,13,[7 4],28,255,268,227,243
1,<environment.Job instance at 0x7fcf4c5aff50>,28,25,[14  5],29,272,297,243,268
1,<environment.Job instance at 0x7fcf0649ce60>,3,24,[5 8],4,7,31,3,7
1,<environment.Job instance at 0x7fcf0622ed70>,7,24,[ 5 13],8,31,55,23,26
1,<environment.Job instance at 0x7fcf4c5af7d0>,1,24,[14  3],2,55,79,53,50
1,<environment.Job instance at 0x7fcf511de640>,9,26,[12  4],10,79,105,69,76
1,<environment.Job instance at 0x7fcf062e9370>,11,21,[13  2],12,105,126,93,97
1,<environment.Job instance at 0x7fcf4c459230>,8,13,[ 1 14],9,126,139,117,119
1,<environment.Job instance at 0x7fcf062e9e60>,12,23,[14  5],13,139,162,126,133
1,<environment.Job instance at 0x7fcf49f586e0>,6,22,[ 5 11],7,162,184,155,159
1,<environment.Job instance at 0x7fcf4c64c370>,16,28,[5 4],17,182,210,165,182
1,<environment.Job instance at 0x7fcf4c64caf0>,19,16,[ 4 10],20,184,200,164,183
1,<environment.Job instance at 0x7fcf4c64c8c0>,13,14,[14  2],14,210,224,196,199
1,<environment.Job instance at 0x7fcf4a169500>,21,17,[ 3 13],22,224,241,202,212
1,<environment.Job instance at 0x7fcf4a174550>,23,18,[ 2 12],24,241,259,217,230
1,<environment.Job instance at 0x7fcf063192d0>,24,28,[11  1],25,231,259,206,231
1,<environment.Job instance at 0x7fcf06319d70>,25,21,[6 5],26,259,280,233,251
1,<environment.Job instance at 0x7fcf06281550>,4,13,[ 1 13],5,280,293,275,276
1,<environment.Job instance at 0x7fcf49f035f0>,26,12,[13  5],27,293,305,266,276
1,<environment.Job instance at 0x7fcf49f58a00>,4,26,[11  4],5,6,32,1,6
1,<environment.Job instance at 0x7fcf49f03aa0>,5,14,[4 7],6,10,24,4,10
1,<environment.Job instance at 0x7fcf0657eb40>,0,14,[11  5],1,46,60,45,46
1,<environment.Job instance at 0x7fcf49e81d20>,9,18,[ 3 14],10,60,78,50,49
1,<environment.Job instance at 0x7fcf4c5a17d0>,10,28,[5 2],11,78,106,67,77
1,<environment.Job instance at 0x7fcf060e85f0>,11,21,[ 4 12],12,78,99,66,77
1,<environment.Job instance at 0x7fcf49f53e10>,13,18,[11  5],14,106,124,92,104
1,<environment.Job instance at 0x7fcf49f53eb0>,15,21,[ 3 10],16,106,127,90,106
1,<environment.Job instance at 0x7fcf49f53fa0>,16,22,[2 6],17,127,149,110,120
1,<environment.Job instance at 0x7fcf49f53500>,17,21,[11  3],18,125,146,107,125
1,<environment.Job instance at 0x7fcf061a6e60>,19,23,[5 5],20,146,169,126,140
1,<environment.Job instance at 0x7fcf0649c0f0>,7,13,[ 3 13],8,169,182,161,153
1,<environment.Job instance at 0x7fcf06199320>,22,28,[2 7],23,182,210,159,181
1,<environment.Job instance at 0x7fcf06199460>,23,27,[11  2],24,184,211,160,184
1,<environment.Job instance at 0x7fcf061994b0>,24,21,[9 1],25,211,232,186,203
1,<environment.Job instance at 0x7fcf49f1ffa0>,2,23,[ 4 13],3,210,233,207,210
1,<environment.Job instance at 0x7fcf061995f0>,26,22,[14  2],27,233,255,206,226
1,<environment.Job instance at 0x7fcf06199730>,28,21,[10  3],29,255,276,226,247
1,<environment.Job instance at 0x7fcf061996e0>,29,22,[ 2 11],30,255,277,225,251
1,<environment.Job instance at 0x7fcf06199870>,30,16,[11  5],31,277,293,246,266
1,<environment.Job instance at 0x7fcf0622ef50>,1,27,[ 5 14],2,2,29,0,2
1,<environment.Job instance at 0x7fcf4c84e2d0>,4,20,[12  3],5,29,49,24,22
1,<environment.Job instance at 0x7fcf067b60a0>,9,22,[3 9],10,50,72,40,50
1,<environment.Job instance at 0x7fcf06199870>,3,15,[12  2],4,52,67,48,52
1,<environment.Job instance at 0x7fcf067b6230>,10,13,[13  3],11,72,85,61,63
1,<environment.Job instance at 0x7fcf067b69b0>,12,14,[12  5],13,85,99,72,70
1,<environment.Job instance at 0x7fcf067b6e10>,11,12,[12  5],12,99,111,87,85
1,<environment.Job instance at 0x7fcf067b6050>,13,22,[14  5],14,111,133,97,104
1,<environment.Job instance at 0x7fcf067b6820>,17,14,[12  5],18,133,147,115,118
1,<environment.Job instance at 0x7fcf067b63c0>,18,14,[12  2],19,147,161,128,132
1,<environment.Job instance at 0x7fcf061e50a0>,21,14,[ 3 11],22,147,161,125,134
1,<environment.Job instance at 0x7fcf49c05c80>,22,15,[11  2],23,161,176,138,147
1,<environment.Job instance at 0x7fcf49c05cd0>,23,17,[ 5 11],24,176,193,152,165
1,<environment.Job instance at 0x7fcf49c05eb0>,24,12,[8 3],25,176,188,151,166
1,<environment.Job instance at 0x7fcf49c05aa0>,26,17,[5 5],27,193,210,166,181
1,<environment.Job instance at 0x7fcf49e915f0>,27,14,[9 5],28,193,207,165,181
1,<environment.Job instance at 0x7fcf49ea0460>,30,15,[13  3],31,214,229,183,214
1,<environment.Job instance at 0x7fcf062830a0>,31,17,[ 1 14],32,229,246,197,217
1,<environment.Job instance at 0x7fcf49fabe60>,32,14,[6 3],33,246,260,213,232
1,<environment.Job instance at 0x7fcf49f01280>,7,23,[9 5],8,258,281,250,258
1,<environment.Job instance at 0x7fcf06281f00>,1,14,[ 3 13],2,5,19,3,5
1,<environment.Job instance at 0x7fcf49ded2d0>,2,23,[6 1],3,8,31,5,8
1,<environment.Job instance at 0x7fcf06643140>,5,16,[13  3],6,31,47,25,18
1,<environment.Job instance at 0x7fcf06643640>,10,26,[ 2 10],11,19,45,8,18
1,<environment.Job instance at 0x7fcf49bfef50>,14,16,[ 3 12],15,47,63,32,34
1,<environment.Job instance at 0x7fcf49bfe3c0>,17,15,[11  1],18,47,62,29,38
1,<environment.Job instance at 0x7fcf0633eaf0>,18,19,[13  4],19,63,82,44,53
1,<environment.Job instance at 0x7fcf0633e190>,20,12,[ 3 11],21,82,94,61,65
1,<environment.Job instance at 0x7fcf0609e500>,24,16,[14  2],25,94,110,69,81
1,<environment.Job instance at 0x7fcf49de3370>,25,23,[ 1 11],26,94,117,68,88
1,<environment.Job instance at 0x7fcf064f7550>,27,24,[12  4],28,110,134,82,105
1,<environment.Job instance at 0x7fcf066d4e60>,28,16,[11  3],29,134,150,105,123
1,<environment.Job instance at 0x7fcf0609ee10>,29,16,[11  5],30,150,166,120,137
1,<environment.Job instance at 0x7fcf06275a50>,31,22,[ 4 11],32,166,188,134,159
1,<environment.Job instance at 0x7fcf4c9826e0>,32,18,[ 3 13],33,188,206,155,177
1,<environment.Job instance at 0x7fcf4c756190>,33,17,[12  4],34,206,223,172,194
1,<environment.Job instance at 0x7fcf0680d050>,34,12,[14  4],35,223,235,188,206
1,<environment.Job instance at 0x7fcf0680deb0>,36,22,[ 2 13],37,235,257,198,228
1,<environment.Job instance at 0x7fcf49d84690>,37,12,[ 3 11],38,257,269,219,241
1,<environment.Job instance at 0x7fcf49d84aa0>,38,19,[9 2],39,241,260,202,241
1,<environment.Job instance at 0x7fcf49d844b0>,39,14,[ 1 12],40,269,283,229,254
1,<environment.Job instance at 0x7fcf49d845f0>,40,16,[13  3],41,269,285,228,256
1,<environment.Job instance at 0x7fcf06148a00>,1,16,[11  2],2,3,19,1,3
1,<environment.Job instance at 0x7fcf064d3fa0>,5,12,[12  5],6,19,31,13,10
1,<environment.Job instance at 0x7fcf49d845f0>,2,17,[3 9],3,19,36,16,19
1,<environment.Job instance at 0x7fcf0609ee60>,4,24,[5 9],5,36,60,31,31
1,<environment.Job instance at 0x7fcf49f98be0>,10,18,[ 3 13],11,60,78,49,49
1,<environment.Job instance at 0x7fcf06781f50>,11,12,[13  1],12,78,90,66,74
1,<environment.Job instance at 0x7fcf4a0d1190>,13,25,[1 8],14,78,103,64,75
1,<environment.Job instance at 0x7fcf4c993cd0>,14,19,[5 2],15,90,109,75,83
1,<environment.Job instance at 0x7fcf4a0d1730>,15,12,[3 7],16,103,115,87,86
1,<environment.Job instance at 0x7fcf06731690>,16,13,[4 5],17,90,103,73,86
1,<environment.Job instance at 0x7fcf06731460>,17,26,[13  1],18,126,152,108,126
1,<environment.Job instance at 0x7fcf06731b40>,18,19,[5 5],19,152,171,133,143
1,<environment.Job instance at 0x7fcf067315f0>,19,16,[14  1],20,236,252,216,236
1,<environment.Job instance at 0x7fcf4c58bf00>,1,19,[4 6],2,2,21,0,2
1,<environment.Job instance at 0x7fcf0635c960>,2,28,[ 5 13],3,21,49,18,20
1,<environment.Job instance at 0x7fcf4c7568c0>,9,19,[4 5],10,49,68,39,39
1,<environment.Job instance at 0x7fcf4c756e60>,10,25,[1 6],11,49,74,38,45
1,<environment.Job instance at 0x7fcf4c756a00>,11,20,[11  1],12,68,88,56,59
1,<environment.Job instance at 0x7fcf4c7561e0>,12,21,[2 8],13,68,89,55,60
1,<environment.Job instance at 0x7fcf060ebf50>,15,12,[ 1 13],16,89,101,73,72
1,<environment.Job instance at 0x7fcf060eb370>,16,23,[1 5],17,101,124,84,95
1,<environment.Job instance at 0x7fcf060ebaf0>,17,14,[ 3 11],18,124,138,106,109
1,<environment.Job instance at 0x7fcf060eb460>,18,22,[9 1],19,109,131,90,109
1,<environment.Job instance at 0x7fcf060eb5a0>,19,15,[14  1],20,138,153,118,124
1,<environment.Job instance at 0x7fcf060ebe60>,21,15,[14  4],22,153,168,131,139
1,<environment.Job instance at 0x7fcf060ebb40>,22,25,[ 5 10],23,168,193,145,164
1,<environment.Job instance at 0x7fcf060eb190>,23,20,[12  3],24,193,213,169,184
1,<environment.Job instance at 0x7fcf060ebe10>,24,20,[ 4 11],25,213,233,188,204
1,<environment.Job instance at 0x7fcf060eb6e0>,25,19,[ 2 13],26,233,252,207,223
1,<environment.Job instance at 0x7fcf060eb690>,26,15,[14  2],27,252,267,225,238
1,<environment.Job instance at 0x7fcf49e69140>,27,12,[13  3],28,267,279,239,250
1,<environment.Job instance at 0x7fcf49e69410>,29,21,[11  1],30,279,300,249,271
1,<environment.Job instance at 0x7fcf49db0d70>,0,26,[5 7],1,1,27,0,1
1,<environment.Job instance at 0x7fcf51281460>,1,16,[ 2 14],2,27,43,25,14
1,<environment.Job instance at 0x7fcf0660c870>,6,27,[13  3],7,43,70,36,41
1,<environment.Job instance at 0x7fcf0630f820>,9,27,[ 5 14],10,70,97,60,68
1,<environment.Job instance at 0x7fcf0630f0f0>,10,19,[13  4],11,97,116,86,87
1,<environment.Job instance at 0x7fcf0630fdc0>,11,15,[11  4],12,116,131,104,104
1,<environment.Job instance at 0x7fcf51150f00>,14,24,[ 1 12],15,131,155,116,126
1,<environment.Job instance at 0x7fcf51150640>,15,15,[13  2],16,131,146,115,131
1,<environment.Job instance at 0x7fcf51150b90>,16,16,[14  2],17,146,162,129,133
1,<environment.Job instance at 0x7fcf51150960>,17,20,[5 6],18,162,182,144,153
1,<environment.Job instance at 0x7fcf51150730>,19,23,[11  2],20,182,205,162,176
1,<environment.Job instance at 0x7fcf4a1279b0>,22,21,[2 8],23,184,205,161,184
1,<environment.Job instance at 0x7fcf4a127f50>,23,22,[ 2 12],24,205,227,181,198
1,<environment.Job instance at 0x7fcf4a1278c0>,24,28,[ 3 11],25,227,255,202,226
1,<environment.Job instance at 0x7fcf4a127280>,25,22,[ 3 13],26,255,277,229,248
1,<environment.Job instance at 0x7fcf4a127230>,26,19,[2 8],27,277,296,250,267
1,<environment.Job instance at 0x7fcf063813c0>,0,26,[10  2],1,1,27,0,1
1,<environment.Job instance at 0x7fcf0660cbe0>,1,15,[11  1],2,27,42,25,13
1,<environment.Job instance at 0x7fcf066d4410>,7,27,[ 1 11],8,13,40,5,13
1,<environment.Job instance at 0x7fcf49dc43c0>,8,27,[ 1 10],9,40,67,31,38
1,<environment.Job instance at 0x7fcf49dce4b0>,9,22,[3 5],10,42,64,32,38
1,<environment.Job instance at 0x7fcf4c9939b0>,11,13,[14  1],12,64,77,52,48
1,<environment.Job instance at 0x7fcf4c993d70>,16,21,[3 7],17,77,98,60,69
1,<environment.Job instance at 0x7fcf4c517aa0>,17,26,[2 5],18,77,103,59,74
1,<environment.Job instance at 0x7fcf4c517910>,18,28,[4 8],19,98,126,79,97
1,<environment.Job instance at 0x7fcf4c517460>,19,28,[1 5],20,103,131,83,102
1,<environment.Job instance at 0x7fcf4c517410>,20,27,[9 5],21,126,153,105,124
1,<environment.Job instance at 0x7fcf4c517e60>,21,21,[9 1],22,153,174,131,145
1,<environment.Job instance at 0x7fcf4c517a00>,22,22,[ 2 12],23,153,175,130,150
1,<environment.Job instance at 0x7fcf05e55c30>,24,20,[ 4 13],25,175,195,150,166
1,<environment.Job instance at 0x7fcf05e55960>,25,19,[11  2],26,174,193,148,166
1,<environment.Job instance at 0x7fcf05e555f0>,26,26,[ 3 10],27,195,221,168,192
1,<environment.Job instance at 0x7fcf05e55a50>,27,13,[12  3],28,203,216,175,203
1,<environment.Job instance at 0x7fcf05e55fa0>,28,19,[ 2 11],29,221,240,192,211
1,<environment.Job instance at 0x7fcf4a127230>,2,21,[13  4],3,221,242,218,214
1,<environment.Job instance at 0x7fcf05e71960>,29,17,[ 5 14],30,242,259,212,230
1,<environment.Job instance at 0x7fcf4a147e10>,6,15,[11  1],7,259,274,252,247
1,<environment.Job instance at 0x7fcf0630f4b0>,3,20,[ 2 11],4,259,279,255,252
1,<environment.Job instance at 0x7fcf49dcec80>,0,27,[ 1 12],1,1,28,0,1
1,<environment.Job instance at 0x7fcf4caa7050>,2,22,[1 6],3,28,50,25,21
1,<environment.Job instance at 0x7fcf05e5f2d0>,8,18,[13  2],9,21,39,12,21
1,<environment.Job instance at 0x7fcf05f341e0>,9,24,[11  3],10,39,63,29,34
1,<environment.Job instance at 0x7fcf4c703e60>,11,12,[ 5 12],12,63,75,51,46
1,<environment.Job instance at 0x7fcf063a0320>,12,28,[4 5],13,75,103,62,74
1,<environment.Job instance at 0x7fcf4c86ebe0>,14,28,[9 1],15,74,102,59,74
1,<environment.Job instance at 0x7fcf4c5a1500>,15,28,[5 5],16,102,130,86,101
1,<environment.Job instance at 0x7fcf4a255730>,18,24,[5 3],19,102,126,83,101
1,<environment.Job instance at 0x7fcf4a2556e0>,19,19,[5 5],20,103,122,83,101
1,<environment.Job instance at 0x7fcf4c6ed640>,21,19,[12  3],22,130,149,108,120
1,<environment.Job instance at 0x7fcf064d07d0>,22,25,[2 6],23,122,147,99,120
1,<environment.Job instance at 0x7fcf064d0c30>,23,15,[11  2],24,149,164,125,135
1,<environment.Job instance at 0x7fcf4c448dc0>,25,28,[4 6],26,149,177,123,148
1,<environment.Job instance at 0x7fcf061d49b0>,4,19,[5 3],5,164,183,159,155
1,<environment.Job instance at 0x7fcf06170a50>,3,14,[ 3 13],4,183,197,179,168
1,<environment.Job instance at 0x7fcf4c4488c0>,28,23,[ 1 10],29,197,220,168,191
1,<environment.Job instance at 0x7fcf0654abe0>,27,18,[11  5],28,206,224,178,206
1,<environment.Job instance at 0x7fcf4cafd5a0>,33,24,[11  4],34,224,248,190,219
1,<environment.Job instance at 0x7fcf4cafde60>,32,13,[ 3 10],33,220,233,187,220
1,<environment.Job instance at 0x7fcf05e60aa0>,35,14,[12  3],36,248,262,212,233
1,<environment.Job instance at 0x7fcf06546640>,36,18,[8 2],37,262,280,225,252
1,<environment.Job instance at 0x7fcf06281a00>,1,28,[13  4],2,2,30,0,2
1,<environment.Job instance at 0x7fcf05e5f050>,2,15,[ 4 13],3,30,45,27,19
1,<environment.Job instance at 0x7fcf066ff9b0>,4,12,[ 3 12],5,45,57,40,38
1,<environment.Job instance at 0x7fcf06546640>,3,28,[11  2],4,39,67,35,39
1,<environment.Job instance at 0x7fcf067d3d70>,8,23,[7 4],9,67,90,58,61
1,<environment.Job instance at 0x7fcf4c7e7780>,12,28,[5 3],13,67,95,54,66
1,<environment.Job instance at 0x7fcf067d3690>,9,23,[2 8],10,68,91,58,68
1,<environment.Job instance at 0x7fcf4c7e7050>,13,22,[5 5],14,91,113,77,84
1,<environment.Job instance at 0x7fcf4c7e7910>,15,12,[ 3 13],16,113,125,97,96
1,<environment.Job instance at 0x7fcf4c7e7500>,16,27,[ 4 12],17,125,152,108,123
1,<environment.Job instance at 0x7fcf0671b320>,18,21,[ 2 11],19,152,173,133,144
1,<environment.Job instance at 0x7fcf0671b9b0>,19,23,[9 2],20,144,167,124,144
1,<environment.Job instance at 0x7fcf067d37d0>,10,15,[ 4 12],11,173,188,162,160
1,<environment.Job instance at 0x7fcf4c7e7730>,11,25,[11  3],12,167,192,155,167
1,<environment.Job instance at 0x7fcf0671b1e0>,20,17,[ 4 13],21,192,209,171,180
1,<environment.Job instance at 0x7fcf0671b3c0>,24,13,[11  2],25,192,205,167,180
1,<environment.Job instance at 0x7fcf066ff0f0>,5,24,[7 1],6,205,229,199,200
1,<environment.Job instance at 0x7fcf0671b7d0>,22,13,[13  1],23,229,242,206,213
1,<environment.Job instance at 0x7fcf0671b8c0>,21,17,[ 1 14],22,215,232,193,215
1,<environment.Job instance at 0x7fcf0671bcd0>,26,25,[ 1 12],27,232,257,205,229
1,<environment.Job instance at 0x7fcf064084b0>,28,18,[11  2],29,242,260,213,232
1,<environment.Job instance at 0x7fcf06408e60>,30,21,[ 5 12],31,260,281,229,258
1,<environment.Job instance at 0x7fcf0671ba50>,27,19,[14  2],28,281,300,253,271
1,<environment.Job instance at 0x7fcf066ffaf0>,0,28,[ 4 10],1,1,29,0,1
1,<environment.Job instance at 0x7fcf06408c30>,1,25,[5 3],2,3,28,1,3
1,<environment.Job instance at 0x7fcf0671ba50>,3,20,[14  1],4,29,49,25,20
1,<environment.Job instance at 0x7fcf49e990a0>,7,24,[ 3 11],8,49,73,41,44
1,<environment.Job instance at 0x7fcf06281c80>,8,25,[13  4],9,73,98,64,69
1,<environment.Job instance at 0x7fcf49e0d7d0>,9,24,[5 8],10,98,122,88,93
1,<environment.Job instance at 0x7fcf06546c30>,11,24,[ 4 11],12,122,146,110,117
1,<environment.Job instance at 0x7fcf513cb730>,13,28,[8 4],14,117,145,103,117
1,<environment.Job instance at 0x7fcf4a2b05a0>,14,17,[14  4],15,146,163,131,134
1,<environment.Job instance at 0x7fcf49e33280>,18,24,[13  3],19,163,187,144,158
1,<environment.Job instance at 0x7fcf49e33e60>,19,16,[ 5 12],20,187,203,167,174
1,<environment.Job instance at 0x7fcf49e334b0>,20,26,[5 9],21,203,229,182,200
1,<environment.Job instance at 0x7fcf49e336e0>,21,22,[ 3 12],22,229,251,207,222
1,<environment.Job instance at 0x7fcf49e33050>,22,13,[14  4],23,251,264,228,235
1,<environment.Job instance at 0x7fcf49e33140>,23,24,[ 2 14],24,264,288,240,259
1,<environment.Job instance at 0x7fcf066ff320>,0,13,[ 1 14],1,1,14,0,1
1,<environment.Job instance at 0x7fcf4cb1f280>,1,23,[5 6],2,14,37,12,8
1,<environment.Job instance at 0x7fcf4a162730>,6,14,[12  1],7,37,51,30,22
1,<environment.Job instance at 0x7fcf4a162af0>,7,27,[ 5 10],8,51,78,43,49
1,<environment.Job instance at 0x7fcf4a1620a0>,8,28,[13  4],9,78,106,69,77
1,<environment.Job instance at 0x7fcf4a162960>,9,24,[5 2],10,106,130,96,101
1,<environment.Job instance at 0x7fcf5127c4b0>,10,18,[ 4 12],11,106,124,95,101
1,<environment.Job instance at 0x7fcf5127ceb0>,11,25,[11  1],12,130,155,118,126
1,<environment.Job instance at 0x7fcf067d3eb0>,3,12,[ 4 14],4,130,142,126,126
1,<environment.Job instance at 0x7fcf4c79c3c0>,12,20,[11  4],13,155,175,142,146
1,<environment.Job instance at 0x7fcf49cc30f0>,14,26,[2 6],15,146,172,131,146
1,<environment.Job instance at 0x7fcf49cc3050>,15,20,[8 4],16,175,195,159,166
1,<environment.Job instance at 0x7fcf5127c550>,13,28,[6 5],14,175,203,161,174
1,<environment.Job instance at 0x7fcf067d3fa0>,4,23,[11  2],5,203,226,198,198
1,<environment.Job instance at 0x7fcf4c77d3c0>,17,28,[ 3 13],18,203,231,185,203
1,<environment.Job instance at 0x7fcf5127c910>,16,22,[10  2],17,226,248,209,219
1,<environment.Job instance at 0x7fcf05f31fa0>,20,18,[ 3 12],21,231,249,210,220
1,<environment.Job instance at 0x7fcf05f31960>,21,18,[11  4],22,249,267,227,239
1,<environment.Job instance at 0x7fcf05f31f50>,22,12,[ 2 12],23,267,279,244,250
1,<environment.Job instance at 0x7fcf50fd06e0>,23,15,[ 3 13],24,279,294,255,265
1,<environment.Job instance at 0x7fcf49cc7dc0>,0,24,[12  5],1,1,25,0,1
1,<environment.Job instance at 0x7fcf50fd06e0>,2,16,[3 6],3,5,21,2,5
1,<environment.Job instance at 0x7fcf4a223c30>,3,15,[13  2],4,25,40,21,18
1,<environment.Job instance at 0x7fcf4a223550>,5,13,[ 1 14],6,40,53,34,31
1,<environment.Job instance at 0x7fcf4a2233c0>,7,26,[ 4 12],8,53,79,45,50
1,<environment.Job instance at 0x7fcf49cd9fa0>,9,18,[ 4 11],10,79,97,69,68
1,<environment.Job instance at 0x7fcf49cd9140>,11,12,[11  2],12,70,82,58,70
1,<environment.Job instance at 0x7fcf513ce2d0>,1,22,[12  2],2,97,119,95,90
1,<environment.Job instance at 0x7fcf49cd94b0>,13,22,[ 1 11],14,97,119,83,90
1,<environment.Job instance at 0x7fcf49cd9d20>,16,12,[ 2 13],17,119,131,102,102
1,<environment.Job instance at 0x7fcf49cd9f50>,12,27,[3 7],13,131,158,118,130
1,<environment.Job instance at 0x7fcf4a223aa0>,4,26,[9 4],5,131,157,126,130
1,<environment.Job instance at 0x7fcf49cd9190>,8,28,[ 2 10],9,158,186,149,157
1,<environment.Job instance at 0x7fcf05f5e320>,24,28,[13  5],25,270,298,245,270
1,<environment.Job instance at 0x7fcf49cc7230>,1,27,[11  3],2,4,31,2,4
1,<environment.Job instance at 0x7fcf49cc73c0>,2,20,[2 7],3,4,24,1,4
1,<environment.Job instance at 0x7fcf49cc77d0>,0,17,[13  2],1,31,48,30,19
1,<environment.Job instance at 0x7fcf06306320>,7,12,[13  5],8,48,60,40,34
1,<environment.Job instance at 0x7fcf06306fa0>,8,26,[11  5],9,60,86,51,57
1,<environment.Job instance at 0x7fcf4a35ea50>,5,19,[4 8],6,65,84,59,65
1,<environment.Job instance at 0x7fcf4a09bfa0>,10,15,[12  1],11,86,101,75,72
1,<environment.Job instance at 0x7fcf05f55cd0>,13,12,[14  1],14,101,113,87,84
1,<environment.Job instance at 0x7fcf05f550f0>,14,21,[4 9],15,113,134,98,105
1,<environment.Job instance at 0x7fcf05f55fa0>,15,16,[ 2 12],16,134,150,118,121
1,<environment.Job instance at 0x7fcf05f55730>,16,20,[ 2 12],17,150,170,133,141
1,<environment.Job instance at 0x7fcf4c63ae10>,17,27,[1 6],18,170,197,152,168
1,<environment.Job instance at 0x7fcf4c63a5a0>,18,27,[10  4],19,170,197,151,168
1,<environment.Job instance at 0x7fcf4c51e640>,6,12,[12  3],7,197,209,190,183
1,<environment.Job instance at 0x7fcf4c63aaa0>,19,17,[13  5],20,209,226,189,197
1,<environment.Job instance at 0x7fcf4c63a3c0>,21,18,[ 5 13],22,226,244,204,215
1,<environment.Job instance at 0x7fcf4c63acd0>,22,18,[ 3 12],23,244,262,221,233
1,<environment.Job instance at 0x7fcf4a107460>,23,21,[5 6],24,262,283,238,254
1,<environment.Job instance at 0x7fcf4c63a140>,24,19,[10  4],25,262,281,237,254
1,<environment.Job instance at 0x7fcf4c63a870>,25,16,[14  3],26,283,299,257,272
1,<environment.Job instance at 0x7f8b38beedc0>,1,22,[11  3],2,2,24,0,2
1,<environment.Job instance at 0x7f8b38b65320>,2,22,[4 8],3,3,25,0,3
1,<environment.Job instance at 0x7f8b31755230>,3,26,[11  4],4,24,50,20,21
1,<environment.Job instance at 0x7f8b317551e0>,5,24,[1 5],6,25,49,19,23
1,<environment.Job instance at 0x7f8b317557d0>,9,18,[ 2 13],10,50,68,40,39
1,<environment.Job instance at 0x7f8b31755910>,11,26,[4 8],12,68,94,56,65
1,<environment.Job instance at 0x7f8b317559b0>,12,26,[ 1 12],13,94,120,81,91
1,<environment.Job instance at 0x7f8b31755a50>,13,18,[ 4 14],14,120,138,106,109
1,<environment.Job instance at 0x7f8b31755b90>,15,18,[ 2 14],16,138,156,122,127
1,<environment.Job instance at 0x7f8b31755c30>,16,16,[ 3 11],17,156,172,139,143
1,<environment.Job instance at 0x7f8b31755e10>,19,14,[ 3 11],20,172,186,152,164
1,<environment.Job instance at 0x7f8b31755eb0>,20,27,[13  5],21,186,213,165,184
1,<environment.Job instance at 0x7f8b31755fa0>,21,26,[ 5 12],22,213,239,191,210
1,<environment.Job instance at 0x7f8b31755640>,22,13,[13  1],23,239,252,216,225
1,<environment.Job instance at 0x7f8b31755f00>,24,13,[ 3 14],25,252,265,227,239
1,<environment.Job instance at 0x7f8b317572d0>,25,23,[ 3 13],26,265,288,239,259
1,<environment.Job instance at 0x7f8b317570f0>,1,25,[ 1 11],2,2,27,0,2
1,<environment.Job instance at 0x7f8b38cd5190>,4,23,[13  2],5,5,28,0,5
1,<environment.Job instance at 0x7f8b38ccc9b0>,2,14,[14  4],3,28,42,25,15
1,<environment.Job instance at 0x7f8b38cd5f00>,10,26,[5 5],11,42,68,31,39
1,<environment.Job instance at 0x7f8b317572d0>,6,14,[9 5],7,42,56,35,39
1,<environment.Job instance at 0x7f8b38cd5e60>,12,13,[3 8],13,56,69,43,51
1,<environment.Job instance at 0x7f8b38cd5c80>,11,24,[4 7],12,68,92,56,63
1,<environment.Job instance at 0x7f8b38cdb690>,13,13,[3 5],14,69,82,55,63
1,<environment.Job instance at 0x7f8b38cdb190>,14,19,[ 3 12],15,92,111,77,82
1,<environment.Job instance at 0x7f8b38ccb640>,16,20,[1 5],17,111,131,94,102
1,<environment.Job instance at 0x7f8b38ccba50>,17,22,[3 7],18,111,133,93,104
1,<environment.Job instance at 0x7f8b38ccbb40>,18,20,[ 3 12],19,133,153,114,124
1,<environment.Job instance at 0x7f8b38cdb230>,15,15,[12  5],16,153,168,137,146
1,<environment.Job instance at 0x7f8b38cd52d0>,5,20,[12  4],6,168,188,162,160
1,<environment.Job instance at 0x7f8b38cd3d70>,20,16,[12  5],21,188,204,167,177
1,<environment.Job instance at 0x7f8b38cd3dc0>,22,13,[12  1],23,204,217,181,188
1,<environment.Job instance at 0x7f8b38cd3a00>,21,20,[ 1 12],22,204,224,182,196
1,<environment.Job instance at 0x7f8b38cd3460>,23,12,[11  5],24,224,236,200,218
1,<environment.Job instance at 0x7f8b38cd30f0>,24,17,[ 3 12],25,236,253,211,228
1,<environment.Job instance at 0x7f8b38cd38c0>,26,18,[ 1 12],27,253,271,226,247
1,<environment.Job instance at 0x7f8b38cd5f50>,8,25,[13  3],9,253,278,244,252
1,<environment.Job instance at 0x7f8b38cd3a50>,19,16,[12  4],20,278,294,258,265
1,<environment.Job instance at 0x7f8aed9fa4b0>,0,25,[6 3],1,1,26,0,1
1,<environment.Job instance at 0x7f8aede3ffa0>,1,20,[11  1],2,26,46,24,17
1,<environment.Job instance at 0x7f8aeda500a0>,6,26,[ 1 13],7,26,52,19,23
1,<environment.Job instance at 0x7f8aeda50690>,7,22,[3 9],8,52,74,44,45
1,<environment.Job instance at 0x7f8aeda3d9b0>,8,16,[11  1],9,50,66,41,50
1,<environment.Job instance at 0x7f8aeda3d690>,9,14,[14  2],10,74,88,64,59
1,<environment.Job instance at 0x7f8aeda3d730>,10,22,[5 9],11,88,110,77,81
1,<environment.Job instance at 0x7f8aeda3d640>,11,15,[ 2 11],12,110,125,98,97
1,<environment.Job instance at 0x7f8aeda3d320>,12,16,[11  1],13,110,126,97,97
1,<environment.Job instance at 0x7f8aeda3d3c0>,13,25,[2 8],14,125,150,111,121
1,<environment.Job instance at 0x7f8b38cd9500>,2,17,[9 4],3,126,143,123,122
1,<environment.Job instance at 0x7f8aeda3d550>,14,18,[12  5],15,143,161,128,132
1,<environment.Job instance at 0x7f8aeda3d460>,17,16,[11  2],18,161,177,143,148
1,<environment.Job instance at 0x7f8aeda3daf0>,18,22,[ 2 12],19,161,183,142,154
1,<environment.Job instance at 0x7f8aeda20fa0>,19,20,[12  3],20,177,197,157,168
1,<environment.Job instance at 0x7f8aeda20e60>,22,18,[12  1],23,197,215,174,186
1,<environment.Job instance at 0x7f8aeda50a00>,5,13,[ 1 13],6,197,210,191,192
1,<environment.Job instance at 0x7f8aeda208c0>,26,17,[ 1 12],27,210,227,183,198
1,<environment.Job instance at 0x7f8aeda20550>,27,21,[5 9],28,227,248,199,219
1,<environment.Job instance at 0x7f8aedb3cfa0>,28,18,[ 2 14],29,248,266,219,237
1,<environment.Job instance at 0x7f8aedb3c0f0>,30,25,[7 1],31,241,266,210,241
1,<environment.Job instance at 0x7f8aedb3ca50>,31,24,[12  5],32,266,290,234,261
1,<environment.Job instance at 0x7f8aedb3ca50>,2,13,[14  1],3,3,16,0,3
1,<environment.Job instance at 0x7f8aedb3c500>,1,15,[14  5],2,16,31,14,8
1,<environment.Job instance at 0x7f8aedf30230>,7,26,[ 5 11],8,31,57,23,28
1,<environment.Job instance at 0x7f8aedf30410>,9,21,[9 2],10,31,52,21,28
1,<environment.Job instance at 0x7f8aedf30500>,11,16,[ 5 11],12,57,73,45,44
1,<environment.Job instance at 0x7f8aedf30460>,10,18,[14  2],11,73,91,62,62
1,<environment.Job instance at 0x7f8aedefc5a0>,14,25,[ 3 14],15,91,116,76,87
1,<environment.Job instance at 0x7f8aedefccd0>,15,28,[2 8],16,116,144,100,115
1,<environment.Job instance at 0x7f8aedefc550>,16,21,[ 5 14],17,144,165,127,136
1,<environment.Job instance at 0x7f8aedefc780>,17,27,[9 3],18,165,192,147,163
1,<environment.Job instance at 0x7f8aedf30320>,4,21,[ 2 12],5,169,190,164,169
1,<environment.Job instance at 0x7f8aedefc6e0>,18,15,[13  3],19,192,207,173,178
1,<environment.Job instance at 0x7f8aedefc690>,21,26,[7 3],22,207,233,185,204
1,<environment.Job instance at 0x7f8aedefc370>,22,25,[ 1 13],23,233,258,210,229
1,<environment.Job instance at 0x7f8aedefcf50>,23,22,[1 6],24,258,280,234,251
1,<environment.Job instance at 0x7f8aedefcdc0>,24,26,[11  4],25,258,284,233,255
1,<environment.Job instance at 0x7f8aedefc820>,25,22,[8 2],26,284,306,258,277
1,<environment.Job instance at 0x7f8aedefca00>,20,12,[ 3 12],21,284,296,263,277
1,<environment.Job instance at 0x7f8aedb58910>,5,18,[ 5 11],6,6,24,0,6
1,<environment.Job instance at 0x7f8aedb3adc0>,2,19,[1 7],3,24,43,21,14
1,<environment.Job instance at 0x7f8aedefca00>,7,17,[12  5],8,24,41,16,14
1,<environment.Job instance at 0x7f8b38b90aa0>,0,18,[14  3],1,41,59,40,30
1,<environment.Job instance at 0x7f8aedb3aa00>,3,18,[14  3],4,59,77,55,51
1,<environment.Job instance at 0x7f8aed9fa500>,6,27,[11  5],7,77,104,70,75
1,<environment.Job instance at 0x7f8aedb37690>,10,14,[12  4],11,104,118,93,89
1,<environment.Job instance at 0x7f8aedf30a00>,4,23,[ 2 11],5,104,127,99,101
1,<environment.Job instance at 0x7f8aedad7b90>,15,19,[11  4],16,118,137,102,108
1,<environment.Job instance at 0x7f8aedafa320>,18,12,[11  4],19,137,149,118,120
1,<environment.Job instance at 0x7f8aed95c5f0>,22,28,[5 5],23,149,177,126,148
1,<environment.Job instance at 0x7f8aed95c410>,24,20,[13  1],25,177,197,152,168
1,<environment.Job instance at 0x7f8aed95c870>,26,25,[12  3],27,197,222,170,193
1,<environment.Job instance at 0x7f8aed95c7d0>,25,21,[ 3 12],26,197,218,171,197
1,<environment.Job instance at 0x7f8aedb2dc30>,9,21,[11  1],10,222,243,212,214
1,<environment.Job instance at 0x7f8aed95cb40>,29,16,[4 9],30,222,238,192,219
1,<environment.Job instance at 0x7f8aed95c910>,27,20,[7 1],28,243,263,215,234
1,<environment.Job instance at 0x7f8aedafa370>,16,23,[11  3],17,263,286,246,258
1,<environment.Job instance at 0x7f8b341f2640>,1,27,[4 6],2,2,29,0,2
1,<environment.Job instance at 0x7f8b341f23c0>,2,14,[14  1],3,29,43,26,14
1,<environment.Job instance at 0x7f8b38a5bc80>,7,25,[11  4],8,43,68,35,39
1,<environment.Job instance at 0x7f8b38b470a0>,8,21,[2 6],9,43,64,34,39
1,<environment.Job instance at 0x7f8b38b47870>,9,22,[5 7],10,68,90,58,61
1,<environment.Job instance at 0x7f8b38b47370>,10,19,[1 7],11,64,83,53,61
1,<environment.Job instance at 0x7f8b315e7a50>,11,27,[ 1 11],12,90,117,78,88
1,<environment.Job instance at 0x7f8b315e7460>,13,26,[11  2],14,90,116,76,90
1,<environment.Job instance at 0x7f8b315e76e0>,16,24,[9 2],17,116,140,99,111
1,<environment.Job instance at 0x7f8b315e7140>,17,27,[ 5 14],18,140,167,122,138
1,<environment.Job instance at 0x7f8b315e7280>,19,20,[ 2 13],20,167,187,147,158
1,<environment.Job instance at 0x7f8b315e7c80>,20,26,[ 4 14],21,187,213,166,184
1,<environment.Job instance at 0x7f8b315e7af0>,22,16,[ 1 11],23,213,229,190,200
1,<environment.Job instance at 0x7f8b315e71e0>,23,15,[14  5],24,229,244,205,215
1,<environment.Job instance at 0x7f8b315e7230>,24,17,[13  1],25,244,261,219,232
1,<environment.Job instance at 0x7f8b315e7fa0>,26,21,[ 5 14],27,261,282,234,253
1,<environment.Job instance at 0x7f8b315e79b0>,27,17,[13  3],28,282,299,254,270
1,<environment.Job instance at 0x7f8aed9b6140>,0,26,[13  5],1,1,27,0,1
1,<environment.Job instance at 0x7f8b33d9ca50>,5,14,[13  2],6,27,41,21,12
1,<environment.Job instance at 0x7f8b314cb140>,3,14,[7 2],4,41,55,37,32
1,<environment.Job instance at 0x7f8b31509cd0>,9,20,[5 6],10,41,61,31,34
1,<environment.Job instance at 0x7f8b3163bf50>,1,16,[ 1 13],2,61,77,59,48
1,<environment.Job instance at 0x7f8aedecfe60>,14,12,[ 3 12],15,77,89,62,60
1,<environment.Job instance at 0x7f8aedecff50>,15,12,[11  4],16,89,101,73,73
1,<environment.Job instance at 0x7f8aedecfb40>,16,20,[ 3 14],17,101,121,84,92
1,<environment.Job instance at 0x7f8aedecf3c0>,17,16,[12  1],18,101,117,83,98
1,<environment.Job instance at 0x7f8aedecf370>,18,21,[1 7],19,121,142,102,113
1,<environment.Job instance at 0x7f8aeda22870>,20,28,[ 1 11],21,142,170,121,141
1,<environment.Job instance at 0x7f8aedecf640>,21,22,[8 3],22,145,167,123,145
1,<environment.Job instance at 0x7f8b3169c2d0>,22,28,[14  4],23,167,195,144,166
1,<environment.Job instance at 0x7f8b3169c280>,23,27,[13  4],24,195,222,171,193
1,<environment.Job instance at 0x7f8aedecf910>,24,12,[ 5 11],25,222,234,197,207
1,<environment.Job instance at 0x7f8b34301c30>,26,17,[14  2],27,234,251,207,222
1,<environment.Job instance at 0x7f8b31bf4c30>,25,12,[6 4],26,222,234,196,222
1,<environment.Job instance at 0x7f8b31bf4320>,27,17,[ 1 12],28,234,251,206,222
1,<environment.Job instance at 0x7f8b3168a550>,29,22,[ 3 14],30,251,273,221,244
1,<environment.Job instance at 0x7f8aedd83a50>,30,15,[ 2 11],31,273,288,242,259
1,<environment.Job instance at 0x7f8b315098c0>,1,14,[ 3 14],2,4,18,2,4
1,<environment.Job instance at 0x7f8b33d66be0>,0,17,[14  2],1,18,35,17,7
1,<environment.Job instance at 0x7f8aedd83a50>,5,20,[1 8],6,18,38,12,13
1,<environment.Job instance at 0x7f8b33d671e0>,11,28,[11  4],12,35,63,23,34
1,<environment.Job instance at 0x7f8aedb58190>,12,22,[ 5 12],13,63,85,50,56
1,<environment.Job instance at 0x7f8b33e489b0>,15,22,[3 8],16,85,107,69,78
1,<environment.Job instance at 0x7f8aedd83f50>,4,22,[11  1],5,85,107,80,79
1,<environment.Job instance at 0x7f8b33e48820>,18,22,[ 1 13],19,107,129,88,100
1,<environment.Job instance at 0x7f8b33e48280>,19,26,[7 2],20,107,133,87,104
1,<environment.Job instance at 0x7f8b33e48d70>,20,15,[13  5],21,133,148,112,119
1,<environment.Job instance at 0x7f8aed8d4eb0>,22,25,[10  3],23,148,173,125,144
1,<environment.Job instance at 0x7f8b315090a0>,2,20,[ 4 11],3,148,168,145,144
1,<environment.Job instance at 0x7f8b33e486e0>,23,18,[ 4 11],24,168,186,144,160
1,<environment.Job instance at 0x7f8aed8d9050>,26,18,[ 3 11],27,186,204,159,175
1,<environment.Job instance at 0x7f8aed8d9140>,27,27,[11  1],28,176,203,148,176
1,<environment.Job instance at 0x7f8aed8d91e0>,28,28,[11  2],29,203,231,174,202
1,<environment.Job instance at 0x7f8aed8d9280>,29,23,[ 4 11],30,204,227,174,202
1,<environment.Job instance at 0x7f8aed8d9320>,30,22,[ 1 14],31,231,253,200,224
1,<environment.Job instance at 0x7f8aed8d9870>,34,27,[11  4],35,253,280,218,251
1,<environment.Job instance at 0x7f8b33eb4eb0>,0,27,[5 2],1,1,28,0,1
1,<environment.Job instance at 0x7f8aed8d9820>,1,12,[ 3 13],2,2,14,0,2
1,<environment.Job instance at 0x7f8b316013c0>,2,17,[14  5],3,28,45,25,16
1,<environment.Job instance at 0x7f8b31a10dc0>,9,19,[5 8],10,45,64,35,35
1,<environment.Job instance at 0x7f8b31a10c30>,11,22,[14  3],12,64,86,52,57
1,<environment.Job instance at 0x7f8b33eb4c30>,4,15,[ 1 12],5,64,79,59,64
1,<environment.Job instance at 0x7f8b34121280>,12,22,[11  5],13,86,108,73,79
1,<environment.Job instance at 0x7f8b341213c0>,16,24,[1 8],17,79,103,62,79
1,<environment.Job instance at 0x7f8b34121140>,19,12,[11  2],20,108,120,88,91
1,<environment.Job instance at 0x7f8b31a109b0>,8,12,[ 1 12],9,108,120,99,92
1,<environment.Job instance at 0x7f8b31a088c0>,20,18,[ 3 11],21,120,138,99,109
1,<environment.Job instance at 0x7f8b31a08f00>,23,24,[2 8],24,138,162,114,133
1,<environment.Job instance at 0x7f8b31a08690>,24,24,[5 7],25,138,162,113,137
1,<environment.Job instance at 0x7f8b317af460>,25,13,[14  2],26,162,175,136,146
1,<environment.Job instance at 0x7f8b317afa50>,26,12,[ 5 14],27,175,187,148,158
1,<environment.Job instance at 0x7f8b317afbe0>,27,28,[11  4],28,187,215,159,186
1,<environment.Job instance at 0x7f8b317af730>,28,23,[1 6],29,187,210,158,186
1,<environment.Job instance at 0x7f8b317afdc0>,29,26,[1 8],30,210,236,180,207
1,<environment.Job instance at 0x7f8aee110780>,33,25,[7 5],34,215,240,181,211
1,<environment.Job instance at 0x7f8b33e900a0>,34,24,[5 3],35,236,260,201,231
1,<environment.Job instance at 0x7f8b3161db40>,35,15,[ 1 14],36,260,275,224,246
1,<environment.Job instance at 0x7f8b3174fb90>,0,27,[2 5],1,1,28,0,1
1,<environment.Job instance at 0x7f8aedd32370>,3,17,[13  5],4,11,28,7,11
1,<environment.Job instance at 0x7f8aedda36e0>,5,24,[12  4],6,28,52,22,23
1,<environment.Job instance at 0x7f8b388dd910>,8,18,[ 3 11],9,28,46,19,24
1,<environment.Job instance at 0x7f8b31b04b40>,1,13,[ 3 13],2,52,65,50,36
1,<environment.Job instance at 0x7f8b34278c80>,11,23,[3 9],12,65,88,53,59
1,<environment.Job instance at 0x7f8aedda3eb0>,7,27,[9 5],8,65,92,57,63
1,<environment.Job instance at 0x7f8aee011690>,14,17,[ 4 14],15,92,109,77,80
1,<environment.Job instance at 0x7f8aee011f50>,15,15,[ 2 14],16,109,124,93,95
1,<environment.Job instance at 0x7f8b314d3a50>,18,20,[6 2],19,124,144,105,115
1,<environment.Job instance at 0x7f8aee011960>,13,21,[1 8],14,124,145,110,116
1,<environment.Job instance at 0x7f8b31547730>,22,22,[11  4],23,144,166,121,137
1,<environment.Job instance at 0x7f8aed83b0a0>,23,28,[11  2],24,166,194,142,165
1,<environment.Job instance at 0x7f8aee014af0>,9,14,[ 2 13],10,168,182,158,168
1,<environment.Job instance at 0x7f8b31b4cd20>,24,28,[ 4 10],25,182,210,157,181
1,<environment.Job instance at 0x7f8b31ba7190>,27,26,[12  4],28,210,236,182,207
1,<environment.Job instance at 0x7f8b31b4a910>,28,13,[12  3],29,236,249,207,222
1,<environment.Job instance at 0x7f8b314d34b0>,21,17,[ 2 14],22,249,266,227,239
1,<environment.Job instance at 0x7f8aede14910>,29,16,[ 5 11],30,266,282,236,253
1,<environment.Job instance at 0x7f8aedba4500>,0,25,[ 2 12],1,1,26,0,1
1,<environment.Job instance at 0x7f8aedd1aaf0>,1,14,[12  5],2,26,40,24,12
1,<environment.Job instance at 0x7f8b34121820>,6,25,[ 4 10],7,40,65,33,36
1,<environment.Job instance at 0x7f8b31990960>,8,15,[12  1],9,65,80,56,51
1,<environment.Job instance at 0x7f8aedda30a0>,9,22,[10  1],10,80,102,70,73
1,<environment.Job instance at 0x7f8b31bd35a0>,11,24,[ 2 11],12,73,97,61,73
1,<environment.Job instance at 0x7f8aedce4fa0>,12,20,[ 1 14],13,97,117,84,88
1,<environment.Job instance at 0x7f8b319d11e0>,13,19,[ 3 14],14,117,136,103,107
1,<environment.Job instance at 0x7f8aedeb1690>,18,21,[ 1 11],19,136,157,117,132
1,<environment.Job instance at 0x7f8aedfa4460>,19,20,[ 5 13],20,157,177,137,148
1,<environment.Job instance at 0x7f8aedfa4dc0>,20,27,[ 5 13],21,177,204,156,175
1,<environment.Job instance at 0x7f8aedfa4f50>,21,15,[ 3 13],22,204,219,182,190
1,<environment.Job instance at 0x7f8aedfa4eb0>,23,18,[ 2 12],24,219,237,195,208
1,<environment.Job instance at 0x7f8b31b68b40>,26,19,[10  4],27,237,256,210,227
1,<environment.Job instance at 0x7f8b3150baf0>,7,19,[ 5 11],8,237,256,229,236
1,<environment.Job instance at 0x7f8b31b68be0>,27,24,[14  3],28,256,280,228,251
1,<environment.Job instance at 0x7f8b31b68d20>,29,21,[1 9],30,256,277,226,251
1,<environment.Job instance at 0x7f8b31990320>,0,25,[2 8],1,1,26,0,1
1,<environment.Job instance at 0x7f8aedce4cd0>,7,18,[5 3],8,10,28,2,10
1,<environment.Job instance at 0x7f8b31990e60>,3,16,[13  2],4,28,44,24,15
1,<environment.Job instance at 0x7f8aedce4a50>,9,20,[3 9],10,44,64,34,35
1,<environment.Job instance at 0x7f8b31ba5140>,10,25,[ 1 13],11,64,89,53,60
1,<environment.Job instance at 0x7f8b31ba5050>,11,22,[14  2],12,64,86,52,60
1,<environment.Job instance at 0x7f8b31ba5820>,12,24,[7 4],13,89,113,76,84
1,<environment.Job instance at 0x7f8b31ba5e10>,14,20,[ 5 11],15,89,109,74,84
1,<environment.Job instance at 0x7f8b31ba5f50>,15,21,[13  4],16,113,134,97,105
1,<environment.Job instance at 0x7f8b31ba5c30>,16,25,[12  4],17,134,159,117,130
1,<environment.Job instance at 0x7f8b317431e0>,18,12,[13  4],19,159,171,140,142
1,<environment.Job instance at 0x7f8b31743c30>,19,21,[ 4 12],20,171,192,151,163
1,<environment.Job instance at 0x7f8b31743f00>,20,13,[ 2 12],21,192,205,171,177
1,<environment.Job instance at 0x7f8b31743e10>,21,25,[3 8],22,205,230,183,201
1,<environment.Job instance at 0x7f8b31a920a0>,22,21,[12  5],23,205,226,182,201
1,<environment.Job instance at 0x7f8b31a92d20>,23,21,[ 5 11],24,230,251,206,222
1,<environment.Job instance at 0x7f8b31a92a00>,24,21,[1 9],25,251,272,226,243
1,<environment.Job instance at 0x7f8b31a92cd0>,25,21,[12  4],26,251,272,225,243
1,<environment.Job instance at 0x7f8b31a92780>,26,18,[12  3],27,272,290,245,261
1,<environment.Job instance at 0x7f8b34230960>,0,27,[ 4 10],1,1,28,0,1
1,<environment.Job instance at 0x7f8b31a92460>,1,27,[9 3],2,2,29,0,2
1,<environment.Job instance at 0x7f8b31ba5b90>,2,19,[ 1 11],3,28,47,25,18
1,<environment.Job instance at 0x7f8b31a92780>,3,26,[5 3],4,29,55,25,26
1,<environment.Job instance at 0x7f8b318a36e0>,6,13,[11  3],7,55,68,48,47
1,<environment.Job instance at 0x7f8aeda507d0>,7,20,[14  5],8,68,88,60,59
1,<environment.Job instance at 0x7f8aeda50960>,11,12,[ 5 13],12,88,100,76,84
1,<environment.Job instance at 0x7f8b3182c6e0>,13,14,[ 2 13],14,100,114,86,95
1,<environment.Job instance at 0x7f8b31b5ca00>,4,27,[12  1],5,100,127,95,99
1,<environment.Job instance at 0x7f8b3182c4b0>,12,28,[13  2],13,127,155,114,126
1,<environment.Job instance at 0x7f8b3182c7d0>,17,16,[2 7],18,133,149,115,133
1,<environment.Job instance at 0x7f8b3182ca50>,16,22,[10  2],17,155,177,138,148
1,<environment.Job instance at 0x7f8b3182cbe0>,18,18,[3 9],19,155,173,136,148
1,<environment.Job instance at 0x7f8b3182c1e0>,19,26,[ 5 12],20,173,199,153,170
1,<environment.Job instance at 0x7f8b3182c370>,22,21,[13  4],23,199,220,176,195
1,<environment.Job instance at 0x7f8b3182c230>,23,20,[ 2 11],24,199,219,175,197
1,<environment.Job instance at 0x7f8b3182cd20>,24,18,[5 3],25,220,238,195,209
1,<environment.Job instance at 0x7f8b31c01870>,26,15,[11  1],27,238,253,211,227
1,<environment.Job instance at 0x7f8b31c01460>,27,27,[ 1 11],28,227,254,199,227
1,<environment.Job instance at 0x7f8b318a35f0>,5,19,[14  2],6,253,272,247,245
1,<environment.Job instance at 0x7f8b31c01e60>,29,22,[3 5],30,272,294,242,265
1,<environment.Job instance at 0x7f8aed91e3c0>,0,26,[14  5],1,1,27,0,1
1,<environment.Job instance at 0x7f8aede15140>,6,20,[ 1 13],7,27,47,20,18
1,<environment.Job instance at 0x7f8aed871e60>,7,18,[ 3 13],8,47,65,39,36
1,<environment.Job instance at 0x7f8b31975640>,10,27,[ 1 12],11,65,92,54,63
1,<environment.Job instance at 0x7f8b31af53c0>,12,22,[1 6],13,92,114,79,85
1,<environment.Job instance at 0x7f8aedce2cd0>,13,14,[ 3 13],14,114,128,100,100
1,<environment.Job instance at 0x7f8b31ba50a0>,15,27,[ 4 11],16,128,155,112,126
1,<environment.Job instance at 0x7f8aede43cd0>,5,25,[11  1],6,126,151,120,126
1,<environment.Job instance at 0x7f8aeddc4b90>,19,24,[11  3],20,151,175,131,146
1,<environment.Job instance at 0x7f8aee112e10>,21,12,[ 5 12],22,175,187,153,169
1,<environment.Job instance at 0x7f8aee1125a0>,22,28,[4 5],23,187,215,164,186
1,<environment.Job instance at 0x7f8aed91e730>,2,15,[11  5],3,189,204,186,189
1,<environment.Job instance at 0x7f8aedc84190>,25,28,[5 5],26,204,232,178,203
1,<environment.Job instance at 0x7f8aedc84cd0>,28,24,[5 3],29,206,230,177,206
1,<environment.Job instance at 0x7f8b31c01e60>,3,23,[ 3 11],4,232,255,228,226
1,<environment.Job instance at 0x7f8aedc84690>,30,12,[9 4],31,230,242,199,226
1,<environment.Job instance at 0x7f8aedc84a00>,31,19,[12  3],32,242,261,210,232
1,<environment.Job instance at 0x7f8aedc845a0>,33,15,[11  2],34,261,276,227,248
1,<environment.Job instance at 0x7f8aedc842d0>,32,25,[2 6],33,255,280,222,251
1,<environment.Job instance at 0x7f8aedc6bb40>,36,15,[5 7],37,276,291,239,265
1,<environment.Job instance at 0x7f8aed76b500>,1,28,[13  4],2,2,30,0,2
1,<environment.Job instance at 0x7f8aedcae190>,4,12,[ 3 12],5,30,42,25,15
1,<environment.Job instance at 0x7f8b318a5730>,3,28,[11  2],4,30,58,26,30
1,<environment.Job instance at 0x7f8b31aa2d20>,9,23,[2 8],10,42,65,32,36
1,<environment.Job instance at 0x7f8aed883dc0>,2,15,[ 4 13],3,65,80,62,51
1,<environment.Job instance at 0x7f8b341af280>,12,28,[5 3],13,80,108,67,79
1,<environment.Job instance at 0x7f8b341af320>,13,22,[5 5],14,80,102,66,79
1,<environment.Job instance at 0x7f8aed833e60>,14,24,[10  4],15,102,126,87,97
1,<environment.Job instance at 0x7f8aed833960>,15,12,[ 3 13],16,126,138,110,109
1,<environment.Job instance at 0x7f8aed8335a0>,16,27,[ 4 12],17,138,165,121,136
1,<environment.Job instance at 0x7f8aedd13280>,18,21,[ 2 11],19,165,186,146,157
1,<environment.Job instance at 0x7f8aedd135a0>,19,23,[9 2],20,157,180,137,157
1,<environment.Job instance at 0x7f8b31901d20>,8,23,[7 4],9,180,203,171,174
1,<environment.Job instance at 0x7f8b318e7b40>,5,24,[7 1],6,186,210,180,185
1,<environment.Job instance at 0x7f8b31b51aa0>,20,17,[ 4 13],21,203,220,182,191
1,<environment.Job instance at 0x7f8b31b51140>,24,13,[11  2],25,210,223,185,195
1,<environment.Job instance at 0x7f8b31b51d70>,22,13,[13  1],23,223,236,200,220
1,<environment.Job instance at 0x7f8b31b73c80>,26,25,[ 1 12],27,220,245,193,220
1,<environment.Job instance at 0x7f8b34052190>,11,25,[11  3],12,236,261,224,235
1,<environment.Job instance at 0x7f8b31901f50>,10,15,[ 4 12],11,245,260,234,240
1,<environment.Job instance at 0x7f8b31b51a50>,21,17,[ 1 14],22,261,278,239,252
1,<environment.Job instance at 0x7f8aedded050>,28,18,[11  2],29,278,296,249,271
1,<environment.Job instance at 0x7f8b34406230>,0,20,[11  5],1,1,21,0,1
1,<environment.Job instance at 0x7f8aeddec820>,1,24,[ 4 11],2,21,45,19,16
1,<environment.Job instance at 0x7f8aed9470f0>,8,24,[13  3],9,45,69,36,40
1,<environment.Job instance at 0x7f8aedff8fa0>,2,16,[ 2 10],3,45,61,42,42
1,<environment.Job instance at 0x7f8aed9478c0>,9,16,[ 5 12],10,69,85,59,59
1,<environment.Job instance at 0x7f8aed947b40>,12,13,[14  4],13,85,98,72,69
1,<environment.Job instance at 0x7f8aed947690>,13,24,[ 2 14],14,98,122,84,93
1,<environment.Job instance at 0x7f8b31688cd0>,18,20,[13  3],19,122,142,103,113
1,<environment.Job instance at 0x7f8aed8de910>,21,12,[7 5],22,142,154,120,126
1,<environment.Job instance at 0x7f8aed9471e0>,10,26,[5 9],11,142,168,131,139
1,<environment.Job instance at 0x7f8aed8de5f0>,23,16,[5 3],24,154,170,130,153
1,<environment.Job instance at 0x7f8aed947a50>,11,22,[ 3 12],12,204,226,192,204
1,<environment.Job instance at 0x7f8aed8de550>,22,24,[12  1],23,210,234,187,210
1,<environment.Job instance at 0x7f8aed8dec80>,26,13,[14  4],27,234,247,207,218
1,<environment.Job instance at 0x7f8aed8debe0>,28,16,[5 9],29,247,263,218,234
1,<environment.Job instance at 0x7f8aed8dec30>,29,25,[9 3],30,250,275,220,250
1,<environment.Job instance at 0x7f8aed8dedc0>,31,20,[ 4 14],32,275,295,243,266
1,<environment.Job instance at 0x7f8b316882d0>,0,18,[ 3 12],1,1,19,0,1
1,<environment.Job instance at 0x7f8aed8de730>,1,18,[11  4],2,19,37,17,8
1,<environment.Job instance at 0x7f8b31a0d4b0>,6,23,[ 5 10],7,37,60,30,31
1,<environment.Job instance at 0x7f8b31a0dbe0>,7,27,[ 4 13],8,60,87,52,58
1,<environment.Job instance at 0x7f8b31b9e5a0>,8,15,[11  5],9,87,102,78,75
1,<environment.Job instance at 0x7f8b31a0d690>,9,23,[13  4],10,102,125,92,96
1,<environment.Job instance at 0x7f8b316bf410>,10,19,[ 5 12],11,125,144,114,115
1,<environment.Job instance at 0x7f8aedb26b90>,13,27,[10  2],14,125,152,111,123
1,<environment.Job instance at 0x7f8aedf7b050>,14,26,[ 3 13],15,144,170,129,141
1,<environment.Job instance at 0x7f8aedf7b230>,15,28,[11  5],16,170,198,154,169
1,<environment.Job instance at 0x7f8b34010e10>,16,24,[8 5],17,198,222,181,193
1,<environment.Job instance at 0x7f8b31a0d870>,5,24,[1 9],6,194,218,188,194
1,<environment.Job instance at 0x7f8aeda0f230>,17,15,[12  5],18,222,237,204,208
1,<environment.Job instance at 0x7f8aed883500>,19,14,[12  4],20,237,251,217,222
1,<environment.Job instance at 0x7f8aed883b40>,20,25,[8 3],21,251,276,230,247
1,<environment.Job instance at 0x7f8aed883be0>,21,20,[8 5],22,276,296,254,267
1,<environment.Job instance at 0x7f8aed7b5190>,0,25,[8 5],1,1,26,0,1
1,<environment.Job instance at 0x7f8aed7b5550>,3,13,[13  3],4,26,39,22,10
1,<environment.Job instance at 0x7f8aedf9fc80>,7,27,[1 7],8,13,40,5,13
1,<environment.Job instance at 0x7f8b34274050>,2,13,[ 2 14],3,40,53,37,26
1,<environment.Job instance at 0x7f8b342820a0>,9,14,[ 1 13],10,53,67,43,39
1,<environment.Job instance at 0x7f8b34267d70>,1,18,[11  5],2,67,85,65,61
1,<environment.Job instance at 0x7f8aedcb0230>,12,13,[ 1 12],13,85,98,72,70
1,<environment.Job instance at 0x7f8aedfe3aa0>,13,23,[8 2],14,85,108,71,79
1,<environment.Job instance at 0x7f8aedcb0d20>,11,18,[2 6],12,100,118,88,100
1,<environment.Job instance at 0x7f8b31601aa0>,14,23,[ 2 14],15,118,141,103,112
1,<environment.Job instance at 0x7f8aedfe36e0>,16,13,[11  2],17,141,154,124,127
1,<environment.Job instance at 0x7f8aedfe34b0>,15,18,[3 8],16,141,159,125,132
1,<environment.Job instance at 0x7f8b31bf7960>,18,20,[5 6],19,154,174,135,145
1,<environment.Job instance at 0x7f8aedfe33c0>,19,18,[14  5],20,174,192,154,163
1,<environment.Job instance at 0x7f8aed7b5370>,4,22,[11  5],5,192,214,187,185
1,<environment.Job instance at 0x7f8b3171fa50>,21,24,[ 1 13],22,214,238,192,209
1,<environment.Job instance at 0x7f8b31bf7870>,20,19,[ 1 11],21,238,257,217,228
1,<environment.Job instance at 0x7f8b31526f00>,26,16,[8 1],27,241,257,214,241
1,<environment.Job instance at 0x7f8b33d40c30>,24,14,[14  5],25,257,271,232,246
1,<environment.Job instance at 0x7f8aed8df7d0>,28,12,[ 3 14],29,271,283,242,255
1,<environment.Job instance at 0x7f8aed75bc80>,0,27,[14  2],1,1,28,0,1
1,<environment.Job instance at 0x7f8aed75bd70>,1,14,[14  5],2,28,42,26,14
1,<environment.Job instance at 0x7f8aeda48230>,6,26,[3 8],7,42,68,35,39
1,<environment.Job instance at 0x7f8aeda48690>,7,24,[12  4],8,42,66,34,39
1,<environment.Job instance at 0x7f8aeda480a0>,8,19,[ 5 14],9,68,87,59,58
1,<environment.Job instance at 0x7f8aeda484b0>,9,27,[ 2 11],10,87,114,77,85
1,<environment.Job instance at 0x7f8aeda48aa0>,11,23,[ 3 14],12,114,137,102,108
1,<environment.Job instance at 0x7f8b341c4820>,13,25,[14  3],14,137,162,123,133
1,<environment.Job instance at 0x7f8b341c4eb0>,14,24,[ 1 13],15,162,186,147,157
1,<environment.Job instance at 0x7f8b341c4dc0>,16,14,[12  2],17,162,176,145,157
1,<environment.Job instance at 0x7f8b341c41e0>,17,16,[ 2 12],18,186,202,168,173
1,<environment.Job instance at 0x7f8b341c4500>,18,27,[9 3],19,186,213,167,184
1,<environment.Job instance at 0x7f8b317e36e0>,2,13,[ 4 12],3,202,215,199,187
1,<environment.Job instance at 0x7f8b341c4780>,19,21,[4 6],20,215,236,195,207
1,<environment.Job instance at 0x7f8b341c4910>,22,15,[ 3 11],23,236,251,213,236
1,<environment.Job instance at 0x7f8b341c4410>,23,21,[ 4 12],24,251,272,227,243
1,<environment.Job instance at 0x7f8aedb597d0>,24,21,[ 4 12],25,272,293,247,264
1,<environment.Job instance at 0x7f8aed75b730>,0,21,[12  1],1,1,22,0,1
1,<environment.Job instance at 0x7f8aed75b640>,2,18,[ 2 13],3,5,23,2,5
1,<environment.Job instance at 0x7f8aed75b550>,1,16,[12  5],2,23,39,21,10
1,<environment.Job instance at 0x7f8b3193e500>,8,23,[ 4 14],9,39,62,30,33
1,<environment.Job instance at 0x7f8aeda50960>,9,23,[ 4 13],10,62,85,52,56
1,<environment.Job instance at 0x7f8b33d97aa0>,11,15,[ 3 11],12,85,100,73,71
1,<environment.Job instance at 0x7f8b33d97d70>,12,24,[10  5],13,100,124,87,95
1,<environment.Job instance at 0x7f8aedab90f0>,13,22,[5 8],14,100,122,86,95
1,<environment.Job instance at 0x7f8aedab90a0>,14,17,[12  2],15,124,141,109,112
1,<environment.Job instance at 0x7f8b31941a00>,3,24,[9 3],4,141,165,137,136
1,<environment.Job instance at 0x7f8aedab9c80>,16,16,[ 5 14],17,165,181,148,153
1,<environment.Job instance at 0x7f8aedab9af0>,19,18,[12  2],20,181,199,161,174
1,<environment.Job instance at 0x7f8aedab9050>,15,20,[11  3],16,199,219,183,192
1,<environment.Job instance at 0x7f8b3193ea50>,7,17,[13  4],8,219,236,211,207
1,<environment.Job instance at 0x7f8aeda48910>,6,24,[14  2],7,236,260,229,233
1,<environment.Job instance at 0x7f8b31b44b90>,21,13,[ 4 11],22,260,273,238,246
1,<environment.Job instance at 0x7f8b31b44280>,26,23,[8 1],27,260,283,233,258
1,<environment.Job instance at 0x7f8b31b445a0>,28,17,[11  5],29,283,300,254,271
1,<environment.Job instance at 0x7fe1d298a6e0>,1,22,[11  3],2,2,24,0,2
1,<environment.Job instance at 0x7fe1d2903320>,2,22,[4 8],3,3,25,0,3
1,<environment.Job instance at 0x7fe1cd7a3230>,3,26,[11  4],4,24,50,20,21
1,<environment.Job instance at 0x7fe1cd7a36e0>,8,22,[14  3],9,50,72,41,43
1,<environment.Job instance at 0x7fe1cd7a3820>,10,18,[ 3 11],11,72,90,61,61
1,<environment.Job instance at 0x7fe1cd7a38c0>,11,26,[4 8],12,90,116,78,87
1,<environment.Job instance at 0x7fe1cd7a3960>,12,26,[ 1 12],13,116,142,103,113
1,<environment.Job instance at 0x7fe1cd7a3a00>,13,18,[ 4 14],14,142,160,128,131
1,<environment.Job instance at 0x7fe1cd7a3b40>,15,18,[ 2 14],16,160,178,144,149
1,<environment.Job instance at 0x7fe1cd7a3be0>,16,16,[ 3 11],17,178,194,161,165
1,<environment.Job instance at 0x7fe1cd7a3c80>,17,28,[ 5 10],18,194,222,176,193
1,<environment.Job instance at 0x7fe1cd7a3d20>,18,25,[ 4 13],19,222,247,203,218
1,<environment.Job instance at 0x7fe1cd7a3dc0>,19,14,[ 3 11],20,247,261,227,232
1,<environment.Job instance at 0x7fe1cd7a3e60>,20,27,[13  5],21,261,288,240,259
1,<environment.Job instance at 0x7fe1cd7b2690>,0,26,[5 5],1,1,27,0,1
1,<environment.Job instance at 0x7fe1cd7a3d70>,1,24,[4 7],2,2,26,0,2
1,<environment.Job instance at 0x7fe1d2a6edc0>,4,19,[ 3 12],5,27,46,22,17
1,<environment.Job instance at 0x7fe1d2a6ec80>,9,16,[12  4],10,46,62,36,33
1,<environment.Job instance at 0x7fe1d2a6e9b0>,10,16,[12  5],11,62,78,51,49
1,<environment.Job instance at 0x7fe1d2a6e500>,12,13,[12  1],13,78,91,65,62
1,<environment.Job instance at 0x7fe1d2a79690>,13,12,[11  5],14,91,103,77,74
1,<environment.Job instance at 0x7fe1d2a792d0>,14,17,[ 3 12],15,103,120,88,91
1,<environment.Job instance at 0x7fe1d2a791e0>,15,16,[13  4],16,120,136,104,107
1,<environment.Job instance at 0x7fe1d2a69be0>,16,18,[ 1 12],17,136,154,119,125
1,<environment.Job instance at 0x7fe1d2a69a50>,18,15,[ 2 14],19,154,169,135,140
1,<environment.Job instance at 0x7fe1d292d690>,22,20,[13  3],23,169,189,146,160
1,<environment.Job instance at 0x7fe1d292deb0>,23,21,[ 4 12],24,189,210,165,181
1,<environment.Job instance at 0x7fe1d292d140>,24,20,[5 2],25,189,209,164,181
1,<environment.Job instance at 0x7fe1d292d3c0>,25,27,[5 9],26,210,237,184,208
1,<environment.Job instance at 0x7fe1d292ddc0>,26,27,[2 9],27,237,264,210,235
1,<environment.Job instance at 0x7fe1d292d640>,27,21,[11  4],28,237,258,209,235
1,<environment.Job instance at 0x7fe1d292d370>,28,12,[14  5],29,264,276,235,247
1,<environment.Job instance at 0x7fe1d2a6e0f0>,11,20,[ 1 12],12,276,296,264,269
1,<environment.Job instance at 0x7fe189aa5fa0>,0,19,[12  5],1,1,20,0,1
1,<environment.Job instance at 0x7fe189a765f0>,2,18,[12  1],3,20,38,17,9
1,<environment.Job instance at 0x7fe189a76c30>,7,21,[5 9],8,38,59,30,30
1,<environment.Job instance at 0x7fe189a761e0>,8,18,[ 2 14],9,59,77,50,48
1,<environment.Job instance at 0x7fe189aa2c80>,9,24,[11  1],10,59,83,49,54
1,<environment.Job instance at 0x7fe189aa2e60>,10,25,[7 1],11,83,108,72,79
1,<environment.Job instance at 0x7fe189aa2b90>,11,24,[12  5],12,108,132,96,103
1,<environment.Job instance at 0x7fe189aa2a00>,12,23,[10  2],13,132,155,119,126
1,<environment.Job instance at 0x7fe189aa29b0>,13,15,[ 1 11],14,137,152,123,137
1,<environment.Job instance at 0x7fe189aa2960>,15,27,[ 4 14],16,155,182,139,153
1,<environment.Job instance at 0x7fe189aa2910>,16,23,[ 2 11],17,182,205,165,176
1,<environment.Job instance at 0x7fe189aa2780>,17,13,[ 4 12],18,205,218,187,189
1,<environment.Job instance at 0x7fe189aa2690>,14,16,[ 5 12],15,218,234,203,205
1,<environment.Job instance at 0x7fe189aa28c0>,18,15,[13  1],19,234,249,215,223
1,<environment.Job instance at 0x7fe189a76a00>,6,17,[ 1 12],7,243,260,236,243
1,<environment.Job instance at 0x7fe189a9a820>,24,16,[ 2 12],25,260,276,235,247
1,<environment.Job instance at 0x7fe189a9a870>,25,12,[ 4 14],26,276,288,250,262
1,<environment.Job instance at 0x7fe189a9ae60>,27,16,[5 4],28,288,304,260,275
1,<environment.Job instance at 0x7fe189a9a6e0>,28,14,[8 3],29,288,302,259,275
1,<environment.Job instance at 0x7fe1cd6351e0>,0,20,[13  5],1,1,21,0,1
1,<environment.Job instance at 0x7fe1cdc491e0>,1,27,[1 8],2,4,31,2,4
1,<environment.Job instance at 0x7fe189b7a500>,2,16,[10  3],3,21,37,18,17
1,<environment.Job instance at 0x7fe189c21050>,9,18,[2 9],10,31,49,21,26
1,<environment.Job instance at 0x7fe189c21690>,10,18,[10  4],11,37,55,26,26
1,<environment.Job instance at 0x7fe189c218c0>,11,13,[6 5],12,55,68,43,47
1,<environment.Job instance at 0x7fe189c210f0>,13,14,[4 5],14,49,63,35,47
1,<environment.Job instance at 0x7fe189a2aaf0>,3,24,[11  3],4,68,92,64,66
1,<environment.Job instance at 0x7fe189b62af0>,0,24,[11  4],1,1,25,0,1
1,<environment.Job instance at 0x7fe189b62d70>,3,21,[1 6],4,10,31,6,10
1,<environment.Job instance at 0x7fe189b7afa0>,7,25,[8 3],8,25,50,17,21
1,<environment.Job instance at 0x7fe1cd50bf50>,5,25,[6 1],6,25,50,19,21
1,<environment.Job instance at 0x7fe18a0dc140>,8,13,[13  1],9,50,63,41,38
1,<environment.Job instance at 0x7fe1cdc146e0>,13,26,[4 7],14,63,89,49,60
1,<environment.Job instance at 0x7fe189b7a5a0>,6,16,[4 5],7,65,81,58,65
1,<environment.Job instance at 0x7fe189a2aaf0>,2,27,[5 1],3,65,92,62,65
1,<environment.Job instance at 0x7fe1d2a7c500>,18,19,[ 5 10],19,89,108,70,79
1,<environment.Job instance at 0x7fe1cd7be5a0>,22,28,[9 1],23,95,123,72,95
1,<environment.Job instance at 0x7fe189b7cf50>,15,18,[ 2 13],16,110,128,94,110
1,<environment.Job instance at 0x7fe189ea7e10>,24,15,[13  2],25,123,138,98,112
1,<environment.Job instance at 0x7fe189ea7c30>,26,28,[ 4 12],27,138,166,111,137
1,<environment.Job instance at 0x7fe189ea7f50>,27,25,[2 6],28,166,191,138,162
1,<environment.Job instance at 0x7fe189ea7f00>,25,17,[12  3],26,166,183,140,164
1,<environment.Job instance at 0x7fe1899ad3c0>,32,21,[9 5],33,183,204,150,175
1,<environment.Job instance at 0x7fe1899ad280>,30,15,[6 3],31,191,206,160,184
1,<environment.Job instance at 0x7fe1899ad550>,34,12,[13  2],35,206,218,171,189
1,<environment.Job instance at 0x7fe1899ad5f0>,35,13,[ 5 13],36,218,231,182,203
1,<environment.Job instance at 0x7fe1899ad500>,33,21,[11  5],34,231,252,197,223
1,<environment.Job instance at 0x7fe1899ad460>,36,14,[7 2],37,252,266,215,237
1,<environment.Job instance at 0x7fe1899ad960>,39,23,[8 5],40,252,275,212,250
1,<environment.Job instance at 0x7fe1d2a7c5a0>,0,24,[11  5],1,1,25,0,1
1,<environment.Job instance at 0x7fe1899ad2d0>,1,25,[2 7],2,12,37,10,12
1,<environment.Job instance at 0x7fe189e0f460>,9,21,[12  3],10,25,46,15,17
1,<environment.Job instance at 0x7fe189e0f140>,10,27,[ 5 12],11,46,73,35,44
1,<environment.Job instance at 0x7fe1cdc3d820>,12,16,[ 2 13],13,73,89,60,60
1,<environment.Job instance at 0x7fe1cdc3d3c0>,15,13,[14  1],16,89,102,73,73
1,<environment.Job instance at 0x7fe1cdc3d5a0>,16,26,[11  5],17,102,128,85,99
1,<environment.Job instance at 0x7fe1cdc3d870>,17,14,[ 2 13],18,128,142,110,113
1,<environment.Job instance at 0x7fe1cdc3d370>,18,13,[14  5],19,142,155,123,126
1,<environment.Job instance at 0x7fe1d2a7cd20>,3,21,[ 3 14],4,155,176,151,149
1,<environment.Job instance at 0x7fe1cdc3d7d0>,19,18,[12  4],20,176,194,156,165
1,<environment.Job instance at 0x7fe1cdc3d230>,20,21,[ 2 14],21,194,215,173,186
1,<environment.Job instance at 0x7fe1cdc3d500>,22,23,[13  4],23,215,238,192,209
1,<environment.Job instance at 0x7fe1cdc3d190>,24,18,[ 1 12],25,238,256,213,227
1,<environment.Job instance at 0x7fe189eab5a0>,6,18,[14  2],7,238,256,231,230
1,<environment.Job instance at 0x7fe1cdc3d780>,25,23,[9 4],26,256,279,230,250
1,<environment.Job instance at 0x7fe1cdc3df00>,23,16,[ 3 10],24,256,272,232,250
1,<environment.Job instance at 0x7fe1cdc3d140>,27,18,[13  5],28,279,297,251,273
1,<environment.Job instance at 0x7fe1d2a7c960>,1,24,[4 5],2,2,26,0,2
1,<environment.Job instance at 0x7fe189fb0fa0>,3,12,[13  3],4,26,38,22,9
1,<environment.Job instance at 0x7fe1d0353e60>,9,27,[13  4],10,38,65,28,36
1,<environment.Job instance at 0x7fe1d02ee5f0>,12,15,[ 4 14],13,65,80,52,51
1,<environment.Job instance at 0x7fe1d02ee460>,14,20,[ 1 12],15,80,100,65,71
1,<environment.Job instance at 0x7fe1cd90ef50>,17,14,[ 4 12],18,100,114,82,85
1,<environment.Job instance at 0x7fe1cd90e3c0>,19,25,[ 1 14],20,114,139,94,110
1,<environment.Job instance at 0x7fe1cd90ec30>,20,14,[11  5],21,139,153,118,124
1,<environment.Job instance at 0x7fe1cff265a0>,22,23,[ 4 13],23,153,176,130,147
1,<environment.Job instance at 0x7fe1cff26af0>,23,19,[11  1],24,153,172,129,147
1,<environment.Job instance at 0x7fe1cff26370>,24,26,[11  4],25,176,202,151,173
1,<environment.Job instance at 0x7fe1cff269b0>,26,21,[2 8],27,176,197,149,173
1,<environment.Job instance at 0x7fe1cff26eb0>,27,13,[ 3 13],28,202,215,174,186
1,<environment.Job instance at 0x7fe1cff26be0>,28,15,[14  4],29,215,230,186,201
1,<environment.Job instance at 0x7fe1cff26d20>,29,18,[ 3 14],30,230,248,200,219
1,<environment.Job instance at 0x7fe1cd9dfb40>,30,28,[5 2],31,248,276,217,247
1,<environment.Job instance at 0x7fe1cd9df3c0>,31,21,[ 4 12],32,248,269,216,247
1,<environment.Job instance at 0x7fe1899f84b0>,33,18,[11  5],34,276,294,242,265
1,<environment.Job instance at 0x7fe1cfd74d70>,35,21,[ 3 10],36,269,290,233,266
1,<environment.Job instance at 0x7fe1cfd744b0>,1,27,[ 5 14],2,2,29,0,2
1,<environment.Job instance at 0x7fe189b84eb0>,4,20,[12  3],5,29,49,24,22
1,<environment.Job instance at 0x7fe1cfe86730>,9,22,[3 9],10,29,51,19,29
1,<environment.Job instance at 0x7fe1cfd74d70>,3,15,[12  2],4,49,64,45,40
1,<environment.Job instance at 0x7fe1d0056280>,11,12,[12  5],12,64,76,52,49
1,<environment.Job instance at 0x7fe189fb0280>,10,13,[13  3],11,76,89,65,60
1,<environment.Job instance at 0x7fe1d0056640>,12,14,[12  5],13,89,103,76,77
1,<environment.Job instance at 0x7fe1cfe863c0>,13,22,[14  5],14,103,125,89,96
1,<environment.Job instance at 0x7fe1cd9b9e10>,17,14,[12  5],18,125,139,107,111
1,<environment.Job instance at 0x7fe1cd811460>,18,14,[12  2],19,139,153,120,125
1,<environment.Job instance at 0x7fe1cd9b9280>,21,14,[ 3 11],22,139,153,117,136
1,<environment.Job instance at 0x7fe1cd9b9be0>,20,12,[9 5],21,153,165,132,138
1,<environment.Job instance at 0x7fe1d0138f50>,23,17,[ 5 11],24,165,182,141,153
1,<environment.Job instance at 0x7fe1d0146140>,24,12,[8 3],25,165,177,140,154
1,<environment.Job instance at 0x7fe1d01461e0>,25,18,[ 2 10],26,182,200,156,171
1,<environment.Job instance at 0x7fe1d0146320>,27,14,[9 5],28,182,196,154,171
1,<environment.Job instance at 0x7fe1d0138fa0>,22,15,[11  2],23,196,211,173,182
1,<environment.Job instance at 0x7fe1d01463c0>,30,15,[13  3],31,211,226,180,198
1,<environment.Job instance at 0x7fe1d01465f0>,31,17,[ 1 14],32,226,243,194,217
1,<environment.Job instance at 0x7fe1d0146780>,34,15,[12  1],35,240,255,205,240
1,<environment.Job instance at 0x7fe1cd9b96e0>,19,23,[ 5 11],20,255,278,235,253
1,<environment.Job instance at 0x7fe1cfe865f0>,0,12,[ 3 11],1,1,13,0,1
1,<environment.Job instance at 0x7fe1cd6cc550>,5,23,[ 1 11],6,13,36,7,9
1,<environment.Job instance at 0x7fe1d00dff00>,7,24,[12  4],8,9,33,1,9
1,<environment.Job instance at 0x7fe1d00dfdc0>,4,16,[14  2],5,33,49,28,20
1,<environment.Job instance at 0x7fe1cd5483c0>,12,18,[ 3 13],13,49,67,36,38
1,<environment.Job instance at 0x7fe1d0048c30>,13,17,[12  4],14,67,84,53,56
1,<environment.Job instance at 0x7fe1cd548140>,16,22,[ 2 13],17,84,106,67,77
1,<environment.Job instance at 0x7fe1cfed00f0>,17,12,[ 3 11],18,106,118,88,99
1,<environment.Job instance at 0x7fe1cd9edaa0>,18,19,[9 2],19,99,118,80,99
1,<environment.Job instance at 0x7fe1cd67f820>,19,14,[ 1 12],20,118,132,98,107
1,<environment.Job instance at 0x7fe1cfd203c0>,20,16,[13  3],21,118,134,97,116
1,<environment.Job instance at 0x7fe1cd67fa00>,21,22,[5 2],22,134,156,112,127
1,<environment.Job instance at 0x7fe18a113d70>,22,23,[11  1],23,156,179,133,150
1,<environment.Job instance at 0x7fe1cd548280>,11,22,[ 4 11],12,156,178,144,156
1,<environment.Job instance at 0x7fe1cfd31f50>,26,13,[11  3],27,179,192,152,166
1,<environment.Job instance at 0x7fe1cd951730>,27,28,[7 5],28,192,220,164,191
1,<environment.Job instance at 0x7fe1d02d2cd0>,29,27,[9 3],30,220,247,190,218
1,<environment.Job instance at 0x7fe1d0048f50>,14,12,[14  4],15,247,259,232,230
1,<environment.Job instance at 0x7fe1d00a0a50>,30,18,[13  1],31,259,277,228,248
1,<environment.Job instance at 0x7fe1cff4c690>,1,20,[10  3],2,2,22,0,2
1,<environment.Job instance at 0x7fe1cd548370>,2,27,[7 2],3,22,49,19,20
1,<environment.Job instance at 0x7fe189e10cd0>,7,22,[13  4],8,49,71,41,42
1,<environment.Job instance at 0x7fe189e10c80>,8,18,[ 5 12],9,71,89,62,60
1,<environment.Job instance at 0x7fe189ded230>,9,25,[12  1],10,89,114,79,85
1,<environment.Job instance at 0x7fe189dedaa0>,10,26,[12  2],11,114,140,103,111
1,<environment.Job instance at 0x7fe189dedc30>,11,25,[4 8],12,140,165,128,136
1,<environment.Job instance at 0x7fe189ded5f0>,13,12,[13  2],14,165,177,151,148
1,<environment.Job instance at 0x7fe189dedb90>,14,22,[6 2],15,177,199,162,170
1,<environment.Job instance at 0x7fe1cd78ec30>,15,26,[2 8],16,170,196,154,170
1,<environment.Job instance at 0x7fe1cd78edc0>,16,23,[4 7],17,196,219,179,190
1,<environment.Job instance at 0x7fe1cd78eb40>,17,12,[10  2],18,199,211,181,192
1,<environment.Job instance at 0x7fe1cd78e4b0>,18,14,[ 2 13],19,219,233,200,204
1,<environment.Job instance at 0x7fe18a0f7e10>,21,23,[8 4],22,233,256,211,227
1,<environment.Job instance at 0x7fe1cd78e230>,22,27,[ 1 13],23,256,283,233,254
1,<environment.Job instance at 0x7fe189cc3820>,4,21,[10  1],5,256,277,251,255
1,<environment.Job instance at 0x7fe1cd78e1e0>,23,18,[11  3],24,283,301,259,272
1,<environment.Job instance at 0x7fe189d794b0>,0,28,[14  2],1,1,29,0,1
1,<environment.Job instance at 0x7fe189dbafa0>,1,22,[5 4],2,29,51,27,22
1,<environment.Job instance at 0x7fe189d79fa0>,3,17,[ 4 10],4,29,46,25,29
1,<environment.Job instance at 0x7fe1cd62d190>,6,24,[5 7],7,46,70,39,41
1,<environment.Job instance at 0x7fe1cd59fb90>,9,26,[7 1],10,51,77,41,48
1,<environment.Job instance at 0x7fe1cd6cc8c0>,10,20,[9 5],11,77,97,66,68
1,<environment.Job instance at 0x7fe1cff4c9b0>,11,21,[9 3],12,97,118,85,89
1,<environment.Job instance at 0x7fe189fbd320>,7,22,[ 2 12],8,97,119,89,96
1,<environment.Job instance at 0x7fe1cdadc780>,15,21,[11  2],16,118,139,102,110
1,<environment.Job instance at 0x7fe1cfe9c9b0>,13,27,[2 5],14,119,146,105,119
1,<environment.Job instance at 0x7fe1cdadc0a0>,17,25,[ 2 11],18,146,171,128,142
1,<environment.Job instance at 0x7fe189e10730>,5,22,[13  1],6,149,171,143,149
1,<environment.Job instance at 0x7fe189ee1050>,4,22,[14  1],5,171,193,166,165
1,<environment.Job instance at 0x7fe189d1ebe0>,16,26,[ 1 12],17,173,199,156,173
1,<environment.Job instance at 0x7fe1cfe9c230>,12,13,[14  3],13,193,206,180,181
1,<environment.Job instance at 0x7fe1cd55bb40>,25,22,[4 9],26,206,228,180,199
1,<environment.Job instance at 0x7fe1cfe32c30>,23,23,[10  3],24,206,229,182,202
1,<environment.Job instance at 0x7fe1cd55bbe0>,26,25,[5 8],27,228,253,201,224
1,<environment.Job instance at 0x7fe1cd55bc80>,27,15,[6 1],28,230,245,202,230
1,<environment.Job instance at 0x7fe1cfe32a50>,22,16,[14  5],23,253,269,230,240
1,<environment.Job instance at 0x7fe1cd55b9b0>,33,17,[10  4],34,269,286,235,258
1,<environment.Job instance at 0x7fe1cd55bcd0>,34,21,[5 6],35,269,290,234,261
1,<environment.Job instance at 0x7fe1cdc39d70>,0,24,[1 9],1,1,25,0,1
1,<environment.Job instance at 0x7fe1cdc39230>,1,19,[13  2],2,5,24,3,5
1,<environment.Job instance at 0x7fe189f174b0>,5,27,[6 2],6,24,51,18,22
1,<environment.Job instance at 0x7fe189f170f0>,7,12,[12  2],8,51,63,43,34
1,<environment.Job instance at 0x7fe189f17690>,9,26,[4 6],10,63,89,53,60
1,<environment.Job instance at 0x7fe189f17410>,10,24,[5 3],11,63,87,52,60
1,<environment.Job instance at 0x7fe189f176e0>,11,13,[13  3],12,89,102,77,73
1,<environment.Job instance at 0x7fe189f17fa0>,12,13,[11  1],13,102,115,89,86
1,<environment.Job instance at 0x7fe189f17550>,13,23,[12  2],14,115,138,101,109
1,<environment.Job instance at 0x7fe189f17500>,14,12,[12  1],15,138,150,123,121
1,<environment.Job instance at 0x7fe189f17a50>,15,17,[12  5],16,150,167,134,141
1,<environment.Job instance at 0x7fe1cd574f00>,18,25,[6 4],19,167,192,148,163
1,<environment.Job instance at 0x7fe189f17910>,6,20,[ 5 11],7,167,187,160,167
1,<environment.Job instance at 0x7fe189f175f0>,3,12,[ 4 12],4,192,204,188,185
1,<environment.Job instance at 0x7fe1cd574410>,22,20,[ 3 12],23,204,224,181,202
1,<environment.Job instance at 0x7fe1cd574320>,23,28,[1 8],24,224,252,200,223
1,<environment.Job instance at 0x7fe1cd574c30>,24,23,[13  1],25,244,267,219,244
1,<environment.Job instance at 0x7fe1cd574910>,19,25,[14  3],20,267,292,247,263
1,<environment.Job instance at 0x7fe1cff4c640>,0,14,[ 1 13],1,1,15,0,1
1,<environment.Job instance at 0x7fe1897e5230>,1,13,[ 5 14],2,15,28,13,2
1,<environment.Job instance at 0x7fe1cfdfba00>,2,26,[11  1],3,28,54,25,25
1,<environment.Job instance at 0x7fe1cd6d2c80>,4,18,[3 8],5,30,48,25,30
1,<environment.Job instance at 0x7fe18a148b40>,9,17,[6 2],10,54,71,44,46
1,<environment.Job instance at 0x7fe18a1483c0>,10,15,[2 6],11,48,63,37,47
1,<environment.Job instance at 0x7fe18a148c80>,11,12,[6 3],12,54,66,42,47
1,<environment.Job instance at 0x7fe18a1485f0>,8,25,[8 3],9,66,91,57,62
1,<environment.Job instance at 0x7fe18a148b90>,15,12,[ 4 12],16,71,83,55,65
1,<environment.Job instance at 0x7fe18a148dc0>,13,24,[8 5],14,91,115,77,86
1,<environment.Job instance at 0x7fe1cd59c190>,16,26,[13  2],17,115,141,98,112
1,<environment.Job instance at 0x7fe1cd59cd20>,17,17,[9 2],18,141,158,123,130
1,<environment.Job instance at 0x7fe1cd59cd70>,19,18,[1 6],20,130,148,110,130
1,<environment.Job instance at 0x7fe1cd59c550>,20,17,[13  3],21,158,175,137,149
1,<environment.Job instance at 0x7fe18a148780>,7,22,[ 2 11],8,151,173,143,151
1,<environment.Job instance at 0x7fe1cd59c460>,18,20,[14  5],19,175,195,156,166
1,<environment.Job instance at 0x7fe1cd59c280>,21,20,[ 4 11],22,195,215,173,186
1,<environment.Job instance at 0x7fe1cda5ad20>,25,25,[11  3],26,195,220,169,192
1,<environment.Job instance at 0x7fe1cda5a2d0>,26,27,[13  5],27,220,247,193,218
1,<environment.Job instance at 0x7fe1cda5a5f0>,27,22,[10  4],28,247,269,219,240
1,<environment.Job instance at 0x7fe1cda5a870>,28,14,[ 4 13],29,269,283,240,254
1,<environment.Job instance at 0x7fe18a148370>,12,14,[11  1],13,269,283,256,267
1,<environment.Job instance at 0x7fe1cda5a5a0>,29,18,[ 3 14],30,283,301,253,273
1,<environment.Job instance at 0x7fe1d043a500>,0,27,[ 4 12],1,1,28,0,1
1,<environment.Job instance at 0x7fe1cda5a5a0>,1,16,[11  1],2,15,31,13,15
1,<environment.Job instance at 0x7fe1cd8117d0>,6,22,[ 2 12],7,28,50,21,21
1,<environment.Job instance at 0x7fe1cda5aa50>,3,25,[13  1],4,31,56,27,27
1,<environment.Job instance at 0x7fe1cfe9cd70>,8,20,[12  3],9,56,76,47,47
1,<environment.Job instance at 0x7fe1cff4c230>,10,17,[12  2],11,76,93,65,64
1,<environment.Job instance at 0x7fe189c7d460>,13,26,[ 3 14],14,93,119,79,90
1,<environment.Job instance at 0x7fe1cd5481e0>,14,17,[ 3 11],15,119,136,104,107
1,<environment.Job instance at 0x7fe1cd635af0>,15,26,[ 1 11],16,136,162,120,133
1,<environment.Job instance at 0x7fe1cd6f63c0>,9,17,[14  4],10,136,153,126,135
1,<environment.Job instance at 0x7fe18989ceb0>,17,18,[11  2],18,153,171,135,144
1,<environment.Job instance at 0x7fe1cd921f50>,21,28,[13  4],22,171,199,149,170
1,<environment.Job instance at 0x7fe1cd9219b0>,22,15,[ 4 13],23,199,214,176,189
1,<environment.Job instance at 0x7fe1cfcf4be0>,23,28,[11  2],24,199,227,175,198
1,<environment.Job instance at 0x7fe1cfcf4eb0>,24,12,[ 3 12],25,214,226,189,202
1,<environment.Job instance at 0x7fe1cfcf4780>,25,24,[7 1],26,227,251,201,222
1,<environment.Job instance at 0x7fe1cdc50aa0>,11,17,[ 2 13],12,226,243,214,222
1,<environment.Job instance at 0x7fe189a698c0>,18,21,[ 5 12],19,243,264,224,235
1,<environment.Job instance at 0x7fe1cfcf4370>,27,24,[6 2],28,251,275,223,248
1,<environment.Job instance at 0x7fe1cfce46e0>,29,23,[2 8],30,268,291,238,268
1,<environment.Job instance at 0x7fe1cdb60d20>,0,28,[ 4 10],1,1,29,0,1
1,<environment.Job instance at 0x7fe1cdb60190>,1,25,[5 3],2,6,31,4,6
1,<environment.Job instance at 0x7fe1cd6e09b0>,6,27,[7 5],7,29,56,22,27
1,<environment.Job instance at 0x7fe189896fa0>,7,24,[ 3 11],8,56,80,48,51
1,<environment.Job instance at 0x7fe1897bb500>,8,25,[13  4],9,80,105,71,76
1,<environment.Job instance at 0x7fe1cd5bf370>,9,24,[5 8],10,105,129,95,100
1,<environment.Job instance at 0x7fe1cfee6280>,11,24,[ 4 11],12,129,153,117,124
1,<environment.Job instance at 0x7fe1d0061b90>,13,28,[8 4],14,124,152,110,124
1,<environment.Job instance at 0x7fe1d0061d20>,14,17,[14  4],15,153,170,138,141
1,<environment.Job instance at 0x7fe18a163cd0>,3,20,[14  1],4,170,190,166,161
1,<environment.Job instance at 0x7fe1cda593c0>,18,24,[13  3],19,190,214,171,185
1,<environment.Job instance at 0x7fe1cd6e9dc0>,20,26,[5 9],21,214,240,193,211
1,<environment.Job instance at 0x7fe1cd6e90a0>,21,22,[ 3 12],22,240,262,218,233
1,<environment.Job instance at 0x7fe18a087230>,22,13,[14  4],23,262,275,239,247
1,<environment.Job instance at 0x7fe18a087e10>,23,24,[ 2 14],24,275,299,251,270
1,<environment.Job instance at 0x7fe1d02014b0>,0,18,[ 3 12],1,1,19,0,1
1,<environment.Job instance at 0x7fe189e29c80>,1,18,[11  4],2,19,37,17,9
1,<environment.Job instance at 0x7fe1cd9edc30>,6,23,[ 5 10],7,37,60,30,31
1,<environment.Job instance at 0x7fe1cd9ed320>,7,27,[ 4 13],8,60,87,52,58
1,<environment.Job instance at 0x7fe1cd9ed370>,8,15,[11  5],9,87,102,78,73
1,<environment.Job instance at 0x7fe1cd9ed1e0>,9,23,[13  4],10,102,125,92,96
1,<environment.Job instance at 0x7fe1cd9ed3c0>,10,19,[ 5 12],11,125,144,114,115
1,<environment.Job instance at 0x7fe1cd9eda50>,13,27,[10  2],14,125,152,111,123
1,<environment.Job instance at 0x7fe1cd9ed730>,14,26,[ 3 13],15,144,170,129,141
1,<environment.Job instance at 0x7fe1898c18c0>,15,28,[11  5],16,170,198,154,169
1,<environment.Job instance at 0x7fe1898c1eb0>,16,24,[8 5],17,198,222,181,193
1,<environment.Job instance at 0x7fe1898c1be0>,17,15,[12  5],18,222,237,204,208
1,<environment.Job instance at 0x7fe1898c1960>,18,21,[ 1 14],19,237,258,218,229
1,<environment.Job instance at 0x7fe1898c1af0>,19,14,[12  4],20,258,272,238,243
1,<environment.Job instance at 0x7fe1898c1460>,20,25,[8 3],21,272,297,251,268
1,<environment.Job instance at 0x7fe189a4ae10>,0,23,[ 2 11],1,1,24,0,1
1,<environment.Job instance at 0x7fe189790fa0>,6,13,[11  2],7,7,20,0,7
1,<environment.Job instance at 0x7fe1898ccf50>,2,13,[ 1 12],3,24,37,21,9
1,<environment.Job instance at 0x7fe1898bed70>,3,23,[8 2],4,20,43,16,19
1,<environment.Job instance at 0x7fe1cd59ce60>,8,20,[5 6],9,37,57,28,29
1,<environment.Job instance at 0x7fe1cda18dc0>,13,16,[ 4 10],14,57,73,43,47
1,<environment.Job instance at 0x7fe189a4a320>,4,23,[ 2 14],5,73,96,68,68
1,<environment.Job instance at 0x7fe1898c13c0>,9,18,[14  5],10,96,114,86,85
1,<environment.Job instance at 0x7fe1cd6c2870>,18,12,[ 3 14],19,114,126,95,97
1,<environment.Job instance at 0x7fe1cd6c25f0>,20,20,[2 8],21,126,146,105,117
1,<environment.Job instance at 0x7fe1cd6c23c0>,21,23,[ 5 12],22,146,169,124,140
1,<environment.Job instance at 0x7fe1cd6c2dc0>,22,15,[14  1],23,169,184,146,156
1,<environment.Job instance at 0x7fe1cda18230>,15,12,[1 7],16,169,181,153,158
1,<environment.Job instance at 0x7fe1cd6c2aa0>,24,25,[5 5],25,184,209,159,180
1,<environment.Job instance at 0x7fe1cd6a30f0>,27,21,[14  5],28,209,230,181,201
1,<environment.Job instance at 0x7fe1cd6a3050>,28,13,[11  2],29,230,243,201,219
1,<environment.Job instance at 0x7fe1cd6c2af0>,25,14,[ 5 14],26,243,257,217,228
1,<environment.Job instance at 0x7fe1cd6a3c30>,29,15,[ 3 14],30,257,272,227,243
1,<environment.Job instance at 0x7fe1cd6a3be0>,31,14,[ 5 14],32,272,286,240,257
1,<environment.Job instance at 0x7fe1cd59c0f0>,0,23,[ 1 11],1,1,24,0,1
1,<environment.Job instance at 0x7fe189e09e60>,4,21,[ 4 12],5,24,45,19,23
1,<environment.Job instance at 0x7fe1cd6c22d0>,2,15,[ 3 11],3,45,60,42,31
1,<environment.Job instance at 0x7fe189e090f0>,11,14,[ 1 11],12,60,74,48,45
1,<environment.Job instance at 0x7fe189e09af0>,8,15,[7 2],9,46,61,37,46
1,<environment.Job instance at 0x7fe189e09960>,9,17,[14  3],10,61,78,51,55
1,<environment.Job instance at 0x7fe1cd565f00>,12,16,[14  1],13,78,94,65,66
1,<environment.Job instance at 0x7fe1cfe808c0>,16,15,[ 3 12],17,94,109,77,82
1,<environment.Job instance at 0x7fe1cfe80e10>,17,25,[6 1],18,94,119,76,90
1,<environment.Job instance at 0x7fe1d0138e60>,13,14,[ 3 10],14,109,123,95,95
1,<environment.Job instance at 0x7fe189956320>,18,18,[12  4],19,119,137,100,109
1,<environment.Job instance at 0x7fe1897f5550>,21,21,[11  5],22,137,158,115,129
1,<environment.Job instance at 0x7fe1d0458a00>,22,27,[6 3],23,158,185,135,156
1,<environment.Job instance at 0x7fe1cdb5d4b0>,24,19,[ 2 14],25,185,204,160,175
1,<environment.Job instance at 0x7fe189f78410>,27,12,[11  3],28,204,216,176,187
1,<environment.Job instance at 0x7fe189f782d0>,28,18,[ 2 11],29,204,222,175,193
1,<environment.Job instance at 0x7fe189f78a50>,30,24,[9 1],31,216,240,185,211
1,<environment.Job instance at 0x7fe189f78500>,33,20,[12  2],34,240,260,206,231
1,<environment.Job instance at 0x7fe189f78820>,34,25,[9 2],35,260,285,225,256
1,<environment.Job instance at 0x7fe189f78690>,35,23,[ 2 13],36,259,282,223,259
1,<environment.Job instance at 0x7fe1cdba7f00>,0,25,[12  3],1,1,26,0,1
1,<environment.Job instance at 0x7fe1cdbf7af0>,6,28,[14  3],7,26,54,19,25
1,<environment.Job instance at 0x7fe1cdbf7f00>,8,24,[12  2],9,54,78,45,49
1,<environment.Job instance at 0x7fe1cdbf7c80>,9,22,[7 3],10,78,100,68,71
1,<environment.Job instance at 0x7fe189a47f00>,4,28,[3 7],5,74,102,69,74
1,<environment.Job instance at 0x7fe189c3a730>,14,18,[ 5 14],15,102,120,87,91
1,<environment.Job instance at 0x7fe189c3a190>,15,16,[11  1],16,120,136,104,107
1,<environment.Job instance at 0x7fe189c3a410>,16,12,[ 3 13],17,120,132,103,117
1,<environment.Job instance at 0x7fe189c3ab40>,17,23,[6 5],18,136,159,118,130
1,<environment.Job instance at 0x7fe189c3a6e0>,18,23,[6 4],19,136,159,117,131
1,<environment.Job instance at 0x7fe189c3a910>,20,18,[13  2],21,159,177,138,148
1,<environment.Job instance at 0x7fe189c3adc0>,22,28,[3 9],23,177,205,154,176
1,<environment.Job instance at 0x7fe189c3a500>,23,19,[14  5],24,205,224,181,195
1,<environment.Job instance at 0x7fe1cd7213c0>,24,14,[ 4 12],25,224,238,199,209
1,<environment.Job instance at 0x7fe1cd721e10>,25,14,[12  3],26,238,252,212,224
1,<environment.Job instance at 0x7fe1cd721b40>,27,20,[10  4],28,252,272,224,243
1,<environment.Job instance at 0x7fe1cdbf78c0>,10,13,[13  3],11,272,285,261,256
1,<environment.Job instance at 0x7fe1cd721500>,30,13,[ 5 11],31,256,269,225,256
1,<environment.Job instance at 0x7fe189a47fa0>,0,21,[11  1],1,1,22,0,1
1,<environment.Job instance at 0x7fe1cdba7b40>,1,14,[ 3 12],2,6,20,4,6
1,<environment.Job instance at 0x7fe1cd600780>,6,21,[11  3],7,22,43,15,14
1,<environment.Job instance at 0x7fe1cd600280>,7,25,[8 1],8,43,68,35,39
1,<environment.Job instance at 0x7fe189a47e60>,3,24,[7 5],4,43,67,39,39
1,<environment.Job instance at 0x7fe1cd5ed410>,10,24,[9 5],11,68,92,57,63
1,<environment.Job instance at 0x7fe1cd5ed6e0>,13,27,[ 3 13],14,92,119,78,90
1,<environment.Job instance at 0x7fe1cd5ede10>,14,27,[ 3 14],15,119,146,104,117
1,<environment.Job instance at 0x7fe1cd5d7190>,18,25,[13  5],19,146,171,127,142
1,<environment.Job instance at 0x7fe1cd5d7be0>,19,25,[6 4],20,171,196,151,167
1,<environment.Job instance at 0x7fe1cdba7910>,2,21,[5 1],3,171,192,168,167
1,<environment.Job instance at 0x7fe1cd5d7910>,21,14,[14  1],22,196,210,174,183
1,<environment.Job instance at 0x7fe1cd5d7eb0>,20,25,[8 1],21,210,235,189,206
1,<environment.Job instance at 0x7fe1cd5d7b40>,23,25,[ 4 12],24,210,235,186,206
1,<environment.Job instance at 0x7fe1cd5d7e10>,26,27,[10  1],27,235,262,208,233
1,<environment.Job instance at 0x7fe1cd5d7a00>,25,12,[2 8],26,235,247,209,233
1,<environment.Job instance at 0x7fe1cd5d7820>,27,23,[10  1],28,262,285,234,256
1,<environment.Job instance at 0x7fe0352a6af0>,1,22,[11  3],2,2,24,0,2
1,<environment.Job instance at 0x7fe0352540f0>,2,22,[4 8],3,3,25,0,3
1,<environment.Job instance at 0x7fe0340f5230>,3,26,[11  4],4,24,50,20,21
1,<environment.Job instance at 0x7fe0340f56e0>,8,22,[14  3],9,50,72,41,43
1,<environment.Job instance at 0x7fe0352a6dc0>,4,21,[1 6],5,43,64,38,43
1,<environment.Job instance at 0x7fe0340f5820>,10,18,[ 3 11],11,72,90,61,61
1,<environment.Job instance at 0x7fe0340f5a00>,13,18,[ 4 14],14,90,108,76,79
1,<environment.Job instance at 0x7fe0340f5b40>,15,18,[ 2 14],16,108,126,92,97
1,<environment.Job instance at 0x7fe0340f5be0>,16,16,[ 3 11],17,126,142,109,113
1,<environment.Job instance at 0x7fe0340f5c80>,17,28,[ 5 10],18,142,170,124,141
1,<environment.Job instance at 0x7fe0340f5d20>,18,25,[ 4 13],19,170,195,151,166
1,<environment.Job instance at 0x7fe0340f5dc0>,19,14,[ 3 11],20,195,209,175,180
1,<environment.Job instance at 0x7fe0340f5e60>,20,27,[13  5],21,209,236,188,207
1,<environment.Job instance at 0x7fe0340f51e0>,5,24,[1 5],6,209,233,203,208
1,<environment.Job instance at 0x7fe0340f5f50>,21,26,[ 5 12],22,236,262,214,233
1,<environment.Job instance at 0x7fe0340f5fa0>,24,13,[ 3 14],25,262,275,237,246
1,<environment.Job instance at 0x7fe0340f8280>,25,23,[ 3 13],26,275,298,249,269
1,<environment.Job instance at 0x7fe0353c2230>,0,16,[12  5],1,7,23,6,7
1,<environment.Job instance at 0x7fe0353c2dc0>,5,16,[13  4],6,23,39,17,10
1,<environment.Job instance at 0x7fe0353c2d20>,6,18,[ 1 12],7,39,57,32,28
1,<environment.Job instance at 0x7fe0340f8280>,8,15,[ 2 14],9,57,72,48,43
1,<environment.Job instance at 0x7fe0353c0a50>,12,20,[13  3],13,72,92,59,63
1,<environment.Job instance at 0x7fe0353c0eb0>,13,21,[ 4 12],14,92,113,78,84
1,<environment.Job instance at 0x7fe0353c0780>,14,20,[5 2],15,92,112,77,84
1,<environment.Job instance at 0x7fe0353c0550>,15,27,[5 9],16,113,140,97,111
1,<environment.Job instance at 0x7fe0353c0aa0>,16,27,[2 9],17,140,167,123,138
1,<environment.Job instance at 0x7fe0353c0730>,17,21,[11  4],18,140,161,122,138
1,<environment.Job instance at 0x7fe0353c0f50>,18,12,[14  5],19,167,179,148,150
1,<environment.Job instance at 0x7fe0353c02d0>,19,16,[12  3],20,179,195,159,166
1,<environment.Job instance at 0x7fe0353c2eb0>,4,17,[ 3 12],5,179,196,174,167
1,<environment.Job instance at 0x7fe03527fe60>,20,17,[12  2],21,195,212,174,183
1,<environment.Job instance at 0x7fe03527f730>,23,21,[12  2],24,212,233,188,204
1,<environment.Job instance at 0x7fe03527f230>,24,21,[ 5 11],25,233,254,208,225
1,<environment.Job instance at 0x7fe03527c7d0>,26,27,[12  4],27,254,281,227,252
1,<environment.Job instance at 0x7fe03527c320>,1,22,[ 3 13],2,2,24,0,2
1,<environment.Job instance at 0x7fdfea2cd410>,2,20,[8 1],3,3,23,0,3
1,<environment.Job instance at 0x7fdfea1e1190>,3,19,[13  4],4,24,43,20,14
1,<environment.Job instance at 0x7fdfea17f1e0>,10,12,[14  1],11,43,55,32,26
1,<environment.Job instance at 0x7fdfea17f4b0>,11,28,[ 1 13],12,43,71,31,42
1,<environment.Job instance at 0x7fdfea17f050>,13,22,[12  5],14,71,93,57,64
1,<environment.Job instance at 0x7fdfea17f3c0>,15,12,[11  5],16,93,105,77,76
1,<environment.Job instance at 0x7fdfea17fc30>,17,22,[11  2],18,105,127,87,98
1,<environment.Job instance at 0x7fe03527ca50>,4,16,[ 2 12],5,105,121,100,99
1,<environment.Job instance at 0x7fdfea17fa50>,19,17,[13  5],20,127,144,107,115
1,<environment.Job instance at 0x7fdfea17fb40>,21,21,[4 8],22,144,165,122,136
1,<environment.Job instance at 0x7fdfea17feb0>,22,15,[ 4 12],23,165,180,142,151
1,<environment.Job instance at 0x7fdfea17f0a0>,23,21,[ 3 14],24,180,201,156,172
1,<environment.Job instance at 0x7fdfea17f9b0>,26,28,[6 1],27,172,200,145,172
1,<environment.Job instance at 0x7fdfea17fb90>,29,27,[ 4 12],30,201,228,171,199
1,<environment.Job instance at 0x7fdfea17f640>,30,25,[12  4],31,228,253,197,224
1,<environment.Job instance at 0x7fdfea112640>,31,20,[ 3 14],32,253,273,221,244
1,<environment.Job instance at 0x7fdfea112be0>,32,13,[ 3 14],33,273,286,240,257
1,<environment.Job instance at 0x7fdfea112eb0>,33,13,[11  5],34,286,299,252,270
1,<environment.Job instance at 0x7fdfea248500>,0,23,[ 2 11],1,1,24,0,1
1,<environment.Job instance at 0x7fdfea23dd70>,1,27,[1 8],2,24,51,22,22
1,<environment.Job instance at 0x7fdfea7003c0>,3,22,[10  2],4,22,44,18,22
1,<environment.Job instance at 0x7fdfea55a690>,8,25,[14  2],9,44,69,35,40
1,<environment.Job instance at 0x7fdfea5505a0>,9,22,[3 8],10,69,91,59,62
1,<environment.Job instance at 0x7fdfea190690>,12,26,[13  5],13,91,117,78,88
1,<environment.Job instance at 0x7fdfea1904b0>,13,24,[ 2 10],14,104,128,90,104
1,<environment.Job instance at 0x7fdfea0fe9b0>,17,27,[7 2],18,117,144,99,115
1,<environment.Job instance at 0x7fdfea7000a0>,7,18,[5 9],8,128,146,120,121
1,<environment.Job instance at 0x7fdfea248140>,2,19,[ 5 14],3,146,165,143,138
1,<environment.Job instance at 0x7fdfea0feeb0>,21,16,[7 3],22,165,181,143,152
1,<environment.Job instance at 0x7fdfea0fe690>,19,17,[11  1],20,181,198,161,170
1,<environment.Job instance at 0x7fdfea0fe230>,23,15,[ 3 10],24,170,185,146,170
1,<environment.Job instance at 0x7fdfea0feb90>,25,17,[12  4],26,198,215,172,186
1,<environment.Job instance at 0x7fdfea0fe500>,26,12,[13  4],27,215,227,188,202
1,<environment.Job instance at 0x7fdfea0fe1e0>,27,12,[14  3],28,227,239,199,213
1,<environment.Job instance at 0x7fdfea0fe0a0>,28,15,[ 1 12],29,227,242,198,217
1,<environment.Job instance at 0x7fdfea0fe5a0>,29,21,[ 5 14],30,242,263,212,234
1,<environment.Job instance at 0x7fdfea0febe0>,30,16,[11  2],31,263,279,232,256
1,<environment.Job instance at 0x7fdfea7006e0>,4,19,[6 1],5,5,24,0,5
1,<environment.Job instance at 0x7fdfea0fe0f0>,5,24,[7 5],6,6,30,0,6
1,<environment.Job instance at 0x7fdfea0e4870>,3,25,[4 6],4,25,50,21,25
1,<environment.Job instance at 0x7fdfea0f25a0>,7,21,[14  1],8,50,71,42,48
1,<environment.Job instance at 0x7fe0344bbf00>,8,17,[ 1 13],9,61,78,52,61
1,<environment.Job instance at 0x7fdfea0a5460>,0,18,[11  4],1,78,96,77,67
1,<environment.Job instance at 0x7fe0347b04b0>,15,12,[ 1 14],16,96,108,80,79
1,<environment.Job instance at 0x7fe0347b06e0>,16,14,[13  4],17,108,122,91,93
1,<environment.Job instance at 0x7fe034781910>,19,18,[ 3 12],20,122,140,102,111
1,<environment.Job instance at 0x7fe0347814b0>,20,27,[ 3 14],21,140,167,119,138
1,<environment.Job instance at 0x7fe034781a50>,21,20,[5 6],22,167,187,145,158
1,<environment.Job instance at 0x7fe0347812d0>,22,27,[ 5 13],23,187,214,164,185
1,<environment.Job instance at 0x7fe034781140>,18,13,[13  3],19,214,227,195,210
1,<environment.Job instance at 0x7fdfea534cd0>,24,27,[ 2 14],25,227,254,202,225
1,<environment.Job instance at 0x7fdfea534e60>,26,18,[ 4 13],27,254,272,227,249
1,<environment.Job instance at 0x7fdfea534c30>,23,25,[13  4],24,272,297,248,268
1,<environment.Job instance at 0x7fdfea0f2690>,1,21,[13  2],2,5,26,3,5
1,<environment.Job instance at 0x7fdfea23d320>,5,22,[7 1],6,26,48,20,19
1,<environment.Job instance at 0x7fdfea2807d0>,10,18,[ 5 14],11,26,44,15,19
1,<environment.Job instance at 0x7fdfea280410>,11,17,[ 3 13],12,44,61,32,32
1,<environment.Job instance at 0x7fdfea2801e0>,12,23,[13  3],13,61,84,48,55
1,<environment.Job instance at 0x7fdfea0eae60>,13,18,[ 2 12],14,61,79,47,55
1,<environment.Job instance at 0x7fdfea0ea3c0>,14,28,[11  1],15,84,112,69,83
1,<environment.Job instance at 0x7fdfea0eae10>,15,21,[6 5],16,112,133,96,104
1,<environment.Job instance at 0x7fdfea0ea870>,17,20,[ 5 14],18,133,153,115,124
1,<environment.Job instance at 0x7fdfea0ea2d0>,18,27,[ 2 14],19,153,180,134,151
1,<environment.Job instance at 0x7fdfea247820>,3,14,[14  2],4,180,194,176,168
1,<environment.Job instance at 0x7fdfea0eadc0>,16,12,[13  5],17,194,206,177,178
1,<environment.Job instance at 0x7fdfea0ea780>,22,13,[14  4],23,206,219,183,192
1,<environment.Job instance at 0x7fdfea0eac80>,21,15,[13  5],22,219,234,197,205
1,<environment.Job instance at 0x7fdfea0ea050>,23,16,[14  2],24,234,250,210,225
1,<environment.Job instance at 0x7fdfea0eaf50>,24,25,[14  4],25,250,275,225,250
1,<environment.Job instance at 0x7fdfea0ea4b0>,27,19,[2 8],28,275,294,247,265
1,<environment.Job instance at 0x7fdfea18d780>,0,28,[7 5],1,1,29,0,1
1,<environment.Job instance at 0x7fdfea18d9b0>,3,24,[8 5],4,6,30,2,6
1,<environment.Job instance at 0x7fe034599b90>,1,22,[12  4],2,30,52,28,23
1,<environment.Job instance at 0x7fe034c8bd70>,9,23,[12  5],10,52,75,42,46
1,<environment.Job instance at 0x7fe034c8bbe0>,10,13,[11  2],11,75,88,64,63
1,<environment.Job instance at 0x7fe0342ad870>,6,23,[ 2 12],7,75,98,68,73
1,<environment.Job instance at 0x7fe0341e21e0>,13,17,[ 4 13],14,98,115,84,86
1,<environment.Job instance at 0x7fe0341e2230>,15,13,[12  5],16,115,128,99,100
1,<environment.Job instance at 0x7fe0341e2730>,17,12,[5 1],18,128,140,110,119
1,<environment.Job instance at 0x7fe0341e2dc0>,16,14,[ 2 12],17,128,142,111,119
1,<environment.Job instance at 0x7fdfea2bf910>,20,21,[ 3 11],21,142,163,121,134
1,<environment.Job instance at 0x7fe0341e2320>,18,21,[7 1],19,137,158,118,137
1,<environment.Job instance at 0x7fdfea2bf410>,21,14,[14  1],22,163,177,141,152
1,<environment.Job instance at 0x7fdfea738c80>,25,20,[ 2 11],26,177,197,151,168
1,<environment.Job instance at 0x7fe034adf230>,26,28,[3 9],27,197,225,170,196
1,<environment.Job instance at 0x7fdfea290910>,23,15,[8 1],24,196,211,172,196
1,<environment.Job instance at 0x7fe03472c6e0>,5,23,[11  5],6,211,234,205,205
1,<environment.Job instance at 0x7fdfea290190>,27,15,[ 4 13],28,234,249,206,220
1,<environment.Job instance at 0x7fe034616d20>,31,14,[ 3 14],32,249,263,217,234
1,<environment.Job instance at 0x7fe0340acc80>,32,20,[ 4 11],33,263,283,230,254
1,<environment.Job instance at 0x7fe033f42a00>,1,24,[5 4],2,2,26,0,2
1,<environment.Job instance at 0x7fe0342859b0>,2,20,[ 1 13],3,26,46,23,17
1,<environment.Job instance at 0x7fe034b7b6e0>,10,27,[5 2],11,17,44,6,17
1,<environment.Job instance at 0x7fe034335e10>,11,12,[ 3 13],12,46,58,34,29
1,<environment.Job instance at 0x7fe0342432d0>,12,17,[14  5],13,58,75,45,54
1,<environment.Job instance at 0x7fdfea0cf500>,16,12,[10  1],17,75,87,58,66
1,<environment.Job instance at 0x7fe0348ad8c0>,14,15,[ 1 12],15,75,90,60,66
1,<environment.Job instance at 0x7fe034b7b910>,13,15,[14  2],14,87,102,73,73
1,<environment.Job instance at 0x7fe0342e3b40>,4,27,[ 3 14],5,102,129,97,100
1,<environment.Job instance at 0x7fe034b98820>,21,22,[14  3],22,129,151,107,122
1,<environment.Job instance at 0x7fdfea44f5a0>,24,21,[5 8],25,151,172,126,143
1,<environment.Job instance at 0x7fdfea44f690>,25,21,[11  3],26,172,193,146,164
1,<environment.Job instance at 0x7fdfea44f730>,26,24,[1 8],27,172,196,145,172
1,<environment.Job instance at 0x7fe034b989b0>,18,12,[ 1 12],19,196,208,177,179
1,<environment.Job instance at 0x7fdfea44fa00>,30,18,[ 3 11],31,208,226,177,197
1,<environment.Job instance at 0x7fe034335140>,9,28,[12  3],10,205,233,195,205
1,<environment.Job instance at 0x7fdfea44fb40>,31,15,[ 3 12],32,226,241,194,212
1,<environment.Job instance at 0x7fdfea44fe10>,34,24,[5 7],35,241,265,206,236
1,<environment.Job instance at 0x7fdfea44f640>,23,13,[9 2],24,241,254,217,241
1,<environment.Job instance at 0x7fdfea44feb0>,35,13,[14  2],36,265,278,229,249
1,<environment.Job instance at 0x7fdfea44fcd0>,38,23,[1 6],39,263,286,224,263
1,<environment.Job instance at 0x7fe0343356e0>,1,23,[3 9],2,2,25,0,2
1,<environment.Job instance at 0x7fdfea18dbe0>,3,21,[1 8],4,25,46,21,17
1,<environment.Job instance at 0x7fe033eb5fa0>,11,17,[ 2 14],12,46,63,34,34
1,<environment.Job instance at 0x7fe033eb5780>,12,22,[11  4],13,63,85,50,56
1,<environment.Job instance at 0x7fe033eb59b0>,13,28,[11  2],14,85,113,71,84
1,<environment.Job instance at 0x7fe033eb5aa0>,14,28,[ 4 10],15,84,112,69,84
1,<environment.Job instance at 0x7fe033f52690>,15,24,[6 2],16,113,137,97,108
1,<environment.Job instance at 0x7fe033eb5280>,17,26,[12  4],18,137,163,119,134
1,<environment.Job instance at 0x7fe03420c820>,18,13,[12  3],19,163,176,144,147
1,<environment.Job instance at 0x7fe033eb5820>,16,12,[2 6],17,149,161,132,149
1,<environment.Job instance at 0x7fdfea09a500>,19,16,[ 5 11],20,176,192,156,167
1,<environment.Job instance at 0x7fe033e6bcd0>,21,20,[ 1 11],22,192,212,170,183
1,<environment.Job instance at 0x7fe033eb52d0>,23,20,[7 1],24,183,203,159,183
1,<environment.Job instance at 0x7fdfea626b40>,24,19,[ 4 11],25,212,231,187,202
1,<environment.Job instance at 0x7fdfea0f2320>,5,15,[ 2 14],6,231,246,225,219
1,<environment.Job instance at 0x7fdfea1eec80>,28,24,[ 3 14],29,246,270,217,241
1,<environment.Job instance at 0x7fdfea1ee690>,29,24,[3 7],30,270,294,240,265
1,<environment.Job instance at 0x7fdfea1ee410>,30,12,[1 8],31,270,282,239,265
1,<environment.Job instance at 0x7fdfea1ee140>,1,27,[2 5],2,2,29,0,2
1,<environment.Job instance at 0x7fe034335be0>,4,23,[7 1],5,6,29,1,6
1,<environment.Job instance at 0x7fe0348ade60>,6,26,[ 1 13],7,29,55,22,26
1,<environment.Job instance at 0x7fe0343353c0>,2,25,[ 2 12],3,55,80,52,51
1,<environment.Job instance at 0x7fe0348adfa0>,9,27,[ 1 14],10,80,107,70,78
1,<environment.Job instance at 0x7fe034050550>,11,19,[4 6],12,107,126,95,97
1,<environment.Job instance at 0x7fe034050190>,12,28,[ 5 13],13,126,154,113,125
1,<environment.Job instance at 0x7fe034586eb0>,14,27,[6 4],15,154,181,139,152
1,<environment.Job instance at 0x7fdfea77ff00>,8,19,[2 6],9,154,173,145,154
1,<environment.Job instance at 0x7fdfea1ee410>,3,24,[ 2 10],4,173,197,169,168
1,<environment.Job instance at 0x7fe034b7d6e0>,5,23,[11  3],6,181,204,175,176
1,<environment.Job instance at 0x7fe033ebba50>,19,19,[4 5],20,197,216,177,196
1,<environment.Job instance at 0x7fe033ebbcd0>,21,20,[11  1],22,204,224,182,200
1,<environment.Job instance at 0x7fe0195ea7d0>,23,13,[9 1],24,224,237,200,210
1,<environment.Job instance at 0x7fe034586190>,16,17,[ 2 14],17,216,233,199,210
1,<environment.Job instance at 0x7fe034050f00>,15,13,[11  2],16,237,250,221,221
1,<environment.Job instance at 0x7fe03446e2d0>,26,23,[1 5],27,233,256,206,227
1,<environment.Job instance at 0x7fe033ebb4b0>,25,12,[ 1 13],26,256,268,230,247
1,<environment.Job instance at 0x7fe03446e4b0>,28,22,[9 1],29,250,272,221,249
1,<environment.Job instance at 0x7fe03446e370>,29,15,[14  1],30,272,287,242,260
1,<environment.Job instance at 0x7fe0341c08c0>,1,20,[5 8],2,2,22,0,2
1,<environment.Job instance at 0x7fdfea43ee60>,2,21,[2 8],3,22,43,19,14
1,<environment.Job instance at 0x7fe034335820>,7,21,[3 8],8,43,64,35,35
1,<environment.Job instance at 0x7fe0348ad320>,8,28,[9 5],9,35,63,26,35
1,<environment.Job instance at 0x7fe0348f7910>,9,13,[13  1],10,64,77,54,48
1,<environment.Job instance at 0x7fdfea2cd9b0>,3,22,[ 2 12],4,64,86,60,57
1,<environment.Job instance at 0x7fdfea6267d0>,12,23,[5 2],13,77,100,64,71
1,<environment.Job instance at 0x7fe03449ef50>,14,14,[8 5],15,86,100,71,79
1,<environment.Job instance at 0x7fe03449e190>,13,22,[12  2],14,100,122,86,94
1,<environment.Job instance at 0x7fdfea77feb0>,5,22,[ 3 13],6,100,122,94,95
1,<environment.Job instance at 0x7fe03514ca50>,19,16,[11  3],20,122,138,102,118
1,<environment.Job instance at 0x7fe0345fd910>,4,28,[ 3 11],5,122,150,117,121
1,<environment.Job instance at 0x7fdfea3bff00>,21,27,[14  2],22,150,177,128,150
1,<environment.Job instance at 0x7fdfea3bf5a0>,22,16,[13  2],23,177,193,154,172
1,<environment.Job instance at 0x7fe034425230>,23,14,[12  1],24,193,207,169,181
1,<environment.Job instance at 0x7fe034425c30>,24,21,[8 5],25,207,228,182,199
1,<environment.Job instance at 0x7fe0344253c0>,25,18,[1 8],26,200,218,174,200
1,<environment.Job instance at 0x7fe03514c4b0>,18,28,[ 4 10],19,227,255,208,227
1,<environment.Job instance at 0x7fdfea7d7320>,30,21,[2 5],31,229,250,198,229
1,<environment.Job instance at 0x7fdfea7d7280>,29,13,[6 2],30,250,263,220,234
1,<environment.Job instance at 0x7fdfea7d7460>,32,26,[ 4 13],33,255,281,222,252
1,<environment.Job instance at 0x7fdfea6260f0>,0,13,[ 1 13],1,1,14,0,1
1,<environment.Job instance at 0x7fdfea7d7460>,3,13,[12  1],4,4,17,0,4
1,<environment.Job instance at 0x7fe0342a30a0>,6,27,[ 2 13],7,14,41,7,12
1,<environment.Job instance at 0x7fe034bd4af0>,4,20,[10  4],5,41,61,36,32
1,<environment.Job instance at 0x7fe0342a3b40>,10,13,[12  2],11,61,74,50,45
1,<environment.Job instance at 0x7fe0342a3f00>,12,26,[11  4],13,74,100,61,71
1,<environment.Job instance at 0x7fe03435e500>,14,26,[14  4],15,100,126,85,97
1,<environment.Job instance at 0x7fe0348ad5f0>,17,13,[ 2 12],18,126,139,108,113
1,<environment.Job instance at 0x7fe0348adf50>,19,18,[ 1 13],20,139,157,119,128
1,<environment.Job instance at 0x7fe0348adcd0>,20,12,[12  2],21,128,140,107,128
1,<environment.Job instance at 0x7fe0340b7cd0>,23,13,[ 4 14],24,157,170,133,141
1,<environment.Job instance at 0x7fe0348ad230>,16,21,[9 1],17,141,162,124,141
1,<environment.Job instance at 0x7fe0340b7d70>,24,15,[ 1 11],25,170,185,145,156
1,<environment.Job instance at 0x7fe0340b7b90>,27,27,[5 7],28,185,212,157,183
1,<environment.Job instance at 0x7fe0342a3aa0>,7,20,[2 6],8,209,229,201,209
1,<environment.Job instance at 0x7fe0340b7b40>,26,25,[13  5],27,212,237,185,209
1,<environment.Job instance at 0x7fe0340b7f50>,32,20,[ 3 14],33,237,257,204,230
1,<environment.Job instance at 0x7fe0340b7140>,36,12,[14  1],37,257,269,220,240
1,<environment.Job instance at 0x7fe0340b7870>,35,17,[1 6],36,257,274,221,249
1,<environment.Job instance at 0x7fdfea7d70a0>,1,28,[2 5],2,2,30,0,2
1,<environment.Job instance at 0x7fdfea626aa0>,2,22,[14  4],3,30,52,27,23
1,<environment.Job instance at 0x7fe034285e10>,8,21,[7 5],9,52,73,43,44
1,<environment.Job instance at 0x7fe0348535f0>,13,14,[ 2 12],14,73,87,59,58
1,<environment.Job instance at 0x7fdfea626e60>,5,12,[ 1 14],6,87,99,81,70
1,<environment.Job instance at 0x7fdfea6260a0>,4,15,[11  1],5,73,88,68,71
1,<environment.Job instance at 0x7fe034853cd0>,14,14,[13  4],15,99,113,84,84
1,<environment.Job instance at 0x7fe034853910>,18,22,[14  5],19,113,135,94,106
1,<environment.Job instance at 0x7fe034853aa0>,19,26,[3 7],20,135,161,115,132
1,<environment.Job instance at 0x7fe0348538c0>,15,14,[12  4],16,135,149,119,134
1,<environment.Job instance at 0x7fe0347c10f0>,3,16,[14  2],4,161,177,157,153
1,<environment.Job instance at 0x7fe0346b4e10>,23,18,[12  3],24,177,195,153,174
1,<environment.Job instance at 0x7fe0346b4f00>,24,19,[ 2 12],25,179,198,154,179
1,<environment.Job instance at 0x7fe0348b5500>,10,23,[14  5],11,198,221,187,194
1,<environment.Job instance at 0x7fe0346b4aa0>,25,13,[11  2],26,221,234,195,220
1,<environment.Job instance at 0x7fe0346b45f0>,29,23,[3 7],30,232,255,202,232
1,<environment.Job instance at 0x7fe034559870>,0,22,[5 5],1,1,23,0,1
1,<environment.Job instance at 0x7fe034264f50>,2,26,[12  4],3,23,49,20,20
1,<environment.Job instance at 0x7fdfea626be0>,3,19,[1 7],4,22,41,18,22
1,<environment.Job instance at 0x7fe034853730>,8,18,[12  1],9,49,67,40,38
1,<environment.Job instance at 0x7fe033f06b90>,10,15,[ 3 11],11,41,56,30,39
1,<environment.Job instance at 0x7fdfe9f54730>,11,25,[9 4],12,67,92,55,63
1,<environment.Job instance at 0x7fe033f4afa0>,12,23,[ 5 13],13,92,115,79,86
1,<environment.Job instance at 0x7fe034285fa0>,13,26,[2 5],14,115,141,101,112
1,<environment.Job instance at 0x7fdfe9f750f0>,15,27,[ 3 13],16,141,168,125,139
1,<environment.Job instance at 0x7fe03475bf00>,16,26,[ 4 14],17,168,194,151,165
1,<environment.Job instance at 0x7fdfea741aa0>,17,20,[14  2],18,194,214,176,185
1,<environment.Job instance at 0x7fe0346c9cd0>,18,24,[6 4],19,214,238,195,209
1,<environment.Job instance at 0x7fe0346c9eb0>,19,26,[ 4 11],20,214,240,194,211
1,<environment.Job instance at 0x7fdfea0a5a50>,20,25,[ 3 13],21,240,265,219,236
1,<environment.Job instance at 0x7fdfea741960>,21,24,[3 9],22,265,289,243,260
1,<environment.Job instance at 0x7fdfea25e0a0>,22,20,[10  3],23,265,285,242,260
1,<environment.Job instance at 0x7fdfea68c410>,0,13,[ 1 14],1,1,14,0,1
1,<environment.Job instance at 0x7fdfe9e4e320>,1,23,[5 6],2,14,37,12,8
1,<environment.Job instance at 0x7fdfea34c500>,6,14,[12  1],7,37,51,30,22
1,<environment.Job instance at 0x7fe03418f9b0>,7,27,[ 5 10],8,51,78,43,49
1,<environment.Job instance at 0x7fe03418f5f0>,8,28,[13  4],9,78,106,69,77
1,<environment.Job instance at 0x7fe03418f690>,9,24,[5 2],10,106,130,96,101
1,<environment.Job instance at 0x7fe03423bb90>,10,18,[ 4 12],11,106,124,95,101
1,<environment.Job instance at 0x7fe03423ba00>,11,25,[11  1],12,130,155,118,126
1,<environment.Job instance at 0x7fdfea0e4500>,3,12,[ 4 14],4,130,142,126,126
1,<environment.Job instance at 0x7fe03423bfa0>,12,20,[11  4],13,155,175,142,146
1,<environment.Job instance at 0x7fdfea50ae60>,14,26,[2 6],15,148,174,133,148
1,<environment.Job instance at 0x7fdfea5c8b90>,15,20,[8 4],16,175,195,159,166
1,<environment.Job instance at 0x7fdfea416320>,13,28,[6 5],14,175,203,161,175
1,<environment.Job instance at 0x7fe034b8d550>,2,24,[ 4 14],3,203,227,200,199
1,<environment.Job instance at 0x7fdfea0e4870>,4,23,[11  2],5,227,250,222,223
1,<environment.Job instance at 0x7fdfea5c86e0>,17,28,[ 3 13],18,227,255,209,226
1,<environment.Job instance at 0x7fdfea5c80a0>,16,22,[10  2],17,250,272,233,243
1,<environment.Job instance at 0x7fdfea40bbe0>,18,25,[5 8],19,255,280,236,252
1,<environment.Job instance at 0x7fdfea40b370>,19,19,[13  4],20,280,299,260,274
1,<environment.Job instance at 0x7fdfea1fbeb0>,0,25,[8 5],1,1,26,0,1
1,<environment.Job instance at 0x7fe034114190>,3,13,[13  3],4,26,39,22,10
1,<environment.Job instance at 0x7fdfe9e215f0>,7,27,[1 7],8,15,42,7,15
1,<environment.Job instance at 0x7fe034285a50>,2,13,[ 2 14],3,42,55,39,30
1,<environment.Job instance at 0x7fdfe9e21be0>,9,14,[ 1 13],10,55,69,45,42
1,<environment.Job instance at 0x7fdfe9e21f00>,11,18,[2 6],12,69,87,57,59
1,<environment.Job instance at 0x7fdfe9ff8be0>,4,22,[11  5],5,69,91,64,63
1,<environment.Job instance at 0x7fdfe9e216e0>,12,13,[ 1 12],13,91,104,78,75
1,<environment.Job instance at 0x7fdfe9e21190>,14,23,[ 2 14],15,104,127,89,98
1,<environment.Job instance at 0x7fdfe9e21550>,15,18,[3 8],16,127,145,111,116
1,<environment.Job instance at 0x7fdfe9e21a00>,16,13,[11  2],17,127,140,110,119
1,<environment.Job instance at 0x7fdfe9e21aa0>,17,15,[10  3],18,140,155,122,133
1,<environment.Job instance at 0x7fdfe9dd70f0>,18,20,[5 6],19,145,165,126,138
1,<environment.Job instance at 0x7fdfe9e21a50>,13,23,[8 2],14,156,179,142,156
1,<environment.Job instance at 0x7fdfe9e21f50>,10,23,[ 2 11],11,165,188,154,159
1,<environment.Job instance at 0x7fdfe9dd75a0>,19,18,[14  5],20,189,207,169,189
1,<environment.Job instance at 0x7fdfe9dd7a50>,22,13,[2 5],23,207,220,184,191
1,<environment.Job instance at 0x7fe0348e46e0>,5,26,[11  5],6,211,237,205,211
1,<environment.Job instance at 0x7fe0346b4460>,1,18,[11  5],2,237,255,235,227
1,<environment.Job instance at 0x7fdfe9dd7690>,30,20,[2 8],31,233,253,202,233
1,<environment.Job instance at 0x7fdfe9dd7730>,31,23,[ 5 12],32,255,278,223,249
1,<environment.Job instance at 0x7fdfe9dd7c30>,28,12,[ 3 14],29,278,290,249,261
1,<environment.Job instance at 0x7fe0348e4af0>,0,23,[ 1 11],1,1,24,0,1
1,<environment.Job instance at 0x7fe0348e44b0>,2,15,[ 3 11],3,24,39,21,23
1,<environment.Job instance at 0x7fe0348e45a0>,4,21,[ 4 12],5,39,60,34,33
1,<environment.Job instance at 0x7fe034648410>,7,24,[13  2],8,60,84,52,55
1,<environment.Job instance at 0x7fe03405ca00>,11,14,[ 1 11],12,68,82,56,68
1,<environment.Job instance at 0x7fe033f6a280>,12,16,[14  1],13,84,100,71,71
1,<environment.Job instance at 0x7fdfe9e5bd20>,14,26,[8 1],15,100,126,85,97
1,<environment.Job instance at 0x7fe03409a1e0>,3,21,[ 4 12],4,100,121,96,97
1,<environment.Job instance at 0x7fdfe9e5fa00>,17,25,[6 1],18,121,146,103,117
1,<environment.Job instance at 0x7fdfe9f5e9b0>,21,21,[11  5],22,146,167,124,138
1,<environment.Job instance at 0x7fdfe9f5eaf0>,22,27,[6 3],23,167,194,144,165
1,<environment.Job instance at 0x7fe034414be0>,24,19,[ 2 14],25,194,213,169,184
1,<environment.Job instance at 0x7fe034414cd0>,27,12,[11  3],28,213,225,185,196
1,<environment.Job instance at 0x7fe034414960>,28,18,[ 2 11],29,213,231,184,202
1,<environment.Job instance at 0x7fe034402b90>,30,24,[9 1],31,225,249,194,220
1,<environment.Job instance at 0x7fe034402a00>,32,15,[ 2 13],33,231,246,198,220
1,<environment.Job instance at 0x7fe0343f1eb0>,33,20,[12  2],34,249,269,215,240
1,<environment.Job instance at 0x7fe0343f1d70>,34,25,[9 2],35,269,294,234,265
1,<environment.Job instance at 0x7fdfe9e5b460>,0,13,[13  3],1,2,15,1,2
1,<environment.Job instance at 0x7fdfea48efa0>,3,25,[ 5 14],4,15,40,11,11
1,<environment.Job instance at 0x7fe0353c0a50>,7,23,[6 5],8,40,63,32,34
1,<environment.Job instance at 0x7fe034c08b90>,8,23,[6 4],9,40,63,31,34
1,<environment.Job instance at 0x7fe0353c0460>,9,23,[6 1],10,63,86,53,57
1,<environment.Job instance at 0x7fe0346d6550>,10,18,[13  2],11,86,104,75,75
1,<environment.Job instance at 0x7fe0346d6af0>,12,28,[3 9],13,104,132,91,103
1,<environment.Job instance at 0x7fe03405ce60>,13,19,[14  5],14,132,151,118,122
1,<environment.Job instance at 0x7fdfea6ac690>,14,14,[ 4 12],15,151,165,136,138
1,<environment.Job instance at 0x7fdfe9f02f00>,5,16,[11  1],6,151,167,145,139
1,<environment.Job instance at 0x7fe0347c9550>,19,15,[13  1],20,167,182,147,153
1,<environment.Job instance at 0x7fe0347c9320>,20,13,[ 5 11],21,182,195,161,167
1,<environment.Job instance at 0x7fe0347c9d70>,21,25,[ 2 14],22,195,220,173,191
1,<environment.Job instance at 0x7fe0347c9500>,22,27,[ 1 12],23,220,247,197,218
1,<environment.Job instance at 0x7fe0347c9370>,23,24,[2 8],24,247,271,223,242
1,<environment.Job instance at 0x7fe034c025f0>,24,26,[ 5 13],25,271,297,246,268
1,<environment.Job instance at 0x7fdfe9e86140>,0,25,[8 1],1,1,26,0,1
1,<environment.Job instance at 0x7fdfea437be0>,3,25,[ 4 12],4,6,31,2,6
1,<environment.Job instance at 0x7fe0347c9730>,1,14,[14  1],2,31,45,29,16
1,<environment.Job instance at 0x7fe0343eb460>,10,22,[5 3],11,45,67,34,38
1,<environment.Job instance at 0x7fe0343eb9b0>,11,20,[ 1 12],12,38,58,26,38
1,<environment.Job instance at 0x7fe0343ebaf0>,6,27,[10  1],7,62,89,55,62
1,<environment.Job instance at 0x7fe0343eb820>,12,24,[14  1],13,89,113,76,84
1,<environment.Job instance at 0x7fdfea136730>,14,25,[10  1],15,113,138,98,109
1,<environment.Job instance at 0x7fdfea1367d0>,15,26,[ 2 12],16,113,139,97,110
1,<environment.Job instance at 0x7fdfea136e10>,16,22,[ 1 11],17,139,161,122,132
1,<environment.Job instance at 0x7fe034c025f0>,2,17,[10  3],3,138,155,135,133
1,<environment.Job instance at 0x7fdfea136870>,17,17,[11  4],18,155,172,137,143
1,<environment.Job instance at 0x7fdfea136c30>,20,16,[11  3],21,172,188,151,159
1,<environment.Job instance at 0x7fdfea136cd0>,21,27,[9 2],22,188,215,166,186
1,<environment.Job instance at 0x7fdfea136140>,19,13,[5 6],20,188,201,168,186
1,<environment.Job instance at 0x7fdfea136640>,18,17,[ 5 13],19,201,218,182,195
1,<environment.Job instance at 0x7fdfea136d20>,22,23,[2 6],23,218,241,195,212
1,<environment.Job instance at 0x7fe0340e3dc0>,25,28,[13  1],26,218,246,192,218
1,<environment.Job instance at 0x7fe0343ebbe0>,8,14,[ 5 14],9,246,260,237,232
1,<environment.Job instance at 0x7fe0340e3aa0>,27,17,[14  2],28,260,277,232,248
1,<environment.Job instance at 0x7fdfea136c80>,24,13,[12  1],25,277,290,252,264
1,<environment.Job instance at 0x7fe034a1daf0>,2,15,[11  2],3,4,19,1,4
1,<environment.Job instance at 0x7fdfea21a9b0>,4,16,[ 2 12],5,5,21,0,5
1,<environment.Job instance at 0x7fdfea0fb7d0>,6,21,[4 8],7,21,42,14,13
1,<environment.Job instance at 0x7fdfea219960>,10,21,[6 4],11,21,42,10,13
1,<environment.Job instance at 0x7fdfea0ceb90>,11,24,[13  3],12,42,66,30,37
1,<environment.Job instance at 0x7fdfea0ceb40>,12,14,[12  1],13,66,80,53,53
1,<environment.Job instance at 0x7fe0346c4370>,14,14,[11  1],15,80,94,65,66
1,<environment.Job instance at 0x7fe0346c45f0>,15,22,[3 6],16,72,94,56,72
1,<environment.Job instance at 0x7fe0346c4730>,16,24,[3 9],17,94,118,77,89
1,<environment.Job instance at 0x7fe0346c42d0>,17,28,[5 3],18,94,122,76,93
1,<environment.Job instance at 0x7fe0346c4c30>,18,24,[11  4],19,122,146,103,117
1,<environment.Job instance at 0x7fe0346c48c0>,19,27,[ 1 14],20,146,173,126,144
1,<environment.Job instance at 0x7fe0346c4050>,20,28,[13  2],21,173,201,152,172
1,<environment.Job instance at 0x7fe0346c4640>,21,22,[7 5],22,201,223,179,194
1,<environment.Job instance at 0x7fe0346c45a0>,22,24,[3 6],23,207,231,184,207
1,<environment.Job instance at 0x7fdfea437a50>,7,16,[11  1],8,223,239,215,211
1,<environment.Job instance at 0x7fe0346c4af0>,25,16,[4 5],26,231,247,205,219
1,<environment.Job instance at 0x7fe034c14820>,3,17,[11  4],4,239,256,235,228
1,<environment.Job instance at 0x7fdfe9e326e0>,27,16,[11  2],28,256,272,228,249
1,<environment.Job instance at 0x7fdfea381320>,26,25,[8 4],27,272,297,245,269
1,<environment.Job instance at 0x7fa169a3ddc0>,1,22,[11  3],2,2,24,0,2
1,<environment.Job instance at 0x7fa1625a5230>,4,21,[1 6],5,6,27,1,6
1,<environment.Job instance at 0x7fa1699b4320>,2,22,[4 8],3,24,46,21,17
1,<environment.Job instance at 0x7fa1625a54b0>,6,20,[6 1],7,24,44,17,17
1,<environment.Job instance at 0x7fa1625a5640>,10,18,[ 3 11],11,46,64,35,37
1,<environment.Job instance at 0x7fa169a3de10>,3,26,[11  4],4,44,70,40,42
1,<environment.Job instance at 0x7fa1625a5460>,9,18,[ 2 13],10,70,88,60,59
1,<environment.Job instance at 0x7fa1625a5b90>,15,18,[ 2 14],16,88,106,72,77
1,<environment.Job instance at 0x7fa1625a5a50>,13,18,[ 4 14],14,158,176,144,158
1,<environment.Job instance at 0x7fa1625a5c30>,16,16,[ 3 11],17,176,192,159,164
1,<environment.Job instance at 0x7fa1625a5e10>,18,25,[ 4 13],19,192,217,173,188
1,<environment.Job instance at 0x7fa1625a5f00>,21,26,[ 5 12],22,217,243,195,215
1,<environment.Job instance at 0x7fa1625a5c80>,19,14,[ 3 11],20,243,257,223,241
1,<environment.Job instance at 0x7fa1625a5910>,22,13,[13  1],23,257,270,234,242
1,<environment.Job instance at 0x7fa1625a5f50>,20,27,[13  5],21,270,297,249,268
1,<environment.Job instance at 0x7fa1625a7370>,26,26,[1 8],27,272,298,245,272
1,<environment.Job instance at 0x7fa169b1bf00>,4,20,[5 2],5,6,26,1,6
1,<environment.Job instance at 0x7fa169b2a190>,6,27,[2 9],7,7,34,0,7
1,<environment.Job instance at 0x7fa169b2a690>,7,21,[11  4],8,26,47,18,18
1,<environment.Job instance at 0x7fa169b1b140>,2,20,[13  3],3,47,67,44,38
1,<environment.Job instance at 0x7fa169b2a230>,8,12,[14  5],9,67,79,58,50
1,<environment.Job instance at 0x7fa1625a7370>,3,21,[ 4 12],4,79,100,75,71
1,<environment.Job instance at 0x7fa169b1b730>,9,16,[12  3],10,100,116,90,89
1,<environment.Job instance at 0x7fa169b1af50>,11,28,[2 8],12,100,128,88,100
1,<environment.Job instance at 0x7fa169b22960>,14,21,[ 5 11],15,128,149,113,120
1,<environment.Job instance at 0x7fa169b22a00>,16,27,[12  4],17,149,176,132,147
1,<environment.Job instance at 0x7fa169b22230>,13,21,[12  2],14,176,197,162,171
1,<environment.Job instance at 0x7fa169b22190>,18,12,[10  5],19,197,209,178,185
1,<environment.Job instance at 0x7fa169b1bcd0>,5,27,[5 9],6,197,224,191,196
1,<environment.Job instance at 0x7fa169b22d20>,19,14,[ 1 12],20,224,238,204,209
1,<environment.Job instance at 0x7fa169b222d0>,17,27,[14  3],18,224,251,206,222
1,<environment.Job instance at 0x7fa169b1a640>,10,17,[12  2],11,251,268,240,239
1,<environment.Job instance at 0x7fa169b22dc0>,21,14,[13  5],22,268,282,246,253
1,<environment.Job instance at 0x7fa169b20eb0>,26,20,[12  1],27,282,302,255,273
1,<environment.Job instance at 0x7fa1699dcd20>,0,12,[ 3 14],1,1,13,0,1
1,<environment.Job instance at 0x7fa11ec161e0>,1,21,[4 8],2,13,34,11,5
1,<environment.Job instance at 0x7fa11e8e4640>,9,27,[ 4 12],10,34,61,24,32
1,<environment.Job instance at 0x7fa11e8e4b90>,10,25,[12  4],11,61,86,50,57
1,<environment.Job instance at 0x7fa11e8e4280>,11,20,[ 3 14],12,86,106,74,77
1,<environment.Job instance at 0x7fa11e8e4320>,13,13,[11  5],14,106,119,92,91
1,<environment.Job instance at 0x7fa11e8e4820>,14,24,[8 4],15,119,143,104,114
1,<environment.Job instance at 0x7fa11e8e4d70>,16,20,[12  3],17,143,163,126,134
1,<environment.Job instance at 0x7fa11e8e4aa0>,17,25,[13  2],18,163,188,145,159
1,<environment.Job instance at 0x7fa11e8e40a0>,19,25,[1 6],20,159,184,139,159
1,<environment.Job instance at 0x7fa11e8e42d0>,20,17,[12  4],21,188,205,167,178
1,<environment.Job instance at 0x7fa11e931690>,21,26,[1 9],22,184,210,162,183
1,<environment.Job instance at 0x7fa11e931a50>,22,27,[14  4],23,205,232,182,203
1,<environment.Job instance at 0x7fa169b20eb0>,2,15,[ 4 12],3,232,247,229,218
1,<environment.Job instance at 0x7fa11e8f14b0>,6,28,[6 1],7,236,264,229,236
1,<environment.Job instance at 0x7fa11e9313c0>,25,15,[8 5],26,247,262,221,237
1,<environment.Job instance at 0x7fa169b1bd70>,3,21,[ 3 14],4,262,283,258,254
1,<environment.Job instance at 0x7fa11ea6a730>,0,16,[11  2],1,2,18,1,2
1,<environment.Job instance at 0x7fa11ea6a0f0>,2,22,[ 5 13],3,18,40,15,11
1,<environment.Job instance at 0x7fa11e83faf0>,7,27,[ 5 10],8,40,67,32,38
1,<environment.Job instance at 0x7fa11e83f820>,8,20,[ 3 13],9,67,87,58,58
1,<environment.Job instance at 0x7fa11e83fdc0>,10,17,[12  4],11,87,104,76,75
1,<environment.Job instance at 0x7fa11e83f140>,13,14,[ 5 12],14,104,118,90,91
1,<environment.Job instance at 0x7fa11e8477d0>,14,24,[ 5 11],15,118,142,103,113
1,<environment.Job instance at 0x7fa11e8474b0>,15,25,[7 3],16,114,139,98,114
1,<environment.Job instance at 0x7fa11e847d20>,16,18,[11  5],17,142,160,125,131
1,<environment.Job instance at 0x7fa11e847280>,18,27,[1 5],19,142,169,123,140
1,<environment.Job instance at 0x7fa11e8476e0>,20,20,[2 9],21,160,180,139,151
1,<environment.Job instance at 0x7fa11e8475a0>,21,17,[ 2 13],22,180,197,158,168
1,<environment.Job instance at 0x7fa11e847500>,22,27,[12  4],23,197,224,174,195
1,<environment.Job instance at 0x7fa11e8478c0>,24,12,[ 1 12],25,224,236,199,207
1,<environment.Job instance at 0x7fa11e847910>,26,12,[ 5 12],27,236,248,209,219
1,<environment.Job instance at 0x7fa11e847e10>,27,14,[14  1],28,248,262,220,233
1,<environment.Job instance at 0x7fa11e8470a0>,29,14,[12  4],30,262,276,232,247
1,<environment.Job instance at 0x7fa11e847960>,30,18,[11  5],31,276,294,245,265
1,<environment.Job instance at 0x7fa11e83f050>,0,21,[5 2],1,1,22,0,1
1,<environment.Job instance at 0x7fa11e83f690>,1,23,[ 4 11],2,2,25,0,2
1,<environment.Job instance at 0x7fa11e85fbe0>,2,26,[ 3 14],3,25,51,22,22
1,<environment.Job instance at 0x7fa11ea6aa00>,8,25,[14  5],9,51,76,42,47
1,<environment.Job instance at 0x7fa162a548c0>,11,13,[12  5],12,76,89,64,64
1,<environment.Job instance at 0x7fa1627362d0>,14,22,[9 4],15,89,111,74,82
1,<environment.Job instance at 0x7fa11e981050>,4,19,[ 4 11],5,89,108,84,82
1,<environment.Job instance at 0x7fa162661460>,15,27,[12  1],16,111,138,95,109
1,<environment.Job instance at 0x7fa16267c7d0>,18,22,[ 3 14],19,111,133,92,110
1,<environment.Job instance at 0x7fa162593cd0>,19,26,[2 7],20,133,159,113,130
1,<environment.Job instance at 0x7fa162593f00>,16,22,[11  5],17,138,160,121,133
1,<environment.Job instance at 0x7fa16267c9b0>,20,23,[10  3],21,160,183,139,154
1,<environment.Job instance at 0x7fa11ec945f0>,22,23,[13  2],23,183,206,160,177
1,<environment.Job instance at 0x7fa11e847960>,3,12,[ 2 13],4,188,200,184,188
1,<environment.Job instance at 0x7fa11ec94820>,23,25,[4 5],24,206,231,182,202
1,<environment.Job instance at 0x7fa1627365a0>,13,16,[11  4],14,216,232,202,216
1,<environment.Job instance at 0x7fa11e8ed050>,6,12,[11  1],7,232,244,225,218
1,<environment.Job instance at 0x7fa11ec94910>,24,21,[14  1],25,265,286,240,265
1,<environment.Job instance at 0x7fa11ec94730>,21,16,[14  1],22,286,302,264,274
1,<environment.Job instance at 0x7fa11e7ae780>,0,26,[13  5],1,1,27,0,1
1,<environment.Job instance at 0x7fa11e7b61e0>,1,16,[ 1 13],2,27,43,25,14
1,<environment.Job instance at 0x7fa162376f00>,7,28,[9 2],8,27,55,19,26
1,<environment.Job instance at 0x7fa162376d70>,8,28,[12  3],9,55,83,46,54
1,<environment.Job instance at 0x7fa1628bf320>,9,20,[5 6],10,83,103,73,74
1,<environment.Job instance at 0x7fa11e981910>,2,25,[4 9],3,83,108,80,79
1,<environment.Job instance at 0x7fa168eabaa0>,14,12,[ 3 12],15,108,120,93,92
1,<environment.Job instance at 0x7fa168eab640>,16,20,[ 3 14],17,120,140,103,111
1,<environment.Job instance at 0x7fa168eabf50>,17,16,[12  1],18,111,127,93,111
1,<environment.Job instance at 0x7fa168eabc30>,18,21,[1 7],19,140,161,121,132
1,<environment.Job instance at 0x7fa16972c5f0>,20,28,[ 1 11],21,161,189,140,160
1,<environment.Job instance at 0x7fa16972c3c0>,21,22,[8 3],22,160,182,138,160
1,<environment.Job instance at 0x7fa16972c690>,22,28,[14  4],23,182,210,159,181
1,<environment.Job instance at 0x7fa16972c8c0>,23,27,[13  4],24,210,237,186,208
1,<environment.Job instance at 0x7fa16972c4b0>,24,12,[ 5 11],25,237,249,212,221
1,<environment.Job instance at 0x7fa168eabaf0>,15,12,[11  4],16,249,261,233,235
1,<environment.Job instance at 0x7fa162376820>,5,14,[13  2],6,261,275,255,246
1,<environment.Job instance at 0x7fa169384230>,30,15,[ 2 11],31,249,264,218,246
1,<environment.Job instance at 0x7fa162641a50>,27,17,[ 1 12],28,264,281,236,259
1,<environment.Job instance at 0x7fa162641f50>,26,17,[14  2],27,275,292,248,265
1,<environment.Job instance at 0x7fa1692432d0>,0,22,[ 1 14],1,1,23,0,1
1,<environment.Job instance at 0x7fa169408eb0>,8,23,[ 3 14],9,23,46,14,17
1,<environment.Job instance at 0x7fa168dd83c0>,9,27,[ 4 13],10,46,73,36,44
1,<environment.Job instance at 0x7fa168dd8c80>,10,22,[12  5],11,73,95,62,66
1,<environment.Job instance at 0x7fa169408280>,5,16,[ 3 10],6,73,89,67,66
1,<environment.Job instance at 0x7fa1626b5050>,14,14,[ 1 11],15,95,109,80,81
1,<environment.Job instance at 0x7fa1626b5c30>,13,20,[9 2],14,95,115,81,86
1,<environment.Job instance at 0x7fa169058960>,18,26,[12  3],19,115,141,96,112
1,<environment.Job instance at 0x7fa169058050>,19,20,[4 6],20,141,161,121,138
1,<environment.Job instance at 0x7fa169058410>,21,25,[ 4 12],22,161,186,139,157
1,<environment.Job instance at 0x7fa1692ed3c0>,22,26,[5 5],23,186,212,163,183
1,<environment.Job instance at 0x7fa1692edeb0>,23,14,[10  4],24,186,200,162,183
1,<environment.Job instance at 0x7fa1624f28c0>,24,19,[4 7],25,200,219,175,190
1,<environment.Job instance at 0x7fa11eede5a0>,4,27,[11  4],5,212,239,207,210
1,<environment.Job instance at 0x7fa1624f20f0>,25,25,[ 2 10],26,219,244,193,215
1,<environment.Job instance at 0x7fa169058d20>,16,27,[13  1],17,239,266,222,237
1,<environment.Job instance at 0x7fa11edc5460>,29,19,[9 1],30,266,285,236,256
1,<environment.Job instance at 0x7fa11ed4c7d0>,34,27,[5 6],35,266,293,231,264
1,<environment.Job instance at 0x7fa16269f960>,1,14,[ 3 13],2,2,16,0,2
1,<environment.Job instance at 0x7fa162313b90>,2,23,[6 1],3,3,26,0,3
1,<environment.Job instance at 0x7fa168f391e0>,3,19,[12  4],4,26,45,22,16
1,<environment.Job instance at 0x7fa11ec632d0>,8,26,[1 8],9,16,42,7,16
1,<environment.Job instance at 0x7fa1692fc640>,9,12,[ 1 13],10,45,57,35,28
1,<environment.Job instance at 0x7fa16937f690>,10,26,[ 2 10],11,57,83,46,54
1,<environment.Job instance at 0x7fa11ed4c7d0>,4,12,[5 1],5,54,66,49,54
1,<environment.Job instance at 0x7fa1623fea00>,13,17,[5 5],14,66,83,52,54
1,<environment.Job instance at 0x7fa1623feb90>,14,16,[ 3 12],15,83,99,68,70
1,<environment.Job instance at 0x7fa1623fe460>,18,19,[13  4],19,99,118,80,89
1,<environment.Job instance at 0x7fa1623fe0f0>,20,12,[ 3 11],21,118,130,97,102
1,<environment.Job instance at 0x7fa1623fe3c0>,21,13,[7 2],22,118,131,96,113
1,<environment.Job instance at 0x7fa1624b9190>,24,16,[14  2],25,131,147,106,118
1,<environment.Job instance at 0x7fa1624b9370>,27,24,[12  4],28,147,171,119,142
1,<environment.Job instance at 0x7fa1624b96e0>,28,16,[11  3],29,171,187,142,159
1,<environment.Job instance at 0x7fa1624b9230>,25,23,[ 1 11],26,163,186,137,163
1,<environment.Job instance at 0x7fa1623fefa0>,15,26,[ 5 13],16,187,213,171,186
1,<environment.Job instance at 0x7fa169b2a140>,5,16,[13  3],6,213,229,207,201
1,<environment.Job instance at 0x7fa1624b9730>,29,16,[11  5],30,229,245,199,222
1,<environment.Job instance at 0x7fa1624b9a50>,34,12,[14  4],35,245,257,210,228
1,<environment.Job instance at 0x7fa1624b9b90>,36,22,[ 2 13],37,257,279,220,250
1,<environment.Job instance at 0x7fa1624b9c30>,37,12,[ 3 11],38,279,291,241,264
1,<environment.Job instance at 0x7fa1624b9cd0>,38,19,[9 2],39,264,283,225,264
1,<environment.Job instance at 0x7fa1624b9be0>,1,20,[10  3],2,2,22,0,2
1,<environment.Job instance at 0x7fa169015190>,2,27,[7 2],3,22,49,19,20
1,<environment.Job instance at 0x7fa1692fca50>,7,22,[13  4],8,49,71,41,42
1,<environment.Job instance at 0x7fa169243550>,8,18,[ 5 12],9,71,89,62,60
1,<environment.Job instance at 0x7fa168f429b0>,9,25,[12  1],10,89,114,79,85
1,<environment.Job instance at 0x7fa168f42780>,10,26,[12  2],11,114,140,103,111
1,<environment.Job instance at 0x7fa168f42aa0>,11,25,[4 8],12,140,165,128,136
1,<environment.Job instance at 0x7fa168e166e0>,13,12,[13  2],14,165,177,151,148
1,<environment.Job instance at 0x7fa168e162d0>,14,22,[6 2],15,177,199,162,170
1,<environment.Job instance at 0x7fa168e16500>,15,26,[2 8],16,170,196,154,170
1,<environment.Job instance at 0x7fa168e160f0>,16,23,[4 7],17,196,219,179,190
1,<environment.Job instance at 0x7fa168e16a50>,17,12,[10  2],18,199,211,181,190
1,<environment.Job instance at 0x7fa168e16b40>,18,14,[ 2 13],19,219,233,200,204
1,<environment.Job instance at 0x7fa168e16f50>,21,23,[8 4],22,233,256,211,227
1,<environment.Job instance at 0x7fa11e8d9be0>,22,27,[ 1 13],23,256,283,233,254
1,<environment.Job instance at 0x7fa11e8d9820>,23,18,[11  3],24,283,301,259,272
1,<environment.Job instance at 0x7fa11ee59dc0>,3,23,[10  3],4,4,27,0,4
1,<environment.Job instance at 0x7fa11ee59460>,5,22,[4 9],6,8,30,2,8
1,<environment.Job instance at 0x7fa162412a50>,4,24,[ 5 11],5,30,54,25,25
1,<environment.Job instance at 0x7fa168ebdaf0>,10,25,[ 1 14],11,54,79,43,50
1,<environment.Job instance at 0x7fa168ebd870>,11,25,[7 1],12,50,75,38,50
1,<environment.Job instance at 0x7fa168ebd050>,14,21,[5 6],15,79,100,64,71
1,<environment.Job instance at 0x7fa1625a5500>,15,28,[ 3 11],16,100,128,84,99
1,<environment.Job instance at 0x7fa16253de10>,16,23,[5 1],17,99,122,82,99
1,<environment.Job instance at 0x7fa11e881c80>,9,15,[13  2],10,128,143,118,115
1,<environment.Job instance at 0x7fa11eca2cd0>,2,16,[14  5],3,143,159,140,130
1,<environment.Job instance at 0x7fa16253d5a0>,19,13,[14  3],20,159,172,139,144
1,<environment.Job instance at 0x7fa16253d0f0>,21,14,[ 2 12],22,172,186,150,157
1,<environment.Job instance at 0x7fa11ec1e550>,22,19,[13  3],23,172,191,149,170
1,<environment.Job instance at 0x7fa168eadcd0>,17,16,[14  5],18,191,207,173,178
1,<environment.Job instance at 0x7fa1692dcf00>,28,14,[ 1 11],29,207,221,178,192
1,<environment.Job instance at 0x7fa1625348c0>,30,25,[2 8],31,221,246,190,217
1,<environment.Job instance at 0x7fa11eca0690>,33,16,[13  2],34,231,247,197,231
1,<environment.Job instance at 0x7fa11ea42460>,35,12,[ 3 11],36,247,259,211,239
1,<environment.Job instance at 0x7fa11ea42be0>,36,13,[11  3],37,247,260,210,239
1,<environment.Job instance at 0x7fa168ee1eb0>,39,20,[3 9],40,259,279,219,250
1,<environment.Job instance at 0x7fa168ffed70>,0,27,[ 4 10],1,1,28,0,1
1,<environment.Job instance at 0x7fa168ee1af0>,1,27,[9 3],2,4,31,2,4
1,<environment.Job instance at 0x7fa169a03690>,4,27,[12  1],5,31,58,26,29
1,<environment.Job instance at 0x7fa168ee1eb0>,2,19,[ 1 11],3,41,60,38,41
1,<environment.Job instance at 0x7fa168ffe5f0>,6,13,[11  3],7,58,71,51,45
1,<environment.Job instance at 0x7fa11ead18c0>,3,26,[5 3],4,71,97,67,68
1,<environment.Job instance at 0x7fa162320f00>,8,24,[1 7],9,77,101,68,77
1,<environment.Job instance at 0x7fa16261f410>,11,12,[ 5 13],12,101,113,89,87
1,<environment.Job instance at 0x7fa16928eb40>,13,14,[ 2 13],14,113,127,99,100
1,<environment.Job instance at 0x7fa16250f050>,14,28,[ 5 14],15,161,189,146,161
1,<environment.Job instance at 0x7fa168eaf8c0>,15,15,[7 3],16,189,204,173,180
1,<environment.Job instance at 0x7fa11ea0c1e0>,7,20,[14  5],8,207,227,199,207
1,<environment.Job instance at 0x7fa11ef657d0>,20,26,[10  2],21,227,253,206,224
1,<environment.Job instance at 0x7fa168f47870>,19,26,[ 5 12],20,227,253,207,224
1,<environment.Job instance at 0x7fa11ef650f0>,22,21,[13  4],23,253,274,230,246
1,<environment.Job instance at 0x7fa11ef65050>,23,20,[ 2 11],24,258,278,234,258
1,<environment.Job instance at 0x7fa11ef658c0>,25,22,[8 4],26,274,296,248,269
1,<environment.Job instance at 0x7fa11e9fea00>,1,19,[12  3],2,3,22,1,3
1,<environment.Job instance at 0x7fa16254f5f0>,2,25,[2 6],3,7,32,4,7
1,<environment.Job instance at 0x7fa11ed86690>,6,15,[5 7],7,22,37,15,8
1,<environment.Job instance at 0x7fa11ed86b90>,3,15,[11  2],4,37,52,33,23
1,<environment.Job instance at 0x7fa11ed39d70>,9,17,[ 3 14],10,52,69,42,40
1,<environment.Job instance at 0x7fa11ed860a0>,11,28,[4 7],12,69,97,57,68
1,<environment.Job instance at 0x7fa11eeff460>,13,24,[11  4],14,69,93,55,68
1,<environment.Job instance at 0x7fa11eeff3c0>,14,21,[13  3],15,97,118,82,89
1,<environment.Job instance at 0x7fa11eca0be0>,19,22,[3 7],20,118,140,98,111
1,<environment.Job instance at 0x7fa11eca0910>,20,16,[ 1 12],21,140,156,119,127
1,<environment.Job instance at 0x7fa169a034b0>,21,21,[3 7],22,156,177,134,148
1,<environment.Job instance at 0x7fa11ed86a00>,7,18,[11  5],8,156,174,148,151
1,<environment.Job instance at 0x7fa169a031e0>,22,12,[ 2 12],23,177,189,154,161
1,<environment.Job instance at 0x7fa11e72ed70>,25,16,[13  1],26,177,193,151,164
1,<environment.Job instance at 0x7fa11e72e0a0>,27,17,[ 3 14],28,193,210,165,181
1,<environment.Job instance at 0x7fa11e72e1e0>,23,18,[10  1],24,193,211,169,188
1,<environment.Job instance at 0x7fa11e72e820>,29,23,[7 3],30,211,234,181,205
1,<environment.Job instance at 0x7fa11e72e5a0>,32,12,[ 5 11],33,212,224,179,212
1,<environment.Job instance at 0x7fa11e72e690>,33,12,[ 4 14],34,234,246,200,217
1,<environment.Job instance at 0x7fa11e72e140>,34,27,[13  3],35,246,273,211,244
1,<environment.Job instance at 0x7fa11eeff780>,15,14,[12  3],16,273,287,257,258
1,<environment.Job instance at 0x7fa11ecf1460>,3,14,[10  5],4,5,19,1,5
1,<environment.Job instance at 0x7fa11eca0aa0>,1,12,[ 3 11],2,19,31,17,8
1,<environment.Job instance at 0x7fa162a991e0>,8,18,[ 2 14],9,31,49,22,20
1,<environment.Job instance at 0x7fa162a99370>,10,17,[ 2 14],11,49,66,38,37
1,<environment.Job instance at 0x7fa162a994b0>,11,22,[8 4],12,66,88,54,59
1,<environment.Job instance at 0x7fa162a99780>,12,20,[8 4],13,88,108,75,79
1,<environment.Job instance at 0x7fa162a99dc0>,14,15,[ 2 12],15,108,123,93,94
1,<environment.Job instance at 0x7fa162a99730>,15,25,[ 3 10],16,123,148,107,119
1,<environment.Job instance at 0x7fa162453a00>,17,21,[13  1],18,148,169,130,140
1,<environment.Job instance at 0x7fa1624533c0>,18,19,[12  2],19,169,188,150,159
1,<environment.Job instance at 0x7fa1624537d0>,20,25,[12  1],21,188,213,167,184
1,<environment.Job instance at 0x7fa162453140>,21,19,[ 1 11],22,187,206,165,187
1,<environment.Job instance at 0x7fa1624532d0>,23,12,[ 4 11],24,213,225,189,209
1,<environment.Job instance at 0x7fa162a995a0>,7,13,[14  1],8,225,238,217,211
1,<environment.Job instance at 0x7fa11ecf1190>,5,21,[11  3],6,238,259,232,233
1,<environment.Job instance at 0x7fa1624538c0>,26,21,[2 6],27,238,259,211,236
1,<environment.Job instance at 0x7fa1624534b0>,27,24,[11  5],28,259,283,231,256
1,<environment.Job instance at 0x7fa1624536e0>,28,21,[1 6],29,259,280,230,259
1,<environment.Job instance at 0x7fa169625780>,0,23,[ 5 14],1,1,24,0,1
1,<environment.Job instance at 0x7fa11e9a0870>,1,28,[9 3],2,24,52,22,23
1,<environment.Job instance at 0x7fa11e5df1e0>,6,26,[13  3],7,52,78,45,49
1,<environment.Job instance at 0x7fa162453f50>,9,22,[5 1],10,78,100,68,71
1,<environment.Job instance at 0x7fa16250f0f0>,10,20,[ 4 14],11,78,98,67,71
1,<environment.Job instance at 0x7fa1629cfd20>,12,23,[ 5 12],13,98,121,85,92
1,<environment.Job instance at 0x7fa11eca7f50>,13,24,[14  4],14,121,145,107,116
1,<environment.Job instance at 0x7fa11ed868c0>,7,17,[1 9],8,121,138,113,116
1,<environment.Job instance at 0x7fa162713410>,14,19,[3 8],15,145,164,130,135
1,<environment.Job instance at 0x7fa168dbc2d0>,18,12,[ 1 12],19,164,176,145,147
1,<environment.Job instance at 0x7fa162461b90>,19,22,[12  4],20,176,198,156,169
1,<environment.Job instance at 0x7fa162461aa0>,20,27,[ 1 13],21,198,225,177,196
1,<environment.Job instance at 0x7fa11e8c5fa0>,21,18,[ 2 12],22,225,243,203,214
1,<environment.Job instance at 0x7fa11e8c5b40>,22,26,[5 5],23,243,269,220,240
1,<environment.Job instance at 0x7fa11ea7ea50>,23,13,[ 5 14],24,269,282,245,253
1,<environment.Job instance at 0x7fa1693a8820>,3,17,[ 4 11],4,282,299,278,270
1,<environment.Job instance at 0x7fa11ea7ef50>,25,27,[7 1],26,271,298,245,271
1,<environment.Job instance at 0x7fa11ec1edc0>,0,24,[12  5],1,1,25,0,1
1,<environment.Job instance at 0x7fa168da3cd0>,1,22,[12  2],2,25,47,23,18
1,<environment.Job instance at 0x7fa11e6206e0>,6,27,[5 5],7,47,74,40,45
1,<environment.Job instance at 0x7fa162453fa0>,7,26,[ 4 12],8,74,100,66,71
1,<environment.Job instance at 0x7fa1629f3190>,8,28,[ 2 10],9,100,128,91,99
1,<environment.Job instance at 0x7fa11e5d94b0>,9,18,[ 4 11],10,128,146,118,117
1,<environment.Job instance at 0x7fa1625f6280>,11,12,[11  2],12,122,134,110,122
1,<environment.Job instance at 0x7fa1625f6960>,12,27,[3 7],13,146,173,133,144
1,<environment.Job instance at 0x7fa1692dc960>,13,22,[ 1 11],14,173,195,159,166
1,<environment.Job instance at 0x7fa1625fd9b0>,16,12,[ 2 13],17,195,207,178,178
1,<environment.Job instance at 0x7fa1626c63c0>,18,15,[11  5],19,207,222,188,194
1,<environment.Job instance at 0x7fa1626c6c30>,19,25,[5 2],20,222,247,202,218
1,<environment.Job instance at 0x7fa11eeab0f0>,21,19,[10  2],22,223,242,201,223
1,<environment.Job instance at 0x7fa1627af500>,22,24,[5 9],23,242,266,219,237
1,<environment.Job instance at 0x7fa11e900500>,23,18,[ 1 12],24,266,284,242,255
1,<environment.Job instance at 0x7fa168da3500>,3,15,[13  2],4,266,281,262,255
1,<environment.Job instance at 0x7fa11e5d9050>,0,27,[14  2],1,1,28,0,1
1,<environment.Job instance at 0x7fa11e5d9550>,1,14,[14  5],2,28,42,26,22
1,<environment.Job instance at 0x7fa1628ace10>,6,26,[3 8],7,42,68,35,39
1,<environment.Job instance at 0x7fa11e61c5f0>,7,24,[12  4],8,46,70,38,46
1,<environment.Job instance at 0x7fa1628ac320>,8,19,[ 5 14],9,70,89,61,60
1,<environment.Job instance at 0x7fa11e8baf50>,9,27,[ 2 11],10,89,116,79,87
1,<environment.Job instance at 0x7fa11e8ba960>,11,23,[ 3 14],12,116,139,104,110
1,<environment.Job instance at 0x7fa1627dd1e0>,13,25,[14  3],14,139,164,125,135
1,<environment.Job instance at 0x7fa1627dda50>,14,24,[ 1 13],15,164,188,149,159
1,<environment.Job instance at 0x7fa1627dd0a0>,16,14,[12  2],17,164,178,147,159
1,<environment.Job instance at 0x7fa1627ddaf0>,17,16,[ 2 12],18,188,204,170,175
1,<environment.Job instance at 0x7fa1627dd960>,18,27,[9 3],19,188,215,169,186
1,<environment.Job instance at 0x7fa1627dd2d0>,19,21,[4 6],20,204,225,184,196
1,<environment.Job instance at 0x7fa1627dd690>,20,23,[ 1 11],21,225,248,204,219
1,<environment.Job instance at 0x7fa1627dd640>,22,15,[ 3 11],23,248,263,225,235
1,<environment.Job instance at 0x7fa1627dd0f0>,23,21,[ 4 12],24,263,284,239,255
1,<environment.Job instance at 0x7fa1627dd140>,24,21,[ 4 12],25,284,305,259,276
1,<environment.Job instance at 0x7fa11e63dc30>,0,25,[12  3],1,1,26,0,1
1,<environment.Job instance at 0x7fa1628ace60>,4,28,[3 7],5,9,37,4,9
1,<environment.Job instance at 0x7fa11ea9cb90>,7,19,[4 8],8,26,45,18,21
1,<environment.Job instance at 0x7fa168fdbdc0>,8,24,[12  2],9,45,69,36,40
1,<environment.Job instance at 0x7fa1628ac960>,5,17,[13  5],6,69,86,63,57
1,<environment.Job instance at 0x7fa11e5bbaa0>,10,13,[13  3],11,86,99,75,70
1,<environment.Job instance at 0x7fa16259d2d0>,13,25,[ 5 14],14,99,124,85,95
1,<environment.Job instance at 0x7fa11ea631e0>,14,18,[ 5 14],15,124,142,109,113
1,<environment.Job instance at 0x7fa11ea63690>,15,16,[11  1],16,142,158,126,129
1,<environment.Job instance at 0x7fa11ea63a50>,17,23,[6 5],18,158,181,140,152
1,<environment.Job instance at 0x7fa11ea639b0>,18,23,[6 4],19,160,183,141,160
1,<environment.Job instance at 0x7fa11eb6ba00>,19,23,[6 1],20,181,204,161,175
1,<environment.Job instance at 0x7fa1627dd140>,3,23,[ 4 14],4,185,208,181,185
1,<environment.Job instance at 0x7fa11eb6b820>,21,14,[4 8],22,208,222,186,193
1,<environment.Job instance at 0x7fa11eb6baa0>,20,18,[13  2],21,222,240,201,211
1,<environment.Job instance at 0x7fa11eb6b500>,25,14,[12  3],26,240,254,214,225
1,<environment.Job instance at 0x7fa11eb6bf50>,27,20,[10  4],28,254,274,226,245
1,<environment.Job instance at 0x7fa11eb6bc80>,24,14,[ 4 12],25,274,288,249,260
1,<environment.Job instance at 0x7fa169340190>,0,25,[8 1],1,1,26,0,1
1,<environment.Job instance at 0x7fa11e61d5a0>,3,25,[ 4 12],4,4,29,0,4
1,<environment.Job instance at 0x7fa11eb6be10>,1,14,[14  1],2,29,43,27,14
1,<environment.Job instance at 0x7fa11edfcc30>,9,26,[10  2],10,43,69,33,40
1,<environment.Job instance at 0x7fa11e696190>,10,22,[5 3],11,43,65,32,40
1,<environment.Job instance at 0x7fa1691f4910>,12,24,[14  1],13,69,93,56,64
1,<environment.Job instance at 0x7fa1691f4f50>,13,28,[9 3],14,93,121,79,92
1,<environment.Job instance at 0x7fa1691f4aa0>,14,25,[10  1],15,121,146,106,117
1,<environment.Job instance at 0x7fa1691f49b0>,15,26,[ 2 12],16,117,143,101,117
1,<environment.Job instance at 0x7fa1691f4a00>,16,22,[ 1 11],17,143,165,126,136
1,<environment.Job instance at 0x7fa11ec59be0>,17,17,[11  4],18,146,163,128,138
1,<environment.Job instance at 0x7fa11ec59c80>,18,17,[ 5 13],19,165,182,146,153
1,<environment.Job instance at 0x7fa11eb35c30>,20,16,[11  3],21,182,198,161,169
1,<environment.Job instance at 0x7fa11e9f5b90>,21,27,[9 2],22,198,225,176,196
1,<environment.Job instance at 0x7fa162423f00>,22,23,[2 6],23,196,219,173,196
1,<environment.Job instance at 0x7fa162423050>,23,27,[ 3 14],24,225,252,201,223
1,<environment.Job instance at 0x7fa162423eb0>,24,13,[12  1],25,225,238,200,223
1,<environment.Job instance at 0x7fa162423870>,25,28,[13  1],26,252,280,226,251
1,<environment.Job instance at 0x7fa162423d20>,26,19,[8 2],27,280,299,253,270
1,<environment.Job instance at 0x7fa169340230>,4,17,[ 2 10],5,270,287,265,270
1,<environment.Job instance at 0x7fa168fb5aa0>,0,21,[6 4],1,1,22,0,1
1,<environment.Job instance at 0x7fa168fb5280>,1,24,[13  3],2,22,46,20,17
1,<environment.Job instance at 0x7fa16903a0a0>,6,24,[3 9],7,46,70,39,41
1,<environment.Job instance at 0x7fa11ea03910>,7,28,[5 3],8,46,74,38,45
1,<environment.Job instance at 0x7fa11ea039b0>,8,24,[11  4],9,74,98,65,69
1,<environment.Job instance at 0x7fa11ea03140>,9,27,[ 1 14],10,98,125,88,96
1,<environment.Job instance at 0x7fa11ea03b90>,10,28,[13  2],11,125,153,114,124
1,<environment.Job instance at 0x7fa11ea03cd0>,11,22,[7 5],12,153,175,141,146
1,<environment.Job instance at 0x7fa11ea03230>,12,24,[3 6],13,153,177,140,151
1,<environment.Job instance at 0x7fa162a686e0>,3,19,[5 4],4,153,172,149,153
1,<environment.Job instance at 0x7fa11ea038c0>,14,24,[7 4],15,175,199,160,170
1,<environment.Job instance at 0x7fa11ee0e780>,16,25,[8 4],17,177,202,160,173
1,<environment.Job instance at 0x7fa11ee0eb90>,15,16,[4 5],16,199,215,183,187
1,<environment.Job instance at 0x7fa169340230>,2,14,[12  1],3,215,229,212,203
1,<environment.Job instance at 0x7fa11ee0ef50>,19,14,[13  2],20,229,243,209,217
1,<environment.Job instance at 0x7fa169734f00>,20,12,[9 2],21,243,255,222,235
1,<environment.Job instance at 0x7fa169734f50>,21,13,[13  3],22,255,268,233,239
1,<environment.Job instance at 0x7fa169308e10>,22,25,[ 3 11],23,268,293,245,264
1,<environment.Job instance at 0x7fa11ee0ec80>,17,16,[11  2],18,279,295,261,279
1,<environment.Job instance at 0x7fa16903aaf0>,0,27,[13  4],1,1,28,0,1
1,<environment.Job instance at 0x7fa16903a910>,3,23,[1 8],4,27,50,23,27
1,<environment.Job instance at 0x7fa162796d70>,4,14,[13  1],5,33,47,28,33
1,<environment.Job instance at 0x7fa16903a690>,1,17,[13  3],2,47,64,45,37
1,<environment.Job instance at 0x7fa1691b1910>,12,27,[8 4],13,64,91,51,62
1,<environment.Job instance at 0x7fa11ed38b40>,16,13,[ 3 13],17,91,104,74,76
1,<environment.Job instance at 0x7fa169509910>,17,14,[13  4],18,104,118,86,89
1,<environment.Job instance at 0x7fa1695090f0>,19,24,[8 5],20,118,142,98,113
1,<environment.Job instance at 0x7fa11eb91410>,20,20,[3 9],21,122,142,101,122
1,<environment.Job instance at 0x7fa1692775f0>,21,27,[ 5 14],22,142,169,120,140
1,<environment.Job instance at 0x7fa168ee1a50>,22,26,[ 3 13],23,169,195,146,166
1,<environment.Job instance at 0x7fa11eeb4a00>,23,15,[ 5 12],24,195,210,171,181
1,<environment.Job instance at 0x7fa168db6f00>,24,28,[10  5],25,210,238,185,209
1,<environment.Job instance at 0x7fa1623e6e60>,26,15,[ 1 13],27,238,253,211,224
1,<environment.Job instance at 0x7fa168db6960>,27,23,[ 2 14],28,253,276,225,247
1,<environment.Job instance at 0x7fa1624f95f0>,28,21,[9 3],29,276,297,247,268
1,<environment.Job instance at 0x7fa4bf9a2140>,1,22,[11  3],2,2,24,0,2
1,<environment.Job instance at 0x7fa4bf9a2320>,2,22,[4 8],3,3,25,0,3
1,<environment.Job instance at 0x7fa4ba593230>,3,26,[11  4],4,24,50,20,21
1,<environment.Job instance at 0x7fa4ba593500>,5,24,[1 5],6,25,49,19,21
1,<environment.Job instance at 0x7fa4ba593780>,9,18,[ 2 13],10,50,68,40,39
1,<environment.Job instance at 0x7fa4ba593960>,12,26,[ 1 12],13,68,94,55,65
1,<environment.Job instance at 0x7fa4ba5936e0>,8,22,[14  3],9,68,90,59,66
1,<environment.Job instance at 0x7fa4ba593b40>,15,18,[ 2 14],16,94,112,78,83
1,<environment.Job instance at 0x7fa4ba593a00>,13,18,[ 4 14],14,112,130,98,108
1,<environment.Job instance at 0x7fa4ba593be0>,16,16,[ 3 11],17,130,146,113,117
1,<environment.Job instance at 0x7fa4ba593e60>,20,27,[13  5],21,146,173,125,144
1,<environment.Job instance at 0x7fa4ba593f50>,21,26,[ 5 12],22,173,199,151,170
1,<environment.Job instance at 0x7fa4ba593fa0>,22,13,[13  1],23,199,212,176,183
1,<environment.Job instance at 0x7fa4ba5931e0>,23,18,[2 7],24,199,217,175,194
1,<environment.Job instance at 0x7fa4ba596230>,24,13,[ 3 14],25,217,230,192,201
1,<environment.Job instance at 0x7fa4ba596370>,26,26,[1 8],27,230,256,203,227
1,<environment.Job instance at 0x7fa4ba596410>,27,25,[5 7],28,230,255,202,227
1,<environment.Job instance at 0x7fa4ba5964b0>,28,25,[ 4 11],29,256,281,227,252
1,<environment.Job instance at 0x7fa4ba596550>,29,22,[ 5 13],30,281,303,251,274
1,<environment.Job instance at 0x7fa4bfb09960>,2,12,[1 7],3,5,17,2,5
1,<environment.Job instance at 0x7fa4ba596460>,6,27,[12  4],7,7,34,0,7
1,<environment.Job instance at 0x7fa4bfb09e60>,4,21,[ 5 11],5,34,55,29,30
1,<environment.Job instance at 0x7fa4ba5a2320>,0,17,[12  2],1,55,72,54,43
1,<environment.Job instance at 0x7fa4bfb18690>,9,14,[ 1 12],10,55,69,45,44
1,<environment.Job instance at 0x7fa4bfb18640>,11,14,[13  5],12,72,86,60,59
1,<environment.Job instance at 0x7fa4bfb08a50>,14,28,[8 4],15,86,114,71,85
1,<environment.Job instance at 0x7fa4bfb09b40>,3,21,[12  2],4,114,135,110,109
1,<environment.Job instance at 0x7fa4bfb10eb0>,17,13,[ 4 12],18,135,148,117,123
1,<environment.Job instance at 0x7fa4bfb08c30>,12,25,[11  2],13,135,160,122,133
1,<environment.Job instance at 0x7fa4bfb10460>,19,15,[12  3],20,160,175,140,149
1,<environment.Job instance at 0x7fa4bfb08a00>,13,14,[12  2],14,175,189,161,163
1,<environment.Job instance at 0x7fa4bfb09730>,7,27,[14  3],8,189,216,181,189
1,<environment.Job instance at 0x7fa4bfb10050>,22,13,[9 4],23,216,229,193,203
1,<environment.Job instance at 0x7fa4bfb10d70>,21,26,[ 5 11],22,217,243,195,217
1,<environment.Job instance at 0x7fa4bfb102d0>,26,17,[11  3],27,243,260,216,232
1,<environment.Job instance at 0x7fa4bfb105a0>,25,19,[12  5],26,260,279,234,253
1,<environment.Job instance at 0x7fa4bfb10870>,18,18,[12  2],19,279,297,260,269
1,<environment.Job instance at 0x7fa4bfb09690>,1,26,[1 9],2,2,28,0,2
1,<environment.Job instance at 0x7fa474860c30>,5,15,[8 5],6,12,27,6,12
1,<environment.Job instance at 0x7fa474860d70>,6,23,[12  4],7,27,50,20,23
1,<environment.Job instance at 0x7fa4bfb10870>,3,18,[14  2],4,50,68,46,42
1,<environment.Job instance at 0x7fa474860820>,8,20,[11  2],9,95,115,86,95
1,<environment.Job instance at 0x7fa474860dc0>,9,16,[14  4],10,132,148,122,132
1,<environment.Job instance at 0x7fa474860d20>,11,22,[5 9],12,148,170,136,146
1,<environment.Job instance at 0x7fa47486fe60>,12,12,[7 2],13,148,160,135,147
1,<environment.Job instance at 0x7fa47486fdc0>,13,22,[ 1 12],14,172,194,158,172
1,<environment.Job instance at 0x7fa47486f910>,15,26,[ 3 12],16,194,220,178,194
1,<environment.Job instance at 0x7fa474860870>,7,25,[9 2],8,195,220,187,195
1,<environment.Job instance at 0x7fa4748ccb90>,2,12,[14  4],3,3,15,0,3
1,<environment.Job instance at 0x7fa474837910>,5,13,[1 7],6,11,24,5,11
1,<environment.Job instance at 0x7fa474d35140>,8,14,[11  2],9,21,35,12,21
1,<environment.Job instance at 0x7fa4ba2fe2d0>,6,13,[12  2],7,35,48,28,21
1,<environment.Job instance at 0x7fa474c48cd0>,10,28,[2 7],11,24,52,13,24
1,<environment.Job instance at 0x7fa474c48050>,11,13,[ 1 14],12,52,65,40,38
1,<environment.Job instance at 0x7fa474a10320>,13,23,[12  2],14,65,88,51,61
1,<environment.Job instance at 0x7fa474d355f0>,9,24,[ 2 14],10,88,112,78,86
1,<environment.Job instance at 0x7fa474d35460>,7,22,[13  4],8,112,134,104,111
1,<environment.Job instance at 0x7fa4748cca50>,4,25,[13  4],5,134,159,129,131
1,<environment.Job instance at 0x7fa474a101e0>,18,27,[2 6],19,133,160,114,133
1,<environment.Job instance at 0x7fa474979190>,0,18,[11  5],1,159,177,158,148
1,<environment.Job instance at 0x7fa474cda500>,21,17,[ 5 13],22,177,194,155,165
1,<environment.Job instance at 0x7fa474cda050>,22,23,[12  3],23,194,217,171,188
1,<environment.Job instance at 0x7fa474cda9b0>,23,20,[14  1],24,217,237,193,208
1,<environment.Job instance at 0x7fa474cda370>,24,20,[3 8],25,237,257,212,228
1,<environment.Job instance at 0x7fa474cda410>,28,25,[ 1 10],29,257,282,228,253
1,<environment.Job instance at 0x7fa474cda820>,29,19,[9 4],30,253,272,223,253
1,<environment.Job instance at 0x7fa474cda910>,30,18,[14  3],31,272,290,241,261
1,<environment.Job instance at 0x7fa474c48320>,0,19,[1 7],1,1,20,0,1
1,<environment.Job instance at 0x7fa474a10b90>,1,27,[ 1 11],2,20,47,18,18
1,<environment.Job instance at 0x7fa474978dc0>,6,24,[9 2],7,18,42,11,18
1,<environment.Job instance at 0x7fa474979b90>,9,20,[ 2 13],10,47,67,37,38
1,<environment.Job instance at 0x7fa4748cc230>,10,26,[ 4 14],11,67,93,56,64
1,<environment.Job instance at 0x7fa4748cc780>,12,16,[ 1 11],13,93,109,80,80
1,<environment.Job instance at 0x7fa474a10a50>,2,12,[8 4],3,93,105,90,92
1,<environment.Job instance at 0x7fa4ba584aa0>,13,15,[14  5],14,109,124,95,97
1,<environment.Job instance at 0x7fa4ba62ff50>,16,21,[ 5 14],17,124,145,107,116
1,<environment.Job instance at 0x7fa4ba85a0a0>,17,17,[13  3],18,145,162,127,133
1,<environment.Job instance at 0x7fa4747993c0>,20,14,[13  2],21,162,176,141,147
1,<environment.Job instance at 0x7fa474799370>,22,23,[ 1 14],23,176,199,153,170
1,<environment.Job instance at 0x7fa4747994b0>,23,27,[5 5],24,199,226,175,197
1,<environment.Job instance at 0x7fa4747995f0>,25,28,[ 5 11],26,226,254,200,225
1,<environment.Job instance at 0x7fa474799690>,26,19,[11  5],27,254,273,227,244
1,<environment.Job instance at 0x7fa474799730>,27,27,[ 2 14],28,273,300,245,271
1,<environment.Job instance at 0x7fa4bfb105f0>,1,13,[11  1],2,2,15,0,2
1,<environment.Job instance at 0x7fa4748ccfa0>,2,26,[ 1 13],3,3,29,0,3
1,<environment.Job instance at 0x7fa474937e10>,3,13,[ 1 13],4,29,42,25,13
1,<environment.Job instance at 0x7fa4ba7f1a50>,8,19,[7 2],9,15,34,6,13
1,<environment.Job instance at 0x7fa4ba7f1c30>,9,20,[3 9],10,42,62,32,33
1,<environment.Job instance at 0x7fa4ba7f1eb0>,11,24,[4 5],12,42,66,30,37
1,<environment.Job instance at 0x7fa4beef9280>,13,12,[13  3],14,66,78,52,49
1,<environment.Job instance at 0x7fa4749790f0>,16,14,[11  2],17,78,92,61,72
1,<environment.Job instance at 0x7fa474979be0>,17,15,[ 3 14],18,92,107,74,78
1,<environment.Job instance at 0x7fa4baa3e7d0>,19,27,[13  4],20,107,134,87,105
1,<environment.Job instance at 0x7fa4bf6f2e10>,22,15,[ 4 14],23,134,149,111,120
1,<environment.Job instance at 0x7fa4baa3e500>,23,12,[ 1 14],24,149,161,125,132
1,<environment.Job instance at 0x7fa4bf6f2eb0>,24,20,[ 1 12],25,161,181,136,152
1,<environment.Job instance at 0x7fa4ba64e230>,27,14,[ 4 12],28,181,195,153,166
1,<environment.Job instance at 0x7fa4ba64e820>,29,25,[ 1 14],30,195,220,165,191
1,<environment.Job instance at 0x7fa4748dfd70>,4,18,[12  5],5,220,238,215,215
1,<environment.Job instance at 0x7fa4ba64e5f0>,31,15,[7 3],32,238,253,206,237
1,<environment.Job instance at 0x7fa4ba7f10f0>,5,24,[ 5 12],6,238,262,232,238
1,<environment.Job instance at 0x7fa4ba7cf370>,32,23,[ 4 13],33,262,285,229,256
1,<environment.Job instance at 0x7fa4ba7cf6e0>,33,19,[11  1],34,262,281,228,256
1,<environment.Job instance at 0x7fa4bfb102d0>,1,14,[ 3 11],2,6,20,4,6
1,<environment.Job instance at 0x7fa4bf14e960>,9,25,[9 4],10,10,35,0,10
1,<environment.Job instance at 0x7fa4bf14e230>,10,15,[13  3],11,35,50,24,21
1,<environment.Job instance at 0x7fa474dae190>,11,17,[ 1 14],12,50,67,38,38
1,<environment.Job instance at 0x7fa4749dceb0>,13,28,[ 5 13],14,67,95,53,66
1,<environment.Job instance at 0x7fa4749dcaf0>,14,15,[12  1],15,95,110,80,81
1,<environment.Job instance at 0x7fa4befc5140>,17,26,[4 9],18,110,136,92,107
1,<environment.Job instance at 0x7fa4befc5640>,18,27,[10  5],19,110,137,91,108
1,<environment.Job instance at 0x7fa4749fa230>,19,18,[11  4],20,137,155,117,129
1,<environment.Job instance at 0x7fa4bedc0500>,21,26,[ 5 12],22,155,181,133,152
1,<environment.Job instance at 0x7fa474e52870>,23,16,[13  4],24,181,197,157,168
1,<environment.Job instance at 0x7fa474945dc0>,25,16,[ 5 12],26,197,213,171,185
1,<environment.Job instance at 0x7fa474945f50>,26,21,[5 6],27,213,234,186,205
1,<environment.Job instance at 0x7fa474945640>,27,19,[2 7],28,213,232,185,205
1,<environment.Job instance at 0x7fa474945960>,28,26,[6 4],29,232,258,203,229
1,<environment.Job instance at 0x7fa474bdeaa0>,29,27,[3 5],30,232,259,202,230
1,<environment.Job instance at 0x7fa474a304b0>,31,21,[4 9],32,258,279,226,250
1,<environment.Job instance at 0x7fa474a307d0>,32,14,[12  4],33,279,293,246,266
1,<environment.Job instance at 0x7fa4bf3308c0>,2,13,[11  3],3,3,16,0,3
1,<environment.Job instance at 0x7fa4bee85fa0>,1,18,[ 2 11],2,5,23,3,5
1,<environment.Job instance at 0x7fa4ba5eae60>,4,28,[7 1],5,16,44,11,15
1,<environment.Job instance at 0x7fa4bee33500>,5,23,[ 5 13],6,23,46,17,17
1,<environment.Job instance at 0x7fa474ec8b90>,3,18,[13  2],4,46,64,42,35
1,<environment.Job instance at 0x7fa4ba41f7d0>,10,28,[10  3],11,64,92,53,63
1,<environment.Job instance at 0x7fa4bf3fbeb0>,8,25,[ 2 12],9,63,88,54,63
1,<environment.Job instance at 0x7fa4748df8c0>,11,23,[11  2],12,92,115,80,86
1,<environment.Job instance at 0x7fa4ba8f1460>,13,22,[3 5],14,88,110,74,86
1,<environment.Job instance at 0x7fa4ba8f1eb0>,14,27,[1 7],15,88,115,73,86
1,<environment.Job instance at 0x7fa4bf9cbe60>,15,16,[12  5],16,115,131,99,107
1,<environment.Job instance at 0x7fa4ba391910>,17,14,[12  4],18,131,145,113,118
1,<environment.Job instance at 0x7fa4ba3913c0>,18,28,[11  3],19,145,173,126,144
1,<environment.Job instance at 0x7fa4bf9cbe10>,16,22,[ 3 12],17,145,167,128,144
1,<environment.Job instance at 0x7fa4ba391d20>,19,24,[ 5 12],20,173,197,153,168
1,<environment.Job instance at 0x7fa4ba3917d0>,22,23,[14  4],23,197,220,174,191
1,<environment.Job instance at 0x7fa4ba391f00>,21,13,[ 3 13],22,220,233,198,207
1,<environment.Job instance at 0x7fa4748df550>,9,12,[ 4 14],10,233,245,223,216
1,<environment.Job instance at 0x7fa474e2a820>,25,24,[12  4],26,245,269,219,240
1,<environment.Job instance at 0x7fa474e2aa00>,28,18,[ 3 11],29,245,263,216,240
1,<environment.Job instance at 0x7fa474e2aaa0>,29,14,[ 2 13],30,269,283,239,258
1,<environment.Job instance at 0x7fa474e2a780>,24,22,[13  1],25,269,291,244,268
1,<environment.Job instance at 0x7fa4bf2cadc0>,0,27,[ 5 13],1,1,28,0,1
1,<environment.Job instance at 0x7fa4bf236d70>,1,15,[ 3 13],2,28,43,26,14
1,<environment.Job instance at 0x7fa474e4c5f0>,6,19,[10  4],7,43,62,36,33
1,<environment.Job instance at 0x7fa474e4c370>,7,24,[14  3],8,62,86,54,57
1,<environment.Job instance at 0x7fa4bf048c30>,8,24,[2 6],9,86,110,77,81
1,<environment.Job instance at 0x7fa4748740f0>,12,25,[ 2 12],13,110,135,97,106
1,<environment.Job instance at 0x7fa474874500>,13,24,[ 2 10],14,135,159,121,130
1,<environment.Job instance at 0x7fa4bedb2280>,14,23,[7 1],15,130,153,115,130
1,<environment.Job instance at 0x7fa4bedb2410>,15,23,[11  3],16,153,176,137,147
1,<environment.Job instance at 0x7fa474874c80>,16,26,[ 1 13],17,176,202,159,173
1,<environment.Job instance at 0x7fa4baa3f3c0>,17,24,[12  4],18,202,226,184,197
1,<environment.Job instance at 0x7fa4748df640>,2,18,[2 5],3,202,220,199,198
1,<environment.Job instance at 0x7fa4baa3feb0>,21,19,[4 6],22,226,245,204,216
1,<environment.Job instance at 0x7fa4baa3f640>,22,28,[ 5 13],23,245,273,222,244
1,<environment.Job instance at 0x7fa4baa3f7d0>,24,27,[6 4],25,273,300,248,271
1,<environment.Job instance at 0x7fa4bf048d20>,9,21,[1 9],10,273,294,263,273
1,<environment.Job instance at 0x7fa4748dfaf0>,2,23,[5 2],3,3,26,0,3
1,<environment.Job instance at 0x7fa474e4caf0>,3,22,[12  2],4,26,48,22,19
1,<environment.Job instance at 0x7fa4ba3dbb40>,8,28,[ 4 10],9,48,76,39,47
1,<environment.Job instance at 0x7fa4bf4d7640>,9,16,[11  3],10,48,64,38,47
1,<environment.Job instance at 0x7fa4befe5820>,11,27,[14  2],12,76,103,64,74
1,<environment.Job instance at 0x7fa4ba5e9aa0>,12,16,[13  2],13,103,119,90,90
1,<environment.Job instance at 0x7fa4ba5e95f0>,13,14,[12  1],14,119,133,105,104
1,<environment.Job instance at 0x7fa4ba5e9fa0>,14,21,[8 5],15,133,154,118,125
1,<environment.Job instance at 0x7fa474841320>,16,25,[ 4 13],17,154,179,137,150
1,<environment.Job instance at 0x7fa4ba3ec690>,18,27,[10  4],19,179,206,160,177
1,<environment.Job instance at 0x7fa4ba8f1780>,20,21,[2 5],21,179,200,158,177
1,<environment.Job instance at 0x7fa4beef34b0>,21,24,[ 4 10],22,200,224,178,195
1,<environment.Job instance at 0x7fa4ba741fa0>,22,26,[ 4 13],23,224,250,201,221
1,<environment.Job instance at 0x7fa4baa13320>,24,23,[7 4],25,250,273,225,244
1,<environment.Job instance at 0x7fa4baa135f0>,25,23,[5 6],26,250,273,224,244
1,<environment.Job instance at 0x7fa4baa13780>,27,25,[ 5 14],28,273,298,245,269
1,<environment.Job instance at 0x7fa4bef31e60>,1,24,[7 3],2,5,29,3,5
1,<environment.Job instance at 0x7fa4bf3d0320>,3,13,[1 6],4,6,19,2,6
1,<environment.Job instance at 0x7fa4bf0e0a50>,6,12,[14  1],7,29,41,22,12
1,<environment.Job instance at 0x7fa4bfb10410>,9,24,[11  2],10,41,65,31,36
1,<environment.Job instance at 0x7fa4ba41fd70>,11,19,[ 4 12],12,47,66,35,47
1,<environment.Job instance at 0x7fa4ba701140>,13,21,[9 2],14,65,86,51,57
1,<environment.Job instance at 0x7fa4748df050>,10,19,[10  1],11,86,105,75,76
1,<environment.Job instance at 0x7fa4bedc08c0>,15,17,[ 3 12],16,81,98,65,81
1,<environment.Job instance at 0x7fa4ba701960>,14,25,[14  2],15,105,130,90,101
1,<environment.Job instance at 0x7fa4ba57c2d0>,18,26,[ 5 14],19,130,156,111,127
1,<environment.Job instance at 0x7fa4ba57c0f0>,20,14,[ 1 13],21,156,170,135,141
1,<environment.Job instance at 0x7fa474a88500>,22,26,[11  1],23,156,182,133,153
1,<environment.Job instance at 0x7fa474a88910>,23,24,[12  2],24,182,206,158,177
1,<environment.Job instance at 0x7fa47495c140>,25,22,[3 6],26,184,206,158,184
1,<environment.Job instance at 0x7fa47495c0a0>,26,24,[8 1],27,206,230,179,201
1,<environment.Job instance at 0x7fa47495c190>,27,22,[ 2 11],28,206,228,178,201
1,<environment.Job instance at 0x7fa47495c230>,28,25,[8 3],29,230,255,201,226
1,<environment.Job instance at 0x7fa47495c4b0>,32,14,[11  1],33,255,269,222,240
1,<environment.Job instance at 0x7fa4baa13e10>,2,20,[ 3 14],3,255,275,252,249
1,<environment.Job instance at 0x7fa4ba863910>,0,17,[12  2],1,2,19,1,2
1,<environment.Job instance at 0x7fa4bf9cbfa0>,3,26,[ 3 14],4,19,45,15,16
1,<environment.Job instance at 0x7fa4bf9cb2d0>,7,18,[11  2],8,45,63,37,34
1,<environment.Job instance at 0x7fa4bf9cb460>,8,21,[ 5 12],9,63,84,54,55
1,<environment.Job instance at 0x7fa4bf9cb230>,11,28,[13  4],12,84,112,72,83
1,<environment.Job instance at 0x7fa4bf9cbf50>,5,26,[ 1 11],6,88,114,82,88
1,<environment.Job instance at 0x7fa4bf9cbc80>,12,15,[ 4 13],13,114,129,101,100
1,<environment.Job instance at 0x7fa47477deb0>,15,24,[7 1],16,112,136,96,107
1,<environment.Job instance at 0x7fa47477dfa0>,16,20,[5 1],17,129,149,112,120
1,<environment.Job instance at 0x7fa47477d4b0>,17,24,[6 2],18,136,160,118,131
1,<environment.Job instance at 0x7fa4ba41f1e0>,4,17,[ 3 11],5,134,151,129,134
1,<environment.Job instance at 0x7fa47474cf50>,18,23,[7 4],19,151,174,132,145
1,<environment.Job instance at 0x7fa47474caa0>,19,23,[2 8],20,153,176,133,153
1,<environment.Job instance at 0x7fa47474ce10>,20,15,[ 4 12],21,176,191,155,162
1,<environment.Job instance at 0x7fa47474c960>,22,28,[5 3],23,164,192,141,164
1,<environment.Job instance at 0x7fa47474cc30>,23,22,[5 5],24,191,213,167,184
1,<environment.Job instance at 0x7fa47474ca50>,24,24,[10  4],25,193,217,168,193
1,<environment.Job instance at 0x7fa47474c2d0>,25,12,[ 3 13],26,217,229,191,203
1,<environment.Job instance at 0x7fa47474c5f0>,26,27,[ 4 12],27,229,256,202,227
1,<environment.Job instance at 0x7fa47474c910>,21,25,[11  3],22,229,254,207,228
1,<environment.Job instance at 0x7fa47474c8c0>,29,23,[9 2],30,254,277,224,248
1,<environment.Job instance at 0x7fa47474caf0>,30,17,[ 4 13],31,256,273,225,248
1,<environment.Job instance at 0x7fa47474cdc0>,31,17,[ 1 14],32,277,294,245,265
1,<environment.Job instance at 0x7fa47474c460>,32,13,[13  1],33,277,290,244,266
1,<environment.Job instance at 0x7fa4bf0e58c0>,0,19,[ 4 10],1,1,20,0,1
1,<environment.Job instance at 0x7fa4bf0e0dc0>,1,20,[ 4 14],2,20,40,18,11
1,<environment.Job instance at 0x7fa474841190>,6,28,[5 7],7,40,68,33,39
1,<environment.Job instance at 0x7fa4baa27eb0>,8,27,[10  4],9,52,79,43,52
1,<environment.Job instance at 0x7fa4ba8637d0>,4,21,[11  2],5,79,100,74,75
1,<environment.Job instance at 0x7fa4ba8375f0>,9,13,[ 5 11],10,100,113,90,95
1,<environment.Job instance at 0x7fa4ba8379b0>,11,28,[11  5],12,113,141,101,112
1,<environment.Job instance at 0x7fa4ba8374b0>,12,18,[ 1 13],13,141,159,128,130
1,<environment.Job instance at 0x7fa4ba837f50>,14,22,[7 4],15,159,181,144,152
1,<environment.Job instance at 0x7fa4ba863b40>,3,22,[ 5 12],4,181,203,177,174
1,<environment.Job instance at 0x7fa4ba7abfa0>,17,16,[11  1],18,203,219,185,194
1,<environment.Job instance at 0x7fa4ba7abb90>,18,17,[14  2],19,219,236,200,210
1,<environment.Job instance at 0x7fa4ba7ab550>,19,28,[11  5],20,236,264,216,235
1,<environment.Job instance at 0x7fa4ba7ab3c0>,20,20,[ 3 12],21,264,284,243,255
1,<environment.Job instance at 0x7fa4bef35fa0>,2,22,[12  2],3,266,288,263,266
1,<environment.Job instance at 0x7fa4baa27c30>,0,24,[3 9],1,1,25,0,1
1,<environment.Job instance at 0x7fa474be07d0>,1,22,[9 4],2,2,24,0,2
1,<environment.Job instance at 0x7fa4bef35fa0>,3,27,[4 6],4,24,51,20,22
1,<environment.Job instance at 0x7fa4baa6db90>,8,27,[ 3 12],9,51,78,42,49
1,<environment.Job instance at 0x7fa474e5f3c0>,12,28,[ 1 13],13,78,106,65,77
1,<environment.Job instance at 0x7fa474e5f0a0>,13,14,[13  1],14,82,96,68,82
1,<environment.Job instance at 0x7fa4ba818e60>,14,25,[12  2],15,96,121,81,92
1,<environment.Job instance at 0x7fa4ba8189b0>,16,27,[ 5 14],17,121,148,104,119
1,<environment.Job instance at 0x7fa4beec3370>,17,13,[14  4],18,148,161,130,133
1,<environment.Job instance at 0x7fa4beec31e0>,18,19,[13  2],19,161,180,142,151
1,<environment.Job instance at 0x7fa4beec34b0>,19,21,[5 1],20,180,201,160,172
1,<environment.Job instance at 0x7fa4ba837eb0>,4,26,[ 4 10],5,180,206,175,177
1,<environment.Job instance at 0x7fa4baa27690>,5,15,[14  4],6,206,221,200,200
1,<environment.Job instance at 0x7fa4beec2640>,25,14,[6 2],26,221,235,195,208
1,<environment.Job instance at 0x7fa4beec2f00>,24,13,[11  2],25,235,248,210,225
1,<environment.Job instance at 0x7fa4beef27d0>,30,17,[ 5 14],31,248,265,217,248
1,<environment.Job instance at 0x7fa4baa279b0>,6,26,[13  5],7,265,291,258,262
1,<environment.Job instance at 0x7fa4ba863690>,2,20,[2 7],3,4,24,1,4
1,<environment.Job instance at 0x7fa4beec27d0>,5,19,[4 8],6,7,26,1,7
1,<environment.Job instance at 0x7fa4bf33da50>,0,17,[13  2],1,26,43,25,14
1,<environment.Job instance at 0x7fa47462c5a0>,7,12,[13  5],8,43,55,35,28
1,<environment.Job instance at 0x7fa4bf9f41e0>,8,26,[11  5],9,55,81,46,52
1,<environment.Job instance at 0x7fa474d7be10>,11,13,[12  3],12,81,94,69,67
1,<environment.Job instance at 0x7fa4bef0ffa0>,13,12,[14  1],14,94,106,80,80
1,<environment.Job instance at 0x7fa474a750f0>,14,21,[4 9],15,106,127,91,98
1,<environment.Job instance at 0x7fa474a75dc0>,15,16,[ 2 12],16,127,143,111,114
1,<environment.Job instance at 0x7fa474a75910>,16,20,[ 2 12],17,143,163,126,134
1,<environment.Job instance at 0x7fa474a75cd0>,17,27,[1 6],18,163,190,145,161
1,<environment.Job instance at 0x7fa4ba5f7e60>,18,27,[10  4],19,163,190,144,161
1,<environment.Job instance at 0x7fa4bef0f870>,10,15,[12  1],11,190,205,179,176
1,<environment.Job instance at 0x7fa4bf140e10>,6,12,[12  3],7,205,217,198,189
1,<environment.Job instance at 0x7fa4ba5f7460>,20,16,[ 3 11],21,197,213,176,197
1,<environment.Job instance at 0x7fa4ba5f7be0>,19,17,[13  5],20,217,234,197,205
1,<environment.Job instance at 0x7fa474870e10>,23,21,[5 6],24,234,255,210,226
1,<environment.Job instance at 0x7fa4ba82eaa0>,24,19,[10  4],25,234,253,209,227
1,<environment.Job instance at 0x7fa4ba5f7910>,25,16,[14  3],26,255,271,229,242
1,<environment.Job instance at 0x7fa4ba5f79b0>,26,21,[8 2],27,271,292,244,263
1,<environment.Job instance at 0x7fa4ba5f7820>,22,18,[ 3 12],23,271,289,248,264
1,<environment.Job instance at 0x7fa4747453c0>,0,21,[12  1],1,1,22,0,1
1,<environment.Job instance at 0x7fa4ba5f7820>,2,18,[ 2 13],3,4,22,1,4
1,<environment.Job instance at 0x7fa4748e4500>,6,24,[14  2],7,22,46,15,19
1,<environment.Job instance at 0x7fa474745370>,4,21,[5 6],5,60,81,55,60
1,<environment.Job instance at 0x7fa4748e41e0>,10,14,[3 5],11,71,85,60,71
1,<environment.Job instance at 0x7fa4ba5f7960>,1,16,[12  5],2,81,97,79,73
1,<environment.Job instance at 0x7fa4748e4d20>,12,24,[10  5],13,97,121,84,92
1,<environment.Job instance at 0x7fa4ba44d230>,13,22,[5 8],14,97,119,83,92
1,<environment.Job instance at 0x7fa4ba44de10>,14,17,[12  2],15,121,138,106,109
1,<environment.Job instance at 0x7fa4ba44dd20>,15,20,[11  3],16,138,158,122,129
1,<environment.Job instance at 0x7fa4ba44dd70>,16,16,[ 5 14],17,158,174,141,145
1,<environment.Job instance at 0x7fa4ba44ddc0>,17,25,[6 2],18,174,199,156,170
1,<environment.Job instance at 0x7fa4ba44db40>,18,22,[ 4 10],19,174,196,155,170
1,<environment.Job instance at 0x7fa4ba44d6e0>,19,18,[12  2],20,199,217,179,188
1,<environment.Job instance at 0x7fa4748e4b40>,11,15,[ 3 11],12,196,211,184,190
1,<environment.Job instance at 0x7fa4ba44d550>,21,13,[ 4 11],22,217,230,195,211
1,<environment.Job instance at 0x7fa4ba44daa0>,22,17,[13  3],23,230,247,207,218
1,<environment.Job instance at 0x7fa4ba44d820>,25,20,[13  4],26,247,267,221,238
1,<environment.Job instance at 0x7fa4ba455e10>,26,23,[8 1],27,267,290,240,261
1,<environment.Job instance at 0x7fa4748e45a0>,9,23,[ 4 13],10,267,290,257,261
1,<environment.Job instance at 0x7fa474745910>,0,21,[11  1],1,1,22,0,1
1,<environment.Job instance at 0x7fa4748e4be0>,1,14,[ 3 12],2,9,23,7,9
1,<environment.Job instance at 0x7fa4bee240f0>,6,21,[11  3],7,22,43,15,14
1,<environment.Job instance at 0x7fa47466ea50>,7,25,[8 1],8,43,68,35,39
1,<environment.Job instance at 0x7fa4ba5cd9b0>,3,24,[7 5],4,43,67,39,39
1,<environment.Job instance at 0x7fa4ba584190>,8,18,[ 5 13],9,67,85,58,60
1,<environment.Job instance at 0x7fa4ba807c80>,17,21,[13  3],18,85,106,67,77
1,<environment.Job instance at 0x7fa4ba85a690>,12,28,[1 8],13,90,118,77,90
1,<environment.Job instance at 0x7fa4ba8074b0>,18,25,[13  5],19,106,131,87,103
1,<environment.Job instance at 0x7fa474c12460>,20,25,[8 1],21,131,156,110,127
1,<environment.Job instance at 0x7fa4ba7b36e0>,13,27,[ 3 13],14,131,158,117,129
1,<environment.Job instance at 0x7fa474c12870>,21,14,[14  1],22,158,172,136,143
1,<environment.Job instance at 0x7fa474c12140>,23,25,[ 4 12],24,172,197,148,168
1,<environment.Job instance at 0x7fa474c12230>,26,27,[10  1],27,172,199,145,170
1,<environment.Job instance at 0x7fa474c12320>,27,23,[10  1],28,199,222,171,193
1,<environment.Job instance at 0x7fa4ba4dd1e0>,14,27,[ 3 14],15,197,224,182,195
1,<environment.Job instance at 0x7fa474c12f50>,28,14,[ 5 14],29,224,238,195,210
1,<environment.Job instance at 0x7fa4ba91ebe0>,31,20,[ 1 12],32,238,258,206,229
1,<environment.Job instance at 0x7fa4ba91e280>,32,24,[14  1],33,244,268,211,244
1,<environment.Job instance at 0x7fa474c120a0>,22,17,[10  3],23,268,285,245,256
1,<environment.Job instance at 0x7fa474bdadc0>,35,26,[ 2 12],36,268,294,232,266
1,<environment.Job instance at 0x7fa474bda960>,2,15,[11  2],3,4,19,1,4
1,<environment.Job instance at 0x7fa4ba31ff50>,4,16,[ 2 12],5,5,21,0,5
1,<environment.Job instance at 0x7fa4bf292f00>,6,21,[4 8],7,21,42,14,13
1,<environment.Job instance at 0x7fa4bfb16500>,3,17,[11  4],4,21,38,17,13
1,<environment.Job instance at 0x7fa4bf292320>,10,21,[6 4],11,38,59,27,30
1,<environment.Job instance at 0x7fa4bf292820>,9,14,[13  4],10,59,73,49,44
1,<environment.Job instance at 0x7fa4ba798e60>,7,16,[11  1],8,73,89,65,62
1,<environment.Job instance at 0x7fa4ba899aa0>,15,22,[3 6],16,73,95,57,66
1,<environment.Job instance at 0x7fa474669280>,14,14,[11  1],15,89,103,74,75
1,<environment.Job instance at 0x7fa4bee9ec30>,17,28,[5 3],18,111,139,93,111
1,<environment.Job instance at 0x7fa4746691e0>,19,27,[ 1 14],20,139,166,119,137
1,<environment.Job instance at 0x7fa4bf292b90>,8,22,[12  3],9,166,188,157,164
1,<environment.Job instance at 0x7fa4bee24aa0>,18,24,[11  4],19,188,212,169,183
1,<environment.Job instance at 0x7fa4bf89a5f0>,22,24,[3 6],23,216,240,193,216
1,<environment.Job instance at 0x7fa4ba5576e0>,20,28,[13  2],21,251,279,230,251
1,<environment.Job instance at 0x7fa4bf3e6f00>,23,25,[14  1],24,279,304,255,277
1,<environment.Job instance at 0x7fa4745b1370>,0,27,[13  4],1,1,28,0,1
1,<environment.Job instance at 0x7fa4745b1aa0>,2,26,[2 7],3,11,37,8,11
1,<environment.Job instance at 0x7fa47465faf0>,5,14,[9 1],6,28,42,22,17
1,<environment.Job instance at 0x7fa47465fb40>,8,20,[ 2 13],9,37,57,28,30
1,<environment.Job instance at 0x7fa4745b1320>,1,17,[13  3],2,57,74,55,45
1,<environment.Job instance at 0x7fa4746148c0>,12,27,[8 4],13,74,101,61,72
1,<environment.Job instance at 0x7fa474614f50>,14,16,[ 1 11],15,81,97,66,81
1,<environment.Job instance at 0x7fa4746147d0>,16,13,[ 3 13],17,101,114,84,85
1,<environment.Job instance at 0x7fa474614280>,17,14,[13  4],18,114,128,96,99
1,<environment.Job instance at 0x7fa474614e10>,19,24,[8 5],20,128,152,108,123
1,<environment.Job instance at 0x7fa474614f00>,21,27,[ 5 14],22,152,179,130,150
1,<environment.Job instance at 0x7fa474d82820>,22,26,[ 3 13],23,179,205,156,176
1,<environment.Job instance at 0x7fa474d82f50>,23,15,[ 5 12],24,205,220,181,191
1,<environment.Job instance at 0x7fa474d82730>,26,15,[ 1 13],27,220,235,193,206
1,<environment.Job instance at 0x7fa474d82c30>,28,21,[9 3],29,235,256,206,227
1,<environment.Job instance at 0x7fa474614910>,10,13,[ 1 12],11,235,248,224,233
1,<environment.Job instance at 0x7fa4746317d0>,30,14,[11  1],31,256,270,225,241
1,<environment.Job instance at 0x7fa474d820f0>,27,23,[ 2 14],28,256,279,228,251
1,<environment.Job instance at 0x7fa474d82550>,29,13,[13  1],30,270,283,240,258
1,<environment.Job instance at 0x7fa4bf142e60>,3,27,[13  4],4,5,32,1,5
1,<environment.Job instance at 0x7fa4bee14730>,1,16,[11  3],2,32,48,30,20
1,<environment.Job instance at 0x7fa4bf2fee10>,8,24,[1 9],9,20,44,11,20
1,<environment.Job instance at 0x7fa4749cbcd0>,12,21,[ 3 14],13,48,69,35,40
1,<environment.Job instance at 0x7fa4749cb280>,13,21,[2 7],14,69,90,55,61
1,<environment.Job instance at 0x7fa4749cb960>,14,25,[14  3],15,90,115,75,86
1,<environment.Job instance at 0x7fa474d59e10>,15,24,[13  2],16,115,139,99,110
1,<environment.Job instance at 0x7fa474e529b0>,18,26,[11  3],19,139,165,120,136
1,<environment.Job instance at 0x7fa4745b1b90>,6,21,[ 1 12],7,138,159,131,138
1,<environment.Job instance at 0x7fa474e52a00>,19,14,[14  3],20,165,179,145,150
1,<environment.Job instance at 0x7fa4bf33e730>,21,28,[ 4 14],22,179,207,157,178
1,<environment.Job instance at 0x7fa4bf33e6e0>,22,19,[ 3 12],23,207,226,184,197
1,<environment.Job instance at 0x7fa4bf33e2d0>,24,13,[ 4 12],25,226,239,201,210
1,<environment.Job instance at 0x7fa4bf33edc0>,25,24,[5 6],26,239,263,213,234
1,<environment.Job instance at 0x7fa474d59500>,16,19,[8 4],17,246,265,229,246
1,<environment.Job instance at 0x7fa4bf33e3c0>,26,14,[13  2],27,265,279,238,250
1,<environment.Job instance at 0x7fa4bf33e320>,28,15,[ 2 13],29,265,280,236,251
1,<environment.Job instance at 0x7fae2f0bd410>,1,24,[10  1],2,2,26,0,2
1,<environment.Job instance at 0x7fae2f0bd5f0>,2,20,[7 4],3,26,46,23,17
1,<environment.Job instance at 0x7fae2df65c30>,7,26,[9 3],8,46,72,38,43
1,<environment.Job instance at 0x7fae2df65be0>,8,20,[ 4 13],9,72,92,63,63
1,<environment.Job instance at 0x7fae2df65c80>,9,16,[12  1],10,92,108,82,79
1,<environment.Job instance at 0x7fae2df65f00>,12,28,[ 1 14],13,92,120,79,91
1,<environment.Job instance at 0x7fae2df680f0>,14,15,[14  4],15,120,135,105,106
1,<environment.Job instance at 0x7fae2df68050>,15,20,[ 3 12],16,135,155,119,126
1,<environment.Job instance at 0x7fae2df68140>,16,28,[5 1],17,135,163,118,134
1,<environment.Job instance at 0x7fae2df684b0>,17,19,[12  4],18,163,182,145,153
1,<environment.Job instance at 0x7fae2df68500>,18,18,[13  1],19,182,200,163,171
1,<environment.Job instance at 0x7fae2df685a0>,19,23,[8 4],20,200,223,180,194
1,<environment.Job instance at 0x7fae2df659b0>,4,24,[7 2],5,200,224,195,195
1,<environment.Job instance at 0x7fae2df68640>,20,17,[ 2 14],21,224,241,203,212
1,<environment.Job instance at 0x7fae2df68820>,23,16,[12  2],24,241,257,217,228
1,<environment.Job instance at 0x7fae2df688c0>,24,20,[4 6],25,257,277,232,248
1,<environment.Job instance at 0x7fae2df68960>,25,24,[5 7],26,257,281,231,252
1,<environment.Job instance at 0x7fae2df68aa0>,27,17,[ 4 12],28,281,298,253,269
1,<environment.Job instance at 0x7fae2df6e780>,0,13,[ 4 12],1,1,14,0,1
1,<environment.Job instance at 0x7fae2df71960>,2,21,[14  2],3,14,35,11,6
1,<environment.Job instance at 0x7fae2df6ebe0>,6,21,[8 4],7,35,56,28,27
1,<environment.Job instance at 0x7fae2f23e370>,8,17,[ 3 13],9,56,73,47,44
1,<environment.Job instance at 0x7fae2f23e0a0>,9,19,[1 7],10,73,92,63,63
1,<environment.Job instance at 0x7fae2f23efa0>,10,28,[2 6],11,73,101,62,72
1,<environment.Job instance at 0x7fae2f23e820>,11,23,[13  5],12,92,115,80,86
1,<environment.Job instance at 0x7fae2f23e780>,12,14,[ 4 11],13,115,129,102,100
1,<environment.Job instance at 0x7fae2f23e190>,14,24,[2 8],15,129,153,114,124
1,<environment.Job instance at 0x7fae2f23e0f0>,15,26,[5 5],16,129,155,113,126
1,<environment.Job instance at 0x7fae2f23e460>,16,17,[ 4 12],17,155,172,138,143
1,<environment.Job instance at 0x7fae2f23ea00>,19,26,[1 7],20,172,198,152,169
1,<environment.Job instance at 0x7fae2f23e5f0>,22,28,[11  1],23,169,197,146,169
1,<environment.Job instance at 0x7fae2f238550>,24,19,[3 8],25,197,216,172,187
1,<environment.Job instance at 0x7fae2f238b40>,27,13,[10  1],28,198,211,170,189
1,<environment.Job instance at 0x7fae2f2381e0>,29,14,[12  1],30,211,225,181,196
1,<environment.Job instance at 0x7fae2f238a50>,30,19,[12  3],31,225,244,194,215
1,<environment.Job instance at 0x7fae2f238dc0>,31,19,[5 5],32,244,263,212,234
1,<environment.Job instance at 0x7fae2f235c80>,33,21,[4 8],34,244,265,210,236
1,<environment.Job instance at 0x7fae2f235190>,37,26,[2 7],38,263,289,225,260
1,<environment.Job instance at 0x7fade3fe9a50>,0,28,[13  5],1,1,29,0,1
1,<environment.Job instance at 0x7fae2f235550>,1,28,[ 5 11],2,29,57,27,28
1,<environment.Job instance at 0x7fade3fe9c80>,8,25,[1 7],9,57,82,48,53
1,<environment.Job instance at 0x7fade3fe97d0>,10,27,[ 3 11],11,82,109,71,80
1,<environment.Job instance at 0x7fade3fabe10>,12,17,[12  4],13,80,97,67,80
1,<environment.Job instance at 0x7fade3fabf00>,11,23,[5 1],12,97,120,85,91
1,<environment.Job instance at 0x7fade3fe9780>,3,13,[11  4],4,120,133,116,108
1,<environment.Job instance at 0x7fade3fabc80>,15,19,[14  5],16,133,152,117,123
1,<environment.Job instance at 0x7fade3fab8c0>,17,26,[5 4],18,152,178,134,149
1,<environment.Job instance at 0x7fade3fab3c0>,20,17,[ 4 12],21,178,195,157,166
1,<environment.Job instance at 0x7fade3fab5a0>,21,27,[ 4 11],22,195,222,173,193
1,<environment.Job instance at 0x7fade3fab500>,23,26,[5 2],24,193,219,169,193
1,<environment.Job instance at 0x7fade408e870>,24,18,[13  5],25,222,240,197,211
1,<environment.Job instance at 0x7fade408e730>,26,27,[12  1],27,240,267,213,238
1,<environment.Job instance at 0x7fade408e230>,28,26,[1 6],29,238,264,209,238
1,<environment.Job instance at 0x7fade408e690>,29,14,[13  2],30,267,281,237,253
1,<environment.Job instance at 0x7fae2f235780>,2,15,[ 2 13],3,264,279,261,253
1,<environment.Job instance at 0x7fae2df6c820>,0,24,[ 2 13],1,1,25,0,1
1,<environment.Job instance at 0x7fade3fb36e0>,1,28,[7 1],2,2,30,0,2
1,<environment.Job instance at 0x7fade4138d20>,3,27,[9 2],4,30,57,26,28
1,<environment.Job instance at 0x7fade3fa2140>,5,17,[5 8],6,28,45,22,28
1,<environment.Job instance at 0x7fade45e55a0>,9,25,[ 2 11],10,45,70,35,41
1,<environment.Job instance at 0x7fade4081eb0>,10,26,[5 4],11,64,90,53,64
1,<environment.Job instance at 0x7fade4081370>,12,19,[2 5],13,70,89,57,64
1,<environment.Job instance at 0x7fade4081140>,13,17,[13  1],14,90,107,76,84
1,<environment.Job instance at 0x7fade40811e0>,11,23,[ 3 14],12,107,130,95,101
1,<environment.Job instance at 0x7fade4081910>,15,16,[11  3],16,130,146,114,117
1,<environment.Job instance at 0x7fade4081280>,14,22,[3 8],15,130,152,115,123
1,<environment.Job instance at 0x7fade4081cd0>,17,18,[14  2],18,152,170,134,142
1,<environment.Job instance at 0x7fade4081190>,18,14,[6 3],19,170,184,151,156
1,<environment.Job instance at 0x7fade4081af0>,19,17,[14  3],20,184,201,164,172
1,<environment.Job instance at 0x7fae2df190a0>,20,24,[ 4 11],21,201,225,180,196
1,<environment.Job instance at 0x7fae2df19820>,21,14,[ 5 10],22,225,239,203,220
1,<environment.Job instance at 0x7fade4081460>,16,24,[13  4],17,239,263,222,234
1,<environment.Job instance at 0x7fae2df19960>,22,17,[4 7],23,263,280,240,251
1,<environment.Job instance at 0x7fade45e2fa0>,25,24,[3 7],26,263,287,237,258
1,<environment.Job instance at 0x7fade3fa2be0>,0,13,[12  2],1,1,14,0,1
1,<environment.Job instance at 0x7fade45e2780>,1,27,[3 6],2,2,29,0,2
1,<environment.Job instance at 0x7fade3fb35a0>,2,22,[2 8],3,14,36,11,7
1,<environment.Job instance at 0x7fade4429320>,7,14,[11  1],8,29,43,21,14
1,<environment.Job instance at 0x7fade3f48af0>,8,24,[12  2],9,43,67,34,38
1,<environment.Job instance at 0x7fade3fb3780>,3,15,[6 1],4,67,82,63,58
1,<environment.Job instance at 0x7fade45e2fa0>,4,18,[5 4],5,67,85,62,59
1,<environment.Job instance at 0x7fade4429190>,9,20,[12  3],10,85,105,75,76
1,<environment.Job instance at 0x7fade40e0550>,13,17,[ 3 12],14,85,102,71,76
1,<environment.Job instance at 0x7fade40e09b0>,15,19,[ 4 14],16,105,124,89,95
1,<environment.Job instance at 0x7fade40e0f50>,16,16,[ 5 12],17,124,140,107,111
1,<environment.Job instance at 0x7fade40e05f0>,18,16,[ 1 14],19,140,156,121,127
1,<environment.Job instance at 0x7fade40e0960>,19,18,[ 1 14],20,156,174,136,145
1,<environment.Job instance at 0x7fade40e0690>,20,23,[1 9],21,174,197,153,168
1,<environment.Job instance at 0x7fade40e0aa0>,11,15,[11  5],12,186,201,174,186
1,<environment.Job instance at 0x7fae2e5f2aa0>,21,17,[14  5],22,201,218,179,194
1,<environment.Job instance at 0x7fade40e0a50>,17,21,[ 1 12],18,218,239,200,210
1,<environment.Job instance at 0x7fae2e61f4b0>,25,18,[11  1],26,218,236,192,216
1,<environment.Job instance at 0x7fade46451e0>,24,15,[14  2],25,236,251,211,223
1,<environment.Job instance at 0x7fade42e3730>,27,17,[12  1],28,251,268,223,240
1,<environment.Job instance at 0x7fade42e3e10>,28,20,[12  2],29,268,288,239,259
1,<environment.Job instance at 0x7fade42d1190>,0,27,[11  1],1,1,28,0,1
1,<environment.Job instance at 0x7fade42d1370>,1,24,[6 2],2,28,52,26,23
1,<environment.Job instance at 0x7fade42d1b90>,3,16,[5 8],4,28,44,24,24
1,<environment.Job instance at 0x7fade42d1eb0>,8,26,[ 2 13],9,44,70,35,41
1,<environment.Job instance at 0x7fade42d1690>,10,27,[3 9],11,70,97,59,68
1,<environment.Job instance at 0x7fade42d1230>,7,27,[5 1],8,79,106,71,79
1,<environment.Job instance at 0x7fae2e9c2dc0>,11,20,[ 4 11],12,97,117,85,88
1,<environment.Job instance at 0x7fae2e9c2a00>,13,17,[10  2],14,106,123,92,94
1,<environment.Job instance at 0x7fae2e9c2280>,14,27,[1 5],15,117,144,102,115
1,<environment.Job instance at 0x7fae2e9c27d0>,15,26,[11  3],16,123,149,107,120
1,<environment.Job instance at 0x7fae2e9c2b40>,16,25,[11  3],17,149,174,132,145
1,<environment.Job instance at 0x7fae2e9c2320>,17,17,[10  4],18,174,191,156,162
1,<environment.Job instance at 0x7fae2e9c2140>,18,13,[6 4],19,191,204,172,181
1,<environment.Job instance at 0x7fae2e9c2820>,19,25,[ 3 13],20,204,229,184,201
1,<environment.Job instance at 0x7fae2e9c2960>,20,19,[11  3],21,229,248,208,219
1,<environment.Job instance at 0x7fade42d15f0>,4,23,[1 8],5,229,252,224,224
1,<environment.Job instance at 0x7fae2e6b2820>,21,16,[6 3],22,248,264,226,241
1,<environment.Job instance at 0x7fade42d19b0>,9,28,[14  4],10,264,292,254,263
1,<environment.Job instance at 0x7fae2ec42af0>,6,17,[13  5],7,9,26,2,9
1,<environment.Job instance at 0x7fae2ec42a50>,7,13,[ 5 14],8,26,39,18,16
1,<environment.Job instance at 0x7fade4373d70>,1,15,[14  2],2,39,54,37,25
1,<environment.Job instance at 0x7fae2ec42960>,11,12,[12  3],12,54,66,42,37
1,<environment.Job instance at 0x7fae2ea07aa0>,12,28,[6 3],13,66,94,53,65
1,<environment.Job instance at 0x7fae2ea07be0>,13,23,[ 1 11],14,75,98,61,75
1,<environment.Job instance at 0x7fae2e002fa0>,15,27,[12  4],16,94,121,78,92
1,<environment.Job instance at 0x7fae2e543cd0>,3,18,[9 5],4,121,139,117,110
1,<environment.Job instance at 0x7fae2ec426e0>,9,16,[11  3],10,139,155,129,127
1,<environment.Job instance at 0x7fae2e002d70>,16,13,[14  5],17,155,168,138,139
1,<environment.Job instance at 0x7fade417b230>,21,15,[13  3],22,168,183,146,156
1,<environment.Job instance at 0x7fae2e23b5f0>,22,28,[11  2],23,183,211,160,182
1,<environment.Job instance at 0x7fae2e23b370>,23,24,[7 5],24,211,235,187,206
1,<environment.Job instance at 0x7fae2e48ee60>,25,20,[5 8],26,211,231,185,208
1,<environment.Job instance at 0x7fae2de1d1e0>,26,27,[ 4 13],27,235,262,208,233
1,<environment.Job instance at 0x7fade42762d0>,27,28,[ 1 14],28,262,290,234,261
1,<environment.Job instance at 0x7fae2e27fc30>,28,12,[13  4],29,290,302,261,273
1,<environment.Job instance at 0x7fae2e08d690>,0,23,[ 4 11],1,1,24,0,1
1,<environment.Job instance at 0x7fade43664b0>,3,26,[7 4],4,6,32,2,6
1,<environment.Job instance at 0x7fae2e6afc30>,1,14,[ 2 14],2,32,46,30,17
1,<environment.Job instance at 0x7fade4586410>,10,28,[8 2],11,46,74,35,45
1,<environment.Job instance at 0x7fae2e08dc30>,6,24,[6 3],7,46,70,39,45
1,<environment.Job instance at 0x7fae2e27fc30>,2,27,[1 8],3,46,73,43,46
1,<environment.Job instance at 0x7fade45869b0>,12,27,[12  1],13,74,101,61,72
1,<environment.Job instance at 0x7fade45863c0>,14,15,[ 3 13],15,73,88,58,73
1,<environment.Job instance at 0x7fade4586d70>,15,21,[ 5 12],16,101,122,85,94
1,<environment.Job instance at 0x7fade4586fa0>,11,26,[14  3],12,122,148,110,119
1,<environment.Job instance at 0x7fade45865a0>,17,23,[9 5],18,148,171,130,142
1,<environment.Job instance at 0x7fade4586500>,16,21,[ 5 10],17,148,169,131,143
1,<environment.Job instance at 0x7fade40c5190>,21,25,[12  5],22,171,196,149,167
1,<environment.Job instance at 0x7fade4586be0>,19,22,[2 5],20,171,193,151,171
1,<environment.Job instance at 0x7fade40c5230>,22,24,[6 4],23,196,220,173,191
1,<environment.Job instance at 0x7fade4552d70>,23,19,[ 2 11],24,196,215,172,191
1,<environment.Job instance at 0x7fade4552dc0>,24,23,[13  3],25,220,243,195,214
1,<environment.Job instance at 0x7fade4552f00>,25,13,[5 5],26,243,256,217,228
1,<environment.Job instance at 0x7fae2de5ceb0>,27,25,[4 9],28,243,268,215,240
1,<environment.Job instance at 0x7fae2de5c820>,28,26,[6 1],29,243,269,214,240
1,<environment.Job instance at 0x7fae2de84be0>,30,24,[4 8],31,268,292,237,263
1,<environment.Job instance at 0x7fade453b1e0>,0,27,[14  3],1,1,28,0,1
1,<environment.Job instance at 0x7fade453beb0>,1,18,[ 1 14],2,28,46,26,17
1,<environment.Job instance at 0x7fade453ba50>,6,28,[5 7],7,46,74,39,45
1,<environment.Job instance at 0x7fade453b0a0>,7,16,[ 4 11],8,74,90,66,61
1,<environment.Job instance at 0x7fade453bc30>,9,22,[ 3 11],10,90,112,80,83
1,<environment.Job instance at 0x7fae2e1760a0>,10,20,[4 9],11,112,132,101,103
1,<environment.Job instance at 0x7fae2e176910>,11,13,[ 5 12],12,132,145,120,116
1,<environment.Job instance at 0x7fae2e176e10>,12,23,[ 5 11],13,145,168,132,139
1,<environment.Job instance at 0x7fae2e6a45f0>,13,27,[12  4],14,168,195,154,166
1,<environment.Job instance at 0x7fae2e6a4550>,14,13,[12  4],15,195,208,180,183
1,<environment.Job instance at 0x7fae2e6a4910>,15,23,[9 4],16,208,231,192,202
1,<environment.Job instance at 0x7fae2e6a42d0>,16,13,[ 3 14],17,231,244,214,215
1,<environment.Job instance at 0x7fae2e6a4be0>,17,24,[ 4 14],18,244,268,226,239
1,<environment.Job instance at 0x7fae2e6a43c0>,19,24,[13  3],20,268,292,248,263
1,<environment.Job instance at 0x7fae2e318d70>,0,23,[3 9],1,1,24,0,1
1,<environment.Job instance at 0x7fae2e318910>,1,19,[ 4 14],2,24,43,22,14
1,<environment.Job instance at 0x7fae2e318500>,8,22,[ 4 12],9,43,65,34,36
1,<environment.Job instance at 0x7fade4566050>,11,27,[6 4],12,65,92,53,63
1,<environment.Job instance at 0x7fade42cc230>,9,25,[8 2],10,63,88,53,63
1,<environment.Job instance at 0x7fade4566780>,15,12,[12  2],16,92,104,76,75
1,<environment.Job instance at 0x7fade4566b40>,16,12,[14  2],17,104,116,87,88
1,<environment.Job instance at 0x7fade415e780>,19,25,[13  3],20,116,141,96,112
1,<environment.Job instance at 0x7fade415ed20>,20,14,[ 1 14],21,141,155,120,126
1,<environment.Job instance at 0x7fade415ef00>,23,22,[13  3],24,155,177,131,148
1,<environment.Job instance at 0x7fae2ea24140>,24,20,[7 5],25,177,197,152,168
1,<environment.Job instance at 0x7fade415e870>,25,21,[4 8],26,177,198,151,174
1,<environment.Job instance at 0x7fae2ddf6690>,27,20,[8 5],28,197,217,169,188
1,<environment.Job instance at 0x7fae2ddf6640>,28,18,[11  4],29,217,235,188,206
1,<environment.Job instance at 0x7fade4566280>,13,20,[4 7],14,217,237,203,217
1,<environment.Job instance at 0x7fae2df1b140>,29,24,[10  3],30,235,259,205,230
1,<environment.Job instance at 0x7fae2e1ab050>,31,20,[ 3 14],32,259,279,227,250
1,<environment.Job instance at 0x7fae2df015f0>,1,27,[5 5],2,2,29,0,2
1,<environment.Job instance at 0x7fae2e6538c0>,3,25,[5 5],4,4,29,0,4
1,<environment.Job instance at 0x7fae2e870050>,4,26,[12  3],5,29,55,24,26
1,<environment.Job instance at 0x7fae2e6d3a00>,6,15,[13  2],7,55,70,48,42
1,<environment.Job instance at 0x7fade4446640>,10,25,[8 3],11,70,95,59,66
1,<environment.Job instance at 0x7fae2e1e1b90>,11,19,[14  2],12,95,114,83,85
1,<environment.Job instance at 0x7fade4446af0>,12,18,[14  4],13,114,132,101,103
1,<environment.Job instance at 0x7fade3d9f820>,13,14,[14  2],14,132,146,118,117
1,<environment.Job instance at 0x7fade3d9faf0>,14,13,[5 5],15,146,159,131,130
1,<environment.Job instance at 0x7fade3d9f4b0>,15,22,[4 7],16,146,168,130,140
1,<environment.Job instance at 0x7fade3d9fe10>,16,18,[6 3],17,146,164,129,140
1,<environment.Job instance at 0x7fade3ddc5a0>,9,19,[ 2 13],10,168,187,158,158
1,<environment.Job instance at 0x7fade3d9f9b0>,18,27,[1 9],19,187,214,168,185
1,<environment.Job instance at 0x7fade3d9f0f0>,17,16,[9 4],18,187,203,169,185
1,<environment.Job instance at 0x7fae2dff22d0>,20,14,[9 5],21,203,217,182,188
1,<environment.Job instance at 0x7fae2e6d3640>,5,20,[14  4],6,217,237,211,212
1,<environment.Job instance at 0x7fade3d9f410>,21,26,[ 5 14],22,237,263,215,234
1,<environment.Job instance at 0x7fae2e763910>,23,19,[7 5],24,263,282,239,256
1,<environment.Job instance at 0x7fae2df800a0>,24,25,[ 4 10],25,263,288,238,259
1,<environment.Job instance at 0x7fae2e6d36e0>,5,22,[ 5 13],6,6,28,0,6
1,<environment.Job instance at 0x7fae2ea24320>,6,12,[ 3 11],7,28,40,21,14
1,<environment.Job instance at 0x7fae2ea24f00>,11,22,[ 4 12],12,40,62,28,33
1,<environment.Job instance at 0x7fae2dd6b7d0>,14,27,[12  1],15,62,89,47,60
1,<environment.Job instance at 0x7fae2df800a0>,2,17,[ 2 12],3,69,86,66,69
1,<environment.Job instance at 0x7fae2ea92aa0>,16,13,[ 5 11],17,89,102,72,74
1,<environment.Job instance at 0x7fade3f66c80>,18,13,[10  1],19,89,102,70,75
1,<environment.Job instance at 0x7fae2ea24870>,8,21,[5 6],9,102,123,93,97
1,<environment.Job instance at 0x7fade43abe60>,22,23,[14  5],23,123,146,100,117
1,<environment.Job instance at 0x7fae2e76aaf0>,1,24,[2 6],2,2,26,0,2
1,<environment.Job instance at 0x7fae2dede780>,2,13,[ 5 12],3,26,39,23,10
1,<environment.Job instance at 0x7fade4392640>,8,14,[5 8],9,11,25,2,11
1,<environment.Job instance at 0x7fade4392820>,7,25,[3 7],8,39,64,31,35
1,<environment.Job instance at 0x7fade4392320>,10,25,[ 5 14],11,64,89,53,60
1,<environment.Job instance at 0x7fade4392730>,11,17,[ 1 13],12,89,106,77,77
1,<environment.Job instance at 0x7fade4392a50>,12,16,[ 1 13],13,106,122,93,93
1,<environment.Job instance at 0x7fae2de819b0>,13,28,[2 7],14,122,150,108,121
1,<environment.Job instance at 0x7fae2de81f00>,14,19,[3 6],15,122,141,107,121
1,<environment.Job instance at 0x7fae2de81d20>,15,25,[3 9],16,150,175,134,146
1,<environment.Job instance at 0x7fade43923c0>,4,14,[8 4],5,148,162,143,148
1,<environment.Job instance at 0x7fae2de81780>,17,13,[ 1 13],18,175,188,157,159
1,<environment.Job instance at 0x7fade4420140>,22,22,[ 5 12],23,188,210,165,181
1,<environment.Job instance at 0x7fae2de81b40>,19,12,[ 4 11],20,210,222,190,193
1,<environment.Job instance at 0x7fade4420b40>,20,12,[2 8],21,222,234,201,215
1,<environment.Job instance at 0x7fade4392780>,5,14,[11  2],6,228,242,222,228
1,<environment.Job instance at 0x7fade4420a00>,26,14,[4 9],27,234,248,207,230
1,<environment.Job instance at 0x7fade4420e10>,23,17,[13  5],24,248,265,224,236
1,<environment.Job instance at 0x7fade4420cd0>,31,23,[ 5 12],32,265,288,233,259
1,<environment.Job instance at 0x7fae2e434500>,0,18,[ 4 11],1,1,19,0,1
1,<environment.Job instance at 0x7fae2e6772d0>,1,18,[ 3 12],2,19,37,17,8
1,<environment.Job instance at 0x7fae2e434780>,2,12,[7 2],3,9,21,6,9
1,<environment.Job instance at 0x7fade42ab910>,6,14,[13  4],7,37,51,30,22
1,<environment.Job instance at 0x7fade42abd70>,8,12,[ 5 11],9,51,63,42,34
1,<environment.Job instance at 0x7fade42e9910>,9,25,[5 1],10,51,76,41,47
1,<environment.Job instance at 0x7fae2eb60870>,10,22,[10  1],11,63,85,52,56
1,<environment.Job instance at 0x7fade4171050>,5,18,[ 2 10],6,76,94,70,71
1,<environment.Job instance at 0x7fade42ab0f0>,7,15,[13  3],8,85,100,77,73
1,<environment.Job instance at 0x7fae2eb60f50>,11,14,[14  2],12,100,114,88,85
1,<environment.Job instance at 0x7fae2e189be0>,17,15,[ 5 12],18,114,129,96,100
1,<environment.Job instance at 0x7fae2e554be0>,18,26,[11  4],19,129,155,110,126
1,<environment.Job instance at 0x7fae2e189230>,14,15,[14  4],15,155,170,140,142
1,<environment.Job instance at 0x7fade4022f50>,19,21,[12  2],20,170,191,150,162
1,<environment.Job instance at 0x7fae2e6f7f00>,4,19,[ 2 13],5,172,191,167,172
1,<environment.Job instance at 0x7fade42a7550>,3,24,[13  4],4,191,215,187,186
1,<environment.Job instance at 0x7fae2e40db40>,23,17,[ 4 12],24,215,232,191,203
1,<environment.Job instance at 0x7fade4022910>,27,22,[ 4 13],28,232,254,204,225
1,<environment.Job instance at 0x7fae2e1ab5a0>,29,21,[ 4 14],30,254,275,224,246
1,<environment.Job instance at 0x7fade3da06e0>,30,23,[3 9],31,275,298,244,269
1,<environment.Job instance at 0x7fae2e1abdc0>,31,13,[12  5],32,275,288,243,270
1,<environment.Job instance at 0x7fade4022c80>,1,18,[ 1 12],2,2,20,0,2
1,<environment.Job instance at 0x7fae2e434960>,2,24,[6 3],3,3,27,0,3
1,<environment.Job instance at 0x7fae2e677fa0>,3,16,[13  4],4,27,43,23,18
1,<environment.Job instance at 0x7fade416c5a0>,8,23,[11  4],9,43,66,34,37
1,<environment.Job instance at 0x7fade43855a0>,6,19,[ 2 11],7,41,60,34,41
1,<environment.Job instance at 0x7fade40a1910>,12,26,[14  3],13,66,92,53,63
1,<environment.Job instance at 0x7fade40a1c30>,13,17,[14  4],14,92,109,78,89
1,<environment.Job instance at 0x7fae2ea2dc80>,16,12,[12  5],17,109,121,92,109
1,<environment.Job instance at 0x7fae2ea2ddc0>,15,17,[11  2],16,121,138,105,115
1,<environment.Job instance at 0x7fae2eb9d050>,4,12,[ 5 11],5,138,150,133,122
1,<environment.Job instance at 0x7fae2de69320>,23,13,[13  3],24,150,163,126,140
1,<environment.Job instance at 0x7fade420e870>,17,22,[11  3],18,163,185,145,156
1,<environment.Job instance at 0x7fae2de69370>,25,19,[13  1],26,185,204,159,179
1,<environment.Job instance at 0x7fae2de694b0>,27,24,[ 1 11],28,182,206,154,182
1,<environment.Job instance at 0x7fae2de69410>,26,15,[12  3],27,204,219,177,195
1,<environment.Job instance at 0x7fae2de69690>,30,14,[9 2],31,219,233,188,213
1,<environment.Job instance at 0x7fae2de692d0>,24,25,[ 1 14],25,233,258,208,229
1,<environment.Job instance at 0x7fae2de697d0>,32,16,[11  1],33,233,249,200,229
1,<environment.Job instance at 0x7fae2de69550>,28,27,[10  4],29,259,286,230,259
1,<environment.Job instance at 0x7fae2de69870>,33,28,[ 4 11],34,263,291,229,263
1,<environment.Job instance at 0x7fae2e2f3b40>,0,14,[ 4 13],1,1,15,0,1
1,<environment.Job instance at 0x7fae2de69820>,1,23,[ 5 14],2,15,38,13,9
1,<environment.Job instance at 0x7fae2de835f0>,6,23,[9 1],7,9,32,2,9
1,<environment.Job instance at 0x7fae2de83c30>,8,28,[12  2],9,38,66,29,37
1,<environment.Job instance at 0x7fae2de834b0>,4,17,[13  4],5,66,83,61,57
1,<environment.Job instance at 0x7fae2de83dc0>,12,14,[12  1],13,83,97,70,70
1,<environment.Job instance at 0x7fae2de83a00>,3,22,[ 2 14],4,83,105,79,76
1,<environment.Job instance at 0x7fade404a690>,14,25,[10  1],15,97,122,82,93
1,<environment.Job instance at 0x7fade404a460>,18,13,[ 2 13],19,105,118,86,93
1,<environment.Job instance at 0x7fade404a8c0>,19,14,[13  2],20,122,136,102,107
1,<environment.Job instance at 0x7fade404a9b0>,16,12,[ 3 14],17,136,148,119,123
1,<environment.Job instance at 0x7fade404a820>,15,13,[ 5 11],16,148,161,132,136
1,<environment.Job instance at 0x7fade404a5a0>,22,20,[ 2 12],23,161,181,138,152
1,<environment.Job instance at 0x7fade42bed20>,23,20,[13  1],24,161,181,137,152
1,<environment.Job instance at 0x7fade404a280>,21,25,[ 1 10],22,182,207,160,182
1,<environment.Job instance at 0x7fae2de69870>,2,23,[13  5],3,182,205,179,182
1,<environment.Job instance at 0x7fade404a4b0>,20,18,[11  2],21,205,223,184,194
1,<environment.Job instance at 0x7fade42beb90>,28,22,[2 8],29,207,229,178,200
1,<environment.Job instance at 0x7fade42be9b0>,30,25,[12  2],31,223,248,192,219
1,<environment.Job instance at 0x7fade42be230>,31,22,[11  3],32,248,270,216,241
1,<environment.Job instance at 0x7fade42be870>,25,20,[3 7],26,241,261,215,241
1,<environment.Job instance at 0x7fade42be460>,32,24,[12  5],33,270,294,237,265
1,<environment.Job instance at 0x7fae2ec82550>,0,23,[8 4],1,1,24,0,1
1,<environment.Job instance at 0x7fade45a1410>,2,21,[11  5],3,24,45,21,16
1,<environment.Job instance at 0x7fade3d90910>,7,20,[ 5 13],8,45,65,37,36
1,<environment.Job instance at 0x7fae2e6b0d70>,9,20,[13  2],10,65,85,55,56
1,<environment.Job instance at 0x7fae2e6b0f50>,10,16,[ 2 14],11,85,101,74,72
1,<environment.Job instance at 0x7fae2e6b0cd0>,11,26,[7 3],12,101,127,89,98
1,<environment.Job instance at 0x7fade45a15a0>,4,27,[8 5],5,101,128,96,100
1,<environment.Job instance at 0x7fae2e6b0230>,12,16,[ 3 13],13,128,144,115,115
1,<environment.Job instance at 0x7fae2e6b09b0>,14,22,[14  1],15,144,166,129,137
1,<environment.Job instance at 0x7fae2e6b0dc0>,16,15,[ 1 12],17,147,162,130,147
1,<environment.Job instance at 0x7fae2e6b04b0>,17,19,[1 8],18,162,181,144,152
1,<environment.Job instance at 0x7fae2e534140>,18,20,[7 4],19,166,186,147,157
1,<environment.Job instance at 0x7fae2e5341e0>,20,14,[13  5],21,186,200,165,171
1,<environment.Job instance at 0x7fae2e677cd0>,24,18,[ 3 13],25,200,218,175,189
1,<environment.Job instance at 0x7fae2f2346e0>,25,27,[ 1 14],26,218,245,192,216
1,<environment.Job instance at 0x7fae2e534f50>,26,21,[14  2],27,245,266,218,237
1,<environment.Job instance at 0x7fae2e0f63c0>,27,22,[11  1],28,266,288,238,259
1,<environment.Job instance at 0x7fade42fb370>,0,20,[12  3],1,2,22,1,2
1,<environment.Job instance at 0x7fae2e0f6a00>,2,24,[8 5],3,22,46,19,17
1,<environment.Job instance at 0x7fae2de3cd20>,6,17,[12  3],7,46,63,39,34
1,<environment.Job instance at 0x7fade443da00>,8,25,[ 4 10],9,63,88,54,59
1,<environment.Job instance at 0x7fae2e23d410>,9,26,[3 6],10,88,114,78,85
1,<environment.Job instance at 0x7fae2de3cb90>,11,14,[11  5],12,86,100,74,86
1,<environment.Job instance at 0x7fade43377d0>,12,24,[ 4 12],13,114,138,101,109
1,<environment.Job instance at 0x7fade43379b0>,13,23,[1 6],14,138,161,124,132
1,<environment.Job instance at 0x7fae2e20e0a0>,16,24,[13  1],17,138,162,121,133
1,<environment.Job instance at 0x7fae2e20e4b0>,17,13,[11  1],18,162,175,144,148
1,<environment.Job instance at 0x7fae2e8bc5f0>,18,22,[10  1],19,175,197,156,168
1,<environment.Job instance at 0x7fae2e5fa370>,19,16,[13  1],20,197,213,177,186
1,<environment.Job instance at 0x7fae2e20e960>,21,20,[3 8],22,213,233,191,204
1,<environment.Job instance at 0x7fade43c9820>,22,21,[11  4],23,213,234,190,205
1,<environment.Job instance at 0x7fade43c9960>,23,13,[13  5],24,234,247,210,221
1,<environment.Job instance at 0x7fade43c9370>,24,16,[ 5 13],25,247,263,222,234
1,<environment.Job instance at 0x7fade43c9690>,25,27,[ 1 10],26,263,290,237,261
1,<environment.Job instance at 0x7fae2de3c640>,7,14,[14  1],8,263,277,255,261
1,<environment.Job instance at 0x7fade43c9190>,26,22,[9 5],27,277,299,250,270
1,<environment.Job instance at 0x7fade43aa910>,0,13,[ 1 12],1,1,14,0,1
1,<environment.Job instance at 0x7fae2e875af0>,1,16,[ 2 12],2,14,30,12,2
1,<environment.Job instance at 0x7fae2e875410>,2,27,[ 3 11],3,30,57,27,28
1,<environment.Job instance at 0x7fae2e8755f0>,7,16,[ 4 14],8,57,73,49,44
1,<environment.Job instance at 0x7fae2e875690>,9,14,[13  3],10,73,87,63,58
1,<environment.Job instance at 0x7fae2e875c30>,10,24,[3 9],11,87,111,76,82
1,<environment.Job instance at 0x7fae2e8750a0>,13,20,[8 4],14,87,107,73,82
1,<environment.Job instance at 0x7fae2e8751e0>,14,27,[1 9],15,111,138,96,109
1,<environment.Job instance at 0x7fae2e875780>,15,25,[ 2 12],16,138,163,122,134
1,<environment.Job instance at 0x7fae2e875aa0>,16,27,[1 6],17,163,190,146,161
1,<environment.Job instance at 0x7fae2e875320>,17,27,[8 5],18,163,190,145,161
1,<environment.Job instance at 0x7fae2e875fa0>,19,17,[ 1 11],20,190,207,170,178
1,<environment.Job instance at 0x7fae2e8754b0>,20,13,[ 3 14],21,207,220,186,191
1,<environment.Job instance at 0x7fae2e875f50>,23,16,[11  2],24,220,236,196,209
1,<environment.Job instance at 0x7fae2e8759b0>,24,27,[5 2],25,236,263,211,234
1,<environment.Job instance at 0x7fae2de3c6e0>,3,21,[ 3 13],4,236,257,232,236
1,<environment.Job instance at 0x7fae2e42fd70>,25,13,[13  5],26,263,276,237,247
1,<environment.Job instance at 0x7fae2e42ffa0>,27,26,[10  5],28,276,302,248,273
1,<environment.Job instance at 0x7fae2e6e0d70>,0,12,[ 3 12],1,1,13,0,1
1,<environment.Job instance at 0x7fae2e42f8c0>,1,15,[11  5],2,22,37,20,22
1,<environment.Job instance at 0x7fade4246b40>,9,26,[ 2 14],10,37,63,27,34
1,<environment.Job instance at 0x7fae2e870fa0>,5,16,[11  5],6,63,79,57,58
1,<environment.Job instance at 0x7fade42469b0>,11,14,[14  3],12,79,93,67,64
1,<environment.Job instance at 0x7fade42465f0>,14,21,[5 4],15,93,114,78,85
1,<environment.Job instance at 0x7fae2ddec370>,16,22,[7 2],17,93,115,76,88
1,<environment.Job instance at 0x7fae2ddec960>,17,28,[3 5],18,93,121,75,92
1,<environment.Job instance at 0x7fae2ddecaf0>,18,23,[8 3],19,115,138,96,109
1,<environment.Job instance at 0x7fae2ddecc30>,19,12,[5 4],20,121,133,101,109
1,<environment.Job instance at 0x7fae2dfcf050>,20,25,[ 4 10],21,133,158,112,129
1,<environment.Job instance at 0x7fae2dfcffa0>,23,23,[1 5],24,138,161,114,133
1,<environment.Job instance at 0x7fae2dfcf6e0>,24,18,[ 1 12],25,161,179,136,150
1,<environment.Job instance at 0x7fae2dfcf0a0>,25,15,[ 3 13],26,179,194,153,165
1,<environment.Job instance at 0x7fae2dfcf2d0>,27,16,[13  1],28,194,210,166,181
1,<environment.Job instance at 0x7fae2dfcf370>,28,13,[7 1],29,181,194,152,181
1,<environment.Job instance at 0x7fae2e6e0280>,4,12,[13  3],5,210,222,205,194
1,<environment.Job instance at 0x7fade4246640>,13,12,[ 5 12],14,222,234,208,207
1,<environment.Job instance at 0x7fae2dfcfcd0>,32,18,[8 1],33,222,240,189,215
1,<environment.Job instance at 0x7fae2e6e0050>,3,16,[13  2],4,240,256,236,233
1,<environment.Job instance at 0x7fae2dfcf5f0>,34,14,[ 5 13],35,256,270,221,242
1,<environment.Job instance at 0x7fae2dfcf550>,35,23,[ 3 10],36,270,293,234,264
1,<environment.Job instance at 0x7f16fe482410>,1,24,[10  1],2,2,26,0,2
1,<environment.Job instance at 0x7f16fe4825f0>,2,20,[7 4],3,26,46,23,17
1,<environment.Job instance at 0x7f16f9075b40>,7,26,[9 3],8,46,72,38,43
1,<environment.Job instance at 0x7f16f9075be0>,8,20,[ 4 13],9,72,92,63,63
1,<environment.Job instance at 0x7f16f9075c80>,9,16,[12  1],10,92,108,82,79
1,<environment.Job instance at 0x7f16f9075f00>,12,28,[ 1 14],13,92,120,79,91
1,<environment.Job instance at 0x7f16f90780f0>,14,15,[14  4],15,120,135,105,106
1,<environment.Job instance at 0x7f16f9078050>,15,20,[ 3 12],16,135,155,119,126
1,<environment.Job instance at 0x7f16f9078140>,16,28,[5 1],17,135,163,118,134
1,<environment.Job instance at 0x7f16f90784b0>,17,19,[12  4],18,163,182,145,153
1,<environment.Job instance at 0x7f16f9078500>,18,18,[13  1],19,182,200,163,171
1,<environment.Job instance at 0x7f16f90785a0>,19,23,[8 4],20,200,223,180,194
1,<environment.Job instance at 0x7f16f9078640>,20,17,[ 2 14],21,223,240,202,211
1,<environment.Job instance at 0x7f16f90786e0>,21,14,[ 4 11],22,240,254,218,225
1,<environment.Job instance at 0x7f16f9078820>,23,16,[12  2],24,254,270,230,241
1,<environment.Job instance at 0x7f16f90788c0>,24,20,[4 6],25,270,290,245,261
1,<environment.Job instance at 0x7f16f9078960>,25,24,[5 7],26,270,294,244,265
1,<environment.Job instance at 0x7f16f907cdc0>,0,28,[2 6],1,1,29,0,1
1,<environment.Job instance at 0x7f16f9078910>,1,23,[13  5],2,3,26,1,3
1,<environment.Job instance at 0x7f16fe4af910>,9,26,[1 7],10,26,52,16,23
1,<environment.Job instance at 0x7f16fe4af730>,12,28,[11  1],13,26,54,13,26
1,<environment.Job instance at 0x7f16fe5f5230>,14,19,[3 8],15,52,71,37,42
1,<environment.Job instance at 0x7f16fe5f5870>,17,13,[10  1],18,54,67,36,42
1,<environment.Job instance at 0x7f16fe5f5730>,19,14,[12  1],20,67,81,47,52
1,<environment.Job instance at 0x7f16fe5f5aa0>,20,19,[12  3],21,81,100,60,71
1,<environment.Job instance at 0x7f16fe5f9050>,24,18,[ 3 10],25,84,102,59,84
1,<environment.Job instance at 0x7f16fe5f97d0>,25,27,[5 5],26,100,127,74,98
1,<environment.Job instance at 0x7f16fe5f9640>,23,21,[4 8],24,102,123,78,98
1,<environment.Job instance at 0x7f16fe5f9f50>,30,17,[ 5 14],31,127,144,96,115
1,<environment.Job instance at 0x7f16fe5f9780>,31,22,[11  2],32,144,166,112,137
1,<environment.Job instance at 0x7f16fe5feeb0>,33,23,[9 1],34,166,189,132,160
1,<environment.Job instance at 0x7f16fe5f9a00>,27,26,[2 7],28,161,187,133,161
1,<environment.Job instance at 0x7f16fe5fe140>,34,25,[ 1 13],35,187,212,152,183
1,<environment.Job instance at 0x7f16fe5feb90>,38,24,[13  2],39,189,213,150,184
1,<environment.Job instance at 0x7f16fe5feaf0>,39,25,[6 5],40,213,238,173,209
1,<environment.Job instance at 0x7f16fe5fee60>,41,28,[ 5 11],42,238,266,196,237
1,<environment.Job instance at 0x7f16fe5fed70>,42,15,[ 2 13],43,266,281,223,252
1,<environment.Job instance at 0x7f16fe5f9c80>,1,27,[ 4 11],2,2,29,0,2
1,<environment.Job instance at 0x7f16f907f7d0>,5,21,[10  1],6,6,27,0,6
1,<environment.Job instance at 0x7f16fe5f65a0>,0,17,[ 4 12],1,29,46,28,17
1,<environment.Job instance at 0x7f16fe5fed70>,3,26,[5 2],4,27,53,23,26
1,<environment.Job instance at 0x7f16b3381a00>,10,21,[5 4],11,46,67,35,38
1,<environment.Job instance at 0x7f16b3381cd0>,9,14,[13  2],10,67,81,57,52
1,<environment.Job instance at 0x7f16b3381aa0>,12,21,[14  2],13,83,104,70,83
1,<environment.Job instance at 0x7f16f907f140>,7,20,[13  4],8,104,124,96,100
1,<environment.Job instance at 0x7f16b3325af0>,15,17,[ 5 12],16,124,141,108,112
1,<environment.Job instance at 0x7f16b3325a00>,19,17,[8 2],20,133,150,113,133
1,<environment.Job instance at 0x7f16f907f820>,4,18,[13  5],5,150,168,145,139
1,<environment.Job instance at 0x7f16b33257d0>,22,23,[ 3 11],23,168,191,145,166
1,<environment.Job instance at 0x7f16b3325410>,24,15,[ 2 13],25,191,206,166,183
1,<environment.Job instance at 0x7f16b3638b90>,6,27,[12  1],7,191,218,184,191
1,<environment.Job instance at 0x7f16b3325140>,23,14,[ 3 12],24,217,231,193,217
1,<environment.Job instance at 0x7f16b3325dc0>,26,20,[13  4],27,231,251,204,226
1,<environment.Job instance at 0x7f16b33ed1e0>,33,27,[9 2],34,255,282,221,255
1,<environment.Job instance at 0x7f16b3325230>,30,24,[ 2 13],31,265,289,234,265
1,<environment.Job instance at 0x7f16b346eaa0>,0,26,[3 9],1,1,27,0,1
1,<environment.Job instance at 0x7f16b3325d20>,1,19,[11  4],2,7,26,5,7
1,<environment.Job instance at 0x7f16b346e780>,9,14,[14  1],10,27,41,17,19
1,<environment.Job instance at 0x7f16b346e5a0>,10,14,[12  1],11,41,55,30,32
1,<environment.Job instance at 0x7f16b346ebe0>,11,17,[12  4],12,55,72,43,44
1,<environment.Job instance at 0x7f16b346ed70>,13,15,[9 5],14,72,87,58,65
1,<environment.Job instance at 0x7f16b346ef50>,4,23,[6 4],5,74,97,69,74
1,<environment.Job instance at 0x7f16b393d230>,15,21,[5 9],16,87,108,71,84
1,<environment.Job instance at 0x7f16b393dbe0>,16,18,[7 1],17,97,115,80,97
1,<environment.Job instance at 0x7f16b393db40>,17,19,[3 8],18,108,127,90,98
1,<environment.Job instance at 0x7f16b346ea00>,8,13,[ 3 11],9,127,140,118,111
1,<environment.Job instance at 0x7f16b393d1e0>,20,13,[12  2],21,115,128,94,111
1,<environment.Job instance at 0x7f16b393dcd0>,21,27,[3 6],22,140,167,118,138
1,<environment.Job instance at 0x7f16b393d730>,22,22,[2 8],23,140,162,117,138
1,<environment.Job instance at 0x7f16b393df00>,25,13,[12  2],26,162,175,136,146
1,<environment.Job instance at 0x7f16b393d320>,26,27,[10  5],27,175,202,148,173
1,<environment.Job instance at 0x7f16b346e0f0>,14,16,[ 4 14],15,202,218,187,189
1,<environment.Job instance at 0x7f16b346e8c0>,5,22,[12  2],6,253,275,247,253
1,<environment.Job instance at 0x7f16b33225a0>,29,20,[12  3],30,275,295,245,268
1,<environment.Job instance at 0x7f16b3322910>,1,24,[7 2],2,2,26,0,2
1,<environment.Job instance at 0x7f16b3376be0>,2,13,[ 5 11],3,17,30,14,17
1,<environment.Job instance at 0x7f16b3735050>,8,27,[ 4 13],9,30,57,21,28
1,<environment.Job instance at 0x7f16b37355f0>,7,27,[6 1],8,28,55,20,28
1,<environment.Job instance at 0x7f16b3731e10>,9,14,[12  3],10,57,71,47,42
1,<environment.Job instance at 0x7f16b3731be0>,14,23,[1 8],15,57,80,42,51
1,<environment.Job instance at 0x7f16b3731aa0>,15,27,[ 5 14],16,80,107,64,78
1,<environment.Job instance at 0x7f16b3436dc0>,17,27,[5 1],18,78,105,60,78
1,<environment.Job instance at 0x7f16b34363c0>,18,26,[ 2 13],19,107,133,88,104
1,<environment.Job instance at 0x7f16b33767d0>,4,12,[ 5 12],5,133,145,128,131
1,<environment.Job instance at 0x7f16b3436b40>,20,27,[3 9],21,145,172,124,143
1,<environment.Job instance at 0x7f16b3731f00>,11,24,[6 2],12,166,190,154,166
1,<environment.Job instance at 0x7f16b34369b0>,19,28,[14  4],20,190,218,170,189
1,<environment.Job instance at 0x7f16b33221e0>,3,13,[14  1],4,218,231,214,205
1,<environment.Job instance at 0x7f16f97115a0>,22,15,[14  1],23,231,246,208,220
1,<environment.Job instance at 0x7f16b3436c80>,21,20,[ 4 11],22,246,266,224,239
1,<environment.Job instance at 0x7f16f9711370>,27,17,[10  4],28,246,263,218,241
1,<environment.Job instance at 0x7f16f8e841e0>,26,25,[11  3],27,263,288,236,259
1,<environment.Job instance at 0x7f16b3443c30>,2,28,[14  3],3,6,34,3,6
1,<environment.Job instance at 0x7f16b337c550>,1,15,[14  2],2,34,49,32,20
1,<environment.Job instance at 0x7f16f9d360a0>,8,25,[4 5],9,49,74,40,45
1,<environment.Job instance at 0x7f16f9d361e0>,9,16,[11  3],10,49,65,39,45
1,<environment.Job instance at 0x7f16f9d36820>,11,12,[12  3],12,74,86,62,57
1,<environment.Job instance at 0x7f16f9d36af0>,12,28,[6 3],13,86,114,73,85
1,<environment.Job instance at 0x7f16f9d36640>,13,23,[ 1 11],14,85,108,71,85
1,<environment.Job instance at 0x7f16f9d36be0>,15,27,[12  4],16,114,141,98,112
1,<environment.Job instance at 0x7f16f9d36f00>,16,13,[14  5],17,141,154,124,126
1,<environment.Job instance at 0x7f16f9d36190>,18,23,[4 8],19,154,177,135,148
1,<environment.Job instance at 0x7f16f9d36e60>,19,19,[ 3 11],20,177,196,157,167
1,<environment.Job instance at 0x7f16f9d36a50>,21,15,[13  3],22,196,211,174,182
1,<environment.Job instance at 0x7f16f9d36690>,22,28,[11  2],23,211,239,188,210
1,<environment.Job instance at 0x7f16f9d36c30>,23,24,[7 5],24,239,263,215,234
1,<environment.Job instance at 0x7f16f9d36d20>,25,20,[5 8],26,239,259,213,234
1,<environment.Job instance at 0x7f16f9d36410>,26,27,[ 4 13],27,263,290,236,261
1,<environment.Job instance at 0x7f16b3443f50>,0,28,[8 2],1,1,29,0,1
1,<environment.Job instance at 0x7f16b36fab90>,3,27,[ 3 11],4,6,33,2,6
1,<environment.Job instance at 0x7f16b3443dc0>,1,26,[14  3],2,33,59,31,30
1,<environment.Job instance at 0x7f16f9c9ad70>,7,23,[9 5],8,59,82,51,53
1,<environment.Job instance at 0x7f16f96a5230>,6,21,[ 5 10],7,59,80,52,58
1,<environment.Job instance at 0x7f16f9a8ac30>,9,22,[2 5],10,80,102,70,73
1,<environment.Job instance at 0x7f16f9a8a5a0>,10,12,[ 1 10],11,82,94,71,76
1,<environment.Job instance at 0x7f16f8fd9640>,11,25,[12  5],12,94,119,82,90
1,<environment.Job instance at 0x7f16f9282cd0>,13,19,[ 2 11],14,119,138,105,109
1,<environment.Job instance at 0x7f16f9282fa0>,14,23,[13  3],15,119,142,104,115
1,<environment.Job instance at 0x7f16b3810820>,16,20,[7 1],17,142,162,125,133
1,<environment.Job instance at 0x7f16b3810f00>,17,25,[4 9],18,142,167,124,139
1,<environment.Job instance at 0x7f16b3810230>,18,26,[6 1],19,162,188,143,159
1,<environment.Job instance at 0x7f16b3810eb0>,19,28,[5 9],20,167,195,147,166
1,<environment.Job instance at 0x7f16b38102d0>,20,24,[4 8],21,195,219,174,190
1,<environment.Job instance at 0x7f16f8fd9f00>,12,24,[6 4],13,190,214,177,190
1,<environment.Job instance at 0x7f16f9b3d2d0>,21,20,[5 5],22,214,234,192,205
1,<environment.Job instance at 0x7f16b3810190>,22,23,[10  5],23,219,242,196,213
1,<environment.Job instance at 0x7f16f92085a0>,24,17,[12  4],25,242,259,217,234
1,<environment.Job instance at 0x7f16b3860780>,26,27,[13  3],27,259,286,232,257
1,<environment.Job instance at 0x7f16b34432d0>,0,27,[9 5],1,1,28,0,1
1,<environment.Job instance at 0x7f16b3860370>,1,22,[13  5],2,28,50,26,21
1,<environment.Job instance at 0x7f16b3443500>,6,23,[2 8],7,21,44,14,21
1,<environment.Job instance at 0x7f16b337cfa0>,7,25,[11  1],8,50,75,42,46
1,<environment.Job instance at 0x7f16b34435f0>,5,21,[ 4 10],6,50,71,44,46
1,<environment.Job instance at 0x7f16b3860780>,2,14,[ 3 13],3,71,85,68,65
1,<environment.Job instance at 0x7f16b3516e60>,8,19,[13  3],9,85,104,76,75
1,<environment.Job instance at 0x7f16f9092dc0>,13,18,[ 2 13],14,104,122,90,95
1,<environment.Job instance at 0x7f16f9459500>,4,13,[13  4],5,122,135,117,112
1,<environment.Job instance at 0x7f16f926f410>,18,17,[12  4],19,135,152,116,132
1,<environment.Job instance at 0x7f16f926f190>,19,25,[6 4],20,152,177,132,149
1,<environment.Job instance at 0x7f16f9092780>,10,25,[13  4],11,177,202,166,173
1,<environment.Job instance at 0x7f16f926f0f0>,21,20,[ 2 10],22,184,204,162,184
1,<environment.Job instance at 0x7f16f926f3c0>,23,14,[14  2],24,204,218,180,189
1,<environment.Job instance at 0x7f16f926f2d0>,25,15,[13  4],26,218,233,192,205
1,<environment.Job instance at 0x7f16f9a9d3c0>,26,24,[ 4 14],27,233,257,206,228
1,<environment.Job instance at 0x7f16f926ff00>,17,14,[12  2],18,257,271,239,245
1,<environment.Job instance at 0x7f16b32fe820>,28,16,[12  5],29,271,287,242,260
1,<environment.Job instance at 0x7f16b3942050>,30,23,[3 9],31,264,287,233,264
1,<environment.Job instance at 0x7f16b3649140>,3,24,[14  5],4,6,30,2,6
1,<environment.Job instance at 0x7f16f9092690>,0,18,[11  2],1,30,48,29,19
1,<environment.Job instance at 0x7f16b3649cd0>,6,14,[ 1 13],7,30,44,23,27
1,<environment.Job instance at 0x7f16b3649280>,4,12,[ 4 11],5,44,56,39,30
1,<environment.Job instance at 0x7f16b3649460>,9,12,[5 5],10,56,68,46,47
1,<environment.Job instance at 0x7f16b330e140>,7,16,[13  5],8,68,84,60,55
1,<environment.Job instance at 0x7f16b36493c0>,12,14,[13  1],13,84,98,71,69
1,<environment.Job instance at 0x7f16b3649870>,13,27,[ 4 14],14,98,125,84,96
1,<environment.Job instance at 0x7f16b386e960>,17,28,[13  5],18,125,153,107,124
1,<environment.Job instance at 0x7f16b336dcd0>,18,23,[6 4],19,153,176,134,147
1,<environment.Job instance at 0x7f16b336d7d0>,19,21,[ 3 14],20,176,197,156,168
1,<environment.Job instance at 0x7f16b336ddc0>,21,27,[5 5],22,197,224,175,195
1,<environment.Job instance at 0x7f16b336d640>,23,25,[5 5],24,207,232,183,207
1,<environment.Job instance at 0x7f16b336d370>,24,26,[12  3],25,232,258,207,229
1,<environment.Job instance at 0x7f16f9092a50>,1,20,[ 3 14],2,258,278,256,250
1,<environment.Job instance at 0x7f16b336d3c0>,26,15,[13  2],27,278,293,251,266
1,<environment.Job instance at 0x7f16f9394b90>,0,27,[6 1],1,1,28,0,1
1,<environment.Job instance at 0x7f16f9394be0>,1,26,[ 3 14],2,2,28,0,2
1,<environment.Job instance at 0x7f16f9394fa0>,3,16,[12  2],4,28,44,24,15
1,<environment.Job instance at 0x7f16f9928370>,8,18,[14  2],9,44,62,35,33
1,<environment.Job instance at 0x7f16f9928140>,9,21,[1 7],10,33,54,23,33
1,<environment.Job instance at 0x7f16f9928a50>,12,17,[ 2 12],13,62,79,49,50
1,<environment.Job instance at 0x7f16f97b4960>,15,22,[ 5 13],16,79,101,63,72
1,<environment.Job instance at 0x7f16f9928280>,16,12,[ 3 11],17,101,113,84,84
1,<environment.Job instance at 0x7f16f9329690>,17,27,[11  2],18,101,128,83,99
1,<environment.Job instance at 0x7f16f95170a0>,18,21,[5 6],19,128,149,109,120
1,<environment.Job instance at 0x7f16f906bfa0>,21,22,[ 4 12],22,149,171,127,142
1,<environment.Job instance at 0x7f16f906b280>,25,18,[14  5],26,171,189,145,160
1,<environment.Job instance at 0x7f16f906bcd0>,26,13,[ 5 11],27,189,202,162,173
1,<environment.Job instance at 0x7f16f906b140>,27,27,[12  2],28,202,229,174,200
1,<environment.Job instance at 0x7f16f906baf0>,29,27,[5 1],30,229,256,199,227
1,<environment.Job instance at 0x7f16f906bf00>,30,28,[ 5 10],31,229,257,198,228
1,<environment.Job instance at 0x7f16f8e68be0>,31,27,[11  5],32,257,284,225,255
1,<environment.Job instance at 0x7f16f95d6730>,1,24,[2 6],2,2,26,0,2
1,<environment.Job instance at 0x7f16f900dc30>,2,13,[ 5 12],3,26,39,23,10
1,<environment.Job instance at 0x7f16f958b640>,7,25,[3 7],8,39,64,31,35
1,<environment.Job instance at 0x7f16fe37c730>,9,22,[ 4 10],10,64,86,54,57
1,<environment.Job instance at 0x7f16f8ebb910>,10,25,[ 5 14],11,86,111,75,82
1,<environment.Job instance at 0x7f16fe37cb40>,11,17,[ 1 13],12,111,128,99,99
1,<environment.Job instance at 0x7f16b34c3e10>,12,16,[ 1 13],13,128,144,115,115
1,<environment.Job instance at 0x7f16f95b3050>,13,28,[2 7],14,144,172,130,143
1,<environment.Job instance at 0x7f16b330e780>,14,19,[3 6],15,144,163,129,143
1,<environment.Job instance at 0x7f16f99aaf50>,15,25,[3 9],16,172,197,156,168
1,<environment.Job instance at 0x7f16f90d7be0>,17,13,[ 1 13],18,197,210,179,181
1,<environment.Job instance at 0x7f16f90d7820>,18,28,[3 6],19,210,238,191,209
1,<environment.Job instance at 0x7f16f90d7fa0>,19,12,[ 4 11],20,238,250,218,221
1,<environment.Job instance at 0x7f16b3154370>,22,22,[ 5 12],23,250,272,227,243
1,<environment.Job instance at 0x7f16b31548c0>,23,17,[13  5],24,272,289,248,261
1,<environment.Job instance at 0x7f16f958b0a0>,0,22,[10  1],1,1,23,0,1
1,<environment.Job instance at 0x7f16f958b780>,1,14,[14  2],2,23,37,21,9
1,<environment.Job instance at 0x7f16f8e646e0>,7,15,[ 5 12],8,37,52,29,23
1,<environment.Job instance at 0x7f16b38a9780>,3,12,[9 1],4,37,49,33,24
1,<environment.Job instance at 0x7f16f8e64960>,8,26,[11  4],9,52,78,43,49
1,<environment.Job instance at 0x7f16b37b4aa0>,10,25,[6 2],11,78,103,67,74
1,<environment.Job instance at 0x7f16b35e85f0>,13,17,[ 4 12],14,78,95,64,74
1,<environment.Job instance at 0x7f16b373baa0>,14,21,[3 7],15,95,116,80,87
1,<environment.Job instance at 0x7f16b373b6e0>,15,14,[ 5 13],16,116,130,100,101
1,<environment.Job instance at 0x7f16b373b050>,17,22,[ 4 13],18,130,152,112,123
1,<environment.Job instance at 0x7f16b373b820>,19,21,[ 4 14],20,152,173,132,144
1,<environment.Job instance at 0x7f16f91a6be0>,20,23,[3 9],21,173,196,152,167
1,<environment.Job instance at 0x7f16f91a6fa0>,21,13,[12  5],22,173,186,151,173
1,<environment.Job instance at 0x7f16f9af8a00>,22,23,[5 8],23,196,219,173,190
1,<environment.Job instance at 0x7f16f979b500>,23,23,[5 5],24,195,218,171,195
1,<environment.Job instance at 0x7f16f979b7d0>,24,27,[14  2],25,219,246,194,217
1,<environment.Job instance at 0x7f16f979bcd0>,25,28,[11  2],26,246,274,220,245
1,<environment.Job instance at 0x7f16f9762c80>,27,15,[4 7],28,246,261,218,246
1,<environment.Job instance at 0x7f16f9762c30>,26,18,[12  4],27,274,292,247,265
1,<environment.Job instance at 0x7f16f97604b0>,0,23,[2 9],1,1,24,0,1
1,<environment.Job instance at 0x7f16f9760820>,2,23,[8 3],3,3,26,0,3
1,<environment.Job instance at 0x7f16f9760be0>,3,13,[13  3],4,26,39,22,10
1,<environment.Job instance at 0x7f16f97605a0>,8,27,[10  4],9,39,66,30,37
1,<environment.Job instance at 0x7f16f9760dc0>,9,26,[5 5],10,39,65,29,37
1,<environment.Job instance at 0x7f16f9760fa0>,11,19,[13  1],12,66,85,54,56
1,<environment.Job instance at 0x7f16f9760960>,7,24,[ 1 11],8,65,89,57,65
1,<environment.Job instance at 0x7f16f9760d70>,6,15,[12  3],7,85,100,78,78
1,<environment.Job instance at 0x7f16f9760cd0>,5,19,[13  1],6,129,148,123,129
1,<environment.Job instance at 0x7f16f8f6ebe0>,0,25,[12  2],1,1,26,0,1
1,<environment.Job instance at 0x7f16b36295f0>,1,22,[11  3],2,26,48,24,19
1,<environment.Job instance at 0x7f16b391c6e0>,7,26,[ 4 12],8,26,52,18,23
1,<environment.Job instance at 0x7f16b391caf0>,9,13,[11  2],10,48,61,38,32
1,<environment.Job instance at 0x7f16b391cc30>,13,23,[ 4 13],14,52,75,38,46
1,<environment.Job instance at 0x7f16b391c870>,14,13,[ 5 14],15,75,88,60,59
1,<environment.Job instance at 0x7f16b391c0a0>,15,22,[5 5],16,88,110,72,81
1,<environment.Job instance at 0x7f16b391c230>,6,21,[ 4 12],7,110,131,103,103
1,<environment.Job instance at 0x7f16b391ce10>,17,17,[ 1 10],18,131,148,113,130
1,<environment.Job instance at 0x7f16b391c910>,5,28,[12  2],6,137,165,131,137
1,<environment.Job instance at 0x7f16b391c410>,18,27,[ 1 13],19,148,175,129,146
1,<environment.Job instance at 0x7f16b391c1e0>,16,22,[13  1],17,165,187,148,158
1,<environment.Job instance at 0x7f16f9a3aa00>,22,21,[11  5],23,187,208,164,179
1,<environment.Job instance at 0x7f16b391c4b0>,10,13,[ 5 13],11,208,221,197,203
1,<environment.Job instance at 0x7f16f9a3a050>,23,18,[13  4],24,221,239,197,210
1,<environment.Job instance at 0x7f16f9a3acd0>,27,20,[ 5 13],28,239,259,211,230
1,<environment.Job instance at 0x7f16f9a3a2d0>,28,19,[ 2 14],29,259,278,230,249
1,<environment.Job instance at 0x7f16f9a3a960>,29,20,[13  2],30,278,298,248,269
1,<environment.Job instance at 0x7f16b3629be0>,1,26,[5 3],2,2,28,0,2
1,<environment.Job instance at 0x7f16b3629cd0>,2,27,[13  5],3,28,55,25,26
1,<environment.Job instance at 0x7f16f9a4f230>,7,26,[14  5],8,55,81,47,52
1,<environment.Job instance at 0x7f16f9a3a960>,4,21,[ 4 11],5,81,102,76,75
1,<environment.Job instance at 0x7f16b332f410>,10,20,[12  3],11,107,127,96,107
1,<environment.Job instance at 0x7f16b332f5a0>,11,17,[ 5 14],12,134,151,122,134
1,<environment.Job instance at 0x7f16b332f820>,12,24,[8 5],13,203,227,190,203
1,<environment.Job instance at 0x7f16b332fa50>,13,24,[5 1],14,213,237,199,213
1,<environment.Job instance at 0x7f16b332f0f0>,14,20,[5 3],15,227,247,212,220
1,<environment.Job instance at 0x7f16b332f370>,15,16,[ 2 13],16,262,278,246,262
1,<environment.Job instance at 0x7f16f9a4faf0>,8,24,[4 6],9,278,302,269,273
1,<environment.Job instance at 0x7f16f930a190>,0,13,[ 1 12],1,1,14,0,1
1,<environment.Job instance at 0x7f16f930a870>,1,16,[ 2 12],2,14,30,12,2
1,<environment.Job instance at 0x7f16f930ad20>,2,27,[ 3 11],3,30,57,27,28
1,<environment.Job instance at 0x7f16f930a730>,7,16,[ 4 14],8,57,73,49,44
1,<environment.Job instance at 0x7f16f9327f50>,9,14,[13  3],10,73,87,63,58
1,<environment.Job instance at 0x7f16f9327780>,10,24,[3 9],11,87,111,76,82
1,<environment.Job instance at 0x7f16f93277d0>,13,20,[8 4],14,92,112,78,92
1,<environment.Job instance at 0x7f16f9327050>,14,27,[1 9],15,111,138,96,109
1,<environment.Job instance at 0x7f16f9327fa0>,15,25,[ 2 12],16,138,163,122,134
1,<environment.Job instance at 0x7f16f9327320>,16,27,[1 6],17,163,190,146,161
1,<environment.Job instance at 0x7f16f93270f0>,17,27,[8 5],18,163,190,145,161
1,<environment.Job instance at 0x7f16f93276e0>,19,17,[ 1 11],20,190,207,170,178
1,<environment.Job instance at 0x7f16f9327f00>,20,13,[ 3 14],21,207,220,186,191
1,<environment.Job instance at 0x7f16f93271e0>,23,16,[11  2],24,220,236,196,211
1,<environment.Job instance at 0x7f16f93275a0>,12,17,[ 3 11],13,220,237,207,211
1,<environment.Job instance at 0x7f16f9ab1d20>,24,27,[5 2],25,236,263,211,234
1,<environment.Job instance at 0x7f16f930a3c0>,3,21,[ 3 13],4,239,260,235,239
1,<environment.Job instance at 0x7f16f9ab1af0>,26,17,[13  3],27,263,280,236,251
1,<environment.Job instance at 0x7f16f930ac30>,6,13,[14  2],7,280,293,273,265
1,<environment.Job instance at 0x7f16b37b4c30>,0,19,[4 5],1,1,20,0,1
1,<environment.Job instance at 0x7f16f9a0c690>,1,14,[14  3],2,20,34,18,12
1,<environment.Job instance at 0x7f16b36c74b0>,10,25,[ 4 10],11,34,59,23,30
1,<environment.Job instance at 0x7f16f981c050>,8,23,[8 3],9,34,57,25,31
1,<environment.Job instance at 0x7f16b36c7f00>,15,15,[ 3 13],16,59,74,43,45
1,<environment.Job instance at 0x7f16f9762dc0>,19,14,[14  1],20,74,88,54,59
1,<environment.Job instance at 0x7f16b36c75a0>,14,18,[ 1 12],15,74,92,59,66
1,<environment.Job instance at 0x7f16f9a0c500>,3,12,[ 5 12],4,92,104,88,80
1,<environment.Job instance at 0x7f16f9351550>,24,14,[ 5 13],25,104,118,79,91
1,<environment.Job instance at 0x7f16f8e63870>,6,22,[7 2],7,94,116,87,94
1,<environment.Job instance at 0x7f16f9128280>,17,16,[13  1],18,118,134,100,109
1,<environment.Job instance at 0x7f16f9aaa730>,25,23,[ 3 10],26,134,157,108,128
1,<environment.Job instance at 0x7f16f91cba50>,26,20,[10  4],27,137,157,110,137
1,<environment.Job instance at 0x7f16b36285f0>,31,13,[5 2],32,157,170,125,144
1,<environment.Job instance at 0x7f16f9aad0a0>,30,27,[ 3 13],31,157,184,126,155
1,<environment.Job instance at 0x7f16f94cb500>,21,19,[14  4],22,184,203,162,174
1,<environment.Job instance at 0x7f16f9485b40>,36,22,[10  3],37,203,225,166,196
1,<environment.Job instance at 0x7f16f97c9e10>,35,18,[ 3 12],36,206,224,170,206
1,<environment.Job instance at 0x7f16f97dd4b0>,37,19,[ 4 10],38,224,243,186,214
1,<environment.Job instance at 0x7f16f8eea960>,41,25,[9 1],42,225,250,183,221
1,<environment.Job instance at 0x7f16b380db40>,42,17,[ 5 14],43,243,260,200,231
1,<environment.Job instance at 0x7f16b380dd70>,43,14,[13  1],44,260,274,216,245
1,<environment.Job instance at 0x7f16f8fc9730>,0,13,[13  5],1,2,15,1,2
1,<environment.Job instance at 0x7f16b380d640>,2,23,[ 3 14],3,15,38,12,9
1,<environment.Job instance at 0x7f16b36c70f0>,6,18,[12  1],7,15,33,8,9
1,<environment.Job instance at 0x7f16f8e42730>,8,28,[ 4 12],9,38,66,29,37
1,<environment.Job instance at 0x7f16f8f11960>,11,24,[ 5 14],12,66,90,54,61
1,<environment.Job instance at 0x7f16f8f11550>,12,27,[11  1],13,90,117,77,88
1,<environment.Job instance at 0x7f16f8f11dc0>,14,16,[ 1 14],15,90,106,75,88
1,<environment.Job instance at 0x7f16f8f11050>,15,18,[13  3],16,117,135,101,106
1,<environment.Job instance at 0x7f16f8f11c80>,18,18,[ 2 10],19,106,124,87,106
1,<environment.Job instance at 0x7f16f8f115f0>,19,13,[ 5 14],20,135,148,115,119
1,<environment.Job instance at 0x7f16f8f11230>,20,17,[ 5 13],21,148,165,127,136
1,<environment.Job instance at 0x7f16f8f11730>,21,27,[11  5],22,165,192,143,163
1,<environment.Job instance at 0x7f16f8f11140>,22,22,[ 2 10],23,165,187,142,163
1,<environment.Job instance at 0x7f16f8f11d20>,23,12,[11  1],24,192,204,168,175
1,<environment.Job instance at 0x7f16b346dbe0>,25,14,[ 5 13],26,204,218,178,189
1,<environment.Job instance at 0x7f16b346d8c0>,26,13,[ 2 14],27,218,231,191,202
1,<environment.Job instance at 0x7f16b346d5a0>,27,22,[10  1],28,204,226,176,202
1,<environment.Job instance at 0x7f16f9584230>,28,28,[1 7],29,231,259,202,230
1,<environment.Job instance at 0x7f16b346d7d0>,29,24,[5 1],30,230,254,200,230
1,<environment.Job instance at 0x7f16b33fafa0>,30,15,[ 3 13],31,259,274,228,245
1,<environment.Job instance at 0x7f16b346d0a0>,31,12,[ 3 14],32,274,286,242,257
1,<environment.Job instance at 0x7f16f8f56370>,0,13,[11  3],1,2,15,1,2
1,<environment.Job instance at 0x7f16f8f56500>,2,20,[13  3],3,15,35,12,6
1,<environment.Job instance at 0x7f16f8f56b90>,6,17,[ 3 12],7,35,52,28,23
1,<environment.Job instance at 0x7f16f8f56cd0>,9,24,[11  1],10,35,59,25,30
1,<environment.Job instance at 0x7f16f8e42050>,10,23,[13  2],11,59,82,48,53
1,<environment.Job instance at 0x7f16f8f56a50>,5,14,[ 1 13],6,57,71,51,57
1,<environment.Job instance at 0x7f16f8f560f0>,3,24,[14  1],4,93,117,89,93
1,<environment.Job instance at 0x7f16f8ea6dc0>,14,13,[5 5],15,117,130,102,101
1,<environment.Job instance at 0x7f16f8ea64b0>,15,14,[11  2],16,130,144,114,115
1,<environment.Job instance at 0x7f16f8ea6410>,16,15,[12  2],17,154,169,137,154
1,<environment.Job instance at 0x7f16f9131a00>,18,19,[14  2],19,169,188,150,161
1,<environment.Job instance at 0x7f16f9131730>,19,20,[ 5 12],20,188,208,168,181
1,<environment.Job instance at 0x7f16f9131af0>,20,18,[14  1],21,208,226,187,197
1,<environment.Job instance at 0x7f16f9131410>,21,19,[ 2 14],22,226,245,204,217
1,<environment.Job instance at 0x7f16f91310a0>,23,28,[12  4],24,245,273,221,244
1,<environment.Job instance at 0x7f16f95215f0>,25,23,[3 6],26,245,268,219,245
1,<environment.Job instance at 0x7f16f95213c0>,26,25,[14  5],27,273,298,246,269
1,<environment.Job instance at 0x7f16f9586640>,1,26,[13  2],2,5,31,3,5
1,<environment.Job instance at 0x7f16b36344b0>,5,21,[ 3 11],6,31,52,25,23
1,<environment.Job instance at 0x7f16f9358dc0>,8,22,[12  2],9,31,53,22,30
1,<environment.Job instance at 0x7f16f9358d70>,9,27,[7 4],10,53,80,43,51
1,<environment.Job instance at 0x7f16f93582d0>,10,25,[9 5],11,80,105,69,76
1,<environment.Job instance at 0x7f16f9358d20>,13,26,[14  5],14,105,131,91,102
1,<environment.Job instance at 0x7f16f95864b0>,3,16,[14  4],4,131,147,127,118
1,<environment.Job instance at 0x7f16f95868c0>,2,27,[11  3],3,147,174,144,145
1,<environment.Job instance at 0x7f16f9358f50>,14,12,[11  4],15,174,186,159,158
1,<environment.Job instance at 0x7f16f9358230>,17,26,[ 2 11],18,167,193,149,167
1,<environment.Job instance at 0x7f16b320db90>,19,18,[14  4],20,193,211,173,182
1,<environment.Job instance at 0x7f16f9092d70>,23,24,[4 7],24,211,235,187,206
1,<environment.Job instance at 0x7f16b320d320>,25,21,[ 4 11],26,235,256,209,227
1,<environment.Job instance at 0x7f16f8de0e60>,27,18,[13  3],28,256,274,228,245
1,<environment.Job instance at 0x7f16f8de02d0>,28,23,[ 4 12],29,274,297,245,268
1,<environment.Job instance at 0x7f50af2f9320>,6,15,[ 2 14],7,7,22,0,7
1,<environment.Job instance at 0x7f50af2f9370>,7,26,[9 3],8,22,48,14,19
1,<environment.Job instance at 0x7f50af2f96e0>,8,20,[ 4 13],9,48,68,39,39
1,<environment.Job instance at 0x7f50af2f9780>,9,16,[12  1],10,68,84,58,55
1,<environment.Job instance at 0x7f50af2f9960>,12,28,[ 1 14],13,68,96,55,67
1,<environment.Job instance at 0x7f50af2f9b40>,15,20,[ 3 12],16,96,116,80,87
1,<environment.Job instance at 0x7f50af2f9be0>,16,28,[5 1],17,87,115,70,87
1,<environment.Job instance at 0x7f50af2f9c80>,17,19,[12  4],18,116,135,98,106
1,<environment.Job instance at 0x7f50b6709140>,2,20,[7 4],3,135,155,132,129
1,<environment.Job instance at 0x7f50af2f92d0>,19,23,[8 4],20,136,159,116,136
1,<environment.Job instance at 0x7f50af2f9690>,20,17,[ 2 14],21,159,176,138,149
1,<environment.Job instance at 0x7f50af2f9d20>,18,18,[13  1],19,159,177,140,156
1,<environment.Job instance at 0x7f50af2f9aa0>,14,15,[14  4],15,177,192,162,163
1,<environment.Job instance at 0x7f50af2f9e10>,21,14,[ 4 11],22,192,206,170,178
1,<environment.Job instance at 0x7f50af2f9f00>,23,16,[12  2],24,206,222,182,194
1,<environment.Job instance at 0x7f50af2fb1e0>,28,17,[ 1 13],29,206,223,177,202
1,<environment.Job instance at 0x7f50af2fb320>,30,26,[11  4],31,223,249,192,220
1,<environment.Job instance at 0x7f50af2fb3c0>,31,28,[ 2 10],32,223,251,191,222
1,<environment.Job instance at 0x7f50af2fb500>,33,28,[6 4],34,249,277,215,248
1,<environment.Job instance at 0x7f50af2fb5a0>,34,24,[5 5],35,251,275,216,248
1,<environment.Job instance at 0x7f50af2fb6e0>,36,20,[7 5],37,275,295,238,266
1,<environment.Job instance at 0x7f50af303a50>,2,28,[11  1],3,3,31,0,3
1,<environment.Job instance at 0x7f50b68796e0>,10,19,[12  3],11,31,50,20,21
1,<environment.Job instance at 0x7f50b6874690>,11,19,[5 5],12,50,69,38,40
1,<environment.Job instance at 0x7f50b68744b0>,13,21,[4 8],14,50,71,36,42
1,<environment.Job instance at 0x7f50b6874500>,15,27,[5 5],16,69,96,53,67
1,<environment.Job instance at 0x7f50b68747d0>,17,26,[2 7],18,71,97,53,68
1,<environment.Job instance at 0x7f50b6879730>,5,17,[7 1],6,73,90,67,73
1,<environment.Job instance at 0x7f50b687f2d0>,20,17,[ 5 14],21,97,114,76,86
1,<environment.Job instance at 0x7f50b686ffa0>,23,23,[9 1],24,96,119,72,90
1,<environment.Job instance at 0x7f50b6877e60>,25,21,[14  5],26,119,140,93,111
1,<environment.Job instance at 0x7f50b686fa00>,21,22,[11  2],22,140,162,118,133
1,<environment.Job instance at 0x7f50b686f640>,24,25,[ 1 13],25,142,167,117,142
1,<environment.Job instance at 0x7f50b6877050>,31,28,[ 5 11],32,167,195,135,166
1,<environment.Job instance at 0x7f50b6877eb0>,32,15,[ 2 13],33,195,210,162,191
1,<environment.Job instance at 0x7f50b68775f0>,33,13,[11  4],34,210,223,176,194
1,<environment.Job instance at 0x7f50b68778c0>,35,19,[ 1 10],36,210,229,174,209
1,<environment.Job instance at 0x7f50b6877460>,29,25,[6 5],30,223,248,193,219
1,<environment.Job instance at 0x7f50b6875f50>,37,22,[ 4 14],38,248,270,210,241
1,<environment.Job instance at 0x7f50af303b90>,0,24,[6 5],1,1,25,0,1
1,<environment.Job instance at 0x7f50af303dc0>,2,23,[ 3 11],3,25,48,22,19
1,<environment.Job instance at 0x7f506b61e3c0>,7,21,[9 2],8,19,40,11,19
1,<environment.Job instance at 0x7f506b5aa820>,9,28,[3 8],10,48,76,38,47
1,<environment.Job instance at 0x7f506b5aab40>,10,24,[ 2 13],11,76,100,65,71
1,<environment.Job instance at 0x7f506b5aa0f0>,11,28,[7 1],12,71,99,59,71
1,<environment.Job instance at 0x7f506b5aa190>,13,27,[9 2],14,99,126,85,97
1,<environment.Job instance at 0x7f506b5aa730>,14,26,[12  4],15,126,152,111,123
1,<environment.Job instance at 0x7f506b5aa320>,17,25,[ 3 13],18,152,177,134,148
1,<environment.Job instance at 0x7f506b5aa280>,18,24,[12  5],19,177,201,158,172
1,<environment.Job instance at 0x7f506b5aaa50>,19,25,[ 2 11],20,201,226,181,197
1,<environment.Job instance at 0x7f506b5aa960>,20,26,[5 4],21,201,227,180,198
1,<environment.Job instance at 0x7f506b5aa3c0>,21,23,[ 3 14],22,227,250,205,221
1,<environment.Job instance at 0x7f506b5aa500>,22,19,[2 5],23,250,269,227,240
1,<environment.Job instance at 0x7f506b61e320>,6,20,[13  4],7,250,270,243,241
1,<environment.Job instance at 0x7f506b5aae60>,23,17,[13  1],24,270,287,246,258
1,<environment.Job instance at 0x7f50b68791e0>,4,15,[ 2 13],5,270,285,265,258
1,<environment.Job instance at 0x7f506b6a1f00>,0,20,[ 2 10],1,1,21,0,1
1,<environment.Job instance at 0x7f506b6a13c0>,1,15,[11  5],2,6,21,4,6
1,<environment.Job instance at 0x7f506b590d20>,6,16,[ 5 12],7,21,37,14,8
1,<environment.Job instance at 0x7f506b590e10>,7,21,[ 1 12],8,37,58,29,29
1,<environment.Job instance at 0x7f506b590e60>,8,16,[ 1 14],9,58,74,49,45
1,<environment.Job instance at 0x7f506b590640>,9,18,[ 1 14],10,74,92,64,63
1,<environment.Job instance at 0x7f506b5904b0>,10,23,[1 9],11,92,115,81,86
1,<environment.Job instance at 0x7f506b6a1b90>,2,19,[14  4],3,92,111,89,86
1,<environment.Job instance at 0x7f506b590fa0>,3,17,[ 3 12],4,115,132,111,105
1,<environment.Job instance at 0x7f506b59c230>,13,25,[11  3],14,111,136,97,109
1,<environment.Job instance at 0x7f50b6597b40>,15,18,[11  1],16,136,154,120,126
1,<environment.Job instance at 0x7f506b59c050>,12,25,[4 8],13,132,157,119,128
1,<environment.Job instance at 0x7f506b59c9b0>,11,17,[14  5],12,157,174,145,145
1,<environment.Job instance at 0x7f50b674b320>,18,20,[12  2],19,174,194,155,165
1,<environment.Job instance at 0x7f506bad7a00>,20,19,[4 7],21,194,213,173,184
1,<environment.Job instance at 0x7f506bad7af0>,21,13,[ 4 11],22,213,226,191,198
1,<environment.Job instance at 0x7f506bad7aa0>,22,16,[14  3],23,226,242,203,215
1,<environment.Job instance at 0x7f50b6708910>,24,22,[ 4 10],25,242,264,217,235
1,<environment.Job instance at 0x7f50b6708c30>,25,14,[ 1 13],26,264,278,238,249
1,<environment.Job instance at 0x7f50b6708c80>,28,19,[13  1],29,264,283,235,254
1,<environment.Job instance at 0x7f50b6708780>,29,20,[ 1 12],30,278,298,248,269
1,<environment.Job instance at 0x7f50b67080f0>,0,20,[11  2],1,1,21,0,1
1,<environment.Job instance at 0x7f506ba62c30>,1,26,[2 8],2,2,28,0,2
1,<environment.Job instance at 0x7f506b6a14b0>,3,20,[ 4 10],4,28,48,24,19
1,<environment.Job instance at 0x7f5074fbe280>,4,15,[11  2],5,21,36,16,21
1,<environment.Job instance at 0x7f506b60e280>,9,27,[9 5],10,40,67,30,40
1,<environment.Job instance at 0x7f506b60e370>,8,27,[14  1],9,67,94,58,65
1,<environment.Job instance at 0x7f506b60e4b0>,10,13,[8 4],11,94,107,83,88
1,<environment.Job instance at 0x7f506b5e7a00>,12,26,[ 4 12],13,107,133,94,106
1,<environment.Job instance at 0x7f506b5e7820>,15,23,[3 6],16,133,156,117,127
1,<environment.Job instance at 0x7f506b5e7640>,16,22,[12  5],17,133,155,116,127
1,<environment.Job instance at 0x7f506b5e76e0>,17,15,[13  2],18,156,171,138,143
1,<environment.Job instance at 0x7f506b5e7050>,18,12,[5 8],19,171,183,152,154
1,<environment.Job instance at 0x7f506b5e7be0>,19,13,[5 1],20,171,184,151,156
1,<environment.Job instance at 0x7f506b5e7690>,20,12,[5 5],21,171,183,150,156
1,<environment.Job instance at 0x7f506b9e8320>,21,15,[14  2],22,184,199,162,178
1,<environment.Job instance at 0x7f506b5e7780>,14,25,[11  5],15,199,224,184,197
1,<environment.Job instance at 0x7f506b60ee60>,7,28,[ 3 11],8,224,252,216,223
1,<environment.Job instance at 0x7f506b5e7370>,11,14,[12  2],12,225,239,213,225
1,<environment.Job instance at 0x7f506b9e85a0>,25,14,[ 3 14],26,252,266,226,243
1,<environment.Job instance at 0x7f506b9e86e0>,27,13,[ 5 14],28,266,279,238,256
1,<environment.Job instance at 0x7f506b9e8820>,29,16,[11  3],30,279,295,249,270
1,<environment.Job instance at 0x7f506b9ff410>,0,23,[ 4 11],1,1,24,0,1
1,<environment.Job instance at 0x7f506b9ff280>,3,26,[7 4],4,5,31,1,5
1,<environment.Job instance at 0x7f506b9e88c0>,2,27,[1 8],3,24,51,21,23
1,<environment.Job instance at 0x7f506b9ff820>,4,20,[14  3],5,31,51,26,24
1,<environment.Job instance at 0x7f506b9e8870>,1,14,[ 2 14],2,51,65,49,38
1,<environment.Job instance at 0x7f506b9ff7d0>,8,14,[3 6],9,65,79,56,60
1,<environment.Job instance at 0x7f506b9ff2d0>,7,25,[ 2 14],8,79,104,71,75
1,<environment.Job instance at 0x7f50af175c30>,14,15,[ 3 13],15,104,119,89,99
1,<environment.Job instance at 0x7f50af1753c0>,15,21,[ 5 12],16,119,140,103,111
1,<environment.Job instance at 0x7f506b9ffb90>,11,26,[14  3],12,140,166,128,137
1,<environment.Job instance at 0x7f50b6708780>,19,22,[2 5],20,166,188,146,159
1,<environment.Job instance at 0x7f50af6f80a0>,16,21,[ 5 10],17,166,187,149,161
1,<environment.Job instance at 0x7f50b6708f50>,23,19,[ 2 11],24,188,207,164,178
1,<environment.Job instance at 0x7f50b6708190>,22,24,[6 4],23,187,211,164,182
1,<environment.Job instance at 0x7f50b6708eb0>,25,13,[5 5],26,207,220,181,191
1,<environment.Job instance at 0x7f50b6708050>,26,20,[7 1],27,211,231,184,202
1,<environment.Job instance at 0x7f50b6708960>,27,25,[4 9],28,220,245,192,216
1,<environment.Job instance at 0x7f50b6708e10>,28,26,[6 1],29,231,257,202,228
1,<environment.Job instance at 0x7f50b4028500>,29,28,[5 9],30,245,273,215,244
1,<environment.Job instance at 0x7f50b4028280>,30,24,[4 8],31,273,297,242,268
1,<environment.Job instance at 0x7f50b4028460>,31,20,[5 5],32,269,289,237,269
1,<environment.Job instance at 0x7f506b756dc0>,0,27,[9 5],1,1,28,0,1
1,<environment.Job instance at 0x7f50b40285f0>,1,22,[13  5],2,28,50,26,21
1,<environment.Job instance at 0x7f506bb13190>,7,25,[11  1],8,50,75,42,46
1,<environment.Job instance at 0x7f50b4028460>,2,14,[ 3 13],3,52,66,49,52
1,<environment.Job instance at 0x7f50af135d20>,8,19,[13  3],9,75,94,66,65
1,<environment.Job instance at 0x7f50b39e83c0>,13,18,[ 2 13],14,94,112,80,83
1,<environment.Job instance at 0x7f50b3fad410>,4,13,[13  4],5,112,125,107,100
1,<environment.Job instance at 0x7f50af373eb0>,18,17,[12  4],19,125,142,106,113
1,<environment.Job instance at 0x7f50af1ac0a0>,21,20,[ 2 10],22,130,150,108,130
1,<environment.Job instance at 0x7f50b39e80f0>,17,14,[12  2],18,142,156,124,132
1,<environment.Job instance at 0x7f50af1ac500>,24,27,[ 1 12],25,150,177,125,148
1,<environment.Job instance at 0x7f506b756320>,3,26,[14  2],4,156,182,152,154
1,<environment.Job instance at 0x7f506b7609b0>,22,18,[ 2 13],23,182,200,159,173
1,<environment.Job instance at 0x7f50af1acf50>,23,14,[14  2],24,200,214,176,186
1,<environment.Job instance at 0x7f50b3ee9320>,26,24,[ 4 14],27,214,238,187,214
1,<environment.Job instance at 0x7f50af294500>,28,16,[12  5],29,238,254,209,231
1,<environment.Job instance at 0x7f50af294690>,30,23,[3 9],31,238,261,207,232
1,<environment.Job instance at 0x7f50af294780>,31,19,[ 4 14],32,261,280,229,257
1,<environment.Job instance at 0x7f50b3ee99b0>,25,15,[13  4],26,280,295,254,266
1,<environment.Job instance at 0x7f50b3fadf00>,0,22,[ 3 14],1,1,23,0,1
1,<environment.Job instance at 0x7f50af3d0370>,2,14,[13  1],3,23,37,20,8
1,<environment.Job instance at 0x7f506bc2d050>,8,23,[6 4],9,37,60,28,31
1,<environment.Job instance at 0x7f506bc2d730>,11,27,[5 5],12,37,64,25,36
1,<environment.Job instance at 0x7f50af4eba00>,4,16,[4 6],5,39,55,34,39
1,<environment.Job instance at 0x7f506bb5e910>,13,25,[5 5],14,60,85,46,56
1,<environment.Job instance at 0x7f50af4ee0a0>,14,26,[12  3],15,85,111,70,83
1,<environment.Job instance at 0x7f50b38475a0>,16,15,[13  2],17,111,126,94,98
1,<environment.Job instance at 0x7f50af135b90>,9,21,[ 3 14],10,126,147,116,118
1,<environment.Job instance at 0x7f50b3847230>,17,24,[ 5 13],18,147,171,129,142
1,<environment.Job instance at 0x7f50b3a11690>,19,19,[ 2 13],20,171,190,151,161
1,<environment.Job instance at 0x7f50b3847780>,20,25,[8 3],21,190,215,169,186
1,<environment.Job instance at 0x7f50b3847b90>,21,19,[14  2],22,215,234,193,206
1,<environment.Job instance at 0x7f50b3847b40>,22,18,[14  4],23,234,252,211,224
1,<environment.Job instance at 0x7f50b3847d20>,23,14,[14  2],24,252,266,228,237
1,<environment.Job instance at 0x7f50af102eb0>,24,13,[5 5],25,266,279,241,250
1,<environment.Job instance at 0x7f50af102d70>,25,22,[4 7],26,266,288,240,259
1,<environment.Job instance at 0x7f50af102730>,26,18,[6 3],27,266,284,239,259
1,<environment.Job instance at 0x7f50af1022d0>,27,16,[9 4],28,284,300,256,271
1,<environment.Job instance at 0x7f50af1921e0>,1,22,[ 4 12],2,2,24,0,2
1,<environment.Job instance at 0x7f506b759d20>,7,27,[12  2],8,24,51,16,22
1,<environment.Job instance at 0x7f506b7597d0>,9,27,[5 1],10,51,78,41,49
1,<environment.Job instance at 0x7f506b759820>,10,28,[ 5 10],11,51,79,40,50
1,<environment.Job instance at 0x7f506b7594b0>,11,27,[11  5],12,79,106,67,77
1,<environment.Job instance at 0x7f506b759e10>,5,18,[14  5],6,106,124,100,95
1,<environment.Job instance at 0x7f506b759f00>,14,18,[ 1 10],15,115,133,100,115
1,<environment.Job instance at 0x7f506b759640>,15,27,[12  4],16,124,151,108,122
1,<environment.Job instance at 0x7f50af3ff640>,16,20,[ 5 12],17,157,177,140,157
1,<environment.Job instance at 0x7f50af3ff8c0>,17,28,[12  4],18,198,226,180,198
1,<environment.Job instance at 0x7f50af3ff140>,18,16,[ 1 14],19,275,291,256,275
1,<environment.Job instance at 0x7f50b3a02280>,0,14,[ 4 13],1,1,15,0,1
1,<environment.Job instance at 0x7f50b3a02f50>,1,23,[ 5 12],2,15,38,13,9
1,<environment.Job instance at 0x7f506bb36870>,6,18,[ 4 14],7,38,56,31,27
1,<environment.Job instance at 0x7f50b3a02460>,9,17,[12  2],10,56,73,46,44
1,<environment.Job instance at 0x7f50af05fa50>,13,23,[1 5],14,56,79,42,56
1,<environment.Job instance at 0x7f50af05f5a0>,14,27,[2 8],15,56,83,41,56
1,<environment.Job instance at 0x7f506b41fd20>,8,20,[2 7],9,79,99,70,76
1,<environment.Job instance at 0x7f50b3a02b90>,2,20,[8 5],3,83,103,80,77
1,<environment.Job instance at 0x7f50af107820>,17,14,[11  4],18,103,117,85,92
1,<environment.Job instance at 0x7f50af79e370>,20,18,[ 4 11],21,103,121,82,99
1,<environment.Job instance at 0x7f50af79e6e0>,21,18,[ 3 12],22,121,139,99,110
1,<environment.Job instance at 0x7f50af798190>,23,24,[13  4],24,139,163,115,134
1,<environment.Job instance at 0x7f50af798690>,24,19,[ 2 13],25,163,182,138,153
1,<environment.Job instance at 0x7f50af1e80f0>,26,14,[13  4],27,182,196,155,171
1,<environment.Job instance at 0x7f50af79e730>,22,12,[7 2],23,196,208,173,181
1,<environment.Job instance at 0x7f50b3f7df50>,28,12,[ 5 11],29,196,208,167,184
1,<environment.Job instance at 0x7f50af632be0>,27,15,[13  3],28,208,223,180,196
1,<environment.Job instance at 0x7f50af79efa0>,18,14,[14  5],19,223,237,204,208
1,<environment.Job instance at 0x7f50b3a02730>,4,13,[13  5],5,237,250,232,225
1,<environment.Job instance at 0x7f506b794e60>,32,25,[8 5],33,250,275,217,246
1,<environment.Job instance at 0x7f50af7980a0>,31,14,[14  2],32,275,289,243,260
1,<environment.Job instance at 0x7f506b74d320>,1,18,[ 1 12],2,2,20,0,2
1,<environment.Job instance at 0x7f50af41ce60>,2,24,[6 3],3,3,27,0,3
1,<environment.Job instance at 0x7f50af5680f0>,3,16,[13  4],4,27,43,23,20
1,<environment.Job instance at 0x7f50af5a1550>,9,27,[13  2],10,43,70,33,41
1,<environment.Job instance at 0x7f506bb09280>,10,15,[11  4],11,70,85,59,59
1,<environment.Job instance at 0x7f50b38d5a50>,12,26,[14  3],13,85,111,72,82
1,<environment.Job instance at 0x7f50af192500>,14,19,[1 6],15,97,116,82,97
1,<environment.Job instance at 0x7f50af7980a0>,4,12,[ 5 11],5,116,128,111,99
1,<environment.Job instance at 0x7f50af5a1fa0>,8,23,[11  4],9,128,151,119,128
1,<environment.Job instance at 0x7f50af192320>,15,17,[11  2],16,151,168,135,140
1,<environment.Job instance at 0x7f50af192a00>,16,12,[12  5],17,168,180,151,158
1,<environment.Job instance at 0x7f50af5b0d20>,21,17,[2 7],22,159,176,137,159
1,<environment.Job instance at 0x7f50af5b0960>,20,23,[2 9],21,176,199,155,173
1,<environment.Job instance at 0x7f50af29e140>,17,22,[11  3],18,180,202,162,173
1,<environment.Job instance at 0x7f50af192f50>,23,13,[13  3],24,202,215,178,186
1,<environment.Job instance at 0x7f506bbe7cd0>,25,19,[13  1],26,215,234,189,205
1,<environment.Job instance at 0x7f506bbe7f00>,26,15,[12  3],27,234,249,207,220
1,<environment.Job instance at 0x7f50b6601960>,27,24,[ 1 11],28,230,254,202,230
1,<environment.Job instance at 0x7f50af363910>,30,14,[9 2],31,249,263,218,235
1,<environment.Job instance at 0x7f50af3bbe10>,32,16,[11  1],33,263,279,230,256
1,<environment.Job instance at 0x7f50af3bb140>,33,28,[ 4 11],34,256,284,222,256
1,<environment.Job instance at 0x7f506b9c4820>,2,20,[ 2 12],3,6,26,3,6
1,<environment.Job instance at 0x7f506b9c40a0>,0,18,[11  2],1,7,25,6,7
1,<environment.Job instance at 0x7f50af6d3dc0>,8,22,[2 8],9,26,48,17,19
1,<environment.Job instance at 0x7f50af10b7d0>,10,25,[12  2],11,25,50,14,21
1,<environment.Job instance at 0x7f50af10baf0>,11,22,[11  3],12,50,72,38,43
1,<environment.Job instance at 0x7f50af073550>,13,26,[ 5 10],14,72,98,58,69
1,<environment.Job instance at 0x7f506b7d2690>,3,20,[13  1],4,98,118,94,92
1,<environment.Job instance at 0x7f50af7450f0>,19,13,[11  2],20,118,131,98,108
1,<environment.Job instance at 0x7f50af0734b0>,16,21,[ 4 12],17,118,139,101,113
1,<environment.Job instance at 0x7f506b849d70>,21,15,[6 3],22,131,146,109,120
1,<environment.Job instance at 0x7f506b849dc0>,22,16,[9 3],23,139,155,116,134
1,<environment.Job instance at 0x7f50af073cd0>,17,26,[ 4 12],18,146,172,128,146
1,<environment.Job instance at 0x7f50af10b1e0>,12,24,[12  5],13,172,196,159,169
1,<environment.Job instance at 0x7f506b849b40>,24,13,[ 5 14],25,196,209,171,188
1,<environment.Job instance at 0x7f506b849eb0>,27,17,[ 1 10],28,209,226,181,201
1,<environment.Job instance at 0x7f506b849fa0>,26,22,[13  1],27,209,231,182,202
1,<environment.Job instance at 0x7f506b421cd0>,20,13,[ 5 13],21,231,244,210,226
1,<environment.Job instance at 0x7f506b869320>,30,23,[8 4],31,244,267,213,238
1,<environment.Job instance at 0x7f506b869460>,32,21,[11  5],33,267,288,234,259
1,<environment.Job instance at 0x7f50af3de1e0>,1,26,[5 3],2,2,28,0,2
1,<environment.Job instance at 0x7f50af6d7870>,2,27,[13  5],3,28,55,25,26
1,<environment.Job instance at 0x7f506b87e370>,7,26,[14  5],8,55,81,47,52
1,<environment.Job instance at 0x7f506b6d4370>,4,21,[ 4 11],5,81,102,76,74
1,<environment.Job instance at 0x7f506b87e3c0>,10,20,[12  3],11,102,122,91,95
1,<environment.Job instance at 0x7f506b87e640>,11,17,[ 5 14],12,122,139,110,110
1,<environment.Job instance at 0x7f506b87e140>,9,18,[13  1],10,139,157,129,128
1,<environment.Job instance at 0x7f50af0b0320>,15,16,[ 2 13],16,139,155,123,138
1,<environment.Job instance at 0x7f50af0b01e0>,14,20,[5 3],15,157,177,142,151
1,<environment.Job instance at 0x7f50b3e8b1e0>,18,25,[ 4 10],19,158,183,139,158
1,<environment.Job instance at 0x7f50af0b0dc0>,17,14,[14  1],18,183,197,165,179
1,<environment.Job instance at 0x7f50b3e8b690>,21,14,[11  5],22,197,211,175,188
1,<environment.Job instance at 0x7f50b3e8b6e0>,19,26,[3 6],20,197,223,177,195
1,<environment.Job instance at 0x7f50b3e8b550>,23,23,[1 6],24,212,235,188,212
1,<environment.Job instance at 0x7f50b3e8bbe0>,24,25,[12  2],25,223,248,198,220
1,<environment.Job instance at 0x7f506b6d4be0>,5,18,[ 3 12],6,237,255,231,237
1,<environment.Job instance at 0x7f50b3e8beb0>,27,13,[11  1],28,248,261,220,245
1,<environment.Job instance at 0x7f50b3e8ba50>,26,24,[13  1],27,266,290,239,266
1,<environment.Job instance at 0x7f506b85b0a0>,0,24,[3 9],1,1,25,0,1
1,<environment.Job instance at 0x7f50b384a960>,2,17,[ 3 11],3,25,42,22,13
1,<environment.Job instance at 0x7f50b384aaf0>,7,27,[8 5],8,42,69,34,40
1,<environment.Job instance at 0x7f50b384ab40>,8,19,[6 5],9,42,61,33,40
1,<environment.Job instance at 0x7f50b384aa00>,9,17,[ 1 11],10,69,86,59,57
1,<environment.Job instance at 0x7f50b384aeb0>,10,13,[ 3 14],11,86,99,75,70
1,<environment.Job instance at 0x7f50af79fc80>,3,20,[8 4],4,99,119,95,90
1,<environment.Job instance at 0x7f50b384a2d0>,13,16,[11  2],14,119,135,105,106
1,<environment.Job instance at 0x7f50b384a4b0>,4,27,[1 9],5,106,133,101,106
1,<environment.Job instance at 0x7f50b384a050>,17,26,[10  5],18,135,161,117,132
1,<environment.Job instance at 0x7f50b384a230>,19,26,[ 2 12],20,161,187,141,158
1,<environment.Job instance at 0x7f50b384acd0>,20,26,[4 5],21,187,213,166,184
1,<environment.Job instance at 0x7f50b384a140>,21,21,[2 9],22,187,208,165,184
1,<environment.Job instance at 0x7f50af61f7d0>,22,24,[4 6],23,208,232,185,203
1,<environment.Job instance at 0x7f50af61f870>,23,15,[ 2 13],24,232,247,208,218
1,<environment.Job instance at 0x7f50af61f9b0>,24,18,[11  2],25,218,236,193,218
1,<environment.Job instance at 0x7f50b384a190>,15,13,[13  5],16,247,260,231,232
1,<environment.Job instance at 0x7f50b384a9b0>,18,13,[14  3],19,260,273,241,246
1,<environment.Job instance at 0x7f50af61f550>,29,19,[ 3 12],30,273,292,243,263
1,<environment.Job instance at 0x7f50b63de050>,3,24,[9 1],4,4,28,0,4
1,<environment.Job instance at 0x7f50af2183c0>,5,23,[ 3 10],6,10,33,4,10
1,<environment.Job instance at 0x7f50af3045f0>,9,21,[7 5],10,28,49,18,22
1,<environment.Job instance at 0x7f50b3e12a00>,4,14,[ 5 13],5,49,63,44,34
1,<environment.Job instance at 0x7f50af3048c0>,11,13,[5 2],12,34,47,22,34
1,<environment.Job instance at 0x7f50af61f0f0>,1,19,[14  4],2,63,82,61,53
1,<environment.Job instance at 0x7f50b39fce60>,13,27,[1 7],14,63,90,49,61
1,<environment.Job instance at 0x7f50af6d7780>,6,20,[10  4],7,82,102,75,78
1,<environment.Job instance at 0x7f50b39fceb0>,12,18,[11  3],13,102,120,89,92
1,<environment.Job instance at 0x7f50b39fc730>,17,19,[ 4 10],18,93,112,75,93
1,<environment.Job instance at 0x7f50b39fc7d0>,15,18,[ 3 12],16,112,130,96,102
1,<environment.Job instance at 0x7f50b6641a50>,20,18,[10  1],21,120,138,99,115
1,<environment.Job instance at 0x7f50af304fa0>,8,27,[ 5 12],9,134,161,125,134
1,<environment.Job instance at 0x7f50b6641140>,21,25,[9 1],22,138,163,116,134
1,<environment.Job instance at 0x7f50b6641be0>,19,15,[ 4 13],20,161,176,141,147
1,<environment.Job instance at 0x7f50b6641820>,25,15,[ 5 14],26,176,191,150,162
1,<environment.Job instance at 0x7f506bb77690>,26,21,[10  1],27,167,188,140,167
1,<environment.Job instance at 0x7f506bb77730>,27,18,[ 1 14],28,191,209,163,180
1,<environment.Job instance at 0x7f50b6641280>,22,17,[ 5 14],23,209,226,186,200
1,<environment.Job instance at 0x7f50b66417d0>,23,14,[13  1],24,226,240,202,214
1,<environment.Job instance at 0x7f506bb77820>,32,12,[10  4],33,240,252,207,224
1,<environment.Job instance at 0x7f506bb77af0>,33,28,[14  2],34,255,283,221,255
1,<environment.Job instance at 0x7f50af304780>,0,15,[ 3 13],1,1,16,0,1
1,<environment.Job instance at 0x7f506bb65550>,1,12,[ 3 14],2,16,28,14,2
1,<environment.Job instance at 0x7f506bb654b0>,2,27,[6 5],3,28,55,25,26
1,<environment.Job instance at 0x7f506bb65aa0>,8,16,[ 1 13],9,55,71,46,42
1,<environment.Job instance at 0x7f506bb65b90>,9,25,[4 7],10,71,96,61,67
1,<environment.Job instance at 0x7f506bb65d20>,11,12,[13  5],12,96,108,84,79
1,<environment.Job instance at 0x7f506bb65c30>,13,27,[5 3],14,108,135,94,106
1,<environment.Job instance at 0x7f506bb65780>,14,25,[ 3 11],15,108,133,93,106
1,<environment.Job instance at 0x7f506b9b8820>,15,24,[8 3],16,133,157,117,128
1,<environment.Job instance at 0x7f506bb657d0>,10,18,[ 2 11],11,135,153,124,128
1,<environment.Job instance at 0x7f506b9b80f0>,16,13,[13  1],17,157,170,140,141
1,<environment.Job instance at 0x7f50af304050>,3,18,[6 4],4,170,188,166,159
1,<environment.Job instance at 0x7f506bb65d70>,12,22,[14  4],13,188,210,175,184
1,<environment.Job instance at 0x7f506b9b8280>,19,25,[12  5],20,210,235,190,206
1,<environment.Job instance at 0x7f506b9b8460>,23,21,[1 5],24,211,232,187,211
1,<environment.Job instance at 0x7f506b9b8d20>,22,26,[ 2 11],23,235,261,212,232
1,<environment.Job instance at 0x7f506b9b8500>,26,18,[11  4],27,235,253,208,234
1,<environment.Job instance at 0x7f506b9b86e0>,21,12,[6 3],22,253,265,231,238
1,<environment.Job instance at 0x7f506b9b8190>,27,24,[11  2],28,265,289,237,260
1,<environment.Job instance at 0x7f50b391e690>,1,21,[12  1],2,2,23,0,2
1,<environment.Job instance at 0x7f506bc2a5f0>,3,16,[11  3],4,23,39,19,21
1,<environment.Job instance at 0x7f50b3aa0370>,10,20,[13  2],11,39,59,28,30
1,<environment.Job instance at 0x7f50b3aa04b0>,11,21,[2 6],12,30,51,18,30
1,<environment.Job instance at 0x7f506b3e3dc0>,12,23,[ 3 13],13,59,82,46,53
1,<environment.Job instance at 0x7f50b3aa0050>,13,26,[3 8],14,82,108,68,79
1,<environment.Job instance at 0x7f50af724aa0>,7,17,[11  3],8,138,155,130,138
1,<environment.Job instance at 0x7f506b844d70>,16,15,[4 7],17,141,156,124,141
1,<environment.Job instance at 0x7f506b844460>,17,23,[9 2],18,240,263,222,240
1,<environment.Job instance at 0x7f506b93c230>,0,27,[ 4 12],1,1,28,0,1
1,<environment.Job instance at 0x7f50af722af0>,1,22,[6 4],2,28,50,26,21
1,<environment.Job instance at 0x7f50af6d2aa0>,6,14,[11  1],7,50,64,43,35
1,<environment.Job instance at 0x7f506b869820>,7,23,[ 2 11],8,35,58,27,35
1,<environment.Job instance at 0x7f506b869e60>,8,21,[ 1 11],9,58,79,49,50
1,<environment.Job instance at 0x7f50b3f305a0>,9,23,[ 2 14],10,79,102,69,73
1,<environment.Job instance at 0x7f50af783550>,10,28,[5 5],11,102,130,91,101
1,<environment.Job instance at 0x7f50af783910>,11,21,[ 4 13],12,130,151,118,122
1,<environment.Job instance at 0x7f50af542af0>,12,15,[13  2],13,151,166,138,137
1,<environment.Job instance at 0x7f50af542780>,13,23,[ 5 11],14,166,189,152,160
1,<environment.Job instance at 0x7f50af5420a0>,14,26,[ 5 11],15,189,215,174,186
1,<environment.Job instance at 0x7f50af542730>,16,18,[13  2],17,215,233,198,204
1,<environment.Job instance at 0x7f50af542190>,17,27,[12  5],18,233,260,215,231
1,<environment.Job instance at 0x7f50af5422d0>,18,19,[11  4],19,260,279,241,250
1,<environment.Job instance at 0x7f50b686f640>,3,15,[2 7],4,254,269,250,254
1,<environment.Job instance at 0x7f50af542f50>,19,22,[ 2 11],20,269,291,249,262
1,<environment.Job instance at 0x7f506b5b4d70>,0,24,[14  4],1,1,25,0,1
1,<environment.Job instance at 0x7f506b5b4140>,1,13,[14  5],2,25,38,23,15
1,<environment.Job instance at 0x7f506b95f6e0>,7,17,[ 3 13],8,38,55,30,26
1,<environment.Job instance at 0x7f506b95f370>,8,25,[12  2],9,38,63,29,34
1,<environment.Job instance at 0x7f506b95fe10>,9,17,[ 1 14],10,63,80,53,51
1,<environment.Job instance at 0x7f506b95f8c0>,11,27,[ 4 11],12,80,107,68,78
1,<environment.Job instance at 0x7f506bb13aa0>,3,16,[7 4],4,80,96,76,78
1,<environment.Job instance at 0x7f506b95fcd0>,13,27,[7 5],14,107,134,93,105
1,<environment.Job instance at 0x7f50af3a2550>,14,14,[3 5],15,107,121,92,105
1,<environment.Job instance at 0x7f50af3a2dc0>,15,25,[ 3 11],16,134,159,118,130
1,<environment.Job instance at 0x7f506b95feb0>,10,25,[12  3],11,134,159,123,134
1,<environment.Job instance at 0x7f506b95fa00>,12,23,[12  4],13,159,182,146,153
1,<environment.Job instance at 0x7f50af3a2f50>,17,28,[2 8],18,159,187,141,158
1,<environment.Job instance at 0x7f50af3a21e0>,19,16,[ 5 13],20,187,203,167,175
1,<environment.Job instance at 0x7f50af3a25a0>,21,26,[14  4],22,203,229,181,200
1,<environment.Job instance at 0x7f50af3a2fa0>,22,25,[2 8],23,229,254,206,225
1,<environment.Job instance at 0x7f50af3a2c30>,20,23,[5 5],21,229,252,208,225
1,<environment.Job instance at 0x7f50af3a2820>,24,25,[4 7],25,252,277,227,248
1,<environment.Job instance at 0x7f50af3a2d70>,25,25,[11  5],26,254,279,228,250
1,<environment.Job instance at 0x7f506b595be0>,3,24,[9 1],4,4,28,0,4
1,<environment.Job instance at 0x7f50b3a4dd70>,4,14,[ 2 13],5,8,22,3,8
1,<environment.Job instance at 0x7f50af72b050>,8,22,[1 8],9,22,44,13,15
1,<environment.Job instance at 0x7f506b9ac0f0>,9,18,[ 2 13],10,44,62,34,33
1,<environment.Job instance at 0x7f50af72b780>,10,16,[11  4],11,62,78,51,52
1,<environment.Job instance at 0x7f506b6a9dc0>,12,21,[9 3],13,78,99,65,70
1,<environment.Job instance at 0x7f50af5f30a0>,13,26,[11  4],14,99,125,85,96
1,<environment.Job instance at 0x7f506b38bd20>,14,26,[ 1 10],15,97,123,82,97
1,<environment.Job instance at 0x7f506b38b820>,16,25,[5 3],17,125,150,108,121
1,<environment.Job instance at 0x7f506b38b910>,17,21,[3 7],18,123,144,105,121
1,<environment.Job instance at 0x7f506b38b320>,19,28,[14  3],20,150,178,130,149
1,<environment.Job instance at 0x7f50af3f21e0>,20,20,[1 9],21,149,169,128,149
1,<environment.Job instance at 0x7f50af3f2f50>,21,23,[ 4 10],22,178,201,156,172
1,<environment.Job instance at 0x7f50af3f2230>,22,28,[10  2],23,178,206,155,177
1,<environment.Job instance at 0x7f506b7e61e0>,24,24,[ 4 12],25,201,225,176,196
1,<environment.Job instance at 0x7f50af72b960>,7,12,[11  3],8,206,218,198,196
1,<environment.Job instance at 0x7f50b3a4d370>,1,13,[ 4 13],2,225,238,223,211
1,<environment.Job instance at 0x7f506b7e6780>,25,15,[14  1],26,238,253,212,224
1,<environment.Job instance at 0x7f506b402780>,30,27,[ 2 12],31,253,280,222,251
1,<environment.Job instance at 0x7f5d1616f6e0>,1,24,[10  1],2,2,26,0,2
1,<environment.Job instance at 0x7f5d0cd0e1e0>,5,24,[ 2 14],6,12,36,6,12
1,<environment.Job instance at 0x7f5d0cd0e230>,3,13,[12  4],4,36,49,32,21
1,<environment.Job instance at 0x7f5d0cd0e640>,9,16,[12  1],10,49,65,39,36
1,<environment.Job instance at 0x7f5d0cd0e9b0>,12,28,[ 1 14],13,49,77,36,48
1,<environment.Job instance at 0x7f5d0cd0e870>,14,15,[14  4],15,77,92,62,63
1,<environment.Job instance at 0x7f5d0cd0eaa0>,16,28,[5 1],17,92,120,75,91
1,<environment.Job instance at 0x7f5d0cd0e730>,10,15,[5 1],11,92,107,81,91
1,<environment.Job instance at 0x7f5d0cd0e4b0>,8,20,[ 4 13],9,92,112,83,92
1,<environment.Job instance at 0x7f5d0cd0eb40>,17,19,[12  4],18,120,139,102,110
1,<environment.Job instance at 0x7f5d0cd0ed20>,20,17,[ 2 14],21,139,156,118,127
1,<environment.Job instance at 0x7f5d0cd0edc0>,21,14,[ 4 11],22,156,170,134,141
1,<environment.Job instance at 0x7f5d0cd0ec80>,19,23,[8 4],20,156,179,136,152
1,<environment.Job instance at 0x7f5d0cd0e780>,23,16,[12  2],24,179,195,155,166
1,<environment.Job instance at 0x7f5d0cd11050>,25,24,[5 7],26,195,219,169,190
1,<environment.Job instance at 0x7f5d0cd111e0>,27,17,[ 4 12],28,219,236,191,207
1,<environment.Job instance at 0x7f5d0cd11280>,28,17,[ 1 13],29,236,253,207,224
1,<environment.Job instance at 0x7f5d0cd11320>,29,24,[ 4 13],30,253,277,223,248
1,<environment.Job instance at 0x7f5d0cd192d0>,0,19,[12  3],1,2,21,1,2
1,<environment.Job instance at 0x7f5d0cd0e0a0>,3,21,[4 8],4,21,42,17,13
1,<environment.Job instance at 0x7f5d16291500>,7,26,[2 7],8,13,39,5,13
1,<environment.Job instance at 0x7f5d162917d0>,10,17,[ 5 14],11,42,59,31,30
1,<environment.Job instance at 0x7f5d16291c80>,12,15,[9 1],13,39,54,26,30
1,<environment.Job instance at 0x7f5d162916e0>,13,23,[9 1],14,54,77,40,48
1,<environment.Job instance at 0x7f5d16291640>,14,25,[ 1 13],15,59,84,44,57
1,<environment.Job instance at 0x7f5d16290eb0>,17,18,[2 6],18,84,102,66,73
1,<environment.Job instance at 0x7f5d162901e0>,19,25,[6 5],20,84,109,64,81
1,<environment.Job instance at 0x7f5d16290a00>,20,28,[13  5],21,110,138,89,110
1,<environment.Job instance at 0x7f5d16290be0>,21,28,[ 5 11],22,138,166,116,138
1,<environment.Job instance at 0x7f5d162902d0>,22,15,[ 2 13],23,166,181,143,152
1,<environment.Job instance at 0x7f5d16290410>,23,13,[11  4],24,181,194,157,165
1,<environment.Job instance at 0x7f5d16290a50>,24,16,[1 9],25,181,197,156,169
1,<environment.Job instance at 0x7f5d16290b40>,25,19,[ 1 10],26,197,216,171,187
1,<environment.Job instance at 0x7f5d16290dc0>,26,16,[7 5],27,194,210,167,193
1,<environment.Job instance at 0x7f5d16146aa0>,27,22,[ 4 14],28,216,238,188,209
1,<environment.Job instance at 0x7f5d16146550>,28,25,[1 7],29,238,263,209,234
1,<environment.Job instance at 0x7f5d16291050>,11,22,[11  2],12,242,264,230,242
1,<environment.Job instance at 0x7f5d161464b0>,29,18,[1 9],30,263,281,233,252
1,<environment.Job instance at 0x7f5d161460a0>,32,17,[12  4],33,264,281,231,253
1,<environment.Job instance at 0x7f5d16146af0>,33,12,[1 6],34,281,293,247,264
1,<environment.Job instance at 0x7f5d16146960>,34,17,[5 1],35,281,298,246,269
1,<environment.Job instance at 0x7f5d16291140>,0,26,[5 4],1,1,27,0,1
1,<environment.Job instance at 0x7f5d16146a50>,1,23,[ 3 14],2,27,50,25,21
1,<environment.Job instance at 0x7f5ccb0adc30>,6,24,[13  4],7,50,74,43,45
1,<environment.Job instance at 0x7f5ccb0adb90>,5,16,[11  3],6,74,90,68,61
1,<environment.Job instance at 0x7f5ccb0ad320>,9,17,[14  3],10,90,107,80,78
1,<environment.Job instance at 0x7f5ccb0caeb0>,3,17,[13  1],4,107,124,103,99
1,<environment.Job instance at 0x7f5ccb0ad5a0>,15,24,[3 7],16,124,148,108,121
1,<environment.Job instance at 0x7f5ccb0ad190>,14,25,[14  5],15,168,193,153,168
1,<environment.Job instance at 0x7f5ccb0addc0>,17,17,[11  1],18,199,216,181,199
1,<environment.Job instance at 0x7f5ccb0ad460>,20,26,[3 9],21,202,228,181,202
1,<environment.Job instance at 0x7f5ccb0ad3c0>,21,19,[11  4],22,216,235,194,206
1,<environment.Job instance at 0x7f5ccb0ed9b0>,23,25,[13  2],24,235,260,211,233
1,<environment.Job instance at 0x7f5ccb0ed280>,25,22,[12  2],26,260,282,234,253
1,<environment.Job instance at 0x7f5ccb0add20>,18,27,[ 3 13],19,266,293,247,266
1,<environment.Job instance at 0x7f5ccb0edc80>,26,17,[9 2],27,282,299,255,272
1,<environment.Job instance at 0x7f5ccb0ed870>,1,24,[7 2],2,2,26,0,2
1,<environment.Job instance at 0x7f5ccb0d1be0>,2,13,[ 5 11],3,14,27,11,14
1,<environment.Job instance at 0x7f5ccb0dd820>,8,27,[ 4 13],9,27,54,18,25
1,<environment.Job instance at 0x7f5ccb0dd050>,7,27,[6 1],8,26,53,18,25
1,<environment.Job instance at 0x7f5ccb0dde10>,9,14,[12  3],10,54,68,44,40
1,<environment.Job instance at 0x7f5ccb0dd9b0>,15,27,[ 5 14],16,68,95,52,66
1,<environment.Job instance at 0x7f5ccb0e93c0>,17,27,[5 1],18,68,95,50,66
1,<environment.Job instance at 0x7f5ccb0e9d70>,18,26,[ 2 13],19,95,121,76,92
1,<environment.Job instance at 0x7f5ccb0e9e10>,19,28,[14  4],20,121,149,101,120
1,<environment.Job instance at 0x7f5ccb0e9c30>,20,27,[3 9],21,149,176,128,147
1,<environment.Job instance at 0x7f5ccb0e98c0>,21,20,[ 4 11],22,176,196,154,167
1,<environment.Job instance at 0x7f5ccb0dda00>,10,27,[11  1],11,169,196,158,169
1,<environment.Job instance at 0x7f5ccb0dddc0>,4,12,[ 5 12],5,196,208,191,181
1,<environment.Job instance at 0x7f5ccb0edc80>,3,13,[14  1],4,208,221,204,192
1,<environment.Job instance at 0x7f5ccb0e9f00>,28,13,[6 4],29,221,234,192,205
1,<environment.Job instance at 0x7f5ccb0e9dc0>,24,27,[1 5],25,231,258,206,231
1,<environment.Job instance at 0x7f5ccb0e9140>,25,26,[11  3],26,234,260,208,233
1,<environment.Job instance at 0x7f5ccb49beb0>,32,13,[14  2],33,260,273,227,245
1,<environment.Job instance at 0x7f5ccb49b140>,33,13,[ 5 11],34,273,286,239,257
1,<environment.Job instance at 0x7f5ccb49b140>,2,28,[11  2],3,8,36,5,8
1,<environment.Job instance at 0x7f5ccb0d1280>,4,16,[ 4 10],5,31,47,26,31
1,<environment.Job instance at 0x7f5ccb0d1b40>,3,24,[7 5],4,36,60,32,32
1,<environment.Job instance at 0x7f5ccb49b370>,1,15,[13  3],2,60,75,58,48
1,<environment.Job instance at 0x7f5ccb4a5230>,10,28,[7 4],11,75,103,64,74
1,<environment.Job instance at 0x7f5ccb1930f0>,11,27,[4 6],12,75,102,63,74
1,<environment.Job instance at 0x7f5ccb6274b0>,13,20,[4 9],14,102,122,88,93
1,<environment.Job instance at 0x7f5ccb4eea50>,15,27,[12  5],16,122,149,106,120
1,<environment.Job instance at 0x7f5ccb4eeb40>,16,21,[10  5],17,149,170,132,141
1,<environment.Job instance at 0x7f5ccb4eec30>,17,28,[11  5],18,170,198,152,169
1,<environment.Job instance at 0x7f5d0cd28410>,18,25,[14  5],19,198,223,179,194
1,<environment.Job instance at 0x7f5ccb3cbd70>,9,12,[ 5 12],10,223,235,213,206
1,<environment.Job instance at 0x7f5d0cd28690>,20,17,[12  2],21,235,252,214,224
1,<environment.Job instance at 0x7f5d0cd28460>,21,26,[6 2],22,252,278,230,249
1,<environment.Job instance at 0x7f5ccb0dd230>,6,27,[ 4 13],7,252,279,245,250
1,<environment.Job instance at 0x7f5d0cd28910>,19,26,[14  1],20,279,305,259,276
1,<environment.Job instance at 0x7f5ccb188f00>,0,27,[14  3],1,1,28,0,1
1,<environment.Job instance at 0x7f5ccb3c9730>,1,18,[ 1 14],2,28,46,26,17
1,<environment.Job instance at 0x7f5ccaf15230>,6,28,[5 7],7,46,74,39,45
1,<environment.Job instance at 0x7f5ccaf155a0>,7,16,[ 4 11],8,74,90,66,61
1,<environment.Job instance at 0x7f5ccaf15140>,8,17,[13  3],9,90,107,81,78
1,<environment.Job instance at 0x7f5ccaf15640>,11,13,[ 5 12],12,107,120,95,92
1,<environment.Job instance at 0x7f5ccaf159b0>,12,23,[ 5 11],13,120,143,107,114
1,<environment.Job instance at 0x7f5ccaf15550>,13,27,[12  4],14,143,170,129,141
1,<environment.Job instance at 0x7f5ccaf15190>,14,13,[12  4],15,170,183,155,154
1,<environment.Job instance at 0x7f5ccaf15820>,9,22,[ 3 11],10,155,177,145,155
1,<environment.Job instance at 0x7f5d0ceba0f0>,15,23,[9 4],16,183,206,167,177
1,<environment.Job instance at 0x7f5ccb141e10>,17,24,[ 4 14],18,206,230,188,201
1,<environment.Job instance at 0x7f5ccb141730>,19,24,[13  3],20,230,254,210,225
1,<environment.Job instance at 0x7f5ccb141c30>,20,27,[9 5],21,254,281,233,252
1,<environment.Job instance at 0x7f5ccb141b40>,21,22,[13  5],22,281,303,259,274
1,<environment.Job instance at 0x7f5ccb193140>,0,18,[11  2],1,2,20,1,2
1,<environment.Job instance at 0x7f5ccb141fa0>,2,24,[14  5],3,20,44,17,15
1,<environment.Job instance at 0x7f5d15b4b870>,6,14,[ 1 13],7,44,58,37,29
1,<environment.Job instance at 0x7f5d15df2230>,7,16,[13  5],8,58,74,50,45
1,<environment.Job instance at 0x7f5d15df2320>,8,25,[5 3],9,74,99,65,70
1,<environment.Job instance at 0x7f5d156b1aa0>,10,22,[ 3 14],11,99,121,88,92
1,<environment.Job instance at 0x7f5d156b1af0>,12,14,[13  1],13,121,135,108,106
1,<environment.Job instance at 0x7f5d0cb41aa0>,13,27,[ 4 14],14,135,162,121,133
1,<environment.Job instance at 0x7f5d0cb41d20>,17,28,[13  5],18,162,190,144,161
1,<environment.Job instance at 0x7f5d0cb41230>,18,23,[6 4],19,190,213,171,184
1,<environment.Job instance at 0x7f5d0cb419b0>,19,21,[ 3 14],20,213,234,193,205
1,<environment.Job instance at 0x7f5ccb3bbc80>,21,27,[5 5],22,234,261,212,232
1,<environment.Job instance at 0x7f5ccb3bb820>,23,25,[5 5],24,242,267,218,242
1,<environment.Job instance at 0x7f5d0d0bcaa0>,24,26,[12  3],25,267,293,242,264
1,<environment.Job instance at 0x7f5d155924b0>,1,22,[ 4 12],2,2,24,0,2
1,<environment.Job instance at 0x7f5ccb3c1460>,4,27,[12  1],5,24,51,19,22
1,<environment.Job instance at 0x7f5d1560e0a0>,9,27,[5 1],10,51,78,41,49
1,<environment.Job instance at 0x7f5d157255a0>,11,27,[11  5],12,78,105,66,76
1,<environment.Job instance at 0x7f5ccb0ba6e0>,6,13,[ 5 11],7,105,118,98,92
1,<environment.Job instance at 0x7f5d0caa25f0>,14,18,[ 1 10],15,118,136,103,107
1,<environment.Job instance at 0x7f5d0cc4c5a0>,15,27,[12  4],16,118,145,102,117
1,<environment.Job instance at 0x7f5ccb5f1140>,16,20,[ 5 12],17,145,165,128,136
1,<environment.Job instance at 0x7f5d0ce9e3c0>,17,28,[12  4],18,165,193,147,164
1,<environment.Job instance at 0x7f5d155f1550>,18,16,[ 1 14],19,193,209,174,180
1,<environment.Job instance at 0x7f5d15725140>,12,23,[14  5],13,209,232,196,203
1,<environment.Job instance at 0x7f5ccb436d70>,21,28,[13  3],22,232,260,210,231
1,<environment.Job instance at 0x7f5ccb2e1730>,19,14,[1 7],20,232,246,212,232
1,<environment.Job instance at 0x7f5ccb415c30>,22,22,[ 3 11],23,260,282,237,253
1,<environment.Job instance at 0x7f5ccb097a50>,24,22,[10  2],25,260,282,235,255
1,<environment.Job instance at 0x7f5ccb097a50>,2,12,[6 2],3,21,33,18,21
1,<environment.Job instance at 0x7f5d15b18410>,3,23,[1 5],4,21,44,17,21
1,<environment.Job instance at 0x7f5d15b18d70>,8,14,[14  5],9,33,47,24,30
1,<environment.Job instance at 0x7f5d15bb3280>,11,18,[ 3 12],12,47,65,35,36
1,<environment.Job instance at 0x7f5d15bb30f0>,14,19,[ 2 13],15,65,84,50,55
1,<environment.Job instance at 0x7f5d15bb30a0>,16,14,[13  4],17,84,98,67,72
1,<environment.Job instance at 0x7f5d15b18550>,7,14,[11  4],8,100,114,92,100
1,<environment.Job instance at 0x7f5d15bb32d0>,18,12,[ 5 11],19,114,126,95,101
1,<environment.Job instance at 0x7f5d15bb35a0>,20,22,[10  1],21,114,136,93,110
1,<environment.Job instance at 0x7f5d15bb3dc0>,10,18,[ 4 11],11,126,144,115,115
1,<environment.Job instance at 0x7f5d15bb3b90>,21,14,[14  2],22,144,158,122,129
1,<environment.Job instance at 0x7f5d15bb3af0>,24,15,[14  4],25,158,173,133,151
1,<environment.Job instance at 0x7f5d15bb36e0>,17,15,[13  3],18,173,188,155,159
1,<environment.Job instance at 0x7f5ccb1fbdc0>,29,21,[12  2],30,188,209,158,180
1,<environment.Job instance at 0x7f5ccb1fb870>,27,15,[ 5 12],28,209,224,181,203
1,<environment.Job instance at 0x7f5ccb1fb4b0>,30,25,[6 2],31,209,234,178,205
1,<environment.Job instance at 0x7f5ccb1fb3c0>,33,17,[ 4 12],34,224,241,190,212
1,<environment.Job instance at 0x7f5ccb1fb370>,31,23,[5 5],32,241,264,209,237
1,<environment.Job instance at 0x7f5ccb1fbc30>,34,21,[3 7],35,243,264,208,243
1,<environment.Job instance at 0x7f5ccb1fbe60>,37,22,[ 4 13],38,264,286,226,257
1,<environment.Job instance at 0x7f5d155e2960>,0,23,[2 9],1,1,24,0,1
1,<environment.Job instance at 0x7f5d155c4190>,2,23,[8 3],3,3,26,0,3
1,<environment.Job instance at 0x7f5d155c41e0>,3,13,[13  3],4,26,39,22,15
1,<environment.Job instance at 0x7f5d155c4aa0>,8,27,[10  4],9,39,66,30,37
1,<environment.Job instance at 0x7f5d155c4a50>,9,26,[5 5],10,39,65,29,38
1,<environment.Job instance at 0x7f5d155c4370>,11,19,[13  1],12,66,85,54,56
1,<environment.Job instance at 0x7f5d0d20b190>,7,24,[ 1 11],8,65,89,57,60
1,<environment.Job instance at 0x7f5d0cd146e0>,12,16,[11  1],13,85,101,72,76
1,<environment.Job instance at 0x7f5ccb1fb0f0>,4,25,[ 1 14],5,89,114,84,89
1,<environment.Job instance at 0x7f5d155c4e60>,5,19,[13  1],6,101,120,95,95
1,<environment.Job instance at 0x7f5d155c4500>,6,15,[12  3],7,120,135,113,111
1,<environment.Job instance at 0x7f5d0cbcb820>,16,26,[12  1],17,139,165,122,139
1,<environment.Job instance at 0x7f5d0ce9c5f0>,20,13,[1 8],21,140,153,119,140
1,<environment.Job instance at 0x7f5d0ce9c870>,21,26,[7 1],22,169,195,147,169
1,<environment.Job instance at 0x7f5d0ccc0460>,22,22,[8 3],23,174,196,151,174
1,<environment.Job instance at 0x7f5d0ccc07d0>,23,15,[14  1],24,196,211,172,191
1,<environment.Job instance at 0x7f5ccae6faa0>,14,22,[5 4],15,211,233,196,204
1,<environment.Job instance at 0x7f5d0ccc0410>,24,18,[5 8],25,211,229,186,206
1,<environment.Job instance at 0x7f5d15988e10>,13,28,[ 4 11],14,243,271,229,243
1,<environment.Job instance at 0x7f5d0cd19aa0>,25,17,[14  2],26,271,288,245,259
1,<environment.Job instance at 0x7f5ccadefa50>,0,23,[8 4],1,1,24,0,1
1,<environment.Job instance at 0x7f5d0cd78910>,2,21,[11  5],3,24,45,21,16
1,<environment.Job instance at 0x7f5ccb594e10>,8,19,[ 2 14],9,45,64,36,35
1,<environment.Job instance at 0x7f5ccb4ca500>,9,20,[13  2],10,64,84,54,55
1,<environment.Job instance at 0x7f5d0d182370>,10,16,[ 2 14],11,84,100,73,71
1,<environment.Job instance at 0x7f5d15aee690>,11,26,[7 3],12,100,126,88,97
1,<environment.Job instance at 0x7f5d15e95690>,4,27,[8 5],5,100,127,95,98
1,<environment.Job instance at 0x7f5d15aeed70>,12,16,[ 3 13],13,127,143,114,114
1,<environment.Job instance at 0x7f5d15aee410>,14,22,[14  1],15,143,165,128,136
1,<environment.Job instance at 0x7f5d0cfd5b90>,16,15,[ 1 12],17,143,158,126,139
1,<environment.Job instance at 0x7f5d0cfd5870>,18,20,[7 4],19,165,185,146,156
1,<environment.Job instance at 0x7f5d0cbf85f0>,17,19,[1 8],18,158,177,140,156
1,<environment.Job instance at 0x7f5d15b71dc0>,20,14,[13  5],21,185,199,164,170
1,<environment.Job instance at 0x7f5d16291780>,23,27,[12  4],24,199,226,175,197
1,<environment.Job instance at 0x7f5d162910a0>,24,18,[ 3 13],25,226,244,201,215
1,<environment.Job instance at 0x7f5d16142aa0>,25,27,[ 1 14],26,244,271,218,242
1,<environment.Job instance at 0x7f5d161424b0>,26,21,[14  2],27,271,292,244,263
1,<environment.Job instance at 0x7f5ccb393050>,0,14,[ 4 12],1,1,15,0,1
1,<environment.Job instance at 0x7f5d158d8c80>,2,22,[5 2],3,3,25,0,3
1,<environment.Job instance at 0x7f5ccb5940a0>,3,13,[13  2],4,25,38,21,9
1,<environment.Job instance at 0x7f5ccb427370>,6,16,[1 8],7,16,32,9,16
1,<environment.Job instance at 0x7f5d0d1b2960>,8,16,[11  2],9,38,54,29,26
1,<environment.Job instance at 0x7f5d15513aa0>,12,21,[1 5],13,27,48,14,27
1,<environment.Job instance at 0x7f5ccb13f0a0>,14,25,[ 2 11],15,48,73,33,44
1,<environment.Job instance at 0x7f5d157058c0>,15,19,[11  3],16,54,73,38,44
1,<environment.Job instance at 0x7f5ccb6ac960>,17,22,[4 8],18,73,95,55,66
1,<environment.Job instance at 0x7f5ccb50fdc0>,19,24,[6 2],20,73,97,53,68
1,<environment.Job instance at 0x7f5ccb50fc80>,20,13,[ 1 12],21,95,108,74,79
1,<environment.Job instance at 0x7f5ccb50ff00>,21,16,[ 2 12],22,108,124,86,95
1,<environment.Job instance at 0x7f5ccb50ffa0>,22,27,[ 3 11],23,124,151,101,122
1,<environment.Job instance at 0x7f5ccb4e00f0>,23,21,[ 3 13],24,151,172,127,143
1,<environment.Job instance at 0x7f5ccb4e0140>,25,21,[ 4 14],26,172,193,146,164
1,<environment.Job instance at 0x7f5ccb4e0320>,26,13,[14  2],27,193,206,166,177
1,<environment.Job instance at 0x7f5ccb4e0500>,27,16,[ 4 14],28,206,222,178,193
1,<environment.Job instance at 0x7f5ccb4e0460>,29,14,[13  3],30,222,236,192,207
1,<environment.Job instance at 0x7f5ccb4e05a0>,30,24,[3 9],31,236,260,205,231
1,<environment.Job instance at 0x7f5ccb4e0730>,32,17,[ 3 11],33,260,277,227,248
1,<environment.Job instance at 0x7f5ccb4e07d0>,33,20,[8 4],34,248,268,214,248
1,<environment.Job instance at 0x7f5d15aed500>,0,19,[4 5],1,1,20,0,1
1,<environment.Job instance at 0x7f5ccb4ca6e0>,1,14,[14  3],2,20,34,18,12
1,<environment.Job instance at 0x7f5d0d014eb0>,6,22,[7 2],7,34,56,27,27
1,<environment.Job instance at 0x7f5d0d014f50>,7,28,[3 5],8,34,62,26,33
1,<environment.Job instance at 0x7f5d0d014e10>,8,23,[8 3],9,56,79,47,50
1,<environment.Job instance at 0x7f5d15b43af0>,3,12,[ 5 12],4,62,74,58,50
1,<environment.Job instance at 0x7f5d0d014b40>,10,25,[ 4 10],11,74,99,63,70
1,<environment.Job instance at 0x7f5d0d014190>,13,23,[1 5],14,79,102,65,73
1,<environment.Job instance at 0x7f5ccb4954b0>,14,18,[ 1 12],15,102,120,87,91
1,<environment.Job instance at 0x7f5ccb495b40>,18,13,[7 1],19,99,112,80,99
1,<environment.Job instance at 0x7f5ccb4e07d0>,2,16,[6 3],3,112,128,109,100
1,<environment.Job instance at 0x7f5ccb4951e0>,15,15,[ 3 13],16,128,143,112,114
1,<environment.Job instance at 0x7f5ccb4956e0>,23,24,[9 1],24,121,145,97,121
1,<environment.Job instance at 0x7f5ccb4959b0>,24,14,[ 5 13],25,143,157,118,130
1,<environment.Job instance at 0x7f5ccb495aa0>,20,15,[9 1],21,145,160,124,136
1,<environment.Job instance at 0x7f5ccb495230>,25,23,[ 3 10],26,157,180,131,151
1,<environment.Job instance at 0x7f5ccb495eb0>,26,20,[10  4],27,160,180,133,151
1,<environment.Job instance at 0x7f5ccb495f50>,21,19,[14  4],22,180,199,158,171
1,<environment.Job instance at 0x7f5d156ac8c0>,29,21,[7 5],30,199,220,169,198
1,<environment.Job instance at 0x7f5d156acb90>,30,27,[ 3 13],31,220,247,189,218
1,<environment.Job instance at 0x7f5d156ac3c0>,31,13,[5 2],32,242,255,210,242
1,<environment.Job instance at 0x7f5d156ac500>,27,23,[9 5],28,247,270,219,242
1,<environment.Job instance at 0x7f5d156ac7d0>,33,27,[1 7],34,247,274,213,245
1,<environment.Job instance at 0x7f5d156acc80>,35,18,[ 3 12],36,274,292,238,263
1,<environment.Job instance at 0x7f5d0d014960>,1,27,[11  5],2,2,29,0,2
1,<environment.Job instance at 0x7f5ccb336a50>,2,22,[ 2 10],3,10,32,7,10
1,<environment.Job instance at 0x7f5ccb17deb0>,0,17,[ 5 13],1,32,49,31,20
1,<environment.Job instance at 0x7f5d15705910>,8,28,[1 7],9,49,77,40,48
1,<environment.Job instance at 0x7f5d157058c0>,9,24,[5 1],10,48,72,38,48
1,<environment.Job instance at 0x7f5ccb2e5500>,10,15,[ 3 13],11,77,92,66,63
1,<environment.Job instance at 0x7f5d15705190>,11,12,[ 3 14],12,92,104,80,75
1,<environment.Job instance at 0x7f5ccb2e5140>,12,27,[6 5],13,104,131,91,102
1,<environment.Job instance at 0x7f5ccb2e5c30>,15,17,[14  4],16,131,148,115,119
1,<environment.Job instance at 0x7f5ccb2e5190>,17,12,[3 8],18,119,131,101,119
1,<environment.Job instance at 0x7f5ccb2e5e10>,18,16,[ 1 13],19,148,164,129,135
1,<environment.Job instance at 0x7f5ccb2e5910>,19,25,[4 7],20,164,189,144,160
1,<environment.Job instance at 0x7f5ccb2e5af0>,20,18,[ 2 11],21,189,207,168,178
1,<environment.Job instance at 0x7f5ccb2e5410>,14,18,[9 1],15,179,197,164,179
1,<environment.Job instance at 0x7f5ccb2e5f50>,21,12,[13  5],22,207,219,185,190
1,<environment.Job instance at 0x7f5d157a9be0>,23,27,[5 3],24,219,246,195,217
1,<environment.Job instance at 0x7f5d157a92d0>,24,25,[ 3 11],25,222,247,197,222
1,<environment.Job instance at 0x7f5d157a9c30>,25,24,[8 3],26,246,270,220,241
1,<environment.Job instance at 0x7f5d157a9b40>,26,13,[13  1],27,270,283,243,254
1,<environment.Job instance at 0x7f5ccb4d5050>,1,21,[12  1],2,2,23,0,2
1,<environment.Job instance at 0x7f5d157a90a0>,4,22,[8 3],5,23,45,18,16
1,<environment.Job instance at 0x7f5d0cc8fd20>,8,23,[11  2],9,45,68,36,39
1,<environment.Job instance at 0x7f5d0cc8a820>,10,20,[13  2],11,68,88,57,59
1,<environment.Job instance at 0x7f5d0cc8af00>,11,21,[2 6],12,59,80,47,59
1,<environment.Job instance at 0x7f5d0cc8ac80>,12,23,[ 3 13],13,88,111,75,82
1,<environment.Job instance at 0x7f5d0cc8a280>,13,26,[3 8],14,111,137,97,108
1,<environment.Job instance at 0x7f5d15b46af0>,7,17,[11  3],8,114,131,106,114
1,<environment.Job instance at 0x7f5ccaeecf50>,5,18,[11  2],6,131,149,125,124
1,<environment.Job instance at 0x7f5ccb4e0410>,6,16,[ 4 13],7,137,153,130,126
1,<environment.Job instance at 0x7f5ccb4278c0>,18,26,[11  2],19,177,203,158,177
1,<environment.Job instance at 0x7f5d16289550>,20,18,[5 5],21,203,221,182,193
1,<environment.Job instance at 0x7f5ccb4c2140>,22,27,[11  3],23,227,254,204,227
1,<environment.Job instance at 0x7f5ccb4c21e0>,23,16,[14  4],24,254,270,230,241
1,<environment.Job instance at 0x7f5ccaeec140>,0,28,[5 5],1,1,29,0,1
1,<environment.Job instance at 0x7f5ccaeec0f0>,1,21,[ 4 13],2,29,50,27,21
1,<environment.Job instance at 0x7f5ccb4d0960>,6,18,[13  2],7,50,68,43,39
1,<environment.Job instance at 0x7f5ccb4d0c30>,7,27,[12  5],8,68,95,60,66
1,<environment.Job instance at 0x7f5ccb4d0cd0>,8,19,[11  4],9,95,114,86,85
1,<environment.Job instance at 0x7f5ccb4d0d70>,9,22,[ 2 11],10,95,117,85,88
1,<environment.Job instance at 0x7f5ccb4d09b0>,11,21,[9 5],12,117,138,105,109
1,<environment.Job instance at 0x7f5ccb4d0f50>,12,12,[ 4 14],13,138,150,125,121
1,<environment.Job instance at 0x7f5ccb4c21e0>,2,15,[13  2],3,150,165,147,138
1,<environment.Job instance at 0x7f5d1595d370>,16,15,[12  1],17,165,180,148,151
1,<environment.Job instance at 0x7f5d1595d3c0>,17,13,[ 5 12],18,180,193,162,164
1,<environment.Job instance at 0x7f5d15b46f50>,3,23,[ 5 11],4,193,216,189,189
1,<environment.Job instance at 0x7f5d1595d640>,19,17,[10  4],20,193,210,173,191
1,<environment.Job instance at 0x7f5d1595d730>,20,15,[ 5 11],21,216,231,195,202
1,<environment.Job instance at 0x7f5d1595df50>,23,16,[3 5],24,231,247,207,218
1,<environment.Job instance at 0x7f5d1595d410>,24,27,[ 3 13],25,251,278,226,251
1,<environment.Job instance at 0x7f5d1595d140>,25,23,[6 2],26,252,275,226,252
1,<environment.Job instance at 0x7f5d1595d9b0>,26,22,[ 1 13],27,278,300,251,272
1,<environment.Job instance at 0x7f5d1595d460>,27,13,[14  2],28,278,291,250,272
1,<environment.Job instance at 0x7f5ccaff3780>,0,23,[5 5],1,1,24,0,1
1,<environment.Job instance at 0x7f5ccaff3d70>,3,13,[7 3],4,5,18,1,5
1,<environment.Job instance at 0x7f5ccae84870>,6,23,[14  2],7,24,47,17,18
1,<environment.Job instance at 0x7f5ccae84550>,5,25,[11  5],6,47,72,41,43
1,<environment.Job instance at 0x7f5ccae842d0>,8,16,[4 8],9,47,63,38,43
1,<environment.Job instance at 0x7f5ccae84eb0>,9,18,[11  1],10,72,90,62,62
1,<environment.Job instance at 0x7f5d1595d460>,2,25,[2 8],3,68,93,65,68
1,<environment.Job instance at 0x7f5ccae847d0>,10,18,[10  3],11,90,108,79,87
1,<environment.Job instance at 0x7f5d0cdac870>,12,28,[5 4],13,93,121,80,92
1,<environment.Job instance at 0x7f5d0cdac8c0>,13,27,[ 3 12],14,121,148,107,119
1,<environment.Job instance at 0x7f5d0cdbf8c0>,14,18,[7 4],15,148,166,133,141
1,<environment.Job instance at 0x7f5d0cdbf5a0>,15,25,[ 5 12],16,166,191,150,162
1,<environment.Job instance at 0x7f5ccae84f50>,11,24,[ 3 14],12,191,215,179,186
1,<environment.Job instance at 0x7f5ccb62a0f0>,17,21,[10  1],18,194,215,176,194
1,<environment.Job instance at 0x7f5d0cba3460>,18,15,[1 5],19,215,230,196,208
1,<environment.Job instance at 0x7f5ccb62a230>,16,24,[7 4],17,215,239,198,210
1,<environment.Job instance at 0x7f5d0cba3b40>,19,27,[4 5],20,226,253,206,226
1,<environment.Job instance at 0x7f5d0cf6e910>,20,16,[11  1],21,239,255,218,232
1,<environment.Job instance at 0x7f5d0cf6e3c0>,21,16,[ 1 12],22,253,269,231,246
1,<environment.Job instance at 0x7f5d0cf6e960>,24,21,[6 3],25,266,287,241,266
1,<environment.Job instance at 0x7f5ccb2bbe10>,25,18,[ 1 12],26,278,296,252,278
1,<environment.Job instance at 0x7f5d0cc9ff00>,0,27,[ 2 12],1,1,28,0,1
1,<environment.Job instance at 0x7f5ccb2bbb90>,1,25,[ 3 13],2,28,53,26,24
1,<environment.Job instance at 0x7f5d156c7b40>,2,22,[2 8],3,53,75,50,52
1,<environment.Job instance at 0x7f5ccae66aa0>,6,15,[11  2],7,52,67,45,52
1,<environment.Job instance at 0x7f5ccaeec2d0>,8,27,[ 4 14],9,75,102,66,73
1,<environment.Job instance at 0x7f5ccaeecc30>,9,28,[12  5],10,102,130,92,101
1,<environment.Job instance at 0x7f5ccaef0cd0>,10,28,[2 5],11,102,130,91,101
1,<environment.Job instance at 0x7f5ccaef0a50>,11,27,[13  3],12,130,157,118,128
1,<environment.Job instance at 0x7f5ccaef0320>,12,26,[ 2 14],13,157,183,144,154
1,<environment.Job instance at 0x7f5ccaef0be0>,13,25,[11  2],14,183,208,169,179
1,<environment.Job instance at 0x7f5d0cb5c690>,7,14,[ 3 10],8,183,197,175,179
1,<environment.Job instance at 0x7f5d0cc9feb0>,5,23,[ 2 13],6,197,220,191,192
1,<environment.Job instance at 0x7f5ccaef0d70>,14,16,[11  4],15,220,236,205,208
1,<environment.Job instance at 0x7f5ccaef00f0>,16,12,[9 3],17,236,248,219,220
1,<environment.Job instance at 0x7f5ccaef01e0>,20,20,[2 8],21,226,246,205,226
1,<environment.Job instance at 0x7f5ccaef0690>,19,14,[ 1 14],20,248,262,228,233
1,<environment.Job instance at 0x7f5d1611cdc0>,23,22,[14  3],24,262,284,238,255
1,<environment.Job instance at 0x7f5ccaef0e10>,18,20,[ 1 11],19,271,291,252,271
1,<environment.Job instance at 0x7f5ccb334780>,0,21,[8 3],1,1,22,0,1
1,<environment.Job instance at 0x7f5ccb334690>,5,18,[6 1],6,8,26,2,8
1,<environment.Job instance at 0x7f5ccb334af0>,4,17,[5 9],5,22,39,17,10
1,<environment.Job instance at 0x7f5ccaef09b0>,1,18,[11  1],2,39,57,37,29
1,<environment.Job instance at 0x7f5ccb334370>,9,24,[ 1 10],10,39,63,29,34
1,<environment.Job instance at 0x7f5ccb390550>,11,25,[14  1],12,57,82,45,53
1,<environment.Job instance at 0x7f5ccb390050>,14,28,[5 7],15,82,110,67,81
1,<environment.Job instance at 0x7f5ccb3909b0>,15,28,[2 5],16,82,110,66,81
1,<environment.Job instance at 0x7f5ccb3901e0>,16,28,[ 2 14],17,110,138,93,109
1,<environment.Job instance at 0x7f5ccb3905a0>,17,22,[9 4],18,138,160,120,131
1,<environment.Job instance at 0x7f5ccb3900a0>,18,28,[5 1],19,131,159,112,131
1,<environment.Job instance at 0x7f5ccb390c80>,19,28,[1 9],20,138,166,118,137
1,<environment.Job instance at 0x7f5ccb390280>,24,15,[ 5 12],25,166,181,141,153
1,<environment.Job instance at 0x7f5ccb390820>,26,23,[12  4],27,181,204,154,175
1,<environment.Job instance at 0x7f5ccb390410>,28,22,[ 3 14],29,204,226,175,197
1,<environment.Job instance at 0x7f5ccb390e60>,30,28,[5 5],31,226,254,195,225
1,<environment.Job instance at 0x7f5ccb3ca050>,31,24,[10  1],32,231,255,199,231
1,<environment.Job instance at 0x7f5ccb3ca8c0>,32,26,[ 5 14],33,254,280,221,251
1,<environment.Job instance at 0x7f5ccb3cabe0>,35,16,[ 3 14],36,280,296,244,267
1,<environment.Job instance at 0x7f5d0cefceb0>,0,26,[6 1],1,1,27,0,1
1,<environment.Job instance at 0x7f5d0cefc460>,2,21,[5 4],3,4,25,1,4
1,<environment.Job instance at 0x7f5d0cefc550>,1,12,[13  4],2,27,39,25,11
1,<environment.Job instance at 0x7f5d0cefcdc0>,7,25,[ 5 10],8,39,64,31,35
1,<environment.Job instance at 0x7f5ccb5c70a0>,10,17,[ 2 14],11,64,81,53,52
1,<environment.Job instance at 0x7f5d0cefc9b0>,11,13,[13  4],12,81,94,69,65
1,<environment.Job instance at 0x7f5ccb3d0b90>,12,25,[12  2],13,94,119,81,90
1,<environment.Job instance at 0x7f5ccb3a5500>,5,27,[ 2 11],6,94,121,88,94
1,<environment.Job instance at 0x7f5d0cfccbe0>,14,17,[14  1],15,121,138,106,109
1,<environment.Job instance at 0x7f5d0d1f7960>,17,25,[ 4 14],18,138,163,120,134
1,<environment.Job instance at 0x7f5d15957820>,18,12,[12  3],19,163,175,144,146
1,<environment.Job instance at 0x7f5d0cd32e60>,19,13,[13  5],20,175,188,155,163
1,<environment.Job instance at 0x7f5d158d1780>,22,22,[1 8],23,164,186,141,164
1,<environment.Job instance at 0x7f5ccb4f8d70>,21,16,[ 3 14],22,188,204,166,175
1,<environment.Job instance at 0x7f5ccaf12640>,26,24,[12  2],27,204,228,177,199
1,<environment.Job instance at 0x7f5ccaf12460>,27,12,[ 2 12],28,212,224,184,212
1,<environment.Job instance at 0x7f5d0cbaa230>,29,25,[5 1],30,228,253,198,224
1,<environment.Job instance at 0x7f5d0cbaa730>,30,20,[2 5],31,224,244,193,224
1,<environment.Job instance at 0x7f5d0cbaa5a0>,31,21,[1 7],32,224,245,192,224
1,<environment.Job instance at 0x7f5d0cbaa320>,33,17,[ 3 12],34,245,262,211,233
1,<environment.Job instance at 0x7f5d0cbaa550>,35,16,[12  1],36,253,269,217,240
1,<environment.Job instance at 0x7f5d0cbaa960>,36,14,[ 4 13],37,269,283,232,258
1,<environment.Job instance at 0x7fa77399c320>,1,24,[10  1],2,2,26,0,2
1,<environment.Job instance at 0x7fa77399c140>,2,20,[7 4],3,26,46,23,17
1,<environment.Job instance at 0x7fa76e58c3c0>,7,26,[9 3],8,46,72,38,43
1,<environment.Job instance at 0x7fa76e58c460>,8,20,[ 4 13],9,72,92,63,63
1,<environment.Job instance at 0x7fa76e58c500>,9,16,[12  1],10,92,108,82,79
1,<environment.Job instance at 0x7fa76e58c6e0>,12,28,[ 1 14],13,92,120,79,91
1,<environment.Job instance at 0x7fa76e58c780>,13,13,[10  3],14,120,133,106,104
1,<environment.Job instance at 0x7fa76e58c820>,14,15,[14  4],15,133,148,118,119
1,<environment.Job instance at 0x7fa76e58c8c0>,15,20,[ 3 12],16,148,168,132,139
1,<environment.Job instance at 0x7fa76e58c960>,16,28,[5 1],17,148,176,131,147
1,<environment.Job instance at 0x7fa76e58ccd0>,17,19,[12  4],18,176,195,158,166
1,<environment.Job instance at 0x7fa77399c1e0>,3,13,[12  4],4,195,208,191,179
1,<environment.Job instance at 0x7fa76e58cd20>,18,18,[13  1],19,208,226,189,199
1,<environment.Job instance at 0x7fa76e58cf00>,21,14,[ 4 11],22,226,240,204,211
1,<environment.Job instance at 0x7fa76e58cc30>,23,16,[12  2],24,240,256,216,227
1,<environment.Job instance at 0x7fa76e58cb40>,24,20,[4 6],25,256,276,231,247
1,<environment.Job instance at 0x7fa76e58caa0>,25,24,[5 7],26,256,280,230,251
1,<environment.Job instance at 0x7fa76e58f320>,27,17,[ 4 12],28,280,297,252,268
1,<environment.Job instance at 0x7fa76e58c050>,2,15,[9 1],3,4,19,1,4
1,<environment.Job instance at 0x7fa773b0ae60>,4,25,[ 1 13],5,5,30,0,5
1,<environment.Job instance at 0x7fa76e5977d0>,0,17,[ 5 14],1,30,47,29,18
1,<environment.Job instance at 0x7fa76e58c140>,1,22,[11  2],2,47,69,45,43
1,<environment.Job instance at 0x7fa773b0a5a0>,5,21,[14  5],6,69,90,63,61
1,<environment.Job instance at 0x7fa773b02a00>,12,15,[ 2 13],13,90,105,77,76
1,<environment.Job instance at 0x7fa773b02c30>,13,13,[11  4],14,105,118,91,89
1,<environment.Job instance at 0x7fa773b02a50>,14,16,[1 9],15,105,121,90,93
1,<environment.Job instance at 0x7fa7739c7370>,15,19,[ 1 10],16,121,140,105,111
1,<environment.Job instance at 0x7fa7739c7050>,16,16,[7 5],17,118,134,101,115
1,<environment.Job instance at 0x7fa7739c7d20>,17,22,[ 4 14],18,140,162,122,133
1,<environment.Job instance at 0x7fa7739c73c0>,18,25,[1 7],19,162,187,143,158
1,<environment.Job instance at 0x7fa7739c7f00>,19,18,[1 9],20,187,205,167,176
1,<environment.Job instance at 0x7fa773b0a2d0>,10,28,[13  5],11,185,213,174,185
1,<environment.Job instance at 0x7fa7739c4910>,20,27,[ 3 11],21,213,240,192,211
1,<environment.Job instance at 0x7fa7739c4280>,23,12,[1 6],24,240,252,216,225
1,<environment.Job instance at 0x7fa7739c4050>,24,17,[5 1],25,226,243,201,226
1,<environment.Job instance at 0x7fa7739c4b40>,25,19,[14  5],26,243,262,217,237
1,<environment.Job instance at 0x7fa7739c4320>,26,17,[5 5],27,262,279,235,252
1,<environment.Job instance at 0x7fa7739c4960>,27,26,[5 4],28,262,288,234,259
1,<environment.Job instance at 0x7fa7739c4d70>,28,15,[ 4 10],29,279,294,250,266
1,<environment.Job instance at 0x7fa728917be0>,0,26,[3 9],1,1,27,0,1
1,<environment.Job instance at 0x7fa728917d70>,5,22,[12  2],6,6,28,0,6
1,<environment.Job instance at 0x7fa7739c4e10>,1,19,[11  4],2,28,47,26,18
1,<environment.Job instance at 0x7fa72896baa0>,8,13,[ 3 11],9,40,53,31,40
1,<environment.Job instance at 0x7fa7289172d0>,4,23,[6 4],5,47,70,42,44
1,<environment.Job instance at 0x7fa72896bfa0>,6,17,[9 2],7,53,70,46,47
1,<environment.Job instance at 0x7fa72896bb40>,10,14,[12  1],11,70,84,59,55
1,<environment.Job instance at 0x7fa72896bd70>,9,14,[14  1],10,84,98,74,69
1,<environment.Job instance at 0x7fa72896b9b0>,15,21,[5 9],16,98,119,82,90
1,<environment.Job instance at 0x7fa72896bc80>,17,19,[3 8],18,119,138,101,109
1,<environment.Job instance at 0x7fa72896bbe0>,19,14,[14  2],20,138,152,118,123
1,<environment.Job instance at 0x7fa72896b230>,21,27,[3 6],22,152,179,130,150
1,<environment.Job instance at 0x7fa72896b5f0>,22,22,[2 8],23,152,174,129,150
1,<environment.Job instance at 0x7fa72896b0f0>,23,15,[6 1],24,152,167,128,150
1,<environment.Job instance at 0x7fa72896b410>,25,13,[12  2],26,174,187,148,158
1,<environment.Job instance at 0x7fa72896b3c0>,26,27,[10  5],27,187,214,160,185
1,<environment.Job instance at 0x7fa72896b690>,11,17,[12  4],12,214,231,202,202
1,<environment.Job instance at 0x7fa72896b0a0>,20,13,[12  2],21,231,244,210,215
1,<environment.Job instance at 0x7fa72896b870>,14,16,[ 4 14],15,244,260,229,236
1,<environment.Job instance at 0x7fa7288dc370>,29,20,[12  3],30,260,280,230,251
1,<environment.Job instance at 0x7fa7288dc0a0>,30,20,[ 2 10],31,262,282,231,262
1,<environment.Job instance at 0x7fa7288dcfa0>,31,15,[11  5],32,280,295,248,268
1,<environment.Job instance at 0x7fa728950be0>,0,19,[11  3],1,2,21,1,2
1,<environment.Job instance at 0x7fa7288dc960>,2,13,[14  2],3,21,34,18,6
1,<environment.Job instance at 0x7fa72896c8c0>,6,22,[7 5],7,34,56,27,27
1,<environment.Job instance at 0x7fa72896c280>,7,20,[5 8],8,34,54,26,30
1,<environment.Job instance at 0x7fa72896c820>,10,20,[11  2],11,56,76,45,47
1,<environment.Job instance at 0x7fa72896ce10>,11,26,[2 8],12,54,80,42,51
1,<environment.Job instance at 0x7fa72896c0f0>,13,20,[ 4 10],14,80,100,66,71
1,<environment.Job instance at 0x7fa728c424b0>,14,15,[11  2],15,76,91,61,75
1,<environment.Job instance at 0x7fa728c42690>,17,28,[ 3 11],18,100,128,82,99
1,<environment.Job instance at 0x7fa728eac3c0>,18,27,[14  1],19,128,155,109,126
1,<environment.Job instance at 0x7fa728eac6e0>,19,27,[9 5],20,155,182,135,153
1,<environment.Job instance at 0x7fa728eac500>,21,14,[12  2],22,182,196,160,167
1,<environment.Job instance at 0x7fa728eacf50>,22,26,[ 4 12],23,196,222,173,193
1,<environment.Job instance at 0x7fa728eaceb0>,24,25,[11  5],25,222,247,197,218
1,<environment.Job instance at 0x7fa728eacf00>,25,23,[3 6],26,222,245,196,222
1,<environment.Job instance at 0x7fa728d1a8c0>,26,22,[12  5],27,247,269,220,240
1,<environment.Job instance at 0x7fa728d1a410>,27,15,[13  2],28,269,284,241,256
1,<environment.Job instance at 0x7fa7288dcfa0>,3,13,[ 5 11],4,284,297,280,269
1,<environment.Job instance at 0x7fa72896cd20>,0,28,[8 2],1,1,29,0,1
1,<environment.Job instance at 0x7fa72893e8c0>,3,27,[ 3 11],4,5,32,1,5
1,<environment.Job instance at 0x7fa72896cc80>,1,26,[14  3],2,32,58,30,29
1,<environment.Job instance at 0x7fa728950f50>,7,23,[9 5],8,58,81,50,52
1,<environment.Job instance at 0x7fa72896a320>,9,22,[2 5],10,58,80,48,56
1,<environment.Job instance at 0x7fa728d29d20>,11,25,[12  5],12,81,106,69,77
1,<environment.Job instance at 0x7fa72893e050>,5,21,[ 5 12],6,106,127,100,98
1,<environment.Job instance at 0x7fa728d29820>,13,19,[ 2 11],14,127,146,113,117
1,<environment.Job instance at 0x7fa728d29cd0>,16,20,[7 1],17,117,137,100,117
1,<environment.Job instance at 0x7fa728d290f0>,17,25,[4 9],18,146,171,128,142
1,<environment.Job instance at 0x7fa72893ee10>,4,15,[ 3 13],5,171,186,166,160
1,<environment.Job instance at 0x7fa728c500a0>,20,24,[4 8],21,186,210,165,182
1,<environment.Job instance at 0x7fa728d29050>,14,23,[13  3],15,215,238,200,215
1,<environment.Job instance at 0x7fa728c87e60>,23,24,[12  1],24,238,262,214,234
1,<environment.Job instance at 0x7fa728c87e10>,24,17,[12  4],25,262,279,237,255
1,<environment.Job instance at 0x7fa72893e910>,0,23,[3 9],1,1,24,0,1
1,<environment.Job instance at 0x7fa728c8f190>,1,19,[ 4 14],2,24,43,22,14
1,<environment.Job instance at 0x7fa7287975a0>,8,22,[ 4 12],9,43,65,34,36
1,<environment.Job instance at 0x7fa7287976e0>,9,25,[8 2],10,43,68,33,39
1,<environment.Job instance at 0x7fa728797690>,11,27,[6 4],12,65,92,53,63
1,<environment.Job instance at 0x7fa728c8f280>,2,19,[7 3],3,68,87,65,63
1,<environment.Job instance at 0x7fa728797460>,13,20,[4 7],14,87,107,73,78
1,<environment.Job instance at 0x7fa76ebe9c30>,16,12,[14  2],17,107,119,90,90
1,<environment.Job instance at 0x7fa76ebe9500>,15,12,[12  2],16,119,131,103,103
1,<environment.Job instance at 0x7fa76ebe9190>,17,15,[ 4 10],18,131,146,113,117
1,<environment.Job instance at 0x7fa7287974b0>,3,26,[10  3],4,131,157,127,130
1,<environment.Job instance at 0x7fa76ebe9e10>,21,14,[5 3],22,146,160,124,135
1,<environment.Job instance at 0x7fa76ebe9cd0>,18,13,[14  5],19,160,173,141,146
1,<environment.Job instance at 0x7fa76ebe9c80>,22,12,[ 2 13],23,173,185,150,157
1,<environment.Job instance at 0x7fa76ebe9af0>,23,22,[13  3],24,185,207,161,178
1,<environment.Job instance at 0x7fa76ebe9460>,25,21,[4 8],26,207,228,181,199
1,<environment.Job instance at 0x7fa728797320>,4,17,[14  3],5,228,245,223,217
1,<environment.Job instance at 0x7fa76ebe96e0>,28,18,[11  4],29,245,263,216,235
1,<environment.Job instance at 0x7fa76ebe9e60>,20,14,[ 1 14],21,263,277,242,252
1,<environment.Job instance at 0x7fa76e3cd500>,30,18,[11  2],31,277,295,246,266
1,<environment.Job instance at 0x7fa72893ee60>,0,27,[6 1],1,1,28,0,1
1,<environment.Job instance at 0x7fa72893ed70>,1,26,[ 3 14],2,2,28,0,2
1,<environment.Job instance at 0x7fa7289e0b90>,3,16,[12  2],4,28,44,24,15
1,<environment.Job instance at 0x7fa728a05b90>,8,18,[14  2],9,44,62,35,33
1,<environment.Job instance at 0x7fa728a05820>,9,21,[1 7],10,39,60,29,39
1,<environment.Job instance at 0x7fa76ecd34b0>,15,22,[ 5 13],16,62,84,46,55
1,<environment.Job instance at 0x7fa76ecd35a0>,16,12,[ 3 11],17,84,96,67,67
1,<environment.Job instance at 0x7fa728e67140>,17,27,[11  2],18,84,111,66,82
1,<environment.Job instance at 0x7fa728e67f00>,18,21,[5 6],19,111,132,92,103
1,<environment.Job instance at 0x7fa76ed910a0>,21,22,[ 4 12],22,132,154,110,125
1,<environment.Job instance at 0x7fa76e8bc410>,24,27,[12  1],25,154,181,129,152
1,<environment.Job instance at 0x7fa728a05a50>,7,16,[ 1 13],8,155,171,147,155
1,<environment.Job instance at 0x7fa76e635190>,26,13,[ 5 11],27,181,194,154,165
1,<environment.Job instance at 0x7fa728793eb0>,4,17,[ 4 11],5,194,211,189,182
1,<environment.Job instance at 0x7fa7289dccd0>,29,27,[5 1],30,190,217,160,190
1,<environment.Job instance at 0x7fa728a05690>,12,17,[ 2 12],13,211,228,198,199
1,<environment.Job instance at 0x7fa76f0df460>,0,14,[ 4 13],1,1,15,0,1
1,<environment.Job instance at 0x7fa76ee213c0>,1,23,[ 5 12],2,15,38,13,9
1,<environment.Job instance at 0x7fa728793e10>,6,18,[ 4 14],7,38,56,31,27
1,<environment.Job instance at 0x7fa76f02ffa0>,8,20,[2 7],9,56,76,47,47
1,<environment.Job instance at 0x7fa76e859b90>,2,20,[8 5],3,56,76,53,47
1,<environment.Job instance at 0x7fa728816960>,13,23,[1 5],14,76,99,62,70
1,<environment.Job instance at 0x7fa728816a50>,14,27,[2 8],15,76,103,61,74
1,<environment.Job instance at 0x7fa728816190>,17,14,[11  4],18,165,179,147,165
1,<environment.Job instance at 0x7fa728b99af0>,21,18,[ 3 12],22,179,197,157,168
1,<environment.Job instance at 0x7fa728c68870>,23,24,[13  4],24,197,221,173,192
1,<environment.Job instance at 0x7fa728b131e0>,24,19,[ 2 13],25,221,240,196,211
1,<environment.Job instance at 0x7fa728b99280>,26,14,[13  4],27,240,254,213,227
1,<environment.Job instance at 0x7fa76ed07640>,27,15,[13  3],28,254,269,226,243
1,<environment.Job instance at 0x7fa728ecb7d0>,28,12,[ 5 11],29,269,281,240,266
1,<environment.Job instance at 0x7fa76ebd30f0>,29,25,[5 1],30,269,294,239,266
1,<environment.Job instance at 0x7fa76ed12f00>,0,23,[2 9],1,1,24,0,1
1,<environment.Job instance at 0x7fa76e405690>,2,23,[8 3],3,3,26,0,3
1,<environment.Job instance at 0x7fa76f2adf50>,3,13,[13  3],4,26,39,22,10
1,<environment.Job instance at 0x7fa76f2adb40>,8,27,[10  4],9,39,66,30,37
1,<environment.Job instance at 0x7fa76f2ad460>,9,26,[5 5],10,44,70,34,44
1,<environment.Job instance at 0x7fa76f2ad500>,11,19,[13  1],12,70,89,58,60
1,<environment.Job instance at 0x7fa76e405780>,4,25,[ 1 14],5,70,95,65,67
1,<environment.Job instance at 0x7fa76f2adbe0>,12,16,[11  1],13,89,105,76,80
1,<environment.Job instance at 0x7fa76f2adc30>,14,22,[5 4],15,105,127,90,98
1,<environment.Job instance at 0x7fa76f2ad0a0>,13,28,[ 4 11],14,119,147,105,119
1,<environment.Job instance at 0x7fa76f2ad370>,5,19,[13  1],6,147,166,141,141
1,<environment.Job instance at 0x7fa76f2adcd0>,15,24,[13  5],16,166,190,150,162
1,<environment.Job instance at 0x7fa76f014e60>,17,16,[5 2],18,190,206,172,177
1,<environment.Job instance at 0x7fa76f014d20>,20,13,[1 8],21,178,191,157,178
1,<environment.Job instance at 0x7fa76f014e10>,21,26,[7 1],22,190,216,168,187
1,<environment.Job instance at 0x7fa76f2add70>,7,24,[ 1 11],8,197,221,189,197
1,<environment.Job instance at 0x7fa76f2ad820>,6,15,[12  3],7,216,231,209,208
1,<environment.Job instance at 0x7fa76f014550>,23,15,[14  1],24,231,246,207,221
1,<environment.Job instance at 0x7fa76f014050>,19,17,[ 2 13],20,246,263,226,237
1,<environment.Job instance at 0x7fa76f014eb0>,27,20,[5 7],28,263,283,235,256
1,<environment.Job instance at 0x7fa728793f00>,0,16,[ 2 14],1,1,17,0,1
1,<environment.Job instance at 0x7fa728dcba50>,1,26,[7 3],2,17,43,15,14
1,<environment.Job instance at 0x7fa72893e410>,6,15,[ 1 12],7,23,38,16,23
1,<environment.Job instance at 0x7fa72893e910>,7,19,[1 8],8,38,57,30,28
1,<environment.Job instance at 0x7fa72893ec80>,8,20,[7 4],9,38,58,29,29
1,<environment.Job instance at 0x7fa72893e0f0>,10,14,[13  5],11,58,72,47,53
1,<environment.Job instance at 0x7fa76e63e960>,14,18,[ 3 13],15,72,90,57,61
1,<environment.Job instance at 0x7fa76e63e780>,15,27,[ 1 14],16,90,117,74,88
1,<environment.Job instance at 0x7fa72893ed20>,4,22,[14  1],5,109,131,104,109
1,<environment.Job instance at 0x7fa728c15410>,17,22,[11  1],18,131,153,113,129
1,<environment.Job instance at 0x7fa728793d20>,2,16,[ 3 13],3,152,168,149,152
1,<environment.Job instance at 0x7fa728c159b0>,18,26,[7 4],19,168,194,149,166
1,<environment.Job instance at 0x7fa72893eb40>,3,28,[ 5 10],4,168,196,164,167
1,<environment.Job instance at 0x7fa728c15f50>,19,12,[ 1 14],20,196,208,176,180
1,<environment.Job instance at 0x7fa76e3ebf50>,21,14,[13  2],22,208,222,186,194
1,<environment.Job instance at 0x7fa76e3ebc30>,23,21,[11  2],24,222,243,198,214
1,<environment.Job instance at 0x7fa76e3eb960>,24,18,[ 2 11],25,216,234,191,216
1,<environment.Job instance at 0x7fa76e3eba50>,26,14,[ 4 14],27,243,257,216,232
1,<environment.Job instance at 0x7fa76e3eb0f0>,25,17,[11  4],26,257,274,231,245
1,<environment.Job instance at 0x7fa728bcb050>,28,13,[12  5],29,274,287,245,258
1,<environment.Job instance at 0x7fa76e3c7e10>,29,12,[11  5],30,287,299,257,272
1,<environment.Job instance at 0x7fa76f27b230>,0,13,[ 1 12],1,1,14,0,1
1,<environment.Job instance at 0x7fa76e93c500>,1,16,[ 2 12],2,14,30,12,2
1,<environment.Job instance at 0x7fa76f013e10>,2,27,[ 3 11],3,30,57,27,28
1,<environment.Job instance at 0x7fa76ec41780>,7,16,[ 4 14],8,57,73,49,44
1,<environment.Job instance at 0x7fa728d055a0>,9,14,[13  3],10,73,87,63,58
1,<environment.Job instance at 0x7fa728d05370>,12,17,[ 3 11],13,87,104,74,77
1,<environment.Job instance at 0x7fa728d05960>,13,20,[8 4],14,87,107,73,82
1,<environment.Job instance at 0x7fa728d05410>,14,27,[1 9],15,104,131,89,102
1,<environment.Job instance at 0x7fa728d05460>,11,14,[10  4],12,107,121,95,106
1,<environment.Job instance at 0x7fa728d05e60>,15,25,[ 2 12],16,131,156,115,127
1,<environment.Job instance at 0x7fa728d05af0>,17,27,[8 5],18,156,183,138,154
1,<environment.Job instance at 0x7fa728d05fa0>,16,27,[1 6],17,156,183,139,154
1,<environment.Job instance at 0x7fa72867c320>,20,13,[ 3 14],21,183,196,162,167
1,<environment.Job instance at 0x7fa72867cfa0>,23,16,[11  2],24,196,212,172,183
1,<environment.Job instance at 0x7fa7288296e0>,19,17,[ 1 11],20,196,213,176,185
1,<environment.Job instance at 0x7fa72867c0f0>,24,27,[5 2],25,212,239,187,210
1,<environment.Job instance at 0x7fa76e836af0>,3,21,[ 3 13],4,217,238,213,217
1,<environment.Job instance at 0x7fa728c28730>,6,13,[14  2],7,239,252,232,224
1,<environment.Job instance at 0x7fa728789c30>,28,13,[14  3],29,252,265,223,236
1,<environment.Job instance at 0x7fa7286844b0>,25,13,[13  5],26,265,278,239,251
1,<environment.Job instance at 0x7fa728f41820>,31,21,[2 9],32,265,286,233,257
1,<environment.Job instance at 0x7fa76ed7d820>,0,27,[ 3 13],1,1,28,0,1
1,<environment.Job instance at 0x7fa76ed7da50>,2,18,[11  3],3,28,46,25,17
1,<environment.Job instance at 0x7fa76e439e10>,7,19,[ 4 10],8,28,47,20,18
1,<environment.Job instance at 0x7fa72864a050>,9,15,[ 4 13],10,47,62,37,33
1,<environment.Job instance at 0x7fa76e7962d0>,10,18,[10  1],11,46,64,35,43
1,<environment.Job instance at 0x7fa728d130a0>,12,17,[ 5 14],13,62,79,49,50
1,<environment.Job instance at 0x7fa76f26b2d0>,11,25,[9 1],12,64,89,52,61
1,<environment.Job instance at 0x7fa728d133c0>,13,14,[13  1],14,89,103,75,74
1,<environment.Job instance at 0x7fa728d13af0>,17,18,[ 1 14],18,82,100,64,82
1,<environment.Job instance at 0x7fa728d135f0>,15,15,[ 5 14],16,103,118,87,89
1,<environment.Job instance at 0x7fa76f27e0a0>,20,24,[ 3 12],21,118,142,97,113
1,<environment.Job instance at 0x7fa72889ebe0>,23,28,[14  2],24,142,170,118,141
1,<environment.Job instance at 0x7fa72889ed20>,25,13,[ 5 12],26,170,183,144,154
1,<environment.Job instance at 0x7fa72889edc0>,26,22,[ 5 14],27,183,205,156,176
1,<environment.Job instance at 0x7fa72889ee60>,27,26,[8 5],28,205,231,177,202
1,<environment.Job instance at 0x7fa728d13910>,19,14,[6 1],20,202,216,182,202
1,<environment.Job instance at 0x7fa7288c6140>,31,14,[ 2 13],32,231,245,199,216
1,<environment.Job instance at 0x7fa7288c61e0>,32,23,[ 3 14],33,245,268,212,239
1,<environment.Job instance at 0x7fa7288c6460>,33,16,[13  3],34,268,284,234,255
1,<environment.Job instance at 0x7fa76e81ab90>,0,13,[11  3],1,1,14,0,1
1,<environment.Job instance at 0x7fa7288c6230>,1,22,[ 4 12],2,2,24,0,2
1,<environment.Job instance at 0x7fa7288c0910>,2,20,[13  3],3,24,44,21,15
1,<environment.Job instance at 0x7fa7288c0a50>,7,26,[11  2],8,44,70,36,41
1,<environment.Job instance at 0x7fa7288c0e60>,9,24,[11  1],10,70,94,60,65
1,<environment.Job instance at 0x7fa7288c0c30>,10,23,[13  2],11,94,117,83,88
1,<environment.Job instance at 0x7fa7288c0aa0>,6,17,[ 3 12],7,117,134,110,105
1,<environment.Job instance at 0x7fa7288c0f50>,5,14,[ 1 13],6,134,148,128,121
1,<environment.Job instance at 0x7fa728f1e820>,0,15,[ 1 14],1,1,16,0,1
1,<environment.Job instance at 0x7fa728f1e190>,1,14,[11  2],2,16,30,14,2
1,<environment.Job instance at 0x7fa728f1e320>,2,13,[13  4],3,30,43,27,17
1,<environment.Job instance at 0x7fa76ed8f960>,8,23,[ 5 11],9,43,66,34,37
1,<environment.Job instance at 0x7fa76ed8f2d0>,9,28,[13  3],10,66,94,56,65
1,<environment.Job instance at 0x7fa76ed8f3c0>,10,27,[3 8],11,94,121,83,92
1,<environment.Job instance at 0x7fa76ed8faf0>,11,23,[ 5 11],12,121,144,109,115
1,<environment.Job instance at 0x7fa76ed8f320>,14,20,[ 1 10],15,144,164,129,135
1,<environment.Job instance at 0x7fa76ed8fbe0>,15,17,[ 2 14],16,164,181,148,153
1,<environment.Job instance at 0x7fa76ed8fa50>,16,22,[ 1 14],17,181,203,164,174
1,<environment.Job instance at 0x7fa76ed8fe60>,17,12,[11  5],18,203,215,185,186
1,<environment.Job instance at 0x7fa76ed8f6e0>,20,27,[ 4 12],21,215,242,194,213
1,<environment.Job instance at 0x7fa76ed8fb40>,21,22,[6 4],22,242,264,220,235
1,<environment.Job instance at 0x7fa76ef6f1e0>,22,17,[ 4 13],23,264,281,241,252
1,<environment.Job instance at 0x7fa76ef6fd20>,24,17,[ 4 11],25,281,298,256,278
1,<environment.Job instance at 0x7fa728895f00>,0,24,[14  4],1,2,26,1,2
1,<environment.Job instance at 0x7fa76ef6f5a0>,2,27,[8 4],3,26,53,23,24
1,<environment.Job instance at 0x7fa728c3a1e0>,6,24,[5 9],7,26,50,19,24
1,<environment.Job instance at 0x7fa728922410>,7,17,[ 3 13],8,53,70,45,41
1,<environment.Job instance at 0x7fa728f1eb40>,8,25,[12  2],9,53,78,44,49
1,<environment.Job instance at 0x7fa76e4a6050>,9,17,[ 1 14],10,78,95,68,66
1,<environment.Job instance at 0x7fa76e4a6230>,10,25,[12  3],11,95,120,84,91
1,<environment.Job instance at 0x7fa76e4a6be0>,11,27,[ 4 11],12,120,147,108,118
1,<environment.Job instance at 0x7fa76e4a67d0>,12,23,[12  4],13,147,170,134,141
1,<environment.Job instance at 0x7fa76e4a66e0>,13,27,[7 5],14,170,197,156,168
1,<environment.Job instance at 0x7fa76e4a69b0>,15,25,[ 3 11],16,197,222,181,193
1,<environment.Job instance at 0x7fa76e4a6c30>,16,21,[ 4 11],17,222,243,205,214
1,<environment.Job instance at 0x7fa72865ac30>,17,28,[2 8],18,243,271,225,242
1,<environment.Job instance at 0x7fa72865acd0>,18,25,[ 1 12],19,271,296,252,267
1,<environment.Job instance at 0x7fa7288c63c0>,4,23,[6 1],5,269,292,264,269
1,<environment.Job instance at 0x7fa728700190>,0,20,[1 9],1,1,21,0,1
1,<environment.Job instance at 0x7fa728c3a230>,1,23,[ 4 10],2,21,44,19,15
1,<environment.Job instance at 0x7fa728656c80>,6,28,[14  2],7,44,72,37,43
1,<environment.Job instance at 0x7fa76f2a84b0>,8,19,[5 8],9,72,91,63,62
1,<environment.Job instance at 0x7fa76f2a8910>,10,27,[ 2 12],11,91,118,80,89
1,<environment.Job instance at 0x7fa76f2a8780>,11,25,[ 3 13],12,118,143,106,114
1,<environment.Job instance at 0x7fa76f2a8820>,12,22,[2 8],13,143,165,130,136
1,<environment.Job instance at 0x7fa76f2a8c30>,13,27,[9 5],14,143,170,129,141
1,<environment.Job instance at 0x7fa76f2a8410>,14,25,[3 5],15,165,190,150,161
1,<environment.Job instance at 0x7fa76f2a8b90>,15,23,[ 2 13],16,190,213,174,184
1,<environment.Job instance at 0x7fa7288c63c0>,2,28,[10  2],3,187,215,184,187
1,<environment.Job instance at 0x7fa76f2a8230>,17,14,[ 3 10],18,213,227,195,203
1,<environment.Job instance at 0x7fa76f2a8f00>,19,28,[12  5],20,215,243,195,214
1,<environment.Job instance at 0x7fa76f033af0>,21,27,[13  3],22,243,270,221,241
1,<environment.Job instance at 0x7fa76f033870>,22,26,[ 2 14],23,270,296,247,267
1,<environment.Job instance at 0x7fa728700410>,0,21,[8 3],1,1,22,0,1
1,<environment.Job instance at 0x7fa76f033870>,2,12,[ 4 12],3,4,16,1,4
1,<environment.Job instance at 0x7fa76f27c3c0>,6,24,[5 6],7,16,40,9,14
1,<environment.Job instance at 0x7fa72867a690>,5,18,[6 1],6,22,40,16,21
1,<environment.Job instance at 0x7fa76f033d70>,1,18,[11  1],2,40,58,38,32
1,<environment.Job instance at 0x7fa76e9c40a0>,11,25,[14  1],12,58,83,46,54
1,<environment.Job instance at 0x7fa76ec81190>,9,24,[ 1 10],10,62,86,52,62
1,<environment.Job instance at 0x7fa72883ec30>,16,28,[ 2 14],17,86,114,69,85
1,<environment.Job instance at 0x7fa7287001e0>,3,27,[ 4 14],4,114,141,110,113
1,<environment.Job instance at 0x7fa76e9c41e0>,18,28,[5 1],19,113,141,94,113
1,<environment.Job instance at 0x7fa728f1f820>,17,22,[9 4],18,141,163,123,134
1,<environment.Job instance at 0x7fa76e497aa0>,19,28,[1 9],20,141,169,121,140
1,<environment.Job instance at 0x7fa76e532c30>,24,15,[ 5 12],25,169,184,144,155
1,<environment.Job instance at 0x7fa76eb82f50>,26,23,[12  4],27,184,207,157,178
1,<environment.Job instance at 0x7fa76e532c80>,28,22,[ 3 14],29,207,229,178,200
1,<environment.Job instance at 0x7fa76ed11500>,30,28,[5 5],31,229,257,198,228
1,<environment.Job instance at 0x7fa728b92780>,25,16,[5 8],26,229,245,203,228
1,<environment.Job instance at 0x7fa76ec58e10>,31,24,[10  1],32,245,269,213,240
1,<environment.Job instance at 0x7fa76ec8e230>,32,26,[ 5 14],33,257,283,224,254
1,<environment.Job instance at 0x7fa76e4f9cd0>,0,17,[ 2 14],1,1,18,0,1
1,<environment.Job instance at 0x7fa728c42e10>,5,19,[11  4],6,18,37,12,12
1,<environment.Job instance at 0x7fa76f241dc0>,4,17,[14  1],5,37,54,32,33
1,<environment.Job instance at 0x7fa76ec8e230>,2,25,[12  2],3,54,79,51,53
1,<environment.Job instance at 0x7fa76eff5a50>,1,13,[13  4],2,79,92,77,63
1,<environment.Job instance at 0x7fa728b8b2d0>,10,24,[9 1],11,92,116,81,87
1,<environment.Job instance at 0x7fa7738c65a0>,11,16,[ 3 14],12,92,108,80,88
1,<environment.Job instance at 0x7fa76e4cf0f0>,12,22,[1 8],13,108,130,95,101
1,<environment.Job instance at 0x7fa728700500>,8,12,[12  3],9,116,128,107,101
1,<environment.Job instance at 0x7fa728b8b820>,9,13,[13  5],10,128,141,118,113
1,<environment.Job instance at 0x7fa728c64fa0>,17,12,[ 2 12],18,141,153,123,124
1,<environment.Job instance at 0x7fa728c64e60>,19,25,[5 1],20,141,166,121,137
1,<environment.Job instance at 0x7fa728c64af0>,20,20,[2 5],21,153,173,132,147
1,<environment.Job instance at 0x7fa728c646e0>,21,21,[1 7],22,153,174,131,147
1,<environment.Job instance at 0x7fa728c649b0>,22,17,[10  3],23,166,183,143,162
1,<environment.Job instance at 0x7fa728c64c80>,23,17,[ 3 12],24,174,191,150,170
1,<environment.Job instance at 0x7fa728c64d20>,25,16,[12  1],26,183,199,157,180
1,<environment.Job instance at 0x7fa76e4cf0a0>,15,18,[13  4],16,199,217,183,188
1,<environment.Job instance at 0x7fa7289c8460>,27,21,[12  4],28,217,238,189,209
1,<environment.Job instance at 0x7fa7289c8500>,28,13,[ 4 12],29,238,251,209,223
1,<environment.Job instance at 0x7fa7289c85a0>,29,15,[14  5],30,251,266,221,237
1,<environment.Job instance at 0x7fa7289c8640>,30,22,[3 9],31,266,288,235,259
1,<environment.Job instance at 0x7fa7289a6b40>,1,28,[13  2],2,2,30,0,2
1,<environment.Job instance at 0x7fa7289c6320>,2,20,[10  2],3,30,50,27,21
1,<environment.Job instance at 0x7fa7289c6500>,9,28,[1 5],10,27,55,17,27
1,<environment.Job instance at 0x7fa7289c66e0>,10,14,[13  2],11,50,64,39,40
1,<environment.Job instance at 0x7fa7289c6140>,4,27,[3 6],5,64,91,59,62
1,<environment.Job instance at 0x7fa7289c64b0>,7,28,[13  2],8,91,119,83,90
1,<environment.Job instance at 0x7fa76e6e39b0>,15,13,[8 1],16,119,132,103,115
1,<environment.Job instance at 0x7fa76e6e3f50>,13,24,[ 3 12],14,119,143,105,115
1,<environment.Job instance at 0x7fa76e5e4c30>,21,24,[11  5],22,155,179,133,155
1,<environment.Job instance at 0x7fa7289c68c0>,11,13,[11  3],12,179,192,167,168
1,<environment.Job instance at 0x7fa76e6e3d20>,14,20,[ 5 12],15,192,212,177,183
1,<environment.Job instance at 0x7fa76e5e4140>,19,17,[ 5 12],20,212,229,192,205
1,<environment.Job instance at 0x7fa728d2ad70>,25,16,[12  5],26,229,245,203,216
1,<environment.Job instance at 0x7fa76e6fab40>,32,21,[2 6],33,229,250,196,221
1,<environment.Job instance at 0x7fa76e6fa050>,30,17,[ 3 14],31,250,267,219,239
1,<environment.Job instance at 0x7fa76e6fa910>,34,13,[ 1 13],35,267,280,232,260
1,<environment.Job instance at 0x7fa77389e820>,33,22,[13  1],34,267,289,233,260
1,<environment.Job instance at 0x7fa728ad3a00>,0,16,[ 2 12],1,1,17,0,1
1,<environment.Job instance at 0x7fa76e557f00>,1,17,[13  4],2,17,34,15,10
1,<environment.Job instance at 0x7fa728aff7d0>,8,25,[12  5],9,34,59,25,30
1,<environment.Job instance at 0x7fa76e93c5f0>,10,26,[ 5 13],11,59,85,48,56
1,<environment.Job instance at 0x7fa76e619f50>,11,16,[ 2 12],12,85,101,73,72
1,<environment.Job instance at 0x7fa728b8fa00>,12,23,[7 2],13,72,95,59,72
1,<environment.Job instance at 0x7fa728b8f320>,13,24,[10  3],14,95,119,81,90
1,<environment.Job instance at 0x7fa728aae820>,14,25,[1 9],15,101,126,86,100
1,<environment.Job instance at 0x7fa728aae5f0>,15,25,[11  1],16,119,144,103,115
1,<environment.Job instance at 0x7fa728aaed20>,16,25,[6 4],17,144,169,127,140
1,<environment.Job instance at 0x7fa728aae0f0>,17,26,[2 9],18,147,173,129,147
1,<environment.Job instance at 0x7fa728aaed70>,18,26,[5 5],19,169,195,150,166
1,<environment.Job instance at 0x7fa728eb4b90>,19,21,[13  1],20,195,216,175,187
1,<environment.Job instance at 0x7fa76eb905a0>,21,22,[12  5],22,216,238,194,209
1,<environment.Job instance at 0x7fa76eb90fa0>,24,23,[10  4],25,238,261,213,232
1,<environment.Job instance at 0x7fa76eb909b0>,25,25,[6 5],26,261,286,235,257
1,<environment.Job instance at 0x7fa76ea89d20>,27,25,[ 2 10],28,272,297,244,272
1,<environment.Job instance at 0x7f5469a0c320>,1,24,[10  1],2,2,26,0,2
1,<environment.Job instance at 0x7f5469a0c140>,2,20,[7 4],3,26,46,23,17
1,<environment.Job instance at 0x7f54625fc4b0>,7,26,[9 3],8,46,72,38,43
1,<environment.Job instance at 0x7f54625fc460>,8,20,[ 4 13],9,72,92,63,63
1,<environment.Job instance at 0x7f54625fc500>,9,16,[12  1],10,92,108,82,79
1,<environment.Job instance at 0x7f54625fc6e0>,12,28,[ 1 14],13,92,120,79,91
1,<environment.Job instance at 0x7f54625fc780>,13,13,[10  3],14,120,133,106,104
1,<environment.Job instance at 0x7f54625fc820>,14,15,[14  4],15,133,148,118,119
1,<environment.Job instance at 0x7f54625fc8c0>,15,20,[ 3 12],16,148,168,132,139
1,<environment.Job instance at 0x7f54625fc960>,16,28,[5 1],17,148,176,131,147
1,<environment.Job instance at 0x7f54625fccd0>,17,19,[12  4],18,176,195,158,166
1,<environment.Job instance at 0x7f54625fcd20>,18,18,[13  1],19,195,213,176,184
1,<environment.Job instance at 0x7f54625fcdc0>,19,23,[8 4],20,213,236,193,207
1,<environment.Job instance at 0x7f54625fce60>,20,17,[ 2 14],21,236,253,215,224
1,<environment.Job instance at 0x7f54625fcf00>,21,14,[ 4 11],22,253,267,231,238
1,<environment.Job instance at 0x7f54625fcc30>,23,16,[12  2],24,267,283,243,254
1,<environment.Job instance at 0x7f54625fcb40>,24,20,[4 6],25,283,303,258,274
1,<environment.Job instance at 0x7f54625fcaa0>,25,24,[5 7],26,283,307,257,278
1,<environment.Job instance at 0x7f5462607cd0>,0,28,[13  5],1,1,29,0,1
1,<environment.Job instance at 0x7f54625fc050>,1,28,[ 5 11],2,29,57,27,28
1,<environment.Job instance at 0x7f5469b7a460>,7,22,[ 4 14],8,57,79,49,50
1,<environment.Job instance at 0x7f5469b7a050>,8,25,[1 7],9,79,104,70,75
1,<environment.Job instance at 0x7f5469b7a8c0>,9,18,[1 9],10,104,122,94,93
1,<environment.Job instance at 0x7f5469b7a5f0>,10,27,[ 3 11],11,122,149,111,120
1,<environment.Job instance at 0x7f5469b72640>,11,23,[5 1],12,120,143,108,120
1,<environment.Job instance at 0x7f5469b72b40>,12,17,[12  4],13,143,160,130,131
1,<environment.Job instance at 0x7f5469b80550>,17,26,[5 4],18,160,186,142,157
1,<environment.Job instance at 0x7f5469b80500>,19,20,[4 9],20,160,180,140,157
1,<environment.Job instance at 0x7f5469b803c0>,20,17,[ 4 12],21,186,203,165,174
1,<environment.Job instance at 0x7f5469b807d0>,21,27,[ 4 11],22,203,230,181,201
1,<environment.Job instance at 0x7f5469b80fa0>,23,26,[5 2],24,201,227,177,201
1,<environment.Job instance at 0x7f5469a5b5a0>,3,13,[11  4],4,227,240,223,213
1,<environment.Job instance at 0x7f54625fcaa0>,2,15,[ 2 13],3,240,255,237,228
1,<environment.Job instance at 0x7f5469b80cd0>,26,27,[12  1],27,240,267,213,238
1,<environment.Job instance at 0x7f541eb507d0>,0,13,[12  2],1,1,14,0,1
1,<environment.Job instance at 0x7f541e8880a0>,1,27,[3 6],2,2,29,0,2
1,<environment.Job instance at 0x7f5469b7a190>,2,22,[2 8],3,14,36,11,7
1,<environment.Job instance at 0x7f541e8f7910>,5,13,[12  2],6,29,42,23,15
1,<environment.Job instance at 0x7f541e8f7280>,7,14,[11  1],8,42,56,34,27
1,<environment.Job instance at 0x7f541e8f75a0>,9,20,[12  3],10,56,76,46,47
1,<environment.Job instance at 0x7f541e8f70a0>,14,13,[2 5],15,51,64,36,51
1,<environment.Job instance at 0x7f541e8f72d0>,11,15,[11  5],12,76,91,64,64
1,<environment.Job instance at 0x7f541e8f7140>,12,19,[14  4],13,91,110,78,81
1,<environment.Job instance at 0x7f541e8c4cd0>,17,21,[ 1 12],18,110,131,92,102
1,<environment.Job instance at 0x7f541e8c4550>,18,16,[ 1 14],19,131,147,112,118
1,<environment.Job instance at 0x7f541e8c4230>,15,19,[ 4 14],16,147,166,131,137
1,<environment.Job instance at 0x7f541e8ecc30>,19,18,[ 1 14],20,166,184,146,155
1,<environment.Job instance at 0x7f541e8ec0f0>,22,25,[4 8],23,184,209,161,180
1,<environment.Job instance at 0x7f541e8ec640>,23,25,[11  3],24,184,209,160,180
1,<environment.Job instance at 0x7f541e8ece60>,24,15,[14  2],25,209,224,184,197
1,<environment.Job instance at 0x7f541e8ec2d0>,21,17,[14  5],22,224,241,202,214
1,<environment.Job instance at 0x7f541e8c4320>,13,17,[ 3 12],14,241,258,227,229
1,<environment.Job instance at 0x7f541e8ecb90>,27,17,[12  1],28,241,258,213,229
1,<environment.Job instance at 0x7f541e8c4b90>,16,16,[ 5 12],17,258,274,241,247
1,<environment.Job instance at 0x7f541e9ac780>,2,28,[14  3],3,5,33,2,5
1,<environment.Job instance at 0x7f541e9b7320>,1,15,[14  2],2,33,48,31,19
1,<environment.Job instance at 0x7f541e9d3a50>,9,16,[11  3],10,48,64,38,35
1,<environment.Job instance at 0x7f541e8b90a0>,11,12,[12  3],12,64,76,52,47
1,<environment.Job instance at 0x7f541e8b9d20>,12,28,[6 3],13,76,104,63,75
1,<environment.Job instance at 0x7f541e8b9280>,13,23,[ 1 11],14,75,98,61,75
1,<environment.Job instance at 0x7f5462607e60>,15,27,[12  4],16,104,131,88,102
1,<environment.Job instance at 0x7f5462607550>,16,13,[14  5],17,131,144,114,115
1,<environment.Job instance at 0x7f5462607fa0>,18,23,[4 8],19,144,167,125,138
1,<environment.Job instance at 0x7f5462607f00>,19,19,[ 3 11],20,167,186,147,157
1,<environment.Job instance at 0x7f541ee6cb40>,21,15,[13  3],22,186,201,164,172
1,<environment.Job instance at 0x7f541ee6ca50>,22,28,[11  2],23,201,229,178,200
1,<environment.Job instance at 0x7f541ee6cb90>,23,24,[7 5],24,229,253,205,224
1,<environment.Job instance at 0x7f541ee6c730>,25,20,[5 8],26,229,249,203,224
1,<environment.Job instance at 0x7f541ee6ce60>,26,27,[ 4 13],27,253,280,226,251
1,<environment.Job instance at 0x7f541e8b9870>,0,27,[14  3],1,1,28,0,1
1,<environment.Job instance at 0x7f541e8fa730>,1,18,[ 1 14],2,28,46,26,17
1,<environment.Job instance at 0x7f541e8c1a00>,6,28,[5 7],7,46,74,39,45
1,<environment.Job instance at 0x7f541e9b7dc0>,7,16,[ 4 11],8,74,90,66,61
1,<environment.Job instance at 0x7f541e986f50>,8,17,[13  3],9,90,107,81,78
1,<environment.Job instance at 0x7f541e84dbe0>,11,13,[ 5 12],12,107,120,95,92
1,<environment.Job instance at 0x7f541e84d500>,12,23,[ 5 11],13,120,143,107,114
1,<environment.Job instance at 0x7f541e84dfa0>,13,27,[12  4],14,143,170,129,141
1,<environment.Job instance at 0x7f541e9b7c30>,9,22,[ 3 11],10,143,165,133,141
1,<environment.Job instance at 0x7f541e84d550>,14,13,[12  4],15,170,183,155,155
1,<environment.Job instance at 0x7f541ecf59b0>,17,24,[ 4 14],18,183,207,165,178
1,<environment.Job instance at 0x7f541ecf55a0>,19,24,[13  3],20,207,231,187,202
1,<environment.Job instance at 0x7f541e84d960>,20,27,[9 5],21,231,258,210,229
1,<environment.Job instance at 0x7f541ecf64b0>,21,22,[13  5],22,258,280,236,251
1,<environment.Job instance at 0x7f541ecf6410>,22,14,[ 3 13],23,280,294,257,265
1,<environment.Job instance at 0x7f541e9acf50>,3,15,[11  2],4,280,295,276,266
1,<environment.Job instance at 0x7f541e9ac320>,1,27,[5 5],2,2,29,0,2
1,<environment.Job instance at 0x7f541e9acf50>,3,25,[5 5],4,9,34,5,9
1,<environment.Job instance at 0x7f541e806e10>,6,15,[13  2],7,34,49,27,25
1,<environment.Job instance at 0x7f541e8068c0>,4,26,[12  3],5,49,75,44,46
1,<environment.Job instance at 0x7f541e806fa0>,5,20,[14  4],6,75,95,69,66
1,<environment.Job instance at 0x7f541e952370>,9,19,[ 2 13],10,95,114,85,87
1,<environment.Job instance at 0x7f541e806e60>,10,25,[8 3],11,114,139,103,110
1,<environment.Job instance at 0x7f541e9524b0>,13,14,[14  2],14,139,153,125,127
1,<environment.Job instance at 0x7f541e952280>,15,22,[4 7],16,153,175,137,149
1,<environment.Job instance at 0x7f541e9525a0>,16,18,[6 3],17,153,171,136,151
1,<environment.Job instance at 0x7f5465284a50>,17,16,[9 4],18,171,187,153,159
1,<environment.Job instance at 0x7f541e806b90>,7,24,[ 5 13],8,187,211,179,183
1,<environment.Job instance at 0x7f541e9ac5a0>,1,24,[2 6],2,2,26,0,2
1,<environment.Job instance at 0x7f541ecb25f0>,2,13,[ 5 12],3,26,39,23,10
1,<environment.Job instance at 0x7f5462949f00>,7,25,[3 7],8,39,64,31,35
1,<environment.Job instance at 0x7f541ec48640>,9,22,[ 4 10],10,64,86,54,57
1,<environment.Job instance at 0x7f546241e320>,10,25,[ 5 14],11,86,111,75,82
1,<environment.Job instance at 0x7f546241ecd0>,11,17,[ 1 13],12,111,128,99,99
1,<environment.Job instance at 0x7f546241e500>,12,16,[ 1 13],13,128,144,115,115
1,<environment.Job instance at 0x7f541eeb19b0>,13,28,[2 7],14,144,172,130,143
1,<environment.Job instance at 0x7f541eeb1820>,14,19,[3 6],15,144,163,129,143
1,<environment.Job instance at 0x7f541eeb15a0>,15,25,[3 9],16,172,197,156,168
1,<environment.Job instance at 0x7f541eeb1b40>,17,13,[ 1 13],18,197,210,179,181
1,<environment.Job instance at 0x7f541ef1d550>,18,28,[3 6],19,210,238,191,209
1,<environment.Job instance at 0x7f541ef1d370>,19,12,[ 4 11],20,238,250,218,221
1,<environment.Job instance at 0x7f541ed80780>,22,22,[ 5 12],23,250,272,227,243
1,<environment.Job instance at 0x7f54628010a0>,3,20,[ 2 11],4,272,292,268,265
1,<environment.Job instance at 0x7f541ed80690>,25,13,[12  4],26,275,288,249,275
1,<environment.Job instance at 0x7f54650a8690>,1,18,[ 1 12],2,2,20,0,2
1,<environment.Job instance at 0x7f546264db40>,2,24,[6 3],3,3,27,0,3
1,<environment.Job instance at 0x7f541ecb2be0>,3,16,[13  4],4,27,43,23,18
1,<environment.Job instance at 0x7f5464db40a0>,8,23,[11  4],9,43,66,34,37
1,<environment.Job instance at 0x7f5464db4780>,6,19,[ 2 11],7,39,58,32,39
1,<environment.Job instance at 0x7f541ed80690>,4,12,[ 5 11],5,93,105,88,93
1,<environment.Job instance at 0x7f54629b2aa0>,14,19,[1 6],15,105,124,90,98
1,<environment.Job instance at 0x7f54629b2410>,13,17,[14  4],14,105,122,91,98
1,<environment.Job instance at 0x7f54629b26e0>,16,12,[12  5],17,122,134,105,107
1,<environment.Job instance at 0x7f54629b2dc0>,15,17,[11  2],16,134,151,118,123
1,<environment.Job instance at 0x7f54629b2550>,20,23,[2 9],21,140,163,119,140
1,<environment.Job instance at 0x7f54629b2a00>,17,22,[11  3],18,151,173,133,149
1,<environment.Job instance at 0x7f54629b2500>,21,17,[2 7],22,163,180,141,157
1,<environment.Job instance at 0x7f54629b2f50>,23,13,[13  3],24,173,186,149,158
1,<environment.Job instance at 0x7f541e9775f0>,25,19,[13  1],26,186,205,160,181
1,<environment.Job instance at 0x7f54629b20f0>,24,25,[ 1 14],25,186,211,161,184
1,<environment.Job instance at 0x7f541e977690>,26,15,[12  3],27,211,226,184,206
1,<environment.Job instance at 0x7f541e977730>,27,24,[ 1 11],28,211,235,183,211
1,<environment.Job instance at 0x7f541e9779b0>,31,19,[13  1],32,228,247,196,228
1,<environment.Job instance at 0x7f541e977910>,30,14,[9 2],31,247,261,216,232
1,<environment.Job instance at 0x7f541e977a50>,32,16,[11  1],33,261,277,228,251
1,<environment.Job instance at 0x7f541e977af0>,33,28,[ 4 11],34,254,282,220,254
1,<environment.Job instance at 0x7f5462787550>,0,23,[8 4],1,1,24,0,1
1,<environment.Job instance at 0x7f54623b53c0>,2,21,[11  5],3,24,45,21,16
1,<environment.Job instance at 0x7f541e9fbcd0>,7,20,[ 5 13],8,45,65,37,36
1,<environment.Job instance at 0x7f541e9fb0f0>,9,20,[13  2],10,65,85,55,56
1,<environment.Job instance at 0x7f541e9fbc80>,10,16,[ 2 14],11,85,101,74,72
1,<environment.Job instance at 0x7f541e9fb370>,11,26,[7 3],12,101,127,89,98
1,<environment.Job instance at 0x7f541e9fb4b0>,12,16,[ 3 13],13,127,143,114,114
1,<environment.Job instance at 0x7f541e9fbb40>,13,28,[ 5 10],14,143,171,129,142
1,<environment.Job instance at 0x7f541e9fbf00>,4,27,[8 5],5,144,171,139,144
1,<environment.Job instance at 0x7f5465156b90>,14,22,[14  1],15,171,193,156,164
1,<environment.Job instance at 0x7f541edd61e0>,16,15,[ 1 12],17,171,186,154,164
1,<environment.Job instance at 0x7f54623694b0>,17,19,[1 8],18,186,205,168,176
1,<environment.Job instance at 0x7f5462369640>,18,20,[7 4],19,193,213,174,184
1,<environment.Job instance at 0x7f54624542d0>,20,14,[13  5],21,213,227,192,198
1,<environment.Job instance at 0x7f5464cf3c30>,23,27,[12  4],24,227,254,203,225
1,<environment.Job instance at 0x7f5464cf3050>,24,18,[ 3 13],25,254,272,229,243
1,<environment.Job instance at 0x7f5464cf3eb0>,25,27,[ 1 14],26,272,299,246,270
1,<environment.Job instance at 0x7f5464eb7d20>,0,13,[ 1 12],1,1,14,0,1
1,<environment.Job instance at 0x7f5464eb71e0>,1,16,[ 2 12],2,14,30,12,2
1,<environment.Job instance at 0x7f5469935c80>,2,27,[ 3 11],3,30,57,27,28
1,<environment.Job instance at 0x7f5464f20f00>,7,16,[ 4 14],8,57,73,49,44
1,<environment.Job instance at 0x7f541eebe140>,9,14,[13  3],10,73,87,63,58
1,<environment.Job instance at 0x7f546259d280>,10,24,[3 9],11,87,111,76,82
1,<environment.Job instance at 0x7f541e888870>,12,17,[ 3 11],13,111,128,98,99
1,<environment.Job instance at 0x7f541e888be0>,13,20,[8 4],14,108,128,94,108
1,<environment.Job instance at 0x7f541e888d70>,14,27,[1 9],15,128,155,113,126
1,<environment.Job instance at 0x7f541ee1a910>,15,25,[ 2 12],16,155,180,139,151
1,<environment.Job instance at 0x7f541ee1a460>,16,27,[1 6],17,180,207,163,178
1,<environment.Job instance at 0x7f546243c550>,17,27,[8 5],18,180,207,162,178
1,<environment.Job instance at 0x7f5462572410>,19,17,[ 1 11],20,207,224,187,195
1,<environment.Job instance at 0x7f5462572cd0>,20,13,[ 3 14],21,224,237,203,208
1,<environment.Job instance at 0x7f541eedec80>,23,16,[11  2],24,237,253,213,224
1,<environment.Job instance at 0x7f541eedef50>,24,27,[5 2],25,253,280,228,251
1,<environment.Job instance at 0x7f5462572230>,22,17,[3 5],23,251,268,228,251
1,<environment.Job instance at 0x7f541eedfeb0>,25,13,[13  5],26,280,293,254,264
1,<environment.Job instance at 0x7f541ecab7d0>,1,25,[9 1],2,3,28,1,3
1,<environment.Job instance at 0x7f541eaeeb40>,5,15,[ 5 14],6,6,21,0,6
1,<environment.Job instance at 0x7f541ec4a4b0>,6,21,[10  1],7,28,49,21,20
1,<environment.Job instance at 0x7f5462450f50>,10,24,[ 3 12],11,21,45,10,20
1,<environment.Job instance at 0x7f54651258c0>,13,28,[14  2],14,49,77,35,48
1,<environment.Job instance at 0x7f541e9525a0>,15,13,[ 5 12],16,77,90,61,62
1,<environment.Job instance at 0x7f541e952460>,16,22,[ 5 14],17,90,112,73,83
1,<environment.Job instance at 0x7f541e952280>,17,26,[8 5],18,112,138,94,109
1,<environment.Job instance at 0x7f541e952230>,20,13,[13  5],21,138,151,117,122
1,<environment.Job instance at 0x7f5464bf7a00>,21,14,[ 2 13],22,151,165,129,136
1,<environment.Job instance at 0x7f541e9524b0>,22,23,[ 3 14],23,165,188,142,159
1,<environment.Job instance at 0x7f5464c9e910>,3,14,[13  1],4,188,202,184,178
1,<environment.Job instance at 0x7f5464bf7320>,25,15,[ 2 13],26,188,203,162,180
1,<environment.Job instance at 0x7f5464bf76e0>,23,16,[13  3],24,203,219,179,192
1,<environment.Job instance at 0x7f5464bf73c0>,28,28,[ 4 12],29,219,247,190,218
1,<environment.Job instance at 0x7f541ef9eeb0>,31,24,[ 5 14],32,247,271,215,242
1,<environment.Job instance at 0x7f541ef9ef00>,32,27,[11  1],33,271,298,238,269
1,<environment.Job instance at 0x7f5462a5d230>,34,16,[ 1 14],35,271,287,236,269
1,<environment.Job instance at 0x7f5465125af0>,2,24,[ 2 14],3,4,28,1,4
1,<environment.Job instance at 0x7f5465125690>,1,19,[ 2 14],2,28,47,26,18
1,<environment.Job instance at 0x7f5464f19690>,4,19,[7 5],5,47,66,42,38
1,<environment.Job instance at 0x7f541e939b90>,9,18,[8 2],10,47,65,37,41
1,<environment.Job instance at 0x7f541e939280>,10,18,[ 2 14],11,66,84,55,55
1,<environment.Job instance at 0x7f541e939eb0>,11,28,[4 5],12,96,124,84,96
1,<environment.Job instance at 0x7f541ea49be0>,0,28,[5 5],1,1,29,0,1
1,<environment.Job instance at 0x7f541e8a8780>,1,21,[ 4 13],2,29,50,27,21
1,<environment.Job instance at 0x7f546261a730>,6,18,[13  2],7,50,68,43,39
1,<environment.Job instance at 0x7f546261a640>,7,27,[12  5],8,68,95,60,66
1,<environment.Job instance at 0x7f546261a500>,8,19,[11  4],9,95,114,86,85
1,<environment.Job instance at 0x7f546261abe0>,9,22,[ 2 11],10,95,117,85,88
1,<environment.Job instance at 0x7f546261a370>,11,21,[9 5],12,117,138,105,109
1,<environment.Job instance at 0x7f541e89b230>,13,18,[4 5],14,117,135,103,111
1,<environment.Job instance at 0x7f541e89b730>,12,12,[ 4 14],13,138,150,125,123
1,<environment.Job instance at 0x7f5462b23190>,2,15,[13  2],3,150,165,147,136
1,<environment.Job instance at 0x7f546257a820>,17,13,[ 5 12],18,165,178,147,153
1,<environment.Job instance at 0x7f541ea49690>,3,23,[ 5 11],4,178,201,174,172
1,<environment.Job instance at 0x7f546257a730>,20,15,[ 5 11],21,201,216,180,187
1,<environment.Job instance at 0x7f546257a5f0>,21,20,[ 3 11],22,216,236,194,207
1,<environment.Job instance at 0x7f546257a4b0>,23,16,[3 5],24,236,252,212,223
1,<environment.Job instance at 0x7f546257ad20>,24,27,[ 3 13],25,257,284,232,257
1,<environment.Job instance at 0x7f5464f12190>,25,23,[6 2],26,258,281,232,258
1,<environment.Job instance at 0x7f5464b7cfa0>,26,22,[ 1 13],27,284,306,257,277
1,<environment.Job instance at 0x7f541e8a8dc0>,1,16,[ 1 12],2,3,19,1,3
1,<environment.Job instance at 0x7f5464b7cfa0>,4,21,[6 3],5,11,32,6,11
1,<environment.Job instance at 0x7f541ea496e0>,3,25,[8 4],4,19,44,15,15
1,<environment.Job instance at 0x7f541e8a8870>,0,16,[11  1],1,44,60,43,31
1,<environment.Job instance at 0x7f54651295f0>,8,21,[1 5],9,31,52,22,31
1,<environment.Job instance at 0x7f5465129e60>,10,25,[8 3],11,60,85,49,56
1,<environment.Job instance at 0x7f541ed35870>,11,22,[13  5],12,85,107,73,78
1,<environment.Job instance at 0x7f5465129be0>,12,14,[14  4],13,107,121,94,92
1,<environment.Job instance at 0x7f541ebce5f0>,14,12,[ 4 13],15,121,133,106,104
1,<environment.Job instance at 0x7f541ef8fd70>,17,18,[11  2],18,121,139,103,110
1,<environment.Job instance at 0x7f54625f63c0>,19,13,[ 4 13],20,133,146,113,117
1,<environment.Job instance at 0x7f54626b74b0>,20,17,[11  2],21,139,156,118,127
1,<environment.Job instance at 0x7f541ebf7280>,23,13,[14  2],24,156,169,132,140
1,<environment.Job instance at 0x7f54650ed910>,7,14,[12  5],8,169,183,161,154
1,<environment.Job instance at 0x7f5469b7feb0>,24,12,[ 4 14],25,183,195,158,168
1,<environment.Job instance at 0x7f5464c48b90>,27,26,[12  4],28,195,221,167,192
1,<environment.Job instance at 0x7f5464ef1d20>,28,23,[ 2 12],29,221,244,192,215
1,<environment.Job instance at 0x7f541eb43be0>,31,13,[ 4 13],32,244,257,212,228
1,<environment.Job instance at 0x7f541e716410>,33,24,[9 1],34,236,260,202,236
1,<environment.Job instance at 0x7f541e716280>,34,14,[ 2 13],35,257,271,222,243
1,<environment.Job instance at 0x7f541ee1ab40>,36,14,[13  4],37,271,285,234,256
1,<environment.Job instance at 0x7f5464ff4aa0>,0,20,[3 6],1,1,21,0,1
1,<environment.Job instance at 0x7f5462aa2280>,1,26,[13  2],2,21,47,19,18
1,<environment.Job instance at 0x7f54624ce050>,6,21,[5 5],7,47,68,40,39
1,<environment.Job instance at 0x7f541e6a10a0>,7,19,[1 8],8,39,58,31,39
1,<environment.Job instance at 0x7f541e6c1fa0>,8,14,[11  4],9,68,82,59,53
1,<environment.Job instance at 0x7f541ea49b40>,9,28,[7 1],10,82,110,72,81
1,<environment.Job instance at 0x7f541e8a8690>,10,21,[11  4],11,110,131,99,102
1,<environment.Job instance at 0x7f5462aa1f50>,15,20,[6 5],16,131,151,115,122
1,<environment.Job instance at 0x7f5462aa1690>,16,28,[ 3 11],17,151,179,134,150
1,<environment.Job instance at 0x7f5462aa1a00>,17,12,[ 5 14],18,179,191,161,162
1,<environment.Job instance at 0x7f5462aa14b0>,18,26,[14  5],19,191,217,172,188
1,<environment.Job instance at 0x7f5462aa13c0>,19,20,[ 3 13],20,217,237,197,208
1,<environment.Job instance at 0x7f5462aa1aa0>,20,23,[7 2],21,217,240,196,211
1,<environment.Job instance at 0x7f5462719140>,22,26,[11  3],23,240,266,217,237
1,<environment.Job instance at 0x7f54627191e0>,23,25,[7 5],24,266,291,242,262
1,<environment.Job instance at 0x7f541ef8feb0>,3,16,[ 3 10],4,263,279,259,263
1,<environment.Job instance at 0x7f5462a31140>,0,18,[ 2 12],1,1,19,0,1
1,<environment.Job instance at 0x7f546272a640>,2,26,[ 1 10],3,19,45,16,16
1,<environment.Job instance at 0x7f546272ad20>,7,19,[11  2],8,16,35,8,16
1,<environment.Job instance at 0x7f546272ad70>,9,12,[ 5 12],10,45,57,35,28
1,<environment.Job instance at 0x7f546272a910>,10,23,[9 3],11,35,58,24,31
1,<environment.Job instance at 0x7f546272abe0>,11,21,[ 2 14],12,58,79,46,50
1,<environment.Job instance at 0x7f546272a500>,12,18,[13  5],13,79,97,66,68
1,<environment.Job instance at 0x7f54651407d0>,13,20,[ 4 11],14,97,117,83,88
1,<environment.Job instance at 0x7f546272a730>,4,14,[9 3],5,97,111,92,91
1,<environment.Job instance at 0x7f5465140d20>,17,20,[1 5],18,117,137,99,108
1,<environment.Job instance at 0x7f5465140820>,19,15,[13  4],20,117,132,97,111
1,<environment.Job instance at 0x7f54651409b0>,20,26,[6 1],21,132,158,111,131
1,<environment.Job instance at 0x7f546272ac80>,8,25,[ 2 14],9,137,162,128,137
1,<environment.Job instance at 0x7f541ebd7280>,25,27,[ 2 11],26,162,189,136,160
1,<environment.Job instance at 0x7f541ebd7780>,27,25,[ 5 10],28,189,214,161,185
1,<environment.Job instance at 0x7f541ebd7690>,30,17,[ 2 14],31,214,231,183,202
1,<environment.Job instance at 0x7f541ebd7730>,31,13,[13  4],32,231,244,199,215
1,<environment.Job instance at 0x7f541ebd7460>,32,25,[12  2],33,244,269,211,240
1,<environment.Job instance at 0x7f541ebd7b90>,33,28,[4 9],34,269,297,235,268
1,<environment.Job instance at 0x7f54697c5140>,0,24,[14  3],1,5,29,4,5
1,<environment.Job instance at 0x7f541e95d7d0>,6,28,[ 5 13],7,29,57,22,28
1,<environment.Job instance at 0x7f54627aa820>,9,17,[ 3 11],10,57,74,47,45
1,<environment.Job instance at 0x7f5462595d70>,11,28,[ 2 11],12,74,102,62,73
1,<environment.Job instance at 0x7f5469b78550>,12,23,[5 5],13,102,125,89,96
1,<environment.Job instance at 0x7f5464ef8b40>,14,26,[ 4 12],15,125,151,110,122
1,<environment.Job instance at 0x7f541e7fa050>,15,12,[ 4 12],16,151,163,135,134
1,<environment.Job instance at 0x7f541eeff820>,16,24,[5 2],17,139,163,122,139
1,<environment.Job instance at 0x7f541e7fa960>,17,18,[14  4],18,163,181,145,152
1,<environment.Job instance at 0x7f5462860f00>,18,12,[11  2],19,181,193,162,171
1,<environment.Job instance at 0x7f5462860c80>,19,15,[ 2 12],20,181,196,161,180
1,<environment.Job instance at 0x7f541eafb870>,21,28,[13  2],22,193,221,171,192
1,<environment.Job instance at 0x7f5465062460>,22,20,[10  2],23,221,241,198,212
1,<environment.Job instance at 0x7f54628cb2d0>,2,21,[4 7],3,221,242,218,214
1,<environment.Job instance at 0x7f541e8014b0>,26,22,[ 4 10],27,242,264,215,235
1,<environment.Job instance at 0x7f541e801e10>,27,28,[13  2],28,264,292,236,263
1,<environment.Job instance at 0x7f541e65d780>,1,21,[14  1],2,2,23,0,2
1,<environment.Job instance at 0x7f5464bed9b0>,3,15,[ 4 11],4,23,38,19,18
1,<environment.Job instance at 0x7f541e8019b0>,8,16,[ 4 14],9,38,54,29,28
1,<environment.Job instance at 0x7f541e65d5a0>,0,14,[11  1],1,41,55,40,41
1,<environment.Job instance at 0x7f54628e6500>,12,22,[5 5],13,55,77,42,48
1,<environment.Job instance at 0x7f541ec63870>,14,13,[ 2 12],15,77,90,62,61
1,<environment.Job instance at 0x7f541ed60050>,6,23,[12  1],7,78,101,71,78
1,<environment.Job instance at 0x7f546272aa50>,10,16,[ 2 12],11,90,106,79,80
1,<environment.Job instance at 0x7f541ec631e0>,16,12,[9 1],17,101,113,84,90
1,<environment.Job instance at 0x7f541ef17eb0>,11,17,[13  4],12,113,130,101,101
1,<environment.Job instance at 0x7f541ec63730>,21,16,[ 2 12],22,130,146,108,118
1,<environment.Job instance at 0x7f541e7bb730>,23,24,[10  3],24,130,154,106,125
1,<environment.Job instance at 0x7f541e7bb690>,24,25,[1 9],25,146,171,121,143
1,<environment.Job instance at 0x7f541e7bb6e0>,25,25,[11  1],26,167,192,141,167
1,<environment.Job instance at 0x7f541e7bbb40>,27,26,[2 9],28,171,197,143,171
1,<environment.Job instance at 0x7f541e7bbc30>,29,21,[13  1],30,203,224,173,203
1,<environment.Job instance at 0x7f541e7bb910>,30,15,[8 4],31,224,239,193,210
1,<environment.Job instance at 0x7f541ec63af0>,18,25,[12  5],19,246,271,227,246
1,<environment.Job instance at 0x7f541e7bbcd0>,31,22,[12  5],32,271,293,239,264
1,<environment.Job instance at 0x7f541ee09780>,0,27,[12  5],1,1,28,0,1
1,<environment.Job instance at 0x7f541e7bc140>,1,17,[ 5 12],2,28,45,26,16
1,<environment.Job instance at 0x7f541e7af370>,6,14,[13  4],7,45,59,38,30
1,<environment.Job instance at 0x7f54626dba00>,8,27,[ 1 10],9,45,72,36,43
1,<environment.Job instance at 0x7f54626dbaa0>,9,14,[13  4],10,59,73,49,52
1,<environment.Job instance at 0x7f54626dba50>,10,20,[ 5 12],11,73,93,62,64
1,<environment.Job instance at 0x7f54626db7d0>,11,24,[9 4],12,93,117,81,88
1,<environment.Job instance at 0x7f54626db050>,12,26,[5 5],13,93,119,80,90
1,<environment.Job instance at 0x7f54626db0f0>,15,20,[4 6],16,117,137,101,108
1,<environment.Job instance at 0x7f541ebe8e10>,2,16,[6 1],3,117,133,114,108
1,<environment.Job instance at 0x7f54626dbe60>,16,18,[12  1],17,137,155,120,126
1,<environment.Job instance at 0x7f5469a33780>,19,23,[9 1],20,155,178,135,149
1,<environment.Job instance at 0x7f5469a33730>,20,12,[13  2],21,178,190,157,161
1,<environment.Job instance at 0x7f54626d81e0>,21,15,[14  4],22,190,205,168,177
1,<environment.Job instance at 0x7f54626d8e60>,22,24,[5 3],23,205,229,182,200
1,<environment.Job instance at 0x7f54626dbbe0>,17,14,[ 4 14],18,229,243,211,215
1,<environment.Job instance at 0x7f541e7af0f0>,4,14,[11  1],5,229,243,224,218
1,<environment.Job instance at 0x7f54626d8a00>,23,17,[14  4],24,243,260,219,231
1,<environment.Job instance at 0x7f54626d80a0>,28,21,[5 5],29,260,281,231,252
1,<environment.Job instance at 0x7f541ecbb870>,29,13,[14  3],30,281,294,251,265
1,<environment.Job instance at 0x7f546257e500>,0,15,[ 4 12],1,2,17,1,2
1,<environment.Job instance at 0x7f5464e0b370>,2,20,[3 6],3,17,37,14,8
1,<environment.Job instance at 0x7f542ace2370>,6,23,[5 5],7,17,40,10,11
1,<environment.Job instance at 0x7f541eeb5b40>,8,19,[ 2 11],9,40,59,31,30
1,<environment.Job instance at 0x7f54626db910>,1,21,[5 2],2,35,56,33,35
1,<environment.Job instance at 0x7f541eeb50f0>,9,12,[14  5],10,59,71,49,42
1,<environment.Job instance at 0x7f541e8ea6e0>,13,25,[11  3],14,71,96,57,67
1,<environment.Job instance at 0x7f541eeb5e10>,12,18,[ 5 12],13,96,114,83,90
1,<environment.Job instance at 0x7f541e8ea8c0>,15,20,[ 5 11],16,114,134,98,106
1,<environment.Job instance at 0x7f541eeb56e0>,10,27,[10  1],11,108,135,97,108
1,<environment.Job instance at 0x7f541ec55c80>,19,26,[ 3 13],20,134,160,114,132
1,<environment.Job instance at 0x7f541ec55870>,20,23,[2 7],21,160,183,139,154
1,<environment.Job instance at 0x7f54625ff500>,17,26,[12  3],18,160,186,142,158
1,<environment.Job instance at 0x7f541ec55b90>,21,19,[14  5],22,186,205,164,176
1,<environment.Job instance at 0x7f5464d848c0>,23,20,[ 4 13],24,205,225,181,196
1,<environment.Job instance at 0x7f541e8ea870>,16,23,[12  5],17,225,248,208,219
1,<environment.Job instance at 0x7f541e8ea500>,14,16,[ 4 12],15,248,264,233,235
1,<environment.Job instance at 0x7f541ee11230>,29,26,[11  5],30,264,290,234,261
1,<environment.Job instance at 0x7f41d6ca9af0>,1,24,[10  1],2,2,26,0,2
1,<environment.Job instance at 0x7f41d6c57320>,2,20,[7 4],3,26,46,23,17
1,<environment.Job instance at 0x7f41d18473c0>,7,26,[9 3],8,46,72,38,43
1,<environment.Job instance at 0x7f41d1847460>,8,20,[ 4 13],9,72,92,63,63
1,<environment.Job instance at 0x7f41d1847500>,9,16,[12  1],10,92,108,82,79
1,<environment.Job instance at 0x7f41d18476e0>,12,28,[ 1 14],13,92,120,79,91
1,<environment.Job instance at 0x7f41d1847820>,14,15,[14  4],15,120,135,105,106
1,<environment.Job instance at 0x7f41d18478c0>,15,20,[ 3 12],16,135,155,119,126
1,<environment.Job instance at 0x7f41d1847960>,16,28,[5 1],17,135,163,118,134
1,<environment.Job instance at 0x7f41d1847cd0>,17,19,[12  4],18,163,182,145,153
1,<environment.Job instance at 0x7f41d1847d20>,18,18,[13  1],19,182,200,163,171
1,<environment.Job instance at 0x7f41d1847dc0>,19,23,[8 4],20,200,223,180,194
1,<environment.Job instance at 0x7f41d1847e60>,20,17,[ 2 14],21,223,240,202,211
1,<environment.Job instance at 0x7f41d1847f00>,21,14,[ 4 11],22,240,254,218,225
1,<environment.Job instance at 0x7f41d1847c30>,23,16,[12  2],24,254,270,230,241
1,<environment.Job instance at 0x7f41d1847b40>,24,20,[4 6],25,270,290,245,261
1,<environment.Job instance at 0x7f41d1847aa0>,25,24,[5 7],26,270,294,244,265
1,<environment.Job instance at 0x7f41d1855410>,0,27,[ 3 11],1,1,28,0,1
1,<environment.Job instance at 0x7f41d1847050>,1,23,[5 1],2,3,26,1,3
1,<environment.Job instance at 0x7f41d6dca3c0>,5,19,[14  5],6,28,47,22,18
1,<environment.Job instance at 0x7f41d6dbee10>,10,17,[ 4 12],11,47,64,36,35
1,<environment.Job instance at 0x7f41d6dbef00>,11,27,[ 4 11],12,64,91,52,62
1,<environment.Job instance at 0x7f41d6dbe9b0>,13,26,[5 2],14,62,88,48,62
1,<environment.Job instance at 0x7f41d6dbefa0>,14,18,[13  5],15,91,109,76,80
1,<environment.Job instance at 0x7f41d6dcd690>,16,27,[12  1],17,109,136,92,107
1,<environment.Job instance at 0x7f41d6dcd2d0>,17,20,[13  4],18,136,156,118,127
1,<environment.Job instance at 0x7f41d6dcd1e0>,19,14,[13  2],20,156,170,136,145
1,<environment.Job instance at 0x7f41d1855640>,2,17,[12  4],3,170,187,167,159
1,<environment.Job instance at 0x7f41d6dc50f0>,25,17,[ 5 12],26,187,204,161,176
1,<environment.Job instance at 0x7f41d6dbd640>,22,21,[14  2],23,204,225,181,196
1,<environment.Job instance at 0x7f41d6dc5d20>,30,24,[6 5],31,225,249,194,220
1,<environment.Job instance at 0x7f41d6dc5960>,32,23,[ 3 11],33,249,272,216,243
1,<environment.Job instance at 0x7f41d6dc3b90>,33,14,[ 3 12],34,272,286,238,257
1,<environment.Job instance at 0x7f41d6dc3b40>,35,26,[7 2],36,259,285,223,259
1,<environment.Job instance at 0x7f41d6dcbcd0>,0,23,[1 9],1,1,24,0,1
1,<environment.Job instance at 0x7f418baf9d20>,5,18,[11  1],6,6,24,0,6
1,<environment.Job instance at 0x7f41d6dc2f50>,3,25,[11  3],4,24,49,20,20
1,<environment.Job instance at 0x7f418baf9cd0>,7,17,[12  1],8,49,66,41,40
1,<environment.Job instance at 0x7f418baf9b40>,4,15,[14  2],5,66,81,61,52
1,<environment.Job instance at 0x7f418baf9dc0>,11,13,[ 4 11],12,81,94,69,67
1,<environment.Job instance at 0x7f41d6cde230>,1,17,[14  5],2,94,111,92,82
1,<environment.Job instance at 0x7f418baf90f0>,15,14,[ 1 13],16,111,125,95,97
1,<environment.Job instance at 0x7f418baf9410>,18,19,[13  1],19,111,130,92,103
1,<environment.Job instance at 0x7f418baf9230>,21,24,[7 2],22,130,154,108,125
1,<environment.Job instance at 0x7f418baf9140>,22,13,[ 5 11],23,184,197,161,184
1,<environment.Job instance at 0x7f418bafecd0>,23,13,[14  1],24,197,210,173,184
1,<environment.Job instance at 0x7f418bafe050>,24,12,[ 5 12],25,210,222,185,199
1,<environment.Job instance at 0x7f418bafe0a0>,27,27,[6 1],28,210,237,182,208
1,<environment.Job instance at 0x7f418bafed20>,28,27,[ 4 13],29,222,249,193,220
1,<environment.Job instance at 0x7f418bafe1e0>,29,14,[12  3],30,249,263,219,234
1,<environment.Job instance at 0x7f418bafe460>,30,27,[11  1],31,263,290,232,261
1,<environment.Job instance at 0x7f418baf9370>,19,20,[ 1 12],20,262,282,242,262
1,<environment.Job instance at 0x7f418bafe7d0>,0,28,[7 4],1,1,29,0,1
1,<environment.Job instance at 0x7f41d6cde730>,1,27,[4 6],2,2,29,0,2
1,<environment.Job instance at 0x7f418bc7eb40>,3,20,[4 9],4,29,49,25,20
1,<environment.Job instance at 0x7f418baf9500>,4,12,[2 7],5,49,61,44,45
1,<environment.Job instance at 0x7f418bafd1e0>,5,27,[12  5],6,49,76,43,47
1,<environment.Job instance at 0x7f418befee60>,10,17,[12  2],11,76,93,65,64
1,<environment.Job instance at 0x7f418befe370>,11,26,[6 2],12,93,119,81,90
1,<environment.Job instance at 0x7f418befe730>,12,23,[5 8],13,93,116,80,91
1,<environment.Job instance at 0x7f418bc27fa0>,13,17,[5 9],14,116,133,102,104
1,<environment.Job instance at 0x7f418bc275f0>,14,17,[7 1],15,119,136,104,107
1,<environment.Job instance at 0x7f418bc27d20>,15,21,[ 4 14],16,133,154,117,125
1,<environment.Job instance at 0x7f418bc270f0>,17,20,[ 2 11],18,154,174,136,149
1,<environment.Job instance at 0x7f418bc27640>,18,13,[12  1],19,154,167,135,151
1,<environment.Job instance at 0x7f418bc27820>,19,12,[14  3],20,174,186,154,157
1,<environment.Job instance at 0x7f418bc272d0>,20,23,[ 4 11],21,186,209,165,181
1,<environment.Job instance at 0x7f418bc27320>,21,14,[ 2 14],22,209,223,187,194
1,<environment.Job instance at 0x7f418bc27780>,22,27,[1 8],23,223,250,200,221
1,<environment.Job instance at 0x7f418bc27a50>,23,26,[7 4],24,223,249,199,221
1,<environment.Job instance at 0x7f418bc273c0>,24,20,[14  3],25,249,269,224,240
1,<environment.Job instance at 0x7f418bc27910>,25,25,[5 2],26,269,294,243,266
1,<environment.Job instance at 0x7f418bc274b0>,26,24,[6 3],27,269,293,242,269
1,<environment.Job instance at 0x7f418bc7e8c0>,0,19,[3 6],1,1,20,0,1
1,<environment.Job instance at 0x7f418bc27280>,1,20,[ 2 10],2,20,40,18,11
1,<environment.Job instance at 0x7f418bafd780>,6,24,[ 4 14],7,40,64,33,35
1,<environment.Job instance at 0x7f418bafdaa0>,8,16,[12  5],9,64,80,55,51
1,<environment.Job instance at 0x7f418bfeb2d0>,10,23,[3 9],11,64,87,53,58
1,<environment.Job instance at 0x7f418bfb1cd0>,11,19,[ 4 14],12,87,106,75,77
1,<environment.Job instance at 0x7f418bfeb0a0>,12,19,[7 3],13,106,125,93,96
1,<environment.Job instance at 0x7f418bfb1a00>,13,26,[10  3],14,125,151,111,122
1,<environment.Job instance at 0x7f418baf95f0>,4,27,[ 1 12],5,122,149,117,122
1,<environment.Job instance at 0x7f418bc274b0>,2,18,[ 2 13],3,151,169,148,140
1,<environment.Job instance at 0x7f418bfb1be0>,14,17,[14  3],15,169,186,154,157
1,<environment.Job instance at 0x7f418bfa2d70>,19,25,[8 2],20,186,211,166,182
1,<environment.Job instance at 0x7f418bfa2140>,21,27,[6 4],22,186,213,164,185
1,<environment.Job instance at 0x7f41d1ca8b40>,23,20,[4 7],24,211,231,187,202
1,<environment.Job instance at 0x7f418bfa2c80>,17,14,[8 4],18,213,227,195,203
1,<environment.Job instance at 0x7f41d1ca8c30>,24,21,[10  3],25,227,248,202,219
1,<environment.Job instance at 0x7f41d1ca8cd0>,25,12,[12  2],26,248,260,222,231
1,<environment.Job instance at 0x7f41d1ca8d70>,26,12,[14  2],27,260,272,233,246
1,<environment.Job instance at 0x7f418bc7eb90>,3,14,[14  2],4,272,286,268,260
1,<environment.Job instance at 0x7f418bc7eb90>,2,17,[ 2 12],3,4,21,1,4
1,<environment.Job instance at 0x7f418ba54f50>,6,12,[ 3 11],7,21,33,14,8
1,<environment.Job instance at 0x7f41d1cdc820>,11,22,[ 4 12],12,33,55,21,26
1,<environment.Job instance at 0x7f418ba54b90>,7,27,[11  2],8,28,55,20,28
1,<environment.Job instance at 0x7f41d1cdc5f0>,15,18,[14  5],16,55,73,39,44
1,<environment.Job instance at 0x7f418bee30f0>,16,13,[ 5 11],17,73,86,56,57
1,<environment.Job instance at 0x7f418bee3820>,17,27,[12  2],18,86,113,68,84
1,<environment.Job instance at 0x7f418bee3af0>,19,27,[5 1],20,113,140,93,111
1,<environment.Job instance at 0x7f418bee3500>,21,27,[11  5],22,140,167,118,138
1,<environment.Job instance at 0x7f418ba54d70>,8,21,[5 6],9,167,188,158,161
1,<environment.Job instance at 0x7f418bee3640>,24,18,[ 1 10],25,188,206,163,177
1,<environment.Job instance at 0x7f418bee39b0>,25,27,[12  4],26,188,215,162,187
1,<environment.Job instance at 0x7f418bee3370>,26,20,[ 5 12],27,215,235,188,206
1,<environment.Job instance at 0x7f418ba54b40>,5,22,[ 5 13],6,235,257,229,228
1,<environment.Job instance at 0x7f418bee3f00>,22,23,[14  5],23,257,280,234,252
1,<environment.Job instance at 0x7f418bee3c80>,28,16,[ 1 14],29,280,296,251,267
1,<environment.Job instance at 0x7f418bc7e640>,0,22,[10  1],1,1,23,0,1
1,<environment.Job instance at 0x7f41d18c1730>,6,25,[ 2 13],7,10,35,3,10
1,<environment.Job instance at 0x7f418bee3190>,1,14,[14  2],2,35,49,33,20
1,<environment.Job instance at 0x7f41d18c1820>,9,21,[12  2],10,49,70,39,41
1,<environment.Job instance at 0x7f41d18c1370>,10,25,[6 2],11,70,95,59,66
1,<environment.Job instance at 0x7f41d18c1960>,11,23,[5 5],12,75,98,63,75
1,<environment.Job instance at 0x7f41d190e320>,13,17,[ 4 12],14,98,115,84,86
1,<environment.Job instance at 0x7f41d190ebe0>,14,21,[3 7],15,115,136,100,107
1,<environment.Job instance at 0x7f41d190ec30>,15,14,[ 5 13],16,136,150,120,122
1,<environment.Job instance at 0x7f41d18f0780>,17,22,[ 4 13],18,150,172,132,143
1,<environment.Job instance at 0x7f41d1f32640>,19,21,[ 4 14],20,172,193,152,164
1,<environment.Job instance at 0x7f41d18f0f00>,20,23,[3 9],21,193,216,172,187
1,<environment.Job instance at 0x7f418bee3c80>,2,25,[8 5],3,194,219,191,194
1,<environment.Job instance at 0x7f418bc97690>,21,13,[12  5],22,219,232,197,208
1,<environment.Job instance at 0x7f41d18c81e0>,23,23,[5 5],24,232,255,208,226
1,<environment.Job instance at 0x7f41d18c8280>,24,27,[14  2],25,255,282,230,253
1,<environment.Job instance at 0x7f41d1dc7eb0>,1,25,[ 1 10],2,3,28,1,3
1,<environment.Job instance at 0x7f41d1b99190>,0,18,[11  2],1,5,23,4,5
1,<environment.Job instance at 0x7f41d1f369b0>,5,20,[3 7],6,28,48,22,19
1,<environment.Job instance at 0x7f41d6c7fcd0>,8,22,[2 8],9,28,50,19,21
1,<environment.Job instance at 0x7f41d1ed56e0>,10,25,[12  2],11,48,73,37,44
1,<environment.Job instance at 0x7f41d6c7fe60>,11,22,[11  3],12,73,95,61,66
1,<environment.Job instance at 0x7f41d1dc7b40>,2,20,[ 2 12],3,66,86,63,66
1,<environment.Job instance at 0x7f41d6c7ff50>,12,24,[12  5],13,95,119,82,90
1,<environment.Job instance at 0x7f41d1fce370>,14,16,[1 6],15,112,128,97,112
1,<environment.Job instance at 0x7f41d1fce780>,16,21,[ 4 12],17,128,149,111,120
1,<environment.Job instance at 0x7f41d1fcea50>,13,26,[ 5 10],14,149,175,135,146
1,<environment.Job instance at 0x7f41d1fceb90>,15,28,[12  2],16,175,203,159,174
1,<environment.Job instance at 0x7f41d18c17d0>,6,26,[3 7],7,183,209,176,183
1,<environment.Job instance at 0x7f41d196a8c0>,19,13,[11  2],20,203,216,183,190
1,<environment.Job instance at 0x7f41d196a9b0>,20,13,[ 5 13],21,216,229,195,200
1,<environment.Job instance at 0x7f418bc89a50>,24,13,[ 5 14],25,229,242,204,213
1,<environment.Job instance at 0x7f418bc89a00>,25,22,[5 5],26,242,264,216,235
1,<environment.Job instance at 0x7f41d1fce4b0>,17,26,[ 4 12],18,264,290,246,261
1,<environment.Job instance at 0x7f41d196a050>,22,16,[9 3],23,266,282,243,266
1,<environment.Job instance at 0x7f41d1ed53c0>,0,14,[ 4 12],1,1,15,0,1
1,<environment.Job instance at 0x7f418bc51690>,2,22,[5 2],3,3,25,0,3
1,<environment.Job instance at 0x7f418bc51410>,3,13,[13  2],4,25,38,21,9
1,<environment.Job instance at 0x7f418bc51460>,5,26,[2 5],6,15,41,9,12
1,<environment.Job instance at 0x7f418bc51aa0>,8,16,[11  2],9,38,54,29,25
1,<environment.Job instance at 0x7f418bd0c8c0>,12,21,[1 5],13,38,59,25,30
1,<environment.Job instance at 0x7f418c01f960>,13,17,[ 1 14],14,59,76,45,47
1,<environment.Job instance at 0x7f418be96c30>,11,24,[5 2],12,76,100,64,71
1,<environment.Job instance at 0x7f418bd0c410>,16,12,[2 5],17,76,88,59,72
1,<environment.Job instance at 0x7f41d17f5dc0>,17,22,[4 8],18,87,109,69,87
1,<environment.Job instance at 0x7f418bd0cb90>,15,19,[11  3],16,100,119,84,90
1,<environment.Job instance at 0x7f41d17f5a50>,19,24,[6 2],20,119,143,99,114
1,<environment.Job instance at 0x7f41d17f5640>,20,13,[ 1 12],21,114,127,93,114
1,<environment.Job instance at 0x7f41d1cf0dc0>,21,16,[ 2 12],22,127,143,105,114
1,<environment.Job instance at 0x7f41d1cf05a0>,22,27,[ 3 11],23,143,170,120,141
1,<environment.Job instance at 0x7f41d1cf0230>,23,21,[ 3 13],24,170,191,146,162
1,<environment.Job instance at 0x7f41d1cf0eb0>,25,21,[ 4 14],26,191,212,165,183
1,<environment.Job instance at 0x7f41d1f13690>,18,12,[9 1],19,184,196,165,184
1,<environment.Job instance at 0x7f41d1cf0190>,26,13,[14  2],27,212,225,185,196
1,<environment.Job instance at 0x7f41d1cf06e0>,27,16,[ 4 14],28,225,241,197,216
1,<environment.Job instance at 0x7f41d1cf0b90>,29,14,[13  3],30,241,255,211,226
1,<environment.Job instance at 0x7f418bd0cd70>,14,25,[ 2 11],15,241,266,226,240
1,<environment.Job instance at 0x7f41d17f2690>,32,17,[ 3 11],33,266,283,233,255
1,<environment.Job instance at 0x7f418be45fa0>,0,27,[ 3 13],1,1,28,0,1
1,<environment.Job instance at 0x7f41d1bfb550>,2,18,[11  3],3,28,46,25,17
1,<environment.Job instance at 0x7f41d1f8e500>,9,15,[ 4 13],10,46,61,36,32
1,<environment.Job instance at 0x7f41d1f8e5f0>,11,25,[9 1],12,46,71,34,42
1,<environment.Job instance at 0x7f41d1f8eaf0>,12,17,[ 5 14],13,61,78,48,49
1,<environment.Job instance at 0x7f41d1f8e780>,13,14,[13  1],14,78,92,64,63
1,<environment.Job instance at 0x7f41d6b520a0>,3,27,[1 7],4,78,105,74,76
1,<environment.Job instance at 0x7f41d21b65f0>,15,15,[ 5 14],16,105,120,89,91
1,<environment.Job instance at 0x7f418c1688c0>,18,16,[12  4],19,120,136,101,107
1,<environment.Job instance at 0x7f41d16d1e60>,23,28,[14  2],24,136,164,112,135
1,<environment.Job instance at 0x7f41d1c44230>,25,13,[ 5 12],26,164,177,138,148
1,<environment.Job instance at 0x7f41d16d1370>,26,22,[ 5 14],27,177,199,150,170
1,<environment.Job instance at 0x7f41d1c73690>,27,26,[8 5],28,199,225,171,196
1,<environment.Job instance at 0x7f41d1ed5b40>,30,13,[13  5],31,225,238,194,209
1,<environment.Job instance at 0x7f41d1ed5f00>,31,14,[ 2 13],32,238,252,206,223
1,<environment.Job instance at 0x7f41d1ed5f50>,32,23,[ 3 14],33,252,275,219,246
1,<environment.Job instance at 0x7f41d1ed5500>,33,16,[13  3],34,275,291,241,262
1,<environment.Job instance at 0x7f41d2152190>,2,24,[ 2 14],3,4,28,1,4
1,<environment.Job instance at 0x7f41d1bfbf00>,4,19,[7 5],5,28,47,23,19
1,<environment.Job instance at 0x7f418c148140>,7,21,[4 5],8,28,49,20,20
1,<environment.Job instance at 0x7f418c0b5fa0>,9,18,[8 2],10,47,65,37,37
1,<environment.Job instance at 0x7f418bd90a50>,10,18,[ 2 14],11,65,83,54,54
1,<environment.Job instance at 0x7f418bd90140>,11,28,[4 5],12,83,111,71,82
1,<environment.Job instance at 0x7f41d1c39e60>,12,21,[8 4],13,83,104,70,82
1,<environment.Job instance at 0x7f418c065e60>,13,21,[13  5],14,111,132,97,103
1,<environment.Job instance at 0x7f418c065c30>,15,13,[13  4],16,132,145,116,116
1,<environment.Job instance at 0x7f41d1e23370>,17,16,[ 5 14],18,145,161,127,132
1,<environment.Job instance at 0x7f418c065050>,18,15,[7 4],19,161,176,142,147
1,<environment.Job instance at 0x7f418beb4d70>,19,14,[4 7],20,161,175,141,148
1,<environment.Job instance at 0x7f418beb49b0>,20,19,[5 2],21,175,194,154,165
1,<environment.Job instance at 0x7f418beb4280>,21,21,[12  1],22,194,215,172,188
1,<environment.Job instance at 0x7f418bf38e10>,23,16,[11  3],24,215,231,191,202
1,<environment.Job instance at 0x7f418bf38dc0>,25,18,[11  2],26,231,249,205,221
1,<environment.Job instance at 0x7f418c1ad230>,26,16,[ 4 13],27,231,247,204,224
1,<environment.Job instance at 0x7f418c1ad2d0>,27,17,[11  3],28,249,266,221,237
1,<environment.Job instance at 0x7f418c1ad370>,28,23,[11  2],29,266,289,237,263
1,<environment.Job instance at 0x7f418c1ad050>,29,18,[2 5],30,264,282,234,264
1,<environment.Job instance at 0x7f418c1ad0f0>,1,21,[9 5],2,2,23,0,2
1,<environment.Job instance at 0x7f41d16e1f00>,2,12,[ 4 14],3,23,35,20,8
1,<environment.Job instance at 0x7f418c1cccd0>,7,13,[ 5 12],8,35,48,27,19
1,<environment.Job instance at 0x7f418c1ad050>,4,18,[14  1],5,94,112,89,94
1,<environment.Job instance at 0x7f418b9ebcd0>,1,27,[10  3],2,5,32,3,5
1,<environment.Job instance at 0x7f41d1c39780>,2,25,[ 3 12],3,11,36,8,11
1,<environment.Job instance at 0x7f41d2332140>,0,17,[11  2],1,32,49,31,20
1,<environment.Job instance at 0x7f41d1e230f0>,7,26,[12  4],8,49,75,41,46
1,<environment.Job instance at 0x7f418b9f16e0>,8,23,[ 2 12],9,75,98,66,69
1,<environment.Job instance at 0x7f41d1aa6140>,11,13,[ 4 13],12,98,111,86,82
1,<environment.Job instance at 0x7f41d1826460>,13,24,[9 1],14,91,115,77,91
1,<environment.Job instance at 0x7f418bd35a00>,14,14,[ 2 13],15,111,125,96,97
1,<environment.Job instance at 0x7f418bd355a0>,16,14,[13  4],17,125,139,108,110
1,<environment.Job instance at 0x7f418bd359b0>,17,12,[11  3],18,139,151,121,127
1,<environment.Job instance at 0x7f41d16ec730>,18,22,[1 8],19,127,149,108,127
1,<environment.Job instance at 0x7f41d16ec780>,19,18,[ 2 13],20,151,169,131,140
1,<environment.Job instance at 0x7f41d16ec870>,20,16,[11  4],21,169,185,148,156
1,<environment.Job instance at 0x7f41d16ec910>,21,25,[ 2 12],22,185,210,163,181
1,<environment.Job instance at 0x7f41d16ecc80>,22,21,[9 3],23,186,207,163,186
1,<environment.Job instance at 0x7f41d16ec0f0>,23,26,[11  4],24,210,236,186,207
1,<environment.Job instance at 0x7f41d16ec5f0>,24,26,[ 1 10],25,213,239,188,213
1,<environment.Job instance at 0x7f41d16ecb90>,26,25,[5 3],27,236,261,209,232
1,<environment.Job instance at 0x7f41d16ec230>,27,21,[3 7],28,242,263,214,242
1,<environment.Job instance at 0x7f41d6e20190>,4,12,[ 4 14],5,263,275,258,246
1,<environment.Job instance at 0x7f41d6c55fa0>,1,26,[5 5],2,2,28,0,2
1,<environment.Job instance at 0x7f418bd744b0>,5,28,[10  4],6,9,37,3,9
1,<environment.Job instance at 0x7f418c207a50>,7,20,[4 9],8,28,48,20,19
1,<environment.Job instance at 0x7f41d1e23e60>,2,15,[ 5 14],3,48,63,45,34
1,<environment.Job instance at 0x7f418c1d1550>,11,18,[11  1],12,63,81,51,52
1,<environment.Job instance at 0x7f41d1c0fcd0>,13,27,[ 4 14],14,63,90,49,61
1,<environment.Job instance at 0x7f41d1eadf00>,16,24,[5 6],17,90,114,73,85
1,<environment.Job instance at 0x7f418bd35550>,18,22,[ 4 13],19,114,136,95,107
1,<environment.Job instance at 0x7f41d22ad140>,19,24,[ 1 10],20,136,160,116,131
1,<environment.Job instance at 0x7f41d22ad870>,21,25,[14  1],22,136,161,114,132
1,<environment.Job instance at 0x7f41d22adb90>,24,28,[5 7],25,161,189,136,160
1,<environment.Job instance at 0x7f41d18195a0>,25,28,[2 5],26,161,189,135,160
1,<environment.Job instance at 0x7f41d22add70>,26,28,[ 2 14],27,189,217,162,188
1,<environment.Job instance at 0x7f41d22ad2d0>,27,22,[9 4],28,217,239,189,210
1,<environment.Job instance at 0x7f41d2290c80>,28,28,[5 1],29,210,238,181,210
1,<environment.Job instance at 0x7f41d2290e60>,29,28,[1 9],30,217,245,187,216
1,<environment.Job instance at 0x7f418c1d1730>,12,12,[ 4 12],13,245,257,232,228
1,<environment.Job instance at 0x7f41d228f690>,36,23,[12  4],37,257,280,220,251
1,<environment.Job instance at 0x7f41d15da140>,37,12,[3 5],38,257,269,219,253
1,<environment.Job instance at 0x7f41d18c8500>,0,24,[9 1],1,1,25,0,1
1,<environment.Job instance at 0x7f41d18c8eb0>,1,16,[ 3 14],2,2,18,0,2
1,<environment.Job instance at 0x7f41d22adf50>,2,22,[1 8],3,18,40,15,11
1,<environment.Job instance at 0x7f41d6c99c80>,7,12,[ 2 12],8,40,52,32,23
1,<environment.Job instance at 0x7f418baeb460>,9,25,[5 1],10,23,48,13,23
1,<environment.Job instance at 0x7f418b90e370>,10,20,[2 5],11,52,72,41,43
1,<environment.Job instance at 0x7f418bbb9690>,11,21,[1 7],12,52,73,40,44
1,<environment.Job instance at 0x7f418baebeb0>,8,19,[9 2],9,48,67,39,44
1,<environment.Job instance at 0x7f418bbb91e0>,15,16,[12  1],16,67,83,51,54
1,<environment.Job instance at 0x7f41d6c7cb90>,16,14,[ 4 13],17,83,97,66,68
1,<environment.Job instance at 0x7f41d1902e10>,17,21,[12  4],18,97,118,79,89
1,<environment.Job instance at 0x7f418bf01190>,18,13,[ 4 12],19,118,131,99,102
1,<environment.Job instance at 0x7f41d15da140>,3,15,[3 7],4,102,117,98,102
1,<environment.Job instance at 0x7f41d1ed59b0>,19,15,[14  5],20,131,146,111,117
1,<environment.Job instance at 0x7f418bd2fb40>,22,23,[ 3 11],23,146,169,123,140
1,<environment.Job instance at 0x7f418bc721e0>,23,24,[ 4 14],24,169,193,145,164
1,<environment.Job instance at 0x7f41d1da19b0>,24,23,[9 5],25,193,216,168,187
1,<environment.Job instance at 0x7f418bbb90f0>,13,17,[ 3 12],14,216,233,202,204
1,<environment.Job instance at 0x7f41d2330640>,27,14,[ 1 11],28,233,247,205,227
1,<environment.Job instance at 0x7f418bf2f3c0>,28,24,[7 4],29,233,257,204,228
1,<environment.Job instance at 0x7f418bf2fb90>,29,14,[9 1],30,257,271,227,243
1,<environment.Job instance at 0x7f41d1dfe640>,30,15,[2 5],31,247,262,216,243
1,<environment.Job instance at 0x7f418bd2faf0>,25,13,[ 4 13],26,262,275,236,246
1,<environment.Job instance at 0x7f41d19f33c0>,0,17,[ 3 14],1,2,19,1,2
1,<environment.Job instance at 0x7f418c2071e0>,2,21,[2 6],3,19,40,16,11
1,<environment.Job instance at 0x7f41d19d7d20>,6,20,[9 3],7,19,39,12,11
1,<environment.Job instance at 0x7f41d19d7460>,7,23,[13  2],8,39,62,31,33
1,<environment.Job instance at 0x7f41d19d7cd0>,8,14,[12  4],9,62,76,53,50
1,<environment.Job instance at 0x7f41d19d7190>,9,25,[ 2 10],10,70,95,60,70
1,<environment.Job instance at 0x7f41d2046190>,3,22,[13  1],4,78,100,74,78
1,<environment.Job instance at 0x7f41d19d7050>,12,25,[14  2],13,177,202,164,177
1,<environment.Job instance at 0x7f41d19d7280>,10,24,[14  1],11,202,226,191,197
1,<environment.Job instance at 0x7f418b8c76e0>,14,28,[5 9],15,226,254,211,225
1,<environment.Job instance at 0x7f418b8c7780>,16,28,[12  1],17,254,282,237,253
1,<environment.Job instance at 0x7f418b8c7eb0>,17,22,[2 6],18,268,290,250,268
1,<environment.Job instance at 0x7f418b8c70a0>,20,20,[1 5],21,274,294,253,274
1,<environment.Job instance at 0x7f41d20464b0>,2,19,[11  4],3,4,23,1,4
1,<environment.Job instance at 0x7f418c207e60>,4,19,[13  1],5,23,42,18,13
1,<environment.Job instance at 0x7f41d20467d0>,0,22,[13  2],1,42,64,41,35
1,<environment.Job instance at 0x7f41d20465a0>,5,20,[ 5 11],6,64,84,58,57
1,<environment.Job instance at 0x7f41d19f31e0>,6,17,[ 3 14],7,85,102,78,85
1,<environment.Job instance at 0x7f418b82f910>,12,28,[1 5],13,106,134,93,106
1,<environment.Job instance at 0x7f41d19d7960>,8,18,[14  2],9,106,124,97,106
1,<environment.Job instance at 0x7f418b82f3c0>,15,25,[2 6],16,124,149,108,120
1,<environment.Job instance at 0x7f418b82ff00>,17,19,[12  2],18,124,143,106,120
1,<environment.Job instance at 0x7f418b82faa0>,14,17,[8 3],15,145,162,130,145
1,<environment.Job instance at 0x7f418b82f320>,19,23,[5 2],20,150,173,130,150
1,<environment.Job instance at 0x7f418b82fd20>,20,25,[11  4],21,173,198,152,169
1,<environment.Job instance at 0x7f418b82f0f0>,21,23,[ 3 10],22,169,192,147,169
1,<environment.Job instance at 0x7f418b82f410>,18,25,[3 5],19,192,217,173,188
1,<environment.Job instance at 0x7f41d1c48690>,23,21,[ 4 13],24,217,238,193,209
1,<environment.Job instance at 0x7f418b82f1e0>,22,14,[5 7],23,238,252,215,231
1,<environment.Job instance at 0x7f41d1c487d0>,25,28,[ 5 12],26,252,280,226,252
1,<environment.Job instance at 0x7f41d1c48aa0>,26,13,[ 3 12],27,280,293,253,272
1,<environment.Job instance at 0x7f41d2046aa0>,1,14,[ 5 14],2,3,17,1,3
1,<environment.Job instance at 0x7f41d1855140>,3,20,[11  1],4,17,37,13,8
1,<environment.Job instance at 0x7f41d1a328c0>,7,27,[3 7],8,17,44,9,15
1,<environment.Job instance at 0x7f41d1a32a50>,8,17,[14  4],9,44,61,35,32
1,<environment.Job instance at 0x7f41d1cc76e0>,11,25,[9 1],12,61,86,49,57
1,<environment.Job instance at 0x7f41d1cc7dc0>,12,19,[ 2 14],13,61,80,48,57
1,<environment.Job instance at 0x7f41d1826640>,13,17,[14  3],14,86,103,72,74
1,<environment.Job instance at 0x7f41d1826c30>,14,23,[ 1 13],15,103,126,88,97
1,<environment.Job instance at 0x7f41d18265f0>,15,25,[ 4 12],16,126,151,110,122
1,<environment.Job instance at 0x7f418bc1baf0>,16,23,[ 1 10],17,151,174,134,145
1,<environment.Job instance at 0x7f41d1ad1a00>,17,14,[ 1 11],18,174,188,156,159
1,<environment.Job instance at 0x7f41d1ad1780>,18,13,[ 2 11],19,188,201,169,172
1,<environment.Job instance at 0x7f41d199a410>,19,20,[ 1 11],20,201,221,181,192
1,<environment.Job instance at 0x7f41d1a55870>,20,14,[14  1],21,201,215,180,192
1,<environment.Job instance at 0x7f41d1ad1b90>,21,19,[ 3 11],22,221,240,199,211
1,<environment.Job instance at 0x7f41d1ad16e0>,22,17,[ 5 13],23,240,257,217,228
1,<environment.Job instance at 0x7f41d19d7690>,23,15,[14  4],24,257,272,233,243
1,<environment.Job instance at 0x7f41d19d76e0>,24,28,[4 5],25,272,300,247,271
1,<environment.Job instance at 0x7f41d19d7370>,25,19,[8 5],26,272,291,246,271
1,<environment.Job instance at 0x7f418bec8af0>,1,28,[ 4 13],2,2,30,0,2
1,<environment.Job instance at 0x7f418b824550>,0,16,[ 4 11],1,30,46,29,29
1,<environment.Job instance at 0x7f418b8243c0>,8,21,[14  2],9,46,67,37,39
1,<environment.Job instance at 0x7f418b8244b0>,9,13,[12  4],10,67,80,57,55
1,<environment.Job instance at 0x7f418b824cd0>,10,26,[14  5],11,80,106,69,77
1,<environment.Job instance at 0x7f418bd41dc0>,12,19,[ 2 13],13,106,125,93,96
1,<environment.Job instance at 0x7f418bd41be0>,13,24,[5 3],14,125,149,111,120
1,<environment.Job instance at 0x7f418b824320>,6,16,[ 5 11],7,125,141,118,121
1,<environment.Job instance at 0x7f418bd41f50>,19,17,[ 4 14],20,149,166,129,137
1,<environment.Job instance at 0x7f418b824410>,2,15,[ 5 14],3,166,181,163,153
1,<environment.Job instance at 0x7f41d1f2b9b0>,21,17,[12  4],22,181,198,159,171
1,<environment.Job instance at 0x7f41d1f2ba00>,22,14,[ 3 11],23,181,195,158,172
1,<environment.Job instance at 0x7f41d1f2bfa0>,24,24,[ 1 11],25,195,219,170,191
1,<environment.Job instance at 0x7f418b824730>,3,25,[13  4],4,198,223,194,197
1,<environment.Job instance at 0x7f41d1f2b140>,23,16,[ 4 13],24,223,239,199,210
1,<environment.Job instance at 0x7f418bd410a0>,15,13,[11  1],16,223,236,207,211
1,<environment.Job instance at 0x7f41d1f2b910>,27,15,[ 2 12],28,239,254,211,227
1,<environment.Job instance at 0x7f41d1f2b0f0>,30,26,[11  3],31,239,265,208,236
1,<environment.Job instance at 0x7f41d1f2b870>,25,17,[ 4 11],26,260,277,234,260
1,<environment.Job instance at 0x7f418ba37d70>,32,15,[13  2],33,277,292,244,269
1,<environment.Job instance at 0x7f418bec8370>,0,21,[2 6],1,1,22,0,1
1,<environment.Job instance at 0x7f418bec80f0>,1,15,[ 1 12],2,22,37,20,8
1,<environment.Job instance at 0x7f418bb0d460>,7,14,[ 1 12],8,37,51,29,22
1,<environment.Job instance at 0x7f418bb0d730>,8,20,[10  5],9,51,71,42,42
1,<environment.Job instance at 0x7f418bb0d280>,9,20,[8 1],10,71,91,61,62
1,<environment.Job instance at 0x7f418bc03fa0>,10,17,[ 2 12],11,71,88,60,62
1,<environment.Job instance at 0x7f418bc030a0>,11,28,[12  3],12,91,119,79,90
1,<environment.Job instance at 0x7f41d18689b0>,3,14,[1 7],4,93,107,89,93
1,<environment.Job instance at 0x7f418bc03410>,12,18,[11  5],13,119,137,106,108
1,<environment.Job instance at 0x7f418bc030f0>,16,26,[5 5],17,137,163,120,134
1,<environment.Job instance at 0x7f418bc03140>,17,28,[3 7],18,134,162,116,134
1,<environment.Job instance at 0x7f418bc03050>,18,21,[10  1],19,162,183,143,154
1,<environment.Job instance at 0x7f418bc03be0>,19,23,[ 2 10],20,163,186,143,157
1,<environment.Job instance at 0x7f418bbe0b40>,20,12,[13  5],21,183,195,162,171
1,<environment.Job instance at 0x7f418bbe04b0>,23,26,[ 3 11],24,195,221,171,192
1,<environment.Job instance at 0x7f418bbe0410>,24,18,[ 3 14],25,221,239,196,210
1,<environment.Job instance at 0x7f418bbe0c80>,25,15,[12  2],26,239,254,213,225
1,<environment.Job instance at 0x7f418bbe0eb0>,26,24,[ 5 14],27,254,278,227,249
1,<environment.Job instance at 0x7f418bbe09b0>,27,24,[ 1 13],28,278,302,250,273
1,<environment.Job instance at 0x7f8c53d93320>,1,24,[10  1],2,4,28,2,4
1,<environment.Job instance at 0x7f8c53e1ce10>,4,24,[7 2],5,28,52,23,23
1,<environment.Job instance at 0x7f8c4c984370>,7,26,[9 3],8,52,78,44,49
1,<environment.Job instance at 0x7f8c4c984550>,8,20,[ 4 13],9,78,98,69,69
1,<environment.Job instance at 0x7f8c4c984500>,9,16,[12  1],10,98,114,88,85
1,<environment.Job instance at 0x7f8c4c9846e0>,12,28,[ 1 14],13,98,126,85,97
1,<environment.Job instance at 0x7f8c4c984820>,14,15,[14  4],15,126,141,111,112
1,<environment.Job instance at 0x7f8c4c9848c0>,15,20,[ 3 12],16,141,161,125,132
1,<environment.Job instance at 0x7f8c4c984960>,16,28,[5 1],17,141,169,124,140
1,<environment.Job instance at 0x7f8c4c984a00>,17,19,[12  4],18,169,188,151,159
1,<environment.Job instance at 0x7f8c4c984aa0>,18,18,[13  1],19,188,206,169,177
1,<environment.Job instance at 0x7f8c4c984b40>,19,23,[8 4],20,206,229,186,200
1,<environment.Job instance at 0x7f8c4c984be0>,20,17,[ 2 14],21,229,246,208,217
1,<environment.Job instance at 0x7f8c4c984c80>,21,14,[ 4 11],22,246,260,224,231
1,<environment.Job instance at 0x7f8c4c984f00>,23,16,[12  2],24,260,276,236,247
1,<environment.Job instance at 0x7f8c4c984fa0>,24,20,[4 6],25,276,296,251,267
1,<environment.Job instance at 0x7f8c4c984e60>,25,24,[5 7],26,276,300,250,271
1,<environment.Job instance at 0x7f8c53f015a0>,0,17,[ 4 12],1,1,18,0,1
1,<environment.Job instance at 0x7f8c4c987190>,1,27,[ 4 11],2,18,45,16,16
1,<environment.Job instance at 0x7f8c53f01910>,6,27,[12  1],7,45,72,38,43
1,<environment.Job instance at 0x7f8c53f018c0>,7,20,[13  4],8,72,92,64,63
1,<environment.Job instance at 0x7f8c53f01870>,4,18,[13  5],5,92,110,87,83
1,<environment.Job instance at 0x7f8c53dbef00>,13,17,[5 1],14,110,127,96,102
1,<environment.Job instance at 0x7f8c53f01b90>,3,26,[5 2],4,110,136,106,107
1,<environment.Job instance at 0x7f8c53dbee60>,14,26,[4 7],15,110,136,95,107
1,<environment.Job instance at 0x7f8c53dbe460>,17,15,[14  4],18,136,151,118,122
1,<environment.Job instance at 0x7f8c53ef9c30>,9,14,[13  2],10,151,165,141,139
1,<environment.Job instance at 0x7f8c53dbb190>,22,23,[ 3 11],23,165,188,142,159
1,<environment.Job instance at 0x7f8c53dbb460>,23,14,[ 3 12],24,188,202,164,175
1,<environment.Job instance at 0x7f8c53dbe730>,15,17,[ 5 12],16,202,219,186,190
1,<environment.Job instance at 0x7f8c53dbb640>,25,26,[7 2],26,195,221,169,195
1,<environment.Job instance at 0x7f8c53dbb960>,24,15,[ 2 13],25,219,234,194,205
1,<environment.Job instance at 0x7f8c53dbb6e0>,27,21,[9 2],28,226,247,198,226
1,<environment.Job instance at 0x7f8c53dbbaa0>,30,24,[ 2 13],31,234,258,203,229
1,<environment.Job instance at 0x7f8c13970cd0>,31,28,[7 1],32,247,275,215,246
1,<environment.Job instance at 0x7f8c53dbb050>,32,12,[1 5],33,258,270,225,248
1,<environment.Job instance at 0x7f8c53dbbe60>,29,28,[3 8],30,261,289,231,261
1,<environment.Job instance at 0x7f8c53dbb820>,1,24,[7 2],2,2,26,0,2
1,<environment.Job instance at 0x7f8c08cbd370>,2,13,[ 5 11],3,14,27,11,14
1,<environment.Job instance at 0x7f8c08cbd050>,7,27,[6 1],8,26,53,18,24
1,<environment.Job instance at 0x7f8c08cbdf50>,8,27,[ 4 13],9,27,54,18,25
1,<environment.Job instance at 0x7f8c08cbdc30>,9,14,[12  3],10,54,68,44,39
1,<environment.Job instance at 0x7f8c08cbdaa0>,11,24,[6 2],12,68,92,56,63
1,<environment.Job instance at 0x7f8c08cbdb40>,6,13,[4 5],7,68,81,61,63
1,<environment.Job instance at 0x7f8c08cbd960>,4,12,[ 5 12],5,81,93,76,64
1,<environment.Job instance at 0x7f8c08d84780>,17,27,[5 1],18,92,119,74,90
1,<environment.Job instance at 0x7f8c08d84c30>,18,26,[ 2 13],19,93,119,74,90
1,<environment.Job instance at 0x7f8c08d84550>,15,27,[ 5 14],16,119,146,103,117
1,<environment.Job instance at 0x7f8c08d842d0>,20,27,[3 9],21,146,173,125,144
1,<environment.Job instance at 0x7f8c08d84050>,19,28,[14  4],20,173,201,153,172
1,<environment.Job instance at 0x7f8c08d84960>,21,20,[ 4 11],22,201,221,179,195
1,<environment.Job instance at 0x7f8c08d84d70>,23,17,[10  2],24,201,218,177,199
1,<environment.Job instance at 0x7f8c53dbbe60>,3,13,[14  1],4,221,234,217,206
1,<environment.Job instance at 0x7f8c08d84a50>,24,27,[1 5],25,224,251,199,224
1,<environment.Job instance at 0x7f8c08d845a0>,26,25,[11  3],27,234,259,207,231
1,<environment.Job instance at 0x7f8c08d84be0>,28,13,[6 4],29,259,272,230,243
1,<environment.Job instance at 0x7f8c08d84f00>,29,25,[ 3 13],30,272,297,242,270
1,<environment.Job instance at 0x7f8c08e3f140>,0,28,[8 2],1,1,29,0,1
1,<environment.Job instance at 0x7f8c08e3fc30>,3,27,[ 3 11],4,4,31,0,4
1,<environment.Job instance at 0x7f8c08d84eb0>,1,26,[14  3],2,31,57,29,28
1,<environment.Job instance at 0x7f8c4cd61b90>,7,23,[9 5],8,57,80,49,51
1,<environment.Job instance at 0x7f8c08d3ecd0>,6,21,[ 5 10],7,57,78,50,55
1,<environment.Job instance at 0x7f8c53189f50>,11,25,[12  5],12,80,105,68,76
1,<environment.Job instance at 0x7f8c09186b90>,12,24,[6 4],13,105,129,92,100
1,<environment.Job instance at 0x7f8c09186cd0>,13,19,[ 2 11],14,105,124,91,105
1,<environment.Job instance at 0x7f8c08d83640>,4,15,[ 3 13],5,129,144,124,122
1,<environment.Job instance at 0x7f8c09186d20>,15,13,[5 5],16,144,157,128,128
1,<environment.Job instance at 0x7f8c0903d8c0>,16,20,[7 1],17,128,148,111,128
1,<environment.Job instance at 0x7f8c0903d7d0>,18,26,[6 1],19,148,174,129,145
1,<environment.Job instance at 0x7f8c0903daa0>,19,28,[5 9],20,157,185,137,156
1,<environment.Job instance at 0x7f8c0903d1e0>,20,24,[4 8],21,185,209,164,180
1,<environment.Job instance at 0x7f8c0903dd70>,21,20,[5 5],22,180,200,158,180
1,<environment.Job instance at 0x7f8c0903df00>,22,23,[10  5],23,200,223,177,195
1,<environment.Job instance at 0x7f8c0903d190>,17,25,[4 9],18,216,241,198,216
1,<environment.Job instance at 0x7f8c08d8b1e0>,24,17,[12  4],25,241,258,216,230
1,<environment.Job instance at 0x7f8c0903d640>,23,24,[12  1],24,258,282,234,253
1,<environment.Job instance at 0x7f8c08d8b910>,27,19,[3 8],28,253,272,225,253
1,<environment.Job instance at 0x7f8c08d8b370>,28,17,[ 1 11],29,272,289,243,260
1,<environment.Job instance at 0x7f8c08d8b2d0>,29,13,[1 7],30,289,302,259,273
1,<environment.Job instance at 0x7f8c08d8b230>,30,19,[12  4],31,282,301,251,273
1,<environment.Job instance at 0x7f8c08be1190>,0,18,[11  2],1,2,20,1,2
1,<environment.Job instance at 0x7f8c08d8b640>,2,24,[14  5],3,20,44,17,15
1,<environment.Job instance at 0x7f8c08cda1e0>,6,14,[ 1 13],7,44,58,37,29
1,<environment.Job instance at 0x7f8c08cdaaa0>,7,16,[13  5],8,58,74,50,45
1,<environment.Job instance at 0x7f8c53f01d70>,8,25,[5 3],9,74,99,65,70
1,<environment.Job instance at 0x7f8c08d3e460>,10,22,[ 3 14],11,99,121,88,92
1,<environment.Job instance at 0x7f8c4cc1b5a0>,12,14,[13  1],13,121,135,108,106
1,<environment.Job instance at 0x7f8c091776e0>,13,27,[ 4 14],14,135,162,121,133
1,<environment.Job instance at 0x7f8c0908c410>,17,28,[13  5],18,162,190,144,161
1,<environment.Job instance at 0x7f8c08dbcd70>,18,23,[6 4],19,190,213,171,184
1,<environment.Job instance at 0x7f8c4c92b460>,19,21,[ 3 14],20,213,234,193,205
1,<environment.Job instance at 0x7f8c53f0cf50>,21,27,[5 5],22,234,261,212,232
1,<environment.Job instance at 0x7f8c091275a0>,23,25,[5 5],24,240,265,216,240
1,<environment.Job instance at 0x7f8c0925dcd0>,24,26,[12  3],25,265,291,240,262
1,<environment.Job instance at 0x7f8c08c21d70>,1,24,[2 6],2,2,26,0,2
1,<environment.Job instance at 0x7f8c08c21c30>,2,13,[ 5 12],3,26,39,23,10
1,<environment.Job instance at 0x7f8c08c21190>,7,25,[3 7],8,39,64,31,35
1,<environment.Job instance at 0x7f8c08c21f00>,9,22,[ 4 10],10,64,86,54,57
1,<environment.Job instance at 0x7f8c4cd61460>,11,17,[ 1 13],12,86,103,74,74
1,<environment.Job instance at 0x7f8c4cd61f50>,12,16,[ 1 13],13,103,119,90,90
1,<environment.Job instance at 0x7f8c4ce86c30>,13,28,[2 7],14,119,147,105,118
1,<environment.Job instance at 0x7f8c4ce86f50>,14,19,[3 6],15,119,138,104,118
1,<environment.Job instance at 0x7f8c4ce869b0>,15,25,[3 9],16,147,172,131,143
1,<environment.Job instance at 0x7f8c4ce86050>,17,13,[ 1 13],18,172,185,154,156
1,<environment.Job instance at 0x7f8c4ce86460>,18,28,[3 6],19,185,213,166,184
1,<environment.Job instance at 0x7f8c4ce86320>,19,12,[ 4 11],20,213,225,193,197
1,<environment.Job instance at 0x7f8c4ce86b90>,22,22,[ 5 12],23,225,247,202,218
1,<environment.Job instance at 0x7f8c08c21be0>,5,14,[11  2],6,247,261,241,239
1,<environment.Job instance at 0x7f8c08c21820>,3,20,[ 2 11],4,247,267,243,241
1,<environment.Job instance at 0x7f8c4ce86140>,23,17,[13  5],24,267,284,243,255
1,<environment.Job instance at 0x7f8c4ce86870>,30,14,[ 4 13],31,284,298,253,269
1,<environment.Job instance at 0x7f8c0925d9b0>,0,23,[2 9],1,1,24,0,1
1,<environment.Job instance at 0x7f8c4c834d70>,2,23,[8 3],3,3,26,0,3
1,<environment.Job instance at 0x7f8c536e1fa0>,3,13,[13  3],4,26,39,22,10
1,<environment.Job instance at 0x7f8c08d67410>,8,27,[10  4],9,39,66,30,37
1,<environment.Job instance at 0x7f8c08d670a0>,9,26,[5 5],10,39,65,29,39
1,<environment.Job instance at 0x7f8c08d67140>,11,19,[13  1],12,66,85,54,56
1,<environment.Job instance at 0x7f8c53337fa0>,7,24,[ 1 11],8,65,89,57,62
1,<environment.Job instance at 0x7f8c53337dc0>,6,15,[12  3],7,89,104,82,89
1,<environment.Job instance at 0x7f8c5398bcd0>,4,25,[ 1 14],5,116,141,111,116
1,<environment.Job instance at 0x7f8c4ce41140>,5,19,[13  1],6,116,135,110,116
1,<environment.Job instance at 0x7f8c08f93b40>,17,16,[5 2],18,141,157,123,128
1,<environment.Job instance at 0x7f8c4ce14690>,18,12,[6 4],19,141,153,122,128
1,<environment.Job instance at 0x7f8c08d671e0>,13,28,[ 4 11],14,164,192,150,164
1,<environment.Job instance at 0x7f8c5336a870>,19,17,[ 2 13],20,192,209,172,181
1,<environment.Job instance at 0x7f8c08f93370>,21,26,[7 1],22,181,207,159,181
1,<environment.Job instance at 0x7f8c0919d5f0>,22,22,[8 3],23,209,231,186,202
1,<environment.Job instance at 0x7f8c4c9f8c30>,20,13,[1 8],21,209,222,188,207
1,<environment.Job instance at 0x7f8c4ca09640>,24,18,[5 8],25,222,240,197,212
1,<environment.Job instance at 0x7f8c4c8ecd70>,23,15,[14  1],24,240,255,216,226
1,<environment.Job instance at 0x7f8c4ca096e0>,25,17,[14  2],26,264,281,238,264
1,<environment.Job instance at 0x7f8c08d8d5a0>,26,20,[11  4],27,281,301,254,272
1,<environment.Job instance at 0x7f8c4ca09a50>,1,26,[5 3],2,2,28,0,2
1,<environment.Job instance at 0x7f8c0925d550>,2,27,[13  5],3,28,55,25,26
1,<environment.Job instance at 0x7f8c0925daf0>,4,21,[ 4 11],5,55,76,50,49
1,<environment.Job instance at 0x7f8c532c4e60>,10,20,[12  3],11,76,96,65,71
1,<environment.Job instance at 0x7f8c533bad70>,11,17,[ 5 14],12,96,113,84,88
1,<environment.Job instance at 0x7f8c4cb15b40>,12,24,[8 5],13,113,137,100,109
1,<environment.Job instance at 0x7f8c08fa9dc0>,13,24,[5 1],14,123,147,109,123
1,<environment.Job instance at 0x7f8c08fa9050>,14,20,[5 3],15,137,157,122,130
1,<environment.Job instance at 0x7f8c4ca6eaf0>,15,16,[ 2 13],16,157,173,141,156
1,<environment.Job instance at 0x7f8c4ca09410>,3,28,[ 3 14],4,175,203,171,175
1,<environment.Job instance at 0x7f8c08e66b40>,7,26,[14  5],8,203,229,195,200
1,<environment.Job instance at 0x7f8c4ca6edc0>,18,25,[ 4 10],19,229,254,210,225
1,<environment.Job instance at 0x7f8c4ca6e870>,19,26,[3 6],20,254,280,234,251
1,<environment.Job instance at 0x7f8c4ca6e370>,21,14,[11  5],22,251,265,229,251
1,<environment.Job instance at 0x7f8c4ca6ef00>,22,24,[ 4 12],23,280,304,257,275
1,<environment.Job instance at 0x7f8c4c7a3af0>,0,19,[4 5],1,1,20,0,1
1,<environment.Job instance at 0x7f8c08eeeaf0>,1,14,[14  3],2,20,34,18,6
1,<environment.Job instance at 0x7f8c5322b4b0>,6,22,[7 2],7,34,56,27,27
1,<environment.Job instance at 0x7f8c5322b960>,8,23,[8 3],9,34,57,25,28
1,<environment.Job instance at 0x7f8c5322bd70>,10,25,[ 4 10],11,56,81,45,52
1,<environment.Job instance at 0x7f8c4c797910>,13,23,[1 5],14,57,80,43,52
1,<environment.Job instance at 0x7f8c4c7970a0>,14,18,[ 1 12],15,81,99,66,70
1,<environment.Job instance at 0x7f8c09333b40>,15,15,[ 3 13],16,99,114,83,85
1,<environment.Job instance at 0x7f8c08f7cbe0>,17,16,[13  1],18,114,130,96,101
1,<environment.Job instance at 0x7f8c08eeec80>,3,12,[ 5 12],4,130,142,126,115
1,<environment.Job instance at 0x7f8c0914fd20>,11,13,[9 3],12,130,143,118,115
1,<environment.Job instance at 0x7f8c08e59550>,21,19,[14  4],22,143,162,121,133
1,<environment.Job instance at 0x7f8c08d23af0>,25,23,[ 3 10],26,162,185,136,156
1,<environment.Job instance at 0x7f8c5338d550>,26,20,[10  4],27,162,182,135,156
1,<environment.Job instance at 0x7f8c4c9323c0>,27,23,[9 5],28,182,205,154,176
1,<environment.Job instance at 0x7f8c091a5eb0>,28,27,[ 5 12],29,205,232,176,203
1,<environment.Job instance at 0x7f8c091a5730>,29,21,[7 5],30,232,253,202,224
1,<environment.Job instance at 0x7f8c5338d190>,30,27,[ 3 13],31,253,280,222,251
1,<environment.Job instance at 0x7f8c4cd153c0>,32,18,[11  3],33,280,298,247,270
1,<environment.Job instance at 0x7f8c533ba3c0>,0,13,[11  3],1,10,23,9,10
1,<environment.Job instance at 0x7f8c0914faf0>,5,14,[ 1 13],6,23,37,17,10
1,<environment.Job instance at 0x7f8c535325f0>,6,17,[ 3 12],7,37,54,30,26
1,<environment.Job instance at 0x7f8c531ff9b0>,9,24,[11  1],10,32,56,22,32
1,<environment.Job instance at 0x7f8c0910c690>,10,23,[13  2],11,56,79,45,50
1,<environment.Job instance at 0x7f8c533ba1e0>,2,20,[13  3],3,79,99,76,70
1,<environment.Job instance at 0x7f8c5322b5f0>,1,22,[ 4 12],2,99,121,97,93
1,<environment.Job instance at 0x7f8c08f815a0>,7,26,[11  2],8,109,135,101,109
1,<environment.Job instance at 0x7f8c4cbbe640>,15,14,[11  2],16,135,149,119,124
1,<environment.Job instance at 0x7f8c0921f5f0>,16,15,[12  2],17,149,164,132,135
1,<environment.Job instance at 0x7f8c537c1640>,20,18,[14  1],21,164,182,143,154
1,<environment.Job instance at 0x7f8c53726870>,18,19,[14  2],19,182,201,163,174
1,<environment.Job instance at 0x7f8c537c1870>,19,20,[ 5 12],20,201,221,181,193
1,<environment.Job instance at 0x7f8c537c1320>,21,19,[ 2 14],22,221,240,199,215
1,<environment.Job instance at 0x7f8c5336e9b0>,24,19,[7 5],25,249,268,224,249
1,<environment.Job instance at 0x7f8c534e3050>,0,28,[5 5],1,1,29,0,1
1,<environment.Job instance at 0x7f8c0931e960>,1,21,[ 4 13],2,29,50,27,21
1,<environment.Job instance at 0x7f8c08f81820>,6,18,[13  2],7,50,68,43,39
1,<environment.Job instance at 0x7f8c08df4dc0>,7,27,[12  5],8,68,95,60,66
1,<environment.Job instance at 0x7f8c534e3f00>,5,19,[3 8],6,69,88,63,69
1,<environment.Job instance at 0x7f8c4c9327d0>,8,19,[11  4],9,95,114,86,85
1,<environment.Job instance at 0x7f8c533ba780>,11,21,[9 5],12,114,135,102,106
1,<environment.Job instance at 0x7f8c4c7f3aa0>,12,12,[ 4 14],13,135,147,122,118
1,<environment.Job instance at 0x7f8c5336e9b0>,2,15,[13  2],3,147,162,144,139
1,<environment.Job instance at 0x7f8c4c7dc230>,9,22,[ 2 11],10,154,176,144,154
1,<environment.Job instance at 0x7f8c538e9280>,16,15,[12  1],17,162,177,145,158
1,<environment.Job instance at 0x7f8c538e9e10>,17,13,[ 5 12],18,177,190,159,167
1,<environment.Job instance at 0x7f8c531ff820>,3,23,[ 5 11],4,190,213,186,188
1,<environment.Job instance at 0x7f8c08fdd960>,19,17,[10  4],20,193,210,173,193
1,<environment.Job instance at 0x7f8c08fdda00>,20,15,[ 5 11],21,213,228,192,202
1,<environment.Job instance at 0x7f8c08fddb40>,22,28,[9 4],23,211,239,188,211
1,<environment.Job instance at 0x7f8c08fdddc0>,23,16,[3 5],24,228,244,204,215
1,<environment.Job instance at 0x7f8c08fddd70>,24,27,[ 3 13],25,262,289,237,262
1,<environment.Job instance at 0x7f8c08fddf00>,25,23,[6 2],26,263,286,237,263
1,<environment.Job instance at 0x7f8c08e5efa0>,1,27,[10  3],2,3,30,1,3
1,<environment.Job instance at 0x7f8c4c7f30f0>,3,13,[14  2],4,30,43,26,18
1,<environment.Job instance at 0x7f8c4c7f3c80>,5,26,[14  4],6,46,72,40,46
1,<environment.Job instance at 0x7f8c08f5d140>,4,12,[ 4 14],5,72,84,67,66
1,<environment.Job instance at 0x7f8c08e8df50>,8,23,[ 2 12],9,84,107,75,78
1,<environment.Job instance at 0x7f8c08ff9dc0>,2,25,[ 3 12],3,107,132,104,105
1,<environment.Job instance at 0x7f8c08e5ee10>,0,17,[11  2],1,115,132,114,115
1,<environment.Job instance at 0x7f8c08e8d140>,11,13,[ 4 13],12,132,145,120,125
1,<environment.Job instance at 0x7f8c08e8d910>,13,24,[9 1],14,132,156,118,127
1,<environment.Job instance at 0x7f8c09021910>,16,14,[13  4],17,156,170,139,141
1,<environment.Job instance at 0x7f8c533bafa0>,18,22,[1 8],19,145,167,126,141
1,<environment.Job instance at 0x7f8c09021820>,14,14,[ 2 13],15,170,184,155,157
1,<environment.Job instance at 0x7f8c533ba730>,19,18,[ 2 13],20,184,202,164,173
1,<environment.Job instance at 0x7f8c533ba280>,20,16,[11  4],21,204,220,183,204
1,<environment.Job instance at 0x7f8c53726870>,22,21,[9 3],23,220,241,197,213
1,<environment.Job instance at 0x7f8c53726aa0>,23,26,[11  4],24,252,278,228,252
1,<environment.Job instance at 0x7f8c537260f0>,24,26,[ 1 10],25,255,281,230,255
1,<environment.Job instance at 0x7f8c533babe0>,21,25,[ 2 12],22,281,306,259,277
1,<environment.Job instance at 0x7f8c4c7f3fa0>,0,21,[8 3],1,1,22,0,1
1,<environment.Job instance at 0x7f8c4c7f3910>,2,12,[ 4 12],3,4,16,1,4
1,<environment.Job instance at 0x7f8c4c7f3370>,1,18,[11  1],2,22,40,20,11
1,<environment.Job instance at 0x7f8c4c894d70>,7,15,[4 9],8,16,31,8,11
1,<environment.Job instance at 0x7f8c4c9ec410>,8,22,[ 4 13],9,31,53,22,24
1,<environment.Job instance at 0x7f8c536fb500>,11,25,[14  1],12,53,78,41,49
1,<environment.Job instance at 0x7f8c536fbcd0>,14,28,[5 7],15,78,106,63,77
1,<environment.Job instance at 0x7f8c536fbaa0>,16,28,[ 2 14],17,106,134,89,105
1,<environment.Job instance at 0x7f8c5372e730>,9,24,[ 1 10],10,134,158,124,132
1,<environment.Job instance at 0x7f8c536fb5f0>,17,22,[9 4],18,144,166,126,144
1,<environment.Job instance at 0x7f8c536fb870>,18,28,[5 1],19,144,172,125,144
1,<environment.Job instance at 0x7f8c536fbe10>,19,28,[1 9],20,158,186,138,157
1,<environment.Job instance at 0x7f8c536fb280>,21,18,[6 5],22,166,184,144,159
1,<environment.Job instance at 0x7f8c5319e9b0>,28,22,[ 3 14],29,186,208,157,179
1,<environment.Job instance at 0x7f8c5319e640>,30,28,[5 5],31,208,236,177,207
1,<environment.Job instance at 0x7f8c536fbfa0>,25,16,[5 8],26,209,225,183,209
1,<environment.Job instance at 0x7f8c536fbf00>,26,23,[12  4],27,236,259,209,232
1,<environment.Job instance at 0x7f8c5319e8c0>,31,24,[10  1],32,259,283,227,254
1,<environment.Job instance at 0x7f8c53775e10>,0,22,[3 9],1,1,23,0,1
1,<environment.Job instance at 0x7f8c08ca8e10>,2,23,[ 3 11],3,23,46,20,17
1,<environment.Job instance at 0x7f8c08e5e820>,7,14,[ 1 11],8,46,60,38,31
1,<environment.Job instance at 0x7f8c533ba410>,8,24,[7 4],9,44,68,35,44
1,<environment.Job instance at 0x7f8c08f41d70>,11,26,[12  5],12,68,94,56,65
1,<environment.Job instance at 0x7f8c08f41b90>,12,28,[13  1],13,94,122,81,93
1,<environment.Job instance at 0x7f8c4c802b40>,13,22,[ 5 14],14,122,144,108,115
1,<environment.Job instance at 0x7f8c4c8b0dc0>,14,20,[ 4 12],15,144,164,129,135
1,<environment.Job instance at 0x7f8c536fba00>,4,23,[9 5],5,164,187,159,158
1,<environment.Job instance at 0x7f8c4c8b0c30>,15,24,[10  4],16,187,211,171,182
1,<environment.Job instance at 0x7f8c536fbaf0>,3,24,[ 4 14],4,211,235,207,206
1,<environment.Job instance at 0x7f8c5353bb90>,18,25,[6 2],19,235,260,216,231
1,<environment.Job instance at 0x7f8c4ce34c80>,20,21,[4 7],21,235,256,214,231
1,<environment.Job instance at 0x7f8c091f6a50>,25,15,[ 4 11],26,256,271,230,244
1,<environment.Job instance at 0x7f8c091f6960>,26,26,[6 2],27,260,286,233,257
1,<environment.Job instance at 0x7f8c091f6870>,27,23,[8 1],28,271,294,243,265
1,<environment.Job instance at 0x7f8c08f41cd0>,0,13,[ 3 14],1,1,14,0,1
1,<environment.Job instance at 0x7f8c091f68c0>,1,21,[ 5 14],2,14,35,12,6
1,<environment.Job instance at 0x7f8c08f414b0>,7,17,[12  2],8,35,52,27,23
1,<environment.Job instance at 0x7f8c4c7f70f0>,8,24,[4 8],9,52,76,43,47
1,<environment.Job instance at 0x7f8c4c7f75a0>,9,22,[3 7],10,47,69,37,47
1,<environment.Job instance at 0x7f8c53270140>,10,21,[5 3],11,69,90,58,61
1,<environment.Job instance at 0x7f8c0931cbe0>,11,21,[1 7],12,76,97,64,68
1,<environment.Job instance at 0x7f8c533ba9b0>,3,18,[7 1],4,76,94,72,69
1,<environment.Job instance at 0x7f8c4cea5230>,2,20,[3 5],3,90,110,87,81
1,<environment.Job instance at 0x7f8c53270640>,13,17,[14  5],14,110,127,96,98
1,<environment.Job instance at 0x7f8c5326b1e0>,19,12,[ 1 13],20,127,139,107,110
1,<environment.Job instance at 0x7f8c532d65a0>,20,14,[11  1],21,127,141,106,112
1,<environment.Job instance at 0x7f8c532d6fa0>,21,21,[14  1],22,141,162,119,133
1,<environment.Job instance at 0x7f8c4cba9320>,22,24,[5 5],23,162,186,139,157
1,<environment.Job instance at 0x7f8c4cba9c80>,23,15,[ 4 11],24,186,201,162,172
1,<environment.Job instance at 0x7f8c4cba9c30>,24,22,[14  4],25,201,223,176,194
1,<environment.Job instance at 0x7f8c4cba9dc0>,25,22,[5 1],26,223,245,197,216
1,<environment.Job instance at 0x7f8c4cba91e0>,26,23,[12  1],27,245,268,218,239
1,<environment.Job instance at 0x7f8c4cba9500>,27,28,[3 8],28,239,267,211,239
1,<environment.Job instance at 0x7f8c4cba9e60>,28,16,[ 4 14],29,268,284,239,255
1,<environment.Job instance at 0x7f8c536fb780>,0,27,[12  5],1,1,28,0,1
1,<environment.Job instance at 0x7f8c4c7f73c0>,1,17,[ 5 12],2,28,45,26,16
1,<environment.Job instance at 0x7f8c535df190>,8,27,[ 1 10],9,45,72,36,43
1,<environment.Job instance at 0x7f8c535df230>,9,14,[13  4],10,46,60,36,46
1,<environment.Job instance at 0x7f8c08a17410>,10,20,[ 5 12],11,72,92,61,63
1,<environment.Job instance at 0x7f8c4cbea9b0>,11,24,[9 4],12,92,116,80,87
1,<environment.Job instance at 0x7f8c4cbeaaf0>,12,26,[5 5],13,92,118,79,89
1,<environment.Job instance at 0x7f8c4cbea230>,15,20,[4 6],16,116,136,100,107
1,<environment.Job instance at 0x7f8c08f779b0>,4,14,[11  1],5,118,132,113,109
1,<environment.Job instance at 0x7f8c4cbeaeb0>,16,18,[12  1],17,136,154,119,125
1,<environment.Job instance at 0x7f8c4cbea370>,17,14,[ 4 14],18,154,168,136,139
1,<environment.Job instance at 0x7f8c4cbea190>,19,23,[9 1],20,154,177,134,148
1,<environment.Job instance at 0x7f8c08a17550>,6,14,[13  4],7,177,191,170,168
1,<environment.Job instance at 0x7f8c08ddc460>,21,15,[14  4],22,191,206,169,177
1,<environment.Job instance at 0x7f8c08ddce60>,25,16,[12  2],26,206,222,180,193
1,<environment.Job instance at 0x7f8c08ddc640>,26,13,[ 4 14],27,222,235,195,206
1,<environment.Job instance at 0x7f8c08ddcc80>,28,21,[5 5],29,235,256,206,227
1,<environment.Job instance at 0x7f8c08ddcb90>,20,12,[13  2],21,256,268,235,240
1,<environment.Job instance at 0x7f8c08e18b40>,29,13,[14  3],30,268,281,238,256
1,<environment.Job instance at 0x7f8c535df730>,0,23,[2 7],1,1,24,0,1
1,<environment.Job instance at 0x7f8c08e18b40>,2,17,[10  5],3,7,24,4,7
1,<environment.Job instance at 0x7f8c08e187d0>,1,19,[14  5],2,24,43,22,14
1,<environment.Job instance at 0x7f8c08964fa0>,9,26,[11  5],10,43,69,33,40
1,<environment.Job instance at 0x7f8c535df5f0>,6,13,[14  2],7,69,82,62,60
1,<environment.Job instance at 0x7f8c08a17280>,3,20,[ 4 13],4,82,102,78,74
1,<environment.Job instance at 0x7f8c08ddc0a0>,10,21,[13  3],11,102,123,91,94
1,<environment.Job instance at 0x7f8c4c9ecf00>,15,16,[2 6],16,102,118,86,98
1,<environment.Job instance at 0x7f8c08f39870>,16,20,[ 4 13],17,123,143,106,117
1,<environment.Job instance at 0x7f8c08ddc0f0>,12,24,[8 1],13,134,158,121,134
1,<environment.Job instance at 0x7f8c08f56870>,18,26,[5 1],19,144,170,125,144
1,<environment.Job instance at 0x7f8c08f39c30>,17,12,[14  3],18,170,182,152,153
1,<environment.Job instance at 0x7f8c08f56e10>,20,14,[5 6],21,182,196,161,170
1,<environment.Job instance at 0x7f8c08f56640>,21,22,[13  4],22,198,220,176,198
1,<environment.Job instance at 0x7f8c0906a640>,22,24,[1 8],23,202,226,179,202
1,<environment.Job instance at 0x7f8c0904f0f0>,19,21,[13  1],20,220,241,200,217
1,<environment.Job instance at 0x7f8c0906aa00>,24,13,[6 4],25,241,254,216,228
1,<environment.Job instance at 0x7f8c0906af50>,26,12,[5 1],27,241,253,214,230
1,<environment.Job instance at 0x7f8c0906a960>,23,20,[ 5 10],24,253,273,229,244
1,<environment.Job instance at 0x7f8c0906ad20>,28,19,[8 2],29,254,273,225,245
1,<environment.Job instance at 0x7f8c08e29230>,14,14,[ 3 14],15,273,287,258,264
1,<environment.Job instance at 0x7f8c08e29780>,0,25,[ 1 11],1,1,26,0,1
1,<environment.Job instance at 0x7f8c4cafe870>,1,14,[12  4],2,6,20,4,6
1,<environment.Job instance at 0x7f8c08970960>,6,24,[11  4],7,20,44,13,15
1,<environment.Job instance at 0x7f8c08970a50>,7,21,[10  3],8,44,65,36,36
1,<environment.Job instance at 0x7f8c0906e500>,9,13,[12  1],10,65,78,55,49
1,<environment.Job instance at 0x7f8c0906ee10>,11,26,[9 5],12,78,104,66,75
1,<environment.Job instance at 0x7f8c53571eb0>,3,19,[2 8],4,77,96,73,77
1,<environment.Job instance at 0x7f8c539923c0>,12,18,[13  5],13,104,122,91,94
1,<environment.Job instance at 0x7f8c532054b0>,19,24,[8 1],20,122,146,102,117
1,<environment.Job instance at 0x7f8c091a0870>,2,12,[9 4],3,146,158,143,129
1,<environment.Job instance at 0x7f8c089704b0>,5,12,[ 3 14],6,132,144,126,132
1,<environment.Job instance at 0x7f8c53992a00>,14,17,[12  3],15,158,175,143,154
1,<environment.Job instance at 0x7f8c4c9ec410>,0,24,[3 7],1,1,25,0,1
1,<environment.Job instance at 0x7f8c4caef780>,7,26,[11  4],8,8,34,0,8
1,<environment.Job instance at 0x7f8c4c9ecf50>,2,13,[14  3],3,34,47,31,22
1,<environment.Job instance at 0x7f8c536d7820>,11,27,[5 2],12,47,74,35,45
1,<environment.Job instance at 0x7f8c536d7e10>,13,21,[ 3 11],14,47,68,33,45
1,<environment.Job instance at 0x7f8c08957910>,15,12,[ 1 13],16,68,80,52,51
1,<environment.Job instance at 0x7f8c08957410>,17,22,[9 3],18,80,102,62,73
1,<environment.Job instance at 0x7f8c4caef870>,4,22,[ 5 11],5,80,102,75,73
1,<environment.Job instance at 0x7f8c08957640>,18,28,[ 1 13],19,102,130,83,101
1,<environment.Job instance at 0x7f8c08957cd0>,21,15,[13  5],22,130,145,108,116
1,<environment.Job instance at 0x7f8c53992a00>,3,17,[7 1],4,145,162,141,135
1,<environment.Job instance at 0x7f8c08957e60>,27,18,[ 1 13],28,145,163,117,141
1,<environment.Job instance at 0x7f8c08957a00>,23,14,[11  1],24,162,176,138,147
1,<environment.Job instance at 0x7f8c08957960>,29,26,[ 2 12],30,163,189,133,160
1,<environment.Job instance at 0x7f8c0919c1e0>,32,19,[ 2 13],33,189,208,156,179
1,<environment.Job instance at 0x7f8c0919c370>,33,28,[ 5 10],34,208,236,174,207
1,<environment.Job instance at 0x7f8c08957730>,28,14,[5 5],29,209,223,180,209
1,<environment.Job instance at 0x7f8c0919c410>,35,26,[9 1],36,223,249,187,222
1,<environment.Job instance at 0x7f8c08957820>,25,19,[12  3],26,249,268,223,245
1,<environment.Job instance at 0x7f8c0919cc30>,37,13,[14  2],38,268,281,230,253
1,<environment.Job instance at 0x7f8c5336e140>,0,12,[12  2],1,1,13,0,1
1,<environment.Job instance at 0x7f8c535ad3c0>,4,17,[1 7],5,6,23,1,6
1,<environment.Job instance at 0x7f8c53652e10>,6,13,[ 4 13],7,23,36,16,7
1,<environment.Job instance at 0x7f8c5336e5a0>,2,23,[14  2],3,36,59,33,30
1,<environment.Job instance at 0x7f8c5339ea50>,7,15,[1 9],8,36,51,28,33
1,<environment.Job instance at 0x7f8c536522d0>,9,14,[14  1],10,59,73,49,44
1,<environment.Job instance at 0x7f8c5339e730>,5,19,[ 4 14],6,73,92,67,64
1,<environment.Job instance at 0x7f8c4ce3ceb0>,10,17,[13  2],11,92,109,81,81
1,<environment.Job instance at 0x7f8c08de26e0>,17,12,[ 5 14],18,109,121,91,108
1,<environment.Job instance at 0x7f8c53304fa0>,20,19,[8 1],21,109,128,88,108
1,<environment.Job instance at 0x7f8c53911d70>,21,23,[12  3],22,128,151,106,122
1,<environment.Job instance at 0x7f8c08de2cd0>,16,28,[12  2],17,151,179,134,151
1,<environment.Job instance at 0x7f8c53911280>,23,21,[12  2],24,179,200,155,171
1,<environment.Job instance at 0x7f8c08e5e780>,25,14,[ 1 11],26,180,194,154,180
1,<environment.Job instance at 0x7f8c088f1c80>,27,15,[12  3],28,200,215,172,186
1,<environment.Job instance at 0x7f8c09258050>,28,16,[14  3],29,215,231,186,205
1,<environment.Job instance at 0x7f8c09258e10>,31,16,[ 4 13],32,231,247,199,219
1,<environment.Job instance at 0x7f8c092580f0>,33,17,[ 4 11],34,247,264,213,235
1,<environment.Job instance at 0x7f8c09258370>,34,24,[6 4],35,247,271,212,244
1,<environment.Job instance at 0x7f8c09258f50>,35,24,[2 5],36,264,288,228,259
1,<environment.Job instance at 0x7f8c4cdb1d70>,36,23,[11  4],37,271,294,234,265
1,<environment.Job instance at 0x7f172772c320>,1,24,[10  1],2,4,28,2,4
1,<environment.Job instance at 0x7f17277b36e0>,4,24,[7 2],5,28,52,23,23
1,<environment.Job instance at 0x7f172231c2d0>,7,26,[9 3],8,52,78,44,49
1,<environment.Job instance at 0x7f172231c460>,8,20,[ 4 13],9,78,98,69,69
1,<environment.Job instance at 0x7f172231c500>,9,16,[12  1],10,98,114,88,85
1,<environment.Job instance at 0x7f172231c6e0>,12,28,[ 1 14],13,98,126,85,97
1,<environment.Job instance at 0x7f172231c820>,14,15,[14  4],15,126,141,111,112
1,<environment.Job instance at 0x7f172231c8c0>,15,20,[ 3 12],16,141,161,125,132
1,<environment.Job instance at 0x7f172231c960>,16,28,[5 1],17,141,169,124,140
1,<environment.Job instance at 0x7f172231ca00>,17,19,[12  4],18,169,188,151,159
1,<environment.Job instance at 0x7f172231caa0>,18,18,[13  1],19,188,206,169,177
1,<environment.Job instance at 0x7f172231cb40>,19,23,[8 4],20,206,229,186,200
1,<environment.Job instance at 0x7f172772c140>,2,20,[7 4],3,206,226,203,206
1,<environment.Job instance at 0x7f172231cbe0>,20,17,[ 2 14],21,229,246,208,217
1,<environment.Job instance at 0x7f172231ce60>,23,16,[12  2],24,246,262,222,233
1,<environment.Job instance at 0x7f172231cfa0>,24,20,[4 6],25,262,282,237,253
1,<environment.Job instance at 0x7f172231cf50>,25,24,[5 7],26,262,286,236,261
1,<environment.Job instance at 0x7f172231f320>,27,17,[ 4 12],28,286,303,258,274
1,<environment.Job instance at 0x7f17223d5690>,0,21,[5 4],1,1,22,0,1
1,<environment.Job instance at 0x7f172231f230>,1,27,[13  4],2,22,49,20,20
1,<environment.Job instance at 0x7f1727892be0>,7,15,[14  4],8,49,64,41,37
1,<environment.Job instance at 0x7f1727892a00>,10,24,[6 5],11,64,88,53,59
1,<environment.Job instance at 0x7f1727757f00>,12,23,[ 3 11],13,88,111,75,82
1,<environment.Job instance at 0x7f1727757e60>,13,14,[ 3 12],14,111,125,97,96
1,<environment.Job instance at 0x7f1727757730>,14,15,[ 2 13],15,125,140,110,111
1,<environment.Job instance at 0x7f1727757460>,15,26,[7 2],16,111,137,95,111
1,<environment.Job instance at 0x7f17277574b0>,16,20,[13  4],17,140,160,123,131
1,<environment.Job instance at 0x7f1727754eb0>,17,21,[9 2],18,160,181,142,152
1,<environment.Job instance at 0x7f172789a910>,5,17,[ 5 12],6,160,177,154,154
1,<environment.Job instance at 0x7f17277547d0>,19,28,[3 8],20,177,205,157,176
1,<environment.Job instance at 0x7f1727754190>,21,28,[7 1],22,181,209,159,180
1,<environment.Job instance at 0x7f1727754320>,22,12,[1 5],23,207,219,184,207
1,<environment.Job instance at 0x7f17277548c0>,24,26,[12  4],25,209,235,184,207
1,<environment.Job instance at 0x7f1727754a50>,23,27,[9 2],24,235,262,211,233
1,<environment.Job instance at 0x7f172789a5f0>,4,26,[4 7],5,235,261,230,233
1,<environment.Job instance at 0x7f1727754230>,28,24,[12  5],29,262,286,233,257
1,<environment.Job instance at 0x7f16dc8581e0>,0,27,[3 9],1,1,28,0,1
1,<environment.Job instance at 0x7f17277541e0>,1,20,[ 4 11],2,28,48,26,19
1,<environment.Job instance at 0x7f16dc7a9d70>,3,17,[10  2],4,22,39,18,22
1,<environment.Job instance at 0x7f16dc62d230>,6,25,[11  3],7,39,64,32,35
1,<environment.Job instance at 0x7f16dc62daf0>,9,25,[ 3 13],10,64,89,54,60
1,<environment.Job instance at 0x7f16dc62dc80>,12,13,[14  2],13,89,102,76,73
1,<environment.Job instance at 0x7f172770e550>,2,15,[14  1],3,102,117,99,102
1,<environment.Job instance at 0x7f16dc62d2d0>,13,13,[ 5 11],14,117,130,103,111
1,<environment.Job instance at 0x7f16dc62d870>,16,22,[7 5],17,130,152,113,123
1,<environment.Job instance at 0x7f16dc62dcd0>,8,13,[6 4],9,128,141,119,128
1,<environment.Job instance at 0x7f16dc62d320>,18,17,[8 4],19,141,158,122,129
1,<environment.Job instance at 0x7f16dc62d7d0>,17,20,[5 8],18,152,172,134,143
1,<environment.Job instance at 0x7f16dc62df00>,19,15,[3 6],20,158,173,138,146
1,<environment.Job instance at 0x7f16dc62db40>,20,20,[11  2],21,172,192,151,163
1,<environment.Job instance at 0x7f16dc62d820>,23,20,[ 4 10],24,177,197,153,177
1,<environment.Job instance at 0x7f16dc62d1e0>,25,23,[3 6],26,197,220,171,191
1,<environment.Job instance at 0x7f172789a190>,5,26,[11  3],6,192,218,186,191
1,<environment.Job instance at 0x7f16dc62d050>,24,15,[11  2],25,218,233,193,206
1,<environment.Job instance at 0x7f16dc62d500>,27,28,[ 3 11],28,221,249,193,221
1,<environment.Job instance at 0x7f16dc62df50>,10,19,[11  3],11,233,252,222,226
1,<environment.Job instance at 0x7f16dc69e870>,32,26,[ 4 12],33,249,275,216,246
1,<environment.Job instance at 0x7f16dc69e640>,33,24,[ 5 13],34,275,299,241,270
1,<environment.Job instance at 0x7f16dc6105f0>,0,19,[12  4],1,2,21,1,2
1,<environment.Job instance at 0x7f17221af730>,5,28,[ 3 11],6,6,34,0,6
1,<environment.Job instance at 0x7f17221af230>,4,16,[ 2 11],5,34,50,29,21
1,<environment.Job instance at 0x7f16dcab0f50>,8,16,[14  5],9,50,66,41,37
1,<environment.Job instance at 0x7f16dca8b730>,13,15,[11  2],14,66,81,52,52
1,<environment.Job instance at 0x7f16dca8b0f0>,14,13,[ 1 12],15,66,79,51,60
1,<environment.Job instance at 0x7f16dca8bf50>,16,28,[5 7],17,81,109,64,80
1,<environment.Job instance at 0x7f16dca8b190>,17,16,[ 4 11],18,109,125,91,96
1,<environment.Job instance at 0x7f16dca8bcd0>,18,17,[13  3],19,125,142,106,113
1,<environment.Job instance at 0x7f16dca8b910>,19,22,[ 3 11],20,142,164,122,135
1,<environment.Job instance at 0x7f16dca8b780>,20,20,[4 9],21,164,184,143,155
1,<environment.Job instance at 0x7f16dca8bdc0>,21,13,[ 5 12],22,184,197,162,168
1,<environment.Job instance at 0x7f16dca8be60>,22,23,[ 5 11],23,197,220,174,191
1,<environment.Job instance at 0x7f16dca8b370>,23,27,[12  4],24,220,247,196,218
1,<environment.Job instance at 0x7f16dc6fd640>,24,13,[12  4],25,247,260,222,231
1,<environment.Job instance at 0x7f16dc6fdf50>,25,23,[9 4],26,260,283,234,254
1,<environment.Job instance at 0x7f16dc6fd910>,26,13,[ 3 14],27,283,296,256,267
1,<environment.Job instance at 0x7f16dca63be0>,1,26,[ 5 14],2,2,28,0,2
1,<environment.Job instance at 0x7f16dcab0320>,2,26,[ 2 13],3,28,54,25,25
1,<environment.Job instance at 0x7f16dc9e0410>,7,17,[ 4 13],8,54,71,46,42
1,<environment.Job instance at 0x7f16dc700820>,10,27,[13  4],11,71,98,60,69
1,<environment.Job instance at 0x7f172230de10>,13,13,[1 6],14,78,91,64,78
1,<environment.Job instance at 0x7f16dca84050>,12,13,[14  2],13,98,111,85,86
1,<environment.Job instance at 0x7f16dcc54af0>,18,26,[14  2],19,111,137,92,108
1,<environment.Job instance at 0x7f16dca0c4b0>,19,25,[13  4],20,137,162,117,133
1,<environment.Job instance at 0x7f16dca0c5f0>,21,26,[ 3 14],22,162,188,140,159
1,<environment.Job instance at 0x7f16dc701870>,14,24,[10  1],15,162,186,147,161
1,<environment.Job instance at 0x7f16dca0c730>,23,16,[12  2],24,188,204,164,175
1,<environment.Job instance at 0x7f16dca0c280>,26,19,[ 4 12],27,204,223,177,194
1,<environment.Job instance at 0x7f16dca0c820>,27,16,[ 1 13],28,223,239,195,210
1,<environment.Job instance at 0x7f16dca0c9b0>,29,21,[1 7],30,239,260,209,231
1,<environment.Job instance at 0x7f16dca0cb90>,32,17,[ 2 12],33,260,277,227,248
1,<environment.Job instance at 0x7f16dc700190>,0,18,[ 4 11],1,1,19,0,1
1,<environment.Job instance at 0x7f16dc610190>,1,18,[ 3 12],2,19,37,17,8
1,<environment.Job instance at 0x7f16dc9b10a0>,6,14,[13  4],7,37,51,30,22
1,<environment.Job instance at 0x7f16dc9b1d70>,7,15,[13  3],8,51,66,43,37
1,<environment.Job instance at 0x7f16dc9b10f0>,8,12,[ 5 11],9,66,78,57,49
1,<environment.Job instance at 0x7f16dc9b16e0>,9,25,[5 1],10,66,91,56,62
1,<environment.Job instance at 0x7f16dc9b1fa0>,10,22,[10  1],11,78,100,67,71
1,<environment.Job instance at 0x7f16dc9b1c30>,11,14,[14  2],12,100,114,88,85
1,<environment.Job instance at 0x7f16dca0ce60>,4,19,[ 2 13],5,114,133,109,106
1,<environment.Job instance at 0x7f1724e2b6e0>,14,15,[14  4],15,133,148,118,119
1,<environment.Job instance at 0x7f1724e2b7d0>,18,26,[11  4],19,148,174,129,145
1,<environment.Job instance at 0x7f1724e2b050>,17,15,[ 5 12],18,174,189,156,169
1,<environment.Job instance at 0x7f16dca0ccd0>,3,24,[13  4],4,189,213,185,184
1,<environment.Job instance at 0x7f1725006550>,22,16,[5 4],23,213,229,190,201
1,<environment.Job instance at 0x7f1725006460>,23,17,[ 4 12],24,229,246,205,217
1,<environment.Job instance at 0x7f1725006370>,24,21,[3 7],25,246,267,221,239
1,<environment.Job instance at 0x7f1724e2bbe0>,19,21,[12  2],20,246,267,226,240
1,<environment.Job instance at 0x7f1725006910>,27,22,[ 4 13],28,267,289,239,260
1,<environment.Job instance at 0x7f16dc610780>,0,25,[12  2],1,1,26,0,1
1,<environment.Job instance at 0x7f16dcc534b0>,3,26,[ 5 10],4,26,52,22,23
1,<environment.Job instance at 0x7f1724d523c0>,7,26,[ 4 12],8,52,78,44,49
1,<environment.Job instance at 0x7f17248a7f50>,8,14,[5 2],9,49,63,40,49
1,<environment.Job instance at 0x7f17248a7140>,9,13,[11  2],10,63,76,53,49
1,<environment.Job instance at 0x7f16dc6f40a0>,1,22,[11  3],2,76,98,74,69
1,<environment.Job instance at 0x7f16dcc562d0>,6,21,[ 4 12],7,78,99,71,78
1,<environment.Job instance at 0x7f1724bb1af0>,14,13,[ 5 14],15,99,112,84,83
1,<environment.Job instance at 0x7f1724bb1f00>,15,22,[5 5],16,112,134,96,105
1,<environment.Job instance at 0x7f17248a7d70>,10,13,[ 5 13],11,134,147,123,118
1,<environment.Job instance at 0x7f17226dee10>,17,17,[ 1 10],18,147,164,129,141
1,<environment.Job instance at 0x7f1724bb15a0>,13,23,[ 4 13],14,164,187,150,160
1,<environment.Job instance at 0x7f1724a5fa00>,18,27,[ 1 13],19,187,214,168,185
1,<environment.Job instance at 0x7f1722427910>,20,23,[8 4],21,214,237,193,208
1,<environment.Job instance at 0x7f17220890f0>,21,15,[5 4],22,218,233,196,218
1,<environment.Job instance at 0x7f1722089410>,22,21,[11  5],23,237,258,214,230
1,<environment.Job instance at 0x7f16dc77b0f0>,23,18,[13  4],24,258,276,234,247
1,<environment.Job instance at 0x7f16dc77b730>,25,12,[ 5 13],26,276,288,250,276
1,<environment.Job instance at 0x7f16dcc53050>,0,24,[3 9],1,1,25,0,1
1,<environment.Job instance at 0x7f16dc71c910>,2,17,[ 3 11],3,25,42,22,13
1,<environment.Job instance at 0x7f17249e82d0>,3,20,[8 4],4,13,33,9,13
1,<environment.Job instance at 0x7f16dc610280>,7,27,[8 5],8,42,69,34,40
1,<environment.Job instance at 0x7f17249e8dc0>,4,27,[1 9],5,42,69,37,40
1,<environment.Job instance at 0x7f1724a7c690>,9,17,[ 1 11],10,69,86,59,57
1,<environment.Job instance at 0x7f16dc916690>,13,16,[11  2],14,69,85,55,61
1,<environment.Job instance at 0x7f16dc9162d0>,14,27,[5 2],15,85,112,70,83
1,<environment.Job instance at 0x7f16dc9163c0>,15,13,[13  5],16,112,125,96,96
1,<environment.Job instance at 0x7f16dc916140>,17,26,[10  5],18,125,151,107,122
1,<environment.Job instance at 0x7f16dc8545a0>,18,13,[14  3],19,151,164,132,135
1,<environment.Job instance at 0x7f16dc854190>,19,26,[ 2 12],20,164,190,144,161
1,<environment.Job instance at 0x7f16dc854550>,20,26,[4 5],21,190,216,169,187
1,<environment.Job instance at 0x7f16dc854780>,21,21,[2 9],22,190,211,168,187
1,<environment.Job instance at 0x7f16dc854f00>,22,24,[4 6],23,211,235,188,206
1,<environment.Job instance at 0x7f17221abf00>,8,19,[6 5],9,216,235,207,206
1,<environment.Job instance at 0x7f16dc854eb0>,23,15,[ 2 13],24,235,250,211,221
1,<environment.Job instance at 0x7f16dc854e10>,24,18,[11  2],25,235,253,210,227
1,<environment.Job instance at 0x7f1724a7c8c0>,10,13,[ 3 14],11,253,266,242,237
1,<environment.Job instance at 0x7f16dc854be0>,27,18,[14  1],28,266,284,238,255
1,<environment.Job instance at 0x7f1724a7c640>,0,17,[ 5 13],1,1,18,0,1
1,<environment.Job instance at 0x7f17277b0d70>,1,27,[11  5],2,18,45,16,16
1,<environment.Job instance at 0x7f16dcc557d0>,6,13,[ 2 14],7,45,58,38,29
1,<environment.Job instance at 0x7f16dcc55dc0>,7,22,[10  1],8,45,67,37,38
1,<environment.Job instance at 0x7f16dcc550f0>,8,28,[1 7],9,58,86,49,57
1,<environment.Job instance at 0x7f1722265eb0>,10,15,[ 3 13],11,86,101,75,72
1,<environment.Job instance at 0x7f1722265e10>,11,12,[ 3 14],12,101,113,89,84
1,<environment.Job instance at 0x7f17222652d0>,12,27,[6 5],13,113,140,100,111
1,<environment.Job instance at 0x7f17223d5be0>,9,24,[5 1],10,128,152,118,128
1,<environment.Job instance at 0x7f1722265b40>,15,17,[14  4],16,152,169,136,140
1,<environment.Job instance at 0x7f16dc754e10>,19,25,[4 7],20,169,194,149,165
1,<environment.Job instance at 0x7f16dc754460>,20,18,[ 2 11],21,194,212,173,183
1,<environment.Job instance at 0x7f16dc754eb0>,21,12,[13  5],22,212,224,190,195
1,<environment.Job instance at 0x7f16dc754820>,22,22,[14  4],23,224,246,201,217
1,<environment.Job instance at 0x7f16dc7548c0>,23,27,[5 3],24,246,273,222,244
1,<environment.Job instance at 0x7f16dc7542d0>,24,25,[ 3 11],25,246,271,221,244
1,<environment.Job instance at 0x7f16dc754230>,25,24,[8 3],26,271,295,245,266
1,<environment.Job instance at 0x7f16dcc56690>,0,15,[ 1 14],1,1,16,0,1
1,<environment.Job instance at 0x7f16dcc56820>,1,14,[11  2],2,16,30,14,3
1,<environment.Job instance at 0x7f16dc610550>,4,27,[ 4 13],5,16,43,11,14
1,<environment.Job instance at 0x7f16dc6f4870>,8,23,[ 5 11],9,43,66,34,37
1,<environment.Job instance at 0x7f16dc6f4550>,10,27,[3 8],11,66,93,55,64
1,<environment.Job instance at 0x7f16dc6f46e0>,11,23,[ 5 11],12,93,116,81,87
1,<environment.Job instance at 0x7f16dcc713c0>,14,20,[ 1 10],15,116,136,101,107
1,<environment.Job instance at 0x7f172278b6e0>,15,17,[ 2 14],16,136,153,120,124
1,<environment.Job instance at 0x7f16dcc71460>,16,22,[ 1 14],17,153,175,136,146
1,<environment.Job instance at 0x7f172278b690>,17,12,[11  5],18,175,187,157,158
1,<environment.Job instance at 0x7f16dcbf3dc0>,2,13,[13  4],3,187,200,184,171
1,<environment.Job instance at 0x7f16dc6f4c80>,6,15,[ 4 12],7,200,215,193,192
1,<environment.Job instance at 0x7f172278b280>,18,17,[ 3 14],19,215,232,196,203
1,<environment.Job instance at 0x7f16dcc42b90>,22,17,[ 4 13],23,232,249,209,220
1,<environment.Job instance at 0x7f16dcc42e60>,21,22,[6 4],22,249,271,227,243
1,<environment.Job instance at 0x7f16dc96fe10>,25,23,[ 1 11],26,249,272,223,246
1,<environment.Job instance at 0x7f172233ccd0>,5,23,[ 4 12],6,272,295,266,269
1,<environment.Job instance at 0x7f17222c00a0>,0,16,[11  1],1,2,18,1,2
1,<environment.Job instance at 0x7f16dc6f4190>,2,28,[10  5],3,18,46,15,17
1,<environment.Job instance at 0x7f17225843c0>,7,14,[12  5],8,46,60,38,32
1,<environment.Job instance at 0x7f16dc9c0b90>,8,21,[1 5],9,32,53,23,32
1,<environment.Job instance at 0x7f16dc9c0820>,10,25,[8 3],11,60,85,49,56
1,<environment.Job instance at 0x7f1724e6be60>,11,22,[13  5],12,85,107,73,78
1,<environment.Job instance at 0x7f1724e6bd20>,12,14,[14  4],13,107,121,94,95
1,<environment.Job instance at 0x7f172259bbe0>,14,12,[ 4 13],15,121,133,106,104
1,<environment.Job instance at 0x7f17227ba640>,17,18,[11  2],18,121,139,103,112
1,<environment.Job instance at 0x7f17227ba4b0>,19,13,[ 4 13],20,133,146,113,117
1,<environment.Job instance at 0x7f17227ba280>,20,17,[11  2],21,139,156,118,127
1,<environment.Job instance at 0x7f17227ba460>,21,27,[10  3],22,156,183,134,154
1,<environment.Job instance at 0x7f1724e6b280>,13,24,[5 1],14,156,180,142,154
1,<environment.Job instance at 0x7f17227ba1e0>,22,25,[ 3 12],23,180,205,157,176
1,<environment.Job instance at 0x7f17227b7190>,24,12,[ 4 14],25,205,217,180,188
1,<environment.Job instance at 0x7f17227b7050>,25,26,[14  4],26,217,243,191,214
1,<environment.Job instance at 0x7f17227b70f0>,23,13,[14  2],24,243,256,219,234
1,<environment.Job instance at 0x7f17227b7500>,26,23,[14  4],27,256,279,229,250
1,<environment.Job instance at 0x7f17227b77d0>,31,13,[ 4 13],32,279,292,247,263
1,<environment.Job instance at 0x7f16dc9a7730>,1,26,[5 5],2,2,28,0,2
1,<environment.Job instance at 0x7f16dc8bebe0>,6,25,[8 2],7,8,33,1,8
1,<environment.Job instance at 0x7f16dc9c00a0>,2,15,[ 5 14],3,33,48,30,21
1,<environment.Job instance at 0x7f16dc8be3c0>,9,13,[ 3 14],10,48,61,38,32
1,<environment.Job instance at 0x7f17277515a0>,10,21,[8 3],11,61,82,50,53
1,<environment.Job instance at 0x7f16dc8be7d0>,4,21,[13  3],5,82,103,77,74
1,<environment.Job instance at 0x7f17277514b0>,12,12,[ 4 12],13,103,115,90,86
1,<environment.Job instance at 0x7f1727751e10>,13,27,[ 4 14],14,115,142,101,113
1,<environment.Job instance at 0x7f1725001f00>,15,18,[6 1],16,118,136,102,118
1,<environment.Job instance at 0x7f17277518c0>,11,18,[11  1],12,136,154,124,126
1,<environment.Job instance at 0x7f17224d01e0>,18,22,[ 4 13],19,142,164,123,135
1,<environment.Job instance at 0x7f17224d0be0>,16,24,[5 6],17,164,188,147,159
1,<environment.Job instance at 0x7f1722450aa0>,22,17,[6 3],23,164,181,141,159
1,<environment.Job instance at 0x7f1722450c80>,23,12,[4 8],24,181,193,157,168
1,<environment.Job instance at 0x7f1722450a50>,24,28,[5 7],25,188,216,163,187
1,<environment.Job instance at 0x7f1722450e10>,25,28,[2 5],26,194,222,168,194
1,<environment.Job instance at 0x7f1722450320>,26,28,[ 2 14],27,222,250,195,221
1,<environment.Job instance at 0x7f1722450500>,27,22,[9 4],28,250,272,222,243
1,<environment.Job instance at 0x7f1722450c30>,28,28,[5 1],29,243,271,214,243
1,<environment.Job instance at 0x7f1722450be0>,29,28,[1 9],30,250,278,220,249
1,<environment.Job instance at 0x7f1722450730>,30,12,[5 7],31,278,290,247,261
1,<environment.Job instance at 0x7f1722450370>,31,18,[6 5],32,272,290,240,263
1,<environment.Job instance at 0x7f1724c2fa00>,0,22,[3 9],1,1,23,0,1
1,<environment.Job instance at 0x7f17227a4730>,2,23,[ 3 11],3,23,46,20,17
1,<environment.Job instance at 0x7f17222ec2d0>,7,14,[ 1 11],8,46,60,38,31
1,<environment.Job instance at 0x7f17224d04b0>,8,24,[7 4],9,31,55,22,31
1,<environment.Job instance at 0x7f17224d0a50>,11,26,[12  5],12,60,86,48,57
1,<environment.Job instance at 0x7f17224d0b90>,12,28,[13  1],13,86,114,73,85
1,<environment.Job instance at 0x7f17224d0e10>,13,22,[ 5 14],14,114,136,100,107
1,<environment.Job instance at 0x7f17224d0c80>,14,20,[ 4 12],15,136,156,121,127
1,<environment.Job instance at 0x7f172772b2d0>,3,24,[ 4 14],4,167,191,163,167
1,<environment.Job instance at 0x7f1724e46500>,16,18,[14  3],17,191,209,174,186
1,<environment.Job instance at 0x7f17224d0500>,15,24,[10  4],16,209,233,193,204
1,<environment.Job instance at 0x7f16dc9c0460>,4,23,[9 5],5,233,256,228,228
1,<environment.Job instance at 0x7f1724e46370>,18,25,[6 2],19,233,258,214,229
1,<environment.Job instance at 0x7f1724e46870>,20,21,[4 7],21,256,277,235,248
1,<environment.Job instance at 0x7f16dc8d9af0>,25,15,[ 4 11],26,277,292,251,263
1,<environment.Job instance at 0x7f16dc8d91e0>,26,26,[6 2],27,263,289,236,263
1,<environment.Job instance at 0x7f172789d4b0>,0,21,[5 3],1,1,22,0,1
1,<environment.Job instance at 0x7f16dc5e40f0>,1,21,[1 7],2,2,23,0,2
1,<environment.Job instance at 0x7f1724c2a870>,8,18,[10  2],9,22,40,13,13
1,<environment.Job instance at 0x7f16dc8d91e0>,3,17,[14  5],4,40,57,36,28
1,<environment.Job instance at 0x7f172492e2d0>,11,21,[14  1],12,57,78,45,49
1,<environment.Job instance at 0x7f1724a10aa0>,12,24,[5 5],13,78,102,65,73
1,<environment.Job instance at 0x7f17224688c0>,13,15,[ 4 11],14,102,117,88,88
1,<environment.Job instance at 0x7f17224780f0>,14,22,[14  4],15,117,139,102,110
1,<environment.Job instance at 0x7f17224685a0>,16,23,[12  1],17,139,162,122,133
1,<environment.Job instance at 0x7f16dc7e0190>,17,28,[3 8],18,139,167,121,138
1,<environment.Job instance at 0x7f16dc7e0af0>,18,16,[ 4 14],19,167,183,148,154
1,<environment.Job instance at 0x7f16dc7e0640>,19,21,[ 4 10],20,183,204,163,175
1,<environment.Job instance at 0x7f16dc7e0910>,20,16,[ 2 12],21,204,220,183,191
1,<environment.Job instance at 0x7f16dc8647d0>,21,17,[13  4],22,220,237,198,208
1,<environment.Job instance at 0x7f16dc864af0>,22,22,[5 5],23,237,259,214,230
1,<environment.Job instance at 0x7f16dc864b40>,24,13,[ 2 12],25,259,272,234,243
1,<environment.Job instance at 0x7f16dc5fad70>,9,12,[ 1 13],10,272,284,262,257
1,<environment.Job instance at 0x7f16dcbfeaa0>,25,18,[14  4],26,284,302,258,273
1,<environment.Job instance at 0x7f17222aa410>,0,12,[13  2],1,2,14,1,2
1,<environment.Job instance at 0x7f1722478410>,1,15,[14  4],2,14,29,12,6
1,<environment.Job instance at 0x7f172492ed20>,2,24,[5 3],3,29,53,26,24
1,<environment.Job instance at 0x7f17222f5640>,8,21,[5 5],9,29,50,20,24
1,<environment.Job instance at 0x7f17224d0f50>,9,13,[14  3],10,53,66,43,37
1,<environment.Job instance at 0x7f16dcb947d0>,11,28,[12  2],12,66,94,54,65
1,<environment.Job instance at 0x7f16dc9a7f00>,12,24,[12  5],13,94,118,81,89
1,<environment.Job instance at 0x7f16dccc7910>,14,12,[11  5],15,118,130,103,101
1,<environment.Job instance at 0x7f17220d9870>,17,14,[ 5 11],18,130,144,112,115
1,<environment.Job instance at 0x7f16dca31aa0>,18,17,[ 3 14],19,144,161,125,132
1,<environment.Job instance at 0x7f16dc32bdc0>,20,20,[5 5],21,161,181,140,152
1,<environment.Job instance at 0x7f16dc32baf0>,21,23,[1 5],22,161,184,139,155
1,<environment.Job instance at 0x7f16dc5b7af0>,23,26,[ 1 11],24,184,210,160,181
1,<environment.Job instance at 0x7f16dc5b7960>,24,12,[13  4],25,181,193,156,181
1,<environment.Job instance at 0x7f16dc5b7050>,25,21,[9 1],26,193,214,167,185
1,<environment.Job instance at 0x7f16dc923190>,26,15,[ 1 11],27,210,225,183,198
1,<environment.Job instance at 0x7f16dcbf0870>,28,24,[13  4],29,214,238,185,209
1,<environment.Job instance at 0x7f16dc9c0dc0>,6,13,[ 4 14],7,238,251,231,223
1,<environment.Job instance at 0x7f1722355820>,30,19,[14  4],31,251,270,220,241
1,<environment.Job instance at 0x7f1722355730>,33,24,[10  3],34,270,294,236,265
1,<environment.Job instance at 0x7f16dc642960>,0,14,[ 5 12],1,2,16,1,2
1,<environment.Job instance at 0x7f16dc5b7e10>,2,26,[ 3 10],3,16,42,13,13
1,<environment.Job instance at 0x7f17225eb6e0>,1,16,[7 5],2,16,32,14,14
1,<environment.Job instance at 0x7f1724cb8960>,11,12,[ 4 14],12,42,54,30,28
1,<environment.Job instance at 0x7f1724cb8c80>,12,21,[ 4 14],13,54,75,41,46
1,<environment.Job instance at 0x7f1724cb8370>,13,14,[ 1 13],14,75,89,61,60
1,<environment.Job instance at 0x7f1724cb85f0>,8,25,[9 3],9,89,114,80,86
1,<environment.Job instance at 0x7f16dc30e3c0>,17,18,[11  3],18,114,132,96,103
1,<environment.Job instance at 0x7f172242c4b0>,7,15,[12  4],8,132,147,124,119
1,<environment.Job instance at 0x7f16dc30e500>,20,13,[11  4],21,147,160,126,132
1,<environment.Job instance at 0x7f16dc30e460>,19,17,[ 2 13],20,160,177,140,149
1,<environment.Job instance at 0x7f16dc30e7d0>,14,16,[12  5],15,177,193,162,164
1,<environment.Job instance at 0x7f16dc30ec80>,24,13,[10  4],25,193,206,168,190
1,<environment.Job instance at 0x7f16dc30e0f0>,26,12,[ 3 10],27,195,207,168,195
1,<environment.Job instance at 0x7f16dc30ec30>,16,27,[11  5],17,206,233,189,204
1,<environment.Job instance at 0x7f16dc30efa0>,29,22,[4 8],30,216,238,186,216
1,<environment.Job instance at 0x7f16dc30e1e0>,28,12,[8 1],29,233,245,204,216
1,<environment.Job instance at 0x7f16dc30e280>,30,16,[ 4 11],31,238,254,207,232
1,<environment.Job instance at 0x7f16dc30e550>,32,15,[ 5 14],33,254,269,221,249
1,<environment.Job instance at 0x7f16dc39deb0>,33,25,[13  4],34,269,294,235,265
1,<environment.Job instance at 0x7f16dc30db40>,0,24,[ 3 14],1,1,25,0,1
1,<environment.Job instance at 0x7f16dc39d050>,1,26,[ 4 11],2,25,51,23,22
1,<environment.Job instance at 0x7f16dc7b2e10>,6,28,[8 5],7,51,79,44,50
1,<environment.Job instance at 0x7f16dc39deb0>,2,19,[3 9],3,51,70,48,51
1,<environment.Job instance at 0x7f172772ba50>,7,21,[5 1],8,70,91,62,62
1,<environment.Job instance at 0x7f17249ab8c0>,10,21,[2 6],11,70,91,59,62
1,<environment.Job instance at 0x7f16dc600640>,11,15,[ 1 12],12,91,106,79,77
1,<environment.Job instance at 0x7f172242ca50>,8,25,[11  2],9,91,116,82,90
1,<environment.Job instance at 0x7f16dc2a9960>,12,15,[14  5],13,116,131,103,103
1,<environment.Job instance at 0x7f16dc2ee320>,17,14,[ 1 12],18,131,145,113,116
1,<environment.Job instance at 0x7f16dc304e10>,18,20,[10  5],19,145,165,126,136
1,<environment.Job instance at 0x7f16dc2eee10>,19,20,[8 1],20,165,185,145,156
1,<environment.Job instance at 0x7f16dc304870>,15,16,[ 3 11],16,165,181,149,159
1,<environment.Job instance at 0x7f16dccca460>,20,17,[ 2 12],21,181,198,160,171
1,<environment.Job instance at 0x7f16dccca870>,21,28,[12  3],22,186,214,164,186
1,<environment.Job instance at 0x7f16dccb5870>,22,18,[11  5],23,214,232,191,203
1,<environment.Job instance at 0x7f16dccb5f50>,27,28,[3 7],28,211,239,183,211
1,<environment.Job instance at 0x7f16dccb5d20>,28,21,[10  1],29,232,253,203,224
1,<environment.Job instance at 0x7f16dccb5500>,29,23,[ 2 10],30,241,264,211,241
1,<environment.Job instance at 0x7f16dccc6690>,30,12,[13  5],31,253,265,222,248
1,<environment.Job instance at 0x7f16dccc6370>,31,19,[5 5],32,265,284,233,255
1,<environment.Job instance at 0x7f17277b0af0>,3,14,[ 5 14],4,284,298,280,269
1,<environment.Job instance at 0x7f16dc2abf50>,0,22,[5 4],1,1,23,0,1
1,<environment.Job instance at 0x7f16dc2ab370>,1,16,[ 1 11],2,3,19,1,3
1,<environment.Job instance at 0x7f1722204b40>,3,25,[1 9],4,19,44,15,15
1,<environment.Job instance at 0x7f1724c95140>,7,28,[6 2],8,19,47,11,18
1,<environment.Job instance at 0x7f17277b0af0>,8,12,[ 4 12],9,44,56,35,31
1,<environment.Job instance at 0x7f1724cb8870>,9,25,[2 7],10,56,81,46,52
1,<environment.Job instance at 0x7f16dc2abb90>,4,21,[ 4 12],5,81,102,76,73
1,<environment.Job instance at 0x7f1724cb8690>,11,23,[13  4],12,102,125,90,96
1,<environment.Job instance at 0x7f1724cb8460>,12,28,[6 1],13,125,153,112,124
1,<environment.Job instance at 0x7f1724cb8be0>,13,21,[5 9],14,125,146,111,124
1,<environment.Job instance at 0x7f16dc4d30f0>,14,16,[3 9],15,146,162,131,133
1,<environment.Job instance at 0x7f16dc917e10>,15,21,[4 9],16,162,183,146,154
1,<environment.Job instance at 0x7f16dc2acf50>,5,27,[9 3],6,162,189,156,162
1,<environment.Job instance at 0x7f1724e174b0>,2,19,[14  3],3,189,208,186,185
1,<environment.Job instance at 0x7f1724cb8e10>,10,26,[14  2],11,208,234,197,205
1,<environment.Job instance at 0x7f16dc795eb0>,19,28,[11  1],20,234,262,214,233
1,<environment.Job instance at 0x7f16dc519c80>,21,26,[13  2],22,262,288,240,259
1,<environment.Job instance at 0x7f16dc519dc0>,22,21,[ 3 11],23,288,309,265,280
1,<environment.Job instance at 0x7f16dc7bcdc0>,0,26,[13  2],1,1,27,0,1
1,<environment.Job instance at 0x7f16dc7bcd20>,1,14,[ 3 12],2,27,41,25,12
1,<environment.Job instance at 0x7f1724920af0>,6,24,[7 2],7,27,51,20,22
1,<environment.Job instance at 0x7f16dc795b40>,2,20,[3 9],3,41,61,38,33
1,<environment.Job instance at 0x7f16dc4bf4b0>,8,25,[12  5],9,51,76,42,50
1,<environment.Job instance at 0x7f1724920c80>,3,27,[2 7],4,61,88,57,60
1,<environment.Job instance at 0x7f16dc4bf0f0>,9,25,[3 6],10,76,101,66,74
1,<environment.Job instance at 0x7f16dc4bf960>,11,20,[ 4 14],12,101,121,89,92
1,<environment.Job instance at 0x7f16dc4bf8c0>,7,24,[14  4],8,121,145,113,116
1,<environment.Job instance at 0x7f172283b410>,14,25,[1 8],15,121,146,106,117
1,<environment.Job instance at 0x7f172283b820>,15,28,[5 8],16,146,174,130,145
1,<environment.Job instance at 0x7f17249206e0>,4,26,[7 1],5,159,185,154,159
1,<environment.Job instance at 0x7f172283beb0>,16,16,[ 4 12],17,174,190,157,161
1,<environment.Job instance at 0x7f172283ba00>,18,18,[ 5 12],19,190,208,171,179
1,<environment.Job instance at 0x7f17249204b0>,5,13,[14  1],6,208,221,202,193
1,<environment.Job instance at 0x7f1722450e60>,21,27,[1 7],22,208,235,186,208
1,<environment.Job instance at 0x7f1722450230>,22,13,[6 4],23,221,234,198,208
1,<environment.Job instance at 0x7f172283b190>,17,13,[14  5],18,234,247,216,220
1,<environment.Job instance at 0x7f172283b5a0>,12,16,[13  1],13,247,263,234,234
1,<environment.Job instance at 0x7f1722450a50>,27,16,[ 5 12],28,263,279,235,250
1,<environment.Job instance at 0x7f172283baf0>,20,19,[ 3 14],21,279,298,258,271
1,<environment.Job instance at 0x7f16dc7bc500>,0,27,[13  5],1,1,28,0,1
1,<environment.Job instance at 0x7f1722444d70>,7,26,[ 2 11],8,28,54,20,25
1,<environment.Job instance at 0x7f1722444c30>,11,16,[5 3],12,28,44,16,27
1,<environment.Job instance at 0x7f16dc54c280>,12,19,[9 1],13,44,63,31,41
1,<environment.Job instance at 0x7f16dc95ea00>,5,27,[4 5],6,54,81,48,53
1,<environment.Job instance at 0x7f1722444730>,13,16,[13  5],14,81,97,67,71
1,<environment.Job instance at 0x7f16dc54dfa0>,15,14,[ 5 13],16,97,111,81,83
1,<environment.Job instance at 0x7f1722444aa0>,10,16,[14  3],11,111,127,100,101
1,<environment.Job instance at 0x7f16dc7bc7d0>,3,19,[14  3],4,135,154,131,135
1,<environment.Job instance at 0x7f16dc9809b0>,18,13,[ 5 11],19,154,167,135,148
1,<environment.Job instance at 0x7f1722601410>,20,15,[14  4],21,167,182,146,161
1,<environment.Job instance at 0x7f17227aa4b0>,21,19,[ 3 11],22,182,201,160,174
1,<environment.Job instance at 0x7f16dc5435a0>,23,18,[14  4],24,201,219,177,194
1,<environment.Job instance at 0x7f16dc543190>,25,28,[7 5],26,219,247,193,218
1,<environment.Job instance at 0x7f17221a3f50>,26,28,[2 9],27,221,249,194,221
1,<environment.Job instance at 0x7f1722815320>,28,12,[11  4],29,247,259,218,231
1,<environment.Job instance at 0x7f1722815eb0>,29,17,[ 2 11],30,249,266,219,238
1,<environment.Job instance at 0x7f17220fbfa0>,31,26,[ 3 11],32,266,292,234,264
1,<environment.Job instance at 0x7f17224c4230>,32,22,[6 1],33,265,287,232,265
1,<environment.Job instance at 0x7f17248699b0>,33,15,[6 2],34,265,280,231,265
1,<environment.Job instance at 0x7f17224d0190>,34,18,[6 1],35,280,298,245,269
1,<environment.Job instance at 0x7fc72ca0a320>,1,24,[10  1],2,3,27,1,3
1,<environment.Job instance at 0x7fc72ca5cdc0>,3,13,[12  4],4,27,40,23,11
1,<environment.Job instance at 0x7fc7255fa640>,8,20,[ 4 13],9,40,60,31,31
1,<environment.Job instance at 0x7fc7255fa5f0>,9,16,[12  1],10,60,76,50,47
1,<environment.Job instance at 0x7fc7255fa4b0>,12,28,[ 1 14],13,60,88,47,59
1,<environment.Job instance at 0x7fc7255fa910>,14,15,[14  4],15,88,103,73,74
1,<environment.Job instance at 0x7fc7255faa00>,16,28,[5 1],17,103,131,86,102
1,<environment.Job instance at 0x7fc7255faaa0>,17,19,[12  4],18,131,150,113,121
1,<environment.Job instance at 0x7fc7255fab40>,18,18,[13  1],19,150,168,131,139
1,<environment.Job instance at 0x7fc7255fabe0>,19,23,[8 4],20,168,191,148,162
1,<environment.Job instance at 0x7fc72ca0a0f0>,2,20,[7 4],3,168,188,165,162
1,<environment.Job instance at 0x7fc7255fac80>,20,17,[ 2 14],21,191,208,170,179
1,<environment.Job instance at 0x7fc7255faf00>,23,16,[12  2],24,208,224,184,195
1,<environment.Job instance at 0x7fc7255fafa0>,24,20,[4 6],25,224,244,199,215
1,<environment.Job instance at 0x7fc7255fd050>,25,24,[5 7],26,224,248,198,219
1,<environment.Job instance at 0x7fc7255fd190>,27,17,[ 4 12],28,248,265,220,236
1,<environment.Job instance at 0x7fc7255fd1e0>,28,17,[ 1 13],29,265,282,236,253
1,<environment.Job instance at 0x7fc72ca32cd0>,0,24,[6 5],1,1,25,0,1
1,<environment.Job instance at 0x7fc72ca32a50>,2,23,[ 3 11],3,25,48,22,19
1,<environment.Job instance at 0x7fc72ca32410>,5,26,[7 2],6,22,48,16,22
1,<environment.Job instance at 0x7fc72ca32d70>,7,21,[9 2],8,48,69,40,40
1,<environment.Job instance at 0x7fc72ca32730>,10,24,[ 2 13],11,48,72,37,43
1,<environment.Job instance at 0x7fc72ca32aa0>,11,28,[7 1],12,69,97,57,68
1,<environment.Job instance at 0x7fc72ca322d0>,4,15,[ 2 13],5,72,87,67,70
1,<environment.Job instance at 0x7fc72ca32190>,13,27,[9 2],14,97,124,83,95
1,<environment.Job instance at 0x7fc7255fd1e0>,3,14,[ 3 12],4,95,109,91,95
1,<environment.Job instance at 0x7fc72cb78960>,16,15,[ 2 10],17,109,124,92,96
1,<environment.Job instance at 0x7fc72ca32fa0>,14,26,[12  4],15,124,150,109,121
1,<environment.Job instance at 0x7fc72cb782d0>,19,25,[ 2 11],20,124,149,104,122
1,<environment.Job instance at 0x7fc72cb78e60>,20,26,[5 4],21,150,176,129,147
1,<environment.Job instance at 0x7fc72cb78910>,21,23,[ 3 14],22,176,199,154,170
1,<environment.Job instance at 0x7fc72cb78eb0>,18,24,[12  5],19,199,223,180,194
1,<environment.Job instance at 0x7fc72cb788c0>,22,19,[2 5],23,199,218,176,194
1,<environment.Job instance at 0x7fc72cb7d690>,25,16,[11  3],26,223,239,197,210
1,<environment.Job instance at 0x7fc72cb7da50>,26,24,[13  4],27,239,263,212,234
1,<environment.Job instance at 0x7fc72cb7db40>,27,18,[14  2],28,263,281,235,255
1,<environment.Job instance at 0x7fc72cb7d1e0>,29,17,[14  3],30,281,298,251,269
1,<environment.Job instance at 0x7fc72cb73050>,0,20,[11  2],1,2,22,1,2
1,<environment.Job instance at 0x7fc6e18ccb40>,3,20,[ 4 10],4,6,26,2,6
1,<environment.Job instance at 0x7fc6e18cc780>,7,28,[ 3 11],8,26,54,18,25
1,<environment.Job instance at 0x7fc72cb7d1e0>,4,15,[11  2],5,27,42,22,27
1,<environment.Job instance at 0x7fc6e18c8af0>,12,26,[ 4 12],13,54,80,41,51
1,<environment.Job instance at 0x7fc6e18c8eb0>,14,25,[11  5],15,80,105,65,76
1,<environment.Job instance at 0x7fc6e18c82d0>,15,23,[3 6],16,89,112,73,89
1,<environment.Job instance at 0x7fc6e193afa0>,16,22,[12  5],17,105,127,88,100
1,<environment.Job instance at 0x7fc6e193a5a0>,17,15,[13  2],18,127,142,109,127
1,<environment.Job instance at 0x7fc6e193a140>,18,12,[5 8],19,142,154,123,130
1,<environment.Job instance at 0x7fc6e193a6e0>,20,12,[5 5],21,142,154,121,138
1,<environment.Job instance at 0x7fc6e18c88c0>,13,24,[ 5 13],14,156,180,142,156
1,<environment.Job instance at 0x7fc6e18c8140>,9,27,[9 5],10,192,219,182,192
1,<environment.Job instance at 0x7fc6e193a870>,21,15,[14  2],22,219,234,197,214
1,<environment.Job instance at 0x7fc6e193aaf0>,24,18,[1 7],25,216,234,191,216
1,<environment.Job instance at 0x7fc6e193a3c0>,23,18,[9 5],24,234,252,210,227
1,<environment.Job instance at 0x7fc6e193ad20>,25,14,[ 3 14],26,252,266,226,240
1,<environment.Job instance at 0x7fc6e18c8f00>,11,14,[12  2],12,266,280,254,255
1,<environment.Job instance at 0x7fc6e1c24500>,0,27,[9 5],1,1,28,0,1
1,<environment.Job instance at 0x7fc6e19ff190>,1,22,[13  5],2,28,50,26,21
1,<environment.Job instance at 0x7fc6e19f1500>,6,23,[2 8],7,21,44,14,21
1,<environment.Job instance at 0x7fc6e19f19b0>,7,25,[11  1],8,50,75,42,46
1,<environment.Job instance at 0x7fc6e19f1be0>,5,21,[ 4 10],6,50,71,44,46
1,<environment.Job instance at 0x7fc6e18a1320>,2,14,[ 3 13],3,71,85,68,56
1,<environment.Job instance at 0x7fc6e1889f50>,11,12,[7 5],12,85,97,73,74
1,<environment.Job instance at 0x7fc6e19fd910>,8,19,[13  3],9,97,116,88,87
1,<environment.Job instance at 0x7fc6e1889b40>,17,14,[12  2],18,116,130,98,102
1,<environment.Job instance at 0x7fc6e1889be0>,13,18,[ 2 13],14,116,134,102,105
1,<environment.Job instance at 0x7fc6e18895f0>,18,17,[12  4],19,134,151,115,124
1,<environment.Job instance at 0x7fc6e18894b0>,21,20,[ 2 10],22,134,154,112,125
1,<environment.Job instance at 0x7fc6e1889c80>,22,18,[ 2 13],23,154,172,131,143
1,<environment.Job instance at 0x7fc6e198bf00>,4,13,[13  4],5,172,185,167,163
1,<environment.Job instance at 0x7fc6e1889320>,20,19,[3 6],21,185,204,164,176
1,<environment.Job instance at 0x7fc6e1889d20>,25,15,[13  4],26,204,219,178,194
1,<environment.Job instance at 0x7fc72cb78b90>,3,26,[14  2],4,219,245,215,216
1,<environment.Job instance at 0x7fc6e18897d0>,24,27,[ 1 12],25,219,246,194,219
1,<environment.Job instance at 0x7fc6e1889dc0>,23,14,[14  2],24,245,259,221,230
1,<environment.Job instance at 0x7fc6e1d025a0>,30,23,[3 9],31,259,282,228,253
1,<environment.Job instance at 0x7fc6e18898c0>,29,12,[4 6],30,259,271,229,253
1,<environment.Job instance at 0x7fc6e1dbadc0>,1,22,[ 4 12],2,2,24,0,2
1,<environment.Job instance at 0x7fc72ca325f0>,7,27,[12  2],8,24,51,16,22
1,<environment.Job instance at 0x7fc6e1c43e10>,9,27,[5 1],10,51,78,41,49
1,<environment.Job instance at 0x7fc6e1a804b0>,10,28,[ 5 10],11,51,79,40,50
1,<environment.Job instance at 0x7fc6e19d7c80>,11,27,[11  5],12,79,106,67,77
1,<environment.Job instance at 0x7fc6e1953780>,6,13,[ 5 11],7,106,119,99,92
1,<environment.Job instance at 0x7fc6e1950190>,5,18,[14  5],6,119,137,113,108
1,<environment.Job instance at 0x7fc6e1da2050>,16,20,[ 5 12],17,137,157,120,129
1,<environment.Job instance at 0x7fc6e1da2a50>,17,28,[12  4],18,175,203,157,175
1,<environment.Job instance at 0x7fc6e1df4140>,18,16,[ 1 14],19,211,227,192,211
1,<environment.Job instance at 0x7fc6e199e8c0>,19,14,[1 7],20,227,241,207,214
1,<environment.Job instance at 0x7fc6e199ef50>,20,18,[7 5],21,227,245,206,217
1,<environment.Job instance at 0x7fc72cb78a50>,1,18,[ 1 12],2,2,20,0,2
1,<environment.Job instance at 0x7fc6e199ea50>,2,24,[6 3],3,3,27,0,3
1,<environment.Job instance at 0x7fc727c63af0>,3,16,[13  4],4,27,43,23,16
1,<environment.Job instance at 0x7fc727c63b90>,8,23,[11  4],9,43,66,34,37
1,<environment.Job instance at 0x7fc6e1c5a9b0>,12,26,[14  3],13,66,92,53,63
1,<environment.Job instance at 0x7fc6e1c5a8c0>,10,15,[11  4],11,92,107,81,83
1,<environment.Job instance at 0x7fc6e1c5a3c0>,15,17,[11  2],16,107,124,91,96
1,<environment.Job instance at 0x7fc6e1c5a5f0>,16,12,[12  5],17,124,136,107,108
1,<environment.Job instance at 0x7fc6e1c5ab90>,17,22,[11  3],18,136,158,118,129
1,<environment.Job instance at 0x7fc6e1c5ab40>,18,22,[8 2],19,158,180,139,151
1,<environment.Job instance at 0x7fc6e1c5af50>,20,23,[2 9],21,152,175,131,152
1,<environment.Job instance at 0x7fc6e1c5aaa0>,22,23,[8 3],23,180,203,157,174
1,<environment.Job instance at 0x7fc727c63fa0>,6,19,[ 2 11],7,175,194,168,174
1,<environment.Job instance at 0x7fc6e1c5a4b0>,23,13,[13  3],24,203,216,179,187
1,<environment.Job instance at 0x7fc6e199ef50>,4,12,[ 5 11],5,216,228,211,201
1,<environment.Job instance at 0x7fc6e1c5ad20>,26,15,[12  3],27,228,243,201,214
1,<environment.Job instance at 0x7fc6e1c5a910>,27,24,[ 1 11],28,228,252,200,226
1,<environment.Job instance at 0x7fc6e1c5a7d0>,25,19,[13  1],26,243,262,217,233
1,<environment.Job instance at 0x7fc6e1c5a460>,29,26,[5 5],30,262,288,232,259
1,<environment.Job instance at 0x7fc727f74780>,1,26,[5 3],2,2,28,0,2
1,<environment.Job instance at 0x7fc7282af190>,4,21,[ 4 11],5,6,27,1,6
1,<environment.Job instance at 0x7fc72cb7d3c0>,2,27,[13  5],3,28,55,25,26
1,<environment.Job instance at 0x7fc7259b0c80>,8,24,[4 6],9,55,79,46,50
1,<environment.Job instance at 0x7fc7259b08c0>,6,20,[2 9],7,50,70,43,50
1,<environment.Job instance at 0x7fc6e1aa5230>,10,20,[12  3],11,79,99,68,71
1,<environment.Job instance at 0x7fc6e1aa5cd0>,11,17,[ 5 14],12,99,116,87,87
1,<environment.Job instance at 0x7fc7259b0a00>,9,18,[13  1],10,116,134,106,109
1,<environment.Job instance at 0x7fc6e1c41550>,14,20,[5 3],15,134,154,119,125
1,<environment.Job instance at 0x7fc6e1c41960>,13,24,[5 1],14,135,159,121,135
1,<environment.Job instance at 0x7fc727db8a50>,15,16,[ 2 13],16,154,170,138,142
1,<environment.Job instance at 0x7fc727db80f0>,17,14,[14  1],18,170,184,152,155
1,<environment.Job instance at 0x7fc727db80a0>,16,17,[12  3],17,184,201,167,173
1,<environment.Job instance at 0x7fc727db8f50>,19,26,[3 6],20,186,212,166,186
1,<environment.Job instance at 0x7fc727db8dc0>,20,16,[6 3],21,201,217,180,195
1,<environment.Job instance at 0x7fc727db8d20>,21,14,[11  5],22,228,242,206,228
1,<environment.Job instance at 0x7fc725572410>,22,24,[ 4 12],23,242,266,219,242
1,<environment.Job instance at 0x7fc727db2c80>,23,23,[1 6],24,266,289,242,260
1,<environment.Job instance at 0x7fc727db2a50>,24,25,[12  2],25,266,291,241,263
1,<environment.Job instance at 0x7fc725768e10>,3,24,[9 1],4,6,30,2,6
1,<environment.Job instance at 0x7fc6e1e9aaa0>,1,19,[14  4],2,30,49,28,20
1,<environment.Job instance at 0x7fc7257adf00>,9,21,[7 5],10,49,70,39,41
1,<environment.Job instance at 0x7fc6e1c7e280>,10,27,[ 3 13],11,70,97,59,68
1,<environment.Job instance at 0x7fc6e1ab9b90>,12,18,[11  3],13,97,115,84,86
1,<environment.Job instance at 0x7fc727eba1e0>,16,22,[10  3],17,115,137,98,108
1,<environment.Job instance at 0x7fc727ebac30>,17,19,[ 4 10],18,108,127,90,108
1,<environment.Job instance at 0x7fc727ebad20>,19,15,[ 4 13],20,137,152,117,123
1,<environment.Job instance at 0x7fc6e17d75f0>,21,25,[9 1],22,137,162,115,133
1,<environment.Job instance at 0x7fc6e17d74b0>,22,17,[ 5 14],23,152,169,129,140
1,<environment.Job instance at 0x7fc6e17d7410>,23,14,[13  1],24,169,183,145,154
1,<environment.Job instance at 0x7fc6e17d77d0>,25,15,[ 5 14],26,183,198,157,169
1,<environment.Job instance at 0x7fc6e17d7870>,26,21,[10  1],27,183,204,156,175
1,<environment.Job instance at 0x7fc6e17d7910>,27,18,[ 1 14],28,198,216,170,187
1,<environment.Job instance at 0x7fc6e17d79b0>,28,16,[12  4],29,216,232,187,203
1,<environment.Job instance at 0x7fc6e17d7af0>,30,24,[ 3 12],31,232,256,201,227
1,<environment.Job instance at 0x7fc6e17d7cd0>,33,28,[14  2],34,256,284,222,255
1,<environment.Job instance at 0x7fc7257ad050>,0,19,[5 2],1,1,20,0,1
1,<environment.Job instance at 0x7fc6e1c7e1e0>,1,21,[12  1],2,20,41,18,12
1,<environment.Job instance at 0x7fc6e1f18c80>,6,16,[ 4 13],7,41,57,34,28
1,<environment.Job instance at 0x7fc72593bb40>,8,23,[11  2],9,48,71,39,48
1,<environment.Job instance at 0x7fc6e1f181e0>,5,18,[11  2],6,71,89,65,66
1,<environment.Job instance at 0x7fc72593b0f0>,9,18,[2 5],10,72,90,62,72
1,<environment.Job instance at 0x7fc6e1fa1f50>,11,21,[2 6],12,72,93,60,72
1,<environment.Job instance at 0x7fc6e18fe1e0>,12,23,[ 3 13],13,93,116,80,87
1,<environment.Job instance at 0x7fc725366eb0>,3,16,[11  3],4,116,132,112,111
1,<environment.Job instance at 0x7fc6e1f18780>,7,17,[11  3],8,132,149,124,123
1,<environment.Job instance at 0x7fc6e1bca140>,17,23,[9 2],18,149,172,131,143
1,<environment.Job instance at 0x7fc6e1bca5f0>,18,26,[11  2],19,172,198,153,169
1,<environment.Job instance at 0x7fc6e1bcae60>,19,27,[14  4],20,198,225,178,196
1,<environment.Job instance at 0x7fc6e18fe910>,14,18,[14  4],15,225,243,210,215
1,<environment.Job instance at 0x7fc6e1fa1cd0>,10,20,[13  2],11,243,263,232,240
1,<environment.Job instance at 0x7fc7283220a0>,24,27,[ 1 14],25,263,290,238,261
1,<environment.Job instance at 0x7fc6e1c7eaa0>,0,24,[14  4],1,2,26,1,2
1,<environment.Job instance at 0x7fc6e1c7ea50>,2,27,[8 4],3,26,53,23,24
1,<environment.Job instance at 0x7fc727d9c0a0>,7,17,[ 3 13],8,53,70,45,41
1,<environment.Job instance at 0x7fc6e1eb3fa0>,8,25,[12  2],9,53,78,44,49
1,<environment.Job instance at 0x7fc6e1eb30f0>,9,17,[ 1 14],10,78,95,68,66
1,<environment.Job instance at 0x7fc6e1eb3410>,11,27,[ 4 11],12,95,122,83,93
1,<environment.Job instance at 0x7fc6e1c7e640>,3,16,[7 4],4,95,111,91,94
1,<environment.Job instance at 0x7fc6e1eb32d0>,12,23,[12  4],13,122,145,109,116
1,<environment.Job instance at 0x7fc6e1eb30a0>,15,25,[ 3 11],16,122,147,106,119
1,<environment.Job instance at 0x7fc6e17a5320>,17,28,[2 8],18,147,175,129,146
1,<environment.Job instance at 0x7fc727ca74b0>,18,25,[ 1 12],19,175,200,156,171
1,<environment.Job instance at 0x7fc6e1eb35a0>,10,25,[12  3],11,173,198,162,173
1,<environment.Job instance at 0x7fc72577bc80>,19,16,[ 5 13],20,200,216,180,187
1,<environment.Job instance at 0x7fc6e1ea4fa0>,22,25,[2 8],23,216,241,193,212
1,<environment.Job instance at 0x7fc6e1f5fcd0>,24,25,[4 7],25,219,244,194,219
1,<environment.Job instance at 0x7fc6e1f5f910>,25,25,[11  5],26,241,266,215,237
1,<environment.Job instance at 0x7fc6e1eb3cd0>,16,21,[ 4 11],17,266,287,249,258
1,<environment.Job instance at 0x7fc72561e0a0>,0,20,[3 6],1,1,21,0,1
1,<environment.Job instance at 0x7fc727cf4be0>,1,26,[13  2],2,21,47,19,18
1,<environment.Job instance at 0x7fc72561e9b0>,2,20,[ 2 13],3,21,41,18,21
1,<environment.Job instance at 0x7fc727df9be0>,6,21,[5 5],7,47,68,40,39
1,<environment.Job instance at 0x7fc7257ad5a0>,9,28,[7 1],10,47,75,37,46
1,<environment.Job instance at 0x7fc7257ad6e0>,10,21,[11  4],11,75,96,64,67
1,<environment.Job instance at 0x7fc725705690>,3,16,[ 3 10],4,68,84,64,67
1,<environment.Job instance at 0x7fc6e19d11e0>,14,27,[7 1],15,96,123,81,94
1,<environment.Job instance at 0x7fc6e19d1190>,15,20,[6 5],16,96,116,80,94
1,<environment.Job instance at 0x7fc6e19d1a00>,16,28,[ 3 11],17,116,144,99,115
1,<environment.Job instance at 0x7fc728328960>,17,12,[ 5 14],18,144,156,126,127
1,<environment.Job instance at 0x7fc728328f00>,19,20,[ 3 13],20,156,176,136,147
1,<environment.Job instance at 0x7fc7258d0780>,20,23,[7 2],21,156,179,135,150
1,<environment.Job instance at 0x7fc7258d0960>,22,26,[11  3],23,179,205,156,176
1,<environment.Job instance at 0x7fc7258d0910>,23,25,[7 5],24,205,230,181,201
1,<environment.Job instance at 0x7fc7258d0aa0>,24,22,[13  5],25,230,252,205,223
1,<environment.Job instance at 0x7fc728325f50>,8,14,[11  4],9,252,266,243,240
1,<environment.Job instance at 0x7fc7258d0c30>,27,17,[ 2 13],28,266,283,238,255
1,<environment.Job instance at 0x7fc6e1787af0>,0,24,[9 1],1,1,25,0,1
1,<environment.Job instance at 0x7fc6e1787be0>,1,16,[ 3 14],2,2,18,0,2
1,<environment.Job instance at 0x7fc6e1d88eb0>,2,22,[1 8],3,18,40,15,11
1,<environment.Job instance at 0x7fc6e1787eb0>,3,15,[3 7],4,25,40,21,17
1,<environment.Job instance at 0x7fc6e1d88280>,7,12,[ 2 12],8,40,52,32,23
1,<environment.Job instance at 0x7fc6e1d88500>,9,25,[5 1],10,40,65,30,38
1,<environment.Job instance at 0x7fc6e1d88820>,10,20,[2 5],11,52,72,41,43
1,<environment.Job instance at 0x7fc6e1aa35f0>,11,21,[1 7],12,52,73,40,44
1,<environment.Job instance at 0x7fc6e1aa3c30>,13,17,[ 3 12],14,73,90,59,61
1,<environment.Job instance at 0x7fc6e1aa3370>,14,16,[9 2],15,65,81,50,61
1,<environment.Job instance at 0x7fc6e1aa31e0>,15,16,[12  1],16,81,97,65,68
1,<environment.Job instance at 0x7fc6e1aa36e0>,17,21,[12  4],18,97,118,79,89
1,<environment.Job instance at 0x7fc6e1aa38c0>,18,13,[ 4 12],19,118,131,99,102
1,<environment.Job instance at 0x7fc6e1d881e0>,12,17,[10  3],13,118,135,105,106
1,<environment.Job instance at 0x7fc6e1aa3410>,16,14,[ 4 13],17,135,149,118,130
1,<environment.Job instance at 0x7fc6e1aa3820>,21,12,[1 7],22,149,161,127,133
1,<environment.Job instance at 0x7fc7254548c0>,23,24,[ 4 14],24,171,195,147,171
1,<environment.Job instance at 0x7fc7254540f0>,22,23,[ 3 11],23,195,218,172,189
1,<environment.Job instance at 0x7fc6e1d88190>,6,24,[12  2],7,234,258,227,234
1,<environment.Job instance at 0x7fc725454a50>,27,14,[ 1 11],28,246,260,218,246
1,<environment.Job instance at 0x7fc725454410>,25,13,[ 4 13],26,260,273,234,255
1,<environment.Job instance at 0x7fc725454b40>,29,14,[9 1],30,262,276,232,262
1,<environment.Job instance at 0x7fc7258c8690>,0,13,[ 3 14],1,1,14,0,1
1,<environment.Job instance at 0x7fc7258b3140>,1,21,[ 5 14],2,14,35,12,6
1,<environment.Job instance at 0x7fc7255e5d20>,8,24,[4 8],9,35,59,26,30
1,<environment.Job instance at 0x7fc72809da50>,9,22,[3 7],10,35,57,25,30
1,<environment.Job instance at 0x7fc72809d5a0>,10,21,[5 3],11,57,78,46,49
1,<environment.Job instance at 0x7fc72809d050>,11,21,[1 7],12,59,80,47,51
1,<environment.Job instance at 0x7fc7258c89b0>,2,20,[3 5],3,59,79,56,53
1,<environment.Job instance at 0x7fc72809dd20>,14,12,[11  5],15,79,91,64,62
1,<environment.Job instance at 0x7fc72809d690>,16,12,[11  1],17,91,103,74,74
1,<environment.Job instance at 0x7fc72809d640>,19,12,[ 1 13],20,91,103,71,88
1,<environment.Job instance at 0x7fc72809d910>,20,14,[11  1],21,103,117,82,88
1,<environment.Job instance at 0x7fc7255e51e0>,7,17,[12  2],8,117,134,109,107
1,<environment.Job instance at 0x7fc72809d190>,21,21,[14  1],22,134,155,112,126
1,<environment.Job instance at 0x7fc72809d6e0>,22,24,[5 5],23,155,179,132,154
1,<environment.Job instance at 0x7fc72809daa0>,25,22,[5 1],26,166,188,140,166
1,<environment.Job instance at 0x7fc72809daf0>,26,23,[12  1],27,188,211,161,183
1,<environment.Job instance at 0x7fc72809d500>,27,28,[3 8],28,197,225,169,197
1,<environment.Job instance at 0x7fc72809dc80>,24,22,[14  4],25,225,247,200,218
1,<environment.Job instance at 0x7fc72557be60>,29,21,[ 4 10],30,247,268,217,239
1,<environment.Job instance at 0x7fc72557b7d0>,30,16,[ 2 12],31,268,284,237,255
1,<environment.Job instance at 0x7fc6e16b1960>,5,18,[13  2],6,268,286,262,257
1,<environment.Job instance at 0x7fc6e16b1b40>,0,12,[13  2],1,1,13,0,1
1,<environment.Job instance at 0x7fc7255e5cd0>,5,16,[12  2],6,13,29,7,6
1,<environment.Job instance at 0x7fc6e16b1b90>,1,15,[14  4],2,29,44,27,15
1,<environment.Job instance at 0x7fc72c942cd0>,8,21,[5 5],9,44,65,35,36
1,<environment.Job instance at 0x7fc7255a6d70>,11,28,[12  2],12,65,93,53,64
1,<environment.Job instance at 0x7fc6e1e40910>,12,24,[12  5],13,93,117,80,88
1,<environment.Job instance at 0x7fc7258bba00>,14,12,[11  5],15,117,129,102,102
1,<environment.Job instance at 0x7fc727c637d0>,17,14,[ 5 11],18,129,143,111,117
1,<environment.Job instance at 0x7fc7258c8f50>,18,17,[ 3 14],19,143,160,124,131
1,<environment.Job instance at 0x7fc6e166ffa0>,19,23,[7 5],20,160,183,140,154
1,<environment.Job instance at 0x7fc6e166f960>,20,20,[5 5],21,160,180,139,154
1,<environment.Job instance at 0x7fc72591b960>,23,26,[ 1 11],24,183,209,159,180
1,<environment.Job instance at 0x7fc7255e54b0>,3,17,[14  4],4,183,200,179,182
1,<environment.Job instance at 0x7fc6e1874780>,24,12,[13  4],25,200,212,175,187
1,<environment.Job instance at 0x7fc6e1874e10>,26,15,[ 1 11],27,209,224,182,199
1,<environment.Job instance at 0x7fc6e1874a50>,28,24,[13  4],29,212,236,183,207
1,<environment.Job instance at 0x7fc6e1874230>,29,19,[3 9],30,236,255,206,226
1,<environment.Job instance at 0x7fc6e1874f50>,25,21,[9 1],26,236,257,210,228
1,<environment.Job instance at 0x7fc6e1874190>,30,19,[14  4],31,257,276,226,247
1,<environment.Job instance at 0x7fc6e1875a00>,32,24,[9 5],33,276,300,243,271
1,<environment.Job instance at 0x7fc6e16302d0>,1,12,[ 4 14],2,2,14,0,2
1,<environment.Job instance at 0x7fc7255a6870>,2,21,[ 4 14],3,14,35,11,6
1,<environment.Job instance at 0x7fc727c46820>,6,27,[11  5],7,35,62,28,33
1,<environment.Job instance at 0x7fc727c465f0>,9,17,[ 2 13],10,62,79,52,50
1,<environment.Job instance at 0x7fc727c464b0>,10,13,[11  4],11,79,92,68,63
1,<environment.Job instance at 0x7fc7259bb5f0>,11,21,[6 2],12,92,113,80,84
1,<environment.Job instance at 0x7fc7259bb730>,12,25,[14  5],13,113,138,100,109
1,<environment.Job instance at 0x7fc7259bb6e0>,13,24,[3 6],14,138,162,124,133
1,<environment.Job instance at 0x7fc728328280>,15,22,[11  3],16,138,160,122,133
1,<environment.Job instance at 0x7fc728049a50>,17,23,[10  1],18,160,183,142,154
1,<environment.Job instance at 0x7fc7280c0550>,19,22,[4 8],20,162,184,142,155
1,<environment.Job instance at 0x7fc7280c0500>,20,16,[ 4 11],21,184,200,163,183
1,<environment.Job instance at 0x7fc7280c05f0>,21,28,[ 4 13],22,200,228,178,199
1,<environment.Job instance at 0x7fc7280c07d0>,22,15,[ 5 14],23,228,243,205,214
1,<environment.Job instance at 0x7fc7282ab280>,23,25,[13  4],24,243,268,219,239
1,<environment.Job instance at 0x7fc72803d410>,4,16,[12  5],5,268,284,263,257
1,<environment.Job instance at 0x7fc725700280>,3,14,[ 1 13],4,284,298,280,270
1,<environment.Job instance at 0x7fc6e1610050>,1,28,[12  3],2,2,30,0,2
1,<environment.Job instance at 0x7fc6e1610820>,0,17,[ 2 12],1,3,20,2,3
1,<environment.Job instance at 0x7fc727ceba00>,6,26,[5 5],7,30,56,23,27
1,<environment.Job instance at 0x7fc727ceb6e0>,7,28,[3 7],8,27,55,19,27
1,<environment.Job instance at 0x7fc72580d050>,10,12,[13  5],11,56,68,45,39
1,<environment.Job instance at 0x7fc72807f140>,14,18,[ 3 14],15,68,86,53,57
1,<environment.Job instance at 0x7fc7258e4730>,2,18,[11  5],3,86,104,83,82
1,<environment.Job instance at 0x7fc72807f230>,15,15,[12  2],16,104,119,88,92
1,<environment.Job instance at 0x7fc72807f0a0>,19,19,[ 3 13],20,104,123,84,94
1,<environment.Job instance at 0x7fc72807fd20>,18,14,[ 5 13],19,123,137,104,116
1,<environment.Job instance at 0x7fc72807f050>,17,24,[ 1 13],18,137,161,119,132
1,<environment.Job instance at 0x7fc72807fb40>,23,13,[6 2],24,133,146,109,133
1,<environment.Job instance at 0x7fc72807ff00>,22,27,[12  1],23,152,179,129,152
1,<environment.Job instance at 0x7fc72807fe60>,20,17,[ 2 14],21,161,178,140,158
1,<environment.Job instance at 0x7fc72807fdc0>,24,21,[13  3],25,179,200,154,172
1,<environment.Job instance at 0x7fc72807fb90>,27,23,[8 5],28,200,223,172,194
1,<environment.Job instance at 0x7fc6e1920c30>,31,24,[5 6],32,200,224,168,195
1,<environment.Job instance at 0x7fc6e1920f00>,32,27,[12  5],33,224,251,191,222
1,<environment.Job instance at 0x7fc6e19209b0>,29,25,[5 7],30,251,276,221,247
1,<environment.Job instance at 0x7fc72580da00>,1,22,[13  3],2,2,24,0,2
1,<environment.Job instance at 0x7fc6e1920eb0>,0,17,[ 5 12],1,24,41,23,12
1,<environment.Job instance at 0x7fc7258e40f0>,8,24,[ 4 10],9,41,65,32,36
1,<environment.Job instance at 0x7fc727b8b500>,10,27,[ 3 10],11,65,92,54,63
1,<environment.Job instance at 0x7fc6e1c6a3c0>,12,13,[12  4],13,65,78,52,64
1,<environment.Job instance at 0x7fc6e16ecf50>,14,12,[ 4 14],15,92,104,77,75
1,<environment.Job instance at 0x7fc6e18dc820>,18,13,[14  2],19,104,117,85,88
1,<environment.Job instance at 0x7fc727f1e3c0>,19,14,[13  2],20,117,131,97,113
1,<environment.Job instance at 0x7fc727f1e4b0>,20,22,[ 4 12],21,131,153,110,124
1,<environment.Job instance at 0x7fc727f1ef00>,22,22,[8 2],23,131,153,108,124
1,<environment.Job instance at 0x7fc72566b370>,23,16,[ 2 11],24,153,169,129,144
1,<environment.Job instance at 0x7fc72566b3c0>,25,19,[ 3 11],26,169,188,143,159
1,<environment.Job instance at 0x7fc72566b2d0>,26,28,[5 3],27,159,187,132,159
1,<environment.Job instance at 0x7fc725977a50>,9,24,[14  5],10,191,215,181,191
1,<environment.Job instance at 0x7fc72566b230>,27,13,[ 4 11],28,215,228,187,210
1,<environment.Job instance at 0x7fc72566b9b0>,30,19,[13  3],31,228,247,197,218
1,<environment.Job instance at 0x7fc72566b6e0>,32,21,[10  4],33,247,268,214,239
1,<environment.Job instance at 0x7fc725634910>,33,15,[ 3 13],34,268,283,234,254
1,<environment.Job instance at 0x7fc6e171f280>,2,17,[10  2],3,8,25,5,8
1,<environment.Job instance at 0x7fc6e1650320>,5,25,[ 3 12],6,8,33,2,8
1,<environment.Job instance at 0x7fc725634eb0>,1,12,[11  4],2,33,45,31,17
1,<environment.Job instance at 0x7fc6e1f1acd0>,6,21,[ 3 11],7,33,54,26,25
1,<environment.Job instance at 0x7fc7258e4eb0>,7,17,[ 3 14],8,54,71,46,42
1,<environment.Job instance at 0x7fc6e18b5370>,4,18,[14  3],5,71,89,66,65
1,<environment.Job instance at 0x7fc725a135a0>,13,16,[12  1],14,89,105,75,76
1,<environment.Job instance at 0x7fc725a13280>,15,18,[ 4 11],16,105,123,89,94
1,<environment.Job instance at 0x7fc728190730>,12,17,[5 3],13,105,122,92,99
1,<environment.Job instance at 0x7fc7253ee640>,0,17,[13  1],1,123,140,122,111
1,<environment.Job instance at 0x7fc725a13910>,19,26,[ 1 10],20,123,149,103,120
1,<environment.Job instance at 0x7fc727fba050>,21,28,[ 5 10],22,149,177,127,148
1,<environment.Job instance at 0x7fc6e163a960>,22,23,[2 8],23,177,200,154,171
1,<environment.Job instance at 0x7fc6e163a500>,23,21,[8 5],24,171,192,147,171
1,<environment.Job instance at 0x7fc725a136e0>,17,15,[4 5],18,192,207,174,178
1,<environment.Job instance at 0x7fc6e1f2e910>,8,26,[ 5 13],9,207,233,198,204
1,<environment.Job instance at 0x7fc6e171fc80>,3,22,[7 5],4,233,255,229,226
1,<environment.Job instance at 0x7fc725618320>,27,28,[2 8],28,234,262,206,234
1,<environment.Job instance at 0x7fc6e163aaf0>,24,16,[13  1],25,255,271,230,242
1,<environment.Job instance at 0x7fc6e15eb730>,30,21,[9 1],31,271,292,240,263
1,<environment.Job instance at 0x7fc6e166b0f0>,31,27,[5 8],32,271,298,239,269
1,<environment.Job instance at 0x7fc7258e4be0>,2,25,[ 3 12],3,3,28,0,3
1,<environment.Job instance at 0x7fc6e1678730>,3,13,[11  1],4,9,22,5,9
1,<environment.Job instance at 0x7fc727efad70>,10,18,[ 3 11],11,28,46,17,17
1,<environment.Job instance at 0x7fc727efa550>,11,24,[14  5],12,46,70,34,41
1,<environment.Job instance at 0x7fc6e1d995f0>,5,13,[ 2 14],6,70,83,64,56
1,<environment.Job instance at 0x7fc727efae60>,7,20,[ 1 11],8,83,103,75,74
1,<environment.Job instance at 0x7fc6e17ab2d0>,4,20,[13  2],5,83,103,78,74
1,<environment.Job instance at 0x7fc72584f7d0>,16,12,[ 1 11],17,103,115,86,97
1,<environment.Job instance at 0x7fc727efa5f0>,13,18,[14  3],14,103,121,89,98
1,<environment.Job instance at 0x7fc6e15e11e0>,18,19,[11  1],19,121,140,102,111
1,<environment.Job instance at 0x7fc6e15e1730>,19,24,[5 3],20,140,164,120,135
1,<environment.Job instance at 0x7fc6e15e1b90>,20,13,[ 2 11],21,144,157,123,144
1,<environment.Job instance at 0x7fc6e15e1960>,22,21,[5 5],23,157,178,134,149
1,<environment.Job instance at 0x7fc6e15e1370>,23,16,[ 1 13],24,178,194,154,165
1,<environment.Job instance at 0x7fc6e15e1230>,26,24,[13  4],27,194,218,167,189
1,<environment.Job instance at 0x7fc6e15e1cd0>,27,21,[ 1 12],28,218,239,190,210
1,<environment.Job instance at 0x7fc6e15e1050>,28,25,[4 8],29,239,264,210,235
1,<environment.Job instance at 0x7fc6e15e1dc0>,30,19,[5 5],31,239,258,208,235
1,<environment.Job instance at 0x7fc6e15e1fa0>,31,19,[ 1 10],32,264,283,232,254
1,<environment.Job instance at 0x7fc6e1d99460>,1,26,[ 2 12],2,4,30,2,4
1,<environment.Job instance at 0x7fc6e1d99d70>,0,13,[ 4 11],1,30,43,29,19
1,<environment.Job instance at 0x7fc6e17c3b90>,6,28,[11  3],7,19,47,12,19
1,<environment.Job instance at 0x7fc6e1d999b0>,2,24,[13  2],3,47,71,44,42
1,<environment.Job instance at 0x7fc727d84640>,10,16,[13  3],11,71,87,60,58
1,<environment.Job instance at 0x7fc6e17c3d20>,7,26,[14  1],8,87,113,79,84
1,<environment.Job instance at 0x7fc6e1ee0fa0>,14,27,[6 3],15,113,140,98,111
1,<environment.Job instance at 0x7fc725769820>,16,17,[ 5 11],17,123,140,106,123
1,<environment.Job instance at 0x7fc6e1800a00>,17,16,[11  5],18,140,156,122,128
1,<environment.Job instance at 0x7fc6e18009b0>,18,27,[7 3],19,156,183,137,154
1,<environment.Job instance at 0x7fc6e1800690>,22,17,[ 2 14],23,183,200,160,171
1,<environment.Job instance at 0x7fc72551cf00>,23,19,[ 1 12],24,200,219,176,190
1,<environment.Job instance at 0x7fc72551cb40>,24,24,[8 3],25,200,224,175,195
1,<environment.Job instance at 0x7fc6e152e6e0>,25,17,[ 5 14],26,224,241,198,212
1,<environment.Job instance at 0x7fc6e152eaa0>,26,27,[12  5],27,241,268,214,239
1,<environment.Job instance at 0x7fc6e1ee0550>,13,16,[ 2 12],14,268,284,254,257
1,<environment.Job instance at 0x7fc6e1ee02d0>,12,17,[11  4],13,284,301,271,273
1,<environment.Job instance at 0x7fd881982dc0>,1,24,[10  1],2,2,26,0,2
1,<environment.Job instance at 0x7fd87a4e9230>,3,13,[12  4],4,26,39,22,11
1,<environment.Job instance at 0x7fd87a4e95a0>,8,20,[ 4 13],9,39,59,30,30
1,<environment.Job instance at 0x7fd8819827d0>,4,24,[7 2],5,39,63,34,35
1,<environment.Job instance at 0x7fd87a4e96e0>,9,16,[12  1],10,63,79,53,50
1,<environment.Job instance at 0x7fd87a4e91e0>,5,24,[ 2 14],6,63,87,57,59
1,<environment.Job instance at 0x7fd87a4e99b0>,14,15,[14  4],15,87,102,72,73
1,<environment.Job instance at 0x7fd87a4e9c30>,17,19,[12  4],18,102,121,84,92
1,<environment.Job instance at 0x7fd87a4e9c80>,18,18,[13  1],19,121,139,102,110
1,<environment.Job instance at 0x7fd87a4e9be0>,19,23,[8 4],20,139,162,119,133
1,<environment.Job instance at 0x7fd87a4e9aa0>,16,28,[5 1],17,139,167,122,138
1,<environment.Job instance at 0x7fd87a4e9a00>,20,17,[ 2 14],21,162,179,141,150
1,<environment.Job instance at 0x7fd87a4e9eb0>,23,16,[12  2],24,179,195,155,166
1,<environment.Job instance at 0x7fd87a4e9e10>,24,20,[4 6],25,195,215,170,186
1,<environment.Job instance at 0x7fd87a4ec050>,25,24,[5 7],26,195,219,169,190
1,<environment.Job instance at 0x7fd87a4ec1e0>,27,17,[ 4 12],28,219,236,191,207
1,<environment.Job instance at 0x7fd87a4ec230>,28,17,[ 1 13],29,236,253,207,224
1,<environment.Job instance at 0x7fd87a4ec2d0>,29,24,[ 4 13],30,253,277,223,248
1,<environment.Job instance at 0x7fd87a4f8cd0>,0,24,[ 2 13],1,1,25,0,1
1,<environment.Job instance at 0x7fd87a4ec460>,1,28,[7 1],2,2,30,0,2
1,<environment.Job instance at 0x7fd87a500280>,3,27,[9 2],4,30,57,26,28
1,<environment.Job instance at 0x7fd881a69370>,8,24,[12  5],9,57,81,48,52
1,<environment.Job instance at 0x7fd881a69190>,9,25,[ 2 11],10,81,106,71,77
1,<environment.Job instance at 0x7fd881a69730>,10,26,[5 4],11,81,107,70,78
1,<environment.Job instance at 0x7fd881a69280>,11,23,[ 3 14],12,107,130,95,101
1,<environment.Job instance at 0x7fd881a65aa0>,5,17,[5 8],6,130,147,124,120
1,<environment.Job instance at 0x7fd881a696e0>,15,16,[11  3],16,147,163,131,136
1,<environment.Job instance at 0x7fd881a69f00>,16,24,[13  4],17,163,187,146,160
1,<environment.Job instance at 0x7fd881a6d230>,17,18,[14  2],18,271,289,253,271
1,<environment.Job instance at 0x7fd881a6deb0>,18,14,[6 3],19,289,303,270,274
1,<environment.Job instance at 0x7fd8367b7230>,1,15,[14  2],2,6,21,4,6
1,<environment.Job instance at 0x7fd8367e8d20>,6,17,[13  5],7,21,38,14,9
1,<environment.Job instance at 0x7fd8367e8f00>,8,25,[4 5],9,38,63,29,34
1,<environment.Job instance at 0x7fd881a738c0>,3,18,[9 5],4,38,56,34,36
1,<environment.Job instance at 0x7fd8367e28c0>,9,16,[11  3],10,56,72,46,45
1,<environment.Job instance at 0x7fd8367e2960>,11,12,[12  3],12,72,84,60,55
1,<environment.Job instance at 0x7fd8367e2b90>,13,23,[ 1 11],14,63,86,49,59
1,<environment.Job instance at 0x7fd8367e23c0>,15,27,[12  4],16,84,111,68,82
1,<environment.Job instance at 0x7fd8367e2230>,16,13,[14  5],17,111,124,94,97
1,<environment.Job instance at 0x7fd8367e2370>,17,16,[ 5 11],18,124,140,106,121
1,<environment.Job instance at 0x7fd8367e2050>,18,23,[4 8],19,140,163,121,134
1,<environment.Job instance at 0x7fd8367e26e0>,12,28,[6 3],13,134,162,121,134
1,<environment.Job instance at 0x7fd8367e20f0>,19,19,[ 3 11],20,163,182,143,153
1,<environment.Job instance at 0x7fd83681c410>,21,15,[13  3],22,182,197,160,168
1,<environment.Job instance at 0x7fd83681c3c0>,22,28,[11  2],23,197,225,174,196
1,<environment.Job instance at 0x7fd8367e2e60>,20,14,[3 7],21,203,217,182,203
1,<environment.Job instance at 0x7fd83681ccd0>,23,24,[7 5],24,225,249,201,220
1,<environment.Job instance at 0x7fd83681cf50>,24,16,[ 4 10],25,227,243,202,227
1,<environment.Job instance at 0x7fd83681cfa0>,25,20,[5 8],26,243,263,217,234
1,<environment.Job instance at 0x7fd83681cdc0>,27,28,[ 1 14],28,263,291,235,262
1,<environment.Job instance at 0x7fd83681c5a0>,28,12,[13  4],29,291,303,262,274
1,<environment.Job instance at 0x7fd8368aaa00>,0,23,[3 9],1,1,24,0,1
1,<environment.Job instance at 0x7fd8368c7190>,1,19,[ 4 14],2,24,43,22,14
1,<environment.Job instance at 0x7fd8368c25f0>,8,22,[ 4 12],9,43,65,34,36
1,<environment.Job instance at 0x7fd8369311e0>,9,25,[8 2],10,43,68,33,39
1,<environment.Job instance at 0x7fd8819243c0>,13,20,[4 7],14,65,85,51,56
1,<environment.Job instance at 0x7fd8368aa320>,2,19,[7 3],3,68,87,65,60
1,<environment.Job instance at 0x7fd881924e10>,14,21,[10  3],15,87,108,72,79
1,<environment.Job instance at 0x7fd87a4f8be0>,19,25,[13  3],20,108,133,88,104
1,<environment.Job instance at 0x7fd87a4f8dc0>,20,14,[ 1 14],21,133,147,112,118
1,<environment.Job instance at 0x7fd87a4f80f0>,22,12,[ 2 13],23,147,159,124,130
1,<environment.Job instance at 0x7fd836c60f00>,23,22,[13  3],24,159,181,135,152
1,<environment.Job instance at 0x7fd836c60640>,24,20,[7 5],25,181,201,156,172
1,<environment.Job instance at 0x7fd836c60140>,25,21,[4 8],26,183,204,157,183
1,<environment.Job instance at 0x7fd836c608c0>,27,20,[8 5],28,201,221,173,192
1,<environment.Job instance at 0x7fd881924230>,16,12,[14  2],17,221,233,204,204
1,<environment.Job instance at 0x7fd836c60a00>,28,18,[11  4],29,233,251,204,224
1,<environment.Job instance at 0x7fd836c60960>,31,20,[ 3 14],32,251,271,219,242
1,<environment.Job instance at 0x7fd836c60730>,32,24,[14  5],33,271,295,238,266
1,<environment.Job instance at 0x7fd836c60c30>,1,24,[2 6],2,2,26,0,2
1,<environment.Job instance at 0x7fd8369317d0>,2,13,[ 5 12],3,26,39,23,10
1,<environment.Job instance at 0x7fd836840320>,7,25,[3 7],8,39,64,31,35
1,<environment.Job instance at 0x7fd87a999fa0>,10,25,[ 5 14],11,64,89,53,60
1,<environment.Job instance at 0x7fd8367e8d70>,11,17,[ 1 13],12,89,106,77,77
1,<environment.Job instance at 0x7fd8368c7be0>,12,16,[ 1 13],13,106,122,93,93
1,<environment.Job instance at 0x7fd87a4daaa0>,13,28,[2 7],14,122,150,108,121
1,<environment.Job instance at 0x7fd87a33fd70>,15,25,[3 9],16,150,175,134,146
1,<environment.Job instance at 0x7fd87a4d4be0>,17,13,[ 1 13],18,175,188,157,159
1,<environment.Job instance at 0x7fd87a4d42d0>,18,28,[3 6],19,188,216,169,187
1,<environment.Job instance at 0x7fd8368c2e10>,4,14,[8 4],5,191,205,186,191
1,<environment.Job instance at 0x7fd87a4d4dc0>,19,12,[ 4 11],20,216,228,196,199
1,<environment.Job instance at 0x7fd836b26af0>,25,13,[12  4],26,228,241,202,212
1,<environment.Job instance at 0x7fd836b26e10>,30,14,[ 4 13],31,241,255,210,226
1,<environment.Job instance at 0x7fd836b26a00>,31,23,[ 5 12],32,255,278,223,249
1,<environment.Job instance at 0x7fd836b26960>,32,20,[8 5],33,278,298,245,269
1,<environment.Job instance at 0x7fd8368c7c30>,0,14,[ 4 13],1,1,15,0,1
1,<environment.Job instance at 0x7fd87a36f1e0>,3,22,[ 2 14],4,15,37,11,8
1,<environment.Job instance at 0x7fd8368c2640>,1,23,[ 5 14],2,37,60,35,31
1,<environment.Job instance at 0x7fd836ba0910>,8,28,[12  2],9,60,88,51,59
1,<environment.Job instance at 0x7fd836ba00a0>,4,17,[13  4],5,88,105,83,81
1,<environment.Job instance at 0x7fd836ba0c80>,12,14,[12  1],13,105,119,92,90
1,<environment.Job instance at 0x7fd836ba0190>,6,23,[9 1],7,119,142,112,113
1,<environment.Job instance at 0x7fd836ba0b40>,14,25,[10  1],15,142,167,127,138
1,<environment.Job instance at 0x7fd836ba05f0>,17,14,[2 9],18,140,154,122,140
1,<environment.Job instance at 0x7fd836ba0e60>,18,13,[ 2 13],19,154,167,135,140
1,<environment.Job instance at 0x7fd836ba0cd0>,19,14,[13  2],20,167,181,147,152
1,<environment.Job instance at 0x7fd836ba0870>,7,24,[ 4 13],8,195,219,187,195
1,<environment.Job instance at 0x7fd836ba03c0>,16,12,[ 3 14],17,219,231,202,212
1,<environment.Job instance at 0x7fd836ba0be0>,20,18,[11  2],21,231,249,210,220
1,<environment.Job instance at 0x7fd836c53410>,25,20,[3 7],26,231,251,205,222
1,<environment.Job instance at 0x7fd836c53960>,26,26,[3 7],27,249,275,222,246
1,<environment.Job instance at 0x7fd836ba08c0>,22,20,[ 2 12],23,275,295,252,268
1,<environment.Job instance at 0x7fd836c53780>,23,20,[13  1],24,275,295,251,269
1,<environment.Job instance at 0x7fd87cbd8280>,0,13,[ 1 12],1,1,14,0,1
1,<environment.Job instance at 0x7fd8818f8b40>,1,16,[ 2 12],2,14,30,12,2
1,<environment.Job instance at 0x7fd87a758be0>,2,27,[ 3 11],3,30,57,27,28
1,<environment.Job instance at 0x7fd88191e230>,7,16,[ 4 14],8,57,73,49,44
1,<environment.Job instance at 0x7fd836a55280>,9,14,[13  3],10,73,87,63,58
1,<environment.Job instance at 0x7fd836a556e0>,10,24,[3 9],11,87,111,76,82
1,<environment.Job instance at 0x7fd87a9b05a0>,12,17,[ 3 11],13,111,128,98,99
1,<environment.Job instance at 0x7fd87a9b0550>,13,20,[8 4],14,104,124,90,104
1,<environment.Job instance at 0x7fd87a9b0a50>,14,27,[1 9],15,128,155,113,126
1,<environment.Job instance at 0x7fd836895190>,15,25,[ 2 12],16,155,180,139,151
1,<environment.Job instance at 0x7fd836a31870>,16,27,[1 6],17,180,207,163,178
1,<environment.Job instance at 0x7fd836a315a0>,17,27,[8 5],18,180,207,162,178
1,<environment.Job instance at 0x7fd836b38fa0>,20,13,[ 3 14],21,207,220,186,191
1,<environment.Job instance at 0x7fd87a7eccd0>,23,16,[11  2],24,220,236,196,207
1,<environment.Job instance at 0x7fd87a848c80>,24,27,[5 2],25,236,263,211,234
1,<environment.Job instance at 0x7fd836dc9730>,19,17,[ 1 11],20,234,251,214,234
1,<environment.Job instance at 0x7fd87cbd8140>,3,21,[ 3 13],4,251,272,247,244
1,<environment.Job instance at 0x7fd88191e780>,6,13,[14  2],7,272,285,265,260
1,<environment.Job instance at 0x7fd87a91d640>,28,13,[14  3],29,285,298,256,272
1,<environment.Job instance at 0x7fd87a253a50>,0,15,[ 3 13],1,1,16,0,1
1,<environment.Job instance at 0x7fd87a848910>,1,12,[ 3 14],2,16,28,14,2
1,<environment.Job instance at 0x7fd8818f88c0>,2,27,[6 5],3,28,55,25,26
1,<environment.Job instance at 0x7fd87a758a00>,8,16,[ 1 13],9,55,71,46,42
1,<environment.Job instance at 0x7fd8368c7dc0>,9,25,[4 7],10,71,96,61,67
1,<environment.Job instance at 0x7fd87a37c0f0>,10,18,[ 2 11],11,96,114,85,85
1,<environment.Job instance at 0x7fd87a37ce10>,11,12,[13  5],12,114,126,102,97
1,<environment.Job instance at 0x7fd87d076910>,13,27,[5 3],14,126,153,112,124
1,<environment.Job instance at 0x7fd8818f8780>,4,18,[9 1],5,126,144,121,126
1,<environment.Job instance at 0x7fd87d076a50>,14,25,[ 3 11],15,144,169,129,140
1,<environment.Job instance at 0x7fd836be4550>,16,13,[13  1],17,169,182,152,153
1,<environment.Job instance at 0x7fd87a255f50>,17,26,[ 3 13],18,182,208,164,179
1,<environment.Job instance at 0x7fd87a255c30>,19,25,[12  5],20,208,233,188,204
1,<environment.Job instance at 0x7fd87a2555f0>,20,27,[5 9],21,233,260,212,231
1,<environment.Job instance at 0x7fd836dda6e0>,15,24,[8 3],16,233,257,217,232
1,<environment.Job instance at 0x7fd836b86140>,25,27,[14  4],26,260,287,234,258
1,<environment.Job instance at 0x7fd87a37ca00>,0,28,[5 5],1,1,29,0,1
1,<environment.Job instance at 0x7fd836c53320>,1,21,[ 4 13],2,29,50,27,21
1,<environment.Job instance at 0x7fd87a91d640>,2,15,[13  2],3,50,65,47,37
1,<environment.Job instance at 0x7fd87cc2c690>,3,23,[ 5 11],4,65,88,61,60
1,<environment.Job instance at 0x7fd8815faeb0>,8,19,[11  4],9,88,107,79,81
1,<environment.Job instance at 0x7fd8815facd0>,9,22,[ 2 11],10,88,110,78,81
1,<environment.Job instance at 0x7fd8815fac80>,10,14,[8 2],11,107,121,96,95
1,<environment.Job instance at 0x7fd87cda2140>,12,12,[ 4 14],13,121,133,108,105
1,<environment.Job instance at 0x7fd8815faa50>,6,18,[13  2],7,133,151,126,122
1,<environment.Job instance at 0x7fd87cda2910>,11,21,[9 5],12,151,172,139,144
1,<environment.Job instance at 0x7fd87cda2eb0>,17,13,[ 5 12],18,172,185,154,156
1,<environment.Job instance at 0x7fd87cda2500>,18,28,[14  2],19,191,219,172,191
1,<environment.Job instance at 0x7fd87cda2690>,16,15,[12  1],17,219,234,202,208
1,<environment.Job instance at 0x7fd836b7af50>,21,20,[ 3 11],22,219,239,197,210
1,<environment.Job instance at 0x7fd87a677b90>,22,28,[9 4],23,234,262,211,233
1,<environment.Job instance at 0x7fd87cc9c190>,24,27,[ 3 13],25,262,289,237,260
1,<environment.Job instance at 0x7fd87cd7e690>,25,23,[6 2],26,260,283,234,260
1,<environment.Job instance at 0x7fd87d1a15a0>,0,20,[1 9],1,1,21,0,1
1,<environment.Job instance at 0x7fd87cde6370>,1,23,[ 4 10],2,21,44,19,15
1,<environment.Job instance at 0x7fd87ccda690>,3,14,[5 5],4,15,29,11,15
1,<environment.Job instance at 0x7fd87ccdae60>,6,28,[14  2],7,44,72,37,43
1,<environment.Job instance at 0x7fd87ccda460>,8,19,[5 8],9,72,91,63,62
1,<environment.Job instance at 0x7fd87ccda9b0>,10,27,[ 2 12],11,91,118,80,89
1,<environment.Job instance at 0x7fd87ccdab40>,11,25,[ 3 13],12,118,143,106,114
1,<environment.Job instance at 0x7fd87a71c320>,12,22,[2 8],13,143,165,130,136
1,<environment.Job instance at 0x7fd87a8e2e60>,13,27,[9 5],14,143,170,129,141
1,<environment.Job instance at 0x7fd87a436820>,14,25,[3 5],15,165,190,150,161
1,<environment.Job instance at 0x7fd87ccda410>,7,12,[1 8],8,170,182,162,162
1,<environment.Job instance at 0x7fd87ccdad70>,16,15,[11  2],17,170,185,153,162
1,<environment.Job instance at 0x7fd87ccda1e0>,15,23,[ 2 13],16,190,213,174,184
1,<environment.Job instance at 0x7fd87a48b500>,18,27,[ 4 14],19,213,240,194,211
1,<environment.Job instance at 0x7fd87a5ba0a0>,19,28,[12  5],20,240,268,220,239
1,<environment.Job instance at 0x7fd836dc1af0>,20,28,[2 5],21,240,268,219,239
1,<environment.Job instance at 0x7fd87a90d640>,21,27,[13  3],22,268,295,246,266
1,<environment.Job instance at 0x7fd87cde6780>,0,18,[ 2 12],1,1,19,0,1
1,<environment.Job instance at 0x7fd836a29690>,2,26,[ 1 10],3,19,45,16,16
1,<environment.Job instance at 0x7fd87cde68c0>,4,14,[9 3],5,17,31,12,17
1,<environment.Job instance at 0x7fd87a37c7d0>,7,19,[11  2],8,31,50,23,27
1,<environment.Job instance at 0x7fd87a6a1910>,9,12,[ 5 12],10,50,62,40,42
1,<environment.Job instance at 0x7fd87a6a1140>,10,23,[9 3],11,50,73,39,44
1,<environment.Job instance at 0x7fd87cde6af0>,5,18,[ 4 11],6,62,80,56,58
1,<environment.Job instance at 0x7fd836773b40>,13,20,[ 4 11],14,80,100,66,71
1,<environment.Job instance at 0x7fd836dd24b0>,16,18,[2 9],17,100,118,83,96
1,<environment.Job instance at 0x7fd87a90d640>,3,26,[12  5],4,103,129,99,103
1,<environment.Job instance at 0x7fd87cf20a50>,12,18,[13  5],13,129,147,116,119
1,<environment.Job instance at 0x7fd836dd2b90>,17,20,[1 5],18,125,145,107,125
1,<environment.Job instance at 0x7fd836dd2690>,18,16,[10  2],19,147,163,128,138
1,<environment.Job instance at 0x7fd87d057d70>,19,15,[13  4],20,163,178,143,151
1,<environment.Job instance at 0x7fd87d057f00>,23,23,[5 7],24,178,201,154,172
1,<environment.Job instance at 0x7fd87d057d20>,22,21,[5 4],23,178,199,155,175
1,<environment.Job instance at 0x7fd87d057e60>,24,15,[ 4 11],25,201,216,176,187
1,<environment.Job instance at 0x7fd87d0620f0>,27,25,[ 5 10],28,216,241,188,212
1,<environment.Job instance at 0x7fd87d062410>,30,17,[ 2 14],31,241,258,210,231
1,<environment.Job instance at 0x7fd87d0624b0>,31,13,[13  4],32,258,271,226,242
1,<environment.Job instance at 0x7fd87d057c30>,21,12,[13  4],22,271,283,249,261
1,<environment.Job instance at 0x7fd836773d20>,0,17,[ 3 14],1,1,18,0,1
1,<environment.Job instance at 0x7fd836978b90>,2,21,[2 6],3,18,39,15,10
1,<environment.Job instance at 0x7fd87ca42eb0>,7,23,[13  2],8,18,41,10,12
1,<environment.Job instance at 0x7fd87ca42be0>,9,25,[ 2 10],10,39,64,29,35
1,<environment.Job instance at 0x7fd836d952d0>,4,13,[ 1 13],5,64,77,59,55
1,<environment.Job instance at 0x7fd87ca42dc0>,11,24,[ 4 14],12,77,101,65,74
1,<environment.Job instance at 0x7fd87ca42d20>,12,25,[14  2],13,101,126,88,101
1,<environment.Job instance at 0x7fd87ca42820>,13,16,[8 2],14,126,142,112,113
1,<environment.Job instance at 0x7fd87a458140>,14,28,[5 9],15,127,155,112,127
1,<environment.Job instance at 0x7fd87a458f50>,15,14,[7 1],16,142,156,126,135
1,<environment.Job instance at 0x7fd87ca42b90>,8,14,[12  4],9,156,170,147,148
1,<environment.Job instance at 0x7fd87a458af0>,16,28,[12  1],17,170,198,153,170
1,<environment.Job instance at 0x7fd87a32c410>,21,23,[7 5],22,198,221,176,192
1,<environment.Job instance at 0x7fd87d178050>,24,23,[9 1],25,221,244,196,215
1,<environment.Job instance at 0x7fd87d178500>,25,22,[ 3 11],26,221,243,195,215
1,<environment.Job instance at 0x7fd87d178eb0>,26,23,[9 4],27,244,267,217,241
1,<environment.Job instance at 0x7fd87d178640>,27,13,[13  3],28,267,280,239,261
1,<environment.Job instance at 0x7fd87d178a50>,28,18,[1 8],29,274,292,245,274
1,<environment.Job instance at 0x7fd87cf78320>,0,27,[12  5],1,1,28,0,1
1,<environment.Job instance at 0x7fd87d1786e0>,1,17,[ 5 12],2,28,45,26,16
1,<environment.Job instance at 0x7fd87a72ba50>,6,14,[13  4],7,45,59,38,30
1,<environment.Job instance at 0x7fd87cc17be0>,8,27,[ 1 10],9,45,72,36,43
1,<environment.Job instance at 0x7fd87a72b780>,9,14,[13  4],10,59,73,49,47
1,<environment.Job instance at 0x7fd8369a7050>,11,24,[9 4],12,73,97,61,68
1,<environment.Job instance at 0x7fd8369a7730>,12,26,[5 5],13,73,99,60,70
1,<environment.Job instance at 0x7fd8369a76e0>,15,20,[4 6],16,97,117,81,88
1,<environment.Job instance at 0x7fd8369a75f0>,16,18,[12  1],17,117,135,100,106
1,<environment.Job instance at 0x7fd8369a7550>,17,14,[ 4 14],18,135,149,117,120
1,<environment.Job instance at 0x7fd87d20ac80>,19,23,[9 1],20,135,158,115,129
1,<environment.Job instance at 0x7fd87d20a230>,20,12,[13  2],21,158,170,137,141
1,<environment.Job instance at 0x7fd87d20aa50>,21,15,[14  4],22,170,185,148,156
1,<environment.Job instance at 0x7fd87d20ad70>,22,24,[5 3],23,185,209,162,180
1,<environment.Job instance at 0x7fd8369a7af0>,10,20,[ 5 12],11,186,206,175,186
1,<environment.Job instance at 0x7fd87d20a690>,25,16,[12  2],26,209,225,183,197
1,<environment.Job instance at 0x7fd87a6a1730>,5,23,[ 3 13],6,211,234,205,211
1,<environment.Job instance at 0x7fd87d20a1e0>,23,17,[14  4],24,234,251,210,222
1,<environment.Job instance at 0x7fd87d20afa0>,28,21,[5 5],29,251,272,222,243
1,<environment.Job instance at 0x7fd87d20a960>,27,16,[5 6],28,251,267,223,244
1,<environment.Job instance at 0x7fd87d20aa00>,29,13,[14  3],30,272,285,242,256
1,<environment.Job instance at 0x7fd87a693410>,0,14,[ 5 12],1,1,15,0,1
1,<environment.Job instance at 0x7fd87d0382d0>,2,26,[ 3 10],3,15,41,12,12
1,<environment.Job instance at 0x7fd87a6a13c0>,8,25,[9 3],9,13,38,4,13
1,<environment.Job instance at 0x7fd87a2e7820>,11,12,[ 4 14],12,41,53,29,24
1,<environment.Job instance at 0x7fd87a7da280>,12,21,[ 4 14],13,53,74,40,45
1,<environment.Job instance at 0x7fd8364fb9b0>,13,14,[ 1 13],14,74,88,60,59
1,<environment.Job instance at 0x7fd87cf78780>,15,28,[4 5],16,88,116,72,87
1,<environment.Job instance at 0x7fd836e0dcd0>,16,27,[11  5],17,90,117,73,90
1,<environment.Job instance at 0x7fd87a255960>,17,18,[11  3],18,117,135,99,107
1,<environment.Job instance at 0x7fd87a2553c0>,19,17,[ 2 13],20,135,152,115,123
1,<environment.Job instance at 0x7fd87a255050>,20,13,[11  4],21,152,165,131,136
1,<environment.Job instance at 0x7fd8367c6b90>,21,21,[6 2],22,165,186,143,157
1,<environment.Job instance at 0x7fd87a693370>,4,20,[13  5],5,186,206,181,178
1,<environment.Job instance at 0x7fd8367c6dc0>,23,24,[3 6],24,208,232,184,208
1,<environment.Job instance at 0x7fd8367e0550>,24,13,[10  4],25,267,280,242,267
1,<environment.Job instance at 0x7fd8367c6d20>,25,22,[11  3],26,280,302,254,275
1,<environment.Job instance at 0x7fd836773a50>,0,17,[ 2 12],1,1,18,0,1
1,<environment.Job instance at 0x7fd836b409b0>,1,28,[12  3],2,2,30,0,2
1,<environment.Job instance at 0x7fd83679d780>,8,21,[10  1],9,30,51,21,25
1,<environment.Job instance at 0x7fd8367c6d20>,3,16,[3 8],4,28,44,24,28
1,<environment.Job instance at 0x7fd83679d5a0>,9,23,[ 2 10],10,44,67,34,40
1,<environment.Job instance at 0x7fd8367a35f0>,10,12,[13  5],11,51,63,40,41
1,<environment.Job instance at 0x7fd8367b8be0>,2,18,[11  5],3,63,81,60,52
1,<environment.Job instance at 0x7fd836aed370>,12,16,[4 6],13,67,83,54,66
1,<environment.Job instance at 0x7fd836aed6e0>,14,18,[ 3 14],15,83,101,68,72
1,<environment.Job instance at 0x7fd836d06320>,16,24,[ 5 14],17,101,125,84,96
1,<environment.Job instance at 0x7fd836aed780>,17,24,[ 1 13],18,125,149,107,120
1,<environment.Job instance at 0x7fd836aed410>,18,14,[ 5 13],19,149,163,130,134
1,<environment.Job instance at 0x7fd881a67190>,19,19,[ 3 13],20,163,182,143,153
1,<environment.Job instance at 0x7fd836aedbe0>,15,15,[12  2],16,163,178,147,156
1,<environment.Job instance at 0x7fd8366dfd70>,21,13,[3 5],22,182,195,160,166
1,<environment.Job instance at 0x7fd83679d7d0>,7,28,[3 7],8,182,210,174,181
1,<environment.Job instance at 0x7fd87cab4aa0>,23,13,[6 2],24,184,197,160,184
1,<environment.Job instance at 0x7fd87cab4e10>,25,14,[2 9],26,210,224,184,207
1,<environment.Job instance at 0x7fd836b7a410>,26,27,[ 1 14],27,257,284,230,257
1,<environment.Job instance at 0x7fd836abc8c0>,0,27,[ 3 10],1,1,28,0,1
1,<environment.Job instance at 0x7fd87caa4c80>,1,20,[ 3 11],2,28,48,26,19
1,<environment.Job instance at 0x7fd8366d9960>,8,13,[14  2],9,48,61,39,32
1,<environment.Job instance at 0x7fd87a704460>,9,14,[13  2],10,61,75,51,46
1,<environment.Job instance at 0x7fd836916050>,12,22,[8 2],13,75,97,62,68
1,<environment.Job instance at 0x7fd8369163c0>,13,16,[ 2 11],14,68,84,54,68
1,<environment.Job instance at 0x7fd836916c80>,15,19,[ 3 11],16,84,103,68,74
1,<environment.Job instance at 0x7fd836916e60>,16,28,[5 3],17,97,125,80,96
1,<environment.Job instance at 0x7fd836916e10>,17,13,[ 4 11],18,103,116,85,96
1,<environment.Job instance at 0x7fd836916870>,18,20,[3 6],19,116,136,97,107
1,<environment.Job instance at 0x7fd87a468320>,20,19,[13  3],21,136,155,115,126
1,<environment.Job instance at 0x7fd87a468e60>,21,20,[ 2 13],22,155,175,133,146
1,<environment.Job instance at 0x7fd87a468eb0>,22,21,[10  4],23,175,196,152,167
1,<environment.Job instance at 0x7fd87a4685f0>,23,15,[ 3 13],24,196,211,172,182
1,<environment.Job instance at 0x7fd87a468640>,24,17,[11  4],25,211,228,186,199
1,<environment.Job instance at 0x7fd87a468a50>,25,20,[8 3],26,228,248,202,219
1,<environment.Job instance at 0x7fd8365bb820>,27,26,[4 9],28,221,247,193,221
1,<environment.Job instance at 0x7fd8365bb3c0>,28,26,[13  5],29,248,274,219,245
1,<environment.Job instance at 0x7fd8365bbc30>,29,19,[2 8],30,247,266,217,245
1,<environment.Job instance at 0x7fd8365bbf00>,30,12,[12  2],31,274,286,243,257
1,<environment.Job instance at 0x7fd87cfdb870>,3,19,[2 7],4,266,285,262,259
1,<environment.Job instance at 0x7fd836789e60>,1,28,[ 5 10],2,2,30,0,2
1,<environment.Job instance at 0x7fd87a704e10>,2,23,[2 8],3,30,53,27,24
1,<environment.Job instance at 0x7fd87cfdb870>,3,21,[8 5],4,27,48,23,27
1,<environment.Job instance at 0x7fd87a704960>,4,16,[13  1],5,48,64,43,38
1,<environment.Job instance at 0x7fd8366d9460>,8,17,[ 2 12],9,54,71,45,54
1,<environment.Job instance at 0x7fd8369425a0>,13,22,[ 1 13],14,71,93,57,64
1,<environment.Job instance at 0x7fd836942cd0>,10,21,[9 1],11,64,85,53,64
1,<environment.Job instance at 0x7fd881649dc0>,14,19,[4 9],15,93,112,78,83
1,<environment.Job instance at 0x7fd836532690>,16,23,[ 4 12],17,112,135,95,106
1,<environment.Job instance at 0x7fd836532cd0>,17,20,[ 1 13],18,135,155,117,126
1,<environment.Job instance at 0x7fd87a926e10>,18,26,[1 8],19,155,181,136,152
1,<environment.Job instance at 0x7fd83668c2d0>,12,13,[8 1],13,152,165,139,152
1,<environment.Job instance at 0x7fd836719640>,20,21,[1 5],21,155,176,134,152
1,<environment.Job instance at 0x7fd87a9261e0>,19,27,[14  4],20,176,203,156,174
1,<environment.Job instance at 0x7fd8367196e0>,21,21,[ 1 11],22,181,202,159,175
1,<environment.Job instance at 0x7fd87cc73140>,22,20,[11  2],23,203,223,180,194
1,<environment.Job instance at 0x7fd8369c3820>,23,16,[2 8],24,203,219,179,197
1,<environment.Job instance at 0x7fd8369c36e0>,26,17,[1 8],27,219,236,192,207
1,<environment.Job instance at 0x7fd8369c3b40>,25,26,[9 3],26,223,249,197,220
1,<environment.Job instance at 0x7fd8369c3500>,27,12,[ 2 13],28,249,261,221,232
1,<environment.Job instance at 0x7fd8369c3fa0>,30,17,[12  1],31,249,266,218,237
1,<environment.Job instance at 0x7fd8369c3b90>,31,22,[ 1 11],32,261,283,229,258
1,<environment.Job instance at 0x7fd8369ce4b0>,32,14,[14  4],33,266,280,233,258
1,<environment.Job instance at 0x7fd87a987780>,0,19,[5 5],1,1,20,0,1
1,<environment.Job instance at 0x7fd87cfac4b0>,1,19,[ 1 10],2,2,21,0,2
1,<environment.Job instance at 0x7fd836732b90>,2,25,[5 8],3,21,46,18,17
1,<environment.Job instance at 0x7fd87cde95f0>,7,14,[13  3],8,46,60,38,31
1,<environment.Job instance at 0x7fd87cde9dc0>,9,24,[12  3],10,60,84,50,55
1,<environment.Job instance at 0x7fd836d86820>,10,14,[12  4],11,84,98,73,69
1,<environment.Job instance at 0x7fd8367af690>,12,16,[12  4],13,98,114,85,85
1,<environment.Job instance at 0x7fd87a7ec190>,15,18,[13  2],16,114,132,98,103
1,<environment.Job instance at 0x7fd87a7eccd0>,16,27,[5 6],17,132,159,115,130
1,<environment.Job instance at 0x7fd87a7eca00>,17,24,[9 5],18,132,156,114,130
1,<environment.Job instance at 0x7fd87a7ec640>,18,20,[ 3 14],19,159,179,140,150
1,<environment.Job instance at 0x7fd8367d2e10>,19,20,[13  3],20,179,199,159,170
1,<environment.Job instance at 0x7fd8367d2f50>,20,27,[ 5 12],21,199,226,178,197
1,<environment.Job instance at 0x7fd8367d2d70>,22,14,[ 1 13],23,226,240,203,211
1,<environment.Job instance at 0x7fd87d0cc910>,24,24,[12  4],25,240,264,215,235
1,<environment.Job instance at 0x7fd87a73a870>,25,13,[13  1],26,264,277,238,248
1,<environment.Job instance at 0x7fd87d1b5cd0>,27,25,[11  1],28,277,302,249,273
1,<environment.Job instance at 0x7fd8367d2500>,28,24,[ 3 14],29,277,301,248,273
1,<environment.Job instance at 0x7fd8815098c0>,0,12,[ 3 11],1,6,18,5,6
1,<environment.Job instance at 0x7fd87cf33690>,7,20,[2 6],8,18,38,10,9
1,<environment.Job instance at 0x7fd8367d2500>,8,28,[5 6],9,18,46,9,17
1,<environment.Job instance at 0x7fd87cf33140>,9,22,[ 1 13],10,46,68,36,39
1,<environment.Job instance at 0x7fd87cf33500>,10,12,[11  4],11,68,80,57,51
1,<environment.Job instance at 0x7fd87cf33780>,12,21,[ 4 12],13,80,101,67,72
1,<environment.Job instance at 0x7fd87cf33320>,14,26,[ 4 13],15,101,127,86,98
1,<environment.Job instance at 0x7fd87cf33dc0>,16,26,[7 4],17,127,153,110,124
1,<environment.Job instance at 0x7fd87cfaa370>,17,24,[3 7],18,140,164,122,140
1,<environment.Job instance at 0x7fd87cfaa500>,18,17,[ 2 14],19,164,181,145,152
1,<environment.Job instance at 0x7fd87cfaacd0>,19,19,[7 5],20,181,200,161,171
1,<environment.Job instance at 0x7fd87cfaad70>,20,14,[ 3 13],21,200,214,179,189
1,<environment.Job instance at 0x7fd87cfaae60>,21,22,[9 2],22,200,222,178,195
1,<environment.Job instance at 0x7fd87cfaaeb0>,23,21,[1 6],24,214,235,190,206
1,<environment.Job instance at 0x7fd87cfaaaf0>,25,26,[12  1],26,222,248,196,219
1,<environment.Job instance at 0x7fd87cfaac30>,29,22,[2 6],30,235,257,205,235
1,<environment.Job instance at 0x7fd87cfaab40>,30,27,[ 4 12],31,257,284,226,255
1,<environment.Job instance at 0x7fd87cfaa140>,31,28,[11  3],32,262,290,230,262
1,<environment.Job instance at 0x7fd8367e8b90>,1,19,[ 3 13],2,2,21,0,2
1,<environment.Job instance at 0x7fd87d011320>,3,19,[5 8],4,21,40,17,11
1,<environment.Job instance at 0x7fd87ccee140>,8,25,[9 4],9,21,46,12,17
1,<environment.Job instance at 0x7fd836b61640>,9,26,[ 2 13],10,46,72,36,43
1,<environment.Job instance at 0x7fd836b61e60>,10,17,[11  4],11,72,89,61,60
1,<environment.Job instance at 0x7fd87cffa910>,14,18,[ 5 12],15,89,107,74,78
1,<environment.Job instance at 0x7fd87cffa730>,16,15,[ 3 12],17,107,122,90,93
1,<environment.Job instance at 0x7fd87cfb63c0>,17,19,[5 9],18,122,141,104,112
1,<environment.Job instance at 0x7fd836d1a050>,19,20,[5 8],20,141,161,121,132
1,<environment.Job instance at 0x7fd83659acd0>,20,23,[6 3],21,132,155,111,132
1,<environment.Job instance at 0x7fd836d1a500>,22,23,[ 2 11],23,161,184,138,155
1,<environment.Job instance at 0x7fd83645cd70>,23,13,[14  4],24,184,197,160,168
1,<environment.Job instance at 0x7fd87a8d6d70>,24,14,[13  2],25,168,182,143,168
1,<environment.Job instance at 0x7fd87a8d6460>,25,22,[ 5 12],26,197,219,171,190
1,<environment.Job instance at 0x7fd87a8d65a0>,26,23,[ 2 12],27,219,242,192,213
1,<environment.Job instance at 0x7fd87a8d6f50>,27,26,[6 3],28,213,239,185,213
1,<environment.Job instance at 0x7fd87a8d6b90>,28,25,[ 2 14],29,242,267,213,238
1,<environment.Job instance at 0x7fd87a8d60a0>,30,18,[13  5],31,267,285,236,256
1,<environment.Job instance at 0x7fd87a8d6550>,33,13,[12  5],34,285,298,251,269
1,<environment.Job instance at 0x7fedb900c6e0>,1,24,[10  1],2,2,26,0,2
1,<environment.Job instance at 0x7fedb8f85320>,2,20,[7 4],3,26,46,23,17
1,<environment.Job instance at 0x7fedb5e264b0>,7,26,[9 3],8,46,72,38,43
1,<environment.Job instance at 0x7fedb5e26460>,8,20,[ 4 13],9,72,92,63,63
1,<environment.Job instance at 0x7fedb5e26500>,9,16,[12  1],10,92,108,82,79
1,<environment.Job instance at 0x7fedb5e266e0>,12,28,[ 1 14],13,92,120,79,91
1,<environment.Job instance at 0x7fedb5e26820>,14,15,[14  4],15,120,135,105,106
1,<environment.Job instance at 0x7fedb5e268c0>,15,20,[ 3 12],16,135,155,119,126
1,<environment.Job instance at 0x7fedb5e26960>,16,28,[5 1],17,135,163,118,134
1,<environment.Job instance at 0x7fedb5e26cd0>,17,19,[12  4],18,163,182,145,153
1,<environment.Job instance at 0x7fedb5e26d20>,18,18,[13  1],19,182,200,163,171
1,<environment.Job instance at 0x7fedb5e26dc0>,19,23,[8 4],20,200,223,180,194
1,<environment.Job instance at 0x7fedb5e26230>,4,24,[7 2],5,200,224,195,195
1,<environment.Job instance at 0x7fedb5e26e60>,20,17,[ 2 14],21,224,241,203,212
1,<environment.Job instance at 0x7fedb5e26c30>,23,16,[12  2],24,241,257,217,228
1,<environment.Job instance at 0x7fedb5e26b40>,24,20,[4 6],25,257,277,232,248
1,<environment.Job instance at 0x7fedb5e26aa0>,25,24,[5 7],26,257,281,231,252
1,<environment.Job instance at 0x7fedb5e29320>,27,17,[ 4 12],28,281,298,253,269
1,<environment.Job instance at 0x7fedb5e34b40>,0,26,[5 4],1,1,27,0,1
1,<environment.Job instance at 0x7fedb5e29230>,1,23,[ 3 14],2,27,50,25,21
1,<environment.Job instance at 0x7fedb5e29320>,2,19,[2 5],3,50,69,47,45
1,<environment.Job instance at 0x7fedb5e34eb0>,3,17,[13  1],4,50,67,46,45
1,<environment.Job instance at 0x7fedb8fad190>,8,14,[6 3],9,67,81,58,52
1,<environment.Job instance at 0x7fedb5e349b0>,4,22,[3 8],5,69,91,64,64
1,<environment.Job instance at 0x7fedb5e34370>,6,24,[13  4],7,91,115,84,86
1,<environment.Job instance at 0x7fedb8fade10>,14,25,[14  5],15,115,140,100,111
1,<environment.Job instance at 0x7fedb8fade60>,15,24,[3 7],16,140,164,124,135
1,<environment.Job instance at 0x7fedb8fadaa0>,16,19,[3 8],17,140,159,123,136
1,<environment.Job instance at 0x7fedb5e34fa0>,5,16,[11  3],6,159,175,153,148
1,<environment.Job instance at 0x7fedb8fad960>,10,24,[ 4 11],11,164,188,153,160
1,<environment.Job instance at 0x7fedb8fad9b0>,19,16,[8 4],20,176,192,156,176
1,<environment.Job instance at 0x7fedb8fad870>,20,26,[3 9],21,188,214,167,185
1,<environment.Job instance at 0x7fedb8fad460>,9,17,[14  3],10,224,241,214,224
1,<environment.Job instance at 0x7fedb8fb0d20>,21,19,[11  4],22,241,260,219,236
1,<environment.Job instance at 0x7fedb8fb0e10>,22,24,[4 9],23,241,265,218,236
1,<environment.Job instance at 0x7fedb90ebbe0>,2,28,[11  2],3,9,37,6,9
1,<environment.Job instance at 0x7fed7217b230>,6,27,[ 4 13],7,23,50,16,23
1,<environment.Job instance at 0x7fed72161370>,1,15,[13  3],2,50,65,48,36
1,<environment.Job instance at 0x7fed7217b8c0>,10,28,[7 4],11,65,93,54,64
1,<environment.Job instance at 0x7fed7217b0f0>,11,27,[4 6],12,65,92,53,64
1,<environment.Job instance at 0x7fed72182b40>,13,20,[4 9],14,92,112,78,83
1,<environment.Job instance at 0x7fed72182280>,15,27,[12  5],16,112,139,96,110
1,<environment.Job instance at 0x7fed72182870>,16,21,[10  5],17,139,160,122,131
1,<environment.Job instance at 0x7fed72182d20>,17,28,[11  5],18,160,188,142,159
1,<environment.Job instance at 0x7fed7210e640>,3,24,[7 5],4,199,223,195,199
1,<environment.Job instance at 0x7fed72182050>,19,26,[14  1],20,223,249,203,220
1,<environment.Job instance at 0x7fed721825a0>,18,25,[14  5],19,249,274,230,245
1,<environment.Job instance at 0x7fed721d10a0>,21,26,[6 2],22,274,300,252,271
1,<environment.Job instance at 0x7fed721d1af0>,22,23,[5 8],23,277,300,254,277
1,<environment.Job instance at 0x7fed72476780>,1,20,[ 3 14],2,3,23,1,3
1,<environment.Job instance at 0x7fed722029b0>,2,24,[14  5],3,23,47,20,22
1,<environment.Job instance at 0x7fedb62c0730>,6,14,[ 1 13],7,47,61,40,33
1,<environment.Job instance at 0x7fed721d10f0>,4,12,[ 4 11],5,61,73,56,44
1,<environment.Job instance at 0x7fed721d1d70>,0,18,[11  2],1,58,76,57,58
1,<environment.Job instance at 0x7fed722270a0>,10,22,[ 3 14],11,76,98,65,69
1,<environment.Job instance at 0x7fed72234e10>,7,16,[13  5],8,98,114,90,85
1,<environment.Job instance at 0x7fedb605cc30>,5,22,[ 3 14],6,114,136,108,110
1,<environment.Job instance at 0x7fed72227b40>,12,14,[13  1],13,136,150,123,121
1,<environment.Job instance at 0x7fed72227e60>,17,28,[13  5],18,150,178,132,149
1,<environment.Job instance at 0x7fed721d1320>,3,24,[14  5],4,178,202,174,176
1,<environment.Job instance at 0x7fed72227be0>,18,23,[6 4],19,202,225,183,196
1,<environment.Job instance at 0x7fed722274b0>,21,27,[5 5],22,202,229,180,200
1,<environment.Job instance at 0x7fed722270f0>,20,15,[3 5],21,202,217,181,200
1,<environment.Job instance at 0x7fed72227500>,24,26,[12  3],25,229,255,204,226
1,<environment.Job instance at 0x7fed721fe2d0>,26,15,[13  2],27,255,270,228,244
1,<environment.Job instance at 0x7fed72227c30>,13,27,[ 4 14],14,270,297,256,268
1,<environment.Job instance at 0x7fed72204e60>,7,14,[11  4],8,8,22,0,8
1,<environment.Job instance at 0x7fed725cda50>,8,14,[14  5],9,22,36,13,9
1,<environment.Job instance at 0x7fed72234dc0>,10,18,[ 4 11],11,36,54,25,25
1,<environment.Job instance at 0x7fed7216f730>,11,18,[ 3 12],12,54,72,42,43
1,<environment.Job instance at 0x7fed72234f00>,13,24,[13  4],14,72,96,58,67
1,<environment.Job instance at 0x7fedb5c21cd0>,16,14,[13  4],17,96,110,79,81
1,<environment.Job instance at 0x7fed72204280>,3,23,[1 5],4,84,107,80,84
1,<environment.Job instance at 0x7fedb5c21d70>,17,15,[13  3],18,110,125,92,96
1,<environment.Job instance at 0x7fedb5c21f50>,20,22,[10  1],21,125,147,104,118
1,<environment.Job instance at 0x7fed7216cd20>,14,19,[ 2 13],15,125,144,110,119
1,<environment.Job instance at 0x7fedb5c21f00>,21,14,[14  2],22,147,161,125,132
1,<environment.Job instance at 0x7fed7202d230>,24,15,[14  4],25,161,176,136,147
1,<environment.Job instance at 0x7fed7202d460>,27,15,[ 5 12],28,176,191,148,163
1,<environment.Job instance at 0x7fed7202d500>,28,26,[11  4],29,191,217,162,188
1,<environment.Job instance at 0x7fed7202d5a0>,29,21,[12  2],30,217,238,187,209
1,<environment.Job instance at 0x7fed7202d640>,30,25,[6 2],31,238,263,207,234
1,<environment.Job instance at 0x7fed7220ae60>,6,16,[8 2],7,238,254,231,234
1,<environment.Job instance at 0x7fed7202d6e0>,31,23,[5 5],32,254,277,222,248
1,<environment.Job instance at 0x7fed7202d820>,33,17,[ 4 12],34,277,294,243,265
1,<environment.Job instance at 0x7fed7216fc80>,0,23,[8 4],1,1,24,0,1
1,<environment.Job instance at 0x7fed7202d820>,2,21,[11  5],3,24,45,21,16
1,<environment.Job instance at 0x7fedb5cdbfa0>,7,20,[ 5 13],8,45,65,37,36
1,<environment.Job instance at 0x7fedb5cdb730>,8,19,[ 2 14],9,65,84,56,55
1,<environment.Job instance at 0x7fedb5cdb190>,9,20,[13  2],10,84,104,74,75
1,<environment.Job instance at 0x7fedb5cdbbe0>,10,16,[ 2 14],11,104,120,93,91
1,<environment.Job instance at 0x7fedb5cdb3c0>,11,26,[7 3],12,120,146,108,117
1,<environment.Job instance at 0x7fedb5cdb230>,12,16,[ 3 13],13,146,162,133,133
1,<environment.Job instance at 0x7fedb5cdb500>,13,28,[ 5 10],14,162,190,148,161
1,<environment.Job instance at 0x7fedb84794b0>,4,27,[8 5],5,162,189,157,161
1,<environment.Job instance at 0x7fedb5cdb8c0>,14,22,[14  1],15,190,212,175,184
1,<environment.Job instance at 0x7fedb5cdb280>,16,15,[ 1 12],17,190,205,173,184
1,<environment.Job instance at 0x7fedb5cdbe10>,17,19,[1 8],18,205,224,187,195
1,<environment.Job instance at 0x7fedb5cdb0f0>,18,20,[7 4],19,212,232,193,203
1,<environment.Job instance at 0x7fedb5cdb4b0>,6,14,[7 3],7,212,226,205,209
1,<environment.Job instance at 0x7fedb5cdbdc0>,20,14,[13  5],21,232,246,211,217
1,<environment.Job instance at 0x7fedb5cdb410>,23,27,[12  4],24,246,273,222,244
1,<environment.Job instance at 0x7fedb5cdbc80>,24,18,[ 3 13],25,273,291,248,262
1,<environment.Job instance at 0x7fed72222a00>,1,14,[14  3],2,3,17,1,3
1,<environment.Job instance at 0x7fedb62cb550>,3,12,[ 5 12],4,17,29,13,6
1,<environment.Job instance at 0x7fed720f6370>,6,22,[7 2],7,17,39,10,10
1,<environment.Job instance at 0x7fedb8629c80>,8,23,[8 3],9,29,52,20,23
1,<environment.Job instance at 0x7fed7255e0a0>,10,25,[ 4 10],11,39,64,28,35
1,<environment.Job instance at 0x7fed7255e690>,13,23,[1 5],14,52,75,38,46
1,<environment.Job instance at 0x7fed7255ecd0>,14,18,[ 1 12],15,75,93,60,64
1,<environment.Job instance at 0x7fed7255ec80>,15,15,[ 3 13],16,93,108,77,79
1,<environment.Job instance at 0x7fed7255e820>,19,14,[14  1],20,108,122,88,93
1,<environment.Job instance at 0x7fedb62b61e0>,21,19,[14  4],22,122,141,100,112
1,<environment.Job instance at 0x7fed726e3910>,24,14,[ 5 13],25,141,155,116,126
1,<environment.Job instance at 0x7fedb6333370>,25,23,[ 3 10],26,155,178,129,149
1,<environment.Job instance at 0x7fed72279690>,26,20,[10  4],27,155,175,128,149
1,<environment.Job instance at 0x7fed725ed820>,27,23,[9 5],28,175,198,147,169
1,<environment.Job instance at 0x7fed722a3fa0>,29,21,[7 5],30,198,219,168,190
1,<environment.Job instance at 0x7fedb89abb90>,4,21,[5 4],5,190,211,185,190
1,<environment.Job instance at 0x7fedb5e1a780>,30,27,[ 3 13],31,219,246,188,217
1,<environment.Job instance at 0x7fed722a36e0>,31,13,[5 2],32,217,230,185,217
1,<environment.Job instance at 0x7fed7255e0f0>,17,16,[13  1],18,246,262,228,234
1,<environment.Job instance at 0x7fed723f3d20>,32,18,[11  3],33,262,280,229,251
1,<environment.Job instance at 0x7fed72700af0>,35,18,[ 3 12],36,262,280,226,252
1,<environment.Job instance at 0x7fedb893b9b0>,1,21,[12  1],2,2,23,0,2
1,<environment.Job instance at 0x7fedb6333460>,4,22,[8 3],5,23,45,18,16
1,<environment.Job instance at 0x7fed7216f2d0>,8,23,[11  2],9,45,68,36,39
1,<environment.Job instance at 0x7fed7216f050>,10,20,[13  2],11,68,88,57,59
1,<environment.Job instance at 0x7fedb5d91050>,11,21,[2 6],12,67,88,55,67
1,<environment.Job instance at 0x7fedb60e3a50>,12,23,[ 3 13],13,88,111,75,82
1,<environment.Job instance at 0x7fedb60e3e10>,13,26,[3 8],14,111,137,97,108
1,<environment.Job instance at 0x7fedb5f50c30>,14,18,[14  4],15,137,155,122,126
1,<environment.Job instance at 0x7fedb87250f0>,17,23,[9 2],18,155,178,137,149
1,<environment.Job instance at 0x7fed726f7e60>,18,26,[11  2],19,178,204,159,175
1,<environment.Job instance at 0x7fed726f7b90>,19,27,[14  4],20,204,231,184,202
1,<environment.Job instance at 0x7fedb5f79910>,21,26,[13  2],22,231,257,209,228
1,<environment.Job instance at 0x7fedb5f79af0>,22,27,[11  3],23,257,284,234,255
1,<environment.Job instance at 0x7fed722af050>,7,17,[11  3],8,284,301,276,275
1,<environment.Job instance at 0x7fedb5d91b90>,0,23,[5 5],1,1,24,0,1
1,<environment.Job instance at 0x7fedb60e3460>,3,13,[7 3],4,5,18,1,5
1,<environment.Job instance at 0x7fed722e2aa0>,5,25,[11  5],6,24,49,18,20
1,<environment.Job instance at 0x7fed722221e0>,2,25,[2 8],3,20,45,17,20
1,<environment.Job instance at 0x7fedb5d91410>,1,26,[14  4],2,49,75,47,46
1,<environment.Job instance at 0x7fed722e2500>,8,16,[4 8],9,75,91,66,62
1,<environment.Job instance at 0x7fed722e2cd0>,10,18,[10  3],11,75,93,64,64
1,<environment.Job instance at 0x7fed722e20f0>,4,25,[4 7],5,91,116,86,88
1,<environment.Job instance at 0x7fed72401cd0>,12,28,[5 4],13,102,130,89,102
1,<environment.Job instance at 0x7fed722e2f50>,7,28,[ 4 11],8,117,145,109,117
1,<environment.Job instance at 0x7fed72401aa0>,14,18,[7 4],15,130,148,115,120
1,<environment.Job instance at 0x7fed722e2e10>,9,18,[11  1],10,148,166,138,137
1,<environment.Job instance at 0x7fed7206f910>,11,24,[ 3 14],12,148,172,136,143
1,<environment.Job instance at 0x7fed72401910>,15,25,[ 5 12],16,172,197,156,168
1,<environment.Job instance at 0x7fedb5d2f140>,16,24,[7 4],17,197,221,180,192
1,<environment.Job instance at 0x7fedb5d2f9b0>,19,27,[4 5],20,197,224,177,195
1,<environment.Job instance at 0x7fedb5d2fa50>,18,15,[1 5],19,197,212,178,196
1,<environment.Job instance at 0x7fedb85a9be0>,21,16,[ 1 12],22,224,240,202,211
1,<environment.Job instance at 0x7fedb5d2f1e0>,17,21,[10  1],18,221,242,203,213
1,<environment.Job instance at 0x7fedb85a9690>,20,16,[11  1],21,242,258,221,229
1,<environment.Job instance at 0x7fedb5d4cdc0>,25,18,[ 1 12],26,240,258,214,229
1,<environment.Job instance at 0x7fed72620f00>,27,14,[12  5],28,258,272,230,248
1,<environment.Job instance at 0x7fedb6294aa0>,30,25,[8 3],31,272,297,241,268
1,<environment.Job instance at 0x7fedb85a94b0>,24,21,[6 3],25,272,293,247,271
1,<environment.Job instance at 0x7fedb891cd70>,0,21,[8 3],1,1,22,0,1
1,<environment.Job instance at 0x7fedb6184910>,4,17,[5 9],5,5,22,0,5
1,<environment.Job instance at 0x7fedb90f3b90>,2,12,[ 4 12],3,22,34,19,9
1,<environment.Job instance at 0x7fedb629c960>,5,18,[6 1],6,22,40,16,18
1,<environment.Job instance at 0x7fedb891c050>,3,27,[ 4 14],4,34,61,30,32
1,<environment.Job instance at 0x7fed7275faf0>,1,18,[11  1],2,40,58,38,37
1,<environment.Job instance at 0x7fedb8621eb0>,11,25,[14  1],12,61,86,49,57
1,<environment.Job instance at 0x7fedb8621050>,14,28,[5 7],15,86,114,71,85
1,<environment.Job instance at 0x7fedb836a0f0>,15,28,[2 5],16,86,114,70,85
1,<environment.Job instance at 0x7fedb86218c0>,16,28,[ 2 14],17,114,142,97,113
1,<environment.Job instance at 0x7fedb62065f0>,17,22,[9 4],18,142,164,124,135
1,<environment.Job instance at 0x7fedb8621f00>,18,28,[5 1],19,135,163,116,135
1,<environment.Job instance at 0x7fedb5dc1820>,23,13,[10  5],24,164,177,140,152
1,<environment.Job instance at 0x7fedb8621c80>,10,12,[5 9],11,163,175,152,153
1,<environment.Job instance at 0x7fed724c1af0>,24,15,[ 5 12],25,177,192,152,163
1,<environment.Job instance at 0x7fed727d9370>,26,23,[12  4],27,192,215,165,186
1,<environment.Job instance at 0x7fed720e8460>,28,22,[ 3 14],29,215,237,186,208
1,<environment.Job instance at 0x7fed720e8f00>,30,28,[5 5],31,237,265,206,236
1,<environment.Job instance at 0x7fed724a4460>,19,28,[1 9],20,237,265,217,236
1,<environment.Job instance at 0x7fed720e8780>,31,24,[10  1],32,265,289,233,260
1,<environment.Job instance at 0x7fedb61b7320>,35,16,[ 3 14],36,265,281,229,260
1,<environment.Job instance at 0x7fed72479be0>,2,21,[4 7],3,4,25,1,4
1,<environment.Job instance at 0x7fedb8b031e0>,4,18,[5 5],5,9,27,4,9
1,<environment.Job instance at 0x7fedb891ca50>,6,28,[ 5 13],7,27,55,20,26
1,<environment.Job instance at 0x7fed72611190>,0,24,[14  3],1,55,79,54,50
1,<environment.Job instance at 0x7fed722c5fa0>,11,28,[ 2 11],12,79,107,67,78
1,<environment.Job instance at 0x7fed72479870>,1,28,[10  3],2,86,114,84,86
1,<environment.Job instance at 0x7fedb5d2fcd0>,12,23,[5 5],13,107,130,94,101
1,<environment.Job instance at 0x7fed7244e5a0>,14,26,[ 4 12],15,130,156,115,127
1,<environment.Job instance at 0x7fedb5d2fd20>,15,12,[ 4 12],16,156,168,140,139
1,<environment.Job instance at 0x7fed7244e1e0>,16,24,[5 2],17,139,163,122,139
1,<environment.Job instance at 0x7fed72629640>,17,18,[14  4],18,168,186,150,157
1,<environment.Job instance at 0x7fed72629140>,18,12,[11  2],19,186,198,167,170
1,<environment.Job instance at 0x7fed72629780>,19,15,[ 2 12],20,186,201,166,172
1,<environment.Job instance at 0x7fedb8faebe0>,21,28,[13  2],22,198,226,176,197
1,<environment.Job instance at 0x7fedb8faefa0>,22,20,[10  2],23,226,246,203,217
1,<environment.Job instance at 0x7fedb8fae730>,24,27,[3 6],25,226,253,201,224
1,<environment.Job instance at 0x7fed7241ee60>,26,22,[ 4 10],27,253,275,226,246
1,<environment.Job instance at 0x7fed7241eeb0>,27,28,[13  2],28,275,303,247,274
1,<environment.Job instance at 0x7fed7241efa0>,29,28,[1 5],30,274,302,244,274
1,<environment.Job instance at 0x7fed72429b90>,2,19,[11  4],3,4,23,1,4
1,<environment.Job instance at 0x7fedb8975050>,4,19,[13  1],5,23,42,18,13
1,<environment.Job instance at 0x7fed7244e5f0>,0,22,[13  2],1,42,64,41,35
1,<environment.Job instance at 0x7fedb83dd3c0>,6,17,[ 3 14],7,64,81,57,54
1,<environment.Job instance at 0x7fed7244eb40>,1,23,[11  1],2,65,88,63,65
1,<environment.Job instance at 0x7fed72222af0>,8,18,[14  2],9,88,106,79,77
1,<environment.Job instance at 0x7fedb836a550>,15,25,[2 6],16,106,131,90,102
1,<environment.Job instance at 0x7fedb8772b40>,12,28,[1 5],13,109,137,96,109
1,<environment.Job instance at 0x7fedb836ab90>,17,19,[12  2],18,109,128,91,109
1,<environment.Job instance at 0x7fedb836a910>,19,23,[5 2],20,128,151,108,122
1,<environment.Job instance at 0x7fedb5cbd690>,20,25,[11  4],21,151,176,130,147
1,<environment.Job instance at 0x7fedb5cbdeb0>,21,23,[ 3 10],22,147,170,125,147
1,<environment.Job instance at 0x7fedb5cbdc30>,23,21,[ 4 13],24,176,197,152,168
1,<environment.Job instance at 0x7fed724ae460>,24,20,[12  2],25,197,217,172,188
1,<environment.Job instance at 0x7fed724ae5f0>,25,28,[ 5 12],26,217,245,191,216
1,<environment.Job instance at 0x7fedb836a7d0>,18,25,[3 5],19,245,270,226,242
1,<environment.Job instance at 0x7fed724aea00>,26,13,[ 3 12],27,270,283,243,254
1,<environment.Job instance at 0x7fed724aedc0>,28,20,[7 1],29,259,279,230,259
1,<environment.Job instance at 0x7fed72222550>,0,23,[2 7],1,1,24,0,1
1,<environment.Job instance at 0x7fed724ae5a0>,2,17,[10  5],3,5,22,2,5
1,<environment.Job instance at 0x7fedb83dd910>,1,19,[14  5],2,24,43,22,14
1,<environment.Job instance at 0x7fed7215c460>,6,13,[14  2],7,43,56,36,28
1,<environment.Job instance at 0x7fed7215c8c0>,10,21,[13  3],11,56,77,45,48
1,<environment.Job instance at 0x7fedb5bf99b0>,11,27,[13  4],12,77,104,65,75
1,<environment.Job instance at 0x7fedb5bf96e0>,13,19,[ 5 10],14,104,123,90,94
1,<environment.Job instance at 0x7fed7215c1e0>,5,14,[8 3],6,104,118,98,97
1,<environment.Job instance at 0x7fed72222aa0>,3,20,[ 4 13],4,123,143,119,122
1,<environment.Job instance at 0x7fedb5bf9a00>,14,14,[ 3 14],15,143,157,128,131
1,<environment.Job instance at 0x7fedb5bf9730>,18,26,[5 1],19,131,157,112,131
1,<environment.Job instance at 0x7fedb5bf9d20>,17,12,[14  3],18,157,169,139,149
1,<environment.Job instance at 0x7fedb5bf9410>,20,14,[5 6],21,169,183,148,155
1,<environment.Job instance at 0x7fedb5bf9910>,21,22,[13  4],22,183,205,161,176
1,<environment.Job instance at 0x7fedb5bf9320>,22,24,[1 8],23,176,200,153,176
1,<environment.Job instance at 0x7fedb5bf9dc0>,23,20,[ 5 10],24,205,225,181,196
1,<environment.Job instance at 0x7fedb5bf9fa0>,24,13,[6 4],25,205,218,180,196
1,<environment.Job instance at 0x7fedb5bf92d0>,25,15,[9 3],26,218,233,192,204
1,<environment.Job instance at 0x7fedb5bf9690>,27,16,[7 4],28,233,249,205,223
1,<environment.Job instance at 0x7fedb5bf9c30>,28,19,[8 2],29,233,252,204,223
1,<environment.Job instance at 0x7fedb5bf9640>,29,26,[7 5],30,249,275,219,246
1,<environment.Job instance at 0x7fedb5bf9a50>,30,14,[ 5 12],31,275,289,244,260
1,<environment.Job instance at 0x7fedb83ddcd0>,0,24,[ 3 14],1,1,25,0,1
1,<environment.Job instance at 0x7fedb5bf9460>,1,26,[ 4 11],2,25,51,23,22
1,<environment.Job instance at 0x7fedb8851f50>,6,28,[8 5],7,51,79,44,50
1,<environment.Job instance at 0x7fed72222500>,5,28,[6 4],6,50,78,44,50
1,<environment.Job instance at 0x7fedb5e17dc0>,9,20,[14  4],10,79,99,69,70
1,<environment.Job instance at 0x7fedb5e17280>,11,15,[ 1 12],12,99,114,87,85
1,<environment.Job instance at 0x7fedb5cb0640>,12,15,[14  5],13,114,129,101,100
1,<environment.Job instance at 0x7fed724a8550>,15,16,[ 3 11],16,129,145,113,117
1,<environment.Job instance at 0x7fedb84d7320>,17,14,[ 1 12],18,145,159,127,130
1,<environment.Job instance at 0x7fedb6137320>,18,20,[10  5],19,159,179,140,150
1,<environment.Job instance at 0x7fedb8579140>,20,17,[ 2 12],21,179,196,158,167
1,<environment.Job instance at 0x7fedb5fd9050>,21,28,[12  3],22,179,207,157,178
1,<environment.Job instance at 0x7fedb6030f50>,8,25,[11  2],9,207,232,198,203
1,<environment.Job instance at 0x7fed724a80a0>,16,13,[2 7],17,208,221,191,208
1,<environment.Job instance at 0x7fedb84d75a0>,22,18,[11  5],23,232,250,209,222
1,<environment.Job instance at 0x7fedb5c972d0>,28,21,[10  1],29,250,271,221,242
1,<environment.Job instance at 0x7fedb5c97910>,29,23,[ 2 10],30,248,271,218,248
1,<environment.Job instance at 0x7fedb5c97820>,33,26,[ 3 11],34,271,297,237,268
1,<environment.Job instance at 0x7fedb624e230>,1,22,[13  3],2,3,25,1,3
1,<environment.Job instance at 0x7fed727e93c0>,0,17,[ 5 12],1,25,42,24,14
1,<environment.Job instance at 0x7fedb61a06e0>,9,24,[14  5],10,42,66,32,37
1,<environment.Job instance at 0x7fedb85ade10>,10,27,[ 3 10],11,66,93,55,64
1,<environment.Job instance at 0x7fedb8598640>,12,13,[12  4],13,69,82,56,69
1,<environment.Job instance at 0x7fedb60a4b40>,14,12,[ 4 14],15,93,105,78,79
1,<environment.Job instance at 0x7fedb63413c0>,17,13,[ 1 10],18,105,118,87,93
1,<environment.Job instance at 0x7fed727d96e0>,18,13,[14  2],19,105,118,86,96
1,<environment.Job instance at 0x7fed727d9190>,20,22,[ 4 12],21,118,140,97,111
1,<environment.Job instance at 0x7fed7223c640>,22,22,[8 2],23,118,140,95,111
1,<environment.Job instance at 0x7fed7223c960>,23,16,[ 2 11],24,140,156,116,127
1,<environment.Job instance at 0x7fed727d95f0>,19,14,[13  2],20,140,154,120,130
1,<environment.Job instance at 0x7fed7223c280>,26,28,[5 3],27,154,182,127,153
1,<environment.Job instance at 0x7fedb5d50af0>,27,13,[ 4 11],28,156,169,128,155
1,<environment.Job instance at 0x7fedb5d50cd0>,28,20,[3 6],29,169,189,140,160
1,<environment.Job instance at 0x7fed725b60a0>,30,19,[13  3],31,189,208,158,179
1,<environment.Job instance at 0x7fedb5d50a50>,31,20,[ 2 13],32,208,228,176,199
1,<environment.Job instance at 0x7fedb5d50f50>,32,21,[10  4],33,228,249,195,220
1,<environment.Job instance at 0x7fed720d0140>,11,20,[ 3 11],12,228,248,216,220
1,<environment.Job instance at 0x7fedb5d50870>,33,15,[ 3 13],34,249,264,215,235
1,<environment.Job instance at 0x7fed7218a6e0>,37,26,[4 9],38,264,290,226,261
1,<environment.Job instance at 0x7fed7269f550>,1,28,[ 5 10],2,2,30,0,2
1,<environment.Job instance at 0x7fed71fd7af0>,2,23,[2 8],3,30,53,27,24
1,<environment.Job instance at 0x7fedb8585e10>,7,28,[2 8],8,53,81,45,52
1,<environment.Job instance at 0x7fedb61e2f50>,3,21,[8 5],4,53,74,49,53
1,<environment.Job instance at 0x7fedb8585be0>,8,17,[ 2 12],9,81,98,72,69
1,<environment.Job instance at 0x7fed71f5f0a0>,13,22,[ 1 13],14,98,120,84,91
1,<environment.Job instance at 0x7fed71f5f550>,14,19,[4 9],15,120,139,105,110
1,<environment.Job instance at 0x7fed71f5feb0>,15,21,[ 5 13],16,139,160,123,131
1,<environment.Job instance at 0x7fed71f5f1e0>,16,23,[ 4 12],17,160,183,143,154
1,<environment.Job instance at 0x7fedb88f87d0>,4,16,[13  1],5,183,199,178,174
1,<environment.Job instance at 0x7fed71f5ff00>,17,20,[ 1 13],18,183,203,165,177
1,<environment.Job instance at 0x7fed71e39280>,18,26,[1 8],19,203,229,184,200
1,<environment.Job instance at 0x7fed71e39460>,19,27,[14  4],20,203,230,183,201
1,<environment.Job instance at 0x7fedb87c2960>,21,21,[ 1 11],22,229,250,207,221
1,<environment.Job instance at 0x7fedb87c2460>,22,20,[11  2],23,230,250,207,226
1,<environment.Job instance at 0x7fedb87c2af0>,25,26,[9 3],26,250,276,224,247
1,<environment.Job instance at 0x7fedb8fb0050>,11,27,[5 8],12,250,277,238,248
1,<environment.Job instance at 0x7fed71e39550>,20,21,[1 5],21,276,297,255,275
1,<environment.Job instance at 0x7fedb87c2870>,0,14,[12  4],1,3,17,2,3
1,<environment.Job instance at 0x7fedb8585140>,2,16,[12  4],3,17,33,14,5
1,<environment.Job instance at 0x7fedb87c2690>,3,18,[13  5],4,33,51,29,22
1,<environment.Job instance at 0x7fedb8585a00>,9,20,[13  3],10,51,71,41,42
1,<environment.Job instance at 0x7fedb8585aa0>,10,27,[ 5 12],11,71,98,60,69
1,<environment.Job instance at 0x7fed71fc7960>,12,14,[ 1 13],13,98,112,85,83
1,<environment.Job instance at 0x7fedb62eb0a0>,14,24,[12  4],15,112,136,97,107
1,<environment.Job instance at 0x7fed726ddf00>,15,13,[13  1],16,136,149,120,120
1,<environment.Job instance at 0x7fedb6076870>,16,26,[2 7],17,120,146,103,120
1,<environment.Job instance at 0x7fed726dd500>,17,25,[11  1],18,149,174,131,145
1,<environment.Job instance at 0x7fedb603ed70>,18,24,[ 3 14],19,149,173,130,145
1,<environment.Job instance at 0x7fedb603e370>,19,26,[12  5],20,174,200,154,171
1,<environment.Job instance at 0x7fedb5f917d0>,21,24,[11  1],22,200,224,178,195
1,<environment.Job instance at 0x7fed722a4eb0>,22,25,[14  3],23,224,249,201,220
1,<environment.Job instance at 0x7fed722a4cd0>,23,19,[11  3],24,249,268,225,239
1,<environment.Job instance at 0x7fedb603e6e0>,25,23,[ 5 14],26,268,291,242,262
1,<environment.Job instance at 0x7fedb62eb410>,0,14,[ 3 13],1,1,15,0,1
1,<environment.Job instance at 0x7fed7227d190>,1,22,[9 2],2,2,24,0,2
1,<environment.Job instance at 0x7fedb62ebf00>,3,21,[1 6],4,15,36,11,8
1,<environment.Job instance at 0x7fed7234c2d0>,9,22,[2 6],10,15,37,5,11
1,<environment.Job instance at 0x7fed71e9daf0>,11,28,[11  3],12,24,52,12,23
1,<environment.Job instance at 0x7fed71e9d690>,12,24,[ 3 12],13,37,61,24,32
1,<environment.Job instance at 0x7fed72687960>,13,14,[ 3 12],14,61,75,47,46
1,<environment.Job instance at 0x7fed7247e320>,14,13,[12  5],15,75,88,60,59
1,<environment.Job instance at 0x7fed7247efa0>,15,13,[12  1],16,88,101,72,72
1,<environment.Job instance at 0x7fed7247ecd0>,16,18,[ 4 12],17,101,119,84,90
1,<environment.Job instance at 0x7fedb86c8b40>,17,12,[13  3],18,119,131,101,102
1,<environment.Job instance at 0x7fedb86c82d0>,18,28,[14  1],19,131,159,112,130
1,<environment.Job instance at 0x7fedb86c8f50>,21,18,[ 1 11],22,137,155,115,137
1,<environment.Job instance at 0x7fedb83d7fa0>,24,24,[14  4],25,159,183,134,154
1,<environment.Job instance at 0x7fedb8892aa0>,27,24,[11  1],28,183,207,155,178
1,<environment.Job instance at 0x7fedb8892050>,28,26,[2 7],29,184,210,155,184
1,<environment.Job instance at 0x7fedb5f96e60>,5,26,[12  1],6,207,233,201,204
1,<environment.Job instance at 0x7fedb8892190>,31,28,[ 1 11],32,210,238,178,209
1,<environment.Job instance at 0x7fedb85cdd70>,29,24,[14  2],30,233,257,203,228
1,<environment.Job instance at 0x7fedb87cb960>,34,24,[14  5],35,257,281,222,252
1,<environment.Job instance at 0x7fedb5bd74b0>,0,18,[13  5],1,4,22,3,4
1,<environment.Job instance at 0x7fedb87cbcd0>,4,22,[14  3],5,22,44,17,15
1,<environment.Job instance at 0x7fed71ea3410>,6,13,[ 5 11],7,44,57,37,28
1,<environment.Job instance at 0x7fed71ea3230>,8,27,[4 5],9,57,84,48,55
1,<environment.Job instance at 0x7fed71ea3a50>,10,13,[ 3 13],11,84,97,73,68
1,<environment.Job instance at 0x7fed71ea3b90>,11,21,[10  4],12,97,118,85,89
1,<environment.Job instance at 0x7fed71ea3500>,13,17,[13  5],14,118,135,104,106
1,<environment.Job instance at 0x7fed71ea3320>,14,25,[11  3],15,135,160,120,131
1,<environment.Job instance at 0x7fed71ea3280>,15,16,[11  1],16,160,176,144,147
1,<environment.Job instance at 0x7fed71ea31e0>,17,13,[ 5 12],18,176,189,158,160
1,<environment.Job instance at 0x7fed71ea3780>,18,25,[1 6],19,189,214,170,185
1,<environment.Job instance at 0x7fed71ea3690>,19,21,[ 4 13],20,214,235,194,206
1,<environment.Job instance at 0x7fed71ea3f50>,20,19,[11  3],21,235,254,214,225
1,<environment.Job instance at 0x7fed71ea3730>,21,14,[ 1 11],22,235,249,213,225
1,<environment.Job instance at 0x7fed71ea3460>,22,25,[ 1 12],23,249,274,226,245
1,<environment.Job instance at 0x7fed71ea3960>,23,20,[12  4],24,274,294,250,265
1,<environment.Job instance at 0x7fedb5bd7230>,1,23,[7 5],2,2,25,0,2
1,<environment.Job instance at 0x7fed71ea3960>,6,14,[ 4 14],7,25,39,18,19
1,<environment.Job instance at 0x7fedb62bf460>,5,13,[8 2],6,39,52,33,31
1,<environment.Job instance at 0x7fed72528320>,10,13,[5 5],11,39,52,28,33
1,<environment.Job instance at 0x7fedb62bfb40>,4,14,[12  3],5,52,66,47,39
1,<environment.Job instance at 0x7fed7226d730>,15,20,[2 5],16,50,70,34,50
1,<environment.Job instance at 0x7fedb8806050>,17,15,[13  3],18,66,81,48,52
1,<environment.Job instance at 0x7fedb62bf5a0>,3,17,[11  4],4,81,98,77,70
1,<environment.Job instance at 0x7fedb89b87d0>,21,14,[ 5 13],22,98,112,76,83
1,<environment.Job instance at 0x7fedb89b8410>,23,19,[5 7],24,112,131,88,102
1,<environment.Job instance at 0x7fedb61d9be0>,16,15,[ 3 14],17,133,148,116,133
1,<environment.Job instance at 0x7fed72012690>,11,27,[11  4],12,148,175,136,146
1,<environment.Job instance at 0x7fedb89b8cd0>,27,13,[ 1 11],28,148,161,120,146
1,<environment.Job instance at 0x7fedb89b83c0>,24,27,[ 4 11],25,161,188,136,161
1,<environment.Job instance at 0x7fedb5c7c5f0>,29,16,[7 4],30,175,191,145,168
1,<environment.Job instance at 0x7fedb89b8910>,25,18,[12  2],26,191,209,165,180
1,<environment.Job instance at 0x7fedb62e1730>,33,23,[ 1 10],34,188,211,154,184
1,<environment.Job instance at 0x7fedb5ea97d0>,32,15,[13  2],33,209,224,176,200
1,<environment.Job instance at 0x7fedb880df00>,37,21,[3 8],38,224,245,186,216
1,<environment.Job instance at 0x7fedb861ea00>,38,16,[12  1],39,224,240,185,216
1,<environment.Job instance at 0x7fedb5ea9d20>,34,16,[ 1 12],35,245,261,210,233
1,<environment.Job instance at 0x7fedb60307d0>,40,15,[13  3],41,245,260,204,243
1,<environment.Job instance at 0x7fed72235690>,42,17,[ 5 13],43,261,278,218,249
1,<environment.Job instance at 0x7f6337144af0>,1,24,[10  1],2,2,26,0,2
1,<environment.Job instance at 0x7f632fce3370>,4,24,[7 2],5,26,50,21,21
1,<environment.Job instance at 0x7f632fce3410>,8,20,[ 4 13],9,21,41,12,21
1,<environment.Job instance at 0x7f6337144dc0>,3,13,[12  4],4,50,63,46,34
1,<environment.Job instance at 0x7f632fce3550>,9,16,[12  1],10,63,79,53,50
1,<environment.Job instance at 0x7f632fce3910>,15,20,[ 3 12],16,63,83,47,54
1,<environment.Job instance at 0x7f632fce3870>,14,15,[14  4],15,83,98,68,69
1,<environment.Job instance at 0x7f632fce3a50>,17,19,[12  4],18,98,117,80,88
1,<environment.Job instance at 0x7f632fce3b90>,19,23,[8 4],20,117,140,97,111
1,<environment.Job instance at 0x7f632fce3c30>,20,17,[ 2 14],21,140,157,119,128
1,<environment.Job instance at 0x7f632fce3e10>,21,14,[ 4 11],22,157,171,135,142
1,<environment.Job instance at 0x7f632fce3eb0>,23,16,[12  2],24,171,187,147,158
1,<environment.Job instance at 0x7f632fce3fa0>,24,20,[4 6],25,187,207,162,178
1,<environment.Job instance at 0x7f632fce6190>,25,24,[5 7],26,187,211,161,185
1,<environment.Job instance at 0x7f632fce6320>,27,17,[ 4 12],28,211,228,183,199
1,<environment.Job instance at 0x7f632fce34b0>,6,15,[ 2 14],7,228,243,221,215
1,<environment.Job instance at 0x7f632fce3af0>,18,18,[13  1],19,228,246,209,219
1,<environment.Job instance at 0x7f632fce62d0>,28,17,[ 1 13],29,243,260,214,235
1,<environment.Job instance at 0x7f632fce3230>,5,24,[ 2 14],6,260,284,254,255
1,<environment.Job instance at 0x7f632fd9c190>,0,24,[ 4 11],1,1,25,0,1
1,<environment.Job instance at 0x7f632fcfb3c0>,4,25,[14  5],5,25,50,20,22
1,<environment.Job instance at 0x7f6337260a00>,8,27,[ 3 13],9,50,77,41,48
1,<environment.Job instance at 0x7f6337260a50>,10,26,[3 9],11,77,103,66,74
1,<environment.Job instance at 0x7f6337260050>,11,19,[11  4],12,77,96,65,74
1,<environment.Job instance at 0x7f63372605f0>,12,24,[4 9],13,103,127,90,98
1,<environment.Job instance at 0x7f633725e2d0>,14,23,[6 4],15,108,131,93,108
1,<environment.Job instance at 0x7f633725e820>,15,22,[12  2],16,131,153,115,124
1,<environment.Job instance at 0x7f632fcfb690>,5,24,[3 7],6,127,151,121,124
1,<environment.Job instance at 0x7f633725eb40>,18,13,[ 3 11],19,151,164,132,143
1,<environment.Job instance at 0x7f632fcfb2d0>,7,17,[11  1],8,153,170,145,147
1,<environment.Job instance at 0x7f633725ef50>,19,14,[14  1],20,170,184,150,162
1,<environment.Job instance at 0x7f6337262500>,22,20,[7 5],23,184,204,161,175
1,<environment.Job instance at 0x7f632fce3230>,3,13,[5 7],4,184,197,180,184
1,<environment.Job instance at 0x7f6337262eb0>,25,21,[5 9],26,197,218,171,189
1,<environment.Job instance at 0x7f6337262190>,27,19,[3 8],28,218,237,190,208
1,<environment.Job instance at 0x7f633725ea50>,20,14,[12  1],21,218,232,197,208
1,<environment.Job instance at 0x7f6337262f50>,24,16,[ 4 14],25,237,253,212,226
1,<environment.Job instance at 0x7f6337262e60>,29,14,[14  2],30,253,267,223,238
1,<environment.Job instance at 0x7f633725d7d0>,32,22,[2 8],33,267,289,234,260
1,<environment.Job instance at 0x7f63372623c0>,30,13,[12  2],31,267,280,236,260
1,<environment.Job instance at 0x7f633726c8c0>,1,26,[6 2],2,3,29,1,3
1,<environment.Job instance at 0x7f633725d0a0>,3,17,[5 9],4,6,23,2,6
1,<environment.Job instance at 0x7f6337260230>,0,17,[12  2],1,29,46,28,17
1,<environment.Job instance at 0x7f62ebfdff50>,7,20,[ 2 11],8,23,43,15,23
1,<environment.Job instance at 0x7f62ebfdfdc0>,9,12,[14  3],10,46,58,36,39
1,<environment.Job instance at 0x7f62ebfdf960>,10,23,[ 4 11],11,58,81,47,52
1,<environment.Job instance at 0x7f62ebfdf050>,11,14,[ 2 14],12,81,95,69,66
1,<environment.Job instance at 0x7f62ebfdabe0>,12,27,[1 8],13,95,122,82,93
1,<environment.Job instance at 0x7f62ebfdacd0>,13,26,[7 4],14,95,121,81,93
1,<environment.Job instance at 0x7f62ebfda960>,14,20,[14  3],15,121,141,106,112
1,<environment.Job instance at 0x7f62ebfdaf00>,15,25,[5 2],16,141,166,125,137
1,<environment.Job instance at 0x7f62ebfe5280>,2,23,[5 8],3,141,164,138,137
1,<environment.Job instance at 0x7f62ebfda140>,16,24,[6 3],17,164,188,147,159
1,<environment.Job instance at 0x7f62ebfda0f0>,20,28,[8 2],21,166,194,145,165
1,<environment.Job instance at 0x7f62ebfda190>,21,26,[14  3],22,194,220,172,191
1,<environment.Job instance at 0x7f62ebfda9b0>,17,25,[ 2 14],18,220,245,202,216
1,<environment.Job instance at 0x7f62ebfac050>,23,27,[ 3 11],24,245,272,221,243
1,<environment.Job instance at 0x7f62ebfac280>,25,21,[ 5 12],26,272,293,246,264
1,<environment.Job instance at 0x7f62ebfd7f00>,0,25,[8 3],1,1,26,0,1
1,<environment.Job instance at 0x7f62ec0e6910>,5,22,[4 7],6,12,34,6,12
1,<environment.Job instance at 0x7f62ec0c9aa0>,2,18,[14  4],3,34,52,31,24
1,<environment.Job instance at 0x7f632fa4fd20>,3,14,[14  2],4,52,66,48,37
1,<environment.Job instance at 0x7f62ec089eb0>,8,27,[1 9],9,43,70,34,43
1,<environment.Job instance at 0x7f62ec0f1f00>,13,19,[7 5],14,66,85,52,58
1,<environment.Job instance at 0x7f62ec0f1640>,14,25,[ 4 10],15,72,97,57,72
1,<environment.Job instance at 0x7f62ec0f16e0>,11,26,[ 5 14],12,99,125,87,99
1,<environment.Job instance at 0x7f62ec0f1690>,15,26,[7 1],16,110,136,94,110
1,<environment.Job instance at 0x7f62ec0f12d0>,16,21,[8 4],17,125,146,108,117
1,<environment.Job instance at 0x7f62ec329050>,20,27,[13  4],21,146,173,125,144
1,<environment.Job instance at 0x7f62ec329140>,21,17,[13  4],22,173,190,151,162
1,<environment.Job instance at 0x7f62ec329410>,22,13,[14  2],23,190,203,167,179
1,<environment.Job instance at 0x7f62ec0f1e60>,17,17,[ 4 13],18,203,220,185,195
1,<environment.Job instance at 0x7f62ec329b40>,24,24,[10  1],25,203,227,178,198
1,<environment.Job instance at 0x7f62ec329640>,28,26,[14  2],29,234,260,205,234
1,<environment.Job instance at 0x7f62ec329910>,30,27,[6 1],31,264,291,233,264
1,<environment.Job instance at 0x7f62ec0c0fa0>,31,26,[ 3 14],32,266,292,234,266
1,<environment.Job instance at 0x7f62ec0e6960>,0,23,[3 9],1,1,24,0,1
1,<environment.Job instance at 0x7f62ec089f50>,3,23,[5 5],4,6,29,2,6
1,<environment.Job instance at 0x7f62ec0c0fa0>,2,23,[5 8],3,24,47,21,19
1,<environment.Job instance at 0x7f62ec0c9d70>,6,18,[12  4],7,54,72,47,54
1,<environment.Job instance at 0x7f62ec3a44b0>,11,15,[ 2 12],12,97,112,85,97
1,<environment.Job instance at 0x7f632fe8e460>,13,21,[8 3],14,107,128,93,107
1,<environment.Job instance at 0x7f632fdb4550>,12,24,[ 1 11],13,112,136,99,108
1,<environment.Job instance at 0x7f62ec0c91e0>,5,28,[11  2],6,129,157,123,129
1,<environment.Job instance at 0x7f632fe8ebe0>,14,27,[ 3 10],15,136,163,121,134
1,<environment.Job instance at 0x7f62ec329780>,1,13,[12  5],2,157,170,155,143
1,<environment.Job instance at 0x7f62ebfd7640>,18,28,[10  4],19,170,198,151,169
1,<environment.Job instance at 0x7f62ec0df1e0>,19,16,[ 4 10],20,170,186,150,169
1,<environment.Job instance at 0x7f62ebfd7320>,22,24,[6 3],23,198,222,175,193
1,<environment.Job instance at 0x7f62ebfd7d20>,21,18,[ 1 12],22,198,216,176,193
1,<environment.Job instance at 0x7f62ec3d3cd0>,24,12,[ 5 11],25,216,228,191,212
1,<environment.Job instance at 0x7f62ec1297d0>,17,13,[12  4],18,228,241,210,212
1,<environment.Job instance at 0x7f62ec3d3e10>,26,19,[ 2 11],27,228,247,201,219
1,<environment.Job instance at 0x7f62ec3d3d20>,28,23,[11  4],29,241,264,212,236
1,<environment.Job instance at 0x7f62ec2e4370>,0,20,[12  3],1,1,21,0,1
1,<environment.Job instance at 0x7f62ec2e4870>,1,17,[ 5 14],2,21,38,19,9
1,<environment.Job instance at 0x7f63365a21e0>,7,14,[14  1],8,38,52,30,23
1,<environment.Job instance at 0x7f6336b43be0>,9,26,[3 6],10,52,78,42,49
1,<environment.Job instance at 0x7f6336b43370>,11,14,[11  5],12,52,66,40,49
1,<environment.Job instance at 0x7f6336b43320>,12,24,[ 4 12],13,78,102,65,73
1,<environment.Job instance at 0x7f6336b43a50>,13,23,[1 6],14,102,125,88,96
1,<environment.Job instance at 0x7f6336b43d70>,14,25,[12  2],15,102,127,87,98
1,<environment.Job instance at 0x7f6336b43500>,16,24,[13  1],17,127,151,110,122
1,<environment.Job instance at 0x7f6336b43820>,17,13,[11  1],18,151,164,133,135
1,<environment.Job instance at 0x7f6336b43c80>,21,20,[3 8],22,151,171,129,142
1,<environment.Job instance at 0x7f6336b43230>,22,21,[11  4],23,164,185,141,156
1,<environment.Job instance at 0x7f6336b433c0>,23,13,[13  5],24,185,198,161,171
1,<environment.Job instance at 0x7f6336b43c30>,24,16,[ 5 13],25,198,214,173,185
1,<environment.Job instance at 0x7f6336b43e60>,25,27,[ 1 10],26,214,241,188,212
1,<environment.Job instance at 0x7f6336b43730>,26,22,[9 5],27,214,236,187,212
1,<environment.Job instance at 0x7f6336c48aa0>,27,12,[14  2],28,236,248,208,219
1,<environment.Job instance at 0x7f6336c484b0>,28,23,[5 5],29,248,271,219,242
1,<environment.Job instance at 0x7f6336c48c30>,29,23,[ 3 13],30,271,294,241,265
1,<environment.Job instance at 0x7f633654c690>,0,13,[13  5],1,2,15,1,2
1,<environment.Job instance at 0x7f632fef10f0>,2,23,[ 3 14],3,15,38,12,9
1,<environment.Job instance at 0x7f62ec4fe9b0>,6,18,[12  1],7,15,33,8,9
1,<environment.Job instance at 0x7f62ec4fe280>,8,28,[ 4 12],9,38,66,29,37
1,<environment.Job instance at 0x7f6336a16b40>,11,24,[ 5 14],12,66,90,54,61
1,<environment.Job instance at 0x7f62ec1b9370>,12,27,[11  1],13,90,117,77,88
1,<environment.Job instance at 0x7f6330091230>,14,16,[ 1 14],15,90,106,75,88
1,<environment.Job instance at 0x7f63300c4d20>,15,18,[13  3],16,117,135,101,106
1,<environment.Job instance at 0x7f632ffb1be0>,18,18,[ 2 10],19,108,126,89,108
1,<environment.Job instance at 0x7f632ffb1e60>,19,13,[ 5 14],20,135,148,115,119
1,<environment.Job instance at 0x7f6336abe5f0>,20,17,[ 5 13],21,148,165,127,136
1,<environment.Job instance at 0x7f6336abe5a0>,21,27,[11  5],22,165,192,143,163
1,<environment.Job instance at 0x7f62ec2f7640>,22,22,[ 2 10],23,165,187,142,165
1,<environment.Job instance at 0x7f62ec2f7e60>,25,14,[ 5 13],26,192,206,166,177
1,<environment.Job instance at 0x7f62ec2f7820>,26,13,[ 2 14],27,206,219,179,190
1,<environment.Job instance at 0x7f62ec2f7230>,27,22,[10  1],28,192,214,164,190
1,<environment.Job instance at 0x7f62ec2f7320>,28,28,[1 7],29,219,247,190,218
1,<environment.Job instance at 0x7f62ec2f70f0>,29,24,[5 1],30,218,242,188,218
1,<environment.Job instance at 0x7f63365f0dc0>,30,15,[ 3 13],31,247,262,216,233
1,<environment.Job instance at 0x7f62ec1e60f0>,31,12,[ 3 14],32,262,274,230,245
1,<environment.Job instance at 0x7f632fc6fd70>,0,27,[ 4 12],1,1,28,0,1
1,<environment.Job instance at 0x7f62ec1e6c80>,1,22,[6 4],2,28,50,26,21
1,<environment.Job instance at 0x7f62ec4fe8c0>,5,23,[ 1 11],6,28,51,22,22
1,<environment.Job instance at 0x7f62ec4feaf0>,6,14,[11  1],7,50,64,43,35
1,<environment.Job instance at 0x7f633018e280>,8,21,[ 1 11],9,51,72,42,43
1,<environment.Job instance at 0x7f633654cf50>,9,23,[ 2 14],10,72,95,62,66
1,<environment.Job instance at 0x7f633654c460>,10,28,[5 5],11,95,123,84,94
1,<environment.Job instance at 0x7f632fe537d0>,11,21,[ 4 13],12,123,144,111,115
1,<environment.Job instance at 0x7f6336735370>,12,15,[13  2],13,144,159,131,130
1,<environment.Job instance at 0x7f62ec4fe4b0>,3,15,[2 7],4,144,159,140,130
1,<environment.Job instance at 0x7f63367351e0>,13,23,[ 5 11],14,159,182,145,153
1,<environment.Job instance at 0x7f632fb3feb0>,15,19,[3 8],16,182,201,166,172
1,<environment.Job instance at 0x7f62ec1e60f0>,2,17,[ 4 13],3,201,218,198,192
1,<environment.Job instance at 0x7f632ffa7050>,7,23,[ 2 11],8,218,241,210,213
1,<environment.Job instance at 0x7f632fb3fb90>,18,19,[11  4],19,219,238,200,219
1,<environment.Job instance at 0x7f632fb3f730>,14,26,[ 5 11],15,241,267,226,240
1,<environment.Job instance at 0x7f632fb3f410>,19,22,[ 2 11],20,271,293,251,271
1,<environment.Job instance at 0x7f632fe53af0>,0,27,[ 2 12],1,1,28,0,1
1,<environment.Job instance at 0x7f6336892050>,1,25,[ 3 13],2,28,53,26,24
1,<environment.Job instance at 0x7f62ec098320>,6,15,[11  2],7,43,58,36,43
1,<environment.Job instance at 0x7f62ec0981e0>,8,27,[ 4 14],9,58,85,49,56
1,<environment.Job instance at 0x7f62ec098e10>,9,28,[12  5],10,85,113,75,84
1,<environment.Job instance at 0x7f632fe533c0>,4,25,[3 5],5,85,110,80,84
1,<environment.Job instance at 0x7f62ec098410>,10,28,[2 5],11,110,138,99,109
1,<environment.Job instance at 0x7f62ec610780>,13,25,[11  2],14,113,138,99,109
1,<environment.Job instance at 0x7f62ec098c80>,12,26,[ 2 14],13,138,164,125,136
1,<environment.Job instance at 0x7f62ec6020f0>,16,12,[9 3],17,164,176,147,163
1,<environment.Job instance at 0x7f62ec602b40>,15,13,[14  4],16,176,189,160,165
1,<environment.Job instance at 0x7f62ec602eb0>,18,20,[ 1 11],19,169,189,150,169
1,<environment.Job instance at 0x7f62ec602aa0>,17,21,[12  2],18,189,210,171,185
1,<environment.Job instance at 0x7f62ebf94320>,20,20,[2 8],21,191,211,170,191
1,<environment.Job instance at 0x7f62ec352460>,19,14,[ 1 14],20,211,225,191,207
1,<environment.Job instance at 0x7f62ebf94aa0>,21,15,[12  3],22,225,240,203,211
1,<environment.Job instance at 0x7f62ec58b190>,24,12,[1 9],25,225,237,200,211
1,<environment.Job instance at 0x7f6336c27140>,25,16,[11  4],26,240,256,214,231
1,<environment.Job instance at 0x7f62ec11e550>,26,20,[ 5 13],27,256,276,229,254
1,<environment.Job instance at 0x7f6336c533c0>,27,20,[11  5],28,276,296,248,268
1,<environment.Job instance at 0x7f632fdd0140>,0,17,[ 2 14],1,1,18,0,1
1,<environment.Job instance at 0x7f6336ae2050>,1,13,[13  4],2,18,31,16,2
1,<environment.Job instance at 0x7f633684eeb0>,2,25,[12  2],3,31,56,28,27
1,<environment.Job instance at 0x7f632fc69320>,7,25,[ 4 14],8,56,81,48,52
1,<environment.Job instance at 0x7f632fc0b640>,8,12,[12  3],9,81,93,72,64
1,<environment.Job instance at 0x7f632fc0bf50>,9,13,[13  5],10,93,106,83,80
1,<environment.Job instance at 0x7f632fed4820>,10,24,[9 1],11,106,130,95,101
1,<environment.Job instance at 0x7f632fdd04b0>,3,28,[4 9],4,106,134,102,105
1,<environment.Job instance at 0x7f632fed4190>,11,16,[ 3 14],12,134,150,122,121
1,<environment.Job instance at 0x7f633684e3c0>,5,19,[11  4],6,150,169,144,140
1,<environment.Job instance at 0x7f632fed4550>,12,22,[1 8],13,150,172,137,146
1,<environment.Job instance at 0x7f633684efa0>,4,17,[14  1],5,169,186,164,162
1,<environment.Job instance at 0x7f632fc840a0>,17,12,[ 2 12],18,186,198,168,172
1,<environment.Job instance at 0x7f632ff71640>,18,19,[9 2],19,186,205,167,176
1,<environment.Job instance at 0x7f632ff99190>,21,21,[1 7],22,198,219,176,190
1,<environment.Job instance at 0x7f62ec17baa0>,20,20,[2 5],21,198,218,177,192
1,<environment.Job instance at 0x7f62ec2abb90>,22,17,[10  3],23,205,222,182,194
1,<environment.Job instance at 0x7f62ec699500>,25,16,[12  1],26,222,238,196,216
1,<environment.Job instance at 0x7f632fb54b40>,23,17,[ 3 12],24,220,237,196,220
1,<environment.Job instance at 0x7f62ec62a9b0>,26,14,[ 4 13],27,238,252,211,225
1,<environment.Job instance at 0x7f632fce9a00>,28,13,[ 4 12],29,252,265,223,237
1,<environment.Job instance at 0x7f6336b76f00>,29,15,[14  5],30,265,280,235,258
1,<environment.Job instance at 0x7f632fe754b0>,1,21,[14  1],2,2,23,0,2
1,<environment.Job instance at 0x7f6336b76f00>,3,15,[ 4 11],4,23,38,19,19
1,<environment.Job instance at 0x7f6336a5faf0>,0,14,[11  1],1,27,41,26,27
1,<environment.Job instance at 0x7f62ec476460>,8,16,[ 4 14],9,38,54,29,29
1,<environment.Job instance at 0x7f62ec5a2a50>,6,23,[12  1],7,54,77,47,48
1,<environment.Job instance at 0x7f62ec476370>,9,21,[ 4 10],10,77,98,67,69
1,<environment.Job instance at 0x7f62ec15b3c0>,5,22,[5 1],6,77,99,71,73
1,<environment.Job instance at 0x7f63366f3b90>,11,17,[13  4],12,99,116,87,87
1,<environment.Job instance at 0x7f632fae4550>,14,13,[ 2 12],15,116,129,101,100
1,<environment.Job instance at 0x7f632fae4410>,15,18,[14  4],16,129,147,113,118
1,<environment.Job instance at 0x7f632fae4690>,18,25,[12  5],19,147,172,128,143
1,<environment.Job instance at 0x7f6336c6a370>,13,16,[1 9],14,143,159,129,143
1,<environment.Job instance at 0x7f632fbc2b40>,21,16,[ 2 12],22,172,188,150,161
1,<environment.Job instance at 0x7f632ffd72d0>,23,24,[10  3],24,172,196,148,167
1,<environment.Job instance at 0x7f62ec398550>,10,16,[ 2 12],11,188,204,177,179
1,<environment.Job instance at 0x7f632ffd75a0>,25,25,[11  1],26,196,221,170,193
1,<environment.Job instance at 0x7f632ffd7370>,24,25,[1 9],25,205,230,180,205
1,<environment.Job instance at 0x7f632ffd7550>,28,26,[5 5],29,221,247,192,218
1,<environment.Job instance at 0x7f632ffd75f0>,26,25,[6 4],27,230,255,203,228
1,<environment.Job instance at 0x7f632ffd7870>,31,22,[12  5],32,255,277,223,248
1,<environment.Job instance at 0x7f632ffd7960>,33,17,[2 7],34,248,265,214,248
1,<environment.Job instance at 0x7f632ffd73c0>,1,14,[ 5 14],2,2,16,0,2
1,<environment.Job instance at 0x7f62ec5a2820>,2,16,[13  3],3,16,32,13,5
1,<environment.Job instance at 0x7f62ec504f00>,5,12,[ 2 14],6,32,44,26,16
1,<environment.Job instance at 0x7f6330173fa0>,9,12,[ 1 13],10,44,56,34,27
1,<environment.Job instance at 0x7f6330173550>,11,25,[9 1],12,32,57,20,28
1,<environment.Job instance at 0x7f632fa52320>,12,19,[ 2 14],13,56,75,43,46
1,<environment.Job instance at 0x7f632ffd7780>,3,20,[11  1],4,57,77,53,50
1,<environment.Job instance at 0x7f632fa52fa0>,13,17,[14  3],14,77,94,63,65
1,<environment.Job instance at 0x7f632fa522d0>,16,23,[ 1 10],17,75,98,58,69
1,<environment.Job instance at 0x7f632fa52cd0>,17,14,[ 1 11],18,98,112,80,83
1,<environment.Job instance at 0x7f632fa52c30>,19,20,[ 1 11],20,112,132,92,103
1,<environment.Job instance at 0x7f632fa521e0>,20,14,[14  1],21,105,119,84,105
1,<environment.Job instance at 0x7f632fa52e10>,21,19,[ 3 11],22,132,151,110,122
1,<environment.Job instance at 0x7f632fa520a0>,22,17,[ 5 13],23,151,168,128,139
1,<environment.Job instance at 0x7f632fa52d20>,23,15,[14  4],24,168,183,144,154
1,<environment.Job instance at 0x7f632fee78c0>,24,28,[4 5],25,183,211,158,182
1,<environment.Job instance at 0x7f632fee7e10>,26,24,[ 4 13],27,211,235,184,206
1,<environment.Job instance at 0x7f632fee74b0>,27,20,[12  4],28,235,255,207,226
1,<environment.Job instance at 0x7f632fa525a0>,18,13,[ 2 11],19,235,248,216,226
1,<environment.Job instance at 0x7f632fee75f0>,28,20,[ 5 10],29,255,275,226,246
1,<environment.Job instance at 0x7f6336e42dc0>,29,26,[3 5],30,248,274,218,246
1,<environment.Job instance at 0x7f632fee7eb0>,30,15,[ 4 12],31,275,290,244,261
1,<environment.Job instance at 0x7f63300e4780>,0,25,[ 1 11],1,1,26,0,1
1,<environment.Job instance at 0x7f62ec325aa0>,1,14,[12  4],2,3,17,1,3
1,<environment.Job instance at 0x7f63365138c0>,3,19,[2 8],4,26,45,22,16
1,<environment.Job instance at 0x7f62ebd23c30>,7,21,[10  3],8,17,38,9,16
1,<environment.Job instance at 0x7f632fbc8780>,9,13,[12  1],10,38,51,28,22
1,<environment.Job instance at 0x7f632fd9f370>,11,26,[9 5],12,51,77,39,48
1,<environment.Job instance at 0x7f62ebd155f0>,4,16,[4 9],5,51,67,46,50
1,<environment.Job instance at 0x7f632fd9ffa0>,14,17,[12  3],15,77,94,62,74
1,<environment.Job instance at 0x7f632fe74d20>,5,12,[ 3 14],6,94,106,88,84
1,<environment.Job instance at 0x7f632fd9fb90>,17,14,[9 2],18,106,120,88,92
1,<environment.Job instance at 0x7f632fd9f460>,18,17,[8 4],19,120,137,101,111
1,<environment.Job instance at 0x7f632fd9f2d0>,20,18,[14  5],21,137,155,116,134
1,<environment.Job instance at 0x7f632fd9f550>,21,13,[8 4],22,155,168,133,140
1,<environment.Job instance at 0x7f632fd9f9b0>,23,18,[1 6],24,142,160,118,142
1,<environment.Job instance at 0x7f632ff24320>,0,22,[5 4],1,1,23,0,1
1,<environment.Job instance at 0x7f632ff248c0>,1,16,[ 1 11],2,3,19,1,3
1,<environment.Job instance at 0x7f632fb45a50>,3,25,[1 9],4,19,44,15,15
1,<environment.Job instance at 0x7f632fb0c0a0>,7,28,[6 2],8,19,47,11,18
1,<environment.Job instance at 0x7f62ec34e4b0>,8,12,[ 4 12],9,44,56,35,29
1,<environment.Job instance at 0x7f63366210a0>,9,25,[2 7],10,56,81,46,52
1,<environment.Job instance at 0x7f63365131e0>,5,27,[9 3],6,57,84,51,57
1,<environment.Job instance at 0x7f62ec2bd910>,4,21,[ 4 12],5,81,102,76,76
1,<environment.Job instance at 0x7f63300e4500>,12,28,[6 1],13,84,112,71,83
1,<environment.Job instance at 0x7f633711d370>,13,21,[5 9],14,102,123,88,97
1,<environment.Job instance at 0x7f62ebd23230>,14,16,[3 9],15,123,139,108,116
1,<environment.Job instance at 0x7f63366f37d0>,15,21,[4 9],16,139,160,123,131
1,<environment.Job instance at 0x7f63366f3af0>,16,16,[ 4 12],17,160,176,143,154
1,<environment.Job instance at 0x7f63301f3dc0>,17,15,[12  4],18,176,191,158,167
1,<environment.Job instance at 0x7f62ec2775a0>,18,14,[6 3],19,191,205,172,176
1,<environment.Job instance at 0x7f63301f3fa0>,19,28,[11  1],20,206,234,186,206
1,<environment.Job instance at 0x7f632fee86e0>,20,12,[8 5],21,234,246,213,217
1,<environment.Job instance at 0x7f633015f550>,21,26,[13  2],22,246,272,224,243
1,<environment.Job instance at 0x7f62ec277690>,22,21,[ 3 11],23,272,293,249,264
1,<environment.Job instance at 0x7f63301c9cd0>,23,13,[7 4],24,272,285,248,265
1,<environment.Job instance at 0x7f63301c9c80>,24,20,[8 3],25,285,305,260,276
1,<environment.Job instance at 0x7f63366f3910>,2,17,[10  2],3,4,21,1,4
1,<environment.Job instance at 0x7f6336a70960>,1,12,[11  4],2,21,33,19,6
1,<environment.Job instance at 0x7f6330113aa0>,6,21,[ 3 11],7,12,33,5,12
1,<environment.Job instance at 0x7f62ec0ea960>,0,17,[13  1],1,33,50,32,22
1,<environment.Job instance at 0x7f632fc5a050>,8,26,[ 5 13],9,50,76,41,47
1,<environment.Job instance at 0x7f62ec1abd20>,10,25,[2 6],11,76,101,65,72
1,<environment.Job instance at 0x7f632fdf4050>,11,24,[3 5],12,76,100,64,72
1,<environment.Job instance at 0x7f632fef16e0>,13,16,[12  1],14,100,116,86,89
1,<environment.Job instance at 0x7f62ec547af0>,15,18,[ 4 11],16,116,134,100,105
1,<environment.Job instance at 0x7f62ebd148c0>,18,15,[ 4 13],19,134,149,115,120
1,<environment.Job instance at 0x7f63301eb050>,19,26,[ 1 10],20,149,175,129,146
1,<environment.Job instance at 0x7f633012bd70>,21,28,[ 5 10],22,175,203,153,174
1,<environment.Job instance at 0x7f633012ba00>,22,23,[2 8],23,203,226,180,197
1,<environment.Job instance at 0x7f62ec4a7b90>,23,21,[8 5],24,197,218,173,197
1,<environment.Job instance at 0x7f63366f3410>,3,22,[7 5],4,218,240,214,212
1,<environment.Job instance at 0x7f62ec523730>,25,28,[3 6],26,226,254,200,226
1,<environment.Job instance at 0x7f62ebfa5410>,7,17,[ 3 14],8,254,271,246,243
1,<environment.Job instance at 0x7f62ebdd31e0>,4,18,[14  3],5,271,289,266,261
1,<environment.Job instance at 0x7f6336dc74b0>,0,19,[5 5],1,1,20,0,1
1,<environment.Job instance at 0x7f62ebe1b320>,1,19,[ 1 10],2,2,21,0,2
1,<environment.Job instance at 0x7f62ebdd3f50>,2,25,[5 8],3,21,46,18,17
1,<environment.Job instance at 0x7f6336571690>,7,14,[13  3],8,46,60,38,31
1,<environment.Job instance at 0x7f63368f6a00>,9,24,[12  3],10,60,84,50,55
1,<environment.Job instance at 0x7f63368f6640>,10,14,[12  4],11,84,98,73,69
1,<environment.Job instance at 0x7f63368f6050>,12,16,[12  4],13,98,114,85,86
1,<environment.Job instance at 0x7f6336621500>,4,14,[12  4],5,114,128,109,99
1,<environment.Job instance at 0x7f62ebcd3e10>,15,18,[13  2],16,128,146,112,117
1,<environment.Job instance at 0x7f62ebcd36e0>,19,20,[13  3],20,146,166,126,137
1,<environment.Job instance at 0x7f62ebcd3190>,20,27,[ 5 12],21,166,193,145,164
1,<environment.Job instance at 0x7f62ebcd3870>,22,14,[ 1 13],23,193,207,170,178
1,<environment.Job instance at 0x7f62ebcd3af0>,24,24,[12  4],25,207,231,182,202
1,<environment.Job instance at 0x7f62ebcd3820>,25,13,[13  1],26,231,244,205,216
1,<environment.Job instance at 0x7f62ebcd3a50>,26,26,[2 7],27,218,244,191,218
1,<environment.Job instance at 0x7f62ebcd3640>,27,25,[11  1],28,244,269,216,240
1,<environment.Job instance at 0x7f62ebcd3230>,28,24,[ 3 14],29,244,268,215,243
1,<environment.Job instance at 0x7f62ebcd3be0>,29,26,[12  5],30,269,295,239,266
1,<environment.Job instance at 0x7f6336571fa0>,0,14,[ 3 13],1,1,15,0,1
1,<environment.Job instance at 0x7f6336571af0>,1,22,[9 2],2,2,24,0,2
1,<environment.Job instance at 0x7f6336621e10>,3,21,[1 6],4,15,36,11,8
1,<environment.Job instance at 0x7f632fc5acd0>,9,22,[2 6],10,15,37,5,10
1,<environment.Job instance at 0x7f63301b9b40>,10,27,[ 4 12],11,37,64,26,35
1,<environment.Job instance at 0x7f63301b9910>,11,28,[11  3],12,35,63,23,35
1,<environment.Job instance at 0x7f63300bd550>,13,14,[ 3 12],14,64,78,50,63
1,<environment.Job instance at 0x7f63300bdc80>,14,13,[12  5],15,78,91,63,65
1,<environment.Job instance at 0x7f633658ae10>,15,13,[12  1],16,91,104,75,75
1,<environment.Job instance at 0x7f6336572320>,16,18,[ 4 12],17,104,122,87,93
1,<environment.Job instance at 0x7f6336571be0>,4,18,[7 2],5,104,122,99,93
1,<environment.Job instance at 0x7f6336572280>,17,12,[13  3],18,122,134,104,111
1,<environment.Job instance at 0x7f633679b050>,6,17,[2 7],7,128,145,121,128
1,<environment.Job instance at 0x7f6336571050>,5,26,[12  1],6,136,162,130,136
1,<environment.Job instance at 0x7f6336572f50>,21,18,[ 1 11],22,145,163,123,143
1,<environment.Job instance at 0x7f6336572c30>,24,24,[14  4],25,162,186,137,157
1,<environment.Job instance at 0x7f6336572e60>,23,12,[2 5],24,186,198,162,169
1,<environment.Job instance at 0x7f633655beb0>,27,24,[11  1],28,186,210,158,181
1,<environment.Job instance at 0x7f633655bb90>,28,26,[2 7],29,186,212,157,184
1,<environment.Job instance at 0x7f633655b730>,30,23,[ 2 11],31,212,235,181,207
1,<environment.Job instance at 0x7f633655baf0>,31,28,[ 1 11],32,235,263,203,234
1,<environment.Job instance at 0x7f633655b5f0>,32,16,[7 1],33,234,250,201,234
1,<environment.Job instance at 0x7f633655ba50>,33,15,[4 6],34,263,278,229,249
1,<environment.Job instance at 0x7f633655b2d0>,35,24,[8 3],36,250,274,214,249
1,<environment.Job instance at 0x7f633655bcd0>,36,16,[14  1],37,278,294,241,265
1,<environment.Job instance at 0x7f63301f3eb0>,0,13,[ 3 13],1,1,14,0,1
1,<environment.Job instance at 0x7f62ebe064b0>,1,21,[10  4],2,14,35,12,6
1,<environment.Job instance at 0x7f632fa93d70>,7,13,[ 5 12],8,35,48,27,25
1,<environment.Job instance at 0x7f632fe14780>,8,25,[1 6],9,48,73,39,44
1,<environment.Job instance at 0x7f6336914c80>,9,21,[ 4 13],10,73,94,63,65
1,<environment.Job instance at 0x7f632fc84cd0>,2,12,[9 2],3,65,77,62,65
1,<environment.Job instance at 0x7f632fe74050>,10,19,[11  3],11,94,113,83,84
1,<environment.Job instance at 0x7f632fae49b0>,12,25,[ 1 12],13,94,119,81,90
1,<environment.Job instance at 0x7f632fe74e10>,13,20,[12  4],14,119,139,105,110
1,<environment.Job instance at 0x7f632fe14eb0>,11,14,[ 1 11],12,119,133,107,110
1,<environment.Job instance at 0x7f62ec44bc80>,14,23,[5 1],15,139,162,124,133
1,<environment.Job instance at 0x7f62ec44b0a0>,17,27,[ 3 13],18,139,166,121,137
1,<environment.Job instance at 0x7f6336892280>,18,12,[ 2 13],19,166,178,147,149
1,<environment.Job instance at 0x7f62ec102370>,19,19,[ 1 14],20,178,197,158,168
1,<environment.Job instance at 0x7f632fa93550>,5,16,[11  1],6,173,189,167,173
1,<environment.Job instance at 0x7f632fe0d910>,3,17,[13  5],4,197,214,193,190
1,<environment.Job instance at 0x7f62ec080eb0>,25,12,[12  2],26,214,226,188,197
1,<environment.Job instance at 0x7f62ec5040a0>,27,24,[ 3 11],28,214,238,186,210
1,<environment.Job instance at 0x7f633655bcd0>,4,25,[11  3],5,228,253,223,228
1,<environment.Job instance at 0x7f62ec1028c0>,22,16,[13  5],23,253,269,230,241
1,<environment.Job instance at 0x7f62ec61b8c0>,36,19,[ 1 11],37,269,288,232,259
1,<environment.Job instance at 0x7f63368f96e0>,1,14,[ 5 13],2,2,16,0,2
1,<environment.Job instance at 0x7f63368f97d0>,3,19,[5 7],4,16,35,12,7
1,<environment.Job instance at 0x7f62ec478410>,7,13,[ 1 11],8,35,48,27,19
1,<environment.Job instance at 0x7f62ec478a00>,12,15,[13  2],13,37,52,24,37
1,<environment.Job instance at 0x7f62ec478c30>,13,23,[ 1 10],14,48,71,34,42
1,<environment.Job instance at 0x7f62ec478320>,14,16,[ 1 12],15,71,87,56,58
1,<environment.Job instance at 0x7f62ec478be0>,15,24,[10  2],16,58,82,42,58
1,<environment.Job instance at 0x7f62ec478500>,16,24,[ 1 10],17,87,111,70,82
1,<environment.Job instance at 0x7f62ec478b40>,17,21,[3 8],18,111,132,93,103
1,<environment.Job instance at 0x7f62ec478820>,18,16,[12  1],19,103,119,84,103
1,<environment.Job instance at 0x7f63368f9f00>,8,15,[4 7],9,119,134,110,107
1,<environment.Job instance at 0x7f62ec478230>,20,15,[13  3],21,134,149,113,120
1,<environment.Job instance at 0x7f62ec478640>,22,17,[ 5 13],23,149,166,126,137
1,<environment.Job instance at 0x7f632fa665f0>,23,22,[14  1],24,166,188,142,159
1,<environment.Job instance at 0x7f632fa66410>,25,24,[14  5],26,188,212,162,183
1,<environment.Job instance at 0x7f632fa66a00>,26,25,[ 3 14],27,212,237,185,208
1,<environment.Job instance at 0x7f632fa66690>,27,25,[6 2],28,237,262,209,233
1,<environment.Job instance at 0x7f62ec4783c0>,21,21,[1 8],22,237,258,215,233
1,<environment.Job instance at 0x7f63368f95a0>,5,18,[12  2],6,262,280,256,251
1,<environment.Job instance at 0x7f632fa66c30>,33,27,[2 7],34,258,285,224,256
1,<environment.Job instance at 0x7f63366e7780>,0,25,[ 5 12],1,1,26,0,1
1,<environment.Job instance at 0x7f63366e7820>,1,16,[ 5 11],2,26,42,24,13
1,<environment.Job instance at 0x7f62ebc002d0>,7,24,[5 2],8,13,37,5,13
1,<environment.Job instance at 0x7f62ebc00f50>,8,17,[ 3 14],9,42,59,33,30
1,<environment.Job instance at 0x7f62ebc00640>,9,22,[1 7],10,59,81,49,52
1,<environment.Job instance at 0x7f63366e7500>,3,28,[9 1],4,52,80,48,52
1,<environment.Job instance at 0x7f632fe9ac80>,2,17,[5 6],3,59,76,56,56
1,<environment.Job instance at 0x7f62ebc003c0>,10,19,[14  5],11,80,99,69,70
1,<environment.Job instance at 0x7f62ec160c80>,13,23,[ 3 11],14,99,122,85,93
1,<environment.Job instance at 0x7f62ec160be0>,14,26,[8 3],15,99,125,84,96
1,<environment.Job instance at 0x7f633684e1e0>,16,21,[14  4],17,125,146,108,117
1,<environment.Job instance at 0x7f62ec134d20>,18,26,[10  1],19,146,172,127,143
1,<environment.Job instance at 0x7f62ec134870>,20,20,[11  5],21,172,192,151,163
1,<environment.Job instance at 0x7f62ec134280>,21,12,[ 4 13],22,192,204,170,175
1,<environment.Job instance at 0x7f62ec17b5a0>,22,28,[ 5 13],23,204,232,181,203
1,<environment.Job instance at 0x7f6336ad3c80>,24,13,[ 3 11],25,232,245,207,216
1,<environment.Job instance at 0x7f6336ad3fa0>,25,21,[3 5],26,245,266,219,237
1,<environment.Job instance at 0x7f62ec324b40>,27,23,[ 1 11],28,266,289,238,260
1,<environment.Job instance at 0x7f6be8b66320>,1,24,[10  1],2,3,27,1,3
1,<environment.Job instance at 0x7f6be8b660a0>,3,13,[12  4],4,27,40,23,11
1,<environment.Job instance at 0x7f6be1757550>,7,26,[9 3],8,40,66,32,37
1,<environment.Job instance at 0x7f6be1757500>,8,20,[ 4 13],9,66,86,57,57
1,<environment.Job instance at 0x7f6be17575a0>,9,16,[12  1],10,86,102,76,73
1,<environment.Job instance at 0x7f6be1757960>,12,28,[ 1 14],13,86,114,73,85
1,<environment.Job instance at 0x7f6be1757aa0>,14,15,[14  4],15,114,129,99,100
1,<environment.Job instance at 0x7f6be1757b40>,15,20,[ 3 12],16,129,149,113,120
1,<environment.Job instance at 0x7f6be1757be0>,16,28,[5 1],17,129,157,112,128
1,<environment.Job instance at 0x7f6be1757c80>,17,19,[12  4],18,157,176,139,147
1,<environment.Job instance at 0x7f6be1757d20>,18,18,[13  1],19,176,194,157,165
1,<environment.Job instance at 0x7f6be1757dc0>,19,23,[8 4],20,194,217,174,188
1,<environment.Job instance at 0x7f6be8b661e0>,2,20,[7 4],3,194,214,191,189
1,<environment.Job instance at 0x7f6be1757e60>,20,17,[ 2 14],21,217,234,196,205
1,<environment.Job instance at 0x7f6be1757820>,23,16,[12  2],24,234,250,210,221
1,<environment.Job instance at 0x7f6be17574b0>,24,20,[4 6],25,250,270,225,241
1,<environment.Job instance at 0x7f6be1757460>,25,24,[5 7],26,250,274,224,245
1,<environment.Job instance at 0x7f6be175a320>,27,17,[ 4 12],28,274,291,246,262
1,<environment.Job instance at 0x7f6be1766820>,0,26,[3 9],1,1,27,0,1
1,<environment.Job instance at 0x7f6be1766e10>,4,23,[6 4],5,9,32,4,9
1,<environment.Job instance at 0x7f6be175a230>,1,19,[11  4],2,32,51,30,22
1,<environment.Job instance at 0x7f6be8ccdcd0>,9,14,[14  1],10,51,65,41,40
1,<environment.Job instance at 0x7f6be8ccd690>,11,17,[12  4],12,65,82,53,53
1,<environment.Job instance at 0x7f6be8ccd550>,12,20,[7 5],13,82,102,69,73
1,<environment.Job instance at 0x7f6be8cd6f50>,14,16,[ 4 14],15,102,118,87,89
1,<environment.Job instance at 0x7f6be8cd63c0>,15,21,[5 9],16,118,139,102,110
1,<environment.Job instance at 0x7f6be8cd6500>,17,19,[3 8],18,139,158,121,129
1,<environment.Job instance at 0x7f6be8ccdc30>,10,14,[12  1],11,139,153,128,134
1,<environment.Job instance at 0x7f6be8cd6870>,19,14,[14  2],20,158,172,138,143
1,<environment.Job instance at 0x7f6be8cd6820>,21,27,[3 6],22,172,199,150,170
1,<environment.Job instance at 0x7f6be8cdc1e0>,22,22,[2 8],23,172,194,149,172
1,<environment.Job instance at 0x7f6be8cdc190>,25,13,[12  2],26,194,207,168,178
1,<environment.Job instance at 0x7f6be8ccc640>,26,27,[10  5],27,207,234,180,205
1,<environment.Job instance at 0x7f6be8cd6f00>,20,13,[12  2],21,234,247,213,221
1,<environment.Job instance at 0x7f6be1766f50>,5,22,[12  2],6,247,269,241,241
1,<environment.Job instance at 0x7f6be1766870>,0,28,[8 2],1,1,29,0,1
1,<environment.Job instance at 0x7f6be8ccd460>,3,27,[ 3 11],4,5,32,1,5
1,<environment.Job instance at 0x7f6be8ce0f50>,1,26,[14  3],2,32,58,30,29
1,<environment.Job instance at 0x7f6be1766690>,7,23,[9 5],8,58,81,50,52
1,<environment.Job instance at 0x7f6b9da57820>,11,25,[12  5],12,81,106,69,77
1,<environment.Job instance at 0x7f6b9da57af0>,12,24,[6 4],13,106,130,93,101
1,<environment.Job instance at 0x7f6b9da571e0>,14,23,[13  3],15,130,153,115,124
1,<environment.Job instance at 0x7f6b9da57640>,17,25,[4 9],18,153,178,135,149
1,<environment.Job instance at 0x7f6b9da57e10>,18,26,[6 1],19,153,179,134,150
1,<environment.Job instance at 0x7f6b9da57fa0>,19,28,[5 9],20,178,206,158,177
1,<environment.Job instance at 0x7f6b9da57410>,20,24,[4 8],21,206,230,185,201
1,<environment.Job instance at 0x7f6b9da522d0>,21,20,[5 5],22,201,221,179,201
1,<environment.Job instance at 0x7f6b9da52e60>,22,23,[10  5],23,221,244,198,215
1,<environment.Job instance at 0x7f6b9da52e10>,23,24,[12  1],24,244,268,220,239
1,<environment.Job instance at 0x7f6be8b480a0>,4,15,[ 3 13],5,244,259,239,239
1,<environment.Job instance at 0x7f6b9da59320>,5,21,[ 5 12],6,268,289,262,260
1,<environment.Job instance at 0x7f6b9dc13fa0>,0,27,[6 1],1,1,28,0,1
1,<environment.Job instance at 0x7f6b9da4e820>,1,26,[ 3 14],2,2,28,0,2
1,<environment.Job instance at 0x7f6b9db52d20>,3,16,[12  2],4,28,44,24,15
1,<environment.Job instance at 0x7f6b9da915a0>,8,18,[14  2],9,44,62,35,33
1,<environment.Job instance at 0x7f6be14cbc80>,9,21,[1 7],10,33,54,23,33
1,<environment.Job instance at 0x7f6b9daa3eb0>,12,17,[ 2 12],13,62,79,49,50
1,<environment.Job instance at 0x7f6b9db8c050>,15,22,[ 5 13],16,79,101,63,72
1,<environment.Job instance at 0x7f6b9db8c6e0>,16,12,[ 3 11],17,101,113,84,84
1,<environment.Job instance at 0x7f6b9db8c730>,17,27,[11  2],18,101,128,83,99
1,<environment.Job instance at 0x7f6b9db8c780>,18,21,[5 6],19,128,149,109,120
1,<environment.Job instance at 0x7f6b9db8cf50>,20,13,[4 5],21,120,133,99,120
1,<environment.Job instance at 0x7f6b9db8cc30>,21,22,[ 4 12],22,149,171,127,142
1,<environment.Job instance at 0x7f6b9db2f280>,24,27,[12  1],25,171,198,146,169
1,<environment.Job instance at 0x7f6b9db2f190>,25,18,[14  5],26,198,216,172,187
1,<environment.Job instance at 0x7f6b9db2f910>,26,13,[ 5 11],27,216,229,189,204
1,<environment.Job instance at 0x7f6b9db2fcd0>,27,27,[12  2],28,229,256,201,227
1,<environment.Job instance at 0x7f6b9db2faf0>,29,27,[5 1],30,256,283,226,254
1,<environment.Job instance at 0x7f6b9db2f820>,30,28,[ 5 10],31,256,284,225,255
1,<environment.Job instance at 0x7f6b9db3df50>,0,23,[2 9],1,1,24,0,1
1,<environment.Job instance at 0x7f6b9dee36e0>,2,23,[8 3],3,3,26,0,3
1,<environment.Job instance at 0x7f6b9db8c0f0>,3,13,[13  3],4,26,39,22,10
1,<environment.Job instance at 0x7f6b9da91c80>,8,27,[10  4],9,39,66,30,37
1,<environment.Job instance at 0x7f6b9da4e4b0>,9,26,[5 5],10,39,65,29,37
1,<environment.Job instance at 0x7f6b9db1c780>,11,19,[13  1],12,66,85,54,56
1,<environment.Job instance at 0x7f6b9daa33c0>,7,24,[ 1 11],8,65,89,57,61
1,<environment.Job instance at 0x7f6be1a82230>,12,16,[11  1],13,85,101,72,74
1,<environment.Job instance at 0x7f6b9dafe0f0>,14,22,[5 4],15,101,123,86,94
1,<environment.Job instance at 0x7f6b9da61960>,5,19,[13  1],6,123,142,117,113
1,<environment.Job instance at 0x7f6be1528c80>,4,25,[ 1 14],5,131,156,126,131
1,<environment.Job instance at 0x7f6be18597d0>,16,26,[12  1],17,148,174,131,148
1,<environment.Job instance at 0x7f6be805d4b0>,15,24,[13  5],16,174,198,158,169
1,<environment.Job instance at 0x7f6b9d95d500>,19,17,[ 2 13],20,198,215,178,186
1,<environment.Job instance at 0x7f6b9d95d640>,21,26,[7 1],22,198,224,176,195
1,<environment.Job instance at 0x7f6b9d95d6e0>,22,22,[8 3],23,215,237,192,208
1,<environment.Job instance at 0x7f6b9d95d820>,24,18,[5 8],25,224,242,199,215
1,<environment.Job instance at 0x7f6b9daa3f50>,6,15,[12  3],7,242,257,235,228
1,<environment.Job instance at 0x7f6b9d95d960>,26,20,[11  4],27,257,277,230,248
1,<environment.Job instance at 0x7f6be81afcd0>,13,28,[ 4 11],14,258,286,244,258
1,<environment.Job instance at 0x7f6b9db33320>,0,13,[ 1 12],1,1,14,0,1
1,<environment.Job instance at 0x7f6b9db338c0>,1,16,[ 2 12],2,14,30,12,2
1,<environment.Job instance at 0x7f6be80565f0>,2,27,[ 3 11],3,30,57,27,28
1,<environment.Job instance at 0x7f6be8056eb0>,7,16,[ 4 14],8,57,73,49,44
1,<environment.Job instance at 0x7f6be8056c30>,9,14,[13  3],10,73,87,63,58
1,<environment.Job instance at 0x7f6be8056910>,10,24,[3 9],11,87,111,76,82
1,<environment.Job instance at 0x7f6be80563c0>,12,17,[ 3 11],13,111,128,98,99
1,<environment.Job instance at 0x7f6be8056050>,13,20,[8 4],14,99,119,85,99
1,<environment.Job instance at 0x7f6be8056a50>,14,27,[1 9],15,128,155,113,126
1,<environment.Job instance at 0x7f6be8056b40>,15,25,[ 2 12],16,155,180,139,151
1,<environment.Job instance at 0x7f6be8056e60>,16,27,[1 6],17,180,207,163,178
1,<environment.Job instance at 0x7f6be8056870>,17,27,[8 5],18,180,207,162,178
1,<environment.Job instance at 0x7f6be80569b0>,19,17,[ 1 11],20,207,224,187,195
1,<environment.Job instance at 0x7f6be8056fa0>,20,13,[ 3 14],21,224,237,203,208
1,<environment.Job instance at 0x7f6be8047640>,23,16,[11  2],24,237,253,213,224
1,<environment.Job instance at 0x7f6be8047230>,24,27,[5 2],25,253,280,228,251
1,<environment.Job instance at 0x7f6be8cd7460>,3,21,[ 3 13],4,252,273,248,252
1,<environment.Job instance at 0x7f6be80475f0>,25,13,[13  5],26,280,293,254,264
1,<environment.Job instance at 0x7f6be858fcd0>,0,13,[11  3],1,2,15,1,2
1,<environment.Job instance at 0x7f6be858fb40>,2,20,[13  3],3,15,35,12,6
1,<environment.Job instance at 0x7f6be159b730>,6,17,[ 3 12],7,35,52,28,23
1,<environment.Job instance at 0x7f6be159be60>,7,26,[11  2],8,35,61,27,32
1,<environment.Job instance at 0x7f6be18ba690>,10,23,[13  2],11,61,84,50,55
1,<environment.Job instance at 0x7f6be1c7dc80>,5,14,[ 1 13],6,61,75,55,61
1,<environment.Job instance at 0x7f6be18ba0f0>,12,13,[9 3],13,84,97,71,72
1,<environment.Job instance at 0x7f6be8b4e230>,1,22,[ 4 12],2,84,106,82,84
1,<environment.Job instance at 0x7f6be167e780>,15,14,[11  2],16,100,114,84,100
1,<environment.Job instance at 0x7f6be871ed20>,3,24,[14  1],4,138,162,134,138
1,<environment.Job instance at 0x7f6be167e280>,16,15,[12  2],17,162,177,145,157
1,<environment.Job instance at 0x7f6b9e08a280>,18,19,[14  2],19,177,196,158,171
1,<environment.Job instance at 0x7f6be18ba5f0>,13,28,[5 9],14,222,250,208,222
1,<environment.Job instance at 0x7f6be8166280>,20,18,[14  1],21,250,268,229,240
1,<environment.Job instance at 0x7f6be1b14e10>,21,19,[ 2 14],22,268,287,246,263
1,<environment.Job instance at 0x7f6be16108c0>,0,24,[14  4],1,2,26,1,2
1,<environment.Job instance at 0x7f6be81664b0>,2,27,[8 4],3,26,53,23,24
1,<environment.Job instance at 0x7f6be152bb90>,6,24,[5 9],7,26,50,19,24
1,<environment.Job instance at 0x7f6b9da0e0f0>,7,17,[ 3 13],8,53,70,45,41
1,<environment.Job instance at 0x7f6be8cd9a00>,8,25,[12  2],9,53,78,44,49
1,<environment.Job instance at 0x7f6be18e9d20>,9,17,[ 1 14],10,78,95,68,66
1,<environment.Job instance at 0x7f6be858f7d0>,10,25,[12  3],11,95,120,84,91
1,<environment.Job instance at 0x7f6be832fdc0>,11,27,[ 4 11],12,120,147,108,118
1,<environment.Job instance at 0x7f6be8438370>,12,23,[12  4],13,147,170,134,141
1,<environment.Job instance at 0x7f6b9e039e10>,13,27,[7 5],14,170,197,156,168
1,<environment.Job instance at 0x7f6be16c62d0>,15,25,[ 3 11],16,197,222,181,193
1,<environment.Job instance at 0x7f6be16c6e10>,16,21,[ 4 11],17,222,243,205,214
1,<environment.Job instance at 0x7f6be16c6050>,17,28,[2 8],18,243,271,225,242
1,<environment.Job instance at 0x7f6be16c6eb0>,18,25,[ 1 12],19,271,296,252,267
1,<environment.Job instance at 0x7f6b9db65b40>,1,13,[14  5],2,296,309,294,280
1,<environment.Job instance at 0x7f6be18e9f50>,0,21,[8 3],1,1,22,0,1
1,<environment.Job instance at 0x7f6be1610fa0>,2,12,[ 4 12],3,4,16,1,4
1,<environment.Job instance at 0x7f6be8438f00>,1,18,[11  1],2,22,40,20,11
1,<environment.Job instance at 0x7f6be84fa500>,8,22,[ 4 13],9,22,44,13,15
1,<environment.Job instance at 0x7f6b9d95e0f0>,9,24,[ 1 10],10,44,68,34,39
1,<environment.Job instance at 0x7f6be1713b40>,14,28,[5 7],15,68,96,53,67
1,<environment.Job instance at 0x7f6be1713280>,15,28,[2 5],16,71,99,55,71
1,<environment.Job instance at 0x7f6be1713190>,17,22,[9 4],18,96,118,78,89
1,<environment.Job instance at 0x7f6be17131e0>,18,28,[5 1],19,99,127,80,98
1,<environment.Job instance at 0x7f6be1713140>,19,28,[1 9],20,99,127,79,98
1,<environment.Job instance at 0x7f6be152b8c0>,3,27,[ 4 14],4,129,156,125,129
1,<environment.Job instance at 0x7f6b9dca8280>,26,23,[12  4],27,156,179,129,153
1,<environment.Job instance at 0x7f6be19b5140>,24,15,[ 5 12],25,179,194,154,172
1,<environment.Job instance at 0x7f6be1828b40>,31,24,[10  1],32,179,203,147,174
1,<environment.Job instance at 0x7f6b9df795f0>,32,26,[ 5 14],33,194,220,161,191
1,<environment.Job instance at 0x7f6be16943c0>,36,21,[12  4],37,220,241,183,212
1,<environment.Job instance at 0x7f6be1bec7d0>,35,16,[ 3 14],36,241,257,205,228
1,<environment.Job instance at 0x7f6b9dca20f0>,39,12,[3 8],40,257,269,217,244
1,<environment.Job instance at 0x7f6b9daf68c0>,40,26,[12  2],41,257,283,216,255
1,<environment.Job instance at 0x7f6be7fe8190>,1,28,[13  2],2,2,30,0,2
1,<environment.Job instance at 0x7f6be152bb40>,2,20,[10  2],3,30,50,27,21
1,<environment.Job instance at 0x7f6be1742af0>,7,28,[13  2],8,50,78,42,49
1,<environment.Job instance at 0x7f6be1705640>,9,28,[1 5],10,49,77,39,49
1,<environment.Job instance at 0x7f6be18d5e10>,10,14,[13  2],11,78,92,67,63
1,<environment.Job instance at 0x7f6be18d5e60>,11,13,[11  3],12,92,105,80,76
1,<environment.Job instance at 0x7f6b9d8e0e60>,12,20,[1 5],13,76,96,63,76
1,<environment.Job instance at 0x7f6b9d8e07d0>,13,24,[ 3 12],14,96,120,82,91
1,<environment.Job instance at 0x7f6b9dd98b90>,14,20,[ 5 12],15,120,140,105,111
1,<environment.Job instance at 0x7f6b9dd98820>,18,27,[14  2],19,140,167,121,138
1,<environment.Job instance at 0x7f6b9dd98780>,19,17,[ 5 12],20,167,184,147,155
1,<environment.Job instance at 0x7f6b9dd5c3c0>,20,20,[3 8],21,184,204,163,175
1,<environment.Job instance at 0x7f6b9dd5c460>,21,24,[11  5],22,184,208,162,179
1,<environment.Job instance at 0x7f6be8b91280>,23,23,[9 3],24,208,231,184,202
1,<environment.Job instance at 0x7f6b9dd2c460>,3,15,[ 4 10],4,204,219,200,202
1,<environment.Job instance at 0x7f6be1c60e10>,28,23,[ 2 12],29,219,242,190,213
1,<environment.Job instance at 0x7f6b9e0d4050>,29,14,[14  4],30,242,256,212,227
1,<environment.Job instance at 0x7f6b9dde8780>,30,17,[ 3 14],31,256,273,225,244
1,<environment.Job instance at 0x7f6b9de0d7d0>,32,21,[2 6],33,273,294,240,265
1,<environment.Job instance at 0x7f6be830eb90>,33,22,[13  1],34,273,295,239,266
1,<environment.Job instance at 0x7f6be8a68370>,0,27,[12  5],1,1,28,0,1
1,<environment.Job instance at 0x7f6be818d2d0>,1,17,[ 5 12],2,28,45,26,16
1,<environment.Job instance at 0x7f6be88f37d0>,8,27,[ 1 10],9,45,72,36,43
1,<environment.Job instance at 0x7f6be19dcbe0>,9,14,[13  4],10,45,59,35,43
1,<environment.Job instance at 0x7f6be17f5820>,10,20,[ 5 12],11,72,92,61,63
1,<environment.Job instance at 0x7f6be1b862d0>,11,24,[9 4],12,92,116,80,87
1,<environment.Job instance at 0x7f6b9da57190>,12,26,[5 5],13,92,118,79,89
1,<environment.Job instance at 0x7f6be1c50be0>,15,20,[4 6],16,116,136,100,107
1,<environment.Job instance at 0x7f6b9dce3a50>,6,14,[13  4],7,136,150,129,121
1,<environment.Job instance at 0x7f6be19dcfa0>,16,18,[12  1],17,150,168,133,139
1,<environment.Job instance at 0x7f6be196c730>,19,23,[9 1],20,168,191,148,162
1,<environment.Job instance at 0x7f6be196c910>,20,12,[13  2],21,191,203,170,174
1,<environment.Job instance at 0x7f6be196c1e0>,21,15,[14  4],22,203,218,181,192
1,<environment.Job instance at 0x7f6b9dc54870>,22,24,[5 3],23,218,242,195,213
1,<environment.Job instance at 0x7f6be196c3c0>,17,14,[ 4 14],18,242,256,224,227
1,<environment.Job instance at 0x7f6be1bd8e10>,4,14,[11  1],5,242,256,237,231
1,<environment.Job instance at 0x7f6be80bc640>,3,21,[12  2],4,269,290,265,269
1,<environment.Job instance at 0x7f6b9d9c1140>,1,28,[ 4 13],2,2,30,0,2
1,<environment.Job instance at 0x7f6b9d9c1e60>,0,16,[ 4 11],1,30,46,29,26
1,<environment.Job instance at 0x7f6b9d9c1e10>,3,25,[13  4],4,46,71,42,46
1,<environment.Job instance at 0x7f6be16f9960>,6,16,[ 5 11],7,81,97,74,81
1,<environment.Job instance at 0x7f6be16f9820>,8,21,[14  2],9,97,118,88,89
1,<environment.Job instance at 0x7f6be16f9c80>,9,13,[12  4],10,118,131,108,105
1,<environment.Job instance at 0x7f6be16f90f0>,10,26,[14  5],11,131,157,120,128
1,<environment.Job instance at 0x7f6be16f9780>,12,19,[ 2 13],13,157,176,144,147
1,<environment.Job instance at 0x7f6be80eb0a0>,13,24,[5 3],14,176,200,162,171
1,<environment.Job instance at 0x7f6be80eb190>,15,13,[11  1],16,200,213,184,184
1,<environment.Job instance at 0x7f6be80eb6e0>,19,17,[ 4 14],20,200,217,180,188
1,<environment.Job instance at 0x7f6be80ebc80>,21,17,[12  4],22,217,234,195,205
1,<environment.Job instance at 0x7f6be80eb230>,22,14,[ 3 11],23,217,231,194,216
1,<environment.Job instance at 0x7f6be80eb370>,25,17,[ 4 11],26,234,251,208,229
1,<environment.Job instance at 0x7f6b9dc62140>,26,22,[8 4],27,234,256,207,229
1,<environment.Job instance at 0x7f6be80eb550>,27,15,[ 2 12],28,256,271,228,242
1,<environment.Job instance at 0x7f6b9dc62eb0>,28,22,[ 5 13],29,271,293,242,264
1,<environment.Job instance at 0x7f6be16579b0>,0,24,[3 7],1,1,25,0,1
1,<environment.Job instance at 0x7f6b9dc62eb0>,3,17,[7 1],4,8,25,4,8
1,<environment.Job instance at 0x7f6b9da11e10>,2,13,[14  3],3,25,38,22,18
1,<environment.Job instance at 0x7f6b9da111e0>,10,21,[1 5],11,18,39,7,18
1,<environment.Job instance at 0x7f6b9da11190>,11,27,[5 2],12,38,65,26,36
1,<environment.Job instance at 0x7f6b9dff6280>,13,21,[ 3 11],14,39,60,25,36
1,<environment.Job instance at 0x7f6b9dff6230>,15,12,[ 1 13],16,60,72,44,43
1,<environment.Job instance at 0x7f6b9dff6870>,17,22,[9 3],18,72,94,54,65
1,<environment.Job instance at 0x7f6b9dff6190>,18,28,[ 1 13],19,94,122,75,93
1,<environment.Job instance at 0x7f6b9da11820>,8,19,[ 4 11],9,122,141,113,112
1,<environment.Job instance at 0x7f6b9dff6b40>,22,14,[7 4],23,122,136,99,113
1,<environment.Job instance at 0x7f6b9dff6d70>,21,15,[13  5],22,141,156,119,127
1,<environment.Job instance at 0x7f6b9dff64b0>,24,22,[7 3],25,156,178,131,149
1,<environment.Job instance at 0x7f6b9da11550>,4,22,[ 5 11],5,156,178,151,151
1,<environment.Job instance at 0x7f6b9dff6af0>,25,19,[12  3],26,178,197,152,168
1,<environment.Job instance at 0x7f6b9dff6050>,27,18,[ 1 13],28,197,215,169,186
1,<environment.Job instance at 0x7f6b9dff60a0>,29,26,[ 2 12],30,215,241,185,212
1,<environment.Job instance at 0x7f6be16d63c0>,32,19,[ 2 13],33,241,260,208,231
1,<environment.Job instance at 0x7f6be16d6af0>,33,28,[ 5 10],34,260,288,226,259
1,<environment.Job instance at 0x7f6be16d69b0>,0,26,[13  2],1,1,27,0,1
1,<environment.Job instance at 0x7f6be1657230>,3,27,[2 7],4,6,33,2,6
1,<environment.Job instance at 0x7f6b9e0af8c0>,5,13,[14  1],6,33,46,27,21
1,<environment.Job instance at 0x7f6be8536550>,1,14,[ 3 12],2,46,60,44,35
1,<environment.Job instance at 0x7f6be164c780>,10,23,[ 3 10],11,60,83,49,54
1,<environment.Job instance at 0x7f6b9da88f00>,13,16,[8 2],14,68,84,54,68
1,<environment.Job instance at 0x7f6be198f8c0>,12,16,[13  1],13,84,100,71,79
1,<environment.Job instance at 0x7f6be16c3960>,7,24,[14  4],8,100,124,92,98
1,<environment.Job instance at 0x7f6be1bd09b0>,16,16,[ 4 12],17,124,140,107,115
1,<environment.Job instance at 0x7f6b9db60e60>,18,18,[ 5 12],19,140,158,121,129
1,<environment.Job instance at 0x7f6be18e61e0>,17,13,[14  5],18,158,171,140,144
1,<environment.Job instance at 0x7f6be1b40af0>,11,20,[ 4 14],12,171,191,159,162
1,<environment.Job instance at 0x7f6b9dd3efa0>,20,19,[ 3 14],21,191,210,170,182
1,<environment.Job instance at 0x7f6b9db60910>,19,17,[13  3],20,210,227,190,198
1,<environment.Job instance at 0x7f6be1a37a50>,28,15,[9 1],29,227,242,198,220
1,<environment.Job instance at 0x7f6be1a37b90>,29,26,[ 3 10],30,236,262,206,236
1,<environment.Job instance at 0x7f6be1a370a0>,25,18,[8 1],26,245,263,219,245
1,<environment.Job instance at 0x7f6be1a37870>,27,16,[ 5 12],28,262,278,234,249
1,<environment.Job instance at 0x7f6be1a2d690>,2,25,[ 3 12],3,3,28,0,3
1,<environment.Job instance at 0x7f6be14f0190>,3,13,[11  1],4,8,21,4,8
1,<environment.Job instance at 0x7f6be1af6190>,10,18,[ 3 11],11,28,46,17,17
1,<environment.Job instance at 0x7f6be1695320>,11,24,[14  5],12,46,70,34,41
1,<environment.Job instance at 0x7f6be806bc80>,5,13,[ 2 14],6,70,83,64,56
1,<environment.Job instance at 0x7f6be1695730>,13,18,[14  3],14,83,101,69,72
1,<environment.Job instance at 0x7f6be19e55f0>,16,12,[ 1 11],17,83,95,66,72
1,<environment.Job instance at 0x7f6be1c03870>,17,12,[ 5 12],18,101,113,83,84
1,<environment.Job instance at 0x7f6b9d9a0370>,18,19,[11  1],19,113,132,94,103
1,<environment.Job instance at 0x7f6be1c03eb0>,19,24,[5 3],20,132,156,112,127
1,<environment.Job instance at 0x7f6b9d828f00>,20,13,[ 2 11],21,127,140,106,127
1,<environment.Job instance at 0x7f6b9d828500>,22,21,[5 5],23,140,161,117,132
1,<environment.Job instance at 0x7f6be81943c0>,23,16,[ 1 13],24,161,177,137,148
1,<environment.Job instance at 0x7f6be8194af0>,26,24,[13  4],27,177,201,150,172
1,<environment.Job instance at 0x7f6be1536aa0>,27,21,[ 1 12],28,201,222,173,193
1,<environment.Job instance at 0x7f6be88e6f50>,28,25,[4 8],29,222,247,193,218
1,<environment.Job instance at 0x7f6b9d9a0e60>,15,14,[ 1 11],16,247,261,231,234
1,<environment.Job instance at 0x7f6be16958c0>,14,20,[14  1],15,247,267,232,240
1,<environment.Job instance at 0x7f6be161f460>,34,14,[12  4],35,267,281,232,255
1,<environment.Job instance at 0x7f6b9dc54a50>,3,18,[9 2],4,4,22,0,4
1,<environment.Job instance at 0x7f6be8546fa0>,0,12,[ 3 11],1,10,22,9,10
1,<environment.Job instance at 0x7f6be157ce10>,7,20,[2 6],8,22,42,14,13
1,<environment.Job instance at 0x7f6be157c410>,8,28,[5 6],9,22,50,13,21
1,<environment.Job instance at 0x7f6be157c280>,9,22,[ 1 13],10,50,72,40,43
1,<environment.Job instance at 0x7f6be157c2d0>,10,12,[11  4],11,72,84,61,55
1,<environment.Job instance at 0x7f6be1bf8410>,12,21,[ 4 12],13,84,105,71,76
1,<environment.Job instance at 0x7f6be1bf8870>,14,26,[ 4 13],15,105,131,90,102
1,<environment.Job instance at 0x7f6be8aec690>,16,26,[7 4],17,131,157,114,128
1,<environment.Job instance at 0x7f6be8aecc30>,17,24,[3 7],18,145,169,127,145
1,<environment.Job instance at 0x7f6be8aecc80>,18,17,[ 2 14],19,169,186,150,157
1,<environment.Job instance at 0x7f6be8aec640>,19,19,[7 5],20,186,205,166,176
1,<environment.Job instance at 0x7f6be8aecaf0>,20,14,[ 3 13],21,205,219,184,192
1,<environment.Job instance at 0x7f6be86f5e60>,21,22,[9 2],22,205,227,183,201
1,<environment.Job instance at 0x7f6be86f55a0>,23,21,[1 6],24,219,240,195,211
1,<environment.Job instance at 0x7f6be86f5690>,25,26,[12  1],26,227,253,201,224
1,<environment.Job instance at 0x7f6be86f5640>,29,22,[2 6],30,240,262,210,240
1,<environment.Job instance at 0x7f6be86f5be0>,30,27,[ 4 12],31,262,289,231,260
1,<environment.Job instance at 0x7f6be86f5230>,31,28,[11  3],32,269,297,237,269
1,<environment.Job instance at 0x7f6be1bf8af0>,0,18,[13  5],1,3,21,2,3
1,<environment.Job instance at 0x7f6b9d8a70a0>,3,13,[12  5],4,21,34,17,7
1,<environment.Job instance at 0x7f6be157c870>,8,27,[4 5],9,34,61,25,32
1,<environment.Job instance at 0x7f6b9d881190>,10,13,[ 3 13],11,61,74,50,45
1,<environment.Job instance at 0x7f6b9d9b68c0>,11,21,[10  4],12,74,95,62,66
1,<environment.Job instance at 0x7f6be86f51e0>,2,17,[1 6],3,74,91,71,66
1,<environment.Job instance at 0x7f6be8738410>,14,25,[11  3],15,95,120,80,91
1,<environment.Job instance at 0x7f6be170b3c0>,15,16,[11  1],16,120,136,104,107
1,<environment.Job instance at 0x7f6be16a4d20>,17,13,[ 5 12],18,136,149,118,120
1,<environment.Job instance at 0x7f6be16a4050>,18,25,[1 6],19,149,174,130,145
1,<environment.Job instance at 0x7f6be159e190>,19,21,[ 4 13],20,174,195,154,166
1,<environment.Job instance at 0x7f6be82f4f50>,20,19,[11  3],21,195,214,174,185
1,<environment.Job instance at 0x7f6be16a48c0>,21,14,[ 1 11],22,196,210,174,196
1,<environment.Job instance at 0x7f6be80653c0>,22,25,[ 1 12],23,210,235,187,206
1,<environment.Job instance at 0x7f6be8065140>,23,20,[12  4],24,235,255,211,226
1,<environment.Job instance at 0x7f6be8065500>,24,23,[5 1],25,255,278,230,249
1,<environment.Job instance at 0x7f6be80659b0>,26,23,[ 2 14],27,255,278,228,249
1,<environment.Job instance at 0x7f6be80658c0>,27,27,[ 3 13],28,278,305,250,276
1,<environment.Job instance at 0x7f6be8065a00>,1,14,[ 5 13],2,2,16,0,2
1,<environment.Job instance at 0x7f6b9d822a00>,3,19,[5 7],4,16,35,12,7
1,<environment.Job instance at 0x7f6be175a960>,7,13,[ 1 11],8,35,48,27,19
1,<environment.Job instance at 0x7f6b9e0d2e60>,12,15,[13  2],13,35,50,22,26
1,<environment.Job instance at 0x7f6be1a333c0>,14,16,[ 1 12],15,48,64,33,35
1,<environment.Job instance at 0x7f6b9d8826e0>,15,24,[10  2],16,50,74,34,45
1,<environment.Job instance at 0x7f6b9d882870>,16,24,[ 1 10],17,64,88,47,59
1,<environment.Job instance at 0x7f6be170b190>,17,21,[3 8],18,88,109,70,80
1,<environment.Job instance at 0x7f6be7fe3500>,5,18,[12  2],6,81,99,75,81
1,<environment.Job instance at 0x7f6be170ba00>,18,16,[12  1],19,99,115,80,88
1,<environment.Job instance at 0x7f6be170be60>,20,15,[13  3],21,115,130,94,104
1,<environment.Job instance at 0x7f6be868faf0>,21,21,[1 8],22,109,130,87,105
1,<environment.Job instance at 0x7f6be170bb40>,22,17,[ 5 13],23,130,147,107,118
1,<environment.Job instance at 0x7f6b9e029820>,25,24,[14  5],26,147,171,121,142
1,<environment.Job instance at 0x7f6be7f45460>,26,25,[ 3 14],27,171,196,144,167
1,<environment.Job instance at 0x7f6be15ea050>,27,25,[6 2],28,196,221,168,192
1,<environment.Job instance at 0x7f6be80658c0>,4,27,[ 4 11],5,202,229,197,202
1,<environment.Job instance at 0x7f6be198a550>,32,17,[14  4],33,229,246,196,217
1,<environment.Job instance at 0x7f6be198a7d0>,33,27,[2 7],34,246,273,212,244
1,<environment.Job instance at 0x7f6be170b640>,19,16,[10  3],20,246,262,226,244
1,<environment.Job instance at 0x7f6be198a910>,36,13,[14  5],37,273,286,236,257
1,<environment.Job instance at 0x7f6b9e02a7d0>,0,19,[14  5],1,2,21,1,2
1,<environment.Job instance at 0x7f6be83db1e0>,4,26,[8 3],5,21,47,16,18
1,<environment.Job instance at 0x7f6be1bae280>,3,23,[ 3 11],4,21,44,17,19
1,<environment.Job instance at 0x7f6be83db7d0>,8,26,[10  1],9,47,73,38,44
1,<environment.Job instance at 0x7f6be83db640>,10,20,[11  5],11,73,93,62,64
1,<environment.Job instance at 0x7f6be83dbc30>,11,12,[ 4 13],12,93,105,81,88
1,<environment.Job instance at 0x7f6be80c04b0>,14,13,[ 3 11],15,105,118,90,92
1,<environment.Job instance at 0x7f6be80c07d0>,15,21,[3 5],16,118,139,102,110
1,<environment.Job instance at 0x7f6be80c05f0>,17,23,[ 1 11],18,139,162,121,133
1,<environment.Job instance at 0x7f6be83dbaf0>,6,21,[14  4],7,139,160,132,133
1,<environment.Job instance at 0x7f6b9d742960>,20,22,[ 4 13],21,162,184,141,155
1,<environment.Job instance at 0x7f6b9d742be0>,21,24,[11  1],22,160,184,138,155
1,<environment.Job instance at 0x7f6b9e02a050>,5,20,[9 5],6,184,204,178,181
1,<environment.Job instance at 0x7f6b9d742e10>,23,18,[12  4],24,204,222,180,194
1,<environment.Job instance at 0x7f6b9d742820>,26,19,[ 1 12],27,222,241,195,212
1,<environment.Job instance at 0x7f6b9d742050>,27,26,[8 2],28,222,248,194,219
1,<environment.Job instance at 0x7f6b9d742320>,30,25,[5 5],31,241,266,210,237
1,<environment.Job instance at 0x7f6b9d742a50>,31,17,[ 1 14],32,266,283,234,254
1,<environment.Job instance at 0x7f6be1baed20>,0,18,[ 2 12],1,1,19,0,1
1,<environment.Job instance at 0x7f6b9d75c820>,4,13,[9 3],5,8,21,3,8
1,<environment.Job instance at 0x7f6be85720f0>,7,23,[14  1],8,21,44,13,17
1,<environment.Job instance at 0x7f6be1bae0f0>,3,22,[ 1 12],4,19,41,15,18
1,<environment.Job instance at 0x7f6be1bae9b0>,2,20,[14  2],3,44,64,41,35
1,<environment.Job instance at 0x7f6be857e0f0>,13,15,[ 2 11],14,64,79,50,50
1,<environment.Job instance at 0x7f6be857eeb0>,9,14,[11  4],10,64,78,54,52
1,<environment.Job instance at 0x7f6be857ef50>,14,13,[ 2 12],15,79,92,64,65
1,<environment.Job instance at 0x7f6be857e8c0>,18,19,[14  1],19,92,111,73,82
1,<environment.Job instance at 0x7f6be857e820>,19,28,[14  2],20,111,139,91,110
1,<environment.Job instance at 0x7f6be857edc0>,20,18,[13  5],21,139,157,118,128
1,<environment.Job instance at 0x7f6be857eaa0>,22,26,[2 7],23,139,165,116,136
1,<environment.Job instance at 0x7f6be856f910>,24,20,[7 1],25,157,177,132,148
1,<environment.Job instance at 0x7f6be856f960>,25,14,[ 2 12],26,165,179,139,150
1,<environment.Job instance at 0x7f6be856fb40>,26,17,[14  1],27,179,196,152,167
1,<environment.Job instance at 0x7f6be856f9b0>,28,23,[ 2 11],29,196,219,167,190
1,<environment.Job instance at 0x7f6be856f460>,32,12,[13  1],33,196,208,163,193
1,<environment.Job instance at 0x7f6be856f7d0>,34,28,[6 5],35,219,247,184,218
1,<environment.Job instance at 0x7f6be856f550>,35,21,[1 9],36,219,240,183,218
1,<environment.Job instance at 0x7f6be856f8c0>,36,26,[ 3 11],37,247,273,210,244
1,<environment.Job instance at 0x7f6be856f0a0>,37,20,[5 1],38,244,264,206,244
1,<environment.Job instance at 0x7f6be856fc30>,38,25,[9 2],39,264,289,225,260
1,<environment.Job instance at 0x7fccb7d53320>,1,24,[10  1],2,3,27,1,3
1,<environment.Job instance at 0x7fccb7d531e0>,3,13,[12  4],4,27,40,23,13
1,<environment.Job instance at 0x7fccb09444b0>,8,20,[ 4 13],9,40,60,31,31
1,<environment.Job instance at 0x7fccb09445f0>,9,16,[12  1],10,60,76,50,47
1,<environment.Job instance at 0x7fccb0944960>,12,28,[ 1 14],13,60,88,47,59
1,<environment.Job instance at 0x7fccb0944a00>,14,15,[14  4],15,88,103,73,74
1,<environment.Job instance at 0x7fccb0944a50>,16,28,[5 1],17,103,131,86,102
1,<environment.Job instance at 0x7fccb0944690>,10,15,[5 1],11,103,118,92,102
1,<environment.Job instance at 0x7fccb0944730>,17,19,[12  4],18,131,150,113,121
1,<environment.Job instance at 0x7fccb0944be0>,19,23,[8 4],20,150,173,130,144
1,<environment.Job instance at 0x7fccb0944c80>,20,17,[ 2 14],21,173,190,152,161
1,<environment.Job instance at 0x7fccb0944d20>,21,14,[ 4 11],22,190,204,168,175
1,<environment.Job instance at 0x7fccb0944f00>,23,16,[12  2],24,204,220,180,191
1,<environment.Job instance at 0x7fccb0944fa0>,24,20,[4 6],25,220,240,195,211
1,<environment.Job instance at 0x7fccb0947050>,25,24,[5 7],26,220,244,194,215
1,<environment.Job instance at 0x7fccb0947190>,27,17,[ 4 12],28,244,261,216,232
1,<environment.Job instance at 0x7fccb09471e0>,28,17,[ 1 13],29,261,278,232,249
1,<environment.Job instance at 0x7fccb0947280>,29,24,[ 4 13],30,278,302,248,273
1,<environment.Job instance at 0x7fccb0953e60>,0,14,[12  1],1,2,16,1,2
1,<environment.Job instance at 0x7fccb0947410>,2,20,[7 5],3,16,36,13,7
1,<environment.Job instance at 0x7fccb7d7ed20>,7,19,[3 8],8,8,27,0,8
1,<environment.Job instance at 0x7fccb7d7bc80>,9,14,[14  2],10,36,50,26,21
1,<environment.Job instance at 0x7fccb7d7e3c0>,10,13,[12  2],11,50,63,39,34
1,<environment.Job instance at 0x7fccb7d7bd70>,15,13,[12  2],16,63,76,47,47
1,<environment.Job instance at 0x7fccb7d7b640>,16,27,[10  5],17,76,103,59,74
1,<environment.Job instance at 0x7fccb7d7b230>,17,14,[11  1],18,103,117,85,88
1,<environment.Job instance at 0x7fccb7d7b6e0>,18,24,[12  2],19,117,141,98,112
1,<environment.Job instance at 0x7fccb7d7b820>,19,20,[12  3],20,141,161,121,132
1,<environment.Job instance at 0x7fccb7d7b730>,20,20,[ 2 10],21,132,152,111,132
1,<environment.Job instance at 0x7fccb7d7bcd0>,21,15,[11  5],22,161,176,139,147
1,<environment.Job instance at 0x7fccb7d7baf0>,22,19,[14  4],23,176,195,153,166
1,<environment.Job instance at 0x7fccb7d7bfa0>,25,19,[ 4 14],26,195,214,169,185
1,<environment.Job instance at 0x7fccb7ecd870>,26,16,[ 5 12],27,214,230,187,201
1,<environment.Job instance at 0x7fccb7d7b5f0>,27,21,[ 1 12],28,230,251,202,222
1,<environment.Job instance at 0x7fccb7ecd9b0>,28,16,[ 1 14],29,251,267,222,238
1,<environment.Job instance at 0x7fccb7ecd7d0>,29,18,[ 1 14],30,267,285,237,256
1,<environment.Job instance at 0x7fcc6ce54370>,0,24,[4 8],1,1,25,0,1
1,<environment.Job instance at 0x7fcc6cf03690>,1,20,[5 5],2,2,22,0,2
1,<environment.Job instance at 0x7fcc6cc761e0>,2,23,[10  5],3,22,45,19,16
1,<environment.Job instance at 0x7fccb7ecd7d0>,4,17,[12  4],5,45,62,40,38
1,<environment.Job instance at 0x7fcc6ccf0640>,11,14,[ 5 12],12,62,76,50,47
1,<environment.Job instance at 0x7fcc6ccf0c80>,8,17,[ 1 11],9,76,93,67,64
1,<environment.Job instance at 0x7fccb7ecd0a0>,3,24,[12  1],4,76,100,72,72
1,<environment.Job instance at 0x7fcc6ccf0780>,13,25,[8 3],14,100,125,86,96
1,<environment.Job instance at 0x7fcc6ccf09b0>,15,28,[ 3 11],16,99,127,83,99
1,<environment.Job instance at 0x7fcc6ccf02d0>,18,16,[14  5],19,127,143,108,126
1,<environment.Job instance at 0x7fcc6ccf0b90>,14,16,[ 2 11],15,143,159,128,143
1,<environment.Job instance at 0x7fcc6ccf0190>,10,19,[12  4],11,143,162,132,143
1,<environment.Job instance at 0x7fcc6ccf0230>,16,15,[13  4],17,162,177,145,150
1,<environment.Job instance at 0x7fcc6ccf0af0>,24,13,[ 1 12],25,177,190,152,164
1,<environment.Job instance at 0x7fcc6ccf0d70>,23,15,[11  2],24,177,192,153,168
1,<environment.Job instance at 0x7fcc6ccf0370>,26,28,[5 7],27,192,220,165,191
1,<environment.Job instance at 0x7fcc6ccf0cd0>,25,13,[5 6],26,192,205,166,192
1,<environment.Job instance at 0x7fcc6ccf0870>,28,17,[13  3],29,220,237,191,211
1,<environment.Job instance at 0x7fcc6ccf00f0>,29,22,[ 3 11],30,237,259,207,230
1,<environment.Job instance at 0x7fcc6ccf03c0>,27,16,[ 4 11],28,259,275,231,248
1,<environment.Job instance at 0x7fcc6cd001e0>,32,23,[ 5 11],33,275,298,242,269
1,<environment.Job instance at 0x7fcc6cc9d230>,0,28,[ 5 10],1,1,29,0,1
1,<environment.Job instance at 0x7fcc6cc2cdc0>,1,27,[11  5],2,29,56,27,27
1,<environment.Job instance at 0x7fcc6cd40c30>,6,20,[ 5 12],7,56,76,49,47
1,<environment.Job instance at 0x7fcc6cd8df50>,7,28,[12  4],8,76,104,68,75
1,<environment.Job instance at 0x7fcc6cd8daf0>,8,16,[ 1 14],9,104,120,95,91
1,<environment.Job instance at 0x7fcc6cd8d460>,11,28,[13  3],12,120,148,108,119
1,<environment.Job instance at 0x7fcc6cc9fe60>,3,16,[12  4],4,148,164,144,139
1,<environment.Job instance at 0x7fcc6cd8de60>,14,22,[10  2],15,164,186,149,157
1,<environment.Job instance at 0x7fcc6cd8da00>,15,26,[13  3],16,186,212,170,183
1,<environment.Job instance at 0x7fcc6cd8d370>,16,24,[8 2],17,212,236,195,207
1,<environment.Job instance at 0x7fcc6cd8d280>,17,16,[2 8],18,207,223,189,207
1,<environment.Job instance at 0x7fcc6cd8d550>,18,12,[11  1],19,236,248,217,219
1,<environment.Job instance at 0x7fcc6cd8db90>,19,17,[11  3],20,248,265,228,236
1,<environment.Job instance at 0x7fcc6cd8d7d0>,20,16,[12  1],21,265,281,244,252
1,<environment.Job instance at 0x7fcc6cd8daa0>,21,15,[ 4 13],22,281,296,259,267
1,<environment.Job instance at 0x7fcc6cd8d5a0>,2,14,[12  1],3,3,17,0,3
1,<environment.Job instance at 0x7fcc6cc8a230>,4,25,[10  1],5,17,42,12,13
1,<environment.Job instance at 0x7fcc6d0d5730>,9,14,[13  2],10,42,56,32,27
1,<environment.Job instance at 0x7fcc6d0b5690>,11,25,[ 1 10],12,37,62,25,37
1,<environment.Job instance at 0x7fcc6cf91780>,12,20,[ 2 12],13,62,82,49,53
1,<environment.Job instance at 0x7fcc6d0d8410>,13,20,[13  1],14,56,76,42,53
1,<environment.Job instance at 0x7fcc6d045a00>,15,20,[3 7],16,82,102,66,73
1,<environment.Job instance at 0x7fcc6d045aa0>,16,26,[3 7],17,82,108,65,79
1,<environment.Job instance at 0x7fcc6d045be0>,18,22,[2 8],19,102,124,83,95
1,<environment.Job instance at 0x7fcc6d045d20>,20,25,[12  2],21,108,133,87,104
1,<environment.Job instance at 0x7fcc6d045dc0>,21,22,[11  3],22,133,155,111,126
1,<environment.Job instance at 0x7fcc6d045e60>,22,24,[12  5],23,155,179,132,150
1,<environment.Job instance at 0x7fcc6d045f00>,23,26,[ 5 10],24,179,205,155,176
1,<environment.Job instance at 0x7fcc6d0457d0>,25,28,[12  2],26,205,233,179,204
1,<environment.Job instance at 0x7fcc6d045910>,26,21,[ 4 12],27,233,254,206,225
1,<environment.Job instance at 0x7fcc6cb4b230>,27,26,[ 4 12],28,254,280,226,251
1,<environment.Job instance at 0x7fcc6cb4b0a0>,29,13,[11  2],30,257,270,227,257
1,<environment.Job instance at 0x7fcc6cb4b0f0>,30,13,[ 5 13],31,280,293,249,264
1,<environment.Job instance at 0x7fcc6cd81eb0>,0,12,[ 3 12],1,1,13,0,1
1,<environment.Job instance at 0x7fcc6cb4b550>,1,15,[11  5],2,29,44,27,29
1,<environment.Job instance at 0x7fccb06b5d70>,9,26,[ 2 14],10,44,70,34,41
1,<environment.Job instance at 0x7fccb06b53c0>,11,14,[14  3],12,70,84,58,59
1,<environment.Job instance at 0x7fcc6cf8d320>,13,12,[ 5 12],14,84,96,70,69
1,<environment.Job instance at 0x7fcc6cf8d460>,14,21,[5 4],15,96,117,81,88
1,<environment.Job instance at 0x7fcc6cf8d780>,16,22,[7 2],17,89,111,72,89
1,<environment.Job instance at 0x7fcc6cf8d4b0>,17,28,[3 5],18,96,124,78,95
1,<environment.Job instance at 0x7fcc6cf8d730>,18,23,[8 3],19,117,140,98,111
1,<environment.Job instance at 0x7fcc6cf8db40>,20,25,[ 4 10],21,124,149,103,120
1,<environment.Job instance at 0x7fcc6cf8da00>,23,23,[1 5],24,140,163,116,134
1,<environment.Job instance at 0x7fcc6cf8d1e0>,24,18,[ 1 12],25,163,181,138,152
1,<environment.Job instance at 0x7fcc6cf8dbe0>,25,15,[ 3 13],26,181,196,155,167
1,<environment.Job instance at 0x7fcc6cf8d640>,27,16,[13  1],28,196,212,168,183
1,<environment.Job instance at 0x7fcc6cf8d2d0>,29,14,[14  1],30,212,226,182,198
1,<environment.Job instance at 0x7fccb07dc640>,31,19,[14  4],32,226,245,194,216
1,<environment.Job instance at 0x7fccb07dc730>,33,24,[9 1],34,245,269,211,240
1,<environment.Job instance at 0x7fccb07dc460>,34,14,[ 5 13],35,247,261,212,247
1,<environment.Job instance at 0x7fccb07dc820>,35,23,[ 3 10],36,261,284,225,255
1,<environment.Job instance at 0x7fccb07dc0f0>,36,20,[10  4],37,269,289,232,260
1,<environment.Job instance at 0x7fccb07dc6e0>,1,26,[13  2],2,5,31,3,5
1,<environment.Job instance at 0x7fccb770cfa0>,5,21,[ 3 11],6,31,52,25,23
1,<environment.Job instance at 0x7fccb7c59230>,8,22,[12  2],9,31,53,22,26
1,<environment.Job instance at 0x7fccb0e51780>,9,27,[7 4],10,53,80,43,51
1,<environment.Job instance at 0x7fccb0d5eeb0>,10,25,[9 5],11,80,105,69,76
1,<environment.Job instance at 0x7fcc6cd81be0>,13,26,[14  5],14,105,131,91,102
1,<environment.Job instance at 0x7fccb71bf870>,14,12,[11  4],15,131,143,116,117
1,<environment.Job instance at 0x7fccb788e370>,15,26,[14  3],16,143,169,127,140
1,<environment.Job instance at 0x7fccb09be910>,16,17,[ 5 11],17,169,186,152,161
1,<environment.Job instance at 0x7fccb0d02aa0>,17,26,[ 2 11],18,186,212,168,183
1,<environment.Job instance at 0x7fcc6cd40c80>,6,20,[13  1],7,186,206,179,183
1,<environment.Job instance at 0x7fccb0a970a0>,19,18,[14  4],20,212,230,192,201
1,<environment.Job instance at 0x7fccb77e9c80>,23,24,[4 7],24,230,254,206,225
1,<environment.Job instance at 0x7fccb77e94b0>,25,21,[ 4 11],26,254,275,228,246
1,<environment.Job instance at 0x7fccb07dc0f0>,2,27,[11  3],3,246,273,243,246
1,<environment.Job instance at 0x7fccb77e9500>,27,18,[13  3],28,275,293,247,264
1,<environment.Job instance at 0x7fccb77e9cd0>,2,18,[9 2],3,6,24,3,6
1,<environment.Job instance at 0x7fcc6cd81af0>,6,14,[13  4],7,24,38,17,9
1,<environment.Job instance at 0x7fcc6cd40f50>,7,12,[11  3],8,38,50,30,21
1,<environment.Job instance at 0x7fccb722e820>,8,22,[1 8],9,21,43,12,21
1,<environment.Job instance at 0x7fccb08cefa0>,9,18,[ 2 13],10,50,68,40,39
1,<environment.Job instance at 0x7fccb08ce500>,11,25,[ 2 12],12,68,93,56,64
1,<environment.Job instance at 0x7fccb0e41370>,12,21,[9 3],13,68,89,55,64
1,<environment.Job instance at 0x7fccb0e415f0>,13,26,[11  4],14,93,119,79,90
1,<environment.Job instance at 0x7fccb0e41e10>,14,26,[ 1 10],15,93,119,78,90
1,<environment.Job instance at 0x7fccb0e41500>,16,25,[5 3],17,119,144,102,115
1,<environment.Job instance at 0x7fccb0e41b40>,17,21,[3 7],18,119,140,101,115
1,<environment.Job instance at 0x7fcc6cd1f320>,19,28,[14  3],20,144,172,124,143
1,<environment.Job instance at 0x7fcc6cd1f370>,20,20,[1 9],21,143,163,122,143
1,<environment.Job instance at 0x7fcc6cd1f5a0>,21,23,[ 4 10],22,172,195,150,166
1,<environment.Job instance at 0x7fcc6cd1f640>,22,28,[10  2],23,172,200,149,171
1,<environment.Job instance at 0x7fcc6cd1f960>,24,24,[ 4 12],25,195,219,170,190
1,<environment.Job instance at 0x7fccb77e9500>,3,24,[9 1],4,200,224,196,196
1,<environment.Job instance at 0x7fcc6cd81730>,1,13,[ 4 13],2,219,232,217,207
1,<environment.Job instance at 0x7fcc6cd1fb40>,27,12,[1 8],28,232,244,204,219
1,<environment.Job instance at 0x7fcc6cd1fa00>,25,15,[14  1],26,232,247,206,223
1,<environment.Job instance at 0x7fcc6cd1fd20>,30,27,[ 2 12],31,247,274,216,245
1,<environment.Job instance at 0x7fcc6cd1fdc0>,31,25,[ 3 13],32,274,299,242,270
1,<environment.Job instance at 0x7fccb08ce640>,0,26,[6 1],1,1,27,0,1
1,<environment.Job instance at 0x7fccb732a910>,2,21,[5 4],3,6,27,3,6
1,<environment.Job instance at 0x7fcc6cd81a50>,1,12,[13  4],2,27,39,25,10
1,<environment.Job instance at 0x7fccb771e410>,7,25,[ 5 10],8,39,64,31,35
1,<environment.Job instance at 0x7fccb73f4fa0>,10,17,[ 2 14],11,64,81,53,52
1,<environment.Job instance at 0x7fccb73f4820>,11,13,[13  4],12,81,94,69,65
1,<environment.Job instance at 0x7fccb73f45a0>,13,28,[4 9],14,94,122,80,93
1,<environment.Job instance at 0x7fccb73f4dc0>,15,19,[11  4],16,106,125,90,106
1,<environment.Job instance at 0x7fccb73f4320>,16,23,[ 1 13],17,125,148,108,119
1,<environment.Job instance at 0x7fccb73f4640>,12,25,[12  2],13,129,154,116,129
1,<environment.Job instance at 0x7fccb0d3e4b0>,18,12,[12  3],19,154,166,135,142
1,<environment.Job instance at 0x7fccb08cef00>,5,27,[ 2 11],6,150,177,144,150
1,<environment.Job instance at 0x7fccb73f4730>,14,17,[14  1],15,177,194,162,165
1,<environment.Job instance at 0x7fccb0c32050>,22,22,[1 8],23,177,199,154,170
1,<environment.Job instance at 0x7fccb767b410>,25,18,[13  4],26,194,212,168,183
1,<environment.Job instance at 0x7fccb767b4b0>,26,24,[12  2],27,212,236,185,207
1,<environment.Job instance at 0x7fccb767ba50>,27,12,[ 2 12],28,212,224,184,207
1,<environment.Job instance at 0x7fcc6d27df50>,28,19,[9 2],29,236,255,207,226
1,<environment.Job instance at 0x7fccb08cdb40>,29,25,[5 1],30,236,261,206,232
1,<environment.Job instance at 0x7fccb08cd4b0>,30,20,[2 5],31,255,275,224,246
1,<environment.Job instance at 0x7fccb76b5460>,31,21,[1 7],32,246,267,214,246
1,<environment.Job instance at 0x7fcc6cec4f00>,33,17,[ 3 12],34,275,292,241,263
1,<environment.Job instance at 0x7fcc6cb96b90>,35,16,[12  1],36,267,283,231,267
1,<environment.Job instance at 0x7fcc6cf12aa0>,0,16,[ 2 12],1,1,17,0,1
1,<environment.Job instance at 0x7fcc6cda9af0>,1,17,[13  4],2,17,34,15,6
1,<environment.Job instance at 0x7fcc6cb96b90>,8,25,[12  5],9,34,59,25,30
1,<environment.Job instance at 0x7fccb07f08c0>,10,26,[ 5 13],11,59,85,48,56
1,<environment.Job instance at 0x7fccb74ffb40>,11,16,[ 2 12],12,85,101,73,72
1,<environment.Job instance at 0x7fcc6d169b40>,12,23,[7 2],13,76,99,63,76
1,<environment.Job instance at 0x7fcc6d1699b0>,13,24,[10  3],14,99,123,85,94
1,<environment.Job instance at 0x7fccb08bdd20>,14,25,[1 9],15,101,126,86,97
1,<environment.Job instance at 0x7fccb08bdf50>,15,25,[11  1],16,123,148,107,119
1,<environment.Job instance at 0x7fccb08bdb40>,16,25,[6 4],17,148,173,131,144
1,<environment.Job instance at 0x7fccb08bda00>,17,26,[2 9],18,144,170,126,144
1,<environment.Job instance at 0x7fccb08bd320>,18,26,[5 5],19,170,196,151,167
1,<environment.Job instance at 0x7fccb7c59140>,3,16,[1 9],4,173,189,169,172
1,<environment.Job instance at 0x7fcc6d152dc0>,19,21,[13  1],20,196,217,176,188
1,<environment.Job instance at 0x7fcc6cc0ff00>,21,22,[12  5],22,217,239,195,210
1,<environment.Job instance at 0x7fcc6d219e10>,24,23,[10  4],25,239,262,214,233
1,<environment.Job instance at 0x7fccb0d8c140>,25,25,[6 5],26,262,287,236,258
1,<environment.Job instance at 0x7fcc6d2ce1e0>,26,19,[ 3 12],27,287,306,260,277
1,<environment.Job instance at 0x7fccb72e3cd0>,0,15,[ 4 12],1,2,17,1,2
1,<environment.Job instance at 0x7fcc6cfbe320>,2,20,[3 6],3,17,37,14,8
1,<environment.Job instance at 0x7fccb097b5a0>,3,16,[1 5],4,17,33,13,8
1,<environment.Job instance at 0x7fcc6d2ce1e0>,6,23,[5 5],7,33,56,26,27
1,<environment.Job instance at 0x7fccb76fac80>,1,21,[5 2],2,27,48,25,27
1,<environment.Job instance at 0x7fccb73dd820>,7,20,[5 3],8,37,57,29,28
1,<environment.Job instance at 0x7fcc6cfd6280>,11,12,[1 9],12,56,68,44,40
1,<environment.Job instance at 0x7fccb78e2c30>,9,12,[14  5],10,57,69,47,49
1,<environment.Job instance at 0x7fcc6cfd6af0>,5,28,[ 4 11],6,69,97,63,68
1,<environment.Job instance at 0x7fcc6cfcd550>,14,16,[ 4 12],15,97,113,82,84
1,<environment.Job instance at 0x7fccb09be500>,16,23,[12  5],17,113,136,96,107
1,<environment.Job instance at 0x7fccb09be140>,17,26,[12  3],18,136,162,118,133
1,<environment.Job instance at 0x7fccb09beeb0>,19,26,[ 3 13],20,162,188,142,159
1,<environment.Job instance at 0x7fccb09beb40>,20,23,[2 7],21,188,211,167,182
1,<environment.Job instance at 0x7fcc6cfcd230>,13,25,[11  3],14,193,218,179,193
1,<environment.Job instance at 0x7fcc6cebb410>,21,19,[14  5],22,218,237,196,208
1,<environment.Job instance at 0x7fcc6cebb550>,23,20,[ 4 13],24,237,257,213,228
1,<environment.Job instance at 0x7fcc6cebb5f0>,24,28,[12  1],25,257,285,232,256
1,<environment.Job instance at 0x7fcc6cebb730>,26,13,[14  2],27,285,298,258,269
1,<environment.Job instance at 0x7fcc6cfcd0a0>,0,21,[2 6],1,1,22,0,1
1,<environment.Job instance at 0x7fcc6d04a370>,1,15,[ 1 12],2,22,37,20,8
1,<environment.Job instance at 0x7fcc6d27ca00>,7,14,[ 1 12],8,37,51,29,22
1,<environment.Job instance at 0x7fcc6d27c140>,8,20,[10  5],9,51,71,42,42
1,<environment.Job instance at 0x7fcc6d27c6e0>,9,20,[8 1],10,71,91,61,62
1,<environment.Job instance at 0x7fccb07a74b0>,10,17,[ 2 12],11,71,88,60,62
1,<environment.Job instance at 0x7fccb07a76e0>,11,28,[12  3],12,91,119,79,90
1,<environment.Job instance at 0x7fccb7723960>,5,16,[ 3 11],6,92,108,86,92
1,<environment.Job instance at 0x7fccb07a7780>,12,18,[11  5],13,119,137,106,108
1,<environment.Job instance at 0x7fccb07a7870>,16,26,[5 5],17,137,163,120,134
1,<environment.Job instance at 0x7fcc6d21fbe0>,18,21,[10  1],19,137,158,118,134
1,<environment.Job instance at 0x7fcc6d21faf0>,19,23,[ 2 10],20,158,181,138,152
1,<environment.Job instance at 0x7fcc6d21f910>,21,19,[5 5],22,163,182,141,153
1,<environment.Job instance at 0x7fcc6d21f6e0>,23,26,[ 3 11],24,182,208,158,179
1,<environment.Job instance at 0x7fcc6cfb3b90>,24,18,[ 3 14],25,208,226,183,197
1,<environment.Job instance at 0x7fcc6cfb3f00>,25,15,[12  2],26,226,241,200,212
1,<environment.Job instance at 0x7fcc6cfb3640>,26,24,[ 5 14],27,241,265,214,236
1,<environment.Job instance at 0x7fcc6cfb3a00>,27,24,[ 1 13],28,265,289,237,260
1,<environment.Job instance at 0x7fcc6cfb3320>,28,14,[ 5 13],29,289,303,260,274
1,<environment.Job instance at 0x7fcc6cf18fa0>,0,12,[12  2],1,1,13,0,1
1,<environment.Job instance at 0x7fcc6d04a6e0>,4,17,[1 7],5,6,23,1,6
1,<environment.Job instance at 0x7fccb77236e0>,2,23,[14  2],3,13,36,10,8
1,<environment.Job instance at 0x7fcc6d227fa0>,8,26,[10  5],9,36,62,27,33
1,<environment.Job instance at 0x7fccb0e655a0>,3,25,[5 3],4,36,61,32,34
1,<environment.Job instance at 0x7fcc6cfb3320>,9,14,[14  1],10,62,76,52,47
1,<environment.Job instance at 0x7fccb09deaf0>,14,28,[8 4],15,76,104,61,75
1,<environment.Job instance at 0x7fccb09de3c0>,13,14,[3 8],14,76,90,62,76
1,<environment.Job instance at 0x7fcc6cf95b90>,6,13,[ 4 13],7,104,117,97,89
1,<environment.Job instance at 0x7fccb09de960>,15,16,[13  2],16,117,133,101,104
1,<environment.Job instance at 0x7fccb09de2d0>,17,12,[ 5 14],18,133,145,115,117
1,<environment.Job instance at 0x7fcc6cfcebe0>,19,14,[ 2 10],20,119,133,99,119
1,<environment.Job instance at 0x7fcc6cfcee10>,18,14,[14  2],19,145,159,126,130
1,<environment.Job instance at 0x7fcc6cfceb40>,20,19,[8 1],21,159,178,138,150
1,<environment.Job instance at 0x7fcc6cfcefa0>,22,17,[1 5],23,150,167,127,150
1,<environment.Job instance at 0x7fcc6cfcedc0>,23,21,[12  2],24,178,199,154,170
1,<environment.Job instance at 0x7fcc6cfce5a0>,24,21,[13  1],25,199,220,174,191
1,<environment.Job instance at 0x7fcc6cfce690>,25,14,[ 1 11],26,191,205,165,191
1,<environment.Job instance at 0x7fcc6cfce780>,21,23,[12  3],22,220,243,198,214
1,<environment.Job instance at 0x7fcc6cfcec80>,28,16,[14  3],29,243,259,214,232
1,<environment.Job instance at 0x7fcc6cfcef50>,29,12,[9 4],30,259,271,229,244
1,<environment.Job instance at 0x7fcc6cfce8c0>,30,17,[4 6],31,259,276,228,249
1,<environment.Job instance at 0x7fcc6cfce6e0>,31,16,[ 4 13],32,276,292,244,271
1,<environment.Job instance at 0x7fccb08f1d70>,0,27,[13  5],1,1,28,0,1
1,<environment.Job instance at 0x7fccb0981320>,3,19,[14  3],4,28,47,24,24
1,<environment.Job instance at 0x7fcc6cf97d20>,12,19,[9 1],13,47,66,34,39
1,<environment.Job instance at 0x7fcc6cbfcb90>,10,16,[14  3],11,66,82,55,53
1,<environment.Job instance at 0x7fccb7238e60>,15,14,[ 5 13],16,82,96,66,73
1,<environment.Job instance at 0x7fccb78e0140>,17,20,[2 6],18,96,116,78,87
1,<environment.Job instance at 0x7fccb78e05f0>,18,13,[ 5 11],19,116,129,97,103
1,<environment.Job instance at 0x7fccb78e03c0>,19,23,[3 6],20,129,152,109,123
1,<environment.Job instance at 0x7fccb7238870>,13,16,[13  5],14,152,168,138,143
1,<environment.Job instance at 0x7fccb75e8af0>,21,19,[ 3 11],22,168,187,146,158
1,<environment.Job instance at 0x7fccb75e8960>,22,18,[11  3],23,168,186,145,168
1,<environment.Job instance at 0x7fccb75e8730>,23,18,[14  4],24,187,205,163,182
1,<environment.Job instance at 0x7fccb788e230>,24,15,[1 8],25,187,202,162,183
1,<environment.Job instance at 0x7fccb75e85a0>,25,28,[7 5],26,205,233,179,204
1,<environment.Job instance at 0x7fcc6cafb4b0>,26,28,[2 9],27,205,233,178,204
1,<environment.Job instance at 0x7fccb788efa0>,28,12,[11  4],29,233,245,204,216
1,<environment.Job instance at 0x7fccb07bfe10>,29,17,[ 2 11],30,233,250,203,222
1,<environment.Job instance at 0x7fccb7238280>,14,26,[ 5 11],15,250,276,235,248
1,<environment.Job instance at 0x7fccb75e6140>,30,25,[2 8],31,276,301,245,272
1,<environment.Job instance at 0x7fccb08f1f00>,1,26,[ 2 12],2,4,30,2,4
1,<environment.Job instance at 0x7fcc6cf18d20>,0,13,[ 4 11],1,30,43,29,19
1,<environment.Job instance at 0x7fccb75e6140>,6,28,[11  3],7,26,54,19,26
1,<environment.Job instance at 0x7fccb06f1c80>,7,26,[14  1],8,54,80,46,51
1,<environment.Job instance at 0x7fcc6d1b46e0>,11,28,[7 2],12,80,108,68,79
1,<environment.Job instance at 0x7fccb79232d0>,13,16,[ 2 12],14,94,110,80,94
1,<environment.Job instance at 0x7fccb7923190>,14,27,[6 3],15,108,135,93,106
1,<environment.Job instance at 0x7fccb73ea820>,10,16,[13  3],11,135,151,124,128
1,<environment.Job instance at 0x7fccb7ebe410>,2,24,[13  2],3,151,175,148,147
1,<environment.Job instance at 0x7fccb0b3e320>,16,17,[ 5 11],17,175,192,158,169
1,<environment.Job instance at 0x7fccb737c460>,22,17,[ 2 14],23,192,209,169,180
1,<environment.Job instance at 0x7fccb737caa0>,23,19,[ 1 12],24,209,228,185,199
1,<environment.Job instance at 0x7fccb737c2d0>,19,22,[14  3],20,209,231,189,202
1,<environment.Job instance at 0x7fccb737ce10>,25,17,[ 5 14],26,231,248,205,219
1,<environment.Job instance at 0x7fccb0c0fc30>,17,16,[11  5],18,248,264,230,245
1,<environment.Job instance at 0x7fccb07bff50>,4,25,[ 3 14],5,264,289,259,262
1,<environment.Job instance at 0x7fccb09c7870>,1,19,[ 3 13],2,2,21,0,2
1,<environment.Job instance at 0x7fcc6c9772d0>,3,19,[5 8],4,21,40,17,11
1,<environment.Job instance at 0x7fccb06deb90>,8,25,[9 4],9,21,46,12,17
1,<environment.Job instance at 0x7fccb06de320>,9,26,[ 2 13],10,46,72,36,43
1,<environment.Job instance at 0x7fccb06de910>,10,17,[11  4],11,72,89,61,60
1,<environment.Job instance at 0x7fccb0c0ef00>,14,18,[ 5 12],15,89,107,74,78
1,<environment.Job instance at 0x7fccb0c0ebe0>,16,15,[ 3 12],17,107,122,90,93
1,<environment.Job instance at 0x7fccb0c0e820>,17,19,[5 9],18,122,141,104,112
1,<environment.Job instance at 0x7fccb0c0e0f0>,19,20,[5 8],20,141,161,121,132
1,<environment.Job instance at 0x7fccb0c0e4b0>,20,23,[6 3],21,132,155,111,132
1,<environment.Job instance at 0x7fccb0c0ec30>,23,13,[14  4],24,161,174,137,145
1,<environment.Job instance at 0x7fccb7c82370>,24,14,[13  2],25,174,188,149,159
1,<environment.Job instance at 0x7fccb0c0eeb0>,25,22,[ 5 12],26,188,210,162,181
1,<environment.Job instance at 0x7fccb0c0ea50>,26,23,[ 2 12],27,210,233,183,204
1,<environment.Job instance at 0x7fccb0932c80>,27,26,[6 3],28,204,230,176,204
1,<environment.Job instance at 0x7fccb0932fa0>,28,25,[ 2 14],29,233,258,204,229
1,<environment.Job instance at 0x7fccb0932f50>,30,18,[13  5],31,258,276,227,247
1,<environment.Job instance at 0x7fccb0932280>,32,17,[1 6],33,258,275,225,249
1,<environment.Job instance at 0x7fccb0932b40>,33,13,[12  5],34,276,289,242,260
1,<environment.Job instance at 0x7fcc6d0e1190>,1,23,[7 5],2,2,25,0,2
1,<environment.Job instance at 0x7fccb086b960>,5,13,[8 2],6,12,25,6,12
1,<environment.Job instance at 0x7fccb0932b40>,4,14,[12  3],5,25,39,20,24
1,<environment.Job instance at 0x7fccb086b230>,3,17,[11  4],4,39,56,35,28
1,<environment.Job instance at 0x7fccb086bf50>,11,27,[11  4],12,56,83,44,54
1,<environment.Job instance at 0x7fccb7797e10>,14,25,[14  5],15,83,108,68,79
1,<environment.Job instance at 0x7fccb0a295a0>,15,20,[2 5],16,108,128,92,99
1,<environment.Job instance at 0x7fcc6cbaf550>,16,15,[ 3 14],17,128,143,111,114
1,<environment.Job instance at 0x7fcc6ce05dc0>,17,15,[13  3],18,143,158,125,129
1,<environment.Job instance at 0x7fccb769c640>,18,26,[4 6],19,158,184,139,155
1,<environment.Job instance at 0x7fcc6cdb9aa0>,21,14,[ 5 13],22,184,198,162,169
1,<environment.Job instance at 0x7fccb7299550>,23,19,[5 7],24,198,217,174,188
1,<environment.Job instance at 0x7fccb72994b0>,24,27,[ 4 11],25,217,244,192,215
1,<environment.Job instance at 0x7fccb06ded70>,7,25,[10  4],8,216,241,208,216
1,<environment.Job instance at 0x7fccb7299190>,25,18,[12  2],26,244,262,218,233
1,<environment.Job instance at 0x7fccb7299b40>,32,15,[13  2],33,262,277,229,248
1,<environment.Job instance at 0x7fccb72a5c80>,33,23,[ 1 10],34,248,271,214,248
1,<environment.Job instance at 0x7fccb72a5f00>,34,16,[ 1 12],35,271,287,236,258
1,<environment.Job instance at 0x7fcc6d3006e0>,0,25,[ 5 12],1,1,26,0,1
1,<environment.Job instance at 0x7fccb086b820>,1,16,[ 5 11],2,26,42,24,18
1,<environment.Job instance at 0x7fccb7702b40>,7,24,[5 2],8,19,43,11,19
1,<environment.Job instance at 0x7fccb7702820>,8,17,[ 3 14],9,43,60,34,31
1,<environment.Job instance at 0x7fcc6cfda690>,9,22,[1 7],10,60,82,50,53
1,<environment.Job instance at 0x7fcc6c9775f0>,3,28,[9 1],4,54,82,50,54
1,<environment.Job instance at 0x7fccb7702aa0>,10,19,[14  5],11,82,101,71,72
1,<environment.Job instance at 0x7fccb087cf00>,14,26,[8 3],15,101,127,86,98
1,<environment.Job instance at 0x7fcc6cfdac30>,11,18,[ 3 12],12,101,119,89,98
1,<environment.Job instance at 0x7fccb087c9b0>,15,20,[9 5],16,127,147,111,118
1,<environment.Job instance at 0x7fccb087cfa0>,18,26,[10  1],19,147,173,128,144
1,<environment.Job instance at 0x7fccb087caf0>,13,23,[ 3 11],14,157,180,143,157
1,<environment.Job instance at 0x7fcc6cafb050>,21,12,[ 4 13],22,180,192,158,163
1,<environment.Job instance at 0x7fcc6cafba00>,22,28,[ 5 13],23,192,220,169,191
1,<environment.Job instance at 0x7fccb73f65f0>,24,13,[ 3 11],25,220,233,195,204
1,<environment.Job instance at 0x7fccb0ad6aa0>,25,21,[3 5],26,233,254,207,225
1,<environment.Job instance at 0x7fccb0ad6c30>,27,23,[ 1 11],28,254,277,226,248
1,<environment.Job instance at 0x7fccb7786b40>,29,18,[ 1 11],30,277,295,247,266
1,<environment.Job instance at 0x7fcc6ca2a2d0>,0,18,[ 2 12],1,1,19,0,1
1,<environment.Job instance at 0x7fccb086b5f0>,4,13,[9 3],5,7,20,2,7
1,<environment.Job instance at 0x7fccb0e6d9b0>,7,23,[14  1],8,20,43,12,15
1,<environment.Job instance at 0x7fccb08ecf50>,2,20,[14  2],3,43,63,40,34
1,<environment.Job instance at 0x7fccb73406e0>,10,24,[ 4 13],11,63,87,52,58
1,<environment.Job instance at 0x7fccb7340aa0>,13,15,[ 2 11],14,87,102,73,73
1,<environment.Job instance at 0x7fccb7340320>,14,13,[ 2 12],15,102,115,87,86
1,<environment.Job instance at 0x7fccb7340af0>,15,26,[5 5],16,115,141,99,112
1,<environment.Job instance at 0x7fccb7340820>,16,25,[1 6],17,115,140,98,112
1,<environment.Job instance at 0x7fccb73402d0>,18,19,[14  1],19,141,160,122,131
1,<environment.Job instance at 0x7fccb7340dc0>,19,28,[14  2],20,160,188,140,159
1,<environment.Job instance at 0x7fcc6c936050>,3,22,[ 1 12],4,168,190,164,168
1,<environment.Job instance at 0x7fccb7340fa0>,20,18,[13  5],21,190,208,169,179
1,<environment.Job instance at 0x7fccb7340b40>,22,26,[2 7],23,190,216,167,189
1,<environment.Job instance at 0x7fccb0af2870>,24,20,[7 1],25,208,228,183,199
1,<environment.Job instance at 0x7fccb0af2f50>,25,14,[ 2 12],26,216,230,190,201
1,<environment.Job instance at 0x7fccb0af2e60>,26,17,[14  1],27,230,247,203,218
1,<environment.Job instance at 0x7fccb0af2b90>,28,23,[ 2 11],29,247,270,218,241
1,<environment.Job instance at 0x7fccb0af2690>,32,12,[13  1],33,247,259,214,241
1,<environment.Job instance at 0x7fccb0af2c80>,34,28,[6 5],35,270,298,235,269
1,<environment.Job instance at 0x7fccb0794910>,0,20,[14  5],1,3,23,2,3
1,<environment.Job instance at 0x7fccb0e6d230>,5,20,[ 1 14],6,23,43,17,14
1,<environment.Job instance at 0x7fccb75b0500>,8,22,[ 2 13],9,43,65,34,36
1,<environment.Job instance at 0x7fccb75b0aa0>,9,15,[ 3 12],10,65,80,55,51
1,<environment.Job instance at 0x7fccb712da00>,10,25,[1 7],11,80,105,69,76
1,<environment.Job instance at 0x7fcc6c8ba500>,11,20,[13  1],12,80,100,68,76
1,<environment.Job instance at 0x7fccb712d910>,12,25,[14  4],13,100,125,87,96
1,<environment.Job instance at 0x7fcc6c8ba730>,13,27,[13  3],14,125,152,111,123
1,<environment.Job instance at 0x7fccb7150eb0>,14,21,[ 1 11],15,123,144,108,123
1,<environment.Job instance at 0x7fccb7150be0>,15,14,[ 4 13],16,152,166,136,137
1,<environment.Job instance at 0x7fccb7150640>,18,25,[7 3],19,166,191,147,162
1,<environment.Job instance at 0x7fccb7150320>,20,26,[ 5 14],21,191,217,170,188
1,<environment.Job instance at 0x7fccb7150aa0>,21,24,[12  2],22,217,241,195,212
1,<environment.Job instance at 0x7fcc6d009870>,22,28,[8 4],23,241,269,218,240
1,<environment.Job instance at 0x7fccb0794f50>,2,16,[2 5],3,241,257,238,241
1,<environment.Job instance at 0x7fccb73f7730>,24,14,[13  2],25,269,283,244,256
1,<environment.Job instance at 0x7fccb086bdc0>,6,28,[ 2 12],7,270,298,263,270
1,<environment.Job instance at 0x7fe7e5622500>,0,24,[2 8],1,1,25,0,1
1,<environment.Job instance at 0x7fe7e56223c0>,2,26,[10  1],3,3,29,0,3
1,<environment.Job instance at 0x7fe7e221aa50>,3,15,[13  4],4,29,44,25,15
1,<environment.Job instance at 0x7fe7e221af00>,10,14,[ 1 14],11,44,58,33,29
1,<environment.Job instance at 0x7fe7e221ae10>,12,22,[4 6],13,58,80,45,51
1,<environment.Job instance at 0x7fe7e221d140>,13,27,[3 8],14,58,85,44,56
1,<environment.Job instance at 0x7fe7e221d1e0>,14,14,[14  3],15,85,99,70,70
1,<environment.Job instance at 0x7fe7e221d410>,15,24,[ 2 13],16,99,123,83,94
1,<environment.Job instance at 0x7fe7e221d460>,16,19,[ 3 12],17,123,142,106,113
1,<environment.Job instance at 0x7fe7e221d2d0>,17,18,[ 5 13],18,142,160,124,131
1,<environment.Job instance at 0x7fe7e221d550>,19,21,[14  4],20,160,181,140,152
1,<environment.Job instance at 0x7fe7e221d7d0>,21,22,[14  2],22,181,203,159,174
1,<environment.Job instance at 0x7fe7e221d780>,22,25,[ 4 12],23,203,228,180,199
1,<environment.Job instance at 0x7fe7e221d9b0>,24,20,[ 3 12],25,228,248,203,219
1,<environment.Job instance at 0x7fe7e221da50>,25,16,[11  3],26,236,252,210,236
1,<environment.Job instance at 0x7fe7e221daf0>,26,20,[4 8],27,248,268,221,239
1,<environment.Job instance at 0x7fe7e221db90>,27,25,[14  4],28,268,293,240,264
1,<environment.Job instance at 0x7fe7e2223820>,0,13,[12  1],1,1,14,0,1
1,<environment.Job instance at 0x7fe7e221daa0>,1,24,[ 1 11],2,2,26,0,2
1,<environment.Job instance at 0x7fe7e2226230>,2,27,[9 1],3,14,41,11,12
1,<environment.Job instance at 0x7fe7e221db90>,4,20,[ 5 14],5,34,54,29,34
1,<environment.Job instance at 0x7fe7e57a30f0>,8,22,[14  3],9,54,76,45,47
1,<environment.Job instance at 0x7fe7e57a3320>,13,24,[9 2],14,76,100,62,71
1,<environment.Job instance at 0x7fe7e57a3870>,10,23,[5 7],11,76,99,65,71
1,<environment.Job instance at 0x7fe7e57a3a00>,14,20,[11  1],15,100,120,85,91
1,<environment.Job instance at 0x7fe7e57a34b0>,15,15,[ 1 11],16,99,114,83,95
1,<environment.Job instance at 0x7fe7e579a230>,18,25,[ 2 12],19,114,139,95,110
1,<environment.Job instance at 0x7fe7e579aaa0>,25,19,[8 3],26,121,140,95,121
1,<environment.Job instance at 0x7fe7e567baf0>,27,19,[14  1],28,140,159,112,130
1,<environment.Job instance at 0x7fe7e2002500>,23,27,[8 2],24,160,187,136,160
1,<environment.Job instance at 0x7fe7e579c230>,33,17,[ 4 14],34,187,204,153,175
1,<environment.Job instance at 0x7fe7e579ca00>,34,21,[ 1 12],35,204,225,169,196
1,<environment.Job instance at 0x7fe7e579c410>,35,18,[ 5 12],36,225,243,189,214
1,<environment.Job instance at 0x7fe7e26be690>,38,25,[11  5],39,243,268,204,239
1,<environment.Job instance at 0x7fe7e26be3c0>,39,18,[ 4 11],40,268,286,228,257
1,<environment.Job instance at 0x7fe79a4a0d20>,0,22,[ 2 14],1,1,23,0,1
1,<environment.Job instance at 0x7fe7e26be3c0>,2,12,[10  1],3,4,16,1,4
1,<environment.Job instance at 0x7fe79a4a0c80>,5,19,[11  4],6,23,42,17,18
1,<environment.Job instance at 0x7fe79a4a0f00>,3,22,[ 4 11],4,24,46,20,24
1,<environment.Job instance at 0x7fe79a4a0eb0>,8,17,[11  4],9,42,59,33,30
1,<environment.Job instance at 0x7fe79a4a0e60>,10,15,[2 6],11,46,61,35,32
1,<environment.Job instance at 0x7fe79a4b9a50>,1,18,[13  3],2,59,77,57,48
1,<environment.Job instance at 0x7fe79a4a0a50>,12,20,[ 5 13],13,77,97,64,68
1,<environment.Job instance at 0x7fe79a4a0be0>,4,19,[11  3],5,97,116,92,88
1,<environment.Job instance at 0x7fe79a4a01e0>,13,21,[ 1 13],14,116,137,102,108
1,<environment.Job instance at 0x7fe79a4a0640>,16,26,[ 4 14],17,137,163,120,134
1,<environment.Job instance at 0x7fe79a4a05a0>,17,21,[1 6],18,163,184,145,155
1,<environment.Job instance at 0x7fe79a4a0410>,18,12,[12  1],19,163,175,144,155
1,<environment.Job instance at 0x7fe79a4a06e0>,15,18,[ 3 13],16,184,202,168,173
1,<environment.Job instance at 0x7fe79a4a03c0>,21,18,[ 3 12],22,202,220,180,191
1,<environment.Job instance at 0x7fe79a55adc0>,24,24,[5 6],25,220,244,195,215
1,<environment.Job instance at 0x7fe79a55ac30>,26,14,[14  1],27,244,258,217,238
1,<environment.Job instance at 0x7fe79a4a09b0>,9,22,[ 1 14],10,248,270,238,248
1,<environment.Job instance at 0x7fe79a55ab40>,27,22,[12  1],28,261,283,233,261
1,<environment.Job instance at 0x7fe79a55a6e0>,28,19,[1 9],29,270,289,241,263
1,<environment.Job instance at 0x7fe79a61deb0>,2,24,[12  2],3,3,27,0,3
1,<environment.Job instance at 0x7fe79a4cb280>,3,26,[ 3 11],4,4,30,0,4
1,<environment.Job instance at 0x7fe79a4cbaa0>,4,25,[ 5 11],5,30,55,25,26
1,<environment.Job instance at 0x7fe79a4cba50>,11,12,[12  4],12,55,67,43,38
1,<environment.Job instance at 0x7fe79a4cb9b0>,6,16,[ 1 11],7,57,73,50,57
1,<environment.Job instance at 0x7fe79a4cb0a0>,13,14,[12  3],14,67,81,53,59
1,<environment.Job instance at 0x7fe79a61daf0>,5,13,[2 6],6,73,86,67,62
1,<environment.Job instance at 0x7fe79a4cb500>,12,21,[12  4],13,81,102,68,73
1,<environment.Job instance at 0x7fe79a4cb2d0>,8,25,[4 6],9,102,127,93,98
1,<environment.Job instance at 0x7fe79a4cbe60>,16,23,[11  2],17,108,131,91,108
1,<environment.Job instance at 0x7fe79aa1a690>,19,15,[12  2],20,131,146,111,118
1,<environment.Job instance at 0x7fe79a4cb190>,15,22,[ 3 12],16,127,149,111,124
1,<environment.Job instance at 0x7fe79aa1a2d0>,18,22,[ 2 10],19,149,171,130,142
1,<environment.Job instance at 0x7fe79a8d64b0>,22,22,[6 4],23,149,171,126,143
1,<environment.Job instance at 0x7fe79a8d6460>,26,19,[ 5 14],27,171,190,144,161
1,<environment.Job instance at 0x7fe79a8d6b90>,28,27,[9 4],29,190,217,161,188
1,<environment.Job instance at 0x7fe79a8d60f0>,29,25,[ 3 11],30,201,226,171,201
1,<environment.Job instance at 0x7fe79a4cbd20>,14,28,[ 3 13],15,226,254,211,225
1,<environment.Job instance at 0x7fe79a8d6cd0>,30,27,[13  4],31,254,281,223,252
1,<environment.Job instance at 0x7fe79a50b820>,0,23,[5 8],1,1,24,0,1
1,<environment.Job instance at 0x7fe79a51c960>,1,21,[ 4 11],2,24,45,22,16
1,<environment.Job instance at 0x7fe79ab46a00>,3,23,[10  3],4,16,39,12,16
1,<environment.Job instance at 0x7fe79a50bfa0>,6,14,[11  2],7,39,53,32,30
1,<environment.Job instance at 0x7fe79a8c5f00>,10,13,[11  1],11,53,66,42,48
1,<environment.Job instance at 0x7fe79a4cbeb0>,2,20,[ 3 12],3,60,80,57,60
1,<environment.Job instance at 0x7fe79a8c5c80>,11,27,[14  2],12,80,107,68,80
1,<environment.Job instance at 0x7fe79a461c80>,13,21,[ 4 12],14,107,128,93,99
1,<environment.Job instance at 0x7fe79a461e60>,15,18,[ 5 11],16,128,146,112,119
1,<environment.Job instance at 0x7fe79a461690>,17,12,[11  1],18,146,158,128,130
1,<environment.Job instance at 0x7fe79a461d20>,18,13,[ 5 13],19,158,171,139,144
1,<environment.Job instance at 0x7fe79a461280>,19,17,[2 8],20,171,188,151,159
1,<environment.Job instance at 0x7fe79a8c5230>,12,25,[13  2],13,171,196,158,168
1,<environment.Job instance at 0x7fe79a461d70>,21,14,[2 9],22,188,202,166,174
1,<environment.Job instance at 0x7fe79a4615a0>,22,20,[5 7],23,202,222,179,197
1,<environment.Job instance at 0x7fe79a461870>,24,28,[4 8],25,202,230,177,201
1,<environment.Job instance at 0x7fe79a50b190>,5,24,[12  1],6,230,254,224,226
1,<environment.Job instance at 0x7fe79a61d5a0>,4,28,[3 8],5,232,260,227,232
1,<environment.Job instance at 0x7fe79a8430a0>,27,15,[5 6],28,254,269,226,243
1,<environment.Job instance at 0x7fe7e265fd70>,31,27,[7 2],32,260,287,228,259
1,<environment.Job instance at 0x7fe7e4b7e3c0>,1,16,[ 2 13],2,3,19,1,3
1,<environment.Job instance at 0x7fe7e4b7e5a0>,3,24,[ 5 11],4,19,43,15,14
1,<environment.Job instance at 0x7fe7e4b7e320>,7,25,[8 3],8,19,44,11,17
1,<environment.Job instance at 0x7fe7e4b7e140>,9,15,[ 5 13],10,44,59,34,30
1,<environment.Job instance at 0x7fe7e26a5140>,11,24,[5 1],12,43,67,31,38
1,<environment.Job instance at 0x7fe7e26a5e10>,12,23,[ 1 13],13,59,82,46,53
1,<environment.Job instance at 0x7fe7e26a55a0>,13,12,[12  2],14,67,79,53,53
1,<environment.Job instance at 0x7fe7e26a5be0>,15,22,[3 8],16,82,104,66,75
1,<environment.Job instance at 0x7fe7e26a5780>,16,19,[ 3 14],17,104,123,87,94
1,<environment.Job instance at 0x7fe7e26a54b0>,17,26,[ 1 14],18,123,149,105,120
1,<environment.Job instance at 0x7fe7e26a53c0>,19,16,[12  3],20,149,165,129,136
1,<environment.Job instance at 0x7fe7e26a5870>,20,27,[13  4],21,165,192,144,163
1,<environment.Job instance at 0x7fe7e26a57d0>,23,21,[5 1],24,192,213,168,184
1,<environment.Job instance at 0x7fe7e26a5eb0>,24,23,[8 5],25,192,215,167,186
1,<environment.Job instance at 0x7fe7e26a5b40>,25,20,[5 5],26,213,233,187,204
1,<environment.Job instance at 0x7fe7e26a5d20>,27,20,[3 7],28,215,235,187,210
1,<environment.Job instance at 0x7fe7e4f25e60>,28,27,[ 3 13],29,235,262,206,233
1,<environment.Job instance at 0x7fe7e4f25dc0>,29,20,[14  3],30,262,282,232,253
1,<environment.Job instance at 0x7fe79aa01320>,0,23,[11  3],1,1,24,0,1
1,<environment.Job instance at 0x7fe7e50bccd0>,4,16,[ 2 11],5,7,23,2,7
1,<environment.Job instance at 0x7fe7e50b1f00>,7,14,[8 5],8,24,38,16,11
1,<environment.Job instance at 0x7fe79a4ca050>,9,16,[ 4 13],10,38,54,28,25
1,<environment.Job instance at 0x7fe79a81e7d0>,11,25,[10  5],12,54,79,42,50
1,<environment.Job instance at 0x7fe79a81e640>,13,26,[4 8],14,54,80,40,52
1,<environment.Job instance at 0x7fe7e24a7550>,14,17,[12  2],15,80,97,65,69
1,<environment.Job instance at 0x7fe7e24bd7d0>,15,19,[11  2],16,97,116,81,92
1,<environment.Job instance at 0x7fe7e4befaf0>,17,24,[ 1 11],18,92,116,74,92
1,<environment.Job instance at 0x7fe79a81e730>,16,12,[14  5],17,116,128,99,104
1,<environment.Job instance at 0x7fe7e4ab5690>,18,18,[ 4 12],19,128,146,109,118
1,<environment.Job instance at 0x7fe79a81e960>,20,14,[7 2],21,128,142,107,119
1,<environment.Job instance at 0x7fe7e2292c30>,21,19,[8 2],22,142,161,120,132
1,<environment.Job instance at 0x7fe7e50bc280>,5,24,[8 2],6,161,185,155,156
1,<environment.Job instance at 0x7fe7e250faf0>,25,25,[ 3 13],26,162,187,136,162
1,<environment.Job instance at 0x7fe79a5b7050>,23,28,[14  4],24,187,215,163,187
1,<environment.Job instance at 0x7fe7e25d9640>,27,24,[ 2 13],28,215,239,187,210
1,<environment.Job instance at 0x7fe79a87f5a0>,28,21,[ 2 14],29,239,260,210,232
1,<environment.Job instance at 0x7fe79a87f1e0>,29,16,[ 5 13],30,260,276,230,248
1,<environment.Job instance at 0x7fe79a706140>,1,27,[ 4 12],2,2,29,0,2
1,<environment.Job instance at 0x7fe7e50505f0>,2,23,[5 7],3,29,52,26,23
1,<environment.Job instance at 0x7fe7e4a34730>,7,20,[12  3],8,52,72,44,43
1,<environment.Job instance at 0x7fe79a6cc050>,9,13,[12  5],10,72,85,62,56
1,<environment.Job instance at 0x7fe79a6cc1e0>,11,27,[12  2],12,85,112,73,83
1,<environment.Job instance at 0x7fe79a6ccc30>,12,26,[13  4],13,112,138,99,109
1,<environment.Job instance at 0x7fe79a6cc230>,15,24,[ 4 10],16,138,162,122,133
1,<environment.Job instance at 0x7fe79a6cc0a0>,19,20,[11  1],20,138,158,118,137
1,<environment.Job instance at 0x7fe79a6ccc80>,20,12,[ 1 14],21,162,174,141,145
1,<environment.Job instance at 0x7fe79a6cc780>,21,18,[ 5 12],22,174,192,152,163
1,<environment.Job instance at 0x7fe79a6b1a50>,23,24,[6 1],24,163,187,139,163
1,<environment.Job instance at 0x7fe79a6b1960>,24,19,[3 9],25,192,211,167,182
1,<environment.Job instance at 0x7fe79a8853c0>,25,21,[12  1],26,192,213,166,185
1,<environment.Job instance at 0x7fe79a8859b0>,26,16,[ 4 11],27,213,229,186,200
1,<environment.Job instance at 0x7fe79a885c80>,27,26,[7 4],28,213,239,185,210
1,<environment.Job instance at 0x7fe79a885be0>,29,27,[11  5],30,239,266,209,237
1,<environment.Job instance at 0x7fe79a885730>,31,25,[9 2],32,266,291,234,262
1,<environment.Job instance at 0x7fe79a4654b0>,2,26,[12  3],3,3,29,0,3
1,<environment.Job instance at 0x7fe79a4655a0>,1,16,[ 1 11],2,21,37,19,21
1,<environment.Job instance at 0x7fe7e4bb1410>,7,26,[7 3],8,29,55,21,26
1,<environment.Job instance at 0x7fe7e4bb1f50>,9,26,[3 5],10,37,63,27,34
1,<environment.Job instance at 0x7fe7e4bb1320>,11,13,[ 2 13],12,63,76,51,47
1,<environment.Job instance at 0x7fe7e4bb10a0>,12,18,[12  5],13,76,94,63,65
1,<environment.Job instance at 0x7fe7e4bb1550>,16,22,[14  2],17,94,116,77,87
1,<environment.Job instance at 0x7fe7e4bb1be0>,17,14,[12  4],18,143,157,125,143
1,<environment.Job instance at 0x7fe7e4bb11e0>,18,14,[11  1],19,157,171,138,146
1,<environment.Job instance at 0x7fe7e4bb1af0>,19,28,[6 2],20,171,199,151,170
1,<environment.Job instance at 0x7fe7e4bb1820>,15,16,[ 3 11],16,170,186,154,170
1,<environment.Job instance at 0x7fe79a4656e0>,4,17,[ 4 13],5,186,203,181,181
1,<environment.Job instance at 0x7fe7e4bb1780>,20,20,[12  3],21,203,223,182,194
1,<environment.Job instance at 0x7fe7e4c5ce10>,24,20,[2 8],25,205,225,180,205
1,<environment.Job instance at 0x7fe7e4c5c910>,23,16,[11  1],24,223,239,199,211
1,<environment.Job instance at 0x7fe7e4c5c550>,26,13,[ 1 11],27,225,238,198,221
1,<environment.Job instance at 0x7fe7e4c5caa0>,27,21,[5 9],28,239,260,211,231
1,<environment.Job instance at 0x7fe7e4c5c0a0>,28,25,[6 1],29,241,266,212,241
1,<environment.Job instance at 0x7fe7e51a74b0>,29,15,[ 3 12],30,260,275,230,249
1,<environment.Job instance at 0x7fe7e4c5c410>,25,14,[11  5],26,275,289,249,266
1,<environment.Job instance at 0x7fe79a95c820>,0,12,[ 2 12],1,1,13,0,1
1,<environment.Job instance at 0x7fe79a95cdc0>,2,27,[ 2 11],3,13,40,10,11
1,<environment.Job instance at 0x7fe79aa9b640>,7,28,[13  5],8,40,68,32,39
1,<environment.Job instance at 0x7fe79aa9b280>,8,26,[8 3],9,68,94,59,65
1,<environment.Job instance at 0x7fe79a95c5f0>,4,12,[3 5],5,68,80,63,66
1,<environment.Job instance at 0x7fe79a937460>,11,14,[ 3 11],12,80,94,68,74
1,<environment.Job instance at 0x7fe79aa9b550>,13,15,[14  1],14,94,109,80,80
1,<environment.Job instance at 0x7fe79aa9b5a0>,10,22,[5 6],11,109,131,98,103
1,<environment.Job instance at 0x7fe79a815eb0>,12,27,[ 3 14],13,131,158,118,129
1,<environment.Job instance at 0x7fe7e4fc50f0>,17,26,[10  3],18,158,184,140,155
1,<environment.Job instance at 0x7fe7e504bdc0>,21,18,[ 2 12],22,158,176,136,155
1,<environment.Job instance at 0x7fe7e2677140>,22,14,[ 2 11],23,176,190,153,166
1,<environment.Job instance at 0x7fe7e4aa2460>,23,14,[1 9],24,190,204,166,175
1,<environment.Job instance at 0x7fe7e2677a50>,24,12,[ 4 13],25,204,216,179,188
1,<environment.Job instance at 0x7fe7e2677690>,25,21,[5 4],26,216,237,190,208
1,<environment.Job instance at 0x7fe79aae04b0>,26,14,[ 3 12],27,237,251,210,222
1,<environment.Job instance at 0x7fe79aae0370>,27,23,[13  3],28,251,274,223,246
1,<environment.Job instance at 0x7fe79a33ee60>,28,16,[13  5],29,274,290,245,261
1,<environment.Job instance at 0x7fe7e21a20a0>,29,12,[2 9],30,261,273,231,261
1,<environment.Job instance at 0x7fe7e2577730>,0,21,[9 1],1,1,22,0,1
1,<environment.Job instance at 0x7fe79a5cf0f0>,2,19,[ 2 14],3,3,22,0,3
1,<environment.Job instance at 0x7fe7e4c39190>,9,18,[11  5],10,22,40,12,16
1,<environment.Job instance at 0x7fe7e4c39d20>,10,28,[7 2],11,40,68,29,39
1,<environment.Job instance at 0x7fe79ab1e960>,5,12,[ 2 10],6,39,51,33,39
1,<environment.Job instance at 0x7fe7e21705a0>,13,18,[4 7],14,51,69,37,48
1,<environment.Job instance at 0x7fe79a9e7aa0>,14,14,[ 1 12],15,69,83,54,54
1,<environment.Job instance at 0x7fe79a9e77d0>,15,15,[14  3],16,69,84,53,55
1,<environment.Job instance at 0x7fe79a33e0a0>,17,23,[ 2 13],18,84,107,66,78
1,<environment.Job instance at 0x7fe79a33eaf0>,19,22,[12  5],20,107,129,87,101
1,<environment.Job instance at 0x7fe79a33ef50>,18,25,[1 6],19,107,132,88,104
1,<environment.Job instance at 0x7fe7e24e4690>,11,20,[14  4],12,129,149,117,124
1,<environment.Job instance at 0x7fe79a9e7550>,12,21,[13  5],13,149,170,136,141
1,<environment.Job instance at 0x7fe79a6a0320>,25,27,[4 9],26,170,197,144,168
1,<environment.Job instance at 0x7fe7e4a50d70>,22,24,[2 5],23,168,192,145,168
1,<environment.Job instance at 0x7fe7e4f709b0>,29,19,[10  1],30,192,211,162,182
1,<environment.Job instance at 0x7fe79a6a0b90>,28,14,[ 5 14],29,197,211,168,191
1,<environment.Job instance at 0x7fe79a6a0d70>,32,25,[11  2],33,211,236,178,207
1,<environment.Job instance at 0x7fe79a6a0730>,33,15,[ 3 12],34,211,226,177,209
1,<environment.Job instance at 0x7fe7e4bb1eb0>,34,17,[ 3 12],35,226,243,191,214
1,<environment.Job instance at 0x7fe7e4bb1820>,35,22,[14  5],36,243,265,207,236
1,<environment.Job instance at 0x7fe79a33e780>,24,12,[ 2 13],25,265,277,240,249
1,<environment.Job instance at 0x7fe7e5013550>,0,28,[9 5],1,1,29,0,1
1,<environment.Job instance at 0x7fe7e2213eb0>,1,12,[ 5 12],2,29,41,27,27
1,<environment.Job instance at 0x7fe7e4c39f00>,6,13,[12  1],7,41,54,34,27
1,<environment.Job instance at 0x7fe79a5f0820>,8,24,[3 9],9,41,65,32,36
1,<environment.Job instance at 0x7fe79a9e2550>,10,20,[6 5],11,54,74,43,45
1,<environment.Job instance at 0x7fe79a9e2410>,11,14,[ 4 13],12,74,88,62,65
1,<environment.Job instance at 0x7fe79a9e26e0>,12,12,[14  3],13,88,100,75,77
1,<environment.Job instance at 0x7fe79abd00a0>,2,26,[9 3],3,100,126,97,99
1,<environment.Job instance at 0x7fe79a9e2d70>,14,21,[ 1 12],15,101,122,86,101
1,<environment.Job instance at 0x7fe79a5cff00>,3,27,[ 5 13],4,126,153,122,125
1,<environment.Job instance at 0x7fe79a9e2a50>,13,18,[ 5 11],14,153,171,139,142
1,<environment.Job instance at 0x7fe79a9e27d0>,19,28,[ 3 10],20,171,199,151,170
1,<environment.Job instance at 0x7fe79a9e2820>,21,28,[11  4],22,171,199,149,171
1,<environment.Job instance at 0x7fe7e22d2aa0>,23,19,[11  2],24,199,218,175,189
1,<environment.Job instance at 0x7fe79a9e2f50>,16,18,[ 1 12],17,199,217,182,195
1,<environment.Job instance at 0x7fe79a31d190>,26,19,[ 1 12],27,217,236,190,207
1,<environment.Job instance at 0x7fe79a31d280>,28,24,[8 1],29,218,242,189,218
1,<environment.Job instance at 0x7fe79a9e2e60>,15,25,[4 9],16,236,261,220,232
1,<environment.Job instance at 0x7fe79a31d690>,30,12,[8 2],31,242,254,211,232
1,<environment.Job instance at 0x7fe79a31d780>,32,15,[13  1],33,261,276,228,251
1,<environment.Job instance at 0x7fe79a31d820>,31,28,[ 1 12],32,261,289,229,261
1,<environment.Job instance at 0x7fe79a3174b0>,0,26,[14  4],1,1,27,0,1
1,<environment.Job instance at 0x7fe79a317550>,3,18,[14  1],4,27,45,23,16
1,<environment.Job instance at 0x7fe79a317500>,8,27,[5 1],9,45,72,36,43
1,<environment.Job instance at 0x7fe79a317d20>,9,16,[ 3 12],10,45,61,35,43
1,<environment.Job instance at 0x7fe79a317910>,10,12,[ 3 12],11,61,73,50,44
1,<environment.Job instance at 0x7fe79a317d70>,11,13,[ 3 12],12,73,86,61,57
1,<environment.Job instance at 0x7fe79a317eb0>,12,24,[ 4 10],13,86,110,73,81
1,<environment.Job instance at 0x7fe79a317960>,13,25,[11  2],14,81,106,67,81
1,<environment.Job instance at 0x7fe79a317e60>,14,23,[ 1 14],15,110,133,95,104
1,<environment.Job instance at 0x7fe79a317dc0>,16,12,[ 3 12],17,133,145,116,116
1,<environment.Job instance at 0x7fe7e1fd2f50>,19,13,[3 9],20,145,158,125,131
1,<environment.Job instance at 0x7fe7e1fd20f0>,20,14,[ 2 11],21,158,172,137,143
1,<environment.Job instance at 0x7fe7e1fd2320>,22,22,[ 5 14],23,172,194,149,165
1,<environment.Job instance at 0x7fe7e1fd2e60>,23,17,[12  4],24,194,211,170,182
1,<environment.Job instance at 0x7fe7e1ff5230>,27,21,[7 2],28,211,232,183,203
1,<environment.Job instance at 0x7fe7e1fd2410>,24,26,[ 1 10],25,203,229,178,203
1,<environment.Job instance at 0x7fe7e1ff5640>,30,28,[3 6],31,229,257,198,228
1,<environment.Job instance at 0x7fe7e1ff5460>,32,13,[1 8],33,232,245,199,228
1,<environment.Job instance at 0x7fe7e1ff5410>,33,21,[10  4],34,245,266,211,237
1,<environment.Job instance at 0x7fe7e1ff55f0>,34,13,[12  5],35,266,279,231,250
1,<environment.Job instance at 0x7fe7e1ff5a50>,37,22,[ 3 10],38,257,279,219,251
1,<environment.Job instance at 0x7fe79a31d050>,0,21,[5 4],1,1,22,0,1
1,<environment.Job instance at 0x7fe79a31dcd0>,2,20,[4 5],3,3,23,0,3
1,<environment.Job instance at 0x7fe7e24f15f0>,3,23,[6 5],4,4,27,0,4
1,<environment.Job instance at 0x7fe79a6fd2d0>,4,17,[ 2 13],5,27,44,22,15
1,<environment.Job instance at 0x7fe79a6fd870>,11,24,[14  4],12,44,68,32,42
1,<environment.Job instance at 0x7fe7e24f13c0>,5,20,[ 1 11],6,47,67,41,47
1,<environment.Job instance at 0x7fe79a6fdc30>,12,26,[12  3],13,68,94,55,65
1,<environment.Job instance at 0x7fe79a6fd7d0>,14,23,[8 4],15,94,117,79,88
1,<environment.Job instance at 0x7fe7e219faf0>,15,12,[ 4 13],16,117,129,101,100
1,<environment.Job instance at 0x7fe7e219f190>,16,25,[13  1],17,129,154,112,125
1,<environment.Job instance at 0x7fe7e219fe10>,19,22,[14  4],20,154,176,134,147
1,<environment.Job instance at 0x7fe79a6fd9b0>,8,12,[ 3 14],9,176,188,167,159
1,<environment.Job instance at 0x7fe7e219ff50>,20,14,[ 1 13],21,188,202,167,173
1,<environment.Job instance at 0x7fe7e219ff00>,23,16,[11  3],24,202,218,178,189
1,<environment.Job instance at 0x7fe79a41c690>,25,24,[ 2 12],26,202,226,176,197
1,<environment.Job instance at 0x7fe79a41c410>,28,23,[4 5],29,226,249,197,220
1,<environment.Job instance at 0x7fe79a41ce60>,29,25,[1 9],30,226,251,196,222
1,<environment.Job instance at 0x7fe79a41c550>,33,24,[14  5],34,249,273,215,244
1,<environment.Job instance at 0x7fe79a41c8c0>,34,18,[14  1],35,273,291,238,262
1,<environment.Job instance at 0x7fe79a3b6e60>,0,23,[8 4],1,1,24,0,1
1,<environment.Job instance at 0x7fe7e24f4c80>,1,13,[12  4],2,24,37,22,8
1,<environment.Job instance at 0x7fe7e24f1e10>,6,26,[ 3 14],7,37,63,30,34
1,<environment.Job instance at 0x7fe7e21f32d0>,7,15,[11  5],8,63,78,55,49
1,<environment.Job instance at 0x7fe7e21f3d70>,9,15,[ 3 13],10,78,93,68,66
1,<environment.Job instance at 0x7fe7e4e86e10>,10,25,[13  4],11,93,118,82,89
1,<environment.Job instance at 0x7fe7e4e86780>,11,17,[13  1],12,118,135,106,106
1,<environment.Job instance at 0x7fe7e4e86460>,15,16,[ 1 13],16,118,134,102,106
1,<environment.Job instance at 0x7fe7e4e86eb0>,16,26,[ 3 11],17,135,161,118,132
1,<environment.Job instance at 0x7fe7e4e864b0>,17,18,[6 5],18,161,179,143,150
1,<environment.Job instance at 0x7fe7e4e860a0>,18,17,[9 4],19,151,168,132,151
1,<environment.Job instance at 0x7fe7e4e861e0>,19,26,[12  4],20,179,205,159,176
1,<environment.Job instance at 0x7fe7e4e86230>,20,16,[11  4],21,205,221,184,192
1,<environment.Job instance at 0x7fe7e4e86b90>,22,15,[6 2],23,221,236,198,207
1,<environment.Job instance at 0x7fe7e24f15a0>,5,28,[ 2 13],6,227,255,221,227
1,<environment.Job instance at 0x7fe7e4e86640>,13,25,[12  1],14,236,261,222,232
1,<environment.Job instance at 0x7fe7e4e86d70>,23,20,[12  4],24,261,281,237,252
1,<environment.Job instance at 0x7fe7e20a9d70>,27,15,[14  2],28,281,296,253,274
1,<environment.Job instance at 0x7fe79a4fb140>,1,20,[3 7],2,2,22,0,2
1,<environment.Job instance at 0x7fe79a4fbb40>,4,23,[2 6],5,5,28,0,5
1,<environment.Job instance at 0x7fe79a4fb640>,3,18,[12  3],4,22,40,18,11
1,<environment.Job instance at 0x7fe7e20fa7d0>,9,26,[5 9],10,40,66,30,37
1,<environment.Job instance at 0x7fe7e20faf50>,10,22,[2 7],11,66,88,55,59
1,<environment.Job instance at 0x7fe7e20fa230>,11,22,[8 1],12,69,91,57,69
1,<environment.Job instance at 0x7fe7e2025410>,13,20,[8 2],14,91,111,77,82
1,<environment.Job instance at 0x7fe7e2025730>,16,16,[ 3 11],17,88,104,71,87
1,<environment.Job instance at 0x7fe7e20fad70>,8,16,[ 1 12],9,104,120,95,101
1,<environment.Job instance at 0x7fe7e2025f00>,19,18,[13  2],20,111,129,91,105
1,<environment.Job instance at 0x7fe7e20fa5a0>,7,14,[ 2 11],8,120,134,112,110
1,<environment.Job instance at 0x7fe79a4fbbe0>,6,27,[ 2 13],7,140,167,133,140
1,<environment.Job instance at 0x7fe7e20255f0>,23,16,[12  2],24,154,170,130,154
1,<environment.Job instance at 0x7fe7e2025aa0>,22,17,[ 1 14],23,170,187,147,158
1,<environment.Job instance at 0x7fe7e2025820>,21,23,[14  1],22,170,193,148,164
1,<environment.Job instance at 0x7fe7e2025690>,26,16,[13  3],27,193,209,166,183
1,<environment.Job instance at 0x7fe7e2025910>,24,19,[ 4 11],25,209,228,184,200
1,<environment.Job instance at 0x7fe7e2025b40>,28,19,[ 1 14],29,228,247,199,219
1,<environment.Job instance at 0x7fe79a81d7d0>,0,17,[14  2],1,5,22,4,5
1,<environment.Job instance at 0x7fe7e4b06370>,7,19,[ 5 13],8,22,41,14,12
1,<environment.Job instance at 0x7fe7e4b06fa0>,9,25,[3 9],10,41,66,31,37
1,<environment.Job instance at 0x7fe7e266ad70>,13,17,[ 3 13],14,66,83,52,54
1,<environment.Job instance at 0x7fe7e4baa2d0>,14,28,[3 9],15,83,111,68,82
1,<environment.Job instance at 0x7fe7e4baa410>,15,28,[ 3 10],16,111,139,95,110
1,<environment.Job instance at 0x7fe79ab05f50>,18,19,[4 5],19,111,130,92,111
1,<environment.Job instance at 0x7fe7e4bc5af0>,19,20,[12  4],20,130,150,110,121
1,<environment.Job instance at 0x7fe7e4a58e10>,20,28,[8 2],21,150,178,129,149
1,<environment.Job instance at 0x7fe79a81d280>,4,12,[ 3 11],5,149,161,144,149
1,<environment.Job instance at 0x7fe7e204cf00>,23,23,[5 8],24,161,184,137,156
1,<environment.Job instance at 0x7fe7e213ae60>,21,16,[12  4],22,184,200,162,171
1,<environment.Job instance at 0x7fe79aa28730>,25,24,[9 3],26,200,224,174,195
1,<environment.Job instance at 0x7fe79aaa1870>,27,23,[5 4],28,200,223,172,195
1,<environment.Job instance at 0x7fe7e4c31eb0>,28,23,[11  4],29,224,247,195,218
1,<environment.Job instance at 0x7fe79a316960>,29,21,[8 2],30,247,268,217,239
1,<environment.Job instance at 0x7fe7e22894b0>,30,21,[ 5 13],31,247,268,216,239
1,<environment.Job instance at 0x7fe79a98ee10>,31,22,[11  1],32,268,290,236,261
1,<environment.Job instance at 0x7fe7e23570a0>,0,12,[11  2],1,1,13,0,1
1,<environment.Job instance at 0x7fe7e22765a0>,2,16,[ 3 13],3,4,20,1,4
1,<environment.Job instance at 0x7fe7e25f2730>,4,22,[ 1 12],5,20,42,15,13
1,<environment.Job instance at 0x7fe7e22c78c0>,9,28,[1 8],10,42,70,32,41
1,<environment.Job instance at 0x7fe7e22c7280>,11,26,[7 2],12,41,67,29,41
1,<environment.Job instance at 0x7fe7e22c7230>,12,27,[5 6],13,67,94,54,65
1,<environment.Job instance at 0x7fe7e22c7a50>,13,28,[ 2 12],14,94,122,80,93
1,<environment.Job instance at 0x7fe7e22c72d0>,16,27,[12  3],17,96,123,79,96
1,<environment.Job instance at 0x7fe7e22c7fa0>,15,16,[12  2],16,123,139,107,110
1,<environment.Job instance at 0x7fe7e22c75a0>,19,20,[1 7],20,122,142,102,119
1,<environment.Job instance at 0x7fe7e206ce10>,21,20,[9 4],22,139,159,117,130
1,<environment.Job instance at 0x7fe79a98ee10>,3,14,[6 1],4,152,166,148,152
1,<environment.Job instance at 0x7fe7e206cd20>,22,24,[7 3],23,159,183,136,154
1,<environment.Job instance at 0x7fe7e4efe5f0>,24,21,[ 1 13],25,183,204,158,175
1,<environment.Job instance at 0x7fe7e4efeaa0>,25,23,[ 1 10],26,204,227,178,198
1,<environment.Job instance at 0x7fe79ab9bc80>,26,20,[ 4 11],27,227,247,200,218
1,<environment.Job instance at 0x7fe7e25ccb90>,27,21,[5 9],28,247,268,219,239
1,<environment.Job instance at 0x7fe79ab8f2d0>,28,23,[3 7],29,268,291,239,262
1,<environment.Job instance at 0x7fe7e4f11190>,0,25,[ 4 14],1,1,26,0,1
1,<environment.Job instance at 0x7fe7e4f11aa0>,5,14,[14  1],6,26,40,20,20
1,<environment.Job instance at 0x7fe7e4f11be0>,4,26,[10  2],5,40,66,35,39
1,<environment.Job instance at 0x7fe7e4f11960>,9,16,[14  1],10,119,135,109,119
1,<environment.Job instance at 0x7fe7e4f11c80>,10,18,[10  5],11,135,153,124,124
1,<environment.Job instance at 0x7fe7e4f30690>,11,24,[ 3 12],12,153,177,141,153
1,<environment.Job instance at 0x7fe7e4f305f0>,13,19,[ 4 10],14,177,196,163,167
1,<environment.Job instance at 0x7fe7e4bc2eb0>,14,18,[10  1],15,177,195,162,177
1,<environment.Job instance at 0x7fe7e4bc2d20>,15,26,[12  4],16,196,222,180,193
1,<environment.Job instance at 0x7fe7e4bc2e10>,18,14,[5 7],19,222,236,203,209
1,<environment.Job instance at 0x7fe7e4bc24b0>,19,17,[ 3 12],20,236,253,216,224
1,<environment.Job instance at 0x7fe7e4bc2f00>,20,13,[14  5],21,253,266,232,237
1,<environment.Job instance at 0x7fe7e4bc2500>,22,21,[ 4 11],23,269,290,246,269
1,<environment.Job instance at 0x7fe79a58d6e0>,0,23,[13  2],1,1,24,0,1
1,<environment.Job instance at 0x7fe79a6fd6e0>,1,21,[12  3],2,24,45,22,16
1,<environment.Job instance at 0x7fe79a6fdaf0>,8,25,[5 3],9,45,70,36,41
1,<environment.Job instance at 0x7fe79a6fdcd0>,10,24,[5 7],11,45,69,34,43
1,<environment.Job instance at 0x7fe79a703f00>,13,27,[ 2 10],14,69,96,55,67
1,<environment.Job instance at 0x7fe79a703460>,14,16,[ 1 12],15,96,112,81,83
1,<environment.Job instance at 0x7fe79a703320>,15,15,[13  4],16,112,127,96,98
1,<environment.Job instance at 0x7fe79a703730>,16,20,[ 1 13],17,127,147,110,118
1,<environment.Job instance at 0x7fe79a6fc910>,18,28,[ 2 14],19,147,175,128,146
1,<environment.Job instance at 0x7fe79a703e60>,19,28,[11  1],20,146,174,126,146
1,<environment.Job instance at 0x7fe7e4acc0f0>,20,22,[8 3],21,175,197,154,168
1,<environment.Job instance at 0x7fe79a6fd780>,3,15,[ 1 12],4,175,190,171,168
1,<environment.Job instance at 0x7fe79aaa0cd0>,21,28,[8 2],22,197,225,175,196
1,<environment.Job instance at 0x7fe79a6fd050>,6,20,[ 1 12],7,196,216,189,196
1,<environment.Job instance at 0x7fe79aaa0dc0>,22,21,[ 1 11],23,216,237,193,208
1,<environment.Job instance at 0x7fe79a7a50a0>,27,20,[11  1],28,225,245,197,216
1,<environment.Job instance at 0x7fe79a7a5690>,26,21,[14  4],27,245,266,218,237
1,<environment.Job instance at 0x7fe7e2266fa0>,28,22,[ 5 12],29,266,288,237,259
1,<environment.Job instance at 0x7f9d3bcf2500>,0,24,[2 8],1,1,25,0,1
1,<environment.Job instance at 0x7f9d3bcf23c0>,2,26,[10  1],3,4,30,1,4
1,<environment.Job instance at 0x7f9d3ab96af0>,4,24,[ 3 11],5,25,49,20,20
1,<environment.Job instance at 0x7f9d3ab96d20>,8,24,[ 2 12],9,49,73,40,44
1,<environment.Job instance at 0x7f9d3ab96d70>,10,14,[ 1 14],11,73,87,62,58
1,<environment.Job instance at 0x7f9d3ab96eb0>,12,22,[4 6],13,87,109,74,80
1,<environment.Job instance at 0x7f9d3ab96fa0>,13,27,[3 8],14,87,114,73,85
1,<environment.Job instance at 0x7f9d3ab990a0>,15,24,[ 2 13],16,114,138,98,109
1,<environment.Job instance at 0x7f9d3ab99190>,16,19,[ 3 12],17,138,157,121,128
1,<environment.Job instance at 0x7f9d3ab99230>,17,18,[ 5 13],18,157,175,139,146
1,<environment.Job instance at 0x7f9d3ab99370>,19,21,[14  4],20,175,196,155,167
1,<environment.Job instance at 0x7f9d3ab995f0>,22,25,[ 4 12],23,196,221,173,192
1,<environment.Job instance at 0x7f9d3ab995a0>,24,20,[ 3 12],25,221,241,196,212
1,<environment.Job instance at 0x7f9d3ab99780>,25,16,[11  3],26,222,238,196,222
1,<environment.Job instance at 0x7f9d3ab99820>,26,20,[4 8],27,241,261,214,232
1,<environment.Job instance at 0x7f9d3ab998c0>,27,25,[14  4],28,261,286,233,257
1,<environment.Job instance at 0x7f9d3aba0c30>,0,23,[5 7],1,1,24,0,1
1,<environment.Job instance at 0x7f9d3be66140>,2,24,[ 3 10],3,24,48,21,19
1,<environment.Job instance at 0x7f9d3bd1e370>,8,25,[ 2 12],9,48,73,39,44
1,<environment.Job instance at 0x7f9d3bd1e410>,9,26,[5 4],10,73,99,63,70
1,<environment.Job instance at 0x7f9d3aba0e60>,3,24,[9 2],4,74,98,70,74
1,<environment.Job instance at 0x7f9d3bd1efa0>,10,22,[5 6],11,98,120,87,91
1,<environment.Job instance at 0x7f9d3bd1e0f0>,13,27,[8 2],14,99,126,85,97
1,<environment.Job instance at 0x7f9d3bd1e2d0>,20,19,[8 4],21,126,145,105,116
1,<environment.Job instance at 0x7f9d3be663c0>,4,20,[11  1],5,145,165,140,139
1,<environment.Job instance at 0x7f9d3bd1e230>,22,24,[10  3],23,165,189,142,160
1,<environment.Job instance at 0x7f9d3bd1eb90>,24,21,[ 1 12],25,161,182,136,161
1,<environment.Job instance at 0x7f9d3bd1e5a0>,25,18,[ 5 12],26,182,200,156,171
1,<environment.Job instance at 0x7f9d3bd1e780>,26,12,[ 3 14],27,200,212,173,183
1,<environment.Job instance at 0x7f9d3be6ec80>,28,25,[11  5],29,212,237,183,208
1,<environment.Job instance at 0x7f9d3bd1ec30>,16,18,[ 2 10],17,212,230,195,210
1,<environment.Job instance at 0x7f9d3be6edc0>,29,18,[ 4 11],30,237,255,207,226
1,<environment.Job instance at 0x7f9d3be6e050>,31,14,[12  2],32,255,269,223,244
1,<environment.Job instance at 0x7f9d3be6ef50>,32,25,[ 2 14],33,269,294,236,265
1,<environment.Job instance at 0x7f9d3be6ed20>,1,18,[ 3 12],2,2,20,0,2
1,<environment.Job instance at 0x7f9cf0c14a00>,2,21,[ 2 13],3,20,41,17,12
1,<environment.Job instance at 0x7f9cf0bae9b0>,7,22,[12  1],8,12,34,4,12
1,<environment.Job instance at 0x7f9cf0bae050>,8,19,[1 9],9,41,60,32,31
1,<environment.Job instance at 0x7f9cf0bae140>,6,14,[14  1],7,41,55,34,36
1,<environment.Job instance at 0x7f9cf0baedc0>,12,27,[5 4],13,55,82,42,53
1,<environment.Job instance at 0x7f9cf0baeaf0>,10,21,[4 6],11,60,81,49,58
1,<environment.Job instance at 0x7f9cf0bae0f0>,13,18,[13  4],14,82,100,68,71
1,<environment.Job instance at 0x7f9cf0baebe0>,14,22,[2 9],15,81,103,66,76
1,<environment.Job instance at 0x7f9cf0cb8fa0>,16,14,[ 3 14],17,103,117,86,88
1,<environment.Job instance at 0x7f9cf0cb8820>,18,26,[ 1 11],19,117,143,98,114
1,<environment.Job instance at 0x7f9cf0cb8a50>,19,28,[3 6],20,143,171,123,142
1,<environment.Job instance at 0x7f9cf0cb8550>,20,21,[ 3 12],21,171,192,150,163
1,<environment.Job instance at 0x7f9cf0cb8af0>,21,17,[ 2 11],22,192,209,170,180
1,<environment.Job instance at 0x7f9cf0cb8960>,23,14,[11  1],24,186,200,162,186
1,<environment.Job instance at 0x7f9cf0cb8140>,24,26,[ 3 12],25,209,235,184,206
1,<environment.Job instance at 0x7f9cf0cb8230>,25,24,[4 7],26,235,259,209,230
1,<environment.Job instance at 0x7f9cf0cb8460>,27,25,[5 4],28,235,260,207,231
1,<environment.Job instance at 0x7f9cf0cb8780>,26,16,[14  1],27,260,276,233,257
1,<environment.Job instance at 0x7f9cf0cb8f00>,32,24,[12  2],33,276,300,243,271
1,<environment.Job instance at 0x7f9cf0ce75a0>,0,27,[13  4],1,1,28,0,1
1,<environment.Job instance at 0x7f9cf0ce7280>,3,23,[ 2 14],4,28,51,24,22
1,<environment.Job instance at 0x7f9cf0c7fbe0>,8,28,[ 4 13],9,51,79,42,50
1,<environment.Job instance at 0x7f9cf0c7fd70>,9,26,[3 6],10,79,105,69,76
1,<environment.Job instance at 0x7f9d3aacf320>,5,19,[5 1],6,76,95,70,76
1,<environment.Job instance at 0x7f9cf0c7f2d0>,10,12,[11  1],11,95,107,84,79
1,<environment.Job instance at 0x7f9cf0c7f0a0>,13,24,[ 1 10],14,105,129,91,100
1,<environment.Job instance at 0x7f9cf0c7fe10>,15,25,[8 2],16,107,132,91,103
1,<environment.Job instance at 0x7f9cf0c7f640>,16,14,[14  4],17,132,146,115,117
1,<environment.Job instance at 0x7f9cf0c7fe60>,17,25,[5 4],18,146,171,128,142
1,<environment.Job instance at 0x7f9cf0c7f6e0>,19,16,[ 3 12],20,171,187,151,158
1,<environment.Job instance at 0x7f9cf0c7f0f0>,20,23,[5 8],21,187,210,166,181
1,<environment.Job instance at 0x7f9cf0c7fa00>,21,21,[ 4 11],22,210,231,188,202
1,<environment.Job instance at 0x7f9cf0c7fa50>,22,20,[ 3 12],23,231,251,208,222
1,<environment.Job instance at 0x7f9cf0c7f5f0>,23,23,[10  3],24,222,245,198,222
1,<environment.Job instance at 0x7f9cf0c7f280>,24,28,[3 8],25,251,279,226,250
1,<environment.Job instance at 0x7f9cf0c7f7d0>,25,24,[12  1],26,250,274,224,250
1,<environment.Job instance at 0x7f9cf0c7feb0>,26,14,[11  2],27,274,288,247,259
1,<environment.Job instance at 0x7f9cf0b77820>,0,24,[11  3],1,1,25,0,1
1,<environment.Job instance at 0x7f9cf0c7f230>,1,22,[ 5 14],2,25,47,23,18
1,<environment.Job instance at 0x7f9d3be63cd0>,6,24,[ 5 14],7,47,71,40,42
1,<environment.Job instance at 0x7f9cf11e3a00>,8,15,[ 5 11],9,71,86,62,58
1,<environment.Job instance at 0x7f9cf1218d20>,9,21,[6 4],10,72,93,62,72
1,<environment.Job instance at 0x7f9d3be63230>,3,18,[8 5],4,86,104,82,81
1,<environment.Job instance at 0x7f9cf0b91dc0>,12,17,[8 5],13,104,121,91,94
1,<environment.Job instance at 0x7f9cf0c883c0>,13,24,[ 5 11],14,121,145,107,116
1,<environment.Job instance at 0x7f9cf0c88370>,14,19,[10  4],15,121,140,106,117
1,<environment.Job instance at 0x7f9cf0c88be0>,15,13,[11  1],16,145,158,129,130
1,<environment.Job instance at 0x7f9cf0c88280>,16,12,[ 3 12],17,145,157,128,130
1,<environment.Job instance at 0x7f9d3be635f0>,5,15,[11  2],6,158,173,152,154
1,<environment.Job instance at 0x7f9cf0b91280>,11,16,[ 2 13],12,161,177,149,161
1,<environment.Job instance at 0x7f9cf0bd6fa0>,21,24,[5 1],22,173,197,151,168
1,<environment.Job instance at 0x7f9cf0bd61e0>,22,23,[ 1 13],23,177,200,154,171
1,<environment.Job instance at 0x7f9cf0bd6eb0>,23,12,[12  2],24,197,209,173,180
1,<environment.Job instance at 0x7f9d3a9ffb40>,25,22,[3 8],26,200,222,174,197
1,<environment.Job instance at 0x7f9d3a9ff7d0>,26,19,[ 3 14],27,222,241,195,212
1,<environment.Job instance at 0x7f9d3a9ffc80>,27,26,[ 1 14],28,241,267,213,238
1,<environment.Job instance at 0x7f9cf11e3cd0>,7,28,[11  1],8,241,269,233,241
1,<environment.Job instance at 0x7f9d3a9ff690>,29,16,[12  3],30,269,285,239,256
1,<environment.Job instance at 0x7f9cf1218550>,0,23,[11  3],1,1,24,0,1
1,<environment.Job instance at 0x7f9cf0b77eb0>,2,20,[14  4],3,24,44,21,17
1,<environment.Job instance at 0x7f9cf0b919b0>,8,22,[9 3],9,44,66,35,37
1,<environment.Job instance at 0x7f9d3b601280>,10,26,[4 7],11,46,72,35,46
1,<environment.Job instance at 0x7f9d3b6017d0>,12,25,[11  1],13,66,91,53,62
1,<environment.Job instance at 0x7f9d3b601f00>,13,26,[4 8],14,72,98,58,69
1,<environment.Job instance at 0x7f9d3b601be0>,15,19,[11  2],16,91,110,75,82
1,<environment.Job instance at 0x7f9d3b601730>,16,12,[14  5],17,110,122,93,93
1,<environment.Job instance at 0x7f9d3a9c51e0>,18,18,[ 4 12],19,122,140,103,111
1,<environment.Job instance at 0x7f9d3a9c58c0>,21,19,[8 2],22,123,142,101,123
1,<environment.Job instance at 0x7f9d3a9c5cd0>,22,22,[ 3 14],23,142,164,119,135
1,<environment.Job instance at 0x7f9d3a9c50f0>,23,28,[14  4],24,164,192,140,163
1,<environment.Job instance at 0x7f9d3a9c5a00>,25,25,[ 3 13],26,192,217,166,188
1,<environment.Job instance at 0x7f9d3a9c5410>,26,22,[9 4],27,217,239,190,210
1,<environment.Job instance at 0x7f9d3a9c55a0>,17,24,[ 1 11],18,219,243,201,219
1,<environment.Job instance at 0x7f9d3a9c5a50>,27,24,[ 2 13],28,243,267,215,238
1,<environment.Job instance at 0x7f9d3b6019b0>,14,17,[12  2],15,239,256,224,239
1,<environment.Job instance at 0x7f9d3a9c40a0>,29,16,[ 5 13],30,267,283,237,254
1,<environment.Job instance at 0x7f9d3af3de60>,1,27,[12  2],2,2,29,0,2
1,<environment.Job instance at 0x7f9d3b1b8e10>,2,26,[13  4],3,29,55,26,26
1,<environment.Job instance at 0x7f9cf0e18aa0>,10,12,[ 1 14],11,55,67,44,38
1,<environment.Job instance at 0x7f9cf0e18a50>,11,18,[ 5 12],12,67,85,55,56
1,<environment.Job instance at 0x7f9cf0e186e0>,6,18,[8 1],7,56,74,49,56
1,<environment.Job instance at 0x7f9d3afde1e0>,14,19,[3 9],15,85,104,70,75
1,<environment.Job instance at 0x7f9cf0e18cd0>,9,20,[11  1],10,85,105,75,76
1,<environment.Job instance at 0x7f9cf0ee0b90>,15,21,[12  1],16,105,126,89,97
1,<environment.Job instance at 0x7f9d3b1a27d0>,21,25,[9 2],22,126,151,104,122
1,<environment.Job instance at 0x7f9d3ad0f870>,3,14,[4 9],4,126,140,122,123
1,<environment.Job instance at 0x7f9d3afded70>,16,16,[ 4 11],17,140,156,123,133
1,<environment.Job instance at 0x7f9d3b160f00>,25,12,[9 3],26,151,163,125,138
1,<environment.Job instance at 0x7f9d3b160550>,26,27,[3 8],27,156,183,129,155
1,<environment.Job instance at 0x7f9d3ae3feb0>,27,20,[ 3 13],28,183,203,155,174
1,<environment.Job instance at 0x7f9d3aea6f50>,28,15,[ 2 12],29,203,218,174,190
1,<environment.Job instance at 0x7f9d3aea6aa0>,29,24,[ 3 14],30,218,242,188,214
1,<environment.Job instance at 0x7f9d3b581280>,30,17,[ 2 14],31,242,259,211,231
1,<environment.Job instance at 0x7f9d3b1a23c0>,22,18,[ 4 14],23,259,277,236,248
1,<environment.Job instance at 0x7f9d3ae6c460>,33,21,[3 9],34,277,298,243,269
1,<environment.Job instance at 0x7f9cf0eb6b90>,0,20,[12  3],1,1,21,0,1
1,<environment.Job instance at 0x7f9cf0eb6870>,1,21,[13  4],2,21,42,19,13
1,<environment.Job instance at 0x7f9d3b174370>,6,13,[ 1 11],7,32,45,25,32
1,<environment.Job instance at 0x7f9d3ae08af0>,8,25,[6 1],9,42,67,33,38
1,<environment.Job instance at 0x7f9d3b174d70>,7,21,[5 9],8,45,66,37,40
1,<environment.Job instance at 0x7f9d3ae08d70>,9,15,[ 3 12],10,66,81,56,54
1,<environment.Job instance at 0x7f9cf0c88dc0>,11,27,[5 7],12,81,108,69,79
1,<environment.Job instance at 0x7f9cf0c88eb0>,12,12,[14  3],13,108,120,95,91
1,<environment.Job instance at 0x7f9cf0c88b40>,15,28,[ 4 12],16,120,148,104,119
1,<environment.Job instance at 0x7f9d3b81d6e0>,3,16,[11  1],4,122,138,118,122
1,<environment.Job instance at 0x7f9cf0c88140>,16,20,[11  3],17,138,158,121,132
1,<environment.Job instance at 0x7f9cf0c883c0>,17,15,[ 5 13],18,165,180,147,165
1,<environment.Job instance at 0x7f9cf0c88870>,21,19,[ 2 14],22,180,199,158,177
1,<environment.Job instance at 0x7f9cf0c880f0>,22,22,[12  1],23,206,228,183,206
1,<environment.Job instance at 0x7f9d3af5c320>,5,14,[11  5],6,236,250,230,236
1,<environment.Job instance at 0x7f9d3b5bf0a0>,20,24,[12  5],21,250,274,229,245
1,<environment.Job instance at 0x7f9d3b6cf5a0>,26,14,[ 3 14],27,274,288,247,259
1,<environment.Job instance at 0x7f9d3b6b8aa0>,1,23,[8 4],2,2,25,0,2
1,<environment.Job instance at 0x7f9d3b6b8460>,2,23,[9 3],3,25,48,22,19
1,<environment.Job instance at 0x7f9cf11101e0>,8,14,[ 1 13],9,48,62,39,33
1,<environment.Job instance at 0x7f9cf1110320>,10,27,[ 4 10],11,62,89,51,60
1,<environment.Job instance at 0x7f9cf0e55050>,11,28,[ 4 14],12,89,117,77,88
1,<environment.Job instance at 0x7f9cf0e554b0>,13,27,[11  1],14,99,126,85,99
1,<environment.Job instance at 0x7f9cf0e55f50>,16,28,[4 9],17,117,145,100,116
1,<environment.Job instance at 0x7f9cf0e55af0>,17,28,[7 5],18,126,154,108,125
1,<environment.Job instance at 0x7f9d3b6b8550>,4,14,[13  1],5,154,168,149,153
1,<environment.Job instance at 0x7f9d3b6b8820>,6,12,[12  5],7,168,180,161,161
1,<environment.Job instance at 0x7f9cf0e55460>,18,18,[14  2],19,180,198,161,169
1,<environment.Job instance at 0x7f9cf0e55d70>,24,24,[14  2],25,198,222,173,193
1,<environment.Job instance at 0x7f9cf0e55190>,27,21,[3 9],28,222,243,194,214
1,<environment.Job instance at 0x7f9cf0e55320>,19,18,[12  2],20,222,240,202,214
1,<environment.Job instance at 0x7f9cf0e55b90>,29,18,[11  5],30,240,258,210,232
1,<environment.Job instance at 0x7f9d3b6b86e0>,3,24,[ 4 11],4,258,282,254,253
1,<environment.Job instance at 0x7f9cf0e55fa0>,30,28,[7 2],31,258,286,227,258
1,<environment.Job instance at 0x7f9d3ae08d20>,0,15,[ 5 14],1,1,16,0,1
1,<environment.Job instance at 0x7f9d3b19e6e0>,1,22,[4 9],2,16,38,14,9
1,<environment.Job instance at 0x7f9d3ae08dc0>,6,12,[13  4],7,38,50,31,21
1,<environment.Job instance at 0x7f9cf0a10e60>,10,28,[9 5],11,50,78,39,49
1,<environment.Job instance at 0x7f9d3b80a500>,11,12,[ 5 12],12,78,90,66,62
1,<environment.Job instance at 0x7f9d3afb4230>,12,26,[9 3],13,78,104,65,75
1,<environment.Job instance at 0x7f9d3afb4870>,13,27,[ 5 13],14,104,131,90,102
1,<environment.Job instance at 0x7f9d3afb4a50>,14,28,[ 4 14],15,131,159,116,130
1,<environment.Job instance at 0x7f9d3afb48c0>,16,13,[12  1],17,159,172,142,143
1,<environment.Job instance at 0x7f9d3b2157d0>,18,24,[3 9],19,159,183,140,158
1,<environment.Job instance at 0x7f9d3b215b90>,20,20,[6 5],21,172,192,151,169
1,<environment.Job instance at 0x7f9d3b215e60>,21,14,[ 4 13],22,192,206,170,177
1,<environment.Job instance at 0x7f9d3ba68820>,22,12,[14  3],23,206,218,183,189
1,<environment.Job instance at 0x7f9d3b215fa0>,23,18,[ 5 11],24,218,236,194,207
1,<environment.Job instance at 0x7f9d3b0dc1e0>,25,25,[4 9],26,236,261,210,232
1,<environment.Job instance at 0x7f9d3b4e92d0>,26,18,[ 1 12],27,261,279,234,250
1,<environment.Job instance at 0x7f9d3b042d20>,0,26,[14  4],1,1,27,0,1
1,<environment.Job instance at 0x7f9d3ad281e0>,7,27,[ 2 13],8,27,54,19,25
1,<environment.Job instance at 0x7f9d3b27b960>,8,27,[5 1],9,27,54,18,25
1,<environment.Job instance at 0x7f9d3b27b4b0>,9,16,[ 3 12],10,54,70,44,41
1,<environment.Job instance at 0x7f9d3b038aa0>,10,12,[ 3 12],11,70,82,59,53
1,<environment.Job instance at 0x7f9d3b2f80f0>,11,13,[ 3 12],12,82,95,70,67
1,<environment.Job instance at 0x7f9d3b2f8870>,12,24,[ 4 10],13,95,119,82,90
1,<environment.Job instance at 0x7f9d3b2f8910>,13,25,[11  2],14,95,120,81,95
1,<environment.Job instance at 0x7f9d3b2f8230>,14,23,[ 1 14],15,120,143,105,114
1,<environment.Job instance at 0x7f9d3aeb5460>,16,12,[ 3 12],17,143,155,126,126
1,<environment.Job instance at 0x7f9cf10f4a00>,20,14,[ 2 11],21,155,169,134,140
1,<environment.Job instance at 0x7f9cf10f4370>,22,22,[ 5 14],23,169,191,146,162
1,<environment.Job instance at 0x7f9cf10f4cd0>,23,17,[12  4],24,191,208,167,181
1,<environment.Job instance at 0x7f9cf10f4280>,24,26,[ 1 10],25,191,217,166,188
1,<environment.Job instance at 0x7f9cf10f49b0>,27,21,[7 2],28,208,229,180,200
1,<environment.Job instance at 0x7f9d3b215eb0>,2,14,[4 9],3,217,231,214,203
1,<environment.Job instance at 0x7f9d3abed820>,30,28,[3 6],31,229,257,198,228
1,<environment.Job instance at 0x7f9d3ac58410>,4,24,[9 2],5,231,255,226,231
1,<environment.Job instance at 0x7f9d3abed2d0>,34,13,[12  5],35,255,268,220,245
1,<environment.Job instance at 0x7f9d3abed6e0>,37,22,[ 3 10],38,257,279,219,250
1,<environment.Job instance at 0x7f9d3abed640>,1,24,[14  4],2,2,26,0,2
1,<environment.Job instance at 0x7f9cf1114640>,2,26,[12  3],3,26,52,23,23
1,<environment.Job instance at 0x7f9d3b1de3c0>,9,22,[14  4],10,52,74,42,45
1,<environment.Job instance at 0x7f9d3b1de460>,10,14,[ 1 13],11,74,88,63,59
1,<environment.Job instance at 0x7f9d3accb820>,11,28,[ 2 10],12,88,116,76,87
1,<environment.Job instance at 0x7f9d3accb8c0>,12,22,[7 5],13,88,110,75,88
1,<environment.Job instance at 0x7f9d3accb4b0>,13,16,[11  3],14,110,126,96,97
1,<environment.Job instance at 0x7f9d3accb230>,14,18,[ 5 12],15,126,144,111,115
1,<environment.Job instance at 0x7f9d3accb5a0>,15,24,[ 2 12],16,144,168,128,139
1,<environment.Job instance at 0x7f9d3accb6e0>,16,24,[ 1 13],17,168,192,151,163
1,<environment.Job instance at 0x7f9d3accbb90>,18,23,[4 5],19,192,215,173,186
1,<environment.Job instance at 0x7f9d3accb050>,19,25,[1 9],20,192,217,172,189
1,<environment.Job instance at 0x7f9cf0afc320>,23,24,[14  5],24,215,239,191,210
1,<environment.Job instance at 0x7f9d3accb2d0>,24,18,[14  1],25,239,257,214,228
1,<environment.Job instance at 0x7f9cf0afc640>,26,21,[ 1 14],27,239,260,212,231
1,<environment.Job instance at 0x7f9cf0afc780>,28,22,[12  2],29,260,282,231,253
1,<environment.Job instance at 0x7f9cf0afc820>,29,26,[ 2 10],30,260,286,230,257
1,<environment.Job instance at 0x7f9cf0afc8c0>,30,14,[12  5],31,282,296,251,267
1,<environment.Job instance at 0x7f9cf0aede60>,0,16,[11  4],1,3,19,2,3
1,<environment.Job instance at 0x7f9cf0afc7d0>,3,20,[12  4],4,19,39,15,10
1,<environment.Job instance at 0x7f9d3b1de4b0>,6,27,[12  2],7,39,66,32,37
1,<environment.Job instance at 0x7f9cf0afc8c0>,4,26,[1 6],5,45,71,40,45
1,<environment.Job instance at 0x7f9d3b1de230>,8,15,[13  3],9,66,81,57,52
1,<environment.Job instance at 0x7f9d3b1de7d0>,7,15,[14  2],8,81,96,73,67
1,<environment.Job instance at 0x7f9cf0aee190>,12,25,[14  3],13,96,121,83,92
1,<environment.Job instance at 0x7f9cf0aee5a0>,13,23,[14  5],14,121,144,107,115
1,<environment.Job instance at 0x7f9cf0aee230>,15,22,[11  3],16,144,166,128,137
1,<environment.Job instance at 0x7f9cf0cedc30>,16,28,[ 1 13],17,166,194,149,165
1,<environment.Job instance at 0x7f9cf0cedbe0>,17,25,[12  4],18,194,219,176,190
1,<environment.Job instance at 0x7f9cf10a60a0>,18,17,[ 2 13],19,219,236,200,207
1,<environment.Job instance at 0x7f9cf10a6d20>,21,16,[ 2 13],22,236,252,214,223
1,<environment.Job instance at 0x7f9cf0aee140>,10,19,[5 6],11,252,271,241,251
1,<environment.Job instance at 0x7f9cf10a6c30>,23,15,[12  3],24,271,286,247,258
1,<environment.Job instance at 0x7f9cf10a63c0>,27,18,[ 1 13],28,286,304,258,275
1,<environment.Job instance at 0x7f9cf0ce12d0>,0,28,[ 4 11],1,1,29,0,1
1,<environment.Job instance at 0x7f9cf0ce1910>,1,27,[5 5],2,29,56,27,27
1,<environment.Job instance at 0x7f9d3b38fc30>,6,28,[12  4],7,56,84,49,55
1,<environment.Job instance at 0x7f9cf0ce1500>,5,27,[ 2 11],6,60,87,54,60
1,<environment.Job instance at 0x7f9d3b38f0f0>,9,27,[5 1],10,84,111,74,82
1,<environment.Job instance at 0x7f9d3b38f960>,10,23,[12  5],11,111,134,100,105
1,<environment.Job instance at 0x7f9d3b38f190>,11,23,[3 9],12,105,128,93,105
1,<environment.Job instance at 0x7f9d3b38fd20>,13,12,[14  4],14,134,146,120,117
1,<environment.Job instance at 0x7f9d3b38faa0>,14,21,[6 4],15,146,167,131,138
1,<environment.Job instance at 0x7f9d3b38f820>,16,17,[ 3 14],17,167,184,150,155
1,<environment.Job instance at 0x7f9d3b38fe60>,19,17,[ 2 13],20,184,201,164,172
1,<environment.Job instance at 0x7f9cf0ce1780>,3,14,[ 4 12],4,201,215,197,187
1,<environment.Job instance at 0x7f9d3aefd370>,23,13,[ 1 14],24,215,228,191,202
1,<environment.Job instance at 0x7f9d3aefd780>,20,17,[14  2],21,228,245,207,216
1,<environment.Job instance at 0x7f9d3aefd9b0>,27,19,[ 5 13],28,245,264,217,235
1,<environment.Job instance at 0x7f9d3aefd5f0>,29,25,[3 9],30,264,289,234,260
1,<environment.Job instance at 0x7f9d3b39bb90>,0,18,[ 4 13],1,1,19,0,1
1,<environment.Job instance at 0x7f9d3b39b5f0>,3,12,[7 1],4,8,20,4,8
1,<environment.Job instance at 0x7f9d3aefd0a0>,1,18,[13  1],2,20,38,18,9
1,<environment.Job instance at 0x7f9cf0f5a960>,9,16,[12  2],10,38,54,28,25
1,<environment.Job instance at 0x7f9d3bf40690>,12,16,[ 3 13],13,38,54,25,25
1,<environment.Job instance at 0x7f9d3b4cd640>,14,22,[ 1 12],15,54,76,39,47
1,<environment.Job instance at 0x7f9d3b4cdd70>,15,24,[12  5],16,76,100,60,71
1,<environment.Job instance at 0x7f9d3b4cd5a0>,16,27,[3 5],17,76,103,59,74
1,<environment.Job instance at 0x7f9cf0fbf8c0>,19,28,[1 8],20,100,128,80,99
1,<environment.Job instance at 0x7f9cf0fbfe10>,22,27,[5 6],23,103,130,80,101
1,<environment.Job instance at 0x7f9cf0fbf500>,23,28,[ 2 12],24,130,158,106,129
1,<environment.Job instance at 0x7f9d3b0dadc0>,25,16,[12  2],26,130,146,104,129
1,<environment.Job instance at 0x7f9d3b0dae10>,26,27,[12  3],27,146,173,119,144
1,<environment.Job instance at 0x7f9d3b0daeb0>,27,17,[13  2],28,173,190,145,161
1,<environment.Job instance at 0x7f9d3b0daf00>,29,20,[1 7],30,161,181,131,161
1,<environment.Job instance at 0x7f9d3b0dab90>,31,20,[9 4],32,190,210,158,181
1,<environment.Job instance at 0x7f9d3b0fa230>,32,24,[7 3],33,210,234,177,205
1,<environment.Job instance at 0x7f9d3b0fa2d0>,33,12,[13  5],34,234,246,200,217
1,<environment.Job instance at 0x7f9d3b0fa370>,34,21,[ 1 13],35,246,267,211,238
1,<environment.Job instance at 0x7f9d3b0fa410>,35,23,[ 1 10],36,267,290,231,261
1,<environment.Job instance at 0x7f9d3b0fb370>,0,25,[ 4 14],1,1,26,0,1
1,<environment.Job instance at 0x7f9d3b0fb2d0>,4,26,[10  2],5,26,52,21,25
1,<environment.Job instance at 0x7f9d3b0fba00>,8,28,[8 3],9,52,80,43,52
1,<environment.Job instance at 0x7f9d3b0fb960>,9,16,[14  1],10,125,141,115,125
1,<environment.Job instance at 0x7f9d3b0fbdc0>,11,24,[ 3 12],12,141,165,129,136
1,<environment.Job instance at 0x7f9d3b0fbaa0>,7,26,[12  5],8,170,196,162,170
1,<environment.Job instance at 0x7f9d3b2e4140>,14,18,[10  1],15,196,214,181,191
1,<environment.Job instance at 0x7f9d3ab83410>,16,15,[9 4],17,214,229,197,200
1,<environment.Job instance at 0x7f9d3b0fbb40>,17,21,[4 6],18,202,223,184,202
1,<environment.Job instance at 0x7f9d3b524dc0>,19,17,[ 3 12],20,229,246,209,220
1,<environment.Job instance at 0x7f9d3b524230>,20,13,[14  5],21,252,265,231,252
1,<environment.Job instance at 0x7f9d3b524e10>,21,21,[ 5 14],22,265,286,243,257
1,<environment.Job instance at 0x7f9d3b524730>,22,21,[ 4 11],23,286,307,263,279
1,<environment.Job instance at 0x7f9d3b58c8c0>,0,24,[5 7],1,1,25,0,1
1,<environment.Job instance at 0x7f9d3b4fa500>,3,27,[ 2 10],4,25,52,21,23
1,<environment.Job instance at 0x7f9cf1268dc0>,8,28,[ 2 14],9,52,80,43,51
1,<environment.Job instance at 0x7f9cf0ee51e0>,9,28,[11  1],10,51,79,41,51
1,<environment.Job instance at 0x7f9cf0ee58c0>,10,22,[8 3],11,80,102,69,73
1,<environment.Job instance at 0x7f9d3b437050>,11,28,[8 2],12,102,130,90,101
1,<environment.Job instance at 0x7f9d3b437230>,12,21,[ 1 11],13,101,122,88,101
1,<environment.Job instance at 0x7f9d3be6b640>,13,21,[9 1],14,130,151,116,122
1,<environment.Job instance at 0x7f9cf0f05500>,14,21,[14  2],15,151,172,136,143
1,<environment.Job instance at 0x7f9d3b4fadc0>,4,16,[ 1 12],5,143,159,138,143
1,<environment.Job instance at 0x7f9cf117bbe0>,16,21,[14  4],17,172,193,155,164
1,<environment.Job instance at 0x7f9cf117b730>,18,22,[ 5 12],19,193,215,174,186
1,<environment.Job instance at 0x7f9d3b637f50>,19,17,[13  1],20,215,232,195,203
1,<environment.Job instance at 0x7f9d3bbe2e60>,6,20,[ 1 13],7,215,235,208,212
1,<environment.Job instance at 0x7f9d3b58cb90>,5,15,[13  4],6,235,250,229,221
1,<environment.Job instance at 0x7f9d3b1c4690>,23,15,[14  1],24,250,265,226,238
1,<environment.Job instance at 0x7f9cf117be60>,17,20,[11  1],18,270,290,252,270
1,<environment.Job instance at 0x7f9d3b6379b0>,20,27,[ 2 13],21,275,302,254,275
1,<environment.Job instance at 0x7f9d3b637e10>,1,24,[5 1],2,2,26,0,2
1,<environment.Job instance at 0x7f9cf0ee5410>,2,13,[ 5 12],3,4,17,1,4
1,<environment.Job instance at 0x7f9cf0ee5e10>,4,23,[1 8],5,17,40,12,11
1,<environment.Job instance at 0x7f9d3b58c6e0>,8,21,[ 3 14],9,40,61,31,32
1,<environment.Job instance at 0x7f9cf0cc2690>,9,21,[ 2 12],10,61,82,51,53
1,<environment.Job instance at 0x7f9cf0cc2230>,12,21,[13  5],13,82,103,69,74
1,<environment.Job instance at 0x7f9cf0ee5f50>,5,28,[ 2 10],6,86,114,80,86
1,<environment.Job instance at 0x7f9cf0cc21e0>,15,20,[7 5],16,103,123,87,94
1,<environment.Job instance at 0x7f9d3aa91d20>,18,28,[ 1 13],19,123,151,104,122
1,<environment.Job instance at 0x7f9cf0cc2a00>,19,19,[ 5 14],20,151,170,131,141
1,<environment.Job instance at 0x7f9d3b22b500>,20,12,[10  1],21,141,153,120,141
1,<environment.Job instance at 0x7f9d3a9a2320>,22,20,[ 4 14],23,170,190,147,161
1,<environment.Job instance at 0x7f9d3a9da4b0>,23,18,[14  4],24,190,208,166,179
1,<environment.Job instance at 0x7f9d3ab387d0>,26,26,[ 2 11],27,208,234,181,205
1,<environment.Job instance at 0x7f9cf0b6f370>,30,13,[12  4],31,210,223,179,210
1,<environment.Job instance at 0x7f9cf0f78fa0>,27,13,[13  4],28,223,236,195,210
1,<environment.Job instance at 0x7f9cf0b6f5a0>,32,16,[ 5 14],33,236,252,203,223
1,<environment.Job instance at 0x7f9d3a9c02d0>,33,25,[5 8],34,252,277,218,248
1,<environment.Job instance at 0x7f9cf0b8eeb0>,35,17,[ 2 14],36,277,294,241,265
1,<environment.Job instance at 0x7f9d3b4fa5f0>,3,13,[1 7],4,6,19,2,6
1,<environment.Job instance at 0x7f9d3aecdd20>,4,13,[3 5],5,7,20,2,7
1,<environment.Job instance at 0x7f9d3aecd820>,6,16,[13  1],7,20,36,13,7
1,<environment.Job instance at 0x7f9cf0ba0a00>,10,26,[6 4],11,36,62,25,33
1,<environment.Job instance at 0x7f9d3aecdaa0>,2,18,[14  4],3,62,80,59,51
1,<environment.Job instance at 0x7f9cf0ba04b0>,13,21,[9 1],14,80,101,66,72
1,<environment.Job instance at 0x7f9cf0ba0af0>,15,28,[9 4],16,101,129,85,100
1,<environment.Job instance at 0x7f9d3a93c5a0>,16,13,[ 5 11],17,116,129,99,116
1,<environment.Job instance at 0x7f9d3a93c640>,17,19,[14  1],18,129,148,111,119
1,<environment.Job instance at 0x7f9d3a93cc80>,21,22,[5 5],22,148,170,126,141
1,<environment.Job instance at 0x7f9d3a93c1e0>,22,25,[7 5],23,148,173,125,145
1,<environment.Job instance at 0x7f9d3a93cd70>,24,26,[6 1],25,170,196,145,167
1,<environment.Job instance at 0x7f9d3a93cbe0>,25,21,[ 5 14],26,173,194,147,167
1,<environment.Job instance at 0x7f9d3a93c7d0>,26,25,[14  4],27,196,221,169,192
1,<environment.Job instance at 0x7f9d3a93c0a0>,27,20,[3 6],28,221,241,193,212
1,<environment.Job instance at 0x7f9d3a93c870>,28,15,[ 3 11],29,241,256,212,229
1,<environment.Job instance at 0x7f9d3a93cd20>,30,27,[ 4 11],31,256,283,225,254
1,<environment.Job instance at 0x7f9cf0aeacd0>,32,21,[6 4],33,258,279,225,258
1,<environment.Job instance at 0x7f9d3ab30870>,0,24,[ 1 12],1,1,25,0,1
1,<environment.Job instance at 0x7f9d3ab30c30>,1,28,[3 6],2,25,53,23,24
1,<environment.Job instance at 0x7f9cf11e3e60>,8,28,[4 6],9,26,54,17,26
1,<environment.Job instance at 0x7f9cf11e3f50>,9,26,[ 2 14],10,54,80,44,51
1,<environment.Job instance at 0x7f9d3ac44dc0>,2,14,[ 4 12],3,80,94,77,67
1,<environment.Job instance at 0x7f9cf0d42870>,12,13,[13  5],13,94,107,81,79
1,<environment.Job instance at 0x7f9d3ab30fa0>,5,16,[13  3],6,107,123,101,94
1,<environment.Job instance at 0x7f9d3ab300f0>,3,28,[ 2 13],4,123,151,119,122
1,<environment.Job instance at 0x7f9cf099ed20>,16,12,[2 7],17,151,163,134,136
1,<environment.Job instance at 0x7f9d3b4bec80>,18,26,[8 2],19,136,162,117,136
1,<environment.Job instance at 0x7f9cf0d42a50>,13,19,[12  2],14,162,181,148,152
1,<environment.Job instance at 0x7f9cf0d42280>,20,13,[4 6],21,181,194,160,167
1,<environment.Job instance at 0x7f9d3b0d4410>,21,26,[11  1],22,181,207,159,178
1,<environment.Job instance at 0x7f9d3b0d4eb0>,22,12,[1 7],23,194,206,171,184
1,<environment.Job instance at 0x7f9cf0d42230>,11,15,[14  4],12,207,222,195,204
1,<environment.Job instance at 0x7f9cf0ce4f00>,27,18,[ 1 12],28,222,240,194,211
1,<environment.Job instance at 0x7f9d3a938eb0>,29,24,[ 1 11],30,240,264,210,237
1,<environment.Job instance at 0x7f9d3b702870>,31,16,[ 2 13],32,264,280,232,259
1,<environment.Job instance at 0x7f152a4ee230>,0,24,[2 8],1,1,25,0,1
1,<environment.Job instance at 0x7f152a4ee0f0>,2,26,[10  1],3,3,29,0,3
1,<environment.Job instance at 0x7f15250de2d0>,3,15,[13  4],4,29,44,25,15
1,<environment.Job instance at 0x7f15250de6e0>,10,14,[ 1 14],11,44,58,33,29
1,<environment.Job instance at 0x7f15250de8c0>,12,22,[4 6],13,58,80,45,51
1,<environment.Job instance at 0x7f15250de960>,13,27,[3 8],14,58,85,44,56
1,<environment.Job instance at 0x7f15250dea00>,14,14,[14  3],15,85,99,70,70
1,<environment.Job instance at 0x7f15250deb90>,15,24,[ 2 13],16,99,123,83,94
1,<environment.Job instance at 0x7f15250dec30>,16,19,[ 3 12],17,123,142,106,113
1,<environment.Job instance at 0x7f15250dea50>,17,18,[ 5 13],18,142,160,124,131
1,<environment.Job instance at 0x7f15250dedc0>,19,21,[14  4],20,160,181,140,152
1,<environment.Job instance at 0x7f15250def00>,21,22,[14  2],22,181,203,159,174
1,<environment.Job instance at 0x7f15250dee60>,22,25,[ 4 12],23,203,228,180,199
1,<environment.Job instance at 0x7f15250e0230>,24,20,[ 3 12],25,228,248,203,219
1,<environment.Job instance at 0x7f15250e02d0>,25,16,[11  3],26,229,245,203,229
1,<environment.Job instance at 0x7f15250e0370>,26,20,[4 8],27,248,268,221,239
1,<environment.Job instance at 0x7f15250de280>,5,18,[7 5],6,248,266,242,242
1,<environment.Job instance at 0x7f15250e0410>,27,25,[14  4],28,268,293,240,264
1,<environment.Job instance at 0x7f15250e8b90>,0,22,[5 6],1,1,23,0,1
1,<environment.Job instance at 0x7f1525197190>,3,27,[8 2],4,4,31,0,4
1,<environment.Job instance at 0x7f152a661f00>,9,15,[4 7],10,23,38,13,11
1,<environment.Job instance at 0x7f152a661a00>,10,19,[8 4],11,31,50,20,25
1,<environment.Job instance at 0x7f152a662140>,6,18,[ 2 10],7,38,56,31,32
1,<environment.Job instance at 0x7f152a662b40>,7,19,[14  1],8,56,75,48,46
1,<environment.Job instance at 0x7f152a661820>,14,21,[ 1 12],15,56,77,41,49
1,<environment.Job instance at 0x7f152a661c30>,16,12,[ 3 14],17,77,89,60,60
1,<environment.Job instance at 0x7f152a519e60>,20,22,[5 5],21,89,111,68,82
1,<environment.Job instance at 0x7f152a519e10>,21,14,[12  2],22,111,125,89,96
1,<environment.Job instance at 0x7f152a519460>,22,25,[ 2 14],23,125,150,102,121
1,<environment.Job instance at 0x7f152a519730>,23,25,[7 2],24,150,175,126,146
1,<environment.Job instance at 0x7f152a516c80>,24,16,[ 5 14],25,175,191,150,162
1,<environment.Job instance at 0x7f152a516a50>,25,24,[ 2 11],26,191,215,165,186
1,<environment.Job instance at 0x7f152a516050>,26,12,[ 4 14],27,215,227,188,198
1,<environment.Job instance at 0x7f152a516cd0>,27,27,[5 8],28,227,254,199,225
1,<environment.Job instance at 0x7f152a5162d0>,28,20,[10  4],29,227,247,198,225
1,<environment.Job instance at 0x7f152a516460>,30,22,[ 2 14],31,254,276,223,247
1,<environment.Job instance at 0x7f152a516d20>,31,18,[13  3],32,276,294,244,265
1,<environment.Job instance at 0x7f15250e87d0>,0,21,[ 3 12],1,1,22,0,1
1,<environment.Job instance at 0x7f152a516e10>,1,17,[ 2 11],2,22,39,20,10
1,<environment.Job instance at 0x7f14df380dc0>,7,25,[5 4],8,22,47,14,18
1,<environment.Job instance at 0x7f14df3809b0>,8,28,[7 2],9,39,67,30,38
1,<environment.Job instance at 0x7f14df380fa0>,9,28,[7 1],10,47,75,37,46
1,<environment.Job instance at 0x7f152a661cd0>,3,14,[11  1],4,75,89,71,65
1,<environment.Job instance at 0x7f14df380140>,13,26,[ 3 11],14,67,93,53,66
1,<environment.Job instance at 0x7f14df3800f0>,12,24,[12  2],13,89,113,76,84
1,<environment.Job instance at 0x7f152a516730>,4,26,[ 3 12],5,93,119,88,92
1,<environment.Job instance at 0x7f14df32d6e0>,18,25,[4 6],19,119,144,100,115
1,<environment.Job instance at 0x7f14df32d960>,19,26,[4 9],20,120,146,100,120
1,<environment.Job instance at 0x7f14df32d910>,22,21,[12  4],23,146,167,123,138
1,<environment.Job instance at 0x7f14df32dcd0>,23,14,[12  3],24,167,181,143,152
1,<environment.Job instance at 0x7f14df32dd70>,24,28,[ 3 13],25,181,209,156,180
1,<environment.Job instance at 0x7f14df32d8c0>,25,22,[ 3 12],26,209,231,183,202
1,<environment.Job instance at 0x7f14df32df50>,26,23,[11  2],27,206,229,179,206
1,<environment.Job instance at 0x7f14df32d2d0>,28,22,[ 2 10],29,231,253,202,224
1,<environment.Job instance at 0x7f14df32db90>,29,15,[12  2],30,229,244,199,224
1,<environment.Job instance at 0x7f14df32d230>,30,18,[11  1],31,244,262,213,233
1,<environment.Job instance at 0x7f14df380b40>,16,16,[ 1 11],17,253,269,236,242
1,<environment.Job instance at 0x7f14df32d0a0>,32,22,[6 4],33,262,284,229,255
1,<environment.Job instance at 0x7f14df32de10>,34,21,[9 1],35,269,290,234,263
1,<environment.Job instance at 0x7f15250e8370>,2,25,[13  2],3,4,29,1,4
1,<environment.Job instance at 0x7f14df3dff00>,4,17,[2 9],5,11,28,6,11
1,<environment.Job instance at 0x7f14df3df0a0>,5,18,[ 5 11],6,29,47,23,22
1,<environment.Job instance at 0x7f14df3dfd20>,6,17,[10  4],7,29,46,22,23
1,<environment.Job instance at 0x7f15250e8230>,0,13,[11  1],1,47,60,46,34
1,<environment.Job instance at 0x7f14df3df500>,12,20,[5 7],13,60,80,47,51
1,<environment.Job instance at 0x7f14df3dfdc0>,7,12,[11  1],8,80,92,72,64
1,<environment.Job instance at 0x7f14df3df5f0>,14,28,[4 8],15,68,96,53,68
1,<environment.Job instance at 0x7f14df3df7d0>,8,13,[ 5 13],9,96,109,87,84
1,<environment.Job instance at 0x7f14df4b4eb0>,17,15,[5 6],18,109,124,91,104
1,<environment.Job instance at 0x7f14df4b4f50>,19,17,[ 3 11],20,124,141,104,112
1,<environment.Job instance at 0x7f14df4b4c80>,18,28,[11  1],19,127,155,108,127
1,<environment.Job instance at 0x7f14df496eb0>,20,15,[ 5 10],21,155,170,134,141
1,<environment.Job instance at 0x7f14df496aa0>,22,16,[14  3],23,170,186,147,157
1,<environment.Job instance at 0x7f14df4b78c0>,23,12,[11  4],24,186,198,162,173
1,<environment.Job instance at 0x7f14df496320>,24,15,[14  3],25,198,213,173,184
1,<environment.Job instance at 0x7f14df4b7b40>,25,28,[6 4],26,213,241,187,212
1,<environment.Job instance at 0x7f14df4b7d20>,26,13,[ 5 13],27,241,254,214,225
1,<environment.Job instance at 0x7f14df4b76e0>,27,20,[5 2],28,225,245,197,225
1,<environment.Job instance at 0x7f14df4965f0>,21,27,[7 2],22,245,272,223,243
1,<environment.Job instance at 0x7f14df4b77d0>,28,20,[7 4],29,254,274,225,246
1,<environment.Job instance at 0x7f14df3dfeb0>,0,22,[12  1],1,1,23,0,1
1,<environment.Job instance at 0x7f14df4b7780>,1,12,[ 2 14],2,2,14,0,2
1,<environment.Job instance at 0x7f14df4b4c30>,2,13,[14  5],3,23,36,20,12
1,<environment.Job instance at 0x7f14df86a6e0>,8,25,[11  1],9,36,61,27,32
1,<environment.Job instance at 0x7f14dfa10230>,7,24,[ 4 11],8,36,60,28,32
1,<environment.Job instance at 0x7f152a667910>,11,22,[ 1 10],12,60,82,48,53
1,<environment.Job instance at 0x7f14df4b9780>,4,28,[10  1],5,65,93,60,65
1,<environment.Job instance at 0x7f152a667fa0>,13,24,[2 7],14,90,114,76,90
1,<environment.Job instance at 0x7f152a667a00>,17,26,[7 1],18,93,119,75,90
1,<environment.Job instance at 0x7f152a667280>,14,25,[11  5],15,119,144,104,118
1,<environment.Job instance at 0x7f14dfa810f0>,20,23,[11  3],21,147,170,126,147
1,<environment.Job instance at 0x7f14dfa81190>,21,15,[4 8],22,148,163,126,148
1,<environment.Job instance at 0x7f152a667cd0>,19,15,[ 1 13],20,170,185,150,161
1,<environment.Job instance at 0x7f14dfa81370>,24,16,[ 2 11],25,185,201,160,173
1,<environment.Job instance at 0x7f152a667aa0>,18,18,[12  1],19,182,200,163,182
1,<environment.Job instance at 0x7f14dfa815f0>,28,22,[9 3],29,200,222,171,193
1,<environment.Job instance at 0x7f14dfa814b0>,26,14,[5 3],27,201,215,174,195
1,<environment.Job instance at 0x7f14df4b9320>,5,16,[12  2],6,222,238,216,210
1,<environment.Job instance at 0x7f14dfa81690>,29,16,[ 4 13],30,238,254,208,225
1,<environment.Job instance at 0x7f14dfa81140>,32,25,[11  1],33,247,272,214,247
1,<environment.Job instance at 0x7f14dfa811e0>,33,26,[4 8],34,254,280,220,251
1,<environment.Job instance at 0x7f14dfa81af0>,1,27,[ 4 12],2,2,29,0,2
1,<environment.Job instance at 0x7f15250e8410>,2,23,[5 7],3,29,52,26,23
1,<environment.Job instance at 0x7f14dfa83780>,7,20,[12  3],8,52,72,44,43
1,<environment.Job instance at 0x7f14dfa83b40>,9,13,[12  5],10,72,85,62,56
1,<environment.Job instance at 0x7f14dfa83c30>,11,27,[12  2],12,85,112,73,83
1,<environment.Job instance at 0x7f14dfa83be0>,12,26,[13  4],13,112,138,99,109
1,<environment.Job instance at 0x7f14dfa83960>,15,24,[ 4 10],16,138,162,122,133
1,<environment.Job instance at 0x7f1525d04870>,19,20,[11  1],20,138,158,118,135
1,<environment.Job instance at 0x7f1525d040a0>,20,12,[ 1 14],21,162,174,141,145
1,<environment.Job instance at 0x7f1525d04500>,21,18,[ 5 12],22,174,192,152,163
1,<environment.Job instance at 0x7f1525d04460>,23,24,[6 1],24,163,187,139,163
1,<environment.Job instance at 0x7f1525d04e10>,24,19,[3 9],25,192,211,167,182
1,<environment.Job instance at 0x7f1525d043c0>,25,21,[12  1],26,192,213,166,184
1,<environment.Job instance at 0x7f1525d04af0>,26,16,[ 4 11],27,213,229,186,200
1,<environment.Job instance at 0x7f152562f780>,27,26,[7 4],28,213,239,185,210
1,<environment.Job instance at 0x7f152562fdc0>,29,27,[11  5],30,239,266,209,237
1,<environment.Job instance at 0x7f152562f730>,31,25,[9 2],32,266,291,234,262
1,<environment.Job instance at 0x7f14df695870>,0,20,[12  3],1,1,21,0,1
1,<environment.Job instance at 0x7f152562faf0>,1,21,[13  4],2,21,42,19,13
1,<environment.Job instance at 0x7f14df695af0>,7,21,[5 9],8,42,63,34,34
1,<environment.Job instance at 0x7f14df695fa0>,8,25,[6 1],9,42,67,33,41
1,<environment.Job instance at 0x7f14df695b90>,9,15,[ 3 12],10,63,78,53,52
1,<environment.Job instance at 0x7f14df695050>,3,16,[11  1],4,67,83,63,59
1,<environment.Job instance at 0x7f14df6956e0>,10,18,[13  2],11,83,101,72,72
1,<environment.Job instance at 0x7f14df564780>,13,28,[11  3],14,101,129,87,100
1,<environment.Job instance at 0x7f14df5641e0>,15,28,[ 4 12],16,105,133,89,105
1,<environment.Job instance at 0x7f14df564d70>,16,20,[11  3],17,129,149,112,120
1,<environment.Job instance at 0x7f14df5649b0>,17,15,[ 5 13],18,149,164,131,136
1,<environment.Job instance at 0x7f14dfa09910>,20,24,[12  5],21,164,188,143,159
1,<environment.Job instance at 0x7f14dfa09280>,21,19,[ 2 14],22,188,207,166,178
1,<environment.Job instance at 0x7f152548ee10>,22,22,[12  1],23,188,210,165,181
1,<environment.Job instance at 0x7f14dfa09dc0>,23,13,[ 3 11],24,207,220,183,196
1,<environment.Job instance at 0x7f14df501c30>,24,22,[5 3],25,210,232,185,203
1,<environment.Job instance at 0x7f14dfa09cd0>,25,17,[ 1 14],26,232,249,206,220
1,<environment.Job instance at 0x7f14df3f35f0>,26,14,[ 3 14],27,249,263,222,234
1,<environment.Job instance at 0x7f15251155a0>,27,24,[ 3 11],28,263,287,235,258
1,<environment.Job instance at 0x7f1525115aa0>,29,25,[12  3],30,263,288,233,259
1,<environment.Job instance at 0x7f1525115280>,30,12,[ 2 12],31,287,299,256,273
1,<environment.Job instance at 0x7f14df6a9320>,0,27,[ 4 10],1,1,28,0,1
1,<environment.Job instance at 0x7f1525799eb0>,1,28,[ 4 14],2,28,56,26,27
1,<environment.Job instance at 0x7f1524f28500>,6,28,[4 9],7,56,84,49,55
1,<environment.Job instance at 0x7f1525358f50>,7,28,[7 5],8,56,84,48,55
1,<environment.Job instance at 0x7f1525115280>,2,14,[ 4 10],3,84,98,81,70
1,<environment.Job instance at 0x7f1524f28190>,3,27,[11  1],4,84,111,80,82
1,<environment.Job instance at 0x7f1525c81a00>,12,19,[ 2 14],13,99,118,86,99
1,<environment.Job instance at 0x7f15253a8b40>,10,21,[9 1],11,111,132,100,111
1,<environment.Job instance at 0x7f14df645910>,17,21,[3 9],18,118,139,100,117
1,<environment.Job instance at 0x7f152583a5a0>,19,18,[11  5],20,132,150,112,121
1,<environment.Job instance at 0x7f14dfa0f230>,14,24,[14  2],15,150,174,135,147
1,<environment.Job instance at 0x7f14df645af0>,23,18,[4 7],24,174,192,150,164
1,<environment.Job instance at 0x7f14df645eb0>,22,21,[13  5],23,192,213,169,184
1,<environment.Job instance at 0x7f14df4c8550>,24,14,[ 1 12],25,213,227,188,201
1,<environment.Job instance at 0x7f14df4c8be0>,25,15,[14  3],26,213,228,187,201
1,<environment.Job instance at 0x7f14df4b3c30>,27,23,[ 2 13],28,228,251,200,222
1,<environment.Job instance at 0x7f14df4b4550>,30,23,[7 1],31,228,251,197,223
1,<environment.Job instance at 0x7f14df4b3be0>,31,17,[10  4],32,251,268,219,241
1,<environment.Job instance at 0x7f14df4b43c0>,33,16,[8 4],34,268,284,234,255
1,<environment.Job instance at 0x7f14df4b4460>,34,12,[ 2 13],35,284,296,249,267
1,<environment.Job instance at 0x7f15254097d0>,0,20,[6 5],1,1,21,0,1
1,<environment.Job instance at 0x7f15254099b0>,1,14,[ 4 13],2,21,35,19,6
1,<environment.Job instance at 0x7f15257aa9b0>,6,18,[ 1 12],7,35,53,28,24
1,<environment.Job instance at 0x7f15257aad20>,9,28,[ 3 10],10,53,81,43,52
1,<environment.Job instance at 0x7f15257aa5a0>,10,21,[5 1],11,53,74,42,53
1,<environment.Job instance at 0x7f15257aa280>,11,28,[11  4],12,74,102,62,73
1,<environment.Job instance at 0x7f15257aaa00>,13,19,[11  2],14,102,121,88,92
1,<environment.Job instance at 0x7f15257aacd0>,14,18,[12  3],15,121,139,106,110
1,<environment.Job instance at 0x7f15257aa3c0>,17,24,[10  2],18,139,163,121,134
1,<environment.Job instance at 0x7f15257aa370>,18,24,[8 1],19,163,187,144,158
1,<environment.Job instance at 0x7f15254093c0>,3,18,[ 5 11],4,158,176,154,158
1,<environment.Job instance at 0x7f15257aa550>,19,27,[ 5 10],20,176,203,156,174
1,<environment.Job instance at 0x7f152a654c30>,21,28,[ 1 12],22,203,231,181,202
1,<environment.Job instance at 0x7f152a654640>,20,12,[8 2],21,202,214,181,202
1,<environment.Job instance at 0x7f152a654d70>,22,15,[13  1],23,214,229,191,205
1,<environment.Job instance at 0x7f1525d759b0>,25,12,[ 4 13],26,231,243,205,214
1,<environment.Job instance at 0x7f1525d75fa0>,26,24,[5 3],27,243,267,216,238
1,<environment.Job instance at 0x7f1525d75910>,27,19,[5 7],28,243,262,215,238
1,<environment.Job instance at 0x7f1525d75690>,29,21,[14  3],30,267,288,237,259
1,<environment.Job instance at 0x7f15257aac30>,4,21,[ 1 12],5,262,283,257,259
1,<environment.Job instance at 0x7f14df5ca730>,0,28,[3 6],1,1,29,0,1
1,<environment.Job instance at 0x7f14df5b16e0>,3,21,[10  4],4,4,25,0,4
1,<environment.Job instance at 0x7f14df5b15f0>,4,13,[12  5],5,25,38,20,17
1,<environment.Job instance at 0x7f14df5b1eb0>,9,19,[ 4 10],10,38,57,28,28
1,<environment.Job instance at 0x7f15253ab820>,11,24,[ 4 10],12,57,81,45,52
1,<environment.Job instance at 0x7f15253ab410>,13,16,[12  2],14,81,97,67,68
1,<environment.Job instance at 0x7f1525bd2050>,15,28,[ 2 11],16,81,109,65,80
1,<environment.Job instance at 0x7f14df3723c0>,16,28,[13  3],17,97,125,80,96
1,<environment.Job instance at 0x7f1524f7bf00>,17,21,[1 9],18,109,130,91,101
1,<environment.Job instance at 0x7f1524f634b0>,18,23,[13  5],19,125,148,106,119
1,<environment.Job instance at 0x7f1524f63910>,19,19,[ 3 13],20,148,167,128,138
1,<environment.Job instance at 0x7f15256ef730>,20,21,[5 4],21,167,188,146,159
1,<environment.Job instance at 0x7f14df773c30>,22,20,[4 5],23,167,187,144,159
1,<environment.Job instance at 0x7f14df5b10f0>,6,15,[6 1],7,161,176,154,161
1,<environment.Job instance at 0x7f152a517af0>,23,23,[6 5],24,176,199,152,170
1,<environment.Job instance at 0x7f152a5170f0>,25,20,[ 1 11],26,199,219,173,190
1,<environment.Job instance at 0x7f152a517820>,26,27,[4 6],27,219,246,192,217
1,<environment.Job instance at 0x7f14df4bc1e0>,27,26,[8 5],28,219,245,191,217
1,<environment.Job instance at 0x7f1525a8c500>,28,12,[ 3 14],29,246,258,217,229
1,<environment.Job instance at 0x7f14df395a00>,31,24,[14  4],32,258,282,226,253
1,<environment.Job instance at 0x7f1525c96e60>,0,23,[8 4],1,1,24,0,1
1,<environment.Job instance at 0x7f14df339190>,1,13,[12  4],2,24,37,22,8
1,<environment.Job instance at 0x7f14df6161e0>,6,26,[ 3 14],7,37,63,30,34
1,<environment.Job instance at 0x7f14df6167d0>,7,15,[11  5],8,63,78,55,50
1,<environment.Job instance at 0x7f14df7ecb40>,9,15,[ 3 13],10,78,93,68,64
1,<environment.Job instance at 0x7f15259912d0>,13,25,[12  1],14,78,103,64,74
1,<environment.Job instance at 0x7f14df53ebe0>,11,17,[13  1],12,103,120,91,95
1,<environment.Job instance at 0x7f14df7ecbe0>,10,25,[13  4],11,120,145,109,116
1,<environment.Job instance at 0x7f15257f2910>,14,28,[14  4],15,145,173,130,144
1,<environment.Job instance at 0x7f15255ff780>,19,26,[12  4],20,173,199,153,170
1,<environment.Job instance at 0x7f1525567fa0>,16,26,[ 3 11],17,173,199,156,171
1,<environment.Job instance at 0x7f14df772230>,4,18,[ 5 12],5,199,217,194,195
1,<environment.Job instance at 0x7f1525991320>,15,16,[ 1 13],16,217,233,201,212
1,<environment.Job instance at 0x7f152a65e780>,26,27,[12  2],27,219,246,192,219
1,<environment.Job instance at 0x7f1525c964b0>,5,28,[ 2 13],6,237,265,231,237
1,<environment.Job instance at 0x7f152513d960>,30,19,[5 6],31,265,284,234,255
1,<environment.Job instance at 0x7f15255671e0>,1,23,[14  1],2,3,26,1,3
1,<environment.Job instance at 0x7f152513d960>,2,17,[ 1 14],3,4,21,1,4
1,<environment.Job instance at 0x7f1524f18370>,3,16,[12  2],4,26,42,22,13
1,<environment.Job instance at 0x7f1525dacc80>,8,19,[ 1 14],9,42,61,33,32
1,<environment.Job instance at 0x7f14df5407d0>,7,24,[14  3],8,61,85,53,58
1,<environment.Job instance at 0x7f14df8b27d0>,4,19,[ 4 11],5,85,104,80,76
1,<environment.Job instance at 0x7f14df983730>,6,16,[13  3],7,104,120,97,93
1,<environment.Job instance at 0x7f1525115a00>,9,23,[14  3],10,120,143,110,114
1,<environment.Job instance at 0x7f14df5bfe60>,16,28,[12  4],17,143,171,126,142
1,<environment.Job instance at 0x7f1524f74870>,15,27,[ 2 11],16,143,170,127,142
1,<environment.Job instance at 0x7f14df5bf6e0>,13,14,[ 4 12],14,177,191,163,177
1,<environment.Job instance at 0x7f14df9ee690>,20,23,[12  5],21,203,226,182,203
1,<environment.Job instance at 0x7f14df9ee5f0>,21,23,[3 9],22,203,226,181,203
1,<environment.Job instance at 0x7f14df9ee870>,23,12,[14  4],24,226,238,202,211
1,<environment.Job instance at 0x7f14df9ee500>,18,14,[14  2],19,238,252,219,224
1,<environment.Job instance at 0x7f14df9ee9b0>,25,26,[7 5],26,252,278,226,249
1,<environment.Job instance at 0x7f14df9ee910>,24,21,[6 4],25,252,273,227,249
1,<environment.Job instance at 0x7f14df9eea50>,26,17,[ 3 14],27,278,295,251,268
1,<environment.Job instance at 0x7f14df9f2730>,0,18,[ 4 13],1,1,19,0,1
1,<environment.Job instance at 0x7f14df9f2eb0>,3,12,[7 1],4,4,16,0,4
1,<environment.Job instance at 0x7f14df9f27d0>,1,18,[13  1],2,19,37,17,8
1,<environment.Job instance at 0x7f14df9f2c30>,9,16,[12  2],10,37,53,27,24
1,<environment.Job instance at 0x7f14df640f50>,10,12,[11  2],11,53,65,42,36
1,<environment.Job instance at 0x7f14df640f00>,12,16,[ 3 13],13,41,57,28,41
1,<environment.Job instance at 0x7f14df640820>,14,22,[ 1 12],15,57,79,42,50
1,<environment.Job instance at 0x7f14df640190>,15,24,[12  5],16,79,103,63,74
1,<environment.Job instance at 0x7f14df6400f0>,16,27,[3 5],17,79,106,62,77
1,<environment.Job instance at 0x7f14df640e10>,19,28,[1 8],20,103,131,83,102
1,<environment.Job instance at 0x7f14df9ac1e0>,21,26,[7 2],22,103,129,81,103
1,<environment.Job instance at 0x7f14df9ac7d0>,22,27,[5 6],23,129,156,106,127
1,<environment.Job instance at 0x7f14df9acaa0>,23,28,[ 2 12],24,156,184,132,155
1,<environment.Job instance at 0x7f14df9ac8c0>,25,16,[12  2],26,157,173,131,157
1,<environment.Job instance at 0x7f14df9acdc0>,26,27,[12  3],27,173,200,146,171
1,<environment.Job instance at 0x7f14df9ac500>,28,14,[2 7],29,184,198,155,175
1,<environment.Job instance at 0x7f14df9ac6e0>,27,17,[13  2],28,200,217,172,189
1,<environment.Job instance at 0x7f14df9ac640>,29,20,[1 7],30,198,218,168,189
1,<environment.Job instance at 0x7f14df9ac0f0>,33,12,[13  5],34,217,229,183,202
1,<environment.Job instance at 0x7f14df9acbe0>,34,21,[ 1 13],35,229,250,194,221
1,<environment.Job instance at 0x7f14df9aca50>,35,23,[ 1 10],36,250,273,214,244
1,<environment.Job instance at 0x7f14df9ac910>,36,20,[ 4 11],37,273,293,236,264
1,<environment.Job instance at 0x7f1524f7ce10>,1,24,[ 3 12],2,3,27,1,3
1,<environment.Job instance at 0x7f14df9ac4b0>,4,18,[10  1],5,8,26,3,8
1,<environment.Job instance at 0x7f14df9ac910>,3,19,[ 4 10],4,27,46,23,18
1,<environment.Job instance at 0x7f152501c640>,10,13,[14  5],11,46,59,35,31
1,<environment.Job instance at 0x7f1524ebb8c0>,12,21,[ 4 11],13,59,80,46,51
1,<environment.Job instance at 0x7f1524ebbdc0>,13,25,[2 7],14,80,105,66,76
1,<environment.Job instance at 0x7f152501ce10>,5,26,[12  4],6,82,108,76,82
1,<environment.Job instance at 0x7f1524ebb370>,14,23,[14  4],15,108,131,93,102
1,<environment.Job instance at 0x7f1524ebb5a0>,16,20,[5 7],17,131,151,114,122
1,<environment.Job instance at 0x7f152500b320>,19,15,[2 8],20,132,147,112,132
1,<environment.Job instance at 0x7f152501c230>,9,17,[ 3 12],10,151,168,141,143
1,<environment.Job instance at 0x7f152500be10>,21,12,[6 1],22,147,159,125,146
1,<environment.Job instance at 0x7f152500b410>,20,24,[12  2],21,159,183,138,154
1,<environment.Job instance at 0x7f1524ebb1e0>,15,12,[ 3 11],16,168,180,152,159
1,<environment.Job instance at 0x7f152500b780>,24,16,[10  5],25,183,199,158,171
1,<environment.Job instance at 0x7f14df8aa280>,26,16,[1 7],27,180,196,153,178
1,<environment.Job instance at 0x7f152500ba50>,18,18,[12  1],19,199,217,180,188
1,<environment.Job instance at 0x7f14df8aa050>,28,26,[9 5],29,217,243,188,214
1,<environment.Job instance at 0x7f14df8aa820>,31,27,[5 1],32,221,248,189,221
1,<environment.Job instance at 0x7f152500b640>,23,15,[11  1],24,248,263,224,241
1,<environment.Job instance at 0x7f14df8aa370>,30,28,[9 3],31,263,291,232,262
1,<environment.Job instance at 0x7f14df8aa910>,34,27,[6 4],35,263,290,228,262
1,<environment.Job instance at 0x7f152500bb90>,0,27,[ 2 13],1,1,28,0,1
1,<environment.Job instance at 0x7f14df39c730>,3,15,[14  1],4,28,43,24,16
1,<environment.Job instance at 0x7f15256ef8c0>,5,18,[9 5],6,43,61,37,34
1,<environment.Job instance at 0x7f15257c6870>,7,26,[ 4 10],8,43,69,35,43
1,<environment.Job instance at 0x7f14df8aa5f0>,1,17,[11  4],2,61,78,59,50
1,<environment.Job instance at 0x7f15257f5fa0>,11,25,[5 5],12,78,103,66,74
1,<environment.Job instance at 0x7f15257f5be0>,13,22,[5 3],14,78,100,64,74
1,<environment.Job instance at 0x7f15257f5410>,14,15,[12  4],15,103,118,88,95
1,<environment.Job instance at 0x7f15257f5230>,15,27,[10  3],16,118,145,102,116
1,<environment.Job instance at 0x7f15257f5050>,16,27,[ 1 11],17,116,143,99,116
1,<environment.Job instance at 0x7f15257f5a00>,17,18,[ 2 12],18,143,161,125,132
1,<environment.Job instance at 0x7f15257f5c30>,18,22,[ 2 11],19,161,183,142,154
1,<environment.Job instance at 0x7f15257f5e10>,9,15,[7 1],10,157,172,147,157
1,<environment.Job instance at 0x7f14df8f8c80>,20,22,[13  2],21,172,194,151,165
1,<environment.Job instance at 0x7f14df8f8eb0>,19,23,[14  4],20,194,217,174,188
1,<environment.Job instance at 0x7f14df8f82d0>,23,26,[5 5],24,217,243,193,214
1,<environment.Job instance at 0x7f15257f5d70>,12,26,[2 9],13,217,243,204,216
1,<environment.Job instance at 0x7f14df8f8fa0>,24,16,[11  2],25,243,259,218,230
1,<environment.Job instance at 0x7f14df1dcf00>,26,18,[ 5 14],27,259,277,232,248
1,<environment.Job instance at 0x7f14df1b82d0>,28,27,[ 2 10],29,277,304,248,275
1,<environment.Job instance at 0x7f15256ef500>,0,13,[12  4],1,1,14,0,1
1,<environment.Job instance at 0x7f1524eb4a50>,1,17,[ 5 13],2,14,31,12,3
1,<environment.Job instance at 0x7f14df1b82d0>,3,25,[5 8],4,31,56,27,27
1,<environment.Job instance at 0x7f14df1d9320>,10,15,[14  4],11,56,71,45,42
1,<environment.Job instance at 0x7f14df1d9640>,12,15,[ 5 12],13,71,86,58,57
1,<environment.Job instance at 0x7f14df1d9550>,13,26,[ 1 12],14,86,112,72,83
1,<environment.Job instance at 0x7f14df1d9500>,14,23,[ 4 10],15,112,135,97,106
1,<environment.Job instance at 0x7f14df1d9460>,15,25,[1 8],16,135,160,119,131
1,<environment.Job instance at 0x7f14df1d9230>,16,27,[ 3 12],17,160,187,143,158
1,<environment.Job instance at 0x7f15251f43c0>,18,28,[12  4],19,187,215,168,186
1,<environment.Job instance at 0x7f15251f4cd0>,19,21,[8 3],20,215,236,195,207
1,<environment.Job instance at 0x7f15251f4320>,20,28,[11  4],21,236,264,215,235
1,<environment.Job instance at 0x7f15251f4780>,21,26,[5 7],22,264,290,242,261
1,<environment.Job instance at 0x7f15254eb190>,1,22,[ 4 12],2,2,24,0,2
1,<environment.Job instance at 0x7f1524f7c0a0>,0,14,[14  4],1,24,38,23,9
1,<environment.Job instance at 0x7f15255858c0>,8,15,[ 3 13],9,38,53,29,24
1,<environment.Job instance at 0x7f1525b113c0>,10,22,[6 5],11,53,75,42,46
1,<environment.Job instance at 0x7f1525b11a00>,11,24,[9 2],12,46,70,34,46
1,<environment.Job instance at 0x7f14dfa5af00>,12,13,[11  4],13,75,88,62,59
1,<environment.Job instance at 0x7f14dfa5a550>,14,20,[13  4],15,88,108,73,79
1,<environment.Job instance at 0x7f14dfa5a280>,15,22,[5 6],16,108,130,92,101
1,<environment.Job instance at 0x7f14df846d70>,16,20,[12  5],17,130,150,113,121
1,<environment.Job instance at 0x7f14df846280>,19,22,[ 3 11],20,150,172,130,143
1,<environment.Job instance at 0x7f14df846b90>,20,24,[ 1 12],21,172,196,151,167
1,<environment.Job instance at 0x7f14df846eb0>,21,28,[3 6],22,196,224,174,195
1,<environment.Job instance at 0x7f14df846e10>,22,14,[ 4 12],23,224,238,201,209
1,<environment.Job instance at 0x7f15251a9410>,23,28,[ 2 13],24,238,266,214,237
1,<environment.Job instance at 0x7f15251a9230>,24,25,[10  5],25,266,291,241,262
1,<environment.Job instance at 0x7f15256ef7d0>,4,28,[13  5],5,5,33,0,5
1,<environment.Job instance at 0x7f14dfa5a690>,0,16,[13  5],1,33,49,32,20
1,<environment.Job instance at 0x7f14df6fabe0>,11,24,[14  3],12,49,73,37,44
1,<environment.Job instance at 0x7f14df6fa190>,12,23,[ 1 14],13,73,96,60,67
1,<environment.Job instance at 0x7f14df6fa5f0>,13,24,[12  2],14,96,120,82,91
1,<environment.Job instance at 0x7f14df6facd0>,14,28,[3 6],15,96,124,81,95
1,<environment.Job instance at 0x7f14df6fa0a0>,15,21,[ 2 14],16,124,145,108,116
1,<environment.Job instance at 0x7f15251a9230>,5,27,[6 1],6,120,147,114,118
1,<environment.Job instance at 0x7f14df6fa3c0>,16,15,[13  5],17,147,162,130,133
1,<environment.Job instance at 0x7f14df6fa410>,19,25,[ 3 10],20,162,187,142,158
1,<environment.Job instance at 0x7f14df6fa820>,17,20,[4 5],18,162,182,144,158
1,<environment.Job instance at 0x7f14df6e4820>,20,12,[ 1 12],21,187,199,166,170
1,<environment.Job instance at 0x7f14df6fa730>,22,15,[13  4],23,199,214,176,186
1,<environment.Job instance at 0x7f152564ad20>,23,28,[3 8],24,214,242,190,213
1,<environment.Job instance at 0x7f14df6e4230>,24,24,[9 3],25,223,247,198,223
1,<environment.Job instance at 0x7f14df6e4280>,25,28,[9 3],26,247,275,221,246
1,<environment.Job instance at 0x7f1525c6bbe0>,7,17,[ 5 11],8,246,263,238,246
1,<environment.Job instance at 0x7f14dfa19230>,26,14,[11  3],27,275,289,248,262
1,<environment.Job instance at 0x7f1525a3f7d0>,29,26,[3 8],30,263,289,233,262
1,<environment.Job instance at 0x7f14df29bc30>,0,28,[ 5 11],1,1,29,0,1
1,<environment.Job instance at 0x7f14df29bc80>,1,17,[ 5 12],2,29,46,27,17
1,<environment.Job instance at 0x7f14df29ba50>,6,24,[7 1],7,17,41,10,17
1,<environment.Job instance at 0x7f1525874820>,8,21,[ 1 12],9,46,67,37,38
1,<environment.Job instance at 0x7f152571f0a0>,11,28,[12  1],12,46,74,34,45
1,<environment.Job instance at 0x7f1525874cd0>,9,12,[ 3 11],10,67,79,57,57
1,<environment.Job instance at 0x7f14df29beb0>,3,18,[3 8],4,79,97,75,68
1,<environment.Job instance at 0x7f152571f280>,15,21,[11  5],16,79,100,63,72
1,<environment.Job instance at 0x7f152571feb0>,13,25,[12  4],14,261,286,247,261
1,<environment.Job instance at 0x7f1524f9b410>,0,13,[12  1],1,1,14,0,1
1,<environment.Job instance at 0x7f1524f9b370>,1,28,[ 5 11],2,14,42,12,13
1,<environment.Job instance at 0x7f1525b88280>,6,24,[11  2],7,42,66,35,37
1,<environment.Job instance at 0x7f1525b88a00>,3,18,[ 4 11],4,42,60,38,38
1,<environment.Job instance at 0x7f1525b883c0>,7,20,[8 1],8,66,86,58,57
1,<environment.Job instance at 0x7f1525b88690>,9,13,[ 4 14],10,66,79,56,59
1,<environment.Job instance at 0x7f1524f9bb40>,2,20,[5 3],3,79,99,76,78
1,<environment.Job instance at 0x7f15254fdeb0>,10,24,[8 2],11,86,110,75,81
1,<environment.Job instance at 0x7f1525b88a50>,8,13,[14  2],9,110,123,101,94
1,<environment.Job instance at 0x7f15254fd640>,15,15,[11  2],16,123,138,107,109
1,<environment.Job instance at 0x7f15254fdb90>,16,16,[ 4 14],17,138,154,121,125
1,<environment.Job instance at 0x7f15254fdd70>,17,25,[ 4 11],18,154,179,136,150
1,<environment.Job instance at 0x7f14df48c230>,18,20,[ 1 14],19,179,199,160,170
1,<environment.Job instance at 0x7f1525b88c30>,5,19,[14  5],6,199,218,193,189
1,<environment.Job instance at 0x7f15254fdfa0>,14,17,[ 4 14],15,218,235,203,206
1,<environment.Job instance at 0x7f14df48caa0>,21,16,[ 3 12],22,235,251,213,222
1,<environment.Job instance at 0x7f14df48ca00>,23,23,[5 6],24,251,274,227,245
1,<environment.Job instance at 0x7f14df48c870>,24,24,[5 6],25,251,275,226,246
1,<environment.Job instance at 0x7f14df48cc30>,25,19,[2 5],26,274,293,248,264
1,<environment.Job instance at 0x7f0b1efcf190>,0,24,[2 8],1,1,25,0,1
1,<environment.Job instance at 0x7f0b1efcf320>,2,26,[10  1],3,3,29,0,3
1,<environment.Job instance at 0x7f0b17bbf2d0>,3,15,[13  4],4,29,44,25,15
1,<environment.Job instance at 0x7f0b17bbf690>,10,14,[ 1 14],11,44,58,33,29
1,<environment.Job instance at 0x7f0b17bbf8c0>,12,22,[4 6],13,58,80,45,51
1,<environment.Job instance at 0x7f0b17bbf960>,13,27,[3 8],14,58,85,44,56
1,<environment.Job instance at 0x7f0b17bbfa00>,14,14,[14  3],15,85,99,70,70
1,<environment.Job instance at 0x7f0b17bbfaf0>,15,24,[ 2 13],16,99,123,83,94
1,<environment.Job instance at 0x7f0b17bbfb90>,16,19,[ 3 12],17,123,142,106,113
1,<environment.Job instance at 0x7f0b17bbfb40>,17,18,[ 5 13],18,142,160,124,131
1,<environment.Job instance at 0x7f0b17bbfa50>,19,21,[14  4],20,160,181,140,152
1,<environment.Job instance at 0x7f0b17bbf280>,5,18,[7 5],6,181,199,175,170
1,<environment.Job instance at 0x7f0b17bbfcd0>,21,22,[14  2],22,199,221,177,192
1,<environment.Job instance at 0x7f0b17bc30f0>,24,20,[ 3 12],25,221,241,196,212
1,<environment.Job instance at 0x7f0b1f021b90>,4,24,[ 3 11],5,241,265,236,238
1,<environment.Job instance at 0x7f0b17bbfeb0>,22,25,[ 4 12],23,265,290,242,261
1,<environment.Job instance at 0x7f0b17bca190>,0,19,[8 4],1,1,20,0,1
1,<environment.Job instance at 0x7f0b1f136c30>,2,24,[10  3],3,20,44,17,15
1,<environment.Job instance at 0x7f0b1f1452d0>,8,25,[11  5],9,44,69,35,40
1,<environment.Job instance at 0x7f0b1f145640>,9,18,[ 4 11],10,69,87,59,58
1,<environment.Job instance at 0x7f0b1f145690>,10,22,[5 5],11,87,109,76,80
1,<environment.Job instance at 0x7f0b1f135b40>,11,14,[12  2],12,109,123,97,94
1,<environment.Job instance at 0x7f0b1f135c30>,12,25,[ 2 14],13,123,148,110,119
1,<environment.Job instance at 0x7f0b1f135fa0>,13,25,[7 2],14,148,173,134,144
1,<environment.Job instance at 0x7f0b1f136690>,4,21,[ 1 12],5,148,169,143,146
1,<environment.Job instance at 0x7f0b1f135f50>,14,16,[ 5 14],15,173,189,158,160
1,<environment.Job instance at 0x7f0b1f13d230>,16,12,[ 4 14],17,189,201,172,172
1,<environment.Job instance at 0x7f0b1f13d5a0>,17,27,[5 8],18,201,228,183,199
1,<environment.Job instance at 0x7f0b1f13db90>,18,20,[10  4],19,201,221,182,199
1,<environment.Job instance at 0x7f0b1f13de60>,20,22,[ 2 14],21,228,250,207,221
1,<environment.Job instance at 0x7f0b1f13deb0>,21,18,[13  3],22,250,268,228,239
1,<environment.Job instance at 0x7f0b1f13d190>,23,22,[ 4 11],24,268,290,244,261
1,<environment.Job instance at 0x7f0b1f13d8c0>,24,19,[11  3],25,268,287,243,268
1,<environment.Job instance at 0x7f0b1f13b2d0>,25,19,[11  4],26,287,306,261,277
1,<environment.Job instance at 0x7f0b1f13ba50>,1,12,[12  4],2,2,14,0,2
1,<environment.Job instance at 0x7f0ad3fb8d20>,2,21,[12  4],3,14,35,11,6
1,<environment.Job instance at 0x7f0ad3fb8730>,8,22,[ 2 10],9,11,33,2,11
1,<environment.Job instance at 0x7f0ad3fb85f0>,6,23,[11  2],7,35,58,28,29
1,<environment.Job instance at 0x7f0ad3fb8370>,5,22,[ 3 12],6,35,57,29,33
1,<environment.Job instance at 0x7f0ad3fb80a0>,10,18,[11  1],11,58,76,47,47
1,<environment.Job instance at 0x7f0ad3fb8550>,12,22,[6 4],13,76,98,63,69
1,<environment.Job instance at 0x7f0ad3fb8b40>,14,21,[9 1],15,76,97,61,70
1,<environment.Job instance at 0x7f0b1f13b2d0>,3,14,[12  3],4,98,112,94,95
1,<environment.Job instance at 0x7f0ad3fb8910>,9,15,[12  2],10,112,127,102,98
1,<environment.Job instance at 0x7f0ad3fb8820>,19,25,[ 3 11],20,107,132,87,107
1,<environment.Job instance at 0x7f0ad3fb8780>,16,19,[ 5 14],17,150,169,133,150
1,<environment.Job instance at 0x7f0ad3fb8050>,20,27,[13  4],21,169,196,148,168
1,<environment.Job instance at 0x7f0ad3fb87d0>,24,12,[ 2 11],25,180,192,155,180
1,<environment.Job instance at 0x7f0ad3fb8b90>,23,23,[ 2 14],24,196,219,172,190
1,<environment.Job instance at 0x7f0ad3f558c0>,27,22,[1 7],28,219,241,191,215
1,<environment.Job instance at 0x7f0ad3f55e10>,29,26,[3 6],30,219,245,189,218
1,<environment.Job instance at 0x7f0ad3f55d70>,30,12,[11  1],31,223,235,192,223
1,<environment.Job instance at 0x7f0ad3f55410>,28,28,[ 4 13],29,247,275,218,247
1,<environment.Job instance at 0x7f0ad3f83910>,0,24,[11  3],1,1,25,0,1
1,<environment.Job instance at 0x7f0ad3f55460>,1,22,[ 5 14],2,25,47,23,18
1,<environment.Job instance at 0x7f0ad3f83aa0>,6,24,[ 5 14],7,47,71,40,42
1,<environment.Job instance at 0x7f0ad3f55410>,2,24,[14  3],3,71,95,68,71
1,<environment.Job instance at 0x7f0ad3f83dc0>,8,15,[ 5 11],9,99,114,90,99
1,<environment.Job instance at 0x7f0ad3f83460>,11,16,[ 2 13],12,114,130,102,101
1,<environment.Job instance at 0x7f0ad3f83b40>,5,15,[11  2],6,114,129,108,112
1,<environment.Job instance at 0x7f0ad3fbc8c0>,15,13,[11  1],16,129,142,113,122
1,<environment.Job instance at 0x7f0ad3f835f0>,13,24,[ 5 11],14,142,166,128,140
1,<environment.Job instance at 0x7f0ad4377d20>,16,12,[ 3 12],17,166,178,149,154
1,<environment.Job instance at 0x7f0ad438fbe0>,21,24,[5 1],22,156,180,134,156
1,<environment.Job instance at 0x7f0ad438fe60>,22,23,[ 1 13],23,178,201,155,172
1,<environment.Job instance at 0x7f0ad407e6e0>,23,12,[12  2],24,180,192,156,172
1,<environment.Job instance at 0x7f0ad407e2d0>,25,22,[3 8],26,201,223,175,194
1,<environment.Job instance at 0x7f0ad407e960>,26,19,[ 3 14],27,223,242,196,213
1,<environment.Job instance at 0x7f0ad407edc0>,27,26,[ 1 14],28,242,268,214,239
1,<environment.Job instance at 0x7f0ad407ef00>,29,16,[12  3],30,268,284,238,255
1,<environment.Job instance at 0x7f0ad407e8c0>,1,19,[8 2],2,2,21,0,2
1,<environment.Job instance at 0x7f0ad3f5fd20>,2,22,[ 3 14],3,21,43,18,14
1,<environment.Job instance at 0x7f0ad3ece460>,7,24,[ 2 13],8,43,67,35,38
1,<environment.Job instance at 0x7f0ad3f9b410>,8,21,[ 2 14],9,67,88,58,59
1,<environment.Job instance at 0x7f0ad4326b90>,9,16,[ 5 13],10,88,104,78,75
1,<environment.Job instance at 0x7f0ad43265a0>,10,28,[1 7],11,104,132,93,103
1,<environment.Job instance at 0x7f0ad3f5fb40>,4,16,[8 3],5,104,120,99,103
1,<environment.Job instance at 0x7f0ad4326be0>,11,22,[4 8],12,120,142,108,113
1,<environment.Job instance at 0x7f0ad4395e10>,14,24,[12  1],15,142,166,127,137
1,<environment.Job instance at 0x7f0ad3f5f4b0>,5,25,[ 3 13],6,142,167,136,139
1,<environment.Job instance at 0x7f0ad4395f50>,18,28,[3 5],19,167,195,148,166
1,<environment.Job instance at 0x7f0ad4326c30>,12,13,[ 4 10],13,168,181,155,168
1,<environment.Job instance at 0x7f0ad4340780>,19,19,[1 8],20,181,200,161,171
1,<environment.Job instance at 0x7f0ad4340910>,21,26,[5 3],22,195,221,173,192
1,<environment.Job instance at 0x7f0ad43955a0>,20,12,[4 7],21,200,212,179,194
1,<environment.Job instance at 0x7f0b18011410>,23,15,[ 3 11],24,212,227,188,201
1,<environment.Job instance at 0x7f0b18011500>,24,20,[7 3],25,221,241,196,212
1,<environment.Job instance at 0x7f0b180115a0>,25,27,[2 8],26,227,254,201,227
1,<environment.Job instance at 0x7f0b18011640>,26,12,[ 3 11],27,254,266,227,238
1,<environment.Job instance at 0x7f0b18011780>,28,20,[12  2],29,250,270,221,250
1,<environment.Job instance at 0x7f0b18011820>,29,24,[ 5 11],30,270,294,240,265
1,<environment.Job instance at 0x7f0ad42d1e10>,2,26,[12  3],3,3,29,0,3
1,<environment.Job instance at 0x7f0ad42d1c30>,1,16,[ 1 11],2,17,33,15,17
1,<environment.Job instance at 0x7f0ad3dc6230>,9,26,[3 5],10,33,59,23,30
1,<environment.Job instance at 0x7f0ad3dc6410>,11,13,[ 2 13],12,59,72,47,43
1,<environment.Job instance at 0x7f0ad3dc6140>,12,18,[12  5],13,72,90,59,62
1,<environment.Job instance at 0x7f0ad3dc6500>,14,13,[14  1],15,90,103,75,74
1,<environment.Job instance at 0x7f0ad3dc63c0>,8,17,[2 8],9,103,120,94,103
1,<environment.Job instance at 0x7f0ad4326fa0>,4,17,[ 4 13],5,120,137,115,109
1,<environment.Job instance at 0x7f0ad3e20320>,15,16,[ 3 11],16,137,153,121,124
1,<environment.Job instance at 0x7f0ad3e20f00>,17,14,[12  4],18,137,151,119,124
1,<environment.Job instance at 0x7f0ad3e205f0>,18,14,[11  1],19,151,165,132,136
1,<environment.Job instance at 0x7f0ad3e204b0>,20,20,[12  3],21,165,185,144,157
1,<environment.Job instance at 0x7f0ad3e20140>,22,23,[2 8],23,157,180,134,157
1,<environment.Job instance at 0x7f0ad3e207d0>,23,16,[11  1],24,185,201,161,173
1,<environment.Job instance at 0x7f0ad3e20f50>,25,14,[11  5],26,201,215,175,188
1,<environment.Job instance at 0x7f0ad407e6e0>,26,13,[ 1 11],27,215,228,188,200
1,<environment.Job instance at 0x7f0ad407eb40>,27,21,[5 9],28,228,249,200,221
1,<environment.Job instance at 0x7f0ad407e460>,28,25,[6 1],29,225,250,196,225
1,<environment.Job instance at 0x7f0ad407e4b0>,1,23,[8 4],2,2,25,0,2
1,<environment.Job instance at 0x7f0ad3ece8c0>,2,23,[9 3],3,25,48,22,19
1,<environment.Job instance at 0x7f0ad40f5eb0>,8,14,[ 1 13],9,48,62,39,33
1,<environment.Job instance at 0x7f0ad40f5f00>,10,27,[ 4 10],11,62,89,51,60
1,<environment.Job instance at 0x7f0ad40f5640>,11,28,[ 4 14],12,89,117,77,88
1,<environment.Job instance at 0x7f0ad40f5690>,13,27,[11  1],14,100,127,86,100
1,<environment.Job instance at 0x7f0ad4388a50>,16,28,[4 9],17,117,145,100,116
1,<environment.Job instance at 0x7f0ad43880f0>,17,28,[7 5],18,127,155,109,126
1,<environment.Job instance at 0x7f0ad40f5050>,6,12,[12  5],7,155,167,148,139
1,<environment.Job instance at 0x7f0b17b0f820>,4,14,[13  1],5,169,183,164,169
1,<environment.Job instance at 0x7f0b1a2c8d20>,21,18,[5 8],22,183,201,161,178
1,<environment.Job instance at 0x7f0b1a2c84b0>,22,19,[ 2 14],23,201,220,178,194
1,<environment.Job instance at 0x7f0ad3f39320>,23,17,[6 1],24,206,223,182,206
1,<environment.Job instance at 0x7f0ad3f39f00>,24,24,[14  2],25,260,284,235,260
1,<environment.Job instance at 0x7f0b1a6ebe10>,0,20,[6 5],1,1,21,0,1
1,<environment.Job instance at 0x7f0ad4493910>,1,14,[ 4 13],2,21,35,19,6
1,<environment.Job instance at 0x7f0ad42d1dc0>,6,18,[ 1 12],7,35,53,28,24
1,<environment.Job instance at 0x7f0b17c76b40>,9,28,[ 3 10],10,53,81,43,52
1,<environment.Job instance at 0x7f0b17c763c0>,10,21,[5 1],11,52,73,41,52
1,<environment.Job instance at 0x7f0b1a2875f0>,11,28,[11  4],12,73,101,61,72
1,<environment.Job instance at 0x7f0b17b14aa0>,14,18,[12  3],15,101,119,86,90
1,<environment.Job instance at 0x7f0b17b14960>,15,28,[5 5],16,119,147,103,118
1,<environment.Job instance at 0x7f0b17b14230>,16,19,[ 1 12],17,147,166,130,137
1,<environment.Job instance at 0x7f0b17b14050>,17,24,[10  2],18,137,161,119,137
1,<environment.Job instance at 0x7f0b17b147d0>,18,24,[8 1],19,161,185,142,156
1,<environment.Job instance at 0x7f0ad42d1d20>,3,18,[ 5 11],4,166,184,162,157
1,<environment.Job instance at 0x7f0b17b14d20>,19,27,[ 5 10],20,184,211,164,182
1,<environment.Job instance at 0x7f0b17b14370>,21,28,[ 1 12],22,211,239,189,210
1,<environment.Job instance at 0x7f0b17b14b90>,13,19,[11  2],14,211,230,197,210
1,<environment.Job instance at 0x7f0b17b148c0>,22,15,[13  1],23,230,245,207,216
1,<environment.Job instance at 0x7f0ad3ea65f0>,25,12,[ 4 13],26,245,257,219,228
1,<environment.Job instance at 0x7f0ad3e830a0>,26,24,[5 3],27,257,281,230,252
1,<environment.Job instance at 0x7f0b17b14e60>,20,12,[8 2],21,256,268,235,256
1,<environment.Job instance at 0x7f0ad4378410>,27,19,[5 7],28,268,287,240,258
1,<environment.Job instance at 0x7f0b17b14f00>,1,24,[ 4 10],2,2,26,0,2
1,<environment.Job instance at 0x7f0b1a3b6d70>,2,24,[ 2 14],3,26,50,23,21
1,<environment.Job instance at 0x7f0ad3f9c960>,7,21,[1 9],8,50,71,42,42
1,<environment.Job instance at 0x7f0ad3f9caf0>,8,23,[13  5],9,50,73,41,44
1,<environment.Job instance at 0x7f0ad3f9cd70>,9,19,[ 3 13],10,73,92,63,63
1,<environment.Job instance at 0x7f0ad3f9c820>,10,21,[5 4],11,92,113,81,84
1,<environment.Job instance at 0x7f0b1a215cd0>,12,20,[4 5],13,92,112,79,85
1,<environment.Job instance at 0x7f0b1a215870>,13,23,[6 5],14,92,115,78,86
1,<environment.Job instance at 0x7f0b1a215050>,14,17,[ 2 13],15,115,132,100,103
1,<environment.Job instance at 0x7f0b1a215f00>,15,20,[ 1 11],16,132,152,116,123
1,<environment.Job instance at 0x7f0b1a215eb0>,16,27,[4 6],17,152,179,135,150
1,<environment.Job instance at 0x7f0b1a215460>,17,26,[8 5],18,152,178,134,150
1,<environment.Job instance at 0x7f0b1a215e10>,18,12,[ 3 14],19,179,191,160,162
1,<environment.Job instance at 0x7f0ad3f9c910>,4,15,[ 5 12],5,191,206,186,186
1,<environment.Job instance at 0x7f0b17b144b0>,3,16,[12  2],4,206,222,202,197
1,<environment.Job instance at 0x7f0b1a2159b0>,22,26,[12  3],23,222,248,199,219
1,<environment.Job instance at 0x7f0ad3f0e230>,21,24,[14  4],22,248,272,226,243
1,<environment.Job instance at 0x7f0ad3f0ef50>,25,12,[ 4 13],26,272,284,246,255
1,<environment.Job instance at 0x7f0ad446cd70>,4,26,[1 6],5,5,31,0,5
1,<environment.Job instance at 0x7f0b1a68b690>,2,15,[6 2],3,6,21,3,6
1,<environment.Job instance at 0x7f0ad4496be0>,5,23,[5 5],6,6,29,0,6
1,<environment.Job instance at 0x7f0ad4496320>,7,15,[14  2],8,29,44,21,28
1,<environment.Job instance at 0x7f0b1a68b780>,1,18,[5 7],2,44,62,42,44
1,<environment.Job instance at 0x7f0b1a68b2d0>,3,20,[12  4],4,62,82,58,53
1,<environment.Job instance at 0x7f0ad4496730>,8,15,[13  3],9,82,97,73,82
1,<environment.Job instance at 0x7f0ad453a910>,11,14,[ 2 11],12,84,98,72,84
1,<environment.Job instance at 0x7f0b1a68bc30>,6,27,[12  2],7,99,126,92,99
1,<environment.Job instance at 0x7f0b179fbaa0>,15,22,[11  3],16,147,169,131,147
1,<environment.Job instance at 0x7f0b179fbcd0>,12,25,[14  3],13,176,201,163,176
1,<environment.Job instance at 0x7f0ad420b410>,16,28,[ 1 13],17,201,229,184,200
1,<environment.Job instance at 0x7f0ad420b4b0>,18,17,[ 2 13],19,229,246,210,218
1,<environment.Job instance at 0x7f0ad420b690>,19,15,[ 2 14],20,246,261,226,232
1,<environment.Job instance at 0x7f0ad420b5f0>,21,16,[ 2 13],22,261,277,239,248
1,<environment.Job instance at 0x7f0ad420b190>,22,14,[6 2],23,261,275,238,249
1,<environment.Job instance at 0x7f0ad420ba00>,23,15,[12  3],24,277,292,253,263
1,<environment.Job instance at 0x7f0b1a68b640>,1,26,[10  4],2,4,30,2,4
1,<environment.Job instance at 0x7f0b1efb7230>,4,12,[ 3 11],5,7,19,2,7
1,<environment.Job instance at 0x7f0b17cdfd20>,6,16,[9 4],7,30,46,23,19
1,<environment.Job instance at 0x7f0b17cdf280>,2,23,[5 5],3,19,42,16,19
1,<environment.Job instance at 0x7f0b17cdf5a0>,0,17,[14  2],1,46,63,45,34
1,<environment.Job instance at 0x7f0b17f80730>,13,17,[ 3 13],14,63,80,49,51
1,<environment.Job instance at 0x7f0b1a3679b0>,15,28,[ 3 10],16,80,108,64,79
1,<environment.Job instance at 0x7f0b1a7a2820>,18,19,[4 5],19,80,99,61,79
1,<environment.Job instance at 0x7f0b1a2926e0>,19,20,[12  4],20,99,119,79,90
1,<environment.Job instance at 0x7f0b1a292cd0>,20,28,[8 2],21,119,147,98,118
1,<environment.Job instance at 0x7f0ad438f820>,7,19,[ 5 13],8,119,138,111,118
1,<environment.Job instance at 0x7f0ad3cae5f0>,22,16,[ 2 13],23,138,154,115,135
1,<environment.Job instance at 0x7f0b1a7a2af0>,21,16,[12  4],22,154,170,132,146
1,<environment.Job instance at 0x7f0b18065780>,25,24,[9 3],26,170,194,144,165
1,<environment.Job instance at 0x7f0ad449f410>,27,23,[5 4],28,170,193,142,165
1,<environment.Job instance at 0x7f0b1a5cc1e0>,28,23,[11  4],29,194,217,165,188
1,<environment.Job instance at 0x7f0b17e340a0>,9,25,[3 9],10,193,218,183,192
1,<environment.Job instance at 0x7f0ad418b910>,29,21,[8 2],30,217,238,187,209
1,<environment.Job instance at 0x7f0b17e60c30>,24,13,[5 5],25,218,231,193,216
1,<environment.Job instance at 0x7f0ad418be10>,30,21,[ 5 13],31,231,252,200,223
1,<environment.Job instance at 0x7f0ad418b140>,31,22,[11  1],32,252,274,220,245
1,<environment.Job instance at 0x7f0ad40c7730>,34,20,[5 9],35,274,294,239,265
1,<environment.Job instance at 0x7f0b1a11d2d0>,0,23,[ 3 11],1,1,24,0,1
1,<environment.Job instance at 0x7f0b1a11d5f0>,1,20,[7 4],2,2,22,0,2
1,<environment.Job instance at 0x7f0b17acb8c0>,2,22,[ 2 10],3,24,46,21,17
1,<environment.Job instance at 0x7f0ad4113d20>,7,17,[5 7],8,46,63,38,35
1,<environment.Job instance at 0x7f0b1a877190>,13,18,[14  3],14,63,81,49,54
1,<environment.Job instance at 0x7f0b1a7a2a00>,4,25,[2 7],5,81,106,76,77
1,<environment.Job instance at 0x7f0ad4398b90>,16,13,[9 2],17,81,94,64,78
1,<environment.Job instance at 0x7f0ad4398eb0>,17,18,[ 1 12],18,106,124,88,95
1,<environment.Job instance at 0x7f0ad4398b40>,18,16,[14  2],19,106,122,87,102
1,<environment.Job instance at 0x7f0ad439f820>,20,25,[ 4 14],21,136,161,115,136
1,<environment.Job instance at 0x7f0b17cdf140>,11,16,[14  4],12,161,177,149,148
1,<environment.Job instance at 0x7f0b1a46e410>,21,16,[6 3],22,177,193,155,165
1,<environment.Job instance at 0x7f0b17e33820>,24,26,[10  2],25,193,219,168,190
1,<environment.Job instance at 0x7f0b17e33a00>,25,14,[14  1],26,219,233,193,204
1,<environment.Job instance at 0x7f0b17e33960>,26,21,[8 1],27,233,254,206,226
1,<environment.Job instance at 0x7f0b17e33aa0>,27,26,[12  5],28,254,280,226,251
1,<environment.Job instance at 0x7f0ad4395550>,0,24,[5 7],1,1,25,0,1
1,<environment.Job instance at 0x7f0ad43950f0>,3,27,[ 2 10],4,25,52,21,23
1,<environment.Job instance at 0x7f0ad4395f00>,8,28,[ 2 14],9,52,80,43,51
1,<environment.Job instance at 0x7f0ad4395be0>,9,28,[11  1],10,51,79,41,51
1,<environment.Job instance at 0x7f0ad43951e0>,10,22,[8 3],11,80,102,69,73
1,<environment.Job instance at 0x7f0ad4395780>,11,28,[8 2],12,102,130,90,101
1,<environment.Job instance at 0x7f0ad4395e10>,12,21,[ 1 11],13,101,122,88,101
1,<environment.Job instance at 0x7f0ad4395910>,13,21,[9 1],14,130,151,116,122
1,<environment.Job instance at 0x7f0ad4395fa0>,14,21,[14  2],15,151,172,136,143
1,<environment.Job instance at 0x7f0ad4395c80>,6,20,[ 1 13],7,144,164,137,144
1,<environment.Job instance at 0x7f0ad4395c30>,16,21,[14  4],17,172,193,155,164
1,<environment.Job instance at 0x7f0ad4395730>,4,16,[ 1 12],5,193,209,188,182
1,<environment.Job instance at 0x7f0ad43957d0>,17,20,[11  1],18,193,213,175,190
1,<environment.Job instance at 0x7f0ad4395870>,5,15,[13  4],6,213,228,207,201
1,<environment.Job instance at 0x7f0ad4395820>,18,22,[ 5 12],19,228,250,209,222
1,<environment.Job instance at 0x7f0b1a2b2550>,23,15,[14  1],24,250,265,226,238
1,<environment.Job instance at 0x7f0b1a2b2aa0>,20,27,[ 2 13],21,265,292,244,263
1,<environment.Job instance at 0x7f0b17e38eb0>,2,20,[ 4 14],3,3,23,0,3
1,<environment.Job instance at 0x7f0ad3fc4640>,3,18,[14  4],4,23,41,19,12
1,<environment.Job instance at 0x7f0b1a6b6910>,10,13,[12  4],11,41,54,30,25
1,<environment.Job instance at 0x7f0b1a6b6be0>,5,12,[ 1 10],6,27,39,21,27
1,<environment.Job instance at 0x7f0b1a6b6550>,11,17,[ 5 13],12,54,71,42,42
1,<environment.Job instance at 0x7f0b1796c280>,13,25,[5 8],14,71,96,57,67
1,<environment.Job instance at 0x7f0b18016c30>,15,17,[ 2 14],16,96,113,80,84
1,<environment.Job instance at 0x7f0b18016780>,16,18,[11  3],17,113,131,96,102
1,<environment.Job instance at 0x7f0b180168c0>,20,15,[14  4],21,131,146,110,117
1,<environment.Job instance at 0x7f0b17c81410>,21,24,[11  3],22,146,170,124,141
1,<environment.Job instance at 0x7f0ad40deeb0>,22,15,[ 5 12],23,170,185,147,156
1,<environment.Job instance at 0x7f0ad40de690>,23,26,[ 1 12],24,185,211,161,182
1,<environment.Job instance at 0x7f0ad3fcae10>,24,23,[ 4 10],25,211,234,186,205
1,<environment.Job instance at 0x7f0ad40de190>,25,25,[1 8],26,234,259,208,230
1,<environment.Job instance at 0x7f0b1a3ad410>,26,27,[ 3 12],27,259,286,232,257
1,<environment.Job instance at 0x7f0ad443dd70>,1,22,[ 4 12],2,3,25,1,3
1,<environment.Job instance at 0x7f0ad4393af0>,0,14,[14  4],1,25,39,24,10
1,<environment.Job instance at 0x7f0b1a2b1140>,7,23,[2 6],8,39,62,31,33
1,<environment.Job instance at 0x7f0b1a2f4d20>,8,15,[ 3 13],9,62,77,53,48
1,<environment.Job instance at 0x7f0b17a810a0>,9,15,[ 5 11],10,77,92,67,63
1,<environment.Job instance at 0x7f0b17a81aa0>,10,22,[6 5],11,92,114,81,85
1,<environment.Job instance at 0x7f0b17a9dc80>,11,24,[9 2],12,85,109,73,85
1,<environment.Job instance at 0x7f0b17a9d640>,12,13,[11  4],13,114,127,101,100
1,<environment.Job instance at 0x7f0b17a9dd70>,13,17,[ 3 12],14,127,144,113,115
1,<environment.Job instance at 0x7f0b17a9d460>,14,20,[13  4],15,144,164,129,135
1,<environment.Job instance at 0x7f0b17a9db90>,15,22,[5 6],16,164,186,148,157
1,<environment.Job instance at 0x7f0b17a9d320>,16,20,[12  5],17,186,206,169,177
1,<environment.Job instance at 0x7f0b17d0b410>,19,22,[ 3 11],20,206,228,186,199
1,<environment.Job instance at 0x7f0b17d0b960>,20,24,[ 1 12],21,228,252,207,223
1,<environment.Job instance at 0x7f0b17d0b050>,21,28,[3 6],22,252,280,230,251
1,<environment.Job instance at 0x7f0ad4508550>,22,14,[ 4 12],23,280,294,257,265
1,<environment.Job instance at 0x7f0ad4506cd0>,3,24,[12  2],4,6,30,2,6
1,<environment.Job instance at 0x7f0ad4506c30>,1,24,[14  3],2,30,54,28,25
1,<environment.Job instance at 0x7f0ad45245a0>,9,25,[ 3 10],10,54,79,44,50
1,<environment.Job instance at 0x7f0ad45242d0>,10,12,[ 1 12],11,79,91,68,62
1,<environment.Job instance at 0x7f0b1a277b40>,11,21,[ 2 12],12,91,112,79,83
1,<environment.Job instance at 0x7f0b1a277640>,12,15,[13  4],13,112,127,99,98
1,<environment.Job instance at 0x7f0b1a2778c0>,13,28,[3 8],14,127,155,113,126
1,<environment.Job instance at 0x7f0b1a277370>,14,24,[9 3],15,127,151,112,127
1,<environment.Job instance at 0x7f0b1a277870>,15,28,[9 3],16,151,179,135,150
1,<environment.Job instance at 0x7f0b1a277eb0>,16,14,[11  3],17,179,193,162,165
1,<environment.Job instance at 0x7f0b1a2770a0>,17,22,[5 7],18,193,215,175,186
1,<environment.Job instance at 0x7f0b17e3a500>,19,26,[3 8],20,190,216,170,190
1,<environment.Job instance at 0x7f0b17e3a280>,20,16,[ 5 12],21,216,232,195,203
1,<environment.Job instance at 0x7f0b17e3af50>,21,24,[13  4],22,232,256,210,227
1,<environment.Job instance at 0x7f0b17e3a2d0>,22,27,[8 2],23,256,283,233,254
1,<environment.Job instance at 0x7f0b17e3ab90>,23,25,[14  2],24,283,308,259,279
1,<environment.Job instance at 0x7f0b17a9de10>,0,12,[ 3 14],1,1,13,0,1
1,<environment.Job instance at 0x7f0ad4506d70>,1,15,[ 4 13],2,13,28,11,2
1,<environment.Job instance at 0x7f0b17a9dc30>,3,13,[11  4],4,28,41,24,12
1,<environment.Job instance at 0x7f0ad3f61780>,9,19,[ 4 11],10,28,47,18,18
1,<environment.Job instance at 0x7f0ad440b0f0>,10,28,[ 3 11],11,47,75,36,46
1,<environment.Job instance at 0x7f0ad3f6a3c0>,11,26,[4 8],12,75,101,63,72
1,<environment.Job instance at 0x7f0b1f01ebe0>,5,16,[1 6],6,78,94,72,78
1,<environment.Job instance at 0x7f0b17c28280>,4,19,[6 4],5,94,113,89,86
1,<environment.Job instance at 0x7f0ad430a8c0>,15,20,[12  5],16,113,133,97,104
1,<environment.Job instance at 0x7f0ad430a410>,18,14,[1 7],19,104,118,85,104
1,<environment.Job instance at 0x7f0ad430a870>,16,14,[11  3],17,133,147,116,127
1,<environment.Job instance at 0x7f0ad430a320>,14,21,[14  4],15,147,168,132,139
1,<environment.Job instance at 0x7f0ad43da820>,20,13,[5 5],21,168,181,147,157
1,<environment.Job instance at 0x7f0ad430a4b0>,19,23,[5 3],20,168,191,148,162
1,<environment.Job instance at 0x7f0ad43daeb0>,23,17,[13  2],24,191,208,167,179
1,<environment.Job instance at 0x7f0ad43daaa0>,22,19,[2 6],23,195,214,172,195
1,<environment.Job instance at 0x7f0ad43da730>,24,27,[3 9],25,208,235,183,206
1,<environment.Job instance at 0x7f0ad43dad20>,26,18,[2 5],27,214,232,187,206
1,<environment.Job instance at 0x7f0ad43dac80>,27,26,[1 9],28,235,261,207,232
1,<environment.Job instance at 0x7f0b17d73b90>,28,25,[5 4],29,232,257,203,232
1,<environment.Job instance at 0x7f0b17d733c0>,29,22,[ 2 10],30,261,283,231,254
1,<environment.Job instance at 0x7f0ad44acdc0>,30,21,[13  4],31,257,278,226,254
1,<environment.Job instance at 0x7f0ad4506c80>,0,24,[ 5 13],1,1,25,0,1
1,<environment.Job instance at 0x7f0ad44aceb0>,1,23,[ 5 12],2,25,48,23,19
1,<environment.Job instance at 0x7f0b17c043c0>,4,22,[1 8],5,48,70,43,41
1,<environment.Job instance at 0x7f0ad44acdc0>,2,15,[14  2],3,48,63,45,47
1,<environment.Job instance at 0x7f0b1a4de050>,8,27,[2 9],9,70,97,61,70
1,<environment.Job instance at 0x7f0b1a2dea00>,6,15,[ 5 12],7,97,112,90,83
1,<environment.Job instance at 0x7f0b17a9dfa0>,10,21,[ 5 13],11,112,133,101,104
1,<environment.Job instance at 0x7f0b17928820>,12,24,[7 1],13,109,133,96,109
1,<environment.Job instance at 0x7f0b18070f00>,13,23,[6 3],14,133,156,119,127
1,<environment.Job instance at 0x7f0b1a6805f0>,15,20,[5 1],16,133,153,117,127
1,<environment.Job instance at 0x7f0b1a680d20>,17,18,[ 4 11],18,139,157,121,139
1,<environment.Job instance at 0x7f0b1a680e60>,16,16,[14  5],17,157,173,140,145
1,<environment.Job instance at 0x7f0b1a680690>,19,13,[12  3],20,173,186,153,164
1,<environment.Job instance at 0x7f0b1a2dee10>,9,19,[ 4 13],10,186,205,176,176
1,<environment.Job instance at 0x7f0ad4506b40>,3,25,[ 2 12],4,205,230,201,202
1,<environment.Job instance at 0x7f0b1a6808c0>,20,25,[10  2],21,210,235,189,210
1,<environment.Job instance at 0x7f0b1a680b90>,22,18,[3 5],23,230,248,207,219
1,<environment.Job instance at 0x7f0b18018a50>,27,12,[ 1 10],28,255,267,227,255
1,<environment.Job instance at 0x7f0b1a255550>,25,27,[13  3],26,255,282,229,255
1,<environment.Job instance at 0x7f0ad3fb5730>,0,14,[14  5],1,2,16,1,2
1,<environment.Job instance at 0x7f0ad3fb5a00>,3,19,[ 4 11],4,16,35,12,6
1,<environment.Job instance at 0x7f0ad3fb5140>,6,17,[13  5],7,35,52,28,23
1,<environment.Job instance at 0x7f0ad3fcaa50>,9,13,[14  4],10,52,65,42,36
1,<environment.Job instance at 0x7f0ad3fca910>,10,15,[13  5],11,65,80,54,51
1,<environment.Job instance at 0x7f0ad3fcaa00>,11,19,[2 5],12,65,84,53,55
1,<environment.Job instance at 0x7f0ad3fca870>,12,28,[13  3],13,80,108,67,79
1,<environment.Job instance at 0x7f0ad3fca410>,13,25,[ 1 14],14,108,133,94,104
1,<environment.Job instance at 0x7f0ad3fcabe0>,14,19,[13  4],15,133,152,118,123
1,<environment.Job instance at 0x7f0ad3fca190>,16,16,[ 5 13],17,152,168,135,139
1,<environment.Job instance at 0x7f0ad3fca140>,17,25,[ 4 11],18,168,193,150,164
1,<environment.Job instance at 0x7f0ad3fca050>,18,21,[1 6],19,193,214,174,185
1,<environment.Job instance at 0x7f0ad3fca1e0>,20,26,[ 1 11],21,214,240,193,211
1,<environment.Job instance at 0x7f0ad3fca280>,21,23,[ 3 13],22,240,263,218,234
1,<environment.Job instance at 0x7f0ad3fca960>,22,26,[4 9],23,263,289,240,260
1,<environment.Job instance at 0x7f0ad4384230>,23,20,[11  5],24,263,283,239,260
1,<environment.Job instance at 0x7f0ad4384c80>,25,18,[12  1],26,289,307,263,278
1,<environment.Job instance at 0x7f0b1a3c3320>,1,23,[ 1 13],2,2,25,0,2
1,<environment.Job instance at 0x7f0b1a3c30f0>,2,28,[8 4],3,25,53,22,24
1,<environment.Job instance at 0x7f0b1a3c3050>,7,20,[6 5],8,30,50,22,30
1,<environment.Job instance at 0x7f0b1a1a3690>,11,24,[1 6],12,33,57,21,33
1,<environment.Job instance at 0x7f0b1a1a36e0>,12,16,[ 3 11],13,57,73,44,44
1,<environment.Job instance at 0x7f0b1a1a31e0>,14,23,[14  4],15,73,96,58,67
1,<environment.Job instance at 0x7f0ad3f6ac30>,16,26,[ 1 10],17,75,101,58,75
1,<environment.Job instance at 0x7f0b179d0370>,4,14,[ 2 14],5,101,115,96,89
1,<environment.Job instance at 0x7f0b1a3c3b40>,5,15,[11  1],6,100,115,94,100
1,<environment.Job instance at 0x7f0ad3f6af50>,20,18,[ 2 10],21,115,133,94,108
1,<environment.Job instance at 0x7f0ad3f6acd0>,21,18,[13  2],22,115,133,93,113
1,<environment.Job instance at 0x7f0ad3d96370>,23,25,[2 8],24,133,158,109,131
1,<environment.Job instance at 0x7f0b17d76230>,25,15,[3 9],26,158,173,132,154
1,<environment.Job instance at 0x7f0b17a09190>,26,27,[13  4],27,173,200,146,173
1,<environment.Job instance at 0x7f0b17fbe780>,22,24,[14  4],23,200,224,177,197
1,<environment.Job instance at 0x7f0b1a32c3c0>,28,25,[ 1 12],29,224,249,195,220
1,<environment.Job instance at 0x7f0ad44b11e0>,31,20,[14  5],32,249,269,217,240
1,<environment.Job instance at 0x7f0b1a23bf00>,32,25,[ 3 12],33,269,294,236,266
1,<environment.Job instance at 0x7fee093d3230>,0,24,[2 8],1,1,25,0,1
1,<environment.Job instance at 0x7fee093d30f0>,2,26,[10  1],3,3,29,0,3
1,<environment.Job instance at 0x7fee01fc32d0>,3,15,[13  4],4,29,44,25,15
1,<environment.Job instance at 0x7fee01fc36e0>,10,14,[ 1 14],11,44,58,33,29
1,<environment.Job instance at 0x7fee01fc38c0>,12,22,[4 6],13,58,80,45,51
1,<environment.Job instance at 0x7fee01fc3960>,13,27,[3 8],14,58,85,44,56
1,<environment.Job instance at 0x7fee01fc3a00>,14,14,[14  3],15,85,99,70,70
1,<environment.Job instance at 0x7fee01fc3c80>,15,24,[ 2 13],16,99,123,83,94
1,<environment.Job instance at 0x7fee01fc3cd0>,16,19,[ 3 12],17,123,142,106,113
1,<environment.Job instance at 0x7fee01fc3d70>,17,18,[ 5 13],18,142,160,124,131
1,<environment.Job instance at 0x7fee01fc3eb0>,19,21,[14  4],20,160,181,140,152
1,<environment.Job instance at 0x7fee01fc3f00>,21,22,[14  2],22,181,203,159,174
1,<environment.Job instance at 0x7fee01fc3c30>,22,25,[ 4 12],23,203,228,180,199
1,<environment.Job instance at 0x7fee01fc5230>,24,20,[ 3 12],25,228,248,203,219
1,<environment.Job instance at 0x7fee01fc52d0>,25,16,[11  3],26,231,247,205,231
1,<environment.Job instance at 0x7fee01fc5410>,27,25,[14  4],28,248,273,220,244
1,<environment.Job instance at 0x7fee01fc54b0>,28,20,[5 8],29,273,293,244,264
1,<environment.Job instance at 0x7fee01fc5640>,29,24,[5 1],30,273,297,243,268
1,<environment.Job instance at 0x7fee01fcfa50>,0,22,[5 5],1,1,23,0,1
1,<environment.Job instance at 0x7fee01fc50f0>,1,14,[12  2],2,23,37,21,8
1,<environment.Job instance at 0x7fee0953a690>,6,12,[ 4 14],7,37,49,30,25
1,<environment.Job instance at 0x7fee095432d0>,7,27,[5 8],8,49,76,41,47
1,<environment.Job instance at 0x7fee0953ae60>,3,25,[7 2],4,49,74,45,47
1,<environment.Job instance at 0x7fee09543500>,8,20,[10  4],9,74,94,65,65
1,<environment.Job instance at 0x7fee095431e0>,10,22,[ 2 14],11,94,116,83,87
1,<environment.Job instance at 0x7fee0953a9b0>,4,16,[ 5 14],5,116,132,111,107
1,<environment.Job instance at 0x7fee09543dc0>,9,14,[6 1],10,110,124,100,110
1,<environment.Job instance at 0x7fee09543370>,13,22,[ 4 11],14,132,154,118,128
1,<environment.Job instance at 0x7fee09543820>,15,19,[11  4],16,132,151,116,128
1,<environment.Job instance at 0x7fee09543b90>,11,18,[13  3],12,154,172,142,143
1,<environment.Job instance at 0x7fee01fc5730>,2,25,[ 2 14],3,172,197,169,170
1,<environment.Job instance at 0x7fee09549690>,19,22,[ 1 14],20,197,219,177,192
1,<environment.Job instance at 0x7fee09549640>,18,17,[11  4],19,219,236,200,207
1,<environment.Job instance at 0x7fee09539fa0>,22,20,[ 5 13],23,236,256,213,227
1,<environment.Job instance at 0x7fee09539f50>,23,21,[ 1 13],24,256,277,232,248
1,<environment.Job instance at 0x7fee09541d70>,24,20,[5 7],25,277,297,252,268
1,<environment.Job instance at 0x7fee09539c30>,21,25,[7 4],22,277,302,255,273
1,<environment.Job instance at 0x7fedbe2c7870>,0,27,[13  4],1,1,28,0,1
1,<environment.Job instance at 0x7fedbe2c7f50>,3,23,[ 2 14],4,28,51,24,22
1,<environment.Job instance at 0x7fedbe2c7f00>,8,28,[ 4 13],9,51,79,42,50
1,<environment.Job instance at 0x7fedbe2c7730>,9,26,[3 6],10,79,105,69,76
1,<environment.Job instance at 0x7fedbe2c7190>,10,12,[11  1],11,76,88,65,76
1,<environment.Job instance at 0x7fedbe2c7320>,11,12,[ 5 11],12,105,117,93,88
1,<environment.Job instance at 0x7fedbe2c72d0>,13,24,[ 1 10],14,117,141,103,112
1,<environment.Job instance at 0x7fedbe2c71e0>,14,24,[ 1 11],15,141,165,126,136
1,<environment.Job instance at 0x7fedbe2c7280>,15,25,[8 2],16,136,161,120,136
1,<environment.Job instance at 0x7fee09539c30>,4,12,[ 2 11],5,165,177,160,156
1,<environment.Job instance at 0x7fedbe2bf2d0>,17,25,[5 4],18,161,186,143,161
1,<environment.Job instance at 0x7fedbe2c7230>,16,14,[14  4],17,186,200,169,171
1,<environment.Job instance at 0x7fedbe2bf3c0>,20,23,[5 8],21,200,223,179,194
1,<environment.Job instance at 0x7fedbe2bf5a0>,21,21,[ 4 11],22,223,244,201,215
1,<environment.Job instance at 0x7fedbe2bfd70>,22,20,[ 3 12],23,244,264,221,235
1,<environment.Job instance at 0x7fedbe2bfcd0>,23,23,[10  3],24,235,258,211,235
1,<environment.Job instance at 0x7fedbe2bfc80>,24,28,[3 8],25,264,292,239,263
1,<environment.Job instance at 0x7fedbe2bfa00>,25,24,[12  1],26,263,287,237,263
1,<environment.Job instance at 0x7fedbe2bf640>,26,14,[11  2],27,287,301,260,272
1,<environment.Job instance at 0x7fedbe373d70>,0,27,[13  4],1,1,28,0,1
1,<environment.Job instance at 0x7fedbe3a3cd0>,7,20,[3 7],8,28,48,20,19
1,<environment.Job instance at 0x7fedbe357eb0>,8,27,[ 3 13],9,48,75,39,46
1,<environment.Job instance at 0x7fedbe373550>,3,21,[5 1],4,46,67,42,46
1,<environment.Job instance at 0x7fedbe35f3c0>,9,20,[14  3],10,75,95,65,66
1,<environment.Job instance at 0x7fedbe3a2b90>,12,13,[14  5],13,95,108,82,87
1,<environment.Job instance at 0x7fedbe3a2910>,13,28,[5 7],14,108,136,94,107
1,<environment.Job instance at 0x7fedbe3a2870>,14,28,[10  1],15,109,137,94,109
1,<environment.Job instance at 0x7fedbe3a2aa0>,11,12,[ 2 14],12,136,148,124,129
1,<environment.Job instance at 0x7fedbe3a29b0>,10,22,[12  1],11,141,163,130,141
1,<environment.Job instance at 0x7fedbe3736e0>,4,23,[8 5],5,163,186,158,159
1,<environment.Job instance at 0x7fedbe3a2e10>,17,24,[ 4 11],18,186,210,168,181
1,<environment.Job instance at 0x7fedbe2225f0>,23,24,[2 7],24,210,234,186,210
1,<environment.Job instance at 0x7fedbe222a50>,24,25,[11  5],25,214,239,189,214
1,<environment.Job instance at 0x7fedbe222e10>,26,18,[7 1],27,239,257,212,228
1,<environment.Job instance at 0x7fedbe3a25f0>,20,26,[5 5],21,239,265,218,238
1,<environment.Job instance at 0x7fedbe3f7190>,29,15,[ 1 13],30,265,280,235,254
1,<environment.Job instance at 0x7fedbe2223c0>,28,18,[12  1],29,265,283,236,259
1,<environment.Job instance at 0x7fedbe3f7140>,31,15,[4 8],32,283,298,251,270
1,<environment.Job instance at 0x7fedbe3f7820>,1,27,[12  2],2,2,29,0,2
1,<environment.Job instance at 0x7fedbe35faa0>,2,26,[13  4],3,29,55,26,26
1,<environment.Job instance at 0x7fedbe3a3370>,9,20,[11  1],10,55,75,45,46
1,<environment.Job instance at 0x7fedbe2c7eb0>,10,12,[ 1 14],11,55,67,44,46
1,<environment.Job instance at 0x7fedbe8f5b90>,13,24,[6 1],14,75,99,61,70
1,<environment.Job instance at 0x7fee0954d8c0>,15,21,[12  1],16,99,120,83,91
1,<environment.Job instance at 0x7fee0954d2d0>,16,16,[ 4 11],17,120,136,103,119
1,<environment.Job instance at 0x7fee0954d0f0>,17,26,[7 4],18,120,146,102,119
1,<environment.Job instance at 0x7fee0954d870>,19,27,[11  5],20,146,173,126,144
1,<environment.Job instance at 0x7fee0954d460>,23,21,[8 2],24,173,194,149,165
1,<environment.Job instance at 0x7fedbe8f50f0>,11,18,[ 5 12],12,173,191,161,165
1,<environment.Job instance at 0x7fee0954d960>,24,21,[14  5],25,194,215,169,186
1,<environment.Job instance at 0x7fee0954dd70>,26,27,[3 8],27,215,242,188,213
1,<environment.Job instance at 0x7fedbe6b95a0>,27,20,[ 3 13],28,242,262,214,233
1,<environment.Job instance at 0x7fedbe6b9aa0>,28,15,[ 2 12],29,262,277,233,248
1,<environment.Job instance at 0x7fedbe6b9d70>,29,24,[ 3 14],30,277,301,247,272
1,<environment.Job instance at 0x7fedbe1cc4b0>,0,12,[ 2 12],1,1,13,0,1
1,<environment.Job instance at 0x7fedbe1ccc80>,2,27,[ 2 11],3,13,40,10,11
1,<environment.Job instance at 0x7fedbe1ccdc0>,7,28,[13  5],8,40,68,32,39
1,<environment.Job instance at 0x7fedbe1ccb90>,8,26,[8 3],9,68,94,59,65
1,<environment.Job instance at 0x7fedbe6d87d0>,11,14,[ 3 11],12,68,82,56,65
1,<environment.Job instance at 0x7fedbe6d8eb0>,12,27,[ 3 14],13,94,121,81,92
1,<environment.Job instance at 0x7fedbe65d640>,15,14,[3 6],16,121,135,105,106
1,<environment.Job instance at 0x7fedbe65db90>,16,25,[ 1 13],17,135,160,118,133
1,<environment.Job instance at 0x7fedbe65daf0>,18,13,[1 9],19,160,173,141,144
1,<environment.Job instance at 0x7fedbe65d5a0>,20,21,[13  1],21,145,166,124,145
1,<environment.Job instance at 0x7fedbe65d690>,21,18,[ 2 12],22,173,191,151,169
1,<environment.Job instance at 0x7fedbe65d7d0>,17,26,[10  3],18,172,198,154,172
1,<environment.Job instance at 0x7fedbe65d9b0>,22,14,[ 2 11],23,191,205,168,176
1,<environment.Job instance at 0x7fedbe65d0a0>,25,21,[5 4],26,198,219,172,191
1,<environment.Job instance at 0x7fedbe65daa0>,14,27,[ 5 11],15,207,234,192,207
1,<environment.Job instance at 0x7fee093f70f0>,26,14,[ 3 12],27,234,248,207,222
1,<environment.Job instance at 0x7fee093f7320>,28,16,[13  5],29,248,264,219,235
1,<environment.Job instance at 0x7fee093f7aa0>,30,14,[8 1],31,267,281,236,267
1,<environment.Job instance at 0x7fee0210f320>,0,15,[ 5 14],1,1,16,0,1
1,<environment.Job instance at 0x7fee01e4b690>,1,22,[4 9],2,16,38,14,9
1,<environment.Job instance at 0x7fedbe71e7d0>,5,15,[7 2],6,16,31,10,9
1,<environment.Job instance at 0x7fedbe71e1e0>,6,12,[13  4],7,38,50,31,21
1,<environment.Job instance at 0x7fedbe471780>,10,28,[9 5],11,50,78,39,49
1,<environment.Job instance at 0x7fee0228af00>,11,12,[ 5 12],12,78,90,66,61
1,<environment.Job instance at 0x7fee02455dc0>,13,27,[ 5 13],14,90,117,76,88
1,<environment.Job instance at 0x7fee04c9de60>,14,28,[ 4 14],15,117,145,102,116
1,<environment.Job instance at 0x7fee04c9dbe0>,16,13,[12  1],17,145,158,128,129
1,<environment.Job instance at 0x7fedbe425410>,18,24,[3 9],19,145,169,126,140
1,<environment.Job instance at 0x7fedbe425f00>,20,20,[6 5],21,158,178,137,150
1,<environment.Job instance at 0x7fedbe47be60>,21,14,[ 4 13],22,178,192,156,163
1,<environment.Job instance at 0x7fedbe425910>,22,12,[14  3],23,192,204,169,175
1,<environment.Job instance at 0x7fedbe47be10>,23,18,[ 5 11],24,204,222,180,193
1,<environment.Job instance at 0x7fee01d71d70>,24,21,[ 1 12],25,222,243,197,214
1,<environment.Job instance at 0x7fedbe70c5a0>,25,25,[4 9],26,243,268,217,239
1,<environment.Job instance at 0x7fedbe70c370>,26,18,[ 1 12],27,268,286,241,257
1,<environment.Job instance at 0x7fedbe879fa0>,30,21,[5 1],31,259,280,228,259
1,<environment.Job instance at 0x7fee02455c30>,0,28,[3 6],1,1,29,0,1
1,<environment.Job instance at 0x7fee0210faa0>,3,21,[10  4],4,4,25,0,4
1,<environment.Job instance at 0x7fee0210fa00>,4,13,[12  5],5,25,38,20,19
1,<environment.Job instance at 0x7fedbe629dc0>,9,19,[ 4 10],10,38,57,28,28
1,<environment.Job instance at 0x7fedbe8f7370>,11,24,[ 4 10],12,57,81,45,52
1,<environment.Job instance at 0x7fedbe8f7730>,13,16,[12  2],14,81,97,67,68
1,<environment.Job instance at 0x7fee02113190>,15,28,[ 2 11],16,81,109,65,80
1,<environment.Job instance at 0x7fee02113be0>,16,28,[13  3],17,97,125,80,96
1,<environment.Job instance at 0x7fee02113e10>,17,21,[1 9],18,109,130,91,101
1,<environment.Job instance at 0x7fee02113d70>,18,23,[13  5],19,125,148,106,119
1,<environment.Job instance at 0x7fee02113050>,19,19,[ 3 13],20,148,167,128,138
1,<environment.Job instance at 0x7fee021133c0>,20,21,[5 4],21,167,188,146,159
1,<environment.Job instance at 0x7fee02113460>,22,20,[4 5],23,167,187,144,159
1,<environment.Job instance at 0x7fedbe8f8280>,6,15,[6 1],7,159,174,152,159
1,<environment.Job instance at 0x7fee0466a3c0>,23,23,[6 5],24,174,197,150,168
1,<environment.Job instance at 0x7fee0466a0f0>,25,20,[ 1 11],26,197,217,171,188
1,<environment.Job instance at 0x7fee0466a280>,26,27,[4 6],27,217,244,190,215
1,<environment.Job instance at 0x7fedbe1790f0>,27,26,[8 5],28,217,243,189,215
1,<environment.Job instance at 0x7fee020d02d0>,28,12,[ 3 14],29,244,256,215,227
1,<environment.Job instance at 0x7fedbe4c9e10>,31,24,[14  4],32,256,280,224,251
1,<environment.Job instance at 0x7fedbe6292d0>,0,16,[11  4],1,2,18,1,2
1,<environment.Job instance at 0x7fedbe8f76e0>,4,26,[1 6],5,6,32,1,6
1,<environment.Job instance at 0x7fedbe503b90>,7,15,[14  2],8,18,33,10,11
1,<environment.Job instance at 0x7fedbe8f7550>,3,20,[12  4],4,33,53,29,24
1,<environment.Job instance at 0x7fedbe503e60>,8,15,[13  3],9,53,68,44,39
1,<environment.Job instance at 0x7fee024139b0>,11,14,[ 2 11],12,47,61,35,47
1,<environment.Job instance at 0x7fedbe269730>,14,27,[12  3],15,68,95,53,66
1,<environment.Job instance at 0x7fee02413460>,12,25,[14  3],13,95,120,82,91
1,<environment.Job instance at 0x7fedbe269a50>,16,28,[ 1 13],17,120,148,103,120
1,<environment.Job instance at 0x7fedbe503550>,6,27,[12  2],7,123,150,116,123
1,<environment.Job instance at 0x7fedbe269c80>,15,22,[11  3],16,150,172,134,143
1,<environment.Job instance at 0x7fedbe269aa0>,18,17,[ 2 13],19,172,189,153,160
1,<environment.Job instance at 0x7fedbe269e60>,19,15,[ 2 14],20,189,204,169,175
1,<environment.Job instance at 0x7fedbe269f00>,21,16,[ 2 13],22,204,220,182,191
1,<environment.Job instance at 0x7fedbe269d70>,20,14,[1 7],21,220,234,199,210
1,<environment.Job instance at 0x7fedbe269af0>,13,23,[14  5],14,220,243,206,216
1,<environment.Job instance at 0x7fedbe309550>,23,15,[12  3],24,243,258,219,231
1,<environment.Job instance at 0x7fedbe309320>,28,12,[ 5 14],29,258,270,229,242
1,<environment.Job instance at 0x7fedbe309e60>,29,13,[14  1],30,270,283,240,254
1,<environment.Job instance at 0x7fee0244e6e0>,7,18,[9 5],8,9,27,1,9
1,<environment.Job instance at 0x7fee0244eaf0>,6,18,[1 5],7,9,27,2,9
1,<environment.Job instance at 0x7fedbe6640a0>,9,20,[12  4],10,27,47,17,20
1,<environment.Job instance at 0x7fee01fa4910>,3,17,[ 3 13],4,47,64,43,35
1,<environment.Job instance at 0x7fedbe7de280>,13,23,[5 8],14,64,87,50,58
1,<environment.Job instance at 0x7fee0450c500>,15,24,[9 3],16,64,88,48,59
1,<environment.Job instance at 0x7fee0450cc80>,17,23,[5 4],18,87,110,69,81
1,<environment.Job instance at 0x7fee0450caf0>,18,23,[11  4],19,110,133,91,104
1,<environment.Job instance at 0x7fee0450ceb0>,19,21,[8 2],20,133,154,113,125
1,<environment.Job instance at 0x7fee01d8ab40>,20,21,[ 5 13],21,133,154,112,125
1,<environment.Job instance at 0x7fee0450c6e0>,21,22,[11  1],22,154,176,132,147
1,<environment.Job instance at 0x7fee01fa4c30>,4,28,[3 9],5,155,183,150,155
1,<environment.Job instance at 0x7fee0450cd20>,22,17,[11  2],23,176,193,153,164
1,<environment.Job instance at 0x7fee04c88870>,25,28,[10  3],26,193,221,167,192
1,<environment.Job instance at 0x7fee01f49aa0>,26,28,[13  4],27,221,249,194,220
1,<environment.Job instance at 0x7fee01eaa460>,28,25,[5 7],29,249,274,220,245
1,<environment.Job instance at 0x7fee04ceb320>,29,23,[13  3],30,274,297,244,268
1,<environment.Job instance at 0x7fedbe629a00>,0,25,[ 4 14],1,1,26,0,1
1,<environment.Job instance at 0x7fedbe629a50>,4,26,[10  2],5,27,53,22,27
1,<environment.Job instance at 0x7fee04a9d1e0>,9,16,[14  1],10,53,69,43,44
1,<environment.Job instance at 0x7fee04b61cd0>,10,18,[10  5],11,69,87,58,58
1,<environment.Job instance at 0x7fee0464ff50>,11,24,[ 3 12],12,87,111,75,84
1,<environment.Job instance at 0x7fedbe615640>,12,23,[4 7],13,111,134,98,105
1,<environment.Job instance at 0x7fedbe686910>,13,19,[ 4 10],14,134,153,120,127
1,<environment.Job instance at 0x7fedbe86f820>,15,26,[12  4],16,153,179,137,150
1,<environment.Job instance at 0x7fee02117280>,17,21,[4 6],18,237,258,219,237
1,<environment.Job instance at 0x7fedbe833140>,18,14,[5 7],19,240,254,221,240
1,<environment.Job instance at 0x7fee04554280>,7,26,[12  5],8,260,286,252,260
1,<environment.Job instance at 0x7fee022a8820>,5,14,[14  1],6,286,300,280,278
1,<environment.Job instance at 0x7fee0455a1e0>,1,25,[5 5],2,2,27,0,2
1,<environment.Job instance at 0x7fee0472d0f0>,2,26,[2 9],3,3,29,0,3
1,<environment.Job instance at 0x7fedbe8a3f00>,3,22,[5 3],4,27,49,23,20
1,<environment.Job instance at 0x7fedbe873a00>,8,22,[ 2 11],9,29,51,20,22
1,<environment.Job instance at 0x7fedbe763460>,9,23,[14  4],10,51,74,41,45
1,<environment.Job instance at 0x7fedbe763050>,10,22,[13  2],11,74,96,63,67
1,<environment.Job instance at 0x7fee0228ba00>,7,18,[ 2 12],8,74,92,66,67
1,<environment.Job instance at 0x7fedbe7630f0>,11,12,[ 1 12],12,92,104,80,79
1,<environment.Job instance at 0x7fedbe763500>,13,26,[5 5],14,104,130,90,101
1,<environment.Job instance at 0x7fedbe0aa410>,5,27,[10  3],6,104,131,98,104
1,<environment.Job instance at 0x7fedbe763dc0>,16,18,[ 5 14],17,131,149,114,124
1,<environment.Job instance at 0x7fedbe763780>,14,16,[11  2],15,149,165,134,136
1,<environment.Job instance at 0x7fedbe77c550>,18,27,[ 2 10],19,149,176,130,147
1,<environment.Job instance at 0x7fedbe77cf00>,19,20,[ 1 11],20,176,196,156,167
1,<environment.Job instance at 0x7fee0495b6e0>,20,27,[11  5],21,196,223,175,194
1,<environment.Job instance at 0x7fedbe77c320>,21,14,[ 5 14],22,223,237,201,208
1,<environment.Job instance at 0x7fee0495b780>,22,15,[4 5],23,208,223,185,208
1,<environment.Job instance at 0x7fee0495b910>,23,25,[9 2],24,237,262,213,233
1,<environment.Job instance at 0x7fee0495ba00>,25,24,[ 5 13],26,237,261,211,233
1,<environment.Job instance at 0x7fee0495baa0>,26,15,[ 5 14],27,262,277,235,248
1,<environment.Job instance at 0x7fee0495bb40>,27,22,[ 4 11],28,277,299,249,270
1,<environment.Job instance at 0x7fee0494ed70>,5,16,[3 9],6,7,23,1,7
1,<environment.Job instance at 0x7fee0494eaa0>,8,15,[12  2],9,17,32,8,17
1,<environment.Job instance at 0x7fee049576e0>,3,13,[1 7],4,28,41,24,28
1,<environment.Job instance at 0x7fee0494e460>,6,16,[13  1],7,32,48,25,29
1,<environment.Job instance at 0x7fee0494e500>,2,18,[14  4],3,48,66,45,44
1,<environment.Job instance at 0x7fedbe9731e0>,14,18,[13  3],15,66,84,51,55
1,<environment.Job instance at 0x7fedbe973870>,15,28,[9 4],16,84,112,68,83
1,<environment.Job instance at 0x7fee0228a550>,0,23,[6 3],1,1,24,0,1
1,<environment.Job instance at 0x7fee01fc0640>,1,16,[ 2 13],2,24,40,22,11
1,<environment.Job instance at 0x7fee0471ed20>,6,24,[3 9],7,40,64,33,35
1,<environment.Job instance at 0x7fee0471e4b0>,7,20,[5 7],8,64,84,56,55
1,<environment.Job instance at 0x7fee0471e910>,3,18,[7 4],4,56,74,52,56
1,<environment.Job instance at 0x7fee01fb1d70>,10,14,[9 1],11,74,88,63,59
1,<environment.Job instance at 0x7fee01fb1af0>,11,12,[10  4],12,88,100,76,71
1,<environment.Job instance at 0x7fee01fb1fa0>,12,22,[ 3 14],13,100,122,87,93
1,<environment.Job instance at 0x7fee01fb1aa0>,13,15,[13  2],14,122,137,108,108
1,<environment.Job instance at 0x7fee01fb1cd0>,14,16,[11  3],15,137,153,122,124
1,<environment.Job instance at 0x7fee01fb1f00>,15,15,[ 1 10],16,124,139,108,124
1,<environment.Job instance at 0x7fedbe4b9a00>,16,17,[5 1],17,153,170,136,141
1,<environment.Job instance at 0x7fedbe4b9780>,17,23,[9 3],18,153,176,135,147
1,<environment.Job instance at 0x7fedbe4b9d70>,18,23,[13  2],19,176,199,157,170
1,<environment.Job instance at 0x7fedbe4b9c80>,19,16,[ 3 14],20,199,215,179,188
1,<environment.Job instance at 0x7fedbe4b99b0>,20,16,[13  5],21,215,231,194,206
1,<environment.Job instance at 0x7fedbe4b92d0>,21,13,[9 2],22,231,244,209,215
1,<environment.Job instance at 0x7fedbe4b9820>,22,12,[4 7],23,231,243,208,215
1,<environment.Job instance at 0x7fedbe4b9d20>,23,17,[11  4],24,244,261,220,232
1,<environment.Job instance at 0x7fedbe4b9f50>,24,28,[13  5],25,261,289,236,260
1,<environment.Job instance at 0x7fedbe1fea50>,0,28,[ 5 11],1,1,29,0,1
1,<environment.Job instance at 0x7fedbe4b9f50>,2,14,[10  1],3,5,19,2,5
1,<environment.Job instance at 0x7fedbe4b9aa0>,1,17,[ 5 12],2,29,46,27,17
1,<environment.Job instance at 0x7fee0494edc0>,6,24,[7 1],7,20,44,13,20
1,<environment.Job instance at 0x7fedbe96daf0>,11,28,[12  1],12,46,74,34,45
1,<environment.Job instance at 0x7fedbe861f50>,8,21,[ 1 12],9,46,67,37,45
1,<environment.Job instance at 0x7fedbe96d730>,14,19,[14  1],15,74,93,59,64
1,<environment.Job instance at 0x7fee021d6140>,9,12,[ 3 11],10,93,105,83,78
1,<environment.Job instance at 0x7fedbe96d820>,15,21,[11  5],16,105,126,89,97
1,<environment.Job instance at 0x7fedbe96d9b0>,17,25,[8 5],18,126,151,108,122
1,<environment.Job instance at 0x7fedbe96deb0>,16,13,[11  4],17,151,164,134,138
1,<environment.Job instance at 0x7fedbe96d190>,19,16,[7 2],20,164,180,144,156
1,<environment.Job instance at 0x7fee01ecbaf0>,18,17,[8 4],19,164,181,145,156
1,<environment.Job instance at 0x7fee01ecbf00>,21,15,[ 4 13],22,181,196,159,167
1,<environment.Job instance at 0x7fee01ecbdc0>,22,14,[8 5],23,196,210,173,192
1,<environment.Job instance at 0x7fee01ecbb90>,20,12,[ 3 14],21,210,222,189,195
1,<environment.Job instance at 0x7fee01ecbf50>,23,13,[11  4],24,222,235,198,216
1,<environment.Job instance at 0x7fee01ecf0f0>,25,16,[1 6],26,222,238,196,218
1,<environment.Job instance at 0x7fee01ecf190>,26,14,[1 8],27,235,249,208,222
1,<environment.Job instance at 0x7fee01ecf050>,27,22,[7 2],28,238,260,210,233
1,<environment.Job instance at 0x7fee01ecbeb0>,24,19,[6 4],25,238,257,213,235
1,<environment.Job instance at 0x7fee01ecf280>,29,19,[ 4 11],30,257,276,227,247
1,<environment.Job instance at 0x7fee01ecf1e0>,28,15,[10  1],29,265,280,236,265
1,<environment.Job instance at 0x7fedbe0bf8c0>,0,15,[ 1 13],1,1,16,0,1
1,<environment.Job instance at 0x7fee01ecf370>,1,16,[ 3 12],2,16,32,14,3
1,<environment.Job instance at 0x7fedbe0bfe10>,3,23,[5 6],4,32,55,28,26
1,<environment.Job instance at 0x7fee023b9640>,8,26,[ 5 13],9,55,81,46,52
1,<environment.Job instance at 0x7fee023b9320>,9,13,[12  2],10,81,94,71,65
1,<environment.Job instance at 0x7fee023b99b0>,10,24,[ 5 13],11,94,118,83,89
1,<environment.Job instance at 0x7fee023b98c0>,11,23,[ 5 12],12,118,141,106,112
1,<environment.Job instance at 0x7fedbe861dc0>,2,15,[3 7],3,141,156,138,129
1,<environment.Job instance at 0x7fedbe8611e0>,4,24,[5 6],5,141,165,136,137
1,<environment.Job instance at 0x7fedbe4db8c0>,16,15,[ 5 12],17,165,180,148,156
1,<environment.Job instance at 0x7fedbe4dbeb0>,15,24,[14  2],16,180,204,164,175
1,<environment.Job instance at 0x7fedbe4dba00>,19,19,[ 4 13],20,204,223,184,197
1,<environment.Job instance at 0x7fedbe4dbaf0>,22,24,[7 1],23,205,229,182,205
1,<environment.Job instance at 0x7fedbe4db5f0>,20,21,[ 5 13],21,223,244,202,215
1,<environment.Job instance at 0x7fee023b9c80>,12,15,[14  2],13,244,259,231,230
1,<environment.Job instance at 0x7fedbe591500>,26,16,[14  5],27,259,275,232,250
1,<environment.Job instance at 0x7fedbe591c80>,25,20,[5 1],26,275,295,249,266
1,<environment.Job instance at 0x7fedbe591dc0>,28,25,[2 5],29,275,300,246,271
1,<environment.Job instance at 0x7fee0490f500>,0,14,[14  5],1,2,16,1,2
1,<environment.Job instance at 0x7fee024340a0>,3,19,[ 4 11],4,16,35,12,6
1,<environment.Job instance at 0x7fedbe77cf50>,6,17,[13  5],7,35,52,28,23
1,<environment.Job instance at 0x7fedbe77caf0>,9,13,[14  4],10,52,65,42,36
1,<environment.Job instance at 0x7fedbe77cfa0>,10,15,[13  5],11,65,80,54,51
1,<environment.Job instance at 0x7fedbe77cb90>,12,28,[13  3],13,80,108,67,79
1,<environment.Job instance at 0x7fedbe77c500>,13,25,[ 1 14],14,108,133,94,104
1,<environment.Job instance at 0x7fedbe77cbe0>,14,19,[13  4],15,133,152,118,123
1,<environment.Job instance at 0x7fedbe8a03c0>,16,16,[ 5 13],17,152,168,135,139
1,<environment.Job instance at 0x7fedbe8a07d0>,17,25,[ 4 11],18,168,193,150,164
1,<environment.Job instance at 0x7fedbe8a0140>,18,21,[1 6],19,193,214,174,185
1,<environment.Job instance at 0x7fedbe8a0aa0>,20,26,[ 1 11],21,214,240,193,211
1,<environment.Job instance at 0x7fedbe8a0370>,21,23,[ 3 13],22,240,263,218,234
1,<environment.Job instance at 0x7fee01e44780>,22,26,[4 9],23,263,289,240,260
1,<environment.Job instance at 0x7fee045f4cd0>,23,20,[11  5],24,263,283,239,260
1,<environment.Job instance at 0x7fedbe87a730>,25,18,[12  1],26,289,307,263,278
1,<environment.Job instance at 0x7fee045110f0>,1,24,[1 6],2,2,26,0,2
1,<environment.Job instance at 0x7fedbe87a730>,3,16,[2 8],4,4,20,0,4
1,<environment.Job instance at 0x7fedbe0bff50>,2,16,[ 3 11],3,26,42,23,13
1,<environment.Job instance at 0x7fee02292410>,8,24,[ 4 11],9,42,66,33,37
1,<environment.Job instance at 0x7fee02292640>,9,28,[1 7],10,66,94,56,65
1,<environment.Job instance at 0x7fedbe861460>,5,16,[14  4],6,67,83,61,67
1,<environment.Job instance at 0x7fee02292690>,11,18,[13  2],12,83,101,71,77
1,<environment.Job instance at 0x7fee021c3b40>,16,27,[13  4],17,101,128,84,99
1,<environment.Job instance at 0x7fedbe2a0af0>,20,27,[ 2 13],21,128,155,107,126
1,<environment.Job instance at 0x7fedbe139320>,4,23,[14  4],5,155,178,150,149
1,<environment.Job instance at 0x7fedbe25d820>,6,26,[ 1 10],7,160,186,153,160
1,<environment.Job instance at 0x7fedbe897f00>,21,20,[14  5],22,178,198,156,169
1,<environment.Job instance at 0x7fee0237e320>,23,14,[13  1],24,198,212,174,194
1,<environment.Job instance at 0x7fee022929b0>,18,25,[ 1 12],19,206,231,187,206
1,<environment.Job instance at 0x7fedbe2a0be0>,24,15,[12  1],25,220,235,195,220
1,<environment.Job instance at 0x7fedbe29a870>,27,28,[7 1],28,235,263,207,234
1,<environment.Job instance at 0x7fedbe8a85f0>,22,25,[ 3 12],23,247,272,224,247
1,<environment.Job instance at 0x7fedbe29a5f0>,28,18,[ 3 13],29,272,290,243,261
1,<environment.Job instance at 0x7fee02292cd0>,2,24,[8 5],3,3,27,0,3
1,<environment.Job instance at 0x7fee024f0730>,3,14,[14  1],4,27,41,23,15
1,<environment.Job instance at 0x7fee0231c690>,9,17,[ 5 13],10,41,58,31,29
1,<environment.Job instance at 0x7fee0231c500>,7,14,[5 6],8,58,72,50,50
1,<environment.Job instance at 0x7fee024f0af0>,4,24,[8 5],5,58,82,53,54
1,<environment.Job instance at 0x7fee0231ccd0>,13,26,[4 8],14,72,98,58,69
1,<environment.Job instance at 0x7fee0231c960>,14,13,[10  1],15,82,95,67,69
1,<environment.Job instance at 0x7fee0231c460>,11,21,[9 3],12,95,116,83,87
1,<environment.Job instance at 0x7fee0231c230>,16,15,[ 4 12],17,98,113,81,95
1,<environment.Job instance at 0x7fee02210f00>,19,25,[4 8],20,113,138,93,109
1,<environment.Job instance at 0x7fee022106e0>,15,21,[8 5],16,116,137,100,110
1,<environment.Job instance at 0x7fee02210780>,21,18,[14  3],22,138,156,116,135
1,<environment.Job instance at 0x7fee022928c0>,5,22,[13  5],6,156,178,150,149
1,<environment.Job instance at 0x7fee02210500>,25,17,[5 8],26,178,195,152,167
1,<environment.Job instance at 0x7fee02210320>,27,12,[8 5],28,178,190,150,170
1,<environment.Job instance at 0x7fee022100f0>,23,15,[ 5 11],24,195,210,171,182
1,<environment.Job instance at 0x7fee022109b0>,30,21,[5 3],31,190,211,159,182
1,<environment.Job instance at 0x7fee022103c0>,26,27,[13  2],27,211,238,184,209
1,<environment.Job instance at 0x7fee04a6b910>,31,24,[ 4 12],32,238,262,206,233
1,<environment.Job instance at 0x7fee04a6b230>,33,28,[5 5],34,262,290,228,261
1,<environment.Job instance at 0x7fee02210730>,29,27,[5 7],30,262,289,232,261
1,<environment.Job instance at 0x7fedbe861fa0>,0,19,[ 5 14],1,1,20,0,1
1,<environment.Job instance at 0x7fedbe4db460>,2,26,[ 1 13],3,20,46,17,17
1,<environment.Job instance at 0x7fedbe2360f0>,7,20,[5 4],8,46,66,38,37
1,<environment.Job instance at 0x7fee01ef5780>,8,28,[14  2],9,66,94,57,65
1,<environment.Job instance at 0x7fee01faa190>,10,23,[6 4],11,94,117,83,88
1,<environment.Job instance at 0x7fee01faa500>,12,20,[ 1 11],13,88,108,75,88
1,<environment.Job instance at 0x7fedbe11a2d0>,14,18,[ 5 13],15,117,135,102,106
1,<environment.Job instance at 0x7fee04a5b870>,15,14,[12  2],16,135,149,119,120
1,<environment.Job instance at 0x7fee01faa5f0>,17,28,[1 5],18,135,163,117,134
1,<environment.Job instance at 0x7fee021e3a50>,18,21,[14  5],19,149,170,130,141
1,<environment.Job instance at 0x7fee04a7b050>,19,25,[8 1],20,170,195,150,166
1,<environment.Job instance at 0x7fee04a7b280>,20,18,[ 1 10],21,166,184,145,166
1,<environment.Job instance at 0x7fee04a6be10>,21,12,[12  3],22,195,207,173,178
1,<environment.Job instance at 0x7fee045a1b40>,22,21,[7 4],23,207,228,184,199
1,<environment.Job instance at 0x7fee04518460>,23,20,[3 9],24,199,219,175,199
1,<environment.Job instance at 0x7fee04a6bf00>,24,25,[4 5],25,219,244,194,215
1,<environment.Job instance at 0x7fee020443c0>,25,25,[10  3],26,228,253,202,224
1,<environment.Job instance at 0x7fee02044780>,27,28,[13  4],28,253,281,225,252
1,<environment.Job instance at 0x7fedbe4db1e0>,4,22,[1 8],5,254,276,249,254
1,<environment.Job instance at 0x7fee02044730>,28,20,[13  2],29,281,301,252,272
1,<environment.Job instance at 0x7f7aea81e230>,0,24,[2 8],1,1,25,0,1
1,<environment.Job instance at 0x7f7aea81e0f0>,2,26,[10  1],3,3,29,0,3
1,<environment.Job instance at 0x7f7ae340f2d0>,3,15,[13  4],4,29,44,25,18
1,<environment.Job instance at 0x7f7ae340f730>,10,14,[ 1 14],11,44,58,33,29
1,<environment.Job instance at 0x7f7ae340f8c0>,12,22,[4 6],13,58,80,45,51
1,<environment.Job instance at 0x7f7ae340f960>,13,27,[3 8],14,58,85,44,56
1,<environment.Job instance at 0x7f7ae340fa00>,14,14,[14  3],15,85,99,70,70
1,<environment.Job instance at 0x7f7ae340faa0>,15,24,[ 2 13],16,99,123,83,94
1,<environment.Job instance at 0x7f7ae340fb40>,16,19,[ 3 12],17,123,142,106,113
1,<environment.Job instance at 0x7f7ae340fbe0>,17,18,[ 5 13],18,142,160,124,131
1,<environment.Job instance at 0x7f7ae340f870>,19,21,[14  4],20,160,181,140,152
1,<environment.Job instance at 0x7f7ae340f5a0>,7,12,[7 2],8,181,193,173,166
1,<environment.Job instance at 0x7f7ae340f460>,6,19,[ 1 13],7,181,200,174,172
1,<environment.Job instance at 0x7f7ae340fd20>,21,22,[14  2],22,193,215,171,186
1,<environment.Job instance at 0x7f7ae3411140>,24,20,[ 3 12],25,215,235,190,206
1,<environment.Job instance at 0x7f7aea8a5af0>,4,24,[ 3 11],5,235,259,230,230
1,<environment.Job instance at 0x7f7ae3411410>,27,25,[14  4],28,262,287,234,262
1,<environment.Job instance at 0x7f7ae341be10>,0,22,[ 2 14],1,1,23,0,1
1,<environment.Job instance at 0x7f7aea991280>,5,19,[11  4],6,23,42,17,13
1,<environment.Job instance at 0x7f7aea991aa0>,3,22,[ 4 11],4,23,45,19,18
1,<environment.Job instance at 0x7f7aea8462d0>,8,17,[11  4],9,42,59,33,36
1,<environment.Job instance at 0x7f7aea8468c0>,10,15,[2 6],11,45,60,34,37
1,<environment.Job instance at 0x7f7aea846960>,11,25,[7 4],12,59,84,47,56
1,<environment.Job instance at 0x7f7aea846640>,12,20,[ 5 13],13,84,104,71,75
1,<environment.Job instance at 0x7f7aea846910>,13,21,[ 1 13],14,104,125,90,96
1,<environment.Job instance at 0x7f7aea8466e0>,14,20,[5 7],15,125,145,110,116
1,<environment.Job instance at 0x7f7aea991c30>,4,19,[11  3],5,145,164,140,136
1,<environment.Job instance at 0x7f7aea846820>,15,18,[ 3 13],16,164,182,148,153
1,<environment.Job instance at 0x7f7aea846460>,17,21,[1 6],18,182,203,164,174
1,<environment.Job instance at 0x7f7aea846870>,18,12,[12  1],19,174,186,155,174
1,<environment.Job instance at 0x7f7aea8469b0>,19,14,[9 1],20,186,200,166,174
1,<environment.Job instance at 0x7f7aea846730>,20,15,[9 2],21,200,215,179,186
1,<environment.Job instance at 0x7f7aea846fa0>,21,18,[ 3 12],22,203,221,181,198
1,<environment.Job instance at 0x7f7aea9857d0>,22,21,[ 2 13],23,221,242,198,213
1,<environment.Job instance at 0x7f7aea985e60>,24,24,[5 6],25,242,266,217,237
1,<environment.Job instance at 0x7f7aea985690>,25,18,[11  5],26,266,284,240,255
1,<environment.Job instance at 0x7f7aea9859b0>,26,14,[14  1],27,284,298,257,269
1,<environment.Job instance at 0x7f7a9f8df0f0>,0,23,[5 8],1,1,24,0,1
1,<environment.Job instance at 0x7f7aea985550>,1,21,[ 4 11],2,24,45,22,16
1,<environment.Job instance at 0x7f7a9f6e8b90>,7,27,[5 3],8,18,45,10,18
1,<environment.Job instance at 0x7f7a9f6e85f0>,6,14,[11  2],7,45,59,38,30
1,<environment.Job instance at 0x7f7a9f6e8f00>,10,13,[11  1],11,59,72,48,45
1,<environment.Job instance at 0x7f7aea9859b0>,2,20,[ 3 12],3,53,73,50,53
1,<environment.Job instance at 0x7f7a9f6e8780>,11,27,[14  2],12,73,100,61,71
1,<environment.Job instance at 0x7f7a9f6e8690>,13,21,[ 4 12],14,100,121,86,94
1,<environment.Job instance at 0x7f7a9f6e8eb0>,14,17,[2 9],15,121,138,106,113
1,<environment.Job instance at 0x7f7a9f6e8b40>,12,25,[13  2],13,121,146,108,120
1,<environment.Job instance at 0x7f7a9f6e8aa0>,15,18,[ 5 11],16,146,164,130,145
1,<environment.Job instance at 0x7f7a9f710fa0>,17,12,[11  1],18,164,176,146,148
1,<environment.Job instance at 0x7f7a9f6e8f50>,9,17,[ 5 11],10,176,193,166,171
1,<environment.Job instance at 0x7f7a9f710a50>,22,20,[5 7],23,193,213,170,184
1,<environment.Job instance at 0x7f7a9f6e8550>,4,28,[3 8],5,196,224,191,196
1,<environment.Job instance at 0x7f7a9f710dc0>,18,13,[ 5 13],19,224,237,205,210
1,<environment.Job instance at 0x7f7a9f7102d0>,26,23,[3 8],27,237,260,210,231
1,<environment.Job instance at 0x7f7a9f7109b0>,27,15,[5 6],28,237,252,209,231
1,<environment.Job instance at 0x7f7a9f70c230>,30,15,[ 5 10],31,260,275,229,246
1,<environment.Job instance at 0x7f7a9f70c870>,31,27,[7 2],32,252,279,220,250
1,<environment.Job instance at 0x7f7a9f70c410>,32,16,[14  3],33,279,295,246,266
1,<environment.Job instance at 0x7f7a9f7c8d20>,0,23,[11  3],1,1,24,0,1
1,<environment.Job instance at 0x7f7a9f7c82d0>,4,16,[ 2 11],5,6,22,1,6
1,<environment.Job instance at 0x7f7a9f7c8370>,2,20,[14  4],3,24,44,21,15
1,<environment.Job instance at 0x7f7aea997780>,8,22,[9 3],9,44,66,35,37
1,<environment.Job instance at 0x7f7aea9975a0>,10,26,[4 7],11,44,70,33,41
1,<environment.Job instance at 0x7f7aea9971e0>,11,25,[10  5],12,66,91,54,62
1,<environment.Job instance at 0x7f7aea9977d0>,12,25,[11  1],13,91,116,78,87
1,<environment.Job instance at 0x7f7aea997a00>,13,26,[4 8],14,87,113,73,87
1,<environment.Job instance at 0x7f7aea997870>,6,14,[5 3],7,116,130,109,101
1,<environment.Job instance at 0x7f7aea997230>,14,17,[12  2],15,130,147,115,118
1,<environment.Job instance at 0x7f7aea997e10>,17,24,[ 1 11],18,118,142,100,118
1,<environment.Job instance at 0x7f7aea997d70>,18,18,[ 4 12],19,147,165,128,136
1,<environment.Job instance at 0x7f7aea997500>,15,19,[11  2],16,147,166,131,138
1,<environment.Job instance at 0x7f7aea997b40>,22,22,[ 3 14],23,166,188,143,159
1,<environment.Job instance at 0x7f7aea9978c0>,23,28,[14  4],24,188,216,164,187
1,<environment.Job instance at 0x7f7aea997960>,25,25,[ 3 13],26,216,241,190,212
1,<environment.Job instance at 0x7f7a9fabacd0>,26,22,[9 4],27,241,263,214,234
1,<environment.Job instance at 0x7f7a9fabad20>,27,24,[ 2 13],28,263,287,235,258
1,<environment.Job instance at 0x7f7a9f660960>,3,12,[ 1 10],4,6,18,2,6
1,<environment.Job instance at 0x7f7a9faba0f0>,1,16,[ 1 11],2,18,34,16,6
1,<environment.Job instance at 0x7f7a9f6af690>,6,28,[1 9],7,34,62,27,33
1,<environment.Job instance at 0x7f7a9fabad20>,2,26,[12  3],3,33,59,30,33
1,<environment.Job instance at 0x7f7a9fba5870>,11,13,[ 2 13],12,62,75,50,46
1,<environment.Job instance at 0x7f7a9fb83eb0>,12,18,[12  5],13,75,93,62,64
1,<environment.Job instance at 0x7f7a9fb83140>,10,16,[ 1 10],11,75,91,64,66
1,<environment.Job instance at 0x7f7a9fbc6730>,14,13,[14  1],15,93,106,78,77
1,<environment.Job instance at 0x7f7a9fbc6b40>,15,16,[ 3 11],16,106,122,90,99
1,<environment.Job instance at 0x7f7a9fba90f0>,18,14,[11  1],19,110,124,91,110
1,<environment.Job instance at 0x7f7a9f80c4b0>,4,17,[ 4 13],5,122,139,117,117
1,<environment.Job instance at 0x7f7a9fba97d0>,21,21,[13  4],22,189,210,167,189
1,<environment.Job instance at 0x7f7a9fba9410>,20,20,[12  3],21,210,230,189,204
1,<environment.Job instance at 0x7f7a9fba9a00>,23,16,[11  1],24,230,246,206,223
1,<environment.Job instance at 0x7f7a9fafac30>,26,13,[ 1 11],27,224,237,197,224
1,<environment.Job instance at 0x7f7a9fafad20>,27,21,[5 9],28,246,267,218,242
1,<environment.Job instance at 0x7f7a9fafaf00>,29,15,[ 3 12],30,267,282,237,253
1,<environment.Job instance at 0x7f7a9fafacd0>,25,14,[11  5],26,282,296,256,268
1,<environment.Job instance at 0x7f7a9f80ceb0>,0,21,[9 1],1,1,22,0,1
1,<environment.Job instance at 0x7f7a9f61c500>,2,19,[ 2 14],3,3,22,0,3
1,<environment.Job instance at 0x7f7a9f61c8c0>,7,21,[3 9],8,22,43,14,14
1,<environment.Job instance at 0x7f7a9f8467d0>,10,28,[7 2],11,27,55,16,27
1,<environment.Job instance at 0x7f7a9f61c410>,5,12,[ 2 10],6,43,55,37,30
1,<environment.Job instance at 0x7f7a9f846370>,13,18,[4 7],14,55,73,41,46
1,<environment.Job instance at 0x7f7a9f8465a0>,14,14,[ 1 12],15,73,87,58,67
1,<environment.Job instance at 0x7f7a9f846be0>,15,15,[14  3],16,73,88,57,73
1,<environment.Job instance at 0x7f7a9f8460a0>,16,20,[2 6],17,88,108,71,80
1,<environment.Job instance at 0x7f7a9f846690>,12,21,[13  5],13,88,109,75,81
1,<environment.Job instance at 0x7f7a9f846820>,17,23,[ 2 13],18,119,142,101,119
1,<environment.Job instance at 0x7f7aea843960>,20,23,[7 1],21,119,142,98,119
1,<environment.Job instance at 0x7f7aea843870>,21,17,[10  4],22,142,159,120,131
1,<environment.Job instance at 0x7f7aea843a50>,23,16,[8 4],24,159,175,135,146
1,<environment.Job instance at 0x7f7aea843be0>,24,12,[ 2 13],25,175,187,150,158
1,<environment.Job instance at 0x7f7aea843fa0>,26,15,[5 7],27,187,202,160,173
1,<environment.Job instance at 0x7f7ae9d67870>,27,24,[10  2],28,179,203,151,179
1,<environment.Job instance at 0x7f7ae9d67f00>,28,14,[ 5 14],29,203,217,174,191
1,<environment.Job instance at 0x7f7ae9d67960>,30,12,[8 1],31,203,215,172,193
1,<environment.Job instance at 0x7f7ae9d67fa0>,31,18,[9 4],32,217,235,185,206
1,<environment.Job instance at 0x7f7ae9d67230>,32,25,[11  2],33,265,290,232,265
1,<environment.Job instance at 0x7f7a9f988aa0>,0,26,[14  4],1,1,27,0,1
1,<environment.Job instance at 0x7f7a9fce42d0>,8,27,[5 1],9,27,54,18,25
1,<environment.Job instance at 0x7f7ae36d7cd0>,9,16,[ 3 12],10,30,46,20,30
1,<environment.Job instance at 0x7f7ae36d78c0>,10,12,[ 3 12],11,46,58,35,31
1,<environment.Job instance at 0x7f7a9f94e690>,11,13,[ 3 12],12,58,71,46,42
1,<environment.Job instance at 0x7f7ae38b9e10>,12,24,[ 4 10],13,71,95,58,66
1,<environment.Job instance at 0x7f7ae369d370>,13,25,[11  2],14,66,91,52,66
1,<environment.Job instance at 0x7f7ae36d7a00>,14,23,[ 1 14],15,95,118,80,89
1,<environment.Job instance at 0x7f7ae31d9190>,16,12,[ 3 12],17,118,130,101,101
1,<environment.Job instance at 0x7f7a9fcbd1e0>,20,14,[ 2 11],21,130,144,109,117
1,<environment.Job instance at 0x7f7ae3266a00>,22,22,[ 5 14],23,144,166,121,137
1,<environment.Job instance at 0x7f7a9f9470f0>,3,18,[14  1],4,166,184,162,160
1,<environment.Job instance at 0x7f7a9f6c4fa0>,25,12,[1 9],26,166,178,140,163
1,<environment.Job instance at 0x7f7ae31b7fa0>,26,15,[8 2],27,184,199,157,176
1,<environment.Job instance at 0x7f7a9fa09820>,28,15,[ 5 10],29,184,199,155,179
1,<environment.Job instance at 0x7f7a9f864910>,23,17,[12  4],24,199,216,175,189
1,<environment.Job instance at 0x7f7a9fa09410>,30,28,[3 6],31,199,227,168,198
1,<environment.Job instance at 0x7f7ae9ebeb40>,33,21,[10  4],34,216,237,182,208
1,<environment.Job instance at 0x7f7ae9ebe9b0>,34,13,[12  5],35,237,250,202,224
1,<environment.Job instance at 0x7f7ae9ebe4b0>,37,22,[ 3 10],38,227,249,189,224
1,<environment.Job instance at 0x7f7ae9ebefa0>,39,19,[ 4 10],40,250,269,210,240
1,<environment.Job instance at 0x7f7a9f988460>,0,23,[8 4],1,1,24,0,1
1,<environment.Job instance at 0x7f7aea70e0f0>,3,18,[6 5],4,5,23,1,5
1,<environment.Job instance at 0x7f7a9f6b2410>,4,18,[ 5 12],5,24,42,19,19
1,<environment.Job instance at 0x7f7ae9f61410>,1,13,[12  4],2,42,55,40,34
1,<environment.Job instance at 0x7f7aea845730>,9,15,[ 3 13],10,55,70,45,42
1,<environment.Job instance at 0x7f7aea845870>,10,25,[13  4],11,70,95,59,66
1,<environment.Job instance at 0x7f7ae3672dc0>,7,15,[11  5],8,95,110,87,86
1,<environment.Job instance at 0x7f7a9fd2ceb0>,2,23,[5 5],3,4,27,1,4
1,<environment.Job instance at 0x7f7ae9d4ba50>,0,17,[14  2],1,27,44,26,15
1,<environment.Job instance at 0x7f7a9fd41140>,9,25,[3 9],10,44,69,34,40
1,<environment.Job instance at 0x7f7a9fd41dc0>,13,17,[ 3 13],14,69,86,55,57
1,<environment.Job instance at 0x7f7a9fd41320>,14,28,[3 9],15,86,114,71,85
1,<environment.Job instance at 0x7f7a9f704cd0>,15,28,[ 3 10],16,114,142,98,113
1,<environment.Job instance at 0x7f7a9fd41a50>,17,18,[9 5],18,118,136,100,118
1,<environment.Job instance at 0x7f7a9fb987d0>,19,20,[12  4],20,136,156,116,127
1,<environment.Job instance at 0x7f7ae360be60>,20,28,[8 2],21,156,184,135,155
1,<environment.Job instance at 0x7f7ae9cf9500>,4,12,[ 3 11],5,155,167,150,155
1,<environment.Job instance at 0x7f7ae330b320>,21,16,[12  4],22,184,200,162,171
1,<environment.Job instance at 0x7f7ae34f47d0>,23,23,[5 8],24,200,223,176,194
1,<environment.Job instance at 0x7f7a9f907cd0>,25,24,[9 3],26,200,224,174,195
1,<environment.Job instance at 0x7f7a9f9079b0>,27,23,[5 4],28,223,246,195,217
1,<environment.Job instance at 0x7f7a9f70cc30>,28,23,[11  4],29,246,269,217,240
1,<environment.Job instance at 0x7f7a9f70cf50>,29,21,[8 2],30,269,290,239,261
1,<environment.Job instance at 0x7f7a9f70c5f0>,30,21,[ 5 13],31,269,290,238,261
1,<environment.Job instance at 0x7f7a9f96caa0>,0,25,[ 4 14],1,1,26,0,1
1,<environment.Job instance at 0x7f7ae33aa730>,4,26,[10  2],5,45,71,40,45
1,<environment.Job instance at 0x7f7a9fb83280>,8,28,[8 3],9,71,99,62,70
1,<environment.Job instance at 0x7f7a9fb83780>,9,16,[14  1],10,99,115,89,89
1,<environment.Job instance at 0x7f7ae33aba00>,11,24,[ 3 12],12,115,139,103,110
1,<environment.Job instance at 0x7f7a9fb836e0>,7,26,[12  5],8,139,165,131,136
1,<environment.Job instance at 0x7f7aea1ef500>,12,23,[4 7],13,165,188,152,159
1,<environment.Job instance at 0x7f7ae3896c30>,16,15,[9 4],17,188,203,171,188
1,<environment.Job instance at 0x7f7ae3896910>,17,21,[4 6],18,191,212,173,191
1,<environment.Job instance at 0x7f7a9fd06730>,18,14,[5 7],19,203,217,184,195
1,<environment.Job instance at 0x7f7a9fd06500>,19,17,[ 3 12],20,219,236,199,219
1,<environment.Job instance at 0x7f7ae3840dc0>,0,22,[13  2],1,2,24,1,2
1,<environment.Job instance at 0x7f7ae3840b90>,3,26,[5 5],4,24,50,20,21
1,<environment.Job instance at 0x7f7ae3465f00>,8,27,[ 2 10],9,21,48,12,21
1,<environment.Job instance at 0x7f7a9f884dc0>,9,20,[ 1 11],10,50,70,40,41
1,<environment.Job instance at 0x7f7ae9fe3c80>,10,27,[11  5],11,70,97,59,68
1,<environment.Job instance at 0x7f7ae9fe35f0>,11,14,[ 5 14],12,97,111,85,82
1,<environment.Job instance at 0x7f7ae9fe3f50>,13,25,[9 2],14,111,136,97,107
1,<environment.Job instance at 0x7f7aea353cd0>,15,24,[ 5 13],16,111,135,95,108
1,<environment.Job instance at 0x7f7aea353b40>,16,15,[ 5 14],17,136,151,119,122
1,<environment.Job instance at 0x7f7aea3533c0>,17,22,[ 4 11],18,151,173,133,144
1,<environment.Job instance at 0x7f7aea3535a0>,18,13,[ 5 13],19,173,186,154,157
1,<environment.Job instance at 0x7f7aea353a00>,19,19,[ 3 10],20,186,205,166,176
1,<environment.Job instance at 0x7f7a9fd582d0>,21,24,[5 1],22,176,200,154,176
1,<environment.Job instance at 0x7f7aea353280>,22,13,[ 5 12],23,205,218,182,191
1,<environment.Job instance at 0x7f7ae3430230>,1,12,[ 1 12],2,218,230,216,201
1,<environment.Job instance at 0x7f7aea167fa0>,4,16,[11  2],5,218,234,213,206
1,<environment.Job instance at 0x7f7ae362fb40>,6,18,[ 5 14],7,234,252,227,223
1,<environment.Job instance at 0x7f7a9fd58820>,29,21,[ 2 12],30,252,273,222,249
1,<environment.Job instance at 0x7f7a9fd585a0>,23,15,[14  1],24,273,288,249,259
1,<environment.Job instance at 0x7f7a9fd61eb0>,1,22,[5 5],2,2,24,0,2
1,<environment.Job instance at 0x7f7a9fd61fa0>,4,26,[6 1],5,6,32,1,6
1,<environment.Job instance at 0x7f7a9fd61820>,3,14,[4 9],4,7,21,3,7
1,<environment.Job instance at 0x7f7a9fd61d70>,2,25,[7 5],3,24,49,21,20
1,<environment.Job instance at 0x7f7a9fd61f50>,10,27,[ 4 11],11,49,76,38,47
1,<environment.Job instance at 0x7f7a9fc8db90>,12,21,[6 4],13,51,72,38,51
1,<environment.Job instance at 0x7f7a9fc8d6e0>,13,27,[ 2 11],14,76,103,62,74
1,<environment.Job instance at 0x7f7ae9d771e0>,7,20,[3 6],8,103,123,95,94
1,<environment.Job instance at 0x7f7a9fd61e10>,6,25,[14  4],7,123,148,116,120
1,<environment.Job instance at 0x7f7a9fc8d2d0>,16,16,[5 6],17,148,164,131,137
1,<environment.Job instance at 0x7f7a9fc8d8c0>,17,25,[13  1],18,164,189,146,160
1,<environment.Job instance at 0x7f7a9fc8de10>,18,22,[5 8],19,189,211,170,182
1,<environment.Job instance at 0x7f7a9fc8d0a0>,19,13,[5 5],20,189,202,169,184
1,<environment.Job instance at 0x7f7a9fc8d500>,20,14,[14  4],21,211,225,190,198
1,<environment.Job instance at 0x7f7a9fc8df00>,21,22,[ 4 12],22,225,247,203,218
1,<environment.Job instance at 0x7f7a9fd616e0>,5,21,[ 5 14],6,247,268,241,239
1,<environment.Job instance at 0x7f7a9fc8daa0>,22,24,[12  4],23,268,292,245,264
1,<environment.Job instance at 0x7f7ae34654b0>,3,24,[12  2],4,6,30,2,6
1,<environment.Job instance at 0x7f7a9fc8d960>,1,24,[14  3],2,30,54,28,25
1,<environment.Job instance at 0x7f7ae9f6ceb0>,7,20,[4 5],8,54,74,46,45
1,<environment.Job instance at 0x7f7a9f595b40>,9,25,[ 3 10],10,54,79,44,50
1,<environment.Job instance at 0x7f7a9f5954b0>,10,12,[ 1 12],11,79,91,68,62
1,<environment.Job instance at 0x7f7a9f595af0>,11,21,[ 2 12],12,91,112,79,83
1,<environment.Job instance at 0x7f7a9f595050>,12,15,[13  4],13,112,127,99,98
1,<environment.Job instance at 0x7f7a9f595aa0>,13,28,[3 8],14,127,155,113,126
1,<environment.Job instance at 0x7f7a9f595dc0>,14,24,[9 3],15,127,151,112,126
1,<environment.Job instance at 0x7f7a9f595d70>,15,28,[9 3],16,151,179,135,150
1,<environment.Job instance at 0x7f7a9f595780>,16,14,[11  3],17,179,193,162,165
1,<environment.Job instance at 0x7f7a9f595460>,17,22,[5 7],18,193,215,175,186
1,<environment.Job instance at 0x7f7a9f595fa0>,18,22,[ 1 10],19,215,237,196,208
1,<environment.Job instance at 0x7f7a9f595a50>,19,26,[3 8],20,237,263,217,234
1,<environment.Job instance at 0x7f7aea1eeaf0>,20,16,[ 5 12],21,263,279,242,250
1,<environment.Job instance at 0x7f7aea1eec30>,21,24,[13  4],22,279,303,257,274
1,<environment.Job instance at 0x7f7aea1eee60>,1,25,[13  1],2,2,27,0,2
1,<environment.Job instance at 0x7f7ae388d190>,4,27,[3 9],5,27,54,22,25
1,<environment.Job instance at 0x7f7ae385df50>,8,25,[5 4],9,27,52,18,25
1,<environment.Job instance at 0x7f7ae36067d0>,9,22,[ 2 10],10,54,76,44,47
1,<environment.Job instance at 0x7f7a9fabd690>,10,21,[13  4],11,54,75,43,47
1,<environment.Job instance at 0x7f7a9fcef1e0>,12,12,[13  4],13,75,87,62,58
1,<environment.Job instance at 0x7f7aea1eec30>,3,17,[13  2],4,87,104,83,76
1,<environment.Job instance at 0x7f7a9fcef230>,16,28,[ 1 10],17,76,104,59,76
1,<environment.Job instance at 0x7f7a9fcef5f0>,14,19,[12  3],15,104,123,89,102
1,<environment.Job instance at 0x7f7a9fcef910>,20,15,[14  3],21,123,138,102,112
1,<environment.Job instance at 0x7f7a9fb5da00>,7,26,[1 9],8,113,139,105,113
1,<environment.Job instance at 0x7f7ae9c20820>,21,15,[8 2],22,138,153,116,136
1,<environment.Job instance at 0x7f7ae9c04460>,23,20,[ 5 12],24,139,159,115,136
1,<environment.Job instance at 0x7f7ae9c207d0>,22,17,[12  2],23,159,176,136,149
1,<environment.Job instance at 0x7f7a9f595be0>,5,23,[13  4],6,176,199,170,174
1,<environment.Job instance at 0x7f7ae9c04640>,27,24,[10  2],28,199,223,171,198
1,<environment.Job instance at 0x7f7ae9c04280>,24,28,[ 5 11],25,199,227,174,198
1,<environment.Job instance at 0x7f7a9fcef3c0>,19,18,[14  2],20,227,245,207,222
1,<environment.Job instance at 0x7f7ae9c18f00>,30,13,[12  1],31,245,258,214,240
1,<environment.Job instance at 0x7f7ae9c182d0>,33,18,[ 4 11],34,258,276,224,257
1,<environment.Job instance at 0x7f7ae9c186e0>,34,28,[7 4],35,266,294,231,266
1,<environment.Job instance at 0x7f7ae9f6c8c0>,2,24,[ 2 12],3,7,31,4,7
1,<environment.Job instance at 0x7f7a9f701780>,1,18,[1 9],2,31,49,29,20
1,<environment.Job instance at 0x7f7ae36060a0>,0,18,[14  1],1,31,49,30,25
1,<environment.Job instance at 0x7f7ae34bc5a0>,11,22,[13  4],12,49,71,37,42
1,<environment.Job instance at 0x7f7ae34bca00>,12,17,[13  5],13,71,88,58,59
1,<environment.Job instance at 0x7f7a9fd8ce10>,13,17,[14  5],14,88,105,74,76
1,<environment.Job instance at 0x7f7a9fd8cfa0>,15,16,[ 1 11],16,105,121,89,92
1,<environment.Job instance at 0x7f7ae35fa910>,16,22,[4 5],17,121,143,104,114
1,<environment.Job instance at 0x7f7ae9c186e0>,5,21,[5 5],6,127,148,121,127
1,<environment.Job instance at 0x7f7ae9d06f50>,17,16,[14  4],18,148,164,130,135
1,<environment.Job instance at 0x7f7ae3319c80>,21,20,[6 1],22,164,184,142,155
1,<environment.Job instance at 0x7f7a9fb19c30>,23,18,[ 4 12],24,164,182,140,155
1,<environment.Job instance at 0x7f7a9fb19410>,24,24,[ 3 11],25,182,206,157,177
1,<environment.Job instance at 0x7f7a9fb19870>,25,15,[ 3 13],26,206,221,180,192
1,<environment.Job instance at 0x7f7a9f5f1be0>,27,13,[13  2],28,221,234,193,205
1,<environment.Job instance at 0x7f7a9f5f1820>,28,27,[13  3],29,234,261,205,232
1,<environment.Job instance at 0x7f7a9fd53c30>,30,19,[5 8],31,261,280,230,251
1,<environment.Job instance at 0x7f7ae3606a50>,0,13,[ 4 12],1,1,14,0,1
1,<environment.Job instance at 0x7f7ae3642230>,1,24,[10  5],2,14,38,12,9
1,<environment.Job instance at 0x7f7a9f7b0e10>,7,14,[ 2 12],8,38,52,30,23
1,<environment.Job instance at 0x7f7ae37cc640>,3,14,[10  5],4,52,66,48,39
1,<environment.Job instance at 0x7f7a9f7b02d0>,9,18,[14  2],10,66,84,56,55
1,<environment.Job instance at 0x7f7a9f7b0640>,13,23,[5 9],14,84,107,70,78
1,<environment.Job instance at 0x7f7ae366d7d0>,16,24,[ 2 13],17,107,131,90,102
1,<environment.Job instance at 0x7f7ae366d5a0>,17,12,[13  4],18,131,143,113,114
1,<environment.Job instance at 0x7f7ae366d0f0>,18,13,[ 1 11],19,131,144,112,130
1,<environment.Job instance at 0x7f7ae366d9b0>,19,25,[ 5 11],20,144,169,124,140
1,<environment.Job instance at 0x7f7ae366de60>,21,23,[ 1 13],22,169,192,147,163
1,<environment.Job instance at 0x7f7ae366d8c0>,22,28,[8 4],23,192,220,169,191
1,<environment.Job instance at 0x7f7a9fad33c0>,23,27,[ 3 12],24,220,247,196,218
1,<environment.Job instance at 0x7f7ae366d280>,24,14,[ 2 14],25,247,261,222,232
1,<environment.Job instance at 0x7f7a9fad3320>,25,15,[11  1],26,232,247,206,232
1,<environment.Job instance at 0x7f7a9fad3190>,27,20,[6 5],28,261,281,233,252
1,<environment.Job instance at 0x7f7a9fad3d20>,29,23,[ 4 10],30,261,284,231,260
1,<environment.Job instance at 0x7f7ae366deb0>,3,14,[ 5 12],4,5,19,1,5
1,<environment.Job instance at 0x7f7ae35ba870>,6,15,[14  3],7,19,34,12,11
1,<environment.Job instance at 0x7f7a9f621280>,9,21,[3 6],10,34,55,24,26
1,<environment.Job instance at 0x7f7ae35ba460>,11,28,[10  2],12,34,62,22,33
1,<environment.Job instance at 0x7f7ae3572fa0>,10,17,[ 5 13],11,55,72,44,44
1,<environment.Job instance at 0x7f7ae31c4730>,13,21,[13  1],14,72,93,58,65
1,<environment.Job instance at 0x7f7ae31c4140>,15,21,[ 1 10],16,72,93,56,72
1,<environment.Job instance at 0x7f7ae37ccb90>,4,23,[13  4],5,93,116,88,89
1,<environment.Job instance at 0x7f7ae31c4550>,21,17,[9 4],22,116,133,94,114
1,<environment.Job instance at 0x7f7ae31c4c30>,16,27,[11  3],17,133,160,116,132
1,<environment.Job instance at 0x7f7a9fa28500>,7,25,[ 3 10],8,136,161,128,136
1,<environment.Job instance at 0x7f7ae31c4780>,23,14,[14  1],24,161,175,137,147
1,<environment.Job instance at 0x7f7a9fb44aa0>,27,14,[5 6],28,175,189,147,166
1,<environment.Job instance at 0x7f7ae31c4dc0>,19,20,[3 9],20,175,195,155,167
1,<environment.Job instance at 0x7f7ae31c4640>,24,24,[8 5],25,189,213,164,184
1,<environment.Job instance at 0x7f7a9fb44c30>,29,17,[ 5 13],30,213,230,183,201
1,<environment.Job instance at 0x7f7a9fb44be0>,32,26,[ 1 10],33,230,256,197,227
1,<environment.Job instance at 0x7f7a9fb44320>,34,13,[10  1],35,227,240,192,227
1,<environment.Job instance at 0x7f7a9fb44780>,25,22,[13  5],26,240,262,214,233
1,<environment.Job instance at 0x7f7a9f7b0be0>,1,17,[13  4],2,262,279,260,250
1,<environment.Job instance at 0x7f7a9f621be0>,0,16,[ 3 14],1,2,18,1,2
1,<environment.Job instance at 0x7f7a9fa28190>,3,19,[ 2 10],4,18,37,14,8
1,<environment.Job instance at 0x7f7ae3466410>,7,14,[11  2],8,18,32,10,8
1,<environment.Job instance at 0x7f7ae3466140>,8,24,[7 2],9,32,56,23,27
1,<environment.Job instance at 0x7f7ae9c0deb0>,9,23,[3 8],10,37,60,27,31
1,<environment.Job instance at 0x7f7a9f421870>,12,26,[ 1 13],13,60,86,47,57
1,<environment.Job instance at 0x7f7ae3254690>,14,22,[1 8],15,86,108,71,79
1,<environment.Job instance at 0x7f7aea353460>,15,14,[ 3 13],16,108,122,92,93
1,<environment.Job instance at 0x7f7a9fb21e10>,4,28,[6 2],5,93,121,88,93
1,<environment.Job instance at 0x7f7aea353e60>,16,16,[ 5 13],17,122,138,105,109
1,<environment.Job instance at 0x7f7a9fb44fa0>,1,17,[12  1],2,138,155,136,136
1,<environment.Job instance at 0x7f7aea353550>,18,28,[14  2],19,155,183,136,154
1,<environment.Job instance at 0x7f7aea353a00>,20,23,[6 4],21,183,206,162,177
1,<environment.Job instance at 0x7f7ae349c9b0>,22,20,[ 1 11],23,177,197,154,177
1,<environment.Job instance at 0x7f7aea353820>,24,18,[ 5 13],25,206,224,181,195
1,<environment.Job instance at 0x7f7aea353690>,25,14,[12  2],26,224,238,198,209
1,<environment.Job instance at 0x7f7ae3307b90>,27,28,[1 5],28,224,252,196,223
1,<environment.Job instance at 0x7f7ae35c7230>,28,21,[14  5],29,238,259,209,230
1,<environment.Job instance at 0x7f7ae35c76e0>,29,25,[8 1],30,259,284,229,255
1,<environment.Job instance at 0x7f7ae362f6e0>,31,12,[12  3],32,284,296,252,267
1,<environment.Job instance at 0x7f7ae3572f50>,0,27,[ 2 12],1,1,28,0,1
1,<environment.Job instance at 0x7f7ae3572960>,2,12,[11  1],3,5,17,2,5
1,<environment.Job instance at 0x7f7a9fa287d0>,5,19,[ 3 11],6,28,47,22,18
1,<environment.Job instance at 0x7f7a9f3d9320>,8,26,[14  4],9,47,73,38,44
1,<environment.Job instance at 0x7f7ae33845a0>,10,23,[ 1 11],11,47,70,36,44
1,<environment.Job instance at 0x7f7aea842050>,12,23,[8 1],13,73,96,60,67
1,<environment.Job instance at 0x7f7a9f959960>,14,24,[4 7],15,73,97,58,68
1,<environment.Job instance at 0x7f7a9f959eb0>,16,21,[13  5],17,97,118,80,89
1,<environment.Job instance at 0x7f7a9f8a7d70>,17,17,[ 2 10],18,97,114,79,89
1,<environment.Job instance at 0x7f7a9f8a7690>,18,22,[4 7],19,118,140,99,111
1,<environment.Job instance at 0x7f7ae362f6e0>,3,22,[10  4],4,118,140,114,111
1,<environment.Job instance at 0x7f7aea860500>,21,27,[ 3 13],22,140,167,118,138
1,<environment.Job instance at 0x7f7ae9d9a0f0>,22,27,[4 8],23,167,194,144,165
1,<environment.Job instance at 0x7f7a9f5180a0>,23,17,[ 2 12],24,194,211,170,182
1,<environment.Job instance at 0x7f7ae9d9ab90>,24,22,[2 8],25,211,233,186,204
1,<environment.Job instance at 0x7f7a9f8a7960>,20,22,[3 5],21,211,233,190,204
1,<environment.Job instance at 0x7f7a9f60fe60>,25,15,[12  3],26,233,248,207,219
1,<environment.Job instance at 0x7f7aea12f910>,29,14,[6 2],30,219,233,189,219
1,<environment.Job instance at 0x7f7ae38b8aa0>,30,27,[10  3],31,248,275,217,246
1,<environment.Job instance at 0x7f7aea12f050>,31,28,[1 7],32,246,274,214,246
1,<environment.Job instance at 0x7f7ae330a3c0>,33,14,[ 1 13],34,275,289,241,260
1,<environment.Job instance at 0x7f7ae9e778c0>,0,28,[5 4],1,1,29,0,1
1,<environment.Job instance at 0x7f7ae31a3a00>,2,22,[12  5],3,29,51,26,22
1,<environment.Job instance at 0x7f7ae35721e0>,7,25,[10  4],8,51,76,43,47
1,<environment.Job instance at 0x7f7ae9d4b870>,8,22,[ 3 13],9,76,98,67,69
1,<environment.Job instance at 0x7f7ae9d4bc80>,9,24,[1 7],10,98,122,88,93
1,<environment.Job instance at 0x7f7a9f5cf5a0>,4,23,[13  3],5,98,121,93,95
1,<environment.Job instance at 0x7f7aea748820>,11,19,[12  4],12,127,146,115,127
1,<environment.Job instance at 0x7f7a9f4f7f50>,6,18,[14  4],7,146,164,139,138
1,<environment.Job instance at 0x7f7a9fad35f0>,15,23,[6 3],16,164,187,148,158
1,<environment.Job instance at 0x7f7a9fad36e0>,14,21,[14  2],15,187,208,172,181
1,<environment.Job instance at 0x7f7a9fdb40f0>,19,15,[9 2],20,208,223,188,198
1,<environment.Job instance at 0x7f7a9fdb44b0>,18,18,[13  4],19,223,241,204,212
1,<environment.Job instance at 0x7f7ae3644c30>,22,19,[ 5 13],23,241,260,218,232
1,<environment.Job instance at 0x7f7ae36445f0>,20,27,[9 5],21,264,291,243,264
1,<environment.Job instance at 0x7f2bc2513190>,0,24,[2 8],1,1,25,0,1
1,<environment.Job instance at 0x7f2bc2513320>,2,26,[10  1],3,4,30,1,4
1,<environment.Job instance at 0x7f2bbb104370>,4,24,[ 3 11],5,25,49,20,20
1,<environment.Job instance at 0x7f2bbb104690>,10,14,[ 1 14],11,49,63,38,34
1,<environment.Job instance at 0x7f2bbb1046e0>,12,22,[4 6],13,63,85,50,56
1,<environment.Job instance at 0x7f2bbb104820>,13,27,[3 8],14,63,90,49,61
1,<environment.Job instance at 0x7f2bbb1048c0>,14,14,[14  3],15,90,104,75,75
1,<environment.Job instance at 0x7f2bbb104960>,15,24,[ 2 13],16,104,128,88,99
1,<environment.Job instance at 0x7f2bbb104a00>,16,19,[ 3 12],17,128,147,111,118
1,<environment.Job instance at 0x7f2bbb104aa0>,17,18,[ 5 13],18,147,165,129,136
1,<environment.Job instance at 0x7f2bbb104be0>,19,21,[14  4],20,165,186,145,157
1,<environment.Job instance at 0x7f2bbb104eb0>,21,22,[14  2],22,186,208,164,179
1,<environment.Job instance at 0x7f2bbb104e60>,22,25,[ 4 12],23,208,233,185,204
1,<environment.Job instance at 0x7f2bbb108230>,24,20,[ 3 12],25,233,253,208,224
1,<environment.Job instance at 0x7f2bbb1082d0>,25,16,[11  3],26,225,241,199,225
1,<environment.Job instance at 0x7f2bbb108370>,26,20,[4 8],27,253,273,226,244
1,<environment.Job instance at 0x7f2bbb1042d0>,5,18,[7 5],6,253,271,247,244
1,<environment.Job instance at 0x7f2bbb108410>,27,25,[14  4],28,273,298,245,269
1,<environment.Job instance at 0x7f2bc26891e0>,1,25,[7 4],2,2,27,0,2
1,<environment.Job instance at 0x7f2bc2681320>,4,20,[5 7],5,5,25,0,5
1,<environment.Job instance at 0x7f2bc2681cd0>,2,20,[ 5 13],3,27,47,24,18
1,<environment.Job instance at 0x7f2bc2681b90>,8,12,[12  1],9,47,59,38,30
1,<environment.Job instance at 0x7f2bc2681050>,11,18,[ 3 12],12,47,65,35,36
1,<environment.Job instance at 0x7f2b820f0cd0>,12,21,[ 2 13],13,65,86,52,57
1,<environment.Job instance at 0x7f2bc2679640>,14,24,[5 6],15,86,110,71,81
1,<environment.Job instance at 0x7f2bc2679a00>,15,18,[11  5],16,110,128,94,99
1,<environment.Job instance at 0x7f2bc2679a50>,16,14,[14  1],17,128,142,111,113
1,<environment.Job instance at 0x7f2bc2681870>,7,21,[1 6],8,113,134,105,113
1,<environment.Job instance at 0x7f2bc253e230>,17,22,[12  1],18,142,164,124,135
1,<environment.Job instance at 0x7f2bc253ee10>,19,19,[4 7],20,164,183,144,154
1,<environment.Job instance at 0x7f2bc253ef00>,20,21,[4 6],21,164,185,143,156
1,<environment.Job instance at 0x7f2bc253e460>,21,27,[4 8],22,183,210,161,181
1,<environment.Job instance at 0x7f2bc253b910>,22,27,[5 4],23,185,212,162,183
1,<environment.Job instance at 0x7f2bc253b320>,23,18,[13  4],24,212,230,188,201
1,<environment.Job instance at 0x7f2bc253e050>,18,19,[1 9],19,210,229,191,206
1,<environment.Job instance at 0x7f2bc253bc80>,24,22,[2 9],25,229,251,204,222
1,<environment.Job instance at 0x7f2bc253ba50>,26,14,[ 3 14],27,251,265,224,236
1,<environment.Job instance at 0x7f2bc253b2d0>,27,21,[ 3 12],28,265,286,237,257
1,<environment.Job instance at 0x7f2b7734d960>,2,20,[5 7],3,3,23,0,3
1,<environment.Job instance at 0x7f2b7734d0a0>,4,28,[4 8],5,10,38,5,10
1,<environment.Job instance at 0x7f2b77354be0>,11,27,[7 2],12,23,50,11,21
1,<environment.Job instance at 0x7f2b773540f0>,9,17,[ 3 11],10,38,55,28,26
1,<environment.Job instance at 0x7f2b77354320>,13,12,[11  4],14,50,62,36,33
1,<environment.Job instance at 0x7f2b773545f0>,12,16,[14  3],13,64,80,51,64
1,<environment.Job instance at 0x7f2b77354780>,16,13,[ 5 13],17,80,93,63,64
1,<environment.Job instance at 0x7f2b773541e0>,17,20,[5 2],18,80,100,62,71
1,<environment.Job instance at 0x7f2b77354500>,18,20,[7 4],19,93,113,74,84
1,<environment.Job instance at 0x7f2b77354460>,15,28,[6 4],16,102,130,86,102
1,<environment.Job instance at 0x7f2b77354550>,5,23,[14  3],6,130,153,124,125
1,<environment.Job instance at 0x7f2b7735ad20>,21,22,[ 5 14],22,153,175,131,151
1,<environment.Job instance at 0x7f2b7735aaf0>,22,24,[14  3],23,175,199,152,170
1,<environment.Job instance at 0x7f2b7735ae60>,25,15,[11  2],26,199,214,173,196
1,<environment.Job instance at 0x7f2b77354230>,14,15,[14  3],15,214,229,199,200
1,<environment.Job instance at 0x7f2b7735a2d0>,26,24,[ 5 14],27,229,253,202,224
1,<environment.Job instance at 0x7f2b7735a550>,20,24,[11  3],21,253,277,232,249
1,<environment.Job instance at 0x7f2b7735aa00>,28,15,[ 5 11],29,277,292,248,263
1,<environment.Job instance at 0x7f2b774a70a0>,0,28,[1 7],1,1,29,0,1
1,<environment.Job instance at 0x7f2b774a72d0>,1,22,[4 8],2,2,24,0,2
1,<environment.Job instance at 0x7f2b773f6b40>,4,24,[12  1],5,24,48,19,19
1,<environment.Job instance at 0x7f2b773f6a00>,11,26,[5 3],12,48,74,36,45
1,<environment.Job instance at 0x7f2b774e15a0>,14,20,[7 3],15,48,68,33,48
1,<environment.Job instance at 0x7f2b774e1a50>,13,15,[ 3 11],14,68,83,54,56
1,<environment.Job instance at 0x7f2b773f65a0>,12,18,[11  4],13,74,92,61,65
1,<environment.Job instance at 0x7f2b774e12d0>,18,20,[12  2],19,92,112,73,83
1,<environment.Job instance at 0x7f2b774e1cd0>,16,12,[ 3 11],17,84,96,67,84
1,<environment.Job instance at 0x7f2b774e1320>,19,24,[ 5 11],20,112,136,92,107
1,<environment.Job instance at 0x7f2b774e1640>,21,27,[ 4 12],22,136,163,114,134
1,<environment.Job instance at 0x7f2b774e1be0>,22,23,[5 7],23,163,186,140,157
1,<environment.Job instance at 0x7f2b773f6280>,6,18,[13  2],7,186,204,179,176
1,<environment.Job instance at 0x7f2b778f9820>,25,17,[ 2 14],26,204,221,178,198
1,<environment.Job instance at 0x7f2b778da690>,28,16,[ 5 14],29,221,237,192,208
1,<environment.Job instance at 0x7f2b774e1780>,23,13,[11  3],24,237,250,213,221
1,<environment.Job instance at 0x7f2b778dab40>,29,13,[12  5],30,250,263,220,248
1,<environment.Job instance at 0x7f2b778dae10>,32,26,[13  4],33,263,289,230,260
1,<environment.Job instance at 0x7f2b774a70f0>,0,24,[12  5],1,1,25,0,1
1,<environment.Job instance at 0x7f2b778da0a0>,1,19,[ 2 14],2,25,44,23,15
1,<environment.Job instance at 0x7f2b773f9050>,7,24,[ 3 11],8,44,68,36,39
1,<environment.Job instance at 0x7f2b77537780>,8,17,[9 1],9,39,56,30,39
1,<environment.Job instance at 0x7f2b77537f50>,9,25,[12  3],10,56,81,46,52
1,<environment.Job instance at 0x7f2b775379b0>,10,12,[ 2 12],11,68,80,57,52
1,<environment.Job instance at 0x7f2b774e2140>,12,27,[ 2 11],13,80,107,67,78
1,<environment.Job instance at 0x7f2b777bb1e0>,13,27,[ 3 14],14,107,134,93,105
1,<environment.Job instance at 0x7f2b778cfe60>,14,12,[3 5],15,134,146,119,117
1,<environment.Job instance at 0x7f2b778cfaa0>,16,28,[5 2],17,134,162,117,133
1,<environment.Job instance at 0x7f2b778cf500>,17,28,[13  5],18,162,190,144,161
1,<environment.Job instance at 0x7f2b778cf280>,18,26,[8 3],19,190,216,171,187
1,<environment.Job instance at 0x7f2b778cfc30>,19,19,[6 4],20,190,209,170,187
1,<environment.Job instance at 0x7f2b778cf640>,20,22,[5 6],21,209,231,188,202
1,<environment.Job instance at 0x7f2b77860550>,21,14,[ 3 11],22,231,245,209,216
1,<environment.Job instance at 0x7f2b778605f0>,22,27,[ 3 14],23,245,272,222,243
1,<environment.Job instance at 0x7f2b778606e0>,23,15,[14  1],24,272,287,248,258
1,<environment.Job instance at 0x7f2b7730fcd0>,0,28,[9 5],1,1,29,0,1
1,<environment.Job instance at 0x7f2b7730fc30>,1,12,[ 5 12],2,186,198,184,186
1,<environment.Job instance at 0x7f2b7730faa0>,6,13,[12  1],7,198,211,191,186
1,<environment.Job instance at 0x7f2bbb372b90>,8,24,[3 9],9,198,222,189,193
1,<environment.Job instance at 0x7f2bc208baa0>,11,14,[ 4 13],12,222,236,210,207
1,<environment.Job instance at 0x7f2bc208b820>,12,12,[14  3],13,236,248,223,223
1,<environment.Job instance at 0x7f2b777f1230>,2,26,[9 3],3,248,274,245,246
1,<environment.Job instance at 0x7f2bc208b460>,14,21,[ 1 12],15,252,273,237,252
1,<environment.Job instance at 0x7f2b7730ffa0>,3,27,[ 5 13],4,274,301,270,274
1,<environment.Job instance at 0x7f2b775371e0>,3,16,[ 5 14],4,6,22,2,6
1,<environment.Job instance at 0x7f2b77490a50>,6,25,[13  1],7,22,47,15,18
1,<environment.Job instance at 0x7f2bbaee7cd0>,1,24,[14  4],2,47,71,45,42
1,<environment.Job instance at 0x7f2b778d5a00>,10,14,[ 1 13],11,71,85,60,56
1,<environment.Job instance at 0x7f2b778d51e0>,11,28,[ 2 10],12,85,113,73,84
1,<environment.Job instance at 0x7f2b778d55a0>,12,22,[7 5],13,85,107,72,84
1,<environment.Job instance at 0x7f2b778d59b0>,13,16,[11  3],14,107,123,93,94
1,<environment.Job instance at 0x7f2b778d5f50>,14,18,[ 5 12],15,123,141,108,112
1,<environment.Job instance at 0x7f2b778d5960>,15,24,[ 2 12],16,141,165,125,136
1,<environment.Job instance at 0x7f2b778d5140>,16,24,[ 1 13],17,165,189,148,160
1,<environment.Job instance at 0x7f2b77938820>,18,23,[4 5],19,189,212,170,183
1,<environment.Job instance at 0x7f2bc1985be0>,19,25,[1 9],20,189,214,169,185
1,<environment.Job instance at 0x7f2b7774b320>,7,13,[7 5],8,212,225,204,199
1,<environment.Job instance at 0x7f2b776d50f0>,24,18,[14  1],25,225,243,200,215
1,<environment.Job instance at 0x7f2b776d5b90>,25,14,[13  5],26,243,257,217,231
1,<environment.Job instance at 0x7f2bbb0841e0>,26,21,[ 1 14],27,257,278,230,249
1,<environment.Job instance at 0x7f2b778e0730>,27,12,[5 1],28,257,269,229,249
1,<environment.Job instance at 0x7f2b778e06e0>,28,22,[12  2],29,278,300,249,271
1,<environment.Job instance at 0x7f2bbb1b3e10>,1,23,[14  1],2,3,26,1,3
1,<environment.Job instance at 0x7f2b778e06e0>,2,17,[ 1 14],3,8,25,5,8
1,<environment.Job instance at 0x7f2bbb43caf0>,4,19,[ 4 11],5,26,45,21,16
1,<environment.Job instance at 0x7f2b77490fa0>,6,16,[13  3],7,45,61,38,32
1,<environment.Job instance at 0x7f2b7774bb90>,8,19,[ 1 14],9,61,80,52,52
1,<environment.Job instance at 0x7f2b779d2500>,10,28,[ 4 11],11,80,108,69,80
1,<environment.Job instance at 0x7f2b779d2a50>,12,24,[5 2],13,81,105,68,81
1,<environment.Job instance at 0x7f2bbb43ce10>,3,16,[12  2],4,108,124,104,95
1,<environment.Job instance at 0x7f2b779d2280>,13,14,[ 4 12],14,124,138,110,118
1,<environment.Job instance at 0x7f2b779d2af0>,14,27,[5 1],15,124,151,109,124
1,<environment.Job instance at 0x7f2b779d2d70>,15,27,[ 2 11],16,138,165,122,136
1,<environment.Job instance at 0x7f2bbb244fa0>,17,18,[9 1],18,151,169,133,140
1,<environment.Job instance at 0x7f2b779d2aa0>,18,14,[14  2],19,169,183,150,154
1,<environment.Job instance at 0x7f2bbb2530f0>,20,23,[12  5],21,183,206,162,177
1,<environment.Job instance at 0x7f2bbb253050>,21,23,[3 9],22,186,209,164,186
1,<environment.Job instance at 0x7f2bbb253140>,22,19,[5 3],23,206,225,183,205
1,<environment.Job instance at 0x7f2bbb253320>,23,12,[14  4],24,225,237,201,208
1,<environment.Job instance at 0x7f2bbb2533c0>,24,21,[6 4],25,237,258,212,230
1,<environment.Job instance at 0x7f2bbb253410>,25,26,[7 5],26,237,263,211,235
1,<environment.Job instance at 0x7f2bbb2534b0>,26,17,[ 3 14],27,263,280,236,251
1,<environment.Job instance at 0x7f2bbb253460>,27,14,[8 2],28,280,294,252,276
1,<environment.Job instance at 0x7f2b774d85a0>,0,23,[ 3 11],1,1,24,0,1
1,<environment.Job instance at 0x7f2b7774bc80>,1,20,[7 4],2,2,22,0,2
1,<environment.Job instance at 0x7f2bbb43cb90>,2,22,[ 2 10],3,24,46,21,17
1,<environment.Job instance at 0x7f2bbb59fe60>,12,17,[1 8],13,46,63,33,36
1,<environment.Job instance at 0x7f2bbb59fc30>,13,18,[14  3],14,46,64,32,42
1,<environment.Job instance at 0x7f2bbb59f640>,11,16,[14  4],12,64,80,52,52
1,<environment.Job instance at 0x7f2b776ff050>,17,18,[ 1 12],18,80,98,62,69
1,<environment.Job instance at 0x7f2bbb248640>,7,17,[5 7],8,98,115,90,86
1,<environment.Job instance at 0x7f2bbb248280>,4,25,[2 7],5,98,123,93,95
1,<environment.Job instance at 0x7f2b776ffdc0>,19,26,[6 2],20,115,141,95,113
1,<environment.Job instance at 0x7f2bbb59f5a0>,15,22,[ 5 12],16,128,150,112,128
1,<environment.Job instance at 0x7f2bbb1e99b0>,22,20,[14  3],23,150,170,127,144
1,<environment.Job instance at 0x7f2b77816c30>,20,25,[ 4 14],21,170,195,149,168
1,<environment.Job instance at 0x7f2bbb1e91e0>,23,25,[14  5],24,195,220,171,192
1,<environment.Job instance at 0x7f2bbaf5a6e0>,25,14,[14  1],26,220,234,194,205
1,<environment.Job instance at 0x7f2b77749190>,29,16,[14  1],30,234,250,204,221
1,<environment.Job instance at 0x7f2b77749b90>,30,18,[10  5],31,250,268,219,244
1,<environment.Job instance at 0x7f2b77749780>,31,24,[ 3 12],32,268,292,236,266
1,<environment.Job instance at 0x7f2b77754460>,1,25,[5 5],2,2,27,0,2
1,<environment.Job instance at 0x7f2bc1a41410>,3,22,[5 3],4,6,28,2,6
1,<environment.Job instance at 0x7f2bbb41e0a0>,2,26,[2 9],3,27,53,24,24
1,<environment.Job instance at 0x7f2bc1b4e500>,8,22,[ 2 11],9,53,75,44,46
1,<environment.Job instance at 0x7f2bc1a41b40>,4,15,[12  4],5,48,63,43,48
1,<environment.Job instance at 0x7f2bbaf6b320>,9,23,[14  4],10,75,98,65,69
1,<environment.Job instance at 0x7f2b774a7e60>,6,27,[ 1 11],7,75,102,68,73
1,<environment.Job instance at 0x7f2bbaf6b5f0>,11,12,[ 1 12],12,102,114,90,85
1,<environment.Job instance at 0x7f2bbaf6b0f0>,13,26,[5 5],14,114,140,100,111
1,<environment.Job instance at 0x7f2bbaf6bf00>,12,18,[10  2],13,112,130,99,112
1,<environment.Job instance at 0x7f2b772bef50>,14,16,[11  2],15,140,156,125,131
1,<environment.Job instance at 0x7f2b779dabe0>,18,27,[ 2 10],19,131,158,112,131
1,<environment.Job instance at 0x7f2bc1b5c910>,19,20,[ 1 11],20,158,178,138,149
1,<environment.Job instance at 0x7f2bbb300730>,20,27,[11  5],21,178,205,157,176
1,<environment.Job instance at 0x7f2bc19eb6e0>,21,14,[ 5 14],22,205,219,183,191
1,<environment.Job instance at 0x7f2bc1f9dd70>,23,25,[9 2],24,219,244,195,215
1,<environment.Job instance at 0x7f2bc1cb1b90>,25,24,[ 5 13],26,224,248,198,224
1,<environment.Job instance at 0x7f2b7798a140>,26,15,[ 5 14],27,248,263,221,234
1,<environment.Job instance at 0x7f2b7798ad70>,27,22,[ 4 11],28,263,285,235,256
1,<environment.Job instance at 0x7f2bbb0f56e0>,28,13,[ 5 13],29,285,298,256,269
1,<environment.Job instance at 0x7f2b776d62d0>,1,22,[5 5],2,2,24,0,2
1,<environment.Job instance at 0x7f2b775f4c80>,4,26,[6 1],5,6,32,1,6
1,<environment.Job instance at 0x7f2b77856be0>,2,25,[7 5],3,24,49,21,20
1,<environment.Job instance at 0x7f2bbb0f56e0>,3,14,[4 9],4,32,46,28,20
1,<environment.Job instance at 0x7f2b778ea2d0>,12,21,[6 4],13,46,67,33,38
1,<environment.Job instance at 0x7f2bc2537c30>,13,27,[ 2 11],14,49,76,35,47
1,<environment.Job instance at 0x7f2bc2537960>,14,20,[14  2],15,76,96,61,67
1,<environment.Job instance at 0x7f2b777493c0>,15,26,[14  1],16,96,122,80,93
1,<environment.Job instance at 0x7f2b77749aa0>,17,25,[13  1],18,122,147,104,119
1,<environment.Job instance at 0x7f2b77749e10>,18,22,[5 8],19,147,169,128,140
1,<environment.Job instance at 0x7f2bbb3a8c30>,8,15,[ 3 11],9,169,184,160,155
1,<environment.Job instance at 0x7f2bbb0baaa0>,6,25,[14  4],7,184,209,177,180
1,<environment.Job instance at 0x7f2bbb17e960>,5,21,[ 5 14],6,209,230,203,203
1,<environment.Job instance at 0x7f2b77749500>,22,24,[12  4],23,230,254,207,225
1,<environment.Job instance at 0x7f2b77749f50>,20,14,[14  4],21,254,268,233,240
1,<environment.Job instance at 0x7f2b772ef190>,27,23,[2 6],28,268,291,240,262
1,<environment.Job instance at 0x7f2bbb0bae60>,0,12,[ 1 12],1,1,13,0,1
1,<environment.Job instance at 0x7f2b772ef140>,1,21,[ 2 12],2,13,34,11,5
1,<environment.Job instance at 0x7f2b772f2910>,5,28,[9 3],6,6,34,0,6
1,<environment.Job instance at 0x7f2b772f2fa0>,6,14,[11  3],7,34,48,27,21
1,<environment.Job instance at 0x7f2b772f2820>,9,26,[3 8],10,34,60,24,31
1,<environment.Job instance at 0x7f2bc1909af0>,11,24,[13  4],12,60,84,48,55
1,<environment.Job instance at 0x7f2b772f2780>,8,22,[ 1 10],9,60,82,51,55
1,<environment.Job instance at 0x7f2bc19095f0>,12,27,[8 2],13,84,111,71,82
1,<environment.Job instance at 0x7f2bc1909370>,14,27,[4 5],15,84,111,69,82
1,<environment.Job instance at 0x7f2bc1909820>,15,23,[12  2],16,111,134,95,105
1,<environment.Job instance at 0x7f2bc1909690>,17,20,[1 9],18,111,131,93,108
1,<environment.Job instance at 0x7f2b772905f0>,18,14,[13  1],19,134,148,115,122
1,<environment.Job instance at 0x7f2b77290280>,19,18,[ 2 13],20,131,149,111,122
1,<environment.Job instance at 0x7f2b77290b90>,20,17,[ 4 11],21,149,166,128,137
1,<environment.Job instance at 0x7f2bc1e51be0>,22,14,[ 3 11],23,166,180,143,151
1,<environment.Job instance at 0x7f2b772f2d70>,4,24,[9 3],5,167,191,162,167
1,<environment.Job instance at 0x7f2bc1e51e10>,23,17,[ 5 13],24,191,208,167,179
1,<environment.Job instance at 0x7f2bc1e516e0>,25,13,[ 3 13],26,208,221,182,192
1,<environment.Job instance at 0x7f2bc2512e10>,26,14,[12  1],27,208,222,181,198
1,<environment.Job instance at 0x7f2bc1e513c0>,28,17,[ 3 13],29,221,238,192,209
1,<environment.Job instance at 0x7f2b7774cf50>,29,28,[3 7],30,238,266,208,237
1,<environment.Job instance at 0x7f2b772ef190>,2,15,[13  4],3,266,281,263,252
1,<environment.Job instance at 0x7f2bc1ab7870>,4,28,[ 5 11],5,5,33,0,5
1,<environment.Job instance at 0x7f2b77938640>,7,24,[10  2],8,11,35,3,11
1,<environment.Job instance at 0x7f2b772ef190>,6,23,[ 5 11],7,62,85,55,62
1,<environment.Job instance at 0x7f2bbb217870>,9,17,[9 4],10,62,79,52,62
1,<environment.Job instance at 0x7f2b776e70f0>,10,13,[12  1],11,85,98,74,69
1,<environment.Job instance at 0x7f2bc1ab7e60>,3,20,[ 5 12],4,248,268,244,248
1,<environment.Job instance at 0x7f2bbb217910>,0,19,[5 8],1,1,20,0,1
1,<environment.Job instance at 0x7f2bc2065910>,1,27,[12  3],2,20,47,18,18
1,<environment.Job instance at 0x7f2bbb3a8690>,6,24,[ 5 12],7,47,71,40,42
1,<environment.Job instance at 0x7f2bc2065780>,2,19,[8 1],3,51,70,48,51
1,<environment.Job instance at 0x7f2bbb3b0320>,10,14,[14  5],11,71,85,60,58
1,<environment.Job instance at 0x7f2bbb292e60>,13,19,[ 4 11],14,85,104,71,75
1,<environment.Job instance at 0x7f2bc1ab7910>,8,24,[7 2],9,86,110,77,86
1,<environment.Job instance at 0x7f2bbb292460>,11,14,[ 3 12],12,104,118,92,93
1,<environment.Job instance at 0x7f2bbb292a00>,16,17,[13  5],17,118,135,101,106
1,<environment.Job instance at 0x7f2b77850500>,20,15,[13  5],21,135,150,114,125
1,<environment.Job instance at 0x7f2b77850d70>,22,28,[13  3],23,150,178,127,149
1,<environment.Job instance at 0x7f2b77850780>,23,25,[ 1 14],24,178,203,154,174
1,<environment.Job instance at 0x7f2bbb4b74b0>,24,19,[13  4],25,203,222,178,193
1,<environment.Job instance at 0x7f2bbb4b7b40>,26,16,[ 5 13],27,222,238,195,209
1,<environment.Job instance at 0x7f2bbb4b7e60>,27,25,[ 4 11],28,238,263,210,234
1,<environment.Job instance at 0x7f2bbb4b7190>,28,21,[1 6],29,263,284,234,255
1,<environment.Job instance at 0x7f2bbb4de2d0>,0,18,[ 2 10],1,2,20,1,2
1,<environment.Job instance at 0x7f2bbb4b79b0>,2,24,[14  4],3,20,44,17,16
1,<environment.Job instance at 0x7f2bbaf90a50>,8,25,[ 1 12],9,44,69,35,40
1,<environment.Job instance at 0x7f2bbafb42d0>,10,27,[ 2 13],11,69,96,58,67
1,<environment.Job instance at 0x7f2bbafb40a0>,11,20,[14  5],12,96,116,84,87
1,<environment.Job instance at 0x7f2bbafb4370>,12,25,[ 3 12],13,116,141,103,112
1,<environment.Job instance at 0x7f2b777f7a50>,13,14,[13  1],14,141,155,127,126
1,<environment.Job instance at 0x7f2bc1d7c4b0>,15,13,[ 2 12],16,142,155,126,142
1,<environment.Job instance at 0x7f2bc1d7c820>,16,12,[14  2],17,155,167,138,142
1,<environment.Job instance at 0x7f2bbb4dec30>,1,18,[13  2],2,167,185,165,166
1,<environment.Job instance at 0x7f2bc1d7c0f0>,17,28,[7 1],18,185,213,167,184
1,<environment.Job instance at 0x7f2bbafc62d0>,19,22,[2 7],20,186,208,166,186
1,<environment.Job instance at 0x7f2b774ea960>,21,27,[6 2],22,187,214,165,187
1,<environment.Job instance at 0x7f2b7712d050>,24,16,[ 2 11],25,208,224,183,200
1,<environment.Job instance at 0x7f2b7712d0f0>,25,27,[ 5 12],26,224,251,198,222
1,<environment.Job instance at 0x7f2b7712da50>,26,17,[ 4 13],27,251,268,224,239
1,<environment.Job instance at 0x7f2b7712d960>,27,28,[9 4],28,268,296,240,267
1,<environment.Job instance at 0x7f2b777f7690>,0,21,[5 3],1,1,22,0,1
1,<environment.Job instance at 0x7f2bbae6b050>,1,24,[ 4 12],2,2,26,0,2
1,<environment.Job instance at 0x7f2b772b7550>,2,12,[14  4],3,26,38,23,9
1,<environment.Job instance at 0x7f2b771a9550>,8,25,[1 7],9,26,51,17,22
1,<environment.Job instance at 0x7f2b771a9910>,10,25,[ 2 11],11,51,76,40,47
1,<environment.Job instance at 0x7f2b77595cd0>,11,26,[1 9],12,76,102,64,73
1,<environment.Job instance at 0x7f2b77595eb0>,12,28,[9 3],13,73,101,60,73
1,<environment.Job instance at 0x7f2b77595c80>,13,21,[12  3],14,101,122,87,93
1,<environment.Job instance at 0x7f2b77595aa0>,14,28,[11  3],15,122,150,107,121
1,<environment.Job instance at 0x7f2bc1a42af0>,16,20,[ 4 11],17,122,142,105,121
1,<environment.Job instance at 0x7f2bc1a42550>,17,27,[ 3 13],18,150,177,132,148
1,<environment.Job instance at 0x7f2bc1a422d0>,18,22,[ 2 11],19,177,199,158,170
1,<environment.Job instance at 0x7f2bc1a42640>,19,24,[ 2 13],20,199,223,179,194
1,<environment.Job instance at 0x7f2bbb172fa0>,23,20,[5 4],24,223,243,199,214
1,<environment.Job instance at 0x7f2bbb172aa0>,24,15,[ 3 12],25,243,258,218,229
1,<environment.Job instance at 0x7f2bbb172d70>,27,20,[14  4],28,258,278,230,249
1,<environment.Job instance at 0x7f2b772bca50>,0,13,[14  1],1,2,15,1,2
1,<environment.Job instance at 0x7f2bbb172320>,2,22,[1 6],3,3,25,0,3
1,<environment.Job instance at 0x7f2b77595b40>,3,16,[ 2 12],4,25,41,21,12
1,<environment.Job instance at 0x7f2b7786df00>,7,24,[5 2],8,15,39,7,12
1,<environment.Job instance at 0x7f2b7786dbe0>,8,23,[ 2 13],9,41,64,32,35
1,<environment.Job instance at 0x7f2b771a9820>,9,13,[14  1],10,64,77,54,48
1,<environment.Job instance at 0x7f2b771e58c0>,10,22,[ 1 11],11,64,86,53,57
1,<environment.Job instance at 0x7f2bbb3a86e0>,11,23,[3 8],12,86,109,74,80
1,<environment.Job instance at 0x7f2b7736cd20>,12,13,[ 3 12],13,109,122,96,93
1,<environment.Job instance at 0x7f2bbb093550>,13,14,[ 2 11],14,122,136,108,107
1,<environment.Job instance at 0x7f2bbb093be0>,14,25,[5 8],15,136,161,121,132
1,<environment.Job instance at 0x7f2bc1a42730>,16,26,[10  4],17,132,158,115,132
1,<environment.Job instance at 0x7f2bc1a42c80>,21,20,[3 8],22,161,181,139,152
1,<environment.Job instance at 0x7f2bc1b28640>,22,15,[11  1],23,161,176,138,155
1,<environment.Job instance at 0x7f2b772bc730>,1,18,[1 5],2,158,176,156,156
1,<environment.Job instance at 0x7f2bc1b28b90>,26,22,[2 5],27,176,198,149,169
1,<environment.Job instance at 0x7f2bc1b28eb0>,27,28,[5 9],28,181,209,153,180
1,<environment.Job instance at 0x7f2bc1b28730>,28,21,[2 8],29,209,230,180,201
1,<environment.Job instance at 0x7f2bc1b28f50>,29,14,[11  2],30,209,223,179,204
1,<environment.Job instance at 0x7f2bc1b28cd0>,30,28,[14  3],31,230,258,199,229
1,<environment.Job instance at 0x7f2b77452cd0>,31,22,[ 5 12],32,258,280,226,251
1,<environment.Job instance at 0x7f2b77452320>,32,16,[11  2],33,280,296,247,267
1,<environment.Job instance at 0x7f2b77a796e0>,0,21,[5 9],1,1,22,0,1
1,<environment.Job instance at 0x7f2b771a96e0>,2,14,[ 5 12],3,22,36,19,7
1,<environment.Job instance at 0x7f2bbb58ef50>,7,23,[14  1],8,36,59,28,30
1,<environment.Job instance at 0x7f2b772239b0>,8,14,[12  1],9,59,73,50,44
1,<environment.Job instance at 0x7f2bbb28f910>,10,20,[8 4],11,73,93,62,64
1,<environment.Job instance at 0x7f2b7786c960>,11,23,[ 5 12],12,93,116,81,87
1,<environment.Job instance at 0x7f2b7786cf50>,12,21,[10  4],13,116,137,103,108
1,<environment.Job instance at 0x7f2b7786c640>,13,24,[6 1],14,137,161,123,132
1,<environment.Job instance at 0x7f2bbb39d050>,14,12,[ 1 13],15,137,149,122,132
1,<environment.Job instance at 0x7f2bbb39d7d0>,16,27,[8 1],17,137,164,120,135
1,<environment.Job instance at 0x7f2bbb39dc80>,17,12,[ 4 13],18,161,173,143,144
1,<environment.Job instance at 0x7f2bbb39d280>,18,16,[ 3 11],19,173,189,154,160
1,<environment.Job instance at 0x7f2b7745adc0>,19,23,[8 2],20,164,187,144,160
1,<environment.Job instance at 0x7f2b7745a230>,20,17,[11  5],21,189,206,168,177
1,<environment.Job instance at 0x7f2b7745ac30>,21,27,[5 3],22,206,233,184,204
1,<environment.Job instance at 0x7f2b77204410>,22,21,[7 1],23,206,227,183,204
1,<environment.Job instance at 0x7f2bbb075780>,25,12,[ 4 14],26,233,245,207,216
1,<environment.Job instance at 0x7f2b7745aaf0>,26,25,[7 1],27,227,252,200,223
1,<environment.Job instance at 0x7f2b7747e6e0>,29,28,[4 9],30,245,273,215,244
1,<environment.Job instance at 0x7f2b771f7500>,30,28,[5 4],31,252,280,221,251
1,<environment.Job instance at 0x7f2bbaead320>,0,19,[7 4],1,2,21,1,2
1,<environment.Job instance at 0x7f2b777a1370>,3,21,[7 2],4,4,25,0,4
1,<environment.Job instance at 0x7f2b774b41e0>,8,26,[ 4 11],9,21,47,12,18
1,<environment.Job instance at 0x7f2b774b4cd0>,6,27,[8 3],7,25,52,18,23
1,<environment.Job instance at 0x7f2b774b45a0>,9,19,[12  4],10,52,71,42,42
1,<environment.Job instance at 0x7f2b774b4050>,11,18,[12  2],12,71,89,59,60
1,<environment.Job instance at 0x7f2b774b4370>,13,23,[11  5],14,89,112,75,83
1,<environment.Job instance at 0x7f2bbaeadf50>,1,14,[13  4],2,112,126,110,97
1,<environment.Job instance at 0x7f2b771f7050>,5,24,[11  5],6,127,151,121,127
1,<environment.Job instance at 0x7f2b7708feb0>,14,22,[11  1],15,151,173,136,144
1,<environment.Job instance at 0x7f2b7708f050>,16,16,[ 1 13],17,151,167,134,145
1,<environment.Job instance at 0x7f2b7708ff00>,19,27,[ 2 14],20,169,196,149,169
1,<environment.Job instance at 0x7f2b7708f1e0>,18,28,[13  1],19,173,201,154,172
1,<environment.Job instance at 0x7f2b7708fb40>,20,27,[ 3 13],21,201,228,180,199
1,<environment.Job instance at 0x7f2b7708fdc0>,21,15,[13  2],22,228,243,206,214
1,<environment.Job instance at 0x7f2b7708f0a0>,23,19,[ 5 12],24,243,262,219,233
1,<environment.Job instance at 0x7f2b7708f820>,24,28,[8 4],25,262,290,237,261
1,<environment.Job instance at 0x7f2b7708f960>,25,12,[11  3],26,290,302,264,274
1,<environment.Job instance at 0x7f2b77133a00>,2,24,[11  2],3,4,28,1,4
1,<environment.Job instance at 0x7f2b77133190>,0,21,[13  1],1,28,49,27,20
1,<environment.Job instance at 0x7f2b7769ce10>,7,17,[1 7],8,20,37,12,20
1,<environment.Job instance at 0x7f2b7769cdc0>,8,25,[8 1],9,49,74,40,45
1,<environment.Job instance at 0x7f2bbb4c2eb0>,5,28,[ 1 13],6,45,73,39,45
1,<environment.Job instance at 0x7f2b7769cf00>,9,12,[12  5],10,74,86,64,57
1,<environment.Job instance at 0x7f2b77691d70>,13,21,[13  2],14,86,107,72,78
1,<environment.Job instance at 0x7f2b77691e60>,11,15,[1 8],12,78,93,66,78
1,<environment.Job instance at 0x7f2b774b0d70>,17,28,[7 3],18,107,135,89,106
1,<environment.Job instance at 0x7f2b776912d0>,18,25,[4 8],19,107,132,88,106
1,<environment.Job instance at 0x7f2bbb1bbc30>,4,17,[9 4],5,135,152,130,126
1,<environment.Job instance at 0x7f2bbb19ea00>,22,18,[3 8],23,132,150,109,126
1,<environment.Job instance at 0x7f2b7748ce60>,20,16,[13  2],21,152,168,131,141
1,<environment.Job instance at 0x7f2bc228b820>,23,22,[ 1 10],24,151,173,127,151
1,<environment.Job instance at 0x7f2b77799c30>,25,23,[9 3],26,168,191,142,162
1,<environment.Job instance at 0x7f2b77497e60>,26,23,[8 1],27,191,214,164,189
1,<environment.Job instance at 0x7f2bc20dc780>,27,21,[13  4],28,214,235,186,206
1,<environment.Job instance at 0x7f2bc20dca50>,28,23,[4 8],29,235,258,206,234
1,<environment.Job instance at 0x7f2b77799e10>,24,28,[13  5],25,258,286,233,257
1,<environment.Job instance at 0x7f816542a230>,0,24,[2 8],1,1,25,0,1
1,<environment.Job instance at 0x7f816542a0f0>,2,26,[10  1],3,3,29,0,3
1,<environment.Job instance at 0x7f816001a2d0>,3,15,[13  4],4,29,44,25,18
1,<environment.Job instance at 0x7f816001a5f0>,10,14,[ 1 14],11,44,58,33,29
1,<environment.Job instance at 0x7f816001a7d0>,12,22,[4 6],13,58,80,45,51
1,<environment.Job instance at 0x7f816001a9b0>,13,27,[3 8],14,58,85,44,56
1,<environment.Job instance at 0x7f816001aa50>,14,14,[14  3],15,85,99,70,70
1,<environment.Job instance at 0x7f816001ab90>,16,19,[ 3 12],17,99,118,82,89
1,<environment.Job instance at 0x7f816001ac30>,17,18,[ 5 13],18,118,136,100,107
1,<environment.Job instance at 0x7f816001aeb0>,19,21,[14  4],20,136,157,116,128
1,<environment.Job instance at 0x7f816001a640>,8,24,[ 2 12],9,157,181,148,152
1,<environment.Job instance at 0x7f816001aa00>,22,25,[ 4 12],23,181,206,158,177
1,<environment.Job instance at 0x7f816001af00>,21,22,[14  2],22,206,228,184,199
1,<environment.Job instance at 0x7f816001c230>,24,20,[ 3 12],25,228,248,203,219
1,<environment.Job instance at 0x7f816001c2d0>,25,16,[11  3],26,228,244,202,220
1,<environment.Job instance at 0x7f816001c370>,26,20,[4 8],27,248,268,221,239
1,<environment.Job instance at 0x7f816001c410>,27,25,[14  4],28,268,293,240,264
1,<environment.Job instance at 0x7f816001c320>,1,18,[ 3 12],2,2,20,0,2
1,<environment.Job instance at 0x7f81655985a0>,2,21,[ 2 13],3,20,41,17,12
1,<environment.Job instance at 0x7f816559db40>,7,22,[12  1],8,16,38,8,16
1,<environment.Job instance at 0x7f816559deb0>,9,19,[4 7],10,41,60,31,31
1,<environment.Job instance at 0x7f816559d1e0>,10,21,[4 6],11,41,62,30,33
1,<environment.Job instance at 0x7f816559d2d0>,11,27,[4 8],12,60,87,48,58
1,<environment.Job instance at 0x7f8165598910>,4,24,[5 6],5,62,86,57,59
1,<environment.Job instance at 0x7f816559d690>,12,27,[5 4],13,86,113,73,84
1,<environment.Job instance at 0x7f816559d3c0>,14,22,[2 9],15,87,109,72,84
1,<environment.Job instance at 0x7f8165590a50>,16,14,[ 3 14],17,113,127,96,98
1,<environment.Job instance at 0x7f8165590f50>,17,21,[ 3 12],18,127,148,109,119
1,<environment.Job instance at 0x7f8165590c30>,18,26,[ 1 11],19,148,174,129,145
1,<environment.Job instance at 0x7f816559bc30>,19,28,[3 6],20,174,202,154,173
1,<environment.Job instance at 0x7f816559b500>,20,21,[ 3 12],21,202,223,181,194
1,<environment.Job instance at 0x7f816559b7d0>,21,17,[ 2 11],22,223,240,201,212
1,<environment.Job instance at 0x7f816559bbe0>,23,14,[11  1],24,212,226,188,212
1,<environment.Job instance at 0x7f816559b2d0>,24,26,[ 3 12],25,240,266,215,237
1,<environment.Job instance at 0x7f816559b960>,25,24,[4 7],26,266,290,240,261
1,<environment.Job instance at 0x7f811a4a1690>,0,24,[11  3],1,1,25,0,1
1,<environment.Job instance at 0x7f811a4a11e0>,1,22,[ 5 14],2,25,47,23,18
1,<environment.Job instance at 0x7f811a2e2640>,6,24,[ 5 14],7,47,71,40,42
1,<environment.Job instance at 0x7f811a2e26e0>,7,28,[11  1],8,71,99,63,70
1,<environment.Job instance at 0x7f811a2e29b0>,5,15,[11  2],6,99,114,93,86
1,<environment.Job instance at 0x7f811a2e23c0>,8,15,[ 5 11],9,114,129,105,100
1,<environment.Job instance at 0x7f811a2e2140>,9,21,[6 4],10,114,135,104,106
1,<environment.Job instance at 0x7f811a2e4cd0>,14,19,[10  4],15,135,154,120,125
1,<environment.Job instance at 0x7f811a2e4c30>,13,24,[ 5 11],14,129,153,115,125
1,<environment.Job instance at 0x7f811a2e4e60>,16,12,[ 3 12],17,154,166,137,142
1,<environment.Job instance at 0x7f811a3f1370>,19,15,[ 5 13],20,166,181,146,152
1,<environment.Job instance at 0x7f811a3f1f00>,21,24,[5 1],22,159,183,137,159
1,<environment.Job instance at 0x7f811a3f1d20>,22,23,[ 1 13],23,181,204,158,175
1,<environment.Job instance at 0x7f811a3f1730>,23,12,[12  2],24,183,195,159,179
1,<environment.Job instance at 0x7f811a3f1870>,25,22,[3 8],26,204,226,178,197
1,<environment.Job instance at 0x7f811a3f1cd0>,26,19,[ 3 14],27,226,245,199,216
1,<environment.Job instance at 0x7f811a3f1b40>,27,26,[ 1 14],28,245,271,217,242
1,<environment.Job instance at 0x7f811a3f1910>,29,16,[12  3],30,271,287,241,258
1,<environment.Job instance at 0x7f811a3f18c0>,1,27,[12  2],2,2,29,0,2
1,<environment.Job instance at 0x7f811a62d5f0>,2,26,[13  4],3,29,55,26,26
1,<environment.Job instance at 0x7f811a6d7f00>,9,20,[11  1],10,55,75,45,46
1,<environment.Job instance at 0x7f811a2ca820>,10,12,[ 1 14],11,55,67,44,54
1,<environment.Job instance at 0x7f811a2ca1e0>,11,18,[ 5 12],12,75,93,63,64
1,<environment.Job instance at 0x7f811a9522d0>,13,24,[6 1],14,75,99,61,70
1,<environment.Job instance at 0x7f811a952050>,14,19,[3 9],15,93,112,78,83
1,<environment.Job instance at 0x7f811a9528c0>,16,16,[ 4 11],17,112,128,95,107
1,<environment.Job instance at 0x7f811a952b40>,19,27,[11  5],20,128,155,108,126
1,<environment.Job instance at 0x7f811a645e60>,5,24,[ 4 10],6,136,160,130,136
1,<environment.Job instance at 0x7f811a6dce60>,23,21,[8 2],24,155,176,131,149
1,<environment.Job instance at 0x7f811a952280>,22,18,[ 4 14],23,176,194,153,165
1,<environment.Job instance at 0x7f811a6dccd0>,26,27,[3 8],27,194,221,167,192
1,<environment.Job instance at 0x7f811a6dc050>,25,12,[9 3],26,194,206,168,192
1,<environment.Job instance at 0x7f811a952910>,15,21,[12  1],16,208,229,192,208
1,<environment.Job instance at 0x7f811a6dc3c0>,28,15,[ 2 12],29,221,236,192,215
1,<environment.Job instance at 0x7f811a6dc7d0>,27,20,[ 3 13],28,236,256,208,227
1,<environment.Job instance at 0x7f811a7320f0>,33,21,[3 9],34,256,277,222,248
1,<environment.Job instance at 0x7f811a647230>,6,18,[8 1],7,256,274,249,256
1,<environment.Job instance at 0x7f811a732640>,34,22,[7 4],35,274,296,239,267
1,<environment.Job instance at 0x7f811a762140>,1,23,[8 4],2,2,25,0,2
1,<environment.Job instance at 0x7f811a6470a0>,2,23,[9 3],3,25,48,22,19
1,<environment.Job instance at 0x7f811a62df50>,8,14,[ 1 13],9,48,62,39,34
1,<environment.Job instance at 0x7f811a703b40>,10,27,[ 4 10],11,62,89,51,60
1,<environment.Job instance at 0x7f811a7acb40>,11,28,[ 4 14],12,89,117,77,88
1,<environment.Job instance at 0x7f811a7036e0>,13,27,[11  1],14,96,123,82,96
1,<environment.Job instance at 0x7f811a952a50>,16,28,[4 9],17,117,145,100,116
1,<environment.Job instance at 0x7f811a952e10>,17,28,[7 5],18,129,157,111,129
1,<environment.Job instance at 0x7f811a645d20>,6,12,[12  5],7,157,169,150,140
1,<environment.Job instance at 0x7f811a6d75f0>,4,14,[13  1],5,174,188,169,174
1,<environment.Job instance at 0x7f811a3f1960>,19,18,[12  2],20,188,206,168,183
1,<environment.Job instance at 0x7f811a6df640>,22,19,[ 2 14],23,206,225,183,196
1,<environment.Job instance at 0x7f811a3f1640>,20,21,[9 1],21,210,231,189,210
1,<environment.Job instance at 0x7f811a71c7d0>,26,15,[9 2],27,231,246,204,219
1,<environment.Job instance at 0x7f811a71cbe0>,27,21,[3 9],28,234,255,206,234
1,<environment.Job instance at 0x7f811a71cc30>,28,17,[7 3],29,246,263,217,235
1,<environment.Job instance at 0x7f811a7326e0>,3,24,[ 4 11],4,255,279,251,252
1,<environment.Job instance at 0x7f811a62d910>,0,26,[14  4],1,1,27,0,1
1,<environment.Job instance at 0x7f811a645500>,3,18,[14  1],4,27,45,23,24
1,<environment.Job instance at 0x7f811a6893c0>,5,12,[4 8],6,45,57,39,31
1,<environment.Job instance at 0x7f811a68daa0>,6,15,[ 5 11],7,57,72,50,46
1,<environment.Job instance at 0x7f811a689eb0>,4,24,[9 2],5,48,72,43,48
1,<environment.Job instance at 0x7f811a68db90>,10,12,[ 3 12],11,72,84,61,55
1,<environment.Job instance at 0x7f811a68d050>,12,24,[ 4 10],13,84,108,71,79
1,<environment.Job instance at 0x7f811a68daf0>,13,25,[11  2],14,81,106,67,81
1,<environment.Job instance at 0x7f811a68d410>,14,23,[ 1 14],15,108,131,93,102
1,<environment.Job instance at 0x7f811a68d910>,16,12,[ 3 12],17,131,143,114,114
1,<environment.Job instance at 0x7f811a68d6e0>,20,14,[ 2 11],21,143,157,122,128
1,<environment.Job instance at 0x7f811a68d230>,22,22,[ 5 14],23,157,179,134,150
1,<environment.Job instance at 0x7f811a68d0a0>,8,27,[5 1],9,152,179,143,152
1,<environment.Job instance at 0x7f811a68d2d0>,23,17,[12  4],24,179,196,155,167
1,<environment.Job instance at 0x7f811a68d3c0>,27,21,[7 2],28,196,217,168,188
1,<environment.Job instance at 0x7f811a68d690>,9,16,[ 3 12],10,196,212,186,190
1,<environment.Job instance at 0x7f816061fd70>,30,28,[3 6],31,212,240,181,211
1,<environment.Job instance at 0x7f816061f690>,33,21,[10  4],34,224,245,190,224
1,<environment.Job instance at 0x7f811a68d460>,29,12,[ 1 11],30,240,252,210,230
1,<environment.Job instance at 0x7f816061faa0>,34,13,[12  5],35,252,265,217,236
1,<environment.Job instance at 0x7f816061fb90>,37,22,[ 3 10],38,252,274,214,251
1,<environment.Job instance at 0x7f816061fd20>,39,19,[ 4 10],40,274,293,234,264
1,<environment.Job instance at 0x7f815fde6aa0>,4,26,[1 6],5,5,31,0,5
1,<environment.Job instance at 0x7f811a90f320>,5,23,[5 5],6,6,29,0,6
1,<environment.Job instance at 0x7f811a62d870>,1,18,[5 7],2,29,47,27,28
1,<environment.Job instance at 0x7f816009f7d0>,8,15,[13  3],9,47,62,38,35
1,<environment.Job instance at 0x7f816009fb90>,10,19,[5 6],11,62,81,51,60
1,<environment.Job instance at 0x7f816009fd20>,7,15,[14  2],8,81,96,73,74
1,<environment.Job instance at 0x7f816009f0f0>,11,14,[ 2 11],12,96,110,84,82
1,<environment.Job instance at 0x7f815fea22d0>,3,20,[12  4],4,96,116,92,90
1,<environment.Job instance at 0x7f816009f140>,12,25,[14  3],13,116,141,103,112
1,<environment.Job instance at 0x7f8160d094b0>,14,27,[12  3],15,152,179,137,152
1,<environment.Job instance at 0x7f815ffbf0a0>,13,23,[14  5],14,179,202,165,173
1,<environment.Job instance at 0x7f811a90fe10>,6,27,[12  2],7,202,229,195,200
1,<environment.Job instance at 0x7f81603ca3c0>,18,17,[ 2 13],19,203,220,184,203
1,<environment.Job instance at 0x7f816008ec30>,19,15,[ 2 14],20,229,244,209,216
1,<environment.Job instance at 0x7f811a62de60>,0,16,[11  4],1,244,260,243,231
1,<environment.Job instance at 0x7f8160104c30>,20,14,[1 7],21,244,258,223,232
1,<environment.Job instance at 0x7f8160104690>,21,16,[ 2 13],22,260,276,238,247
1,<environment.Job instance at 0x7f8160104f50>,23,15,[12  3],24,276,291,252,262
1,<environment.Job instance at 0x7f811a90ff00>,0,18,[ 4 13],1,1,19,0,1
1,<environment.Job instance at 0x7f816063fe60>,1,18,[13  1],2,19,37,17,8
1,<environment.Job instance at 0x7f81602a8500>,9,16,[12  2],10,37,53,27,24
1,<environment.Job instance at 0x7f81602a8eb0>,14,22,[ 1 12],15,34,56,19,34
1,<environment.Job instance at 0x7f81602a8e60>,15,24,[12  5],16,56,80,40,51
1,<environment.Job instance at 0x7f81602a8280>,16,27,[3 5],17,56,83,39,54
1,<environment.Job instance at 0x7f815fdd5410>,21,26,[7 2],22,80,106,58,77
1,<environment.Job instance at 0x7f815fdd54b0>,22,27,[5 6],23,80,107,57,79
1,<environment.Job instance at 0x7f815fdd5550>,23,28,[ 2 12],24,107,135,83,106
1,<environment.Job instance at 0x7f815fdd5730>,25,16,[12  2],26,113,129,87,113
1,<environment.Job instance at 0x7f815feab9b0>,10,12,[11  2],11,129,141,118,113
1,<environment.Job instance at 0x7f81602a8050>,12,16,[ 3 13],13,135,151,122,134
1,<environment.Job instance at 0x7f815fdd5870>,27,17,[13  2],28,151,168,123,139
1,<environment.Job instance at 0x7f815fdd5d20>,31,20,[9 4],32,168,188,136,159
1,<environment.Job instance at 0x7f815fdd5a50>,30,14,[3 7],31,170,184,139,170
1,<environment.Job instance at 0x7f815fdd5dc0>,34,21,[ 1 13],35,188,209,153,181
1,<environment.Job instance at 0x7f815fdd5eb0>,33,12,[13  5],34,209,221,175,193
1,<environment.Job instance at 0x7f815fdd5f50>,35,23,[ 1 10],36,209,232,173,203
1,<environment.Job instance at 0x7f815fdd5fa0>,36,20,[ 4 11],37,232,252,195,223
1,<environment.Job instance at 0x7f815fddf050>,38,23,[3 7],39,252,275,213,246
1,<environment.Job instance at 0x7f8160661c30>,0,24,[5 7],1,1,25,0,1
1,<environment.Job instance at 0x7f81608084b0>,3,27,[ 2 10],4,25,52,21,23
1,<environment.Job instance at 0x7f81607d8c30>,8,28,[ 2 14],9,52,80,43,51
1,<environment.Job instance at 0x7f81607486e0>,9,28,[11  1],10,51,79,41,51
1,<environment.Job instance at 0x7f8160748550>,10,22,[8 3],11,80,102,69,73
1,<environment.Job instance at 0x7f8160748af0>,11,28,[8 2],12,102,130,90,101
1,<environment.Job instance at 0x7f8160748e10>,12,21,[ 1 11],13,101,122,88,101
1,<environment.Job instance at 0x7f8160748a00>,13,21,[9 1],14,130,151,116,122
1,<environment.Job instance at 0x7f8160748f50>,14,21,[14  2],15,151,172,136,143
1,<environment.Job instance at 0x7f8160748eb0>,16,21,[14  4],17,172,193,155,164
1,<environment.Job instance at 0x7f8160748690>,17,20,[11  1],18,193,213,175,184
1,<environment.Job instance at 0x7f81609c6190>,18,22,[ 5 12],19,213,235,194,206
1,<environment.Job instance at 0x7f8160661190>,5,15,[13  4],6,235,250,229,221
1,<environment.Job instance at 0x7f81609c6870>,21,17,[11  4],22,250,267,228,238
1,<environment.Job instance at 0x7f8160808e60>,4,16,[ 1 12],5,267,283,262,255
1,<environment.Job instance at 0x7f811a9d90f0>,23,15,[14  1],24,267,282,243,265
1,<environment.Job instance at 0x7f81609c69b0>,19,17,[13  1],20,282,299,262,271
1,<environment.Job instance at 0x7f81609c6d20>,3,13,[1 7],4,6,19,2,6
1,<environment.Job instance at 0x7f8160008be0>,6,16,[13  1],7,8,24,1,8
1,<environment.Job instance at 0x7f816503a190>,4,13,[3 5],5,24,37,19,14
1,<environment.Job instance at 0x7f81600f62d0>,11,14,[8 1],12,24,38,12,17
1,<environment.Job instance at 0x7f8160b791e0>,12,15,[ 3 13],13,37,52,24,25
1,<environment.Job instance at 0x7f8160b79fa0>,14,18,[13  3],15,52,70,37,44
1,<environment.Job instance at 0x7f811a5abd20>,7,28,[ 4 12],8,106,134,98,106
1,<environment.Job instance at 0x7f8160aef7d0>,16,13,[ 5 11],17,134,147,117,130
1,<environment.Job instance at 0x7f81600f6d20>,10,26,[6 4],11,134,160,123,133
1,<environment.Job instance at 0x7f811a8b64b0>,22,25,[7 5],23,147,172,124,145
1,<environment.Job instance at 0x7f816073b2d0>,24,26,[6 1],25,160,186,135,157
1,<environment.Job instance at 0x7f8160060e60>,25,21,[ 5 14],26,172,193,146,166
1,<environment.Job instance at 0x7f81600f6640>,8,15,[12  2],9,193,208,184,179
1,<environment.Job instance at 0x7f816073bcd0>,27,20,[3 6],28,193,213,165,190
1,<environment.Job instance at 0x7f811a8d6f00>,17,19,[14  1],18,213,232,195,204
1,<environment.Job instance at 0x7f81606cd5f0>,31,12,[ 1 10],32,213,225,181,207
1,<environment.Job instance at 0x7f811a2ba410>,28,15,[ 3 11],29,232,247,203,218
1,<environment.Job instance at 0x7f811a4ba690>,34,20,[14  2],35,247,267,212,243
1,<environment.Job instance at 0x7f811a3c3140>,33,27,[ 2 11],34,267,294,233,265
1,<environment.Job instance at 0x7f811a3c3c30>,1,24,[14  3],2,6,30,4,6
1,<environment.Job instance at 0x7f816070a960>,6,15,[13  5],7,30,45,23,19
1,<environment.Job instance at 0x7f811a56af50>,7,20,[4 5],8,45,65,37,36
1,<environment.Job instance at 0x7f811a6acaa0>,9,25,[ 3 10],10,45,70,35,41
1,<environment.Job instance at 0x7f816009f230>,10,12,[ 1 12],11,70,82,59,53
1,<environment.Job instance at 0x7f81606f5460>,11,21,[ 2 12],12,82,103,70,74
1,<environment.Job instance at 0x7f815feab640>,12,15,[13  4],13,103,118,90,90
1,<environment.Job instance at 0x7f81601c55a0>,13,28,[3 8],14,118,146,104,117
1,<environment.Job instance at 0x7f811a6cdeb0>,14,24,[9 3],15,118,142,103,117
1,<environment.Job instance at 0x7f811a6cd190>,15,28,[9 3],16,142,170,126,141
1,<environment.Job instance at 0x7f81607d8dc0>,4,28,[3 6],5,151,179,146,151
1,<environment.Job instance at 0x7f811a6cd500>,17,22,[5 7],18,170,192,152,168
1,<environment.Job instance at 0x7f81607d8b40>,5,21,[ 2 14],6,192,213,186,184
1,<environment.Job instance at 0x7f811a3c3140>,2,23,[ 1 14],3,213,236,210,207
1,<environment.Job instance at 0x7f811a6cd690>,18,22,[ 1 10],19,236,258,217,233
1,<environment.Job instance at 0x7f811a6cda50>,21,24,[13  4],22,236,260,214,233
1,<environment.Job instance at 0x7f811a6cd550>,20,16,[ 5 12],21,260,276,239,257
1,<environment.Job instance at 0x7f8160b79af0>,3,24,[12  2],4,276,300,272,272
1,<environment.Job instance at 0x7f811a4ba410>,3,20,[ 5 12],4,4,24,0,4
1,<environment.Job instance at 0x7f811a3255f0>,0,15,[14  3],1,24,39,23,12
1,<environment.Job instance at 0x7f811a775eb0>,7,24,[10  2],8,39,63,31,34
1,<environment.Job instance at 0x7f811a4ba1e0>,4,28,[ 5 11],5,39,67,34,38
1,<environment.Job instance at 0x7f811a4baf50>,2,17,[12  2],3,67,84,64,64
1,<environment.Job instance at 0x7f811a775f50>,11,28,[ 5 11],12,84,112,72,83
1,<environment.Job instance at 0x7f811a7750f0>,14,28,[7 4],15,89,117,74,89
1,<environment.Job instance at 0x7f811a775050>,15,19,[14  5],16,117,136,101,109
1,<environment.Job instance at 0x7f811a775d20>,16,24,[11  2],17,136,160,119,131
1,<environment.Job instance at 0x7f811a775b90>,10,13,[12  1],11,160,173,149,145
1,<environment.Job instance at 0x7f811a775410>,18,13,[14  2],19,173,186,154,159
1,<environment.Job instance at 0x7f811a9abeb0>,19,13,[ 4 14],20,186,199,166,181
1,<environment.Job instance at 0x7f811a9ab780>,20,24,[8 2],21,199,223,178,194
1,<environment.Job instance at 0x7f811a4babe0>,6,23,[ 5 11],7,199,222,192,199
1,<environment.Job instance at 0x7f811a9ab7d0>,24,17,[ 4 14],25,223,240,198,217
1,<environment.Job instance at 0x7f811a9ab910>,26,16,[ 4 14],27,240,256,213,234
1,<environment.Job instance at 0x7f811a9ab2d0>,27,25,[ 4 11],28,256,281,228,253
1,<environment.Job instance at 0x7f811a9ab0f0>,25,15,[11  2],26,261,276,235,261
1,<environment.Job instance at 0x7f811a9ab280>,28,20,[ 1 14],29,281,301,252,273
1,<environment.Job instance at 0x7f811a4206e0>,0,14,[14  5],1,2,16,1,2
1,<environment.Job instance at 0x7f811a775640>,3,19,[ 4 11],4,16,35,12,6
1,<environment.Job instance at 0x7f81651bb050>,6,17,[13  5],7,35,52,28,23
1,<environment.Job instance at 0x7f811a36d6e0>,9,13,[14  4],10,52,65,42,38
1,<environment.Job instance at 0x7f811a36da00>,10,15,[13  5],11,65,80,54,60
1,<environment.Job instance at 0x7f811a36d140>,11,19,[2 5],12,65,84,53,60
1,<environment.Job instance at 0x7f811a36d460>,12,28,[13  3],13,80,108,67,79
1,<environment.Job instance at 0x7f811a36d280>,13,25,[ 1 14],14,108,133,94,104
1,<environment.Job instance at 0x7f811a36d500>,14,19,[13  4],15,133,152,118,123
1,<environment.Job instance at 0x7f816041eaa0>,16,16,[ 5 13],17,152,168,135,139
1,<environment.Job instance at 0x7f816041e6e0>,17,25,[ 4 11],18,168,193,150,164
1,<environment.Job instance at 0x7f816041e500>,18,21,[1 6],19,193,214,174,185
1,<environment.Job instance at 0x7f816041e050>,20,26,[ 1 11],21,214,240,193,211
1,<environment.Job instance at 0x7f816041e910>,21,23,[ 3 13],22,240,263,218,234
1,<environment.Job instance at 0x7f816041e0f0>,22,26,[4 9],23,263,289,240,260
1,<environment.Job instance at 0x7f816041ef50>,23,20,[11  5],24,265,285,241,265
1,<environment.Job instance at 0x7f816041ee60>,25,18,[12  1],26,289,307,263,278
1,<environment.Job instance at 0x7f81606f5f00>,1,27,[6 2],2,2,29,0,2
1,<environment.Job instance at 0x7f811a53fc30>,5,27,[ 5 12],6,7,34,1,7
1,<environment.Job instance at 0x7f81606f57d0>,0,17,[13  4],1,34,51,33,22
1,<environment.Job instance at 0x7f815ffe57d0>,8,25,[ 1 12],9,51,76,42,47
1,<environment.Job instance at 0x7f81607c3a00>,9,28,[2 9],10,76,104,66,75
1,<environment.Job instance at 0x7f815ffe1050>,7,28,[9 4],8,80,108,72,80
1,<environment.Job instance at 0x7f816044a8c0>,11,14,[14  3],12,108,122,96,93
1,<environment.Job instance at 0x7f811a270190>,13,20,[ 4 12],14,122,142,108,113
1,<environment.Job instance at 0x7f811a270960>,14,28,[ 5 14],15,142,170,127,141
1,<environment.Job instance at 0x7f811a2700a0>,15,17,[ 3 14],16,170,187,154,158
1,<environment.Job instance at 0x7f8160629140>,16,27,[ 3 10],17,187,214,170,185
1,<environment.Job instance at 0x7f81606296e0>,19,22,[ 1 10],20,214,236,194,207
1,<environment.Job instance at 0x7f811a0525a0>,20,22,[2 8],21,236,258,215,229
1,<environment.Job instance at 0x7f811a0526e0>,21,27,[6 4],22,229,256,207,229
1,<environment.Job instance at 0x7f811a052820>,22,22,[ 2 10],23,258,280,235,251
1,<environment.Job instance at 0x7f811a052500>,23,25,[2 8],24,280,305,256,276
1,<environment.Job instance at 0x7f811a052910>,24,20,[4 5],25,276,296,251,276
1,<environment.Job instance at 0x7f816044aaf0>,0,12,[11  1],1,1,13,0,1
1,<environment.Job instance at 0x7f816063be60>,1,27,[4 9],2,2,29,0,2
1,<environment.Job instance at 0x7f811a379690>,2,16,[ 4 13],3,29,45,26,16
1,<environment.Job instance at 0x7f8160051320>,8,24,[ 5 11],9,45,69,36,40
1,<environment.Job instance at 0x7f8160051780>,9,27,[ 1 12],10,69,96,59,67
1,<environment.Job instance at 0x7f81600517d0>,10,23,[11  1],11,69,92,58,67
1,<environment.Job instance at 0x7f811a0b9280>,14,26,[1 5],15,96,122,81,93
1,<environment.Job instance at 0x7f811a833550>,5,12,[14  2],6,98,110,92,98
1,<environment.Job instance at 0x7f8160b9be10>,15,12,[12  5],16,110,122,94,107
1,<environment.Job instance at 0x7f811a3ea500>,19,20,[9 1],20,122,142,102,113
1,<environment.Job instance at 0x7f811a3eae60>,20,16,[ 3 14],21,131,147,110,131
1,<environment.Job instance at 0x7f8160b9bbe0>,17,17,[5 9],18,147,164,129,139
1,<environment.Job instance at 0x7f811a3eaa50>,21,17,[12  1],22,164,181,142,152
1,<environment.Job instance at 0x7f811a6eb5a0>,4,16,[14  2],5,181,197,176,175
1,<environment.Job instance at 0x7f811a5e0910>,25,22,[ 1 12],26,196,218,170,196
1,<environment.Job instance at 0x7f811a364460>,24,28,[6 2],25,197,225,172,196
1,<environment.Job instance at 0x7f8160adaaf0>,27,14,[11  2],28,225,239,197,213
1,<environment.Job instance at 0x7f811a363460>,30,19,[ 5 14],31,239,258,208,229
1,<environment.Job instance at 0x7f811a3eaf50>,26,14,[9 3],27,258,272,231,255
1,<environment.Job instance at 0x7f811a2fec30>,32,26,[ 1 13],33,272,298,239,269
1,<environment.Job instance at 0x7f816044ac80>,0,27,[ 2 12],1,1,28,0,1
1,<environment.Job instance at 0x7f81602c4dc0>,2,12,[11  1],3,4,16,1,4
1,<environment.Job instance at 0x7f8160032550>,5,19,[ 3 11],6,28,47,22,18
1,<environment.Job instance at 0x7f8160032aa0>,10,23,[ 1 11],11,47,70,36,41
1,<environment.Job instance at 0x7f8160c51a50>,3,22,[10  4],4,48,70,44,48
1,<environment.Job instance at 0x7f811a29faa0>,12,23,[8 1],13,70,93,57,64
1,<environment.Job instance at 0x7f815fed0640>,6,25,[ 1 14],7,70,95,63,66
1,<environment.Job instance at 0x7f811a29ffa0>,16,21,[13  5],17,95,116,78,87
1,<environment.Job instance at 0x7f811a0620f0>,18,22,[4 7],19,116,138,97,109
1,<environment.Job instance at 0x7f811a062eb0>,20,22,[3 5],21,116,138,95,109
1,<environment.Job instance at 0x7f811a062690>,22,27,[4 8],23,138,165,115,136
1,<environment.Job instance at 0x7f811a062320>,23,17,[ 2 12],24,165,182,141,153
1,<environment.Job instance at 0x7f811a0625f0>,24,22,[2 8],25,182,204,157,175
1,<environment.Job instance at 0x7f811a062a50>,25,15,[12  3],26,175,190,149,175
1,<environment.Job instance at 0x7f811a062c30>,26,20,[1 7],27,190,210,163,181
1,<environment.Job instance at 0x7f811a062190>,30,27,[10  3],31,204,231,173,202
1,<environment.Job instance at 0x7f811a29fb90>,17,17,[ 2 10],18,210,227,192,202
1,<environment.Job instance at 0x7f811a062d70>,31,28,[1 7],32,227,255,195,226
1,<environment.Job instance at 0x7f81609fff00>,33,14,[ 1 13],34,255,269,221,240
1,<environment.Job instance at 0x7f81609ffeb0>,32,14,[4 7],33,240,254,207,240
1,<environment.Job instance at 0x7f81609ff050>,34,23,[3 9],35,269,292,234,263
1,<environment.Job instance at 0x7f81609ff230>,36,21,[12  1],37,263,284,226,263
1,<environment.Job instance at 0x7f811a062730>,0,27,[9 5],1,1,28,0,1
1,<environment.Job instance at 0x7f8119fff460>,7,26,[11  1],8,28,54,20,25
1,<environment.Job instance at 0x7f8160032280>,10,21,[6 3],11,54,75,43,46
1,<environment.Job instance at 0x7f8119ffb3c0>,11,20,[6 5],12,54,74,42,46
1,<environment.Job instance at 0x7f8119ffb9b0>,12,26,[5 9],13,74,100,61,71
1,<environment.Job instance at 0x7f811a9cc410>,9,14,[10  5],10,75,89,65,73
1,<environment.Job instance at 0x7f816044aaa0>,6,21,[14  5],7,100,121,93,95
1,<environment.Job instance at 0x7f811a003190>,13,18,[12  2],14,121,139,107,112
1,<environment.Job instance at 0x7f8119fe5c80>,16,21,[ 3 10],17,121,142,104,117
1,<environment.Job instance at 0x7f8119fe55a0>,18,25,[ 2 14],19,142,167,123,138
1,<environment.Job instance at 0x7f8119fe5140>,20,18,[ 1 13],21,167,185,146,156
1,<environment.Job instance at 0x7f8160708b90>,21,25,[3 6],22,185,210,163,181
1,<environment.Job instance at 0x7f81606f3fa0>,24,24,[7 3],25,199,223,174,199
1,<environment.Job instance at 0x7f81606f3dc0>,26,12,[ 2 12],27,211,223,184,211
1,<environment.Job instance at 0x7f81606f3cd0>,27,21,[5 2],28,223,244,195,215
1,<environment.Job instance at 0x7f81609ff460>,2,19,[ 5 13],3,223,242,220,219
1,<environment.Job instance at 0x7f81606e86e0>,29,18,[ 5 13],30,242,260,212,231
1,<environment.Job instance at 0x7f81606e8280>,32,16,[ 2 13],33,260,276,227,247
1,<environment.Job instance at 0x7f81606e8f00>,33,24,[7 1],34,247,271,213,247
1,<environment.Job instance at 0x7f81606e8820>,34,21,[1 9],35,276,297,241,268
1,<environment.Job instance at 0x7f8119ffb730>,0,23,[6 2],1,1,24,0,1
1,<environment.Job instance at 0x7f8119ffb0a0>,2,16,[ 1 11],3,4,20,1,4
1,<environment.Job instance at 0x7f811a007e10>,4,12,[11  4],5,24,36,19,23
1,<environment.Job instance at 0x7f811a700550>,10,13,[12  3],11,36,49,25,23
1,<environment.Job instance at 0x7f8160a78280>,11,12,[ 5 11],12,57,69,45,57
1,<environment.Job instance at 0x7f811a0c2960>,12,12,[10  3],13,58,70,45,58
1,<environment.Job instance at 0x7f811a0c22d0>,13,16,[5 7],14,69,85,55,59
1,<environment.Job instance at 0x7f811a0c2690>,14,13,[ 3 14],15,85,98,70,69
1,<environment.Job instance at 0x7f811a3ec1e0>,15,23,[4 8],16,98,121,82,92
1,<environment.Job instance at 0x7f811a3ecf50>,19,12,[ 1 14],20,121,133,101,104
1,<environment.Job instance at 0x7f811a3ec7d0>,20,27,[11  1],21,104,131,83,104
1,<environment.Job instance at 0x7f815fe5ba50>,22,25,[11  1],23,131,156,108,127
1,<environment.Job instance at 0x7f811a4029b0>,26,21,[ 3 14],27,133,154,106,127
1,<environment.Job instance at 0x7f81603d99b0>,27,16,[ 1 11],28,154,170,126,141
1,<environment.Job instance at 0x7f815fe3adc0>,28,25,[ 2 13],29,170,195,141,166
1,<environment.Job instance at 0x7f811a3f75a0>,29,22,[ 4 14],30,195,217,165,188
1,<environment.Job instance at 0x7f811a402460>,30,19,[4 9],31,217,236,186,207
1,<environment.Job instance at 0x7f8160772780>,31,13,[12  2],32,236,249,204,226
1,<environment.Job instance at 0x7f8160772f50>,33,17,[ 1 11],34,236,253,202,233
1,<environment.Job instance at 0x7f8160772690>,36,15,[14  2],37,249,264,212,237
1,<environment.Job instance at 0x7f8160772c30>,37,13,[12  3],38,264,277,226,253
1,<environment.Job instance at 0x7f8160772af0>,38,17,[ 3 14],39,277,294,238,265
1,<environment.Job instance at 0x7f8160b7fe10>,3,21,[8 2],4,22,43,18,22
1,<environment.Job instance at 0x7f815fe5b4b0>,1,24,[4 7],2,32,56,30,32
1,<environment.Job instance at 0x7f811a01c9b0>,8,26,[5 3],9,43,69,34,40
1,<environment.Job instance at 0x7f8160a4f370>,2,28,[ 4 12],3,62,90,59,62
1,<environment.Job instance at 0x7f811a01ce60>,10,16,[ 4 11],11,90,106,79,78
1,<environment.Job instance at 0x7f811a01c690>,13,24,[ 4 14],14,106,130,92,101
1,<environment.Job instance at 0x7f811a01cdc0>,14,21,[14  4],15,130,151,115,122
1,<environment.Job instance at 0x7f811a01c3c0>,15,23,[2 6],16,151,174,135,145
1,<environment.Job instance at 0x7f811a007410>,5,21,[12  5],6,151,172,145,150
1,<environment.Job instance at 0x7f811a01cc30>,16,21,[14  2],17,174,195,157,166
1,<environment.Job instance at 0x7f811a487640>,18,24,[ 5 11],19,195,219,176,190
1,<environment.Job instance at 0x7f811a125820>,19,13,[ 2 13],20,219,232,199,203
1,<environment.Job instance at 0x7f811a125d20>,21,26,[4 9],22,232,258,210,229
1,<environment.Job instance at 0x7f811a125b90>,24,15,[ 1 13],25,258,273,233,244
1,<environment.Job instance at 0x7f811a125320>,25,23,[3 8],26,273,296,247,267
1,<environment.Job instance at 0x7f816022bb90>,0,19,[ 5 10],1,1,20,0,1
1,<environment.Job instance at 0x7f811a0075a0>,2,15,[ 1 13],3,20,35,17,6
1,<environment.Job instance at 0x7f8160746c30>,6,22,[14  1],7,20,42,13,13
1,<environment.Job instance at 0x7f8160746870>,9,16,[ 3 13],10,42,58,32,29
1,<environment.Job instance at 0x7f816068abe0>,12,19,[11  4],13,58,77,45,48
1,<environment.Job instance at 0x7f816068a780>,14,25,[3 9],15,58,83,43,54
1,<environment.Job instance at 0x7f816068acd0>,15,22,[6 5],16,77,99,61,70
1,<environment.Job instance at 0x7f8160414550>,17,27,[9 5],18,83,110,65,81
1,<environment.Job instance at 0x7f811a70f730>,18,12,[ 5 13],19,110,122,91,93
1,<environment.Job instance at 0x7f811a246d70>,20,21,[1 9],21,122,143,101,114
1,<environment.Job instance at 0x7f8160d3b5a0>,21,23,[12  2],22,122,145,100,116
1,<environment.Job instance at 0x7f811a008140>,22,20,[1 8],23,143,163,120,134
1,<environment.Job instance at 0x7f81651e3140>,23,23,[ 4 14],24,163,186,139,157
1,<environment.Job instance at 0x7f811a56f050>,24,25,[11  4],25,186,211,161,182
1,<environment.Job instance at 0x7f8165479b40>,3,25,[2 8],4,192,217,188,192
1,<environment.Job instance at 0x7f811a14a870>,25,27,[11  1],26,211,238,185,209
1,<environment.Job instance at 0x7f811a7a6e60>,27,28,[1 7],28,217,245,189,216
1,<environment.Job instance at 0x7f811a14a050>,26,21,[2 5],27,220,241,193,220
1,<environment.Job instance at 0x7f811a7a6c30>,29,20,[5 8],30,241,261,211,232
1,<environment.Job instance at 0x7f811a007550>,4,14,[5 4],5,245,259,240,245
1,<environment.Job instance at 0x7f811a402820>,30,22,[7 5],31,264,286,233,264
1,<environment.Job instance at 0x7fc32f496230>,0,24,[2 8],1,1,25,0,1
1,<environment.Job instance at 0x7fc32f4960f0>,2,26,[10  1],3,3,29,0,3
1,<environment.Job instance at 0x7fc328086500>,6,19,[ 1 13],7,25,44,18,23
1,<environment.Job instance at 0x7fc3280862d0>,3,15,[13  4],4,44,59,40,30
1,<environment.Job instance at 0x7fc3280868c0>,12,22,[4 6],13,59,81,46,52
1,<environment.Job instance at 0x7fc328086960>,13,27,[3 8],14,59,86,45,58
1,<environment.Job instance at 0x7fc3280869b0>,15,24,[ 2 13],16,86,110,70,81
1,<environment.Job instance at 0x7fc328086b90>,16,19,[ 3 12],17,110,129,93,100
1,<environment.Job instance at 0x7fc328086c30>,17,18,[ 5 13],18,129,147,111,118
1,<environment.Job instance at 0x7fc328086d70>,19,21,[14  4],20,147,168,127,139
1,<environment.Job instance at 0x7fc328086730>,14,14,[14  3],15,168,182,153,153
1,<environment.Job instance at 0x7fc328086f50>,22,25,[ 4 12],23,182,207,159,178
1,<environment.Job instance at 0x7fc328086be0>,24,20,[ 3 12],25,207,227,182,198
1,<environment.Job instance at 0x7fc3280881e0>,25,16,[11  3],26,216,232,190,216
1,<environment.Job instance at 0x7fc3280882d0>,26,20,[4 8],27,227,247,200,218
1,<environment.Job instance at 0x7fc3280867d0>,10,14,[ 1 14],11,247,261,236,235
1,<environment.Job instance at 0x7fc328088410>,28,20,[5 8],29,261,281,232,254
1,<environment.Job instance at 0x7fc3280884b0>,29,24,[5 1],30,254,278,224,254
1,<environment.Job instance at 0x7fc3280886e0>,30,15,[8 2],31,278,293,247,266
1,<environment.Job instance at 0x7fc328088730>,31,13,[4 5],32,281,294,249,271
1,<environment.Job instance at 0x7fc32f60c640>,0,21,[4 6],1,1,22,0,1
1,<environment.Job instance at 0x7fc328088140>,1,27,[4 8],2,2,29,0,2
1,<environment.Job instance at 0x7fc32f604d70>,2,27,[5 4],3,22,49,19,20
1,<environment.Job instance at 0x7fc32f604460>,7,21,[ 3 12],8,49,70,41,41
1,<environment.Job instance at 0x7fc32f604e60>,8,26,[ 1 11],9,70,96,61,67
1,<environment.Job instance at 0x7fc32f604a00>,9,28,[3 6],10,96,124,86,95
1,<environment.Job instance at 0x7fc32f6045f0>,10,21,[ 3 12],11,124,145,113,116
1,<environment.Job instance at 0x7fc32f604910>,11,17,[ 2 11],12,145,162,133,133
1,<environment.Job instance at 0x7fc32f4bec30>,13,14,[11  1],14,133,147,119,133
1,<environment.Job instance at 0x7fc32f4bec80>,14,26,[ 3 12],15,162,188,147,159
1,<environment.Job instance at 0x7fc32f4be7d0>,15,24,[4 7],16,188,212,172,183
1,<environment.Job instance at 0x7fc32f4be2d0>,17,25,[5 4],18,200,225,182,200
1,<environment.Job instance at 0x7fc32f604320>,4,22,[2 9],5,212,234,207,207
1,<environment.Job instance at 0x7fc32f4be190>,18,28,[7 2],19,212,240,193,212
1,<environment.Job instance at 0x7fc32f6045a0>,6,14,[ 3 14],7,240,254,233,228
1,<environment.Job instance at 0x7fc32f4be460>,19,28,[7 1],20,234,262,214,234
1,<environment.Job instance at 0x7fc32f4be640>,24,25,[ 5 11],25,258,283,233,258
1,<environment.Job instance at 0x7fc32f4be820>,25,13,[2 6],26,283,296,257,267
1,<environment.Job instance at 0x7fc2e45fe320>,1,24,[5 1],2,2,26,0,2
1,<environment.Job instance at 0x7fc32f604190>,2,23,[ 1 13],3,3,26,0,3
1,<environment.Job instance at 0x7fc2e446c5f0>,3,12,[12  2],4,26,38,22,9
1,<environment.Job instance at 0x7fc32f4be820>,4,12,[1 8],5,26,38,21,10
1,<environment.Job instance at 0x7fc2e446c370>,11,22,[6 1],12,38,60,26,31
1,<environment.Job instance at 0x7fc2e446c3c0>,12,14,[3 5],13,38,52,25,31
1,<environment.Job instance at 0x7fc2e446caf0>,13,21,[5 1],14,38,59,24,34
1,<environment.Job instance at 0x7fc2e446c690>,6,19,[ 3 14],7,59,78,52,53
1,<environment.Job instance at 0x7fc2e446cdc0>,9,16,[12  3],10,78,94,68,65
1,<environment.Job instance at 0x7fc2e443fdc0>,17,20,[3 7],18,78,98,60,69
1,<environment.Job instance at 0x7fc2e443fb40>,18,27,[ 3 13],19,98,125,79,96
1,<environment.Job instance at 0x7fc2e443f1e0>,16,18,[4 9],17,125,143,108,116
1,<environment.Job instance at 0x7fc2e443ff00>,21,12,[ 2 14],22,143,155,121,126
1,<environment.Job instance at 0x7fc2e443fcd0>,22,13,[14  5],23,155,168,132,142
1,<environment.Job instance at 0x7fc2e443f280>,23,28,[5 7],24,168,196,144,167
1,<environment.Job instance at 0x7fc2e443feb0>,24,28,[10  1],25,168,196,143,167
1,<environment.Job instance at 0x7fc2e443ffa0>,25,16,[12  2],26,196,212,170,185
1,<environment.Job instance at 0x7fc2e443f960>,26,28,[14  3],27,219,247,192,219
1,<environment.Job instance at 0x7fc2e443f410>,27,24,[ 4 11],28,247,271,219,243
1,<environment.Job instance at 0x7fc2e443f870>,28,25,[11  1],29,247,272,218,247
1,<environment.Job instance at 0x7fc2e443f9b0>,29,16,[7 2],30,272,288,242,260
1,<environment.Job instance at 0x7fc2e443f320>,30,26,[5 5],31,272,298,241,269
1,<environment.Job instance at 0x7fc2e4485690>,0,17,[ 2 14],1,1,18,0,1
1,<environment.Job instance at 0x7fc2e442a3c0>,3,21,[3 9],4,18,39,14,10
1,<environment.Job instance at 0x7fc2e4438fa0>,8,18,[ 1 12],9,39,57,30,28
1,<environment.Job instance at 0x7fc2e445e5f0>,11,16,[ 1 11],12,57,73,45,44
1,<environment.Job instance at 0x7fc2e445e870>,12,26,[12  3],13,44,70,31,44
1,<environment.Job instance at 0x7fc2e445efa0>,14,17,[ 4 13],15,73,90,58,61
1,<environment.Job instance at 0x7fc2e445ee10>,16,28,[1 9],17,90,118,73,89
1,<environment.Job instance at 0x7fc2e445e780>,17,26,[7 3],18,90,116,72,89
1,<environment.Job instance at 0x7fc2e445e8c0>,19,26,[3 5],20,116,142,96,113
1,<environment.Job instance at 0x7fc2e43cffa0>,4,22,[7 4],5,118,140,113,115
1,<environment.Job instance at 0x7fc2e445ef50>,23,26,[13  3],24,142,168,118,139
1,<environment.Job instance at 0x7fc2e445e0a0>,22,18,[12  5],23,168,186,145,164
1,<environment.Job instance at 0x7fc2e445ec30>,24,13,[14  1],25,186,199,161,170
1,<environment.Job instance at 0x7fc2e446a5a0>,26,22,[14  2],27,199,221,172,192
1,<environment.Job instance at 0x7fc2e446ab90>,27,14,[12  4],28,221,235,193,208
1,<environment.Job instance at 0x7fc2e446a050>,28,14,[11  1],29,235,249,206,220
1,<environment.Job instance at 0x7fc2e446a370>,29,28,[6 2],30,249,277,219,248
1,<environment.Job instance at 0x7fc2e446a230>,25,16,[ 3 11],26,250,266,224,250
1,<environment.Job instance at 0x7fc2e443f320>,5,22,[ 1 14],6,277,299,271,271
1,<environment.Job instance at 0x7fc2e4467230>,0,23,[7 1],1,1,24,0,1
1,<environment.Job instance at 0x7fc2e443f320>,3,16,[8 4],4,6,22,2,6
1,<environment.Job instance at 0x7fc2e4438280>,4,12,[ 2 13],5,22,34,17,7
1,<environment.Job instance at 0x7fc2e4467c80>,2,24,[2 5],3,34,58,31,29
1,<environment.Job instance at 0x7fc3280f0780>,9,19,[10  1],10,29,48,19,29
1,<environment.Job instance at 0x7fc2e4961050>,12,25,[11  2],13,48,73,35,44
1,<environment.Job instance at 0x7fc2e43a1730>,13,15,[ 3 12],14,58,73,44,44
1,<environment.Job instance at 0x7fc2e4736820>,14,17,[ 3 12],15,73,90,58,61
1,<environment.Job instance at 0x7fc2e4828550>,15,22,[14  5],16,90,112,74,83
1,<environment.Job instance at 0x7fc2e44687d0>,17,23,[9 5],18,112,135,94,106
1,<environment.Job instance at 0x7fc2e4438be0>,5,27,[4 9],6,112,139,106,111
1,<environment.Job instance at 0x7fc2e48286e0>,18,23,[14  4],19,139,162,120,133
1,<environment.Job instance at 0x7fc2e4749550>,21,22,[4 9],22,162,184,140,155
1,<environment.Job instance at 0x7fc2e4749910>,22,19,[ 5 13],23,184,203,161,174
1,<environment.Job instance at 0x7fc2e4749c30>,23,21,[4 9],24,203,224,179,195
1,<environment.Job instance at 0x7fc327e8feb0>,26,12,[13  4],27,224,236,197,207
1,<environment.Job instance at 0x7fc2e428d0a0>,27,12,[14  4],28,236,248,208,219
1,<environment.Job instance at 0x7fc2e428d0f0>,28,12,[ 1 13],29,248,260,219,231
1,<environment.Job instance at 0x7fc2e428d5a0>,30,28,[9 5],31,260,288,229,259
1,<environment.Job instance at 0x7fc2e428d4b0>,31,12,[ 5 12],32,288,300,256,271
1,<environment.Job instance at 0x7fc2e430e5a0>,0,21,[5 4],1,1,22,0,1
1,<environment.Job instance at 0x7fc2e430ef00>,3,23,[6 5],4,4,27,0,4
1,<environment.Job instance at 0x7fc2e445c460>,4,17,[ 2 13],5,27,44,22,15
1,<environment.Job instance at 0x7fc2e442a050>,8,12,[ 3 14],9,44,56,35,27
1,<environment.Job instance at 0x7fc2e474baf0>,11,24,[14  4],12,56,80,44,51
1,<environment.Job instance at 0x7fc2e4964c30>,5,20,[ 1 11],6,56,76,50,51
1,<environment.Job instance at 0x7fc2e474bf00>,12,26,[12  3],13,80,106,67,77
1,<environment.Job instance at 0x7fc2e49c28c0>,15,12,[ 4 13],16,106,118,90,89
1,<environment.Job instance at 0x7fc2e49c2eb0>,16,25,[13  1],17,118,143,101,114
1,<environment.Job instance at 0x7fc2e42ed640>,18,13,[1 8],19,118,131,99,114
1,<environment.Job instance at 0x7fc2e42ed0a0>,19,22,[14  4],20,143,165,123,136
1,<environment.Job instance at 0x7fc2e42ed820>,20,14,[ 1 13],21,165,179,144,150
1,<environment.Job instance at 0x7fc2e42ede10>,21,28,[ 2 10],22,179,207,157,178
1,<environment.Job instance at 0x7fc2e428d4b0>,2,20,[4 5],3,179,199,176,178
1,<environment.Job instance at 0x7fc2e42ed230>,22,22,[7 5],23,199,221,176,192
1,<environment.Job instance at 0x7fc2e42edb90>,24,18,[ 5 12],25,221,239,196,210
1,<environment.Job instance at 0x7fc2e42ed2d0>,25,24,[ 2 12],26,239,263,213,234
1,<environment.Job instance at 0x7fc2e42edf00>,26,24,[ 1 13],27,263,287,236,258
1,<environment.Job instance at 0x7fc2e4438dc0>,0,28,[ 4 11],1,1,29,0,1
1,<environment.Job instance at 0x7fc2e4438cd0>,1,27,[5 5],2,29,56,27,27
1,<environment.Job instance at 0x7fc2e442a820>,6,28,[12  4],7,56,84,49,55
1,<environment.Job instance at 0x7fc2e430ed70>,9,27,[5 1],10,84,111,74,82
1,<environment.Job instance at 0x7fc3285998c0>,10,23,[12  5],11,111,134,100,105
1,<environment.Job instance at 0x7fc328599550>,11,23,[3 9],12,105,128,93,105
1,<environment.Job instance at 0x7fc2e4555690>,13,12,[14  4],14,134,146,120,117
1,<environment.Job instance at 0x7fc2e4922140>,15,26,[7 5],16,146,172,130,143
1,<environment.Job instance at 0x7fc2e4922f50>,16,17,[ 3 14],17,172,189,155,160
1,<environment.Job instance at 0x7fc2e4922820>,19,17,[ 2 13],20,189,206,169,177
1,<environment.Job instance at 0x7fc2e430e7d0>,8,14,[14  2],9,206,220,197,191
1,<environment.Job instance at 0x7fc2e4438910>,3,14,[ 4 12],4,220,234,216,205
1,<environment.Job instance at 0x7fc32880c4b0>,24,12,[ 3 11],25,234,246,209,217
1,<environment.Job instance at 0x7fc328207fa0>,23,13,[ 1 14],24,246,259,222,231
1,<environment.Job instance at 0x7fc2e4922320>,20,17,[14  2],21,259,276,238,247
1,<environment.Job instance at 0x7fc2e43450f0>,29,25,[3 9],30,276,301,246,272
1,<environment.Job instance at 0x7fc2e4922410>,1,24,[ 3 12],2,2,26,0,2
1,<environment.Job instance at 0x7fc2e43450f0>,2,23,[4 7],3,26,49,23,20
1,<environment.Job instance at 0x7fc328599050>,7,21,[4 6],8,26,47,18,20
1,<environment.Job instance at 0x7fc32814d140>,11,21,[ 5 14],12,49,70,37,41
1,<environment.Job instance at 0x7fc2e4555820>,4,18,[10  1],5,47,65,42,41
1,<environment.Job instance at 0x7fc2e44386e0>,12,21,[ 4 11],13,70,91,57,62
1,<environment.Job instance at 0x7fc3280f0d70>,14,23,[14  4],15,91,114,76,85
1,<environment.Job instance at 0x7fc3280f0e10>,15,12,[ 3 11],16,114,126,98,106
1,<environment.Job instance at 0x7fc3280f0410>,16,20,[5 7],17,126,146,109,117
1,<environment.Job instance at 0x7fc328bb1910>,20,24,[12  2],21,146,170,125,141
1,<environment.Job instance at 0x7fc328bb1cd0>,22,25,[8 3],23,170,195,147,166
1,<environment.Job instance at 0x7fc2e4438f50>,9,17,[ 3 12],10,169,186,159,169
1,<environment.Job instance at 0x7fc3280f00a0>,18,18,[12  1],19,195,213,176,184
1,<environment.Job instance at 0x7fc2e4269820>,26,16,[1 7],27,186,202,159,184
1,<environment.Job instance at 0x7fc2e4555460>,5,26,[12  4],6,213,239,207,210
1,<environment.Job instance at 0x7fc327e135f0>,10,13,[14  5],11,239,252,228,226
1,<environment.Job instance at 0x7fc2e4269b90>,31,27,[5 1],32,252,279,220,250
1,<environment.Job instance at 0x7fc2e4269cd0>,33,13,[8 2],34,252,265,218,250
1,<environment.Job instance at 0x7fc2e4269e10>,35,25,[6 1],36,265,290,229,263
1,<environment.Job instance at 0x7fc32814d780>,2,20,[ 4 14],3,3,23,0,3
1,<environment.Job instance at 0x7fc32814d5f0>,3,18,[14  4],4,23,41,19,12
1,<environment.Job instance at 0x7fc2e430e730>,5,12,[ 1 10],6,23,35,17,16
1,<environment.Job instance at 0x7fc2e491cd70>,11,17,[ 5 13],12,41,58,29,29
1,<environment.Job instance at 0x7fc2e491cd20>,12,16,[ 5 14],13,58,74,45,45
1,<environment.Job instance at 0x7fc2e491caa0>,13,25,[5 8],14,74,99,60,70
1,<environment.Job instance at 0x7fc2e491c500>,15,17,[ 2 14],16,99,116,83,87
1,<environment.Job instance at 0x7fc2e4a2c730>,16,18,[11  3],17,116,134,99,105
1,<environment.Job instance at 0x7fc32814db90>,4,18,[ 3 11],5,116,134,111,111
1,<environment.Job instance at 0x7fc2e4a2ca50>,20,15,[14  4],21,134,149,113,120
1,<environment.Job instance at 0x7fc2e491c1e0>,10,13,[12  4],11,149,162,138,133
1,<environment.Job instance at 0x7fc2e4872550>,21,24,[11  3],22,162,186,140,157
1,<environment.Job instance at 0x7fc2e48726e0>,23,26,[ 1 12],24,162,188,138,161
1,<environment.Job instance at 0x7fc327dfbb90>,7,13,[13  4],8,188,201,180,182
1,<environment.Job instance at 0x7fc2e4872b40>,25,25,[1 8],26,188,213,162,184
1,<environment.Job instance at 0x7fc2e4872eb0>,26,27,[ 3 12],27,213,240,186,211
1,<environment.Job instance at 0x7fc327deeeb0>,29,21,[8 3],30,211,232,181,211
1,<environment.Job instance at 0x7fc2e4872e10>,30,28,[11  4],31,240,268,209,239
1,<environment.Job instance at 0x7fc3285e4eb0>,31,26,[5 7],32,268,294,236,268
1,<environment.Job instance at 0x7fc2e430eeb0>,0,23,[6 3],1,1,24,0,1
1,<environment.Job instance at 0x7fc2e442a500>,3,18,[7 4],4,6,24,2,6
1,<environment.Job instance at 0x7fc2e430e500>,2,21,[ 4 13],3,24,45,21,18
1,<environment.Job instance at 0x7fc327ff94b0>,9,27,[11  2],10,29,56,19,29
1,<environment.Job instance at 0x7fc2e459b5f0>,6,24,[3 9],7,45,69,38,40
1,<environment.Job instance at 0x7fc327ff9dc0>,11,12,[10  4],12,56,68,44,40
1,<environment.Job instance at 0x7fc327ff98c0>,10,14,[9 1],11,68,82,57,66
1,<environment.Job instance at 0x7fc327ff9690>,12,22,[ 3 14],13,69,91,56,66
1,<environment.Job instance at 0x7fc2e430eaf0>,1,16,[ 2 13],2,91,107,89,81
1,<environment.Job instance at 0x7fc327ff9370>,13,15,[13  2],14,91,106,77,81
1,<environment.Job instance at 0x7fc32870b730>,18,23,[13  2],19,106,129,87,100
1,<environment.Job instance at 0x7fc2e46ee820>,19,16,[ 3 14],20,129,145,109,116
1,<environment.Job instance at 0x7fc2e46eeaa0>,20,16,[13  5],21,145,161,124,135
1,<environment.Job instance at 0x7fc327ff9780>,14,16,[11  3],15,161,177,146,149
1,<environment.Job instance at 0x7fc32846a550>,26,14,[4 8],27,161,175,134,158
1,<environment.Job instance at 0x7fc328533eb0>,27,17,[ 5 11],28,177,194,149,165
1,<environment.Job instance at 0x7fc3285a79b0>,29,19,[ 5 12],30,194,213,164,185
1,<environment.Job instance at 0x7fc3280de230>,1,25,[13  1],2,2,27,0,2
1,<environment.Job instance at 0x7fc328077730>,7,26,[1 9],8,9,35,1,9
1,<environment.Job instance at 0x7fc328333550>,9,22,[ 2 10],10,35,57,25,28
1,<environment.Job instance at 0x7fc328028050>,5,23,[13  4],6,45,68,39,45
1,<environment.Job instance at 0x7fc328333320>,10,21,[13  4],11,68,89,57,60
1,<environment.Job instance at 0x7fc328345690>,12,12,[13  4],13,89,101,76,74
1,<environment.Job instance at 0x7fc2e433f3c0>,3,17,[13  2],4,101,118,97,89
1,<environment.Job instance at 0x7fc328345f00>,14,19,[12  3],15,118,137,103,109
1,<environment.Job instance at 0x7fc2e43163c0>,4,27,[3 9],5,118,145,113,116
1,<environment.Job instance at 0x7fc2e478c4b0>,19,18,[14  2],20,145,163,125,134
1,<environment.Job instance at 0x7fc328ce5190>,11,18,[3 9],12,163,181,151,152
1,<environment.Job instance at 0x7fc2e478c690>,22,17,[12  2],23,163,180,140,153
1,<environment.Job instance at 0x7fc2e478c550>,20,15,[14  3],21,181,196,160,180
1,<environment.Job instance at 0x7fc2e478c9b0>,27,24,[10  2],28,196,220,168,191
1,<environment.Job instance at 0x7fc2e478c7d0>,24,28,[ 5 11],25,196,224,171,195
1,<environment.Job instance at 0x7fc2e478c730>,23,20,[ 5 12],24,224,244,200,220
1,<environment.Job instance at 0x7fc2e478c910>,26,23,[ 5 11],27,244,267,217,241
1,<environment.Job instance at 0x7fc2e478cc30>,32,20,[5 3],33,248,268,215,248
1,<environment.Job instance at 0x7fc2e478ccd0>,33,18,[ 4 11],34,267,285,233,266
1,<environment.Job instance at 0x7fc2e478cd70>,34,28,[7 4],35,268,296,233,267
1,<environment.Job instance at 0x7fc328077190>,0,19,[5 8],1,1,20,0,1
1,<environment.Job instance at 0x7fc328077050>,1,27,[12  3],2,20,47,18,18
1,<environment.Job instance at 0x7fc2e420e0f0>,6,24,[ 5 12],7,47,71,40,42
1,<environment.Job instance at 0x7fc2e478cd70>,2,19,[8 1],3,47,66,44,42
1,<environment.Job instance at 0x7fc2e420e280>,7,20,[1 7],8,71,91,63,62
1,<environment.Job instance at 0x7fc2e420e050>,11,14,[ 3 12],12,91,105,79,76
1,<environment.Job instance at 0x7fc327f689b0>,13,19,[ 4 11],14,105,124,91,95
1,<environment.Job instance at 0x7fc327f68d20>,15,28,[8 4],16,105,133,89,104
1,<environment.Job instance at 0x7fc327f68f50>,16,17,[13  5],17,133,150,116,121
1,<environment.Job instance at 0x7fc327f68780>,18,15,[ 5 11],19,150,165,131,138
1,<environment.Job instance at 0x7fc32f216f50>,19,13,[14  4],20,165,178,145,149
1,<environment.Job instance at 0x7fc2e420e8c0>,9,15,[9 4],10,150,165,140,149
1,<environment.Job instance at 0x7fc327f68a00>,17,17,[ 4 13],18,178,195,160,172
1,<environment.Job instance at 0x7fc2e420e3c0>,10,14,[14  5],11,195,209,184,180
1,<environment.Job instance at 0x7fc2e477af50>,3,26,[ 4 11],4,209,235,205,207
1,<environment.Job instance at 0x7fc32846aeb0>,26,16,[ 5 13],27,235,251,208,223
1,<environment.Job instance at 0x7fc32846a780>,27,25,[ 4 11],28,251,276,223,247
1,<environment.Job instance at 0x7fc32846a2d0>,29,15,[7 1],30,248,263,218,248
1,<environment.Job instance at 0x7fc328077c30>,1,27,[6 2],2,3,30,1,3
1,<environment.Job instance at 0x7fc3282c2370>,5,27,[ 5 12],6,6,33,0,6
1,<environment.Job instance at 0x7fc328077910>,0,17,[13  4],1,33,50,32,21
1,<environment.Job instance at 0x7fc2e44fff50>,8,25,[ 1 12],9,50,75,41,46
1,<environment.Job instance at 0x7fc2e44ff3c0>,9,28,[2 9],10,75,103,65,74
1,<environment.Job instance at 0x7fc2e44ff4b0>,11,14,[14  3],12,103,117,91,88
1,<environment.Job instance at 0x7fc2e44fffa0>,12,15,[ 3 11],13,117,132,104,103
1,<environment.Job instance at 0x7fc2e44ff820>,13,20,[ 4 12],14,132,152,118,123
1,<environment.Job instance at 0x7fc2e44ffd70>,14,28,[ 5 14],15,152,180,137,151
1,<environment.Job instance at 0x7fc2e44ffaa0>,15,17,[ 3 14],16,180,197,164,168
1,<environment.Job instance at 0x7fc2e44ff2d0>,16,27,[ 3 10],17,197,224,180,195
1,<environment.Job instance at 0x7fc2e43150f0>,19,22,[ 1 10],20,224,246,204,217
1,<environment.Job instance at 0x7fc2e43157d0>,20,22,[2 8],21,246,268,225,239
1,<environment.Job instance at 0x7fc2e4315a50>,21,27,[6 4],22,239,266,217,239
1,<environment.Job instance at 0x7fc2e43156e0>,22,22,[ 2 10],23,268,290,245,261
1,<environment.Job instance at 0x7fc2e43151e0>,24,20,[4 5],25,266,286,241,261
1,<environment.Job instance at 0x7fc3282c2320>,0,23,[11  1],1,1,24,0,1
1,<environment.Job instance at 0x7fc32f24b1e0>,4,26,[1 5],5,5,31,0,5
1,<environment.Job instance at 0x7fc328077b90>,5,12,[12  5],6,24,36,18,11
1,<environment.Job instance at 0x7fc32888b7d0>,11,17,[12  1],12,36,53,24,24
1,<environment.Job instance at 0x7fc2e49ff5f0>,13,19,[ 2 10],14,31,50,17,26
1,<environment.Job instance at 0x7fc2e49ff5a0>,15,22,[ 1 12],16,50,72,34,43
1,<environment.Job instance at 0x7fc2e49ffb90>,17,14,[11  2],18,53,67,35,43
1,<environment.Job instance at 0x7fc2e49ffc80>,18,24,[7 2],19,67,91,48,62
1,<environment.Job instance at 0x7fc2e49ffaa0>,19,23,[3 8],20,72,95,52,66
1,<environment.Job instance at 0x7fc2e47186e0>,20,19,[ 5 14],21,95,114,74,85
1,<environment.Job instance at 0x7fc2e4718140>,22,26,[ 1 13],23,114,140,91,111
1,<environment.Job instance at 0x7fc2e47183c0>,24,22,[1 8],25,140,162,115,133
1,<environment.Job instance at 0x7fc2e4718960>,25,14,[ 3 13],26,162,176,136,147
1,<environment.Job instance at 0x7fc2e49ff4b0>,14,28,[6 2],15,148,176,133,148
1,<environment.Job instance at 0x7fc328928460>,26,16,[ 5 13],27,176,192,149,163
1,<environment.Job instance at 0x7fc2e4722550>,30,23,[6 4],31,192,215,161,186
1,<environment.Job instance at 0x7fc2e47227d0>,32,20,[ 1 11],33,204,224,171,204
1,<environment.Job instance at 0x7fc2e4722d70>,34,18,[ 5 13],35,224,242,189,213
1,<environment.Job instance at 0x7fc2e4722cd0>,37,28,[1 5],38,242,270,204,241
1,<environment.Job instance at 0x7fc2e4718910>,28,28,[14  2],29,242,270,213,241
1,<environment.Job instance at 0x7fc327ffc370>,38,21,[14  5],39,270,291,231,262
1,<environment.Job instance at 0x7fc3287f8fa0>,0,22,[3 5],1,1,23,0,1
1,<environment.Job instance at 0x7fc3287f8af0>,1,27,[ 3 13],2,23,50,21,21
1,<environment.Job instance at 0x7fc327fd7640>,6,20,[1 7],7,50,70,43,41
1,<environment.Job instance at 0x7fc32853a8c0>,10,27,[10  3],11,50,77,39,48
1,<environment.Job instance at 0x7fc2e477ae60>,11,28,[1 7],12,70,98,58,69
1,<environment.Job instance at 0x7fc2e4637b40>,13,14,[ 1 13],14,98,112,84,83
1,<environment.Job instance at 0x7fc328346690>,3,17,[ 2 12],4,112,129,108,111
1,<environment.Job instance at 0x7fc327f1bdc0>,15,13,[13  5],16,129,142,113,120
1,<environment.Job instance at 0x7fc327f1b4b0>,16,21,[12  1],17,142,163,125,134
1,<environment.Job instance at 0x7fc2e4276f00>,20,17,[ 5 14],21,163,180,142,151
1,<environment.Job instance at 0x7fc2e4276500>,19,23,[3 9],20,180,203,160,174
1,<environment.Job instance at 0x7fc2e4276960>,21,21,[2 5],22,180,201,158,175
1,<environment.Job instance at 0x7fc2e42763c0>,22,23,[ 5 13],23,203,226,180,197
1,<environment.Job instance at 0x7fc2e4276370>,25,26,[5 8],26,226,252,200,223
1,<environment.Job instance at 0x7fc2e454c4b0>,26,26,[ 4 13],27,252,278,225,249
1,<environment.Job instance at 0x7fc2e454c1e0>,27,26,[5 1],28,256,282,228,256
1,<environment.Job instance at 0x7fc2e454c820>,29,21,[ 2 10],30,278,299,248,270
1,<environment.Job instance at 0x7fc328941e60>,0,13,[14  4],1,2,15,1,2
1,<environment.Job instance at 0x7fc2e4389af0>,2,16,[ 2 13],3,15,31,12,3
1,<environment.Job instance at 0x7fc32802fe60>,3,24,[7 1],4,15,39,11,10
1,<environment.Job instance at 0x7fc2e47531e0>,8,27,[ 4 13],9,31,58,22,29
1,<environment.Job instance at 0x7fc2e434d280>,11,19,[5 1],12,39,58,27,33
1,<environment.Job instance at 0x7fc2e428cd70>,12,17,[11  1],13,58,75,45,46
1,<environment.Job instance at 0x7fc2e428cf00>,13,13,[12  1],14,75,88,61,59
1,<environment.Job instance at 0x7fc2e434d500>,10,18,[ 2 13],11,59,77,48,59
1,<environment.Job instance at 0x7fc2e428c230>,14,27,[ 2 10],15,77,104,62,75
1,<environment.Job instance at 0x7fc2e428c780>,17,23,[ 1 14],18,104,127,86,98
1,<environment.Job instance at 0x7fc2e428caf0>,19,23,[12  5],20,127,150,107,121
1,<environment.Job instance at 0x7fc328709550>,1,16,[3 8],2,127,143,125,121
1,<environment.Job instance at 0x7fc2e428cb40>,23,23,[ 2 11],24,150,173,126,144
1,<environment.Job instance at 0x7fc2e428cb90>,21,27,[10  4],22,150,177,128,149
1,<environment.Job instance at 0x7fc2e428ccd0>,24,27,[3 8],25,173,200,148,171
1,<environment.Job instance at 0x7fc2e427e5f0>,27,25,[14  5],28,200,225,172,196
1,<environment.Job instance at 0x7fc2e428c730>,20,13,[12  1],21,225,238,204,210
1,<environment.Job instance at 0x7fc2e472baf0>,7,14,[13  5],8,238,252,230,223
1,<environment.Job instance at 0x7fc2e427e960>,29,16,[ 4 11],30,252,268,222,239
1,<environment.Job instance at 0x7fc2e427e2d0>,34,14,[5 5],35,268,282,233,261
1,<environment.Job instance at 0x7fc2e434d4b0>,0,28,[11  2],1,1,29,0,1
1,<environment.Job instance at 0x7fc2e427e550>,1,15,[14  4],2,29,44,27,15
1,<environment.Job instance at 0x7fc2e434d230>,6,13,[ 1 12],7,15,28,8,15
1,<environment.Job instance at 0x7fc2e47534b0>,7,18,[14  3],8,44,62,36,33
1,<environment.Job instance at 0x7fc2e47539b0>,8,28,[5 3],9,62,90,53,61
1,<environment.Job instance at 0x7fc2e47178c0>,9,23,[12  1],10,90,113,80,84
1,<environment.Job instance at 0x7fc2e472b500>,10,21,[13  1],11,113,134,102,105
1,<environment.Job instance at 0x7fc32806b910>,11,23,[12  2],12,134,157,122,128
1,<environment.Job instance at 0x7fc328ac60a0>,12,24,[11  2],13,157,181,144,152
1,<environment.Job instance at 0x7fc2e43d0870>,15,28,[ 1 13],16,152,180,136,152
1,<environment.Job instance at 0x7fc2e493c4b0>,17,17,[1 7],18,180,197,162,171
1,<environment.Job instance at 0x7fc327eff460>,18,25,[8 1],19,181,206,162,177
1,<environment.Job instance at 0x7fc327efff00>,19,12,[12  5],20,206,218,186,189
1,<environment.Job instance at 0x7fc327eff2d0>,22,20,[4 7],23,218,238,195,209
1,<environment.Job instance at 0x7fc3284822d0>,23,21,[13  2],24,238,259,214,230
1,<environment.Job instance at 0x7fc328482af0>,25,23,[11  5],26,259,282,233,253
1,<environment.Job instance at 0x7fc328482b40>,26,18,[ 5 13],27,282,300,255,271
1,<environment.Job instance at 0x7fc328423230>,0,27,[4 6],1,1,28,0,1
1,<environment.Job instance at 0x7fc328482aa0>,1,24,[4 5],2,2,26,0,2
1,<environment.Job instance at 0x7fc2e43d0690>,5,23,[12  1],6,28,51,22,24
1,<environment.Job instance at 0x7fc328482b40>,3,27,[ 3 12],4,28,55,24,28
1,<environment.Job instance at 0x7fc2e43d05a0>,2,15,[ 1 12],3,55,70,52,41
1,<environment.Job instance at 0x7fc2e43d0b90>,9,19,[14  3],10,55,74,45,46
1,<environment.Job instance at 0x7fc2e43d0af0>,11,26,[1 5],12,70,96,58,67
1,<environment.Job instance at 0x7fc2e4466460>,12,23,[ 2 12],13,96,119,83,90
1,<environment.Job instance at 0x7fc2e4466820>,13,25,[ 2 10],14,119,144,105,115
1,<environment.Job instance at 0x7fc2e43d0fa0>,4,24,[8 1],5,116,140,111,116
1,<environment.Job instance at 0x7fc2e4466d20>,14,25,[ 5 11],15,144,169,129,140
1,<environment.Job instance at 0x7fc2e43d02d0>,7,28,[8 2],8,144,172,136,144
1,<environment.Job instance at 0x7fc328bf0690>,16,18,[ 2 11],17,169,187,152,158
1,<environment.Job instance at 0x7fc2e422f320>,18,20,[8 5],19,187,207,168,178
1,<environment.Job instance at 0x7fc2e422f140>,19,20,[7 1],20,193,213,173,193
1,<environment.Job instance at 0x7fc2e422f820>,20,25,[ 1 13],21,207,232,186,203
1,<environment.Job instance at 0x7fc328c69cd0>,21,27,[1 9],22,232,259,210,230
1,<environment.Job instance at 0x7fc2e43d0320>,8,21,[11  3],9,236,257,227,236
1,<environment.Job instance at 0x7fc328d42780>,25,14,[ 2 12],26,259,273,233,244
1,<environment.Job instance at 0x7fc2e422f8c0>,26,20,[ 3 14],27,273,293,246,264
1,<environment.Job instance at 0x7fc327e8ff00>,0,25,[ 4 12],1,1,26,0,1
1,<environment.Job instance at 0x7fc327f3d960>,2,16,[14  3],3,26,42,23,13
1,<environment.Job instance at 0x7fc327f3dbe0>,8,27,[5 2],9,42,69,33,40
1,<environment.Job instance at 0x7fc327f3d1e0>,4,22,[ 3 13],5,42,64,37,42
1,<environment.Job instance at 0x7fc327f3d190>,9,20,[6 4],10,64,84,54,55
1,<environment.Job instance at 0x7fc328b19e10>,10,12,[ 1 14],11,84,96,73,69
1,<environment.Job instance at 0x7fc328b19b40>,11,13,[ 1 11],12,96,109,84,80
1,<environment.Job instance at 0x7fc32843a820>,15,25,[10  3],16,96,121,80,96
1,<environment.Job instance at 0x7fc32843a960>,13,27,[ 3 10],14,109,136,95,108
1,<environment.Job instance at 0x7fc32843a2d0>,16,21,[5 8],17,136,157,119,128
1,<environment.Job instance at 0x7fc32843a550>,17,19,[3 7],18,136,155,118,128
1,<environment.Job instance at 0x7fc32843abe0>,18,21,[ 3 13],19,157,178,138,149
1,<environment.Job instance at 0x7fc32843a1e0>,21,18,[ 1 10],22,178,196,156,168
1,<environment.Job instance at 0x7fc328b19320>,12,27,[12  3],13,178,205,165,177
1,<environment.Job instance at 0x7fc327f3d500>,7,23,[ 3 10],8,196,219,188,192
1,<environment.Job instance at 0x7fc32843a0a0>,22,16,[12  1],23,205,221,182,204
1,<environment.Job instance at 0x7fc32843ae10>,27,18,[ 3 13],28,219,237,191,208
1,<environment.Job instance at 0x7fc32843a870>,26,18,[13  3],27,237,255,210,226
1,<environment.Job instance at 0x7fc32843aa50>,31,18,[2 9],32,237,255,205,237
1,<environment.Job instance at 0x7fc2e42967d0>,32,12,[14  3],33,255,267,222,240
1,<environment.Job instance at 0x7fc32843ae60>,20,15,[14  2],21,267,282,246,258
1,<environment.Job instance at 0x7fc2e4296e10>,33,13,[ 1 14],34,282,295,248,266
1,<environment.Job instance at 0x7fc2e496cf00>,3,24,[5 6],4,4,28,0,4
1,<environment.Job instance at 0x7fc32833d550>,6,26,[14  5],7,33,59,26,33
1,<environment.Job instance at 0x7fc327e8fe10>,4,12,[ 5 11],5,59,71,54,54
1,<environment.Job instance at 0x7fc2e42e07d0>,10,24,[ 2 13],11,71,95,60,66
1,<environment.Job instance at 0x7fc2e42e0c30>,11,19,[5 8],12,95,114,83,85
1,<environment.Job instance at 0x7fc2e47a8410>,14,26,[11  4],15,114,140,99,111
1,<environment.Job instance at 0x7fc328a6f870>,15,28,[ 3 14],16,140,168,124,139
1,<environment.Job instance at 0x7fc2e4467c80>,16,19,[ 5 14],17,168,187,151,158
1,<environment.Job instance at 0x7fc328a6fd20>,17,27,[ 1 12],18,187,214,169,185
1,<environment.Job instance at 0x7fc2e406ecd0>,7,21,[12  3],8,187,208,179,185
1,<environment.Job instance at 0x7fc2e46e3870>,13,28,[8 3],14,215,243,201,215
1,<environment.Job instance at 0x7fc2e430b690>,8,26,[ 2 14],9,244,270,235,244
1,<environment.Job instance at 0x7fc2e4467b40>,18,13,[11  4],19,270,283,251,257
1,<environment.Job instance at 0x7fc2e3ff7a50>,23,12,[ 3 12],24,283,295,259,267
1,<environment.Job instance at 0x7fc2e3ff7b40>,25,17,[6 1],26,283,300,257,272
1,<environment.Job instance at 0x7ff7119a8140>,0,24,[2 8],1,1,25,0,1
1,<environment.Job instance at 0x7ff7119a80f0>,2,26,[10  1],3,3,29,0,3
1,<environment.Job instance at 0x7ff70a5992d0>,3,15,[13  4],4,29,44,25,15
1,<environment.Job instance at 0x7ff70a5996e0>,10,14,[ 1 14],11,44,58,33,29
1,<environment.Job instance at 0x7ff70a5998c0>,12,22,[4 6],13,58,80,45,51
1,<environment.Job instance at 0x7ff70a599960>,13,27,[3 8],14,58,85,44,56
1,<environment.Job instance at 0x7ff70a599a00>,14,14,[14  3],15,85,99,70,70
1,<environment.Job instance at 0x7ff70a599c30>,15,24,[ 2 13],16,99,123,83,94
1,<environment.Job instance at 0x7ff70a599b90>,16,19,[ 3 12],17,123,142,106,113
1,<environment.Job instance at 0x7ff70a599be0>,17,18,[ 5 13],18,142,160,124,131
1,<environment.Job instance at 0x7ff70a599a50>,19,21,[14  4],20,160,181,140,152
1,<environment.Job instance at 0x7ff70a599e10>,21,22,[14  2],22,181,203,159,174
1,<environment.Job instance at 0x7ff70a599d70>,22,25,[ 4 12],23,203,228,180,199
1,<environment.Job instance at 0x7ff70a59d230>,24,20,[ 3 12],25,228,248,203,219
1,<environment.Job instance at 0x7ff70a59d1e0>,25,16,[11  3],26,234,250,208,234
1,<environment.Job instance at 0x7ff70a59d0a0>,26,20,[4 8],27,248,268,221,239
1,<environment.Job instance at 0x7ff70a59d410>,27,25,[14  4],28,268,293,240,264
1,<environment.Job instance at 0x7ff70a5a8c80>,0,21,[ 3 12],1,1,22,0,1
1,<environment.Job instance at 0x7ff70a5a8f00>,1,17,[ 2 11],2,22,39,20,10
1,<environment.Job instance at 0x7ff7119d0fa0>,7,25,[5 4],8,22,47,14,18
1,<environment.Job instance at 0x7ff7119d0050>,8,28,[7 2],9,39,67,30,38
1,<environment.Job instance at 0x7ff7119d0410>,9,28,[7 1],10,47,75,37,46
1,<environment.Job instance at 0x7ff7119a8230>,3,14,[11  1],4,75,89,71,69
1,<environment.Job instance at 0x7ff711b18b90>,13,26,[ 3 11],14,84,110,70,84
1,<environment.Job instance at 0x7ff711b18230>,12,24,[12  2],13,89,113,76,84
1,<environment.Job instance at 0x7ff711b182d0>,16,16,[ 1 11],17,110,126,93,104
1,<environment.Job instance at 0x7ff711b18d20>,18,25,[4 6],19,126,151,107,122
1,<environment.Job instance at 0x7ff711b186e0>,19,26,[4 9],20,126,152,106,123
1,<environment.Job instance at 0x7ff711b0fd70>,21,12,[12  4],22,152,164,130,135
1,<environment.Job instance at 0x7ff711b18dc0>,14,25,[ 5 11],15,164,189,149,160
1,<environment.Job instance at 0x7ff711b0f460>,23,14,[12  3],24,189,203,165,174
1,<environment.Job instance at 0x7ff7119d0230>,4,26,[ 3 12],5,189,215,184,187
1,<environment.Job instance at 0x7ff711b0f140>,25,22,[ 3 12],26,215,237,189,213
1,<environment.Job instance at 0x7ff711b0fb40>,24,28,[ 3 13],25,237,265,212,236
1,<environment.Job instance at 0x7ff711b0f7d0>,22,21,[12  4],23,265,286,242,257
1,<environment.Job instance at 0x7ff711b0f730>,27,13,[4 5],28,286,299,258,271
1,<environment.Job instance at 0x7ff711b1cdc0>,0,22,[12  1],1,2,24,1,2
1,<environment.Job instance at 0x7ff711b1e140>,1,12,[ 2 14],2,7,19,5,7
1,<environment.Job instance at 0x7ff711b0f730>,3,28,[5 7],4,24,52,20,23
1,<environment.Job instance at 0x7ff6c68cbe60>,4,28,[10  1],5,36,64,31,36
1,<environment.Job instance at 0x7ff6c68cb690>,7,24,[ 4 11],8,52,76,44,48
1,<environment.Job instance at 0x7ff6c68cbd20>,8,25,[11  1],9,68,93,59,68
1,<environment.Job instance at 0x7ff6c68cb730>,13,24,[2 7],14,84,108,70,84
1,<environment.Job instance at 0x7ff6c68cb640>,10,26,[5 5],11,93,119,82,90
1,<environment.Job instance at 0x7ff6c68cb1e0>,15,25,[5 3],16,93,118,77,90
1,<environment.Job instance at 0x7ff6c68cb370>,16,18,[7 1],17,118,136,101,107
1,<environment.Job instance at 0x7ff6c68cb0f0>,17,26,[7 1],18,119,145,101,116
1,<environment.Job instance at 0x7ff6c68cb2d0>,18,18,[12  1],19,145,163,126,135
1,<environment.Job instance at 0x7ff6c6863a00>,19,15,[ 1 13],20,138,153,118,138
1,<environment.Job instance at 0x7ff6c68630a0>,20,23,[11  3],21,163,186,142,157
1,<environment.Job instance at 0x7ff6c6863190>,21,15,[4 8],22,163,178,141,158
1,<environment.Job instance at 0x7ff6c6863b90>,22,20,[14  4],23,186,206,163,179
1,<environment.Job instance at 0x7ff6c68639b0>,24,16,[ 2 11],25,206,222,181,193
1,<environment.Job instance at 0x7ff6c68cba00>,5,16,[12  2],6,206,222,200,201
1,<environment.Job instance at 0x7ff6c6863e60>,25,24,[8 2],26,222,246,196,219
1,<environment.Job instance at 0x7ff6c6890730>,29,16,[ 4 13],30,226,242,196,226
1,<environment.Job instance at 0x7ff6c6890c80>,31,25,[10  5],32,246,271,214,242
1,<environment.Job instance at 0x7ff6c6943780>,0,20,[12  3],1,1,21,0,1
1,<environment.Job instance at 0x7ff6c6943960>,1,21,[13  4],2,21,42,19,13
1,<environment.Job instance at 0x7ff6c69813c0>,6,13,[ 1 11],7,23,36,16,23
1,<environment.Job instance at 0x7ff6c699d2d0>,7,21,[5 9],8,42,63,34,34
1,<environment.Job instance at 0x7ff6c699d410>,8,25,[6 1],9,42,67,33,39
1,<environment.Job instance at 0x7ff6c689aa50>,10,18,[13  2],11,67,85,56,56
1,<environment.Job instance at 0x7ff6c689ad20>,11,27,[5 7],12,85,112,73,83
1,<environment.Job instance at 0x7ff6c6890c80>,2,23,[2 8],3,88,111,85,88
1,<environment.Job instance at 0x7ff6c689a410>,12,12,[14  3],13,112,124,99,95
1,<environment.Job instance at 0x7ff6c689a6e0>,15,28,[ 4 12],16,124,152,108,123
1,<environment.Job instance at 0x7ff6c689a690>,16,20,[11  3],17,127,147,110,127
1,<environment.Job instance at 0x7ff6c689a500>,17,15,[ 5 13],18,152,167,134,138
1,<environment.Job instance at 0x7ff70a5bd8c0>,20,24,[12  5],21,167,191,146,162
1,<environment.Job instance at 0x7ff70a5bd780>,21,19,[ 2 14],22,191,210,169,181
1,<environment.Job instance at 0x7ff6c6beacd0>,3,16,[11  1],4,191,207,187,181
1,<environment.Job instance at 0x7ff70a5bd640>,22,22,[12  1],23,207,229,184,200
1,<environment.Job instance at 0x7ff70a5bda00>,24,22,[5 3],25,229,251,204,222
1,<environment.Job instance at 0x7ff70a5bd0a0>,25,17,[ 1 14],26,251,268,225,239
1,<environment.Job instance at 0x7ff6c6d787d0>,26,14,[ 3 14],27,268,282,241,253
1,<environment.Job instance at 0x7ff7119d2870>,0,20,[6 5],1,1,21,0,1
1,<environment.Job instance at 0x7ff6c6be23c0>,1,14,[ 4 13],2,21,35,19,6
1,<environment.Job instance at 0x7ff6c69498c0>,6,18,[ 1 12],7,35,53,28,24
1,<environment.Job instance at 0x7ff6c695a2d0>,9,28,[ 3 10],10,53,81,43,52
1,<environment.Job instance at 0x7ff6c6929f00>,10,21,[5 1],11,52,73,41,52
1,<environment.Job instance at 0x7ff6c693bd70>,11,28,[11  4],12,73,101,61,72
1,<environment.Job instance at 0x7ff6c6981280>,13,19,[11  2],14,101,120,87,91
1,<environment.Job instance at 0x7ff6c6981e10>,5,25,[4 9],6,95,120,89,95
1,<environment.Job instance at 0x7ff6c6943640>,14,18,[12  3],15,120,138,105,109
1,<environment.Job instance at 0x7ff6c6853eb0>,16,19,[ 1 12],17,120,139,103,110
1,<environment.Job instance at 0x7ff6c6853d20>,17,24,[10  2],18,138,162,120,133
1,<environment.Job instance at 0x7ff6c6956a00>,18,24,[8 1],19,162,186,143,157
1,<environment.Job instance at 0x7ff6c6853640>,21,28,[ 1 12],22,157,185,135,157
1,<environment.Job instance at 0x7ff6c6853fa0>,22,15,[13  1],23,186,201,163,173
1,<environment.Job instance at 0x7ff70a39e230>,23,20,[ 5 12],24,201,221,177,192
1,<environment.Job instance at 0x7ff70a39e3c0>,25,12,[ 4 13],26,221,233,195,204
1,<environment.Job instance at 0x7ff70a39e050>,26,24,[5 3],27,233,257,206,228
1,<environment.Job instance at 0x7ff70a39e280>,27,19,[5 7],28,233,252,205,228
1,<environment.Job instance at 0x7ff6c6981d20>,4,21,[ 1 12],5,252,273,247,248
1,<environment.Job instance at 0x7ff70a39e4b0>,29,21,[14  3],30,257,278,227,249
1,<environment.Job instance at 0x7ff70a39e690>,32,20,[11  3],33,278,298,245,269
1,<environment.Job instance at 0x7ff6c68535f0>,0,23,[8 4],1,1,24,0,1
1,<environment.Job instance at 0x7ff6c6853550>,4,18,[ 5 12],5,24,42,19,14
1,<environment.Job instance at 0x7ff70a39e1e0>,1,13,[12  4],2,42,55,40,26
1,<environment.Job instance at 0x7ff70aa377d0>,9,15,[ 3 13],10,55,70,45,41
1,<environment.Job instance at 0x7ff70aa37500>,8,12,[1 7],9,42,54,33,42
1,<environment.Job instance at 0x7ff70aa373c0>,11,17,[13  1],12,70,87,58,67
1,<environment.Job instance at 0x7ff70aa37a00>,10,25,[13  4],11,87,112,76,83
1,<environment.Job instance at 0x7ff70aa37140>,13,25,[12  1],14,112,137,98,108
1,<environment.Job instance at 0x7ff70aa37e60>,14,28,[14  4],15,137,165,122,136
1,<environment.Job instance at 0x7ff70aa37aa0>,15,16,[ 1 13],16,165,181,149,152
1,<environment.Job instance at 0x7ff70aa374b0>,16,26,[ 3 11],17,181,207,164,178
1,<environment.Job instance at 0x7ff710db8320>,19,26,[12  4],20,184,210,164,184
1,<environment.Job instance at 0x7ff6c6949cd0>,7,15,[11  5],8,210,225,202,204
1,<environment.Job instance at 0x7ff710e40190>,24,26,[1 6],25,214,240,189,214
1,<environment.Job instance at 0x7ff6c6949c80>,6,26,[ 3 14],7,259,285,252,259
1,<environment.Job instance at 0x7ff711b1e640>,0,18,[ 4 13],1,1,19,0,1
1,<environment.Job instance at 0x7ff6c6e74e60>,6,18,[ 1 14],7,19,37,12,8
1,<environment.Job instance at 0x7ff70a956190>,1,18,[13  1],2,21,39,19,21
1,<environment.Job instance at 0x7ff6c6a751e0>,10,12,[11  2],11,39,51,28,27
1,<environment.Job instance at 0x7ff710ff10f0>,12,16,[ 3 13],13,39,55,26,27
1,<environment.Job instance at 0x7ff70a860690>,14,22,[ 1 12],15,55,77,40,48
1,<environment.Job instance at 0x7ff70a8600a0>,15,24,[12  5],16,77,101,61,72
1,<environment.Job instance at 0x7ff6c6a5e0f0>,19,28,[1 8],20,77,105,57,76
1,<environment.Job instance at 0x7ff6c6a5e0a0>,21,26,[7 2],22,101,127,79,98
1,<environment.Job instance at 0x7ff6c6a5e5a0>,22,27,[5 6],23,105,132,82,103
1,<environment.Job instance at 0x7ff70a97c870>,23,28,[ 2 12],24,132,160,108,131
1,<environment.Job instance at 0x7ff70a97cf00>,25,16,[12  2],26,132,148,106,132
1,<environment.Job instance at 0x7ff710f84c30>,26,27,[12  3],27,148,175,121,146
1,<environment.Job instance at 0x7ff6c683b550>,28,14,[2 7],29,160,174,131,150
1,<environment.Job instance at 0x7ff6c6852c80>,27,17,[13  2],28,175,192,147,167
1,<environment.Job instance at 0x7ff70a8be910>,32,24,[7 3],33,192,216,159,187
1,<environment.Job instance at 0x7ff6c699d5a0>,7,15,[6 2],8,193,208,185,193
1,<environment.Job instance at 0x7ff70a8beeb0>,33,12,[13  5],34,216,228,182,203
1,<environment.Job instance at 0x7ff6c6ed37d0>,35,23,[ 1 10],36,215,238,179,215
1,<environment.Job instance at 0x7ff70a6674b0>,36,20,[ 4 11],37,238,258,201,229
1,<environment.Job instance at 0x7ff70a6a82d0>,31,20,[9 4],32,229,249,197,229
1,<environment.Job instance at 0x7ff70a675410>,37,21,[5 9],38,258,279,220,250
1,<environment.Job instance at 0x7ff7118db140>,0,27,[ 2 13],1,1,28,0,1
1,<environment.Job instance at 0x7ff6c6852230>,3,15,[14  1],4,28,43,24,19
1,<environment.Job instance at 0x7ff6c697c640>,7,26,[ 4 10],8,43,69,35,40
1,<environment.Job instance at 0x7ff6c6956f50>,9,15,[7 1],10,44,59,34,44
1,<environment.Job instance at 0x7ff6c699d0f0>,8,19,[ 3 13],9,69,88,60,63
1,<environment.Job instance at 0x7ff711001550>,12,26,[2 9],13,88,114,75,86
1,<environment.Job instance at 0x7ff6c67f9820>,14,15,[12  4],15,89,104,74,89
1,<environment.Job instance at 0x7ff711297640>,13,22,[5 3],14,104,126,90,97
1,<environment.Job instance at 0x7ff70a7dae10>,16,27,[ 1 11],17,114,141,97,112
1,<environment.Job instance at 0x7ff7118987d0>,15,27,[10  3],16,126,153,110,126
1,<environment.Job instance at 0x7ff711001af0>,17,18,[ 2 12],18,141,159,123,132
1,<environment.Job instance at 0x7ff7110012d0>,11,25,[5 5],12,159,184,147,156
1,<environment.Job instance at 0x7ff70a867c80>,18,22,[ 2 11],19,184,206,165,178
1,<environment.Job instance at 0x7ff70a867e10>,20,22,[13  2],21,194,216,173,194
1,<environment.Job instance at 0x7ff70a8671e0>,19,23,[14  4],20,216,239,196,210
1,<environment.Job instance at 0x7ff70a867910>,24,16,[11  2],25,239,255,214,227
1,<environment.Job instance at 0x7ff70a867640>,27,17,[2 6],28,239,256,211,237
1,<environment.Job instance at 0x7ff70a867870>,26,18,[ 5 14],27,256,274,229,253
1,<environment.Job instance at 0x7ff6c6984190>,29,20,[ 1 11],30,274,294,244,269
1,<environment.Job instance at 0x7ff70a7da780>,1,22,[ 4 12],2,2,24,0,2
1,<environment.Job instance at 0x7ff70a7da0f0>,0,14,[14  4],1,24,38,23,11
1,<environment.Job instance at 0x7ff6c6984460>,8,15,[ 3 13],9,38,53,29,24
1,<environment.Job instance at 0x7ff6c6f5a4b0>,10,22,[6 5],11,53,75,42,46
1,<environment.Job instance at 0x7ff70a54d550>,11,24,[9 2],12,52,76,40,52
1,<environment.Job instance at 0x7ff6c6f5a500>,12,13,[11  4],13,76,89,63,61
1,<environment.Job instance at 0x7ff70a54daa0>,13,17,[ 3 12],14,89,106,75,77
1,<environment.Job instance at 0x7ff70a702e60>,14,20,[13  4],15,106,126,91,97
1,<environment.Job instance at 0x7ff70a702f50>,15,22,[5 6],16,126,148,110,119
1,<environment.Job instance at 0x7ff6c699d960>,3,14,[4 5],4,126,140,122,122
1,<environment.Job instance at 0x7ff70a7027d0>,16,20,[12  5],17,148,168,131,139
1,<environment.Job instance at 0x7ff70a702cd0>,19,22,[ 3 11],20,168,190,148,161
1,<environment.Job instance at 0x7ff70a702d70>,20,24,[ 1 12],21,190,214,169,185
1,<environment.Job instance at 0x7ff70a7026e0>,21,28,[3 6],22,214,242,192,213
1,<environment.Job instance at 0x7ff70a7025a0>,22,14,[ 4 12],23,242,256,219,227
1,<environment.Job instance at 0x7ff6c6e27c30>,23,28,[ 2 13],24,256,284,232,255
1,<environment.Job instance at 0x7ff70a7e2640>,0,28,[ 5 11],1,1,29,0,1
1,<environment.Job instance at 0x7ff6c6e27c30>,2,14,[10  1],3,4,18,1,4
1,<environment.Job instance at 0x7ff6c6e27aa0>,1,17,[ 5 12],2,29,46,27,17
1,<environment.Job instance at 0x7ff6c6bfae10>,8,21,[ 1 12],9,46,67,37,38
1,<environment.Job instance at 0x7ff70a58a6e0>,10,24,[6 1],11,40,64,29,40
1,<environment.Job instance at 0x7ff6c6bfabe0>,9,12,[ 3 11],10,67,79,57,51
1,<environment.Job instance at 0x7ff6c67f93c0>,4,22,[11  2],5,64,86,59,63
1,<environment.Job instance at 0x7ff6c6f12d70>,3,18,[3 8],4,79,97,75,72
1,<environment.Job instance at 0x7ff6c664a370>,14,19,[14  1],15,97,116,82,87
1,<environment.Job instance at 0x7ff70a9d3690>,15,21,[11  5],16,116,137,100,110
1,<environment.Job instance at 0x7ff70a9d38c0>,16,13,[11  4],17,137,150,120,121
1,<environment.Job instance at 0x7ff70a403500>,18,17,[8 4],19,150,167,131,138
1,<environment.Job instance at 0x7ff70a526640>,19,16,[7 2],20,150,166,130,139
1,<environment.Job instance at 0x7ff70a8545f0>,20,12,[ 3 14],21,167,179,146,150
1,<environment.Job instance at 0x7ff70a854640>,21,15,[ 4 13],22,179,194,157,171
1,<environment.Job instance at 0x7ff70a854c30>,22,14,[8 5],23,194,208,171,179
1,<environment.Job instance at 0x7ff70a95e460>,23,13,[11  4],24,208,221,184,192
1,<environment.Job instance at 0x7ff70a854d70>,24,19,[6 4],25,221,240,196,211
1,<environment.Job instance at 0x7ff70a396eb0>,25,16,[1 6],26,217,233,191,217
1,<environment.Job instance at 0x7ff70a4b8c80>,26,14,[1 8],27,233,247,206,219
1,<environment.Job instance at 0x7ff70a9c45f0>,27,22,[7 2],28,221,243,193,220
1,<environment.Job instance at 0x7ff70a707e60>,28,15,[10  1],29,243,258,214,230
1,<environment.Job instance at 0x7ff70a3ed370>,29,19,[ 4 11],30,247,266,217,238
1,<environment.Job instance at 0x7ff6c696f780>,30,28,[ 3 11],31,266,294,235,265
1,<environment.Job instance at 0x7ff71142c910>,2,24,[ 2 12],3,3,27,0,3
1,<environment.Job instance at 0x7ff70a47b870>,3,18,[7 1],4,5,23,1,5
1,<environment.Job instance at 0x7ff70a8be6e0>,0,18,[14  1],1,27,45,26,16
1,<environment.Job instance at 0x7ff711b13aa0>,8,25,[3 6],9,45,70,36,41
1,<environment.Job instance at 0x7ff711b13370>,10,16,[ 5 12],11,70,86,59,57
1,<environment.Job instance at 0x7ff6c6bfa640>,11,22,[13  4],12,86,108,74,79
1,<environment.Job instance at 0x7ff71136beb0>,13,17,[14  5],14,108,125,94,96
1,<environment.Job instance at 0x7ff71136b730>,14,17,[ 1 13],15,125,142,110,113
1,<environment.Job instance at 0x7ff71136b370>,15,16,[ 1 11],16,142,158,126,129
1,<environment.Job instance at 0x7ff7112f4c80>,16,22,[4 5],17,158,180,141,151
1,<environment.Job instance at 0x7ff70a7dacd0>,5,21,[5 5],6,158,179,152,155
1,<environment.Job instance at 0x7ff7112f4aa0>,18,19,[2 5],19,158,177,139,156
1,<environment.Job instance at 0x7ff71136b6e0>,17,16,[14  4],18,180,196,162,167
1,<environment.Job instance at 0x7ff7112ef4b0>,22,14,[11  5],23,196,210,173,184
1,<environment.Job instance at 0x7ff7112ef050>,23,18,[ 4 12],24,210,228,186,199
1,<environment.Job instance at 0x7ff710f69280>,24,24,[ 3 11],25,228,252,203,223
1,<environment.Job instance at 0x7ff710f69320>,25,15,[ 3 13],26,252,267,226,238
1,<environment.Job instance at 0x7ff710f693c0>,26,19,[3 7],27,267,286,240,257
1,<environment.Job instance at 0x7ff710f69460>,27,13,[13  2],28,286,299,258,270
1,<environment.Job instance at 0x7ff70a7daa50>,3,25,[2 8],4,4,29,0,4
1,<environment.Job instance at 0x7ff70a3a1050>,7,16,[5 1],8,10,26,2,10
1,<environment.Job instance at 0x7ff70a3a1c80>,8,25,[ 1 12],9,46,71,37,46
1,<environment.Job instance at 0x7ff70a3a1140>,6,27,[13  4],7,134,161,127,134
1,<environment.Job instance at 0x7ff70a3a1960>,10,27,[ 2 13],11,277,304,266,277
1,<environment.Job instance at 0x7ff7119c7f50>,0,12,[11  1],1,1,13,0,1
1,<environment.Job instance at 0x7ff6c6782e60>,1,27,[4 9],2,2,29,0,2
1,<environment.Job instance at 0x7ff6c6bdd500>,5,12,[14  2],6,29,41,23,12
1,<environment.Job instance at 0x7ff711574730>,7,14,[8 1],8,14,28,6,14
1,<environment.Job instance at 0x7ff711574e10>,9,27,[ 1 12],10,29,56,19,27
1,<environment.Job instance at 0x7ff7115ae730>,2,16,[ 4 13],3,56,72,53,43
1,<environment.Job instance at 0x7ff7115746e0>,8,24,[ 5 11],9,72,96,63,68
1,<environment.Job instance at 0x7ff70a6a8dc0>,14,26,[1 5],15,96,122,81,93
1,<environment.Job instance at 0x7ff70a6a81e0>,16,26,[ 4 12],17,122,148,105,119
1,<environment.Job instance at 0x7ff711574cd0>,10,23,[11  1],11,123,146,112,123
1,<environment.Job instance at 0x7ff70a6a8fa0>,20,16,[ 3 14],21,148,164,127,137
1,<environment.Job instance at 0x7ff70a6a8870>,21,17,[12  1],22,150,167,128,150
1,<environment.Job instance at 0x7ff70a6a8730>,24,28,[6 2],25,167,195,142,166
1,<environment.Job instance at 0x7ff70a6a8050>,23,19,[ 2 10],24,167,186,143,167
1,<environment.Job instance at 0x7ff70a6a8230>,25,22,[ 1 12],26,186,208,160,179
1,<environment.Job instance at 0x7ff70a6a8320>,27,14,[11  2],28,195,209,167,195
1,<environment.Job instance at 0x7ff6c671fa50>,29,23,[3 8],30,208,231,178,202
1,<environment.Job instance at 0x7ff70a6a8780>,28,24,[7 2],29,209,233,180,207
1,<environment.Job instance at 0x7ff6c671faf0>,30,19,[ 5 14],31,233,252,202,223
1,<environment.Job instance at 0x7ff6c671fc80>,32,26,[ 1 13],33,252,278,219,249
1,<environment.Job instance at 0x7ff6c6a4db40>,0,22,[3 5],1,1,23,0,1
1,<environment.Job instance at 0x7ff70a541eb0>,1,27,[ 3 13],2,23,50,21,21
1,<environment.Job instance at 0x7ff6c6ee9e10>,6,20,[1 7],7,50,70,43,41
1,<environment.Job instance at 0x7ff6c6ee9b40>,5,15,[12  3],6,50,65,44,42
1,<environment.Job instance at 0x7ff710f690f0>,11,28,[1 7],12,65,93,53,64
1,<environment.Job instance at 0x7ff6c671f5a0>,2,27,[4 8],3,70,97,67,68
1,<environment.Job instance at 0x7ff6c6e85410>,13,14,[ 1 13],14,97,111,83,82
1,<environment.Job instance at 0x7ff6c688df50>,16,21,[12  1],17,97,118,80,89
1,<environment.Job instance at 0x7ff70a468280>,15,13,[13  5],16,118,131,102,102
1,<environment.Job instance at 0x7ff710e51c80>,19,23,[3 9],20,131,154,111,125
1,<environment.Job instance at 0x7ff6c6bdd690>,20,17,[ 5 14],21,154,171,133,142
1,<environment.Job instance at 0x7ff6c6bdd1e0>,22,23,[ 5 13],23,171,194,148,165
1,<environment.Job instance at 0x7ff70a3e0320>,23,15,[ 3 13],24,194,209,170,180
1,<environment.Job instance at 0x7ff6c6e3c370>,25,26,[5 8],26,209,235,183,206
1,<environment.Job instance at 0x7ff70a3e0780>,26,26,[ 4 13],27,235,261,208,232
1,<environment.Job instance at 0x7ff6c68b2fa0>,27,26,[5 1],28,232,258,204,232
1,<environment.Job instance at 0x7ff710fab370>,29,21,[ 2 10],30,261,282,231,253
1,<environment.Job instance at 0x7ff710fab690>,30,14,[12  2],31,261,275,230,260
1,<environment.Job instance at 0x7ff710fab730>,31,19,[ 2 10],32,282,301,250,272
1,<environment.Job instance at 0x7ff70a96a500>,0,18,[ 2 13],1,1,19,0,1
1,<environment.Job instance at 0x7ff710faa140>,2,17,[11  1],3,3,20,0,3
1,<environment.Job instance at 0x7ff6c6e85780>,3,13,[12  1],4,20,33,16,7
1,<environment.Job instance at 0x7ff6c6ee9870>,7,23,[ 1 14],8,19,42,11,13
1,<environment.Job instance at 0x7ff70a6caa00>,10,13,[12  1],11,33,46,22,20
1,<environment.Job instance at 0x7ff710ea66e0>,12,28,[ 4 14],13,46,74,33,45
1,<environment.Job instance at 0x7ff6c65cf5a0>,13,23,[ 2 11],14,74,97,60,68
1,<environment.Job instance at 0x7ff710ea6910>,14,27,[3 8],15,97,124,82,95
1,<environment.Job instance at 0x7ff70a6caaa0>,11,27,[10  4],12,95,122,83,95
1,<environment.Job instance at 0x7ff70a95e6e0>,5,14,[1 5],6,122,136,116,107
1,<environment.Job instance at 0x7ff6c67a2820>,18,23,[4 9],19,124,147,105,118
1,<environment.Job instance at 0x7ff6c67a20f0>,19,16,[ 4 11],20,147,163,127,134
1,<environment.Job instance at 0x7ff6c67a25f0>,20,19,[7 4],21,146,165,125,146
1,<environment.Job instance at 0x7ff6c67a2870>,21,14,[13  4],22,165,179,143,150
1,<environment.Job instance at 0x7ff71192e730>,22,12,[7 3],23,179,191,156,164
1,<environment.Job instance at 0x7ff6c672ee10>,23,21,[7 2],24,179,200,155,171
1,<environment.Job instance at 0x7ff70a492c80>,24,14,[5 5],25,191,205,166,177
1,<environment.Job instance at 0x7ff6c672e1e0>,25,24,[11  5],26,205,229,179,200
1,<environment.Job instance at 0x7ff710f83820>,26,27,[8 3],27,229,256,202,227
1,<environment.Job instance at 0x7ff7114e7aa0>,4,27,[ 2 10],5,250,277,245,250
1,<environment.Job instance at 0x7ff70a492960>,27,28,[13  3],28,256,284,228,255
1,<environment.Job instance at 0x7ff711163230>,2,20,[4 7],3,3,23,0,3
1,<environment.Job instance at 0x7ff70a787320>,5,23,[11  5],6,14,37,8,14
1,<environment.Job instance at 0x7ff70a5e7280>,9,14,[ 4 10],10,23,37,13,19
1,<environment.Job instance at 0x7ff710e24fa0>,3,21,[13  2],4,37,58,33,29
1,<environment.Job instance at 0x7ff70a5e7960>,14,28,[13  5],15,58,86,43,57
1,<environment.Job instance at 0x7ff70a5e7dc0>,15,23,[9 3],16,86,109,70,80
1,<environment.Job instance at 0x7ff70a5e79b0>,17,21,[13  4],18,109,130,91,101
1,<environment.Job instance at 0x7ff70a365aa0>,20,21,[ 3 13],21,130,151,109,122
1,<environment.Job instance at 0x7ff70a5e7f50>,21,18,[13  1],22,151,169,129,140
1,<environment.Job instance at 0x7ff70a365370>,23,25,[3 9],24,169,194,145,165
1,<environment.Job instance at 0x7ff70a365c80>,24,25,[3 8],25,194,219,169,190
1,<environment.Job instance at 0x7ff70a365c30>,25,23,[ 1 13],26,219,242,193,213
1,<environment.Job instance at 0x7ff71126baa0>,10,16,[13  2],11,220,236,209,220
1,<environment.Job instance at 0x7ff70a3651e0>,26,15,[14  3],27,242,257,215,228
1,<environment.Job instance at 0x7ff70a365f00>,28,17,[ 3 12],29,257,274,228,245
1,<environment.Job instance at 0x7ff70a365050>,30,14,[12  2],31,257,271,226,252
1,<environment.Job instance at 0x7ff70a4836e0>,32,19,[ 2 14],33,274,293,241,264
1,<environment.Job instance at 0x7ff70a4836e0>,5,21,[5 1],6,6,27,0,6
1,<environment.Job instance at 0x7ff6c6c46690>,6,27,[2 7],7,7,34,0,7
1,<environment.Job instance at 0x7ff6c6b03140>,3,20,[4 7],4,9,29,5,9
1,<environment.Job instance at 0x7ff6c65aca00>,12,17,[ 1 13],13,34,51,21,22
1,<environment.Job instance at 0x7ff6c661c910>,14,27,[ 3 10],15,51,78,36,49
1,<environment.Job instance at 0x7ff70a7b9a00>,15,17,[ 4 11],16,78,95,62,66
1,<environment.Job instance at 0x7ff6c661c5a0>,16,28,[4 5],17,95,123,78,94
1,<environment.Job instance at 0x7ff70a7b99b0>,17,14,[11  1],18,99,113,81,99
1,<environment.Job instance at 0x7ff70a7b9870>,18,12,[ 3 12],19,123,135,104,106
1,<environment.Job instance at 0x7ff70a7b9af0>,20,19,[ 5 14],21,135,154,114,125
1,<environment.Job instance at 0x7ff70a7b9be0>,22,22,[14  4],23,154,176,131,147
1,<environment.Job instance at 0x7ff70a7b9550>,23,25,[4 6],24,176,201,152,172
1,<environment.Job instance at 0x7ff6c6d3ab40>,25,26,[13  2],26,201,227,175,198
1,<environment.Job instance at 0x7ff6c670d140>,8,12,[ 2 14],9,227,239,218,212
1,<environment.Job instance at 0x7ff6c6d3ad20>,28,13,[8 2],29,239,252,210,225
1,<environment.Job instance at 0x7ff70a352a00>,11,13,[ 4 13],12,239,252,227,231
1,<environment.Job instance at 0x7ff6c6569690>,0,28,[ 2 12],1,1,29,0,1
1,<environment.Job instance at 0x7ff6c6d3a780>,2,21,[6 3],3,6,27,3,6
1,<environment.Job instance at 0x7ff70a483320>,7,18,[13  1],8,27,45,19,16
1,<environment.Job instance at 0x7ff6c6b120a0>,11,20,[ 4 10],12,45,65,33,36
1,<environment.Job instance at 0x7ff6c6d3a410>,3,17,[10  2],4,45,62,41,43
1,<environment.Job instance at 0x7ff6c699d5f0>,12,15,[ 3 14],13,65,80,52,51
1,<environment.Job instance at 0x7ff6c6b12e60>,13,16,[12  1],14,65,81,51,55
1,<environment.Job instance at 0x7ff70a4847d0>,19,25,[ 1 11],20,80,105,60,76
1,<environment.Job instance at 0x7ff6c65fde10>,20,24,[3 8],21,105,129,84,100
1,<environment.Job instance at 0x7ff711b14a50>,21,16,[10  1],22,102,118,80,102
1,<environment.Job instance at 0x7ff70a9c48c0>,23,28,[1 7],24,118,146,94,117
1,<environment.Job instance at 0x7ff6c6bdd0a0>,27,28,[ 4 12],28,146,174,118,145
1,<environment.Job instance at 0x7ff71117d820>,28,27,[3 8],29,174,201,145,172
1,<environment.Job instance at 0x7ff6c6ca3050>,29,16,[ 3 14],30,201,217,171,188
1,<environment.Job instance at 0x7ff71117d410>,30,12,[13  2],31,217,229,186,200
1,<environment.Job instance at 0x7ff6c65720a0>,31,22,[6 3],32,229,251,197,222
1,<environment.Job instance at 0x7ff710ed60f0>,15,17,[ 5 12],16,229,246,213,224
1,<environment.Job instance at 0x7ff6c6572e60>,32,14,[14  2],33,251,265,218,236
1,<environment.Job instance at 0x7ff6c66effa0>,36,26,[ 4 11],37,265,291,228,262
1,<environment.Job instance at 0x7ff6c6d92b40>,0,22,[ 1 11],1,1,23,0,1
1,<environment.Job instance at 0x7ff6c672e320>,3,13,[14  4],4,5,18,1,5
1,<environment.Job instance at 0x7ff7119a8050>,5,28,[ 3 14],6,23,51,17,22
1,<environment.Job instance at 0x7ff70a37ff50>,9,20,[14  4],10,51,71,41,42
1,<environment.Job instance at 0x7ff70a37fa50>,11,21,[ 2 11],12,71,92,59,63
1,<environment.Job instance at 0x7ff6c672e050>,4,12,[7 2],5,71,83,66,64
1,<environment.Job instance at 0x7ff7119c9cd0>,12,22,[10  3],13,83,105,70,76
1,<environment.Job instance at 0x7ff6c6762460>,15,25,[9 4],16,105,130,89,101
1,<environment.Job instance at 0x7ff7119c9be0>,14,26,[5 5],15,101,127,86,101
1,<environment.Job instance at 0x7ff6c67623c0>,16,12,[ 2 11],17,127,139,110,118
1,<environment.Job instance at 0x7ff6c67628c0>,18,26,[6 3],19,130,156,111,127
1,<environment.Job instance at 0x7ff6c6762910>,22,25,[ 2 11],23,144,169,121,144
1,<environment.Job instance at 0x7ff7119a81e0>,7,19,[ 2 13],8,169,188,161,161
1,<environment.Job instance at 0x7ff7119a8410>,6,21,[ 1 14],7,188,209,181,183
1,<environment.Job instance at 0x7ff711337690>,26,22,[ 2 13],27,209,231,182,202
1,<environment.Job instance at 0x7ff711337fa0>,28,18,[13  1],29,212,230,183,212
1,<environment.Job instance at 0x7ff7113372d0>,29,17,[ 4 11],30,231,248,201,221
1,<environment.Job instance at 0x7ff7113371e0>,27,25,[ 1 13],28,251,276,223,251
1,<environment.Job instance at 0x7ff711337640>,30,26,[8 2],31,259,285,228,259
1,<environment.Job instance at 0x7ff6c672e0a0>,0,25,[11  1],1,1,26,0,1
1,<environment.Job instance at 0x7ff6c672e690>,1,23,[10  4],2,26,49,24,20
1,<environment.Job instance at 0x7ff6c6f10460>,6,28,[ 1 14],7,49,77,42,48
1,<environment.Job instance at 0x7ff70a3e3500>,9,25,[1 5],10,77,102,67,73
1,<environment.Job instance at 0x7ff70a8a1be0>,10,14,[ 2 13],11,102,116,91,87
1,<environment.Job instance at 0x7ff70a8a1370>,11,19,[5 7],12,116,135,104,106
1,<environment.Job instance at 0x7ff70a8a1b90>,12,28,[2 8],13,116,144,103,115
1,<environment.Job instance at 0x7ff70a8a1c80>,13,13,[ 5 12],14,144,157,130,128
1,<environment.Job instance at 0x7ff70a8a1190>,14,25,[ 2 14],15,157,182,142,153
1,<environment.Job instance at 0x7ff70a8a1a50>,18,17,[ 1 14],19,182,199,163,170
1,<environment.Job instance at 0x7ff70a8aae10>,20,24,[12  3],21,199,223,178,194
1,<environment.Job instance at 0x7ff70a8a12d0>,21,12,[11  5],22,223,235,201,208
1,<environment.Job instance at 0x7ff6c672ef50>,2,14,[ 1 11],3,235,249,232,221
1,<environment.Job instance at 0x7ff70a8aa190>,24,13,[8 4],25,235,248,210,227
1,<environment.Job instance at 0x7ff70a8aabe0>,22,16,[ 5 13],23,249,265,226,236
1,<environment.Job instance at 0x7ff70a8aaa00>,26,26,[11  3],27,265,291,238,262
1,<environment.Job instance at 0x7fee5f5e1190>,0,24,[2 8],1,1,25,0,1
1,<environment.Job instance at 0x7fee5f5e1320>,2,26,[10  1],3,3,29,0,3
1,<environment.Job instance at 0x7fee581d12d0>,3,15,[13  4],4,29,44,25,15
1,<environment.Job instance at 0x7fee581d1690>,10,14,[ 1 14],11,44,58,33,29
1,<environment.Job instance at 0x7fee581d18c0>,12,22,[4 6],13,58,80,45,51
1,<environment.Job instance at 0x7fee581d1960>,13,27,[3 8],14,58,85,44,56
1,<environment.Job instance at 0x7fee581d1a00>,14,14,[14  3],15,85,99,70,70
1,<environment.Job instance at 0x7fee581d1c30>,15,24,[ 2 13],16,99,123,83,94
1,<environment.Job instance at 0x7fee581d1b90>,16,19,[ 3 12],17,123,142,106,113
1,<environment.Job instance at 0x7fee581d1be0>,17,18,[ 5 13],18,142,160,124,131
1,<environment.Job instance at 0x7fee581d1a50>,19,21,[14  4],20,160,181,140,152
1,<environment.Job instance at 0x7fee581d1d70>,21,22,[14  2],22,181,203,159,174
1,<environment.Job instance at 0x7fee581d1e10>,22,25,[ 4 12],23,203,228,180,199
1,<environment.Job instance at 0x7fee581d5230>,24,20,[ 3 12],25,228,248,203,219
1,<environment.Job instance at 0x7fee581d52d0>,25,16,[11  3],26,232,248,206,232
1,<environment.Job instance at 0x7fee581d5370>,26,20,[4 8],27,248,268,221,239
1,<environment.Job instance at 0x7fee581d1280>,5,18,[7 5],6,248,266,242,244
1,<environment.Job instance at 0x7fee581d5410>,27,25,[14  4],28,268,293,240,264
1,<environment.Job instance at 0x7fee581e0a00>,2,24,[12  2],3,3,27,0,3
1,<environment.Job instance at 0x7fee581e0e60>,3,26,[ 3 11],4,4,30,0,4
1,<environment.Job instance at 0x7fee581e0e10>,4,25,[ 5 11],5,30,55,25,26
1,<environment.Job instance at 0x7fee5f747a00>,9,26,[4 9],10,55,81,45,52
1,<environment.Job instance at 0x7fee5f74f190>,11,12,[12  4],12,81,93,69,64
1,<environment.Job instance at 0x7fee5f74f320>,12,21,[12  4],13,93,114,80,85
1,<environment.Job instance at 0x7fee5f74fd20>,13,14,[12  3],14,114,128,100,102
1,<environment.Job instance at 0x7fee581ed5a0>,6,16,[ 1 11],7,106,122,99,106
1,<environment.Job instance at 0x7fee5f74f460>,16,23,[11  2],17,128,151,111,122
1,<environment.Job instance at 0x7fee5f74fa50>,15,22,[ 3 12],16,122,144,106,122
1,<environment.Job instance at 0x7fee5f74f5f0>,19,15,[12  2],20,151,166,131,137
1,<environment.Job instance at 0x7fee5f74feb0>,18,22,[ 2 10],19,149,171,130,149
1,<environment.Job instance at 0x7fee5f74deb0>,25,14,[11  3],26,166,180,140,156
1,<environment.Job instance at 0x7fee5f74daa0>,26,19,[ 5 14],27,180,199,153,172
1,<environment.Job instance at 0x7fee5f74d460>,27,18,[10  1],28,181,199,153,181
1,<environment.Job instance at 0x7fee5f74d050>,28,27,[9 4],29,199,226,170,197
1,<environment.Job instance at 0x7fee5f74d2d0>,29,25,[ 3 11],30,214,239,184,214
1,<environment.Job instance at 0x7fee5f74d820>,22,22,[6 4],23,226,248,203,219
1,<environment.Job instance at 0x7fee5f751500>,34,12,[ 2 11],35,239,251,204,235
1,<environment.Job instance at 0x7fee5f751f00>,36,24,[8 2],37,248,272,211,243
1,<environment.Job instance at 0x7fee5f751820>,37,22,[1 7],38,251,273,213,244
1,<environment.Job instance at 0x7fee5f668410>,0,23,[11  3],1,1,24,0,1
1,<environment.Job instance at 0x7fee14597c80>,9,16,[ 4 13],10,24,40,14,20
1,<environment.Job instance at 0x7fee14597c30>,10,26,[4 7],11,40,66,29,37
1,<environment.Job instance at 0x7fee5f757230>,3,22,[10  2],4,37,59,33,37
1,<environment.Job instance at 0x7fee14597b40>,11,25,[10  5],12,59,84,47,55
1,<environment.Job instance at 0x7fee145973c0>,4,16,[ 2 11],5,84,100,79,74
1,<environment.Job instance at 0x7fee1458d500>,15,19,[11  2],16,84,103,68,79
1,<environment.Job instance at 0x7fee1458d690>,16,12,[14  5],17,103,115,86,91
1,<environment.Job instance at 0x7fee1458dd20>,18,18,[ 4 12],19,115,133,96,107
1,<environment.Job instance at 0x7fee14597f00>,12,25,[11  1],13,115,140,102,112
1,<environment.Job instance at 0x7fee1458dcd0>,19,18,[ 3 10],20,133,151,113,126
1,<environment.Job instance at 0x7fee1458d280>,17,24,[ 1 11],18,151,175,133,146
1,<environment.Job instance at 0x7fee1458da50>,21,19,[8 2],22,146,165,124,146
1,<environment.Job instance at 0x7fee5f751820>,2,20,[14  4],3,165,185,162,164
1,<environment.Job instance at 0x7fee1458d640>,23,28,[14  4],24,185,213,161,185
1,<environment.Job instance at 0x7fee1458d3c0>,28,21,[ 2 14],29,213,234,184,206
1,<environment.Job instance at 0x7fee14597460>,14,17,[12  2],15,234,251,219,222
1,<environment.Job instance at 0x7fee1458d460>,30,28,[1 7],31,234,262,203,233
1,<environment.Job instance at 0x7fee1458df50>,31,22,[4 8],32,251,273,219,244
1,<environment.Job instance at 0x7fee1458d320>,34,24,[12  1],35,273,297,238,268
1,<environment.Job instance at 0x7fee1458d050>,27,24,[ 2 13],28,273,297,245,268
1,<environment.Job instance at 0x7fee1468f9b0>,0,12,[ 2 12],1,1,13,0,1
1,<environment.Job instance at 0x7fee145d62d0>,2,27,[ 2 11],3,13,40,10,11
1,<environment.Job instance at 0x7fee145d5140>,7,28,[13  5],8,40,68,32,39
1,<environment.Job instance at 0x7fee1458df00>,10,22,[5 6],11,68,90,57,61
1,<environment.Job instance at 0x7fee148c7050>,12,27,[ 3 14],13,90,117,77,88
1,<environment.Job instance at 0x7fee1460c1e0>,13,15,[14  1],14,117,132,103,103
1,<environment.Job instance at 0x7fee1460c5f0>,14,27,[ 5 11],15,132,159,117,130
1,<environment.Job instance at 0x7fee1460c730>,17,26,[10  3],18,132,158,114,130
1,<environment.Job instance at 0x7fee1460c230>,20,21,[13  1],21,159,180,138,151
1,<environment.Job instance at 0x7fee1460ceb0>,21,18,[ 2 12],22,159,177,137,151
1,<environment.Job instance at 0x7fee1460c370>,22,14,[ 2 11],23,177,191,154,162
1,<environment.Job instance at 0x7fee1460c3c0>,24,12,[ 4 13],25,191,203,166,174
1,<environment.Job instance at 0x7fee1460c5a0>,25,21,[5 4],26,203,224,177,195
1,<environment.Job instance at 0x7fee148c7c80>,11,14,[ 3 11],12,203,217,191,196
1,<environment.Job instance at 0x7fee144d6e60>,4,12,[3 5],5,217,229,212,200
1,<environment.Job instance at 0x7fee1460c190>,26,14,[ 3 12],27,229,243,202,214
1,<environment.Job instance at 0x7fee1460c820>,31,23,[8 4],32,243,266,211,237
1,<environment.Job instance at 0x7fee1460ca00>,32,23,[9 3],33,266,289,233,260
1,<environment.Job instance at 0x7fee1460cc80>,33,24,[ 4 11],34,260,284,226,260
1,<environment.Job instance at 0x7fee57f3db90>,0,26,[14  4],1,1,27,0,1
1,<environment.Job instance at 0x7fee149ab7d0>,3,18,[14  1],4,27,45,23,20
1,<environment.Job instance at 0x7fee5f33e140>,9,16,[ 3 12],10,46,62,36,46
1,<environment.Job instance at 0x7fee145d6c30>,6,15,[ 5 11],7,62,77,55,48
1,<environment.Job instance at 0x7fee1458d5f0>,12,24,[ 4 10],13,77,101,64,72
1,<environment.Job instance at 0x7fee14891050>,14,23,[ 1 14],15,101,124,86,95
1,<environment.Job instance at 0x7fee145b0820>,16,12,[ 3 12],17,124,136,107,107
1,<environment.Job instance at 0x7fee5817ae60>,20,14,[ 2 11],21,136,150,115,121
1,<environment.Job instance at 0x7fee149c5cd0>,22,22,[ 5 14],23,150,172,127,143
1,<environment.Job instance at 0x7fee582d3be0>,23,17,[12  4],24,172,189,148,160
1,<environment.Job instance at 0x7fee43b7fb40>,11,13,[ 3 12],12,189,202,177,173
1,<environment.Job instance at 0x7fee148cb2d0>,25,12,[1 9],26,174,186,148,174
1,<environment.Job instance at 0x7fee148cb140>,26,15,[8 2],27,189,204,162,175
1,<environment.Job instance at 0x7fee148cbf00>,24,26,[ 1 10],25,202,228,177,199
1,<environment.Job instance at 0x7fee148cb690>,27,21,[7 2],28,204,225,176,200
1,<environment.Job instance at 0x7fee148cbd70>,30,28,[3 6],31,228,256,197,227
1,<environment.Job instance at 0x7fee145ab910>,13,25,[11  2],14,228,253,214,228
1,<environment.Job instance at 0x7fee143db1e0>,34,13,[12  5],35,253,266,218,245
1,<environment.Job instance at 0x7fee148cbdc0>,29,12,[ 1 11],30,266,278,236,250
1,<environment.Job instance at 0x7fee5804a910>,1,20,[3 7],2,2,22,0,2
1,<environment.Job instance at 0x7fee582f45a0>,3,18,[12  3],4,7,25,3,7
1,<environment.Job instance at 0x7fee582f48c0>,7,14,[ 2 11],8,22,36,14,9
1,<environment.Job instance at 0x7fee582f4050>,9,26,[5 9],10,36,62,26,33
1,<environment.Job instance at 0x7fee143db460>,4,23,[2 6],5,36,59,31,33
1,<environment.Job instance at 0x7fee582f4dc0>,10,22,[2 7],11,62,84,51,55
1,<environment.Job instance at 0x7fee58066b40>,12,24,[14  4],13,84,108,71,79
1,<environment.Job instance at 0x7fee58066370>,13,20,[8 2],14,108,128,94,99
1,<environment.Job instance at 0x7fee580661e0>,16,16,[ 3 11],17,108,124,91,100
1,<environment.Job instance at 0x7fee58066f50>,18,16,[11  5],19,128,144,109,115
1,<environment.Job instance at 0x7fee582f4640>,5,21,[2 8],6,124,145,118,118
1,<environment.Job instance at 0x7fee58066640>,19,18,[13  2],20,144,162,124,133
1,<environment.Job instance at 0x7fee1481c960>,23,16,[12  2],24,162,178,138,149
1,<environment.Job instance at 0x7fee1481c0a0>,24,19,[ 4 11],25,178,197,153,168
1,<environment.Job instance at 0x7fee1481c5a0>,25,24,[9 5],26,197,221,171,192
1,<environment.Job instance at 0x7fee1481c6e0>,26,16,[13  3],27,221,237,194,208
1,<environment.Job instance at 0x7fee1481c140>,27,24,[14  3],28,237,261,209,232
1,<environment.Job instance at 0x7fee1481c8c0>,28,19,[ 1 14],29,261,280,232,251
1,<environment.Job instance at 0x7fee1481c640>,29,23,[14  3],30,280,303,250,274
1,<environment.Job instance at 0x7fee1493bbe0>,0,25,[ 4 14],1,1,26,0,1
1,<environment.Job instance at 0x7fee5f757690>,2,20,[14  3],3,26,46,23,17
1,<environment.Job instance at 0x7fee586c6e10>,8,28,[8 3],9,46,74,37,45
1,<environment.Job instance at 0x7fee586c6230>,9,16,[14  1],10,74,90,64,61
1,<environment.Job instance at 0x7fee58701c80>,11,24,[ 3 12],12,90,114,78,85
1,<environment.Job instance at 0x7fee58701b40>,12,23,[4 7],13,114,137,101,108
1,<environment.Job instance at 0x7fee587018c0>,13,19,[ 4 10],14,137,156,123,127
1,<environment.Job instance at 0x7fee580f8140>,5,14,[14  1],6,156,170,150,141
1,<environment.Job instance at 0x7fee581bafa0>,16,15,[9 4],17,170,185,153,162
1,<environment.Job instance at 0x7fee581ba320>,20,13,[14  5],21,185,198,164,181
1,<environment.Job instance at 0x7fee5a790eb0>,21,21,[ 5 14],22,198,219,176,190
1,<environment.Job instance at 0x7fee5aa91be0>,22,21,[ 4 11],23,219,240,196,211
1,<environment.Job instance at 0x7fee581baeb0>,15,26,[12  4],16,240,266,224,237
1,<environment.Job instance at 0x7fee1461f4b0>,24,23,[14  4],25,279,302,254,279
1,<environment.Job instance at 0x7fee5aeb0d70>,0,13,[12  4],1,1,14,0,1
1,<environment.Job instance at 0x7fee58499be0>,1,17,[ 5 13],2,14,31,12,2
1,<environment.Job instance at 0x7fee5a7e00a0>,2,16,[ 5 14],3,31,47,28,18
1,<environment.Job instance at 0x7fee582e4c80>,10,15,[14  4],11,47,62,36,33
1,<environment.Job instance at 0x7fee582e1aa0>,11,24,[11  3],12,62,86,50,57
1,<environment.Job instance at 0x7fee1448dfa0>,12,15,[ 5 12],13,86,101,73,72
1,<environment.Job instance at 0x7fee5aeae730>,13,26,[ 1 12],14,101,127,87,98
1,<environment.Job instance at 0x7fee5aeae7d0>,14,23,[ 4 10],15,127,150,112,121
1,<environment.Job instance at 0x7fee5aeaef00>,15,25,[1 8],16,150,175,134,146
1,<environment.Job instance at 0x7fee5aeae910>,16,27,[ 3 12],17,175,202,158,173
1,<environment.Job instance at 0x7fee5aeaecd0>,18,28,[12  4],19,202,230,183,201
1,<environment.Job instance at 0x7fee5aeaeaa0>,19,21,[8 3],20,230,251,210,222
1,<environment.Job instance at 0x7fee5a89baa0>,20,28,[11  4],21,251,279,230,250
1,<environment.Job instance at 0x7fee5a89bb90>,21,26,[5 7],22,279,305,257,276
1,<environment.Job instance at 0x7fee5ae9fe10>,3,24,[12  2],4,6,30,2,6
1,<environment.Job instance at 0x7fee582e41e0>,1,24,[14  3],2,30,54,28,25
1,<environment.Job instance at 0x7fee5aa8c550>,9,25,[ 3 10],10,54,79,44,50
1,<environment.Job instance at 0x7fee5ac9d280>,10,12,[ 1 12],11,79,91,68,62
1,<environment.Job instance at 0x7fee5ac9dcd0>,11,21,[ 2 12],12,91,112,79,83
1,<environment.Job instance at 0x7fee5ac9dc30>,12,15,[13  4],13,112,127,99,99
1,<environment.Job instance at 0x7fee5ac7edc0>,13,28,[3 8],14,127,155,113,126
1,<environment.Job instance at 0x7fee5ac7ec80>,14,24,[9 3],15,127,151,112,126
1,<environment.Job instance at 0x7fee5ac7e050>,15,28,[9 3],16,151,179,135,150
1,<environment.Job instance at 0x7fee1484b9b0>,16,14,[11  3],17,179,193,162,164
1,<environment.Job instance at 0x7fee1484b500>,17,22,[5 7],18,193,215,175,186
1,<environment.Job instance at 0x7fee581ead70>,18,22,[ 1 10],19,215,237,196,208
1,<environment.Job instance at 0x7fee581ea9b0>,19,26,[3 8],20,237,263,217,234
1,<environment.Job instance at 0x7fee581ea0a0>,20,16,[ 5 12],21,263,279,242,250
1,<environment.Job instance at 0x7fee581ead20>,21,24,[13  4],22,279,303,257,274
1,<environment.Job instance at 0x7fee582e1cd0>,0,15,[ 1 13],1,1,16,0,1
1,<environment.Job instance at 0x7fee581ea7d0>,1,16,[ 3 12],2,16,32,14,3
1,<environment.Job instance at 0x7fee581d8870>,3,23,[5 6],4,32,55,28,26
1,<environment.Job instance at 0x7fee581d8910>,4,24,[5 6],5,32,56,27,27
1,<environment.Job instance at 0x7fee5814fc80>,8,26,[ 5 13],9,56,82,47,53
1,<environment.Job instance at 0x7fee5814f910>,11,23,[ 5 12],12,82,105,70,76
1,<environment.Job instance at 0x7fee14837d70>,12,15,[14  2],13,105,120,92,92
1,<environment.Job instance at 0x7fee14837c30>,13,25,[ 2 12],14,120,145,106,116
1,<environment.Job instance at 0x7fee14837280>,14,22,[1 8],15,145,167,130,138
1,<environment.Job instance at 0x7fee14837780>,15,24,[14  2],16,145,169,129,144
1,<environment.Job instance at 0x7fee581ead20>,2,15,[3 7],3,172,187,169,172
1,<environment.Job instance at 0x7fee5814f9b0>,10,24,[ 5 13],11,189,213,178,189
1,<environment.Job instance at 0x7fee14837e10>,16,15,[ 5 12],17,213,228,196,203
1,<environment.Job instance at 0x7fee14837e60>,19,19,[ 4 13],20,228,247,208,218
1,<environment.Job instance at 0x7fee148377d0>,20,21,[ 5 13],21,247,268,226,239
1,<environment.Job instance at 0x7fee14837d20>,17,16,[9 1],18,239,255,221,239
1,<environment.Job instance at 0x7fee143ecaa0>,22,24,[7 1],23,255,279,232,250
1,<environment.Job instance at 0x7fee143ecc30>,23,23,[6 3],24,268,291,244,263
1,<environment.Job instance at 0x7fee14837f00>,18,27,[2 9],19,268,295,249,266
1,<environment.Job instance at 0x7fee147d73c0>,0,13,[ 4 12],1,1,14,0,1
1,<environment.Job instance at 0x7fee5816b500>,1,24,[10  5],2,14,38,12,9
1,<environment.Job instance at 0x7fee581d87d0>,7,14,[ 2 12],8,38,52,30,26
1,<environment.Job instance at 0x7fee5814f1e0>,8,15,[12  3],9,38,53,29,33
1,<environment.Job instance at 0x7fee582e1f50>,9,18,[14  2],10,53,71,43,43
1,<environment.Job instance at 0x7fee14a70500>,10,15,[12  5],11,71,86,60,59
1,<environment.Job instance at 0x7fee1447a4b0>,17,12,[13  4],18,86,98,68,74
1,<environment.Job instance at 0x7fee1447a0a0>,18,13,[ 1 11],19,86,99,67,85
1,<environment.Job instance at 0x7fee1447a280>,19,25,[ 5 11],20,99,124,79,95
1,<environment.Job instance at 0x7fee58326d70>,21,23,[ 1 13],22,124,147,102,118
1,<environment.Job instance at 0x7fee58326f00>,22,28,[8 4],23,147,175,124,146
1,<environment.Job instance at 0x7fee57f4a500>,13,23,[5 9],14,147,170,133,146
1,<environment.Job instance at 0x7fee58326eb0>,23,27,[ 3 12],24,175,202,151,173
1,<environment.Job instance at 0x7fee58326fa0>,25,15,[11  1],26,178,193,152,178
1,<environment.Job instance at 0x7fee58326dc0>,27,20,[6 5],28,202,222,174,193
1,<environment.Job instance at 0x7fee5830a320>,29,23,[ 4 10],30,202,225,172,200
1,<environment.Job instance at 0x7fee5830a460>,31,24,[1 6],32,225,249,193,220
1,<environment.Job instance at 0x7fee5830a500>,32,16,[ 3 11],33,249,265,216,236
1,<environment.Job instance at 0x7fee5830a5a0>,34,23,[14  4],35,265,288,230,259
1,<environment.Job instance at 0x7fee14819c80>,0,21,[5 3],1,1,22,0,1
1,<environment.Job instance at 0x7fee147a0c80>,1,24,[ 4 12],2,2,26,0,2
1,<environment.Job instance at 0x7fee148190a0>,2,12,[14  4],3,26,38,23,9
1,<environment.Job instance at 0x7fee5a90c690>,8,25,[1 7],9,26,51,17,22
1,<environment.Job instance at 0x7fee5a90c140>,10,25,[ 2 11],11,51,76,40,47
1,<environment.Job instance at 0x7fee5a90cfa0>,11,26,[1 9],12,76,102,64,73
1,<environment.Job instance at 0x7fee5a90cc80>,12,28,[9 3],13,73,101,60,73
1,<environment.Job instance at 0x7fee5a90cb40>,13,21,[12  3],14,101,122,87,93
1,<environment.Job instance at 0x7fee5a90ce60>,14,28,[11  3],15,122,150,107,121
1,<environment.Job instance at 0x7fee5a90c2d0>,16,20,[ 4 11],17,122,142,105,121
1,<environment.Job instance at 0x7fee58256910>,17,27,[ 3 13],18,150,177,132,148
1,<environment.Job instance at 0x7fee58256b40>,18,22,[ 2 11],19,177,199,158,170
1,<environment.Job instance at 0x7fee58256320>,19,24,[ 2 13],20,199,223,179,194
1,<environment.Job instance at 0x7fee58256a50>,23,20,[5 4],24,223,243,199,214
1,<environment.Job instance at 0x7fee5802db90>,24,15,[ 3 12],25,243,258,218,229
1,<environment.Job instance at 0x7fee5f602dc0>,4,18,[12  3],5,248,266,243,248
1,<environment.Job instance at 0x7fee1435d0a0>,29,26,[4 8],30,266,292,236,263
1,<environment.Job instance at 0x7fee1435d5f0>,30,12,[11  1],31,266,278,235,263
1,<environment.Job instance at 0x7fee14a70550>,0,27,[ 2 12],1,1,28,0,1
1,<environment.Job instance at 0x7fee583d6820>,2,12,[11  1],3,3,15,0,3
1,<environment.Job instance at 0x7fee583e7910>,3,22,[10  4],4,28,50,24,21
1,<environment.Job instance at 0x7fee57fa68c0>,8,26,[14  4],9,50,76,41,47
1,<environment.Job instance at 0x7fee14462050>,10,23,[ 1 11],11,47,70,36,47
1,<environment.Job instance at 0x7fee5812a780>,12,23,[8 1],13,76,99,63,70
1,<environment.Job instance at 0x7fee5812a820>,14,24,[4 7],15,76,100,61,71
1,<environment.Job instance at 0x7fee5812a140>,15,22,[ 4 14],16,100,122,84,93
1,<environment.Job instance at 0x7fee5812aa00>,16,21,[13  5],17,122,143,105,114
1,<environment.Job instance at 0x7fee5812ab90>,18,22,[4 7],19,143,165,124,136
1,<environment.Job instance at 0x7fee5812a2d0>,20,22,[3 5],21,143,165,122,136
1,<environment.Job instance at 0x7fee5812a050>,21,27,[ 3 13],22,165,192,143,163
1,<environment.Job instance at 0x7fee5812ad20>,22,27,[4 8],23,192,219,169,190
1,<environment.Job instance at 0x7fee5812aeb0>,23,17,[ 2 12],24,219,236,195,207
1,<environment.Job instance at 0x7fee5812a0f0>,25,15,[12  3],26,219,234,193,207
1,<environment.Job instance at 0x7fee5a7a8640>,26,20,[1 7],27,236,256,209,227
1,<environment.Job instance at 0x7fee5a7a8dc0>,30,27,[10  3],31,234,261,203,232
1,<environment.Job instance at 0x7fee5a7a8460>,31,28,[1 7],32,256,284,224,255
1,<environment.Job instance at 0x7fee5a7a8c80>,33,14,[ 1 13],34,284,298,250,269
1,<environment.Job instance at 0x7fee583e7c80>,0,13,[14  4],1,2,15,1,2
1,<environment.Job instance at 0x7fee144d2550>,2,16,[ 2 13],3,15,31,12,3
1,<environment.Job instance at 0x7fee583e7230>,3,24,[7 1],4,15,39,11,10
1,<environment.Job instance at 0x7fee14417550>,7,14,[13  5],8,39,53,31,24
1,<environment.Job instance at 0x7fee5a7fe5f0>,12,17,[11  1],13,53,70,40,41
1,<environment.Job instance at 0x7fee57fa6eb0>,13,13,[12  1],14,70,83,56,54
1,<environment.Job instance at 0x7fee5acbe8c0>,14,27,[ 2 10],15,54,81,39,54
1,<environment.Job instance at 0x7fee14a70640>,17,23,[ 1 14],18,81,104,63,75
1,<environment.Job instance at 0x7fee1468f690>,18,13,[10  1],19,83,96,64,76
1,<environment.Job instance at 0x7fee5f630b40>,19,23,[12  5],20,104,127,84,98
1,<environment.Job instance at 0x7fee583e7b90>,1,16,[3 8],2,104,120,102,102
1,<environment.Job instance at 0x7fee1468f5a0>,20,13,[12  1],21,127,140,106,111
1,<environment.Job instance at 0x7fee141e82d0>,22,28,[ 4 14],23,140,168,117,139
1,<environment.Job instance at 0x7fee141e88c0>,23,23,[ 2 11],24,168,191,144,162
1,<environment.Job instance at 0x7fee585e1910>,24,27,[3 8],25,191,218,166,189
1,<environment.Job instance at 0x7fee141e8640>,21,27,[10  4],22,196,223,174,196
1,<environment.Job instance at 0x7fee585e1cd0>,25,20,[7 1],26,223,243,197,214
1,<environment.Job instance at 0x7fee14a706e0>,10,18,[ 2 13],11,223,241,212,217
1,<environment.Job instance at 0x7fee581bfeb0>,27,25,[14  5],28,243,268,215,239
1,<environment.Job instance at 0x7fee585e10f0>,26,23,[10  5],27,268,291,241,263
1,<environment.Job instance at 0x7fee585f63c0>,2,20,[4 7],3,3,23,0,3
1,<environment.Job instance at 0x7fee5857c230>,5,23,[11  5],6,7,30,1,7
1,<environment.Job instance at 0x7fee14a70b90>,3,21,[13  2],4,30,51,26,22
1,<environment.Job instance at 0x7fee144762d0>,11,20,[1 6],12,32,52,20,32
1,<environment.Job instance at 0x7fee57f87410>,13,22,[ 1 10],14,52,74,38,45
1,<environment.Job instance at 0x7fee143b7500>,14,28,[13  5],15,51,79,36,50
1,<environment.Job instance at 0x7fee5830a280>,15,23,[9 3],16,79,102,63,73
1,<environment.Job instance at 0x7fee585e10f0>,4,12,[4 7],5,82,94,77,82
1,<environment.Job instance at 0x7fee143b7b90>,16,23,[8 1],17,102,125,85,96
1,<environment.Job instance at 0x7fee149cbaf0>,18,23,[4 8],19,102,125,83,102
1,<environment.Job instance at 0x7fee149cb500>,17,21,[13  4],18,125,146,107,117
1,<environment.Job instance at 0x7fee5aea8140>,22,13,[ 4 12],23,146,159,123,130
1,<environment.Job instance at 0x7fee14476af0>,10,16,[13  2],11,159,175,148,147
1,<environment.Job instance at 0x7fee58663af0>,21,18,[13  1],22,175,193,153,164
1,<environment.Job instance at 0x7fee5a7624b0>,27,20,[ 2 11],28,164,184,136,164
1,<environment.Job instance at 0x7fee5a762550>,28,17,[ 3 12],29,193,210,164,181
1,<environment.Job instance at 0x7fee5a8392d0>,30,14,[12  2],31,193,207,162,181
1,<environment.Job instance at 0x7fee58256780>,32,19,[ 2 14],33,210,229,177,200
1,<environment.Job instance at 0x7fee582566e0>,33,15,[12  5],34,229,244,195,215
1,<environment.Job instance at 0x7fee5ab92870>,34,25,[2 6],35,229,254,194,225
1,<environment.Job instance at 0x7fee5848e140>,35,28,[ 3 12],36,254,282,218,253
1,<environment.Job instance at 0x7fee5ad81820>,36,26,[8 1],37,253,279,216,253
1,<environment.Job instance at 0x7fee141e3d20>,39,12,[11  1],40,279,291,239,262
1,<environment.Job instance at 0x7fee149cb7d0>,0,17,[13  4],1,3,20,2,3
1,<environment.Job instance at 0x7fee14213d20>,4,27,[ 3 10],5,20,47,15,18
1,<environment.Job instance at 0x7fee5ad6b910>,7,14,[11  1],8,22,36,14,22
1,<environment.Job instance at 0x7fee584e7780>,10,19,[ 5 14],11,47,66,36,37
1,<environment.Job instance at 0x7fee584e7aa0>,12,22,[14  4],13,66,88,53,59
1,<environment.Job instance at 0x7fee584e7a50>,13,25,[4 6],14,88,113,74,84
1,<environment.Job instance at 0x7fee584e77d0>,15,26,[13  2],16,113,139,97,110
1,<environment.Job instance at 0x7fee585be460>,2,17,[ 1 13],3,113,130,110,112
1,<environment.Job instance at 0x7fee584e75f0>,16,16,[13  5],17,139,155,122,128
1,<environment.Job instance at 0x7fee584e7460>,19,20,[12  3],20,155,175,135,146
1,<environment.Job instance at 0x7fee1422a0f0>,21,27,[13  4],22,175,202,153,173
1,<environment.Job instance at 0x7fee1422ac80>,23,28,[12  5],24,202,230,178,201
1,<environment.Job instance at 0x7fee1422a9b0>,24,24,[1 9],25,202,226,177,202
1,<environment.Job instance at 0x7fee1422a640>,25,26,[5 7],26,230,256,204,227
1,<environment.Job instance at 0x7fee1422a960>,27,24,[4 5],28,230,254,202,227
1,<environment.Job instance at 0x7fee1422ae60>,29,19,[ 2 11],30,256,275,226,246
1,<environment.Job instance at 0x7fee1422a190>,30,19,[ 5 10],31,275,294,244,265
1,<environment.Job instance at 0x7fee5ad6ba00>,0,24,[3 8],1,1,25,0,1
1,<environment.Job instance at 0x7fee5ad6bb90>,3,28,[1 7],4,4,32,0,4
1,<environment.Job instance at 0x7fee14947e60>,6,14,[4 7],7,25,39,18,15
1,<environment.Job instance at 0x7fee5a82cf50>,10,12,[13  2],11,39,51,28,22
1,<environment.Job instance at 0x7fee58575c80>,11,22,[6 3],12,51,73,39,44
1,<environment.Job instance at 0x7fee14428500>,5,14,[9 1],6,51,65,45,48
1,<environment.Job instance at 0x7fee5861afa0>,12,14,[14  2],13,73,87,60,58
1,<environment.Job instance at 0x7fee5861a640>,14,25,[5 6],15,87,112,72,83
1,<environment.Job instance at 0x7fee147bf640>,15,13,[13  4],16,112,125,96,96
1,<environment.Job instance at 0x7fee5a8eb410>,16,26,[ 4 11],17,125,151,108,122
1,<environment.Job instance at 0x7fee5a978780>,18,19,[11  2],19,125,144,106,125
1,<environment.Job instance at 0x7fee5a978960>,19,16,[12  2],20,151,167,131,138
1,<environment.Job instance at 0x7fee141e5910>,20,23,[13  5],21,167,190,146,161
1,<environment.Job instance at 0x7fee1479f230>,22,19,[14  3],23,190,209,167,180
1,<environment.Job instance at 0x7fee141e5960>,23,26,[4 6],24,209,235,185,206
1,<environment.Job instance at 0x7fee5820a500>,13,18,[4 5],14,209,227,195,206
1,<environment.Job instance at 0x7fee1479f7d0>,24,14,[13  4],25,235,249,210,221
1,<environment.Job instance at 0x7fee1479fb40>,26,12,[12  1],27,249,261,222,232
1,<environment.Job instance at 0x7fee1479fa50>,27,16,[ 1 14],28,249,265,221,236
1,<environment.Job instance at 0x7fee1479f9b0>,28,21,[ 2 12],29,265,286,236,257
1,<environment.Job instance at 0x7fee141c2f50>,31,24,[7 2],32,265,289,233,260
1,<environment.Job instance at 0x7fee1447b3c0>,0,26,[8 2],1,1,27,0,1
1,<environment.Job instance at 0x7fee5a7901e0>,1,25,[ 5 10],2,3,28,1,3
1,<environment.Job instance at 0x7fee147d3d20>,3,22,[11  3],4,28,50,24,21
1,<environment.Job instance at 0x7fee583ba140>,7,27,[11  3],8,50,77,42,48
1,<environment.Job instance at 0x7fee583ba370>,8,14,[12  4],9,77,91,68,62
1,<environment.Job instance at 0x7fee583ba870>,9,19,[ 3 12],10,91,110,81,81
1,<environment.Job instance at 0x7fee5ab54410>,11,27,[5 4],12,110,137,98,108
1,<environment.Job instance at 0x7fee5ab54870>,12,22,[1 8],13,110,132,97,108
1,<environment.Job instance at 0x7fee5ab54dc0>,13,24,[7 5],14,132,156,118,127
1,<environment.Job instance at 0x7fee5ab54c80>,14,13,[ 2 13],15,156,169,141,140
1,<environment.Job instance at 0x7fee5ab542d0>,15,17,[ 1 13],16,169,186,153,157
1,<environment.Job instance at 0x7fee5ab54820>,16,20,[12  1],17,157,177,140,157
1,<environment.Job instance at 0x7fee58015e10>,18,24,[ 3 14],19,186,210,167,181
1,<environment.Job instance at 0x7fee58015870>,19,25,[10  2],20,210,235,190,206
1,<environment.Job instance at 0x7fee58015c80>,20,19,[3 5],21,210,229,189,206
1,<environment.Job instance at 0x7fee14225960>,21,19,[ 5 11],22,229,248,207,219
1,<environment.Job instance at 0x7fee58015820>,23,12,[ 5 14],24,248,260,224,231
1,<environment.Job instance at 0x7fee149cb0a0>,4,14,[ 5 11],5,260,274,255,248
1,<environment.Job instance at 0x7fee58015050>,24,24,[9 4],25,260,284,235,260
1,<environment.Job instance at 0x7fee5a838640>,0,23,[ 5 10],1,1,24,0,1
1,<environment.Job instance at 0x7fee580ebc30>,1,22,[12  5],2,24,46,22,17
1,<environment.Job instance at 0x7fee583d1280>,6,16,[12  1],7,46,62,39,33
1,<environment.Job instance at 0x7fee57fea960>,9,19,[ 2 12],10,46,65,36,36
1,<environment.Job instance at 0x7fee57fea190>,10,17,[ 2 12],11,65,82,54,53
1,<environment.Job instance at 0x7fee57feaa50>,13,22,[5 1],14,62,84,48,55
1,<environment.Job instance at 0x7fee1428fbe0>,14,18,[14  5],15,84,102,69,73
1,<environment.Job instance at 0x7fee1428fc30>,16,24,[ 2 11],17,102,126,85,97
1,<environment.Job instance at 0x7fee1428fcd0>,17,25,[9 4],18,102,127,84,98
1,<environment.Job instance at 0x7fee1428f5f0>,18,17,[14  2],19,127,144,108,115
1,<environment.Job instance at 0x7fee1428f780>,19,16,[12  5],20,144,160,124,131
1,<environment.Job instance at 0x7fee1428fa50>,22,18,[14  2],23,160,178,137,149
1,<environment.Job instance at 0x7fee58015050>,2,12,[11  5],3,178,190,175,161
1,<environment.Job instance at 0x7fee1428f0f0>,24,17,[12  1],25,190,207,165,184
1,<environment.Job instance at 0x7fee1428fd20>,23,19,[11  5],24,207,226,183,202
1,<environment.Job instance at 0x7fee1428fd70>,28,13,[13  4],29,226,239,197,216
1,<environment.Job instance at 0x7fee1428ffa0>,29,28,[1 5],30,223,251,193,223
1,<environment.Job instance at 0x7fee1428f6e0>,30,24,[ 5 11],31,251,275,220,246
1,<environment.Job instance at 0x7fee583d1dc0>,3,25,[14  3],4,275,300,271,271
1,<environment.Job instance at 0x7fee1428faf0>,0,23,[4 8],1,1,24,0,1
1,<environment.Job instance at 0x7fee57ff6960>,1,26,[12  1],2,24,50,22,21
1,<environment.Job instance at 0x7fee583d0500>,3,23,[ 3 13],4,24,47,20,24
1,<environment.Job instance at 0x7fee14a34280>,7,20,[14  1],8,50,70,42,41
1,<environment.Job instance at 0x7fee57fad3c0>,11,23,[ 3 11],12,70,93,58,64
1,<environment.Job instance at 0x7fee57fad690>,12,25,[10  3],13,74,99,61,74
1,<environment.Job instance at 0x7fee57fad460>,13,24,[4 8],14,93,117,79,88
1,<environment.Job instance at 0x7fee57fadfa0>,14,12,[11  3],15,99,111,84,93
1,<environment.Job instance at 0x7fee57fad5a0>,15,13,[12  4],16,117,130,101,108
1,<environment.Job instance at 0x7fee57fad6e0>,16,19,[3 9],17,117,136,100,111
1,<environment.Job instance at 0x7fee57fad910>,18,17,[12  2],19,130,147,111,124
1,<environment.Job instance at 0x7fee14a37aa0>,21,28,[2 7],22,136,164,114,135
1,<environment.Job instance at 0x7fee14a37320>,25,28,[ 4 13],26,164,192,138,163
1,<environment.Job instance at 0x7fee14a37640>,23,27,[9 1],24,181,208,157,181
1,<environment.Job instance at 0x7fee14a37960>,28,27,[12  5],29,208,235,179,206
1,<environment.Job instance at 0x7fee14a37050>,29,28,[13  5],30,235,263,205,234
1,<environment.Job instance at 0x7fee14a37460>,30,16,[ 5 13],31,263,279,232,251
1,<environment.Job instance at 0x7fee14a37c30>,32,13,[ 2 14],33,279,292,246,263
1,<environment.Job instance at 0x7feab9e415a0>,5,19,[ 1 13],11,11,30,0,11
1,<environment.Job instance at 0x7feab9e418c0>,12,12,[5 2],20,30,42,10,30
1,<environment.Job instance at 0x7feab9e41780>,13,24,[ 3 11],21,30,54,9,30
1,<environment.Job instance at 0x7feab9e41a00>,14,20,[3 5],22,54,74,32,45
1,<environment.Job instance at 0x7feab9e41aa0>,15,12,[13  3],24,74,86,50,57
1,<environment.Job instance at 0x7feab9e41b40>,16,20,[9 3],25,86,106,61,77
1,<environment.Job instance at 0x7feab9e41d70>,18,16,[ 4 11],27,91,107,64,91
1,<environment.Job instance at 0x7feab9e41910>,19,21,[13  5],28,107,128,79,99
1,<environment.Job instance at 0x7feab9e41e60>,20,22,[14  2],29,128,150,99,121
1,<environment.Job instance at 0x7feab9e41e10>,21,25,[ 4 12],30,150,175,120,146
1,<environment.Job instance at 0x7feab9e45280>,23,20,[ 5 12],33,175,195,142,166
1,<environment.Job instance at 0x7feab9e453c0>,25,22,[ 2 13],37,195,217,158,188
1,<environment.Job instance at 0x7feab9e45410>,26,20,[12  4],39,217,237,178,208
1,<environment.Job instance at 0x7feab9e45500>,27,22,[ 5 14],40,237,259,197,230
1,<environment.Job instance at 0x7feab9e45640>,29,23,[5 5],43,259,282,216,253
1,<environment.Job instance at 0x7feab9e45960>,32,20,[5 3],46,259,279,213,253
1,<environment.Job instance at 0x7feab9efa870>,0,25,[ 5 12],3,3,28,0,3
1,<environment.Job instance at 0x7feac13c41e0>,1,18,[11  5],4,28,46,24,17
1,<environment.Job instance at 0x7feac13b8140>,6,22,[1 9],10,28,50,18,21
1,<environment.Job instance at 0x7feac13b8550>,7,15,[ 4 11],11,50,65,39,36
1,<environment.Job instance at 0x7feac13b8c30>,8,17,[ 5 14],12,65,82,53,53
1,<environment.Job instance at 0x7feac13b8690>,9,21,[ 3 12],13,82,103,69,74
1,<environment.Job instance at 0x7feac13b8730>,10,20,[5 1],15,74,94,59,74
1,<environment.Job instance at 0x7feac13b8cd0>,12,25,[6 4],17,103,128,86,99
1,<environment.Job instance at 0x7feac13b8d70>,13,19,[2 9],18,103,122,85,99
1,<environment.Job instance at 0x7feac13b87d0>,14,15,[12  5],19,128,143,109,114
1,<environment.Job instance at 0x7feac13c7230>,15,15,[ 3 14],20,143,158,123,129
1,<environment.Job instance at 0x7feac13b7a50>,17,12,[14  5],22,158,170,136,141
1,<environment.Job instance at 0x7feac13c7190>,18,18,[12  1],24,170,188,146,159
1,<environment.Job instance at 0x7feac13c4730>,2,18,[ 1 13],6,170,188,164,169
1,<environment.Job instance at 0x7feac13b7640>,20,12,[13  5],26,188,200,162,174
1,<environment.Job instance at 0x7feac13bf960>,21,18,[ 5 14],30,200,218,170,189
1,<environment.Job instance at 0x7feac13bf870>,24,18,[ 3 12],43,229,247,186,229
1,<environment.Job instance at 0x7feac13bf2d0>,28,16,[ 1 11],49,247,263,198,236
1,<environment.Job instance at 0x7feac13bfcd0>,26,28,[11  3],46,245,273,199,245
1,<environment.Job instance at 0x7feac13bd2d0>,32,15,[7 2],55,273,288,218,259
1,<environment.Job instance at 0x7feac13bfb90>,31,26,[4 9],52,263,289,211,260
1,<environment.Job instance at 0x7feac13bfb90>,2,26,[6 4],5,5,31,0,5
1,<environment.Job instance at 0x7fea761f8af0>,4,21,[6 4],7,7,28,0,7
1,<environment.Job instance at 0x7fea761f86e0>,6,18,[ 2 12],12,31,49,19,20
1,<environment.Job instance at 0x7fea761f85f0>,14,24,[5 1],28,28,52,0,28
1,<environment.Job instance at 0x7fea761f8960>,15,23,[ 1 13],29,49,72,20,43
1,<environment.Job instance at 0x7fea761f8f50>,16,12,[12  2],30,52,64,22,43
1,<environment.Job instance at 0x7fea761da870>,19,12,[ 3 14],34,72,84,38,55
1,<environment.Job instance at 0x7fea761da640>,20,26,[ 1 14],35,84,110,49,81
1,<environment.Job instance at 0x7fea761daf50>,21,14,[11  2],38,110,124,72,99
1,<environment.Job instance at 0x7fea761da5f0>,22,24,[10  3],39,124,148,85,119
1,<environment.Job instance at 0x7fea761da7d0>,23,26,[7 2],41,148,174,107,145
1,<environment.Job instance at 0x7fea761daeb0>,24,13,[ 2 12],42,153,166,111,153
1,<environment.Job instance at 0x7fea761da280>,25,27,[5 3],43,166,193,123,164
1,<environment.Job instance at 0x7fea761f88c0>,7,16,[10  4],13,174,190,161,165
1,<environment.Job instance at 0x7fea761dab40>,30,14,[9 1],49,190,204,141,184
1,<environment.Job instance at 0x7fea761da2d0>,32,15,[ 1 11],51,190,205,139,185
1,<environment.Job instance at 0x7fea761da3c0>,33,16,[14  3],52,204,220,152,198
1,<environment.Job instance at 0x7fea762075f0>,35,13,[6 5],56,220,233,164,205
1,<environment.Job instance at 0x7fea76207960>,37,19,[3 9],58,220,239,162,210
1,<environment.Job instance at 0x7fea761daa50>,28,16,[6 2],46,233,249,187,222
1,<environment.Job instance at 0x7fea761f8140>,8,22,[11  3],15,255,277,240,255
1,<environment.Job instance at 0x7fea760e4820>,0,17,[ 1 11],2,3,20,1,3
1,<environment.Job instance at 0x7fea76202370>,1,19,[ 4 12],4,20,39,16,10
1,<environment.Job instance at 0x7feab9e4d1e0>,2,28,[3 5],5,39,67,34,38
1,<environment.Job instance at 0x7fea76236fa0>,5,24,[ 4 10],9,39,63,30,38
1,<environment.Job instance at 0x7fea761f1280>,7,16,[ 4 13],12,67,83,55,54
1,<environment.Job instance at 0x7feaba100370>,12,24,[6 1],22,63,87,41,58
1,<environment.Job instance at 0x7fea761f1eb0>,13,19,[3 9],23,83,102,60,73
1,<environment.Job instance at 0x7fea761f1550>,14,21,[12  1],24,87,108,63,79
1,<environment.Job instance at 0x7feab9e791e0>,15,16,[ 4 11],25,108,124,83,96
1,<environment.Job instance at 0x7feab9e795a0>,17,18,[2 9],31,124,142,93,113
1,<environment.Job instance at 0x7feab9e790a0>,19,25,[ 5 13],35,142,167,107,138
1,<environment.Job instance at 0x7fea76202640>,3,25,[10  4],6,167,192,161,164
1,<environment.Job instance at 0x7feab9e79e10>,21,16,[10  4],38,192,208,154,180
1,<environment.Job instance at 0x7feaba1fc0a0>,22,20,[6 4],39,208,228,169,200
1,<environment.Job instance at 0x7feab9ea05a0>,24,27,[3 8],42,205,232,163,205
1,<environment.Job instance at 0x7feab9ea0690>,25,20,[ 3 13],43,232,252,189,223
1,<environment.Job instance at 0x7feab9f62b40>,20,12,[14  1],37,252,264,215,235
1,<environment.Job instance at 0x7feaba1b2be0>,27,23,[2 5],46,264,287,218,258
1,<environment.Job instance at 0x7feab9e79a00>,18,22,[12  3],32,264,286,232,258
1,<environment.Job instance at 0x7feaba1b2190>,28,13,[14  5],47,287,300,240,271
1,<environment.Job instance at 0x7feaba100280>,0,26,[14  5],2,2,28,0,2
1,<environment.Job instance at 0x7fea76236140>,5,23,[1 6],8,8,31,0,8
1,<environment.Job instance at 0x7fea76236dc0>,6,28,[ 4 14],10,31,59,21,30
1,<environment.Job instance at 0x7fea761eb370>,8,27,[8 2],13,59,86,46,57
1,<environment.Job instance at 0x7fea76236050>,3,20,[7 2],5,59,79,54,57
1,<environment.Job instance at 0x7fea761f18c0>,12,28,[7 5],21,79,107,58,78
1,<environment.Job instance at 0x7fea765014b0>,13,13,[7 2],22,86,99,64,79
1,<environment.Job instance at 0x7fea762021e0>,9,12,[14  4],17,107,119,90,90
1,<environment.Job instance at 0x7fea76504500>,17,21,[10  2],30,119,140,89,111
1,<environment.Job instance at 0x7fea76504780>,20,14,[11  3],34,140,154,106,125
1,<environment.Job instance at 0x7fea76202050>,10,28,[4 9],18,125,153,107,125
1,<environment.Job instance at 0x7fea765045a0>,21,14,[13  5],36,154,168,118,140
1,<environment.Job instance at 0x7fea76504960>,24,26,[ 2 12],39,168,194,129,165
1,<environment.Job instance at 0x7fea7647dcd0>,25,25,[13  5],40,194,219,154,190
1,<environment.Job instance at 0x7fea765012d0>,14,12,[ 4 14],24,219,231,195,203
1,<environment.Job instance at 0x7feaba2aab40>,28,21,[ 5 13],44,231,252,187,223
1,<environment.Job instance at 0x7fea767f1a00>,30,16,[ 4 11],46,252,268,206,241
1,<environment.Job instance at 0x7feabc4e2640>,27,24,[14  4],43,270,294,227,270
1,<environment.Job instance at 0x7fea761eb1e0>,0,19,[5 5],1,1,20,0,1
1,<environment.Job instance at 0x7fea761eb7d0>,1,24,[ 3 14],2,20,44,18,15
1,<environment.Job instance at 0x7feab9cf77d0>,5,24,[7 1],7,20,44,13,20
1,<environment.Job instance at 0x7feab9cf7f50>,4,23,[ 5 11],5,44,67,39,38
1,<environment.Job instance at 0x7fea762360a0>,3,24,[ 4 12],4,67,91,63,62
1,<environment.Job instance at 0x7feab9cf7910>,10,15,[11  2],16,80,95,64,80
1,<environment.Job instance at 0x7feab9cf7050>,11,18,[2 9],17,91,109,74,80
1,<environment.Job instance at 0x7feab9cf7550>,13,17,[12  4],19,95,112,76,87
1,<environment.Job instance at 0x7feab9cf7c80>,14,26,[ 1 10],20,109,135,89,106
1,<environment.Job instance at 0x7feab9cf7aa0>,15,12,[1 9],21,135,147,114,118
1,<environment.Job instance at 0x7feab9cf7820>,7,27,[13  2],11,133,160,122,133
1,<environment.Job instance at 0x7feab9cf7a00>,9,24,[2 8],14,147,171,133,145
1,<environment.Job instance at 0x7feab9c9c280>,18,23,[12  3],27,160,183,133,157
1,<environment.Job instance at 0x7feab9cf78c0>,16,18,[ 1 14],24,183,201,159,175
1,<environment.Job instance at 0x7feab9c9c0a0>,21,26,[1 5],32,201,227,169,198
1,<environment.Job instance at 0x7feab9cf7a50>,17,28,[12  4],26,231,259,205,231
1,<environment.Job instance at 0x7feab9c9c050>,24,13,[ 5 12],35,259,272,224,245
1,<environment.Job instance at 0x7feab9c9c140>,22,15,[13  2],33,272,287,239,260
1,<environment.Job instance at 0x7feac1272c80>,0,26,[3 6],2,2,28,0,2
1,<environment.Job instance at 0x7feabcadff00>,1,13,[ 4 13],4,28,41,24,12
1,<environment.Job instance at 0x7fea762db820>,6,12,[ 5 14],11,41,53,30,24
1,<environment.Job instance at 0x7feabc8aa780>,7,23,[5 4],13,53,76,40,47
1,<environment.Job instance at 0x7fea762dbfa0>,8,25,[2 7],14,53,78,39,49
1,<environment.Job instance at 0x7feabc8aad70>,9,20,[14  3],15,78,98,63,69
1,<environment.Job instance at 0x7fea76662230>,2,21,[ 1 12],5,78,99,73,72
1,<environment.Job instance at 0x7feabc5c4370>,10,25,[7 5],16,99,124,83,95
1,<environment.Job instance at 0x7feabc5c4fa0>,12,28,[ 2 13],18,124,152,106,123
1,<environment.Job instance at 0x7feab9e2ab40>,13,14,[ 1 13],19,152,166,133,137
1,<environment.Job instance at 0x7fea762bb1e0>,14,23,[11  4],20,166,189,146,160
1,<environment.Job instance at 0x7fea762bbb90>,15,28,[8 5],22,189,217,167,188
1,<environment.Job instance at 0x7fea7669cbe0>,4,21,[5 7],9,189,210,180,189
1,<environment.Job instance at 0x7feaba25c0f0>,3,20,[3 8],6,210,230,204,210
1,<environment.Job instance at 0x7fea762bb780>,20,20,[8 2],29,219,239,190,219
1,<environment.Job instance at 0x7feab9de7780>,19,24,[14  4],28,239,263,211,235
1,<environment.Job instance at 0x7fea7610ceb0>,18,16,[11  2],26,263,279,237,250
1,<environment.Job instance at 0x7fea764125f0>,23,16,[ 3 11],32,263,279,231,257
1,<environment.Job instance at 0x7feaba1a0af0>,27,25,[12  1],40,279,304,239,275
1,<environment.Job instance at 0x7feabc4461e0>,0,22,[ 4 11],2,2,24,0,2
1,<environment.Job instance at 0x7fea762dbe60>,1,12,[ 3 14],3,24,36,21,7
1,<environment.Job instance at 0x7fea76662050>,6,20,[9 4],8,36,56,28,27
1,<environment.Job instance at 0x7fea766f4820>,7,24,[7 3],9,56,80,47,51
1,<environment.Job instance at 0x7fea7664bc80>,8,12,[13  5],10,80,92,70,63
1,<environment.Job instance at 0x7fea766f4f00>,9,21,[ 1 13],11,92,113,81,84
1,<environment.Job instance at 0x7feabca677d0>,10,23,[ 1 10],12,113,136,101,107
1,<environment.Job instance at 0x7feabc400910>,11,20,[ 4 11],13,136,156,123,127
1,<environment.Job instance at 0x7feabc50be60>,12,21,[5 9],14,156,177,142,148
1,<environment.Job instance at 0x7feabc54a410>,14,26,[7 1],17,148,174,131,148
1,<environment.Job instance at 0x7feab9c93e10>,17,22,[ 2 10],20,177,199,157,170
1,<environment.Job instance at 0x7feab9c939b0>,18,26,[ 4 14],22,199,225,177,196
1,<environment.Job instance at 0x7feab9c93f50>,19,25,[2 7],23,225,250,202,221
1,<environment.Job instance at 0x7feabc483be0>,2,12,[12  2],4,225,237,221,222
1,<environment.Job instance at 0x7fea76343960>,3,13,[ 3 14],5,250,263,245,235
1,<environment.Job instance at 0x7fea76542be0>,26,16,[14  4],30,263,279,233,250
1,<environment.Job instance at 0x7feabca67d70>,2,21,[11  2],5,12,33,7,12
1,<environment.Job instance at 0x7fea76516410>,7,26,[2 9],12,12,38,0,12
1,<environment.Job instance at 0x7feabc54a280>,3,19,[ 3 13],8,38,57,30,31
1,<environment.Job instance at 0x7fea765273c0>,1,17,[12  4],2,57,74,55,45
1,<environment.Job instance at 0x7fea766393c0>,12,21,[13  4],22,74,95,52,66
1,<environment.Job instance at 0x7feaba204460>,14,15,[ 4 14],24,95,110,71,85
1,<environment.Job instance at 0x7feaba204f50>,17,26,[5 5],30,110,136,80,107
1,<environment.Job instance at 0x7feabc6f40a0>,19,26,[5 8],32,110,136,78,107
1,<environment.Job instance at 0x7feaba204d20>,20,26,[9 3],34,136,162,102,133
1,<environment.Job instance at 0x7fea764384b0>,21,28,[ 2 11],35,137,165,102,137
1,<environment.Job instance at 0x7feaba204500>,18,16,[11  2],31,162,178,131,149
1,<environment.Job instance at 0x7fea765166e0>,10,27,[10  3],16,178,205,162,177
1,<environment.Job instance at 0x7fea76438dc0>,23,27,[13  4],37,205,232,168,203
1,<environment.Job instance at 0x7fea76438140>,25,21,[ 3 14],39,232,253,193,224
1,<environment.Job instance at 0x7feab9beb730>,27,14,[ 1 12],41,253,267,212,238
1,<environment.Job instance at 0x7fea764386e0>,28,27,[9 1],42,238,265,196,238
1,<environment.Job instance at 0x7fea76438730>,29,22,[10  4],46,267,289,221,260
1,<environment.Job instance at 0x7fea765a6820>,30,26,[4 6],47,268,294,221,268
1,<environment.Job instance at 0x7feac11d76e0>,1,22,[8 1],2,3,25,1,3
1,<environment.Job instance at 0x7fea7630dcd0>,6,26,[6 1],8,8,34,0,8
1,<environment.Job instance at 0x7fea765a6c80>,4,16,[3 9],6,25,41,19,13
1,<environment.Job instance at 0x7fea7661ccd0>,9,20,[3 6],11,34,54,23,27
1,<environment.Job instance at 0x7feaba0fd4b0>,11,16,[ 4 14],15,54,70,39,42
1,<environment.Job instance at 0x7feaba0f8cd0>,12,13,[5 7],16,70,83,54,60
1,<environment.Job instance at 0x7feaba0f8140>,13,12,[ 1 10],17,83,95,66,66
1,<environment.Job instance at 0x7feac0e49cd0>,14,21,[6 4],18,72,93,54,72
1,<environment.Job instance at 0x7fea7630d3c0>,8,25,[14  4],10,93,118,83,90
1,<environment.Job instance at 0x7fea7630de10>,7,21,[ 5 14],9,118,139,109,116
1,<environment.Job instance at 0x7feaba0f8c80>,15,27,[ 2 11],20,139,166,119,137
1,<environment.Job instance at 0x7feab9f0c320>,19,25,[13  1],24,145,170,121,145
1,<environment.Job instance at 0x7feaba0f8690>,10,24,[14  3],14,170,194,156,165
1,<environment.Job instance at 0x7fea76504e10>,22,27,[14  4],29,199,226,170,199
1,<environment.Job instance at 0x7feabc99bb90>,23,24,[12  4],31,238,262,207,238
1,<environment.Job instance at 0x7fea76504f50>,21,12,[11  2],28,262,274,234,246
1,<environment.Job instance at 0x7feab9f55a50>,26,12,[ 1 12],36,262,274,226,251
1,<environment.Job instance at 0x7fea76504730>,25,21,[ 1 11],35,274,295,239,268
1,<environment.Job instance at 0x7feab9f0c690>,16,20,[14  2],21,274,294,253,273
1,<environment.Job instance at 0x7feabca415a0>,0,16,[ 2 13],2,2,18,0,2
1,<environment.Job instance at 0x7feaba0f8fa0>,1,14,[14  4],4,18,32,14,5
1,<environment.Job instance at 0x7feab9f8dbe0>,2,22,[5 7],6,32,54,26,25
1,<environment.Job instance at 0x7feac0fe2190>,7,16,[11  4],12,54,70,42,44
1,<environment.Job instance at 0x7fea76680fa0>,8,24,[3 5],13,44,68,31,44
1,<environment.Job instance at 0x7fea766809b0>,9,20,[8 1],14,70,90,56,61
1,<environment.Job instance at 0x7feabc450500>,10,19,[ 5 13],15,70,89,55,61
1,<environment.Job instance at 0x7fea760f4690>,11,24,[2 5],16,89,113,73,84
1,<environment.Job instance at 0x7fea7627a870>,12,26,[5 5],17,89,115,72,86
1,<environment.Job instance at 0x7feab9e99b40>,17,12,[6 2],25,97,109,72,97
1,<environment.Job instance at 0x7fea76418e60>,18,17,[14  3],26,115,132,89,106
1,<environment.Job instance at 0x7fea76418a50>,19,23,[ 2 10],27,132,155,105,126
1,<environment.Job instance at 0x7feaba35c6e0>,21,12,[ 1 12],29,155,167,126,138
1,<environment.Job instance at 0x7feaba35c5a0>,22,19,[ 4 11],30,167,186,137,157
1,<environment.Job instance at 0x7feaba35c820>,24,13,[ 2 11],32,186,199,154,170
1,<environment.Job instance at 0x7feaba35c8c0>,25,28,[13  4],33,186,214,153,185
1,<environment.Job instance at 0x7fea766dcc80>,4,13,[14  2],9,214,227,205,201
1,<environment.Job instance at 0x7feaba35c960>,26,23,[14  3],34,227,250,193,221
1,<environment.Job instance at 0x7feaba35cb40>,28,19,[ 5 11],37,250,269,213,240
1,<environment.Job instance at 0x7feaba35cc30>,29,14,[ 5 13],38,269,283,231,254
1,<environment.Job instance at 0x7fea7627a500>,0,24,[8 2],1,1,25,0,1
1,<environment.Job instance at 0x7fea760f45f0>,3,26,[13  5],4,25,51,21,22
1,<environment.Job instance at 0x7feab9c287d0>,8,27,[3 5],10,51,78,41,49
1,<environment.Job instance at 0x7feab9c28820>,9,28,[13  2],11,78,106,67,77
1,<environment.Job instance at 0x7feab9c28280>,10,26,[11  1],12,106,132,94,103
1,<environment.Job instance at 0x7feabc96b960>,4,17,[ 4 14],5,106,123,101,105
1,<environment.Job instance at 0x7feaba0fb640>,11,20,[7 4],14,132,152,118,123
1,<environment.Job instance at 0x7feaba0fb9b0>,13,24,[4 9],17,123,147,106,123
1,<environment.Job instance at 0x7feaba0fb780>,14,19,[2 5],18,147,166,129,137
1,<environment.Job instance at 0x7feaba0fb190>,15,13,[11  2],20,152,165,132,142
1,<environment.Job instance at 0x7feaba0a5f00>,17,26,[ 5 13],22,166,192,144,163
1,<environment.Job instance at 0x7feab9c28eb0>,5,15,[11  2],6,192,207,186,179
1,<environment.Job instance at 0x7feaba0a5b40>,21,25,[ 2 12],31,192,217,161,188
1,<environment.Job instance at 0x7feab9c288c0>,6,19,[ 3 14],8,217,236,209,208
1,<environment.Job instance at 0x7feaba0a5050>,24,15,[ 5 12],34,236,251,202,224
1,<environment.Job instance at 0x7feac1251460>,25,16,[9 1],35,224,240,189,224
1,<environment.Job instance at 0x7feaba0a50a0>,23,24,[14  2],33,251,275,218,247
1,<environment.Job instance at 0x7fea762c4140>,28,21,[ 5 13],38,275,296,237,268
1,<environment.Job instance at 0x7feab9ec7640>,0,21,[1 6],1,1,22,0,1
1,<environment.Job instance at 0x7feaba16c370>,4,26,[4 9],5,6,32,1,6
1,<environment.Job instance at 0x7fea760f4aa0>,2,26,[ 1 11],3,32,58,29,29
1,<environment.Job instance at 0x7fea765e6af0>,8,12,[ 4 11],12,58,70,46,44
1,<environment.Job instance at 0x7feabc8a13c0>,11,13,[12  3],18,44,57,26,44
1,<environment.Job instance at 0x7fea7645cb90>,13,16,[ 2 14],20,70,86,50,57
1,<environment.Job instance at 0x7fea7645c140>,14,27,[10  1],21,63,90,42,63
1,<environment.Job instance at 0x7fea7645cb40>,17,21,[4 5],28,86,107,58,78
1,<environment.Job instance at 0x7fea765e6910>,6,14,[ 5 12],8,107,121,99,93
1,<environment.Job instance at 0x7feabc626aa0>,19,21,[ 1 10],30,121,142,91,113
1,<environment.Job instance at 0x7feabc626780>,20,28,[14  4],31,121,149,90,120
1,<environment.Job instance at 0x7feabc6265a0>,21,23,[1 5],32,142,165,110,137
1,<environment.Job instance at 0x7feabc6266e0>,22,24,[ 5 13],33,165,189,132,160
1,<environment.Job instance at 0x7feabc626190>,23,12,[5 8],34,189,201,155,174
1,<environment.Job instance at 0x7fea765e6230>,7,17,[12  2],11,201,218,190,189
1,<environment.Job instance at 0x7feaba16c820>,3,23,[ 3 13],4,201,224,197,197
1,<environment.Job instance at 0x7feabc626960>,24,23,[4 8],35,224,247,189,218
1,<environment.Job instance at 0x7feaba0a09b0>,29,23,[4 6],42,224,247,182,219
1,<environment.Job instance at 0x7feabc626be0>,28,21,[13  1],40,247,268,207,245
1,<environment.Job instance at 0x7feaba0a0640>,32,13,[ 4 12],46,268,281,222,256
1,<environment.Job instance at 0x7feaba16c050>,3,12,[ 5 14],5,9,21,4,9
1,<environment.Job instance at 0x7feabc40cf50>,8,24,[14  3],12,21,45,9,16
1,<environment.Job instance at 0x7fea7605e500>,11,21,[14  2],15,45,66,30,37
1,<environment.Job instance at 0x7fea7601df00>,12,14,[12  2],16,66,80,50,51
1,<environment.Job instance at 0x7fea760f4af0>,13,22,[1 9],17,51,73,34,51
1,<environment.Job instance at 0x7feab9df35f0>,14,28,[ 3 11],18,73,101,55,72
1,<environment.Job instance at 0x7feab9ccbb40>,15,20,[ 1 11],21,101,121,80,92
1,<environment.Job instance at 0x7feabc47e320>,16,25,[7 3],23,92,117,69,92
1,<environment.Job instance at 0x7feabc47ec30>,17,17,[12  5],24,121,138,97,109
1,<environment.Job instance at 0x7feabc4c5c80>,19,24,[10  1],26,138,162,112,133
1,<environment.Job instance at 0x7feabc4c50f0>,20,25,[6 5],28,162,187,134,158
1,<environment.Job instance at 0x7feabc81b4b0>,21,20,[6 3],29,162,182,133,158
1,<environment.Job instance at 0x7feabc81bd20>,22,21,[3 6],30,158,179,128,158
1,<environment.Job instance at 0x7feabc7ee0f0>,23,17,[ 5 13],31,187,204,156,175
1,<environment.Job instance at 0x7feabc7ee410>,24,28,[10  2],32,187,215,155,186
1,<environment.Job instance at 0x7feabc7ee190>,25,24,[9 3],33,215,239,182,210
1,<environment.Job instance at 0x7feabc7ee320>,26,21,[13  1],34,239,260,205,231
1,<environment.Job instance at 0x7feabc7ee5a0>,28,12,[ 4 11],39,260,272,221,243
1,<environment.Job instance at 0x7feabc7ee7d0>,30,23,[ 4 10],41,272,295,231,266
1,<environment.Job instance at 0x7feabc7ee1e0>,31,21,[11  2],42,266,287,224,266
1,<environment.Job instance at 0x7fea75e75c30>,4,22,[ 1 14],6,14,36,8,14
1,<environment.Job instance at 0x7feab9cd5c30>,10,26,[ 1 13],16,36,62,20,33
1,<environment.Job instance at 0x7feab9cd5730>,11,27,[6 4],18,62,89,44,60
1,<environment.Job instance at 0x7fea760a30f0>,15,22,[ 4 12],28,89,111,61,82
1,<environment.Job instance at 0x7feaba0c79b0>,16,24,[3 8],29,111,135,82,106
1,<environment.Job instance at 0x7feaba0c7460>,18,26,[ 4 11],32,135,161,103,132
1,<environment.Job instance at 0x7fea762ce8c0>,20,23,[ 2 12],35,161,184,126,155
1,<environment.Job instance at 0x7feabc7eef50>,1,25,[6 3],2,155,180,153,155
1,<environment.Job instance at 0x7feaba0c7960>,21,17,[ 4 13],36,184,201,148,172
1,<environment.Job instance at 0x7feabc7ee1e0>,3,20,[ 2 13],4,201,221,197,192
1,<environment.Job instance at 0x7fea7649b5f0>,27,12,[11  2],43,199,211,156,199
1,<environment.Job instance at 0x7fea7649b550>,29,16,[7 4],48,221,237,173,214
1,<environment.Job instance at 0x7feab9c28fa0>,30,19,[11  1],50,237,256,187,228
1,<environment.Job instance at 0x7feab9c28eb0>,31,22,[ 4 10],51,228,250,177,228
1,<environment.Job instance at 0x7feac1275dc0>,32,21,[13  5],52,256,277,204,248
1,<environment.Job instance at 0x7feabc975a50>,33,16,[9 4],53,277,293,224,265
1,<environment.Job instance at 0x7fea75f15c30>,1,21,[12  3],2,2,23,0,2
1,<environment.Job instance at 0x7fea76083b90>,3,28,[1 8],4,11,39,7,11
1,<environment.Job instance at 0x7fea76488730>,6,15,[11  3],8,23,38,15,16
1,<environment.Job instance at 0x7feab9c7f550>,2,19,[ 5 10],3,39,58,36,29
1,<environment.Job instance at 0x7feabc96d280>,9,27,[10  3],12,38,65,26,38
1,<environment.Job instance at 0x7feabc96dbe0>,10,28,[1 7],13,58,86,45,57
1,<environment.Job instance at 0x7fea75dcf050>,11,17,[12  1],19,65,82,46,62
1,<environment.Job instance at 0x7feabc96d230>,12,22,[3 9],21,86,108,65,79
1,<environment.Job instance at 0x7feabc96d050>,14,21,[12  1],23,90,111,67,90
1,<environment.Job instance at 0x7fea75e22410>,16,24,[ 3 14],26,108,132,82,103
1,<environment.Job instance at 0x7fea75e22fa0>,18,16,[ 4 12],30,132,148,102,119
1,<environment.Job instance at 0x7fea75e22910>,19,26,[ 2 14],31,148,174,117,145
1,<environment.Job instance at 0x7fea75e227d0>,21,26,[ 3 13],33,174,200,141,171
1,<environment.Job instance at 0x7feabc96d320>,8,18,[11  2],10,182,200,172,182
1,<environment.Job instance at 0x7fea75e22f00>,22,12,[13  4],36,200,212,164,186
1,<environment.Job instance at 0x7fea75e22820>,25,14,[5 3],39,212,226,173,197
1,<environment.Job instance at 0x7fea75e225f0>,24,15,[ 1 12],38,212,227,174,200
1,<environment.Job instance at 0x7fea75e22050>,27,27,[ 2 12],41,227,254,186,225
1,<environment.Job instance at 0x7fea75e22eb0>,29,27,[ 5 14],43,254,281,211,252
1,<environment.Job instance at 0x7fea75e228c0>,31,19,[2 9],45,281,300,236,271
1,<environment.Job instance at 0x7fea76488370>,2,21,[12  1],3,4,25,1,4
1,<environment.Job instance at 0x7fea75e228c0>,5,23,[5 4],6,30,53,24,30
1,<environment.Job instance at 0x7fea7655a0a0>,6,16,[7 2],8,32,48,24,32
1,<environment.Job instance at 0x7fea75e25820>,4,25,[13  2],5,53,78,48,49
1,<environment.Job instance at 0x7fea76488e60>,8,17,[14  5],10,78,95,68,66
1,<environment.Job instance at 0x7fea76488410>,3,22,[8 4],4,95,117,91,89
1,<environment.Job instance at 0x7fea75dcf550>,1,27,[14  2],2,117,144,115,115
1,<environment.Job instance at 0x7feac11536e0>,11,21,[8 3],13,162,183,149,162
1,<environment.Job instance at 0x7feab9c7faf0>,10,26,[1 7],12,165,191,153,165
1,<environment.Job instance at 0x7fea76249460>,12,13,[14  2],15,183,196,168,177
1,<environment.Job instance at 0x7fea76488050>,9,27,[ 5 12],11,196,223,185,194
1,<environment.Job instance at 0x7feaba1fd370>,0,16,[ 5 13],1,223,239,222,210
1,<environment.Job instance at 0x7fea765a8fa0>,17,27,[14  2],22,239,266,217,237
1,<environment.Job instance at 0x7fea75e1d460>,18,27,[14  3],23,266,293,243,264
1,<environment.Job instance at 0x7fea75e889b0>,19,13,[ 1 11],24,265,278,241,265
1,<environment.Job instance at 0x7fea760c8370>,20,12,[11  4],25,293,305,268,278
1,<environment.Job instance at 0x7fea75f42370>,0,22,[ 4 14],1,1,23,0,1
1,<environment.Job instance at 0x7fea75f26050>,1,23,[11  2],3,23,46,20,17
1,<environment.Job instance at 0x7fea76053550>,6,28,[14  4],10,46,74,36,45
1,<environment.Job instance at 0x7feabc9de190>,11,22,[13  2],18,74,96,56,67
1,<environment.Job instance at 0x7fea76053370>,12,23,[8 3],19,96,119,77,90
1,<environment.Job instance at 0x7feabcb31c80>,2,13,[2 9],4,90,103,86,90
1,<environment.Job instance at 0x7feab9d2f500>,13,21,[ 2 11],20,103,124,83,95
1,<environment.Job instance at 0x7feab9d2fd20>,15,12,[ 1 11],28,124,136,96,107
1,<environment.Job instance at 0x7feabc9980a0>,16,26,[9 3],29,119,145,90,116
1,<environment.Job instance at 0x7feabc998fa0>,17,12,[ 3 12],30,136,148,106,119
1,<environment.Job instance at 0x7feab9d2b5f0>,19,25,[5 5],33,148,173,115,144
1,<environment.Job instance at 0x7feabc998730>,20,24,[1 8],34,148,172,114,144
1,<environment.Job instance at 0x7feabc4dc730>,22,13,[13  5],36,173,186,137,157
1,<environment.Job instance at 0x7feabc4dcbe0>,23,12,[ 1 11],37,186,198,149,169
1,<environment.Job instance at 0x7fea766a4730>,25,24,[14  3],40,186,210,146,181
1,<environment.Job instance at 0x7fea75e508c0>,26,25,[8 1],41,210,235,169,206
1,<environment.Job instance at 0x7feabcb310a0>,3,24,[ 2 11],5,210,234,205,206
1,<environment.Job instance at 0x7feabc497d20>,27,23,[7 1],44,234,257,190,228
1,<environment.Job instance at 0x7feac13bd6e0>,29,26,[ 3 14],47,235,261,188,232
1,<environment.Job instance at 0x7feabc497a00>,30,18,[ 2 14],50,261,279,211,250
1,<environment.Job instance at 0x7feab9da60f0>,1,14,[ 4 13],2,2,16,0,2
1,<environment.Job instance at 0x7fea75f28b90>,2,21,[ 3 14],3,16,37,13,8
1,<environment.Job instance at 0x7fea761d3230>,5,23,[10  5],10,37,60,27,31
1,<environment.Job instance at 0x7fea761d3730>,9,19,[ 5 12],14,60,79,46,50
1,<environment.Job instance at 0x7fea761d35f0>,10,27,[2 8],15,79,106,64,77
1,<environment.Job instance at 0x7fea75f280a0>,4,28,[5 6],8,79,107,71,78
1,<environment.Job instance at 0x7fea761d3be0>,11,24,[9 1],17,106,130,89,101
1,<environment.Job instance at 0x7feabc96aa00>,14,19,[5 4],21,107,126,86,101
1,<environment.Job instance at 0x7feabc96a190>,17,21,[6 4],28,126,147,98,118
1,<environment.Job instance at 0x7feabc96a6e0>,19,22,[12  5],30,147,169,117,140
1,<environment.Job instance at 0x7feabc96a640>,20,27,[3 7],31,140,167,109,140
1,<environment.Job instance at 0x7feabc83f2d0>,21,25,[7 4],32,169,194,137,165
1,<environment.Job instance at 0x7feabc83f230>,22,22,[ 5 12],34,194,216,160,187
1,<environment.Job instance at 0x7feabc83f410>,23,27,[9 5],35,216,243,181,214
1,<environment.Job instance at 0x7feabc83feb0>,24,26,[12  4],36,243,269,207,240
1,<environment.Job instance at 0x7fea7634c500>,3,13,[1 9],4,240,253,236,240
1,<environment.Job instance at 0x7feabc83fd70>,29,18,[ 3 12],41,269,287,228,258
1,<environment.Job instance at 0x7feabc83f460>,30,12,[11  1],42,269,281,227,258
1,<environment.Job instance at 0x7fea762c9370>,0,28,[1 7],1,1,29,0,1
1,<environment.Job instance at 0x7fea762c9280>,1,20,[5 4],2,2,22,0,2
1,<environment.Job instance at 0x7feab9bd35a0>,2,20,[5 8],3,22,42,19,13
1,<environment.Job instance at 0x7feab9dcc8c0>,7,13,[ 1 14],10,42,55,32,26
1,<environment.Job instance at 0x7fea7654f230>,4,25,[6 5],5,55,80,50,51
1,<environment.Job instance at 0x7feab9dcc1e0>,9,23,[5 1],12,52,75,40,52
1,<environment.Job instance at 0x7fea76088cd0>,10,24,[ 5 14],13,80,104,67,75
1,<environment.Job instance at 0x7fea75f1db40>,12,12,[10  1],15,83,95,68,83
1,<environment.Job instance at 0x7fea76088550>,8,25,[14  3],11,104,129,93,100
1,<environment.Job instance at 0x7fea75f1df50>,14,25,[ 5 14],18,129,154,111,125
1,<environment.Job instance at 0x7fea7677e5f0>,17,19,[1 9],23,154,173,131,144
1,<environment.Job instance at 0x7fea7677e0f0>,18,28,[13  3],24,154,182,130,153
1,<environment.Job instance at 0x7fea75f1d7d0>,13,18,[ 5 13],16,182,200,166,171
1,<environment.Job instance at 0x7fea7677e140>,23,26,[7 1],33,187,213,154,187
1,<environment.Job instance at 0x7fea7677e6e0>,22,21,[ 3 14],32,200,221,168,195
1,<environment.Job instance at 0x7fea7677e690>,19,13,[13  2],26,221,234,195,205
1,<environment.Job instance at 0x7fea7677eaa0>,24,21,[ 5 14],35,234,255,199,230
1,<environment.Job instance at 0x7fea7677e910>,25,25,[12  5],36,255,280,219,251
1,<environment.Job instance at 0x7fea7677e550>,28,16,[ 3 10],40,255,271,215,251
1,<environment.Job instance at 0x7fea7677e410>,29,23,[1 8],41,271,294,230,265
1,<environment.Job instance at 0x7f80c7af8460>,5,19,[ 1 13],11,11,30,0,11
1,<environment.Job instance at 0x7f80c7af8550>,7,17,[12  5],14,30,47,16,18
1,<environment.Job instance at 0x7f80c7af8870>,13,24,[ 3 11],21,47,71,26,42
1,<environment.Job instance at 0x7f80c7af8910>,14,20,[3 5],22,71,91,49,62
1,<environment.Job instance at 0x7f80c7af8c30>,15,12,[13  3],24,91,103,67,74
1,<environment.Job instance at 0x7f80c7af86e0>,16,20,[9 3],25,103,123,78,94
1,<environment.Job instance at 0x7f80c7af8730>,18,16,[ 4 11],27,103,119,76,97
1,<environment.Job instance at 0x7f80c7af8aa0>,19,21,[13  5],28,123,144,95,115
1,<environment.Job instance at 0x7f80c7af8f00>,20,22,[14  2],29,144,166,115,137
1,<environment.Job instance at 0x7f80c7af8dc0>,21,25,[ 4 12],30,166,191,136,162
1,<environment.Job instance at 0x7f80c7afc0a0>,23,20,[ 5 12],33,191,211,158,182
1,<environment.Job instance at 0x7f80c7afc320>,25,22,[ 2 13],37,211,233,174,204
1,<environment.Job instance at 0x7f80c7afc370>,26,20,[12  4],39,233,253,194,224
1,<environment.Job instance at 0x7f80c7afc460>,27,22,[ 5 14],40,253,275,213,246
1,<environment.Job instance at 0x7f80c7afc550>,29,23,[5 5],43,275,298,232,269
1,<environment.Job instance at 0x7f80cf076230>,0,15,[ 4 11],1,2,17,1,2
1,<environment.Job instance at 0x7f80c7afc6e0>,2,21,[ 3 12],3,17,38,14,9
1,<environment.Job instance at 0x7f80cf076a00>,7,15,[12  5],9,38,53,29,25
1,<environment.Job instance at 0x7f80cf076050>,8,15,[ 3 14],10,53,68,43,39
1,<environment.Job instance at 0x7f80cf07b690>,11,18,[12  1],14,53,71,39,46
1,<environment.Job instance at 0x7f80cf07b2d0>,13,12,[13  5],16,71,83,55,56
1,<environment.Job instance at 0x7f80cf07b7d0>,14,18,[ 5 14],20,83,101,63,72
1,<environment.Job instance at 0x7f80c7afc5f0>,3,20,[5 1],5,83,103,78,74
1,<environment.Job instance at 0x7f80cf07bdc0>,15,28,[7 2],23,101,129,78,100
1,<environment.Job instance at 0x7f80cf07b730>,16,28,[7 1],24,103,131,79,102
1,<environment.Job instance at 0x7f80cf07b1e0>,17,18,[ 3 12],33,129,147,96,118
1,<environment.Job instance at 0x7f80cf06ef50>,19,28,[11  3],36,131,159,95,130
1,<environment.Job instance at 0x7f80cf06eb40>,21,16,[ 1 11],39,150,166,111,150
1,<environment.Job instance at 0x7f80cf06ea00>,23,25,[4 6],41,166,191,125,162
1,<environment.Job instance at 0x7f80cf07d500>,24,26,[4 9],42,166,192,124,166
1,<environment.Job instance at 0x7f80cf07d7d0>,26,13,[ 4 12],47,192,205,145,177
1,<environment.Job instance at 0x7f80cf07d780>,29,13,[ 3 13],50,205,218,155,189
1,<environment.Job instance at 0x7f80cf07d370>,30,22,[ 3 12],51,218,240,167,211
1,<environment.Job instance at 0x7f80cf07d6e0>,31,23,[11  2],52,214,237,162,214
1,<environment.Job instance at 0x7f80cf07d410>,33,22,[ 2 10],55,240,262,185,233
1,<environment.Job instance at 0x7f80cef33230>,34,15,[12  2],56,246,261,190,246
1,<environment.Job instance at 0x7f80cef33050>,35,18,[11  1],57,261,279,204,254
1,<environment.Job instance at 0x7f8083dfac80>,2,24,[5 1],8,8,32,0,8
1,<environment.Job instance at 0x7f8083dfa050>,3,23,[ 1 13],9,9,32,0,9
1,<environment.Job instance at 0x7f8083dfa8c0>,4,12,[12  2],10,32,44,22,15
1,<environment.Job instance at 0x7f8083df4d70>,9,14,[11  2],18,44,58,26,29
1,<environment.Job instance at 0x7f8083df4fa0>,10,24,[10  3],19,58,82,39,53
1,<environment.Job instance at 0x7f8083df4cd0>,11,26,[7 2],21,82,108,61,79
1,<environment.Job instance at 0x7f8083df4c80>,12,13,[ 2 12],22,79,92,57,79
1,<environment.Job instance at 0x7f8083df4b40>,13,27,[5 3],23,92,119,69,90
1,<environment.Job instance at 0x7f8083decf00>,17,22,[5 4],27,108,130,81,101
1,<environment.Job instance at 0x7f8083df4e60>,7,12,[ 3 14],14,130,142,116,118
1,<environment.Job instance at 0x7f8083dfab40>,5,12,[1 8],11,118,130,107,118
1,<environment.Job instance at 0x7f8083decf50>,19,18,[11  1],30,130,148,100,119
1,<environment.Job instance at 0x7f8083dec190>,25,19,[3 9],38,142,161,104,132
1,<environment.Job instance at 0x7f8083decd20>,26,22,[12  4],40,148,170,108,141
1,<environment.Job instance at 0x7f8083dc3e10>,27,21,[10  4],41,170,191,129,162
1,<environment.Job instance at 0x7f8083dc3af0>,28,24,[ 1 13],42,191,215,149,186
1,<environment.Job instance at 0x7f8083dc3dc0>,30,26,[5 5],45,215,241,170,212
1,<environment.Job instance at 0x7f8083dc3d20>,31,22,[ 1 10],46,215,237,169,212
1,<environment.Job instance at 0x7f8083dc3230>,33,24,[2 7],48,237,261,189,232
1,<environment.Job instance at 0x7f8083dc3e60>,34,25,[11  5],49,241,266,192,237
1,<environment.Job instance at 0x7f8083dc34b0>,35,25,[5 3],50,266,291,216,262
1,<environment.Job instance at 0x7f8083efb910>,6,12,[9 3],11,12,24,1,12
1,<environment.Job instance at 0x7f8083eb8a50>,3,12,[14  1],7,24,36,17,13
1,<environment.Job instance at 0x7f8083e4f1e0>,1,22,[12  3],2,36,58,34,29
1,<environment.Job instance at 0x7f80c79477d0>,9,15,[ 2 12],14,53,68,39,53
1,<environment.Job instance at 0x7f80c7947a50>,14,23,[ 3 13],20,68,91,48,62
1,<environment.Job instance at 0x7f80c7947af0>,15,27,[10  3],21,91,118,70,89
1,<environment.Job instance at 0x7f80c7947230>,16,13,[13  2],22,118,131,96,110
1,<environment.Job instance at 0x7f80c7947d20>,18,27,[ 2 12],26,118,145,92,118
1,<environment.Job instance at 0x7f80c7947aa0>,19,13,[11  2],28,131,144,103,124
1,<environment.Job instance at 0x7f80c7947050>,11,13,[14  5],17,145,158,128,130
1,<environment.Job instance at 0x7f80c7947870>,22,16,[ 1 11],31,158,174,127,146
1,<environment.Job instance at 0x7f80c79478c0>,23,26,[12  3],32,162,188,130,162
1,<environment.Job instance at 0x7f80c79475f0>,20,13,[14  4],29,188,201,159,172
1,<environment.Job instance at 0x7f80c7947fa0>,12,16,[ 4 11],18,201,217,183,188
1,<environment.Job instance at 0x7f8084257b90>,27,17,[11  1],37,202,219,165,202
1,<environment.Job instance at 0x7f8084257780>,30,26,[3 5],41,217,243,176,214
1,<environment.Job instance at 0x7f80c7947320>,8,20,[ 3 13],13,243,263,230,235
1,<environment.Job instance at 0x7f8084257190>,33,18,[14  3],45,263,281,218,252
1,<environment.Job instance at 0x7f8084257500>,36,12,[ 4 13],48,281,293,233,264
1,<environment.Job instance at 0x7f8084257730>,2,21,[ 5 13],4,28,49,24,28
1,<environment.Job instance at 0x7f8084257dc0>,1,24,[14  4],3,49,73,46,44
1,<environment.Job instance at 0x7f8083eb8d20>,7,23,[7 1],9,73,96,64,67
1,<environment.Job instance at 0x7f8083efbeb0>,3,13,[1 9],5,73,86,68,73
1,<environment.Job instance at 0x7f80cf07baa0>,9,24,[2 5],11,74,98,63,74
1,<environment.Job instance at 0x7f8083d5c3c0>,11,12,[ 2 13],13,98,110,85,81
1,<environment.Job instance at 0x7f80cf071c30>,12,27,[4 9],14,110,137,96,108
1,<environment.Job instance at 0x7f8084284050>,13,15,[13  4],16,137,152,121,125
1,<environment.Job instance at 0x7f8083f720a0>,14,23,[ 3 13],17,152,175,135,146
1,<environment.Job instance at 0x7f80c7a9fb90>,15,26,[2 6],18,175,201,157,172
1,<environment.Job instance at 0x7f8083d56e60>,10,16,[8 4],12,175,191,163,172
1,<environment.Job instance at 0x7f8083e04d70>,18,13,[11  5],23,191,204,168,180
1,<environment.Job instance at 0x7f8083e046e0>,19,23,[5 3],24,204,227,180,198
1,<environment.Job instance at 0x7f8083dec2d0>,20,26,[2 9],28,210,236,182,210
1,<environment.Job instance at 0x7f8083dec3c0>,21,12,[ 5 13],29,236,248,207,220
1,<environment.Job instance at 0x7f8083dec0f0>,22,27,[ 5 13],30,248,275,218,246
1,<environment.Job instance at 0x7f8083dec780>,23,12,[11  5],31,275,287,244,260
1,<environment.Job instance at 0x7f80cf07e1e0>,3,25,[10  3],4,7,32,3,7
1,<environment.Job instance at 0x7f8083ecd0a0>,2,18,[ 5 11],3,9,27,6,9
1,<environment.Job instance at 0x7f80c80784b0>,11,19,[3 7],15,27,46,12,19
1,<environment.Job instance at 0x7f80c80780a0>,13,24,[14  4],19,46,70,27,41
1,<environment.Job instance at 0x7f80c8078500>,14,26,[12  3],20,70,96,50,67
1,<environment.Job instance at 0x7f8083d5c320>,4,17,[ 1 11],6,67,84,61,67
1,<environment.Job instance at 0x7f80c8078280>,15,16,[ 5 14],21,96,112,75,83
1,<environment.Job instance at 0x7f80c8078b90>,17,25,[ 4 13],26,112,137,86,108
1,<environment.Job instance at 0x7f80c868efa0>,18,25,[7 2],27,112,137,85,108
1,<environment.Job instance at 0x7f80c868e910>,19,23,[2 7],29,137,160,108,131
1,<environment.Job instance at 0x7f80c868e0a0>,20,22,[14  4],30,160,182,130,153
1,<environment.Job instance at 0x7f80c868eaa0>,21,14,[ 1 13],31,182,196,151,167
1,<environment.Job instance at 0x7f80c868e190>,22,28,[ 2 10],32,196,224,164,195
1,<environment.Job instance at 0x7f80c878c7d0>,23,22,[7 5],33,196,218,163,196
1,<environment.Job instance at 0x7f80c878c3c0>,24,16,[11  3],34,218,234,184,215
1,<environment.Job instance at 0x7f80c878c780>,25,18,[ 5 12],35,234,252,199,223
1,<environment.Job instance at 0x7f80c878c0f0>,26,24,[ 2 12],36,252,276,216,247
1,<environment.Job instance at 0x7f80cee27820>,27,24,[ 1 13],37,276,300,239,271
1,<environment.Job instance at 0x7f80cf076e60>,0,25,[12  4],2,2,27,0,2
1,<environment.Job instance at 0x7f80c7caea50>,1,16,[ 3 11],4,16,32,12,16
1,<environment.Job instance at 0x7f80c8820820>,6,23,[ 3 10],11,32,55,21,26
1,<environment.Job instance at 0x7f80c8820aa0>,8,28,[6 3],14,27,55,13,26
1,<environment.Job instance at 0x7f8083d56be0>,9,24,[8 1],15,55,79,40,50
1,<environment.Job instance at 0x7f80c7cae320>,3,18,[ 1 11],6,55,73,49,50
1,<environment.Job instance at 0x7f8083d56550>,10,24,[1 9],16,73,97,57,68
1,<environment.Job instance at 0x7f80841a7c80>,13,28,[5 3],24,68,96,44,68
1,<environment.Job instance at 0x7f80840144b0>,14,12,[ 3 11],25,97,109,72,81
1,<environment.Job instance at 0x7f80840605a0>,17,28,[13  1],29,109,137,80,108
1,<environment.Job instance at 0x7f80c7bbfe10>,19,26,[11  1],32,137,163,105,134
1,<environment.Job instance at 0x7f80c7bbf370>,20,27,[1 6],33,142,169,109,142
1,<environment.Job instance at 0x7f80c7bbfe60>,21,27,[ 5 11],34,169,196,135,167
1,<environment.Job instance at 0x7f80c7e4fd20>,2,25,[8 4],5,169,194,164,169
1,<environment.Job instance at 0x7f80c7bbf1e0>,22,17,[ 3 13],35,196,213,161,184
1,<environment.Job instance at 0x7f80cf07e320>,25,19,[ 1 10],40,213,232,173,203
1,<environment.Job instance at 0x7f80c7bbf410>,24,14,[5 3],39,213,227,174,205
1,<environment.Job instance at 0x7f80cf07e140>,26,19,[11  5],41,227,246,186,217
1,<environment.Job instance at 0x7f8083e7f460>,28,20,[12  4],43,246,266,203,237
1,<environment.Job instance at 0x7f80c8820370>,5,13,[ 5 13],9,266,279,257,250
1,<environment.Job instance at 0x7f80c7dc49b0>,33,13,[12  5],51,279,292,228,264
1,<environment.Job instance at 0x7f80c7ed77d0>,0,17,[ 3 12],1,1,18,0,1
1,<environment.Job instance at 0x7f80841a7280>,1,13,[14  5],2,18,31,16,7
1,<environment.Job instance at 0x7f8083d5cf00>,8,23,[1 8],14,18,41,4,17
1,<environment.Job instance at 0x7f8083d56f50>,9,27,[ 2 14],15,41,68,26,39
1,<environment.Job instance at 0x7f80cef8c910>,10,23,[ 2 13],16,68,91,52,62
1,<environment.Job instance at 0x7f80c8258a00>,11,27,[ 1 14],17,91,118,74,89
1,<environment.Job instance at 0x7f8083d9faf0>,14,19,[12  5],20,118,137,98,108
1,<environment.Job instance at 0x7f8083d9f8c0>,15,27,[7 4],21,137,164,116,135
1,<environment.Job instance at 0x7f80c786a7d0>,16,28,[ 3 14],26,164,192,138,163
1,<environment.Job instance at 0x7f80c786acd0>,17,14,[ 4 14],27,192,206,165,177
1,<environment.Job instance at 0x7f80c786a280>,18,26,[4 7],29,206,232,177,203
1,<environment.Job instance at 0x7f80c786a370>,19,20,[ 5 13],30,232,252,202,223
1,<environment.Job instance at 0x7f80c786a9b0>,20,19,[ 1 12],31,252,271,221,242
1,<environment.Job instance at 0x7f80c80bb960>,21,26,[ 1 14],32,271,297,239,268
1,<environment.Job instance at 0x7f80cebdd0a0>,2,24,[14  5],4,9,33,5,9
1,<environment.Job instance at 0x7f80c7c182d0>,5,22,[14  3],9,33,55,24,26
1,<environment.Job instance at 0x7f80c7c18af0>,6,13,[12  2],10,55,68,45,40
1,<environment.Job instance at 0x7f80c7d52640>,7,22,[ 4 11],11,68,90,57,61
1,<environment.Job instance at 0x7f80c7c671e0>,8,19,[ 2 13],14,90,109,76,80
1,<environment.Job instance at 0x7f80cf076050>,3,28,[6 1],5,83,111,78,83
1,<environment.Job instance at 0x7f8083d95050>,9,24,[ 4 12],15,109,133,94,104
1,<environment.Job instance at 0x7f8083d95b40>,11,21,[1 7],19,133,154,114,125
1,<environment.Job instance at 0x7f8083d95a50>,12,12,[4 6],21,133,145,112,125
1,<environment.Job instance at 0x7f80842b6960>,13,17,[6 5],25,145,162,120,137
1,<environment.Job instance at 0x7f80842b6cd0>,14,24,[4 7],26,154,178,128,149
1,<environment.Job instance at 0x7f80c7a5eeb0>,15,18,[5 7],27,162,180,135,151
1,<environment.Job instance at 0x7f8083d9f230>,0,18,[13  1],1,180,198,179,169
1,<environment.Job instance at 0x7f80842b6a50>,18,23,[ 4 10],30,198,221,168,192
1,<environment.Job instance at 0x7f80842b0af0>,19,25,[1 8],31,221,246,190,217
1,<environment.Job instance at 0x7f80842b08c0>,20,27,[ 3 12],32,246,273,214,244
1,<environment.Job instance at 0x7f80842b03c0>,22,28,[12  4],34,273,301,239,272
1,<environment.Job instance at 0x7f80cf076cd0>,0,13,[ 2 14],1,1,14,0,1
1,<environment.Job instance at 0x7f80c7a78d70>,3,24,[ 5 11],7,14,38,7,9
1,<environment.Job instance at 0x7f8083f54dc0>,6,22,[ 4 13],11,38,60,27,31
1,<environment.Job instance at 0x7f80c7ef3d70>,9,23,[13  2],14,60,83,46,54
1,<environment.Job instance at 0x7f80c87ad4b0>,10,27,[13  3],15,83,110,68,81
1,<environment.Job instance at 0x7f80c7ef3cd0>,11,24,[3 9],16,110,134,94,105
1,<environment.Job instance at 0x7f80c87ad780>,12,20,[5 7],17,134,154,117,125
1,<environment.Job instance at 0x7f80c7c67a00>,4,15,[5 2],8,131,146,123,131
1,<environment.Job instance at 0x7f80c86a8dc0>,5,17,[ 5 13],9,154,171,145,142
1,<environment.Job instance at 0x7f80c7951af0>,15,16,[6 2],22,146,162,124,142
1,<environment.Job instance at 0x7f80c853f910>,16,17,[6 2],23,162,179,139,150
1,<environment.Job instance at 0x7f80c853f4b0>,17,26,[ 5 13],24,172,198,148,172
1,<environment.Job instance at 0x7f80c853fb40>,18,13,[5 6],25,198,211,173,186
1,<environment.Job instance at 0x7f80c853f230>,19,14,[ 1 14],27,211,225,184,196
1,<environment.Job instance at 0x7f80c853faf0>,20,17,[13  3],28,225,242,197,223
1,<environment.Job instance at 0x7f80c7ef3190>,8,20,[11  3],13,242,262,229,233
1,<environment.Job instance at 0x7f80c7983c30>,23,15,[5 7],37,262,277,225,260
1,<environment.Job instance at 0x7f80c7983af0>,24,20,[ 1 13],38,277,297,239,268
1,<environment.Job instance at 0x7f80c7983960>,1,23,[5 3],2,2,25,0,2
1,<environment.Job instance at 0x7f80842bc690>,3,25,[13  1],4,25,50,21,21
1,<environment.Job instance at 0x7f8084297550>,8,28,[9 2],11,50,78,39,49
1,<environment.Job instance at 0x7f8084297960>,10,16,[11  1],14,78,94,64,65
1,<environment.Job instance at 0x7f8083fbc280>,11,22,[ 2 10],16,71,93,55,71
1,<environment.Job instance at 0x7f80c7d835a0>,12,21,[13  4],17,94,115,77,86
1,<environment.Job instance at 0x7f80c7d83e60>,14,12,[13  4],19,115,127,96,98
1,<environment.Job instance at 0x7f80c7c83d20>,6,17,[ 2 11],9,103,120,94,103
1,<environment.Job instance at 0x7f80c796eaa0>,18,28,[ 1 10],25,120,148,95,119
1,<environment.Job instance at 0x7f80c7f34140>,20,13,[11  2],29,127,140,98,119
1,<environment.Job instance at 0x7f80c7f34280>,21,13,[13  4],31,140,153,109,124
1,<environment.Job instance at 0x7f80c7f34230>,22,24,[5 2],32,153,177,121,148
1,<environment.Job instance at 0x7f80c7f34460>,23,28,[12  3],35,177,205,142,176
1,<environment.Job instance at 0x7f80c7f34410>,24,13,[ 5 12],36,205,218,169,193
1,<environment.Job instance at 0x7f80c796e230>,16,14,[ 3 14],23,218,232,195,203
1,<environment.Job instance at 0x7f80c796e2d0>,17,22,[11  1],24,218,240,194,215
1,<environment.Job instance at 0x7f80c7f34550>,26,26,[ 1 14],39,232,258,193,231
1,<environment.Job instance at 0x7f80c7f346e0>,28,25,[5 1],42,240,265,198,240
1,<environment.Job instance at 0x7f80c7dc62d0>,7,12,[ 1 14],10,258,270,248,250
1,<environment.Job instance at 0x7f80c7f34730>,30,17,[2 7],47,270,287,223,263
1,<environment.Job instance at 0x7f80c7f348c0>,31,17,[12  3],48,270,287,222,264
1,<environment.Job instance at 0x7f80c7f55190>,0,28,[13  2],2,2,30,0,2
1,<environment.Job instance at 0x7f80c7f34910>,1,27,[13  3],3,30,57,27,28
1,<environment.Job instance at 0x7f8083fbcf00>,7,23,[1 6],17,28,51,11,28
1,<environment.Job instance at 0x7f8084297640>,8,15,[13  4],19,57,72,38,44
1,<environment.Job instance at 0x7f80842970f0>,12,22,[3 8],26,72,94,46,65
1,<environment.Job instance at 0x7f80c86e1aa0>,13,20,[5 5],27,72,92,45,65
1,<environment.Job instance at 0x7f80c86e15f0>,14,22,[11  1],32,92,114,60,85
1,<environment.Job instance at 0x7f80c86e13c0>,15,18,[ 3 14],33,94,112,61,90
1,<environment.Job instance at 0x7f80c86e1b90>,18,21,[8 4],38,114,135,76,106
1,<environment.Job instance at 0x7f80c86e1cd0>,19,23,[12  2],39,135,158,96,129
1,<environment.Job instance at 0x7f80c86e1690>,20,26,[13  2],40,158,184,118,155
1,<environment.Job instance at 0x7f80c86210a0>,22,27,[12  3],45,184,211,139,182
1,<environment.Job instance at 0x7f80c86215a0>,23,25,[ 1 14],46,211,236,165,207
1,<environment.Job instance at 0x7f80c86218c0>,24,19,[13  4],47,236,255,189,226
1,<environment.Job instance at 0x7f80c86219b0>,26,16,[ 5 13],49,255,271,206,242
1,<environment.Job instance at 0x7f80c86211e0>,27,25,[ 4 11],50,271,296,221,267
1,<environment.Job instance at 0x7f8084297190>,0,23,[ 1 12],2,2,25,0,2
1,<environment.Job instance at 0x7f8084297460>,1,16,[11  2],3,11,27,8,11
1,<environment.Job instance at 0x7f80cef574b0>,6,12,[14  2],8,27,39,19,11
1,<environment.Job instance at 0x7f80c78e05f0>,7,28,[7 1],9,39,67,30,38
1,<environment.Job instance at 0x7f80c7ee9cd0>,5,13,[ 2 12],7,40,53,33,40
1,<environment.Job instance at 0x7f80c78e07d0>,8,18,[ 3 13],10,53,71,43,43
1,<environment.Job instance at 0x7f80c78e0c80>,12,16,[11  2],15,67,83,52,54
1,<environment.Job instance at 0x7f80c8556b40>,13,14,[14  5],16,83,97,67,74
1,<environment.Job instance at 0x7f808421e460>,3,14,[13  1],5,97,111,92,88
1,<environment.Job instance at 0x7f80c85565a0>,16,22,[ 2 11],19,97,119,78,97
1,<environment.Job instance at 0x7f80c8603690>,4,15,[12  1],6,112,127,106,112
1,<environment.Job instance at 0x7f80c7f554b0>,2,28,[ 3 12],4,119,147,115,119
1,<environment.Job instance at 0x7f80c78e0f50>,10,17,[13  4],12,147,164,135,136
1,<environment.Job instance at 0x7f80c8556f00>,19,15,[ 2 11],23,147,162,124,138
1,<environment.Job instance at 0x7f80c8556280>,21,14,[14  3],25,164,178,139,150
1,<environment.Job instance at 0x7f80c8556410>,23,20,[ 4 12],27,178,198,151,169
1,<environment.Job instance at 0x7f80c8556c80>,24,28,[ 5 14],29,198,226,169,197
1,<environment.Job instance at 0x7f80c85565f0>,25,17,[ 3 14],30,226,243,196,214
1,<environment.Job instance at 0x7f80c8556780>,26,27,[ 3 10],31,243,270,212,241
1,<environment.Job instance at 0x7f8084384e10>,29,22,[ 1 10],34,270,292,236,263
1,<environment.Job instance at 0x7f808421e0f0>,0,25,[5 5],2,2,27,0,2
1,<environment.Job instance at 0x7f808421e140>,2,12,[13  4],5,54,66,49,54
1,<environment.Job instance at 0x7f8084384e10>,1,16,[ 2 11],4,56,72,52,56
1,<environment.Job instance at 0x7f80c7f98190>,9,13,[ 4 11],16,74,87,58,74
1,<environment.Job instance at 0x7f80c794a1e0>,11,24,[ 5 11],18,87,111,69,82
1,<environment.Job instance at 0x7f80c810a8c0>,12,27,[ 1 12],19,111,138,92,109
1,<environment.Job instance at 0x7f80c794a0f0>,13,23,[11  1],20,111,134,91,109
1,<environment.Job instance at 0x7f80c7c095f0>,17,18,[13  2],25,134,152,109,123
1,<environment.Job instance at 0x7f8083d5c730>,7,15,[ 2 13],14,138,153,124,137
1,<environment.Job instance at 0x7f80c7c099b0>,18,20,[11  1],26,152,172,126,143
1,<environment.Job instance at 0x7f80c7c09820>,19,22,[ 2 12],27,153,175,126,146
1,<environment.Job instance at 0x7f8083e65b40>,22,15,[ 4 12],30,175,190,145,172
1,<environment.Job instance at 0x7f8083e65aa0>,25,15,[10  1],33,175,190,142,175
1,<environment.Job instance at 0x7f8083e65410>,26,20,[ 2 13],34,190,210,156,181
1,<environment.Job instance at 0x7f8083e61aa0>,28,17,[2 9],39,210,227,171,200
1,<environment.Job instance at 0x7f8083e613c0>,29,12,[7 2],40,201,213,161,201
1,<environment.Job instance at 0x7f8083e61a00>,30,20,[14  3],42,227,247,185,218
1,<environment.Job instance at 0x7f80c85901e0>,8,22,[ 3 13],15,247,269,232,245
1,<environment.Job instance at 0x7f8083e618c0>,33,26,[ 1 13],46,269,295,223,266
1,<environment.Job instance at 0x7f80c7da4230>,0,24,[8 4],2,2,26,0,2
1,<environment.Job instance at 0x7f8083d66500>,2,12,[ 4 13],6,26,38,20,9
1,<environment.Job instance at 0x7f80c7ce9a00>,4,19,[ 5 10],10,38,57,28,28
1,<environment.Job instance at 0x7f8083bc16e0>,9,15,[8 4],18,43,58,25,43
1,<environment.Job instance at 0x7f80c794a5f0>,8,15,[14  1],17,58,73,41,44
1,<environment.Job instance at 0x7f80c7949e10>,12,21,[12  3],22,73,94,51,65
1,<environment.Job instance at 0x7f80c861d1e0>,13,19,[ 5 10],23,94,113,71,84
1,<environment.Job instance at 0x7f80c861d640>,14,28,[1 8],24,113,141,89,112
1,<environment.Job instance at 0x7f80c861d280>,15,26,[5 6],26,113,139,87,112
1,<environment.Job instance at 0x7f80c7cf2fa0>,16,18,[12  2],27,139,157,112,128
1,<environment.Job instance at 0x7f80c7cf2140>,17,15,[11  3],28,157,172,129,145
1,<environment.Job instance at 0x7f8083cc2d20>,18,26,[ 1 13],29,172,198,143,169
1,<environment.Job instance at 0x7f80c847f550>,10,12,[ 2 14],20,198,210,178,182
1,<environment.Job instance at 0x7f80c8643780>,19,18,[11  2],30,210,228,180,199
1,<environment.Job instance at 0x7f8083cc2050>,21,28,[1 7],33,211,239,178,211
1,<environment.Job instance at 0x7f8083fed910>,3,17,[11  3],8,228,245,220,218
1,<environment.Job instance at 0x7f80cee03d20>,24,13,[13  5],42,245,258,203,229
1,<environment.Job instance at 0x7f80cee034b0>,26,14,[5 6],44,258,272,214,243
1,<environment.Job instance at 0x7f80cee03c30>,27,24,[ 3 14],46,272,296,226,271
1,<environment.Job instance at 0x7f80cee03870>,28,13,[5 1],47,272,285,225,272
1,<environment.Job instance at 0x7f80cee03690>,1,15,[11  5],2,7,22,5,7
1,<environment.Job instance at 0x7f80841d2960>,8,16,[ 5 13],11,22,38,11,14
1,<environment.Job instance at 0x7f8083d9faa0>,9,27,[14  2],12,38,65,26,36
1,<environment.Job instance at 0x7f8084160fa0>,10,21,[12  1],13,65,86,52,57
1,<environment.Job instance at 0x7f80844420a0>,11,22,[8 4],14,86,108,72,79
1,<environment.Job instance at 0x7f8084442550>,12,25,[13  2],15,108,133,93,104
1,<environment.Job instance at 0x7f80c794a3c0>,5,16,[ 2 13],7,108,124,101,104
1,<environment.Job instance at 0x7f8084442dc0>,13,23,[5 4],16,133,156,117,127
1,<environment.Job instance at 0x7f8083bc11e0>,4,25,[ 1 11],5,130,155,125,130
1,<environment.Job instance at 0x7f80cee03870>,2,24,[ 2 14],3,156,180,153,152
1,<environment.Job instance at 0x7f80844427d0>,16,17,[14  5],20,180,197,160,168
1,<environment.Job instance at 0x7f8084442be0>,22,27,[9 4],27,197,224,170,195
1,<environment.Job instance at 0x7f8084442050>,20,13,[14  2],25,224,237,199,222
1,<environment.Job instance at 0x7f8084446a00>,26,27,[14  3],33,237,264,204,235
1,<environment.Job instance at 0x7f8084446b40>,27,13,[ 1 11],34,235,248,201,235
1,<environment.Job instance at 0x7f8084446be0>,25,27,[14  2],32,264,291,232,262
1,<environment.Job instance at 0x7f8083d9f8c0>,0,22,[ 4 14],1,1,23,0,1
1,<environment.Job instance at 0x7f8084446be0>,1,23,[11  2],3,23,46,20,17
1,<environment.Job instance at 0x7f8083d9f7d0>,2,13,[2 9],4,23,36,19,18
1,<environment.Job instance at 0x7f80840d2b90>,6,28,[14  4],10,46,74,36,45
1,<environment.Job instance at 0x7f80c823bd70>,11,22,[13  2],18,74,96,56,67
1,<environment.Job instance at 0x7f8083d9f0f0>,3,24,[ 2 11],5,74,98,69,70
1,<environment.Job instance at 0x7f8083a845a0>,13,21,[ 2 11],20,98,119,78,90
1,<environment.Job instance at 0x7f8083ae0be0>,14,15,[11  2],27,96,111,69,90
1,<environment.Job instance at 0x7f80841d24b0>,16,26,[9 3],29,111,137,82,108
1,<environment.Job instance at 0x7f8083adcfa0>,19,25,[5 5],33,119,144,86,115
1,<environment.Job instance at 0x7f80841d2690>,20,24,[1 8],34,137,161,103,132
1,<environment.Job instance at 0x7f80c793c640>,22,13,[13  5],36,144,157,108,132
1,<environment.Job instance at 0x7f80c793c780>,23,12,[ 1 11],37,161,173,124,145
1,<environment.Job instance at 0x7f80c793ce10>,26,25,[8 1],41,157,182,116,153
1,<environment.Job instance at 0x7f80c7920370>,27,23,[7 1],44,173,196,129,167
1,<environment.Job instance at 0x7f8083ae0cd0>,15,12,[ 1 11],28,182,194,154,170
1,<environment.Job instance at 0x7f80841d2be0>,17,12,[ 3 12],30,194,206,164,177
1,<environment.Job instance at 0x7f8084160780>,8,22,[ 2 13],15,206,228,191,200
1,<environment.Job instance at 0x7f80c792e190>,32,23,[11  5],53,228,251,175,222
1,<environment.Job instance at 0x7f80c792eeb0>,34,28,[7 3],55,251,279,196,250
1,<environment.Job instance at 0x7f80c792ec30>,35,25,[4 8],56,263,288,207,263
1,<environment.Job instance at 0x7f80844425a0>,3,19,[ 5 12],4,7,26,3,7
1,<environment.Job instance at 0x7f80cee8e5f0>,5,24,[9 1],7,8,32,1,8
1,<environment.Job instance at 0x7f8083d9f960>,0,16,[12  1],1,32,48,31,19
1,<environment.Job instance at 0x7f8083d0c550>,11,21,[6 4],18,48,69,30,40
1,<environment.Job instance at 0x7f80c7b04a50>,13,22,[12  5],20,69,91,49,62
1,<environment.Job instance at 0x7f80c7b04e10>,14,27,[3 7],21,62,89,41,62
1,<environment.Job instance at 0x7f80c7b04780>,15,25,[7 4],22,91,116,69,87
1,<environment.Job instance at 0x7f80841f7d20>,17,27,[9 5],25,116,143,91,114
1,<environment.Job instance at 0x7f8083d9ff00>,2,15,[4 7],3,115,130,112,115
1,<environment.Job instance at 0x7f80c81e8c30>,18,26,[12  4],26,143,169,117,140
1,<environment.Job instance at 0x7f80c7c9b320>,20,13,[ 3 13],28,169,182,141,153
1,<environment.Job instance at 0x7f80cef4ac80>,23,18,[ 3 12],31,182,200,151,171
1,<environment.Job instance at 0x7f80c82e1550>,24,12,[11  1],32,171,183,139,171
1,<environment.Job instance at 0x7f80cef4a500>,22,16,[8 1],30,184,200,154,184
1,<environment.Job instance at 0x7f80c82e17d0>,25,23,[ 2 12],33,200,223,167,194
1,<environment.Job instance at 0x7f80c792e0a0>,1,28,[13  2],2,216,244,214,216
1,<environment.Job instance at 0x7f80c82e1140>,26,25,[ 2 10],34,223,248,189,219
1,<environment.Job instance at 0x7f80c82e16e0>,27,25,[ 5 11],36,248,273,212,244
1,<environment.Job instance at 0x7f80c792e5f0>,6,14,[ 5 12],9,273,287,264,267
1,<environment.Job instance at 0x7f80c7a9d640>,30,13,[ 2 11],39,287,300,248,271
1,<environment.Job instance at 0x7f80c7a0a0f0>,1,19,[1 9],3,3,22,0,3
1,<environment.Job instance at 0x7f8083adc280>,2,28,[13  3],4,4,32,0,4
1,<environment.Job instance at 0x7f8083adc050>,4,26,[8 5],7,32,58,25,29
1,<environment.Job instance at 0x7f8083adc5f0>,7,26,[7 1],13,32,58,19,32
1,<environment.Job instance at 0x7f8083adc5a0>,3,13,[13  2],6,58,71,52,45
1,<environment.Job instance at 0x7f8083adcf00>,10,27,[13  2],18,71,98,53,69
1,<environment.Job instance at 0x7f80c7ae6c80>,11,22,[9 5],19,98,120,79,91
1,<environment.Job instance at 0x7f80c7ae6af0>,13,23,[1 8],21,97,120,76,97
1,<environment.Job instance at 0x7f80c7ae6d70>,15,18,[ 4 12],23,120,138,97,109
1,<environment.Job instance at 0x7f80c7ae6cd0>,16,16,[14  3],29,138,154,109,125
1,<environment.Job instance at 0x7f80c7ae6aa0>,14,12,[ 2 11],22,154,166,132,139
1,<environment.Job instance at 0x7f80c7ae6b40>,17,24,[13  5],30,166,190,136,161
1,<environment.Job instance at 0x7f8083b606e0>,19,19,[3 9],33,190,209,157,180
1,<environment.Job instance at 0x7f80c7ae6e60>,18,22,[ 3 13],31,209,231,178,203
1,<environment.Job instance at 0x7f8083b60c80>,21,26,[13  1],38,231,257,193,228
1,<environment.Job instance at 0x7f8083b60af0>,22,17,[3 6],39,257,274,218,248
1,<environment.Job instance at 0x7f8083bdddc0>,26,14,[5 3],44,257,271,213,250
1,<environment.Job instance at 0x7f8083adc410>,6,21,[ 3 14],12,274,295,262,266
1,<environment.Job instance at 0x7f80c7a0abe0>,0,22,[11  2],2,2,24,0,2
1,<environment.Job instance at 0x7f80c85e8230>,3,23,[ 1 13],6,6,29,0,6
1,<environment.Job instance at 0x7f80c7f33640>,4,22,[ 3 14],7,29,51,22,22
1,<environment.Job instance at 0x7f8083d861e0>,9,21,[5 5],14,51,72,37,43
1,<environment.Job instance at 0x7f8083d868c0>,10,12,[ 5 12],15,72,84,57,55
1,<environment.Job instance at 0x7f8083d86aa0>,11,19,[4 7],18,84,103,66,74
1,<environment.Job instance at 0x7f8083d86c80>,13,28,[5 9],22,103,131,81,102
1,<environment.Job instance at 0x7f8083d86820>,14,12,[13  4],23,131,143,108,114
1,<environment.Job instance at 0x7f8083d86190>,18,24,[ 1 12],27,143,167,116,138
1,<environment.Job instance at 0x7f8083d86e60>,19,12,[12  3],30,143,155,113,138
1,<environment.Job instance at 0x7f8083d86640>,20,19,[ 5 12],32,167,186,135,157
1,<environment.Job instance at 0x7f8083db2be0>,21,19,[ 2 13],34,186,205,152,176
1,<environment.Job instance at 0x7f8083db2870>,22,17,[ 4 12],36,205,222,169,193
1,<environment.Job instance at 0x7f8083db2370>,26,17,[ 2 11],41,222,239,181,210
1,<environment.Job instance at 0x7f8083db2410>,27,22,[5 5],42,239,261,197,232
1,<environment.Job instance at 0x7f8083db24b0>,29,24,[4 6],45,246,270,201,246
1,<environment.Job instance at 0x7f8083d860a0>,6,13,[13  4],10,270,283,260,260
1,<environment.Job instance at 0x7f80c7a1cb90>,32,13,[13  2],48,283,296,235,269
1,<environment.Job instance at 0x7f620217f4b0>,5,19,[ 1 13],11,11,30,0,11
1,<environment.Job instance at 0x7f620217f690>,8,17,[ 1 13],15,30,47,15,18
1,<environment.Job instance at 0x7f620217fb40>,13,24,[ 3 11],21,47,71,26,42
1,<environment.Job instance at 0x7f620217faa0>,14,20,[3 5],22,71,91,49,62
1,<environment.Job instance at 0x7f620217fb90>,15,12,[13  3],24,91,103,67,74
1,<environment.Job instance at 0x7f620217f410>,4,13,[5 9],8,77,90,69,77
1,<environment.Job instance at 0x7f620217fd20>,16,20,[9 3],25,103,123,78,94
1,<environment.Job instance at 0x7f620217fdc0>,18,16,[ 4 11],27,108,124,81,108
1,<environment.Job instance at 0x7f620217fc80>,19,21,[13  5],28,124,145,96,116
1,<environment.Job instance at 0x7f620217ff50>,20,22,[14  2],29,145,167,116,138
1,<environment.Job instance at 0x7f620217feb0>,21,25,[ 4 12],30,167,192,137,163
1,<environment.Job instance at 0x7f62021830a0>,23,20,[ 5 12],33,192,212,159,183
1,<environment.Job instance at 0x7f6202183320>,25,22,[ 2 13],37,212,234,175,205
1,<environment.Job instance at 0x7f6202183370>,26,20,[12  4],39,234,254,195,225
1,<environment.Job instance at 0x7f6202183460>,27,22,[ 5 14],40,254,276,214,247
1,<environment.Job instance at 0x7f6202183550>,29,23,[5 5],43,276,299,233,270
1,<environment.Job instance at 0x7f62021836e0>,1,12,[14  5],2,2,14,0,2
1,<environment.Job instance at 0x7f62076fb780>,4,12,[13  5],6,24,36,18,24
1,<environment.Job instance at 0x7f62076fb460>,8,18,[ 3 12],23,51,69,28,51
1,<environment.Job instance at 0x7f62076fbb40>,3,24,[14  2],5,83,107,78,83
1,<environment.Job instance at 0x7f62076ffdc0>,9,17,[14  3],24,107,124,83,101
1,<environment.Job instance at 0x7f62076fb550>,5,18,[ 5 14],10,124,142,114,114
1,<environment.Job instance at 0x7f62076ffe60>,13,16,[6 2],30,142,158,112,132
1,<environment.Job instance at 0x7f62076ff190>,15,26,[4 9],32,142,168,110,141
1,<environment.Job instance at 0x7f62076ff820>,16,15,[7 2],35,158,173,123,144
1,<environment.Job instance at 0x7f62021835f0>,2,18,[12  1],4,173,191,169,162
1,<environment.Job instance at 0x7f62077043c0>,20,13,[ 3 13],40,168,181,128,162
1,<environment.Job instance at 0x7f6207704230>,21,22,[ 3 12],41,181,203,140,174
1,<environment.Job instance at 0x7f6207704e10>,22,23,[11  2],42,191,214,149,185
1,<environment.Job instance at 0x7f6207704b90>,24,22,[ 2 10],45,203,225,158,200
1,<environment.Job instance at 0x7f6207704370>,25,15,[12  2],46,214,229,168,210
1,<environment.Job instance at 0x7f62076fff00>,17,13,[ 4 12],37,229,242,192,215
1,<environment.Job instance at 0x7f62077041e0>,26,18,[11  1],47,229,247,182,218
1,<environment.Job instance at 0x7f62075bad20>,31,14,[11  3],54,247,261,193,236
1,<environment.Job instance at 0x7f62075ba4b0>,33,20,[5 3],57,261,281,204,252
1,<environment.Job instance at 0x7f62075b75f0>,35,25,[ 3 11],60,260,285,200,260
1,<environment.Job instance at 0x7f61bc51d140>,0,26,[7 2],1,1,27,0,1
1,<environment.Job instance at 0x7f62075b7cd0>,1,13,[ 2 12],2,2,15,0,2
1,<environment.Job instance at 0x7f61bc5436e0>,2,27,[5 3],3,15,42,12,13
1,<environment.Job instance at 0x7f61bc543320>,8,18,[11  1],10,42,60,32,31
1,<environment.Job instance at 0x7f61bc543280>,10,16,[14  3],12,60,76,48,47
1,<environment.Job instance at 0x7f61bc5438c0>,14,19,[3 9],18,76,95,58,66
1,<environment.Job instance at 0x7f61bc543d20>,15,22,[12  4],20,76,98,56,69
1,<environment.Job instance at 0x7f61bc543f50>,16,21,[10  4],21,98,119,77,90
1,<environment.Job instance at 0x7f61bc5435a0>,17,24,[ 1 13],22,119,143,97,114
1,<environment.Job instance at 0x7f61bc53d960>,19,26,[5 5],25,143,169,118,140
1,<environment.Job instance at 0x7f61bc53d9b0>,20,22,[ 1 10],26,143,165,117,140
1,<environment.Job instance at 0x7f61bc53d410>,22,24,[2 7],28,165,189,137,160
1,<environment.Job instance at 0x7f61bc53d460>,24,25,[5 3],30,165,190,135,161
1,<environment.Job instance at 0x7f61bc53d190>,25,13,[11  3],32,190,203,158,175
1,<environment.Job instance at 0x7f61bc53de60>,26,26,[7 1],33,203,229,170,200
1,<environment.Job instance at 0x7f61bc543730>,4,16,[5 7],5,203,219,198,203
1,<environment.Job instance at 0x7f61bc53d3c0>,28,15,[ 1 13],35,219,234,184,213
1,<environment.Job instance at 0x7f62075b75f0>,3,17,[7 5],4,234,251,230,223
1,<environment.Job instance at 0x7f61bc53d140>,31,15,[13  4],40,251,266,211,237
1,<environment.Job instance at 0x7f61bc53daf0>,29,23,[11  3],36,266,289,230,260
1,<environment.Job instance at 0x7f61bc53d500>,33,16,[ 2 12],43,266,282,223,260
1,<environment.Job instance at 0x7f61bc5854b0>,0,16,[ 1 11],1,1,17,0,1
1,<environment.Job instance at 0x7f61bc53d640>,1,26,[12  3],2,2,28,0,2
1,<environment.Job instance at 0x7f61bc5817d0>,3,17,[ 4 13],4,28,45,24,16
1,<environment.Job instance at 0x7f61bc51d960>,13,18,[9 2],17,33,51,16,33
1,<environment.Job instance at 0x7f620758eb40>,14,12,[ 4 13],18,45,57,27,33
1,<environment.Job instance at 0x7f620758edc0>,16,25,[9 1],20,51,76,31,47
1,<environment.Job instance at 0x7f620758ee10>,17,28,[6 2],21,57,85,36,56
1,<environment.Job instance at 0x7f620758e280>,18,13,[14  2],23,85,98,62,69
1,<environment.Job instance at 0x7f62075e1a50>,20,28,[8 4],25,98,126,73,97
1,<environment.Job instance at 0x7f62075e15f0>,21,23,[10  1],27,126,149,99,120
1,<environment.Job instance at 0x7f61bc63deb0>,23,26,[12  1],29,149,175,120,146
1,<environment.Job instance at 0x7f61bc63dc80>,24,26,[5 3],30,175,201,145,172
1,<environment.Job instance at 0x7f61bc63de60>,25,23,[12  5],31,201,224,170,195
1,<environment.Job instance at 0x7f61bc63dd70>,28,21,[9 5],34,224,245,190,216
1,<environment.Job instance at 0x7f62076fbc80>,30,14,[14  2],37,245,259,208,230
1,<environment.Job instance at 0x7f61bca9cd70>,31,21,[9 4],38,259,280,221,251
1,<environment.Job instance at 0x7f61bca50c80>,0,12,[13  4],1,1,13,0,1
1,<environment.Job instance at 0x7f62076fbeb0>,1,12,[14  4],2,13,25,11,2
1,<environment.Job instance at 0x7f61bc579820>,2,12,[ 1 13],3,25,37,22,13
1,<environment.Job instance at 0x7f61bc585230>,8,24,[4 9],12,37,61,25,32
1,<environment.Job instance at 0x7f61bc585050>,10,23,[14  3],14,61,84,47,55
1,<environment.Job instance at 0x7f61bc565910>,14,28,[ 2 10],19,84,112,65,83
1,<environment.Job instance at 0x7f61bc5b9320>,15,26,[4 9],21,112,138,91,109
1,<environment.Job instance at 0x7f61bc53df00>,16,13,[13  1],22,138,151,116,122
1,<environment.Job instance at 0x7f61bc440320>,17,14,[14  4],23,151,165,128,137
1,<environment.Job instance at 0x7f6202123fa0>,18,20,[14  5],24,165,185,141,156
1,<environment.Job instance at 0x7f6202420960>,21,24,[1 8],29,166,190,137,166
1,<environment.Job instance at 0x7f61bc7ba190>,22,27,[1 5],30,185,212,155,183
1,<environment.Job instance at 0x7f61bc7ba1e0>,23,13,[12  2],32,185,198,153,183
1,<environment.Job instance at 0x7f61bc7ba460>,24,20,[ 5 14],33,212,232,179,203
1,<environment.Job instance at 0x7f61bc7ba410>,25,27,[13  4],34,232,259,198,230
1,<environment.Job instance at 0x7f61bc565960>,11,12,[ 3 13],15,259,271,244,245
1,<environment.Job instance at 0x7f61bc7ba5f0>,27,18,[11  5],37,271,289,234,260
1,<environment.Job instance at 0x7f61bc565320>,0,24,[ 4 13],1,1,25,0,1
1,<environment.Job instance at 0x7f61bc7ba5f0>,1,25,[7 3],3,25,50,22,21
1,<environment.Job instance at 0x7f61bc5794b0>,3,21,[ 4 11],5,25,46,20,21
1,<environment.Job instance at 0x7f62023707d0>,6,23,[13  4],9,50,73,41,44
1,<environment.Job instance at 0x7f6202370b90>,9,12,[ 3 12],12,73,85,61,56
1,<environment.Job instance at 0x7f6202370d70>,10,12,[14  5],13,85,97,72,68
1,<environment.Job instance at 0x7f62023703c0>,12,19,[ 4 12],15,97,116,82,87
1,<environment.Job instance at 0x7f6202370690>,15,18,[ 5 12],18,116,134,98,105
1,<environment.Job instance at 0x7f62023705f0>,16,28,[ 2 13],19,134,162,115,133
1,<environment.Job instance at 0x7f6202370eb0>,17,26,[ 3 14],20,162,188,142,159
1,<environment.Job instance at 0x7f62023705a0>,18,27,[12  3],23,188,215,165,186
1,<environment.Job instance at 0x7f620236deb0>,21,15,[ 1 10],26,195,210,169,195
1,<environment.Job instance at 0x7f620236d550>,20,17,[11  1],25,215,232,190,203
1,<environment.Job instance at 0x7f620236d690>,22,12,[ 2 11],27,210,222,183,208
1,<environment.Job instance at 0x7f620236d280>,24,24,[4 7],29,222,246,193,217
1,<environment.Job instance at 0x7f62026f2a50>,27,23,[11  3],32,232,255,200,226
1,<environment.Job instance at 0x7f6202490b40>,28,27,[13  4],33,255,282,222,253
1,<environment.Job instance at 0x7f62024903c0>,30,18,[ 4 11],36,282,300,246,271
1,<environment.Job instance at 0x7f6201ef13c0>,1,20,[8 3],2,2,22,0,2
1,<environment.Job instance at 0x7f6202c260f0>,2,14,[ 2 11],3,4,18,1,4
1,<environment.Job instance at 0x7f6202310b90>,5,19,[11  2],6,22,41,16,20
1,<environment.Job instance at 0x7f62026392d0>,4,28,[ 2 13],5,22,50,17,21
1,<environment.Job instance at 0x7f6202310730>,3,15,[ 3 11],4,50,65,46,37
1,<environment.Job instance at 0x7f61bc719eb0>,8,25,[8 1],11,41,66,30,37
1,<environment.Job instance at 0x7f61bc719b40>,11,24,[14  5],18,79,103,61,79
1,<environment.Job instance at 0x7f61bc45e500>,13,13,[3 9],21,103,116,82,88
1,<environment.Job instance at 0x7f6202d74f50>,7,27,[10  3],9,103,130,94,101
1,<environment.Job instance at 0x7f6202783af0>,10,15,[13  3],17,130,145,113,116
1,<environment.Job instance at 0x7f6202d74370>,9,18,[14  1],13,145,163,132,134
1,<environment.Job instance at 0x7f6202541c80>,19,22,[ 1 12],29,134,156,105,134
1,<environment.Job instance at 0x7f6202541960>,20,24,[12  5],31,163,187,132,158
1,<environment.Job instance at 0x7f6202541140>,21,27,[3 5],32,163,190,131,161
1,<environment.Job instance at 0x7f62025410f0>,24,28,[1 8],35,187,215,152,186
1,<environment.Job instance at 0x7f6202b8b280>,26,26,[7 2],37,187,213,150,186
1,<environment.Job instance at 0x7f6202541320>,27,27,[5 6],38,213,240,175,211
1,<environment.Job instance at 0x7f6202b8b140>,28,28,[ 2 12],39,240,268,201,239
1,<environment.Job instance at 0x7f620221ad70>,30,22,[ 4 11],42,268,290,226,261
1,<environment.Job instance at 0x7f620221aeb0>,1,21,[ 1 11],2,2,23,0,2
1,<environment.Job instance at 0x7f6201f3a640>,2,21,[9 1],3,3,24,0,3
1,<environment.Job instance at 0x7f6202b784b0>,5,12,[8 3],7,24,36,17,7
1,<environment.Job instance at 0x7f620221ad70>,4,16,[1 7],5,23,39,18,10
1,<environment.Job instance at 0x7f620242cc80>,6,18,[ 1 12],8,39,57,31,28
1,<environment.Job instance at 0x7f6201ef18c0>,8,23,[13  1],11,38,61,27,38
1,<environment.Job instance at 0x7f61bc45e870>,3,21,[14  2],4,61,82,57,53
1,<environment.Job instance at 0x7f61bc7f7cd0>,10,23,[13  4],13,82,105,69,77
1,<environment.Job instance at 0x7f6202c27550>,13,17,[12  4],22,105,122,83,95
1,<environment.Job instance at 0x7f62075b4f00>,18,25,[5 5],31,122,147,91,118
1,<environment.Job instance at 0x7f62075b4910>,19,26,[2 9],32,118,144,86,118
1,<environment.Job instance at 0x7f62075b42d0>,20,22,[5 3],34,144,166,110,137
1,<environment.Job instance at 0x7f62075b4230>,21,15,[12  4],35,166,181,131,152
1,<environment.Job instance at 0x7f62075b4960>,22,27,[10  3],36,181,208,145,179
1,<environment.Job instance at 0x7f61bc78d5f0>,11,18,[ 5 12],16,182,200,166,182
1,<environment.Job instance at 0x7f61bca8e550>,24,21,[13  4],42,208,229,166,200
1,<environment.Job instance at 0x7f6202103e10>,14,21,[11  2],25,229,250,204,223
1,<environment.Job instance at 0x7f61bca8e780>,27,28,[ 4 12],48,229,257,181,228
1,<environment.Job instance at 0x7f61bca8e640>,26,15,[ 4 14],44,257,272,213,243
1,<environment.Job instance at 0x7f61bca8e960>,31,26,[5 8],52,272,298,220,269
1,<environment.Job instance at 0x7f61bcac10a0>,1,22,[8 1],2,3,25,1,3
1,<environment.Job instance at 0x7f6202103a00>,3,16,[11  4],5,25,41,20,14
1,<environment.Job instance at 0x7f6202c27910>,4,16,[3 9],6,14,30,8,14
1,<environment.Job instance at 0x7f6201ef15a0>,8,25,[14  4],10,41,66,31,37
1,<environment.Job instance at 0x7f6202e96f50>,10,24,[14  3],14,66,90,52,61
1,<environment.Job instance at 0x7f61bc9a0d70>,11,16,[ 4 14],15,90,106,75,77
1,<environment.Job instance at 0x7f620217fcd0>,14,21,[6 4],18,106,127,88,98
1,<environment.Job instance at 0x7f620217f230>,13,12,[ 1 10],17,106,118,89,99
1,<environment.Job instance at 0x7f6202c27370>,6,26,[6 1],8,100,126,92,100
1,<environment.Job instance at 0x7f620217f910>,17,26,[14  1],22,127,153,105,124
1,<environment.Job instance at 0x7f6202619be0>,16,20,[14  2],21,153,173,132,144
1,<environment.Job instance at 0x7f620217f640>,15,27,[ 2 11],20,173,200,153,173
1,<environment.Job instance at 0x7f61bc43a0f0>,23,24,[12  4],31,173,197,142,173
1,<environment.Job instance at 0x7f6202619730>,19,25,[13  1],24,197,222,173,195
1,<environment.Job instance at 0x7f61bc43a190>,25,21,[ 1 11],35,200,221,165,195
1,<environment.Job instance at 0x7f61bc43a730>,21,12,[11  2],28,222,234,194,205
1,<environment.Job instance at 0x7f61bc43ad20>,26,12,[ 1 12],36,221,233,185,215
1,<environment.Job instance at 0x7f6202b5d5a0>,29,21,[12  4],40,234,255,194,227
1,<environment.Job instance at 0x7f61bc43a910>,22,27,[14  4],29,255,282,226,253
1,<environment.Job instance at 0x7f61bc43a0a0>,31,26,[1 5],42,259,285,217,259
1,<environment.Job instance at 0x7f61bc7ea1e0>,7,12,[ 1 12],9,9,21,0,9
1,<environment.Job instance at 0x7f62021272d0>,2,18,[4 9],4,21,39,17,14
1,<environment.Job instance at 0x7f61bc7eac30>,9,18,[6 3],11,14,32,3,14
1,<environment.Job instance at 0x7f6202122be0>,10,13,[ 2 11],12,39,52,27,39
1,<environment.Job instance at 0x7f620210cb90>,11,28,[13  4],13,46,74,33,46
1,<environment.Job instance at 0x7f62021228c0>,13,28,[ 4 12],16,80,108,64,80
1,<environment.Job instance at 0x7f61bc7e6a00>,14,19,[ 5 11],17,108,127,91,100
1,<environment.Job instance at 0x7f61bc7e6b90>,15,14,[ 5 13],18,127,141,109,112
1,<environment.Job instance at 0x7f61bc7eae60>,8,19,[ 4 11],10,141,160,131,131
1,<environment.Job instance at 0x7f61bc7e6320>,0,23,[6 3],2,2,25,0,2
1,<environment.Job instance at 0x7f61bca10af0>,4,18,[ 4 11],6,9,27,3,9
1,<environment.Job instance at 0x7f620208f280>,8,21,[6 1],11,25,46,14,18
1,<environment.Job instance at 0x7f6202103460>,10,23,[ 4 14],13,27,50,14,26
1,<environment.Job instance at 0x7f62025a84b0>,6,20,[12  3],9,50,70,41,45
1,<environment.Job instance at 0x7f6207485410>,11,13,[ 3 12],14,51,64,37,51
1,<environment.Job instance at 0x7f61bc3e86e0>,13,16,[2 5],17,64,80,47,52
1,<environment.Job instance at 0x7f6202241eb0>,15,23,[11  1],19,70,93,51,65
1,<environment.Job instance at 0x7f6202241a50>,14,17,[ 3 14],18,80,97,62,68
1,<environment.Job instance at 0x7f6202241a00>,17,18,[11  1],23,93,111,70,86
1,<environment.Job instance at 0x7f6202241730>,16,25,[3 8],22,97,122,75,93
1,<environment.Job instance at 0x7f62022418c0>,18,18,[ 1 12],29,122,140,93,111
1,<environment.Job instance at 0x7f6201f0c780>,9,27,[12  3],12,111,138,99,111
1,<environment.Job instance at 0x7f61bc3e8f50>,12,21,[ 4 14],15,140,161,125,135
1,<environment.Job instance at 0x7f61bcb37910>,3,16,[14  5],5,161,177,156,148
1,<environment.Job instance at 0x7f62027f8be0>,27,24,[ 2 12],41,177,201,136,172
1,<environment.Job instance at 0x7f62027f8dc0>,30,21,[5 5],44,201,222,157,193
1,<environment.Job instance at 0x7f62027f8b40>,26,18,[1 9],40,201,219,161,196
1,<environment.Job instance at 0x7f62027f8e60>,31,24,[3 7],45,219,243,174,214
1,<environment.Job instance at 0x7f62027d4050>,33,25,[3 6],48,222,247,174,218
1,<environment.Job instance at 0x7f62027d40a0>,35,16,[ 5 12],50,247,263,197,234
1,<environment.Job instance at 0x7f62027d4370>,36,22,[13  4],51,263,285,212,256
1,<environment.Job instance at 0x7f61bc9228c0>,3,20,[ 3 11],5,5,25,0,5
1,<environment.Job instance at 0x7f6202103be0>,4,14,[ 2 12],6,25,39,19,11
1,<environment.Job instance at 0x7f61bc385320>,8,23,[ 3 13],13,39,62,26,33
1,<environment.Job instance at 0x7f62076fa2d0>,11,25,[5 7],16,62,87,46,58
1,<environment.Job instance at 0x7f61bc922eb0>,6,20,[2 6],9,62,82,53,58
1,<environment.Job instance at 0x7f62076fa960>,12,16,[12  3],18,87,103,69,77
1,<environment.Job instance at 0x7f62076faa50>,14,21,[ 1 11],20,87,108,67,86
1,<environment.Job instance at 0x7f61bc465550>,15,25,[ 5 11],21,108,133,87,104
1,<environment.Job instance at 0x7f61bc4659b0>,17,23,[ 1 13],23,133,156,110,127
1,<environment.Job instance at 0x7f61bc465140>,18,28,[8 4],24,156,184,132,155
1,<environment.Job instance at 0x7f61bc465820>,19,27,[ 3 12],25,184,211,159,182
1,<environment.Job instance at 0x7f61bc465280>,20,28,[4 8],28,211,239,183,210
1,<environment.Job instance at 0x7f62076fad70>,9,20,[11  5],14,211,231,197,210
1,<environment.Job instance at 0x7f61bc465050>,24,25,[12  5],33,239,264,206,235
1,<environment.Job instance at 0x7f6202647550>,25,20,[5 6],34,264,284,230,255
1,<environment.Job instance at 0x7f6202647230>,26,23,[2 8],35,255,278,220,255
1,<environment.Job instance at 0x7f62026479b0>,27,12,[ 3 14],36,284,296,248,267
1,<environment.Job instance at 0x7f62021035a0>,0,12,[ 3 11],2,4,16,2,4
1,<environment.Job instance at 0x7f62026479b0>,3,22,[ 2 10],6,16,38,10,9
1,<environment.Job instance at 0x7f62027d4a00>,5,16,[ 4 14],10,38,54,28,25
1,<environment.Job instance at 0x7f61bc91e7d0>,8,15,[ 5 13],16,54,69,38,40
1,<environment.Job instance at 0x7f61bca8edc0>,10,24,[ 2 13],20,69,93,49,64
1,<environment.Job instance at 0x7f61bca8e870>,11,25,[ 3 11],22,93,118,71,89
1,<environment.Job instance at 0x7f61bca8ebe0>,12,25,[4 7],23,118,143,95,114
1,<environment.Job instance at 0x7f61bca8e3c0>,13,21,[ 4 14],24,143,164,119,135
1,<environment.Job instance at 0x7f6202827410>,15,25,[1 7],26,164,189,138,160
1,<environment.Job instance at 0x7f6202827500>,16,14,[12  2],29,164,178,135,163
1,<environment.Job instance at 0x7f6202827050>,18,28,[9 3],33,178,206,145,177
1,<environment.Job instance at 0x7f6202827140>,19,21,[12  3],34,206,227,172,198
1,<environment.Job instance at 0x7f620208f190>,2,15,[ 2 12],4,198,213,194,198
1,<environment.Job instance at 0x7f6202827d70>,21,15,[1 8],37,213,228,176,210
1,<environment.Job instance at 0x7f6202827af0>,22,20,[ 4 11],38,228,248,190,220
1,<environment.Job instance at 0x7f6202103280>,4,15,[11  1],7,227,242,220,222
1,<environment.Job instance at 0x7f6202827e60>,23,27,[ 3 13],39,248,275,209,246
1,<environment.Job instance at 0x7f61bca8ee60>,9,13,[ 2 13],17,275,288,258,263
1,<environment.Job instance at 0x7f61bc643140>,0,21,[ 3 14],1,1,22,0,1
1,<environment.Job instance at 0x7f61bc643640>,2,16,[12  4],3,22,38,19,11
1,<environment.Job instance at 0x7f61bc91e640>,7,27,[10  4],10,38,65,28,36
1,<environment.Job instance at 0x7f61bc659c30>,9,15,[ 2 13],16,65,80,49,51
1,<environment.Job instance at 0x7f61bc74b500>,10,15,[ 5 11],17,80,95,63,67
1,<environment.Job instance at 0x7f61bc74bb90>,11,21,[2 8],18,95,116,77,87
1,<environment.Job instance at 0x7f62021c8320>,6,17,[13  5],9,96,113,87,96
1,<environment.Job instance at 0x7f61bc74bf00>,12,14,[11  2],19,113,127,94,103
1,<environment.Job instance at 0x7f61bca8ec80>,4,17,[ 2 14],5,127,144,122,123
1,<environment.Job instance at 0x7f61bc7f2410>,15,16,[11  2],22,144,160,122,131
1,<environment.Job instance at 0x7f62022adaf0>,17,27,[11  3],24,160,187,136,158
1,<environment.Job instance at 0x7f62022ad5a0>,19,27,[ 2 11],26,163,190,137,163
1,<environment.Job instance at 0x7f62028c0e10>,22,23,[9 5],30,190,213,160,184
1,<environment.Job instance at 0x7f61bc7f27d0>,16,15,[6 2],23,187,202,164,184
1,<environment.Job instance at 0x7f62028c0b90>,24,14,[1 9],32,202,216,170,187
1,<environment.Job instance at 0x7f62028c0c30>,25,12,[11  1],33,213,225,180,212
1,<environment.Job instance at 0x7f62028c0050>,26,16,[11  2],35,225,241,190,213
1,<environment.Job instance at 0x7f62028c09b0>,23,27,[ 2 12],31,227,254,196,227
1,<environment.Job instance at 0x7f62028c0500>,27,19,[14  1],36,254,273,218,244
1,<environment.Job instance at 0x7f6202b09aa0>,29,23,[ 4 14],39,273,296,234,267
1,<environment.Job instance at 0x7f6202b09500>,1,25,[7 1],2,2,27,0,2
1,<environment.Job instance at 0x7f62021e8960>,4,20,[1 7],6,7,27,1,7
1,<environment.Job instance at 0x7f6202b09aa0>,2,21,[14  2],4,27,48,23,19
1,<environment.Job instance at 0x7f61bc2513c0>,10,19,[ 5 13],12,48,67,36,38
1,<environment.Job instance at 0x7f6202cb27d0>,11,28,[7 5],13,67,95,54,66
1,<environment.Job instance at 0x7f6202cb2cd0>,13,15,[14  5],15,95,110,80,81
1,<environment.Job instance at 0x7f61bc8f3870>,15,16,[11  5],18,110,126,92,98
1,<environment.Job instance at 0x7f61bc8f3a50>,19,13,[ 5 14],24,126,139,102,110
1,<environment.Job instance at 0x7f61bc8a15a0>,20,28,[9 5],25,139,167,114,138
1,<environment.Job instance at 0x7f61bc8f35f0>,21,26,[ 1 10],27,139,165,112,138
1,<environment.Job instance at 0x7f6202b40fa0>,22,19,[5 5],28,165,184,137,155
1,<environment.Job instance at 0x7f61bca88e10>,23,22,[ 3 14],30,184,206,154,177
1,<environment.Job instance at 0x7f6202b40050>,25,15,[11  5],32,206,221,174,192
1,<environment.Job instance at 0x7f6202c29550>,26,24,[ 2 14],33,221,245,188,216
1,<environment.Job instance at 0x7f6202c29a00>,28,25,[ 1 11],35,245,270,210,241
1,<environment.Job instance at 0x7f620291dcd0>,29,16,[ 2 13],37,270,286,233,257
1,<environment.Job instance at 0x7f62024965a0>,1,16,[14  2],2,5,21,3,5
1,<environment.Job instance at 0x7f61bc9cbf50>,2,15,[5 8],3,21,36,18,8
1,<environment.Job instance at 0x7f61bc852280>,5,14,[ 4 10],7,36,50,29,26
1,<environment.Job instance at 0x7f61bc9f8be0>,7,12,[11  1],10,36,48,26,26
1,<environment.Job instance at 0x7f61bc9f8280>,6,20,[ 5 11],9,50,70,41,43
1,<environment.Job instance at 0x7f61bc9f8780>,9,25,[ 1 12],13,70,95,57,67
1,<environment.Job instance at 0x7f61bc9f8410>,8,17,[12  1],12,70,87,58,67
1,<environment.Job instance at 0x7f620230d140>,3,27,[10  3],5,90,117,85,90
1,<environment.Job instance at 0x7f6202496230>,0,17,[12  3],1,117,134,116,105
1,<environment.Job instance at 0x7f61bc1674b0>,15,25,[ 2 13],20,134,159,114,130
1,<environment.Job instance at 0x7f61bc1671e0>,16,22,[ 4 14],21,159,181,138,152
1,<environment.Job instance at 0x7f61bc167320>,17,23,[11  2],23,181,204,158,175
1,<environment.Job instance at 0x7f61bc167eb0>,19,24,[ 2 11],25,181,205,156,176
1,<environment.Job instance at 0x7f61bc167d70>,20,28,[3 5],27,205,233,178,204
1,<environment.Job instance at 0x7f61bc167190>,14,12,[ 5 13],19,233,245,214,221
1,<environment.Job instance at 0x7f61bc167910>,23,13,[1 9],32,245,258,213,232
1,<environment.Job instance at 0x7f620230d280>,4,23,[14  4],6,245,268,239,239
1,<environment.Job instance at 0x7f61bc167cd0>,25,16,[2 9],36,268,284,232,264
1,<environment.Job instance at 0x7f61bc9f8eb0>,10,28,[13  5],14,268,296,254,267
1,<environment.Job instance at 0x7f61bc167c30>,1,14,[ 4 13],2,2,16,0,2
1,<environment.Job instance at 0x7f620230dc30>,2,21,[ 3 14],3,16,37,13,8
1,<environment.Job instance at 0x7f6202a8d3c0>,5,23,[10  5],10,37,60,27,31
1,<environment.Job instance at 0x7f61bc1d4280>,9,19,[ 5 12],14,60,79,46,50
1,<environment.Job instance at 0x7f61bc1d46e0>,10,27,[2 8],15,79,106,64,77
1,<environment.Job instance at 0x7f62021e8730>,4,28,[5 6],8,79,107,71,79
1,<environment.Job instance at 0x7f61bc229460>,11,24,[9 1],17,106,130,89,101
1,<environment.Job instance at 0x7f61bc1c9a00>,12,14,[ 5 12],19,107,121,88,104
1,<environment.Job instance at 0x7f6202149cd0>,17,21,[6 4],28,121,142,93,113
1,<environment.Job instance at 0x7f6202149910>,19,22,[12  5],30,142,164,112,135
1,<environment.Job instance at 0x7f6202149640>,20,27,[3 7],31,135,162,104,135
1,<environment.Job instance at 0x7f61bc936870>,21,25,[7 4],32,164,189,132,160
1,<environment.Job instance at 0x7f61bc936cd0>,22,22,[ 5 12],34,189,211,155,182
1,<environment.Job instance at 0x7f6201f69230>,23,27,[9 5],35,211,238,176,209
1,<environment.Job instance at 0x7f6201f69550>,24,26,[12  4],36,238,264,202,235
1,<environment.Job instance at 0x7f6201f69c30>,29,18,[ 3 12],41,264,282,223,253
1,<environment.Job instance at 0x7f6201f69c80>,30,12,[11  1],42,264,276,222,255
1,<environment.Job instance at 0x7f61bc200190>,1,19,[1 9],3,3,22,0,3
1,<environment.Job instance at 0x7f6201f69af0>,2,28,[13  3],4,4,32,0,4
1,<environment.Job instance at 0x7f61bc81f230>,3,13,[13  2],6,32,45,26,26
1,<environment.Job instance at 0x7f6202506730>,9,25,[12  5],16,45,70,29,41
1,<environment.Job instance at 0x7f61bc655370>,10,27,[13  2],18,70,97,52,68
1,<environment.Job instance at 0x7f62025060f0>,13,23,[1 8],21,82,105,61,82
1,<environment.Job instance at 0x7f6202506550>,14,12,[ 2 11],22,105,117,83,91
1,<environment.Job instance at 0x7f6201f8d5a0>,5,25,[8 4],8,97,122,89,95
1,<environment.Job instance at 0x7f6202506cd0>,15,18,[ 4 12],23,122,140,99,111
1,<environment.Job instance at 0x7f6202a71f50>,18,22,[ 3 13],31,140,162,109,133
1,<environment.Job instance at 0x7f61bc89ebe0>,19,19,[3 9],33,162,181,129,152
1,<environment.Job instance at 0x7f61bc821190>,21,26,[13  1],38,181,207,143,178
1,<environment.Job instance at 0x7f61bc8805f0>,8,21,[ 5 14],15,207,228,192,201
1,<environment.Job instance at 0x7f6201ffed70>,26,14,[5 3],44,228,242,184,213
1,<environment.Job instance at 0x7f61bc24ce10>,6,21,[ 3 14],12,242,263,230,238
1,<environment.Job instance at 0x7f6201ffe280>,25,18,[12  3],43,263,281,220,261
1,<environment.Job instance at 0x7f6202a71460>,16,16,[14  3],29,281,297,252,272
1,<environment.Job instance at 0x7f6202862f00>,2,21,[5 5],4,4,25,0,4
1,<environment.Job instance at 0x7f61bca0c410>,3,12,[ 5 12],5,25,37,20,10
1,<environment.Job instance at 0x7f61bca0c5f0>,6,28,[5 9],12,37,65,25,36
1,<environment.Job instance at 0x7f61bc14d0a0>,12,12,[12  3],20,65,77,45,48
1,<environment.Job instance at 0x7f61bc14db40>,13,19,[ 5 12],22,77,96,55,67
1,<environment.Job instance at 0x7f61bc14d780>,14,19,[ 2 13],24,96,115,72,86
1,<environment.Job instance at 0x7f61bc14d5a0>,15,17,[ 4 12],26,115,132,89,107
1,<environment.Job instance at 0x7f61bc4d5a00>,16,27,[ 3 12],27,132,159,105,130
1,<environment.Job instance at 0x7f61bc4d5e60>,19,17,[ 2 11],31,159,176,128,151
1,<environment.Job instance at 0x7f61bc4d5500>,20,22,[5 5],32,176,198,144,169
1,<environment.Job instance at 0x7f61bc4d5870>,22,24,[4 6],35,176,200,141,171
1,<environment.Job instance at 0x7f61bc4d5320>,23,21,[ 3 11],36,200,221,164,192
1,<environment.Job instance at 0x7f61bc14db90>,7,12,[13  4],13,221,233,208,208
1,<environment.Job instance at 0x7f61bca0ce60>,5,27,[ 2 11],10,221,248,211,219
1,<environment.Job instance at 0x7f61bc4d5af0>,27,16,[8 1],41,233,249,192,233
1,<environment.Job instance at 0x7f61bc14ddc0>,11,24,[ 1 12],17,248,272,231,243
1,<environment.Job instance at 0x7f61bc4d5e10>,25,13,[13  2],38,249,262,211,244
1,<environment.Job instance at 0x7f61bc4d5640>,26,15,[12  1],40,262,277,222,250
1,<environment.Job instance at 0x7f61bc4d57d0>,31,22,[ 3 14],48,272,294,224,265
1,<environment.Job instance at 0x7f6202862c80>,2,18,[11  3],5,7,25,2,7
1,<environment.Job instance at 0x7f6202862cd0>,0,15,[12  5],2,25,40,23,11
1,<environment.Job instance at 0x7f61bc1e7af0>,7,21,[5 5],13,40,61,27,32
1,<environment.Job instance at 0x7f6202443af0>,9,24,[5 8],15,40,64,25,35
1,<environment.Job instance at 0x7f6202443640>,10,16,[ 1 12],18,64,80,46,51
1,<environment.Job instance at 0x7f61bc864aa0>,11,13,[14  1],20,64,77,44,54
1,<environment.Job instance at 0x7f6202443910>,12,18,[14  3],21,77,95,56,66
1,<environment.Job instance at 0x7f6202443cd0>,13,20,[4 9],22,95,115,73,86
1,<environment.Job instance at 0x7f6202443a50>,14,25,[4 9],25,115,140,90,111
1,<environment.Job instance at 0x7f6202443230>,15,12,[ 1 12],27,140,152,113,123
1,<environment.Job instance at 0x7f61bc89e960>,17,19,[ 2 11],30,152,171,122,142
1,<environment.Job instance at 0x7f6202e16af0>,18,21,[7 2],31,142,163,111,142
1,<environment.Job instance at 0x7f61bc856550>,19,22,[ 2 10],34,171,193,137,164
1,<environment.Job instance at 0x7f62020ccd20>,20,19,[11  2],36,164,183,128,164
1,<environment.Job instance at 0x7f62020cc2d0>,21,17,[ 4 12],37,193,210,156,181
1,<environment.Job instance at 0x7f62020e1f50>,23,23,[3 9],41,210,233,169,204
1,<environment.Job instance at 0x7f61bca4ce60>,24,19,[8 1],42,204,223,162,204
1,<environment.Job instance at 0x7f62020e1c30>,25,19,[ 2 12],43,233,252,190,223
1,<environment.Job instance at 0x7f62021d7a50>,28,17,[ 1 11],46,252,269,206,240
1,<environment.Job instance at 0x7f61bc5e2eb0>,29,27,[7 5],47,269,296,222,267
1,<environment.Job instance at 0x7f620747faa0>,30,21,[ 5 10],49,269,290,220,267
1,<environment.Job instance at 0x7fd300a995a0>,5,19,[ 1 13],11,11,30,0,11
1,<environment.Job instance at 0x7fd300a99690>,7,17,[12  5],14,30,47,16,18
1,<environment.Job instance at 0x7fd300a99730>,11,15,[2 8],19,30,45,11,19
1,<environment.Job instance at 0x7fd300a99b40>,13,24,[ 3 11],21,47,71,26,42
1,<environment.Job instance at 0x7fd300a99820>,14,20,[3 5],22,71,91,49,62
1,<environment.Job instance at 0x7fd300a99b90>,15,12,[13  3],24,91,103,67,74
1,<environment.Job instance at 0x7fd300a99960>,16,20,[9 3],25,103,123,78,94
1,<environment.Job instance at 0x7fd300a99e60>,19,21,[13  5],28,123,144,95,115
1,<environment.Job instance at 0x7fd300a99f50>,20,22,[14  2],29,144,166,115,137
1,<environment.Job instance at 0x7fd300a99eb0>,21,25,[ 4 12],30,166,191,136,162
1,<environment.Job instance at 0x7fd300a9d0a0>,23,20,[ 5 12],33,191,211,158,182
1,<environment.Job instance at 0x7fd300a9d320>,25,22,[ 2 13],37,211,233,174,204
1,<environment.Job instance at 0x7fd300a9d370>,26,20,[12  4],39,233,253,194,224
1,<environment.Job instance at 0x7fd300a9d460>,27,22,[ 5 14],40,253,275,213,246
1,<environment.Job instance at 0x7fd300a9d550>,29,23,[5 5],43,275,298,232,269
1,<environment.Job instance at 0x7fd307ea9230>,0,28,[7 2],3,3,31,0,3
1,<environment.Job instance at 0x7fd300a9d6e0>,1,28,[7 1],4,4,32,0,4
1,<environment.Job instance at 0x7fd300a9d5f0>,2,18,[ 3 12],13,31,49,18,20
1,<environment.Job instance at 0x7fd30801c2d0>,8,25,[4 6],21,49,74,28,45
1,<environment.Job instance at 0x7fd307ed1cd0>,11,13,[ 4 12],27,74,87,47,58
1,<environment.Job instance at 0x7fd30801c820>,4,28,[11  3],16,63,91,47,63
1,<environment.Job instance at 0x7fd307ed12d0>,14,13,[ 3 13],30,91,104,61,75
1,<environment.Job instance at 0x7fd307ed1280>,16,23,[11  2],32,91,114,59,85
1,<environment.Job instance at 0x7fd307ed1460>,18,22,[ 2 10],35,104,126,69,97
1,<environment.Job instance at 0x7fd307ed1410>,19,15,[12  2],36,114,129,78,101
1,<environment.Job instance at 0x7fd307ed11e0>,20,18,[11  1],37,129,147,92,118
1,<environment.Job instance at 0x7fd307ed1d70>,22,22,[6 4],39,147,169,108,140
1,<environment.Job instance at 0x7fd30801ceb0>,9,26,[4 9],22,140,166,118,140
1,<environment.Job instance at 0x7fd307ed15f0>,26,19,[ 5 14],45,169,188,124,159
1,<environment.Job instance at 0x7fd307ed1c30>,27,20,[5 3],47,188,208,141,179
1,<environment.Job instance at 0x7fd308019370>,29,25,[ 3 11],50,188,213,138,184
1,<environment.Job instance at 0x7fd308019f50>,30,27,[13  4],51,213,240,162,211
1,<environment.Job instance at 0x7fd308019d20>,32,28,[ 4 14],55,240,268,185,239
1,<environment.Job instance at 0x7fd308019280>,33,24,[ 4 14],56,268,292,212,263
1,<environment.Job instance at 0x7fd30801ecd0>,0,21,[10  4],1,1,22,0,1
1,<environment.Job instance at 0x7fd307f307d0>,1,24,[ 1 13],2,22,46,20,17
1,<environment.Job instance at 0x7fd2bcdd68c0>,6,24,[2 7],8,46,70,38,41
1,<environment.Job instance at 0x7fd2bcdd6c80>,8,25,[5 3],10,46,71,36,42
1,<environment.Job instance at 0x7fd2bcde3690>,10,26,[7 1],13,45,71,32,45
1,<environment.Job instance at 0x7fd2bcde35a0>,9,13,[11  3],12,71,84,59,59
1,<environment.Job instance at 0x7fd2bcde3d20>,12,15,[ 1 13],15,84,99,69,71
1,<environment.Job instance at 0x7fd308019280>,2,16,[7 2],4,84,100,80,78
1,<environment.Job instance at 0x7fd2bcde31e0>,11,18,[12  1],14,100,118,86,89
1,<environment.Job instance at 0x7fd2bcde3280>,17,16,[ 2 12],23,99,115,76,92
1,<environment.Job instance at 0x7fd2bcde35f0>,18,28,[ 3 13],24,115,143,91,114
1,<environment.Job instance at 0x7fd2bcde3230>,19,15,[7 5],25,143,158,118,129
1,<environment.Job instance at 0x7fd2bcde3be0>,20,18,[ 1 11],28,158,176,130,148
1,<environment.Job instance at 0x7fd2bcde3f00>,13,23,[11  3],16,158,181,142,156
1,<environment.Job instance at 0x7fd2bcde3190>,21,16,[ 4 13],29,181,197,152,169
1,<environment.Job instance at 0x7fd2bcde37d0>,22,14,[13  4],31,197,211,166,182
1,<environment.Job instance at 0x7fd2bce47be0>,23,14,[13  5],32,211,225,179,204
1,<environment.Job instance at 0x7fd2bce47e10>,26,17,[12  2],36,225,242,189,213
1,<environment.Job instance at 0x7fd2bcde3aa0>,24,18,[11  1],34,242,260,208,233
1,<environment.Job instance at 0x7fd2bce47d20>,28,17,[ 5 14],39,260,277,221,248
1,<environment.Job instance at 0x7fd2bce47b90>,29,16,[14  2],40,277,293,237,266
1,<environment.Job instance at 0x7fd2bce6f500>,0,23,[12  5],1,1,24,0,1
1,<environment.Job instance at 0x7fd2bcdefaa0>,7,28,[11  2],9,24,52,15,23
1,<environment.Job instance at 0x7fd2bd15e780>,8,26,[6 2],10,52,78,42,49
1,<environment.Job instance at 0x7fd2bce9d3c0>,4,18,[7 2],6,52,70,46,51
1,<environment.Job instance at 0x7fd2bd15e370>,10,16,[12  4],12,78,94,66,66
1,<environment.Job instance at 0x7fd2bcde3a00>,15,28,[ 4 12],18,94,122,76,93
1,<environment.Job instance at 0x7fd2bcde3780>,16,23,[ 4 13],21,122,145,101,116
1,<environment.Job instance at 0x7fd2bcde3370>,17,20,[10  5],22,145,165,123,136
1,<environment.Job instance at 0x7fd2bcde3640>,19,18,[ 4 14],24,165,183,141,154
1,<environment.Job instance at 0x7fd2bcde36e0>,20,12,[13  4],25,183,195,158,166
1,<environment.Job instance at 0x7fd2bcde34b0>,21,22,[9 1],26,195,217,169,188
1,<environment.Job instance at 0x7fd2bd15eeb0>,12,26,[ 3 13],14,195,221,181,194
1,<environment.Job instance at 0x7fd2bd0e71e0>,24,24,[11  1],32,217,241,185,212
1,<environment.Job instance at 0x7fd2bd0e74b0>,28,19,[3 9],37,221,240,184,220
1,<environment.Job instance at 0x7fd2bd0e7e60>,29,23,[9 2],39,241,264,202,235
1,<environment.Job instance at 0x7fd2bd0e7be0>,30,28,[11  2],40,264,292,224,263
1,<environment.Job instance at 0x7fd2bcd01f50>,0,27,[ 5 10],1,1,28,0,1
1,<environment.Job instance at 0x7fd2bcdefaf0>,2,28,[ 1 12],3,28,56,25,27
1,<environment.Job instance at 0x7fd2bce53910>,7,24,[5 3],10,27,51,17,27
1,<environment.Job instance at 0x7fd2bce9da00>,8,27,[6 5],12,56,83,44,54
1,<environment.Job instance at 0x7fd2bd3d2dc0>,12,14,[9 2],17,59,73,42,59
1,<environment.Job instance at 0x7fd2bcd3f2d0>,13,17,[2 8],19,73,90,54,64
1,<environment.Job instance at 0x7fd2bce9d320>,4,17,[12  1],6,83,100,77,73
1,<environment.Job instance at 0x7fd2bd15db40>,15,17,[ 3 14],23,90,107,67,78
1,<environment.Job instance at 0x7fd2bd154870>,11,18,[13  3],15,107,125,92,96
1,<environment.Job instance at 0x7fd2bccfb6e0>,17,20,[12  3],26,125,145,99,116
1,<environment.Job instance at 0x7fd300d72870>,14,23,[ 2 12],21,123,146,102,123
1,<environment.Job instance at 0x7fd30109eeb0>,18,23,[5 4],28,146,169,118,140
1,<environment.Job instance at 0x7fd2bd19afa0>,20,27,[13  3],30,169,196,139,167
1,<environment.Job instance at 0x7fd2bccfbe10>,16,12,[ 4 13],24,196,208,172,179
1,<environment.Job instance at 0x7fd2bd19af00>,23,24,[9 2],34,196,220,162,191
1,<environment.Job instance at 0x7fd2bcca1140>,24,17,[2 8],37,208,225,171,196
1,<environment.Job instance at 0x7fd2bce53410>,6,12,[ 4 13],8,225,237,217,216
1,<environment.Job instance at 0x7fd30109e500>,19,19,[14  3],29,237,256,208,227
1,<environment.Job instance at 0x7fd2bcca1280>,25,27,[ 1 10],38,237,264,199,235
1,<environment.Job instance at 0x7fd2bcca15f0>,29,24,[2 6],43,264,288,221,260
1,<environment.Job instance at 0x7fd2bd3d2640>,1,27,[12  3],2,3,30,1,3
1,<environment.Job instance at 0x7fd2bcca15f0>,4,25,[12  4],5,30,55,25,28
1,<environment.Job instance at 0x7fd2bd3d24b0>,0,14,[12  5],1,55,69,54,41
1,<environment.Job instance at 0x7fd2bd14f0a0>,8,26,[3 6],12,41,67,29,41
1,<environment.Job instance at 0x7fd2bd14f4b0>,9,13,[ 4 13],14,69,82,55,63
1,<environment.Job instance at 0x7fd2bd14fd70>,10,21,[ 1 12],15,82,103,67,74
1,<environment.Job instance at 0x7fd2bd14f6e0>,11,20,[3 8],16,103,123,87,94
1,<environment.Job instance at 0x7fd2bd14faf0>,12,21,[5 7],19,103,124,84,95
1,<environment.Job instance at 0x7fd2bd14fc30>,13,18,[ 1 13],20,124,142,104,113
1,<environment.Job instance at 0x7fd2bd14f230>,14,12,[ 5 14],21,142,154,121,128
1,<environment.Job instance at 0x7fd2bd14fa50>,15,23,[5 4],23,154,177,131,148
1,<environment.Job instance at 0x7fd300feaeb0>,16,25,[2 7],24,154,179,130,150
1,<environment.Job instance at 0x7fd300fea320>,17,20,[14  3],25,179,199,154,170
1,<environment.Job instance at 0x7fd300fea3c0>,18,25,[7 5],26,199,224,173,195
1,<environment.Job instance at 0x7fd300fead20>,19,21,[7 5],27,199,220,172,197
1,<environment.Job instance at 0x7fd300975e60>,20,28,[ 2 13],28,224,252,196,223
1,<environment.Job instance at 0x7fd300e549b0>,21,14,[ 1 13],29,252,266,223,237
1,<environment.Job instance at 0x7fd300975fa0>,22,23,[11  4],30,266,289,236,260
1,<environment.Job instance at 0x7fd2bd14f8c0>,0,26,[ 4 14],2,2,28,0,2
1,<environment.Job instance at 0x7fd3009754b0>,1,25,[2 7],3,28,53,25,24
1,<environment.Job instance at 0x7fd2bcd545f0>,5,17,[5 5],7,28,45,21,25
1,<environment.Job instance at 0x7fd2bd0ad780>,3,15,[6 1],5,27,42,22,27
1,<environment.Job instance at 0x7fd300975fa0>,2,18,[1 6],4,45,63,41,37
1,<environment.Job instance at 0x7fd301621d70>,8,16,[14  4],10,53,69,43,42
1,<environment.Job instance at 0x7fd3010be730>,13,15,[ 2 12],17,69,84,52,55
1,<environment.Job instance at 0x7fd30121b550>,12,27,[12  5],16,95,122,79,95
1,<environment.Job instance at 0x7fd300d556e0>,11,27,[11  5],14,123,150,109,123
1,<environment.Job instance at 0x7fd2bcd234b0>,17,18,[ 3 14],24,150,168,126,144
1,<environment.Job instance at 0x7fd2bd2740f0>,18,26,[ 2 13],25,168,194,143,165
1,<environment.Job instance at 0x7fd2bd06d730>,19,25,[11  3],26,194,219,168,191
1,<environment.Job instance at 0x7fd2bcf18960>,0,17,[ 2 12],2,2,19,0,2
1,<environment.Job instance at 0x7fd2bd06d730>,1,24,[4 9],4,19,43,15,14
1,<environment.Job instance at 0x7fd300975dc0>,6,20,[9 4],10,19,39,9,14
1,<environment.Job instance at 0x7fd30159f780>,9,19,[ 5 11],13,43,62,30,33
1,<environment.Job instance at 0x7fd300afdf50>,10,25,[13  3],15,62,87,47,58
1,<environment.Job instance at 0x7fd300e5b5a0>,12,21,[13  5],17,87,108,70,79
1,<environment.Job instance at 0x7fd2bd18ccd0>,14,25,[9 4],20,108,133,88,104
1,<environment.Job instance at 0x7fd2bd18c910>,15,20,[7 5],21,133,153,112,124
1,<environment.Job instance at 0x7fd2bd18c7d0>,16,14,[11  4],22,153,167,131,140
1,<environment.Job instance at 0x7fd2bd18ceb0>,17,12,[12  1],24,167,179,143,150
1,<environment.Job instance at 0x7fd30113a140>,18,28,[ 1 13],25,167,195,142,166
1,<environment.Job instance at 0x7fd30113a3c0>,19,19,[ 5 14],26,195,214,169,185
1,<environment.Job instance at 0x7fd30113a0a0>,20,12,[10  1],27,185,197,158,185
1,<environment.Job instance at 0x7fd30113a820>,22,20,[ 4 14],29,214,234,185,205
1,<environment.Job instance at 0x7fd30113ad20>,23,18,[13  1],31,234,252,203,223
1,<environment.Job instance at 0x7fd30113a690>,24,24,[ 4 12],33,252,276,219,247
1,<environment.Job instance at 0x7fd30113a4b0>,25,24,[14  5],34,276,300,242,271
1,<environment.Job instance at 0x7fd30159f910>,0,23,[5 2],1,1,24,0,1
1,<environment.Job instance at 0x7fd2bd2f8550>,3,25,[9 3],6,6,31,0,6
1,<environment.Job instance at 0x7fd2bd2f8230>,5,25,[8 1],9,31,56,22,27
1,<environment.Job instance at 0x7fd2bd2f8370>,10,24,[ 5 11],17,27,51,10,27
1,<environment.Job instance at 0x7fd300a515f0>,13,22,[ 4 13],21,51,73,30,44
1,<environment.Job instance at 0x7fd300a51500>,14,18,[13  4],22,73,91,51,62
1,<environment.Job instance at 0x7fd300a51230>,15,20,[11  3],23,91,111,68,82
1,<environment.Job instance at 0x7fd300a51e10>,16,23,[13  2],24,111,134,87,105
1,<environment.Job instance at 0x7fd300a51eb0>,18,24,[3 9],26,134,158,108,129
1,<environment.Job instance at 0x7fd300a51780>,19,20,[5 7],27,158,178,131,149
1,<environment.Job instance at 0x7fd2bd2f8c80>,7,13,[ 2 14],11,178,191,167,170
1,<environment.Job instance at 0x7fd300a51730>,21,27,[11  2],29,191,218,162,189
1,<environment.Job instance at 0x7fd2bd2f8e60>,6,12,[6 1],10,218,230,208,205
1,<environment.Job instance at 0x7fd2bd22ee10>,22,16,[6 2],32,218,234,186,205
1,<environment.Job instance at 0x7fd2bd22e4b0>,24,26,[ 5 13],34,230,256,196,227
1,<environment.Job instance at 0x7fd2bd22ea50>,25,13,[5 6],35,256,269,221,250
1,<environment.Job instance at 0x7fd300d37aa0>,26,14,[ 1 14],37,269,283,232,260
1,<environment.Job instance at 0x7fd300bc92d0>,20,23,[14  1],28,269,292,241,264
1,<environment.Job instance at 0x7fd3008f9af0>,0,28,[9 2],1,1,29,0,1
1,<environment.Job instance at 0x7fd3008f99b0>,3,22,[ 2 10],6,6,28,0,6
1,<environment.Job instance at 0x7fd2bd108320>,4,21,[13  4],7,29,50,22,21
1,<environment.Job instance at 0x7fd301346550>,8,14,[ 3 14],13,50,64,37,38
1,<environment.Job instance at 0x7fd300a8a910>,10,28,[ 1 10],15,64,92,49,63
1,<environment.Job instance at 0x7fd300a8ad70>,12,13,[11  2],19,64,77,45,64
1,<environment.Job instance at 0x7fd300f94190>,13,13,[13  4],21,77,90,56,69
1,<environment.Job instance at 0x7fd2bd10a780>,14,24,[5 2],22,90,114,68,85
1,<environment.Job instance at 0x7fd2bd337960>,15,28,[12  3],25,114,142,89,113
1,<environment.Job instance at 0x7fd2bd10a550>,16,13,[ 5 12],26,142,155,116,133
1,<environment.Job instance at 0x7fd2bd10aa50>,18,26,[ 1 14],29,155,181,126,152
1,<environment.Job instance at 0x7fd2bd10abe0>,19,28,[6 4],31,181,209,150,180
1,<environment.Job instance at 0x7fd300dcae10>,20,25,[5 1],32,186,211,154,186
1,<environment.Job instance at 0x7fd30163c2d0>,9,22,[11  1],14,211,233,197,204
1,<environment.Job instance at 0x7fd300dca3c0>,21,23,[13  4],34,233,256,199,227
1,<environment.Job instance at 0x7fd300dca320>,22,17,[2 7],37,228,245,191,228
1,<environment.Job instance at 0x7fd30159fd20>,6,12,[13  4],9,256,268,247,243
1,<environment.Job instance at 0x7fd300f94d20>,0,22,[11  1],2,2,24,0,2
1,<environment.Job instance at 0x7fd2bcceec30>,1,18,[ 3 14],3,3,21,0,3
1,<environment.Job instance at 0x7fd30159fd20>,8,27,[12  3],15,24,51,9,22
1,<environment.Job instance at 0x7fd30159f730>,10,19,[13  4],17,51,70,34,41
1,<environment.Job instance at 0x7fd300894280>,4,21,[8 4],8,70,91,62,64
1,<environment.Job instance at 0x7fd2bd335f00>,13,25,[ 4 11],20,70,95,50,69
1,<environment.Job instance at 0x7fd2bd3741e0>,12,16,[ 5 13],19,95,111,76,84
1,<environment.Job instance at 0x7fd3015c7e10>,5,23,[12  2],9,111,134,102,105
1,<environment.Job instance at 0x7fd300ed2a00>,17,23,[ 3 13],24,111,134,87,105
1,<environment.Job instance at 0x7fd300ed2f50>,16,26,[ 1 11],23,134,160,111,131
1,<environment.Job instance at 0x7fd300c24640>,6,26,[13  2],10,134,160,124,134
1,<environment.Job instance at 0x7fd300ef1230>,19,20,[11  5],26,160,180,134,151
1,<environment.Job instance at 0x7fd300ef1410>,21,17,[12  2],31,180,197,149,168
1,<environment.Job instance at 0x7fd300ef15f0>,25,13,[12  3],38,197,210,159,181
1,<environment.Job instance at 0x7fd300ef17d0>,27,16,[ 2 14],40,210,226,170,197
1,<environment.Job instance at 0x7fd300ef1870>,28,27,[10  1],41,210,237,169,208
1,<environment.Job instance at 0x7fd300ef1550>,22,12,[ 4 11],32,226,238,194,209
1,<environment.Job instance at 0x7fd300ef1b40>,32,24,[ 1 10],49,238,262,189,233
1,<environment.Job instance at 0x7fd300ef1d20>,33,21,[ 1 10],50,262,283,212,254
1,<environment.Job instance at 0x7fd300ef1be0>,31,21,[4 5],48,255,276,207,255
1,<environment.Job instance at 0x7fd300ef19b0>,1,24,[14  3],2,3,27,1,3
1,<environment.Job instance at 0x7fd2bd374fa0>,5,14,[12  2],6,27,41,21,12
1,<environment.Job instance at 0x7fd300bbce60>,9,25,[7 3],13,41,66,28,37
1,<environment.Job instance at 0x7fd300bbcb90>,8,20,[ 1 11],11,38,58,27,38
1,<environment.Job instance at 0x7fd30174d780>,4,21,[14  2],5,66,87,61,58
1,<environment.Job instance at 0x7fd300bbc910>,15,21,[3 6],20,87,108,67,79
1,<environment.Job instance at 0x7fd300bbcd20>,10,17,[12  5],14,87,104,73,81
1,<environment.Job instance at 0x7fd300bbc730>,13,25,[6 5],18,104,129,86,101
1,<environment.Job instance at 0x7fd300bbc050>,18,24,[9 3],23,108,132,85,103
1,<environment.Job instance at 0x7fd300bbccd0>,16,17,[ 5 13],21,132,149,111,121
1,<environment.Job instance at 0x7fd300bbc370>,21,12,[ 4 11],29,149,161,120,135
1,<environment.Job instance at 0x7fd300bbcfa0>,20,18,[1 6],26,161,179,135,150
1,<environment.Job instance at 0x7fd300bbc960>,24,21,[11  2],32,152,173,120,152
1,<environment.Job instance at 0x7fd300bbcb40>,19,21,[13  1],24,173,194,149,167
1,<environment.Job instance at 0x7fd300bbc8c0>,26,15,[ 1 11],35,179,194,144,173
1,<environment.Job instance at 0x7fd300bbce10>,23,23,[ 4 10],31,194,217,163,188
1,<environment.Job instance at 0x7fd300bbc820>,6,22,[1 9],7,217,239,210,210
1,<environment.Job instance at 0x7fd2bd422e60>,29,15,[ 1 14],40,239,254,199,227
1,<environment.Job instance at 0x7fd300959d20>,30,16,[ 4 14],42,254,270,212,243
1,<environment.Job instance at 0x7fd300959140>,33,15,[1 6],51,270,285,219,256
1,<environment.Job instance at 0x7fd300959be0>,1,22,[7 5],2,2,24,0,2
1,<environment.Job instance at 0x7fd2ec905b40>,2,12,[11  2],3,24,36,21,10
1,<environment.Job instance at 0x7fd3013ed280>,6,22,[ 4 10],11,17,39,6,17
1,<environment.Job instance at 0x7fd3013ed780>,9,26,[5 6],14,39,65,25,36
1,<environment.Job instance at 0x7fd3015a6690>,4,16,[7 4],8,36,52,28,36
1,<environment.Job instance at 0x7fd3013ed960>,10,12,[11  3],15,65,77,50,48
1,<environment.Job instance at 0x7fd3013ed2d0>,12,13,[11  3],17,77,90,60,61
1,<environment.Job instance at 0x7fd3013edeb0>,14,20,[7 3],19,90,110,71,81
1,<environment.Job instance at 0x7fd3010769b0>,15,12,[ 3 12],20,82,94,62,82
1,<environment.Job instance at 0x7fd301076d70>,16,16,[ 2 11],21,94,110,73,91
1,<environment.Job instance at 0x7fd3013edc30>,11,17,[ 5 13],16,110,127,94,98
1,<environment.Job instance at 0x7fd3013ed230>,7,21,[13  5],12,127,148,115,123
1,<environment.Job instance at 0x7fd300bba0a0>,21,20,[ 3 11],27,148,168,121,144
1,<environment.Job instance at 0x7fd301076e10>,18,25,[ 2 14],23,170,195,147,170
1,<environment.Job instance at 0x7fd300bba910>,25,17,[14  1],34,195,212,161,189
1,<environment.Job instance at 0x7fd300e9dbe0>,5,19,[11  1],10,212,231,202,205
1,<environment.Job instance at 0x7fd300bbae60>,24,25,[ 3 11],33,212,237,179,208
1,<environment.Job instance at 0x7fd300bba640>,28,17,[11  5],37,237,254,200,229
1,<environment.Job instance at 0x7fd300bbab90>,26,21,[ 5 13],35,254,275,219,247
1,<environment.Job instance at 0x7fd300bbafa0>,27,16,[ 3 14],36,275,291,239,264
1,<environment.Job instance at 0x7fd3013ed050>,0,15,[12  1],4,5,20,1,5
1,<environment.Job instance at 0x7fd300bba050>,2,27,[7 1],6,20,47,14,18
1,<environment.Job instance at 0x7fd300bbadc0>,1,13,[ 1 13],5,18,31,13,18
1,<environment.Job instance at 0x7fd300dec960>,6,12,[13  1],11,47,59,36,30
1,<environment.Job instance at 0x7fd300e9dc30>,9,27,[8 1],18,59,86,41,57
1,<environment.Job instance at 0x7fd301728c30>,10,26,[3 7],20,59,85,39,57
1,<environment.Job instance at 0x7fd3008d39b0>,12,21,[2 7],23,57,78,34,57
1,<environment.Job instance at 0x7fd2bce405a0>,13,19,[7 1],25,85,104,60,75
1,<environment.Job instance at 0x7fd2bce40e10>,14,18,[12  4],26,104,122,78,93
1,<environment.Job instance at 0x7fd3008dbbe0>,15,21,[1 6],27,93,114,66,93
1,<environment.Job instance at 0x7fd3009a9c80>,18,16,[1 9],31,114,130,83,101
1,<environment.Job instance at 0x7fd2bd2360f0>,20,15,[14  3],33,122,137,89,108
1,<environment.Job instance at 0x7fd2bd236a00>,21,12,[12  3],34,137,149,103,120
1,<environment.Job instance at 0x7fd3014be460>,22,28,[5 4],36,149,177,113,148
1,<environment.Job instance at 0x7fd2bd236870>,23,19,[5 4],38,149,168,111,148
1,<environment.Job instance at 0x7fd2bd236820>,24,22,[12  5],39,177,199,138,170
1,<environment.Job instance at 0x7fd2bd2366e0>,25,26,[ 3 14],40,199,225,159,196
1,<environment.Job instance at 0x7fd2bd236b40>,26,23,[13  3],41,225,248,184,219
1,<environment.Job instance at 0x7fd2bd25d140>,27,14,[12  3],42,248,262,206,233
1,<environment.Job instance at 0x7fd2bd25d730>,28,12,[13  1],44,262,274,218,245
1,<environment.Job instance at 0x7fd2bd25d280>,29,27,[8 5],45,274,301,229,272
1,<environment.Job instance at 0x7fd301525e10>,0,17,[ 4 14],1,1,18,0,1
1,<environment.Job instance at 0x7fd30093bdc0>,1,26,[11  5],2,18,44,16,15
1,<environment.Job instance at 0x7fd2bd300d70>,3,17,[8 1],6,44,61,38,32
1,<environment.Job instance at 0x7fd2bd25d280>,2,20,[ 3 13],3,44,64,41,35
1,<environment.Job instance at 0x7fd2bcf6d9b0>,6,20,[14  4],11,64,84,53,55
1,<environment.Job instance at 0x7fd300b70320>,11,23,[6 2],23,84,107,61,78
1,<environment.Job instance at 0x7fd300f16460>,9,16,[5 5],20,84,100,64,79
1,<environment.Job instance at 0x7fd300b70c80>,14,28,[13  5],31,107,135,76,106
1,<environment.Job instance at 0x7fd300f3a280>,16,23,[5 5],34,135,158,101,129
1,<environment.Job instance at 0x7fd30157c460>,17,13,[14  5],36,158,171,122,142
1,<environment.Job instance at 0x7fd30157ca00>,20,12,[ 3 12],39,171,183,132,154
1,<environment.Job instance at 0x7fd30157caf0>,21,24,[9 2],40,171,195,131,166
1,<environment.Job instance at 0x7fd300f3a460>,15,14,[12  2],33,195,209,162,181
1,<environment.Job instance at 0x7fd30157c3c0>,23,16,[14  2],42,219,235,177,219
1,<environment.Job instance at 0x7fd30157c0f0>,18,18,[11  1],37,235,253,198,226
1,<environment.Job instance at 0x7fd2bce19320>,24,15,[5 8],43,253,268,210,241
1,<environment.Job instance at 0x7fd2bcea5be0>,28,20,[ 5 11],49,268,288,219,259
1,<environment.Job instance at 0x7fd2bcde8190>,3,23,[14  4],6,6,29,0,6
1,<environment.Job instance at 0x7fd300c442d0>,1,15,[13  1],2,29,44,27,17
1,<environment.Job instance at 0x7fd300f1faa0>,8,28,[1 6],14,20,48,6,20
1,<environment.Job instance at 0x7fd300f1f5f0>,10,24,[ 5 11],16,48,72,32,43
1,<environment.Job instance at 0x7fd2bca7e230>,11,13,[ 2 13],17,72,85,55,56
1,<environment.Job instance at 0x7fd2bca7ea00>,13,26,[4 9],20,85,111,65,82
1,<environment.Job instance at 0x7fd2bca80e10>,16,15,[ 1 13],23,111,126,88,97
1,<environment.Job instance at 0x7fd2bca80050>,17,18,[14  3],25,126,144,101,115
1,<environment.Job instance at 0x7fd2bca80280>,18,27,[13  2],26,144,171,118,142
1,<environment.Job instance at 0x7fd2bca80140>,19,15,[11  3],27,171,186,144,158
1,<environment.Job instance at 0x7fd2bca80370>,21,28,[7 2],29,186,214,157,185
1,<environment.Job instance at 0x7fd2bcb2ff00>,23,14,[ 4 13],32,188,202,156,188
1,<environment.Job instance at 0x7fd2bcb2faa0>,24,21,[ 3 14],33,214,235,181,206
1,<environment.Job instance at 0x7fd2bcb2f370>,26,28,[5 6],38,235,263,197,234
1,<environment.Job instance at 0x7fd2bcb2f6e0>,27,23,[10  5],40,241,264,201,241
1,<environment.Job instance at 0x7fd2bcb2f460>,28,16,[12  1],41,264,280,223,251
1,<environment.Job instance at 0x7fd2bca801e0>,0,28,[1 7],1,1,29,0,1
1,<environment.Job instance at 0x7fd300a76cd0>,1,20,[5 4],2,2,22,0,2
1,<environment.Job instance at 0x7fd2bcc29b40>,2,20,[5 8],3,22,42,19,13
1,<environment.Job instance at 0x7fd30157c780>,7,13,[ 1 14],10,42,55,32,26
1,<environment.Job instance at 0x7fd300f0b730>,4,25,[6 5],5,55,80,50,51
1,<environment.Job instance at 0x7fd307f327d0>,3,22,[7 5],4,55,77,51,51
1,<environment.Job instance at 0x7fd300f1fe10>,9,23,[5 1],12,77,100,65,71
1,<environment.Job instance at 0x7fd2bcad39b0>,12,12,[10  1],15,80,92,65,71
1,<environment.Job instance at 0x7fd300c44c30>,8,25,[14  3],11,100,125,89,96
1,<environment.Job instance at 0x7fd3015fceb0>,18,28,[13  3],24,125,153,101,124
1,<environment.Job instance at 0x7fd2bca8c230>,19,13,[13  2],26,153,166,127,137
1,<environment.Job instance at 0x7fd2bcf385a0>,20,26,[8 5],27,166,192,139,163
1,<environment.Job instance at 0x7fd2bcf380f0>,21,25,[8 4],28,192,217,164,188
1,<environment.Job instance at 0x7fd2bca7e2d0>,22,21,[ 3 14],32,217,238,185,209
1,<environment.Job instance at 0x7fd2bcb7d6e0>,23,26,[7 1],33,209,235,176,209
1,<environment.Job instance at 0x7fd2bcf38b90>,24,21,[ 5 14],35,238,259,203,230
1,<environment.Job instance at 0x7fd2bcb7d0a0>,25,25,[12  5],36,259,284,223,255
1,<environment.Job instance at 0x7fd2bcb9a4b0>,0,22,[11  2],2,2,24,0,2
1,<environment.Job instance at 0x7fd300a713c0>,3,23,[ 1 13],6,6,29,0,6
1,<environment.Job instance at 0x7fd2bca8c4b0>,4,22,[ 3 14],7,29,51,22,22
1,<environment.Job instance at 0x7fd300922190>,9,21,[5 5],14,51,72,37,43
1,<environment.Job instance at 0x7fd300922500>,10,12,[ 5 12],15,72,84,57,55
1,<environment.Job instance at 0x7fd30174e500>,13,28,[5 9],22,84,112,62,83
1,<environment.Job instance at 0x7fd30174e4b0>,14,12,[13  4],23,112,124,89,95
1,<environment.Job instance at 0x7fd3017ba3c0>,19,12,[12  3],30,124,136,94,107
1,<environment.Job instance at 0x7fd3017ba780>,21,19,[ 2 13],34,136,155,102,126
1,<environment.Job instance at 0x7fd3017baaa0>,22,17,[ 4 12],36,155,172,119,143
1,<environment.Job instance at 0x7fd2bd38f9b0>,23,27,[ 3 12],37,172,199,135,170
1,<environment.Job instance at 0x7fd301220500>,26,17,[ 2 11],41,199,216,158,187
1,<environment.Job instance at 0x7fd30152af00>,27,22,[5 5],42,216,238,174,209
1,<environment.Job instance at 0x7fd30161e690>,29,24,[4 6],45,216,240,171,211
1,<environment.Job instance at 0x7fd30161e4b0>,30,21,[ 3 11],46,240,261,194,232
1,<environment.Job instance at 0x7fd300a71c30>,6,13,[13  4],10,261,274,251,245
1,<environment.Job instance at 0x7fd3008f89b0>,32,13,[13  2],48,274,287,226,259
1,<environment.Job instance at 0x7fd3017ba870>,18,24,[ 1 12],27,274,298,247,269
1,<environment.Job instance at 0x7fd2bd3cc820>,1,20,[9 2],4,7,27,3,7
1,<environment.Job instance at 0x7fd2bd31caa0>,0,15,[12  5],2,27,42,25,18
1,<environment.Job instance at 0x7fd2bcade500>,6,14,[ 5 12],10,42,56,32,27
1,<environment.Job instance at 0x7fd300fc1e60>,8,21,[ 2 11],14,56,77,42,48
1,<environment.Job instance at 0x7fd300fc1f50>,9,24,[5 8],15,77,101,62,72
1,<environment.Job instance at 0x7fd300fc1230>,10,16,[ 1 12],18,101,117,83,88
1,<environment.Job instance at 0x7fd2ec28eb90>,11,13,[14  1],20,101,114,81,88
1,<environment.Job instance at 0x7fd2bd331230>,12,18,[14  3],21,114,132,93,103
1,<environment.Job instance at 0x7fd2bd331d20>,14,25,[4 9],25,132,157,107,128
1,<environment.Job instance at 0x7fd30178af50>,15,12,[ 1 12],27,157,169,130,140
1,<environment.Job instance at 0x7fd30178aaf0>,17,19,[ 2 11],30,169,188,139,159
1,<environment.Job instance at 0x7fd30178ac80>,18,21,[7 2],31,159,180,128,159
1,<environment.Job instance at 0x7fd30178a1e0>,19,22,[ 2 10],34,188,210,154,181
1,<environment.Job instance at 0x7fd2bcade9b0>,2,18,[11  3],5,181,199,176,181
1,<environment.Job instance at 0x7fd30178aa50>,20,19,[11  2],36,199,218,163,189
1,<environment.Job instance at 0x7fd30178a050>,23,23,[3 9],41,210,233,169,204
1,<environment.Job instance at 0x7fd30178a4b0>,25,19,[ 2 12],43,233,252,190,223
1,<environment.Job instance at 0x7fd3010e5190>,28,17,[ 1 11],46,252,269,206,240
1,<environment.Job instance at 0x7fd3010e5e10>,29,27,[7 5],47,269,296,222,267
1,<environment.Job instance at 0x7fd3010e5f50>,30,21,[ 5 10],49,273,294,224,273
1,<environment.Job instance at 0x7fd300fb66e0>,3,24,[ 5 11],6,6,30,0,6
1,<environment.Job instance at 0x7fd2bd31c7d0>,4,16,[ 5 11],7,31,47,24,31
1,<environment.Job instance at 0x7fd2bc9a05a0>,10,20,[ 4 12],13,47,67,34,38
1,<environment.Job instance at 0x7fd300851500>,11,14,[12  2],14,67,81,53,52
1,<environment.Job instance at 0x7fd300dd1640>,16,14,[ 1 14],20,81,95,61,69
1,<environment.Job instance at 0x7fd300dd1140>,17,12,[ 4 12],21,95,107,74,78
1,<environment.Job instance at 0x7fd300dd12d0>,18,26,[7 2],22,95,121,73,92
1,<environment.Job instance at 0x7fd300dd15a0>,19,18,[ 2 13],23,107,125,84,96
1,<environment.Job instance at 0x7fd300dd1960>,22,21,[13  4],28,125,146,97,117
1,<environment.Job instance at 0x7fd300dd11e0>,23,21,[4 9],30,146,167,116,138
1,<environment.Job instance at 0x7fd300dd1b40>,20,18,[7 5],24,146,164,122,143
1,<environment.Job instance at 0x7fd3015f4370>,24,18,[ 3 11],31,167,185,136,156
1,<environment.Job instance at 0x7fd2bce5cf00>,27,20,[ 2 12],36,185,205,149,176
1,<environment.Job instance at 0x7fd300bdf5f0>,14,27,[13  2],18,202,229,184,202
1,<environment.Job instance at 0x7fd3015f4b40>,25,12,[13  3],33,229,241,196,213
1,<environment.Job instance at 0x7fd2bce5c500>,28,24,[4 6],38,241,265,203,236
1,<environment.Job instance at 0x7fd2bcccd550>,31,19,[ 2 10],41,265,284,224,255
1,<environment.Job instance at 0x7fd2bcccd3c0>,32,26,[11  2],42,257,283,215,257
1,<environment.Job instance at 0x7fd30152a050>,33,12,[14  4],43,284,296,241,268
