iteration,job object,job ID,job Length,job ressource requirement,job enter time,job start time,job finish time,job waiting time,current time
1,<environment.Job instance at 0x145dfdb97c80>,8,13,[6 1],9,11,24,2,11
1,<environment.Job instance at 0x145dffec5aa0>,7,1,[2 6],8,14,15,6,14
1,<environment.Job instance at 0x145dfdc01460>,2,3,[1 8],3,4,7,1,4
1,<environment.Job instance at 0x145dfdc01730>,0,2,[6 1],1,4,6,3,4
1,<environment.Job instance at 0x145dfdc01500>,1,13,[2 8],2,7,20,5,6
1,<environment.Job instance at 0x145dfdc01d70>,4,2,[8 1],7,13,15,6,13
1,<environment.Job instance at 0x145df41c0c30>,1,12,[ 1 10],2,3,15,1,3
1,<environment.Job instance at 0x145df41b7500>,3,1,[2 7],5,15,16,10,6
1,<environment.Job instance at 0x145dff5df0f0>,4,2,[2 7],6,16,18,10,10
1,<environment.Job instance at 0x145db7ed3c30>,0,3,[9 2],1,4,7,3,4
1,<environment.Job instance at 0x145db7ff9140>,1,3,[2 9],2,7,10,5,5
1,<environment.Job instance at 0x145df42273c0>,5,3,[10  2],8,10,13,2,8
1,<environment.Job instance at 0x145db7dfeeb0>,0,1,[8 1],1,1,2,0,1
1,<environment.Job instance at 0x145df47b0f00>,4,1,[10  1],6,6,7,0,6
1,<environment.Job instance at 0x145df47b0d20>,5,3,[7 2],7,7,10,0,7
1,<environment.Job instance at 0x145df43b1820>,6,3,[1 8],8,8,11,0,8
1,<environment.Job instance at 0x145db7e8fa00>,2,3,[1 6],3,11,14,8,8
1,<environment.Job instance at 0x145df4530870>,0,2,[2 8],1,2,4,1,2
1,<environment.Job instance at 0x145df44f1190>,1,1,[1 6],3,4,5,1,3
1,<environment.Job instance at 0x145df45307d0>,2,1,[2 9],5,6,7,1,6
1,<environment.Job instance at 0x145db7e8fa00>,4,12,[9 1],8,9,21,1,9
1,<environment.Job instance at 0x145df440f780>,3,16,[2 5],6,6,22,0,6
1,<environment.Job instance at 0x145dff3ea460>,4,1,[10  2],9,22,23,13,12
1,<environment.Job instance at 0x145e0028ff00>,3,3,[1 5],7,8,11,1,8
1,<environment.Job instance at 0x145db7e9cd70>,5,3,[10  1],9,11,14,2,9
1,<environment.Job instance at 0x145e0028f410>,4,3,[9 2],8,20,23,12,20
1,<environment.Job instance at 0x145db7e80780>,0,12,[9 1],1,1,13,0,1
1,<environment.Job instance at 0x145db7e9cf50>,1,3,[2 9],2,13,16,11,2
1,<environment.Job instance at 0x145dfff41640>,2,3,[6 2],6,6,9,0,6
1,<environment.Job instance at 0x145dfff41690>,5,2,[ 1 10],9,10,12,1,10
1,<environment.Job instance at 0x145db7d93640>,2,3,[ 2 10],4,4,7,0,4
1,<environment.Job instance at 0x145db7d61eb0>,3,12,[2 8],5,7,19,2,5
1,<environment.Job instance at 0x145db7d930f0>,1,2,[2 6],2,2,4,0,2
1,<environment.Job instance at 0x145db7d61cd0>,0,2,[1 8],1,5,7,4,5
1,<environment.Job instance at 0x145db7d610a0>,4,1,[2 7],7,15,16,8,15
1,<environment.Job instance at 0x145df46a55a0>,2,12,[9 2],4,4,16,0,4
1,<environment.Job instance at 0x145df47519b0>,3,15,[10  2],5,16,31,11,5
1,<environment.Job instance at 0x145dff2d5780>,0,1,[2 8],1,5,6,4,5
1,<environment.Job instance at 0x145dfdb6c370>,5,18,[1 8],6,6,24,0,6
1,<environment.Job instance at 0x145dff2d58c0>,4,15,[5 1],5,15,30,10,15
1,<environment.Job instance at 0x145db7ffc370>,0,3,[9 1],3,6,9,3,6
1,<environment.Job instance at 0x145e07250a00>,3,15,[1 6],7,7,22,0,7
1,<environment.Job instance at 0x145db7ffc280>,2,1,[1 8],6,22,23,16,7
1,<environment.Job instance at 0x145e050a2960>,4,3,[7 2],8,9,12,1,9
1,<environment.Job instance at 0x145e05021280>,4,2,[7 2],5,5,7,0,5
1,<environment.Job instance at 0x145e05021b90>,5,12,[6 1],6,7,19,1,6
1,<environment.Job instance at 0x145e05021690>,6,28,[2 8],9,9,37,0,9
1,<environment.Job instance at 0x145e05021140>,2,27,[1 8],3,58,85,55,58
1,<environment.Job instance at 0x145e04fe0780>,2,3,[ 2 10],6,6,9,0,6
1,<environment.Job instance at 0x145e05021e10>,3,2,[1 9],8,12,14,4,12
1,<environment.Job instance at 0x145e05027960>,6,19,[ 1 10],8,8,27,0,8
1,<environment.Job instance at 0x145e050271e0>,7,2,[9 1],9,27,29,18,9
1,<environment.Job instance at 0x146af6081cd0>,1,3,[1 9],2,5,8,3,5
1,<environment.Job instance at 0x146af6020230>,5,3,[9 2],6,8,11,2,6
1,<environment.Job instance at 0x146aecd57d20>,8,13,[6 1],9,11,24,2,10
1,<environment.Job instance at 0x146aecb43410>,9,2,[6 1],11,24,26,13,13
1,<environment.Job instance at 0x146aeca23d20>,13,2,[8 1],17,26,28,9,17
1,<environment.Job instance at 0x146aeca68190>,14,2,[ 1 10],18,28,30,10,18
1,<environment.Job instance at 0x146aecd5c730>,1,17,[6 1],3,3,20,0,3
1,<environment.Job instance at 0x146aecb2a500>,3,3,[6 2],6,20,23,14,11
1,<environment.Job instance at 0x146aecb2acd0>,2,2,[10  1],5,23,25,18,11
1,<environment.Job instance at 0x146aecb2aa50>,8,12,[ 1 10],12,25,37,13,12
1,<environment.Job instance at 0x146aecb2a190>,7,2,[8 1],11,37,39,26,17
1,<environment.Job instance at 0x146aecb2a6e0>,1,3,[2 9],2,3,6,1,3
1,<environment.Job instance at 0x146aaf10feb0>,8,3,[1 5],12,12,15,0,12
1,<environment.Job instance at 0x146aaf10faf0>,9,3,[1 6],13,15,18,2,14
1,<environment.Job instance at 0x146aaf183640>,11,1,[10  1],16,18,19,2,18
1,<environment.Job instance at 0x146aaf128640>,0,2,[2 8],1,6,8,5,6
1,<environment.Job instance at 0x146aecd83cd0>,4,12,[9 1],8,8,20,0,8
1,<environment.Job instance at 0x146ae81008c0>,9,16,[2 5],16,20,36,4,18
1,<environment.Job instance at 0x146ae8100e10>,10,1,[10  2],19,36,37,17,19
1,<environment.Job instance at 0x146aaed685f0>,1,1,[1 9],5,5,6,0,5
1,<environment.Job instance at 0x146aaed68be0>,2,17,[8 1],6,8,25,2,8
1,<environment.Job instance at 0x146aaed680a0>,5,3,[10  1],9,25,28,16,12
1,<environment.Job instance at 0x146aaed5db90>,8,3,[1 9],13,16,19,3,16
1,<environment.Job instance at 0x146aaed5d550>,12,2,[ 2 10],17,28,30,11,18
1,<environment.Job instance at 0x146aaecf49b0>,13,3,[2 9],19,19,22,0,19
1,<environment.Job instance at 0x146aee3fbaa0>,2,3,[6 2],6,8,11,2,8
1,<environment.Job instance at 0x146aaee8a690>,7,3,[7 2],11,11,14,0,11
1,<environment.Job instance at 0x146aaee8a5f0>,8,14,[7 1],12,15,29,3,15
1,<environment.Job instance at 0x146aaee8aaf0>,11,1,[10  1],17,29,30,12,19
1,<environment.Job instance at 0x146aee3fbe10>,4,2,[2 5],8,23,25,15,23
1,<environment.Job instance at 0x146aee2c1690>,1,2,[2 6],2,3,5,1,3
1,<environment.Job instance at 0x146aee2c16e0>,2,1,[1 5],3,5,6,2,3
1,<environment.Job instance at 0x146aaf187be0>,3,2,[1 9],6,10,12,4,10
1,<environment.Job instance at 0x146aaef4ec80>,10,12,[9 2],14,14,26,0,14
1,<environment.Job instance at 0x146aaf187d70>,4,1,[2 7],7,26,27,19,15
1,<environment.Job instance at 0x146af3639870>,12,13,[ 1 10],16,27,40,11,16
1,<environment.Job instance at 0x146aaec980f0>,1,1,[ 2 10],2,4,5,2,4
1,<environment.Job instance at 0x146aaec82f50>,5,18,[1 8],6,6,24,0,6
1,<environment.Job instance at 0x146aaec82b90>,8,3,[ 2 10],12,24,27,12,14
1,<environment.Job instance at 0x146aaec82c30>,9,3,[2 5],13,27,30,14,17
1,<environment.Job instance at 0x146af54fb280>,11,3,[5 2],16,17,20,1,17
1,<environment.Job instance at 0x146aaf5712d0>,14,1,[1 6],19,30,31,11,19
1,<environment.Job instance at 0x146aaeed09b0>,12,28,[2 8],19,89,117,70,89
1,<environment.Job instance at 0x146af4e9edc0>,5,3,[5 2],12,13,16,1,13
1,<environment.Job instance at 0x146af4e9e050>,4,2,[ 2 10],11,16,18,5,14
1,<environment.Job instance at 0x146aaf1c1fa0>,8,2,[2 9],15,18,20,3,15
1,<environment.Job instance at 0x146aaf1c1e60>,9,17,[ 2 10],16,20,37,4,16
1,<environment.Job instance at 0x146aaf1c1f00>,11,2,[9 1],19,37,39,18,22
1,<environment.Job instance at 0x146aeef07460>,4,15,[1 7],5,5,20,0,5
1,<environment.Job instance at 0x146aee561f00>,1,13,[ 2 10],2,20,33,18,6
1,<environment.Job instance at 0x146af16b1230>,8,2,[8 2],11,12,14,1,12
1,<environment.Job instance at 0x146af16b1eb0>,11,3,[6 1],14,16,19,2,16
1,<environment.Job instance at 0x146af56c2b90>,15,16,[1 6],19,33,49,14,20
1,<environment.Job instance at 0x146af56c2c30>,1,17,[7 1],2,5,22,3,5
1,<environment.Job instance at 0x146af16b1190>,4,15,[9 2],10,22,37,12,13
1,<environment.Job instance at 0x146aee3c6a00>,8,1,[9 1],15,37,38,22,19
1,<environment.Job instance at 0x146aee3c6730>,10,1,[ 1 10],17,38,39,21,20
1,<environment.Job instance at 0x146af16d1280>,1,3,[2 8],5,5,8,0,5
1,<environment.Job instance at 0x146aef1b0500>,0,2,[10  2],1,8,10,7,8
1,<environment.Job instance at 0x146aaf210280>,6,18,[10  1],16,17,35,1,17
1,<environment.Job instance at 0x146aaf210410>,8,2,[2 5],18,35,37,17,21
1,<environment.Job instance at 0x146aaed48a50>,4,14,[6 1],7,7,21,0,7
1,<environment.Job instance at 0x146aec5ef5a0>,8,2,[6 2],12,21,23,9,17
1,<environment.Job instance at 0x146aec5ef280>,9,1,[1 5],13,41,42,28,41
1,<environment.Job instance at 0x146aeedc9eb0>,3,2,[8 2],5,5,7,0,5
1,<environment.Job instance at 0x146aaf152a50>,4,3,[1 7],6,7,10,1,7
1,<environment.Job instance at 0x146aaf1528c0>,7,1,[1 8],9,10,11,1,9
1,<environment.Job instance at 0x146aeef011e0>,8,3,[1 7],10,14,17,4,14
1,<environment.Job instance at 0x146aeeda3d20>,11,2,[5 2],15,17,19,2,17
1,<environment.Job instance at 0x146aeef01230>,10,2,[1 7],14,17,19,3,17
1,<environment.Job instance at 0x146aaf4d8f50>,13,12,[7 1],18,19,31,1,18
1,<environment.Job instance at 0x146aaf189c80>,0,17,[7 1],2,3,20,1,3
1,<environment.Job instance at 0x146aaeddbf00>,1,1,[2 5],4,5,6,1,5
1,<environment.Job instance at 0x146aaf295c80>,3,12,[7 2],7,20,32,13,8
1,<environment.Job instance at 0x146aaf2951e0>,5,3,[ 2 10],11,32,35,21,13
1,<environment.Job instance at 0x146af35e20f0>,9,14,[8 1],16,35,49,19,25
1,<environment.Job instance at 0x146aaee8af00>,3,3,[5 1],4,9,12,5,9
1,<environment.Job instance at 0x146af35d0f00>,5,12,[7 1],11,12,24,1,12
1,<environment.Job instance at 0x146af35d0190>,7,2,[10  1],13,24,26,11,15
1,<environment.Job instance at 0x146af56c2af0>,2,3,[5 2],3,5,8,2,5
1,<environment.Job instance at 0x146aaf6748c0>,4,1,[ 2 10],5,8,9,3,7
1,<environment.Job instance at 0x146aee4665f0>,7,13,[1 7],10,11,24,1,11
1,<environment.Job instance at 0x146aee466320>,8,12,[2 9],13,24,36,11,14
1,<environment.Job instance at 0x146aee4f9c80>,10,2,[ 2 10],15,36,38,21,16
1,<environment.Job instance at 0x146aee4668c0>,9,3,[5 2],14,16,19,2,16
1,<environment.Job instance at 0x146aee4f9d20>,1,3,[2 7],3,5,8,2,5
1,<environment.Job instance at 0x146aee304370>,2,16,[9 1],3,3,19,0,3
1,<environment.Job instance at 0x146aee304410>,6,2,[ 1 10],9,19,21,10,17
1,<environment.Job instance at 0x146ae80e1190>,10,18,[6 2],16,21,39,5,17
1,<environment.Job instance at 0x146ae80e1a00>,11,16,[1 5],18,22,38,4,22
1,<environment.Job instance at 0x1532f2b8ea00>,1,3,[1 9],2,3,6,1,3
1,<environment.Job instance at 0x1532f2b8ea50>,0,12,[2 5],1,6,18,5,3
1,<environment.Job instance at 0x1532e9864d20>,6,18,[8 1],7,7,25,0,7
1,<environment.Job instance at 0x1532e964e2d0>,7,1,[2 6],8,18,19,10,10
1,<environment.Job instance at 0x1532e9893fa0>,9,2,[6 1],11,25,27,14,12
1,<environment.Job instance at 0x1532e9514190>,12,3,[1 8],14,19,22,5,18
1,<environment.Job instance at 0x1532e9541870>,16,1,[2 5],21,23,24,2,23
1,<environment.Job instance at 0x1532e9541af0>,17,17,[6 1],23,46,63,23,46
1,<environment.Job instance at 0x1532e986fe10>,2,2,[2 8],4,10,12,6,10
1,<environment.Job instance at 0x1532e986f050>,10,1,[2 7],13,13,14,0,13
1,<environment.Job instance at 0x1532c3bdf410>,4,12,[9 1],8,9,21,1,9
1,<environment.Job instance at 0x1532c3bdf780>,7,3,[6 1],13,21,24,8,13
1,<environment.Job instance at 0x1532c3bdf460>,8,2,[2 5],15,21,23,6,16
1,<environment.Job instance at 0x1532c3bdff00>,9,16,[2 5],16,23,39,7,17
1,<environment.Job instance at 0x1532c3ba7cd0>,10,1,[10  2],19,39,40,20,20
1,<environment.Job instance at 0x1532c3bcd4b0>,15,3,[1 5],27,28,31,1,28
1,<environment.Job instance at 0x1532c3bcdeb0>,17,3,[10  1],29,40,43,11,29
1,<environment.Job instance at 0x1532c3bdf1e0>,11,22,[1 5],20,43,65,23,36
1,<environment.Job instance at 0x1532e8034b90>,0,12,[9 1],1,3,15,2,3
1,<environment.Job instance at 0x1532e95f2960>,1,3,[2 9],2,15,18,13,8
1,<environment.Job instance at 0x1532eb07dc80>,7,3,[2 9],9,18,21,9,9
1,<environment.Job instance at 0x1532e03bd1e0>,6,2,[ 2 10],7,21,23,14,11
1,<environment.Job instance at 0x1532e025aaf0>,8,13,[7 2],12,23,36,11,14
1,<environment.Job instance at 0x1532e80393c0>,14,3,[2 9],20,36,39,16,20
1,<environment.Job instance at 0x1532e01db190>,20,2,[ 1 10],28,39,41,11,29
1,<environment.Job instance at 0x1532e02966e0>,19,1,[10  1],27,41,42,14,29
1,<environment.Job instance at 0x1532c391a6e0>,0,2,[1 8],1,1,3,0,1
1,<environment.Job instance at 0x1532c395e550>,1,2,[2 6],2,3,5,1,2
1,<environment.Job instance at 0x1532c39677d0>,4,1,[2 7],7,10,11,3,10
1,<environment.Job instance at 0x1532c3962320>,8,1,[5 1],11,12,13,1,12
1,<environment.Job instance at 0x1532e8039460>,9,3,[2 8],12,12,15,0,12
1,<environment.Job instance at 0x1532c38d61e0>,10,12,[9 2],14,15,27,1,14
1,<environment.Job instance at 0x1532c38d6f50>,11,15,[10  2],15,41,56,26,41
1,<environment.Job instance at 0x1532c38d6140>,17,1,[ 2 10],22,56,57,34,41
1,<environment.Job instance at 0x1532c38d6af0>,14,17,[1 9],19,75,92,56,75
1,<environment.Job instance at 0x1532c38d6910>,16,1,[2 8],21,92,93,71,87
1,<environment.Job instance at 0x1532c37cb8c0>,2,3,[2 5],3,5,8,2,5
1,<environment.Job instance at 0x1532e95c78c0>,4,3,[5 2],6,6,9,0,6
1,<environment.Job instance at 0x1532e95c7dc0>,12,15,[1 6],17,24,39,7,24
1,<environment.Job instance at 0x1532e95c7e10>,14,2,[1 8],19,39,41,20,24
1,<environment.Job instance at 0x1532c3b03050>,1,15,[1 7],5,6,21,1,6
1,<environment.Job instance at 0x1532c3a31e10>,5,3,[5 2],12,13,16,1,13
1,<environment.Job instance at 0x1532c3a31320>,7,2,[ 2 10],14,21,23,7,14
1,<environment.Job instance at 0x1532c3b04a00>,2,3,[ 2 10],6,23,26,17,14
1,<environment.Job instance at 0x1532c3a31960>,10,19,[ 1 10],18,26,45,8,19
1,<environment.Job instance at 0x1532c3a314b0>,11,2,[9 1],19,45,47,26,20
1,<environment.Job instance at 0x1532ebcd5550>,17,15,[1 7],25,45,60,20,31
1,<environment.Job instance at 0x1532ebcd55f0>,18,3,[ 2 10],27,60,63,33,34
1,<environment.Job instance at 0x1532c3a31230>,6,15,[2 7],13,66,81,53,66
1,<environment.Job instance at 0x1532c3c0b5a0>,0,2,[8 2],1,2,4,1,2
1,<environment.Job instance at 0x1532e803f8c0>,6,18,[8 1],8,8,26,0,8
1,<environment.Job instance at 0x1532e803f780>,7,16,[1 6],9,11,27,2,11
1,<environment.Job instance at 0x1532e803fa50>,10,1,[2 6],13,27,28,14,13
1,<environment.Job instance at 0x1532e803f4b0>,11,16,[9 1],16,28,44,12,16
1,<environment.Job instance at 0x1532e803feb0>,8,17,[1 6],11,28,45,17,20
1,<environment.Job instance at 0x1532e0088d70>,15,2,[6 2],23,26,28,3,26
1,<environment.Job instance at 0x1532e0088460>,19,2,[1 5],29,45,47,16,30
1,<environment.Job instance at 0x1532e02ff780>,4,18,[7 2],9,9,27,0,9
1,<environment.Job instance at 0x1532e00881e0>,2,1,[2 6],6,9,10,3,9
1,<environment.Job instance at 0x1532e02ffb40>,6,18,[10  1],16,27,45,11,16
1,<environment.Job instance at 0x1532e02ff9b0>,7,2,[7 2],17,45,47,28,19
1,<environment.Job instance at 0x1532e02ffe10>,10,3,[8 1],22,47,50,25,22
1,<environment.Job instance at 0x1532e02fff00>,11,1,[7 2],23,50,51,27,24
1,<environment.Job instance at 0x1532e02ff910>,12,2,[5 2],24,51,53,27,25
1,<environment.Job instance at 0x1532e03001e0>,14,14,[6 1],27,53,67,26,39
1,<environment.Job instance at 0x1532e03003c0>,16,16,[1 7],29,48,64,19,48
1,<environment.Job instance at 0x1532ead10d20>,20,1,[1 6],27,412,413,385,412
1,<environment.Job instance at 0x1532c3824d20>,0,17,[7 1],2,3,20,1,3
1,<environment.Job instance at 0x1532f0a8d640>,1,1,[2 5],4,4,5,0,4
1,<environment.Job instance at 0x1532f0a8ddc0>,2,3,[1 8],5,7,10,2,7
1,<environment.Job instance at 0x1532f1ff8fa0>,12,21,[7 2],20,22,43,2,22
1,<environment.Job instance at 0x1532f1ff8640>,15,1,[6 1],23,43,44,20,23
1,<environment.Job instance at 0x1532f00fad20>,0,12,[7 1],1,2,14,1,2
1,<environment.Job instance at 0x1532f09c49b0>,4,3,[1 8],8,8,11,0,8
1,<environment.Job instance at 0x1532f09c4500>,5,2,[2 7],11,12,14,1,12
1,<environment.Job instance at 0x1532f09c4be0>,10,18,[5 2],17,17,35,0,17
1,<environment.Job instance at 0x1532eadb1640>,14,3,[5 2],24,24,27,0,24
1,<environment.Job instance at 0x1532eadb12d0>,15,2,[ 2 10],25,35,37,10,26
1,<environment.Job instance at 0x1532eadb1280>,17,17,[10  1],28,37,54,9,28
1,<environment.Job instance at 0x1532e959a550>,7,3,[1 8],14,17,20,3,17
1,<environment.Job instance at 0x1532e959aaa0>,13,3,[9 1],22,22,25,0,22
1,<environment.Job instance at 0x1532e959acd0>,14,16,[9 1],23,45,61,22,45
1,<environment.Job instance at 0x1532e010f410>,3,16,[1 5],8,8,24,0,8
1,<environment.Job instance at 0x1532e010f870>,5,14,[1 6],12,24,38,12,12
1,<environment.Job instance at 0x1532e010fd20>,6,2,[5 1],13,13,15,0,13
1,<environment.Job instance at 0x1532e010feb0>,8,2,[10  2],15,38,40,23,16
1,<environment.Job instance at 0x1532e80fdfa0>,13,3,[1 7],23,40,43,17,24
1,<environment.Job instance at 0x1532ead75280>,5,12,[5 2],8,9,21,1,9
1,<environment.Job instance at 0x1532ead75dc0>,7,3,[8 1],13,21,24,8,13
1,<environment.Job instance at 0x1532ead75a00>,8,1,[10  1],14,24,25,10,14
1,<environment.Job instance at 0x1532ead75870>,9,27,[1 7],15,25,52,10,23
1,<environment.Job instance at 0x1532ea8d1960>,14,2,[1 5],25,52,54,27,25
1,<environment.Job instance at 0x1532ead4d550>,15,2,[8 1],26,26,28,0,26
1,<environment.Job instance at 0x1532e01948c0>,4,3,[1 6],7,8,11,1,8
1,<environment.Job instance at 0x1532e0194870>,6,14,[9 1],10,11,25,1,11
1,<environment.Job instance at 0x1532e0194e60>,7,3,[10  1],11,25,28,14,12
1,<environment.Job instance at 0x1532e0194910>,9,15,[1 5],13,28,43,15,14
1,<environment.Job instance at 0x1532c39801e0>,11,2,[1 8],16,17,19,1,17
1,<environment.Job instance at 0x1532c3980cd0>,18,3,[10  1],26,43,46,17,27
1,<environment.Job instance at 0x1532e0070320>,0,2,[1 7],1,5,7,4,5
1,<environment.Job instance at 0x1532f2a1d690>,6,17,[2 9],7,7,24,0,7
1,<environment.Job instance at 0x1532f2a1d050>,7,15,[7 2],8,24,39,16,10
1,<environment.Job instance at 0x1532f2a1dc30>,10,2,[1 8],11,24,26,13,11
1,<environment.Job instance at 0x1532f2a1d370>,11,3,[2 8],12,26,29,14,12
1,<environment.Job instance at 0x1532f2a1d870>,12,2,[2 8],13,29,31,16,13
1,<environment.Job instance at 0x1532e807a3c0>,16,1,[6 2],21,39,40,18,21
1,<environment.Job instance at 0x1532e807a5a0>,17,1,[2 9],22,40,41,18,22
1,<environment.Job instance at 0x1532e807a780>,19,2,[10  1],24,41,43,17,24
1,<environment.Job instance at 0x1532e807afa0>,20,2,[2 7],26,31,33,5,26
1,<environment.Job instance at 0x1532e807a730>,21,1,[5 2],27,43,44,16,27
1,<environment.Job instance at 0x1532c39807d0>,4,16,[1 5],5,43,59,38,36
1,<environment.Job instance at 0x1532e986f190>,0,3,[2 5],1,3,6,2,3
1,<environment.Job instance at 0x1532f245dbe0>,3,1,[7 1],6,6,7,0,6
1,<environment.Job instance at 0x1532e00ea780>,4,2,[7 1],7,7,9,0,7
1,<environment.Job instance at 0x1532e00eadc0>,5,1,[7 2],8,9,10,1,9
1,<environment.Job instance at 0x1532e986ffa0>,1,12,[6 1],2,10,22,8,9
1,<environment.Job instance at 0x1532c3808370>,7,2,[5 2],10,22,24,12,11
1,<environment.Job instance at 0x1532c3808d70>,8,15,[1 8],12,12,27,0,12
1,<environment.Job instance at 0x1532ec557320>,9,3,[1 7],13,27,30,14,14
1,<environment.Job instance at 0x1532ec557280>,12,17,[9 2],18,24,41,6,19
1,<environment.Job instance at 0x1532ee1b5140>,17,2,[1 5],23,30,32,7,24
1,<environment.Job instance at 0x1532c3bf60f0>,21,1,[2 6],28,50,51,22,50
1,<environment.Job instance at 0x1532ec557a50>,2,17,[2 7],4,4,21,0,4
1,<environment.Job instance at 0x1532c37e00f0>,6,1,[10  1],8,21,22,13,8
1,<environment.Job instance at 0x1532c37e0230>,7,1,[1 8],9,22,23,13,10
1,<environment.Job instance at 0x1532c37e0460>,9,2,[2 6],11,23,25,12,13
1,<environment.Job instance at 0x1532c37e0960>,12,16,[10  2],14,25,41,11,14
1,<environment.Job instance at 0x1532c37e0d70>,15,15,[2 6],19,41,56,22,28
1,<environment.Job instance at 0x1532c37e0e10>,19,14,[6 1],23,41,55,18,28
1,<environment.Job instance at 0x1532c37e0190>,18,2,[1 8],22,56,58,34,31
1,<environment.Job instance at 0x1532c37d3b90>,0,2,[10  2],2,2,4,0,2
1,<environment.Job instance at 0x1532c37e25a0>,2,3,[2 8],7,7,10,0,7
1,<environment.Job instance at 0x1532c37e24b0>,3,3,[1 9],8,11,14,3,11
1,<environment.Job instance at 0x1532c3afceb0>,7,12,[7 1],14,14,26,0,14
1,<environment.Job instance at 0x1532c3afc140>,6,23,[1 6],11,14,37,3,14
1,<environment.Job instance at 0x1532c3afce10>,9,3,[6 1],19,26,29,7,22
1,<environment.Job instance at 0x1532c3d494b0>,11,2,[7 1],22,29,31,7,24
1,<environment.Job instance at 0x1532c3d49a50>,13,1,[7 1],26,31,32,5,26
1,<environment.Job instance at 0x1532c3acfc80>,15,14,[2 5],28,37,51,9,28
1,<environment.Job instance at 0x152eff097a50>,0,12,[2 5],1,3,15,2,3
1,<environment.Job instance at 0x152ef6df4f00>,4,2,[7 2],5,8,10,3,8
1,<environment.Job instance at 0x152ef5d9c2d0>,7,1,[2 6],8,15,16,7,8
1,<environment.Job instance at 0x152ef5a94050>,11,3,[1 8],13,16,19,3,13
1,<environment.Job instance at 0x152ef5d6dd20>,10,13,[2 8],12,19,32,7,14
1,<environment.Job instance at 0x152ef5a7e780>,12,3,[1 8],14,32,35,18,15
1,<environment.Job instance at 0x152ef7216690>,13,2,[8 1],17,20,22,3,20
1,<environment.Job instance at 0x152ef55db640>,26,1,[2 7],35,35,36,0,35
1,<environment.Job instance at 0x152ef5a4a370>,18,2,[10  1],25,36,38,11,35
1,<environment.Job instance at 0x152ef55dc3c0>,27,2,[2 7],36,38,40,2,36
1,<environment.Job instance at 0x152ef55dc0a0>,29,16,[10  2],39,42,58,3,42
1,<environment.Job instance at 0x152ef6dfc640>,6,2,[ 1 10],10,10,12,0,10
1,<environment.Job instance at 0x152ef6dfc320>,5,3,[10  2],8,12,15,4,10
1,<environment.Job instance at 0x152ef5d6de60>,9,3,[1 6],13,15,18,2,13
1,<environment.Job instance at 0x152ef5d6d0f0>,15,2,[2 8],21,22,24,1,22
1,<environment.Job instance at 0x152ef6dfce60>,11,1,[10  1],16,24,25,8,24
1,<environment.Job instance at 0x152ef5d6a9b0>,18,16,[8 2],26,41,57,15,41
1,<environment.Job instance at 0x152ef5d6a280>,19,12,[9 1],28,57,69,29,43
1,<environment.Job instance at 0x152ef5d6a6e0>,22,3,[6 1],33,69,72,36,47
1,<environment.Job instance at 0x152ef5d6deb0>,12,3,[7 2],17,72,75,55,55
1,<environment.Job instance at 0x152ef6e01dc0>,1,1,[1 9],5,5,6,0,5
1,<environment.Job instance at 0x152ef5d6a500>,0,15,[2 9],2,6,21,4,5
1,<environment.Job instance at 0x152ef6e01cd0>,3,3,[1 5],7,21,24,14,8
1,<environment.Job instance at 0x152ef6e018c0>,4,3,[9 2],8,21,24,13,8
1,<environment.Job instance at 0x152eec055dc0>,6,12,[9 1],11,24,36,13,11
1,<environment.Job instance at 0x152eec0583c0>,10,3,[1 9],15,24,27,9,19
1,<environment.Job instance at 0x152eec0587d0>,16,3,[6 2],26,36,39,10,26
1,<environment.Job instance at 0x152eec058d70>,17,1,[1 6],27,28,29,1,28
1,<environment.Job instance at 0x152eec0595f0>,24,12,[2 8],35,36,48,1,35
1,<environment.Job instance at 0x152eec0596e0>,26,2,[ 1 10],38,48,50,10,47
1,<environment.Job instance at 0x152eec05c870>,0,2,[1 8],1,3,5,2,3
1,<environment.Job instance at 0x152eec05c8c0>,2,1,[1 5],3,6,7,3,6
1,<environment.Job instance at 0x152ef6dfc2d0>,1,2,[2 6],2,7,9,5,6
1,<environment.Job instance at 0x152eec0596e0>,4,1,[2 7],7,10,11,3,10
1,<environment.Job instance at 0x152eec0597d0>,5,1,[2 5],8,11,12,3,10
1,<environment.Job instance at 0x152ef7efc5a0>,8,1,[5 1],11,14,15,3,14
1,<environment.Job instance at 0x152eec7b2230>,10,12,[9 2],14,15,27,1,14
1,<environment.Job instance at 0x152eec7b20a0>,12,13,[ 1 10],16,27,40,11,16
1,<environment.Job instance at 0x152eec7e1b40>,17,1,[ 2 10],22,40,41,18,22
1,<environment.Job instance at 0x152ef40656e0>,20,15,[5 1],25,41,56,16,38
1,<environment.Job instance at 0x152eec6a59b0>,21,18,[1 8],26,52,70,26,52
1,<environment.Job instance at 0x152eec7bc820>,27,3,[5 2],36,71,74,35,71
1,<environment.Job instance at 0x152ef5d64f00>,0,3,[9 1],3,5,8,2,5
1,<environment.Job instance at 0x152eec6ba640>,6,3,[1 7],11,11,14,0,11
1,<environment.Job instance at 0x152ef55af7d0>,3,15,[1 6],7,23,38,16,23
1,<environment.Job instance at 0x152ef40dca00>,12,28,[2 8],19,44,72,25,44
1,<environment.Job instance at 0x152ef40dc9b0>,13,3,[5 1],23,99,102,76,99
1,<environment.Job instance at 0x152ef40dc5f0>,20,2,[ 2 10],34,111,113,77,111
1,<environment.Job instance at 0x152ef40dc820>,24,2,[9 1],39,154,156,115,154
1,<environment.Job instance at 0x152eec6baf50>,8,27,[1 8],13,197,224,184,197
1,<environment.Job instance at 0x152ef81f2730>,0,2,[ 1 10],1,1,3,0,1
1,<environment.Job instance at 0x152efa6b9d70>,3,1,[2 9],4,4,5,0,4
1,<environment.Job instance at 0x152efa6b9a00>,2,1,[1 7],3,5,6,2,5
1,<environment.Job instance at 0x152eabe6ee10>,5,3,[ 2 10],7,7,10,0,7
1,<environment.Job instance at 0x152efa6f3eb0>,6,14,[10  1],9,10,24,1,9
1,<environment.Job instance at 0x152efa6f3410>,7,12,[7 1],10,24,36,14,10
1,<environment.Job instance at 0x152efa6f3320>,10,2,[2 5],13,24,26,11,13
1,<environment.Job instance at 0x152ef81eff00>,18,1,[2 6],23,26,27,3,23
1,<environment.Job instance at 0x152ef81ef820>,19,16,[9 1],26,36,52,10,29
1,<environment.Job instance at 0x152ef81e2190>,25,2,[8 1],36,52,54,16,36
1,<environment.Job instance at 0x152eec585c80>,26,1,[ 1 10],37,54,55,17,38
1,<environment.Job instance at 0x152eec5856e0>,27,2,[1 5],39,39,41,0,39
1,<environment.Job instance at 0x152ef7e33280>,1,3,[2 8],5,10,13,5,10
1,<environment.Job instance at 0x152eabd9aeb0>,8,2,[2 5],18,19,21,1,19
1,<environment.Job instance at 0x152eabd9a730>,7,2,[7 2],17,19,21,2,19
1,<environment.Job instance at 0x152eabd9aa00>,11,1,[7 2],23,23,24,0,23
1,<environment.Job instance at 0x152eabd9ab40>,12,2,[5 2],24,28,30,4,28
1,<environment.Job instance at 0x152eabd92050>,16,16,[1 7],29,29,45,0,29
1,<environment.Job instance at 0x152eabe63550>,5,18,[8 1],7,8,26,1,8
1,<environment.Job instance at 0x152eabe63eb0>,7,1,[1 8],9,13,14,4,13
1,<environment.Job instance at 0x152eabe63c80>,10,2,[1 7],14,15,17,1,15
1,<environment.Job instance at 0x152eabe63b90>,9,2,[5 2],12,26,28,14,16
1,<environment.Job instance at 0x152eabe63a50>,15,3,[2 7],20,21,24,1,21
1,<environment.Job instance at 0x152efd020b40>,16,17,[7 1],22,28,45,6,24
1,<environment.Job instance at 0x152efd020410>,18,3,[1 8],25,27,30,2,27
1,<environment.Job instance at 0x152efd020690>,20,2,[7 2],29,45,47,16,31
1,<environment.Job instance at 0x152efd0206e0>,22,14,[8 2],32,47,61,15,32
1,<environment.Job instance at 0x152eabce47d0>,27,3,[7 2],38,61,64,23,40
1,<environment.Job instance at 0x152efd020960>,19,12,[7 2],27,64,76,37,63
1,<environment.Job instance at 0x152eabe6b730>,0,13,[5 2],1,2,15,1,2
1,<environment.Job instance at 0x152eabe6b9b0>,1,3,[1 9],2,15,18,13,6
1,<environment.Job instance at 0x152eabe6b140>,4,3,[1 7],9,10,13,1,10
1,<environment.Job instance at 0x152ef733d8c0>,6,20,[8 2],12,18,38,6,14
1,<environment.Job instance at 0x152ef733d910>,7,2,[10  1],13,38,40,25,14
1,<environment.Job instance at 0x152ef81efaf0>,3,3,[5 1],4,40,43,36,17
1,<environment.Job instance at 0x152ef5aa2140>,10,2,[2 7],21,23,25,2,23
1,<environment.Job instance at 0x152ef5aa22d0>,12,3,[5 2],23,40,43,17,24
1,<environment.Job instance at 0x152eff097910>,18,12,[2 9],33,43,55,10,35
1,<environment.Job instance at 0x152eff097fa0>,19,3,[5 2],34,55,58,21,35
1,<environment.Job instance at 0x152efe955960>,21,15,[8 2],36,58,73,22,44
1,<environment.Job instance at 0x152ef7436cd0>,1,3,[2 7],3,8,11,5,8
1,<environment.Job instance at 0x152eec1824b0>,5,2,[1 6],12,12,14,0,12
1,<environment.Job instance at 0x152eec182910>,8,1,[9 2],15,15,16,0,15
1,<environment.Job instance at 0x152eec182be0>,10,2,[1 6],18,18,20,0,18
1,<environment.Job instance at 0x152eec182cd0>,11,3,[ 2 10],20,24,27,4,24
1,<environment.Job instance at 0x152eec182e10>,12,1,[7 2],21,27,28,6,24
1,<environment.Job instance at 0x152eec173410>,15,1,[6 2],25,28,29,3,27
1,<environment.Job instance at 0x152eec182aa0>,13,3,[9 1],22,31,34,9,31
1,<environment.Job instance at 0x152eec1730f0>,20,2,[2 9],31,34,36,3,31
1,<environment.Job instance at 0x152eec1731e0>,19,3,[10  2],30,36,39,6,33
1,<environment.Job instance at 0x152eec173a00>,22,18,[6 2],36,39,57,3,39
1,<environment.Job instance at 0x152ef725dc80>,2,1,[2 7],4,5,6,1,5
1,<environment.Job instance at 0x152ef725dbe0>,4,2,[6 1],6,8,10,2,8
1,<environment.Job instance at 0x152ef725da50>,5,3,[9 2],8,12,15,4,12
1,<environment.Job instance at 0x152eec43c730>,10,1,[7 2],16,18,19,2,18
1,<environment.Job instance at 0x152eec43ceb0>,13,14,[1 9],20,20,34,0,20
1,<environment.Job instance at 0x152eec43c870>,16,2,[2 9],25,34,36,9,25
1,<environment.Job instance at 0x152ef726ba50>,17,2,[2 5],26,36,38,10,26
1,<environment.Job instance at 0x152ef726bc30>,18,16,[2 9],27,38,54,11,27
1,<environment.Job instance at 0x152ef726b230>,19,12,[5 2],28,54,66,26,37
1,<environment.Job instance at 0x152eec43c4b0>,12,14,[1 6],19,54,68,35,41
1,<environment.Job instance at 0x152ef726b5f0>,1,1,[2 6],3,5,6,2,5
1,<environment.Job instance at 0x152ef7e6f320>,5,1,[5 1],9,10,11,1,10
1,<environment.Job instance at 0x152ef7e6f370>,6,3,[1 5],10,10,13,0,10
1,<environment.Job instance at 0x152ef73772d0>,4,3,[2 9],7,13,16,6,11
1,<environment.Job instance at 0x152ef7e6f8c0>,9,1,[1 8],15,17,18,2,17
1,<environment.Job instance at 0x152ef7e6fe60>,14,3,[10  1],21,21,24,0,21
1,<environment.Job instance at 0x152ef7e8a140>,17,3,[1 9],24,24,27,0,24
1,<environment.Job instance at 0x152ef7e8a870>,22,1,[8 2],31,31,32,0,31
1,<environment.Job instance at 0x152ef7e8a6e0>,25,3,[10  1],36,97,100,61,97
1,<environment.Job instance at 0x152ef7e8a9b0>,4,16,[1 5],5,5,21,0,5
1,<environment.Job instance at 0x152ef5ae2b90>,5,2,[ 1 10],6,21,23,15,6
1,<environment.Job instance at 0x152ef72a0640>,10,2,[1 8],11,23,25,12,12
1,<environment.Job instance at 0x152ef72a0e60>,12,2,[2 8],13,25,27,12,13
1,<environment.Job instance at 0x152eec427370>,13,3,[5 2],16,17,20,1,17
1,<environment.Job instance at 0x152eec762e10>,14,1,[6 2],18,20,21,2,19
1,<environment.Job instance at 0x152ef7eca460>,21,1,[5 2],27,27,28,0,27
1,<environment.Job instance at 0x152eec5f5e60>,22,1,[2 5],28,28,29,0,28
1,<environment.Job instance at 0x152ef725c8c0>,24,3,[2 5],31,31,34,0,31
1,<environment.Job instance at 0x152eec147190>,25,12,[6 1],32,32,44,0,32
1,<environment.Job instance at 0x152efdec8320>,27,1,[7 1],36,44,45,8,36
1,<environment.Job instance at 0x152eabf35b40>,28,2,[7 1],37,45,47,8,38
1,<environment.Job instance at 0x152ef73f0be0>,7,1,[1 7],11,13,14,2,13
1,<environment.Job instance at 0x152ef73f0c80>,14,1,[2 8],20,21,22,1,21
1,<environment.Job instance at 0x152efc5c9780>,16,3,[1 7],23,23,26,0,23
1,<environment.Job instance at 0x152efc5c94b0>,17,17,[2 7],24,26,43,2,24
1,<environment.Job instance at 0x152efc5c9cd0>,18,14,[1 6],25,43,57,18,28
1,<environment.Job instance at 0x152eabd236e0>,21,1,[10  1],28,57,58,29,33
1,<environment.Job instance at 0x152eabd23c30>,25,3,[9 2],32,43,46,11,33
1,<environment.Job instance at 0x152eabd23a50>,26,2,[10  2],33,58,60,25,33
1,<environment.Job instance at 0x152eabd23f00>,27,16,[10  2],34,60,76,26,47
1,<environment.Job instance at 0x152eec1ffc80>,0,13,[5 1],1,1,14,0,1
1,<environment.Job instance at 0x152ef754c870>,2,14,[6 1],3,14,28,11,3
1,<environment.Job instance at 0x152efef9e960>,3,1,[2 5],4,5,6,1,5
1,<environment.Job instance at 0x152ef7ea2730>,5,2,[7 1],6,28,30,22,6
1,<environment.Job instance at 0x152ef754c0a0>,10,2,[10  2],12,30,32,18,14
1,<environment.Job instance at 0x152eabfb2e10>,12,3,[2 8],17,17,20,0,17
1,<environment.Job instance at 0x152eabfb25a0>,13,3,[1 9],18,20,23,2,18
1,<environment.Job instance at 0x152ef73a60f0>,14,16,[10  1],19,32,48,13,21
1,<environment.Job instance at 0x152eec653690>,9,1,[ 2 10],10,48,49,38,25
1,<environment.Job instance at 0x152eec1a24b0>,21,2,[7 1],32,49,51,17,32
1,<environment.Job instance at 0x152eec1a22d0>,20,3,[8 1],30,51,54,21,35
1,<environment.Job instance at 0x152eec278230>,23,1,[7 1],36,54,55,18,37
1,<environment.Job instance at 0x152eec1a2050>,22,18,[2 6],34,49,67,15,47
1,<environment.Job instance at 0x152eec6002d0>,0,12,[1 5],1,2,14,1,2
1,<environment.Job instance at 0x152ef560f370>,2,3,[8 1],3,3,6,0,3
1,<environment.Job instance at 0x152efef9e3c0>,1,13,[7 2],2,6,19,4,5
1,<environment.Job instance at 0x152ef40b4b40>,5,16,[1 5],11,14,30,3,11
1,<environment.Job instance at 0x152ef40b4870>,8,1,[10  2],15,30,31,15,15
1,<environment.Job instance at 0x152ef40b4c30>,9,1,[5 2],16,19,20,3,16
1,<environment.Job instance at 0x152ef40b4e10>,12,16,[ 2 10],22,31,47,9,23
1,<environment.Job instance at 0x152ef40af410>,14,2,[1 6],27,47,49,20,27
1,<environment.Job instance at 0x152ef40af5f0>,15,3,[1 9],28,49,52,21,28
1,<environment.Job instance at 0x152ef40afaa0>,19,3,[5 1],38,47,50,9,38
1,<environment.Job instance at 0x152ef40afcd0>,20,1,[2 8],39,52,53,13,39
1,<environment.Job instance at 0x152eec278960>,4,18,[1 5],7,83,101,76,83
1,<environment.Job instance at 0x152ef408f500>,0,2,[6 2],1,1,3,0,1
1,<environment.Job instance at 0x152ef4146e10>,2,14,[2 8],3,3,17,0,3
1,<environment.Job instance at 0x152ef4146190>,3,2,[5 2],4,5,7,1,5
1,<environment.Job instance at 0x152ef414e0f0>,7,2,[6 1],9,9,11,0,9
1,<environment.Job instance at 0x152ef414e7d0>,9,3,[9 2],12,17,20,5,12
1,<environment.Job instance at 0x152ef414e190>,10,2,[5 1],13,13,15,0,13
1,<environment.Job instance at 0x152ef414ea00>,11,17,[1 9],14,20,37,6,14
1,<environment.Job instance at 0x152ef409cf00>,12,3,[9 2],15,37,40,22,15
1,<environment.Job instance at 0x152ef409c460>,16,13,[10  1],25,40,53,15,25
1,<environment.Job instance at 0x152efcf8fdc0>,0,3,[1 9],1,2,5,1,2
1,<environment.Job instance at 0x152efcf8f8c0>,1,1,[2 9],4,5,6,1,4
1,<environment.Job instance at 0x152eec0cb370>,15,1,[6 2],21,30,31,9,30
1,<environment.Job instance at 0x152eec0cb0f0>,23,2,[2 8],30,73,75,43,73
1,<environment.Job instance at 0x152ef5611640>,27,3,[7 1],38,73,76,35,73
1,<environment.Job instance at 0x152eabe2b140>,4,25,[8 1],9,9,34,0,9
1,<environment.Job instance at 0x152eec0381e0>,6,16,[1 6],11,12,28,1,12
1,<environment.Job instance at 0x152eec0383c0>,7,2,[10  2],13,34,36,21,13
1,<environment.Job instance at 0x152eec038370>,8,3,[1 7],14,28,31,14,14
1,<environment.Job instance at 0x152eec038280>,10,1,[10  2],17,36,37,19,18
1,<environment.Job instance at 0x152eec038780>,12,16,[1 9],19,37,53,18,24
1,<environment.Job instance at 0x152eec0387d0>,15,3,[9 2],23,53,56,30,27
1,<environment.Job instance at 0x152eec038a50>,17,2,[1 8],25,31,33,6,27
1,<environment.Job instance at 0x152eec038e60>,19,1,[ 1 10],29,56,57,27,30
1,<environment.Job instance at 0x152eec038eb0>,21,17,[2 9],31,57,74,26,45
1,<environment.Job instance at 0x152eec03f370>,25,1,[6 1],36,46,47,10,46
1,<environment.Job instance at 0x152eec038f50>,20,19,[2 5],30,74,93,44,67
1,<environment.Job instance at 0x152ef818d870>,6,14,[8 2],7,7,21,0,7
1,<environment.Job instance at 0x152ef5a410f0>,1,1,[1 7],2,9,10,7,9
1,<environment.Job instance at 0x152ef818d8c0>,8,2,[7 2],10,21,23,11,10
1,<environment.Job instance at 0x152ef818d960>,9,3,[5 2],12,23,26,11,13
1,<environment.Job instance at 0x152ef41fd0a0>,12,1,[1 5],16,18,19,2,18
1,<environment.Job instance at 0x152ef4210b40>,15,17,[10  1],20,26,43,6,21
1,<environment.Job instance at 0x152ef42100f0>,17,1,[10  2],23,43,44,20,24
1,<environment.Job instance at 0x152ef4210fa0>,19,21,[2 5],25,44,65,19,37
1,<environment.Job instance at 0x152ef4210910>,23,15,[6 1],30,44,59,14,37
1,<environment.Job instance at 0x152ef42107d0>,25,2,[1 5],32,59,61,27,38
1,<environment.Job instance at 0x152ef4210730>,27,14,[2 6],35,65,79,30,51
1,<environment.Job instance at 0x152ef7eadaa0>,28,1,[9 1],36,79,80,43,51
1,<environment.Job instance at 0x152ef7ead280>,29,17,[2 5],37,80,97,43,68
1,<environment.Job instance at 0x152ef4210f00>,22,15,[7 2],29,80,95,51,80
1,<environment.Job instance at 0x147ea1532a50>,0,12,[2 5],1,1,13,0,1
1,<environment.Job instance at 0x147e97f6dc30>,4,2,[7 2],5,5,7,0,5
1,<environment.Job instance at 0x147ea1532cd0>,1,3,[1 9],2,13,16,11,7
1,<environment.Job instance at 0x147e97ff2fa0>,7,1,[2 6],8,16,17,8,9
1,<environment.Job instance at 0x147e99297050>,9,2,[6 1],11,12,14,1,12
1,<environment.Job instance at 0x147e97eb8690>,11,3,[1 8],13,17,20,4,13
1,<environment.Job instance at 0x147e97f0e0a0>,12,3,[1 8],14,20,23,6,16
1,<environment.Job instance at 0x147e97eb8190>,13,2,[8 1],17,18,20,1,18
1,<environment.Job instance at 0x147e97ee5320>,15,1,[ 1 10],20,23,24,3,20
1,<environment.Job instance at 0x147e97ee55a0>,16,1,[2 5],21,24,25,3,23
1,<environment.Job instance at 0x147e97ee9820>,17,17,[6 1],23,26,43,3,26
1,<environment.Job instance at 0x147e97ee1550>,19,3,[6 2],26,43,46,17,29
1,<environment.Job instance at 0x147e97a77500>,22,1,[2 7],30,33,34,3,33
1,<environment.Job instance at 0x147e97a76b40>,26,1,[2 7],35,35,36,0,35
1,<environment.Job instance at 0x147e97a766e0>,27,2,[2 7],36,36,38,0,36
1,<environment.Job instance at 0x147e97a77870>,21,3,[6 1],29,46,49,17,37
1,<environment.Job instance at 0x147e97a76e60>,24,12,[ 1 10],32,49,61,17,38
1,<environment.Job instance at 0x147e97a725a0>,28,2,[2 7],37,40,42,3,40
1,<environment.Job instance at 0x147e97a72050>,31,3,[9 2],41,61,64,20,41
1,<environment.Job instance at 0x147e97a72500>,32,3,[2 9],42,46,49,4,42
1,<environment.Job instance at 0x147e97a73960>,33,1,[2 7],43,64,65,21,52
1,<environment.Job instance at 0x147e98237d70>,0,1,[8 1],1,2,3,1,2
1,<environment.Job instance at 0x147e982379b0>,1,3,[1 5],2,5,8,3,5
1,<environment.Job instance at 0x147e98237820>,6,3,[1 8],8,11,14,3,11
1,<environment.Job instance at 0x147e98237550>,9,1,[1 6],13,14,15,1,13
1,<environment.Job instance at 0x147e98237c80>,10,1,[2 9],15,15,16,0,15
1,<environment.Job instance at 0x147e9822d780>,13,2,[8 2],19,21,23,2,21
1,<environment.Job instance at 0x147e9822d6e0>,15,3,[6 1],23,23,26,0,23
1,<environment.Job instance at 0x147e9822d820>,16,2,[2 5],25,25,27,0,25
1,<environment.Job instance at 0x147e9822de60>,17,16,[2 5],26,26,42,0,26
1,<environment.Job instance at 0x147e97f95640>,24,3,[9 2],38,42,45,4,38
1,<environment.Job instance at 0x147e97f95780>,25,3,[10  1],39,45,48,6,39
1,<environment.Job instance at 0x147e97f95b90>,26,12,[9 1],41,48,60,7,42
1,<environment.Job instance at 0x147e97f951e0>,30,3,[1 9],45,49,52,4,49
1,<environment.Job instance at 0x147e97f95cd0>,32,2,[ 2 10],47,60,62,13,56
1,<environment.Job instance at 0x147e9822d320>,19,22,[1 5],30,62,84,32,58
1,<environment.Job instance at 0x147e9822d7d0>,0,13,[7 2],2,2,15,0,2
1,<environment.Job instance at 0x147e97fc6690>,2,3,[6 2],6,15,18,9,9
1,<environment.Job instance at 0x147e6a4ed140>,18,1,[2 7],27,29,30,2,29
1,<environment.Job instance at 0x147e6a4ed370>,19,1,[2 5],28,30,31,2,29
1,<environment.Job instance at 0x147e6a4ece10>,14,2,[1 8],21,31,33,10,30
1,<environment.Job instance at 0x147e6a4ed500>,23,3,[2 8],32,34,37,2,34
1,<environment.Job instance at 0x147e6a4ede10>,26,13,[ 1 10],36,38,51,2,38
1,<environment.Job instance at 0x147e6a4edd70>,28,17,[1 9],39,51,68,12,39
1,<environment.Job instance at 0x147e6a4edaa0>,27,16,[8 1],37,51,67,14,39
1,<environment.Job instance at 0x147e6a4ef5f0>,33,1,[8 2],44,68,69,24,46
1,<environment.Job instance at 0x147e6a4f2c80>,1,3,[ 2 10],2,4,7,2,4
1,<environment.Job instance at 0x147e6a4ef1e0>,4,3,[5 2],6,7,10,1,6
1,<environment.Job instance at 0x147e6ab60d20>,5,15,[9 2],7,10,25,3,7
1,<environment.Job instance at 0x147e6abac910>,8,1,[1 7],10,10,11,0,10
1,<environment.Job instance at 0x147e6ab56460>,11,1,[1 8],16,17,18,1,17
1,<environment.Job instance at 0x147e6ab6da50>,14,2,[1 8],19,20,22,1,20
1,<environment.Job instance at 0x147e6abb25a0>,15,3,[1 7],21,22,25,1,22
1,<environment.Job instance at 0x147e6aa86870>,17,27,[1 8],23,25,52,2,24
1,<environment.Job instance at 0x147e6ab5c050>,19,2,[7 2],25,25,27,0,25
1,<environment.Job instance at 0x147e6ab6d410>,20,12,[6 1],26,27,39,1,26
1,<environment.Job instance at 0x147e9416e190>,23,15,[1 7],35,52,67,17,38
1,<environment.Job instance at 0x147e941c2b90>,26,2,[ 2 10],41,67,69,26,41
1,<environment.Job instance at 0x147e94144550>,27,3,[5 2],42,42,45,0,42
1,<environment.Job instance at 0x147e941180a0>,32,19,[ 1 10],48,69,88,21,59
1,<environment.Job instance at 0x147e6ab56050>,2,1,[1 7],3,3,4,0,3
1,<environment.Job instance at 0x147e99a1b730>,1,13,[ 2 10],2,4,17,2,4
1,<environment.Job instance at 0x147e6ab4a140>,6,14,[10  1],9,17,31,8,10
1,<environment.Job instance at 0x147e6ab4a550>,8,2,[8 2],11,31,33,20,11
1,<environment.Job instance at 0x147e6ab4ae60>,9,3,[8 1],12,33,36,21,12
1,<environment.Job instance at 0x147e6ab4aeb0>,10,2,[2 5],13,31,33,18,13
1,<environment.Job instance at 0x147e6ab45820>,12,2,[10  1],15,36,38,21,16
1,<environment.Job instance at 0x147e6ab50dc0>,19,16,[9 1],26,38,54,12,26
1,<environment.Job instance at 0x147e6ab50d70>,24,1,[9 1],35,54,55,19,39
1,<environment.Job instance at 0x147e6ab50320>,20,15,[9 2],30,55,70,25,41
1,<environment.Job instance at 0x147e941c2eb0>,30,3,[2 8],45,70,73,25,48
1,<environment.Job instance at 0x147e6ab45cd0>,0,1,[2 8],2,3,4,1,3
1,<environment.Job instance at 0x147e99952320>,2,2,[7 2],7,10,12,3,10
1,<environment.Job instance at 0x147e999526e0>,5,3,[8 1],12,12,15,0,12
1,<environment.Job instance at 0x147e99952e10>,7,2,[5 2],14,16,18,2,16
1,<environment.Job instance at 0x147e6a698aa0>,10,15,[2 8],18,34,49,16,34
1,<environment.Job instance at 0x147e6a677be0>,22,18,[5 2],33,70,88,37,70
1,<environment.Job instance at 0x147e6a6770f0>,25,18,[8 1],37,90,108,53,90
1,<environment.Job instance at 0x147e6a6772d0>,27,1,[1 8],39,102,103,63,102
1,<environment.Job instance at 0x147e6a677550>,28,3,[1 7],40,108,111,68,108
1,<environment.Job instance at 0x147e6a69b190>,34,2,[10  1],49,143,145,94,143
1,<environment.Job instance at 0x147e6a6a7410>,0,17,[7 1],2,4,21,2,4
1,<environment.Job instance at 0x147e6a6aca00>,2,3,[1 8],5,5,8,0,5
1,<environment.Job instance at 0x147e6a61cc80>,5,3,[ 2 10],11,21,24,10,14
1,<environment.Job instance at 0x147e6a6334b0>,12,21,[7 2],20,24,45,4,20
1,<environment.Job instance at 0x147e6a633780>,14,3,[1 9],22,45,48,23,22
1,<environment.Job instance at 0x147e6a633730>,16,3,[5 1],24,45,48,21,25
1,<environment.Job instance at 0x147e6a633c80>,18,12,[7 1],31,48,60,17,33
1,<environment.Job instance at 0x147e6a633fa0>,21,3,[1 9],34,48,51,14,35
1,<environment.Job instance at 0x147e6a633dc0>,22,3,[1 8],38,38,41,0,38
1,<environment.Job instance at 0x147e6a60c0f0>,23,2,[2 7],41,43,45,2,43
1,<environment.Job instance at 0x147e6a60ca00>,29,1,[1 8],48,51,52,3,48
1,<environment.Job instance at 0x147e6a633c30>,19,20,[8 2],32,67,87,35,67
1,<environment.Job instance at 0x147e9926a960>,6,1,[6 2],11,13,14,2,13
1,<environment.Job instance at 0x147e6a536960>,27,3,[9 1],44,137,140,93,137
1,<environment.Job instance at 0x147e9926ae60>,1,2,[5 1],3,7,9,4,7
1,<environment.Job instance at 0x147e97fcf690>,5,3,[9 2],8,11,14,3,11
1,<environment.Job instance at 0x147e97fcf410>,7,2,[5 2],12,14,16,2,13
1,<environment.Job instance at 0x147e97fcf6e0>,8,3,[1 7],13,18,21,5,18
1,<environment.Job instance at 0x147e97fcfb90>,11,3,[1 7],18,21,24,3,19
1,<environment.Job instance at 0x147e97fcfe10>,13,14,[1 9],20,24,38,4,20
1,<environment.Job instance at 0x147e97fcfe60>,15,26,[9 1],24,27,53,3,27
1,<environment.Job instance at 0x147e97fe10a0>,16,2,[2 9],25,53,55,28,28
1,<environment.Job instance at 0x147e97fe1870>,21,3,[8 1],33,53,56,20,35
1,<environment.Job instance at 0x147e97fe1c30>,24,15,[2 8],38,55,70,17,41
1,<environment.Job instance at 0x147e97fe1f50>,27,1,[2 6],43,70,71,27,43
1,<environment.Job instance at 0x147e97fe1eb0>,28,2,[1 5],45,45,47,0,45
1,<environment.Job instance at 0x147e97fe1e60>,29,2,[8 1],46,56,58,10,46
1,<environment.Job instance at 0x147e97fe44b0>,31,1,[5 1],49,58,59,9,49
1,<environment.Job instance at 0x147e99768a50>,3,16,[2 6],6,8,24,2,8
1,<environment.Job instance at 0x147e99921690>,5,2,[8 2],8,10,12,2,10
1,<environment.Job instance at 0x147e99921140>,6,14,[9 1],10,24,38,14,10
1,<environment.Job instance at 0x147e6a7927d0>,7,3,[10  1],11,38,41,27,16
1,<environment.Job instance at 0x147e6a7924b0>,8,2,[1 7],12,24,26,12,18
1,<environment.Job instance at 0x147e6a792910>,12,2,[1 5],18,26,28,8,21
1,<environment.Job instance at 0x147e998af3c0>,13,15,[10  1],19,41,56,22,30
1,<environment.Job instance at 0x147e998af230>,15,1,[8 2],21,56,57,35,30
1,<environment.Job instance at 0x147e9a335730>,26,2,[ 1 10],36,57,59,21,37
1,<environment.Job instance at 0x147e9986a780>,25,16,[1 5],35,102,118,67,102
1,<environment.Job instance at 0x147e6a101e60>,0,1,[6 2],1,3,4,2,3
1,<environment.Job instance at 0x147e6a1010a0>,1,1,[2 9],2,4,5,2,4
1,<environment.Job instance at 0x147e6a101e10>,3,2,[10  1],4,5,7,1,4
1,<environment.Job instance at 0x147e6a101870>,2,27,[ 2 10],3,7,34,4,6
1,<environment.Job instance at 0x147e6a9bd690>,6,1,[2 5],8,34,35,26,8
1,<environment.Job instance at 0x147e6a9bd640>,8,3,[2 5],11,34,37,23,13
1,<environment.Job instance at 0x147e997cbc80>,20,17,[9 2],28,62,79,34,62
1,<environment.Job instance at 0x147e6a9bdb40>,16,15,[1 8],22,63,78,41,63
1,<environment.Job instance at 0x147e6a7748c0>,24,3,[2 7],32,79,82,47,64
1,<environment.Job instance at 0x147e6a774c30>,31,1,[2 6],41,82,83,41,64
1,<environment.Job instance at 0x147e6a774780>,35,17,[9 1],46,83,100,37,80
1,<environment.Job instance at 0x147e6ab20410>,0,2,[2 6],1,1,3,0,1
1,<environment.Job instance at 0x147e94129190>,5,2,[1 6],7,7,9,0,7
1,<environment.Job instance at 0x147e6ab20d70>,1,3,[9 2],2,7,10,5,7
1,<environment.Job instance at 0x147e6a437d70>,8,13,[5 1],11,11,24,0,11
1,<environment.Job instance at 0x147e6a8391e0>,10,14,[6 1],13,24,38,11,13
1,<environment.Job instance at 0x147e9f3ed3c0>,14,3,[7 1],17,38,41,21,17
1,<environment.Job instance at 0x147e9f3ed0a0>,15,13,[10  1],18,41,54,23,25
1,<environment.Job instance at 0x147e6a1b9f50>,21,3,[1 9],28,28,31,0,28
1,<environment.Job instance at 0x147e6a1b9c30>,25,12,[7 1],34,54,66,20,38
1,<environment.Job instance at 0x147e6a1b9dc0>,23,3,[2 9],30,54,57,24,39
1,<environment.Job instance at 0x147e9f3eda00>,12,14,[2 8],15,57,71,42,46
1,<environment.Job instance at 0x147e9ed3f2d0>,0,12,[1 5],1,1,13,0,1
1,<environment.Job instance at 0x147e6a1b9640>,1,13,[7 2],2,3,16,1,3
1,<environment.Job instance at 0x147e9a3b2f00>,5,16,[1 5],11,13,29,2,11
1,<environment.Job instance at 0x147e9a39c640>,6,1,[1 9],12,29,30,17,14
1,<environment.Job instance at 0x147e9a6a32d0>,2,3,[8 1],3,16,19,13,16
1,<environment.Job instance at 0x147e9a39cbe0>,8,1,[10  2],15,30,31,15,18
1,<environment.Job instance at 0x147e9a39cd20>,11,2,[ 1 10],20,31,33,11,21
1,<environment.Job instance at 0x147e9a39c5a0>,12,16,[ 2 10],22,33,49,11,22
1,<environment.Job instance at 0x147e9a39c7d0>,14,2,[1 6],27,49,51,22,27
1,<environment.Job instance at 0x147e9a39c050>,15,3,[1 9],28,51,54,23,29
1,<environment.Job instance at 0x147e9a39cb90>,20,1,[2 8],39,54,55,15,39
1,<environment.Job instance at 0x147e9a396370>,21,2,[7 2],40,49,51,9,40
1,<environment.Job instance at 0x147e9a3965f0>,23,3,[9 1],42,51,54,9,42
1,<environment.Job instance at 0x147e9a396730>,24,14,[2 8],43,55,69,12,44
1,<environment.Job instance at 0x147e9a396820>,26,27,[1 7],45,69,96,24,67
1,<environment.Job instance at 0x147e9a3968c0>,28,17,[2 8],47,96,113,49,91
1,<environment.Job instance at 0x147e9a3b1cd0>,1,2,[5 1],3,5,7,2,5
1,<environment.Job instance at 0x147e9a39ce60>,3,3,[9 2],5,9,12,4,9
1,<environment.Job instance at 0x147ea09efdc0>,6,1,[5 1],13,14,15,1,14
1,<environment.Job instance at 0x147ea09ef910>,7,13,[10  1],15,15,28,0,15
1,<environment.Job instance at 0x147e6a503050>,11,15,[2 7],20,28,43,8,20
1,<environment.Job instance at 0x147ea09ef6e0>,10,3,[2 8],19,43,46,24,24
1,<environment.Job instance at 0x147e6a503b40>,12,2,[8 2],25,29,31,4,29
1,<environment.Job instance at 0x147e6a503b90>,16,3,[1 9],31,46,49,15,31
1,<environment.Job instance at 0x147e6a503190>,17,1,[2 9],34,49,50,15,38
1,<environment.Job instance at 0x147e9ea430f0>,22,2,[7 1],41,42,44,1,42
1,<environment.Job instance at 0x147e9ea43a50>,24,3,[2 5],44,50,53,6,44
1,<environment.Job instance at 0x147e9ea43820>,25,1,[8 1],45,46,47,1,46
1,<environment.Job instance at 0x147e6a7677d0>,28,18,[5 1],48,48,66,0,48
1,<environment.Job instance at 0x147e9ea43c80>,23,16,[ 1 10],42,74,90,32,74
1,<environment.Job instance at 0x147e9f3a5c30>,0,1,[6 2],1,5,6,4,5
1,<environment.Job instance at 0x147e998167d0>,5,3,[1 5],7,7,10,0,7
1,<environment.Job instance at 0x147e998166e0>,6,3,[2 7],8,10,13,2,8
1,<environment.Job instance at 0x147e99816820>,7,13,[2 5],9,13,26,4,9
1,<environment.Job instance at 0x147e99816870>,8,2,[2 8],10,26,28,16,10
1,<environment.Job instance at 0x147e6a503af0>,9,2,[5 1],11,11,13,0,11
1,<environment.Job instance at 0x147e9f3a5dc0>,3,12,[2 8],5,28,40,23,16
1,<environment.Job instance at 0x147e99811640>,16,1,[9 1],25,40,41,15,28
1,<environment.Job instance at 0x147e99811a50>,20,16,[1 6],31,40,56,9,31
1,<environment.Job instance at 0x147e99811c30>,21,2,[10  2],33,56,58,23,33
1,<environment.Job instance at 0x147e99811d20>,22,3,[1 7],34,58,61,24,34
1,<environment.Job instance at 0x147e99811eb0>,23,14,[9 2],36,41,55,5,37
1,<environment.Job instance at 0x147e99811fa0>,25,2,[7 2],38,38,40,0,38
1,<environment.Job instance at 0x147e99809550>,28,12,[2 9],42,61,73,19,44
1,<environment.Job instance at 0x147e99809870>,31,2,[1 8],45,73,75,28,47
1,<environment.Job instance at 0x147e998115a0>,17,17,[2 8],26,90,107,64,90
1,<environment.Job instance at 0x147e9981ce60>,0,17,[2 9],1,1,18,0,1
1,<environment.Job instance at 0x147e9981ce10>,2,2,[6 2],3,18,20,15,4
1,<environment.Job instance at 0x147e6a1aac30>,4,1,[6 1],6,8,9,2,8
1,<environment.Job instance at 0x147e6a1aa140>,8,3,[8 2],11,20,23,9,11
1,<environment.Job instance at 0x147e6a201f00>,11,2,[2 7],14,18,20,4,15
1,<environment.Job instance at 0x147e6a201b40>,13,3,[7 1],16,23,26,7,16
1,<environment.Job instance at 0x147e6a201eb0>,14,14,[8 2],17,26,40,9,17
1,<environment.Job instance at 0x147e9928a140>,15,2,[1 9],19,23,25,4,19
1,<environment.Job instance at 0x147e9928aa00>,16,2,[7 2],20,40,42,20,20
1,<environment.Job instance at 0x147e9998f320>,17,3,[5 2],22,42,45,20,22
1,<environment.Job instance at 0x147e6a201cd0>,18,13,[2 8],23,25,38,2,23
1,<environment.Job instance at 0x147e6a4ec8c0>,19,1,[8 1],24,45,46,21,25
1,<environment.Job instance at 0x147e6a375a50>,20,1,[1 5],26,38,39,12,26
1,<environment.Job instance at 0x147e6a500140>,21,1,[10  1],28,46,47,18,28
1,<environment.Job instance at 0x147ea0e03fa0>,22,1,[5 2],29,42,43,13,29
1,<environment.Job instance at 0x147e997f51e0>,24,25,[9 1],31,47,72,16,44
1,<environment.Job instance at 0x147e6a5657d0>,31,15,[6 1],40,72,87,32,58
1,<environment.Job instance at 0x147e6a565190>,32,2,[2 9],41,72,74,31,58
1,<environment.Job instance at 0x147e6a565a00>,33,2,[1 5],42,58,60,16,58
1,<environment.Job instance at 0x147e6a361550>,35,14,[2 6],45,74,88,29,60
1,<environment.Job instance at 0x147e9a6115f0>,36,1,[9 1],46,88,89,42,60
1,<environment.Job instance at 0x147e9a611be0>,37,17,[2 5],47,89,106,42,77
1,<environment.Job instance at 0x147ea0a67eb0>,27,21,[2 5],35,89,110,54,85
1,<environment.Job instance at 0x147ea03532d0>,3,17,[9 1],6,6,23,0,6
1,<environment.Job instance at 0x147e97a40140>,8,2,[9 1],12,23,25,11,12
1,<environment.Job instance at 0x147ea0353aa0>,6,1,[2 6],10,25,26,15,13
1,<environment.Job instance at 0x147e97a40230>,9,13,[6 1],14,25,38,11,14
1,<environment.Job instance at 0x147ea0353640>,7,3,[2 6],11,26,29,15,15
1,<environment.Job instance at 0x147e97a40f50>,13,2,[ 1 10],18,38,40,20,18
1,<environment.Job instance at 0x147e97a40550>,12,3,[5 1],17,40,43,23,18
1,<environment.Job instance at 0x147e97a40d70>,10,2,[7 2],15,43,45,28,19
1,<environment.Job instance at 0x147e99908640>,23,1,[7 1],30,84,85,54,84
1,<environment.Job instance at 0x147e97eb8960>,27,1,[6 2],35,96,97,61,96
1,<environment.Job instance at 0x147e97eb80a0>,30,13,[10  1],39,108,121,69,108
1,<environment.Job instance at 0x147e97eb8640>,32,14,[2 9],41,121,135,80,111
1,<environment.Job instance at 0x147e99908af0>,21,1,[8 2],28,135,136,107,111
1,<environment.Job instance at 0x147e97eb84b0>,40,3,[5 2],49,136,139,87,125
1,<environment.Job instance at 0x147e97eb8140>,39,17,[1 8],48,146,163,98,146
1,<environment.Job instance at 0x147e99818140>,1,2,[2 5],2,2,4,0,2
1,<environment.Job instance at 0x147e99818320>,0,3,[2 8],1,6,9,5,6
1,<environment.Job instance at 0x147e9a677a00>,5,3,[10  2],7,9,12,2,7
1,<environment.Job instance at 0x147e9a677910>,6,3,[2 5],9,12,15,3,9
1,<environment.Job instance at 0x147e9a677af0>,7,17,[1 7],10,15,32,5,10
1,<environment.Job instance at 0x147e9a677d70>,8,3,[7 2],11,12,15,1,11
1,<environment.Job instance at 0x147e9a677820>,10,2,[2 7],13,32,34,19,13
1,<environment.Job instance at 0x147e9a677280>,11,18,[6 1],15,15,33,0,15
1,<environment.Job instance at 0x147e9a677500>,14,22,[2 6],19,34,56,15,28
1,<environment.Job instance at 0x147e9a2811e0>,22,2,[7 2],30,33,35,3,32
1,<environment.Job instance at 0x147e9a2813c0>,19,19,[1 5],26,56,75,30,46
1,<environment.Job instance at 0x147e9a281370>,20,1,[8 1],27,46,47,19,46
1,<environment.Job instance at 0x147e9a2810f0>,26,2,[7 2],36,47,49,11,46
1,<environment.Job instance at 0x147e6a324a00>,31,2,[7 2],45,49,51,4,49
1,<environment.Job instance at 0x147e6a324190>,33,14,[5 2],49,51,65,2,49
1,<environment.Job instance at 0x147e9974b500>,7,1,[7 2],12,19,20,7,19
1,<environment.Job instance at 0x147e9a281e10>,5,2,[10  2],7,27,29,20,27
1,<environment.Job instance at 0x147e9974b550>,9,3,[2 5],14,29,32,15,28
1,<environment.Job instance at 0x147e9974b5a0>,10,25,[6 1],15,53,78,38,53
1,<environment.Job instance at 0x147e997386e0>,31,3,[9 2],45,265,268,220,265
1,<environment.Job instance at 0x147e6a161eb0>,0,3,[9 2],1,2,5,1,2
1,<environment.Job instance at 0x147e9ea4bc30>,2,17,[1 8],8,8,25,0,8
1,<environment.Job instance at 0x147e9a2b9910>,3,2,[8 2],10,11,13,1,11
1,<environment.Job instance at 0x147e9a2b9460>,5,3,[1 9],12,25,28,13,12
1,<environment.Job instance at 0x147e9a2b9640>,6,13,[2 9],16,28,41,12,16
1,<environment.Job instance at 0x147e9a2b95f0>,9,1,[1 8],20,41,42,21,25
1,<environment.Job instance at 0x147e9a2b9e10>,15,2,[ 1 10],26,42,44,16,31
1,<environment.Job instance at 0x147e6a152870>,23,2,[6 2],36,44,46,8,37
1,<environment.Job instance at 0x147e6a1524b0>,27,14,[9 2],40,60,74,20,60
1,<environment.Job instance at 0x147e9a3ab1e0>,34,1,[9 2],47,74,75,27,73
1,<environment.Job instance at 0x147e6a152230>,29,16,[1 8],42,84,100,42,84
1,<environment.Job instance at 0x147e9a3abcd0>,35,2,[1 7],48,100,102,52,87
1,<environment.Job instance at 0x146b81dc8a50>,0,12,[2 5],1,1,13,0,1
1,<environment.Job instance at 0x146b7a06e140>,4,2,[7 2],5,8,10,3,8
1,<environment.Job instance at 0x146b80be6e10>,6,18,[8 1],7,10,28,3,9
1,<environment.Job instance at 0x146b81d6a190>,7,1,[2 6],8,13,14,5,9
1,<environment.Job instance at 0x146b7886ab40>,11,3,[1 8],13,14,17,1,14
1,<environment.Job instance at 0x146b787ae2d0>,13,2,[8 1],17,28,30,11,17
1,<environment.Job instance at 0x146b7877b7d0>,14,2,[ 1 10],18,30,32,12,18
1,<environment.Job instance at 0x146b7877b0a0>,16,1,[2 5],21,21,22,0,21
1,<environment.Job instance at 0x146b7876d050>,15,1,[ 1 10],20,32,33,12,21
1,<environment.Job instance at 0x146b7877b280>,17,17,[6 1],23,33,50,10,27
1,<environment.Job instance at 0x146b787776e0>,19,3,[6 2],26,50,53,24,30
1,<environment.Job instance at 0x146b7830d6e0>,23,2,[8 1],31,53,55,22,32
1,<environment.Job instance at 0x146b78777af0>,21,3,[6 1],29,55,58,26,32
1,<environment.Job instance at 0x146b7830c1e0>,25,2,[2 8],34,38,40,4,38
1,<environment.Job instance at 0x146b783079b0>,31,3,[9 2],41,58,61,17,41
1,<environment.Job instance at 0x146b78307500>,33,1,[2 7],43,43,44,0,43
1,<environment.Job instance at 0x146b78308f50>,37,2,[ 1 10],50,71,73,21,71
1,<environment.Job instance at 0x146b78308780>,40,3,[1 6],53,79,82,26,79
1,<environment.Job instance at 0x146b783080a0>,44,3,[1 8],58,99,102,41,99
1,<environment.Job instance at 0x146b78828500>,1,1,[1 6],3,3,4,0,3
1,<environment.Job instance at 0x146b78828730>,3,16,[8 2],6,6,22,0,6
1,<environment.Job instance at 0x146b78828190>,4,12,[9 1],8,22,34,14,8
1,<environment.Job instance at 0x146b78828cd0>,10,1,[10  2],19,34,35,15,22
1,<environment.Job instance at 0x146b78888d20>,13,1,[1 9],25,25,26,0,25
1,<environment.Job instance at 0x146b78888460>,14,17,[8 1],26,35,52,9,26
1,<environment.Job instance at 0x146b788883c0>,15,3,[1 5],27,27,30,0,27
1,<environment.Job instance at 0x146b788882d0>,16,3,[9 2],28,52,55,24,28
1,<environment.Job instance at 0x146b78888e10>,17,3,[10  1],29,55,58,26,30
1,<environment.Job instance at 0x146b7883be60>,12,15,[2 9],22,35,50,13,32
1,<environment.Job instance at 0x146b78888820>,23,1,[2 5],36,50,51,14,40
1,<environment.Job instance at 0x146b7886a5f0>,28,3,[6 2],46,58,61,12,49
1,<environment.Job instance at 0x146b7886a1e0>,33,3,[7 2],51,61,64,10,53
1,<environment.Job instance at 0x146b78aa9dc0>,35,3,[ 2 10],54,64,67,10,54
1,<environment.Job instance at 0x146b78aa9c80>,36,12,[2 8],55,67,79,12,55
1,<environment.Job instance at 0x146b78aa9230>,37,1,[10  1],57,79,80,22,61
1,<environment.Job instance at 0x146b78829500>,2,1,[1 5],3,3,4,0,3
1,<environment.Job instance at 0x146b78828460>,1,2,[2 6],2,4,6,2,3
1,<environment.Job instance at 0x146b7883a320>,3,2,[1 9],6,7,9,1,7
1,<environment.Job instance at 0x146b42daf2d0>,5,1,[2 5],8,9,10,1,9
1,<environment.Job instance at 0x146b42daf3c0>,6,15,[7 1],9,9,24,0,9
1,<environment.Job instance at 0x146b42daf320>,9,3,[2 8],12,14,17,2,14
1,<environment.Job instance at 0x146b42daf550>,8,1,[5 1],11,24,25,13,15
1,<environment.Job instance at 0x146b42dafb40>,13,16,[8 1],17,46,62,29,46
1,<environment.Job instance at 0x146b42dafc30>,15,13,[2 9],20,63,76,43,63
1,<environment.Job instance at 0x146b42db0500>,27,3,[5 2],36,76,79,40,65
1,<environment.Job instance at 0x146b42db0fa0>,38,3,[1 7],51,84,87,33,84
1,<environment.Job instance at 0x146b42db40f0>,40,27,[1 8],53,118,145,65,118
1,<environment.Job instance at 0x146b42db0f50>,36,3,[7 2],48,126,129,78,126
1,<environment.Job instance at 0x146b42db8e10>,0,3,[5 1],3,3,6,0,3
1,<environment.Job instance at 0x146b42db4050>,2,3,[ 2 10],6,9,12,3,9
1,<environment.Job instance at 0x146b7a2b13c0>,5,3,[5 2],12,13,16,1,13
1,<environment.Job instance at 0x146b7a2b1f00>,7,2,[ 2 10],14,16,18,2,14
1,<environment.Job instance at 0x146b7a2b1230>,8,2,[2 9],15,18,20,3,15
1,<environment.Job instance at 0x146b7a2b1320>,10,19,[ 1 10],18,20,39,2,19
1,<environment.Job instance at 0x146b7429e460>,12,3,[5 2],20,39,42,19,20
1,<environment.Job instance at 0x146b7429e2d0>,14,13,[ 2 10],22,42,55,20,26
1,<environment.Job instance at 0x146b7429e550>,18,3,[ 2 10],27,55,58,28,32
1,<environment.Job instance at 0x146b7429ea50>,19,14,[10  1],29,58,72,29,43
1,<environment.Job instance at 0x146b7429e820>,11,2,[9 1],19,72,74,53,46
1,<environment.Job instance at 0x146b7429e8c0>,15,1,[1 7],23,72,73,49,47
1,<environment.Job instance at 0x146b7429e410>,23,2,[2 5],33,74,76,41,47
1,<environment.Job instance at 0x146b7ab11cd0>,29,17,[1 6],41,76,93,35,64
1,<environment.Job instance at 0x146b7aecabe0>,34,1,[9 1],51,76,77,25,67
1,<environment.Job instance at 0x146b43360280>,2,1,[2 6],6,8,9,2,8
1,<environment.Job instance at 0x146b43360190>,4,18,[7 2],9,9,27,0,9
1,<environment.Job instance at 0x146b43360be0>,6,18,[10  1],16,27,45,11,18
1,<environment.Job instance at 0x146b431f0910>,11,1,[7 2],23,45,46,22,27
1,<environment.Job instance at 0x146b7876d410>,16,16,[1 7],29,45,61,16,32
1,<environment.Job instance at 0x146b7876d5f0>,19,1,[1 5],33,61,62,28,33
1,<environment.Job instance at 0x146b4323d050>,23,3,[1 5],39,61,64,22,39
1,<environment.Job instance at 0x146b7fd941e0>,1,1,[2 5],4,4,5,0,4
1,<environment.Job instance at 0x146b78823910>,2,3,[1 8],5,6,9,1,6
1,<environment.Job instance at 0x146b78823eb0>,5,3,[ 2 10],11,13,16,2,13
1,<environment.Job instance at 0x146b81c51cd0>,4,2,[7 2],9,16,18,7,14
1,<environment.Job instance at 0x146b7af07b40>,9,14,[8 1],16,18,32,2,16
1,<environment.Job instance at 0x146b7d3f8550>,10,2,[ 1 10],17,32,34,15,20
1,<environment.Job instance at 0x146b7af07c80>,13,13,[5 2],21,34,47,13,21
1,<environment.Job instance at 0x146b7af07f50>,17,3,[1 7],29,34,37,5,34
1,<environment.Job instance at 0x146b7aee26e0>,22,3,[1 8],38,38,41,0,38
1,<environment.Job instance at 0x146b7aee2140>,23,2,[2 7],41,41,43,0,41
1,<environment.Job instance at 0x146b7aee2f00>,24,2,[9 2],42,47,49,5,43
1,<environment.Job instance at 0x146b7aee27d0>,26,16,[7 2],44,49,65,5,47
1,<environment.Job instance at 0x146b42fa2230>,29,1,[1 8],48,49,50,1,49
1,<environment.Job instance at 0x146b7a256aa0>,30,13,[1 7],50,50,63,0,50
1,<environment.Job instance at 0x146b7a256eb0>,31,12,[2 9],53,65,77,12,53
1,<environment.Job instance at 0x146b7a256190>,32,3,[5 2],54,77,80,23,56
1,<environment.Job instance at 0x146b7aee2af0>,27,1,[ 2 10],45,80,81,35,57
1,<environment.Job instance at 0x146b7a2568c0>,33,2,[ 2 10],55,81,83,26,61
1,<environment.Job instance at 0x146b42ba0c30>,6,1,[1 9],13,16,17,3,16
1,<environment.Job instance at 0x146b42ba0f50>,10,2,[1 6],18,131,133,113,131
1,<environment.Job instance at 0x146b42b9d280>,13,3,[9 1],22,136,139,114,136
1,<environment.Job instance at 0x146b42b9d2d0>,14,16,[9 1],23,155,171,132,155
1,<environment.Job instance at 0x146b42b9d730>,20,2,[2 9],31,171,173,140,169
1,<environment.Job instance at 0x146b42b9d960>,24,3,[5 1],40,236,239,196,236
1,<environment.Job instance at 0x146b42b9db40>,27,1,[2 7],44,246,247,202,246
1,<environment.Job instance at 0x146b42b9de60>,31,3,[6 2],51,259,262,208,259
1,<environment.Job instance at 0x146b42b9df50>,32,2,[5 2],52,291,293,239,291
1,<environment.Job instance at 0x146b42baf0f0>,35,1,[7 2],56,299,300,243,299
1,<environment.Job instance at 0x146b42baf140>,36,3,[1 7],58,303,306,245,303
1,<environment.Job instance at 0x146b42fcaf00>,0,3,[6 1],3,5,8,2,5
1,<environment.Job instance at 0x146b7fcb7a00>,5,12,[5 2],8,8,20,0,8
1,<environment.Job instance at 0x146b7fcc40f0>,8,1,[10  1],14,20,21,6,15
1,<environment.Job instance at 0x146b7fcc4410>,10,15,[2 8],18,21,36,3,18
1,<environment.Job instance at 0x146b7fcc4b40>,11,16,[2 8],19,36,52,17,23
1,<environment.Job instance at 0x146b740627d0>,14,2,[1 5],25,52,54,27,25
1,<environment.Job instance at 0x146b74062780>,16,3,[2 9],27,54,57,27,28
1,<environment.Job instance at 0x146b740625a0>,17,1,[5 1],29,29,30,0,29
1,<environment.Job instance at 0x146b740626e0>,18,3,[1 5],30,57,60,27,31
1,<environment.Job instance at 0x146b74062050>,20,3,[2 8],32,60,63,28,34
1,<environment.Job instance at 0x146b74062c30>,21,1,[1 8],35,63,64,28,35
1,<environment.Job instance at 0x146b42b1a550>,23,3,[1 6],37,64,67,27,38
1,<environment.Job instance at 0x146b787ff640>,27,2,[1 7],42,67,69,25,42
1,<environment.Job instance at 0x146b787ff780>,28,15,[1 5],43,69,84,26,55
1,<environment.Job instance at 0x146b787ff230>,29,3,[1 9],44,84,87,40,58
1,<environment.Job instance at 0x146b787ffd20>,31,2,[1 5],48,58,60,10,58
1,<environment.Job instance at 0x146b787ff8c0>,33,1,[2 8],50,87,88,37,59
1,<environment.Job instance at 0x146b787ff7d0>,34,1,[8 2],51,60,61,9,59
1,<environment.Job instance at 0x146b78329f00>,36,2,[6 1],54,99,101,45,99
1,<environment.Job instance at 0x146b7fcb7910>,4,16,[2 9],7,155,171,148,155
1,<environment.Job instance at 0x146b74062550>,13,1,[2 6],23,173,174,150,173
1,<environment.Job instance at 0x146b7ab250f0>,0,2,[1 7],1,2,4,1,2
1,<environment.Job instance at 0x146b7ab25cd0>,2,18,[8 2],3,3,21,0,3
1,<environment.Job instance at 0x146b42ba5c30>,1,1,[1 5],2,4,5,2,3
1,<environment.Job instance at 0x146b43215b90>,6,17,[2 9],7,21,38,14,9
1,<environment.Job instance at 0x146b43215d70>,10,2,[1 8],11,11,13,0,11
1,<environment.Job instance at 0x146b43202410>,13,3,[5 2],16,38,41,22,18
1,<environment.Job instance at 0x146b432025a0>,15,2,[2 8],19,19,21,0,19
1,<environment.Job instance at 0x146b43202c30>,20,2,[2 7],26,38,40,12,26
1,<environment.Job instance at 0x146b43202d20>,21,1,[5 2],27,40,41,13,27
1,<environment.Job instance at 0x146b43202eb0>,22,1,[2 5],28,41,42,13,28
1,<environment.Job instance at 0x146b43202e10>,23,2,[ 1 10],30,42,44,12,30
1,<environment.Job instance at 0x146b43206190>,24,3,[2 5],31,44,47,13,31
1,<environment.Job instance at 0x146b43206370>,25,12,[6 1],32,44,56,12,32
1,<environment.Job instance at 0x146b432064b0>,26,2,[5 2],33,56,58,23,33
1,<environment.Job instance at 0x146b43206870>,29,1,[7 2],38,41,42,3,38
1,<environment.Job instance at 0x146b432069b0>,30,3,[10  2],39,58,61,19,42
1,<environment.Job instance at 0x146b43206e10>,34,19,[2 9],46,61,80,15,53
1,<environment.Job instance at 0x146b432065a0>,28,2,[7 1],37,61,63,24,53
1,<environment.Job instance at 0x146b43206dc0>,38,2,[1 5],50,53,55,3,53
1,<environment.Job instance at 0x146b43206fa0>,39,1,[1 7],51,55,56,4,55
1,<environment.Job instance at 0x146b4320b0a0>,41,2,[1 5],53,56,58,3,55
1,<environment.Job instance at 0x146b74089370>,1,3,[1 7],3,3,6,0,3
1,<environment.Job instance at 0x146b432366e0>,0,1,[2 6],1,6,7,5,3
1,<environment.Job instance at 0x146b43236640>,2,17,[2 7],4,7,24,3,5
1,<environment.Job instance at 0x146b7a0458c0>,6,1,[10  1],8,24,25,16,8
1,<environment.Job instance at 0x146b42b00a00>,13,16,[ 2 10],15,25,41,10,18
1,<environment.Job instance at 0x146b7a045730>,8,12,[9 2],10,41,53,31,25
1,<environment.Job instance at 0x146b42d97a50>,23,3,[7 1],27,53,56,26,32
1,<environment.Job instance at 0x146b42b60910>,26,1,[ 2 10],30,56,57,26,32
1,<environment.Job instance at 0x146b42e59140>,28,3,[7 1],36,57,60,21,38
1,<environment.Job instance at 0x146b7ab6feb0>,31,16,[10  1],39,60,76,21,47
1,<environment.Job instance at 0x146b7ab6f3c0>,32,3,[2 9],40,53,56,13,47
1,<environment.Job instance at 0x146b7ab6faf0>,34,12,[7 1],44,76,88,32,59
1,<environment.Job instance at 0x146b79f47b40>,35,3,[10  1],47,88,91,41,62
1,<environment.Job instance at 0x146b79f478c0>,39,18,[2 6],54,91,109,37,80
1,<environment.Job instance at 0x146b7fc4c910>,40,1,[7 1],56,91,92,35,81
1,<environment.Job instance at 0x146b7a2b1820>,21,14,[2 8],25,109,123,84,98
1,<environment.Job instance at 0x146b741c28c0>,0,12,[1 5],1,1,13,0,1
1,<environment.Job instance at 0x146b741c2870>,1,13,[7 2],2,3,16,1,3
1,<environment.Job instance at 0x146b741c2410>,4,18,[1 5],7,13,31,6,8
1,<environment.Job instance at 0x146b741c25a0>,5,16,[1 5],11,16,32,5,12
1,<environment.Job instance at 0x146b42b1ff00>,7,3,[2 9],14,32,35,18,15
1,<environment.Job instance at 0x146b741c2fa0>,6,1,[1 9],12,35,36,23,17
1,<environment.Job instance at 0x146b42b1f4b0>,9,1,[5 2],16,31,32,15,18
1,<environment.Job instance at 0x146b43055190>,11,2,[ 1 10],20,36,38,16,20
1,<environment.Job instance at 0x146b43055780>,13,3,[10  2],23,38,41,15,23
1,<environment.Job instance at 0x146b430557d0>,14,2,[1 6],27,41,43,14,27
1,<environment.Job instance at 0x146b43055370>,16,16,[2 7],31,43,59,12,31
1,<environment.Job instance at 0x146b43055640>,17,1,[6 2],32,41,42,9,32
1,<environment.Job instance at 0x146b430555f0>,18,3,[10  2],34,59,62,25,35
1,<environment.Job instance at 0x146b43055f00>,20,1,[2 8],39,62,63,23,39
1,<environment.Job instance at 0x146b43055140>,21,2,[7 2],40,42,44,2,40
1,<environment.Job instance at 0x146b42d17550>,23,3,[9 1],42,63,66,21,44
1,<environment.Job instance at 0x146b42d17050>,29,2,[6 1],49,57,59,8,57
1,<environment.Job instance at 0x146b42d17aa0>,30,2,[ 1 10],50,66,68,16,57
1,<environment.Job instance at 0x146b42d17640>,31,3,[9 2],52,68,71,16,57
1,<environment.Job instance at 0x146b42d17dc0>,32,2,[5 1],53,71,73,18,57
1,<environment.Job instance at 0x146b42d176e0>,33,17,[1 9],54,71,88,17,59
1,<environment.Job instance at 0x146b42d17730>,35,2,[2 9],57,88,90,31,61
1,<environment.Job instance at 0x146b430b6460>,0,15,[2 8],2,2,17,0,2
1,<environment.Job instance at 0x146b430b6f50>,1,1,[5 1],3,7,8,4,7
1,<environment.Job instance at 0x146b430b6a50>,4,1,[10  2],8,17,18,9,10
1,<environment.Job instance at 0x146b430b61e0>,6,15,[2 7],10,18,33,8,11
1,<environment.Job instance at 0x146b7fccfe60>,10,1,[8 1],19,19,20,0,19
1,<environment.Job instance at 0x146b7fccfaf0>,9,3,[6 2],17,22,25,5,22
1,<environment.Job instance at 0x146b7fccf050>,12,1,[2 9],24,33,34,9,24
1,<environment.Job instance at 0x146b7fccf500>,13,2,[7 2],25,25,27,0,25
1,<environment.Job instance at 0x146b7fccff00>,14,12,[7 1],26,27,39,1,27
1,<environment.Job instance at 0x146b7fccf1e0>,16,3,[9 2],28,39,42,11,28
1,<environment.Job instance at 0x146b7fccfa00>,17,2,[7 1],31,42,44,11,33
1,<environment.Job instance at 0x146b78aa9d70>,21,28,[5 1],36,44,72,8,44
1,<environment.Job instance at 0x146b78aa93c0>,28,1,[7 1],44,72,73,28,44
1,<environment.Job instance at 0x146b4333c370>,29,12,[2 8],45,46,58,1,46
1,<environment.Job instance at 0x146b4333c0f0>,32,3,[2 7],48,58,61,10,50
1,<environment.Job instance at 0x146b4333cd20>,39,3,[7 2],59,73,76,14,59
1,<environment.Job instance at 0x146b42f6e820>,0,14,[1 5],1,1,15,0,1
1,<environment.Job instance at 0x146b42b6e7d0>,1,12,[2 6],3,15,27,12,3
1,<environment.Job instance at 0x146b7aec5410>,5,16,[8 1],10,10,26,0,10
1,<environment.Job instance at 0x146b7aec5460>,7,2,[10  2],13,27,29,14,13
1,<environment.Job instance at 0x146b7aec55f0>,8,3,[1 7],14,29,32,15,14
1,<environment.Job instance at 0x146b7aec5820>,9,14,[9 2],16,29,43,13,16
1,<environment.Job instance at 0x146b7aec5af0>,15,3,[9 2],23,43,46,20,23
1,<environment.Job instance at 0x146b7aec5e60>,16,13,[1 9],24,46,59,22,30
1,<environment.Job instance at 0x146b7aec5e10>,20,19,[2 5],30,59,78,29,49
1,<environment.Job instance at 0x146b7aeb7410>,23,2,[6 2],33,59,61,26,49
1,<environment.Job instance at 0x146b7aeb7370>,24,17,[5 2],34,61,78,27,49
1,<environment.Job instance at 0x146b7aeb77d0>,29,3,[8 2],41,78,81,37,52
1,<environment.Job instance at 0x146b7aeb7960>,30,1,[1 7],42,78,79,36,52
1,<environment.Job instance at 0x146b7aeb7a50>,31,1,[6 2],43,81,82,38,53
1,<environment.Job instance at 0x146b7aeb7730>,33,16,[ 2 10],45,82,98,37,69
1,<environment.Job instance at 0x146b7aed6140>,37,2,[7 2],50,98,100,48,71
1,<environment.Job instance at 0x146b433395f0>,41,1,[1 5],56,98,99,42,82
1,<environment.Job instance at 0x146b79f556e0>,42,1,[10  1],58,100,101,42,83
1,<environment.Job instance at 0x146b79f55a00>,43,1,[5 2],59,101,102,42,83
1,<environment.Job instance at 0x146b7aeb70a0>,21,17,[2 9],31,128,145,97,128
1,<environment.Job instance at 0x146b4312fd70>,0,25,[9 1],1,4,29,3,4
1,<environment.Job instance at 0x146b79f559b0>,9,2,[1 5],12,12,14,0,12
1,<environment.Job instance at 0x146b79f552d0>,10,16,[1 8],13,14,30,1,13
1,<environment.Job instance at 0x146b79f51e10>,11,14,[2 6],15,30,44,15,16
1,<environment.Job instance at 0x146b78812230>,17,2,[5 1],22,29,31,7,24
1,<environment.Job instance at 0x146b788124b0>,18,1,[1 7],23,44,45,21,24
1,<environment.Job instance at 0x146b78812280>,19,17,[9 1],26,44,61,18,32
1,<environment.Job instance at 0x146b788121e0>,20,1,[6 2],27,32,33,5,32
1,<environment.Job instance at 0x146b78aa88c0>,25,13,[6 1],34,61,74,27,46
1,<environment.Job instance at 0x146b7aec5b40>,2,21,[ 2 10],4,74,95,70,66
1,<environment.Job instance at 0x146b78ab8870>,37,1,[8 2],48,101,102,53,101
1,<environment.Job instance at 0x146b78ab82d0>,43,1,[6 2],55,128,129,73,128
1,<environment.Job instance at 0x146b7f39ca00>,0,14,[2 9],1,1,15,0,1
1,<environment.Job instance at 0x146b78ab8550>,1,2,[7 2],2,15,17,13,3
1,<environment.Job instance at 0x146b7f39c320>,2,3,[10  1],3,17,20,14,3
1,<environment.Job instance at 0x146b78ab8370>,3,3,[6 1],4,7,10,3,7
1,<environment.Job instance at 0x146b7ae7a730>,12,13,[7 2],14,20,33,6,16
1,<environment.Job instance at 0x146b7ae7d4b0>,19,2,[2 9],22,33,35,11,22
1,<environment.Job instance at 0x146b7ae7d910>,23,2,[10  1],27,35,37,8,27
1,<environment.Job instance at 0x146b7ae7da50>,24,22,[2 6],29,37,59,8,30
1,<environment.Job instance at 0x146b7ae7dc30>,26,16,[6 2],31,37,53,6,31
1,<environment.Job instance at 0x146b7ae7dd70>,27,1,[6 1],32,33,34,1,33
1,<environment.Job instance at 0x146b7ae7df50>,28,2,[9 1],34,59,61,25,34
1,<environment.Job instance at 0x146b7ae86190>,34,3,[1 8],43,59,62,16,44
1,<environment.Job instance at 0x146b7ae86460>,35,1,[ 2 10],44,62,63,18,44
1,<environment.Job instance at 0x146b7ae86870>,36,2,[7 2],46,53,55,7,46
1,<environment.Job instance at 0x146b7ae869b0>,38,2,[6 1],49,55,57,6,49
1,<environment.Job instance at 0x146b7ae86be0>,39,17,[1 7],50,63,80,13,51
1,<environment.Job instance at 0x146b7ae86c30>,42,1,[1 5],57,80,81,23,59
1,<environment.Job instance at 0x146b7ae7d370>,22,15,[2 9],26,108,123,82,108
1,<environment.Job instance at 0x146b7ae7dfa0>,31,1,[5 1],39,113,114,74,113
1,<environment.Job instance at 0x146b742e3b90>,4,1,[2 9],6,7,8,1,7
1,<environment.Job instance at 0x146b742e3190>,8,2,[2 7],13,17,19,4,17
1,<environment.Job instance at 0x146b7833d730>,9,3,[2 5],14,19,22,5,19
1,<environment.Job instance at 0x146b742e3e60>,10,25,[6 1],15,19,44,4,19
1,<environment.Job instance at 0x146b42d4f410>,15,3,[9 2],23,44,47,21,36
1,<environment.Job instance at 0x146b42d4f7d0>,20,1,[10  1],31,63,64,32,63
1,<environment.Job instance at 0x146b42fec7d0>,25,15,[2 5],39,97,112,58,97
1,<environment.Job instance at 0x146b42dd3c30>,2,13,[2 9],6,8,21,2,8
1,<environment.Job instance at 0x146b42dd3910>,6,2,[2 9],11,21,23,10,12
1,<environment.Job instance at 0x146b42dd3960>,5,1,[1 8],10,23,24,13,12
1,<environment.Job instance at 0x146b42ddde10>,8,15,[10  1],13,24,39,11,14
1,<environment.Job instance at 0x146b42dddb90>,10,1,[8 2],15,23,24,8,19
1,<environment.Job instance at 0x146b42ddd460>,19,2,[6 2],26,39,41,13,26
1,<environment.Job instance at 0x146b43085640>,20,3,[9 1],27,41,44,14,28
1,<environment.Job instance at 0x146b430852d0>,24,1,[1 9],31,41,42,10,31
1,<environment.Job instance at 0x146b43085140>,25,16,[1 8],32,42,58,10,32
1,<environment.Job instance at 0x146b43027b90>,30,1,[9 2],37,44,45,7,37
1,<environment.Job instance at 0x146b43027c80>,31,2,[1 7],38,58,60,20,40
1,<environment.Job instance at 0x146b43027f00>,34,23,[2 6],44,60,83,16,54
1,<environment.Job instance at 0x146b43027410>,37,1,[5 2],48,65,66,17,65
1,<environment.Job instance at 0x146b43027b40>,38,1,[8 2],49,66,67,17,65
1,<environment.Job instance at 0x146b43027460>,39,2,[7 2],51,67,69,16,65
1,<environment.Job instance at 0x146b430273c0>,40,3,[6 1],53,69,72,16,65
1,<environment.Job instance at 0x146b43027c30>,41,2,[10  1],54,83,85,29,65
1,<environment.Job instance at 0x146b7401dc80>,43,3,[5 1],56,72,75,16,65
1,<environment.Job instance at 0x146b7401dcd0>,44,3,[1 6],57,85,88,28,65
1,<environment.Job instance at 0x146b42ddd3c0>,9,28,[5 2],14,85,113,71,85
1,<environment.Job instance at 0x146b7ac21190>,4,1,[2 6],10,11,12,1,11
1,<environment.Job instance at 0x146b7f5ba820>,5,2,[9 2],13,17,19,4,17
1,<environment.Job instance at 0x146b432b3e60>,17,1,[ 2 10],37,68,69,31,68
1,<environment.Job instance at 0x146b7fc8f410>,0,2,[6 2],1,3,5,2,3
1,<environment.Job instance at 0x146b7fc8f6e0>,3,15,[1 9],6,6,21,0,6
1,<environment.Job instance at 0x146b432ba5f0>,6,1,[7 1],9,9,10,0,9
1,<environment.Job instance at 0x146b432bab90>,10,2,[8 2],15,21,23,6,17
1,<environment.Job instance at 0x146b432baf50>,13,15,[6 1],22,26,41,4,26
1,<environment.Job instance at 0x146b740148c0>,20,14,[2 6],33,33,47,0,33
1,<environment.Job instance at 0x146b74014b40>,21,1,[ 2 10],34,47,48,13,34
1,<environment.Job instance at 0x146b74014550>,22,2,[2 8],35,48,50,13,35
1,<environment.Job instance at 0x146b432bad20>,14,2,[8 2],23,41,43,18,37
1,<environment.Job instance at 0x146b740142d0>,23,1,[1 7],38,50,51,12,41
1,<environment.Job instance at 0x146b74014140>,26,27,[5 2],42,48,75,6,48
1,<environment.Job instance at 0x146b740144b0>,29,1,[ 2 10],45,75,76,30,48
1,<environment.Job instance at 0x146b740141e0>,30,12,[2 8],48,51,63,3,48
1,<environment.Job instance at 0x146b7403d5a0>,31,3,[ 1 10],51,76,79,25,52
1,<environment.Job instance at 0x146b7403d460>,32,1,[8 2],52,79,80,27,53
1,<environment.Job instance at 0x146b7ac339b0>,34,2,[8 1],55,80,82,25,55
1,<environment.Job instance at 0x146b432e4280>,36,1,[7 1],57,82,83,25,59
1,<environment.Job instance at 0x146b432e4500>,37,1,[2 6],59,71,72,12,71
1,<environment.Job instance at 0x146b7a145f50>,0,3,[8 2],3,4,7,1,4
1,<environment.Job instance at 0x146b432e45a0>,2,3,[2 8],5,5,8,0,5
1,<environment.Job instance at 0x146b432e4500>,3,2,[7 1],6,7,9,1,7
1,<environment.Job instance at 0x146b79fde870>,8,15,[10  2],13,13,28,0,13
1,<environment.Job instance at 0x146b7aba1b40>,10,2,[ 2 10],16,28,30,12,16
1,<environment.Job instance at 0x146b7aba1cd0>,12,1,[1 9],19,30,31,11,20
1,<environment.Job instance at 0x146b7aba11e0>,17,3,[9 1],26,30,33,4,27
1,<environment.Job instance at 0x146b7aba1410>,18,12,[9 1],27,72,84,45,72
1,<environment.Job instance at 0x146b787fe960>,28,1,[2 9],41,121,122,80,121
1,<environment.Job instance at 0x146b787fe5f0>,36,3,[2 9],51,123,126,72,123
1,<environment.Job instance at 0x146b787feeb0>,33,3,[2 5],48,130,133,82,130
1,<environment.Job instance at 0x146b787fe230>,40,1,[7 1],55,130,131,75,130
1,<environment.Job instance at 0x146b43248960>,44,3,[2 5],59,150,153,91,150
1,<environment.Job instance at 0x14626c402d20>,3,1,[6 2],4,5,6,1,5
1,<environment.Job instance at 0x146265692190>,8,13,[6 1],9,11,24,2,11
1,<environment.Job instance at 0x14626da13d70>,10,13,[2 8],12,12,25,0,12
1,<environment.Job instance at 0x146267929730>,9,2,[6 1],11,24,26,13,15
1,<environment.Job instance at 0x14626557b910>,14,2,[ 1 10],18,26,28,8,18
1,<environment.Job instance at 0x146265139820>,29,16,[10  2],39,53,69,14,53
1,<environment.Job instance at 0x146265135d20>,37,2,[ 1 10],50,69,71,19,54
1,<environment.Job instance at 0x146265135be0>,35,2,[1 8],45,71,73,26,56
1,<environment.Job instance at 0x146265135460>,39,3,[1 5],52,73,76,21,63
1,<environment.Job instance at 0x146265136690>,42,1,[10  1],56,76,77,20,64
1,<environment.Job instance at 0x146265134c80>,49,16,[8 2],66,77,93,11,72
1,<environment.Job instance at 0x1462651344b0>,47,1,[1 6],63,77,78,14,74
1,<environment.Job instance at 0x14626514f640>,1,3,[6 1],3,6,9,3,6
1,<environment.Job instance at 0x1462651345a0>,2,2,[2 5],5,9,11,4,9
1,<environment.Job instance at 0x1462656ad5f0>,5,22,[1 5],10,10,32,0,10
1,<environment.Job instance at 0x1462656893c0>,3,16,[2 5],6,11,27,5,11
1,<environment.Job instance at 0x1462656ad8c0>,7,1,[1 9],15,32,33,17,17
1,<environment.Job instance at 0x1462656adaa0>,6,15,[2 9],12,33,48,21,19
1,<environment.Job instance at 0x1462656ad050>,13,3,[2 9],22,48,51,26,23
1,<environment.Job instance at 0x1462656ad370>,10,3,[9 2],18,27,30,9,25
1,<environment.Job instance at 0x1462656adb40>,17,1,[2 5],26,30,31,4,26
1,<environment.Job instance at 0x1462658f9c30>,22,3,[6 2],36,51,54,15,37
1,<environment.Job instance at 0x1462658f9460>,24,2,[2 5],38,51,53,13,38
1,<environment.Job instance at 0x1462658f9b90>,27,3,[7 2],41,54,57,13,42
1,<environment.Job instance at 0x1462658f90f0>,26,3,[2 9],40,57,60,17,44
1,<environment.Job instance at 0x1462658f9a00>,29,3,[ 2 10],44,60,63,16,47
1,<environment.Job instance at 0x1462658d4cd0>,32,2,[ 1 10],48,63,65,15,49
1,<environment.Job instance at 0x1462658d40f0>,30,12,[2 8],45,65,77,20,51
1,<environment.Job instance at 0x1462658d45a0>,34,2,[1 8],51,53,55,2,51
1,<environment.Job instance at 0x1462658d46e0>,35,2,[2 6],52,55,57,3,53
1,<environment.Job instance at 0x14626557bdc0>,43,3,[2 8],62,77,80,15,65
1,<environment.Job instance at 0x1462655f5960>,47,16,[8 1],67,67,83,0,67
1,<environment.Job instance at 0x14626557bc30>,44,12,[9 2],64,83,95,19,67
1,<environment.Job instance at 0x146265692910>,0,1,[2 8],1,5,6,4,5
1,<environment.Job instance at 0x1462656929b0>,5,18,[1 8],6,6,24,0,6
1,<environment.Job instance at 0x14623fbb8690>,13,18,[2 6],18,24,42,6,18
1,<environment.Job instance at 0x14623fbb87d0>,14,1,[1 6],19,42,43,23,21
1,<environment.Job instance at 0x14623fbb8fa0>,22,3,[1 7],31,43,46,12,32
1,<environment.Job instance at 0x14623fbb93c0>,25,3,[1 9],34,46,49,12,42
1,<environment.Job instance at 0x14623fbb9410>,24,27,[1 8],33,49,76,16,47
1,<environment.Job instance at 0x14623fbb95a0>,31,3,[ 2 10],46,76,79,30,50
1,<environment.Job instance at 0x14623fbb9e10>,36,2,[ 2 10],54,79,81,25,55
1,<environment.Job instance at 0x14623fbbd050>,37,2,[2 9],55,81,83,26,55
1,<environment.Job instance at 0x14623fbbd4b0>,38,17,[ 2 10],56,83,100,27,72
1,<environment.Job instance at 0x14623fbbd5f0>,40,2,[9 1],59,100,102,41,80
1,<environment.Job instance at 0x14623fbbd730>,42,2,[ 1 10],61,102,104,41,80
1,<environment.Job instance at 0x14623fbbd9b0>,46,15,[1 7],65,104,119,39,90
1,<environment.Job instance at 0x14623fbbd960>,47,3,[ 2 10],67,119,122,52,93
1,<environment.Job instance at 0x14623fbb9690>,28,28,[2 8],39,130,158,91,130
1,<environment.Job instance at 0x14623fbb9050>,27,12,[6 1],36,140,152,104,140
1,<environment.Job instance at 0x14623fb41a50>,1,3,[8 1],2,3,6,1,3
1,<environment.Job instance at 0x14623fbb8b40>,3,3,[6 1],4,6,9,2,6
1,<environment.Job instance at 0x14625c28e910>,5,3,[ 2 10],7,9,12,2,8
1,<environment.Job instance at 0x14623fb41870>,0,2,[8 2],1,12,14,11,8
1,<environment.Job instance at 0x14625c29d730>,2,2,[2 5],3,12,14,9,11
1,<environment.Job instance at 0x14625c289a50>,8,17,[1 6],11,14,31,3,12
1,<environment.Job instance at 0x14625c28ee60>,10,1,[2 6],13,31,32,18,14
1,<environment.Job instance at 0x146264044d70>,12,15,[9 2],20,32,47,12,20
1,<environment.Job instance at 0x146264044050>,13,1,[9 1],21,23,24,2,23
1,<environment.Job instance at 0x146264044460>,19,2,[1 5],29,32,34,3,32
1,<environment.Job instance at 0x146264018f00>,22,3,[2 8],35,47,50,12,35
1,<environment.Job instance at 0x146267083fa0>,26,1,[2 8],42,50,51,8,43
1,<environment.Job instance at 0x146267c93dc0>,27,18,[10  1],46,51,69,5,46
1,<environment.Job instance at 0x1462640bc370>,31,3,[8 1],52,69,72,17,52
1,<environment.Job instance at 0x146267a5ae60>,32,1,[7 2],53,72,73,19,53
1,<environment.Job instance at 0x146267a5a9b0>,35,14,[6 1],57,106,120,49,106
1,<environment.Job instance at 0x146264040960>,42,3,[ 2 10],65,120,123,55,112
1,<environment.Job instance at 0x14625c1eb960>,0,1,[2 8],1,3,4,2,3
1,<environment.Job instance at 0x146267a5a4b0>,2,18,[5 2],3,3,21,0,3
1,<environment.Job instance at 0x146267a5afa0>,3,2,[8 2],5,21,23,16,7
1,<environment.Job instance at 0x14625c1eb5f0>,4,3,[1 7],6,10,13,4,10
1,<environment.Job instance at 0x14625c1eb820>,9,2,[5 2],12,15,17,3,15
1,<environment.Job instance at 0x14625c1f2460>,13,12,[7 1],18,23,35,5,18
1,<environment.Job instance at 0x14625c1f2690>,18,3,[1 8],25,26,29,1,26
1,<environment.Job instance at 0x14625c1f2cd0>,19,12,[7 2],27,35,47,8,27
1,<environment.Job instance at 0x14625c1f27d0>,17,1,[2 5],24,29,30,5,28
1,<environment.Job instance at 0x14625c252500>,23,2,[2 5],34,34,36,0,34
1,<environment.Job instance at 0x14625c252d20>,28,21,[7 2],40,47,68,7,40
1,<environment.Job instance at 0x14625c175dc0>,30,3,[1 9],42,68,71,26,53
1,<environment.Job instance at 0x14625c1752d0>,40,2,[9 2],62,71,73,9,62
1,<environment.Job instance at 0x14625c175af0>,41,3,[5 2],63,73,76,10,64
1,<environment.Job instance at 0x14625c140140>,43,1,[ 2 10],65,76,77,11,66
1,<environment.Job instance at 0x14625c140780>,44,18,[5 2],67,77,95,10,71
1,<environment.Job instance at 0x14626d9fc7d0>,0,12,[2 9],3,3,15,0,3
1,<environment.Job instance at 0x14626cb45050>,1,3,[5 2],4,15,18,11,5
1,<environment.Job instance at 0x14626e09bcd0>,3,15,[8 2],6,18,33,12,7
1,<environment.Job instance at 0x146267d28780>,7,3,[2 7],13,15,18,2,13
1,<environment.Job instance at 0x146267d28e10>,9,2,[8 1],18,33,35,15,33
1,<environment.Job instance at 0x146267d289b0>,14,1,[9 2],25,35,36,10,34
1,<environment.Job instance at 0x146267d28320>,11,2,[1 6],22,94,96,72,94
1,<environment.Job instance at 0x14626cab1640>,19,3,[9 1],32,94,97,62,94
1,<environment.Job instance at 0x14626cab1cd0>,25,3,[10  2],40,140,143,100,140
1,<environment.Job instance at 0x14626cab14b0>,28,18,[6 2],46,212,230,166,212
1,<environment.Job instance at 0x14626cab1230>,3,2,[2 5],6,7,9,1,7
1,<environment.Job instance at 0x14626cb7fd70>,1,26,[9 1],4,9,35,5,8
1,<environment.Job instance at 0x14623f917550>,7,3,[8 1],13,35,38,22,13
1,<environment.Job instance at 0x14623f917370>,9,27,[1 7],15,15,42,0,15
1,<environment.Job instance at 0x14623f917c30>,14,2,[1 5],25,42,44,17,25
1,<environment.Job instance at 0x14623f917d70>,15,2,[8 1],26,38,40,12,26
1,<environment.Job instance at 0x14623f917eb0>,16,3,[2 9],27,44,47,17,27
1,<environment.Job instance at 0x14623f917c80>,17,1,[5 1],29,40,41,11,29
1,<environment.Job instance at 0x14623f931640>,22,16,[2 6],36,47,63,11,36
1,<environment.Job instance at 0x14623f931500>,23,3,[1 6],37,63,66,26,37
1,<environment.Job instance at 0x14623f931c30>,24,2,[8 2],38,41,43,3,38
1,<environment.Job instance at 0x14623f931280>,25,14,[9 1],40,63,77,23,48
1,<environment.Job instance at 0x14623f931be0>,27,2,[1 7],42,66,68,24,48
1,<environment.Job instance at 0x14623f9319b0>,28,15,[1 5],43,68,83,25,54
1,<environment.Job instance at 0x14623f931820>,31,2,[1 5],48,77,79,29,55
1,<environment.Job instance at 0x14623f931910>,33,1,[2 8],50,83,84,33,56
1,<environment.Job instance at 0x14623f931320>,34,1,[8 2],51,58,59,7,58
1,<environment.Job instance at 0x14623f931af0>,32,15,[10  1],49,84,99,35,70
1,<environment.Job instance at 0x14623f937dc0>,36,2,[6 1],54,79,81,25,70
1,<environment.Job instance at 0x146265597d20>,38,3,[10  2],57,99,102,42,73
1,<environment.Job instance at 0x14623f91b8c0>,44,16,[1 5],65,155,171,90,155
1,<environment.Job instance at 0x14623f91ed70>,0,2,[1 8],1,4,6,3,4
1,<environment.Job instance at 0x14623fb0d190>,4,1,[6 2],8,9,10,1,9
1,<environment.Job instance at 0x14623fb0d2d0>,5,2,[2 8],9,10,12,1,10
1,<environment.Job instance at 0x14623fb0d1e0>,8,27,[ 2 10],13,14,41,1,14
1,<environment.Job instance at 0x14623fb0de10>,9,2,[10  1],14,41,43,27,19
1,<environment.Job instance at 0x14623fb371e0>,22,15,[1 8],32,43,58,11,32
1,<environment.Job instance at 0x14623fb37d20>,23,3,[1 7],33,58,61,25,36
1,<environment.Job instance at 0x146266eed460>,33,1,[2 5],46,91,92,45,91
1,<environment.Job instance at 0x146266eed230>,34,15,[7 1],47,103,118,56,103
1,<environment.Job instance at 0x146266ed6e10>,47,3,[9 2],62,120,123,58,120
1,<environment.Job instance at 0x14626c1141e0>,0,13,[5 1],1,1,14,0,1
1,<environment.Job instance at 0x146266eedd70>,3,1,[2 5],4,4,5,0,4
1,<environment.Job instance at 0x146266eed0a0>,1,2,[1 8],2,5,7,3,4
1,<environment.Job instance at 0x14625c2bdbe0>,4,14,[2 8],5,7,21,2,5
1,<environment.Job instance at 0x146267ccd370>,7,13,[10  1],8,21,34,13,8
1,<environment.Job instance at 0x146267ccdaf0>,12,3,[2 8],17,34,37,17,21
1,<environment.Job instance at 0x146267d01370>,20,3,[8 1],30,40,43,10,40
1,<environment.Job instance at 0x146267d012d0>,23,1,[7 1],36,56,57,20,56
1,<environment.Job instance at 0x146267d016e0>,25,14,[2 5],38,68,82,30,68
1,<environment.Job instance at 0x146267d01be0>,37,26,[2 8],58,117,143,59,117
1,<environment.Job instance at 0x146267d01d70>,33,1,[1 9],52,143,144,91,124
1,<environment.Job instance at 0x146267cd9f00>,0,16,[2 7],1,3,19,2,3
1,<environment.Job instance at 0x146267ccd140>,1,1,[6 2],2,5,6,3,5
1,<environment.Job instance at 0x14626c121aa0>,2,3,[10  2],4,19,22,15,9
1,<environment.Job instance at 0x14623f891fa0>,8,14,[2 8],13,22,36,9,13
1,<environment.Job instance at 0x14623f891280>,9,2,[5 2],14,16,18,2,16
1,<environment.Job instance at 0x146266d96410>,17,17,[1 9],24,36,53,12,24
1,<environment.Job instance at 0x14623fd89d70>,19,2,[2 9],27,53,55,26,27
1,<environment.Job instance at 0x14623ff1c0a0>,22,13,[10  1],35,55,68,20,39
1,<environment.Job instance at 0x14626cb8ad20>,30,1,[8 1],49,68,69,19,57
1,<environment.Job instance at 0x14623fcf75a0>,32,1,[2 9],54,68,69,14,65
1,<environment.Job instance at 0x14626cb7acd0>,0,1,[6 2],1,3,4,2,3
1,<environment.Job instance at 0x14626cb7a190>,2,1,[7 1],4,5,6,1,5
1,<environment.Job instance at 0x14625c3b7730>,8,2,[2 8],10,10,12,0,10
1,<environment.Job instance at 0x14625c3b7a50>,13,3,[7 2],19,21,24,2,21
1,<environment.Job instance at 0x14625c3b7910>,15,12,[2 6],23,23,35,0,23
1,<environment.Job instance at 0x146267d5af50>,16,1,[9 1],25,35,36,10,25
1,<environment.Job instance at 0x14626cb7af00>,1,17,[9 2],3,36,53,33,26
1,<environment.Job instance at 0x146267d5aa50>,17,17,[2 8],26,53,70,27,42
1,<environment.Job instance at 0x1462679cc230>,24,1,[10  2],37,70,71,33,45
1,<environment.Job instance at 0x1462679cc870>,25,2,[7 2],38,53,55,15,45
1,<environment.Job instance at 0x1462679cc820>,27,3,[1 5],40,45,48,5,45
1,<environment.Job instance at 0x1462679cc0a0>,29,3,[9 2],43,71,74,28,52
1,<environment.Job instance at 0x1462679ccc80>,30,13,[1 9],44,74,87,30,58
1,<environment.Job instance at 0x14623fd55690>,34,19,[2 5],50,87,106,37,77
1,<environment.Job instance at 0x14623fd55e60>,36,3,[6 2],52,87,90,35,82
1,<environment.Job instance at 0x14623fd55370>,38,17,[5 2],54,90,107,36,82
1,<environment.Job instance at 0x14626516ca50>,41,3,[2 7],59,106,109,47,93
1,<environment.Job instance at 0x14626516ceb0>,42,1,[1 6],60,109,110,49,94
1,<environment.Job instance at 0x14623fd55640>,39,1,[6 1],56,107,108,51,94
1,<environment.Job instance at 0x14626516c730>,44,1,[1 7],62,110,111,48,94
1,<environment.Job instance at 0x14626516c690>,43,3,[8 2],61,108,111,47,95
1,<environment.Job instance at 0x14626403f8c0>,46,2,[2 7],64,111,113,47,95
1,<environment.Job instance at 0x14626403f460>,49,14,[8 2],67,111,125,44,96
1,<environment.Job instance at 0x146267090be0>,50,2,[1 9],69,125,127,56,98
1,<environment.Job instance at 0x1462679cc2d0>,26,16,[1 9],39,127,143,88,115
1,<environment.Job instance at 0x146266e83780>,1,13,[2 8],3,6,19,3,6
1,<environment.Job instance at 0x1462655beaa0>,4,1,[10  1],8,19,20,11,8
1,<environment.Job instance at 0x1462655be0f0>,6,17,[10  1],10,20,37,10,11
1,<environment.Job instance at 0x1462655be050>,8,1,[10  2],13,37,38,24,14
1,<environment.Job instance at 0x14623f84c0a0>,14,15,[6 1],20,38,53,18,25
1,<environment.Job instance at 0x14623f84c4b0>,19,1,[9 1],26,53,54,27,27
1,<environment.Job instance at 0x14623f84c5a0>,21,2,[10  2],28,54,56,26,28
1,<environment.Job instance at 0x14623f84e730>,23,2,[5 2],31,56,58,25,40
1,<environment.Job instance at 0x14623f84ef00>,24,2,[5 1],32,56,58,24,40
1,<environment.Job instance at 0x14623f84ee60>,25,1,[1 7],33,40,41,7,40
1,<environment.Job instance at 0x14623f84e190>,26,17,[9 1],36,58,75,22,46
1,<environment.Job instance at 0x14623f84e4b0>,28,1,[5 1],38,75,76,37,48
1,<environment.Job instance at 0x14623f84e370>,29,1,[2 6],40,48,49,8,48
1,<environment.Job instance at 0x14623fba1f50>,33,2,[7 2],45,76,78,31,60
1,<environment.Job instance at 0x14623fba1230>,35,3,[5 1],47,78,81,31,60
1,<environment.Job instance at 0x1462679b1410>,36,2,[ 1 10],48,81,83,33,60
1,<environment.Job instance at 0x1462655be0a0>,9,21,[ 2 10],14,127,148,113,127
1,<environment.Job instance at 0x14623f97f690>,48,2,[6 2],62,180,182,118,180
1,<environment.Job instance at 0x14623f97f550>,51,3,[8 2],66,210,213,144,210
1,<environment.Job instance at 0x14623f97f320>,52,2,[ 1 10],68,229,231,161,229
1,<environment.Job instance at 0x146266f78690>,0,14,[2 9],1,1,15,0,1
1,<environment.Job instance at 0x146266935140>,5,3,[2 7],6,15,18,9,7
1,<environment.Job instance at 0x14625c2d3730>,10,3,[2 8],11,18,21,7,13
1,<environment.Job instance at 0x146266926280>,12,13,[7 2],14,15,28,1,15
1,<environment.Job instance at 0x146266926e10>,14,15,[ 2 10],16,28,43,12,17
1,<environment.Job instance at 0x146266926960>,16,3,[2 5],19,21,24,2,21
1,<environment.Job instance at 0x14626e4c4780>,19,2,[2 9],22,43,45,21,27
1,<environment.Job instance at 0x14626e4c4500>,26,16,[6 2],31,45,61,14,32
1,<environment.Job instance at 0x14623fa70aa0>,29,19,[1 5],36,45,64,9,36
1,<environment.Job instance at 0x14623fa44a00>,30,1,[8 1],37,43,44,6,37
1,<environment.Job instance at 0x14623fa44b90>,34,3,[1 8],43,64,67,21,45
1,<environment.Job instance at 0x1462685bcbe0>,38,2,[6 1],49,61,63,12,49
1,<environment.Job instance at 0x14623fa6fe10>,40,15,[10  2],54,67,82,13,54
1,<environment.Job instance at 0x14626514c280>,47,14,[1 6],63,82,96,19,67
1,<environment.Job instance at 0x14625c1881e0>,0,1,[7 2],2,3,4,1,3
1,<environment.Job instance at 0x14625c188be0>,2,3,[2 5],4,4,7,0,4
1,<environment.Job instance at 0x14625c188c80>,3,25,[6 1],5,7,32,2,7
1,<environment.Job instance at 0x14625c1a1960>,11,22,[2 5],19,19,41,0,19
1,<environment.Job instance at 0x14625c16b9b0>,29,3,[10  1],42,216,219,174,216
1,<environment.Job instance at 0x14625c193280>,43,2,[ 1 10],66,321,323,255,321
1,<environment.Job instance at 0x14623f7f9410>,3,2,[6 2],6,6,8,0,6
1,<environment.Job instance at 0x14625c1a10f0>,2,3,[1 7],4,7,10,3,7
1,<environment.Job instance at 0x14623f913050>,4,3,[9 1],7,8,11,1,7
1,<environment.Job instance at 0x14623f9136e0>,5,14,[7 1],8,11,25,3,9
1,<environment.Job instance at 0x14623f913960>,6,14,[ 2 10],9,25,39,16,11
1,<environment.Job instance at 0x14626c142320>,16,26,[1 6],21,39,65,18,36
1,<environment.Job instance at 0x14626c1421e0>,21,1,[5 2],28,39,40,11,36
1,<environment.Job instance at 0x14626c142280>,22,1,[8 2],29,40,41,11,36
1,<environment.Job instance at 0x14626caadb40>,23,2,[7 2],31,41,43,10,36
1,<environment.Job instance at 0x14626caad190>,27,3,[5 1],36,43,46,7,37
1,<environment.Job instance at 0x14623f9130a0>,12,16,[7 1],15,46,62,31,40
1,<environment.Job instance at 0x146266ef5d70>,31,2,[7 1],41,62,64,21,51
1,<environment.Job instance at 0x146266ef5960>,36,2,[9 2],53,64,66,11,53
1,<environment.Job instance at 0x14623ff99820>,2,2,[7 2],4,4,6,0,4
1,<environment.Job instance at 0x14626566e9b0>,3,2,[5 2],6,7,9,1,7
1,<environment.Job instance at 0x14626708f3c0>,9,21,[5 1],12,15,36,3,15
1,<environment.Job instance at 0x146266fa4dc0>,12,1,[ 2 10],16,36,37,20,17
1,<environment.Job instance at 0x146266fa4460>,14,2,[8 1],18,37,39,19,18
1,<environment.Job instance at 0x146266fa47d0>,16,2,[1 8],21,21,23,0,21
1,<environment.Job instance at 0x146266fa4aa0>,18,3,[ 2 10],25,39,42,14,28
1,<environment.Job instance at 0x146266fa4410>,21,2,[10  2],28,42,44,14,33
1,<environment.Job instance at 0x14625c182370>,26,2,[5 2],35,44,46,9,36
1,<environment.Job instance at 0x14625c1822d0>,27,15,[1 9],36,46,61,10,36
1,<environment.Job instance at 0x14625c182b40>,28,3,[6 1],37,46,49,9,37
1,<environment.Job instance at 0x14625c182d20>,30,1,[7 1],39,49,50,10,39
1,<environment.Job instance at 0x14625c182500>,32,2,[10  2],43,61,63,18,45
1,<environment.Job instance at 0x14625c182dc0>,35,1,[6 1],46,50,51,4,46
1,<environment.Job instance at 0x14626cbbdfa0>,36,3,[8 1],48,51,54,3,48
1,<environment.Job instance at 0x14623fff8910>,37,15,[6 1],52,63,78,11,52
1,<environment.Job instance at 0x14625c182e60>,34,2,[8 2],45,78,80,33,54
1,<environment.Job instance at 0x14623fff8a00>,45,1,[ 2 10],64,80,81,16,64
1,<environment.Job instance at 0x14623fff84b0>,46,2,[2 8],65,65,67,0,65
1,<environment.Job instance at 0x146266e24dc0>,0,12,[2 8],1,1,13,0,1
1,<environment.Job instance at 0x146266e24f50>,5,12,[2 8],8,13,25,5,8
1,<environment.Job instance at 0x146267a03960>,7,1,[8 2],12,13,14,1,13
1,<environment.Job instance at 0x146267a038c0>,9,2,[8 1],15,15,17,0,15
1,<environment.Job instance at 0x146267a03b90>,10,13,[8 2],16,17,30,1,17
1,<environment.Job instance at 0x146267a03a00>,12,1,[2 6],19,25,26,6,19
1,<environment.Job instance at 0x146267a03d20>,13,3,[1 5],20,26,29,6,21
1,<environment.Job instance at 0x14623f90f140>,16,3,[2 8],25,29,32,4,25
1,<environment.Job instance at 0x14623f90f500>,18,28,[1 6],27,32,60,5,31
1,<environment.Job instance at 0x14625c08d5f0>,23,2,[5 1],35,35,37,0,35
1,<environment.Job instance at 0x14625c08d140>,24,2,[ 2 10],36,60,62,24,36
1,<environment.Job instance at 0x14625c08d870>,26,1,[1 9],39,62,63,23,39
1,<environment.Job instance at 0x14625c08d8c0>,27,1,[2 7],40,63,64,23,40
1,<environment.Job instance at 0x14623f968550>,29,1,[1 9],43,64,65,21,44
1,<environment.Job instance at 0x14623ffbc500>,30,2,[ 2 10],45,65,67,20,45
1,<environment.Job instance at 0x14623ffbcb40>,31,3,[9 1],46,46,49,0,46
1,<environment.Job instance at 0x14623f907730>,32,12,[9 1],47,67,79,20,50
1,<environment.Job instance at 0x14623f9070a0>,34,16,[9 2],50,79,95,29,66
1,<environment.Job instance at 0x1462658d47d0>,40,1,[8 1],58,95,96,37,67
1,<environment.Job instance at 0x14626e0f6b40>,43,3,[1 9],62,68,71,6,68
1,<environment.Job instance at 0x146267d44410>,45,1,[7 2],65,96,97,31,72
1,<environment.Job instance at 0x14623ff52870>,47,3,[2 5],68,95,98,27,74
1,<environment.Job instance at 0x1462658d4b40>,36,15,[6 1],53,101,116,48,101
1,<environment.Job instance at 0x146266d8d370>,1,1,[1 6],2,5,6,3,5
1,<environment.Job instance at 0x14626da168c0>,6,2,[1 8],7,8,10,1,8
1,<environment.Job instance at 0x14625c06b550>,10,27,[6 1],11,11,38,0,11
1,<environment.Job instance at 0x14625c06b0f0>,12,17,[7 2],13,38,55,25,26
1,<environment.Job instance at 0x14625c06bf00>,18,1,[1 8],22,26,27,4,26
1,<environment.Job instance at 0x14626cbd9050>,27,17,[1 8],35,90,107,55,90
1,<environment.Job instance at 0x14626cbd97d0>,33,2,[9 1],42,117,119,75,117
1,<environment.Job instance at 0x14626cbd9f50>,34,3,[9 2],43,119,122,76,118
1,<environment.Job instance at 0x14626cbd90f0>,38,1,[2 7],48,122,123,74,122
1,<environment.Job instance at 0x1462658cbf00>,50,2,[1 8],63,187,189,124,187
1,<environment.Job instance at 0x14623faf0550>,4,2,[7 2],5,5,7,0,5
1,<environment.Job instance at 0x14626cadac80>,1,1,[1 6],2,5,6,3,5
1,<environment.Job instance at 0x146266fd6c30>,5,1,[1 6],6,7,8,1,7
1,<environment.Job instance at 0x14623faf0d20>,7,3,[1 9],8,8,11,0,8
1,<environment.Job instance at 0x14623faf0b40>,8,3,[6 1],9,9,12,0,9
1,<environment.Job instance at 0x146267cb8320>,11,17,[8 1],17,18,35,1,18
1,<environment.Job instance at 0x1462655b3f00>,14,3,[9 1],20,35,38,15,22
1,<environment.Job instance at 0x146267cabeb0>,19,1,[6 2],27,38,39,11,27
1,<environment.Job instance at 0x1462655a0fa0>,18,2,[1 7],24,29,31,5,29
1,<environment.Job instance at 0x14625c381cd0>,24,14,[2 9],37,39,53,2,37
1,<environment.Job instance at 0x146267d48640>,25,1,[5 2],39,53,54,14,39
1,<environment.Job instance at 0x146267099aa0>,26,13,[7 2],40,54,67,14,40
1,<environment.Job instance at 0x1462655e2820>,27,1,[7 2],42,67,68,25,44
1,<environment.Job instance at 0x14623ffb2460>,28,1,[2 8],43,53,54,10,46
1,<environment.Job instance at 0x146266eb0230>,32,1,[ 1 10],48,68,69,20,51
1,<environment.Job instance at 0x14623fb340f0>,37,1,[1 8],55,55,56,0,55
1,<environment.Job instance at 0x14623fb34370>,38,1,[10  2],59,69,70,10,59
1,<environment.Job instance at 0x1462670dbc80>,39,2,[2 6],60,60,62,0,60
1,<environment.Job instance at 0x14623fd11a50>,40,1,[1 5],61,62,63,1,61
1,<environment.Job instance at 0x14623fb34c80>,41,3,[7 2],63,70,73,7,64
1,<environment.Job instance at 0x14625c1d7cd0>,43,18,[1 7],66,70,88,4,69
1,<environment.Job instance at 0x14623fba70f0>,2,15,[ 2 10],4,5,20,1,5
1,<environment.Job instance at 0x14623fc088c0>,4,3,[6 2],6,20,23,14,6
1,<environment.Job instance at 0x14623fc085f0>,9,24,[2 9],12,33,57,21,33
1,<environment.Job instance at 0x14623fe860f0>,14,2,[6 2],21,57,59,36,39
1,<environment.Job instance at 0x14623fe86190>,15,3,[2 7],22,57,60,35,53
1,<environment.Job instance at 0x14623febd320>,22,1,[1 8],32,63,64,31,63
1,<environment.Job instance at 0x14623ff163c0>,27,13,[10  1],38,83,96,45,83
1,<environment.Job instance at 0x14626ca3b230>,29,2,[8 1],40,96,98,56,89
1,<environment.Job instance at 0x146266956050>,39,1,[2 5],54,116,117,62,116
1,<environment.Job instance at 0x14623ff3c190>,44,1,[8 2],60,116,117,56,116
1,<environment.Job instance at 0x14623ff3c500>,45,2,[2 6],61,117,119,56,117
1,<environment.Job instance at 0x146266dc3320>,48,3,[2 9],65,119,122,54,117
1,<environment.Job instance at 0x146266dc3230>,49,2,[6 1],66,117,119,51,117
1,<environment.Job instance at 0x147dbba30a50>,0,12,[2 5],1,1,13,0,1
1,<environment.Job instance at 0x147dbba30af0>,1,3,[1 9],2,13,16,11,2
1,<environment.Job instance at 0x147dbba30fa0>,2,1,[2 5],3,6,7,3,6
1,<environment.Job instance at 0x147db3bb1d70>,3,1,[6 2],4,10,11,6,10
1,<environment.Job instance at 0x147db23b63c0>,8,13,[6 1],9,12,25,3,12
1,<environment.Job instance at 0x147db24f1690>,11,3,[1 8],13,16,19,3,13
1,<environment.Job instance at 0x147db3bb2730>,16,1,[2 5],21,22,23,1,22
1,<environment.Job instance at 0x147db2416960>,18,2,[10  1],25,26,28,1,26
1,<environment.Job instance at 0x147db23e3af0>,21,3,[6 1],29,35,38,6,35
1,<environment.Job instance at 0x147db1f753c0>,27,2,[2 7],36,36,38,0,36
1,<environment.Job instance at 0x147db1f74780>,29,16,[10  2],39,39,55,0,39
1,<environment.Job instance at 0x147db1f74500>,31,3,[9 2],41,55,58,14,41
1,<environment.Job instance at 0x147db1f756e0>,26,1,[2 7],35,58,59,23,42
1,<environment.Job instance at 0x147db1f708c0>,33,1,[2 7],43,59,60,16,43
1,<environment.Job instance at 0x147db1f705a0>,32,3,[2 9],42,60,63,18,45
1,<environment.Job instance at 0x147db1f70be0>,36,3,[10  2],48,63,66,15,48
1,<environment.Job instance at 0x147db1f71960>,38,1,[8 1],51,58,59,7,52
1,<environment.Job instance at 0x147db1f712d0>,40,3,[1 6],53,55,58,2,53
1,<environment.Job instance at 0x147db1f6ff50>,45,3,[2 8],60,93,96,33,93
1,<environment.Job instance at 0x147db1f73e60>,42,1,[10  1],56,118,119,62,118
1,<environment.Job instance at 0x147db246bc30>,55,16,[2 5],76,119,135,43,118
1,<environment.Job instance at 0x147db1f71b90>,1,1,[1 9],5,5,6,0,5
1,<environment.Job instance at 0x147db272b370>,5,3,[10  1],9,9,12,0,9
1,<environment.Job instance at 0x147db272baa0>,6,12,[9 1],11,12,24,1,12
1,<environment.Job instance at 0x147db272b4b0>,8,3,[1 9],13,13,16,0,13
1,<environment.Job instance at 0x147db24f3e60>,13,3,[2 9],19,24,27,5,19
1,<environment.Job instance at 0x147db272ba00>,10,3,[1 9],15,21,24,6,21
1,<environment.Job instance at 0x147db24f3460>,21,3,[7 2],31,32,35,1,32
1,<environment.Job instance at 0x147db24f33c0>,16,3,[6 2],26,35,38,9,33
1,<environment.Job instance at 0x147db27353c0>,23,3,[ 2 10],34,38,41,4,34
1,<environment.Job instance at 0x147db2735460>,28,2,[1 8],41,42,44,1,42
1,<environment.Job instance at 0x147db2735550>,27,1,[7 2],40,47,48,7,47
1,<environment.Job instance at 0x147db2735cd0>,34,15,[7 1],49,49,64,0,49
1,<environment.Job instance at 0x147db24e85f0>,41,16,[8 1],57,64,80,7,62
1,<environment.Job instance at 0x147db24e82d0>,42,17,[1 9],59,71,88,12,71
1,<environment.Job instance at 0x147db24e8550>,40,13,[ 1 10],56,102,115,46,102
1,<environment.Job instance at 0x147db2485280>,58,1,[1 6],79,115,116,36,104
1,<environment.Job instance at 0x147db24850f0>,53,3,[2 5],73,116,119,43,107
1,<environment.Job instance at 0x147da0a21280>,5,2,[1 8],9,11,13,2,11
1,<environment.Job instance at 0x147da0a216e0>,8,27,[1 8],13,15,42,2,15
1,<environment.Job instance at 0x147da0a21820>,14,15,[1 7],25,42,57,17,28
1,<environment.Job instance at 0x147da0a21e10>,17,2,[ 2 10],31,57,59,26,31
1,<environment.Job instance at 0x147da0a21f50>,18,3,[5 2],32,33,36,1,33
1,<environment.Job instance at 0x147da0a23050>,19,15,[2 7],33,59,74,26,45
1,<environment.Job instance at 0x147da0a233c0>,23,19,[ 1 10],38,74,93,36,65
1,<environment.Job instance at 0x147da0a23550>,25,3,[5 2],40,66,69,26,66
1,<environment.Job instance at 0x147da0a234b0>,26,2,[ 1 10],41,93,95,52,66
1,<environment.Job instance at 0x147da0a235a0>,28,1,[1 7],43,95,96,52,67
1,<environment.Job instance at 0x147da0a236e0>,29,1,[2 9],44,96,97,52,68
1,<environment.Job instance at 0x147da0a239b0>,32,14,[10  1],49,97,111,48,82
1,<environment.Job instance at 0x147da0a23f50>,36,2,[2 5],53,111,113,58,84
1,<environment.Job instance at 0x147da0a23fa0>,38,2,[10  1],55,113,115,58,90
1,<environment.Job instance at 0x147da0a25370>,42,17,[1 6],61,115,132,54,104
1,<environment.Job instance at 0x147da0a25280>,43,17,[7 1],62,115,132,53,104
1,<environment.Job instance at 0x147da0a25410>,44,1,[2 6],63,132,133,69,104
1,<environment.Job instance at 0x147da0a23690>,27,13,[ 2 10],42,133,146,91,120
1,<environment.Job instance at 0x147da0a25cd0>,50,1,[9 1],75,146,147,71,121
1,<environment.Job instance at 0x147da0a25f00>,53,2,[1 5],79,146,148,67,121
1,<environment.Job instance at 0x147db247b820>,3,2,[1 6],7,7,9,0,7
1,<environment.Job instance at 0x147db246b460>,4,18,[7 2],9,10,28,1,10
1,<environment.Job instance at 0x147db0093190>,12,2,[5 2],24,28,30,4,24
1,<environment.Job instance at 0x147db00a5190>,23,3,[1 5],39,61,64,22,61
1,<environment.Job instance at 0x147db015fbe0>,28,2,[8 2],45,93,95,48,93
1,<environment.Job instance at 0x147db015f9b0>,29,3,[1 7],46,98,101,52,98
1,<environment.Job instance at 0x147db48870f0>,45,2,[7 2],69,144,146,75,144
1,<environment.Job instance at 0x147db02f19b0>,51,2,[ 1 10],77,159,161,82,159
1,<environment.Job instance at 0x147db3da9460>,5,12,[7 1],11,11,23,0,11
1,<environment.Job instance at 0x147db00cee10>,9,3,[1 8],18,22,25,4,22
1,<environment.Job instance at 0x147db8ecfeb0>,12,3,[5 2],23,24,27,1,24
1,<environment.Job instance at 0x147db1f71550>,15,18,[5 2],27,27,45,0,27
1,<environment.Job instance at 0x147db1f71af0>,17,13,[1 7],30,30,43,0,30
1,<environment.Job instance at 0x147db3efed70>,20,2,[ 2 10],35,45,47,10,35
1,<environment.Job instance at 0x147db3eca2d0>,22,17,[10  1],38,47,64,9,38
1,<environment.Job instance at 0x147db00f70a0>,27,2,[8 1],48,64,66,16,48
1,<environment.Job instance at 0x147db00f7140>,34,2,[1 6],58,64,66,6,58
1,<environment.Job instance at 0x147db02f1fa0>,35,3,[ 2 10],60,66,69,6,61
1,<environment.Job instance at 0x147db02f1870>,37,3,[9 1],62,69,72,7,64
1,<environment.Job instance at 0x147db02f1910>,39,1,[6 2],65,72,73,7,66
1,<environment.Job instance at 0x147db02f12d0>,41,14,[7 2],67,73,87,6,67
1,<environment.Job instance at 0x147db02f1aa0>,42,2,[ 1 10],69,87,89,18,70
1,<environment.Job instance at 0x147db3f16a00>,44,2,[2 9],71,89,91,18,76
1,<environment.Job instance at 0x147dbae93460>,6,3,[6 2],11,13,16,2,13
1,<environment.Job instance at 0x147da0cb9820>,9,2,[9 2],15,19,21,4,19
1,<environment.Job instance at 0x147db9941190>,13,14,[1 9],20,21,35,1,20
1,<environment.Job instance at 0x147db9941460>,16,2,[2 9],25,35,37,10,27
1,<environment.Job instance at 0x147db99413c0>,20,3,[8 1],29,29,32,0,29
1,<environment.Job instance at 0x147db99417d0>,21,3,[8 1],33,35,38,2,35
1,<environment.Job instance at 0x147db99d4460>,24,15,[2 8],38,38,53,0,38
1,<environment.Job instance at 0x147db99d4aa0>,25,16,[2 8],39,53,69,14,40
1,<environment.Job instance at 0x147db99d4640>,29,2,[8 1],46,52,54,6,52
1,<environment.Job instance at 0x147db99d4be0>,33,2,[1 9],51,69,71,18,52
1,<environment.Job instance at 0x147db99d4500>,34,3,[2 8],52,71,74,19,52
1,<environment.Job instance at 0x147db99d2870>,35,1,[1 8],55,74,75,19,55
1,<environment.Job instance at 0x147db99d25f0>,36,16,[2 6],56,75,91,19,62
1,<environment.Job instance at 0x147db99d25a0>,43,3,[1 9],64,91,94,27,68
1,<environment.Job instance at 0x147db99d21e0>,44,2,[1 8],66,94,96,28,68
1,<environment.Job instance at 0x147db99d20a0>,45,2,[1 5],68,96,98,28,69
1,<environment.Job instance at 0x147db4b547d0>,51,3,[10  1],76,98,101,22,89
1,<environment.Job instance at 0x147da0f26d70>,0,2,[1 7],1,4,6,3,4
1,<environment.Job instance at 0x147db991ed70>,3,3,[1 6],4,6,9,2,6
1,<environment.Job instance at 0x147da0ec2410>,7,15,[7 2],8,8,23,0,8
1,<environment.Job instance at 0x147da0ec2050>,8,16,[2 8],9,10,26,1,10
1,<environment.Job instance at 0x147da0ec25f0>,11,3,[2 8],12,26,29,14,12
1,<environment.Job instance at 0x147da0ec2230>,12,2,[2 8],13,29,31,16,14
1,<environment.Job instance at 0x147da0ec21e0>,15,2,[2 8],19,31,33,12,20
1,<environment.Job instance at 0x147da0ec2640>,19,2,[10  1],24,33,35,9,24
1,<environment.Job instance at 0x147da0eda2d0>,21,1,[5 2],27,32,33,5,32
1,<environment.Job instance at 0x147da0ec2870>,18,27,[ 2 10],23,35,62,12,33
1,<environment.Job instance at 0x147da0edaf50>,30,3,[10  2],39,62,65,23,40
1,<environment.Job instance at 0x147da0ebd370>,33,3,[1 7],43,65,68,22,43
1,<environment.Job instance at 0x147da0edacd0>,31,2,[5 2],40,65,67,25,43
1,<environment.Job instance at 0x147da0ebd730>,40,3,[2 7],52,68,71,16,53
1,<environment.Job instance at 0x147da0ebd690>,38,2,[1 5],50,71,73,21,55
1,<environment.Job instance at 0x147da0ebddc0>,42,1,[1 9],55,73,74,18,56
1,<environment.Job instance at 0x147da0ebda50>,44,15,[7 1],57,67,82,10,58
1,<environment.Job instance at 0x147da0af5050>,49,17,[2 7],64,74,91,10,64
1,<environment.Job instance at 0x147da0b10370>,57,3,[9 2],72,91,94,19,76
1,<environment.Job instance at 0x147db98f9780>,61,2,[1 6],77,91,93,14,78
1,<environment.Job instance at 0x147da0784f50>,62,15,[2 6],79,94,109,15,80
1,<environment.Job instance at 0x147da0b06f00>,3,1,[2 5],4,4,5,0,4
1,<environment.Job instance at 0x147da0ebd050>,4,14,[2 8],5,5,19,0,5
1,<environment.Job instance at 0x147da0b06cd0>,2,14,[6 1],3,5,19,2,5
1,<environment.Job instance at 0x147da06758c0>,6,3,[7 1],7,19,22,12,7
1,<environment.Job instance at 0x147da0675e60>,7,13,[10  1],8,22,35,14,11
1,<environment.Job instance at 0x147da0675be0>,10,2,[10  2],12,35,37,23,13
1,<environment.Job instance at 0x147db0105730>,17,12,[7 1],24,37,49,13,24
1,<environment.Job instance at 0x147db0105820>,20,3,[8 1],30,49,52,19,32
1,<environment.Job instance at 0x147db01056e0>,22,18,[2 6],34,37,55,3,34
1,<environment.Job instance at 0x147db0105a00>,26,3,[5 2],40,52,55,12,40
1,<environment.Job instance at 0x147db0105af0>,27,12,[1 5],41,55,67,14,41
1,<environment.Job instance at 0x147db01053c0>,25,14,[2 5],38,55,69,17,41
1,<environment.Job instance at 0x147db024a960>,32,16,[1 5],51,67,83,16,54
1,<environment.Job instance at 0x147db024a230>,35,1,[10  2],55,83,84,28,55
1,<environment.Job instance at 0x147db024a8c0>,38,2,[ 1 10],60,84,86,24,60
1,<environment.Job instance at 0x147db0211a50>,39,16,[ 2 10],62,86,102,24,73
1,<environment.Job instance at 0x147db0211fa0>,44,1,[6 2],72,78,79,6,78
1,<environment.Job instance at 0x147da0ebd910>,1,3,[9 1],2,3,6,1,3
1,<environment.Job instance at 0x147db4793aa0>,0,2,[6 2],1,6,8,5,3
1,<environment.Job instance at 0x147db4793e60>,4,27,[1 7],5,5,32,0,5
1,<environment.Job instance at 0x147da09e2550>,11,17,[1 9],14,32,49,18,20
1,<environment.Job instance at 0x147da09e2640>,12,3,[9 2],15,28,31,13,28
1,<environment.Job instance at 0x147da09e2500>,10,2,[5 1],13,33,35,20,33
1,<environment.Job instance at 0x147da09e2870>,15,1,[5 1],23,35,36,12,35
1,<environment.Job instance at 0x147da09e2910>,14,15,[2 8],22,49,64,27,35
1,<environment.Job instance at 0x147da09dd140>,23,3,[6 2],37,49,52,12,41
1,<environment.Job instance at 0x147da09e2a00>,17,2,[1 8],27,64,66,37,42
1,<environment.Job instance at 0x147da09dd640>,26,1,[2 9],44,66,67,22,46
1,<environment.Job instance at 0x147da09dd0a0>,24,1,[8 1],39,52,53,13,50
1,<environment.Job instance at 0x147da09b5870>,47,13,[2 5],69,165,178,96,165
1,<environment.Job instance at 0x147da09b5730>,45,3,[1 5],67,166,169,99,166
1,<environment.Job instance at 0x147da09b78c0>,0,14,[1 5],1,3,17,2,3
1,<environment.Job instance at 0x147da0680280>,4,25,[8 1],9,9,34,0,9
1,<environment.Job instance at 0x147db3c28be0>,6,16,[1 6],11,17,33,6,12
1,<environment.Job instance at 0x147da0680dc0>,8,3,[1 7],14,33,36,19,15
1,<environment.Job instance at 0x147db0014dc0>,11,2,[7 2],18,34,36,16,19
1,<environment.Job instance at 0x147da07701e0>,13,3,[1 5],20,36,39,16,20
1,<environment.Job instance at 0x147db3e5da00>,17,2,[1 8],25,39,41,14,25
1,<environment.Job instance at 0x147db3cbeb40>,18,12,[1 7],27,41,53,14,27
1,<environment.Job instance at 0x147db92249b0>,19,1,[ 1 10],29,53,54,24,29
1,<environment.Job instance at 0x147db3d61050>,23,2,[6 2],33,44,46,11,44
1,<environment.Job instance at 0x147db00bdb40>,27,3,[2 7],39,54,57,15,44
1,<environment.Job instance at 0x147db3d67be0>,28,1,[1 6],40,57,58,17,44
1,<environment.Job instance at 0x147db0272f50>,29,3,[8 2],41,46,49,5,44
1,<environment.Job instance at 0x147db3d67b90>,30,1,[1 7],42,58,59,16,44
1,<environment.Job instance at 0x147db0014690>,9,14,[9 2],16,57,71,41,45
1,<environment.Job instance at 0x147db99d4780>,31,1,[6 2],43,49,50,6,45
1,<environment.Job instance at 0x147db8ef1640>,33,16,[ 2 10],45,71,87,26,58
1,<environment.Job instance at 0x147db8ef1370>,34,3,[7 1],46,87,90,41,61
1,<environment.Job instance at 0x147db8ef1870>,37,2,[7 2],50,90,92,40,63
1,<environment.Job instance at 0x147db4b694b0>,40,1,[8 1],54,92,93,38,64
1,<environment.Job instance at 0x147db4b69870>,43,1,[5 2],59,93,94,34,66
1,<environment.Job instance at 0x147da0862af0>,48,21,[2 5],65,87,108,22,79
1,<environment.Job instance at 0x147da07eb960>,49,15,[5 2],66,94,109,28,80
1,<environment.Job instance at 0x147db00784b0>,50,3,[2 7],68,108,111,40,86
1,<environment.Job instance at 0x147da0864140>,55,16,[1 8],73,111,127,38,98
1,<environment.Job instance at 0x147db1f8a230>,57,1,[9 1],76,111,112,35,98
1,<environment.Job instance at 0x147da0706c80>,59,2,[10  2],78,127,129,49,108
1,<environment.Job instance at 0x147db98e8a50>,47,21,[ 2 10],64,168,189,104,168
1,<environment.Job instance at 0x147da0c4f5f0>,3,17,[9 1],6,6,23,0,6
1,<environment.Job instance at 0x147da0c4fd70>,1,2,[5 1],2,23,25,21,7
1,<environment.Job instance at 0x147da0d2caf0>,4,1,[6 2],7,25,26,18,8
1,<environment.Job instance at 0x147da0d2c0f0>,5,1,[5 1],8,23,24,15,13
1,<environment.Job instance at 0x147da0d2c7d0>,9,13,[6 1],14,26,39,12,16
1,<environment.Job instance at 0x147da0cc75a0>,10,2,[7 2],15,39,41,24,17
1,<environment.Job instance at 0x147da0cc7c80>,13,2,[ 1 10],18,41,43,23,19
1,<environment.Job instance at 0x147da0cc7c30>,17,17,[7 1],24,43,60,19,37
1,<environment.Job instance at 0x147db3db3cd0>,24,1,[1 8],31,38,39,7,38
1,<environment.Job instance at 0x147db3db3c30>,28,3,[8 2],36,60,63,24,39
1,<environment.Job instance at 0x147db3c09f00>,31,1,[5 1],40,63,64,23,41
1,<environment.Job instance at 0x147da0e045a0>,33,2,[7 2],42,64,66,22,42
1,<environment.Job instance at 0x147da0e04a00>,34,3,[10  1],43,66,69,23,43
1,<environment.Job instance at 0x147da0e04870>,35,3,[6 1],44,69,72,25,44
1,<environment.Job instance at 0x147db3c09c80>,32,14,[2 9],41,79,93,38,79
1,<environment.Job instance at 0x147db47784b0>,42,3,[2 8],51,93,96,42,80
1,<environment.Job instance at 0x147db4778e10>,44,13,[7 2],54,109,122,55,109
1,<environment.Job instance at 0x147db24087d0>,48,3,[2 5],59,126,129,67,126
1,<environment.Job instance at 0x147db24083c0>,52,2,[2 7],63,131,133,68,131
1,<environment.Job instance at 0x147db2408f00>,55,2,[10  1],67,150,152,83,150
1,<environment.Job instance at 0x147db4778370>,46,15,[ 2 10],56,162,177,106,162
1,<environment.Job instance at 0x147db47914b0>,3,2,[7 2],6,8,10,2,8
1,<environment.Job instance at 0x147db47915a0>,1,3,[1 8],3,10,13,7,10
1,<environment.Job instance at 0x147db47915f0>,7,15,[10  2],14,16,31,2,16
1,<environment.Job instance at 0x147db4791730>,9,1,[1 5],17,31,32,14,19
1,<environment.Job instance at 0x147db3da9280>,15,1,[1 8],24,34,35,10,34
1,<environment.Job instance at 0x147db3da96e0>,21,3,[2 5],34,38,41,4,38
1,<environment.Job instance at 0x147db3da9460>,22,25,[6 1],35,41,66,6,41
1,<environment.Job instance at 0x147da06e1410>,29,1,[8 2],47,66,67,19,49
1,<environment.Job instance at 0x147da06e1140>,31,1,[9 2],50,67,68,17,53
1,<environment.Job instance at 0x147da06e1dc0>,34,13,[7 2],54,68,81,14,54
1,<environment.Job instance at 0x147da06e1c30>,35,3,[6 2],56,81,84,25,56
1,<environment.Job instance at 0x147dbaedbf00>,43,3,[9 2],65,95,98,30,95
1,<environment.Job instance at 0x147dbaedbc80>,46,2,[2 7],69,98,100,29,96
1,<environment.Job instance at 0x147db9a14460>,0,17,[1 6],1,2,19,1,2
1,<environment.Job instance at 0x147db9a14af0>,1,3,[1 9],2,19,22,17,4
1,<environment.Job instance at 0x147db7080e60>,4,3,[2 8],8,22,25,14,9
1,<environment.Job instance at 0x147db7080af0>,5,1,[1 8],10,25,26,15,21
1,<environment.Job instance at 0x147da095bb90>,13,1,[5 1],18,27,28,9,27
1,<environment.Job instance at 0x147da095baa0>,19,2,[6 2],26,29,31,3,29
1,<environment.Job instance at 0x147db23e3be0>,22,14,[ 2 10],29,50,64,21,50
1,<environment.Job instance at 0x147db2430a50>,29,2,[8 2],36,64,66,28,55
1,<environment.Job instance at 0x147db23e79b0>,32,26,[1 6],41,64,90,23,62
1,<environment.Job instance at 0x147db3c2c550>,35,23,[9 1],46,66,89,20,66
1,<environment.Job instance at 0x147db3c2c4b0>,36,14,[ 1 10],47,90,104,43,75
1,<environment.Job instance at 0x147db3c2c1e0>,37,1,[5 2],48,89,90,41,75
1,<environment.Job instance at 0x147da07b1fa0>,39,2,[7 2],51,104,106,53,77
1,<environment.Job instance at 0x147da0e301e0>,48,3,[9 1],66,106,109,40,84
1,<environment.Job instance at 0x147da0e30c80>,51,1,[2 6],70,104,105,34,84
1,<environment.Job instance at 0x147db37910f0>,52,2,[9 2],73,109,111,36,84
1,<environment.Job instance at 0x147db2701d20>,53,1,[ 2 10],77,111,112,34,84
1,<environment.Job instance at 0x147db23e76e0>,33,16,[2 9],42,121,137,79,121
1,<environment.Job instance at 0x147db9911500>,1,1,[8 1],3,4,5,1,4
1,<environment.Job instance at 0x147db24ac870>,3,12,[7 2],6,6,18,0,6
1,<environment.Job instance at 0x147db9911d20>,4,15,[ 2 10],12,18,33,6,13
1,<environment.Job instance at 0x147db02e8a00>,7,2,[5 2],16,33,35,17,16
1,<environment.Job instance at 0x147db24acf00>,5,2,[5 2],13,33,35,20,17
1,<environment.Job instance at 0x147db02e8870>,11,16,[2 9],20,77,93,57,77
1,<environment.Job instance at 0x147db00e4aa0>,25,2,[10  2],38,93,95,55,80
1,<environment.Job instance at 0x147da0d32730>,26,2,[1 7],39,95,97,56,82
1,<environment.Job instance at 0x147da0d322d0>,28,2,[6 2],41,111,113,70,111
1,<environment.Job instance at 0x147db4859910>,0,12,[2 8],1,2,14,1,2
1,<environment.Job instance at 0x147db02e8d70>,3,1,[9 1],4,14,15,10,5
1,<environment.Job instance at 0x147db3d2b230>,4,1,[ 2 10],5,15,16,10,8
1,<environment.Job instance at 0x147db3d2b730>,6,3,[ 1 10],11,16,19,5,11
1,<environment.Job instance at 0x147db3d2b370>,8,18,[9 1],13,19,37,6,15
1,<environment.Job instance at 0x147db9a14d70>,12,1,[2 6],19,37,38,18,19
1,<environment.Job instance at 0x147db9a14dc0>,13,3,[1 5],20,20,23,0,20
1,<environment.Job instance at 0x147db3d2b8c0>,11,1,[7 1],17,37,38,20,24
1,<environment.Job instance at 0x147db9a148c0>,15,1,[1 7],24,25,26,1,25
1,<environment.Job instance at 0x147db9a14320>,20,21,[9 1],31,38,59,7,33
1,<environment.Job instance at 0x147db1f9e2d0>,23,2,[5 1],35,59,61,24,35
1,<environment.Job instance at 0x147db1f9efa0>,24,2,[ 2 10],36,61,63,25,36
1,<environment.Job instance at 0x147db480fc30>,26,1,[1 9],39,40,41,1,40
1,<environment.Job instance at 0x147db480f960>,29,1,[1 9],43,43,44,0,43
1,<environment.Job instance at 0x147db480fe10>,31,3,[9 1],46,63,66,17,47
1,<environment.Job instance at 0x147db480f550>,35,3,[ 2 10],51,89,92,38,89
1,<environment.Job instance at 0x147db480ff50>,36,15,[6 1],53,111,126,58,111
1,<environment.Job instance at 0x147db271a280>,50,3,[2 9],71,193,196,122,193
1,<environment.Job instance at 0x147db271ac80>,51,1,[1 6],72,218,219,146,218
1,<environment.Job instance at 0x147db271a780>,53,17,[5 1],74,223,240,149,223
1,<environment.Job instance at 0x147db480f870>,2,17,[7 2],3,3,20,0,3
1,<environment.Job instance at 0x147db480f780>,4,2,[2 9],5,20,22,15,6
1,<environment.Job instance at 0x147db3efe960>,3,16,[5 2],4,22,38,18,9
1,<environment.Job instance at 0x147db3efea50>,5,13,[2 8],7,22,35,15,12
1,<environment.Job instance at 0x147db02e66e0>,14,1,[6 1],21,38,39,17,28
1,<environment.Job instance at 0x147db02e6820>,16,3,[2 9],23,38,41,15,31
1,<environment.Job instance at 0x147db02e62d0>,13,3,[7 1],20,39,42,19,39
1,<environment.Job instance at 0x147db4b3fd70>,32,2,[8 2],43,59,61,16,59
1,<environment.Job instance at 0x147db3efe6e0>,1,21,[9 2],2,80,101,78,80
1,<environment.Job instance at 0x147db4ac10a0>,43,3,[1 5],58,120,123,62,120
1,<environment.Job instance at 0x147db4ac1410>,44,1,[10  1],59,123,124,64,123
1,<environment.Job instance at 0x147db4ac1cd0>,46,16,[7 1],61,136,152,75,136
1,<environment.Job instance at 0x147db4ac1910>,48,14,[1 8],63,160,174,97,160
1,<environment.Job instance at 0x147db4ac1230>,49,2,[5 1],64,164,166,100,164
1,<environment.Job instance at 0x147da08faaa0>,0,16,[2 5],1,1,17,0,1
1,<environment.Job instance at 0x147db3f02050>,2,12,[ 1 10],3,17,29,14,3
1,<environment.Job instance at 0x147da0a160f0>,1,1,[5 1],2,4,5,2,4
1,<environment.Job instance at 0x147da08fa820>,3,2,[1 7],4,29,31,25,4
1,<environment.Job instance at 0x147da08eef00>,11,13,[7 2],20,29,42,9,20
1,<environment.Job instance at 0x147da08ee280>,12,1,[7 2],22,42,43,20,25
1,<environment.Job instance at 0x147da08ee9b0>,14,2,[2 9],24,43,45,19,27
1,<environment.Job instance at 0x147da09234b0>,16,2,[7 1],27,43,45,16,27
1,<environment.Job instance at 0x147da09233c0>,17,1,[ 1 10],28,45,46,17,28
1,<environment.Job instance at 0x147da0923280>,21,3,[8 1],34,46,49,12,34
1,<environment.Job instance at 0x147da0923a50>,24,2,[2 6],40,40,42,0,40
1,<environment.Job instance at 0x147db4b90690>,25,1,[1 5],41,46,47,5,43
1,<environment.Job instance at 0x147db4b90e60>,27,1,[2 8],44,47,48,3,44
1,<environment.Job instance at 0x147db3ca1230>,28,18,[1 7],46,48,66,2,46
1,<environment.Job instance at 0x147da08630f0>,32,28,[2 5],53,80,108,27,80
1,<environment.Job instance at 0x147dbaedccd0>,46,3,[2 7],72,148,151,76,148
1,<environment.Job instance at 0x147da06c1be0>,50,3,[1 5],79,179,182,100,179
1,<environment.Job instance at 0x147db1f70730>,35,3,[6 2],56,193,196,137,193
1,<environment.Job instance at 0x147db23daaf0>,3,3,[2 7],4,7,10,3,7
1,<environment.Job instance at 0x147db23dabe0>,5,2,[7 2],6,7,9,1,7
1,<environment.Job instance at 0x147db23dab90>,8,2,[8 1],10,10,12,0,10
1,<environment.Job instance at 0x147db4833eb0>,12,3,[10  2],17,17,20,0,17
1,<environment.Job instance at 0x147db4833f00>,13,1,[2 7],18,21,22,3,21
1,<environment.Job instance at 0x147db48332d0>,16,3,[9 1],22,22,25,0,22
1,<environment.Job instance at 0x147db4833a50>,17,15,[6 1],23,25,40,2,25
1,<environment.Job instance at 0x147db48337d0>,19,2,[1 5],26,26,28,0,26
1,<environment.Job instance at 0x147db9243af0>,27,3,[2 9],35,38,41,3,38
1,<environment.Job instance at 0x147db3da9140>,33,1,[ 1 10],45,46,47,1,46
1,<environment.Job instance at 0x147db3da9550>,34,3,[1 9],46,47,50,1,46
1,<environment.Job instance at 0x147db3da94b0>,35,2,[9 2],48,50,52,2,48
1,<environment.Job instance at 0x147db92431e0>,25,3,[1 9],32,52,55,20,49
1,<environment.Job instance at 0x147db3da9050>,37,21,[10  2],52,55,76,3,54
1,<environment.Job instance at 0x147db3da9a00>,41,13,[1 5],61,76,89,15,61
1,<environment.Job instance at 0x147da06c49b0>,42,2,[6 1],63,76,78,13,63
1,<environment.Job instance at 0x147da06c4230>,45,3,[2 9],66,94,97,28,94
1,<environment.Job instance at 0x147da06c4780>,47,12,[5 2],69,117,129,48,117
1,<environment.Job instance at 0x147da0913730>,56,3,[9 2],79,129,132,50,117
1,<environment.Job instance at 0x147db4b257d0>,1,18,[8 1],8,9,27,1,9
1,<environment.Job instance at 0x147db4b25dc0>,3,1,[7 1],13,27,28,14,14
1,<environment.Job instance at 0x147db4b25910>,5,3,[6 2],16,28,31,12,17
1,<environment.Job instance at 0x147db2728230>,10,17,[6 2],22,31,48,9,22
1,<environment.Job instance at 0x147db2728b90>,11,3,[9 2],24,48,51,24,29
1,<environment.Job instance at 0x147db2728550>,17,1,[1 9],30,51,52,21,30
1,<environment.Job instance at 0x147db2728190>,18,2,[2 6],31,32,34,1,32
1,<environment.Job instance at 0x147db2728820>,20,13,[2 8],33,34,47,1,33
1,<environment.Job instance at 0x147db3e99730>,21,1,[8 1],36,51,52,15,39
1,<environment.Job instance at 0x147db3e99c80>,25,14,[ 2 10],40,52,66,12,40
1,<environment.Job instance at 0x147db3e99a50>,23,2,[1 6],38,47,49,9,40
1,<environment.Job instance at 0x147db3e99b90>,22,3,[1 6],37,66,69,29,41
1,<environment.Job instance at 0x147db3788370>,40,3,[5 1],64,92,95,28,92
1,<environment.Job instance at 0x147db3788280>,41,3,[1 7],65,92,95,27,92
1,<environment.Job instance at 0x147db3788870>,42,3,[10  2],67,95,98,28,92
1,<environment.Job instance at 0x147db3788fa0>,43,17,[9 2],69,98,115,29,92
1,<environment.Job instance at 0x147db3788690>,44,2,[9 2],71,115,117,44,92
1,<environment.Job instance at 0x147db3e010a0>,45,2,[2 7],75,117,119,42,92
1,<environment.Job instance at 0x147db024a460>,37,1,[2 9],61,119,120,58,94
1,<environment.Job instance at 0x147db246bfa0>,49,12,[7 2],79,120,132,41,106
1,<environment.Job instance at 0x147db24394b0>,1,1,[ 2 10],2,2,3,0,2
1,<environment.Job instance at 0x147db2439370>,0,2,[7 2],1,3,5,2,3
1,<environment.Job instance at 0x147db2450690>,6,17,[8 1],9,9,26,0,9
1,<environment.Job instance at 0x147da0eba410>,10,15,[9 1],14,26,41,12,14
1,<environment.Job instance at 0x147da0bcb280>,16,2,[2 8],22,22,24,0,22
1,<environment.Job instance at 0x147da0e4f7d0>,18,2,[6 1],24,41,43,17,24
1,<environment.Job instance at 0x147da0ed65a0>,2,16,[1 7],3,26,42,23,26
1,<environment.Job instance at 0x147da0bcb0f0>,20,2,[8 1],26,43,45,17,27
1,<environment.Job instance at 0x147da0d25320>,24,1,[1 6],31,42,43,11,31
1,<environment.Job instance at 0x147da09d5dc0>,26,16,[1 5],33,43,59,10,33
1,<environment.Job instance at 0x147da0ad5a00>,27,3,[2 5],34,45,48,11,35
1,<environment.Job instance at 0x147da0ad5500>,28,3,[2 8],36,59,62,23,36
1,<environment.Job instance at 0x147db2450140>,8,13,[1 9],11,70,83,59,70
1,<environment.Job instance at 0x147da0c73050>,36,3,[2 8],45,83,86,38,78
1,<environment.Job instance at 0x147da0ad53c0>,31,2,[2 5],40,94,96,54,94
1,<environment.Job instance at 0x147da0c73b90>,43,2,[9 1],54,104,106,50,104
1,<environment.Job instance at 0x147da0ca6a50>,52,3,[10  1],68,130,133,62,130
1,<environment.Job instance at 0x147da0ca6af0>,53,3,[1 8],69,133,136,64,130
1,<environment.Job instance at 0x147da0ca6640>,54,2,[2 9],70,136,138,66,130
1,<environment.Job instance at 0x147da0c116e0>,57,16,[7 2],74,138,154,64,130
1,<environment.Job instance at 0x146a5e8005f0>,7,1,[2 6],8,9,10,1,9
1,<environment.Job instance at 0x146a67e1c190>,9,2,[6 1],11,12,14,1,12
1,<environment.Job instance at 0x146a5e827140>,11,3,[1 8],13,13,16,0,13
1,<environment.Job instance at 0x146a5e8270f0>,13,2,[8 1],17,17,19,0,17
1,<environment.Job instance at 0x146a5e82d6e0>,14,2,[ 1 10],18,19,21,1,19
1,<environment.Job instance at 0x146a5e82daf0>,15,1,[ 1 10],20,21,22,1,20
1,<environment.Job instance at 0x146a5e82d730>,16,1,[2 5],21,22,23,1,21
1,<environment.Job instance at 0x146a5eb4d820>,19,3,[6 2],26,26,29,0,26
1,<environment.Job instance at 0x146a5e3bf320>,26,1,[2 7],35,40,41,5,40
1,<environment.Job instance at 0x146a5e3ba780>,36,3,[10  2],48,68,71,20,68
1,<environment.Job instance at 0x146a5e3ba0a0>,40,3,[1 6],53,71,74,18,70
1,<environment.Job instance at 0x146a5e829af0>,24,12,[ 1 10],32,75,87,43,75
1,<environment.Job instance at 0x146a5e3ba820>,33,1,[2 7],43,87,88,44,83
1,<environment.Job instance at 0x146a5e3b9be0>,49,16,[8 2],66,96,112,30,96
1,<environment.Job instance at 0x146a5e3bb370>,51,2,[8 2],69,112,114,43,103
1,<environment.Job instance at 0x146a5e3bdbe0>,55,16,[2 5],76,116,132,40,116
1,<environment.Job instance at 0x146a5e3df730>,59,1,[1 9],85,137,138,52,137
1,<environment.Job instance at 0x146a5e3f1dc0>,63,3,[10  1],89,171,174,82,171
1,<environment.Job instance at 0x146a5e3b99b0>,44,3,[1 8],58,199,202,141,199
1,<environment.Job instance at 0x146a601af280>,1,3,[2 9],2,3,6,1,3
1,<environment.Job instance at 0x146a5e91caa0>,4,3,[1 9],5,6,9,1,5
1,<environment.Job instance at 0x146a5e93deb0>,7,3,[2 9],9,12,15,3,12
1,<environment.Job instance at 0x146a5e93dd20>,10,3,[6 2],16,19,22,3,19
1,<environment.Job instance at 0x146a5e93dfa0>,14,3,[2 9],20,22,25,2,22
1,<environment.Job instance at 0x146a5e93d050>,15,3,[7 2],21,25,28,4,23
1,<environment.Job instance at 0x146a5e93d1e0>,17,3,[ 2 10],24,28,31,4,24
1,<environment.Job instance at 0x146a5e93d280>,18,12,[2 8],25,31,43,6,25
1,<environment.Job instance at 0x146a5e90e550>,20,2,[ 1 10],28,43,45,15,30
1,<environment.Job instance at 0x146a5e90e1e0>,24,1,[1 5],33,45,46,12,35
1,<environment.Job instance at 0x146a5e90e3c0>,25,2,[1 9],36,46,48,10,36
1,<environment.Job instance at 0x146a5e90e6e0>,26,1,[2 7],37,48,49,11,40
1,<environment.Job instance at 0x146a5e90e820>,31,3,[2 8],42,49,52,7,42
1,<environment.Job instance at 0x146a5eb7dd20>,33,15,[10  2],45,52,67,7,46
1,<environment.Job instance at 0x146a5eb7deb0>,35,16,[8 1],47,67,83,20,54
1,<environment.Job instance at 0x146a5eb76cd0>,42,15,[5 1],55,83,98,28,69
1,<environment.Job instance at 0x146a5eb76050>,51,18,[2 6],68,103,121,35,103
1,<environment.Job instance at 0x146a5eb71870>,54,3,[9 1],73,121,124,48,103
1,<environment.Job instance at 0x146a5eb7d230>,38,1,[2 8],51,124,125,73,103
1,<environment.Job instance at 0x146a5eb71af0>,57,15,[1 6],77,125,140,48,117
1,<environment.Job instance at 0x146a5eb71e60>,63,3,[1 9],84,140,143,56,138
1,<environment.Job instance at 0x146a5eb77c80>,66,28,[2 8],89,143,171,54,143
1,<environment.Job instance at 0x146a5eb769b0>,1,15,[1 7],5,6,21,1,6
1,<environment.Job instance at 0x146a5e8b5d70>,2,3,[ 2 10],6,21,24,15,8
1,<environment.Job instance at 0x146a44e66cd0>,9,17,[ 2 10],16,24,41,8,16
1,<environment.Job instance at 0x146a44e66960>,13,2,[ 1 10],21,41,43,20,22
1,<environment.Job instance at 0x146a44e67410>,15,1,[1 7],23,43,44,20,23
1,<environment.Job instance at 0x146a44e67550>,16,1,[2 9],24,44,45,20,24
1,<environment.Job instance at 0x146a44e67820>,19,14,[10  1],29,45,59,16,30
1,<environment.Job instance at 0x146a44e67a50>,21,2,[8 2],31,59,61,28,32
1,<environment.Job instance at 0x146a44e67af0>,23,2,[2 5],33,59,61,26,33
1,<environment.Job instance at 0x146a44e67f50>,25,2,[10  1],35,61,63,26,35
1,<environment.Job instance at 0x146a44e67d20>,26,3,[ 2 10],37,63,66,26,37
1,<environment.Job instance at 0x146a44e691e0>,29,17,[1 6],41,66,83,25,54
1,<environment.Job instance at 0x146a44e69460>,30,17,[7 1],42,66,83,24,54
1,<environment.Job instance at 0x146a44e69690>,33,15,[9 2],50,83,98,33,70
1,<environment.Job instance at 0x146a44e697d0>,34,1,[9 1],51,98,99,47,70
1,<environment.Job instance at 0x146a44e69870>,35,12,[1 5],52,83,95,31,70
1,<environment.Job instance at 0x146a44e69b90>,37,1,[9 1],55,99,100,44,72
1,<environment.Job instance at 0x146a44e69aa0>,39,1,[ 1 10],57,100,101,43,73
1,<environment.Job instance at 0x146a44e69c80>,41,3,[1 5],60,95,98,35,74
1,<environment.Job instance at 0x146a44e69e60>,42,2,[10  2],61,101,103,40,74
1,<environment.Job instance at 0x146a44e6b050>,47,1,[2 8],72,103,104,31,80
1,<environment.Job instance at 0x146a44e6b640>,48,18,[10  1],76,104,122,28,93
1,<environment.Job instance at 0x146a44e6ba00>,49,2,[7 2],77,122,124,45,95
1,<environment.Job instance at 0x146a44e6be60>,54,2,[5 2],84,124,126,40,98
1,<environment.Job instance at 0x146a44dee1e0>,58,16,[1 7],89,159,175,70,159
1,<environment.Job instance at 0x146a454e0050>,14,1,[5 2],18,245,246,227,245
1,<environment.Job instance at 0x146a454eb550>,19,2,[5 2],25,276,278,251,276
1,<environment.Job instance at 0x146a454ebf50>,22,2,[10  1],29,295,297,266,295
1,<environment.Job instance at 0x146a456959b0>,28,2,[7 2],39,302,304,263,302
1,<environment.Job instance at 0x146a455b7b40>,33,14,[8 1],46,319,333,273,319
1,<environment.Job instance at 0x146a456fe140>,34,2,[ 1 10],47,333,335,286,319
1,<environment.Job instance at 0x146a454d9cd0>,31,2,[2 5],44,319,321,275,319
1,<environment.Job instance at 0x146a45538140>,38,3,[1 9],52,321,324,269,319
1,<environment.Job instance at 0x146a456413c0>,39,1,[6 1],53,335,336,282,319
1,<environment.Job instance at 0x146a45676640>,41,3,[1 7],59,324,327,265,319
1,<environment.Job instance at 0x146a45545140>,43,20,[8 2],62,336,356,274,327
1,<environment.Job instance at 0x146a45545fa0>,44,2,[10  1],63,356,358,293,329
1,<environment.Job instance at 0x146a455b7e60>,45,3,[1 9],64,330,333,266,330
1,<environment.Job instance at 0x146a5e87ae60>,53,1,[1 8],78,339,340,261,339
1,<environment.Job instance at 0x146a5e87abe0>,54,13,[1 7],80,340,353,260,339
1,<environment.Job instance at 0x146a5e87acd0>,55,12,[2 9],83,358,370,275,341
1,<environment.Job instance at 0x146a454e0e60>,13,18,[8 1],17,390,408,373,390
1,<environment.Job instance at 0x146a456e1690>,0,1,[6 2],1,7,8,6,7
1,<environment.Job instance at 0x146a60325550>,6,1,[1 9],13,14,15,1,14
1,<environment.Job instance at 0x146a60325dc0>,8,1,[9 2],15,16,17,1,16
1,<environment.Job instance at 0x146a60369eb0>,10,2,[1 6],18,18,20,0,18
1,<environment.Job instance at 0x146a60369410>,12,1,[7 2],21,21,22,0,21
1,<environment.Job instance at 0x146a60325230>,9,18,[ 1 10],16,22,40,6,22
1,<environment.Job instance at 0x146a603691e0>,13,3,[9 1],22,40,43,18,23
1,<environment.Job instance at 0x146a60369aa0>,16,3,[2 7],26,43,46,17,26
1,<environment.Job instance at 0x146a45697aa0>,18,2,[ 1 10],29,46,48,17,30
1,<environment.Job instance at 0x146a454785a0>,21,3,[9 1],34,48,51,14,34
1,<environment.Job instance at 0x146a60f18af0>,26,2,[5 1],43,43,45,0,43
1,<environment.Job instance at 0x146a453f0a50>,30,3,[9 2],48,51,54,3,48
1,<environment.Job instance at 0x146a453f0910>,31,3,[6 2],51,54,57,3,51
1,<environment.Job instance at 0x146a453f0960>,32,2,[5 2],52,57,59,5,54
1,<environment.Job instance at 0x146a453f00f0>,34,2,[9 2],55,59,61,4,55
1,<environment.Job instance at 0x146a453f0b40>,35,1,[7 2],56,61,62,5,56
1,<environment.Job instance at 0x146a453f02d0>,37,14,[1 6],59,59,73,0,59
1,<environment.Job instance at 0x146a453f0640>,38,14,[1 9],60,73,87,13,60
1,<environment.Job instance at 0x146a4566d370>,39,3,[6 1],63,63,66,0,63
1,<environment.Job instance at 0x146a4566d5a0>,43,16,[2 9],67,87,103,20,74
1,<environment.Job instance at 0x146a45676f50>,53,2,[1 5],85,103,105,18,95
1,<environment.Job instance at 0x146a45676500>,54,2,[8 1],86,95,97,9,95
1,<environment.Job instance at 0x146a45676dc0>,55,3,[2 9],87,105,108,18,96
1,<environment.Job instance at 0x146a44ff8f50>,0,2,[1 9],1,1,3,0,1
1,<environment.Job instance at 0x146a44ff8be0>,1,3,[2 8],2,4,7,2,4
1,<environment.Job instance at 0x146a44ff89b0>,2,1,[1 8],5,7,8,2,7
1,<environment.Job instance at 0x146a44ff8050>,3,16,[2 6],6,8,24,2,7
1,<environment.Job instance at 0x146a44ff8dc0>,5,2,[8 2],8,11,13,3,11
1,<environment.Job instance at 0x146a44ff8780>,9,15,[1 5],13,24,39,11,13
1,<environment.Job instance at 0x146a44ff8960>,10,3,[1 9],14,39,42,25,14
1,<environment.Job instance at 0x146a65d2ce10>,11,2,[1 8],16,42,44,26,21
1,<environment.Job instance at 0x146a65d2c550>,17,2,[6 1],24,29,31,5,29
1,<environment.Job instance at 0x146a65d2c190>,18,3,[10  1],26,44,47,18,31
1,<environment.Job instance at 0x146a452138c0>,34,3,[5 2],46,141,144,95,141
1,<environment.Job instance at 0x146a44ee8320>,32,3,[2 8],42,141,144,99,141
1,<environment.Job instance at 0x146a452136e0>,42,1,[5 2],57,148,149,91,148
1,<environment.Job instance at 0x146a456fae60>,0,1,[2 6],1,4,5,3,4
1,<environment.Job instance at 0x146a456fa4b0>,3,14,[1 6],5,5,19,0,5
1,<environment.Job instance at 0x146a456fa410>,4,17,[9 1],6,6,23,0,6
1,<environment.Job instance at 0x146a456fa280>,5,3,[5 1],7,23,26,16,8
1,<environment.Job instance at 0x146a456fab40>,6,1,[10  1],8,26,27,18,9
1,<environment.Job instance at 0x146a456fa5f0>,8,12,[9 2],10,27,39,17,10
1,<environment.Job instance at 0x146a45713c80>,9,2,[2 6],11,23,25,12,12
1,<environment.Job instance at 0x146a45713370>,17,13,[5 1],21,39,52,18,23
1,<environment.Job instance at 0x146a454b4550>,21,14,[2 8],25,39,53,14,36
1,<environment.Job instance at 0x146a454b4280>,23,3,[7 1],27,52,55,25,36
1,<environment.Job instance at 0x146a454b4050>,24,13,[10  1],28,55,68,27,39
1,<environment.Job instance at 0x146a454b4e10>,20,1,[2 5],24,53,54,29,47
1,<environment.Job instance at 0x146a454b4f00>,22,2,[7 1],26,68,70,42,52
1,<environment.Job instance at 0x146a450117d0>,33,23,[1 6],41,128,151,87,128
1,<environment.Job instance at 0x146a456955f0>,40,1,[7 1],56,149,150,93,149
1,<environment.Job instance at 0x146a60135230>,46,3,[8 1],63,154,157,91,154
1,<environment.Job instance at 0x146a60135320>,57,3,[10  2],83,191,194,108,191
1,<environment.Job instance at 0x146a601357d0>,56,16,[ 2 10],82,203,219,121,203
1,<environment.Job instance at 0x146a6020e960>,4,1,[2 8],9,10,11,1,10
1,<environment.Job instance at 0x146a6020e3c0>,3,3,[5 1],8,10,13,2,10
1,<environment.Job instance at 0x146a6020e280>,6,2,[6 2],11,13,15,2,13
1,<environment.Job instance at 0x146a6020ef50>,11,21,[1 8],16,17,38,1,17
1,<environment.Job instance at 0x146a5e827050>,13,2,[6 1],19,19,21,0,19
1,<environment.Job instance at 0x146a5e8273c0>,16,2,[5 1],23,23,25,0,23
1,<environment.Job instance at 0x146a5e827410>,17,17,[1 9],24,38,55,14,26
1,<environment.Job instance at 0x146a60f47780>,23,2,[1 8],37,55,57,18,40
1,<environment.Job instance at 0x146a60f470a0>,27,2,[8 2],45,55,57,10,45
1,<environment.Job instance at 0x146a5e827be0>,22,13,[10  1],35,65,78,30,65
1,<environment.Job instance at 0x146a60f47820>,29,3,[6 2],47,78,81,31,66
1,<environment.Job instance at 0x146a60f47a00>,31,3,[1 9],51,81,84,30,68
1,<environment.Job instance at 0x146a60f472d0>,33,2,[7 2],55,84,86,29,70
1,<environment.Job instance at 0x146a601febe0>,41,28,[5 1],66,93,121,27,93
1,<environment.Job instance at 0x146a5e8a3a00>,49,12,[2 8],75,94,106,19,94
1,<environment.Job instance at 0x146a5e89ec30>,52,3,[2 7],78,106,109,28,101
1,<environment.Job instance at 0x146a5e89eb90>,51,3,[1 5],77,123,126,46,123
1,<environment.Job instance at 0x146a60bfadc0>,0,14,[1 5],1,1,15,0,1
1,<environment.Job instance at 0x146a5e89eaf0>,1,12,[2 6],3,15,27,12,3
1,<environment.Job instance at 0x146a60be05f0>,2,1,[9 1],5,6,7,1,6
1,<environment.Job instance at 0x146a44c6c960>,4,25,[8 1],9,9,34,0,9
1,<environment.Job instance at 0x146a4573de10>,6,16,[1 6],11,27,43,16,14
1,<environment.Job instance at 0x146a4573d0a0>,11,2,[7 2],18,34,36,16,18
1,<environment.Job instance at 0x146a4573d8c0>,12,16,[1 9],19,43,59,24,30
1,<environment.Job instance at 0x146a67e1d0f0>,15,3,[9 2],23,36,39,13,30
1,<environment.Job instance at 0x146a4569cb40>,17,2,[1 8],25,59,61,34,32
1,<environment.Job instance at 0x146a4569c960>,20,19,[2 5],30,61,80,31,51
1,<environment.Job instance at 0x146a4569ca00>,22,3,[6 2],32,59,62,27,58
1,<environment.Job instance at 0x146a4569c820>,23,2,[6 2],33,62,64,29,58
1,<environment.Job instance at 0x146a4569c320>,25,1,[6 1],36,58,59,22,58
1,<environment.Job instance at 0x146a4569ce10>,26,12,[ 1 10],37,80,92,43,64
1,<environment.Job instance at 0x146a4569cfa0>,27,3,[2 7],39,92,95,53,66
1,<environment.Job instance at 0x146a4569cb90>,29,3,[8 2],41,66,69,25,66
1,<environment.Job instance at 0x146a4569cd70>,30,1,[1 7],42,95,96,53,67
1,<environment.Job instance at 0x146a4569c5a0>,32,2,[2 7],44,96,98,52,69
1,<environment.Job instance at 0x146a4569cbe0>,34,3,[7 1],46,71,74,25,71
1,<environment.Job instance at 0x146a67e7acd0>,35,14,[8 2],47,92,106,45,79
1,<environment.Job instance at 0x146a44e3a460>,37,2,[7 2],50,106,108,56,80
1,<environment.Job instance at 0x146a4569c2d0>,31,1,[6 2],43,108,109,65,81
1,<environment.Job instance at 0x146a44e3a5a0>,39,13,[2 8],53,98,111,45,82
1,<environment.Job instance at 0x146a44e3a8c0>,41,1,[1 5],56,111,112,55,83
1,<environment.Job instance at 0x146a44e3ac80>,47,21,[ 2 10],64,112,133,48,104
1,<environment.Job instance at 0x146a5e852280>,50,3,[2 7],68,133,136,65,116
1,<environment.Job instance at 0x146a5e852320>,51,15,[7 2],69,133,148,64,119
1,<environment.Job instance at 0x146a5e852e10>,53,2,[2 9],71,148,150,77,123
1,<environment.Job instance at 0x146a5e8520f0>,57,1,[9 1],76,150,151,74,131
1,<environment.Job instance at 0x146a5e852be0>,58,17,[2 5],77,151,168,74,141
1,<environment.Job instance at 0x146a5e852550>,59,2,[10  2],78,168,170,90,141
1,<environment.Job instance at 0x146a5e852d20>,61,2,[5 2],81,151,153,70,142
1,<environment.Job instance at 0x146a5e852500>,62,2,[5 1],82,148,150,66,142
1,<environment.Job instance at 0x146a60bc0140>,63,1,[1 7],83,142,143,59,142
1,<environment.Job instance at 0x146a60bc0690>,65,1,[6 2],87,155,156,68,155
1,<environment.Job instance at 0x146a60bc0730>,66,1,[5 1],88,156,157,68,155
1,<environment.Job instance at 0x146a60be0320>,3,17,[2 8],6,178,195,172,178
1,<environment.Job instance at 0x146a5e852780>,56,14,[2 6],75,195,209,120,180
1,<environment.Job instance at 0x146a44f3db90>,4,2,[9 2],6,7,9,1,7
1,<environment.Job instance at 0x146a67e1d050>,2,13,[6 1],4,11,24,7,11
1,<environment.Job instance at 0x146a44f3daf0>,9,1,[8 2],13,24,25,11,13
1,<environment.Job instance at 0x146a60cb5d70>,13,16,[6 1],17,47,63,30,47
1,<environment.Job instance at 0x146a60cb5190>,17,1,[1 8],21,51,52,30,51
1,<environment.Job instance at 0x146a60cb51e0>,23,13,[10  1],29,63,76,34,51
1,<environment.Job instance at 0x146a60cb5370>,26,2,[7 2],32,76,78,44,51
1,<environment.Job instance at 0x146a60cb5730>,27,3,[10  1],33,78,81,45,52
1,<environment.Job instance at 0x146a67f6fa50>,30,3,[2 7],36,56,59,20,56
1,<environment.Job instance at 0x146a602ac780>,36,2,[2 5],42,76,78,34,62
1,<environment.Job instance at 0x146a451cc640>,38,22,[8 1],45,81,103,36,75
1,<environment.Job instance at 0x146a451cc5a0>,40,3,[10  2],47,103,106,56,77
1,<environment.Job instance at 0x146a452365f0>,42,17,[1 7],50,81,98,31,80
1,<environment.Job instance at 0x146a65d1c5a0>,45,2,[2 7],53,98,100,45,81
1,<environment.Job instance at 0x146a65d1caa0>,48,2,[10  1],57,106,108,49,95
1,<environment.Job instance at 0x146a65d1cb40>,49,22,[2 6],59,108,130,49,101
1,<environment.Job instance at 0x146a60cb50a0>,25,14,[2 9],31,130,144,99,126
1,<environment.Job instance at 0x146a60cb5140>,21,3,[8 2],26,127,130,101,127
1,<environment.Job instance at 0x146a454c3640>,53,2,[9 1],64,144,146,80,129
1,<environment.Job instance at 0x146a454c33c0>,55,1,[8 1],67,130,131,63,129
1,<environment.Job instance at 0x146a454c3960>,57,2,[7 2],70,146,148,76,129
1,<environment.Job instance at 0x146a454c39b0>,59,3,[1 8],73,144,147,71,131
1,<environment.Job instance at 0x146a454c3d20>,62,1,[6 1],77,153,154,76,153
1,<environment.Job instance at 0x146a4506a780>,1,2,[1 9],2,16,18,14,16
1,<environment.Job instance at 0x146a5e8dbeb0>,7,1,[7 2],12,31,32,19,31
1,<environment.Job instance at 0x146a5e8db5a0>,19,1,[9 2],30,80,81,50,80
1,<environment.Job instance at 0x146a5e8db0f0>,22,13,[7 2],34,82,95,48,82
1,<environment.Job instance at 0x146a5e8dba00>,4,1,[2 9],6,96,97,90,96
1,<environment.Job instance at 0x146a5e8f9820>,27,2,[7 1],41,109,111,68,109
1,<environment.Job instance at 0x146a5e3be190>,57,3,[1 7],84,367,370,283,367
1,<environment.Job instance at 0x146a5e8db410>,3,3,[5 2],4,4,7,0,4
1,<environment.Job instance at 0x146a45024c30>,4,16,[7 1],5,7,23,2,6
1,<environment.Job instance at 0x146a45024cd0>,6,1,[9 2],7,23,24,16,11
1,<environment.Job instance at 0x146a45024050>,9,16,[2 9],12,24,40,12,12
1,<environment.Job instance at 0x146a60b9bc80>,14,1,[8 2],19,40,41,21,19
1,<environment.Job instance at 0x146a60b9bd70>,15,2,[7 2],21,41,43,20,21
1,<environment.Job instance at 0x146a60b9b550>,16,3,[6 1],23,24,27,1,23
1,<environment.Job instance at 0x146a60b9b5f0>,17,2,[10  1],24,43,45,19,24
1,<environment.Job instance at 0x146a60b9ba00>,18,1,[9 1],25,45,46,20,25
1,<environment.Job instance at 0x146a60b9b460>,20,3,[1 6],27,40,43,13,27
1,<environment.Job instance at 0x146a5e93d820>,24,3,[9 1],36,47,50,11,47
1,<environment.Job instance at 0x146a60f93280>,55,2,[2 7],86,158,160,72,158
1,<environment.Job instance at 0x146a60be14b0>,58,2,[1 7],89,160,162,71,158
1,<environment.Job instance at 0x146a60f93c80>,43,16,[2 9],70,178,194,108,178
1,<environment.Job instance at 0x146a60c54550>,0,2,[6 2],1,3,5,2,3
1,<environment.Job instance at 0x146a45672960>,3,15,[1 9],6,6,21,0,6
1,<environment.Job instance at 0x146a4557a6e0>,8,2,[10  2],13,21,23,8,13
1,<environment.Job instance at 0x146a456723c0>,7,1,[2 6],12,23,24,11,14
1,<environment.Job instance at 0x146a4557adc0>,10,2,[8 2],15,23,25,8,18
1,<environment.Job instance at 0x146a4557a050>,12,3,[8 1],18,25,28,7,20
1,<environment.Job instance at 0x146a4557a550>,11,1,[6 1],16,20,21,4,20
1,<environment.Job instance at 0x146a6016bfa0>,15,17,[10  1],26,28,45,2,27
1,<environment.Job instance at 0x146a6016beb0>,17,2,[7 1],28,45,47,17,28
1,<environment.Job instance at 0x146a60f3fd20>,32,1,[8 2],52,60,61,8,60
1,<environment.Job instance at 0x146a60f3fdc0>,35,13,[8 2],56,65,78,9,65
1,<environment.Job instance at 0x146a601ac820>,40,1,[1 7],64,83,84,19,83
1,<environment.Job instance at 0x146a601ac4b0>,45,21,[9 1],71,92,113,21,92
1,<environment.Job instance at 0x146a601acf50>,49,2,[ 2 10],76,113,115,37,112
1,<environment.Job instance at 0x146a452c7690>,51,1,[1 9],79,120,121,41,120
1,<environment.Job instance at 0x146a60157370>,56,3,[9 1],86,133,136,47,133
1,<environment.Job instance at 0x146a601570a0>,57,12,[9 1],87,136,148,49,135
1,<environment.Job instance at 0x146a44fa4aa0>,55,2,[ 2 10],85,214,216,129,214
1,<environment.Job instance at 0x146a60f3f2d0>,27,27,[1 9],43,269,296,226,269
1,<environment.Job instance at 0x146a60318500>,6,1,[1 8],10,12,13,2,12
1,<environment.Job instance at 0x146a60cc86e0>,24,2,[8 1],30,30,32,0,30
1,<environment.Job instance at 0x146a45247190>,25,27,[6 1],31,32,59,1,32
1,<environment.Job instance at 0x146a672f4460>,27,17,[7 2],33,59,76,26,47
1,<environment.Job instance at 0x146a65cb83c0>,33,1,[1 8],42,47,48,5,47
1,<environment.Job instance at 0x146a6006b230>,22,26,[8 1],28,107,133,79,107
1,<environment.Job instance at 0x146a65cb8af0>,38,3,[7 1],50,133,136,83,111
1,<environment.Job instance at 0x146a634bd500>,49,3,[9 2],63,296,299,233,296
1,<environment.Job instance at 0x146a5e3add20>,0,16,[7 1],1,1,17,0,1
1,<environment.Job instance at 0x146a601632d0>,3,2,[5 1],4,17,19,13,4
1,<environment.Job instance at 0x146a65cb8500>,1,1,[1 6],2,5,6,3,5
1,<environment.Job instance at 0x146a452643c0>,6,3,[2 6],7,7,10,0,7
1,<environment.Job instance at 0x146a44c3adc0>,8,3,[6 1],9,19,22,10,9
1,<environment.Job instance at 0x146a44c45820>,16,1,[5 1],22,25,26,3,25
1,<environment.Job instance at 0x146a44c45500>,22,3,[2 7],30,38,41,8,38
1,<environment.Job instance at 0x146a44c41730>,30,3,[2 6],45,48,51,3,48
1,<environment.Job instance at 0x146a44c41e60>,35,17,[1 5],52,55,72,3,55
1,<environment.Job instance at 0x146a44c5eb90>,42,1,[2 8],64,72,73,8,64
1,<environment.Job instance at 0x146a44c5ecd0>,43,18,[1 7],66,73,91,7,66
1,<environment.Job instance at 0x146a44c5edc0>,44,3,[10  1],68,91,94,23,68
1,<environment.Job instance at 0x146a44c5ee60>,46,3,[7 2],71,71,74,0,71
1,<environment.Job instance at 0x146a450c0050>,3,3,[10  1],7,7,10,0,7
1,<environment.Job instance at 0x146a44c60320>,2,1,[10  1],6,11,12,5,11
1,<environment.Job instance at 0x146a456af370>,5,3,[1 5],9,12,15,3,11
1,<environment.Job instance at 0x146a44c16870>,9,25,[9 1],13,13,38,0,13
1,<environment.Job instance at 0x146a450e2aa0>,8,1,[1 8],12,18,19,6,18
1,<environment.Job instance at 0x146a60233550>,15,2,[8 1],20,38,40,18,20
1,<environment.Job instance at 0x146a60233be0>,17,1,[9 1],22,40,41,18,22
1,<environment.Job instance at 0x146a60233230>,19,3,[10  2],27,41,44,14,27
1,<environment.Job instance at 0x146a44f7f370>,26,2,[1 5],36,44,46,8,41
1,<environment.Job instance at 0x146a4533cf00>,36,1,[5 1],47,49,50,2,49
1,<environment.Job instance at 0x146a457412d0>,40,1,[ 1 10],55,55,56,0,55
1,<environment.Job instance at 0x146a45741320>,44,21,[10  2],62,62,83,0,62
1,<environment.Job instance at 0x146a45741780>,45,22,[2 9],63,83,105,20,79
1,<environment.Job instance at 0x146a45741eb0>,49,2,[6 1],73,83,85,10,79
1,<environment.Job instance at 0x146a60301c80>,54,12,[5 2],79,105,117,26,91
1,<environment.Job instance at 0x146a6020d0f0>,63,3,[9 2],89,117,120,28,100
1,<environment.Job instance at 0x146a4578d7d0>,0,2,[1 6],6,15,17,9,15
1,<environment.Job instance at 0x146a5e852050>,6,12,[2 9],17,18,30,1,18
1,<environment.Job instance at 0x146a44d83aa0>,8,3,[9 1],19,30,33,11,21
1,<environment.Job instance at 0x146a65d1a500>,9,1,[7 2],20,33,34,13,25
1,<environment.Job instance at 0x146a60279320>,10,17,[6 2],22,34,51,12,25
1,<environment.Job instance at 0x146a61820870>,14,3,[1 7],27,30,33,3,27
1,<environment.Job instance at 0x146a4574aa00>,20,13,[2 8],33,33,46,0,33
1,<environment.Job instance at 0x146a4574a780>,18,2,[2 6],31,46,48,15,37
1,<environment.Job instance at 0x146a61833be0>,24,1,[2 5],39,48,49,9,40
1,<environment.Job instance at 0x146a602ab320>,25,14,[ 2 10],40,63,77,23,63
1,<environment.Job instance at 0x146a44e96e10>,29,12,[2 9],44,77,89,33,72
1,<environment.Job instance at 0x146a44e96d70>,36,1,[6 1],60,105,106,45,105
1,<environment.Job instance at 0x146a44e96500>,37,1,[2 9],61,105,106,44,105
1,<environment.Job instance at 0x146a44e96a50>,40,3,[5 1],64,106,109,42,106
1,<environment.Job instance at 0x146a44e96fa0>,42,3,[10  2],67,109,112,42,107
1,<environment.Job instance at 0x146a45243a00>,43,17,[9 2],69,112,129,43,109
1,<environment.Job instance at 0x146a45243140>,44,2,[9 2],71,129,131,58,109
1,<environment.Job instance at 0x146a44ee0460>,45,2,[2 7],75,131,133,56,109
1,<environment.Job instance at 0x146a451c7730>,48,1,[1 8],78,112,113,34,111
1,<environment.Job instance at 0x146a451c7500>,52,1,[ 2 10],82,133,134,51,114
1,<environment.Job instance at 0x146a451c7c80>,53,16,[1 7],83,114,130,31,114
1,<environment.Job instance at 0x146a451c73c0>,54,17,[5 2],85,134,151,49,122
1,<environment.Job instance at 0x146a45576b40>,55,3,[10  1],87,151,154,64,125
1,<environment.Job instance at 0x146a60189c80>,0,13,[1 9],1,2,15,1,2
1,<environment.Job instance at 0x146a44e96690>,2,15,[9 1],4,4,19,0,4
1,<environment.Job instance at 0x146a451fa6e0>,1,2,[10  2],2,19,21,17,12
1,<environment.Job instance at 0x146a65394640>,9,3,[1 7],13,15,18,2,13
1,<environment.Job instance at 0x146a653945a0>,8,2,[2 8],12,21,23,9,13
1,<environment.Job instance at 0x146a65394820>,10,2,[6 1],14,21,23,7,14
1,<environment.Job instance at 0x146a65394c30>,12,2,[8 1],16,23,25,7,16
1,<environment.Job instance at 0x146a65394f00>,15,2,[8 2],20,25,27,5,22
1,<environment.Job instance at 0x146a653af820>,18,16,[1 5],23,23,39,0,23
1,<environment.Job instance at 0x146a653af960>,23,2,[2 5],30,30,32,0,30
1,<environment.Job instance at 0x146a653af550>,24,3,[1 9],31,39,42,8,33
1,<environment.Job instance at 0x146a653afd70>,25,15,[9 1],32,35,50,3,35
1,<environment.Job instance at 0x146a6539a4b0>,31,14,[ 2 10],38,50,64,12,38
1,<environment.Job instance at 0x146a653b0280>,42,12,[1 7],56,64,76,8,56
1,<environment.Job instance at 0x146a653b04b0>,43,3,[8 1],57,64,67,7,57
1,<environment.Job instance at 0x146a653b05f0>,44,3,[10  1],58,76,79,18,62
1,<environment.Job instance at 0x146a4516e910>,49,16,[7 2],64,79,95,15,66
1,<environment.Job instance at 0x146a44dbb640>,56,13,[1 5],74,92,105,18,92
1,<environment.Job instance at 0x146a44dbb140>,57,15,[5 1],76,107,122,31,107
1,<environment.Job instance at 0x146a45218fa0>,66,2,[2 6],85,165,167,80,165
1,<environment.Job instance at 0x146a6732b8c0>,2,15,[1 5],3,3,18,0,3
1,<environment.Job instance at 0x146a6732bbe0>,0,2,[2 8],1,18,20,17,5
1,<environment.Job instance at 0x146a453c92d0>,4,2,[6 2],6,7,9,1,7
1,<environment.Job instance at 0x146a453c9f50>,6,2,[9 1],9,10,12,1,10
1,<environment.Job instance at 0x146a453c9e10>,8,3,[10  2],11,20,23,9,11
1,<environment.Job instance at 0x146a453c96e0>,10,3,[10  1],15,23,26,8,18
1,<environment.Job instance at 0x146a453c9320>,14,3,[10  1],19,26,29,7,19
1,<environment.Job instance at 0x146a453c9dc0>,15,1,[6 1],20,29,30,9,20
1,<environment.Job instance at 0x146a453c9230>,16,18,[1 9],21,29,47,8,21
1,<environment.Job instance at 0x146a60febf00>,21,15,[1 8],27,47,62,20,33
1,<environment.Job instance at 0x146a60febc80>,23,13,[6 1],29,34,47,5,34
1,<environment.Job instance at 0x146a45554c30>,27,1,[ 1 10],37,62,63,25,37
1,<environment.Job instance at 0x146a45549a50>,28,1,[5 2],38,47,48,9,38
1,<environment.Job instance at 0x146a455496e0>,29,1,[8 1],39,48,49,9,39
1,<environment.Job instance at 0x146a45549910>,30,14,[1 6],41,63,77,22,48
1,<environment.Job instance at 0x146a454585a0>,33,3,[10  2],48,77,80,29,53
1,<environment.Job instance at 0x146a45458050>,35,3,[8 2],51,54,57,3,54
1,<environment.Job instance at 0x146a45458230>,36,2,[2 5],54,80,82,26,54
1,<environment.Job instance at 0x146a4545f460>,42,3,[1 7],63,1450,1453,1387,1450
1,<environment.Job instance at 0x146a450d7aa0>,0,3,[ 2 10],2,2,5,0,2
1,<environment.Job instance at 0x146a453df370>,7,2,[ 1 10],12,12,14,0,12
1,<environment.Job instance at 0x146a453df9b0>,4,3,[9 1],8,14,17,6,13
1,<environment.Job instance at 0x146a456f8140>,8,3,[ 1 10],14,17,20,3,16
1,<environment.Job instance at 0x146a450e91e0>,11,2,[5 2],17,20,22,3,17
1,<environment.Job instance at 0x146a450e9690>,13,2,[1 7],21,22,24,1,22
1,<environment.Job instance at 0x146a600f0f00>,19,1,[10  1],29,33,34,4,33
1,<environment.Job instance at 0x146a60f71eb0>,23,1,[9 2],34,34,35,0,34
1,<environment.Job instance at 0x146a65d3e5a0>,26,3,[1 7],37,37,40,0,37
1,<environment.Job instance at 0x146a450170a0>,27,2,[2 6],38,40,42,2,38
1,<environment.Job instance at 0x146a45017af0>,28,2,[5 2],39,39,41,0,39
1,<environment.Job instance at 0x146a450174b0>,29,12,[ 1 10],40,42,54,2,41
1,<environment.Job instance at 0x146a45017910>,30,2,[1 5],41,54,56,13,43
1,<environment.Job instance at 0x146a45017960>,31,12,[5 1],42,54,66,12,44
1,<environment.Job instance at 0x146a60f4b5f0>,34,1,[10  2],47,66,67,19,47
1,<environment.Job instance at 0x146a60f4b8c0>,37,2,[1 8],51,56,58,5,52
1,<environment.Job instance at 0x146a44d0e0f0>,39,1,[8 1],53,67,68,14,53
1,<environment.Job instance at 0x146a44f284b0>,43,12,[5 1],59,68,80,9,59
1,<environment.Job instance at 0x146a634d9aa0>,44,16,[1 7],61,67,83,6,61
1,<environment.Job instance at 0x146a65d6d960>,41,2,[1 9],57,62,64,5,62
1,<environment.Job instance at 0x146a60268e60>,48,2,[9 1],68,80,82,12,68
1,<environment.Job instance at 0x146a454c1690>,51,1,[1 5],71,83,84,12,72
1,<environment.Job instance at 0x146a45214e10>,53,3,[2 8],73,84,87,11,73
1,<environment.Job instance at 0x146a452140f0>,54,3,[2 9],74,87,90,13,74
1,<environment.Job instance at 0x146a45214dc0>,55,15,[8 1],76,82,97,6,76
1,<environment.Job instance at 0x146a45214190>,56,1,[2 7],77,90,91,13,77
1,<environment.Job instance at 0x146a45214b40>,57,1,[7 2],78,97,98,19,78
1,<environment.Job instance at 0x146a450ac820>,63,1,[1 8],86,91,92,5,86
1,<environment.Job instance at 0x146a450ac140>,61,15,[7 2],82,98,113,16,87
1,<environment.Job instance at 0x146a45214870>,52,26,[2 7],72,92,118,20,89
1,<environment.Job instance at 0x146bd774fa50>,0,12,[2 5],1,2,14,1,2
1,<environment.Job instance at 0x146bd774ffa0>,2,1,[2 5],3,3,4,0,3
1,<environment.Job instance at 0x146bd557de60>,3,1,[6 2],4,4,5,0,4
1,<environment.Job instance at 0x146bce42a910>,9,2,[6 1],11,12,14,1,12
1,<environment.Job instance at 0x146bce136050>,11,3,[1 8],13,14,17,1,14
1,<environment.Job instance at 0x146bce0d5460>,13,2,[8 1],17,20,22,3,20
1,<environment.Job instance at 0x146bce102050>,16,1,[2 5],21,25,26,4,25
1,<environment.Job instance at 0x146bcdc93960>,23,2,[8 1],31,41,43,10,41
1,<environment.Job instance at 0x146bcdc93500>,26,1,[2 7],35,47,48,12,47
1,<environment.Job instance at 0x146bcdc8f500>,33,1,[2 7],43,72,73,29,72
1,<environment.Job instance at 0x146bcdcc8b40>,58,15,[2 9],82,105,120,23,105
1,<environment.Job instance at 0x146bcdc92be0>,59,1,[1 9],85,120,121,35,108
1,<environment.Job instance at 0x146bce11ecd0>,61,3,[1 5],87,121,124,34,108
1,<environment.Job instance at 0x146bce193910>,62,3,[9 2],88,121,124,33,109
1,<environment.Job instance at 0x146bce18ac30>,63,3,[10  1],89,124,127,35,112
1,<environment.Job instance at 0x146bce186af0>,64,12,[9 1],91,127,139,36,113
1,<environment.Job instance at 0x146bcdcb4140>,65,3,[2 9],92,139,142,47,113
1,<environment.Job instance at 0x146bce20f550>,68,3,[1 9],95,127,130,32,113
1,<environment.Job instance at 0x146bce1ec1e0>,1,2,[6 2],3,6,8,3,6
1,<environment.Job instance at 0x146bce1ec5a0>,8,14,[7 1],12,12,26,0,12
1,<environment.Job instance at 0x146bce1ec050>,9,3,[ 2 10],14,26,29,12,16
1,<environment.Job instance at 0x146bce1eca50>,12,2,[ 1 10],18,29,31,11,18
1,<environment.Job instance at 0x146bce1ec550>,13,1,[7 2],20,31,32,11,22
1,<environment.Job instance at 0x146bce1e3410>,23,3,[2 8],32,32,35,0,32
1,<environment.Job instance at 0x146bce1e3870>,25,15,[10  2],35,35,50,0,35
1,<environment.Job instance at 0x146bce1e3640>,26,13,[ 1 10],36,50,63,14,37
1,<environment.Job instance at 0x146bce1e3230>,27,16,[8 1],37,63,79,26,53
1,<environment.Job instance at 0x146bce44caa0>,29,13,[2 9],40,68,81,28,68
1,<environment.Job instance at 0x146bce44cc80>,36,2,[ 1 10],50,81,83,31,68
1,<environment.Job instance at 0x146bcf95f960>,43,18,[2 6],58,84,102,26,84
1,<environment.Job instance at 0x146bcf95f5a0>,50,3,[7 2],68,84,87,16,84
1,<environment.Job instance at 0x146bcf94b6e0>,59,3,[5 1],83,276,279,193,276
1,<environment.Job instance at 0x146bcf94b460>,62,2,[1 9],88,276,278,188,276
1,<environment.Job instance at 0x146bcf94b9b0>,63,2,[ 2 10],91,279,281,188,277
1,<environment.Job instance at 0x146bcfa07500>,65,15,[2 7],93,281,296,188,277
1,<environment.Job instance at 0x146bcfa07eb0>,66,2,[ 2 10],94,296,298,202,277
1,<environment.Job instance at 0x146bcfa07960>,67,2,[2 9],95,298,300,203,277
1,<environment.Job instance at 0x146bcfa07690>,69,19,[ 1 10],98,300,319,202,290
1,<environment.Job instance at 0x146bcf95a6e0>,70,2,[9 1],99,319,321,220,292
1,<environment.Job instance at 0x146bcf94bf50>,58,28,[2 8],79,355,383,276,355
1,<environment.Job instance at 0x146bce0d51e0>,0,2,[ 1 10],1,3,5,2,3
1,<environment.Job instance at 0x146bcf94b820>,3,1,[2 9],4,5,6,1,4
1,<environment.Job instance at 0x146bce42ec30>,4,15,[1 7],5,6,21,1,5
1,<environment.Job instance at 0x146bcf94bc30>,6,14,[10  1],9,21,35,12,11
1,<environment.Job instance at 0x146bbc722c30>,10,2,[2 5],13,35,37,22,14
1,<environment.Job instance at 0x146bbc723230>,13,3,[ 2 10],17,37,40,20,17
1,<environment.Job instance at 0x146bbc723370>,14,18,[8 1],18,40,58,22,29
1,<environment.Job instance at 0x146bbc723b40>,22,12,[1 5],32,44,56,12,44
1,<environment.Job instance at 0x146bbc723a50>,23,2,[6 2],33,58,60,25,44
1,<environment.Job instance at 0x146bbc7239b0>,24,1,[9 1],35,60,61,25,44
1,<environment.Job instance at 0x146bbc723b90>,25,2,[8 1],36,61,63,25,45
1,<environment.Job instance at 0x146bbc723c30>,26,1,[ 1 10],37,63,64,26,45
1,<environment.Job instance at 0x146bbc723dc0>,27,2,[1 5],39,56,58,17,45
1,<environment.Job instance at 0x146bbc7262d0>,30,3,[2 8],45,64,67,19,45
1,<environment.Job instance at 0x146bbc7268c0>,31,1,[2 6],46,58,59,12,49
1,<environment.Job instance at 0x146bbc726c30>,34,1,[2 8],52,59,60,7,52
1,<environment.Job instance at 0x146bbc726cd0>,35,18,[10  1],56,67,85,11,57
1,<environment.Job instance at 0x146bbc6a85a0>,41,2,[5 2],64,65,67,1,65
1,<environment.Job instance at 0x146bbc6a8820>,43,14,[6 1],67,85,99,18,70
1,<environment.Job instance at 0x146bbc6a8af0>,47,2,[6 2],72,114,116,42,114
1,<environment.Job instance at 0x146bbc6a9460>,60,1,[5 2],88,168,169,80,168
1,<environment.Job instance at 0x146bbc6a97d0>,68,2,[10  1],99,223,225,124,223
1,<environment.Job instance at 0x146bbc6a9820>,66,1,[1 6],97,236,237,139,236
1,<environment.Job instance at 0x146bbc81f730>,0,17,[7 1],2,2,19,0,2
1,<environment.Job instance at 0x146bbc7b1e10>,1,1,[2 5],4,7,8,3,7
1,<environment.Job instance at 0x146bbc81bf00>,4,2,[7 2],9,19,21,10,11
1,<environment.Job instance at 0x146bbcd2fcd0>,12,21,[7 2],20,21,42,1,21
1,<environment.Job instance at 0x146bbccbafa0>,14,3,[1 9],22,42,45,20,22
1,<environment.Job instance at 0x146bbcd2faa0>,15,1,[6 1],23,42,43,19,25
1,<environment.Job instance at 0x146bbccd17d0>,21,3,[1 9],34,45,48,11,35
1,<environment.Job instance at 0x146bbccd1910>,22,3,[1 8],38,38,41,0,38
1,<environment.Job instance at 0x146bbccdc780>,19,20,[8 2],32,48,68,16,39
1,<environment.Job instance at 0x146bbcf5b230>,23,2,[2 7],41,48,50,7,43
1,<environment.Job instance at 0x146bbce3f640>,25,3,[5 2],43,68,71,25,43
1,<environment.Job instance at 0x146bbcf53640>,31,12,[2 9],53,71,83,18,56
1,<environment.Job instance at 0x146bbcf57960>,35,17,[10  1],58,92,109,34,92
1,<environment.Job instance at 0x146bcc036500>,0,14,[1 6],2,5,19,3,5
1,<environment.Job instance at 0x146bbcfb14b0>,6,3,[6 2],11,12,15,1,12
1,<environment.Job instance at 0x146bbcfb16e0>,8,3,[1 7],13,19,22,6,16
1,<environment.Job instance at 0x146bcdc83be0>,15,26,[9 1],24,25,51,1,25
1,<environment.Job instance at 0x146bcdc83e60>,17,2,[2 5],26,51,53,25,27
1,<environment.Job instance at 0x146bce451c30>,19,12,[5 2],28,51,63,23,35
1,<environment.Job instance at 0x146bce451550>,22,1,[10  1],34,63,64,29,43
1,<environment.Job instance at 0x146bbcfb0c80>,25,16,[2 8],39,64,80,25,53
1,<environment.Job instance at 0x146bce451370>,26,13,[ 2 10],42,80,93,38,64
1,<environment.Job instance at 0x146bbcd38050>,29,2,[8 1],46,64,66,18,64
1,<environment.Job instance at 0x146bbcd38aa0>,30,3,[2 9],47,93,96,46,67
1,<environment.Job instance at 0x146bbcd38730>,31,1,[5 1],49,67,68,18,67
1,<environment.Job instance at 0x146bbcd387d0>,32,3,[1 5],50,96,99,46,70
1,<environment.Job instance at 0x146bbcd38a00>,37,3,[1 6],57,99,102,42,76
1,<environment.Job instance at 0x146bbcd38af0>,39,14,[9 1],60,96,110,36,81
1,<environment.Job instance at 0x146bbcd38960>,41,2,[1 7],62,102,104,40,81
1,<environment.Job instance at 0x146bbcd38500>,42,15,[1 5],63,104,119,41,90
1,<environment.Job instance at 0x146bbcd38f00>,43,3,[1 9],64,119,122,55,93
1,<environment.Job instance at 0x146bbcd82fa0>,47,1,[2 8],70,122,123,52,98
1,<environment.Job instance at 0x146bbcd82820>,48,1,[8 2],71,110,111,39,98
1,<environment.Job instance at 0x146bbcd89280>,58,16,[1 5],85,220,236,135,220
1,<environment.Job instance at 0x146bbc4f0dc0>,1,1,[2 9],2,2,3,0,2
1,<environment.Job instance at 0x146bcf9b51e0>,2,27,[ 2 10],3,3,30,0,3
1,<environment.Job instance at 0x146bcf9b5aa0>,6,1,[2 5],8,30,31,22,11
1,<environment.Job instance at 0x146bce139d20>,14,3,[10  2],19,31,34,12,21
1,<environment.Job instance at 0x146bce139b40>,16,15,[1 8],22,34,49,12,22
1,<environment.Job instance at 0x146bbc8d6550>,22,2,[1 5],30,49,51,19,30
1,<environment.Job instance at 0x146bcf9a6050>,26,1,[1 9],35,51,52,16,36
1,<environment.Job instance at 0x146bbc8e0230>,28,15,[7 1],37,37,52,0,37
1,<environment.Job instance at 0x146bbc8e02d0>,29,1,[2 6],38,52,53,14,40
1,<environment.Job instance at 0x146bbc8e0aa0>,31,1,[2 6],41,53,54,12,41
1,<environment.Job instance at 0x146bcfa405f0>,32,3,[1 7],43,54,57,11,43
1,<environment.Job instance at 0x146bcfa40b90>,35,17,[9 1],46,54,71,8,46
1,<environment.Job instance at 0x146bd55d00a0>,37,1,[10  1],48,71,72,23,52
1,<environment.Job instance at 0x146bd55d0af0>,42,2,[10  2],53,72,74,19,54
1,<environment.Job instance at 0x146bd55d0e60>,44,16,[ 2 10],55,74,90,19,61
1,<environment.Job instance at 0x146bcfb5f2d0>,59,3,[7 1],76,90,93,14,84
1,<environment.Job instance at 0x146bcfb5f5a0>,60,3,[2 8],77,91,94,14,91
1,<environment.Job instance at 0x146bcfb5f7d0>,65,12,[7 1],84,93,105,9,91
1,<environment.Job instance at 0x146bcfb5f780>,66,3,[10  1],87,105,108,18,93
1,<environment.Job instance at 0x146bcfb5fe10>,68,3,[8 1],90,108,111,18,93
1,<environment.Job instance at 0x146bbc872e60>,69,2,[7 1],92,111,113,19,93
1,<environment.Job instance at 0x146bbc872640>,70,18,[2 6],94,108,126,14,97
1,<environment.Job instance at 0x146bbc8729b0>,72,2,[5 1],97,113,115,16,97
1,<environment.Job instance at 0x146bd2d92af0>,2,3,[8 1],3,4,7,1,4
1,<environment.Job instance at 0x146bd2d92780>,3,3,[2 6],6,8,11,2,8
1,<environment.Job instance at 0x146bd2d7db90>,5,16,[1 5],11,11,27,0,11
1,<environment.Job instance at 0x146bd2d7d190>,6,1,[1 9],12,27,28,15,14
1,<environment.Job instance at 0x146bd2d7db40>,4,18,[1 5],7,28,46,21,21
1,<environment.Job instance at 0x146bbc71c4b0>,14,2,[1 6],27,46,48,19,27
1,<environment.Job instance at 0x146bce44c8c0>,15,3,[1 9],28,48,51,20,28
1,<environment.Job instance at 0x146bce44c1e0>,16,16,[2 7],31,51,67,20,38
1,<environment.Job instance at 0x146bd557d1e0>,19,3,[5 1],38,39,42,1,39
1,<environment.Job instance at 0x146bd6c00b90>,21,2,[7 2],40,42,44,2,40
1,<environment.Job instance at 0x146bd6c00500>,22,2,[6 2],41,44,46,3,42
1,<environment.Job instance at 0x146bd6c00190>,26,27,[1 7],45,67,94,22,65
1,<environment.Job instance at 0x146bcc03a460>,28,17,[2 8],47,94,111,47,82
1,<environment.Job instance at 0x146bd4cf50a0>,34,3,[9 2],55,82,85,27,82
1,<environment.Job instance at 0x146bd4cf5550>,37,1,[5 1],63,95,96,32,95
1,<environment.Job instance at 0x146bbcdb4aa0>,39,2,[1 8],67,111,113,44,95
1,<environment.Job instance at 0x146bcfa2c4b0>,41,3,[2 8],69,113,116,44,97
1,<environment.Job instance at 0x146bcfa2c640>,42,15,[2 7],70,116,131,46,103
1,<environment.Job instance at 0x146bd56a1c30>,43,2,[8 2],75,104,106,29,104
1,<environment.Job instance at 0x146bd5696780>,48,1,[2 9],84,131,132,47,104
1,<environment.Job instance at 0x146bcfa214b0>,49,2,[7 2],85,106,108,21,104
1,<environment.Job instance at 0x146bd5696280>,50,12,[7 1],86,108,120,22,104
1,<environment.Job instance at 0x146bd4cf5910>,38,13,[10  1],65,141,154,76,141
1,<environment.Job instance at 0x146bd5679460>,55,3,[2 5],94,181,184,87,181
1,<environment.Job instance at 0x146bd5679f50>,56,1,[8 1],95,197,198,102,197
1,<environment.Job instance at 0x146bd4cf5cd0>,30,2,[ 1 10],50,243,245,193,243
1,<environment.Job instance at 0x146bbcefbd20>,5,3,[1 5],7,7,10,0,7
1,<environment.Job instance at 0x146bbcefb050>,6,3,[2 7],8,10,13,2,8
1,<environment.Job instance at 0x146bbcefb640>,7,13,[2 5],9,13,26,4,9
1,<environment.Job instance at 0x146bbcefbe10>,8,2,[2 8],10,26,28,16,10
1,<environment.Job instance at 0x146bbcefb230>,9,2,[5 1],11,11,13,0,11
1,<environment.Job instance at 0x146bbcf02c80>,11,1,[1 9],17,28,29,11,19
1,<environment.Job instance at 0x146bcfa21280>,4,3,[ 1 10],6,29,32,23,19
1,<environment.Job instance at 0x146bbcf02d20>,12,3,[7 1],18,19,22,1,19
1,<environment.Job instance at 0x146bbcf024b0>,15,12,[2 6],23,32,44,9,23
1,<environment.Job instance at 0x146bbcf02a50>,16,1,[9 1],25,28,29,3,26
1,<environment.Job instance at 0x146bbcf02b90>,18,25,[8 1],29,32,57,3,29
1,<environment.Job instance at 0x146bd5599eb0>,22,3,[1 7],34,44,47,10,34
1,<environment.Job instance at 0x146bd5599500>,25,2,[7 2],38,57,59,19,38
1,<environment.Job instance at 0x146bd5599f00>,26,16,[1 9],39,59,75,20,46
1,<environment.Job instance at 0x146bd5599e60>,29,3,[9 2],43,75,78,32,57
1,<environment.Job instance at 0x146bd55997d0>,31,2,[1 8],45,75,77,30,61
1,<environment.Job instance at 0x146bbc3cf690>,32,12,[1 7],47,77,89,30,62
1,<environment.Job instance at 0x146bbc3cf5f0>,34,19,[2 5],50,89,108,39,79
1,<environment.Job instance at 0x146bbc3cfb90>,36,3,[6 2],52,81,84,29,81
1,<environment.Job instance at 0x146bbc3cf780>,37,2,[6 2],53,84,86,31,81
1,<environment.Job instance at 0x146bd6be44b0>,38,17,[5 2],54,86,103,32,81
1,<environment.Job instance at 0x146bd6be4500>,39,1,[6 1],56,103,104,47,81
1,<environment.Job instance at 0x146bd6be4960>,41,3,[2 7],59,108,111,49,92
1,<environment.Job instance at 0x146bd6be4690>,42,1,[1 6],60,111,112,51,92
1,<environment.Job instance at 0x146bbcef15f0>,43,3,[8 2],61,104,107,43,92
1,<environment.Job instance at 0x146bbcef1cd0>,44,1,[1 7],62,112,113,50,92
1,<environment.Job instance at 0x146bbc69bbe0>,45,1,[6 2],63,107,108,44,92
1,<environment.Job instance at 0x146bbcef1e60>,47,16,[ 2 10],65,113,129,48,100
1,<environment.Job instance at 0x146bbcef1870>,50,2,[1 9],69,129,131,60,105
1,<environment.Job instance at 0x146bbcdb4e10>,51,2,[7 2],70,108,110,38,105
1,<environment.Job instance at 0x146bbcdb4cd0>,52,3,[5 2],72,110,113,38,105
1,<environment.Job instance at 0x146bbcdb4d70>,55,1,[1 5],76,131,132,55,106
1,<environment.Job instance at 0x146bbcdb4a50>,56,1,[10  1],78,132,133,54,107
1,<environment.Job instance at 0x146bbcdb4280>,59,25,[9 1],81,133,158,52,129
1,<environment.Job instance at 0x146bbc5b9640>,63,15,[5 2],86,158,173,72,150
1,<environment.Job instance at 0x146bbc66ad70>,62,21,[2 5],85,158,179,73,151
1,<environment.Job instance at 0x146bcfa2c230>,72,17,[2 5],97,173,190,76,162
1,<environment.Job instance at 0x146bcfa2cc30>,73,2,[10  2],98,190,192,92,164
1,<environment.Job instance at 0x146bbc7cdaa0>,3,17,[9 1],6,6,23,0,6
1,<environment.Job instance at 0x146bbc4761e0>,4,1,[6 2],7,23,24,16,7
1,<environment.Job instance at 0x146bbc476690>,6,1,[2 6],10,23,24,13,11
1,<environment.Job instance at 0x146bbc476c80>,7,3,[2 6],11,24,27,13,13
1,<environment.Job instance at 0x146bbc4762d0>,9,13,[6 1],14,24,37,10,16
1,<environment.Job instance at 0x146bbc48a820>,13,2,[ 1 10],18,37,39,19,20
1,<environment.Job instance at 0x146bbc48a960>,16,1,[8 2],23,39,40,16,23
1,<environment.Job instance at 0x146bd2d97c30>,20,16,[6 1],27,40,56,13,27
1,<environment.Job instance at 0x146bd0899d70>,22,1,[5 2],29,56,57,27,29
1,<environment.Job instance at 0x146bd0899a00>,23,1,[7 1],30,57,58,27,31
1,<environment.Job instance at 0x146bd08992d0>,25,2,[6 2],32,58,60,26,33
1,<environment.Job instance at 0x146bd08994b0>,27,1,[6 2],35,60,61,25,35
1,<environment.Job instance at 0x146bd0899f50>,28,3,[8 2],36,61,64,25,36
1,<environment.Job instance at 0x146bd4c20cd0>,29,2,[ 1 10],38,64,66,26,38
1,<environment.Job instance at 0x146bd4c20c30>,32,14,[2 9],41,41,55,0,41
1,<environment.Job instance at 0x146bd4c20320>,34,3,[10  1],43,66,69,23,43
1,<environment.Job instance at 0x146bbcf0af50>,35,3,[6 1],44,69,72,25,44
1,<environment.Job instance at 0x146bd2d97820>,19,13,[2 8],26,69,82,43,60
1,<environment.Job instance at 0x146bbcf0ae60>,39,17,[1 8],48,101,118,53,101
1,<environment.Job instance at 0x146bbcf0a280>,40,3,[5 2],49,105,108,56,105
1,<environment.Job instance at 0x146bbcf0ab40>,42,3,[2 8],51,118,121,67,115
1,<environment.Job instance at 0x146bcf8dbf00>,51,2,[2 9],62,121,123,59,118
1,<environment.Job instance at 0x146bcf8db1e0>,58,16,[6 2],71,178,194,107,178
1,<environment.Job instance at 0x146bbcf20b40>,63,1,[5 1],79,194,195,115,187
1,<environment.Job instance at 0x146bd4c53910>,73,2,[7 2],95,243,245,148,243
1,<environment.Job instance at 0x146bd2d71c30>,2,14,[1 6],3,11,25,8,11
1,<environment.Job instance at 0x146bbc3718c0>,11,12,[5 2],17,31,43,14,31
1,<environment.Job instance at 0x146bbc6587d0>,35,3,[9 2],51,314,317,263,314
1,<environment.Job instance at 0x146bbc658f50>,40,3,[1 9],62,374,377,312,374
1,<environment.Job instance at 0x146bbc6228c0>,45,2,[2 9],71,426,428,355,426
1,<environment.Job instance at 0x146bd771e550>,46,2,[8 2],72,438,440,366,438
1,<environment.Job instance at 0x146bbc622cd0>,53,2,[2 6],79,547,549,468,547
1,<environment.Job instance at 0x146bbc6229b0>,56,12,[6 2],83,547,559,464,547
1,<environment.Job instance at 0x146bbc622690>,58,2,[6 2],86,559,561,473,547
1,<environment.Job instance at 0x146bbc6224b0>,60,14,[7 1],88,561,575,473,547
1,<environment.Job instance at 0x146bbc622780>,62,14,[9 2],90,575,589,485,560
1,<environment.Job instance at 0x146bbc65bd70>,63,1,[1 9],91,561,562,470,560
1,<environment.Job instance at 0x146bbc65bf00>,64,16,[1 8],92,562,578,470,560
1,<environment.Job instance at 0x146bbc622d70>,52,1,[5 1],78,589,590,511,562
1,<environment.Job instance at 0x146bbc65b2d0>,69,1,[9 2],97,590,591,493,563
1,<environment.Job instance at 0x146bbc65b0f0>,70,2,[1 7],98,578,580,480,563
1,<environment.Job instance at 0x146bd771eaf0>,43,3,[2 8],68,591,594,523,570
1,<environment.Job instance at 0x146bbca41730>,1,16,[2 9],2,3,19,1,3
1,<environment.Job instance at 0x146bbca41aa0>,2,23,[2 6],4,19,42,15,13
1,<environment.Job instance at 0x146bbca415a0>,8,3,[6 1],13,13,16,0,13
1,<environment.Job instance at 0x146bbca415f0>,9,2,[10  1],14,42,44,28,15
1,<environment.Job instance at 0x146bbca41d70>,6,1,[8 2],9,19,20,10,16
1,<environment.Job instance at 0x146bbca41640>,10,1,[9 1],15,44,45,29,17
1,<environment.Job instance at 0x146bd0577b40>,15,2,[7 1],21,21,23,0,21
1,<environment.Job instance at 0x146bbca41910>,5,1,[5 2],8,24,25,16,24
1,<environment.Job instance at 0x146bd0577230>,14,20,[8 1],20,45,65,25,44
1,<environment.Job instance at 0x146bbc8fb960>,28,15,[ 2 10],52,65,80,13,52
1,<environment.Job instance at 0x146bd4ce9910>,29,2,[5 2],53,80,82,27,54
1,<environment.Job instance at 0x146bbce1d0a0>,31,2,[5 2],56,80,82,24,56
1,<environment.Job instance at 0x146bd4d19c30>,37,21,[5 1],62,82,103,20,75
1,<environment.Job instance at 0x146bcc06feb0>,44,2,[1 8],71,82,84,11,75
1,<environment.Job instance at 0x146bd6bb9870>,42,2,[8 1],68,103,105,35,77
1,<environment.Job instance at 0x146bbcc325a0>,47,2,[2 7],76,84,86,8,77
1,<environment.Job instance at 0x146bd4d197d0>,46,3,[ 2 10],75,105,108,30,79
1,<environment.Job instance at 0x146bbcc4f320>,50,2,[1 7],79,86,88,7,80
1,<environment.Job instance at 0x146bbc9ccb40>,51,3,[2 8],80,88,91,8,80
1,<environment.Job instance at 0x146bbc6f17d0>,54,2,[5 2],85,91,93,6,85
1,<environment.Job instance at 0x146bbcce25f0>,55,15,[1 9],86,108,123,22,94
1,<environment.Job instance at 0x146bbcce2320>,56,3,[6 1],87,108,111,21,94
1,<environment.Job instance at 0x146bbcce2be0>,58,1,[7 1],89,111,112,22,95
1,<environment.Job instance at 0x146bbcce2190>,60,2,[10  2],93,123,125,30,97
1,<environment.Job instance at 0x146bbcce29b0>,61,1,[5 1],94,97,98,3,97
1,<environment.Job instance at 0x146bbcc65320>,62,2,[8 2],95,125,127,30,98
1,<environment.Job instance at 0x146bbcdb90f0>,63,1,[6 1],96,112,113,16,98
1,<environment.Job instance at 0x146bbcdb9550>,64,3,[8 1],98,113,116,15,98
1,<environment.Job instance at 0x146bd056b7d0>,2,17,[10  1],6,6,23,0,6
1,<environment.Job instance at 0x146bbc668dc0>,1,2,[8 2],3,23,25,20,7
1,<environment.Job instance at 0x146bd55ab0a0>,3,3,[2 6],7,23,26,16,12
1,<environment.Job instance at 0x146bd55ab370>,7,14,[2 6],13,26,40,13,13
1,<environment.Job instance at 0x146bbc7d2910>,13,27,[5 2],22,25,52,3,25
1,<environment.Job instance at 0x146bbc7d2be0>,18,3,[ 1 10],31,52,55,21,31
1,<environment.Job instance at 0x146bbc419460>,21,2,[8 1],35,55,57,20,35
1,<environment.Job instance at 0x146bbc419be0>,22,13,[8 2],36,57,70,21,41
1,<environment.Job instance at 0x146bbc419780>,24,1,[2 6],39,41,42,2,41
1,<environment.Job instance at 0x146bbc4195f0>,26,3,[8 2],43,70,73,27,44
1,<environment.Job instance at 0x146bd4c95af0>,28,3,[2 8],45,45,48,0,45
1,<environment.Job instance at 0x146bd4c95e10>,32,21,[9 1],51,73,94,22,67
1,<environment.Job instance at 0x146bd4c95410>,35,2,[5 1],55,94,96,39,70
1,<environment.Job instance at 0x146bd4c955a0>,36,2,[ 2 10],56,96,98,40,70
1,<environment.Job instance at 0x146bd4c954b0>,37,3,[5 1],57,98,101,41,72
1,<environment.Job instance at 0x146bd4c95730>,38,1,[1 9],59,73,74,14,72
1,<environment.Job instance at 0x146bbc626cd0>,39,1,[2 7],60,72,73,12,72
1,<environment.Job instance at 0x146bd4c95d20>,40,2,[1 8],61,74,76,13,72
1,<environment.Job instance at 0x146bbc626960>,41,1,[1 9],63,76,77,13,72
1,<environment.Job instance at 0x146bbce186e0>,50,1,[2 8],75,363,364,288,363
1,<environment.Job instance at 0x146bbce18320>,58,1,[10  1],86,456,457,370,456
1,<environment.Job instance at 0x146bbc8f10f0>,59,3,[2 5],88,461,464,373,461
1,<environment.Job instance at 0x146bbce182d0>,55,3,[1 9],82,464,467,382,464
1,<environment.Job instance at 0x146bbccdfaa0>,61,18,[2 9],90,526,544,436,526
1,<environment.Job instance at 0x146bbcb27460>,2,17,[7 2],3,3,20,0,3
1,<environment.Job instance at 0x146bbcb27fa0>,3,16,[5 2],4,20,36,16,7
1,<environment.Job instance at 0x146bd6c4c1e0>,10,1,[6 1],15,36,37,21,17
1,<environment.Job instance at 0x146bbc3f2f00>,30,17,[5 2],40,82,99,42,82
1,<environment.Job instance at 0x146bbc40beb0>,34,14,[1 9],46,117,131,71,117
1,<environment.Job instance at 0x146bd559b280>,46,16,[7 1],61,125,141,64,125
1,<environment.Job instance at 0x146bd559b5a0>,52,3,[2 6],67,131,134,64,127
1,<environment.Job instance at 0x146bd559bd70>,53,3,[1 9],68,134,137,66,127
1,<environment.Job instance at 0x146bd4c85c80>,56,2,[7 1],76,141,143,65,128
1,<environment.Job instance at 0x146bd4c85730>,57,17,[8 1],77,143,160,66,133
1,<environment.Job instance at 0x146bd75e0f50>,63,12,[ 1 10],83,160,172,77,145
1,<environment.Job instance at 0x146bd75e0960>,64,2,[1 7],84,148,150,64,148
1,<environment.Job instance at 0x146bd76e9a50>,71,1,[5 2],99,172,173,73,151
1,<environment.Job instance at 0x146bd75e0c30>,62,1,[5 1],82,172,173,90,151
1,<environment.Job instance at 0x146bbc41f140>,0,1,[7 2],2,3,4,1,3
1,<environment.Job instance at 0x146bd56c1190>,3,3,[2 6],5,6,9,1,6
1,<environment.Job instance at 0x146bbcf61780>,6,26,[2 5],9,13,39,4,13
1,<environment.Job instance at 0x146bbcc91f00>,10,1,[1 8],15,39,40,24,17
1,<environment.Job instance at 0x146bbcc91780>,9,3,[8 1],14,19,22,5,19
1,<environment.Job instance at 0x146bbcc91370>,11,1,[10  2],19,40,41,21,23
1,<environment.Job instance at 0x146bbcc91910>,14,3,[7 2],23,26,29,3,26
1,<environment.Job instance at 0x146bbc38b2d0>,25,1,[2 6],38,58,59,20,58
1,<environment.Job instance at 0x146bcfb3d910>,32,2,[2 6],50,166,168,116,166
1,<environment.Job instance at 0x146bce1464b0>,39,2,[10  2],60,175,177,115,175
1,<environment.Job instance at 0x146bce1468c0>,40,1,[9 1],61,178,179,117,178
1,<environment.Job instance at 0x146bbced1aa0>,37,2,[6 1],58,179,181,121,179
1,<environment.Job instance at 0x146bbc6b9370>,46,13,[10  1],68,186,199,118,186
1,<environment.Job instance at 0x146bbccb4640>,27,2,[2 8],41,199,201,158,193
1,<environment.Job instance at 0x146bbc6e61e0>,49,1,[6 2],71,211,212,140,211
1,<environment.Job instance at 0x146bd112ffa0>,59,2,[1 5],86,229,231,143,229
1,<environment.Job instance at 0x146bd112ff00>,61,17,[10  1],88,242,259,154,242
1,<environment.Job instance at 0x146bcfb22190>,63,1,[8 2],90,259,260,169,246
1,<environment.Job instance at 0x146bbcf27a00>,67,3,[2 9],95,260,263,165,258
1,<environment.Job instance at 0x146bce18d0f0>,66,2,[1 7],94,263,265,169,259
1,<environment.Job instance at 0x146bd55914b0>,1,1,[ 1 10],5,5,6,0,5
1,<environment.Job instance at 0x146bd5591e10>,5,21,[10  2],12,13,34,1,13
1,<environment.Job instance at 0x146bbcba6c80>,8,14,[2 5],17,34,48,17,19
1,<environment.Job instance at 0x146bbcb891e0>,9,13,[1 5],21,34,47,13,21
1,<environment.Job instance at 0x146bbcb89690>,13,3,[2 9],26,48,51,22,27
1,<environment.Job instance at 0x146bbcb89910>,15,12,[5 2],29,51,63,22,34
1,<environment.Job instance at 0x146bbcb89cd0>,21,1,[5 1],36,47,48,11,39
1,<environment.Job instance at 0x146bbcb89f00>,22,3,[8 1],37,48,51,11,39
1,<environment.Job instance at 0x146bbcb89fa0>,23,2,[6 2],38,63,65,25,47
1,<environment.Job instance at 0x146bbcb6b690>,25,2,[1 6],46,51,53,5,50
1,<environment.Job instance at 0x146bbcb6ba50>,28,1,[7 1],53,65,66,12,54
1,<environment.Job instance at 0x146bbcb6b910>,27,2,[2 8],50,54,56,4,54
1,<environment.Job instance at 0x146bbcb6beb0>,32,2,[5 1],58,58,60,0,58
1,<environment.Job instance at 0x146bbcb6bfa0>,33,3,[9 1],59,66,69,7,59
1,<environment.Job instance at 0x146bbcb95370>,35,17,[6 2],62,69,86,7,62
1,<environment.Job instance at 0x146bbcb95730>,38,1,[1 9],66,86,87,20,69
1,<environment.Job instance at 0x146bbcb95960>,43,2,[2 6],71,71,73,0,71
1,<environment.Job instance at 0x146bbcb950a0>,39,3,[1 7],67,73,76,6,72
1,<environment.Job instance at 0x146bbcb95eb0>,46,1,[8 1],76,86,87,10,77
1,<environment.Job instance at 0x146bbcb8c050>,47,3,[1 6],77,79,82,2,79
1,<environment.Job instance at 0x146bbcb8c370>,48,2,[1 6],78,82,84,4,79
1,<environment.Job instance at 0x146bbcb8c690>,50,14,[ 2 10],80,87,101,7,82
1,<environment.Job instance at 0x146bbcb8c9b0>,53,1,[5 2],83,101,102,18,83
1,<environment.Job instance at 0x146bbcb8caf0>,54,12,[2 9],84,102,114,18,86
1,<environment.Job instance at 0x146bbcb8cbe0>,56,2,[5 1],94,101,103,7,101
1,<environment.Job instance at 0x146bbcb8cd70>,57,2,[1 6],95,117,119,22,117
1,<environment.Job instance at 0x146bbcb8ce60>,60,18,[10  2],99,119,137,20,118
1,<environment.Job instance at 0x146bbcb8ce10>,58,2,[1 8],96,137,139,41,129
1,<environment.Job instance at 0x146bbcb868c0>,0,1,[2 9],1,4,5,3,4
1,<environment.Job instance at 0x146bbcb8c870>,5,3,[10  2],7,7,10,0,7
1,<environment.Job instance at 0x146bcfa35e10>,6,17,[9 2],9,10,27,1,9
1,<environment.Job instance at 0x146bcfa35a50>,7,2,[9 2],11,27,29,16,11
1,<environment.Job instance at 0x146bcfa35730>,8,2,[2 7],15,29,31,14,15
1,<environment.Job instance at 0x146bbc8d61e0>,11,1,[1 8],18,18,19,0,18
1,<environment.Job instance at 0x146bbc8d65a0>,12,12,[7 2],19,29,41,10,19
1,<environment.Job instance at 0x146bbc8d6c80>,17,17,[5 2],25,41,58,16,29
1,<environment.Job instance at 0x146bcdca5f00>,21,2,[1 5],30,32,34,2,32
1,<environment.Job instance at 0x146bcdca5b90>,23,2,[10  2],32,58,60,26,32
1,<environment.Job instance at 0x146bbc8d6640>,14,2,[7 2],21,60,62,39,33
1,<environment.Job instance at 0x146bcdca51e0>,25,1,[1 5],35,37,38,2,37
1,<environment.Job instance at 0x146bd6c5a6e0>,28,3,[1 8],40,45,48,5,45
1,<environment.Job instance at 0x146bd6c5abe0>,29,19,[5 2],41,62,81,21,53
1,<environment.Job instance at 0x146bd6c5a640>,31,3,[1 7],43,53,56,10,53
1,<environment.Job instance at 0x146bcfb1a730>,38,1,[1 6],51,65,66,14,65
1,<environment.Job instance at 0x146bcfb1a0f0>,39,3,[6 1],52,81,84,29,65
1,<environment.Job instance at 0x146bcf924820>,42,3,[2 8],56,68,71,12,68
1,<environment.Job instance at 0x146bbcb86870>,2,16,[ 2 10],3,86,102,83,86
1,<environment.Job instance at 0x146bcdcae9b0>,51,2,[1 7],66,102,104,36,99
1,<environment.Job instance at 0x146bcdcaef00>,52,2,[1 6],67,124,126,57,124
1,<environment.Job instance at 0x146bbce8caa0>,60,2,[2 8],80,126,128,46,124
1,<environment.Job instance at 0x146bd55b5410>,61,17,[1 8],82,129,146,47,129
1,<environment.Job instance at 0x146bd4cfb780>,62,15,[10  1],83,146,161,63,137
1,<environment.Job instance at 0x146bd4cfb960>,65,3,[8 1],87,137,140,50,137
1,<environment.Job instance at 0x146bd55d0fa0>,69,2,[8 2],91,161,163,70,149
1,<environment.Job instance at 0x146bbc613a00>,72,1,[ 2 10],95,163,164,68,160
1,<environment.Job instance at 0x146bbc60b5f0>,73,3,[ 2 10],97,183,186,86,183
1,<environment.Job instance at 0x146bd4c17f50>,3,15,[5 1],6,7,22,1,7
1,<environment.Job instance at 0x146bbc8f5eb0>,5,1,[6 1],8,22,23,14,8
1,<environment.Job instance at 0x146bbc8f5a00>,7,16,[2 9],10,10,26,0,10
1,<environment.Job instance at 0x146bbc8f5e60>,8,3,[2 6],11,26,29,15,13
1,<environment.Job instance at 0x146bbca7ff00>,11,3,[7 1],14,23,26,9,14
1,<environment.Job instance at 0x146bbc33e780>,13,3,[2 7],17,29,32,12,17
1,<environment.Job instance at 0x146bbc34a780>,14,18,[1 6],18,32,50,14,21
1,<environment.Job instance at 0x146bd08a7230>,15,3,[1 5],20,50,53,30,25
1,<environment.Job instance at 0x146bbcc20a50>,20,2,[6 2],26,39,41,13,39
1,<environment.Job instance at 0x146bbcb930a0>,22,2,[9 1],29,562,564,533,562
1,<environment.Job instance at 0x146bbce4c820>,0,2,[10  1],1,1,3,0,1
1,<environment.Job instance at 0x146bce44a410>,1,1,[1 7],2,6,7,4,6
1,<environment.Job instance at 0x146bcfb77af0>,4,3,[9 2],6,8,11,2,8
1,<environment.Job instance at 0x146bcfb77fa0>,9,2,[2 8],13,13,15,0,13
1,<environment.Job instance at 0x146bcfb53280>,10,2,[8 1],14,14,16,0,14
1,<environment.Job instance at 0x146bcfb534b0>,12,3,[9 1],18,19,22,1,19
1,<environment.Job instance at 0x146bcfb53500>,14,2,[10  2],21,22,24,1,21
1,<environment.Job instance at 0x146bcfb53a50>,16,3,[ 1 10],24,24,27,0,24
1,<environment.Job instance at 0x146bcfb53960>,18,1,[7 2],26,27,28,1,27
1,<environment.Job instance at 0x146bcfb85370>,26,3,[6 1],38,45,48,7,45
1,<environment.Job instance at 0x146bcfb85b40>,38,2,[1 5],51,127,129,76,127
1,<environment.Job instance at 0x146bcfb85c80>,41,3,[1 7],55,130,133,75,130
1,<environment.Job instance at 0x146bcfb85050>,24,16,[ 2 10],35,139,155,104,139
1,<environment.Job instance at 0x146bcfb81370>,46,17,[6 1],62,155,172,93,149
1,<environment.Job instance at 0x146bcfb81640>,51,12,[5 1],69,173,185,104,173
1,<environment.Job instance at 0x146bcfb815f0>,52,16,[1 7],71,265,281,194,265
1,<environment.Job instance at 0x146bcfb81780>,53,3,[2 6],72,281,284,209,277
1,<environment.Job instance at 0x146bcfb7a460>,73,22,[ 1 10],98,334,356,236,334
1,<environment.Job instance at 0x146bcfb7a5a0>,74,2,[1 6],99,356,358,257,334
1,<environment.Job instance at 0x146bd4cb5690>,3,1,[8 1],4,4,5,0,4
1,<environment.Job instance at 0x146bcfb7a550>,4,17,[7 2],6,15,32,9,15
1,<environment.Job instance at 0x146bd4cb5190>,14,2,[8 1],21,32,34,11,22
1,<environment.Job instance at 0x146bcfb87eb0>,20,1,[1 5],28,33,34,5,33
1,<environment.Job instance at 0x146bcfb87320>,18,17,[1 5],26,38,55,12,38
1,<environment.Job instance at 0x146bd4cb60a0>,30,1,[2 5],38,44,45,6,44
1,<environment.Job instance at 0x146bcfb870a0>,24,2,[ 1 10],32,63,65,31,63
1,<environment.Job instance at 0x146bd4cc7c30>,37,14,[9 2],49,104,118,55,104
1,<environment.Job instance at 0x146bd4cc7870>,38,2,[5 2],50,118,120,68,111
1,<environment.Job instance at 0x146bbc772cd0>,69,1,[5 1],89,209,210,120,209
1,<environment.Job instance at 0x146bbc772230>,68,2,[7 1],88,215,217,127,215
1,<environment.Job instance at 0x146bcf9757d0>,0,16,[8 2],1,3,19,2,3
1,<environment.Job instance at 0x146bbcb74af0>,5,2,[2 8],7,9,11,2,9
1,<environment.Job instance at 0x146bcf975460>,4,1,[7 2],6,19,20,13,10
1,<environment.Job instance at 0x146bbcc0ed20>,11,2,[5 2],15,20,22,5,17
1,<environment.Job instance at 0x146bbcf790f0>,14,17,[ 2 10],18,22,39,4,18
1,<environment.Job instance at 0x146bbc5a3fa0>,15,3,[10  2],19,39,42,20,19
1,<environment.Job instance at 0x146bbc5226e0>,17,3,[2 7],21,42,45,21,22
1,<environment.Job instance at 0x146bbcbeaa50>,19,2,[1 6],23,45,47,22,23
1,<environment.Job instance at 0x146bce44a230>,27,17,[6 2],34,42,59,8,35
1,<environment.Job instance at 0x146bd0809230>,30,2,[8 2],37,59,61,22,45
1,<environment.Job instance at 0x146bcdc90230>,42,2,[1 5],54,455,457,401,455
1,<environment.Job instance at 0x146bcfb9e5a0>,59,3,[1 6],79,1441,1444,1362,1441
1,<environment.Job instance at 0x146bbcf7b870>,68,3,[9 2],94,2412,2415,2318,2412
1,<environment.Job instance at 0x153bc8725cd0>,1,3,[1 9],2,3,6,1,3
1,<environment.Job instance at 0x153bc86cba00>,3,1,[6 2],4,6,7,2,5
1,<environment.Job instance at 0x153bbf0ab7d0>,12,3,[1 8],14,15,18,1,15
1,<environment.Job instance at 0x153bbf0d2140>,14,2,[ 1 10],18,19,21,1,19
1,<environment.Job instance at 0x153bbf0d9870>,17,17,[6 1],23,23,40,0,23
1,<environment.Job instance at 0x153bbf0d4c30>,19,3,[6 2],26,40,43,14,27
1,<environment.Job instance at 0x153bbf0d4b40>,21,3,[6 1],29,43,46,14,30
1,<environment.Job instance at 0x153bbec6a6e0>,24,12,[ 1 10],32,46,58,14,32
1,<environment.Job instance at 0x153bbec6a190>,23,2,[8 1],31,58,60,27,35
1,<environment.Job instance at 0x153bbec69b40>,28,2,[2 7],37,38,40,1,38
1,<environment.Job instance at 0x153bbec69f00>,30,15,[2 9],40,58,73,18,44
1,<environment.Job instance at 0x153bbec64eb0>,36,3,[10  2],48,73,76,25,51
1,<environment.Job instance at 0x153bbec66aa0>,42,1,[10  1],56,76,77,20,56
1,<environment.Job instance at 0x153bbec66c30>,43,3,[7 2],57,77,80,20,57
1,<environment.Job instance at 0x153bbec64500>,40,3,[1 6],53,77,80,24,63
1,<environment.Job instance at 0x153bbec662d0>,44,3,[1 8],58,80,83,22,64
1,<environment.Job instance at 0x153bbec9e6e0>,48,1,[2 9],65,83,84,18,70
1,<environment.Job instance at 0x153bbec68be0>,47,1,[1 6],63,84,85,21,82
1,<environment.Job instance at 0x153bbf0ee640>,61,3,[1 5],87,94,97,7,94
1,<environment.Job instance at 0x153bbf147aa0>,65,3,[2 9],92,98,101,6,98
1,<environment.Job instance at 0x153bbf147690>,68,3,[1 9],95,106,109,11,106
1,<environment.Job instance at 0x153bbf13fd20>,72,13,[7 2],102,111,124,9,111
1,<environment.Job instance at 0x153bbec61d70>,76,2,[2 5],108,116,118,8,116
1,<environment.Job instance at 0x153bbf1ce500>,1,14,[7 1],2,2,16,0,2
1,<environment.Job instance at 0x153bbf1ce410>,0,3,[7 2],1,16,19,15,4
1,<environment.Job instance at 0x153bbf1ced20>,3,12,[2 8],5,7,19,2,7
1,<environment.Job instance at 0x153bbf1ce140>,5,2,[ 1 10],8,19,21,11,10
1,<environment.Job instance at 0x153bbf1cefa0>,7,2,[1 8],11,21,23,10,14
1,<environment.Job instance at 0x153bbf1ce910>,10,2,[1 9],16,23,25,7,20
1,<environment.Job instance at 0x153bbf4290a0>,18,15,[10  2],25,25,40,0,25
1,<environment.Job instance at 0x153bbf429e60>,20,16,[8 1],27,40,56,13,27
1,<environment.Job instance at 0x153bbf429b40>,21,17,[1 9],29,40,57,11,30
1,<environment.Job instance at 0x153bbf429d20>,27,15,[5 1],35,63,78,28,63
1,<environment.Job instance at 0x153bbf0fdaa0>,50,12,[6 1],66,113,125,47,113
1,<environment.Job instance at 0x153bbf0fd280>,51,28,[2 8],69,151,179,82,151
1,<environment.Job instance at 0x153bbf0fd320>,55,2,[1 9],78,179,181,101,166
1,<environment.Job instance at 0x153bbf0fd500>,59,2,[ 2 10],84,181,183,97,181
1,<environment.Job instance at 0x153bbf101780>,63,2,[9 1],89,219,221,130,219
1,<environment.Job instance at 0x153bbf101870>,62,19,[ 1 10],88,243,262,155,243
1,<environment.Job instance at 0x153bbf1018c0>,67,1,[1 7],93,262,263,169,248
1,<environment.Job instance at 0x153bbf41c230>,76,3,[6 1],104,262,265,158,249
1,<environment.Job instance at 0x153bbf41c960>,80,16,[1 6],109,288,304,179,288
1,<environment.Job instance at 0x153bc5ce15f0>,1,17,[7 1],2,6,23,4,6
1,<environment.Job instance at 0x153bbf429370>,4,15,[9 2],10,23,38,13,13
1,<environment.Job instance at 0x153b9d6eb4b0>,11,2,[1 5],19,19,21,0,19
1,<environment.Job instance at 0x153b9d6e8e60>,6,12,[1 5],12,21,33,9,19
1,<environment.Job instance at 0x153b9d6eb7d0>,16,2,[1 6],27,33,35,6,31
1,<environment.Job instance at 0x153b9d6eb690>,13,2,[10  2],21,38,40,17,32
1,<environment.Job instance at 0x153b9d6ebf00>,18,1,[2 8],32,40,41,8,37
1,<environment.Job instance at 0x153b9d6ed780>,25,2,[5 2],44,44,46,0,44
1,<environment.Job instance at 0x153b9d6ebeb0>,19,18,[10  1],36,46,64,10,44
1,<environment.Job instance at 0x153b9d6edb90>,29,16,[1 7],49,64,80,15,54
1,<environment.Job instance at 0x153b9d6edd70>,33,16,[1 7],54,80,96,26,78
1,<environment.Job instance at 0x153b9d6702d0>,38,1,[2 8],61,99,100,38,99
1,<environment.Job instance at 0x153b9d6705f0>,44,1,[5 2],68,134,135,66,134
1,<environment.Job instance at 0x153b9d670730>,45,1,[1 8],69,135,136,66,135
1,<environment.Job instance at 0x153b9d670d20>,54,17,[7 1],82,183,200,101,183
1,<environment.Job instance at 0x153b9d670f50>,55,1,[2 5],84,183,184,99,183
1,<environment.Job instance at 0x153b9d673050>,58,2,[7 2],89,200,202,111,183
1,<environment.Job instance at 0x153b9d673410>,59,3,[ 2 10],91,202,205,111,183
1,<environment.Job instance at 0x153b9d6734b0>,62,1,[ 2 10],95,205,206,110,188
1,<environment.Job instance at 0x153b9d673500>,60,14,[8 2],92,206,220,114,191
1,<environment.Job instance at 0x153b9d673730>,65,3,[7 2],98,220,223,122,194
1,<environment.Job instance at 0x153b9d673a00>,66,21,[7 2],100,223,244,123,215
1,<environment.Job instance at 0x153b9d673e60>,71,3,[1 7],109,217,220,108,217
1,<environment.Job instance at 0x153b9d6704b0>,47,2,[5 2],72,283,285,211,283
1,<environment.Job instance at 0x153b9d6e31e0>,0,12,[7 1],1,3,15,2,3
1,<environment.Job instance at 0x153b9d6e8d20>,2,2,[10  1],3,15,17,12,4
1,<environment.Job instance at 0x153bc17df460>,3,3,[1 9],4,11,14,7,11
1,<environment.Job instance at 0x153b9dd34b90>,6,2,[9 2],12,17,19,5,13
1,<environment.Job instance at 0x153b9dd34690>,5,2,[2 7],11,19,21,8,13
1,<environment.Job instance at 0x153bc0b9f730>,8,16,[7 2],14,19,35,5,15
1,<environment.Job instance at 0x153bc0b9f870>,12,13,[1 7],20,21,34,1,20
1,<environment.Job instance at 0x153bc0b9f5f0>,13,12,[2 9],23,35,47,12,27
1,<environment.Job instance at 0x153b9dd566e0>,17,17,[10  1],28,47,64,19,36
1,<environment.Job instance at 0x153b9ddba370>,27,1,[9 2],45,64,65,19,57
1,<environment.Job instance at 0x153b9ddba8c0>,28,18,[ 1 10],46,83,101,37,83
1,<environment.Job instance at 0x153b9ddcd9b0>,25,1,[1 9],43,118,119,75,118
1,<environment.Job instance at 0x153b9df418c0>,38,3,[10  2],60,131,134,71,131
1,<environment.Job instance at 0x153b9df41820>,44,14,[1 6],72,142,156,70,142
1,<environment.Job instance at 0x153b9df87d20>,36,14,[7 2],57,148,162,91,148
1,<environment.Job instance at 0x153b9df5ac80>,60,2,[2 9],95,195,197,100,195
1,<environment.Job instance at 0x153bc0492320>,68,15,[2 8],108,237,252,129,237
1,<environment.Job instance at 0x153b9dd65820>,1,1,[2 6],3,3,4,0,3
1,<environment.Job instance at 0x153b9dd4ee10>,2,2,[1 5],5,7,9,2,7
1,<environment.Job instance at 0x153b9dd65140>,5,1,[5 1],9,12,13,3,12
1,<environment.Job instance at 0x153b9dd65a50>,8,3,[2 8],12,12,15,0,12
1,<environment.Job instance at 0x153b9dd65be0>,11,3,[1 6],17,17,20,0,17
1,<environment.Job instance at 0x153b9dcfd780>,12,2,[8 2],18,19,21,1,19
1,<environment.Job instance at 0x153b9dcfd500>,14,3,[10  1],21,22,25,1,22
1,<environment.Job instance at 0x153b9dcfdc80>,17,3,[1 9],24,26,29,2,26
1,<environment.Job instance at 0x153b9dc736e0>,19,2,[1 5],28,30,32,2,30
1,<environment.Job instance at 0x153b9dc73c80>,20,15,[10  1],29,32,47,3,32
1,<environment.Job instance at 0x153b9dc73dc0>,31,3,[1 6],44,59,62,15,59
1,<environment.Job instance at 0x153b9dcd8cd0>,43,2,[2 8],59,70,72,11,70
1,<environment.Job instance at 0x153b9db70e10>,51,2,[ 1 10],70,76,78,6,76
1,<environment.Job instance at 0x153bc09f53c0>,68,3,[2 7],92,109,112,17,109
1,<environment.Job instance at 0x153b9db71640>,79,17,[9 1],106,173,190,67,173
1,<environment.Job instance at 0x153b9dc73d20>,2,2,[10  2],3,3,5,0,3
1,<environment.Job instance at 0x153bc18ae4b0>,3,16,[10  2],4,5,21,1,5
1,<environment.Job instance at 0x153bc18ae140>,5,2,[1 6],7,21,23,14,8
1,<environment.Job instance at 0x153bc6696410>,6,15,[2 6],9,23,38,14,9
1,<environment.Job instance at 0x153bc66962d0>,7,2,[7 2],10,21,23,11,11
1,<environment.Job instance at 0x153bc6696500>,9,2,[1 8],12,38,40,26,12
1,<environment.Job instance at 0x153bc6696dc0>,10,14,[6 1],13,23,37,10,13
1,<environment.Job instance at 0x153bc6696f00>,13,2,[7 1],16,37,39,21,16
1,<environment.Job instance at 0x153bc6696690>,14,3,[7 1],17,39,42,22,17
1,<environment.Job instance at 0x153bc18ad410>,25,12,[7 1],34,90,102,56,90
1,<environment.Job instance at 0x153bc18ad9b0>,27,3,[6 1],39,102,105,63,91
1,<environment.Job instance at 0x153b9d85fc80>,39,18,[1 5],57,112,130,55,112
1,<environment.Job instance at 0x153bc18ad820>,34,3,[5 2],50,125,128,75,125
1,<environment.Job instance at 0x153b9d98de10>,42,3,[2 9],64,132,135,68,132
1,<environment.Job instance at 0x153bc189d4b0>,45,26,[2 8],68,157,183,89,157
1,<environment.Job instance at 0x153bc189d280>,52,1,[6 2],82,159,160,77,159
1,<environment.Job instance at 0x153bc189d780>,57,2,[6 2],91,169,171,78,169
1,<environment.Job instance at 0x153bc660b0f0>,67,2,[5 1],103,221,223,118,221
1,<environment.Job instance at 0x153bc14860f0>,0,15,[2 8],2,4,19,2,4
1,<environment.Job instance at 0x153bc1486190>,4,1,[10  2],8,19,20,11,8
1,<environment.Job instance at 0x153bc14860a0>,5,3,[2 8],9,20,23,11,10
1,<environment.Job instance at 0x153bc14a5d70>,7,2,[8 2],15,20,22,5,20
1,<environment.Job instance at 0x153bc18adeb0>,16,3,[9 2],28,28,31,0,28
1,<environment.Job instance at 0x153bc5bbf280>,17,2,[7 1],31,32,34,1,32
1,<environment.Job instance at 0x153bc5bbf640>,18,16,[ 1 10],32,34,50,2,32
1,<environment.Job instance at 0x153bc148b960>,19,3,[2 5],34,50,53,16,36
1,<environment.Job instance at 0x153b9d4c9fa0>,22,13,[8 2],37,50,63,13,38
1,<environment.Job instance at 0x153bc832e0a0>,26,1,[6 2],41,63,64,22,43
1,<environment.Job instance at 0x153b9d38d9b0>,28,1,[7 1],44,64,65,20,44
1,<environment.Job instance at 0x153bc7bba730>,29,12,[2 8],45,53,65,8,45
1,<environment.Job instance at 0x153b9dc7c190>,30,3,[ 1 10],46,65,68,19,47
1,<environment.Job instance at 0x153b9dc868c0>,33,13,[2 5],49,68,81,19,56
1,<environment.Job instance at 0x153b9d9aedc0>,39,3,[7 2],59,68,71,9,61
1,<environment.Job instance at 0x153b9dc83820>,42,1,[9 1],65,81,82,16,66
1,<environment.Job instance at 0x153b9dedd460>,47,2,[10  2],73,82,84,9,73
1,<environment.Job instance at 0x153b9def9730>,48,3,[1 7],74,84,87,10,74
1,<environment.Job instance at 0x153b9def9690>,49,14,[9 2],76,84,98,8,76
1,<environment.Job instance at 0x153b9def9af0>,50,1,[10  2],77,98,99,21,77
1,<environment.Job instance at 0x153b9def9f00>,51,2,[7 2],78,79,81,1,79
1,<environment.Job instance at 0x153b9debe960>,54,12,[2 9],82,99,111,17,85
1,<environment.Job instance at 0x153b9df1df00>,61,17,[2 9],91,111,128,20,100
1,<environment.Job instance at 0x153b9df1db40>,65,1,[6 1],96,101,102,5,101
1,<environment.Job instance at 0x153b9df1dfa0>,66,12,[ 1 10],97,128,140,31,111
1,<environment.Job instance at 0x153b9df1d280>,67,3,[2 7],99,140,143,41,114
1,<environment.Job instance at 0x153b9df15eb0>,68,1,[1 6],100,143,144,43,115
1,<environment.Job instance at 0x153b9df15d70>,70,1,[1 7],102,144,145,42,119
1,<environment.Job instance at 0x153b9df15a00>,72,2,[2 7],104,145,147,41,119
1,<environment.Job instance at 0x153b9d9150a0>,1,13,[2 8],3,6,19,3,6
1,<environment.Job instance at 0x153b9d915870>,3,1,[1 5],6,19,20,13,7
1,<environment.Job instance at 0x153bc0b63690>,8,1,[10  2],13,20,21,7,13
1,<environment.Job instance at 0x153bc0b63550>,9,21,[ 2 10],14,21,42,7,14
1,<environment.Job instance at 0x153b9d4de820>,16,2,[1 5],22,42,44,20,27
1,<environment.Job instance at 0x153bc0b63cd0>,10,21,[2 5],15,42,63,27,34
1,<environment.Job instance at 0x153bc0a70140>,19,1,[9 1],26,63,64,37,35
1,<environment.Job instance at 0x153bc09ede10>,21,2,[10  2],28,64,66,36,37
1,<environment.Job instance at 0x153bc0a709b0>,23,2,[5 2],31,44,46,13,39
1,<environment.Job instance at 0x153bc18573c0>,24,2,[5 1],32,46,48,14,39
1,<environment.Job instance at 0x153bc0b79d20>,25,1,[1 7],33,63,64,30,39
1,<environment.Job instance at 0x153bc0b8aaf0>,26,17,[9 1],36,66,83,30,55
1,<environment.Job instance at 0x153bc08a0b90>,28,1,[5 1],38,55,56,17,55
1,<environment.Job instance at 0x153bc0a957d0>,29,1,[2 6],40,83,84,43,55
1,<environment.Job instance at 0x153b9d57d3c0>,17,16,[1 8],23,66,82,43,58
1,<environment.Job instance at 0x153bc0a95910>,30,3,[2 6],41,84,87,43,58
1,<environment.Job instance at 0x153bc17ba640>,45,1,[5 2],59,110,111,51,110
1,<environment.Job instance at 0x153b9d4e4f00>,46,1,[7 1],60,119,120,59,119
1,<environment.Job instance at 0x153b9d4c21e0>,51,3,[8 2],66,137,140,71,137
1,<environment.Job instance at 0x153b9d4c2410>,52,2,[ 1 10],68,149,151,81,149
1,<environment.Job instance at 0x153b9dc83230>,57,3,[10  1],73,164,167,91,164
1,<environment.Job instance at 0x153b9d4c6e10>,58,3,[6 1],74,167,170,93,164
1,<environment.Job instance at 0x153bc158ae60>,62,17,[1 8],78,187,204,109,187
1,<environment.Job instance at 0x153b9d717e60>,61,1,[5 1],77,188,189,111,188
1,<environment.Job instance at 0x153b9d66b460>,63,3,[5 2],79,194,197,115,194
1,<environment.Job instance at 0x153bc5f05230>,70,3,[10  2],87,270,273,183,270
1,<environment.Job instance at 0x153bc65929b0>,79,22,[2 6],99,304,326,205,304
1,<environment.Job instance at 0x153bc6592780>,81,16,[6 2],101,314,330,213,314
1,<environment.Job instance at 0x153bc148baf0>,9,1,[1 5],17,20,21,3,20
1,<environment.Job instance at 0x153bc148bbe0>,10,14,[5 2],19,24,38,5,24
1,<environment.Job instance at 0x153bc148b870>,16,1,[2 9],26,38,39,12,31
1,<environment.Job instance at 0x153bc14ff5a0>,19,1,[7 2],32,39,40,7,34
1,<environment.Job instance at 0x153b9d66a4b0>,26,2,[ 2 10],42,46,48,4,46
1,<environment.Job instance at 0x153b9d4dabe0>,46,2,[2 7],69,432,434,363,432
1,<environment.Job instance at 0x153bc18ad460>,58,2,[8 2],92,727,729,635,727
1,<environment.Job instance at 0x153b9ded14b0>,68,12,[6 2],103,812,824,709,812
1,<environment.Job instance at 0x153b9ded1140>,69,3,[1 7],104,812,815,708,812
1,<environment.Job instance at 0x153b9ded1820>,70,2,[6 2],106,824,826,718,812
1,<environment.Job instance at 0x153b9ded18c0>,72,14,[7 1],108,826,840,718,813
1,<environment.Job instance at 0x153b9d736c80>,1,16,[1 8],2,4,20,2,4
1,<environment.Job instance at 0x153b9d62f050>,5,2,[8 2],6,8,10,2,8
1,<environment.Job instance at 0x153b9d62f730>,10,23,[2 6],14,20,43,6,14
1,<environment.Job instance at 0x153b9d806690>,16,3,[6 1],23,25,28,2,25
1,<environment.Job instance at 0x153b9d806370>,17,2,[10  1],24,43,45,19,25
1,<environment.Job instance at 0x153bc0b1fe60>,20,3,[1 6],27,45,48,18,28
1,<environment.Job instance at 0x153bc0b1f960>,26,2,[1 8],39,48,50,9,42
1,<environment.Job instance at 0x153bc0b1f7d0>,32,3,[1 8],51,80,83,29,80
1,<environment.Job instance at 0x153bc1895870>,40,1,[ 2 10],67,127,128,60,127
1,<environment.Job instance at 0x153bc0a342d0>,54,3,[ 2 10],85,133,136,48,133
1,<environment.Job instance at 0x153bc0a347d0>,61,1,[7 1],94,136,137,42,134
1,<environment.Job instance at 0x153bc0a34aa0>,66,1,[7 1],99,137,138,38,134
1,<environment.Job instance at 0x153b9da39370>,70,2,[8 2],105,138,140,33,137
1,<environment.Job instance at 0x153bc660a320>,1,2,[8 2],3,3,5,0,3
1,<environment.Job instance at 0x153b9d8fa050>,2,17,[10  1],6,7,24,1,7
1,<environment.Job instance at 0x153bc66046e0>,3,3,[2 6],7,24,27,17,8
1,<environment.Job instance at 0x153b9d921780>,8,1,[ 2 10],14,27,28,13,14
1,<environment.Job instance at 0x153b9d921910>,9,2,[2 8],15,28,30,13,15
1,<environment.Job instance at 0x153b9d921050>,10,1,[1 7],18,30,31,12,18
1,<environment.Job instance at 0x153b9d921a50>,11,1,[1 7],20,31,32,11,21
1,<environment.Job instance at 0x153b9d9216e0>,13,27,[5 2],22,28,55,6,26
1,<environment.Job instance at 0x153b9d8f4550>,19,1,[8 2],32,55,56,23,32
1,<environment.Job instance at 0x153b9d8f4be0>,21,2,[8 1],35,56,58,21,40
1,<environment.Job instance at 0x153b9d8f4640>,22,13,[8 2],36,58,71,22,42
1,<environment.Job instance at 0x153b9d8f4370>,24,1,[2 6],39,42,43,3,42
1,<environment.Job instance at 0x153b9d90c140>,25,3,[1 5],40,43,46,3,42
1,<environment.Job instance at 0x153b9d90c690>,27,1,[1 7],44,46,47,2,44
1,<environment.Job instance at 0x153bc09f88c0>,29,2,[7 1],46,71,73,25,47
1,<environment.Job instance at 0x153bc18780a0>,30,28,[1 6],47,47,75,0,47
1,<environment.Job instance at 0x153b9d727460>,31,1,[1 7],50,75,76,25,50
1,<environment.Job instance at 0x153bc09be370>,36,2,[ 2 10],56,76,78,20,61
1,<environment.Job instance at 0x153bbc0af8c0>,37,3,[5 1],57,73,76,16,63
1,<environment.Job instance at 0x153bc09c9500>,41,1,[1 9],63,78,79,15,64
1,<environment.Job instance at 0x153bc09c9a00>,42,2,[ 2 10],65,79,81,14,66
1,<environment.Job instance at 0x153b9db9a3c0>,44,12,[9 1],67,81,93,14,67
1,<environment.Job instance at 0x153b9d8f4b90>,15,1,[9 1],24,106,107,82,106
1,<environment.Job instance at 0x153b9dd48b40>,49,1,[9 2],74,185,186,111,185
1,<environment.Job instance at 0x153bc2105960>,55,3,[1 9],82,213,216,131,213
1,<environment.Job instance at 0x153bc0bb02d0>,63,1,[1 6],92,330,331,238,330
1,<environment.Job instance at 0x153b9d6128c0>,74,17,[7 2],103,419,436,316,419
1,<environment.Job instance at 0x153b9d7625f0>,1,16,[5 2],3,5,21,2,5
1,<environment.Job instance at 0x153b9dcfa960>,19,1,[ 1 10],27,41,42,14,41
1,<environment.Job instance at 0x153b9dcfae60>,17,17,[5 2],24,42,59,18,41
1,<environment.Job instance at 0x153b9dcfa0a0>,20,1,[2 7],28,42,43,14,41
1,<environment.Job instance at 0x153bc0c14050>,28,18,[10  2],38,65,83,27,65
1,<environment.Job instance at 0x153bc0c14870>,33,17,[7 1],44,83,100,39,78
1,<environment.Job instance at 0x153bc3d55870>,40,14,[1 8],53,110,124,57,110
1,<environment.Job instance at 0x153bbf404f50>,64,13,[7 2],90,201,214,111,201
1,<environment.Job instance at 0x153bbf4044b0>,69,2,[7 1],97,214,216,117,202
1,<environment.Job instance at 0x153bbf404410>,67,2,[2 9],94,214,216,120,202
1,<environment.Job instance at 0x153bbf10b370>,73,17,[1 5],102,216,233,114,212
1,<environment.Job instance at 0x153b9def75f0>,71,26,[2 5],99,216,242,117,215
1,<environment.Job instance at 0x153b9d73d0a0>,74,3,[8 1],104,233,236,129,215
1,<environment.Job instance at 0x153b9d6180a0>,0,1,[1 5],1,2,3,1,2
1,<environment.Job instance at 0x153b9d618d70>,1,3,[7 2],3,4,7,1,4
1,<environment.Job instance at 0x153b9dcfa190>,3,18,[1 7],6,6,24,0,6
1,<environment.Job instance at 0x153bc5c3c550>,4,3,[10  1],8,24,27,16,9
1,<environment.Job instance at 0x153bc5c3c230>,8,15,[ 2 10],14,27,42,13,14
1,<environment.Job instance at 0x153bc5c3cdc0>,17,18,[5 2],27,57,75,30,57
1,<environment.Job instance at 0x153bc18a6640>,24,2,[6 1],38,75,77,37,70
1,<environment.Job instance at 0x153bc18a61e0>,18,1,[1 6],28,73,74,45,73
1,<environment.Job instance at 0x153bc18a6910>,33,13,[10  1],48,110,123,62,110
1,<environment.Job instance at 0x153bc14e1780>,43,3,[9 1],62,123,126,61,123
1,<environment.Job instance at 0x153bc5bf6230>,49,26,[5 2],69,134,160,65,134
1,<environment.Job instance at 0x153bc5bf6460>,50,1,[8 2],70,160,161,90,136
1,<environment.Job instance at 0x153bc14e10f0>,36,1,[6 2],51,161,162,110,136
1,<environment.Job instance at 0x153bc0b4e280>,55,2,[6 1],76,162,164,86,137
1,<environment.Job instance at 0x153bc0b4e910>,56,1,[5 1],77,138,139,61,138
1,<environment.Job instance at 0x153b9dd37e10>,0,20,[9 1],1,5,25,4,5
1,<environment.Job instance at 0x153b9dd37d70>,5,3,[8 1],7,25,28,18,7
1,<environment.Job instance at 0x153b9dd4b190>,11,1,[7 1],23,28,29,5,27
1,<environment.Job instance at 0x153bbf18d5f0>,17,1,[7 2],30,30,31,0,30
1,<environment.Job instance at 0x153b9dd63280>,18,17,[6 2],32,34,51,2,34
1,<environment.Job instance at 0x153bc155b4b0>,20,2,[2 5],35,37,39,2,37
1,<environment.Job instance at 0x153bc15759b0>,21,1,[1 9],36,51,52,15,37
1,<environment.Job instance at 0x153b9dfd6230>,23,1,[1 8],38,39,40,1,38
1,<environment.Job instance at 0x153bc1534fa0>,31,2,[1 6],48,49,51,1,49
1,<environment.Job instance at 0x153bc5c63640>,33,14,[ 2 10],50,52,66,2,50
1,<environment.Job instance at 0x153bc1869be0>,41,2,[1 8],66,66,68,0,66
1,<environment.Job instance at 0x153b9ddbbf50>,43,18,[10  2],69,69,87,0,69
1,<environment.Job instance at 0x153b9d61a0a0>,47,16,[ 2 10],73,87,103,14,74
1,<environment.Job instance at 0x153bc1533280>,52,2,[9 2],81,103,105,22,85
1,<environment.Job instance at 0x153bc1560050>,59,2,[7 2],91,105,107,14,91
1,<environment.Job instance at 0x153bc1560960>,61,16,[1 7],93,103,119,10,93
1,<environment.Job instance at 0x153bc15603c0>,62,17,[5 2],95,107,124,12,95
1,<environment.Job instance at 0x153bc1541aa0>,66,2,[1 5],100,119,121,19,100
1,<environment.Job instance at 0x153bc1560aa0>,63,3,[10  1],97,124,127,27,101
1,<environment.Job instance at 0x153bc1541820>,71,2,[1 9],106,127,129,21,110
1,<environment.Job instance at 0x153bc1541f00>,1,2,[2 8],2,2,4,0,2
1,<environment.Job instance at 0x153bc7bead70>,4,3,[7 2],5,5,8,0,5
1,<environment.Job instance at 0x153b9d7b3d20>,6,15,[8 2],7,8,23,1,8
1,<environment.Job instance at 0x153b9d7d85f0>,11,16,[1 5],13,13,29,0,13
1,<environment.Job instance at 0x153b9d7d8190>,8,2,[8 2],10,23,25,13,14
1,<environment.Job instance at 0x153b9d7d8870>,13,3,[2 8],16,29,32,13,18
1,<environment.Job instance at 0x153b9d7d8c30>,16,2,[2 5],20,25,27,5,21
1,<environment.Job instance at 0x153b9d7d8eb0>,18,15,[9 1],22,32,47,10,23
1,<environment.Job instance at 0x153b9d7bb1e0>,21,3,[2 8],25,47,50,22,26
1,<environment.Job instance at 0x153b9d7bb550>,23,2,[1 6],27,32,34,5,28
1,<environment.Job instance at 0x153b9d7bb6e0>,25,1,[2 7],30,50,51,20,30
1,<environment.Job instance at 0x153b9d7bb820>,26,3,[8 2],31,47,50,16,31
1,<environment.Job instance at 0x153b9d7bb8c0>,27,3,[ 2 10],32,51,54,19,32
1,<environment.Job instance at 0x153b9d7bbe10>,30,3,[1 8],37,40,43,3,40
1,<environment.Job instance at 0x153b9d7c22d0>,33,15,[10  1],43,54,69,11,44
1,<environment.Job instance at 0x153b9d7c2410>,34,3,[1 8],45,69,72,24,46
1,<environment.Job instance at 0x153b9d7c25a0>,37,3,[10  1],48,72,75,24,49
1,<environment.Job instance at 0x153b9d7c2e60>,43,1,[ 2 10],55,75,76,20,57
1,<environment.Job instance at 0x153b9d7c3690>,51,23,[2 5],67,98,121,31,98
1,<environment.Job instance at 0x153b9d7c36e0>,54,16,[2 9],70,123,139,53,123
1,<environment.Job instance at 0x153b9d7c3780>,55,3,[2 6],71,139,142,68,128
1,<environment.Job instance at 0x153b9d7c31e0>,48,3,[2 5],63,142,145,79,131
1,<environment.Job instance at 0x153b9d7c3820>,56,3,[2 6],72,145,148,73,135
1,<environment.Job instance at 0x153b9d7c3d70>,63,2,[2 8],81,174,176,93,174
1,<environment.Job instance at 0x153b9d7c3960>,68,16,[2 8],88,265,281,177,265
1,<environment.Job instance at 0x153b9d7d14b0>,72,1,[6 1],94,271,272,177,271
1,<environment.Job instance at 0x153b9d7d1780>,78,1,[6 1],100,1067,1068,967,1067
1,<environment.Job instance at 0x153b9d7d1550>,3,1,[ 1 10],7,10,11,3,10
1,<environment.Job instance at 0x153bbf0c7640>,4,1,[5 2],8,11,12,3,10
1,<environment.Job instance at 0x153bbf0c7b40>,6,14,[1 6],11,11,25,0,11
1,<environment.Job instance at 0x153bbf0c79b0>,5,1,[8 1],9,12,13,3,11
1,<environment.Job instance at 0x153bbf0c7eb0>,9,3,[10  2],18,25,28,7,22
1,<environment.Job instance at 0x153bbf0c7cd0>,12,2,[2 5],24,28,30,4,24
1,<environment.Job instance at 0x153bbf0c70a0>,16,2,[9 1],29,30,32,1,29
1,<environment.Job instance at 0x153bc65fd500>,20,2,[10  1],35,48,50,13,48
1,<environment.Job instance at 0x153bc65fdaf0>,19,1,[8 2],34,57,58,23,57
1,<environment.Job instance at 0x153bc65fdb40>,21,2,[10  1],36,58,60,22,58
1,<environment.Job instance at 0x153b9da0a460>,35,1,[9 1],54,98,99,44,98
1,<environment.Job instance at 0x153b9da0ad20>,38,3,[10  2],58,257,260,199,257
1,<environment.Job instance at 0x153bc65fd190>,30,3,[10  2],48,408,411,360,408
1,<environment.Job instance at 0x153bc8615190>,45,3,[9 1],68,489,492,421,489
1,<environment.Job instance at 0x153bc0996aa0>,48,2,[ 1 10],72,607,609,535,607
1,<environment.Job instance at 0x153bbc0b6eb0>,61,15,[7 1],90,969,984,879,969
1,<environment.Job instance at 0x153b9d5b0a50>,75,1,[10  2],107,1774,1775,1667,1774
1,<environment.Job instance at 0x153b9dd73e10>,2,1,[8 1],3,3,4,0,3
1,<environment.Job instance at 0x153b9dd73e60>,1,17,[6 1],2,4,21,2,3
1,<environment.Job instance at 0x153b9dcff730>,3,3,[1 6],4,7,10,3,7
1,<environment.Job instance at 0x153b9dcff690>,5,17,[2 7],8,10,27,2,8
1,<environment.Job instance at 0x153b9dcffcd0>,4,2,[1 9],7,27,29,20,9
1,<environment.Job instance at 0x153bbf4000f0>,9,17,[6 1],15,21,38,6,15
1,<environment.Job instance at 0x153bbf400fa0>,10,3,[2 8],16,29,32,13,20
1,<environment.Job instance at 0x153bc0a10320>,16,3,[2 8],23,32,35,9,24
1,<environment.Job instance at 0x153b9df65820>,19,1,[2 7],27,35,36,8,27
1,<environment.Job instance at 0x153bc1898190>,20,1,[7 2],28,38,39,10,29
1,<environment.Job instance at 0x153bc85b45a0>,22,1,[ 2 10],30,39,40,9,30
1,<environment.Job instance at 0x153bc85b4d20>,25,1,[7 2],35,40,41,5,35
1,<environment.Job instance at 0x153bbf400370>,11,2,[9 1],18,41,43,23,35
1,<environment.Job instance at 0x153bc0b17500>,27,2,[1 7],37,37,39,0,37
1,<environment.Job instance at 0x153b9d735870>,28,22,[ 1 10],38,43,65,5,39
1,<environment.Job instance at 0x153bc0b17f50>,29,2,[1 6],39,65,67,26,42
1,<environment.Job instance at 0x153b9d9940a0>,36,2,[6 1],49,65,67,16,53
1,<environment.Job instance at 0x153b9ddcd6e0>,33,1,[8 1],44,67,68,23,59
1,<environment.Job instance at 0x153b9db25960>,57,18,[10  1],75,76,94,1,76
1,<environment.Job instance at 0x153b9d7c75f0>,62,2,[1 9],82,94,96,12,83
1,<environment.Job instance at 0x153b9dcc5780>,66,2,[8 2],88,96,98,8,88
1,<environment.Job instance at 0x153bc09cfbe0>,68,2,[5 2],90,98,100,8,91
1,<environment.Job instance at 0x153bc08a5eb0>,71,16,[8 1],94,100,116,6,96
1,<environment.Job instance at 0x153b9d724910>,72,14,[2 8],95,97,111,2,97
1,<environment.Job instance at 0x153bc158a870>,74,3,[1 7],98,111,114,13,100
1,<environment.Job instance at 0x153b9d35daf0>,77,14,[ 2 10],101,116,130,15,103
1,<environment.Job instance at 0x153b9d35d320>,80,2,[1 8],105,114,116,9,106
1,<environment.Job instance at 0x153b9dd137d0>,82,3,[2 6],108,130,133,22,108
1,<environment.Job instance at 0x153b9d35dd70>,78,1,[1 9],102,133,134,31,111
1,<environment.Job instance at 0x153bc1592320>,0,3,[5 1],1,3,6,2,3
1,<environment.Job instance at 0x153b9dd13be0>,3,3,[8 2],5,6,9,1,6
1,<environment.Job instance at 0x153bc17db410>,4,12,[7 2],7,10,22,3,10
1,<environment.Job instance at 0x153bc17db370>,6,17,[6 2],11,22,39,11,12
1,<environment.Job instance at 0x153bc17db820>,8,2,[1 9],13,39,41,26,13
1,<environment.Job instance at 0x153bc17db910>,9,23,[1 5],14,15,38,1,15
1,<environment.Job instance at 0x153bc17db550>,13,2,[7 1],18,39,41,21,23
1,<environment.Job instance at 0x153bc17d0dc0>,18,2,[10  1],24,41,43,17,24
1,<environment.Job instance at 0x153bc17d0af0>,20,14,[9 2],29,43,57,14,35
1,<environment.Job instance at 0x153bc17d0fa0>,28,3,[9 2],40,57,60,17,42
1,<environment.Job instance at 0x153bc17d06e0>,19,22,[5 1],26,60,82,34,53
1,<environment.Job instance at 0x153bc17c06e0>,37,18,[2 5],50,60,78,10,53
1,<environment.Job instance at 0x153bc17c0a00>,38,3,[2 7],51,78,81,27,53
1,<environment.Job instance at 0x153bc17d07d0>,29,1,[ 2 10],41,82,83,41,55
1,<environment.Job instance at 0x153bc17c0d70>,41,16,[1 9],54,276,292,222,276
1,<environment.Job instance at 0x153bc17c0be0>,43,13,[8 1],56,278,291,222,278
1,<environment.Job instance at 0x153bc17cd640>,53,1,[8 2],69,345,346,276,345
1,<environment.Job instance at 0x153bc17cd820>,56,3,[9 1],74,384,387,310,384
1,<environment.Job instance at 0x153bc17cda00>,58,2,[1 8],77,449,451,372,449
1,<environment.Job instance at 0x153bc17cdaf0>,59,1,[5 1],78,455,456,377,455
1,<environment.Job instance at 0x153bc5c02b90>,66,2,[9 1],89,539,541,450,539
1,<environment.Job instance at 0x153bc17cd500>,51,2,[8 2],67,544,546,477,544
1,<environment.Job instance at 0x153b9da8f640>,71,2,[ 1 10],95,676,678,581,676
1,<environment.Job instance at 0x153bc17c1320>,0,3,[2 5],1,1,4,0,1
1,<environment.Job instance at 0x153bc17c1dc0>,4,3,[1 6],7,7,10,0,7
1,<environment.Job instance at 0x153bc17c11e0>,6,2,[8 1],13,14,16,1,14
1,<environment.Job instance at 0x153bc17c1050>,8,1,[2 8],16,18,19,2,18
1,<environment.Job instance at 0x153b9db7bdc0>,11,3,[5 1],20,20,23,0,20
1,<environment.Job instance at 0x153b9d3e7f50>,13,2,[7 2],24,25,27,1,25
1,<environment.Job instance at 0x153b9d3e7eb0>,15,14,[10  2],26,27,41,1,26
1,<environment.Job instance at 0x153b9d3e78c0>,16,3,[2 6],27,41,44,14,30
1,<environment.Job instance at 0x153b9d3e7c80>,19,14,[9 2],33,44,58,11,33
1,<environment.Job instance at 0x153b9d3c0960>,21,1,[5 2],37,41,42,4,38
1,<environment.Job instance at 0x153b9db9e370>,28,1,[2 5],45,58,59,13,46
1,<environment.Job instance at 0x153bbec902d0>,29,12,[5 1],48,58,70,10,48
1,<environment.Job instance at 0x153b9d469550>,30,1,[10  1],50,70,71,20,51
1,<environment.Job instance at 0x153b9d469a50>,34,3,[6 2],54,71,74,17,54
1,<environment.Job instance at 0x153b9d3e7870>,14,12,[2 8],25,71,83,46,58
1,<environment.Job instance at 0x153b9d469cd0>,36,2,[5 1],59,61,63,2,61
1,<environment.Job instance at 0x153b9d4695a0>,38,13,[2 8],63,83,96,20,67
1,<environment.Job instance at 0x153b9d441e10>,41,3,[2 9],67,67,70,0,67
1,<environment.Job instance at 0x153b9d4415f0>,42,3,[6 1],69,74,77,5,69
1,<environment.Job instance at 0x153b9db9e410>,26,16,[9 2],43,96,112,53,94
1,<environment.Job instance at 0x153bbec9de60>,58,1,[10  2],89,112,113,23,100
1,<environment.Job instance at 0x153bbec9d9b0>,56,2,[2 8],87,113,115,26,102
1,<environment.Job instance at 0x153b9d4446e0>,65,1,[8 1],100,113,114,13,111
1,<environment.Job instance at 0x153bbec9d460>,61,2,[10  1],95,115,117,20,111
1,<environment.Job instance at 0x153b9d444d20>,68,3,[ 2 10],106,117,120,11,111
1,<environment.Job instance at 0x153b9d7404b0>,0,2,[ 1 10],1,2,4,1,2
1,<environment.Job instance at 0x153b9d7406e0>,1,1,[ 2 10],2,5,6,3,5
1,<environment.Job instance at 0x153bc17ba460>,3,17,[ 1 10],5,6,23,1,5
1,<environment.Job instance at 0x153b9d490eb0>,5,2,[ 1 10],10,23,25,13,10
1,<environment.Job instance at 0x153b9d85d140>,7,1,[1 6],12,25,26,13,13
1,<environment.Job instance at 0x153bc5f344b0>,10,2,[10  2],16,26,28,10,24
1,<environment.Job instance at 0x153b9d8b1820>,17,2,[1 8],26,28,30,2,26
1,<environment.Job instance at 0x153b9dd0aa50>,18,12,[5 2],27,28,40,1,27
1,<environment.Job instance at 0x153bc5c98c80>,19,1,[2 9],28,40,41,12,29
1,<environment.Job instance at 0x153b9d907eb0>,23,17,[7 1],35,40,57,5,35
1,<environment.Job instance at 0x153b9d54aaf0>,25,15,[7 1],37,57,72,20,45
1,<environment.Job instance at 0x153b9d54ac80>,27,3,[1 9],44,45,48,1,45
1,<environment.Job instance at 0x153b9df1d140>,28,1,[1 7],47,48,49,1,47
1,<environment.Job instance at 0x153b9daecaf0>,16,14,[1 7],24,52,66,28,52
1,<environment.Job instance at 0x153bc08cbc30>,31,17,[6 2],55,72,89,17,60
1,<environment.Job instance at 0x153b9ddec6e0>,38,1,[8 1],63,89,90,26,65
1,<environment.Job instance at 0x153bbf1e1e60>,40,1,[1 9],68,68,69,0,68
1,<environment.Job instance at 0x153bc09b06e0>,44,2,[9 1],77,90,92,13,77
1,<environment.Job instance at 0x153b9d4dbb40>,45,18,[2 8],78,92,110,14,81
1,<environment.Job instance at 0x153bc14f3960>,47,2,[6 2],82,92,94,10,82
1,<environment.Job instance at 0x153b9db1e370>,46,13,[7 2],81,94,107,13,84
1,<environment.Job instance at 0x153b9da8f2d0>,56,2,[10  1],97,111,113,14,111
1,<environment.Job instance at 0x153b9da8fbe0>,60,18,[8 2],102,147,165,45,147
1,<environment.Job instance at 0x14fe77dfba50>,0,12,[2 5],1,2,14,1,2
1,<environment.Job instance at 0x14fe6eb006e0>,7,1,[2 6],8,14,15,6,8
1,<environment.Job instance at 0x14fe77dfbfa0>,2,1,[2 5],3,9,10,6,9
1,<environment.Job instance at 0x14fe6e8a40f0>,10,13,[2 8],12,15,28,3,12
1,<environment.Job instance at 0x14fe6eac8500>,11,3,[1 8],13,28,31,15,13
1,<environment.Job instance at 0x14fe755e7be0>,8,13,[6 1],9,17,30,8,17
1,<environment.Job instance at 0x14fe6ead6dc0>,13,2,[8 1],17,30,32,13,17
1,<environment.Job instance at 0x14fe6e7a8140>,18,2,[10  1],25,32,34,7,31
1,<environment.Job instance at 0x14fe6e7a8d20>,21,3,[6 1],29,36,39,7,36
1,<environment.Job instance at 0x14fe6e33f820>,27,2,[2 7],36,37,39,1,37
1,<environment.Job instance at 0x14fe6e33fc80>,26,1,[2 7],35,39,40,4,38
1,<environment.Job instance at 0x14fe6e340460>,29,16,[10  2],39,40,56,1,40
1,<environment.Job instance at 0x14fe6e3406e0>,31,3,[9 2],41,56,59,15,41
1,<environment.Job instance at 0x14fe6e33ce10>,33,1,[2 7],43,59,60,16,47
1,<environment.Job instance at 0x14fe6e33a1e0>,36,3,[10  2],48,60,63,12,48
1,<environment.Job instance at 0x14fe6e33a050>,37,2,[ 1 10],50,63,65,13,51
1,<environment.Job instance at 0x14fe6e33ad20>,39,3,[1 5],52,56,59,4,52
1,<environment.Job instance at 0x14fe6e33b960>,44,3,[1 8],58,67,70,9,67
1,<environment.Job instance at 0x14fe6e33b370>,47,1,[1 6],63,70,71,7,67
1,<environment.Job instance at 0x14fe6e33b050>,48,1,[2 9],65,71,72,6,70
1,<environment.Job instance at 0x14fe6e33c320>,35,2,[1 8],45,72,74,27,70
1,<environment.Job instance at 0x14fe6e33b3c0>,45,3,[2 8],60,74,77,14,70
1,<environment.Job instance at 0x14fe6e33b1e0>,49,16,[8 2],66,72,88,6,72
1,<environment.Job instance at 0x14fe6e360960>,58,15,[2 9],82,89,104,7,89
1,<environment.Job instance at 0x14fe6e820500>,64,12,[9 1],91,105,117,14,105
1,<environment.Job instance at 0x14fe6e820dc0>,68,3,[1 9],95,105,108,10,105
1,<environment.Job instance at 0x14fe6e815be0>,72,13,[7 2],102,118,131,16,118
1,<environment.Job instance at 0x14fe6e7aa5f0>,79,3,[7 2],111,131,134,20,129
1,<environment.Job instance at 0x14fe6e7aad70>,80,14,[7 1],112,134,148,22,129
1,<environment.Job instance at 0x14fe6e89ef00>,5,1,[2 5],8,8,9,0,8
1,<environment.Job instance at 0x14fe6e89ebe0>,6,15,[7 1],9,10,25,1,10
1,<environment.Job instance at 0x14fe6e89e8c0>,8,1,[5 1],11,25,26,14,12
1,<environment.Job instance at 0x14fe6e89ea50>,10,12,[9 2],14,26,38,12,15
1,<environment.Job instance at 0x14fe6e89edc0>,15,13,[2 9],20,38,51,18,22
1,<environment.Job instance at 0x14fe6e8566e0>,22,2,[ 1 10],30,51,53,21,39
1,<environment.Job instance at 0x14fe6e8562d0>,21,18,[1 8],26,67,85,41,67
1,<environment.Job instance at 0x14fe6e856780>,24,3,[ 2 10],32,85,88,53,68
1,<environment.Job instance at 0x14fe6e89ed20>,16,1,[2 8],21,88,89,67,69
1,<environment.Job instance at 0x14fe6e8bda00>,37,2,[1 8],49,89,91,40,82
1,<environment.Job instance at 0x14fe6e8bd190>,38,3,[1 7],51,91,94,40,82
1,<environment.Job instance at 0x14fe6e856eb0>,36,3,[7 2],48,120,123,72,120
1,<environment.Job instance at 0x14fe6e8bd690>,48,2,[1 9],68,188,190,120,188
1,<environment.Job instance at 0x14fe6e8503c0>,55,19,[ 1 10],78,435,454,357,435
1,<environment.Job instance at 0x14fe6e85bc80>,73,16,[1 6],99,656,672,557,656
1,<environment.Job instance at 0x14fe6e85bd70>,76,1,[2 6],103,684,685,581,684
1,<environment.Job instance at 0x14fe6e856320>,1,3,[2 8],5,7,10,2,7
1,<environment.Job instance at 0x14fe54de6730>,6,18,[10  1],16,16,34,0,16
1,<environment.Job instance at 0x14fe54de67d0>,7,2,[7 2],17,34,36,17,19
1,<environment.Job instance at 0x14fe54de62d0>,8,2,[2 5],18,34,36,16,22
1,<environment.Job instance at 0x14fe54de63c0>,10,3,[8 1],22,36,39,14,22
1,<environment.Job instance at 0x14fe54de6c80>,14,14,[6 1],27,39,53,12,27
1,<environment.Job instance at 0x14fe54de6960>,16,16,[1 7],29,36,52,7,34
1,<environment.Job instance at 0x14fe54de7f50>,34,2,[5 2],52,105,107,53,105
1,<environment.Job instance at 0x14fe54de7f00>,35,2,[1 7],54,105,107,51,105
1,<environment.Job instance at 0x14fe54de9190>,36,2,[5 2],55,107,109,52,105
1,<environment.Job instance at 0x14fe54de90a0>,38,12,[7 1],58,109,121,51,106
1,<environment.Job instance at 0x14fe54de9370>,39,2,[10  1],59,121,123,62,106
1,<environment.Job instance at 0x14fe54de92d0>,40,3,[2 7],60,107,110,47,106
1,<environment.Job instance at 0x14fe54de9690>,43,3,[1 8],65,110,113,45,108
1,<environment.Job instance at 0x14fe54de96e0>,46,3,[ 2 10],71,123,126,52,110
1,<environment.Job instance at 0x14fe54de99b0>,53,21,[7 2],80,126,147,46,119
1,<environment.Job instance at 0x14fe54de9e60>,57,3,[5 1],84,147,150,63,125
1,<environment.Job instance at 0x14fe54d6d230>,60,20,[8 2],92,150,170,58,141
1,<environment.Job instance at 0x14fe54d6d500>,63,3,[1 8],98,142,145,44,142
1,<environment.Job instance at 0x14fe54d6d4b0>,65,2,[9 2],102,170,172,68,144
1,<environment.Job instance at 0x14fe54d713c0>,71,13,[1 7],110,145,158,35,144
1,<environment.Job instance at 0x14fe54d6d870>,67,16,[7 2],104,172,188,68,171
1,<environment.Job instance at 0x14fe6e33eaa0>,1,3,[2 7],3,3,6,0,3
1,<environment.Job instance at 0x14fe6c0831e0>,8,1,[9 2],15,16,17,1,16
1,<environment.Job instance at 0x14fe6c08c2d0>,17,14,[7 2],27,40,54,13,40
1,<environment.Job instance at 0x14fe6c08cc30>,19,3,[10  2],30,54,57,24,47
1,<environment.Job instance at 0x14fe6c074690>,21,3,[9 1],34,57,60,23,53
1,<environment.Job instance at 0x14fe6c0743c0>,23,16,[1 5],38,76,92,38,76
1,<environment.Job instance at 0x14fe6c068870>,25,14,[1 6],42,94,108,52,94
1,<environment.Job instance at 0x14fe6c2445f0>,26,2,[5 1],43,95,97,52,95
1,<environment.Job instance at 0x14fe6c223eb0>,27,1,[2 7],44,108,109,64,97
1,<environment.Job instance at 0x14fe6c241c80>,29,2,[6 1],46,97,99,51,97
1,<environment.Job instance at 0x14fe6c08c5f0>,15,1,[6 2],25,99,100,74,98
1,<environment.Job instance at 0x14fe7021ac80>,35,1,[7 2],56,116,117,60,116
1,<environment.Job instance at 0x14fe6c246af0>,43,16,[2 9],67,206,222,139,206
1,<environment.Job instance at 0x14fe6c246b90>,44,12,[5 2],68,222,234,154,208
1,<environment.Job instance at 0x14fe700b52d0>,45,3,[8 1],69,209,212,140,209
1,<environment.Job instance at 0x14fe700b58c0>,48,27,[1 7],75,222,249,147,220
1,<environment.Job instance at 0x14fe6e31a6e0>,52,1,[2 6],83,256,257,173,256
1,<environment.Job instance at 0x14fe6e31adc0>,53,2,[1 5],85,257,259,172,257
1,<environment.Job instance at 0x14fe6c198050>,54,2,[8 1],86,262,264,176,262
1,<environment.Job instance at 0x14fe6c198500>,56,1,[5 1],89,266,267,177,266
1,<environment.Job instance at 0x14fe6c2178c0>,70,2,[1 5],108,326,328,218,326
1,<environment.Job instance at 0x14fe6c1f21e0>,66,2,[1 7],102,340,342,238,340
1,<environment.Job instance at 0x14fe6c217050>,73,1,[8 2],111,344,345,233,344
1,<environment.Job instance at 0x14fe5536adc0>,0,2,[1 7],1,2,4,1,2
1,<environment.Job instance at 0x14fe5536ab40>,3,3,[1 6],4,5,8,1,5
1,<environment.Job instance at 0x14fe5536a5f0>,8,16,[2 8],9,9,25,0,9
1,<environment.Job instance at 0x14fe5536a870>,6,17,[2 9],7,25,42,18,13
1,<environment.Job instance at 0x14fe55229910>,12,2,[2 8],13,42,44,29,18
1,<environment.Job instance at 0x14fe55273370>,16,1,[6 2],21,21,22,0,21
1,<environment.Job instance at 0x14fe55229460>,13,3,[5 2],16,22,25,6,22
1,<environment.Job instance at 0x14fe6c028780>,26,2,[5 2],33,42,44,9,40
1,<environment.Job instance at 0x14fe6c0284b0>,22,1,[2 5],28,44,45,16,40
1,<environment.Job instance at 0x14fe6c028230>,27,1,[7 1],36,40,41,4,40
1,<environment.Job instance at 0x14fe6c028820>,30,3,[10  2],39,45,48,6,40
1,<environment.Job instance at 0x14fe551ab690>,32,15,[1 8],42,48,63,6,44
1,<environment.Job instance at 0x14fe6c028960>,25,12,[6 1],32,53,65,21,53
1,<environment.Job instance at 0x14fe551abaa0>,34,19,[2 9],46,63,82,17,53
1,<environment.Job instance at 0x14fe551ab8c0>,37,1,[6 2],49,82,83,33,58
1,<environment.Job instance at 0x14fe6c27bf50>,43,1,[2 5],56,82,83,26,58
1,<environment.Job instance at 0x14fe6c27bdc0>,48,3,[1 7],63,83,86,20,64
1,<environment.Job instance at 0x14fe551bb690>,52,3,[5 1],67,68,71,1,68
1,<environment.Job instance at 0x14fe551bb780>,54,1,[1 8],69,86,87,17,70
1,<environment.Job instance at 0x14fe551bb3c0>,56,2,[2 6],71,87,89,16,71
1,<environment.Job instance at 0x14fe551bbb90>,57,3,[9 2],72,83,86,11,73
1,<environment.Job instance at 0x14fe551bb5a0>,58,2,[10  2],73,89,91,16,73
1,<environment.Job instance at 0x14fe551bfc80>,59,16,[10  2],74,91,107,17,78
1,<environment.Job instance at 0x14fe551bfbe0>,61,2,[1 6],77,107,109,30,80
1,<environment.Job instance at 0x14fe551bf320>,63,2,[7 2],80,86,88,6,80
1,<environment.Job instance at 0x14fe551c2640>,65,2,[1 8],82,109,111,27,91
1,<environment.Job instance at 0x14fe551c2be0>,66,14,[6 1],83,107,121,24,93
1,<environment.Job instance at 0x14fe551c2cd0>,67,1,[2 5],84,111,112,27,93
1,<environment.Job instance at 0x14fe551c27d0>,70,3,[7 1],87,121,124,34,95
1,<environment.Job instance at 0x14fe551c2870>,71,13,[10  1],88,124,137,36,108
1,<environment.Job instance at 0x14fe5520caf0>,85,2,[7 1],112,211,213,99,211
1,<environment.Job instance at 0x14fe551312d0>,0,12,[1 5],1,2,14,1,2
1,<environment.Job instance at 0x14fe551315f0>,6,1,[1 9],12,14,15,2,12
1,<environment.Job instance at 0x14fe6ff8ad70>,9,1,[5 2],16,18,19,2,18
1,<environment.Job instance at 0x14fe6ff8a0f0>,12,16,[ 2 10],22,22,38,0,22
1,<environment.Job instance at 0x14fe6ff8a960>,13,3,[10  2],23,38,41,15,23
1,<environment.Job instance at 0x14fe6ffae7d0>,14,2,[1 6],27,41,43,14,27
1,<environment.Job instance at 0x14fe6ffaea50>,15,3,[1 9],28,43,46,15,28
1,<environment.Job instance at 0x14fe6ffae230>,17,1,[6 2],32,41,42,9,33
1,<environment.Job instance at 0x14fe6ffaef50>,19,3,[5 1],38,42,45,4,38
1,<environment.Job instance at 0x14fe54fa1c30>,26,27,[1 7],45,46,73,1,45
1,<environment.Job instance at 0x14fe54fa1320>,30,2,[ 1 10],50,73,75,23,50
1,<environment.Job instance at 0x14fe54fa1d20>,31,3,[9 2],52,52,55,0,52
1,<environment.Job instance at 0x14fe70108cd0>,32,2,[5 1],53,55,57,2,53
1,<environment.Job instance at 0x14fe70108c30>,35,2,[2 9],57,75,77,18,61
1,<environment.Job instance at 0x14fe70108e10>,36,15,[2 8],62,77,92,15,63
1,<environment.Job instance at 0x14fe70108aa0>,37,1,[5 1],63,63,64,0,63
1,<environment.Job instance at 0x14fe70108190>,38,13,[10  1],65,92,105,27,76
1,<environment.Job instance at 0x14fe70108500>,41,3,[2 8],69,105,108,36,79
1,<environment.Job instance at 0x14fe54f8cdc0>,43,2,[8 2],75,84,86,9,84
1,<environment.Job instance at 0x14fe6ff8afa0>,10,26,[2 8],18,136,162,118,136
1,<environment.Job instance at 0x14fe54fa1550>,24,14,[2 8],43,162,176,119,147
1,<environment.Job instance at 0x14fe54f8b8c0>,58,13,[8 2],97,172,185,75,172
1,<environment.Job instance at 0x14fe54f8b140>,65,12,[2 8],105,188,200,83,188
1,<environment.Job instance at 0x14fe54f8b500>,66,3,[ 1 10],106,200,203,94,188
1,<environment.Job instance at 0x14fe54f8b910>,67,3,[1 5],107,203,206,96,188
1,<environment.Job instance at 0x14fe54f8b730>,68,3,[2 7],108,206,209,98,188
1,<environment.Job instance at 0x14fe54f8bf50>,69,13,[2 5],109,209,222,100,193
1,<environment.Job instance at 0x14fe54f8bbe0>,64,1,[7 1],104,193,194,89,193
1,<environment.Job instance at 0x14fe54f8be10>,71,2,[5 1],111,194,196,83,194
1,<environment.Job instance at 0x14fe54f8b320>,60,15,[6 1],99,206,221,107,206
1,<environment.Job instance at 0x14fe70e90be0>,1,12,[2 6],3,3,15,0,3
1,<environment.Job instance at 0x14fe70e90b40>,2,1,[9 1],5,15,16,10,5
1,<environment.Job instance at 0x14fe70e909b0>,0,14,[1 5],1,15,29,14,7
1,<environment.Job instance at 0x14fe70e900f0>,6,16,[1 6],11,29,45,18,17
1,<environment.Job instance at 0x14fe70b7b690>,11,2,[7 2],18,19,21,1,19
1,<environment.Job instance at 0x14fe70ee4140>,13,3,[1 5],20,21,24,1,20
1,<environment.Job instance at 0x14fe70ee4280>,16,13,[1 9],24,45,58,21,29
1,<environment.Job instance at 0x14fe6eaf60f0>,21,17,[2 9],31,58,75,27,46
1,<environment.Job instance at 0x14fe70e90730>,5,16,[8 1],10,46,62,36,46
1,<environment.Job instance at 0x14fe6eaf6b40>,27,3,[2 7],39,75,78,36,53
1,<environment.Job instance at 0x14fe6eaf6460>,29,3,[8 2],41,75,78,34,53
1,<environment.Job instance at 0x14fe75d04a50>,32,2,[2 7],44,78,80,34,53
1,<environment.Job instance at 0x14fe54a56910>,35,14,[8 2],47,78,92,31,68
1,<environment.Job instance at 0x14fe70c5fe60>,36,2,[1 9],49,92,94,43,72
1,<environment.Job instance at 0x14fe70c69a00>,38,3,[5 2],52,94,97,42,73
1,<environment.Job instance at 0x14fe54a3c3c0>,40,1,[8 1],54,73,74,19,73
1,<environment.Job instance at 0x14fe6e7a8d20>,37,2,[7 2],50,97,99,47,73
1,<environment.Job instance at 0x14fe54a3c0f0>,43,1,[5 2],59,94,95,35,73
1,<environment.Job instance at 0x14fe70c57370>,44,17,[10  1],60,99,116,39,87
1,<environment.Job instance at 0x14fe75354be0>,49,15,[5 2],66,116,131,50,102
1,<environment.Job instance at 0x14fe54e06d20>,50,3,[2 7],68,116,119,48,102
1,<environment.Job instance at 0x14fe54ae87d0>,53,2,[2 9],71,131,133,60,106
1,<environment.Job instance at 0x14fe6c0c2dc0>,54,2,[1 5],72,119,121,47,106
1,<environment.Job instance at 0x14fe54b22d20>,56,14,[2 6],75,133,147,58,118
1,<environment.Job instance at 0x14fe54ab2c30>,60,15,[9 2],80,147,162,67,134
1,<environment.Job instance at 0x14fe54ab2960>,61,2,[5 2],81,134,136,53,134
1,<environment.Job instance at 0x14fe54ab2a00>,62,2,[5 1],82,136,138,54,134
1,<environment.Job instance at 0x14fe54ab28c0>,63,1,[1 7],83,147,148,64,134
1,<environment.Job instance at 0x14fe54b2c280>,65,1,[6 2],87,146,147,59,146
1,<environment.Job instance at 0x14fe54b2ca00>,66,1,[5 1],88,162,163,74,146
1,<environment.Job instance at 0x14fe54b2c8c0>,68,3,[2 6],91,162,165,71,147
1,<environment.Job instance at 0x14fe54b2caa0>,69,2,[9 1],92,165,167,73,147
1,<environment.Job instance at 0x14fe54b2c3c0>,70,13,[6 1],94,167,180,73,151
1,<environment.Job instance at 0x14fe54b66960>,71,2,[7 2],95,163,165,68,151
1,<environment.Job instance at 0x14fe54b66460>,73,3,[5 1],97,180,183,83,154
1,<environment.Job instance at 0x14fe54b66640>,75,13,[2 6],99,167,180,68,156
1,<environment.Job instance at 0x14fe54b660f0>,78,17,[7 1],104,201,218,97,201
1,<environment.Job instance at 0x14fe54b630a0>,86,2,[6 2],112,336,338,224,336
1,<environment.Job instance at 0x14fe54b63cd0>,87,13,[2 9],113,374,387,261,374
1,<environment.Job instance at 0x14fe54b53e60>,91,13,[10  1],119,389,402,270,389
1,<environment.Job instance at 0x14fe54b53230>,89,3,[8 2],116,402,405,286,402
1,<environment.Job instance at 0x14fe54ada640>,0,14,[2 9],1,1,15,0,1
1,<environment.Job instance at 0x14fe54b53230>,2,3,[10  1],3,15,18,12,9
1,<environment.Job instance at 0x14fe75d6b410>,9,2,[8 2],10,18,20,8,11
1,<environment.Job instance at 0x14fe75d6b5f0>,11,2,[2 5],12,18,20,6,14
1,<environment.Job instance at 0x14fe75d6bd70>,13,22,[8 1],15,20,42,5,15
1,<environment.Job instance at 0x14fe75d7d6e0>,21,18,[6 1],25,42,60,17,31
1,<environment.Job instance at 0x14fe75d8f730>,27,1,[6 1],32,60,61,28,32
1,<environment.Job instance at 0x14fe75d8faf0>,28,2,[9 1],34,61,63,27,34
1,<environment.Job instance at 0x14fe75d8f870>,29,19,[1 5],36,36,55,0,36
1,<environment.Job instance at 0x14fe75d8f6e0>,31,1,[5 1],39,63,64,24,39
1,<environment.Job instance at 0x14fe75d7d730>,24,22,[2 6],29,101,123,72,101
1,<environment.Job instance at 0x14fe75d8a1e0>,41,2,[7 2],55,102,104,47,102
1,<environment.Job instance at 0x14fe75d8aaa0>,38,2,[6 1],49,104,106,55,102
1,<environment.Job instance at 0x14fe75d8a820>,42,1,[1 5],57,123,124,66,103
1,<environment.Job instance at 0x14fe7529adc0>,54,3,[2 5],74,129,132,55,129
1,<environment.Job instance at 0x14fe7529a460>,57,1,[10  1],78,132,133,54,129
1,<environment.Job instance at 0x14fe7529acd0>,58,3,[10  1],81,133,136,52,129
1,<environment.Job instance at 0x14fe7529a320>,60,3,[9 2],83,136,139,53,129
1,<environment.Job instance at 0x14fe6e8bf0f0>,63,22,[2 5],89,139,161,50,132
1,<environment.Job instance at 0x14fe6e8bfaf0>,65,1,[10  1],91,161,162,70,144
1,<environment.Job instance at 0x14fe6e8bf280>,72,2,[7 1],101,145,147,44,145
1,<environment.Job instance at 0x14fe54a73be0>,73,1,[8 1],102,148,149,46,148
1,<environment.Job instance at 0x14fe551d27d0>,74,2,[10  2],103,162,164,59,151
1,<environment.Job instance at 0x14fe75d90d70>,76,3,[9 2],105,164,167,59,156
1,<environment.Job instance at 0x14fe54b06460>,77,1,[6 2],107,157,158,50,157
1,<environment.Job instance at 0x14fe54a2abe0>,78,2,[ 1 10],108,167,169,59,160
1,<environment.Job instance at 0x14fe54adbaa0>,81,3,[10  1],112,169,172,57,165
1,<environment.Job instance at 0x14fe701830f0>,0,17,[1 6],1,1,18,0,1
1,<environment.Job instance at 0x14fe54a58fa0>,1,3,[1 9],2,18,21,16,5
1,<environment.Job instance at 0x14fe54ab2e60>,2,13,[2 9],6,21,34,15,6
1,<environment.Job instance at 0x14fe54ab3320>,13,1,[5 1],18,19,20,1,19
1,<environment.Job instance at 0x14fe54ab3c80>,15,1,[8 1],20,20,21,0,20
1,<environment.Job instance at 0x14fe55003be0>,18,3,[1 7],24,34,37,10,25
1,<environment.Job instance at 0x14fe55003af0>,19,2,[6 2],26,34,36,8,28
1,<environment.Job instance at 0x14fe550035f0>,22,14,[ 2 10],29,37,51,8,29
1,<environment.Job instance at 0x14fe55003500>,27,3,[5 2],34,51,54,17,37
1,<environment.Job instance at 0x14fe6c098e10>,30,1,[9 2],37,54,55,17,37
1,<environment.Job instance at 0x14fe55003640>,24,1,[1 9],31,55,56,24,37
1,<environment.Job instance at 0x14fe6c0988c0>,29,2,[8 2],36,56,58,20,38
1,<environment.Job instance at 0x14fe54d35e10>,33,16,[2 9],42,58,74,16,45
1,<environment.Job instance at 0x14fe75cbda00>,41,2,[10  1],54,74,76,20,63
1,<environment.Job instance at 0x14fe54d353c0>,35,23,[9 1],46,76,99,30,70
1,<environment.Job instance at 0x14fe75cbde10>,47,2,[7 1],61,99,101,38,73
1,<environment.Job instance at 0x14fe70149af0>,51,1,[2 6],70,99,100,29,81
1,<environment.Job instance at 0x14fe70149730>,53,1,[ 2 10],77,101,102,24,82
1,<environment.Job instance at 0x14fe70149320>,49,13,[2 5],68,180,193,112,180
1,<environment.Job instance at 0x14fe54a43f50>,61,2,[5 2],93,270,272,177,270
1,<environment.Job instance at 0x14fe54a43b40>,62,2,[7 2],94,272,274,178,270
1,<environment.Job instance at 0x14fe54a430f0>,64,1,[ 2 10],97,274,275,177,270
1,<environment.Job instance at 0x14fe54a43870>,65,1,[6 2],98,275,276,177,270
1,<environment.Job instance at 0x14fe54a43cd0>,57,1,[8 1],83,333,334,250,333
1,<environment.Job instance at 0x14fe54a43a50>,71,3,[8 2],105,343,346,238,343
1,<environment.Job instance at 0x14fe70eb7cd0>,78,3,[ 2 10],115,359,362,244,359
1,<environment.Job instance at 0x14fe70eb70f0>,75,1,[2 7],110,373,374,263,373
1,<environment.Job instance at 0x14fe75c960a0>,0,2,[6 2],1,1,3,0,1
1,<environment.Job instance at 0x14fe75c96af0>,2,2,[5 2],5,6,8,1,6
1,<environment.Job instance at 0x14fe77d9e0f0>,5,2,[ 1 10],8,9,11,1,9
1,<environment.Job instance at 0x14fe77692410>,6,1,[7 1],9,15,16,6,15
1,<environment.Job instance at 0x14fe6c025af0>,10,2,[8 2],15,16,18,1,15
1,<environment.Job instance at 0x14fe6c0252d0>,11,1,[6 1],16,20,21,4,20
1,<environment.Job instance at 0x14fe77effb40>,14,2,[8 2],23,26,28,3,26
1,<environment.Job instance at 0x14fe75d74780>,17,2,[7 1],28,28,30,0,28
1,<environment.Job instance at 0x14fe75d74aa0>,18,21,[6 1],30,31,52,1,31
1,<environment.Job instance at 0x14fe5519bb90>,25,12,[2 8],41,42,54,1,42
1,<environment.Job instance at 0x14fe5519b9b0>,26,27,[5 2],42,52,79,10,51
1,<environment.Job instance at 0x14fe6ff8ad70>,32,1,[8 2],52,79,80,27,55
1,<environment.Job instance at 0x14fe75d9c870>,33,18,[9 1],53,80,98,27,72
1,<environment.Job instance at 0x14fe6ff8ab40>,27,27,[1 9],43,80,107,37,80
1,<environment.Job instance at 0x14fe75d9c550>,44,1,[1 7],70,107,108,37,88
1,<environment.Job instance at 0x14fe75d9cc30>,47,15,[10  2],73,108,123,35,94
1,<environment.Job instance at 0x14fe70237910>,50,3,[5 1],77,98,101,21,96
1,<environment.Job instance at 0x14fe702375a0>,51,1,[1 9],79,123,124,44,96
1,<environment.Job instance at 0x14fe70237e10>,56,3,[9 1],86,101,104,15,96
1,<environment.Job instance at 0x14fe70237aa0>,57,12,[9 1],87,123,135,36,106
1,<environment.Job instance at 0x14fe702370f0>,60,3,[ 2 10],91,135,138,44,114
1,<environment.Job instance at 0x14fe54a953c0>,61,15,[6 1],93,138,153,45,124
1,<environment.Job instance at 0x14fe70058550>,62,1,[9 2],94,153,154,59,125
1,<environment.Job instance at 0x14fe70058460>,63,1,[2 8],95,138,139,43,125
1,<environment.Job instance at 0x14fe70058820>,64,1,[5 1],96,154,155,58,126
1,<environment.Job instance at 0x14fe54f44e60>,68,3,[1 9],102,126,129,24,126
1,<environment.Job instance at 0x14fe54f44b40>,70,1,[7 2],105,155,156,50,127
1,<environment.Job instance at 0x14fe54f446e0>,71,1,[10  1],106,156,157,50,128
1,<environment.Job instance at 0x14fe54d84e10>,72,3,[2 5],108,139,142,31,128
1,<environment.Job instance at 0x14fe54d7f640>,73,2,[6 2],109,157,159,48,130
1,<environment.Job instance at 0x14fe77d022d0>,75,3,[2 9],111,142,145,31,133
1,<environment.Job instance at 0x14fe6e325af0>,76,1,[1 6],112,133,134,21,133
1,<environment.Job instance at 0x14fe77c94b40>,77,1,[10  1],113,159,160,46,134
1,<environment.Job instance at 0x14fe6c140f00>,80,3,[9 2],116,160,163,44,136
1,<environment.Job instance at 0x14fe54a13a00>,81,2,[1 8],117,145,147,28,136
1,<environment.Job instance at 0x14fe6c1408c0>,83,3,[2 5],119,163,166,44,155
1,<environment.Job instance at 0x14fe54e7bb90>,0,27,[6 1],1,1,28,0,1
1,<environment.Job instance at 0x14fe54e82050>,9,16,[5 2],13,28,44,15,16
1,<environment.Job instance at 0x14fe54e82320>,19,16,[2 7],27,45,61,18,45
1,<environment.Job instance at 0x14fe54e82550>,7,17,[ 2 10],9,63,80,54,63
1,<environment.Job instance at 0x14fe6e32de10>,29,2,[2 6],39,80,82,41,74
1,<environment.Job instance at 0x14fe6e32d870>,28,1,[2 7],38,82,83,44,74
1,<environment.Job instance at 0x14fe6e32d280>,30,17,[5 2],40,80,97,40,74
1,<environment.Job instance at 0x14fe6e32d730>,32,2,[8 2],43,97,99,54,74
1,<environment.Job instance at 0x14fe6e32d690>,36,18,[10  2],48,99,117,51,98
1,<environment.Job instance at 0x14fe6e32da50>,39,3,[1 6],51,118,121,67,118
1,<environment.Job instance at 0x14fe701392d0>,48,14,[1 8],63,160,174,97,160
1,<environment.Job instance at 0x14fe55167550>,53,3,[1 9],68,174,177,106,161
1,<environment.Job instance at 0x14fe70edac30>,59,2,[2 5],79,177,179,98,164
1,<environment.Job instance at 0x14fe54f320a0>,63,12,[ 1 10],83,179,191,96,174
1,<environment.Job instance at 0x14fe70291460>,68,3,[2 7],90,191,194,101,174
1,<environment.Job instance at 0x14fe54a7f0f0>,71,1,[5 2],99,177,178,78,176
1,<environment.Job instance at 0x14fe6c23a7d0>,72,13,[7 2],100,191,204,91,176
1,<environment.Job instance at 0x14fe75380aa0>,75,2,[2 9],104,204,206,100,178
1,<environment.Job instance at 0x14fe54b27e10>,77,2,[7 1],107,204,206,97,178
1,<environment.Job instance at 0x14fe75c3ff00>,80,3,[1 9],111,206,209,95,201
1,<environment.Job instance at 0x14fe6c240910>,82,3,[8 1],114,206,209,92,201
1,<environment.Job instance at 0x14fe6c1d7370>,84,1,[10  2],119,209,210,90,202
1,<environment.Job instance at 0x14fe54a954b0>,70,14,[2 9],97,217,231,120,217
1,<environment.Job instance at 0x14fe70b1c5f0>,7,28,[2 5],13,15,43,2,15
1,<environment.Job instance at 0x14fe70b1c0a0>,12,1,[2 6],18,105,106,87,105
1,<environment.Job instance at 0x14fe70b1c3c0>,15,24,[2 9],22,113,137,91,113
1,<environment.Job instance at 0x14fe734432d0>,33,13,[10  1],48,178,191,130,178
1,<environment.Job instance at 0x14fe54a6cfa0>,35,2,[8 1],50,191,193,141,179
1,<environment.Job instance at 0x14fe54a6c050>,38,1,[2 5],54,191,192,137,190
1,<environment.Job instance at 0x14fe54a6cb90>,47,3,[2 8],67,239,242,172,239
1,<environment.Job instance at 0x14fe70c690f0>,52,3,[1 9],72,294,297,222,294
1,<environment.Job instance at 0x14fe70c69730>,54,3,[2 9],75,304,307,229,304
1,<environment.Job instance at 0x14fe70c69500>,59,14,[5 2],84,460,474,376,460
1,<environment.Job instance at 0x14fe55004aa0>,60,1,[ 1 10],85,474,475,389,464
1,<environment.Job instance at 0x14fe55004a00>,67,14,[2 5],97,520,534,423,520
1,<environment.Job instance at 0x14fe55004fa0>,68,13,[1 5],101,521,534,420,521
1,<environment.Job instance at 0x14fe70058690>,72,3,[2 9],106,552,555,446,552
1,<environment.Job instance at 0x14fe70058eb0>,75,1,[9 1],110,564,565,454,564
1,<environment.Job instance at 0x14fe70058280>,76,20,[9 1],111,577,597,466,577
1,<environment.Job instance at 0x14fe54a37e60>,0,2,[1 6],6,9,11,3,9
1,<environment.Job instance at 0x14fe54a37b90>,2,2,[2 8],10,15,17,5,15
1,<environment.Job instance at 0x14fe6c1191e0>,7,2,[5 1],18,22,24,4,22
1,<environment.Job instance at 0x14fe6c119e10>,4,2,[2 6],14,22,24,8,22
1,<environment.Job instance at 0x14fe54fa2a50>,14,3,[1 7],27,27,30,0,27
1,<environment.Job instance at 0x14fe701b0320>,17,1,[1 9],30,31,32,1,31
1,<environment.Job instance at 0x14fe701b0eb0>,19,3,[ 2 10],32,32,35,0,32
1,<environment.Job instance at 0x14fe701b0a00>,18,2,[2 6],31,35,37,4,33
1,<environment.Job instance at 0x14fe701b0500>,20,13,[2 8],33,37,50,4,33
1,<environment.Job instance at 0x14fe701b0140>,21,1,[8 1],36,36,37,0,36
1,<environment.Job instance at 0x14fe701b05a0>,22,3,[1 6],37,50,53,13,40
1,<environment.Job instance at 0x14fe6c1ff140>,39,16,[ 2 10],63,76,92,13,76
1,<environment.Job instance at 0x14fe54ddecd0>,41,3,[1 7],65,92,95,27,79
1,<environment.Job instance at 0x14fe7022dd70>,48,1,[1 8],78,95,96,17,92
1,<environment.Job instance at 0x14fe54f55eb0>,52,1,[ 2 10],82,102,103,20,102
1,<environment.Job instance at 0x14fe54d9f690>,56,1,[9 2],88,121,122,33,121
1,<environment.Job instance at 0x14fe54f2c960>,61,15,[9 1],94,146,161,52,146
1,<environment.Job instance at 0x14fe54f58140>,58,2,[1 5],90,148,150,58,148
1,<environment.Job instance at 0x14fe702c9280>,64,2,[1 7],99,150,152,51,150
1,<environment.Job instance at 0x14fe6c17c460>,69,2,[6 1],104,161,163,57,155
1,<environment.Job instance at 0x14fe7005ce10>,74,2,[8 2],110,171,173,61,171
1,<environment.Job instance at 0x14fe6e790f50>,59,13,[1 9],91,185,198,94,185
1,<environment.Job instance at 0x14fe7005cc30>,78,3,[2 5],114,198,201,84,185
1,<environment.Job instance at 0x14fe54b42500>,0,3,[1 9],1,3,6,2,3
1,<environment.Job instance at 0x14fe702250f0>,4,3,[2 8],5,6,9,1,6
1,<environment.Job instance at 0x14fe54cbb6e0>,6,2,[1 6],7,9,11,2,8
1,<environment.Job instance at 0x14fe70f3a3c0>,7,14,[ 2 10],8,11,25,3,8
1,<environment.Job instance at 0x14fe701f9960>,9,3,[8 2],11,25,28,14,12
1,<environment.Job instance at 0x14fe701f9190>,13,3,[1 8],17,25,28,8,22
1,<environment.Job instance at 0x14fe7022beb0>,18,12,[1 7],26,28,40,2,27
1,<environment.Job instance at 0x14fe70bf3780>,20,3,[10  1],28,40,43,12,28
1,<environment.Job instance at 0x14fe54f53910>,19,3,[8 1],27,28,31,1,28
1,<environment.Job instance at 0x14fe70bc8b40>,23,2,[8 2],31,31,33,0,31
1,<environment.Job instance at 0x14fe54c905a0>,22,2,[2 9],30,43,45,13,33
1,<environment.Job instance at 0x14fe75d53af0>,25,16,[7 2],34,45,61,11,34
1,<environment.Job instance at 0x14fe6e790320>,30,16,[5 1],41,61,77,20,56
1,<environment.Job instance at 0x14fe700ca730>,33,15,[5 1],46,64,79,18,64
1,<environment.Job instance at 0x14fe700cab40>,40,1,[5 2],53,98,99,45,98
1,<environment.Job instance at 0x14fe7002e690>,76,14,[1 6],101,1484,1498,1383,1484
1,<environment.Job instance at 0x14fe7002ef00>,77,12,[1 7],104,1535,1547,1431,1535
1,<environment.Job instance at 0x14fe772f3690>,1,1,[8 2],4,6,7,2,6
1,<environment.Job instance at 0x14fe772f3a00>,3,2,[10  1],6,7,9,1,6
1,<environment.Job instance at 0x14fe54b57be0>,0,3,[1 7],3,11,14,8,11
1,<environment.Job instance at 0x14fe54ed0c80>,8,3,[2 9],12,19,22,7,19
1,<environment.Job instance at 0x14fe54ed0d20>,10,1,[7 2],15,22,23,7,20
1,<environment.Job instance at 0x14fe54ed0fa0>,14,2,[7 1],20,20,22,0,20
1,<environment.Job instance at 0x14fe54ecb5f0>,17,1,[9 1],24,25,26,1,25
1,<environment.Job instance at 0x14fe54ecb870>,19,3,[9 2],26,26,29,0,26
1,<environment.Job instance at 0x14fe54ecb9b0>,20,3,[10  2],28,29,32,1,28
1,<environment.Job instance at 0x14fe54ecbaf0>,21,3,[ 1 10],29,32,35,3,29
1,<environment.Job instance at 0x14fe54ecbc30>,22,2,[5 1],30,35,37,5,32
1,<environment.Job instance at 0x14fe54eaedc0>,26,3,[2 8],37,40,43,3,40
1,<environment.Job instance at 0x14fe54eae910>,29,2,[10  2],41,43,45,2,42
1,<environment.Job instance at 0x14fe54eaefa0>,31,3,[ 1 10],44,45,48,1,45
1,<environment.Job instance at 0x14fe54eaea50>,34,2,[5 2],47,48,50,1,47
1,<environment.Job instance at 0x14fe54eb90a0>,42,1,[10  1],59,126,127,67,126
1,<environment.Job instance at 0x14fe54eb9640>,51,2,[5 2],69,188,190,119,188
1,<environment.Job instance at 0x14fe54eb9b40>,60,2,[1 8],81,256,258,175,256
1,<environment.Job instance at 0x14fe54eb9e10>,62,1,[8 1],83,274,275,191,274
1,<environment.Job instance at 0x14fe7007ef00>,4,17,[7 2],6,6,23,0,6
1,<environment.Job instance at 0x14fe54eaef00>,5,13,[2 5],7,11,24,4,11
1,<environment.Job instance at 0x14fe752cf9b0>,7,16,[6 1],10,23,39,13,22
1,<environment.Job instance at 0x14fe70b63c30>,17,2,[5 1],24,39,41,15,26
1,<environment.Job instance at 0x14fe70b635a0>,20,1,[1 5],28,28,29,0,28
1,<environment.Job instance at 0x14fe70b631e0>,23,1,[10  1],31,41,42,10,31
1,<environment.Job instance at 0x14fe70b63b40>,24,2,[ 1 10],32,42,44,10,32
1,<environment.Job instance at 0x14fe70b63fa0>,18,17,[1 5],26,44,61,18,32
1,<environment.Job instance at 0x14fe700c2640>,25,2,[1 8],33,37,39,4,37
1,<environment.Job instance at 0x14fe551db820>,41,16,[8 1],54,59,75,5,59
1,<environment.Job instance at 0x14fe551db3c0>,42,14,[2 8],55,61,75,6,60
1,<environment.Job instance at 0x14fe6c383730>,34,3,[1 5],46,75,78,29,63
1,<environment.Job instance at 0x14fe5519b0a0>,48,1,[1 9],62,78,79,16,65
1,<environment.Job instance at 0x14fe54c6f780>,58,3,[8 2],75,119,122,44,119
1,<environment.Job instance at 0x14fe70f84460>,68,2,[7 1],88,124,126,36,124
1,<environment.Job instance at 0x14fe700b3370>,72,3,[8 2],92,137,140,45,137
1,<environment.Job instance at 0x14fe54a115a0>,78,2,[5 2],103,140,142,37,137
1,<environment.Job instance at 0x14fe75c994b0>,80,1,[7 2],106,142,143,36,138
1,<environment.Job instance at 0x14fe6e371140>,84,1,[ 2 10],111,143,144,32,138
1,<environment.Job instance at 0x14fe6e371e60>,86,1,[1 5],114,138,139,24,138
1,<environment.Job instance at 0x14fe6e371910>,89,2,[8 1],117,144,146,27,138
1,<environment.Job instance at 0x14fe54c910a0>,90,17,[ 2 10],118,146,163,28,138
1,<environment.Job instance at 0x14fe54c911e0>,91,3,[10  2],119,163,166,44,141
1,<environment.Job instance at 0x14fe75c99eb0>,79,13,[8 1],105,166,179,61,164
1,<environment.Job instance at 0x14fe70c177d0>,2,2,[1 6],3,4,6,1,4
1,<environment.Job instance at 0x14fe70c538c0>,44,3,[2 5],61,2320,2323,2259,2320
1,<environment.Job instance at 0x14fe55288d70>,51,3,[9 2],74,2628,2631,2554,2628
1,<environment.Job instance at 0x14fe6c09d2d0>,0,18,[2 9],1,2,20,1,2
1,<environment.Job instance at 0x14fe55288370>,1,13,[2 8],3,20,33,17,4
1,<environment.Job instance at 0x14fe54c2c140>,4,3,[2 9],7,33,36,26,9
1,<environment.Job instance at 0x14fe54c2c230>,8,2,[9 1],12,36,38,24,13
1,<environment.Job instance at 0x14fe54c2c550>,10,3,[ 1 10],15,38,41,23,17
1,<environment.Job instance at 0x14fe54c2caf0>,13,13,[6 1],18,19,32,1,19
1,<environment.Job instance at 0x14fe54c2c870>,15,3,[6 2],20,41,44,21,21
1,<environment.Job instance at 0x14fe54c3d5f0>,20,14,[2 8],28,41,55,13,29
1,<environment.Job instance at 0x14fe54c3d7d0>,22,17,[7 2],31,44,61,13,34
1,<environment.Job instance at 0x14fe54c3da00>,24,2,[10  1],35,61,63,26,40
1,<environment.Job instance at 0x14fe54c46370>,31,3,[ 2 10],46,63,66,17,46
1,<environment.Job instance at 0x14fe54c3db40>,28,1,[8 1],40,66,67,26,46
1,<environment.Job instance at 0x14fe54c467d0>,35,3,[1 9],54,66,69,12,54
1,<environment.Job instance at 0x14fe54c46a50>,37,13,[ 1 10],57,69,82,12,57
1,<environment.Job instance at 0x14fe54c46b40>,40,1,[1 6],62,82,83,20,63
1,<environment.Job instance at 0x14fe54c350f0>,42,1,[8 2],65,82,83,17,67
1,<environment.Job instance at 0x14fe6c044b40>,45,14,[6 2],70,83,97,13,72
1,<environment.Job instance at 0x14fe54c3c410>,46,1,[5 2],71,97,98,26,73
1,<environment.Job instance at 0x14fe54c3c0a0>,48,3,[1 5],73,83,86,10,74
1,<environment.Job instance at 0x14fe54c618c0>,54,2,[5 2],82,97,99,15,83
1,<environment.Job instance at 0x14fe54c61f50>,51,12,[5 2],77,98,110,21,83
1,<environment.Job instance at 0x14fe55209f00>,59,13,[5 2],93,99,112,6,95
1,<environment.Job instance at 0x14fe54fbdc80>,64,17,[6 2],105,112,129,7,105
1,<environment.Job instance at 0x14fe70119500>,65,2,[8 1],106,129,131,23,106
1,<environment.Job instance at 0x14fe54baf320>,66,3,[8 2],108,131,134,23,109
1,<environment.Job instance at 0x14fe6e32a190>,68,2,[2 6],110,112,114,2,112
1,<environment.Job instance at 0x14fe55347d70>,71,1,[8 1],113,134,135,21,114
1,<environment.Job instance at 0x14fe7010efa0>,73,1,[1 9],118,129,130,11,119
1,<environment.Job instance at 0x14fe54c611e0>,58,15,[7 1],87,135,150,48,122
1,<environment.Job instance at 0x14fe552ef320>,2,1,[2 8],4,6,7,2,6
1,<environment.Job instance at 0x14fe552ef5a0>,4,18,[2 8],8,10,28,2,10
1,<environment.Job instance at 0x14fe552efd20>,5,13,[7 2],11,12,25,1,12
1,<environment.Job instance at 0x14fe552ef6e0>,7,3,[5 2],17,25,28,8,17
1,<environment.Job instance at 0x14fe552ef230>,12,2,[2 5],24,28,30,4,25
1,<environment.Job instance at 0x14fe552ef820>,10,1,[9 1],21,30,31,9,26
1,<environment.Job instance at 0x14fe552275f0>,15,2,[10  1],27,31,33,4,31
1,<environment.Job instance at 0x14fe55227eb0>,19,18,[8 2],32,47,65,15,47
1,<environment.Job instance at 0x14fe55209dc0>,34,1,[2 5],55,68,69,13,68
1,<environment.Job instance at 0x14fe551f2230>,39,1,[9 2],60,69,70,9,68
1,<environment.Job instance at 0x14fe551f24b0>,43,3,[2 9],66,70,73,4,69
1,<environment.Job instance at 0x14fe551f2280>,44,2,[1 9],68,75,77,7,75
1,<environment.Job instance at 0x14fe551f21e0>,42,14,[8 2],65,77,91,12,77
1,<environment.Job instance at 0x14fe551f2820>,47,3,[1 8],73,77,80,4,77
1,<environment.Job instance at 0x14fe551f2730>,46,3,[9 1],71,91,94,20,79
1,<environment.Job instance at 0x14fe55202370>,51,17,[1 6],80,103,120,23,103
1,<environment.Job instance at 0x14fe55202f50>,56,27,[9 2],88,126,153,38,126
1,<environment.Job instance at 0x14fe55209460>,37,2,[7 1],58,153,155,95,127
1,<environment.Job instance at 0x14fe55202460>,57,2,[7 1],89,155,157,66,128
1,<environment.Job instance at 0x14fe55207410>,64,2,[2 5],96,153,155,57,128
1,<environment.Job instance at 0x14fe55207dc0>,67,1,[2 9],99,155,156,56,128
1,<environment.Job instance at 0x14fe55207640>,73,3,[5 1],108,157,160,49,140
1,<environment.Job instance at 0x14fe55207050>,76,2,[ 1 10],111,160,162,49,140
1,<environment.Job instance at 0x14fe54c4b550>,78,2,[1 5],113,141,143,28,141
1,<environment.Job instance at 0x14fe54c4b8c0>,80,3,[7 2],116,162,165,46,141
1,<environment.Job instance at 0x14fe54c4baa0>,81,13,[1 6],117,162,175,45,149
1,<environment.Job instance at 0x14fe700ff050>,82,19,[5 1],118,165,184,47,164
1,<environment.Job instance at 0x14fe5534b460>,4,1,[1 5],7,8,9,1,8
1,<environment.Job instance at 0x14fe54dc2dc0>,6,3,[ 2 10],10,10,13,0,10
1,<environment.Job instance at 0x14fe54dc2780>,7,1,[6 2],11,13,14,2,11
1,<environment.Job instance at 0x14fe54f2b6e0>,8,3,[10  2],13,14,17,1,13
1,<environment.Job instance at 0x14fe75d9cd70>,9,3,[2 7],15,17,20,2,15
1,<environment.Job instance at 0x14fe6c0326e0>,10,15,[7 2],16,17,32,1,16
1,<environment.Job instance at 0x14fe6c032730>,11,13,[ 2 10],18,32,45,14,18
1,<environment.Job instance at 0x14fe54f2b7d0>,5,1,[7 2],8,45,46,37,21
1,<environment.Job instance at 0x14fe5536f2d0>,13,21,[6 2],22,46,67,24,38
1,<environment.Job instance at 0x14fe70c3cf50>,19,14,[2 7],33,45,59,12,41
1,<environment.Job instance at 0x14fe55320e10>,22,18,[6 1],36,67,85,31,56
1,<environment.Job instance at 0x14fe752e4690>,29,16,[6 2],45,85,101,40,73
1,<environment.Job instance at 0x14fe552ffe60>,30,2,[2 6],46,73,75,27,73
1,<environment.Job instance at 0x14fe5536f9b0>,16,2,[ 2 10],26,101,103,75,83
1,<environment.Job instance at 0x14fe70c7bcd0>,32,2,[8 1],50,103,105,53,84
1,<environment.Job instance at 0x14fe54c44460>,34,1,[8 1],54,105,106,51,98
1,<environment.Job instance at 0x14fe75c50a50>,37,14,[1 9],58,103,117,45,100
1,<environment.Job instance at 0x14fe54bb5500>,38,3,[1 6],62,117,120,55,101
1,<environment.Job instance at 0x14fe54bb59b0>,40,12,[5 2],64,117,129,53,103
1,<environment.Job instance at 0x14fe54bb54b0>,43,3,[1 8],68,120,123,52,113
1,<environment.Job instance at 0x14fe6c020460>,46,3,[7 1],76,113,116,37,113
1,<environment.Job instance at 0x14fe6c020690>,47,3,[ 2 10],79,129,132,50,114
1,<environment.Job instance at 0x14fe6c020d20>,48,3,[7 2],81,132,135,51,114
1,<environment.Job instance at 0x14fe6c020a50>,49,3,[9 2],83,135,138,52,114
1,<environment.Job instance at 0x14fe6c020910>,50,3,[1 6],86,123,126,37,114
1,<environment.Job instance at 0x14fe75d53410>,51,13,[1 5],87,132,145,45,116
1,<environment.Job instance at 0x14fe75d530a0>,53,2,[2 5],89,126,128,37,116
1,<environment.Job instance at 0x14fe75d53e10>,54,3,[1 8],90,145,148,55,119
1,<environment.Job instance at 0x14fe54c43d70>,58,3,[9 2],96,138,141,42,134
1,<environment.Job instance at 0x14fe54c430a0>,59,12,[8 1],97,141,153,44,135
1,<environment.Job instance at 0x14fe75c49c80>,60,2,[6 2],98,153,155,55,135
1,<environment.Job instance at 0x14fe70c59be0>,61,16,[ 2 10],103,155,171,52,143
1,<environment.Job instance at 0x14fe70c59f50>,63,2,[2 6],105,148,150,43,147
1,<environment.Job instance at 0x14fe70c59b90>,64,17,[2 7],108,171,188,63,159
1,<environment.Job instance at 0x14fe70c59f00>,65,1,[2 9],109,188,189,79,160
1,<environment.Job instance at 0x14fe70c596e0>,66,1,[2 6],110,189,190,79,161
1,<environment.Job instance at 0x14fe70c59dc0>,68,1,[8 2],113,171,172,58,162
1,<environment.Job instance at 0x14fe5508ba50>,71,2,[7 2],117,172,174,55,163
1,<environment.Job instance at 0x14fe5536fdc0>,15,1,[8 2],25,201,202,176,201
1,<environment.Job instance at 0x14684a5dd370>,3,1,[6 2],4,5,6,1,5
1,<environment.Job instance at 0x14684b8d6730>,7,1,[2 6],8,8,9,0,8
1,<environment.Job instance at 0x14684a0f1320>,8,13,[6 1],9,9,22,0,9
1,<environment.Job instance at 0x14684a854910>,9,2,[6 1],11,22,24,11,12
1,<environment.Job instance at 0x14684a0f1410>,11,3,[1 8],13,13,16,0,13
1,<environment.Job instance at 0x146853b79af0>,2,1,[2 5],3,16,17,13,13
1,<environment.Job instance at 0x14684a6220f0>,12,3,[1 8],14,17,20,3,14
1,<environment.Job instance at 0x14684b8e60f0>,13,2,[8 1],17,24,26,7,18
1,<environment.Job instance at 0x146852997d70>,14,2,[ 1 10],18,26,28,8,23
1,<environment.Job instance at 0x14684a523dc0>,17,17,[6 1],23,28,45,5,24
1,<environment.Job instance at 0x14684a52d3c0>,18,2,[10  1],25,45,47,20,25
1,<environment.Job instance at 0x14684a52db90>,19,3,[6 2],26,47,50,21,26
1,<environment.Job instance at 0x14684a0be190>,32,3,[2 9],42,55,58,13,55
1,<environment.Job instance at 0x14684a0b8d70>,46,2,[2 8],61,62,64,1,62
1,<environment.Job instance at 0x14684a0d3780>,47,1,[1 6],63,66,67,3,66
1,<environment.Job instance at 0x14684a5bd9b0>,50,12,[9 1],68,69,81,1,69
1,<environment.Job instance at 0x14684a542870>,57,22,[1 5],80,81,103,1,81
1,<environment.Job instance at 0x14684a59b690>,59,1,[1 9],85,103,104,18,95
1,<environment.Job instance at 0x14684a5937d0>,69,1,[2 5],96,96,97,0,96
1,<environment.Job instance at 0x14684a593d70>,70,2,[ 2 10],97,104,106,7,97
1,<environment.Job instance at 0x14684a0b51e0>,71,3,[2 9],99,106,109,7,99
1,<environment.Job instance at 0x14684a0b5780>,72,13,[7 2],102,109,122,7,103
1,<environment.Job instance at 0x14684a5dd0a0>,75,1,[1 6],107,109,110,2,107
1,<environment.Job instance at 0x14684b8e5b90>,76,2,[2 5],108,110,112,2,110
1,<environment.Job instance at 0x14684a879460>,81,3,[ 2 10],114,122,125,8,116
1,<environment.Job instance at 0x14684a879960>,83,1,[10  1],117,125,126,8,117
1,<environment.Job instance at 0x14684a879870>,85,1,[7 2],120,126,127,6,120
1,<environment.Job instance at 0x14684a876050>,88,1,[1 5],123,126,127,3,126
1,<environment.Job instance at 0x14684a876690>,90,1,[2 7],127,131,132,4,131
1,<environment.Job instance at 0x14684a63ae60>,7,13,[2 9],10,10,23,0,10
1,<environment.Job instance at 0x14684a63aa50>,9,1,[ 2 10],12,23,24,11,13
1,<environment.Job instance at 0x14684a63a5f0>,11,1,[8 2],14,24,25,10,15
1,<environment.Job instance at 0x14684a63ad20>,13,18,[1 8],16,24,42,8,17
1,<environment.Job instance at 0x14684a63a690>,16,3,[ 2 10],22,42,45,20,22
1,<environment.Job instance at 0x14684a63a460>,17,3,[2 5],23,45,48,22,24
1,<environment.Job instance at 0x14684a63a550>,18,1,[8 1],24,25,26,1,24
1,<environment.Job instance at 0x14684a63ba00>,19,3,[5 2],26,26,29,0,26
1,<environment.Job instance at 0x14684a63be10>,22,1,[1 6],29,48,49,19,30
1,<environment.Job instance at 0x14684a63b9b0>,23,1,[1 7],30,49,50,19,30
1,<environment.Job instance at 0x14684a63b4b0>,24,3,[9 1],33,33,36,0,33
1,<environment.Job instance at 0x14684a63a7d0>,4,13,[ 1 10],6,50,63,44,45
1,<environment.Job instance at 0x14684a63bb90>,27,15,[1 6],37,63,78,26,49
1,<environment.Job instance at 0x14684a4ff050>,35,12,[6 1],46,98,110,52,98
1,<environment.Job instance at 0x14684a4ff190>,36,28,[2 8],49,136,164,87,136
1,<environment.Job instance at 0x14684a4ffdc0>,37,3,[5 1],53,148,151,95,148
1,<environment.Job instance at 0x14684a4ffaa0>,39,3,[ 2 10],56,164,167,108,160
1,<environment.Job instance at 0x14684a551cd0>,45,2,[2 9],65,202,204,137,202
1,<environment.Job instance at 0x14684a551dc0>,51,13,[ 2 10],72,284,297,212,284
1,<environment.Job instance at 0x14684a551550>,54,15,[1 7],75,310,325,235,310
1,<environment.Job instance at 0x14684a5eb0f0>,64,18,[8 1],88,319,337,231,319
1,<environment.Job instance at 0x14684a5eb550>,65,16,[1 6],89,325,341,236,319
1,<environment.Job instance at 0x14684a5eb050>,68,1,[2 6],93,341,342,248,319
1,<environment.Job instance at 0x14684a5dbc30>,70,15,[9 2],100,342,357,242,328
1,<environment.Job instance at 0x14684a5db230>,73,2,[6 2],103,337,339,234,330
1,<environment.Job instance at 0x14684a5db050>,71,1,[9 1],101,339,340,238,330
1,<environment.Job instance at 0x14684a5dbbe0>,76,1,[ 1 10],107,357,358,250,331
1,<environment.Job instance at 0x14684a5db140>,78,3,[1 5],110,342,345,232,331
1,<environment.Job instance at 0x14684a5dba00>,77,2,[1 5],109,345,347,236,331
1,<environment.Job instance at 0x14684a5db410>,82,2,[1 6],117,347,349,230,331
1,<environment.Job instance at 0x14684a5db5a0>,84,1,[2 8],122,358,359,236,332
1,<environment.Job instance at 0x14684a5db280>,86,2,[7 2],127,340,342,213,333
1,<environment.Job instance at 0x14684a5dd230>,1,1,[7 2],3,6,7,3,6
1,<environment.Job instance at 0x146830b69550>,4,14,[6 1],7,36,50,29,36
1,<environment.Job instance at 0x146830b69e10>,17,18,[5 2],23,55,73,32,55
1,<environment.Job instance at 0x146830aea280>,25,2,[1 7],34,66,68,32,66
1,<environment.Job instance at 0x146830aea640>,27,1,[1 6],37,72,73,35,72
1,<environment.Job instance at 0x146830aeaeb0>,34,12,[7 2],47,84,96,37,84
1,<environment.Job instance at 0x146830aec230>,40,14,[8 1],56,96,110,40,92
1,<environment.Job instance at 0x146830aee140>,50,20,[8 2],72,110,130,38,106
1,<environment.Job instance at 0x146830aeea00>,56,3,[5 2],83,130,133,47,106
1,<environment.Job instance at 0x146830af1280>,62,12,[2 9],93,133,145,40,116
1,<environment.Job instance at 0x146830af1230>,63,3,[5 2],94,130,133,36,116
1,<environment.Job instance at 0x146830af1820>,68,1,[6 2],101,145,146,44,132
1,<environment.Job instance at 0x146830af1af0>,69,3,[2 7],103,145,148,42,132
1,<environment.Job instance at 0x146830aeeb40>,61,13,[1 7],90,155,168,65,155
1,<environment.Job instance at 0x146830af1370>,65,15,[8 2],96,170,185,74,170
1,<environment.Job instance at 0x146830af37d0>,79,3,[ 2 10],120,227,230,107,227
1,<environment.Job instance at 0x146830aeea50>,57,16,[7 2],84,230,246,146,229
1,<environment.Job instance at 0x146830af3af0>,80,1,[7 2],121,246,247,125,229
1,<environment.Job instance at 0x1468311d97d0>,6,2,[5 1],13,13,15,0,13
1,<environment.Job instance at 0x1468311d9960>,5,14,[1 6],12,14,28,2,14
1,<environment.Job instance at 0x1468311d96e0>,8,2,[10  2],15,28,30,13,15
1,<environment.Job instance at 0x1468311d9eb0>,10,3,[9 2],18,18,21,0,18
1,<environment.Job instance at 0x1468311d99b0>,11,3,[6 2],21,23,26,2,23
1,<environment.Job instance at 0x1468311e79b0>,12,2,[5 2],22,30,32,8,29
1,<environment.Job instance at 0x146831375a50>,16,3,[1 7],28,30,33,2,30
1,<environment.Job instance at 0x14683116e230>,20,26,[9 1],34,35,61,1,35
1,<environment.Job instance at 0x14683121aeb0>,22,2,[2 5],36,61,63,25,36
1,<environment.Job instance at 0x1468313d0960>,24,12,[5 2],38,61,73,23,44
1,<environment.Job instance at 0x14684c8bfcd0>,27,1,[10  1],44,73,74,29,45
1,<environment.Job instance at 0x14684c9deb40>,31,13,[ 2 10],52,74,87,22,58
1,<environment.Job instance at 0x14684c9d7820>,33,2,[1 5],55,58,60,3,58
1,<environment.Job instance at 0x14684c9d7dc0>,35,3,[2 9],57,87,90,30,61
1,<environment.Job instance at 0x14684bcf5be0>,36,1,[5 1],59,63,64,4,61
1,<environment.Job instance at 0x14684bcf53c0>,37,3,[1 5],60,64,67,4,61
1,<environment.Job instance at 0x146831395cd0>,39,3,[2 8],62,67,70,5,62
1,<environment.Job instance at 0x146831395b90>,40,1,[1 8],65,70,71,5,65
1,<environment.Job instance at 0x146831395dc0>,42,3,[1 6],67,90,93,23,74
1,<environment.Job instance at 0x146851091eb0>,43,2,[8 2],68,90,92,22,74
1,<environment.Job instance at 0x1468313a81e0>,44,14,[9 1],70,92,106,22,77
1,<environment.Job instance at 0x1468510911e0>,46,2,[1 7],72,93,95,21,77
1,<environment.Job instance at 0x146831203b90>,47,15,[1 5],73,95,110,22,81
1,<environment.Job instance at 0x14684801fe10>,49,2,[1 8],76,110,112,34,84
1,<environment.Job instance at 0x146831391870>,50,2,[1 5],78,106,108,28,84
1,<environment.Job instance at 0x14684803a140>,53,1,[8 2],81,108,109,27,98
1,<environment.Job instance at 0x14684803a1e0>,57,3,[10  2],87,194,197,107,194
1,<environment.Job instance at 0x1468313daaa0>,68,3,[6 1],100,315,318,215,315
1,<environment.Job instance at 0x1468313da3c0>,70,3,[2 8],102,317,320,215,317
1,<environment.Job instance at 0x1468313daa50>,71,2,[2 8],103,322,324,219,322
1,<environment.Job instance at 0x1468313da280>,74,2,[2 8],109,328,330,219,328
1,<environment.Job instance at 0x1468313da0a0>,76,1,[2 9],112,330,331,218,330
1,<environment.Job instance at 0x1468313dacd0>,77,27,[ 2 10],113,347,374,234,347
1,<environment.Job instance at 0x1468313da1e0>,78,2,[10  1],114,374,376,260,357
1,<environment.Job instance at 0x1468313dae10>,79,2,[2 7],116,376,378,260,369
1,<environment.Job instance at 0x146831169460>,0,15,[1 8],2,3,18,1,3
1,<environment.Job instance at 0x146831169c30>,1,3,[1 7],3,18,21,15,6
1,<environment.Job instance at 0x1468310f7730>,8,3,[2 7],12,21,24,9,14
1,<environment.Job instance at 0x1468310f7af0>,10,1,[1 9],15,24,25,9,17
1,<environment.Job instance at 0x1468310f7f00>,13,1,[2 6],18,25,26,7,18
1,<environment.Job instance at 0x1468311ae690>,17,17,[2 7],24,26,43,2,24
1,<environment.Job instance at 0x1468311aec80>,22,1,[1 8],29,43,44,14,33
1,<environment.Job instance at 0x14683116edc0>,27,16,[10  2],34,44,60,10,34
1,<environment.Job instance at 0x146831174f50>,30,15,[2 6],39,60,75,21,46
1,<environment.Job instance at 0x1468311a4230>,34,14,[6 1],43,60,74,17,47
1,<environment.Job instance at 0x1468311a4280>,37,2,[7 1],46,74,76,28,61
1,<environment.Job instance at 0x1468311a46e0>,43,3,[7 1],56,76,79,20,61
1,<environment.Job instance at 0x1468310c7140>,47,3,[2 9],60,77,80,17,77
1,<environment.Job instance at 0x1468310c7640>,49,12,[7 1],64,79,91,15,77
1,<environment.Job instance at 0x1468310c7eb0>,53,2,[7 1],72,91,93,19,82
1,<environment.Job instance at 0x1468310c7f00>,55,1,[7 1],76,93,94,17,87
1,<environment.Job instance at 0x1468311365f0>,57,14,[2 5],78,88,102,10,88
1,<environment.Job instance at 0x146831136280>,59,12,[1 5],81,94,106,13,88
1,<environment.Job instance at 0x146831136f00>,62,3,[2 6],86,106,109,20,88
1,<environment.Job instance at 0x1468310f48c0>,64,16,[1 5],91,109,125,18,96
1,<environment.Job instance at 0x1468310f4320>,67,1,[10  2],95,125,126,30,97
1,<environment.Job instance at 0x1468310f4050>,72,3,[10  2],103,126,129,23,104
1,<environment.Job instance at 0x14683115b3c0>,75,16,[2 7],111,129,145,18,117
1,<environment.Job instance at 0x1468309431e0>,78,3,[5 1],118,118,121,0,118
1,<environment.Job instance at 0x146831177910>,85,27,[1 7],125,145,172,20,145
1,<environment.Job instance at 0x14684bd08730>,87,17,[2 8],127,183,200,56,183
1,<environment.Job instance at 0x1468480136e0>,0,3,[9 2],2,4,7,2,4
1,<environment.Job instance at 0x14684be31460>,3,3,[9 2],5,7,10,2,5
1,<environment.Job instance at 0x146830946af0>,4,2,[2 9],7,10,12,3,7
1,<environment.Job instance at 0x146830946140>,2,17,[1 9],4,12,29,8,8
1,<environment.Job instance at 0x14684be31910>,5,15,[2 8],12,29,44,17,16
1,<environment.Job instance at 0x14684be31c80>,6,1,[5 1],13,18,19,5,18
1,<environment.Job instance at 0x14684be31050>,12,2,[8 2],25,29,31,4,25
1,<environment.Job instance at 0x146830c64640>,17,1,[2 9],34,44,45,10,37
1,<environment.Job instance at 0x146830c64eb0>,18,2,[7 2],35,37,39,2,37
1,<environment.Job instance at 0x146830b2fd20>,22,2,[7 1],41,42,44,1,42
1,<environment.Job instance at 0x146830b2f690>,23,16,[ 1 10],42,45,61,3,43
1,<environment.Job instance at 0x146830b37320>,32,17,[9 2],53,61,78,8,53
1,<environment.Job instance at 0x146830cdd6e0>,37,3,[2 7],58,78,81,20,58
1,<environment.Job instance at 0x146830b37730>,34,12,[2 8],55,81,93,26,65
1,<environment.Job instance at 0x146830cb4140>,49,25,[8 1],79,80,105,1,80
1,<environment.Job instance at 0x146830cbd320>,51,16,[1 6],81,93,109,12,81
1,<environment.Job instance at 0x146830cbd140>,52,2,[10  2],83,109,111,26,83
1,<environment.Job instance at 0x146830cbd870>,53,3,[1 7],84,111,114,27,85
1,<environment.Job instance at 0x146830cbd5f0>,55,1,[10  2],87,114,115,27,87
1,<environment.Job instance at 0x146830cbdfa0>,56,2,[7 2],88,105,107,17,88
1,<environment.Job instance at 0x146830cbd9b0>,57,16,[1 9],89,115,131,26,102
1,<environment.Job instance at 0x146830cc5cd0>,60,3,[9 2],93,111,114,18,102
1,<environment.Job instance at 0x146830cc5730>,64,1,[ 1 10],99,131,132,32,111
1,<environment.Job instance at 0x146830cc5370>,65,19,[2 5],100,132,151,32,122
1,<environment.Job instance at 0x146830cc58c0>,68,2,[6 2],103,134,136,31,134
1,<environment.Job instance at 0x146830cc5780>,69,17,[5 2],104,136,153,32,134
1,<environment.Job instance at 0x146830cc5690>,70,1,[6 1],106,153,154,47,134
1,<environment.Job instance at 0x146830cc5e60>,71,12,[ 1 10],107,154,166,47,137
1,<environment.Job instance at 0x146830cc56e0>,72,3,[2 7],109,151,154,42,137
1,<environment.Job instance at 0x146830cc2460>,78,16,[ 2 10],115,166,182,51,153
1,<environment.Job instance at 0x146830cc2370>,81,2,[1 9],119,182,184,63,155
1,<environment.Job instance at 0x146830cc8cd0>,85,1,[8 1],124,182,183,58,157
1,<environment.Job instance at 0x146830cc8410>,86,1,[1 5],126,184,185,58,157
1,<environment.Job instance at 0x146830cc8c30>,87,1,[10  1],128,185,186,57,157
1,<environment.Job instance at 0x146830cc8e60>,88,1,[5 2],129,184,185,55,157
1,<environment.Job instance at 0x14685103aeb0>,0,25,[9 1],1,1,26,0,1
1,<environment.Job instance at 0x14684d52e0a0>,9,2,[1 5],12,15,17,3,15
1,<environment.Job instance at 0x14684d52ea00>,13,17,[2 5],17,26,43,9,17
1,<environment.Job instance at 0x146853a79320>,14,2,[10  2],18,43,45,25,18
1,<environment.Job instance at 0x146853a799b0>,15,15,[9 2],20,45,60,25,31
1,<environment.Job instance at 0x14684f1c4a50>,20,1,[6 2],27,31,32,4,31
1,<environment.Job instance at 0x14684f1c4e10>,21,1,[5 1],28,32,33,4,31
1,<environment.Job instance at 0x146830f69410>,27,2,[9 2],36,60,62,24,39
1,<environment.Job instance at 0x146830f69230>,28,3,[5 1],37,40,43,3,40
1,<environment.Job instance at 0x146830f697d0>,29,2,[ 1 10],38,62,64,24,40
1,<environment.Job instance at 0x146831101b90>,33,17,[7 1],44,64,81,20,56
1,<environment.Job instance at 0x146831101b40>,36,16,[6 1],47,81,97,34,71
1,<environment.Job instance at 0x146831101910>,35,13,[2 8],46,74,87,28,74
1,<environment.Job instance at 0x1468310f6280>,44,3,[8 2],56,97,100,41,87
1,<environment.Job instance at 0x1468310f64b0>,47,1,[5 1],60,100,101,40,88
1,<environment.Job instance at 0x1468310f62d0>,48,14,[2 9],61,100,114,39,88
1,<environment.Job instance at 0x1468310f6870>,49,2,[7 2],62,114,116,52,89
1,<environment.Job instance at 0x1468310f6c80>,51,3,[6 1],64,101,104,37,91
1,<environment.Job instance at 0x14684be44140>,54,1,[5 1],67,104,105,37,91
1,<environment.Job instance at 0x1468310f66e0>,50,3,[10  1],63,116,119,53,92
1,<environment.Job instance at 0x146831101500>,39,1,[7 1],50,105,106,55,93
1,<environment.Job instance at 0x14683118fc30>,58,3,[2 8],71,94,97,23,94
1,<environment.Job instance at 0x1468311a9730>,62,15,[ 2 10],76,119,134,43,112
1,<environment.Job instance at 0x14684bfeffa0>,68,2,[2 7],83,134,136,51,116
1,<environment.Job instance at 0x14684bfcbfa0>,69,18,[6 1],85,134,152,49,123
1,<environment.Job instance at 0x14684bfc4d70>,72,22,[2 6],89,136,158,47,130
1,<environment.Job instance at 0x14684bfc4e10>,74,16,[6 2],91,152,168,61,139
1,<environment.Job instance at 0x1468308e0140>,88,15,[10  2],114,168,183,54,158
1,<environment.Job instance at 0x14683118fa50>,2,3,[2 5],4,6,9,2,6
1,<environment.Job instance at 0x14683118fcd0>,1,2,[2 7],3,9,11,6,6
1,<environment.Job instance at 0x1468308528c0>,5,1,[10  1],8,11,12,3,10
1,<environment.Job instance at 0x146830852870>,8,3,[9 2],13,14,17,1,14
1,<environment.Job instance at 0x146830852370>,10,1,[8 2],17,22,23,5,22
1,<environment.Job instance at 0x14684d558c80>,20,2,[7 1],31,39,41,8,39
1,<environment.Job instance at 0x14684d558500>,23,14,[9 1],34,70,84,36,70
1,<environment.Job instance at 0x14684d5587d0>,28,3,[9 2],41,104,107,63,104
1,<environment.Job instance at 0x146830806a00>,33,3,[1 9],52,147,150,95,147
1,<environment.Job instance at 0x146830806870>,39,2,[8 2],62,263,265,201,263
1,<environment.Job instance at 0x146851b11690>,49,12,[6 2],73,368,380,295,368
1,<environment.Job instance at 0x146851b1a1e0>,56,1,[1 9],81,513,514,432,513
1,<environment.Job instance at 0x1468311a1cd0>,70,1,[8 2],99,902,903,803,902
1,<environment.Job instance at 0x146830cfca50>,75,3,[5 1],106,903,906,797,903
1,<environment.Job instance at 0x14684be5c780>,76,3,[1 6],107,903,906,796,903
1,<environment.Job instance at 0x14684bfcad70>,81,13,[2 5],118,943,956,825,943
1,<environment.Job instance at 0x14683084f690>,82,2,[1 8],119,956,958,837,943
1,<environment.Job instance at 0x1468308e9f00>,0,3,[1 8],1,4,7,3,4
1,<environment.Job instance at 0x1468308e0d70>,11,16,[2 9],20,20,36,0,20
1,<environment.Job instance at 0x1468308c3aa0>,18,2,[8 1],28,30,32,2,30
1,<environment.Job instance at 0x14684bfb35a0>,21,13,[7 1],32,32,45,0,32
1,<environment.Job instance at 0x14684bfb3e10>,23,2,[2 7],36,37,39,1,37
1,<environment.Job instance at 0x14684bfca2d0>,25,2,[10  2],38,45,47,7,38
1,<environment.Job instance at 0x14684bfca050>,26,2,[1 7],39,39,41,0,39
1,<environment.Job instance at 0x14684bfca820>,27,3,[2 8],40,41,44,1,41
1,<environment.Job instance at 0x14684bfcab90>,29,1,[7 1],44,47,48,3,44
1,<environment.Job instance at 0x14684bfca7d0>,31,15,[1 9],46,47,62,1,46
1,<environment.Job instance at 0x14684bfcad20>,32,3,[6 1],47,48,51,1,47
1,<environment.Job instance at 0x146851aedc30>,33,2,[ 1 10],48,62,64,14,48
1,<environment.Job instance at 0x146851aed7d0>,35,1,[2 6],52,64,65,12,52
1,<environment.Job instance at 0x146851aed3c0>,36,2,[10  2],53,65,67,12,53
1,<environment.Job instance at 0x146851aed910>,37,1,[5 1],54,54,55,0,54
1,<environment.Job instance at 0x14684bef3fa0>,40,3,[8 1],58,58,61,0,58
1,<environment.Job instance at 0x14684bef3550>,41,15,[6 1],62,67,82,5,62
1,<environment.Job instance at 0x14684bef3b90>,42,2,[8 2],63,82,84,19,63
1,<environment.Job instance at 0x1468310ed6e0>,43,17,[10  1],66,84,101,18,72
1,<environment.Job instance at 0x14684b8ad1e0>,51,1,[1 7],78,78,79,0,78
1,<environment.Job instance at 0x1468310ed0a0>,50,2,[2 8],75,101,103,26,83
1,<environment.Job instance at 0x14684b8ad0a0>,52,1,[1 7],80,83,84,3,83
1,<environment.Job instance at 0x14684f1d54b0>,58,12,[2 8],88,103,115,15,88
1,<environment.Job instance at 0x1468311b9780>,63,13,[8 2],96,101,114,5,97
1,<environment.Job instance at 0x1468311b9190>,60,1,[8 2],92,114,115,22,99
1,<environment.Job instance at 0x1468311b91e0>,64,1,[7 1],97,115,116,18,100
1,<environment.Job instance at 0x1468311b9550>,65,1,[2 6],99,115,116,16,101
1,<environment.Job instance at 0x1468311b9c30>,69,3,[2 8],105,116,119,11,105
1,<environment.Job instance at 0x1468311c87d0>,77,2,[ 2 10],116,119,121,3,117
1,<environment.Job instance at 0x1468311c8c80>,78,3,[5 1],117,121,124,4,117
1,<environment.Job instance at 0x1468311c82d0>,79,1,[1 9],119,121,122,2,119
1,<environment.Job instance at 0x1468311c8870>,80,1,[2 7],120,122,123,2,120
1,<environment.Job instance at 0x1468311c8730>,81,2,[1 8],121,123,125,2,121
1,<environment.Job instance at 0x1468510eb410>,82,1,[1 9],123,125,126,2,123
1,<environment.Job instance at 0x146830856cd0>,83,2,[ 2 10],125,127,129,2,127
1,<environment.Job instance at 0x146830941f50>,85,12,[9 1],127,133,145,6,133
1,<environment.Job instance at 0x146830827500>,7,1,[2 9],11,11,12,0,11
1,<environment.Job instance at 0x146830827b90>,6,1,[1 8],10,15,16,5,15
1,<environment.Job instance at 0x146830827b40>,11,1,[10  1],16,16,17,0,16
1,<environment.Job instance at 0x146830827eb0>,12,3,[2 5],18,20,23,2,20
1,<environment.Job instance at 0x146830827140>,13,2,[6 2],19,20,22,1,20
1,<environment.Job instance at 0x146830bbf6e0>,15,3,[2 9],21,23,26,2,22
1,<environment.Job instance at 0x146830bbf730>,17,1,[10  1],23,26,27,3,23
1,<environment.Job instance at 0x1468308279b0>,14,18,[2 9],20,27,45,7,24
1,<environment.Job instance at 0x146830bbfe60>,20,3,[9 2],26,45,48,19,27
1,<environment.Job instance at 0x146848022dc0>,21,2,[1 8],27,45,47,18,28
1,<environment.Job instance at 0x146848022870>,22,26,[8 1],28,48,74,20,45
1,<environment.Job instance at 0x1468311e7050>,31,3,[7 2],38,74,77,36,48
1,<environment.Job instance at 0x1468311e7a50>,38,3,[7 1],50,77,80,27,62
1,<environment.Job instance at 0x1468311e7460>,39,1,[6 1],51,80,81,29,62
1,<environment.Job instance at 0x1468311e7eb0>,41,3,[2 9],53,63,66,10,63
1,<environment.Job instance at 0x14684be31690>,47,1,[1 5],61,81,82,20,81
1,<environment.Job instance at 0x146830aa0e60>,55,17,[5 2],70,89,106,19,89
1,<environment.Job instance at 0x146830aa0960>,57,2,[8 2],73,106,108,33,89
1,<environment.Job instance at 0x146830bbaa00>,65,2,[1 8],83,130,132,47,130
1,<environment.Job instance at 0x14684bddc0f0>,71,16,[7 1],91,137,153,46,137
1,<environment.Job instance at 0x146830c37f00>,73,14,[1 8],93,140,154,47,140
1,<environment.Job instance at 0x146830d7e230>,75,2,[7 2],95,153,155,58,141
1,<environment.Job instance at 0x14685c065690>,76,1,[1 6],96,154,155,58,141
1,<environment.Job instance at 0x146830d77d20>,79,3,[6 1],99,155,158,56,142
1,<environment.Job instance at 0x14684a0aa6e0>,80,15,[6 1],105,158,173,53,144
1,<environment.Job instance at 0x146830e27dc0>,63,15,[2 5],80,155,170,75,145
1,<environment.Job instance at 0x14684a0970f0>,90,1,[6 2],117,173,174,56,150
1,<environment.Job instance at 0x14684ccc6e60>,91,3,[5 2],118,174,177,56,151
1,<environment.Job instance at 0x146830aa09b0>,50,17,[5 2],64,174,191,110,168
1,<environment.Job instance at 0x146830b8ff00>,1,1,[2 8],3,3,4,0,3
1,<environment.Job instance at 0x146851aefbe0>,0,1,[7 2],2,9,10,7,9
1,<environment.Job instance at 0x14684ccb0eb0>,2,2,[2 9],4,15,17,11,15
1,<environment.Job instance at 0x14684cc97550>,10,1,[1 8],15,17,18,2,17
1,<environment.Job instance at 0x14684cc97aa0>,11,1,[10  2],19,19,20,0,19
1,<environment.Job instance at 0x14684bf23a50>,15,1,[2 8],24,24,25,0,24
1,<environment.Job instance at 0x14684bf230f0>,16,18,[1 7],26,27,45,1,27
1,<environment.Job instance at 0x14684bf23eb0>,14,3,[7 2],23,28,31,5,28
1,<environment.Job instance at 0x14684bf23870>,17,3,[10  1],28,45,48,17,28
1,<environment.Job instance at 0x14684bf13b90>,23,3,[6 2],36,48,51,12,44
1,<environment.Job instance at 0x14684bf13c30>,25,1,[2 6],38,48,49,10,48
1,<environment.Job instance at 0x14684bf135f0>,26,1,[1 5],40,49,50,9,48
1,<environment.Job instance at 0x14684cc32fa0>,34,3,[2 7],52,85,88,33,85
1,<environment.Job instance at 0x14684cc32410>,35,1,[10  1],56,88,89,32,86
1,<environment.Job instance at 0x14684cc32960>,38,3,[1 5],59,95,98,36,95
1,<environment.Job instance at 0x14684cc32d70>,40,1,[9 1],61,101,102,40,101
1,<environment.Job instance at 0x146851014050>,52,3,[10  2],77,114,117,37,114
1,<environment.Job instance at 0x14684c8d0d70>,56,3,[9 1],82,117,120,35,114
1,<environment.Job instance at 0x14684b8b1370>,60,3,[2 8],87,120,123,33,115
1,<environment.Job instance at 0x14684ccf8550>,73,1,[ 1 10],105,142,143,37,142
1,<environment.Job instance at 0x146830f86c80>,78,22,[2 9],113,187,209,74,187
1,<environment.Job instance at 0x14684bdb97d0>,87,12,[5 2],129,209,221,80,194
1,<environment.Job instance at 0x14684a57c870>,6,2,[6 2],8,10,12,2,10
1,<environment.Job instance at 0x14684a57c460>,8,2,[1 6],16,19,21,3,19
1,<environment.Job instance at 0x14684a57c910>,10,2,[2 8],20,21,23,1,20
1,<environment.Job instance at 0x14684a57c640>,13,3,[6 2],26,29,32,3,29
1,<environment.Job instance at 0x146830aec910>,15,2,[5 1],28,32,34,4,32
1,<environment.Job instance at 0x14684bdd0820>,20,2,[2 5],35,35,37,0,35
1,<environment.Job instance at 0x14684bdd0dc0>,24,20,[7 2],39,39,59,0,39
1,<environment.Job instance at 0x14684bdd04b0>,26,2,[2 6],41,41,43,0,41
1,<environment.Job instance at 0x146830e27c30>,28,13,[2 8],43,43,56,0,43
1,<environment.Job instance at 0x146830e27370>,29,1,[8 1],46,59,60,13,46
1,<environment.Job instance at 0x146830e27820>,30,3,[1 6],47,56,59,9,48
1,<environment.Job instance at 0x146830e27140>,32,1,[2 5],49,59,60,10,50
1,<environment.Job instance at 0x146830af22d0>,45,1,[2 9],71,111,112,40,111
1,<environment.Job instance at 0x146830af21e0>,49,3,[1 7],75,112,115,37,111
1,<environment.Job instance at 0x146830af2460>,51,17,[9 2],79,112,129,33,111
1,<environment.Job instance at 0x146830af2870>,52,2,[9 2],81,129,131,48,111
1,<environment.Job instance at 0x146851045e60>,53,2,[2 7],85,131,133,46,111
1,<environment.Job instance at 0x146830b08910>,59,2,[7 2],91,131,133,40,113
1,<environment.Job instance at 0x14684a5717d0>,62,17,[5 2],95,133,150,38,121
1,<environment.Job instance at 0x146830b08e10>,66,2,[1 5],100,133,135,33,133
1,<environment.Job instance at 0x14684a082e60>,67,13,[1 9],101,150,163,49,135
1,<environment.Job instance at 0x14684a5646e0>,69,15,[9 1],104,150,165,46,136
1,<environment.Job instance at 0x146830b1a410>,72,2,[1 7],109,136,138,27,136
1,<environment.Job instance at 0x146830aa6960>,75,2,[2 8],112,138,140,26,136
1,<environment.Job instance at 0x14684bcfc6e0>,81,1,[10  1],118,165,166,47,138
1,<environment.Job instance at 0x14684be40f00>,86,3,[2 5],124,140,143,16,138
1,<environment.Job instance at 0x14684be40b90>,87,3,[2 8],126,143,146,17,138
1,<environment.Job instance at 0x14685300cf50>,0,3,[1 9],1,2,5,1,2
1,<environment.Job instance at 0x14685300c190>,5,2,[1 7],6,7,9,1,7
1,<environment.Job instance at 0x1468307cbd70>,7,14,[ 2 10],8,9,23,1,8
1,<environment.Job instance at 0x1468307cb370>,8,1,[2 7],10,23,24,13,14
1,<environment.Job instance at 0x14685300c460>,1,15,[9 1],2,24,39,22,15
1,<environment.Job instance at 0x1468307cb230>,13,3,[1 8],17,24,27,7,23
1,<environment.Job instance at 0x146830dc67d0>,18,12,[1 7],26,27,39,1,26
1,<environment.Job instance at 0x14684bef8190>,21,3,[1 8],29,39,42,10,29
1,<environment.Job instance at 0x14684bef8d70>,24,2,[8 1],32,39,41,7,32
1,<environment.Job instance at 0x14684bef8c80>,25,16,[7 2],34,41,57,7,34
1,<environment.Job instance at 0x14684bef84b0>,26,1,[ 2 10],35,57,58,22,35
1,<environment.Job instance at 0x14684bef8230>,27,3,[ 2 10],37,58,61,21,37
1,<environment.Job instance at 0x14684bef80a0>,35,1,[6 1],48,378,379,330,378
1,<environment.Job instance at 0x1468519bc6e0>,38,3,[2 6],51,441,444,390,441
1,<environment.Job instance at 0x14684bef83c0>,34,23,[2 5],47,471,494,424,471
1,<environment.Job instance at 0x14684ccf7640>,66,28,[ 2 10],86,875,903,789,875
1,<environment.Job instance at 0x146830d678c0>,0,3,[2 9],2,2,5,0,2
1,<environment.Job instance at 0x146830a53b40>,1,1,[9 2],3,5,6,2,5
1,<environment.Job instance at 0x14684a5f30a0>,2,1,[7 2],5,7,8,2,7
1,<environment.Job instance at 0x14684cc2e910>,11,3,[9 2],16,18,21,2,18
1,<environment.Job instance at 0x1468308c5140>,13,3,[ 1 10],19,23,26,4,23
1,<environment.Job instance at 0x14684cc319b0>,19,3,[9 1],28,30,33,2,30
1,<environment.Job instance at 0x14684cc314b0>,20,3,[2 9],30,33,36,3,30
1,<environment.Job instance at 0x1468510c8870>,21,2,[10  2],31,36,38,5,31
1,<environment.Job instance at 0x1468519ffe60>,22,2,[ 1 10],32,38,40,6,32
1,<environment.Job instance at 0x1468519ffcd0>,23,3,[ 1 10],34,40,43,6,37
1,<environment.Job instance at 0x146831252410>,26,2,[5 2],37,43,45,6,40
1,<environment.Job instance at 0x14685302d5f0>,28,2,[1 7],41,44,46,3,44
1,<environment.Job instance at 0x14684c949cd0>,39,3,[2 9],55,142,145,87,142
1,<environment.Job instance at 0x14684c949370>,41,3,[1 7],57,148,151,91,148
1,<environment.Job instance at 0x14684c949be0>,42,2,[2 6],58,151,153,93,150
1,<environment.Job instance at 0x146830f89500>,37,17,[2 9],53,157,174,104,157
1,<environment.Job instance at 0x1468519f8410>,48,3,[1 7],65,174,177,109,160
1,<environment.Job instance at 0x14684f1d0780>,52,2,[1 8],71,177,179,106,163
1,<environment.Job instance at 0x14684c949690>,43,2,[5 2],59,174,176,115,166
1,<environment.Job instance at 0x1468312435a0>,54,1,[8 1],73,168,169,95,168
1,<environment.Job instance at 0x146831243910>,56,2,[1 9],77,179,181,102,168
1,<environment.Job instance at 0x14684b8adb90>,67,26,[2 7],92,252,278,160,252
1,<environment.Job instance at 0x14684b8adf50>,74,1,[ 2 10],100,295,296,195,295
1,<environment.Job instance at 0x14684ccf7af0>,92,1,[8 2],126,304,305,178,304
1,<environment.Job instance at 0x14684ccf70a0>,94,1,[10  1],129,305,306,176,305
1,<environment.Job instance at 0x14684be3a0a0>,2,3,[1 7],3,4,7,1,4
1,<environment.Job instance at 0x1468310a8eb0>,7,1,[8 2],9,12,13,3,12
1,<environment.Job instance at 0x14683107d550>,13,18,[10  1],15,16,34,1,16
1,<environment.Job instance at 0x14683107d8c0>,18,2,[1 9],22,34,36,12,22
1,<environment.Job instance at 0x14683107de60>,21,1,[8 1],27,34,35,7,33
1,<environment.Job instance at 0x14683107c960>,32,2,[2 7],40,53,55,13,53
1,<environment.Job instance at 0x14683107cbe0>,35,18,[5 2],43,61,79,18,61
1,<environment.Job instance at 0x1468310700a0>,42,2,[8 1],53,83,85,30,83
1,<environment.Job instance at 0x146831070f00>,55,1,[5 1],69,116,117,47,116
1,<environment.Job instance at 0x1468310a70a0>,58,3,[8 2],72,117,120,45,116
1,<environment.Job instance at 0x1468310a7550>,60,22,[5 1],76,120,142,44,116
1,<environment.Job instance at 0x1468310a7820>,62,16,[8 2],81,142,158,61,130
1,<environment.Job instance at 0x1468310a7e60>,74,2,[8 1],96,158,160,62,133
1,<environment.Job instance at 0x14683109f280>,78,18,[2 5],100,147,165,47,147
1,<environment.Job instance at 0x14683109f780>,84,13,[8 1],106,193,206,87,193
1,<environment.Job instance at 0x14683109f500>,82,16,[1 9],104,212,228,108,212
1,<environment.Job instance at 0x1468480c5cd0>,97,3,[9 1],124,233,236,109,233
1,<environment.Job instance at 0x14683108b460>,98,14,[2 5],126,296,310,170,296
1,<environment.Job instance at 0x1468313cad70>,1,2,[6 2],3,4,6,1,4
1,<environment.Job instance at 0x146851b19c80>,3,2,[9 2],5,6,8,1,5
1,<environment.Job instance at 0x146851b19cd0>,2,2,[1 5],4,10,12,6,10
1,<environment.Job instance at 0x14683108b460>,4,1,[9 1],8,10,11,2,10
1,<environment.Job instance at 0x146830ed32d0>,7,2,[2 9],12,13,15,1,13
1,<environment.Job instance at 0x146830ed35a0>,9,3,[7 1],14,14,17,0,14
1,<environment.Job instance at 0x146830ed3460>,10,2,[ 1 10],15,17,19,2,15
1,<environment.Job instance at 0x146830ed3140>,16,12,[7 2],22,23,35,1,23
1,<environment.Job instance at 0x14684a5f3f50>,21,3,[2 5],31,32,35,1,32
1,<environment.Job instance at 0x14684a5f3aa0>,23,12,[9 1],33,42,54,9,42
1,<environment.Job instance at 0x146851af7640>,29,1,[2 8],46,54,55,8,46
1,<environment.Job instance at 0x146851af7fa0>,30,2,[10  1],47,55,57,8,47
1,<environment.Job instance at 0x146851af7b40>,31,13,[1 8],48,57,70,9,48
1,<environment.Job instance at 0x146851af7370>,32,3,[5 1],50,57,60,7,50
1,<environment.Job instance at 0x14684a5f3640>,28,3,[9 2],44,60,63,16,57
1,<environment.Job instance at 0x146851af7af0>,33,26,[5 2],52,63,89,11,60
1,<environment.Job instance at 0x14683092f960>,39,18,[1 6],61,70,88,9,61
1,<environment.Job instance at 0x146830b9feb0>,50,12,[5 1],78,88,100,10,78
1,<environment.Job instance at 0x146851ac04b0>,51,1,[10  1],80,100,101,20,80
1,<environment.Job instance at 0x1468480a1640>,54,1,[6 2],83,101,102,18,83
1,<environment.Job instance at 0x1468510bcf50>,55,3,[6 2],84,102,105,18,84
1,<environment.Job instance at 0x1468510bc460>,58,18,[2 9],91,105,123,14,94
1,<environment.Job instance at 0x146830ed7a50>,60,3,[1 9],94,123,126,29,99
1,<environment.Job instance at 0x1468510af320>,61,3,[2 7],96,101,104,5,99
1,<environment.Job instance at 0x14684bda06e0>,64,18,[7 2],100,126,144,26,115
1,<environment.Job instance at 0x14684bda01e0>,65,15,[2 7],101,126,141,25,115
1,<environment.Job instance at 0x14684bdc9af0>,66,2,[9 1],102,123,125,21,115
1,<environment.Job instance at 0x14684a5f4dc0>,46,18,[1 7],72,141,159,69,137
1,<environment.Job instance at 0x14684a503820>,80,17,[7 2],121,155,172,34,155
1,<environment.Job instance at 0x14683119d500>,81,13,[8 1],124,172,185,48,156
1,<environment.Job instance at 0x14683119de10>,82,2,[10  1],125,185,187,60,158
1,<environment.Job instance at 0x14684a51c5f0>,84,1,[6 2],128,187,188,59,161
1,<environment.Job instance at 0x14683119d1e0>,85,1,[6 1],129,188,189,59,161
1,<environment.Job instance at 0x1468480b1780>,79,1,[10  2],119,189,190,70,177
1,<environment.Job instance at 0x1468510d44b0>,0,1,[5 1],3,6,7,3,6
1,<environment.Job instance at 0x1468510d4a50>,1,2,[1 9],4,7,9,3,7
1,<environment.Job instance at 0x146830947e60>,3,2,[7 1],8,8,10,0,8
1,<environment.Job instance at 0x146830947b90>,5,1,[ 2 10],12,13,14,1,13
1,<environment.Job instance at 0x14684d549230>,6,3,[1 9],14,14,17,0,14
1,<environment.Job instance at 0x14684d549cd0>,7,17,[ 1 10],15,17,34,2,16
1,<environment.Job instance at 0x14684c98c0a0>,13,1,[8 2],25,34,35,9,26
1,<environment.Job instance at 0x14684c98cc80>,14,2,[10  2],26,35,37,9,26
1,<environment.Job instance at 0x1468307e6aa0>,16,14,[6 2],30,37,51,7,31
1,<environment.Job instance at 0x1468307e6e10>,17,1,[5 2],31,51,52,20,33
1,<environment.Job instance at 0x146851ae3dc0>,20,14,[1 7],34,37,51,3,34
1,<environment.Job instance at 0x14684be6a7d0>,29,15,[7 1],47,52,67,5,49
1,<environment.Job instance at 0x1468308adc80>,30,13,[5 2],53,67,80,14,55
1,<environment.Job instance at 0x1468308ad320>,32,1,[1 7],57,58,59,1,58
1,<environment.Job instance at 0x1468308df5a0>,36,2,[8 1],66,80,82,14,68
1,<environment.Job instance at 0x14684b8b5cd0>,39,2,[2 6],70,70,72,0,70
1,<environment.Job instance at 0x14684b8b5320>,40,17,[1 9],71,80,97,9,71
1,<environment.Job instance at 0x1468308df140>,38,14,[10  2],69,97,111,28,82
1,<environment.Job instance at 0x14684cd043c0>,50,13,[7 2],91,111,124,20,95
1,<environment.Job instance at 0x14684a085a50>,52,3,[5 2],97,124,127,27,100
1,<environment.Job instance at 0x146830eed960>,57,2,[2 5],104,111,113,7,106
1,<environment.Job instance at 0x146830804b40>,63,1,[1 9],111,127,128,16,111
1,<environment.Job instance at 0x14684a57b2d0>,64,18,[8 2],112,128,146,16,126
1,<environment.Job instance at 0x14684f1adc30>,72,1,[2 9],127,146,147,19,128
1,<environment.Job instance at 0x1468308add20>,0,2,[2 9],1,4,6,3,4
1,<environment.Job instance at 0x146831062f50>,6,2,[10  1],7,7,9,0,7
1,<environment.Job instance at 0x146830865410>,5,1,[2 8],6,9,10,3,9
1,<environment.Job instance at 0x14683105e910>,14,2,[1 9],18,21,23,3,21
1,<environment.Job instance at 0x14683105ed70>,18,2,[5 1],27,28,30,1,28
1,<environment.Job instance at 0x146830d4f140>,21,17,[1 6],30,31,48,1,31
1,<environment.Job instance at 0x146830d4f550>,23,12,[1 7],32,48,60,16,32
1,<environment.Job instance at 0x146830d4f640>,25,3,[9 1],37,40,43,3,40
1,<environment.Job instance at 0x146830d4f820>,29,1,[6 1],41,53,54,12,53
1,<environment.Job instance at 0x146830d4fbe0>,31,2,[1 7],43,60,62,17,57
1,<environment.Job instance at 0x146830d67230>,37,1,[2 9],49,62,63,13,58
1,<environment.Job instance at 0x146830cfc7d0>,46,2,[ 1 10],61,63,65,2,61
1,<environment.Job instance at 0x1468310342d0>,48,2,[1 5],63,65,67,2,63
1,<environment.Job instance at 0x146831051820>,51,13,[1 6],67,73,86,6,73
1,<environment.Job instance at 0x146831051550>,57,15,[2 8],75,87,102,12,87
1,<environment.Job instance at 0x14685137f3c0>,71,1,[1 6],97,119,120,22,119
1,<environment.Job instance at 0x1468310398c0>,79,18,[2 8],109,133,151,24,133
1,<environment.Job instance at 0x1468310393c0>,80,27,[7 1],111,133,160,22,133
1,<environment.Job instance at 0x146831039c30>,82,2,[6 2],113,160,162,47,133
1,<environment.Job instance at 0x14684be380f0>,83,16,[6 2],115,162,178,47,149
1,<environment.Job instance at 0x14684be38870>,84,2,[2 6],116,151,153,35,149
1,<environment.Job instance at 0x14684be38730>,85,2,[9 1],118,178,180,60,151
1,<environment.Job instance at 0x14684be38370>,87,1,[ 1 10],123,180,181,57,153
1,<environment.Job instance at 0x14684be38640>,89,1,[8 1],125,181,182,56,153
1,<environment.Job instance at 0x14684be38960>,90,3,[2 7],126,153,156,27,153
1,<environment.Job instance at 0x1468309762d0>,4,23,[1 9],6,6,29,0,6
1,<environment.Job instance at 0x146830976b90>,5,3,[1 8],8,29,32,21,8
1,<environment.Job instance at 0x146830976eb0>,6,3,[2 9],12,32,35,20,13
1,<environment.Job instance at 0x146830976c30>,7,1,[8 2],14,29,30,15,14
1,<environment.Job instance at 0x146830976050>,8,3,[7 1],16,23,26,7,23
1,<environment.Job instance at 0x1468309e5500>,11,3,[9 2],23,35,38,12,25
1,<environment.Job instance at 0x146851a20b40>,13,13,[1 5],27,35,48,8,28
1,<environment.Job instance at 0x146851a209b0>,16,3,[1 8],30,48,51,18,31
1,<environment.Job instance at 0x1468308061e0>,21,12,[8 1],37,38,50,1,37
1,<environment.Job instance at 0x1468308066e0>,22,2,[6 2],38,50,52,12,38
1,<environment.Job instance at 0x146851a20320>,20,3,[9 2],36,52,55,16,45
1,<environment.Job instance at 0x146830975870>,24,13,[8 1],44,55,68,11,49
1,<environment.Job instance at 0x1468519f4aa0>,29,2,[1 8],51,51,53,0,51
1,<environment.Job instance at 0x1468519f47d0>,32,2,[2 8],56,58,60,2,58
1,<environment.Job instance at 0x1468519f4be0>,35,2,[1 7],59,60,62,1,59
1,<environment.Job instance at 0x1468519f42d0>,36,3,[6 2],60,68,71,8,60
1,<environment.Job instance at 0x1468519f40a0>,37,3,[8 1],62,71,74,9,62
1,<environment.Job instance at 0x1468519f4050>,38,1,[7 1],64,74,75,10,66
1,<environment.Job instance at 0x146830983690>,42,21,[2 6],69,69,90,0,69
1,<environment.Job instance at 0x1468309835f0>,43,15,[5 2],70,75,90,5,70
1,<environment.Job instance at 0x14684bf33aa0>,49,14,[2 8],78,90,104,12,78
1,<environment.Job instance at 0x14684bf33e60>,50,1,[6 2],80,90,91,10,81
1,<environment.Job instance at 0x14684cc652d0>,55,15,[2 9],87,104,119,17,90
1,<environment.Job instance at 0x1468480b1d70>,62,2,[6 2],95,119,121,24,103
1,<environment.Job instance at 0x1468480b1be0>,59,24,[9 2],91,121,145,30,116
1,<environment.Job instance at 0x14684cc7beb0>,67,3,[1 7],104,119,122,15,116
1,<environment.Job instance at 0x14684cc7b0a0>,72,2,[1 5],109,122,124,13,116
1,<environment.Job instance at 0x14685302dd20>,75,17,[8 1],113,145,162,32,133
1,<environment.Job instance at 0x146830a5bf50>,77,2,[2 8],118,145,147,27,134
1,<environment.Job instance at 0x1468313404b0>,82,2,[1 9],127,147,149,20,147
1,<environment.Job instance at 0x14684c047910>,81,3,[2 8],126,149,152,23,147
1,<environment.Job instance at 0x146830bcf640>,80,1,[2 5],122,152,153,30,147
1,<environment.Job instance at 0x1468313405a0>,83,3,[2 6],128,153,156,25,147
1,<environment.Job instance at 0x14684cc32140>,3,2,[5 1],5,5,7,0,5
1,<environment.Job instance at 0x1468480d3dc0>,4,17,[6 2],6,7,24,1,6
1,<environment.Job instance at 0x146830983c80>,7,1,[7 1],10,24,25,14,10
1,<environment.Job instance at 0x14684bf97550>,8,2,[2 7],11,13,15,2,13
1,<environment.Job instance at 0x146831049050>,11,2,[7 1],14,25,27,11,14
1,<environment.Job instance at 0x14684cc65640>,12,1,[1 6],16,16,17,0,16
1,<environment.Job instance at 0x14684bf55460>,15,2,[2 7],23,28,30,5,28
1,<environment.Job instance at 0x14685299ab90>,19,2,[8 1],30,31,33,1,31
1,<environment.Job instance at 0x14684b8b5fa0>,22,1,[8 1],36,38,39,2,38
1,<environment.Job instance at 0x146830ad3a00>,26,12,[8 1],40,40,52,0,40
1,<environment.Job instance at 0x1468307d5910>,28,3,[10  1],42,52,55,10,42
1,<environment.Job instance at 0x1468307d59b0>,29,3,[7 1],43,55,58,12,43
1,<environment.Job instance at 0x1468307d5be0>,30,2,[2 8],45,45,47,0,45
1,<environment.Job instance at 0x1468307d5960>,31,16,[1 9],46,55,71,9,46
1,<environment.Job instance at 0x146830dd6190>,37,1,[7 2],56,73,74,17,73
1,<environment.Job instance at 0x146830806050>,41,14,[ 1 10],63,81,95,18,81
1,<environment.Job instance at 0x146831252320>,47,3,[ 2 10],72,95,98,23,88
1,<environment.Job instance at 0x146851b0aeb0>,48,3,[6 2],73,98,101,25,88
1,<environment.Job instance at 0x146831196640>,50,1,[2 9],78,101,102,23,90
1,<environment.Job instance at 0x1468311960f0>,51,18,[2 7],79,108,126,29,108
1,<environment.Job instance at 0x1468308cab40>,58,1,[1 6],90,126,127,36,120
1,<environment.Job instance at 0x146830e78a00>,69,1,[10  1],102,152,153,50,152
1,<environment.Job instance at 0x1468510cedc0>,87,2,[ 1 10],128,321,323,193,321
1,<environment.Job instance at 0x1468510ce0a0>,88,1,[9 2],129,323,324,194,321
1,<environment.Job instance at 0x1510e5ef38c0>,2,1,[2 5],3,6,7,3,6
1,<environment.Job instance at 0x1510e5f33dc0>,6,18,[8 1],7,8,26,1,8
1,<environment.Job instance at 0x1510e7732230>,7,1,[2 6],8,9,10,1,9
1,<environment.Job instance at 0x1510e5ec4f50>,9,2,[6 1],11,26,28,15,12
1,<environment.Job instance at 0x1510e5e91640>,12,3,[1 8],14,14,17,0,14
1,<environment.Job instance at 0x1510e5e17690>,15,1,[ 1 10],20,28,29,8,20
1,<environment.Job instance at 0x1510e5e45320>,18,2,[10  1],25,29,31,4,25
1,<environment.Job instance at 0x1510e59d65a0>,23,2,[8 1],31,32,34,1,32
1,<environment.Job instance at 0x1510e59d5640>,25,2,[2 8],34,35,37,1,35
1,<environment.Job instance at 0x1510e59d1820>,29,16,[10  2],39,40,56,1,40
1,<environment.Job instance at 0x1510e59d1aa0>,31,3,[9 2],41,56,59,15,41
1,<environment.Job instance at 0x1510e59d1050>,32,3,[2 9],42,59,62,17,44
1,<environment.Job instance at 0x1510e59d0d20>,36,3,[10  2],48,62,65,14,48
1,<environment.Job instance at 0x1510e59d0910>,37,2,[ 1 10],50,65,67,15,51
1,<environment.Job instance at 0x1510e59d2960>,39,3,[1 5],52,56,59,4,55
1,<environment.Job instance at 0x1510e59d2780>,42,1,[10  1],56,67,68,11,56
1,<environment.Job instance at 0x1510e5eccaa0>,44,3,[1 8],58,68,71,10,60
1,<environment.Job instance at 0x1510e59eb3c0>,47,1,[1 6],63,71,72,8,67
1,<environment.Job instance at 0x1510e59eb8c0>,48,1,[2 9],65,72,73,7,67
1,<environment.Job instance at 0x1510e5a00230>,50,12,[9 1],68,73,85,5,68
1,<environment.Job instance at 0x1510e5eb6500>,51,2,[8 2],69,85,87,16,71
1,<environment.Job instance at 0x1510e5ec8230>,56,1,[10  2],79,87,88,8,79
1,<environment.Job instance at 0x1510e5e5a550>,58,15,[2 9],82,88,103,6,82
1,<environment.Job instance at 0x1510e5eb3640>,59,1,[1 9],85,103,104,18,87
1,<environment.Job instance at 0x1510e5eb3e60>,63,3,[10  1],89,104,107,15,89
1,<environment.Job instance at 0x1510e5eb3730>,61,3,[1 5],87,107,110,20,95
1,<environment.Job instance at 0x1510e59cd690>,70,2,[ 2 10],97,110,112,13,97
1,<environment.Job instance at 0x1510e59cde60>,71,3,[2 9],99,112,115,13,103
1,<environment.Job instance at 0x1510e5e3e140>,73,2,[6 2],103,107,109,4,103
1,<environment.Job instance at 0x1510e61721e0>,81,3,[ 2 10],114,115,118,1,114
1,<environment.Job instance at 0x1510e6170370>,82,12,[2 8],115,118,130,3,116
1,<environment.Job instance at 0x1510e6170500>,83,1,[10  1],117,130,131,13,117
1,<environment.Job instance at 0x1510e61915f0>,84,2,[ 1 10],118,131,133,13,120
1,<environment.Job instance at 0x1510e6191320>,86,2,[1 8],121,133,135,12,125
1,<environment.Job instance at 0x1510e6191a50>,88,1,[1 5],123,135,136,12,127
1,<environment.Job instance at 0x1510e6191640>,89,2,[1 9],126,136,138,10,127
1,<environment.Job instance at 0x1510e618e410>,91,1,[2 5],128,135,136,7,129
1,<environment.Job instance at 0x1510e61942d0>,98,13,[ 1 10],136,138,151,2,136
1,<environment.Job instance at 0x1510e6194190>,99,16,[8 1],137,151,167,14,138
1,<environment.Job instance at 0x1510e6195aa0>,10,1,[8 1],14,15,16,1,15
1,<environment.Job instance at 0x1510e6195c30>,11,3,[5 2],16,17,20,1,17
1,<environment.Job instance at 0x1510e6195cd0>,13,18,[2 6],18,21,39,3,21
1,<environment.Job instance at 0x1510e5eec910>,24,27,[1 8],33,39,66,6,37
1,<environment.Job instance at 0x1510e5eecd20>,27,12,[6 1],36,37,49,1,37
1,<environment.Job instance at 0x1510e5eec870>,29,3,[5 1],43,49,52,6,48
1,<environment.Job instance at 0x1510e5eecdc0>,31,3,[ 2 10],46,66,69,20,48
1,<environment.Job instance at 0x1510e5eecaa0>,32,2,[1 9],48,69,71,21,48
1,<environment.Job instance at 0x1510e5f25d20>,33,2,[ 2 10],51,71,73,20,52
1,<environment.Job instance at 0x1510e5f255a0>,35,15,[2 7],53,73,88,20,59
1,<environment.Job instance at 0x1510e5f25f00>,36,2,[ 2 10],54,88,90,34,61
1,<environment.Job instance at 0x1510e5f251e0>,34,3,[5 2],52,63,66,11,63
1,<environment.Job instance at 0x1510e5f25c80>,40,2,[9 1],59,69,71,10,64
1,<environment.Job instance at 0x1510e5f25f50>,41,3,[5 2],60,73,76,13,64
1,<environment.Job instance at 0x1510e5f25370>,43,13,[ 2 10],62,90,103,28,74
1,<environment.Job instance at 0x1510e5f25820>,44,1,[1 7],63,103,104,40,75
1,<environment.Job instance at 0x1510e5f25960>,45,1,[2 9],64,104,105,40,76
1,<environment.Job instance at 0x1510e5f34e60>,49,12,[7 1],70,103,115,33,88
1,<environment.Job instance at 0x1510e5f344b0>,51,3,[8 1],72,115,118,43,89
1,<environment.Job instance at 0x1510e5f34eb0>,52,2,[2 5],73,105,107,32,89
1,<environment.Job instance at 0x1510e5f34280>,55,3,[ 2 10],77,118,121,41,92
1,<environment.Job instance at 0x1510e5f34a00>,57,16,[1 6],79,121,137,42,109
1,<environment.Job instance at 0x1510e5f348c0>,59,17,[7 1],82,121,138,39,110
1,<environment.Job instance at 0x1510e5ee60a0>,62,15,[9 2],90,138,153,48,124
1,<environment.Job instance at 0x1510e5ee6d70>,64,12,[1 5],92,137,149,45,124
1,<environment.Job instance at 0x1510e5ee6320>,65,2,[6 2],93,153,155,60,126
1,<environment.Job instance at 0x1510e5ee65a0>,66,1,[9 1],95,155,156,60,127
1,<environment.Job instance at 0x1510e5ee6370>,68,1,[ 1 10],97,156,157,59,128
1,<environment.Job instance at 0x1510e5ee6820>,69,2,[1 5],99,149,151,50,128
1,<environment.Job instance at 0x1510e5ee67d0>,70,3,[1 5],100,151,154,51,128
1,<environment.Job instance at 0x1510e5ee6a50>,71,2,[10  2],101,157,159,56,130
1,<environment.Job instance at 0x1510e5ee63c0>,74,2,[1 6],107,154,156,47,130
1,<environment.Job instance at 0x1510e5f0afa0>,76,1,[2 8],112,159,160,47,144
1,<environment.Job instance at 0x1510e5ee6640>,77,18,[10  1],116,160,178,44,149
1,<environment.Job instance at 0x1510e5f2e500>,81,3,[8 1],122,178,181,56,153
1,<environment.Job instance at 0x1510e5ec8190>,85,14,[6 1],127,197,211,70,197
1,<environment.Job instance at 0x1510e5e2a5a0>,87,16,[1 7],129,259,275,130,259
1,<environment.Job instance at 0x1510e5f25aa0>,37,2,[2 9],55,297,299,242,297
1,<environment.Job instance at 0x1510e616c690>,3,2,[8 2],5,6,8,1,6
1,<environment.Job instance at 0x1510d44656e0>,5,18,[8 1],7,8,26,1,7
1,<environment.Job instance at 0x1510d44659b0>,6,1,[5 2],8,26,27,18,11
1,<environment.Job instance at 0x1510d4465b90>,9,2,[5 2],12,26,28,14,15
1,<environment.Job instance at 0x1510d4465f00>,14,2,[10  1],19,28,30,9,19
1,<environment.Job instance at 0x1510d4465be0>,10,2,[1 7],14,20,22,6,20
1,<environment.Job instance at 0x1510d43e6320>,15,3,[2 7],20,22,25,2,22
1,<environment.Job instance at 0x1510d43e6640>,17,1,[2 5],24,25,26,1,24
1,<environment.Job instance at 0x1510d43e68c0>,18,3,[1 8],25,30,33,5,26
1,<environment.Job instance at 0x1510d43e6b40>,20,2,[7 2],29,32,34,3,32
1,<environment.Job instance at 0x1510d43e6690>,22,14,[8 2],32,35,49,3,35
1,<environment.Job instance at 0x1510d43e6aa0>,24,1,[ 2 10],35,49,50,14,35
1,<environment.Job instance at 0x1510d43e6c80>,26,2,[ 1 10],37,50,52,13,37
1,<environment.Job instance at 0x1510d43e6dc0>,23,2,[2 5],34,39,41,5,39
1,<environment.Job instance at 0x1510d43e8780>,31,1,[6 1],43,52,53,9,44
1,<environment.Job instance at 0x1510d43e87d0>,33,3,[1 7],49,52,55,3,49
1,<environment.Job instance at 0x1510d43e8320>,27,3,[7 2],38,53,56,15,49
1,<environment.Job instance at 0x1510d43e8c80>,34,12,[7 1],51,56,68,5,51
1,<environment.Job instance at 0x1510d43e8eb0>,38,3,[1 8],58,59,62,1,59
1,<environment.Job instance at 0x1510d43e8d70>,35,20,[8 2],52,68,88,16,60
1,<environment.Job instance at 0x1510d43eb230>,39,2,[2 7],61,62,64,1,62
1,<environment.Job instance at 0x1510d43eb3c0>,40,2,[9 2],62,88,90,26,62
1,<environment.Job instance at 0x1510d43eb730>,45,1,[1 8],68,74,75,6,74
1,<environment.Job instance at 0x1510d43eb960>,44,18,[5 2],67,90,108,23,79
1,<environment.Job instance at 0x1510d43eb140>,46,13,[1 7],70,92,105,22,92
1,<environment.Job instance at 0x1510d43ebf00>,51,17,[10  1],78,108,125,30,96
1,<environment.Job instance at 0x1510d43ee730>,59,1,[1 9],93,125,126,32,110
1,<environment.Job instance at 0x1510d43ef4b0>,75,18,[6 2],116,195,213,79,195
1,<environment.Job instance at 0x1510d43ef7d0>,78,14,[1 6],122,195,209,73,195
1,<environment.Job instance at 0x1510d43ef8c0>,79,2,[5 1],123,213,215,90,195
1,<environment.Job instance at 0x1510d43efa50>,83,3,[9 2],128,215,218,87,196
1,<environment.Job instance at 0x1510d43ef5f0>,80,1,[2 7],124,209,210,85,196
1,<environment.Job instance at 0x1510d445daa0>,89,3,[1 7],138,210,213,72,198
1,<environment.Job instance at 0x1510d43efd20>,86,3,[1 7],133,213,216,80,210
1,<environment.Job instance at 0x1510d4487050>,0,3,[6 1],3,3,6,0,3
1,<environment.Job instance at 0x1510d43efe60>,2,2,[2 9],5,6,8,1,6
1,<environment.Job instance at 0x1510e40e00f0>,4,16,[2 9],7,8,24,1,8
1,<environment.Job instance at 0x1510d4a91820>,6,3,[8 1],9,16,19,7,16
1,<environment.Job instance at 0x1510e412ca00>,11,16,[2 8],19,24,40,5,19
1,<environment.Job instance at 0x1510e40e0dc0>,8,1,[10  1],14,40,41,26,19
1,<environment.Job instance at 0x1510e412c8c0>,12,13,[ 2 10],22,41,54,19,25
1,<environment.Job instance at 0x1510e40cb730>,21,1,[1 8],35,54,55,19,36
1,<environment.Job instance at 0x1510e82fc7d0>,23,3,[1 6],37,55,58,18,39
1,<environment.Job instance at 0x1510e78365a0>,25,14,[9 1],40,54,68,14,41
1,<environment.Job instance at 0x1510e4158280>,30,2,[1 8],46,58,60,12,46
1,<environment.Job instance at 0x1510e4158050>,31,2,[1 5],48,60,62,12,48
1,<environment.Job instance at 0x1510e41587d0>,32,15,[10  1],49,68,83,19,54
1,<environment.Job instance at 0x1510e82f41e0>,38,3,[10  2],57,83,86,26,58
1,<environment.Job instance at 0x1510e82b9c30>,41,1,[1 5],62,63,64,1,63
1,<environment.Job instance at 0x1510e41ac370>,49,3,[6 1],70,92,95,22,92
1,<environment.Job instance at 0x1510e41accd0>,55,2,[2 8],79,96,98,17,96
1,<environment.Job instance at 0x1510e41ac730>,59,2,[10  1],84,98,100,14,98
1,<environment.Job instance at 0x1510e41ac640>,61,1,[5 2],87,100,101,13,98
1,<environment.Job instance at 0x1510e41ac2d0>,62,1,[2 5],88,100,101,12,98
1,<environment.Job instance at 0x1510e41acdc0>,63,2,[ 1 10],90,101,103,11,98
1,<environment.Job instance at 0x1510e41ab2d0>,64,3,[2 5],91,103,106,12,98
1,<environment.Job instance at 0x1510e41abeb0>,65,12,[6 1],92,103,115,11,98
1,<environment.Job instance at 0x1510e41abbe0>,66,2,[5 2],93,115,117,22,98
1,<environment.Job instance at 0x1510e41abaf0>,68,2,[7 1],97,117,119,20,98
1,<environment.Job instance at 0x1510d4b9e370>,70,3,[10  2],99,119,122,20,99
1,<environment.Job instance at 0x1510d4b9ef50>,71,2,[5 2],100,115,117,15,100
1,<environment.Job instance at 0x1510d4b9ecd0>,73,3,[1 7],103,106,109,3,103
1,<environment.Job instance at 0x1510e41ac320>,57,1,[2 9],82,109,110,27,105
1,<environment.Job instance at 0x1510d4b9ea00>,74,19,[2 9],106,122,141,16,112
1,<environment.Job instance at 0x1510d4b477d0>,78,2,[1 5],110,113,115,3,113
1,<environment.Job instance at 0x1510d4b47280>,79,1,[1 7],111,117,118,6,113
1,<environment.Job instance at 0x1510d4b278c0>,81,2,[1 5],113,141,143,28,114
1,<environment.Job instance at 0x1510d4b270a0>,82,1,[1 9],115,118,119,3,115
1,<environment.Job instance at 0x1510d4b27fa0>,83,1,[2 5],116,141,142,25,116
1,<environment.Job instance at 0x1510d4b27190>,84,15,[7 1],117,122,137,5,117
1,<environment.Job instance at 0x1510d4b27140>,85,1,[2 6],118,143,144,25,118
1,<environment.Job instance at 0x1510d4b43050>,87,1,[2 6],121,144,145,23,121
1,<environment.Job instance at 0x1510d4b5a190>,90,14,[1 6],125,145,159,20,130
1,<environment.Job instance at 0x1510d4b5a6e0>,91,17,[9 1],126,145,162,19,133
1,<environment.Job instance at 0x1510d4b5a690>,92,3,[5 1],127,137,140,10,133
1,<environment.Job instance at 0x1510d4b5a870>,93,1,[10  1],128,162,163,34,134
1,<environment.Job instance at 0x1510d4b5a370>,94,1,[1 8],129,159,160,30,134
1,<environment.Job instance at 0x1510d4b5afa0>,96,2,[2 6],131,163,165,32,138
1,<environment.Job instance at 0x1510e41acaf0>,48,16,[2 8],69,209,225,140,209
1,<environment.Job instance at 0x1510d4a66320>,0,13,[5 1],1,1,14,0,1
1,<environment.Job instance at 0x1510d4a66fa0>,3,1,[2 5],4,4,5,0,4
1,<environment.Job instance at 0x1510d4a66d20>,5,2,[7 1],6,14,16,8,6
1,<environment.Job instance at 0x1510d4abce10>,10,2,[10  2],12,16,18,4,12
1,<environment.Job instance at 0x1510d4a66f00>,6,3,[7 1],7,18,21,11,13
1,<environment.Job instance at 0x1510d4abc730>,11,3,[7 1],16,21,24,5,17
1,<environment.Job instance at 0x1510d4adb460>,16,23,[1 6],21,22,45,1,22
1,<environment.Job instance at 0x1510d4abcaf0>,12,3,[2 8],17,45,48,28,27
1,<environment.Job instance at 0x1510d4adb190>,18,3,[10  1],27,48,51,21,28
1,<environment.Job instance at 0x1510d4adba50>,21,2,[7 1],32,32,34,0,32
1,<environment.Job instance at 0x1510d4ac0a50>,24,2,[5 1],37,37,39,0,37
1,<environment.Job instance at 0x1510d4ac0730>,28,13,[7 2],42,51,64,9,42
1,<environment.Job instance at 0x1510d4adb8c0>,20,3,[8 1],30,43,46,13,43
1,<environment.Job instance at 0x1510d4ac0960>,30,3,[2 6],46,51,54,5,47
1,<environment.Job instance at 0x1510d4ac0e60>,31,18,[1 5],47,54,72,7,48
1,<environment.Job instance at 0x1510d4a43960>,37,26,[2 8],58,72,98,14,70
1,<environment.Job instance at 0x1510d4a43820>,45,3,[10  2],74,98,101,24,76
1,<environment.Job instance at 0x1510d4b25e10>,46,3,[5 1],78,78,81,0,78
1,<environment.Job instance at 0x1510d4b25af0>,47,1,[2 8],79,101,102,22,79
1,<environment.Job instance at 0x1510d4b25640>,49,2,[6 2],81,81,83,0,81
1,<environment.Job instance at 0x1510e40b65a0>,52,2,[5 2],84,84,86,0,84
1,<environment.Job instance at 0x1510e40b6cd0>,53,27,[1 7],85,102,129,17,100
1,<environment.Job instance at 0x1510e40b6320>,56,2,[6 1],89,101,103,12,100
1,<environment.Job instance at 0x1510e40b6a00>,57,2,[ 1 10],90,129,131,39,102
1,<environment.Job instance at 0x1510e40b6410>,58,3,[9 2],92,103,106,11,102
1,<environment.Job instance at 0x1510e40b6f50>,60,17,[1 9],94,131,148,37,119
1,<environment.Job instance at 0x1510e40b6370>,61,3,[9 2],95,119,122,24,119
1,<environment.Job instance at 0x1510d4aaab90>,66,2,[1 8],107,148,150,41,129
1,<environment.Job instance at 0x1510d4aaa6e0>,67,1,[10  2],108,150,151,42,129
1,<environment.Job instance at 0x1510d4aaa780>,68,3,[2 8],109,151,154,42,129
1,<environment.Job instance at 0x1510d4aaa690>,69,15,[2 7],110,154,169,44,140
1,<environment.Job instance at 0x1510d49fab90>,76,2,[7 2],125,170,172,45,170
1,<environment.Job instance at 0x1510d49fab40>,77,12,[7 1],126,172,184,46,170
1,<environment.Job instance at 0x1510d49fa960>,79,3,[9 2],128,184,187,56,170
1,<environment.Job instance at 0x1510d49fa780>,81,16,[ 1 10],132,187,203,55,174
1,<environment.Job instance at 0x1510d49fa460>,82,3,[2 5],134,174,177,40,174
1,<environment.Job instance at 0x1510d45a6f50>,3,12,[2 8],5,5,17,0,5
1,<environment.Job instance at 0x1510d45a60a0>,4,3,[ 1 10],6,17,20,11,6
1,<environment.Job instance at 0x1510d45a6820>,5,3,[1 5],7,20,23,13,7
1,<environment.Job instance at 0x1510e82fbaa0>,2,1,[7 1],4,9,10,5,9
1,<environment.Job instance at 0x1510d45a6230>,6,3,[2 7],8,23,26,15,10
1,<environment.Job instance at 0x1510d45a6b40>,9,2,[5 1],11,11,13,0,11
1,<environment.Job instance at 0x1510d45a94b0>,13,3,[7 2],19,20,23,1,19
1,<environment.Job instance at 0x1510d45a9280>,11,1,[1 9],17,26,27,9,21
1,<environment.Job instance at 0x1510d45a9fa0>,15,12,[2 6],23,27,39,4,24
1,<environment.Job instance at 0x1510d45a9370>,16,1,[9 1],25,26,27,1,25
1,<environment.Job instance at 0x1510d45b6190>,20,16,[1 6],31,39,55,8,31
1,<environment.Job instance at 0x1510d45b67d0>,21,2,[10  2],33,55,57,22,33
1,<environment.Job instance at 0x1510d45b6f50>,23,14,[9 2],36,39,53,3,38
1,<environment.Job instance at 0x1510d45b6a50>,26,16,[1 9],39,57,73,18,44
1,<environment.Job instance at 0x1510d45be2d0>,31,2,[1 8],45,73,75,28,49
1,<environment.Job instance at 0x1510d45be6e0>,32,12,[1 7],47,75,87,28,58
1,<environment.Job instance at 0x1510d45b6eb0>,19,16,[8 1],30,66,82,36,66
1,<environment.Job instance at 0x1510d45bea00>,37,2,[6 2],53,82,84,29,66
1,<environment.Job instance at 0x1510d45ad960>,40,12,[ 1 10],57,87,99,30,71
1,<environment.Job instance at 0x1510d45ada50>,42,1,[1 6],60,99,100,39,71
1,<environment.Job instance at 0x1510d45ad8c0>,43,3,[8 2],61,84,87,23,71
1,<environment.Job instance at 0x1510d45ada00>,44,1,[1 7],62,100,101,38,72
1,<environment.Job instance at 0x1510d45ad0a0>,45,1,[6 2],63,99,100,36,72
1,<environment.Job instance at 0x1510d45ad410>,48,3,[7 1],66,100,103,34,84
1,<environment.Job instance at 0x1510d45ad140>,49,14,[8 2],67,103,117,36,88
1,<environment.Job instance at 0x1510d45b15a0>,53,13,[2 8],73,101,114,28,91
1,<environment.Job instance at 0x1510d45b1870>,54,1,[8 1],74,117,118,43,91
1,<environment.Job instance at 0x1510d45b10a0>,56,1,[10  1],78,118,119,40,91
1,<environment.Job instance at 0x1510d45b1d20>,57,1,[5 2],79,119,120,40,92
1,<environment.Job instance at 0x1510d45b1910>,58,17,[10  1],80,120,137,40,108
1,<environment.Job instance at 0x1510d45b1140>,60,1,[10  2],83,137,138,54,109
1,<environment.Job instance at 0x1510d45bad70>,64,3,[2 7],88,138,141,50,125
1,<environment.Job instance at 0x1510d45bab90>,65,15,[7 2],89,138,153,49,125
1,<environment.Job instance at 0x1510d45ba550>,66,15,[6 1],90,153,168,63,139
1,<environment.Job instance at 0x1510d45ba230>,68,2,[1 5],92,141,143,49,139
1,<environment.Job instance at 0x1510d45baa00>,69,16,[1 8],93,143,159,50,139
1,<environment.Job instance at 0x1510d45c1690>,71,1,[9 1],96,168,169,72,140
1,<environment.Job instance at 0x1510d45c15f0>,72,17,[2 5],97,169,186,72,157
1,<environment.Job instance at 0x1510d45c1c80>,75,2,[5 2],101,169,171,68,159
1,<environment.Job instance at 0x1510d45c1640>,76,2,[5 1],102,171,173,69,159
1,<environment.Job instance at 0x1510d45c1910>,80,1,[5 1],108,173,174,65,161
1,<environment.Job instance at 0x1510d45c1d70>,82,3,[2 6],111,161,164,50,161
1,<environment.Job instance at 0x1510d45c5b40>,84,13,[6 1],114,174,187,60,161
1,<environment.Job instance at 0x1510d45c5730>,85,2,[7 2],115,187,189,72,161
1,<environment.Job instance at 0x1510d45c50f0>,89,13,[2 6],119,186,199,67,170
1,<environment.Job instance at 0x1510e5e77b90>,95,16,[6 1],127,189,205,62,182
1,<environment.Job instance at 0x1510d455ddc0>,96,1,[8 2],128,205,206,77,182
1,<environment.Job instance at 0x1510d455d820>,98,1,[7 1],130,206,207,76,182
1,<environment.Job instance at 0x1510ed356550>,99,1,[1 8],131,199,200,68,182
1,<environment.Job instance at 0x1510ed464cd0>,100,2,[6 2],132,207,209,75,182
1,<environment.Job instance at 0x1510d455d2d0>,102,1,[6 2],135,209,210,74,193
1,<environment.Job instance at 0x1510ed344460>,103,3,[8 2],136,210,213,74,193
1,<environment.Job instance at 0x1510d44f50a0>,105,13,[10  1],139,213,226,74,198
1,<environment.Job instance at 0x1510d45b16e0>,59,25,[9 1],81,226,251,145,225
1,<environment.Job instance at 0x1510ef2a82d0>,3,3,[6 1],4,5,8,1,5
1,<environment.Job instance at 0x1510e81f2e60>,2,3,[10  1],3,8,11,5,6
1,<environment.Job instance at 0x1510ef2a8190>,6,1,[5 1],7,11,12,4,9
1,<environment.Job instance at 0x1510eaac90f0>,11,2,[2 5],12,12,14,0,12
1,<environment.Job instance at 0x1510ed2f4eb0>,15,3,[10  2],17,18,21,1,18
1,<environment.Job instance at 0x1510d485ecd0>,21,18,[6 1],25,25,43,0,25
1,<environment.Job instance at 0x1510e41410f0>,22,15,[2 9],26,26,41,0,26
1,<environment.Job instance at 0x1510e4141190>,23,2,[10  1],27,43,45,16,27
1,<environment.Job instance at 0x1510e4141d20>,24,22,[2 6],29,45,67,16,38
1,<environment.Job instance at 0x1510e4141820>,27,1,[6 1],32,45,46,13,38
1,<environment.Job instance at 0x1510e4141fa0>,28,2,[9 1],34,67,69,33,40
1,<environment.Job instance at 0x1510e5eb4c30>,31,1,[5 1],39,46,47,7,40
1,<environment.Job instance at 0x1510eca3e7d0>,32,2,[7 2],40,47,49,7,40
1,<environment.Job instance at 0x1510e41415f0>,26,16,[6 2],31,49,65,18,45
1,<environment.Job instance at 0x1510ed2f48c0>,17,17,[1 7],20,67,84,47,61
1,<environment.Job instance at 0x1510e78f3320>,50,2,[10  2],67,85,87,18,85
1,<environment.Job instance at 0x1510d4073e10>,52,1,[7 2],72,87,88,15,87
1,<environment.Job instance at 0x1510d46761e0>,63,22,[2 5],89,106,128,17,106
1,<environment.Job instance at 0x1510d4676780>,67,13,[7 2],94,110,123,16,110
1,<environment.Job instance at 0x1510d46a3c30>,72,2,[7 1],101,130,132,29,130
1,<environment.Job instance at 0x1510d46a3e60>,74,2,[10  2],103,132,134,29,132
1,<environment.Job instance at 0x1510d466bd20>,76,3,[9 2],105,134,137,29,133
1,<environment.Job instance at 0x1510d466b6e0>,79,2,[2 7],109,137,139,28,134
1,<environment.Job instance at 0x1510d467ce60>,82,17,[1 8],118,147,164,29,147
1,<environment.Job instance at 0x1510d467cd20>,88,3,[2 8],128,185,188,57,185
1,<environment.Job instance at 0x1510d469f280>,89,1,[1 8],130,188,189,58,186
1,<environment.Job instance at 0x1510e41a4780>,92,15,[10  1],133,190,205,57,190
1,<environment.Job instance at 0x1510e4187780>,93,28,[5 2],134,205,233,71,204
1,<environment.Job instance at 0x1510e4187a00>,95,2,[ 1 10],136,233,235,97,209
1,<environment.Job instance at 0x1510d4199780>,98,2,[2 6],139,210,212,71,210
1,<environment.Job instance at 0x1510d40ecaa0>,1,12,[6 2],3,5,17,2,5
1,<environment.Job instance at 0x1510d4199780>,5,14,[7 1],8,17,31,9,8
1,<environment.Job instance at 0x1510d40ecd20>,4,3,[9 1],7,31,34,24,13
1,<environment.Job instance at 0x1510e8536500>,11,3,[5 2],14,34,37,20,14
1,<environment.Job instance at 0x1510e8536730>,13,2,[8 2],16,37,39,21,17
1,<environment.Job instance at 0x1510e8536a50>,16,26,[1 6],21,21,47,0,21
1,<environment.Job instance at 0x1510e8536be0>,14,1,[9 2],17,39,40,22,25
1,<environment.Job instance at 0x1510d40ee5f0>,25,2,[10  1],34,47,49,13,39
1,<environment.Job instance at 0x1510d40ee870>,28,3,[1 6],37,49,52,12,39
1,<environment.Job instance at 0x1510d40eebe0>,19,23,[9 1],26,50,73,24,50
1,<environment.Job instance at 0x1510e81bc0a0>,32,3,[9 1],46,73,76,27,50
1,<environment.Job instance at 0x1510e81bc140>,35,1,[2 6],50,76,77,26,50
1,<environment.Job instance at 0x1510e8557140>,36,2,[9 2],53,77,79,24,53
1,<environment.Job instance at 0x1510d4acb960>,37,1,[ 2 10],57,79,80,22,57
1,<environment.Job instance at 0x1510d4ab7320>,41,1,[8 1],63,179,180,116,179
1,<environment.Job instance at 0x1510d4aa9550>,56,1,[ 2 10],86,200,201,114,200
1,<environment.Job instance at 0x1510e4145190>,76,2,[10  2],113,306,308,193,306
1,<environment.Job instance at 0x1510d415d500>,78,2,[8 2],115,308,310,193,307
1,<environment.Job instance at 0x1510d41810f0>,80,3,[8 1],118,310,313,192,308
1,<environment.Job instance at 0x1510e78efeb0>,70,2,[5 2],105,316,318,211,316
1,<environment.Job instance at 0x1510d408a140>,81,15,[6 1],122,325,340,203,325
1,<environment.Job instance at 0x1510d408ae10>,84,3,[2 6],127,327,330,200,327
1,<environment.Job instance at 0x1510d408a6e0>,90,2,[2 8],135,338,340,203,338
1,<environment.Job instance at 0x1510d43d0280>,3,1,[9 1],4,5,6,1,5
1,<environment.Job instance at 0x1510d4acbe10>,2,27,[1 9],3,15,42,12,15
1,<environment.Job instance at 0x1510d43d00f0>,12,1,[2 6],19,42,43,23,19
1,<environment.Job instance at 0x1510d43bf460>,14,3,[8 2],23,42,45,19,25
1,<environment.Job instance at 0x1510d43bf690>,16,3,[2 8],25,43,46,18,26
1,<environment.Job instance at 0x1510d43bf8c0>,19,1,[1 7],30,46,47,16,31
1,<environment.Job instance at 0x1510d43bf280>,18,28,[1 6],27,47,75,20,46
1,<environment.Job instance at 0x1510d485e0f0>,27,1,[2 7],40,75,76,35,47
1,<environment.Job instance at 0x1510d408be60>,36,15,[6 1],53,95,110,42,95
1,<environment.Job instance at 0x1510d408b0a0>,38,1,[2 8],55,100,101,45,100
1,<environment.Job instance at 0x1510eeae32d0>,41,1,[1 8],60,105,106,45,105
1,<environment.Job instance at 0x1510d408b780>,37,1,[9 2],54,110,111,56,107
1,<environment.Job instance at 0x1510ed3fd370>,48,2,[6 2],69,111,113,42,107
1,<environment.Job instance at 0x1510d408b140>,39,1,[5 1],56,113,114,57,107
1,<environment.Job instance at 0x1510ed3fddc0>,50,3,[2 9],71,107,110,36,107
1,<environment.Job instance at 0x1510ed3fd0f0>,52,1,[10  1],73,114,115,41,107
1,<environment.Job instance at 0x1510ed3fdd20>,53,17,[5 1],74,115,132,41,109
1,<environment.Job instance at 0x1510ed3fd9b0>,55,3,[9 2],76,132,135,56,109
1,<environment.Job instance at 0x1510ed3fdcd0>,56,2,[1 8],77,110,112,33,109
1,<environment.Job instance at 0x1510ed3fdbe0>,61,21,[9 2],82,135,156,53,129
1,<environment.Job instance at 0x1510ed3fdc80>,60,27,[6 1],81,156,183,75,154
1,<environment.Job instance at 0x1510e59b0a50>,83,2,[9 1],112,216,218,104,216
1,<environment.Job instance at 0x1510ed433f00>,85,17,[5 2],114,219,236,105,219
1,<environment.Job instance at 0x1510e41a4d70>,87,1,[ 1 10],117,236,237,119,219
1,<environment.Job instance at 0x1510d4676190>,0,16,[7 1],1,2,18,1,2
1,<environment.Job instance at 0x1510d4676fa0>,2,14,[1 8],3,4,18,1,4
1,<environment.Job instance at 0x1510e82e5050>,4,2,[7 2],5,18,20,13,5
1,<environment.Job instance at 0x1510d482e370>,8,3,[6 1],9,20,23,11,9
1,<environment.Job instance at 0x1510d44395a0>,13,2,[2 5],19,20,22,1,20
1,<environment.Job instance at 0x1510d4439f00>,11,17,[8 1],17,23,40,6,20
1,<environment.Job instance at 0x1510d4439730>,14,3,[9 1],20,40,43,20,20
1,<environment.Job instance at 0x1510e781e050>,18,2,[1 7],24,26,28,2,26
1,<environment.Job instance at 0x1510e781e640>,19,1,[6 2],27,43,44,16,30
1,<environment.Job instance at 0x1510ed2d5730>,23,2,[8 2],32,44,46,12,32
1,<environment.Job instance at 0x1510e781edc0>,22,3,[2 7],30,32,35,2,32
1,<environment.Job instance at 0x1510d46732d0>,24,14,[2 9],37,46,60,9,37
1,<environment.Job instance at 0x1510e78914b0>,25,1,[5 2],39,60,61,21,39
1,<environment.Job instance at 0x1510e78913c0>,28,1,[2 8],43,43,44,0,43
1,<environment.Job instance at 0x1510e7891370>,27,1,[7 2],42,61,62,19,44
1,<environment.Job instance at 0x1510e78910a0>,35,17,[1 5],52,60,77,8,52
1,<environment.Job instance at 0x1510e78912d0>,36,3,[8 1],54,54,57,0,54
1,<environment.Job instance at 0x1510e7891c80>,37,1,[1 8],55,77,78,22,55
1,<environment.Job instance at 0x1510e78130f0>,41,3,[7 2],63,63,66,0,63
1,<environment.Job instance at 0x1510e7813280>,48,15,[ 2 10],74,78,93,4,76
1,<environment.Job instance at 0x1510e7813f00>,49,1,[1 9],75,157,158,82,157
1,<environment.Job instance at 0x1510ed356870>,67,1,[9 1],101,227,228,126,227
1,<environment.Job instance at 0x1510e82fa910>,84,15,[6 1],123,292,307,169,292
1,<environment.Job instance at 0x1510e40320f0>,86,2,[1 5],126,294,296,168,294
1,<environment.Job instance at 0x1510e7664b90>,0,14,[5 2],4,4,18,0,4
1,<environment.Job instance at 0x1510d419b5f0>,5,21,[10  2],12,18,39,6,13
1,<environment.Job instance at 0x1510d419b5a0>,7,3,[1 7],15,15,18,0,15
1,<environment.Job instance at 0x1510d43f1050>,9,13,[1 5],21,39,52,18,23
1,<environment.Job instance at 0x1510d43f1140>,13,3,[2 9],26,52,55,26,27
1,<environment.Job instance at 0x1510d43f13c0>,12,1,[10  2],25,55,56,30,34
1,<environment.Job instance at 0x1510d4249cd0>,16,1,[9 1],30,48,49,18,48
1,<environment.Job instance at 0x1510d440bcd0>,27,2,[2 8],50,56,58,6,50
1,<environment.Job instance at 0x1510d440be60>,25,2,[1 6],46,58,60,12,51
1,<environment.Job instance at 0x1510d4b8a550>,29,2,[2 6],54,60,62,6,54
1,<environment.Job instance at 0x1510ee2c2cd0>,39,3,[1 7],67,67,70,0,67
1,<environment.Job instance at 0x1510e4042370>,60,18,[10  2],99,139,157,40,139
1,<environment.Job instance at 0x1510d4b595a0>,78,16,[1 7],123,157,173,34,153
1,<environment.Job instance at 0x1510e7680140>,79,17,[5 2],125,157,174,32,153
1,<environment.Job instance at 0x1510e7680870>,80,3,[10  1],127,174,177,47,153
1,<environment.Job instance at 0x1510e76804b0>,81,1,[9 2],128,177,178,49,153
1,<environment.Job instance at 0x1510e406c320>,87,1,[1 5],135,173,174,38,155
1,<environment.Job instance at 0x1510e4063820>,89,2,[1 7],139,177,179,38,155
1,<environment.Job instance at 0x1510e81edc80>,3,2,[6 1],4,8,10,4,8
1,<environment.Job instance at 0x1510d44917d0>,9,1,[1 6],11,12,13,1,12
1,<environment.Job instance at 0x1510d4491a50>,11,16,[1 5],13,13,29,0,13
1,<environment.Job instance at 0x1510d4491aa0>,12,3,[2 5],14,16,19,2,16
1,<environment.Job instance at 0x1510d4491f50>,13,3,[2 8],16,29,32,13,19
1,<environment.Job instance at 0x1510ed397960>,17,3,[1 9],21,32,35,11,21
1,<environment.Job instance at 0x1510ed397b90>,18,15,[9 1],22,32,47,10,22
1,<environment.Job instance at 0x1510ed397c80>,22,2,[1 7],26,35,37,9,26
1,<environment.Job instance at 0x1510ed397eb0>,25,1,[2 7],30,47,48,17,34
1,<environment.Job instance at 0x1510ed3975a0>,20,13,[8 1],24,47,60,23,35
1,<environment.Job instance at 0x1510e78cd960>,30,3,[1 8],37,38,41,1,38
1,<environment.Job instance at 0x1510e78cd1e0>,29,1,[2 5],35,48,49,13,38
1,<environment.Job instance at 0x1510e78cd780>,33,15,[10  1],43,60,75,17,46
1,<environment.Job instance at 0x1510e78cd320>,34,3,[1 8],45,51,54,6,51
1,<environment.Job instance at 0x1510d4453d20>,41,2,[8 1],52,75,77,23,53
1,<environment.Job instance at 0x1510d4453550>,44,3,[ 2 10],57,77,80,20,57
1,<environment.Job instance at 0x1510e78f6f00>,50,15,[5 1],66,88,103,22,88
1,<environment.Job instance at 0x1510d465f730>,53,18,[8 2],69,103,121,34,96
1,<environment.Job instance at 0x1510ed432e60>,62,3,[1 5],80,133,136,53,133
1,<environment.Job instance at 0x1510e6196b40>,65,15,[1 5],83,167,182,84,167
1,<environment.Job instance at 0x1510ed432690>,63,2,[2 8],81,182,184,101,169
1,<environment.Job instance at 0x1510e7782910>,68,16,[2 8],88,184,200,96,179
1,<environment.Job instance at 0x1510e7877500>,69,2,[9 1],89,200,202,111,190
1,<environment.Job instance at 0x1510d472c230>,77,3,[10  1],99,212,215,113,212
1,<environment.Job instance at 0x1510e76639b0>,78,1,[6 1],100,215,216,115,215
1,<environment.Job instance at 0x1510e78e4230>,80,1,[2 7],102,291,292,189,291
1,<environment.Job instance at 0x1510e78e4f50>,81,3,[7 1],103,294,297,191,294
1,<environment.Job instance at 0x1510e82b9b90>,82,1,[8 2],104,299,300,195,299
1,<environment.Job instance at 0x1510e77520f0>,84,15,[1 8],107,313,328,206,313
1,<environment.Job instance at 0x1510eca61a50>,86,13,[6 1],109,319,332,210,319
1,<environment.Job instance at 0x1510d43d0b40>,88,14,[6 1],113,332,346,219,325
1,<environment.Job instance at 0x1510d43d0a50>,92,1,[8 1],119,346,347,227,340
1,<environment.Job instance at 0x1510d44b4e10>,97,17,[5 2],130,403,420,273,403
1,<environment.Job instance at 0x1510d4124050>,3,2,[10  1],6,6,8,0,6
1,<environment.Job instance at 0x1510d41245a0>,4,16,[10  2],7,8,24,1,7
1,<environment.Job instance at 0x1510d4124280>,2,2,[10  1],5,24,26,19,10
1,<environment.Job instance at 0x1510d4124370>,7,1,[2 9],10,26,27,16,10
1,<environment.Job instance at 0x1510d41248c0>,6,1,[1 7],9,27,28,18,15
1,<environment.Job instance at 0x1510d4124aa0>,8,3,[2 9],12,28,31,16,15
1,<environment.Job instance at 0x1510e79329b0>,12,3,[10  2],18,31,34,13,18
1,<environment.Job instance at 0x1510d433a690>,14,2,[7 1],20,26,28,6,21
1,<environment.Job instance at 0x1510ef585820>,16,1,[1 7],22,34,35,12,25
1,<environment.Job instance at 0x1510d47c3050>,19,3,[9 2],26,34,37,8,26
1,<environment.Job instance at 0x1510d47c3fa0>,20,3,[10  2],28,37,40,9,28
1,<environment.Job instance at 0x1510e5e9aaa0>,21,3,[ 1 10],29,40,43,11,29
1,<environment.Job instance at 0x1510e81fc140>,23,3,[ 2 10],32,43,46,11,32
1,<environment.Job instance at 0x1510d4a1e230>,24,2,[2 8],33,46,48,13,34
1,<environment.Job instance at 0x1510d40ec4b0>,26,3,[2 8],37,48,51,11,37
1,<environment.Job instance at 0x1510ef583500>,27,3,[9 1],38,51,54,13,38
1,<environment.Job instance at 0x1510eed41280>,28,3,[2 9],40,54,57,14,40
1,<environment.Job instance at 0x1510eca5d820>,29,2,[10  2],41,57,59,16,41
1,<environment.Job instance at 0x1510eca5d8c0>,30,2,[ 1 10],42,59,61,17,42
1,<environment.Job instance at 0x1510eca5db90>,31,3,[ 1 10],44,61,64,17,44
1,<environment.Job instance at 0x1510d4722960>,32,1,[9 2],45,64,65,19,46
1,<environment.Job instance at 0x1510d41098c0>,40,2,[5 1],57,65,67,8,60
1,<environment.Job instance at 0x1510d41090f0>,42,1,[10  1],59,67,68,8,60
1,<environment.Job instance at 0x1510ef586a50>,43,15,[7 1],60,68,83,8,60
1,<environment.Job instance at 0x1510eead90a0>,44,3,[ 2 10],61,83,86,22,61
1,<environment.Job instance at 0x1510e772bf50>,46,1,[9 2],64,86,87,22,66
1,<environment.Job instance at 0x1510d45433c0>,47,3,[2 9],65,68,71,3,66
1,<environment.Job instance at 0x1510e772b6e0>,48,3,[2 5],66,71,74,5,66
1,<environment.Job instance at 0x1510e8e63a00>,49,3,[1 7],67,74,77,7,67
1,<environment.Job instance at 0x1510e8e63910>,50,2,[2 6],68,77,79,9,68
1,<environment.Job instance at 0x1510ed433190>,52,12,[ 1 10],70,87,99,17,70
1,<environment.Job instance at 0x1510ed433aa0>,53,2,[1 5],71,79,81,8,71
1,<environment.Job instance at 0x1510ef32a730>,57,1,[10  2],77,99,100,22,77
1,<environment.Job instance at 0x1510ee2c2c30>,58,1,[6 1],79,100,101,21,79
1,<environment.Job instance at 0x1510d46feeb0>,59,13,[1 6],80,100,113,20,84
1,<environment.Job instance at 0x1510d4515320>,63,3,[1 6],84,113,116,29,87
1,<environment.Job instance at 0x1510d47b6460>,64,2,[1 9],87,116,118,29,89
1,<environment.Job instance at 0x1510d4813be0>,66,12,[5 1],89,101,113,12,89
1,<environment.Job instance at 0x1510e764cb90>,68,3,[2 6],92,118,121,26,98
1,<environment.Job instance at 0x1510ec972050>,69,17,[6 1],95,113,130,18,101
1,<environment.Job instance at 0x1510d4073d70>,70,3,[2 8],96,121,124,25,101
1,<environment.Job instance at 0x1510d4073f00>,71,2,[9 1],98,130,132,32,103
1,<environment.Job instance at 0x1510e85c4370>,73,1,[1 9],100,124,125,24,113
1,<environment.Job instance at 0x1510e77a30a0>,77,3,[2 9],104,125,128,21,117
1,<environment.Job instance at 0x1510e4177c30>,80,1,[7 2],108,132,133,24,117
1,<environment.Job instance at 0x1510e4177690>,81,25,[1 7],109,128,153,19,126
1,<environment.Job instance at 0x1510e4177960>,82,1,[ 2 10],110,153,154,43,126
1,<environment.Job instance at 0x1510d4ac0a00>,83,2,[2 5],111,154,156,43,127
1,<environment.Job instance at 0x1510d4ac0b40>,84,15,[7 2],112,133,148,21,127
1,<environment.Job instance at 0x1510ed406f00>,86,1,[1 8],116,156,157,40,128
1,<environment.Job instance at 0x1510ed406eb0>,89,2,[1 6],119,157,159,38,142
1,<environment.Job instance at 0x1510d45c7690>,102,1,[10  1],139,215,216,76,215
1,<environment.Job instance at 0x1510e77146e0>,1,1,[5 2],2,2,3,0,2
1,<environment.Job instance at 0x1510d4a1a140>,4,17,[1 5],6,6,23,0,6
1,<environment.Job instance at 0x1510e77b7500>,6,1,[1 5],8,10,11,2,10
1,<environment.Job instance at 0x1510d43599b0>,10,2,[ 1 10],12,23,25,11,12
1,<environment.Job instance at 0x1510d4359e10>,5,2,[5 2],7,13,15,6,13
1,<environment.Job instance at 0x1510d43590f0>,9,1,[10  1],11,25,26,14,14
1,<environment.Job instance at 0x1510e8237550>,12,3,[2 5],14,15,18,1,15
1,<environment.Job instance at 0x1510e41ca7d0>,14,2,[7 1],16,18,20,2,16
1,<environment.Job instance at 0x1510e41af0f0>,15,15,[2 7],17,26,41,9,17
1,<environment.Job instance at 0x1510d49f7690>,16,1,[2 5],18,41,42,23,25
1,<environment.Job instance at 0x1510e8238690>,22,2,[8 2],28,31,33,3,31
1,<environment.Job instance at 0x1510e8237aa0>,13,18,[10  1],15,42,60,27,33
1,<environment.Job instance at 0x1510e85fc960>,32,2,[2 7],40,60,62,20,40
1,<environment.Job instance at 0x1510e7838fa0>,34,1,[1 9],42,62,63,20,44
1,<environment.Job instance at 0x1510e85fcf50>,33,14,[ 2 10],41,63,77,22,48
1,<environment.Job instance at 0x1510e86100f0>,38,3,[2 6],48,77,80,29,52
1,<environment.Job instance at 0x1510e85ef5f0>,42,2,[8 1],53,87,89,34,87
1,<environment.Job instance at 0x1510d4103370>,50,23,[1 5],64,98,121,34,98
1,<environment.Job instance at 0x1510d4103e10>,53,1,[8 2],67,110,111,43,110
1,<environment.Job instance at 0x1510e7947fa0>,54,2,[7 1],68,111,113,43,111
1,<environment.Job instance at 0x1510e8229d70>,57,3,[7 1],71,117,120,46,117
1,<environment.Job instance at 0x1510d488af00>,59,2,[10  1],74,121,123,47,118
1,<environment.Job instance at 0x1510d4aa8500>,71,2,[6 2],92,143,145,51,143
1,<environment.Job instance at 0x1510d4aa8410>,73,2,[5 2],95,145,147,50,143
1,<environment.Job instance at 0x1510d487b730>,75,2,[8 1],97,147,149,50,143
1,<environment.Job instance at 0x1510d487b140>,77,3,[10  2],99,149,152,50,143
1,<environment.Job instance at 0x1510d487b500>,78,18,[2 5],100,152,170,52,143
1,<environment.Job instance at 0x1510d487b7d0>,79,3,[2 7],101,143,146,42,143
1,<environment.Job instance at 0x1510d487b2d0>,82,16,[1 9],104,186,202,82,186
1,<environment.Job instance at 0x1510e85344b0>,101,14,[1 7],129,433,447,304,433
1,<environment.Job instance at 0x1510e85343c0>,104,2,[1 5],134,447,449,313,433
1,<environment.Job instance at 0x1510e8534370>,106,1,[9 1],138,434,435,296,434
1,<environment.Job instance at 0x1510d4aa8af0>,61,14,[9 2],79,435,449,356,435
1,<environment.Job instance at 0x1510d487b0a0>,1,17,[2 9],3,3,20,0,3
1,<environment.Job instance at 0x1510d4a5e6e0>,10,1,[2 5],14,20,21,6,17
1,<environment.Job instance at 0x1510d4a5e870>,8,3,[2 8],11,21,24,10,19
1,<environment.Job instance at 0x1510d4a5ee10>,16,12,[9 1],23,36,48,13,36
1,<environment.Job instance at 0x1510d4a5f460>,22,1,[2 8],36,48,49,12,41
1,<environment.Job instance at 0x1510d4a5fd70>,27,2,[7 2],44,49,51,5,49
1,<environment.Job instance at 0x1510d4a5f7d0>,23,2,[10  1],37,53,55,16,53
1,<environment.Job instance at 0x1510d4a5c5f0>,35,1,[5 2],57,65,66,8,65
1,<environment.Job instance at 0x1510d4a5c7d0>,36,1,[9 1],58,66,67,8,65
1,<environment.Job instance at 0x1510d4a5c910>,37,23,[9 1],60,67,90,7,65
1,<environment.Job instance at 0x1510d4a5ca50>,39,18,[1 7],62,65,83,3,65
1,<environment.Job instance at 0x1510d4a5caa0>,41,2,[1 5],64,83,85,19,65
1,<environment.Job instance at 0x1510d4a5cbe0>,42,1,[2 5],65,90,91,25,65
1,<environment.Job instance at 0x1510d4a33410>,43,12,[5 1],68,90,102,22,73
1,<environment.Job instance at 0x1510d4a335f0>,47,1,[6 2],73,102,103,29,76
1,<environment.Job instance at 0x1510d4a33e60>,52,13,[2 8],83,91,104,8,83
1,<environment.Job instance at 0x1510d4a33c30>,53,3,[1 9],84,85,88,1,84
1,<environment.Job instance at 0x1510d4a3a690>,57,18,[7 2],90,103,121,13,92
1,<environment.Job instance at 0x1510d4a3a960>,63,2,[6 2],97,121,123,24,120
1,<environment.Job instance at 0x1510d4a3abe0>,66,3,[6 2],100,126,129,26,126
1,<environment.Job instance at 0x1510d4a3ad20>,68,2,[1 8],103,130,132,27,130
1,<environment.Job instance at 0x1510d4a373c0>,75,2,[10  1],115,145,147,30,145
1,<environment.Job instance at 0x1510d4a375a0>,80,1,[5 1],123,147,148,24,145
1,<environment.Job instance at 0x1510d4a37c30>,82,3,[ 2 10],126,148,151,22,145
1,<environment.Job instance at 0x1510d4a37fa0>,84,2,[ 1 10],131,151,153,20,145
1,<environment.Job instance at 0x1510d4a3c280>,87,17,[ 1 10],135,153,170,18,149
1,<environment.Job instance at 0x1510e82699b0>,88,13,[ 1 10],137,170,183,33,168
1,<environment.Job instance at 0x1510d4409640>,1,1,[1 6],2,2,3,0,2
1,<environment.Job instance at 0x1510d4a3a820>,3,1,[8 2],5,6,7,1,6
1,<environment.Job instance at 0x1510ec9eb870>,4,2,[10  2],6,9,11,3,9
1,<environment.Job instance at 0x1510d4aab370>,21,3,[1 9],34,35,38,1,35
1,<environment.Job instance at 0x1510d4aaba50>,25,17,[6 2],45,67,84,22,67
1,<environment.Job instance at 0x1510ef2a8aa0>,35,3,[10  2],62,84,87,22,68
1,<environment.Job instance at 0x1510ef2a8960>,33,1,[6 1],54,87,88,33,69
1,<environment.Job instance at 0x1510e85892d0>,44,3,[1 5],80,80,83,0,80
1,<environment.Job instance at 0x1510e8589730>,45,1,[9 1],81,88,89,7,83
1,<environment.Job instance at 0x1510e77825a0>,40,13,[7 2],71,89,102,18,84
1,<environment.Job instance at 0x1510e8589af0>,47,2,[2 5],84,89,91,5,86
1,<environment.Job instance at 0x1510e8e46b90>,52,3,[2 9],90,102,105,12,90
1,<environment.Job instance at 0x1510e85890a0>,48,16,[5 2],85,105,121,20,92
1,<environment.Job instance at 0x1510d4a71c30>,59,1,[6 1],98,103,104,5,103
1,<environment.Job instance at 0x1510e78fea50>,62,1,[2 9],107,121,122,14,110
1,<environment.Job instance at 0x1510e8613960>,65,2,[2 9],111,122,124,11,111
1,<environment.Job instance at 0x1510ec959eb0>,69,1,[2 5],115,115,116,0,115
1,<environment.Job instance at 0x1510d489e9b0>,71,2,[10  1],117,124,126,7,117
1,<environment.Job instance at 0x1510e854b960>,72,2,[7 1],118,121,123,3,118
1,<environment.Job instance at 0x1510e4123640>,64,15,[1 5],110,126,141,16,119
1,<environment.Job instance at 0x1510d4413cd0>,77,14,[8 2],125,126,140,1,125
1,<environment.Job instance at 0x1510ed4320a0>,83,2,[5 1],137,140,142,3,138
1,<environment.Job instance at 0x1510d47a81e0>,0,17,[10  2],1,2,19,1,2
1,<environment.Job instance at 0x1510d47a8c80>,5,2,[7 1],9,19,21,10,11
1,<environment.Job instance at 0x1510d47a8460>,8,1,[1 5],12,19,20,7,13
1,<environment.Job instance at 0x1510d46fc370>,13,3,[1 9],17,20,23,3,19
1,<environment.Job instance at 0x1510d47a82d0>,10,3,[1 7],14,23,26,9,20
1,<environment.Job instance at 0x1510e76d8fa0>,21,3,[5 1],28,37,40,9,37
1,<environment.Job instance at 0x1510d4235c80>,35,15,[2 8],45,66,81,21,66
1,<environment.Job instance at 0x1510e618eb40>,44,1,[1 5],61,81,82,20,68
1,<environment.Job instance at 0x1510e618e050>,45,21,[6 2],62,68,89,6,68
1,<environment.Job instance at 0x1510e71cdb90>,46,16,[6 1],64,89,105,25,78
1,<environment.Job instance at 0x1510d44c0640>,48,2,[ 2 10],66,105,107,39,78
1,<environment.Job instance at 0x1510e5ef21e0>,50,1,[ 1 10],72,107,108,35,79
1,<environment.Job instance at 0x1510e5ef2140>,51,14,[2 7],73,82,96,9,79
1,<environment.Job instance at 0x1510e5ef2be0>,53,1,[ 1 10],75,108,109,33,81
1,<environment.Job instance at 0x1510e8524eb0>,58,27,[7 1],81,109,136,28,107
1,<environment.Job instance at 0x1510eaaf0dc0>,60,2,[6 2],83,136,138,53,115
1,<environment.Job instance at 0x1510e5ef2780>,56,14,[ 1 10],78,138,152,60,123
1,<environment.Job instance at 0x1510d4ba7fa0>,62,2,[2 6],86,127,129,41,127
1,<environment.Job instance at 0x1510d4ba7be0>,67,1,[8 1],95,152,153,57,133
1,<environment.Job instance at 0x1510ed396f00>,71,1,[2 7],103,133,134,30,133
1,<environment.Job instance at 0x1510e411bd20>,74,23,[1 9],106,152,175,46,146
1,<environment.Job instance at 0x1510eca1c730>,75,3,[1 8],108,175,178,67,149
1,<environment.Job instance at 0x1510eca1c460>,77,1,[8 2],114,175,176,61,149
1,<environment.Job instance at 0x1510eca1c7d0>,79,3,[ 2 10],119,178,181,59,152
1,<environment.Job instance at 0x1510e8236550>,82,3,[1 6],126,181,184,55,155
1,<environment.Job instance at 0x1510d4ab0e60>,84,1,[2 7],128,184,185,56,156
1,<environment.Job instance at 0x1510d4ab0d70>,86,3,[1 8],130,185,188,55,159
1,<environment.Job instance at 0x1510d4ab0320>,87,1,[10  2],131,188,189,57,160
1,<environment.Job instance at 0x1510e4197d70>,91,12,[8 1],137,189,201,52,175
1,<environment.Job instance at 0x1510e7985c80>,92,2,[6 2],138,176,178,38,175
1,<environment.Job instance at 0x1510ed3a20f0>,0,16,[ 2 10],3,3,19,0,3
1,<environment.Job instance at 0x1510d48b3be0>,2,2,[2 6],5,19,21,14,5
1,<environment.Job instance at 0x1510d462a690>,1,13,[8 1],4,19,32,15,5
1,<environment.Job instance at 0x1510e419aa00>,5,1,[2 6],10,21,22,11,13
1,<environment.Job instance at 0x1510e419ad20>,10,2,[7 2],17,32,34,15,17
1,<environment.Job instance at 0x1510e417f2d0>,12,2,[1 7],19,22,24,3,20
1,<environment.Job instance at 0x1510e417f500>,16,1,[1 5],25,25,26,0,25
1,<environment.Job instance at 0x1510e417fb40>,21,13,[6 2],31,105,118,74,105
1,<environment.Job instance at 0x1510e419ed20>,44,3,[1 7],64,169,172,105,169
1,<environment.Job instance at 0x1510e419ea00>,48,13,[6 1],68,174,187,106,174
1,<environment.Job instance at 0x1510e82ba8c0>,62,2,[ 2 10],92,194,196,102,194
1,<environment.Job instance at 0x1510e82ba280>,52,17,[8 1],73,196,213,123,194
1,<environment.Job instance at 0x1510e82baaf0>,65,2,[5 1],95,213,215,118,194
1,<environment.Job instance at 0x1510e4190190>,68,12,[1 7],99,196,208,97,195
1,<environment.Job instance at 0x1510e4192500>,70,2,[2 7],101,208,210,107,195
1,<environment.Job instance at 0x1510e4192870>,72,15,[5 2],103,213,228,110,200
1,<environment.Job instance at 0x1510e4192820>,74,1,[1 6],106,210,211,104,201
1,<environment.Job instance at 0x1510e4192410>,76,2,[10  2],109,228,230,119,201
1,<environment.Job instance at 0x1510e41927d0>,77,2,[2 7],113,211,213,98,201
1,<environment.Job instance at 0x1510d4164a50>,83,1,[1 6],122,215,216,93,202
1,<environment.Job instance at 0x1510d45d5f00>,87,2,[9 1],129,230,232,101,205
1,<environment.Job instance at 0x1510e780f460>,88,12,[8 1],130,232,244,102,215
1,<environment.Job instance at 0x1510d48eb0a0>,91,3,[7 1],133,244,247,111,218
1,<environment.Job instance at 0x1510d413ed20>,93,16,[1 9],136,230,246,94,219
1,<environment.Job instance at 0x1510d4214a50>,4,1,[2 9],8,8,9,0,8
1,<environment.Job instance at 0x1510d4214500>,3,3,[1 7],7,9,12,2,9
1,<environment.Job instance at 0x1510d47ce0a0>,7,1,[1 6],16,18,19,2,18
1,<environment.Job instance at 0x1510d491df50>,12,3,[ 2 10],22,22,25,0,22
1,<environment.Job instance at 0x1510d491dc30>,13,3,[6 2],23,25,28,2,23
1,<environment.Job instance at 0x1510d47ceeb0>,11,26,[ 2 10],21,28,54,7,26
1,<environment.Job instance at 0x1510d491dcd0>,14,1,[9 2],27,54,55,27,27
1,<environment.Job instance at 0x1510d4b3e280>,24,2,[1 8],41,54,56,13,53
1,<environment.Job instance at 0x1510d4b3eb90>,25,16,[9 2],42,60,76,18,60
1,<environment.Job instance at 0x1510d4b3ef00>,29,2,[9 1],46,76,78,30,62
1,<environment.Job instance at 0x1510d4239d20>,32,1,[9 2],49,78,79,29,66
1,<environment.Job instance at 0x1510d454e820>,53,1,[9 2],79,331,332,252,331
1,<environment.Job instance at 0x1510d458a320>,66,2,[2 7],98,396,398,298,396
1,<environment.Job instance at 0x1510d459ed20>,67,16,[10  1],100,398,414,298,396
1,<environment.Job instance at 0x1510d459efa0>,68,3,[2 8],101,414,417,313,396
1,<environment.Job instance at 0x1510d459e780>,70,1,[2 6],103,417,418,314,396
1,<environment.Job instance at 0x1510d459e1e0>,75,3,[ 2 10],108,418,421,310,399
1,<environment.Job instance at 0x1510d459e6e0>,77,12,[1 9],112,421,433,309,404
1,<environment.Job instance at 0x1510d491a320>,82,2,[9 2],117,433,435,316,420
1,<environment.Job instance at 0x1510e41a3d20>,88,3,[5 1],123,421,424,298,420
1,<environment.Job instance at 0x1510e41a3230>,89,15,[7 2],124,435,450,311,421
1,<environment.Job instance at 0x1510e41a3690>,90,2,[1 6],127,433,435,306,421
1,<environment.Job instance at 0x1510ee9895a0>,1,2,[1 6],2,2,4,0,2
1,<environment.Job instance at 0x1510d4a66eb0>,0,3,[10  1],1,4,7,3,3
1,<environment.Job instance at 0x1510d47624b0>,3,1,[5 1],4,7,8,3,4
1,<environment.Job instance at 0x1510e78d9c80>,7,3,[9 2],10,11,14,1,11
1,<environment.Job instance at 0x1510d47625a0>,9,2,[5 1],13,14,16,1,13
1,<environment.Job instance at 0x1510ee2a6500>,10,3,[1 9],14,15,18,1,15
1,<environment.Job instance at 0x1510e861e730>,12,3,[ 2 10],16,18,21,2,16
1,<environment.Job instance at 0x1510e861e9b0>,11,2,[1 9],15,21,23,6,17
1,<environment.Job instance at 0x1510d4192aa0>,14,2,[2 8],18,23,25,5,18
1,<environment.Job instance at 0x1510eca24730>,15,2,[1 8],19,25,27,6,19
1,<environment.Job instance at 0x1510e40c8460>,16,2,[7 1],20,21,23,1,20
1,<environment.Job instance at 0x1510e7844320>,17,2,[2 9],21,27,29,6,23
1,<environment.Job instance at 0x1510d48fbe10>,20,13,[8 2],24,29,42,5,25
1,<environment.Job instance at 0x1510e861ec30>,21,3,[2 6],25,29,32,4,29
1,<environment.Job instance at 0x1510e7899af0>,23,3,[1 9],28,42,45,14,32
1,<environment.Job instance at 0x1510e77565f0>,27,2,[5 1],34,42,44,8,35
1,<environment.Job instance at 0x1510d4185690>,32,13,[ 1 10],41,45,58,4,41
1,<environment.Job instance at 0x1510d4185be0>,33,2,[9 2],42,58,60,16,42
1,<environment.Job instance at 0x1510e406ca50>,36,3,[ 1 10],46,60,63,14,48
1,<environment.Job instance at 0x1510e59e1a00>,39,1,[10  2],49,63,64,14,50
1,<environment.Job instance at 0x1510e8600820>,46,3,[6 1],60,64,67,4,62
1,<environment.Job instance at 0x1510e86008c0>,48,2,[2 8],63,64,66,1,63
1,<environment.Job instance at 0x1510e7850d20>,49,3,[1 7],65,67,70,2,67
1,<environment.Job instance at 0x1510e8269dc0>,51,3,[9 2],68,68,71,0,68
1,<environment.Job instance at 0x1510d4ab9460>,52,13,[2 5],72,72,85,0,72
1,<environment.Job instance at 0x1510d48ecb90>,54,13,[7 2],74,74,87,0,74
1,<environment.Job instance at 0x1510d48eceb0>,55,14,[7 1],75,87,101,12,75
1,<environment.Job instance at 0x1510ef3a0dc0>,47,13,[2 5],62,85,98,23,77
1,<environment.Job instance at 0x1510eaad4730>,63,1,[10  2],85,101,102,16,87
1,<environment.Job instance at 0x1510eaad4d70>,62,14,[2 5],82,102,116,20,87
1,<environment.Job instance at 0x1510eaad4640>,66,2,[5 1],88,102,104,14,91
1,<environment.Job instance at 0x1510e40b85f0>,69,1,[ 1 10],93,116,117,23,93
1,<environment.Job instance at 0x1510e40b8870>,70,16,[8 1],95,117,133,22,104
1,<environment.Job instance at 0x1510d419b320>,77,12,[2 8],106,117,129,11,106
1,<environment.Job instance at 0x1510d419b230>,76,2,[6 2],105,108,110,3,108
1,<environment.Job instance at 0x1510d419bcd0>,80,18,[2 6],111,129,147,18,118
1,<environment.Job instance at 0x1510d419b690>,84,1,[10  1],115,147,148,32,119
1,<environment.Job instance at 0x1510d457b550>,85,2,[5 1],116,133,135,17,119
1,<environment.Job instance at 0x1510d457b6e0>,86,1,[1 6],117,148,149,31,120
1,<environment.Job instance at 0x1510eaad4d20>,67,15,[9 2],90,148,163,58,141
1,<environment.Job instance at 0x1510e776f0f0>,98,2,[2 6],138,163,165,25,149
1,<environment.Job instance at 0x15310a286a50>,0,12,[2 5],1,1,13,0,1
1,<environment.Job instance at 0x15310a286cd0>,1,3,[1 9],2,13,16,11,2
1,<environment.Job instance at 0x1531090a4690>,8,13,[6 1],9,10,23,1,10
1,<environment.Job instance at 0x153100d23cd0>,9,2,[6 1],11,23,25,12,12
1,<environment.Job instance at 0x153100c3a2d0>,15,1,[ 1 10],20,25,26,5,25
1,<environment.Job instance at 0x153100c3d820>,19,3,[6 2],26,26,29,0,26
1,<environment.Job instance at 0x153100c3a5a0>,17,17,[6 1],23,29,46,6,29
1,<environment.Job instance at 0x1531007cab40>,27,2,[2 7],36,36,38,0,36
1,<environment.Job instance at 0x1531007cb640>,22,1,[2 7],30,38,39,8,36
1,<environment.Job instance at 0x1531007c5230>,28,2,[2 7],37,41,43,4,41
1,<environment.Job instance at 0x1531007c5500>,32,3,[2 9],42,43,46,1,42
1,<environment.Job instance at 0x1531007c6be0>,33,1,[2 7],43,46,47,3,45
1,<environment.Job instance at 0x1531007c61e0>,37,2,[ 1 10],50,50,52,0,50
1,<environment.Job instance at 0x1531007c7910>,40,3,[1 6],53,53,56,0,53
1,<environment.Job instance at 0x1531007c7320>,45,3,[2 8],60,82,85,22,82
1,<environment.Job instance at 0x153100ccae60>,56,1,[10  2],79,104,105,25,104
1,<environment.Job instance at 0x153100cbdd20>,60,17,[8 1],86,105,122,19,105
1,<environment.Job instance at 0x153100cbdcd0>,61,3,[1 5],87,113,116,26,113
1,<environment.Job instance at 0x153100ca09b0>,65,3,[2 9],92,116,119,24,113
1,<environment.Job instance at 0x153100ca0cd0>,68,3,[1 9],95,119,122,24,114
1,<environment.Job instance at 0x153100ca0820>,71,3,[2 9],99,122,125,23,117
1,<environment.Job instance at 0x153100ca04b0>,73,2,[6 2],103,125,127,22,117
1,<environment.Job instance at 0x153100c6c7d0>,75,1,[1 6],107,125,126,18,120
1,<environment.Job instance at 0x1531007c2f00>,79,3,[7 2],111,127,130,16,120
1,<environment.Job instance at 0x153100c35f50>,81,3,[ 2 10],114,130,133,16,120
1,<environment.Job instance at 0x153100ce9960>,83,1,[10  1],117,133,134,16,122
1,<environment.Job instance at 0x153102407cd0>,87,2,[2 6],122,126,128,4,122
1,<environment.Job instance at 0x153100f86780>,88,1,[1 5],123,128,129,5,125
1,<environment.Job instance at 0x153100f861e0>,89,2,[1 9],126,134,136,8,126
1,<environment.Job instance at 0x153100f86b90>,90,1,[2 7],127,129,130,2,128
1,<environment.Job instance at 0x153100f86230>,92,15,[7 1],129,134,149,5,129
1,<environment.Job instance at 0x153102408190>,95,3,[2 8],132,148,151,16,148
1,<environment.Job instance at 0x153100f89550>,100,17,[1 9],139,164,181,25,164
1,<environment.Job instance at 0x153100f882d0>,106,15,[5 1],145,174,189,29,174
1,<environment.Job instance at 0x153100f88d20>,101,13,[2 9],140,210,223,70,210
1,<environment.Job instance at 0x1531024d99b0>,1,3,[ 2 10],2,3,6,1,3
1,<environment.Job instance at 0x153100d28f50>,3,1,[8 1],4,6,7,2,5
1,<environment.Job instance at 0x153100d28f00>,8,1,[1 7],10,13,14,3,13
1,<environment.Job instance at 0x153100d28050>,5,15,[9 2],7,28,43,21,28
1,<environment.Job instance at 0x153100d28e60>,12,15,[1 6],17,28,43,11,28
1,<environment.Job instance at 0x153100d281e0>,14,2,[1 8],19,43,45,24,29
1,<environment.Job instance at 0x153100d28780>,15,3,[1 7],21,45,48,24,30
1,<environment.Job instance at 0x153100f81f50>,50,16,[1 6],69,363,379,294,363
1,<environment.Job instance at 0x153100f88460>,52,17,[7 1],72,363,380,291,363
1,<environment.Job instance at 0x153100f88910>,55,15,[9 2],80,380,395,300,366
1,<environment.Job instance at 0x153100f88820>,57,12,[1 5],82,379,391,297,366
1,<environment.Job instance at 0x153100c0c140>,60,2,[8 1],86,395,397,309,368
1,<environment.Job instance at 0x153100c0c690>,62,2,[1 5],89,391,393,302,368
1,<environment.Job instance at 0x153100c0c1e0>,63,3,[1 5],90,393,396,303,368
1,<environment.Job instance at 0x153100c0cf00>,67,2,[1 6],97,396,398,299,369
1,<environment.Job instance at 0x153100c0c4b0>,69,1,[2 8],102,398,399,296,381
1,<environment.Job instance at 0x153100cf8fa0>,70,18,[10  1],106,399,417,293,388
1,<environment.Job instance at 0x153100f88500>,59,1,[9 1],85,397,398,312,388
1,<environment.Job instance at 0x153100cf8aa0>,71,2,[7 2],107,417,419,310,390
1,<environment.Job instance at 0x153100cf8c30>,75,1,[7 2],113,398,399,285,393
1,<environment.Job instance at 0x153100cf8370>,76,2,[5 2],114,419,421,305,393
1,<environment.Job instance at 0x153100cf8320>,80,16,[1 7],119,417,433,298,406
1,<environment.Job instance at 0x153100cf9820>,87,3,[1 5],129,484,487,355,484
1,<environment.Job instance at 0x153100ce6d70>,90,1,[7 1],132,513,514,381,513
1,<environment.Job instance at 0x153100ce6410>,93,3,[1 7],136,552,555,416,552
1,<environment.Job instance at 0x153100ce6500>,91,18,[5 2],133,599,617,466,599
1,<environment.Job instance at 0x153100ce6f50>,96,1,[1 8],139,600,601,461,600
1,<environment.Job instance at 0x153100ce6a50>,102,12,[7 1],148,617,629,469,617
1,<environment.Job instance at 0x1531024685a0>,0,17,[7 1],2,2,19,0,2
1,<environment.Job instance at 0x153100f89f50>,2,3,[1 8],5,6,9,1,6
1,<environment.Job instance at 0x1530bf27cc30>,3,12,[7 2],7,19,31,12,10
1,<environment.Job instance at 0x153100f89a00>,4,2,[7 2],9,31,33,22,10
1,<environment.Job instance at 0x1530bf27cf00>,5,3,[ 2 10],11,33,36,22,14
1,<environment.Job instance at 0x1530bf1ff8c0>,14,3,[1 9],22,36,39,14,22
1,<environment.Job instance at 0x1530bf1ffa00>,15,1,[6 1],23,36,37,13,24
1,<environment.Job instance at 0x1530bf1ffcd0>,18,12,[7 1],31,37,49,6,31
1,<environment.Job instance at 0x1530bf1fffa0>,20,2,[10  1],33,49,51,16,35
1,<environment.Job instance at 0x1530bf2002d0>,22,3,[1 8],38,39,42,1,38
1,<environment.Job instance at 0x1530bf2004b0>,24,2,[9 2],42,51,53,9,46
1,<environment.Job instance at 0x1530bf200a00>,28,18,[5 2],47,53,71,6,47
1,<environment.Job instance at 0x1530bf200b40>,29,1,[1 8],48,48,49,0,48
1,<environment.Job instance at 0x1530bf200c80>,30,13,[1 7],50,51,64,1,50
1,<environment.Job instance at 0x1530bf200e60>,31,12,[2 9],53,71,83,18,54
1,<environment.Job instance at 0x1530bf200fa0>,33,2,[ 2 10],55,83,85,28,57
1,<environment.Job instance at 0x1530bf203910>,44,3,[1 8],74,88,91,14,88
1,<environment.Job instance at 0x1530bf203fa0>,48,3,[ 2 10],80,95,98,15,95
1,<environment.Job instance at 0x1530bf206280>,52,1,[6 2],85,98,99,13,95
1,<environment.Job instance at 0x1530bf206370>,55,2,[ 1 10],89,99,101,10,96
1,<environment.Job instance at 0x1530bf2066e0>,58,3,[9 1],94,101,104,7,96
1,<environment.Job instance at 0x1530bf206f50>,60,16,[1 5],98,101,117,3,100
1,<environment.Job instance at 0x1530bf207460>,62,14,[1 6],102,117,131,15,102
1,<environment.Job instance at 0x1530bf207550>,63,2,[5 1],103,104,106,1,103
1,<environment.Job instance at 0x1530bf203cd0>,47,2,[1 6],78,131,133,53,105
1,<environment.Job instance at 0x1530bf207a00>,66,2,[6 1],106,107,109,1,107
1,<environment.Job instance at 0x1530bf207410>,65,2,[10  2],105,133,135,28,108
1,<environment.Job instance at 0x1530bf207e10>,68,3,[6 2],111,111,114,0,111
1,<environment.Job instance at 0x1530bf20a370>,71,2,[9 2],115,115,117,0,115
1,<environment.Job instance at 0x153100d23c30>,72,1,[7 2],116,117,118,1,117
1,<environment.Job instance at 0x1530bf273e10>,74,14,[1 6],119,135,149,16,120
1,<environment.Job instance at 0x1530bf2739b0>,76,3,[6 1],123,124,127,1,124
1,<environment.Job instance at 0x1530bf273780>,79,2,[2 5],126,149,151,23,126
1,<environment.Job instance at 0x1530bf2847d0>,86,15,[2 8],138,151,166,13,138
1,<environment.Job instance at 0x1530bf3f45f0>,88,13,[ 2 10],142,166,179,24,150
1,<environment.Job instance at 0x1530bf32c730>,83,3,[8 1],133,151,154,18,151
1,<environment.Job instance at 0x1530bf313190>,90,2,[1 5],145,179,181,34,152
1,<environment.Job instance at 0x1530bf313960>,93,1,[5 1],149,179,180,30,173
1,<environment.Job instance at 0x1530bf398c30>,1,3,[2 8],2,5,8,3,5
1,<environment.Job instance at 0x1530bfa63c30>,3,16,[2 6],6,8,24,2,7
1,<environment.Job instance at 0x1530bf96a960>,5,2,[8 2],8,8,10,0,8
1,<environment.Job instance at 0x153100c86b90>,0,2,[1 9],1,24,26,23,8
1,<environment.Job instance at 0x1530bf313960>,4,3,[1 6],7,26,29,19,8
1,<environment.Job instance at 0x1530bf96ad20>,11,2,[1 8],16,29,31,13,19
1,<environment.Job instance at 0x1530bf95c190>,14,1,[2 8],20,31,32,11,22
1,<environment.Job instance at 0x1530bf95cf50>,17,2,[6 1],24,24,26,0,24
1,<environment.Job instance at 0x1530bf975910>,18,3,[10  1],26,32,35,6,26
1,<environment.Job instance at 0x1530bf95caf0>,13,15,[10  1],19,82,97,63,82
1,<environment.Job instance at 0x1530bf9b8f50>,31,2,[1 8],41,97,99,56,86
1,<environment.Job instance at 0x1530bf9b8320>,33,2,[2 8],43,99,101,56,89
1,<environment.Job instance at 0x1530bf9b8730>,41,2,[2 7],56,101,103,45,95
1,<environment.Job instance at 0x1530bf90bbe0>,70,17,[2 7],94,298,315,204,298
1,<environment.Job instance at 0x1530bf90bf00>,71,14,[1 6],95,315,329,220,304
1,<environment.Job instance at 0x1530bf95d460>,94,1,[ 2 10],120,444,445,324,444
1,<environment.Job instance at 0x1530bf96d910>,2,3,[8 1],3,3,6,0,3
1,<environment.Job instance at 0x1530bf914870>,3,3,[2 6],6,7,10,1,7
1,<environment.Job instance at 0x1530bfb4f500>,5,16,[1 5],11,11,27,0,11
1,<environment.Job instance at 0x153102fecb40>,7,3,[2 9],14,27,30,13,14
1,<environment.Job instance at 0x153102fec1e0>,8,1,[10  2],15,30,31,15,16
1,<environment.Job instance at 0x1530bf7dfd70>,12,16,[ 2 10],22,31,47,9,22
1,<environment.Job instance at 0x1530bf8c7460>,13,3,[10  2],23,47,50,24,23
1,<environment.Job instance at 0x1530bf8c73c0>,16,16,[2 7],31,50,66,19,37
1,<environment.Job instance at 0x1530bfb0b320>,25,2,[5 2],44,50,52,6,44
1,<environment.Job instance at 0x1530bfb50af0>,26,27,[1 7],45,66,93,21,65
1,<environment.Job instance at 0x1530bfb50870>,30,2,[ 1 10],50,93,95,43,66
1,<environment.Job instance at 0x1530bfb50d20>,32,2,[5 1],53,66,68,13,66
1,<environment.Job instance at 0x1530bfb50eb0>,35,2,[2 9],57,95,97,38,79
1,<environment.Job instance at 0x1530bfb50a50>,36,15,[2 8],62,97,112,35,83
1,<environment.Job instance at 0x1530bfb50aa0>,37,1,[5 1],63,83,84,20,83
1,<environment.Job instance at 0x1530bfa89c80>,39,2,[1 8],67,112,114,45,92
1,<environment.Job instance at 0x1530bfa89140>,40,1,[10  2],68,114,115,46,92
1,<environment.Job instance at 0x1530bfa89910>,41,3,[2 8],69,115,118,46,92
1,<environment.Job instance at 0x1530bfa898c0>,42,15,[2 7],70,118,133,48,105
1,<environment.Job instance at 0x1530bfa89730>,43,2,[8 2],75,105,107,30,105
1,<environment.Job instance at 0x1530bfa89aa0>,47,3,[1 9],81,133,136,52,130
1,<environment.Job instance at 0x1530bfafcd20>,53,2,[7 1],91,144,146,53,144
1,<environment.Job instance at 0x1530bf8cae60>,50,12,[7 1],86,156,168,70,156
1,<environment.Job instance at 0x15310277a460>,67,3,[1 5],107,163,166,56,163
1,<environment.Job instance at 0x15310277af50>,68,3,[2 7],108,166,169,58,163
1,<environment.Job instance at 0x15310277a4b0>,69,13,[2 5],109,169,182,60,163
1,<environment.Job instance at 0x15310277a820>,70,2,[2 8],110,182,184,72,164
1,<environment.Job instance at 0x15310277ae60>,71,2,[5 1],111,168,170,57,164
1,<environment.Job instance at 0x15310277afa0>,73,1,[1 9],117,184,185,67,164
1,<environment.Job instance at 0x15310277a8c0>,74,3,[7 1],118,170,173,52,164
1,<environment.Job instance at 0x153107824b90>,77,12,[2 6],123,185,197,62,168
1,<environment.Job instance at 0x153107824460>,78,1,[9 1],125,184,185,59,168
1,<environment.Job instance at 0x1531078242d0>,81,16,[8 1],130,187,203,57,187
1,<environment.Job instance at 0x153107824870>,82,16,[1 6],131,197,213,66,192
1,<environment.Job instance at 0x1530bfb12a50>,83,2,[10  2],133,213,215,80,192
1,<environment.Job instance at 0x1530bfb12e60>,84,3,[1 7],134,215,218,81,192
1,<environment.Job instance at 0x1530bfb125f0>,85,14,[9 2],136,215,229,79,201
1,<environment.Job instance at 0x1530bfb128c0>,86,1,[10  2],137,229,230,92,201
1,<environment.Job instance at 0x1530bfb12640>,89,3,[1 5],140,218,221,78,208
1,<environment.Job instance at 0x1530bfb127d0>,91,3,[9 2],143,208,211,65,208
1,<environment.Job instance at 0x1530bfb12d70>,92,13,[1 9],144,230,243,86,214
1,<environment.Job instance at 0x1530bfb12460>,93,2,[1 8],145,221,223,76,214
1,<environment.Job instance at 0x153102711870>,95,1,[ 1 10],149,243,244,94,221
1,<environment.Job instance at 0x1530bfafca00>,65,12,[2 8],105,244,256,139,239
1,<environment.Job instance at 0x1530bf432870>,3,17,[5 2],4,4,21,0,4
1,<environment.Job instance at 0x1530bf4327d0>,1,3,[6 2],2,21,24,19,6
1,<environment.Job instance at 0x1530bf432410>,8,3,[8 2],11,24,27,13,15
1,<environment.Job instance at 0x1530bf3c5f50>,14,14,[8 2],17,27,41,10,17
1,<environment.Job instance at 0x1530bf3c5dc0>,16,2,[7 2],20,41,43,21,20
1,<environment.Job instance at 0x1530bf3c5a00>,17,3,[5 2],22,43,46,21,22
1,<environment.Job instance at 0x1530bf43a550>,19,1,[8 1],24,46,47,22,25
1,<environment.Job instance at 0x1530bf43a0f0>,20,1,[1 5],26,26,27,0,26
1,<environment.Job instance at 0x1530bf43a230>,22,1,[5 2],29,43,44,14,30
1,<environment.Job instance at 0x1530bf43aa00>,27,21,[2 5],35,44,65,9,40
1,<environment.Job instance at 0x1530bf43ab90>,24,25,[9 1],31,65,90,34,62
1,<environment.Job instance at 0x1530bf43db40>,34,16,[1 8],43,65,81,22,62
1,<environment.Job instance at 0x1530bf43d4b0>,36,1,[9 1],46,90,91,44,62
1,<environment.Job instance at 0x1530bf43d870>,38,2,[10  2],48,91,93,43,70
1,<environment.Job instance at 0x1530bf43da50>,39,15,[9 2],50,93,108,43,79
1,<environment.Job instance at 0x1530bf3cd320>,45,1,[5 1],58,108,109,50,82
1,<environment.Job instance at 0x1530bf3c9f50>,59,13,[2 8],76,143,156,67,143
1,<environment.Job instance at 0x1530bf3c9410>,64,1,[1 8],81,156,157,75,145
1,<environment.Job instance at 0x1530bf3d1f00>,70,13,[10  1],89,188,201,99,188
1,<environment.Job instance at 0x1530bf3d5a50>,82,3,[2 8],101,201,204,100,193
1,<environment.Job instance at 0x1530bf3d5a00>,85,22,[8 1],105,203,225,98,203
1,<environment.Job instance at 0x1530bf3d5910>,88,3,[2 5],109,239,242,130,239
1,<environment.Job instance at 0x1530bf3df640>,94,15,[2 9],116,247,262,131,247
1,<environment.Job instance at 0x1530bf51adc0>,103,1,[5 1],129,269,270,140,269
1,<environment.Job instance at 0x1531024f7550>,106,3,[1 8],133,278,281,145,278
1,<environment.Job instance at 0x153102573dc0>,111,17,[1 7],140,323,340,183,323
1,<environment.Job instance at 0x1530bf669a00>,2,14,[1 6],3,4,18,1,4
1,<environment.Job instance at 0x1530bf669c30>,4,1,[2 9],6,18,19,12,6
1,<environment.Job instance at 0x1530bf669e60>,6,1,[6 1],10,13,14,3,13
1,<environment.Job instance at 0x1530bf669d70>,10,25,[6 1],15,18,43,3,18
1,<environment.Job instance at 0x1530bf6690a0>,13,3,[10  1],21,43,46,22,22
1,<environment.Job instance at 0x1530bf669460>,14,2,[ 2 10],22,46,48,24,23
1,<environment.Job instance at 0x1530bf6695f0>,15,3,[9 2],23,48,51,25,26
1,<environment.Job instance at 0x153100f65b90>,19,1,[9 2],30,51,52,21,31
1,<environment.Job instance at 0x1530bf664960>,28,1,[8 1],42,116,117,74,116
1,<environment.Job instance at 0x153100c3a050>,32,1,[6 2],47,118,119,71,118
1,<environment.Job instance at 0x1530bfb4af50>,37,17,[1 8],58,141,158,83,141
1,<environment.Job instance at 0x1530bfa58eb0>,39,17,[1 6],61,158,175,97,149
1,<environment.Job instance at 0x1530beeb7b90>,60,14,[7 1],88,344,358,256,344
1,<environment.Job instance at 0x1531025dbd20>,66,3,[5 2],94,465,468,371,465
1,<environment.Job instance at 0x1530bf1c7d70>,67,16,[7 1],95,468,484,373,465
1,<environment.Job instance at 0x1530bf1fb4b0>,68,2,[8 2],96,484,486,388,465
1,<environment.Job instance at 0x1530bfb643c0>,72,16,[2 9],102,468,484,366,466
1,<environment.Job instance at 0x153108163c30>,73,23,[2 6],104,484,507,380,479
1,<environment.Job instance at 0x1530bfb0feb0>,77,1,[8 2],109,486,487,377,481
1,<environment.Job instance at 0x1530bfb14640>,78,2,[7 2],111,487,489,376,481
1,<environment.Job instance at 0x1530bfb14960>,79,3,[6 1],113,489,492,376,481
1,<environment.Job instance at 0x1530bfb146e0>,80,2,[10  1],114,507,509,393,481
1,<environment.Job instance at 0x1530bfb14e60>,82,3,[5 1],116,492,495,376,481
1,<environment.Job instance at 0x1530bfb14500>,83,3,[1 6],117,509,512,392,483
1,<environment.Job instance at 0x1530bfb20dc0>,86,2,[7 1],121,495,497,374,484
1,<environment.Job instance at 0x1530bfb5dd70>,1,2,[5 2],3,6,8,3,6
1,<environment.Job instance at 0x153108218a50>,3,2,[5 2],6,6,8,0,6
1,<environment.Job instance at 0x1531081f2dc0>,18,3,[ 2 10],25,27,30,2,27
1,<environment.Job instance at 0x1531081f2370>,21,2,[10  2],28,30,32,2,28
1,<environment.Job instance at 0x1531081f2d20>,20,22,[ 2 10],27,32,54,5,30
1,<environment.Job instance at 0x15310822dc30>,27,15,[1 9],36,54,69,18,40
1,<environment.Job instance at 0x153108209320>,35,1,[6 1],46,54,55,8,46
1,<environment.Job instance at 0x153108169640>,36,3,[8 1],48,55,58,7,50
1,<environment.Job instance at 0x153108147a50>,37,15,[6 1],52,58,73,6,53
1,<environment.Job instance at 0x1530bf074410>,40,3,[2 6],57,69,72,12,57
1,<environment.Job instance at 0x153100c7fa00>,41,2,[7 1],58,73,75,15,58
1,<environment.Job instance at 0x1530bf1ee280>,51,27,[1 9],73,78,105,5,78
1,<environment.Job instance at 0x1531025dffa0>,66,2,[7 1],96,117,119,21,117
1,<environment.Job instance at 0x1530bf0459b0>,67,28,[1 6],97,117,145,20,117
1,<environment.Job instance at 0x1530bef797d0>,72,2,[5 1],105,119,121,14,117
1,<environment.Job instance at 0x1530bef790a0>,75,1,[1 9],109,145,146,36,118
1,<environment.Job instance at 0x1530bef79e60>,76,1,[2 7],110,146,147,36,118
1,<environment.Job instance at 0x1530bef795f0>,78,1,[1 9],113,147,148,34,119
1,<environment.Job instance at 0x1530bef796e0>,81,12,[9 1],117,121,133,4,119
1,<environment.Job instance at 0x1531033aef50>,83,16,[9 2],120,148,164,28,135
1,<environment.Job instance at 0x1531033aeb90>,87,1,[2 8],125,164,165,39,140
1,<environment.Job instance at 0x1531033aeb40>,89,1,[8 1],128,140,141,12,140
1,<environment.Job instance at 0x1531033aef00>,91,1,[2 9],131,165,166,34,140
1,<environment.Job instance at 0x1531033aec80>,92,3,[1 9],132,166,169,34,140
1,<environment.Job instance at 0x1531033302d0>,97,2,[6 2],139,169,171,30,154
1,<environment.Job instance at 0x153103330eb0>,98,18,[2 9],140,171,189,31,161
1,<environment.Job instance at 0x1531033ae190>,84,3,[ 2 10],121,189,192,68,163
1,<environment.Job instance at 0x1531025db690>,102,17,[5 1],144,171,188,27,167
1,<environment.Job instance at 0x1531025dbbe0>,103,1,[7 1],145,168,169,23,168
1,<environment.Job instance at 0x1531033504b0>,105,2,[1 8],147,169,171,22,168
1,<environment.Job instance at 0x153103350eb0>,106,26,[8 1],148,192,218,44,189
1,<environment.Job instance at 0x153107779820>,0,27,[6 1],1,2,29,1,2
1,<environment.Job instance at 0x1530bfb14190>,4,2,[2 9],5,6,8,1,6
1,<environment.Job instance at 0x1530bfb14a00>,6,3,[7 2],8,29,32,21,8
1,<environment.Job instance at 0x1530bfb14500>,10,1,[6 1],15,32,33,17,16
1,<environment.Job instance at 0x1530bf220e10>,1,21,[9 2],2,33,54,31,25
1,<environment.Job instance at 0x1530bfaba550>,19,16,[2 7],27,54,70,27,41
1,<environment.Job instance at 0x1530bfabad20>,20,2,[1 8],29,42,44,13,42
1,<environment.Job instance at 0x15310821c370>,23,2,[9 1],32,70,72,38,43
1,<environment.Job instance at 0x1530bfb66280>,29,2,[2 6],39,72,74,33,53
1,<environment.Job instance at 0x1530bfb66a00>,32,2,[8 2],43,57,59,14,57
1,<environment.Job instance at 0x1530bfb66b40>,36,18,[10  2],48,80,98,32,80
1,<environment.Job instance at 0x1530bf1d2460>,44,1,[10  1],59,98,99,39,90
1,<environment.Job instance at 0x1530bfb11fa0>,50,2,[7 2],65,124,126,59,124
1,<environment.Job instance at 0x1530bfb1ba00>,94,15,[ 2 10],134,256,271,122,256
1,<environment.Job instance at 0x1530bf77a690>,103,18,[5 2],147,479,497,332,479
1,<environment.Job instance at 0x153102548d20>,1,3,[2 7],2,5,8,3,5
1,<environment.Job instance at 0x153102418a00>,4,2,[6 1],8,8,10,0,8
1,<environment.Job instance at 0x153102418910>,7,1,[9 1],11,17,18,6,17
1,<environment.Job instance at 0x153102418be0>,3,3,[10  1],7,18,21,11,18
1,<environment.Job instance at 0x1530bf4a4f50>,14,3,[2 6],19,21,24,2,19
1,<environment.Job instance at 0x1530bf4a4820>,16,1,[6 2],21,25,26,4,25
1,<environment.Job instance at 0x1530bf4a4910>,19,3,[10  2],27,28,31,1,28
1,<environment.Job instance at 0x1531024f7e10>,33,2,[1 7],44,44,46,0,44
1,<environment.Job instance at 0x1531024f7b40>,34,3,[2 9],45,46,49,1,45
1,<environment.Job instance at 0x1531024f72d0>,35,2,[6 1],46,47,49,1,47
1,<environment.Job instance at 0x1531024f71e0>,29,26,[5 2],39,49,75,10,48
1,<environment.Job instance at 0x1531024f7820>,37,16,[2 6],48,49,65,1,48
1,<environment.Job instance at 0x1531024f7550>,38,2,[7 1],50,75,77,25,53
1,<environment.Job instance at 0x153108102870>,40,1,[ 1 10],55,77,78,22,55
1,<environment.Job instance at 0x153108102f00>,42,2,[9 2],58,78,80,20,61
1,<environment.Job instance at 0x1531080c6640>,48,13,[1 5],71,78,91,7,72
1,<environment.Job instance at 0x1531080c6a50>,45,22,[2 9],63,96,118,33,96
1,<environment.Job instance at 0x1530bf3c9f00>,60,1,[5 1],86,105,106,19,105
1,<environment.Job instance at 0x15310a2266e0>,64,2,[1 6],96,118,120,22,112
1,<environment.Job instance at 0x153109b2b730>,72,3,[9 1],109,131,134,22,131
1,<environment.Job instance at 0x1530bf456f00>,74,17,[6 2],112,134,151,22,131
1,<environment.Job instance at 0x15314353a0f0>,77,1,[1 9],116,131,132,15,131
1,<environment.Job instance at 0x1530bf8c9730>,78,3,[1 7],117,132,135,15,131
1,<environment.Job instance at 0x1530bf6e3dc0>,83,3,[ 2 10],122,151,154,29,131
1,<environment.Job instance at 0x1530bf05cd20>,84,13,[2 8],123,135,148,12,132
1,<environment.Job instance at 0x1531024da7d0>,86,3,[1 6],127,148,151,21,136
1,<environment.Job instance at 0x1531024da550>,88,1,[2 5],129,154,155,25,139
1,<environment.Job instance at 0x1530bf5f30a0>,99,18,[10  2],149,173,191,24,173
1,<environment.Job instance at 0x1531026eb3c0>,1,1,[1 5],2,3,4,1,3
1,<environment.Job instance at 0x1530bf33b0a0>,3,3,[5 1],4,4,7,0,4
1,<environment.Job instance at 0x1530bf33bbe0>,4,3,[1 7],5,5,8,0,5
1,<environment.Job instance at 0x1530bf33bb90>,6,17,[9 2],9,9,26,0,9
1,<environment.Job instance at 0x1530bf33b910>,16,16,[1 7],23,24,40,1,24
1,<environment.Job instance at 0x1530bfa99050>,17,17,[5 2],25,26,43,1,26
1,<environment.Job instance at 0x1530bfa99690>,21,2,[1 5],30,40,42,10,30
1,<environment.Job instance at 0x1530bfa99460>,20,17,[8 1],29,43,60,14,31
1,<environment.Job instance at 0x1530bfa999b0>,26,2,[1 9],36,43,45,7,36
1,<environment.Job instance at 0x1530bfa99e10>,27,2,[1 7],39,45,47,6,39
1,<environment.Job instance at 0x1530bf507d70>,32,2,[6 1],44,60,62,16,45
1,<environment.Job instance at 0x1530bf507f00>,33,3,[7 2],45,62,65,17,46
1,<environment.Job instance at 0x1530bf7ad190>,34,2,[8 1],46,65,67,19,46
1,<environment.Job instance at 0x1530bf507690>,35,15,[8 2],47,67,82,20,54
1,<environment.Job instance at 0x1530bf79e5a0>,46,3,[1 9],61,82,85,21,61
1,<environment.Job instance at 0x1530bfbc12d0>,52,2,[1 6],67,68,70,1,68
1,<environment.Job instance at 0x1530bf16e230>,54,1,[2 7],70,70,71,0,70
1,<environment.Job instance at 0x1530bf8fcfa0>,59,3,[1 8],77,78,81,1,78
1,<environment.Job instance at 0x1530bf8fca00>,60,2,[2 8],80,85,87,5,81
1,<environment.Job instance at 0x1530bf6d75f0>,61,17,[1 8],82,87,104,5,82
1,<environment.Job instance at 0x1530bf6be230>,67,3,[1 8],89,104,107,15,89
1,<environment.Job instance at 0x1530bf6be050>,66,3,[10  1],88,107,110,19,92
1,<environment.Job instance at 0x1530bf6f8370>,71,16,[7 2],94,110,126,16,97
1,<environment.Job instance at 0x1531024cf2d0>,78,13,[1 5],104,139,152,35,139
1,<environment.Job instance at 0x1531024f4af0>,86,1,[5 2],113,229,230,116,229
1,<environment.Job instance at 0x1530bf6d8910>,91,3,[1 5],120,266,269,146,266
1,<environment.Job instance at 0x1530bf411140>,100,3,[10  2],131,395,398,264,395
1,<environment.Job instance at 0x1531026c3d20>,1,14,[6 1],3,3,17,0,3
1,<environment.Job instance at 0x1531024b4910>,3,1,[ 1 10],7,17,18,10,11
1,<environment.Job instance at 0x1531026c3410>,7,12,[1 7],14,18,30,4,14
1,<environment.Job instance at 0x1531026c3690>,9,3,[10  2],18,30,33,12,18
1,<environment.Job instance at 0x1531026c3460>,14,1,[8 1],26,27,28,1,27
1,<environment.Job instance at 0x1531058d9780>,19,1,[8 2],34,43,44,9,43
1,<environment.Job instance at 0x1531058d95f0>,25,1,[2 9],40,65,66,25,65
1,<environment.Job instance at 0x153102598730>,27,1,[9 2],43,78,79,35,78
1,<environment.Job instance at 0x1530bf2c0f50>,55,2,[2 6],82,534,536,452,534
1,<environment.Job instance at 0x1530bf466500>,57,16,[ 2 10],85,833,849,748,833
1,<environment.Job instance at 0x153101ff2870>,82,2,[1 9],117,2306,2308,2189,2306
1,<environment.Job instance at 0x1530bfa42050>,88,3,[2 8],126,2435,2438,2309,2435
1,<environment.Job instance at 0x1531080e8be0>,85,16,[1 7],121,2805,2821,2684,2805
1,<environment.Job instance at 0x1530bf63f690>,105,2,[1 7],147,2890,2892,2743,2890
1,<environment.Job instance at 0x1530bf9c3fa0>,8,1,[ 1 10],12,20,21,8,20
1,<environment.Job instance at 0x1530bef7e500>,17,2,[5 1],24,29,31,5,29
1,<environment.Job instance at 0x153100c165a0>,22,2,[7 1],30,36,38,6,36
1,<environment.Job instance at 0x153102709690>,23,1,[10  1],31,43,44,12,43
1,<environment.Job instance at 0x1530bfbc8dc0>,26,3,[2 5],34,53,56,19,53
1,<environment.Job instance at 0x153108157b40>,40,1,[1 5],53,59,60,6,59
1,<environment.Job instance at 0x153100d48b40>,42,14,[2 8],55,63,77,8,63
1,<environment.Job instance at 0x153100d05500>,46,2,[2 7],60,77,79,17,64
1,<environment.Job instance at 0x153107a725a0>,49,18,[5 2],63,67,85,4,67
1,<environment.Job instance at 0x1530bf53beb0>,50,2,[1 8],65,79,81,14,67
1,<environment.Job instance at 0x153107a72d70>,48,1,[1 9],62,85,86,23,80
1,<environment.Job instance at 0x1530bef12dc0>,61,17,[6 2],81,86,103,5,81
1,<environment.Job instance at 0x1531080cb500>,65,1,[8 1],85,103,104,18,87
1,<environment.Job instance at 0x153102fd7050>,67,1,[8 2],87,104,105,17,94
1,<environment.Job instance at 0x15310257d370>,73,2,[10  1],94,105,107,11,100
1,<environment.Job instance at 0x1531077feaf0>,74,22,[5 1],96,107,129,11,100
1,<environment.Job instance at 0x1530bee91190>,81,2,[2 8],107,120,122,13,120
1,<environment.Job instance at 0x1530bee91820>,83,3,[9 2],110,129,132,19,120
1,<environment.Job instance at 0x1530bee91c80>,84,1,[ 2 10],111,132,133,21,121
1,<environment.Job instance at 0x1530bee91320>,85,2,[6 2],112,133,135,21,122
1,<environment.Job instance at 0x1530bee91b40>,88,2,[8 1],116,135,137,19,124
1,<environment.Job instance at 0x1530bf1a3910>,90,17,[ 2 10],118,137,154,19,125
1,<environment.Job instance at 0x1530bee91640>,80,1,[7 2],106,154,155,48,143
1,<environment.Job instance at 0x1531097015a0>,100,2,[ 1 10],128,198,200,70,198
1,<environment.Job instance at 0x153107a69960>,111,3,[9 1],144,537,540,393,537
1,<environment.Job instance at 0x1530bf339640>,2,2,[1 5],4,7,9,3,7
1,<environment.Job instance at 0x1530bfbc2b90>,6,2,[6 2],10,10,12,0,10
1,<environment.Job instance at 0x1530bf65cf00>,10,2,[ 1 10],15,17,19,2,17
1,<environment.Job instance at 0x1530bfbf6730>,12,2,[1 8],18,19,21,1,19
1,<environment.Job instance at 0x1530bfbf6e10>,14,1,[1 5],20,21,22,1,20
1,<environment.Job instance at 0x1530bfbf9690>,16,12,[7 2],22,22,34,0,22
1,<environment.Job instance at 0x15310265d3c0>,18,17,[ 1 10],26,34,51,8,26
1,<environment.Job instance at 0x15310306bc30>,21,3,[2 5],31,51,54,20,32
1,<environment.Job instance at 0x1530bee8aaa0>,25,3,[1 6],37,54,57,17,37
1,<environment.Job instance at 0x1530beea3370>,24,3,[7 2],35,51,54,16,40
1,<environment.Job instance at 0x1530bf1096e0>,27,2,[8 1],43,54,56,11,43
1,<environment.Job instance at 0x1530bf1091e0>,28,3,[9 2],44,56,59,12,44
1,<environment.Job instance at 0x1530bf6870f0>,30,2,[10  1],47,59,61,12,47
1,<environment.Job instance at 0x1530bf121280>,35,12,[2 8],55,61,73,6,55
1,<environment.Job instance at 0x1530bf1272d0>,38,12,[6 1],60,61,73,1,61
1,<environment.Job instance at 0x153102673eb0>,40,14,[9 2],63,73,87,10,63
1,<environment.Job instance at 0x1530bf5f1870>,42,1,[5 2],67,87,88,20,67
1,<environment.Job instance at 0x153102663d20>,47,16,[9 2],73,88,104,15,79
1,<environment.Job instance at 0x1530bf2ff820>,48,2,[1 5],74,79,81,5,79
1,<environment.Job instance at 0x15310251a460>,49,1,[2 5],75,87,88,12,79
1,<environment.Job instance at 0x15310251ad20>,50,12,[5 1],78,104,116,26,87
1,<environment.Job instance at 0x1530bf1113c0>,52,1,[7 1],81,116,117,35,88
1,<environment.Job instance at 0x1530bf13b690>,54,1,[6 2],83,117,118,34,89
1,<environment.Job instance at 0x1530bf13bc80>,56,3,[2 5],88,104,107,16,90
1,<environment.Job instance at 0x1530bf13b0a0>,60,3,[1 9],94,107,110,13,103
1,<environment.Job instance at 0x1530bf13b4b0>,61,3,[2 7],96,110,113,14,103
1,<environment.Job instance at 0x1530bf13b370>,62,3,[2 9],97,113,116,16,104
1,<environment.Job instance at 0x15310268bb40>,64,18,[7 2],100,118,136,18,107
1,<environment.Job instance at 0x1530bf13bd70>,65,15,[2 7],101,116,131,15,107
1,<environment.Job instance at 0x15310268bc80>,68,3,[ 1 10],105,184,187,79,184
1,<environment.Job instance at 0x1530bf7d15f0>,78,14,[2 8],118,207,221,89,207
1,<environment.Job instance at 0x1530bf7d1a00>,79,1,[10  2],119,221,222,102,207
1,<environment.Job instance at 0x1530bf7d1e10>,81,13,[8 1],124,222,235,98,212
1,<environment.Job instance at 0x1530bf7d1550>,82,2,[10  1],125,235,237,110,213
1,<environment.Job instance at 0x1530bf7d1820>,84,1,[6 2],128,213,214,85,213
1,<environment.Job instance at 0x1530bf7d1910>,87,1,[5 1],133,217,218,84,217
1,<environment.Job instance at 0x1530bf7d1aa0>,93,3,[1 9],144,222,225,78,218
1,<environment.Job instance at 0x1530bf7d1640>,95,13,[ 1 10],147,245,258,98,245
1,<environment.Job instance at 0x1530bf121aa0>,0,13,[7 2],1,3,16,2,3
1,<environment.Job instance at 0x1530bf121af0>,2,1,[1 8],3,3,4,0,3
1,<environment.Job instance at 0x15310268bd20>,3,1,[8 2],5,16,17,11,7
1,<environment.Job instance at 0x1530bf0f6eb0>,11,2,[1 8],16,16,18,0,16
1,<environment.Job instance at 0x1530bf0f2050>,10,14,[1 7],14,18,32,4,16
1,<environment.Job instance at 0x1530bf0f2c30>,17,17,[7 1],25,25,42,0,25
1,<environment.Job instance at 0x1530bf0f2d70>,18,1,[7 2],26,42,43,16,26
1,<environment.Job instance at 0x1530bf0f2eb0>,19,15,[7 1],27,43,58,16,33
1,<environment.Job instance at 0x1530bf0f2c80>,21,3,[1 9],34,34,37,0,34
1,<environment.Job instance at 0x1530bf0ef5a0>,25,17,[6 2],45,58,75,13,47
1,<environment.Job instance at 0x1530bf0ef910>,27,3,[8 2],48,75,78,27,49
1,<environment.Job instance at 0x1530bf0efa50>,29,2,[2 6],50,52,54,2,52
1,<environment.Job instance at 0x1530bf0eff50>,34,1,[1 9],58,78,79,20,60
1,<environment.Job instance at 0x1530bf0ee140>,35,3,[10  2],62,79,82,17,63
1,<environment.Job instance at 0x1530bf0ee730>,38,2,[9 1],67,82,84,15,67
1,<environment.Job instance at 0x1530bf0eecd0>,42,3,[5 2],77,84,87,7,78
1,<environment.Job instance at 0x1530bf0eec30>,43,3,[ 2 10],78,87,90,9,80
1,<environment.Job instance at 0x1530bf0eee60>,45,1,[9 1],81,90,91,9,84
1,<environment.Job instance at 0x1530bf0eeaa0>,46,2,[1 7],83,84,86,1,84
1,<environment.Job instance at 0x1530bf0eeeb0>,44,3,[1 5],80,90,93,10,86
1,<environment.Job instance at 0x1530bf0eb370>,48,16,[5 2],85,91,107,6,88
1,<environment.Job instance at 0x1530bf0eba00>,55,2,[5 1],93,93,95,0,93
1,<environment.Job instance at 0x1530bf0ebc80>,56,3,[2 5],94,95,98,1,94
1,<environment.Job instance at 0x1530bf0e4d70>,60,3,[2 5],104,104,107,0,104
1,<environment.Job instance at 0x1530bf0e4aa0>,62,1,[2 9],107,107,108,0,107
1,<environment.Job instance at 0x1530bf0e4cd0>,63,18,[7 2],109,109,127,0,109
1,<environment.Job instance at 0x1530bf0e4730>,65,2,[2 9],111,127,129,16,111
1,<environment.Job instance at 0x1530bf0e45f0>,66,2,[6 2],112,129,131,17,113
1,<environment.Job instance at 0x1530bf0e4230>,71,2,[10  1],117,131,133,14,118
1,<environment.Job instance at 0x1530bf0e4050>,70,1,[2 8],116,118,119,2,118
1,<environment.Job instance at 0x1530bf0e6820>,77,14,[8 2],125,133,147,8,125
1,<environment.Job instance at 0x1530bf0e6960>,78,3,[2 9],126,147,150,21,126
1,<environment.Job instance at 0x1530bf0c85a0>,84,1,[2 5],138,139,140,1,139
1,<environment.Job instance at 0x1530bf0cdaf0>,86,17,[1 6],140,150,167,10,140
1,<environment.Job instance at 0x1530bf0cd3c0>,85,2,[1 8],139,144,146,5,144
1,<environment.Job instance at 0x1530bf0de870>,91,27,[9 2],148,161,188,13,161
1,<environment.Job instance at 0x1530bf0e0820>,2,2,[1 7],3,5,7,2,5
1,<environment.Job instance at 0x15310339b690>,8,1,[2 9],9,9,10,0,9
1,<environment.Job instance at 0x1530bf81ed70>,7,3,[8 1],8,10,13,2,10
1,<environment.Job instance at 0x15310339bf00>,10,1,[9 1],13,14,15,1,14
1,<environment.Job instance at 0x15310339b870>,11,3,[1 7],14,14,17,0,14
1,<environment.Job instance at 0x153109b56c30>,13,16,[10  1],16,19,35,3,19
1,<environment.Job instance at 0x153109b56af0>,15,3,[9 2],19,35,38,16,30
1,<environment.Job instance at 0x153100c62370>,24,1,[5 2],30,38,39,8,32
1,<environment.Job instance at 0x153100c62fa0>,25,3,[1 8],32,35,38,3,32
1,<environment.Job instance at 0x153102720370>,26,16,[ 1 10],33,151,167,118,151
1,<environment.Job instance at 0x15310260b140>,33,3,[10  2],43,167,170,124,154
1,<environment.Job instance at 0x15310260b550>,41,2,[ 2 10],56,170,172,114,169
1,<environment.Job instance at 0x15310260b870>,36,13,[ 2 10],48,287,300,239,287
1,<environment.Job instance at 0x15310826a550>,55,2,[2 6],76,300,302,224,300
1,<environment.Job instance at 0x15310826a4b0>,58,1,[ 1 10],83,302,303,219,301
1,<environment.Job instance at 0x1531077e1910>,65,12,[5 2],94,303,315,209,303
1,<environment.Job instance at 0x1530bef97460>,67,23,[1 9],96,380,403,284,380
1,<environment.Job instance at 0x15310826ad70>,59,1,[8 1],84,382,383,298,382
1,<environment.Job instance at 0x1530bf4a7370>,73,3,[7 2],111,403,406,292,392
1,<environment.Job instance at 0x1530bf4a7e10>,75,3,[1 6],116,403,406,287,392
1,<environment.Job instance at 0x1530bf2b4b40>,79,3,[1 8],120,406,409,286,400
1,<environment.Job instance at 0x15310251af50>,94,13,[1 9],144,923,936,779,923
1,<environment.Job instance at 0x1530bfb4bf50>,95,2,[2 8],146,936,938,790,923
1,<environment.Job instance at 0x15310a117960>,87,13,[8 1],134,945,958,811,945
1,<environment.Job instance at 0x1530bf4ec640>,0,3,[8 1],2,5,8,3,5
1,<environment.Job instance at 0x1530bf4ec140>,3,15,[10  1],6,8,23,2,8
1,<environment.Job instance at 0x1530bf4ec460>,1,1,[7 1],4,23,24,19,9
1,<environment.Job instance at 0x15310a1863c0>,6,15,[5 2],10,24,39,14,10
1,<environment.Job instance at 0x1530bef42190>,9,2,[6 2],14,39,41,25,15
1,<environment.Job instance at 0x1531081fab40>,13,1,[6 2],20,41,42,21,22
1,<environment.Job instance at 0x1530bee89500>,16,2,[1 8],23,28,30,5,28
1,<environment.Job instance at 0x1530bee89370>,20,13,[9 1],29,42,55,13,30
1,<environment.Job instance at 0x1530bf797e60>,23,2,[8 2],33,55,57,22,43
1,<environment.Job instance at 0x1530bf7975a0>,24,14,[2 8],34,55,69,21,43
1,<environment.Job instance at 0x1530bf797f00>,25,2,[6 2],35,57,59,22,43
1,<environment.Job instance at 0x1530bee899b0>,14,16,[7 1],21,59,75,38,47
1,<environment.Job instance at 0x1531080ebc30>,28,1,[1 9],40,69,70,29,62
1,<environment.Job instance at 0x1531080eb550>,29,1,[10  2],41,75,76,34,62
1,<environment.Job instance at 0x153108157820>,30,3,[1 7],44,70,73,26,63
1,<environment.Job instance at 0x153108157dc0>,31,1,[6 2],45,76,77,31,63
1,<environment.Job instance at 0x1530bf79d1e0>,27,14,[9 1],39,77,91,38,63
1,<environment.Job instance at 0x153108157870>,33,2,[7 2],47,91,93,44,64
1,<environment.Job instance at 0x1530befb0870>,39,1,[ 2 10],55,93,94,38,76
1,<environment.Job instance at 0x1530befb02d0>,41,16,[8 1],60,94,110,34,81
1,<environment.Job instance at 0x1530bf57c550>,44,3,[2 8],66,94,97,28,83
1,<environment.Job instance at 0x1530bfb715a0>,45,2,[1 9],67,83,85,16,83
1,<environment.Job instance at 0x1530bfb71b40>,48,2,[ 2 10],72,110,112,38,83
1,<environment.Job instance at 0x1530bfb71870>,50,1,[2 5],74,91,92,17,84
1,<environment.Job instance at 0x1530bfb711e0>,52,17,[6 2],76,112,129,36,100
1,<environment.Job instance at 0x1530bfb71aa0>,55,1,[7 1],80,129,130,49,102
1,<environment.Job instance at 0x1530bfa872d0>,56,2,[2 7],81,102,104,21,102
1,<environment.Job instance at 0x15310813caa0>,60,1,[1 6],86,112,113,26,112
1,<environment.Job instance at 0x1530bf78fb40>,61,2,[6 2],87,130,132,43,112
1,<environment.Job instance at 0x1530bfa99b90>,62,2,[10  2],89,132,134,43,112
1,<environment.Job instance at 0x15310813c2d0>,64,3,[8 1],94,134,137,40,112
1,<environment.Job instance at 0x15310813c050>,65,1,[8 2],96,137,138,41,112
1,<environment.Job instance at 0x15310813c5a0>,66,3,[8 2],98,138,141,40,112
1,<environment.Job instance at 0x1530bf319be0>,67,2,[8 1],100,141,143,41,114
1,<environment.Job instance at 0x1530bfb15640>,68,3,[2 7],101,115,118,14,115
1,<environment.Job instance at 0x153100d46820>,69,1,[1 6],102,118,119,16,115
1,<environment.Job instance at 0x1530bf74caf0>,73,2,[9 1],109,143,145,34,117
1,<environment.Job instance at 0x1530bf295aa0>,75,12,[7 1],111,145,157,34,128
1,<environment.Job instance at 0x15310780aa50>,77,3,[7 1],113,157,160,44,131
1,<environment.Job instance at 0x1531007c6460>,78,2,[2 8],115,134,136,19,131
1,<environment.Job instance at 0x1530bfb1e730>,79,16,[1 9],116,141,157,25,131
1,<environment.Job instance at 0x1530bfb1e5a0>,81,3,[2 9],118,169,172,51,169
1,<environment.Job instance at 0x1530bfb1e280>,82,1,[2 9],119,185,186,66,185
1,<environment.Job instance at 0x153108157190>,32,15,[7 2],46,186,201,140,186
1,<environment.Job instance at 0x1530bf282f00>,90,1,[1 6],136,194,195,58,194
1,<environment.Job instance at 0x1530bf70b190>,93,3,[1 6],140,199,202,59,199
1,<environment.Job instance at 0x1530bf70b370>,94,26,[ 2 10],141,311,337,170,311
1,<environment.Job instance at 0x1530bfb1e0f0>,3,2,[5 2],7,8,10,1,8
1,<environment.Job instance at 0x1530bf6e42d0>,10,1,[5 1],14,14,15,0,14
1,<environment.Job instance at 0x1530bf6e4190>,11,2,[2 7],15,15,17,0,15
1,<environment.Job instance at 0x1530bf6e47d0>,13,1,[1 8],17,17,18,0,17
1,<environment.Job instance at 0x1530bf6e4910>,14,2,[10  2],18,19,21,1,19
1,<environment.Job instance at 0x1530bf6e4c30>,17,1,[10  1],22,22,23,0,22
1,<environment.Job instance at 0x1530bf6e4dc0>,18,23,[5 2],24,25,48,1,25
1,<environment.Job instance at 0x1530bf6ea820>,31,3,[7 2],41,158,161,117,158
1,<environment.Job instance at 0x1530bf6eac30>,35,2,[ 1 10],48,171,173,123,171
1,<environment.Job instance at 0x1530bf6ea410>,23,17,[1 9],31,181,198,150,181
1,<environment.Job instance at 0x1530bf6c1140>,45,12,[1 5],63,214,226,151,214
1,<environment.Job instance at 0x1530bf6c12d0>,46,2,[1 9],64,226,228,162,214
1,<environment.Job instance at 0x1530bf6c11e0>,47,1,[5 1],65,214,215,149,214
1,<environment.Job instance at 0x1530bf6c1500>,50,16,[10  1],70,228,244,158,215
1,<environment.Job instance at 0x1530bf6c15a0>,53,1,[2 6],73,244,245,171,216
1,<environment.Job instance at 0x1530bf6c1a00>,59,2,[5 1],79,220,222,141,220
1,<environment.Job instance at 0x1530bf6c1cd0>,61,1,[1 9],83,245,246,162,224
1,<environment.Job instance at 0x1530bf6c1c30>,62,21,[2 7],84,246,267,162,238
1,<environment.Job instance at 0x1530bf6e9460>,73,2,[1 6],97,267,269,170,265
1,<environment.Job instance at 0x1530bf6e90f0>,68,27,[2 7],90,269,296,179,267
1,<environment.Job instance at 0x1530bf6c8c30>,82,2,[5 2],113,296,298,183,296
1,<environment.Job instance at 0x153108134500>,96,2,[7 1],130,322,324,192,322
1,<environment.Job instance at 0x1530bef1ca50>,99,2,[7 1],133,324,326,191,322
1,<environment.Job instance at 0x15310340f0f0>,100,13,[8 2],134,326,339,192,323
1,<environment.Job instance at 0x1530bf6c8050>,95,2,[1 8],129,323,325,194,323
1,<environment.Job instance at 0x1530befdb230>,103,3,[1 9],138,339,342,201,323
1,<environment.Job instance at 0x15310340f500>,97,2,[2 9],131,342,344,211,324
1,<environment.Job instance at 0x1530befcad20>,101,3,[2 6],135,325,328,190,324
1,<environment.Job instance at 0x1530befdb2d0>,109,1,[ 1 10],148,344,345,196,324
1,<environment.Job instance at 0x1530bf7dd690>,110,3,[10  2],149,345,348,196,326
1,<environment.Job instance at 0x1530befdb780>,107,2,[5 1],144,339,341,195,329
1,<environment.Job instance at 0x1531080c9280>,0,13,[ 1 10],1,1,14,0,1
1,<environment.Job instance at 0x1531080c9f00>,1,2,[9 2],2,14,16,12,3
1,<environment.Job instance at 0x1530befb0fa0>,3,13,[1 5],5,23,36,18,23
1,<environment.Job instance at 0x1531080c9eb0>,10,13,[9 1],16,52,65,36,52
1,<environment.Job instance at 0x1530bf8db960>,27,3,[6 1],39,65,68,26,52
1,<environment.Job instance at 0x1530bf8d1870>,31,1,[10  2],45,68,69,23,57
1,<environment.Job instance at 0x153107800320>,58,1,[10  1],85,146,147,61,146
1,<environment.Job instance at 0x153107800c30>,59,14,[6 1],86,160,174,74,160
1,<environment.Job instance at 0x1530bf038af0>,65,2,[9 1],94,177,179,83,177
1,<environment.Job instance at 0x1530bf038aa0>,69,3,[2 5],104,179,182,75,179
1,<environment.Job instance at 0x1531025741e0>,70,21,[1 9],105,201,222,96,201
1,<environment.Job instance at 0x1531025745f0>,71,1,[2 6],107,222,223,115,202
1,<environment.Job instance at 0x153102574050>,72,2,[9 1],108,203,205,95,203
1,<environment.Job instance at 0x153102574730>,75,2,[7 2],112,236,238,124,236
1,<environment.Job instance at 0x1530bf6c33c0>,93,2,[1 7],136,293,295,157,293
1,<environment.Job instance at 0x153102fec230>,95,1,[7 1],138,293,294,155,293
1,<environment.Job instance at 0x153102feca50>,98,14,[10  2],142,295,309,153,294
1,<environment.Job instance at 0x153102fec9b0>,97,1,[ 2 10],141,309,310,168,294
1,<environment.Job instance at 0x153102fecbe0>,99,1,[2 8],143,310,311,167,294
1,<environment.Job instance at 0x1530bf2189b0>,101,1,[2 8],145,311,312,166,294
1,<environment.Job instance at 0x1531025af280>,105,2,[8 1],149,310,312,161,294
1,<environment.Job instance at 0x153100d0fdc0>,104,13,[2 7],148,312,325,164,296
1,<environment.Job instance at 0x1530bf6c3870>,91,3,[6 1],133,312,315,179,296
1,<environment.Job instance at 0x1530bfaf7870>,0,3,[9 1],1,3,6,2,3
1,<environment.Job instance at 0x1531081829b0>,4,17,[8 1],6,6,23,0,6
1,<environment.Job instance at 0x1530bf23f9b0>,5,18,[1 6],7,7,25,0,7
1,<environment.Job instance at 0x1531030a0f50>,6,3,[9 1],8,23,26,15,8
1,<environment.Job instance at 0x1531081824b0>,9,1,[7 1],11,26,27,15,11
1,<environment.Job instance at 0x1530bfb15690>,14,18,[ 2 10],21,27,45,6,21
1,<environment.Job instance at 0x1531081054b0>,19,2,[5 1],29,45,47,16,29
1,<environment.Job instance at 0x1530bf2e9550>,21,22,[1 7],32,45,67,13,38
1,<environment.Job instance at 0x1530befdbd70>,26,1,[2 7],39,67,68,28,39
1,<environment.Job instance at 0x1531033da6e0>,27,2,[ 1 10],40,68,70,28,41
1,<environment.Job instance at 0x1530bf6b6640>,30,1,[5 1],44,47,48,3,44
1,<environment.Job instance at 0x1530bf6b6410>,31,1,[2 7],45,70,71,25,45
1,<environment.Job instance at 0x153101fde820>,33,1,[10  1],47,71,72,24,48
1,<environment.Job instance at 0x153101fde500>,38,2,[1 9],52,72,74,20,53
1,<environment.Job instance at 0x1530bf7922d0>,39,3,[1 7],56,74,77,18,57
1,<environment.Job instance at 0x153108218870>,42,1,[5 1],60,62,63,2,62
1,<environment.Job instance at 0x153108218410>,44,12,[ 1 10],64,77,89,13,64
1,<environment.Job instance at 0x1530bfbbfc80>,23,28,[2 9],36,103,131,67,103
1,<environment.Job instance at 0x153100ca0780>,52,1,[2 5],73,131,132,58,103
1,<environment.Job instance at 0x1530bf1123c0>,61,1,[2 9],84,132,133,48,127
1,<environment.Job instance at 0x1530bf18d550>,68,14,[2 9],92,161,175,69,161
1,<environment.Job instance at 0x1531081f0320>,72,1,[5 1],99,162,163,63,162
1,<environment.Job instance at 0x1531081f0a50>,76,3,[2 5],106,175,178,69,162
1,<environment.Job instance at 0x1531081f0d70>,79,2,[1 7],109,178,180,69,168
1,<environment.Job instance at 0x1530bf207a00>,37,17,[1 7],51,180,197,129,173
1,<environment.Job instance at 0x1530bf713460>,85,2,[1 5],115,175,177,60,175
1,<environment.Job instance at 0x1530bfa75960>,97,21,[5 2],134,188,209,54,188
1,<environment.Job instance at 0x1530bfa755f0>,98,2,[ 1 10],135,209,211,74,188
1,<environment.Job instance at 0x153100f77140>,102,2,[2 9],139,211,213,72,189
1,<environment.Job instance at 0x153100f771e0>,103,3,[6 1],141,211,214,70,189
1,<environment.Job instance at 0x153100f77eb0>,104,2,[8 2],143,214,216,71,190
1,<environment.Job instance at 0x1530befefb40>,93,1,[ 2 10],127,216,217,89,190
1,<environment.Job instance at 0x153100f770f0>,105,3,[6 2],145,217,220,72,191
1,<environment.Job instance at 0x153100f77e10>,99,14,[2 5],136,223,237,87,223
1,<environment.Job instance at 0x1500ae3b2140>,2,1,[2 5],3,6,7,3,6
1,<environment.Job instance at 0x1500ae3c71e0>,7,1,[2 6],8,10,11,2,10
1,<environment.Job instance at 0x1500ae3d55f0>,9,2,[6 1],11,11,13,0,11
1,<environment.Job instance at 0x1500ae3c7a00>,8,13,[6 1],9,13,26,4,11
1,<environment.Job instance at 0x1500ae60edc0>,10,13,[2 8],12,14,27,2,14
1,<environment.Job instance at 0x1500b78d5460>,15,1,[ 1 10],20,27,28,7,20
1,<environment.Job instance at 0x1500afab3af0>,18,2,[10  1],25,28,30,3,25
1,<environment.Job instance at 0x1500ae3304b0>,19,3,[6 2],26,30,33,4,27
1,<environment.Job instance at 0x1500ae60e870>,14,2,[ 1 10],18,33,35,15,29
1,<environment.Job instance at 0x1500ae2e7320>,21,3,[6 1],29,35,38,6,30
1,<environment.Job instance at 0x1500ae2e7b90>,23,2,[8 1],31,38,40,7,32
1,<environment.Job instance at 0x1500ae2e73c0>,22,1,[2 7],30,35,36,5,35
1,<environment.Job instance at 0x1500ade77e60>,26,1,[2 7],35,37,38,2,37
1,<environment.Job instance at 0x1500ade735a0>,30,15,[2 9],40,40,55,0,40
1,<environment.Job instance at 0x1500ade742d0>,37,2,[ 1 10],50,55,57,5,53
1,<environment.Job instance at 0x1500ae610a00>,48,1,[2 9],65,65,66,0,65
1,<environment.Job instance at 0x1500ae36ef00>,52,2,[1 7],72,91,93,19,91
1,<environment.Job instance at 0x1500ade39dc0>,51,2,[8 2],69,116,118,47,116
1,<environment.Job instance at 0x1500ae34daa0>,69,1,[2 5],96,204,205,108,204
1,<environment.Job instance at 0x1500ae34d460>,75,1,[1 6],107,244,245,137,244
1,<environment.Job instance at 0x1500ae34dc30>,77,2,[ 1 10],109,245,247,136,245
1,<environment.Job instance at 0x1500ae34dc80>,78,3,[2 9],110,248,251,138,248
1,<environment.Job instance at 0x1500ae358c30>,80,14,[7 1],112,250,264,138,250
1,<environment.Job instance at 0x1500ae358f50>,81,3,[ 2 10],114,264,267,150,254
1,<environment.Job instance at 0x1500ade6fd70>,89,2,[1 9],126,254,256,128,254
1,<environment.Job instance at 0x1500ade6fb90>,88,1,[1 5],123,256,257,133,254
1,<environment.Job instance at 0x1500ade6f780>,91,1,[2 5],128,257,258,129,255
1,<environment.Job instance at 0x1500ae2e2910>,92,15,[7 1],129,267,282,138,255
1,<environment.Job instance at 0x1500ae62faa0>,6,3,[1 7],11,11,14,0,11
1,<environment.Job instance at 0x1500ae630aa0>,9,3,[1 9],14,32,35,18,32
1,<environment.Job instance at 0x1500ae630c30>,8,27,[1 8],13,41,68,28,41
1,<environment.Job instance at 0x1500ae630b40>,11,12,[6 1],16,244,256,228,244
1,<environment.Job instance at 0x1500ae6305a0>,17,2,[ 2 10],31,344,346,313,344
1,<environment.Job instance at 0x1500ae635410>,21,2,[2 9],35,346,348,311,345
1,<environment.Job instance at 0x1500ae6350a0>,23,19,[ 1 10],38,399,418,361,399
1,<environment.Job instance at 0x1500afd26d70>,35,3,[8 1],52,541,544,489,541
1,<environment.Job instance at 0x1500afd26be0>,36,2,[2 5],53,542,544,489,542
1,<environment.Job instance at 0x1500afd26f50>,41,16,[1 6],59,544,560,485,542
1,<environment.Job instance at 0x1500afd263c0>,42,17,[1 6],61,560,577,499,548
1,<environment.Job instance at 0x1500afd26280>,43,17,[7 1],62,550,567,488,550
1,<environment.Job instance at 0x1500afd26780>,47,1,[9 1],71,567,568,496,551
1,<environment.Job instance at 0x1500afd26eb0>,49,2,[6 2],73,568,570,495,556
1,<environment.Job instance at 0x1500afd520f0>,51,2,[8 1],76,570,572,494,556
1,<environment.Job instance at 0x1500afd529b0>,55,2,[10  2],81,577,579,496,557
1,<environment.Job instance at 0x1500afd525a0>,56,3,[2 8],85,579,582,494,557
1,<environment.Job instance at 0x1500afd52730>,58,2,[1 6],87,582,584,495,562
1,<environment.Job instance at 0x1500afd52690>,62,2,[7 2],97,574,576,477,574
1,<environment.Job instance at 0x1500afd52780>,61,18,[10  1],96,584,602,488,574
1,<environment.Job instance at 0x1500afd52d70>,71,16,[1 7],109,602,618,493,590
1,<environment.Job instance at 0x1500afd52aa0>,69,14,[6 1],107,641,655,534,641
1,<environment.Job instance at 0x1500afbc29b0>,80,1,[2 8],121,692,693,571,692
1,<environment.Job instance at 0x1500afbc2460>,86,1,[5 2],128,695,696,567,695
1,<environment.Job instance at 0x1500afbc24b0>,87,1,[1 8],129,699,700,570,699
1,<environment.Job instance at 0x1500afbc2500>,89,2,[5 2],132,699,701,567,699
1,<environment.Job instance at 0x1500afbc2230>,90,2,[1 7],134,701,703,567,701
1,<environment.Job instance at 0x1500afbc2780>,94,2,[10  1],139,714,716,575,714
1,<environment.Job instance at 0x1500afbc23c0>,85,18,[8 1],127,734,752,607,734
1,<environment.Job instance at 0x1500afbc2e10>,97,1,[2 5],144,737,738,593,737
1,<environment.Job instance at 0x1500afb537d0>,105,14,[8 1],156,766,780,610,766
1,<environment.Job instance at 0x1500afb53870>,106,2,[ 1 10],157,801,803,644,801
1,<environment.Job instance at 0x1500af69f8c0>,0,13,[5 2],1,4,17,3,4
1,<environment.Job instance at 0x15009c8aa460>,5,12,[7 1],11,17,29,6,11
1,<environment.Job instance at 0x15009c8aac30>,13,16,[7 2],24,29,45,5,24
1,<environment.Job instance at 0x1500b0777280>,18,12,[2 9],33,45,57,12,35
1,<environment.Job instance at 0x1500b0777550>,21,15,[8 2],36,57,72,21,43
1,<environment.Job instance at 0x1500b0777780>,33,18,[ 1 10],56,72,90,16,62
1,<environment.Job instance at 0x15009c8ac2d0>,34,2,[1 6],58,62,64,4,62
1,<environment.Job instance at 0x15009c8aceb0>,42,2,[ 1 10],69,90,92,21,71
1,<environment.Job instance at 0x15009c8acc80>,43,3,[10  2],70,92,95,22,71
1,<environment.Job instance at 0x15009c8acd20>,44,2,[2 9],71,95,97,24,71
1,<environment.Job instance at 0x15009c8af410>,45,3,[9 1],74,97,100,23,74
1,<environment.Job instance at 0x15009c8af230>,48,3,[5 1],80,100,103,20,89
1,<environment.Job instance at 0x15009c8af690>,49,14,[1 6],82,97,111,15,89
1,<environment.Job instance at 0x15009c8af7d0>,50,2,[5 1],83,95,97,12,89
1,<environment.Job instance at 0x15009c8af870>,51,1,[2 7],84,111,112,27,89
1,<environment.Job instance at 0x15009c8af5a0>,52,2,[10  2],85,112,114,27,89
1,<environment.Job instance at 0x15009c8af8c0>,53,2,[6 1],86,103,105,17,89
1,<environment.Job instance at 0x15009c8affa0>,55,3,[6 2],91,105,108,14,92
1,<environment.Job instance at 0x15009c8b12d0>,57,3,[1 7],93,114,117,21,93
1,<environment.Job instance at 0x15009c8b1500>,59,1,[7 2],96,108,109,12,96
1,<environment.Job instance at 0x15009c8b1690>,60,3,[1 7],98,117,120,19,98
1,<environment.Job instance at 0x15009c8b1910>,62,14,[1 9],100,120,134,20,105
1,<environment.Job instance at 0x15009c8b1960>,64,26,[9 1],104,114,140,10,111
1,<environment.Job instance at 0x15009c8b1d20>,68,12,[5 2],108,140,152,32,123
1,<environment.Job instance at 0x15009c8b61e0>,71,1,[10  1],114,152,153,38,124
1,<environment.Job instance at 0x15009c8b6640>,75,13,[ 2 10],122,153,166,31,144
1,<environment.Job instance at 0x15009c922550>,77,2,[1 5],125,144,146,19,144
1,<environment.Job instance at 0x1500ae333a00>,78,2,[8 1],126,166,168,40,144
1,<environment.Job instance at 0x15009c9221e0>,79,3,[2 9],127,166,169,39,145
1,<environment.Job instance at 0x15009c95de60>,80,1,[5 1],129,146,147,17,145
1,<environment.Job instance at 0x15009c9229b0>,81,3,[1 5],130,147,150,17,145
1,<environment.Job instance at 0x15009c922140>,83,3,[2 8],132,169,172,37,146
1,<environment.Job instance at 0x15009c9e0370>,84,1,[1 8],135,150,151,15,146
1,<environment.Job instance at 0x15009ca37910>,85,16,[2 6],136,172,188,36,159
1,<environment.Job instance at 0x15009c8ff460>,87,2,[8 2],138,169,171,31,160
1,<environment.Job instance at 0x15009c91dd20>,89,3,[10  1],141,188,191,47,162
1,<environment.Job instance at 0x15009c91dcd0>,90,2,[1 7],142,191,193,49,164
1,<environment.Job instance at 0x15009c91d370>,92,3,[1 9],144,193,196,49,167
1,<environment.Job instance at 0x15009c9c82d0>,94,2,[1 5],148,196,198,48,169
1,<environment.Job instance at 0x15009ca25d20>,96,1,[2 8],150,198,199,48,185
1,<environment.Job instance at 0x15009c9b6320>,3,3,[1 6],4,4,7,0,4
1,<environment.Job instance at 0x15009c9c3c30>,4,16,[1 5],5,7,23,2,6
1,<environment.Job instance at 0x1500b09e9230>,7,15,[7 2],8,9,24,1,9
1,<environment.Job instance at 0x1500ac17b280>,11,3,[2 8],12,23,26,11,15
1,<environment.Job instance at 0x1500ac17b870>,18,27,[ 2 10],23,26,53,3,24
1,<environment.Job instance at 0x1500afd52960>,24,3,[2 5],31,53,56,22,32
1,<environment.Job instance at 0x1500ac1e2410>,26,2,[5 2],33,53,55,20,38
1,<environment.Job instance at 0x1500b067b960>,31,2,[5 2],40,55,57,15,40
1,<environment.Job instance at 0x1500b067b4b0>,32,15,[1 8],42,56,71,14,43
1,<environment.Job instance at 0x1500b07870a0>,41,2,[1 5],53,71,73,18,53
1,<environment.Job instance at 0x1500b0787be0>,42,1,[1 9],55,73,74,18,56
1,<environment.Job instance at 0x1500b57f0050>,44,15,[7 1],57,58,73,1,58
1,<environment.Job instance at 0x1500b1305eb0>,50,14,[1 6],65,74,88,9,65
1,<environment.Job instance at 0x1500b4e407d0>,51,17,[9 1],66,73,90,7,66
1,<environment.Job instance at 0x1500ac1ea960>,52,3,[5 1],67,90,93,23,67
1,<environment.Job instance at 0x1500ac1eabe0>,53,1,[10  1],68,93,94,25,74
1,<environment.Job instance at 0x1500ac0c55f0>,61,2,[1 6],77,88,90,11,77
1,<environment.Job instance at 0x1500ac0c5640>,63,2,[7 2],80,94,96,14,80
1,<environment.Job instance at 0x1500ac0c5370>,64,13,[5 1],81,96,109,15,82
1,<environment.Job instance at 0x1500ac018050>,71,13,[10  1],88,109,122,21,94
1,<environment.Job instance at 0x1500ac018a00>,74,2,[10  2],92,122,124,30,104
1,<environment.Job instance at 0x1500ac02b0f0>,76,3,[2 8],97,105,108,8,105
1,<environment.Job instance at 0x1500ac02b320>,78,16,[10  1],99,124,140,25,111
1,<environment.Job instance at 0x1500ac02bdc0>,83,3,[6 1],109,140,143,31,125
1,<environment.Job instance at 0x1500ac02b280>,85,2,[7 1],112,143,145,31,125
1,<environment.Job instance at 0x1500ac04a730>,86,18,[2 6],114,140,158,26,129
1,<environment.Job instance at 0x1500ac04af00>,87,1,[7 1],116,145,146,29,129
1,<environment.Job instance at 0x1500ac02e5a0>,90,3,[5 2],120,146,149,26,130
1,<environment.Job instance at 0x1500ac02e730>,92,13,[7 2],122,149,162,27,133
1,<environment.Job instance at 0x1500ac02ef00>,94,3,[2 6],126,158,161,32,135
1,<environment.Job instance at 0x15009cfc3870>,97,1,[1 9],132,162,163,30,146
1,<environment.Job instance at 0x15009cfc3b90>,98,3,[2 9],134,163,166,29,146
1,<environment.Job instance at 0x15009cfc3d20>,99,1,[10  2],135,166,167,31,146
1,<environment.Job instance at 0x15009cfc30f0>,100,1,[5 2],136,167,168,31,146
1,<environment.Job instance at 0x15009cfc38c0>,101,26,[2 8],138,167,193,29,165
1,<environment.Job instance at 0x15009cfc3910>,102,2,[ 1 10],140,193,195,53,166
1,<environment.Job instance at 0x15009cfc3050>,104,3,[10  2],143,195,198,52,169
1,<environment.Job instance at 0x15009cfbe870>,109,3,[10  2],154,198,201,44,179
1,<environment.Job instance at 0x15009cfbed70>,111,1,[2 8],159,201,202,42,179
1,<environment.Job instance at 0x1500adeaccd0>,4,27,[1 7],5,5,32,0,5
1,<environment.Job instance at 0x1500ac1d4b90>,9,3,[9 2],12,12,15,0,12
1,<environment.Job instance at 0x1500ac1d4230>,10,2,[5 1],13,15,17,2,13
1,<environment.Job instance at 0x1500adeac910>,1,3,[9 1],2,17,20,15,17
1,<environment.Job instance at 0x1500ac1d4960>,11,17,[1 9],14,32,49,18,20
1,<environment.Job instance at 0x15009cf6be10>,16,13,[10  1],25,49,62,24,33
1,<environment.Job instance at 0x15009cf6b4b0>,20,15,[2 7],30,62,77,32,48
1,<environment.Job instance at 0x15009cf8a370>,37,18,[5 1],58,74,92,16,74
1,<environment.Job instance at 0x15009cf8a410>,36,13,[8 2],57,92,105,35,79
1,<environment.Job instance at 0x15009cf8a1e0>,43,12,[2 8],65,83,95,18,83
1,<environment.Job instance at 0x15009cfa71e0>,45,3,[1 5],67,95,98,28,85
1,<environment.Job instance at 0x15009cf368c0>,63,14,[9 2],96,152,166,56,152
1,<environment.Job instance at 0x15009cf36fa0>,64,1,[10  2],97,166,167,69,152
1,<environment.Job instance at 0x15009cf36500>,65,2,[7 2],98,167,169,69,152
1,<environment.Job instance at 0x15009cf36370>,67,3,[1 5],100,152,155,52,152
1,<environment.Job instance at 0x15009cf36550>,68,12,[2 9],102,169,181,67,153
1,<environment.Job instance at 0x15009cf36460>,71,2,[1 8],105,155,157,50,153
1,<environment.Job instance at 0x15009cf36640>,72,12,[1 7],107,181,193,74,164
1,<environment.Job instance at 0x15009ceabdc0>,75,17,[2 9],111,193,210,82,181
1,<environment.Job instance at 0x15009ceab0f0>,76,3,[6 2],112,181,184,69,181
1,<environment.Job instance at 0x15009ceab690>,77,2,[6 2],113,184,186,71,181
1,<environment.Job instance at 0x15009ceab0a0>,79,1,[6 1],116,190,191,74,190
1,<environment.Job instance at 0x15009ceab1e0>,80,12,[ 1 10],117,210,222,93,193
1,<environment.Job instance at 0x1500ac1e6370>,85,1,[6 2],123,222,223,99,194
1,<environment.Job instance at 0x1500ac1e6fa0>,86,2,[2 7],124,222,224,98,195
1,<environment.Job instance at 0x1500ac1e60f0>,88,3,[7 1],126,203,206,77,203
1,<environment.Job instance at 0x1500ac1e6eb0>,89,14,[8 2],127,223,237,96,209
1,<environment.Job instance at 0x1500ac1e6780>,92,3,[5 2],132,237,240,105,211
1,<environment.Job instance at 0x1500ac1e62d0>,93,13,[2 8],133,224,237,91,211
1,<environment.Job instance at 0x15009cf6f910>,95,1,[1 5],136,237,238,101,212
1,<environment.Job instance at 0x15009cf6fe60>,96,1,[10  1],138,240,241,102,212
1,<environment.Job instance at 0x15009cf6f230>,97,1,[5 2],139,238,239,99,212
1,<environment.Job instance at 0x15009cf6fcd0>,99,25,[9 1],141,241,266,100,237
1,<environment.Job instance at 0x15009cf6faf0>,102,21,[2 5],145,266,287,121,258
1,<environment.Job instance at 0x15009cf6f190>,103,15,[5 2],146,266,281,120,258
1,<environment.Job instance at 0x15009cf6ff50>,104,3,[2 7],148,287,290,139,261
1,<environment.Job instance at 0x1500ac1b9140>,107,2,[2 9],151,290,292,139,263
1,<environment.Job instance at 0x1500afafc2d0>,110,14,[2 6],155,292,306,137,277
1,<environment.Job instance at 0x15009c6f2640>,111,1,[9 1],156,306,307,150,278
1,<environment.Job instance at 0x15009c683b40>,113,2,[10  2],158,307,309,149,293
1,<environment.Job instance at 0x15009cf365a0>,70,13,[1 9],104,309,322,205,304
1,<environment.Job instance at 0x1500ae6332d0>,1,2,[5 1],2,2,4,0,2
1,<environment.Job instance at 0x1500b57d1370>,2,1,[1 7],3,3,4,0,3
1,<environment.Job instance at 0x1500b57d1c80>,4,1,[6 2],7,8,9,1,8
1,<environment.Job instance at 0x15009cceaaa0>,8,2,[9 1],12,15,17,3,15
1,<environment.Job instance at 0x15009ccead70>,12,3,[5 1],17,18,21,1,18
1,<environment.Job instance at 0x1500b4f03140>,14,13,[2 6],19,20,33,1,20
1,<environment.Job instance at 0x1500b4f03910>,16,1,[8 2],23,25,26,2,25
1,<environment.Job instance at 0x1500b4f035f0>,20,16,[6 1],27,27,43,0,27
1,<environment.Job instance at 0x1500b57cde10>,24,1,[1 8],31,33,34,2,31
1,<environment.Job instance at 0x1500b57cde60>,25,2,[6 2],32,43,45,11,32
1,<environment.Job instance at 0x1500b57cdb40>,26,13,[2 9],33,45,58,12,33
1,<environment.Job instance at 0x1500ae3ac960>,34,3,[10  1],43,58,61,15,44
1,<environment.Job instance at 0x1500afb3ceb0>,49,17,[1 7],60,67,84,7,67
1,<environment.Job instance at 0x1500afb3c730>,50,3,[7 2],61,68,71,7,68
1,<environment.Job instance at 0x1500afb3cd70>,51,2,[2 9],62,84,86,22,68
1,<environment.Job instance at 0x1500afb3c3c0>,55,2,[10  1],67,86,88,19,69
1,<environment.Job instance at 0x1500afd5abe0>,61,19,[1 5],76,111,130,35,111
1,<environment.Job instance at 0x1500afbb0190>,79,14,[1 6],103,152,166,49,152
1,<environment.Job instance at 0x15009ca45190>,103,14,[7 1],140,245,259,105,245
1,<environment.Job instance at 0x1500ae3b2230>,114,17,[1 8],158,250,267,92,250
1,<environment.Job instance at 0x15009cbb9190>,7,2,[8 2],12,18,20,6,18
1,<environment.Job instance at 0x15009cbb9870>,8,15,[10  1],13,31,46,18,31
1,<environment.Job instance at 0x1500b576f4b0>,13,1,[5 1],18,46,47,28,31
1,<environment.Job instance at 0x1500b7a2a780>,23,14,[9 2],30,47,61,17,47
1,<environment.Job instance at 0x1500afcac4b0>,27,3,[5 2],34,68,71,34,68
1,<environment.Job instance at 0x1500afcac550>,29,2,[8 2],36,71,73,35,68
1,<environment.Job instance at 0x1500afcacb90>,30,1,[9 2],37,73,74,36,68
1,<environment.Job instance at 0x1500afcac370>,32,26,[1 6],41,68,94,27,68
1,<environment.Job instance at 0x1500afcac640>,33,16,[2 9],42,94,110,52,82
1,<environment.Job instance at 0x1500b0a8a190>,37,1,[5 2],48,92,93,44,92
1,<environment.Job instance at 0x1500b0a8ad20>,38,1,[8 2],49,93,94,44,92
1,<environment.Job instance at 0x1500afb7d2d0>,39,2,[7 2],51,110,112,59,92
1,<environment.Job instance at 0x1500b0a8a550>,40,3,[6 1],53,94,97,41,92
1,<environment.Job instance at 0x1500afb7db40>,42,1,[9 1],55,112,113,57,92
1,<environment.Job instance at 0x15009c7229b0>,43,3,[5 1],56,97,100,41,92
1,<environment.Job instance at 0x15009c7224b0>,44,3,[1 6],57,110,113,53,92
1,<environment.Job instance at 0x15009c681550>,63,2,[5 2],96,260,262,164,260
1,<environment.Job instance at 0x15009cb5d500>,58,16,[9 1],84,268,284,184,268
1,<environment.Job instance at 0x15009c68efa0>,85,1,[7 1],124,384,385,260,384
1,<environment.Job instance at 0x15009c69e640>,99,17,[10  1],146,431,448,285,431
1,<environment.Job instance at 0x15009c69e2d0>,100,3,[2 6],147,448,451,301,431
1,<environment.Job instance at 0x15009c69e5f0>,101,2,[7 1],148,448,450,300,431
1,<environment.Job instance at 0x15009c993190>,2,27,[1 9],3,3,30,0,3
1,<environment.Job instance at 0x15009c6863c0>,6,3,[ 1 10],11,30,33,19,12
1,<environment.Job instance at 0x1500ade44a00>,8,18,[9 1],13,33,51,20,22
1,<environment.Job instance at 0x1500ade44b90>,14,3,[8 2],23,51,54,28,25
1,<environment.Job instance at 0x1500ade44b40>,17,2,[7 1],26,54,56,28,33
1,<environment.Job instance at 0x1500ade44910>,18,28,[1 6],27,35,63,8,35
1,<environment.Job instance at 0x15009c8052d0>,25,3,[5 1],37,56,59,19,37
1,<environment.Job instance at 0x15009cf97a50>,26,1,[1 9],39,63,64,24,39
1,<environment.Job instance at 0x15009cf971e0>,27,1,[2 7],40,64,65,24,43
1,<environment.Job instance at 0x15009cf976e0>,32,12,[9 1],47,65,77,18,48
1,<environment.Job instance at 0x1500afba2dc0>,36,15,[6 1],53,77,92,24,63
1,<environment.Job instance at 0x15009c986c30>,39,1,[5 1],56,63,64,7,63
1,<environment.Job instance at 0x15009c986e60>,40,1,[8 1],58,64,65,6,63
1,<environment.Job instance at 0x15009c986af0>,43,3,[1 9],62,65,68,3,63
1,<environment.Job instance at 0x15009c9864b0>,48,2,[6 2],69,92,94,23,76
1,<environment.Job instance at 0x15009c986d20>,49,18,[2 9],70,94,112,24,86
1,<environment.Job instance at 0x15009cb5e5a0>,50,3,[2 9],71,86,89,15,86
1,<environment.Job instance at 0x15009cb5e730>,51,1,[1 6],72,89,90,17,86
1,<environment.Job instance at 0x15009cb5e820>,52,1,[10  1],73,112,113,39,86
1,<environment.Job instance at 0x15009cb5e870>,53,17,[5 1],74,94,111,20,87
1,<environment.Job instance at 0x15009cb5eeb0>,54,1,[7 1],75,111,112,36,87
1,<environment.Job instance at 0x15009cb5ef50>,55,3,[9 2],76,113,116,37,87
1,<environment.Job instance at 0x15009c986fa0>,47,3,[2 5],68,90,93,22,87
1,<environment.Job instance at 0x15009cb5e780>,56,2,[1 8],77,113,115,36,87
1,<environment.Job instance at 0x15009c5ee3c0>,62,17,[7 2],83,116,133,33,105
1,<environment.Job instance at 0x1500ade413c0>,65,13,[2 8],87,119,132,32,119
1,<environment.Job instance at 0x15009c799690>,66,3,[7 2],88,133,136,45,119
1,<environment.Job instance at 0x1500afcecbe0>,67,17,[ 2 10],89,136,153,47,124
1,<environment.Job instance at 0x1500afba2320>,35,3,[ 2 10],51,296,299,245,296
1,<environment.Job instance at 0x1500b0a2f6e0>,82,1,[1 5],111,323,324,212,323
1,<environment.Job instance at 0x15009c98c780>,108,14,[1 8],143,1433,1447,1290,1433
1,<environment.Job instance at 0x15009c98c4b0>,110,2,[7 2],145,1433,1435,1288,1433
1,<environment.Job instance at 0x15009c98ce10>,113,3,[1 9],148,1447,1450,1299,1434
1,<environment.Job instance at 0x15009c98ca50>,117,17,[8 1],157,1435,1452,1278,1434
1,<environment.Job instance at 0x1500b0a2fe10>,1,1,[5 1],2,3,4,1,3
1,<environment.Job instance at 0x15009c9e4190>,3,2,[1 7],4,4,6,0,4
1,<environment.Job instance at 0x1500afd85320>,6,15,[8 1],9,9,24,0,9
1,<environment.Job instance at 0x1500afd85960>,7,3,[2 7],10,10,13,0,10
1,<environment.Job instance at 0x15009c5e6c80>,2,12,[ 1 10],3,24,36,21,12
1,<environment.Job instance at 0x15009cbb9a50>,12,1,[7 2],22,36,37,14,22
1,<environment.Job instance at 0x15009cbb9b40>,14,2,[2 9],24,37,39,13,28
1,<environment.Job instance at 0x15009cbb9230>,16,2,[7 1],27,37,39,10,32
1,<environment.Job instance at 0x15009cb40be0>,21,3,[8 1],34,39,42,5,34
1,<environment.Job instance at 0x15009c59e230>,18,26,[2 5],29,39,65,10,36
1,<environment.Job instance at 0x1500f0c6a8c0>,19,3,[1 9],31,65,68,34,39
1,<environment.Job instance at 0x15009cb409b0>,25,1,[1 5],41,46,47,5,46
1,<environment.Job instance at 0x1500ac0a65f0>,29,3,[10  1],48,68,71,20,48
1,<environment.Job instance at 0x1500ac0a6910>,31,3,[7 2],51,71,74,20,70
1,<environment.Job instance at 0x1500ac0a6eb0>,34,1,[1 9],55,74,75,19,74
1,<environment.Job instance at 0x1500b09c5870>,40,24,[2 9],62,99,123,37,99
1,<environment.Job instance at 0x1500b09c5640>,38,1,[1 5],60,123,124,63,99
1,<environment.Job instance at 0x1500b09c50a0>,44,2,[2 6],70,124,126,54,99
1,<environment.Job instance at 0x1500b09c5cd0>,43,1,[1 6],68,126,127,58,103
1,<environment.Job instance at 0x15009c6a10a0>,55,3,[2 7],84,127,130,43,111
1,<environment.Job instance at 0x15009c6a1230>,53,1,[1 8],82,130,131,48,112
1,<environment.Job instance at 0x15009c6a17d0>,59,3,[2 6],89,131,134,42,117
1,<environment.Job instance at 0x1500ae38bdc0>,65,1,[2 7],98,134,135,36,121
1,<environment.Job instance at 0x1500afd06280>,75,1,[8 2],110,140,141,30,140
1,<environment.Job instance at 0x15009c68eaf0>,83,2,[7 1],120,151,153,31,151
1,<environment.Job instance at 0x1500b0a622d0>,84,14,[5 2],124,180,194,56,180
1,<environment.Job instance at 0x15009cfc3b90>,89,21,[10  2],132,217,238,85,217
1,<environment.Job instance at 0x15009c926cd0>,98,13,[2 9],147,238,251,91,222
1,<environment.Job instance at 0x1500b6d90870>,108,3,[9 2],159,251,254,92,226
1,<environment.Job instance at 0x1500b4ea5b90>,1,18,[8 1],8,9,27,1,9
1,<environment.Job instance at 0x1500b4ea5960>,0,2,[1 6],6,10,12,4,10
1,<environment.Job instance at 0x1500b4ea50f0>,4,2,[2 6],14,14,16,0,14
1,<environment.Job instance at 0x1500b4ea5050>,3,1,[7 1],13,27,28,14,15
1,<environment.Job instance at 0x15009c9c3d20>,5,3,[6 2],16,28,31,12,17
1,<environment.Job instance at 0x15009c9c3280>,7,2,[5 1],18,31,33,13,18
1,<environment.Job instance at 0x1500b4ea5f50>,6,12,[2 9],17,31,43,14,19
1,<environment.Job instance at 0x15009c9c39b0>,17,1,[1 9],30,43,44,13,30
1,<environment.Job instance at 0x15009c9c3af0>,16,20,[7 2],29,44,64,15,35
1,<environment.Job instance at 0x15009cdad280>,23,2,[1 6],38,44,46,6,40
1,<environment.Job instance at 0x1500af690460>,32,2,[1 6],55,77,79,22,77
1,<environment.Job instance at 0x1500af690f50>,29,12,[2 9],44,104,116,60,104
1,<environment.Job instance at 0x15009c61bc80>,57,17,[8 1],89,134,151,45,134
1,<environment.Job instance at 0x15009ca773c0>,61,15,[9 1],94,151,166,57,137
1,<environment.Job instance at 0x15009ca77820>,63,2,[1 9],96,139,141,43,139
1,<environment.Job instance at 0x15009c9757d0>,78,3,[2 5],114,166,169,52,149
1,<environment.Job instance at 0x1500b075d910>,0,16,[5 1],1,1,17,0,1
1,<environment.Job instance at 0x1500afb90730>,4,23,[2 5],7,7,30,0,7
1,<environment.Job instance at 0x1500afb90460>,6,18,[8 2],9,17,35,8,10
1,<environment.Job instance at 0x1500afba0140>,11,3,[7 1],14,35,38,21,14
1,<environment.Job instance at 0x1500afba0320>,12,2,[2 6],15,30,32,15,17
1,<environment.Job instance at 0x1500afb9f140>,15,3,[1 5],20,32,35,12,20
1,<environment.Job instance at 0x1500afb9fb40>,18,15,[1 5],23,35,50,12,23
1,<environment.Job instance at 0x1500afb9f870>,20,2,[6 2],26,38,40,12,26
1,<environment.Job instance at 0x1500afb938c0>,21,16,[2 8],28,50,66,22,37
1,<environment.Job instance at 0x1500afb93c80>,27,3,[6 2],36,40,43,4,39
1,<environment.Job instance at 0x1500afc654b0>,31,1,[6 1],40,43,44,3,41
1,<environment.Job instance at 0x15009c975820>,33,1,[2 7],42,66,67,24,43
1,<environment.Job instance at 0x15009c5ef370>,34,3,[7 1],43,44,47,1,43
1,<environment.Job instance at 0x1500b5767500>,35,1,[8 2],44,47,48,3,44
1,<environment.Job instance at 0x1500b57679b0>,36,28,[ 2 10],46,67,95,21,67
1,<environment.Job instance at 0x1500b5767460>,43,1,[ 1 10],57,95,96,38,74
1,<environment.Job instance at 0x1500b5767280>,44,1,[5 2],58,96,97,38,74
1,<environment.Job instance at 0x1500b5767d20>,45,1,[8 1],59,97,98,38,74
1,<environment.Job instance at 0x1500ac148d20>,46,14,[1 6],61,96,110,35,81
1,<environment.Job instance at 0x1500ac1482d0>,48,3,[2 7],65,110,113,45,84
1,<environment.Job instance at 0x1500ac148870>,50,17,[5 2],70,98,115,28,86
1,<environment.Job instance at 0x15009ce8dcd0>,51,3,[8 2],71,115,118,44,89
1,<environment.Job instance at 0x1500ac0d8820>,52,2,[2 5],74,113,115,39,89
1,<environment.Job instance at 0x15009c95a690>,56,2,[9 1],79,225,227,146,225
1,<environment.Job instance at 0x15009c60b9b0>,63,2,[2 5],88,327,329,239,327
1,<environment.Job instance at 0x15009c664910>,67,1,[9 2],93,332,333,239,332
1,<environment.Job instance at 0x15009c664460>,68,1,[7 2],95,333,334,238,332
1,<environment.Job instance at 0x15009c63f7d0>,60,2,[10  1],85,366,368,281,366
1,<environment.Job instance at 0x15009c631280>,74,1,[1 7],102,368,369,266,366
1,<environment.Job instance at 0x15009c6313c0>,77,3,[9 2],106,385,388,279,385
1,<environment.Job instance at 0x15009cfd42d0>,90,1,[9 2],125,410,411,285,410
1,<environment.Job instance at 0x1500b066dfa0>,110,12,[ 1 10],150,652,664,502,652
1,<environment.Job instance at 0x1500b0671eb0>,111,2,[1 5],151,664,666,513,652
1,<environment.Job instance at 0x1500ae3d1f50>,113,1,[10  1],153,666,667,513,652
1,<environment.Job instance at 0x15009cfc0fa0>,114,3,[1 7],155,667,670,512,652
1,<environment.Job instance at 0x1500afb99870>,6,12,[5 1],9,9,21,0,9
1,<environment.Job instance at 0x1500afb99050>,7,16,[1 7],11,11,27,0,11
1,<environment.Job instance at 0x1500afb99f00>,8,3,[2 6],12,27,30,15,12
1,<environment.Job instance at 0x1500afb99780>,9,17,[6 1],15,21,38,6,15
1,<environment.Job instance at 0x1500afb998c0>,5,17,[2 7],8,30,47,22,19
1,<environment.Job instance at 0x15009c5dd7d0>,17,3,[2 9],24,47,50,23,24
1,<environment.Job instance at 0x15009c87d2d0>,18,15,[8 1],26,38,53,12,26
1,<environment.Job instance at 0x15009c84f2d0>,28,22,[ 1 10],38,53,75,15,46
1,<environment.Job instance at 0x15009c84f050>,31,3,[10  1],42,75,78,33,52
1,<environment.Job instance at 0x15009cf75a00>,40,1,[8 2],56,78,79,22,73
1,<environment.Job instance at 0x15009cf75690>,41,3,[1 5],57,78,81,21,73
1,<environment.Job instance at 0x15009cf75460>,42,1,[10  1],59,81,82,22,73
1,<environment.Job instance at 0x15009cf75050>,44,2,[8 1],61,79,81,18,73
1,<environment.Job instance at 0x15009cf759b0>,45,1,[5 2],62,82,83,20,73
1,<environment.Job instance at 0x15009c84f4b0>,39,3,[9 1],54,83,86,29,73
1,<environment.Job instance at 0x15009cf75af0>,47,2,[5 1],64,86,88,22,73
1,<environment.Job instance at 0x15009cf75230>,49,2,[5 2],67,86,88,19,73
1,<environment.Job instance at 0x15009c84f460>,35,13,[2 5],47,88,101,41,73
1,<environment.Job instance at 0x1500b58fbe10>,54,2,[ 1 10],72,101,103,29,75
1,<environment.Job instance at 0x15009cf75e60>,53,1,[10  1],71,103,104,32,82
1,<environment.Job instance at 0x15009cf75140>,55,2,[1 8],73,104,106,31,86
1,<environment.Job instance at 0x1500afab7dc0>,63,2,[2 5],83,92,94,9,92
1,<environment.Job instance at 0x15009c9809b0>,65,1,[8 1],87,94,95,7,92
1,<environment.Job instance at 0x1500afb900a0>,67,14,[9 2],89,104,118,15,93
1,<environment.Job instance at 0x1500b076eeb0>,69,3,[1 5],91,95,98,4,95
1,<environment.Job instance at 0x15009cc7bb40>,75,3,[7 1],99,118,121,19,104
1,<environment.Job instance at 0x1500b06eb910>,78,1,[1 9],102,118,119,16,106
1,<environment.Job instance at 0x1500afd58a50>,82,3,[2 6],108,119,122,11,108
1,<environment.Job instance at 0x1500afd58460>,83,14,[10  1],109,122,136,13,109
1,<environment.Job instance at 0x1500afd588c0>,87,3,[9 1],114,136,139,22,125
1,<environment.Job instance at 0x1500afd58870>,89,12,[7 2],117,139,151,22,125
1,<environment.Job instance at 0x1500afbf6a00>,93,2,[1 9],123,136,138,13,132
1,<environment.Job instance at 0x1500ade2f960>,96,18,[10  1],126,151,169,25,140
1,<environment.Job instance at 0x15009cdb17d0>,100,2,[2 8],130,140,142,10,140
1,<environment.Job instance at 0x15009cc3f690>,103,2,[10  1],134,169,171,35,143
1,<environment.Job instance at 0x15009cec0050>,107,3,[1 5],142,171,174,29,164
1,<environment.Job instance at 0x15009cec03c0>,109,13,[8 1],145,171,184,26,164
1,<environment.Job instance at 0x15009cec0b40>,110,1,[7 2],146,184,185,38,164
1,<environment.Job instance at 0x15009cec0730>,111,2,[2 8],147,174,176,27,164
1,<environment.Job instance at 0x15009cb2a640>,113,3,[9 2],150,185,188,35,164
1,<environment.Job instance at 0x15009cb2a2d0>,117,2,[5 2],155,188,190,33,165
1,<environment.Job instance at 0x15009cb2a050>,118,2,[8 1],156,190,192,34,165
1,<environment.Job instance at 0x15009cb2ad20>,120,17,[ 2 10],158,192,209,34,180
1,<environment.Job instance at 0x15009cf6faf0>,2,2,[1 6],3,4,6,1,4
1,<environment.Job instance at 0x1500af68b230>,20,2,[1 8],27,514,516,487,514
1,<environment.Job instance at 0x1500af68b5f0>,25,2,[1 5],34,541,543,507,541
1,<environment.Job instance at 0x1500af68b500>,26,2,[9 2],35,541,543,506,541
1,<environment.Job instance at 0x1500afd663c0>,27,1,[9 1],38,543,544,505,541
1,<environment.Job instance at 0x1500afd66fa0>,28,2,[9 1],39,544,546,505,541
1,<environment.Job instance at 0x1500afd66730>,29,2,[6 2],40,546,548,506,541
1,<environment.Job instance at 0x1500afd66f00>,30,2,[2 9],42,548,550,506,541
1,<environment.Job instance at 0x1500afd66820>,32,3,[7 1],44,548,551,504,541
1,<environment.Job instance at 0x1500b5146050>,52,1,[2 8],76,787,788,711,787
1,<environment.Job instance at 0x15009cea25f0>,76,2,[10  1],112,1410,1412,1298,1410
1,<environment.Job instance at 0x15009c8dcaa0>,91,3,[ 1 10],135,1671,1674,1536,1671
1,<environment.Job instance at 0x15009c8dc230>,95,2,[1 9],139,1689,1691,1550,1689
1,<environment.Job instance at 0x1500ac129b90>,97,3,[5 2],142,1691,1694,1549,1689
1,<environment.Job instance at 0x15009cbcaf00>,98,2,[1 8],143,1691,1693,1548,1689
1,<environment.Job instance at 0x1500b0a9b460>,99,17,[9 1],144,1694,1711,1550,1689
1,<environment.Job instance at 0x15009cbe2b90>,101,14,[2 8],148,1711,1725,1563,1696
1,<environment.Job instance at 0x15009c8dceb0>,102,1,[10  2],149,1725,1726,1576,1697
1,<environment.Job instance at 0x1500ae3420a0>,104,13,[8 1],154,1711,1724,1557,1702
1,<environment.Job instance at 0x1500afdc8280>,105,2,[10  1],155,1726,1728,1571,1702
1,<environment.Job instance at 0x1500b0a8f460>,107,1,[6 2],158,1724,1725,1566,1710
1,<environment.Job instance at 0x1500b587a5f0>,1,2,[1 9],4,4,6,0,4
1,<environment.Job instance at 0x1500afb575a0>,5,1,[ 2 10],12,12,13,0,12
1,<environment.Job instance at 0x15009cbdc910>,6,3,[1 9],14,15,18,1,15
1,<environment.Job instance at 0x15009c659230>,10,13,[7 2],21,21,34,0,21
1,<environment.Job instance at 0x15009c659410>,11,1,[1 6],22,22,23,0,22
1,<environment.Job instance at 0x1500ae36ed20>,14,2,[10  2],26,34,36,8,27
1,<environment.Job instance at 0x1500b0a91e10>,17,1,[5 2],31,36,37,5,31
1,<environment.Job instance at 0x1500b0a91a50>,18,18,[10  2],32,37,55,5,32
1,<environment.Job instance at 0x1500afb50be0>,19,3,[1 5],33,55,58,22,33
1,<environment.Job instance at 0x1500ae372460>,20,14,[1 7],34,58,72,24,43
1,<environment.Job instance at 0x15009c9b5550>,27,17,[7 1],45,55,72,10,47
1,<environment.Job instance at 0x15009c9af050>,30,13,[5 2],53,72,85,19,57
1,<environment.Job instance at 0x1500b7204e10>,38,14,[10  2],69,85,99,16,71
1,<environment.Job instance at 0x15009cd396e0>,41,3,[1 6],72,72,75,0,72
1,<environment.Job instance at 0x15009cd39b90>,42,1,[8 1],73,99,100,26,73
1,<environment.Job instance at 0x15009cd39c80>,43,1,[6 1],74,100,101,26,75
1,<environment.Job instance at 0x15009ca94140>,47,1,[2 8],84,84,85,0,84
1,<environment.Job instance at 0x1500afb386e0>,48,2,[9 1],87,101,103,14,87
1,<environment.Job instance at 0x15009c64d230>,50,13,[7 2],91,103,116,12,91
1,<environment.Job instance at 0x15009c9cc280>,51,2,[6 2],92,116,118,24,92
1,<environment.Job instance at 0x15009c5be0f0>,53,3,[ 2 10],98,118,121,20,98
1,<environment.Job instance at 0x15009c9baf50>,57,2,[2 5],104,104,106,0,104
1,<environment.Job instance at 0x1500b6dd98c0>,60,2,[10  1],107,121,123,14,107
1,<environment.Job instance at 0x1500b6dd9190>,61,2,[8 1],108,123,125,15,108
1,<environment.Job instance at 0x1500b6dd93c0>,63,1,[1 9],111,123,124,12,111
1,<environment.Job instance at 0x1500b6dd9a50>,64,18,[8 2],112,125,143,13,114
1,<environment.Job instance at 0x1500b6dd97d0>,67,1,[6 1],115,143,144,28,115
1,<environment.Job instance at 0x1500b6dd9500>,69,1,[6 1],118,144,145,26,119
1,<environment.Job instance at 0x1500b6dd9550>,70,3,[2 5],124,124,127,0,124
1,<environment.Job instance at 0x15009cd500a0>,72,1,[2 9],127,143,144,16,127
1,<environment.Job instance at 0x15009cd50730>,75,2,[2 9],131,144,146,13,131
1,<environment.Job instance at 0x15009cd50320>,77,3,[2 6],133,133,136,0,133
1,<environment.Job instance at 0x15009cd504b0>,78,2,[1 6],134,136,138,2,134
1,<environment.Job instance at 0x15009cd50dc0>,80,1,[2 8],136,138,139,2,136
1,<environment.Job instance at 0x15009cc8c820>,81,2,[10  1],137,146,148,9,137
1,<environment.Job instance at 0x15009cc8c460>,82,2,[7 1],138,148,150,10,138
1,<environment.Job instance at 0x15009cc8c4b0>,83,2,[7 2],139,150,152,11,139
1,<environment.Job instance at 0x15009cc8ceb0>,84,1,[9 2],140,152,153,12,140
1,<environment.Job instance at 0x15009cc8c640>,85,2,[9 1],141,153,155,12,142
1,<environment.Job instance at 0x15009cc8c230>,86,3,[9 1],143,155,158,12,143
1,<environment.Job instance at 0x15009cc8cc80>,87,14,[8 2],145,158,172,13,145
1,<environment.Job instance at 0x15009cc87960>,0,17,[10  2],1,2,19,1,2
1,<environment.Job instance at 0x15009caa1140>,1,12,[1 7],2,19,31,17,3
1,<environment.Job instance at 0x15009cdd6d20>,6,3,[1 6],10,31,34,21,10
1,<environment.Job instance at 0x15009cdd90a0>,10,3,[1 7],14,34,37,20,14
1,<environment.Job instance at 0x15009cdd9410>,11,1,[1 8],15,37,38,22,15
1,<environment.Job instance at 0x15009cdd9af0>,16,3,[1 9],22,38,41,16,22
1,<environment.Job instance at 0x15009cdd9b40>,17,1,[9 1],23,23,24,0,23
1,<environment.Job instance at 0x15009cdd9e10>,18,3,[1 7],24,41,44,17,24
1,<environment.Job instance at 0x15009cdac0a0>,22,3,[9 2],29,30,33,1,30
1,<environment.Job instance at 0x15009cdac4b0>,24,2,[ 1 10],31,44,46,13,31
1,<environment.Job instance at 0x15009cdac5f0>,25,1,[9 1],32,33,34,1,32
1,<environment.Job instance at 0x15009cdac730>,26,2,[1 5],33,46,48,13,33
1,<environment.Job instance at 0x15009cdac910>,27,1,[6 2],34,35,36,1,35
1,<environment.Job instance at 0x15009cdaca50>,28,3,[7 2],36,41,44,5,36
1,<environment.Job instance at 0x15009cdaccd0>,30,19,[5 1],38,46,65,8,39
1,<environment.Job instance at 0x15009cdacf50>,32,3,[1 8],42,48,51,6,42
1,<environment.Job instance at 0x15009cdcb1e0>,37,1,[7 2],48,65,66,17,50
1,<environment.Job instance at 0x15009cdcb280>,38,3,[ 2 10],50,66,69,16,50
1,<environment.Job instance at 0x15009cdcb690>,39,1,[6 2],51,69,70,18,55
1,<environment.Job instance at 0x15009cdcba00>,42,15,[7 2],56,70,85,14,56
1,<environment.Job instance at 0x15009cdcb140>,36,1,[1 5],47,65,66,18,65
1,<environment.Job instance at 0x15009cdcbf00>,47,1,[8 2],65,85,86,20,71
1,<environment.Job instance at 0x15009cdc4550>,50,1,[ 1 10],72,86,87,14,72
1,<environment.Job instance at 0x15009cdc4690>,51,14,[2 7],73,87,101,14,74
1,<environment.Job instance at 0x15009cdc4910>,53,1,[ 1 10],75,101,102,26,78
1,<environment.Job instance at 0x15009cdc4dc0>,59,18,[8 1],82,102,120,20,92
1,<environment.Job instance at 0x15009cdc4f00>,61,16,[6 2],85,120,136,35,107
1,<environment.Job instance at 0x15009cdba230>,64,2,[8 1],90,136,138,46,111
1,<environment.Job instance at 0x15009cdba820>,73,16,[2 6],105,111,127,6,111
1,<environment.Job instance at 0x15009cdb0410>,76,3,[2 9],112,136,139,24,120
1,<environment.Job instance at 0x15009cdb0550>,78,3,[7 1],116,138,141,22,120
1,<environment.Job instance at 0x15009cdb4e60>,80,3,[7 2],121,141,144,20,121
1,<environment.Job instance at 0x15009cd30370>,81,3,[9 2],123,144,147,21,123
1,<environment.Job instance at 0x15009c822550>,83,13,[1 5],127,139,152,12,127
1,<environment.Job instance at 0x15009cde6960>,86,3,[1 8],130,131,134,1,131
1,<environment.Job instance at 0x15009cde6780>,88,18,[1 8],133,152,170,19,141
1,<environment.Job instance at 0x15009cde6690>,91,12,[8 1],137,147,159,10,141
1,<environment.Job instance at 0x15009cdb52d0>,93,16,[ 2 10],143,170,186,27,160
1,<environment.Job instance at 0x15009cdb0be0>,95,2,[2 6],145,186,188,41,167
1,<environment.Job instance at 0x15009cdb0cd0>,100,1,[8 2],153,169,170,16,169
1,<environment.Job instance at 0x15009cdaf320>,2,1,[1 5],5,6,7,1,6
1,<environment.Job instance at 0x15009cda98c0>,0,3,[8 1],2,11,14,9,11
1,<environment.Job instance at 0x1500b579b410>,4,17,[6 1],8,14,31,6,12
1,<environment.Job instance at 0x15009c6f7410>,9,2,[6 2],14,31,33,17,19
1,<environment.Job instance at 0x1500b0a4d190>,14,16,[7 1],21,33,49,12,21
1,<environment.Job instance at 0x1500ade444b0>,16,2,[1 8],23,24,26,1,24
1,<environment.Job instance at 0x1500ac158eb0>,20,13,[9 1],29,49,62,20,33
1,<environment.Job instance at 0x1500b6f492d0>,24,14,[2 8],34,34,48,0,34
1,<environment.Job instance at 0x1500afcb74b0>,25,2,[6 2],35,62,64,27,35
1,<environment.Job instance at 0x1500afcb71e0>,27,14,[9 1],39,64,78,25,54
1,<environment.Job instance at 0x1500ac1fa730>,33,2,[7 2],47,78,80,31,54
1,<environment.Job instance at 0x1500b6f491e0>,23,2,[8 2],33,80,82,47,54
1,<environment.Job instance at 0x15009c747c30>,35,2,[1 5],49,54,56,5,54
1,<environment.Job instance at 0x15009cd74960>,29,1,[10  2],41,82,83,41,55
1,<environment.Job instance at 0x15009c72c3c0>,48,2,[ 2 10],72,83,85,11,74
1,<environment.Job instance at 0x1500ac153c80>,52,17,[6 2],76,85,102,9,76
1,<environment.Job instance at 0x1500b77c2be0>,56,2,[2 7],81,85,87,4,83
1,<environment.Job instance at 0x1500ac0dbc80>,59,2,[7 1],84,102,104,18,84
1,<environment.Job instance at 0x15009ce82910>,61,2,[6 2],87,104,106,17,87
1,<environment.Job instance at 0x1500afb9ff00>,62,2,[10  2],89,106,108,17,89
1,<environment.Job instance at 0x1500ae38b960>,65,1,[8 2],96,108,109,12,97
1,<environment.Job instance at 0x15009cddb6e0>,67,2,[8 1],100,109,111,9,100
1,<environment.Job instance at 0x1500b6d9b6e0>,68,3,[2 7],101,101,104,0,101
1,<environment.Job instance at 0x15009c5a55a0>,69,1,[1 6],102,104,105,2,102
1,<environment.Job instance at 0x15009c5a5730>,70,1,[8 1],106,111,112,5,108
1,<environment.Job instance at 0x15009cf58410>,71,1,[10  1],107,112,113,5,108
1,<environment.Job instance at 0x15009c529b90>,73,2,[9 1],109,113,115,4,109
1,<environment.Job instance at 0x1500afbbe9b0>,75,12,[7 1],111,115,127,4,111
1,<environment.Job instance at 0x1500afbbe500>,76,3,[10  1],112,127,130,15,112
1,<environment.Job instance at 0x1500ac12d370>,99,18,[2 7],149,253,271,104,253
1,<environment.Job instance at 0x1500ae3621e0>,103,2,[5 2],157,260,262,103,260
1,<environment.Job instance at 0x1500afab0640>,1,16,[9 2],2,3,19,1,3
1,<environment.Job instance at 0x1500afab0690>,3,1,[5 1],4,19,20,15,5
1,<environment.Job instance at 0x1500afab0550>,4,2,[2 7],5,19,21,14,7
1,<environment.Job instance at 0x1500afab5780>,11,23,[5 2],14,20,43,6,16
1,<environment.Job instance at 0x1500afb9f0a0>,9,14,[2 7],10,21,35,11,16
1,<environment.Job instance at 0x15009c97df50>,13,3,[9 1],17,43,46,26,19
1,<environment.Job instance at 0x1500b07865a0>,14,17,[2 6],18,81,98,63,81
1,<environment.Job instance at 0x15009c5e64b0>,31,18,[ 2 10],44,158,176,114,158
1,<environment.Job instance at 0x1500afba3320>,32,1,[ 1 10],46,184,185,138,184
1,<environment.Job instance at 0x1500b0a00eb0>,36,12,[1 9],51,205,217,154,205
1,<environment.Job instance at 0x1500b6d90690>,38,12,[1 5],53,217,229,164,206
1,<environment.Job instance at 0x1500b6d90460>,41,3,[6 2],57,217,220,160,206
1,<environment.Job instance at 0x1500b6d90230>,42,2,[2 7],58,229,231,171,206
1,<environment.Job instance at 0x1500b6d90aa0>,47,15,[8 2],64,220,235,156,214
1,<environment.Job instance at 0x1500b6d90640>,48,3,[ 2 10],65,235,238,170,215
1,<environment.Job instance at 0x1500b6d90f50>,49,14,[1 5],66,238,252,172,224
1,<environment.Job instance at 0x1500b6d90e10>,50,1,[ 2 10],67,252,253,185,224
1,<environment.Job instance at 0x1500b6d908c0>,55,21,[2 7],74,253,274,179,246
1,<environment.Job instance at 0x1500b6d90730>,56,3,[8 2],75,247,250,172,247
1,<environment.Job instance at 0x15009c5c70a0>,60,1,[1 6],79,274,275,195,247
1,<environment.Job instance at 0x1500b065ec30>,63,13,[1 6],82,275,288,193,262
1,<environment.Job instance at 0x1500afc49c30>,64,3,[5 1],83,262,265,179,262
1,<environment.Job instance at 0x1500b78d33c0>,65,15,[7 2],84,265,280,181,262
1,<environment.Job instance at 0x1500b6db4eb0>,66,2,[1 6],87,288,290,201,263
1,<environment.Job instance at 0x15009cf585a0>,67,16,[2 7],90,290,306,200,277
1,<environment.Job instance at 0x15009cf58c80>,71,21,[1 5],99,306,327,207,303
1,<environment.Job instance at 0x15009cf587d0>,74,2,[1 6],102,327,329,225,304
1,<environment.Job instance at 0x15009c64e690>,79,13,[1 9],107,329,342,222,314
1,<environment.Job instance at 0x15009cf86b90>,80,3,[9 2],110,314,317,204,314
1,<environment.Job instance at 0x15009ca97190>,81,3,[5 1],111,317,320,206,314
1,<environment.Job instance at 0x15009ccfb320>,85,3,[ 2 10],116,342,345,226,316
1,<environment.Job instance at 0x15009cf061e0>,82,2,[5 1],113,320,322,207,316
1,<environment.Job instance at 0x1500b57f4690>,92,2,[7 1],123,322,324,199,318
1,<environment.Job instance at 0x1500b57f4550>,95,3,[6 2],127,324,327,197,318
1,<environment.Job instance at 0x15009cdad460>,97,3,[1 7],130,345,348,215,320
1,<environment.Job instance at 0x1500b5814f50>,101,1,[2 9],136,348,349,212,320
1,<environment.Job instance at 0x1500b5814320>,102,1,[ 1 10],138,349,350,211,322
1,<environment.Job instance at 0x1500afd41d70>,107,22,[2 8],144,350,372,206,345
1,<environment.Job instance at 0x1500afd419b0>,112,1,[10  2],149,372,373,223,345
1,<environment.Job instance at 0x1500b06d0410>,114,3,[10  2],155,373,376,218,348
1,<environment.Job instance at 0x15009c6e65f0>,116,1,[ 1 10],157,376,377,219,349
1,<environment.Job instance at 0x1500b0786870>,1,2,[2 8],3,4,6,1,4
1,<environment.Job instance at 0x1500b0786640>,2,3,[1 7],5,11,14,6,11
1,<environment.Job instance at 0x1500ac141c30>,5,13,[2 5],12,14,27,2,12
1,<environment.Job instance at 0x1500ac141b40>,6,12,[2 7],13,27,39,14,13
1,<environment.Job instance at 0x1500ac141e10>,7,13,[7 2],14,15,28,1,15
1,<environment.Job instance at 0x1500ac1225f0>,14,3,[2 9],21,39,42,18,21
1,<environment.Job instance at 0x1500ac1419b0>,10,3,[8 1],17,29,32,12,29
1,<environment.Job instance at 0x1500ac122e10>,21,2,[2 8],32,42,44,10,34
1,<environment.Job instance at 0x1500ac122870>,16,1,[10  2],25,44,45,19,36
1,<environment.Job instance at 0x1500ac13a370>,25,1,[2 8],37,45,46,8,42
1,<environment.Job instance at 0x1500ac13aa50>,31,13,[9 2],48,48,61,0,48
1,<environment.Job instance at 0x1500ac13ac80>,33,18,[2 6],51,61,79,10,51
1,<environment.Job instance at 0x1500ac122d70>,23,16,[8 1],35,61,77,26,51
1,<environment.Job instance at 0x1500ac13af00>,37,1,[10  1],55,79,80,24,58
1,<environment.Job instance at 0x1500ac13afa0>,38,2,[5 1],56,77,79,21,58
1,<environment.Job instance at 0x1500ac147690>,41,3,[9 2],60,80,83,20,60
1,<environment.Job instance at 0x1500ac147820>,45,12,[2 8],67,95,107,28,95
1,<environment.Job instance at 0x1500ac147aa0>,50,2,[9 1],74,108,110,34,108
1,<environment.Job instance at 0x1500ac147dc0>,53,3,[6 2],82,133,136,51,133
1,<environment.Job instance at 0x1500ac147fa0>,54,3,[2 5],84,134,137,50,134
1,<environment.Job instance at 0x1500ac147af0>,47,3,[1 6],70,144,147,74,144
1,<environment.Job instance at 0x1500ac10eb40>,57,2,[9 1],88,149,151,61,149
1,<environment.Job instance at 0x1500ac10eaf0>,58,16,[ 1 10],90,163,179,73,163
1,<environment.Job instance at 0x1500ac10e0a0>,64,16,[1 8],97,212,228,115,212
1,<environment.Job instance at 0x1500ac10e7d0>,65,3,[5 1],99,220,223,121,220
1,<environment.Job instance at 0x1500ac10e320>,66,1,[2 9],101,228,229,127,228
1,<environment.Job instance at 0x1500b06c94b0>,75,2,[1 5],112,229,231,117,228
1,<environment.Job instance at 0x15009c8455a0>,76,3,[6 1],113,236,239,123,236
1,<environment.Job instance at 0x1500b5884fa0>,80,1,[7 1],118,251,252,133,251
1,<environment.Job instance at 0x15009ca131e0>,86,1,[2 8],125,263,264,138,263
1,<environment.Job instance at 0x15009cca9230>,90,2,[8 1],129,281,283,152,281
1,<environment.Job instance at 0x15009ccc2820>,94,18,[8 2],133,284,302,151,284
1,<environment.Job instance at 0x15009c729640>,0,3,[1 9],1,2,5,1,2
1,<environment.Job instance at 0x1500ac147780>,2,1,[10  2],5,5,6,0,5
1,<environment.Job instance at 0x15009c729960>,3,28,[2 9],6,6,34,0,6
1,<environment.Job instance at 0x15009ca0ba00>,5,1,[1 6],8,34,35,26,9
1,<environment.Job instance at 0x15009ca0b190>,7,2,[ 1 10],10,35,37,25,10
1,<environment.Job instance at 0x15009ca0b550>,8,1,[7 1],11,12,13,1,12
1,<environment.Job instance at 0x15009c822190>,10,1,[5 1],14,14,15,0,14
1,<environment.Job instance at 0x15009c822be0>,11,1,[2 7],15,37,38,22,16
1,<environment.Job instance at 0x15009c822a00>,14,1,[6 2],18,34,35,16,19
1,<environment.Job instance at 0x15009c741aa0>,19,3,[1 7],26,38,41,12,27
1,<environment.Job instance at 0x15009c822f50>,12,15,[5 1],16,37,52,21,31
1,<environment.Job instance at 0x15009ceb7780>,23,2,[1 6],32,41,43,9,32
1,<environment.Job instance at 0x15009c741500>,22,1,[5 1],30,33,34,3,33
1,<environment.Job instance at 0x15009ceb7f50>,24,12,[ 1 10],34,52,64,18,37
1,<environment.Job instance at 0x15009ceb7730>,29,13,[9 2],40,64,77,24,50
1,<environment.Job instance at 0x15009ceb7cd0>,32,1,[2 5],43,50,51,7,50
1,<environment.Job instance at 0x15009ceb7aa0>,33,17,[1 8],45,64,81,19,52
1,<environment.Job instance at 0x15009ceb7af0>,35,25,[7 2],48,77,102,29,74
1,<environment.Job instance at 0x1500b0a71a00>,51,17,[1 9],68,233,250,165,233
1,<environment.Job instance at 0x1500b0a47140>,55,18,[7 1],75,291,309,216,291
1,<environment.Job instance at 0x15009cd3fdc0>,61,2,[7 1],81,322,324,241,322
1,<environment.Job instance at 0x1500af6881e0>,74,2,[1 9],99,525,527,426,525
1,<environment.Job instance at 0x15009cd50a00>,80,3,[2 9],107,586,589,479,586
1,<environment.Job instance at 0x15009cd508c0>,86,2,[7 2],116,629,631,513,629
1,<environment.Job instance at 0x15009cd50aa0>,92,3,[7 2],125,658,661,533,658
1,<environment.Job instance at 0x1500b5811870>,99,16,[1 5],137,678,694,541,678
1,<environment.Job instance at 0x1500b5811e60>,103,3,[9 2],143,685,688,542,685
1,<environment.Job instance at 0x15009c731870>,108,17,[2 7],150,824,841,674,824
1,<environment.Job instance at 0x1500afaefb40>,6,25,[1 7],9,27,52,18,27
1,<environment.Job instance at 0x1500b5767550>,13,1,[1 6],21,52,53,31,28
1,<environment.Job instance at 0x15009cea0050>,19,3,[1 6],29,53,56,24,35
1,<environment.Job instance at 0x1500b07869b0>,21,3,[6 1],31,36,39,5,36
1,<environment.Job instance at 0x1500afaf8500>,23,2,[8 1],33,39,41,6,36
1,<environment.Job instance at 0x15009c926d70>,24,23,[1 9],34,56,79,22,50
1,<environment.Job instance at 0x1500b58820a0>,28,3,[2 8],39,79,82,40,53
1,<environment.Job instance at 0x1500b58858c0>,30,17,[9 1],41,53,70,12,53
1,<environment.Job instance at 0x1500b5885140>,31,2,[6 1],42,70,72,28,53
1,<environment.Job instance at 0x1500b58856e0>,33,2,[2 5],46,82,84,36,55
1,<environment.Job instance at 0x1500afaef1e0>,8,2,[8 1],13,72,74,59,62
1,<environment.Job instance at 0x1500b12d9370>,39,1,[8 2],55,87,88,32,87
1,<environment.Job instance at 0x1500afd21280>,43,2,[5 1],60,98,100,38,98
1,<environment.Job instance at 0x15009c9b5640>,49,2,[2 7],72,103,105,31,103
1,<environment.Job instance at 0x15009cacb190>,52,2,[2 6],77,106,108,29,106
1,<environment.Job instance at 0x1500ac210410>,56,1,[ 1 10],84,124,125,40,124
1,<environment.Job instance at 0x1500b079f1e0>,59,1,[1 9],88,185,186,97,185
1,<environment.Job instance at 0x1500af69f5a0>,66,3,[6 1],100,187,190,87,187
1,<environment.Job instance at 0x1500af69fd20>,67,2,[8 2],101,190,192,89,189
1,<environment.Job instance at 0x15009c64e6e0>,79,1,[7 2],115,201,202,86,201
1,<environment.Job instance at 0x15009c64e730>,80,15,[10  2],116,202,217,86,202
1,<environment.Job instance at 0x15009c64e1e0>,87,3,[ 2 10],125,217,220,92,204
1,<environment.Job instance at 0x1500afca0050>,89,3,[1 8],130,220,223,90,204
1,<environment.Job instance at 0x1500afca0cd0>,90,2,[2 7],132,223,225,91,204
1,<environment.Job instance at 0x1500afca0fa0>,91,14,[10  1],133,225,239,92,210
1,<environment.Job instance at 0x1500afca0190>,96,17,[2 8],140,246,263,106,246
1,<environment.Job instance at 0x14cb8a968af0>,2,1,[2 5],3,3,4,0,3
1,<environment.Job instance at 0x14cb81405410>,4,2,[7 2],5,5,7,0,5
1,<environment.Job instance at 0x14cb8a90ea00>,5,3,[9 2],6,7,10,1,7
1,<environment.Job instance at 0x14cb89786c30>,11,3,[1 8],13,13,16,0,13
1,<environment.Job instance at 0x14cb8142ad70>,12,3,[1 8],14,16,19,2,14
1,<environment.Job instance at 0x14cb81643f50>,13,2,[8 1],17,17,19,0,17
1,<environment.Job instance at 0x14cb812ee5f0>,14,2,[ 1 10],18,21,23,3,21
1,<environment.Job instance at 0x14cb81315410>,16,1,[2 5],21,26,27,5,26
1,<environment.Job instance at 0x14cb81315eb0>,17,17,[6 1],23,26,43,3,26
1,<environment.Job instance at 0x14cb8131c7d0>,19,3,[6 2],26,43,46,17,29
1,<environment.Job instance at 0x14cb80eac780>,28,2,[2 7],37,37,39,0,37
1,<environment.Job instance at 0x14cb80eacaa0>,29,16,[10  2],39,48,64,9,48
1,<environment.Job instance at 0x14cb80ec2050>,45,3,[2 8],60,64,67,4,63
1,<environment.Job instance at 0x14cb8139f230>,47,1,[1 6],63,74,75,11,74
1,<environment.Job instance at 0x14cb80ed7640>,50,12,[9 1],68,77,89,9,77
1,<environment.Job instance at 0x14cb80ed7780>,55,16,[2 5],76,89,105,13,81
1,<environment.Job instance at 0x14cb813314b0>,61,3,[1 5],87,114,117,27,114
1,<environment.Job instance at 0x14cb8138da50>,63,3,[10  1],89,119,122,30,119
1,<environment.Job instance at 0x14cb813316e0>,60,17,[8 1],86,126,143,40,126
1,<environment.Job instance at 0x14cb8138dc30>,64,12,[9 1],91,143,155,52,126
1,<environment.Job instance at 0x14cb8138dbe0>,68,3,[1 9],95,130,133,35,130
1,<environment.Job instance at 0x14cb81382d70>,71,3,[2 9],99,133,136,34,131
1,<environment.Job instance at 0x14cb81382780>,74,3,[6 2],106,155,158,49,132
1,<environment.Job instance at 0x14cb80ea4320>,81,3,[ 2 10],114,158,161,44,136
1,<environment.Job instance at 0x14cb80ea4780>,83,1,[10  1],117,161,162,44,137
1,<environment.Job instance at 0x14cb81368c30>,84,2,[ 1 10],118,162,164,44,137
1,<environment.Job instance at 0x14cb836aa230>,87,2,[2 6],122,138,140,16,138
1,<environment.Job instance at 0x14cb81668780>,95,3,[2 8],132,155,158,23,155
1,<environment.Job instance at 0x14cb8166b550>,101,13,[2 9],140,179,192,39,179
1,<environment.Job instance at 0x14cb8165feb0>,113,3,[5 2],156,192,195,36,191
1,<environment.Job instance at 0x14cb8165f9b0>,114,15,[9 2],157,195,210,38,192
1,<environment.Job instance at 0x14cb81664280>,118,3,[9 1],163,210,213,47,194
1,<environment.Job instance at 0x14cb82c9dfa0>,120,1,[1 8],166,195,196,29,195
1,<environment.Job instance at 0x14cb81664aa0>,123,2,[1 8],169,196,198,27,195
1,<environment.Job instance at 0x14cb81647dc0>,4,2,[7 2],5,62,64,57,62
1,<environment.Job instance at 0x14cb81405f50>,21,13,[ 2 10],32,270,283,238,270
1,<environment.Job instance at 0x14cb81405280>,20,2,[ 1 10],31,283,285,252,270
1,<environment.Job instance at 0x14cb81405780>,24,15,[1 7],35,285,300,250,283
1,<environment.Job instance at 0x14cb81405d20>,23,1,[2 9],34,301,302,267,301
1,<environment.Job instance at 0x14cb814053c0>,35,16,[1 6],49,315,331,266,315
1,<environment.Job instance at 0x14cb81664550>,40,15,[9 2],60,347,362,287,347
1,<environment.Job instance at 0x14cb81664eb0>,46,1,[ 1 10],67,362,363,295,355
1,<environment.Job instance at 0x14cb81665f50>,61,2,[5 2],94,416,418,322,416
1,<environment.Job instance at 0x14cb816650f0>,58,14,[2 8],89,514,528,425,514
1,<environment.Job instance at 0x14cb82bde960>,84,2,[1 7],124,638,640,514,638
1,<environment.Job instance at 0x14cb82bde550>,88,2,[10  1],129,640,642,511,638
1,<environment.Job instance at 0x14cb82bdef00>,86,1,[1 6],127,642,643,515,639
1,<environment.Job instance at 0x14cb82bde370>,90,17,[7 1],132,642,659,510,640
1,<environment.Job instance at 0x14cb81668af0>,82,3,[1 7],120,643,646,523,640
1,<environment.Job instance at 0x14cb82bde2d0>,91,1,[2 5],134,646,647,512,641
1,<environment.Job instance at 0x14cb82bdeeb0>,99,14,[8 1],146,659,673,513,644
1,<environment.Job instance at 0x14cb82bde5f0>,100,2,[ 1 10],147,673,675,526,648
1,<environment.Job instance at 0x14cb82b73050>,109,20,[8 2],162,675,695,513,667
1,<environment.Job instance at 0x14cb82b73460>,112,3,[1 8],168,669,672,501,669
1,<environment.Job instance at 0x14cb82b73960>,106,3,[5 1],154,695,698,541,678
1,<environment.Job instance at 0x14cb82d0f370>,1,2,[9 2],2,10,12,8,10
1,<environment.Job instance at 0x14cb378c2af0>,9,3,[5 2],14,14,17,0,14
1,<environment.Job instance at 0x14cb378c2aa0>,11,15,[8 2],16,17,32,1,16
1,<environment.Job instance at 0x14cb378c2b90>,10,2,[ 2 10],15,32,34,17,16
1,<environment.Job instance at 0x14cb378c2e10>,12,17,[10  1],18,34,51,16,28
1,<environment.Job instance at 0x14cb837ac500>,18,2,[1 9],31,51,53,20,35
1,<environment.Job instance at 0x14cb837aca50>,23,18,[ 1 10],36,53,71,17,42
1,<environment.Job instance at 0x14cb837acd70>,26,1,[7 2],41,71,72,30,47
1,<environment.Job instance at 0x14cb378c45f0>,32,2,[ 1 10],49,72,74,23,49
1,<environment.Job instance at 0x14cb378c46e0>,33,3,[10  2],50,74,77,24,50
1,<environment.Job instance at 0x14cb378c4870>,34,2,[2 9],51,77,79,26,51
1,<environment.Job instance at 0x14cb378c7410>,42,2,[10  2],65,79,81,14,65
1,<environment.Job instance at 0x14cb378c7550>,43,2,[6 1],66,77,79,11,67
1,<environment.Job instance at 0x14cb378c7730>,44,3,[9 2],68,81,84,13,69
1,<environment.Job instance at 0x14cb378c7960>,47,3,[1 7],73,81,84,8,75
1,<environment.Job instance at 0x14cb378c7c80>,49,1,[7 2],76,84,85,8,78
1,<environment.Job instance at 0x14cb378c7d20>,50,3,[1 7],78,84,87,6,78
1,<environment.Job instance at 0x14cb378c7e60>,51,14,[1 6],79,87,101,8,80
1,<environment.Job instance at 0x14cb378c9410>,55,2,[2 9],85,101,103,16,85
1,<environment.Job instance at 0x14cb378c9550>,56,2,[2 5],86,103,105,17,86
1,<environment.Job instance at 0x14cb378c95f0>,59,3,[8 1],89,89,92,0,89
1,<environment.Job instance at 0x14cb378c9960>,60,3,[8 1],93,93,96,0,93
1,<environment.Job instance at 0x14cb378c9af0>,61,1,[10  1],94,105,106,11,94
1,<environment.Job instance at 0x14cb378c9be0>,62,27,[1 7],95,106,133,11,105
1,<environment.Job instance at 0x14cb378c9cd0>,64,16,[2 8],99,133,149,34,120
1,<environment.Job instance at 0x14cb378c9d20>,66,1,[2 6],103,149,150,46,121
1,<environment.Job instance at 0x14cb378c9f00>,69,3,[2 9],107,150,153,43,124
1,<environment.Job instance at 0x14cb378cc230>,70,1,[5 1],109,124,125,15,124
1,<environment.Job instance at 0x14cb378cc140>,71,3,[1 5],110,153,156,43,127
1,<environment.Job instance at 0x14cb378cc3c0>,74,1,[1 8],115,156,157,41,128
1,<environment.Job instance at 0x14cb378cc690>,76,3,[1 6],117,157,160,40,136
1,<environment.Job instance at 0x14cb378cc5a0>,78,14,[9 1],120,153,167,33,138
1,<environment.Job instance at 0x14cb813cde10>,80,2,[1 7],122,160,162,38,141
1,<environment.Job instance at 0x14cb813c92d0>,81,15,[1 5],123,162,177,39,148
1,<environment.Job instance at 0x14cb3793a460>,83,2,[1 8],126,177,179,51,150
1,<environment.Job instance at 0x14cb3793a230>,84,2,[1 5],128,167,169,39,150
1,<environment.Job instance at 0x14cb37ab75a0>,91,3,[10  2],137,179,182,42,175
1,<environment.Job instance at 0x14cb379cf140>,97,16,[1 5],145,189,205,44,189
1,<environment.Job instance at 0x14cb37a560f0>,110,1,[2 9],162,355,356,193,355
1,<environment.Job instance at 0x14cb379d2960>,111,27,[ 2 10],163,374,401,211,374
1,<environment.Job instance at 0x14cb37949730>,112,2,[10  1],164,401,403,237,374
1,<environment.Job instance at 0x14cb37975050>,107,1,[6 2],158,403,404,245,377
1,<environment.Job instance at 0x14cb379759b0>,103,2,[1 8],151,403,405,252,377
1,<environment.Job instance at 0x14cb37972fa0>,114,1,[5 2],167,404,405,237,382
1,<environment.Job instance at 0x14cb378ccd70>,0,3,[2 5],1,1,4,0,1
1,<environment.Job instance at 0x14cb7c0fa410>,10,19,[2 9],16,16,35,0,16
1,<environment.Job instance at 0x14cb7c198a00>,16,3,[2 7],22,35,38,13,29
1,<environment.Job instance at 0x14cb80ec2d20>,23,1,[2 6],31,39,40,8,39
1,<environment.Job instance at 0x14cb837bd960>,24,3,[1 7],33,40,43,7,40
1,<environment.Job instance at 0x14cb37fb86e0>,27,17,[9 1],36,109,126,73,109
1,<environment.Job instance at 0x14cb812eeaa0>,28,3,[5 1],37,126,129,89,113
1,<environment.Job instance at 0x14cb7c1fe460>,29,1,[10  1],38,129,130,91,113
1,<environment.Job instance at 0x14cb7c21b1e0>,40,13,[5 1],51,130,143,79,128
1,<environment.Job instance at 0x14cb7c207e10>,47,13,[10  1],58,147,160,89,147
1,<environment.Job instance at 0x14cb7c207be0>,46,3,[7 1],57,161,164,104,161
1,<environment.Job instance at 0x14cb83ac0320>,53,3,[1 9],68,166,169,98,166
1,<environment.Job instance at 0x14cb7c2077d0>,50,2,[10  2],62,203,205,141,203
1,<environment.Job instance at 0x14cb837cd140>,63,1,[7 1],86,233,234,147,233
1,<environment.Job instance at 0x14cb82e5cb90>,72,16,[1 5],101,304,320,203,304
1,<environment.Job instance at 0x14cb82e5caa0>,79,16,[ 2 10],112,346,362,234,346
1,<environment.Job instance at 0x14cb82b9cbe0>,87,1,[2 8],129,374,375,245,374
1,<environment.Job instance at 0x14cb82b9ca00>,88,2,[7 2],130,375,377,245,375
1,<environment.Job instance at 0x14cb7c1f68c0>,93,27,[1 7],135,411,438,276,411
1,<environment.Job instance at 0x14cb7c1f6b90>,97,2,[ 1 10],140,438,440,298,419
1,<environment.Job instance at 0x14cb7c1f6780>,98,3,[9 2],142,440,443,298,438
1,<environment.Job instance at 0x14cb7c1f6aa0>,99,2,[5 1],143,443,445,300,441
1,<environment.Job instance at 0x14cb837cfd70>,104,1,[5 1],153,537,538,384,537
1,<environment.Job instance at 0x14cb837cfaf0>,105,13,[10  1],155,542,555,387,542
1,<environment.Job instance at 0x14cb837cf6e0>,109,15,[2 7],160,555,570,395,546
1,<environment.Job instance at 0x14cb837cf4b0>,110,2,[8 2],165,555,557,390,546
1,<environment.Job instance at 0x14cb837cf0a0>,113,1,[8 1],169,557,558,388,546
1,<environment.Job instance at 0x14cb837cfd20>,112,3,[6 2],167,558,561,391,546
1,<environment.Job instance at 0x14cb7c1f6c30>,89,2,[6 2],131,561,563,430,553
1,<environment.Job instance at 0x14cb87e01e60>,10,28,[5 1],16,42,70,26,42
1,<environment.Job instance at 0x14cb37f6bdc0>,20,3,[1 5],27,58,61,31,58
1,<environment.Job instance at 0x14cb37f6bb40>,22,13,[2 5],29,76,89,47,76
1,<environment.Job instance at 0x14cb37ec6cd0>,30,12,[2 6],43,89,101,46,82
1,<environment.Job instance at 0x14cb37ec6a00>,33,25,[8 1],49,83,108,34,83
1,<environment.Job instance at 0x14cb37f6bbe0>,28,3,[7 2],39,108,111,69,86
1,<environment.Job instance at 0x14cb37ec6dc0>,37,3,[1 7],54,101,104,47,89
1,<environment.Job instance at 0x14cb37ec67d0>,35,16,[1 6],51,104,120,53,91
1,<environment.Job instance at 0x14cb37ec65a0>,40,2,[7 2],58,111,113,53,91
1,<environment.Job instance at 0x14cb37ec6320>,42,3,[1 5],60,120,123,60,98
1,<environment.Job instance at 0x14cb37f68410>,44,3,[9 2],63,113,116,50,109
1,<environment.Job instance at 0x14cb37f68eb0>,45,13,[1 9],64,123,136,59,111
1,<environment.Job instance at 0x14cb37f68a50>,46,2,[1 8],65,136,138,71,111
1,<environment.Job instance at 0x14cb37f68820>,49,19,[2 5],70,138,157,68,128
1,<environment.Job instance at 0x14cb37f68050>,51,3,[6 2],72,136,139,64,128
1,<environment.Job instance at 0x14cb37f68910>,52,2,[6 2],73,139,141,66,128
1,<environment.Job instance at 0x14cb37f680a0>,53,17,[5 2],74,141,158,67,129
1,<environment.Job instance at 0x14cb37f68dc0>,55,12,[ 1 10],77,158,170,81,141
1,<environment.Job instance at 0x14cb37f68b90>,57,1,[1 6],80,157,158,77,143
1,<environment.Job instance at 0x14cb37e8c0f0>,65,2,[1 9],89,170,172,81,143
1,<environment.Job instance at 0x14cb8130ac30>,70,1,[1 5],96,172,173,76,146
1,<environment.Job instance at 0x14cb8130a8c0>,72,1,[5 2],99,172,173,73,146
1,<environment.Job instance at 0x14cb8130a1e0>,73,17,[10  1],100,173,190,73,161
1,<environment.Job instance at 0x14cb8130a140>,76,21,[ 2 10],104,190,211,86,183
1,<environment.Job instance at 0x14cb7c1d7280>,79,3,[2 7],108,211,214,103,190
1,<environment.Job instance at 0x14cb7c1d7aa0>,84,16,[1 8],113,214,230,101,207
1,<environment.Job instance at 0x14cb7c1d74b0>,85,14,[2 6],115,230,244,115,216
1,<environment.Job instance at 0x14cb7c1d7a50>,86,1,[9 1],116,217,218,101,217
1,<environment.Job instance at 0x14cb7c1d7730>,88,2,[10  2],118,244,246,126,220
1,<environment.Job instance at 0x14cb7c1d7dc0>,89,15,[9 2],120,246,261,126,232
1,<environment.Job instance at 0x14cb37ec7eb0>,97,3,[2 6],131,261,264,130,240
1,<environment.Job instance at 0x14cb37ec7910>,98,2,[9 1],132,264,266,132,241
1,<environment.Job instance at 0x14cb37ec7870>,100,2,[7 2],135,241,243,106,241
1,<environment.Job instance at 0x14cb37ec72d0>,102,3,[5 1],137,261,264,124,242
1,<environment.Job instance at 0x14cb7c065410>,107,17,[7 1],144,266,283,122,255
1,<environment.Job instance at 0x14cb37721d70>,108,17,[2 7],145,266,283,121,255
1,<environment.Job instance at 0x14cb3772a3c0>,109,13,[2 8],146,283,296,137,267
1,<environment.Job instance at 0x14cb7c1f3d20>,110,16,[6 1],147,283,299,136,270
1,<environment.Job instance at 0x14cb37fc3410>,114,1,[1 8],151,296,297,145,271
1,<environment.Job instance at 0x14cb37d3c1e0>,115,2,[6 2],152,299,301,147,272
1,<environment.Job instance at 0x14cb375c6500>,119,2,[ 1 10],158,301,303,143,274
1,<environment.Job instance at 0x14cb3772f410>,121,1,[5 1],160,303,304,143,276
1,<environment.Job instance at 0x14cb82e48780>,122,14,[2 9],161,303,317,142,288
1,<environment.Job instance at 0x14cb37f6b730>,16,17,[9 2],23,353,370,330,353
1,<environment.Job instance at 0x14cb7c1d6190>,128,1,[5 1],167,370,371,203,354
1,<environment.Job instance at 0x14cb837bc910>,2,13,[7 2],4,4,17,0,4
1,<environment.Job instance at 0x14cb37a55500>,3,22,[8 1],5,17,39,12,10
1,<environment.Job instance at 0x14cb37a58fa0>,10,2,[2 7],13,16,18,3,16
1,<environment.Job instance at 0x14cb37a58460>,14,22,[2 6],19,19,41,0,19
1,<environment.Job instance at 0x14cb37a58af0>,18,2,[9 1],24,41,43,17,38
1,<environment.Job instance at 0x14cb37a587d0>,20,1,[8 1],27,43,44,16,41
1,<environment.Job instance at 0x14cb37a58e10>,21,1,[5 1],29,46,47,17,46
1,<environment.Job instance at 0x14cb379bc320>,25,1,[ 2 10],34,50,51,16,50
1,<environment.Job instance at 0x14cb37a58d70>,17,1,[6 1],22,51,52,29,50
1,<environment.Job instance at 0x14cb379bc9b0>,28,2,[6 1],39,52,54,13,51
1,<environment.Job instance at 0x14cb379bca50>,29,17,[1 7],40,51,68,11,51
1,<environment.Job instance at 0x14cb37a01f50>,31,2,[7 2],45,54,56,9,52
1,<environment.Job instance at 0x14cb37a01780>,32,1,[1 5],47,68,69,21,53
1,<environment.Job instance at 0x14cb37a01eb0>,34,27,[5 1],50,56,83,6,54
1,<environment.Job instance at 0x14cb379bc3c0>,26,2,[7 2],36,83,85,47,59
1,<environment.Job instance at 0x14cb379f8370>,43,2,[2 7],63,71,73,8,71
1,<environment.Job instance at 0x14cb379f8e10>,48,3,[10  1],71,85,88,14,72
1,<environment.Job instance at 0x14cb37a3f230>,51,1,[1 9],74,74,75,0,74
1,<environment.Job instance at 0x14cb37a3f1e0>,52,1,[8 2],77,88,89,11,80
1,<environment.Job instance at 0x14cb379830a0>,55,1,[10  1],81,89,90,8,82
1,<environment.Job instance at 0x14cb37a4e280>,69,2,[2 7],99,294,296,195,294
1,<environment.Job instance at 0x14cb37a4edc0>,80,2,[2 9],121,369,371,248,369
1,<environment.Job instance at 0x14cb37a00a00>,88,2,[2 6],129,447,449,318,447
1,<environment.Job instance at 0x14cb37a00690>,92,3,[1 7],134,449,452,315,448
1,<environment.Job instance at 0x14cb37a00870>,91,12,[6 2],133,448,460,315,448
1,<environment.Job instance at 0x14cb37a00820>,94,3,[9 1],137,460,463,323,449
1,<environment.Job instance at 0x14cb37a00fa0>,99,16,[1 8],142,511,527,369,511
1,<environment.Job instance at 0x14cb37a00640>,100,1,[6 1],143,546,547,403,546
1,<environment.Job instance at 0x14cb37bde870>,108,23,[2 6],154,580,603,426,580
1,<environment.Job instance at 0x14cb37aa5f00>,109,23,[9 1],156,667,690,511,667
1,<environment.Job instance at 0x14cb843157d0>,1,3,[9 1],6,11,14,5,11
1,<environment.Job instance at 0x14cb84315870>,5,2,[9 2],13,16,18,3,16
1,<environment.Job instance at 0x14cb83736550>,6,1,[ 2 10],17,18,19,1,17
1,<environment.Job instance at 0x14cb826a05a0>,20,16,[2 9],40,61,77,21,61
1,<environment.Job instance at 0x14cb826a0be0>,22,21,[5 1],42,61,82,19,61
1,<environment.Job instance at 0x14cb826a0dc0>,23,3,[2 8],43,77,80,34,61
1,<environment.Job instance at 0x14cb826a0320>,24,3,[8 2],45,82,85,37,61
1,<environment.Job instance at 0x14cb826a0910>,28,1,[2 7],50,80,81,30,61
1,<environment.Job instance at 0x14cb7c23a500>,34,2,[10  2],58,85,87,27,73
1,<environment.Job instance at 0x14cb7c23afa0>,36,3,[2 8],60,81,84,21,73
1,<environment.Job instance at 0x14cb888b8cd0>,37,2,[6 2],61,87,89,26,73
1,<environment.Job instance at 0x14cb37b160f0>,38,1,[7 1],64,89,90,25,73
1,<environment.Job instance at 0x14cb7c036320>,39,2,[5 2],65,90,92,25,74
1,<environment.Job instance at 0x14cb7c036be0>,41,3,[6 1],67,92,95,25,74
1,<environment.Job instance at 0x14cb7c036230>,42,2,[ 1 10],68,95,97,27,74
1,<environment.Job instance at 0x14cb7c054550>,43,1,[7 1],69,97,98,28,75
1,<environment.Job instance at 0x14cb7c054910>,44,1,[2 6],72,84,85,12,75
1,<environment.Job instance at 0x14cb7c0545f0>,45,2,[10  2],73,98,100,25,75
1,<environment.Job instance at 0x14cb37f7a730>,48,1,[6 1],76,100,101,24,76
1,<environment.Job instance at 0x14cb7c043dc0>,49,3,[8 1],78,101,104,23,78
1,<environment.Job instance at 0x14cb37f61820>,50,15,[6 1],82,104,119,22,90
1,<environment.Job instance at 0x14cb37dab370>,54,2,[7 1],88,119,121,31,92
1,<environment.Job instance at 0x14cb37daba00>,53,3,[2 6],87,100,103,13,95
1,<environment.Job instance at 0x14cb37dab690>,55,21,[6 1],90,121,142,31,113
1,<environment.Job instance at 0x14cb37f734b0>,58,1,[ 2 10],94,142,143,48,114
1,<environment.Job instance at 0x14cb37d9b5a0>,61,1,[1 7],100,114,115,14,114
1,<environment.Job instance at 0x14cb37d9bb40>,62,12,[2 8],101,115,127,14,114
1,<environment.Job instance at 0x14cb37d9b320>,64,27,[1 9],103,143,170,40,141
1,<environment.Job instance at 0x14cb37d9b1e0>,65,1,[9 1],104,143,144,39,141
1,<environment.Job instance at 0x14cb37d9bbe0>,66,1,[ 2 10],105,170,171,65,142
1,<environment.Job instance at 0x14cb37d9be60>,68,3,[ 1 10],111,171,174,60,145
1,<environment.Job instance at 0x14cb37d9b140>,69,1,[8 2],112,174,175,62,146
1,<environment.Job instance at 0x14cb37d9b500>,70,18,[9 1],113,146,164,33,146
1,<environment.Job instance at 0x14cb37db9140>,71,2,[8 1],115,164,166,49,146
1,<environment.Job instance at 0x14cb37db9fa0>,73,1,[7 1],117,166,167,49,149
1,<environment.Job instance at 0x14cb37db9460>,74,1,[2 6],119,174,175,55,149
1,<environment.Job instance at 0x14cb37d95b90>,76,3,[8 2],123,175,178,52,149
1,<environment.Job instance at 0x14cb37db9960>,77,1,[1 7],124,175,176,51,149
1,<environment.Job instance at 0x14cb37db92d0>,78,3,[2 8],125,176,179,51,150
1,<environment.Job instance at 0x14cb37db9a50>,79,2,[7 1],126,167,169,41,150
1,<environment.Job instance at 0x14cb37d8fa00>,83,16,[1 6],132,179,195,47,166
1,<environment.Job instance at 0x14cb37d8f550>,85,2,[5 1],135,178,180,43,176
1,<environment.Job instance at 0x14cb37d8f5a0>,86,2,[ 2 10],136,195,197,59,176
1,<environment.Job instance at 0x14cb37d8f410>,87,3,[5 1],137,180,183,43,176
1,<environment.Job instance at 0x14cb37d8f370>,88,1,[1 9],139,197,198,58,176
1,<environment.Job instance at 0x14cb37d8f140>,90,2,[1 8],141,198,200,57,176
1,<environment.Job instance at 0x14cb377e0e10>,92,2,[ 2 10],145,200,202,55,177
1,<environment.Job instance at 0x14cb379f5a00>,93,3,[9 1],146,183,186,37,177
1,<environment.Job instance at 0x14cb37d84320>,94,12,[9 1],147,202,214,55,185
1,<environment.Job instance at 0x14cb826a0b90>,25,1,[ 2 10],46,596,597,550,596
1,<environment.Job instance at 0x14cb7c0391e0>,109,3,[2 5],168,891,894,723,891
1,<environment.Job instance at 0x14cb7c039730>,110,2,[6 2],169,891,893,722,891
1,<environment.Job instance at 0x14cb87ea7f50>,3,17,[5 1],4,4,21,0,4
1,<environment.Job instance at 0x14cb87ea72d0>,4,1,[7 1],5,21,22,16,5
1,<environment.Job instance at 0x14cb87ea70f0>,5,3,[9 2],6,22,25,16,7
1,<environment.Job instance at 0x14cb87ea7a00>,8,3,[2 5],9,9,12,0,9
1,<environment.Job instance at 0x14cb87ea7370>,15,13,[2 8],17,25,38,8,17
1,<environment.Job instance at 0x14cb87e8d5a0>,16,3,[7 2],18,25,28,7,18
1,<environment.Job instance at 0x14cb377aca50>,17,17,[ 2 10],19,38,55,19,26
1,<environment.Job instance at 0x14cb377ace10>,20,1,[6 1],25,33,34,8,33
1,<environment.Job instance at 0x14cb377ac690>,25,15,[6 2],32,55,70,23,42
1,<environment.Job instance at 0x14cb81345d20>,36,2,[2 6],46,62,64,16,62
1,<environment.Job instance at 0x14cb81345b90>,35,17,[5 2],44,86,103,42,86
1,<environment.Job instance at 0x14cb375bed70>,48,15,[2 5],60,116,131,56,116
1,<environment.Job instance at 0x14cb37797910>,52,16,[8 2],65,135,151,70,135
1,<environment.Job instance at 0x14cb37797280>,46,18,[10  2],58,151,169,93,145
1,<environment.Job instance at 0x14cb37797a50>,57,1,[1 6],72,145,146,73,145
1,<environment.Job instance at 0x14cb887e7a50>,61,1,[1 6],76,169,170,93,151
1,<environment.Job instance at 0x14cb81341640>,72,1,[5 1],92,169,170,77,167
1,<environment.Job instance at 0x14cb37b7a7d0>,75,1,[6 2],97,172,173,75,172
1,<environment.Job instance at 0x14cb376880f0>,76,3,[5 2],98,173,176,75,173
1,<environment.Job instance at 0x14cb3759aaf0>,71,16,[2 5],91,184,200,93,184
1,<environment.Job instance at 0x14cb83ae4d20>,85,2,[2 9],114,200,202,86,190
1,<environment.Job instance at 0x14cb37f7a410>,77,15,[8 1],99,192,207,93,192
1,<environment.Job instance at 0x14cb37db4230>,92,3,[8 1],124,220,223,96,220
1,<environment.Job instance at 0x14cb37db44b0>,93,1,[1 8],125,221,222,96,221
1,<environment.Job instance at 0x14cb82bb5af0>,112,3,[2 5],155,557,560,402,557
1,<environment.Job instance at 0x14cb37acc640>,0,1,[9 1],1,4,5,3,4
1,<environment.Job instance at 0x14cb37b7a4b0>,6,13,[10  1],8,8,21,0,8
1,<environment.Job instance at 0x14cb826a0870>,17,15,[6 1],23,24,39,1,24
1,<environment.Job instance at 0x14cb826a0a00>,19,2,[1 5],26,28,30,2,28
1,<environment.Job instance at 0x14cb37b72820>,26,2,[1 7],34,35,37,1,35
1,<environment.Job instance at 0x14cb37b72f50>,27,3,[2 9],35,41,44,6,41
1,<environment.Job instance at 0x14cb37b72320>,31,2,[7 1],40,41,43,1,41
1,<environment.Job instance at 0x14cb37b72aa0>,30,16,[2 6],38,44,60,6,43
1,<environment.Job instance at 0x14cb37ceafa0>,33,1,[ 1 10],45,60,61,15,45
1,<environment.Job instance at 0x14cb8134b140>,36,3,[2 7],49,61,64,12,51
1,<environment.Job instance at 0x14cb8135d230>,37,21,[10  2],52,64,85,12,57
1,<environment.Job instance at 0x14cb87e3ca50>,41,13,[1 5],61,85,98,24,69
1,<environment.Job instance at 0x14cb888649b0>,47,12,[5 2],69,85,97,16,69
1,<environment.Job instance at 0x14cb88864370>,48,1,[9 1],70,97,98,27,74
1,<environment.Job instance at 0x14cb87e3cb40>,39,3,[1 7],55,98,101,43,78
1,<environment.Job instance at 0x14cb888648c0>,46,13,[2 9],67,101,114,34,87
1,<environment.Job instance at 0x14cb377bb0a0>,59,2,[2 8],90,114,116,24,98
1,<environment.Job instance at 0x14cb8a90a0a0>,86,12,[2 9],124,156,168,32,156
1,<environment.Job instance at 0x14cb87e2e870>,90,2,[1 8],136,175,177,39,175
1,<environment.Job instance at 0x14cb87ecf460>,94,1,[2 9],141,177,178,36,175
1,<environment.Job instance at 0x14cb82bbf280>,96,16,[ 2 10],143,178,194,35,177
1,<environment.Job instance at 0x14cb89dd18c0>,100,17,[9 2],149,194,211,45,182
1,<environment.Job instance at 0x14cb82d725f0>,93,1,[6 1],140,211,212,71,183
1,<environment.Job instance at 0x14cb83aed2d0>,110,16,[1 7],163,194,210,31,187
1,<environment.Job instance at 0x14cb83aed9b0>,111,17,[5 2],165,212,229,47,203
1,<environment.Job instance at 0x14cb82db21e0>,112,3,[10  1],167,229,232,62,203
1,<environment.Job instance at 0x14cb89dffdc0>,0,13,[1 9],1,2,15,1,2
1,<environment.Job instance at 0x14cb89dffd20>,3,1,[1 5],5,15,16,10,10
1,<environment.Job instance at 0x14cb82b00460>,9,3,[1 7],13,16,19,3,13
1,<environment.Job instance at 0x14cb7c0c7550>,11,3,[7 2],15,20,23,5,20
1,<environment.Job instance at 0x14cb7c0c7050>,16,1,[1 6],21,21,22,0,21
1,<environment.Job instance at 0x14cb83714e60>,17,3,[6 1],22,23,26,1,22
1,<environment.Job instance at 0x14cb83714550>,19,3,[2 5],24,24,27,0,24
1,<environment.Job instance at 0x14cb83714820>,20,3,[2 8],26,35,38,9,35
1,<environment.Job instance at 0x14cb37a0b8c0>,33,3,[8 2],41,41,44,0,41
1,<environment.Job instance at 0x14cb8a842690>,36,1,[2 5],45,45,46,0,45
1,<environment.Job instance at 0x14cb37a0bb40>,37,3,[1 8],47,47,50,0,47
1,<environment.Job instance at 0x14cb82bf7370>,38,2,[2 8],50,50,52,0,50
1,<environment.Job instance at 0x14cb82bf7a50>,39,17,[1 8],52,52,69,0,52
1,<environment.Job instance at 0x14cb82bf70a0>,42,12,[1 7],56,69,81,13,56
1,<environment.Job instance at 0x14cb82bf7e10>,43,3,[8 1],57,57,60,0,57
1,<environment.Job instance at 0x14cb82bf7190>,44,3,[10  1],58,81,84,23,62
1,<environment.Job instance at 0x14cb82bf7730>,49,16,[7 2],64,64,80,0,64
1,<environment.Job instance at 0x14cb82bf7f00>,50,1,[ 2 10],65,84,85,19,65
1,<environment.Job instance at 0x14cb8373c410>,51,3,[ 2 10],67,85,88,18,68
1,<environment.Job instance at 0x14cb8373cbe0>,53,13,[1 7],70,88,101,18,72
1,<environment.Job instance at 0x14cb37bb2c80>,60,18,[8 2],79,88,106,9,80
1,<environment.Job instance at 0x14cb37bb2960>,63,3,[2 6],82,101,104,19,93
1,<environment.Job instance at 0x14cb37bb20a0>,64,1,[5 2],83,106,107,23,93
1,<environment.Job instance at 0x14cb37bb2280>,65,3,[7 1],84,107,110,23,93
1,<environment.Job instance at 0x14cb87eede10>,67,3,[2 7],87,104,107,17,93
1,<environment.Job instance at 0x14cb7c2ae8c0>,68,18,[1 6],88,107,125,19,96
1,<environment.Job instance at 0x14cb82d24550>,73,3,[2 5],95,125,128,30,99
1,<environment.Job instance at 0x14cb37619370>,74,2,[6 2],96,110,112,14,99
1,<environment.Job instance at 0x14cb82d60780>,77,18,[2 5],100,125,143,25,115
1,<environment.Job instance at 0x14cb37bdad20>,78,3,[10  2],101,143,146,42,117
1,<environment.Job instance at 0x14cb37bd8690>,81,3,[6 2],106,117,120,11,117
1,<environment.Job instance at 0x14cb37bc9c30>,87,1,[2 7],112,181,182,69,181
1,<environment.Job instance at 0x14cb37bc90a0>,88,3,[7 1],113,386,389,273,386
1,<environment.Job instance at 0x14cb80eddbe0>,101,12,[1 7],134,459,471,325,459
1,<environment.Job instance at 0x14cb378401e0>,1,1,[1 7],2,7,8,5,7
1,<environment.Job instance at 0x14cb888e6230>,4,3,[9 2],6,8,11,2,8
1,<environment.Job instance at 0x14cb37550d20>,6,3,[ 1 10],9,11,14,2,10
1,<environment.Job instance at 0x14cb82ce9a00>,8,3,[ 2 10],12,14,17,2,12
1,<environment.Job instance at 0x14cb82ce9410>,9,2,[2 8],13,17,19,4,13
1,<environment.Job instance at 0x14cb37bf8fa0>,11,3,[2 8],17,22,25,5,22
1,<environment.Job instance at 0x14cb37bf8e60>,15,2,[ 1 10],22,25,27,3,23
1,<environment.Job instance at 0x14cb37bf8730>,16,3,[ 1 10],24,27,30,3,24
1,<environment.Job instance at 0x14cb37bf8aa0>,17,1,[9 2],25,30,31,5,28
1,<environment.Job instance at 0x14cb37bf7640>,21,2,[1 7],31,31,33,0,31
1,<environment.Job instance at 0x14cb37bf7be0>,22,2,[2 6],32,33,35,1,33
1,<environment.Job instance at 0x14cb37bf7320>,23,3,[6 1],34,34,37,0,34
1,<environment.Job instance at 0x14cb37bf7c30>,24,16,[ 2 10],35,37,53,2,35
1,<environment.Job instance at 0x14cb37bf7870>,27,1,[10  1],39,53,54,14,39
1,<environment.Job instance at 0x14cb37bf73c0>,26,3,[6 1],38,54,57,16,39
1,<environment.Job instance at 0x14cb82d05820>,29,3,[ 2 10],41,57,60,16,44
1,<environment.Job instance at 0x14cb813d7af0>,37,12,[ 1 10],50,60,72,10,50
1,<environment.Job instance at 0x14cb813d7870>,38,2,[1 5],51,54,56,3,51
1,<environment.Job instance at 0x14cb813d7be0>,39,12,[5 1],52,72,84,20,55
1,<environment.Job instance at 0x14cb813d7e60>,42,1,[10  2],57,84,85,27,57
1,<environment.Job instance at 0x14cb7c1480a0>,32,3,[2 9],45,72,75,27,57
1,<environment.Job instance at 0x14cb85fa5280>,45,2,[1 8],61,75,77,14,61
1,<environment.Job instance at 0x14cb37b66e60>,50,17,[2 7],68,85,102,17,73
1,<environment.Job instance at 0x14cb888d1280>,54,17,[6 1],75,85,102,10,75
1,<environment.Job instance at 0x14cb3760f780>,55,3,[2 8],76,77,80,1,76
1,<environment.Job instance at 0x14cb3760f230>,56,2,[9 1],78,102,104,24,78
1,<environment.Job instance at 0x14cb3763fc80>,58,1,[1 9],80,81,82,1,81
1,<environment.Job instance at 0x14cb7c0ffd20>,63,15,[8 1],86,104,119,18,95
1,<environment.Job instance at 0x14cb7c0ff230>,64,1,[2 7],87,104,105,17,95
1,<environment.Job instance at 0x14cb7c0ff320>,65,1,[7 2],88,119,120,31,95
1,<environment.Job instance at 0x14cb7c0ff960>,66,25,[1 7],89,105,130,16,101
1,<environment.Job instance at 0x14cb37542280>,72,2,[1 7],97,130,132,33,104
1,<environment.Job instance at 0x14cb375426e0>,74,2,[1 6],99,132,134,33,122
1,<environment.Job instance at 0x14cb81423500>,78,1,[8 1],104,138,139,34,138
1,<environment.Job instance at 0x14cb7c1217d0>,86,3,[1 5],117,157,160,40,157
1,<environment.Job instance at 0x14cb814230a0>,79,17,[7 2],106,157,174,51,157
1,<environment.Job instance at 0x14cb7c1215a0>,89,2,[8 1],121,174,176,53,157
1,<environment.Job instance at 0x14cb7c102dc0>,92,2,[5 1],124,176,178,52,157
1,<environment.Job instance at 0x14cb87ed0690>,97,2,[7 1],130,178,180,48,157
1,<environment.Job instance at 0x14cb37d1c780>,105,1,[2 5],138,168,169,30,168
1,<environment.Job instance at 0x14cb82e02230>,109,3,[1 5],146,169,172,23,168
1,<environment.Job instance at 0x14cb82e02a00>,110,1,[8 1],147,180,181,33,168
1,<environment.Job instance at 0x14cb37ceb140>,111,2,[8 2],148,181,183,33,168
1,<environment.Job instance at 0x14cb37cebf00>,112,14,[9 2],149,183,197,34,168
1,<environment.Job instance at 0x14cb37ceb190>,113,2,[5 2],150,176,178,26,168
1,<environment.Job instance at 0x14cb888e5910>,117,14,[2 8],155,197,211,42,182
1,<environment.Job instance at 0x14cb82c4f690>,119,3,[1 7],158,182,185,24,182
1,<environment.Job instance at 0x14cb81365690>,121,2,[2 7],160,211,213,51,184
1,<environment.Job instance at 0x14cb82cec410>,124,18,[5 2],163,197,215,34,186
1,<environment.Job instance at 0x14cb82cec1e0>,125,2,[1 8],165,186,188,21,186
1,<environment.Job instance at 0x14cb82e0dd70>,127,3,[2 6],168,213,216,45,189
1,<environment.Job instance at 0x14cb87ecb370>,104,15,[2 7],137,216,231,79,215
1,<environment.Job instance at 0x14cb81406a50>,118,15,[8 2],156,215,230,59,215
1,<environment.Job instance at 0x14cb37cca190>,1,2,[8 1],3,5,7,2,5
1,<environment.Job instance at 0x14cb37b822d0>,6,17,[6 2],11,11,28,0,11
1,<environment.Job instance at 0x14cb37b82c80>,9,23,[1 5],14,14,37,0,14
1,<environment.Job instance at 0x14cb37b82280>,10,1,[8 1],15,28,29,13,20
1,<environment.Job instance at 0x14cb8a237190>,19,22,[5 1],26,29,51,3,28
1,<environment.Job instance at 0x14cb8a2370a0>,24,13,[8 1],35,51,64,16,37
1,<environment.Job instance at 0x14cb8a237730>,26,2,[2 8],37,39,41,2,39
1,<environment.Job instance at 0x14cb8a237780>,28,3,[9 2],40,64,67,24,42
1,<environment.Job instance at 0x14cb83aea280>,32,2,[5 2],45,45,47,0,45
1,<environment.Job instance at 0x14cb8431d1e0>,37,18,[2 5],50,67,85,17,56
1,<environment.Job instance at 0x14cb8431d320>,40,2,[1 6],53,56,58,3,56
1,<environment.Job instance at 0x14cb8431d190>,43,13,[8 1],56,67,80,11,62
1,<environment.Job instance at 0x14cb8431d5a0>,45,2,[ 1 10],58,85,87,27,62
1,<environment.Job instance at 0x14cb8431d960>,46,1,[5 1],59,80,81,21,63
1,<environment.Job instance at 0x14cb8431d6e0>,47,3,[5 2],60,81,84,21,63
1,<environment.Job instance at 0x14cb37bf0780>,48,17,[6 2],64,87,104,23,76
1,<environment.Job instance at 0x14cb88145e60>,66,2,[9 1],89,143,145,54,143
1,<environment.Job instance at 0x14cb37894d70>,65,1,[9 1],88,146,147,58,146
1,<environment.Job instance at 0x14cb87ecbcd0>,104,1,[9 1],148,235,236,87,235
1,<environment.Job instance at 0x14cb7c1f6960>,108,16,[9 2],153,242,258,89,242
1,<environment.Job instance at 0x14cb7c1f61e0>,109,2,[1 5],154,253,255,99,253
1,<environment.Job instance at 0x14cb7c1f6780>,114,2,[10  1],162,263,265,101,263
1,<environment.Job instance at 0x14cb375a3c30>,115,1,[6 2],163,267,268,104,267
1,<environment.Job instance at 0x14cb83aadcd0>,117,3,[2 5],168,279,282,111,279
1,<environment.Job instance at 0x14cb7c1f63c0>,107,18,[1 7],152,296,314,144,296
1,<environment.Job instance at 0x14cb37d9dd70>,1,13,[2 8],3,4,17,1,4
1,<environment.Job instance at 0x14cb37d9dfa0>,3,3,[2 7],6,17,20,11,6
1,<environment.Job instance at 0x14cb37d9d050>,5,3,[6 1],9,10,13,1,10
1,<environment.Job instance at 0x14cb7c05c960>,7,15,[2 7],11,20,35,9,12
1,<environment.Job instance at 0x14cb7c05cc30>,6,18,[7 2],10,13,31,3,12
1,<environment.Job instance at 0x14cb7c05cc80>,10,3,[ 1 10],15,35,38,20,21
1,<environment.Job instance at 0x14cb37b28f50>,16,3,[5 2],22,31,34,9,22
1,<environment.Job instance at 0x14cb813d4960>,17,2,[1 8],23,38,40,15,24
1,<environment.Job instance at 0x14cb813d4fa0>,19,2,[2 8],27,40,42,13,27
1,<environment.Job instance at 0x14cb813e0640>,20,14,[2 8],28,42,56,14,28
1,<environment.Job instance at 0x14cb812ff2d0>,21,1,[10  2],29,56,57,27,29
1,<environment.Job instance at 0x14cb37821eb0>,23,13,[8 1],34,38,51,4,35
1,<environment.Job instance at 0x14cb3772ec80>,30,2,[1 9],44,57,59,13,46
1,<environment.Job instance at 0x14cb37ebd640>,32,2,[7 1],48,51,53,3,50
1,<environment.Job instance at 0x14cb83708c30>,33,2,[ 1 10],51,59,61,8,53
1,<environment.Job instance at 0x14cb37bdd0f0>,36,17,[ 1 10],55,61,78,6,55
1,<environment.Job instance at 0x14cb813ca8c0>,45,14,[6 2],70,78,92,8,72
1,<environment.Job instance at 0x14cb37c45550>,48,3,[1 5],73,78,81,5,73
1,<environment.Job instance at 0x14cb37c45780>,49,14,[1 7],74,81,95,7,74
1,<environment.Job instance at 0x14cb8aa5f780>,55,2,[10  1],83,95,97,12,87
1,<environment.Job instance at 0x14cb813ca820>,47,18,[10  2],72,97,115,25,92
1,<environment.Job instance at 0x14cb37f615f0>,60,3,[1 9],94,115,118,21,100
1,<environment.Job instance at 0x14cb837f0780>,64,17,[6 2],105,118,135,13,106
1,<environment.Job instance at 0x14cb37d27690>,65,2,[8 1],106,115,117,9,108
1,<environment.Job instance at 0x14cb8135f370>,68,2,[2 6],110,118,120,8,110
1,<environment.Job instance at 0x14cb377e3f00>,72,1,[6 1],114,117,118,3,114
1,<environment.Job instance at 0x14cb377a9320>,74,3,[10  2],122,135,138,13,124
1,<environment.Job instance at 0x14cb88870e60>,79,13,[7 2],131,138,151,7,132
1,<environment.Job instance at 0x14cb3758e5a0>,81,3,[5 2],137,151,154,14,137
1,<environment.Job instance at 0x14cb3758eaf0>,84,1,[9 1],141,154,155,13,141
1,<environment.Job instance at 0x14cb82d589b0>,87,16,[5 2],145,155,171,10,145
1,<environment.Job instance at 0x14cb8135ceb0>,92,1,[1 9],151,200,201,49,200
1,<environment.Job instance at 0x14cb8135c410>,95,3,[2 5],154,201,204,47,200
1,<environment.Job instance at 0x14cb37f26c80>,98,1,[6 1],158,205,206,47,205
1,<environment.Job instance at 0x14cb37f26eb0>,101,1,[2 9],167,205,206,38,205
1,<environment.Job instance at 0x14cb8372f3c0>,2,3,[2 6],3,3,6,0,3
1,<environment.Job instance at 0x14cb8372f870>,1,2,[6 2],2,3,5,1,3
1,<environment.Job instance at 0x14cb813cc820>,13,3,[2 9],16,16,19,0,16
1,<environment.Job instance at 0x14cb813e53c0>,12,14,[8 2],15,19,33,4,17
1,<environment.Job instance at 0x14cb813cc730>,8,2,[7 2],9,33,35,24,17
1,<environment.Job instance at 0x14cb813bb500>,14,2,[1 9],18,35,37,17,21
1,<environment.Job instance at 0x14cb813c1f50>,20,2,[1 8],29,30,32,1,30
1,<environment.Job instance at 0x14cb83703230>,22,17,[10  2],31,37,54,6,32
1,<environment.Job instance at 0x14cb37d9ca00>,31,2,[1 7],43,54,56,11,44
1,<environment.Job instance at 0x14cb37ce3fa0>,35,3,[1 9],47,56,59,9,52
1,<environment.Job instance at 0x14cb813e9140>,27,2,[7 1],39,54,56,15,54
1,<environment.Job instance at 0x14cb37ce3690>,36,3,[8 1],48,63,66,15,63
1,<environment.Job instance at 0x14cb83753f00>,44,3,[9 2],59,66,69,7,63
1,<environment.Job instance at 0x14cb37cdc910>,53,1,[5 2],70,140,141,70,140
1,<environment.Job instance at 0x14cb83a5ec80>,86,2,[8 1],120,370,372,250,370
1,<environment.Job instance at 0x14cb83a5ecd0>,88,1,[8 1],124,373,374,249,373
1,<environment.Job instance at 0x14cb83a5e280>,94,12,[5 2],134,393,405,259,393
1,<environment.Job instance at 0x14cb83a5e460>,98,3,[2 9],142,440,443,298,440
1,<environment.Job instance at 0x14cb83a5e230>,99,1,[8 2],144,443,444,299,441
1,<environment.Job instance at 0x14cb83a5e320>,102,3,[7 2],151,465,468,314,465
1,<environment.Job instance at 0x14cb83751500>,106,1,[2 7],158,489,490,331,489
1,<environment.Job instance at 0x14cb83751a50>,109,1,[10  2],161,498,499,337,498
1,<environment.Job instance at 0x14cb83751140>,113,12,[8 1],167,520,532,353,520
1,<environment.Job instance at 0x14cb82d90c80>,0,16,[ 2 10],3,3,19,0,3
1,<environment.Job instance at 0x14cb37dbacd0>,3,17,[2 7],8,19,36,11,8
1,<environment.Job instance at 0x14cb37968a00>,5,1,[2 6],10,36,37,26,13
1,<environment.Job instance at 0x14cb379688c0>,7,1,[8 2],13,19,20,6,13
1,<environment.Job instance at 0x14cb37968d70>,9,2,[2 8],16,37,39,21,16
1,<environment.Job instance at 0x14cb37957410>,14,3,[8 1],22,24,27,2,24
1,<environment.Job instance at 0x14cb379575f0>,15,1,[7 1],24,27,28,3,26
1,<environment.Job instance at 0x14cb379579b0>,18,17,[6 1],28,30,47,2,30
1,<environment.Job instance at 0x14cb37957d70>,21,13,[6 2],31,47,60,16,32
1,<environment.Job instance at 0x14cb37957fa0>,23,2,[6 2],34,60,62,26,35
1,<environment.Job instance at 0x14cb3794c8c0>,32,15,[2 9],47,62,77,15,48
1,<environment.Job instance at 0x14cb3794c7d0>,33,15,[7 2],48,77,92,29,63
1,<environment.Job instance at 0x14cb3794cd70>,37,2,[8 2],53,92,94,39,69
1,<environment.Job instance at 0x14cb3794c960>,36,24,[9 2],51,94,118,43,90
1,<environment.Job instance at 0x14cb3794cf00>,39,2,[6 2],55,118,120,63,94
1,<environment.Job instance at 0x14cb3796c2d0>,46,15,[7 2],66,120,135,54,106
1,<environment.Job instance at 0x14cb3796c820>,51,15,[2 8],72,118,133,46,107
1,<environment.Job instance at 0x14cb3796c960>,53,1,[ 2 10],75,135,136,60,115
1,<environment.Job instance at 0x14cb3796ca00>,55,16,[8 1],80,136,152,56,126
1,<environment.Job instance at 0x14cb3796ccd0>,59,2,[1 9],87,136,138,49,126
1,<environment.Job instance at 0x14cb3794f1e0>,64,1,[2 5],94,133,134,39,126
1,<environment.Job instance at 0x14cb3794f3c0>,66,17,[6 2],96,152,169,56,141
1,<environment.Job instance at 0x14cb3794fbe0>,70,2,[2 7],101,141,143,40,141
1,<environment.Job instance at 0x14cb3794faf0>,69,1,[7 1],100,169,170,69,143
1,<environment.Job instance at 0x14cb37960050>,76,2,[10  2],109,170,172,61,157
1,<environment.Job instance at 0x14cb379603c0>,78,3,[8 1],114,172,175,58,157
1,<environment.Job instance at 0x14cb3794ffa0>,75,2,[6 2],107,175,177,68,158
1,<environment.Job instance at 0x14cb37960e60>,85,1,[10  1],127,177,178,50,158
1,<environment.Job instance at 0x14cb37960640>,81,2,[8 1],120,178,180,58,161
1,<environment.Job instance at 0x14cb3795e2d0>,87,2,[9 1],129,180,182,51,161
1,<environment.Job instance at 0x14cb37960d20>,86,15,[2 8],128,182,197,54,168
1,<environment.Job instance at 0x14cb3795e4b0>,90,3,[10  1],132,197,200,65,171
1,<environment.Job instance at 0x14cb3795e410>,89,12,[7 1],131,182,194,51,171
1,<environment.Job instance at 0x14cb8884eaf0>,93,16,[1 9],136,200,216,64,187
1,<environment.Job instance at 0x14cb83a7deb0>,101,1,[2 9],148,216,217,68,188
1,<environment.Job instance at 0x14cb3795ebe0>,110,3,[6 2],163,217,220,54,214
1,<environment.Job instance at 0x14cb3795e870>,108,26,[ 2 10],161,220,246,59,217
1,<environment.Job instance at 0x14cb8887c370>,10,1,[5 1],14,17,18,3,17
1,<environment.Job instance at 0x14cb8887c320>,9,15,[ 1 10],13,18,33,5,17
1,<environment.Job instance at 0x14cb8887c960>,13,1,[1 8],17,33,34,16,26
1,<environment.Job instance at 0x14cb87eb4a00>,19,2,[2 9],26,68,70,42,68
1,<environment.Job instance at 0x14cb87eb4050>,22,1,[1 6],29,74,75,45,74
1,<environment.Job instance at 0x14cb37afad70>,32,2,[2 7],42,178,180,136,178
1,<environment.Job instance at 0x14cb88145730>,44,1,[7 2],62,249,250,187,249
1,<environment.Job instance at 0x14cb88145460>,49,2,[2 7],68,260,262,192,260
1,<environment.Job instance at 0x14cb83a1af50>,54,15,[8 2],74,266,281,192,266
1,<environment.Job instance at 0x14cb82ddf820>,64,3,[1 7],86,303,306,217,303
1,<environment.Job instance at 0x14cb83acd730>,65,2,[9 2],87,319,321,232,319
1,<environment.Job instance at 0x14cb37b2d5f0>,72,15,[7 2],94,342,357,248,342
1,<environment.Job instance at 0x14cb837ca640>,80,3,[10  1],111,379,382,268,379
1,<environment.Job instance at 0x14cb37b24820>,78,21,[1 5],109,383,404,274,383
1,<environment.Job instance at 0x14cb837ca4b0>,88,3,[5 1],121,386,389,265,386
1,<environment.Job instance at 0x14cb837ca960>,82,2,[5 2],113,389,391,276,386
1,<environment.Job instance at 0x14cb837ca0f0>,89,2,[5 1],123,391,393,268,386
1,<environment.Job instance at 0x14cb37e67460>,91,2,[1 9],125,404,406,279,386
1,<environment.Job instance at 0x14cb7c0d1a50>,92,3,[ 2 10],126,406,409,280,386
1,<environment.Job instance at 0x14cb37957f50>,93,3,[2 6],127,409,412,282,386
1,<environment.Job instance at 0x14cb7c1f27d0>,95,2,[1 8],129,412,414,283,386
1,<environment.Job instance at 0x14cb81394190>,98,1,[1 7],132,414,415,282,386
1,<environment.Job instance at 0x14cb3796c3c0>,99,2,[7 1],133,393,395,260,386
1,<environment.Job instance at 0x14cb82c2c7d0>,105,2,[2 7],142,415,417,273,388
1,<environment.Job instance at 0x14cb87e71780>,106,1,[2 7],143,417,418,274,389
1,<environment.Job instance at 0x14cb837d1190>,113,2,[9 2],152,398,400,246,398
1,<environment.Job instance at 0x14cb837d16e0>,114,22,[2 8],154,418,440,264,411
1,<environment.Job instance at 0x14cb82c5d6e0>,121,3,[10  2],165,450,453,285,450
1,<environment.Job instance at 0x14cb82d137d0>,125,16,[5 1],169,467,483,298,467
1,<environment.Job instance at 0x14cb82c5d690>,120,18,[1 6],164,468,486,304,468
1,<environment.Job instance at 0x14cb37d8f500>,3,2,[8 1],7,10,12,3,10
1,<environment.Job instance at 0x14cb82cb6730>,5,13,[2 5],12,13,26,1,13
1,<environment.Job instance at 0x14cb37d8f230>,7,13,[7 2],14,14,27,0,14
1,<environment.Job instance at 0x14cb82d24a50>,8,14,[7 1],15,27,41,12,16
1,<environment.Job instance at 0x14cb82d24b40>,11,1,[6 1],18,41,42,23,19
1,<environment.Job instance at 0x14cb8134b320>,13,3,[9 1],20,42,45,22,20
1,<environment.Job instance at 0x14cb89de27d0>,14,3,[2 9],21,27,30,6,23
1,<environment.Job instance at 0x14cb826c02d0>,16,1,[10  2],25,45,46,20,25
1,<environment.Job instance at 0x14cb826c00f0>,17,1,[5 1],26,46,47,20,27
1,<environment.Job instance at 0x14cb88897f50>,19,2,[5 1],28,46,48,18,28
1,<environment.Job instance at 0x14cb88897820>,21,2,[2 8],32,32,34,0,32
1,<environment.Job instance at 0x14cb88897730>,22,1,[ 1 10],33,48,49,15,35
1,<environment.Job instance at 0x14cb7c17d140>,24,3,[8 2],36,49,52,13,36
1,<environment.Job instance at 0x14cb82ba79b0>,31,13,[9 2],48,52,65,4,48
1,<environment.Job instance at 0x14cb82ba75a0>,32,18,[ 1 10],50,65,83,15,54
1,<environment.Job instance at 0x14cb8269c500>,37,1,[10  1],55,83,84,28,55
1,<environment.Job instance at 0x14cb7c27daf0>,38,2,[5 1],56,84,86,28,58
1,<environment.Job instance at 0x14cb378b7e60>,44,14,[6 1],66,109,123,43,109
1,<environment.Job instance at 0x14cb82c685f0>,47,3,[1 6],70,251,254,181,251
1,<environment.Job instance at 0x14cb82c68640>,54,3,[2 5],84,303,306,219,303
1,<environment.Job instance at 0x14cb82c684b0>,56,1,[2 6],87,316,317,229,316
1,<environment.Job instance at 0x14cb83742870>,62,15,[10  2],94,328,343,234,328
1,<environment.Job instance at 0x14cb82ba7460>,35,13,[1 6],53,347,360,294,347
1,<environment.Job instance at 0x14cb81316550>,68,3,[6 2],103,366,369,263,366
1,<environment.Job instance at 0x14cb887ecf00>,72,1,[8 1],108,379,380,271,379
1,<environment.Job instance at 0x14cb37884140>,76,3,[6 1],113,382,385,269,382
1,<environment.Job instance at 0x14cb3773fb90>,79,3,[1 6],117,398,401,281,398
1,<environment.Job instance at 0x14cb887cc370>,86,1,[2 8],125,403,404,278,403
1,<environment.Job instance at 0x14cb84321640>,87,3,[2 7],126,404,407,278,403
1,<environment.Job instance at 0x14cb843215a0>,89,13,[2 7],128,407,420,279,403
1,<environment.Job instance at 0x14cb84321320>,90,2,[8 1],129,403,405,274,403
1,<environment.Job instance at 0x14cb87e04870>,91,2,[7 1],130,405,407,275,403
1,<environment.Job instance at 0x14cb37f94460>,98,3,[9 1],138,420,423,282,414
1,<environment.Job instance at 0x14cb83714d20>,99,3,[9 1],139,423,426,284,414
1,<environment.Job instance at 0x14cb83714c80>,101,1,[7 1],141,426,427,285,420
1,<environment.Job instance at 0x14cb83714460>,103,3,[10  1],145,427,430,282,421
1,<environment.Job instance at 0x14cb82ca45f0>,110,18,[1 9],158,440,458,282,440
1,<environment.Job instance at 0x14cb37a67190>,115,28,[2 9],166,474,502,308,474
1,<environment.Job instance at 0x14cb8a85daa0>,1,2,[9 1],2,5,7,3,5
1,<environment.Job instance at 0x14cb8888ef00>,9,17,[1 7],11,11,28,0,11
1,<environment.Job instance at 0x14cb8888ec80>,10,2,[1 9],12,28,30,16,12
1,<environment.Job instance at 0x14cb82d6e370>,12,1,[5 1],18,18,19,0,18
1,<environment.Job instance at 0x14cb8131cfa0>,4,15,[5 1],6,19,34,13,19
1,<environment.Job instance at 0x14cb82d6e690>,14,1,[5 1],20,30,31,10,21
1,<environment.Job instance at 0x14cb82d6e7d0>,15,2,[1 6],22,31,33,9,24
1,<environment.Job instance at 0x14cb82d6e5a0>,16,12,[ 1 10],24,84,96,60,84
1,<environment.Job instance at 0x14cb82d67a50>,38,1,[9 2],50,101,102,51,101
1,<environment.Job instance at 0x14cb82d677d0>,34,21,[10  1],45,103,124,58,103
1,<environment.Job instance at 0x14cb82d67c30>,44,1,[5 1],59,262,263,203,262
1,<environment.Job instance at 0x14cb82d90b90>,46,3,[8 2],63,274,277,211,274
1,<environment.Job instance at 0x14cb82d90500>,47,18,[7 1],65,288,306,223,288
1,<environment.Job instance at 0x14cb814194b0>,64,12,[ 1 10],86,306,318,220,292
1,<environment.Job instance at 0x14cb8887ba00>,67,2,[5 2],91,318,320,227,301
1,<environment.Job instance at 0x14cb82d90280>,52,2,[7 2],70,320,322,250,310
1,<environment.Job instance at 0x14cb83a777d0>,76,2,[8 2],103,326,328,223,326
1,<environment.Job instance at 0x14cb8887b140>,72,3,[2 9],97,328,331,231,326
1,<environment.Job instance at 0x14cb82d27370>,82,2,[8 2],112,331,333,219,328
1,<environment.Job instance at 0x14cb37cc4280>,84,3,[7 2],115,333,336,218,329
1,<environment.Job instance at 0x14cb37fece60>,88,1,[5 2],121,336,337,215,330
1,<environment.Job instance at 0x14cb37fe6640>,91,16,[1 5],127,331,347,204,330
1,<environment.Job instance at 0x14cb37feca50>,90,2,[5 1],124,337,339,213,330
1,<environment.Job instance at 0x14cb37645cd0>,94,3,[9 1],130,339,342,209,330
1,<environment.Job instance at 0x14cb37cdd8c0>,92,1,[10  2],128,347,348,219,331
1,<environment.Job instance at 0x14cb3764d910>,100,17,[2 7],140,375,392,235,375
1,<environment.Job instance at 0x14cb3764db40>,107,1,[9 2],151,430,431,279,430
1,<environment.Job instance at 0x14cb37fceaf0>,118,1,[ 2 10],169,485,486,316,485
1,<environment.Job instance at 0x14cb8885e050>,0,1,[1 6],1,1,2,0,1
1,<environment.Job instance at 0x14cb8885e140>,2,13,[2 9],5,7,20,2,7
1,<environment.Job instance at 0x14cb8885e8c0>,5,1,[2 8],8,20,21,12,8
1,<environment.Job instance at 0x14cb8885e640>,6,3,[1 6],9,21,24,12,9
1,<environment.Job instance at 0x14cb8887d820>,9,1,[6 2],12,20,21,8,12
1,<environment.Job instance at 0x14cb8887d960>,11,23,[1 9],14,24,47,10,18
1,<environment.Job instance at 0x14cb8887dc30>,16,1,[8 1],20,29,30,9,29
1,<environment.Job instance at 0x14cb8887d870>,18,2,[6 1],22,30,32,8,29
1,<environment.Job instance at 0x14cb82c8cf50>,23,25,[ 1 10],31,47,72,16,43
1,<environment.Job instance at 0x14cb37678d20>,28,1,[1 5],38,72,73,34,47
1,<environment.Job instance at 0x14cb37fe6d70>,35,3,[10  1],48,73,76,25,48
1,<environment.Job instance at 0x14cb37fce140>,36,2,[2 7],52,76,78,24,52
1,<environment.Job instance at 0x14cb37fce550>,37,1,[9 2],54,72,73,18,54
1,<environment.Job instance at 0x14cb37fce460>,40,3,[6 2],58,76,79,18,61
1,<environment.Job instance at 0x14cb37cd2a50>,42,17,[2 7],63,78,95,15,68
1,<environment.Job instance at 0x14cb37cd20a0>,47,3,[7 1],70,79,82,9,75
1,<environment.Job instance at 0x14cb37cd2460>,51,16,[1 8],76,95,111,19,82
1,<environment.Job instance at 0x14cb376457d0>,57,12,[7 2],84,104,116,20,104
1,<environment.Job instance at 0x14cb37645e60>,58,1,[2 6],85,111,112,26,109
1,<environment.Job instance at 0x14cb37645500>,61,2,[6 1],88,143,145,55,143
1,<environment.Job instance at 0x14cb37645140>,66,1,[7 2],95,165,166,70,165
1,<environment.Job instance at 0x14cb376455a0>,67,15,[10  2],96,168,183,72,168
1,<environment.Job instance at 0x14cb376452d0>,68,3,[1 6],97,183,186,86,168
1,<environment.Job instance at 0x14cb37645870>,69,2,[2 7],98,186,188,88,168
1,<environment.Job instance at 0x14cb376670a0>,1,2,[7 2],2,5,7,3,5
1,<environment.Job instance at 0x14cb83aa1eb0>,5,3,[2 7],7,12,15,5,12
1,<environment.Job instance at 0x14cb82dbeaa0>,17,1,[6 2],26,26,27,0,26
1,<environment.Job instance at 0x14cb89e6a780>,15,3,[2 8],23,27,30,4,27
1,<environment.Job instance at 0x14cb7c0ee870>,19,23,[10  2],28,31,54,3,31
1,<environment.Job instance at 0x14cb3765fb40>,22,2,[5 1],33,54,56,21,36
1,<environment.Job instance at 0x14cb887a7d20>,25,3,[1 7],39,54,57,15,41
1,<environment.Job instance at 0x14cb37854e60>,36,1,[8 2],55,58,59,3,58
1,<environment.Job instance at 0x14cb379e8d20>,40,2,[9 1],59,62,64,3,62
1,<environment.Job instance at 0x14cb82e0b5f0>,43,14,[7 1],65,65,79,0,65
1,<environment.Job instance at 0x14cb7c034c80>,44,3,[ 2 10],67,79,82,12,67
1,<environment.Job instance at 0x14cb7c034a00>,45,3,[6 2],68,82,85,14,69
1,<environment.Job instance at 0x14cb37bfe6e0>,52,2,[7 1],83,85,87,2,84
1,<environment.Job instance at 0x14cb37924aa0>,54,3,[1 6],86,86,89,0,86
1,<environment.Job instance at 0x14cb379247d0>,55,2,[6 1],87,88,90,1,88
1,<environment.Job instance at 0x14cb37924640>,58,17,[5 1],94,94,111,0,94
1,<environment.Job instance at 0x14cb37924140>,59,2,[1 5],96,100,102,4,100
1,<environment.Job instance at 0x14cb37f69af0>,61,16,[2 6],101,102,118,1,102
1,<environment.Job instance at 0x14cb37f693c0>,64,13,[1 8],105,118,131,13,105
1,<environment.Job instance at 0x14cb37f69b40>,63,1,[10  2],104,131,132,27,107
1,<environment.Job instance at 0x14cb37f690f0>,66,3,[6 1],107,111,114,4,110
1,<environment.Job instance at 0x14cb37f69050>,67,2,[6 2],111,114,116,3,111
1,<environment.Job instance at 0x14cb82db37d0>,71,3,[6 2],120,123,126,3,123
1,<environment.Job instance at 0x14cb37b122d0>,96,1,[6 1],151,162,163,11,162
1,<environment.Job instance at 0x14cb37c93fa0>,101,3,[2 6],159,245,248,86,245
1,<environment.Job instance at 0x14cb37c93be0>,104,3,[2 6],163,285,288,122,285
1,<environment.Job instance at 0x14cb37c93370>,107,2,[9 2],166,292,294,126,292
1,<environment.Job instance at 0x14cb37c936e0>,109,1,[1 5],169,293,294,124,293
1,<environment.Job instance at 0x14d70ebe0a50>,0,12,[2 5],1,2,14,1,2
1,<environment.Job instance at 0x14d70ebe0cd0>,2,1,[2 5],3,4,5,1,4
1,<environment.Job instance at 0x14d705685190>,4,2,[7 2],5,5,7,0,5
1,<environment.Job instance at 0x14d7055664b0>,7,1,[2 6],8,14,15,6,8
1,<environment.Job instance at 0x14d706f134b0>,8,13,[6 1],9,9,22,0,9
1,<environment.Job instance at 0x14d70ebe0a00>,1,3,[1 9],2,15,18,13,11
1,<environment.Job instance at 0x14d7056a28c0>,10,13,[2 8],12,18,31,6,12
1,<environment.Job instance at 0x14d705674dc0>,14,2,[ 1 10],18,31,33,13,20
1,<environment.Job instance at 0x14d706d629b0>,17,17,[6 1],23,33,50,10,23
1,<environment.Job instance at 0x14d705594460>,19,3,[6 2],26,26,29,0,26
1,<environment.Job instance at 0x14d70694d0f0>,12,3,[1 8],14,33,36,19,26
1,<environment.Job instance at 0x14d705594640>,21,3,[6 1],29,50,53,21,36
1,<environment.Job instance at 0x14d705124820>,28,2,[2 7],37,37,39,0,37
1,<environment.Job instance at 0x14d70511f9b0>,35,2,[1 8],45,50,52,5,50
1,<environment.Job instance at 0x14d70511f7d0>,37,2,[ 1 10],50,53,55,3,51
1,<environment.Job instance at 0x14d70511fc80>,36,3,[10  2],48,55,58,7,53
1,<environment.Job instance at 0x14d7058d7c80>,114,15,[9 2],157,196,211,39,196
1,<environment.Job instance at 0x14d7058d7280>,120,1,[1 8],166,207,208,41,207
1,<environment.Job instance at 0x14d705683410>,0,3,[5 1],3,5,8,2,5
1,<environment.Job instance at 0x14d705642c80>,2,3,[ 2 10],6,8,11,2,6
1,<environment.Job instance at 0x14d705642280>,3,2,[1 9],8,11,13,3,8
1,<environment.Job instance at 0x14d705642550>,4,2,[ 2 10],11,13,15,2,13
1,<environment.Job instance at 0x14d705642af0>,7,2,[ 2 10],14,15,17,1,14
1,<environment.Job instance at 0x14d705642b90>,8,2,[2 9],15,17,19,2,16
1,<environment.Job instance at 0x14d705642960>,10,19,[ 1 10],18,19,38,1,18
1,<environment.Job instance at 0x14d7056420a0>,12,3,[5 2],20,38,41,18,20
1,<environment.Job instance at 0x14d705642e60>,13,2,[ 1 10],21,41,43,20,21
1,<environment.Job instance at 0x14d7055b85a0>,14,13,[ 2 10],22,43,56,21,27
1,<environment.Job instance at 0x14d7055b8e60>,18,3,[ 2 10],27,56,59,29,30
1,<environment.Job instance at 0x14d7055b89b0>,21,2,[8 2],31,59,61,28,40
1,<environment.Job instance at 0x14d7055b8be0>,22,3,[8 1],32,61,64,29,41
1,<environment.Job instance at 0x14d7055b8640>,23,2,[2 5],33,59,61,26,41
1,<environment.Job instance at 0x14d7055b8460>,27,18,[8 1],38,64,82,26,53
1,<environment.Job instance at 0x14d7055b8870>,28,16,[1 6],39,61,77,22,53
1,<environment.Job instance at 0x14d705640fa0>,32,16,[9 1],46,82,98,36,69
1,<environment.Job instance at 0x14d705640af0>,36,2,[6 2],53,98,100,45,72
1,<environment.Job instance at 0x14d705640230>,38,2,[8 1],56,100,102,44,73
1,<environment.Job instance at 0x14d705640d20>,35,12,[1 5],52,77,89,25,74
1,<environment.Job instance at 0x14d7056404b0>,39,1,[ 1 10],57,102,103,45,74
1,<environment.Job instance at 0x14d7055dd0f0>,44,1,[2 6],66,98,99,32,77
1,<environment.Job instance at 0x14d7055bc280>,52,3,[8 1],82,103,106,21,85
1,<environment.Job instance at 0x14d705644050>,54,2,[5 2],84,106,108,22,85
1,<environment.Job instance at 0x14d70562b820>,78,2,[5 2],115,183,185,68,183
1,<environment.Job instance at 0x14d70cae9190>,102,20,[8 2],152,248,268,96,248
1,<environment.Job instance at 0x14d7085adf50>,100,3,[1 7],149,249,252,100,249
1,<environment.Job instance at 0x14d70cae5d70>,104,3,[1 9],154,268,271,114,249
1,<environment.Job instance at 0x14d70c18e960>,113,13,[1 7],170,252,265,82,249
1,<environment.Job instance at 0x14d70c3f3a50>,114,12,[2 9],173,271,283,98,254
1,<environment.Job instance at 0x14d7051584b0>,106,2,[2 7],161,265,267,104,254
1,<environment.Job instance at 0x14d70561b320>,118,17,[10  1],178,283,300,105,277
1,<environment.Job instance at 0x14d7056439b0>,0,1,[6 2],1,4,5,3,4
1,<environment.Job instance at 0x14d70ca80c30>,3,2,[8 1],8,15,17,7,15
1,<environment.Job instance at 0x14d6dfb43af0>,9,18,[ 1 10],16,42,60,26,42
1,<environment.Job instance at 0x14d6dfb43c80>,10,2,[1 6],18,60,62,42,45
1,<environment.Job instance at 0x14d6dfb43d20>,11,3,[ 2 10],20,62,65,42,53
1,<environment.Job instance at 0x14d6dfb43f00>,12,1,[7 2],21,60,61,39,53
1,<environment.Job instance at 0x14d6dfb43e10>,13,3,[9 1],22,65,68,43,63
1,<environment.Job instance at 0x14d707a24050>,17,14,[7 2],27,68,82,41,66
1,<environment.Job instance at 0x14d707a242d0>,18,2,[ 1 10],29,82,84,53,70
1,<environment.Job instance at 0x14d707a246e0>,25,14,[1 6],42,144,158,102,144
1,<environment.Job instance at 0x14d707a24af0>,30,3,[9 2],48,150,153,102,150
1,<environment.Job instance at 0x14d707a247d0>,31,3,[6 2],51,157,160,106,157
1,<environment.Job instance at 0x14d707a24b40>,33,3,[1 7],53,165,168,112,165
1,<environment.Job instance at 0x14d707a24cd0>,35,1,[7 2],56,166,167,110,166
1,<environment.Job instance at 0x14d6dfb460a0>,38,14,[1 9],60,185,199,125,185
1,<environment.Job instance at 0x14d6dfb46690>,44,12,[5 2],68,199,211,131,195
1,<environment.Job instance at 0x14d6dfb480f0>,55,3,[2 9],87,466,469,379,466
1,<environment.Job instance at 0x14d6dfb48320>,58,2,[1 9],91,478,480,387,478
1,<environment.Job instance at 0x14d6dfb486e0>,63,2,[8 2],98,525,527,427,525
1,<environment.Job instance at 0x14d6dfb488c0>,65,3,[10  1],101,531,534,430,531
1,<environment.Job instance at 0x14d6dfb48d70>,71,15,[10  1],109,568,583,459,568
1,<environment.Job instance at 0x14d6dfb48d20>,72,1,[2 8],110,583,584,473,569
1,<environment.Job instance at 0x14d6dfb4a960>,89,2,[1 8],131,673,675,542,673
1,<environment.Job instance at 0x14d6dfb4af50>,96,1,[2 9],142,689,690,547,689
1,<environment.Job instance at 0x14d6f42230a0>,3,14,[1 6],5,5,19,0,5
1,<environment.Job instance at 0x14d6dfb4a190>,4,17,[9 1],6,12,29,6,12
1,<environment.Job instance at 0x14d6f42376e0>,11,2,[10  2],13,29,31,16,13
1,<environment.Job instance at 0x14d6f42e5820>,15,15,[2 6],19,31,46,12,21
1,<environment.Job instance at 0x14d6f4237050>,17,13,[5 1],21,31,44,10,21
1,<environment.Job instance at 0x14d70402f370>,18,2,[1 8],22,22,24,0,22
1,<environment.Job instance at 0x14d70400f6e0>,19,14,[6 1],23,44,58,21,29
1,<environment.Job instance at 0x14d7070cf9b0>,42,14,[2 5],58,219,233,161,219
1,<environment.Job instance at 0x14d7070cf780>,44,12,[1 5],61,235,247,174,235
1,<environment.Job instance at 0x14d6f42375f0>,13,16,[ 2 10],15,266,282,251,266
1,<environment.Job instance at 0x14d6f42dc500>,49,16,[1 5],71,282,298,211,269
1,<environment.Job instance at 0x14d6f42dcb90>,50,1,[1 9],72,298,299,226,274
1,<environment.Job instance at 0x14d7055fa910>,61,1,[6 2],92,308,309,216,308
1,<environment.Job instance at 0x14d7070cf4b0>,40,1,[7 1],56,313,314,257,313
1,<environment.Job instance at 0x14d7040d5a00>,65,2,[7 2],100,322,324,222,322
1,<environment.Job instance at 0x14d6f430a6e0>,72,17,[2 8],107,454,471,347,454
1,<environment.Job instance at 0x14d6f430acd0>,76,2,[5 1],113,456,458,343,456
1,<environment.Job instance at 0x14d6f430aa50>,78,3,[9 2],115,471,474,356,464
1,<environment.Job instance at 0x14d6f4314410>,86,15,[2 7],130,502,517,372,502
1,<environment.Job instance at 0x14d6f42bb730>,91,3,[1 9],141,517,520,376,507
1,<environment.Job instance at 0x14d6f42bba50>,93,2,[7 2],145,507,509,362,507
1,<environment.Job instance at 0x14d6f430a780>,80,15,[2 8],122,526,541,404,526
1,<environment.Job instance at 0x14d6f42bb820>,101,28,[5 1],156,531,559,375,531
1,<environment.Job instance at 0x14d6f42b19b0>,110,3,[ 1 10],166,572,575,406,572
1,<environment.Job instance at 0x14d6f42b18c0>,115,2,[5 1],171,576,578,405,576
1,<environment.Job instance at 0x14d6f42b1550>,119,3,[7 2],179,592,595,413,592
1,<environment.Job instance at 0x14d6f42593c0>,1,12,[2 6],3,4,16,1,4
1,<environment.Job instance at 0x14d6f4259f50>,2,1,[9 1],5,16,17,11,6
1,<environment.Job instance at 0x14d6f4259c80>,3,17,[2 8],6,17,34,11,7
1,<environment.Job instance at 0x14d6f4213c30>,10,1,[10  2],17,34,35,17,20
1,<environment.Job instance at 0x14d6f4213b90>,14,12,[2 9],22,35,47,13,22
1,<environment.Job instance at 0x14d6f4213140>,15,3,[9 2],23,47,50,24,23
1,<environment.Job instance at 0x14d6f4213640>,16,13,[1 9],24,50,63,26,34
1,<environment.Job instance at 0x14d6f4247dc0>,21,17,[2 9],31,63,80,32,51
1,<environment.Job instance at 0x14d6f4247eb0>,23,2,[6 2],33,80,82,47,53
1,<environment.Job instance at 0x14d6f4247960>,27,3,[2 7],39,80,83,41,54
1,<environment.Job instance at 0x14d6f42475f0>,31,1,[6 2],43,82,83,39,55
1,<environment.Job instance at 0x14d6f417dc80>,34,3,[7 1],46,62,65,16,62
1,<environment.Job instance at 0x14d6f417d370>,35,14,[8 2],47,83,97,36,68
1,<environment.Job instance at 0x14d6f417d2d0>,39,13,[2 8],53,83,96,30,68
1,<environment.Job instance at 0x14d6f420f780>,44,17,[10  1],60,97,114,37,85
1,<environment.Job instance at 0x14d6f420f460>,50,3,[2 7],68,114,117,46,90
1,<environment.Job instance at 0x14d6f420faa0>,51,15,[7 2],69,114,129,45,101
1,<environment.Job instance at 0x14d6f429d0f0>,54,2,[1 5],72,117,119,45,101
1,<environment.Job instance at 0x14d6f429dc30>,56,14,[2 6],75,119,133,44,104
1,<environment.Job instance at 0x14d6f429d230>,57,1,[9 1],76,133,134,57,105
1,<environment.Job instance at 0x14d6f429dc80>,60,15,[9 2],80,134,149,54,120
1,<environment.Job instance at 0x14d6f429d910>,61,2,[5 2],81,129,131,48,120
1,<environment.Job instance at 0x14d6f429d280>,62,2,[5 1],82,131,133,49,120
1,<environment.Job instance at 0x14d6f4247fa0>,18,12,[1 7],27,133,145,106,123
1,<environment.Job instance at 0x14d704094b90>,68,3,[2 6],91,149,152,58,123
1,<environment.Job instance at 0x14d704094a50>,70,13,[6 1],94,149,162,55,136
1,<environment.Job instance at 0x14d704094cd0>,77,1,[8 2],103,162,163,59,140
1,<environment.Job instance at 0x14d7040948c0>,79,17,[2 7],105,164,181,59,164
1,<environment.Job instance at 0x14d704038320>,80,13,[2 8],106,181,194,75,165
1,<environment.Job instance at 0x14d70403a320>,89,3,[8 2],116,179,182,63,179
1,<environment.Job instance at 0x14d70403acd0>,91,13,[10  1],119,194,207,75,179
1,<environment.Job instance at 0x14d6df841cd0>,93,14,[2 9],121,292,306,171,292
1,<environment.Job instance at 0x14d706dbdaa0>,103,3,[2 8],131,306,309,175,298
1,<environment.Job instance at 0x14d7070cab90>,114,18,[6 1],145,340,358,195,340
1,<environment.Job instance at 0x14d6f42144b0>,116,2,[10  1],147,358,360,211,345
1,<environment.Job instance at 0x14d70c0f7f00>,119,16,[6 2],151,360,376,209,350
1,<environment.Job instance at 0x14d70e4b1690>,117,22,[2 6],149,367,389,218,367
1,<environment.Job instance at 0x14d6f42dca50>,129,2,[7 2],166,385,387,219,385
1,<environment.Job instance at 0x14d707a470f0>,131,2,[6 1],169,387,389,218,385
1,<environment.Job instance at 0x14d7040d5050>,133,15,[10  2],174,389,404,215,385
1,<environment.Job instance at 0x14d7070cf640>,134,2,[7 2],175,404,406,229,385
1,<environment.Job instance at 0x14d6dfd79370>,2,14,[1 6],3,11,25,8,11
1,<environment.Job instance at 0x14d7070ae0a0>,8,2,[2 7],13,25,27,12,16
1,<environment.Job instance at 0x14d6dfba9550>,4,1,[2 9],6,27,28,21,16
1,<environment.Job instance at 0x14d6dfd0b690>,9,3,[2 5],14,28,31,14,17
1,<environment.Job instance at 0x14d70700ff50>,18,22,[2 5],29,38,60,9,38
1,<environment.Job instance at 0x14d70700f690>,20,1,[10  1],31,60,61,29,38
1,<environment.Job instance at 0x14d70700f2d0>,22,13,[7 2],34,41,54,7,41
1,<environment.Job instance at 0x14d6dfd04e60>,40,3,[1 9],62,121,124,59,121
1,<environment.Job instance at 0x14d6dfd04460>,41,13,[2 9],66,157,170,91,157
1,<environment.Job instance at 0x14d6dfd00870>,52,1,[5 1],78,234,235,156,234
1,<environment.Job instance at 0x14d6dfd00a50>,57,3,[1 7],84,253,256,169,253
1,<environment.Job instance at 0x14d707011a00>,61,14,[ 2 10],89,265,279,176,265
1,<environment.Job instance at 0x14d707011410>,62,14,[9 2],90,279,293,189,265
1,<environment.Job instance at 0x14d707011b40>,68,2,[8 2],96,293,295,197,266
1,<environment.Job instance at 0x14d6dfd0f730>,73,23,[2 6],104,293,316,189,287
1,<environment.Job instance at 0x14d6dfd0fa00>,76,1,[5 2],108,295,296,187,293
1,<environment.Job instance at 0x14d6dfd0fc30>,77,1,[8 2],109,296,297,187,293
1,<environment.Job instance at 0x14d6dfd0f9b0>,82,3,[5 1],116,297,300,181,293
1,<environment.Job instance at 0x14d6dfd0f050>,83,3,[1 6],117,316,319,199,293
1,<environment.Job instance at 0x14d70cb54b90>,88,13,[2 5],128,319,332,191,303
1,<environment.Job instance at 0x14d70cadc370>,92,1,[ 2 10],137,332,333,195,305
1,<environment.Job instance at 0x14d70caab410>,109,3,[2 8],163,406,409,243,406
1,<environment.Job instance at 0x14d6dff4c190>,111,1,[ 2 10],166,409,410,243,409
1,<environment.Job instance at 0x14d707d27140>,114,1,[2 7],170,410,411,240,410
1,<environment.Job instance at 0x14d70cab3910>,115,2,[1 8],171,411,413,240,410
1,<environment.Job instance at 0x14d70cab3b40>,116,13,[7 1],172,411,424,239,411
1,<environment.Job instance at 0x14d6dfdedb90>,117,3,[ 2 10],175,424,427,249,411
1,<environment.Job instance at 0x14d6dff0ab90>,118,2,[2 7],176,413,415,237,411
1,<environment.Job instance at 0x14d707d38690>,119,22,[ 2 10],177,427,449,250,420
1,<environment.Job instance at 0x14d70ca5e7d0>,121,2,[1 7],179,420,422,241,420
1,<environment.Job instance at 0x14d70513b820>,8,2,[10  2],13,13,15,0,13
1,<environment.Job instance at 0x14d70513b780>,11,1,[6 1],16,16,17,0,16
1,<environment.Job instance at 0x14d70513bcd0>,12,3,[8 1],18,22,25,4,22
1,<environment.Job instance at 0x14d70513b960>,15,17,[10  1],26,27,44,1,27
1,<environment.Job instance at 0x14d705129370>,17,2,[7 1],28,44,46,16,29
1,<environment.Job instance at 0x14d705129a50>,23,1,[1 7],38,44,45,6,41
1,<environment.Job instance at 0x14d705129e10>,26,27,[5 2],42,46,73,4,45
1,<environment.Job instance at 0x14d705129b90>,29,1,[ 2 10],45,73,74,28,45
1,<environment.Job instance at 0x14d705129e60>,30,12,[2 8],48,48,60,0,48
1,<environment.Job instance at 0x14d705144410>,31,3,[ 1 10],51,74,77,23,51
1,<environment.Job instance at 0x14d705144550>,32,1,[8 2],52,77,78,25,52
1,<environment.Job instance at 0x14d70caa6d20>,35,13,[8 2],56,78,91,22,63
1,<environment.Job instance at 0x14d70515a550>,39,3,[8 2],63,91,94,28,65
1,<environment.Job instance at 0x14d70515a230>,42,2,[7 1],66,94,96,28,67
1,<environment.Job instance at 0x14d70515a0f0>,41,3,[2 8],65,67,70,2,67
1,<environment.Job instance at 0x14d705128370>,52,1,[2 7],80,89,90,9,89
1,<environment.Job instance at 0x14d6dfa16cd0>,54,1,[1 9],83,94,95,11,90
1,<environment.Job instance at 0x14d70c114c80>,55,2,[ 2 10],85,96,98,11,90
1,<environment.Job instance at 0x14d6df9371e0>,56,3,[9 1],86,98,101,12,90
1,<environment.Job instance at 0x14d6f405b8c0>,57,12,[9 1],87,101,113,14,91
1,<environment.Job instance at 0x14d705128690>,49,2,[ 2 10],76,156,158,80,156
1,<environment.Job instance at 0x14d6df8cb280>,59,16,[9 2],90,360,376,270,360
1,<environment.Job instance at 0x14d6df8ef1e0>,63,1,[2 8],95,412,413,317,412
1,<environment.Job instance at 0x14d705121dc0>,75,3,[2 9],111,486,489,375,486
1,<environment.Job instance at 0x14d6df8f5aa0>,66,1,[1 8],100,547,548,447,547
1,<environment.Job instance at 0x14d6df8d8280>,84,2,[8 1],120,547,549,427,547
1,<environment.Job instance at 0x14d6df8c4500>,94,16,[5 2],133,600,616,467,600
1,<environment.Job instance at 0x14d6df8c43c0>,108,2,[9 1],152,773,775,621,773
1,<environment.Job instance at 0x14d6df8c45f0>,1,1,[1 6],2,3,4,1,3
1,<environment.Job instance at 0x14d6dfa3b460>,3,2,[5 1],4,4,6,0,4
1,<environment.Job instance at 0x14d6df8c4730>,2,14,[1 8],3,6,20,3,6
1,<environment.Job instance at 0x14d6dfa3b5a0>,6,3,[2 6],7,20,23,13,7
1,<environment.Job instance at 0x14d6dfa3bd70>,7,3,[1 9],8,23,26,15,9
1,<environment.Job instance at 0x14d6dfa3b6e0>,8,3,[6 1],9,15,18,6,15
1,<environment.Job instance at 0x14d6dfa3b320>,9,15,[6 1],15,18,33,3,15
1,<environment.Job instance at 0x14d70515bbe0>,11,17,[8 1],17,33,50,16,24
1,<environment.Job instance at 0x14d70515b820>,14,3,[9 1],20,50,53,30,24
1,<environment.Job instance at 0x14d70515bc30>,19,1,[6 2],27,53,54,26,28
1,<environment.Job instance at 0x14d6df8ef050>,29,2,[2 9],44,44,46,0,44
1,<environment.Job instance at 0x14d705121870>,30,3,[2 6],45,46,49,1,45
1,<environment.Job instance at 0x14d705121be0>,33,26,[2 5],49,58,84,9,58
1,<environment.Job instance at 0x14d705121690>,37,1,[1 8],55,84,85,29,58
1,<environment.Job instance at 0x14d705121050>,38,1,[10  2],59,85,86,26,59
1,<environment.Job instance at 0x14d7051218c0>,34,3,[1 9],51,86,89,35,60
1,<environment.Job instance at 0x14d6df8e1be0>,40,1,[1 5],61,61,62,0,61
1,<environment.Job instance at 0x14d705121af0>,35,17,[1 5],52,62,79,10,62
1,<environment.Job instance at 0x14d6df8e1820>,41,3,[7 2],63,79,82,16,64
1,<environment.Job instance at 0x14d6df8e14b0>,42,1,[2 8],64,89,90,25,74
1,<environment.Job instance at 0x14d6df8e1c30>,47,28,[2 5],73,90,118,17,89
1,<environment.Job instance at 0x14d6dfa3d910>,52,1,[2 6],78,118,119,40,98
1,<environment.Job instance at 0x14d6dfa3d410>,53,1,[1 5],80,103,104,23,103
1,<environment.Job instance at 0x14d6dfa3d3c0>,58,1,[1 6],88,143,144,55,143
1,<environment.Job instance at 0x14d6dfa3da50>,60,2,[6 2],91,143,145,52,143
1,<environment.Job instance at 0x14d6dfa3d0a0>,61,3,[2 7],92,144,147,52,143
1,<environment.Job instance at 0x14d6dfa3d8c0>,63,3,[10  1],97,147,150,50,143
1,<environment.Job instance at 0x14d6dfa3d500>,64,2,[6 1],98,145,147,47,144
1,<environment.Job instance at 0x14d6dfa3d320>,66,2,[10  2],100,150,152,50,144
1,<environment.Job instance at 0x14d6df8e1b40>,44,3,[10  1],68,152,155,84,144
1,<environment.Job instance at 0x14d6df8f56e0>,73,13,[10  1],108,155,168,47,144
1,<environment.Job instance at 0x14d6df8f5dc0>,79,3,[10  2],117,168,171,51,144
1,<environment.Job instance at 0x14d6df8f5140>,77,1,[9 1],112,171,172,59,148
1,<environment.Job instance at 0x14d6df8f5320>,82,1,[7 2],121,172,173,51,148
1,<environment.Job instance at 0x14d704011410>,94,3,[2 9],135,173,176,38,168
1,<environment.Job instance at 0x14d706f113c0>,99,14,[5 2],144,178,192,34,178
1,<environment.Job instance at 0x14d6df812230>,98,2,[7 1],140,192,194,52,179
1,<environment.Job instance at 0x14d706eaddc0>,105,22,[2 9],153,192,214,39,185
1,<environment.Job instance at 0x14d6dfb8ea00>,104,21,[10  2],152,214,235,62,209
1,<environment.Job instance at 0x14d70cac0b90>,123,3,[9 2],179,235,238,56,209
1,<environment.Job instance at 0x14d706ff90f0>,117,3,[5 1],173,238,241,65,212
1,<environment.Job instance at 0x14d70c123690>,2,2,[2 8],10,11,13,1,11
1,<environment.Job instance at 0x14d70cb1feb0>,3,1,[7 1],13,17,18,4,17
1,<environment.Job instance at 0x14d70cb1ff50>,5,3,[6 2],16,18,21,2,17
1,<environment.Job instance at 0x14d70cb1b0f0>,8,3,[9 1],19,21,24,2,19
1,<environment.Job instance at 0x14d70cb1b7d0>,11,3,[9 2],24,25,28,1,25
1,<environment.Job instance at 0x14d70cb1ba50>,13,1,[1 9],26,29,30,3,29
1,<environment.Job instance at 0x14d70cb1be10>,17,1,[1 9],30,30,31,0,30
1,<environment.Job instance at 0x14d70cb1be60>,18,2,[2 6],31,31,33,0,31
1,<environment.Job instance at 0x14d70cb0d140>,19,3,[ 2 10],32,33,36,1,32
1,<environment.Job instance at 0x14d70cb0d7d0>,23,2,[1 6],38,38,40,0,38
1,<environment.Job instance at 0x14d70cb0d910>,24,1,[2 5],39,40,41,1,40
1,<environment.Job instance at 0x14d70cb0df50>,33,2,[1 8],56,94,96,38,94
1,<environment.Job instance at 0x14d70cb3e2d0>,38,1,[1 5],62,97,98,35,97
1,<environment.Job instance at 0x14d70cb3e370>,39,16,[ 2 10],63,98,114,35,97
1,<environment.Job instance at 0x14d70cb3e4b0>,41,3,[1 7],65,114,117,49,97
1,<environment.Job instance at 0x14d70cb0ddc0>,32,2,[1 6],55,117,119,62,97
1,<environment.Job instance at 0x14d70cb3e7d0>,45,2,[2 7],75,119,121,44,98
1,<environment.Job instance at 0x14d70cb3e5a0>,47,15,[7 1],77,114,129,37,101
1,<environment.Job instance at 0x14d70cb3e9b0>,48,1,[1 8],78,121,122,43,101
1,<environment.Job instance at 0x14d70cb3e780>,51,2,[7 2],81,129,131,48,104
1,<environment.Job instance at 0x14d70cb3edc0>,55,3,[10  1],87,131,134,44,107
1,<environment.Job instance at 0x14d70cb3ef00>,56,1,[9 2],88,134,135,46,107
1,<environment.Job instance at 0x14d70cb3ee10>,58,2,[1 5],90,122,124,32,107
1,<environment.Job instance at 0x14d70cb42230>,60,2,[10  2],92,135,137,43,118
1,<environment.Job instance at 0x14d70cb42910>,64,2,[1 7],99,124,126,25,118
1,<environment.Job instance at 0x14d70cb42e10>,65,3,[1 8],100,126,129,26,118
1,<environment.Job instance at 0x14d70cb42e60>,66,19,[5 2],101,137,156,36,128
1,<environment.Job instance at 0x14d70cb47190>,67,2,[2 8],102,129,131,27,128
1,<environment.Job instance at 0x14d70cb47690>,70,3,[7 2],105,156,159,51,130
1,<environment.Job instance at 0x14d70cb47960>,74,2,[8 2],110,159,161,49,136
1,<environment.Job instance at 0x14d70cb47dc0>,76,3,[6 1],112,161,164,49,136
1,<environment.Job instance at 0x14d70cb47eb0>,77,16,[1 5],113,137,153,24,137
1,<environment.Job instance at 0x14d70cb47fa0>,79,3,[2 8],116,153,156,37,137
1,<environment.Job instance at 0x14d70cb3eaf0>,50,13,[1 9],80,180,193,100,180
1,<environment.Job instance at 0x14d70cb2aeb0>,94,2,[9 1],134,206,208,72,206
1,<environment.Job instance at 0x14d70cafbb40>,92,3,[8 2],131,209,212,78,209
1,<environment.Job instance at 0x14d706f6e050>,99,15,[10  1],143,212,227,69,212
1,<environment.Job instance at 0x14d706f6a320>,101,12,[1 7],146,227,239,81,212
1,<environment.Job instance at 0x14d707a09b40>,103,3,[10  1],148,239,242,91,218
1,<environment.Job instance at 0x14d706f6e410>,98,17,[1 8],142,246,263,104,246
1,<environment.Job instance at 0x14d706e1b0f0>,0,2,[2 8],1,4,6,3,4
1,<environment.Job instance at 0x14d706fc5410>,4,2,[6 2],6,8,10,2,8
1,<environment.Job instance at 0x14d706fc5f50>,7,18,[2 5],10,10,28,0,10
1,<environment.Job instance at 0x14d7079514b0>,9,1,[6 1],14,14,15,0,14
1,<environment.Job instance at 0x14d7079c2e10>,10,3,[10  1],15,28,31,13,15
1,<environment.Job instance at 0x14d6dfd910a0>,11,3,[6 2],16,16,19,0,16
1,<environment.Job instance at 0x14d70c186d70>,5,16,[2 8],8,31,47,23,29
1,<environment.Job instance at 0x14d7070070a0>,22,2,[8 2],28,208,210,180,208
1,<environment.Job instance at 0x14d6df8310f0>,39,3,[9 1],57,1291,1294,1234,1291
1,<environment.Job instance at 0x14d706f87280>,43,1,[8 2],64,1777,1778,1713,1777
1,<environment.Job instance at 0x14d6df8ccf00>,47,2,[2 5],68,1777,1779,1709,1777
1,<environment.Job instance at 0x14d70ca3d910>,49,1,[2 9],70,1779,1780,1709,1777
1,<environment.Job instance at 0x14d70ca3dd70>,50,3,[2 9],72,1780,1783,1708,1777
1,<environment.Job instance at 0x14d70ca3d8c0>,52,1,[7 2],75,1778,1779,1703,1777
1,<environment.Job instance at 0x14d70ca3df00>,53,16,[5 2],76,1783,1799,1707,1777
1,<environment.Job instance at 0x14d70ca3d0f0>,59,1,[9 1],84,1799,1800,1715,1781
1,<environment.Job instance at 0x14d70ca3d690>,62,3,[10  2],88,1808,1811,1720,1808
1,<environment.Job instance at 0x14d70ca3de60>,63,3,[ 1 10],89,1811,1814,1722,1808
1,<environment.Job instance at 0x14d70ca3d4b0>,64,2,[5 1],90,1814,1816,1724,1809
1,<environment.Job instance at 0x14d70cadc280>,67,2,[8 1],94,1816,1818,1722,1809
1,<environment.Job instance at 0x14d70cb83780>,68,3,[2 8],97,1814,1817,1717,1809
1,<environment.Job instance at 0x14d6f40b75a0>,70,3,[2 9],100,1817,1820,1717,1810
1,<environment.Job instance at 0x14d70ca64b90>,74,1,[9 2],105,1820,1821,1715,1810
1,<environment.Job instance at 0x14d7079391e0>,76,2,[5 2],107,1821,1823,1714,1810
1,<environment.Job instance at 0x14d70693d780>,81,16,[ 2 10],115,1841,1857,1726,1841
1,<environment.Job instance at 0x14d70693d5f0>,80,3,[6 1],114,1857,1860,1743,1841
1,<environment.Job instance at 0x14d70693d9b0>,84,1,[10  1],119,1860,1861,1741,1844
1,<environment.Job instance at 0x14d70693dbe0>,95,2,[1 5],131,1857,1859,1726,1852
1,<environment.Job instance at 0x14d70693d320>,96,12,[5 1],132,1861,1873,1729,1853
1,<environment.Job instance at 0x14d70693df00>,91,3,[1 7],127,1861,1864,1734,1856
1,<environment.Job instance at 0x14d70693daf0>,98,3,[1 7],135,1864,1867,1729,1861
1,<environment.Job instance at 0x14d70caaa280>,111,17,[6 1],155,1886,1903,1731,1886
1,<environment.Job instance at 0x14d70caaa9b0>,113,2,[9 1],158,1910,1912,1752,1910
1,<environment.Job instance at 0x14d70caaaeb0>,119,3,[2 9],164,1949,1952,1785,1949
1,<environment.Job instance at 0x14d6dfde4eb0>,123,25,[1 7],169,1974,1999,1805,1974
1,<environment.Job instance at 0x14d6dfde4e60>,126,15,[7 2],172,2053,2068,1881,2053
1,<environment.Job instance at 0x14d6dfa95370>,1,3,[10  1],2,4,7,2,4
1,<environment.Job instance at 0x14d6dfa95eb0>,2,3,[10  1],3,7,10,4,6
1,<environment.Job instance at 0x14d6dfa95140>,6,2,[6 1],9,16,18,7,16
1,<environment.Job instance at 0x14d7058e4640>,13,3,[8 1],20,20,23,0,20
1,<environment.Job instance at 0x14d6dfc62af0>,32,2,[1 9],42,48,50,6,48
1,<environment.Job instance at 0x14d6dfc625a0>,33,2,[2 5],43,50,52,7,48
1,<environment.Job instance at 0x14d6dfc62550>,35,1,[8 1],47,49,50,2,49
1,<environment.Job instance at 0x14d706de9320>,37,14,[9 2],49,52,66,3,49
1,<environment.Job instance at 0x14d706de9370>,40,1,[1 5],53,53,54,0,53
1,<environment.Job instance at 0x14d706de9dc0>,41,16,[8 1],54,66,82,12,54
1,<environment.Job instance at 0x14d6dfc42730>,46,2,[2 7],60,66,68,6,66
1,<environment.Job instance at 0x14d6dfc42d20>,47,14,[ 2 10],61,82,96,21,68
1,<environment.Job instance at 0x14d6dfc42a50>,48,1,[1 9],62,69,70,7,69
1,<environment.Job instance at 0x14d6f4168230>,52,3,[2 6],68,76,79,8,76
1,<environment.Job instance at 0x14d6f4168690>,53,14,[10  1],69,96,110,27,81
1,<environment.Job instance at 0x14d6f41689b0>,55,3,[5 1],71,110,113,39,97
1,<environment.Job instance at 0x14d6f4168dc0>,56,2,[8 1],73,113,115,40,97
1,<environment.Job instance at 0x14d6f4168320>,58,3,[8 2],75,115,118,40,97
1,<environment.Job instance at 0x14d7078ec230>,60,2,[2 7],79,110,112,31,101
1,<environment.Job instance at 0x14d7078eca50>,61,17,[6 2],81,118,135,37,106
1,<environment.Job instance at 0x14d7078ec690>,63,2,[1 9],83,112,114,29,107
1,<environment.Job instance at 0x14d7078eca00>,64,23,[1 5],84,114,137,30,110
1,<environment.Job instance at 0x14d7078ec7d0>,67,1,[8 2],87,135,136,48,120
1,<environment.Job instance at 0x14d7078ecfa0>,68,2,[7 1],88,136,138,48,120
1,<environment.Job instance at 0x14d6f41e1a00>,71,3,[7 1],91,138,141,47,121
1,<environment.Job instance at 0x14d6f41e1a50>,72,3,[8 2],92,141,144,49,121
1,<environment.Job instance at 0x14d707d0db40>,76,16,[8 2],101,144,160,43,131
1,<environment.Job instance at 0x14d707d0d460>,78,2,[5 2],103,160,162,57,133
1,<environment.Job instance at 0x14d7069245a0>,85,2,[6 2],112,162,164,50,136
1,<environment.Job instance at 0x14d6dfc421e0>,44,3,[1 7],58,137,140,79,136
1,<environment.Job instance at 0x14d7069248c0>,86,1,[1 5],114,140,141,26,137
1,<environment.Job instance at 0x14d706f165a0>,90,17,[ 2 10],118,164,181,46,152
1,<environment.Job instance at 0x14d7079fceb0>,98,13,[8 1],126,377,390,251,377
1,<environment.Job instance at 0x14d6df8efc30>,112,14,[2 5],146,625,639,479,625
1,<environment.Job instance at 0x14d7058e50a0>,114,1,[5 1],148,648,649,500,648
1,<environment.Job instance at 0x14d6dff3fc30>,116,2,[8 1],151,649,651,498,648
1,<environment.Job instance at 0x14d6dff3f8c0>,115,14,[1 7],149,648,662,499,648
1,<environment.Job instance at 0x14d6dff302d0>,118,2,[1 5],154,662,664,508,648
1,<environment.Job instance at 0x14d6dff30cd0>,120,1,[9 1],158,651,652,493,651
1,<environment.Job instance at 0x14d706df4910>,123,2,[2 9],162,664,666,502,651
1,<environment.Job instance at 0x14d70a228e10>,128,2,[1 8],168,666,668,498,655
1,<environment.Job instance at 0x14d706df4cd0>,125,3,[7 1],164,657,660,493,657
1,<environment.Job instance at 0x14d70a228e60>,130,1,[1 5],170,662,663,492,657
1,<environment.Job instance at 0x14d70a2285f0>,132,12,[7 2],172,666,678,494,657
1,<environment.Job instance at 0x14d70a228eb0>,133,1,[2 5],174,663,664,489,657
1,<environment.Job instance at 0x14d70a228320>,135,3,[1 6],179,668,671,489,662
1,<environment.Job instance at 0x14d6dfba20f0>,0,3,[2 5],1,1,4,0,1
1,<environment.Job instance at 0x14d6df812460>,5,2,[1 6],9,13,15,4,13
1,<environment.Job instance at 0x14d6f40b9960>,7,3,[9 2],14,16,19,2,16
1,<environment.Job instance at 0x14d707a24e10>,9,2,[10  1],17,19,21,2,17
1,<environment.Job instance at 0x14d6dfa9d4b0>,10,13,[1 8],18,21,34,3,18
1,<environment.Job instance at 0x14d70da01e60>,11,3,[5 1],20,22,25,2,22
1,<environment.Job instance at 0x14d6df8123c0>,6,2,[8 1],13,25,27,12,22
1,<environment.Job instance at 0x14d70da01280>,13,2,[7 2],24,27,29,3,24
1,<environment.Job instance at 0x14d70ca23550>,14,12,[2 8],25,34,46,9,26
1,<environment.Job instance at 0x14d70ca23690>,16,3,[2 6],27,46,49,19,29
1,<environment.Job instance at 0x14d70ca23730>,17,12,[6 1],30,30,42,0,30
1,<environment.Job instance at 0x14d70ca23410>,15,14,[10  2],26,49,63,23,36
1,<environment.Job instance at 0x14d70ca23af0>,20,3,[1 9],36,63,66,27,37
1,<environment.Job instance at 0x14d70ca23e60>,22,1,[9 1],38,63,64,25,38
1,<environment.Job instance at 0x14d70798cf50>,38,13,[2 8],63,66,79,3,63
1,<environment.Job instance at 0x14d706fe86e0>,40,3,[2 7],66,79,82,13,66
1,<environment.Job instance at 0x14d706fe8280>,41,3,[2 9],67,82,85,15,68
1,<environment.Job instance at 0x14d706fe83c0>,42,3,[6 1],69,69,72,0,69
1,<environment.Job instance at 0x14d706fe8a50>,43,18,[7 2],70,85,103,15,74
1,<environment.Job instance at 0x14d70e4b1730>,55,17,[9 1],84,103,120,19,92
1,<environment.Job instance at 0x14d70e4b1820>,58,1,[10  2],89,120,121,31,95
1,<environment.Job instance at 0x14d6f429d3c0>,67,2,[1 9],104,104,106,0,104
1,<environment.Job instance at 0x14d706dc4050>,69,2,[7 1],108,121,123,13,108
1,<environment.Job instance at 0x14d6df919550>,66,1,[5 1],103,123,124,20,111
1,<environment.Job instance at 0x14d706dc41e0>,73,17,[ 1 10],115,124,141,9,115
1,<environment.Job instance at 0x14d706dc4500>,72,3,[1 9],114,116,119,2,116
1,<environment.Job instance at 0x14d70c15b9b0>,78,1,[1 8],123,141,142,18,126
1,<environment.Job instance at 0x14d70cac2320>,76,13,[7 2],121,141,154,20,126
1,<environment.Job instance at 0x14d7040d56e0>,80,2,[10  2],126,154,156,28,129
1,<environment.Job instance at 0x14d70c3ccc80>,91,2,[5 2],142,156,158,14,142
1,<environment.Job instance at 0x14d70ca26d70>,92,2,[10  1],143,158,160,15,144
1,<environment.Job instance at 0x14d707d27be0>,93,17,[7 1],145,160,177,15,148
1,<environment.Job instance at 0x14d707d27820>,94,1,[7 2],146,177,178,31,153
1,<environment.Job instance at 0x14d706ddcaf0>,98,1,[1 7],157,161,162,4,161
1,<environment.Job instance at 0x14d708592a00>,101,17,[6 2],165,178,195,13,168
1,<environment.Job instance at 0x14d70c3ea2d0>,105,2,[2 6],170,170,172,0,170
1,<environment.Job instance at 0x14d7085929b0>,104,14,[10  2],169,195,209,26,180
1,<environment.Job instance at 0x14d6df81a550>,2,1,[2 8],4,5,6,1,5
1,<environment.Job instance at 0x14d707928a50>,1,17,[6 1],3,6,23,3,6
1,<environment.Job instance at 0x14d707928e10>,5,13,[7 2],11,23,36,12,11
1,<environment.Job instance at 0x14d6df828550>,8,3,[ 2 10],18,36,39,18,20
1,<environment.Job instance at 0x14d6df828460>,7,3,[5 2],17,39,42,22,21
1,<environment.Job instance at 0x14d6df8287d0>,17,3,[2 9],30,43,46,13,43
1,<environment.Job instance at 0x14d6df801410>,24,1,[6 1],38,54,55,16,54
1,<environment.Job instance at 0x14d6df8015f0>,26,2,[2 5],46,54,56,8,54
1,<environment.Job instance at 0x14d6df801690>,30,2,[2 9],51,56,58,5,55
1,<environment.Job instance at 0x14d6df801b90>,31,2,[6 2],52,58,60,6,56
1,<environment.Job instance at 0x14d6df801870>,28,18,[7 2],49,60,78,11,56
1,<environment.Job instance at 0x14d6f43a3140>,36,2,[10  1],57,78,80,21,57
1,<environment.Job instance at 0x14d6df801d20>,34,1,[2 5],55,58,59,3,58
1,<environment.Job instance at 0x14d6df82ed20>,37,2,[7 1],58,80,82,22,59
1,<environment.Job instance at 0x14d6df814690>,43,3,[2 9],66,80,83,14,66
1,<environment.Job instance at 0x14d6df814410>,44,2,[1 9],68,83,85,15,68
1,<environment.Job instance at 0x14d6df814190>,48,2,[5 1],77,82,84,5,80
1,<environment.Job instance at 0x14d6df8143c0>,46,3,[9 1],71,85,88,14,85
1,<environment.Job instance at 0x14d70caf8aa0>,57,2,[7 1],89,116,118,27,116
1,<environment.Job instance at 0x14d707030b40>,61,2,[1 7],93,116,118,23,116
1,<environment.Job instance at 0x14d6df814960>,47,3,[1 8],73,118,121,45,116
1,<environment.Job instance at 0x14d70caea050>,66,3,[8 1],98,118,121,20,117
1,<environment.Job instance at 0x14d70cad6d70>,68,3,[1 9],102,121,124,19,117
1,<environment.Job instance at 0x14d70caee690>,77,1,[9 1],112,129,130,17,129
1,<environment.Job instance at 0x14d70caed640>,90,3,[ 2 10],130,235,238,105,235
1,<environment.Job instance at 0x14d70caedf00>,93,3,[2 7],135,271,274,136,271
1,<environment.Job instance at 0x14d70caede60>,102,1,[ 1 10],152,306,307,154,306
1,<environment.Job instance at 0x14d6f41e7cd0>,108,14,[ 1 10],158,313,327,155,313
1,<environment.Job instance at 0x14d6f42216e0>,113,16,[6 2],165,327,343,162,322
1,<environment.Job instance at 0x14d6f4221230>,114,2,[2 6],166,327,329,161,322
1,<environment.Job instance at 0x14d6f4204e10>,116,2,[8 1],170,343,345,173,322
1,<environment.Job instance at 0x14d6f42210f0>,112,2,[6 2],163,345,347,182,322
1,<environment.Job instance at 0x14d6f42040a0>,118,1,[8 1],174,347,348,173,322
1,<environment.Job instance at 0x14d6f41f2be0>,120,3,[2 7],176,329,332,153,322
1,<environment.Job instance at 0x14d6dfa5fd20>,3,16,[2 6],5,5,21,0,5
1,<environment.Job instance at 0x14d6dfa5fb90>,7,1,[8 2],14,15,16,1,15
1,<environment.Job instance at 0x14d6dfa5f780>,8,3,[7 1],16,21,24,5,21
1,<environment.Job instance at 0x14d6dfa5f320>,13,13,[1 5],27,32,45,5,32
1,<environment.Job instance at 0x14d6df86ba50>,18,18,[1 8],33,45,63,12,34
1,<environment.Job instance at 0x14d6df86b6e0>,19,17,[10  2],35,63,80,28,51
1,<environment.Job instance at 0x14d6dfb6e9b0>,29,2,[1 8],51,80,82,29,53
1,<environment.Job instance at 0x14d6dfb6e500>,30,1,[8 2],53,53,54,0,53
1,<environment.Job instance at 0x14d6dfb6ecd0>,32,2,[2 8],56,82,84,26,56
1,<environment.Job instance at 0x14d6dfb6ec80>,35,2,[1 7],59,84,86,25,60
1,<environment.Job instance at 0x14d6dfb6eaa0>,36,3,[6 2],60,60,63,0,60
1,<environment.Job instance at 0x14d6dfa6c050>,41,17,[6 1],68,80,97,12,70
1,<environment.Job instance at 0x14d6dfa6c410>,45,2,[5 2],73,97,99,24,73
1,<environment.Job instance at 0x14d707c95140>,47,3,[2 5],75,86,89,11,75
1,<environment.Job instance at 0x14d707c954b0>,48,12,[5 2],76,97,109,21,81
1,<environment.Job instance at 0x14d707c959b0>,49,14,[2 8],78,99,113,21,84
1,<environment.Job instance at 0x14d707c95e60>,50,1,[6 2],80,109,110,29,84
1,<environment.Job instance at 0x14d707c951e0>,52,1,[1 7],82,92,93,10,92
1,<environment.Job instance at 0x14d707c955f0>,53,2,[1 8],83,93,95,10,92
1,<environment.Job instance at 0x14d707c956e0>,54,2,[ 1 10],86,113,115,27,92
1,<environment.Job instance at 0x14d707c95a50>,57,13,[9 1],89,115,128,26,101
1,<environment.Job instance at 0x14d6dfea3d20>,58,2,[1 6],90,115,117,25,101
1,<environment.Job instance at 0x14d6dfea39b0>,59,24,[9 2],91,128,152,37,125
1,<environment.Job instance at 0x14d6dfea3640>,60,2,[8 2],93,152,154,59,125
1,<environment.Job instance at 0x14d6dfea3dc0>,63,16,[5 1],98,154,170,56,141
1,<environment.Job instance at 0x14d6dfea3d70>,65,1,[1 9],100,154,155,54,143
1,<environment.Job instance at 0x14d6dfea3a50>,67,3,[1 7],104,143,146,39,143
1,<environment.Job instance at 0x14d6dfea3af0>,68,1,[6 2],105,170,171,65,143
1,<environment.Job instance at 0x14d6dfe86e10>,71,13,[6 1],108,171,184,63,155
1,<environment.Job instance at 0x14d6dfe86730>,72,2,[1 5],109,155,157,46,155
1,<environment.Job instance at 0x14d6dfe86820>,75,17,[8 1],113,184,201,71,172
1,<environment.Job instance at 0x14d6dfe86230>,76,1,[ 2 10],115,201,202,86,173
1,<environment.Job instance at 0x14d6dfe86870>,79,2,[6 2],121,202,204,81,177
1,<environment.Job instance at 0x14d6dfe86500>,80,1,[2 5],122,177,178,55,177
1,<environment.Job instance at 0x14d6dfe86c80>,81,3,[2 8],126,178,181,52,177
1,<environment.Job instance at 0x14d6dfe86b40>,84,2,[5 2],129,204,206,75,177
1,<environment.Job instance at 0x14d6dfa5cfa0>,86,3,[2 8],133,181,184,48,177
1,<environment.Job instance at 0x14d6dfa5c780>,88,2,[5 1],135,204,206,69,177
1,<environment.Job instance at 0x14d6dfa5c3c0>,89,17,[6 2],136,206,223,70,194
1,<environment.Job instance at 0x14d6dfe82dc0>,91,12,[1 7],139,206,218,67,194
1,<environment.Job instance at 0x14d6dfa73a50>,93,2,[2 7],141,195,197,54,195
1,<environment.Job instance at 0x14d6dfa73f50>,96,2,[7 1],144,223,225,79,196
1,<environment.Job instance at 0x14d6dfa73d70>,97,1,[1 6],146,197,198,51,196
1,<environment.Job instance at 0x14d6f41ff8c0>,100,2,[2 7],153,198,200,45,197
1,<environment.Job instance at 0x14d7058b1050>,101,3,[8 1],154,225,228,71,199
1,<environment.Job instance at 0x14d6df9e9e60>,104,2,[8 1],160,228,230,68,203
1,<environment.Job instance at 0x14d70a202320>,105,3,[2 7],161,218,221,57,203
1,<environment.Job instance at 0x14d6dfad5d20>,106,1,[1 6],162,203,204,41,203
1,<environment.Job instance at 0x14d706938190>,107,1,[8 1],166,230,231,64,203
1,<environment.Job instance at 0x14d7085b1af0>,109,15,[2 8],168,221,236,53,207
1,<environment.Job instance at 0x14d7085b10a0>,110,2,[9 1],169,236,238,67,209
1,<environment.Job instance at 0x14d70ca211e0>,113,3,[10  1],172,238,241,66,222
1,<environment.Job instance at 0x14d6df9f5910>,114,3,[7 1],173,231,234,58,224
1,<environment.Job instance at 0x14d6dfa73e10>,94,23,[2 9],142,241,264,99,240
1,<environment.Job instance at 0x14d6dfad40f0>,118,3,[2 9],178,264,267,86,240
1,<environment.Job instance at 0x14d6df8335a0>,7,1,[1 6],16,16,17,0,16
1,<environment.Job instance at 0x14d6df833730>,10,3,[1 6],20,20,23,0,20
1,<environment.Job instance at 0x14d6df833910>,11,26,[ 2 10],21,23,49,2,21
1,<environment.Job instance at 0x14d6df833500>,13,3,[6 2],23,49,52,26,25
1,<environment.Job instance at 0x14d6df833af0>,12,3,[ 2 10],22,52,55,30,28
1,<environment.Job instance at 0x14d6df833f50>,16,18,[2 7],29,55,73,26,44
1,<environment.Job instance at 0x14d6df8339b0>,18,3,[6 2],35,55,58,20,44
1,<environment.Job instance at 0x14d6df83b6e0>,24,2,[1 8],41,49,51,8,44
1,<environment.Job instance at 0x14d6df83b820>,27,1,[5 1],44,58,59,14,44
1,<environment.Job instance at 0x14d6df811050>,32,1,[9 2],49,73,74,24,49
1,<environment.Job instance at 0x14d6df811140>,31,2,[10  2],48,74,76,26,50
1,<environment.Job instance at 0x14d6df811550>,34,1,[10  1],52,76,77,24,52
1,<environment.Job instance at 0x14d6df8117d0>,39,1,[1 6],59,73,74,14,63
1,<environment.Job instance at 0x14d6df8116e0>,40,17,[1 9],61,77,94,16,66
1,<environment.Job instance at 0x14d6df811d20>,43,18,[2 9],64,114,132,50,114
1,<environment.Job instance at 0x14d6df8274b0>,52,2,[ 1 10],78,132,134,54,119
1,<environment.Job instance at 0x14d6df827690>,54,17,[2 5],83,150,167,67,150
1,<environment.Job instance at 0x14d6df8231e0>,87,13,[1 6],122,280,293,158,280
1,<environment.Job instance at 0x14d6df823820>,98,2,[1 6],142,371,373,229,371
1,<environment.Job instance at 0x14d6df823a50>,99,2,[5 2],143,371,373,228,371
1,<environment.Job instance at 0x14d6df8239b0>,102,3,[10  1],146,373,376,227,371
1,<environment.Job instance at 0x14d6df823cd0>,103,13,[1 9],147,376,389,229,371
1,<environment.Job instance at 0x14d6f4137dc0>,106,2,[5 1],153,376,378,223,371
1,<environment.Job instance at 0x14d6df821410>,107,3,[1 9],154,389,392,235,371
1,<environment.Job instance at 0x14d6df8210a0>,108,2,[1 9],155,392,394,237,371
1,<environment.Job instance at 0x14d6df823780>,97,3,[10  1],141,394,397,253,371
1,<environment.Job instance at 0x14d6f4156460>,111,2,[2 8],158,397,399,239,371
1,<environment.Job instance at 0x14d6df812f50>,116,2,[7 1],163,378,380,215,371
1,<environment.Job instance at 0x14d6df812e10>,115,1,[1 7],162,399,400,237,371
1,<environment.Job instance at 0x14d6df812b90>,118,3,[2 6],165,400,403,235,374
1,<environment.Job instance at 0x14d6df8121e0>,122,2,[2 7],172,403,405,231,376
1,<environment.Job instance at 0x14d6dfdf7550>,123,1,[2 7],173,405,406,232,377
1,<environment.Job instance at 0x14d6df81f410>,1,2,[9 2],2,2,4,0,2
1,<environment.Job instance at 0x14d6df81f4b0>,0,13,[ 1 10],1,4,17,3,3
1,<environment.Job instance at 0x14d6dfdab6e0>,6,2,[7 1],8,17,19,9,8
1,<environment.Job instance at 0x14d705645aa0>,7,1,[10  2],9,19,20,10,9
1,<environment.Job instance at 0x14d7056458c0>,8,18,[1 6],14,20,38,6,14
1,<environment.Job instance at 0x14d707947280>,9,3,[10  2],15,38,41,23,15
1,<environment.Job instance at 0x14d707947820>,11,1,[ 1 10],17,41,42,24,17
1,<environment.Job instance at 0x14d70c168eb0>,15,13,[2 5],22,42,55,20,26
1,<environment.Job instance at 0x14d6dff3f910>,18,2,[8 1],27,27,29,0,27
1,<environment.Job instance at 0x14d6dff3fb90>,19,3,[9 2],28,29,32,1,28
1,<environment.Job instance at 0x14d6dfe7cf50>,20,13,[2 5],32,42,55,10,34
1,<environment.Job instance at 0x14d7040c49b0>,22,13,[7 2],34,55,68,21,39
1,<environment.Job instance at 0x14d6f428d3c0>,28,3,[9 1],40,68,71,28,42
1,<environment.Job instance at 0x14d6dff305a0>,25,3,[8 1],37,71,74,34,46
1,<environment.Job instance at 0x14d6f42e5a50>,33,3,[1 8],47,55,58,8,47
1,<environment.Job instance at 0x14d6f42e52d0>,34,2,[5 1],48,74,76,26,48
1,<environment.Job instance at 0x14d6f42e5190>,35,15,[9 2],50,76,91,26,63
1,<environment.Job instance at 0x14d70c186820>,44,2,[6 2],65,91,93,26,65
1,<environment.Job instance at 0x14d707d38820>,46,13,[9 2],68,93,106,25,77
1,<environment.Job instance at 0x14d70a201870>,50,13,[1 6],73,77,90,4,77
1,<environment.Job instance at 0x14d70a201690>,51,2,[8 1],74,106,108,32,79
1,<environment.Job instance at 0x14d70a201a50>,52,1,[10  1],75,108,109,33,80
1,<environment.Job instance at 0x14d70a2011e0>,53,2,[5 1],76,109,111,33,90
1,<environment.Job instance at 0x14d7056531e0>,62,3,[1 6],90,142,145,52,142
1,<environment.Job instance at 0x14d705653e10>,64,2,[7 2],92,145,147,53,145
1,<environment.Job instance at 0x14d705653b40>,65,2,[9 1],94,155,157,61,155
1,<environment.Job instance at 0x14d6dfc63640>,69,3,[2 5],104,157,160,53,155
1,<environment.Job instance at 0x14d6dfc63f50>,70,21,[1 9],105,195,216,90,195
1,<environment.Job instance at 0x14d70e073140>,81,1,[2 9],121,255,256,134,255
1,<environment.Job instance at 0x14d70e073f50>,79,16,[1 8],117,270,286,153,270
1,<environment.Job instance at 0x14d70e073d70>,84,18,[1 7],124,287,305,163,287
1,<environment.Job instance at 0x14d6df9236e0>,89,1,[1 6],131,305,306,174,290
1,<environment.Job instance at 0x14d70e073a50>,90,2,[1 5],132,306,308,174,290
1,<environment.Job instance at 0x14d6df923c30>,94,3,[1 6],137,308,311,171,302
1,<environment.Job instance at 0x14d706eeec80>,98,14,[10  2],142,328,342,186,328
1,<environment.Job instance at 0x14d706eee960>,104,13,[2 7],148,354,367,206,354
1,<environment.Job instance at 0x14d706eeecd0>,105,2,[8 1],149,356,358,207,356
1,<environment.Job instance at 0x14d707a659b0>,111,17,[8 1],156,403,420,247,403
1,<environment.Job instance at 0x14d707a65e10>,114,3,[9 1],159,454,457,295,454
1,<environment.Job instance at 0x14d707a657d0>,113,3,[9 1],158,475,478,317,475
1,<environment.Job instance at 0x14d707a653c0>,120,1,[7 1],168,478,479,310,476
1,<environment.Job instance at 0x14d707a65b90>,121,18,[ 2 10],171,485,503,314,485
1,<environment.Job instance at 0x14d6dfbb2500>,126,2,[5 1],179,503,505,324,503
1,<environment.Job instance at 0x14d6dfb6b870>,1,22,[1 7],2,3,25,1,3
1,<environment.Job instance at 0x14d6dfb6b780>,2,1,[10  2],5,25,26,20,6
1,<environment.Job instance at 0x14d6dfe492d0>,8,1,[7 1],11,11,12,0,11
1,<environment.Job instance at 0x14d6dfe49050>,13,1,[10  1],17,26,27,9,17
1,<environment.Job instance at 0x14d6dfe490a0>,10,1,[5 1],14,17,18,3,17
1,<environment.Job instance at 0x14d6dfe49820>,14,1,[6 2],18,19,20,1,19
1,<environment.Job instance at 0x14d6dfe495f0>,16,3,[ 1 10],20,27,30,7,20
1,<environment.Job instance at 0x14d6dfe49a50>,17,17,[1 7],21,30,47,9,21
1,<environment.Job instance at 0x14d6dfe49a00>,18,2,[1 9],22,47,49,25,23
1,<environment.Job instance at 0x14d70ca16910>,30,1,[2 6],41,55,56,14,55
1,<environment.Job instance at 0x14d70ca161e0>,37,3,[2 9],50,114,117,64,114
1,<environment.Job instance at 0x14d70793cb40>,44,3,[7 2],58,149,152,91,149
1,<environment.Job instance at 0x14d706f6beb0>,27,19,[7 2],38,164,183,126,164
1,<environment.Job instance at 0x14d6f41cdaf0>,56,3,[2 5],76,165,168,89,165
1,<environment.Job instance at 0x14d6f41cdeb0>,57,1,[1 6],77,168,169,91,166
1,<environment.Job instance at 0x14d6f41cd690>,60,2,[7 2],80,183,185,103,167
1,<environment.Job instance at 0x14d6f41cd500>,61,2,[7 1],81,185,187,104,170
1,<environment.Job instance at 0x14d6dfcc9960>,68,3,[1 7],88,170,173,82,170
1,<environment.Job instance at 0x14d6dfcc90f0>,72,12,[ 1 10],96,187,199,91,170
1,<environment.Job instance at 0x14d6dfcc9c30>,73,1,[ 2 10],97,199,200,102,172
1,<environment.Job instance at 0x14d6dfcc9500>,74,2,[1 9],99,185,187,86,172
1,<environment.Job instance at 0x14d6dfcc9c80>,69,3,[1 8],90,173,176,83,172
1,<environment.Job instance at 0x14d6dfcc9640>,77,21,[5 2],104,200,221,96,192
1,<environment.Job instance at 0x14d6dfcc9550>,81,1,[10  1],108,221,222,113,193
1,<environment.Job instance at 0x14d707011d70>,87,3,[10  2],117,222,225,105,196
1,<environment.Job instance at 0x14d6df9b0280>,98,2,[5 1],134,200,202,66,198
1,<environment.Job instance at 0x14d6df9b0960>,104,3,[5 1],145,202,205,57,200
1,<environment.Job instance at 0x14d6dfa63190>,122,3,[8 2],170,594,597,424,594
1,<environment.Job instance at 0x14d70c186410>,126,1,[ 2 10],179,632,633,453,632
1,<environment.Job instance at 0x14d6f4370f00>,0,1,[1 6],1,6,7,5,6
1,<environment.Job instance at 0x14d6dfcf1230>,5,1,[2 8],8,9,10,1,9
1,<environment.Job instance at 0x14d6dfcf1b90>,7,26,[1 7],10,14,40,4,14
1,<environment.Job instance at 0x14d6dfcf1410>,10,2,[8 1],13,14,16,1,14
1,<environment.Job instance at 0x14d6dfcf19b0>,14,17,[1 9],18,40,57,22,28
1,<environment.Job instance at 0x14d70cb38370>,17,17,[9 1],21,28,45,7,28
1,<environment.Job instance at 0x14d6dfcf1280>,18,2,[6 1],22,45,47,23,28
1,<environment.Job instance at 0x14d70cb38460>,19,1,[6 1],24,47,48,23,28
1,<environment.Job instance at 0x14d70cb38190>,21,3,[2 8],28,57,60,29,38
1,<environment.Job instance at 0x14d70ca44e10>,23,25,[ 1 10],31,60,85,29,56
1,<environment.Job instance at 0x14d70ca449b0>,27,2,[8 1],37,56,58,19,56
1,<environment.Job instance at 0x14d6f40c7fa0>,32,1,[5 1],42,58,59,16,56
1,<environment.Job instance at 0x14d6f40c7690>,35,3,[10  1],48,85,88,37,60
1,<environment.Job instance at 0x14d6dfd816e0>,39,2,[2 6],57,88,90,31,61
1,<environment.Job instance at 0x14d70cae35a0>,42,17,[2 7],63,90,107,27,78
1,<environment.Job instance at 0x14d6dfbe3c30>,51,16,[1 8],76,107,123,31,94
1,<environment.Job instance at 0x14d6dfbe3550>,62,3,[7 2],90,101,104,11,101
1,<environment.Job instance at 0x14d706f12500>,71,14,[6 1],100,122,136,22,122
1,<environment.Job instance at 0x14d706f12640>,72,12,[2 9],101,126,138,25,126
1,<environment.Job instance at 0x14d7058b3c30>,69,2,[2 7],98,138,140,40,128
1,<environment.Job instance at 0x14d70a21d820>,78,14,[10  1],113,140,154,27,128
1,<environment.Job instance at 0x14d70a21d460>,80,2,[1 6],116,154,156,38,129
1,<environment.Job instance at 0x14d70a21dfa0>,82,3,[9 1],119,154,157,35,129
1,<environment.Job instance at 0x14d6dfcd21e0>,87,1,[1 8],124,316,317,192,316
1,<environment.Job instance at 0x14d706f12a50>,73,2,[8 1],103,350,352,247,350
1,<environment.Job instance at 0x14d70513ea50>,92,1,[8 1],132,363,364,231,363
1,<environment.Job instance at 0x14d705145230>,98,1,[2 7],139,476,477,337,476
1,<environment.Job instance at 0x14d706e2cc30>,116,2,[7 2],172,739,741,567,739
1,<environment.Job instance at 0x14d7058d7a00>,0,2,[8 1],1,2,4,1,2
1,<environment.Job instance at 0x14d7058d78c0>,1,20,[1 9],2,3,23,1,3
1,<environment.Job instance at 0x14d70e0e9230>,2,1,[7 2],4,23,24,19,9
1,<environment.Job instance at 0x14d70e0e9460>,6,15,[5 1],11,24,39,13,12
1,<environment.Job instance at 0x14d70e0e9190>,8,3,[2 8],13,23,26,10,14
1,<environment.Job instance at 0x14d70da01b90>,11,2,[1 7],17,26,28,9,17
1,<environment.Job instance at 0x14d70ca7c190>,13,3,[6 1],19,20,23,1,20
1,<environment.Job instance at 0x14d70e0e13c0>,17,25,[2 7],27,32,57,5,32
1,<environment.Job instance at 0x14d70cba8eb0>,21,1,[9 1],35,57,58,22,36
1,<environment.Job instance at 0x14d706eeb410>,23,2,[6 1],37,39,41,2,38
1,<environment.Job instance at 0x14d706eebe10>,25,2,[2 7],39,58,60,19,39
1,<environment.Job instance at 0x14d706eeb0f0>,26,1,[1 7],40,57,58,17,43
1,<environment.Job instance at 0x14d7040b21e0>,27,1,[1 7],43,60,61,17,46
1,<environment.Job instance at 0x14d6dfa05640>,33,2,[9 1],49,60,62,11,52
1,<environment.Job instance at 0x14d6dfa05870>,35,1,[1 9],54,61,62,7,54
1,<environment.Job instance at 0x14d6dfc2b640>,36,14,[7 1],55,62,76,7,56
1,<environment.Job instance at 0x14d70c3e1c30>,38,3,[6 2],58,76,79,18,59
1,<environment.Job instance at 0x14d6dfa07f00>,39,3,[6 1],60,79,82,19,66
1,<environment.Job instance at 0x14d6dfa1cd20>,42,15,[8 1],67,82,97,15,68
1,<environment.Job instance at 0x14d6f40e45a0>,43,3,[1 7],69,70,73,1,70
1,<environment.Job instance at 0x14d6dfab98c0>,45,2,[7 1],73,97,99,24,74
1,<environment.Job instance at 0x14d7079ea5f0>,47,3,[1 6],76,77,80,1,77
1,<environment.Job instance at 0x14d6dfb690a0>,49,1,[10  2],78,99,100,21,82
1,<environment.Job instance at 0x14d6dfb69dc0>,50,3,[1 6],79,84,87,5,84
1,<environment.Job instance at 0x14d6dfb4f280>,53,1,[7 2],90,100,101,10,94
1,<environment.Job instance at 0x14d6dfb4f960>,57,13,[1 8],95,100,113,5,95
1,<environment.Job instance at 0x14d6dfb4f6e0>,58,3,[8 1],96,101,104,5,96
1,<environment.Job instance at 0x14d6dfaaddc0>,59,3,[6 1],97,104,107,7,101
1,<environment.Job instance at 0x14d6dfb6ae60>,62,2,[2 7],105,113,115,8,105
1,<environment.Job instance at 0x14d6dfb5cb40>,83,15,[10  2],134,202,217,68,202
1,<environment.Job instance at 0x14d6dfb56190>,76,21,[2 7],125,242,263,117,242
1,<environment.Job instance at 0x14d6dff4d910>,100,2,[9 2],156,288,290,132,288
1,<environment.Job instance at 0x14d6dfb50960>,101,2,[2 8],157,290,292,133,288
1,<environment.Job instance at 0x14d6dfb7feb0>,94,3,[2 6],149,292,295,143,289
1,<environment.Job instance at 0x14d6df9662d0>,102,1,[1 5],159,289,290,130,289
1,<environment.Job instance at 0x14d6df956d70>,104,1,[5 1],161,290,291,129,289
1,<environment.Job instance at 0x14d6dfa166e0>,106,13,[7 1],164,291,304,127,289
1,<environment.Job instance at 0x14d6dfa163c0>,108,2,[5 2],167,304,306,137,289
1,<environment.Job instance at 0x14d707a22c80>,99,12,[10  2],155,347,359,192,347
1,<environment.Job instance at 0x14d70caf17d0>,0,2,[6 1],2,4,6,2,4
1,<environment.Job instance at 0x14d6dfa23190>,3,13,[1 9],6,6,19,0,6
1,<environment.Job instance at 0x14d70caf1b40>,4,13,[ 2 10],8,19,32,11,8
1,<environment.Job instance at 0x14d70caf13c0>,5,3,[6 1],10,10,13,0,10
1,<environment.Job instance at 0x14d70caf1960>,7,1,[1 8],12,32,33,20,12
1,<environment.Job instance at 0x14d706db6c30>,9,3,[5 2],17,32,35,15,19
1,<environment.Job instance at 0x14d706db6050>,15,3,[8 2],23,35,38,12,23
1,<environment.Job instance at 0x14d706db6a00>,16,13,[2 7],24,33,46,9,25
1,<environment.Job instance at 0x14d706db6280>,19,2,[10  2],28,46,48,18,32
1,<environment.Job instance at 0x14d706db6460>,20,3,[10  1],31,48,51,17,32
1,<environment.Job instance at 0x14d706db6410>,21,16,[ 1 10],32,51,67,19,38
1,<environment.Job instance at 0x14d706db90f0>,29,17,[2 8],45,67,84,22,56
1,<environment.Job instance at 0x14d706dcabe0>,30,3,[7 2],46,67,70,21,56
1,<environment.Job instance at 0x14d706dcac80>,36,3,[2 5],56,84,87,28,61
1,<environment.Job instance at 0x14d706dca7d0>,37,13,[1 8],57,87,100,30,71
1,<environment.Job instance at 0x14d70cae7050>,39,3,[ 1 10],60,100,103,40,74
1,<environment.Job instance at 0x14d707a1aa00>,40,1,[1 7],61,103,104,42,75
1,<environment.Job instance at 0x14d707a1aeb0>,43,15,[7 1],67,75,90,8,75
1,<environment.Job instance at 0x14d6df887780>,49,3,[7 2],82,90,93,8,82
1,<environment.Job instance at 0x14d6f42f6190>,54,2,[2 7],88,104,106,16,94
1,<environment.Job instance at 0x14d70691c8c0>,60,1,[10  2],95,106,107,11,95
1,<environment.Job instance at 0x14d70691c5f0>,61,2,[1 9],96,107,109,11,96
1,<environment.Job instance at 0x14d707c81d20>,62,15,[5 2],98,109,124,11,98
1,<environment.Job instance at 0x14d707c811e0>,64,3,[10  2],100,124,127,24,101
1,<environment.Job instance at 0x14d707c7ee60>,66,1,[ 1 10],103,127,128,24,104
1,<environment.Job instance at 0x14d707c7e9b0>,68,2,[8 1],105,107,109,2,105
1,<environment.Job instance at 0x14d707c7e050>,67,3,[ 2 10],104,128,131,24,106
1,<environment.Job instance at 0x14d707c7e8c0>,72,17,[7 1],112,131,148,19,119
1,<environment.Job instance at 0x14d6dfa23f00>,76,1,[2 7],120,120,121,0,120
1,<environment.Job instance at 0x14d6dfa230a0>,77,2,[8 1],122,148,150,26,122
1,<environment.Job instance at 0x14d6dfaa2280>,78,3,[ 1 10],124,150,153,26,124
1,<environment.Job instance at 0x14d6dfb4c690>,83,1,[1 9],130,138,139,8,138
1,<environment.Job instance at 0x14d6dfb4cdc0>,85,17,[7 1],133,153,170,20,141
1,<environment.Job instance at 0x14d6dfb4c6e0>,87,2,[ 1 10],137,170,172,33,143
1,<environment.Job instance at 0x14d6dfb4ca00>,91,15,[6 2],141,172,187,31,158
1,<environment.Job instance at 0x14d6dfb4c780>,92,16,[1 5],144,172,188,28,159
1,<environment.Job instance at 0x14d6dfb4cd70>,93,3,[ 2 10],146,188,191,42,162
1,<environment.Job instance at 0x14d6df975280>,98,15,[7 1],152,191,206,39,179
1,<environment.Job instance at 0x14d6df975640>,100,3,[1 9],154,191,194,37,179
1,<environment.Job instance at 0x14d6df9755f0>,101,1,[2 9],155,194,195,39,179
1,<environment.Job instance at 0x14d6df975d20>,104,3,[1 6],158,195,198,37,179
1,<environment.Job instance at 0x14d6df975b40>,105,2,[5 1],159,206,208,47,179
1,<environment.Job instance at 0x14d6df975aa0>,106,1,[2 5],163,187,188,24,179
1,<environment.Job instance at 0x14d706da1550>,107,19,[1 8],164,198,217,34,188
1,<environment.Job instance at 0x14d706da1050>,108,2,[9 1],165,208,210,43,188
1,<environment.Job instance at 0x14d7079d0c80>,115,1,[6 2],174,210,211,36,194
1,<environment.Job instance at 0x14d7079d0820>,112,3,[1 5],171,217,220,46,201
1,<environment.Job instance at 0x1542399d8af0>,2,1,[2 5],3,6,7,3,6
1,<environment.Job instance at 0x15423783c640>,5,3,[9 2],6,7,10,1,7
1,<environment.Job instance at 0x1542306dd870>,6,18,[8 1],7,10,28,3,7
1,<environment.Job instance at 0x154230498f50>,7,1,[2 6],8,10,11,2,9
1,<environment.Job instance at 0x15422ff50690>,10,13,[2 8],12,12,25,0,12
1,<environment.Job instance at 0x15422ff50e60>,11,3,[1 8],13,25,28,12,13
1,<environment.Job instance at 0x1542306b3870>,12,3,[1 8],14,28,31,14,15
1,<environment.Job instance at 0x1542387f6c30>,14,2,[ 1 10],18,31,33,13,19
1,<environment.Job instance at 0x1542303bf1e0>,15,1,[ 1 10],20,33,34,13,25
1,<environment.Job instance at 0x1542306aec80>,19,3,[6 2],26,28,31,2,26
1,<environment.Job instance at 0x15423038c2d0>,23,2,[8 1],31,37,39,6,37
1,<environment.Job instance at 0x15422ff1d190>,29,16,[10  2],39,56,72,17,56
1,<environment.Job instance at 0x15422ff1d3c0>,32,3,[2 9],42,72,75,30,58
1,<environment.Job instance at 0x15422ff1c320>,36,3,[10  2],48,75,78,27,59
1,<environment.Job instance at 0x15422ff18be0>,42,1,[10  1],56,78,79,22,60
1,<environment.Job instance at 0x15422ff18c80>,43,3,[7 2],57,79,82,22,60
1,<environment.Job instance at 0x15422ff19e10>,47,1,[1 6],63,79,80,16,69
1,<environment.Job instance at 0x15422ff2d050>,50,12,[9 1],68,82,94,14,74
1,<environment.Job instance at 0x15422ff4f370>,58,15,[2 9],82,94,109,12,92
1,<environment.Job instance at 0x1542303a1690>,54,2,[2 5],75,109,111,34,93
1,<environment.Job instance at 0x15422ff3de10>,62,3,[9 2],88,111,114,23,98
1,<environment.Job instance at 0x15422fededc0>,59,1,[1 9],85,114,115,29,105
1,<environment.Job instance at 0x1542303fdfa0>,66,3,[1 9],93,115,118,22,106
1,<environment.Job instance at 0x1542303f2910>,69,1,[2 5],96,118,119,22,118
1,<environment.Job instance at 0x15422ff14c80>,76,2,[2 5],108,123,125,15,123
1,<environment.Job instance at 0x15423271a7d0>,80,14,[7 1],112,125,139,13,125
1,<environment.Job instance at 0x1542306d8d70>,85,1,[7 2],120,139,140,19,128
1,<environment.Job instance at 0x1542306d8500>,89,2,[1 9],126,134,136,8,134
1,<environment.Job instance at 0x1542306d8dc0>,86,2,[1 8],121,137,139,16,137
1,<environment.Job instance at 0x1542306db7d0>,100,17,[1 9],139,158,175,19,158
1,<environment.Job instance at 0x1542306db410>,99,16,[8 1],137,159,175,22,159
1,<environment.Job instance at 0x1542306db550>,101,13,[2 9],140,175,188,35,159
1,<environment.Job instance at 0x1542306da0f0>,108,2,[ 1 10],150,188,190,38,172
1,<environment.Job instance at 0x1542306daeb0>,110,3,[ 2 10],152,190,193,38,172
1,<environment.Job instance at 0x1542306cfc30>,115,18,[2 6],158,193,211,35,187
1,<environment.Job instance at 0x1542306cf500>,112,1,[8 1],154,187,188,33,187
1,<environment.Job instance at 0x1542306d4320>,118,3,[9 1],163,211,214,48,188
1,<environment.Job instance at 0x1542306cfaf0>,116,1,[1 6],159,211,212,52,189
1,<environment.Job instance at 0x154231dcb050>,121,15,[1 6],167,215,230,48,215
1,<environment.Job instance at 0x154231dc1b90>,123,2,[1 8],169,230,232,61,215
1,<environment.Job instance at 0x154231d57a50>,131,3,[5 1],183,246,249,63,246
1,<environment.Job instance at 0x1542304817d0>,3,2,[ 2 10],4,4,6,0,4
1,<environment.Job instance at 0x154230481fa0>,5,17,[ 2 10],6,6,23,0,6
1,<environment.Job instance at 0x154230413a50>,8,3,[5 2],10,23,26,13,10
1,<environment.Job instance at 0x154230382f50>,11,1,[1 7],13,23,24,10,14
1,<environment.Job instance at 0x15423037a2d0>,10,13,[ 2 10],12,26,39,14,15
1,<environment.Job instance at 0x15423038c0a0>,14,3,[ 2 10],17,39,42,22,17
1,<environment.Job instance at 0x15423049a4b0>,18,3,[8 1],22,42,45,20,26
1,<environment.Job instance at 0x1542303b4a50>,21,2,[10  1],25,45,47,20,26
1,<environment.Job instance at 0x154230371820>,22,3,[ 2 10],27,47,50,20,27
1,<environment.Job instance at 0x154230371280>,23,18,[8 1],28,50,68,22,40
1,<environment.Job instance at 0x154230371cd0>,24,16,[1 6],29,50,66,21,40
1,<environment.Job instance at 0x1542303710a0>,27,1,[2 6],33,66,67,33,48
1,<environment.Job instance at 0x154230371e60>,28,16,[9 1],36,68,84,32,56
1,<environment.Job instance at 0x15423035f5f0>,31,12,[1 5],42,67,79,25,57
1,<environment.Job instance at 0x15423035f4b0>,32,2,[6 2],43,84,86,41,57
1,<environment.Job instance at 0x15423035faa0>,33,1,[9 1],45,86,87,41,58
1,<environment.Job instance at 0x15423047b140>,38,2,[10  2],51,87,89,36,61
1,<environment.Job instance at 0x15423047ba50>,39,3,[2 8],55,89,92,34,63
1,<environment.Job instance at 0x15423047b870>,40,1,[2 6],56,84,85,28,63
1,<environment.Job instance at 0x154232a96b40>,42,18,[7 2],59,89,107,30,78
1,<environment.Job instance at 0x15422ff1d230>,13,15,[1 7],15,92,107,77,78
1,<environment.Job instance at 0x15422ff314b0>,46,2,[2 5],68,107,109,39,80
1,<environment.Job instance at 0x154232862c30>,66,2,[8 2],95,265,267,170,265
1,<environment.Job instance at 0x154231e006e0>,78,3,[2 7],110,307,310,197,307
1,<environment.Job instance at 0x1542328600f0>,92,13,[5 2],131,395,408,264,395
1,<environment.Job instance at 0x1542328601e0>,99,2,[10  1],143,421,423,278,421
1,<environment.Job instance at 0x154232860a50>,100,3,[1 9],144,425,428,281,425
1,<environment.Job instance at 0x15423282ea50>,116,1,[6 2],171,490,491,319,490
1,<environment.Job instance at 0x15422c20b3c0>,0,1,[7 2],1,1,2,0,1
1,<environment.Job instance at 0x1541fad1e690>,1,3,[9 1],2,3,6,1,3
1,<environment.Job instance at 0x15422c086410>,3,1,[6 2],5,7,8,2,7
1,<environment.Job instance at 0x15422c098eb0>,6,2,[ 1 10],9,9,11,0,9
1,<environment.Job instance at 0x15422c098730>,8,2,[2 9],11,11,13,0,11
1,<environment.Job instance at 0x15422c0a20a0>,11,16,[1 5],18,18,34,0,18
1,<environment.Job instance at 0x15422c0a2c80>,13,14,[1 6],22,34,48,12,22
1,<environment.Job instance at 0x15422c0a2870>,12,3,[5 1],20,24,27,4,24
1,<environment.Job instance at 0x15422c0a2f50>,16,2,[10  2],25,48,50,23,28
1,<environment.Job instance at 0x1541fad8c190>,27,3,[6 1],43,50,53,7,46
1,<environment.Job instance at 0x15422c02c0f0>,31,16,[2 9],47,50,66,3,47
1,<environment.Job instance at 0x15422c02c280>,32,12,[5 2],48,66,78,18,50
1,<environment.Job instance at 0x15422c02c370>,34,3,[8 1],53,53,56,0,53
1,<environment.Job instance at 0x15422c02cbe0>,33,3,[8 1],49,56,59,7,55
1,<environment.Job instance at 0x15422c02ce10>,35,1,[10  1],54,78,79,24,55
1,<environment.Job instance at 0x15422c1a9b90>,39,13,[ 2 10],62,79,92,17,64
1,<environment.Job instance at 0x15422c179b40>,41,2,[1 5],65,66,68,1,65
1,<environment.Job instance at 0x15422c092690>,42,2,[8 1],66,92,94,26,66
1,<environment.Job instance at 0x15422c1acc30>,44,1,[5 1],69,69,70,0,69
1,<environment.Job instance at 0x15422c143a50>,46,2,[1 9],71,92,94,21,71
1,<environment.Job instance at 0x15422c1439b0>,47,3,[2 8],72,72,75,0,72
1,<environment.Job instance at 0x15422c034550>,48,1,[1 8],75,75,76,0,75
1,<environment.Job instance at 0x15422c065be0>,51,2,[8 2],78,94,96,16,81
1,<environment.Job instance at 0x1541fae88370>,52,14,[9 1],80,96,110,16,81
1,<environment.Job instance at 0x15422c2080a0>,54,2,[1 7],82,94,96,12,83
1,<environment.Job instance at 0x15422c208eb0>,55,15,[1 5],83,96,111,13,85
1,<environment.Job instance at 0x15422c2088c0>,56,3,[1 9],84,111,114,27,85
1,<environment.Job instance at 0x15422c208c30>,57,2,[1 8],86,114,116,28,87
1,<environment.Job instance at 0x15422c20a370>,58,2,[1 5],88,116,118,28,89
1,<environment.Job instance at 0x15422c20a1e0>,60,1,[2 8],90,118,119,28,98
1,<environment.Job instance at 0x15422c20a4b0>,61,1,[8 2],91,110,111,19,98
1,<environment.Job instance at 0x15422c207640>,86,2,[10  1],124,265,267,141,265
1,<environment.Job instance at 0x15422c068fa0>,87,2,[2 7],126,269,271,143,269
1,<environment.Job instance at 0x15422c0844b0>,93,2,[5 2],133,269,271,136,269
1,<environment.Job instance at 0x15422c084820>,94,1,[7 1],136,271,272,135,269
1,<environment.Job instance at 0x15422c084050>,99,15,[1 8],142,271,286,129,271
1,<environment.Job instance at 0x15422c084d20>,96,1,[7 2],138,272,273,134,271
1,<environment.Job instance at 0x15422c084550>,100,3,[1 7],143,313,316,170,313
1,<environment.Job instance at 0x15422c0823c0>,109,1,[1 9],155,346,347,191,346
1,<environment.Job instance at 0x15422c0820f0>,116,17,[2 7],164,390,407,226,390
1,<environment.Job instance at 0x15422c0835f0>,123,2,[2 6],171,410,412,239,410
1,<environment.Job instance at 0x15422c083140>,129,15,[2 6],179,493,508,314,493
1,<environment.Job instance at 0x15422c0838c0>,130,2,[7 2],180,514,516,334,514
1,<environment.Job instance at 0x15422c083af0>,133,14,[6 1],183,524,538,341,524
1,<environment.Job instance at 0x15422c083eb0>,138,13,[10  1],188,631,644,443,631
1,<environment.Job instance at 0x1541fae8bf00>,2,3,[2 8],7,8,11,1,8
1,<environment.Job instance at 0x1541fae8baa0>,1,3,[7 1],6,8,11,2,8
1,<environment.Job instance at 0x1541fae8b0f0>,3,3,[1 9],8,11,14,3,8
1,<environment.Job instance at 0x1542399a4f00>,4,16,[10  1],9,14,30,5,10
1,<environment.Job instance at 0x1541fae8be10>,5,3,[2 9],10,30,33,20,13
1,<environment.Job instance at 0x154238e95c80>,7,12,[7 1],14,30,42,16,15
1,<environment.Job instance at 0x154239b9ea00>,12,18,[2 6],24,33,51,9,26
1,<environment.Job instance at 0x1541fabcfb40>,18,13,[7 2],32,42,55,10,32
1,<environment.Job instance at 0x1541faac9a00>,15,14,[2 5],28,51,65,23,36
1,<environment.Job instance at 0x1541fabf0730>,23,1,[1 9],42,65,66,23,45
1,<environment.Job instance at 0x1541faac6af0>,24,3,[2 9],44,66,69,22,49
1,<environment.Job instance at 0x1542398e7d20>,33,16,[2 7],61,69,85,8,62
1,<environment.Job instance at 0x154236ee1320>,36,3,[5 1],68,69,72,1,69
1,<environment.Job instance at 0x154236ee1550>,38,2,[7 2],70,72,74,2,70
1,<environment.Job instance at 0x154236ee12d0>,39,2,[6 2],71,74,76,3,71
1,<environment.Job instance at 0x154236ee1c80>,40,3,[9 1],72,85,88,13,73
1,<environment.Job instance at 0x1541faf45410>,43,27,[1 7],75,85,112,10,83
1,<environment.Job instance at 0x1541faf459b0>,45,17,[2 8],77,112,129,35,100
1,<environment.Job instance at 0x1541faf45a50>,47,2,[ 1 10],80,129,131,49,102
1,<environment.Job instance at 0x1541faf45eb0>,51,3,[9 2],85,102,105,17,102
1,<environment.Job instance at 0x1541faf45910>,52,2,[2 9],87,131,133,44,104
1,<environment.Job instance at 0x154232b44410>,54,1,[5 1],93,105,106,12,105
1,<environment.Job instance at 0x154232b44820>,57,1,[10  2],98,133,134,35,110
1,<environment.Job instance at 0x154232b447d0>,59,15,[2 7],100,134,149,34,120
1,<environment.Job instance at 0x154232a7aa00>,60,2,[8 2],105,120,122,15,120
1,<environment.Job instance at 0x1542387df550>,92,3,[7 2],149,202,205,53,202
1,<environment.Job instance at 0x15422c139e60>,103,1,[10  2],167,292,293,125,292
1,<environment.Job instance at 0x154238e9f3c0>,104,2,[7 2],168,300,302,132,300
1,<environment.Job instance at 0x154238e9f0f0>,107,12,[2 9],172,318,330,146,318
1,<environment.Job instance at 0x15422c1a8820>,110,2,[1 8],175,334,336,159,334
1,<environment.Job instance at 0x15422c1afcd0>,117,17,[5 2],184,338,355,154,338
1,<environment.Job instance at 0x1541faacefa0>,7,2,[1 9],9,10,12,1,10
1,<environment.Job instance at 0x1541faa8aeb0>,9,3,[5 2],12,12,15,0,12
1,<environment.Job instance at 0x1541faa8a230>,10,13,[2 8],13,13,26,0,13
1,<environment.Job instance at 0x1541faa8a9b0>,11,1,[8 1],14,15,16,1,15
1,<environment.Job instance at 0x1541faaf31e0>,15,17,[10  1],20,26,43,6,20
1,<environment.Job instance at 0x1541faaf3b90>,17,1,[10  2],23,43,44,20,23
1,<environment.Job instance at 0x1541faa37f50>,18,21,[ 2 10],24,44,65,20,36
1,<environment.Job instance at 0x1541facac5a0>,28,1,[9 1],36,65,66,29,49
1,<environment.Job instance at 0x154231e04a50>,29,17,[2 5],37,66,83,29,54
1,<environment.Job instance at 0x15422c306e60>,34,1,[1 7],43,83,84,40,68
1,<environment.Job instance at 0x15422c3064b0>,36,1,[6 2],47,69,70,22,69
1,<environment.Job instance at 0x15422c306230>,37,1,[5 1],48,70,71,22,69
1,<environment.Job instance at 0x15422c306640>,38,1,[2 6],50,84,85,34,69
1,<environment.Job instance at 0x15422c306780>,40,2,[9 1],52,85,87,33,70
1,<environment.Job instance at 0x15422c306550>,41,13,[6 1],54,72,85,18,72
1,<environment.Job instance at 0x154231de8640>,42,2,[7 2],55,87,89,32,72
1,<environment.Job instance at 0x1541fab10410>,43,2,[9 2],56,89,91,33,72
1,<environment.Job instance at 0x1541fab10320>,44,3,[5 1],57,91,94,34,73
1,<environment.Job instance at 0x15422c230c80>,32,2,[5 2],41,91,93,50,73
1,<environment.Job instance at 0x1541fab103c0>,48,1,[8 2],63,94,95,31,75
1,<environment.Job instance at 0x154231df9460>,51,13,[2 8],66,191,204,125,191
1,<environment.Job instance at 0x15422c250eb0>,52,16,[6 1],67,191,207,124,191
1,<environment.Job instance at 0x154231e067d0>,58,13,[2 9],73,204,217,131,193
1,<environment.Job instance at 0x154231dec5a0>,60,3,[8 2],76,217,220,141,193
1,<environment.Job instance at 0x154231dec050>,66,3,[10  1],83,220,223,137,195
1,<environment.Job instance at 0x154231deba00>,74,3,[2 8],91,217,220,126,213
1,<environment.Job instance at 0x1541fab05140>,22,15,[7 2],29,223,238,194,219
1,<environment.Job instance at 0x154231deb460>,84,2,[2 7],103,255,257,152,255
1,<environment.Job instance at 0x154231ddb3c0>,88,22,[2 6],109,308,330,199,308
1,<environment.Job instance at 0x154231ddb6e0>,98,3,[1 8],123,336,339,213,336
1,<environment.Job instance at 0x154231ddac80>,105,2,[7 2],135,340,342,205,340
1,<environment.Job instance at 0x154231dda780>,110,2,[1 9],142,345,347,203,345
1,<environment.Job instance at 0x154231dda460>,115,1,[6 1],150,358,359,208,358
1,<environment.Job instance at 0x154231dda870>,116,1,[7 2],152,359,360,207,359
1,<environment.Job instance at 0x154231dda820>,117,2,[2 7],153,364,366,211,364
1,<environment.Job instance at 0x154231ddaaa0>,121,1,[10  1],158,366,367,208,366
1,<environment.Job instance at 0x154231ddabe0>,119,25,[6 1],155,374,399,219,374
1,<environment.Job instance at 0x154231ddacd0>,124,3,[9 2],163,399,402,236,390
1,<environment.Job instance at 0x154237899230>,129,1,[10  1],171,431,432,260,431
1,<environment.Job instance at 0x154238e69b90>,137,1,[8 1],182,565,566,383,565
1,<environment.Job instance at 0x154238e951e0>,142,2,[ 1 10],188,566,568,378,565
1,<environment.Job instance at 0x154238e95370>,143,2,[2 7],189,568,570,379,565
1,<environment.Job instance at 0x154231d14dc0>,1,3,[10  1],2,2,5,0,2
1,<environment.Job instance at 0x154238ed9a00>,0,3,[9 2],1,6,9,5,6
1,<environment.Job instance at 0x154238e696e0>,2,17,[1 8],8,10,27,2,10
1,<environment.Job instance at 0x154238ed9d70>,3,2,[8 2],10,16,18,6,16
1,<environment.Job instance at 0x1541fa96b5a0>,6,13,[2 9],16,27,40,11,16
1,<environment.Job instance at 0x1541fa96b780>,8,3,[2 8],18,40,43,22,18
1,<environment.Job instance at 0x1541fa96bb90>,14,1,[8 2],25,26,27,1,26
1,<environment.Job instance at 0x1541fa96d1e0>,18,2,[2 6],29,43,45,14,31
1,<environment.Job instance at 0x1541fa96bc30>,11,2,[8 2],22,40,42,18,32
1,<environment.Job instance at 0x1541fa96d690>,22,3,[1 7],34,45,48,11,36
1,<environment.Job instance at 0x1541fa96d140>,17,1,[5 1],28,37,38,9,37
1,<environment.Job instance at 0x1541fa96dbe0>,25,14,[7 1],38,48,62,10,48
1,<environment.Job instance at 0x1541fa96dc80>,28,1,[1 9],41,65,66,24,65
1,<environment.Job instance at 0x1541fa96dfa0>,30,1,[6 1],43,93,94,50,93
1,<environment.Job instance at 0x1541fa96f0f0>,31,3,[5 2],44,97,100,53,97
1,<environment.Job instance at 0x1541fa96f5a0>,37,16,[2 9],52,100,116,48,98
1,<environment.Job instance at 0x1541fa96f7d0>,39,23,[9 1],56,116,139,60,110
1,<environment.Job instance at 0x1541fa96f8c0>,42,1,[8 2],59,139,140,80,112
1,<environment.Job instance at 0x1541fa96faf0>,44,3,[6 1],63,113,116,50,113
1,<environment.Job instance at 0x1541fa96faa0>,45,2,[10  1],64,140,142,76,113
1,<environment.Job instance at 0x1541fa96fcd0>,47,3,[5 1],66,142,145,76,116
1,<environment.Job instance at 0x1541fa96f460>,38,23,[2 6],54,146,169,92,146
1,<environment.Job instance at 0x1541fa96ff00>,51,2,[7 1],71,146,148,75,146
1,<environment.Job instance at 0x1541fa96da50>,24,3,[9 1],37,169,172,132,147
1,<environment.Job instance at 0x1541fa971230>,55,1,[2 6],80,172,173,92,153
1,<environment.Job instance at 0x1541fa9711e0>,56,2,[9 2],83,173,175,90,153
1,<environment.Job instance at 0x1541fa971c80>,65,2,[5 2],103,181,183,78,181
1,<environment.Job instance at 0x1541fa974050>,69,1,[6 2],108,183,184,75,181
1,<environment.Job instance at 0x1541fa9745f0>,73,21,[5 1],112,184,205,72,182
1,<environment.Job instance at 0x1541fa9742d0>,71,16,[2 9],110,184,200,74,183
1,<environment.Job instance at 0x1541fa974a00>,79,1,[2 7],120,200,201,80,184
1,<environment.Job instance at 0x1541fa974d20>,77,2,[1 6],117,201,203,84,198
1,<environment.Job instance at 0x1541fa9760a0>,84,22,[ 2 10],127,205,227,78,198
1,<environment.Job instance at 0x1541fa974fa0>,82,3,[ 2 10],125,227,230,102,201
1,<environment.Job instance at 0x1541fa9769b0>,96,2,[10  2],143,230,232,87,203
1,<environment.Job instance at 0x1541fa976910>,97,1,[5 1],144,203,204,59,203
1,<environment.Job instance at 0x1541fa963d70>,105,2,[7 1],158,232,234,74,213
1,<environment.Job instance at 0x1541faa59dc0>,109,1,[ 2 10],164,234,235,70,213
1,<environment.Job instance at 0x1541fa963230>,110,2,[2 8],165,232,234,67,213
1,<environment.Job instance at 0x1541faa4b280>,112,1,[1 7],170,235,236,65,213
1,<environment.Job instance at 0x1541faa4e190>,113,12,[2 8],171,236,248,65,219
1,<environment.Job instance at 0x1541fa976e60>,102,2,[8 2],153,235,237,82,219
1,<environment.Job instance at 0x1541fa95bc30>,114,27,[5 2],172,237,264,65,235
1,<environment.Job instance at 0x1541faa6d960>,118,12,[2 8],178,248,260,70,236
1,<environment.Job instance at 0x1541faa6d5a0>,119,3,[ 1 10],181,264,267,83,238
1,<environment.Job instance at 0x1541fa8f8cd0>,122,2,[8 1],185,267,269,82,246
1,<environment.Job instance at 0x1541fa8f8dc0>,123,13,[8 2],186,269,282,83,253
1,<environment.Job instance at 0x1541faa6d780>,3,2,[7 1],6,7,9,1,7
1,<environment.Job instance at 0x1541faa6d500>,4,28,[1 6],7,8,36,1,8
1,<environment.Job instance at 0x1542327bac80>,5,1,[1 7],10,36,37,26,12
1,<environment.Job instance at 0x1541fab6beb0>,13,1,[2 7],20,37,38,17,20
1,<environment.Job instance at 0x1541fab6bfa0>,15,1,[1 9],23,38,39,15,26
1,<environment.Job instance at 0x154232b0ba50>,20,16,[9 2],30,39,55,9,30
1,<environment.Job instance at 0x154232b0b5a0>,21,3,[ 2 10],31,55,58,24,31
1,<environment.Job instance at 0x154232b0bf50>,27,1,[1 8],40,40,41,0,40
1,<environment.Job instance at 0x15422c186be0>,30,14,[ 1 10],44,58,72,14,44
1,<environment.Job instance at 0x15422c186d20>,31,1,[7 2],45,72,73,27,45
1,<environment.Job instance at 0x15422c186e10>,32,1,[10  1],46,73,74,27,46
1,<environment.Job instance at 0x15422c186280>,33,3,[2 5],48,74,77,26,48
1,<environment.Job instance at 0x1541fadb0050>,34,2,[6 2],49,74,76,25,49
1,<environment.Job instance at 0x1541fadb03c0>,40,1,[7 1],55,76,77,21,58
1,<environment.Job instance at 0x1541fadb0a50>,41,3,[9 2],56,77,80,21,58
1,<environment.Job instance at 0x1541fadb0af0>,42,2,[1 8],57,77,79,20,58
1,<environment.Job instance at 0x1541fadb0be0>,43,26,[8 1],58,80,106,22,77
1,<environment.Job instance at 0x1541fadb00f0>,48,17,[7 2],63,106,123,43,95
1,<environment.Job instance at 0x15423273e230>,54,1,[1 8],72,95,96,23,95
1,<environment.Job instance at 0x1541fad1fe10>,61,15,[6 2],82,211,226,129,211
1,<environment.Job instance at 0x1541fac95f50>,63,17,[1 8],85,211,228,126,211
1,<environment.Job instance at 0x1541fac95c30>,68,1,[1 5],91,244,245,153,244
1,<environment.Job instance at 0x15422ff17c80>,78,2,[8 2],103,299,301,196,299
1,<environment.Job instance at 0x1541fa9440f0>,80,14,[1 9],106,307,321,201,307
1,<environment.Job instance at 0x1541fab551e0>,101,15,[6 1],135,460,475,325,460
1,<environment.Job instance at 0x154231ba44b0>,109,12,[ 1 10],143,580,592,437,580
1,<environment.Job instance at 0x1542327439b0>,130,1,[10  2],179,688,689,509,688
1,<environment.Job instance at 0x1541fab28230>,124,1,[ 1 10],168,692,693,524,692
1,<environment.Job instance at 0x154231d0fc30>,3,1,[1 9],5,5,6,0,5
1,<environment.Job instance at 0x154231d0fb40>,4,3,[6 2],6,6,9,0,6
1,<environment.Job instance at 0x154239869e10>,10,3,[2 5],15,32,35,17,32
1,<environment.Job instance at 0x154232791b90>,13,2,[2 6],20,66,68,46,66
1,<environment.Job instance at 0x154232791780>,14,2,[6 2],21,84,86,63,84
1,<environment.Job instance at 0x15422c0ced70>,25,1,[7 1],35,152,153,117,152
1,<environment.Job instance at 0x15422c0cef50>,30,1,[6 2],41,153,154,112,152
1,<environment.Job instance at 0x15422c0ce730>,32,1,[2 5],44,152,153,108,152
1,<environment.Job instance at 0x15422c0ceb40>,31,1,[9 1],42,154,155,112,152
1,<environment.Job instance at 0x15422c0ce690>,33,3,[10  2],47,155,158,108,152
1,<environment.Job instance at 0x1541fa9d65f0>,37,3,[9 1],52,158,161,106,156
1,<environment.Job instance at 0x1541fa9d67d0>,36,1,[7 2],51,161,162,110,158
1,<environment.Job instance at 0x1542379b5e60>,40,2,[1 5],56,160,162,104,160
1,<environment.Job instance at 0x1541fafe3cd0>,43,26,[5 2],59,166,192,107,166
1,<environment.Job instance at 0x1541fafe3d20>,48,3,[2 9],65,192,195,127,166
1,<environment.Job instance at 0x15422c083a00>,52,2,[7 1],70,192,194,122,167
1,<environment.Job instance at 0x15422c083aa0>,55,3,[1 9],76,195,198,119,169
1,<environment.Job instance at 0x154231bb1a00>,60,3,[1 7],85,169,172,84,169
1,<environment.Job instance at 0x154231c605f0>,61,14,[2 5],87,172,186,85,169
1,<environment.Job instance at 0x1541fafe3aa0>,49,2,[6 1],66,194,196,128,179
1,<environment.Job instance at 0x1542303bfe10>,63,2,[6 1],93,196,198,103,179
1,<environment.Job instance at 0x1542303bf780>,65,1,[10  2],95,198,199,103,180
1,<environment.Job instance at 0x154236efb370>,69,1,[9 1],100,199,200,99,180
1,<environment.Job instance at 0x1541fae4e3c0>,71,3,[5 1],103,186,189,83,185
1,<environment.Job instance at 0x15422c0c9fa0>,74,1,[5 1],106,212,213,106,212
1,<environment.Job instance at 0x1542327a9a00>,76,2,[6 2],108,214,216,106,214
1,<environment.Job instance at 0x1541fa9d6410>,42,17,[10  1],58,216,233,158,215
1,<environment.Job instance at 0x154231c0caa0>,81,1,[7 1],123,233,234,110,217
1,<environment.Job instance at 0x15423280a640>,89,3,[9 2],134,234,237,100,217
1,<environment.Job instance at 0x1541fafa26e0>,96,2,[2 6],141,237,239,96,218
1,<environment.Job instance at 0x15423501b230>,97,3,[ 2 10],142,239,242,97,218
1,<environment.Job instance at 0x15423280af00>,98,13,[2 8],143,242,255,99,228
1,<environment.Job instance at 0x15423501b640>,100,3,[1 6],147,233,236,86,229
1,<environment.Job instance at 0x1542303f22d0>,101,2,[1 6],148,255,257,107,233
1,<environment.Job instance at 0x1541fab87f00>,90,2,[2 5],135,299,301,164,299
1,<environment.Job instance at 0x15422c1f7e60>,113,18,[10  2],169,315,333,146,315
1,<environment.Job instance at 0x154231d5c870>,115,1,[2 9],171,333,334,162,315
1,<environment.Job instance at 0x1541fae80fa0>,106,1,[5 2],153,334,335,181,315
1,<environment.Job instance at 0x1541fac18820>,118,3,[5 1],174,333,336,159,316
1,<environment.Job instance at 0x1541fac18b90>,119,3,[1 7],175,335,338,160,316
1,<environment.Job instance at 0x1541fac182d0>,120,3,[10  2],177,338,341,161,319
1,<environment.Job instance at 0x154231e14320>,122,2,[9 2],181,336,338,155,322
1,<environment.Job instance at 0x1542326f9c30>,124,1,[8 1],186,341,342,155,322
1,<environment.Job instance at 0x1541facd7f00>,126,1,[1 8],188,341,342,153,325
1,<environment.Job instance at 0x15422c1aca00>,127,12,[7 2],189,342,354,153,325
1,<environment.Job instance at 0x154231c60f50>,1,1,[ 2 10],2,5,6,3,5
1,<environment.Job instance at 0x15422c155550>,6,17,[8 1],9,9,26,0,9
1,<environment.Job instance at 0x15422c155cd0>,9,2,[10  2],12,26,28,14,12
1,<environment.Job instance at 0x15422c155780>,11,1,[1 5],15,15,16,0,15
1,<environment.Job instance at 0x15422c14b730>,15,19,[5 2],21,28,47,7,22
1,<environment.Job instance at 0x15422c14b910>,17,3,[1 7],23,23,26,0,23
1,<environment.Job instance at 0x15422c14bb90>,19,3,[7 2],25,47,50,22,25
1,<environment.Job instance at 0x15422c14bcd0>,20,2,[8 1],26,50,52,24,26
1,<environment.Job instance at 0x15422c14beb0>,23,2,[8 2],30,52,54,22,30
1,<environment.Job instance at 0x15422c14bd20>,24,1,[1 6],31,31,32,0,31
1,<environment.Job instance at 0x15422c152f00>,27,3,[2 5],34,34,37,0,34
1,<environment.Job instance at 0x15422c152b90>,28,3,[2 8],36,37,40,1,36
1,<environment.Job instance at 0x15422c152be0>,35,13,[8 1],44,56,69,12,56
1,<environment.Job instance at 0x15422c152cd0>,36,3,[2 8],45,58,61,13,58
1,<environment.Job instance at 0x15422c152c30>,39,14,[ 2 10],48,69,83,21,62
1,<environment.Job instance at 0x15422c152f50>,31,2,[2 5],40,62,64,22,62
1,<environment.Job instance at 0x15422c1265f0>,45,3,[1 8],57,66,69,9,66
1,<environment.Job instance at 0x1541fa900f50>,51,3,[8 1],67,127,130,60,127
1,<environment.Job instance at 0x1541fa756a00>,53,3,[1 8],69,139,142,70,139
1,<environment.Job instance at 0x1541fa756500>,54,2,[2 9],70,145,147,75,145
1,<environment.Job instance at 0x154231c51410>,70,3,[2 6],91,279,282,188,279
1,<environment.Job instance at 0x15422c361230>,75,3,[2 7],97,353,356,256,353
1,<environment.Job instance at 0x154232a92c30>,81,3,[2 5],105,438,441,333,438
1,<environment.Job instance at 0x1541fa878e60>,109,12,[1 7],144,970,982,826,970
1,<environment.Job instance at 0x1541fa775780>,141,3,[ 1 10],189,1319,1322,1130,1319
1,<environment.Job instance at 0x154232a813c0>,3,3,[2 8],7,7,10,0,7
1,<environment.Job instance at 0x154232a81c80>,2,2,[8 1],4,7,9,3,7
1,<environment.Job instance at 0x154232a81aa0>,5,3,[2 9],10,12,15,2,12
1,<environment.Job instance at 0x154232a810a0>,4,3,[9 1],8,15,18,7,12
1,<environment.Job instance at 0x1541fa88c9b0>,8,3,[ 1 10],14,18,21,4,14
1,<environment.Job instance at 0x1541fa88c5a0>,14,2,[2 6],22,22,24,0,22
1,<environment.Job instance at 0x1541fa88c910>,13,2,[1 7],21,24,26,3,24
1,<environment.Job instance at 0x1541fa88caa0>,16,16,[ 2 10],25,26,42,1,25
1,<environment.Job instance at 0x1541fa88cbe0>,17,2,[5 1],27,42,44,15,28
1,<environment.Job instance at 0x154232a745a0>,19,1,[10  1],29,44,45,15,29
1,<environment.Job instance at 0x154232a74a00>,22,17,[2 9],33,45,62,12,34
1,<environment.Job instance at 0x154232a74500>,24,3,[2 9],35,62,65,27,37
1,<environment.Job instance at 0x1541fa8873c0>,34,1,[10  2],47,65,66,18,47
1,<environment.Job instance at 0x1541fa8872d0>,35,1,[6 1],49,50,51,1,50
1,<environment.Job instance at 0x1541fa8870f0>,36,13,[1 6],50,66,79,16,54
1,<environment.Job instance at 0x1541fa887be0>,38,17,[6 1],52,66,83,14,54
1,<environment.Job instance at 0x1541fa887690>,40,3,[1 6],54,79,82,25,54
1,<environment.Job instance at 0x154232a74230>,26,3,[1 7],37,82,85,45,57
1,<environment.Job instance at 0x1541fa887410>,41,2,[1 9],57,85,87,28,59
1,<environment.Job instance at 0x15422c361aa0>,48,2,[9 1],68,83,85,15,69
1,<environment.Job instance at 0x15422c3614b0>,50,1,[1 9],70,87,88,17,70
1,<environment.Job instance at 0x1541faeb6eb0>,51,1,[1 5],71,88,89,17,72
1,<environment.Job instance at 0x1541fa76eb40>,53,3,[2 8],73,89,92,16,73
1,<environment.Job instance at 0x1541fa76e6e0>,55,15,[8 1],76,85,100,9,76
1,<environment.Job instance at 0x1541fa76e8c0>,56,1,[2 7],77,92,93,15,77
1,<environment.Job instance at 0x1541fa76ea00>,58,25,[1 7],79,93,118,14,89
1,<environment.Job instance at 0x1541fa8857d0>,68,3,[10  1],92,118,121,26,116
1,<environment.Job instance at 0x1541fa885550>,70,1,[8 1],94,121,122,27,119
1,<environment.Job instance at 0x1541faeb6500>,52,26,[2 7],72,130,156,58,130
1,<environment.Job instance at 0x1541fa885d70>,71,17,[7 2],96,135,152,39,135
1,<environment.Job instance at 0x154232a70d70>,78,3,[1 5],107,156,159,49,136
1,<environment.Job instance at 0x1541fa749b40>,87,1,[1 5],118,156,157,38,144
1,<environment.Job instance at 0x1541fa8e1b90>,90,1,[10  1],121,159,160,38,146
1,<environment.Job instance at 0x1541fa8c90f0>,91,2,[ 1 10],122,160,162,38,146
1,<environment.Job instance at 0x1541fa8c9d20>,92,2,[1 8],123,162,164,39,146
1,<environment.Job instance at 0x1541faf12aa0>,88,1,[8 2],119,152,153,33,151
1,<environment.Job instance at 0x1541fabe48c0>,94,18,[10  1],125,164,182,39,153
1,<environment.Job instance at 0x1541fa7746e0>,97,1,[2 5],128,157,158,29,153
1,<environment.Job instance at 0x1541fabe4c30>,95,2,[7 1],126,154,156,28,154
1,<environment.Job instance at 0x1541fa774140>,99,2,[1 9],132,182,184,50,159
1,<environment.Job instance at 0x154237818b90>,114,14,[ 2 10],151,233,247,82,233
1,<environment.Job instance at 0x154235010960>,115,1,[1 9],152,247,248,95,235
1,<environment.Job instance at 0x154238e95be0>,120,14,[10  1],159,300,314,141,300
1,<environment.Job instance at 0x15423283f8c0>,2,2,[5 2],3,5,7,2,5
1,<environment.Job instance at 0x15422c207190>,4,1,[7 2],6,7,8,1,6
1,<environment.Job instance at 0x15422c207f00>,7,3,[9 2],10,10,13,0,10
1,<environment.Job instance at 0x1541fa728f50>,9,2,[6 2],12,16,18,4,16
1,<environment.Job instance at 0x1541faba0370>,13,2,[8 1],17,18,20,1,18
1,<environment.Job instance at 0x1541fabd9690>,15,3,[10  2],19,20,23,1,19
1,<environment.Job instance at 0x1541fafee3c0>,16,18,[2 5],20,23,41,3,20
1,<environment.Job instance at 0x1541fafeed70>,17,3,[2 7],21,41,44,20,21
1,<environment.Job instance at 0x15423501bcd0>,29,15,[10  2],36,71,86,35,71
1,<environment.Job instance at 0x15423501b0a0>,34,28,[ 2 10],41,86,114,45,86
1,<environment.Job instance at 0x15423501bd70>,38,1,[5 1],48,114,115,66,86
1,<environment.Job instance at 0x154238e50140>,39,14,[1 7],49,114,128,65,100
1,<environment.Job instance at 0x1542350172d0>,44,1,[9 1],58,115,116,57,102
1,<environment.Job instance at 0x1541fa7f7a00>,49,3,[7 1],64,116,119,52,102
1,<environment.Job instance at 0x1541fa7f7e10>,50,2,[ 1 10],65,128,130,63,102
1,<environment.Job instance at 0x1541fa724c30>,52,2,[1 8],68,130,132,62,107
1,<environment.Job instance at 0x1541fa7248c0>,54,1,[1 5],70,170,171,100,170
1,<environment.Job instance at 0x154232abb190>,59,3,[1 6],79,263,266,184,263
1,<environment.Job instance at 0x1541fad86370>,67,2,[8 1],93,381,383,288,381
1,<environment.Job instance at 0x1542350060f0>,77,3,[2 6],107,426,429,319,426
1,<environment.Job instance at 0x154235006230>,85,14,[10  1],121,785,799,664,785
1,<environment.Job instance at 0x1541fa923fa0>,94,1,[6 2],133,799,800,666,785
1,<environment.Job instance at 0x154237818a00>,96,3,[2 5],138,799,802,661,790
1,<environment.Job instance at 0x15423502b9b0>,130,2,[7 1],188,1056,1058,868,1056
1,<environment.Job instance at 0x1541fa77daf0>,1,1,[ 2 10],2,4,5,2,4
1,<environment.Job instance at 0x1541facd7690>,4,13,[ 1 10],7,7,20,0,7
1,<environment.Job instance at 0x15422c0e8140>,6,13,[7 2],11,20,33,9,12
1,<environment.Job instance at 0x15422c114b90>,13,1,[5 2],21,33,34,12,21
1,<environment.Job instance at 0x15422c113b40>,7,1,[1 6],12,24,25,12,24
1,<environment.Job instance at 0x15422c21bcd0>,14,18,[10  2],22,34,52,12,24
1,<environment.Job instance at 0x15422c0fb870>,24,1,[7 2],36,52,53,16,37
1,<environment.Job instance at 0x15422c0f0190>,18,12,[5 2],27,53,65,26,44
1,<environment.Job instance at 0x15422c0fbcd0>,26,13,[5 2],43,53,66,10,45
1,<environment.Job instance at 0x1541fae1f730>,28,1,[1 7],47,52,53,5,47
1,<environment.Job instance at 0x1541fadfff00>,31,17,[6 2],55,66,83,11,55
1,<environment.Job instance at 0x1541fae260f0>,33,3,[8 2],58,83,86,25,59
1,<environment.Job instance at 0x1541fae370f0>,32,2,[8 1],56,86,88,30,59
1,<environment.Job instance at 0x1541fae2e690>,35,2,[2 6],60,65,67,5,61
1,<environment.Job instance at 0x1541fadfd1e0>,38,1,[8 1],63,88,89,25,63
1,<environment.Job instance at 0x1541fadfda00>,39,1,[6 1],64,89,90,25,64
1,<environment.Job instance at 0x1541fadfde60>,40,1,[1 9],68,86,87,18,68
1,<environment.Job instance at 0x15422c042c80>,44,2,[9 1],77,90,92,13,77
1,<environment.Job instance at 0x15422c042e10>,47,2,[6 2],82,92,94,10,82
1,<environment.Job instance at 0x15422c042af0>,48,3,[5 2],87,94,97,7,87
1,<environment.Job instance at 0x15422c042e60>,49,3,[ 2 10],88,97,100,9,88
1,<environment.Job instance at 0x15422c039320>,50,3,[1 5],90,90,93,0,90
1,<environment.Job instance at 0x15422c039410>,51,1,[9 1],91,100,101,9,91
1,<environment.Job instance at 0x15422c039820>,54,16,[5 2],95,101,117,6,95
1,<environment.Job instance at 0x15422c039d70>,60,18,[8 2],102,129,147,27,129
1,<environment.Job instance at 0x15422c04e820>,72,2,[6 2],122,169,171,47,169
1,<environment.Job instance at 0x15422c04e5f0>,70,15,[1 5],120,171,186,51,171
1,<environment.Job instance at 0x15422c04ea00>,74,2,[1 6],124,186,188,62,179
1,<environment.Job instance at 0x15422c04eb40>,76,1,[2 8],126,188,189,62,188
1,<environment.Job instance at 0x15422c03a460>,84,3,[2 9],136,192,195,56,192
1,<environment.Job instance at 0x15422c04eeb0>,81,2,[9 1],131,195,197,64,195
1,<environment.Job instance at 0x15422c03a500>,85,2,[1 9],138,203,205,65,203
1,<environment.Job instance at 0x15422c03a7d0>,90,1,[2 5],148,267,268,119,267
1,<environment.Job instance at 0x15422c03ab90>,98,2,[7 1],159,295,297,136,295
1,<environment.Job instance at 0x15422c03adc0>,99,3,[1 6],160,295,298,135,295
1,<environment.Job instance at 0x15422c03ae60>,100,1,[6 1],161,297,298,136,295
1,<environment.Job instance at 0x15422c03c870>,110,1,[9 1],173,298,299,125,297
1,<environment.Job instance at 0x15422c03caa0>,113,16,[10  1],176,299,315,123,298
1,<environment.Job instance at 0x15422c03cbe0>,115,3,[9 2],179,315,318,136,298
1,<environment.Job instance at 0x15422c03c780>,117,2,[ 1 10],181,318,320,137,298
1,<environment.Job instance at 0x15422c03cf00>,118,1,[9 1],182,320,321,138,298
1,<environment.Job instance at 0x15422c04a3c0>,122,13,[1 6],187,320,333,133,305
1,<environment.Job instance at 0x1541faf01370>,2,20,[10  2],4,4,24,0,4
1,<environment.Job instance at 0x154238e85320>,4,1,[1 5],7,24,25,17,7
1,<environment.Job instance at 0x154238e85be0>,5,1,[7 2],8,24,25,16,8
1,<environment.Job instance at 0x154231dd8410>,6,3,[ 2 10],10,25,28,15,10
1,<environment.Job instance at 0x154231dd86e0>,7,1,[6 2],11,28,29,17,11
1,<environment.Job instance at 0x154231dd8b40>,9,3,[2 7],15,28,31,13,16
1,<environment.Job instance at 0x154231dd8140>,11,13,[ 2 10],18,31,44,13,18
1,<environment.Job instance at 0x1541faf01dc0>,1,16,[ 1 10],3,44,60,41,31
1,<environment.Job instance at 0x1541faece820>,18,1,[ 1 10],32,60,61,28,35
1,<environment.Job instance at 0x1541faece910>,21,1,[ 1 10],35,61,62,26,35
1,<environment.Job instance at 0x1541faece0a0>,22,18,[6 1],36,62,80,26,51
1,<environment.Job instance at 0x1541faece230>,27,18,[8 1],42,80,98,38,69
1,<environment.Job instance at 0x1541faececd0>,31,2,[9 1],48,98,100,50,78
1,<environment.Job instance at 0x1541faeceaf0>,32,2,[8 1],50,100,102,50,80
1,<environment.Job instance at 0x1541faece280>,34,1,[8 1],54,102,103,48,80
1,<environment.Job instance at 0x1541faece370>,35,1,[8 1],55,103,104,48,80
1,<environment.Job instance at 0x1541fa9efcd0>,36,3,[2 7],56,80,83,24,80
1,<environment.Job instance at 0x1541fa9eff50>,37,14,[1 9],58,83,97,25,80
1,<environment.Job instance at 0x1541fa9efd70>,38,3,[1 6],62,97,100,35,80
1,<environment.Job instance at 0x1541fa9ef4b0>,39,1,[2 7],63,100,101,37,80
1,<environment.Job instance at 0x1541fa9efd20>,40,12,[5 2],64,104,116,40,88
1,<environment.Job instance at 0x1541fa9efdc0>,43,3,[1 8],68,110,113,42,110
1,<environment.Job instance at 0x1541fa9efbe0>,44,3,[2 9],72,116,119,44,110
1,<environment.Job instance at 0x1541fa9ef730>,45,1,[8 2],74,119,120,45,110
1,<environment.Job instance at 0x1541fa9eff00>,46,3,[7 1],76,116,119,40,110
1,<environment.Job instance at 0x1541fa9ef820>,47,3,[ 2 10],79,120,123,41,110
1,<environment.Job instance at 0x1542327ab730>,48,3,[7 2],81,123,126,42,110
1,<environment.Job instance at 0x1542327ab410>,49,3,[9 2],83,126,129,43,110
1,<environment.Job instance at 0x1542327abaf0>,51,13,[1 5],87,123,136,36,110
1,<environment.Job instance at 0x1542327ab460>,52,1,[2 7],88,113,114,25,110
1,<environment.Job instance at 0x1542327ab7d0>,54,3,[1 8],90,136,139,46,110
1,<environment.Job instance at 0x1542327abaa0>,55,1,[10  2],91,139,140,48,111
1,<environment.Job instance at 0x1542327abc30>,56,18,[1 8],93,140,158,47,129
1,<environment.Job instance at 0x1542327ab640>,58,3,[9 2],96,134,137,38,134
1,<environment.Job instance at 0x1542327abf00>,59,12,[8 1],97,140,152,43,134
1,<environment.Job instance at 0x1542327ab910>,62,13,[8 1],104,152,165,48,146
1,<environment.Job instance at 0x1542327ab2d0>,63,2,[2 6],105,158,160,53,146
1,<environment.Job instance at 0x1542327ab3c0>,64,17,[2 7],108,160,177,52,148
1,<environment.Job instance at 0x1542327abd20>,65,1,[2 9],109,177,178,68,149
1,<environment.Job instance at 0x1542327ab8c0>,66,1,[2 6],110,178,179,68,151
1,<environment.Job instance at 0x154231cc1870>,70,2,[2 8],116,179,181,63,158
1,<environment.Job instance at 0x1541fae88550>,71,2,[7 2],117,165,167,48,159
1,<environment.Job instance at 0x15422fed93c0>,80,21,[2 6],129,205,226,76,205
1,<environment.Job instance at 0x15422c338550>,86,12,[5 2],136,212,224,76,212
1,<environment.Job instance at 0x1541faefed70>,87,14,[2 8],138,226,240,88,212
1,<environment.Job instance at 0x15422ff22460>,88,1,[6 2],140,224,225,84,212
1,<environment.Job instance at 0x154231c3ed70>,94,15,[7 2],148,225,240,77,212
1,<environment.Job instance at 0x154231ce7780>,97,24,[9 2],151,240,264,89,235
1,<environment.Job instance at 0x154238e6d320>,100,2,[6 2],155,264,266,109,243
1,<environment.Job instance at 0x154231c59230>,102,14,[9 1],159,266,280,107,252
1,<environment.Job instance at 0x154231c59b90>,106,1,[6 2],165,280,281,115,253
1,<environment.Job instance at 0x154231c595a0>,109,13,[6 1],168,281,294,113,265
1,<environment.Job instance at 0x15423046e500>,112,15,[2 8],172,280,295,108,266
1,<environment.Job instance at 0x15423046e050>,114,1,[ 2 10],175,295,296,120,281
1,<environment.Job instance at 0x154238e50960>,116,16,[8 1],180,296,312,116,283
1,<environment.Job instance at 0x154238e50be0>,119,3,[2 8],186,296,299,110,283
1,<environment.Job instance at 0x154238e500a0>,120,2,[1 9],187,299,301,112,283
1,<environment.Job instance at 0x154239284960>,121,3,[2 6],188,301,304,113,283
1,<environment.Job instance at 0x1541fa9b4a50>,2,1,[2 5],4,6,7,2,6
1,<environment.Job instance at 0x1542303c6550>,4,17,[6 2],6,7,24,1,7
1,<environment.Job instance at 0x1541fa95d5a0>,5,1,[9 1],7,24,25,17,8
1,<environment.Job instance at 0x1541fa95d1e0>,7,1,[7 1],10,25,26,15,12
1,<environment.Job instance at 0x1541fa95d410>,10,15,[5 2],13,26,41,13,13
1,<environment.Job instance at 0x1541fa95da00>,11,2,[7 1],14,41,43,27,16
1,<environment.Job instance at 0x1541fab55fa0>,17,1,[8 2],26,43,44,17,26
1,<environment.Job instance at 0x1541fab55910>,18,3,[8 2],28,44,47,16,29
1,<environment.Job instance at 0x1541fab55550>,21,1,[1 6],32,33,34,1,33
1,<environment.Job instance at 0x1541fab55690>,23,1,[10  1],37,47,48,10,38
1,<environment.Job instance at 0x1541fab55dc0>,26,12,[8 1],40,48,60,8,41
1,<environment.Job instance at 0x1541fac5d6e0>,29,3,[7 1],43,60,63,17,43
1,<environment.Job instance at 0x1541fac5deb0>,30,2,[2 8],45,45,47,0,45
1,<environment.Job instance at 0x1541fac5d640>,31,16,[1 9],46,48,64,2,46
1,<environment.Job instance at 0x1541fab554b0>,24,15,[2 8],38,64,79,26,50
1,<environment.Job instance at 0x1541fac5d7d0>,35,3,[1 8],54,79,82,25,61
1,<environment.Job instance at 0x1541faf6ebe0>,40,3,[1 8],60,82,85,22,61
1,<environment.Job instance at 0x1542317391e0>,50,1,[2 9],78,85,86,7,82
1,<environment.Job instance at 0x1541faf6e5f0>,45,3,[1 6],70,86,89,16,82
1,<environment.Job instance at 0x154231739af0>,51,18,[2 7],79,89,107,10,83
1,<environment.Job instance at 0x154231739410>,53,3,[6 2],85,86,89,1,85
1,<environment.Job instance at 0x154231739140>,54,1,[1 8],86,107,108,21,87
1,<environment.Job instance at 0x1542317392d0>,57,1,[8 2],89,90,91,1,90
1,<environment.Job instance at 0x1541fac39f00>,56,19,[8 1],88,91,110,3,90
1,<environment.Job instance at 0x1541fa8d20a0>,61,15,[ 1 10],93,110,125,17,96
1,<environment.Job instance at 0x154231e52820>,72,3,[9 1],107,125,128,18,109
1,<environment.Job instance at 0x1542378df6e0>,89,17,[2 5],133,251,268,118,251
1,<environment.Job instance at 0x154231b78320>,104,26,[2 6],152,292,318,140,292
1,<environment.Job instance at 0x15422c2f0dc0>,1,2,[1 6],2,2,4,0,2
1,<environment.Job instance at 0x1542327983c0>,3,1,[5 1],4,4,5,0,4
1,<environment.Job instance at 0x15422c0c9960>,2,2,[5 2],3,4,6,1,4
1,<environment.Job instance at 0x15422c0c9780>,0,3,[10  1],1,6,9,5,6
1,<environment.Job instance at 0x154231bc2e60>,5,3,[10  1],6,9,12,3,6
1,<environment.Job instance at 0x154231bc2c80>,6,13,[1 9],7,12,25,5,10
1,<environment.Job instance at 0x154231bc2b90>,8,3,[5 1],11,12,15,1,12
1,<environment.Job instance at 0x154231bb6050>,10,3,[1 9],14,25,28,11,19
1,<environment.Job instance at 0x154231bb6eb0>,19,2,[7 1],23,23,25,0,23
1,<environment.Job instance at 0x154231bb6d70>,18,1,[1 7],22,28,29,6,25
1,<environment.Job instance at 0x154231bb6fa0>,20,13,[8 2],24,28,41,4,25
1,<environment.Job instance at 0x154231bac640>,25,2,[2 7],32,32,34,0,32
1,<environment.Job instance at 0x154231bac7d0>,26,1,[2 7],33,39,40,6,39
1,<environment.Job instance at 0x154231bacd70>,31,1,[1 7],40,41,42,1,41
1,<environment.Job instance at 0x154231bac5a0>,28,1,[2 9],36,42,43,6,41
1,<environment.Job instance at 0x154231bacfa0>,33,2,[9 2],42,43,45,1,42
1,<environment.Job instance at 0x154231bc9140>,34,22,[2 8],44,45,67,1,44
1,<environment.Job instance at 0x154231bacbe0>,32,13,[ 1 10],41,67,80,26,62
1,<environment.Job instance at 0x154230405230>,49,3,[1 7],65,80,83,15,67
1,<environment.Job instance at 0x1542304055f0>,51,3,[9 2],68,80,83,12,68
1,<environment.Job instance at 0x154230405050>,50,2,[8 1],67,83,85,16,73
1,<environment.Job instance at 0x154230405910>,53,12,[2 7],73,83,95,10,75
1,<environment.Job instance at 0x154230405a50>,54,13,[7 2],74,85,98,11,78
1,<environment.Job instance at 0x154230405aa0>,56,3,[2 6],76,95,98,19,78
1,<environment.Job instance at 0x1542303e0280>,62,14,[2 5],82,98,112,16,85
1,<environment.Job instance at 0x1542303e0870>,64,1,[5 1],86,98,99,12,92
1,<environment.Job instance at 0x1542303e0c30>,71,3,[8 2],96,99,102,3,96
1,<environment.Job instance at 0x1542303f1320>,72,1,[2 8],97,112,113,15,97
1,<environment.Job instance at 0x154231bc4050>,73,1,[5 1],98,102,103,4,100
1,<environment.Job instance at 0x1541fab3df00>,78,13,[9 2],108,113,126,5,108
1,<environment.Job instance at 0x154231bc9640>,40,18,[1 6],54,113,131,59,108
1,<environment.Job instance at 0x154231b9cbe0>,82,13,[1 6],113,131,144,18,115
1,<environment.Job instance at 0x154231b9c550>,85,2,[5 1],116,126,128,10,118
1,<environment.Job instance at 0x154231b9c5f0>,86,1,[1 6],117,144,145,27,118
1,<environment.Job instance at 0x1542327958c0>,87,12,[5 2],118,128,140,10,120
1,<environment.Job instance at 0x1541fad49140>,88,3,[9 2],120,140,143,20,120
1,<environment.Job instance at 0x154231b9ce60>,80,18,[2 6],111,145,163,34,145
1,<environment.Job instance at 0x1541fae65780>,90,1,[10  1],125,163,164,38,146
1,<environment.Job instance at 0x154231cdafa0>,97,2,[9 1],134,173,175,39,173
1,<environment.Job instance at 0x154231cd2550>,105,16,[ 1 10],150,240,256,90,240
1,<environment.Job instance at 0x154231cd2f50>,110,3,[7 2],156,256,259,100,244
1,<environment.Job instance at 0x15422c29f500>,111,16,[1 8],157,256,272,99,244
1,<environment.Job instance at 0x15422c29f0a0>,113,1,[2 9],161,272,273,111,244
1,<environment.Job instance at 0x154231ceb6e0>,114,1,[5 2],162,259,260,97,244
1,<environment.Job instance at 0x154231ceb8c0>,118,1,[1 9],167,273,274,106,249
1,<environment.Job instance at 0x154231cd1550>,120,2,[9 1],170,260,262,90,249
1,<environment.Job instance at 0x154231ce00a0>,121,1,[1 6],171,274,275,103,249
1,<environment.Job instance at 0x154231ce0d20>,122,2,[1 5],172,275,277,103,249
1,<environment.Job instance at 0x154237898e10>,125,2,[1 7],176,277,279,101,250
1,<environment.Job instance at 0x154231cf24b0>,127,1,[7 1],178,262,263,84,250
1,<environment.Job instance at 0x154231d10190>,128,13,[7 1],179,263,276,84,250
1,<environment.Job instance at 0x154231d10d20>,131,1,[2 8],183,279,280,96,253
1,<environment.Job instance at 0x1542303eb190>,0,3,[9 1],1,3,6,2,3
1,<environment.Job instance at 0x154231ba09b0>,10,14,[1 8],13,13,27,0,13
1,<environment.Job instance at 0x154231bd0280>,12,3,[ 1 10],17,27,30,10,17
1,<environment.Job instance at 0x154231bd0370>,14,18,[ 2 10],21,30,48,9,21
1,<environment.Job instance at 0x1541fab4eeb0>,23,28,[2 9],36,48,76,12,47
1,<environment.Job instance at 0x1541fab4e550>,24,3,[8 1],37,48,51,11,47
1,<environment.Job instance at 0x1541fab4ec80>,27,2,[ 1 10],40,76,78,36,49
1,<environment.Job instance at 0x1541fab4e780>,28,1,[7 1],41,51,52,10,50
1,<environment.Job instance at 0x1541fab4e0a0>,29,2,[9 1],42,78,80,36,52
1,<environment.Job instance at 0x1541fab4e730>,32,15,[5 1],46,52,67,6,52
1,<environment.Job instance at 0x1541fab4e5f0>,31,1,[2 7],45,80,81,35,53
1,<environment.Job instance at 0x1541fab4eb90>,34,1,[6 2],48,80,81,32,53
1,<environment.Job instance at 0x154231baa780>,38,2,[1 9],52,78,80,26,55
1,<environment.Job instance at 0x154231b98050>,40,1,[5 1],58,67,68,9,58
1,<environment.Job instance at 0x154231b98d70>,42,1,[5 1],60,68,69,8,60
1,<environment.Job instance at 0x154231b98b90>,43,2,[1 6],62,81,83,19,63
1,<environment.Job instance at 0x154231b98460>,44,12,[ 1 10],64,83,95,19,66
1,<environment.Job instance at 0x154231b988c0>,48,13,[5 2],69,95,108,26,79
1,<environment.Job instance at 0x154231bc4c80>,50,1,[2 6],71,95,96,24,80
1,<environment.Job instance at 0x154231bc4e60>,51,12,[1 8],72,96,108,24,80
1,<environment.Job instance at 0x154231bc4aa0>,52,1,[2 5],73,108,109,35,80
1,<environment.Job instance at 0x154231bc4af0>,54,2,[10  1],76,109,111,33,82
1,<environment.Job instance at 0x154231bc4460>,57,3,[2 9],80,111,114,31,107
1,<environment.Job instance at 0x154231cfedc0>,61,1,[2 9],84,177,178,93,177
1,<environment.Job instance at 0x154231cfeb90>,65,2,[7 1],89,235,237,146,235
1,<environment.Job instance at 0x154231cda370>,68,14,[2 9],92,274,288,182,274
1,<environment.Job instance at 0x154231cda320>,75,18,[7 1],105,311,329,206,311
1,<environment.Job instance at 0x154231cdad20>,73,3,[6 1],100,329,332,229,313
1,<environment.Job instance at 0x154237899690>,79,2,[1 7],109,313,315,204,313
1,<environment.Job instance at 0x154237899190>,80,2,[7 2],110,332,334,222,313
1,<environment.Job instance at 0x154237899370>,81,2,[7 1],111,334,336,223,313
1,<environment.Job instance at 0x154237899550>,94,2,[1 9],129,315,317,186,315
1,<environment.Job instance at 0x154237899c80>,95,2,[5 2],131,336,338,205,317
1,<environment.Job instance at 0x154237899870>,98,2,[ 1 10],135,338,340,203,317
1,<environment.Job instance at 0x154237899dc0>,99,14,[2 5],136,317,331,181,317
1,<environment.Job instance at 0x154237899b40>,100,3,[2 9],137,340,343,203,317
1,<environment.Job instance at 0x154237899b90>,102,2,[2 9],139,334,336,195,317
1,<environment.Job instance at 0x154231cdd870>,105,3,[6 2],145,343,346,198,317
1,<environment.Job instance at 0x154231cdde10>,107,3,[10  2],147,346,349,199,320
1,<environment.Job instance at 0x154231d0f2d0>,111,3,[7 1],154,340,343,186,322
1,<environment.Job instance at 0x154231d0fcd0>,112,3,[7 2],155,349,352,194,323
1,<environment.Job instance at 0x154231d0f230>,115,1,[1 7],159,331,332,172,324
1,<environment.Job instance at 0x154231d0f870>,116,1,[5 2],161,336,337,175,324
1,<environment.Job instance at 0x154231d0fd70>,119,16,[1 5],167,349,365,182,336
1,<environment.Job instance at 0x154231ceb0f0>,121,27,[6 1],169,352,379,183,350
1,<environment.Job instance at 0x154231b9c7d0>,1,1,[6 2],3,4,5,1,4
1,<environment.Job instance at 0x1542378d02d0>,0,1,[9 2],1,5,6,4,4
1,<environment.Job instance at 0x1542378d0870>,3,2,[2 8],5,6,8,1,5
1,<environment.Job instance at 0x154231e7b960>,4,1,[10  2],6,9,10,3,9
1,<environment.Job instance at 0x154231e8f780>,16,12,[10  1],26,26,38,0,26
1,<environment.Job instance at 0x154231e8f870>,17,3,[1 8],27,38,41,11,28
1,<environment.Job instance at 0x1541fac47370>,19,3,[1 6],29,41,44,12,30
1,<environment.Job instance at 0x1542378efcd0>,21,3,[6 1],31,38,41,7,31
1,<environment.Job instance at 0x1541fac4a640>,23,2,[8 1],33,41,43,8,33
1,<environment.Job instance at 0x1541fac4a370>,24,23,[1 9],34,44,67,10,38
1,<environment.Job instance at 0x154231b65460>,30,17,[9 1],41,43,60,2,41
1,<environment.Job instance at 0x154231b65be0>,31,2,[6 1],42,60,62,18,42
1,<environment.Job instance at 0x154231b65c80>,33,2,[2 5],46,67,69,21,46
1,<environment.Job instance at 0x154231b6e0a0>,35,1,[5 1],49,62,63,13,49
1,<environment.Job instance at 0x154231b52eb0>,38,3,[ 2 10],53,69,72,16,61
1,<environment.Job instance at 0x154231b524b0>,39,1,[8 2],55,67,68,12,61
1,<environment.Job instance at 0x154231b52870>,41,1,[1 5],58,68,69,10,61
1,<environment.Job instance at 0x154231b52a00>,42,3,[9 1],59,63,66,4,61
1,<environment.Job instance at 0x154231b52d20>,43,2,[5 1],60,72,74,12,61
1,<environment.Job instance at 0x154231b652d0>,29,1,[8 1],40,66,67,26,62
1,<environment.Job instance at 0x154231e57280>,46,15,[1 8],64,72,87,8,65
1,<environment.Job instance at 0x154236f5b140>,49,2,[2 7],72,87,89,15,72
1,<environment.Job instance at 0x154236f5be10>,51,18,[2 7],75,89,107,14,80
1,<environment.Job instance at 0x154236f36230>,56,1,[ 1 10],84,107,108,23,84
1,<environment.Job instance at 0x1541fad93960>,57,13,[9 2],85,108,121,23,92
1,<environment.Job instance at 0x154231b7a730>,63,18,[2 7],95,121,139,26,110
1,<environment.Job instance at 0x154236f5baa0>,52,2,[2 6],77,139,141,62,122
1,<environment.Job instance at 0x154231b77500>,85,12,[2 9],121,157,169,36,157
1,<environment.Job instance at 0x154231b776e0>,86,2,[8 1],123,157,159,34,157
1,<environment.Job instance at 0x154231b77780>,87,3,[ 2 10],125,169,172,44,157
1,<environment.Job instance at 0x154231b77b40>,91,14,[10  1],133,172,186,39,158
1,<environment.Job instance at 0x154231b77f50>,95,3,[9 1],139,186,189,47,167
1,<environment.Job instance at 0x154231b77d70>,96,17,[2 8],140,189,206,49,178
1,<environment.Job instance at 0x154231b7db90>,105,1,[8 1],152,318,319,166,318
1,<environment.Job instance at 0x1542306db370>,0,3,[6 2],1,3,6,2,3
1,<environment.Job instance at 0x1542306db0a0>,2,1,[10  2],3,6,7,3,4
1,<environment.Job instance at 0x1541fac59e60>,3,3,[1 5],5,7,10,2,6
1,<environment.Job instance at 0x1541fad0eb90>,7,2,[8 1],11,12,14,1,12
1,<environment.Job instance at 0x1541fad0e370>,11,2,[5 1],18,19,21,1,19
1,<environment.Job instance at 0x1541fad0ec30>,13,15,[5 1],21,22,37,1,22
1,<environment.Job instance at 0x1541fad0e190>,17,1,[6 2],26,37,38,11,26
1,<environment.Job instance at 0x1541fad0e2d0>,12,2,[2 7],19,27,29,8,27
1,<environment.Job instance at 0x1542378512d0>,23,1,[8 2],35,38,39,3,38
1,<environment.Job instance at 0x1542378510a0>,28,1,[9 1],45,104,105,59,104
1,<environment.Job instance at 0x154236efbe10>,40,2,[9 1],59,120,122,61,120
1,<environment.Job instance at 0x154236efb550>,47,3,[6 1],75,126,129,51,126
1,<environment.Job instance at 0x154236efbaf0>,51,2,[8 1],80,129,131,49,127
1,<environment.Job instance at 0x1541fa7d90a0>,56,1,[10  2],88,131,132,43,131
1,<environment.Job instance at 0x1541fa7d9820>,57,3,[1 6],89,132,135,43,131
1,<environment.Job instance at 0x1541fa7d9b90>,60,1,[7 2],100,132,133,32,132
1,<environment.Job instance at 0x1541fa7d9eb0>,62,1,[7 2],103,133,134,30,132
1,<environment.Job instance at 0x1541fa7d9c30>,64,13,[1 8],105,135,148,30,134
1,<environment.Job instance at 0x15423997a4b0>,65,3,[8 1],106,135,138,29,135
1,<environment.Job instance at 0x15423997a460>,66,3,[6 1],107,138,141,31,136
1,<environment.Job instance at 0x1541fab86690>,75,3,[1 9],125,168,171,43,168
1,<environment.Job instance at 0x154236f3dcd0>,79,3,[6 2],129,177,180,48,177
1,<environment.Job instance at 0x154236f5ddc0>,82,2,[ 2 10],133,180,182,47,178
1,<environment.Job instance at 0x154232810b40>,85,14,[1 6],138,182,196,44,178
1,<environment.Job instance at 0x154232810050>,87,1,[2 6],140,196,197,56,180
1,<environment.Job instance at 0x1541fab78870>,90,15,[10  2],144,197,212,53,183
1,<environment.Job instance at 0x1541fab785f0>,92,1,[8 1],147,184,185,37,184
1,<environment.Job instance at 0x154230385eb0>,95,21,[1 8],150,212,233,62,205
1,<environment.Job instance at 0x1542328374b0>,100,1,[5 1],156,212,213,56,206
1,<environment.Job instance at 0x15423282a3c0>,104,3,[2 6],163,233,236,70,216
1,<environment.Job instance at 0x154232767c80>,106,12,[10  2],165,236,248,71,219
1,<environment.Job instance at 0x154237857320>,107,2,[9 2],166,219,221,53,219
1,<environment.Job instance at 0x15422c336f00>,108,2,[2 8],167,248,250,81,222
1,<environment.Job instance at 0x1541fadee050>,115,2,[5 2],177,223,225,46,223
1,<environment.Job instance at 0x1541fab803c0>,122,28,[7 2],185,248,276,63,247
1,<environment.Job instance at 0x154230464320>,0,2,[6 1],2,5,7,3,5
1,<environment.Job instance at 0x1542304640a0>,3,13,[1 9],6,7,20,1,7
1,<environment.Job instance at 0x154230464e10>,4,13,[ 2 10],8,20,33,12,9
1,<environment.Job instance at 0x1541fa81cf00>,12,16,[2 9],20,33,49,13,20
1,<environment.Job instance at 0x1541fa81c5f0>,18,15,[2 9],27,49,64,22,37
1,<environment.Job instance at 0x1541fa81ce60>,11,13,[6 2],19,64,77,45,49
1,<environment.Job instance at 0x15422c25cb90>,25,1,[8 1],37,57,58,20,57
1,<environment.Job instance at 0x15422c25c0a0>,27,18,[2 5],39,64,82,25,58
1,<environment.Job instance at 0x15422c25c5f0>,28,13,[9 1],40,82,95,42,66
1,<environment.Job instance at 0x15422c25c3c0>,30,3,[7 2],46,77,80,31,72
1,<environment.Job instance at 0x15422c25c820>,31,2,[2 9],48,95,97,47,72
1,<environment.Job instance at 0x15422c25c410>,32,3,[ 2 10],49,97,100,48,73
1,<environment.Job instance at 0x1541fa9ab5a0>,33,2,[1 8],50,82,84,32,73
1,<environment.Job instance at 0x1541fa9ab280>,34,12,[2 9],51,100,112,49,83
1,<environment.Job instance at 0x15422c2b30f0>,38,3,[2 5],58,112,115,54,95
1,<environment.Job instance at 0x15422c2b3870>,39,3,[ 1 10],60,115,118,55,95
1,<environment.Job instance at 0x15422c2b3c80>,40,1,[1 7],61,118,119,57,95
1,<environment.Job instance at 0x154231eaa050>,41,1,[9 1],65,118,119,53,95
1,<environment.Job instance at 0x15422c2b3910>,42,1,[5 1],66,95,96,29,95
1,<environment.Job instance at 0x15422c2b36e0>,44,3,[1 5],69,112,115,43,95
1,<environment.Job instance at 0x15422ff11a50>,45,1,[1 5],70,119,120,49,95
1,<environment.Job instance at 0x1541fa81ccd0>,24,24,[2 7],36,132,156,96,132
1,<environment.Job instance at 0x154232b3eb90>,64,3,[10  2],100,156,159,56,148
1,<environment.Job instance at 0x154231bdbaa0>,79,15,[9 2],126,171,186,45,171
1,<environment.Job instance at 0x1541facf53c0>,80,3,[7 1],127,186,189,59,171
1,<environment.Job instance at 0x154238e573c0>,74,14,[2 6],118,186,200,68,171
1,<environment.Job instance at 0x15422c31caa0>,87,2,[ 1 10],137,200,202,63,173
1,<environment.Job instance at 0x1541fa8e15f0>,90,1,[7 2],140,189,190,49,177
1,<environment.Job instance at 0x1541fab2ce10>,91,15,[6 2],141,202,217,61,188
1,<environment.Job instance at 0x1541fab2c050>,92,16,[1 5],144,202,218,58,189
1,<environment.Job instance at 0x1541fa73a550>,93,3,[ 2 10],146,218,221,72,192
1,<environment.Job instance at 0x1541fab2cb40>,94,1,[9 1],147,217,218,70,192
1,<environment.Job instance at 0x1541faafaa50>,98,15,[7 1],152,221,236,69,207
1,<environment.Job instance at 0x1541fa8f0b40>,103,15,[2 8],157,221,236,64,207
1,<environment.Job instance at 0x15422c04a8c0>,108,2,[9 1],165,236,238,71,215
1,<environment.Job instance at 0x15422c04a320>,110,2,[1 7],167,236,238,69,215
1,<environment.Job instance at 0x154232765cd0>,111,2,[10  1],169,238,240,69,215
1,<environment.Job instance at 0x1541fab26230>,112,3,[1 5],171,240,243,69,215
1,<environment.Job instance at 0x154235010140>,114,3,[7 2],173,240,243,67,223
1,<environment.Job instance at 0x154235010b40>,115,1,[6 2],174,243,244,69,223
1,<environment.Job instance at 0x154235010c30>,117,3,[9 1],178,244,247,66,223
1,<environment.Job instance at 0x154237818820>,121,2,[2 6],183,247,249,64,236
1,<environment.Job instance at 0x1541faf12be0>,84,18,[1 8],132,321,339,189,321
1,<environment.Job instance at 0x1542378189b0>,118,15,[1 9],179,341,356,162,341
1,<environment.Job instance at 0x1541fae631e0>,1,1,[5 2],3,3,4,0,3
1,<environment.Job instance at 0x154231eb9d20>,0,1,[10  2],1,7,8,6,7
1,<environment.Job instance at 0x1542378189b0>,3,1,[5 2],6,9,10,3,9
1,<environment.Job instance at 0x15422c04a9b0>,6,3,[9 2],13,14,17,1,14
1,<environment.Job instance at 0x15422c04ae10>,7,2,[6 1],14,17,19,3,16
1,<environment.Job instance at 0x15422c04acd0>,10,2,[1 5],18,18,20,0,18
1,<environment.Job instance at 0x154236efb640>,11,16,[6 1],19,20,36,1,20
1,<environment.Job instance at 0x154236efbf00>,13,2,[6 2],21,36,38,15,21
1,<environment.Job instance at 0x154236efb4b0>,15,3,[ 1 10],24,38,41,14,24
1,<environment.Job instance at 0x1541faf74050>,28,3,[5 1],43,46,49,3,46
1,<environment.Job instance at 0x1541faf74eb0>,29,14,[10  1],45,49,63,4,46
1,<environment.Job instance at 0x1541faf749b0>,25,2,[1 5],40,46,48,6,46
1,<environment.Job instance at 0x154231c9f190>,30,1,[1 7],46,48,49,2,46
1,<environment.Job instance at 0x154231c9f820>,31,1,[1 8],47,63,64,16,47
1,<environment.Job instance at 0x154231c9fd70>,36,3,[6 2],56,63,66,7,56
1,<environment.Job instance at 0x154231c9fd20>,37,18,[10  2],57,66,84,9,58
1,<environment.Job instance at 0x1542306d40a0>,38,3,[9 1],60,84,87,24,61
1,<environment.Job instance at 0x1542306d49b0>,43,1,[10  1],70,87,88,17,71
1,<environment.Job instance at 0x1542306d4820>,44,16,[1 8],71,88,104,17,75
1,<environment.Job instance at 0x154231c9fdc0>,34,12,[2 6],54,104,116,50,89
1,<environment.Job instance at 0x1541faefed20>,48,3,[2 9],78,116,119,38,90
1,<environment.Job instance at 0x1541faefe500>,51,18,[5 1],83,91,109,8,91
1,<environment.Job instance at 0x1541faefeaf0>,52,3,[9 2],85,119,122,34,93
1,<environment.Job instance at 0x1541faefedc0>,55,3,[10  2],88,122,125,34,99
1,<environment.Job instance at 0x1541faefe460>,56,3,[1 9],89,125,128,36,99
1,<environment.Job instance at 0x154236efb5f0>,12,15,[2 9],20,128,143,108,125
1,<environment.Job instance at 0x15422c31ccd0>,61,2,[2 5],95,143,145,48,127
1,<environment.Job instance at 0x15422c31cbe0>,63,1,[8 1],97,127,128,30,127
1,<environment.Job instance at 0x15422c31ceb0>,64,1,[5 1],98,128,129,30,127
1,<environment.Job instance at 0x15422c31c410>,65,1,[5 1],99,129,130,30,128
1,<environment.Job instance at 0x1542378dad20>,66,1,[10  2],100,145,146,45,128
1,<environment.Job instance at 0x1542399a85a0>,68,2,[2 8],106,146,148,40,128
1,<environment.Job instance at 0x1542378da140>,69,3,[9 2],107,148,151,41,129
1,<environment.Job instance at 0x15422c192820>,70,1,[9 1],108,151,152,43,129
1,<environment.Job instance at 0x154231d71320>,71,1,[1 9],109,151,152,42,129
1,<environment.Job instance at 0x1541fa887280>,74,3,[1 6],112,148,151,36,129
1,<environment.Job instance at 0x15423270a0a0>,75,3,[2 7],113,152,155,39,129
1,<environment.Job instance at 0x1541fabe4e60>,77,1,[10  2],115,155,156,40,132
1,<environment.Job instance at 0x154237920550>,78,17,[2 9],116,156,173,40,145
1,<environment.Job instance at 0x1541faefe640>,46,25,[2 9],75,192,217,117,192
1,<environment.Job instance at 0x1541faa38cd0>,92,18,[5 1],135,233,251,98,233
1,<environment.Job instance at 0x15423781c640>,93,1,[6 2],136,253,254,117,253
1,<environment.Job instance at 0x154232a88d20>,97,1,[6 2],140,254,255,114,253
1,<environment.Job instance at 0x15423273f820>,104,12,[2 7],151,278,290,127,278
1,<environment.Job instance at 0x15423273f690>,106,1,[2 6],153,290,291,137,285
1,<environment.Job instance at 0x1541faec2b90>,114,28,[1 5],167,349,377,182,349
1,<environment.Job instance at 0x1541faec2d70>,129,22,[1 5],186,720,742,534,720
1,<environment.Job instance at 0x15216bb54a50>,0,12,[2 5],1,2,14,1,2
1,<environment.Job instance at 0x1521625b8af0>,2,1,[2 5],3,6,7,3,6
1,<environment.Job instance at 0x1521625fd0f0>,6,18,[8 1],7,8,26,1,8
1,<environment.Job instance at 0x15216282fbe0>,11,3,[1 8],13,17,20,4,17
1,<environment.Job instance at 0x152164896af0>,15,1,[ 1 10],20,26,27,6,21
1,<environment.Job instance at 0x152162508460>,18,2,[10  1],25,28,30,3,28
1,<environment.Job instance at 0x1521625086e0>,22,1,[2 7],30,31,32,1,31
1,<environment.Job instance at 0x152162508af0>,21,3,[6 1],29,31,34,2,31
1,<environment.Job instance at 0x152162503960>,23,2,[8 1],31,34,36,3,32
1,<environment.Job instance at 0x152162098780>,28,2,[2 7],37,37,39,0,37
1,<environment.Job instance at 0x152162098320>,29,16,[10  2],39,40,56,1,40
1,<environment.Job instance at 0x152162098e60>,31,3,[9 2],41,56,59,15,42
1,<environment.Job instance at 0x152162094dc0>,33,1,[2 7],43,59,60,16,43
1,<environment.Job instance at 0x152162579e10>,77,2,[ 1 10],109,247,249,138,247
1,<environment.Job instance at 0x1521625af870>,98,13,[ 1 10],136,368,381,232,368
1,<environment.Job instance at 0x152162854dc0>,122,3,[7 2],168,643,646,475,643
1,<environment.Job instance at 0x152162851230>,135,2,[ 2 10],191,753,755,562,753
1,<environment.Job instance at 0x152162851870>,137,15,[2 7],193,766,781,573,766
1,<environment.Job instance at 0x152162851410>,134,2,[1 9],188,842,844,654,842
1,<environment.Job instance at 0x1521625b7d20>,0,2,[ 1 10],1,1,3,0,1
1,<environment.Job instance at 0x1521648f0af0>,1,13,[ 2 10],2,3,16,1,2
1,<environment.Job instance at 0x1521625b7960>,2,1,[1 7],3,16,17,13,3
1,<environment.Job instance at 0x1521625b76e0>,3,1,[2 9],4,17,18,13,6
1,<environment.Job instance at 0x1521625b7780>,7,12,[7 1],10,16,28,6,10
1,<environment.Job instance at 0x1521625b7e10>,8,2,[8 2],11,28,30,17,11
1,<environment.Job instance at 0x1521625f6f00>,12,2,[10  1],15,30,32,15,15
1,<environment.Job instance at 0x1521625f66e0>,14,18,[8 1],18,32,50,14,21
1,<environment.Job instance at 0x1521625f60a0>,20,15,[9 2],30,50,65,20,36
1,<environment.Job instance at 0x1521625f63c0>,22,12,[1 5],32,36,48,4,36
1,<environment.Job instance at 0x1521625f6140>,23,2,[6 2],33,65,67,32,38
1,<environment.Job instance at 0x1521625e8a00>,29,2,[10  2],41,67,69,26,41
1,<environment.Job instance at 0x1521625e8730>,31,1,[2 6],46,48,49,2,46
1,<environment.Job instance at 0x1521625f6fa0>,15,16,[1 6],19,49,65,30,48
1,<environment.Job instance at 0x1521625e88c0>,34,1,[2 8],52,65,66,13,54
1,<environment.Job instance at 0x1521625e8820>,35,18,[10  1],56,69,87,13,58
1,<environment.Job instance at 0x1521624dba00>,43,14,[6 1],67,87,101,20,76
1,<environment.Job instance at 0x15216baf3f00>,75,3,[ 2 10],111,513,516,402,513
1,<environment.Job instance at 0x152162501410>,119,1,[7 2],181,745,746,564,745
1,<environment.Job instance at 0x152162501190>,121,16,[9 1],183,862,878,679,862
1,<environment.Job instance at 0x152149271e10>,1,2,[5 1],3,3,5,0,3
1,<environment.Job instance at 0x152148e59140>,0,14,[1 6],2,3,17,1,3
1,<environment.Job instance at 0x152149271320>,2,1,[2 7],4,17,18,13,5
1,<environment.Job instance at 0x152149271c30>,3,2,[10  2],5,18,20,13,8
1,<environment.Job instance at 0x1521492716e0>,4,2,[6 1],6,8,10,2,8
1,<environment.Job instance at 0x152149271e60>,6,3,[6 2],11,11,14,0,11
1,<environment.Job instance at 0x1521492715a0>,7,2,[5 2],12,14,16,2,14
1,<environment.Job instance at 0x1521491bd370>,9,2,[9 2],15,20,22,5,16
1,<environment.Job instance at 0x152149398a50>,14,3,[6 1],23,24,27,1,24
1,<environment.Job instance at 0x152149398e10>,16,2,[2 9],25,27,29,2,27
1,<environment.Job instance at 0x152149398190>,19,12,[5 2],28,29,41,1,28
1,<environment.Job instance at 0x152149398910>,20,3,[8 1],29,41,44,12,29
1,<environment.Job instance at 0x152149398230>,21,3,[8 1],33,44,47,11,33
1,<environment.Job instance at 0x152149398870>,23,27,[1 7],35,38,65,3,38
1,<environment.Job instance at 0x1521493988c0>,27,1,[2 6],43,65,66,22,43
1,<environment.Job instance at 0x152149351690>,28,2,[1 5],45,66,68,21,45
1,<environment.Job instance at 0x152149351f00>,29,2,[8 1],46,47,49,1,47
1,<environment.Job instance at 0x152149351550>,31,1,[5 1],49,49,50,0,49
1,<environment.Job instance at 0x1521493510f0>,32,3,[1 5],50,66,69,16,50
1,<environment.Job instance at 0x152149351820>,33,2,[1 9],51,69,71,18,51
1,<environment.Job instance at 0x152149351280>,36,16,[2 6],56,71,87,15,58
1,<environment.Job instance at 0x152149351410>,37,3,[1 6],57,87,90,30,61
1,<environment.Job instance at 0x152149351190>,38,2,[8 2],58,61,63,3,61
1,<environment.Job instance at 0x152149350550>,42,15,[1 5],63,90,105,27,76
1,<environment.Job instance at 0x152149350a00>,52,3,[10  2],77,105,108,28,81
1,<environment.Job instance at 0x1521493d2320>,58,16,[1 5],85,136,152,51,136
1,<environment.Job instance at 0x1521493d2f00>,66,2,[2 8],93,153,155,60,153
1,<environment.Job instance at 0x1521493d2b90>,67,3,[5 2],96,157,160,61,157
1,<environment.Job instance at 0x1521493d20a0>,68,1,[6 2],98,164,165,66,164
1,<environment.Job instance at 0x152149355780>,72,27,[ 2 10],103,192,219,89,192
1,<environment.Job instance at 0x152149355b90>,82,2,[7 1],117,219,221,102,194
1,<environment.Job instance at 0x152149355be0>,87,3,[1 7],123,219,222,96,194
1,<environment.Job instance at 0x1521491cd370>,90,17,[9 2],128,221,238,93,209
1,<environment.Job instance at 0x1521491cdc30>,92,2,[1 5],130,222,224,92,213
1,<environment.Job instance at 0x152149355550>,86,15,[1 8],122,234,249,112,234
1,<environment.Job instance at 0x15214921fbe0>,102,3,[1 7],143,253,256,110,253
1,<environment.Job instance at 0x1521491b0550>,108,1,[1 8],149,269,270,120,269
1,<environment.Job instance at 0x1521491b07d0>,109,12,[9 2],150,270,282,120,270
1,<environment.Job instance at 0x1521490e22d0>,118,13,[5 1],161,382,395,221,382
1,<environment.Job instance at 0x152149096870>,121,1,[2 5],164,399,400,235,399
1,<environment.Job instance at 0x1521490b85a0>,130,3,[2 8],177,436,439,259,436
1,<environment.Job instance at 0x1521490b8a50>,132,16,[10  1],179,439,455,260,437
1,<environment.Job instance at 0x1521490b88c0>,133,3,[2 9],180,455,458,275,437
1,<environment.Job instance at 0x15214919e870>,139,2,[7 1],192,479,481,287,479
1,<environment.Job instance at 0x152148d2a370>,0,12,[1 5],1,1,13,0,1
1,<environment.Job instance at 0x152148d2aa50>,2,3,[8 1],3,3,6,0,3
1,<environment.Job instance at 0x152149355cd0>,3,3,[2 6],6,13,16,7,8
1,<environment.Job instance at 0x152148d2a960>,5,16,[1 5],11,16,32,5,12
1,<environment.Job instance at 0x152148d2a500>,7,3,[2 9],14,32,35,18,14
1,<environment.Job instance at 0x152148da6a00>,8,1,[10  2],15,35,36,20,15
1,<environment.Job instance at 0x152148da60f0>,14,2,[1 6],27,36,38,9,33
1,<environment.Job instance at 0x152148da6410>,15,3,[1 9],28,38,41,10,33
1,<environment.Job instance at 0x152148da68c0>,17,1,[6 2],32,36,37,4,34
1,<environment.Job instance at 0x152148da6f50>,18,3,[10  2],34,41,44,7,34
1,<environment.Job instance at 0x1521492a5e60>,20,1,[2 8],39,44,45,5,41
1,<environment.Job instance at 0x1521492a58c0>,24,14,[2 8],43,45,59,2,43
1,<environment.Job instance at 0x1521492a5910>,25,2,[5 2],44,44,46,0,44
1,<environment.Job instance at 0x1521492a5550>,26,27,[1 7],45,59,86,14,57
1,<environment.Job instance at 0x1521492f7550>,29,2,[6 1],49,57,59,8,57
1,<environment.Job instance at 0x1521492f7140>,30,2,[ 1 10],50,86,88,36,59
1,<environment.Job instance at 0x1521492f72d0>,32,2,[5 1],53,59,61,6,59
1,<environment.Job instance at 0x1521492f7460>,34,3,[9 2],55,61,64,6,59
1,<environment.Job instance at 0x1521492f7e60>,35,2,[2 9],57,88,90,31,61
1,<environment.Job instance at 0x1521492f7730>,36,15,[2 8],62,90,105,28,76
1,<environment.Job instance at 0x1521492a8140>,41,3,[2 8],69,105,108,36,80
1,<environment.Job instance at 0x1521492a85f0>,43,2,[8 2],75,90,92,15,89
1,<environment.Job instance at 0x1521492a8730>,45,3,[6 2],77,197,200,120,197
1,<environment.Job instance at 0x1521492a8320>,49,2,[7 2],85,220,222,135,220
1,<environment.Job instance at 0x1521493a96e0>,52,3,[9 2],88,222,225,134,221
1,<environment.Job instance at 0x1521493a9b40>,53,2,[7 1],91,225,227,134,222
1,<environment.Job instance at 0x1521493a9500>,54,16,[ 1 10],92,227,243,135,224
1,<environment.Job instance at 0x1521493a9460>,62,1,[6 2],101,248,249,147,248
1,<environment.Job instance at 0x1521493a9050>,63,17,[9 2],103,253,270,150,253
1,<environment.Job instance at 0x1521493a9cd0>,72,1,[6 2],116,270,271,154,256
1,<environment.Job instance at 0x152149372960>,74,3,[7 1],118,271,274,153,256
1,<environment.Job instance at 0x152149333410>,76,14,[1 5],121,256,270,135,256
1,<environment.Job instance at 0x1521493336e0>,77,12,[2 6],123,270,282,147,256
1,<environment.Job instance at 0x15214929c050>,79,17,[2 8],126,282,299,156,270
1,<environment.Job instance at 0x15214929c3c0>,80,25,[8 1],129,274,299,145,270
1,<environment.Job instance at 0x15216afcecd0>,86,1,[10  2],137,299,300,162,274
1,<environment.Job instance at 0x152163f448c0>,88,16,[1 9],139,300,316,161,287
1,<environment.Job instance at 0x152148cdde10>,92,13,[1 9],144,316,329,172,300
1,<environment.Job instance at 0x1521492f0c30>,96,19,[2 5],150,329,348,179,319
1,<environment.Job instance at 0x1521492f0a00>,98,3,[6 2],152,329,332,177,319
1,<environment.Job instance at 0x1521492f0870>,99,2,[6 2],153,332,334,179,319
1,<environment.Job instance at 0x1521492f0cd0>,101,1,[6 1],156,320,321,164,320
1,<environment.Job instance at 0x1521492f0f50>,103,3,[2 7],159,348,351,189,330
1,<environment.Job instance at 0x152148b075a0>,105,3,[8 2],161,334,337,173,330
1,<environment.Job instance at 0x152148ba9460>,108,2,[2 7],164,351,353,187,330
1,<environment.Job instance at 0x152148b96370>,110,3,[7 1],166,337,340,171,330
1,<environment.Job instance at 0x152148b38460>,111,14,[8 2],167,340,354,173,330
1,<environment.Job instance at 0x15216bcf3b40>,112,2,[1 9],169,354,356,185,331
1,<environment.Job instance at 0x152148b38780>,113,2,[7 2],170,356,358,186,332
1,<environment.Job instance at 0x152164c66370>,115,13,[2 8],173,356,369,183,340
1,<environment.Job instance at 0x152148b99c80>,116,1,[8 1],174,354,355,180,340
1,<environment.Job instance at 0x152148c0a780>,117,1,[1 5],176,353,354,177,340
1,<environment.Job instance at 0x152148c420f0>,119,1,[5 2],179,358,359,179,341
1,<environment.Job instance at 0x152148bf2d70>,121,25,[9 1],181,369,394,188,365
1,<environment.Job instance at 0x152148db3500>,122,1,[10  2],183,394,395,211,366
1,<environment.Job instance at 0x152148b02dc0>,124,21,[2 5],185,395,416,210,387
1,<environment.Job instance at 0x152148c42640>,125,15,[5 2],186,395,410,209,390
1,<environment.Job instance at 0x152148c4adc0>,126,3,[2 7],188,416,419,228,390
1,<environment.Job instance at 0x152148c4a5a0>,128,15,[6 1],190,410,425,220,396
1,<environment.Job instance at 0x152148bea9b0>,132,14,[2 6],195,419,433,224,409
1,<environment.Job instance at 0x152148bea960>,133,1,[9 1],196,433,434,237,409
1,<environment.Job instance at 0x152148dadb90>,135,2,[10  2],198,434,436,236,412
1,<environment.Job instance at 0x152148c0faf0>,109,16,[ 2 10],165,445,461,280,445
1,<environment.Job instance at 0x152148c69410>,1,2,[5 1],2,3,5,1,3
1,<environment.Job instance at 0x1521699f92d0>,3,17,[9 1],6,6,23,0,6
1,<environment.Job instance at 0x152148bea050>,4,1,[6 2],7,23,24,16,12
1,<environment.Job instance at 0x152148bea4b0>,6,1,[2 6],10,23,24,13,13
1,<environment.Job instance at 0x152148bec0a0>,12,3,[5 1],17,24,27,7,19
1,<environment.Job instance at 0x152148becb90>,14,13,[2 6],19,24,37,5,22
1,<environment.Job instance at 0x152169a931e0>,27,1,[6 2],35,86,87,51,86
1,<environment.Job instance at 0x152169a93b90>,25,2,[6 2],32,127,129,95,127
1,<environment.Job instance at 0x152169a93550>,33,2,[7 2],42,129,131,87,128
1,<environment.Job instance at 0x152148e28b90>,39,17,[1 8],48,136,153,88,136
1,<environment.Job instance at 0x152164872550>,41,2,[8 2],50,136,138,86,136
1,<environment.Job instance at 0x152164872d20>,44,13,[7 2],54,138,151,84,136
1,<environment.Job instance at 0x152169361f50>,47,3,[10  2],57,153,156,96,142
1,<environment.Job instance at 0x152148b8b870>,48,3,[2 5],59,156,159,97,142
1,<environment.Job instance at 0x152148b8b370>,49,17,[1 7],60,159,176,99,148
1,<environment.Job instance at 0x152148b8b910>,50,3,[7 2],61,156,159,95,148
1,<environment.Job instance at 0x152148b8b460>,51,2,[2 9],62,176,178,114,149
1,<environment.Job instance at 0x152148b8bb90>,53,18,[6 1],65,159,177,94,150
1,<environment.Job instance at 0x152148e03cd0>,38,1,[5 1],47,177,178,130,172
1,<environment.Job instance at 0x15216257eb40>,58,16,[6 2],71,191,207,120,191
1,<environment.Job instance at 0x1521493ce5a0>,62,1,[8 1],77,207,208,130,194
1,<environment.Job instance at 0x152149095af0>,64,2,[7 2],80,208,210,128,194
1,<environment.Job instance at 0x1521491f2a50>,63,1,[5 1],79,210,211,131,196
1,<environment.Job instance at 0x152148b3d7d0>,69,1,[6 1],87,211,212,124,197
1,<environment.Job instance at 0x152148bf0b90>,67,1,[ 2 10],84,212,213,128,197
1,<environment.Job instance at 0x15216afbdeb0>,70,2,[6 1],89,213,215,124,198
1,<environment.Job instance at 0x152148f7b5a0>,75,14,[5 2],99,215,229,116,203
1,<environment.Job instance at 0x152148df8780>,76,27,[5 1],100,215,242,115,213
1,<environment.Job instance at 0x152148bf0c80>,71,17,[1 7],90,241,258,151,241
1,<environment.Job instance at 0x1521699f3460>,80,1,[1 8],104,258,259,154,253
1,<environment.Job instance at 0x152148b022d0>,85,2,[2 7],113,259,261,146,259
1,<environment.Job instance at 0x152148b0deb0>,94,1,[8 2],127,278,279,151,278
1,<environment.Job instance at 0x152148b028c0>,90,3,[10  1],121,312,315,191,312
1,<environment.Job instance at 0x152148b0d370>,97,1,[10  1],131,315,316,184,314
1,<environment.Job instance at 0x152148df54b0>,129,1,[5 1],178,1235,1236,1057,1235
1,<environment.Job instance at 0x152169a754b0>,133,12,[6 2],183,1236,1248,1053,1235
1,<environment.Job instance at 0x152169a75b40>,135,2,[6 2],186,1248,1250,1062,1235
1,<environment.Job instance at 0x152148c0a0f0>,137,14,[7 1],188,1250,1264,1062,1235
1,<environment.Job instance at 0x152148c0aa50>,140,1,[1 9],191,1235,1236,1044,1235
1,<environment.Job instance at 0x152148e291e0>,141,16,[1 8],192,1236,1252,1044,1235
1,<environment.Job instance at 0x152148e290f0>,142,1,[6 1],193,1264,1265,1071,1236
1,<environment.Job instance at 0x152148aff550>,146,1,[9 2],197,1265,1266,1068,1248
1,<environment.Job instance at 0x152169a6c140>,147,2,[1 7],198,1252,1254,1054,1248
1,<environment.Job instance at 0x152149164c80>,0,26,[1 6],1,1,27,0,1
1,<environment.Job instance at 0x152169a1a370>,7,2,[7 2],11,16,18,5,16
1,<environment.Job instance at 0x152169a1a6e0>,8,3,[6 1],13,18,21,5,16
1,<environment.Job instance at 0x152169a1a2d0>,9,2,[10  1],14,27,29,13,16
1,<environment.Job instance at 0x152169a1a280>,11,3,[5 1],16,21,24,5,16
1,<environment.Job instance at 0x152163dca820>,12,3,[1 6],17,29,32,12,19
1,<environment.Job instance at 0x152163dcadc0>,14,20,[8 1],20,29,49,9,20
1,<environment.Job instance at 0x152163dca780>,17,13,[2 5],28,32,45,4,28
1,<environment.Job instance at 0x152163dcab40>,18,2,[1 8],29,45,47,16,29
1,<environment.Job instance at 0x152163dca910>,19,1,[2 6],30,47,48,17,30
1,<environment.Job instance at 0x152163dca140>,20,2,[9 2],33,49,51,16,33
1,<environment.Job instance at 0x152148d8ef00>,21,1,[ 2 10],37,51,52,14,37
1,<environment.Job instance at 0x152148d8eeb0>,26,16,[9 1],44,52,68,8,44
1,<environment.Job instance at 0x1521693619b0>,31,2,[5 2],56,68,70,12,60
1,<environment.Job instance at 0x152169361d70>,33,1,[6 2],58,70,71,12,62
1,<environment.Job instance at 0x152169361910>,35,16,[2 9],60,71,87,11,62
1,<environment.Job instance at 0x152149354640>,41,2,[1 6],67,67,69,0,67
1,<environment.Job instance at 0x152169361af0>,36,2,[5 2],61,87,89,26,68
1,<environment.Job instance at 0x152148e0af50>,49,2,[10  2],78,89,91,11,78
1,<environment.Job instance at 0x152148e0a320>,47,2,[2 7],76,87,89,11,78
1,<environment.Job instance at 0x152148e0aa00>,53,1,[7 1],84,84,85,0,84
1,<environment.Job instance at 0x152160060230>,56,3,[6 1],87,91,94,4,88
1,<environment.Job instance at 0x1521600602d0>,57,2,[ 1 10],88,94,96,6,88
1,<environment.Job instance at 0x152160060960>,58,1,[7 1],89,96,97,7,90
1,<environment.Job instance at 0x152163d02140>,61,1,[5 1],94,97,98,3,95
1,<environment.Job instance at 0x152148bf2c30>,60,2,[10  2],93,98,100,5,95
1,<environment.Job instance at 0x1521649c1910>,64,3,[8 1],98,100,103,2,98
1,<environment.Job instance at 0x152163d229b0>,65,15,[6 1],102,103,118,1,102
1,<environment.Job instance at 0x152163e56fa0>,66,2,[8 2],103,118,120,15,103
1,<environment.Job instance at 0x152148da6eb0>,67,17,[10  1],106,120,137,14,108
1,<environment.Job instance at 0x152149350960>,69,2,[7 1],108,137,139,29,114
1,<environment.Job instance at 0x152149271b90>,83,3,[ 1 10],131,139,142,8,133
1,<environment.Job instance at 0x15216bcb9a50>,84,1,[8 2],132,142,143,10,133
1,<environment.Job instance at 0x152163eac460>,86,2,[8 1],135,143,145,8,137
1,<environment.Job instance at 0x152163eac2d0>,89,1,[2 6],139,142,143,3,139
1,<environment.Job instance at 0x152163e89af0>,91,3,[8 2],143,145,148,2,143
1,<environment.Job instance at 0x1521690913c0>,97,21,[9 1],151,155,176,4,155
1,<environment.Job instance at 0x152169091a50>,99,15,[10  2],153,176,191,23,163
1,<environment.Job instance at 0x152163e957d0>,106,1,[1 9],163,166,167,3,166
1,<environment.Job instance at 0x152148e29b40>,108,3,[9 1],166,191,194,25,167
1,<environment.Job instance at 0x152163ec67d0>,121,14,[ 1 10],184,249,263,65,249
1,<environment.Job instance at 0x152163ec6b40>,125,2,[6 2],189,263,265,74,249
1,<environment.Job instance at 0x152163ec6370>,130,17,[5 1],194,265,282,71,253
1,<environment.Job instance at 0x152163ec64b0>,131,1,[7 1],195,282,283,87,254
1,<environment.Job instance at 0x152163ec60f0>,132,3,[9 2],196,283,286,87,261
1,<environment.Job instance at 0x152163cf05a0>,0,27,[6 1],1,3,30,2,3
1,<environment.Job instance at 0x1521492caf50>,3,16,[5 2],4,30,46,26,17
1,<environment.Job instance at 0x1521492cac80>,8,1,[1 8],12,17,18,5,17
1,<environment.Job instance at 0x1521492caf00>,9,16,[5 2],13,30,46,17,17
1,<environment.Job instance at 0x15216b09bd20>,10,1,[6 1],15,46,47,31,19
1,<environment.Job instance at 0x152164cdf820>,13,3,[7 1],20,47,50,27,21
1,<environment.Job instance at 0x1521492cafa0>,7,17,[ 2 10],9,50,67,41,50
1,<environment.Job instance at 0x1521490d7af0>,19,16,[2 7],27,81,97,54,81
1,<environment.Job instance at 0x1521648f8d20>,27,1,[ 1 10],37,97,98,60,81
1,<environment.Job instance at 0x1521648f8320>,28,1,[2 7],38,98,99,60,81
1,<environment.Job instance at 0x152163fbc2d0>,32,2,[8 2],43,91,93,48,91
1,<environment.Job instance at 0x152148f56dc0>,64,2,[1 7],84,150,152,66,150
1,<environment.Job instance at 0x1521492ded20>,68,3,[2 7],90,158,161,68,158
1,<environment.Job instance at 0x1521492e15a0>,74,1,[2 8],103,166,167,63,166
1,<environment.Job instance at 0x1521491fd5f0>,80,3,[1 9],111,193,196,82,193
1,<environment.Job instance at 0x152148f7e2d0>,81,17,[1 5],112,196,213,84,194
1,<environment.Job instance at 0x152163cf9a00>,83,1,[1 8],115,213,214,98,196
1,<environment.Job instance at 0x152149070e60>,85,2,[2 6],120,214,216,94,198
1,<environment.Job instance at 0x152163cf9910>,86,1,[1 5],121,198,199,77,198
1,<environment.Job instance at 0x1521492aafa0>,87,3,[7 2],123,199,202,76,199
1,<environment.Job instance at 0x152163edd2d0>,90,3,[10  1],128,216,219,88,199
1,<environment.Job instance at 0x1521490b2c30>,95,1,[1 9],135,233,234,98,233
1,<environment.Job instance at 0x152169b31c30>,116,3,[2 7],164,394,397,230,394
1,<environment.Job instance at 0x152148f8c1e0>,119,13,[10  1],168,397,410,229,394
1,<environment.Job instance at 0x152148f8cb40>,120,3,[2 6],169,410,413,241,394
1,<environment.Job instance at 0x152148f8ceb0>,124,1,[2 5],174,413,414,239,395
1,<environment.Job instance at 0x1521491eaf00>,2,3,[1 9],6,6,9,0,6
1,<environment.Job instance at 0x152169a260f0>,4,3,[2 7],9,9,12,0,9
1,<environment.Job instance at 0x152163fa2b90>,7,3,[1 7],15,15,18,0,15
1,<environment.Job instance at 0x152163fa24b0>,9,13,[1 5],21,21,34,0,21
1,<environment.Job instance at 0x152163f0da00>,12,1,[10  2],25,34,35,9,25
1,<environment.Job instance at 0x152163f0dd20>,13,3,[2 9],26,35,38,9,26
1,<environment.Job instance at 0x152163f0d0f0>,14,13,[2 9],27,38,51,11,27
1,<environment.Job instance at 0x1521490765a0>,30,3,[6 2],56,57,60,1,57
1,<environment.Job instance at 0x152149076eb0>,32,2,[5 1],58,60,62,2,58
1,<environment.Job instance at 0x152148c45b40>,35,17,[6 2],62,63,80,1,63
1,<environment.Job instance at 0x1521490fe550>,40,1,[1 8],68,71,72,3,71
1,<environment.Job instance at 0x1521490edc80>,41,20,[7 2],69,80,100,11,72
1,<environment.Job instance at 0x152148bfa7d0>,45,13,[2 8],73,73,86,0,73
1,<environment.Job instance at 0x1521490febe0>,43,2,[2 6],71,86,88,15,73
1,<environment.Job instance at 0x152148c323c0>,48,2,[1 6],78,88,90,10,80
1,<environment.Job instance at 0x152148c2e5f0>,50,14,[ 2 10],80,118,132,38,118
1,<environment.Job instance at 0x152148c1c140>,54,12,[2 9],84,132,144,48,121
1,<environment.Job instance at 0x1521491060f0>,57,2,[1 6],95,144,146,49,122
1,<environment.Job instance at 0x152149106f00>,62,1,[2 9],101,146,147,45,127
1,<environment.Job instance at 0x1521491065a0>,64,16,[ 2 10],103,147,163,44,135
1,<environment.Job instance at 0x152149106550>,63,1,[1 5],102,163,164,61,137
1,<environment.Job instance at 0x15214905fb90>,74,12,[7 2],119,163,175,44,149
1,<environment.Job instance at 0x152164953550>,81,1,[9 2],128,175,176,47,151
1,<environment.Job instance at 0x152164953460>,86,15,[9 1],134,176,191,42,162
1,<environment.Job instance at 0x152164953af0>,88,2,[1 9],136,176,178,40,162
1,<environment.Job instance at 0x152164953410>,89,2,[1 7],139,164,166,25,162
1,<environment.Job instance at 0x1521649536e0>,91,19,[5 2],141,191,210,50,181
1,<environment.Job instance at 0x152164953320>,96,2,[8 1],146,210,212,64,192
1,<environment.Job instance at 0x152148ea1b90>,106,3,[1 8],158,192,195,34,192
1,<environment.Job instance at 0x152148ea15a0>,102,16,[1 5],153,296,312,143,296
1,<environment.Job instance at 0x152164952690>,117,3,[8 2],171,298,301,127,298
1,<environment.Job instance at 0x152164952780>,118,3,[ 2 10],172,312,315,140,305
1,<environment.Job instance at 0x152164952b40>,121,3,[1 8],177,315,318,138,308
1,<environment.Job instance at 0x1521649520a0>,124,15,[10  1],183,330,345,147,330
1,<environment.Job instance at 0x152148e92140>,127,3,[8 1],187,345,348,158,331
1,<environment.Job instance at 0x15214911f190>,128,3,[10  1],188,348,351,160,331
1,<environment.Job instance at 0x152148bf6960>,132,2,[8 1],192,351,353,159,331
1,<environment.Job instance at 0x15214911cf00>,0,16,[5 1],1,1,17,0,1
1,<environment.Job instance at 0x152148add2d0>,3,15,[5 1],6,6,21,0,6
1,<environment.Job instance at 0x152148add280>,5,1,[6 1],8,21,22,13,8
1,<environment.Job instance at 0x152148add730>,7,16,[2 9],10,17,33,7,11
1,<environment.Job instance at 0x152148add9b0>,10,1,[5 2],13,33,34,20,14
1,<environment.Job instance at 0x152148addd70>,13,3,[2 7],17,33,36,16,19
1,<environment.Job instance at 0x15214911cd70>,8,3,[2 6],11,36,39,25,19
1,<environment.Job instance at 0x152148add690>,15,3,[1 5],20,39,42,19,21
1,<environment.Job instance at 0x152148addf00>,16,2,[2 8],21,42,44,21,38
1,<environment.Job instance at 0x152148adf550>,22,2,[9 1],29,60,62,31,60
1,<environment.Job instance at 0x152148adf690>,24,3,[10  2],31,68,71,37,68
1,<environment.Job instance at 0x152148adf140>,25,1,[6 1],34,90,91,56,90
1,<environment.Job instance at 0x152148adf9b0>,29,2,[7 1],38,91,93,53,90
1,<environment.Job instance at 0x152148adff00>,37,15,[1 8],47,180,195,133,180
1,<environment.Job instance at 0x152148adfeb0>,39,13,[6 1],49,197,210,148,197
1,<environment.Job instance at 0x152148ae1460>,44,1,[5 2],58,216,217,158,216
1,<environment.Job instance at 0x152148ae16e0>,47,12,[1 7],64,231,243,167,231
1,<environment.Job instance at 0x152148ae1af0>,52,2,[2 5],74,251,253,177,251
1,<environment.Job instance at 0x152148ae4410>,61,2,[10  1],86,948,950,862,948
1,<environment.Job instance at 0x152148b33b90>,8,1,[ 1 10],12,13,14,1,13
1,<environment.Job instance at 0x152148b330f0>,9,3,[9 1],14,14,17,0,14
1,<environment.Job instance at 0x152148b33410>,10,1,[8 2],16,17,18,1,16
1,<environment.Job instance at 0x1521690286e0>,11,3,[1 5],17,19,22,2,19
1,<environment.Job instance at 0x1521648e1eb0>,12,1,[10  1],19,22,23,3,20
1,<environment.Job instance at 0x1521648e1a50>,13,3,[8 1],20,26,29,6,26
1,<environment.Job instance at 0x152163e86780>,19,2,[5 2],27,29,31,2,27
1,<environment.Job instance at 0x152163e86eb0>,20,1,[1 5],28,29,30,1,29
1,<environment.Job instance at 0x152163e862d0>,22,2,[7 1],30,31,33,1,30
1,<environment.Job instance at 0x152163e86c30>,18,17,[1 5],26,31,48,5,31
1,<environment.Job instance at 0x152163ed32d0>,25,2,[1 8],33,48,50,15,33
1,<environment.Job instance at 0x152163ed3aa0>,26,3,[2 5],34,36,39,2,36
1,<environment.Job instance at 0x152164cbad20>,30,1,[2 5],38,39,40,1,38
1,<environment.Job instance at 0x152164cbac80>,32,2,[1 9],42,50,52,8,44
1,<environment.Job instance at 0x152164cba550>,34,3,[1 5],46,52,55,6,46
1,<environment.Job instance at 0x152163e87370>,35,1,[8 1],47,47,48,0,47
1,<environment.Job instance at 0x152148c2d8c0>,41,16,[8 1],54,65,81,11,65
1,<environment.Job instance at 0x152148ff59b0>,49,18,[5 2],63,100,118,37,100
1,<environment.Job instance at 0x152148ff55f0>,53,14,[10  1],69,118,132,49,107
1,<environment.Job instance at 0x15214907e8c0>,62,13,[ 2 10],82,132,145,50,117
1,<environment.Job instance at 0x15214907ee60>,68,2,[7 1],88,145,147,57,120
1,<environment.Job instance at 0x15214907e140>,69,1,[5 1],89,147,148,58,131
1,<environment.Job instance at 0x15216b08e8c0>,77,3,[1 5],102,145,148,43,143
1,<environment.Job instance at 0x1521488e1f50>,79,13,[8 1],105,148,161,43,143
1,<environment.Job instance at 0x15214907e7d0>,70,2,[2 8],90,148,150,58,144
1,<environment.Job instance at 0x152148923b90>,83,3,[9 2],110,161,164,51,144
1,<environment.Job instance at 0x152148928910>,88,2,[8 1],116,164,166,48,145
1,<environment.Job instance at 0x152163f73dc0>,91,3,[10  2],119,166,169,47,146
1,<environment.Job instance at 0x152148e44fa0>,92,18,[2 5],120,169,187,49,158
1,<environment.Job instance at 0x152163d9ce10>,110,28,[ 2 10],141,317,345,176,317
1,<environment.Job instance at 0x15216903c690>,111,3,[9 1],144,345,348,201,321
1,<environment.Job instance at 0x15216902ebe0>,118,2,[1 5],154,352,354,198,352
1,<environment.Job instance at 0x1521699976e0>,122,2,[6 2],160,392,394,232,392
1,<environment.Job instance at 0x1521649b20f0>,131,3,[2 8],171,518,521,347,518
1,<environment.Job instance at 0x152163efeaf0>,141,3,[1 6],187,689,692,502,689
1,<environment.Job instance at 0x152169031280>,146,2,[10  1],197,711,713,514,711
1,<environment.Job instance at 0x152163ed70a0>,105,15,[10  2],136,757,772,621,757
1,<environment.Job instance at 0x152163ed69b0>,0,26,[5 2],2,2,28,0,2
1,<environment.Job instance at 0x152148966e60>,2,12,[2 8],5,5,17,0,5
1,<environment.Job instance at 0x152163f73aa0>,1,2,[7 2],4,28,30,24,11
1,<environment.Job instance at 0x1521489660f0>,7,14,[9 2],13,30,44,17,15
1,<environment.Job instance at 0x152164c49780>,9,1,[5 2],17,17,18,0,17
1,<environment.Job instance at 0x152149351280>,14,16,[9 2],23,44,60,21,31
1,<environment.Job instance at 0x152149351b40>,15,2,[1 5],24,31,33,7,31
1,<environment.Job instance at 0x1521489275a0>,21,1,[6 2],33,60,61,27,38
1,<environment.Job instance at 0x152169a68dc0>,24,2,[5 1],39,61,63,22,40
1,<environment.Job instance at 0x152148f38b90>,26,13,[2 8],43,60,73,17,44
1,<environment.Job instance at 0x152164cb0be0>,28,3,[2 7],46,73,76,27,47
1,<environment.Job instance at 0x15216258f960>,30,3,[6 1],49,63,66,14,50
1,<environment.Job instance at 0x152148bf0280>,37,2,[6 2],57,66,68,9,57
1,<environment.Job instance at 0x152164ca6410>,38,13,[6 1],58,68,81,10,60
1,<environment.Job instance at 0x152164ca6460>,42,2,[1 8],63,76,78,13,63
1,<environment.Job instance at 0x152148966dc0>,3,14,[10  2],6,81,95,75,67
1,<environment.Job instance at 0x152148b070a0>,53,1,[8 1],80,95,96,15,80
1,<environment.Job instance at 0x152169ab8910>,56,3,[ 2 10],86,96,99,10,86
1,<environment.Job instance at 0x152148e43dc0>,57,2,[7 1],88,99,101,11,88
1,<environment.Job instance at 0x152148beafa0>,62,13,[ 1 10],97,101,114,4,97
1,<environment.Job instance at 0x152160058410>,63,2,[ 1 10],100,114,116,14,100
1,<environment.Job instance at 0x152148eccd20>,64,13,[7 2],101,116,129,15,101
1,<environment.Job instance at 0x1521490d40a0>,66,1,[1 8],103,116,117,13,104
1,<environment.Job instance at 0x152164c64370>,67,1,[8 2],105,129,130,24,105
1,<environment.Job instance at 0x152163f94a00>,68,2,[10  2],106,130,132,24,106
1,<environment.Job instance at 0x152169a79050>,74,14,[1 7],114,132,146,18,117
1,<environment.Job instance at 0x152163e9d320>,76,12,[5 2],117,132,144,15,117
1,<environment.Job instance at 0x15216a975e60>,77,1,[2 9],118,146,147,28,121
1,<environment.Job instance at 0x1521493361e0>,81,17,[7 1],125,144,161,19,133
1,<environment.Job instance at 0x152160044f50>,85,3,[1 9],134,147,150,13,136
1,<environment.Job instance at 0x1521493551e0>,86,1,[1 7],137,150,151,13,138
1,<environment.Job instance at 0x15216b055cd0>,87,14,[7 1],139,161,175,22,149
1,<environment.Job instance at 0x15216251d730>,93,2,[2 6],150,151,153,1,151
1,<environment.Job instance at 0x15216251dfa0>,95,3,[1 6],152,153,156,1,152
1,<environment.Job instance at 0x152165526d20>,99,3,[10  2],162,175,178,13,162
1,<environment.Job instance at 0x15216251daa0>,92,14,[10  2],149,178,192,29,165
1,<environment.Job instance at 0x152165526500>,104,13,[7 2],171,192,205,21,176
1,<environment.Job instance at 0x152165526e10>,102,2,[9 1],167,205,207,38,178
1,<environment.Job instance at 0x152148e0a9b0>,108,3,[1 5],180,192,195,12,180
1,<environment.Job instance at 0x152148e0a3c0>,107,3,[ 2 10],178,207,210,29,183
1,<environment.Job instance at 0x1521492f5fa0>,110,2,[1 7],183,195,197,12,184
1,<environment.Job instance at 0x1521492f5b90>,114,2,[10  1],187,210,212,23,189
1,<environment.Job instance at 0x1521492f5550>,115,2,[8 1],188,212,214,24,189
1,<environment.Job instance at 0x1521492f5d70>,117,1,[1 9],191,205,206,14,191
1,<environment.Job instance at 0x1521492768c0>,118,18,[8 2],192,214,232,22,204
1,<environment.Job instance at 0x152149276e60>,119,2,[5 1],193,232,234,39,205
1,<environment.Job instance at 0x152149276730>,120,3,[2 5],194,212,215,18,205
1,<environment.Job instance at 0x152149276280>,123,1,[6 1],198,234,235,36,207
1,<environment.Job instance at 0x152164994780>,1,2,[2 5],6,8,10,2,8
1,<environment.Job instance at 0x15214907e460>,0,3,[2 5],4,8,11,4,8
1,<environment.Job instance at 0x1521492f5050>,3,18,[7 2],9,10,28,1,9
1,<environment.Job instance at 0x152163e3d0f0>,5,2,[2 9],11,28,30,17,11
1,<environment.Job instance at 0x152148d72b90>,4,15,[1 5],10,12,27,2,12
1,<environment.Job instance at 0x1521690740a0>,12,2,[7 1],18,28,30,10,21
1,<environment.Job instance at 0x1521648e55f0>,9,1,[2 5],15,27,28,12,23
1,<environment.Job instance at 0x15216afadf50>,19,2,[1 9],28,30,32,2,28
1,<environment.Job instance at 0x1521625f7550>,21,3,[9 1],31,31,34,0,31
1,<environment.Job instance at 0x15216afad5f0>,18,3,[2 9],26,34,37,8,31
1,<environment.Job instance at 0x1521625f78c0>,27,17,[10  2],41,42,59,1,42
1,<environment.Job instance at 0x1521625f72d0>,24,1,[2 5],38,59,60,21,42
1,<environment.Job instance at 0x1521628213c0>,36,2,[1 7],53,60,62,7,54
1,<environment.Job instance at 0x152148f1eaa0>,44,1,[9 1],63,63,64,0,63
1,<environment.Job instance at 0x152163f44370>,52,1,[9 1],72,79,80,7,79
1,<environment.Job instance at 0x152163f440a0>,55,3,[7 2],76,83,86,7,83
1,<environment.Job instance at 0x152163f44e60>,53,2,[1 5],73,83,85,10,83
1,<environment.Job instance at 0x152163f444b0>,57,19,[5 1],78,86,105,8,84
1,<environment.Job instance at 0x152163f44730>,59,3,[1 8],82,85,88,3,84
1,<environment.Job instance at 0x152163db15a0>,61,20,[10  2],84,105,125,21,96
1,<environment.Job instance at 0x152165506780>,63,1,[1 5],87,102,103,15,102
1,<environment.Job instance at 0x152165506230>,64,1,[7 2],88,125,126,37,102
1,<environment.Job instance at 0x152165506cd0>,65,3,[ 2 10],90,126,129,36,102
1,<environment.Job instance at 0x15216719cbe0>,70,13,[ 2 10],98,129,142,31,113
1,<environment.Job instance at 0x15216719c0a0>,71,1,[1 5],101,125,126,24,113
1,<environment.Job instance at 0x15216719cc80>,73,16,[6 1],104,142,158,38,130
1,<environment.Job instance at 0x15214912b500>,75,2,[ 2 10],106,158,160,52,131
1,<environment.Job instance at 0x15216488b230>,80,1,[ 1 10],115,160,161,45,133
1,<environment.Job instance at 0x15216488b460>,82,3,[2 9],117,142,145,25,141
1,<environment.Job instance at 0x15216a95baa0>,83,14,[ 1 10],118,161,175,43,146
1,<environment.Job instance at 0x15216a95b140>,86,18,[8 1],122,175,193,53,169
1,<environment.Job instance at 0x15216a95be10>,87,2,[6 2],123,193,195,70,169
1,<environment.Job instance at 0x15216a95b320>,88,16,[6 2],125,195,211,70,183
1,<environment.Job instance at 0x152169abed70>,92,1,[ 1 10],133,211,212,78,183
1,<environment.Job instance at 0x152149304fa0>,95,3,[2 7],136,184,187,48,184
1,<environment.Job instance at 0x152149304f00>,97,3,[1 6],142,187,190,45,184
1,<environment.Job instance at 0x152149304eb0>,98,1,[2 7],143,190,191,47,184
1,<environment.Job instance at 0x152149304e10>,100,16,[2 6],145,191,207,46,186
1,<environment.Job instance at 0x152149304cd0>,101,23,[1 9],146,212,235,66,206
1,<environment.Job instance at 0x152149304af0>,102,3,[1 8],148,207,210,59,206
1,<environment.Job instance at 0x152149304aa0>,104,1,[8 2],154,235,236,81,207
1,<environment.Job instance at 0x1521493041e0>,105,3,[7 1],156,212,215,56,207
1,<environment.Job instance at 0x152149304690>,107,3,[7 2],161,236,239,75,210
1,<environment.Job instance at 0x152149304550>,108,3,[9 2],163,239,242,76,213
1,<environment.Job instance at 0x152149304960>,109,3,[1 6],166,235,238,69,213
1,<environment.Job instance at 0x15216afd3140>,113,3,[1 8],170,238,241,68,213
1,<environment.Job instance at 0x15216afd3320>,115,18,[1 8],173,241,259,68,230
1,<environment.Job instance at 0x15216afd3870>,117,3,[9 2],176,242,245,66,230
1,<environment.Job instance at 0x15216afd3eb0>,118,12,[8 1],177,245,257,68,230
1,<environment.Job instance at 0x152149166370>,121,13,[8 1],184,257,270,73,242
1,<environment.Job instance at 0x152149166550>,122,2,[2 6],185,259,261,74,242
1,<environment.Job instance at 0x1521491667d0>,123,17,[2 7],188,261,278,73,249
1,<environment.Job instance at 0x152149166b40>,124,1,[2 9],189,278,279,89,250
1,<environment.Job instance at 0x152149166190>,125,1,[2 6],190,279,280,89,251
1,<environment.Job instance at 0x15214921b0f0>,130,2,[7 2],197,270,272,73,252
1,<environment.Job instance at 0x152149166320>,128,13,[1 9],194,285,298,91,285
1,<environment.Job instance at 0x152169af1730>,4,17,[6 1],8,9,26,1,9
1,<environment.Job instance at 0x152169af1870>,6,15,[5 2],10,26,41,16,12
1,<environment.Job instance at 0x1521492d3f00>,10,3,[2 5],15,15,18,0,15
1,<environment.Job instance at 0x1521492d39b0>,13,1,[6 2],20,41,42,21,21
1,<environment.Job instance at 0x1521492d32d0>,15,1,[1 7],22,22,23,0,22
1,<environment.Job instance at 0x1521492d3140>,16,2,[1 8],23,23,25,0,23
1,<environment.Job instance at 0x1521492d3f50>,17,2,[ 1 10],26,42,44,16,27
1,<environment.Job instance at 0x152148dabfa0>,20,13,[9 1],29,44,57,15,29
1,<environment.Job instance at 0x152148dab910>,26,16,[5 1],38,57,73,19,45
1,<environment.Job instance at 0x152148dab870>,28,1,[1 9],40,45,46,5,45
1,<environment.Job instance at 0x15216a996140>,31,1,[6 2],45,73,74,28,46
1,<environment.Job instance at 0x152169a260a0>,33,2,[7 2],47,74,76,27,49
1,<environment.Job instance at 0x152169a264b0>,34,13,[6 1],48,76,89,28,60
1,<environment.Job instance at 0x152169a26410>,37,15,[2 8],52,62,77,10,62
1,<environment.Job instance at 0x152169a26f50>,40,2,[2 8],58,77,79,19,67
1,<environment.Job instance at 0x152169a265a0>,41,16,[8 1],60,89,105,29,77
1,<environment.Job instance at 0x15216550dfa0>,45,2,[1 9],67,79,81,12,79
1,<environment.Job instance at 0x15216550d5a0>,47,2,[5 2],69,105,107,36,81
1,<environment.Job instance at 0x15216550dd70>,49,3,[2 8],73,82,85,9,82
1,<environment.Job instance at 0x15216550ddc0>,51,2,[5 1],75,105,107,30,82
1,<environment.Job instance at 0x152163df5640>,54,12,[1 7],79,89,101,10,89
1,<environment.Job instance at 0x152163df5b40>,55,1,[7 1],80,107,108,27,89
1,<environment.Job instance at 0x1521648df3c0>,57,23,[2 9],82,107,130,25,102
1,<environment.Job instance at 0x1521648dfcd0>,59,2,[7 1],84,108,110,24,105
1,<environment.Job instance at 0x1521648df500>,60,1,[1 6],86,130,131,44,106
1,<environment.Job instance at 0x1521648dff50>,61,2,[6 2],87,130,132,43,106
1,<environment.Job instance at 0x1521648df1e0>,62,2,[10  2],89,132,134,43,106
1,<environment.Job instance at 0x1521488b68c0>,64,3,[8 1],94,110,113,16,106
1,<environment.Job instance at 0x1521648dfaf0>,65,1,[8 2],96,134,135,38,106
1,<environment.Job instance at 0x1521488b60a0>,70,1,[8 1],106,113,114,7,110
1,<environment.Job instance at 0x1521488b69b0>,71,1,[10  1],107,135,136,28,110
1,<environment.Job instance at 0x15216baf9d20>,73,2,[9 1],109,136,138,27,110
1,<environment.Job instance at 0x15214898a730>,74,12,[8 1],110,114,126,4,111
1,<environment.Job instance at 0x1521490d9690>,76,3,[10  1],112,138,141,26,121
1,<environment.Job instance at 0x1521490d9550>,77,3,[7 1],113,126,129,13,121
1,<environment.Job instance at 0x152149285e60>,89,14,[ 1 10],133,160,174,27,160
1,<environment.Job instance at 0x152148d81050>,91,14,[2 9],138,174,188,36,163
1,<environment.Job instance at 0x152148e27050>,96,3,[6 2],143,188,191,45,179
1,<environment.Job instance at 0x1521638c0aa0>,105,1,[8 2],159,198,199,39,198
1,<environment.Job instance at 0x152148ff53c0>,108,16,[9 2],162,205,221,43,205
1,<environment.Job instance at 0x152148ff5690>,109,15,[ 1 10],163,222,237,59,222
1,<environment.Job instance at 0x1521488c1140>,113,1,[1 8],167,237,238,70,223
1,<environment.Job instance at 0x152168ff16e0>,117,1,[10  1],172,238,239,66,229
1,<environment.Job instance at 0x152168ff11e0>,118,23,[5 2],174,239,262,65,235
1,<environment.Job instance at 0x152148eec550>,0,17,[2 5],3,4,21,1,4
1,<environment.Job instance at 0x152148ed12d0>,2,1,[ 1 10],6,21,22,15,6
1,<environment.Job instance at 0x1521699b8c30>,3,1,[2 6],7,22,23,15,7
1,<environment.Job instance at 0x152163edd460>,4,1,[2 6],8,23,24,15,9
1,<environment.Job instance at 0x152163edd960>,7,1,[7 2],12,12,13,0,12
1,<environment.Job instance at 0x152163edd280>,10,1,[5 1],15,15,16,0,15
1,<environment.Job instance at 0x152163edd050>,11,3,[6 2],17,17,20,0,17
1,<environment.Job instance at 0x152169b1cbe0>,13,16,[10  1],20,24,40,4,20
1,<environment.Job instance at 0x152169b1ceb0>,14,3,[2 8],21,40,43,19,21
1,<environment.Job instance at 0x152148ed1910>,1,18,[ 2 10],4,43,61,39,35
1,<environment.Job instance at 0x152163d8a410>,18,3,[ 2 10],25,61,64,36,43
1,<environment.Job instance at 0x152163d8a6e0>,20,1,[ 2 10],27,64,65,37,49
1,<environment.Job instance at 0x152163d8ab40>,19,14,[1 5],26,65,79,39,50
1,<environment.Job instance at 0x152163d8ae10>,22,2,[5 1],29,65,67,36,51
1,<environment.Job instance at 0x152163d8a640>,21,3,[ 2 10],28,79,82,51,57
1,<environment.Job instance at 0x152163d8a960>,25,21,[2 7],34,82,103,48,74
1,<environment.Job instance at 0x152163d8afa0>,26,3,[8 2],35,88,91,53,88
1,<environment.Job instance at 0x152163d8aaf0>,33,13,[1 6],42,103,116,61,88
1,<environment.Job instance at 0x152164bee640>,35,15,[7 2],44,91,106,47,88
1,<environment.Job instance at 0x152164bee6e0>,36,2,[1 6],47,116,118,69,89
1,<environment.Job instance at 0x152164beed70>,37,16,[2 7],50,118,134,68,107
1,<environment.Job instance at 0x152169346e60>,46,1,[5 1],64,107,108,43,107
1,<environment.Job instance at 0x1521693460a0>,50,3,[9 2],70,108,111,38,108
1,<environment.Job instance at 0x1521693460f0>,51,3,[5 1],71,111,114,40,108
1,<environment.Job instance at 0x152169346be0>,52,2,[5 1],73,114,116,41,108
1,<environment.Job instance at 0x152164886b90>,54,2,[1 9],75,134,136,59,109
1,<environment.Job instance at 0x152164886320>,55,3,[ 2 10],76,136,139,60,110
1,<environment.Job instance at 0x152164886280>,56,3,[2 6],77,139,142,62,113
1,<environment.Job instance at 0x152164886910>,59,2,[7 1],80,116,118,36,113
1,<environment.Job instance at 0x152169118b90>,66,3,[1 9],88,142,145,54,116
1,<environment.Job instance at 0x152169118e60>,67,3,[1 7],90,145,148,55,119
1,<environment.Job instance at 0x152169118050>,69,1,[2 7],93,148,149,55,120
1,<environment.Job instance at 0x152169118e10>,70,2,[5 1],94,120,122,26,120
1,<environment.Job instance at 0x152169118370>,71,1,[2 9],96,149,150,53,121
1,<environment.Job instance at 0x152169118a00>,77,22,[2 8],104,150,172,46,143
1,<environment.Job instance at 0x152148d1caf0>,87,1,[10  2],118,172,173,54,156
1,<environment.Job instance at 0x152148d1c280>,88,16,[5 1],119,156,172,37,156
1,<environment.Job instance at 0x15214907ef00>,90,13,[2 5],122,173,186,51,160
1,<environment.Job instance at 0x1521649cb190>,92,3,[1 7],125,186,189,61,160
1,<environment.Job instance at 0x152148cf2640>,93,2,[8 1],127,173,175,46,160
1,<environment.Job instance at 0x152148cf2aa0>,94,3,[9 2],128,186,189,58,160
1,<environment.Job instance at 0x152148ebfb40>,97,13,[7 2],134,189,202,55,173
1,<environment.Job instance at 0x152164024be0>,100,3,[8 1],137,175,178,38,175
1,<environment.Job instance at 0x1521490f6050>,102,3,[6 1],139,178,181,39,175
1,<environment.Job instance at 0x152164024870>,103,3,[9 1],140,202,205,62,176
1,<environment.Job instance at 0x1521640242d0>,104,3,[2 9],141,205,208,64,179
1,<environment.Job instance at 0x152148c260a0>,105,14,[2 5],142,208,222,66,193
1,<environment.Job instance at 0x152148d913c0>,107,1,[5 1],146,205,206,59,193
1,<environment.Job instance at 0x152164c70690>,111,2,[2 8],152,195,197,43,195
1,<environment.Job instance at 0x152164c70550>,113,16,[8 1],155,206,222,51,195
1,<environment.Job instance at 0x152148f850a0>,123,18,[2 6],171,222,240,51,214
1,<environment.Job instance at 0x152148f85d70>,124,15,[5 2],172,222,237,50,216
1,<environment.Job instance at 0x1521600b0280>,126,2,[8 1],174,237,239,63,222
1,<environment.Job instance at 0x1521600b07d0>,127,1,[10  1],175,240,241,65,222
1,<environment.Job instance at 0x1521600b0f50>,128,2,[5 1],176,241,243,65,222
1,<environment.Job instance at 0x15216008daa0>,129,1,[1 6],177,241,242,64,222
1,<environment.Job instance at 0x152148fd5320>,131,3,[9 2],180,243,246,63,225
1,<environment.Job instance at 0x152168ff60a0>,135,12,[2 8],187,412,424,225,412
1,<environment.Job instance at 0x152168ff63c0>,136,2,[2 6],189,436,438,247,436
1,<environment.Job instance at 0x152168ff6640>,138,3,[1 9],191,439,442,248,439
1,<environment.Job instance at 0x152163f5f140>,1,3,[2 5],4,5,8,1,5
1,<environment.Job instance at 0x1521624daa00>,4,2,[9 1],8,8,10,0,8
1,<environment.Job instance at 0x152148eb3f00>,6,18,[10  1],11,11,29,0,11
1,<environment.Job instance at 0x152162833f00>,12,3,[5 1],19,29,32,10,22
1,<environment.Job instance at 0x152148cf3e60>,15,3,[6 2],23,32,35,9,26
1,<environment.Job instance at 0x152148cf3d70>,20,2,[9 1],30,35,37,5,30
1,<environment.Job instance at 0x152148cf31e0>,16,18,[1 7],24,30,48,6,30
1,<environment.Job instance at 0x152148cf3550>,23,3,[6 1],33,37,40,4,33
1,<environment.Job instance at 0x152148cf3370>,24,16,[6 2],34,40,56,6,34
1,<environment.Job instance at 0x152148cf3320>,22,2,[1 5],32,48,50,16,34
1,<environment.Job instance at 0x152163ce6f00>,29,1,[ 2 10],41,56,57,15,45
1,<environment.Job instance at 0x152163ce6aa0>,34,3,[2 7],46,50,53,4,46
1,<environment.Job instance at 0x152163ce6e10>,35,1,[10  2],47,57,58,10,49
1,<environment.Job instance at 0x152163fe1b90>,38,2,[7 1],50,58,60,8,50
1,<environment.Job instance at 0x152163dbfdc0>,57,18,[1 9],78,113,131,35,113
1,<environment.Job instance at 0x152163dbf500>,61,1,[10  2],85,131,132,46,114
1,<environment.Job instance at 0x152163dbfaa0>,67,1,[7 1],91,132,133,41,132
1,<environment.Job instance at 0x152163dbf870>,62,28,[2 9],86,132,160,46,132
1,<environment.Job instance at 0x152164c46550>,75,3,[ 1 10],100,160,163,60,135
1,<environment.Job instance at 0x152162501320>,77,2,[1 9],102,163,165,61,136
1,<environment.Job instance at 0x152148fb68c0>,78,3,[1 7],106,165,168,59,139
1,<environment.Job instance at 0x152148fb6e60>,79,1,[5 1],108,140,141,32,140
1,<environment.Job instance at 0x152148fb6410>,81,1,[5 1],110,141,142,31,140
1,<environment.Job instance at 0x152148fb65f0>,80,22,[5 2],109,165,187,56,165
1,<environment.Job instance at 0x152148c93640>,94,25,[7 2],128,187,212,59,183
1,<environment.Job instance at 0x152148ecb460>,99,2,[ 1 10],133,212,214,79,192
1,<environment.Job instance at 0x152148eaa730>,90,12,[1 8],122,195,207,73,195
1,<environment.Job instance at 0x152168ff0960>,100,1,[2 9],134,214,215,80,202
1,<environment.Job instance at 0x152148b49eb0>,102,14,[1 8],137,215,229,78,206
1,<environment.Job instance at 0x1521649b6050>,105,1,[9 2],140,215,216,75,210
1,<environment.Job instance at 0x15216999a2d0>,106,2,[5 1],141,237,239,96,237
1,<environment.Job instance at 0x15216999aeb0>,108,3,[1 5],144,239,242,95,239
1,<environment.Job instance at 0x15216999a820>,109,15,[10  1],145,251,266,106,251
1,<environment.Job instance at 0x152168ff0550>,101,21,[10  1],135,283,304,148,283
1,<environment.Job instance at 0x15216999a730>,110,17,[1 9],148,322,339,174,322
1,<environment.Job instance at 0x152148d1d8c0>,113,3,[8 2],153,339,342,186,335
1,<environment.Job instance at 0x15216999afa0>,114,18,[7 1],155,343,361,188,343
1,<environment.Job instance at 0x1521649a9320>,118,2,[1 7],159,350,352,191,350
1,<environment.Job instance at 0x1521649a9910>,120,2,[7 1],161,366,368,205,366
1,<environment.Job instance at 0x152169ab8c80>,122,2,[ 1 10],163,368,370,205,368
1,<environment.Job instance at 0x152169ab8d70>,125,2,[6 1],166,371,373,205,371
1,<environment.Job instance at 0x1521648f5910>,131,12,[ 1 10],176,381,393,205,381
1,<environment.Job instance at 0x152169a5c730>,137,2,[ 1 10],185,393,395,208,392
1,<environment.Job instance at 0x152148aea8c0>,139,3,[2 9],187,395,398,208,392
1,<environment.Job instance at 0x152148aea550>,140,1,[10  1],188,398,399,210,392
1,<environment.Job instance at 0x1521648f5690>,130,14,[2 7],173,399,413,226,392
1,<environment.Job instance at 0x1521649db0f0>,142,3,[6 1],191,395,398,204,392
1,<environment.Job instance at 0x152149156be0>,144,3,[6 2],195,399,402,204,392
1,<environment.Job instance at 0x1521620930a0>,146,3,[10  2],197,413,416,216,393
1,<environment.Job instance at 0x152169b31550>,1,2,[8 2],2,7,9,5,7
1,<environment.Job instance at 0x152163d8aeb0>,9,2,[5 1],14,15,17,1,15
1,<environment.Job instance at 0x152163da1d70>,15,3,[5 1],25,25,28,0,25
1,<environment.Job instance at 0x152163d8a730>,14,3,[9 2],23,28,31,5,25
1,<environment.Job instance at 0x152163da1a00>,28,16,[10  1],44,179,195,135,179
1,<environment.Job instance at 0x152163da1370>,33,3,[8 2],50,212,215,162,212
1,<environment.Job instance at 0x152162532be0>,43,3,[1 8],67,307,310,240,307
1,<environment.Job instance at 0x152162532730>,45,3,[1 6],69,315,318,246,315
1,<environment.Job instance at 0x1521625324b0>,51,20,[6 1],75,343,363,268,343
1,<environment.Job instance at 0x152169acd0f0>,61,1,[5 1],89,479,480,390,479
1,<environment.Job instance at 0x152169acdcd0>,60,3,[2 8],88,481,484,393,481
1,<environment.Job instance at 0x152169acda50>,66,2,[8 1],97,483,485,386,483
1,<environment.Job instance at 0x152169acd320>,68,3,[9 1],99,489,492,390,489
1,<environment.Job instance at 0x152169acd4b0>,69,2,[5 1],100,492,494,392,490
1,<environment.Job instance at 0x152169acd960>,70,3,[1 9],101,501,504,400,501
1,<environment.Job instance at 0x152169acd780>,74,3,[10  1],108,504,507,396,502
1,<environment.Job instance at 0x152163e8b280>,87,17,[8 1],132,593,610,461,593
1,<environment.Job instance at 0x152169acdb90>,62,25,[ 1 10],91,781,806,690,781
1,<environment.Job instance at 0x1521625e8cd0>,101,3,[7 2],150,806,809,656,798
1,<environment.Job instance at 0x15214900cbe0>,107,3,[1 6],157,823,826,666,823
1,<environment.Job instance at 0x152163d997d0>,109,3,[7 1],159,823,826,664,823
1,<environment.Job instance at 0x152148e8b460>,110,14,[6 1],160,826,840,666,824
1,<environment.Job instance at 0x15216afdec30>,111,12,[2 9],161,826,838,665,825
1,<environment.Job instance at 0x152149369a50>,114,1,[1 6],169,838,839,669,825
1,<environment.Job instance at 0x15216487fe60>,116,2,[2 7],172,839,841,667,825
1,<environment.Job instance at 0x15216487fb40>,117,14,[10  1],173,841,855,668,826
1,<environment.Job instance at 0x1521490e0870>,121,3,[9 1],179,855,858,676,830
1,<environment.Job instance at 0x1521648fe910>,131,1,[8 1],192,1402,1403,1210,1402
1,<environment.Job instance at 0x152148e57d20>,4,1,[9 2],6,6,7,0,6
1,<environment.Job instance at 0x152149102960>,1,2,[8 1],3,7,9,4,6
1,<environment.Job instance at 0x152148e57820>,5,15,[2 6],8,8,23,0,8
1,<environment.Job instance at 0x152148fcce60>,9,1,[10  1],17,23,24,6,17
1,<environment.Job instance at 0x152148fcc7d0>,12,3,[1 8],22,24,27,2,22
1,<environment.Job instance at 0x152148f85a50>,15,18,[8 1],28,29,47,1,29
1,<environment.Job instance at 0x1521649b9050>,16,3,[6 2],31,47,50,16,31
1,<environment.Job instance at 0x152163888370>,17,2,[7 2],32,50,52,18,32
1,<environment.Job instance at 0x152148f85410>,18,1,[10  2],33,52,53,19,33
1,<environment.Job instance at 0x152169a3db40>,19,3,[1 5],35,35,38,0,35
1,<environment.Job instance at 0x15216a9695f0>,21,3,[2 7],37,38,41,1,37
1,<environment.Job instance at 0x152160092be0>,39,1,[8 2],65,66,67,1,66
1,<environment.Job instance at 0x152160092780>,40,25,[2 7],67,92,117,25,92
1,<environment.Job instance at 0x152163ff46e0>,54,3,[8 1],87,109,112,22,109
1,<environment.Job instance at 0x152164c6ffa0>,60,3,[ 2 10],97,118,121,21,118
1,<environment.Job instance at 0x152164c6ff00>,63,3,[6 1],105,121,124,16,121
1,<environment.Job instance at 0x152169995910>,74,17,[5 1],124,139,156,15,139
1,<environment.Job instance at 0x1521699951e0>,78,1,[7 2],133,156,157,23,153
1,<environment.Job instance at 0x1521625514b0>,83,2,[6 2],141,157,159,16,156
1,<environment.Job instance at 0x152163f04f50>,88,2,[10  2],151,162,164,11,162
1,<environment.Job instance at 0x152163f04960>,92,3,[8 2],156,173,176,17,173
1,<environment.Job instance at 0x152163f04c30>,89,2,[1 6],152,175,177,23,175
1,<environment.Job instance at 0x152163f049b0>,97,13,[6 1],161,190,203,29,190
1,<environment.Job instance at 0x152148e87af0>,106,15,[10  2],174,218,233,44,218
1,<environment.Job instance at 0x152148f529b0>,109,3,[2 9],178,233,236,55,228
1,<environment.Job instance at 0x152148f52fa0>,115,15,[9 1],185,305,320,120,305
1,<environment.Job instance at 0x152148f52e60>,121,2,[8 1],194,354,356,160,354
1,<environment.Job instance at 0x152162847fa0>,2,13,[7 1],4,6,19,2,6
1,<environment.Job instance at 0x152148929910>,15,25,[9 2],20,47,72,27,47
1,<environment.Job instance at 0x152148929dc0>,18,14,[1 9],24,72,86,48,72
1,<environment.Job instance at 0x152148929f00>,19,13,[1 9],26,86,99,60,80
1,<environment.Job instance at 0x152148929fa0>,20,13,[ 2 10],28,111,124,83,111
1,<environment.Job instance at 0x152148929870>,14,16,[1 8],19,125,141,106,125
1,<environment.Job instance at 0x1521488f4dc0>,34,15,[2 9],47,227,242,180,227
1,<environment.Job instance at 0x1521488f4d20>,36,3,[10  1],51,242,245,191,228
1,<environment.Job instance at 0x1521488f4550>,38,2,[2 5],53,245,247,192,231
1,<environment.Job instance at 0x1521488f4be0>,39,1,[10  1],54,247,248,193,231
1,<environment.Job instance at 0x1521488f8280>,45,17,[2 8],65,340,357,275,340
1,<environment.Job instance at 0x1521488f8370>,50,12,[2 9],71,379,391,308,379
1,<environment.Job instance at 0x1521488f85f0>,51,18,[7 2],73,391,409,318,380
1,<environment.Job instance at 0x1521488f8c30>,60,3,[1 5],89,391,394,302,380
1,<environment.Job instance at 0x1521488f8aa0>,58,1,[5 1],86,384,385,298,384
1,<environment.Job instance at 0x152148906280>,69,3,[2 9],107,409,412,302,384
1,<environment.Job instance at 0x152148906690>,75,2,[10  2],113,412,414,299,385
1,<environment.Job instance at 0x1521489065f0>,76,1,[10  2],115,414,415,299,394
1,<environment.Job instance at 0x152148906b90>,80,3,[10  2],120,415,418,295,396
1,<environment.Job instance at 0x152148906dc0>,84,2,[8 1],125,409,411,284,399
1,<environment.Job instance at 0x152148906cd0>,83,3,[ 2 10],124,418,421,294,399
1,<environment.Job instance at 0x152148906e10>,85,3,[9 2],127,421,424,294,400
1,<environment.Job instance at 0x152148911370>,86,1,[2 9],130,424,425,294,407
1,<environment.Job instance at 0x152148911640>,89,15,[ 1 10],136,425,440,289,411
1,<environment.Job instance at 0x152148911be0>,98,3,[5 1],149,440,443,291,426
1,<environment.Job instance at 0x152148911c80>,99,1,[1 9],150,440,441,290,426
1,<environment.Job instance at 0x152148911e10>,101,17,[7 1],153,443,460,290,431
1,<environment.Job instance at 0x152148904050>,105,13,[5 2],159,460,473,301,444
1,<environment.Job instance at 0x1521489044b0>,110,1,[9 1],167,473,474,306,446
1,<environment.Job instance at 0x1521489045a0>,111,14,[1 7],168,446,460,278,446
1,<environment.Job instance at 0x152148904820>,113,1,[2 5],171,460,461,289,460
1,<environment.Job instance at 0x1521489047d0>,114,15,[7 1],172,474,489,302,460
1,<environment.Job instance at 0x152148904910>,118,1,[10  1],176,489,490,313,462
1,<environment.Job instance at 0x152148904a50>,119,15,[2 8],177,474,489,297,463
1,<environment.Job instance at 0x152148904af0>,120,3,[1 6],178,463,466,285,463
1,<environment.Job instance at 0x152148904b90>,121,2,[5 1],179,466,468,287,463
1,<environment.Job instance at 0x152148904e60>,122,1,[2 5],183,468,469,285,463
1,<environment.Job instance at 0x152148904dc0>,123,19,[1 8],184,490,509,306,480
1,<environment.Job instance at 0x152148904c30>,124,2,[9 1],185,490,492,305,482
1,<environment.Job instance at 0x1521488f1f50>,132,20,[10  2],197,522,542,325,522
1,<environment.Job instance at 0x1521488f1d20>,133,3,[9 1],198,542,545,344,526
1,<environment.Job instance at 0x152148906a00>,78,15,[5 2],118,545,560,427,538
1,<environment.Job instance at 0x1521488f13c0>,134,15,[1 9],199,565,580,366,565
1,<environment.Job instance at 0x152148904fa0>,2,18,[8 1],8,9,27,1,9
1,<environment.Job instance at 0x152148dcb6e0>,9,15,[5 1],20,27,42,7,20
1,<environment.Job instance at 0x152148db4f00>,8,13,[1 7],17,22,35,5,22
1,<environment.Job instance at 0x152148dcbcd0>,14,2,[1 5],28,35,37,7,29
1,<environment.Job instance at 0x152148dcbb90>,15,16,[6 1],29,42,58,13,30
1,<environment.Job instance at 0x152149234e60>,17,2,[6 2],31,58,60,27,31
1,<environment.Job instance at 0x152149234a00>,20,2,[7 2],36,60,62,24,38
1,<environment.Job instance at 0x152148de00a0>,22,3,[2 7],40,40,43,0,40
1,<environment.Job instance at 0x152148de0190>,23,2,[1 8],41,43,45,2,41
1,<environment.Job instance at 0x152148de08c0>,24,1,[2 6],42,45,46,3,42
1,<environment.Job instance at 0x152148de0f50>,25,14,[ 1 10],43,62,76,19,47
1,<environment.Job instance at 0x152148de0370>,27,1,[7 2],48,76,77,28,48
1,<environment.Job instance at 0x152148de0c30>,28,2,[5 2],49,77,79,28,50
1,<environment.Job instance at 0x152148db3a00>,33,14,[10  1],55,79,93,24,65
1,<environment.Job instance at 0x152148dbbe60>,40,3,[6 2],66,93,96,27,73
1,<environment.Job instance at 0x152148dbb6e0>,41,18,[10  2],67,96,114,29,85
1,<environment.Job instance at 0x152148dbb190>,43,3,[2 6],71,93,96,22,88
1,<environment.Job instance at 0x152148dbb500>,44,2,[ 1 10],72,114,116,42,88
1,<environment.Job instance at 0x152148dbb640>,48,16,[1 8],81,116,132,35,103
1,<environment.Job instance at 0x1521492495f0>,50,25,[2 9],85,132,157,47,128
1,<environment.Job instance at 0x15214923d690>,53,2,[2 6],91,157,159,66,130
1,<environment.Job instance at 0x1521488f0a00>,55,18,[5 1],93,130,148,37,130
1,<environment.Job instance at 0x1521488f0d70>,58,2,[6 2],97,157,159,60,136
1,<environment.Job instance at 0x152148a38e60>,59,3,[10  2],98,159,162,61,136
1,<environment.Job instance at 0x152148a38140>,60,3,[1 9],99,162,165,63,136
1,<environment.Job instance at 0x1521488f03c0>,56,3,[9 2],95,165,168,70,146
1,<environment.Job instance at 0x1521488c85a0>,66,2,[ 2 10],106,168,170,62,146
1,<environment.Job instance at 0x152169af1cd0>,67,1,[8 1],107,148,149,41,146
1,<environment.Job instance at 0x152148a38780>,64,1,[5 2],104,170,171,66,152
1,<environment.Job instance at 0x152148e49780>,65,2,[2 5],105,170,172,65,153
1,<environment.Job instance at 0x1521488d8640>,74,1,[9 1],118,162,163,44,156
1,<environment.Job instance at 0x152163ec07d0>,77,16,[2 5],121,171,187,50,167
1,<environment.Job instance at 0x1521492830f0>,81,1,[10  2],125,187,188,62,181
1,<environment.Job instance at 0x152164022230>,83,2,[1 7],129,188,190,59,182
1,<environment.Job instance at 0x1521648bbe10>,84,3,[2 6],130,190,193,60,183
1,<environment.Job instance at 0x152169a53b90>,86,13,[2 5],132,193,206,61,183
1,<environment.Job instance at 0x152169a53500>,87,2,[9 1],133,188,190,55,184
1,<environment.Job instance at 0x1521699d3910>,72,2,[2 8],116,206,208,90,203
1,<environment.Job instance at 0x1521491a6af0>,91,14,[ 2 10],138,214,228,76,214
1,<environment.Job instance at 0x152163ed1370>,94,17,[1 5],142,228,245,86,219
1,<environment.Job instance at 0x152148abbe60>,107,2,[2 5],160,242,244,82,242
1,<environment.Job instance at 0x1521492a2780>,110,1,[2 6],163,250,251,87,250
1,<environment.Job instance at 0x152163eca690>,111,17,[1 5],164,251,268,87,250
1,<environment.Job instance at 0x1521640053c0>,113,1,[8 1],168,250,251,82,250
1,<environment.Job instance at 0x152164005e10>,114,14,[8 2],171,251,265,80,250
1,<environment.Job instance at 0x152149276a50>,115,3,[2 6],172,268,271,96,250
1,<environment.Job instance at 0x152149276b90>,116,1,[10  1],173,271,272,98,250
1,<environment.Job instance at 0x1521492766e0>,117,2,[1 6],175,272,274,97,250
1,<environment.Job instance at 0x152164985960>,119,3,[5 1],178,265,268,87,250
1,<environment.Job instance at 0x1521649853c0>,120,1,[1 6],179,274,275,95,250
1,<environment.Job instance at 0x152148a67780>,122,3,[2 5],182,275,278,93,250
1,<environment.Job instance at 0x152148b4d460>,131,17,[2 6],194,508,525,314,508
1,<environment.Job instance at 0x15214901f0a0>,0,13,[10  2],1,1,14,0,1
1,<environment.Job instance at 0x15214901ffa0>,1,16,[2 5],2,14,30,12,2
1,<environment.Job instance at 0x152164974190>,5,3,[1 7],7,30,33,23,9
1,<environment.Job instance at 0x152164974c80>,7,1,[9 2],9,30,31,21,9
1,<environment.Job instance at 0x152164974370>,2,3,[5 1],3,14,17,11,11
1,<environment.Job instance at 0x152164974780>,8,3,[2 6],10,33,36,23,12
1,<environment.Job instance at 0x152164974a00>,9,1,[6 2],12,17,18,5,12
1,<environment.Job instance at 0x152164974e60>,10,2,[5 2],13,18,20,5,13
1,<environment.Job instance at 0x152164974280>,11,1,[6 1],14,20,21,6,14
1,<environment.Job instance at 0x152162551550>,15,1,[8 1],18,21,22,3,18
1,<environment.Job instance at 0x152148d285f0>,24,1,[8 2],32,73,74,41,73
1,<environment.Job instance at 0x152162551190>,20,17,[8 1],28,74,91,46,74
1,<environment.Job instance at 0x152148d28fa0>,28,1,[5 2],37,91,92,54,75
1,<environment.Job instance at 0x152148d28c30>,29,13,[5 2],38,91,104,53,75
1,<environment.Job instance at 0x152148d28910>,27,3,[6 1],35,104,107,69,79
1,<environment.Job instance at 0x152148d28c80>,25,1,[1 7],33,79,80,46,79
1,<environment.Job instance at 0x15216b1a6140>,35,18,[1 8],44,153,171,109,153
1,<environment.Job instance at 0x15216b1a60a0>,37,3,[1 5],48,171,174,123,154
1,<environment.Job instance at 0x15216b1a62d0>,38,3,[1 8],49,174,177,125,159
1,<environment.Job instance at 0x15216282f140>,41,1,[8 1],54,170,171,116,170
1,<environment.Job instance at 0x15216282f190>,42,1,[8 1],55,202,203,147,202
1,<environment.Job instance at 0x15216282fe60>,44,18,[ 1 10],64,240,258,176,240
1,<environment.Job instance at 0x15216282fd70>,49,3,[5 1],70,258,261,188,241
1,<environment.Job instance at 0x15216282fb40>,50,1,[2 9],72,258,259,186,241
1,<environment.Job instance at 0x15216282fd20>,52,2,[1 9],75,265,267,190,265
1,<environment.Job instance at 0x152148c6abe0>,54,1,[7 2],78,267,268,189,265
1,<environment.Job instance at 0x152148c6aeb0>,55,2,[6 1],79,265,267,186,265
1,<environment.Job instance at 0x152148c6a550>,59,15,[1 7],83,276,291,193,276
1,<environment.Job instance at 0x152148c6ae60>,62,1,[1 9],87,339,340,252,339
1,<environment.Job instance at 0x152148c6a5f0>,63,3,[7 2],88,343,346,255,343
1,<environment.Job instance at 0x152148d8d0f0>,74,2,[5 2],106,365,367,259,365
1,<environment.Job instance at 0x152167182fa0>,77,1,[ 2 10],111,367,368,256,365
1,<environment.Job instance at 0x152148d8dfa0>,80,2,[6 2],115,368,370,253,365
1,<environment.Job instance at 0x1521638883c0>,82,14,[1 5],119,368,382,249,365
1,<environment.Job instance at 0x152163dcc460>,85,16,[8 1],122,370,386,248,365
1,<environment.Job instance at 0x152169b31690>,86,3,[10  2],124,386,389,262,366
1,<environment.Job instance at 0x15214901f4b0>,89,1,[2 9],127,382,383,255,366
1,<environment.Job instance at 0x152148bfe6e0>,92,18,[ 2 10],131,389,407,258,379
1,<environment.Job instance at 0x152163f3a5f0>,98,18,[7 1],143,407,425,264,397
1,<environment.Job instance at 0x152163df5af0>,103,1,[1 5],149,408,409,259,408
1,<environment.Job instance at 0x1521492fa0f0>,114,3,[2 5],164,409,412,245,409
1,<environment.Job instance at 0x1521492fa960>,118,1,[1 5],169,412,413,243,410
1,<environment.Job instance at 0x1521492faf00>,119,3,[2 6],170,413,416,243,410
1,<environment.Job instance at 0x1521492fa820>,122,1,[10  1],173,425,426,252,411
1,<environment.Job instance at 0x152148da6780>,124,24,[ 2 10],177,426,450,249,421
1,<environment.Job instance at 0x152169a1a0a0>,127,2,[1 7],180,450,452,270,439
1,<environment.Job instance at 0x152148d1daa0>,128,15,[1 9],181,452,467,271,439
1,<environment.Job instance at 0x152148d1dc80>,130,2,[1 9],185,467,469,282,440
1,<environment.Job instance at 0x152148c02a00>,132,17,[ 1 10],187,469,486,282,457
1,<environment.Job instance at 0x152148c028c0>,133,23,[1 9],188,486,509,298,480
1,<environment.Job instance at 0x152148c02fa0>,137,1,[6 2],192,509,510,317,481
