iteration,job object,job ID,job Length,job ressource requirement,job enter time,job start time,job finish time,job waiting time,current time
1,<environment.Job instance at 0x145e0715ccd0>,3,1,[6 2],4,4,5,0,4
1,<environment.Job instance at 0x145dfdb978c0>,4,2,[7 2],5,6,8,1,6
1,<environment.Job instance at 0x145dfeeb9690>,6,18,[8 1],7,8,26,1,7
1,<environment.Job instance at 0x145e0715cfa0>,2,1,[2 5],3,15,16,12,11
1,<environment.Job instance at 0x145dfdc01230>,3,3,[1 8],4,8,11,4,8
1,<environment.Job instance at 0x145dfd6ca280>,5,2,[ 1 10],8,11,13,3,9
1,<environment.Job instance at 0x145dfdc01d20>,2,2,[10  1],5,6,8,1,6
1,<environment.Job instance at 0x145dfdbb72d0>,5,3,[6 1],9,9,12,0,9
1,<environment.Job instance at 0x145df42270f0>,0,2,[8 1],1,1,3,0,1
1,<environment.Job instance at 0x145dfc27a550>,2,2,[2 8],4,5,7,1,5
1,<environment.Job instance at 0x145dff5dffa0>,5,2,[2 7],7,10,12,3,10
1,<environment.Job instance at 0x145db7f64870>,2,1,[2 7],3,4,5,1,4
1,<environment.Job instance at 0x145df4227be0>,4,2,[1 8],5,5,7,0,5
1,<environment.Job instance at 0x145db7eab870>,1,3,[1 5],2,4,7,2,4
1,<environment.Job instance at 0x145dff3ea0a0>,0,2,[1 7],2,2,4,0,2
1,<environment.Job instance at 0x145db7d33190>,1,3,[6 1],3,4,7,1,4
1,<environment.Job instance at 0x145db7d335f0>,2,2,[2 5],5,5,7,0,5
1,<environment.Job instance at 0x145df44e3280>,0,15,[2 9],2,2,17,0,2
1,<environment.Job instance at 0x145dff3ea460>,1,1,[1 9],5,17,18,12,5
1,<environment.Job instance at 0x145e0028fdc0>,2,17,[8 1],6,6,23,0,6
1,<environment.Job instance at 0x145e0028f410>,2,3,[1 9],3,4,7,1,4
1,<environment.Job instance at 0x145db7e80730>,4,3,[1 9],5,7,10,2,6
1,<environment.Job instance at 0x145df4552370>,6,2,[ 2 10],7,10,12,3,9
1,<environment.Job instance at 0x145dfff41550>,1,2,[6 2],3,5,7,2,5
1,<environment.Job instance at 0x145dfff412d0>,4,2,[2 5],8,10,12,2,10
1,<environment.Job instance at 0x145db7d93780>,1,14,[7 1],2,3,17,1,3
1,<environment.Job instance at 0x145db7d93870>,0,3,[7 2],1,17,20,16,3
1,<environment.Job instance at 0x145db7d93c30>,4,1,[10  1],7,20,21,13,13
1,<environment.Job instance at 0x145db7d611e0>,2,1,[1 5],3,5,6,2,5
1,<environment.Job instance at 0x145df46deb40>,5,1,[2 5],8,14,15,6,14
1,<environment.Job instance at 0x145df46a5550>,0,1,[5 1],1,2,3,1,2
1,<environment.Job instance at 0x145df46a54b0>,1,3,[2 8],2,5,8,3,5
1,<environment.Job instance at 0x145df4751370>,4,13,[ 1 10],6,9,22,3,9
1,<environment.Job instance at 0x145df4751190>,5,16,[8 1],7,22,38,15,14
1,<environment.Job instance at 0x145df40a3190>,3,1,[8 2],4,5,6,1,5
1,<environment.Job instance at 0x145dfdb6c6e0>,1,1,[ 2 10],2,16,17,14,16
1,<environment.Job instance at 0x145df4238cd0>,1,3,[ 2 10],2,5,8,3,5
1,<environment.Job instance at 0x145df42383c0>,2,3,[2 5],3,8,11,5,5
1,<environment.Job instance at 0x145df4238190>,6,18,[2 6],8,11,29,3,8
1,<environment.Job instance at 0x145dfdb6c6e0>,4,3,[5 2],6,10,13,4,10
1,<environment.Job instance at 0x145e05021f50>,0,3,[1 7],1,3,6,2,3
1,<environment.Job instance at 0x145e05021960>,3,3,[1 9],4,6,9,2,4
1,<environment.Job instance at 0x145e00b02960>,0,3,[5 1],3,5,8,2,5
1,<environment.Job instance at 0x145dfde5ff50>,1,15,[1 7],5,6,21,1,6
1,<environment.Job instance at 0x145df4062a00>,2,15,[2 7],3,3,18,0,3
1,<environment.Job instance at 0x145e05027460>,3,2,[ 2 10],4,18,20,14,5
1,<environment.Job instance at 0x145df4062b40>,0,2,[ 2 10],1,20,22,19,6
1,<environment.Job instance at 0x145e05027320>,5,17,[ 2 10],6,22,39,16,17
1,<environment.Job instance at 0x146af6081a50>,0,12,[2 5],1,1,13,0,1
1,<environment.Job instance at 0x146aecaf38c0>,4,2,[7 2],5,5,7,0,5
1,<environment.Job instance at 0x146aecd865a0>,7,1,[2 6],8,13,14,5,8
1,<environment.Job instance at 0x146aecb416e0>,6,18,[8 1],7,12,30,5,12
1,<environment.Job instance at 0x146af4e9fd70>,11,3,[1 8],13,14,17,1,14
1,<environment.Job instance at 0x146aeca08be0>,12,3,[1 8],14,17,20,3,14
1,<environment.Job instance at 0x146aecd57be0>,10,13,[2 8],12,20,33,8,18
1,<environment.Job instance at 0x146aecb2a820>,6,1,[2 7],10,12,13,2,12
1,<environment.Job instance at 0x146aecb2ad70>,9,2,[2 8],14,14,16,0,14
1,<environment.Job instance at 0x146aecb2a4b0>,5,3,[6 1],9,17,20,8,17
1,<environment.Job instance at 0x146aecb2a230>,12,2,[2 7],17,17,19,0,17
1,<environment.Job instance at 0x146aecb2a780>,11,2,[2 7],16,19,21,3,17
1,<environment.Job instance at 0x146aecb392d0>,2,1,[2 7],3,3,4,0,3
1,<environment.Job instance at 0x146aecb391e0>,0,3,[9 2],1,4,7,3,3
1,<environment.Job instance at 0x146aaf10f5a0>,7,1,[8 1],11,11,12,0,11
1,<environment.Job instance at 0x146aaf183dc0>,4,2,[1 8],5,13,15,8,13
1,<environment.Job instance at 0x146aecb39e60>,1,1,[1 6],3,3,4,0,3
1,<environment.Job instance at 0x146aaf10f870>,2,1,[2 9],5,5,6,0,5
1,<environment.Job instance at 0x146aaf6400f0>,3,16,[8 2],6,8,24,2,8
1,<environment.Job instance at 0x146aaf640d20>,5,2,[8 2],9,24,26,15,9
1,<environment.Job instance at 0x146aaf6400a0>,6,2,[1 7],12,16,18,4,16
1,<environment.Job instance at 0x146aecd83a50>,0,15,[2 9],2,2,17,0,2
1,<environment.Job instance at 0x146aaed68460>,4,3,[9 2],8,17,20,9,8
1,<environment.Job instance at 0x146aaed68c80>,3,3,[1 5],7,17,20,10,9
1,<environment.Job instance at 0x146aaed5d870>,7,3,[2 9],12,20,23,8,12
1,<environment.Job instance at 0x146aaed5d370>,11,1,[2 5],16,23,24,7,16
1,<environment.Job instance at 0x146aaed5da00>,6,12,[9 1],11,24,36,13,16
1,<environment.Job instance at 0x146ae8100a50>,0,13,[7 2],2,2,15,0,2
1,<environment.Job instance at 0x146aaed5d0f0>,3,1,[1 6],7,7,8,0,7
1,<environment.Job instance at 0x146aaee0d550>,5,2,[ 1 10],9,15,17,6,10
1,<environment.Job instance at 0x146aaee0df00>,6,3,[2 9],10,17,20,7,11
1,<environment.Job instance at 0x146aaee8a230>,9,3,[ 2 10],14,20,23,6,14
1,<environment.Job instance at 0x146aaee8a8c0>,10,12,[2 8],15,23,35,8,15
1,<environment.Job instance at 0x146aaee8a910>,12,2,[ 1 10],18,35,37,17,18
1,<environment.Job instance at 0x146aee2c1730>,0,2,[1 8],1,5,7,4,5
1,<environment.Job instance at 0x146aaee0d5a0>,5,1,[2 5],8,8,9,0,8
1,<environment.Job instance at 0x146aaef4ee10>,8,1,[5 1],11,12,13,1,12
1,<environment.Job instance at 0x146aaef4e870>,11,15,[10  2],15,15,30,0,15
1,<environment.Job instance at 0x146af3639af0>,13,16,[8 1],17,30,46,13,18
1,<environment.Job instance at 0x146af3639d70>,14,17,[1 9],19,30,47,11,21
1,<environment.Job instance at 0x146aaec98190>,0,1,[2 8],1,2,3,1,2
1,<environment.Job instance at 0x146aaf2eab90>,4,15,[5 1],5,5,20,0,5
1,<environment.Job instance at 0x146aaf2eaa50>,3,1,[8 2],4,20,21,16,11
1,<environment.Job instance at 0x146ae81233c0>,13,18,[2 6],18,18,36,0,18
1,<environment.Job instance at 0x146aaf366dc0>,0,3,[9 1],3,3,6,0,3
1,<environment.Job instance at 0x146aaf5712d0>,2,1,[1 8],6,9,10,3,9
1,<environment.Job instance at 0x146aaeed05f0>,6,3,[1 7],11,20,23,9,20
1,<environment.Job instance at 0x146aaeed0460>,8,27,[1 8],13,27,54,14,27
1,<environment.Job instance at 0x146aaeed06e0>,9,3,[1 9],14,54,57,40,31
1,<environment.Job instance at 0x146aaeed0820>,10,2,[7 2],15,33,35,18,33
1,<environment.Job instance at 0x146aaeed05a0>,11,12,[6 1],16,38,50,22,38
1,<environment.Job instance at 0x146aaf3663c0>,3,15,[1 6],7,82,97,75,82
1,<environment.Job instance at 0x146aaeed04b0>,5,2,[1 8],9,97,99,88,94
1,<environment.Job instance at 0x146aaf345d20>,1,15,[1 7],5,5,20,0,5
1,<environment.Job instance at 0x146aaeeea7d0>,2,3,[ 2 10],6,20,23,14,8
1,<environment.Job instance at 0x146aaf1c1460>,7,2,[ 2 10],14,23,25,9,16
1,<environment.Job instance at 0x146aaeeea6e0>,10,19,[ 1 10],18,25,44,7,19
1,<environment.Job instance at 0x146af4e9ecd0>,6,15,[2 7],13,44,59,31,31
1,<environment.Job instance at 0x146aee561a00>,0,2,[ 1 10],1,2,4,1,2
1,<environment.Job instance at 0x146aeef07c30>,2,1,[1 7],3,4,5,1,4
1,<environment.Job instance at 0x146aee561460>,3,1,[2 9],4,5,6,1,4
1,<environment.Job instance at 0x146aeef07370>,5,3,[ 2 10],7,7,10,0,7
1,<environment.Job instance at 0x146aeef07b90>,6,14,[10  1],9,10,24,1,10
1,<environment.Job instance at 0x146af16b1370>,10,2,[2 5],13,24,26,11,13
1,<environment.Job instance at 0x146af16b1500>,7,12,[7 1],10,24,36,14,13
1,<environment.Job instance at 0x146af16b1b40>,13,3,[ 2 10],17,36,39,19,18
1,<environment.Job instance at 0x146af16b1190>,12,2,[10  1],15,39,41,24,23
1,<environment.Job instance at 0x146aef154a00>,0,17,[1 6],1,2,19,1,2
1,<environment.Job instance at 0x146aef154640>,2,1,[2 6],3,19,20,16,6
1,<environment.Job instance at 0x146aef154d70>,3,16,[9 1],6,20,36,14,8
1,<environment.Job instance at 0x146aee3c67d0>,5,1,[9 1],11,11,12,0,11
1,<environment.Job instance at 0x146aee3c64b0>,6,12,[1 5],12,20,32,8,13
1,<environment.Job instance at 0x146aee3c63c0>,9,2,[8 1],16,36,38,20,26
1,<environment.Job instance at 0x146aaedb46e0>,2,1,[2 6],6,9,10,3,9
1,<environment.Job instance at 0x146aee3c6140>,3,2,[1 6],7,10,12,3,9
1,<environment.Job instance at 0x146aaf228e10>,4,18,[7 2],9,9,27,0,9
1,<environment.Job instance at 0x146aaf228e60>,5,1,[2 8],12,13,14,1,13
1,<environment.Job instance at 0x146aaf2101e0>,7,2,[7 2],17,27,29,10,19
1,<environment.Job instance at 0x146aaf210370>,9,14,[2 8],19,31,45,12,31
1,<environment.Job instance at 0x146aaf210c30>,0,3,[8 1],2,4,7,2,4
1,<environment.Job instance at 0x146aaf210c80>,1,1,[7 2],3,17,18,14,17
1,<environment.Job instance at 0x146aaed48460>,5,15,[2 8],8,36,51,28,36
1,<environment.Job instance at 0x146aeedc9500>,0,1,[2 8],1,4,5,3,4
1,<environment.Job instance at 0x146aaf210a00>,1,1,[7 1],2,7,8,5,7
1,<environment.Job instance at 0x146aaf152640>,6,1,[5 2],8,8,9,0,8
1,<environment.Job instance at 0x146aaf152190>,9,2,[5 2],12,14,16,2,14
1,<environment.Job instance at 0x146aeef01640>,12,1,[1 6],17,19,20,2,19
1,<environment.Job instance at 0x146aaee64690>,14,2,[10  1],19,20,22,1,19
1,<environment.Job instance at 0x146aaee64690>,2,3,[1 8],5,10,13,5,10
1,<environment.Job instance at 0x146aaf2954b0>,4,2,[7 2],9,11,13,2,11
1,<environment.Job instance at 0x146aaf295870>,6,14,[8 2],12,13,27,1,12
1,<environment.Job instance at 0x146aaf2959b0>,7,2,[2 5],14,17,19,3,17
1,<environment.Job instance at 0x146aaee8a1e0>,0,13,[5 2],1,2,15,1,2
1,<environment.Job instance at 0x146af35e2cd0>,2,1,[6 1],3,15,16,12,5
1,<environment.Job instance at 0x146aaee8a9b0>,1,3,[1 9],2,15,18,13,10
1,<environment.Job instance at 0x146af35d0d20>,8,3,[1 9],14,18,21,4,16
1,<environment.Job instance at 0x146af35d0cd0>,9,3,[1 8],18,21,24,3,18
1,<environment.Job instance at 0x146aaec2f5f0>,1,2,[9 2],2,2,4,0,2
1,<environment.Job instance at 0x146aaf674e10>,0,2,[2 7],1,4,6,3,4
1,<environment.Job instance at 0x146aee466d70>,5,18,[5 2],7,9,27,2,9
1,<environment.Job instance at 0x146aee4f9050>,12,17,[10  1],18,27,44,9,21
1,<environment.Job instance at 0x146aeee54aa0>,4,2,[1 9],11,12,14,1,12
1,<environment.Job instance at 0x146aaf366a00>,3,2,[8 1],8,13,15,5,13
1,<environment.Job instance at 0x146af3643d20>,7,3,[1 8],14,14,17,0,14
1,<environment.Job instance at 0x146af3643e60>,8,1,[9 2],15,16,17,1,16
1,<environment.Job instance at 0x146af3628190>,10,2,[1 6],18,42,44,24,42
1,<environment.Job instance at 0x146af3628a50>,0,1,[7 2],1,2,3,1,2
1,<environment.Job instance at 0x146aee3047d0>,4,3,[2 7],6,7,10,1,7
1,<environment.Job instance at 0x146af3628960>,1,3,[9 1],2,14,17,12,14
1,<environment.Job instance at 0x1532ead0ed70>,3,1,[6 2],4,5,6,1,5
1,<environment.Job instance at 0x1532f2b341e0>,5,3,[9 2],6,6,9,0,6
1,<environment.Job instance at 0x1532e964ed20>,8,13,[6 1],9,9,22,0,9
1,<environment.Job instance at 0x1532e9514a00>,11,3,[1 8],13,14,17,1,14
1,<environment.Job instance at 0x1532e9622230>,13,2,[8 1],17,22,24,5,17
1,<environment.Job instance at 0x1532e9515be0>,14,2,[ 1 10],18,24,26,6,18
1,<environment.Job instance at 0x1532e95455a0>,15,1,[ 1 10],20,26,27,6,20
1,<environment.Job instance at 0x1532ea8f3190>,4,2,[7 2],5,27,29,22,22
1,<environment.Job instance at 0x1532e9869730>,10,13,[2 8],12,27,40,15,24
1,<environment.Job instance at 0x1532e95412d0>,18,2,[10  1],25,40,42,15,26
1,<environment.Job instance at 0x1532e953d820>,19,3,[6 2],26,29,32,3,27
1,<environment.Job instance at 0x1532e986fb90>,0,2,[8 1],1,2,4,1,2
1,<environment.Job instance at 0x1532e95660a0>,1,12,[ 1 10],2,4,16,2,2
1,<environment.Job instance at 0x1532e986faa0>,5,2,[2 7],7,16,18,9,9
1,<environment.Job instance at 0x1532e986f730>,4,2,[2 7],6,18,20,12,10
1,<environment.Job instance at 0x1532e986fdc0>,8,3,[9 2],11,20,23,9,12
1,<environment.Job instance at 0x1532e986f550>,9,3,[2 9],12,23,26,11,12
1,<environment.Job instance at 0x1532e958b140>,12,2,[1 8],15,26,28,11,25
1,<environment.Job instance at 0x1532e958b190>,16,3,[1 5],22,33,36,11,33
1,<environment.Job instance at 0x1532e958beb0>,17,3,[1 6],23,39,42,16,39
1,<environment.Job instance at 0x1532e986fa00>,7,15,[2 9],10,53,68,43,53
1,<environment.Job instance at 0x1532e958b4b0>,14,2,[ 1 10],20,78,80,58,78
1,<environment.Job instance at 0x1532e958e780>,1,1,[1 6],3,3,4,0,3
1,<environment.Job instance at 0x1532c3bdf550>,6,2,[1 7],12,12,14,0,12
1,<environment.Job instance at 0x1532e962bf00>,3,16,[8 2],6,15,31,9,15
1,<environment.Job instance at 0x1532c3b88280>,12,15,[2 9],22,31,46,9,24
1,<environment.Job instance at 0x1532c3bcd730>,13,1,[1 9],25,46,47,21,26
1,<environment.Job instance at 0x1532e03bd8c0>,9,2,[6 2],13,13,15,0,13
1,<environment.Job instance at 0x1532c3bdf1e0>,10,3,[6 2],16,18,21,2,18
1,<environment.Job instance at 0x1532e8039140>,11,1,[1 6],17,18,19,1,18
1,<environment.Job instance at 0x1532e8039690>,13,2,[ 1 10],19,21,23,2,19
1,<environment.Job instance at 0x1532e03d70f0>,17,3,[ 2 10],24,24,27,0,24
1,<environment.Job instance at 0x1532e9576aa0>,18,12,[2 8],25,27,39,2,25
1,<environment.Job instance at 0x1532e8039460>,12,2,[2 5],18,39,41,21,29
1,<environment.Job instance at 0x1532c3967690>,2,1,[1 5],3,4,5,1,4
1,<environment.Job instance at 0x1532c3917690>,6,15,[7 1],9,9,24,0,9
1,<environment.Job instance at 0x1532c38d6d20>,15,13,[2 9],20,39,52,19,39
1,<environment.Job instance at 0x1532c39170f0>,1,3,[ 2 10],2,3,6,1,3
1,<environment.Job instance at 0x1532c37cbc30>,3,1,[8 1],4,10,11,6,10
1,<environment.Job instance at 0x1532e95c7c80>,9,3,[9 1],13,16,19,3,16
1,<environment.Job instance at 0x1532e95c7f00>,13,3,[7 2],18,31,34,13,31
1,<environment.Job instance at 0x1532c3b031e0>,18,3,[1 9],24,52,55,28,52
1,<environment.Job instance at 0x1532c3b035a0>,19,2,[7 2],25,55,57,30,53
1,<environment.Job instance at 0x1532c38f49b0>,0,3,[5 1],3,4,7,1,4
1,<environment.Job instance at 0x1532c3a310a0>,4,2,[ 2 10],11,11,13,0,11
1,<environment.Job instance at 0x1532c3a31140>,8,2,[2 9],15,15,17,0,15
1,<environment.Job instance at 0x1532c3a316e0>,9,17,[ 2 10],16,17,34,1,16
1,<environment.Job instance at 0x1532c3a31870>,12,3,[5 2],20,34,37,14,21
1,<environment.Job instance at 0x1532ebcd5c80>,14,13,[ 2 10],22,37,50,15,24
1,<environment.Job instance at 0x1532ebcd50f0>,13,2,[ 1 10],21,50,52,29,37
1,<environment.Job instance at 0x1532ebcd5af0>,19,14,[10  1],29,52,66,23,37
1,<environment.Job instance at 0x1532ebcd5dc0>,2,2,[2 5],3,3,5,0,3
1,<environment.Job instance at 0x1532eb8b9f50>,1,3,[8 1],2,7,10,5,7
1,<environment.Job instance at 0x1532e803ff50>,3,3,[6 1],4,10,13,6,7
1,<environment.Job instance at 0x1532e803f960>,5,3,[ 2 10],7,13,16,6,7
1,<environment.Job instance at 0x1532ebc48230>,9,17,[7 1],12,16,33,4,12
1,<environment.Job instance at 0x1532e0088f00>,13,1,[9 1],21,33,34,12,24
1,<environment.Job instance at 0x1532e00880a0>,16,1,[9 1],25,34,35,9,27
1,<environment.Job instance at 0x1532e0088550>,18,1,[ 1 10],27,35,36,8,29
1,<environment.Job instance at 0x1532c3d9df00>,0,2,[10  2],1,5,7,4,5
1,<environment.Job instance at 0x1532c3d9d870>,3,2,[1 6],7,7,9,0,7
1,<environment.Job instance at 0x1532e02ff8c0>,8,2,[2 5],18,22,24,4,22
1,<environment.Job instance at 0x1532e0300f50>,2,1,[1 5],3,5,6,2,5
1,<environment.Job instance at 0x1532e02f4050>,4,3,[ 2 10],5,6,9,1,5
1,<environment.Job instance at 0x1532c3c609b0>,1,2,[6 2],2,10,12,8,10
1,<environment.Job instance at 0x1532e90e7c30>,6,3,[1 5],9,10,13,1,10
1,<environment.Job instance at 0x1532f0afae10>,9,1,[7 1],12,50,51,38,50
1,<environment.Job instance at 0x1532ea8bf140>,12,3,[1 7],16,257,260,241,257
1,<environment.Job instance at 0x1532ea8bf910>,15,1,[1 8],19,261,262,242,261
1,<environment.Job instance at 0x1532ebd027d0>,16,3,[1 7],20,341,344,321,341
1,<environment.Job instance at 0x1532ebd06be0>,8,1,[2 8],11,369,370,358,369
1,<environment.Job instance at 0x1532ead10640>,19,2,[5 2],25,477,479,452,477
1,<environment.Job instance at 0x1532ead10fa0>,21,12,[7 1],28,533,545,505,533
1,<environment.Job instance at 0x1532c3824870>,3,12,[7 2],7,11,23,4,11
1,<environment.Job instance at 0x1532f0a8d4b0>,5,3,[ 2 10],11,23,26,12,13
1,<environment.Job instance at 0x1532f0a8dd20>,6,14,[8 2],12,26,40,14,13
1,<environment.Job instance at 0x1532f0a8d960>,8,1,[ 2 10],15,40,41,25,15
1,<environment.Job instance at 0x1532f0a8df00>,7,2,[2 5],14,16,18,2,16
1,<environment.Job instance at 0x1532f1ff8320>,10,2,[ 1 10],17,41,43,24,18
1,<environment.Job instance at 0x1532c3f28050>,17,3,[1 7],29,29,32,0,29
1,<environment.Job instance at 0x1532f00fa5f0>,1,20,[8 2],2,4,24,2,4
1,<environment.Job instance at 0x1532f00fa0a0>,3,3,[1 9],4,24,27,20,4
1,<environment.Job instance at 0x1532f09c4050>,2,2,[10  1],3,27,29,24,5
1,<environment.Job instance at 0x1532f09c45f0>,11,1,[1 8],18,21,22,3,21
1,<environment.Job instance at 0x1532eadb1af0>,13,12,[2 9],23,29,41,6,23
1,<environment.Job instance at 0x1532f09c4f00>,8,16,[7 2],14,41,57,27,31
1,<environment.Job instance at 0x1532eadb18c0>,12,13,[1 7],20,41,54,21,32
1,<environment.Job instance at 0x1532c38a4410>,4,2,[1 9],11,11,13,0,11
1,<environment.Job instance at 0x1532c38a41e0>,3,2,[8 1],8,13,15,5,13
1,<environment.Job instance at 0x1532e959a640>,10,2,[1 6],18,20,22,2,20
1,<environment.Job instance at 0x1532e959a780>,12,1,[7 2],21,22,23,1,22
1,<environment.Job instance at 0x1532e959ad70>,17,14,[7 2],27,45,59,18,45
1,<environment.Job instance at 0x1532e959af00>,18,2,[ 1 10],29,59,61,30,52
1,<environment.Job instance at 0x1532e959a370>,9,18,[ 1 10],16,61,79,45,61
1,<environment.Job instance at 0x1532e95c0140>,0,2,[2 9],1,7,9,6,7
1,<environment.Job instance at 0x1532e95c00a0>,2,18,[6 2],6,9,27,3,8
1,<environment.Job instance at 0x1532e010ff00>,4,3,[5 1],10,27,30,17,11
1,<environment.Job instance at 0x1532e95c0230>,1,3,[9 1],4,30,33,26,14
1,<environment.Job instance at 0x1532e010f5f0>,7,1,[2 7],14,16,17,2,16
1,<environment.Job instance at 0x1532e010fe10>,10,3,[9 2],18,33,36,15,19
1,<environment.Job instance at 0x1532f2006fa0>,2,2,[2 9],5,5,7,0,5
1,<environment.Job instance at 0x1532c3914550>,0,3,[6 1],3,7,10,4,7
1,<environment.Job instance at 0x1532f2006230>,3,2,[2 5],6,8,10,2,8
1,<environment.Job instance at 0x1532ead75140>,6,3,[8 1],9,10,13,1,9
1,<environment.Job instance at 0x1532e80fd2d0>,4,16,[2 9],7,10,26,3,9
1,<environment.Job instance at 0x1532f0131aa0>,10,15,[2 8],18,26,41,8,26
1,<environment.Job instance at 0x1532ead4d320>,16,3,[2 9],27,41,44,14,28
1,<environment.Job instance at 0x1532ead4d140>,17,1,[5 1],29,29,30,0,29
1,<environment.Job instance at 0x1532ea8d1d70>,13,1,[2 6],23,51,52,28,51
1,<environment.Job instance at 0x1532ead75730>,11,16,[2 8],19,52,68,33,51
1,<environment.Job instance at 0x1532e0194cd0>,0,2,[1 9],1,1,3,0,1
1,<environment.Job instance at 0x1532ead75730>,2,1,[1 8],5,5,6,0,5
1,<environment.Job instance at 0x1532c3d482d0>,1,3,[2 8],2,7,10,5,7
1,<environment.Job instance at 0x1532e0194050>,3,16,[2 6],6,10,26,4,7
1,<environment.Job instance at 0x1532c3980870>,12,2,[1 5],18,26,28,8,24
1,<environment.Job instance at 0x1532c3980fa0>,19,3,[10  2],27,29,32,2,29
1,<environment.Job instance at 0x1532c3980fa0>,5,2,[ 1 10],6,6,8,0,6
1,<environment.Job instance at 0x1532f2a1d0a0>,13,3,[5 2],16,16,19,0,16
1,<environment.Job instance at 0x1532e807a690>,14,1,[6 2],18,19,20,1,18
1,<environment.Job instance at 0x1532e807a550>,15,2,[2 8],19,19,21,0,19
1,<environment.Job instance at 0x1532e807a9b0>,18,27,[ 2 10],23,23,50,0,23
1,<environment.Job instance at 0x1532e807a6e0>,22,1,[2 5],28,50,51,22,28
1,<environment.Job instance at 0x1532f2a1daf0>,9,3,[6 1],10,50,53,40,42
1,<environment.Job instance at 0x1532e986f8c0>,2,2,[5 2],3,9,11,6,9
1,<environment.Job instance at 0x1532c3808050>,10,19,[2 9],16,17,36,1,17
1,<environment.Job instance at 0x1532eadae1e0>,14,2,[1 5],20,36,38,16,22
1,<environment.Job instance at 0x1532f19bf8c0>,0,1,[2 6],1,1,2,0,1
1,<environment.Job instance at 0x1532e0090cd0>,1,3,[1 7],3,4,7,1,4
1,<environment.Job instance at 0x1532eba14500>,3,14,[1 6],5,7,21,2,7
1,<environment.Job instance at 0x1532ec557eb0>,4,17,[9 1],6,14,31,8,14
1,<environment.Job instance at 0x1532c37e0b40>,13,16,[ 2 10],15,31,47,16,18
1,<environment.Job instance at 0x1532c37e0870>,14,2,[1 6],17,21,23,4,18
1,<environment.Job instance at 0x1532c37e0eb0>,20,1,[2 5],24,47,48,23,30
1,<environment.Job instance at 0x1532c37e0f50>,21,14,[2 8],25,48,62,23,33
1,<environment.Job instance at 0x1532c37e20a0>,22,2,[7 1],26,47,49,21,36
1,<environment.Job instance at 0x1532c37e0cd0>,16,2,[7 2],20,49,51,29,40
1,<environment.Job instance at 0x1532c37e0c80>,17,13,[5 1],21,56,69,35,56
1,<environment.Job instance at 0x1532c37d3af0>,1,3,[7 1],6,7,10,1,7
1,<environment.Job instance at 0x1532c3afc1e0>,4,16,[10  1],9,10,26,1,9
1,<environment.Job instance at 0x1532c3afc910>,5,3,[2 9],10,26,29,16,14
1,<environment.Job instance at 0x1532c3d49be0>,14,2,[5 1],27,27,29,0,27
1,<environment.Job instance at 0x1532c3d499b0>,12,18,[2 6],24,31,49,7,31
1,<environment.Job instance at 0x152eff097a00>,1,3,[1 9],2,2,5,0,2
1,<environment.Job instance at 0x152eff097af0>,2,1,[2 5],3,5,6,2,3
1,<environment.Job instance at 0x152eff036230>,3,1,[6 2],4,5,6,1,4
1,<environment.Job instance at 0x152ef5d9c050>,5,3,[9 2],6,10,13,4,10
1,<environment.Job instance at 0x152ef5b57870>,8,13,[6 1],9,13,26,4,10
1,<environment.Job instance at 0x152ef5b59d70>,9,2,[6 1],11,26,28,15,12
1,<environment.Job instance at 0x152ef6e03960>,14,2,[ 1 10],18,28,30,10,20
1,<environment.Job instance at 0x152ef5a1d730>,16,1,[2 5],21,21,22,0,21
1,<environment.Job instance at 0x152ef5a4a640>,19,3,[6 2],26,30,33,4,26
1,<environment.Job instance at 0x152ef5a4a8c0>,17,17,[6 1],23,33,50,10,26
1,<environment.Job instance at 0x152ef5a4e4b0>,22,1,[2 7],30,31,32,1,31
1,<environment.Job instance at 0x152ef55dbf00>,23,2,[8 1],31,50,52,19,32
1,<environment.Job instance at 0x152ef55dbfa0>,25,2,[2 8],34,34,36,0,34
1,<environment.Job instance at 0x152ef55dc460>,28,2,[2 7],37,39,41,2,39
1,<environment.Job instance at 0x152ef55db0a0>,24,12,[ 1 10],32,56,68,24,56
1,<environment.Job instance at 0x152ef6dfca00>,1,3,[2 9],2,3,6,1,3
1,<environment.Job instance at 0x152ef6dfc910>,0,3,[9 2],1,6,9,5,3
1,<environment.Job instance at 0x152ef6dfcaa0>,2,1,[2 7],3,9,10,6,5
1,<environment.Job instance at 0x152ef55db8c0>,4,2,[1 8],5,6,8,1,6
1,<environment.Job instance at 0x152ef6dfc230>,7,1,[8 1],11,11,12,0,11
1,<environment.Job instance at 0x152ef5d6d5a0>,8,3,[1 5],12,18,21,6,18
1,<environment.Job instance at 0x152ef5d6ddc0>,13,3,[1 8],18,21,24,3,20
1,<environment.Job instance at 0x152ef5d6d230>,14,3,[2 8],20,24,27,4,24
1,<environment.Job instance at 0x152ef5d6d1e0>,17,1,[2 9],25,40,41,15,40
1,<environment.Job instance at 0x152ef5d6acd0>,21,2,[1 7],32,45,47,13,45
1,<environment.Job instance at 0x152ef5d6a7d0>,23,2,[2 5],35,50,52,15,50
1,<environment.Job instance at 0x152ef5d6a460>,25,1,[10  2],39,55,56,16,55
1,<environment.Job instance at 0x152ef5d6a640>,24,16,[2 5],36,75,91,39,75
1,<environment.Job instance at 0x152ef5d6d7d0>,2,17,[8 1],6,6,23,0,6
1,<environment.Job instance at 0x152eec055d20>,7,3,[2 9],12,12,15,0,12
1,<environment.Job instance at 0x152eec058730>,13,3,[2 9],19,19,22,0,19
1,<environment.Job instance at 0x152eec0580a0>,8,3,[1 9],13,22,25,9,20
1,<environment.Job instance at 0x152eec0589b0>,14,13,[7 2],22,25,38,3,22
1,<environment.Job instance at 0x152eec058aa0>,15,2,[6 2],23,38,40,15,26
1,<environment.Job instance at 0x152eec058af0>,18,2,[2 5],28,28,30,0,28
1,<environment.Job instance at 0x152eec058be0>,19,2,[ 1 10],29,40,42,11,29
1,<environment.Job instance at 0x152eec058e60>,20,3,[2 9],30,42,45,12,34
1,<environment.Job instance at 0x152eec058cd0>,21,3,[7 2],31,45,48,14,34
1,<environment.Job instance at 0x152eec05c7d0>,3,2,[1 9],6,10,12,4,10
1,<environment.Job instance at 0x152eec790a00>,11,15,[10  2],15,15,30,0,15
1,<environment.Job instance at 0x152eec758fa0>,9,3,[2 8],12,30,33,18,16
1,<environment.Job instance at 0x152eec7b2730>,13,16,[8 1],17,30,46,13,21
1,<environment.Job instance at 0x152ef40f1fa0>,14,17,[1 9],19,37,54,18,37
1,<environment.Job instance at 0x152eec779c30>,19,1,[8 2],24,54,55,30,37
1,<environment.Job instance at 0x152ef40f1370>,15,13,[2 9],20,55,68,35,47
1,<environment.Job instance at 0x152ef40d71e0>,16,1,[2 8],21,68,69,47,59
1,<environment.Job instance at 0x152eec6baeb0>,2,1,[1 8],6,7,8,1,7
1,<environment.Job instance at 0x152eec6baa50>,4,3,[7 2],8,9,12,1,9
1,<environment.Job instance at 0x152eec6ba5f0>,9,3,[1 9],14,26,29,12,26
1,<environment.Job instance at 0x152ef40dcbe0>,11,12,[6 1],16,31,43,15,31
1,<environment.Job instance at 0x152ef40dcd20>,10,2,[7 2],15,43,45,28,43
1,<environment.Job instance at 0x152ef40dc5a0>,14,15,[1 7],25,96,111,71,96
1,<environment.Job instance at 0x152ef40dc500>,15,3,[ 2 10],26,111,114,85,99
1,<environment.Job instance at 0x152ef40dc2d0>,17,2,[ 2 10],31,114,116,83,101
1,<environment.Job instance at 0x152ef40dca50>,19,15,[2 7],33,116,131,83,111
1,<environment.Job instance at 0x152ef40dc730>,16,2,[1 9],28,131,133,103,113
1,<environment.Job instance at 0x152ef40dcb40>,21,2,[2 9],35,133,135,98,124
1,<environment.Job instance at 0x152ef40dc960>,23,19,[ 1 10],38,136,155,98,136
1,<environment.Job instance at 0x152ef40dc870>,22,17,[ 2 10],36,165,182,129,165
1,<environment.Job instance at 0x152efef26cd0>,1,13,[ 2 10],2,2,15,0,2
1,<environment.Job instance at 0x152efa6f39b0>,8,2,[8 2],11,15,17,4,12
1,<environment.Job instance at 0x152efa6f3140>,9,3,[8 1],12,17,20,5,14
1,<environment.Job instance at 0x152efa6f3fa0>,11,3,[6 1],14,20,23,6,14
1,<environment.Job instance at 0x152efa6f3500>,12,2,[10  1],15,23,25,8,19
1,<environment.Job instance at 0x152ef7e33690>,13,3,[ 2 10],17,25,28,8,21
1,<environment.Job instance at 0x152ef7e33fa0>,16,17,[1 6],21,28,45,7,21
1,<environment.Job instance at 0x152ef7e33be0>,17,17,[7 1],22,28,45,6,22
1,<environment.Job instance at 0x152ef81f1370>,20,15,[9 2],30,45,60,15,33
1,<environment.Job instance at 0x152ef81e2e60>,24,1,[9 1],35,60,61,25,35
1,<environment.Job instance at 0x152ef81f1eb0>,21,1,[9 1],31,61,62,30,36
1,<environment.Job instance at 0x152ef7e33280>,15,16,[1 6],19,45,61,26,41
1,<environment.Job instance at 0x152efa6f3370>,2,1,[2 6],6,7,8,1,7
1,<environment.Job instance at 0x152ef81eb410>,3,2,[1 6],7,15,17,8,15
1,<environment.Job instance at 0x152eabd9a4b0>,5,1,[2 8],12,17,18,5,15
1,<environment.Job instance at 0x152eabd9a870>,6,18,[10  1],16,18,36,2,16
1,<environment.Job instance at 0x152eabd9aaa0>,10,3,[8 1],22,36,39,14,22
1,<environment.Job instance at 0x152eabd9a960>,9,14,[2 8],19,36,50,17,23
1,<environment.Job instance at 0x152eabd927d0>,23,3,[1 5],39,98,101,59,98
1,<environment.Job instance at 0x152eabd8b780>,1,1,[7 1],2,6,7,4,6
1,<environment.Job instance at 0x152eabe637d0>,4,3,[1 7],6,6,9,0,6
1,<environment.Job instance at 0x152eabd924b0>,2,18,[5 2],3,12,30,9,12
1,<environment.Job instance at 0x152eabe63a00>,11,2,[5 2],15,15,17,0,15
1,<environment.Job instance at 0x152eabe638c0>,12,1,[1 6],17,21,22,4,21
1,<environment.Job instance at 0x152eabe63fa0>,13,12,[7 1],18,30,42,12,25
1,<environment.Job instance at 0x152efd020fa0>,21,3,[ 2 10],31,42,45,11,34
1,<environment.Job instance at 0x152efd020c30>,23,2,[2 5],34,35,37,1,35
1,<environment.Job instance at 0x152efd020a00>,25,14,[8 1],36,45,59,9,37
1,<environment.Job instance at 0x152efd0205a0>,2,1,[6 1],3,4,5,1,4
1,<environment.Job instance at 0x152ef733dfa0>,5,12,[7 1],11,11,23,0,11
1,<environment.Job instance at 0x152ef5aa2370>,9,3,[1 8],18,19,22,1,19
1,<environment.Job instance at 0x152ef5aa2d20>,13,16,[7 2],24,24,40,0,24
1,<environment.Job instance at 0x152ef5aa2af0>,14,1,[ 2 10],25,40,41,15,25
1,<environment.Job instance at 0x152ef5aa2320>,15,18,[5 2],27,41,59,14,31
1,<environment.Job instance at 0x152ef5aa23c0>,16,1,[1 8],28,31,32,3,31
1,<environment.Job instance at 0x152ef5aa2d70>,17,13,[1 7],30,56,69,26,56
1,<environment.Job instance at 0x152eff097410>,20,2,[ 2 10],35,69,71,34,56
1,<environment.Job instance at 0x152efe9558c0>,22,17,[10  1],38,71,88,33,65
1,<environment.Job instance at 0x152ef814d960>,0,1,[6 2],1,1,2,0,1
1,<environment.Job instance at 0x152ef814d370>,4,2,[1 9],11,11,13,0,11
1,<environment.Job instance at 0x152eec182550>,6,1,[1 9],13,14,15,1,14
1,<environment.Job instance at 0x152eec1829b0>,9,18,[ 1 10],16,16,34,0,16
1,<environment.Job instance at 0x152eec173c80>,16,3,[2 7],26,34,37,8,28
1,<environment.Job instance at 0x152eec173dc0>,18,2,[ 1 10],29,37,39,8,30
1,<environment.Job instance at 0x152eec173a50>,21,3,[9 1],34,39,42,5,36
1,<environment.Job instance at 0x152eec1735a0>,23,16,[1 5],38,41,57,3,41
1,<environment.Job instance at 0x152ef725d730>,1,2,[5 1],3,3,5,0,3
1,<environment.Job instance at 0x152ef725d2d0>,0,14,[1 6],2,3,17,1,3
1,<environment.Job instance at 0x152eec43cbe0>,7,2,[5 2],12,12,14,0,12
1,<environment.Job instance at 0x152ef725dfa0>,6,3,[6 2],11,14,17,3,13
1,<environment.Job instance at 0x152eec43c280>,8,3,[1 7],13,17,20,4,15
1,<environment.Job instance at 0x152eec43c820>,9,2,[9 2],15,19,21,4,19
1,<environment.Job instance at 0x152eec43c2d0>,14,3,[6 1],23,23,26,0,23
1,<environment.Job instance at 0x152eec43c0f0>,15,26,[9 1],24,26,52,2,24
1,<environment.Job instance at 0x152ef726bf50>,24,15,[2 8],38,52,67,14,38
1,<environment.Job instance at 0x152ef726b8c0>,25,16,[2 8],39,67,83,28,55
1,<environment.Job instance at 0x152eec43ce10>,0,13,[ 2 10],2,2,15,0,2
1,<environment.Job instance at 0x152ef7377eb0>,3,2,[8 1],6,15,17,9,6
1,<environment.Job instance at 0x152ef7e6f690>,11,3,[1 6],17,17,20,0,17
1,<environment.Job instance at 0x152ef7e6fc30>,12,2,[8 2],18,18,20,0,18
1,<environment.Job instance at 0x152ef7e6fd70>,13,14,[9 1],20,20,34,0,20
1,<environment.Job instance at 0x152ef7e6fc80>,15,2,[1 7],22,23,25,1,23
1,<environment.Job instance at 0x152ef7e8a370>,18,2,[1 8],26,26,28,0,26
1,<environment.Job instance at 0x152ef7e8a460>,19,2,[1 5],28,28,30,0,28
1,<environment.Job instance at 0x152ef7e8a5a0>,20,15,[10  1],29,34,49,5,29
1,<environment.Job instance at 0x152ef7e8a730>,21,1,[2 8],30,49,50,19,30
1,<environment.Job instance at 0x152ef7e6f780>,10,16,[2 6],16,81,97,65,81
1,<environment.Job instance at 0x152ef7e6feb0>,16,15,[1 5],23,97,112,74,89
1,<environment.Job instance at 0x152ef7379910>,3,3,[1 6],4,4,7,0,4
1,<environment.Job instance at 0x152eec7b8eb0>,1,1,[1 5],2,7,8,5,4
1,<environment.Job instance at 0x152ef5ae25f0>,6,17,[2 9],7,10,27,3,10
1,<environment.Job instance at 0x152ef5ae25a0>,7,15,[7 2],8,27,42,19,20
1,<environment.Job instance at 0x152eabd95320>,16,1,[6 2],21,42,43,21,21
1,<environment.Job instance at 0x152ef81f24b0>,17,1,[2 9],22,43,44,21,23
1,<environment.Job instance at 0x152eec58bb40>,19,2,[10  1],24,44,46,20,24
1,<environment.Job instance at 0x152eabf5c320>,20,2,[2 7],26,27,29,1,26
1,<environment.Job instance at 0x152ef7ecafa0>,23,2,[ 1 10],30,46,48,16,30
1,<environment.Job instance at 0x152ef81cfa50>,26,2,[5 2],33,48,50,15,33
1,<environment.Job instance at 0x152eec1e30f0>,29,1,[7 2],38,50,51,12,38
1,<environment.Job instance at 0x152efc5cdd20>,30,3,[10  2],39,51,54,12,39
1,<environment.Job instance at 0x152eabe413c0>,18,27,[ 2 10],23,59,86,36,59
1,<environment.Job instance at 0x152efef9e1e0>,0,15,[1 8],2,2,17,0,2
1,<environment.Job instance at 0x152efef9edc0>,1,3,[1 7],3,17,20,14,5
1,<environment.Job instance at 0x152efef9efa0>,2,19,[2 9],6,20,39,14,10
1,<environment.Job instance at 0x152ef73f0d20>,10,1,[1 9],15,39,40,24,18
1,<environment.Job instance at 0x152ef8128730>,6,2,[1 5],10,40,42,30,21
1,<environment.Job instance at 0x152eabd231e0>,24,2,[2 6],31,42,44,11,33
1,<environment.Job instance at 0x152eabd23aa0>,20,3,[5 1],27,33,36,6,33
1,<environment.Job instance at 0x152eabd23a00>,28,16,[ 2 10],35,44,60,9,40
1,<environment.Job instance at 0x152ef73f6fa0>,29,2,[1 6],37,60,62,23,50
1,<environment.Job instance at 0x152ef7ea2d20>,6,3,[7 1],7,7,10,0,7
1,<environment.Job instance at 0x152ef754c050>,4,14,[2 8],5,12,26,7,12
1,<environment.Job instance at 0x152ef7ea2870>,7,13,[10  1],8,26,39,18,13
1,<environment.Job instance at 0x152eec653640>,11,3,[7 1],16,16,19,0,16
1,<environment.Job instance at 0x152ef73a6690>,17,12,[7 1],24,39,51,15,25
1,<environment.Job instance at 0x152ef73a6910>,15,3,[2 9],20,39,42,19,25
1,<environment.Job instance at 0x152efa6c7320>,18,3,[10  1],27,51,54,24,28
1,<environment.Job instance at 0x152efa6c7550>,19,3,[6 1],29,54,57,25,29
1,<environment.Job instance at 0x152eec278910>,25,14,[2 5],38,54,68,16,39
1,<environment.Job instance at 0x152ef560ffa0>,3,3,[2 6],6,7,10,1,7
1,<environment.Job instance at 0x152ef40b48c0>,6,1,[1 9],12,14,15,2,14
1,<environment.Job instance at 0x152ef40b4d20>,10,26,[2 8],18,20,46,2,20
1,<environment.Job instance at 0x152ef40af730>,16,16,[2 7],31,46,62,15,35
1,<environment.Job instance at 0x152ef40af690>,18,3,[10  2],34,62,65,28,37
1,<environment.Job instance at 0x152ef414e370>,5,21,[1 8],6,7,28,1,7
1,<environment.Job instance at 0x152ef414e5f0>,8,2,[ 1 10],10,28,30,18,10
1,<environment.Job instance at 0x152ef409cd70>,13,2,[2 9],17,30,32,13,17
1,<environment.Job instance at 0x152ef409c050>,14,15,[2 8],22,32,47,10,23
1,<environment.Job instance at 0x152ef409cbe0>,17,2,[1 8],27,47,49,20,27
1,<environment.Job instance at 0x152ef409c5f0>,18,1,[10  2],28,49,50,21,28
1,<environment.Job instance at 0x152ef409c0f0>,19,3,[2 8],29,50,53,21,29
1,<environment.Job instance at 0x152ef409c500>,20,15,[2 7],30,53,68,23,39
1,<environment.Job instance at 0x152ef408f7d0>,4,27,[1 7],5,68,95,63,67
1,<environment.Job instance at 0x152eabe2b050>,23,3,[6 2],37,68,71,31,68
1,<environment.Job instance at 0x152eabe2b0a0>,24,1,[8 1],39,71,72,32,68
1,<environment.Job instance at 0x152eabe2b2d0>,21,2,[8 2],35,81,83,46,81
1,<environment.Job instance at 0x152ef41461e0>,6,17,[2 8],7,95,112,88,84
1,<environment.Job instance at 0x152eabe2b910>,2,2,[7 2],5,6,8,1,6
1,<environment.Job instance at 0x152eabe2bb90>,3,12,[7 1],6,10,22,4,10
1,<environment.Job instance at 0x152ef7411550>,6,2,[7 1],11,22,24,11,12
1,<environment.Job instance at 0x152ef7411d20>,8,3,[2 5],14,17,20,3,17
1,<environment.Job instance at 0x152ef7411780>,10,28,[5 1],16,24,52,8,24
1,<environment.Job instance at 0x152ef7411aa0>,12,18,[5 1],18,28,46,10,28
1,<environment.Job instance at 0x152eec0cb5a0>,16,17,[9 2],23,52,69,29,43
1,<environment.Job instance at 0x152eec0cbf00>,20,3,[1 5],27,51,54,24,51
1,<environment.Job instance at 0x152eec0cb190>,21,3,[2 7],28,69,72,41,68
1,<environment.Job instance at 0x152eec0cbfa0>,18,12,[2 8],25,72,84,47,72
1,<environment.Job instance at 0x152eec0cba00>,22,13,[2 5],29,84,97,55,72
1,<environment.Job instance at 0x152ef7411a50>,9,1,[8 1],15,73,74,58,73
1,<environment.Job instance at 0x152eec051910>,0,14,[1 5],1,1,15,0,1
1,<environment.Job instance at 0x152ef5611500>,1,12,[2 6],3,15,27,12,3
1,<environment.Job instance at 0x152eec051b90>,2,1,[9 1],5,6,7,1,6
1,<environment.Job instance at 0x152eec042dc0>,5,16,[8 1],10,10,26,0,10
1,<environment.Job instance at 0x152eec042fa0>,9,14,[9 2],16,27,41,11,16
1,<environment.Job instance at 0x152eec038aa0>,18,12,[1 7],27,29,41,2,29
1,<environment.Job instance at 0x152eec051eb0>,3,17,[2 8],6,41,58,35,29
1,<environment.Job instance at 0x152eec03f280>,22,3,[6 2],32,45,48,13,45
1,<environment.Job instance at 0x152eec03f320>,23,2,[6 2],33,48,50,15,45
1,<environment.Job instance at 0x152eec03f3c0>,24,17,[5 2],34,50,67,16,46
1,<environment.Job instance at 0x152eec03f500>,26,12,[ 1 10],37,67,79,30,52
1,<environment.Job instance at 0x152eec03f5a0>,27,3,[2 7],39,58,61,19,52
1,<environment.Job instance at 0x152eec038550>,14,12,[2 9],22,79,91,57,69
1,<environment.Job instance at 0x152eec038870>,16,13,[1 9],24,91,104,67,90
1,<environment.Job instance at 0x152ef818d370>,2,1,[6 2],3,5,6,2,5
1,<environment.Job instance at 0x152ef818d5f0>,5,3,[7 1],6,6,9,0,6
1,<environment.Job instance at 0x152ef818da00>,7,2,[1 9],9,9,11,0,9
1,<environment.Job instance at 0x152ef41fdbe0>,10,13,[2 8],13,13,26,0,13
1,<environment.Job instance at 0x152ef41fd1e0>,11,1,[8 1],14,14,15,0,14
1,<environment.Job instance at 0x152ef41fd050>,14,1,[5 2],19,19,20,0,19
1,<environment.Job instance at 0x152ef4210f50>,16,25,[9 1],21,26,51,5,24
1,<environment.Job instance at 0x152ef4210370>,24,2,[2 9],31,51,53,20,38
1,<environment.Job instance at 0x152ef4210eb0>,26,16,[1 8],33,53,69,20,41
1,<environment.Job instance at 0x152ef4210af0>,18,21,[ 2 10],24,69,90,45,61
1,<environment.Job instance at 0x152ef4210e60>,20,15,[5 2],26,90,105,64,85
1,<environment.Job instance at 0x147e97f95370>,2,1,[2 5],3,3,4,0,3
1,<environment.Job instance at 0x147ea14d8a00>,5,3,[9 2],6,8,11,2,8
1,<environment.Job instance at 0x147e97aaa9b0>,3,1,[6 2],4,11,12,7,9
1,<environment.Job instance at 0x147e97fd45f0>,10,13,[2 8],12,20,33,8,20
1,<environment.Job instance at 0x147e97a76d20>,25,2,[2 8],34,34,36,0,34
1,<environment.Job instance at 0x147e97a72780>,29,16,[10  2],39,41,57,2,41
1,<environment.Job instance at 0x147e97a72be0>,30,15,[2 9],40,57,72,17,43
1,<environment.Job instance at 0x147e97a732d0>,2,3,[1 6],3,9,12,6,9
1,<environment.Job instance at 0x147e98237050>,8,2,[2 8],11,12,14,1,11
1,<environment.Job instance at 0x147e98237e10>,4,1,[10  1],6,17,18,11,17
1,<environment.Job instance at 0x147e98237780>,11,16,[8 2],16,18,34,2,18
1,<environment.Job instance at 0x147e9822d4b0>,18,1,[10  2],29,34,35,5,30
1,<environment.Job instance at 0x147e9822dd70>,20,15,[2 9],32,35,50,3,32
1,<environment.Job instance at 0x147e9822d0a0>,12,12,[9 1],18,50,62,32,36
1,<environment.Job instance at 0x147e9822df00>,21,1,[1 9],35,50,51,15,36
1,<environment.Job instance at 0x147e9822dd20>,23,3,[1 5],37,51,54,14,37
1,<environment.Job instance at 0x147e97f95690>,28,3,[1 9],43,54,57,11,43
1,<environment.Job instance at 0x147e97f95dc0>,27,3,[2 9],42,62,65,20,48
1,<environment.Job instance at 0x147e97f95eb0>,3,1,[1 6],7,9,10,2,9
1,<environment.Job instance at 0x147e97fc6550>,4,2,[2 5],8,10,12,2,9
1,<environment.Job instance at 0x147e6a4ec4b0>,6,3,[2 9],10,12,15,2,11
1,<environment.Job instance at 0x147e6a4ec280>,5,2,[ 1 10],9,15,17,6,13
1,<environment.Job instance at 0x147e6a4ec6e0>,8,14,[7 1],12,17,31,5,13
1,<environment.Job instance at 0x147e6a4ec550>,9,3,[ 2 10],14,31,34,17,14
1,<environment.Job instance at 0x147e6a4ec910>,10,12,[2 8],15,17,29,2,15
1,<environment.Job instance at 0x147e6a4ec230>,7,3,[7 2],11,34,37,23,15
1,<environment.Job instance at 0x147e6a4ecaa0>,12,2,[ 1 10],18,37,39,19,20
1,<environment.Job instance at 0x147e6a4ecaf0>,11,1,[10  1],17,39,40,22,23
1,<environment.Job instance at 0x147e6a4ece60>,17,2,[1 9],26,29,31,3,27
1,<environment.Job instance at 0x147e6a4edcd0>,25,15,[10  2],35,40,55,5,35
1,<environment.Job instance at 0x147e6a4ef190>,29,13,[2 9],40,55,68,15,43
1,<environment.Job instance at 0x147e6a4ef2d0>,30,1,[2 8],41,68,69,27,43
1,<environment.Job instance at 0x147e6a4ef370>,31,1,[ 2 10],42,69,70,27,45
1,<environment.Job instance at 0x147e6a4ef460>,34,15,[5 1],45,70,85,25,57
1,<environment.Job instance at 0x147e97f93460>,2,3,[2 5],3,3,6,0,3
1,<environment.Job instance at 0x147e6a4f2be0>,3,1,[8 1],4,8,9,4,8
1,<environment.Job instance at 0x147e999dda00>,6,18,[2 6],8,9,27,1,9
1,<environment.Job instance at 0x147e6ab60e60>,7,1,[1 6],9,27,28,18,9
1,<environment.Job instance at 0x147e6ab6d280>,13,3,[7 2],18,18,21,0,18
1,<environment.Job instance at 0x147e6aaf70f0>,18,3,[1 9],24,28,31,4,26
1,<environment.Job instance at 0x147e6ab5c0f0>,21,28,[2 8],29,31,59,2,30
1,<environment.Job instance at 0x147e6aafb320>,22,3,[5 1],33,33,36,0,33
1,<environment.Job instance at 0x147e9416ea00>,24,3,[ 2 10],36,59,62,23,42
1,<environment.Job instance at 0x147e9a394280>,30,2,[2 9],45,62,64,17,50
1,<environment.Job instance at 0x147e97ec7e60>,28,15,[2 7],43,64,79,21,50
1,<environment.Job instance at 0x147e9a5d0960>,31,17,[ 2 10],46,79,96,33,78
1,<environment.Job instance at 0x147e941a3140>,0,2,[ 1 10],1,2,4,1,2
1,<environment.Job instance at 0x147e941a3500>,3,1,[2 9],4,5,6,1,5
1,<environment.Job instance at 0x147e6abacf50>,5,3,[ 2 10],7,7,10,0,7
1,<environment.Job instance at 0x147e6aa17e10>,11,3,[6 1],14,14,17,0,14
1,<environment.Job instance at 0x147e6ab4a280>,4,15,[1 7],5,14,29,9,14
1,<environment.Job instance at 0x147e6ab455f0>,13,3,[ 2 10],17,29,32,12,19
1,<environment.Job instance at 0x147e6ab50f00>,16,17,[1 6],21,32,49,11,21
1,<environment.Job instance at 0x147e6ab50f50>,17,17,[7 1],22,32,49,10,23
1,<environment.Job instance at 0x147e6ab50c80>,23,2,[6 2],33,49,51,16,36
1,<environment.Job instance at 0x147e6ab50190>,25,2,[8 1],36,51,53,15,40
1,<environment.Job instance at 0x147e941c2aa0>,29,2,[10  2],41,53,55,12,46
1,<environment.Job instance at 0x147e6ab509b0>,26,1,[ 1 10],37,55,56,18,47
1,<environment.Job instance at 0x147e6ab452d0>,14,18,[8 1],18,56,74,38,52
1,<environment.Job instance at 0x147e6ab452d0>,1,18,[10  1],6,6,24,0,6
1,<environment.Job instance at 0x147e99952190>,4,14,[2 8],9,24,38,15,9
1,<environment.Job instance at 0x147e99952be0>,6,1,[7 2],13,24,25,11,15
1,<environment.Job instance at 0x147e6a698640>,9,14,[6 1],17,34,48,17,34
1,<environment.Job instance at 0x147e6a698230>,13,2,[6 2],22,50,52,28,50
1,<environment.Job instance at 0x147e6a6982d0>,15,16,[1 7],24,56,72,32,56
1,<environment.Job instance at 0x147e6a6980f0>,16,3,[ 2 10],25,72,75,47,64
1,<environment.Job instance at 0x147e6a677140>,21,1,[7 1],32,67,68,35,67
1,<environment.Job instance at 0x147e6a677050>,23,2,[8 2],35,70,72,35,70
1,<environment.Job instance at 0x147e6a677190>,24,3,[1 7],36,75,78,39,70
1,<environment.Job instance at 0x147e6a677f00>,26,1,[5 2],38,96,97,58,96
1,<environment.Job instance at 0x147e6a69b730>,29,2,[5 2],42,110,112,68,110
1,<environment.Job instance at 0x147e6a69b820>,30,2,[1 7],44,114,116,70,114
1,<environment.Job instance at 0x147e6a69b690>,31,2,[5 2],45,115,117,70,115
1,<environment.Job instance at 0x147e6a69b640>,32,1,[1 6],47,122,123,75,122
1,<environment.Job instance at 0x147e6a69bc80>,33,12,[7 1],48,142,154,94,142
1,<environment.Job instance at 0x147e6a698410>,3,12,[7 2],7,8,20,1,8
1,<environment.Job instance at 0x147e6a61ceb0>,8,1,[ 2 10],15,20,21,5,17
1,<environment.Job instance at 0x147e6a61cf00>,10,2,[ 1 10],17,21,23,4,17
1,<environment.Job instance at 0x147e6a61cb40>,6,14,[8 2],12,23,37,11,18
1,<environment.Job instance at 0x147e6a633640>,13,13,[5 2],21,37,50,16,21
1,<environment.Job instance at 0x147e6a6338c0>,15,1,[6 1],23,50,51,27,24
1,<environment.Job instance at 0x147e6a633690>,20,2,[10  1],33,51,53,18,33
1,<environment.Job instance at 0x147e6a60c1e0>,25,3,[5 2],43,43,46,0,43
1,<environment.Job instance at 0x147e6a60c5a0>,26,16,[7 2],44,53,69,9,44
1,<environment.Job instance at 0x147e6a6045f0>,0,12,[2 9],3,3,15,0,3
1,<environment.Job instance at 0x147e6a633d20>,2,2,[ 2 10],5,15,17,10,5
1,<environment.Job instance at 0x147e9926a2d0>,3,15,[8 2],6,17,32,11,8
1,<environment.Job instance at 0x147e9ea8c960>,1,3,[5 2],4,32,35,28,10
1,<environment.Job instance at 0x147e9926adc0>,7,3,[2 7],13,17,20,4,13
1,<environment.Job instance at 0x147e6a536460>,24,2,[ 1 10],39,67,69,28,67
1,<environment.Job instance at 0x147ea09c3b90>,20,16,[9 1],33,75,91,42,75
1,<environment.Job instance at 0x147e6a536b90>,23,14,[7 2],37,91,105,54,82
1,<environment.Job instance at 0x147e6a536050>,25,3,[10  2],40,105,108,65,83
1,<environment.Job instance at 0x147e6a5363c0>,28,18,[6 2],46,108,126,62,100
1,<environment.Job instance at 0x147e9a672d70>,29,16,[1 5],48,143,159,95,143
1,<environment.Job instance at 0x147e6a6335a0>,0,14,[1 6],2,2,16,0,2
1,<environment.Job instance at 0x147e9ea75050>,3,2,[10  2],5,16,18,11,5
1,<environment.Job instance at 0x147e9926a8c0>,6,3,[6 2],11,11,14,0,11
1,<environment.Job instance at 0x147e97fcf780>,9,2,[9 2],15,18,20,3,17
1,<environment.Job instance at 0x147e97fcff50>,14,3,[6 1],23,23,26,0,23
1,<environment.Job instance at 0x147e97fcfcd0>,12,14,[1 6],19,23,37,4,23
1,<environment.Job instance at 0x147e97fe1050>,17,2,[2 5],26,37,39,11,26
1,<environment.Job instance at 0x147e97fe1550>,19,12,[5 2],28,29,41,1,29
1,<environment.Job instance at 0x147e97fe1410>,18,16,[2 9],27,41,57,14,30
1,<environment.Job instance at 0x147e97fe1690>,20,3,[8 1],29,41,44,12,37
1,<environment.Job instance at 0x147e97fe1e10>,26,13,[ 2 10],42,57,70,15,42
1,<environment.Job instance at 0x147e97fe4370>,30,3,[2 9],47,70,73,23,47
1,<environment.Job instance at 0x147e97fe1c80>,25,16,[2 8],39,77,93,38,77
1,<environment.Job instance at 0x147e97fe1a50>,23,27,[1 7],35,93,120,58,93
1,<environment.Job instance at 0x147e97fe15f0>,2,1,[1 8],5,7,8,2,7
1,<environment.Job instance at 0x147e97fdd780>,1,3,[2 8],2,8,11,6,7
1,<environment.Job instance at 0x147e6a792f00>,9,15,[1 5],13,13,28,0,13
1,<environment.Job instance at 0x147e6a979820>,10,3,[1 9],14,28,31,14,15
1,<environment.Job instance at 0x147e6a78f370>,19,3,[10  2],27,31,34,4,28
1,<environment.Job instance at 0x147e6a78f190>,21,2,[1 7],31,34,36,3,31
1,<environment.Job instance at 0x147e9f374af0>,22,1,[1 5],32,42,43,10,42
1,<environment.Job instance at 0x147e6a2c3c80>,30,3,[6 1],40,57,60,17,57
1,<environment.Job instance at 0x147e6a2c3410>,31,2,[1 8],41,85,87,44,85
1,<environment.Job instance at 0x147e6a2c3730>,33,2,[2 8],43,87,89,44,87
1,<environment.Job instance at 0x147e6a2c3eb0>,34,3,[5 2],46,88,91,42,88
1,<environment.Job instance at 0x147e6a2c3e60>,36,2,[2 8],49,89,91,40,88
1,<environment.Job instance at 0x147e9a300410>,35,1,[6 2],48,91,92,43,90
1,<environment.Job instance at 0x147e6a2c3f00>,29,16,[2 8],39,96,112,57,96
1,<environment.Job instance at 0x147e6a9bd280>,5,1,[5 2],7,10,11,3,10
1,<environment.Job instance at 0x147e6a9bd910>,11,1,[7 1],16,18,19,2,18
1,<environment.Job instance at 0x147e6a9bd230>,15,2,[5 2],20,22,24,2,22
1,<environment.Job instance at 0x147e6a9bd370>,17,3,[1 7],23,23,26,0,23
1,<environment.Job instance at 0x147e6a9bdcd0>,18,19,[2 9],26,26,45,0,26
1,<environment.Job instance at 0x147e6a9bdbe0>,9,12,[6 1],12,35,47,23,35
1,<environment.Job instance at 0x147e997cb960>,21,1,[6 2],29,47,48,18,47
1,<environment.Job instance at 0x147e997cbd70>,22,2,[1 5],30,57,59,27,57
1,<environment.Job instance at 0x147e997cbe10>,23,1,[1 7],31,62,63,31,62
1,<environment.Job instance at 0x147e6a7749b0>,26,1,[1 9],35,63,64,28,63
1,<environment.Job instance at 0x147e6a774370>,25,2,[1 5],33,64,66,31,63
1,<environment.Job instance at 0x147e6a774a50>,29,1,[2 6],38,66,67,28,64
1,<environment.Job instance at 0x147e6a774230>,30,1,[2 8],40,67,68,27,64
1,<environment.Job instance at 0x147e6a7746e0>,28,15,[7 1],37,64,79,27,64
1,<environment.Job instance at 0x147e6a7744b0>,33,17,[2 7],44,68,85,24,67
1,<environment.Job instance at 0x147e6a774910>,36,3,[5 1],47,79,82,32,75
1,<environment.Job instance at 0x147e6a774050>,27,1,[2 5],36,85,86,49,76
1,<environment.Job instance at 0x147e6a7745a0>,32,3,[1 7],43,86,89,43,76
1,<environment.Job instance at 0x147e6a774640>,38,1,[1 8],49,89,90,40,80
1,<environment.Job instance at 0x147e6a7f16e0>,4,16,[ 2 10],5,6,22,1,6
1,<environment.Job instance at 0x147e6ab20b40>,2,2,[10  2],3,22,24,19,10
1,<environment.Job instance at 0x147e6a32bbe0>,6,15,[2 6],9,24,39,15,12
1,<environment.Job instance at 0x147e6a42b9b0>,9,2,[1 8],12,39,41,27,13
1,<environment.Job instance at 0x147e6a437410>,11,1,[2 5],14,41,42,27,15
1,<environment.Job instance at 0x147e94129b90>,7,2,[7 2],10,24,26,14,15
1,<environment.Job instance at 0x147e9f3ed0f0>,13,2,[7 1],16,26,28,10,16
1,<environment.Job instance at 0x147e9f3ed640>,19,3,[7 1],26,28,31,2,26
1,<environment.Job instance at 0x147e9f3ed460>,17,1,[ 2 10],20,42,43,22,26
1,<environment.Job instance at 0x147e6a1b9f00>,20,3,[2 8],27,43,46,16,27
1,<environment.Job instance at 0x147e6a1b99b0>,22,16,[10  1],29,46,62,17,33
1,<environment.Job instance at 0x147e6a1b9be0>,27,3,[6 1],39,43,46,4,40
1,<environment.Job instance at 0x147e6a1b9a00>,26,3,[10  1],37,62,65,25,40
1,<environment.Job instance at 0x147e6a1b9280>,29,2,[7 1],42,65,67,23,42
1,<environment.Job instance at 0x147e6a1b9af0>,31,1,[7 1],46,67,68,21,55
1,<environment.Job instance at 0x147e6a1b92d0>,30,18,[2 6],44,65,83,21,56
1,<environment.Job instance at 0x147e6a1b95a0>,32,2,[5 1],47,68,70,21,64
1,<environment.Job instance at 0x147e9a3b2e10>,4,18,[1 5],7,7,25,0,7
1,<environment.Job instance at 0x147e6a1b9cd0>,3,3,[2 6],6,25,28,19,7
1,<environment.Job instance at 0x147e9a39cb40>,7,3,[2 9],14,28,31,14,14
1,<environment.Job instance at 0x147e9a39cf00>,13,3,[10  2],23,31,34,8,23
1,<environment.Job instance at 0x147e9a39c960>,16,16,[2 7],31,37,53,6,37
1,<environment.Job instance at 0x147e9a39c140>,19,3,[5 1],38,38,41,0,38
1,<environment.Job instance at 0x147e9a3964b0>,22,2,[6 2],41,41,43,0,41
1,<environment.Job instance at 0x147e9a39c6e0>,10,26,[2 8],18,53,79,35,50
1,<environment.Job instance at 0x147e9a3b1d70>,0,3,[9 2],2,3,6,1,3
1,<environment.Job instance at 0x147e9a3b1d20>,2,17,[1 9],4,6,23,2,5
1,<environment.Job instance at 0x147ea09efa00>,4,2,[2 9],7,23,25,16,8
1,<environment.Job instance at 0x147ea09ef640>,5,15,[2 8],12,25,40,13,12
1,<environment.Job instance at 0x147ea09efb90>,8,2,[1 8],17,40,42,23,19
1,<environment.Job instance at 0x147e6a5030f0>,9,1,[10  2],18,42,43,24,21
1,<environment.Job instance at 0x147e9ea433c0>,21,3,[9 2],38,43,46,5,38
1,<environment.Job instance at 0x147e9ea43e10>,27,13,[8 2],47,47,60,0,47
1,<environment.Job instance at 0x147e6a767050>,29,15,[6 1],49,60,75,11,49
1,<environment.Job instance at 0x147e9ea43320>,26,28,[5 1],46,104,132,58,104
1,<environment.Job instance at 0x147e6a503f00>,4,3,[ 1 10],6,6,9,0,6
1,<environment.Job instance at 0x147e9a39c820>,1,17,[9 2],3,10,27,7,10
1,<environment.Job instance at 0x147e99816f00>,11,1,[1 9],17,27,28,10,19
1,<environment.Job instance at 0x147e99811410>,14,14,[1 5],21,28,42,7,21
1,<environment.Job instance at 0x147e99811870>,18,25,[8 1],29,30,55,1,30
1,<environment.Job instance at 0x147e998092d0>,26,16,[1 9],39,42,58,3,39
1,<environment.Job instance at 0x147e99809410>,27,3,[1 5],40,58,61,18,40
1,<environment.Job instance at 0x147e99809a00>,33,1,[ 1 10],49,61,62,12,49
1,<environment.Job instance at 0x147e998095a0>,32,12,[1 7],47,63,75,16,63
1,<environment.Job instance at 0x147e9981cf00>,1,3,[6 2],2,2,5,0,2
1,<environment.Job instance at 0x147e99811730>,3,17,[5 2],4,5,22,1,4
1,<environment.Job instance at 0x147e6a1aaa50>,6,3,[2 7],9,10,13,1,10
1,<environment.Job instance at 0x147e6a1aa6e0>,5,12,[ 1 10],7,22,34,15,11
1,<environment.Job instance at 0x147e6a53d910>,23,17,[10  1],30,34,51,4,30
1,<environment.Job instance at 0x147e9a65b820>,29,3,[2 7],38,51,54,13,44
1,<environment.Job instance at 0x147e9a65bc30>,30,15,[7 2],39,51,66,12,45
1,<environment.Job instance at 0x147e6a3614b0>,34,16,[1 8],43,59,75,16,59
1,<environment.Job instance at 0x147e997d8230>,12,16,[ 2 10],15,75,91,60,73
1,<environment.Job instance at 0x147e940a0e60>,38,2,[10  2],48,91,93,43,90
1,<environment.Job instance at 0x147ea0353b40>,2,1,[1 7],3,3,4,0,3
1,<environment.Job instance at 0x147ea0353a00>,0,2,[5 2],1,3,5,2,3
1,<environment.Job instance at 0x147ea0353a50>,5,1,[5 1],8,9,10,1,9
1,<environment.Job instance at 0x147e97a40190>,11,2,[9 2],16,20,22,4,20
1,<environment.Job instance at 0x147e99908690>,16,1,[8 2],23,42,43,19,42
1,<environment.Job instance at 0x147e99908c30>,19,13,[2 8],26,44,57,18,44
1,<environment.Job instance at 0x147e999080a0>,20,16,[6 1],27,74,90,47,74
1,<environment.Job instance at 0x147e99908370>,22,1,[5 2],29,90,91,61,83
1,<environment.Job instance at 0x147e99908730>,24,1,[1 8],31,84,85,53,84
1,<environment.Job instance at 0x147e999082d0>,25,2,[6 2],32,91,93,59,84
1,<environment.Job instance at 0x147e97a40910>,14,13,[2 6],19,92,105,73,92
1,<environment.Job instance at 0x147e99908050>,26,13,[2 9],33,105,118,72,103
1,<environment.Job instance at 0x147e97eb8460>,29,2,[ 1 10],38,118,120,80,103
1,<environment.Job instance at 0x147e97eb85f0>,33,2,[7 2],42,120,122,78,114
1,<environment.Job instance at 0x147e97eb8af0>,35,3,[6 1],44,122,125,78,122
1,<environment.Job instance at 0x147e99908fa0>,18,17,[2 7],25,122,139,97,122
1,<environment.Job instance at 0x147e97eb8230>,38,1,[5 1],47,125,126,78,123
1,<environment.Job instance at 0x147e97eb8410>,37,3,[2 7],46,154,157,108,154
1,<environment.Job instance at 0x147e99818960>,2,13,[7 2],4,8,21,4,8
1,<environment.Job instance at 0x147e9a677050>,9,2,[2 9],12,21,23,9,12
1,<environment.Job instance at 0x147e9a677b90>,13,2,[10  1],17,23,25,6,17
1,<environment.Job instance at 0x147e9a6778c0>,12,15,[2 9],16,25,40,9,17
1,<environment.Job instance at 0x147e9a281730>,18,2,[9 1],24,40,42,16,28
1,<environment.Job instance at 0x147e9a2812d0>,17,1,[6 1],22,32,33,10,32
1,<environment.Job instance at 0x147e9a677c80>,4,15,[ 2 10],6,42,57,36,32
1,<environment.Job instance at 0x147e9a281d20>,28,2,[6 1],39,57,59,18,46
1,<environment.Job instance at 0x147e9a281b90>,29,17,[1 7],40,57,74,17,48
1,<environment.Job instance at 0x147e6a324e60>,32,1,[1 5],47,74,75,27,49
1,<environment.Job instance at 0x147e9a2810a0>,27,1,[6 1],37,59,60,22,56
1,<environment.Job instance at 0x147e9a6a6cd0>,1,2,[1 9],2,5,7,3,5
1,<environment.Job instance at 0x147e6a9bb730>,4,1,[2 9],6,16,17,10,16
1,<environment.Job instance at 0x147e9974b460>,6,1,[6 1],10,18,19,8,18
1,<environment.Job instance at 0x147e6a9bb280>,2,14,[1 6],3,22,36,19,22
1,<environment.Job instance at 0x147e9974b280>,8,2,[2 7],13,36,38,23,22
1,<environment.Job instance at 0x147e9974b820>,14,2,[ 2 10],22,38,40,16,31
1,<environment.Job instance at 0x147e9974b6e0>,11,12,[5 2],17,40,52,23,35
1,<environment.Job instance at 0x147e9974bb40>,18,22,[2 5],29,86,108,57,86
1,<environment.Job instance at 0x147e99738050>,22,13,[7 2],34,131,144,97,131
1,<environment.Job instance at 0x147e9974ba50>,17,1,[8 2],27,144,145,117,135
1,<environment.Job instance at 0x147e997385a0>,25,15,[2 5],39,197,212,158,197
1,<environment.Job instance at 0x147e997383c0>,27,2,[7 1],41,210,212,169,210
1,<environment.Job instance at 0x147e99738a00>,32,1,[6 2],47,327,328,280,327
1,<environment.Job instance at 0x147e9a2b9550>,4,17,[1 6],11,18,35,7,18
1,<environment.Job instance at 0x147e9a2b9dc0>,11,2,[8 2],22,22,24,0,22
1,<environment.Job instance at 0x147e9a2b9370>,19,1,[8 1],30,31,32,1,31
1,<environment.Job instance at 0x147e9a2b9190>,18,2,[2 6],29,35,37,6,31
1,<environment.Job instance at 0x147e6a152910>,20,1,[7 2],32,34,35,2,34
1,<environment.Job instance at 0x147e6a152e60>,25,14,[7 1],38,41,55,3,41
1,<environment.Job instance at 0x147e6a1527d0>,26,14,[ 2 10],39,55,69,16,49
1,<environment.Job instance at 0x147e6a152140>,31,3,[5 2],44,69,72,25,68
1,<environment.Job instance at 0x147e9a3ab8c0>,32,16,[7 1],45,72,88,27,68
1,<environment.Job instance at 0x147e9a3ab0a0>,33,2,[8 2],46,88,90,42,73
1,<environment.Job instance at 0x147e9a2b99b0>,13,28,[5 2],24,91,119,67,91
1,<environment.Job instance at 0x146b81dc8af0>,2,1,[2 5],3,4,5,1,4
1,<environment.Job instance at 0x146b81dc8cd0>,1,3,[1 9],2,5,8,3,4
1,<environment.Job instance at 0x146b7882b500>,3,1,[6 2],4,4,5,0,4
1,<environment.Job instance at 0x146b787af320>,8,13,[6 1],9,9,22,0,9
1,<environment.Job instance at 0x146b7876a550>,9,2,[6 1],11,22,24,11,12
1,<environment.Job instance at 0x146b7874e0f0>,12,3,[1 8],14,14,17,0,14
1,<environment.Job instance at 0x146b78acd6e0>,10,13,[2 8],12,17,30,5,17
1,<environment.Job instance at 0x146b78777f00>,18,2,[10  1],25,30,32,5,26
1,<environment.Job instance at 0x146b7830cdc0>,24,12,[ 1 10],32,32,44,0,32
1,<environment.Job instance at 0x146b7830c3c0>,27,2,[2 7],36,44,46,8,39
1,<environment.Job instance at 0x146b7830c140>,29,16,[10  2],39,46,62,7,40
1,<environment.Job instance at 0x146b78307d20>,32,3,[2 9],42,62,65,20,42
1,<environment.Job instance at 0x146b7830ce60>,26,1,[2 7],35,65,66,30,56
1,<environment.Job instance at 0x146b78308460>,42,1,[10  1],56,87,88,31,87
1,<environment.Job instance at 0x146b78308190>,43,3,[7 2],57,90,93,33,90
1,<environment.Job instance at 0x146b78307690>,30,15,[2 9],40,120,135,80,120
1,<environment.Job instance at 0x146b78828320>,0,2,[2 8],1,3,5,2,3
1,<environment.Job instance at 0x146b78828dc0>,9,16,[2 5],16,18,34,2,18
1,<environment.Job instance at 0x146b78828870>,8,2,[2 5],15,20,22,5,20
1,<environment.Job instance at 0x146b788284b0>,11,22,[1 5],20,24,46,4,24
1,<environment.Job instance at 0x146b78888640>,18,12,[9 1],31,34,46,3,31
1,<environment.Job instance at 0x146b78888af0>,19,3,[2 9],32,46,49,14,33
1,<environment.Job instance at 0x146b7886aaa0>,25,3,[2 9],39,49,52,10,43
1,<environment.Job instance at 0x146b7886ae10>,26,13,[7 2],42,52,65,10,43
1,<environment.Job instance at 0x146b78888cd0>,22,3,[1 9],35,65,68,30,44
1,<environment.Job instance at 0x146b7886a140>,30,2,[2 5],48,52,54,4,49
1,<environment.Job instance at 0x146b7886aeb0>,29,1,[1 6],47,54,55,7,50
1,<environment.Job instance at 0x146b7886a870>,32,3,[2 9],50,68,71,18,51
1,<environment.Job instance at 0x146b7886a690>,34,14,[7 1],52,65,79,13,53
1,<environment.Job instance at 0x146b78aa9280>,38,2,[ 1 10],58,79,81,21,58
1,<environment.Job instance at 0x146b7883a0f0>,0,2,[1 8],1,5,7,4,5
1,<environment.Job instance at 0x146b78aa9230>,4,1,[2 7],7,8,9,1,8
1,<environment.Job instance at 0x146b42daf870>,12,13,[ 1 10],16,46,59,30,46
1,<environment.Job instance at 0x146b42dafcd0>,17,1,[ 2 10],22,59,60,37,46
1,<environment.Job instance at 0x146b42dafdc0>,16,1,[2 8],21,60,61,39,46
1,<environment.Job instance at 0x146b42dafeb0>,19,1,[8 2],24,60,61,36,47
1,<environment.Job instance at 0x146b42daffa0>,21,18,[1 8],26,61,79,35,59
1,<environment.Job instance at 0x146b42db0280>,26,1,[8 1],34,62,63,28,62
1,<environment.Job instance at 0x146b42db0550>,34,1,[1 8],46,79,80,33,78
1,<environment.Job instance at 0x146b42db0e10>,35,15,[1 6],47,80,95,33,79
1,<environment.Job instance at 0x146b42db0780>,29,18,[2 6],38,95,113,57,84
1,<environment.Job instance at 0x146b42db4370>,41,3,[1 9],54,123,126,69,123
1,<environment.Job instance at 0x146b42db4500>,42,2,[7 2],55,148,150,93,148
1,<environment.Job instance at 0x146b42db45f0>,44,28,[2 8],59,153,181,94,153
1,<environment.Job instance at 0x146b42db0f00>,37,2,[1 8],49,181,183,132,156
1,<environment.Job instance at 0x146b42db8f00>,1,15,[1 7],5,6,21,1,6
1,<environment.Job instance at 0x146b7a2420a0>,3,2,[1 9],8,21,23,13,11
1,<environment.Job instance at 0x146b42db4320>,4,2,[ 2 10],11,23,25,12,13
1,<environment.Job instance at 0x146b7a2b1b90>,9,17,[ 2 10],16,25,42,9,16
1,<environment.Job instance at 0x146b7429e690>,13,2,[ 1 10],21,42,44,21,21
1,<environment.Job instance at 0x146b7429efa0>,17,15,[1 7],25,44,59,19,30
1,<environment.Job instance at 0x146b7429e500>,20,12,[7 1],30,45,57,15,45
1,<environment.Job instance at 0x146b7429eeb0>,22,3,[8 1],32,57,60,25,47
1,<environment.Job instance at 0x146b7429ea00>,21,2,[8 2],31,60,62,29,47
1,<environment.Job instance at 0x146b7ab11e60>,26,3,[ 2 10],37,62,65,25,48
1,<environment.Job instance at 0x146b7ab11500>,25,2,[10  1],35,65,67,30,48
1,<environment.Job instance at 0x146b7ab11640>,28,16,[1 6],39,67,83,28,54
1,<environment.Job instance at 0x146b7ab112d0>,32,16,[9 1],46,67,83,21,62
1,<environment.Job instance at 0x146b7aecac30>,36,2,[6 2],53,83,85,30,67
1,<environment.Job instance at 0x146b7ae669b0>,39,1,[ 1 10],57,85,86,28,67
1,<environment.Job instance at 0x146b7ae66b90>,38,2,[8 1],56,86,88,30,67
1,<environment.Job instance at 0x146b7aeca280>,37,1,[9 1],55,88,89,33,67
1,<environment.Job instance at 0x146b7ae66b40>,40,2,[1 5],59,83,85,24,67
1,<environment.Job instance at 0x146b7429ef00>,16,1,[2 9],24,86,87,62,77
1,<environment.Job instance at 0x146b43360870>,0,2,[10  2],1,1,3,0,1
1,<environment.Job instance at 0x146b43360780>,1,3,[2 8],5,5,8,0,5
1,<environment.Job instance at 0x146b43360dc0>,5,1,[2 8],12,13,14,1,13
1,<environment.Job instance at 0x146b43360820>,7,2,[7 2],17,18,20,1,18
1,<environment.Job instance at 0x146b43360f00>,3,2,[1 6],7,20,22,13,20
1,<environment.Job instance at 0x146b431f0f00>,14,14,[6 1],27,27,41,0,27
1,<environment.Job instance at 0x146b431f0cd0>,10,3,[8 1],22,41,44,19,27
1,<environment.Job instance at 0x146b431f0dc0>,15,15,[2 8],28,28,43,0,28
1,<environment.Job instance at 0x146b431f02d0>,12,2,[5 2],24,44,46,20,33
1,<environment.Job instance at 0x146b7876ddc0>,20,16,[1 7],34,43,59,9,37
1,<environment.Job instance at 0x146b7876dd20>,21,3,[ 2 10],35,67,70,32,67
1,<environment.Job instance at 0x146b4323d230>,25,1,[2 8],41,169,170,128,169
1,<environment.Job instance at 0x146b4323d6e0>,28,2,[8 2],45,198,200,153,198
1,<environment.Job instance at 0x146b4323d550>,30,18,[8 1],47,254,272,207,254
1,<environment.Job instance at 0x146b4323dfa0>,32,1,[1 8],49,277,278,228,277
1,<environment.Job instance at 0x146b4323d1e0>,34,2,[5 2],52,288,290,236,288
1,<environment.Job instance at 0x146b4323df50>,35,2,[1 7],54,306,308,252,306
1,<environment.Job instance at 0x146b431f8be0>,36,2,[5 2],55,319,321,264,319
1,<environment.Job instance at 0x146b431f8af0>,37,1,[1 6],57,343,344,286,343
1,<environment.Job instance at 0x146b431f8eb0>,39,2,[10  1],59,344,346,285,343
1,<environment.Job instance at 0x146b7fd94500>,0,17,[7 1],2,2,19,0,2
1,<environment.Job instance at 0x146b8125c550>,3,12,[7 2],7,19,31,12,7
1,<environment.Job instance at 0x146b7af07be0>,8,1,[ 2 10],15,31,32,16,15
1,<environment.Job instance at 0x146b812c9b40>,7,2,[2 5],14,16,18,2,16
1,<environment.Job instance at 0x146b7af07fa0>,11,3,[7 2],18,32,35,14,18
1,<environment.Job instance at 0x146b7af079b0>,14,3,[1 9],22,35,38,13,25
1,<environment.Job instance at 0x146b7af07690>,12,21,[7 2],20,38,59,18,32
1,<environment.Job instance at 0x146b7aee2a50>,20,2,[10  1],33,59,61,26,38
1,<environment.Job instance at 0x146b7aee24b0>,21,3,[1 9],34,61,64,27,43
1,<environment.Job instance at 0x146b7aee23c0>,25,3,[5 2],43,64,67,21,43
1,<environment.Job instance at 0x146b7a256820>,35,17,[10  1],58,67,84,9,63
1,<environment.Job instance at 0x146b4304bfa0>,0,1,[6 2],1,2,3,1,2
1,<environment.Job instance at 0x146b7a256820>,3,2,[8 1],8,17,19,9,17
1,<environment.Job instance at 0x146b42ba0e10>,8,1,[9 2],15,19,20,4,17
1,<environment.Job instance at 0x146b42ba0e60>,9,18,[ 1 10],16,128,146,112,128
1,<environment.Job instance at 0x146b42b9d0f0>,12,1,[7 2],21,146,147,125,132
1,<environment.Job instance at 0x146b42b9d320>,15,1,[6 2],25,161,162,136,161
1,<environment.Job instance at 0x146b4318d960>,4,2,[1 9],11,162,164,151,161
1,<environment.Job instance at 0x146b42b9d690>,18,2,[ 1 10],29,164,166,135,164
1,<environment.Job instance at 0x146b42b9d780>,21,3,[9 1],34,174,177,140,174
1,<environment.Job instance at 0x146b42b9d820>,22,18,[6 2],36,204,222,168,204
1,<environment.Job instance at 0x146b42b9d9b0>,23,16,[1 5],38,227,243,189,227
1,<environment.Job instance at 0x146b42b9db90>,26,2,[5 1],43,243,245,200,243
1,<environment.Job instance at 0x146b42b9dc30>,28,2,[10  2],45,246,248,201,246
1,<environment.Job instance at 0x146b42b9dcd0>,29,2,[6 1],46,252,254,206,252
1,<environment.Job instance at 0x146b42b9dd20>,30,3,[9 2],48,254,257,206,252
1,<environment.Job instance at 0x146b42b9daa0>,25,14,[1 6],42,291,305,249,291
1,<environment.Job instance at 0x146b42b9df00>,33,3,[1 7],53,305,308,252,297
1,<environment.Job instance at 0x146b42b9dfa0>,34,2,[9 2],55,314,316,259,314
1,<environment.Job instance at 0x146b42ba0be0>,7,3,[1 8],14,378,381,364,378
1,<environment.Job instance at 0x146b42fca5f0>,2,2,[2 9],5,6,8,1,6
1,<environment.Job instance at 0x146b7fcb7aa0>,3,2,[2 5],6,8,10,2,7
1,<environment.Job instance at 0x146b42fbd690>,1,26,[9 1],4,10,36,6,7
1,<environment.Job instance at 0x146b7fcc4960>,6,3,[8 1],9,36,39,27,10
1,<environment.Job instance at 0x146b7fcc4eb0>,7,3,[8 1],13,39,42,26,13
1,<environment.Job instance at 0x146b740620f0>,15,2,[8 1],26,42,44,16,26
1,<environment.Job instance at 0x146b74062b40>,19,2,[1 9],31,31,33,0,31
1,<environment.Job instance at 0x146b740622d0>,22,16,[2 6],36,36,52,0,36
1,<environment.Job instance at 0x146b42b1adc0>,24,2,[8 2],38,44,46,6,38
1,<environment.Job instance at 0x146b42b1a500>,25,14,[9 1],40,52,66,12,41
1,<environment.Job instance at 0x146b787fffa0>,26,3,[10  1],41,66,69,25,41
1,<environment.Job instance at 0x146b787ff2d0>,30,2,[1 8],46,58,60,12,58
1,<environment.Job instance at 0x146b787ff370>,32,15,[10  1],49,69,84,20,58
1,<environment.Job instance at 0x146b7fcc4780>,9,27,[1 7],15,94,121,79,94
1,<environment.Job instance at 0x146b78329460>,37,3,[10  1],56,121,124,65,99
1,<environment.Job instance at 0x146b78329cd0>,38,3,[10  2],57,136,139,79,136
1,<environment.Job instance at 0x146b78329e60>,3,3,[1 6],4,4,7,0,4
1,<environment.Job instance at 0x146b7ab259b0>,5,2,[ 1 10],6,7,9,1,6
1,<environment.Job instance at 0x146b432158c0>,4,16,[1 5],5,9,25,4,6
1,<environment.Job instance at 0x146b43215be0>,9,3,[6 1],10,10,13,0,10
1,<environment.Job instance at 0x146b43215c80>,11,3,[2 8],12,25,28,13,12
1,<environment.Job instance at 0x146b432021e0>,12,2,[2 8],13,28,30,15,13
1,<environment.Job instance at 0x146b43215af0>,7,15,[7 2],8,15,30,7,15
1,<environment.Job instance at 0x146b43202050>,14,1,[6 2],18,30,31,12,20
1,<environment.Job instance at 0x146b432027d0>,16,1,[6 2],21,31,32,10,21
1,<environment.Job instance at 0x146b43202910>,17,1,[2 9],22,32,33,10,23
1,<environment.Job instance at 0x146b43202af0>,19,2,[10  1],24,33,35,9,24
1,<environment.Job instance at 0x146b43202870>,18,27,[ 2 10],23,35,62,12,33
1,<environment.Job instance at 0x146b43206690>,27,1,[7 1],36,62,63,26,37
1,<environment.Job instance at 0x146b43206be0>,33,3,[1 7],43,62,65,19,44
1,<environment.Job instance at 0x146b43206d70>,37,1,[6 2],49,63,64,14,53
1,<environment.Job instance at 0x146b4320b9b0>,43,1,[2 5],56,65,66,9,56
1,<environment.Job instance at 0x146b4320baf0>,44,15,[7 1],57,64,79,7,58
1,<environment.Job instance at 0x146b4320b780>,45,1,[2 6],58,66,67,8,60
1,<environment.Job instance at 0x146b43206d20>,4,17,[9 1],6,7,24,1,7
1,<environment.Job instance at 0x146b7fcd1f50>,3,14,[1 6],5,7,21,2,7
1,<environment.Job instance at 0x146b43236690>,5,3,[5 1],7,24,27,17,7
1,<environment.Job instance at 0x146b42bf1e10>,7,1,[1 8],9,21,22,12,13
1,<environment.Job instance at 0x146b42b003c0>,12,16,[10  2],14,27,43,13,14
1,<environment.Job instance at 0x146b7a25e280>,20,1,[2 5],24,43,44,19,29
1,<environment.Job instance at 0x146b7a1c8b40>,15,15,[2 6],19,44,59,25,30
1,<environment.Job instance at 0x146b7aeb1a50>,22,2,[7 1],26,43,45,17,32
1,<environment.Job instance at 0x146b7a25e3c0>,18,2,[1 8],22,59,61,37,32
1,<environment.Job instance at 0x146b42fe0410>,30,3,[1 9],38,61,64,23,38
1,<environment.Job instance at 0x146b7ab6f320>,33,23,[1 6],41,64,87,23,59
1,<environment.Job instance at 0x146b42fe05f0>,29,3,[2 8],37,87,90,50,62
1,<environment.Job instance at 0x146b79f475f0>,36,3,[6 1],49,62,65,13,62
1,<environment.Job instance at 0x146b79f47fa0>,38,2,[7 1],52,65,67,13,63
1,<environment.Job instance at 0x146b7fc4c780>,41,2,[5 1],57,81,83,24,81
1,<environment.Job instance at 0x146b7fc4c640>,42,14,[2 5],58,90,104,32,81
1,<environment.Job instance at 0x146b42b1f050>,8,1,[10  2],15,17,18,2,17
1,<environment.Job instance at 0x146b43055910>,12,16,[ 2 10],22,22,38,0,22
1,<environment.Job instance at 0x146b43055960>,15,3,[1 9],28,38,41,10,28
1,<environment.Job instance at 0x146b43055b90>,19,3,[5 1],38,38,41,0,38
1,<environment.Job instance at 0x146b42f4c870>,22,2,[6 2],41,41,43,0,41
1,<environment.Job instance at 0x146b42d17190>,24,14,[2 8],43,44,58,1,44
1,<environment.Job instance at 0x146b42d17500>,26,27,[1 7],45,58,85,13,57
1,<environment.Job instance at 0x146b42d17e60>,34,3,[9 2],55,61,64,6,61
1,<environment.Job instance at 0x146b42b1f460>,10,26,[2 8],18,89,115,71,89
1,<environment.Job instance at 0x146b42d17230>,27,21,[1 8],46,115,136,69,115
1,<environment.Job instance at 0x146b42d17140>,28,17,[2 8],47,136,153,89,135
1,<environment.Job instance at 0x146b430b6d70>,2,13,[10  1],5,7,20,2,7
1,<environment.Job instance at 0x146b7fccf8c0>,11,3,[1 9],21,22,25,1,22
1,<environment.Job instance at 0x146b7fccfc30>,18,16,[ 1 10],32,32,48,0,32
1,<environment.Job instance at 0x146b7fccfcd0>,19,3,[2 5],34,48,51,14,35
1,<environment.Job instance at 0x146b78aa9690>,25,3,[6 2],40,48,51,8,42
1,<environment.Job instance at 0x146b78aa95f0>,27,17,[9 2],43,51,68,8,44
1,<environment.Job instance at 0x146b78aa9960>,26,1,[6 2],41,68,69,27,44
1,<environment.Job instance at 0x146b4333c460>,31,3,[1 5],47,51,54,4,47
1,<environment.Job instance at 0x146b4333cfa0>,36,1,[6 2],56,69,70,13,58
1,<environment.Job instance at 0x146b7411cb90>,2,1,[9 1],5,6,7,1,6
1,<environment.Job instance at 0x146b7fccff50>,4,25,[8 1],9,9,34,0,9
1,<environment.Job instance at 0x146b7aec5190>,6,16,[1 6],11,12,28,1,12
1,<environment.Job instance at 0x146b7aec5370>,10,1,[10  2],17,34,35,17,18
1,<environment.Job instance at 0x146b7aec5aa0>,12,16,[1 9],19,35,51,16,23
1,<environment.Job instance at 0x146b7aec5f00>,17,2,[1 8],25,30,32,5,30
1,<environment.Job instance at 0x146b7aec5c30>,19,1,[ 1 10],29,51,52,22,30
1,<environment.Job instance at 0x146b7aec5eb0>,18,12,[1 7],27,52,64,25,41
1,<environment.Job instance at 0x146b7aeb71e0>,22,3,[6 2],32,52,55,20,49
1,<environment.Job instance at 0x146b7aeb7550>,25,1,[6 1],36,49,50,13,49
1,<environment.Job instance at 0x146b7aeb75f0>,26,12,[ 1 10],37,64,76,27,49
1,<environment.Job instance at 0x146b7aeb7690>,27,3,[2 7],39,76,79,37,51
1,<environment.Job instance at 0x146b7aeb7820>,28,1,[1 6],40,79,80,39,51
1,<environment.Job instance at 0x146b7aeb7910>,32,2,[2 7],44,80,82,36,53
1,<environment.Job instance at 0x146b7aeb7af0>,34,3,[7 1],46,76,79,30,69
1,<environment.Job instance at 0x146b7aeb7b90>,35,14,[8 2],47,79,93,32,69
1,<environment.Job instance at 0x146b7aeb7cd0>,36,2,[1 9],49,93,95,44,69
1,<environment.Job instance at 0x146b7aed6500>,38,3,[5 2],52,95,98,43,72
1,<environment.Job instance at 0x146b7aed6550>,39,13,[2 8],53,95,108,42,82
1,<environment.Job instance at 0x146b79f551e0>,40,1,[8 1],54,93,94,39,82
1,<environment.Job instance at 0x146b7fccf320>,3,17,[2 8],6,121,138,115,121
1,<environment.Job instance at 0x146b7aec5870>,14,12,[2 9],22,138,150,116,122
1,<environment.Job instance at 0x146b7aec5910>,13,3,[1 5],20,150,153,130,133
1,<environment.Job instance at 0x146b4312f140>,3,21,[2 5],5,5,26,0,5
1,<environment.Job instance at 0x146b7aec5910>,5,3,[2 7],8,26,29,18,10
1,<environment.Job instance at 0x146b79f511e0>,4,15,[5 2],6,10,25,4,10
1,<environment.Job instance at 0x146b79f51780>,8,2,[2 9],11,29,31,18,11
1,<environment.Job instance at 0x146b79f512d0>,7,15,[6 1],10,25,40,15,16
1,<environment.Job instance at 0x146b79f550a0>,13,17,[2 5],17,31,48,14,24
1,<environment.Job instance at 0x146b78812b90>,21,1,[5 1],28,40,41,12,32
1,<environment.Job instance at 0x146b788120f0>,22,1,[2 6],30,48,49,18,33
1,<environment.Job instance at 0x146b78aa8d70>,23,3,[2 6],31,49,52,18,35
1,<environment.Job instance at 0x146b78812410>,15,15,[9 2],20,52,67,32,38
1,<environment.Job instance at 0x146b78aa8730>,27,2,[9 2],36,67,69,31,47
1,<environment.Job instance at 0x146b78aa80f0>,29,2,[ 1 10],38,69,71,31,47
1,<environment.Job instance at 0x146b78aa8780>,30,13,[2 6],39,71,84,32,62
1,<environment.Job instance at 0x146b78ab8f00>,33,17,[7 1],44,71,88,27,67
1,<environment.Job instance at 0x146b78ab8140>,34,17,[2 7],45,84,101,39,72
1,<environment.Job instance at 0x146b78ab8b40>,35,13,[2 8],46,101,114,55,91
1,<environment.Job instance at 0x146b78ab85a0>,41,2,[6 2],52,103,105,51,103
1,<environment.Job instance at 0x146b78ab8910>,39,1,[7 1],50,117,118,67,117
1,<environment.Job instance at 0x146b78ab8aa0>,42,13,[2 9],53,127,140,74,127
1,<environment.Job instance at 0x146b42e0b2d0>,46,13,[10  1],59,140,153,81,137
1,<environment.Job instance at 0x146b78ab8af0>,45,2,[ 1 10],58,153,155,95,139
1,<environment.Job instance at 0x146b78ab8370>,38,1,[5 2],49,159,160,110,159
1,<environment.Job instance at 0x146b7ae7a230>,5,3,[2 7],6,7,10,1,7
1,<environment.Job instance at 0x146b7ae7a500>,7,17,[1 8],8,10,27,2,8
1,<environment.Job instance at 0x146b7ae7a280>,9,2,[8 2],10,10,12,0,10
1,<environment.Job instance at 0x146b7ae7aaf0>,11,2,[2 5],12,27,29,15,17
1,<environment.Job instance at 0x146b7ae7aeb0>,15,3,[10  2],17,29,32,12,19
1,<environment.Job instance at 0x146b7ae7afa0>,16,3,[2 5],19,32,35,13,20
1,<environment.Job instance at 0x146b7ae7d280>,18,3,[7 2],21,21,24,0,21
1,<environment.Job instance at 0x146b7ae7d1e0>,17,17,[1 7],20,35,52,15,23
1,<environment.Job instance at 0x146b7ae7d5f0>,20,2,[2 7],23,52,54,29,26
1,<environment.Job instance at 0x146b7ae7d730>,21,18,[6 1],25,42,60,17,42
1,<environment.Job instance at 0x146b7ae7dd20>,29,19,[1 5],36,54,73,18,44
1,<environment.Job instance at 0x146b7ae86960>,37,1,[6 1],47,60,61,13,47
1,<environment.Job instance at 0x146b7ae86dc0>,40,15,[10  2],54,73,88,19,59
1,<environment.Job instance at 0x146b7ae71500>,1,2,[1 9],2,7,9,5,7
1,<environment.Job instance at 0x146b742e3d20>,5,2,[10  2],7,10,12,3,10
1,<environment.Job instance at 0x146b78828640>,7,1,[7 2],12,14,15,2,14
1,<environment.Job instance at 0x146b742e3780>,11,12,[5 2],17,27,39,10,27
1,<environment.Job instance at 0x146b42affeb0>,12,1,[10  1],18,39,40,21,28
1,<environment.Job instance at 0x146b7401f820>,13,3,[10  1],21,40,43,19,29
1,<environment.Job instance at 0x146b7ae715f0>,2,14,[1 6],3,43,57,40,30
1,<environment.Job instance at 0x146b42d4f1e0>,14,2,[ 2 10],22,57,59,35,30
1,<environment.Job instance at 0x146b7ae86140>,6,1,[6 1],10,43,44,33,36
1,<environment.Job instance at 0x146b43040230>,17,1,[8 2],27,44,45,17,36
1,<environment.Job instance at 0x146b78303910>,16,1,[1 9],24,59,60,35,39
1,<environment.Job instance at 0x146b42e0a280>,28,1,[8 1],42,88,89,46,88
1,<environment.Job instance at 0x146b7b77a550>,32,1,[6 2],47,101,102,54,101
1,<environment.Job instance at 0x146b433c0320>,34,2,[2 7],49,101,103,52,101
1,<environment.Job instance at 0x146b433c0870>,37,17,[1 8],58,108,125,50,108
1,<environment.Job instance at 0x146b433c0eb0>,35,3,[9 2],51,116,119,65,116
1,<environment.Job instance at 0x146b42ac8d20>,0,17,[1 6],1,3,20,2,3
1,<environment.Job instance at 0x146b7fc0bd70>,1,3,[1 9],2,20,23,18,5
1,<environment.Job instance at 0x146b42dddf00>,13,1,[5 1],18,20,21,2,20
1,<environment.Job instance at 0x146b42ddd0f0>,15,1,[8 1],20,24,25,4,24
1,<environment.Job instance at 0x146b42dddc30>,18,3,[1 7],24,24,27,0,24
1,<environment.Job instance at 0x146b43085780>,22,14,[ 2 10],29,30,44,1,30
1,<environment.Job instance at 0x146b430851e0>,26,1,[6 1],33,44,45,11,35
1,<environment.Job instance at 0x146b43085960>,29,2,[8 2],36,45,47,9,36
1,<environment.Job instance at 0x146b43027370>,32,26,[1 6],41,44,70,3,43
1,<environment.Job instance at 0x146b430276e0>,36,14,[ 1 10],47,70,84,23,65
1,<environment.Job instance at 0x146b7401d370>,42,1,[9 1],55,65,66,10,65
1,<environment.Job instance at 0x146b430272d0>,33,16,[2 9],42,86,102,44,86
1,<environment.Job instance at 0x146b7429e500>,1,3,[9 1],6,8,11,2,8
1,<environment.Job instance at 0x146b7ac216e0>,3,2,[1 8],9,9,11,0,9
1,<environment.Job instance at 0x146b430f6c30>,6,1,[ 2 10],17,19,20,2,19
1,<environment.Job instance at 0x146b7a208050>,9,3,[1 8],21,24,27,3,24
1,<environment.Job instance at 0x146b432b3550>,11,16,[9 1],24,124,140,100,124
1,<environment.Job instance at 0x146b7ac29910>,28,1,[2 7],50,140,141,90,129
1,<environment.Job instance at 0x146b432b3c30>,27,2,[8 1],48,140,142,92,139
1,<environment.Job instance at 0x146b7ac29aa0>,31,3,[ 2 10],55,143,146,88,143
1,<environment.Job instance at 0x146b7ac29280>,33,22,[ 2 10],57,146,168,89,145
1,<environment.Job instance at 0x146b7ac29a00>,29,2,[1 8],51,168,170,117,146
1,<environment.Job instance at 0x146b7ac29f00>,34,2,[10  2],58,170,172,112,149
1,<environment.Job instance at 0x146b7ac298c0>,35,2,[1 7],59,172,174,113,150
1,<environment.Job instance at 0x146b42cdf780>,1,1,[7 1],4,4,5,0,4
1,<environment.Job instance at 0x146b42cdfb40>,5,2,[ 1 10],8,8,10,0,8
1,<environment.Job instance at 0x146b432ba410>,4,3,[6 1],7,13,16,6,13
1,<environment.Job instance at 0x146b432ba370>,7,1,[2 6],12,14,15,2,14
1,<environment.Job instance at 0x146b74014230>,16,3,[2 6],27,33,36,6,33
1,<environment.Job instance at 0x146b74014f00>,18,21,[6 1],30,35,56,5,35
1,<environment.Job instance at 0x146b74014fa0>,25,12,[2 8],41,48,60,7,48
1,<environment.Job instance at 0x146b74014370>,24,1,[1 7],40,60,61,20,50
1,<environment.Job instance at 0x146b7403d7d0>,33,18,[9 1],53,60,78,7,53
1,<environment.Job instance at 0x146b79ff3820>,1,1,[1 7],4,5,6,1,5
1,<environment.Job instance at 0x146b79fdeaf0>,5,1,[1 7],10,12,13,2,12
1,<environment.Job instance at 0x146b79ff3190>,4,28,[1 6],7,13,41,6,13
1,<environment.Job instance at 0x146b79fdedc0>,9,2,[5 1],15,15,17,0,15
1,<environment.Job instance at 0x146b7aba1f00>,14,2,[1 8],21,41,43,20,21
1,<environment.Job instance at 0x146b7aba1fa0>,15,1,[1 9],23,43,44,20,23
1,<environment.Job instance at 0x146b7aba16e0>,13,1,[2 7],20,44,45,24,25
1,<environment.Job instance at 0x146b7aba17d0>,16,2,[ 2 10],25,45,47,20,25
1,<environment.Job instance at 0x146b79fdee10>,7,16,[1 6],12,95,111,83,95
1,<environment.Job instance at 0x146b787fe050>,22,15,[6 1],33,97,112,64,97
1,<environment.Job instance at 0x146b787fe870>,24,1,[2 8],35,111,112,76,103
1,<environment.Job instance at 0x146b787fea00>,23,1,[9 2],34,112,113,78,110
1,<environment.Job instance at 0x146b787fe140>,26,1,[8 1],38,113,114,75,111
1,<environment.Job instance at 0x146b787fe8c0>,29,3,[1 9],42,114,117,72,114
1,<environment.Job instance at 0x146b787fea50>,31,1,[7 2],45,117,118,72,117
1,<environment.Job instance at 0x146b787feb40>,38,1,[10  1],53,129,130,76,129
1,<environment.Job instance at 0x146b787fed70>,41,3,[9 2],56,137,140,81,137
1,<environment.Job instance at 0x146b787fe280>,42,2,[1 8],57,148,150,91,148
1,<environment.Job instance at 0x146b787fe0a0>,21,3,[ 2 10],31,150,153,119,150
1,<environment.Job instance at 0x146b787fe820>,39,17,[5 1],54,168,185,114,168
1,<environment.Job instance at 0x14626ebf5a00>,1,3,[1 9],2,2,5,0,2
1,<environment.Job instance at 0x14626695a190>,4,2,[7 2],5,7,9,2,7
1,<environment.Job instance at 0x1462656b7f00>,5,3,[9 2],6,9,12,3,8
1,<environment.Job instance at 0x14626569e0f0>,7,1,[2 6],8,8,9,0,8
1,<environment.Job instance at 0x1462658d0eb0>,12,3,[1 8],14,17,20,3,17
1,<environment.Job instance at 0x14626eb97190>,11,3,[1 8],13,20,23,7,18
1,<environment.Job instance at 0x14626557cb40>,13,2,[8 1],17,20,22,3,20
1,<environment.Job instance at 0x1462655a8320>,17,17,[6 1],23,26,43,3,26
1,<environment.Job instance at 0x14626513a140>,26,1,[2 7],35,35,36,0,35
1,<environment.Job instance at 0x14626513a190>,24,12,[ 1 10],32,43,55,11,39
1,<environment.Job instance at 0x1462655a8690>,18,2,[10  1],25,55,57,30,40
1,<environment.Job instance at 0x146265139460>,28,2,[2 7],37,40,42,3,40
1,<environment.Job instance at 0x146265139140>,31,3,[9 2],41,57,60,16,54
1,<environment.Job instance at 0x146265136eb0>,43,3,[7 2],57,68,71,11,68
1,<environment.Job instance at 0x14626516ea50>,50,12,[9 1],68,72,84,4,72
1,<environment.Job instance at 0x146265134320>,44,3,[1 8],58,72,75,14,72
1,<environment.Job instance at 0x1462651345a0>,51,2,[8 2],69,84,86,15,74
1,<environment.Job instance at 0x146265689820>,4,1,[10  2],9,9,10,0,9
1,<environment.Job instance at 0x1462656ad820>,16,3,[1 9],25,25,28,0,25
1,<environment.Job instance at 0x1462656ad6e0>,12,12,[9 1],21,26,38,5,26
1,<environment.Job instance at 0x1462658f9eb0>,19,3,[2 9],29,38,41,9,32
1,<environment.Job instance at 0x1462658f95a0>,18,2,[ 2 10],27,41,43,14,32
1,<environment.Job instance at 0x1462658f9280>,21,2,[6 2],33,43,45,10,35
1,<environment.Job instance at 0x1462658f9af0>,23,1,[1 6],37,43,44,6,38
1,<environment.Job instance at 0x1462656ad730>,11,3,[10  1],19,45,48,26,38
1,<environment.Job instance at 0x1462658f54b0>,37,2,[1 9],56,56,58,0,56
1,<environment.Job instance at 0x1462658d4410>,36,1,[1 5],53,58,59,5,57
1,<environment.Job instance at 0x14626557b2d0>,39,1,[2 5],58,58,59,0,58
1,<environment.Job instance at 0x14626557ba00>,40,15,[7 1],59,63,78,4,63
1,<environment.Job instance at 0x1462655f5910>,46,13,[ 1 10],66,78,91,12,66
1,<environment.Job instance at 0x1462655f5690>,48,17,[1 9],69,91,108,22,79
1,<environment.Job instance at 0x1462656adf00>,1,1,[ 2 10],2,4,5,2,4
1,<environment.Job instance at 0x1462655f5690>,4,15,[5 1],5,5,20,0,5
1,<environment.Job instance at 0x146265692870>,3,1,[8 2],4,20,21,16,8
1,<environment.Job instance at 0x14623fbb6b40>,6,2,[ 1 10],10,21,23,11,11
1,<environment.Job instance at 0x14623fbb6c30>,8,3,[ 2 10],12,23,26,11,15
1,<environment.Job instance at 0x14623fbb8140>,9,3,[2 5],13,26,29,13,20
1,<environment.Job instance at 0x14623fbb8af0>,16,3,[9 1],23,29,32,6,26
1,<environment.Job instance at 0x14623fbb8d20>,19,15,[1 6],27,29,44,2,27
1,<environment.Job instance at 0x14623fbb9370>,26,2,[7 2],35,38,40,3,38
1,<environment.Job instance at 0x14623fbb9780>,29,3,[5 1],43,47,50,4,47
1,<environment.Job instance at 0x14623fbb96e0>,30,15,[1 7],45,50,65,5,50
1,<environment.Job instance at 0x14623fbb9b90>,32,2,[1 9],48,65,67,17,51
1,<environment.Job instance at 0x14623fbb9be0>,33,2,[ 2 10],51,67,69,16,51
1,<environment.Job instance at 0x14623fbb9f50>,34,3,[5 2],52,52,55,0,52
1,<environment.Job instance at 0x14623fbb9fa0>,35,15,[2 7],53,69,84,16,55
1,<environment.Job instance at 0x14623fbbd410>,39,19,[ 1 10],58,84,103,26,80
1,<environment.Job instance at 0x14623fbbd640>,41,3,[5 2],60,80,83,20,80
1,<environment.Job instance at 0x14623fbbd7d0>,43,13,[ 2 10],62,103,116,41,88
1,<environment.Job instance at 0x14623fbbd910>,45,1,[2 9],64,116,117,52,88
1,<environment.Job instance at 0x14623fbbda00>,48,14,[10  1],69,117,131,48,103
1,<environment.Job instance at 0x14625c28e730>,7,16,[1 6],9,9,25,0,9
1,<environment.Job instance at 0x14625c28e780>,11,16,[9 1],16,16,32,0,16
1,<environment.Job instance at 0x146264044af0>,14,12,[1 5],22,25,37,3,23
1,<environment.Job instance at 0x14625c28e820>,9,17,[7 1],12,32,49,20,28
1,<environment.Job instance at 0x1462640bbeb0>,20,3,[1 5],30,37,40,7,33
1,<environment.Job instance at 0x14626409ca00>,21,2,[10  2],31,49,51,18,33
1,<environment.Job instance at 0x146267083af0>,23,1,[2 6],36,40,41,4,39
1,<environment.Job instance at 0x146267c939b0>,28,2,[7 2],47,51,53,4,49
1,<environment.Job instance at 0x146267c93af0>,29,2,[2 5],48,51,53,3,49
1,<environment.Job instance at 0x146267a5a280>,33,2,[5 2],54,54,56,0,54
1,<environment.Job instance at 0x1462640bcaa0>,30,14,[2 8],49,80,94,31,80
1,<environment.Job instance at 0x146264040280>,40,1,[1 5],63,100,101,37,100
1,<environment.Job instance at 0x146267a5aaf0>,37,16,[1 7],59,201,217,142,201
1,<environment.Job instance at 0x14625c1eb2d0>,6,1,[5 2],8,9,10,1,9
1,<environment.Job instance at 0x14625c1eb550>,8,3,[1 7],10,10,13,0,10
1,<environment.Job instance at 0x14625c1f2c30>,12,1,[1 6],17,17,18,0,17
1,<environment.Job instance at 0x14625c1f2e60>,10,2,[1 7],14,18,20,4,18
1,<environment.Job instance at 0x14625c1f26e0>,11,2,[5 2],15,20,22,5,20
1,<environment.Job instance at 0x14625c1f2500>,15,3,[2 7],20,20,23,0,20
1,<environment.Job instance at 0x14625c1f28c0>,20,2,[7 2],29,31,33,2,31
1,<environment.Job instance at 0x14625c252fa0>,22,14,[8 2],32,33,47,1,32
1,<environment.Job instance at 0x14625c2520f0>,25,14,[8 1],36,47,61,11,36
1,<environment.Job instance at 0x14625c2526e0>,26,2,[ 1 10],37,61,63,24,37
1,<environment.Job instance at 0x14625c2527d0>,27,3,[7 2],38,63,66,25,38
1,<environment.Job instance at 0x14625c1f2410>,21,3,[ 2 10],31,66,69,35,41
1,<environment.Job instance at 0x14625c1755a0>,37,3,[1 9],54,55,58,1,55
1,<environment.Job instance at 0x14625c175be0>,35,20,[8 2],52,69,89,17,61
1,<environment.Job instance at 0x14625c175280>,38,3,[1 8],58,69,72,11,65
1,<environment.Job instance at 0x14625c140a00>,45,1,[1 8],68,72,73,4,68
1,<environment.Job instance at 0x14625c175cd0>,39,2,[2 7],61,73,75,12,71
1,<environment.Job instance at 0x146267a5a5f0>,2,2,[ 2 10],5,8,10,3,8
1,<environment.Job instance at 0x146267d28640>,6,1,[6 2],11,13,14,2,13
1,<environment.Job instance at 0x14626cb45550>,4,17,[10  1],8,14,31,6,14
1,<environment.Job instance at 0x146267d28a50>,10,2,[1 9],21,31,33,10,21
1,<environment.Job instance at 0x146267d286e0>,15,18,[ 1 10],26,81,99,55,81
1,<environment.Job instance at 0x146267d28f00>,16,2,[1 6],28,99,101,71,83
1,<environment.Job instance at 0x14626cab1be0>,18,1,[7 2],31,99,100,68,90
1,<environment.Job instance at 0x14626cab12d0>,21,1,[6 2],35,100,101,65,97
1,<environment.Job instance at 0x14626cab16e0>,20,16,[9 1],33,101,117,68,97
1,<environment.Job instance at 0x14626cab18c0>,22,3,[2 7],36,117,120,81,102
1,<environment.Job instance at 0x14626cab1e10>,24,2,[ 1 10],39,120,122,81,102
1,<environment.Job instance at 0x14626cab1b90>,23,14,[7 2],37,122,136,85,116
1,<environment.Job instance at 0x146267d28280>,13,3,[1 8],24,122,125,98,117
1,<environment.Job instance at 0x14626cab1f00>,27,3,[9 1],44,136,139,92,120
1,<environment.Job instance at 0x14626cab1c30>,32,2,[5 1],53,144,146,91,144
1,<environment.Job instance at 0x14626cab1a00>,29,16,[1 5],48,145,161,97,145
1,<environment.Job instance at 0x14626cab15f0>,34,2,[10  2],55,162,164,107,162
1,<environment.Job instance at 0x14626cab17d0>,33,1,[2 7],54,170,171,116,170
1,<environment.Job instance at 0x14626e4c6320>,37,3,[6 2],61,172,175,111,172
1,<environment.Job instance at 0x14626e4c6690>,38,2,[5 2],62,180,182,118,180
1,<environment.Job instance at 0x14626e4c66e0>,35,2,[6 1],56,182,184,126,182
1,<environment.Job instance at 0x14626e4c67d0>,41,1,[7 2],66,184,185,118,183
1,<environment.Job instance at 0x14626e4c6500>,43,14,[1 6],69,186,200,117,186
1,<environment.Job instance at 0x14626e4c6640>,42,3,[1 7],68,200,203,132,194
1,<environment.Job instance at 0x14626cb7ffa0>,2,2,[2 9],5,5,7,0,5
1,<environment.Job instance at 0x14625c1f25a0>,0,3,[6 1],3,5,8,2,5
1,<environment.Job instance at 0x14623f917190>,5,12,[5 2],8,9,21,1,9
1,<environment.Job instance at 0x14623f917640>,8,1,[10  1],14,21,22,7,14
1,<environment.Job instance at 0x14623f9172d0>,6,3,[8 1],9,22,25,13,15
1,<environment.Job instance at 0x14626cb7f910>,4,16,[2 9],7,22,38,15,17
1,<environment.Job instance at 0x14623f917910>,10,15,[2 8],18,38,53,20,24
1,<environment.Job instance at 0x14623f917dc0>,18,3,[1 5],30,53,56,23,30
1,<environment.Job instance at 0x14623f931550>,19,2,[1 9],31,56,58,25,31
1,<environment.Job instance at 0x14623f931c80>,20,3,[2 8],32,58,61,26,32
1,<environment.Job instance at 0x14623f9316e0>,21,1,[1 8],35,61,62,26,35
1,<environment.Job instance at 0x14623f917410>,11,16,[2 8],19,62,78,43,52
1,<environment.Job instance at 0x14623f931fa0>,29,3,[1 9],44,78,81,34,54
1,<environment.Job instance at 0x14623f9313c0>,30,2,[1 8],46,81,83,35,55
1,<environment.Job instance at 0x14623f9370f0>,37,3,[10  1],56,83,86,27,72
1,<environment.Job instance at 0x14623f931eb0>,26,3,[10  1],41,102,105,61,102
1,<environment.Job instance at 0x14623f9178c0>,12,13,[ 2 10],22,105,118,83,104
1,<environment.Job instance at 0x14623f929050>,41,1,[1 5],62,118,119,56,105
1,<environment.Job instance at 0x14623f91beb0>,46,17,[2 9],67,119,136,52,112
1,<environment.Job instance at 0x14623f91b550>,48,16,[2 8],69,143,159,74,143
1,<environment.Job instance at 0x14623fb0d140>,3,3,[5 2],6,7,10,1,7
1,<environment.Job instance at 0x14623f91e140>,1,3,[2 8],2,7,10,5,7
1,<environment.Job instance at 0x14623fb0d3c0>,7,1,[2 9],12,13,14,1,13
1,<environment.Job instance at 0x14623fb0d7d0>,10,2,[2 7],16,24,26,8,24
1,<environment.Job instance at 0x14623fb37b40>,15,12,[6 1],22,25,37,3,25
1,<environment.Job instance at 0x14623fb37140>,20,3,[10  2],29,37,40,8,31
1,<environment.Job instance at 0x14623fb37dc0>,18,2,[7 1],27,40,42,13,32
1,<environment.Job instance at 0x146266eed190>,29,1,[1 7],41,70,71,29,70
1,<environment.Job instance at 0x146266eeda00>,24,19,[2 9],36,84,103,48,84
1,<environment.Job instance at 0x146266eedaf0>,32,1,[1 9],45,103,104,58,84
1,<environment.Job instance at 0x146266eed730>,28,2,[1 5],40,104,106,64,90
1,<environment.Job instance at 0x146266eeda50>,31,2,[1 5],43,104,106,61,90
1,<environment.Job instance at 0x146266eed5f0>,30,3,[2 7],42,106,109,64,105
1,<environment.Job instance at 0x146266eedcd0>,43,1,[10  1],58,109,110,51,108
1,<environment.Job instance at 0x146266eed1e0>,36,1,[2 8],50,119,120,69,119
1,<environment.Job instance at 0x146266ed6eb0>,51,2,[1 6],67,134,136,67,134
1,<environment.Job instance at 0x146266ed6b40>,48,2,[10  2],63,144,146,81,144
1,<environment.Job instance at 0x146266ed6d70>,52,15,[2 6],69,162,177,93,162
1,<environment.Job instance at 0x146266eedd70>,41,17,[9 1],56,177,194,121,174
1,<environment.Job instance at 0x146267ccd960>,10,2,[10  2],12,15,17,3,15
1,<environment.Job instance at 0x146267ccd780>,11,3,[7 1],16,21,24,5,21
1,<environment.Job instance at 0x146267ccdcd0>,15,3,[2 9],20,21,24,1,21
1,<environment.Job instance at 0x146267ccd910>,17,12,[7 1],24,27,39,3,27
1,<environment.Job instance at 0x146267ccde60>,18,3,[10  1],27,39,42,12,27
1,<environment.Job instance at 0x146267d01410>,21,2,[7 1],32,56,58,24,56
1,<environment.Job instance at 0x146267d01690>,24,2,[5 1],37,60,62,23,60
1,<environment.Job instance at 0x146267d015f0>,22,18,[2 6],34,65,83,31,65
1,<environment.Job instance at 0x146267d019b0>,27,12,[1 5],41,83,95,42,69
1,<environment.Job instance at 0x146267d01a50>,28,13,[7 2],42,74,87,32,74
1,<environment.Job instance at 0x146267d01500>,26,3,[5 2],40,87,90,47,75
1,<environment.Job instance at 0x146267d01780>,30,3,[2 6],46,95,98,49,79
1,<environment.Job instance at 0x146267d01960>,32,16,[1 5],51,98,114,47,92
1,<environment.Job instance at 0x146267d01d20>,34,3,[2 9],54,114,117,60,94
1,<environment.Job instance at 0x146267d01eb0>,35,1,[10  2],55,117,118,62,97
1,<environment.Job instance at 0x146267d01c30>,31,18,[1 5],47,118,136,71,112
1,<environment.Job instance at 0x146267cee370>,39,16,[ 2 10],62,136,152,74,134
1,<environment.Job instance at 0x146267cee500>,42,3,[1 9],68,152,155,84,140
1,<environment.Job instance at 0x146267cee320>,41,2,[1 6],67,155,157,88,153
1,<environment.Job instance at 0x14626408e2d0>,7,3,[9 1],12,12,15,0,12
1,<environment.Job instance at 0x14626408ef00>,6,2,[6 2],11,15,17,4,12
1,<environment.Job instance at 0x146267ccd320>,3,3,[5 1],8,17,20,9,16
1,<environment.Job instance at 0x14623f891cd0>,12,17,[2 8],17,18,35,1,18
1,<environment.Job instance at 0x146266d96140>,13,2,[6 1],19,20,22,1,19
1,<environment.Job instance at 0x146266d96230>,14,2,[ 1 10],20,35,37,15,20
1,<environment.Job instance at 0x14623f891820>,15,3,[9 2],22,37,40,15,23
1,<environment.Job instance at 0x14626c156af0>,18,3,[9 2],25,40,43,15,26
1,<environment.Job instance at 0x146266d96820>,16,2,[5 1],23,26,28,3,26
1,<environment.Job instance at 0x14626ca68a50>,20,15,[2 8],32,43,58,11,33
1,<environment.Job instance at 0x146266e26be0>,21,1,[5 1],33,43,44,10,36
1,<environment.Job instance at 0x146266ee2500>,23,2,[1 8],37,39,41,2,39
1,<environment.Job instance at 0x14623ffdbaa0>,26,15,[2 7],40,58,73,18,44
1,<environment.Job instance at 0x146266f72960>,27,2,[8 2],45,45,47,0,45
1,<environment.Job instance at 0x146266dd2050>,29,3,[6 2],47,47,50,0,47
1,<environment.Job instance at 0x14623ff1c780>,25,3,[2 8],39,73,76,34,57
1,<environment.Job instance at 0x14623fcf7730>,34,12,[7 1],56,69,81,13,69
1,<environment.Job instance at 0x14623fcf7550>,33,2,[7 2],55,90,92,35,90
1,<environment.Job instance at 0x1462679cc780>,38,16,[ 1 10],62,120,136,58,120
1,<environment.Job instance at 0x1462679cccd0>,40,1,[8 1],65,136,137,71,121
1,<environment.Job instance at 0x1462679cc1e0>,41,28,[5 1],66,137,165,71,136
1,<environment.Job instance at 0x1462679ccbe0>,43,18,[5 1],68,142,160,74,142
1,<environment.Job instance at 0x14626cb7af50>,44,15,[6 1],69,196,211,127,196
1,<environment.Job instance at 0x14625c3b79b0>,4,3,[ 1 10],6,6,9,0,6
1,<environment.Job instance at 0x14625c3b75f0>,5,3,[1 5],7,9,12,2,7
1,<environment.Job instance at 0x14625c3b74b0>,6,3,[2 7],8,12,15,4,8
1,<environment.Job instance at 0x14625c3b7050>,7,13,[2 5],9,15,28,6,9
1,<environment.Job instance at 0x14625c3b7d20>,9,2,[5 1],11,11,13,0,11
1,<environment.Job instance at 0x14626cb7a910>,3,12,[2 8],5,28,40,23,16
1,<environment.Job instance at 0x14626cb7afa0>,10,1,[6 2],16,18,19,2,18
1,<environment.Job instance at 0x14625c3b7690>,14,14,[1 5],21,40,54,19,25
1,<environment.Job instance at 0x146267d5a2d0>,18,25,[8 1],29,29,54,0,29
1,<environment.Job instance at 0x146267d5abe0>,23,14,[9 2],36,54,68,18,45
1,<environment.Job instance at 0x146267d5ac30>,22,3,[1 7],34,54,57,20,45
1,<environment.Job instance at 0x1462679cc320>,28,12,[2 9],42,68,80,26,52
1,<environment.Job instance at 0x146267d5adc0>,19,16,[8 1],30,68,84,38,61
1,<environment.Job instance at 0x146265646550>,32,12,[1 7],47,80,92,33,68
1,<environment.Job instance at 0x14623fd555f0>,35,17,[2 9],51,92,109,41,80
1,<environment.Job instance at 0x14623fd55960>,37,2,[6 2],53,84,86,31,82
1,<environment.Job instance at 0x14623fd55730>,33,1,[ 1 10],49,109,110,60,82
1,<environment.Job instance at 0x146267a195f0>,40,12,[ 1 10],57,110,122,53,93
1,<environment.Job instance at 0x14626516cf50>,45,1,[6 2],63,122,123,59,95
1,<environment.Job instance at 0x14626561fcd0>,0,3,[5 2],2,2,5,0,2
1,<environment.Job instance at 0x146266e83af0>,2,1,[8 1],4,6,7,2,6
1,<environment.Job instance at 0x1462655bef00>,5,1,[5 2],9,11,12,2,11
1,<environment.Job instance at 0x146266d9fd20>,10,21,[2 5],15,15,36,0,15
1,<environment.Job instance at 0x146266d9fb40>,11,15,[5 2],16,16,31,0,16
1,<environment.Job instance at 0x146266d9fe60>,12,3,[2 7],18,36,39,18,19
1,<environment.Job instance at 0x14623f84c500>,13,15,[7 2],19,31,46,12,20
1,<environment.Job instance at 0x14623f84ce10>,18,14,[2 6],25,39,53,14,25
1,<environment.Job instance at 0x14623f84e3c0>,22,15,[9 2],30,53,68,23,40
1,<environment.Job instance at 0x14623f84ee10>,27,1,[6 2],37,48,49,11,48
1,<environment.Job instance at 0x14623fba1820>,30,3,[2 6],41,68,71,27,48
1,<environment.Job instance at 0x14623fba1e10>,31,2,[9 1],42,71,73,29,49
1,<environment.Job instance at 0x14623fba1a00>,32,13,[6 1],44,73,86,29,60
1,<environment.Job instance at 0x14623fba1be0>,34,2,[9 2],46,86,88,40,60
1,<environment.Job instance at 0x1462679b10a0>,37,13,[2 6],49,73,86,24,63
1,<environment.Job instance at 0x14623f84c2d0>,20,17,[2 5],27,88,105,61,76
1,<environment.Job instance at 0x1462679b1b40>,42,13,[2 8],56,177,190,121,177
1,<environment.Job instance at 0x1462679b16e0>,46,1,[7 1],60,180,181,120,180
1,<environment.Job instance at 0x1462679b1c80>,45,1,[5 2],59,181,182,122,180
1,<environment.Job instance at 0x14623f97fd20>,49,13,[2 9],63,194,207,131,194
1,<environment.Job instance at 0x14623f84cdc0>,17,16,[1 8],23,207,223,184,195
1,<environment.Job instance at 0x146266f78a50>,2,3,[10  1],3,4,7,1,4
1,<environment.Job instance at 0x14625c2d35a0>,7,17,[1 8],8,8,25,0,8
1,<environment.Job instance at 0x14625c2d32d0>,8,3,[5 2],9,10,13,1,10
1,<environment.Job instance at 0x14625c2d3550>,11,2,[2 5],12,25,27,13,13
1,<environment.Job instance at 0x146266f03050>,18,3,[7 2],21,24,27,3,24
1,<environment.Job instance at 0x14626e4c4c30>,23,2,[10  1],27,27,29,0,27
1,<environment.Job instance at 0x14626e4c40f0>,24,22,[2 6],29,32,54,3,32
1,<environment.Job instance at 0x14626e4c4690>,27,1,[6 1],32,33,34,1,33
1,<environment.Job instance at 0x14623fa70fa0>,28,2,[9 1],34,54,56,20,34
1,<environment.Job instance at 0x14623fa44280>,31,1,[5 1],39,39,40,0,39
1,<environment.Job instance at 0x14623fa443c0>,32,2,[7 2],40,42,44,2,42
1,<environment.Job instance at 0x1462685b2550>,36,2,[7 2],46,46,48,0,46
1,<environment.Job instance at 0x14626caa8be0>,37,1,[6 1],47,48,49,1,47
1,<environment.Job instance at 0x14623fa6f960>,39,17,[1 7],50,54,71,4,51
1,<environment.Job instance at 0x146266f265f0>,41,2,[7 2],55,62,64,7,62
1,<environment.Job instance at 0x14626514ce10>,49,1,[2 9],66,71,72,5,68
1,<environment.Job instance at 0x14626513dc80>,50,2,[10  2],67,72,74,5,69
1,<environment.Job instance at 0x14625c188230>,5,1,[10  1],8,8,9,0,8
1,<environment.Job instance at 0x14625c188690>,1,2,[2 7],3,12,14,9,12
1,<environment.Job instance at 0x14625c188960>,8,3,[9 2],13,14,17,1,14
1,<environment.Job instance at 0x14625c188b90>,10,1,[8 2],17,17,18,0,17
1,<environment.Job instance at 0x14625c188460>,9,1,[1 9],14,18,19,4,18
1,<environment.Job instance at 0x14625c1a1460>,12,1,[9 2],20,20,21,0,20
1,<environment.Job instance at 0x14625c1a1050>,13,1,[10  1],21,24,25,3,24
1,<environment.Job instance at 0x14625c1a1230>,16,3,[6 2],26,26,29,0,26
1,<environment.Job instance at 0x14625c16b6e0>,25,1,[6 2],37,63,64,26,63
1,<environment.Job instance at 0x14625c1a1aa0>,19,14,[7 1],30,70,84,40,70
1,<environment.Job instance at 0x14625c16b820>,30,17,[1 8],48,200,217,152,200
1,<environment.Job instance at 0x14625c16b4b0>,32,17,[1 6],51,231,248,180,231
1,<environment.Job instance at 0x14625c193a50>,34,13,[2 9],56,285,298,229,285
1,<environment.Job instance at 0x14625c193140>,33,3,[1 9],52,298,301,246,292
1,<environment.Job instance at 0x14625c193b90>,36,3,[2 8],58,301,304,243,292
1,<environment.Job instance at 0x14625c193dc0>,38,2,[2 9],61,304,306,243,292
1,<environment.Job instance at 0x14625c1933c0>,39,2,[8 2],62,301,303,239,293
1,<environment.Job instance at 0x14625c193d70>,37,1,[1 8],60,311,312,251,311
1,<environment.Job instance at 0x14625c193500>,45,1,[5 1],68,334,335,266,334
1,<environment.Job instance at 0x1462670206e0>,0,1,[7 2],2,2,3,0,2
1,<environment.Job instance at 0x14625c1a1140>,1,12,[6 2],3,3,15,0,3
1,<environment.Job instance at 0x14623f913730>,7,14,[9 2],10,15,29,5,12
1,<environment.Job instance at 0x14623f9135a0>,9,16,[1 8],12,12,28,0,12
1,<environment.Job instance at 0x14623f9130f0>,10,1,[6 1],13,29,30,16,16
1,<environment.Job instance at 0x14623f9139b0>,14,1,[9 2],17,30,31,13,18
1,<environment.Job instance at 0x14626c1425a0>,15,2,[1 7],18,28,30,10,18
1,<environment.Job instance at 0x14626c142410>,17,16,[2 9],22,31,47,9,30
1,<environment.Job instance at 0x14626caad320>,25,2,[10  1],34,47,49,13,37
1,<environment.Job instance at 0x14626caad910>,26,1,[9 1],35,49,50,14,37
1,<environment.Job instance at 0x14626caadcd0>,28,3,[1 6],37,49,52,12,38
1,<environment.Job instance at 0x14626c142140>,20,14,[ 1 10],27,52,66,25,38
1,<environment.Job instance at 0x14626caadbe0>,24,3,[6 1],33,40,43,7,40
1,<environment.Job instance at 0x146266ef5f50>,34,2,[1 8],49,66,68,17,51
1,<environment.Job instance at 0x146266ef5230>,37,1,[ 2 10],57,68,69,11,57
1,<environment.Job instance at 0x14626566e730>,40,3,[1 8],61,84,87,23,84
1,<environment.Job instance at 0x14626566e6e0>,43,12,[7 2],66,86,98,20,86
1,<environment.Job instance at 0x14626c142a00>,19,23,[9 1],26,101,124,75,101
1,<environment.Job instance at 0x14623ff993c0>,0,15,[ 2 10],2,3,18,1,3
1,<environment.Job instance at 0x146266e26640>,1,2,[5 2],3,18,20,15,4
1,<environment.Job instance at 0x14626708f500>,4,1,[ 2 10],7,20,21,13,7
1,<environment.Job instance at 0x14626708ff00>,5,1,[6 2],8,21,22,13,10
1,<environment.Job instance at 0x14626eb9b870>,8,2,[5 2],11,18,20,7,11
1,<environment.Job instance at 0x146266fa48c0>,13,2,[1 6],17,21,23,4,17
1,<environment.Job instance at 0x146266fa4370>,15,1,[2 7],20,23,24,3,20
1,<environment.Job instance at 0x146266fa41e0>,17,13,[7 1],22,23,36,1,23
1,<environment.Job instance at 0x146266fa4910>,20,22,[ 2 10],27,36,58,9,33
1,<environment.Job instance at 0x146266fa4d20>,22,2,[1 7],29,34,36,5,34
1,<environment.Job instance at 0x14625c182690>,25,1,[7 1],34,58,59,24,35
1,<environment.Job instance at 0x14625c182550>,29,2,[ 1 10],38,59,61,21,38
1,<environment.Job instance at 0x14625c1825a0>,31,1,[2 6],42,58,59,16,42
1,<environment.Job instance at 0x14626708fa00>,7,16,[2 9],10,61,77,51,53
1,<environment.Job instance at 0x14623fff80a0>,41,2,[7 1],58,61,63,3,58
1,<environment.Job instance at 0x14623fff8cd0>,42,21,[6 1],60,63,84,3,62
1,<environment.Job instance at 0x14623fff8640>,44,14,[2 6],63,77,91,14,63
1,<environment.Job instance at 0x146266e24640>,1,27,[5 2],2,3,30,1,3
1,<environment.Job instance at 0x146266e24be0>,3,1,[9 1],4,30,31,26,5
1,<environment.Job instance at 0x146266e24af0>,6,3,[ 1 10],11,31,34,20,11
1,<environment.Job instance at 0x146267a03dc0>,14,3,[8 2],23,34,37,11,23
1,<environment.Job instance at 0x14623f90f280>,15,1,[1 7],24,24,25,0,24
1,<environment.Job instance at 0x14623f90f870>,17,2,[7 1],26,37,39,11,26
1,<environment.Job instance at 0x14625c08db40>,21,16,[1 6],32,34,50,2,33
1,<environment.Job instance at 0x14625c08d1e0>,25,3,[5 1],37,39,42,2,37
1,<environment.Job instance at 0x14623ffbc0a0>,28,2,[1 8],41,50,52,9,41
1,<environment.Job instance at 0x146266e24370>,2,27,[1 9],3,52,79,49,51
1,<environment.Job instance at 0x14623f9074b0>,35,3,[ 2 10],51,79,82,28,58
1,<environment.Job instance at 0x1462658d41e0>,37,1,[9 2],54,82,83,28,66
1,<environment.Job instance at 0x1462658d4cd0>,38,1,[2 8],55,83,84,28,67
1,<environment.Job instance at 0x146266f07c30>,41,1,[1 8],60,82,83,22,67
1,<environment.Job instance at 0x14626e0f64b0>,42,1,[2 9],61,84,85,23,68
1,<environment.Job instance at 0x1462685c3cd0>,44,14,[ 1 10],64,85,99,21,71
1,<environment.Job instance at 0x14626c40b5f0>,48,2,[6 2],69,99,101,30,74
1,<environment.Job instance at 0x14625c08d500>,22,15,[10  2],33,103,118,70,103
1,<environment.Job instance at 0x14626da16eb0>,2,1,[10  1],3,4,5,1,4
1,<environment.Job instance at 0x14626da16640>,4,1,[7 1],5,6,7,1,6
1,<environment.Job instance at 0x14625c06b9b0>,8,3,[2 5],9,10,13,1,10
1,<environment.Job instance at 0x14625c06bdc0>,11,21,[9 2],12,13,34,1,12
1,<environment.Job instance at 0x14626da160a0>,5,3,[9 2],6,34,37,28,12
1,<environment.Job instance at 0x14626da16280>,9,2,[8 1],10,37,39,27,12
1,<environment.Job instance at 0x14625c06b780>,13,16,[5 2],14,39,55,25,29
1,<environment.Job instance at 0x14625c06b960>,19,16,[5 2],23,39,55,16,29
1,<environment.Job instance at 0x14625c06b7d0>,20,1,[6 1],25,55,56,30,29
1,<environment.Job instance at 0x14625c06b690>,22,2,[1 7],29,29,31,0,29
1,<environment.Job instance at 0x14626cbd95f0>,23,3,[7 1],30,56,59,26,53
1,<environment.Job instance at 0x14625c06b4b0>,17,17,[ 2 10],19,59,76,40,53
1,<environment.Job instance at 0x14626cbd93c0>,24,1,[6 1],31,76,77,45,53
1,<environment.Job instance at 0x14626cbd9780>,26,3,[2 9],33,55,58,22,54
1,<environment.Job instance at 0x14626cbd9aa0>,25,15,[6 2],32,77,92,45,69
1,<environment.Job instance at 0x14626cbd9910>,29,16,[2 7],37,117,133,80,117
1,<environment.Job instance at 0x14626cbd9c30>,31,2,[1 5],40,133,135,93,120
1,<environment.Job instance at 0x14626cbd9730>,37,1,[ 1 10],47,135,136,88,120
1,<environment.Job instance at 0x14626cbd9dc0>,30,2,[1 8],39,136,138,97,122
1,<environment.Job instance at 0x14626cbd9280>,39,2,[2 6],49,138,140,89,124
1,<environment.Job instance at 0x1462658cb6e0>,44,14,[1 9],56,140,154,84,134
1,<environment.Job instance at 0x1462658cb410>,45,1,[2 8],57,154,155,97,135
1,<environment.Job instance at 0x1462658cb960>,46,18,[10  2],58,155,173,97,145
1,<environment.Job instance at 0x1462658cbeb0>,48,15,[2 5],60,173,188,113,166
1,<environment.Job instance at 0x1462658cbcd0>,49,3,[1 6],61,188,191,127,171
1,<environment.Job instance at 0x1462658cbaa0>,47,12,[2 9],59,198,210,139,198
1,<environment.Job instance at 0x14626e0bb960>,53,3,[1 5],68,210,213,142,198
1,<environment.Job instance at 0x146266fd6780>,0,16,[7 1],1,3,19,2,3
1,<environment.Job instance at 0x146266fd60f0>,3,2,[5 1],4,19,21,15,4
1,<environment.Job instance at 0x146266fd6a00>,2,14,[1 8],3,6,20,3,6
1,<environment.Job instance at 0x14623faf0370>,6,3,[2 6],7,20,23,13,8
1,<environment.Job instance at 0x14623faf0050>,9,15,[6 1],15,21,36,6,16
1,<environment.Job instance at 0x1462655d8370>,10,2,[7 1],16,36,38,20,17
1,<environment.Job instance at 0x146267089140>,15,16,[2 5],21,23,39,2,21
1,<environment.Job instance at 0x14626c1a1f50>,17,12,[ 1 10],23,39,51,16,23
1,<environment.Job instance at 0x14626cbd9910>,22,3,[2 7],30,51,54,21,32
1,<environment.Job instance at 0x14626cbd9c80>,23,2,[8 2],32,51,53,19,40
1,<environment.Job instance at 0x146266eb08c0>,30,3,[2 6],45,54,57,9,45
1,<environment.Job instance at 0x14623fd88780>,34,3,[1 9],51,57,60,6,51
1,<environment.Job instance at 0x14623fb34320>,35,17,[1 5],52,60,77,8,54
1,<environment.Job instance at 0x14623fd880a0>,33,26,[2 5],49,65,91,16,65
1,<environment.Job instance at 0x14625c1d76e0>,44,3,[10  1],68,91,94,23,71
1,<environment.Job instance at 0x14626c1acaa0>,0,3,[7 2],1,1,4,0,1
1,<environment.Job instance at 0x1462655b7b90>,1,28,[2 5],3,3,31,0,3
1,<environment.Job instance at 0x14623fbbcc30>,3,1,[1 9],5,31,32,26,12
1,<environment.Job instance at 0x14623fc08be0>,6,1,[2 6],8,32,33,24,22
1,<environment.Job instance at 0x14623fc08a50>,11,18,[5 2],17,37,55,20,37
1,<environment.Job instance at 0x14623f9666e0>,18,2,[6 1],28,55,57,27,55
1,<environment.Job instance at 0x14623f966780>,19,3,[1 5],29,57,60,28,57
1,<environment.Job instance at 0x14623f966460>,20,2,[10  2],30,63,65,33,63
1,<environment.Job instance at 0x14623f9664b0>,23,25,[9 1],33,71,96,38,71
1,<environment.Job instance at 0x14623fc1a820>,25,1,[7 1],35,96,97,61,73
1,<environment.Job instance at 0x14626c1c28c0>,26,2,[7 2],36,97,99,61,79
1,<environment.Job instance at 0x1462655dd870>,28,3,[2 6],39,96,99,57,89
1,<environment.Job instance at 0x1462655dd5a0>,30,1,[6 2],41,99,100,58,91
1,<environment.Job instance at 0x14625c048050>,32,1,[2 5],44,99,100,55,92
1,<environment.Job instance at 0x14623ff1b4b0>,33,3,[10  2],47,100,103,53,93
1,<environment.Job instance at 0x14623ff1b550>,34,1,[2 7],48,103,104,55,102
1,<environment.Job instance at 0x14623ff1a320>,36,1,[7 2],51,114,115,63,114
1,<environment.Job instance at 0x146266956b90>,38,15,[6 1],53,116,131,63,116
1,<environment.Job instance at 0x14623fc084b0>,8,2,[2 8],11,116,118,105,116
1,<environment.Job instance at 0x146266956d20>,40,2,[1 5],56,118,120,62,116
1,<environment.Job instance at 0x14623ff3caf0>,47,2,[1 7],64,120,122,56,117
1,<environment.Job instance at 0x146266dc3140>,50,1,[5 1],67,131,132,64,117
1,<environment.Job instance at 0x146266dc3af0>,51,16,[2 6],68,122,138,54,117
1,<environment.Job instance at 0x146266956cd0>,41,3,[2 8],57,138,141,81,129
1,<environment.Job instance at 0x146266956370>,42,17,[10  1],58,141,158,83,139
1,<environment.Job instance at 0x147db3c96230>,6,18,[8 1],7,7,25,0,7
1,<environment.Job instance at 0x147db27345f0>,7,1,[2 6],8,8,9,0,8
1,<environment.Job instance at 0x147db2485fa0>,5,3,[9 2],6,25,28,19,9
1,<environment.Job instance at 0x147db24d2910>,9,2,[6 1],11,28,30,17,12
1,<environment.Job instance at 0x147db270d050>,14,2,[ 1 10],18,30,32,12,18
1,<environment.Job instance at 0x147db24741e0>,12,3,[1 8],14,20,23,6,20
1,<environment.Job instance at 0x147db24c4eb0>,13,2,[8 1],17,32,34,15,22
1,<environment.Job instance at 0x147db24cd780>,17,17,[6 1],23,34,51,11,23
1,<environment.Job instance at 0x147db23e3460>,19,3,[6 2],26,51,54,25,26
1,<environment.Job instance at 0x147db23df7d0>,23,2,[8 1],31,54,56,23,35
1,<environment.Job instance at 0x147db1f74280>,28,2,[2 7],37,37,39,0,37
1,<environment.Job instance at 0x147db1f748c0>,30,15,[2 9],40,54,69,14,40
1,<environment.Job instance at 0x147db1f70050>,37,2,[ 1 10],50,69,71,19,50
1,<environment.Job instance at 0x147db23dfbe0>,24,12,[ 1 10],32,86,98,54,86
1,<environment.Job instance at 0x147db1f6f870>,49,16,[8 2],66,104,120,38,104
1,<environment.Job instance at 0x147db1f6f4b0>,51,2,[8 2],69,120,122,51,107
1,<environment.Job instance at 0x147db1fa9a50>,54,2,[2 5],75,113,115,38,113
1,<environment.Job instance at 0x147db1fa9320>,56,1,[10  2],79,122,123,43,120
1,<environment.Job instance at 0x147db272b960>,0,15,[2 9],2,4,19,2,4
1,<environment.Job instance at 0x147db272b550>,3,3,[1 5],7,19,22,12,8
1,<environment.Job instance at 0x147db272ba50>,7,3,[2 9],12,22,25,10,13
1,<environment.Job instance at 0x147db24f3d70>,14,13,[7 2],22,25,38,3,23
1,<environment.Job instance at 0x147db24f3140>,20,3,[2 9],30,38,41,8,30
1,<environment.Job instance at 0x147db24f3cd0>,17,1,[1 6],27,30,31,3,30
1,<environment.Job instance at 0x147db2735aa0>,24,12,[2 8],35,41,53,6,35
1,<environment.Job instance at 0x147db2735a00>,26,2,[ 1 10],38,53,55,15,43
1,<environment.Job instance at 0x147db27351e0>,31,2,[1 9],46,55,57,9,49
1,<environment.Job instance at 0x147db24e8050>,37,3,[2 8],52,57,60,5,52
1,<environment.Job instance at 0x147db24e8730>,36,1,[5 1],51,56,57,5,56
1,<environment.Job instance at 0x147db24e8af0>,38,12,[9 2],54,60,72,6,56
1,<environment.Job instance at 0x147db24e8f50>,44,1,[2 8],61,72,73,11,70
1,<environment.Job instance at 0x147db24e8dc0>,48,15,[5 1],65,82,97,17,82
1,<environment.Job instance at 0x147db24e84b0>,45,1,[ 2 10],62,97,98,35,89
1,<environment.Job instance at 0x147db2485d70>,52,3,[ 2 10],72,98,101,26,93
1,<environment.Job instance at 0x147db24e87d0>,49,18,[1 8],66,101,119,35,100
1,<environment.Job instance at 0x147db3cb2280>,0,3,[9 1],3,4,7,1,4
1,<environment.Job instance at 0x147db24e8320>,2,1,[1 8],6,9,10,3,9
1,<environment.Job instance at 0x147db247b0f0>,3,15,[1 6],7,10,25,3,10
1,<environment.Job instance at 0x147da0a215a0>,6,3,[1 7],11,25,28,14,12
1,<environment.Job instance at 0x147da0a21910>,11,12,[6 1],16,16,28,0,16
1,<environment.Job instance at 0x147da0a21a00>,12,28,[2 8],19,28,56,9,28
1,<environment.Job instance at 0x147da0a217d0>,13,3,[5 1],23,28,31,5,28
1,<environment.Job instance at 0x147da0a21af0>,15,3,[ 2 10],26,56,59,30,30
1,<environment.Job instance at 0x147da0a23190>,20,2,[ 2 10],34,59,61,25,45
1,<environment.Job instance at 0x147da0a23320>,21,2,[2 9],35,61,63,26,45
1,<environment.Job instance at 0x147da0a23140>,22,17,[ 2 10],36,63,80,27,53
1,<environment.Job instance at 0x147da0a235f0>,24,2,[9 1],39,80,82,41,66
1,<environment.Job instance at 0x147da0a21230>,10,2,[7 2],15,82,84,67,66
1,<environment.Job instance at 0x147da0a23780>,30,15,[1 7],45,80,95,35,77
1,<environment.Job instance at 0x147da0a23af0>,31,3,[ 2 10],47,95,98,48,77
1,<environment.Job instance at 0x147da0a23d20>,33,12,[7 1],50,98,110,48,83
1,<environment.Job instance at 0x147da0a250f0>,39,3,[ 2 10],57,110,113,53,84
1,<environment.Job instance at 0x147da0a25140>,40,18,[8 1],58,113,131,55,103
1,<environment.Job instance at 0x147da0a256e0>,45,16,[9 1],66,131,147,65,120
1,<environment.Job instance at 0x147da0a25820>,48,12,[1 5],72,121,133,49,121
1,<environment.Job instance at 0x147da0a25b90>,47,1,[9 1],71,147,148,76,122
1,<environment.Job instance at 0x147da0a25c80>,51,2,[8 1],76,148,150,72,124
1,<environment.Job instance at 0x147da09ab500>,0,2,[10  2],1,4,6,3,4
1,<environment.Job instance at 0x147da09ab370>,2,1,[2 6],6,9,10,3,9
1,<environment.Job instance at 0x147db0098050>,5,1,[2 8],12,15,16,3,15
1,<environment.Job instance at 0x147db014d1e0>,6,18,[10  1],16,17,35,1,17
1,<environment.Job instance at 0x147db00bdf50>,8,2,[2 5],18,35,37,17,19
1,<environment.Job instance at 0x147db014db90>,10,3,[8 1],22,35,38,13,22
1,<environment.Job instance at 0x147db0093e10>,11,1,[7 2],23,38,39,15,23
1,<environment.Job instance at 0x147da0fe3190>,9,14,[2 8],19,37,51,18,23
1,<environment.Job instance at 0x147db008baa0>,7,2,[7 2],17,39,41,22,34
1,<environment.Job instance at 0x147db0227be0>,18,2,[6 2],32,41,43,9,39
1,<environment.Job instance at 0x147db0116f00>,16,16,[1 7],29,53,69,24,53
1,<environment.Job instance at 0x147db00a5500>,21,3,[ 2 10],35,69,72,34,54
1,<environment.Job instance at 0x147db8ec97d0>,20,16,[1 7],34,76,92,42,76
1,<environment.Job instance at 0x147db00a5c30>,25,1,[2 8],41,92,93,51,77
1,<environment.Job instance at 0x147db015faa0>,27,18,[5 2],43,88,106,45,88
1,<environment.Job instance at 0x147db015fc80>,30,18,[8 1],47,113,131,66,113
1,<environment.Job instance at 0x147db3eaad20>,32,1,[1 8],49,114,115,65,114
1,<environment.Job instance at 0x147db0321f50>,33,3,[1 7],50,115,118,65,114
1,<environment.Job instance at 0x147db4892690>,34,2,[5 2],52,131,133,79,120
1,<environment.Job instance at 0x147db48920a0>,36,2,[5 2],55,131,133,76,121
1,<environment.Job instance at 0x147db48928c0>,37,1,[1 6],57,125,126,68,125
1,<environment.Job instance at 0x147db4892dc0>,38,12,[7 1],58,133,145,75,132
1,<environment.Job instance at 0x147db4887280>,43,3,[1 8],65,138,141,73,138
1,<environment.Job instance at 0x147db48876e0>,46,3,[ 2 10],71,145,148,74,138
1,<environment.Job instance at 0x147db027ae60>,52,3,[7 2],78,165,168,87,165
1,<environment.Job instance at 0x147db24d3690>,0,13,[5 2],1,3,16,2,3
1,<environment.Job instance at 0x147db24d32d0>,3,3,[5 1],4,9,12,5,9
1,<environment.Job instance at 0x147db24d3640>,4,3,[1 7],9,14,17,5,14
1,<environment.Job instance at 0x147db3da9a50>,6,20,[8 2],12,16,36,4,16
1,<environment.Job instance at 0x147db3da95a0>,8,3,[1 9],14,36,39,22,22
1,<environment.Job instance at 0x147db8ecf190>,14,1,[ 2 10],25,39,40,14,25
1,<environment.Job instance at 0x147db3da90a0>,10,2,[2 7],21,26,28,5,26
1,<environment.Job instance at 0x147db1f71870>,16,1,[1 8],28,28,29,0,28
1,<environment.Job instance at 0x147db3ee1d20>,18,12,[2 9],33,40,52,7,33
1,<environment.Job instance at 0x147db3efe0a0>,19,3,[5 2],34,52,55,18,37
1,<environment.Job instance at 0x147db3ecab90>,24,1,[6 2],41,55,56,14,48
1,<environment.Job instance at 0x147db00f7c80>,30,1,[1 9],53,56,57,3,54
1,<environment.Job instance at 0x147db00f7780>,28,2,[1 9],51,57,59,6,56
1,<environment.Job instance at 0x147db00f7c30>,32,1,[9 2],55,59,60,4,58
1,<environment.Job instance at 0x147db00f75a0>,29,2,[1 6],52,60,62,8,60
1,<environment.Job instance at 0x147db00f7320>,33,18,[ 1 10],56,62,80,6,61
1,<environment.Job instance at 0x147db02f17d0>,40,3,[2 7],66,80,83,14,71
1,<environment.Job instance at 0x147da0fab3c0>,47,16,[1 5],78,83,99,5,78
1,<environment.Job instance at 0x147db3f160f0>,45,3,[9 1],74,83,86,9,81
1,<environment.Job instance at 0x147db8ecbe10>,1,2,[5 1],3,3,5,0,3
1,<environment.Job instance at 0x147dbaf32f50>,2,1,[2 7],4,4,5,0,4
1,<environment.Job instance at 0x147dbaef7320>,0,14,[1 6],2,5,19,3,4
1,<environment.Job instance at 0x147db99a9aa0>,7,2,[5 2],12,13,15,1,13
1,<environment.Job instance at 0x147da0cb9a00>,10,1,[7 2],16,16,17,0,16
1,<environment.Job instance at 0x147db9941550>,14,3,[6 1],23,24,27,1,24
1,<environment.Job instance at 0x147db9941be0>,19,12,[5 2],28,28,40,0,28
1,<environment.Job instance at 0x147db99d4050>,26,13,[ 2 10],42,52,65,10,52
1,<environment.Job instance at 0x147db99d4a50>,28,2,[1 5],45,65,67,20,52
1,<environment.Job instance at 0x147db99d4f50>,30,3,[2 9],47,67,70,20,52
1,<environment.Job instance at 0x147db99d4730>,31,1,[5 1],49,65,66,16,52
1,<environment.Job instance at 0x147db99d4370>,32,3,[1 5],50,70,73,20,52
1,<environment.Job instance at 0x147db99d2a50>,37,3,[1 6],57,73,76,16,62
1,<environment.Job instance at 0x147db99d2af0>,38,2,[8 2],58,70,72,12,62
1,<environment.Job instance at 0x147db99d2690>,39,14,[9 1],60,72,86,12,64
1,<environment.Job instance at 0x147db99d2320>,40,3,[10  1],61,86,89,25,65
1,<environment.Job instance at 0x147db99d20f0>,41,2,[1 7],62,76,78,14,65
1,<environment.Job instance at 0x147db4b549b0>,46,15,[10  1],69,89,104,20,79
1,<environment.Job instance at 0x147db4b54050>,47,1,[2 8],70,104,105,34,79
1,<environment.Job instance at 0x147db99d4fa0>,27,1,[2 6],43,105,106,62,92
1,<environment.Job instance at 0x147da0e62870>,1,1,[1 5],2,4,5,2,4
1,<environment.Job instance at 0x147da0b12eb0>,4,16,[1 5],5,5,21,0,5
1,<environment.Job instance at 0x147db991ec30>,2,18,[8 2],3,6,24,3,6
1,<environment.Job instance at 0x147db991e050>,5,2,[ 1 10],6,24,26,18,7
1,<environment.Job instance at 0x147da0ec2280>,10,2,[1 8],11,21,23,10,11
1,<environment.Job instance at 0x147db9941230>,6,17,[2 9],7,26,43,19,16
1,<environment.Job instance at 0x147da0ec23c0>,13,3,[5 2],16,43,46,27,17
1,<environment.Job instance at 0x147da0ec2c30>,14,1,[6 2],18,46,47,28,22
1,<environment.Job instance at 0x147da0ec2550>,16,1,[6 2],21,47,48,26,23
1,<environment.Job instance at 0x147da0eda0a0>,20,2,[2 7],26,43,45,17,30
1,<environment.Job instance at 0x147da0eda4b0>,25,12,[6 1],32,48,60,16,34
1,<environment.Job instance at 0x147da0eda5a0>,26,2,[5 2],33,60,62,27,35
1,<environment.Job instance at 0x147da0edaaf0>,27,1,[7 1],36,38,39,2,38
1,<environment.Job instance at 0x147da0eda910>,28,2,[7 1],37,39,41,2,38
1,<environment.Job instance at 0x147da0ebd230>,32,15,[1 8],42,45,60,3,42
1,<environment.Job instance at 0x147da0ebd5a0>,34,19,[2 9],46,62,81,16,53
1,<environment.Job instance at 0x147dbaf77f00>,46,1,[2 8],60,81,82,21,62
1,<environment.Job instance at 0x147da0af5320>,48,3,[1 7],63,82,85,19,63
1,<environment.Job instance at 0x147da0b10e60>,50,14,[1 6],65,85,99,20,72
1,<environment.Job instance at 0x147da0b106e0>,55,12,[9 2],70,82,94,12,73
1,<environment.Job instance at 0x147da0b10050>,60,16,[ 2 10],75,104,120,29,104
1,<environment.Job instance at 0x147da0b06d20>,0,13,[5 1],1,1,14,0,1
1,<environment.Job instance at 0x147da0675a00>,5,2,[7 1],6,14,16,8,6
1,<environment.Job instance at 0x147da06756e0>,11,3,[7 1],16,19,22,3,19
1,<environment.Job instance at 0x147da0675370>,12,3,[2 8],17,20,23,3,20
1,<environment.Job instance at 0x147da0675e10>,15,3,[2 9],20,23,26,3,21
1,<environment.Job instance at 0x147da0675960>,16,23,[1 6],21,26,49,5,22
1,<environment.Job instance at 0x147db01057d0>,18,3,[10  1],27,49,52,22,29
1,<environment.Job instance at 0x147db01054b0>,23,1,[7 1],36,39,40,3,39
1,<environment.Job instance at 0x147da08fa780>,28,13,[7 2],42,52,65,10,43
1,<environment.Job instance at 0x147da08fa1e0>,30,3,[2 6],46,52,55,6,48
1,<environment.Job instance at 0x147db024a9b0>,37,26,[2 8],58,60,86,2,60
1,<environment.Job instance at 0x147db0211dc0>,43,16,[2 7],71,86,102,15,73
1,<environment.Job instance at 0x147db02118c0>,42,3,[1 9],68,102,105,34,78
1,<environment.Job instance at 0x147db0211c80>,3,2,[5 2],4,4,6,0,4
1,<environment.Job instance at 0x147da09b4fa0>,5,21,[1 8],6,6,27,0,6
1,<environment.Job instance at 0x147da09b4eb0>,7,2,[6 1],9,9,11,0,9
1,<environment.Job instance at 0x147da09e2190>,6,17,[2 8],7,27,44,20,15
1,<environment.Job instance at 0x147da09e23c0>,8,2,[ 1 10],10,44,46,34,20
1,<environment.Job instance at 0x147da09e2730>,13,2,[2 9],17,46,48,29,20
1,<environment.Job instance at 0x147da09e2960>,18,1,[10  2],28,48,49,20,36
1,<environment.Job instance at 0x147da09e2b90>,19,3,[2 8],29,49,52,20,36
1,<environment.Job instance at 0x147da09e2c80>,20,15,[2 7],30,52,67,22,40
1,<environment.Job instance at 0x147da09e2e10>,21,2,[8 2],35,40,42,5,40
1,<environment.Job instance at 0x147da09dd3c0>,25,3,[1 9],41,67,70,26,46
1,<environment.Job instance at 0x147da09dd820>,27,2,[7 2],45,50,52,5,50
1,<environment.Job instance at 0x147da09dd8c0>,28,12,[7 1],46,133,145,87,133
1,<environment.Job instance at 0x147da09b5550>,42,1,[7 1],64,148,149,84,148
1,<environment.Job instance at 0x147da09b5690>,44,3,[ 1 10],66,150,153,84,150
1,<environment.Job instance at 0x147da09b55a0>,43,12,[2 8],65,164,176,99,164
1,<environment.Job instance at 0x147da09b5c30>,50,1,[6 2],76,169,170,93,169
1,<environment.Job instance at 0x147da09b5e10>,53,3,[7 2],79,171,174,92,171
1,<environment.Job instance at 0x147da06751e0>,1,12,[2 6],3,5,17,2,5
1,<environment.Job instance at 0x147da09dd7d0>,2,1,[9 1],5,17,18,12,7
1,<environment.Job instance at 0x147db3cb2320>,5,16,[8 1],10,18,34,8,10
1,<environment.Job instance at 0x147db3cb2a50>,3,17,[2 8],6,18,35,12,11
1,<environment.Job instance at 0x147db00149b0>,7,2,[10  2],13,35,37,22,17
1,<environment.Job instance at 0x147db3cbe550>,14,12,[2 9],22,37,49,15,22
1,<environment.Job instance at 0x147db3e5d550>,15,3,[9 2],23,49,52,26,24
1,<environment.Job instance at 0x147db99115f0>,20,19,[2 5],30,52,71,22,44
1,<environment.Job instance at 0x147db4887d20>,26,12,[ 1 10],37,71,83,34,61
1,<environment.Job instance at 0x147db9224af0>,22,3,[6 2],32,64,67,32,64
1,<environment.Job instance at 0x147db8ef10a0>,38,3,[5 2],52,67,70,15,64
1,<environment.Job instance at 0x147db99d4870>,32,2,[2 7],44,83,85,39,66
1,<environment.Job instance at 0x147db98e8fa0>,46,1,[10  2],63,85,86,22,66
1,<environment.Job instance at 0x147db0078aa0>,51,15,[7 2],69,88,103,19,88
1,<environment.Job instance at 0x147db00cdaf0>,53,2,[2 9],71,103,105,32,94
1,<environment.Job instance at 0x147da0a55d20>,52,15,[6 1],70,103,118,33,95
1,<environment.Job instance at 0x147db1f8af50>,56,14,[2 6],75,105,119,30,98
1,<environment.Job instance at 0x147da0864a50>,58,17,[2 5],77,119,136,42,107
1,<environment.Job instance at 0x147db4b699b0>,41,1,[1 5],56,119,120,63,114
1,<environment.Job instance at 0x147db00cd6e0>,54,2,[1 5],72,120,122,48,120
1,<environment.Job instance at 0x147da0c4f370>,0,2,[5 2],1,4,6,3,4
1,<environment.Job instance at 0x147da0d2c500>,6,1,[2 6],10,13,14,3,13
1,<environment.Job instance at 0x147da0cc7b40>,12,3,[5 1],17,17,20,0,17
1,<environment.Job instance at 0x147da0cc7f00>,14,13,[2 6],19,23,36,4,23
1,<environment.Job instance at 0x147da0dd07d0>,23,1,[7 1],30,37,38,7,37
1,<environment.Job instance at 0x147db3db30a0>,25,2,[6 2],32,38,40,6,38
1,<environment.Job instance at 0x147db3db39b0>,27,1,[6 2],35,40,41,5,38
1,<environment.Job instance at 0x147db3c09190>,30,13,[10  1],39,41,54,2,39
1,<environment.Job instance at 0x147db4778a50>,39,17,[1 8],48,75,92,27,75
1,<environment.Job instance at 0x147db4778a00>,43,2,[2 5],52,92,94,40,82
1,<environment.Job instance at 0x147db4778190>,41,2,[8 2],50,82,84,32,82
1,<environment.Job instance at 0x147db4778780>,45,22,[8 1],55,104,126,49,104
1,<environment.Job instance at 0x147db4778e60>,47,3,[10  2],57,126,129,69,105
1,<environment.Job instance at 0x147db2408410>,50,3,[7 2],61,129,132,68,126
1,<environment.Job instance at 0x147db2408640>,51,2,[2 9],62,132,134,70,129
1,<environment.Job instance at 0x147db2408910>,53,18,[6 1],65,135,153,70,135
1,<environment.Job instance at 0x147da0bf69b0>,54,15,[2 9],66,147,162,81,147
1,<environment.Job instance at 0x147da0bf6c80>,59,1,[6 1],72,168,169,96,168
1,<environment.Job instance at 0x147da0e045f0>,38,1,[5 1],47,169,170,122,169
1,<environment.Job instance at 0x147db2408e10>,49,17,[1 7],60,169,186,109,169
1,<environment.Job instance at 0x147db4791cd0>,2,1,[ 2 10],4,4,5,0,4
1,<environment.Job instance at 0x147db4791050>,6,17,[1 7],10,10,27,0,10
1,<environment.Job instance at 0x147db4791e60>,8,2,[7 2],15,16,18,1,16
1,<environment.Job instance at 0x147db3da9fa0>,17,2,[10  2],27,31,33,4,31
1,<environment.Job instance at 0x147db3da9640>,18,1,[6 1],30,33,34,3,31
1,<environment.Job instance at 0x147db3da9500>,20,2,[2 7],33,34,36,1,34
1,<environment.Job instance at 0x147db4791af0>,13,2,[1 9],22,41,43,19,41
1,<environment.Job instance at 0x147db3da9b90>,24,1,[10  1],38,43,44,5,43
1,<environment.Job instance at 0x147db3d7d6e0>,27,3,[9 2],43,44,47,1,43
1,<environment.Job instance at 0x147da06e1870>,28,1,[1 9],44,47,48,3,44
1,<environment.Job instance at 0x147da06e1280>,30,22,[2 5],49,51,73,2,51
1,<environment.Job instance at 0x147da06e1730>,37,15,[2 5],59,75,90,16,75
1,<environment.Job instance at 0x147db3d614b0>,49,17,[1 8],78,224,241,146,224
1,<environment.Job instance at 0x147da06e1960>,39,2,[7 1],61,232,234,171,232
1,<environment.Job instance at 0x147dbaedb690>,45,2,[ 1 10],68,241,243,173,234
1,<environment.Job instance at 0x147db9a14910>,2,13,[2 9],6,6,19,0,6
1,<environment.Job instance at 0x147db7080640>,6,2,[2 9],11,19,21,8,11
1,<environment.Job instance at 0x147db7080230>,8,15,[10  1],13,21,36,8,14
1,<environment.Job instance at 0x147db708ca50>,11,2,[ 1 10],16,36,38,20,16
1,<environment.Job instance at 0x147da095b500>,15,1,[8 1],20,20,21,0,20
1,<environment.Job instance at 0x147da095b370>,17,12,[6 2],23,38,50,15,24
1,<environment.Job instance at 0x147da095bf50>,16,1,[7 2],22,50,51,28,24
1,<environment.Job instance at 0x147db23e3cd0>,25,16,[1 8],32,51,67,19,51
1,<environment.Job instance at 0x147db2430870>,30,1,[9 2],37,55,56,18,55
1,<environment.Job instance at 0x147db23e35f0>,31,2,[1 7],38,67,69,29,55
1,<environment.Job instance at 0x147db23e3230>,26,1,[6 1],33,59,60,26,59
1,<environment.Job instance at 0x147db23e7a00>,34,23,[2 6],44,69,92,25,64
1,<environment.Job instance at 0x147db3c2caf0>,38,1,[8 2],49,75,76,26,75
1,<environment.Job instance at 0x147da0e3db40>,43,3,[5 1],56,77,80,21,77
1,<environment.Job instance at 0x147da095b690>,18,3,[1 7],24,92,95,68,77
1,<environment.Job instance at 0x147da0e30aa0>,46,20,[8 1],60,84,104,24,84
1,<environment.Job instance at 0x147db3c19be0>,49,13,[2 5],68,95,108,27,84
1,<environment.Job instance at 0x147da0e30460>,50,2,[1 8],69,108,110,39,84
1,<environment.Job instance at 0x147db24ac1e0>,2,16,[9 1],4,5,21,1,5
1,<environment.Job instance at 0x147db02e8820>,8,1,[ 2 10],17,21,22,4,17
1,<environment.Job instance at 0x147db3e0deb0>,14,3,[2 8],23,43,46,20,43
1,<environment.Job instance at 0x147da0d4d820>,20,2,[1 8],31,77,79,46,77
1,<environment.Job instance at 0x147db02eabe0>,21,13,[7 1],32,78,91,46,78
1,<environment.Job instance at 0x147da0d326e0>,27,3,[2 8],40,82,85,42,82
1,<environment.Job instance at 0x147da0a62b40>,24,22,[ 2 10],37,91,113,54,84
1,<environment.Job instance at 0x147db00c9aa0>,45,2,[7 1],68,113,115,45,95
1,<environment.Job instance at 0x147da0d41870>,42,2,[8 2],63,115,117,52,106
1,<environment.Job instance at 0x147db00c9f50>,50,2,[2 8],75,113,115,38,111
1,<environment.Job instance at 0x147db02e8f50>,2,27,[1 9],3,4,31,1,4
1,<environment.Job instance at 0x147db3d2ba50>,7,1,[8 2],12,31,32,19,12
1,<environment.Job instance at 0x147db3d2bbe0>,10,13,[8 2],16,32,45,16,17
1,<environment.Job instance at 0x147db9a14410>,14,3,[8 2],23,45,48,22,23
1,<environment.Job instance at 0x147db9a14500>,17,2,[7 1],26,28,30,2,28
1,<environment.Job instance at 0x147db9a149b0>,19,1,[1 7],30,31,32,1,30
1,<environment.Job instance at 0x147db1f9ed70>,25,3,[5 1],37,48,51,11,37
1,<environment.Job instance at 0x147db480f410>,28,2,[1 8],41,42,44,1,42
1,<environment.Job instance at 0x147db480fb90>,30,2,[ 2 10],45,51,53,6,45
1,<environment.Job instance at 0x147da0a93050>,1,27,[5 2],2,68,95,66,68
1,<environment.Job instance at 0x147db9a14910>,18,28,[1 6],27,110,138,83,110
1,<environment.Job instance at 0x147db480f140>,39,1,[5 1],56,120,121,64,120
1,<environment.Job instance at 0x147db3c6f8c0>,41,1,[1 8],60,138,139,78,128
1,<environment.Job instance at 0x147db480f640>,42,1,[2 9],61,139,140,78,130
1,<environment.Job instance at 0x147db480f190>,38,1,[2 8],55,140,141,85,137
1,<environment.Job instance at 0x147db3c89c30>,44,14,[ 1 10],64,152,166,88,152
1,<environment.Job instance at 0x147db271aeb0>,46,1,[10  1],66,166,167,100,152
1,<environment.Job instance at 0x147db271ae10>,45,1,[7 2],65,167,168,102,153
1,<environment.Job instance at 0x147db271a550>,48,2,[6 2],69,168,170,99,158
1,<environment.Job instance at 0x147db271a3c0>,47,3,[2 5],68,180,183,112,180
1,<environment.Job instance at 0x147db271ad20>,49,18,[2 9],70,248,266,178,248
1,<environment.Job instance at 0x147db271a730>,54,1,[7 1],75,249,250,174,249
1,<environment.Job instance at 0x147db271a5a0>,57,26,[8 1],78,261,287,183,261
1,<environment.Job instance at 0x147db271a640>,58,3,[2 5],79,266,269,187,265
1,<environment.Job instance at 0x147db1f9eb40>,22,15,[10  2],33,287,302,254,277
1,<environment.Job instance at 0x147db3efe050>,0,27,[6 1],1,2,29,1,2
1,<environment.Job instance at 0x147db3efe910>,8,1,[1 8],12,27,28,15,27
1,<environment.Job instance at 0x147dbb9d5c80>,7,17,[ 2 10],9,29,46,20,28
1,<environment.Job instance at 0x147da0863cd0>,21,2,[1 5],30,46,48,16,43
1,<environment.Job instance at 0x147db4ac1d20>,38,15,[2 5],50,89,104,39,89
1,<environment.Job instance at 0x147db4ac1690>,39,3,[1 6],51,104,107,53,89
1,<environment.Job instance at 0x147db4ac1640>,40,2,[1 8],53,107,109,54,95
1,<environment.Job instance at 0x147db4ac1eb0>,41,17,[7 1],54,102,119,48,102
1,<environment.Job instance at 0x147db4ac1500>,42,16,[8 2],55,119,135,64,117
1,<environment.Job instance at 0x147db4ac1f00>,45,1,[10  2],60,135,136,75,129
1,<environment.Job instance at 0x147db4ac1820>,47,1,[1 6],62,138,139,76,138
1,<environment.Job instance at 0x147dbb8b6b40>,50,2,[7 2],65,168,170,103,168
1,<environment.Job instance at 0x147db4ac1870>,37,12,[2 9],49,171,183,122,171
1,<environment.Job instance at 0x147dbae89370>,56,2,[7 1],76,177,179,101,177
1,<environment.Job instance at 0x147dbb8b6c80>,51,1,[1 6],66,186,187,120,186
1,<environment.Job instance at 0x147da08faeb0>,5,3,[5 2],8,9,12,1,9
1,<environment.Job instance at 0x147da08fa140>,4,1,[6 2],7,12,13,5,11
1,<environment.Job instance at 0x147da08ee230>,7,3,[2 7],10,16,19,6,16
1,<environment.Job instance at 0x147da08eedc0>,9,14,[2 9],17,19,33,2,18
1,<environment.Job instance at 0x147da08eefa0>,10,1,[5 2],19,33,34,14,19
1,<environment.Job instance at 0x147da0923550>,15,3,[2 6],25,33,36,8,27
1,<environment.Job instance at 0x147da0923d20>,19,3,[1 9],31,36,39,5,33
1,<environment.Job instance at 0x147da0923960>,22,1,[1 8],35,39,40,4,37
1,<environment.Job instance at 0x147da0923af0>,18,26,[2 5],29,40,66,11,37
1,<environment.Job instance at 0x147da09238c0>,23,1,[10  2],39,66,67,27,39
1,<environment.Job instance at 0x147db3da9f00>,29,3,[10  1],48,67,70,19,48
1,<environment.Job instance at 0x147db4b907d0>,26,3,[7 2],43,52,55,9,52
1,<environment.Job instance at 0x147db1f700a0>,37,1,[2 6],58,84,85,26,84
1,<environment.Job instance at 0x147db1f70a00>,38,1,[1 5],60,88,89,28,88
1,<environment.Job instance at 0x147db9210320>,39,2,[2 8],61,100,102,39,100
1,<environment.Job instance at 0x147dbaeec230>,41,3,[2 5],65,131,134,66,131
1,<environment.Job instance at 0x147da0d8c230>,43,1,[1 6],68,134,135,66,132
1,<environment.Job instance at 0x147da0d8c730>,44,2,[2 6],70,135,137,65,134
1,<environment.Job instance at 0x147dbaedc960>,45,2,[6 2],71,142,144,71,142
1,<environment.Job instance at 0x147dbaedc910>,47,1,[10  1],76,150,151,74,150
1,<environment.Job instance at 0x147da0cba8c0>,48,3,[10  1],77,160,163,83,160
1,<environment.Job instance at 0x147da06a7780>,49,2,[6 1],78,165,167,87,165
1,<environment.Job instance at 0x147da08ff640>,1,1,[1 8],2,4,5,2,4
1,<environment.Job instance at 0x147db23dab40>,4,1,[7 1],5,8,9,3,8
1,<environment.Job instance at 0x147db4833c80>,9,1,[6 2],11,13,14,2,13
1,<environment.Job instance at 0x147db23da910>,10,1,[9 1],12,14,15,2,13
1,<environment.Job instance at 0x147db23da050>,6,13,[10  1],8,15,28,7,13
1,<environment.Job instance at 0x147db4833be0>,11,1,[2 5],14,28,29,14,17
1,<environment.Job instance at 0x147db4833d70>,15,1,[7 2],21,28,29,7,24
1,<environment.Job instance at 0x147db9243c30>,20,3,[2 8],27,29,32,2,28
1,<environment.Job instance at 0x147db9243640>,23,1,[8 2],30,37,38,7,37
1,<environment.Job instance at 0x147db9243910>,22,26,[5 2],29,38,64,9,38
1,<environment.Job instance at 0x147db9243c80>,28,2,[6 1],36,64,66,28,40
1,<environment.Job instance at 0x147db3da9640>,32,14,[5 2],44,46,60,2,46
1,<environment.Job instance at 0x147db3da9e60>,36,3,[2 7],49,60,63,11,51
1,<environment.Job instance at 0x147db3da91e0>,39,3,[1 7],55,63,66,8,55
1,<environment.Job instance at 0x147db3da92d0>,40,14,[2 5],57,66,80,9,59
1,<environment.Job instance at 0x147db3da9e10>,38,22,[2 9],53,80,102,27,77
1,<environment.Job instance at 0x147da06c4aa0>,46,13,[2 9],67,107,120,40,107
1,<environment.Job instance at 0x147db3bc25f0>,55,2,[6 2],78,120,122,42,117
1,<environment.Job instance at 0x147db4b25d20>,0,2,[1 6],6,8,10,2,8
1,<environment.Job instance at 0x147db4b25690>,2,2,[2 8],10,10,12,0,10
1,<environment.Job instance at 0x147db4b25af0>,7,2,[5 1],18,19,21,1,19
1,<environment.Job instance at 0x147db2728f00>,9,1,[7 2],20,21,22,1,20
1,<environment.Job instance at 0x147db4b25be0>,8,3,[9 1],19,22,25,3,22
1,<environment.Job instance at 0x147db4b25460>,6,12,[2 9],17,25,37,8,22
1,<environment.Job instance at 0x147db27289b0>,12,2,[2 5],25,37,39,12,25
1,<environment.Job instance at 0x147db2728af0>,15,1,[1 8],28,39,40,11,29
1,<environment.Job instance at 0x147db2728500>,16,20,[7 2],29,37,57,8,32
1,<environment.Job instance at 0x147db024ad20>,29,12,[2 9],44,72,84,28,72
1,<environment.Job instance at 0x147db024ac80>,31,2,[5 1],54,76,78,22,76
1,<environment.Job instance at 0x147db024aeb0>,32,2,[1 6],55,84,86,29,80
1,<environment.Job instance at 0x147db024ae60>,34,1,[6 1],57,85,86,28,85
1,<environment.Job instance at 0x147db37880f0>,39,16,[ 2 10],63,92,108,29,92
1,<environment.Job instance at 0x147db246b9b0>,47,15,[7 1],77,108,123,31,97
1,<environment.Job instance at 0x147db2439140>,3,17,[5 2],5,5,22,0,5
1,<environment.Job instance at 0x147db024a8c0>,4,3,[10  1],7,22,25,15,7
1,<environment.Job instance at 0x147db3e7c4b0>,5,1,[9 2],8,25,26,17,8
1,<environment.Job instance at 0x147da0ebabe0>,7,2,[1 5],10,11,13,1,11
1,<environment.Job instance at 0x147da0eba9b0>,9,2,[10  2],12,26,28,14,12
1,<environment.Job instance at 0x147da0eba320>,11,1,[1 5],15,15,16,0,15
1,<environment.Job instance at 0x147da0ebacd0>,12,2,[1 9],16,28,30,12,17
1,<environment.Job instance at 0x147da0ebac30>,13,2,[1 7],19,19,21,0,19
1,<environment.Job instance at 0x147da0ebadc0>,14,3,[1 8],20,30,33,10,20
1,<environment.Job instance at 0x147da0bcb370>,15,19,[5 2],21,30,49,9,21
1,<environment.Job instance at 0x147da0bcb960>,17,3,[1 7],23,33,36,10,23
1,<environment.Job instance at 0x147db0265370>,19,3,[7 2],25,49,52,24,25
1,<environment.Job instance at 0x147da0c9b0f0>,22,1,[10  1],28,52,53,24,28
1,<environment.Job instance at 0x147da0c8d5a0>,23,2,[8 2],30,53,55,23,30
1,<environment.Job instance at 0x147da09d5eb0>,25,3,[6 1],32,55,58,23,32
1,<environment.Job instance at 0x147db23e65a0>,21,15,[8 2],27,73,88,46,73
1,<environment.Job instance at 0x147da0c73410>,34,12,[6 1],43,88,100,45,85
1,<environment.Job instance at 0x147da0c73d70>,39,14,[ 2 10],48,100,114,52,93
1,<environment.Job instance at 0x147da0c73fa0>,40,1,[2 7],50,95,96,45,95
1,<environment.Job instance at 0x147da0c73820>,42,3,[ 2 10],52,114,117,62,97
1,<environment.Job instance at 0x147da0c73dc0>,41,3,[8 2],51,117,120,66,114
1,<environment.Job instance at 0x147da0c83280>,46,2,[2 8],60,117,119,57,117
1,<environment.Job instance at 0x147da0ca6fa0>,48,15,[10  1],63,120,135,57,120
1,<environment.Job instance at 0x147da0c7b8c0>,56,2,[8 1],72,135,137,63,130
1,<environment.Job instance at 0x147da0ca6690>,50,12,[1 7],66,135,147,69,130
1,<environment.Job instance at 0x147da0aef0a0>,58,1,[ 2 10],75,147,148,72,130
1,<environment.Job instance at 0x147da0c11aa0>,59,3,[ 2 10],77,148,151,71,132
1,<environment.Job instance at 0x147da0c833c0>,47,17,[1 8],62,151,168,89,149
1,<environment.Job instance at 0x146a67e7aa00>,1,3,[1 9],2,2,5,0,2
1,<environment.Job instance at 0x146a67e7aa50>,0,12,[2 5],1,5,17,4,2
1,<environment.Job instance at 0x146a5e8edc30>,4,2,[7 2],5,5,7,0,5
1,<environment.Job instance at 0x146a5e91c410>,5,3,[9 2],6,17,20,11,6
1,<environment.Job instance at 0x146a5e8ed140>,3,1,[6 2],4,7,8,3,6
1,<environment.Job instance at 0x146a5eb55be0>,8,13,[6 1],9,20,33,11,10
1,<environment.Job instance at 0x146a5e917f00>,12,3,[1 8],14,17,20,3,14
1,<environment.Job instance at 0x146a5e82d640>,17,17,[6 1],23,33,50,10,23
1,<environment.Job instance at 0x146a5e856be0>,18,2,[10  1],25,50,52,25,25
1,<environment.Job instance at 0x146a5e829910>,23,2,[8 1],31,52,54,21,32
1,<environment.Job instance at 0x146a5e829dc0>,21,3,[6 1],29,54,57,25,35
1,<environment.Job instance at 0x146a66c97c30>,10,13,[2 8],12,52,65,40,38
1,<environment.Job instance at 0x146a5e3be6e0>,28,2,[2 7],37,65,67,28,51
1,<environment.Job instance at 0x146a5e3be1e0>,31,3,[9 2],41,67,70,26,51
1,<environment.Job instance at 0x146a5e3be140>,32,3,[2 9],42,70,73,28,51
1,<environment.Job instance at 0x146a5e3be3c0>,30,15,[2 9],40,73,88,33,60
1,<environment.Job instance at 0x146a5e3b9190>,43,3,[7 2],57,88,91,31,75
1,<environment.Job instance at 0x146a5e3b9730>,46,2,[2 8],61,93,95,32,93
1,<environment.Job instance at 0x146a5e3b9f50>,45,3,[2 8],60,95,98,35,93
1,<environment.Job instance at 0x146a5e3b9500>,47,1,[1 6],63,98,99,35,98
1,<environment.Job instance at 0x146a5e3d7aa0>,52,2,[1 7],72,99,101,27,98
1,<environment.Job instance at 0x146a5e3d3690>,57,22,[1 5],80,132,154,52,132
1,<environment.Job instance at 0x146a5e89f320>,61,3,[1 5],87,145,148,58,145
1,<environment.Job instance at 0x146a5e89fa50>,62,3,[9 2],88,148,151,60,146
1,<environment.Job instance at 0x146a5e3d3280>,58,15,[2 9],82,184,199,102,184
1,<environment.Job instance at 0x146a5e3b99b0>,2,3,[1 9],3,4,7,1,4
1,<environment.Job instance at 0x146a5e91cb40>,6,2,[ 2 10],7,7,9,0,7
1,<environment.Job instance at 0x146a5e93d320>,8,13,[7 2],12,13,26,1,13
1,<environment.Job instance at 0x146a5e93d2d0>,9,2,[6 2],13,26,28,13,13
1,<environment.Job instance at 0x146a5e93da50>,12,2,[2 5],18,18,20,0,18
1,<environment.Job instance at 0x146a5e93dcd0>,11,1,[1 6],17,21,22,4,21
1,<environment.Job instance at 0x146a5e93de60>,13,2,[ 1 10],19,28,30,9,21
1,<environment.Job instance at 0x146a5e90ea00>,22,2,[1 8],31,32,34,1,32
1,<environment.Job instance at 0x146a5e90ef00>,28,15,[7 1],39,40,55,1,40
1,<environment.Job instance at 0x146a5e90ec30>,30,1,[5 1],41,55,56,14,42
1,<environment.Job instance at 0x146a5eb7d9b0>,32,12,[9 2],44,56,68,12,44
1,<environment.Job instance at 0x146a5eb7d1e0>,39,1,[ 2 10],52,68,69,16,55
1,<environment.Job instance at 0x146a5eb7ddc0>,34,13,[ 1 10],46,99,112,53,99
1,<environment.Job instance at 0x146a5eb7dcd0>,36,17,[1 9],49,112,129,63,102
1,<environment.Job instance at 0x146a5eb76870>,48,1,[8 1],64,112,113,48,102
1,<environment.Job instance at 0x146a5eb71460>,53,1,[1 7],70,129,130,59,103
1,<environment.Job instance at 0x146a5eb71fa0>,56,1,[1 8],76,130,131,54,108
1,<environment.Job instance at 0x146a5eb71820>,60,3,[1 7],81,131,134,50,111
1,<environment.Job instance at 0x146a5eb71050>,62,27,[1 8],83,137,164,54,137
1,<environment.Job instance at 0x146a5eb71f00>,64,2,[7 2],85,138,140,53,138
1,<environment.Job instance at 0x146a5eb71a50>,65,12,[6 1],86,140,152,54,138
1,<environment.Job instance at 0x146a5e8b5870>,3,2,[1 9],8,11,13,3,11
1,<environment.Job instance at 0x146a44e66780>,5,3,[5 2],12,13,16,1,13
1,<environment.Job instance at 0x146a44e666e0>,4,2,[ 2 10],11,16,18,5,14
1,<environment.Job instance at 0x146a44e66af0>,7,2,[ 2 10],14,18,20,4,15
1,<environment.Job instance at 0x146a44e66b90>,8,2,[2 9],15,20,22,5,15
1,<environment.Job instance at 0x146a44e66be0>,10,19,[ 1 10],18,22,41,4,19
1,<environment.Job instance at 0x146a44e66e10>,12,3,[5 2],20,41,44,21,20
1,<environment.Job instance at 0x146a44e66c80>,11,2,[9 1],19,44,46,25,20
1,<environment.Job instance at 0x146a44e67690>,17,15,[1 7],25,41,56,16,27
1,<environment.Job instance at 0x146a44e67730>,22,3,[8 1],32,46,49,14,33
1,<environment.Job instance at 0x146a44e67e10>,24,3,[6 1],34,49,52,15,34
1,<environment.Job instance at 0x146a44e67c80>,27,18,[8 1],38,52,70,14,41
1,<environment.Job instance at 0x146a44e690a0>,28,16,[1 6],39,56,72,17,45
1,<environment.Job instance at 0x146a44e69280>,31,1,[2 6],43,72,73,29,54
1,<environment.Job instance at 0x146a44e69370>,32,16,[9 1],46,73,89,27,61
1,<environment.Job instance at 0x146a44e69910>,36,2,[6 2],53,70,72,17,70
1,<environment.Job instance at 0x146a44e69b40>,38,2,[8 1],56,89,91,33,73
1,<environment.Job instance at 0x146a44e69be0>,40,2,[1 5],59,73,75,14,73
1,<environment.Job instance at 0x146a44e69960>,43,3,[2 8],65,89,92,24,75
1,<environment.Job instance at 0x146a44e69f00>,44,1,[2 6],66,92,93,26,75
1,<environment.Job instance at 0x146a44e69d20>,45,2,[1 6],67,75,77,8,75
1,<environment.Job instance at 0x146a44e6b0a0>,46,18,[7 2],69,91,109,22,80
1,<environment.Job instance at 0x146a44e6bc80>,51,14,[2 8],79,97,111,18,97
1,<environment.Job instance at 0x146a44e6bf00>,52,3,[8 1],82,109,112,27,98
1,<environment.Job instance at 0x146a44e6bfa0>,53,1,[7 2],83,112,113,29,98
1,<environment.Job instance at 0x146a44e67050>,14,13,[ 2 10],22,122,135,100,122
1,<environment.Job instance at 0x146a44e667d0>,6,15,[2 7],13,135,150,122,131
1,<environment.Job instance at 0x146a44e67500>,20,12,[7 1],30,137,149,107,137
1,<environment.Job instance at 0x146a44dee140>,56,14,[6 1],87,149,163,62,144
1,<environment.Job instance at 0x146a44dee2d0>,57,15,[2 8],88,156,171,68,156
1,<environment.Job instance at 0x146a44e66640>,1,2,[6 2],2,9,11,7,9
1,<environment.Job instance at 0x146a45475d70>,6,3,[1 5],9,13,16,4,13
1,<environment.Job instance at 0x146a44e66550>,2,1,[1 5],3,58,59,55,58
1,<environment.Job instance at 0x146a45475280>,4,3,[ 2 10],5,199,202,194,199
1,<environment.Job instance at 0x146a454e0690>,15,1,[1 8],19,258,259,239,258
1,<environment.Job instance at 0x146a454e0280>,16,3,[1 7],20,265,268,245,265
1,<environment.Job instance at 0x146a454e0dc0>,17,2,[5 2],22,268,270,246,268
1,<environment.Job instance at 0x146a453fe820>,20,1,[1 6],27,281,282,254,281
1,<environment.Job instance at 0x146a454ebbe0>,25,1,[2 5],34,301,302,267,301
1,<environment.Job instance at 0x146a4569c870>,23,3,[2 7],30,308,311,278,308
1,<environment.Job instance at 0x146a454d9870>,29,3,[ 2 10],41,313,316,272,313
1,<environment.Job instance at 0x146a454d9a50>,30,14,[8 2],42,316,330,274,316
1,<environment.Job instance at 0x146a455b77d0>,35,3,[7 2],48,330,333,282,319
1,<environment.Job instance at 0x146a45545640>,42,12,[7 1],61,333,345,272,319
1,<environment.Job instance at 0x146a4566d2d0>,47,2,[2 7],71,330,332,259,330
1,<environment.Job instance at 0x146a5e87ac30>,48,2,[9 2],72,345,347,273,331
1,<environment.Job instance at 0x146a5e87afa0>,49,3,[5 2],73,347,350,274,331
1,<environment.Job instance at 0x146a5e87a9b0>,52,18,[5 2],77,347,365,270,339
1,<environment.Job instance at 0x146a65376be0>,56,3,[5 2],84,350,353,266,341
1,<environment.Job instance at 0x146a65376c30>,57,2,[ 2 10],85,365,367,280,351
1,<environment.Job instance at 0x146a455b7eb0>,36,21,[7 2],50,367,388,317,367
1,<environment.Job instance at 0x146a454f06e0>,3,2,[8 1],8,8,10,0,8
1,<environment.Job instance at 0x146a456e1780>,1,3,[2 7],3,10,13,7,10
1,<environment.Job instance at 0x146a60325af0>,5,2,[1 6],12,13,15,1,12
1,<environment.Job instance at 0x146a454f0b40>,7,3,[1 8],14,15,18,1,14
1,<environment.Job instance at 0x146a60369c80>,11,3,[ 2 10],20,20,23,0,20
1,<environment.Job instance at 0x146a60369e60>,15,1,[6 2],25,25,26,0,25
1,<environment.Job instance at 0x146a60369910>,17,14,[7 2],27,28,42,1,28
1,<environment.Job instance at 0x146a45478d20>,20,2,[2 9],31,42,44,11,33
1,<environment.Job instance at 0x146a45478910>,22,18,[6 2],36,44,62,8,39
1,<environment.Job instance at 0x146a60f184b0>,24,3,[5 1],40,62,65,22,41
1,<environment.Job instance at 0x146a60f18c30>,25,14,[1 6],42,44,58,2,42
1,<environment.Job instance at 0x146a60f18f50>,27,1,[2 7],44,58,59,14,45
1,<environment.Job instance at 0x146a453f0d70>,29,2,[6 1],46,65,67,19,46
1,<environment.Job instance at 0x146a453f0c80>,28,2,[10  2],45,67,69,22,54
1,<environment.Job instance at 0x146a453f0aa0>,33,3,[1 7],53,59,62,6,55
1,<environment.Job instance at 0x146a453f0e10>,36,3,[1 7],58,62,65,4,59
1,<environment.Job instance at 0x146a4566d730>,40,26,[9 1],64,69,95,5,66
1,<environment.Job instance at 0x146a4566d8c0>,46,3,[8 1],73,95,98,22,74
1,<environment.Job instance at 0x146a4566d410>,41,2,[2 9],65,95,97,30,76
1,<environment.Job instance at 0x146a4566daa0>,48,27,[1 7],75,97,124,22,95
1,<environment.Job instance at 0x146a456767d0>,56,1,[5 1],89,98,99,9,96
1,<environment.Job instance at 0x146a45676550>,49,15,[2 8],78,124,139,46,112
1,<environment.Job instance at 0x146a45676fa0>,50,16,[2 8],79,139,155,60,133
1,<environment.Job instance at 0x146a44ff8280>,8,2,[1 7],12,12,14,0,12
1,<environment.Job instance at 0x146a44ff81e0>,6,14,[9 1],10,23,37,13,23
1,<environment.Job instance at 0x146a65d2c870>,21,2,[1 7],31,34,36,3,34
1,<environment.Job instance at 0x146a44ee8910>,24,3,[1 6],34,44,47,10,44
1,<environment.Job instance at 0x146a45213820>,36,2,[2 8],49,140,142,91,140
1,<environment.Job instance at 0x146a452131e0>,39,27,[ 2 10],53,143,170,90,143
1,<environment.Job instance at 0x146a45213a00>,44,2,[ 1 10],60,170,172,110,148
1,<environment.Job instance at 0x146a452132d0>,40,2,[10  1],54,172,174,118,161
1,<environment.Job instance at 0x146a44eba320>,48,1,[7 1],66,174,175,108,162
1,<environment.Job instance at 0x146a44ebafa0>,50,1,[7 2],68,175,176,107,165
1,<environment.Job instance at 0x146a44eba730>,49,2,[7 1],67,176,178,109,169
1,<environment.Job instance at 0x146a44eba0f0>,55,19,[2 9],76,186,205,110,186
1,<environment.Job instance at 0x146a44eba140>,58,1,[6 2],79,205,206,126,191
1,<environment.Job instance at 0x146a44ebad20>,60,1,[1 7],81,205,206,124,197
1,<environment.Job instance at 0x146a44eba8c0>,65,15,[7 1],87,218,233,131,218
1,<environment.Job instance at 0x146a45213550>,45,3,[2 5],61,218,221,157,218
1,<environment.Job instance at 0x146a456fa960>,1,3,[1 7],3,4,7,1,4
1,<environment.Job instance at 0x146a456fa9b0>,7,1,[1 8],9,9,10,0,9
1,<environment.Job instance at 0x146a456fa780>,2,17,[2 7],4,12,29,8,12
1,<environment.Job instance at 0x146a457136e0>,11,2,[10  2],13,29,31,16,13
1,<environment.Job instance at 0x146a457137d0>,12,16,[10  2],14,31,47,17,19
1,<environment.Job instance at 0x146a45713b40>,16,2,[7 2],20,20,22,0,20
1,<environment.Job instance at 0x146a454b4aa0>,18,2,[1 8],22,47,49,25,23
1,<environment.Job instance at 0x146a454b4b90>,19,14,[6 1],23,47,61,24,32
1,<environment.Job instance at 0x146a456fa7d0>,10,3,[9 2],12,61,64,49,35
1,<environment.Job instance at 0x146a45236fa0>,27,2,[10  2],32,64,66,32,53
1,<environment.Job instance at 0x146a44b27fa0>,28,3,[7 1],36,66,69,30,58
1,<environment.Job instance at 0x146a44a79230>,29,3,[2 8],37,77,80,40,77
1,<environment.Job instance at 0x146a44a79320>,30,3,[1 9],38,85,88,47,85
1,<environment.Job instance at 0x146a45713910>,13,16,[ 2 10],15,95,111,80,95
1,<environment.Job instance at 0x146a60f92730>,31,16,[10  1],39,111,127,72,100
1,<environment.Job instance at 0x146a60febe60>,36,3,[6 1],49,129,132,80,129
1,<environment.Job instance at 0x146a6015d1e0>,37,3,[8 1],50,132,135,82,131
1,<environment.Job instance at 0x146a60143f50>,39,18,[2 6],54,138,156,84,138
1,<environment.Job instance at 0x146a4567ebe0>,38,2,[7 1],52,139,141,87,139
1,<environment.Job instance at 0x146a60143aa0>,41,2,[5 1],57,142,144,85,142
1,<environment.Job instance at 0x146a60143730>,42,14,[2 5],58,156,170,98,147
1,<environment.Job instance at 0x146a601436e0>,43,3,[5 2],60,149,152,89,149
1,<environment.Job instance at 0x146a45684d70>,45,13,[7 2],62,152,165,90,152
1,<environment.Job instance at 0x146a60135910>,47,3,[2 6],66,170,173,104,157
1,<environment.Job instance at 0x146a60135690>,49,16,[1 5],71,173,189,102,161
1,<environment.Job instance at 0x146a60143640>,44,12,[1 5],61,180,192,119,180
1,<environment.Job instance at 0x146a60135d20>,51,3,[2 9],74,192,195,118,181
1,<environment.Job instance at 0x146a601355a0>,50,1,[1 9],72,195,196,123,183
1,<environment.Job instance at 0x146a45713eb0>,15,15,[2 6],19,196,211,177,186
1,<environment.Job instance at 0x146a60135d70>,53,1,[5 2],76,189,190,113,186
1,<environment.Job instance at 0x146a60135730>,55,2,[ 1 10],80,211,213,131,193
1,<environment.Job instance at 0x146a6020e780>,0,16,[2 7],1,1,17,0,1
1,<environment.Job instance at 0x146a601357d0>,2,3,[10  2],4,17,20,13,5
1,<environment.Job instance at 0x146a6020ea50>,5,2,[7 2],10,11,13,1,11
1,<environment.Job instance at 0x146a6020e190>,8,14,[2 8],13,20,34,7,14
1,<environment.Job instance at 0x146a6020e730>,9,2,[5 2],14,15,17,1,15
1,<environment.Job instance at 0x146a5e827a00>,14,2,[ 1 10],20,34,36,14,20
1,<environment.Job instance at 0x146a5e827a50>,15,3,[9 2],22,36,39,14,22
1,<environment.Job instance at 0x146a5e827d70>,19,2,[2 9],27,39,41,12,27
1,<environment.Job instance at 0x146a6020edc0>,7,3,[9 1],12,41,44,29,36
1,<environment.Job instance at 0x146a5e8270a0>,20,15,[2 8],32,44,59,12,36
1,<environment.Job instance at 0x146a60f47cd0>,26,15,[2 7],40,65,80,25,65
1,<environment.Job instance at 0x146a5e827aa0>,18,3,[9 2],25,80,83,55,68
1,<environment.Job instance at 0x146a60f1cfa0>,38,16,[ 1 10],62,83,99,21,71
1,<environment.Job instance at 0x146a60f47b90>,30,1,[8 1],49,75,76,26,75
1,<environment.Job instance at 0x146a60f1ce10>,39,3,[2 5],64,99,102,35,80
1,<environment.Job instance at 0x146a601fee60>,42,13,[8 2],67,99,112,32,85
1,<environment.Job instance at 0x146a5e8a3370>,50,3,[ 1 10],76,112,115,36,95
1,<environment.Job instance at 0x146a5e8a3cd0>,45,3,[6 2],70,115,118,45,96
1,<environment.Job instance at 0x146a5e89e780>,55,2,[5 1],81,118,120,37,101
1,<environment.Job instance at 0x146a5e8bacd0>,57,1,[1 9],87,118,119,31,102
1,<environment.Job instance at 0x146a602ab230>,59,3,[7 2],89,120,123,31,104
1,<environment.Job instance at 0x146a4573dd20>,5,16,[8 1],10,10,26,0,10
1,<environment.Job instance at 0x146a4573da50>,9,14,[9 2],16,26,40,10,16
1,<environment.Job instance at 0x146a4573d820>,10,1,[10  2],17,40,41,23,17
1,<environment.Job instance at 0x146a67e1d320>,16,13,[1 9],24,41,54,17,31
1,<environment.Job instance at 0x146a4569c640>,18,12,[1 7],27,54,66,27,42
1,<environment.Job instance at 0x146a4569c190>,21,17,[2 9],31,66,83,35,58
1,<environment.Job instance at 0x146a67e7a870>,33,16,[ 2 10],45,83,99,38,71
1,<environment.Job instance at 0x146a44e3a410>,36,2,[1 9],49,99,101,50,79
1,<environment.Job instance at 0x146a44e3a6e0>,38,3,[5 2],52,101,104,49,80
1,<environment.Job instance at 0x146a44e3a730>,44,17,[10  1],60,104,121,44,93
1,<environment.Job instance at 0x146a44e3a280>,48,21,[2 5],65,121,142,56,116
1,<environment.Job instance at 0x146a44e3a870>,49,15,[5 2],66,121,136,55,116
1,<environment.Job instance at 0x146a5e852b40>,52,15,[6 1],70,136,151,66,123
1,<environment.Job instance at 0x146a5e852730>,55,16,[1 8],73,142,158,69,131
1,<environment.Job instance at 0x146a5e852d70>,60,15,[9 2],80,151,166,71,142
1,<environment.Job instance at 0x146a60bc0cd0>,64,17,[9 1],86,166,183,80,155
1,<environment.Job instance at 0x146a67e1d280>,14,12,[2 9],22,187,199,165,187
1,<environment.Job instance at 0x146a44f3de60>,1,2,[9 1],2,3,5,1,3
1,<environment.Job instance at 0x146a67e1d280>,3,2,[7 2],5,5,7,0,5
1,<environment.Job instance at 0x146a44f3d0f0>,0,3,[2 6],1,5,8,4,5
1,<environment.Job instance at 0x146a44f3dfa0>,6,2,[ 1 10],8,9,11,1,9
1,<environment.Job instance at 0x146a44f3dc30>,7,13,[2 6],9,14,27,5,14
1,<environment.Job instance at 0x146a44f3dd70>,11,17,[2 7],15,39,56,24,39
1,<environment.Job instance at 0x146a6eea17d0>,10,17,[7 1],14,42,59,28,42
1,<environment.Job instance at 0x146a60cb55f0>,19,13,[2 9],23,56,69,33,47
1,<environment.Job instance at 0x146a60cb58c0>,20,1,[6 2],25,69,70,44,47
1,<environment.Job instance at 0x146a60cb5500>,16,1,[7 1],20,59,60,39,51
1,<environment.Job instance at 0x146a60cb52d0>,24,1,[5 1],30,60,61,30,52
1,<environment.Job instance at 0x146a60cb5690>,28,3,[6 1],34,61,64,27,55
1,<environment.Job instance at 0x146a68019b40>,31,1,[5 1],37,64,65,27,56
1,<environment.Job instance at 0x146a60cb5780>,32,17,[1 8],38,69,86,31,59
1,<environment.Job instance at 0x146a60cb5c30>,34,2,[8 2],40,70,72,30,59
1,<environment.Job instance at 0x146a602accd0>,35,3,[2 8],41,86,89,45,60
1,<environment.Job instance at 0x146a67e3a9b0>,37,13,[7 2],44,72,85,28,63
1,<environment.Job instance at 0x146a602ac1e0>,39,15,[ 2 10],46,89,104,43,77
1,<environment.Job instance at 0x146a452364b0>,41,3,[2 5],49,104,107,55,79
1,<environment.Job instance at 0x146a45236820>,43,3,[7 2],51,85,88,34,80
1,<environment.Job instance at 0x146a65d1caf0>,44,2,[2 9],52,107,109,55,80
1,<environment.Job instance at 0x146a65d1cc30>,46,18,[6 1],55,104,122,49,93
1,<environment.Job instance at 0x146a454c31e0>,54,19,[1 5],66,134,153,68,134
1,<environment.Job instance at 0x146a454c3050>,60,1,[ 2 10],74,153,154,79,135
1,<environment.Job instance at 0x146a5e8db050>,5,2,[10  2],7,29,31,22,29
1,<environment.Job instance at 0x146a5e8db2d0>,6,1,[6 1],10,31,32,21,31
1,<environment.Job instance at 0x146a5e8dbd70>,8,2,[2 7],13,33,35,20,33
1,<environment.Job instance at 0x146a5e8db280>,2,14,[1 6],3,50,64,47,50
1,<environment.Job instance at 0x146a5e8db140>,9,3,[2 5],14,64,67,50,56
1,<environment.Job instance at 0x146a454c3eb0>,12,1,[10  1],18,67,68,49,64
1,<environment.Job instance at 0x146a5e8db320>,15,3,[9 2],23,68,71,45,65
1,<environment.Job instance at 0x146a454c37d0>,11,12,[5 2],17,71,83,54,66
1,<environment.Job instance at 0x146a5e8dbf50>,17,1,[8 2],27,83,84,56,70
1,<environment.Job instance at 0x146a5e8dbdc0>,16,1,[1 9],24,84,85,60,78
1,<environment.Job instance at 0x146a5e8dbc80>,18,22,[2 5],29,85,107,56,80
1,<environment.Job instance at 0x146a5e8dbe60>,23,3,[6 2],36,85,88,49,82
1,<environment.Job instance at 0x146a5e8f95a0>,25,15,[2 5],39,97,112,58,97
1,<environment.Job instance at 0x146a5e8f98c0>,26,14,[7 1],40,107,121,67,101
1,<environment.Job instance at 0x146a5e8f9b40>,28,1,[8 1],42,121,122,79,102
1,<environment.Job instance at 0x146a5e8f9190>,32,1,[6 2],47,134,135,87,134
1,<environment.Job instance at 0x146a5e8f9320>,29,2,[10  2],43,135,137,92,135
1,<environment.Job instance at 0x146a5e8f9e60>,36,3,[10  1],52,139,142,87,139
1,<environment.Job instance at 0x146a5e8f9870>,37,17,[1 8],58,202,219,144,202
1,<environment.Job instance at 0x146a5e8f9460>,39,17,[1 6],61,219,236,158,216
1,<environment.Job instance at 0x146a5e8f9550>,40,3,[1 9],62,236,239,174,217
1,<environment.Job instance at 0x146a60ff4190>,41,13,[2 9],66,260,273,194,260
1,<environment.Job instance at 0x146a44f7d960>,44,1,[1 8],70,273,274,203,266
1,<environment.Job instance at 0x146a44f7d320>,43,3,[2 8],68,274,277,206,269
1,<environment.Job instance at 0x146a4504fc80>,49,1,[8 2],75,284,285,209,284
1,<environment.Job instance at 0x146a5e8f9780>,34,2,[2 7],49,325,327,276,325
1,<environment.Job instance at 0x146a60f93780>,55,1,[7 2],82,334,335,252,334
1,<environment.Job instance at 0x146a5e3bed70>,56,12,[6 2],83,344,356,261,344
1,<environment.Job instance at 0x146a5e8edaa0>,54,1,[8 1],80,356,357,276,356
1,<environment.Job instance at 0x146a5e3be140>,59,3,[9 1],87,359,362,272,359
1,<environment.Job instance at 0x146a5e3be820>,61,14,[ 2 10],89,368,382,279,368
1,<environment.Job instance at 0x146a5e3be780>,60,14,[7 1],88,382,396,294,377
1,<environment.Job instance at 0x146a44c745a0>,0,1,[1 9],1,3,4,2,3
1,<environment.Job instance at 0x146a44c74280>,2,1,[6 1],3,4,5,1,4
1,<environment.Job instance at 0x146a44c74820>,1,16,[1 8],2,4,20,2,4
1,<environment.Job instance at 0x146a5e8db8c0>,5,2,[8 2],6,6,8,0,6
1,<environment.Job instance at 0x146a45024550>,7,2,[1 7],8,20,22,12,10
1,<environment.Job instance at 0x146a45024eb0>,10,23,[2 6],14,22,45,8,18
1,<environment.Job instance at 0x146a60b9b780>,19,3,[5 1],26,26,29,0,26
1,<environment.Job instance at 0x146a45024e10>,13,1,[5 2],18,35,36,17,35
1,<environment.Job instance at 0x146a5e93d190>,26,2,[1 8],39,59,61,20,59
1,<environment.Job instance at 0x146a45024140>,8,26,[1 6],11,66,92,55,66
1,<environment.Job instance at 0x146a6183f320>,29,1,[ 2 10],47,92,93,45,75
1,<environment.Job instance at 0x146a6183f370>,36,15,[ 2 10],62,121,136,59,121
1,<environment.Job instance at 0x146a6183fd70>,38,2,[7 2],64,136,138,72,129
1,<environment.Job instance at 0x146a5e93ddc0>,28,2,[9 2],43,138,140,95,132
1,<environment.Job instance at 0x146a60f93370>,41,1,[6 2],68,140,141,72,134
1,<environment.Job instance at 0x146a60f937d0>,50,2,[8 1],78,156,158,78,156
1,<environment.Job instance at 0x146a60f932d0>,51,1,[2 7],80,156,157,76,156
1,<environment.Job instance at 0x146a60f933c0>,48,1,[ 2 10],76,158,159,82,156
1,<environment.Job instance at 0x146a60f93c30>,52,2,[1 8],81,159,161,78,156
1,<environment.Job instance at 0x146a60be1370>,56,22,[ 2 10],87,161,183,74,158
1,<environment.Job instance at 0x146a60be15a0>,57,2,[10  2],88,183,185,95,158
1,<environment.Job instance at 0x146a60c543c0>,2,2,[5 2],5,8,10,3,8
1,<environment.Job instance at 0x146a45672dc0>,4,3,[6 1],7,10,13,3,8
1,<environment.Job instance at 0x146a45672af0>,6,1,[7 1],9,13,14,4,9
1,<environment.Job instance at 0x146a4557a640>,9,1,[5 1],14,14,15,0,14
1,<environment.Job instance at 0x146a4557aeb0>,13,15,[6 1],22,24,39,2,24
1,<environment.Job instance at 0x146a4557a690>,14,2,[8 2],23,39,41,16,24
1,<environment.Job instance at 0x146a6016b0f0>,20,14,[2 6],33,36,50,3,36
1,<environment.Job instance at 0x146a6016b9b0>,16,3,[2 6],27,50,53,23,38
1,<environment.Job instance at 0x146a6016bb90>,22,2,[2 8],35,53,55,18,40
1,<environment.Job instance at 0x146a6016b3c0>,24,1,[1 7],40,55,56,15,40
1,<environment.Job instance at 0x146a6016b140>,25,12,[2 8],41,56,68,15,44
1,<environment.Job instance at 0x146a60f3fc80>,28,1,[9 1],44,55,56,11,45
1,<environment.Job instance at 0x146a60f3fb90>,29,1,[ 2 10],45,68,69,23,48
1,<environment.Job instance at 0x146a60f3f7d0>,31,3,[ 1 10],51,69,72,18,55
1,<environment.Job instance at 0x146a60f3f550>,36,1,[7 1],57,77,78,20,77
1,<environment.Job instance at 0x146a60f3f050>,30,12,[2 8],48,82,94,34,82
1,<environment.Job instance at 0x146a601ac320>,41,3,[2 8],65,94,97,29,83
1,<environment.Job instance at 0x146a601ac3c0>,42,2,[7 1],66,88,90,22,88
1,<environment.Job instance at 0x146a601acf00>,44,1,[1 7],70,97,98,27,91
1,<environment.Job instance at 0x146a601ac190>,46,16,[1 6],72,98,114,26,94
1,<environment.Job instance at 0x146a601acbe0>,47,15,[10  2],73,114,129,41,102
1,<environment.Job instance at 0x146a456f6be0>,52,1,[2 7],80,129,130,49,122
1,<environment.Job instance at 0x146a60003eb0>,53,2,[1 8],81,130,132,49,125
1,<environment.Job instance at 0x146a601acaa0>,54,1,[1 9],83,133,134,50,133
1,<environment.Job instance at 0x146a601ac7d0>,43,28,[1 6],67,200,228,133,200
1,<environment.Job instance at 0x146a454f3c30>,0,3,[ 2 10],1,1,4,0,1
1,<environment.Job instance at 0x146a60168a00>,2,1,[9 2],4,4,5,0,4
1,<environment.Job instance at 0x146a454e63c0>,1,15,[6 1],3,5,20,2,5
1,<environment.Job instance at 0x146a60cf1460>,4,1,[5 1],6,20,21,14,9
1,<environment.Job instance at 0x146a44f625f0>,8,3,[1 9],12,12,15,0,12
1,<environment.Job instance at 0x146a44f628c0>,5,1,[8 1],8,21,22,13,13
1,<environment.Job instance at 0x146a44f62af0>,7,1,[2 9],11,15,16,4,15
1,<environment.Job instance at 0x146a44f62370>,11,1,[10  1],16,22,23,6,16
1,<environment.Job instance at 0x146a44f310f0>,12,3,[2 5],18,23,26,5,20
1,<environment.Job instance at 0x146a44f2f0a0>,13,2,[6 2],19,23,25,4,20
1,<environment.Job instance at 0x146a65dcc3c0>,15,3,[2 9],21,26,29,5,22
1,<environment.Job instance at 0x146a44f2f5a0>,16,1,[1 6],22,29,30,7,22
1,<environment.Job instance at 0x146a44f31140>,10,1,[7 2],15,25,26,10,22
1,<environment.Job instance at 0x146a45283dc0>,17,1,[10  1],23,30,31,7,23
1,<environment.Job instance at 0x146a60c55b40>,18,17,[5 1],24,31,48,7,24
1,<environment.Job instance at 0x146a44f2fc80>,20,3,[9 2],26,48,51,22,26
1,<environment.Job instance at 0x146a60070e10>,19,1,[7 1],25,26,27,1,26
1,<environment.Job instance at 0x146a60039460>,21,2,[1 8],27,31,33,4,29
1,<environment.Job instance at 0x146a457db230>,34,16,[5 2],43,51,67,8,50
1,<environment.Job instance at 0x146a65cb84b0>,35,1,[6 1],45,67,68,22,50
1,<environment.Job instance at 0x146a457db1e0>,32,17,[ 2 10],39,106,123,67,106
1,<environment.Job instance at 0x146a65cb8fa0>,39,1,[6 1],51,123,124,72,112
1,<environment.Job instance at 0x146a65cb8730>,37,2,[1 7],49,123,125,74,115
1,<environment.Job instance at 0x146a65cb8eb0>,40,15,[6 2],52,125,140,73,125
1,<environment.Job instance at 0x146a601637d0>,42,17,[1 8],55,282,299,227,282
1,<environment.Job instance at 0x146a4559f8c0>,30,13,[2 8],37,299,312,262,286
1,<environment.Job instance at 0x146a634bd690>,50,17,[5 2],64,289,306,225,289
1,<environment.Job instance at 0x146a634bd230>,51,2,[2 6],66,312,314,246,290
1,<environment.Job instance at 0x146a65399960>,53,1,[2 7],68,314,315,246,296
1,<environment.Job instance at 0x146a45241f00>,55,17,[5 2],70,313,330,243,313
1,<environment.Job instance at 0x146a653c8500>,62,12,[2 9],79,339,351,260,339
1,<environment.Job instance at 0x146a653c8f50>,64,3,[1 6],81,360,363,279,360
1,<environment.Job instance at 0x146a45241730>,56,2,[5 1],72,363,365,291,363
1,<environment.Job instance at 0x146a44c3ab40>,5,1,[1 6],6,6,7,0,6
1,<environment.Job instance at 0x146a5e3ad6e0>,2,14,[1 8],3,8,22,5,8
1,<environment.Job instance at 0x146a44c45410>,10,2,[7 1],16,17,19,1,17
1,<environment.Job instance at 0x146a44c3ab90>,9,15,[6 1],15,19,34,4,17
1,<environment.Job instance at 0x146a44c45eb0>,13,2,[2 5],19,22,24,3,21
1,<environment.Job instance at 0x146a44c45960>,19,1,[6 2],27,34,35,7,30
1,<environment.Job instance at 0x146a44c45d70>,21,15,[8 1],29,39,54,10,39
1,<environment.Job instance at 0x146a44c45730>,23,2,[8 2],32,54,56,22,47
1,<environment.Job instance at 0x146a44c41780>,31,2,[7 1],47,56,58,9,48
1,<environment.Job instance at 0x146a44c415f0>,28,1,[2 8],43,48,49,5,48
1,<environment.Job instance at 0x146a44c41eb0>,33,26,[2 5],49,49,75,0,49
1,<environment.Job instance at 0x146a44c41370>,27,1,[7 2],42,58,59,16,49
1,<environment.Job instance at 0x146a44c41be0>,34,3,[1 9],51,75,78,24,51
1,<environment.Job instance at 0x146a44c5e0f0>,36,3,[8 1],54,59,62,5,56
1,<environment.Job instance at 0x146a44c412d0>,25,1,[5 2],39,62,63,23,57
1,<environment.Job instance at 0x146a44c5e6e0>,38,1,[10  2],59,78,79,19,61
1,<environment.Job instance at 0x146a44c5e730>,39,2,[2 6],60,79,81,19,62
1,<environment.Job instance at 0x146a44c5e320>,40,1,[1 5],61,71,72,10,71
1,<environment.Job instance at 0x146a44c600a0>,47,28,[2 5],73,83,111,10,83
1,<environment.Job instance at 0x146a44c600f0>,48,15,[ 2 10],74,139,154,65,139
1,<environment.Job instance at 0x146a44c60280>,50,3,[6 2],76,154,157,78,140
1,<environment.Job instance at 0x146a44c60230>,53,1,[1 5],80,154,155,74,143
1,<environment.Job instance at 0x146a44c60460>,52,1,[2 6],78,155,156,77,150
1,<environment.Job instance at 0x146a44c60730>,55,24,[2 9],82,216,240,134,216
1,<environment.Job instance at 0x146a44c60500>,54,2,[2 8],81,240,242,159,237
1,<environment.Job instance at 0x146a450c0b90>,1,3,[2 7],2,5,8,3,5
1,<environment.Job instance at 0x146a450b59b0>,4,2,[6 1],8,9,11,1,9
1,<environment.Job instance at 0x146a450b5dc0>,7,1,[9 1],11,14,15,3,14
1,<environment.Job instance at 0x146a456c8870>,6,2,[10  2],10,15,17,5,14
1,<environment.Job instance at 0x146a450db640>,12,2,[7 2],16,18,20,2,18
1,<environment.Job instance at 0x146a602332d0>,14,3,[2 6],19,21,24,2,21
1,<environment.Job instance at 0x146a60233640>,16,1,[6 2],21,22,23,1,22
1,<environment.Job instance at 0x146a60233500>,13,13,[10  1],18,24,37,6,22
1,<environment.Job instance at 0x146a44f7ff00>,22,1,[7 2],31,37,38,6,36
1,<environment.Job instance at 0x146a44f7fa50>,27,3,[2 8],37,37,40,0,37
1,<environment.Job instance at 0x146a44a90960>,29,26,[5 2],39,39,65,0,39
1,<environment.Job instance at 0x146a4533c0f0>,33,2,[1 7],44,47,49,3,47
1,<environment.Job instance at 0x146a4533c640>,37,16,[2 6],48,51,67,3,51
1,<environment.Job instance at 0x146a4571a550>,28,17,[10  1],38,67,84,29,55
1,<environment.Job instance at 0x146a45741410>,42,2,[9 2],58,84,86,26,59
1,<environment.Job instance at 0x146a45741d70>,47,14,[2 5],67,86,100,19,76
1,<environment.Job instance at 0x146a4533c0a0>,34,3,[2 9],45,100,103,55,79
1,<environment.Job instance at 0x146a45741f00>,43,3,[2 7],59,103,106,44,81
1,<environment.Job instance at 0x146a4533c4b0>,35,2,[6 1],46,91,93,45,91
1,<environment.Job instance at 0x146a65d2f370>,60,1,[5 1],86,93,94,7,91
1,<environment.Job instance at 0x146a65d2fd20>,57,3,[5 1],83,96,99,13,96
1,<environment.Job instance at 0x146a6010ba50>,61,3,[8 1],87,99,102,12,96
1,<environment.Job instance at 0x146a60060e60>,62,2,[6 2],88,103,105,15,98
1,<environment.Job instance at 0x146a4578d140>,2,2,[2 8],10,11,13,1,11
1,<environment.Job instance at 0x146a4578dc30>,1,18,[8 1],8,15,33,7,15
1,<environment.Job instance at 0x146a4578daf0>,5,3,[6 2],16,33,36,17,17
1,<environment.Job instance at 0x146a65d1a1e0>,11,3,[9 2],24,36,39,12,25
1,<environment.Job instance at 0x146a45094e60>,13,1,[1 9],26,27,28,1,27
1,<environment.Job instance at 0x146a4574aaf0>,15,1,[1 8],28,29,30,1,29
1,<environment.Job instance at 0x146a4574a460>,16,20,[7 2],29,39,59,10,31
1,<environment.Job instance at 0x146a4574adc0>,17,1,[1 9],30,32,33,2,32
1,<environment.Job instance at 0x146a456fb0f0>,21,1,[8 1],36,59,60,23,38
1,<environment.Job instance at 0x146a4574a410>,19,3,[ 2 10],32,60,63,28,38
1,<environment.Job instance at 0x146a44e96cd0>,28,1,[5 2],43,63,64,20,52
1,<environment.Job instance at 0x146a44e964b0>,31,2,[5 1],54,73,75,19,73
1,<environment.Job instance at 0x146a44e96aa0>,32,2,[1 6],55,87,89,32,87
1,<environment.Job instance at 0x146a44e96af0>,33,2,[1 8],56,104,106,48,104
1,<environment.Job instance at 0x146a44e96140>,35,18,[10  2],59,106,124,47,105
1,<environment.Job instance at 0x146a44e96230>,38,1,[1 5],62,124,125,62,105
1,<environment.Job instance at 0x146a44e96b90>,41,3,[1 7],65,125,128,60,106
1,<environment.Job instance at 0x146a451c7280>,46,1,[8 1],76,124,125,48,109
1,<environment.Job instance at 0x146a451c7a50>,47,15,[7 1],77,125,140,48,111
1,<environment.Job instance at 0x146a451c75f0>,50,13,[1 9],80,128,141,48,114
1,<environment.Job instance at 0x146a451c7780>,51,2,[7 2],81,141,143,60,114
1,<environment.Job instance at 0x146a455764b0>,56,1,[9 2],88,143,144,55,126
1,<environment.Job instance at 0x146a45576d70>,57,17,[8 1],89,144,161,55,132
1,<environment.Job instance at 0x146a44e96640>,39,16,[ 2 10],63,161,177,98,148
1,<environment.Job instance at 0x146a65387190>,3,1,[1 5],5,15,16,10,15
1,<environment.Job instance at 0x146a653945f0>,11,3,[7 2],15,18,21,3,18
1,<environment.Job instance at 0x146a65394d70>,13,15,[8 2],17,21,36,4,18
1,<environment.Job instance at 0x146a65394f50>,16,1,[1 6],21,23,24,2,23
1,<environment.Job instance at 0x146a653af460>,19,3,[2 5],24,27,30,3,27
1,<environment.Job instance at 0x146a653af410>,20,3,[2 8],26,30,33,4,28
1,<environment.Job instance at 0x146a653af910>,22,3,[1 8],28,33,36,5,29
1,<environment.Job instance at 0x146a653afe60>,17,3,[6 1],22,36,39,14,30
1,<environment.Job instance at 0x146a653afc30>,27,13,[8 1],34,39,52,5,34
1,<environment.Job instance at 0x146a653af8c0>,28,3,[2 8],35,36,39,1,36
1,<environment.Job instance at 0x146a6539a370>,30,2,[1 6],37,39,41,2,37
1,<environment.Job instance at 0x146a6539a1e0>,29,2,[1 7],36,42,44,6,42
1,<environment.Job instance at 0x146a6539a870>,34,3,[ 2 10],42,52,55,10,44
1,<environment.Job instance at 0x146a6539a9b0>,35,2,[9 1],44,55,57,11,45
1,<environment.Job instance at 0x146a6539aaa0>,36,1,[2 5],45,57,58,12,52
1,<environment.Job instance at 0x146a6539af00>,40,15,[10  1],53,58,73,5,53
1,<environment.Job instance at 0x146a6539aeb0>,41,3,[1 8],55,73,76,18,55
1,<environment.Job instance at 0x146a6539ac30>,37,3,[1 8],47,76,79,29,55
1,<environment.Job instance at 0x146a653b05a0>,46,2,[2 9],60,79,81,19,60
1,<environment.Job instance at 0x146a653b0230>,45,3,[1 8],59,81,84,22,61
1,<environment.Job instance at 0x146a65d8c410>,48,2,[8 1],62,73,75,11,65
1,<environment.Job instance at 0x146a65d8c0a0>,50,1,[ 2 10],65,84,85,19,66
1,<environment.Job instance at 0x146a44dcec30>,51,3,[ 2 10],67,85,88,18,67
1,<environment.Job instance at 0x146a453a6640>,53,13,[1 7],70,90,103,20,90
1,<environment.Job instance at 0x146a65d8c2d0>,54,16,[5 1],71,110,126,39,110
1,<environment.Job instance at 0x146a452147d0>,60,18,[8 2],79,145,163,66,145
1,<environment.Job instance at 0x146a44dc0c80>,62,3,[2 6],81,148,151,67,148
1,<environment.Job instance at 0x146a44dc07d0>,63,3,[2 6],82,160,163,78,160
1,<environment.Job instance at 0x146a44dc0fa0>,61,16,[2 9],80,165,181,85,165
1,<environment.Job instance at 0x146a5e39d500>,67,3,[2 7],87,181,184,94,172
1,<environment.Job instance at 0x146a5e39dc30>,68,18,[1 6],88,184,202,96,179
1,<environment.Job instance at 0x146a44dc0730>,58,23,[2 5],77,210,233,133,210
1,<environment.Job instance at 0x146a453c9960>,5,16,[2 8],8,8,24,0,8
1,<environment.Job instance at 0x146a453c9a00>,9,1,[6 1],14,14,15,0,14
1,<environment.Job instance at 0x146a456d39b0>,17,1,[2 7],22,24,25,2,22
1,<environment.Job instance at 0x146a456d3500>,18,3,[7 1],23,24,27,1,24
1,<environment.Job instance at 0x146a60feb4b0>,20,28,[ 2 10],26,27,55,1,27
1,<environment.Job instance at 0x146a60feb730>,22,2,[8 2],28,55,57,27,33
1,<environment.Job instance at 0x146a60feb2d0>,24,3,[10  1],31,57,60,26,34
1,<environment.Job instance at 0x146a44e22820>,26,2,[10  1],34,60,62,26,34
1,<environment.Job instance at 0x146a4543f050>,31,12,[1 7],44,62,74,18,53
1,<environment.Job instance at 0x146a4543f730>,32,3,[2 7],45,74,77,29,53
1,<environment.Job instance at 0x146a45458410>,34,17,[5 2],50,62,79,12,54
1,<environment.Job instance at 0x146a456d3e60>,19,1,[8 2],24,1024,1025,1000,1024
1,<environment.Job instance at 0x146a4545f960>,41,17,[2 6],60,1239,1256,1179,1239
1,<environment.Job instance at 0x146a4545f280>,43,1,[8 2],64,2298,2299,2234,2298
1,<environment.Job instance at 0x146a450d7870>,1,2,[2 8],3,3,5,0,3
1,<environment.Job instance at 0x146a45598d70>,2,2,[8 1],4,8,10,4,8
1,<environment.Job instance at 0x146a45598140>,3,3,[2 8],7,8,11,1,8
1,<environment.Job instance at 0x146a453dfa50>,5,3,[2 9],10,11,14,1,11
1,<environment.Job instance at 0x146a453df910>,6,2,[10  2],11,14,16,3,14
1,<environment.Job instance at 0x146a453df780>,9,1,[9 2],15,16,17,1,16
1,<environment.Job instance at 0x146a6028b2d0>,14,2,[2 6],22,26,28,4,26
1,<environment.Job instance at 0x146a6020dfa0>,17,2,[5 1],27,28,30,1,28
1,<environment.Job instance at 0x146a454521e0>,18,3,[6 1],28,30,33,2,29
1,<environment.Job instance at 0x146a600f00a0>,21,3,[ 2 10],31,33,36,2,32
1,<environment.Job instance at 0x146a60191640>,24,3,[2 9],35,36,39,1,35
1,<environment.Job instance at 0x146a451bb3c0>,25,3,[2 5],36,39,42,3,36
1,<environment.Job instance at 0x146a5e870410>,20,15,[7 1],30,37,52,7,37
1,<environment.Job instance at 0x146a450e1690>,22,17,[2 9],33,42,59,9,40
1,<environment.Job instance at 0x146a60f4bbe0>,38,17,[6 1],52,52,69,0,52
1,<environment.Job instance at 0x146a60f4bf50>,36,13,[1 6],50,59,72,9,52
1,<environment.Job instance at 0x146a4536d640>,40,3,[1 6],54,72,75,18,58
1,<environment.Job instance at 0x146a44f28640>,45,3,[2 6],62,75,78,13,62
1,<environment.Job instance at 0x146a44f98820>,46,17,[6 1],65,69,86,4,67
1,<environment.Job instance at 0x146a60268640>,47,3,[2 8],66,78,81,12,69
1,<environment.Job instance at 0x146a602685f0>,49,12,[5 2],69,86,98,17,69
1,<environment.Job instance at 0x146a454c1d20>,50,1,[1 9],70,81,82,11,70
1,<environment.Job instance at 0x146a450ac500>,58,25,[1 7],79,82,107,3,80
1,<environment.Job instance at 0x146a450acfa0>,60,2,[2 5],81,107,109,26,83
1,<environment.Job instance at 0x146a450ace10>,62,1,[7 2],85,98,99,13,85
1,<environment.Job instance at 0x146a450ac230>,64,2,[1 7],87,109,111,22,87
1,<environment.Job instance at 0x146a450ac2d0>,65,22,[ 1 10],88,111,133,23,105
1,<environment.Job instance at 0x146bd774fa00>,1,3,[1 9],2,2,5,0,2
1,<environment.Job instance at 0x146bce1f1280>,4,2,[7 2],5,7,9,2,7
1,<environment.Job instance at 0x146bd6bcaeb0>,8,13,[6 1],9,9,22,0,9
1,<environment.Job instance at 0x146bcf4ac690>,5,3,[9 2],6,22,25,16,9
1,<environment.Job instance at 0x146bce454e60>,7,1,[2 6],8,10,11,2,10
1,<environment.Job instance at 0x146bce42ad70>,10,13,[2 8],12,25,38,13,14
1,<environment.Job instance at 0x146bcfbbe5f0>,14,2,[ 1 10],18,38,40,20,20
1,<environment.Job instance at 0x146bcdc94190>,22,1,[2 7],30,40,41,10,30
1,<environment.Job instance at 0x146bce102370>,17,17,[6 1],23,40,57,17,30
1,<environment.Job instance at 0x146bcdc935a0>,27,2,[2 7],36,47,49,11,47
1,<environment.Job instance at 0x146bcdc93a00>,29,16,[10  2],39,57,73,18,54
1,<environment.Job instance at 0x146bcdc93c80>,31,3,[9 2],41,73,76,32,66
1,<environment.Job instance at 0x146bcdc8f3c0>,32,3,[2 9],42,76,79,34,72
1,<environment.Job instance at 0x146bcdc93780>,30,15,[2 9],40,79,94,39,75
1,<environment.Job instance at 0x146bcdc8fdc0>,36,3,[10  2],48,94,97,46,75
1,<environment.Job instance at 0x146bcdc93dc0>,28,2,[2 7],37,97,99,60,79
1,<environment.Job instance at 0x146bcdc8e870>,53,3,[6 1],73,99,102,26,99
1,<environment.Job instance at 0x146bcdc90780>,45,3,[2 8],60,99,102,39,99
1,<environment.Job instance at 0x146bcdca4050>,57,22,[1 5],80,105,127,25,105
1,<environment.Job instance at 0x146bce14f0f0>,55,16,[2 5],76,134,150,58,134
1,<environment.Job instance at 0x146bce1f1370>,0,13,[7 2],2,3,16,1,3
1,<environment.Job instance at 0x146bce1ec5f0>,3,1,[1 6],7,15,16,8,15
1,<environment.Job instance at 0x146bce1ec820>,10,12,[2 8],15,16,28,1,16
1,<environment.Job instance at 0x146bce1ecfa0>,11,1,[10  1],17,28,29,11,25
1,<environment.Job instance at 0x146bce1e3050>,18,1,[2 7],27,29,30,2,28
1,<environment.Job instance at 0x146bce1e3140>,20,15,[7 1],29,29,44,0,29
1,<environment.Job instance at 0x146bce1ecc80>,15,2,[2 6],22,30,32,8,29
1,<environment.Job instance at 0x146bce1e38c0>,19,1,[2 5],28,32,33,4,30
1,<environment.Job instance at 0x146bce1e3820>,22,1,[5 1],31,44,45,13,34
1,<environment.Job instance at 0x146bce1e3960>,24,12,[9 2],34,45,57,11,34
1,<environment.Job instance at 0x146bce44cd70>,28,17,[1 9],39,57,74,18,45
1,<environment.Job instance at 0x146bce44c460>,34,15,[5 1],45,57,72,12,53
1,<environment.Job instance at 0x146bce44c6e0>,35,18,[1 8],46,74,92,28,68
1,<environment.Job instance at 0x146bce44ccd0>,31,1,[ 2 10],42,92,93,50,70
1,<environment.Job instance at 0x146bce451780>,41,3,[5 2],56,74,77,18,70
1,<environment.Job instance at 0x146bce44fb40>,38,3,[ 2 10],52,93,96,41,70
1,<environment.Job instance at 0x146bcf95f280>,42,15,[9 2],57,77,92,20,73
1,<environment.Job instance at 0x146bcf95fa50>,44,1,[1 6],59,96,97,37,81
1,<environment.Job instance at 0x146bcf95f5f0>,51,2,[1 8],69,97,99,28,84
1,<environment.Job instance at 0x146bcf94bbe0>,52,3,[1 7],71,99,102,28,91
1,<environment.Job instance at 0x146bcf95fc30>,49,15,[1 6],67,102,117,35,100
1,<environment.Job instance at 0x146bcf95ff00>,48,1,[1 8],66,125,126,59,125
1,<environment.Job instance at 0x146bcf94bcd0>,54,27,[1 8],73,150,177,77,150
1,<environment.Job instance at 0x146bcf94b640>,60,15,[1 7],85,276,291,191,276
1,<environment.Job instance at 0x146bcf94b500>,61,3,[ 2 10],86,291,294,205,276
1,<environment.Job instance at 0x146bcfa07be0>,64,3,[5 2],92,277,280,185,277
1,<environment.Job instance at 0x146bcfa07d20>,68,17,[ 2 10],96,294,311,198,284
1,<environment.Job instance at 0x146bcf94bc80>,56,2,[7 2],75,337,339,262,337
1,<environment.Job instance at 0x146bbc722870>,5,3,[ 2 10],7,7,10,0,7
1,<environment.Job instance at 0x146bce11ecd0>,1,13,[ 2 10],2,10,23,8,7
1,<environment.Job instance at 0x146bbc722a50>,7,12,[7 1],10,23,35,13,10
1,<environment.Job instance at 0x146bbc722d20>,9,3,[8 1],12,35,38,23,15
1,<environment.Job instance at 0x146bbc722e60>,12,2,[10  1],15,38,40,23,21
1,<environment.Job instance at 0x146bbc723640>,17,17,[7 1],22,40,57,18,29
1,<environment.Job instance at 0x146bbc723690>,19,16,[9 1],26,57,73,31,44
1,<environment.Job instance at 0x146bbc7230f0>,15,16,[1 6],19,45,61,26,45
1,<environment.Job instance at 0x146bbc723cd0>,28,3,[1 5],40,61,64,21,45
1,<environment.Job instance at 0x146bbc7235a0>,18,1,[2 6],23,73,74,50,45
1,<environment.Job instance at 0x146bbc726fa0>,37,2,[2 5],58,74,76,16,59
1,<environment.Job instance at 0x146bbc6a8370>,40,1,[7 2],63,73,74,10,63
1,<environment.Job instance at 0x146bbc723960>,20,15,[9 2],30,84,99,54,84
1,<environment.Job instance at 0x146bbc6a85f0>,44,15,[2 8],68,101,116,33,101
1,<environment.Job instance at 0x146bbc6a8c80>,49,16,[1 7],74,116,132,42,114
1,<environment.Job instance at 0x146bbc726be0>,38,14,[2 8],59,132,146,73,132
1,<environment.Job instance at 0x146bbc6a8d20>,50,3,[ 2 10],75,146,149,71,135
1,<environment.Job instance at 0x146bbc6a8d70>,55,1,[7 1],82,149,150,67,147
1,<environment.Job instance at 0x146bbc6a92d0>,58,3,[1 7],86,149,152,63,147
1,<environment.Job instance at 0x146bbc6a95a0>,62,3,[1 7],90,194,197,104,194
1,<environment.Job instance at 0x146bbc6a95f0>,64,2,[1 7],94,207,209,113,207
1,<environment.Job instance at 0x146bbc6a9550>,63,2,[5 2],92,208,210,116,208
1,<environment.Job instance at 0x146bbc6a98c0>,67,12,[7 1],98,210,222,112,208
1,<environment.Job instance at 0x146bbcd35730>,6,14,[8 2],12,12,26,0,12
1,<environment.Job instance at 0x146bbcbb2500>,5,3,[ 2 10],11,26,29,15,13
1,<environment.Job instance at 0x146bbcd35550>,7,2,[2 5],14,16,18,2,16
1,<environment.Job instance at 0x146bbcd33960>,8,1,[ 2 10],15,29,30,14,17
1,<environment.Job instance at 0x146bbcd33d70>,10,2,[ 1 10],17,30,32,13,18
1,<environment.Job instance at 0x146bbcd33a50>,11,3,[7 2],18,32,35,14,21
1,<environment.Job instance at 0x146bbcd2f9b0>,13,13,[5 2],21,35,48,14,21
1,<environment.Job instance at 0x146bbcd2f730>,16,3,[5 1],24,35,38,11,30
1,<environment.Job instance at 0x146bbccdca00>,17,3,[1 7],29,32,35,3,30
1,<environment.Job instance at 0x146bbcd0ec80>,18,12,[7 1],31,48,60,17,31
1,<environment.Job instance at 0x146bbcf2fd20>,20,2,[10  1],33,60,62,27,33
1,<environment.Job instance at 0x146bbccd1280>,24,2,[9 2],42,62,64,20,43
1,<environment.Job instance at 0x146bbcf5bb40>,26,16,[7 2],44,64,80,20,51
1,<environment.Job instance at 0x146bbcf5b280>,27,1,[ 2 10],45,80,81,35,52
1,<environment.Job instance at 0x146bbce0cb90>,32,3,[5 2],54,81,84,27,60
1,<environment.Job instance at 0x146bbce1d500>,34,15,[8 2],56,84,99,28,71
1,<environment.Job instance at 0x146bbce0cb40>,30,13,[1 7],50,117,130,67,117
1,<environment.Job instance at 0x146bbcf57b40>,40,2,[8 1],68,121,123,53,121
1,<environment.Job instance at 0x146bbcf57280>,42,2,[1 6],72,134,136,62,134
1,<environment.Job instance at 0x146bbce1dfa0>,33,2,[ 2 10],55,136,138,81,135
1,<environment.Job instance at 0x146bbcf51960>,44,3,[1 8],74,139,142,65,139
1,<environment.Job instance at 0x146bbcf51550>,46,18,[ 1 10],76,170,188,94,170
1,<environment.Job instance at 0x146bbcf513c0>,47,2,[1 6],78,188,190,110,175
1,<environment.Job instance at 0x146bbcf51a50>,45,1,[9 2],75,188,189,113,188
1,<environment.Job instance at 0x146bbcf51dc0>,51,16,[9 1],83,216,232,133,216
1,<environment.Job instance at 0x146bbcf5c7d0>,52,1,[6 2],85,232,233,147,217
1,<environment.Job instance at 0x146bbcf5cf00>,53,3,[2 7],86,232,235,146,217
1,<environment.Job instance at 0x146bbcd56230>,54,14,[7 2],87,272,286,185,272
1,<environment.Job instance at 0x146bbcf8caf0>,58,3,[9 1],94,286,289,192,278
1,<environment.Job instance at 0x146bbcf8cd70>,60,16,[1 5],98,313,329,215,313
1,<environment.Job instance at 0x146bcc0364b0>,1,2,[5 1],3,5,7,2,5
1,<environment.Job instance at 0x146bbcfb1af0>,4,2,[6 1],6,7,9,1,6
1,<environment.Job instance at 0x146bd0495b90>,2,1,[2 7],4,10,11,6,10
1,<environment.Job instance at 0x146bd0495e60>,5,3,[9 2],8,12,15,4,12
1,<environment.Job instance at 0x146bbcfb1780>,9,2,[9 2],15,16,18,1,16
1,<environment.Job instance at 0x146bbcfb17d0>,11,3,[1 7],18,20,23,2,20
1,<environment.Job instance at 0x146bd05b4dc0>,12,14,[1 6],19,23,37,4,21
1,<environment.Job instance at 0x146bcdc83370>,14,3,[6 1],23,23,26,0,23
1,<environment.Job instance at 0x146bd05b4320>,13,14,[1 9],20,37,51,17,26
1,<environment.Job instance at 0x146bcdc83730>,16,2,[2 9],25,51,53,26,33
1,<environment.Job instance at 0x146bce451dc0>,23,27,[1 7],35,53,80,18,53
1,<environment.Job instance at 0x146bce451c80>,27,1,[2 6],43,80,81,37,64
1,<environment.Job instance at 0x146bbcd38d70>,28,2,[1 5],45,81,83,36,64
1,<environment.Job instance at 0x146bbcd385f0>,33,2,[1 9],51,83,85,32,70
1,<environment.Job instance at 0x146bbcd38b40>,34,3,[2 8],52,85,88,33,70
1,<environment.Job instance at 0x146bbcd38be0>,35,1,[1 8],55,88,89,33,71
1,<environment.Job instance at 0x146bbcd383c0>,36,16,[2 6],56,89,105,33,76
1,<environment.Job instance at 0x146bbcd380a0>,38,2,[8 2],58,76,78,18,76
1,<environment.Job instance at 0x146bbcd38c80>,40,3,[10  1],61,105,108,44,81
1,<environment.Job instance at 0x146bbcb025a0>,44,2,[1 8],66,108,110,42,93
1,<environment.Job instance at 0x146bbcde1730>,45,2,[1 5],68,110,112,42,93
1,<environment.Job instance at 0x146bbcde10a0>,46,15,[10  1],69,112,127,43,98
1,<environment.Job instance at 0x146bce451fa0>,24,15,[2 8],38,142,157,104,142
1,<environment.Job instance at 0x146bcdc837d0>,18,16,[2 9],27,157,173,130,155
1,<environment.Job instance at 0x146bbcd82d70>,50,2,[6 1],74,155,157,81,155
1,<environment.Job instance at 0x146bbcd82370>,52,3,[10  2],77,173,176,96,157
1,<environment.Job instance at 0x146bbcd89190>,55,1,[1 5],82,194,195,112,194
1,<environment.Job instance at 0x146bbcd893c0>,60,17,[2 9],87,240,257,153,240
1,<environment.Job instance at 0x146bbcd89370>,61,15,[7 2],88,257,272,169,256
1,<environment.Job instance at 0x146bbcd7d320>,66,2,[2 8],93,258,260,165,258
1,<environment.Job instance at 0x146bbcd7daf0>,67,3,[5 2],96,272,275,176,265
1,<environment.Job instance at 0x146bd56071e0>,0,1,[6 2],1,1,2,0,1
1,<environment.Job instance at 0x146bcf9b5c80>,3,2,[10  1],4,7,9,3,7
1,<environment.Job instance at 0x146bcf9b5a00>,5,1,[5 2],7,9,10,2,9
1,<environment.Job instance at 0x146bcf9b58c0>,9,12,[6 1],12,12,24,0,12
1,<environment.Job instance at 0x146bcf9b5d70>,10,2,[5 2],13,24,26,11,14
1,<environment.Job instance at 0x146bce139820>,13,1,[7 2],18,26,27,8,18
1,<environment.Job instance at 0x146bce139c30>,12,2,[7 1],17,27,29,10,23
1,<environment.Job instance at 0x146bce1390f0>,17,3,[1 7],23,25,28,2,25
1,<environment.Job instance at 0x146bbc8d6140>,18,19,[2 9],26,29,48,3,29
1,<environment.Job instance at 0x146bbc8d6cd0>,23,1,[1 7],31,48,49,17,32
1,<environment.Job instance at 0x146bcf9a6e10>,25,2,[1 5],33,49,51,16,33
1,<environment.Job instance at 0x146bbc8d60a0>,21,1,[6 2],29,48,49,19,38
1,<environment.Job instance at 0x146bcfa40910>,33,17,[2 7],44,51,68,7,45
1,<environment.Job instance at 0x146bcfa40500>,36,3,[5 1],47,49,52,2,47
1,<environment.Job instance at 0x146bd55d06e0>,40,2,[2 6],51,68,70,17,53
1,<environment.Job instance at 0x146bd55d7410>,46,15,[2 6],59,70,85,11,62
1,<environment.Job instance at 0x146bd55d05a0>,45,2,[1 6],57,85,87,28,62
1,<environment.Job instance at 0x146bd55d7c30>,47,2,[7 2],60,63,65,3,63
1,<environment.Job instance at 0x146bd55d7f00>,51,1,[2 5],64,87,88,23,65
1,<environment.Job instance at 0x146bd55d74b0>,53,2,[7 1],66,67,69,1,67
1,<environment.Job instance at 0x146bbc7724b0>,55,13,[10  1],68,88,101,20,73
1,<environment.Job instance at 0x146bcfb5f230>,62,16,[10  1],79,101,117,22,91
1,<environment.Job instance at 0x146bcfb5f960>,63,3,[2 9],80,117,120,37,91
1,<environment.Job instance at 0x146bcfb5fb40>,67,3,[6 1],89,117,120,28,93
1,<environment.Job instance at 0x146bbc8726e0>,71,1,[7 1],96,120,121,24,97
1,<environment.Job instance at 0x146bbc872320>,73,14,[2 5],98,120,134,22,109
1,<environment.Job instance at 0x146bd55d7a00>,48,13,[5 1],61,128,141,67,128
1,<environment.Job instance at 0x146bd2d92c30>,0,12,[1 5],1,2,14,1,2
1,<environment.Job instance at 0x146bd2d7daf0>,8,1,[10  2],15,15,16,0,15
1,<environment.Job instance at 0x146bd4c430f0>,9,1,[5 2],16,16,17,0,16
1,<environment.Job instance at 0x146bd2d7d410>,10,26,[2 8],18,24,50,6,24
1,<environment.Job instance at 0x146bbc71c6e0>,13,3,[10  2],23,50,53,27,27
1,<environment.Job instance at 0x146bd557d460>,18,3,[10  2],34,53,56,19,38
1,<environment.Job instance at 0x146bce44c780>,17,1,[6 2],32,39,40,7,39
1,<environment.Job instance at 0x146bd6c005f0>,24,14,[2 8],43,56,70,13,46
1,<environment.Job instance at 0x146bcc03a550>,27,21,[1 8],46,70,91,24,67
1,<environment.Job instance at 0x146bbc71cd20>,12,16,[ 2 10],22,91,107,69,79
1,<environment.Job instance at 0x146bd6c00460>,25,2,[5 2],44,81,83,37,81
1,<environment.Job instance at 0x146bd4cf5690>,31,3,[9 2],52,83,86,31,82
1,<environment.Job instance at 0x146bd4cf5870>,32,2,[5 1],53,86,88,33,82
1,<environment.Job instance at 0x146bd4cf5dc0>,35,2,[2 9],57,107,109,50,82
1,<environment.Job instance at 0x146bd4cf5640>,36,15,[2 8],62,109,124,47,95
1,<environment.Job instance at 0x146bcc03a230>,29,2,[6 1],49,107,109,58,95
1,<environment.Job instance at 0x146bcfa39370>,40,1,[10  2],68,124,125,56,97
1,<environment.Job instance at 0x146bd56a1f50>,45,3,[6 2],77,109,112,32,104
1,<environment.Job instance at 0x146bd56a1c80>,46,1,[8 1],79,112,113,33,104
1,<environment.Job instance at 0x146bcfa21550>,47,3,[1 9],81,125,128,44,104
1,<environment.Job instance at 0x146bd56792d0>,52,3,[9 2],88,148,151,60,148
1,<environment.Job instance at 0x146bd4cf56e0>,33,17,[1 9],54,175,192,121,175
1,<environment.Job instance at 0x146bd56796e0>,53,2,[7 1],91,179,181,88,179
1,<environment.Job instance at 0x146bcf8ceeb0>,59,18,[5 1],98,210,228,112,210
1,<environment.Job instance at 0x146bbc67c4b0>,60,15,[6 1],99,228,243,129,226
1,<environment.Job instance at 0x146bd56798c0>,54,16,[ 1 10],92,243,259,151,234
1,<environment.Job instance at 0x146bbcefb320>,0,1,[6 2],1,6,7,5,6
1,<environment.Job instance at 0x146bbcefba50>,1,17,[9 2],3,14,31,11,14
1,<environment.Job instance at 0x146bbcf020a0>,14,14,[1 5],21,21,35,0,21
1,<environment.Job instance at 0x146bbcefb1e0>,10,1,[6 2],16,31,32,15,21
1,<environment.Job instance at 0x146bd55995a0>,19,16,[8 1],30,33,49,3,33
1,<environment.Job instance at 0x146bd5599d20>,23,14,[9 2],36,49,63,13,36
1,<environment.Job instance at 0x146bd5599410>,24,1,[10  2],37,63,64,26,37
1,<environment.Job instance at 0x146bd5599fa0>,28,12,[2 9],42,64,76,22,57
1,<environment.Job instance at 0x146bd5599190>,30,13,[1 9],44,76,89,32,60
1,<environment.Job instance at 0x146bd5599a00>,33,1,[ 1 10],49,89,90,40,62
1,<environment.Job instance at 0x146bbc3cf500>,35,17,[2 9],51,90,107,39,81
1,<environment.Job instance at 0x146bd6be4820>,40,12,[ 1 10],57,107,119,50,90
1,<environment.Job instance at 0x146bbcef1190>,46,2,[2 7],64,119,121,55,92
1,<environment.Job instance at 0x146bbcef1410>,48,3,[7 1],66,100,103,34,100
1,<environment.Job instance at 0x146bbcef1c30>,49,14,[8 2],67,119,133,52,105
1,<environment.Job instance at 0x146bbcdb4190>,53,13,[2 8],73,121,134,48,106
1,<environment.Job instance at 0x146bbcdb4c80>,54,1,[8 1],74,106,107,32,106
1,<environment.Job instance at 0x146bbc965b90>,61,21,[ 2 10],84,134,155,50,129
1,<environment.Job instance at 0x146bbcf02500>,17,17,[2 8],26,155,172,129,143
1,<environment.Job instance at 0x146bd5599460>,27,3,[1 5],40,172,175,132,149
1,<environment.Job instance at 0x146bbc93dcd0>,66,15,[6 1],90,155,170,65,152
1,<environment.Job instance at 0x146bbc4103c0>,69,16,[1 8],93,175,191,82,162
1,<environment.Job instance at 0x146bbcdb4230>,67,2,[2 9],91,191,193,100,165
1,<environment.Job instance at 0x146bbce57780>,70,14,[2 6],95,193,207,98,191
1,<environment.Job instance at 0x146bd4c15190>,1,2,[5 1],2,3,5,1,3
1,<environment.Job instance at 0x146bbc7cd640>,0,2,[5 2],1,3,5,2,3
1,<environment.Job instance at 0x146bbc476550>,8,2,[9 1],12,13,15,1,13
1,<environment.Job instance at 0x146bbc48a320>,11,2,[9 2],16,16,18,0,16
1,<environment.Job instance at 0x146bbc48a9b0>,10,2,[7 2],15,21,23,6,21
1,<environment.Job instance at 0x146bbc48af50>,17,17,[7 1],24,24,41,0,24
1,<environment.Job instance at 0x146bd2d97410>,18,17,[2 7],25,26,43,1,26
1,<environment.Job instance at 0x146bd0899820>,21,1,[8 2],28,41,42,13,28
1,<environment.Job instance at 0x146bbc48ac30>,14,13,[2 6],19,43,56,24,30
1,<environment.Job instance at 0x146bd4c20050>,30,13,[10  1],39,56,69,17,40
1,<environment.Job instance at 0x146bd4c202d0>,33,2,[7 2],42,42,44,0,42
1,<environment.Job instance at 0x146bbcf0ae10>,38,1,[5 1],47,71,72,24,71
1,<environment.Job instance at 0x146bd4c20370>,31,1,[5 1],40,103,104,63,103
1,<environment.Job instance at 0x146bd0899230>,26,13,[2 9],33,106,119,73,106
1,<environment.Job instance at 0x146bcf8dbfa0>,52,2,[2 7],63,124,126,61,124
1,<environment.Job instance at 0x146bcf8dba00>,53,18,[6 1],65,125,143,60,125
1,<environment.Job instance at 0x146bbcf0abe0>,49,17,[1 7],60,169,186,109,169
1,<environment.Job instance at 0x146bcf8db910>,54,15,[2 9],66,186,201,120,175
1,<environment.Job instance at 0x146bcf8dbc80>,60,2,[9 1],74,178,180,104,178
1,<environment.Job instance at 0x146bbcf20e10>,62,1,[8 1],77,180,181,103,178
1,<environment.Job instance at 0x146bbcf0a500>,41,2,[8 2],50,201,203,151,187
1,<environment.Job instance at 0x146bbcf200f0>,68,2,[7 2],86,203,205,117,187
1,<environment.Job instance at 0x146bbcf20960>,69,1,[6 1],87,189,190,102,189
1,<environment.Job instance at 0x146bbcf20870>,61,19,[1 5],76,201,220,125,193
1,<environment.Job instance at 0x146bbcf20d70>,70,2,[6 1],89,205,207,116,201
1,<environment.Job instance at 0x146bbcf20f50>,72,15,[10  2],94,226,241,132,226
1,<environment.Job instance at 0x146bd4c533c0>,74,1,[1 5],97,241,242,144,232
1,<environment.Job instance at 0x146bd4c536e0>,75,14,[5 2],99,241,255,142,233
1,<environment.Job instance at 0x146bd4c53640>,71,17,[1 7],90,243,260,153,243
1,<environment.Job instance at 0x146bbcf207d0>,66,3,[1 8],83,260,263,177,250
1,<environment.Job instance at 0x146bbc371190>,4,1,[2 9],6,11,12,5,11
1,<environment.Job instance at 0x146bd2d71eb0>,1,2,[1 9],2,12,14,10,11
1,<environment.Job instance at 0x146bbc3716e0>,7,1,[7 2],12,14,15,2,12
1,<environment.Job instance at 0x146bbc371a50>,8,2,[2 7],13,14,16,1,13
1,<environment.Job instance at 0x146bbc371870>,9,3,[2 5],14,16,19,2,15
1,<environment.Job instance at 0x146bbc371780>,10,25,[6 1],15,15,40,0,15
1,<environment.Job instance at 0x146bbc3711e0>,6,1,[6 1],10,40,41,30,20
1,<environment.Job instance at 0x146bbc371050>,5,2,[10  2],7,41,43,34,21
1,<environment.Job instance at 0x146bbc371f00>,14,2,[ 2 10],22,43,45,21,22
1,<environment.Job instance at 0x146bbc371640>,15,3,[9 2],23,45,48,22,23
1,<environment.Job instance at 0x146bbc371410>,13,3,[10  1],21,48,51,27,27
1,<environment.Job instance at 0x146bbc658190>,25,15,[2 5],39,146,161,107,146
1,<environment.Job instance at 0x146bbc371af0>,18,22,[2 5],29,214,236,185,214
1,<environment.Job instance at 0x146bbc658500>,31,3,[9 2],45,236,239,191,223
1,<environment.Job instance at 0x146bbc658cd0>,32,1,[6 2],47,231,232,184,231
1,<environment.Job instance at 0x146bbc658050>,34,2,[2 7],49,239,241,190,237
1,<environment.Job instance at 0x146bbc658d20>,33,2,[ 1 10],48,255,257,207,255
1,<environment.Job instance at 0x146bbc6580a0>,37,17,[1 8],58,294,311,236,294
1,<environment.Job instance at 0x146bd771e370>,44,1,[1 8],70,377,378,307,377
1,<environment.Job instance at 0x146bbc658230>,39,17,[1 6],61,460,477,399,460
1,<environment.Job instance at 0x146bbc6223c0>,49,1,[8 2],75,476,477,401,476
1,<environment.Job instance at 0x146bbc622dc0>,48,28,[5 2],74,506,534,432,506
1,<environment.Job instance at 0x146bbc622fa0>,54,1,[8 1],80,547,548,467,547
1,<environment.Job instance at 0x146bbc622b40>,55,1,[7 2],82,548,549,466,547
1,<environment.Job instance at 0x146bbc622820>,57,3,[1 7],84,547,550,463,547
1,<environment.Job instance at 0x146bbc622190>,59,3,[9 1],87,549,552,462,547
1,<environment.Job instance at 0x146bbc622c30>,61,14,[ 2 10],89,555,569,466,555
1,<environment.Job instance at 0x146bbc65b780>,66,3,[5 2],94,569,572,475,563
1,<environment.Job instance at 0x146bbc65b280>,68,2,[8 2],96,572,574,476,563
1,<environment.Job instance at 0x146bbc65bc80>,67,16,[7 1],95,574,590,479,565
1,<environment.Job instance at 0x146bbca41b90>,0,26,[1 6],1,1,27,0,1
1,<environment.Job instance at 0x146bbca41be0>,7,2,[7 2],11,13,15,2,13
1,<environment.Job instance at 0x146bcfa53460>,3,23,[9 1],6,15,38,9,15
1,<environment.Job instance at 0x146bbca41f00>,11,3,[5 1],16,38,41,22,17
1,<environment.Job instance at 0x146bd0577cd0>,19,1,[2 6],30,38,39,8,30
1,<environment.Job instance at 0x146bd0577fa0>,17,13,[2 5],28,39,52,11,30
1,<environment.Job instance at 0x146bd056b320>,24,3,[1 8],41,52,55,11,44
1,<environment.Job instance at 0x146bd056bfa0>,26,16,[9 1],44,52,68,8,44
1,<environment.Job instance at 0x146bd056bdc0>,27,12,[7 2],46,68,80,22,51
1,<environment.Job instance at 0x146bd2d8c7d0>,30,2,[7 2],54,80,82,26,54
1,<environment.Job instance at 0x146bbc7e1b90>,32,1,[ 2 10],57,82,83,25,60
1,<environment.Job instance at 0x146bbc7e1b40>,33,1,[6 2],58,83,84,25,61
1,<environment.Job instance at 0x146bd4d19910>,36,2,[5 2],61,84,86,23,61
1,<environment.Job instance at 0x146bd4d199b0>,39,3,[8 2],65,86,89,21,75
1,<environment.Job instance at 0x146bd4d19a50>,40,1,[ 2 10],66,89,90,23,75
1,<environment.Job instance at 0x146bd4d19eb0>,38,3,[2 8],63,75,78,12,75
1,<environment.Job instance at 0x146bd4d19f50>,41,2,[1 6],67,78,80,11,75
1,<environment.Job instance at 0x146bbc9bb640>,45,13,[7 1],72,90,103,18,76
1,<environment.Job instance at 0x146bbcf9b0f0>,49,2,[10  2],78,103,105,25,80
1,<environment.Job instance at 0x146bce186d20>,52,2,[6 2],81,105,107,24,82
1,<environment.Job instance at 0x146bbcc2d370>,53,1,[7 1],84,107,108,23,84
1,<environment.Job instance at 0x146bbcce2870>,57,2,[ 1 10],88,108,110,20,95
1,<environment.Job instance at 0x146bd4d19e60>,35,16,[2 9],60,119,135,59,119
1,<environment.Job instance at 0x146bbc5fa870>,48,22,[ 2 10],77,145,167,68,145
1,<environment.Job instance at 0x146bbc668d70>,0,15,[6 1],2,3,18,1,3
1,<environment.Job instance at 0x146bd55abb90>,4,2,[7 1],8,18,20,10,8
1,<environment.Job instance at 0x146bd0577140>,5,21,[6 1],10,20,41,10,12
1,<environment.Job instance at 0x146bd55aba00>,9,2,[2 8],15,19,21,4,19
1,<environment.Job instance at 0x146bbc7d20f0>,10,1,[1 7],18,21,22,3,21
1,<environment.Job instance at 0x146bbc7d2050>,11,1,[1 7],20,22,23,2,21
1,<environment.Job instance at 0x146bbc7d2cd0>,17,12,[2 8],28,28,40,0,28
1,<environment.Job instance at 0x146bbc7d2a00>,19,1,[8 2],32,41,42,9,32
1,<environment.Job instance at 0x146bbc7d2960>,20,18,[9 1],33,42,60,9,34
1,<environment.Job instance at 0x146bbc419e10>,23,1,[7 1],37,60,61,23,41
1,<environment.Job instance at 0x146bbc419b90>,25,3,[1 5],40,41,44,1,41
1,<environment.Job instance at 0x146bd4c95370>,27,1,[1 7],44,44,45,0,44
1,<environment.Job instance at 0x146bd4c95b40>,29,2,[7 1],46,61,63,15,46
1,<environment.Job instance at 0x146bd4c951e0>,30,28,[1 6],47,49,77,2,49
1,<environment.Job instance at 0x146bd4c95280>,31,1,[1 7],50,77,78,27,50
1,<environment.Job instance at 0x146bbc7d2eb0>,16,1,[ 2 10],25,78,79,53,51
1,<environment.Job instance at 0x146bd4c95870>,34,15,[10  2],53,79,94,26,70
1,<environment.Job instance at 0x146bbc626870>,42,2,[ 2 10],65,94,96,29,72
1,<environment.Job instance at 0x146bbc626fa0>,43,3,[9 1],66,75,78,9,75
1,<environment.Job instance at 0x146bbc626eb0>,44,12,[9 1],67,96,108,29,79
1,<environment.Job instance at 0x146bbc7d2280>,14,27,[1 9],23,323,350,300,323
1,<environment.Job instance at 0x146bd656c550>,47,3,[ 2 10],71,350,353,279,346
1,<environment.Job instance at 0x146bd701edc0>,48,15,[6 1],73,353,368,280,348
1,<environment.Job instance at 0x146bbce18f50>,49,1,[9 2],74,368,369,294,358
1,<environment.Job instance at 0x146bbce18dc0>,51,1,[5 1],76,369,370,293,363
1,<environment.Job instance at 0x146bbce18e60>,52,1,[8 1],78,373,374,295,373
1,<environment.Job instance at 0x146bbce183c0>,53,1,[1 8],80,403,404,323,403
1,<environment.Job instance at 0x146bbc7d2e60>,12,12,[2 8],21,414,426,393,414
1,<environment.Job instance at 0x146bbce18050>,54,1,[2 9],81,426,427,345,420
1,<environment.Job instance at 0x146bbce18780>,56,14,[ 1 10],84,456,470,372,456
1,<environment.Job instance at 0x146bbc5c80a0>,60,2,[6 2],89,475,477,386,475
1,<environment.Job instance at 0x146bd56071e0>,62,3,[2 9],91,477,480,386,476
1,<environment.Job instance at 0x146bd4c15aa0>,63,1,[1 6],92,480,481,388,480
1,<environment.Job instance at 0x146bd4ce5690>,64,1,[10  1],93,485,486,392,485
1,<environment.Job instance at 0x146bd0571960>,65,17,[5 1],94,518,535,424,518
1,<environment.Job instance at 0x146bd4cfd2d0>,66,1,[7 1],95,535,536,440,524
1,<environment.Job instance at 0x146bd4cfd370>,67,3,[9 2],96,536,539,440,527
1,<environment.Job instance at 0x146bbcc0da50>,69,26,[8 1],98,539,565,441,539
1,<environment.Job instance at 0x146bd4c95050>,33,16,[1 6],52,543,559,491,543
1,<environment.Job instance at 0x146bbc9bb410>,70,3,[2 5],99,559,562,460,558
1,<environment.Job instance at 0x146bbcb27b90>,0,27,[6 1],1,2,29,1,2
1,<environment.Job instance at 0x146bbcb27f50>,6,3,[7 2],8,29,32,21,9
1,<environment.Job instance at 0x146bd6c4c5f0>,8,1,[1 8],12,13,14,1,13
1,<environment.Job instance at 0x146bd6c4cc30>,12,2,[1 7],19,33,35,14,33
1,<environment.Job instance at 0x146bd6c4cb90>,14,1,[6 1],21,35,36,14,35
1,<environment.Job instance at 0x146bbcf61f50>,15,15,[6 2],22,37,52,15,37
1,<environment.Job instance at 0x146bd56c17d0>,19,16,[2 7],27,50,66,23,50
1,<environment.Job instance at 0x146bbcda8e10>,25,17,[5 2],34,57,74,23,57
1,<environment.Job instance at 0x146bbc612410>,26,2,[2 6],36,66,68,30,59
1,<environment.Job instance at 0x146bce42e6e0>,27,1,[ 1 10],37,74,75,37,61
1,<environment.Job instance at 0x146bd56cda00>,17,17,[1 8],25,75,92,50,65
1,<environment.Job instance at 0x146bbc4f4a00>,29,2,[2 6],39,68,70,29,68
1,<environment.Job instance at 0x146bbc9eb410>,31,2,[5 1],42,70,72,28,70
1,<environment.Job instance at 0x146bbc40bdc0>,32,2,[8 2],43,75,77,32,70
1,<environment.Job instance at 0x146bbc40ba00>,36,18,[10  2],48,97,115,49,97
1,<environment.Job instance at 0x146bbc40baa0>,41,17,[7 1],54,117,134,63,117
1,<environment.Job instance at 0x146bd5594b90>,44,1,[10  1],59,134,135,75,125
1,<environment.Job instance at 0x146bd7841b90>,45,1,[10  2],60,135,136,75,125
1,<environment.Job instance at 0x146bd559b550>,47,1,[1 6],62,127,128,65,127
1,<environment.Job instance at 0x146bd559b780>,50,2,[7 2],65,136,138,71,127
1,<environment.Job instance at 0x146bbc9b45f0>,51,1,[1 6],66,128,129,62,127
1,<environment.Job instance at 0x146bd4c34910>,54,3,[6 1],69,138,141,69,127
1,<environment.Job instance at 0x146bd4c85410>,55,15,[6 1],75,141,156,66,127
1,<environment.Job instance at 0x146bbcdbc5a0>,40,2,[1 8],53,144,146,91,144
1,<environment.Job instance at 0x146bd75f10a0>,60,3,[9 1],80,156,159,76,145
1,<environment.Job instance at 0x146bd75e0640>,67,15,[8 1],89,159,174,70,149
1,<environment.Job instance at 0x146bbc79b4b0>,68,3,[2 7],90,149,152,59,149
1,<environment.Job instance at 0x146bd75e0f00>,69,2,[8 2],92,174,176,82,149
1,<environment.Job instance at 0x146bd56b83c0>,70,14,[2 9],97,159,173,62,151
1,<environment.Job instance at 0x146bbc41faf0>,2,2,[2 9],4,6,8,2,6
1,<environment.Job instance at 0x146bbcf61410>,5,1,[ 1 10],8,8,9,0,8
1,<environment.Job instance at 0x146bbc40b410>,4,2,[7 1],7,9,11,2,8
1,<environment.Job instance at 0x146bbc41fdc0>,1,1,[2 8],3,11,12,8,11
1,<environment.Job instance at 0x146bbcc91a00>,8,17,[1 5],12,12,29,0,12
1,<environment.Job instance at 0x146bbcf61b40>,7,3,[1 9],11,29,32,18,13
1,<environment.Job instance at 0x146bbcc80cd0>,12,2,[2 6],20,32,34,12,21
1,<environment.Job instance at 0x146bbcc80730>,15,1,[2 8],24,34,35,10,27
1,<environment.Job instance at 0x146bcf985820>,17,3,[10  1],28,35,38,7,31
1,<environment.Job instance at 0x146bcf985910>,19,3,[7 2],31,32,35,1,31
1,<environment.Job instance at 0x146bd55cb230>,20,28,[2 5],33,38,66,5,37
1,<environment.Job instance at 0x146bbcc84d20>,21,15,[ 2 10],34,66,81,32,58
1,<environment.Job instance at 0x146bbc38ba00>,23,3,[6 2],36,81,84,45,75
1,<environment.Job instance at 0x146bbccb45f0>,26,1,[1 5],40,81,82,41,76
1,<environment.Job instance at 0x146bbccb4be0>,28,24,[2 9],42,145,169,103,145
1,<environment.Job instance at 0x146bcfb3dbe0>,31,1,[1 6],48,169,170,121,154
1,<environment.Job instance at 0x146bbced19b0>,33,2,[6 2],51,169,171,118,167
1,<environment.Job instance at 0x146bbced1190>,35,1,[10  1],56,171,172,115,167
1,<environment.Job instance at 0x146bbced1eb0>,36,3,[10  1],57,174,177,117,174
1,<environment.Job instance at 0x146bce146c80>,41,1,[1 8],62,180,181,118,180
1,<environment.Job instance at 0x146bce1463c0>,43,3,[2 7],64,182,185,118,182
1,<environment.Job instance at 0x146bce146050>,44,1,[7 1],65,183,184,118,183
1,<environment.Job instance at 0x146bbc6b9f50>,45,2,[7 2],66,184,186,118,183
1,<environment.Job instance at 0x146bbc6b9550>,47,3,[2 6],69,192,195,123,192
1,<environment.Job instance at 0x146bbc6b9730>,48,2,[8 1],70,194,196,124,194
1,<environment.Job instance at 0x146bbc6e6690>,51,1,[2 5],74,196,197,122,196
1,<environment.Job instance at 0x146bbc6e6640>,52,3,[10  2],77,211,214,134,211
1,<environment.Job instance at 0x146bd110d960>,55,1,[7 2],81,214,215,133,212
1,<environment.Job instance at 0x146bcfb27c80>,56,3,[9 1],82,215,218,133,215
1,<environment.Job instance at 0x146bbc6e6230>,57,15,[6 1],83,227,242,144,227
1,<environment.Job instance at 0x146bd110dc30>,58,1,[2 5],84,227,228,143,227
1,<environment.Job instance at 0x146bd112f9b0>,60,3,[2 8],87,242,245,155,242
1,<environment.Job instance at 0x146bcf982500>,62,26,[5 2],89,244,270,155,244
1,<environment.Job instance at 0x146bbc39ff50>,65,3,[1 9],92,270,273,178,257
1,<environment.Job instance at 0x146bd112f5f0>,64,2,[2 6],91,257,259,166,257
1,<environment.Job instance at 0x146bbc36d5a0>,68,2,[6 1],96,270,272,174,262
1,<environment.Job instance at 0x146bbc36d870>,69,1,[5 1],97,285,286,188,285
1,<environment.Job instance at 0x146bbc6e6b90>,50,1,[9 1],72,289,290,217,289
1,<environment.Job instance at 0x146bcfb47d70>,0,14,[5 2],4,7,21,3,7
1,<environment.Job instance at 0x146bbcba6dc0>,4,3,[2 7],9,10,13,1,10
1,<environment.Job instance at 0x146bbcba6f00>,7,3,[1 7],15,15,18,0,15
1,<environment.Job instance at 0x146bbcba6cd0>,6,22,[2 9],13,21,43,8,21
1,<environment.Job instance at 0x146bbcb89410>,10,2,[6 1],23,25,27,2,25
1,<environment.Job instance at 0x146bbcb89dc0>,24,3,[9 2],39,44,47,5,44
1,<environment.Job instance at 0x146bbcb6b780>,26,18,[8 1],48,49,67,1,49
1,<environment.Job instance at 0x146bbcb6bcd0>,30,3,[6 2],56,67,70,11,57
1,<environment.Job instance at 0x146bbcb6b3c0>,34,1,[7 2],60,70,71,10,60
1,<environment.Job instance at 0x146bbcb6b8c0>,29,2,[2 6],54,61,63,7,61
1,<environment.Job instance at 0x146bbcb954b0>,36,3,[9 2],64,71,74,7,64
1,<environment.Job instance at 0x146bbcb6b960>,31,12,[2 9],57,74,86,17,65
1,<environment.Job instance at 0x146bbcb955a0>,37,2,[2 5],65,67,69,2,67
1,<environment.Job instance at 0x146bbcb95910>,40,1,[1 8],68,69,70,1,69
1,<environment.Job instance at 0x146bbcb95c30>,42,1,[1 9],70,86,87,16,72
1,<environment.Job instance at 0x146bbcb95f00>,45,13,[2 8],73,87,100,14,73
1,<environment.Job instance at 0x146bbcb95e10>,44,3,[ 2 10],72,100,103,28,79
1,<environment.Job instance at 0x146bbcb8ceb0>,59,1,[6 1],97,117,118,20,117
1,<environment.Job instance at 0x146bbcb8c3c0>,4,3,[1 7],5,5,8,0,5
1,<environment.Job instance at 0x146bbccab910>,1,1,[1 5],2,8,9,6,8
1,<environment.Job instance at 0x146bcfa350a0>,9,1,[8 1],16,16,17,0,16
1,<environment.Job instance at 0x146bbc8d6690>,10,15,[7 1],17,17,32,0,17
1,<environment.Job instance at 0x146bbc8d6280>,13,13,[1 9],20,25,38,5,25
1,<environment.Job instance at 0x146bbc8d68c0>,18,3,[10  1],27,38,41,11,30
1,<environment.Job instance at 0x146bcdca5aa0>,19,1,[9 2],28,41,42,13,30
1,<environment.Job instance at 0x146bcdca5870>,20,17,[8 1],29,42,59,13,32
1,<environment.Job instance at 0x146bcdca5640>,22,13,[1 9],31,42,55,11,32
1,<environment.Job instance at 0x146bcdca56e0>,26,2,[1 9],36,55,57,19,44
1,<environment.Job instance at 0x146bcdca5e10>,24,15,[9 1],34,59,74,25,45
1,<environment.Job instance at 0x146bd6c5a690>,30,2,[2 8],42,57,59,15,54
1,<environment.Job instance at 0x146bd6c5af00>,32,2,[6 1],44,74,76,30,54
1,<environment.Job instance at 0x146bd6c5acd0>,34,2,[8 1],46,76,78,30,56
1,<environment.Job instance at 0x146bcfb1a140>,36,1,[10  1],48,78,79,30,64
1,<environment.Job instance at 0x146bd6c5aa00>,35,15,[8 2],47,79,94,32,65
1,<environment.Job instance at 0x146bcfb1a8c0>,40,16,[1 5],53,79,95,26,66
1,<environment.Job instance at 0x146bcf924690>,41,3,[2 5],54,74,77,20,66
1,<environment.Job instance at 0x146bcfb1a3c0>,37,2,[8 2],50,94,96,44,75
1,<environment.Job instance at 0x146bbc8d6960>,16,16,[1 7],23,95,111,72,88
1,<environment.Job instance at 0x146bcf9245f0>,49,13,[8 1],64,97,110,33,97
1,<environment.Job instance at 0x146bcf924370>,47,15,[9 1],62,110,125,48,106
1,<environment.Job instance at 0x146bcf965320>,55,3,[8 2],71,125,128,54,122
1,<environment.Job instance at 0x146bd4cfb140>,63,3,[1 8],85,133,136,48,133
1,<environment.Job instance at 0x146bbcb89500>,66,3,[10  1],88,141,144,53,141
1,<environment.Job instance at 0x146bd6be45a0>,67,3,[1 8],89,145,148,56,145
1,<environment.Job instance at 0x146bbcb89af0>,68,2,[2 9],90,148,150,58,145
1,<environment.Job instance at 0x146bbc411140>,70,2,[8 1],92,150,152,58,150
1,<environment.Job instance at 0x146bbc482b90>,71,16,[7 2],94,158,174,64,158
1,<environment.Job instance at 0x146bd4cfb730>,64,12,[1 7],86,172,184,86,172
1,<environment.Job instance at 0x146bcf965af0>,54,1,[2 7],70,364,365,294,364
1,<environment.Job instance at 0x146bd4c17fa0>,0,16,[5 1],1,3,19,2,3
1,<environment.Job instance at 0x146bd4c17280>,2,13,[1 5],4,5,18,1,5
1,<environment.Job instance at 0x146bbc8f5230>,6,18,[8 2],9,19,37,10,9
1,<environment.Job instance at 0x146bcfa38140>,12,2,[2 6],15,18,20,3,15
1,<environment.Job instance at 0x146bd4c17870>,4,23,[2 5],7,20,43,13,15
1,<environment.Job instance at 0x146bd08a7cd0>,16,2,[2 8],21,43,45,22,25
1,<environment.Job instance at 0x146bbcb93a00>,23,18,[2 5],30,92,110,62,92
1,<environment.Job instance at 0x146bbcac9c30>,24,3,[10  2],31,110,113,79,109
1,<environment.Job instance at 0x146bbcac9370>,25,1,[6 1],34,119,120,85,119
1,<environment.Job instance at 0x146bbcac9e10>,26,3,[10  1],35,120,123,85,119
1,<environment.Job instance at 0x146bbcac9820>,27,3,[6 2],36,124,127,88,124
1,<environment.Job instance at 0x146bbcb936e0>,21,16,[2 8],28,470,486,442,470
1,<environment.Job instance at 0x146bd6c47500>,33,1,[2 7],42,634,635,592,634
1,<environment.Job instance at 0x146bd6c47320>,36,28,[ 2 10],46,802,830,756,802
1,<environment.Job instance at 0x146bd6c47460>,31,1,[6 1],40,834,835,794,834
1,<environment.Job instance at 0x146bd6c47550>,37,15,[1 8],47,1628,1643,1581,1628
1,<environment.Job instance at 0x146bd6bf52d0>,41,14,[6 1],53,1704,1718,1651,1704
1,<environment.Job instance at 0x146bd6c477d0>,38,2,[8 2],48,1745,1747,1697,1745
1,<environment.Job instance at 0x146bd6bf50a0>,44,1,[5 2],58,1748,1749,1690,1748
1,<environment.Job instance at 0x146bd6bf5a50>,47,12,[1 7],64,1854,1866,1790,1854
1,<environment.Job instance at 0x146bd6bf57d0>,48,3,[2 7],65,1878,1881,1813,1878
1,<environment.Job instance at 0x146bd6bf56e0>,46,14,[1 6],61,1915,1929,1854,1915
1,<environment.Job instance at 0x146bd6bf5c30>,51,3,[8 2],71,1984,1987,1913,1984
1,<environment.Job instance at 0x146bd6bf58c0>,49,3,[10  2],68,2002,2005,1934,2002
1,<environment.Job instance at 0x146bd6bf5f50>,56,2,[9 1],79,2005,2007,1926,2004
1,<environment.Job instance at 0x146bd6bf59b0>,57,17,[2 6],80,2067,2084,1987,2067
1,<environment.Job instance at 0x146bd6bf5280>,58,3,[1 7],83,2097,2100,2014,2097
1,<environment.Job instance at 0x146bd6bf50f0>,55,3,[9 1],77,2104,2107,2027,2104
1,<environment.Job instance at 0x146bbca45a50>,61,2,[10  1],86,2133,2135,2047,2133
1,<environment.Job instance at 0x146bbca45e10>,63,2,[2 5],88,2190,2192,2102,2190
1,<environment.Job instance at 0x146bbca45cd0>,60,2,[10  1],85,2192,2194,2107,2190
1,<environment.Job instance at 0x146bbc6657d0>,65,1,[2 9],90,2198,2199,2108,2198
1,<environment.Job instance at 0x146bbc6650a0>,67,1,[9 2],93,2273,2274,2180,2273
1,<environment.Job instance at 0x146bbc665820>,66,3,[2 9],92,2275,2278,2183,2275
1,<environment.Job instance at 0x146bbc6653c0>,71,1,[10  2],99,2278,2279,2179,2277
1,<environment.Job instance at 0x146bbc665780>,70,3,[10  2],98,2282,2285,2184,2282
1,<environment.Job instance at 0x146bbc665320>,2,1,[9 1],4,5,6,1,5
1,<environment.Job instance at 0x146bcfaa8d70>,5,3,[10  2],8,8,11,0,8
1,<environment.Job instance at 0x146bcfb77b90>,6,3,[ 1 10],9,11,14,2,9
1,<environment.Job instance at 0x146bcfb77eb0>,7,2,[5 1],10,14,16,4,12
1,<environment.Job instance at 0x146bcfb77dc0>,8,3,[ 2 10],12,16,19,4,14
1,<environment.Job instance at 0x146bcfb77cd0>,11,3,[2 8],17,19,22,2,18
1,<environment.Job instance at 0x146bcfb53690>,13,3,[2 9],20,22,25,2,21
1,<environment.Job instance at 0x146bcfb537d0>,15,2,[ 1 10],22,25,27,3,23
1,<environment.Job instance at 0x146bcfb53b90>,17,1,[9 2],25,27,28,2,27
1,<environment.Job instance at 0x146bcfb53fa0>,21,2,[1 7],31,31,33,0,31
1,<environment.Job instance at 0x146bcfb53f00>,22,2,[2 6],32,37,39,5,37
1,<environment.Job instance at 0x146bcfb851e0>,25,2,[5 1],37,37,39,0,37
1,<environment.Job instance at 0x146bcfb85320>,27,1,[10  1],39,52,53,13,52
1,<environment.Job instance at 0x146bcfb85280>,28,15,[7 1],40,53,68,13,53
1,<environment.Job instance at 0x146bcfb854b0>,29,3,[ 2 10],41,68,71,27,55
1,<environment.Job instance at 0x146bcfb85640>,30,17,[2 9],43,100,117,57,100
1,<environment.Job instance at 0x146bcfb857d0>,32,3,[2 9],45,117,120,72,108
1,<environment.Job instance at 0x146bcfb85910>,33,3,[2 5],46,120,123,74,108
1,<environment.Job instance at 0x146bcfb85a00>,34,3,[1 7],47,123,126,76,108
1,<environment.Job instance at 0x146bcfb85730>,35,2,[2 6],48,126,128,78,118
1,<environment.Job instance at 0x146bcfb85820>,36,2,[5 2],49,123,125,74,123
1,<environment.Job instance at 0x146bcfb85aa0>,37,12,[ 1 10],50,128,140,78,126
1,<environment.Job instance at 0x146bcfb85be0>,39,12,[5 1],52,140,152,88,127
1,<environment.Job instance at 0x146bcfb85d20>,40,1,[10  1],53,152,153,99,127
1,<environment.Job instance at 0x146bcfb85f00>,42,1,[10  2],57,153,154,96,134
1,<environment.Job instance at 0x146bcfb811e0>,43,1,[6 1],59,154,155,95,139
1,<environment.Job instance at 0x146bcfb812d0>,45,2,[1 8],61,146,148,85,146
1,<environment.Job instance at 0x146bcfb81410>,47,1,[8 1],63,155,156,92,152
1,<environment.Job instance at 0x146bcfb81190>,44,13,[1 6],60,156,169,96,156
1,<environment.Job instance at 0x146bcfb81280>,48,3,[1 6],64,170,173,106,170
1,<environment.Job instance at 0x146bcfb81a00>,55,3,[2 8],76,290,293,214,290
1,<environment.Job instance at 0x146bcfb81960>,56,2,[9 1],78,294,296,216,294
1,<environment.Job instance at 0x146bcfb81aa0>,58,1,[1 9],80,294,295,214,294
1,<environment.Job instance at 0x146bcfb81cd0>,60,26,[2 7],82,326,352,244,326
1,<environment.Job instance at 0x146bcfb81f50>,64,1,[2 7],87,352,353,265,330
1,<environment.Job instance at 0x146bcfb81b40>,57,12,[5 2],79,330,342,251,330
1,<environment.Job instance at 0x146bcfb81d20>,62,3,[2 9],84,353,356,269,334
1,<environment.Job instance at 0x146bcfb7a190>,67,1,[ 2 10],90,356,357,266,340
1,<environment.Job instance at 0x146bcfb7a4b0>,71,1,[1 8],96,357,358,261,340
1,<environment.Job instance at 0x146bd4cb50f0>,12,1,[10  1],19,22,23,3,22
1,<environment.Job instance at 0x146bd4cb53c0>,10,1,[8 2],16,25,26,9,25
1,<environment.Job instance at 0x146bcfb87f00>,19,2,[5 2],27,32,34,5,32
1,<environment.Job instance at 0x146bcfb87910>,21,1,[8 2],29,34,35,5,32
1,<environment.Job instance at 0x146bd4cb5780>,13,3,[8 1],20,35,38,15,34
1,<environment.Job instance at 0x146bcfb87aa0>,22,2,[7 1],30,38,40,8,38
1,<environment.Job instance at 0x146bd4cb6140>,25,2,[1 8],33,38,40,5,38
1,<environment.Job instance at 0x146bd4cb66e0>,26,3,[2 5],34,40,43,6,38
1,<environment.Job instance at 0x146bd4cb6230>,33,2,[2 5],43,81,83,38,81
1,<environment.Job instance at 0x146bd4cc7820>,39,3,[1 5],51,108,111,57,108
1,<environment.Job instance at 0x146bd4cc71e0>,41,16,[8 1],54,111,127,57,111
1,<environment.Job instance at 0x146bd4cc75f0>,42,14,[2 8],55,120,134,65,120
1,<environment.Job instance at 0x146bd4cc7e60>,40,1,[1 5],53,134,135,81,120
1,<environment.Job instance at 0x146bd4cc7f50>,46,2,[2 7],60,135,137,75,133
1,<environment.Job instance at 0x146bd4cc7be0>,47,14,[ 2 10],61,141,155,80,141
1,<environment.Job instance at 0x146bd4ca8370>,51,16,[1 6],66,159,175,93,159
1,<environment.Job instance at 0x146bd4cc7d70>,44,3,[1 7],58,175,178,117,160
1,<environment.Job instance at 0x146bbc772140>,65,1,[8 1],85,203,204,118,203
1,<environment.Job instance at 0x146bbc772be0>,74,22,[5 1],96,217,239,121,217
1,<environment.Job instance at 0x146bbcb9a1e0>,2,2,[5 2],3,3,5,0,3
1,<environment.Job instance at 0x146bbcb74a50>,3,13,[8 1],5,6,19,1,6
1,<environment.Job instance at 0x146bbc565640>,7,3,[9 2],10,19,22,9,10
1,<environment.Job instance at 0x146bbc565dc0>,9,2,[6 2],12,22,24,10,13
1,<environment.Job instance at 0x146bbcb74280>,8,1,[ 2 10],11,24,25,13,14
1,<environment.Job instance at 0x146bd2d9a8c0>,16,18,[2 5],20,25,43,5,20
1,<environment.Job instance at 0x146bbc565320>,10,1,[1 5],14,20,21,6,20
1,<environment.Job instance at 0x146bbcca1910>,23,1,[6 1],27,30,31,3,30
1,<environment.Job instance at 0x146bbceeaf00>,20,16,[1 9],24,43,59,19,30
1,<environment.Job instance at 0x146bbc7b4820>,25,1,[5 1],29,31,32,2,30
1,<environment.Job instance at 0x146bbcca1c80>,26,3,[5 2],30,32,35,2,30
1,<environment.Job instance at 0x146bce44a780>,29,15,[10  2],36,59,74,23,45
1,<environment.Job instance at 0x146bd0809410>,33,12,[1 8],40,77,89,37,77
1,<environment.Job instance at 0x146bd0809140>,34,28,[ 2 10],41,250,278,209,250
1,<environment.Job instance at 0x146bbc7b4410>,24,2,[ 1 10],28,342,344,314,342
1,<environment.Job instance at 0x146bd08091e0>,37,2,[1 8],47,381,383,334,381
1,<environment.Job instance at 0x146bd0809960>,36,14,[2 5],46,440,454,394,440
1,<environment.Job instance at 0x146bd0809690>,38,1,[5 1],48,445,446,397,445
1,<environment.Job instance at 0x146bd08094b0>,41,2,[6 2],53,446,448,393,445
1,<environment.Job instance at 0x146bcdc90690>,43,2,[9 2],55,454,456,399,445
1,<environment.Job instance at 0x146bbc33e5f0>,48,17,[2 9],63,493,510,430,493
1,<environment.Job instance at 0x146bbc33e730>,47,2,[2 9],62,695,697,633,695
1,<environment.Job instance at 0x146bbc5f44b0>,54,1,[1 5],70,1283,1284,1213,1283
1,<environment.Job instance at 0x146bbc3aa190>,61,3,[2 5],81,1504,1507,1423,1504
1,<environment.Job instance at 0x146bd75e0af0>,62,16,[7 2],82,1515,1531,1433,1515
1,<environment.Job instance at 0x146bbc3aa780>,60,3,[2 6],80,1563,1566,1483,1563
1,<environment.Job instance at 0x146bd75e07d0>,63,12,[9 1],83,2284,2296,2201,2284
1,<environment.Job instance at 0x146bbcf7baf0>,69,1,[2 8],96,2447,2448,2351,2447
1,<environment.Job instance at 0x153bc8725a50>,0,12,[2 5],1,1,13,0,1
1,<environment.Job instance at 0x153bbf1b99b0>,9,2,[6 1],11,11,13,0,11
1,<environment.Job instance at 0x153bbf1c7c80>,7,1,[2 6],8,13,14,5,11
1,<environment.Job instance at 0x153bbf198140>,10,13,[2 8],12,14,27,2,13
1,<environment.Job instance at 0x153bbf0dc3c0>,13,2,[8 1],17,17,19,0,17
1,<environment.Job instance at 0x153bbf10c190>,11,3,[1 8],13,27,30,14,17
1,<environment.Job instance at 0x153bbf0d98c0>,16,1,[2 5],21,30,31,9,21
1,<environment.Job instance at 0x153bc08a1be0>,22,1,[2 7],30,31,32,1,30
1,<environment.Job instance at 0x153bbec69dc0>,27,2,[2 7],36,36,38,0,36
1,<environment.Job instance at 0x153bbec69a00>,29,16,[10  2],39,39,55,0,39
1,<environment.Job instance at 0x153bbec655a0>,35,2,[1 8],45,55,57,10,47
1,<environment.Job instance at 0x153bbec640f0>,37,2,[ 1 10],50,57,59,7,50
1,<environment.Job instance at 0x153bbec64c80>,39,3,[1 5],52,59,62,7,53
1,<environment.Job instance at 0x153bbec65780>,31,3,[9 2],41,59,62,18,54
1,<environment.Job instance at 0x153bbec661e0>,46,2,[2 8],61,64,66,3,64
1,<environment.Job instance at 0x153bbec7f2d0>,52,2,[1 7],72,73,75,1,73
1,<environment.Job instance at 0x153bbf169c30>,54,2,[2 5],75,82,84,7,82
1,<environment.Job instance at 0x153bbec9c5f0>,56,1,[10  2],79,93,94,14,93
1,<environment.Job instance at 0x153bbf1691e0>,57,22,[1 5],80,94,116,14,93
1,<environment.Job instance at 0x153bbec9c2d0>,55,16,[2 5],76,94,110,18,93
1,<environment.Job instance at 0x153bbf0eefa0>,64,12,[9 1],91,110,122,19,100
1,<environment.Job instance at 0x153bbf13f820>,70,2,[ 2 10],97,122,124,25,107
1,<environment.Job instance at 0x153bbf13f690>,71,3,[2 9],99,124,127,25,109
1,<environment.Job instance at 0x153bbf13f5f0>,73,2,[6 2],103,127,129,24,111
1,<environment.Job instance at 0x153bbf0cfdc0>,75,1,[1 6],107,116,117,9,112
1,<environment.Job instance at 0x153bbf0f4a50>,66,3,[1 9],93,117,120,24,114
1,<environment.Job instance at 0x153bbf400b40>,77,2,[ 1 10],109,129,131,20,129
1,<environment.Job instance at 0x153bbf1ce4b0>,4,1,[10  1],7,8,9,1,8
1,<environment.Job instance at 0x153bbec66b90>,2,3,[ 2 10],4,9,12,5,9
1,<environment.Job instance at 0x153bbf1ce5a0>,13,15,[7 1],19,20,35,1,20
1,<environment.Job instance at 0x153bbf1ce7d0>,11,1,[2 7],17,21,22,4,21
1,<environment.Job instance at 0x153bbf429e10>,16,3,[2 8],22,26,29,4,26
1,<environment.Job instance at 0x153bbf429fa0>,23,1,[2 8],31,32,33,1,32
1,<environment.Job instance at 0x153bbf429b90>,19,13,[ 1 10],26,35,48,9,32
1,<environment.Job instance at 0x153bbf429280>,24,1,[ 2 10],32,48,49,16,34
1,<environment.Job instance at 0x153bbf4040a0>,28,18,[1 8],36,49,67,13,38
1,<environment.Job instance at 0x153bbf0ab0f0>,41,1,[1 8],56,70,71,14,70
1,<environment.Job instance at 0x153bbf0ab5a0>,47,27,[1 8],63,111,138,48,111
1,<environment.Job instance at 0x153bbf0abbe0>,45,3,[1 7],61,138,141,77,125
1,<environment.Job instance at 0x153bbf0fd6e0>,52,3,[5 1],73,125,128,52,125
1,<environment.Job instance at 0x153bbf0fdf50>,53,15,[1 7],75,141,156,66,137
1,<environment.Job instance at 0x153bbf0fdc80>,58,15,[2 7],83,180,195,97,180
1,<environment.Job instance at 0x153bbf101190>,61,17,[ 2 10],86,203,220,117,203
1,<environment.Job instance at 0x153bbf101960>,66,13,[ 2 10],92,241,254,149,241
1,<environment.Job instance at 0x153bbf1015a0>,70,3,[ 2 10],97,254,257,157,247
1,<environment.Job instance at 0x153bbf101d20>,75,2,[2 5],103,257,259,154,249
1,<environment.Job instance at 0x153bbf42aaa0>,0,17,[1 6],1,3,20,2,3
1,<environment.Job instance at 0x153bbf42ae10>,3,16,[9 1],6,8,24,2,8
1,<environment.Job instance at 0x153bbf42aa00>,2,1,[2 6],3,24,25,21,10
1,<environment.Job instance at 0x153b9d6e8fa0>,5,1,[9 1],11,25,26,14,11
1,<environment.Job instance at 0x153b9d6eb140>,8,1,[9 1],15,26,27,11,17
1,<environment.Job instance at 0x153b9d6eb780>,12,3,[1 5],20,21,24,1,21
1,<environment.Job instance at 0x153b9d6eb460>,15,1,[2 6],26,27,28,1,27
1,<environment.Job instance at 0x153b9d6eba00>,14,3,[2 8],25,29,32,4,29
1,<environment.Job instance at 0x153b9d6ed460>,22,14,[2 8],39,39,53,0,39
1,<environment.Job instance at 0x153b9d6ed5a0>,23,3,[8 1],42,43,46,1,43
1,<environment.Job instance at 0x153b9d6ed9b0>,27,14,[6 1],47,48,62,1,48
1,<environment.Job instance at 0x153b9d6ede60>,32,1,[1 5],53,61,62,8,61
1,<environment.Job instance at 0x153b9d6eda50>,34,3,[ 2 10],55,83,86,28,83
1,<environment.Job instance at 0x153b9d6edfa0>,36,3,[1 5],59,89,92,30,89
1,<environment.Job instance at 0x153b9d6edcd0>,31,2,[6 2],52,104,106,52,104
1,<environment.Job instance at 0x153b9d670410>,39,1,[7 1],62,108,109,46,108
1,<environment.Job instance at 0x153b9d670460>,41,2,[8 2],65,110,112,45,110
1,<environment.Job instance at 0x153b9d670320>,40,18,[5 2],63,114,132,51,114
1,<environment.Job instance at 0x153b9d670550>,42,3,[1 7],66,123,126,57,123
1,<environment.Job instance at 0x153b9d6706e0>,43,18,[8 1],67,136,154,69,136
1,<environment.Job instance at 0x153b9d6707d0>,46,3,[1 7],70,168,171,98,168
1,<environment.Job instance at 0x153b9d670aa0>,49,2,[5 2],75,183,185,108,183
1,<environment.Job instance at 0x153b9d670cd0>,52,2,[10  1],79,185,187,106,183
1,<environment.Job instance at 0x153b9d6709b0>,51,12,[7 1],78,187,199,109,183
1,<environment.Job instance at 0x153b9d670eb0>,56,3,[1 8],85,187,190,102,183
1,<environment.Job instance at 0x153b9d673230>,57,12,[7 2],87,199,211,112,183
1,<environment.Job instance at 0x153b9d670b40>,53,3,[2 7],80,190,193,110,186
1,<environment.Job instance at 0x153b9d673460>,61,2,[2 5],94,193,195,99,188
1,<environment.Job instance at 0x153b9d6735f0>,64,2,[ 1 10],97,211,213,114,193
1,<environment.Job instance at 0x153b9d6736e0>,63,14,[8 1],96,213,227,117,204
1,<environment.Job instance at 0x153b9d673780>,67,13,[5 2],101,227,240,126,211
1,<environment.Job instance at 0x153b9d673910>,68,3,[1 9],102,214,217,112,214
1,<environment.Job instance at 0x153b9d673af0>,70,3,[5 1],104,227,230,123,217
1,<environment.Job instance at 0x153b9d673a50>,69,1,[6 1],103,240,241,137,221
1,<environment.Job instance at 0x153b9d6e8c80>,1,20,[8 2],2,6,26,4,6
1,<environment.Job instance at 0x153b9d6704b0>,4,3,[1 8],8,12,15,4,12
1,<environment.Job instance at 0x153b9dd34410>,7,3,[5 2],13,26,29,13,13
1,<environment.Job instance at 0x153b9dd34910>,9,1,[ 2 10],15,29,30,14,15
1,<environment.Job instance at 0x153b9dd65910>,10,18,[5 2],17,30,48,13,19
1,<environment.Job instance at 0x153bc0b9f3c0>,11,1,[1 8],18,19,20,1,19
1,<environment.Job instance at 0x153b9dd37320>,14,3,[5 2],24,26,29,2,25
1,<environment.Job instance at 0x153b9dd37780>,15,2,[ 2 10],25,48,50,23,33
1,<environment.Job instance at 0x153b9dd372d0>,20,3,[2 7],33,36,39,3,36
1,<environment.Job instance at 0x153b9ddabe60>,16,15,[8 2],26,50,65,24,37
1,<environment.Job instance at 0x153b9dd4e410>,19,1,[6 2],31,65,66,34,43
1,<environment.Job instance at 0x153b9de25500>,23,2,[1 9],41,66,68,25,43
1,<environment.Job instance at 0x153b9dd450f0>,22,2,[8 1],38,66,68,28,45
1,<environment.Job instance at 0x153b9ddba3c0>,26,3,[1 8],44,60,63,16,60
1,<environment.Job instance at 0x153b9df1bd70>,29,2,[1 6],48,83,85,35,83
1,<environment.Job instance at 0x153b9df1b370>,30,3,[ 2 10],50,90,93,40,90
1,<environment.Job instance at 0x153bc08a5d70>,32,3,[9 1],52,96,99,44,96
1,<environment.Job instance at 0x153b9df87730>,33,16,[9 1],53,99,115,46,96
1,<environment.Job instance at 0x153b9df873c0>,34,1,[6 2],55,115,116,60,100
1,<environment.Job instance at 0x153bc08a58c0>,31,1,[7 2],51,116,117,65,107
1,<environment.Job instance at 0x153b9df41a00>,37,2,[ 1 10],59,118,120,59,118
1,<environment.Job instance at 0x153b9df87870>,35,3,[2 7],56,120,123,64,119
1,<environment.Job instance at 0x153b9df41dc0>,39,2,[2 9],61,123,125,62,121
1,<environment.Job instance at 0x153b9df413c0>,40,3,[9 1],64,130,133,66,130
1,<environment.Job instance at 0x153b9df416e0>,41,18,[6 2],66,133,151,67,131
1,<environment.Job instance at 0x153b9df41aa0>,43,3,[5 1],70,151,154,81,138
1,<environment.Job instance at 0x153b9df417d0>,45,2,[5 1],73,151,153,78,146
1,<environment.Job instance at 0x153b9df41c30>,48,2,[6 1],76,154,156,78,148
1,<environment.Job instance at 0x153b9df21e60>,51,2,[5 2],82,156,158,74,154
1,<environment.Job instance at 0x153b9df21b90>,52,3,[1 7],83,155,158,72,155
1,<environment.Job instance at 0x153b9df41870>,50,3,[6 2],81,159,162,78,159
1,<environment.Job instance at 0x153b9df53960>,54,1,[7 2],86,162,163,76,159
1,<environment.Job instance at 0x153b9df53190>,53,2,[9 2],85,163,165,78,161
1,<environment.Job instance at 0x153b9df53cd0>,56,14,[1 6],89,162,176,73,162
1,<environment.Job instance at 0x153b9df53820>,57,14,[1 9],90,176,190,86,176
1,<environment.Job instance at 0x153b9df53aa0>,55,3,[1 7],88,190,193,102,176
1,<environment.Job instance at 0x153b9df5abe0>,59,26,[9 1],94,176,202,82,176
1,<environment.Job instance at 0x153b9df5a0a0>,58,3,[6 1],93,202,205,109,184
1,<environment.Job instance at 0x153b9de13dc0>,62,16,[2 9],97,210,226,113,210
1,<environment.Job instance at 0x153b9df41f50>,49,3,[9 2],78,226,229,148,218
1,<environment.Job instance at 0x153b9ded1d70>,64,3,[8 1],99,222,225,123,222
1,<environment.Job instance at 0x153bc6630050>,67,27,[1 7],105,233,260,128,233
1,<environment.Job instance at 0x153bc6630dc0>,66,1,[10  1],104,260,261,156,246
1,<environment.Job instance at 0x153bc66305a0>,69,16,[2 8],109,261,277,152,255
1,<environment.Job instance at 0x153b9defe0a0>,63,12,[5 2],98,300,312,202,300
1,<environment.Job instance at 0x153b9dd656e0>,0,13,[ 2 10],2,3,16,1,3
1,<environment.Job instance at 0x153b9dd65f50>,3,2,[8 1],6,16,18,10,6
1,<environment.Job instance at 0x153b9dd65320>,9,1,[1 8],15,16,17,1,16
1,<environment.Job instance at 0x153b9dd65e60>,10,16,[2 6],16,18,34,2,18
1,<environment.Job instance at 0x153b9dcfdfa0>,13,14,[9 1],20,34,48,14,20
1,<environment.Job instance at 0x153b9dcfd4b0>,16,15,[1 5],23,34,49,11,23
1,<environment.Job instance at 0x153b9dd65aa0>,6,3,[1 5],10,48,51,38,26
1,<environment.Job instance at 0x153b9dcfd5f0>,18,2,[1 8],26,51,53,25,26
1,<environment.Job instance at 0x153b9dc73960>,29,1,[1 5],42,53,54,11,52
1,<environment.Job instance at 0x153b9dc73870>,34,17,[2 9],47,61,78,14,61
1,<environment.Job instance at 0x153b9dc73410>,24,2,[6 1],34,66,68,32,66
1,<environment.Job instance at 0x153b9dcd8e10>,39,3,[2 8],52,78,81,26,67
1,<environment.Job instance at 0x153b9dc73a00>,33,2,[ 1 10],46,81,83,35,68
1,<environment.Job instance at 0x153b9dcd82d0>,44,1,[6 2],61,78,79,17,70
1,<environment.Job instance at 0x153b9dcd83c0>,45,1,[2 9],62,83,84,21,74
1,<environment.Job instance at 0x153b9dc6ffa0>,55,1,[7 1],76,76,77,0,76
1,<environment.Job instance at 0x153b9def7730>,56,2,[7 1],77,83,85,6,81
1,<environment.Job instance at 0x153b9def70f0>,60,15,[1 8],82,94,109,12,94
1,<environment.Job instance at 0x153bc09f5b90>,71,1,[2 5],96,115,116,19,115
1,<environment.Job instance at 0x153b9db705a0>,46,27,[ 2 10],63,116,143,53,115
1,<environment.Job instance at 0x153bc5f05820>,74,1,[2 8],100,143,144,43,116
1,<environment.Job instance at 0x153bc5f05690>,75,1,[2 6],101,144,145,43,135
1,<environment.Job instance at 0x153b9d917550>,1,3,[9 2],2,3,6,1,3
1,<environment.Job instance at 0x153bc6696c30>,8,13,[5 1],11,11,24,0,11
1,<environment.Job instance at 0x153bc6696140>,11,1,[2 5],14,15,16,1,15
1,<environment.Job instance at 0x153bc6696be0>,15,13,[10  1],18,24,37,6,18
1,<environment.Job instance at 0x153b9dc737d0>,4,16,[ 2 10],5,37,53,32,28
1,<environment.Job instance at 0x153bc6696780>,19,3,[7 1],26,53,56,27,30
1,<environment.Job instance at 0x153bc18adaa0>,20,3,[2 8],27,57,60,30,57
1,<environment.Job instance at 0x153bc18ad050>,21,3,[1 9],28,60,63,32,57
1,<environment.Job instance at 0x153bc6696b90>,12,14,[2 8],15,67,81,52,67
1,<environment.Job instance at 0x153bc18ad0f0>,22,16,[10  1],29,87,103,58,87
1,<environment.Job instance at 0x153bc18adfa0>,28,3,[8 1],40,103,106,63,96
1,<environment.Job instance at 0x153bc18adb40>,31,1,[7 1],46,106,107,60,97
1,<environment.Job instance at 0x153bc18ad550>,33,14,[2 5],48,103,117,55,98
1,<environment.Job instance at 0x153bc18ada00>,35,12,[1 5],51,107,119,56,102
1,<environment.Job instance at 0x153bc18adbe0>,38,3,[2 6],56,119,122,63,106
1,<environment.Job instance at 0x153b9d85fa50>,40,16,[1 5],61,122,138,61,119
1,<environment.Job instance at 0x153b9d85fdc0>,43,1,[10  2],65,138,139,73,120
1,<environment.Job instance at 0x153bc189d460>,51,16,[2 7],81,157,173,76,157
1,<environment.Job instance at 0x153bc189d230>,49,2,[1 6],77,173,175,96,159
1,<environment.Job instance at 0x153bc189dcd0>,54,3,[5 1],88,166,169,78,166
1,<environment.Job instance at 0x153bc660b6e0>,60,2,[5 2],94,183,185,89,183
1,<environment.Job instance at 0x153bc660b3c0>,64,2,[6 1],99,195,197,96,195
1,<environment.Job instance at 0x153bc660b910>,66,3,[9 2],102,213,216,111,213
1,<environment.Job instance at 0x153bc660bd20>,68,17,[1 9],104,237,254,133,237
1,<environment.Job instance at 0x153bc660b4b0>,69,3,[9 2],105,254,257,149,241
1,<environment.Job instance at 0x153bc65e5910>,70,2,[2 9],107,257,259,150,242
1,<environment.Job instance at 0x153bc189db40>,47,16,[ 2 10],72,259,275,187,254
1,<environment.Job instance at 0x153bc660b460>,63,17,[2 8],97,275,292,178,273
1,<environment.Job instance at 0x153bc1486410>,2,13,[10  1],5,5,18,0,5
1,<environment.Job instance at 0x153bc1486500>,6,15,[2 7],10,18,33,8,13
1,<environment.Job instance at 0x153bc1486230>,1,1,[5 1],3,18,19,15,14
1,<environment.Job instance at 0x153bc14a5f00>,12,1,[2 9],24,33,34,9,24
1,<environment.Job instance at 0x153bc14a58c0>,13,2,[7 2],25,25,27,0,25
1,<environment.Job instance at 0x153bc18adaa0>,14,12,[7 1],26,28,40,2,28
1,<environment.Job instance at 0x153bc7fdacd0>,25,3,[6 2],40,40,43,0,40
1,<environment.Job instance at 0x153bc1587f50>,24,15,[6 1],39,43,58,4,40
1,<environment.Job instance at 0x153b9d9980f0>,32,3,[2 7],48,49,52,1,49
1,<environment.Job instance at 0x153b9d9809b0>,34,2,[2 8],50,52,54,2,50
1,<environment.Job instance at 0x153b9d724cd0>,37,1,[1 9],57,57,58,0,57
1,<environment.Job instance at 0x153b9d980e60>,38,3,[7 1],58,58,61,0,58
1,<environment.Job instance at 0x153b9d9aee60>,41,12,[2 6],63,63,75,0,63
1,<environment.Job instance at 0x153b9d9ae3c0>,40,14,[1 5],61,75,89,14,68
1,<environment.Job instance at 0x153b9ded5370>,44,25,[8 1],69,71,96,2,71
1,<environment.Job instance at 0x153b9def9e10>,53,3,[1 5],80,89,92,9,80
1,<environment.Job instance at 0x153b9def9fa0>,52,16,[1 9],79,92,108,13,80
1,<environment.Job instance at 0x153b9df1d140>,58,12,[1 7],87,108,120,21,92
1,<environment.Job instance at 0x153b9df1d820>,62,3,[6 2],92,108,111,16,100
1,<environment.Job instance at 0x153b9df1d8c0>,64,17,[5 2],94,111,128,17,100
1,<environment.Job instance at 0x153b9df15640>,69,3,[8 2],101,128,131,27,116
1,<environment.Job instance at 0x153b9debe820>,56,13,[1 9],84,131,144,47,116
1,<environment.Job instance at 0x153b9df15960>,73,16,[ 2 10],105,144,160,39,131
1,<environment.Job instance at 0x153b9df157d0>,74,3,[7 1],106,132,135,26,132
1,<environment.Job instance at 0x153b9d74daa0>,0,3,[5 2],2,3,6,1,3
1,<environment.Job instance at 0x153b9d915500>,2,1,[8 1],4,8,9,4,8
1,<environment.Job instance at 0x153b9d915eb0>,5,1,[5 2],9,10,11,1,10
1,<environment.Job instance at 0x153bc0b63e60>,7,25,[9 1],11,11,36,0,11
1,<environment.Job instance at 0x153b9d915370>,4,1,[10  1],8,36,37,28,13
1,<environment.Job instance at 0x153bc0b63320>,11,15,[5 2],16,37,52,21,27
1,<environment.Job instance at 0x153bc09ed1e0>,22,15,[9 2],30,52,67,22,39
1,<environment.Job instance at 0x153b9db437d0>,27,1,[6 2],37,67,68,30,55
1,<environment.Job instance at 0x153bc08c2d20>,31,2,[9 1],42,68,70,26,59
1,<environment.Job instance at 0x153b9dc7c780>,15,2,[2 9],21,70,72,49,59
1,<environment.Job instance at 0x153bc08c2aa0>,32,13,[6 1],44,70,83,26,60
1,<environment.Job instance at 0x153bc1450b90>,35,3,[5 1],47,83,86,36,60
1,<environment.Job instance at 0x153bc17ba3c0>,37,13,[2 6],49,72,85,23,61
1,<environment.Job instance at 0x153bc1450af0>,33,2,[7 2],45,86,88,41,65
1,<environment.Job instance at 0x153bc1450370>,34,2,[9 2],46,88,90,42,79
1,<environment.Job instance at 0x153bc17badc0>,40,17,[7 1],54,90,107,36,79
1,<environment.Job instance at 0x153bc17baf00>,42,13,[2 8],56,90,103,34,88
1,<environment.Job instance at 0x153bc17ba820>,43,16,[6 1],57,107,123,50,106
1,<environment.Job instance at 0x153bc17ba320>,44,1,[8 2],58,123,124,65,107
1,<environment.Job instance at 0x153bc0a70960>,20,17,[2 5],27,119,136,92,119
1,<environment.Job instance at 0x153bc0a64a00>,48,2,[6 2],62,134,136,72,134
1,<environment.Job instance at 0x153b9d389b90>,47,1,[1 8],61,136,137,75,136
1,<environment.Job instance at 0x153bc0a6a690>,50,1,[6 2],65,137,138,72,137
1,<environment.Job instance at 0x153bc17ba5a0>,41,17,[2 7],55,142,159,87,142
1,<environment.Job instance at 0x153b9d4c23c0>,54,1,[5 1],70,150,151,80,150
1,<environment.Job instance at 0x153b9d4c20f0>,53,13,[10  1],69,159,172,90,156
1,<environment.Job instance at 0x153bbf1635a0>,55,14,[2 9],71,172,186,101,159
1,<environment.Job instance at 0x153b9d4c2050>,56,2,[7 2],72,186,188,114,182
1,<environment.Job instance at 0x153bc048f8c0>,66,2,[2 5],82,197,199,115,197
1,<environment.Job instance at 0x153bc0b43d20>,67,13,[7 2],84,199,212,115,199
1,<environment.Job instance at 0x153b9d9aeb90>,64,2,[8 2],80,244,246,164,244
1,<environment.Job instance at 0x153b9dade320>,72,17,[1 7],90,280,297,190,280
1,<environment.Job instance at 0x153b9dade6e0>,69,15,[ 2 10],86,297,312,211,294
1,<environment.Job instance at 0x153bc08d2c80>,84,19,[1 5],106,314,333,208,314
1,<environment.Job instance at 0x153bc5c9dc30>,86,1,[5 1],109,319,320,210,319
1,<environment.Job instance at 0x153bc186edc0>,2,1,[ 2 10],4,4,5,0,4
1,<environment.Job instance at 0x153bc186ee60>,3,2,[7 2],6,6,8,0,6
1,<environment.Job instance at 0x153bc148b9b0>,5,2,[6 1],9,12,14,3,12
1,<environment.Job instance at 0x153bc148b0f0>,7,15,[10  2],14,14,29,0,14
1,<environment.Job instance at 0x153bc148b0a0>,8,2,[7 2],15,29,31,14,16
1,<environment.Job instance at 0x153bc148ba50>,15,1,[1 8],24,29,30,5,28
1,<environment.Job instance at 0x153bc148bb90>,14,14,[1 6],23,30,44,7,30
1,<environment.Job instance at 0x153bc14ff190>,18,1,[6 1],30,31,32,1,31
1,<environment.Job instance at 0x153bc14ffb90>,20,2,[2 7],33,44,46,11,41
1,<environment.Job instance at 0x153bc045d870>,22,25,[6 1],35,46,71,11,46
1,<environment.Job instance at 0x153b9d66a0f0>,25,3,[10  1],41,71,74,30,48
1,<environment.Job instance at 0x153b9d66a9b0>,27,3,[9 2],43,74,77,31,49
1,<environment.Job instance at 0x153b9d66ac30>,31,1,[9 2],50,77,78,27,53
1,<environment.Job instance at 0x153b9d66a280>,32,1,[10  1],51,78,79,27,54
1,<environment.Job instance at 0x153b9d66a690>,30,22,[2 5],49,222,244,173,222
1,<environment.Job instance at 0x153b9d4da370>,37,15,[2 5],59,282,297,223,282
1,<environment.Job instance at 0x153b9d66aaa0>,24,1,[10  1],38,300,301,262,300
1,<environment.Job instance at 0x153b9d4da6e0>,38,14,[7 1],60,313,327,253,313
1,<environment.Job instance at 0x153b9d4dac80>,39,2,[7 1],61,411,413,350,411
1,<environment.Job instance at 0x153b9d4daa50>,43,3,[9 2],65,413,416,348,411
1,<environment.Job instance at 0x153b9d4da190>,41,2,[10  2],63,440,442,377,440
1,<environment.Job instance at 0x153bc18adfa0>,49,17,[1 8],78,449,466,371,449
1,<environment.Job instance at 0x153bc7c5ae60>,48,3,[10  1],72,466,469,394,463
1,<environment.Job instance at 0x153bc18ad870>,51,17,[1 6],81,477,494,396,477
1,<environment.Job instance at 0x153bc18adbe0>,53,13,[2 9],86,538,551,452,538
1,<environment.Job instance at 0x153bc18adaa0>,52,3,[1 9],82,606,609,524,606
1,<environment.Job instance at 0x153bc18ad960>,57,2,[2 9],91,609,611,518,607
1,<environment.Job instance at 0x153b9ded1320>,62,2,[ 1 10],96,727,729,631,727
1,<environment.Job instance at 0x153b9ded16e0>,64,1,[5 1],98,794,795,696,794
1,<environment.Job instance at 0x153b9ded1c80>,66,1,[8 1],100,809,810,709,809
1,<environment.Job instance at 0x153b9ded1af0>,71,3,[9 1],107,813,816,706,813
1,<environment.Job instance at 0x153b9ded13c0>,73,14,[ 2 10],109,816,830,707,814
1,<environment.Job instance at 0x153bc6631870>,0,1,[1 9],1,2,3,1,2
1,<environment.Job instance at 0x153b9d62f780>,2,1,[6 1],3,4,5,1,4
1,<environment.Job instance at 0x153b9d62f280>,4,16,[7 1],5,8,24,3,8
1,<environment.Job instance at 0x153b9d62faa0>,9,16,[2 9],12,12,28,0,12
1,<environment.Job instance at 0x153b9d62f410>,11,23,[9 1],16,28,51,12,25
1,<environment.Job instance at 0x153b9d8064b0>,18,1,[9 1],25,51,52,26,26
1,<environment.Job instance at 0x153b9d806be0>,15,2,[7 2],21,52,54,31,29
1,<environment.Job instance at 0x153b9d4e07d0>,12,14,[ 1 10],17,54,68,37,40
1,<environment.Job instance at 0x153bc0b1f910>,27,1,[2 6],40,52,53,12,49
1,<environment.Job instance at 0x153bc0b1f5a0>,28,2,[9 2],43,68,70,25,50
1,<environment.Job instance at 0x153bc0b1f370>,29,1,[ 2 10],47,70,71,23,52
1,<environment.Job instance at 0x153bc0b1f460>,25,13,[2 5],38,80,93,42,80
1,<environment.Job instance at 0x153b9da9a460>,34,16,[9 1],54,93,109,39,82
1,<environment.Job instance at 0x153bc0b1f6e0>,33,1,[8 1],53,109,110,56,102
1,<environment.Job instance at 0x153bc1895c80>,43,16,[2 9],70,121,137,51,121
1,<environment.Job instance at 0x153bc1895cd0>,46,3,[2 8],73,137,140,64,125
1,<environment.Job instance at 0x153bc1895b90>,49,2,[1 6],77,140,142,63,128
1,<environment.Job instance at 0x153bc1895320>,51,1,[2 7],80,142,143,62,130
1,<environment.Job instance at 0x153bc0a34b90>,53,13,[7 1],82,131,144,49,131
1,<environment.Job instance at 0x153bc0a34690>,62,2,[5 2],95,144,146,49,134
1,<environment.Job instance at 0x153bc0a34c30>,63,15,[1 9],96,146,161,50,134
1,<environment.Job instance at 0x153bc0a346e0>,64,3,[6 1],97,146,149,49,134
1,<environment.Job instance at 0x153bc0a34af0>,65,2,[ 1 10],98,161,163,63,134
1,<environment.Job instance at 0x153bc045de60>,67,1,[2 6],102,143,144,41,134
1,<environment.Job instance at 0x153bbc0809b0>,69,1,[5 1],104,144,145,40,135
1,<environment.Job instance at 0x153b9da395f0>,72,3,[8 1],108,149,152,41,137
1,<environment.Job instance at 0x153bc0a34c80>,59,3,[2 8],90,163,166,73,145
1,<environment.Job instance at 0x153bc66047d0>,0,15,[6 1],2,4,19,2,4
1,<environment.Job instance at 0x153b9d8fa5a0>,4,2,[7 1],8,19,21,11,9
1,<environment.Job instance at 0x153b9d9210f0>,5,21,[6 1],10,21,42,11,13
1,<environment.Job instance at 0x153b9d9218c0>,7,14,[2 6],13,16,30,3,16
1,<environment.Job instance at 0x153b9d8f43c0>,16,1,[ 2 10],25,42,43,17,29
1,<environment.Job instance at 0x153b9d8f4f00>,18,3,[ 1 10],31,43,46,12,31
1,<environment.Job instance at 0x153b9d8f4500>,20,18,[9 1],33,46,64,13,40
1,<environment.Job instance at 0x153b9d8f4690>,23,1,[7 1],37,64,65,27,42
1,<environment.Job instance at 0x153b9d90c370>,26,3,[8 2],43,65,68,22,43
1,<environment.Job instance at 0x153b9d90ca50>,28,3,[2 8],45,64,67,19,45
1,<environment.Job instance at 0x153bc18ab460>,32,21,[9 1],51,68,89,17,61
1,<environment.Job instance at 0x153bc18abc80>,38,1,[1 9],59,63,64,4,63
1,<environment.Job instance at 0x153bc09c9690>,39,1,[2 7],60,67,68,7,63
1,<environment.Job instance at 0x153bc09c9f50>,40,2,[1 8],61,68,70,7,64
1,<environment.Job instance at 0x153bbec28190>,48,15,[6 1],73,115,130,42,115
1,<environment.Job instance at 0x153b9d9219b0>,12,12,[2 8],21,199,211,178,199
1,<environment.Job instance at 0x153b9d83dd20>,51,1,[5 1],76,202,203,126,202
1,<environment.Job instance at 0x153b9d382af0>,52,1,[8 1],78,209,210,131,209
1,<environment.Job instance at 0x153bc0ba7460>,54,1,[2 9],81,213,214,132,213
1,<environment.Job instance at 0x153bc0ba74b0>,56,14,[ 1 10],84,280,294,196,280
1,<environment.Job instance at 0x153b9d399320>,50,1,[2 8],75,297,298,222,297
1,<environment.Job instance at 0x153b9d39b050>,59,3,[2 5],88,303,306,215,303
1,<environment.Job instance at 0x153b9d8f88c0>,61,18,[2 9],90,321,339,231,321
1,<environment.Job instance at 0x153bc08d80f0>,57,1,[7 2],85,339,340,254,322
1,<environment.Job instance at 0x153bc0917320>,65,17,[5 1],94,340,357,246,338
1,<environment.Job instance at 0x153bc0917640>,66,1,[7 1],95,357,358,262,350
1,<environment.Job instance at 0x153bc0ba8c30>,67,3,[9 2],96,380,383,284,380
1,<environment.Job instance at 0x153b9d612a00>,70,3,[2 5],99,411,414,312,411
1,<environment.Job instance at 0x153b9d60b7d0>,77,13,[2 8],107,482,495,375,482
1,<environment.Job instance at 0x153bc0ba8af0>,68,2,[1 8],97,500,502,403,500
1,<environment.Job instance at 0x153b9d762910>,4,2,[1 7],9,11,13,2,11
1,<environment.Job instance at 0x153b9d762d70>,7,15,[6 2],12,12,27,0,12
1,<environment.Job instance at 0x153b9d762a50>,5,3,[7 1],10,27,30,17,20
1,<environment.Job instance at 0x153b9d762320>,8,3,[2 9],13,29,32,16,29
1,<environment.Job instance at 0x153b9dcfaeb0>,15,2,[9 1],22,32,34,10,32
1,<environment.Job instance at 0x153b9dcfaf00>,13,2,[1 5],20,32,34,12,32
1,<environment.Job instance at 0x153b9dcfa050>,16,3,[9 2],23,34,37,11,34
1,<environment.Job instance at 0x153b9dcfa730>,18,2,[2 6],26,37,39,11,36
1,<environment.Job instance at 0x153b9dcfa140>,22,17,[5 2],30,46,63,16,46
1,<environment.Job instance at 0x153b9dcfae10>,23,2,[5 1],32,47,49,15,47
1,<environment.Job instance at 0x153b9dcfa280>,24,2,[8 2],33,63,65,30,52
1,<environment.Job instance at 0x153b9dcfaaa0>,26,14,[1 9],36,65,79,29,57
1,<environment.Job instance at 0x153bc0c14cd0>,31,3,[1 6],41,79,82,38,68
1,<environment.Job instance at 0x153bc0c14aa0>,34,16,[8 2],45,80,96,35,80
1,<environment.Job instance at 0x153bc0c14690>,37,1,[10  2],50,100,101,50,100
1,<environment.Job instance at 0x153bc0c14b90>,39,1,[1 6],52,105,106,53,105
1,<environment.Job instance at 0x153bc3d55410>,41,2,[5 1],54,123,125,69,123
1,<environment.Job instance at 0x153bc3d55140>,42,2,[7 2],55,127,129,72,127
1,<environment.Job instance at 0x153bc3d550a0>,44,3,[2 6],57,130,133,73,130
1,<environment.Job instance at 0x153bc0c140a0>,30,15,[2 5],40,136,151,96,136
1,<environment.Job instance at 0x153bc3d553c0>,46,3,[6 1],59,141,144,82,141
1,<environment.Job instance at 0x153bc5ca10f0>,49,17,[8 1],67,144,161,77,144
1,<environment.Job instance at 0x153bc5ca1eb0>,55,12,[ 1 10],73,161,173,88,158
1,<environment.Job instance at 0x153bc5ca1460>,57,1,[6 2],77,173,174,96,168
1,<environment.Job instance at 0x153b9d7df230>,61,2,[8 2],82,176,178,94,176
1,<environment.Job instance at 0x153bbf404460>,62,14,[2 9],87,191,205,104,191
1,<environment.Job instance at 0x153bbf404730>,63,1,[5 2],89,205,206,116,193
1,<environment.Job instance at 0x153bbf404780>,68,3,[2 6],95,205,208,110,202
1,<environment.Job instance at 0x153bc67094b0>,60,3,[2 7],80,208,211,128,202
1,<environment.Job instance at 0x153bbf404a50>,70,1,[ 1 10],98,211,212,113,202
1,<environment.Job instance at 0x153bc5c3cd20>,6,3,[7 2],11,11,14,0,11
1,<environment.Job instance at 0x153bc5c3ce10>,7,28,[2 5],13,13,41,0,13
1,<environment.Job instance at 0x153b9d618190>,2,1,[2 8],4,41,42,37,13
1,<environment.Job instance at 0x153bc5c3cf00>,12,1,[2 6],18,42,43,24,30
1,<environment.Job instance at 0x153bc5c3c410>,15,24,[2 9],22,43,67,21,40
1,<environment.Job instance at 0x153bc18a6550>,19,2,[2 6],30,67,69,37,58
1,<environment.Job instance at 0x153bc18a6690>,20,2,[6 2],31,67,69,36,59
1,<environment.Job instance at 0x153bc18a6c80>,22,1,[10  1],36,69,70,33,61
1,<environment.Job instance at 0x153bc18a6b40>,23,3,[10  1],37,70,73,33,68
1,<environment.Job instance at 0x153bc18a68c0>,25,3,[1 5],39,73,76,34,70
1,<environment.Job instance at 0x153bc18a6cd0>,27,1,[9 1],41,73,74,32,70
1,<environment.Job instance at 0x153bc18a6d20>,28,1,[1 8],42,77,78,35,77
1,<environment.Job instance at 0x153bc18a66e0>,31,1,[7 1],45,84,85,39,84
1,<environment.Job instance at 0x153bc18a6410>,32,2,[7 2],46,86,88,40,86
1,<environment.Job instance at 0x153bc18a6a50>,26,2,[10  2],40,93,95,53,93
1,<environment.Job instance at 0x153bc14e12d0>,38,1,[2 5],54,105,106,51,105
1,<environment.Job instance at 0x153bc14e1a50>,40,1,[2 7],58,123,124,65,123
1,<environment.Job instance at 0x153bc14e1960>,42,1,[7 2],61,123,124,62,123
1,<environment.Job instance at 0x153bc14e15f0>,46,2,[1 5],66,126,128,60,126
1,<environment.Job instance at 0x153bc14e1190>,48,17,[10  1],68,128,145,60,127
1,<environment.Job instance at 0x153bc14e1fa0>,47,3,[2 8],67,145,148,78,136
1,<environment.Job instance at 0x153bc5bf6e10>,51,2,[2 6],71,148,150,77,137
1,<environment.Job instance at 0x153bc0b4e2d0>,57,16,[2 6],78,150,166,72,138
1,<environment.Job instance at 0x153bc0b4e730>,58,2,[7 1],80,145,147,65,142
1,<environment.Job instance at 0x153bbf14dd70>,61,3,[1 9],86,166,169,80,150
1,<environment.Job instance at 0x153bbf127a50>,62,2,[9 2],88,169,171,81,150
1,<environment.Job instance at 0x153b9dd684b0>,63,3,[2 7],89,171,174,82,151
1,<environment.Job instance at 0x153bc862e050>,64,21,[10  2],92,174,195,82,173
1,<environment.Job instance at 0x153b9dde8050>,66,3,[1 7],95,195,198,100,179
1,<environment.Job instance at 0x153b9d6fca00>,65,22,[2 9],93,198,220,105,198
1,<environment.Job instance at 0x153bc1889af0>,67,14,[2 5],97,220,234,123,213
1,<environment.Job instance at 0x153bc5bf66e0>,52,3,[1 9],72,234,237,162,217
1,<environment.Job instance at 0x153bbf17dc30>,69,2,[6 1],103,224,226,121,224
1,<environment.Job instance at 0x153bc0a34870>,72,3,[2 9],106,242,245,136,242
1,<environment.Job instance at 0x153b9dcfa960>,73,13,[2 9],107,245,258,138,245
1,<environment.Job instance at 0x153bc7beab40>,74,12,[5 2],109,258,270,149,245
1,<environment.Job instance at 0x153bbf127460>,68,13,[1 5],101,261,274,160,261
1,<environment.Job instance at 0x153b9dd37d20>,1,3,[5 1],3,5,8,2,5
1,<environment.Job instance at 0x153b9dd4beb0>,6,2,[6 2],8,9,11,1,9
1,<environment.Job instance at 0x153b9dd4bfa0>,7,3,[9 2],9,11,14,2,11
1,<environment.Job instance at 0x153b9dd4b0f0>,9,18,[8 1],18,20,38,2,20
1,<environment.Job instance at 0x153b9dd4b5a0>,8,2,[1 6],16,21,23,5,21
1,<environment.Job instance at 0x153b9dd68a00>,13,3,[6 2],26,38,41,12,29
1,<environment.Job instance at 0x153bc5c52eb0>,15,2,[5 1],28,41,43,13,30
1,<environment.Job instance at 0x153b9dd635a0>,19,3,[9 2],34,43,46,9,34
1,<environment.Job instance at 0x153bc155bc80>,22,3,[1 7],37,38,41,1,38
1,<environment.Job instance at 0x153bc1534730>,25,1,[1 9],40,41,42,1,40
1,<environment.Job instance at 0x153bc1534aa0>,24,20,[7 2],39,46,66,7,42
1,<environment.Job instance at 0x153bc15340a0>,28,13,[2 8],43,46,59,3,43
1,<environment.Job instance at 0x153bc1534dc0>,26,2,[2 6],41,59,61,18,48
1,<environment.Job instance at 0x153bc5c63d20>,32,1,[2 5],49,63,64,14,63
1,<environment.Job instance at 0x153bc09e4140>,39,2,[5 1],64,71,73,7,71
1,<environment.Job instance at 0x153bc1548e10>,45,1,[2 9],71,71,72,0,71
1,<environment.Job instance at 0x153bc15441e0>,46,1,[1 5],72,73,74,1,73
1,<environment.Job instance at 0x153b9d61a7d0>,50,3,[10  2],77,77,80,0,77
1,<environment.Job instance at 0x153bc1533f50>,51,17,[9 2],79,80,97,1,79
1,<environment.Job instance at 0x153b9d57feb0>,53,2,[2 7],85,97,99,12,85
1,<environment.Job instance at 0x153b9d6094b0>,54,1,[8 1],86,97,98,11,89
1,<environment.Job instance at 0x153b9d609eb0>,55,15,[7 1],87,98,113,11,89
1,<environment.Job instance at 0x153bc15604b0>,58,13,[1 9],90,99,112,9,90
1,<environment.Job instance at 0x153bc1560d70>,60,1,[ 2 10],92,113,114,21,93
1,<environment.Job instance at 0x153bc15416e0>,68,2,[10  2],102,114,116,12,102
1,<environment.Job instance at 0x153bc1560780>,64,1,[9 2],98,116,117,18,104
1,<environment.Job instance at 0x153bc1541190>,67,13,[1 9],101,117,130,16,104
1,<environment.Job instance at 0x153bc15419b0>,69,15,[9 1],104,117,132,13,110
1,<environment.Job instance at 0x153bc15414b0>,70,1,[1 5],105,116,117,11,114
1,<environment.Job instance at 0x153bc7bea410>,0,19,[5 2],1,1,20,0,1
1,<environment.Job instance at 0x153bc15414b0>,2,3,[1 7],3,5,8,2,5
1,<environment.Job instance at 0x153b9d7b3cd0>,5,2,[8 1],6,20,22,14,6
1,<environment.Job instance at 0x153b9d7b3e10>,7,1,[10  1],8,22,23,14,9
1,<environment.Job instance at 0x153b9d7d8230>,9,1,[1 6],11,11,12,0,11
1,<environment.Job instance at 0x153b9d7d83c0>,10,3,[6 1],12,23,26,11,12
1,<environment.Job instance at 0x153b9d7d8f00>,20,13,[8 1],24,26,39,2,24
1,<environment.Job instance at 0x153b9d7bbaf0>,28,2,[9 1],34,39,41,5,34
1,<environment.Job instance at 0x153b9d7bbe60>,32,17,[1 8],42,42,59,0,42
1,<environment.Job instance at 0x153b9d7c2190>,35,12,[1 7],46,59,71,13,46
1,<environment.Job instance at 0x153b9d7c2640>,38,3,[1 8],49,71,74,22,49
1,<environment.Job instance at 0x153b9d7c29b0>,39,2,[2 9],50,74,76,24,52
1,<environment.Job instance at 0x153b9d7c3140>,46,13,[1 7],60,76,89,16,64
1,<environment.Job instance at 0x153b9d7c2d70>,42,16,[7 2],54,76,92,22,65
1,<environment.Job instance at 0x153b9d7c35f0>,50,15,[5 1],66,93,108,27,93
1,<environment.Job instance at 0x153b9d7c3370>,49,13,[1 5],64,101,114,37,101
1,<environment.Job instance at 0x153b9d7c33c0>,52,1,[6 1],68,108,109,40,103
1,<environment.Job instance at 0x153b9d7c3a50>,58,3,[7 1],74,154,157,80,154
1,<environment.Job instance at 0x153b9d7c3a00>,59,2,[2 6],75,158,160,83,158
1,<environment.Job instance at 0x153b9d7c3b40>,61,18,[1 6],78,166,184,88,166
1,<environment.Job instance at 0x153b9d7c3be0>,62,3,[1 5],80,222,225,142,222
1,<environment.Job instance at 0x153b9d7c3eb0>,65,15,[1 5],83,226,241,143,226
1,<environment.Job instance at 0x153b9d7c3050>,67,2,[6 2],86,232,234,146,232
1,<environment.Job instance at 0x153b9d7c3aa0>,60,3,[2 7],77,261,264,184,261
1,<environment.Job instance at 0x153b9d7d12d0>,71,3,[10  2],91,268,271,177,268
1,<environment.Job instance at 0x153b9d7d1190>,73,3,[10  1],95,280,283,185,280
1,<environment.Job instance at 0x153b9d7d1320>,74,3,[6 2],96,283,286,187,282
1,<environment.Job instance at 0x153b9d7d10a0>,70,18,[2 5],90,430,448,340,430
1,<environment.Job instance at 0x153b9d7d15a0>,76,2,[7 1],98,431,433,333,431
1,<environment.Job instance at 0x153b9d7c3dc0>,66,3,[2 5],85,457,460,372,457
1,<environment.Job instance at 0x153b9d7d1af0>,80,1,[2 7],102,563,564,461,563
1,<environment.Job instance at 0x153b9d7d1c80>,83,28,[ 2 10],106,717,745,611,717
1,<environment.Job instance at 0x153b9d7d1c30>,84,15,[1 8],107,775,790,668,775
1,<environment.Job instance at 0x153b9d7bea50>,0,3,[10  1],1,1,4,0,1
1,<environment.Job instance at 0x153b9d7beaa0>,1,14,[6 1],3,4,18,1,4
1,<environment.Job instance at 0x153bbf0c7a00>,7,12,[1 7],14,14,26,0,14
1,<environment.Job instance at 0x153bbf0c7370>,8,3,[2 7],15,26,29,11,15
1,<environment.Job instance at 0x153bbf0c7820>,11,3,[8 2],21,24,27,3,24
1,<environment.Job instance at 0x153bbf0c72d0>,14,1,[8 1],26,27,28,1,27
1,<environment.Job instance at 0x153bbf0c78c0>,17,17,[2 6],30,38,55,8,38
1,<environment.Job instance at 0x153bbf0c7f50>,15,3,[9 1],27,60,63,33,60
1,<environment.Job instance at 0x153bc65fd460>,23,2,[2 5],38,64,66,26,64
1,<environment.Job instance at 0x153bc65fd730>,24,1,[1 7],39,66,67,27,64
1,<environment.Job instance at 0x153bc65fd230>,22,16,[10  2],37,72,88,35,72
1,<environment.Job instance at 0x153bc65fd410>,25,1,[2 9],40,88,89,48,77
1,<environment.Job instance at 0x153bc65fdeb0>,31,1,[10  2],49,89,90,40,84
1,<environment.Job instance at 0x153bc65fdd70>,32,2,[7 1],50,90,92,40,89
1,<environment.Job instance at 0x153bc65fd9b0>,33,2,[10  1],51,97,99,46,97
1,<environment.Job instance at 0x153bc65fd6e0>,29,16,[5 2],46,103,119,57,103
1,<environment.Job instance at 0x153b9da0afa0>,37,3,[9 2],56,122,125,66,122
1,<environment.Job instance at 0x153b9da0a320>,40,2,[5 1],60,353,355,293,353
1,<environment.Job instance at 0x153b9da0af00>,41,3,[ 2 10],62,389,392,327,389
1,<environment.Job instance at 0x153b9da0ad70>,42,2,[2 8],63,460,462,397,460
1,<environment.Job instance at 0x153b9da0a280>,44,3,[2 8],67,464,467,397,464
1,<environment.Job instance at 0x153b9da0abe0>,46,3,[2 9],70,518,521,448,518
1,<environment.Job instance at 0x153b9da0ac30>,47,2,[10  2],71,541,543,470,541
1,<environment.Job instance at 0x153bc0940320>,52,2,[5 2],77,633,635,556,633
1,<environment.Job instance at 0x153b9da0a3c0>,43,2,[8 1],64,1003,1005,939,1003
1,<environment.Job instance at 0x153bc7ff3690>,68,2,[2 6],98,1340,1342,1242,1340
1,<environment.Job instance at 0x153b9d5b0230>,69,2,[5 2],99,1366,1368,1267,1366
1,<environment.Job instance at 0x153bc7ff39b0>,70,12,[ 1 10],100,1566,1578,1466,1566
1,<environment.Job instance at 0x153b9d7e5a00>,73,1,[10  1],103,1676,1677,1573,1676
1,<environment.Job instance at 0x153b9d8190f0>,74,3,[1 7],105,1706,1709,1601,1706
1,<environment.Job instance at 0x153bbc0b6410>,63,17,[2 9],93,1855,1872,1762,1855
1,<environment.Job instance at 0x153b9dd73550>,0,2,[1 8],1,1,3,0,1
1,<environment.Job instance at 0x153b9dcff4b0>,6,12,[5 1],9,11,23,2,11
1,<environment.Job instance at 0x153b9dcffa50>,7,16,[1 7],11,12,28,1,12
1,<environment.Job instance at 0x153b9dcff5a0>,8,3,[2 6],12,28,31,16,14
1,<environment.Job instance at 0x153bc661e2d0>,14,1,[1 5],21,31,32,10,22
1,<environment.Job instance at 0x153bc17f0780>,18,15,[8 1],26,26,41,0,26
1,<environment.Job instance at 0x153bc85b4870>,23,2,[2 5],31,32,34,1,31
1,<environment.Job instance at 0x153bc85b4050>,24,15,[7 2],32,41,56,9,32
1,<environment.Job instance at 0x153b9df4cdc0>,26,1,[1 8],36,36,37,0,36
1,<environment.Job instance at 0x153b9ddcd780>,32,3,[10  1],43,56,59,13,43
1,<environment.Job instance at 0x153bc656a050>,41,3,[1 5],57,62,65,5,62
1,<environment.Job instance at 0x153b9dd931e0>,39,3,[9 1],54,62,65,8,62
1,<environment.Job instance at 0x153b9decb320>,47,2,[5 1],64,65,67,1,65
1,<environment.Job instance at 0x153bc09ec6e0>,46,3,[1 7],63,65,68,2,65
1,<environment.Job instance at 0x153b9d35c910>,48,17,[1 5],66,68,85,2,67
1,<environment.Job instance at 0x153b9d35cf00>,50,1,[1 5],68,71,72,3,71
1,<environment.Job instance at 0x153b9d8f4320>,54,2,[ 1 10],72,85,87,13,72
1,<environment.Job instance at 0x153b9d35c7d0>,52,2,[7 1],70,73,75,3,73
1,<environment.Job instance at 0x153b9d73f1e0>,55,2,[1 8],73,87,89,14,73
1,<environment.Job instance at 0x153b9d786690>,59,15,[2 7],77,89,104,12,77
1,<environment.Job instance at 0x153b9d35ce60>,49,2,[5 2],67,79,81,12,79
1,<environment.Job instance at 0x153bc045dbe0>,60,1,[2 5],78,83,84,5,83
1,<environment.Job instance at 0x153b9dce8410>,64,3,[1 5],86,104,107,18,87
1,<environment.Job instance at 0x153b9d712230>,65,1,[8 1],87,89,90,2,89
1,<environment.Job instance at 0x153bc17df550>,67,14,[9 2],89,104,118,15,89
1,<environment.Job instance at 0x153b9d7242d0>,70,1,[1 5],93,107,108,14,93
1,<environment.Job instance at 0x153bc09cff00>,69,3,[1 5],91,108,111,17,94
1,<environment.Job instance at 0x153b9d35ddc0>,75,3,[7 1],99,99,102,0,99
1,<environment.Job instance at 0x153b9d35d3c0>,76,2,[2 7],100,118,120,18,100
1,<environment.Job instance at 0x153bc17dba00>,10,1,[8 1],15,18,19,3,18
1,<environment.Job instance at 0x153bc17dbb40>,11,18,[10  1],16,19,37,3,19
1,<environment.Job instance at 0x153bc17dbeb0>,15,2,[2 8],20,37,39,17,21
1,<environment.Job instance at 0x153bc17dbbe0>,17,3,[8 2],22,37,40,15,22
1,<environment.Job instance at 0x153bc17db3c0>,7,13,[ 2 10],12,40,53,28,32
1,<environment.Job instance at 0x153bc17d01e0>,25,1,[7 2],36,53,54,17,37
1,<environment.Job instance at 0x153bc17d0e10>,21,16,[8 2],31,54,70,23,42
1,<environment.Job instance at 0x153bc17d0050>,30,2,[6 2],42,70,72,28,46
1,<environment.Job instance at 0x153bc17c01e0>,31,1,[1 5],44,53,54,9,50
1,<environment.Job instance at 0x153bc17c0640>,36,3,[10  2],49,72,75,23,53
1,<environment.Job instance at 0x153bc17c0aa0>,40,2,[1 6],53,78,80,25,78
1,<environment.Job instance at 0x153bc17c0280>,35,17,[ 2 10],48,267,284,219,267
1,<environment.Job instance at 0x153bc17c0f00>,44,1,[6 1],57,293,294,236,293
1,<environment.Job instance at 0x153bc17cd140>,45,2,[ 1 10],58,297,299,239,297
1,<environment.Job instance at 0x153bc17cd1e0>,46,1,[5 1],59,330,331,271,330
1,<environment.Job instance at 0x153bc17d00a0>,24,13,[8 1],35,331,344,296,330
1,<environment.Job instance at 0x153bc17cd460>,50,15,[10  2],66,344,359,278,344
1,<environment.Job instance at 0x153bc17cd6e0>,54,12,[1 8],70,382,394,312,382
1,<environment.Job instance at 0x153bc17cd320>,57,14,[2 5],76,424,438,348,424
1,<environment.Job instance at 0x153bc1883280>,60,14,[1 7],79,499,513,420,499
1,<environment.Job instance at 0x153bc17b8b90>,61,2,[8 1],81,506,508,425,506
1,<environment.Job instance at 0x153bc17b8370>,62,2,[6 2],83,509,511,426,509
1,<environment.Job instance at 0x153bc17b8690>,63,2,[1 5],84,515,517,431,515
1,<environment.Job instance at 0x153bc17b8dc0>,64,2,[9 2],85,523,525,438,523
1,<environment.Job instance at 0x153b9db4fc30>,65,1,[9 1],88,537,538,449,537
1,<environment.Job instance at 0x153b9d444640>,67,2,[6 2],90,566,568,476,566
1,<environment.Job instance at 0x153bc17cd780>,55,28,[ 2 10],71,640,668,569,640
1,<environment.Job instance at 0x153b9d4c6d20>,69,17,[2 9],93,670,687,577,670
1,<environment.Job instance at 0x153b9da57730>,73,2,[1 8],98,687,689,589,683
1,<environment.Job instance at 0x153bc17b82d0>,68,2,[2 9],92,1853,1855,1761,1853
1,<environment.Job instance at 0x153bbec76b40>,80,3,[1 6],109,2886,2889,2777,2886
1,<environment.Job instance at 0x153bc17c1e10>,1,16,[7 2],2,6,22,4,6
1,<environment.Job instance at 0x153bc17c1230>,3,3,[7 2],5,22,25,17,11
1,<environment.Job instance at 0x153b9db7b0f0>,10,13,[1 8],18,18,31,0,18
1,<environment.Job instance at 0x153b9d3e7d70>,12,26,[5 2],22,25,51,3,22
1,<environment.Job instance at 0x153b9d3e7050>,18,18,[1 6],31,31,49,0,31
1,<environment.Job instance at 0x153b9d3e7aa0>,20,3,[1 9],36,51,54,15,36
1,<environment.Job instance at 0x153b9d3c09b0>,22,1,[9 1],38,51,52,13,38
1,<environment.Job instance at 0x153b9db9e1e0>,23,23,[9 1],40,52,75,12,46
1,<environment.Job instance at 0x153b9d469820>,32,2,[10  1],52,75,77,23,53
1,<environment.Job instance at 0x153b9d469f50>,35,3,[2 5],58,77,80,19,58
1,<environment.Job instance at 0x153b9d441370>,43,18,[7 2],70,77,95,7,70
1,<environment.Job instance at 0x153b9d4418c0>,44,15,[2 7],71,80,95,9,71
1,<environment.Job instance at 0x153b9d441b90>,45,2,[9 1],72,95,97,23,72
1,<environment.Job instance at 0x153b9d469d20>,37,18,[2 9],61,97,115,36,90
1,<environment.Job instance at 0x153bbec9ddc0>,47,3,[ 1 10],75,115,118,40,98
1,<environment.Job instance at 0x153bbec9df00>,54,2,[1 8],83,118,120,35,98
1,<environment.Job instance at 0x153bbec9d1e0>,60,13,[8 1],94,118,131,24,103
1,<environment.Job instance at 0x153bbec9d5a0>,57,14,[2 8],88,120,134,32,111
1,<environment.Job instance at 0x153b9d4448c0>,69,2,[7 1],108,111,113,3,111
1,<environment.Job instance at 0x153b9d444960>,66,1,[5 1],103,113,114,10,113
1,<environment.Job instance at 0x153bc17ba2d0>,4,13,[ 1 10],7,7,20,0,7
1,<environment.Job instance at 0x153b9d85d1e0>,6,13,[7 2],11,20,33,9,11
1,<environment.Job instance at 0x153b9d85d960>,9,1,[8 2],15,33,34,18,15
1,<environment.Job instance at 0x153bc5f349b0>,14,18,[10  2],22,34,52,12,23
1,<environment.Job instance at 0x153b9dc72e60>,20,1,[10  2],29,52,53,23,29
1,<environment.Job instance at 0x153b9dcb0b90>,21,2,[5 2],32,53,55,21,32
1,<environment.Job instance at 0x153b9d944190>,22,2,[10  1],33,55,57,22,33
1,<environment.Job instance at 0x153b9da56f50>,24,1,[7 2],36,57,58,21,36
1,<environment.Job instance at 0x153bc1853b40>,29,14,[7 1],49,58,72,9,49
1,<environment.Job instance at 0x153bc08cb190>,30,3,[6 2],50,72,75,22,50
1,<environment.Job instance at 0x153bc1544500>,15,3,[1 5],23,57,60,34,52
1,<environment.Job instance at 0x153b9ddec690>,36,17,[1 9],61,75,92,14,64
1,<environment.Job instance at 0x153bbf1480a0>,41,3,[10  2],72,92,95,20,75
1,<environment.Job instance at 0x153b9ddec550>,34,14,[10  2],59,95,109,36,80
1,<environment.Job instance at 0x153b9dda2140>,48,3,[5 2],87,109,112,22,87
1,<environment.Job instance at 0x153b9deded20>,49,3,[ 2 10],88,112,115,24,89
1,<environment.Job instance at 0x153b9d9707d0>,51,1,[9 1],91,91,92,0,91
1,<environment.Job instance at 0x153bc148f230>,52,2,[1 7],93,109,111,16,93
1,<environment.Job instance at 0x153b9d970d20>,50,3,[1 5],90,115,118,25,95
1,<environment.Job instance at 0x153bc148faa0>,53,2,[2 5],94,115,117,21,95
1,<environment.Job instance at 0x153b9da8f910>,58,3,[2 9],100,118,121,18,115
1,<environment.Job instance at 0x153bc148faf0>,54,16,[5 2],95,121,137,26,116
1,<environment.Job instance at 0x153b9da8fe10>,59,1,[1 9],101,137,138,36,116
1,<environment.Job instance at 0x153bbec76230>,62,3,[2 5],104,126,129,22,126
1,<environment.Job instance at 0x153bbec760a0>,64,1,[5 2],107,131,132,24,131
1,<environment.Job instance at 0x14fe77dfba00>,1,3,[1 9],2,2,5,0,2
1,<environment.Job instance at 0x14fe6e8bd2d0>,3,1,[6 2],4,7,8,3,7
1,<environment.Job instance at 0x14fe6e8bd3c0>,4,2,[7 2],5,8,10,3,7
1,<environment.Job instance at 0x14fe6fb60c80>,6,18,[8 1],7,10,28,3,8
1,<environment.Job instance at 0x14fe6eac8f00>,9,2,[6 1],11,28,30,17,11
1,<environment.Job instance at 0x14fe6e89d820>,12,3,[1 8],14,14,17,0,14
1,<environment.Job instance at 0x14fe6eaf6d20>,14,2,[ 1 10],18,30,32,12,21
1,<environment.Job instance at 0x14fe77d9d460>,15,1,[ 1 10],20,32,33,12,24
1,<environment.Job instance at 0x14fe6eace190>,19,3,[6 2],26,33,36,7,30
1,<environment.Job instance at 0x14fe6e33f5a0>,24,12,[ 1 10],32,36,48,4,33
1,<environment.Job instance at 0x14fe6e33f320>,25,2,[2 8],34,48,50,14,37
1,<environment.Job instance at 0x14fe6e33c960>,32,3,[2 9],42,50,53,8,42
1,<environment.Job instance at 0x14fe6e33a730>,40,3,[1 6],53,53,56,0,53
1,<environment.Job instance at 0x14fe6e340320>,30,15,[2 9],40,58,73,18,58
1,<environment.Job instance at 0x14fe6e33bf50>,42,1,[10  1],56,73,74,17,58
1,<environment.Job instance at 0x14fe6e33beb0>,43,3,[7 2],57,74,77,17,62
1,<environment.Job instance at 0x14fe6e2fca00>,51,2,[8 2],69,77,79,8,70
1,<environment.Job instance at 0x14fe6e355460>,53,3,[6 1],73,79,82,6,75
1,<environment.Job instance at 0x14fe6e832410>,55,16,[2 5],76,77,93,1,77
1,<environment.Job instance at 0x14fe6e7ca910>,56,1,[10  2],79,93,94,14,80
1,<environment.Job instance at 0x14fe6e7c4280>,60,17,[8 1],86,94,111,8,90
1,<environment.Job instance at 0x14fe6e355410>,52,2,[1 7],72,94,96,22,92
1,<environment.Job instance at 0x14fe6e820eb0>,62,3,[9 2],88,111,114,23,95
1,<environment.Job instance at 0x14fe6e815730>,69,1,[2 5],96,109,110,13,109
1,<environment.Job instance at 0x14fe6e815640>,70,2,[ 2 10],97,116,118,19,116
1,<environment.Job instance at 0x14fe6e820910>,66,3,[1 9],93,118,121,25,118
1,<environment.Job instance at 0x14fe6e337190>,74,3,[6 2],106,126,129,20,126
1,<environment.Job instance at 0x14fe6e8150f0>,73,2,[6 2],103,129,131,26,128
1,<environment.Job instance at 0x14fe6e7aae10>,81,3,[ 2 10],114,132,135,18,132
1,<environment.Job instance at 0x14fe6fb674b0>,82,12,[2 8],115,138,150,23,138
1,<environment.Job instance at 0x14fe6e8bd820>,83,1,[10  1],117,150,151,33,143
1,<environment.Job instance at 0x14fe6e337aa0>,76,2,[2 5],108,151,153,43,145
1,<environment.Job instance at 0x14fe6e33b190>,46,2,[2 8],61,161,163,100,161
1,<environment.Job instance at 0x14fe6e89d2d0>,1,2,[2 6],2,8,10,6,8
1,<environment.Job instance at 0x14fe6e89eaf0>,12,13,[ 1 10],16,16,29,0,16
1,<environment.Job instance at 0x14fe6e89e190>,13,16,[8 1],17,29,45,12,19
1,<environment.Job instance at 0x14fe6e89e370>,17,1,[ 2 10],22,45,46,23,22
1,<environment.Job instance at 0x14fe6e89e960>,11,15,[10  2],15,46,61,31,35
1,<environment.Job instance at 0x14fe6e8569b0>,19,1,[8 2],24,68,69,44,68
1,<environment.Job instance at 0x14fe6e856140>,27,3,[5 2],36,70,73,34,70
1,<environment.Job instance at 0x14fe6e856e10>,32,3,[9 1],43,78,81,35,78
1,<environment.Job instance at 0x14fe6e850690>,58,2,[ 1 10],81,444,446,363,444
1,<environment.Job instance at 0x14fe6e850730>,59,13,[ 2 10],82,495,508,413,495
1,<environment.Job instance at 0x14fe6e850230>,60,1,[1 7],83,508,509,425,505
1,<environment.Job instance at 0x14fe6e8508c0>,61,1,[2 9],84,509,510,425,509
1,<environment.Job instance at 0x14fe6e850cd0>,62,15,[1 7],85,517,532,432,517
1,<environment.Job instance at 0x14fe6e85b140>,71,3,[ 2 10],97,607,610,510,607
1,<environment.Job instance at 0x14fe6e85b690>,81,2,[6 2],113,692,694,579,692
1,<environment.Job instance at 0x14fe6e85bb40>,83,2,[8 1],116,716,718,600,716
1,<environment.Job instance at 0x14fe6e89eeb0>,2,1,[2 6],6,7,8,1,7
1,<environment.Job instance at 0x14fe6e79d460>,4,18,[7 2],9,10,28,1,10
1,<environment.Job instance at 0x14fe54de6370>,5,1,[2 8],12,12,13,0,12
1,<environment.Job instance at 0x14fe54de6320>,9,14,[2 8],19,22,36,3,22
1,<environment.Job instance at 0x14fe54de6fa0>,15,15,[2 8],28,36,51,8,33
1,<environment.Job instance at 0x14fe54de7370>,19,1,[1 5],33,51,52,18,34
1,<environment.Job instance at 0x14fe54de7640>,21,3,[ 2 10],35,52,55,17,41
1,<environment.Job instance at 0x14fe54de7140>,20,16,[1 7],34,97,113,63,97
1,<environment.Job instance at 0x14fe54de7c80>,31,1,[5 2],48,105,106,57,105
1,<environment.Job instance at 0x14fe54de7eb0>,37,1,[1 6],57,113,114,56,105
1,<environment.Job instance at 0x14fe54de7e60>,33,3,[1 7],50,114,117,64,106
1,<environment.Job instance at 0x14fe54de9280>,42,1,[2 5],64,117,118,53,108
1,<environment.Job instance at 0x14fe54de9500>,44,12,[7 2],67,108,120,41,108
1,<environment.Job instance at 0x14fe54de97d0>,45,2,[7 2],69,120,122,51,109
1,<environment.Job instance at 0x14fe54de9870>,48,2,[2 5],74,118,120,44,110
1,<environment.Job instance at 0x14fe54de9780>,49,1,[ 2 10],75,122,123,47,111
1,<environment.Job instance at 0x14fe54de9a00>,51,2,[ 1 10],77,123,125,46,111
1,<environment.Job instance at 0x14fe54de9b40>,52,3,[7 2],78,125,128,47,112
1,<environment.Job instance at 0x14fe54de9c80>,54,13,[5 2],81,128,141,47,114
1,<environment.Job instance at 0x14fe54de9d20>,56,1,[6 1],83,141,142,58,119
1,<environment.Job instance at 0x14fe54de9dc0>,58,3,[1 7],89,125,128,36,125
1,<environment.Job instance at 0x14fe54de9fa0>,59,12,[7 1],91,142,154,51,125
1,<environment.Job instance at 0x14fe54d710a0>,69,18,[5 2],107,154,172,47,144
1,<environment.Job instance at 0x14fe54d71190>,70,1,[1 8],108,144,145,36,144
1,<environment.Job instance at 0x14fe54de9e10>,55,3,[1 9],82,145,148,63,144
1,<environment.Job instance at 0x14fe54d71be0>,73,3,[5 2],114,154,157,40,146
1,<environment.Job instance at 0x14fe54d71eb0>,75,15,[8 2],116,172,187,56,158
1,<environment.Job instance at 0x14fe54d6d730>,64,2,[2 7],101,171,173,70,171
1,<environment.Job instance at 0x14fe54e77d70>,0,1,[6 2],1,4,5,3,4
1,<environment.Job instance at 0x14fe54d6d730>,4,2,[1 9],11,12,14,1,12
1,<environment.Job instance at 0x14fe6c07f870>,3,2,[8 1],8,12,14,4,12
1,<environment.Job instance at 0x14fe6c0d1c30>,6,1,[1 9],13,14,15,1,14
1,<environment.Job instance at 0x14fe6c0d16e0>,7,3,[1 8],14,18,21,4,18
1,<environment.Job instance at 0x14fe6c083af0>,10,2,[1 6],18,21,23,3,19
1,<environment.Job instance at 0x14fe6c083460>,12,1,[7 2],21,25,26,4,25
1,<environment.Job instance at 0x14fe6c083050>,13,3,[9 1],22,27,30,5,27
1,<environment.Job instance at 0x14fe6c083eb0>,11,3,[ 2 10],20,33,36,13,33
1,<environment.Job instance at 0x14fe6c08c910>,18,2,[ 1 10],29,42,44,13,42
1,<environment.Job instance at 0x14fe6c08c1e0>,20,2,[2 9],31,48,50,17,48
1,<environment.Job instance at 0x14fe6c01f0f0>,24,3,[5 1],40,78,81,38,78
1,<environment.Job instance at 0x14fe70c59460>,31,3,[6 2],51,98,101,47,98
1,<environment.Job instance at 0x14fe6c27f690>,33,3,[1 7],53,103,106,50,103
1,<environment.Job instance at 0x14fe6c2413c0>,28,2,[10  2],45,106,108,61,104
1,<environment.Job instance at 0x14fe6c27f5a0>,34,2,[9 2],55,108,110,53,107
1,<environment.Job instance at 0x14fe7021a370>,36,3,[1 7],58,149,152,91,149
1,<environment.Job instance at 0x14fe6c2e0e10>,39,3,[6 1],63,152,155,89,152
1,<environment.Job instance at 0x14fe7021a500>,38,14,[1 9],60,177,191,117,177
1,<environment.Job instance at 0x14fe7021a730>,40,26,[9 1],64,194,220,130,194
1,<environment.Job instance at 0x14fe700b5e60>,46,3,[8 1],73,220,223,147,209
1,<environment.Job instance at 0x14fe6c0fc3c0>,49,15,[2 8],78,220,235,142,212
1,<environment.Job instance at 0x14fe6e31a870>,51,13,[ 2 10],82,251,264,169,251
1,<environment.Job instance at 0x14fe6e31ab90>,55,3,[2 9],87,264,267,177,263
1,<environment.Job instance at 0x14fe6c249500>,57,3,[1 5],90,267,270,177,267
1,<environment.Job instance at 0x14fe6c0da960>,58,2,[1 9],91,273,275,182,273
1,<environment.Job instance at 0x14fe6c0fc780>,50,16,[2 8],79,275,291,196,275
1,<environment.Job instance at 0x14fe6c27f6e0>,32,2,[5 2],52,288,290,236,288
1,<environment.Job instance at 0x14fe6c0daf50>,59,3,[2 8],92,291,294,199,288
1,<environment.Job instance at 0x14fe6c247370>,63,2,[8 2],98,290,292,192,288
1,<environment.Job instance at 0x14fe6c1f23c0>,65,3,[10  1],101,300,303,199,300
1,<environment.Job instance at 0x14fe6c217aa0>,69,2,[1 8],106,314,316,208,314
1,<environment.Job instance at 0x14fe6c217fa0>,71,15,[10  1],109,337,352,228,337
1,<environment.Job instance at 0x14fe6c247f50>,62,3,[1 6],97,352,355,255,341
1,<environment.Job instance at 0x14fe6c217460>,75,2,[6 1],114,358,360,244,358
1,<environment.Job instance at 0x14fe6c217be0>,72,1,[2 8],110,364,365,254,364
1,<environment.Job instance at 0x14fe6c2176e0>,77,3,[10  2],117,389,392,272,389
1,<environment.Job instance at 0x14fe5536aaf0>,5,2,[ 1 10],6,7,9,1,7
1,<environment.Job instance at 0x14fe5536af00>,7,15,[7 2],8,9,24,1,8
1,<environment.Job instance at 0x14fe5536a460>,9,3,[6 1],10,24,27,14,10
1,<environment.Job instance at 0x14fe5536ac30>,10,2,[1 8],11,11,13,0,11
1,<environment.Job instance at 0x14fe5536a410>,11,3,[2 8],12,13,16,1,12
1,<environment.Job instance at 0x14fe5536a230>,4,16,[1 5],5,16,32,11,13
1,<environment.Job instance at 0x14fe55229c30>,15,2,[2 8],19,32,34,13,19
1,<environment.Job instance at 0x14fe55273280>,17,1,[2 9],22,34,35,12,22
1,<environment.Job instance at 0x14fe55273a50>,19,2,[10  1],24,35,37,11,24
1,<environment.Job instance at 0x14fe55273d70>,20,2,[2 7],26,37,39,11,33
1,<environment.Job instance at 0x14fe55273780>,18,27,[ 2 10],23,40,67,17,40
1,<environment.Job instance at 0x14fe6c028910>,31,2,[5 2],40,67,69,27,40
1,<environment.Job instance at 0x14fe6c0286e0>,24,3,[2 5],31,67,70,36,41
1,<environment.Job instance at 0x14fe55367dc0>,38,2,[1 5],50,69,71,19,53
1,<environment.Job instance at 0x14fe6c27b0f0>,46,1,[2 8],60,71,72,11,60
1,<environment.Job instance at 0x14fe6c27b550>,47,1,[2 6],61,72,73,11,61
1,<environment.Job instance at 0x14fe551ab820>,36,17,[9 2],48,73,90,25,62
1,<environment.Job instance at 0x14fe551bb0f0>,50,14,[1 6],65,73,87,8,66
1,<environment.Job instance at 0x14fe551bfdc0>,60,16,[ 2 10],75,90,106,15,78
1,<environment.Job instance at 0x14fe551bf960>,64,13,[5 1],81,106,119,25,91
1,<environment.Job instance at 0x14fe551c2460>,68,14,[2 8],85,106,120,21,93
1,<environment.Job instance at 0x14fe551c2550>,69,2,[7 1],86,119,121,33,93
1,<environment.Job instance at 0x14fe6c27b960>,49,17,[2 7],64,136,153,72,136
1,<environment.Job instance at 0x14fe551c2730>,74,2,[10  2],92,153,155,61,136
1,<environment.Job instance at 0x14fe5520cd70>,75,3,[7 1],96,139,142,43,139
1,<environment.Job instance at 0x14fe5520c0a0>,76,3,[2 8],97,155,158,58,146
1,<environment.Job instance at 0x14fe5520c960>,78,16,[10  1],99,173,189,74,173
1,<environment.Job instance at 0x14fe5520cb90>,82,3,[10  1],107,189,192,82,174
1,<environment.Job instance at 0x14fe5520cf00>,83,3,[6 1],109,202,205,93,202
1,<environment.Job instance at 0x14fe5520c460>,84,3,[8 1],110,208,211,98,208
1,<environment.Job instance at 0x14fe5520c550>,80,23,[1 6],101,209,232,108,209
1,<environment.Job instance at 0x14fe551c92d0>,88,2,[5 1],117,212,214,95,212
1,<environment.Job instance at 0x14fe551c9550>,89,14,[2 5],118,258,272,140,258
1,<environment.Job instance at 0x14fe551bb500>,55,12,[9 2],70,277,289,207,277
1,<environment.Job instance at 0x14fe5520c870>,86,18,[2 6],114,297,315,183,297
1,<environment.Job instance at 0x14fe55131780>,2,3,[8 1],3,5,8,2,5
1,<environment.Job instance at 0x14fe55131730>,3,3,[2 6],6,7,10,1,7
1,<environment.Job instance at 0x14fe551314b0>,5,16,[1 5],11,11,27,0,11
1,<environment.Job instance at 0x14fe6ff8ac30>,8,1,[10  2],15,27,28,12,15
1,<environment.Job instance at 0x14fe6ff8af50>,11,2,[ 1 10],20,28,30,8,20
1,<environment.Job instance at 0x14fe6ffae4b0>,16,16,[2 7],31,32,48,1,32
1,<environment.Job instance at 0x14fe6ffae8c0>,18,3,[10  2],34,48,51,14,34
1,<environment.Job instance at 0x14fe54fa1b40>,20,1,[2 8],39,51,52,12,41
1,<environment.Job instance at 0x14fe54fa1b90>,23,3,[9 1],42,52,55,10,43
1,<environment.Job instance at 0x14fe54fa1a50>,25,2,[5 2],44,44,46,0,44
1,<environment.Job instance at 0x14fe54fa1aa0>,27,21,[1 8],46,52,73,6,49
1,<environment.Job instance at 0x14fe70108d70>,33,17,[1 9],54,73,90,19,61
1,<environment.Job instance at 0x14fe70108f00>,39,2,[1 8],67,90,92,23,76
1,<environment.Job instance at 0x14fe54f8c0a0>,40,1,[10  2],68,92,93,24,76
1,<environment.Job instance at 0x14fe54f8c190>,42,15,[2 7],70,93,108,23,84
1,<environment.Job instance at 0x14fe54f8c050>,47,3,[1 9],81,138,141,57,138
1,<environment.Job instance at 0x14fe54fa11e0>,29,2,[6 1],49,147,149,98,147
1,<environment.Job instance at 0x14fe54f8c370>,48,1,[2 9],84,149,150,65,149
1,<environment.Job instance at 0x14fe54f8c4b0>,52,3,[9 2],88,172,175,84,172
1,<environment.Job instance at 0x14fe54f8b2d0>,59,18,[5 1],98,175,193,77,174
1,<environment.Job instance at 0x14fe54f8c320>,54,16,[ 1 10],92,193,209,101,187
1,<environment.Job instance at 0x14fe54f8bcd0>,72,1,[6 2],116,209,210,93,194
1,<environment.Job instance at 0x14fe54f8b780>,73,1,[1 9],117,210,211,93,194
1,<environment.Job instance at 0x14fe54f8b4b0>,62,1,[6 2],101,211,212,110,194
1,<environment.Job instance at 0x14fe54f8beb0>,74,3,[7 1],118,212,215,94,196
1,<environment.Job instance at 0x14fe70e90690>,3,17,[2 8],6,6,23,0,6
1,<environment.Job instance at 0x14fe70e90370>,4,25,[8 1],9,10,35,1,10
1,<environment.Job instance at 0x14fe70ee4550>,14,12,[2 9],22,23,35,1,22
1,<environment.Job instance at 0x14fe70ee4190>,15,3,[9 2],23,35,38,12,23
1,<environment.Job instance at 0x14fe6eaf6e60>,19,1,[ 1 10],29,38,39,9,30
1,<environment.Job instance at 0x14fe6eaf6410>,20,19,[2 5],30,39,58,9,36
1,<environment.Job instance at 0x14fe6eaf6960>,22,3,[6 2],32,46,49,14,46
1,<environment.Job instance at 0x14fe6eaf6320>,23,2,[6 2],33,49,51,16,46
1,<environment.Job instance at 0x14fe6eaf6230>,24,17,[5 2],34,51,68,17,46
1,<environment.Job instance at 0x14fe6eaf6780>,25,1,[6 1],36,68,69,32,47
1,<environment.Job instance at 0x14fe6eaf6870>,26,12,[ 1 10],37,69,81,32,53
1,<environment.Job instance at 0x14fe75d04780>,30,1,[1 7],42,58,59,16,53
1,<environment.Job instance at 0x14fe75d04d70>,33,16,[ 2 10],45,81,97,36,68
1,<environment.Job instance at 0x14fe75d04e60>,28,1,[1 6],40,97,98,57,72
1,<environment.Job instance at 0x14fe70b43870>,34,3,[7 1],46,97,100,51,72
1,<environment.Job instance at 0x14fe54a3c5a0>,41,1,[1 5],56,98,99,42,73
1,<environment.Job instance at 0x14fe54a3cb90>,42,1,[10  1],58,100,101,42,75
1,<environment.Job instance at 0x14fe70c57af0>,46,1,[10  2],63,101,102,38,78
1,<environment.Job instance at 0x14fe54e06f50>,48,21,[2 5],65,102,123,37,95
1,<environment.Job instance at 0x14fe54a5d870>,51,15,[7 2],69,102,117,33,102
1,<environment.Job instance at 0x14fe54a5dc30>,52,15,[6 1],70,117,132,47,106
1,<environment.Job instance at 0x14fe54a5d4b0>,55,16,[1 8],73,123,139,50,111
1,<environment.Job instance at 0x14fe54b0a960>,57,1,[9 1],76,132,133,56,118
1,<environment.Job instance at 0x14fe54b22dc0>,58,17,[2 5],77,139,156,62,129
1,<environment.Job instance at 0x14fe54b0ad70>,59,2,[10  2],78,156,158,78,129
1,<environment.Job instance at 0x14fe54b2c0a0>,64,17,[9 1],86,158,175,72,146
1,<environment.Job instance at 0x14fe54b66a00>,72,2,[9 2],96,175,177,79,153
1,<environment.Job instance at 0x14fe54b66e60>,74,2,[ 1 10],98,177,179,79,156
1,<environment.Job instance at 0x14fe54e06be0>,47,21,[ 2 10],64,196,217,132,196
1,<environment.Job instance at 0x14fe54b39410>,77,1,[8 2],103,217,218,114,201
1,<environment.Job instance at 0x14fe70ee42d0>,12,16,[1 9],19,286,302,267,286
1,<environment.Job instance at 0x14fe54b3bf50>,79,17,[2 7],105,315,332,210,315
1,<environment.Job instance at 0x14fe54b635f0>,81,16,[6 1],107,319,335,212,319
1,<environment.Job instance at 0x14fe54b63fa0>,82,1,[8 2],108,335,336,227,319
1,<environment.Job instance at 0x14fe54b63eb0>,83,1,[5 2],109,336,337,227,323
1,<environment.Job instance at 0x14fe54b63820>,84,1,[7 1],110,337,338,227,329
1,<environment.Job instance at 0x14fe54b63c30>,85,1,[1 8],111,336,337,225,336
1,<environment.Job instance at 0x14fe54b66230>,80,13,[2 8],106,362,375,256,362
1,<environment.Job instance at 0x14fe753806e0>,45,25,[9 1],61,375,400,314,374
1,<environment.Job instance at 0x14fe54b53730>,90,2,[ 1 10],118,400,402,282,374
1,<environment.Job instance at 0x14fe54ada7d0>,1,2,[7 2],2,5,7,3,5
1,<environment.Job instance at 0x14fe75d7abe0>,5,3,[2 7],6,7,10,1,7
1,<environment.Job instance at 0x14fe75d7aaf0>,7,17,[1 8],8,10,27,2,8
1,<environment.Job instance at 0x14fe75d7a410>,8,3,[5 2],9,9,12,0,9
1,<environment.Job instance at 0x14fe75d6b5a0>,10,3,[2 8],11,27,30,16,14
1,<environment.Job instance at 0x14fe75d6be10>,14,15,[ 2 10],16,30,45,14,21
1,<environment.Job instance at 0x14fe75d6bdc0>,15,3,[10  2],17,45,48,28,21
1,<environment.Job instance at 0x14fe75d6b190>,18,3,[7 2],21,22,25,1,22
1,<environment.Job instance at 0x14fe75d7d870>,19,2,[2 9],22,48,50,26,23
1,<environment.Job instance at 0x14fe75d7d820>,20,2,[2 7],23,50,52,27,28
1,<environment.Job instance at 0x14fe75d8faa0>,30,1,[8 1],37,48,49,11,37
1,<environment.Job instance at 0x14fe75d8feb0>,32,2,[7 2],40,50,52,10,40
1,<environment.Job instance at 0x14fe75d7d140>,22,15,[2 9],26,86,101,60,86
1,<environment.Job instance at 0x14fe75d8a7d0>,34,3,[1 8],43,101,104,58,87
1,<environment.Job instance at 0x14fe75d8fc30>,26,16,[6 2],31,101,117,70,90
1,<environment.Job instance at 0x14fe75d8ab90>,39,17,[1 7],50,104,121,54,101
1,<environment.Job instance at 0x14fe75d8ae10>,47,14,[1 6],63,121,135,58,114
1,<environment.Job instance at 0x14fe75d8a320>,44,27,[5 1],60,129,156,69,129
1,<environment.Job instance at 0x14fe7529a910>,53,2,[2 7],73,135,137,62,129
1,<environment.Job instance at 0x14fe7529a230>,61,1,[1 9],84,137,138,53,129
1,<environment.Job instance at 0x14fe6e8bff00>,64,1,[9 2],90,156,157,66,132
1,<environment.Job instance at 0x14fe700e0820>,52,1,[7 2],72,157,158,85,132
1,<environment.Job instance at 0x14fe54a725f0>,79,2,[2 7],109,165,167,56,165
1,<environment.Job instance at 0x14fe6e32ba50>,70,15,[2 5],99,186,201,87,186
1,<environment.Job instance at 0x14fe54ab2fa0>,5,1,[1 8],10,13,14,3,13
1,<environment.Job instance at 0x14fe54ab2500>,8,15,[10  1],13,16,31,3,16
1,<environment.Job instance at 0x14fe54ab3780>,10,1,[8 2],15,31,32,16,17
1,<environment.Job instance at 0x14fe54ab3a50>,14,2,[2 6],19,31,33,12,21
1,<environment.Job instance at 0x14fe54ab35f0>,16,1,[7 2],22,32,33,10,22
1,<environment.Job instance at 0x14fe55003c80>,20,3,[9 1],27,33,36,6,27
1,<environment.Job instance at 0x14fe55003820>,26,1,[6 1],33,36,37,3,33
1,<environment.Job instance at 0x14fe550035a0>,21,14,[7 1],28,37,51,9,33
1,<environment.Job instance at 0x14fe55003f50>,23,14,[9 2],30,51,65,21,36
1,<environment.Job instance at 0x14fe54d355a0>,31,2,[1 7],38,38,40,0,38
1,<environment.Job instance at 0x14fe54d35e60>,32,26,[1 6],41,41,67,0,41
1,<environment.Job instance at 0x14fe54d357d0>,36,14,[ 1 10],47,67,81,20,53
1,<environment.Job instance at 0x14fe75cbd6e0>,39,2,[7 2],51,65,67,14,60
1,<environment.Job instance at 0x14fe75cbd280>,43,3,[5 1],56,81,84,25,68
1,<environment.Job instance at 0x14fe75cbdaa0>,44,3,[1 6],57,81,84,24,68
1,<environment.Job instance at 0x14fe75cbdaf0>,38,1,[8 2],49,84,85,35,70
1,<environment.Job instance at 0x14fe54d35dc0>,34,23,[2 6],44,84,107,40,80
1,<environment.Job instance at 0x14fe70149f00>,50,2,[1 8],69,107,109,38,80
1,<environment.Job instance at 0x14fe75cbdf50>,46,20,[8 1],60,85,105,25,82
1,<environment.Job instance at 0x14fe70149e60>,52,2,[9 2],73,107,109,34,82
1,<environment.Job instance at 0x14fe701499b0>,48,3,[9 1],66,181,184,115,181
1,<environment.Job instance at 0x14fe54a43370>,63,2,[5 2],96,270,272,174,270
1,<environment.Job instance at 0x14fe54a43d20>,60,15,[ 2 10],92,324,339,232,324
1,<environment.Job instance at 0x14fe70eb79b0>,73,2,[1 6],107,339,341,232,338
1,<environment.Job instance at 0x14fe70eb77d0>,77,13,[7 1],112,343,356,231,343
1,<environment.Job instance at 0x14fe77d95a50>,1,1,[7 1],4,6,7,2,6
1,<environment.Job instance at 0x14fe75c96910>,4,3,[6 1],7,7,10,0,7
1,<environment.Job instance at 0x14fe6c025d20>,7,1,[2 6],12,12,13,0,12
1,<environment.Job instance at 0x14fe772cb050>,3,15,[1 9],6,13,28,7,13
1,<environment.Job instance at 0x14fe6c025be0>,8,2,[10  2],13,28,30,15,14
1,<environment.Job instance at 0x14fe77d060a0>,16,3,[2 6],27,30,33,3,27
1,<environment.Job instance at 0x14fe77cf5fa0>,15,17,[10  1],26,33,50,7,28
1,<environment.Job instance at 0x14fe75d740f0>,20,14,[2 6],33,50,64,17,38
1,<environment.Job instance at 0x14fe5519b730>,24,1,[1 7],40,64,65,24,40
1,<environment.Job instance at 0x14fe75d74460>,23,1,[1 7],38,65,66,27,45
1,<environment.Job instance at 0x14fe6ff8af50>,29,1,[ 2 10],45,66,67,21,46
1,<environment.Job instance at 0x14fe6ff8a640>,30,12,[2 8],48,67,79,19,51
1,<environment.Job instance at 0x14fe6ff8a0f0>,31,3,[ 1 10],51,79,82,28,54
1,<environment.Job instance at 0x14fe75d9c1e0>,37,1,[2 6],59,82,83,23,59
1,<environment.Job instance at 0x14fe75d74910>,22,2,[2 8],35,83,85,48,76
1,<environment.Job instance at 0x14fe75d9c460>,35,13,[8 2],56,82,95,26,80
1,<environment.Job instance at 0x14fe75d9c2d0>,41,3,[2 8],65,85,88,20,80
1,<environment.Job instance at 0x14fe75d9c230>,42,2,[7 1],66,95,97,29,80
1,<environment.Job instance at 0x14fe75d9cdc0>,45,21,[9 1],71,97,118,26,91
1,<environment.Job instance at 0x14fe75d9c690>,48,2,[5 1],75,118,120,43,94
1,<environment.Job instance at 0x14fe70237780>,49,2,[ 2 10],76,120,122,44,95
1,<environment.Job instance at 0x14fe75d9cc80>,46,16,[1 6],72,96,112,24,96
1,<environment.Job instance at 0x14fe70237050>,53,2,[1 8],81,112,114,31,96
1,<environment.Job instance at 0x14fe70237cd0>,52,1,[2 7],80,118,119,38,96
1,<environment.Job instance at 0x14fe70237be0>,55,2,[ 2 10],85,122,124,37,96
1,<environment.Job instance at 0x14fe702373c0>,54,1,[1 9],83,114,115,31,98
1,<environment.Job instance at 0x14fe702377d0>,59,16,[9 2],90,124,140,34,113
1,<environment.Job instance at 0x14fe54aa57d0>,66,1,[1 8],100,126,127,26,126
1,<environment.Job instance at 0x14fe54f44cd0>,67,1,[2 9],101,140,141,39,126
1,<environment.Job instance at 0x14fe70b325f0>,74,18,[2 9],110,141,159,31,133
1,<environment.Job instance at 0x14fe54d84aa0>,78,17,[5 1],114,140,157,26,136
1,<environment.Job instance at 0x14fe54e999b0>,79,1,[7 1],115,157,158,42,136
1,<environment.Job instance at 0x14fe70c32aa0>,82,26,[8 1],118,158,184,40,155
1,<environment.Job instance at 0x14fe75d9c6e0>,43,28,[1 6],67,169,197,102,169
1,<environment.Job instance at 0x14fe75d9c280>,39,3,[8 2],63,224,227,161,224
1,<environment.Job instance at 0x14fe70e9d820>,1,21,[9 2],2,3,24,1,3
1,<environment.Job instance at 0x14fe54e7b3c0>,3,16,[5 2],4,24,40,20,14
1,<environment.Job instance at 0x14fe70237730>,2,17,[7 2],3,40,57,37,35
1,<environment.Job instance at 0x14fe54e82e10>,20,2,[1 8],29,56,58,27,56
1,<environment.Job instance at 0x14fe6e32d6e0>,23,2,[9 1],32,61,63,29,61
1,<environment.Job instance at 0x14fe6e32db40>,25,17,[5 2],34,66,83,32,66
1,<environment.Job instance at 0x14fe6e32d370>,26,2,[2 6],36,69,71,33,69
1,<environment.Job instance at 0x14fe54e82a50>,22,1,[1 5],31,71,72,40,69
1,<environment.Job instance at 0x14fe6e32deb0>,31,2,[5 1],42,84,86,42,84
1,<environment.Job instance at 0x14fe6e32d410>,34,14,[1 9],46,98,112,52,98
1,<environment.Job instance at 0x14fe6e32dc80>,35,1,[2 8],47,112,113,65,101
1,<environment.Job instance at 0x14fe6e32dcd0>,37,12,[2 9],49,113,125,64,111
1,<environment.Job instance at 0x14fe700b15a0>,43,3,[1 5],58,125,128,67,118
1,<environment.Job instance at 0x14fe70139050>,46,16,[7 1],61,121,137,60,121
1,<environment.Job instance at 0x14fe70139e60>,47,1,[1 6],62,128,129,66,121
1,<environment.Job instance at 0x14fe6e32dd20>,27,1,[ 1 10],37,137,138,100,121
1,<environment.Job instance at 0x14fe55167500>,49,2,[5 1],64,154,156,90,154
1,<environment.Job instance at 0x14fe551675f0>,50,2,[7 2],65,163,165,98,163
1,<environment.Job instance at 0x14fe55167730>,55,15,[6 1],75,165,180,90,163
1,<environment.Job instance at 0x14fe702a6140>,56,2,[7 1],76,180,182,104,163
1,<environment.Job instance at 0x14fe702a63c0>,61,16,[2 5],81,173,189,92,173
1,<environment.Job instance at 0x14fe700a6f50>,66,3,[5 2],88,182,185,94,174
1,<environment.Job instance at 0x14fe55167c80>,52,3,[2 6],67,189,192,122,174
1,<environment.Job instance at 0x14fe54b1d550>,69,2,[8 2],92,185,187,93,175
1,<environment.Job instance at 0x14fe75380780>,73,1,[7 2],102,187,188,85,176
1,<environment.Job instance at 0x14fe6e888730>,76,3,[2 6],105,192,195,87,178
1,<environment.Job instance at 0x14fe6c23d190>,78,1,[ 1 10],108,195,196,87,178
1,<environment.Job instance at 0x14fe6c23d820>,79,26,[2 5],109,201,227,92,201
1,<environment.Job instance at 0x14fe75c3f820>,81,17,[1 5],112,201,218,89,201
1,<environment.Job instance at 0x14fe55215190>,2,1,[2 8],4,4,5,0,4
1,<environment.Job instance at 0x14fe6c0c7780>,1,3,[7 2],3,6,9,3,6
1,<environment.Job instance at 0x14fe55215fa0>,3,18,[1 7],6,7,25,1,7
1,<environment.Job instance at 0x14fe55215f50>,4,3,[10  1],8,25,28,17,9
1,<environment.Job instance at 0x14fe70b1cc30>,10,3,[6 2],16,16,19,0,16
1,<environment.Job instance at 0x14fe70b1c910>,8,15,[ 2 10],14,103,118,89,103
1,<environment.Job instance at 0x14fe70b1c320>,14,2,[2 8],21,118,120,97,114
1,<environment.Job instance at 0x14fe70b1c4b0>,18,1,[1 6],28,120,121,92,115
1,<environment.Job instance at 0x14fe70b1c280>,17,18,[5 2],27,118,136,91,118
1,<environment.Job instance at 0x14fe70b1c460>,19,2,[2 6],30,121,123,91,121
1,<environment.Job instance at 0x14fe734437d0>,22,1,[10  1],36,136,137,100,127
1,<environment.Job instance at 0x14fe734434b0>,25,3,[1 5],39,137,140,98,134
1,<environment.Job instance at 0x14fe73443af0>,26,2,[10  2],40,140,142,100,135
1,<environment.Job instance at 0x14fe73443550>,20,2,[6 2],31,155,157,124,155
1,<environment.Job instance at 0x14fe73443e60>,31,1,[7 1],45,163,164,118,163
1,<environment.Job instance at 0x14fe73443190>,32,2,[7 2],46,166,168,120,166
1,<environment.Job instance at 0x14fe73443460>,28,1,[1 8],42,170,171,128,170
1,<environment.Job instance at 0x14fe54a6ca50>,37,1,[9 1],52,187,188,135,187
1,<environment.Job instance at 0x14fe54a6c730>,42,1,[7 2],61,192,193,131,192
1,<environment.Job instance at 0x14fe54a6c0f0>,43,3,[9 1],62,193,196,131,192
1,<environment.Job instance at 0x14fe54a6c190>,44,15,[6 1],63,237,252,174,237
1,<environment.Job instance at 0x14fe54a6cb40>,46,2,[1 5],66,238,240,172,238
1,<environment.Job instance at 0x14fe70c69c30>,50,1,[8 2],70,291,292,221,291
1,<environment.Job instance at 0x14fe70c69a50>,53,2,[1 7],74,303,305,229,303
1,<environment.Job instance at 0x14fe70c69870>,55,2,[6 1],76,309,311,233,309
1,<environment.Job instance at 0x14fe70c69780>,57,16,[2 6],78,442,458,364,442
1,<environment.Job instance at 0x14fe550040f0>,62,2,[9 2],88,479,481,391,479
1,<environment.Job instance at 0x14fe55004140>,63,3,[2 7],89,481,484,392,481
1,<environment.Job instance at 0x14fe550049b0>,65,22,[2 9],93,502,524,409,502
1,<environment.Job instance at 0x14fe55004f00>,69,2,[6 1],103,523,525,420,523
1,<environment.Job instance at 0x14fe70058190>,73,13,[2 9],107,563,576,456,563
1,<environment.Job instance at 0x14fe700583c0>,77,3,[5 1],113,590,593,477,590
1,<environment.Job instance at 0x14fe70037460>,80,1,[5 1],116,593,594,477,593
1,<environment.Job instance at 0x14fe700378c0>,81,3,[8 1],117,603,606,486,603
1,<environment.Job instance at 0x14fe700379b0>,82,2,[6 2],118,606,608,488,603
1,<environment.Job instance at 0x14fe54f8ca00>,83,3,[9 2],119,609,612,490,609
1,<environment.Job instance at 0x14fe54a370f0>,1,18,[8 1],8,9,27,1,9
1,<environment.Job instance at 0x14fe6c119870>,5,3,[6 2],16,27,30,11,16
1,<environment.Job instance at 0x14fe6c1194b0>,6,12,[2 9],17,30,42,13,17
1,<environment.Job instance at 0x14fe54fa29b0>,11,3,[9 2],24,42,45,18,24
1,<environment.Job instance at 0x14fe54fa2f50>,12,2,[2 5],25,27,29,2,27
1,<environment.Job instance at 0x14fe54fa2c30>,15,1,[1 8],28,29,30,1,29
1,<environment.Job instance at 0x14fe54fa2e10>,13,1,[1 9],26,45,46,19,29
1,<environment.Job instance at 0x14fe701b0870>,23,2,[1 6],38,58,60,20,58
1,<environment.Job instance at 0x14fe6e8980a0>,31,2,[5 1],54,58,60,4,58
1,<environment.Job instance at 0x14fe6e8981e0>,33,2,[1 8],56,70,72,14,70
1,<environment.Job instance at 0x14fe6e898aa0>,34,1,[6 1],57,78,79,21,78
1,<environment.Job instance at 0x14fe77cd5690>,36,1,[6 1],60,82,83,22,82
1,<environment.Job instance at 0x14fe70bdce10>,42,3,[10  2],67,85,88,18,85
1,<environment.Job instance at 0x14fe54dde820>,40,3,[5 1],64,89,92,25,89
1,<environment.Job instance at 0x14fe70bdcaa0>,46,1,[8 1],76,92,93,16,89
1,<environment.Job instance at 0x14fe70bdc460>,47,15,[7 1],77,93,108,16,89
1,<environment.Job instance at 0x14fe54cb28c0>,50,13,[1 9],80,101,114,21,101
1,<environment.Job instance at 0x14fe73452690>,51,2,[7 2],81,114,116,33,102
1,<environment.Job instance at 0x14fe6c15b410>,53,16,[1 7],83,118,134,35,118
1,<environment.Job instance at 0x14fe702070a0>,49,12,[7 2],79,119,131,40,119
1,<environment.Job instance at 0x14fe54d81f00>,55,3,[10  1],87,134,137,47,119
1,<environment.Job instance at 0x14fe70bdc550>,44,2,[9 2],71,137,139,66,134
1,<environment.Job instance at 0x14fe70bdc140>,54,17,[5 2],85,139,156,54,135
1,<environment.Job instance at 0x14fe6e790780>,60,2,[10  2],92,156,158,64,139
1,<environment.Job instance at 0x14fe717c0320>,63,2,[1 9],96,158,160,62,147
1,<environment.Job instance at 0x14fe702c9690>,65,3,[1 8],100,151,154,51,151
1,<environment.Job instance at 0x14fe73429a00>,67,2,[2 8],102,154,156,52,151
1,<environment.Job instance at 0x14fe702c98c0>,66,19,[5 2],101,160,179,59,154
1,<environment.Job instance at 0x14fe6c17cb40>,70,3,[7 2],105,179,182,74,161
1,<environment.Job instance at 0x14fe7005cdc0>,72,15,[8 2],107,182,197,75,170
1,<environment.Job instance at 0x14fe7005cf00>,75,1,[1 6],111,171,172,60,171
1,<environment.Job instance at 0x14fe7005c690>,76,3,[6 1],112,197,200,85,172
1,<environment.Job instance at 0x14fe7005c370>,77,16,[1 5],113,184,200,71,184
1,<environment.Job instance at 0x14fe7005c8c0>,79,3,[2 8],116,200,203,84,196
1,<environment.Job instance at 0x14fe702254b0>,2,12,[6 1],3,5,17,2,5
1,<environment.Job instance at 0x14fe70225910>,3,13,[8 1],4,17,30,13,6
1,<environment.Job instance at 0x14fe70225500>,5,2,[1 7],6,6,8,0,6
1,<environment.Job instance at 0x14fe701f9aa0>,8,1,[2 7],10,12,13,2,12
1,<environment.Job instance at 0x14fe701f95a0>,12,1,[2 5],15,15,16,0,15
1,<environment.Job instance at 0x14fe701f9f00>,11,2,[9 1],14,30,32,16,20
1,<environment.Job instance at 0x14fe551d1050>,15,17,[1 8],22,23,40,1,23
1,<environment.Job instance at 0x14fe6e371f50>,16,15,[10  1],23,40,55,17,27
1,<environment.Job instance at 0x14fe54cb26e0>,21,3,[1 8],29,55,58,26,29
1,<environment.Job instance at 0x14fe75d53f00>,24,2,[8 1],32,55,57,23,40
1,<environment.Job instance at 0x14fe700cadc0>,32,13,[1 5],44,58,71,14,57
1,<environment.Job instance at 0x14fe75330230>,31,3,[2 5],43,63,66,20,63
1,<environment.Job instance at 0x14fe700ca7d0>,37,16,[2 9],50,91,107,41,91
1,<environment.Job instance at 0x14fe700ca370>,38,3,[2 6],51,107,110,56,92
1,<environment.Job instance at 0x14fe700ca910>,39,3,[2 6],52,110,113,58,92
1,<environment.Job instance at 0x14fe70be83c0>,27,3,[ 2 10],37,113,116,76,92
1,<environment.Job instance at 0x14fe6e7bb500>,45,3,[1 5],60,116,119,56,109
1,<environment.Job instance at 0x14fe6e7bb820>,48,15,[1 5],63,193,208,130,193
1,<environment.Job instance at 0x14fe75cbf140>,55,1,[6 1],74,223,224,149,223
1,<environment.Job instance at 0x14fe700ca460>,36,18,[8 2],49,386,404,337,386
1,<environment.Job instance at 0x14fe75388a50>,60,3,[10  1],79,1351,1354,1272,1351
1,<environment.Job instance at 0x14fe7002dc30>,66,28,[ 2 10],86,1570,1598,1484,1570
1,<environment.Job instance at 0x14fe7002e1e0>,84,1,[8 1],116,1598,1599,1482,1579
1,<environment.Job instance at 0x14fe772f3dc0>,2,2,[10  1],5,6,8,1,6
1,<environment.Job instance at 0x14fe772f38c0>,4,16,[10  2],7,13,29,6,13
1,<environment.Job instance at 0x14fe54ecb0a0>,16,1,[1 7],22,29,30,7,24
1,<environment.Job instance at 0x14fe54ed0b40>,13,1,[10  2],19,30,31,11,30
1,<environment.Job instance at 0x14fe54ecbd70>,23,3,[ 2 10],32,32,35,0,32
1,<environment.Job instance at 0x14fe54ecbd20>,24,2,[2 8],33,35,37,2,33
1,<environment.Job instance at 0x14fe54ecbc80>,25,2,[8 1],34,35,37,1,34
1,<environment.Job instance at 0x14fe54eae1e0>,27,3,[9 1],38,41,44,3,41
1,<environment.Job instance at 0x14fe54eae2d0>,33,1,[7 2],46,46,47,0,46
1,<environment.Job instance at 0x14fe54eaed70>,37,2,[2 6],52,53,55,1,53
1,<environment.Job instance at 0x14fe54eaea00>,36,2,[1 7],51,55,57,4,55
1,<environment.Job instance at 0x14fe54eaef50>,39,16,[ 2 10],55,106,122,51,106
1,<environment.Job instance at 0x14fe54eb90f0>,41,3,[6 1],58,122,125,64,107
1,<environment.Job instance at 0x14fe54eb93c0>,46,1,[9 2],64,132,133,68,132
1,<environment.Job instance at 0x14fe54eb94b0>,47,3,[2 9],65,136,139,71,136
1,<environment.Job instance at 0x14fe54eb9460>,48,3,[2 5],66,181,184,115,181
1,<environment.Job instance at 0x14fe54eb9500>,50,2,[2 6],68,188,190,120,188
1,<environment.Job instance at 0x14fe54eb96e0>,52,12,[ 1 10],70,195,207,125,195
1,<environment.Job instance at 0x14fe54eb9820>,54,12,[5 1],72,207,219,135,203
1,<environment.Job instance at 0x14fe54eb9780>,53,2,[1 5],71,209,211,138,209
1,<environment.Job instance at 0x14fe54eb98c0>,55,1,[10  1],73,221,222,148,221
1,<environment.Job instance at 0x14fe54eb9b90>,57,1,[10  2],77,299,300,222,299
1,<environment.Job instance at 0x14fe54ec50f0>,66,12,[5 1],89,365,377,276,365
1,<environment.Job instance at 0x14fe54ec5370>,71,2,[9 1],98,389,391,291,389
1,<environment.Job instance at 0x14fe54ec5c80>,81,25,[1 7],109,513,538,404,513
1,<environment.Job instance at 0x14fe54ec5b90>,83,2,[2 5],111,538,540,427,519
1,<environment.Job instance at 0x14fe54ec55a0>,74,1,[1 5],101,538,539,437,530
1,<environment.Job instance at 0x14fe54ee71e0>,88,22,[ 1 10],118,540,562,422,537
1,<environment.Job instance at 0x14fe54ebc0a0>,1,3,[10  1],2,4,7,2,4
1,<environment.Job instance at 0x14fe752cfe60>,8,1,[ 1 10],12,14,15,2,14
1,<environment.Job instance at 0x14fe54adb9b0>,11,3,[1 5],17,17,20,0,17
1,<environment.Job instance at 0x14fe752cf410>,9,3,[9 1],14,20,23,6,20
1,<environment.Job instance at 0x14fe54adbf00>,15,1,[5 2],22,23,24,1,23
1,<environment.Job instance at 0x14fe54adbcd0>,14,2,[8 1],21,24,26,3,23
1,<environment.Job instance at 0x14fe70b63730>,21,1,[8 2],29,29,30,0,29
1,<environment.Job instance at 0x14fe70b634b0>,19,2,[5 2],27,30,32,3,30
1,<environment.Job instance at 0x14fe700c2b90>,26,3,[2 5],34,38,41,4,38
1,<environment.Job instance at 0x14fe6c3834b0>,30,1,[2 5],38,38,39,0,38
1,<environment.Job instance at 0x14fe6c187d70>,45,3,[7 1],59,61,64,2,61
1,<environment.Job instance at 0x14fe700885f0>,51,16,[1 6],66,87,103,21,87
1,<environment.Job instance at 0x14fe551db050>,38,2,[5 2],50,88,90,38,88
1,<environment.Job instance at 0x14fe5519b4b0>,49,18,[5 2],63,90,108,27,90
1,<environment.Job instance at 0x14fe6e31dc80>,56,2,[8 1],73,108,110,35,93
1,<environment.Job instance at 0x14fe54ac6820>,62,13,[ 2 10],82,110,123,28,100
1,<environment.Job instance at 0x14fe54ac64b0>,65,1,[8 1],85,123,124,38,117
1,<environment.Job instance at 0x14fe6e339fa0>,70,2,[2 8],90,124,126,34,124
1,<environment.Job instance at 0x14fe6e33ad70>,73,2,[10  1],94,126,128,32,124
1,<environment.Job instance at 0x14fe701f26e0>,77,3,[1 5],102,137,140,35,137
1,<environment.Job instance at 0x14fe75c99870>,82,12,[9 1],108,138,150,30,138
1,<environment.Job instance at 0x14fe6e371b90>,83,3,[9 2],110,150,153,40,138
1,<environment.Job instance at 0x14fe54c6f9b0>,53,14,[10  1],69,153,167,84,138
1,<environment.Job instance at 0x14fe6e371f50>,85,2,[6 2],112,167,169,55,152
1,<environment.Job instance at 0x14fe54d493c0>,76,16,[8 2],101,169,185,68,162
1,<environment.Job instance at 0x14fe70c17410>,0,3,[2 7],1,2,5,1,2
1,<environment.Job instance at 0x14fe70c17c30>,3,16,[1 9],4,14,30,10,14
1,<environment.Job instance at 0x14fe70c17be0>,6,1,[6 1],7,21,22,14,21
1,<environment.Job instance at 0x14fe75349050>,8,1,[5 1],9,32,33,23,32
1,<environment.Job instance at 0x14fe70c171e0>,9,3,[5 2],10,56,59,46,56
1,<environment.Job instance at 0x14fe75c99730>,15,1,[8 2],19,59,60,40,57
1,<environment.Job instance at 0x14fe75c998c0>,16,12,[1 8],20,79,91,59,79
1,<environment.Job instance at 0x14fe77304a00>,26,2,[9 2],35,139,141,104,139
1,<environment.Job instance at 0x14fe75c9b870>,20,2,[1 8],27,139,141,112,139
1,<environment.Job instance at 0x14fe55379c80>,28,2,[9 1],39,141,143,102,140
1,<environment.Job instance at 0x14fe55379a50>,29,2,[6 2],40,159,161,119,159
1,<environment.Job instance at 0x14fe54c415a0>,38,3,[2 8],51,2018,2021,1967,2018
1,<environment.Job instance at 0x14fe55288280>,47,3,[7 2],65,2334,2337,2269,2334
1,<environment.Job instance at 0x14fe55288c80>,49,2,[1 6],69,2514,2516,2445,2514
1,<environment.Job instance at 0x14fe54d56d20>,3,3,[2 7],6,6,9,0,6
1,<environment.Job instance at 0x14fe6c09d8c0>,2,3,[1 9],4,9,12,5,9
1,<environment.Job instance at 0x14fe54c2c1e0>,6,18,[7 2],10,12,30,2,10
1,<environment.Job instance at 0x14fe54c2c5a0>,7,15,[2 7],11,14,29,3,14
1,<environment.Job instance at 0x14fe54c2ceb0>,17,2,[1 8],23,29,31,6,23
1,<environment.Job instance at 0x14fe54c3d050>,18,17,[9 1],24,30,47,6,24
1,<environment.Job instance at 0x14fe54c3d500>,21,1,[10  2],29,47,48,18,32
1,<environment.Job instance at 0x14fe54c3d8c0>,23,13,[8 1],34,48,61,14,41
1,<environment.Job instance at 0x14fe54c461e0>,30,2,[1 9],44,44,46,0,44
1,<environment.Job instance at 0x14fe54c46550>,32,2,[7 1],48,61,63,13,52
1,<environment.Job instance at 0x14fe54c469b0>,36,17,[ 1 10],55,63,80,8,57
1,<environment.Job instance at 0x14fe54c46410>,33,2,[ 1 10],51,80,82,29,57
1,<environment.Job instance at 0x14fe54c46910>,41,1,[1 8],63,82,83,19,64
1,<environment.Job instance at 0x14fe54c46c80>,39,13,[7 2],61,82,95,21,68
1,<environment.Job instance at 0x14fe54c3c320>,50,2,[1 8],76,83,85,7,76
1,<environment.Job instance at 0x14fe54c3c1e0>,49,14,[1 7],74,85,99,11,78
1,<environment.Job instance at 0x14fe54c61b40>,53,1,[10  2],79,99,100,20,79
1,<environment.Job instance at 0x14fe54c614b0>,57,1,[7 2],86,95,96,9,86
1,<environment.Job instance at 0x14fe54c61230>,56,17,[7 1],85,100,117,15,88
1,<environment.Job instance at 0x14fe552edbe0>,60,3,[1 9],94,100,103,6,97
1,<environment.Job instance at 0x14fe552ef870>,1,17,[6 1],3,3,20,0,3
1,<environment.Job instance at 0x14fe55091f00>,0,3,[10  2],2,20,23,18,3
1,<environment.Job instance at 0x14fe552ef9b0>,3,2,[9 1],7,23,25,16,7
1,<environment.Job instance at 0x14fe552efbe0>,6,2,[6 2],12,25,27,13,17
1,<environment.Job instance at 0x14fe552efa00>,9,3,[1 5],20,25,28,5,25
1,<environment.Job instance at 0x14fe55227190>,17,3,[2 9],30,46,49,16,46
1,<environment.Job instance at 0x14fe55227a50>,25,3,[2 5],44,50,53,6,50
1,<environment.Job instance at 0x14fe55209af0>,29,15,[1 5],50,56,71,6,56
1,<environment.Job instance at 0x14fe552091e0>,31,2,[6 2],52,59,61,7,59
1,<environment.Job instance at 0x14fe55209730>,28,18,[7 2],49,64,82,15,64
1,<environment.Job instance at 0x14fe552094b0>,35,1,[2 8],56,71,72,15,64
1,<environment.Job instance at 0x14fe55209640>,36,2,[10  1],57,82,84,25,68
1,<environment.Job instance at 0x14fe551f22d0>,40,2,[9 1],61,84,86,23,68
1,<environment.Job instance at 0x14fe55209230>,38,2,[7 2],59,86,88,27,68
1,<environment.Job instance at 0x14fe551f2640>,41,3,[9 1],63,88,91,25,68
1,<environment.Job instance at 0x14fe55227f50>,26,2,[2 5],46,74,76,28,74
1,<environment.Job instance at 0x14fe55202910>,48,2,[5 1],77,91,93,14,77
1,<environment.Job instance at 0x14fe55202690>,50,2,[1 8],79,79,81,0,79
1,<environment.Job instance at 0x14fe55202be0>,49,1,[2 5],78,86,87,8,82
1,<environment.Job instance at 0x14fe55202190>,52,17,[10  2],81,117,134,36,117
1,<environment.Job instance at 0x14fe55202aa0>,53,12,[1 7],82,134,146,52,125
1,<environment.Job instance at 0x14fe552072d0>,60,1,[1 5],92,146,147,54,128
1,<environment.Job instance at 0x14fe55207d20>,66,3,[8 1],98,134,137,36,128
1,<environment.Job instance at 0x14fe552029b0>,58,3,[1 6],90,147,150,57,128
1,<environment.Job instance at 0x14fe55207460>,68,3,[1 9],102,150,153,48,128
1,<environment.Job instance at 0x14fe55207370>,72,16,[10  1],106,153,169,47,140
1,<environment.Job instance at 0x14fe54c4b870>,79,1,[6 2],114,141,142,27,141
1,<environment.Job instance at 0x14fe54c4b960>,77,1,[9 1],112,147,148,35,147
1,<environment.Job instance at 0x14fe6c0e11e0>,0,3,[1 8],2,3,6,1,3
1,<environment.Job instance at 0x14fe54f2b0f0>,2,20,[10  2],4,6,26,2,5
1,<environment.Job instance at 0x14fe54f2b410>,1,16,[ 1 10],3,26,42,23,15
1,<environment.Job instance at 0x14fe6c032eb0>,12,1,[1 5],21,42,43,21,21
1,<environment.Job instance at 0x14fe5536faa0>,14,16,[6 1],24,42,58,18,32
1,<environment.Job instance at 0x14fe5536f5f0>,17,1,[1 6],27,43,44,16,34
1,<environment.Job instance at 0x14fe6fb65280>,18,1,[ 1 10],32,58,59,26,35
1,<environment.Job instance at 0x14fe54afb050>,20,3,[7 1],34,59,62,25,38
1,<environment.Job instance at 0x14fe700e1280>,21,1,[ 1 10],35,62,63,27,39
1,<environment.Job instance at 0x14fe55320460>,23,3,[2 9],37,49,52,12,49
1,<environment.Job instance at 0x14fe70f3ccd0>,24,14,[ 1 10],38,63,77,25,52
1,<environment.Job instance at 0x14fe77306b90>,25,18,[2 8],39,77,95,38,69
1,<environment.Job instance at 0x14fe70f29410>,27,18,[8 1],42,77,95,35,69
1,<environment.Job instance at 0x14fe552ff780>,28,2,[6 2],43,95,97,52,73
1,<environment.Job instance at 0x14fe54d7d730>,31,2,[9 1],48,97,99,49,75
1,<environment.Job instance at 0x14fe6c0e16e0>,3,15,[2 8],5,99,114,94,95
1,<environment.Job instance at 0x14fe75c4e500>,33,1,[ 1 10],53,114,115,61,96
1,<environment.Job instance at 0x14fe75c50500>,36,3,[2 7],56,115,118,59,101
1,<environment.Job instance at 0x14fe70f3c2d0>,26,27,[7 1],41,115,142,74,113
1,<environment.Job instance at 0x14fe54bb5780>,44,3,[2 9],72,118,121,46,113
1,<environment.Job instance at 0x14fe54bb56e0>,45,1,[8 2],74,113,114,39,113
1,<environment.Job instance at 0x14fe54bb50f0>,42,23,[1 9],66,121,144,55,116
1,<environment.Job instance at 0x14fe54bb5aa0>,39,1,[2 7],63,144,145,81,118
1,<environment.Job instance at 0x14fe77330f00>,52,1,[2 7],88,145,146,57,118
1,<environment.Job instance at 0x14fe6eaf8c30>,57,17,[10  2],95,146,163,51,134
1,<environment.Job instance at 0x14fe70c59d70>,62,13,[8 1],104,163,176,59,147
1,<environment.Job instance at 0x14fe70c59c30>,67,2,[1 8],111,163,165,52,162
1,<environment.Job instance at 0x14fe70c59320>,69,13,[1 9],114,165,178,51,162
1,<environment.Job instance at 0x14fe5508beb0>,70,2,[2 8],116,178,180,62,163
1,<environment.Job instance at 0x14fe6eaf8cd0>,56,18,[1 8],93,189,207,96,189
1,<environment.Job instance at 0x14fe6ffa0050>,73,2,[1 7],119,207,209,88,191
1,<environment.Job instance at 0x14fe54bb5b90>,41,16,[2 6],65,209,225,144,197
1,<environment.Job instance at 0x14fe6eaf89b0>,55,1,[10  2],91,225,226,134,200
1,<environment.Job instance at 0x146853b79a50>,0,12,[2 5],1,1,13,0,1
1,<environment.Job instance at 0x146853b79cd0>,1,3,[1 9],2,13,16,11,5
1,<environment.Job instance at 0x14684a61b5f0>,5,3,[9 2],6,16,19,10,7
1,<environment.Job instance at 0x14684a856500>,15,1,[ 1 10],20,20,21,0,20
1,<environment.Job instance at 0x14684a4ff5f0>,16,1,[2 5],21,21,22,0,21
1,<environment.Job instance at 0x14684a0f13c0>,10,13,[2 8],12,27,40,15,27
1,<environment.Job instance at 0x14684a528550>,23,2,[8 1],31,33,35,2,33
1,<environment.Job instance at 0x14684a0bdc80>,25,2,[2 8],34,40,42,6,35
1,<environment.Job instance at 0x14684a0bd460>,27,2,[2 7],36,44,46,8,44
1,<environment.Job instance at 0x14684a0b9a00>,35,2,[1 8],45,51,53,6,51
1,<environment.Job instance at 0x14684a0b96e0>,37,2,[ 1 10],50,55,57,5,55
1,<environment.Job instance at 0x14684a0cea00>,52,2,[1 7],72,73,75,1,73
1,<environment.Job instance at 0x14684a0f2a00>,54,2,[2 5],75,75,77,0,75
1,<environment.Job instance at 0x14684a5b0dc0>,55,16,[2 5],76,76,92,0,76
1,<environment.Job instance at 0x14684a59ee10>,56,1,[10  2],79,92,93,13,79
1,<environment.Job instance at 0x14684a0ef820>,58,15,[2 9],82,93,108,11,83
1,<environment.Job instance at 0x14684a59bd70>,62,3,[9 2],88,108,111,20,94
1,<environment.Job instance at 0x14684a59ba50>,64,12,[9 1],91,111,123,20,99
1,<environment.Job instance at 0x14684a5dd2d0>,74,3,[6 2],106,123,126,17,106
1,<environment.Job instance at 0x14684a858780>,79,3,[7 2],111,126,129,15,112
1,<environment.Job instance at 0x14684a879640>,82,12,[2 8],115,123,135,8,117
1,<environment.Job instance at 0x14684a879a50>,84,2,[ 1 10],118,135,137,17,118
1,<environment.Job instance at 0x14684a616730>,0,1,[5 1],1,3,4,2,3
1,<environment.Job instance at 0x14684a616aa0>,1,3,[2 8],2,5,8,3,5
1,<environment.Job instance at 0x14684a616f00>,2,12,[9 2],4,8,20,4,6
1,<environment.Job instance at 0x14684a63a410>,5,16,[8 1],7,20,36,13,7
1,<environment.Job instance at 0x14684a616be0>,6,17,[1 9],9,20,37,11,9
1,<environment.Job instance at 0x14684a63aaa0>,8,1,[2 8],11,37,38,26,11
1,<environment.Job instance at 0x14684a63af50>,14,2,[ 1 10],20,38,40,18,21
1,<environment.Job instance at 0x14684a63b550>,20,15,[9 2],27,40,55,13,28
1,<environment.Job instance at 0x14684a63b3c0>,21,18,[2 6],28,55,73,27,45
1,<environment.Job instance at 0x14684a879370>,32,27,[1 8],43,83,110,40,83
1,<environment.Job instance at 0x14684a879140>,33,3,[1 9],44,110,113,66,93
1,<environment.Job instance at 0x14684a4ff0f0>,38,15,[1 7],55,159,174,104,159
1,<environment.Job instance at 0x14684a4ffbe0>,40,2,[1 9],58,174,176,116,168
1,<environment.Job instance at 0x14684a4ffaf0>,41,2,[ 2 10],61,176,178,115,168
1,<environment.Job instance at 0x14684a551190>,42,3,[5 2],62,169,172,107,169
1,<environment.Job instance at 0x14684a5517d0>,43,15,[2 7],63,201,216,138,201
1,<environment.Job instance at 0x14684a551e60>,46,17,[ 2 10],66,241,258,175,241
1,<environment.Job instance at 0x14684a551b90>,48,2,[9 1],69,275,277,206,275
1,<environment.Job instance at 0x14684a551f50>,47,19,[ 1 10],68,279,298,211,279
1,<environment.Job instance at 0x14684a5518c0>,53,1,[2 9],74,298,299,224,287
1,<environment.Job instance at 0x14684a551910>,57,12,[7 1],80,310,322,230,310
1,<environment.Job instance at 0x14684a5516e0>,58,2,[8 2],81,322,324,241,314
1,<environment.Job instance at 0x14684a5510a0>,60,2,[2 5],83,315,317,232,315
1,<environment.Job instance at 0x14684a551a00>,61,3,[6 1],84,324,327,240,319
1,<environment.Job instance at 0x14684a5ebb40>,66,17,[1 6],91,319,336,228,319
1,<environment.Job instance at 0x14684a5eb370>,69,16,[9 1],96,327,343,231,319
1,<environment.Job instance at 0x14684a5eb6e0>,63,3,[ 2 10],87,343,346,256,323
1,<environment.Job instance at 0x14684a5dbaa0>,80,3,[2 8],115,346,349,231,331
1,<environment.Job instance at 0x14684a5db780>,81,1,[2 6],116,349,350,233,331
1,<environment.Job instance at 0x14684a5dbe60>,85,18,[10  1],126,350,368,224,342
1,<environment.Job instance at 0x14684a5db910>,83,18,[7 2],119,369,387,250,369
1,<environment.Job instance at 0x14684a5dbf50>,88,14,[2 8],129,381,395,252,381
1,<environment.Job instance at 0x14684be86550>,0,3,[8 1],2,5,8,3,5
1,<environment.Job instance at 0x14684a5ddf00>,5,15,[2 8],8,18,33,10,18
1,<environment.Job instance at 0x146830b69d70>,15,1,[2 8],21,46,47,25,46
1,<environment.Job instance at 0x146830b69e60>,19,3,[1 7],26,63,66,37,63
1,<environment.Job instance at 0x146830aea0a0>,21,1,[5 2],28,63,64,35,63
1,<environment.Job instance at 0x146830aea0f0>,20,18,[8 1],27,65,83,38,65
1,<environment.Job instance at 0x146830aea730>,26,2,[5 2],35,83,85,48,65
1,<environment.Job instance at 0x146830aeab40>,32,1,[2 5],44,73,74,29,73
1,<environment.Job instance at 0x146830aec140>,43,21,[7 2],60,92,113,32,92
1,<environment.Job instance at 0x146830aecc30>,47,3,[5 1],64,113,116,49,94
1,<environment.Job instance at 0x146830aec6e0>,46,1,[6 1],63,116,117,53,94
1,<environment.Job instance at 0x146830aecf00>,48,3,[1 7],69,94,97,25,94
1,<environment.Job instance at 0x146830aec0f0>,41,2,[ 1 10],57,117,119,60,94
1,<environment.Job instance at 0x146830aee820>,54,2,[2 7],81,106,108,25,106
1,<environment.Job instance at 0x146830aec370>,45,3,[1 9],62,113,116,51,106
1,<environment.Job instance at 0x146830aee460>,52,3,[1 9],74,119,122,45,109
1,<environment.Job instance at 0x146830aeed20>,60,1,[1 8],88,109,110,21,109
1,<environment.Job instance at 0x146830aeec80>,59,18,[5 2],87,122,140,35,111
1,<environment.Job instance at 0x146830af17d0>,64,2,[ 2 10],95,140,142,45,118
1,<environment.Job instance at 0x146830af19b0>,66,17,[10  1],98,142,159,44,132
1,<environment.Job instance at 0x146830af1e60>,71,2,[8 1],108,161,163,53,161
1,<environment.Job instance at 0x146830af3280>,72,2,[1 9],111,166,168,55,166
1,<environment.Job instance at 0x146830af33c0>,73,2,[1 6],112,170,172,58,170
1,<environment.Job instance at 0x146830af3500>,77,18,[ 1 10],116,226,244,110,226
1,<environment.Job instance at 0x146830af3870>,78,2,[1 6],118,244,246,126,230
1,<environment.Job instance at 0x14684a622410>,83,1,[6 2],125,244,245,119,239
1,<environment.Job instance at 0x146830af3c30>,82,16,[9 1],123,248,264,125,248
1,<environment.Job instance at 0x146830b61500>,86,2,[ 1 10],129,291,293,162,291
1,<environment.Job instance at 0x146830c234b0>,0,2,[2 9],1,5,7,4,5
1,<environment.Job instance at 0x146830c23960>,1,3,[9 1],4,7,10,3,5
1,<environment.Job instance at 0x146830af1d20>,2,18,[6 2],6,10,28,4,6
1,<environment.Job instance at 0x146830af1c80>,3,16,[1 5],8,10,26,2,10
1,<environment.Job instance at 0x1468311d9910>,4,3,[5 1],10,28,31,18,10
1,<environment.Job instance at 0x14683134fdc0>,7,1,[2 7],14,26,27,12,15
1,<environment.Job instance at 0x14683110b820>,9,2,[6 1],16,31,33,15,17
1,<environment.Job instance at 0x1468311e7b40>,13,3,[1 7],23,27,30,4,23
1,<environment.Job instance at 0x1468311e7c30>,14,2,[9 2],25,33,35,8,26
1,<environment.Job instance at 0x14683127e690>,19,3,[6 1],33,35,38,2,33
1,<environment.Job instance at 0x14683121a3c0>,23,16,[2 9],37,37,53,0,37
1,<environment.Job instance at 0x14683121a460>,26,3,[8 1],43,44,47,1,44
1,<environment.Job instance at 0x14683136faa0>,29,15,[2 8],48,53,68,5,48
1,<environment.Job instance at 0x14684c9dedc0>,30,16,[2 8],49,68,84,19,57
1,<environment.Job instance at 0x14683136f6e0>,32,1,[2 6],53,84,85,31,58
1,<environment.Job instance at 0x1468313768c0>,34,2,[8 1],56,60,62,4,60
1,<environment.Job instance at 0x14684bcf5a50>,38,2,[1 9],61,85,87,24,61
1,<environment.Job instance at 0x146831395320>,41,16,[2 6],66,87,103,21,74
1,<environment.Job instance at 0x1468312035a0>,45,3,[10  1],71,103,106,32,77
1,<environment.Job instance at 0x14684801f820>,48,3,[1 9],74,106,109,32,84
1,<environment.Job instance at 0x14684803a370>,51,15,[10  1],79,109,124,30,98
1,<environment.Job instance at 0x14684803ad70>,52,1,[2 8],80,124,125,44,98
1,<environment.Job instance at 0x146831398b90>,18,14,[1 9],30,157,171,127,157
1,<environment.Job instance at 0x14684803aa00>,55,2,[6 1],84,157,159,73,157
1,<environment.Job instance at 0x14684803a6e0>,56,3,[10  1],86,171,174,85,161
1,<environment.Job instance at 0x14684a5dd460>,28,27,[1 7],45,194,221,149,194
1,<environment.Job instance at 0x14684803a280>,59,2,[1 7],91,221,223,130,194
1,<environment.Job instance at 0x14684803a500>,62,3,[1 6],94,223,226,129,197
1,<environment.Job instance at 0x14684803a3c0>,64,2,[ 1 10],96,226,228,130,199
1,<environment.Job instance at 0x14684803a410>,65,17,[2 9],97,289,306,192,289
1,<environment.Job instance at 0x1468313da640>,72,3,[5 2],106,326,329,220,326
1,<environment.Job instance at 0x1468313da690>,73,1,[6 2],108,329,330,221,327
1,<environment.Job instance at 0x1468313da370>,75,1,[6 2],111,330,331,219,328
1,<environment.Job instance at 0x1468313da4b0>,80,1,[5 2],117,373,374,256,373
1,<environment.Job instance at 0x1468313da730>,81,1,[2 5],118,389,390,271,389
1,<environment.Job instance at 0x1468313dac80>,83,3,[2 5],121,391,394,270,391
1,<environment.Job instance at 0x1468313dac30>,67,16,[2 8],99,396,412,297,396
1,<environment.Job instance at 0x1468313dae60>,82,2,[ 1 10],120,412,414,292,397
1,<environment.Job instance at 0x1468313da500>,87,2,[7 1],127,404,406,277,404
1,<environment.Job instance at 0x1468313da050>,88,1,[7 2],128,406,407,278,406
1,<environment.Job instance at 0x1468313da140>,86,1,[7 1],126,407,408,281,406
1,<environment.Job instance at 0x1468313daf00>,89,3,[10  2],129,414,417,285,406
1,<environment.Job instance at 0x1468313dad70>,85,2,[5 2],123,417,419,294,411
1,<environment.Job instance at 0x146831169050>,2,19,[2 9],6,9,28,3,9
1,<environment.Job instance at 0x1468310f7fa0>,6,2,[1 5],10,28,30,18,11
1,<environment.Job instance at 0x1468310f7a00>,12,15,[7 1],17,18,33,1,18
1,<environment.Job instance at 0x1468311ae550>,18,14,[1 6],25,30,44,5,27
1,<environment.Job instance at 0x1468311ae2d0>,21,1,[10  1],28,44,45,16,28
1,<environment.Job instance at 0x14683116e870>,28,16,[ 2 10],35,45,61,10,37
1,<environment.Job instance at 0x146831174eb0>,31,2,[7 2],40,61,63,21,43
1,<environment.Job instance at 0x146831174b90>,32,13,[5 1],41,63,76,22,47
1,<environment.Job instance at 0x1468311a4c80>,36,14,[2 8],45,61,75,16,47
1,<environment.Job instance at 0x1468311a4500>,41,1,[ 2 10],50,76,77,26,50
1,<environment.Job instance at 0x1468311a44b0>,44,3,[2 8],57,77,80,20,64
1,<environment.Job instance at 0x1468311a42d0>,45,3,[1 9],58,80,83,22,77
1,<environment.Job instance at 0x1468311a4d70>,42,2,[10  2],52,83,85,31,81
1,<environment.Job instance at 0x1468310c7960>,50,3,[10  1],67,85,88,18,82
1,<environment.Job instance at 0x1468310c7910>,51,3,[6 1],69,88,91,19,87
1,<environment.Job instance at 0x1468311362d0>,60,13,[7 2],82,91,104,9,88
1,<environment.Job instance at 0x1468311369b0>,61,3,[8 1],83,104,107,21,88
1,<environment.Job instance at 0x146831136690>,63,18,[1 5],87,89,107,2,89
1,<environment.Job instance at 0x1468310f4550>,69,26,[2 8],98,107,133,9,104
1,<environment.Job instance at 0x1468310f4cd0>,73,2,[1 6],107,133,135,26,108
1,<environment.Job instance at 0x146831136d70>,58,3,[5 2],80,111,114,31,111
1,<environment.Job instance at 0x14684bf620a0>,79,1,[2 8],119,135,136,16,122
1,<environment.Job instance at 0x146830947e10>,83,14,[2 8],123,136,150,13,124
1,<environment.Job instance at 0x146831177dc0>,86,21,[1 8],126,150,171,24,145
1,<environment.Job instance at 0x146830946730>,1,2,[5 1],3,3,5,0,3
1,<environment.Job instance at 0x14684be31be0>,8,2,[1 8],17,18,20,1,18
1,<environment.Job instance at 0x14684be310a0>,10,3,[2 8],19,21,24,2,21
1,<environment.Job instance at 0x14684be31820>,11,15,[2 7],20,26,41,6,26
1,<environment.Job instance at 0x146830c64960>,14,3,[6 2],27,27,30,0,27
1,<environment.Job instance at 0x146830c649b0>,15,1,[8 1],29,34,35,5,34
1,<environment.Job instance at 0x146830c644b0>,19,12,[7 1],36,37,49,1,37
1,<environment.Job instance at 0x146830b2f230>,21,3,[9 2],38,49,52,11,38
1,<environment.Job instance at 0x146830b2f820>,26,28,[5 1],46,54,82,8,54
1,<environment.Job instance at 0x146830b37aa0>,33,1,[7 1],54,82,83,28,56
1,<environment.Job instance at 0x146830b37af0>,36,3,[1 5],57,57,60,0,57
1,<environment.Job instance at 0x146830b37e60>,35,3,[ 1 10],56,83,86,27,57
1,<environment.Job instance at 0x146830cddcd0>,38,13,[2 5],59,65,78,6,65
1,<environment.Job instance at 0x146830cb4500>,41,1,[6 2],66,86,87,20,67
1,<environment.Job instance at 0x146830cdd050>,39,2,[2 8],60,78,80,18,67
1,<environment.Job instance at 0x146830cb4af0>,42,1,[1 9],67,80,81,13,67
1,<environment.Job instance at 0x146830cb47d0>,44,3,[7 2],69,87,90,18,70
1,<environment.Job instance at 0x146830cb4690>,43,3,[7 1],68,90,93,22,71
1,<environment.Job instance at 0x146830cb44b0>,46,12,[2 6],73,86,98,13,74
1,<environment.Job instance at 0x146830cb4870>,47,1,[9 1],75,98,99,23,76
1,<environment.Job instance at 0x146830cbd410>,54,14,[9 2],86,99,113,13,86
1,<environment.Job instance at 0x146830cb4fa0>,45,14,[1 5],71,98,112,27,87
1,<environment.Job instance at 0x146830cbd910>,61,13,[1 9],94,113,126,19,103
1,<environment.Job instance at 0x146830cc5230>,62,2,[1 8],95,126,128,31,103
1,<environment.Job instance at 0x146830cc5d20>,63,12,[1 7],97,128,140,31,111
1,<environment.Job instance at 0x146830cc50a0>,66,17,[2 9],101,140,157,39,134
1,<environment.Job instance at 0x146830cc5b90>,67,3,[6 2],102,134,137,32,134
1,<environment.Job instance at 0x146830cc23c0>,73,1,[1 6],110,157,158,47,138
1,<environment.Job instance at 0x146830cbd6e0>,58,3,[1 5],90,158,161,68,139
1,<environment.Job instance at 0x146830cc2550>,74,3,[8 2],111,157,160,46,140
1,<environment.Job instance at 0x146830cc2b90>,76,1,[6 2],113,160,161,47,140
1,<environment.Job instance at 0x146830cc29b0>,77,2,[2 7],114,161,163,47,140
1,<environment.Job instance at 0x146830cc2c30>,79,3,[7 1],116,153,156,37,153
1,<environment.Job instance at 0x146830cc2050>,75,1,[1 7],112,163,164,51,154
1,<environment.Job instance at 0x146830cc89b0>,83,3,[5 2],122,161,164,39,155
1,<environment.Job instance at 0x146830cc8820>,84,13,[2 8],123,164,177,41,157
1,<environment.Job instance at 0x146830cb4e10>,48,17,[2 8],76,177,194,101,170
1,<environment.Job instance at 0x146830cc8f50>,82,2,[7 2],120,173,175,53,173
1,<environment.Job instance at 0x14685103aaf0>,1,1,[10  2],3,3,4,0,3
1,<environment.Job instance at 0x14685103ab90>,2,21,[ 2 10],4,5,26,1,5
1,<environment.Job instance at 0x14685103a820>,4,15,[5 2],6,26,41,20,13
1,<environment.Job instance at 0x14684d52ef50>,12,1,[9 1],16,41,42,25,16
1,<environment.Job instance at 0x14684f1c4fa0>,16,2,[5 2],21,31,33,10,31
1,<environment.Job instance at 0x14684f1c4500>,18,1,[1 7],23,33,34,10,31
1,<environment.Job instance at 0x146830f69500>,22,1,[2 6],30,34,35,4,33
1,<environment.Job instance at 0x146830f695f0>,24,2,[9 1],32,42,44,10,33
1,<environment.Job instance at 0x146830f69870>,25,13,[6 1],34,44,57,10,39
1,<environment.Job instance at 0x14684805ba50>,30,13,[2 6],39,44,57,5,40
1,<environment.Job instance at 0x146830f69c30>,23,3,[2 6],31,57,60,26,47
1,<environment.Job instance at 0x14685103acd0>,3,21,[2 5],5,60,81,55,53
1,<environment.Job instance at 0x1468310edd20>,32,1,[8 2],43,62,63,19,62
1,<environment.Job instance at 0x146831101d20>,34,17,[2 7],45,81,98,36,71
1,<environment.Job instance at 0x146831120410>,37,1,[8 2],48,85,86,37,85
1,<environment.Job instance at 0x14684d52e3c0>,7,15,[6 1],10,87,102,77,87
1,<environment.Job instance at 0x14684c8b0b40>,41,2,[6 2],52,102,104,50,87
1,<environment.Job instance at 0x146831101cd0>,40,1,[1 8],51,98,99,47,87
1,<environment.Job instance at 0x14684be5cc30>,45,2,[ 1 10],58,104,106,46,87
1,<environment.Job instance at 0x1468311e1d20>,59,2,[2 5],72,99,101,27,95
1,<environment.Job instance at 0x14684be4f140>,55,17,[1 8],68,106,123,38,96
1,<environment.Job instance at 0x146831288870>,60,13,[7 2],74,106,119,32,97
1,<environment.Job instance at 0x14683117f910>,57,2,[8 2],70,119,121,49,111
1,<environment.Job instance at 0x14684be5c190>,43,1,[6 2],55,121,122,66,112
1,<environment.Job instance at 0x14683119df00>,63,3,[10  2],77,123,126,46,113
1,<environment.Job instance at 0x14684cc8b0a0>,65,17,[1 7],80,126,143,46,116
1,<environment.Job instance at 0x14684bfcb640>,71,2,[10  1],87,143,145,56,124
1,<environment.Job instance at 0x14684bfcb780>,70,15,[2 9],86,145,160,59,131
1,<environment.Job instance at 0x1468311c8af0>,56,3,[5 2],69,131,134,62,131
1,<environment.Job instance at 0x14684cc8b140>,64,3,[2 5],79,160,163,81,134
1,<environment.Job instance at 0x14684bfb3e60>,83,1,[ 2 10],104,163,164,59,144
1,<environment.Job instance at 0x14684bfb3dc0>,87,17,[1 7],110,164,181,54,159
1,<environment.Job instance at 0x1468308e09b0>,91,14,[5 2],119,164,178,45,161
1,<environment.Job instance at 0x14684bfb3c80>,89,2,[7 2],115,178,180,63,162
1,<environment.Job instance at 0x1468308ac1e0>,90,1,[1 5],117,181,182,64,166
1,<environment.Job instance at 0x14683081a3c0>,96,1,[1 8],124,182,183,58,169
1,<environment.Job instance at 0x14683081b820>,92,27,[5 1],120,184,211,64,184
1,<environment.Job instance at 0x1468308d25a0>,95,14,[1 6],123,209,223,86,209
1,<environment.Job instance at 0x146830852780>,4,12,[5 2],7,7,19,0,7
1,<environment.Job instance at 0x146830852a50>,6,3,[10  1],11,19,22,8,12
1,<environment.Job instance at 0x146830852730>,7,2,[ 2 10],12,22,24,10,12
1,<environment.Job instance at 0x146830852d70>,9,1,[1 9],14,24,25,10,18
1,<environment.Job instance at 0x146830852a00>,11,22,[2 5],19,25,47,6,24
1,<environment.Job instance at 0x14684d558960>,16,3,[6 2],26,26,29,0,26
1,<environment.Job instance at 0x14684d5589b0>,21,1,[8 1],32,67,68,35,67
1,<environment.Job instance at 0x1468308066e0>,30,17,[1 8],48,92,109,44,92
1,<environment.Job instance at 0x146830806500>,31,2,[8 2],50,119,121,69,119
1,<environment.Job instance at 0x146830806640>,36,3,[2 8],58,189,192,131,189
1,<environment.Job instance at 0x146830806050>,38,2,[2 9],61,229,231,168,229
1,<environment.Job instance at 0x14683080e550>,42,1,[8 2],65,435,436,370,435
1,<environment.Job instance at 0x146851b1aaa0>,57,16,[1 8],82,512,528,430,512
1,<environment.Job instance at 0x14684ccfc960>,64,26,[1 6],91,654,680,563,654
1,<environment.Job instance at 0x14684ccea8c0>,66,23,[2 6],94,721,744,627,721
1,<environment.Job instance at 0x1468308e99b0>,71,2,[7 2],101,902,904,801,902
1,<environment.Job instance at 0x1468311c8d20>,72,3,[6 1],103,904,907,801,902
1,<environment.Job instance at 0x14684bf89190>,69,1,[5 2],98,907,908,809,902
1,<environment.Job instance at 0x14684bfb32d0>,73,2,[10  1],104,908,910,804,902
1,<environment.Job instance at 0x1468311a1a50>,68,14,[ 1 10],97,943,957,846,943
1,<environment.Job instance at 0x1468311d8fa0>,84,2,[9 2],123,957,959,834,945
1,<environment.Job instance at 0x1468311d8d20>,85,1,[ 2 10],127,959,960,832,945
1,<environment.Job instance at 0x146851b1adc0>,62,1,[9 2],87,960,961,873,956
1,<environment.Job instance at 0x146851b1a410>,3,12,[7 2],6,6,18,0,6
1,<environment.Job instance at 0x14685300c780>,1,1,[8 1],3,18,19,15,7
1,<environment.Job instance at 0x146851b1ae60>,4,15,[ 2 10],12,19,34,7,12
1,<environment.Job instance at 0x146851b1a640>,5,2,[5 2],13,34,36,21,14
1,<environment.Job instance at 0x146851b1a550>,7,2,[5 2],16,34,36,18,16
1,<environment.Job instance at 0x1468308e07d0>,8,1,[ 2 10],17,36,37,19,17
1,<environment.Job instance at 0x146851b1aa00>,6,2,[7 2],14,37,39,23,18
1,<environment.Job instance at 0x1468308c32d0>,14,3,[2 8],23,37,40,14,23
1,<environment.Job instance at 0x1468308e0b90>,12,2,[5 2],21,39,41,18,25
1,<environment.Job instance at 0x1468308c3a50>,16,1,[ 2 10],26,41,42,15,29
1,<environment.Job instance at 0x1468308c3b40>,19,1,[2 7],30,40,41,10,30
1,<environment.Job instance at 0x14684bfb3910>,20,2,[1 8],31,42,44,11,31
1,<environment.Job instance at 0x14684bfb30f0>,22,3,[ 2 10],35,44,47,9,35
1,<environment.Job instance at 0x14684bfca370>,28,2,[6 2],41,42,44,1,41
1,<environment.Job instance at 0x14684bfca870>,30,2,[5 2],45,47,49,2,45
1,<environment.Job instance at 0x146851aedcd0>,34,1,[7 1],49,50,51,1,50
1,<environment.Job instance at 0x14684bef3aa0>,38,2,[8 2],55,56,58,1,56
1,<environment.Job instance at 0x14684bfb37d0>,24,22,[ 2 10],37,64,86,27,64
1,<environment.Job instance at 0x1468310ed910>,44,3,[2 6],67,86,89,19,68
1,<environment.Job instance at 0x1468310ed730>,45,2,[7 1],68,86,88,18,69
1,<environment.Job instance at 0x1468310edb90>,48,14,[2 6],73,89,103,16,77
1,<environment.Job instance at 0x1468310edbe0>,46,21,[6 1],70,88,109,18,86
1,<environment.Job instance at 0x14684f1d5cd0>,56,1,[9 1],84,109,110,25,87
1,<environment.Job instance at 0x14684f1d5870>,59,3,[ 1 10],91,110,113,19,95
1,<environment.Job instance at 0x1468311b9820>,66,3,[1 5],100,103,106,3,100
1,<environment.Job instance at 0x1468311b9050>,67,3,[8 2],103,113,116,10,103
1,<environment.Job instance at 0x1468311b96e0>,68,1,[1 7],104,106,107,2,105
1,<environment.Job instance at 0x14684bfef1e0>,70,2,[7 1],106,116,118,10,106
1,<environment.Job instance at 0x14684bfef4b0>,71,28,[1 6],107,113,141,6,113
1,<environment.Job instance at 0x14684b8ad5a0>,76,2,[5 1],115,118,120,3,115
1,<environment.Job instance at 0x14684bfefd70>,72,1,[1 7],110,141,142,31,117
1,<environment.Job instance at 0x14684be850a0>,84,3,[9 1],126,129,132,3,129
1,<environment.Job instance at 0x14684b8ad0f0>,54,27,[5 2],82,134,161,52,134
1,<environment.Job instance at 0x146830827690>,0,3,[ 2 10],1,1,4,0,1
1,<environment.Job instance at 0x1468308275f0>,1,15,[6 1],3,4,19,1,3
1,<environment.Job instance at 0x146830827d20>,2,1,[9 2],4,19,20,15,4
1,<environment.Job instance at 0x146830827320>,3,1,[2 8],5,6,7,1,6
1,<environment.Job instance at 0x146830827d70>,5,1,[8 1],8,20,21,12,10
1,<environment.Job instance at 0x146830827f00>,4,1,[5 1],6,21,22,15,10
1,<environment.Job instance at 0x146830827550>,8,3,[1 9],12,13,16,1,13
1,<environment.Job instance at 0x146830827370>,9,14,[ 1 10],14,22,36,8,14
1,<environment.Job instance at 0x146830bbf5f0>,18,17,[5 1],24,36,53,12,24
1,<environment.Job instance at 0x146830bbf0a0>,16,1,[1 6],22,36,37,14,26
1,<environment.Job instance at 0x146830bbf280>,19,1,[7 1],25,53,54,28,27
1,<environment.Job instance at 0x146848022c80>,23,3,[2 5],29,37,40,8,30
1,<environment.Job instance at 0x1468311e7730>,33,1,[1 8],42,48,49,6,48
1,<environment.Job instance at 0x1468311e7be0>,32,17,[ 2 10],39,56,73,17,56
1,<environment.Job instance at 0x1468311e77d0>,34,16,[5 2],43,73,89,30,62
1,<environment.Job instance at 0x14684be319b0>,42,17,[1 8],55,73,90,18,63
1,<environment.Job instance at 0x1468311e7910>,27,17,[7 2],33,89,106,56,79
1,<environment.Job instance at 0x14684be311e0>,44,16,[2 7],57,90,106,33,79
1,<environment.Job instance at 0x146830aa02d0>,52,1,[ 1 10],67,106,107,39,86
1,<environment.Job instance at 0x146830aa0a00>,54,2,[2 6],69,107,109,38,93
1,<environment.Job instance at 0x146848022a50>,25,27,[6 1],31,108,135,77,108
1,<environment.Job instance at 0x146830bba140>,64,3,[1 6],81,110,113,29,110
1,<environment.Job instance at 0x146830bbaaa0>,68,3,[1 5],88,133,136,45,133
1,<environment.Job instance at 0x1468510d6280>,70,1,[10  2],90,136,137,46,136
1,<environment.Job instance at 0x14684bdd2af0>,74,2,[5 1],94,140,142,46,140
1,<environment.Job instance at 0x146830ecfe10>,72,1,[1 6],92,141,142,49,141
1,<environment.Job instance at 0x14684ccf81e0>,77,3,[2 6],97,142,145,45,141
1,<environment.Job instance at 0x14684ccf84b0>,78,3,[1 9],98,145,148,47,144
1,<environment.Job instance at 0x14684a5a9690>,82,17,[8 1],107,145,162,38,145
1,<environment.Job instance at 0x14684a599780>,81,2,[7 1],106,162,164,56,148
1,<environment.Job instance at 0x14684a0977d0>,86,16,[2 5],111,149,165,38,149
1,<environment.Job instance at 0x14684a097c30>,87,1,[5 1],112,164,165,52,150
1,<environment.Job instance at 0x14684a097370>,88,12,[ 1 10],113,165,177,52,150
1,<environment.Job instance at 0x146830d92e60>,94,2,[8 2],122,177,179,55,151
1,<environment.Job instance at 0x14684cc970f0>,7,3,[1 9],11,12,15,1,12
1,<environment.Job instance at 0x14684cc971e0>,9,3,[8 1],14,14,17,0,14
1,<environment.Job instance at 0x14684cc970a0>,8,17,[1 5],12,15,32,3,15
1,<environment.Job instance at 0x14684bf23460>,12,2,[2 6],20,32,34,12,20
1,<environment.Job instance at 0x14684bf233c0>,13,1,[1 5],21,23,24,2,23
1,<environment.Job instance at 0x14684bf13af0>,20,28,[2 5],33,34,62,1,33
1,<environment.Job instance at 0x14684bf13be0>,19,3,[7 2],31,35,38,4,35
1,<environment.Job instance at 0x14684bf13550>,27,2,[2 8],41,79,81,38,79
1,<environment.Job instance at 0x14684bf13910>,21,15,[ 2 10],34,81,96,47,81
1,<environment.Job instance at 0x14684bf0ab40>,31,1,[1 6],48,96,97,48,84
1,<environment.Job instance at 0x14684cc32c30>,36,3,[10  1],57,97,100,40,86
1,<environment.Job instance at 0x146830d0f140>,37,2,[6 1],58,100,102,42,87
1,<environment.Job instance at 0x14684a856410>,43,3,[2 7],64,103,106,39,103
1,<environment.Job instance at 0x14684c8d0d20>,46,13,[10  1],68,106,119,38,104
1,<environment.Job instance at 0x14684c8d0460>,47,3,[2 6],69,119,122,50,106
1,<environment.Job instance at 0x14684c8d0820>,49,1,[6 2],71,119,120,48,108
1,<environment.Job instance at 0x146831205af0>,41,1,[1 8],62,122,123,60,108
1,<environment.Job instance at 0x14684bd9c690>,51,1,[2 5],74,123,124,49,111
1,<environment.Job instance at 0x14684c8d0640>,53,1,[2 7],78,124,125,46,114
1,<environment.Job instance at 0x146830d92be0>,59,2,[1 5],86,125,127,39,114
1,<environment.Job instance at 0x146830826d20>,62,26,[5 2],89,121,147,32,121
1,<environment.Job instance at 0x14684bd52140>,61,17,[10  1],88,153,170,65,153
1,<environment.Job instance at 0x14684bdc9e60>,79,3,[1 7],115,170,173,55,155
1,<environment.Job instance at 0x14684bdbe0f0>,80,14,[2 5],117,173,187,56,169
1,<environment.Job instance at 0x14684bdbe500>,81,13,[1 5],121,187,200,66,187
1,<environment.Job instance at 0x14684bdb92d0>,86,13,[2 9],127,200,213,73,189
1,<environment.Job instance at 0x14684a57c5f0>,0,20,[9 1],1,1,21,0,1
1,<environment.Job instance at 0x14684a57c3c0>,5,3,[8 1],7,21,24,14,7
1,<environment.Job instance at 0x14684bf13a50>,1,3,[5 1],3,24,27,21,7
1,<environment.Job instance at 0x14684a57ce60>,7,3,[9 2],9,27,30,18,9
1,<environment.Job instance at 0x14684a57c730>,11,1,[7 1],23,30,31,7,26
1,<environment.Job instance at 0x14684a57cb90>,12,2,[2 6],24,30,32,6,26
1,<environment.Job instance at 0x14684c0473c0>,14,12,[2 9],27,32,44,5,27
1,<environment.Job instance at 0x14684a546e10>,17,1,[7 2],30,31,32,1,31
1,<environment.Job instance at 0x14684bdd0cd0>,19,3,[9 2],34,44,47,10,34
1,<environment.Job instance at 0x146830aec410>,16,3,[9 1],29,47,50,18,35
1,<environment.Job instance at 0x14684bdd0460>,21,1,[1 9],36,47,48,11,36
1,<environment.Job instance at 0x14684bdd0eb0>,23,1,[1 8],38,44,45,6,38
1,<environment.Job instance at 0x14684bdd0690>,22,3,[1 7],37,48,51,11,38
1,<environment.Job instance at 0x14684bdd0960>,25,1,[1 9],40,51,52,11,40
1,<environment.Job instance at 0x146830e27af0>,31,2,[1 6],48,52,54,4,50
1,<environment.Job instance at 0x146830e27b90>,33,14,[ 2 10],50,54,68,4,54
1,<environment.Job instance at 0x146830e27cd0>,36,1,[5 2],53,72,73,19,72
1,<environment.Job instance at 0x146830e27dc0>,37,12,[2 9],54,83,95,29,83
1,<environment.Job instance at 0x146830af2640>,42,1,[6 1],67,97,98,30,97
1,<environment.Job instance at 0x146830b08690>,54,1,[8 1],86,111,112,25,111
1,<environment.Job instance at 0x146830b08460>,55,15,[7 1],87,112,127,25,112
1,<environment.Job instance at 0x146830af2b40>,46,1,[1 5],72,112,113,40,112
1,<environment.Job instance at 0x146830b080f0>,57,12,[7 2],89,127,139,38,112
1,<environment.Job instance at 0x146830b08410>,61,16,[1 7],93,113,129,20,113
1,<environment.Job instance at 0x146830b08a00>,63,3,[10  1],97,139,142,42,123
1,<environment.Job instance at 0x14684f1cc4b0>,65,17,[8 1],99,142,159,43,133
1,<environment.Job instance at 0x146830b08780>,58,13,[1 9],90,142,155,52,134
1,<environment.Job instance at 0x146830af2aa0>,50,3,[10  2],77,159,162,82,135
1,<environment.Job instance at 0x1468313d46e0>,71,2,[1 9],106,155,157,49,136
1,<environment.Job instance at 0x146830b08aa0>,68,2,[10  2],102,162,164,60,143
1,<environment.Job instance at 0x14684be40140>,89,3,[1 8],128,164,167,36,146
1,<environment.Job instance at 0x146830cdd870>,74,19,[5 2],111,164,183,53,154
1,<environment.Job instance at 0x14684be402d0>,85,16,[1 5],123,173,189,50,173
1,<environment.Job instance at 0x14685300cc80>,2,12,[6 1],3,3,15,0,3
1,<environment.Job instance at 0x14685300c730>,4,3,[2 8],5,5,8,0,5
1,<environment.Job instance at 0x14685300c870>,3,13,[8 1],4,15,28,11,5
1,<environment.Job instance at 0x1468307cb690>,10,3,[ 2 10],12,28,31,16,13
1,<environment.Job instance at 0x1468307cbb90>,12,1,[2 5],15,15,16,0,15
1,<environment.Job instance at 0x1468307cb780>,14,2,[2 8],20,21,23,1,21
1,<environment.Job instance at 0x146830dc6a50>,17,3,[1 8],25,25,28,0,25
1,<environment.Job instance at 0x146830dc6eb0>,19,3,[8 1],27,31,34,4,27
1,<environment.Job instance at 0x146830dc62d0>,20,3,[10  1],28,34,37,6,28
1,<environment.Job instance at 0x14684bef8410>,22,2,[2 9],30,31,33,1,30
1,<environment.Job instance at 0x14684bef8fa0>,23,2,[8 2],31,37,39,6,31
1,<environment.Job instance at 0x14684bef8280>,29,13,[1 7],40,60,73,20,60
1,<environment.Job instance at 0x14684bef85f0>,33,15,[5 1],46,87,102,41,87
1,<environment.Job instance at 0x146830dc6370>,15,17,[1 8],22,338,355,316,338
1,<environment.Job instance at 0x146851b00500>,40,1,[5 2],53,442,443,389,442
1,<environment.Job instance at 0x146851b00f00>,41,3,[7 1],54,446,449,392,446
1,<environment.Job instance at 0x146851b004b0>,42,2,[2 6],55,449,451,394,449
1,<environment.Job instance at 0x146851b00be0>,43,3,[2 7],57,452,455,395,452
1,<environment.Job instance at 0x14684c920aa0>,44,18,[1 6],58,496,514,438,496
1,<environment.Job instance at 0x14684bef81e0>,31,3,[2 5],43,701,704,658,701
1,<environment.Job instance at 0x14684bf78280>,62,18,[1 9],81,863,881,782,863
1,<environment.Job instance at 0x14684cc230a0>,67,15,[1 8],87,903,918,816,903
1,<environment.Job instance at 0x14684bf780a0>,59,2,[7 1],78,943,945,865,943
1,<environment.Job instance at 0x146831336190>,76,14,[1 6],101,1028,1042,927,1028
1,<environment.Job instance at 0x14684bfa7370>,87,17,[2 6],120,1064,1081,944,1064
1,<environment.Job instance at 0x146830a3a5f0>,3,16,[5 2],6,6,22,0,6
1,<environment.Job instance at 0x146830a3a640>,5,1,[10  2],9,22,23,13,10
1,<environment.Job instance at 0x14684be00b40>,4,3,[10  2],8,23,26,15,10
1,<environment.Job instance at 0x14684be2ce60>,9,1,[9 1],14,26,27,12,14
1,<environment.Job instance at 0x14684bd75a00>,8,1,[1 7],12,15,16,3,15
1,<environment.Job instance at 0x14684be2cb40>,12,3,[10  2],18,27,30,9,18
1,<environment.Job instance at 0x14684cc26640>,14,2,[5 1],20,30,32,10,24
1,<environment.Job instance at 0x14684cc3e690>,17,2,[8 1],24,32,34,8,24
1,<environment.Job instance at 0x146831252d70>,24,1,[9 2],35,36,37,1,36
1,<environment.Job instance at 0x146830f89be0>,30,3,[6 1],44,48,51,4,48
1,<environment.Job instance at 0x14683083eb90>,25,1,[7 2],36,51,52,15,51
1,<environment.Job instance at 0x146830f895f0>,32,2,[5 1],47,55,57,8,55
1,<environment.Job instance at 0x146830f89e10>,33,3,[6 1],48,57,60,9,56
1,<environment.Job instance at 0x146830f89410>,35,15,[7 1],50,78,93,28,78
1,<environment.Job instance at 0x146830f89140>,31,16,[ 2 10],45,138,154,93,138
1,<environment.Job instance at 0x14684c949b90>,38,1,[9 2],54,154,155,100,142
1,<environment.Job instance at 0x14684c949820>,40,3,[2 5],56,155,158,99,144
1,<environment.Job instance at 0x146830f89d70>,34,1,[10  1],49,158,159,109,157
1,<environment.Job instance at 0x1468519f8e10>,47,1,[10  1],63,159,160,96,157
1,<environment.Job instance at 0x146851098690>,49,1,[10  2],67,160,161,93,160
1,<environment.Job instance at 0x14684f1d0190>,50,1,[6 1],69,169,170,100,169
1,<environment.Job instance at 0x1468312430f0>,57,17,[2 7],78,178,195,100,178
1,<environment.Job instance at 0x1468480e2e10>,58,12,[5 1],79,183,195,104,183
1,<environment.Job instance at 0x14684cc08550>,59,16,[1 7],81,195,211,114,192
1,<environment.Job instance at 0x14684bdf2190>,63,2,[9 1],88,199,201,111,199
1,<environment.Job instance at 0x14684b8ad5f0>,66,1,[1 5],91,211,212,120,203
1,<environment.Job instance at 0x14684bdf29b0>,60,3,[2 6],82,228,231,146,228
1,<environment.Job instance at 0x14684b8ad960>,75,2,[2 5],101,255,257,154,255
1,<environment.Job instance at 0x14684b8add70>,77,1,[7 2],105,257,258,152,257
1,<environment.Job instance at 0x14684b8ad9b0>,78,1,[1 8],106,258,259,152,258
1,<environment.Job instance at 0x14684b8ad500>,80,22,[ 1 10],108,259,281,151,259
1,<environment.Job instance at 0x14684b8ad2d0>,81,2,[1 6],109,281,283,172,263
1,<environment.Job instance at 0x14684b8ada00>,83,3,[10  1],112,283,286,171,265
1,<environment.Job instance at 0x14684b8ad640>,84,3,[10  1],113,286,289,173,271
1,<environment.Job instance at 0x14684ccf72d0>,85,1,[8 1],114,289,290,175,284
1,<environment.Job instance at 0x14684ccf75a0>,88,2,[6 1],119,290,292,171,285
1,<environment.Job instance at 0x14684ccf76e0>,90,1,[ 1 10],122,298,299,176,298
1,<environment.Job instance at 0x14684ccf7a50>,89,16,[6 1],120,299,315,179,299
1,<environment.Job instance at 0x14684ccf7dc0>,87,13,[2 5],117,302,315,185,302
1,<environment.Job instance at 0x14684ccf71e0>,91,3,[9 1],124,322,325,198,322
1,<environment.Job instance at 0x14684b8ad780>,73,25,[1 7],99,341,366,242,341
1,<environment.Job instance at 0x14684bdf2410>,1,1,[5 2],2,2,3,0,2
1,<environment.Job instance at 0x14684be3a0f0>,0,2,[8 1],1,4,6,3,4
1,<environment.Job instance at 0x1468310a8cd0>,5,2,[5 2],7,8,10,1,8
1,<environment.Job instance at 0x14684be3a050>,4,17,[1 5],6,8,25,2,8
1,<environment.Job instance at 0x14683107d230>,12,3,[2 5],14,14,17,0,14
1,<environment.Job instance at 0x1468310a8af0>,8,2,[7 1],10,17,19,7,15
1,<environment.Job instance at 0x14683107d870>,15,15,[2 7],17,25,40,8,19
1,<environment.Job instance at 0x1468310a8b90>,10,2,[ 1 10],12,40,42,28,21
1,<environment.Job instance at 0x14683107d690>,14,2,[7 1],16,26,28,10,26
1,<environment.Job instance at 0x14683107de10>,23,14,[9 2],29,42,56,13,34
1,<environment.Job instance at 0x14683107dfa0>,22,2,[8 2],28,34,36,6,34
1,<environment.Job instance at 0x14683107c280>,26,1,[1 5],33,42,43,9,34
1,<environment.Job instance at 0x14683107c140>,25,3,[1 5],31,45,48,14,45
1,<environment.Job instance at 0x14683107ca00>,34,1,[1 9],42,56,57,14,53
1,<environment.Job instance at 0x14683107c5a0>,28,14,[2 8],35,57,71,22,53
1,<environment.Job instance at 0x1468310700f0>,39,14,[10  1],49,71,85,22,61
1,<environment.Job instance at 0x14683107ceb0>,37,16,[1 6],46,85,101,39,79
1,<environment.Job instance at 0x146831070870>,46,2,[2 7],59,101,103,42,85
1,<environment.Job instance at 0x146831070b40>,48,13,[ 2 10],62,104,117,42,104
1,<environment.Job instance at 0x1468310708c0>,49,2,[1 9],63,117,119,54,106
1,<environment.Job instance at 0x146831070960>,50,23,[1 5],64,119,142,55,114
1,<environment.Job instance at 0x1468310a7370>,61,14,[9 2],79,119,133,40,116
1,<environment.Job instance at 0x14683107c4b0>,29,15,[8 2],36,133,148,97,121
1,<environment.Job instance at 0x1468310a71e0>,59,2,[10  1],74,148,150,74,121
1,<environment.Job instance at 0x1468310a7b40>,66,1,[7 2],86,150,151,64,131
1,<environment.Job instance at 0x1468310a7d20>,69,3,[9 2],90,151,154,61,131
1,<environment.Job instance at 0x1468310a7dc0>,70,1,[ 2 10],91,154,155,63,132
1,<environment.Job instance at 0x1468310a7730>,64,2,[5 2],83,155,157,72,133
1,<environment.Job instance at 0x1468310a7fa0>,72,1,[1 5],94,142,143,48,133
1,<environment.Job instance at 0x14683109f0f0>,73,2,[5 2],95,155,157,60,146
1,<environment.Job instance at 0x14683109f230>,76,17,[ 2 10],98,157,174,59,146
1,<environment.Job instance at 0x14683109f320>,79,3,[2 7],101,174,177,73,148
1,<environment.Job instance at 0x14683109f140>,77,3,[10  2],99,177,180,78,170
1,<environment.Job instance at 0x14683109f6e0>,85,1,[6 1],107,203,204,96,203
1,<environment.Job instance at 0x14683109f910>,86,2,[ 1 10],108,215,217,107,215
1,<environment.Job instance at 0x1468313d0be0>,96,28,[ 2 10],121,230,258,109,230
1,<environment.Job instance at 0x1468313d0780>,92,2,[8 2],117,258,260,141,232
1,<environment.Job instance at 0x146831075690>,101,14,[1 7],129,262,276,133,262
1,<environment.Job instance at 0x1468313cae10>,0,2,[8 1],1,1,3,0,1
1,<environment.Job instance at 0x146830ed38c0>,8,17,[2 9],13,21,38,8,21
1,<environment.Job instance at 0x146830ed3820>,14,1,[1 5],20,38,39,18,22
1,<environment.Job instance at 0x146830ed36e0>,18,17,[ 1 10],26,39,56,13,28
1,<environment.Job instance at 0x146830ed3280>,19,3,[1 6],29,56,59,27,30
1,<environment.Job instance at 0x14684a5f3690>,27,2,[8 1],43,56,58,13,44
1,<environment.Job instance at 0x14683092f280>,34,2,[7 2],54,59,61,5,59
1,<environment.Job instance at 0x14683092f500>,37,3,[2 6],57,60,63,3,60
1,<environment.Job instance at 0x14683092f140>,40,14,[9 2],63,64,78,1,64
1,<environment.Job instance at 0x14684a5f4550>,41,3,[1 9],66,78,81,12,67
1,<environment.Job instance at 0x14684a5f45f0>,42,1,[5 2],67,81,82,14,69
1,<environment.Job instance at 0x14684a5f4d70>,43,1,[9 1],68,78,79,10,69
1,<environment.Job instance at 0x14684a5f4f50>,44,23,[9 1],70,82,105,12,76
1,<environment.Job instance at 0x1468480a1b90>,52,1,[7 1],81,105,106,24,81
1,<environment.Job instance at 0x146851ac0f00>,53,2,[10  1],82,106,108,24,82
1,<environment.Job instance at 0x14684bd0d870>,56,3,[2 5],88,108,111,20,88
1,<environment.Job instance at 0x1468510bc9b0>,57,2,[5 1],89,108,110,19,89
1,<environment.Job instance at 0x1468510bcb40>,59,13,[2 8],93,111,124,18,96
1,<environment.Job instance at 0x1468307a0960>,62,3,[2 9],97,124,127,27,100
1,<environment.Job instance at 0x14683087b9b0>,63,3,[6 1],99,110,113,11,100
1,<environment.Job instance at 0x14684a5f4960>,45,14,[10  1],71,137,151,66,137
1,<environment.Job instance at 0x146851a84f50>,68,3,[ 1 10],105,151,154,46,137
1,<environment.Job instance at 0x14684a5f4b40>,49,1,[2 5],75,154,155,79,137
1,<environment.Job instance at 0x146830789910>,72,2,[1 9],109,155,157,46,140
1,<environment.Job instance at 0x1468308bc550>,76,17,[9 1],114,155,172,41,146
1,<environment.Job instance at 0x14683119d320>,83,18,[8 1],127,172,190,45,161
1,<environment.Job instance at 0x1468510d4e60>,2,3,[ 2 10],6,13,16,7,13
1,<environment.Job instance at 0x14684c98cd70>,8,13,[ 1 10],17,19,32,2,19
1,<environment.Job instance at 0x14684a87db90>,12,1,[1 8],23,32,33,9,24
1,<environment.Job instance at 0x1468480ff280>,10,13,[7 2],21,32,45,11,24
1,<environment.Job instance at 0x1468307e6140>,19,3,[1 5],33,34,37,1,34
1,<environment.Job instance at 0x14684a84f280>,22,12,[5 2],37,45,57,8,39
1,<environment.Job instance at 0x146851ae3c30>,21,2,[1 8],36,39,41,3,39
1,<environment.Job instance at 0x14683119e550>,25,2,[5 2],42,45,47,3,45
1,<environment.Job instance at 0x14684be6a690>,26,2,[10  1],43,57,59,14,46
1,<environment.Job instance at 0x1468308ade60>,33,14,[7 1],59,59,73,0,59
1,<environment.Job instance at 0x1468308ad0a0>,34,3,[6 2],60,73,76,13,60
1,<environment.Job instance at 0x1468308adeb0>,31,3,[1 9],54,61,64,7,61
1,<environment.Job instance at 0x1468534481e0>,37,3,[8 2],68,76,79,8,69
1,<environment.Job instance at 0x14684f1a9b40>,35,17,[6 2],65,79,96,14,69
1,<environment.Job instance at 0x14684b8b5460>,41,3,[1 6],72,76,79,4,76
1,<environment.Job instance at 0x14684b8b5230>,44,1,[1 9],78,96,97,18,80
1,<environment.Job instance at 0x14684bdda870>,45,3,[10  2],82,97,100,15,88
1,<environment.Job instance at 0x146851af4cd0>,46,17,[6 1],83,100,117,17,100
1,<environment.Job instance at 0x14684a085b40>,54,3,[1 5],100,101,104,1,101
1,<environment.Job instance at 0x146830a230a0>,55,1,[9 1],101,117,118,16,102
1,<environment.Job instance at 0x14684bef2500>,56,2,[1 7],103,105,107,2,105
1,<environment.Job instance at 0x146830804aa0>,60,2,[10  1],107,118,120,11,110
1,<environment.Job instance at 0x14685111fa50>,62,3,[2 9],110,111,114,1,111
1,<environment.Job instance at 0x14684c98da00>,66,3,[2 5],114,122,125,8,122
1,<environment.Job instance at 0x1468309730f0>,61,2,[8 1],108,124,126,16,124
1,<environment.Job instance at 0x146830795870>,71,2,[2 5],126,130,132,4,130
1,<environment.Job instance at 0x1468510821e0>,73,18,[7 2],129,130,148,1,130
1,<environment.Job instance at 0x146830795c30>,70,3,[2 5],124,141,144,17,141
1,<environment.Job instance at 0x146830795c30>,4,1,[2 5],5,6,7,1,6
1,<environment.Job instance at 0x146831062e10>,7,2,[7 1],8,13,15,5,13
1,<environment.Job instance at 0x14683105e4b0>,13,3,[2 9],16,16,19,0,16
1,<environment.Job instance at 0x14683105e730>,12,14,[8 2],15,20,34,5,20
1,<environment.Job instance at 0x14683105eaa0>,16,3,[9 1],21,34,37,13,22
1,<environment.Job instance at 0x14683105ed20>,17,3,[1 8],23,28,31,5,28
1,<environment.Job instance at 0x14683105ee60>,20,2,[1 8],29,31,33,2,29
1,<environment.Job instance at 0x146830d4f0a0>,22,17,[10  2],31,37,54,6,31
1,<environment.Job instance at 0x146830d4f870>,30,1,[1 5],42,54,55,12,43
1,<environment.Job instance at 0x146830d4f500>,27,2,[7 1],39,54,56,15,45
1,<environment.Job instance at 0x146830d67460>,36,3,[8 1],48,58,61,10,58
1,<environment.Job instance at 0x146830d4ff50>,34,2,[2 5],46,58,60,12,58
1,<environment.Job instance at 0x146830d67140>,39,1,[9 1],53,61,62,8,59
1,<environment.Job instance at 0x146830d67550>,40,3,[1 7],54,60,63,6,60
1,<environment.Job instance at 0x146830d67f00>,44,3,[9 2],59,62,65,3,60
1,<environment.Job instance at 0x146831034140>,47,1,[9 1],62,65,66,3,63
1,<environment.Job instance at 0x146831051d20>,50,3,[7 2],66,66,69,0,66
1,<environment.Job instance at 0x146831051af0>,49,1,[6 2],64,80,81,16,80
1,<environment.Job instance at 0x146831051500>,55,16,[ 1 10],73,87,103,14,87
1,<environment.Job instance at 0x146831051780>,56,20,[10  2],74,103,123,29,95
1,<environment.Job instance at 0x146830a33050>,65,13,[ 2 10],88,123,136,35,117
1,<environment.Job instance at 0x14685137f050>,70,2,[ 2 10],96,136,138,40,119
1,<environment.Job instance at 0x146830a30910>,73,14,[2 7],103,138,152,35,123
1,<environment.Job instance at 0x1468312080a0>,77,3,[2 9],107,152,155,45,129
1,<environment.Job instance at 0x146830a30780>,74,3,[7 1],104,138,141,34,133
1,<environment.Job instance at 0x14684be384b0>,86,2,[8 1],120,153,155,33,153
1,<environment.Job instance at 0x14684be388c0>,88,1,[8 1],124,155,156,31,153
1,<environment.Job instance at 0x146831039e10>,81,18,[8 1],112,157,175,45,157
1,<environment.Job instance at 0x14684be38460>,91,14,[1 9],128,169,183,41,169
1,<environment.Job instance at 0x146830976e10>,1,1,[2 7],3,5,6,2,5
1,<environment.Job instance at 0x146830d67dc0>,2,12,[5 2],4,5,17,1,5
1,<environment.Job instance at 0x146830d67c30>,3,16,[2 6],5,6,22,1,5
1,<environment.Job instance at 0x146830976140>,9,3,[ 2 10],19,22,25,3,21
1,<environment.Job instance at 0x146851a20f50>,12,3,[1 6],26,27,30,1,27
1,<environment.Job instance at 0x146851a20370>,14,1,[2 7],28,30,31,2,30
1,<environment.Job instance at 0x146851a20aa0>,17,1,[10  2],31,31,32,0,31
1,<environment.Job instance at 0x146851a20550>,15,2,[2 5],29,35,37,6,35
1,<environment.Job instance at 0x146851a20e10>,18,18,[1 8],33,37,55,4,36
1,<environment.Job instance at 0x146830975820>,23,16,[ 2 10],43,55,71,12,43
1,<environment.Job instance at 0x146830975730>,25,2,[2 6],45,71,73,26,47
1,<environment.Job instance at 0x1468519f4b40>,28,1,[2 6],50,73,74,23,50
1,<environment.Job instance at 0x1468519f4fa0>,30,1,[8 2],53,54,55,1,54
1,<environment.Job instance at 0x1468519f4910>,39,1,[1 5],65,74,75,9,67
1,<environment.Job instance at 0x1468309830f0>,41,17,[6 1],68,71,88,3,68
1,<environment.Job instance at 0x146830975460>,26,17,[2 7],48,75,92,27,72
1,<environment.Job instance at 0x14684bee9e60>,44,13,[6 2],71,88,101,17,73
1,<environment.Job instance at 0x14684bee9500>,46,2,[6 2],74,101,103,27,74
1,<environment.Job instance at 0x14684cc651e0>,52,1,[1 7],82,92,93,10,84
1,<environment.Job instance at 0x14684bee95f0>,45,2,[5 2],73,103,105,30,85
1,<environment.Job instance at 0x14684cc65140>,54,2,[ 1 10],86,105,107,19,86
1,<environment.Job instance at 0x14684cc65550>,56,15,[7 2],88,107,122,19,94
1,<environment.Job instance at 0x1468480b1d20>,61,14,[2 8],94,107,121,13,102
1,<environment.Job instance at 0x1468480b1820>,63,16,[5 1],98,122,138,24,112
1,<environment.Job instance at 0x14684cc7b870>,66,1,[10  2],101,138,139,37,113
1,<environment.Job instance at 0x14684cc7be10>,65,1,[1 9],100,122,123,22,116
1,<environment.Job instance at 0x14684cc7b3c0>,68,1,[6 2],105,139,140,34,116
1,<environment.Job instance at 0x14684cc7bd20>,73,2,[6 1],110,140,142,30,117
1,<environment.Job instance at 0x14685302d2d0>,76,1,[ 2 10],115,142,143,27,134
1,<environment.Job instance at 0x14684cc7bdc0>,69,15,[7 2],106,143,158,37,134
1,<environment.Job instance at 0x146830a5b640>,79,2,[6 2],121,158,160,37,143
1,<environment.Job instance at 0x146830a5b9b0>,78,16,[8 1],120,160,176,40,147
1,<environment.Job instance at 0x146831340eb0>,84,2,[5 2],129,176,178,47,154
1,<environment.Job instance at 0x1468539ffe60>,40,15,[10  1],66,179,194,113,179
1,<environment.Job instance at 0x146851067cd0>,1,3,[2 8],3,3,6,0,3
1,<environment.Job instance at 0x1468480d30f0>,5,1,[9 1],7,8,9,1,8
1,<environment.Job instance at 0x14684bf974b0>,6,12,[1 7],9,10,22,1,10
1,<environment.Job instance at 0x14684cc32fa0>,2,1,[2 5],4,22,23,18,10
1,<environment.Job instance at 0x14684d522140>,13,2,[6 2],17,17,19,0,17
1,<environment.Job instance at 0x14684bf97af0>,9,23,[2 9],12,23,46,11,17
1,<environment.Job instance at 0x14684bdd8500>,14,2,[10  2],19,46,48,27,19
1,<environment.Job instance at 0x14684cc65230>,16,3,[8 1],24,27,30,3,27
1,<environment.Job instance at 0x14684bdb88c0>,18,3,[8 2],28,48,51,20,28
1,<environment.Job instance at 0x14684bdb8af0>,20,3,[2 7],31,48,51,17,31
1,<environment.Job instance at 0x146830ad3b90>,25,2,[9 1],39,51,53,12,39
1,<environment.Job instance at 0x146830ad3460>,27,12,[7 1],41,53,65,12,41
1,<environment.Job instance at 0x1468307d5f50>,33,3,[2 9],48,53,56,5,51
1,<environment.Job instance at 0x146830dd64b0>,35,3,[1 8],54,60,63,6,60
1,<environment.Job instance at 0x1468539ffaf0>,36,1,[10  1],55,68,69,13,68
1,<environment.Job instance at 0x14684bee9550>,24,15,[2 8],38,73,88,35,73
1,<environment.Job instance at 0x146830806910>,39,1,[2 9],58,88,89,30,79
1,<environment.Job instance at 0x146831252640>,44,2,[6 2],69,82,84,13,82
1,<environment.Job instance at 0x146831252190>,46,26,[ 2 10],71,89,115,18,88
1,<environment.Job instance at 0x146831252dc0>,42,1,[1 6],66,115,116,49,88
1,<environment.Job instance at 0x14684a870820>,55,2,[5 2],87,115,117,28,108
1,<environment.Job instance at 0x1468309417d0>,56,19,[8 1],88,117,136,29,108
1,<environment.Job instance at 0x146831252b90>,45,3,[1 6],70,116,119,46,111
1,<environment.Job instance at 0x14684c910820>,62,1,[5 1],94,136,137,42,124
1,<environment.Job instance at 0x14684a086230>,63,2,[2 7],95,127,129,32,127
1,<environment.Job instance at 0x14684c910fa0>,61,15,[ 1 10],93,137,152,44,135
1,<environment.Job instance at 0x14684a086b40>,64,2,[9 1],96,152,154,56,136
1,<environment.Job instance at 0x14684a086c30>,65,1,[1 8],97,152,153,55,140
1,<environment.Job instance at 0x14684a086aa0>,67,1,[9 2],99,154,155,55,140
1,<environment.Job instance at 0x146830e78f50>,71,2,[2 9],106,155,157,49,154
1,<environment.Job instance at 0x146830e78aa0>,74,1,[1 6],109,160,161,51,160
1,<environment.Job instance at 0x14684a086190>,68,14,[2 7],100,183,197,83,183
1,<environment.Job instance at 0x146830e780f0>,75,17,[1 9],111,285,302,174,285
1,<environment.Job instance at 0x146830e78230>,79,2,[2 8],115,302,304,187,286
1,<environment.Job instance at 0x146830e789b0>,81,16,[5 1],118,303,319,185,303
1,<environment.Job instance at 0x146830df6280>,59,2,[1 8],91,310,312,219,310
1,<environment.Job instance at 0x1468510cef00>,84,2,[2 7],122,312,314,190,311
1,<environment.Job instance at 0x1468510ce320>,85,3,[2 9],124,314,317,190,311
1,<environment.Job instance at 0x1510ef491a00>,1,3,[1 9],2,2,5,0,2
1,<environment.Job instance at 0x1510e5ef3050>,4,2,[7 2],5,5,7,0,5
1,<environment.Job instance at 0x1510e5f49fa0>,3,1,[6 2],4,7,8,3,6
1,<environment.Job instance at 0x1510ef437870>,5,3,[9 2],6,8,11,2,8
1,<environment.Job instance at 0x1510ef433190>,8,13,[6 1],9,11,24,2,9
1,<environment.Job instance at 0x1510e5e78190>,11,3,[1 8],13,13,16,0,13
1,<environment.Job instance at 0x1510e5e33550>,10,13,[2 8],12,16,29,4,15
1,<environment.Job instance at 0x1510e5f3a550>,14,2,[ 1 10],18,29,31,11,22
1,<environment.Job instance at 0x1510e5f3a0f0>,16,1,[2 5],21,31,32,10,22
1,<environment.Job instance at 0x1510e5e175f0>,13,2,[8 1],17,24,26,7,22
1,<environment.Job instance at 0x1510e5e36050>,17,17,[6 1],23,31,48,8,30
1,<environment.Job instance at 0x1510e59d5140>,27,2,[2 7],36,36,38,0,36
1,<environment.Job instance at 0x1510e59d1d20>,28,2,[2 7],37,38,40,1,37
1,<environment.Job instance at 0x1510e59d1e60>,30,15,[2 9],40,41,56,1,41
1,<environment.Job instance at 0x1510e59d5dc0>,24,12,[ 1 10],32,56,68,24,50
1,<environment.Job instance at 0x1510e59ea9b0>,43,3,[7 2],57,68,71,11,57
1,<environment.Job instance at 0x1510e59d0730>,38,1,[8 1],51,71,72,20,59
1,<environment.Job instance at 0x1510e5ecc8c0>,45,3,[2 8],60,68,71,8,60
1,<environment.Job instance at 0x1510e59e6230>,46,2,[2 8],61,71,73,10,64
1,<environment.Job instance at 0x1510e5a007d0>,49,16,[8 2],66,72,88,6,66
1,<environment.Job instance at 0x1510e5eb65a0>,52,2,[1 7],72,73,75,1,73
1,<environment.Job instance at 0x1510e59de4b0>,53,3,[6 1],73,88,91,15,74
1,<environment.Job instance at 0x1510e5ed5aa0>,54,2,[2 5],75,76,78,1,76
1,<environment.Job instance at 0x1510e5e5aeb0>,57,22,[1 5],80,80,102,0,80
1,<environment.Job instance at 0x1510e5eb31e0>,62,3,[9 2],88,91,94,3,88
1,<environment.Job instance at 0x1510e5eab5a0>,66,3,[1 9],93,102,105,9,93
1,<environment.Job instance at 0x1510e5e608c0>,55,16,[2 5],76,105,121,29,96
1,<environment.Job instance at 0x1510e5eab4b0>,68,3,[1 9],95,121,124,26,102
1,<environment.Job instance at 0x1510e5e40500>,72,13,[7 2],102,105,118,3,102
1,<environment.Job instance at 0x1510e616fb40>,77,2,[ 1 10],109,124,126,15,109
1,<environment.Job instance at 0x1510e6167be0>,75,1,[1 6],107,126,127,19,109
1,<environment.Job instance at 0x1510e5f53fa0>,74,3,[6 2],106,118,121,12,111
1,<environment.Job instance at 0x1510e6172d70>,80,14,[7 1],112,126,140,14,112
1,<environment.Job instance at 0x1510e81d3f50>,78,3,[2 9],110,127,130,17,112
1,<environment.Job instance at 0x1510e6191a00>,85,1,[7 2],120,140,141,20,122
1,<environment.Job instance at 0x1510e61919b0>,87,2,[2 6],122,130,132,8,122
1,<environment.Job instance at 0x1510e618e870>,95,3,[2 8],132,135,138,3,135
1,<environment.Job instance at 0x1510e61935a0>,100,17,[1 9],139,141,158,2,139
1,<environment.Job instance at 0x1510e618e050>,92,15,[7 1],129,150,165,21,150
1,<environment.Job instance at 0x1510e5f534b0>,3,1,[8 2],4,7,8,3,7
1,<environment.Job instance at 0x1510e5f53d70>,8,3,[ 2 10],12,12,15,0,12
1,<environment.Job instance at 0x1510e5f537d0>,5,18,[1 8],6,15,33,9,12
1,<environment.Job instance at 0x1510e5f53280>,9,3,[2 5],13,33,36,20,13
1,<environment.Job instance at 0x1510e6195c80>,16,3,[9 1],23,24,27,1,24
1,<environment.Job instance at 0x1510e6195b40>,18,1,[1 8],26,36,37,10,27
1,<environment.Job instance at 0x1510e6195b90>,20,3,[7 2],28,28,31,0,28
1,<environment.Job instance at 0x1510e6195410>,21,2,[1 8],29,37,39,8,29
1,<environment.Job instance at 0x1510e5eec6e0>,22,3,[1 7],31,39,42,8,32
1,<environment.Job instance at 0x1510e5eec500>,28,28,[2 8],39,47,75,8,47
1,<environment.Job instance at 0x1510e5eecc80>,26,2,[7 2],35,59,61,24,59
1,<environment.Job instance at 0x1510e5f25e60>,38,17,[ 2 10],56,75,92,19,64
1,<environment.Job instance at 0x1510e5f25dc0>,42,2,[ 1 10],61,92,94,31,65
1,<environment.Job instance at 0x1510e5f34c30>,47,3,[ 2 10],67,94,97,27,79
1,<environment.Job instance at 0x1510e5f34230>,48,14,[10  1],69,97,111,28,88
1,<environment.Job instance at 0x1510e5f343c0>,50,2,[8 2],71,111,113,40,88
1,<environment.Job instance at 0x1510e5f34140>,53,3,[6 1],74,113,116,39,89
1,<environment.Job instance at 0x1510e5f34320>,54,2,[10  1],75,116,118,41,89
1,<environment.Job instance at 0x1510e5f34870>,56,18,[8 1],78,118,136,40,109
1,<environment.Job instance at 0x1510e5f34fa0>,58,17,[1 6],81,118,135,37,110
1,<environment.Job instance at 0x1510e5f347d0>,60,1,[2 6],83,111,112,28,110
1,<environment.Job instance at 0x1510e5f34dc0>,61,16,[9 1],86,136,152,50,124
1,<environment.Job instance at 0x1510e5ee6280>,63,1,[9 1],91,152,153,61,124
1,<environment.Job instance at 0x1510e5ee6eb0>,67,2,[8 1],96,153,155,57,127
1,<environment.Job instance at 0x1510e5ee6f50>,72,3,[2 8],105,153,156,48,130
1,<environment.Job instance at 0x1510e5ee6fa0>,73,1,[2 6],106,135,136,29,130
1,<environment.Job instance at 0x1510e5ee6af0>,75,18,[7 2],109,155,173,46,144
1,<environment.Job instance at 0x1510e5f2e230>,78,2,[7 2],117,173,175,56,150
1,<environment.Job instance at 0x1510e5f2e460>,79,2,[2 5],118,156,158,38,150
1,<environment.Job instance at 0x1510e5f2e0f0>,80,14,[2 8],119,158,172,39,153
1,<environment.Job instance at 0x1510e5f2e5f0>,82,1,[7 2],123,175,176,52,153
1,<environment.Job instance at 0x1510e5f2e870>,83,2,[5 2],124,176,178,52,153
1,<environment.Job instance at 0x1510e5f25be0>,39,19,[ 1 10],58,193,212,135,193
1,<environment.Job instance at 0x1510e5e18a50>,86,15,[2 8],128,212,227,84,201
1,<environment.Job instance at 0x1510e5e2aeb0>,90,1,[1 5],133,441,442,308,441
1,<environment.Job instance at 0x1510e59d2c80>,94,3,[1 5],139,466,469,327,466
1,<environment.Job instance at 0x1510e5e699b0>,0,1,[2 8],1,3,4,2,3
1,<environment.Job instance at 0x1510e7689370>,1,1,[7 1],2,4,5,2,4
1,<environment.Job instance at 0x1510e5e695f0>,2,18,[5 2],3,5,23,2,4
1,<environment.Job instance at 0x1510e59eb4b0>,4,3,[1 7],6,7,10,1,7
1,<environment.Job instance at 0x1510d4465640>,7,1,[1 8],9,10,11,1,9
1,<environment.Job instance at 0x1510d4465b40>,8,3,[1 7],10,15,18,5,15
1,<environment.Job instance at 0x1510d4465fa0>,12,1,[1 6],17,18,19,1,17
1,<environment.Job instance at 0x1510d4465e60>,13,12,[7 1],18,23,35,5,22
1,<environment.Job instance at 0x1510d43e6a00>,19,12,[7 2],27,35,47,8,27
1,<environment.Job instance at 0x1510d43e6af0>,21,3,[ 2 10],31,47,50,16,36
1,<environment.Job instance at 0x1510d43e84b0>,28,21,[7 2],40,50,71,10,42
1,<environment.Job instance at 0x1510d43e8730>,32,3,[5 1],44,71,74,27,45
1,<environment.Job instance at 0x1510d43e8b90>,36,2,[10  1],53,74,76,21,57
1,<environment.Job instance at 0x1510d43eb370>,42,16,[7 2],64,76,92,12,65
1,<environment.Job instance at 0x1510d43eb5a0>,41,3,[5 2],63,71,74,8,65
1,<environment.Job instance at 0x1510d43ebbe0>,48,3,[5 2],74,92,95,18,76
1,<environment.Job instance at 0x1510d43ebcd0>,49,2,[ 2 10],75,95,97,20,79
1,<environment.Job instance at 0x1510d43ee0f0>,54,3,[2 7],83,106,109,23,106
1,<environment.Job instance at 0x1510d43ee640>,58,2,[1 6],92,109,111,17,109
1,<environment.Job instance at 0x1510d43eba50>,47,12,[2 9],73,115,127,42,115
1,<environment.Job instance at 0x1510d43ee7d0>,61,1,[9 2],95,127,128,32,117
1,<environment.Job instance at 0x1510d43ee690>,60,3,[1 8],94,132,135,38,132
1,<environment.Job instance at 0x1510d43ee8c0>,63,2,[1 6],98,154,156,56,154
1,<environment.Job instance at 0x1510d43ee960>,62,18,[ 1 10],96,165,183,69,165
1,<environment.Job instance at 0x1510d43ef050>,72,3,[10  2],110,193,196,83,193
1,<environment.Job instance at 0x1510d43ef5a0>,76,16,[1 5],118,196,212,78,195
1,<environment.Job instance at 0x1510d43ef820>,77,3,[5 1],120,196,199,76,195
1,<environment.Job instance at 0x1510d43eefa0>,71,2,[ 1 10],109,212,214,103,195
1,<environment.Job instance at 0x1510d43ef140>,74,3,[9 1],114,199,202,85,195
1,<environment.Job instance at 0x1510d43ef960>,81,2,[10  2],125,214,216,89,196
1,<environment.Job instance at 0x1510d43efa00>,82,2,[6 1],126,202,204,76,197
1,<environment.Job instance at 0x1510d43efc80>,85,2,[5 2],132,204,206,72,198
1,<environment.Job instance at 0x1510d43ef870>,87,2,[9 2],135,206,208,71,198
1,<environment.Job instance at 0x1510e5e30d70>,88,1,[7 2],136,208,209,72,199
1,<environment.Job instance at 0x1510d445dc30>,90,14,[1 6],139,216,230,77,201
1,<environment.Job instance at 0x1510d44872d0>,1,26,[9 1],4,4,30,0,4
1,<environment.Job instance at 0x1510e40e0aa0>,10,15,[2 8],18,30,45,12,18
1,<environment.Job instance at 0x1510d4b6c370>,16,3,[2 9],27,45,48,18,27
1,<environment.Job instance at 0x1510d4b6cc80>,15,2,[8 1],26,30,32,4,27
1,<environment.Job instance at 0x1510d4aaa230>,20,3,[2 8],32,48,51,16,32
1,<environment.Job instance at 0x1510e40cbcd0>,18,3,[1 5],30,51,54,21,35
1,<environment.Job instance at 0x1510e4157be0>,27,2,[1 7],42,54,56,12,42
1,<environment.Job instance at 0x1510e4131aa0>,29,3,[1 9],44,56,59,12,44
1,<environment.Job instance at 0x1510e413a960>,22,16,[2 6],36,59,75,23,49
1,<environment.Job instance at 0x1510e82fe280>,33,1,[2 8],50,75,76,25,53
1,<environment.Job instance at 0x1510e82fea50>,36,2,[6 1],54,55,57,1,55
1,<environment.Job instance at 0x1510e82f4e60>,37,3,[10  1],56,76,79,20,56
1,<environment.Job instance at 0x1510e82f47d0>,40,2,[1 7],61,79,81,18,61
1,<environment.Job instance at 0x1510ec95df00>,43,3,[1 6],64,81,84,17,66
1,<environment.Job instance at 0x1510e41ac780>,47,15,[7 2],68,83,98,15,83
1,<environment.Job instance at 0x1510e40d6cd0>,46,17,[2 9],67,98,115,31,92
1,<environment.Job instance at 0x1510e41acf00>,51,3,[2 8],72,95,98,23,95
1,<environment.Job instance at 0x1510e41ac6e0>,54,1,[6 2],78,115,116,37,97
1,<environment.Job instance at 0x1510e41ac5a0>,56,1,[6 2],81,116,117,35,98
1,<environment.Job instance at 0x1510e41acb90>,60,2,[2 7],86,115,117,29,98
1,<environment.Job instance at 0x1510e41ab820>,67,1,[7 1],96,98,99,2,98
1,<environment.Job instance at 0x1510e41abe60>,69,1,[7 2],98,117,118,19,98
1,<environment.Job instance at 0x1510d4b9e780>,72,15,[1 8],102,117,132,15,103
1,<environment.Job instance at 0x1510d4b47e60>,77,1,[6 2],109,118,119,9,112
1,<environment.Job instance at 0x1510d4b271e0>,86,1,[2 8],120,132,133,12,120
1,<environment.Job instance at 0x1510d4b43690>,88,3,[1 7],123,133,136,10,123
1,<environment.Job instance at 0x1510d4b43d20>,89,17,[2 7],124,136,153,12,125
1,<environment.Job instance at 0x1510d4bd9a00>,101,2,[1 6],137,153,155,16,139
1,<environment.Job instance at 0x1510d4bd9870>,102,15,[2 6],139,155,170,16,141
1,<environment.Job instance at 0x1510d4bd9b40>,100,16,[ 2 10],135,209,225,74,209
1,<environment.Job instance at 0x1510d4a665a0>,1,2,[1 8],2,5,7,3,5
1,<environment.Job instance at 0x1510d4a66af0>,4,14,[2 8],5,7,21,2,6
1,<environment.Job instance at 0x1510d4abccd0>,13,3,[1 9],18,21,24,3,19
1,<environment.Job instance at 0x1510d4abcb40>,7,13,[10  1],8,24,37,16,19
1,<environment.Job instance at 0x1510d4adb230>,15,3,[2 9],20,37,40,17,20
1,<environment.Job instance at 0x1510d4adb0a0>,17,12,[7 1],24,37,49,13,25
1,<environment.Job instance at 0x1510d4adbc30>,19,3,[6 1],29,49,52,20,34
1,<environment.Job instance at 0x1510d4adbf50>,23,1,[7 1],36,52,53,16,36
1,<environment.Job instance at 0x1510d4ac0cd0>,25,14,[2 5],38,40,54,2,38
1,<environment.Job instance at 0x1510d4ac06e0>,26,3,[5 2],40,53,56,13,40
1,<environment.Job instance at 0x1510d4ac0640>,27,12,[1 5],41,54,66,13,41
1,<environment.Job instance at 0x1510d4ac01e0>,29,3,[8 1],43,56,59,13,43
1,<environment.Job instance at 0x1510d4ac0be0>,32,16,[1 5],51,59,75,8,51
1,<environment.Job instance at 0x1510d4a436e0>,33,1,[1 9],52,75,76,23,52
1,<environment.Job instance at 0x1510d4a43b90>,34,3,[2 9],54,76,79,22,55
1,<environment.Job instance at 0x1510d4a430a0>,35,1,[10  2],55,79,80,24,55
1,<environment.Job instance at 0x1510d4a43640>,36,1,[5 2],56,66,67,10,56
1,<environment.Job instance at 0x1510d4a43b40>,41,2,[1 6],67,80,82,13,71
1,<environment.Job instance at 0x1510d4a43a00>,42,3,[1 9],68,82,85,14,71
1,<environment.Job instance at 0x1510d4a43eb0>,43,16,[2 7],71,85,101,14,76
1,<environment.Job instance at 0x1510d4a43780>,44,1,[6 2],72,80,81,8,76
1,<environment.Job instance at 0x1510d4a43f00>,38,2,[ 1 10],60,101,103,41,77
1,<environment.Job instance at 0x1510d4b25050>,48,2,[7 2],80,85,87,5,80
1,<environment.Job instance at 0x1510d4b25910>,50,3,[9 1],82,103,106,21,83
1,<environment.Job instance at 0x1510e40b6500>,55,17,[2 8],87,106,123,19,100
1,<environment.Job instance at 0x1510e40b6a50>,59,2,[5 1],93,106,108,13,102
1,<environment.Job instance at 0x1510e40b6960>,62,2,[2 9],97,123,125,26,120
1,<environment.Job instance at 0x1510d4aaa960>,63,15,[2 8],102,125,140,23,124
1,<environment.Job instance at 0x1510d4aaafa0>,64,1,[5 1],103,124,125,21,124
1,<environment.Job instance at 0x1510d4aaaaf0>,65,13,[10  1],105,140,153,35,129
1,<environment.Job instance at 0x1510d4aaaeb0>,70,2,[8 2],115,153,155,38,140
1,<environment.Job instance at 0x1510d4b25eb0>,51,14,[2 8],83,153,167,70,152
1,<environment.Job instance at 0x1510d4aaa640>,72,3,[6 2],117,155,158,38,155
1,<environment.Job instance at 0x1510d4aaa820>,73,1,[8 1],119,165,166,46,165
1,<environment.Job instance at 0x1510d49fa050>,74,3,[1 9],121,168,171,47,168
1,<environment.Job instance at 0x1510d4a43140>,40,3,[10  2],63,176,179,113,176
1,<environment.Job instance at 0x1510d4a6acd0>,87,15,[6 1],139,180,195,41,180
1,<environment.Job instance at 0x1510e82fb320>,0,1,[6 2],1,1,2,0,1
1,<environment.Job instance at 0x1510d4279460>,1,17,[9 2],3,4,21,1,4
1,<environment.Job instance at 0x1510d45a6e60>,8,2,[2 8],10,21,23,11,12
1,<environment.Job instance at 0x1510d45a6cd0>,10,1,[6 2],16,21,22,5,17
1,<environment.Job instance at 0x1510d45a9960>,12,3,[7 1],18,22,25,4,18
1,<environment.Job instance at 0x1510d45a9320>,14,14,[1 5],21,23,37,2,21
1,<environment.Job instance at 0x1510d45a9a50>,17,17,[2 8],26,37,54,11,26
1,<environment.Job instance at 0x1510d45b6140>,18,25,[8 1],29,30,55,1,30
1,<environment.Job instance at 0x1510d45b60a0>,22,3,[1 7],34,54,57,20,34
1,<environment.Job instance at 0x1510d45b6dc0>,27,3,[1 5],40,57,60,17,46
1,<environment.Job instance at 0x1510d45bef50>,30,13,[1 9],44,60,73,16,49
1,<environment.Job instance at 0x1510d45bed20>,33,1,[ 1 10],49,73,74,24,58
1,<environment.Job instance at 0x1510d45be460>,35,17,[2 9],51,74,91,23,65
1,<environment.Job instance at 0x1510d45be550>,36,3,[6 2],52,91,94,39,65
1,<environment.Job instance at 0x1510d45bed70>,39,1,[6 1],56,66,67,10,66
1,<environment.Job instance at 0x1510d45ad820>,41,3,[2 7],59,91,94,32,71
1,<environment.Job instance at 0x1510d45ad690>,46,2,[2 7],64,94,96,30,72
1,<environment.Job instance at 0x1510d45ad4b0>,47,16,[ 2 10],65,96,112,31,84
1,<environment.Job instance at 0x1510d45be370>,29,3,[9 2],43,112,115,69,86
1,<environment.Job instance at 0x1510d45addc0>,51,2,[7 2],70,94,96,24,88
1,<environment.Job instance at 0x1510d45b1780>,52,3,[5 2],72,115,118,43,91
1,<environment.Job instance at 0x1510d45befa0>,38,17,[5 2],54,115,132,61,103
1,<environment.Job instance at 0x1510d45b1e10>,61,21,[ 2 10],84,132,153,48,125
1,<environment.Job instance at 0x1510d45adfa0>,50,2,[1 9],69,153,155,84,139
1,<environment.Job instance at 0x1510d45baf00>,70,14,[2 6],95,155,169,60,140
1,<environment.Job instance at 0x1510d45c18c0>,73,2,[10  2],98,169,171,71,158
1,<environment.Job instance at 0x1510d45c1550>,74,15,[9 2],100,171,186,71,159
1,<environment.Job instance at 0x1510d45c1aa0>,77,1,[1 7],103,171,172,68,160
1,<environment.Job instance at 0x1510d45ba690>,67,2,[2 9],91,186,188,95,161
1,<environment.Job instance at 0x1510d45c50a0>,86,2,[9 2],116,188,190,72,162
1,<environment.Job instance at 0x1510d45c56e0>,91,1,[8 2],123,190,191,67,170
1,<environment.Job instance at 0x1510d45c7f50>,92,17,[7 1],124,191,208,67,179
1,<environment.Job instance at 0x1510e78bc6e0>,94,13,[2 8],126,190,203,64,180
1,<environment.Job instance at 0x1510e76c5870>,97,1,[5 2],129,208,209,79,182
1,<environment.Job instance at 0x1510d47bea00>,101,13,[2 9],133,209,222,76,193
1,<environment.Job instance at 0x1510d45c7aa0>,93,17,[2 7],125,229,246,104,229
1,<environment.Job instance at 0x1510e81f23c0>,1,2,[7 2],2,3,5,1,3
1,<environment.Job instance at 0x1510ef2a8500>,5,3,[2 7],6,6,9,0,6
1,<environment.Job instance at 0x1510ef2a8d70>,7,17,[1 8],8,10,27,2,10
1,<environment.Job instance at 0x1510ef2a8780>,8,3,[5 2],9,10,13,1,10
1,<environment.Job instance at 0x1510ed2f45f0>,12,13,[7 2],14,15,28,1,15
1,<environment.Job instance at 0x1510ed2f4190>,14,15,[ 2 10],16,28,43,12,16
1,<environment.Job instance at 0x1510d485e280>,16,3,[2 5],19,43,46,24,20
1,<environment.Job instance at 0x1510d485e690>,18,3,[7 2],21,43,46,22,21
1,<environment.Job instance at 0x1510d485e870>,19,2,[2 9],22,46,48,24,22
1,<environment.Job instance at 0x1510d485e0f0>,20,2,[2 7],23,48,50,25,23
1,<environment.Job instance at 0x1510d411fa50>,30,1,[8 1],37,46,47,9,40
1,<environment.Job instance at 0x1510d40f0500>,13,22,[8 1],15,56,78,41,56
1,<environment.Job instance at 0x1510d44bd3c0>,38,2,[6 1],49,78,80,29,64
1,<environment.Job instance at 0x1510d44bd780>,34,3,[1 8],43,66,69,23,66
1,<environment.Job instance at 0x1510e8524af0>,35,1,[ 2 10],44,80,81,36,74
1,<environment.Job instance at 0x1510d4252870>,47,14,[1 6],63,85,99,22,85
1,<environment.Job instance at 0x1510d4181eb0>,49,1,[2 9],66,99,100,33,87
1,<environment.Job instance at 0x1510d4086140>,53,2,[2 7],73,100,102,27,89
1,<environment.Job instance at 0x1510d4168820>,55,25,[6 1],75,90,115,15,90
1,<environment.Job instance at 0x1510d4680d20>,60,3,[9 2],83,115,118,32,104
1,<environment.Job instance at 0x1510d4676e60>,65,1,[10  1],91,118,119,27,109
1,<environment.Job instance at 0x1510d4676c30>,68,3,[6 2],96,119,122,23,113
1,<environment.Job instance at 0x1510d46a3780>,70,15,[2 5],99,130,145,31,130
1,<environment.Job instance at 0x1510d467c5a0>,81,3,[10  1],112,145,148,33,141
1,<environment.Job instance at 0x1510d467c550>,83,2,[8 2],120,148,150,28,145
1,<environment.Job instance at 0x1510d467c960>,85,3,[1 9],122,154,157,32,154
1,<environment.Job instance at 0x1510d467cbe0>,84,17,[1 6],121,180,197,59,180
1,<environment.Job instance at 0x1510d467c500>,86,13,[2 9],126,197,210,71,184
1,<environment.Job instance at 0x1510e41907d0>,91,2,[8 2],132,188,190,56,188
1,<environment.Job instance at 0x1510e4190a00>,90,2,[2 9],131,210,212,79,196
1,<environment.Job instance at 0x1510d40ec1e0>,0,1,[7 2],2,4,5,2,4
1,<environment.Job instance at 0x1510d40ec6e0>,3,2,[6 2],6,8,10,2,8
1,<environment.Job instance at 0x1510d40ec7d0>,6,14,[ 2 10],9,11,25,2,11
1,<environment.Job instance at 0x1510e8536d70>,10,1,[6 1],13,25,26,12,13
1,<environment.Job instance at 0x1510e8536870>,12,16,[7 1],15,26,42,11,15
1,<environment.Job instance at 0x1510e8536a00>,15,2,[1 7],18,25,27,7,18
1,<environment.Job instance at 0x1510e8536f00>,17,16,[2 9],22,27,43,5,23
1,<environment.Job instance at 0x1510e8536d20>,18,23,[2 6],24,43,66,19,38
1,<environment.Job instance at 0x1510d40eefa0>,23,2,[7 2],31,43,45,12,38
1,<environment.Job instance at 0x1510d40ee3c0>,24,3,[6 1],33,45,48,12,39
1,<environment.Job instance at 0x1510d40eea00>,26,1,[9 1],35,66,67,31,39
1,<environment.Job instance at 0x1510d40ee960>,27,3,[5 1],36,48,51,12,39
1,<environment.Job instance at 0x1510e81bce10>,34,2,[1 8],49,66,68,17,50
1,<environment.Job instance at 0x1510e81bc2d0>,33,13,[2 5],48,68,81,20,54
1,<environment.Job instance at 0x1510d40ee500>,22,1,[8 2],29,57,58,28,57
1,<environment.Job instance at 0x1510d40ee6e0>,20,14,[ 1 10],27,156,170,129,156
1,<environment.Job instance at 0x1510d4ab7910>,45,2,[5 2],73,175,177,102,175
1,<environment.Job instance at 0x1510d4aa9cd0>,49,1,[6 2],78,184,185,106,184
1,<environment.Job instance at 0x1510d4aa9f00>,51,16,[2 9],80,192,208,112,192
1,<environment.Job instance at 0x1510e5e7e870>,55,3,[8 2],85,208,211,123,195
1,<environment.Job instance at 0x1510ed40c500>,57,2,[1 6],87,208,210,121,204
1,<environment.Job instance at 0x1510d4aa9230>,54,3,[2 8],83,210,213,127,207
1,<environment.Job instance at 0x1510d43ac410>,59,1,[2 7],90,235,236,145,235
1,<environment.Job instance at 0x1510d4175c30>,61,13,[7 1],92,294,307,202,294
1,<environment.Job instance at 0x1510d44b4a00>,69,1,[7 1],104,307,308,203,294
1,<environment.Job instance at 0x1510d4138550>,73,2,[ 1 10],108,310,312,202,310
1,<environment.Job instance at 0x1510d408a1e0>,88,14,[2 6],133,327,341,194,327
1,<environment.Job instance at 0x1510d408a370>,89,1,[ 2 10],134,341,342,207,327
1,<environment.Job instance at 0x1510d408af50>,85,2,[7 1],128,328,330,200,328
1,<environment.Job instance at 0x1510d408a230>,91,1,[1 7],138,342,343,204,331
1,<environment.Job instance at 0x1510d43d0d70>,0,12,[2 8],1,1,13,0,1
1,<environment.Job instance at 0x1510d4ab7b40>,1,27,[5 2],2,3,30,1,3
1,<environment.Job instance at 0x1510d43d0910>,5,12,[2 8],8,13,25,5,8
1,<environment.Job instance at 0x1510d43d0fa0>,4,1,[ 2 10],5,30,31,25,12
1,<environment.Job instance at 0x1510d43d06e0>,6,3,[ 1 10],11,31,34,20,13
1,<environment.Job instance at 0x1510d43d0460>,9,2,[8 1],15,34,36,19,15
1,<environment.Job instance at 0x1510d43d0410>,11,1,[7 1],17,36,37,19,17
1,<environment.Job instance at 0x1510d43d04b0>,13,3,[1 5],20,25,28,5,20
1,<environment.Job instance at 0x1510d43d0230>,10,13,[8 2],16,37,50,21,24
1,<environment.Job instance at 0x1510d43bf320>,17,2,[7 1],26,50,52,24,28
1,<environment.Job instance at 0x1510d43bf9b0>,21,16,[1 6],32,39,55,7,39
1,<environment.Job instance at 0x1510d485eeb0>,28,2,[1 8],41,55,57,14,48
1,<environment.Job instance at 0x1510d43bfb40>,24,2,[ 2 10],36,57,59,21,50
1,<environment.Job instance at 0x1510d408b910>,35,3,[ 2 10],51,70,73,19,70
1,<environment.Job instance at 0x1510d408b640>,34,16,[9 2],50,86,102,36,86
1,<environment.Job instance at 0x1510d485ef50>,31,3,[9 1],46,102,105,56,88
1,<environment.Job instance at 0x1510eeae30f0>,40,1,[8 1],58,105,106,47,105
1,<environment.Job instance at 0x1510ed2f4190>,44,14,[ 1 10],64,107,121,43,107
1,<environment.Job instance at 0x1510ed2f45f0>,45,1,[7 2],65,121,122,56,107
1,<environment.Job instance at 0x1510ed2f4050>,47,3,[2 5],68,121,124,53,107
1,<environment.Job instance at 0x1510eeae3230>,43,3,[1 9],62,124,127,62,107
1,<environment.Job instance at 0x1510ed2f4370>,42,1,[2 9],61,127,128,66,109
1,<environment.Job instance at 0x1510ed3fd820>,51,1,[1 6],72,128,129,56,120
1,<environment.Job instance at 0x1510ed3fda50>,57,26,[8 1],78,122,148,44,120
1,<environment.Job instance at 0x1510ed3fdfa0>,49,18,[2 9],70,129,147,59,120
1,<environment.Job instance at 0x1510ed3fd870>,59,2,[8 1],80,148,150,68,121
1,<environment.Job instance at 0x1510ed3fd5a0>,66,3,[7 2],88,150,153,62,134
1,<environment.Job instance at 0x1510ed3fd780>,68,1,[1 8],92,151,152,59,151
1,<environment.Job instance at 0x1510ed3fd3c0>,63,16,[5 2],84,154,170,70,154
1,<environment.Job instance at 0x1510ed3fd500>,67,17,[ 2 10],89,173,190,84,173
1,<environment.Job instance at 0x1510e78ef2d0>,73,3,[7 1],100,190,193,90,174
1,<environment.Job instance at 0x1510e78ef4b0>,75,15,[6 2],102,210,225,108,210
1,<environment.Job instance at 0x1510e78ef0f0>,79,16,[2 7],107,214,230,107,214
1,<environment.Job instance at 0x1510eaabf550>,80,2,[1 8],109,230,232,121,214
1,<environment.Job instance at 0x1510e59b0960>,82,1,[1 5],111,232,233,121,214
1,<environment.Job instance at 0x1510e78ef3c0>,74,1,[6 1],101,225,226,124,218
1,<environment.Job instance at 0x1510e41a45a0>,88,1,[2 7],118,233,234,115,230
1,<environment.Job instance at 0x1510e59b0320>,86,2,[2 6],116,234,236,118,234
1,<environment.Job instance at 0x1510e78f3640>,91,2,[5 1],122,234,236,112,234
1,<environment.Job instance at 0x1510e41a43c0>,90,17,[5 2],120,236,253,116,234
1,<environment.Job instance at 0x1510eaabf9b0>,81,2,[1 5],110,248,250,138,248
1,<environment.Job instance at 0x1510e85c5b40>,97,12,[2 9],129,296,308,167,296
1,<environment.Job instance at 0x1510e78345a0>,102,16,[8 2],135,308,324,173,303
1,<environment.Job instance at 0x1510d4689460>,103,3,[1 5],138,320,323,182,320
1,<environment.Job instance at 0x1510e78f3960>,96,18,[10  2],128,324,342,196,323
1,<environment.Job instance at 0x1510d4676230>,1,1,[1 6],2,2,3,0,2
1,<environment.Job instance at 0x1510d482e6e0>,7,3,[1 9],8,10,13,2,10
1,<environment.Job instance at 0x1510d4439aa0>,10,2,[7 1],16,16,18,0,16
1,<environment.Job instance at 0x1510d482ea50>,9,15,[6 1],15,18,33,3,18
1,<environment.Job instance at 0x1510d44399b0>,15,16,[2 5],21,22,38,1,22
1,<environment.Job instance at 0x1510d44397d0>,16,1,[5 1],22,33,34,11,25
1,<environment.Job instance at 0x1510e781e7d0>,17,12,[ 1 10],23,38,50,15,26
1,<environment.Job instance at 0x1510e781ef50>,20,3,[5 2],28,34,37,6,32
1,<environment.Job instance at 0x1510e7891870>,26,13,[7 2],40,50,63,10,44
1,<environment.Job instance at 0x1510e7891d20>,33,26,[2 5],49,50,76,1,50
1,<environment.Job instance at 0x1510e7891640>,34,3,[1 9],51,76,79,25,51
1,<environment.Job instance at 0x1510e7891f50>,32,1,[ 1 10],48,79,80,31,52
1,<environment.Job instance at 0x1510e7813320>,42,1,[2 8],64,80,81,16,67
1,<environment.Job instance at 0x1510e7813910>,39,2,[2 6],60,81,83,21,67
1,<environment.Job instance at 0x1510e7813e60>,44,3,[10  1],68,83,86,15,68
1,<environment.Job instance at 0x1510e7813f50>,46,3,[7 2],71,73,76,2,73
1,<environment.Job instance at 0x1510e7813fa0>,43,18,[1 7],66,148,166,82,148
1,<environment.Job instance at 0x1510e7813d20>,50,3,[6 2],76,154,157,78,154
1,<environment.Job instance at 0x1510ed356af0>,53,1,[1 5],80,166,167,86,157
1,<environment.Job instance at 0x1510ed356230>,54,2,[2 8],81,174,176,93,174
1,<environment.Job instance at 0x1510ed356050>,61,3,[2 7],92,192,195,100,192
1,<environment.Job instance at 0x1510ed356410>,59,2,[2 6],90,200,202,110,200
1,<environment.Job instance at 0x1510d4390550>,70,3,[2 7],104,217,220,113,217
1,<environment.Job instance at 0x1510ed362be0>,74,3,[2 6],109,235,238,126,235
1,<environment.Job instance at 0x1510ed362cd0>,75,2,[8 1],110,236,238,126,236
1,<environment.Job instance at 0x1510ed362140>,77,1,[9 1],112,255,256,143,255
1,<environment.Job instance at 0x1510ed362500>,79,3,[10  2],117,256,259,139,255
1,<environment.Job instance at 0x1510ed362af0>,80,1,[2 7],118,261,262,143,261
1,<environment.Job instance at 0x1510ed367b40>,91,2,[2 6],131,324,326,193,324
1,<environment.Job instance at 0x1510f64b87d0>,83,3,[9 1],122,331,334,209,331
1,<environment.Job instance at 0x1510ed367f50>,96,1,[5 1],137,336,337,199,336
1,<environment.Job instance at 0x1510e4032230>,1,1,[ 1 10],5,5,6,0,5
1,<environment.Job instance at 0x1510e40324b0>,3,2,[9 2],8,8,10,0,8
1,<environment.Job instance at 0x1510d419b820>,4,3,[2 7],9,10,13,1,10
1,<environment.Job instance at 0x1510d419b730>,8,14,[2 5],17,18,32,1,18
1,<environment.Job instance at 0x1510d43f1730>,10,2,[6 1],23,31,33,8,31
1,<environment.Job instance at 0x1510d43f1780>,14,13,[2 9],27,34,47,7,34
1,<environment.Job instance at 0x1510d4249d20>,22,3,[8 1],37,38,41,1,38
1,<environment.Job instance at 0x1510d4249780>,23,2,[6 2],38,47,49,9,41
1,<environment.Job instance at 0x1510d440b410>,24,3,[9 2],39,49,52,10,43
1,<environment.Job instance at 0x1510d4b8a460>,30,3,[6 2],56,58,61,2,58
1,<environment.Job instance at 0x1510d43986e0>,33,3,[9 1],59,61,64,2,59
1,<environment.Job instance at 0x1510d43985f0>,32,2,[5 1],58,64,66,6,60
1,<environment.Job instance at 0x1510d4649c80>,28,1,[7 1],53,66,67,13,62
1,<environment.Job instance at 0x1510e81f7d20>,36,3,[9 2],64,67,70,3,64
1,<environment.Job instance at 0x1510e81f74b0>,37,2,[2 5],65,65,67,0,65
1,<environment.Job instance at 0x1510e81f70f0>,40,1,[1 8],68,68,69,0,68
1,<environment.Job instance at 0x1510d43a0280>,43,2,[2 6],71,71,73,0,71
1,<environment.Job instance at 0x1510d43a0460>,46,1,[8 1],76,77,78,1,77
1,<environment.Job instance at 0x1510e85a0cd0>,47,3,[1 6],77,77,80,0,77
1,<environment.Job instance at 0x1510e40507d0>,48,2,[1 6],78,86,88,8,86
1,<environment.Job instance at 0x1510ecc9e140>,53,1,[5 2],83,89,90,6,89
1,<environment.Job instance at 0x1510d47d9820>,50,14,[ 2 10],80,91,105,11,91
1,<environment.Job instance at 0x1510e4042d20>,58,2,[1 8],96,106,108,10,106
1,<environment.Job instance at 0x1510ed2d18c0>,54,12,[2 9],84,124,136,40,124
1,<environment.Job instance at 0x1510e85b25f0>,64,16,[ 2 10],103,136,152,33,136
1,<environment.Job instance at 0x1510e81eddc0>,66,3,[1 7],105,152,155,47,138
1,<environment.Job instance at 0x1510d4b59b40>,75,13,[1 9],120,155,168,35,153
1,<environment.Job instance at 0x1510d4240460>,82,17,[8 1],129,155,172,26,155
1,<environment.Job instance at 0x1510e406cb90>,85,2,[10  2],132,172,174,40,155
1,<environment.Job instance at 0x1510e406cfa0>,88,2,[1 9],136,168,170,32,155
1,<environment.Job instance at 0x1510e40428c0>,59,1,[6 1],97,174,175,77,160
1,<environment.Job instance at 0x1510e406ce60>,86,15,[9 1],134,175,190,41,172
1,<environment.Job instance at 0x1510e81edc80>,68,17,[9 2],109,190,207,81,182
1,<environment.Job instance at 0x1510e78efc80>,0,19,[5 2],1,3,22,2,3
1,<environment.Job instance at 0x1510eca58690>,8,2,[8 2],10,22,24,12,10
1,<environment.Job instance at 0x1510d4491c30>,10,3,[6 1],12,24,27,12,13
1,<environment.Job instance at 0x1510ed3973c0>,16,2,[2 5],20,20,22,0,20
1,<environment.Job instance at 0x1510ed397f50>,19,12,[6 1],23,27,39,4,25
1,<environment.Job instance at 0x1510ed3979b0>,23,2,[1 6],27,28,30,1,28
1,<environment.Job instance at 0x1510e78cd410>,32,17,[1 8],42,42,59,0,42
1,<environment.Job instance at 0x1510e78cd5a0>,36,3,[8 1],47,48,51,1,48
1,<environment.Job instance at 0x1510e78cdd20>,38,3,[1 8],49,59,62,10,49
1,<environment.Job instance at 0x1510d44535f0>,39,2,[2 9],50,62,64,12,50
1,<environment.Job instance at 0x1510d4453c80>,40,2,[8 2],51,51,53,0,51
1,<environment.Job instance at 0x1510e78cdf00>,35,12,[1 7],46,64,76,18,56
1,<environment.Job instance at 0x1510d4453410>,42,16,[7 2],54,64,80,10,56
1,<environment.Job instance at 0x1510d44530a0>,43,1,[ 2 10],55,80,81,25,58
1,<environment.Job instance at 0x1510d419beb0>,46,13,[1 7],60,85,98,25,85
1,<environment.Job instance at 0x1510e78f6370>,47,16,[5 1],61,85,101,24,85
1,<environment.Job instance at 0x1510d465f4b0>,51,23,[2 5],67,98,121,31,96
1,<environment.Job instance at 0x1510d465f500>,52,1,[6 1],68,108,109,40,108
1,<environment.Job instance at 0x1510d465fe60>,55,3,[2 6],71,121,124,50,111
1,<environment.Job instance at 0x1510d465f7d0>,54,16,[2 9],70,124,140,54,113
1,<environment.Job instance at 0x1510d465f780>,57,1,[5 2],73,120,121,47,120
1,<environment.Job instance at 0x1510d465fdc0>,60,3,[2 7],77,140,143,63,120
1,<environment.Job instance at 0x1510d465f910>,56,3,[2 6],72,143,146,71,132
1,<environment.Job instance at 0x1510d465f2d0>,61,18,[1 6],78,154,172,76,154
1,<environment.Job instance at 0x1510d465ffa0>,67,2,[6 2],86,169,171,83,169
1,<environment.Job instance at 0x1510ecca8fa0>,66,3,[2 5],85,172,175,87,171
1,<environment.Job instance at 0x1510d45d8b90>,70,18,[2 5],90,203,221,113,203
1,<environment.Job instance at 0x1510e78f6be0>,49,13,[1 5],64,206,219,142,206
1,<environment.Job instance at 0x1510d4228fa0>,73,3,[10  1],95,221,224,126,209
1,<environment.Job instance at 0x1510e78e4280>,79,18,[1 9],101,287,305,186,287
1,<environment.Job instance at 0x1510eca61fa0>,83,28,[ 2 10],106,307,335,201,307
1,<environment.Job instance at 0x1510d4a60cd0>,87,3,[10  1],111,335,338,224,324
1,<environment.Job instance at 0x1510d43d0870>,89,2,[10  1],114,338,340,224,335
1,<environment.Job instance at 0x1510d43d0e10>,91,1,[5 2],118,340,341,222,338
1,<environment.Job instance at 0x1510d44b4460>,93,14,[1 6],121,346,360,225,346
1,<environment.Job instance at 0x1510d44b4730>,94,12,[1 7],124,368,380,244,368
1,<environment.Job instance at 0x1510d44b4140>,96,3,[10  2],128,380,383,252,371
1,<environment.Job instance at 0x1510e7752eb0>,85,2,[8 2],108,373,375,265,373
1,<environment.Job instance at 0x1510d44b4870>,101,1,[8 1],136,407,408,271,407
1,<environment.Job instance at 0x1510d44b4dc0>,102,3,[9 1],137,415,418,278,415
1,<environment.Job instance at 0x1510d44b4640>,103,2,[9 1],139,426,428,287,426
1,<environment.Job instance at 0x1510d4124a00>,0,3,[1 7],3,3,6,0,3
1,<environment.Job instance at 0x1510d4124460>,1,1,[8 2],4,6,7,2,6
1,<environment.Job instance at 0x1510e7932aa0>,9,1,[9 2],13,15,16,2,15
1,<environment.Job instance at 0x1510e7932640>,10,1,[7 2],15,21,22,6,21
1,<environment.Job instance at 0x1510d4359f00>,13,1,[10  2],19,22,23,3,21
1,<environment.Job instance at 0x1510e7932910>,15,2,[10  1],21,23,25,2,21
1,<environment.Job instance at 0x1510d40f5870>,17,1,[9 1],24,25,26,1,24
1,<environment.Job instance at 0x1510e5e9ae60>,22,2,[5 1],30,31,33,1,31
1,<environment.Job instance at 0x1510ed331730>,34,2,[5 2],47,47,49,0,47
1,<environment.Job instance at 0x1510d41096e0>,41,3,[6 1],58,60,63,2,60
1,<environment.Job instance at 0x1510d4543640>,45,17,[2 9],63,66,83,3,66
1,<environment.Job instance at 0x1510e8e63690>,51,2,[5 2],69,83,85,14,69
1,<environment.Job instance at 0x1510ed4330f0>,54,12,[5 1],72,77,89,5,77
1,<environment.Job instance at 0x1510d46fe550>,60,2,[1 8],81,85,87,4,84
1,<environment.Job instance at 0x1510d46fec80>,61,17,[6 1],82,89,106,7,84
1,<environment.Job instance at 0x1510e762dc80>,62,1,[8 1],83,106,107,23,84
1,<environment.Job instance at 0x1510e764c780>,67,16,[1 7],91,97,113,6,97
1,<environment.Job instance at 0x1510d4073dc0>,72,12,[5 2],99,113,125,14,113
1,<environment.Job instance at 0x1510e85c4c30>,74,1,[1 5],101,113,114,12,113
1,<environment.Job instance at 0x1510ec95d3c0>,75,26,[2 7],102,116,142,14,116
1,<environment.Job instance at 0x1510ec95ddc0>,76,3,[2 8],103,142,145,39,116
1,<environment.Job instance at 0x1510d472b280>,78,15,[8 1],106,125,140,19,117
1,<environment.Job instance at 0x1510e4177be0>,79,1,[2 7],107,145,146,38,117
1,<environment.Job instance at 0x1510d4ac0780>,85,1,[7 2],115,140,141,25,127
1,<environment.Job instance at 0x1510ed4064b0>,87,2,[1 7],117,146,148,29,129
1,<environment.Job instance at 0x1510ed406410>,88,22,[ 1 10],118,148,170,30,141
1,<environment.Job instance at 0x1510d4ac9140>,65,17,[2 7],88,178,195,90,178
1,<environment.Job instance at 0x1510d4075870>,91,3,[10  1],122,195,198,73,191
1,<environment.Job instance at 0x1510d41090a0>,39,16,[ 2 10],55,198,214,143,194
1,<environment.Job instance at 0x1510d45c76e0>,101,3,[1 5],137,215,218,78,215
1,<environment.Job instance at 0x1510e76abcd0>,0,2,[8 1],1,1,3,0,1
1,<environment.Job instance at 0x1510e7924140>,3,2,[5 1],4,4,6,0,4
1,<environment.Job instance at 0x1510d49cef00>,19,2,[2 5],23,27,29,4,27
1,<environment.Job instance at 0x1510e7835730>,26,1,[1 5],33,35,36,2,35
1,<environment.Job instance at 0x1510e5e9a050>,27,16,[8 1],34,35,51,1,35
1,<environment.Job instance at 0x1510e85fca00>,29,15,[8 2],36,51,66,15,39
1,<environment.Job instance at 0x1510e85fc1e0>,30,3,[1 7],38,41,44,3,41
1,<environment.Job instance at 0x1510e85e1e10>,28,14,[2 8],35,44,58,9,43
1,<environment.Job instance at 0x1510e8610e60>,39,14,[10  1],49,66,80,17,52
1,<environment.Job instance at 0x1510e86107d0>,36,2,[1 8],45,58,60,13,52
1,<environment.Job instance at 0x1510e8610910>,41,3,[5 1],51,80,83,29,72
1,<environment.Job instance at 0x1510e8610190>,37,16,[1 6],46,80,96,34,77
1,<environment.Job instance at 0x1510d40fabe0>,45,12,[7 2],57,83,95,26,81
1,<environment.Job instance at 0x1510e85ef780>,43,3,[9 1],54,95,98,41,84
1,<environment.Job instance at 0x1510d4103780>,49,2,[1 9],63,96,98,33,92
1,<environment.Job instance at 0x1510e7947c80>,52,18,[10  1],66,99,117,33,99
1,<environment.Job instance at 0x1510e7838b40>,35,18,[5 2],43,117,135,74,117
1,<environment.Job instance at 0x1510e8229b40>,58,3,[8 2],72,135,138,63,117
1,<environment.Job instance at 0x1510d4aa8c80>,63,3,[1 5],82,128,131,46,128
1,<environment.Job instance at 0x1510d4aa8aa0>,64,2,[5 2],83,138,140,55,134
1,<environment.Job instance at 0x1510d4aa8870>,67,2,[2 8],87,136,138,49,136
1,<environment.Job instance at 0x1510d4aa8910>,68,12,[9 1],88,141,153,53,141
1,<environment.Job instance at 0x1510d4aa8d20>,69,3,[9 2],90,153,156,63,143
1,<environment.Job instance at 0x1510d4aa8370>,72,1,[1 5],94,164,165,70,164
1,<environment.Job instance at 0x1510d487be60>,76,17,[ 2 10],98,272,289,174,272
1,<environment.Job instance at 0x1510d487bc80>,86,2,[ 1 10],108,308,310,200,308
1,<environment.Job instance at 0x1510d487be10>,87,1,[5 1],109,330,331,221,330
1,<environment.Job instance at 0x1510d4a7df50>,91,15,[10  2],116,331,346,215,330
1,<environment.Job instance at 0x1510d4a7d910>,97,3,[9 1],124,376,379,252,376
1,<environment.Job instance at 0x1510d4a7d780>,98,14,[2 5],126,425,439,299,425
1,<environment.Job instance at 0x1510e8534d20>,102,2,[8 1],131,433,435,302,433
1,<environment.Job instance at 0x1510e8534d70>,103,2,[6 2],133,435,437,302,433
1,<environment.Job instance at 0x1510e8534190>,105,2,[9 2],135,439,441,304,433
1,<environment.Job instance at 0x1510d4327aa0>,0,2,[2 9],2,2,4,0,2
1,<environment.Job instance at 0x1510d4a5e3c0>,5,2,[1 8],8,10,12,2,10
1,<environment.Job instance at 0x1510d4a5e730>,11,17,[ 1 10],16,22,39,6,22
1,<environment.Job instance at 0x1510d4a5eb40>,13,3,[2 6],20,39,42,19,26
1,<environment.Job instance at 0x1510d4a5e7d0>,9,12,[7 2],12,39,51,27,35
1,<environment.Job instance at 0x1510d4a5f0a0>,18,3,[1 6],27,42,45,15,38
1,<environment.Job instance at 0x1510d4a5f550>,21,3,[9 2],34,51,54,17,40
1,<environment.Job instance at 0x1510d4a5f5a0>,20,2,[8 1],33,64,66,31,64
1,<environment.Job instance at 0x1510d4a5c6e0>,38,14,[10  1],61,66,80,5,65
1,<environment.Job instance at 0x1510d4a5c140>,31,12,[6 1],50,80,92,30,65
1,<environment.Job instance at 0x1510d4a332d0>,45,1,[7 1],71,92,93,21,74
1,<environment.Job instance at 0x1510d4a33b90>,49,3,[2 5],78,81,84,3,81
1,<environment.Job instance at 0x1510d4a33be0>,54,3,[2 7],86,86,89,0,86
1,<environment.Job instance at 0x1510d4a5c960>,40,16,[9 2],63,93,109,30,86
1,<environment.Job instance at 0x1510d4a3a370>,55,3,[2 9],87,89,92,2,87
1,<environment.Job instance at 0x1510d4a3a550>,56,3,[6 1],89,109,112,20,89
1,<environment.Job instance at 0x1510d4a3a320>,58,15,[2 7],91,109,124,18,106
1,<environment.Job instance at 0x1510d4a3a730>,61,3,[ 1 10],95,124,127,29,106
1,<environment.Job instance at 0x1510d4a33d70>,51,18,[2 9],81,127,145,46,120
1,<environment.Job instance at 0x1510d4a37280>,74,13,[8 1],114,136,149,22,136
1,<environment.Job instance at 0x1510d4a5c690>,34,3,[1 9],56,145,148,89,144
1,<environment.Job instance at 0x1510d4a37500>,79,1,[8 1],120,149,150,29,145
1,<environment.Job instance at 0x1510d4a37aa0>,81,2,[1 9],124,148,150,24,146
1,<environment.Job instance at 0x1510d4a3c0f0>,86,3,[1 9],134,150,153,16,147
1,<environment.Job instance at 0x1510d4a37550>,77,1,[6 2],118,153,154,35,151
1,<environment.Job instance at 0x1510ec9eb1e0>,0,13,[7 2],1,2,15,1,2
1,<environment.Job instance at 0x1510d4a3a910>,2,1,[1 8],3,6,7,3,6
1,<environment.Job instance at 0x1510ec9eb7d0>,6,14,[6 2],10,15,29,5,12
1,<environment.Job instance at 0x1510ec9ebf50>,10,14,[1 7],14,16,30,2,16
1,<environment.Job instance at 0x1510ec9ebeb0>,11,2,[1 8],16,30,32,14,16
1,<environment.Job instance at 0x1510ec9ebc30>,12,12,[5 2],17,29,41,12,20
1,<environment.Job instance at 0x1510ed2f40f0>,15,2,[5 2],22,32,34,10,22
1,<environment.Job instance at 0x1510ec9ebb40>,9,3,[1 5],13,34,37,21,27
1,<environment.Job instance at 0x1510ed2f47d0>,19,15,[7 1],27,41,56,14,34
1,<environment.Job instance at 0x1510d4aabb40>,22,1,[1 7],37,37,38,0,37
1,<environment.Job instance at 0x1510d4aab910>,23,14,[7 1],39,56,70,17,44
1,<environment.Job instance at 0x1510d44b7f00>,29,2,[2 6],50,52,54,2,52
1,<environment.Job instance at 0x1510ed2f4780>,17,17,[7 1],25,70,87,45,68
1,<environment.Job instance at 0x1510ef2a8c80>,39,18,[2 8],68,70,88,2,70
1,<environment.Job instance at 0x1510ef2a8690>,36,17,[6 1],63,87,104,24,76
1,<environment.Job instance at 0x1510e7782820>,42,3,[5 2],77,104,107,27,78
1,<environment.Job instance at 0x1510ed31be10>,50,2,[10  1],87,107,109,20,88
1,<environment.Job instance at 0x1510e76abfa0>,53,1,[1 9],91,94,95,3,94
1,<environment.Job instance at 0x1510d4a712d0>,57,1,[6 1],95,109,110,14,95
1,<environment.Job instance at 0x1510e6194370>,51,2,[8 1],88,110,112,22,99
1,<environment.Job instance at 0x1510d4b53460>,60,3,[2 5],104,109,112,5,106
1,<environment.Job instance at 0x1510ec959af0>,66,2,[6 2],112,114,116,2,114
1,<environment.Job instance at 0x1510ecc9e0a0>,70,1,[2 8],116,116,117,0,116
1,<environment.Job instance at 0x1510d45d8d70>,74,1,[9 2],120,120,121,0,120
1,<environment.Job instance at 0x1510d45d8e10>,73,2,[7 2],119,121,123,2,120
1,<environment.Job instance at 0x1510d4ad1280>,75,2,[9 1],121,123,125,2,121
1,<environment.Job instance at 0x1510d4ad1050>,76,3,[9 1],123,125,128,2,125
1,<environment.Job instance at 0x1510d44135a0>,78,3,[2 9],126,128,131,2,126
1,<environment.Job instance at 0x1510ed432780>,81,3,[9 1],131,131,134,0,131
1,<environment.Job instance at 0x1510e830b960>,85,2,[1 8],139,142,144,3,142
1,<environment.Job instance at 0x1510e830b370>,84,1,[2 5],138,145,146,7,145
1,<environment.Job instance at 0x1510e4179780>,1,12,[1 7],2,7,19,5,7
1,<environment.Job instance at 0x1510d47a89b0>,7,1,[6 1],11,11,12,0,11
1,<environment.Job instance at 0x1510d47a8960>,4,27,[9 2],8,12,39,4,11
1,<environment.Job instance at 0x1510d496a6e0>,16,3,[1 9],22,39,42,17,22
1,<environment.Job instance at 0x1510d489e500>,11,1,[1 8],15,26,27,11,26
1,<environment.Job instance at 0x1510e76d87d0>,19,2,[1 8],25,27,29,2,26
1,<environment.Job instance at 0x1510d496ae10>,17,1,[9 1],23,39,40,16,27
1,<environment.Job instance at 0x1510e76d8280>,25,1,[9 1],32,40,41,8,36
1,<environment.Job instance at 0x1510d4235910>,32,3,[1 8],42,43,46,1,43
1,<environment.Job instance at 0x1510d4235be0>,30,19,[5 1],38,44,63,6,44
1,<environment.Job instance at 0x1510d4235a50>,34,20,[10  2],44,63,83,19,56
1,<environment.Job instance at 0x1510d4235e60>,37,1,[7 2],48,83,84,35,58
1,<environment.Job instance at 0x1510d4235690>,38,3,[ 2 10],50,84,87,34,64
1,<environment.Job instance at 0x1510d4235d70>,39,1,[6 2],51,87,88,36,65
1,<environment.Job instance at 0x1510d480dfa0>,40,3,[10  2],53,88,91,35,68
1,<environment.Job instance at 0x1510e5ef2dc0>,52,3,[7 1],74,91,94,17,81
1,<environment.Job instance at 0x1510e616c410>,43,13,[ 2 10],58,94,107,36,82
1,<environment.Job instance at 0x1510d474dd70>,47,1,[8 2],65,107,108,42,84
1,<environment.Job instance at 0x1510e5ef2a00>,54,18,[6 1],76,108,126,32,97
1,<environment.Job instance at 0x1510d47d9d20>,59,18,[8 1],82,126,144,44,115
1,<environment.Job instance at 0x1510e5ef23c0>,55,3,[2 9],77,127,130,50,127
1,<environment.Job instance at 0x1510d4737f50>,64,2,[8 1],90,144,146,54,132
1,<environment.Job instance at 0x1510d4ba7500>,68,3,[2 7],96,133,136,37,133
1,<environment.Job instance at 0x1510d4ba7d70>,70,3,[1 6],102,136,139,34,133
1,<environment.Job instance at 0x1510ed396500>,72,12,[5 2],104,146,158,42,133
1,<environment.Job instance at 0x1510eca1c1e0>,78,3,[7 1],116,158,161,42,149
1,<environment.Job instance at 0x1510eca1c230>,76,3,[2 9],112,158,161,46,153
1,<environment.Job instance at 0x1510e8236a50>,80,3,[7 2],121,161,164,40,154
1,<environment.Job instance at 0x1510d4ab0640>,85,2,[2 5],129,161,163,32,157
1,<environment.Job instance at 0x1510d4ab05a0>,88,18,[1 8],133,163,181,30,162
1,<environment.Job instance at 0x1510d4b33be0>,89,17,[10  2],135,181,198,46,175
1,<environment.Job instance at 0x1510e41975a0>,90,3,[9 2],136,175,178,39,175
1,<environment.Job instance at 0x1510ec9f8190>,69,14,[1 9],98,202,216,104,202
1,<environment.Job instance at 0x1510d48b3cd0>,3,17,[2 7],8,8,25,0,8
1,<environment.Job instance at 0x1510e419a8c0>,4,1,[2 9],9,25,26,16,10
1,<environment.Job instance at 0x1510e419ab90>,6,2,[1 8],11,26,28,15,14
1,<environment.Job instance at 0x1510e419a910>,9,2,[2 8],16,28,30,12,16
1,<environment.Job instance at 0x1510e419ae10>,8,13,[1 9],14,30,43,16,18
1,<environment.Job instance at 0x1510e419aaa0>,7,1,[8 2],13,18,19,5,18
1,<environment.Job instance at 0x1510e417f140>,15,1,[7 1],24,25,26,1,25
1,<environment.Job instance at 0x1510e417f0a0>,14,3,[8 1],22,26,29,4,25
1,<environment.Job instance at 0x1510e417f910>,17,15,[10  1],26,43,58,17,35
1,<environment.Job instance at 0x1510e417f9b0>,23,2,[6 2],34,58,60,24,40
1,<environment.Job instance at 0x1510e417fd20>,24,3,[2 5],35,58,61,23,51
1,<environment.Job instance at 0x1510e417fe60>,25,12,[5 2],36,60,72,24,56
1,<environment.Job instance at 0x1510e417faa0>,19,21,[2 6],29,96,117,67,96
1,<environment.Job instance at 0x1510e417ff00>,26,14,[2 8],38,117,131,79,112
1,<environment.Job instance at 0x1510e419e3c0>,31,2,[ 1 10],46,131,133,85,115
1,<environment.Job instance at 0x1510e419e460>,32,15,[2 9],47,133,148,86,120
1,<environment.Job instance at 0x1510e419e640>,35,2,[1 6],50,148,150,98,123
1,<environment.Job instance at 0x1510e419e320>,30,2,[1 8],43,150,152,107,126
1,<environment.Job instance at 0x1510e419e5f0>,34,13,[9 1],49,148,161,99,139
1,<environment.Job instance at 0x1510e419ea50>,39,2,[6 2],55,161,163,106,147
1,<environment.Job instance at 0x1510e419eb90>,40,16,[5 1],58,163,179,105,158
1,<environment.Job instance at 0x1510e419ecd0>,42,1,[1 9],60,158,159,98,158
1,<environment.Job instance at 0x1510e419eb40>,43,1,[10  2],61,179,180,118,162
1,<environment.Job instance at 0x1510e419edc0>,45,1,[6 2],65,180,181,115,164
1,<environment.Job instance at 0x1510e419ef00>,46,15,[7 2],66,181,196,115,168
1,<environment.Job instance at 0x1510e419efa0>,47,2,[7 2],67,196,198,129,169
1,<environment.Job instance at 0x1510e419e730>,38,14,[2 8],54,180,194,126,169
1,<environment.Job instance at 0x1510e82baaa0>,64,1,[2 5],94,194,195,100,194
1,<environment.Job instance at 0x1510e82bab40>,66,17,[6 2],96,198,215,102,195
1,<environment.Job instance at 0x1510e4192320>,69,1,[7 1],100,215,216,115,195
1,<environment.Job instance at 0x1510e82ba960>,63,3,[2 8],93,195,198,102,195
1,<environment.Job instance at 0x1510e78006e0>,67,1,[9 1],97,216,217,119,195
1,<environment.Job instance at 0x1510e4192280>,75,2,[6 2],107,217,219,110,201
1,<environment.Job instance at 0x1510e4192140>,78,3,[8 1],114,219,222,105,201
1,<environment.Job instance at 0x1510e4192730>,73,2,[7 1],104,222,224,118,201
1,<environment.Job instance at 0x1510e76808c0>,79,1,[8 2],116,224,225,108,202
1,<environment.Job instance at 0x1510e4192190>,81,2,[8 1],120,225,227,105,202
1,<environment.Job instance at 0x1510d4b99230>,80,3,[8 2],118,227,230,109,202
1,<environment.Job instance at 0x1510d45d5dc0>,84,1,[8 1],126,230,231,104,202
1,<environment.Job instance at 0x1510d4164be0>,82,3,[2 7],121,202,205,81,202
1,<environment.Job instance at 0x1510d45acc30>,86,15,[2 8],128,217,232,89,205
1,<environment.Job instance at 0x1510d45acc80>,85,1,[10  1],127,232,233,105,208
1,<environment.Job instance at 0x1510d4902230>,90,3,[10  1],132,233,236,101,215
1,<environment.Job instance at 0x1510d4912d20>,92,2,[2 8],135,236,238,101,218
1,<environment.Job instance at 0x1510d4902190>,89,12,[7 1],131,236,248,105,229
1,<environment.Job instance at 0x1510d47cec80>,5,3,[1 8],10,10,13,0,10
1,<environment.Job instance at 0x1510d42146e0>,0,3,[1 8],4,13,16,9,10
1,<environment.Job instance at 0x1510d47ce690>,6,14,[ 1 10],13,16,30,3,13
1,<environment.Job instance at 0x1510d47ce8c0>,8,14,[2 9],18,30,44,12,18
1,<environment.Job instance at 0x1510d47ceaa0>,9,2,[6 2],19,44,46,25,21
1,<environment.Job instance at 0x1510d4b3e410>,15,1,[2 9],28,46,47,18,31
1,<environment.Job instance at 0x1510d4b3e730>,16,18,[2 7],29,47,65,18,46
1,<environment.Job instance at 0x1510d4b3e5a0>,21,19,[8 1],38,48,67,10,48
1,<environment.Job instance at 0x1510d4b3eaa0>,23,1,[1 6],40,65,66,25,52
1,<environment.Job instance at 0x1510d4b3ee60>,20,2,[5 2],37,67,69,30,54
1,<environment.Job instance at 0x1510d4b3e550>,26,15,[ 1 10],43,69,84,26,60
1,<environment.Job instance at 0x1510d4b3eaf0>,28,2,[2 7],45,66,68,21,61
1,<environment.Job instance at 0x1510e5eb6b40>,34,1,[10  1],52,84,85,32,69
1,<environment.Job instance at 0x1510e4053870>,33,14,[2 7],50,85,99,35,76
1,<environment.Job instance at 0x1510d4b3e7d0>,27,1,[5 1],44,85,86,41,79
1,<environment.Job instance at 0x1510d46432d0>,35,23,[5 2],54,87,110,33,87
1,<environment.Job instance at 0x1510e81f9be0>,37,3,[9 1],57,110,113,53,91
1,<environment.Job instance at 0x1510e81f9dc0>,39,1,[1 6],59,99,100,40,96
1,<environment.Job instance at 0x1510d4594b90>,43,18,[2 9],64,288,306,224,288
1,<environment.Job instance at 0x1510d4574370>,40,17,[1 9],61,306,323,245,295
1,<environment.Job instance at 0x1510d45944b0>,49,2,[2 7],72,323,325,251,307
1,<environment.Job instance at 0x1510d4589280>,54,17,[2 5],83,340,357,257,340
1,<environment.Job instance at 0x1510d4594780>,51,1,[10  2],75,357,358,282,353
1,<environment.Job instance at 0x1510d4589190>,55,18,[ 2 10],84,363,381,279,363
1,<environment.Job instance at 0x1510d4589460>,56,1,[ 1 10],86,381,382,295,368
1,<environment.Job instance at 0x1510d459eb40>,69,26,[2 6],102,396,422,294,396
1,<environment.Job instance at 0x1510d458a460>,65,3,[6 2],97,396,399,299,396
1,<environment.Job instance at 0x1510d459e0f0>,74,1,[ 2 10],107,422,423,315,396
1,<environment.Job instance at 0x1510d457d5f0>,78,1,[1 9],113,423,424,310,406
1,<environment.Job instance at 0x1510d459e640>,72,3,[ 2 10],105,424,427,319,410
1,<environment.Job instance at 0x1510d457d550>,79,21,[2 7],114,427,448,313,420
1,<environment.Job instance at 0x1510d459e460>,73,14,[1 5],106,448,462,342,435
1,<environment.Job instance at 0x1510d4a66280>,2,2,[5 2],3,4,6,1,4
1,<environment.Job instance at 0x1510d4a66690>,4,3,[8 1],5,8,11,3,8
1,<environment.Job instance at 0x1510d4762370>,5,3,[10  1],6,11,14,5,10
1,<environment.Job instance at 0x1510d4762d20>,8,3,[5 1],11,14,17,3,14
1,<environment.Job instance at 0x1510e5eecc80>,13,3,[2 6],17,17,20,0,17
1,<environment.Job instance at 0x1510e8522870>,6,13,[1 9],7,20,33,13,19
1,<environment.Job instance at 0x1510e5eec7d0>,18,1,[1 7],22,33,34,11,24
1,<environment.Job instance at 0x1510e78997d0>,22,3,[6 2],27,33,36,6,27
1,<environment.Job instance at 0x1510d4765a00>,25,2,[2 7],32,34,36,2,33
1,<environment.Job instance at 0x1510d4765b40>,26,1,[2 7],33,36,37,3,34
1,<environment.Job instance at 0x1510d47659b0>,24,3,[1 7],30,37,40,7,34
1,<environment.Job instance at 0x1510e86170f0>,28,1,[2 9],36,40,41,4,36
1,<environment.Job instance at 0x1510d4185eb0>,30,3,[10  2],39,41,44,2,41
1,<environment.Job instance at 0x1510d41857d0>,34,22,[2 8],44,44,66,0,44
1,<environment.Job instance at 0x1510ed3ab3c0>,40,18,[1 6],54,66,84,12,56
1,<environment.Job instance at 0x1510e40f6820>,43,1,[ 1 10],57,84,85,27,59
1,<environment.Job instance at 0x1510e78cc820>,50,2,[8 1],67,67,69,0,67
1,<environment.Job instance at 0x1510d48ec690>,53,12,[2 7],73,85,97,12,73
1,<environment.Job instance at 0x1510d48ec280>,56,3,[2 6],76,97,100,21,77
1,<environment.Job instance at 0x1510d48ec820>,57,3,[8 1],77,77,80,0,77
1,<environment.Job instance at 0x1510d48ec460>,58,1,[6 1],78,80,81,2,79
1,<environment.Job instance at 0x1510eaad4140>,59,3,[6 1],79,81,84,2,80
1,<environment.Job instance at 0x1510eaad4410>,60,3,[9 1],80,100,103,20,83
1,<environment.Job instance at 0x1510e59e1e10>,42,13,[9 1],56,103,116,47,88
1,<environment.Job instance at 0x1510e40b84b0>,74,3,[5 1],99,116,119,17,107
1,<environment.Job instance at 0x1510d419baf0>,79,18,[ 1 10],110,119,137,9,110
1,<environment.Job instance at 0x1510d419b5a0>,82,13,[1 6],113,137,150,24,127
1,<environment.Job instance at 0x1510d41e8af0>,93,2,[2 6],129,150,152,21,144
1,<environment.Job instance at 0x1510d41e8d70>,95,3,[1 9],131,152,155,21,145
1,<environment.Job instance at 0x1510d41e8640>,96,2,[7 2],132,146,148,14,146
1,<environment.Job instance at 0x153100d05370>,4,2,[7 2],5,6,8,1,6
1,<environment.Job instance at 0x1531024917d0>,5,3,[9 2],6,8,11,2,6
1,<environment.Job instance at 0x153100f8bb90>,6,18,[8 1],7,11,29,4,7
1,<environment.Job instance at 0x1531097cd820>,7,1,[2 6],8,11,12,3,10
1,<environment.Job instance at 0x153101fe3730>,10,13,[2 8],12,14,27,2,14
1,<environment.Job instance at 0x1531026e2be0>,11,3,[1 8],13,27,30,14,14
1,<environment.Job instance at 0x153100f5cc80>,13,2,[8 1],17,29,31,12,18
1,<environment.Job instance at 0x153100c3a820>,16,1,[2 5],21,30,31,9,21
1,<environment.Job instance at 0x15310a228190>,12,3,[1 8],14,31,34,17,21
1,<environment.Job instance at 0x1531007cac80>,23,2,[8 1],31,32,34,1,32
1,<environment.Job instance at 0x1531007ca5a0>,25,2,[2 8],34,34,36,0,34
1,<environment.Job instance at 0x1531007ca8c0>,24,12,[ 1 10],32,36,48,4,34
1,<environment.Job instance at 0x1531007c5690>,30,15,[2 9],40,48,63,8,42
1,<environment.Job instance at 0x1531007c6780>,36,3,[10  2],48,63,66,15,48
1,<environment.Job instance at 0x1531007c66e0>,38,1,[8 1],51,52,53,1,52
1,<environment.Job instance at 0x1531007c5910>,29,16,[10  2],39,74,90,35,74
1,<environment.Job instance at 0x1531007ff410>,47,1,[1 6],63,90,91,27,75
1,<environment.Job instance at 0x1531007e0500>,48,1,[2 9],65,91,92,26,81
1,<environment.Job instance at 0x1531007e08c0>,49,16,[8 2],66,92,108,26,83
1,<environment.Job instance at 0x153100cc1e10>,52,2,[1 7],72,92,94,20,86
1,<environment.Job instance at 0x1531007e02d0>,50,12,[9 1],68,108,120,40,108
1,<environment.Job instance at 0x153100ca8cd0>,63,3,[10  1],89,120,123,31,110
1,<environment.Job instance at 0x153100ca80f0>,66,3,[1 9],93,114,117,21,114
1,<environment.Job instance at 0x1531007db230>,43,3,[7 2],57,123,126,66,114
1,<environment.Job instance at 0x153100ca0690>,69,1,[2 5],96,123,124,27,117
1,<environment.Job instance at 0x1531007c23c0>,78,3,[2 9],110,126,129,16,120
1,<environment.Job instance at 0x153102fc8140>,82,12,[2 8],115,129,141,14,120
1,<environment.Job instance at 0x153100ce8fa0>,84,2,[ 1 10],118,141,143,23,122
1,<environment.Job instance at 0x153100ca0d70>,70,2,[ 2 10],97,143,145,46,122
1,<environment.Job instance at 0x153100ce85a0>,85,1,[7 2],120,129,130,9,122
1,<environment.Job instance at 0x1531024075f0>,86,2,[1 8],121,145,147,24,126
1,<environment.Job instance at 0x153100f65460>,94,1,[5 1],131,132,133,1,132
1,<environment.Job instance at 0x153100ca0aa0>,72,13,[7 2],102,145,158,43,133
1,<environment.Job instance at 0x153100f89050>,96,12,[9 2],134,158,170,24,148
1,<environment.Job instance at 0x153100f89730>,99,16,[8 1],137,170,186,33,163
1,<environment.Job instance at 0x153100f88960>,103,1,[ 2 10],142,186,187,44,164
1,<environment.Job instance at 0x153100f884b0>,107,18,[1 8],146,201,219,55,201
1,<environment.Job instance at 0x1531026a5eb0>,2,3,[2 5],3,6,9,3,6
1,<environment.Job instance at 0x153100d280a0>,4,3,[5 2],6,6,9,0,6
1,<environment.Job instance at 0x153100d28c30>,11,1,[1 8],16,28,29,12,28
1,<environment.Job instance at 0x153100d288c0>,13,3,[7 2],18,29,32,11,29
1,<environment.Job instance at 0x153100d28eb0>,6,18,[2 6],8,55,73,47,55
1,<environment.Job instance at 0x153100d28460>,17,27,[1 8],23,91,118,68,91
1,<environment.Job instance at 0x153100d48960>,19,2,[7 2],25,100,102,75,100
1,<environment.Job instance at 0x153100d28140>,9,3,[9 1],13,120,123,107,120
1,<environment.Job instance at 0x153100d48f50>,20,12,[6 1],26,126,138,100,126
1,<environment.Job instance at 0x153100d48190>,23,15,[1 7],35,153,168,118,153
1,<environment.Job instance at 0x153100d48370>,24,3,[ 2 10],36,168,171,132,165
1,<environment.Job instance at 0x153100f813c0>,31,17,[ 2 10],46,254,271,208,254
1,<environment.Job instance at 0x153100f81af0>,32,19,[ 1 10],48,290,309,242,290
1,<environment.Job instance at 0x153100d48b40>,21,28,[2 8],29,314,342,285,314
1,<environment.Job instance at 0x153100f81780>,38,1,[2 9],54,342,343,288,323
1,<environment.Job instance at 0x153100f81fa0>,39,15,[1 7],55,343,358,288,332
1,<environment.Job instance at 0x153100f810a0>,44,3,[8 1],62,341,344,279,341
1,<environment.Job instance at 0x153100f81730>,45,2,[2 5],63,358,360,295,346
1,<environment.Job instance at 0x153100f81be0>,47,2,[10  1],65,363,365,298,363
1,<environment.Job instance at 0x153100f81500>,48,3,[ 2 10],67,365,368,298,363
1,<environment.Job instance at 0x153100f88280>,53,1,[2 6],73,368,369,295,363
1,<environment.Job instance at 0x153100f88b90>,54,16,[9 1],76,369,385,293,365
1,<environment.Job instance at 0x153100f88640>,56,1,[9 1],81,385,386,304,366
1,<environment.Job instance at 0x153100f88a00>,58,2,[6 2],83,386,388,303,368
1,<environment.Job instance at 0x153100c0c550>,61,1,[ 1 10],87,388,389,301,368
1,<environment.Job instance at 0x153100c0c230>,64,2,[10  2],91,389,391,298,368
1,<environment.Job instance at 0x153100c0c050>,65,3,[2 8],95,391,394,296,368
1,<environment.Job instance at 0x153100c0ce10>,66,1,[2 6],96,386,387,290,368
1,<environment.Job instance at 0x153100c0c910>,68,18,[7 2],99,391,409,292,381
1,<environment.Job instance at 0x153100cf8960>,73,14,[2 8],109,394,408,285,392
1,<environment.Job instance at 0x153100cf89b0>,74,3,[8 1],112,409,412,297,393
1,<environment.Job instance at 0x153100cf85f0>,79,15,[2 8],118,408,423,290,398
1,<environment.Job instance at 0x153100cf8410>,78,14,[6 1],117,441,455,324,441
1,<environment.Job instance at 0x153100cf9b90>,83,1,[1 5],123,441,442,318,441
1,<environment.Job instance at 0x153100f81550>,43,2,[8 2],61,455,457,394,451
1,<environment.Job instance at 0x153100cf9960>,84,16,[1 7],124,467,483,343,467
1,<environment.Job instance at 0x153100cf9910>,85,3,[ 2 10],125,510,513,385,510
1,<environment.Job instance at 0x153100ce6eb0>,92,2,[8 2],135,543,545,408,543
1,<environment.Job instance at 0x153100ce6820>,94,18,[8 1],137,582,600,445,582
1,<environment.Job instance at 0x153100ce6910>,103,2,[10  1],149,625,627,476,625
1,<environment.Job instance at 0x153100ce6690>,99,2,[1 7],144,663,665,519,663
1,<environment.Job instance at 0x1530bf27ccd0>,7,2,[2 5],14,15,17,1,15
1,<environment.Job instance at 0x1530bf27cc80>,8,1,[ 2 10],15,17,18,2,17
1,<environment.Job instance at 0x1530bf1ff500>,11,3,[7 2],18,20,23,2,20
1,<environment.Job instance at 0x1530bf1ff690>,13,13,[5 2],21,23,36,2,21
1,<environment.Job instance at 0x1530bf1ffbe0>,17,3,[1 7],29,29,32,0,29
1,<environment.Job instance at 0x1530bf1ffe10>,19,20,[8 2],32,36,56,4,32
1,<environment.Job instance at 0x1530bf200370>,23,2,[2 7],41,41,43,0,41
1,<environment.Job instance at 0x1530bf27cbe0>,6,14,[8 2],12,56,70,44,51
1,<environment.Job instance at 0x1530bf200a50>,32,3,[5 2],54,70,73,16,57
1,<environment.Job instance at 0x1530bf203460>,35,17,[10  1],58,73,90,15,64
1,<environment.Job instance at 0x1530bf203b90>,43,1,[1 9],73,90,91,17,78
1,<environment.Job instance at 0x1530bf203820>,41,2,[1 9],71,91,93,20,81
1,<environment.Job instance at 0x1530bf203af0>,45,1,[9 2],75,93,94,18,93
1,<environment.Job instance at 0x1530bf203eb0>,49,1,[7 2],81,95,96,14,95
1,<environment.Job instance at 0x1530bf203e10>,50,3,[9 1],82,96,99,14,95
1,<environment.Job instance at 0x1530bf2060a0>,54,14,[7 2],87,99,113,12,95
1,<environment.Job instance at 0x1530bf206460>,57,2,[2 9],91,113,115,22,96
1,<environment.Job instance at 0x1530bf206640>,56,3,[10  2],90,115,118,25,96
1,<environment.Job instance at 0x1530bf207780>,64,1,[2 7],104,105,106,1,105
1,<environment.Job instance at 0x1530bf207b90>,67,3,[9 2],108,118,121,10,109
1,<environment.Job instance at 0x1530bf203be0>,46,18,[ 1 10],76,121,139,45,113
1,<environment.Job instance at 0x1530bf207eb0>,70,3,[1 7],113,118,121,5,115
1,<environment.Job instance at 0x1530bf277500>,73,3,[1 7],118,139,142,21,118
1,<environment.Job instance at 0x1530bf273cd0>,78,2,[2 9],125,142,144,17,125
1,<environment.Job instance at 0x1530bf250aa0>,80,16,[2 9],127,144,160,17,136
1,<environment.Job instance at 0x1530bf3b7c80>,84,1,[10  1],134,160,161,26,136
1,<environment.Job instance at 0x1530bf319b90>,87,16,[2 8],139,161,177,22,148
1,<environment.Job instance at 0x1530bf3191e0>,89,1,[2 6],143,177,178,34,150
1,<environment.Job instance at 0x1530bf392f50>,92,3,[2 9],147,178,181,31,155
1,<environment.Job instance at 0x1530bf273a00>,75,14,[1 9],120,181,195,61,168
1,<environment.Job instance at 0x1530bf398370>,2,1,[1 8],5,5,6,0,5
1,<environment.Job instance at 0x153100ce9a00>,6,14,[9 1],10,11,25,1,11
1,<environment.Job instance at 0x1530bf96aaf0>,8,2,[1 7],12,13,15,1,13
1,<environment.Job instance at 0x1530bf96a500>,9,15,[1 5],13,15,30,2,14
1,<environment.Job instance at 0x1530bf96a050>,7,3,[10  1],11,30,33,19,18
1,<environment.Job instance at 0x1530bf975050>,19,3,[10  2],27,33,36,6,29
1,<environment.Job instance at 0x1530bf9b86e0>,26,2,[ 1 10],36,36,38,0,36
1,<environment.Job instance at 0x1530bf9b8b40>,27,17,[2 9],37,73,90,36,73
1,<environment.Job instance at 0x1530bf9b8af0>,30,3,[6 1],40,85,88,45,85
1,<environment.Job instance at 0x1530bf9b8eb0>,29,16,[2 8],39,90,106,51,86
1,<environment.Job instance at 0x1530bf9b89b0>,35,1,[6 2],48,90,91,42,89
1,<environment.Job instance at 0x1530bf9b8960>,34,3,[5 2],46,91,94,45,89
1,<environment.Job instance at 0x1530bf9b8fa0>,32,3,[2 8],42,106,109,64,89
1,<environment.Job instance at 0x1530bf9b82d0>,37,1,[6 2],51,94,95,43,91
1,<environment.Job instance at 0x1530bf9b8640>,38,1,[2 9],52,109,110,57,93
1,<environment.Job instance at 0x1530bf9b8280>,43,1,[2 5],58,110,111,52,95
1,<environment.Job instance at 0x1530bf914780>,45,3,[2 5],61,110,113,49,97
1,<environment.Job instance at 0x1530bf914f50>,49,2,[7 1],67,112,114,45,112
1,<environment.Job instance at 0x1530bf914a00>,55,19,[2 9],76,148,167,72,148
1,<environment.Job instance at 0x1530bf975230>,24,3,[1 6],34,233,236,199,233
1,<environment.Job instance at 0x1530bf914550>,53,15,[1 8],72,295,310,223,295
1,<environment.Job instance at 0x1530bf90f140>,67,1,[2 8],90,310,311,220,297
1,<environment.Job instance at 0x1530bf90b6e0>,75,1,[1 8],99,311,312,212,305
1,<environment.Job instance at 0x1530bf90b140>,76,12,[9 2],100,311,323,211,308
1,<environment.Job instance at 0x1530bf955a00>,80,16,[10  2],104,323,339,219,313
1,<environment.Job instance at 0x1530bf955550>,81,16,[ 2 10],105,351,367,246,351
1,<environment.Job instance at 0x1530bf9558c0>,83,15,[2 6],109,369,384,260,369
1,<environment.Job instance at 0x1530bf955410>,85,13,[5 1],111,369,382,258,369
1,<environment.Job instance at 0x1530bf955050>,86,2,[1 8],112,388,390,276,388
1,<environment.Job instance at 0x1530bf96d730>,1,13,[7 2],2,3,16,1,3
1,<environment.Job instance at 0x1530bf96d0a0>,0,12,[1 5],1,5,17,4,5
1,<environment.Job instance at 0x153102fec8c0>,6,1,[1 9],12,17,18,5,13
1,<environment.Job instance at 0x153102fec2d0>,9,1,[5 2],16,21,22,5,21
1,<environment.Job instance at 0x153102fec230>,10,26,[2 8],18,21,47,3,21
1,<environment.Job instance at 0x1530bf8c7b90>,14,2,[1 6],27,47,49,20,29
1,<environment.Job instance at 0x1530bf8c7a50>,17,1,[6 2],32,34,35,2,34
1,<environment.Job instance at 0x1530bf8c7fa0>,19,3,[5 1],38,38,41,0,38
1,<environment.Job instance at 0x1530bfb4fc30>,4,18,[1 5],7,49,67,42,40
1,<environment.Job instance at 0x1530bf8c7e60>,20,1,[2 8],39,67,68,28,42
1,<environment.Job instance at 0x1530bf8c7c30>,23,3,[9 1],42,47,50,5,43
1,<environment.Job instance at 0x1530bf8c7690>,22,2,[6 2],41,44,46,3,44
1,<environment.Job instance at 0x1530bfb50a00>,28,17,[2 8],47,68,85,21,66
1,<environment.Job instance at 0x1530bfb50dc0>,29,2,[6 1],49,66,68,17,66
1,<environment.Job instance at 0x1530bfb503c0>,31,3,[9 2],52,85,88,33,66
1,<environment.Job instance at 0x1530bfb50b90>,33,17,[1 9],54,88,105,34,79
1,<environment.Job instance at 0x1530bfb507d0>,34,3,[9 2],55,105,108,50,79
1,<environment.Job instance at 0x1530bfb50280>,38,13,[10  1],65,108,121,43,92
1,<environment.Job instance at 0x1530bfb50820>,27,21,[1 8],46,124,145,78,124
1,<environment.Job instance at 0x1530bfa89320>,45,3,[6 2],77,128,131,51,128
1,<environment.Job instance at 0x1530bfa89a00>,46,1,[8 1],79,131,132,52,130
1,<environment.Job instance at 0x1530bf8ca050>,48,1,[2 9],84,145,146,61,131
1,<environment.Job instance at 0x1530bf8ca960>,49,2,[7 2],85,133,135,48,133
1,<environment.Job instance at 0x1530bfafc9b0>,54,16,[ 1 10],92,146,162,54,145
1,<environment.Job instance at 0x1530bfafca50>,55,3,[2 5],94,162,165,68,147
1,<environment.Job instance at 0x1530bfafc410>,62,1,[6 2],101,162,163,61,160
1,<environment.Job instance at 0x1530bfafcb40>,60,15,[6 1],99,163,178,64,160
1,<environment.Job instance at 0x1530bfafc690>,64,1,[7 1],104,178,179,74,160
1,<environment.Job instance at 0x15310277a640>,66,3,[ 1 10],106,179,182,73,162
1,<environment.Job instance at 0x15310277ab90>,72,1,[6 2],116,182,183,66,164
1,<environment.Job instance at 0x153107824280>,75,3,[7 2],119,183,186,64,164
1,<environment.Job instance at 0x153107824c30>,76,14,[1 5],121,182,196,61,168
1,<environment.Job instance at 0x1530bf8c75f0>,18,3,[10  2],34,196,199,162,175
1,<environment.Job instance at 0x1531078241e0>,79,17,[2 8],126,199,216,73,187
1,<environment.Job instance at 0x1530bfb121e0>,87,2,[7 2],138,201,203,63,201
1,<environment.Job instance at 0x1530bfb12910>,88,16,[1 9],139,216,232,77,208
1,<environment.Job instance at 0x1530bfb12be0>,94,12,[1 7],147,232,244,85,221
1,<environment.Job instance at 0x153107824a50>,80,25,[8 1],129,239,264,110,239
1,<environment.Job instance at 0x1530bfb12500>,90,12,[2 9],142,244,256,102,244
1,<environment.Job instance at 0x1530bf08b870>,0,17,[2 9],1,1,18,0,1
1,<environment.Job instance at 0x1530bf432140>,5,12,[ 1 10],7,18,30,11,7
1,<environment.Job instance at 0x1530bf90bd20>,2,2,[6 2],3,30,32,27,7
1,<environment.Job instance at 0x1530bf432c80>,7,1,[1 6],10,30,31,20,10
1,<environment.Job instance at 0x1530bf432af0>,9,1,[1 7],12,31,32,19,13
1,<environment.Job instance at 0x1530bf3c5c80>,13,3,[7 1],16,32,35,16,16
1,<environment.Job instance at 0x1530bf3c5b40>,15,2,[1 9],19,32,34,13,19
1,<environment.Job instance at 0x1530bf3c50f0>,18,13,[2 8],23,34,47,11,23
1,<environment.Job instance at 0x1530bf43ac80>,21,1,[10  1],28,47,48,19,28
1,<environment.Job instance at 0x1530bf3c5550>,12,16,[ 2 10],15,48,64,33,39
1,<environment.Job instance at 0x1530bf43a730>,29,3,[2 7],38,64,67,26,45
1,<environment.Job instance at 0x1530bf43df50>,35,14,[2 6],45,67,81,22,62
1,<environment.Job instance at 0x1530bf43dc80>,37,17,[2 5],47,81,98,34,70
1,<environment.Job instance at 0x1530bf43d910>,33,2,[1 5],42,81,83,39,81
1,<environment.Job instance at 0x1530bf43d730>,41,2,[5 1],52,83,85,31,81
1,<environment.Job instance at 0x1530bf3cdc30>,49,13,[6 1],64,88,101,24,88
1,<environment.Job instance at 0x1530bf3cd910>,52,3,[5 1],67,101,104,34,88
1,<environment.Job instance at 0x1530bf3cdc80>,53,2,[ 1 10],68,104,106,36,88
1,<environment.Job instance at 0x1530bf3cdd70>,54,13,[2 6],69,106,119,37,90
1,<environment.Job instance at 0x1530bf43ad20>,30,15,[7 2],39,118,133,79,118
1,<environment.Job instance at 0x1530bf3c97d0>,58,17,[2 7],75,127,144,52,127
1,<environment.Job instance at 0x1530bf3c9cd0>,60,16,[6 1],77,133,149,56,129
1,<environment.Job instance at 0x1530bf3c9370>,61,1,[8 2],78,149,150,71,143
1,<environment.Job instance at 0x1530bf3c9c30>,62,1,[5 2],79,150,151,71,143
1,<environment.Job instance at 0x1530bf43adc0>,26,21,[ 2 10],34,154,175,120,154
1,<environment.Job instance at 0x1530bf3c9a50>,63,1,[7 1],80,175,176,95,158
1,<environment.Job instance at 0x1530bf3d1cd0>,66,13,[2 9],83,175,188,92,164
1,<environment.Job instance at 0x1530bf3d5cd0>,77,3,[2 7],96,188,191,92,188
1,<environment.Job instance at 0x1530bf3d19b0>,68,3,[8 2],86,188,191,102,188
1,<environment.Job instance at 0x1530bf3d1960>,74,3,[10  1],93,191,194,98,188
1,<environment.Job instance at 0x1530bf3d5370>,83,2,[2 5],102,198,200,96,198
1,<environment.Job instance at 0x1530bf3d5280>,86,15,[ 2 10],106,223,238,117,223
1,<environment.Job instance at 0x1530bf3d5eb0>,81,2,[8 2],100,238,240,138,224
1,<environment.Job instance at 0x1530bf3df5a0>,90,3,[7 2],111,240,243,129,240
1,<environment.Job instance at 0x1530bf3df280>,91,2,[2 9],112,243,245,131,242
1,<environment.Job instance at 0x1530bf3df730>,92,2,[2 7],113,245,247,132,242
1,<environment.Job instance at 0x1530bf3dfbe0>,89,17,[1 7],110,247,264,137,247
1,<environment.Job instance at 0x1530bf3d5d70>,80,3,[5 2],99,258,261,159,258
1,<environment.Job instance at 0x1530bf3df6e0>,93,18,[6 1],115,263,281,148,263
1,<environment.Job instance at 0x15310814ac80>,108,2,[7 2],136,281,283,145,281
1,<environment.Job instance at 0x1531096eebe0>,115,14,[5 2],149,330,344,181,330
1,<environment.Job instance at 0x15310826a640>,114,1,[1 5],147,330,331,183,330
1,<environment.Job instance at 0x153102573c30>,112,15,[10  2],144,344,359,200,339
1,<environment.Job instance at 0x153108202f00>,110,2,[6 1],139,359,361,220,348
1,<environment.Job instance at 0x1530bf97c8c0>,1,2,[1 9],2,6,8,4,6
1,<environment.Job instance at 0x1530bf6695a0>,5,2,[10  2],7,8,10,1,8
1,<environment.Job instance at 0x1530bf669640>,7,1,[7 2],12,13,14,1,13
1,<environment.Job instance at 0x1530bf6696e0>,9,3,[2 5],14,18,21,4,18
1,<environment.Job instance at 0x1530bf669c80>,12,1,[10  1],18,21,22,3,18
1,<environment.Job instance at 0x153100f65d20>,16,1,[1 9],24,29,30,5,29
1,<environment.Job instance at 0x153100f653c0>,17,1,[8 2],27,32,33,5,32
1,<environment.Job instance at 0x153100f65af0>,22,13,[7 2],34,34,47,0,34
1,<environment.Job instance at 0x1530bf664f50>,23,3,[6 2],36,47,50,11,44
1,<environment.Job instance at 0x153100f65e10>,18,22,[2 5],29,60,82,31,60
1,<environment.Job instance at 0x1530bf664aa0>,25,15,[2 5],39,100,115,61,100
1,<environment.Job instance at 0x1530bf664910>,27,2,[7 1],41,100,102,59,100
1,<environment.Job instance at 0x1530bf664780>,29,2,[10  2],43,116,118,73,116
1,<environment.Job instance at 0x1530bfb4ab40>,34,2,[2 7],49,126,128,77,126
1,<environment.Job instance at 0x1530bfb4a0f0>,35,3,[9 2],51,131,134,80,131
1,<environment.Job instance at 0x1530bfb4adc0>,36,3,[10  1],52,138,141,86,138
1,<environment.Job instance at 0x1530bfb4ae10>,38,2,[8 2],60,143,145,83,143
1,<environment.Job instance at 0x1530beecbe60>,40,3,[1 9],62,151,154,89,151
1,<environment.Job instance at 0x1530beeaad70>,41,13,[2 9],66,154,167,88,154
1,<environment.Job instance at 0x1530beeaae10>,44,1,[1 8],70,173,174,103,173
1,<environment.Job instance at 0x1530beef0870>,47,15,[10  1],73,206,221,133,206
1,<environment.Job instance at 0x1530beef0a50>,49,1,[8 2],75,227,228,152,227
1,<environment.Job instance at 0x1530beef0780>,53,2,[2 6],79,294,296,215,294
1,<environment.Job instance at 0x1530beeb79b0>,55,1,[7 2],82,300,301,218,300
1,<environment.Job instance at 0x1530beeb7a00>,56,12,[6 2],83,322,334,239,322
1,<environment.Job instance at 0x1530beeb7a50>,57,3,[1 7],84,329,332,245,329
1,<environment.Job instance at 0x1530beeb7cd0>,59,3,[9 1],87,334,337,247,331
1,<environment.Job instance at 0x1530beeb7fa0>,61,14,[ 2 10],89,423,437,334,423
1,<environment.Job instance at 0x1530bee91a50>,64,16,[1 8],92,453,469,361,453
1,<environment.Job instance at 0x1530beeb7910>,62,14,[9 2],90,465,479,375,465
1,<environment.Job instance at 0x1530befbd640>,65,1,[6 1],93,479,480,386,465
1,<environment.Job instance at 0x1530bf0454b0>,71,26,[1 6],101,469,495,368,466
1,<environment.Job instance at 0x1530bfb14cd0>,75,14,[ 1 10],107,495,509,388,480
1,<environment.Job instance at 0x1530bfb20a00>,88,13,[2 5],128,510,523,382,510
1,<environment.Job instance at 0x153103336eb0>,69,1,[9 2],97,523,524,426,511
1,<environment.Job instance at 0x1530bfb5de10>,0,15,[ 2 10],2,2,17,0,2
1,<environment.Job instance at 0x1530bfb20b40>,2,2,[7 2],4,17,19,13,5
1,<environment.Job instance at 0x1531082182d0>,5,1,[6 2],8,19,20,11,8
1,<environment.Job instance at 0x153108218730>,11,3,[8 2],15,20,23,5,15
1,<environment.Job instance at 0x153108218c80>,7,16,[2 9],10,23,39,13,16
1,<environment.Job instance at 0x153108218f50>,10,3,[2 8],13,18,21,5,18
1,<environment.Job instance at 0x1531082222d0>,14,2,[8 1],18,23,25,5,20
1,<environment.Job instance at 0x153108222870>,16,2,[1 8],21,39,41,18,26
1,<environment.Job instance at 0x1531081f24b0>,19,2,[2 7],26,41,43,15,26
1,<environment.Job instance at 0x1531081f2050>,24,2,[6 2],31,39,41,8,35
1,<environment.Job instance at 0x15310822d370>,26,2,[5 2],35,41,43,6,35
1,<environment.Job instance at 0x1531081f2f00>,23,3,[2 8],30,43,46,13,38
1,<environment.Job instance at 0x15310822df00>,31,1,[2 6],42,46,47,4,43
1,<environment.Job instance at 0x15310822daa0>,28,3,[6 1],37,46,49,9,46
1,<environment.Job instance at 0x15310822db90>,33,1,[5 1],44,49,50,5,46
1,<environment.Job instance at 0x153108147c80>,38,2,[8 2],53,53,55,0,53
1,<environment.Job instance at 0x1531081475a0>,39,17,[10  1],56,56,73,0,56
1,<environment.Job instance at 0x15310822d960>,29,2,[ 1 10],38,73,75,35,56
1,<environment.Job instance at 0x153100c7f730>,44,14,[2 6],63,75,89,12,69
1,<environment.Job instance at 0x153100c7fdc0>,48,1,[1 7],70,89,90,19,70
1,<environment.Job instance at 0x153100c7f1e0>,47,1,[1 7],68,90,91,22,70
1,<environment.Job instance at 0x153100c7f910>,49,12,[2 8],71,91,103,20,79
1,<environment.Job instance at 0x1530bfa7e690>,55,3,[ 1 10],81,103,106,22,89
1,<environment.Job instance at 0x1531033bb8c0>,56,1,[8 2],82,95,96,13,95
1,<environment.Job instance at 0x153100c7f370>,46,2,[2 8],65,106,108,41,98
1,<environment.Job instance at 0x1531033acc30>,64,1,[1 7],94,117,118,23,117
1,<environment.Job instance at 0x1531033ac1e0>,65,3,[2 8],95,118,121,23,117
1,<environment.Job instance at 0x1531058a86e0>,63,3,[8 2],93,117,120,24,117
1,<environment.Job instance at 0x1530bfa8f640>,61,1,[2 6],89,121,122,32,117
1,<environment.Job instance at 0x1530bef79140>,69,21,[9 1],101,122,143,21,117
1,<environment.Job instance at 0x1530bef79f00>,73,2,[ 2 10],106,143,145,37,118
1,<environment.Job instance at 0x1530bef794b0>,80,3,[9 1],116,145,148,29,119
1,<environment.Job instance at 0x1530bf045370>,68,1,[1 7],100,125,126,25,125
1,<environment.Job instance at 0x1531033ae050>,85,15,[6 1],123,148,163,25,140
1,<environment.Job instance at 0x1531033ae230>,88,1,[5 1],126,163,164,37,140
1,<environment.Job instance at 0x1531033ae0a0>,90,1,[1 8],130,140,141,10,140
1,<environment.Job instance at 0x1531033ae460>,93,14,[ 1 10],134,164,178,30,154
1,<environment.Job instance at 0x153103330910>,94,1,[7 2],135,178,179,43,154
1,<environment.Job instance at 0x153103330f00>,95,1,[10  1],136,179,180,43,154
1,<environment.Job instance at 0x153103330730>,96,3,[2 5],138,154,157,16,154
1,<environment.Job instance at 0x1530bef1f780>,99,3,[2 9],141,180,183,39,166
1,<environment.Job instance at 0x1530bef1fa50>,100,1,[1 6],142,178,179,36,168
1,<environment.Job instance at 0x1531025db410>,104,3,[9 2],146,183,186,37,171
1,<environment.Job instance at 0x1531077db500>,107,3,[2 5],149,186,189,37,173
1,<environment.Job instance at 0x1531025db5f0>,101,1,[10  1],143,229,230,86,229
1,<environment.Job instance at 0x1530bef798c0>,71,15,[10  2],103,310,325,207,310
1,<environment.Job instance at 0x15310971b370>,2,17,[7 2],3,4,21,1,4
1,<environment.Job instance at 0x1530bfb146e0>,5,13,[2 8],7,7,20,0,7
1,<environment.Job instance at 0x1530bfb14280>,7,17,[ 2 10],9,21,38,12,13
1,<environment.Job instance at 0x1530bfb14c80>,12,2,[1 7],19,38,40,19,19
1,<environment.Job instance at 0x1530bfabaf50>,17,17,[1 8],25,40,57,15,29
1,<environment.Job instance at 0x1530bfaba9b0>,16,3,[2 9],23,57,60,34,41
1,<environment.Job instance at 0x1530bfabac80>,22,1,[1 5],31,60,61,29,42
1,<environment.Job instance at 0x1530bfabac30>,21,2,[1 5],30,60,62,30,47
1,<environment.Job instance at 0x15310821c6e0>,27,1,[ 1 10],37,62,63,25,50
1,<environment.Job instance at 0x1530bfb665a0>,30,17,[5 2],40,63,80,23,53
1,<environment.Job instance at 0x1530bfb66b90>,39,3,[1 6],51,80,83,29,80
1,<environment.Job instance at 0x1530bfb66730>,40,2,[1 8],53,83,85,30,80
1,<environment.Job instance at 0x1530bfb66d20>,38,15,[2 5],50,85,100,35,84
1,<environment.Job instance at 0x1530bf1d2dc0>,43,3,[1 5],58,86,89,28,86
1,<environment.Job instance at 0x1530bf1d2960>,41,17,[7 1],54,100,117,46,100
1,<environment.Job instance at 0x1530bf1d2190>,46,16,[7 1],61,117,133,56,116
1,<environment.Job instance at 0x1530bfb11780>,49,2,[5 1],64,133,135,69,118
1,<environment.Job instance at 0x1530bfb113c0>,51,1,[1 6],66,128,129,62,128
1,<environment.Job instance at 0x1530bfb11730>,53,3,[1 9],68,136,139,68,136
1,<environment.Job instance at 0x1530bfb11870>,48,14,[1 8],63,139,153,76,139
1,<environment.Job instance at 0x1530bfb112d0>,54,3,[6 1],69,141,144,72,141
1,<environment.Job instance at 0x1531081699b0>,56,2,[7 1],76,144,146,68,142
1,<environment.Job instance at 0x1530bfabaa50>,15,15,[6 2],22,146,161,124,142
1,<environment.Job instance at 0x153108169be0>,62,1,[5 1],82,161,162,79,159
1,<environment.Job instance at 0x153108169500>,63,12,[ 1 10],83,183,195,100,183
1,<environment.Job instance at 0x153102761870>,66,3,[5 2],88,195,198,107,184
1,<environment.Job instance at 0x1530bfb11500>,57,17,[8 1],77,198,215,121,188
1,<environment.Job instance at 0x153103057460>,69,2,[8 2],92,215,217,123,188
1,<environment.Job instance at 0x1531030575f0>,70,14,[2 9],97,217,231,120,202
1,<environment.Job instance at 0x153103057050>,74,1,[2 8],103,208,209,105,208
1,<environment.Job instance at 0x1531030572d0>,76,3,[2 6],105,209,212,104,209
1,<environment.Job instance at 0x153103057cd0>,72,13,[7 2],100,231,244,131,226
1,<environment.Job instance at 0x1531030570f0>,77,2,[7 1],107,226,228,119,226
1,<environment.Job instance at 0x1530bfb71230>,85,2,[2 6],120,231,233,111,227
1,<environment.Job instance at 0x1530bfb71a00>,88,1,[2 8],124,233,234,109,232
1,<environment.Job instance at 0x1530bfb71910>,90,3,[10  1],128,244,247,116,235
1,<environment.Job instance at 0x1530bfb71690>,92,3,[7 2],131,247,250,116,235
1,<environment.Job instance at 0x1530bfb1b550>,93,28,[2 5],133,255,283,122,255
1,<environment.Job instance at 0x1530bfb1bf00>,95,1,[1 9],135,283,284,148,257
1,<environment.Job instance at 0x1531030577d0>,80,3,[1 9],111,284,287,173,266
1,<environment.Job instance at 0x1530bf77ac80>,104,1,[1 6],148,412,413,264,412
1,<environment.Job instance at 0x153102548fa0>,0,2,[6 2],1,5,7,4,5
1,<environment.Job instance at 0x153102548280>,2,1,[10  1],6,8,9,2,8
1,<environment.Job instance at 0x1531024180a0>,5,3,[1 5],9,10,13,1,10
1,<environment.Job instance at 0x153102418050>,6,2,[10  2],10,13,15,3,11
1,<environment.Job instance at 0x153102418190>,8,1,[1 8],12,15,16,3,14
1,<environment.Job instance at 0x153102709e60>,13,13,[10  1],18,18,31,0,18
1,<environment.Job instance at 0x1530bf4a4c80>,15,2,[8 1],20,31,33,11,20
1,<environment.Job instance at 0x153102709140>,10,3,[2 7],14,31,34,17,21
1,<environment.Job instance at 0x153102709280>,12,2,[7 2],16,33,35,17,24
1,<environment.Job instance at 0x1530bf4a45f0>,17,1,[9 1],22,35,36,13,26
1,<environment.Job instance at 0x1530bf4a4500>,20,1,[2 7],28,34,35,6,33
1,<environment.Job instance at 0x1530bf4a40f0>,23,3,[9 1],32,36,39,4,36
1,<environment.Job instance at 0x1530bf4a4a50>,25,1,[2 5],34,39,40,5,38
1,<environment.Job instance at 0x15310824ee10>,28,17,[10  1],38,40,57,2,40
1,<environment.Job instance at 0x1531024f7500>,31,2,[2 6],41,57,59,16,41
1,<environment.Job instance at 0x1531024f79b0>,32,3,[1 9],42,59,62,17,43
1,<environment.Job instance at 0x153108102050>,39,14,[5 2],54,62,76,8,60
1,<environment.Job instance at 0x153108102cd0>,41,3,[1 9],56,76,79,20,64
1,<environment.Job instance at 0x1531080c6a00>,44,21,[10  2],62,79,100,17,72
1,<environment.Job instance at 0x1530bf3c90f0>,49,2,[6 1],73,76,78,3,73
1,<environment.Job instance at 0x1531080c6d20>,46,3,[1 7],65,100,103,35,92
1,<environment.Job instance at 0x1530bf3c9500>,51,1,[10  2],75,103,104,28,96
1,<environment.Job instance at 0x1530bf3c9410>,53,13,[2 9],77,104,117,27,99
1,<environment.Job instance at 0x1530bf3c9c80>,55,1,[9 1],80,100,101,20,100
1,<environment.Job instance at 0x1530bf3c9aa0>,57,3,[5 1],83,104,107,21,100
1,<environment.Job instance at 0x1530bf456140>,70,12,[2 9],107,131,143,24,131
1,<environment.Job instance at 0x153103057690>,75,3,[9 2],114,143,146,29,131
1,<environment.Job instance at 0x1530bf460280>,76,2,[2 5],115,146,148,31,131
1,<environment.Job instance at 0x153100c686e0>,79,1,[1 8],118,143,144,25,131
1,<environment.Job instance at 0x1531024d3190>,82,2,[2 6],121,148,150,27,131
1,<environment.Job instance at 0x1530bfab1870>,81,1,[1 9],120,150,151,30,132
1,<environment.Job instance at 0x1531024c1c80>,85,1,[8 1],126,133,134,7,133
1,<environment.Job instance at 0x1530bf30b3c0>,89,14,[ 2 10],130,151,165,21,137
1,<environment.Job instance at 0x1530bf5f3730>,98,1,[6 1],147,173,174,26,173
1,<environment.Job instance at 0x1531024cf7d0>,96,2,[1 6],145,247,249,102,247
1,<environment.Job instance at 0x1530bf30b370>,0,1,[2 9],1,1,2,0,1
1,<environment.Job instance at 0x1530bf33b280>,5,3,[10  2],7,7,10,0,7
1,<environment.Job instance at 0x1530bf33b460>,7,2,[9 2],11,11,13,0,11
1,<environment.Job instance at 0x1530bf33b370>,9,1,[8 1],16,16,17,0,16
1,<environment.Job instance at 0x1530bf33bf00>,10,15,[7 1],17,18,33,1,18
1,<environment.Job instance at 0x1530bf33b8c0>,12,12,[7 2],19,33,45,14,19
1,<environment.Job instance at 0x1530bf33b410>,13,13,[1 9],20,20,33,0,20
1,<environment.Job instance at 0x1530bf33bdc0>,8,2,[2 7],15,33,35,18,20
1,<environment.Job instance at 0x1530bf33b730>,14,2,[7 2],21,45,47,24,22
1,<environment.Job instance at 0x1530bf33b050>,15,1,[ 2 10],22,47,48,25,25
1,<environment.Job instance at 0x1530bfa99b90>,19,1,[9 2],28,48,49,20,28
1,<environment.Job instance at 0x1530bfa99e60>,18,3,[10  1],27,49,52,22,28
1,<environment.Job instance at 0x1530bfa99320>,23,2,[10  2],32,52,54,20,35
1,<environment.Job instance at 0x1530bf1baa50>,28,3,[1 8],40,40,43,0,40
1,<environment.Job instance at 0x1530bf1bab90>,29,19,[5 2],41,54,73,13,44
1,<environment.Job instance at 0x15310819fb40>,31,3,[1 7],43,54,57,11,54
1,<environment.Job instance at 0x1530beef39b0>,40,16,[1 5],53,57,73,4,54
1,<environment.Job instance at 0x1530beef3410>,41,3,[2 5],54,73,76,19,54
1,<environment.Job instance at 0x1531007e3190>,42,3,[2 8],56,76,79,20,56
1,<environment.Job instance at 0x1531080e9050>,38,1,[1 6],51,79,80,28,61
1,<environment.Job instance at 0x1530bfa99eb0>,22,13,[1 9],31,80,93,49,64
1,<environment.Job instance at 0x153102430dc0>,47,15,[9 1],62,79,94,17,66
1,<environment.Job instance at 0x1530bf5f3a50>,55,3,[8 2],71,73,76,2,71
1,<environment.Job instance at 0x15310256c0a0>,56,3,[ 2 10],72,94,97,22,72
1,<environment.Job instance at 0x1531024da550>,51,2,[1 7],66,97,99,31,72
1,<environment.Job instance at 0x1530bf8d92d0>,57,2,[9 1],74,97,99,23,75
1,<environment.Job instance at 0x1530beef3b40>,45,2,[2 5],60,99,101,39,86
1,<environment.Job instance at 0x1530bf6d7c30>,62,15,[10  1],83,101,116,18,87
1,<environment.Job instance at 0x1530bf6e34b0>,72,1,[ 2 10],95,116,117,21,97
1,<environment.Job instance at 0x1530bf6f83c0>,70,2,[8 1],92,99,101,7,97
1,<environment.Job instance at 0x153102430780>,49,13,[8 1],64,117,130,53,116
1,<environment.Job instance at 0x1531024cfdc0>,77,3,[2 5],103,117,120,14,116
1,<environment.Job instance at 0x1531024cf730>,79,15,[5 1],106,168,183,62,168
1,<environment.Job instance at 0x1531024cfe60>,81,1,[6 1],108,183,184,75,175
1,<environment.Job instance at 0x1530bf6e35a0>,73,3,[ 2 10],97,184,187,87,184
1,<environment.Job instance at 0x153100d03cd0>,83,16,[2 9],110,202,218,92,202
1,<environment.Job instance at 0x1531024f4cd0>,84,3,[2 6],111,218,221,107,210
1,<environment.Job instance at 0x153100d03e60>,82,18,[8 2],109,225,243,116,225
1,<environment.Job instance at 0x1531024f40f0>,87,3,[7 1],114,243,246,129,233
1,<environment.Job instance at 0x1531024f4dc0>,88,2,[2 6],115,246,248,131,246
1,<environment.Job instance at 0x1531024f4550>,90,18,[1 6],118,251,269,133,251
1,<environment.Job instance at 0x1531077ca230>,96,2,[6 2],126,271,273,145,271
1,<environment.Job instance at 0x1530bf8f57d0>,97,16,[2 8],128,338,354,210,338
1,<environment.Job instance at 0x1530bf411fa0>,98,2,[9 1],129,354,356,225,340
1,<environment.Job instance at 0x1530bf4115a0>,99,18,[2 5],130,375,393,245,375
1,<environment.Job instance at 0x1530bf37ca00>,101,1,[6 1],134,400,401,266,400
1,<environment.Job instance at 0x1530bf8c9190>,102,3,[10  1],135,402,405,267,402
1,<environment.Job instance at 0x1530bf8c91e0>,103,3,[6 2],136,407,410,271,407
1,<environment.Job instance at 0x1530bf6d8550>,94,15,[1 5],123,1101,1116,978,1101
1,<environment.Job instance at 0x1531024f4280>,85,3,[2 6],112,1201,1204,1089,1201
1,<environment.Job instance at 0x1530bfab3f00>,110,3,[7 1],143,1274,1277,1131,1274
1,<environment.Job instance at 0x1530bfab3aa0>,111,1,[8 2],144,1278,1279,1134,1278
1,<environment.Job instance at 0x15310303e500>,113,15,[1 8],147,1298,1313,1151,1298
1,<environment.Job instance at 0x1530bf8dfaf0>,112,28,[ 2 10],146,1513,1541,1367,1513
1,<environment.Job instance at 0x15310303e2d0>,114,2,[8 2],148,1549,1551,1401,1549
1,<environment.Job instance at 0x1530bf537d20>,0,3,[10  1],1,2,5,1,2
1,<environment.Job instance at 0x1531026c3d70>,2,2,[10  1],4,5,7,1,4
1,<environment.Job instance at 0x1531026c3b40>,5,1,[8 1],9,11,12,2,11
1,<environment.Job instance at 0x1531026c3be0>,8,3,[2 7],15,16,19,1,16
1,<environment.Job instance at 0x1531026c37d0>,10,17,[5 2],20,20,37,0,20
1,<environment.Job instance at 0x1531026c3f00>,4,1,[5 2],8,20,21,12,20
1,<environment.Job instance at 0x1531026c3910>,11,3,[8 2],21,37,40,16,24
1,<environment.Job instance at 0x15310248ff00>,15,3,[9 1],27,40,43,13,33
1,<environment.Job instance at 0x15310248f3c0>,16,2,[9 1],29,43,45,14,36
1,<environment.Job instance at 0x1531058d9960>,18,3,[1 7],33,43,46,10,43
1,<environment.Job instance at 0x1531058d9320>,21,2,[10  1],36,62,64,26,62
1,<environment.Job instance at 0x153102598460>,26,3,[2 9],42,74,77,32,74
1,<environment.Job instance at 0x1531058d9140>,23,2,[2 5],38,78,80,40,78
1,<environment.Job instance at 0x1531090a7780>,29,16,[5 2],46,80,96,34,80
1,<environment.Job instance at 0x1531090a72d0>,31,1,[10  2],49,96,97,47,80
1,<environment.Job instance at 0x1531090a7eb0>,30,3,[10  2],48,97,100,49,84
1,<environment.Job instance at 0x153102598e60>,28,1,[7 2],45,100,101,55,84
1,<environment.Job instance at 0x1531090a7320>,35,1,[9 1],54,101,102,47,84
1,<environment.Job instance at 0x1531090a75a0>,34,1,[1 7],52,100,101,48,97
1,<environment.Job instance at 0x153103336f00>,38,3,[10  2],58,106,109,48,106
1,<environment.Job instance at 0x153103336be0>,39,3,[ 1 10],59,156,159,97,156
1,<environment.Job instance at 0x153103336b90>,41,3,[ 2 10],62,218,221,156,218
1,<environment.Job instance at 0x153103336460>,42,2,[2 8],63,224,226,161,224
1,<environment.Job instance at 0x153103336500>,44,3,[2 8],67,270,273,203,270
1,<environment.Job instance at 0x1531033365f0>,43,2,[8 1],64,282,284,218,282
1,<environment.Job instance at 0x1531033368c0>,46,3,[2 9],70,308,311,238,308
1,<environment.Job instance at 0x153103336280>,48,2,[ 1 10],72,332,334,260,332
1,<environment.Job instance at 0x1530befa25a0>,50,1,[9 2],75,393,394,318,393
1,<environment.Job instance at 0x1530befa22d0>,52,2,[5 2],77,397,399,320,397
1,<environment.Job instance at 0x1530bf2c0fa0>,54,2,[1 7],81,469,471,388,469
1,<environment.Job instance at 0x153107815a00>,58,2,[5 1],87,851,853,764,851
1,<environment.Job instance at 0x153107815af0>,60,1,[10  1],89,877,878,788,877
1,<environment.Job instance at 0x1531078155f0>,62,3,[ 2 10],91,878,881,787,878
1,<environment.Job instance at 0x1531078154b0>,63,17,[2 9],93,1671,1688,1578,1671
1,<environment.Job instance at 0x153103c66820>,66,3,[2 5],96,1790,1793,1694,1790
1,<environment.Job instance at 0x153103c66cd0>,67,3,[1 7],97,1823,1826,1726,1823
1,<environment.Job instance at 0x153103c660f0>,68,2,[2 6],98,1826,1828,1728,1823
1,<environment.Job instance at 0x153103c66410>,69,2,[5 2],99,1832,1834,1733,1832
1,<environment.Job instance at 0x153103c66d70>,70,12,[ 1 10],100,1888,1900,1788,1888
1,<environment.Job instance at 0x153103c66f00>,71,2,[1 5],101,1943,1945,1842,1943
1,<environment.Job instance at 0x1530befa2190>,47,2,[10  2],71,1997,1999,1926,1997
1,<environment.Job instance at 0x153103c665a0>,72,12,[5 1],102,2156,2168,2054,2156
1,<environment.Job instance at 0x1530bf1baf50>,78,2,[1 8],111,2241,2243,2130,2241
1,<environment.Job instance at 0x153103c66a00>,80,1,[8 1],113,2305,2306,2192,2305
1,<environment.Job instance at 0x1531080e8140>,83,17,[2 7],118,2332,2349,2214,2332
1,<environment.Job instance at 0x153103c662d0>,74,3,[1 7],105,2349,2352,2244,2341
1,<environment.Job instance at 0x15310a22ca00>,84,12,[5 1],119,2382,2394,2263,2382
1,<environment.Job instance at 0x1531080e8fa0>,86,3,[2 6],122,2423,2426,2301,2423
1,<environment.Job instance at 0x1531077bd870>,95,3,[2 9],134,2554,2557,2420,2554
1,<environment.Job instance at 0x153103c5adc0>,97,1,[2 7],137,2572,2573,2435,2572
1,<environment.Job instance at 0x1531077bda00>,98,1,[7 2],138,2579,2580,2441,2579
1,<environment.Job instance at 0x153103c5a780>,99,25,[1 7],139,2623,2648,2484,2623
1,<environment.Job instance at 0x153103c5ad70>,100,1,[ 2 10],140,2648,2649,2508,2629
1,<environment.Job instance at 0x153103c5af50>,101,2,[2 5],141,2707,2709,2566,2707
1,<environment.Job instance at 0x153103c5af00>,103,1,[7 2],145,2820,2821,2675,2820
1,<environment.Job instance at 0x153103c5a550>,104,1,[1 8],146,2876,2877,2730,2876
1,<environment.Job instance at 0x1530bf751500>,1,3,[10  1],2,5,8,3,5
1,<environment.Job instance at 0x1530bf9c3550>,4,17,[7 2],6,12,29,6,12
1,<environment.Job instance at 0x1530bf751d70>,5,13,[2 5],7,17,30,10,17
1,<environment.Job instance at 0x1530bf9c3af0>,7,16,[6 1],10,29,45,19,19
1,<environment.Job instance at 0x1530bef7e960>,14,2,[8 1],21,45,47,24,25
1,<environment.Job instance at 0x153103369b40>,16,3,[1 7],23,30,33,7,25
1,<environment.Job instance at 0x1530bf9c3cd0>,11,3,[1 5],17,33,36,16,27
1,<environment.Job instance at 0x1530bf5cd190>,20,1,[1 5],28,36,37,8,31
1,<environment.Job instance at 0x153109b2b730>,21,1,[8 2],29,47,48,18,33
1,<environment.Job instance at 0x1531025e2cd0>,18,17,[1 5],26,43,60,17,43
1,<environment.Job instance at 0x1530bfbc8af0>,28,2,[7 1],36,48,50,12,48
1,<environment.Job instance at 0x1530bf3380f0>,30,1,[2 5],38,50,51,12,48
1,<environment.Job instance at 0x153100c47280>,29,15,[2 7],37,60,75,23,53
1,<environment.Job instance at 0x1530bef857d0>,32,2,[1 9],42,75,77,33,53
1,<environment.Job instance at 0x15310a176190>,33,2,[2 5],43,53,55,10,53
1,<environment.Job instance at 0x153100c2ee10>,38,2,[5 2],50,59,61,9,59
1,<environment.Job instance at 0x1530bf1b5fa0>,35,1,[8 1],47,61,62,14,59
1,<environment.Job instance at 0x153100c35f50>,41,16,[8 1],54,62,78,8,62
1,<environment.Job instance at 0x153100d05d70>,44,3,[1 7],58,77,80,19,64
1,<environment.Job instance at 0x153100d05190>,43,15,[8 2],56,78,93,22,64
1,<environment.Job instance at 0x1530bf53bd20>,51,16,[1 6],66,80,96,14,67
1,<environment.Job instance at 0x1530bf53bf00>,52,3,[2 6],68,96,99,28,70
1,<environment.Job instance at 0x153100c39500>,55,3,[5 1],71,93,96,22,76
1,<environment.Job instance at 0x1530bf42a370>,62,13,[ 2 10],82,99,112,17,84
1,<environment.Job instance at 0x1530bef41500>,68,2,[7 1],88,112,114,24,98
1,<environment.Job instance at 0x1530bf500910>,70,2,[2 8],90,112,114,22,98
1,<environment.Job instance at 0x153102736d70>,75,14,[9 2],99,114,128,15,101
1,<environment.Job instance at 0x1531026a5960>,77,3,[1 5],102,114,117,12,104
1,<environment.Job instance at 0x15310816aa50>,76,16,[8 2],101,128,144,27,115
1,<environment.Job instance at 0x1531026a5140>,78,2,[5 2],103,144,146,41,118
1,<environment.Job instance at 0x1530bee91f00>,86,1,[1 5],114,122,123,8,122
1,<environment.Job instance at 0x1530bee916e0>,87,2,[5 2],115,144,146,29,122
1,<environment.Job instance at 0x1530bee91b90>,89,2,[8 1],117,146,148,29,125
1,<environment.Job instance at 0x1530bfb64be0>,91,3,[10  2],119,148,151,29,125
1,<environment.Job instance at 0x1530bfb64370>,92,18,[2 5],120,151,169,31,140
1,<environment.Job instance at 0x1530bf7abb40>,93,3,[2 7],121,169,172,48,147
1,<environment.Job instance at 0x1531030511e0>,60,2,[2 7],79,188,190,109,188
1,<environment.Job instance at 0x153109701af0>,99,1,[6 1],127,192,193,65,192
1,<environment.Job instance at 0x153107a69af0>,110,28,[ 2 10],141,526,554,385,526
1,<environment.Job instance at 0x153107a69050>,112,14,[2 5],146,637,651,491,637
1,<environment.Job instance at 0x153107a69910>,115,14,[1 7],149,699,713,550,699
1,<environment.Job instance at 0x153109701910>,102,3,[5 2],130,744,747,614,744
1,<environment.Job instance at 0x1530bf339b90>,0,2,[8 1],1,3,5,2,3
1,<environment.Job instance at 0x1530bf339a00>,1,2,[6 2],3,7,9,4,7
1,<environment.Job instance at 0x1530bfbc2c80>,4,1,[9 1],8,11,12,3,11
1,<environment.Job instance at 0x1530bf65cf50>,7,2,[2 9],12,12,14,0,12
1,<environment.Job instance at 0x1530bf65c6e0>,8,17,[2 9],13,14,31,1,14
1,<environment.Job instance at 0x1530bfbc2dc0>,9,3,[7 1],14,15,18,1,15
1,<environment.Job instance at 0x1530bf956230>,15,3,[2 8],21,31,34,10,21
1,<environment.Job instance at 0x1530bfbc2910>,5,2,[9 1],9,34,36,25,22
1,<environment.Job instance at 0x1530bf956280>,17,1,[2 5],24,36,37,12,25
1,<environment.Job instance at 0x153103077960>,19,3,[1 6],29,37,40,8,29
1,<environment.Job instance at 0x1531033cdfa0>,20,3,[2 6],30,40,43,10,30
1,<environment.Job instance at 0x1530bfbd7f50>,22,16,[7 2],32,36,52,4,32
1,<environment.Job instance at 0x1530beea30f0>,23,12,[9 1],33,52,64,19,36
1,<environment.Job instance at 0x1530bf5c6640>,26,2,[1 6],39,43,45,4,39
1,<environment.Job instance at 0x1530bf109190>,29,1,[2 8],46,46,47,0,46
1,<environment.Job instance at 0x1530bf121690>,31,13,[1 8],48,48,61,0,48
1,<environment.Job instance at 0x1530bf121be0>,32,3,[5 1],50,64,67,14,53
1,<environment.Job instance at 0x1530bf121140>,34,2,[7 2],54,67,69,13,54
1,<environment.Job instance at 0x1530bf121a00>,36,14,[10  2],56,69,83,13,56
1,<environment.Job instance at 0x1530bf127e10>,37,3,[2 6],57,64,67,7,57
1,<environment.Job instance at 0x1531026735f0>,41,3,[1 9],66,83,86,17,66
1,<environment.Job instance at 0x1530bf5f17d0>,43,1,[9 1],68,83,84,15,68
1,<environment.Job instance at 0x1531026636e0>,44,23,[9 1],70,84,107,14,78
1,<environment.Job instance at 0x1530bf111b40>,51,1,[10  1],80,107,108,27,88
1,<environment.Job instance at 0x1531030553c0>,53,2,[10  1],82,108,110,26,88
1,<environment.Job instance at 0x1530bf13bbe0>,55,3,[6 2],84,110,113,26,90
1,<environment.Job instance at 0x1530bf13b910>,57,2,[5 1],89,113,115,24,90
1,<environment.Job instance at 0x1530bf13b5f0>,58,18,[2 9],91,113,131,22,103
1,<environment.Job instance at 0x1530bf13b410>,63,3,[6 1],99,115,118,16,104
1,<environment.Job instance at 0x15310268b230>,66,2,[9 1],102,131,133,29,110
1,<environment.Job instance at 0x1530befb0eb0>,39,18,[1 6],61,154,172,93,154
1,<environment.Job instance at 0x1531026634b0>,46,18,[1 7],72,202,220,130,202
1,<environment.Job instance at 0x1530bf7d1960>,75,2,[1 8],113,220,222,107,206
1,<environment.Job instance at 0x1530bf7d1c80>,80,17,[7 2],121,210,227,89,210
1,<environment.Job instance at 0x1530bf7d1460>,85,1,[6 1],129,227,228,98,216
1,<environment.Job instance at 0x15310268b410>,74,3,[5 2],112,228,231,116,217
1,<environment.Job instance at 0x1530bf7d1230>,91,2,[ 1 10],141,231,233,90,217
1,<environment.Job instance at 0x1530bf7d1f00>,90,2,[7 1],138,233,235,95,218
1,<environment.Job instance at 0x1530bf7d1e60>,92,1,[ 2 10],142,235,236,93,221
1,<environment.Job instance at 0x1530bf7d1410>,94,17,[ 1 10],145,236,253,91,224
1,<environment.Job instance at 0x1530bf7d1870>,89,3,[ 2 10],136,253,256,117,239
1,<environment.Job instance at 0x1530bf1b5cd0>,1,1,[1 6],2,2,3,0,2
1,<environment.Job instance at 0x1530bf0f6be0>,4,2,[10  2],6,10,12,4,10
1,<environment.Job instance at 0x1530bf0f6c30>,6,14,[6 2],10,12,26,2,10
1,<environment.Job instance at 0x1530bf0f6e10>,7,1,[5 2],11,26,27,15,14
1,<environment.Job instance at 0x1530bf0f25f0>,12,12,[5 2],17,26,38,9,20
1,<environment.Job instance at 0x1530bf0f2910>,15,2,[5 2],22,27,29,5,24
1,<environment.Job instance at 0x1530bf0f6f00>,8,18,[10  2],12,38,56,26,29
1,<environment.Job instance at 0x1530bf0ef320>,23,14,[7 1],39,56,70,17,42
1,<environment.Job instance at 0x1530bf0ef6e0>,26,2,[8 1],46,70,72,24,46
1,<environment.Job instance at 0x1530bf0efeb0>,33,1,[6 1],54,72,73,18,54
1,<environment.Job instance at 0x1530bf0efe10>,32,1,[8 1],53,73,74,20,55
1,<environment.Job instance at 0x1530bf0efb90>,30,17,[1 9],51,63,80,12,63
1,<environment.Job instance at 0x1530bf0ee550>,37,1,[2 8],64,80,81,16,64
1,<environment.Job instance at 0x1530bf0ee780>,39,18,[2 8],68,81,99,13,71
1,<environment.Job instance at 0x1530bf0f2f50>,20,13,[5 2],33,80,93,47,71
1,<environment.Job instance at 0x1530bf0eeaf0>,41,2,[6 2],72,93,95,21,72
1,<environment.Job instance at 0x1530bf0eb550>,50,2,[10  1],87,99,101,12,87
1,<environment.Job instance at 0x1530bf0eb690>,51,2,[8 1],88,95,97,7,90
1,<environment.Job instance at 0x1530bf0eb8c0>,53,1,[1 9],91,101,102,10,91
1,<environment.Job instance at 0x1530bf0eba50>,54,18,[8 2],92,102,120,10,92
1,<environment.Job instance at 0x1530bf0eb7d0>,52,3,[2 9],90,120,123,30,94
1,<environment.Job instance at 0x1530bf0ebf50>,57,1,[6 1],95,97,98,2,95
1,<environment.Job instance at 0x1530bf0ebcd0>,58,1,[5 2],97,98,99,1,98
1,<environment.Job instance at 0x1530bf0e4e10>,59,1,[6 1],98,101,102,3,101
1,<environment.Job instance at 0x1530bf0e4a50>,61,2,[2 5],106,106,108,0,106
1,<environment.Job instance at 0x1530bf0e4820>,64,15,[1 5],110,123,138,13,110
1,<environment.Job instance at 0x1530bf0e4f50>,67,3,[2 6],113,114,117,1,114
1,<environment.Job instance at 0x1530bf0e43c0>,68,2,[1 6],114,117,119,3,114
1,<environment.Job instance at 0x1530bf0e41e0>,69,1,[2 5],115,119,120,4,116
1,<environment.Job instance at 0x1530bf0e60f0>,73,2,[7 2],119,123,125,4,119
1,<environment.Job instance at 0x1530bf0e64b0>,74,1,[9 2],120,125,126,5,121
1,<environment.Job instance at 0x1530bf0e6370>,75,2,[9 1],121,126,128,5,121
1,<environment.Job instance at 0x1530bf0e6730>,76,3,[9 1],123,128,131,5,123
1,<environment.Job instance at 0x1530bf0e4140>,72,2,[7 1],118,131,133,13,127
1,<environment.Job instance at 0x1530bf0c77d0>,79,2,[1 9],128,138,140,10,131
1,<environment.Job instance at 0x1530bf880870>,82,3,[1 8],133,140,143,7,133
1,<environment.Job instance at 0x1530bf0c8d70>,83,2,[5 1],137,137,139,0,137
1,<environment.Job instance at 0x1530bf0deaa0>,87,17,[10  2],141,143,160,2,142
1,<environment.Job instance at 0x1530bf81e640>,4,1,[1 8],5,5,6,0,5
1,<environment.Job instance at 0x1530bf0e07d0>,0,1,[6 1],1,5,6,4,5
1,<environment.Job instance at 0x1530bf0e0730>,1,1,[1 5],2,6,7,4,5
1,<environment.Job instance at 0x15310339b280>,5,2,[2 5],6,6,8,0,6
1,<environment.Job instance at 0x15310339b7d0>,6,3,[1 9],7,8,11,1,8
1,<environment.Job instance at 0x15310339be10>,9,3,[1 9],12,13,16,1,13
1,<environment.Job instance at 0x153109b56b40>,12,2,[1 8],15,16,18,1,15
1,<environment.Job instance at 0x153109b56f50>,14,3,[5 1],18,19,22,1,19
1,<environment.Job instance at 0x153109b568c0>,19,2,[1 5],23,29,31,6,29
1,<environment.Job instance at 0x153109b56640>,17,2,[ 1 10],21,31,33,10,31
1,<environment.Job instance at 0x153109b56dc0>,23,19,[5 1],28,33,52,5,32
1,<environment.Job instance at 0x153100c62e60>,22,13,[1 6],27,65,78,38,65
1,<environment.Job instance at 0x153109b56f00>,21,3,[7 2],26,99,102,73,99
1,<environment.Job instance at 0x153102720e60>,27,20,[10  2],34,106,126,72,106
1,<environment.Job instance at 0x1531080fda50>,31,3,[ 2 10],40,153,156,113,153
1,<environment.Job instance at 0x1531080fd140>,28,15,[2 8],35,156,171,121,153
1,<environment.Job instance at 0x15310260bb40>,35,15,[7 2],46,156,171,110,153
1,<environment.Job instance at 0x15310260b5f0>,37,1,[1 5],51,171,172,120,161
1,<environment.Job instance at 0x15310260b820>,39,16,[6 1],54,171,187,117,167
1,<environment.Job instance at 0x15310260bd20>,43,1,[ 1 10],62,187,188,125,170
1,<environment.Job instance at 0x15310826af00>,45,3,[7 1],64,188,191,124,186
1,<environment.Job instance at 0x15310826a410>,47,18,[6 1],66,191,209,125,189
1,<environment.Job instance at 0x1531080fdaa0>,29,1,[1 5],37,192,193,155,192
1,<environment.Job instance at 0x15310826ae10>,48,3,[2 9],67,205,208,138,205
1,<environment.Job instance at 0x15310826a5a0>,49,14,[ 1 10],68,263,277,195,263
1,<environment.Job instance at 0x15310826a960>,50,18,[2 8],69,291,309,222,291
1,<environment.Job instance at 0x15310826acd0>,53,2,[6 2],73,291,293,218,291
1,<environment.Job instance at 0x15310826a9b0>,54,16,[6 2],75,293,309,218,292
1,<environment.Job instance at 0x15310826a500>,57,2,[8 1],80,309,311,229,301
1,<environment.Job instance at 0x1531077e1640>,61,3,[2 7],86,309,312,223,302
1,<environment.Job instance at 0x15310826a190>,60,1,[8 1],85,311,312,226,303
1,<environment.Job instance at 0x1531077e1500>,64,1,[2 7],93,312,313,219,309
1,<environment.Job instance at 0x1531077e11e0>,66,16,[2 6],95,349,365,254,349
1,<environment.Job instance at 0x1530bef97cd0>,70,1,[8 2],104,380,381,276,380
1,<environment.Job instance at 0x1530bef97780>,69,3,[2 9],102,392,395,290,392
1,<environment.Job instance at 0x1530bf2b4cd0>,77,1,[2 7],118,395,396,277,394
1,<environment.Job instance at 0x1530bf2b4280>,78,2,[2 5],119,396,398,277,396
1,<environment.Job instance at 0x1530bf2b43c0>,76,13,[1 5],117,410,423,293,410
1,<environment.Job instance at 0x1530bf2b4500>,80,1,[10  2],121,423,424,302,412
1,<environment.Job instance at 0x153100ce0c30>,83,3,[9 2],126,414,417,288,414
1,<environment.Job instance at 0x153100ce06e0>,84,12,[8 1],127,424,436,297,416
1,<environment.Job instance at 0x1530bf4a7140>,74,3,[9 2],113,455,458,342,455
1,<environment.Job instance at 0x1530bee98140>,89,17,[2 7],138,905,922,767,905
1,<environment.Job instance at 0x153100ce02d0>,86,16,[ 2 10],133,922,938,789,916
1,<environment.Job instance at 0x1530bf79d0a0>,93,1,[8 2],143,920,921,777,920
1,<environment.Job instance at 0x1530bf05b1e0>,98,2,[1 7],149,938,940,789,923
1,<environment.Job instance at 0x1530bf4ecaf0>,5,21,[2 6],9,9,30,0,9
1,<environment.Job instance at 0x1530bf4ecb40>,7,13,[6 2],11,13,26,2,13
1,<environment.Job instance at 0x1530bf4ec6e0>,2,1,[1 5],5,30,31,25,15
1,<environment.Job instance at 0x1530bf948690>,11,12,[5 2],16,26,38,10,16
1,<environment.Job instance at 0x1530bf4ecaa0>,8,2,[5 2],13,31,33,18,18
1,<environment.Job instance at 0x1531081fa910>,12,14,[2 8],18,33,47,15,18
1,<environment.Job instance at 0x1530bf7521e0>,22,24,[9 2],31,47,71,16,43
1,<environment.Job instance at 0x1530bf79d2d0>,26,16,[5 1],38,71,87,33,60
1,<environment.Job instance at 0x1530bf752870>,21,2,[1 6],30,63,65,33,63
1,<environment.Job instance at 0x1530befb0320>,35,2,[1 5],49,65,67,16,64
1,<environment.Job instance at 0x1530befb0960>,37,15,[2 8],52,71,86,19,68
1,<environment.Job instance at 0x1530befb0460>,38,17,[8 1],53,87,104,34,76
1,<environment.Job instance at 0x1530befb0be0>,40,2,[2 8],58,86,88,28,77
1,<environment.Job instance at 0x1530befb0f50>,42,2,[6 2],61,104,106,43,81
1,<environment.Job instance at 0x1530befb0c80>,43,1,[2 5],62,88,89,26,83
1,<environment.Job instance at 0x153102710e60>,46,3,[2 6],68,89,92,21,83
1,<environment.Job instance at 0x1530bfb719b0>,47,2,[5 2],69,106,108,37,83
1,<environment.Job instance at 0x1530bfb71e10>,49,3,[2 8],73,92,95,19,84
1,<environment.Job instance at 0x1530bfb71410>,51,2,[5 1],75,106,108,31,86
1,<environment.Job instance at 0x1530bf2609b0>,53,1,[9 1],77,108,109,31,101
1,<environment.Job instance at 0x1530bfa87640>,54,12,[1 7],79,108,120,29,101
1,<environment.Job instance at 0x153108157410>,34,13,[6 1],48,109,122,61,102
1,<environment.Job instance at 0x153101fc6780>,58,15,[5 2],83,122,137,39,111
1,<environment.Job instance at 0x15310813cc30>,59,2,[7 1],84,137,139,53,111
1,<environment.Job instance at 0x1530bf785870>,63,2,[2 7],93,120,122,27,112
1,<environment.Job instance at 0x153101fde7d0>,70,1,[8 1],106,139,140,33,115
1,<environment.Job instance at 0x1531033e4b90>,71,1,[10  1],107,140,141,33,115
1,<environment.Job instance at 0x1530bf97ccd0>,72,15,[2 8],108,122,137,14,117
1,<environment.Job instance at 0x1530bf74c190>,74,12,[8 1],110,141,153,31,127
1,<environment.Job instance at 0x1530bf295460>,76,3,[10  1],112,153,156,41,128
1,<environment.Job instance at 0x1530bfb5e3c0>,57,23,[2 9],82,156,179,74,156
1,<environment.Job instance at 0x1530bee89640>,18,15,[2 9],27,186,201,159,186
1,<environment.Job instance at 0x1530bf603f50>,85,1,[7 2],126,201,202,75,186
1,<environment.Job instance at 0x1530bf2825a0>,89,14,[ 1 10],133,202,216,69,193
1,<environment.Job instance at 0x1530bf70b410>,95,3,[ 2 10],142,216,219,74,207
1,<environment.Job instance at 0x1531081460f0>,96,3,[6 2],143,222,225,79,222
1,<environment.Job instance at 0x1530bf70bdc0>,97,1,[9 2],147,226,227,79,226
1,<environment.Job instance at 0x1531033abe60>,87,1,[2 9],128,310,311,182,310
1,<environment.Job instance at 0x1530bf979f00>,1,3,[6 2],5,6,9,1,6
1,<environment.Job instance at 0x1530bf6f8f50>,5,1,[8 2],9,13,14,4,13
1,<environment.Job instance at 0x1530bf6e40f0>,12,2,[9 1],16,16,18,0,16
1,<environment.Job instance at 0x1530bf6f8eb0>,8,16,[9 2],12,18,34,6,16
1,<environment.Job instance at 0x1530bf6e4af0>,16,14,[2 7],20,34,48,14,20
1,<environment.Job instance at 0x1530bf6e4820>,15,1,[9 2],19,48,49,29,26
1,<environment.Job instance at 0x1530bf6e4f00>,19,2,[2 9],26,49,51,23,31
1,<environment.Job instance at 0x1530bf979640>,4,19,[8 1],8,52,71,44,52
1,<environment.Job instance at 0x1530bf6ea550>,26,18,[2 9],34,105,123,71,105
1,<environment.Job instance at 0x1530bf6ea320>,27,2,[2 8],35,123,125,88,109
1,<environment.Job instance at 0x1530bf6ea5a0>,28,14,[9 1],36,125,139,89,113
1,<environment.Job instance at 0x1530bf6ea6e0>,29,16,[5 1],38,139,155,101,138
1,<environment.Job instance at 0x1530bf6eaaf0>,34,1,[10  2],45,170,171,125,170
1,<environment.Job instance at 0x1530bf6eabe0>,36,1,[9 2],49,173,174,124,173
1,<environment.Job instance at 0x1530bf6ead70>,38,18,[ 2 10],54,198,216,144,198
1,<environment.Job instance at 0x1530bf6eae60>,40,1,[2 6],57,216,217,159,203
1,<environment.Job instance at 0x1530bf6c1690>,51,3,[2 8],71,217,220,146,216
1,<environment.Job instance at 0x1530bf6c1820>,56,14,[1 5],76,220,234,144,218
1,<environment.Job instance at 0x1530bf6c1be0>,60,12,[1 9],82,234,246,152,224
1,<environment.Job instance at 0x1530bf6eac80>,37,17,[2 5],53,246,263,193,236
1,<environment.Job instance at 0x1530bf6c1e10>,65,2,[9 2],87,263,265,176,238
1,<environment.Job instance at 0x1530bf6c1c80>,63,3,[8 2],85,246,249,161,238
1,<environment.Job instance at 0x1530bf6c1f00>,66,2,[7 1],88,238,240,150,238
1,<environment.Job instance at 0x1530bf6c1dc0>,64,3,[1 7],86,263,266,177,238
1,<environment.Job instance at 0x1530bf6e9140>,70,13,[1 6],92,266,279,174,257
1,<environment.Job instance at 0x1530bf6e9280>,72,15,[7 2],94,265,280,171,259
1,<environment.Job instance at 0x1530bf6e9500>,74,16,[2 7],100,286,302,186,286
1,<environment.Job instance at 0x1530bf6c8640>,79,3,[2 8],110,302,305,192,291
1,<environment.Job instance at 0x1530bf6c89b0>,80,3,[10  1],111,305,308,194,293
1,<environment.Job instance at 0x1530bf6c8aa0>,81,2,[1 6],112,308,310,196,295
1,<environment.Job instance at 0x1530bf6c4370>,78,21,[1 5],109,310,331,201,304
1,<environment.Job instance at 0x1530bf6c8280>,83,1,[5 1],114,304,305,190,304
1,<environment.Job instance at 0x1530bf6c8960>,84,3,[8 1],115,308,311,193,307
1,<environment.Job instance at 0x1530bf6c8410>,88,3,[5 1],121,313,316,192,313
1,<environment.Job instance at 0x1530bf6c88c0>,86,13,[1 9],117,331,344,214,315
1,<environment.Job instance at 0x1530bf6c8370>,89,2,[5 1],123,316,318,193,316
1,<environment.Job instance at 0x1530bf6c8320>,90,3,[1 9],124,344,347,220,319
1,<environment.Job instance at 0x1531033fd1e0>,91,2,[1 9],125,347,349,222,320
1,<environment.Job instance at 0x153102779e10>,98,1,[1 7],132,349,350,217,322
1,<environment.Job instance at 0x15310340f0a0>,102,3,[6 2],137,323,326,186,323
1,<environment.Job instance at 0x1530befca140>,104,3,[1 7],140,350,353,210,324
1,<environment.Job instance at 0x1530befdb410>,106,1,[2 7],143,353,354,210,325
1,<environment.Job instance at 0x1531080c9cd0>,2,22,[2 8],4,6,28,2,6
1,<environment.Job instance at 0x1531080c9d70>,4,3,[ 1 10],6,28,31,22,15
1,<environment.Job instance at 0x1531080c90a0>,7,1,[10  2],9,31,32,22,21
1,<environment.Job instance at 0x1531080c9a00>,9,3,[10  2],15,32,35,17,29
1,<environment.Job instance at 0x1531080c9550>,14,3,[6 1],20,35,38,15,30
1,<environment.Job instance at 0x1531080c9050>,15,13,[2 5],22,35,48,13,34
1,<environment.Job instance at 0x153107752f50>,18,2,[8 1],27,38,40,11,36
1,<environment.Job instance at 0x1530bf9335a0>,20,13,[2 5],32,52,65,20,52
1,<environment.Job instance at 0x1530bf8f7910>,28,3,[9 1],40,65,68,25,54
1,<environment.Job instance at 0x1530bf8d14b0>,32,1,[5 1],46,58,59,12,58
1,<environment.Job instance at 0x1530bf8d1af0>,33,3,[1 8],47,65,68,18,60
1,<environment.Job instance at 0x1530bf8d1690>,30,14,[2 5],42,68,82,26,68
1,<environment.Job instance at 0x1530bf8c0500>,36,2,[2 8],52,82,84,30,72
1,<environment.Job instance at 0x1530bf8ddc30>,35,15,[9 2],50,84,99,34,78
1,<environment.Job instance at 0x1530bf8f3550>,45,12,[2 8],66,99,111,33,88
1,<environment.Job instance at 0x1530bf8f3370>,46,13,[9 2],68,111,124,43,106
1,<environment.Job instance at 0x153107800eb0>,47,18,[ 1 10],70,124,142,54,114
1,<environment.Job instance at 0x1531078005f0>,52,1,[10  1],75,142,143,67,131
1,<environment.Job instance at 0x1530befe1190>,48,18,[2 6],71,144,162,73,144
1,<environment.Job instance at 0x1531078005a0>,55,12,[5 2],78,145,157,67,145
1,<environment.Job instance at 0x1530bf038d70>,61,2,[2 6],89,176,178,87,176
1,<environment.Job instance at 0x1530bf038f00>,66,2,[2 6],98,178,180,80,178
1,<environment.Job instance at 0x1530bf038780>,67,3,[2 7],100,180,183,80,179
1,<environment.Job instance at 0x1530bf038eb0>,68,3,[6 2],102,179,182,77,179
1,<environment.Job instance at 0x153102574320>,73,16,[ 1 10],110,225,241,115,225
1,<environment.Job instance at 0x153102574460>,74,18,[10  1],111,241,259,130,232
1,<environment.Job instance at 0x153102574190>,77,15,[10  2],114,259,274,145,246
1,<environment.Job instance at 0x153102574d20>,78,3,[7 2],116,274,277,158,256
1,<environment.Job instance at 0x153102574780>,80,3,[5 1],119,277,280,158,260
1,<environment.Job instance at 0x1531025746e0>,81,1,[2 9],121,277,278,156,264
1,<environment.Job instance at 0x153102574230>,82,1,[5 2],122,278,279,156,266
1,<environment.Job instance at 0x1530bf6c3e60>,84,18,[1 7],124,287,305,163,287
1,<environment.Job instance at 0x1530bf6c32d0>,86,1,[1 9],127,305,306,178,287
1,<environment.Job instance at 0x1530bf6c3a00>,87,1,[8 1],128,287,288,159,287
1,<environment.Job instance at 0x1530bf6c3f00>,89,1,[1 6],131,306,307,175,288
1,<environment.Job instance at 0x1530bf6c30f0>,90,2,[1 5],132,307,309,175,293
1,<environment.Job instance at 0x1530bf6c3280>,94,3,[1 6],137,309,312,172,293
1,<environment.Job instance at 0x153102fecaa0>,96,13,[7 1],139,293,306,154,293
1,<environment.Job instance at 0x1531025af4b0>,103,1,[10  2],147,312,313,165,294
1,<environment.Job instance at 0x1531025af910>,102,3,[2 7],146,313,316,167,296
1,<environment.Job instance at 0x1531025740a0>,79,16,[1 8],117,316,332,199,304
1,<environment.Job instance at 0x1530bfaf7aa0>,2,18,[8 2],3,3,21,0,3
1,<environment.Job instance at 0x1531030eb6e0>,3,2,[2 9],4,21,23,17,5
1,<environment.Job instance at 0x1531077578c0>,7,3,[9 1],9,23,26,14,10
1,<environment.Job instance at 0x1530bfb15b40>,10,14,[1 8],13,23,37,10,15
1,<environment.Job instance at 0x1530bfb151e0>,13,1,[7 1],18,21,22,3,19
1,<environment.Job instance at 0x1530bfb15fa0>,12,3,[ 1 10],17,37,40,20,19
1,<environment.Job instance at 0x1530bf74c960>,16,3,[9 2],24,26,29,2,24
1,<environment.Job instance at 0x1530bf74c050>,15,12,[5 1],23,40,52,17,25
1,<environment.Job instance at 0x1530bf74ca50>,17,3,[8 1],26,29,32,3,28
1,<environment.Job instance at 0x1530bfb03500>,20,3,[1 9],31,40,43,9,31
1,<environment.Job instance at 0x1530bf74c5a0>,18,18,[1 9],28,43,61,15,35
1,<environment.Job instance at 0x1530bf6b65a0>,29,2,[9 1],42,52,54,10,42
1,<environment.Job instance at 0x15310816dd20>,25,1,[1 6],38,61,62,23,45
1,<environment.Job instance at 0x153101fde730>,32,15,[5 1],46,54,69,8,46
1,<environment.Job instance at 0x153101fde050>,35,13,[ 2 10],49,69,82,20,53
1,<environment.Job instance at 0x153108218d20>,40,1,[5 1],58,62,63,4,59
1,<environment.Job instance at 0x15310266f410>,43,2,[1 6],62,82,84,20,80
1,<environment.Job instance at 0x153100ca0f00>,50,1,[2 6],71,104,105,33,104
1,<environment.Job instance at 0x153100ca0a50>,53,17,[1 8],75,119,136,44,119
1,<environment.Job instance at 0x153109700d20>,57,3,[2 9],80,136,139,56,120
1,<environment.Job instance at 0x1530bf112870>,58,3,[1 6],81,139,142,58,121
1,<environment.Job instance at 0x1530bf18d5f0>,63,14,[1 8],87,142,156,55,129
1,<environment.Job instance at 0x1530bf18d960>,67,2,[5 1],91,140,142,49,140
1,<environment.Job instance at 0x1530bf18dd70>,64,3,[7 2],88,144,147,56,144
1,<environment.Job instance at 0x1530bf18d870>,70,15,[10  1],95,156,171,61,152
1,<environment.Job instance at 0x1531081f00a0>,81,2,[7 1],111,173,175,62,173
1,<environment.Job instance at 0x1530bf713690>,86,2,[6 1],116,175,177,59,173
1,<environment.Job instance at 0x1530befef910>,91,14,[2 7],123,181,195,58,181
1,<environment.Job instance at 0x1530befeff50>,92,12,[ 1 10],126,195,207,69,188
1,<environment.Job instance at 0x1530bfa75550>,95,2,[5 2],131,188,190,57,188
1,<environment.Job instance at 0x1530bfa759b0>,96,2,[1 5],132,207,209,75,188
1,<environment.Job instance at 0x1530befef5f0>,94,2,[1 9],129,209,211,80,188
1,<environment.Job instance at 0x153100f77d70>,100,3,[2 9],137,211,214,74,188
1,<environment.Job instance at 0x153100f77320>,101,1,[10  1],138,214,215,76,188
1,<environment.Job instance at 0x1500b7933a50>,0,12,[2 5],1,1,13,0,1
1,<environment.Job instance at 0x1500b7933cd0>,1,3,[1 9],2,13,16,11,2
1,<environment.Job instance at 0x1500ae3b25a0>,3,1,[6 2],4,7,8,3,7
1,<environment.Job instance at 0x1500ae609d20>,6,18,[8 1],7,8,26,1,7
1,<environment.Job instance at 0x1500ae60ebe0>,11,3,[1 8],13,16,19,3,13
1,<environment.Job instance at 0x1500ae60ecd0>,12,3,[1 8],14,19,22,5,14
1,<environment.Job instance at 0x1500ae31aaa0>,17,17,[6 1],23,26,43,3,23
1,<environment.Job instance at 0x1500ade773c0>,27,2,[2 7],36,38,40,2,38
1,<environment.Job instance at 0x1500ade78320>,25,2,[2 8],34,40,42,6,38
1,<environment.Job instance at 0x1500ade77f00>,29,16,[10  2],39,43,59,4,39
1,<environment.Job instance at 0x1500ade73e60>,31,3,[9 2],41,59,62,18,42
1,<environment.Job instance at 0x1500ade73dc0>,33,1,[2 7],43,62,63,19,44
1,<environment.Job instance at 0x1500ade73320>,35,2,[1 8],45,59,61,14,49
1,<environment.Job instance at 0x1500ade74c30>,39,3,[1 5],52,63,66,11,52
1,<environment.Job instance at 0x1500ade72050>,42,1,[10  1],56,66,67,10,58
1,<environment.Job instance at 0x1500ade72190>,43,3,[7 2],57,62,65,5,59
1,<environment.Job instance at 0x1500ade72690>,44,3,[1 8],58,67,70,9,62
1,<environment.Job instance at 0x1500ade8d190>,55,16,[2 5],76,108,124,32,108
1,<environment.Job instance at 0x1500ae333e10>,58,15,[2 9],82,158,173,76,158
1,<environment.Job instance at 0x1500ae2fc9b0>,61,3,[1 5],87,173,176,86,162
1,<environment.Job instance at 0x1500ae397190>,57,22,[1 5],80,188,210,108,188
1,<environment.Job instance at 0x1500ae302910>,66,3,[1 9],93,210,213,117,200
1,<environment.Job instance at 0x1500ae34d320>,76,2,[2 5],108,245,247,137,245
1,<environment.Job instance at 0x1500ae34d500>,79,3,[7 2],111,248,251,137,248
1,<environment.Job instance at 0x1500ade6f5f0>,86,2,[1 8],121,254,256,133,254
1,<environment.Job instance at 0x1500ade6f190>,87,2,[2 6],122,256,258,134,254
1,<environment.Job instance at 0x1500ae2e0140>,98,13,[ 1 10],136,294,307,158,294
1,<environment.Job instance at 0x1500adeaa7d0>,100,17,[1 9],139,307,324,168,299
1,<environment.Job instance at 0x1500afab56e0>,107,18,[1 8],146,391,409,245,391
1,<environment.Job instance at 0x1500ae614e10>,115,18,[2 6],158,409,427,251,403
1,<environment.Job instance at 0x1500ae6120a0>,112,1,[8 1],154,408,409,254,408
1,<environment.Job instance at 0x1500afb3e500>,0,3,[9 1],3,4,7,1,4
1,<environment.Job instance at 0x1500ade73190>,2,1,[1 8],6,7,8,1,7
1,<environment.Job instance at 0x1500ae62f870>,4,3,[7 2],8,9,12,1,9
1,<environment.Job instance at 0x1500ae62f050>,3,15,[1 6],7,23,38,16,23
1,<environment.Job instance at 0x1500ae630910>,14,15,[1 7],25,236,251,211,236
1,<environment.Job instance at 0x1500ae630140>,16,2,[1 9],28,253,255,225,253
1,<environment.Job instance at 0x1500ae630af0>,18,3,[5 2],32,255,258,223,253
1,<environment.Job instance at 0x1500ae630460>,19,15,[2 7],33,339,354,306,339
1,<environment.Job instance at 0x1500ae630640>,20,2,[ 2 10],34,354,356,320,344
1,<environment.Job instance at 0x1500ae635320>,24,2,[9 1],39,402,404,363,402
1,<environment.Job instance at 0x1500ae635d20>,27,13,[ 2 10],42,444,457,402,444
1,<environment.Job instance at 0x1500ae635af0>,30,15,[1 7],45,527,542,482,527
1,<environment.Job instance at 0x1500afd26cd0>,32,14,[10  1],49,542,556,493,531
1,<environment.Job instance at 0x1500afd26870>,34,2,[8 2],51,556,558,505,542
1,<environment.Job instance at 0x1500ae6355a0>,28,1,[1 7],43,556,557,513,542
1,<environment.Job instance at 0x1500afd26730>,44,1,[2 6],63,557,558,494,550
1,<environment.Job instance at 0x1500afd26230>,48,12,[1 5],72,558,570,486,552
1,<environment.Job instance at 0x1500afd26e10>,50,1,[9 1],75,558,559,483,556
1,<environment.Job instance at 0x1500afd52140>,52,1,[ 1 10],77,570,571,493,556
1,<environment.Job instance at 0x1500afd52280>,57,1,[2 6],86,571,572,485,557
1,<environment.Job instance at 0x1500afd52190>,59,18,[7 2],89,571,589,482,563
1,<environment.Job instance at 0x1500afd26c80>,39,3,[ 2 10],57,589,592,532,569
1,<environment.Job instance at 0x1500afd52c30>,64,14,[2 8],99,574,588,475,574
1,<environment.Job instance at 0x1500afd52820>,65,3,[8 1],102,592,595,490,574
1,<environment.Job instance at 0x1500afd520a0>,63,2,[2 5],98,592,594,494,574
1,<environment.Job instance at 0x1500afd52b90>,67,2,[5 2],104,595,597,491,574
1,<environment.Job instance at 0x1500afd52cd0>,70,15,[2 8],108,594,609,486,586
1,<environment.Job instance at 0x1500afbc2aa0>,83,2,[8 2],125,695,697,570,695
1,<environment.Job instance at 0x1500afbc2320>,92,1,[1 6],137,705,706,568,705
1,<environment.Job instance at 0x1500afbc2f50>,93,12,[7 1],138,705,717,567,705
1,<environment.Job instance at 0x1500afbc22d0>,95,3,[2 7],140,716,719,576,716
1,<environment.Job instance at 0x1500afbc2d70>,96,17,[7 1],142,722,739,580,722
1,<environment.Job instance at 0x1500afb53cd0>,99,12,[7 2],147,739,751,592,734
1,<environment.Job instance at 0x1500afb53f50>,102,14,[8 2],152,756,770,604,756
1,<environment.Job instance at 0x1500afb53c30>,100,2,[7 2],149,770,772,621,756
1,<environment.Job instance at 0x1500afb53d70>,101,3,[ 2 10],151,772,775,621,763
1,<environment.Job instance at 0x1500afb2b460>,1,3,[1 9],2,4,7,2,4
1,<environment.Job instance at 0x15009c8aa230>,6,20,[8 2],12,15,35,3,15
1,<environment.Job instance at 0x15009c8aa8c0>,10,2,[2 7],21,21,23,0,21
1,<environment.Job instance at 0x15009c8aa820>,11,2,[9 2],22,35,37,13,22
1,<environment.Job instance at 0x15009c8aa2d0>,7,2,[10  1],13,37,39,24,26
1,<environment.Job instance at 0x15009c8aad70>,14,1,[ 2 10],25,39,40,14,26
1,<environment.Job instance at 0x15009c8aaaa0>,16,1,[1 8],28,28,29,0,28
1,<environment.Job instance at 0x15009c8aaf00>,15,18,[5 2],27,40,58,13,31
1,<environment.Job instance at 0x15009c8aafa0>,17,13,[1 7],30,46,59,16,46
1,<environment.Job instance at 0x1500b07774b0>,22,17,[10  1],38,59,76,21,55
1,<environment.Job instance at 0x1500b0777be0>,28,2,[1 9],51,76,78,25,60
1,<environment.Job instance at 0x1500b0777dc0>,30,1,[1 9],53,78,79,25,60
1,<environment.Job instance at 0x15009c8ac1e0>,35,3,[ 2 10],60,79,82,19,64
1,<environment.Job instance at 0x15009c8ac780>,38,16,[9 1],63,82,98,19,71
1,<environment.Job instance at 0x15009c8af550>,46,18,[6 2],76,98,116,22,87
1,<environment.Job instance at 0x15009c8afa50>,54,3,[9 2],88,116,119,28,90
1,<environment.Job instance at 0x15009c8b1410>,58,2,[9 2],95,119,121,24,95
1,<environment.Job instance at 0x15009c8b1780>,61,14,[1 6],99,99,113,0,99
1,<environment.Job instance at 0x15009c8aff00>,56,2,[5 2],92,121,123,29,108
1,<environment.Job instance at 0x15009c8b1a00>,67,16,[2 9],107,123,139,16,115
1,<environment.Job instance at 0x1500b0777e10>,31,3,[1 8],54,139,142,85,121
1,<environment.Job instance at 0x15009c8b60a0>,72,27,[1 7],115,143,170,28,143
1,<environment.Job instance at 0x15009c8b6460>,76,1,[2 6],123,170,171,47,144
1,<environment.Job instance at 0x15009c922280>,82,2,[1 9],131,171,173,40,145
1,<environment.Job instance at 0x15009c8ff3c0>,86,3,[1 6],137,173,176,36,160
1,<environment.Job instance at 0x15009c91dc80>,88,14,[9 1],140,171,185,31,161
1,<environment.Job instance at 0x15009c91d5a0>,91,15,[1 5],143,176,191,33,167
1,<environment.Job instance at 0x15009c9d0af0>,93,2,[1 8],146,191,193,45,168
1,<environment.Job instance at 0x15009c9c3fa0>,95,15,[10  1],149,193,208,44,185
1,<environment.Job instance at 0x15009c9c3dc0>,97,1,[8 2],151,185,186,34,185
1,<environment.Job instance at 0x15009c8b65a0>,74,16,[2 8],119,547,563,428,547
1,<environment.Job instance at 0x15009c9c33c0>,99,2,[6 1],154,613,615,459,613
1,<environment.Job instance at 0x15009c8b1f50>,70,3,[8 1],113,765,768,652,765
1,<environment.Job instance at 0x1500b09e9140>,6,17,[2 9],7,7,24,0,7
1,<environment.Job instance at 0x15009c8aa0a0>,1,1,[1 5],2,24,25,22,12
1,<environment.Job instance at 0x1500b09e9190>,10,2,[1 8],11,25,27,14,16
1,<environment.Job instance at 0x1500ac17b3c0>,12,2,[2 8],13,27,29,14,17
1,<environment.Job instance at 0x1500ac17b820>,13,3,[5 2],16,24,27,8,21
1,<environment.Job instance at 0x15009cf78230>,17,1,[2 9],22,29,30,7,22
1,<environment.Job instance at 0x1500ac160c30>,19,2,[10  1],24,30,32,6,25
1,<environment.Job instance at 0x1500b069baa0>,21,1,[5 2],27,27,28,0,27
1,<environment.Job instance at 0x1500ac1fd140>,22,1,[2 5],28,32,33,4,28
1,<environment.Job instance at 0x1500ac183f00>,15,2,[2 8],19,33,35,14,29
1,<environment.Job instance at 0x1500ade34cd0>,20,2,[2 7],26,35,37,9,30
1,<environment.Job instance at 0x1500ac15f9b0>,30,3,[10  2],39,39,42,0,39
1,<environment.Job instance at 0x1500ae2ddaa0>,27,1,[7 1],36,42,43,6,40
1,<environment.Job instance at 0x1500b067b6e0>,33,3,[1 7],43,45,48,2,45
1,<environment.Job instance at 0x1500ac1da0f0>,34,19,[2 9],46,52,71,6,52
1,<environment.Job instance at 0x1500b076ee10>,39,1,[1 7],51,71,72,20,52
1,<environment.Job instance at 0x1500b076e820>,40,3,[2 7],52,72,75,20,52
1,<environment.Job instance at 0x1500b076e5f0>,38,2,[1 5],50,75,77,25,60
1,<environment.Job instance at 0x1500ac0c5960>,60,16,[ 2 10],75,77,93,2,76
1,<environment.Job instance at 0x1500ac0c5140>,62,15,[2 6],79,93,108,14,79
1,<environment.Job instance at 0x1500ac018780>,67,1,[2 5],84,108,109,24,84
1,<environment.Job instance at 0x1500ac018280>,66,14,[6 1],83,93,107,10,91
1,<environment.Job instance at 0x1500ac018640>,68,14,[2 8],85,109,123,24,94
1,<environment.Job instance at 0x1500ac02b550>,77,3,[1 9],98,123,126,25,105
1,<environment.Job instance at 0x1500ac018190>,73,1,[ 2 10],90,126,127,36,116
1,<environment.Job instance at 0x1500ac02baf0>,80,23,[1 6],101,127,150,26,125
1,<environment.Job instance at 0x1500ac02b230>,84,3,[8 1],110,127,130,17,125
1,<environment.Job instance at 0x1500ac02e410>,93,3,[8 1],123,134,137,11,134
1,<environment.Job instance at 0x1500ac02eb40>,95,18,[1 5],127,150,168,23,146
1,<environment.Job instance at 0x15009cfc35a0>,103,16,[ 2 10],142,168,184,26,168
1,<environment.Job instance at 0x15009cfbe5f0>,105,2,[1 6],147,184,186,37,169
1,<environment.Job instance at 0x15009cfbe4b0>,106,3,[1 9],148,186,189,38,172
1,<environment.Job instance at 0x15009cfbef00>,107,16,[2 7],151,189,205,38,179
1,<environment.Job instance at 0x1500ac02b6e0>,82,3,[10  1],107,205,208,98,188
1,<environment.Job instance at 0x1500adeac320>,0,2,[6 2],1,3,5,2,3
1,<environment.Job instance at 0x1500ac1daa50>,3,2,[5 2],4,5,7,1,4
1,<environment.Job instance at 0x1500adeac640>,2,14,[2 8],3,5,19,2,5
1,<environment.Job instance at 0x1500adeac870>,5,21,[1 8],6,19,40,13,11
1,<environment.Job instance at 0x1500ac1d4aa0>,12,3,[9 2],15,20,23,5,20
1,<environment.Job instance at 0x1500ac1d4410>,13,2,[2 9],17,40,42,23,20
1,<environment.Job instance at 0x15009cf6ba00>,14,15,[2 8],22,42,57,20,28
1,<environment.Job instance at 0x15009cf6b820>,15,1,[5 1],23,31,32,8,31
1,<environment.Job instance at 0x15009cf6b550>,18,1,[10  2],28,57,58,29,34
1,<environment.Job instance at 0x15009cf6ba50>,19,3,[2 8],29,58,61,29,34
1,<environment.Job instance at 0x15009cf99050>,21,2,[8 2],35,48,50,13,48
1,<environment.Job instance at 0x15009cf6b500>,17,2,[1 8],27,61,63,34,49
1,<environment.Job instance at 0x15009cf99780>,23,3,[6 2],37,58,61,21,56
1,<environment.Job instance at 0x15009cf99320>,24,1,[8 1],39,56,57,17,56
1,<environment.Job instance at 0x1500adeac140>,6,17,[2 8],7,63,80,56,63
1,<environment.Job instance at 0x1500ac1d4af0>,8,2,[ 1 10],10,80,82,70,65
1,<environment.Job instance at 0x15009cf99cd0>,25,3,[1 9],41,82,85,41,69
1,<environment.Job instance at 0x15009cf99fa0>,31,2,[7 1],51,70,72,19,70
1,<environment.Job instance at 0x15009cf8a280>,40,1,[6 2],61,79,80,18,79
1,<environment.Job instance at 0x15009cf99b90>,27,2,[7 2],45,85,87,40,82
1,<environment.Job instance at 0x15009cf8a230>,42,1,[7 1],64,83,84,19,83
1,<environment.Job instance at 0x15009cfa7c30>,44,3,[ 1 10],66,87,90,21,85
1,<environment.Job instance at 0x15009cfa7870>,48,2,[2 8],70,85,87,15,85
1,<environment.Job instance at 0x15009cfa7320>,49,2,[5 1],71,92,94,21,92
1,<environment.Job instance at 0x15009cfa7410>,47,13,[2 5],69,93,106,24,93
1,<environment.Job instance at 0x15009cfa7eb0>,46,3,[2 7],68,106,109,38,99
1,<environment.Job instance at 0x15009ce6e140>,53,3,[7 2],79,102,105,23,102
1,<environment.Job instance at 0x15009cfa7a00>,50,1,[6 2],76,105,106,29,102
1,<environment.Job instance at 0x15009ce6e730>,56,1,[9 1],85,109,110,24,108
1,<environment.Job instance at 0x15009ce6eeb0>,58,25,[8 1],89,120,145,31,120
1,<environment.Job instance at 0x15009ce6ee10>,60,16,[1 6],91,148,164,57,148
1,<environment.Job instance at 0x15009ce6ebe0>,54,14,[1 5],81,164,178,83,152
1,<environment.Job instance at 0x15009cf36e60>,69,3,[9 2],103,153,156,50,153
1,<environment.Job instance at 0x15009ceab050>,73,1,[ 1 10],109,178,179,69,166
1,<environment.Job instance at 0x15009cf36960>,74,19,[2 5],110,179,198,69,172
1,<environment.Job instance at 0x15009ceabd20>,78,17,[5 2],114,190,207,76,190
1,<environment.Job instance at 0x15009ceab280>,81,3,[2 7],119,198,201,79,193
1,<environment.Job instance at 0x15009ceab410>,82,1,[1 6],120,201,202,81,194
1,<environment.Job instance at 0x1500ac1e6dc0>,83,3,[8 2],121,207,210,86,194
1,<environment.Job instance at 0x1500ac1e66e0>,84,1,[1 7],122,202,203,80,194
1,<environment.Job instance at 0x1500ac1e6550>,87,16,[ 2 10],125,210,226,85,203
1,<environment.Job instance at 0x1500ac1e6410>,90,2,[1 9],129,226,228,97,209
1,<environment.Job instance at 0x1500ac1e6af0>,91,2,[7 2],130,228,230,98,209
1,<environment.Job instance at 0x1500ac1e6b40>,94,1,[8 1],134,226,227,92,212
1,<environment.Job instance at 0x15009cf6fd70>,98,17,[10  1],140,230,247,90,228
1,<environment.Job instance at 0x15009cf6fdc0>,100,1,[10  2],143,247,248,104,238
1,<environment.Job instance at 0x15009cf6f050>,101,21,[ 2 10],144,248,269,104,240
1,<environment.Job instance at 0x15009ce6e2d0>,57,17,[2 8],86,269,286,183,260
1,<environment.Job instance at 0x1500ac1b9550>,106,15,[6 1],150,269,284,119,263
1,<environment.Job instance at 0x15009ceb71e0>,108,2,[1 5],152,286,288,134,266
1,<environment.Job instance at 0x15009cbb9c80>,109,16,[1 8],153,288,304,135,276
1,<environment.Job instance at 0x1500af66b9b0>,112,17,[2 5],157,304,321,147,293
1,<environment.Job instance at 0x1500ac1b9410>,105,15,[7 2],149,300,315,151,300
1,<environment.Job instance at 0x15009ce6e8c0>,61,2,[10  2],93,321,323,228,301
1,<environment.Job instance at 0x15009cf365f0>,66,16,[1 9],99,323,339,224,318
1,<environment.Job instance at 0x15009ccea5a0>,6,1,[2 6],10,11,12,1,11
1,<environment.Job instance at 0x1500b57d1c30>,3,17,[9 1],6,15,32,9,15
1,<environment.Job instance at 0x15009ccea0f0>,11,2,[9 2],16,32,34,16,16
1,<environment.Job instance at 0x15009ccea9b0>,13,2,[ 1 10],18,34,36,16,18
1,<environment.Job instance at 0x1500b4f03640>,19,13,[2 8],26,36,49,10,26
1,<environment.Job instance at 0x1500b57cd410>,21,1,[8 2],28,36,37,8,30
1,<environment.Job instance at 0x1500b57cd690>,27,1,[6 2],35,37,38,2,35
1,<environment.Job instance at 0x1500ae3ac460>,32,14,[2 9],41,49,63,8,42
1,<environment.Job instance at 0x15009cadc640>,41,2,[8 2],50,63,65,13,50
1,<environment.Job instance at 0x1500ae3ace10>,39,17,[1 8],48,63,80,15,55
1,<environment.Job instance at 0x1500afb3cc30>,47,3,[10  2],57,80,83,23,66
1,<environment.Job instance at 0x1500afb3caa0>,54,15,[2 9],66,83,98,17,69
1,<environment.Job instance at 0x15009cadce10>,45,22,[8 1],55,87,109,32,87
1,<environment.Job instance at 0x1500afd5a0a0>,71,17,[1 7],90,112,129,22,112
1,<environment.Job instance at 0x1500afd5ad70>,60,2,[9 1],74,115,117,41,115
1,<environment.Job instance at 0x1500afbb0b90>,76,27,[5 1],100,155,182,55,155
1,<environment.Job instance at 0x15009cf7d960>,87,25,[6 1],115,201,226,86,201
1,<environment.Job instance at 0x1500b57f6aa0>,102,15,[2 5],139,204,219,65,204
1,<environment.Job instance at 0x1500b0736b40>,109,1,[6 2],147,245,246,98,245
1,<environment.Job instance at 0x1500b076bb40>,111,2,[2 7],149,276,278,127,276
1,<environment.Job instance at 0x1500b7a27320>,0,17,[1 6],1,1,18,0,1
1,<environment.Job instance at 0x1500b71caf50>,1,3,[1 9],2,18,21,16,6
1,<environment.Job instance at 0x1500b782dfa0>,2,13,[2 9],6,21,34,15,12
1,<environment.Job instance at 0x15009cbb95a0>,6,2,[2 9],11,34,36,23,13
1,<environment.Job instance at 0x15009c59ecd0>,4,3,[2 8],8,36,39,28,16
1,<environment.Job instance at 0x15009cbb9910>,10,1,[8 2],15,36,37,21,20
1,<environment.Job instance at 0x15009cbb9a00>,11,2,[ 1 10],16,39,41,23,28
1,<environment.Job instance at 0x15009c9e4550>,17,12,[6 2],23,41,53,18,31
1,<environment.Job instance at 0x1500b78d6460>,14,2,[2 6],19,41,43,22,31
1,<environment.Job instance at 0x15009c9e45a0>,20,3,[9 1],27,53,56,26,41
1,<environment.Job instance at 0x15009c9e4c80>,24,1,[1 9],31,53,54,22,50
1,<environment.Job instance at 0x1500afcacc30>,25,16,[1 8],32,66,82,34,66
1,<environment.Job instance at 0x1500afcac320>,26,1,[6 1],33,68,69,35,68
1,<environment.Job instance at 0x15009c9e4f50>,22,14,[ 2 10],29,82,96,53,68
1,<environment.Job instance at 0x1500afcacaa0>,28,16,[7 1],35,96,112,61,83
1,<environment.Job instance at 0x1500afcac960>,34,23,[2 6],44,96,119,52,92
1,<environment.Job instance at 0x15009c7227d0>,41,2,[10  1],54,119,121,65,92
1,<environment.Job instance at 0x15009c9e4370>,16,1,[7 2],22,112,113,90,112
1,<environment.Job instance at 0x1500b0a95820>,50,2,[1 8],69,123,125,54,123
1,<environment.Job instance at 0x1500afcacd20>,35,23,[9 1],46,126,149,80,126
1,<environment.Job instance at 0x15009cf75eb0>,49,13,[2 5],68,149,162,81,144
1,<environment.Job instance at 0x1500b0ab7780>,53,1,[ 2 10],77,162,163,85,160
1,<environment.Job instance at 0x1500b6e30870>,60,15,[ 2 10],92,241,256,149,241
1,<environment.Job instance at 0x15009c681b40>,61,2,[5 2],93,256,258,163,244
1,<environment.Job instance at 0x15009c6811e0>,65,1,[6 2],98,262,263,164,262
1,<environment.Job instance at 0x15009c681050>,68,2,[5 2],101,281,283,180,281
1,<environment.Job instance at 0x15009c681f00>,70,3,[2 8],103,284,287,181,284
1,<environment.Job instance at 0x15009c681140>,69,21,[5 1],102,288,309,186,288
1,<environment.Job instance at 0x15009c6911e0>,73,2,[1 6],107,289,291,182,289
1,<environment.Job instance at 0x15009c691640>,75,1,[2 7],110,328,329,218,328
1,<environment.Job instance at 0x15009c691500>,78,3,[ 2 10],115,332,335,217,332
1,<environment.Job instance at 0x1500afd14370>,82,2,[1 7],119,344,346,225,344
1,<environment.Job instance at 0x15009c68e6e0>,84,2,[6 2],121,353,355,232,353
1,<environment.Job instance at 0x15009c691aa0>,74,2,[8 1],108,355,357,247,354
1,<environment.Job instance at 0x15009c68ea50>,86,2,[5 2],125,357,359,232,356
1,<environment.Job instance at 0x15009c69e370>,93,1,[5 1],134,417,418,283,417
1,<environment.Job instance at 0x15009c68e5f0>,87,15,[1 9],126,431,446,305,431
1,<environment.Job instance at 0x1500b78cda50>,104,14,[2 6],153,479,493,326,479
1,<environment.Job instance at 0x15009c6ae0f0>,106,2,[2 8],155,499,501,344,499
1,<environment.Job instance at 0x15009c69eaf0>,102,21,[6 1],150,535,556,385,535
1,<environment.Job instance at 0x15009c993960>,0,12,[2 8],1,1,13,0,1
1,<environment.Job instance at 0x15009c686140>,1,27,[5 2],2,2,29,0,2
1,<environment.Job instance at 0x15009c993730>,3,1,[9 1],4,29,30,25,4
1,<environment.Job instance at 0x15009c993280>,4,1,[ 2 10],5,30,31,25,10
1,<environment.Job instance at 0x15009c9939b0>,5,12,[2 8],8,31,43,23,20
1,<environment.Job instance at 0x1500ade44fa0>,12,1,[2 6],19,22,23,3,22
1,<environment.Job instance at 0x1500ade44c30>,9,2,[8 1],15,31,33,16,22
1,<environment.Job instance at 0x1500ade445a0>,13,3,[1 5],20,23,26,3,22
1,<environment.Job instance at 0x1500ade446e0>,15,1,[1 7],24,26,27,2,26
1,<environment.Job instance at 0x1500ade44140>,11,1,[7 1],17,33,34,16,26
1,<environment.Job instance at 0x15009c805b90>,21,16,[1 6],32,43,59,11,32
1,<environment.Job instance at 0x15009c805cd0>,23,2,[5 1],35,35,37,0,35
1,<environment.Job instance at 0x15009c805e60>,24,2,[ 2 10],36,59,61,23,37
1,<environment.Job instance at 0x15009cf97d20>,28,2,[1 8],41,61,63,20,41
1,<environment.Job instance at 0x15009cf97f50>,29,1,[1 9],43,63,64,20,45
1,<environment.Job instance at 0x15009cf975a0>,30,2,[ 2 10],45,64,66,19,46
1,<environment.Job instance at 0x1500afba2f50>,34,16,[9 2],50,66,82,16,53
1,<environment.Job instance at 0x15009c96ff50>,37,1,[9 2],54,82,83,28,63
1,<environment.Job instance at 0x1500afd0f3c0>,38,1,[2 8],55,83,84,28,63
1,<environment.Job instance at 0x15009cf97050>,31,3,[9 1],46,84,87,38,63
1,<environment.Job instance at 0x15009c986550>,42,1,[2 9],61,87,88,26,63
1,<environment.Job instance at 0x15009c9866e0>,44,14,[ 1 10],64,88,102,24,73
1,<environment.Job instance at 0x15009c9867d0>,41,1,[1 8],60,73,74,13,73
1,<environment.Job instance at 0x15009c9865a0>,46,1,[10  1],66,102,103,36,75
1,<environment.Job instance at 0x1500afcf4280>,58,3,[2 5],79,103,106,24,102
1,<environment.Job instance at 0x15009c797af0>,60,27,[6 1],81,103,130,22,103
1,<environment.Job instance at 0x15009cf58410>,63,16,[5 2],84,130,146,46,119
1,<environment.Job instance at 0x15009c722410>,64,2,[2 9],85,119,121,34,119
1,<environment.Job instance at 0x1500b09c5af0>,69,16,[5 2],93,130,146,37,125
1,<environment.Job instance at 0x1500b09c5dc0>,70,1,[6 1],95,146,147,51,125
1,<environment.Job instance at 0x1500afcef780>,61,21,[9 2],82,162,183,80,162
1,<environment.Job instance at 0x1500b0a2fc30>,74,1,[6 1],101,183,184,82,168
1,<environment.Job instance at 0x1500b0a2fe60>,76,3,[2 9],103,183,186,80,182
1,<environment.Job instance at 0x1500b0a2f5f0>,77,17,[1 8],105,201,218,96,201
1,<environment.Job instance at 0x1500b0a2f7d0>,83,2,[9 1],112,560,562,448,560
1,<environment.Job instance at 0x1500b58b4af0>,92,2,[8 2],123,682,684,559,682
1,<environment.Job instance at 0x15009c988dc0>,95,1,[2 8],127,1080,1081,953,1080
1,<environment.Job instance at 0x15009c668460>,102,16,[8 2],135,1173,1189,1038,1173
1,<environment.Job instance at 0x15009c668eb0>,105,1,[10  2],140,1265,1266,1125,1265
1,<environment.Job instance at 0x15009c668960>,107,1,[1 6],142,1433,1434,1291,1433
1,<environment.Job instance at 0x15009c98c140>,109,2,[5 1],144,1433,1435,1289,1433
1,<environment.Job instance at 0x15009c98c0f0>,111,1,[1 6],146,1434,1435,1288,1434
1,<environment.Job instance at 0x15009c98c5f0>,112,3,[2 6],147,1435,1438,1288,1434
1,<environment.Job instance at 0x15009c98ca00>,114,3,[6 1],149,1435,1438,1286,1434
1,<environment.Job instance at 0x15009c98c5a0>,115,15,[6 1],155,1438,1453,1283,1434
1,<environment.Job instance at 0x15009c98cd20>,116,2,[7 1],156,1453,1455,1297,1434
1,<environment.Job instance at 0x15009c5e6230>,0,16,[2 5],1,1,17,0,1
1,<environment.Job instance at 0x1500ae37a0a0>,8,2,[8 2],12,12,14,0,12
1,<environment.Job instance at 0x1500afd85b40>,9,14,[2 9],17,21,35,4,21
1,<environment.Job instance at 0x15009cbb9c80>,13,1,[2 8],23,35,36,12,23
1,<environment.Job instance at 0x1500b78d60f0>,17,1,[ 1 10],28,36,37,8,33
1,<environment.Job instance at 0x15009cb40410>,23,1,[10  2],39,40,41,1,40
1,<environment.Job instance at 0x15009c59ec80>,20,17,[1 5],32,43,60,11,43
1,<environment.Job instance at 0x15009cb40910>,26,3,[7 2],43,46,49,3,46
1,<environment.Job instance at 0x1500b09c5f00>,35,3,[6 2],56,79,82,23,79
1,<environment.Job instance at 0x1500b09c5370>,37,1,[2 6],58,80,81,22,80
1,<environment.Job instance at 0x1500ac0a6050>,28,18,[1 7],46,82,100,36,82
1,<environment.Job instance at 0x1500b09c54b0>,46,3,[2 7],72,106,109,34,106
1,<environment.Job instance at 0x1500b09c5c80>,48,3,[10  1],77,109,112,32,106
1,<environment.Job instance at 0x1500b09c5a00>,42,18,[5 2],67,112,130,45,109
1,<environment.Job instance at 0x15009c6a11e0>,57,2,[7 2],86,130,132,44,115
1,<environment.Job instance at 0x1500b740f1e0>,60,2,[8 1],90,132,134,42,117
1,<environment.Job instance at 0x15009c6a1cd0>,62,1,[9 1],92,134,135,42,120
1,<environment.Job instance at 0x15009c6a13c0>,61,1,[6 2],91,135,136,44,124
1,<environment.Job instance at 0x1500afd065a0>,69,15,[6 1],103,136,151,33,128
1,<environment.Job instance at 0x15009c68e820>,77,3,[1 9],112,144,147,32,144
1,<environment.Job instance at 0x1500afd06d70>,76,2,[2 6],111,147,149,36,147
1,<environment.Job instance at 0x1500afd06a00>,70,1,[2 5],104,149,150,45,148
1,<environment.Job instance at 0x15009c68e500>,80,2,[6 1],116,151,153,35,150
1,<environment.Job instance at 0x15009c68ec30>,79,3,[2 9],115,150,153,35,150
1,<environment.Job instance at 0x15009c68ebe0>,82,16,[2 6],118,154,170,36,154
1,<environment.Job instance at 0x15009c68e410>,81,1,[5 1],117,155,156,38,155
1,<environment.Job instance at 0x15009c6ea7d0>,85,1,[ 1 10],125,170,171,45,157
1,<environment.Job instance at 0x15009c6ea820>,87,2,[9 2],128,171,173,43,158
1,<environment.Job instance at 0x15009c6eaeb0>,86,3,[1 9],126,173,176,47,162
1,<environment.Job instance at 0x1500afc844b0>,92,14,[2 5],137,176,190,39,175
1,<environment.Job instance at 0x1500b6dda820>,97,3,[2 9],146,190,193,44,181
1,<environment.Job instance at 0x15009cfa8d20>,102,3,[5 1],153,210,213,57,210
1,<environment.Job instance at 0x1500b4ea5230>,2,2,[2 8],10,10,12,0,10
1,<environment.Job instance at 0x15009c9c3f00>,10,17,[6 2],22,22,39,0,22
1,<environment.Job instance at 0x15009c9c3870>,8,3,[9 1],19,39,42,20,26
1,<environment.Job instance at 0x15009c9c3690>,11,3,[9 2],24,42,45,18,28
1,<environment.Job instance at 0x15009ce26140>,19,3,[ 2 10],32,45,48,13,33
1,<environment.Job instance at 0x15009ce26960>,18,2,[2 6],31,33,35,2,33
1,<environment.Job instance at 0x15009ce26d70>,21,1,[8 1],36,48,49,12,37
1,<environment.Job instance at 0x15009ce26e60>,25,14,[ 2 10],40,49,63,9,40
1,<environment.Job instance at 0x15009ce26640>,22,3,[1 6],37,63,66,26,43
1,<environment.Job instance at 0x15009c6ad1e0>,28,1,[5 2],43,74,75,31,74
1,<environment.Job instance at 0x1500af690aa0>,45,2,[2 7],75,104,106,29,104
1,<environment.Job instance at 0x15009c61ba00>,49,12,[7 2],79,106,118,27,106
1,<environment.Job instance at 0x15009c61bfa0>,50,13,[1 9],80,118,131,38,108
1,<environment.Job instance at 0x15009c61bbe0>,47,15,[7 1],77,120,135,43,120
1,<environment.Job instance at 0x15009c61b3c0>,56,1,[9 2],88,135,136,47,129
1,<environment.Job instance at 0x15009c61b960>,53,16,[1 7],83,131,147,48,129
1,<environment.Job instance at 0x15009ca77870>,60,2,[10  2],92,147,149,55,134
1,<environment.Job instance at 0x15009ca77d20>,64,2,[1 7],99,149,151,50,139
1,<environment.Job instance at 0x15009ca77960>,65,3,[1 8],100,151,154,51,140
1,<environment.Job instance at 0x1500b774ac80>,73,1,[10  1],108,154,155,46,149
1,<environment.Job instance at 0x15009ca77c80>,66,19,[5 2],101,155,174,54,149
1,<environment.Job instance at 0x15009cd193c0>,86,13,[8 1],124,174,187,50,169
1,<environment.Job instance at 0x1500b6e68f00>,90,14,[ 2 10],128,187,201,59,187
1,<environment.Job instance at 0x15009c620370>,95,1,[2 5],135,201,202,66,188
1,<environment.Job instance at 0x15009c635460>,103,3,[10  1],148,225,228,77,225
1,<environment.Job instance at 0x15009cb2e960>,108,16,[7 2],154,229,245,75,229
1,<environment.Job instance at 0x1500af690500>,1,3,[2 5],3,4,7,1,4
1,<environment.Job instance at 0x1500b0773690>,3,15,[5 1],6,6,21,0,6
1,<environment.Job instance at 0x1500b0671c80>,2,13,[1 5],4,7,20,3,7
1,<environment.Job instance at 0x1500afb90690>,5,1,[6 1],8,21,22,13,8
1,<environment.Job instance at 0x1500afba0c30>,8,3,[2 6],11,20,23,9,12
1,<environment.Job instance at 0x1500afba0820>,10,1,[5 2],13,22,23,9,13
1,<environment.Job instance at 0x1500afba00f0>,14,18,[1 6],18,23,41,5,18
1,<environment.Job instance at 0x1500afb9f780>,16,2,[2 8],21,41,43,20,22
1,<environment.Job instance at 0x1500afb9f910>,19,3,[2 5],25,43,46,18,25
1,<environment.Job instance at 0x1500afb90640>,7,16,[2 9],10,46,62,36,33
1,<environment.Job instance at 0x1500afb930f0>,26,3,[10  1],35,62,65,27,37
1,<environment.Job instance at 0x1500afb93d20>,24,3,[10  2],31,65,68,34,43
1,<environment.Job instance at 0x1500b5767910>,38,2,[8 2],48,68,70,20,68
1,<environment.Job instance at 0x1500afb93f00>,23,18,[2 5],30,71,89,41,71
1,<environment.Job instance at 0x1500b5767c80>,39,13,[6 1],49,74,87,25,74
1,<environment.Job instance at 0x1500b5767dc0>,41,14,[6 1],53,87,101,34,74
1,<environment.Job instance at 0x1500b5767e10>,42,2,[10  1],54,101,103,47,74
1,<environment.Job instance at 0x1500ac1481e0>,47,12,[1 7],64,89,101,25,81
1,<environment.Job instance at 0x1500b7201a50>,49,3,[10  2],68,103,106,35,85
1,<environment.Job instance at 0x1500b57673c0>,37,15,[1 8],47,180,195,133,180
1,<environment.Job instance at 0x15009cabb780>,54,1,[8 1],76,191,192,115,191
1,<environment.Job instance at 0x1500b4eef640>,55,3,[9 1],77,209,212,132,209
1,<environment.Job instance at 0x1500b0a99aa0>,57,17,[2 6],80,263,280,183,263
1,<environment.Job instance at 0x15009cd2b8c0>,58,3,[1 7],83,280,283,197,275
1,<environment.Job instance at 0x1500ae347eb0>,32,18,[1 9],41,296,314,255,296
1,<environment.Job instance at 0x15009cab6fa0>,59,1,[8 2],84,314,315,230,301
1,<environment.Job instance at 0x1500b5767d70>,40,3,[10  1],51,315,318,264,302
1,<environment.Job instance at 0x15009ce73280>,61,2,[10  1],86,318,320,232,302
1,<environment.Job instance at 0x15009c664be0>,65,1,[2 9],90,329,330,239,329
1,<environment.Job instance at 0x15009c60b960>,62,16,[10  2],87,341,357,254,341
1,<environment.Job instance at 0x15009c664320>,69,16,[5 2],96,357,373,261,348
1,<environment.Job instance at 0x15009c6648c0>,72,2,[7 1],100,373,375,273,348
1,<environment.Job instance at 0x15009c631d70>,73,2,[10  1],101,375,377,274,354
1,<environment.Job instance at 0x15009c6646e0>,70,3,[10  2],98,377,380,279,365
1,<environment.Job instance at 0x15009c631640>,79,3,[ 1 10],109,380,383,271,380
1,<environment.Job instance at 0x15009c631c30>,80,2,[5 1],110,385,387,275,385
1,<environment.Job instance at 0x15009c631c80>,83,2,[8 1],114,387,389,273,386
1,<environment.Job instance at 0x15009cfd4730>,85,3,[9 1],118,391,394,273,391
1,<environment.Job instance at 0x15009c631e60>,82,2,[2 8],113,396,398,283,396
1,<environment.Job instance at 0x15009cfd4af0>,86,3,[2 9],120,398,401,278,398
1,<environment.Job instance at 0x15009cfd4870>,88,2,[ 1 10],122,405,407,283,405
1,<environment.Job instance at 0x15009cfd4910>,89,3,[ 1 10],124,408,411,284,408
1,<environment.Job instance at 0x15009cfd49b0>,87,2,[10  2],121,411,413,290,410
1,<environment.Job instance at 0x15009cfd4640>,91,1,[7 2],126,413,414,287,410
1,<environment.Job instance at 0x15009cade910>,97,16,[ 2 10],135,512,528,377,512
1,<environment.Job instance at 0x15009cade690>,98,2,[5 1],137,548,550,411,548
1,<environment.Job instance at 0x15009cade8c0>,99,3,[6 1],138,576,579,438,576
1,<environment.Job instance at 0x15009cade0a0>,103,17,[2 9],143,617,634,474,617
1,<environment.Job instance at 0x15009caab820>,104,1,[9 2],144,634,635,490,620
1,<environment.Job instance at 0x15009caaba00>,105,3,[2 9],145,635,638,490,631
1,<environment.Job instance at 0x1500afbeac80>,108,2,[2 6],148,645,647,497,645
1,<environment.Job instance at 0x15009cfc0910>,116,1,[6 1],159,652,653,493,652
1,<environment.Job instance at 0x15009cfc0550>,115,1,[10  2],157,657,658,500,657
1,<environment.Job instance at 0x15009caab1e0>,107,3,[1 7],147,658,661,511,657
1,<environment.Job instance at 0x1500b074a4b0>,0,2,[1 8],1,3,5,2,3
1,<environment.Job instance at 0x15009cfd4e10>,4,2,[1 9],7,8,10,1,8
1,<environment.Job instance at 0x15009cb1ca50>,1,17,[6 1],2,8,25,6,8
1,<environment.Job instance at 0x1500afb99f50>,10,3,[2 8],16,18,21,2,18
1,<environment.Job instance at 0x1500b0a5c190>,14,1,[1 5],21,21,22,0,21
1,<environment.Job instance at 0x1500afb99af0>,13,1,[1 9],20,22,23,2,21
1,<environment.Job instance at 0x1500b0a5c050>,15,26,[2 7],22,23,49,1,22
1,<environment.Job instance at 0x15009c87daa0>,19,1,[2 7],27,49,50,22,27
1,<environment.Job instance at 0x1500afb99b90>,11,2,[9 1],18,50,52,32,29
1,<environment.Job instance at 0x15009c87d820>,22,1,[ 2 10],30,52,53,22,30
1,<environment.Job instance at 0x15009c87d730>,20,1,[7 2],28,31,32,3,31
1,<environment.Job instance at 0x1500b78fff00>,24,15,[7 2],32,35,50,3,35
1,<environment.Job instance at 0x15009c87dc30>,26,1,[1 8],36,50,51,14,37
1,<environment.Job instance at 0x15009c84fc30>,29,2,[1 6],39,53,55,14,52
1,<environment.Job instance at 0x15009c87df50>,23,2,[2 5],31,55,57,24,54
1,<environment.Job instance at 0x15009cf75550>,43,3,[8 1],60,73,76,13,73
1,<environment.Job instance at 0x15009cf754b0>,46,3,[1 7],63,73,76,10,73
1,<environment.Job instance at 0x15009cf75960>,50,1,[1 5],68,76,77,8,73
1,<environment.Job instance at 0x15009cf75910>,51,1,[8 2],69,76,77,7,73
1,<environment.Job instance at 0x15009cf75cd0>,52,2,[7 1],70,77,79,7,73
1,<environment.Job instance at 0x15009c8d3190>,57,18,[10  1],75,79,97,4,76
1,<environment.Job instance at 0x15009c8d3aa0>,58,2,[7 1],76,97,99,21,76
1,<environment.Job instance at 0x1500b5769d20>,60,1,[2 5],78,97,98,19,90
1,<environment.Job instance at 0x1500b5769aa0>,59,15,[2 7],77,98,113,21,92
1,<environment.Job instance at 0x15009c8af370>,68,2,[5 2],90,99,101,9,95
1,<environment.Job instance at 0x1500b2f8fb40>,72,14,[2 8],95,113,127,18,103
1,<environment.Job instance at 0x15009c7e0370>,73,15,[8 2],96,103,118,7,103
1,<environment.Job instance at 0x1500afd584b0>,86,2,[8 1],113,125,127,12,125
1,<environment.Job instance at 0x1500afd58b90>,88,3,[8 2],115,127,130,12,125
1,<environment.Job instance at 0x1500afbf6af0>,91,17,[6 2],121,130,147,9,125
1,<environment.Job instance at 0x1500afbf6960>,92,13,[ 2 10],122,147,160,25,131
1,<environment.Job instance at 0x1500afd58190>,81,16,[1 6],106,131,147,25,131
1,<environment.Job instance at 0x1500afbf6cd0>,95,1,[8 1],125,160,161,35,132
1,<environment.Job instance at 0x15009cdb1f00>,97,1,[8 2],127,161,162,34,140
1,<environment.Job instance at 0x1500b6df0910>,99,1,[5 1],129,162,163,33,140
1,<environment.Job instance at 0x1500b6df07d0>,101,3,[7 1],131,163,166,32,140
1,<environment.Job instance at 0x1500afb2f0f0>,102,3,[8 2],132,166,169,34,141
1,<environment.Job instance at 0x15009cc3f0f0>,104,22,[5 1],136,169,191,33,164
1,<environment.Job instance at 0x15009cec0d20>,108,2,[5 2],143,169,171,26,164
1,<environment.Job instance at 0x1500b06ebbe0>,79,18,[5 2],103,171,189,68,164
1,<environment.Job instance at 0x15009cb2af50>,114,1,[ 2 10],151,191,192,40,165
1,<environment.Job instance at 0x15009cb2a9b0>,119,2,[8 1],157,192,194,35,165
1,<environment.Job instance at 0x15009cb2a370>,115,2,[6 2],152,194,196,42,178
1,<environment.Job instance at 0x15009cb2afa0>,121,3,[10  2],159,196,199,37,181
1,<environment.Job instance at 0x15009cf6f0a0>,0,3,[2 7],1,2,5,1,2
1,<environment.Job instance at 0x15009cf6fb90>,3,16,[1 9],4,297,313,293,297
1,<environment.Job instance at 0x15009cf6fe10>,13,2,[8 2],17,330,332,313,330
1,<environment.Job instance at 0x15009cf6f9b0>,15,1,[8 2],19,332,333,313,330
1,<environment.Job instance at 0x15009cf6fc80>,16,12,[1 8],20,434,446,414,434
1,<environment.Job instance at 0x15009cf6fe60>,17,28,[ 2 10],21,490,518,469,490
1,<environment.Job instance at 0x1500af68ba50>,19,14,[2 5],26,518,532,492,507
1,<environment.Job instance at 0x1500af68be60>,22,14,[1 7],29,534,548,505,534
1,<environment.Job instance at 0x15009cf6f910>,6,1,[6 1],7,541,542,534,541
1,<environment.Job instance at 0x1500afd66d70>,31,17,[2 9],43,552,569,509,552
1,<environment.Job instance at 0x1500afc310a0>,38,3,[2 8],51,644,647,593,644
1,<environment.Job instance at 0x1500afc315a0>,41,17,[ 1 10],56,747,764,691,747
1,<environment.Job instance at 0x1500afc31b40>,44,3,[2 5],61,764,767,703,757
1,<environment.Job instance at 0x1500afc31eb0>,49,2,[1 6],69,779,781,710,779
1,<environment.Job instance at 0x1500b5146870>,54,13,[1 8],78,820,833,742,820
1,<environment.Job instance at 0x15009c7c4870>,58,12,[2 8],85,888,900,803,888
1,<environment.Job instance at 0x1500b5146140>,51,3,[9 2],74,900,903,826,896
1,<environment.Job instance at 0x15009c7c4960>,64,3,[1 9],96,936,939,840,936
1,<environment.Job instance at 0x15009c7c4e60>,68,14,[10  1],101,946,960,845,946
1,<environment.Job instance at 0x15009c7c4730>,69,18,[1 7],102,1329,1347,1227,1329
1,<environment.Job instance at 0x15009c7c4320>,73,12,[5 1],108,1330,1342,1222,1330
1,<environment.Job instance at 0x15009c7c4230>,72,1,[2 5],105,1347,1348,1242,1337
1,<environment.Job instance at 0x15009c7c43c0>,74,1,[10  1],110,1348,1349,1238,1341
1,<environment.Job instance at 0x15009cea21e0>,81,18,[2 9],121,1383,1401,1262,1383
1,<environment.Job instance at 0x15009cea2410>,82,13,[2 8],123,1606,1619,1483,1606
1,<environment.Job instance at 0x15009cea2640>,83,3,[1 9],124,1650,1653,1526,1650
1,<environment.Job instance at 0x15009c8dcfa0>,88,15,[2 7],131,1667,1682,1536,1667
1,<environment.Job instance at 0x15009c8dc3c0>,100,2,[2 8],147,1689,1691,1542,1689
1,<environment.Job instance at 0x1500b5861190>,103,17,[7 2],151,1701,1718,1550,1701
1,<environment.Job instance at 0x1500afdc8500>,106,18,[8 1],157,1718,1736,1561,1710
1,<environment.Job instance at 0x1500ae377c80>,108,1,[6 1],159,1736,1737,1577,1710
1,<environment.Job instance at 0x1500afb4f460>,2,3,[ 2 10],6,6,9,0,6
1,<environment.Job instance at 0x1500b5115550>,0,1,[5 1],3,12,13,9,12
1,<environment.Job instance at 0x15009cf6fd20>,3,2,[7 1],8,15,17,7,15
1,<environment.Job instance at 0x1500afb5acd0>,8,13,[ 1 10],17,17,30,0,17
1,<environment.Job instance at 0x1500afb4da50>,9,2,[ 1 10],20,30,32,10,20
1,<environment.Job instance at 0x1500ae36e910>,12,1,[1 8],23,32,33,9,23
1,<environment.Job instance at 0x15009c871500>,7,17,[ 1 10],15,33,50,18,23
1,<environment.Job instance at 0x1500afb4db90>,13,1,[8 2],25,32,33,7,30
1,<environment.Job instance at 0x1500afc30be0>,21,2,[1 8],36,50,52,14,36
1,<environment.Job instance at 0x1500ae36ea50>,16,14,[6 2],30,50,64,20,36
1,<environment.Job instance at 0x15009c65af00>,24,1,[10  2],39,64,65,25,47
1,<environment.Job instance at 0x15009c65acd0>,23,1,[2 9],38,65,66,27,47
1,<environment.Job instance at 0x1500afc30f50>,22,12,[5 2],37,66,78,29,52
1,<environment.Job instance at 0x15009c9afc80>,31,3,[1 9],54,78,81,24,54
1,<environment.Job instance at 0x15009c9af1e0>,32,1,[1 7],57,66,67,9,64
1,<environment.Job instance at 0x1500ae38bd20>,33,14,[7 1],59,78,92,19,68
1,<environment.Job instance at 0x1500b6df05a0>,37,3,[8 2],68,92,95,24,74
1,<environment.Job instance at 0x1500b7204b40>,39,2,[2 6],70,81,83,11,78
1,<environment.Job instance at 0x1500b67506e0>,44,1,[1 9],78,83,84,5,78
1,<environment.Job instance at 0x15009c9ae960>,45,3,[10  2],82,95,98,13,83
1,<environment.Job instance at 0x15009c9cca50>,49,18,[2 8],88,98,116,10,89
1,<environment.Job instance at 0x15009c9d6b90>,46,17,[6 1],83,98,115,15,91
1,<environment.Job instance at 0x1500ae2feaa0>,52,3,[5 2],97,115,118,18,97
1,<environment.Job instance at 0x1500ae2febe0>,54,3,[1 5],100,116,119,16,101
1,<environment.Job instance at 0x1500b0a90960>,56,2,[1 7],103,119,121,16,103
1,<environment.Job instance at 0x1500afc387d0>,55,1,[9 1],101,118,119,17,104
1,<environment.Job instance at 0x1500b6dd9e10>,58,16,[5 2],105,119,135,14,106
1,<environment.Job instance at 0x1500b6dd9370>,62,3,[2 9],110,135,138,25,110
1,<environment.Job instance at 0x1500b6dd94b0>,68,1,[5 2],117,121,122,4,119
1,<environment.Job instance at 0x15009cd50690>,71,2,[2 5],126,126,128,0,126
1,<environment.Job instance at 0x15009cd507d0>,73,18,[7 2],129,138,156,9,129
1,<environment.Job instance at 0x15009cd50500>,74,15,[1 5],130,138,153,8,130
1,<environment.Job instance at 0x15009cd503c0>,76,2,[6 2],132,156,158,24,132
1,<environment.Job instance at 0x15009cd50f50>,79,1,[2 5],135,153,154,18,135
1,<environment.Job instance at 0x15009cc8c410>,88,3,[2 9],146,158,161,12,146
1,<environment.Job instance at 0x15009cc8cb40>,89,2,[1 9],148,161,163,13,148
1,<environment.Job instance at 0x1500b7204d70>,40,17,[1 9],71,223,240,152,223
1,<environment.Job instance at 0x1500afd2d370>,94,1,[2 5],158,255,256,97,255
1,<environment.Job instance at 0x15009cc87410>,3,3,[9 1],7,10,13,3,10
1,<environment.Job instance at 0x15009cdd6e60>,7,1,[6 1],11,13,14,2,11
1,<environment.Job instance at 0x15009cdd9050>,8,1,[1 5],12,15,16,3,15
1,<environment.Job instance at 0x15009cdd6fa0>,9,2,[1 7],13,16,18,3,16
1,<environment.Job instance at 0x15009cdd95f0>,12,2,[2 5],16,18,20,2,18
1,<environment.Job instance at 0x15009cdd9910>,15,1,[2 9],19,20,21,1,19
1,<environment.Job instance at 0x15009cdd9730>,13,3,[1 9],17,21,24,4,19
1,<environment.Job instance at 0x15009cdd9dc0>,20,16,[10  1],26,33,49,7,33
1,<environment.Job instance at 0x15009cdacb90>,29,13,[1 6],37,49,62,12,37
1,<environment.Job instance at 0x15009cdace10>,31,1,[5 2],40,49,50,9,40
1,<environment.Job instance at 0x15009cdacdc0>,33,16,[ 1 10],43,62,78,19,50
1,<environment.Job instance at 0x15009cdcbc30>,43,13,[ 2 10],58,78,91,20,66
1,<environment.Job instance at 0x15009cdc4d70>,57,18,[2 8],79,91,109,12,84
1,<environment.Job instance at 0x15009cdc4960>,58,27,[7 1],81,92,119,11,92
1,<environment.Job instance at 0x15009cdc4f50>,60,2,[6 2],83,119,121,36,92
1,<environment.Job instance at 0x15009cdc4fa0>,62,2,[2 6],86,109,111,23,107
1,<environment.Job instance at 0x15009cdba0f0>,63,2,[9 1],88,121,123,33,109
1,<environment.Job instance at 0x15009cdba960>,74,23,[1 9],106,121,144,15,120
1,<environment.Job instance at 0x15009c529870>,82,3,[1 6],126,144,147,18,126
1,<environment.Job instance at 0x15009cd37500>,84,1,[2 7],128,147,148,19,129
1,<environment.Job instance at 0x15009cdcbe10>,46,16,[6 1],64,131,147,67,131
1,<environment.Job instance at 0x15009cdacfa0>,34,20,[10  2],44,148,168,104,146
1,<environment.Job instance at 0x15009cdb0d20>,96,17,[2 7],148,168,185,20,156
1,<environment.Job instance at 0x15009cdb0b90>,98,1,[2 6],150,185,186,35,158
1,<environment.Job instance at 0x15009cdb0e60>,99,2,[1 8],151,186,188,35,159
1,<environment.Job instance at 0x15009cdb0eb0>,101,13,[1 9],154,188,201,34,172
1,<environment.Job instance at 0x15009cdaf460>,105,2,[1 7],159,201,203,42,174
1,<environment.Job instance at 0x15009cdb0c30>,97,1,[2 9],149,203,204,54,177
1,<environment.Job instance at 0x15009c6f79b0>,8,2,[5 2],13,14,16,1,14
1,<environment.Job instance at 0x15009c6f7af0>,10,3,[2 5],15,15,18,0,15
1,<environment.Job instance at 0x1500b58145f0>,11,12,[5 2],16,16,28,0,16
1,<environment.Job instance at 0x1500b5814fa0>,12,14,[2 8],18,18,32,0,18
1,<environment.Job instance at 0x1500b0a4d140>,13,1,[6 2],20,28,29,8,20
1,<environment.Job instance at 0x1500ade44b40>,15,1,[1 7],22,32,33,10,22
1,<environment.Job instance at 0x1500ade44370>,17,2,[ 1 10],26,33,35,7,27
1,<environment.Job instance at 0x1500ac1587d0>,19,15,[7 2],28,35,50,7,28
1,<environment.Job instance at 0x1500b579b4b0>,5,21,[2 6],9,35,56,26,28
1,<environment.Job instance at 0x1500afcb7eb0>,26,16,[5 1],38,50,66,12,38
1,<environment.Job instance at 0x1500ade44c30>,18,15,[2 9],27,56,71,29,47
1,<environment.Job instance at 0x15009cd74320>,30,3,[1 7],44,71,74,27,51
1,<environment.Job instance at 0x1500afcb7730>,28,1,[1 9],40,74,75,34,52
1,<environment.Job instance at 0x1500ac1fa410>,34,13,[6 1],48,66,79,18,54
1,<environment.Job instance at 0x15009c729b90>,31,1,[6 2],45,79,80,34,54
1,<environment.Job instance at 0x15009c9f34b0>,39,1,[ 2 10],55,80,81,25,55
1,<environment.Job instance at 0x15009c9f3370>,40,2,[2 8],58,75,77,17,58
1,<environment.Job instance at 0x15009c9eec30>,42,2,[6 2],61,81,83,20,62
1,<environment.Job instance at 0x15009c9eeb40>,44,3,[2 8],66,77,80,11,68
1,<environment.Job instance at 0x15009c9ee690>,41,16,[8 1],60,83,99,23,70
1,<environment.Job instance at 0x15009cf14dc0>,47,2,[5 2],69,99,101,30,72
1,<environment.Job instance at 0x1500afbf6fa0>,51,2,[5 1],75,99,101,24,75
1,<environment.Job instance at 0x15009c5899b0>,49,3,[2 8],73,81,84,8,75
1,<environment.Job instance at 0x1500b5825e10>,53,1,[9 1],77,101,102,24,78
1,<environment.Job instance at 0x1500afbf6dc0>,54,12,[1 7],79,84,96,5,80
1,<environment.Job instance at 0x1500b5825c80>,55,1,[7 1],80,102,103,22,82
1,<environment.Job instance at 0x15009cf68c80>,60,1,[1 6],86,96,97,10,86
1,<environment.Job instance at 0x15009c8ee500>,63,2,[2 7],93,97,99,4,93
1,<environment.Job instance at 0x1500b0a914b0>,64,3,[8 1],94,103,106,9,94
1,<environment.Job instance at 0x15009cea64b0>,66,3,[8 2],98,106,109,8,98
1,<environment.Job instance at 0x1500b77c2820>,58,15,[5 2],83,109,124,26,101
1,<environment.Job instance at 0x1500afbbea50>,74,12,[8 1],110,124,136,14,110
1,<environment.Job instance at 0x1500afbbec80>,77,3,[7 1],113,136,139,23,115
1,<environment.Job instance at 0x1500afbbe640>,79,16,[1 9],116,124,140,8,116
1,<environment.Job instance at 0x1500afbbef00>,78,2,[2 8],115,122,124,7,122
1,<environment.Job instance at 0x1500b07b67d0>,83,3,[1 8],124,140,143,16,137
1,<environment.Job instance at 0x1500b77c2050>,57,23,[2 9],82,149,172,67,149
1,<environment.Job instance at 0x1500b07b6140>,86,3,[1 7],127,172,175,45,152
1,<environment.Job instance at 0x1500b57eb3c0>,90,1,[1 6],136,175,176,39,159
1,<environment.Job instance at 0x1500ac12dfa0>,91,14,[2 9],138,176,190,38,162
1,<environment.Job instance at 0x1500ac12d280>,92,2,[6 2],139,172,174,33,163
1,<environment.Job instance at 0x1500ac12d910>,94,26,[ 2 10],141,191,217,50,191
1,<environment.Job instance at 0x1500ac12da00>,95,3,[ 2 10],142,217,220,75,197
1,<environment.Job instance at 0x1500ac12d780>,96,3,[6 2],143,220,223,77,198
1,<environment.Job instance at 0x1500ac12df00>,97,1,[9 2],147,223,224,76,209
1,<environment.Job instance at 0x1500ac12d8c0>,98,1,[2 9],148,224,225,76,216
1,<environment.Job instance at 0x1500afb781e0>,82,1,[2 9],119,260,261,141,260
1,<environment.Job instance at 0x1500afcb50f0>,101,3,[6 2],155,261,264,106,260
1,<environment.Job instance at 0x1500ae362280>,104,19,[8 1],158,278,297,120,278
1,<environment.Job instance at 0x1500afab0960>,0,2,[1 8],1,1,3,0,1
1,<environment.Job instance at 0x1500afab0c30>,5,2,[9 1],6,6,8,0,6
1,<environment.Job instance at 0x1500afab0aa0>,6,1,[1 8],7,7,8,0,7
1,<environment.Job instance at 0x1500afab0820>,2,15,[ 1 10],3,8,23,5,7
1,<environment.Job instance at 0x1500afab05f0>,7,2,[10  2],8,23,25,15,11
1,<environment.Job instance at 0x1500afab02d0>,10,1,[10  1],12,25,26,13,13
1,<environment.Job instance at 0x1500afab0e60>,8,1,[9 2],9,26,27,17,14
1,<environment.Job instance at 0x1500afb9f2d0>,12,2,[2 9],16,27,29,11,19
1,<environment.Job instance at 0x15009cd26e60>,16,17,[1 9],21,29,46,8,22
1,<environment.Job instance at 0x15009c7e5640>,20,2,[2 8],25,87,89,62,87
1,<environment.Job instance at 0x15009c7e52d0>,19,18,[2 9],24,89,107,65,87
1,<environment.Job instance at 0x15009c7e5eb0>,25,2,[2 7],32,111,113,79,111
1,<environment.Job instance at 0x15009c7e5f50>,29,1,[9 2],39,115,116,76,115
1,<environment.Job instance at 0x15009c7e5aa0>,30,17,[2 5],43,129,146,86,129
1,<environment.Job instance at 0x1500b0a00050>,35,16,[10  2],50,204,220,154,204
1,<environment.Job instance at 0x15009c7e5730>,26,3,[2 9],34,220,223,186,204
1,<environment.Job instance at 0x1500b6d90be0>,39,2,[1 9],54,223,225,169,206
1,<environment.Job instance at 0x1500b0a00190>,37,1,[7 2],52,225,226,173,213
1,<environment.Job instance at 0x1500b6d90500>,43,16,[10  1],60,226,242,166,213
1,<environment.Job instance at 0x1500b6d90320>,46,1,[2 6],63,242,243,179,227
1,<environment.Job instance at 0x1500b6d90410>,51,3,[ 2 10],68,243,246,175,227
1,<environment.Job instance at 0x1500b6d90d20>,53,12,[1 9],72,246,258,174,233
1,<environment.Job instance at 0x1500b6d90f00>,54,1,[1 9],73,258,259,185,234
1,<environment.Job instance at 0x15009c5c74b0>,57,3,[1 7],76,259,262,183,247
1,<environment.Job instance at 0x15009c5c7a00>,58,2,[9 2],77,259,261,182,247
1,<environment.Job instance at 0x15009c5c7460>,59,2,[7 1],78,247,249,169,247
1,<environment.Job instance at 0x15009c5c7cd0>,61,27,[2 7],80,262,289,182,260
1,<environment.Job instance at 0x15009c5c7500>,62,1,[1 9],81,289,290,208,261
1,<environment.Job instance at 0x1500b6d90fa0>,45,26,[2 6],62,302,328,240,302
1,<environment.Job instance at 0x15009cf586e0>,72,3,[2 8],100,328,331,228,303
1,<environment.Job instance at 0x1500b6d90b40>,52,2,[5 1],69,303,305,234,303
1,<environment.Job instance at 0x15009c64e730>,77,3,[8 1],105,305,308,200,304
1,<environment.Job instance at 0x15009cf58690>,75,2,[5 2],103,315,317,212,315
1,<environment.Job instance at 0x1500b5896f50>,86,3,[2 6],117,331,334,214,317
1,<environment.Job instance at 0x1500b57ebbe0>,88,2,[1 8],119,334,336,215,317
1,<environment.Job instance at 0x15009cdadaa0>,96,3,[1 9],128,336,339,208,318
1,<environment.Job instance at 0x1500b58143c0>,99,1,[2 7],133,339,340,206,320
1,<environment.Job instance at 0x1500b5814780>,100,2,[5 1],134,320,322,186,320
1,<environment.Job instance at 0x1500b57f45f0>,94,3,[2 6],125,340,343,215,325
1,<environment.Job instance at 0x15009c621dc0>,103,3,[10  2],139,343,346,204,325
1,<environment.Job instance at 0x15009c621960>,105,13,[ 1 10],141,346,359,205,330
1,<environment.Job instance at 0x1500b076d730>,89,2,[7 1],120,341,343,221,341
1,<environment.Job instance at 0x1500b06d04b0>,113,18,[1 6],154,359,377,205,348
1,<environment.Job instance at 0x1500afd41af0>,111,2,[7 1],148,359,361,211,350
1,<environment.Job instance at 0x1500ac0ec3c0>,0,13,[2 5],2,2,15,0,2
1,<environment.Job instance at 0x1500ac141a50>,4,3,[9 2],8,15,18,7,12
1,<environment.Job instance at 0x1500ac141d20>,8,14,[7 1],15,18,32,3,15
1,<environment.Job instance at 0x1500ac141960>,9,3,[2 6],16,18,21,2,18
1,<environment.Job instance at 0x1500ac1222d0>,12,3,[6 1],19,32,35,13,19
1,<environment.Job instance at 0x1500ac122730>,15,14,[2 5],22,22,36,0,22
1,<environment.Job instance at 0x1500ac1226e0>,19,2,[5 1],28,35,37,7,28
1,<environment.Job instance at 0x1500ac122780>,17,1,[5 1],26,36,37,10,28
1,<environment.Job instance at 0x1500ac122cd0>,20,15,[9 2],30,37,52,7,30
1,<environment.Job instance at 0x1500ac13a870>,29,2,[6 2],45,52,54,7,46
1,<environment.Job instance at 0x1500ac13ab40>,32,18,[ 1 10],50,54,72,4,50
1,<environment.Job instance at 0x1500ac13aeb0>,34,15,[5 2],52,72,87,20,58
1,<environment.Job instance at 0x1500ac1470f0>,39,1,[1 6],57,72,73,15,58
1,<environment.Job instance at 0x1500ac1470a0>,40,12,[5 2],58,73,85,15,58
1,<environment.Job instance at 0x1500ac13a8c0>,30,12,[2 8],46,85,97,39,84
1,<environment.Job instance at 0x1500ac13adc0>,35,13,[1 6],53,97,110,44,90
1,<environment.Job instance at 0x1500ac1478c0>,44,14,[6 1],66,100,114,34,100
1,<environment.Job instance at 0x1500ac1479b0>,46,2,[2 6],69,110,112,41,104
1,<environment.Job instance at 0x1500ac147b40>,48,3,[1 9],71,112,115,41,104
1,<environment.Job instance at 0x1500ac147d70>,51,2,[2 6],78,130,132,52,130
1,<environment.Job instance at 0x1500b5778a50>,55,21,[1 9],85,149,170,64,149
1,<environment.Job instance at 0x1500ac10ea00>,59,18,[10  1],91,170,188,79,166
1,<environment.Job instance at 0x1500ac10e500>,60,2,[7 2],92,188,190,96,178
1,<environment.Job instance at 0x1500ac10e0f0>,63,3,[7 2],96,190,193,94,185
1,<environment.Job instance at 0x1500ac10e410>,67,1,[5 2],102,223,224,121,223
1,<environment.Job instance at 0x1500ac10e230>,68,3,[6 2],103,228,231,125,228
1,<environment.Job instance at 0x15009c8458c0>,73,2,[9 1],110,231,233,121,228
1,<environment.Job instance at 0x1500ac1bccd0>,79,3,[1 6],117,249,252,132,249
1,<environment.Job instance at 0x1500b5885640>,81,13,[7 1],119,263,276,144,263
1,<environment.Job instance at 0x1500b58825a0>,88,1,[10  2],127,276,277,149,266
1,<environment.Job instance at 0x15009cca96e0>,89,13,[2 7],128,277,290,149,275
1,<environment.Job instance at 0x15009ccc24b0>,92,3,[9 1],131,290,293,159,283
1,<environment.Job instance at 0x15009ccc26e0>,95,2,[2 9],134,293,295,159,286
1,<environment.Job instance at 0x15009ccdda00>,96,17,[8 1],136,293,310,157,288
1,<environment.Job instance at 0x15009ccb0fa0>,97,18,[1 6],137,295,313,158,289
1,<environment.Job instance at 0x15009cca9370>,91,2,[7 1],130,310,312,180,293
1,<environment.Job instance at 0x15009ccb0690>,98,3,[9 1],138,312,315,174,306
1,<environment.Job instance at 0x1500ac1b6410>,103,3,[10  1],145,332,335,187,332
1,<environment.Job instance at 0x1500ac1b6e60>,102,14,[1 8],143,335,349,192,332
1,<environment.Job instance at 0x1500ac1b6780>,106,18,[ 2 10],151,353,371,202,353
1,<environment.Job instance at 0x1500ac1b6690>,105,1,[7 1],148,371,372,223,356
1,<environment.Job instance at 0x1500ac1b65f0>,107,12,[5 1],153,372,384,219,357
1,<environment.Job instance at 0x1500ac1b6cd0>,109,3,[8 1],156,384,387,228,358
1,<environment.Job instance at 0x1500ac1b6e10>,110,18,[1 9],158,371,389,213,365
1,<environment.Job instance at 0x1500ac1b6a50>,111,2,[5 1],159,387,389,228,380
1,<environment.Job instance at 0x1500ac1b6b40>,108,3,[9 2],154,389,392,235,385
1,<environment.Job instance at 0x1500afd219b0>,83,14,[10  2],122,392,406,270,389
1,<environment.Job instance at 0x15009c729500>,4,3,[8 1],7,7,10,0,7
1,<environment.Job instance at 0x15009c729370>,1,22,[1 7],2,10,32,8,10
1,<environment.Job instance at 0x15009c8220f0>,13,1,[10  1],17,32,33,15,17
1,<environment.Job instance at 0x15009c8225f0>,16,3,[ 1 10],20,33,36,13,20
1,<environment.Job instance at 0x15009c822050>,17,17,[1 7],21,36,53,15,24
1,<environment.Job instance at 0x15009c741f50>,20,1,[5 1],28,28,29,0,28
1,<environment.Job instance at 0x15009c741640>,21,22,[5 2],29,36,58,7,30
1,<environment.Job instance at 0x15009ceb7e60>,27,19,[7 2],38,58,77,20,50
1,<environment.Job instance at 0x15009ceb7f00>,30,1,[2 6],41,53,54,12,50
1,<environment.Job instance at 0x15009ceb7a50>,31,12,[1 8],42,54,66,12,50
1,<environment.Job instance at 0x15009ceb7500>,34,2,[10  1],46,77,79,31,52
1,<environment.Job instance at 0x15009c822fa0>,15,13,[ 2 10],19,79,92,60,73
1,<environment.Job instance at 0x1500b0a716e0>,38,3,[1 6],51,74,77,23,74
1,<environment.Job instance at 0x15009ceb75f0>,36,1,[ 2 10],49,92,93,43,85
1,<environment.Job instance at 0x1500b0a71dc0>,41,1,[2 9],54,93,94,39,90
1,<environment.Job instance at 0x1500b0a71f00>,43,14,[1 8],57,185,199,128,185
1,<environment.Job instance at 0x1500b0a71aa0>,46,1,[9 2],60,196,197,136,196
1,<environment.Job instance at 0x1500b0a71730>,48,14,[2 9],62,231,245,169,231
1,<environment.Job instance at 0x1500b0a47dc0>,53,3,[6 1],70,246,249,176,246
1,<environment.Job instance at 0x1500b0a47f50>,52,1,[5 1],69,270,271,201,270
1,<environment.Job instance at 0x1500b0a47cd0>,54,3,[8 2],73,293,296,220,293
1,<environment.Job instance at 0x15009cd3f640>,59,2,[1 7],79,317,319,238,317
1,<environment.Job instance at 0x15009cd3f5a0>,60,2,[7 2],80,344,346,264,344
1,<environment.Job instance at 0x15009cd3f320>,57,1,[1 6],77,346,347,269,346
1,<environment.Job instance at 0x15009cd3fa00>,64,13,[6 1],84,347,360,263,347
1,<environment.Job instance at 0x15009cd3fb40>,65,2,[1 5],85,366,368,281,366
1,<environment.Job instance at 0x1500af688d20>,71,14,[2 7],93,465,479,372,465
1,<environment.Job instance at 0x1500b51267d0>,68,3,[1 7],88,479,482,391,479
1,<environment.Job instance at 0x1500af688af0>,72,12,[ 1 10],96,495,507,399,495
1,<environment.Job instance at 0x1500af688230>,73,1,[ 2 10],97,550,551,453,550
1,<environment.Job instance at 0x15009cd501e0>,77,21,[5 2],104,571,592,467,571
1,<environment.Job instance at 0x1500af688e60>,78,2,[ 1 10],105,592,594,487,584
1,<environment.Job instance at 0x15009cd505a0>,82,2,[2 9],109,596,598,487,596
1,<environment.Job instance at 0x15009cd50e60>,84,2,[8 2],113,599,601,486,599
1,<environment.Job instance at 0x15009cd50230>,83,3,[6 1],111,607,610,496,607
1,<environment.Job instance at 0x15009cd50d20>,88,2,[6 2],120,642,644,522,642
1,<environment.Job instance at 0x15009cd50910>,91,3,[7 1],124,651,654,527,651
1,<environment.Job instance at 0x15009cd50140>,94,2,[7 1],128,658,660,530,658
1,<environment.Job instance at 0x15009cd50050>,95,1,[1 7],129,658,659,529,658
1,<environment.Job instance at 0x1500b5811fa0>,96,1,[5 2],131,660,661,529,659
1,<environment.Job instance at 0x1500b5811280>,98,2,[5 1],134,662,664,528,662
1,<environment.Job instance at 0x1500b5811b90>,100,1,[10  2],138,681,682,543,681
1,<environment.Job instance at 0x15009c731550>,107,1,[2 7],148,787,788,639,787
1,<environment.Job instance at 0x15009c9959b0>,109,15,[ 2 10],151,879,894,728,879
1,<environment.Job instance at 0x15009cd50c30>,90,2,[8 2],122,943,945,821,943
1,<environment.Job instance at 0x15009ce45d20>,112,15,[2 6],156,979,994,823,979
1,<environment.Job instance at 0x1500b073da00>,1,1,[6 2],3,6,7,3,6
1,<environment.Job instance at 0x15009c7315a0>,2,16,[10  1],4,16,32,12,16
1,<environment.Job instance at 0x1500adeaa4b0>,11,1,[ 2 10],19,32,33,13,27
1,<environment.Job instance at 0x1500b069a6e0>,15,13,[2 9],25,33,46,8,28
1,<environment.Job instance at 0x1500b12e8960>,16,12,[10  1],26,46,58,20,34
1,<environment.Job instance at 0x1500b5882d70>,29,1,[8 1],40,58,59,18,53
1,<environment.Job instance at 0x1500b5885be0>,32,1,[6 1],44,59,60,15,53
1,<environment.Job instance at 0x1500b5885c30>,34,3,[2 8],48,58,61,10,56
1,<environment.Job instance at 0x1500b5884730>,36,25,[ 1 10],51,61,86,10,57
1,<environment.Job instance at 0x1500b58846e0>,38,3,[ 2 10],53,86,89,33,76
1,<environment.Job instance at 0x1500b5882460>,27,17,[1 9],38,89,106,51,81
1,<environment.Job instance at 0x1500afd217d0>,44,3,[1 9],61,106,109,45,89
1,<environment.Job instance at 0x15009c9f05a0>,48,3,[10  1],68,109,112,41,99
1,<environment.Job instance at 0x1500afd21aa0>,45,1,[5 1],62,103,104,41,103
1,<environment.Job instance at 0x15009cacb280>,54,1,[5 2],80,112,113,32,106
1,<environment.Job instance at 0x1500b577dc80>,51,18,[2 7],75,113,131,38,113
1,<environment.Job instance at 0x1500ae379410>,55,17,[2 7],83,131,148,48,124
1,<environment.Job instance at 0x1500b0a504b0>,60,3,[7 1],90,127,130,37,127
1,<environment.Job instance at 0x15009caf89b0>,63,18,[2 7],95,148,166,53,139
1,<environment.Job instance at 0x1500af69f3c0>,64,16,[1 8],96,185,201,89,185
1,<environment.Job instance at 0x1500af69f500>,73,2,[8 1],107,201,203,94,201
1,<environment.Job instance at 0x15009c64ef50>,76,3,[2 6],111,201,204,90,201
1,<environment.Job instance at 0x15009c64e320>,78,2,[5 2],114,203,205,89,201
1,<environment.Job instance at 0x15009c64e050>,84,14,[6 1],120,205,219,85,204
1,<environment.Job instance at 0x15009c64e4b0>,86,2,[8 1],123,219,221,96,204
1,<environment.Job instance at 0x15009c64e280>,85,12,[2 9],121,205,217,84,204
1,<environment.Job instance at 0x15009c64e3c0>,77,1,[ 2 10],112,221,222,109,205
1,<environment.Job instance at 0x1500afca0730>,95,3,[9 1],139,222,225,83,206
1,<environment.Job instance at 0x1500afca0500>,97,17,[1 8],141,222,239,81,213
1,<environment.Job instance at 0x1500adea6b40>,111,1,[2 7],159,1539,1540,1380,1539
1,<environment.Job instance at 0x14cb8a968a50>,0,12,[2 5],1,1,13,0,1
1,<environment.Job instance at 0x14cb82bc52d0>,3,1,[6 2],4,4,5,0,4
1,<environment.Job instance at 0x14cb8a968cd0>,1,3,[1 9],2,13,16,11,6
1,<environment.Job instance at 0x14cb81429aa0>,6,18,[8 1],7,7,25,0,7
1,<environment.Job instance at 0x14cb8140a820>,7,1,[2 6],8,16,17,8,10
1,<environment.Job instance at 0x14cb8163ebe0>,9,2,[6 1],11,25,27,14,12
1,<environment.Job instance at 0x14cb81428a50>,8,13,[6 1],9,27,40,18,14
1,<environment.Job instance at 0x14cb826d4960>,10,13,[2 8],12,17,30,5,17
1,<environment.Job instance at 0x14cb82ae9af0>,15,1,[ 1 10],20,40,41,20,20
1,<environment.Job instance at 0x14cb8131c370>,18,2,[10  1],25,41,43,16,25
1,<environment.Job instance at 0x14cb80ead500>,24,12,[ 1 10],32,43,55,11,32
1,<environment.Job instance at 0x14cb8131f870>,21,3,[6 1],29,55,58,26,32
1,<environment.Job instance at 0x14cb80eac8c0>,25,2,[2 8],34,36,38,2,36
1,<environment.Job instance at 0x14cb80eacdc0>,27,2,[2 7],36,38,40,2,37
1,<environment.Job instance at 0x14cb80eacbe0>,31,3,[9 2],41,58,61,17,41
1,<environment.Job instance at 0x14cb80ea86e0>,32,3,[2 9],42,55,58,13,45
1,<environment.Job instance at 0x14cb80ea7af0>,37,2,[ 1 10],50,61,63,11,50
1,<environment.Job instance at 0x14cb80ea7eb0>,39,3,[1 5],52,58,61,6,53
1,<environment.Job instance at 0x14cb80ea9910>,40,3,[1 6],53,63,66,10,57
1,<environment.Job instance at 0x14cb80ea9aa0>,44,3,[1 8],58,66,69,8,58
1,<environment.Job instance at 0x14cb80ea9320>,42,1,[10  1],56,69,70,13,60
1,<environment.Job instance at 0x14cb80ee1370>,48,1,[2 9],65,70,71,5,65
1,<environment.Job instance at 0x14cb8134f550>,49,16,[8 2],66,71,87,5,66
1,<environment.Job instance at 0x14cb80ea9eb0>,43,3,[7 2],57,87,90,30,69
1,<environment.Job instance at 0x14cb80eb5910>,54,2,[2 5],75,79,81,4,79
1,<environment.Job instance at 0x14cb80ebd050>,56,1,[10  2],79,90,91,11,81
1,<environment.Job instance at 0x14cb80ebd550>,57,22,[1 5],80,91,113,11,86
1,<environment.Job instance at 0x14cb80ed7960>,51,2,[8 2],69,93,95,24,93
1,<environment.Job instance at 0x14cb813ac140>,59,1,[1 9],85,113,114,28,109
1,<environment.Job instance at 0x14cb81337730>,58,15,[2 9],82,114,129,32,110
1,<environment.Job instance at 0x14cb8138d730>,62,3,[9 2],88,129,132,41,114
1,<environment.Job instance at 0x14cb8138d320>,66,3,[1 9],93,132,135,39,129
1,<environment.Job instance at 0x14cb8138d9b0>,69,1,[2 5],96,135,136,39,132
1,<environment.Job instance at 0x14cb81382140>,72,13,[7 2],102,135,148,33,132
1,<environment.Job instance at 0x14cb80ecdbe0>,53,3,[6 1],73,132,135,59,132
1,<environment.Job instance at 0x14cb81382640>,79,3,[7 2],111,148,151,37,134
1,<environment.Job instance at 0x14cb81382aa0>,76,2,[2 5],108,136,138,28,136
1,<environment.Job instance at 0x14cb80ea4c80>,82,12,[2 8],115,138,150,23,137
1,<environment.Job instance at 0x14cb81382f00>,73,2,[6 2],103,151,153,48,137
1,<environment.Job instance at 0x14cb81317730>,89,2,[1 9],126,153,155,27,138
1,<environment.Job instance at 0x14cb813daeb0>,90,1,[2 7],127,150,151,23,139
1,<environment.Job instance at 0x14cb816498c0>,92,15,[7 1],129,153,168,24,140
1,<environment.Job instance at 0x14cb81317500>,85,1,[7 2],120,168,169,48,144
1,<environment.Job instance at 0x14cb81317f50>,86,2,[1 8],121,151,153,30,150
1,<environment.Job instance at 0x14cb816651e0>,99,16,[8 1],137,169,185,32,167
1,<environment.Job instance at 0x14cb81665500>,98,13,[ 1 10],136,185,198,49,179
1,<environment.Job instance at 0x14cb8166a230>,106,15,[5 1],145,198,213,53,185
1,<environment.Job instance at 0x14cb8166ab90>,111,3,[2 5],153,198,201,45,191
1,<environment.Job instance at 0x14cb8165fc30>,116,1,[1 6],159,201,202,42,193
1,<environment.Job instance at 0x14cb81664910>,122,3,[7 2],168,213,216,45,195
1,<environment.Job instance at 0x14cb8166a5f0>,105,1,[8 2],144,216,217,72,195
1,<environment.Job instance at 0x14cb816640a0>,121,15,[1 6],167,208,223,41,208
1,<environment.Job instance at 0x14cb8165f780>,115,18,[2 6],158,223,241,65,216
1,<environment.Job instance at 0x14cb8166a730>,2,27,[1 8],3,37,64,34,37
1,<environment.Job instance at 0x14cb81647b40>,7,3,[5 1],13,75,78,62,75
1,<environment.Job instance at 0x14cb81647960>,6,28,[2 8],9,81,109,72,81
1,<environment.Job instance at 0x14cb81647640>,5,12,[6 1],6,82,94,76,82
1,<environment.Job instance at 0x14cb81647370>,11,2,[ 2 10],21,109,111,88,89
1,<environment.Job instance at 0x14cb81647a50>,9,3,[ 2 10],16,111,114,95,90
1,<environment.Job instance at 0x14cb81647f00>,12,3,[5 2],22,100,103,78,100
1,<environment.Job instance at 0x14cb81405460>,14,2,[ 2 10],24,114,116,90,101
1,<environment.Job instance at 0x14cb814055f0>,17,19,[ 1 10],28,203,222,175,203
1,<environment.Job instance at 0x14cb81405320>,19,3,[5 2],30,229,232,199,229
1,<environment.Job instance at 0x14cb814059b0>,16,17,[ 2 10],26,259,276,233,259
1,<environment.Job instance at 0x14cb81405820>,22,1,[1 7],33,276,277,243,270
1,<environment.Job instance at 0x14cb81647230>,13,15,[2 7],23,277,292,254,275
1,<environment.Job instance at 0x14cb81405370>,27,12,[7 1],40,299,311,259,299
1,<environment.Job instance at 0x14cb81405e60>,30,2,[2 5],43,300,302,257,300
1,<environment.Job instance at 0x14cb81405c80>,31,3,[6 1],44,311,314,267,300
1,<environment.Job instance at 0x14cb814050f0>,33,3,[ 2 10],47,314,317,267,301
1,<environment.Job instance at 0x14cb81405dc0>,25,3,[ 2 10],37,317,320,280,311
1,<environment.Job instance at 0x14cb81664730>,37,17,[7 1],52,320,337,268,317
1,<environment.Job instance at 0x14cb81664d70>,38,1,[2 6],53,323,324,270,323
1,<environment.Job instance at 0x14cb81664050>,42,12,[1 5],62,336,348,274,336
1,<environment.Job instance at 0x14cb81664fa0>,44,1,[9 1],65,351,352,286,351
1,<environment.Job instance at 0x14cb81664f00>,48,3,[1 5],70,357,360,287,357
1,<environment.Job instance at 0x14cb81664a00>,47,2,[1 5],69,359,361,290,359
1,<environment.Job instance at 0x14cb81665c80>,52,2,[1 6],77,377,379,300,377
1,<environment.Job instance at 0x14cb81665af0>,55,18,[10  1],86,381,399,295,381
1,<environment.Job instance at 0x14cb81665b40>,56,2,[7 2],87,399,401,312,388
1,<environment.Job instance at 0x14cb81665190>,57,2,[2 5],88,414,416,326,414
1,<environment.Job instance at 0x14cb81665410>,60,1,[7 2],93,414,415,321,414
1,<environment.Job instance at 0x14cb8166bd20>,63,14,[6 1],97,427,441,330,427
1,<environment.Job instance at 0x14cb8166b8c0>,64,15,[2 8],98,427,442,329,427
1,<environment.Job instance at 0x14cb8166beb0>,65,16,[1 7],99,442,458,343,429
1,<environment.Job instance at 0x14cb81665370>,59,3,[8 1],92,539,542,447,539
1,<environment.Job instance at 0x14cb8166b6e0>,76,18,[5 2],113,596,614,483,596
1,<environment.Job instance at 0x14cb8166b4b0>,77,2,[8 2],115,618,620,503,618
1,<environment.Job instance at 0x14cb816685a0>,81,1,[1 8],119,627,628,508,627
1,<environment.Job instance at 0x14cb82bdec80>,85,2,[5 2],125,638,640,513,638
1,<environment.Job instance at 0x14cb81668910>,78,3,[1 7],116,638,641,522,638
1,<environment.Job instance at 0x14cb82bde6e0>,93,12,[7 2],137,641,653,504,641
1,<environment.Job instance at 0x14cb82bde280>,94,2,[7 2],139,653,655,514,641
1,<environment.Job instance at 0x14cb82bde500>,87,12,[7 1],128,655,667,527,641
1,<environment.Job instance at 0x14cb82bde4b0>,95,3,[ 2 10],141,667,670,526,643
1,<environment.Job instance at 0x14cb82bde870>,97,2,[2 5],144,644,646,500,644
1,<environment.Job instance at 0x14cb82b735a0>,108,12,[7 1],161,670,682,509,654
1,<environment.Job instance at 0x14cb82b73820>,111,3,[1 9],164,670,673,506,667
1,<environment.Job instance at 0x14cb826d5550>,0,2,[2 7],1,4,6,3,4
1,<environment.Job instance at 0x14cb82b73960>,4,1,[ 2 10],5,6,7,1,6
1,<environment.Job instance at 0x14cb378c2640>,5,18,[5 2],7,7,25,0,7
1,<environment.Job instance at 0x14cb378c2780>,6,1,[1 8],8,10,11,2,10
1,<environment.Job instance at 0x14cb378c2730>,8,12,[2 9],13,25,37,12,13
1,<environment.Job instance at 0x14cb826d5aa0>,7,13,[1 7],10,37,50,27,21
1,<environment.Job instance at 0x14cb378c2f00>,14,1,[6 2],21,37,38,16,22
1,<environment.Job instance at 0x14cb837ac2d0>,17,2,[8 1],28,29,31,1,29
1,<environment.Job instance at 0x14cb837ac780>,21,3,[1 8],34,50,53,16,36
1,<environment.Job instance at 0x14cb837acb90>,24,2,[1 6],38,53,55,15,40
1,<environment.Job instance at 0x14cb837acc80>,27,3,[9 1],42,42,45,0,42
1,<environment.Job instance at 0x14cb837acaf0>,25,3,[ 2 10],40,55,58,15,52
1,<environment.Job instance at 0x14cb378c4aa0>,35,3,[9 1],54,58,61,4,54
1,<environment.Job instance at 0x14cb378c4af0>,36,18,[6 2],56,61,79,5,56
1,<environment.Job instance at 0x14cb378c4e10>,37,16,[1 5],58,61,77,3,61
1,<environment.Job instance at 0x14cb378c4d70>,38,3,[5 1],60,79,82,19,62
1,<environment.Job instance at 0x14cb378c48c0>,39,14,[1 6],62,77,91,15,63
1,<environment.Job instance at 0x14cb378c71e0>,41,1,[2 7],64,91,92,27,64
1,<environment.Job instance at 0x14cb378c76e0>,46,2,[5 2],72,82,84,10,73
1,<environment.Job instance at 0x14cb378c7b90>,48,2,[9 2],75,84,86,9,77
1,<environment.Job instance at 0x14cb378c9140>,53,3,[6 1],83,86,89,3,84
1,<environment.Job instance at 0x14cb378c9690>,57,16,[2 9],87,92,108,5,89
1,<environment.Job instance at 0x14cb378c9aa0>,63,15,[2 8],98,116,131,18,116
1,<environment.Job instance at 0x14cb378c9dc0>,65,13,[ 2 10],102,131,144,29,121
1,<environment.Job instance at 0x14cb378c9e10>,67,2,[1 5],105,144,146,39,121
1,<environment.Job instance at 0x14cb378c9f50>,68,2,[8 1],106,121,123,15,121
1,<environment.Job instance at 0x14cb378cc1e0>,73,3,[2 8],112,146,149,34,128
1,<environment.Job instance at 0x14cb378cc4b0>,75,16,[2 6],116,149,165,33,136
1,<environment.Job instance at 0x14cb378cc410>,77,2,[8 2],118,144,146,26,137
1,<environment.Job instance at 0x14cb378cc780>,79,3,[10  1],121,165,168,44,141
1,<environment.Job instance at 0x14cb3793acd0>,82,3,[1 9],124,168,171,44,148
1,<environment.Job instance at 0x14cb3793a0a0>,86,1,[2 8],130,171,172,41,150
1,<environment.Job instance at 0x14cb378c7dc0>,52,14,[1 9],80,172,186,92,171
1,<environment.Job instance at 0x14cb37961960>,93,2,[1 7],141,186,188,45,178
1,<environment.Job instance at 0x14cb379f2d20>,94,1,[1 5],142,188,189,46,180
1,<environment.Job instance at 0x14cb37a50460>,90,3,[10  1],136,189,192,53,182
1,<environment.Job instance at 0x14cb3790b550>,87,1,[8 2],131,269,270,138,269
1,<environment.Job instance at 0x14cb37a5b5f0>,102,3,[6 1],150,306,309,156,306
1,<environment.Job instance at 0x14cb379d9050>,95,18,[8 2],143,354,372,211,354
1,<environment.Job instance at 0x14cb37945f50>,109,1,[6 2],161,372,373,211,354
1,<environment.Job instance at 0x14cb37a566e0>,113,2,[2 7],166,376,378,210,376
1,<environment.Job instance at 0x14cb37a56b90>,108,2,[2 8],159,395,397,236,395
1,<environment.Job instance at 0x14cb37a56aa0>,1,12,[6 1],2,2,14,0,2
1,<environment.Job instance at 0x14cb37a56b90>,2,2,[5 2],3,14,16,11,7
1,<environment.Job instance at 0x14cb378ccdc0>,3,1,[7 1],6,16,17,10,9
1,<environment.Job instance at 0x14cb7c0fad70>,8,15,[1 8],12,13,28,1,13
1,<environment.Job instance at 0x14cb7c0fa370>,9,3,[1 7],13,28,31,15,13
1,<environment.Job instance at 0x14cb7c0fa5f0>,7,2,[5 2],10,22,24,12,22
1,<environment.Job instance at 0x14cb37f98f00>,17,2,[1 5],23,31,33,8,24
1,<environment.Job instance at 0x14cb37f48d70>,19,1,[2 5],26,36,37,10,36
1,<environment.Job instance at 0x14cb837bd1e0>,25,17,[2 7],34,107,124,73,107
1,<environment.Job instance at 0x14cb837bd820>,26,14,[1 6],35,124,138,89,113
1,<environment.Job instance at 0x14cb7c198f50>,15,1,[1 7],21,138,139,117,114
1,<environment.Job instance at 0x14cb7c1f9820>,32,2,[2 6],41,139,141,98,116
1,<environment.Job instance at 0x14cb37fb8d70>,30,1,[1 8],39,141,142,102,116
1,<environment.Job instance at 0x14cb7c234550>,34,2,[10  2],43,142,144,99,127
1,<environment.Job instance at 0x14cb7c207b40>,41,2,[1 8],52,144,146,92,133
1,<environment.Job instance at 0x14cb7c207a00>,44,14,[2 8],55,146,160,91,146
1,<environment.Job instance at 0x14cb7c207370>,43,1,[2 5],54,160,161,106,148
1,<environment.Job instance at 0x14cb7c234a50>,36,16,[ 2 10],45,161,177,116,148
1,<environment.Job instance at 0x14cb83ac0e10>,52,3,[2 8],67,177,180,110,161
1,<environment.Job instance at 0x14cb83ac0be0>,55,3,[2 9],70,183,186,113,183
1,<environment.Job instance at 0x14cb83ac0f00>,54,16,[10  1],69,186,202,117,186
1,<environment.Job instance at 0x14cb83ac07d0>,57,12,[7 1],74,202,214,128,189
1,<environment.Job instance at 0x14cb83ac0230>,58,3,[10  1],77,214,217,137,193
1,<environment.Job instance at 0x14cb83ac0c80>,60,3,[8 1],80,217,220,137,209
1,<environment.Job instance at 0x14cb89e60910>,62,18,[2 6],84,230,248,146,230
1,<environment.Job instance at 0x14cb836b09b0>,64,2,[5 1],87,245,247,158,245
1,<environment.Job instance at 0x14cb7c21a5a0>,66,3,[5 2],90,264,267,174,264
1,<environment.Job instance at 0x14cb82e5c870>,67,12,[1 5],91,269,281,178,269
1,<environment.Job instance at 0x14cb37fa2d70>,68,13,[7 2],92,281,294,189,281
1,<environment.Job instance at 0x14cb83ac03c0>,56,23,[1 6],71,289,312,218,289
1,<environment.Job instance at 0x14cb82e5c410>,71,18,[1 5],97,312,330,215,301
1,<environment.Job instance at 0x14cb82e5c370>,74,3,[2 9],104,330,333,226,304
1,<environment.Job instance at 0x14cb82e5c780>,73,1,[1 9],102,333,334,231,307
1,<environment.Job instance at 0x14cb82e5c230>,77,26,[2 8],108,344,370,236,344
1,<environment.Job instance at 0x14cb82e5cc80>,80,3,[10  2],113,370,373,257,346
1,<environment.Job instance at 0x14cb82ae46e0>,81,2,[1 6],117,373,375,256,346
1,<environment.Job instance at 0x14cb82ae47d0>,82,3,[1 9],118,375,378,257,351
1,<environment.Job instance at 0x14cb82b9c910>,85,3,[10  2],124,378,381,254,368
1,<environment.Job instance at 0x14cb82b9c0a0>,83,16,[2 7],121,381,397,260,374
1,<environment.Job instance at 0x14cb82e5cdc0>,70,3,[2 6],96,397,400,301,374
1,<environment.Job instance at 0x14cb7c1f6dc0>,90,3,[9 1],132,375,378,243,375
1,<environment.Job instance at 0x14cb82b9ce60>,86,3,[5 1],128,391,394,263,391
1,<environment.Job instance at 0x14cb7c1f6730>,95,17,[2 8],137,415,432,278,415
1,<environment.Job instance at 0x14cb7c1f67d0>,96,2,[6 1],139,415,417,276,415
1,<environment.Job instance at 0x14cb7c1f6410>,100,17,[1 9],144,448,465,304,448
1,<environment.Job instance at 0x14cb7c1f65f0>,101,3,[9 2],145,465,468,320,450
1,<environment.Job instance at 0x14cb7c1f6320>,102,2,[2 9],147,468,470,321,458
1,<environment.Job instance at 0x14cb837cfc80>,103,15,[2 8],152,523,538,371,523
1,<environment.Job instance at 0x14cb837cf410>,108,3,[2 8],159,546,549,387,546
1,<environment.Job instance at 0x14cb837cfbe0>,107,1,[10  2],158,549,550,391,546
1,<environment.Job instance at 0x14cb7c1f6cd0>,94,21,[1 8],136,550,571,414,546
1,<environment.Job instance at 0x14cb7c05ed20>,0,3,[1 9],1,1,4,0,1
1,<environment.Job instance at 0x14cb7c05ecd0>,1,1,[2 9],4,6,7,2,6
1,<environment.Job instance at 0x14cb37fe0b90>,2,2,[7 2],5,8,10,3,8
1,<environment.Job instance at 0x14cb37fe0d20>,3,12,[7 1],6,10,22,4,8
1,<environment.Job instance at 0x14cb87e013c0>,6,2,[7 1],11,22,24,11,13
1,<environment.Job instance at 0x14cb87e01230>,8,3,[2 5],14,14,17,0,14
1,<environment.Job instance at 0x14cb87e01aa0>,9,1,[8 1],15,24,25,9,15
1,<environment.Job instance at 0x14cb87e01b90>,7,16,[ 1 10],12,25,41,13,17
1,<environment.Job instance at 0x14cb87e01c30>,11,13,[8 2],17,42,55,25,42
1,<environment.Job instance at 0x14cb37f6baf0>,15,1,[6 2],21,55,56,34,43
1,<environment.Job instance at 0x14cb37f6b370>,14,3,[6 2],20,56,59,36,44
1,<environment.Job instance at 0x14cb37f6b870>,18,12,[2 8],25,49,61,24,49
1,<environment.Job instance at 0x14cb37f6b550>,17,1,[7 1],24,59,60,35,52
1,<environment.Job instance at 0x14cb37f6b640>,25,1,[6 2],36,82,83,46,82
1,<environment.Job instance at 0x14cb37f6b820>,24,2,[5 1],31,83,85,52,82
1,<environment.Job instance at 0x14cb37f6b280>,23,2,[2 8],30,82,84,52,82
1,<environment.Job instance at 0x14cb37f6b2d0>,26,1,[1 9],37,84,85,47,82
1,<environment.Job instance at 0x14cb37ec6d70>,31,1,[9 1],45,85,86,40,82
1,<environment.Job instance at 0x14cb37ec6f00>,32,17,[2 8],46,86,103,40,83
1,<environment.Job instance at 0x14cb37ec66e0>,34,16,[8 1],50,86,102,36,86
1,<environment.Job instance at 0x14cb37ec6910>,38,14,[9 2],56,103,117,47,91
1,<environment.Job instance at 0x14cb37ec6d20>,41,16,[1 9],59,117,133,58,109
1,<environment.Job instance at 0x14cb37f689b0>,47,12,[1 7],67,133,145,66,120
1,<environment.Job instance at 0x14cb37f68370>,48,1,[ 1 10],69,145,146,76,120
1,<environment.Job instance at 0x14cb37f68be0>,54,1,[6 1],76,129,130,53,129
1,<environment.Job instance at 0x14cb37f68230>,43,12,[2 9],62,146,158,84,131
1,<environment.Job instance at 0x14cb37f48370>,60,1,[6 2],83,142,143,59,142
1,<environment.Job instance at 0x14cb37f687d0>,56,3,[2 7],79,158,161,79,143
1,<environment.Job instance at 0x14cb37f48960>,63,3,[7 1],86,146,149,60,143
1,<environment.Job instance at 0x14cb37e8ce60>,66,2,[7 2],90,143,145,53,143
1,<environment.Job instance at 0x14cb8130a460>,67,3,[5 2],92,158,161,66,145
1,<environment.Job instance at 0x14cb8130a370>,68,13,[2 8],93,161,174,68,146
1,<environment.Job instance at 0x14cb8130a730>,69,1,[8 1],94,149,150,55,146
1,<environment.Job instance at 0x14cb8130a870>,71,1,[10  1],98,174,175,76,146
1,<environment.Job instance at 0x14cb37f480f0>,64,14,[8 2],87,175,189,88,168
1,<environment.Job instance at 0x14cb8130aeb0>,77,21,[2 5],105,183,204,78,183
1,<environment.Job instance at 0x14cb8130a0f0>,78,15,[5 2],106,189,204,83,183
1,<environment.Job instance at 0x14cb8130a230>,74,25,[9 1],101,207,232,106,207
1,<environment.Job instance at 0x14cb7c1d70a0>,83,2,[1 5],112,207,209,95,207
1,<environment.Job instance at 0x14cb7c1d73c0>,87,17,[2 5],117,232,249,115,220
1,<environment.Job instance at 0x14cb7c1d7050>,90,2,[5 2],121,232,234,111,232
1,<environment.Job instance at 0x14cb7c1d79b0>,81,15,[6 1],110,234,249,124,232
1,<environment.Job instance at 0x14cb7c1d7960>,91,2,[5 1],122,249,251,127,233
1,<environment.Job instance at 0x14cb7c1d75f0>,92,1,[1 7],123,249,250,126,239
1,<environment.Job instance at 0x14cb7c1d7140>,93,17,[9 1],126,251,268,125,239
1,<environment.Job instance at 0x14cb37ec7960>,95,1,[5 1],128,250,251,122,239
1,<environment.Job instance at 0x14cb37ec7410>,96,1,[2 6],130,268,269,138,240
1,<environment.Job instance at 0x14cb37ec7820>,94,1,[6 2],127,268,269,141,241
1,<environment.Job instance at 0x14cb37ec7cd0>,101,2,[9 2],136,269,271,133,242
1,<environment.Job instance at 0x14cb37ec7460>,104,13,[2 6],139,271,284,132,255
1,<environment.Job instance at 0x14cb82cc1a00>,106,1,[8 2],143,271,272,128,255
1,<environment.Job instance at 0x14cb37ec79b0>,99,13,[6 1],134,272,285,138,268
1,<environment.Job instance at 0x14cb3772e0a0>,111,1,[8 2],148,285,286,137,269
1,<environment.Job instance at 0x14cb8a7f9730>,113,1,[7 1],150,286,287,136,271
1,<environment.Job instance at 0x14cb37ede2d0>,112,1,[5 2],149,287,288,138,272
1,<environment.Job instance at 0x14cb375b9500>,117,1,[6 2],155,288,289,133,272
1,<environment.Job instance at 0x14cb375d6370>,118,3,[8 2],156,289,292,133,274
1,<environment.Job instance at 0x14cb837f0eb0>,120,13,[10  1],159,292,305,133,276
1,<environment.Job instance at 0x14cb81646d70>,123,2,[7 2],162,305,307,143,290
1,<environment.Job instance at 0x14cb8a77f780>,124,3,[10  1],163,307,310,144,291
1,<environment.Job instance at 0x14cb837bc690>,125,3,[6 1],164,310,313,146,291
1,<environment.Job instance at 0x14cb84335230>,116,13,[2 9],153,315,328,162,315
1,<environment.Job instance at 0x14cb3768ad20>,127,3,[2 7],166,335,338,169,335
1,<environment.Job instance at 0x14cb837bccd0>,129,17,[1 8],168,338,355,170,335
1,<environment.Job instance at 0x14cb837bc3c0>,130,3,[5 2],169,345,348,176,345
1,<environment.Job instance at 0x14cb37f48a00>,62,16,[ 2 10],85,355,371,270,346
1,<environment.Job instance at 0x14cb37a55640>,0,3,[2 8],1,2,5,1,2
1,<environment.Job instance at 0x14cb37a55780>,4,15,[ 2 10],6,6,21,0,6
1,<environment.Job instance at 0x14cb37a55960>,5,3,[10  2],7,21,24,14,7
1,<environment.Job instance at 0x14cb37a555a0>,6,3,[2 5],9,24,27,15,10
1,<environment.Job instance at 0x14cb37a555f0>,8,3,[7 2],11,24,27,13,12
1,<environment.Job instance at 0x14cb37a58820>,7,17,[1 7],10,27,44,17,15
1,<environment.Job instance at 0x14cb37a58230>,13,2,[10  1],17,44,46,27,17
1,<environment.Job instance at 0x14cb37a58320>,9,2,[2 9],12,46,48,34,27
1,<environment.Job instance at 0x14cb37a58190>,12,15,[2 9],16,48,63,32,41
1,<environment.Job instance at 0x14cb37a01b40>,30,15,[10  2],44,63,78,19,54
1,<environment.Job instance at 0x14cb37a5ce60>,38,1,[1 8],54,78,79,24,65
1,<environment.Job instance at 0x14cb37a5c5a0>,40,2,[10  2],57,79,81,22,65
1,<environment.Job instance at 0x14cb37a5cd70>,36,2,[1 9],52,81,83,29,67
1,<environment.Job instance at 0x14cb379f8cd0>,41,1,[6 1],60,78,79,18,69
1,<environment.Job instance at 0x14cb379f83c0>,42,1,[7 2],62,83,84,21,72
1,<environment.Job instance at 0x14cb379f81e0>,46,12,[5 2],67,84,96,17,72
1,<environment.Job instance at 0x14cb37a3f410>,49,2,[ 2 10],72,96,98,24,72
1,<environment.Job instance at 0x14cb37a3f870>,50,3,[9 2],73,98,101,25,73
1,<environment.Job instance at 0x14cb379f8b40>,45,25,[6 1],65,101,126,36,98
1,<environment.Job instance at 0x14cb37983280>,57,13,[7 2],84,126,139,42,110
1,<environment.Job instance at 0x14cb37983500>,58,3,[6 2],86,139,142,53,125
1,<environment.Job instance at 0x14cb37983640>,54,1,[9 2],80,188,189,108,188
1,<environment.Job instance at 0x14cb37a3f820>,53,22,[2 5],79,251,273,172,251
1,<environment.Job instance at 0x14cb37983cd0>,63,1,[8 1],92,274,275,182,274
1,<environment.Job instance at 0x14cb37a4e230>,65,14,[9 1],94,275,289,181,275
1,<environment.Job instance at 0x14cb37a4ea50>,66,3,[9 2],95,289,292,194,285
1,<environment.Job instance at 0x14cb37a4e6e0>,70,3,[9 2],101,294,297,193,294
1,<environment.Job instance at 0x14cb37a4e5a0>,73,2,[8 2],110,334,336,224,334
1,<environment.Job instance at 0x14cb37983eb0>,61,14,[7 1],90,359,373,269,359
1,<environment.Job instance at 0x14cb37a4ee10>,78,3,[2 8],118,365,368,247,365
1,<environment.Job instance at 0x14cb37a4e1e0>,79,1,[1 8],120,368,369,248,366
1,<environment.Job instance at 0x14cb37a4e0f0>,84,1,[8 2],125,413,414,288,413
1,<environment.Job instance at 0x14cb37a00a50>,89,1,[8 1],130,443,444,313,443
1,<environment.Job instance at 0x14cb37a00910>,96,14,[ 2 10],139,488,502,349,488
1,<environment.Job instance at 0x14cb37a00b90>,98,1,[1 9],141,502,503,361,502
1,<environment.Job instance at 0x14cb37a00d20>,95,14,[7 1],138,508,522,370,508
1,<environment.Job instance at 0x14cb37a00500>,101,3,[5 2],144,525,528,381,525
1,<environment.Job instance at 0x14cb37a00b40>,103,2,[8 2],146,528,530,382,526
1,<environment.Job instance at 0x14cb37a00e60>,104,1,[9 2],147,534,535,387,534
1,<environment.Job instance at 0x14cb3794dcd0>,106,26,[1 6],151,563,589,412,563
1,<environment.Job instance at 0x14cb3794dbe0>,107,16,[2 9],152,628,644,476,628
1,<environment.Job instance at 0x14cb37a002d0>,93,2,[6 2],136,646,648,510,646
1,<environment.Job instance at 0x14cb37c60500>,116,1,[9 1],165,691,692,526,691
1,<environment.Job instance at 0x14cb84315e10>,0,2,[7 1],1,3,5,2,3
1,<environment.Job instance at 0x14cb84315a50>,3,2,[1 8],9,9,11,0,9
1,<environment.Job instance at 0x14cb84315be0>,2,13,[2 5],8,11,24,3,10
1,<environment.Job instance at 0x14cb84315780>,4,1,[2 6],10,24,25,14,20
1,<environment.Job instance at 0x14cb826a00a0>,17,1,[ 2 10],37,60,61,23,60
1,<environment.Job instance at 0x14cb826a0730>,21,2,[5 2],41,61,63,20,61
1,<environment.Job instance at 0x14cb37d3c5a0>,11,16,[9 1],24,63,79,39,61
1,<environment.Job instance at 0x14cb7c23a5f0>,33,22,[ 2 10],57,79,101,22,73
1,<environment.Job instance at 0x14cb7c043e60>,46,1,[5 1],74,101,102,27,75
1,<environment.Job instance at 0x14cb82e49d70>,47,2,[8 2],75,102,104,27,75
1,<environment.Job instance at 0x14cb7c0363c0>,40,15,[1 9],66,104,119,38,90
1,<environment.Job instance at 0x14cb37dabe10>,51,2,[8 2],83,119,121,36,92
1,<environment.Job instance at 0x14cb37f73690>,59,2,[2 8],95,119,121,24,114
1,<environment.Job instance at 0x14cb37f73730>,60,1,[1 7],98,121,122,23,114
1,<environment.Job instance at 0x14cb37d9b0a0>,63,27,[5 2],102,121,148,19,119
1,<environment.Job instance at 0x14cb37d9b6e0>,67,12,[2 8],108,144,156,36,144
1,<environment.Job instance at 0x14cb37db93c0>,72,13,[8 2],116,148,161,32,148
1,<environment.Job instance at 0x14cb37db9500>,75,3,[1 5],120,156,159,36,149
1,<environment.Job instance at 0x14cb37db98c0>,80,28,[1 6],127,160,188,33,160
1,<environment.Job instance at 0x14cb37db9cd0>,81,1,[1 7],130,188,189,58,160
1,<environment.Job instance at 0x14cb37d8f320>,82,21,[9 1],131,161,182,30,160
1,<environment.Job instance at 0x14cb37d8f190>,84,15,[10  2],133,189,204,56,176
1,<environment.Job instance at 0x14cb37b76b40>,89,1,[2 7],140,204,205,64,176
1,<environment.Job instance at 0x14cb37d840f0>,91,1,[1 9],143,205,206,62,177
1,<environment.Job instance at 0x14cb37dab460>,57,14,[2 6],93,312,326,219,312
1,<environment.Job instance at 0x14cb8135d230>,97,3,[ 2 10],151,557,560,406,557
1,<environment.Job instance at 0x14cb87e8f9b0>,99,1,[9 2],154,573,574,419,573
1,<environment.Job instance at 0x14cb81355f00>,101,1,[5 1],156,575,576,419,575
1,<environment.Job instance at 0x14cb37da6370>,104,1,[2 9],161,799,800,638,799
1,<environment.Job instance at 0x14cb8135c190>,107,1,[7 2],165,897,898,732,897
1,<environment.Job instance at 0x14cb87ea7e10>,1,1,[1 6],2,2,3,0,2
1,<environment.Job instance at 0x14cb87ea7050>,0,3,[2 9],1,3,6,2,2
1,<environment.Job instance at 0x14cb87ea7230>,2,1,[10  1],3,7,8,4,7
1,<environment.Job instance at 0x14cb87ea7960>,6,2,[1 8],7,8,10,1,7
1,<environment.Job instance at 0x14cb87ea7c80>,9,2,[8 1],10,10,12,0,10
1,<environment.Job instance at 0x14cb87ea79b0>,7,26,[8 1],8,15,41,7,15
1,<environment.Job instance at 0x14cb377aceb0>,18,1,[1 8],22,26,27,4,26
1,<environment.Job instance at 0x14cb87ea74b0>,13,16,[5 2],14,41,57,27,29
1,<environment.Job instance at 0x14cb377ac320>,27,17,[1 8],35,43,60,8,43
1,<environment.Job instance at 0x14cb377aca00>,22,2,[1 7],29,60,62,31,57
1,<environment.Job instance at 0x14cb87ea76e0>,10,27,[6 1],11,61,88,50,61
1,<environment.Job instance at 0x14cb81345280>,32,1,[1 5],41,80,81,39,80
1,<environment.Job instance at 0x14cb81345780>,37,1,[ 1 10],47,88,89,41,86
1,<environment.Job instance at 0x14cb813450f0>,41,2,[5 1],52,89,91,37,86
1,<environment.Job instance at 0x14cb81345d70>,42,2,[8 2],53,91,93,38,90
1,<environment.Job instance at 0x14cb81345230>,39,2,[2 6],49,93,95,44,93
1,<environment.Job instance at 0x14cb377973c0>,45,1,[2 8],57,98,99,41,98
1,<environment.Job instance at 0x14cb375be960>,44,14,[1 9],56,110,124,54,110
1,<environment.Job instance at 0x14cb37797b40>,50,2,[1 8],63,124,126,61,116
1,<environment.Job instance at 0x14cb377979b0>,51,17,[7 1],64,132,149,68,132
1,<environment.Job instance at 0x14cb37797d20>,47,12,[2 9],59,145,157,86,145
1,<environment.Job instance at 0x14cb83ad2e60>,53,3,[1 5],68,157,160,89,145
1,<environment.Job instance at 0x14cb37797730>,56,16,[7 1],71,149,165,78,145
1,<environment.Job instance at 0x14cb81649dc0>,59,2,[5 1],74,165,167,91,146
1,<environment.Job instance at 0x14cb375bc6e0>,60,2,[7 2],75,167,169,92,147
1,<environment.Job instance at 0x14cb37e8c910>,63,3,[1 9],78,160,163,82,151
1,<environment.Job instance at 0x14cb37b721e0>,64,3,[6 1],79,169,172,90,156
1,<environment.Job instance at 0x14cb7c0392d0>,58,14,[1 8],73,163,177,90,156
1,<environment.Job instance at 0x14cb37797dc0>,55,1,[10  2],70,177,178,107,157
1,<environment.Job instance at 0x14cb3759adc0>,69,2,[2 5],89,178,180,89,165
1,<environment.Job instance at 0x14cb375ccdc0>,65,15,[6 1],85,178,193,93,172
1,<environment.Job instance at 0x14cb37b7a1e0>,74,2,[1 7],94,180,182,86,172
1,<environment.Job instance at 0x14cb37688690>,73,12,[ 1 10],93,193,205,100,176
1,<environment.Job instance at 0x14cb37d91c30>,80,14,[2 9],107,205,219,98,190
1,<environment.Job instance at 0x14cb37db4910>,90,3,[1 9],121,219,222,98,196
1,<environment.Job instance at 0x14cb37db4fa0>,91,17,[1 5],122,222,239,100,213
1,<environment.Job instance at 0x14cb37db4870>,89,26,[2 5],119,224,250,105,224
1,<environment.Job instance at 0x14cb37db4690>,98,1,[2 8],134,250,251,116,232
1,<environment.Job instance at 0x14cb37f6c910>,104,15,[ 2 10],144,258,273,114,258
1,<environment.Job instance at 0x14cb37db4e10>,88,1,[ 1 10],118,273,274,155,258
1,<environment.Job instance at 0x14cb37f6cc30>,105,1,[1 9],145,274,275,129,258
1,<environment.Job instance at 0x14cb82bb5dc0>,106,3,[6 2],146,299,302,153,299
1,<environment.Job instance at 0x14cb82bb5d70>,109,1,[1 5],150,299,300,149,299
1,<environment.Job instance at 0x14cb82bb5f00>,110,2,[2 8],151,436,438,285,436
1,<environment.Job instance at 0x14cb82bb5c30>,111,24,[2 9],152,743,767,591,743
1,<environment.Job instance at 0x14cb37f58b40>,113,18,[5 2],157,767,785,610,762
1,<environment.Job instance at 0x14cb37f58f00>,116,2,[6 2],161,785,787,624,766
1,<environment.Job instance at 0x14cb37f58af0>,118,1,[10  1],166,787,788,621,771
1,<environment.Job instance at 0x14cb37f580a0>,119,3,[10  1],167,789,792,622,789
1,<environment.Job instance at 0x14cb37b7a410>,4,1,[7 1],5,5,6,0,5
1,<environment.Job instance at 0x14cb37b7aaf0>,5,2,[7 2],6,6,8,0,6
1,<environment.Job instance at 0x14cb37accb90>,1,1,[1 8],2,8,9,6,8
1,<environment.Job instance at 0x14cb37b7a320>,7,3,[2 6],9,9,12,0,9
1,<environment.Job instance at 0x14cb37b7a5a0>,8,2,[8 1],10,11,13,1,11
1,<environment.Job instance at 0x14cb37b7a5f0>,10,1,[9 1],12,13,14,1,13
1,<environment.Job instance at 0x14cb37b7a370>,11,1,[2 5],14,16,17,2,16
1,<environment.Job instance at 0x14cb8134d910>,12,3,[10  2],17,18,21,1,18
1,<environment.Job instance at 0x14cb826a0730>,15,1,[7 2],21,21,22,0,21
1,<environment.Job instance at 0x14cb826a0550>,16,3,[9 1],22,22,25,0,22
1,<environment.Job instance at 0x14cb826a02d0>,18,1,[2 5],24,25,26,1,24
1,<environment.Job instance at 0x14cb826a0fa0>,21,17,[10  1],28,30,47,2,30
1,<environment.Job instance at 0x14cb37b72460>,24,2,[2 6],31,47,49,16,31
1,<environment.Job instance at 0x14cb37b72d70>,25,3,[1 9],32,49,52,17,33
1,<environment.Job instance at 0x14cb37b720f0>,28,2,[6 1],36,47,49,11,41
1,<environment.Job instance at 0x14cb8134b1e0>,32,14,[5 2],44,52,66,8,45
1,<environment.Job instance at 0x14cb8134b500>,34,3,[1 9],46,66,69,20,46
1,<environment.Job instance at 0x14cb8134b460>,35,2,[9 2],48,69,71,21,48
1,<environment.Job instance at 0x14cb8135dd20>,38,22,[2 9],53,71,93,18,69
1,<environment.Job instance at 0x14cb87e3ca00>,42,2,[6 1],63,71,73,8,69
1,<environment.Job instance at 0x14cb87e3c550>,44,1,[10  2],65,93,94,28,69
1,<environment.Job instance at 0x14cb88864a50>,45,3,[2 9],66,94,97,28,71
1,<environment.Job instance at 0x14cb88864730>,50,3,[5 1],73,73,76,0,73
1,<environment.Job instance at 0x14cb377bbeb0>,61,2,[2 6],94,97,99,3,97
1,<environment.Job instance at 0x14cb377bbb90>,63,12,[2 9],97,114,126,17,114
1,<environment.Job instance at 0x14cb84321320>,64,2,[5 1],98,114,116,16,114
1,<environment.Job instance at 0x14cb377bb640>,60,1,[7 1],93,116,117,23,116
1,<environment.Job instance at 0x14cb84321820>,68,3,[9 2],104,126,129,22,116
1,<environment.Job instance at 0x14cb84321640>,66,1,[7 2],100,129,130,29,118
1,<environment.Job instance at 0x14cb84321d70>,69,2,[2 5],105,129,131,24,118
1,<environment.Job instance at 0x14cb84321960>,72,1,[1 8],108,126,127,18,124
1,<environment.Job instance at 0x14cb813451e0>,78,1,[8 1],116,130,131,14,127
1,<environment.Job instance at 0x14cb37d84a50>,82,14,[ 2 10],120,139,153,19,139
1,<environment.Job instance at 0x14cb81341be0>,80,2,[1 6],118,153,155,35,148
1,<environment.Job instance at 0x14cb37db9460>,88,2,[5 1],134,174,176,40,174
1,<environment.Job instance at 0x14cb37db41e0>,91,1,[6 1],137,176,177,39,175
1,<environment.Job instance at 0x14cb89e6a960>,92,18,[10  2],139,177,195,38,175
1,<environment.Job instance at 0x14cb82b45410>,95,1,[1 5],142,175,176,33,175
1,<environment.Job instance at 0x14cb37db9780>,89,2,[1 6],135,195,197,60,177
1,<environment.Job instance at 0x14cb37cc81e0>,97,3,[5 1],144,195,198,51,178
1,<environment.Job instance at 0x14cb89dd1280>,99,3,[10  2],147,198,201,51,178
1,<environment.Job instance at 0x14cb3769a870>,85,1,[5 2],123,197,198,74,183
1,<environment.Job instance at 0x14cb83a06550>,101,2,[9 2],151,201,203,50,183
1,<environment.Job instance at 0x14cb37fa2be0>,106,12,[7 2],159,203,215,44,186
1,<environment.Job instance at 0x14cb888e4870>,103,1,[8 1],156,215,216,59,203
1,<environment.Job instance at 0x14cb82db22d0>,114,17,[8 1],169,216,233,47,214
1,<environment.Job instance at 0x14cb89dff8c0>,1,2,[10  2],2,3,5,1,3
1,<environment.Job instance at 0x14cb89dffe10>,2,15,[9 1],4,5,20,1,4
1,<environment.Job instance at 0x14cb888644b0>,4,2,[1 9],6,12,14,6,12
1,<environment.Job instance at 0x14cb89dff4b0>,7,19,[5 2],11,20,39,9,12
1,<environment.Job instance at 0x14cb89dffbe0>,8,2,[2 8],12,20,22,8,13
1,<environment.Job instance at 0x14cb7c0c7370>,15,2,[8 2],20,39,41,19,21
1,<environment.Job instance at 0x14cb7c0c7820>,12,2,[8 1],16,41,43,25,21
1,<environment.Job instance at 0x14cb837147d0>,18,16,[1 5],23,23,39,0,23
1,<environment.Job instance at 0x14cb83714230>,29,2,[1 7],36,39,41,3,36
1,<environment.Job instance at 0x14cb37a0b500>,30,2,[1 6],37,41,43,4,38
1,<environment.Job instance at 0x14cb37a0b280>,32,1,[2 7],40,43,44,3,40
1,<environment.Job instance at 0x14cb37a0b460>,34,3,[ 2 10],42,44,47,2,42
1,<environment.Job instance at 0x14cb37a0b690>,35,2,[9 1],44,47,49,3,44
1,<environment.Job instance at 0x14cb82bf7500>,40,15,[10  1],53,54,69,1,54
1,<environment.Job instance at 0x14cb82bf74b0>,41,3,[1 8],55,69,72,14,55
1,<environment.Job instance at 0x14cb83714a00>,28,3,[2 8],35,72,75,37,72
1,<environment.Job instance at 0x14cb83aa50a0>,55,3,[2 5],73,75,78,2,73
1,<environment.Job instance at 0x14cb82cecbe0>,56,13,[1 5],74,77,90,3,77
1,<environment.Job instance at 0x14cb37bb25a0>,58,23,[2 5],77,80,103,3,80
1,<environment.Job instance at 0x14cb37bb2a00>,59,1,[6 1],78,90,91,12,80
1,<environment.Job instance at 0x14cb37bb2550>,61,16,[2 9],80,103,119,23,90
1,<environment.Job instance at 0x14cb37bb2fa0>,62,3,[2 6],81,119,122,38,93
1,<environment.Job instance at 0x14cb83693320>,69,3,[1 5],90,98,101,8,98
1,<environment.Job instance at 0x14cb8141faa0>,75,16,[2 8],98,122,138,24,111
1,<environment.Job instance at 0x14cb83aa5eb0>,57,15,[5 1],76,132,147,56,132
1,<environment.Job instance at 0x14cb7c10acd0>,84,3,[10  1],109,147,150,38,146
1,<environment.Job instance at 0x14cb7c10a0f0>,85,1,[6 1],110,175,176,65,175
1,<environment.Job instance at 0x14cb7c1086e0>,90,28,[ 2 10],116,397,425,281,397
1,<environment.Job instance at 0x14cb7c108140>,91,15,[1 8],117,432,447,315,432
1,<environment.Job instance at 0x14cb80eddc80>,100,14,[1 6],131,484,498,353,484
1,<environment.Job instance at 0x14cb80edd0a0>,104,17,[5 2],140,495,512,355,495
1,<environment.Job instance at 0x14cb888e6af0>,106,2,[2 5],144,511,513,367,511
1,<environment.Job instance at 0x14cb80ec9fa0>,110,2,[9 1],149,517,519,368,517
1,<environment.Job instance at 0x14cb82d43050>,111,17,[2 6],150,519,536,369,519
1,<environment.Job instance at 0x14cb887bb140>,112,3,[1 7],153,541,544,388,541
1,<environment.Job instance at 0x14cb813f96e0>,115,2,[10  1],156,565,567,409,565
1,<environment.Job instance at 0x14cb378408c0>,0,2,[10  1],1,5,7,4,5
1,<environment.Job instance at 0x14cb82ce92d0>,7,2,[5 1],10,11,13,1,11
1,<environment.Job instance at 0x14cb37bf7e60>,19,2,[5 2],27,28,30,1,28
1,<environment.Job instance at 0x14cb37bf7af0>,25,2,[5 1],37,39,41,2,39
1,<environment.Job instance at 0x14cb37bc9280>,28,15,[7 1],40,41,56,1,41
1,<environment.Job instance at 0x14cb37b05b40>,31,1,[9 2],44,56,57,12,44
1,<environment.Job instance at 0x14cb37b05e10>,30,17,[2 9],43,57,74,14,48
1,<environment.Job instance at 0x14cb37b054b0>,33,3,[2 5],46,48,51,2,48
1,<environment.Job instance at 0x14cb82d11230>,36,2,[5 2],49,74,76,25,49
1,<environment.Job instance at 0x14cb82d11cd0>,35,2,[2 6],48,74,76,26,57
1,<environment.Job instance at 0x14cb378cc280>,43,1,[6 1],59,59,60,0,59
1,<environment.Job instance at 0x14cb37a045f0>,44,13,[1 6],60,76,89,16,63
1,<environment.Job instance at 0x14cb888fa870>,48,3,[1 6],64,89,92,25,67
1,<environment.Job instance at 0x14cb82d42550>,46,17,[6 1],62,76,93,14,72
1,<environment.Job instance at 0x14cb3763fe10>,57,12,[5 2],79,93,105,14,79
1,<environment.Job instance at 0x14cb37633550>,59,1,[1 5],81,92,93,11,81
1,<environment.Job instance at 0x14cb7c0ffdc0>,60,26,[2 7],82,95,121,13,95
1,<environment.Job instance at 0x14cb7c0ff5f0>,62,3,[2 9],84,121,124,37,95
1,<environment.Job instance at 0x14cb7c0ffc80>,67,1,[ 2 10],90,124,125,34,101
1,<environment.Job instance at 0x14cb7c0ffbe0>,69,15,[7 2],92,105,120,13,104
1,<environment.Job instance at 0x14cb7c0ff730>,70,1,[7 2],95,120,121,25,104
1,<environment.Job instance at 0x14cb37542f50>,71,1,[1 8],96,125,126,29,104
1,<environment.Job instance at 0x14cb37542f00>,73,22,[ 1 10],98,126,148,28,122
1,<environment.Job instance at 0x14cb7c0ff8c0>,61,3,[2 8],83,148,151,65,134
1,<environment.Job instance at 0x14cb81423b90>,76,3,[10  1],102,151,154,49,134
1,<environment.Job instance at 0x14cb814235a0>,77,3,[10  1],103,154,157,51,138
1,<environment.Job instance at 0x14cb888d13c0>,53,3,[2 6],72,157,160,85,146
1,<environment.Job instance at 0x14cb81423640>,82,16,[6 1],110,157,173,47,154
1,<environment.Job instance at 0x14cb7c121730>,84,3,[9 1],114,173,176,59,157
1,<environment.Job instance at 0x14cb7c121dc0>,90,1,[5 2],122,176,177,54,157
1,<environment.Job instance at 0x14cb3761f780>,100,2,[1 8],133,160,162,27,157
1,<environment.Job instance at 0x14cb3761f140>,96,1,[8 2],129,177,178,48,160
1,<environment.Job instance at 0x14cb8815d370>,102,18,[10  1],135,178,196,43,168
1,<environment.Job instance at 0x14cb37ceb1e0>,114,3,[1 5],151,168,171,17,168
1,<environment.Job instance at 0x14cb37bc5af0>,115,1,[1 5],153,171,172,18,168
1,<environment.Job instance at 0x14cb887c65f0>,101,3,[2 5],134,196,199,62,182
1,<environment.Job instance at 0x14cb82e0d730>,126,16,[1 6],166,199,215,33,186
1,<environment.Job instance at 0x14cb37ccacd0>,2,3,[9 1],4,4,7,0,4
1,<environment.Job instance at 0x14cb37b82c30>,4,12,[7 2],7,9,21,2,9
1,<environment.Job instance at 0x14cb37b82550>,7,13,[ 2 10],12,21,34,9,13
1,<environment.Job instance at 0x14cb37b82d20>,8,2,[1 9],13,34,36,21,13
1,<environment.Job instance at 0x14cb37b82e60>,14,1,[5 1],19,34,35,15,19
1,<environment.Job instance at 0x14cb378a7e10>,16,3,[7 1],21,35,38,14,24
1,<environment.Job instance at 0x14cb37b820a0>,11,18,[10  1],16,38,56,22,33
1,<environment.Job instance at 0x14cb8a237e10>,27,12,[9 1],38,56,68,18,39
1,<environment.Job instance at 0x14cb8a237640>,23,2,[5 2],33,68,70,35,45
1,<environment.Job instance at 0x14cb83aead20>,33,2,[8 1],46,70,72,24,48
1,<environment.Job instance at 0x14cb8431d8c0>,36,3,[10  2],49,72,75,23,49
1,<environment.Job instance at 0x14cb83aeaf00>,34,2,[8 1],47,75,77,28,60
1,<environment.Job instance at 0x14cb8431dc80>,41,16,[1 9],54,75,91,21,62
1,<environment.Job instance at 0x14cb8431d640>,44,1,[6 1],57,77,78,20,62
1,<environment.Job instance at 0x14cb82b730f0>,49,3,[5 2],65,91,94,26,77
1,<environment.Job instance at 0x14cb37fc1d70>,50,15,[10  2],66,94,109,28,83
1,<environment.Job instance at 0x14cb37fc1780>,51,2,[8 2],67,109,111,42,83
1,<environment.Job instance at 0x14cb83aeadc0>,35,17,[ 2 10],48,111,128,63,102
1,<environment.Job instance at 0x14cb37fc1870>,53,1,[8 2],69,128,129,59,103
1,<environment.Job instance at 0x14cb37fc1910>,57,14,[2 5],76,128,142,52,116
1,<environment.Job instance at 0x14cb37fc1af0>,60,14,[1 7],79,142,156,63,139
1,<environment.Job instance at 0x14cb37fc1460>,61,2,[8 1],81,140,142,59,140
1,<environment.Job instance at 0x14cb37d0e550>,69,17,[2 9],93,156,173,63,150
1,<environment.Job instance at 0x14cb88184640>,70,3,[7 1],94,150,153,56,150
1,<environment.Job instance at 0x14cb887d3190>,71,2,[ 1 10],95,173,175,78,151
1,<environment.Job instance at 0x14cb88145410>,68,2,[2 9],92,175,177,83,151
1,<environment.Job instance at 0x14cb37ba8280>,73,2,[1 8],98,177,179,79,161
1,<environment.Job instance at 0x14cb82c682d0>,79,17,[ 1 10],106,179,196,73,167
1,<environment.Job instance at 0x14cb82dc96e0>,82,3,[2 5],111,196,199,85,171
1,<environment.Job instance at 0x14cb82dc9f00>,85,3,[7 2],115,196,199,81,181
1,<environment.Job instance at 0x14cb82dc9190>,83,16,[7 2],112,202,218,90,202
1,<environment.Job instance at 0x14cb87ecbb90>,98,3,[2 6],137,202,205,65,202
1,<environment.Job instance at 0x14cb87ecb4b0>,99,12,[6 1],140,222,234,82,222
1,<environment.Job instance at 0x14cb87ecbc80>,96,12,[2 8],135,233,245,98,233
1,<environment.Job instance at 0x14cb87ecb190>,100,18,[1 6],141,245,263,104,235
1,<environment.Job instance at 0x14cb7c1f6b40>,105,23,[9 1],150,245,268,95,242
1,<environment.Job instance at 0x14cb7c1f6640>,111,12,[5 1],158,268,280,110,262
1,<environment.Job instance at 0x14cb7c1f6460>,113,1,[7 1],161,280,281,119,262
1,<environment.Job instance at 0x14cb375a3cd0>,116,3,[6 2],164,281,284,117,279
1,<environment.Job instance at 0x14cb83aad960>,118,2,[5 1],169,291,293,122,291
1,<environment.Job instance at 0x14cb37d9df50>,0,18,[2 9],1,2,20,1,2
1,<environment.Job instance at 0x14cb37d9d7d0>,2,3,[1 9],4,20,23,16,6
1,<environment.Job instance at 0x14cb37d9d690>,4,3,[2 9],7,23,26,16,7
1,<environment.Job instance at 0x14cb7c05c690>,8,2,[9 1],12,20,22,8,12
1,<environment.Job instance at 0x14cb37566d70>,14,2,[1 9],19,26,28,7,19
1,<environment.Job instance at 0x14cb813e06e0>,22,17,[7 2],31,33,50,2,33
1,<environment.Job instance at 0x14cb83aba4b0>,28,1,[8 1],40,50,51,10,40
1,<environment.Job instance at 0x14cb813143c0>,25,18,[8 1],37,51,69,14,43
1,<environment.Job instance at 0x14cb37bdd280>,35,3,[1 9],54,55,58,1,55
1,<environment.Job instance at 0x14cb37bdd690>,37,13,[ 1 10],57,69,82,12,61
1,<environment.Job instance at 0x14cb37bddf00>,40,1,[1 6],62,67,68,5,67
1,<environment.Job instance at 0x14cb7c05cb90>,18,17,[9 1],24,82,99,58,71
1,<environment.Job instance at 0x14cb8a80a0a0>,50,2,[1 8],76,82,84,6,82
1,<environment.Job instance at 0x14cb378c7820>,61,1,[1 7],97,98,99,1,98
1,<environment.Job instance at 0x14cb82db6af0>,66,3,[8 2],108,109,112,1,109
1,<environment.Job instance at 0x14cb80ea84b0>,69,17,[1 9],111,112,129,1,112
1,<environment.Job instance at 0x14cb3785f690>,71,1,[8 1],113,113,114,0,113
1,<environment.Job instance at 0x14cb377a9eb0>,73,1,[1 9],118,129,130,11,118
1,<environment.Job instance at 0x14cb377a9690>,75,17,[6 1],123,126,143,3,126
1,<environment.Job instance at 0x14cb88870c80>,77,2,[9 1],127,143,145,16,129
1,<environment.Job instance at 0x14cb3758e780>,82,3,[ 2 10],138,145,148,7,138
1,<environment.Job instance at 0x14cb3758ee60>,83,3,[1 5],140,140,143,0,140
1,<environment.Job instance at 0x14cb37b802d0>,85,2,[1 7],143,148,150,5,144
1,<environment.Job instance at 0x14cb3758e820>,86,2,[2 5],144,185,187,41,185
1,<environment.Job instance at 0x14cb88870be0>,78,18,[2 8],128,198,216,70,198
1,<environment.Job instance at 0x14cb8135c910>,91,3,[2 9],150,216,219,66,198
1,<environment.Job instance at 0x14cb37f26140>,97,1,[5 2],157,202,203,45,202
1,<environment.Job instance at 0x14cb37f26a50>,99,3,[2 5],164,219,222,55,212
1,<environment.Job instance at 0x14cb37f265f0>,102,18,[7 2],169,219,237,50,217
1,<environment.Job instance at 0x14cb8977d2d0>,3,2,[1 6],4,5,7,1,5
1,<environment.Job instance at 0x14cb8135c190>,6,2,[10  1],7,9,11,2,9
1,<environment.Job instance at 0x14cb813cceb0>,7,2,[7 1],8,11,13,3,9
1,<environment.Job instance at 0x14cb8372feb0>,5,1,[2 8],6,11,12,5,10
1,<environment.Job instance at 0x14cb813cc870>,9,1,[9 2],10,13,14,3,10
1,<environment.Job instance at 0x14cb8372f0a0>,0,2,[2 9],1,14,16,13,13
1,<environment.Job instance at 0x14cb813ccaa0>,11,3,[9 1],13,16,19,3,14
1,<environment.Job instance at 0x14cb836f4280>,16,3,[9 1],21,21,24,0,21
1,<environment.Job instance at 0x14cb7c0684b0>,17,3,[1 8],23,28,31,5,28
1,<environment.Job instance at 0x14cb83701be0>,18,2,[5 1],27,28,30,1,28
1,<environment.Job instance at 0x14cb37ce5370>,21,17,[1 6],30,32,49,2,32
1,<environment.Job instance at 0x14cb83703780>,23,12,[1 7],32,49,61,17,32
1,<environment.Job instance at 0x14cb37da8550>,29,1,[6 1],41,44,45,3,44
1,<environment.Job instance at 0x14cb37d9c2d0>,32,3,[1 7],44,61,64,17,44
1,<environment.Job instance at 0x14cb37d9ccd0>,33,1,[1 8],45,64,65,19,48
1,<environment.Job instance at 0x14cb37d9c870>,34,2,[2 5],46,65,67,19,48
1,<environment.Job instance at 0x14cb37db7a50>,28,3,[1 6],40,67,70,27,52
1,<environment.Job instance at 0x14cb37ce3d70>,37,1,[2 9],49,70,71,21,63
1,<environment.Job instance at 0x14cb37dbe4b0>,41,2,[1 8],55,71,73,16,63
1,<environment.Job instance at 0x14cb37dbe320>,39,1,[9 1],53,83,84,30,83
1,<environment.Job instance at 0x14cb37b18be0>,47,1,[9 1],62,86,87,24,86
1,<environment.Job instance at 0x14cb37dbe370>,43,3,[5 1],58,87,90,29,86
1,<environment.Job instance at 0x14cb888b3cd0>,50,3,[7 2],66,93,96,27,93
1,<environment.Job instance at 0x14cb37cdc8c0>,51,13,[1 6],67,112,125,45,112
1,<environment.Job instance at 0x14cb37cdc6e0>,52,19,[5 1],68,128,147,60,128
1,<environment.Job instance at 0x14cb82c28be0>,55,16,[ 1 10],73,152,168,79,152
1,<environment.Job instance at 0x14cb82c289b0>,57,15,[2 8],75,169,184,94,169
1,<environment.Job instance at 0x14cb37b187d0>,48,2,[1 5],63,184,186,121,173
1,<environment.Job instance at 0x14cb80e9e730>,61,1,[6 2],81,189,190,108,189
1,<environment.Job instance at 0x14cb80e9eeb0>,60,3,[ 2 10],80,205,208,125,205
1,<environment.Job instance at 0x14cb37dac550>,66,1,[1 5],91,215,216,124,215
1,<environment.Job instance at 0x14cb37d80910>,73,14,[2 7],103,312,326,209,312
1,<environment.Job instance at 0x14cb37d80140>,70,2,[ 2 10],96,326,328,230,315
1,<environment.Job instance at 0x14cb37d80870>,76,18,[6 1],106,328,346,222,318
1,<environment.Job instance at 0x14cb37d80460>,74,3,[7 1],104,346,349,242,335
1,<environment.Job instance at 0x14cb37d80370>,81,18,[8 1],112,349,367,237,341
1,<environment.Job instance at 0x14cb37d80be0>,84,2,[2 6],116,347,349,231,347
1,<environment.Job instance at 0x14cb37d80e60>,83,16,[6 2],115,373,389,258,373
1,<environment.Job instance at 0x14cb37d80960>,85,2,[9 1],118,389,391,271,373
1,<environment.Job instance at 0x14cb83a5e1e0>,90,3,[2 7],126,386,389,260,386
1,<environment.Job instance at 0x14cb83a5e6e0>,91,14,[1 9],128,392,406,264,392
1,<environment.Job instance at 0x14cb83a5eaf0>,93,1,[2 7],133,406,407,273,392
1,<environment.Job instance at 0x14cb83a5e960>,95,16,[2 6],135,425,441,290,425
1,<environment.Job instance at 0x14cb83a5e780>,89,1,[8 1],125,433,434,308,433
1,<environment.Job instance at 0x14cb83a5eb90>,96,23,[1 9],136,441,464,305,435
1,<environment.Job instance at 0x14cb83a5e690>,97,3,[1 8],138,464,467,326,455
1,<environment.Job instance at 0x14cb83a5e5a0>,100,3,[7 1],146,457,460,311,457
1,<environment.Job instance at 0x14cb83a5e140>,101,3,[ 2 10],149,467,470,318,465
1,<environment.Job instance at 0x14cb83751dc0>,104,3,[1 6],156,470,473,314,467
1,<environment.Job instance at 0x14cb83751780>,105,13,[1 5],157,482,495,325,482
1,<environment.Job instance at 0x14cb83751f50>,107,2,[2 5],159,491,493,332,491
1,<environment.Job instance at 0x14cb837515a0>,108,3,[1 8],160,497,500,337,497
1,<environment.Job instance at 0x14cb83751e60>,112,3,[9 2],166,502,505,336,502
1,<environment.Job instance at 0x14cb83751b40>,114,2,[6 2],168,515,517,347,515
1,<environment.Job instance at 0x14cb83a5e640>,92,3,[1 6],132,521,524,389,521
1,<environment.Job instance at 0x14cb83a5e910>,1,13,[8 1],4,4,17,0,4
1,<environment.Job instance at 0x14cb37968c80>,8,13,[1 9],14,14,27,0,14
1,<environment.Job instance at 0x14cb37968e60>,10,2,[7 2],17,27,29,10,22
1,<environment.Job instance at 0x14cb379576e0>,16,1,[1 5],25,27,28,2,25
1,<environment.Job instance at 0x14cb37957870>,17,15,[10  1],26,29,44,3,29
1,<environment.Job instance at 0x14cb37957a00>,20,15,[5 2],30,44,59,14,30
1,<environment.Job instance at 0x14cb37957eb0>,22,2,[5 2],33,44,46,11,33
1,<environment.Job instance at 0x14cb37957f50>,24,3,[2 5],35,46,49,11,35
1,<environment.Job instance at 0x14cb3794c2d0>,25,12,[5 2],36,49,61,13,40
1,<environment.Job instance at 0x14cb3794c370>,26,14,[2 8],38,59,73,21,44
1,<environment.Job instance at 0x14cb3794c460>,30,2,[1 8],43,73,75,30,46
1,<environment.Job instance at 0x14cb3794c500>,28,16,[7 1],41,61,77,20,48
1,<environment.Job instance at 0x14cb3794c870>,31,2,[ 1 10],46,77,79,31,51
1,<environment.Job instance at 0x14cb3794ca00>,34,13,[9 1],49,79,92,30,67
1,<environment.Job instance at 0x14cb3794cd20>,38,14,[2 8],54,92,106,38,87
1,<environment.Job instance at 0x14cb3794ccd0>,40,16,[5 1],58,92,108,34,91
1,<environment.Job instance at 0x14cb3794cfa0>,42,1,[1 9],60,106,107,46,94
1,<environment.Job instance at 0x14cb3796c050>,41,14,[9 1],59,108,122,49,94
1,<environment.Job instance at 0x14cb3796c370>,45,1,[6 2],65,122,123,57,95
1,<environment.Job instance at 0x14cb3796c410>,44,3,[1 7],64,107,110,43,96
1,<environment.Job instance at 0x14cb3796c4b0>,47,2,[7 2],67,123,125,56,97
1,<environment.Job instance at 0x14cb3796c460>,49,2,[1 5],69,110,112,41,107
1,<environment.Job instance at 0x14cb3796c910>,50,2,[6 1],70,125,127,55,107
1,<environment.Job instance at 0x14cb3796c730>,52,17,[8 1],73,127,144,54,115
1,<environment.Job instance at 0x14cb3796caf0>,54,2,[2 8],78,122,124,44,116
1,<environment.Job instance at 0x14cb379578c0>,19,21,[2 6],29,124,145,95,120
1,<environment.Job instance at 0x14cb3794c280>,29,1,[1 7],42,145,146,103,122
1,<environment.Job instance at 0x14cb3796cc80>,57,1,[2 5],82,146,147,64,126
1,<environment.Job instance at 0x14cb3796c0f0>,43,1,[10  2],61,147,148,86,126
1,<environment.Job instance at 0x14cb3796c230>,48,13,[6 1],68,148,161,80,134
1,<environment.Job instance at 0x14cb3794f370>,62,2,[ 2 10],92,161,163,69,135
1,<environment.Job instance at 0x14cb3794f820>,67,1,[9 1],97,145,146,48,140
1,<environment.Job instance at 0x14cb3794fa50>,68,12,[1 7],99,148,160,49,142
1,<environment.Job instance at 0x14cb3794fd70>,74,1,[1 6],106,160,161,54,148
1,<environment.Job instance at 0x14cb3794f8c0>,71,23,[2 9],102,163,186,61,157
1,<environment.Job instance at 0x14cb37960230>,79,1,[8 2],116,186,187,70,158
1,<environment.Job instance at 0x14cb379605a0>,83,1,[1 6],122,186,187,64,158
1,<environment.Job instance at 0x14cb379608c0>,82,3,[2 7],121,187,190,66,161
1,<environment.Job instance at 0x14cb37ba0be0>,92,2,[2 8],135,190,192,55,171
1,<environment.Job instance at 0x14cb37966410>,95,3,[2 9],138,192,195,54,172
1,<environment.Job instance at 0x14cb82bc5c30>,96,1,[2 9],139,195,196,56,180
1,<environment.Job instance at 0x14cb3796e1e0>,99,1,[7 2],146,187,188,41,182
1,<environment.Job instance at 0x14cb82bbde10>,104,1,[1 6],156,196,197,40,188
1,<environment.Job instance at 0x14cb3796e280>,100,3,[1 7],147,197,200,50,189
1,<environment.Job instance at 0x14cb37951190>,105,14,[2 9],158,200,214,42,189
1,<environment.Job instance at 0x14cb3795e820>,107,3,[1 6],160,214,217,54,189
1,<environment.Job instance at 0x14cb82bd8a00>,103,14,[ 1 10],153,217,231,64,208
1,<environment.Job instance at 0x14cb3795eaa0>,109,3,[ 2 10],162,231,234,69,211
1,<environment.Job instance at 0x14cb3795e0f0>,106,2,[6 2],159,214,216,55,213
1,<environment.Job instance at 0x14cb3795ed20>,112,1,[2 9],168,234,235,66,222
1,<environment.Job instance at 0x14cb3795efa0>,113,18,[2 7],169,238,256,69,238
1,<environment.Job instance at 0x14cb82bca0f0>,102,3,[1 8],150,256,259,106,250
1,<environment.Job instance at 0x14cb3795fc30>,1,3,[6 2],5,5,8,0,5
1,<environment.Job instance at 0x14cb8887c9b0>,2,1,[1 8],6,10,11,4,10
1,<environment.Job instance at 0x14cb82bca0f0>,3,2,[5 2],7,10,12,3,10
1,<environment.Job instance at 0x14cb8887c820>,8,16,[9 2],12,12,28,0,12
1,<environment.Job instance at 0x14cb8887cfa0>,7,2,[1 8],11,16,18,5,16
1,<environment.Job instance at 0x14cb8887cc30>,11,2,[2 7],15,28,30,13,19
1,<environment.Job instance at 0x14cb8887cdc0>,14,2,[10  2],18,30,32,12,29
1,<environment.Job instance at 0x14cb8887cb90>,12,2,[9 1],16,33,35,17,33
1,<environment.Job instance at 0x14cb8887c140>,15,1,[9 2],19,37,38,18,37
1,<environment.Job instance at 0x14cb87eb4aa0>,17,1,[10  1],22,42,43,20,42
1,<environment.Job instance at 0x14cb87eb4230>,18,23,[5 2],24,43,66,19,43
1,<environment.Job instance at 0x14cb87eb4f50>,20,3,[9 1],27,66,69,39,52
1,<environment.Job instance at 0x14cb87eb45f0>,21,17,[2 6],28,69,86,41,67
1,<environment.Job instance at 0x14cb87eb4d20>,23,17,[1 9],31,97,114,66,97
1,<environment.Job instance at 0x14cb8887c230>,5,1,[8 2],9,155,156,146,155
1,<environment.Job instance at 0x14cb87eb4280>,26,18,[2 9],34,168,186,134,168
1,<environment.Job instance at 0x14cb87eb4eb0>,28,14,[9 1],36,186,200,150,182
1,<environment.Job instance at 0x14cb37afae10>,34,1,[10  2],45,200,201,155,183
1,<environment.Job instance at 0x14cb37afa960>,35,2,[ 1 10],48,204,206,156,204
1,<environment.Job instance at 0x14cb37afa550>,40,1,[2 6],57,233,234,176,233
1,<environment.Job instance at 0x14cb88145870>,46,2,[1 9],64,249,251,185,249
1,<environment.Job instance at 0x14cb88145320>,48,3,[6 2],67,251,254,184,250
1,<environment.Job instance at 0x14cb88145690>,47,1,[5 1],65,254,255,189,252
1,<environment.Job instance at 0x14cb88145550>,50,16,[10  1],70,278,294,208,278
1,<environment.Job instance at 0x14cb37da7140>,55,3,[ 2 10],75,294,297,219,279
1,<environment.Job instance at 0x14cb37da7c30>,58,3,[ 2 10],78,297,300,219,279
1,<environment.Job instance at 0x14cb37afa320>,39,1,[ 1 10],56,300,301,244,281
1,<environment.Job instance at 0x14cb37da7e10>,57,1,[ 2 10],77,301,302,224,289
1,<environment.Job instance at 0x14cb82ddf500>,61,1,[1 9],83,302,303,219,295
1,<environment.Job instance at 0x14cb82ddf780>,63,3,[8 2],85,303,306,218,302
1,<environment.Job instance at 0x14cb82ddf410>,62,21,[2 7],84,330,351,246,330
1,<environment.Job instance at 0x14cb83acd690>,67,1,[1 6],89,351,352,262,331
1,<environment.Job instance at 0x14cb83acd910>,66,2,[7 1],88,333,335,245,333
1,<environment.Job instance at 0x14cb37da7460>,60,12,[1 9],82,352,364,270,337
1,<environment.Job instance at 0x14cb8888ceb0>,74,16,[2 7],100,364,380,264,357
1,<environment.Job instance at 0x14cb37b24910>,76,2,[2 8],105,380,382,275,358
1,<environment.Job instance at 0x14cb37b24b90>,77,3,[10  1],106,382,385,276,358
1,<environment.Job instance at 0x14cb837caa50>,79,3,[2 8],110,385,388,275,375
1,<environment.Job instance at 0x14cb837cadc0>,81,2,[1 6],112,388,390,276,386
1,<environment.Job instance at 0x14cb837ca3c0>,84,3,[8 1],115,386,389,271,386
1,<environment.Job instance at 0x14cb837cacd0>,87,3,[9 2],120,389,392,269,386
1,<environment.Job instance at 0x14cb82d24aa0>,85,3,[10  1],116,392,395,276,386
1,<environment.Job instance at 0x14cb37bc6640>,96,2,[7 1],130,395,397,265,386
1,<environment.Job instance at 0x14cb37bb90f0>,101,3,[2 6],135,395,398,260,387
1,<environment.Job instance at 0x14cb37b23dc0>,102,3,[6 2],137,397,400,260,387
1,<environment.Job instance at 0x14cb82c2cb90>,103,3,[1 9],138,400,403,262,387
1,<environment.Job instance at 0x14cb377af370>,104,3,[1 7],140,403,406,263,388
1,<environment.Job instance at 0x14cb8884e370>,90,3,[1 9],124,406,409,282,388
1,<environment.Job instance at 0x14cb3773f370>,108,1,[2 9],146,409,410,263,389
1,<environment.Job instance at 0x14cb87e71280>,109,1,[ 1 10],148,410,411,262,389
1,<environment.Job instance at 0x14cb37c6c6e0>,110,3,[10  2],149,411,414,262,389
1,<environment.Job instance at 0x14cb37c6c500>,112,13,[ 1 10],151,414,427,263,398
1,<environment.Job instance at 0x14cb8a862fa0>,111,1,[1 7],150,427,428,277,407
1,<environment.Job instance at 0x14cb82c5d910>,116,3,[ 1 10],156,428,431,272,411
1,<environment.Job instance at 0x14cb82c5d320>,115,13,[1 5],155,441,454,286,441
1,<environment.Job instance at 0x14cb82afaaa0>,86,13,[1 9],117,454,467,337,442
1,<environment.Job instance at 0x14cb82c5d0f0>,119,1,[10  2],159,467,468,308,443
1,<environment.Job instance at 0x14cb82c5d5a0>,122,13,[9 1],166,454,467,288,454
1,<environment.Job instance at 0x14cb82c5d4b0>,123,1,[ 1 10],167,468,469,301,461
1,<environment.Job instance at 0x14cb82c5d3c0>,124,1,[10  2],168,469,470,301,463
1,<environment.Job instance at 0x14cb814196e0>,0,13,[2 5],2,2,15,0,2
1,<environment.Job instance at 0x14cb81419e10>,1,2,[2 8],3,15,17,12,5
1,<environment.Job instance at 0x14cb82c5d370>,2,3,[1 7],5,17,20,12,5
1,<environment.Job instance at 0x14cb37d8f370>,4,3,[9 2],8,17,20,9,11
1,<environment.Job instance at 0x14cb8374acd0>,10,3,[8 1],17,20,23,3,17
1,<environment.Job instance at 0x14cb37d8f7d0>,6,12,[2 7],13,20,32,7,20
1,<environment.Job instance at 0x14cb888976e0>,18,3,[1 8],27,32,35,5,28
1,<environment.Job instance at 0x14cb888974b0>,20,15,[9 2],30,32,47,2,30
1,<environment.Job instance at 0x14cb83a518c0>,25,1,[2 8],37,47,48,10,37
1,<environment.Job instance at 0x14cb3771cf00>,26,1,[5 1],38,47,48,9,39
1,<environment.Job instance at 0x14cb3771c460>,27,3,[5 1],39,48,51,9,39
1,<environment.Job instance at 0x14cb82ba7910>,28,18,[5 2],40,48,66,8,40
1,<environment.Job instance at 0x14cb82ba7b40>,29,2,[6 2],45,66,68,21,46
1,<environment.Job instance at 0x14cb82ba75f0>,30,12,[2 8],46,51,63,5,46
1,<environment.Job instance at 0x14cb82ba7cd0>,36,2,[8 1],54,68,70,14,54
1,<environment.Job instance at 0x14cb8134b870>,15,14,[2 5],22,63,77,41,57
1,<environment.Job instance at 0x14cb7c27d320>,41,3,[9 2],60,77,80,17,60
1,<environment.Job instance at 0x14cb7c27dc80>,40,12,[5 2],58,103,115,45,103
1,<environment.Job instance at 0x14cb375a3500>,45,12,[2 8],67,248,260,181,248
1,<environment.Job instance at 0x14cb82c68cd0>,49,2,[7 2],72,258,260,186,258
1,<environment.Job instance at 0x14cb82c68460>,50,2,[9 1],74,260,262,186,260
1,<environment.Job instance at 0x14cb375a34b0>,48,3,[1 9],71,269,272,198,269
1,<environment.Job instance at 0x14cb82c683c0>,51,2,[2 6],78,292,294,214,292
1,<environment.Job instance at 0x14cb82ba7b90>,33,18,[2 6],51,306,324,255,306
1,<environment.Job instance at 0x14cb8374d0a0>,59,18,[10  1],91,331,349,240,331
1,<environment.Job instance at 0x14cb836be0a0>,65,3,[5 1],99,349,352,250,346
1,<environment.Job instance at 0x14cb8a7f1460>,66,1,[2 9],101,349,350,248,347
1,<environment.Job instance at 0x14cb82bed370>,64,16,[1 8],97,354,370,257,354
1,<environment.Job instance at 0x14cb379e45a0>,69,18,[1 7],104,370,388,266,366
1,<environment.Job instance at 0x14cb7c17c8c0>,71,1,[1 9],107,388,389,281,369
1,<environment.Job instance at 0x14cb82c9be10>,67,1,[5 2],102,376,377,274,376
1,<environment.Job instance at 0x14cb379f53c0>,77,16,[6 2],114,390,406,276,390
1,<environment.Job instance at 0x14cb3773fdc0>,78,2,[1 7],116,399,401,283,399
1,<environment.Job instance at 0x14cb37737b40>,83,14,[10  2],122,406,420,284,403
1,<environment.Job instance at 0x14cb87e03280>,84,1,[2 8],123,403,404,280,403
1,<environment.Job instance at 0x14cb3773f0f0>,80,1,[7 1],118,420,421,302,403
1,<environment.Job instance at 0x14cb87e04fa0>,92,3,[9 1],131,421,424,290,403
1,<environment.Job instance at 0x14cb84321d20>,88,1,[10  2],127,424,425,297,410
1,<environment.Job instance at 0x14cb37f949b0>,97,18,[1 6],137,425,443,288,414
1,<environment.Job instance at 0x14cb37f940f0>,96,17,[8 1],136,425,442,289,414
1,<environment.Job instance at 0x14cb82ca46e0>,105,1,[7 1],148,442,443,294,436
1,<environment.Job instance at 0x14cb82ca40f0>,111,2,[5 1],159,443,445,284,443
1,<environment.Job instance at 0x14cb82ca4460>,112,3,[1 9],161,448,451,287,448
1,<environment.Job instance at 0x14cb37a671e0>,116,3,[8 1],167,452,455,285,452
1,<environment.Job instance at 0x14cb82ca4dc0>,106,18,[ 2 10],151,457,475,306,457
1,<environment.Job instance at 0x14cb37a67410>,117,1,[1 6],168,475,476,307,467
1,<environment.Job instance at 0x14cb37ca00a0>,118,1,[2 7],169,476,477,307,474
1,<environment.Job instance at 0x14cb8131cdc0>,0,1,[7 1],1,7,8,6,7
1,<environment.Job instance at 0x14cb8888ed70>,8,3,[ 1 10],10,15,18,5,15
1,<environment.Job instance at 0x14cb82d6e050>,11,3,[1 7],16,18,21,2,16
1,<environment.Job instance at 0x14cb82d6e460>,13,22,[5 2],19,19,41,0,19
1,<environment.Job instance at 0x14cb82d6ecd0>,21,13,[9 2],30,41,54,11,31
1,<environment.Job instance at 0x14cb82d6efa0>,23,12,[1 8],32,35,47,3,35
1,<environment.Job instance at 0x14cb82d6edc0>,25,17,[1 8],35,56,73,21,56
1,<environment.Job instance at 0x14cb82d67460>,29,3,[2 9],40,73,76,33,61
1,<environment.Job instance at 0x14cb82d67690>,32,2,[ 1 10],43,86,88,43,86
1,<environment.Job instance at 0x14cb82d6eeb0>,24,1,[2 5],33,88,89,55,86
1,<environment.Job instance at 0x14cb82d67730>,33,1,[2 9],44,90,91,46,90
1,<environment.Job instance at 0x14cb82d67780>,35,14,[1 8],47,92,106,45,92
1,<environment.Job instance at 0x14cb82d67910>,36,3,[7 2],48,92,95,44,92
1,<environment.Job instance at 0x14cb82d67960>,37,2,[7 1],49,95,97,46,92
1,<environment.Job instance at 0x14cb82d67b40>,41,3,[1 5],54,108,111,54,108
1,<environment.Job instance at 0x14cb82d67d20>,43,17,[1 9],58,262,279,204,262
1,<environment.Job instance at 0x14cb82d67eb0>,45,3,[6 1],60,263,266,203,263
1,<environment.Job instance at 0x14cb82d67870>,42,15,[10  1],55,279,294,224,276
1,<environment.Job instance at 0x14cb82d906e0>,50,2,[8 1],68,277,279,209,277
1,<environment.Job instance at 0x14cb8887b960>,65,1,[ 2 10],87,294,295,207,292
1,<environment.Job instance at 0x14cb8887b370>,66,2,[1 9],89,295,297,206,294
1,<environment.Job instance at 0x14cb82d90820>,63,14,[2 7],83,308,322,225,308
1,<environment.Job instance at 0x14cb8887b0f0>,70,2,[ 1 10],95,322,324,227,308
1,<environment.Job instance at 0x14cb82db3cd0>,73,1,[10  1],98,324,325,226,310
1,<environment.Job instance at 0x14cb8887b2d0>,68,2,[1 5],92,325,327,233,310
1,<environment.Job instance at 0x14cb37f61870>,77,3,[6 2],105,313,316,208,313
1,<environment.Job instance at 0x14cb8887b1e0>,75,3,[6 1],101,318,321,217,318
1,<environment.Job instance at 0x14cb37fe4780>,89,3,[10  1],122,330,333,208,330
1,<environment.Job instance at 0x14cb3764de60>,96,3,[5 1],135,333,336,198,331
1,<environment.Job instance at 0x14cb37cddcd0>,95,3,[9 2],133,340,343,207,340
1,<environment.Job instance at 0x14cb3764d5f0>,99,1,[2 7],138,349,350,211,349
1,<environment.Job instance at 0x14cb3764d370>,101,15,[ 2 10],141,398,413,257,398
1,<environment.Job instance at 0x14cb3764d190>,103,13,[7 1],145,418,431,273,418
1,<environment.Job instance at 0x14cb3764d2d0>,106,1,[1 5],150,425,426,275,425
1,<environment.Job instance at 0x14cb3764df50>,105,12,[2 6],147,441,453,294,441
1,<environment.Job instance at 0x14cb3764deb0>,108,1,[6 2],153,444,445,291,444
1,<environment.Job instance at 0x14cb3764d640>,110,2,[2 8],155,453,455,298,450
1,<environment.Job instance at 0x14cb3764d140>,114,3,[8 2],160,471,474,311,471
1,<environment.Job instance at 0x14cb3764de10>,115,2,[8 1],163,479,481,316,479
1,<environment.Job instance at 0x14cb3764d870>,117,3,[1 9],166,483,486,317,483
1,<environment.Job instance at 0x14cb3764dfa0>,1,3,[1 6],3,4,7,1,4
1,<environment.Job instance at 0x14cb8887da00>,7,26,[1 7],10,11,37,1,11
1,<environment.Job instance at 0x14cb8887d780>,10,2,[8 1],13,13,15,0,13
1,<environment.Job instance at 0x14cb8887df00>,14,17,[1 9],18,37,54,19,29
1,<environment.Job instance at 0x14cb8887d7d0>,17,17,[9 1],21,29,46,8,29
1,<environment.Job instance at 0x14cb82d27960>,20,2,[2 5],26,54,56,28,30
1,<environment.Job instance at 0x14cb37678cd0>,27,2,[8 1],37,46,48,9,43
1,<environment.Job instance at 0x14cb8887d0f0>,13,3,[2 9],17,56,59,39,44
1,<environment.Job instance at 0x14cb8885e1e0>,3,12,[10  1],6,59,71,53,48
1,<environment.Job instance at 0x14cb37fce5f0>,38,18,[2 7],55,71,89,16,60
1,<environment.Job instance at 0x14cb37fce320>,39,2,[2 6],57,89,91,32,63
1,<environment.Job instance at 0x14cb37cd2fa0>,43,1,[ 1 10],64,91,92,27,69
1,<environment.Job instance at 0x14cb37cd2050>,48,17,[8 1],72,73,90,1,73
1,<environment.Job instance at 0x14cb37cd29b0>,50,18,[2 7],75,92,110,17,81
1,<environment.Job instance at 0x14cb37645f00>,54,2,[8 2],81,92,94,11,83
1,<environment.Job instance at 0x14cb37cd2230>,53,3,[6 1],80,96,99,16,96
1,<environment.Job instance at 0x14cb37645e10>,56,16,[5 2],83,99,115,16,96
1,<environment.Job instance at 0x14cb37645f50>,59,26,[1 6],86,129,155,43,129
1,<environment.Job instance at 0x14cb37645c80>,60,2,[8 1],87,140,142,53,140
1,<environment.Job instance at 0x14cb37645c30>,62,3,[7 2],90,144,147,54,144
1,<environment.Job instance at 0x14cb37645960>,63,3,[2 6],91,155,158,64,155
1,<environment.Job instance at 0x14cb37645aa0>,70,3,[7 1],99,173,176,74,173
1,<environment.Job instance at 0x14cb37645780>,71,14,[6 1],100,176,190,76,175
1,<environment.Job instance at 0x14cb37cd2cd0>,49,16,[1 8],73,176,192,103,176
1,<environment.Job instance at 0x14cb37cc7e60>,72,12,[2 9],101,192,204,91,176
1,<environment.Job instance at 0x14cb37645dc0>,65,2,[5 2],94,190,192,96,177
1,<environment.Job instance at 0x14cb37cc7a50>,73,2,[8 1],103,192,194,89,180
1,<environment.Job instance at 0x14cb37cc7960>,74,3,[ 2 10],105,204,207,99,180
1,<environment.Job instance at 0x14cb37cc7b90>,79,2,[2 5],115,207,209,92,182
1,<environment.Job instance at 0x14cb37cc7140>,82,3,[9 1],119,209,212,90,188
1,<environment.Job instance at 0x14cb37cc74b0>,84,17,[1 8],121,217,234,96,217
1,<environment.Job instance at 0x14cb37cc7e10>,87,1,[1 8],124,574,575,450,574
1,<environment.Job instance at 0x14cb37cc7550>,76,3,[1 8],110,588,591,478,588
1,<environment.Job instance at 0x14cb888cbe60>,96,2,[2 9],137,634,636,497,634
1,<environment.Job instance at 0x14cb37a134b0>,91,2,[8 2],131,654,656,523,654
1,<environment.Job instance at 0x14cb37cbedc0>,102,3,[9 1],145,664,667,519,664
1,<environment.Job instance at 0x14cb3763ef50>,104,15,[2 6],148,724,739,576,724
1,<environment.Job instance at 0x14cb8a90ea00>,106,2,[ 2 10],151,739,741,588,728
1,<environment.Job instance at 0x14cb887a7960>,112,12,[1 6],164,801,813,637,801
1,<environment.Job instance at 0x14cb82d45dc0>,101,21,[5 1],144,862,883,718,862
1,<environment.Job instance at 0x14cb37667a50>,0,3,[6 2],1,1,4,0,1
1,<environment.Job instance at 0x14cb37667a00>,3,3,[1 5],5,5,8,0,5
1,<environment.Job instance at 0x14cb37a71aa0>,4,2,[6 2],6,7,9,1,7
1,<environment.Job instance at 0x14cb83a88e10>,9,1,[7 2],14,15,16,1,15
1,<environment.Job instance at 0x14cb83aa1fa0>,8,20,[1 9],12,19,39,7,19
1,<environment.Job instance at 0x14cb83a88a50>,11,2,[5 1],18,19,21,1,19
1,<environment.Job instance at 0x14cb83a88320>,12,2,[2 7],19,39,41,20,25
1,<environment.Job instance at 0x14cb376ef1e0>,13,15,[5 1],21,29,44,8,29
1,<environment.Job instance at 0x14cb87e4dfa0>,24,25,[2 7],37,41,66,4,37
1,<environment.Job instance at 0x14cb887a7140>,28,1,[9 1],45,66,67,21,47
1,<environment.Job instance at 0x14cb88824d20>,30,2,[6 1],47,47,49,0,47
1,<environment.Job instance at 0x14cb37a174b0>,35,3,[6 2],54,55,58,1,55
1,<environment.Job instance at 0x14cb37a175f0>,32,2,[2 7],49,67,69,18,62
1,<environment.Job instance at 0x14cb887a7eb0>,26,19,[8 1],42,67,86,25,62
1,<environment.Job instance at 0x14cb89f7e370>,41,3,[7 1],61,62,65,1,62
1,<environment.Job instance at 0x14cb82db90f0>,42,1,[1 9],64,66,67,2,64
1,<environment.Job instance at 0x14cb37737370>,39,3,[5 1],58,86,89,28,64
1,<environment.Job instance at 0x14cb7c0345f0>,46,3,[6 1],70,89,92,19,73
1,<environment.Job instance at 0x14cb378848c0>,47,3,[6 1],75,92,95,17,75
1,<environment.Job instance at 0x14cb7c0348c0>,48,3,[7 2],76,95,98,19,79
1,<environment.Job instance at 0x14cb37bfe870>,51,2,[8 1],80,98,100,18,81
1,<environment.Job instance at 0x14cb379245a0>,57,3,[1 6],89,89,92,0,89
1,<environment.Job instance at 0x14cb887ac780>,49,15,[8 1],77,100,115,23,90
1,<environment.Job instance at 0x14cb37924f00>,60,1,[7 2],100,115,116,15,105
1,<environment.Job instance at 0x14cb82db38c0>,69,2,[2 7],115,122,124,7,122
1,<environment.Job instance at 0x14cb82db3050>,74,13,[1 7],124,135,148,11,135
1,<environment.Job instance at 0x14cb37a17eb0>,37,18,[9 2],56,136,154,80,136
1,<environment.Job instance at 0x14cb82db3d70>,80,3,[9 2],130,154,157,24,143
1,<environment.Job instance at 0x14cb37998e60>,85,14,[1 6],138,148,162,10,144
1,<environment.Job instance at 0x14cb82db30f0>,78,22,[7 2],128,157,179,29,151
1,<environment.Job instance at 0x14cb37b125f0>,94,18,[2 5],149,173,191,24,173
1,<environment.Job instance at 0x14cb37645eb0>,97,15,[2 6],153,241,256,88,241
1,<environment.Job instance at 0x14cb37645cd0>,100,1,[5 1],156,241,242,85,241
1,<environment.Job instance at 0x14cb37c93c30>,102,18,[2 9],160,272,290,112,272
1,<environment.Job instance at 0x14cb37c930a0>,103,3,[9 1],162,290,293,128,284
1,<environment.Job instance at 0x14cb37b120f0>,95,21,[1 8],150,291,312,141,291
1,<environment.Job instance at 0x14cb37c93730>,105,2,[8 1],164,293,295,129,292
1,<environment.Job instance at 0x14cb37c93320>,106,12,[10  2],165,312,324,147,296
1,<environment.Job instance at 0x14d7056a17d0>,5,3,[9 2],6,7,10,1,7
1,<environment.Job instance at 0x14d7058b6d20>,9,2,[6 1],11,11,13,0,11
1,<environment.Job instance at 0x14d7056822d0>,11,3,[1 8],13,15,18,2,15
1,<environment.Job instance at 0x14d7056a08c0>,13,2,[8 1],17,17,19,0,17
1,<environment.Job instance at 0x14d70eb82190>,15,1,[ 1 10],20,20,21,0,20
1,<environment.Job instance at 0x14d7055c7b90>,16,1,[2 5],21,21,22,0,21
1,<environment.Job instance at 0x14d7051256e0>,25,2,[2 8],34,36,38,2,36
1,<environment.Job instance at 0x14d7051250a0>,26,1,[2 7],35,38,39,3,36
1,<environment.Job instance at 0x14d705124280>,29,16,[10  2],39,39,55,0,39
1,<environment.Job instance at 0x14d70511f320>,32,3,[2 9],42,55,58,13,44
1,<environment.Job instance at 0x14d705124a00>,31,3,[9 2],41,58,61,17,44
1,<environment.Job instance at 0x14d705124140>,30,15,[2 9],40,61,76,21,50
1,<environment.Job instance at 0x14d70511f0f0>,33,1,[2 7],43,76,77,33,50
1,<environment.Job instance at 0x14d705120820>,40,3,[1 6],53,58,61,5,57
1,<environment.Job instance at 0x14d705120960>,44,3,[1 8],58,77,80,19,63
1,<environment.Job instance at 0x14d7055e0e10>,49,16,[8 2],66,76,92,10,66
1,<environment.Job instance at 0x14d70514f370>,56,1,[10  2],79,92,93,13,80
1,<environment.Job instance at 0x14d7055faaf0>,70,2,[ 2 10],97,102,104,5,102
1,<environment.Job instance at 0x14d70514f280>,57,22,[1 5],80,110,132,30,110
1,<environment.Job instance at 0x14d705642690>,77,2,[ 1 10],109,132,134,23,112
1,<environment.Job instance at 0x14d705644280>,76,2,[2 5],108,116,118,8,116
1,<environment.Job instance at 0x14d7058e09b0>,82,12,[2 8],115,134,146,19,130
1,<environment.Job instance at 0x14d7058e0960>,90,1,[2 7],127,146,147,19,130
1,<environment.Job instance at 0x14d7058dd4b0>,91,1,[2 5],128,147,148,19,135
1,<environment.Job instance at 0x14d7058c11e0>,97,15,[10  2],135,148,163,13,147
1,<environment.Job instance at 0x14d7058c1d20>,94,1,[5 1],131,147,148,16,147
1,<environment.Job instance at 0x14d7058e2690>,100,17,[1 9],139,172,189,33,172
1,<environment.Job instance at 0x14d7058e21e0>,99,16,[8 1],137,174,190,37,174
1,<environment.Job instance at 0x14d7058e2c30>,107,18,[1 8],146,191,209,45,191
1,<environment.Job instance at 0x14d7058e3500>,113,3,[5 2],156,195,198,39,195
1,<environment.Job instance at 0x14d7058e35f0>,112,1,[8 1],154,199,200,45,199
1,<environment.Job instance at 0x14d7058e29b0>,103,1,[ 2 10],142,209,210,67,199
1,<environment.Job instance at 0x14d7058d7eb0>,117,1,[1 7],160,210,211,50,205
1,<environment.Job instance at 0x14d7058d7a50>,115,18,[2 6],158,211,229,53,207
1,<environment.Job instance at 0x14d7058d7870>,118,3,[9 1],163,229,232,66,207
1,<environment.Job instance at 0x14d7058dc8c0>,126,27,[1 8],173,247,274,74,247
1,<environment.Job instance at 0x14d7058dcd70>,121,15,[1 6],167,274,289,107,263
1,<environment.Job instance at 0x14d705683050>,1,15,[1 7],5,10,25,5,10
1,<environment.Job instance at 0x14d705642780>,5,3,[5 2],12,12,15,0,12
1,<environment.Job instance at 0x14d705642640>,11,2,[9 1],19,19,21,0,19
1,<environment.Job instance at 0x14d7056424b0>,9,17,[ 2 10],16,25,42,9,21
1,<environment.Job instance at 0x14d7055b85f0>,19,14,[10  1],29,42,56,13,31
1,<environment.Job instance at 0x14d7055b8a50>,20,12,[7 1],30,56,68,26,40
1,<environment.Job instance at 0x14d7055b80a0>,29,17,[1 6],41,56,73,15,53
1,<environment.Job instance at 0x14d705640500>,30,17,[7 1],42,68,85,26,58
1,<environment.Job instance at 0x14d7056408c0>,31,1,[2 6],43,73,74,30,58
1,<environment.Job instance at 0x14d705642e10>,6,15,[2 7],13,74,89,61,65
1,<environment.Job instance at 0x14d705640780>,34,1,[9 1],51,89,90,38,68
1,<environment.Job instance at 0x14d705640cd0>,37,1,[9 1],55,90,91,35,72
1,<environment.Job instance at 0x14d7055dd4b0>,42,2,[10  2],61,91,93,30,76
1,<environment.Job instance at 0x14d7055bc0a0>,46,18,[7 2],69,93,111,24,82
1,<environment.Job instance at 0x14d7055bc460>,47,1,[2 8],72,93,94,21,84
1,<environment.Job instance at 0x14d7055bc3c0>,50,2,[2 5],78,94,96,16,84
1,<environment.Job instance at 0x14d7055bc230>,51,14,[2 8],79,96,110,17,84
1,<environment.Job instance at 0x14d7056443c0>,57,15,[2 8],88,122,137,34,122
1,<environment.Job instance at 0x14d7055b8c80>,17,15,[1 7],25,137,152,112,123
1,<environment.Job instance at 0x14d705640f50>,33,15,[9 2],50,137,152,87,134
1,<environment.Job instance at 0x14d70562b4b0>,67,1,[2 8],101,152,153,51,137
1,<environment.Job instance at 0x14d70562b910>,68,1,[7 1],102,152,153,50,150
1,<environment.Job instance at 0x14d70562b960>,69,18,[5 2],103,153,171,50,150
1,<environment.Job instance at 0x14d70562be10>,70,2,[8 2],105,171,173,66,163
1,<environment.Job instance at 0x14d70562b730>,71,3,[1 7],106,167,170,61,167
1,<environment.Job instance at 0x14d70562bbe0>,72,18,[8 1],107,173,191,66,167
1,<environment.Job instance at 0x14d70562bcd0>,73,1,[5 2],108,170,171,62,167
1,<environment.Job instance at 0x14d70562b3c0>,74,1,[1 8],109,171,172,62,171
1,<environment.Job instance at 0x14d70562b870>,63,3,[ 2 10],95,191,194,96,172
1,<environment.Job instance at 0x14d70562b050>,75,3,[1 7],110,180,183,70,180
1,<environment.Job instance at 0x14d70562b140>,77,2,[1 7],114,183,185,69,183
1,<environment.Job instance at 0x14d70562b9b0>,79,1,[1 6],117,185,186,68,184
1,<environment.Job instance at 0x14d70562beb0>,80,12,[7 1],118,194,206,76,191
1,<environment.Job instance at 0x14d70562ba00>,81,2,[10  1],119,208,210,89,208
1,<environment.Job instance at 0x14d7055c65a0>,85,3,[1 8],125,211,214,86,211
1,<environment.Job instance at 0x14d7055facd0>,86,12,[7 2],127,222,234,95,222
1,<environment.Job instance at 0x14d7058e3f00>,84,1,[2 5],124,224,225,100,224
1,<environment.Job instance at 0x14d7055c67d0>,87,2,[7 2],129,234,236,105,224
1,<environment.Job instance at 0x14d7058e54b0>,90,2,[2 5],134,230,232,96,230
1,<environment.Job instance at 0x14d7058e5f00>,97,3,[1 9],142,236,239,94,234
1,<environment.Job instance at 0x14d70562ba50>,76,2,[5 2],112,245,247,133,245
1,<environment.Job instance at 0x14d7058e5960>,98,1,[6 1],143,248,249,105,248
1,<environment.Job instance at 0x14d70c100b90>,103,2,[10  1],153,249,251,96,249
1,<environment.Job instance at 0x14d70511f280>,109,16,[7 2],164,251,267,87,249
1,<environment.Job instance at 0x14d705597a50>,105,3,[1 8],158,251,254,93,249
1,<environment.Job instance at 0x14d70c198e60>,110,1,[ 2 10],165,267,268,102,249
1,<environment.Job instance at 0x14d707a1a960>,112,1,[1 8],168,254,255,86,249
1,<environment.Job instance at 0x14d70561ba50>,115,3,[5 2],174,268,271,94,255
1,<environment.Job instance at 0x14d70561be60>,116,2,[ 2 10],175,271,273,96,255
1,<environment.Job instance at 0x14d70561bc80>,117,15,[8 2],176,273,288,97,261
1,<environment.Job instance at 0x14d70ca80c30>,111,18,[5 2],167,288,306,121,280
1,<environment.Job instance at 0x14d706ed3f50>,1,3,[2 7],3,3,6,0,3
1,<environment.Job instance at 0x14d6dfb439b0>,8,1,[9 2],15,17,18,2,17
1,<environment.Job instance at 0x14d6dfb43910>,6,1,[1 9],13,56,57,43,56
1,<environment.Job instance at 0x14d707a240a0>,16,3,[2 7],26,63,66,37,63
1,<environment.Job instance at 0x14d70c174280>,4,2,[1 9],11,84,86,73,84
1,<environment.Job instance at 0x14d707a24370>,20,2,[2 9],31,91,93,60,91
1,<environment.Job instance at 0x14d6dfb43fa0>,15,1,[6 2],25,108,109,83,108
1,<environment.Job instance at 0x14d707a245a0>,24,3,[5 1],40,109,112,69,109
1,<environment.Job instance at 0x14d707a24870>,29,2,[6 1],46,145,147,99,145
1,<environment.Job instance at 0x14d707a24c30>,32,2,[5 2],52,163,165,111,163
1,<environment.Job instance at 0x14d707a24fa0>,36,3,[1 7],58,166,169,108,166
1,<environment.Job instance at 0x14d6dfb46140>,37,14,[1 6],59,171,185,112,171
1,<environment.Job instance at 0x14d6dfb461e0>,39,3,[6 1],63,185,188,122,185
1,<environment.Job instance at 0x14d707a24780>,26,2,[5 1],43,188,190,145,186
1,<environment.Job instance at 0x14d707a24d20>,34,2,[9 2],55,190,192,135,190
1,<environment.Job instance at 0x14d6dfb46500>,41,2,[2 9],65,195,197,130,195
1,<environment.Job instance at 0x14d6dfb464b0>,40,26,[9 1],64,200,226,136,200
1,<environment.Job instance at 0x14d6dfb46d70>,50,16,[2 8],79,333,349,254,333
1,<environment.Job instance at 0x14d6dfb46c80>,49,15,[2 8],78,444,459,366,444
1,<environment.Job instance at 0x14d6dfb46f00>,53,2,[1 5],85,459,461,374,455
1,<environment.Job instance at 0x14d6dfb46eb0>,54,2,[8 1],86,462,464,376,462
1,<environment.Job instance at 0x14d6dfb48050>,56,1,[5 1],89,469,470,380,469
1,<environment.Job instance at 0x14d6dfb48140>,57,3,[1 5],90,471,474,381,471
1,<environment.Job instance at 0x14d6dfb48370>,59,3,[2 8],92,481,484,389,481
1,<environment.Job instance at 0x14d6dfb484b0>,60,1,[1 8],95,485,486,390,485
1,<environment.Job instance at 0x14d6dfb48730>,61,16,[2 6],96,516,532,420,516
1,<environment.Job instance at 0x14d6dfb48640>,62,3,[1 6],97,532,535,435,519
1,<environment.Job instance at 0x14d6dfb46e60>,51,13,[ 2 10],82,535,548,453,519
1,<environment.Job instance at 0x14d6dfb489b0>,66,2,[1 7],102,548,550,446,532
1,<environment.Job instance at 0x14d6dfb48af0>,68,3,[1 9],104,556,559,452,556
1,<environment.Job instance at 0x14d6dfb48960>,67,15,[1 5],103,559,574,456,556
1,<environment.Job instance at 0x14d6dfb48cd0>,70,2,[1 5],108,559,561,451,557
1,<environment.Job instance at 0x14d6dfb48b40>,69,2,[1 8],106,574,576,468,560
1,<environment.Job instance at 0x14d6dfb46820>,45,3,[8 1],69,576,579,507,576
1,<environment.Job instance at 0x14d6dfb4a460>,79,2,[1 7],121,577,579,456,577
1,<environment.Job instance at 0x14d6dfb4a410>,80,1,[1 5],122,608,609,486,608
1,<environment.Job instance at 0x14d6dfb4a5f0>,83,16,[1 5],125,615,631,490,615
1,<environment.Job instance at 0x14d6dfb4a6e0>,85,17,[2 9],127,631,648,504,628
1,<environment.Job instance at 0x14d6dfb4a820>,87,16,[2 8],129,650,666,521,650
1,<environment.Job instance at 0x14d6dfb4a640>,84,2,[ 1 10],126,666,668,540,652
1,<environment.Job instance at 0x14d6dfb4aa00>,90,3,[2 8],132,687,690,555,687
1,<environment.Job instance at 0x14d6dfb4ea00>,109,3,[10  2],159,751,754,592,751
1,<environment.Job instance at 0x14d6dfb4afa0>,98,2,[10  1],144,754,756,610,753
1,<environment.Job instance at 0x14d6dfbbbbe0>,117,2,[1 5],170,821,823,651,821
1,<environment.Job instance at 0x14d6dfbbb320>,119,3,[2 7],172,835,838,663,835
1,<environment.Job instance at 0x14d6dfbbb960>,122,1,[2 5],176,838,839,662,835
1,<environment.Job instance at 0x14d6dfbbb640>,123,15,[7 1],177,840,855,663,840
1,<environment.Job instance at 0x14d6dfb4eb40>,112,3,[1 7],163,849,852,686,849
1,<environment.Job instance at 0x14d6dfb55460>,0,1,[2 6],1,2,3,1,2
1,<environment.Job instance at 0x14d6dfb55370>,1,3,[1 7],3,4,7,1,4
1,<environment.Job instance at 0x14d6dfb48e10>,2,17,[2 7],4,7,24,3,5
1,<environment.Job instance at 0x14d6f42238c0>,5,3,[5 1],7,9,12,2,9
1,<environment.Job instance at 0x14d6f4223230>,6,1,[10  1],8,24,25,16,9
1,<environment.Job instance at 0x14d6f42eec80>,9,2,[2 6],11,25,27,14,11
1,<environment.Job instance at 0x14d6f43cdd70>,12,16,[10  2],14,27,43,13,17
1,<environment.Job instance at 0x14d6f4237870>,16,2,[7 2],20,22,24,2,22
1,<environment.Job instance at 0x14d70402f1e0>,22,2,[7 1],26,43,45,17,29
1,<environment.Job instance at 0x14d70e0eb1e0>,23,3,[7 1],27,45,48,18,30
1,<environment.Job instance at 0x14d704037e10>,24,13,[10  1],28,48,61,20,33
1,<environment.Job instance at 0x14d6f4298460>,8,12,[9 2],10,61,73,51,48
1,<environment.Job instance at 0x14d704034d20>,26,1,[ 2 10],30,73,74,43,66
1,<environment.Job instance at 0x14d704097780>,27,2,[10  2],32,94,96,62,94
1,<environment.Job instance at 0x14d706d5fa00>,29,3,[2 8],37,97,100,60,97
1,<environment.Job instance at 0x14d70e05fe60>,30,3,[1 9],38,104,107,66,104
1,<environment.Job instance at 0x14d706d5f230>,31,16,[10  1],39,107,123,68,105
1,<environment.Job instance at 0x14d70408a190>,32,3,[2 9],40,123,126,83,107
1,<environment.Job instance at 0x14d70408ac80>,33,23,[1 6],41,126,149,85,123
1,<environment.Job instance at 0x14d70408a690>,34,12,[7 1],44,130,142,86,130
1,<environment.Job instance at 0x14d70408ae60>,35,3,[10  1],47,149,152,102,131
1,<environment.Job instance at 0x14d704089230>,36,3,[6 1],49,142,145,93,131
1,<environment.Job instance at 0x14d7040d2a00>,37,3,[8 1],50,145,148,95,138
1,<environment.Job instance at 0x14d704089d20>,38,2,[7 1],52,152,154,100,142
1,<environment.Job instance at 0x14d6f4247230>,20,1,[2 5],24,152,153,128,147
1,<environment.Job instance at 0x14d7070cf870>,39,18,[2 6],54,193,211,139,193
1,<environment.Job instance at 0x14d7070cfaf0>,41,2,[5 1],57,195,197,138,195
1,<environment.Job instance at 0x14d7070cf730>,43,3,[5 2],60,224,227,164,224
1,<environment.Job instance at 0x14d7070cf7d0>,45,13,[7 2],62,243,256,181,243
1,<environment.Job instance at 0x14d7070cf820>,46,3,[8 1],63,256,259,193,247
1,<environment.Job instance at 0x14d6f42dc550>,48,18,[1 5],67,250,268,183,250
1,<environment.Job instance at 0x14d7079eaf00>,51,3,[2 9],74,274,277,200,274
1,<environment.Job instance at 0x14d6f42dc460>,53,1,[5 2],76,277,278,201,274
1,<environment.Job instance at 0x14d6f436aa00>,55,2,[ 1 10],80,278,280,198,275
1,<environment.Job instance at 0x14d6f436a050>,56,16,[ 2 10],82,280,296,198,278
1,<environment.Job instance at 0x14d6f42dc140>,54,26,[2 8],78,302,328,224,302
1,<environment.Job instance at 0x14d6f436a460>,57,3,[10  2],83,328,331,245,306
1,<environment.Job instance at 0x14d7040d5820>,62,3,[10  2],94,331,334,237,320
1,<environment.Job instance at 0x14d70c0f77d0>,64,1,[2 8],99,334,335,235,321
1,<environment.Job instance at 0x14d70c0f75a0>,67,3,[9 1],102,335,338,233,323
1,<environment.Job instance at 0x14d707951e60>,68,14,[2 8],103,338,352,235,325
1,<environment.Job instance at 0x14d7040882d0>,69,2,[5 2],104,338,340,234,327
1,<environment.Job instance at 0x14d6f430ac30>,70,27,[1 7],105,354,381,249,354
1,<environment.Job instance at 0x14d6f430a280>,71,21,[1 8],106,389,410,283,389
1,<environment.Job instance at 0x14d7055fadc0>,60,16,[2 7],91,440,456,349,440
1,<environment.Job instance at 0x14d6f430aa00>,75,3,[9 2],112,456,459,344,454
1,<environment.Job instance at 0x14d6f430a4b0>,77,17,[1 9],114,459,476,345,459
1,<environment.Job instance at 0x14d6f430a140>,73,2,[6 1],109,463,465,354,463
1,<environment.Job instance at 0x14d70d9fd190>,63,3,[5 1],98,465,468,367,463
1,<environment.Job instance at 0x14d6f4314370>,81,1,[5 1],123,468,469,345,464
1,<environment.Job instance at 0x14d6f430ae60>,79,2,[2 9],117,476,478,359,464
1,<environment.Job instance at 0x14d6f4314550>,84,1,[10  2],128,478,479,350,472
1,<environment.Job instance at 0x14d6f43140a0>,83,2,[1 8],127,487,489,360,487
1,<environment.Job instance at 0x14d6f4314f00>,89,3,[6 2],137,505,508,368,505
1,<environment.Job instance at 0x14d6f42bb780>,92,1,[2 9],144,508,509,364,507
1,<environment.Job instance at 0x14d6f42bb870>,99,3,[2 5],154,530,533,376,530
1,<environment.Job instance at 0x14d6f42bbb90>,98,16,[ 1 10],152,533,549,381,531
1,<environment.Job instance at 0x14d6f42bbc30>,103,18,[5 1],158,551,569,393,551
1,<environment.Job instance at 0x14d6f42b1780>,107,17,[9 2],163,569,586,406,568
1,<environment.Job instance at 0x14d6f42b16e0>,108,1,[7 1],164,586,587,422,569
1,<environment.Job instance at 0x14d6f42b1eb0>,112,3,[2 7],168,586,589,418,569
1,<environment.Job instance at 0x14d6f42b1820>,113,13,[2 5],169,589,602,420,575
1,<environment.Job instance at 0x14d6f42b1140>,114,2,[2 8],170,602,604,432,580
1,<environment.Job instance at 0x14d6f42b1370>,116,1,[6 2],176,587,588,411,580
1,<environment.Job instance at 0x14d6f42b17d0>,117,1,[1 9],177,604,605,427,581
1,<environment.Job instance at 0x14d6f4259820>,0,14,[1 5],1,2,16,1,2
1,<environment.Job instance at 0x14d6f4259dc0>,4,25,[8 1],9,11,36,2,11
1,<environment.Job instance at 0x14d6f4259f00>,6,16,[1 6],11,16,32,5,11
1,<environment.Job instance at 0x14d6f4213b40>,7,2,[10  2],13,36,38,23,16
1,<environment.Job instance at 0x14d6f42476e0>,17,2,[1 8],25,32,34,7,26
1,<environment.Job instance at 0x14d6f4247370>,26,12,[ 1 10],37,53,65,16,53
1,<environment.Job instance at 0x14d6f4247f50>,28,1,[1 6],40,65,66,25,55
1,<environment.Job instance at 0x14d6f4247320>,33,16,[ 2 10],45,66,82,21,62
1,<environment.Job instance at 0x14d6f417db40>,36,2,[1 9],49,82,84,33,68
1,<environment.Job instance at 0x14d6f417da00>,37,2,[7 2],50,84,86,34,68
1,<environment.Job instance at 0x14d6f417d820>,38,3,[5 2],52,86,89,34,68
1,<environment.Job instance at 0x14d6f417d0f0>,40,1,[8 1],54,82,83,28,69
1,<environment.Job instance at 0x14d6f4247e10>,20,19,[2 5],30,84,103,54,74
1,<environment.Job instance at 0x14d6f420f690>,48,21,[2 5],65,89,110,24,85
1,<environment.Job instance at 0x14d6f420f2d0>,49,15,[5 2],66,103,118,37,90
1,<environment.Job instance at 0x14d6f420f3c0>,43,1,[5 2],59,110,111,51,95
1,<environment.Job instance at 0x14d6f429d050>,55,16,[1 8],73,111,127,38,104
1,<environment.Job instance at 0x14d6f429db40>,58,17,[2 5],77,127,144,50,120
1,<environment.Job instance at 0x14d6f429d730>,59,2,[10  2],78,144,146,66,120
1,<environment.Job instance at 0x14d6f429d500>,63,1,[1 7],83,146,147,63,120
1,<environment.Job instance at 0x14d6f429d4b0>,67,1,[2 6],90,147,148,57,120
1,<environment.Job instance at 0x14d7040942d0>,71,2,[7 2],95,123,125,28,123
1,<environment.Job instance at 0x14d7040946e0>,74,2,[ 1 10],98,148,150,50,124
1,<environment.Job instance at 0x14d704094af0>,75,13,[2 6],99,150,163,51,135
1,<environment.Job instance at 0x14d6f420f500>,46,1,[10  2],63,166,167,103,166
1,<environment.Job instance at 0x14d704038d20>,81,16,[6 1],107,177,193,70,177
1,<environment.Job instance at 0x14d7040385f0>,85,1,[1 8],111,177,178,66,177
1,<environment.Job instance at 0x14d7040384b0>,86,2,[6 2],112,193,195,81,177
1,<environment.Job instance at 0x14d704038f00>,87,13,[2 9],113,178,191,65,178
1,<environment.Job instance at 0x14d70403af50>,88,1,[6 2],115,195,196,80,178
1,<environment.Job instance at 0x14d70403a8c0>,90,2,[ 1 10],118,196,198,78,179
1,<environment.Job instance at 0x14d704038690>,83,1,[5 2],109,225,226,116,225
1,<environment.Job instance at 0x14d7040c9b40>,98,3,[2 7],126,235,238,109,235
1,<environment.Job instance at 0x14d6df9d90f0>,100,17,[1 8],128,258,275,130,258
1,<environment.Job instance at 0x14d70705f820>,107,15,[ 2 10],136,312,327,176,312
1,<environment.Job instance at 0x14d6f41ce8c0>,108,3,[10  2],137,327,330,190,326
1,<environment.Job instance at 0x14d7040389b0>,82,1,[8 2],108,330,331,222,327
1,<environment.Job instance at 0x14d6df9d39b0>,111,3,[7 2],141,331,334,190,329
1,<environment.Job instance at 0x14d707a18a00>,113,2,[2 7],143,330,332,187,330
1,<environment.Job instance at 0x14d6df9df050>,112,2,[2 9],142,334,336,192,330
1,<environment.Job instance at 0x14d6df8b7d20>,115,15,[2 9],146,339,354,193,339
1,<environment.Job instance at 0x14d7085a16e0>,124,1,[5 1],159,367,368,208,367
1,<environment.Job instance at 0x14d7070aeb90>,125,2,[7 2],160,368,370,208,367
1,<environment.Job instance at 0x14d70c0f7910>,121,2,[9 1],154,370,372,216,370
1,<environment.Job instance at 0x14d7070ae370>,128,1,[ 2 10],164,385,386,221,385
1,<environment.Job instance at 0x14d707a47230>,130,1,[6 1],167,386,387,219,385
1,<environment.Job instance at 0x14d7040d5280>,132,17,[1 7],170,386,403,216,385
1,<environment.Job instance at 0x14d704088050>,135,1,[1 5],177,403,404,226,385
1,<environment.Job instance at 0x14d704088af0>,136,14,[5 2],179,387,401,208,385
1,<environment.Job instance at 0x14d70a207190>,1,2,[1 9],2,11,13,9,11
1,<environment.Job instance at 0x14d6dfba9c30>,6,1,[6 1],10,18,19,8,18
1,<environment.Job instance at 0x14d6dfd0b0f0>,11,12,[5 2],17,19,31,2,19
1,<environment.Job instance at 0x14d6dfd0be60>,12,1,[10  1],18,31,32,13,19
1,<environment.Job instance at 0x14d70700fd70>,17,1,[8 2],27,32,33,5,30
1,<environment.Job instance at 0x14d6dfd0bf00>,10,25,[6 1],15,38,63,23,38
1,<environment.Job instance at 0x14d70700f870>,19,1,[9 2],30,63,64,33,41
1,<environment.Job instance at 0x14d70700faa0>,23,3,[6 2],36,64,67,28,47
1,<environment.Job instance at 0x14d70700f230>,25,15,[2 5],39,74,89,35,74
1,<environment.Job instance at 0x14d70700f0a0>,26,14,[7 1],40,76,90,36,76
1,<environment.Job instance at 0x14d70700f1e0>,28,1,[8 1],42,90,91,48,84
1,<environment.Job instance at 0x14d6dfd048c0>,30,14,[9 1],44,91,105,47,84
1,<environment.Job instance at 0x14d6dfd04af0>,32,1,[6 2],47,105,106,58,86
1,<environment.Job instance at 0x14d6dfd04410>,31,3,[9 2],45,106,109,61,92
1,<environment.Job instance at 0x14d6dfd04050>,37,17,[1 8],58,119,136,61,119
1,<environment.Job instance at 0x14d6dfd043c0>,43,3,[2 8],68,162,165,94,162
1,<environment.Job instance at 0x14d6dfd008c0>,44,1,[1 8],70,170,171,100,170
1,<environment.Job instance at 0x14d6dfd000f0>,46,2,[8 2],72,176,178,104,176
1,<environment.Job instance at 0x14d6dfd00aa0>,55,1,[7 2],82,240,241,158,240
1,<environment.Job instance at 0x14d6dfd007d0>,56,12,[6 2],83,252,264,169,252
1,<environment.Job instance at 0x14d6dfd00910>,58,2,[6 2],86,264,266,178,254
1,<environment.Job instance at 0x14d707011320>,59,3,[9 1],87,266,269,179,258
1,<environment.Job instance at 0x14d7070110f0>,64,16,[1 8],92,266,282,174,266
1,<environment.Job instance at 0x14d707011e60>,65,1,[6 1],93,269,270,176,266
1,<environment.Job instance at 0x14d707011aa0>,66,3,[5 2],94,270,273,176,266
1,<environment.Job instance at 0x14d707011f00>,67,16,[7 1],95,273,289,178,266
1,<environment.Job instance at 0x14d6dfd0fd20>,72,16,[2 9],102,282,298,180,270
1,<environment.Job instance at 0x14d6dfd0f5f0>,74,23,[9 1],106,298,321,192,293
1,<environment.Job instance at 0x14d707d57d20>,86,2,[7 1],121,294,296,173,294
1,<environment.Job instance at 0x14d6dfdf0500>,95,3,[1 8],141,330,333,189,330
1,<environment.Job instance at 0x14d707cfd500>,103,1,[ 2 10],157,382,383,225,382
1,<environment.Job instance at 0x14d70cab5640>,104,1,[6 2],158,383,384,225,382
1,<environment.Job instance at 0x14d7079fbb90>,108,21,[5 1],162,406,427,244,406
1,<environment.Job instance at 0x14d70caab500>,110,3,[8 2],165,427,430,262,406
1,<environment.Job instance at 0x14d6dff4cd20>,112,2,[1 6],167,410,412,243,410
1,<environment.Job instance at 0x14d6dff4c280>,113,2,[8 1],168,430,432,262,410
1,<environment.Job instance at 0x14d707d38910>,120,2,[10  2],178,432,434,254,420
1,<environment.Job instance at 0x14d6dfd1feb0>,0,2,[6 2],1,4,6,3,4
1,<environment.Job instance at 0x14d6dfd1f9b0>,2,2,[5 2],5,6,8,1,6
1,<environment.Job instance at 0x14d70700f280>,3,15,[1 9],6,8,23,2,7
1,<environment.Job instance at 0x14d70513b4b0>,4,3,[6 1],7,8,11,1,8
1,<environment.Job instance at 0x14d70513b550>,6,1,[7 1],9,12,13,3,12
1,<environment.Job instance at 0x14d70513b3c0>,5,2,[ 1 10],8,23,25,15,12
1,<environment.Job instance at 0x14d70513b6e0>,9,1,[5 1],14,21,22,7,21
1,<environment.Job instance at 0x14d70513be10>,13,15,[6 1],22,25,40,3,22
1,<environment.Job instance at 0x14d70513bf50>,14,2,[8 2],23,40,42,17,23
1,<environment.Job instance at 0x14d705129230>,16,3,[2 6],27,29,32,2,29
1,<environment.Job instance at 0x14d705129190>,20,14,[2 6],33,33,47,0,33
1,<environment.Job instance at 0x14d705129500>,18,21,[6 1],30,42,63,12,35
1,<environment.Job instance at 0x14d705129dc0>,28,1,[9 1],44,63,64,19,50
1,<environment.Job instance at 0x14d705144690>,33,18,[9 1],53,64,82,11,55
1,<environment.Job instance at 0x14d70515a190>,37,1,[2 6],59,82,83,23,64
1,<environment.Job instance at 0x14d70515a460>,38,3,[1 5],60,64,67,4,64
1,<environment.Job instance at 0x14d70515a320>,40,1,[1 7],64,67,68,3,65
1,<environment.Job instance at 0x14d707d31050>,36,1,[7 1],57,82,83,25,67
1,<environment.Job instance at 0x14d705129be0>,25,12,[2 8],41,83,95,42,67
1,<environment.Job instance at 0x14d705144780>,34,2,[8 1],55,83,85,28,68
1,<environment.Job instance at 0x14d705128780>,44,1,[1 7],70,70,71,0,70
1,<environment.Job instance at 0x14d6dfa34fa0>,48,2,[5 1],75,86,88,11,86
1,<environment.Job instance at 0x14d705128190>,45,21,[9 1],71,95,116,24,87
1,<environment.Job instance at 0x14d7051285f0>,51,1,[1 9],79,95,96,16,87
1,<environment.Job instance at 0x14d705128730>,53,2,[1 8],81,96,98,15,89
1,<environment.Job instance at 0x14d705128410>,46,16,[1 6],72,274,290,202,274
1,<environment.Job instance at 0x14d6df8ef320>,62,1,[9 2],94,286,287,192,286
1,<environment.Job instance at 0x14d6df8f5410>,65,1,[8 1],98,374,375,276,374
1,<environment.Job instance at 0x14d6dfa3c550>,70,1,[7 2],105,418,419,313,418
1,<environment.Job instance at 0x14d6dfa07410>,71,1,[10  1],106,461,462,355,461
1,<environment.Job instance at 0x14d705121c80>,73,2,[6 2],109,468,470,359,468
1,<environment.Job instance at 0x14d705121960>,74,18,[2 9],110,486,504,376,486
1,<environment.Job instance at 0x14d6dfa2e730>,76,1,[1 6],112,504,505,392,500
1,<environment.Job instance at 0x14d6dfa2eaf0>,77,1,[10  1],113,512,513,399,512
1,<environment.Job instance at 0x14d6df8ccfa0>,80,3,[9 2],116,537,540,421,537
1,<environment.Job instance at 0x14d6df8cc500>,81,2,[1 8],117,547,549,430,547
1,<environment.Job instance at 0x14d6df8d8140>,85,27,[6 1],121,549,576,428,549
1,<environment.Job instance at 0x14d6df8cc140>,83,3,[2 5],119,567,570,448,567
1,<environment.Job instance at 0x14d70515b410>,88,16,[5 2],124,577,593,453,577
1,<environment.Job instance at 0x14d6df8c4140>,90,13,[2 8],127,579,592,452,579
1,<environment.Job instance at 0x14d70515beb0>,86,21,[9 2],122,593,614,471,592
1,<environment.Job instance at 0x14d6df8c4e60>,93,1,[1 8],132,594,595,462,594
1,<environment.Job instance at 0x14d6df8c4960>,91,3,[7 2],128,614,617,486,606
1,<environment.Job instance at 0x14d6df8c4eb0>,92,17,[ 2 10],129,625,642,496,625
1,<environment.Job instance at 0x14d6df8c4c30>,100,15,[6 2],142,642,657,500,637
1,<environment.Job instance at 0x14d6df8c4cd0>,97,2,[1 7],139,642,644,503,639
1,<environment.Job instance at 0x14d6df8c4f00>,102,17,[1 8],145,722,739,577,722
1,<environment.Job instance at 0x14d6df8c4870>,104,16,[2 7],147,746,762,599,746
1,<environment.Job instance at 0x14d6df8c4820>,101,3,[2 9],143,762,765,619,746
1,<environment.Job instance at 0x14d6df8c4e10>,106,2,[1 5],150,765,767,615,763
1,<environment.Job instance at 0x14d6df8c4910>,110,17,[5 2],154,789,806,635,789
1,<environment.Job instance at 0x14d6df8fc230>,119,14,[1 9],166,809,823,643,809
1,<environment.Job instance at 0x14d6df8fcaa0>,120,1,[2 8],167,823,824,656,812
1,<environment.Job instance at 0x14d6df8c4550>,112,1,[ 1 10],157,826,827,669,826
1,<environment.Job instance at 0x14d6df8fceb0>,122,12,[2 9],169,842,854,673,842
1,<environment.Job instance at 0x14d6df8fcf50>,123,15,[2 5],170,854,869,684,845
1,<environment.Job instance at 0x14d6df8fc050>,128,3,[1 5],178,870,873,692,870
1,<environment.Job instance at 0x14d6dfa3bb40>,0,16,[7 1],1,1,17,0,1
1,<environment.Job instance at 0x14d6dfa3b730>,4,2,[7 2],5,17,19,12,5
1,<environment.Job instance at 0x14d6dfa3b960>,5,1,[1 6],6,6,7,0,6
1,<environment.Job instance at 0x14d70515bd20>,16,1,[5 1],22,24,25,2,24
1,<environment.Job instance at 0x14d70515be60>,13,2,[2 5],19,28,30,9,28
1,<environment.Job instance at 0x14d70515b4b0>,18,2,[1 7],24,30,32,6,28
1,<environment.Job instance at 0x14d6df8efcd0>,21,15,[8 1],29,30,45,1,30
1,<environment.Job instance at 0x14d70515b690>,15,16,[2 5],21,32,48,11,30
1,<environment.Job instance at 0x14d6df8efdc0>,22,3,[2 7],30,48,51,18,35
1,<environment.Job instance at 0x14d6df8efe10>,23,2,[8 2],32,45,47,13,37
1,<environment.Job instance at 0x14d6df8ef690>,25,1,[5 2],39,47,48,8,39
1,<environment.Job instance at 0x14d6df8efa00>,26,13,[7 2],40,48,61,8,42
1,<environment.Job instance at 0x14d6df8ef5a0>,28,1,[2 8],43,51,52,8,43
1,<environment.Job instance at 0x14d705121e60>,31,2,[7 1],47,61,63,14,47
1,<environment.Job instance at 0x14d7051210f0>,32,1,[ 1 10],48,63,64,15,48
1,<environment.Job instance at 0x14d705121730>,36,3,[8 1],54,64,67,10,58
1,<environment.Job instance at 0x14d6df8e16e0>,39,2,[2 6],60,60,62,0,60
1,<environment.Job instance at 0x14d6df8ef910>,24,14,[2 9],37,69,83,32,69
1,<environment.Job instance at 0x14d6df8e1870>,43,18,[1 7],66,83,101,17,74
1,<environment.Job instance at 0x14d6df8e1230>,46,3,[7 2],71,83,86,12,80
1,<environment.Job instance at 0x14d6dfa3d730>,55,24,[2 9],82,131,155,49,131
1,<environment.Job instance at 0x14d6dfa3dcd0>,54,2,[2 8],81,155,157,74,143
1,<environment.Job instance at 0x14d6df8f5c80>,68,1,[1 8],102,157,158,55,144
1,<environment.Job instance at 0x14d6df8f5f50>,70,3,[2 7],104,158,161,54,144
1,<environment.Job instance at 0x14d6df8f5690>,67,1,[9 1],101,157,158,56,144
1,<environment.Job instance at 0x14d6df8f5b90>,74,3,[2 6],109,161,164,52,144
1,<environment.Job instance at 0x14d6df8f5910>,75,2,[8 1],110,144,146,34,144
1,<environment.Job instance at 0x14d6df8f50a0>,71,1,[7 1],105,146,147,41,144
1,<environment.Job instance at 0x14d6df8f5370>,76,1,[6 2],111,155,156,44,144
1,<environment.Job instance at 0x14d6df8f5870>,84,15,[6 1],123,158,173,35,148
1,<environment.Job instance at 0x14d6df8e0eb0>,96,1,[5 1],137,173,174,36,171
1,<environment.Job instance at 0x14d6df8f5f00>,69,25,[9 1],103,174,199,71,171
1,<environment.Job instance at 0x14d6dff74730>,107,14,[2 5],157,199,213,42,185
1,<environment.Job instance at 0x14d6dff74f50>,108,13,[1 5],161,193,206,32,193
1,<environment.Job instance at 0x14d70c3ce690>,109,2,[6 1],163,206,208,43,193
1,<environment.Job instance at 0x14d70513ee60>,0,2,[1 6],6,6,8,0,6
1,<environment.Job instance at 0x14d70515bd70>,1,18,[8 1],8,9,27,1,9
1,<environment.Job instance at 0x14d70c123f00>,4,2,[2 6],14,14,16,0,14
1,<environment.Job instance at 0x14d70cb1b320>,7,2,[5 1],18,27,29,9,18
1,<environment.Job instance at 0x14d70cb1b5a0>,9,1,[7 2],20,29,30,9,21
1,<environment.Job instance at 0x14d70cb1b370>,10,17,[6 2],22,30,47,8,22
1,<environment.Job instance at 0x14d70cb1b4b0>,12,2,[2 5],25,25,27,0,25
1,<environment.Job instance at 0x14d70cb1b780>,14,3,[1 7],27,27,30,0,27
1,<environment.Job instance at 0x14d70cb1bc30>,15,1,[1 8],28,30,31,2,30
1,<environment.Job instance at 0x14d70cb0d370>,20,13,[2 8],33,34,47,1,34
1,<environment.Job instance at 0x14d70cb1b1e0>,6,12,[2 9],17,47,59,30,35
1,<environment.Job instance at 0x14d70cb0d500>,21,1,[8 1],36,47,48,11,36
1,<environment.Job instance at 0x14d70cb0d690>,22,3,[1 6],37,59,62,22,37
1,<environment.Job instance at 0x14d70cb0d730>,25,14,[ 2 10],40,72,86,32,72
1,<environment.Job instance at 0x14d70cb0dd70>,37,1,[2 9],61,97,98,36,97
1,<environment.Job instance at 0x14d70cb3e410>,40,3,[5 1],64,97,100,33,97
1,<environment.Job instance at 0x14d70cb3e5f0>,43,17,[9 2],69,100,117,31,98
1,<environment.Job instance at 0x14d70cb3e820>,46,1,[8 1],76,117,118,41,98
1,<environment.Job instance at 0x14d70cb3e690>,44,2,[9 2],71,118,120,47,101
1,<environment.Job instance at 0x14d70cb3ea50>,49,12,[7 2],79,120,132,41,104
1,<environment.Job instance at 0x14d70cb3ed70>,53,16,[1 7],83,107,123,24,107
1,<environment.Job instance at 0x14d70cb3eeb0>,59,13,[1 9],91,132,145,41,118
1,<environment.Job instance at 0x14d70cb42280>,62,1,[1 5],95,123,124,28,118
1,<environment.Job instance at 0x14d70cb42690>,63,2,[1 9],96,145,147,49,118
1,<environment.Job instance at 0x14d70cb47230>,68,3,[1 7],103,147,150,44,130
1,<environment.Job instance at 0x14d70cb471e0>,69,2,[6 1],104,132,134,28,130
1,<environment.Job instance at 0x14d70cb477d0>,71,2,[8 1],106,135,137,29,135
1,<environment.Job instance at 0x14d70cb47780>,72,15,[8 2],107,147,162,40,136
1,<environment.Job instance at 0x14d70cb47f50>,78,3,[2 5],114,150,153,36,137
1,<environment.Job instance at 0x14d70cb47f00>,81,3,[1 8],118,153,156,35,144
1,<environment.Job instance at 0x14d70cb32550>,84,15,[9 1],122,182,197,60,182
1,<environment.Job instance at 0x14d70cb0dcd0>,29,12,[2 9],44,197,209,153,186
1,<environment.Job instance at 0x14d70cb326e0>,87,3,[2 8],125,209,212,84,188
1,<environment.Job instance at 0x14d70cb32050>,85,12,[6 1],123,199,211,76,199
1,<environment.Job instance at 0x14d704006730>,91,1,[2 7],130,212,213,82,199
1,<environment.Job instance at 0x14d70cb32960>,90,14,[ 2 10],128,213,227,85,202
1,<environment.Job instance at 0x14d70cb31140>,93,3,[ 2 10],132,227,230,95,206
1,<environment.Job instance at 0x14d707a15320>,97,2,[2 8],140,230,232,90,206
1,<environment.Job instance at 0x14d706f6ad20>,102,3,[8 1],147,230,233,83,218
1,<environment.Job instance at 0x14d6f4263050>,104,3,[1 8],149,232,235,83,225
1,<environment.Job instance at 0x14d70cb2a460>,96,3,[1 8],137,252,255,115,252
1,<environment.Job instance at 0x14d6f43093c0>,105,2,[2 9],150,256,258,106,256
1,<environment.Job instance at 0x14d706f6c910>,112,13,[1 7],160,270,283,110,270
1,<environment.Job instance at 0x14d6f42817d0>,115,13,[1 5],164,302,315,138,302
1,<environment.Job instance at 0x14d6f421cd20>,117,23,[2 5],167,306,329,139,306
1,<environment.Job instance at 0x14d6f421cb40>,118,1,[6 1],168,316,317,148,316
1,<environment.Job instance at 0x14d6f421caa0>,119,18,[8 2],169,382,400,213,382
1,<environment.Job instance at 0x14d6dfd87dc0>,127,18,[1 6],178,450,468,272,450
1,<environment.Job instance at 0x14d706e51fa0>,3,3,[2 5],5,5,8,0,5
1,<environment.Job instance at 0x14d706e51f50>,2,15,[1 5],3,6,21,3,6
1,<environment.Job instance at 0x14d706fc5960>,6,2,[9 1],9,9,11,0,9
1,<environment.Job instance at 0x14d7079c2050>,8,3,[10  2],11,21,24,10,12
1,<environment.Job instance at 0x14d6dfdedf50>,15,1,[6 1],20,34,35,14,34
1,<environment.Job instance at 0x14d6dfded550>,16,18,[1 9],21,187,205,166,187
1,<environment.Job instance at 0x14d70cb6ae60>,24,3,[10  1],31,218,221,187,218
1,<environment.Job instance at 0x14d70e071230>,27,1,[ 1 10],37,225,226,188,225
1,<environment.Job instance at 0x14d6dfa4c0f0>,29,1,[8 1],39,249,250,210,249
1,<environment.Job instance at 0x14d70706bc80>,14,3,[10  1],19,323,326,304,323
1,<environment.Job instance at 0x14d70c10f230>,35,3,[8 2],51,823,826,772,823
1,<environment.Job instance at 0x14d70ca3d320>,48,1,[1 7],69,1777,1778,1708,1777
1,<environment.Job instance at 0x14d70c136500>,41,17,[2 6],60,1778,1795,1718,1777
1,<environment.Job instance at 0x14d70ca3dc80>,54,3,[10  2],78,1795,1798,1717,1779
1,<environment.Job instance at 0x14d6dfbbb230>,73,3,[ 1 10],104,1810,1813,1706,1810
1,<environment.Job instance at 0x14d70ca3d730>,51,1,[9 2],73,1813,1814,1740,1810
1,<environment.Job instance at 0x14d7079397d0>,75,1,[7 2],106,1814,1815,1708,1812
1,<environment.Job instance at 0x14d70693d870>,83,3,[6 1],118,1841,1844,1723,1841
1,<environment.Job instance at 0x14d70693d500>,82,2,[5 1],117,1844,1846,1727,1841
1,<environment.Job instance at 0x14d70693d730>,87,17,[2 9],123,1848,1865,1725,1848
1,<environment.Job instance at 0x14d70693d0f0>,88,1,[9 2],124,1865,1866,1741,1848
1,<environment.Job instance at 0x14d707d3e410>,78,2,[1 7],111,1865,1867,1754,1850
1,<environment.Job instance at 0x14d70693d960>,93,2,[5 2],129,1866,1868,1737,1850
1,<environment.Job instance at 0x14d70693d5a0>,90,3,[2 5],126,1867,1870,1741,1850
1,<environment.Job instance at 0x14d70693dc30>,97,1,[10  1],133,1870,1871,1737,1853
1,<environment.Job instance at 0x14d70693dd70>,94,12,[ 1 10],130,1871,1883,1741,1854
1,<environment.Job instance at 0x14d70caaa320>,100,1,[6 1],139,1860,1861,1721,1860
1,<environment.Job instance at 0x14d70caaaaf0>,103,17,[6 1],142,1883,1900,1741,1871
1,<environment.Job instance at 0x14d70caaae10>,110,3,[2 6],152,1883,1886,1731,1880
1,<environment.Job instance at 0x14d70caaa780>,112,3,[2 8],156,1897,1900,1741,1897
1,<environment.Job instance at 0x14d70caaa690>,109,16,[1 7],151,1900,1916,1749,1898
1,<environment.Job instance at 0x14d70caaaa00>,114,12,[5 2],159,1900,1912,1741,1898
1,<environment.Job instance at 0x14d70caaad70>,118,3,[2 8],163,1916,1919,1753,1910
1,<environment.Job instance at 0x14d70caaa190>,101,13,[1 6],140,1919,1932,1779,1919
1,<environment.Job instance at 0x14d6dfde43c0>,121,1,[2 7],167,1954,1955,1787,1954
1,<environment.Job instance at 0x14d6dfde4730>,122,1,[7 2],168,1963,1964,1795,1963
1,<environment.Job instance at 0x14d6dfde45a0>,124,1,[ 2 10],170,1981,1982,1811,1981
1,<environment.Job instance at 0x14d6dfde4aa0>,125,2,[2 5],171,1983,1985,1812,1983
1,<environment.Job instance at 0x14d70caaa500>,117,26,[2 7],162,1999,2025,1837,1999
1,<environment.Job instance at 0x14d70caaaa50>,120,15,[8 1],166,1999,2014,1833,1999
1,<environment.Job instance at 0x14d6dfde46e0>,130,22,[ 1 10],178,2065,2087,1887,2065
1,<environment.Job instance at 0x14d6dfa95c80>,5,13,[2 5],7,16,29,9,16
1,<environment.Job instance at 0x14d6dfa95e10>,7,16,[6 1],10,16,32,6,16
1,<environment.Job instance at 0x14d7058e4dc0>,9,3,[9 1],14,32,35,18,18
1,<environment.Job instance at 0x14d706e41c80>,15,1,[5 2],22,35,36,13,22
1,<environment.Job instance at 0x14d706ddc1e0>,20,1,[1 5],28,29,30,1,28
1,<environment.Job instance at 0x14d706ddc6e0>,18,17,[1 5],26,30,47,4,28
1,<environment.Job instance at 0x14d6dfc62d70>,25,2,[1 8],33,47,49,14,33
1,<environment.Job instance at 0x14d6dfc62320>,26,3,[2 5],34,36,39,2,36
1,<environment.Job instance at 0x14d6dfa955f0>,4,17,[7 2],6,42,59,36,42
1,<environment.Job instance at 0x14d6dfc620f0>,34,3,[1 5],46,49,52,3,49
1,<environment.Job instance at 0x14d6dfc62f50>,36,2,[8 2],48,59,61,11,49
1,<environment.Job instance at 0x14d706de9870>,38,2,[5 2],50,61,63,11,50
1,<environment.Job instance at 0x14d706de95f0>,39,3,[1 5],51,52,55,1,52
1,<environment.Job instance at 0x14d6dfc42af0>,42,14,[2 8],55,55,69,0,55
1,<environment.Job instance at 0x14d6dfc42b40>,43,15,[8 2],56,66,81,10,66
1,<environment.Job instance at 0x14d6dfc42690>,45,3,[7 1],59,81,84,22,66
1,<environment.Job instance at 0x14d6dfc42960>,49,18,[5 2],63,84,102,21,74
1,<environment.Job instance at 0x14d6f4168f00>,50,2,[1 8],65,74,76,9,74
1,<environment.Job instance at 0x14d6f4168280>,51,16,[1 6],66,76,92,10,75
1,<environment.Job instance at 0x14d6f4168050>,57,3,[9 1],74,102,105,28,97
1,<environment.Job instance at 0x14d7078ec140>,59,12,[7 2],77,105,117,28,100
1,<environment.Job instance at 0x14d7078ec640>,62,13,[ 2 10],82,117,130,35,106
1,<environment.Job instance at 0x14d7078ec0f0>,65,1,[8 1],85,130,131,45,110
1,<environment.Job instance at 0x14d7078ec780>,66,18,[10  1],86,131,149,45,120
1,<environment.Job instance at 0x14d6f41e1960>,69,1,[5 1],89,149,150,60,121
1,<environment.Job instance at 0x14d6f41e1500>,73,2,[10  1],94,150,152,56,123
1,<environment.Job instance at 0x14d707d0d2d0>,82,12,[9 1],108,152,164,44,135
1,<environment.Job instance at 0x14d706924780>,84,1,[ 2 10],111,164,165,53,136
1,<environment.Job instance at 0x14d706f16550>,89,2,[8 1],117,165,167,48,155
1,<environment.Job instance at 0x14d706f16b40>,92,18,[2 5],120,165,183,45,156
1,<environment.Job instance at 0x14d6df9c01e0>,93,3,[2 7],121,183,186,62,173
1,<environment.Job instance at 0x14d6dfde7410>,96,16,[1 9],124,316,332,192,316
1,<environment.Job instance at 0x14d6dff4e370>,99,1,[6 1],127,378,379,251,378
1,<environment.Job instance at 0x14d6dfde7dc0>,100,2,[ 1 10],128,379,381,251,379
1,<environment.Job instance at 0x14d707d58960>,104,3,[5 2],135,558,561,423,558
1,<environment.Job instance at 0x14d70c107730>,108,1,[8 2],139,574,575,435,574
1,<environment.Job instance at 0x14d707d38280>,110,28,[ 2 10],141,601,629,460,601
1,<environment.Job instance at 0x14d706df46e0>,124,17,[2 9],163,654,671,491,654
1,<environment.Job instance at 0x14d706df4d20>,122,2,[6 2],160,671,673,511,655
1,<environment.Job instance at 0x14d70a228410>,131,3,[2 8],171,671,674,500,657
1,<environment.Job instance at 0x14d70a228dc0>,134,17,[ 1 10],176,674,691,498,662
1,<environment.Job instance at 0x14d6dfba2640>,2,12,[9 1],3,4,16,1,4
1,<environment.Job instance at 0x14d70a228140>,1,16,[7 2],2,16,32,14,6
1,<environment.Job instance at 0x14d6dfbc7b40>,3,3,[7 2],5,32,35,27,6
1,<environment.Job instance at 0x14d70a228d20>,4,3,[1 6],7,8,11,1,8
1,<environment.Job instance at 0x14d70ca23d70>,18,18,[1 6],31,34,52,3,34
1,<environment.Job instance at 0x14d6f404dd20>,23,23,[9 1],40,40,63,0,40
1,<environment.Job instance at 0x14d6f404d0a0>,25,18,[1 7],42,52,70,10,49
1,<environment.Job instance at 0x14d70ebab960>,26,16,[9 2],43,63,79,20,51
1,<environment.Job instance at 0x14d70798cc30>,30,1,[10  1],50,79,80,29,54
1,<environment.Job instance at 0x14d70ebabbe0>,28,1,[2 5],45,80,81,35,56
1,<environment.Job instance at 0x14d70798c780>,35,3,[2 5],58,80,83,22,61
1,<environment.Job instance at 0x14d706fe81e0>,39,3,[1 9],64,83,86,19,64
1,<environment.Job instance at 0x14d70ebab500>,29,12,[5 1],48,81,93,33,68
1,<environment.Job instance at 0x14d706fe87d0>,47,3,[ 1 10],75,93,96,18,77
1,<environment.Job instance at 0x14d70e4b10f0>,50,13,[6 1],78,96,109,18,83
1,<environment.Job instance at 0x14d70e4b1eb0>,52,3,[6 2],80,109,112,29,83
1,<environment.Job instance at 0x14d70e4b1be0>,53,3,[5 2],82,86,89,4,83
1,<environment.Job instance at 0x14d70e4b10a0>,57,14,[2 8],88,96,110,8,92
1,<environment.Job instance at 0x14d706fe85f0>,44,15,[2 7],71,110,125,39,103
1,<environment.Job instance at 0x14d706ed16e0>,65,1,[8 1],100,112,113,12,103
1,<environment.Job instance at 0x14d706ed1410>,62,18,[8 1],97,113,131,16,103
1,<environment.Job instance at 0x14d706dc43c0>,70,2,[ 1 10],111,131,133,20,111
1,<environment.Job instance at 0x14d70e071550>,74,13,[ 1 10],117,133,146,16,118
1,<environment.Job instance at 0x14d705641d70>,75,2,[ 1 10],120,146,148,26,120
1,<environment.Job instance at 0x14d70cac2f50>,77,1,[1 6],122,125,126,3,125
1,<environment.Job instance at 0x14d7051399b0>,86,14,[1 7],134,148,162,14,135
1,<environment.Job instance at 0x14d707d69c80>,89,1,[2 9],138,162,163,24,142
1,<environment.Job instance at 0x14d704099230>,82,14,[6 2],130,148,162,18,144
1,<environment.Job instance at 0x14d707d27280>,96,13,[5 2],153,163,176,10,153
1,<environment.Job instance at 0x14d706ddc870>,97,3,[1 9],154,176,179,22,154
1,<environment.Job instance at 0x14d706ddc9b0>,99,14,[7 1],159,176,190,17,165
1,<environment.Job instance at 0x14d7085926e0>,102,2,[8 1],166,190,192,24,167
1,<environment.Job instance at 0x14d708592d20>,103,3,[8 2],168,192,195,24,169
1,<environment.Job instance at 0x14d70c3eaeb0>,110,1,[1 9],178,181,182,3,181
1,<environment.Job instance at 0x14d70c3ea370>,107,3,[1 6],172,182,185,10,181
1,<environment.Job instance at 0x14d70c3ea780>,109,1,[6 1],174,195,196,21,185
1,<environment.Job instance at 0x14d70c3ea500>,106,17,[1 9],171,203,220,32,203
1,<environment.Job instance at 0x14d704044690>,0,3,[10  2],2,3,6,1,3
1,<environment.Job instance at 0x14d6df828d20>,4,18,[2 8],8,9,27,1,9
1,<environment.Job instance at 0x14d6df828aa0>,6,2,[6 2],12,12,14,0,12
1,<environment.Job instance at 0x14d6df8283c0>,10,1,[9 1],21,27,28,6,22
1,<environment.Job instance at 0x14d6df828be0>,11,2,[1 7],23,27,29,4,25
1,<environment.Job instance at 0x14d6df8289b0>,12,2,[2 5],24,29,31,5,28
1,<environment.Job instance at 0x14d6df8288c0>,20,2,[5 1],33,43,45,10,43
1,<environment.Job instance at 0x14d6df8012d0>,22,1,[6 1],35,50,51,15,50
1,<environment.Job instance at 0x14d6df828050>,19,18,[8 2],32,52,70,20,52
1,<environment.Job instance at 0x14d6df801910>,29,15,[1 5],50,55,70,5,55
1,<environment.Job instance at 0x14d6df8017d0>,27,1,[2 9],47,70,71,23,56
1,<environment.Job instance at 0x14d6df826e60>,35,1,[2 8],56,71,72,15,56
1,<environment.Job instance at 0x14d6df801d70>,33,2,[1 6],54,72,74,18,58
1,<environment.Job instance at 0x14d6df801280>,23,1,[5 2],37,71,72,34,59
1,<environment.Job instance at 0x14d6df82e780>,39,1,[9 2],60,72,73,12,61
1,<environment.Job instance at 0x14d6df82e410>,38,2,[7 2],59,73,75,14,65
1,<environment.Job instance at 0x14d6df814b40>,41,3,[9 1],63,75,78,12,65
1,<environment.Job instance at 0x14d6f43cdfa0>,50,2,[1 8],79,82,84,3,82
1,<environment.Job instance at 0x14d6f413d2d0>,53,12,[1 7],82,85,97,3,85
1,<environment.Job instance at 0x14d6f43dcdc0>,51,17,[1 6],80,108,125,28,108
1,<environment.Job instance at 0x14d707030af0>,56,27,[9 2],88,116,143,28,116
1,<environment.Job instance at 0x14d707030a50>,62,3,[1 7],94,125,128,31,116
1,<environment.Job instance at 0x14d6dfc632d0>,65,3,[1 9],97,143,146,46,117
1,<environment.Job instance at 0x14d707030f50>,58,3,[1 6],90,128,131,38,117
1,<environment.Job instance at 0x14d6f4215820>,71,2,[1 8],105,131,133,26,117
1,<environment.Job instance at 0x14d70caeef00>,78,2,[1 5],113,133,135,20,132
1,<environment.Job instance at 0x14d70caee1e0>,80,3,[7 2],116,146,149,30,137
1,<environment.Job instance at 0x14d6f4213b90>,82,19,[5 1],118,149,168,31,149
1,<environment.Job instance at 0x14d6f4200e60>,84,3,[1 8],122,162,165,40,162
1,<environment.Job instance at 0x14d6f4200690>,87,15,[2 8],125,215,230,90,215
1,<environment.Job instance at 0x14d6f4200f00>,85,16,[ 1 10],123,230,246,107,225
1,<environment.Job instance at 0x14d70caed0a0>,88,1,[1 5],127,247,248,120,247
1,<environment.Job instance at 0x14d70caed0f0>,94,15,[7 2],136,254,269,118,254
1,<environment.Job instance at 0x14d70caed730>,95,13,[ 2 10],138,274,287,136,274
1,<environment.Job instance at 0x14d70caed690>,99,1,[8 2],145,290,291,145,290
1,<environment.Job instance at 0x14d70caeda00>,101,1,[1 6],147,290,291,143,290
1,<environment.Job instance at 0x14d6f41e7e60>,109,18,[2 8],159,314,332,155,314
1,<environment.Job instance at 0x14d6f41e7af0>,110,27,[7 1],161,322,349,161,322
1,<environment.Job instance at 0x14d6f4221cd0>,115,2,[9 1],168,349,351,181,322
1,<environment.Job instance at 0x14d70caed5f0>,96,1,[1 5],141,332,333,191,328
1,<environment.Job instance at 0x14d6dfe9b280>,0,3,[1 6],2,4,7,2,4
1,<environment.Job instance at 0x14d6dfe9b0f0>,2,12,[5 2],4,6,18,2,6
1,<environment.Job instance at 0x14d6dfa5f2d0>,4,23,[1 9],6,18,41,12,12
1,<environment.Job instance at 0x14d6f43d59b0>,5,3,[1 8],8,41,44,33,18
1,<environment.Job instance at 0x14d6dfa5f730>,9,3,[ 2 10],19,44,47,25,21
1,<environment.Job instance at 0x14d6dfa5faf0>,12,3,[1 6],26,47,50,21,26
1,<environment.Job instance at 0x14d6dfa5ffa0>,11,3,[9 2],23,41,44,18,26
1,<environment.Job instance at 0x14d6dfa5f640>,10,3,[7 2],21,47,50,26,29
1,<environment.Job instance at 0x14d6df86bf50>,17,1,[10  2],31,50,51,19,32
1,<environment.Job instance at 0x14d6dfa5f820>,14,1,[2 7],28,51,52,23,32
1,<environment.Job instance at 0x14d6df86be60>,20,3,[9 2],36,52,55,16,41
1,<environment.Job instance at 0x14d6df86b5f0>,21,12,[8 1],37,55,67,18,42
1,<environment.Job instance at 0x14d6dfa5fcd0>,16,3,[1 8],30,52,55,22,46
1,<environment.Job instance at 0x14d6df86bc30>,22,2,[6 2],38,67,69,29,46
1,<environment.Job instance at 0x14d6dfb6e910>,27,1,[2 9],49,55,56,6,51
1,<environment.Job instance at 0x14d6dfb6ee60>,28,1,[2 6],50,56,57,6,52
1,<environment.Job instance at 0x14d6df86b280>,25,2,[2 6],45,57,59,12,53
1,<environment.Job instance at 0x14d6dfb6e5a0>,31,13,[1 9],54,69,82,15,55
1,<environment.Job instance at 0x14d6dfb6eeb0>,33,2,[7 2],57,82,84,25,60
1,<environment.Job instance at 0x14d6dfa6cd20>,37,3,[8 1],62,69,72,7,62
1,<environment.Job instance at 0x14d6dfa6c320>,38,1,[7 1],64,72,73,8,64
1,<environment.Job instance at 0x14d6dfa6c0f0>,39,1,[1 5],65,66,67,1,66
1,<environment.Job instance at 0x14d6dfa6c780>,44,13,[6 2],71,84,97,13,71
1,<environment.Job instance at 0x14d707c95410>,46,2,[6 2],74,97,99,23,74
1,<environment.Job instance at 0x14d707c95fa0>,51,16,[7 1],81,99,115,18,92
1,<environment.Job instance at 0x14d707c95d20>,55,15,[2 9],87,99,114,12,93
1,<environment.Job instance at 0x14d707c95cd0>,56,15,[7 2],88,115,130,27,101
1,<environment.Job instance at 0x14d6dfea3b40>,61,14,[2 8],94,137,151,43,137
1,<environment.Job instance at 0x14d6dfea3a00>,62,2,[6 2],95,137,139,42,137
1,<environment.Job instance at 0x14d6dfea3aa0>,64,14,[9 1],99,151,165,52,143
1,<environment.Job instance at 0x14d6dfe86eb0>,69,15,[7 2],106,165,180,59,153
1,<environment.Job instance at 0x14d6dfe86c30>,70,2,[7 2],107,180,182,73,153
1,<environment.Job instance at 0x14d6dfe86af0>,73,2,[6 1],110,182,184,72,157
1,<environment.Job instance at 0x14d6dfe861e0>,77,2,[2 8],118,174,176,56,174
1,<environment.Job instance at 0x14d6dfe86640>,78,16,[8 1],120,184,200,64,177
1,<environment.Job instance at 0x14d6dfe866e0>,83,3,[2 6],128,177,180,49,177
1,<environment.Job instance at 0x14d6dfe86460>,85,2,[ 2 10],132,200,202,68,177
1,<environment.Job instance at 0x14d6dfa5cf50>,87,1,[2 5],134,180,181,46,177
1,<environment.Job instance at 0x14d6dfa5caa0>,90,1,[9 1],137,202,203,65,194
1,<environment.Job instance at 0x14d6dfb6ebe0>,26,17,[2 7],48,203,220,155,194
1,<environment.Job instance at 0x14d6dfa730a0>,95,15,[5 2],143,203,218,60,196
1,<environment.Job instance at 0x14d6dfa73b40>,98,2,[6 2],147,218,220,71,197
1,<environment.Job instance at 0x14d6dfa73320>,99,2,[10  2],149,220,222,71,197
1,<environment.Job instance at 0x14d6dfa38d20>,102,1,[8 2],156,222,223,66,200
1,<environment.Job instance at 0x14d707964a50>,103,3,[8 2],158,223,226,65,203
1,<environment.Job instance at 0x14d70858a7d0>,108,1,[10  1],167,226,227,59,204
1,<environment.Job instance at 0x14d7085b1230>,111,12,[8 1],170,227,239,57,212
1,<environment.Job instance at 0x14d706d8a410>,112,12,[7 1],171,239,251,68,222
1,<environment.Job instance at 0x14d706fffdc0>,115,2,[2 8],175,224,226,49,224
1,<environment.Job instance at 0x14d706fff3c0>,116,16,[1 9],176,227,243,51,227
1,<environment.Job instance at 0x14d70ca25c80>,119,1,[2 9],179,243,244,64,240
1,<environment.Job instance at 0x14d6dfe86190>,82,2,[1 9],127,250,252,123,250
1,<environment.Job instance at 0x14d6df86bd20>,23,16,[ 2 10],43,273,289,230,273
1,<environment.Job instance at 0x14d6df88b500>,0,3,[1 8],4,6,9,2,6
1,<environment.Job instance at 0x14d6dff56140>,1,1,[10  1],5,9,10,4,9
1,<environment.Job instance at 0x14d6dff567d0>,3,3,[1 7],7,10,13,3,9
1,<environment.Job instance at 0x14d6dfb6e3c0>,5,3,[1 8],10,14,17,4,14
1,<environment.Job instance at 0x14d6dfb6ec30>,4,1,[2 9],8,17,18,9,16
1,<environment.Job instance at 0x14d6df833190>,8,14,[2 9],18,18,32,0,18
1,<environment.Job instance at 0x14d6df8333c0>,9,2,[6 2],19,32,34,13,19
1,<environment.Job instance at 0x14d6df833370>,6,14,[ 1 10],13,34,48,21,21
1,<environment.Job instance at 0x14d6df833cd0>,14,1,[9 2],27,48,49,21,35
1,<environment.Job instance at 0x14d6df83b140>,20,2,[5 2],37,49,51,12,37
1,<environment.Job instance at 0x14d6df83b280>,19,1,[1 8],36,48,49,12,40
1,<environment.Job instance at 0x14d6df83b780>,26,15,[ 1 10],43,51,66,8,44
1,<environment.Job instance at 0x14d6df83b320>,22,1,[8 2],39,66,67,27,44
1,<environment.Job instance at 0x14d6df83b500>,23,1,[1 6],40,49,50,9,44
1,<environment.Job instance at 0x14d6df83beb0>,28,2,[2 7],45,66,68,21,47
1,<environment.Job instance at 0x14d6df83bd70>,30,1,[1 8],47,68,69,21,61
1,<environment.Job instance at 0x14d6df811640>,35,23,[5 2],54,67,90,13,62
1,<environment.Job instance at 0x14d6df811730>,38,17,[2 6],58,69,86,11,63
1,<environment.Job instance at 0x14d6df811280>,37,3,[9 1],57,90,93,33,78
1,<environment.Job instance at 0x14d6df811410>,33,14,[2 7],50,93,107,43,92
1,<environment.Job instance at 0x14d6df827050>,47,28,[5 2],69,114,142,45,114
1,<environment.Job instance at 0x14d6df8113c0>,36,2,[2 9],56,142,144,86,117
1,<environment.Job instance at 0x14d6df8275a0>,55,18,[ 2 10],84,190,208,106,190
1,<environment.Job instance at 0x14d6df827820>,60,12,[1 9],91,208,220,117,201
1,<environment.Job instance at 0x14d6df827370>,51,1,[10  2],75,220,221,145,204
1,<environment.Job instance at 0x14d6df827a00>,63,2,[1 9],94,221,223,127,213
1,<environment.Job instance at 0x14d6df827e60>,69,26,[2 6],102,223,249,121,221
1,<environment.Job instance at 0x14d6df839140>,73,14,[1 5],106,249,263,143,240
1,<environment.Job instance at 0x14d6df839dc0>,85,27,[2 7],120,278,305,158,278
1,<environment.Job instance at 0x14d6df827fa0>,70,1,[2 6],103,305,306,202,279
1,<environment.Job instance at 0x14d6df823690>,94,3,[10  1],136,335,338,199,335
1,<environment.Job instance at 0x14d6df823140>,88,3,[5 1],123,361,364,238,361
1,<environment.Job instance at 0x14d6df823a00>,100,1,[5 1],144,371,372,227,371
1,<environment.Job instance at 0x14d6df823d20>,104,3,[9 2],150,372,375,222,371
1,<environment.Job instance at 0x14d6dfa5caf0>,105,3,[5 1],151,375,378,224,371
1,<environment.Job instance at 0x14d6df821140>,110,3,[2 6],157,375,378,218,371
1,<environment.Job instance at 0x14d6df821230>,109,3,[ 2 10],156,378,381,222,371
1,<environment.Job instance at 0x14d6df812cd0>,117,13,[8 2],164,381,394,217,371
1,<environment.Job instance at 0x14d6df812af0>,120,3,[1 9],168,394,397,226,376
1,<environment.Job instance at 0x14d707d4c820>,124,2,[5 1],174,394,396,220,376
1,<environment.Job instance at 0x14d706fc5a00>,127,3,[10  2],179,397,400,218,377
1,<environment.Job instance at 0x14d6df811b40>,2,22,[2 8],4,5,27,1,5
1,<environment.Job instance at 0x14d70ca98a00>,4,3,[ 1 10],6,27,30,21,7
1,<environment.Job instance at 0x14d6df811be0>,3,13,[1 5],5,30,43,25,17
1,<environment.Job instance at 0x14d706f6baa0>,14,3,[6 1],20,21,24,1,21
1,<environment.Job instance at 0x14d707947eb0>,13,16,[5 1],19,30,46,11,21
1,<environment.Job instance at 0x14d70c168a50>,16,2,[2 8],23,43,45,20,28
1,<environment.Job instance at 0x14d6dff30280>,21,12,[2 7],33,45,57,12,33
1,<environment.Job instance at 0x14d6dff30be0>,23,14,[7 1],35,46,60,11,39
1,<environment.Job instance at 0x14d70ca3db40>,27,3,[6 1],39,60,63,21,39
1,<environment.Job instance at 0x14d70ca3daa0>,26,1,[6 1],38,63,64,25,40
1,<environment.Job instance at 0x14d7040b00a0>,29,3,[2 9],41,57,60,16,43
1,<environment.Job instance at 0x14d707a4da50>,32,1,[5 1],46,64,65,18,46
1,<environment.Job instance at 0x14d707960c30>,30,14,[2 5],42,60,74,18,48
1,<environment.Job instance at 0x14d6dfafd3c0>,36,2,[2 8],52,74,76,22,52
1,<environment.Job instance at 0x14d6dfafdf00>,37,1,[ 1 10],53,76,77,23,53
1,<environment.Job instance at 0x14d6dfafd4b0>,41,1,[5 1],58,65,66,7,58
1,<environment.Job instance at 0x14d70cafbc30>,42,3,[5 1],59,66,69,7,63
1,<environment.Job instance at 0x14d70c3eaaa0>,45,12,[2 8],66,77,89,11,66
1,<environment.Job instance at 0x14d6dfafd140>,38,16,[8 1],55,80,96,25,80
1,<environment.Job instance at 0x14d70a201410>,55,12,[5 2],78,96,108,18,81
1,<environment.Job instance at 0x14d70a201f00>,56,3,[9 2],80,108,111,28,82
1,<environment.Job instance at 0x14d705653550>,58,1,[10  1],85,114,115,29,114
1,<environment.Job instance at 0x14d705653870>,60,12,[2 8],87,137,149,50,137
1,<environment.Job instance at 0x14d705653730>,61,2,[2 6],89,149,151,60,140
1,<environment.Job instance at 0x14d707d38050>,47,18,[ 1 10],70,151,169,81,140
1,<environment.Job instance at 0x14d705653410>,59,14,[6 1],86,169,183,83,154
1,<environment.Job instance at 0x14d7056530a0>,63,3,[1 9],91,169,172,78,155
1,<environment.Job instance at 0x14d6dfc63050>,73,16,[ 1 10],110,199,215,89,199
1,<environment.Job instance at 0x14d6dfc63140>,71,1,[2 6],107,215,216,108,200
1,<environment.Job instance at 0x14d6dfc63f00>,74,18,[10  1],111,216,234,105,208
1,<environment.Job instance at 0x14d6dfc637d0>,77,15,[10  2],114,234,249,120,225
1,<environment.Job instance at 0x14d70e0732d0>,78,3,[7 2],116,255,258,139,255
1,<environment.Job instance at 0x14d70e073910>,82,1,[5 2],122,260,261,138,260
1,<environment.Job instance at 0x14d70e073e60>,83,3,[6 2],123,263,266,140,263
1,<environment.Job instance at 0x14d70e073eb0>,85,16,[9 1],126,280,296,154,280
1,<environment.Job instance at 0x14d705653a50>,67,3,[2 7],100,296,299,196,283
1,<environment.Job instance at 0x14d70e073280>,88,2,[9 1],130,299,301,169,290
1,<environment.Job instance at 0x14d6df923910>,92,16,[6 2],134,301,317,167,296
1,<environment.Job instance at 0x14d6df923050>,95,1,[7 1],138,317,318,179,311
1,<environment.Job instance at 0x14d706eeed20>,99,1,[2 8],143,328,329,185,328
1,<environment.Job instance at 0x14d706eeeb40>,102,3,[2 7],146,332,335,186,332
1,<environment.Job instance at 0x14d706eee370>,106,2,[7 1],150,356,358,206,356
1,<environment.Job instance at 0x14d707a65640>,112,18,[1 6],157,465,483,308,465
1,<environment.Job instance at 0x14d706eeed70>,109,18,[8 2],153,469,487,316,469
1,<environment.Job instance at 0x14d707a65f50>,119,3,[ 1 10],167,487,490,320,476
1,<environment.Job instance at 0x14d707a65af0>,116,1,[7 1],161,490,491,329,482
1,<environment.Job instance at 0x14d707a65d20>,123,3,[9 2],174,491,494,317,486
1,<environment.Job instance at 0x14d707a655f0>,124,3,[8 1],176,494,497,318,487
1,<environment.Job instance at 0x14d6dfbb2f00>,125,18,[1 9],178,494,512,316,489
1,<environment.Job instance at 0x14d6dfb6b460>,3,28,[2 9],6,6,34,0,6
1,<environment.Job instance at 0x14d6dfb6b8c0>,5,1,[1 6],8,34,35,26,10
1,<environment.Job instance at 0x14d6dfb6b5a0>,6,1,[2 7],9,35,36,26,11
1,<environment.Job instance at 0x14d6dfb6b320>,7,2,[ 1 10],10,36,38,26,13
1,<environment.Job instance at 0x14d6dfe494b0>,12,15,[5 1],16,20,35,4,20
1,<environment.Job instance at 0x14d6dfe490f0>,19,3,[1 7],26,38,41,12,27
1,<environment.Job instance at 0x14d706f6b460>,20,1,[5 1],28,35,36,7,28
1,<environment.Job instance at 0x14d706f6bc30>,21,22,[5 2],29,38,60,9,34
1,<environment.Job instance at 0x14d6dfe49910>,15,13,[ 2 10],19,60,73,41,50
1,<environment.Job instance at 0x14d70ca160f0>,32,1,[2 5],43,73,74,30,69
1,<environment.Job instance at 0x14d70ca169b0>,31,12,[1 8],42,80,92,38,80
1,<environment.Job instance at 0x14d70ca16960>,33,17,[1 8],45,113,130,68,113
1,<environment.Job instance at 0x14d70ca16730>,38,3,[1 6],51,130,133,79,121
1,<environment.Job instance at 0x14d70ca16050>,41,1,[2 9],54,135,136,81,135
1,<environment.Job instance at 0x14d70ca162d0>,40,2,[ 1 10],53,142,144,89,142
1,<environment.Job instance at 0x14d70793c550>,43,14,[1 8],57,148,162,91,148
1,<environment.Job instance at 0x14d70793c910>,46,1,[9 2],60,156,157,96,156
1,<environment.Job instance at 0x14d70793c640>,48,14,[2 9],62,162,176,100,157
1,<environment.Job instance at 0x14d70793ccd0>,51,17,[1 9],68,176,193,108,164
1,<environment.Job instance at 0x14d6f41cd0a0>,53,3,[6 1],70,165,168,95,165
1,<environment.Job instance at 0x14d6f41cdc30>,52,1,[5 1],69,168,169,99,166
1,<environment.Job instance at 0x14d6f41cd0f0>,54,3,[8 2],73,193,196,120,167
1,<environment.Job instance at 0x14d6f41cd2d0>,58,2,[8 1],78,169,171,91,169
1,<environment.Job instance at 0x14d6dfcc94b0>,65,2,[1 5],85,193,195,108,169
1,<environment.Job instance at 0x14d6dfcc9d70>,70,3,[7 1],92,171,174,79,170
1,<environment.Job instance at 0x14d6dfcc97d0>,75,2,[5 2],101,196,198,95,172
1,<environment.Job instance at 0x14d6dfcc9aa0>,67,3,[2 8],87,195,198,108,183
1,<environment.Job instance at 0x14d6dfcc9af0>,78,2,[ 1 10],105,198,200,93,186
1,<environment.Job instance at 0x14d6dfcc9050>,79,14,[2 5],106,200,214,94,191
1,<environment.Job instance at 0x14d707011cd0>,85,3,[6 2],115,200,203,85,196
1,<environment.Job instance at 0x14d707011eb0>,90,2,[8 2],122,203,205,81,197
1,<environment.Job instance at 0x14d7070115f0>,92,3,[7 2],125,205,208,80,197
1,<environment.Job instance at 0x14d6dfcc9730>,80,3,[2 9],107,214,217,107,197
1,<environment.Job instance at 0x14d707011a50>,94,2,[7 1],128,208,210,80,197
1,<environment.Job instance at 0x14d707011820>,93,2,[6 2],127,210,212,83,198
1,<environment.Job instance at 0x14d6df9b07d0>,97,3,[10  1],132,217,220,85,198
1,<environment.Job instance at 0x14d707011d20>,95,1,[1 7],129,220,221,91,198
1,<environment.Job instance at 0x14d6df9b0140>,102,3,[9 1],140,220,223,80,198
1,<environment.Job instance at 0x14d6df9b00a0>,103,3,[9 2],143,223,226,80,200
1,<environment.Job instance at 0x14d6df9b0fa0>,101,27,[6 1],139,235,262,96,235
1,<environment.Job instance at 0x14d6df9b08c0>,108,17,[2 7],150,289,306,139,289
1,<environment.Job instance at 0x14d6df9b0550>,109,15,[ 2 10],151,395,410,244,395
1,<environment.Job instance at 0x14d6df9b0cd0>,99,16,[1 5],137,410,426,273,405
1,<environment.Job instance at 0x14d6f4036e60>,111,13,[7 1],155,412,425,257,412
1,<environment.Job instance at 0x14d6f4036140>,112,15,[2 6],156,503,518,347,503
1,<environment.Job instance at 0x14d7040d1c30>,115,1,[9 2],161,537,538,376,537
1,<environment.Job instance at 0x14d70c107050>,116,1,[6 2],163,542,543,379,542
1,<environment.Job instance at 0x14d70cac2730>,118,2,[2 8],165,552,554,387,552
1,<environment.Job instance at 0x14d6dff9f910>,121,25,[1 7],169,565,590,396,565
1,<environment.Job instance at 0x14d6df99a280>,125,3,[1 9],176,656,659,480,656
1,<environment.Job instance at 0x14d6f4370f50>,1,3,[1 6],3,5,8,2,5
1,<environment.Job instance at 0x14d6dfcf18c0>,4,3,[1 8],7,8,11,1,7
1,<environment.Job instance at 0x14d6dfcf1b40>,3,12,[10  1],6,11,23,5,9
1,<environment.Job instance at 0x14d6dfcf1dc0>,8,3,[6 1],11,23,26,12,20
1,<environment.Job instance at 0x14d6dfcf1aa0>,11,23,[1 9],14,24,47,10,24
1,<environment.Job instance at 0x14d6dfcf15f0>,15,3,[2 8],19,47,50,28,28
1,<environment.Job instance at 0x14d6dfcf1d70>,16,1,[8 1],20,28,29,8,28
1,<environment.Job instance at 0x14d6dfcf15a0>,12,20,[6 1],15,29,49,14,28
1,<environment.Job instance at 0x14d70cb38d20>,20,2,[2 5],26,50,52,24,28
1,<environment.Job instance at 0x14d70cb38140>,22,1,[5 1],29,49,50,20,30
1,<environment.Job instance at 0x14d6f43707d0>,2,13,[2 9],5,52,65,47,49
1,<environment.Job instance at 0x14d6dfcf1c30>,9,1,[6 2],12,65,66,53,56
1,<environment.Job instance at 0x14d70ca44d20>,25,3,[ 2 10],33,66,69,33,56
1,<environment.Job instance at 0x14d70ca44730>,31,3,[1 9],41,69,72,28,56
1,<environment.Job instance at 0x14d6f40c7410>,38,18,[2 7],55,72,90,17,61
1,<environment.Job instance at 0x14d70cae3190>,43,1,[ 1 10],64,90,91,26,72
1,<environment.Job instance at 0x14d70cae3cd0>,47,3,[7 1],70,78,81,8,78
1,<environment.Job instance at 0x14d70ca444b0>,26,1,[8 2],35,81,82,46,78
1,<environment.Job instance at 0x14d6dfbe38c0>,49,16,[1 8],73,91,107,18,82
1,<environment.Job instance at 0x14d6dfbe3cd0>,50,18,[2 7],75,107,125,32,97
1,<environment.Job instance at 0x14d6dfbe37d0>,54,2,[8 2],81,97,99,16,97
1,<environment.Job instance at 0x14d6dfbe3a50>,57,12,[7 2],84,99,111,15,97
1,<environment.Job instance at 0x14d6dfbe30f0>,60,2,[8 1],87,111,113,24,101
1,<environment.Job instance at 0x14d7058b3550>,68,3,[1 6],97,125,128,28,117
1,<environment.Job instance at 0x14d706f12870>,75,1,[1 6],109,128,129,19,127
1,<environment.Job instance at 0x14d706f125f0>,76,3,[1 8],110,129,132,19,128
1,<environment.Job instance at 0x14d70a21deb0>,79,2,[2 5],115,132,134,17,128
1,<environment.Job instance at 0x14d70a21d370>,77,2,[2 7],112,134,136,22,128
1,<environment.Job instance at 0x14d70a21d2d0>,84,17,[1 8],121,136,153,15,129
1,<environment.Job instance at 0x14d70a21d500>,81,12,[ 1 10],118,295,307,177,295
1,<environment.Job instance at 0x14d6dfb8adc0>,89,3,[2 5],128,324,327,196,324
1,<environment.Job instance at 0x14d6dfd7f690>,93,23,[7 1],133,424,447,291,424
1,<environment.Job instance at 0x14d707d5f4b0>,96,2,[2 9],137,431,433,294,431
1,<environment.Job instance at 0x14d6f43de370>,99,2,[ 2 10],142,447,449,305,443
1,<environment.Job instance at 0x14d6f412b280>,100,2,[8 1],143,467,469,324,467
1,<environment.Job instance at 0x14d6dfcc92d0>,103,1,[9 2],146,478,479,332,478
1,<environment.Job instance at 0x14d707a4ad20>,104,15,[2 6],148,487,502,339,487
1,<environment.Job instance at 0x14d6f42fbd70>,108,1,[10  1],157,508,509,351,508
1,<environment.Job instance at 0x14d6dfcb4410>,110,24,[2 7],161,672,696,511,672
1,<environment.Job instance at 0x14d7055c6730>,114,18,[8 1],168,729,747,561,729
1,<environment.Job instance at 0x14d706dd8460>,119,2,[6 2],176,747,749,571,747
1,<environment.Job instance at 0x14d70cac0230>,102,3,[9 1],145,826,829,681,826
1,<environment.Job instance at 0x14d70e0e9eb0>,3,1,[5 1],5,6,7,1,6
1,<environment.Job instance at 0x14d70da01a50>,10,1,[6 2],16,17,18,1,17
1,<environment.Job instance at 0x14d70e0e9fa0>,4,2,[5 1],8,18,20,10,17
1,<environment.Job instance at 0x14d70ca7ca50>,15,2,[5 1],23,23,25,0,23
1,<environment.Job instance at 0x14d70ca7c910>,12,23,[10  2],18,25,48,7,23
1,<environment.Job instance at 0x14d70e0e1280>,16,1,[8 2],25,48,49,23,25
1,<environment.Job instance at 0x14d6df80adc0>,20,3,[10  2],34,49,52,15,34
1,<environment.Job instance at 0x14d706eebcd0>,24,1,[2 6],38,48,49,10,40
1,<environment.Job instance at 0x14d6dfa1baa0>,29,1,[8 2],45,52,53,7,45
1,<environment.Job instance at 0x14d6f41bf5f0>,28,3,[6 2],44,53,56,9,46
1,<environment.Job instance at 0x14d6dfa1b7d0>,31,3,[8 1],47,56,59,9,47
1,<environment.Job instance at 0x14d6df90e410>,32,3,[5 1],48,59,62,11,52
1,<environment.Job instance at 0x14d6dfa052d0>,34,3,[7 1],51,62,65,11,56
1,<environment.Job instance at 0x14d6df92a780>,37,3,[ 2 10],57,65,68,8,57
1,<environment.Job instance at 0x14d706da30a0>,44,2,[8 1],70,74,76,4,74
1,<environment.Job instance at 0x14d7079eadc0>,46,15,[7 1],74,76,91,2,75
1,<environment.Job instance at 0x14d6dfb69aa0>,51,17,[5 1],84,91,108,7,84
1,<environment.Job instance at 0x14d6dfb4fa00>,52,2,[1 5],86,91,93,5,91
1,<environment.Job instance at 0x14d6dfb4f5a0>,55,1,[7 2],93,108,109,15,93
1,<environment.Job instance at 0x14d6dfb4fe60>,56,1,[10  2],94,109,110,15,94
1,<environment.Job instance at 0x14d6dfb6a690>,60,2,[6 2],101,110,112,9,101
1,<environment.Job instance at 0x14d6dfb6a0a0>,63,18,[5 1],108,112,130,4,112
1,<environment.Job instance at 0x14d6dfb6aaf0>,66,2,[1 6],112,112,114,0,112
1,<environment.Job instance at 0x14d6dfb565f0>,67,13,[1 7],114,132,145,18,132
1,<environment.Job instance at 0x14d6dfb56e10>,69,3,[8 2],116,133,136,17,133
1,<environment.Job instance at 0x14d6dfb56f50>,70,13,[8 2],117,143,156,26,143
1,<environment.Job instance at 0x14d6dfb56690>,72,3,[6 2],119,156,159,37,153
1,<environment.Job instance at 0x14d6dfb56820>,74,13,[6 1],121,159,172,38,153
1,<environment.Job instance at 0x14d6dfb4f1e0>,54,16,[2 6],91,162,178,71,162
1,<environment.Job instance at 0x14d6dfb56460>,75,2,[ 2 10],123,178,180,55,163
1,<environment.Job instance at 0x14d6dfb56320>,77,3,[2 8],126,180,183,54,167
1,<environment.Job instance at 0x14d6dfb56140>,78,14,[1 6],128,183,197,55,178
1,<environment.Job instance at 0x14d6dfb5cc80>,79,2,[6 2],129,182,184,53,182
1,<environment.Job instance at 0x14d6dfb5c230>,80,1,[2 6],130,197,198,67,184
1,<environment.Job instance at 0x14d6dfb6ad20>,65,2,[10  2],111,198,200,87,186
1,<environment.Job instance at 0x14d6dfb5c0a0>,81,3,[7 1],131,189,192,58,189
1,<environment.Job instance at 0x14d6dfb5ce60>,82,3,[1 7],133,200,203,67,191
1,<environment.Job instance at 0x14d6dfb5c6e0>,84,2,[5 1],136,192,194,56,192
1,<environment.Job instance at 0x14d6dfb5caa0>,86,3,[2 9],138,209,212,71,209
1,<environment.Job instance at 0x14d706db0b90>,87,18,[2 5],139,227,245,88,227
1,<environment.Job instance at 0x14d6df8a2460>,88,21,[1 8],140,255,276,115,255
1,<environment.Job instance at 0x14d6dfb5cf00>,85,1,[8 1],137,258,259,121,258
1,<environment.Job instance at 0x14d6dfb7f910>,90,15,[2 6],143,276,291,133,269
1,<environment.Job instance at 0x14d6dfb7fc80>,95,18,[2 9],150,291,309,141,284
1,<environment.Job instance at 0x14d70791d960>,107,3,[2 8],165,309,312,144,289
1,<environment.Job instance at 0x14d6dfb50e60>,96,3,[9 1],152,312,315,160,294
1,<environment.Job instance at 0x14d706dac2d0>,112,1,[7 2],171,309,310,138,297
1,<environment.Job instance at 0x14d706dac050>,111,3,[1 8],170,314,317,144,314
1,<environment.Job instance at 0x14d6df965780>,115,28,[7 2],175,324,352,149,324
1,<environment.Job instance at 0x14d707c9c7d0>,118,16,[1 8],179,324,340,145,324
1,<environment.Job instance at 0x14d70caf12d0>,6,2,[1 6],11,11,13,0,11
1,<environment.Job instance at 0x14d70caf1d20>,2,14,[1 9],4,13,27,9,12
1,<environment.Job instance at 0x14d706db6dc0>,12,16,[2 9],20,27,43,7,22
1,<environment.Job instance at 0x14d706db6190>,18,15,[2 9],27,43,58,16,32
1,<environment.Job instance at 0x14d706db9370>,22,2,[2 5],33,58,60,25,38
1,<environment.Job instance at 0x14d706db9e60>,25,1,[8 1],37,42,43,5,42
1,<environment.Job instance at 0x14d706db9d70>,28,13,[9 1],40,60,73,20,44
1,<environment.Job instance at 0x14d706dcaf00>,32,3,[ 2 10],49,73,76,24,56
1,<environment.Job instance at 0x14d706dca820>,33,2,[1 8],50,60,62,10,57
1,<environment.Job instance at 0x14d706dca410>,34,12,[2 9],51,76,88,25,61
1,<environment.Job instance at 0x14d706db6780>,38,3,[2 5],58,88,91,30,71
1,<environment.Job instance at 0x14d707a1afa0>,41,1,[9 1],65,91,92,26,75
1,<environment.Job instance at 0x14d706db67d0>,10,2,[ 1 10],18,92,94,74,77
1,<environment.Job instance at 0x14d707a1aa50>,45,1,[1 5],70,88,89,18,77
1,<environment.Job instance at 0x14d707a1ac30>,44,3,[1 5],69,89,92,20,77
1,<environment.Job instance at 0x14d707a1aaa0>,47,1,[8 1],74,77,78,3,77
1,<environment.Job instance at 0x14d6df887550>,48,3,[8 1],76,78,81,2,77
1,<environment.Job instance at 0x14d706db6870>,14,2,[1 6],22,94,96,72,83
1,<environment.Job instance at 0x14d70cae19b0>,51,3,[2 7],84,96,99,12,88
1,<environment.Job instance at 0x14d6dfcac410>,52,2,[10  2],86,99,101,13,93
1,<environment.Job instance at 0x14d6df965cd0>,57,2,[6 2],91,94,96,3,94
1,<environment.Job instance at 0x14d7078fecd0>,58,3,[2 9],92,101,104,9,94
1,<environment.Job instance at 0x14d6df965230>,59,2,[10  2],93,104,106,11,94
1,<environment.Job instance at 0x14d707c81a50>,63,17,[ 2 10],99,106,123,7,101
1,<environment.Job instance at 0x14d6f424a5f0>,65,1,[8 2],101,123,124,22,101
1,<environment.Job instance at 0x14d707c7e640>,69,3,[9 2],107,124,127,17,111
1,<environment.Job instance at 0x14d707c7e690>,70,1,[2 9],110,127,128,17,111
1,<environment.Job instance at 0x14d706da3500>,79,15,[9 2],126,138,153,12,138
1,<environment.Job instance at 0x14d6dfb4caa0>,84,18,[1 8],132,139,157,7,139
1,<environment.Job instance at 0x14d6dfb4c820>,86,2,[10  1],136,157,159,21,143
1,<environment.Job instance at 0x14d6dfb4cfa0>,88,14,[7 1],138,159,173,21,144
1,<environment.Job instance at 0x14d6dfa80b90>,80,3,[7 1],127,153,156,26,147
1,<environment.Job instance at 0x14d6dfb4c730>,89,13,[5 2],139,173,186,34,157
1,<environment.Job instance at 0x14d6df975dc0>,96,15,[8 2],149,186,201,37,175
1,<environment.Job instance at 0x14d6df975820>,99,3,[1 5],153,179,182,26,179
1,<environment.Job instance at 0x14d6df975f50>,102,1,[10  1],156,201,202,45,179
1,<environment.Job instance at 0x14d6df975910>,103,15,[2 8],157,182,197,25,179
1,<environment.Job instance at 0x14d707c7e3c0>,73,15,[ 1 10],116,202,217,86,191
1,<environment.Job instance at 0x14d7079d0640>,111,2,[10  1],169,217,219,48,191
1,<environment.Job instance at 0x14d7079d0780>,118,15,[1 9],179,219,234,40,205
1,<environment.Job instance at 0x1542399d8a50>,0,12,[2 5],1,2,14,1,2
1,<environment.Job instance at 0x1542399d8a00>,1,3,[1 9],2,14,17,12,5
1,<environment.Job instance at 0x154230438050>,4,2,[7 2],5,5,7,0,5
1,<environment.Job instance at 0x15423043ceb0>,13,2,[8 1],17,17,19,0,17
1,<environment.Job instance at 0x15423037a730>,16,1,[2 5],21,31,32,10,31
1,<environment.Job instance at 0x1542303850f0>,24,12,[ 1 10],32,44,56,12,44
1,<environment.Job instance at 0x154230387550>,28,2,[2 7],37,56,58,19,44
1,<environment.Job instance at 0x15422ff1d140>,30,15,[2 9],40,58,73,18,57
1,<environment.Job instance at 0x15422ff1d500>,31,3,[9 2],41,73,76,32,58
1,<environment.Job instance at 0x15422ff1cdc0>,37,2,[ 1 10],50,76,78,26,60
1,<environment.Job instance at 0x15422ff1ca00>,38,1,[8 1],51,62,63,11,62
1,<environment.Job instance at 0x15422ff18820>,44,3,[1 8],58,73,76,15,63
1,<environment.Job instance at 0x15422ff17730>,45,3,[2 8],60,78,81,18,64
1,<environment.Job instance at 0x15422ff19eb0>,48,1,[2 9],65,84,85,19,84
1,<environment.Job instance at 0x15422ff4e050>,53,3,[6 1],73,85,88,12,85
1,<environment.Job instance at 0x1542303fa4b0>,56,1,[10  2],79,89,90,10,89
1,<environment.Job instance at 0x1542303a1d70>,55,16,[2 5],76,93,109,17,93
1,<environment.Job instance at 0x15422ff31af0>,63,3,[10  1],89,109,112,20,101
1,<environment.Job instance at 0x1542304138c0>,64,12,[9 1],91,114,126,23,114
1,<environment.Job instance at 0x1542303f2d70>,72,13,[7 2],102,126,139,24,117
1,<environment.Job instance at 0x1542303f2dc0>,70,2,[ 2 10],97,139,141,42,118
1,<environment.Job instance at 0x15422ff3d730>,61,3,[1 5],87,119,122,32,119
1,<environment.Job instance at 0x1542303d8c30>,78,3,[2 9],110,141,144,31,125
1,<environment.Job instance at 0x15423271ab40>,81,3,[ 2 10],114,144,147,30,125
1,<environment.Job instance at 0x154231744410>,83,1,[10  1],117,147,148,30,128
1,<environment.Job instance at 0x1542306d8e60>,87,2,[2 6],122,132,134,10,132
1,<environment.Job instance at 0x1542306d8780>,88,1,[1 5],123,134,135,11,134
1,<environment.Job instance at 0x1542306d8fa0>,91,1,[2 5],128,135,136,7,134
1,<environment.Job instance at 0x1542306d83c0>,90,1,[2 7],127,148,149,21,141
1,<environment.Job instance at 0x1542306b7730>,94,1,[5 1],131,148,149,17,144
1,<environment.Job instance at 0x1542306da730>,103,1,[ 2 10],142,162,163,20,162
1,<environment.Job instance at 0x1542306da7d0>,105,1,[8 2],144,163,164,19,163
1,<environment.Job instance at 0x1542306db5f0>,102,1,[2 8],141,168,169,27,168
1,<environment.Job instance at 0x1542306da190>,111,3,[2 5],153,172,175,19,172
1,<environment.Job instance at 0x1542306da410>,107,18,[1 8],146,175,193,29,172
1,<environment.Job instance at 0x1542306cfe10>,113,3,[5 2],156,172,175,16,172
1,<environment.Job instance at 0x154231d630a0>,122,3,[7 2],168,195,198,27,195
1,<environment.Job instance at 0x154231dc7f50>,124,3,[1 7],171,202,205,31,202
1,<environment.Job instance at 0x154231dc8730>,126,27,[1 8],173,236,263,63,236
1,<environment.Job instance at 0x154231d577d0>,127,3,[1 9],174,263,266,89,241
1,<environment.Job instance at 0x154231d572d0>,132,15,[1 7],185,353,368,168,353
1,<environment.Job instance at 0x154231d55280>,133,3,[ 2 10],186,368,371,182,362
1,<environment.Job instance at 0x1542304815a0>,0,2,[ 2 10],1,3,5,2,3
1,<environment.Job instance at 0x154230481690>,1,3,[5 2],2,5,8,3,4
1,<environment.Job instance at 0x15422ff14e60>,4,2,[2 9],5,8,10,3,5
1,<environment.Job instance at 0x15422ff14050>,6,19,[ 1 10],8,10,29,2,8
1,<environment.Job instance at 0x15422ff1d370>,7,2,[9 1],9,29,31,20,9
1,<environment.Job instance at 0x15422ff1df50>,9,2,[ 1 10],11,31,33,20,11
1,<environment.Job instance at 0x15423049a320>,15,14,[10  1],19,33,47,14,26
1,<environment.Job instance at 0x15423049ac80>,17,2,[8 2],21,47,49,26,26
1,<environment.Job instance at 0x1542304028c0>,19,2,[2 5],23,47,49,24,26
1,<environment.Job instance at 0x1542303b4a00>,20,3,[6 1],24,49,52,25,26
1,<environment.Job instance at 0x154230371a00>,25,17,[1 6],31,49,66,18,41
1,<environment.Job instance at 0x1542303711e0>,26,17,[7 1],32,52,69,20,48
1,<environment.Job instance at 0x154230371230>,29,15,[9 2],40,69,84,29,57
1,<environment.Job instance at 0x15423035f960>,30,1,[9 1],41,84,85,43,57
1,<environment.Job instance at 0x15423035f0a0>,34,2,[8 1],46,85,87,39,60
1,<environment.Job instance at 0x15423035f3c0>,35,1,[ 1 10],47,87,88,40,60
1,<environment.Job instance at 0x15423035faf0>,36,2,[1 5],49,66,68,17,60
1,<environment.Job instance at 0x15423038f280>,37,3,[1 5],50,68,71,18,60
1,<environment.Job instance at 0x15423047b0a0>,41,2,[1 6],57,71,73,14,63
1,<environment.Job instance at 0x154232a96fa0>,43,1,[2 8],62,85,86,23,78
1,<environment.Job instance at 0x154232a96c80>,44,18,[10  1],66,88,106,22,78
1,<environment.Job instance at 0x15422ff31820>,45,2,[7 2],67,106,108,39,84
1,<environment.Job instance at 0x1542303a1640>,48,3,[8 1],72,108,111,36,92
1,<environment.Job instance at 0x15422ff31be0>,47,14,[2 8],69,106,120,37,92
1,<environment.Job instance at 0x1542303a1b90>,50,2,[5 2],74,111,113,37,92
1,<environment.Job instance at 0x1542303a1fa0>,49,1,[7 2],73,113,114,40,100
1,<environment.Job instance at 0x15423041c050>,52,14,[6 1],77,114,128,37,108
1,<environment.Job instance at 0x1542303a1af0>,53,15,[2 8],78,123,138,45,123
1,<environment.Job instance at 0x15422fed9320>,54,16,[1 7],79,159,175,80,159
1,<environment.Job instance at 0x154230481b40>,2,15,[2 7],3,176,191,173,176
1,<environment.Job instance at 0x1541faca70a0>,58,16,[1 7],84,233,249,149,233
1,<environment.Job instance at 0x154231d31c30>,73,2,[1 7],104,280,282,176,280
1,<environment.Job instance at 0x154232862460>,75,1,[1 6],107,282,283,175,281
1,<environment.Job instance at 0x154232862be0>,68,18,[8 1],97,341,359,244,341
1,<environment.Job instance at 0x154232800a00>,87,1,[ 2 10],125,360,361,235,360
1,<environment.Job instance at 0x154232800fa0>,86,2,[2 5],124,378,380,254,378
1,<environment.Job instance at 0x154232860190>,101,3,[1 8],148,423,426,275,423
1,<environment.Job instance at 0x15423285d050>,102,2,[2 7],151,432,434,281,432
1,<environment.Job instance at 0x15423285d500>,104,3,[5 2],153,446,449,293,446
1,<environment.Job instance at 0x15423285d190>,106,1,[ 2 10],155,455,456,300,455
1,<environment.Job instance at 0x15423285d410>,109,13,[1 7],160,470,483,310,470
1,<environment.Job instance at 0x15423285df00>,110,12,[2 9],163,483,495,320,476
1,<environment.Job instance at 0x15423282e910>,111,3,[5 2],164,495,498,331,486
1,<environment.Job instance at 0x15423282ecd0>,112,2,[ 2 10],165,498,500,333,486
1,<environment.Job instance at 0x15423282f230>,121,2,[1 6],182,530,532,348,530
1,<environment.Job instance at 0x15423282f690>,124,1,[9 2],185,541,542,356,541
1,<environment.Job instance at 0x15423282f500>,125,18,[ 1 10],186,584,602,398,584
1,<environment.Job instance at 0x15422c098f00>,4,3,[2 7],6,6,9,0,6
1,<environment.Job instance at 0x15422c0985a0>,7,3,[10  2],10,10,13,0,10
1,<environment.Job instance at 0x15422c03bc80>,9,3,[9 1],14,14,17,0,14
1,<environment.Job instance at 0x15422c03b3c0>,10,18,[6 2],16,17,35,1,17
1,<environment.Job instance at 0x15422c0a2c30>,14,2,[5 1],23,35,37,12,24
1,<environment.Job instance at 0x15422c0a2820>,18,3,[9 2],28,37,40,9,29
1,<environment.Job instance at 0x15422c09ea00>,19,3,[6 2],31,40,43,9,32
1,<environment.Job instance at 0x15422c0a25a0>,17,2,[6 1],26,43,45,17,35
1,<environment.Job instance at 0x15422c09ed70>,21,3,[1 7],33,35,38,2,35
1,<environment.Job instance at 0x15422c09edc0>,22,2,[9 2],35,45,47,10,38
1,<environment.Job instance at 0x15422c09ec80>,23,1,[7 2],36,47,48,11,39
1,<environment.Job instance at 0x15422c030eb0>,25,14,[1 6],39,39,53,0,39
1,<environment.Job instance at 0x15422c030c80>,26,14,[1 9],40,53,67,13,40
1,<environment.Job instance at 0x15422c09e050>,24,3,[1 7],38,67,70,29,43
1,<environment.Job instance at 0x15422c030f50>,28,26,[9 1],44,48,74,4,46
1,<environment.Job instance at 0x15422c07c410>,37,15,[2 8],58,74,89,16,60
1,<environment.Job instance at 0x15422c0d1050>,43,3,[2 9],67,89,92,22,67
1,<environment.Job instance at 0x15422c08e0a0>,45,3,[1 5],70,70,73,0,70
1,<environment.Job instance at 0x1541fae88b40>,49,16,[2 6],76,92,108,16,81
1,<environment.Job instance at 0x15422c208aa0>,53,3,[10  1],81,108,111,27,82
1,<environment.Job instance at 0x15422c20aeb0>,59,15,[10  1],89,111,126,22,98
1,<environment.Job instance at 0x15422c15dc30>,36,27,[1 7],55,134,161,79,134
1,<environment.Job instance at 0x15422c1ae280>,38,16,[2 8],59,170,186,111,170
1,<environment.Job instance at 0x15422c034640>,50,3,[1 6],77,186,189,109,177
1,<environment.Job instance at 0x15422c20a550>,72,2,[ 1 10],106,193,195,87,193
1,<environment.Job instance at 0x15422c20a870>,65,3,[10  2],97,204,207,107,204
1,<environment.Job instance at 0x15422c20aa50>,67,2,[1 7],101,215,217,114,215
1,<environment.Job instance at 0x15422c206460>,76,3,[6 1],110,217,220,107,217
1,<environment.Job instance at 0x15422c206c30>,77,2,[1 8],111,239,241,128,239
1,<environment.Job instance at 0x15422c0635a0>,80,3,[5 2],116,249,252,133,249
1,<environment.Job instance at 0x15422c207b40>,85,27,[ 2 10],123,257,284,134,257
1,<environment.Job instance at 0x15422c207280>,82,2,[2 8],119,284,286,165,269
1,<environment.Job instance at 0x15422c0c9b90>,89,1,[2 5],128,286,287,158,269
1,<environment.Job instance at 0x15422c084f50>,95,2,[7 1],137,284,286,147,269
1,<environment.Job instance at 0x15422c084500>,92,12,[6 1],132,286,298,154,269
1,<environment.Job instance at 0x15422c0c9870>,88,1,[5 2],127,298,299,171,271
1,<environment.Job instance at 0x15422c084910>,103,17,[9 2],148,330,347,182,330
1,<environment.Job instance at 0x15422c0840a0>,104,1,[6 2],149,347,348,198,331
1,<environment.Job instance at 0x15422c082d20>,105,2,[1 5],150,331,333,181,331
1,<environment.Job instance at 0x15422c082190>,106,1,[1 7],151,338,339,187,338
1,<environment.Job instance at 0x15422c084690>,101,19,[2 9],146,348,367,202,340
1,<environment.Job instance at 0x15422c084b40>,91,3,[2 5],131,367,370,236,345
1,<environment.Job instance at 0x15422c082be0>,108,2,[1 5],153,346,348,193,346
1,<environment.Job instance at 0x15422c082dc0>,111,15,[7 1],157,348,363,191,346
1,<environment.Job instance at 0x15422c082320>,113,1,[2 8],160,370,371,210,347
1,<environment.Job instance at 0x15422c082b40>,114,1,[2 6],161,371,372,210,350
1,<environment.Job instance at 0x15422c082f50>,112,1,[2 6],158,372,373,214,369
1,<environment.Job instance at 0x15422c0825a0>,117,14,[1 6],165,405,419,240,405
1,<environment.Job instance at 0x15422c082460>,118,17,[9 1],166,406,423,240,406
1,<environment.Job instance at 0x15422c082550>,122,12,[9 2],170,423,435,253,407
1,<environment.Job instance at 0x15422c082af0>,110,1,[2 5],156,435,436,279,408
1,<environment.Job instance at 0x15422c083190>,126,16,[10  2],174,462,478,288,462
1,<environment.Job instance at 0x15422c083960>,132,2,[1 8],182,517,519,335,517
1,<environment.Job instance at 0x15422c083050>,134,1,[2 5],184,530,531,346,530
1,<environment.Job instance at 0x15422c083780>,135,14,[2 8],185,591,605,406,591
1,<environment.Job instance at 0x15422c083690>,136,2,[7 1],186,619,621,433,619
1,<environment.Job instance at 0x15422c0830a0>,127,16,[ 2 10],175,794,810,619,794
1,<environment.Job instance at 0x15422c083820>,124,3,[9 2],172,814,817,642,814
1,<environment.Job instance at 0x1541fae80460>,0,2,[10  2],2,7,9,5,7
1,<environment.Job instance at 0x154238e95cd0>,6,23,[1 6],11,15,38,4,15
1,<environment.Job instance at 0x154239b3daa0>,8,3,[10  1],17,38,41,21,22
1,<environment.Job instance at 0x1541fab10f50>,14,2,[5 1],27,29,31,2,29
1,<environment.Job instance at 0x154238e95e60>,9,3,[6 1],19,31,34,12,31
1,<environment.Job instance at 0x1541faa8deb0>,16,3,[5 2],30,34,37,4,31
1,<environment.Job instance at 0x1542378a68c0>,19,3,[8 1],33,41,44,8,36
1,<environment.Job instance at 0x154231c2b960>,13,1,[7 1],26,44,45,18,39
1,<environment.Job instance at 0x154231df9c30>,21,18,[1 5],37,41,59,4,40
1,<environment.Job instance at 0x1541faa37550>,22,16,[1 5],41,45,61,4,41
1,<environment.Job instance at 0x1542399a8640>,26,1,[5 2],46,59,60,13,47
1,<environment.Job instance at 0x1541fabe46e0>,28,2,[ 1 10],50,61,63,11,50
1,<environment.Job instance at 0x1541fa9b8b40>,27,26,[2 8],48,63,89,15,62
1,<environment.Job instance at 0x1542398df960>,34,1,[6 2],62,63,64,1,62
1,<environment.Job instance at 0x1542399780a0>,35,3,[10  2],64,89,92,25,64
1,<environment.Job instance at 0x1542398e7b90>,32,3,[1 9],58,92,95,34,70
1,<environment.Job instance at 0x15423985ee10>,42,2,[5 2],74,74,76,0,74
1,<environment.Job instance at 0x1541faf454b0>,46,2,[6 1],79,100,102,21,100
1,<environment.Job instance at 0x1541faf450a0>,49,2,[5 1],83,102,104,19,102
1,<environment.Job instance at 0x1542398e1a00>,53,15,[2 8],92,105,120,13,105
1,<environment.Job instance at 0x154232b448c0>,55,13,[10  1],95,120,133,25,110
1,<environment.Job instance at 0x154232b44a00>,56,2,[1 8],97,133,135,36,110
1,<environment.Job instance at 0x154232b44b40>,58,3,[2 8],99,135,138,36,110
1,<environment.Job instance at 0x1541fae4d050>,29,16,[ 2 10],52,138,154,86,128
1,<environment.Job instance at 0x1541faf45c30>,50,17,[1 9],84,154,171,70,147
1,<environment.Job instance at 0x154232a7ae10>,62,3,[6 2],107,171,174,64,160
1,<environment.Job instance at 0x15422c1e70a0>,71,16,[ 1 10],122,174,190,52,164
1,<environment.Job instance at 0x15422c161be0>,72,3,[2 5],124,171,174,47,169
1,<environment.Job instance at 0x1541fac368c0>,80,17,[9 2],133,190,207,57,188
1,<environment.Job instance at 0x15422c286b40>,82,12,[2 8],135,207,219,72,199
1,<environment.Job instance at 0x15422c1612d0>,75,13,[8 2],127,207,220,80,199
1,<environment.Job instance at 0x154238e62e10>,83,3,[ 1 10],136,220,223,84,201
1,<environment.Job instance at 0x15422c0b2640>,85,3,[2 7],138,223,226,85,202
1,<environment.Job instance at 0x15422c18a910>,88,2,[5 1],141,223,225,82,202
1,<environment.Job instance at 0x1541fafb7a00>,91,3,[7 1],148,225,228,77,202
1,<environment.Job instance at 0x154237890af0>,90,1,[1 9],147,226,227,79,202
1,<environment.Job instance at 0x1541fae7fcd0>,87,2,[2 8],140,227,229,87,206
1,<environment.Job instance at 0x1542387dfcd0>,94,12,[2 6],153,229,241,76,215
1,<environment.Job instance at 0x1542387df230>,93,14,[1 5],151,241,255,90,236
1,<environment.Job instance at 0x154237951b40>,97,25,[8 1],159,252,277,93,252
1,<environment.Job instance at 0x154237951c80>,99,16,[1 6],161,255,271,94,252
1,<environment.Job instance at 0x15422c155640>,100,2,[10  2],163,277,279,114,252
1,<environment.Job instance at 0x15422c139820>,101,3,[1 7],164,282,285,118,282
1,<environment.Job instance at 0x154237951500>,96,17,[2 8],156,299,316,143,299
1,<environment.Job instance at 0x154238e9f550>,105,16,[1 9],169,316,332,147,305
1,<environment.Job instance at 0x154238e9faa0>,106,3,[1 5],170,332,335,162,316
1,<environment.Job instance at 0x154238e9fcd0>,108,3,[9 2],173,332,335,159,329
1,<environment.Job instance at 0x15422c139370>,102,14,[9 2],166,335,349,169,329
1,<environment.Job instance at 0x15422c1af460>,113,19,[2 5],180,349,368,169,344
1,<environment.Job instance at 0x15422c1afa00>,120,3,[2 7],189,368,371,179,351
1,<environment.Job instance at 0x15422c1a8f50>,111,12,[1 7],177,371,383,194,355
1,<environment.Job instance at 0x1541fabe4d70>,0,3,[8 2],1,1,4,0,1
1,<environment.Job instance at 0x1541faa06f00>,1,1,[1 7],2,7,8,5,7
1,<environment.Job instance at 0x1541faaf3eb0>,14,1,[5 2],19,19,20,0,19
1,<environment.Job instance at 0x1541faa37d70>,16,25,[9 1],21,21,46,0,21
1,<environment.Job instance at 0x154231dc0910>,2,1,[6 2],3,46,47,43,25
1,<environment.Job instance at 0x1541faa143c0>,20,15,[5 2],26,47,62,21,36
1,<environment.Job instance at 0x1541fabc5870>,24,2,[2 9],31,62,64,31,38
1,<environment.Job instance at 0x1541fab31280>,25,2,[1 5],32,38,40,6,38
1,<environment.Job instance at 0x15422c22ef00>,26,16,[1 8],33,40,56,7,38
1,<environment.Job instance at 0x154231de6960>,27,14,[2 6],35,64,78,29,49
1,<environment.Job instance at 0x1541fabc54b0>,23,15,[6 1],30,62,77,32,51
1,<environment.Job instance at 0x154231dd8960>,30,2,[10  2],38,78,80,40,64
1,<environment.Job instance at 0x15422c230cd0>,31,15,[9 2],40,80,95,40,66
1,<environment.Job instance at 0x154231dd8a50>,33,2,[5 1],42,95,97,53,68
1,<environment.Job instance at 0x1541fab102d0>,45,2,[ 1 10],58,97,99,39,73
1,<environment.Job instance at 0x15422c306960>,39,3,[2 6],51,99,102,48,73
1,<environment.Job instance at 0x154231e06f50>,57,2,[6 2],72,193,195,121,193
1,<environment.Job instance at 0x154231e06eb0>,56,1,[1 8],71,193,194,122,193
1,<environment.Job instance at 0x154231decaa0>,62,13,[10  1],79,195,208,116,193
1,<environment.Job instance at 0x154231decf00>,63,1,[5 1],80,208,209,128,193
1,<environment.Job instance at 0x154231dec0f0>,64,14,[2 9],81,208,222,127,196
1,<environment.Job instance at 0x154231dec910>,70,1,[5 1],87,209,210,122,196
1,<environment.Job instance at 0x154231dec3c0>,67,3,[6 1],84,210,213,126,199
1,<environment.Job instance at 0x154231deb960>,72,3,[5 2],89,222,225,133,210
1,<environment.Job instance at 0x154231deb9b0>,73,2,[8 2],90,225,227,135,210
1,<environment.Job instance at 0x154231deb5f0>,75,2,[2 5],92,222,224,130,221
1,<environment.Job instance at 0x154231deb820>,71,17,[1 8],88,231,248,143,231
1,<environment.Job instance at 0x154231deb1e0>,77,22,[8 1],95,235,257,140,235
1,<environment.Job instance at 0x154231deb190>,78,15,[ 2 10],96,257,272,161,249
1,<environment.Job instance at 0x154231debb40>,79,3,[10  2],97,272,275,175,249
1,<environment.Job instance at 0x154231deb410>,82,3,[7 2],101,275,278,174,249
1,<environment.Job instance at 0x154231debfa0>,85,18,[6 1],105,278,296,173,269
1,<environment.Job instance at 0x154231deb8c0>,87,2,[10  1],107,296,298,189,281
1,<environment.Job instance at 0x154231deb730>,81,17,[1 7],100,314,331,214,314
1,<environment.Job instance at 0x154231deb910>,76,13,[7 2],94,319,332,225,319
1,<environment.Job instance at 0x154231ddb370>,95,1,[5 1],119,332,333,213,325
1,<environment.Job instance at 0x154231ddbaa0>,93,19,[1 5],116,331,350,215,327
1,<environment.Job instance at 0x154231ddb640>,103,17,[1 7],130,350,367,220,339
1,<environment.Job instance at 0x154231dda0a0>,108,27,[5 1],140,340,367,200,340
1,<environment.Job instance at 0x154231ddaaf0>,112,1,[1 8],144,367,368,223,348
1,<environment.Job instance at 0x154231ddae10>,113,1,[2 9],146,368,369,222,355
1,<environment.Job instance at 0x154231dda500>,114,2,[10  2],147,369,371,222,356
1,<environment.Job instance at 0x154231ddb870>,104,15,[10  2],134,371,386,237,361
1,<environment.Job instance at 0x154231ddad70>,118,3,[2 5],154,386,389,232,362
1,<environment.Job instance at 0x154231dda3c0>,122,3,[10  1],161,389,392,228,368
1,<environment.Job instance at 0x154238f88aa0>,123,2,[ 2 10],162,392,394,230,376
1,<environment.Job instance at 0x1542378993c0>,126,1,[8 2],167,386,387,219,377
1,<environment.Job instance at 0x154237899320>,127,22,[2 5],169,394,416,225,390
1,<environment.Job instance at 0x154231ddaeb0>,111,14,[1 6],143,474,488,331,474
1,<environment.Job instance at 0x154238e69f50>,138,2,[10  2],183,565,567,382,565
1,<environment.Job instance at 0x154238e69690>,140,3,[9 2],185,567,570,382,565
1,<environment.Job instance at 0x1541fa96b5f0>,4,17,[1 6],11,12,29,1,12
1,<environment.Job instance at 0x1541fa96b550>,5,3,[1 9],12,29,32,17,22
1,<environment.Job instance at 0x1541fa96b820>,12,15,[10  1],23,32,47,9,24
1,<environment.Job instance at 0x1541fa96d5a0>,20,1,[7 2],32,47,48,15,32
1,<environment.Job instance at 0x1541fa96d910>,21,12,[6 2],33,48,60,15,35
1,<environment.Job instance at 0x1541fa96ddc0>,27,14,[9 2],40,60,74,20,54
1,<environment.Job instance at 0x1541fa96df00>,29,16,[1 8],42,93,109,51,93
1,<environment.Job instance at 0x1541fa96d9b0>,26,14,[ 2 10],39,109,123,70,95
1,<environment.Job instance at 0x1541fa96f1e0>,34,1,[9 2],47,97,98,50,97
1,<environment.Job instance at 0x1541fa96f280>,35,2,[1 7],48,123,125,75,97
1,<environment.Job instance at 0x1541fa96f870>,40,14,[ 1 10],57,125,139,68,111
1,<environment.Job instance at 0x1541fa96f780>,41,1,[5 2],58,123,124,65,111
1,<environment.Job instance at 0x1541fa96fa50>,43,2,[7 2],61,139,141,78,113
1,<environment.Job instance at 0x1541fa96fb90>,46,1,[9 1],65,124,125,59,113
1,<environment.Job instance at 0x1541fa96fd20>,48,3,[1 6],67,139,142,72,116
1,<environment.Job instance at 0x1541fa96f500>,36,26,[1 6],51,146,172,95,146
1,<environment.Job instance at 0x1541fa96fe60>,50,20,[8 1],70,152,172,82,152
1,<environment.Job instance at 0x1541fa9714b0>,57,1,[ 2 10],87,172,173,85,153
1,<environment.Job instance at 0x1541fa971460>,60,3,[1 8],91,173,176,82,165
1,<environment.Job instance at 0x1541fa971f50>,64,15,[ 2 10],102,181,196,79,181
1,<environment.Job instance at 0x1541fa971fa0>,67,2,[5 2],106,196,198,90,181
1,<environment.Job instance at 0x1541fa974460>,72,2,[5 2],111,196,198,85,181
1,<environment.Job instance at 0x1541fa974820>,74,3,[2 8],113,198,201,85,183
1,<environment.Job instance at 0x1541fa971140>,54,2,[1 8],79,201,203,122,184
1,<environment.Job instance at 0x1541fa974b40>,76,1,[ 2 10],116,203,204,87,184
1,<environment.Job instance at 0x1541fa974e60>,80,2,[1 8],121,204,206,83,184
1,<environment.Job instance at 0x1541fa974dc0>,78,2,[8 1],118,198,200,80,184
1,<environment.Job instance at 0x1541fa974f00>,81,13,[7 1],122,204,217,82,189
1,<environment.Job instance at 0x1541fa976280>,86,2,[1 7],129,206,208,77,198
1,<environment.Job instance at 0x1541fa976140>,85,2,[10  2],128,217,219,89,199
1,<environment.Job instance at 0x1541fa9762d0>,87,3,[2 8],130,208,211,78,202
1,<environment.Job instance at 0x1541fa9765a0>,92,3,[6 1],137,219,222,82,202
1,<environment.Job instance at 0x1541fa9766e0>,93,2,[ 1 10],138,222,224,84,203
1,<environment.Job instance at 0x1541fa976960>,98,2,[8 2],145,224,226,79,204
1,<environment.Job instance at 0x1541fa976730>,94,1,[7 1],139,226,227,87,208
1,<environment.Job instance at 0x1541fa976fa0>,101,15,[6 1],152,227,242,75,213
1,<environment.Job instance at 0x1541fa963500>,104,3,[2 6],157,213,216,56,213
1,<environment.Job instance at 0x1541fa9c8af0>,108,14,[2 6],163,224,238,61,213
1,<environment.Job instance at 0x15423796f2d0>,111,1,[1 7],168,216,217,48,213
1,<environment.Job instance at 0x1541fa976550>,91,15,[1 9],136,238,253,102,228
1,<environment.Job instance at 0x1541fa955dc0>,117,1,[ 2 10],175,253,254,78,236
1,<environment.Job instance at 0x1541fa8f85f0>,120,1,[8 2],182,254,255,72,239
1,<environment.Job instance at 0x1541fa8f86e0>,121,18,[9 1],183,255,273,72,246
1,<environment.Job instance at 0x1541fa8f8d70>,124,1,[7 1],187,273,274,86,253
1,<environment.Job instance at 0x1541fa95baf0>,115,27,[1 9],173,256,283,83,256
1,<environment.Job instance at 0x1541faa6d780>,116,1,[9 1],174,274,275,100,267
1,<environment.Job instance at 0x1541fa901550>,1,1,[1 7],4,5,6,1,5
1,<environment.Job instance at 0x1541fa9015f0>,0,3,[8 2],3,5,8,2,5
1,<environment.Job instance at 0x1541fa901640>,2,3,[2 8],5,8,11,3,8
1,<environment.Job instance at 0x1541fab6bb90>,8,15,[10  2],13,18,33,5,18
1,<environment.Job instance at 0x1541fab6b4b0>,11,3,[5 1],17,33,36,16,18
1,<environment.Job instance at 0x1541fab6b460>,12,1,[1 9],19,33,34,14,19
1,<environment.Job instance at 0x1541fab6b780>,14,2,[1 8],21,34,36,13,21
1,<environment.Job instance at 0x1541fab6b910>,10,2,[ 2 10],16,36,38,20,23
1,<environment.Job instance at 0x154232b0b0a0>,18,12,[9 1],27,38,50,11,28
1,<environment.Job instance at 0x154232b0b370>,22,15,[6 1],33,50,65,17,36
1,<environment.Job instance at 0x154232b0b780>,25,1,[5 1],36,65,66,29,37
1,<environment.Job instance at 0x154232b0bc30>,26,1,[8 1],38,66,67,28,38
1,<environment.Job instance at 0x15422c186b90>,28,1,[2 9],41,50,51,9,42
1,<environment.Job instance at 0x1541fadb0640>,35,18,[2 9],50,55,73,5,55
1,<environment.Job instance at 0x1541fadb00a0>,39,17,[5 1],54,67,84,13,58
1,<environment.Job instance at 0x1541fadb06e0>,44,3,[2 5],59,77,80,18,77
1,<environment.Job instance at 0x1541fadb09b0>,36,3,[2 9],51,80,83,29,77
1,<environment.Job instance at 0x1541fadb0d70>,45,2,[8 1],60,84,86,24,78
1,<environment.Job instance at 0x1541fadb05a0>,47,21,[9 2],62,86,107,24,78
1,<environment.Job instance at 0x15423273e460>,51,13,[2 8],67,107,120,40,95
1,<environment.Job instance at 0x15423273edc0>,50,2,[2 9],65,120,122,55,95
1,<environment.Job instance at 0x15423273ea50>,52,3,[7 2],68,107,110,39,95
1,<environment.Job instance at 0x15423273efa0>,55,16,[5 2],73,122,138,49,109
1,<environment.Job instance at 0x15423273e550>,56,1,[6 1],75,110,111,35,109
1,<environment.Job instance at 0x15423273e050>,53,17,[ 2 10],69,150,167,81,150
1,<environment.Job instance at 0x154231c60dc0>,58,2,[1 7],79,193,195,114,193
1,<environment.Job instance at 0x1541fac95d20>,62,3,[2 9],83,211,214,128,211
1,<environment.Job instance at 0x1541fad1f0a0>,59,3,[7 1],80,230,233,150,230
1,<environment.Job instance at 0x1541fac95550>,70,3,[9 2],93,300,303,207,300
1,<environment.Job instance at 0x15422ff17280>,81,1,[2 8],107,313,314,206,313
1,<environment.Job instance at 0x1541fa9b0a00>,84,15,[2 5],110,370,385,260,370
1,<environment.Job instance at 0x1542379a4190>,85,3,[1 6],111,385,388,274,383
1,<environment.Job instance at 0x15423275c6e0>,88,16,[8 2],115,388,404,273,388
1,<environment.Job instance at 0x1542327740f0>,83,12,[2 9],109,404,416,295,393
1,<environment.Job instance at 0x154231e63140>,91,1,[10  2],120,420,421,300,420
1,<environment.Job instance at 0x1541fab550a0>,98,3,[2 6],127,460,463,333,460
1,<environment.Job instance at 0x1541fab554b0>,103,17,[8 1],137,474,491,337,474
1,<environment.Job instance at 0x154231ba46e0>,105,2,[2 5],139,478,480,339,478
1,<environment.Job instance at 0x154231ba4b90>,106,3,[9 1],140,533,536,393,533
1,<environment.Job instance at 0x154230371d20>,114,3,[2 7],150,619,622,469,619
1,<environment.Job instance at 0x154231ba4be0>,110,2,[1 7],144,622,624,478,619
1,<environment.Job instance at 0x154231e6ee10>,116,14,[2 9],157,624,638,467,623
1,<environment.Job instance at 0x154231ba4a00>,115,2,[8 2],152,638,640,486,628
1,<environment.Job instance at 0x154231e6e0a0>,117,1,[5 2],159,640,641,481,638
1,<environment.Job instance at 0x1541fab28320>,120,1,[2 8],163,655,656,492,655
1,<environment.Job instance at 0x1541fab28d20>,121,2,[2 9],164,667,669,503,667
1,<environment.Job instance at 0x1542327ab550>,126,3,[1 9],171,678,681,507,678
1,<environment.Job instance at 0x1542327abe10>,129,1,[1 8],175,681,682,506,680
1,<environment.Job instance at 0x1541fad00140>,134,1,[2 8],184,713,714,529,713
1,<environment.Job instance at 0x1542327af910>,136,3,[10  1],188,732,735,544,732
1,<environment.Job instance at 0x154231d0f690>,0,3,[7 2],1,1,4,0,1
1,<environment.Job instance at 0x15422ff178c0>,1,28,[2 5],3,4,32,1,4
1,<environment.Job instance at 0x15422c30ed20>,6,1,[2 6],8,32,33,24,11
1,<environment.Job instance at 0x154231d0fe10>,2,15,[ 2 10],4,33,48,29,27
1,<environment.Job instance at 0x154232791730>,11,18,[5 2],17,48,66,31,43
1,<environment.Job instance at 0x1542327913c0>,12,1,[1 6],18,66,67,48,66
1,<environment.Job instance at 0x1542398695a0>,9,24,[2 9],12,98,122,86,98
1,<environment.Job instance at 0x154232791e60>,15,3,[2 7],22,122,125,100,115
1,<environment.Job instance at 0x1541fafeb140>,18,2,[6 1],28,116,118,88,116
1,<environment.Job instance at 0x154232791a50>,19,3,[1 5],29,125,128,96,116
1,<environment.Job instance at 0x1542327916e0>,16,1,[10  1],26,128,129,102,121
1,<environment.Job instance at 0x1541fafeb690>,20,2,[10  2],30,129,131,99,122
1,<environment.Job instance at 0x154236f18cd0>,23,25,[9 1],33,142,167,109,142
1,<environment.Job instance at 0x15422c0ced20>,29,2,[8 1],40,167,169,127,151
1,<environment.Job instance at 0x15423046c320>,34,1,[2 7],48,167,168,119,153
1,<environment.Job instance at 0x15422c2f8960>,24,3,[2 7],34,168,171,134,155
1,<environment.Job instance at 0x15422ff19dc0>,8,2,[2 8],11,171,173,160,160
1,<environment.Job instance at 0x1541fafe3b90>,46,3,[1 9],62,173,176,111,166
1,<environment.Job instance at 0x1541fafe3f50>,47,2,[1 7],64,176,178,112,166
1,<environment.Job instance at 0x15422c0839b0>,51,16,[2 6],68,178,194,110,167
1,<environment.Job instance at 0x1542303bf0a0>,62,13,[1 5],91,194,207,103,179
1,<environment.Job instance at 0x154231b8b370>,68,12,[5 2],99,180,192,81,180
1,<environment.Job instance at 0x154231b8b7d0>,70,20,[9 1],101,194,214,93,185
1,<environment.Job instance at 0x1542327f3b40>,67,13,[2 9],97,214,227,117,209
1,<environment.Job instance at 0x1542379ab320>,80,2,[2 8],120,227,229,107,215
1,<environment.Job instance at 0x15422c1639b0>,83,3,[6 2],126,227,230,101,216
1,<environment.Job instance at 0x15422c163f00>,86,3,[9 1],129,230,233,101,217
1,<environment.Job instance at 0x154232a98190>,87,1,[7 2],130,233,234,103,217
1,<environment.Job instance at 0x1541fa6cde60>,84,12,[2 9],127,234,246,107,217
1,<environment.Job instance at 0x154231bd49b0>,92,3,[1 7],137,229,232,92,217
1,<environment.Job instance at 0x154231b780f0>,91,1,[1 9],136,232,233,96,217
1,<environment.Job instance at 0x1541fafa2190>,95,1,[1 9],140,246,247,106,218
1,<environment.Job instance at 0x154231c79320>,99,1,[8 1],146,234,235,88,229
1,<environment.Job instance at 0x1541faba0b90>,103,14,[ 2 10],150,247,261,97,236
1,<environment.Job instance at 0x1541fabb0500>,107,12,[2 9],154,284,296,130,284
1,<environment.Job instance at 0x154232b05d70>,110,2,[1 6],165,307,309,142,307
1,<environment.Job instance at 0x154232b055f0>,112,1,[6 1],167,315,316,148,315
1,<environment.Job instance at 0x15422c1f7320>,114,1,[6 1],170,316,317,146,315
1,<environment.Job instance at 0x15422c1f73c0>,116,1,[1 5],172,316,317,144,316
1,<environment.Job instance at 0x1541fac186e0>,121,17,[9 2],179,321,338,142,321
1,<environment.Job instance at 0x154231c35a00>,123,2,[2 7],185,338,340,153,322
1,<environment.Job instance at 0x1541facd7b90>,125,15,[7 1],187,338,353,151,324
1,<environment.Job instance at 0x154232b05e10>,111,2,[1 8],166,368,370,202,368
1,<environment.Job instance at 0x1542378141e0>,0,2,[7 2],1,3,5,2,3
1,<environment.Job instance at 0x154237814550>,3,17,[5 2],5,5,22,0,5
1,<environment.Job instance at 0x1541fae80960>,4,3,[10  1],7,22,25,15,8
1,<environment.Job instance at 0x15422c155f00>,5,1,[9 2],8,25,26,17,9
1,<environment.Job instance at 0x15422c155640>,7,2,[1 5],10,10,12,0,10
1,<environment.Job instance at 0x15422c155b90>,8,13,[1 9],11,26,39,15,11
1,<environment.Job instance at 0x15422c1557d0>,10,15,[9 1],14,26,41,12,14
1,<environment.Job instance at 0x15422c14b370>,12,2,[1 9],16,39,41,23,16
1,<environment.Job instance at 0x15422c14b4b0>,13,2,[1 7],19,19,21,0,19
1,<environment.Job instance at 0x15422c14b500>,14,3,[1 8],20,41,44,21,20
1,<environment.Job instance at 0x15422c14ba50>,18,2,[6 1],24,41,43,17,24
1,<environment.Job instance at 0x15422c14be10>,21,15,[8 2],27,43,58,16,29
1,<environment.Job instance at 0x15422c1528c0>,25,3,[6 1],32,58,61,26,32
1,<environment.Job instance at 0x15422c152190>,26,16,[1 5],33,44,60,11,33
1,<environment.Job instance at 0x15422c14b5a0>,16,2,[2 8],22,60,62,38,34
1,<environment.Job instance at 0x15422c152820>,30,3,[1 8],38,62,65,24,45
1,<environment.Job instance at 0x154237814730>,2,16,[1 7],3,65,81,62,53
1,<environment.Job instance at 0x15422c1529b0>,40,1,[2 7],50,81,82,31,63
1,<environment.Job instance at 0x15422c152b40>,42,3,[ 2 10],52,82,85,30,63
1,<environment.Job instance at 0x15422c126190>,43,2,[9 1],54,66,68,12,66
1,<environment.Job instance at 0x15422c152960>,38,2,[1 6],47,85,87,38,72
1,<environment.Job instance at 0x15422c126730>,46,2,[2 8],60,87,89,27,79
1,<environment.Job instance at 0x15422c126b40>,48,15,[10  1],63,102,117,39,102
1,<environment.Job instance at 0x1541fa774230>,49,3,[1 8],65,117,120,52,114
1,<environment.Job instance at 0x1541fa7565f0>,50,12,[1 7],66,126,138,60,126
1,<environment.Job instance at 0x1541fa7562d0>,52,3,[10  1],68,138,141,70,129
1,<environment.Job instance at 0x1541fa756780>,55,2,[8 2],71,154,156,83,154
1,<environment.Job instance at 0x1541fa7563c0>,56,2,[8 1],72,156,158,84,156
1,<environment.Job instance at 0x1541fa7560a0>,57,16,[7 2],74,168,184,94,168
1,<environment.Job instance at 0x15422c126640>,47,17,[1 8],62,170,187,108,170
1,<environment.Job instance at 0x1541fa7561e0>,58,1,[ 2 10],75,187,188,112,174
1,<environment.Job instance at 0x15422c126410>,44,1,[2 5],55,188,189,133,184
1,<environment.Job instance at 0x1541fa756050>,61,13,[1 7],80,200,213,120,200
1,<environment.Job instance at 0x1541fa91d820>,65,15,[5 1],86,202,217,116,202
1,<environment.Job instance at 0x154232a6cc80>,68,18,[8 2],89,279,297,190,279
1,<environment.Job instance at 0x1541fae4d190>,71,3,[2 6],92,294,297,202,294
1,<environment.Job instance at 0x1541faab6b90>,72,1,[5 2],93,297,298,204,295
1,<environment.Job instance at 0x154231c595f0>,73,3,[7 1],94,337,340,243,337
1,<environment.Job instance at 0x1541fa91aaa0>,69,16,[2 9],90,353,369,263,353
1,<environment.Job instance at 0x1541fa8854b0>,77,3,[1 5],100,369,372,269,361
1,<environment.Job instance at 0x1541fa88c230>,78,2,[2 8],101,372,374,271,370
1,<environment.Job instance at 0x1541fa8851e0>,76,18,[1 6],98,385,403,287,385
1,<environment.Job instance at 0x154232a81b90>,62,16,[5 1],81,418,434,337,418
1,<environment.Job instance at 0x1541fa88c820>,85,18,[2 5],110,560,578,450,560
1,<environment.Job instance at 0x1541fa88df00>,82,2,[6 2],106,715,717,609,715
1,<environment.Job instance at 0x1541fa8ac6e0>,101,13,[6 1],129,929,942,800,929
1,<environment.Job instance at 0x1541fa8785a0>,108,14,[1 6],141,959,973,818,959
1,<environment.Job instance at 0x1541fa8ac780>,92,3,[10  1],119,988,991,869,988
1,<environment.Job instance at 0x1541fa8b1370>,114,2,[2 5],154,991,993,837,989
1,<environment.Job instance at 0x1541fa8b10f0>,116,1,[8 1],156,997,998,841,997
1,<environment.Job instance at 0x1541fa8b16e0>,121,1,[8 2],164,1257,1258,1093,1257
1,<environment.Job instance at 0x1541fa8b10a0>,117,3,[9 1],157,1327,1330,1170,1327
1,<environment.Job instance at 0x154232a81b40>,1,2,[2 8],3,6,8,3,6
1,<environment.Job instance at 0x154232a81320>,7,2,[ 1 10],12,13,15,1,13
1,<environment.Job instance at 0x154232a81410>,6,2,[10  2],11,16,18,5,16
1,<environment.Job instance at 0x1541fa88c960>,10,1,[7 2],16,18,19,2,18
1,<environment.Job instance at 0x1541fa88c370>,11,2,[5 2],17,19,21,2,18
1,<environment.Job instance at 0x1541fa88cf50>,9,1,[9 2],15,21,22,6,20
1,<environment.Job instance at 0x1541fa88cd70>,15,3,[6 1],24,30,33,6,30
1,<environment.Job instance at 0x154232a74aa0>,20,15,[7 1],30,33,48,3,30
1,<environment.Job instance at 0x154232a74fa0>,27,2,[2 6],38,40,42,2,40
1,<environment.Job instance at 0x154232a744b0>,28,2,[5 2],39,48,50,9,41
1,<environment.Job instance at 0x154232a74690>,30,2,[1 5],41,42,44,1,41
1,<environment.Job instance at 0x1541fa887c80>,31,12,[5 1],42,48,60,6,43
1,<environment.Job instance at 0x1541fa887d70>,33,3,[1 7],45,45,48,0,45
1,<environment.Job instance at 0x1541fa887fa0>,32,1,[10  1],43,60,61,17,45
1,<environment.Job instance at 0x154232a74370>,29,12,[ 1 10],40,61,73,21,49
1,<environment.Job instance at 0x1541fa887f00>,37,2,[1 8],51,51,53,0,51
1,<environment.Job instance at 0x1541fa887960>,39,1,[8 1],53,73,74,20,54
1,<environment.Job instance at 0x15422c361cd0>,44,16,[1 7],61,73,89,12,61
1,<environment.Job instance at 0x15422c361dc0>,45,3,[2 6],62,89,92,27,64
1,<environment.Job instance at 0x15422c3613c0>,46,17,[6 1],65,74,91,9,65
1,<environment.Job instance at 0x15422c3610f0>,47,3,[2 8],66,92,95,26,67
1,<environment.Job instance at 0x1541fa76e280>,54,3,[2 9],74,95,98,21,74
1,<environment.Job instance at 0x1541fa76e820>,57,1,[7 2],78,91,92,13,78
1,<environment.Job instance at 0x15422c361f50>,42,17,[2 7],58,98,115,40,89
1,<environment.Job instance at 0x1541fa76e730>,61,15,[7 2],82,98,113,16,89
1,<environment.Job instance at 0x1541fa885af0>,63,1,[1 8],86,115,116,29,90
1,<environment.Job instance at 0x1541fa8855f0>,64,2,[1 7],87,116,118,29,90
1,<environment.Job instance at 0x1541fa76e5f0>,62,1,[7 2],85,113,114,28,96
1,<environment.Job instance at 0x1541fa885370>,65,22,[ 1 10],88,118,140,30,111
1,<environment.Job instance at 0x1541fa885280>,66,2,[1 6],89,140,142,51,114
1,<environment.Job instance at 0x1541fa885b90>,69,3,[10  1],93,142,145,49,118
1,<environment.Job instance at 0x1541fa885500>,72,13,[2 5],97,145,158,48,135
1,<environment.Job instance at 0x154232a70960>,79,1,[10  1],109,158,159,49,137
1,<environment.Job instance at 0x154232a70d20>,83,3,[1 7],113,159,162,46,142
1,<environment.Job instance at 0x1541fa75f550>,86,2,[5 2],117,145,147,28,143
1,<environment.Job instance at 0x1541fa8e10f0>,89,2,[7 1],120,147,149,27,146
1,<environment.Job instance at 0x1541fa8c9050>,93,3,[2 5],124,149,152,25,146
1,<environment.Job instance at 0x154231bc7410>,96,15,[2 7],127,162,177,35,153
1,<environment.Job instance at 0x154232a70140>,81,2,[8 1],111,153,155,42,153
1,<environment.Job instance at 0x1541fa76ea50>,60,2,[2 5],81,155,157,74,154
1,<environment.Job instance at 0x15422c02c320>,101,3,[1 5],136,177,180,41,157
1,<environment.Job instance at 0x1541faba7190>,102,1,[8 1],137,159,160,22,159
1,<environment.Job instance at 0x1542327316e0>,104,14,[9 2],139,177,191,38,163
1,<environment.Job instance at 0x1542350156e0>,105,2,[5 2],140,165,167,25,165
1,<environment.Job instance at 0x15423035f550>,106,3,[1 5],141,180,183,39,165
1,<environment.Job instance at 0x1541fa774c80>,100,2,[2 5],133,191,193,58,165
1,<environment.Job instance at 0x15423035fe60>,107,1,[1 5],143,183,184,40,169
1,<environment.Job instance at 0x1542398d8370>,109,14,[2 8],145,193,207,48,181
1,<environment.Job instance at 0x15422c1ad370>,110,15,[8 2],146,191,206,45,182
1,<environment.Job instance at 0x154232b06780>,111,3,[1 7],148,207,210,59,190
1,<environment.Job instance at 0x154237818690>,112,3,[7 1],149,206,209,57,199
1,<environment.Job instance at 0x1541fabb0960>,113,2,[2 7],150,210,212,60,199
1,<environment.Job instance at 0x154235010e60>,116,18,[5 2],153,244,262,91,244
1,<environment.Job instance at 0x154230382af0>,118,16,[1 6],156,244,260,88,244
1,<environment.Job instance at 0x154238e95320>,119,3,[2 6],158,260,263,102,247
1,<environment.Job instance at 0x1541fa77a640>,85,17,[1 5],116,263,280,147,251
1,<environment.Job instance at 0x154232acaa50>,108,16,[8 1],144,262,278,118,255
1,<environment.Job instance at 0x15422c0c0b90>,128,17,[6 2],171,294,311,123,294
1,<environment.Job instance at 0x1541fab59be0>,0,16,[8 2],1,1,17,0,1
1,<environment.Job instance at 0x1541fab59460>,3,13,[8 1],5,17,30,12,9
1,<environment.Job instance at 0x1541fab59a00>,5,2,[2 8],7,12,14,5,12
1,<environment.Job instance at 0x1541fafedf50>,12,2,[8 1],16,30,32,14,16
1,<environment.Job instance at 0x15422c167190>,14,17,[ 2 10],18,32,49,14,20
1,<environment.Job instance at 0x154231d0a960>,22,13,[8 1],26,49,62,23,33
1,<environment.Job instance at 0x1541fa76c230>,10,1,[1 5],14,49,50,35,46
1,<environment.Job instance at 0x154231d3a6e0>,27,17,[6 2],34,68,85,34,68
1,<environment.Job instance at 0x1541fa71faf0>,28,3,[5 2],35,85,88,50,71
1,<environment.Job instance at 0x15423501b3c0>,32,1,[8 2],39,88,89,49,72
1,<environment.Job instance at 0x154239871d20>,26,3,[5 2],30,85,88,55,77
1,<environment.Job instance at 0x15423501be60>,35,3,[9 1],44,89,92,45,79
1,<environment.Job instance at 0x15423501b730>,37,2,[1 8],47,88,90,41,86
1,<environment.Job instance at 0x15423501b190>,36,14,[2 5],46,92,106,46,86
1,<environment.Job instance at 0x15423501b320>,33,12,[1 8],40,106,118,66,92
1,<environment.Job instance at 0x154238e50050>,42,2,[1 5],54,101,103,47,101
1,<environment.Job instance at 0x154238e50460>,40,2,[8 1],51,106,108,55,106
1,<environment.Job instance at 0x1541fa9ee320>,48,17,[2 9],63,166,183,103,166
1,<environment.Job instance at 0x1541faef8550>,20,16,[1 9],24,183,199,159,170
1,<environment.Job instance at 0x15422c1acbe0>,57,1,[2 5],74,199,200,125,175
1,<environment.Job instance at 0x154232abb4b0>,58,17,[ 1 10],76,248,265,172,248
1,<environment.Job instance at 0x1541fa91eaa0>,65,3,[1 6],87,329,332,242,329
1,<environment.Job instance at 0x1541fad86f00>,70,2,[10  1],97,360,362,263,360
1,<environment.Job instance at 0x1541fad86d20>,71,13,[1 8],98,383,396,285,383
1,<environment.Job instance at 0x1541fad86a00>,73,26,[5 2],102,391,417,289,391
1,<environment.Job instance at 0x154238e85d20>,75,12,[2 8],105,412,424,307,412
1,<environment.Job instance at 0x1541fad86550>,72,3,[5 1],100,423,426,323,423
1,<environment.Job instance at 0x154235006aa0>,79,18,[1 6],111,562,580,451,562
1,<environment.Job instance at 0x154235006320>,78,12,[6 1],110,568,580,458,568
1,<environment.Job instance at 0x154235006e10>,83,1,[9 1],118,580,581,462,576
1,<environment.Job instance at 0x154235006dc0>,86,18,[1 7],122,743,761,621,743
1,<environment.Job instance at 0x154235006550>,89,1,[2 5],125,761,762,636,749
1,<environment.Job instance at 0x154235006780>,90,12,[5 1],128,790,802,662,790
1,<environment.Job instance at 0x1542378183c0>,98,18,[2 9],141,882,900,741,882
1,<environment.Job instance at 0x154237818870>,99,13,[2 8],143,909,922,766,909
1,<environment.Job instance at 0x1541fa923d70>,95,3,[6 2],134,914,917,780,914
1,<environment.Job instance at 0x154237818730>,105,15,[2 7],151,944,959,793,944
1,<environment.Job instance at 0x154237818eb0>,106,2,[9 1],152,959,961,807,956
1,<environment.Job instance at 0x154237818820>,108,3,[ 1 10],155,961,964,806,961
1,<environment.Job instance at 0x154237818cd0>,104,18,[7 2],150,970,988,820,970
1,<environment.Job instance at 0x15422c2088c0>,111,13,[6 1],158,988,1001,830,975
1,<environment.Job instance at 0x15422c2080a0>,112,2,[1 9],159,988,990,829,983
1,<environment.Job instance at 0x15422c208fa0>,114,3,[5 2],162,1001,1004,839,998
1,<environment.Job instance at 0x1541fa878960>,121,13,[8 1],174,1028,1041,854,1028
1,<environment.Job instance at 0x15423502b370>,125,1,[6 1],179,1047,1048,868,1047
1,<environment.Job instance at 0x15423502baa0>,126,1,[8 1],180,1055,1056,875,1055
1,<environment.Job instance at 0x15423502bd70>,129,3,[ 2 10],186,1066,1069,880,1066
1,<environment.Job instance at 0x1542326f9c30>,0,2,[ 1 10],1,5,7,4,5
1,<environment.Job instance at 0x1542326f9f50>,3,17,[ 1 10],5,7,24,2,5
1,<environment.Job instance at 0x1542326f9aa0>,2,3,[1 9],4,24,27,20,5
1,<environment.Job instance at 0x15422c113a00>,5,2,[ 1 10],10,27,29,17,10
1,<environment.Job instance at 0x15422c0e8e10>,8,1,[1 8],13,29,30,16,14
1,<environment.Job instance at 0x15422c114e10>,9,1,[8 2],15,29,30,14,17
1,<environment.Job instance at 0x15422c114460>,12,14,[6 2],20,30,44,10,20
1,<environment.Job instance at 0x15422c114780>,17,2,[1 8],26,30,32,4,28
1,<environment.Job instance at 0x1541fa8b9af0>,21,2,[5 2],32,44,46,12,33
1,<environment.Job instance at 0x15422c0fb1e0>,23,17,[7 1],35,46,63,11,35
1,<environment.Job instance at 0x15422c05df00>,27,3,[1 9],44,46,49,2,45
1,<environment.Job instance at 0x1541faddfaa0>,29,14,[7 1],49,63,77,14,50
1,<environment.Job instance at 0x1541fae26410>,30,3,[6 2],50,77,80,27,55
1,<environment.Job instance at 0x1541fadfdaa0>,41,3,[10  2],72,80,83,8,72
1,<environment.Job instance at 0x1541fadfd280>,42,17,[6 1],73,83,100,10,75
1,<environment.Job instance at 0x15422c042d20>,45,18,[2 8],78,83,101,5,81
1,<environment.Job instance at 0x15422c0395a0>,52,2,[1 7],93,101,103,8,93
1,<environment.Job instance at 0x15422c039690>,53,2,[2 5],94,103,105,9,94
1,<environment.Job instance at 0x1541fadfd140>,36,17,[1 9],61,105,122,44,95
1,<environment.Job instance at 0x15422c039aa0>,56,2,[10  1],97,122,124,25,98
1,<environment.Job instance at 0x15422c039c80>,58,3,[2 9],100,124,127,24,104
1,<environment.Job instance at 0x15422c039d20>,59,1,[1 9],101,127,128,26,104
1,<environment.Job instance at 0x15422c039f00>,62,3,[2 5],104,128,131,24,128
1,<environment.Job instance at 0x15422c04e2d0>,66,3,[2 5],114,132,135,18,132
1,<environment.Job instance at 0x15422c04e0a0>,68,1,[2 9],117,135,136,18,133
1,<environment.Job instance at 0x15422c04e280>,65,1,[6 1],108,133,134,25,133
1,<environment.Job instance at 0x15422c04e410>,69,18,[7 2],119,166,184,47,166
1,<environment.Job instance at 0x15422c04e780>,71,2,[2 9],121,184,186,63,172
1,<environment.Job instance at 0x15422c04eaa0>,75,1,[2 5],125,180,181,55,180
1,<environment.Job instance at 0x15422c04ebe0>,77,2,[10  1],127,186,188,59,183
1,<environment.Job instance at 0x15422c04edc0>,80,1,[9 2],130,188,189,58,184
1,<environment.Job instance at 0x15422c03a370>,83,14,[8 2],135,190,204,55,190
1,<environment.Job instance at 0x15422c03a960>,92,17,[1 6],150,253,270,103,253
1,<environment.Job instance at 0x15422c03aa00>,93,17,[10  2],151,281,298,130,281
1,<environment.Job instance at 0x15422c03a0a0>,96,3,[9 1],157,298,301,141,295
1,<environment.Job instance at 0x15422c03a550>,102,2,[1 7],163,298,300,135,295
1,<environment.Job instance at 0x15422c03afa0>,103,3,[1 7],164,300,303,136,296
1,<environment.Job instance at 0x15422c03c280>,105,2,[2 5],166,303,305,137,296
1,<environment.Job instance at 0x15422c03aaa0>,94,12,[1 7],152,305,317,153,296
1,<environment.Job instance at 0x15422c03c4b0>,107,3,[8 1],168,301,304,133,296
1,<environment.Job instance at 0x15422c03c550>,109,3,[1 9],172,317,320,145,296
1,<environment.Job instance at 0x15422c03ca50>,114,3,[5 1],178,304,307,126,298
1,<environment.Job instance at 0x15422c03ce60>,119,2,[1 5],183,320,322,137,298
1,<environment.Job instance at 0x15422c03cd20>,120,1,[6 2],184,307,308,123,298
1,<environment.Job instance at 0x15422c04a410>,123,19,[5 1],188,308,327,120,307
1,<environment.Job instance at 0x15422c03c5a0>,108,1,[2 9],169,331,332,162,331
1,<environment.Job instance at 0x15422c03ac30>,97,27,[9 2],158,343,370,185,343
1,<environment.Job instance at 0x1541faf01b40>,0,3,[1 8],2,3,6,1,3
1,<environment.Job instance at 0x1541faf01140>,3,15,[2 8],5,6,21,1,5
1,<environment.Job instance at 0x154231dd82d0>,8,3,[10  2],13,21,24,8,13
1,<environment.Job instance at 0x154231dd8f50>,12,1,[1 5],21,24,25,3,21
1,<environment.Job instance at 0x154231dd8a00>,13,21,[6 2],22,24,45,2,23
1,<environment.Job instance at 0x154231dd8be0>,15,1,[8 2],25,45,46,20,28
1,<environment.Job instance at 0x154231dd8500>,17,1,[1 6],27,31,32,4,31
1,<environment.Job instance at 0x154231dd8e60>,14,16,[6 1],24,46,62,22,35
1,<environment.Job instance at 0x1541faece9b0>,23,3,[2 9],37,47,50,10,47
1,<environment.Job instance at 0x1541faecef00>,25,18,[2 8],39,51,69,12,51
1,<environment.Job instance at 0x1541faeceaa0>,26,27,[7 1],41,62,89,21,60
1,<environment.Job instance at 0x1541faecee10>,28,2,[6 2],43,89,91,46,69
1,<environment.Job instance at 0x1541faece4b0>,29,16,[6 2],45,91,107,46,78
1,<environment.Job instance at 0x1541faecec30>,30,2,[2 6],46,78,80,32,78
1,<environment.Job instance at 0x1541fa9ef0f0>,41,16,[2 6],65,88,104,23,88
1,<environment.Job instance at 0x1541fa9ef410>,42,23,[1 9],66,110,133,44,110
1,<environment.Job instance at 0x1542327abe10>,50,3,[1 6],86,133,136,47,110
1,<environment.Job instance at 0x1542327abe60>,53,2,[2 5],89,136,138,47,110
1,<environment.Job instance at 0x1542327ab190>,57,17,[10  2],95,138,155,43,134
1,<environment.Job instance at 0x1542327ab0a0>,60,2,[6 2],98,134,136,36,134
1,<environment.Job instance at 0x1542327abdc0>,61,16,[ 2 10],103,155,171,52,145
1,<environment.Job instance at 0x1541face0aa0>,67,2,[1 8],111,171,173,60,152
1,<environment.Job instance at 0x1541facfaaa0>,68,1,[8 2],113,171,172,58,152
1,<environment.Job instance at 0x154231bec4b0>,69,13,[1 9],114,173,186,59,158
1,<environment.Job instance at 0x1541faece730>,19,14,[2 7],33,199,213,166,199
1,<environment.Job instance at 0x1541faece870>,20,3,[7 1],34,200,203,166,200
1,<environment.Job instance at 0x154236f942d0>,75,3,[8 1],122,203,206,81,201
1,<environment.Job instance at 0x1541fae82e60>,74,3,[6 2],120,206,209,86,204
1,<environment.Job instance at 0x1541faece320>,24,14,[ 1 10],38,213,227,175,204
1,<environment.Job instance at 0x1541fa74e3c0>,76,1,[7 1],124,212,213,88,212
1,<environment.Job instance at 0x15422ff22dc0>,91,2,[1 8],143,227,229,84,212
1,<environment.Job instance at 0x1541faf6e780>,92,2,[ 1 10],146,229,231,83,212
1,<environment.Job instance at 0x154231ce7370>,95,13,[9 1],149,231,244,82,216
1,<environment.Job instance at 0x1542303c9e60>,96,2,[1 6],150,231,233,81,216
1,<environment.Job instance at 0x1541fa9497d0>,98,2,[8 2],153,244,246,91,235
1,<environment.Job instance at 0x1541fa9120f0>,78,15,[10  1],126,246,261,120,235
1,<environment.Job instance at 0x154238e6dbe0>,99,14,[2 8],154,261,275,107,247
1,<environment.Job instance at 0x154231c59050>,103,1,[1 9],160,275,276,115,252
1,<environment.Job instance at 0x154231c59460>,104,1,[10  2],161,276,277,115,252
1,<environment.Job instance at 0x154231c59320>,105,3,[1 7],164,277,280,113,252
1,<environment.Job instance at 0x154231c59c80>,107,15,[7 2],166,277,292,111,263
1,<environment.Job instance at 0x154231c59780>,108,2,[7 2],167,263,265,96,263
1,<environment.Job instance at 0x154231c59d70>,110,2,[1 5],169,280,282,111,265
1,<environment.Job instance at 0x154231c59aa0>,111,2,[6 1],170,265,267,95,265
1,<environment.Job instance at 0x154238e50640>,113,17,[8 1],173,292,309,119,281
1,<environment.Job instance at 0x154238e506e0>,115,2,[2 8],178,282,284,104,281
1,<environment.Job instance at 0x154238e50410>,117,2,[6 2],181,309,311,128,283
1,<environment.Job instance at 0x154238e504b0>,118,1,[2 5],182,284,285,102,283
1,<environment.Job instance at 0x154238e50870>,122,2,[5 2],189,311,313,122,284
1,<environment.Job instance at 0x1541faad05a0>,93,15,[2 9],147,333,348,186,333
1,<environment.Job instance at 0x1541fa966140>,89,16,[7 1],141,336,352,195,336
1,<environment.Job instance at 0x1541fa9b4050>,1,3,[2 8],3,3,6,0,3
1,<environment.Job instance at 0x15422c13d3c0>,0,2,[ 2 10],2,6,8,4,5
1,<environment.Job instance at 0x1541fa966140>,3,2,[5 1],5,8,10,3,5
1,<environment.Job instance at 0x1541fa95d320>,6,12,[1 7],9,10,22,1,10
1,<environment.Job instance at 0x1541fa95dd20>,8,2,[2 7],11,22,24,11,12
1,<environment.Job instance at 0x1541fa95d190>,13,2,[6 2],17,17,19,0,17
1,<environment.Job instance at 0x1541fa95d8c0>,14,2,[10  2],19,24,26,5,19
1,<environment.Job instance at 0x1541fa95db90>,16,3,[8 1],24,26,29,2,24
1,<environment.Job instance at 0x1541fa95d230>,15,2,[2 7],23,26,28,3,24
1,<environment.Job instance at 0x1541fab55eb0>,19,2,[8 1],30,30,32,0,30
1,<environment.Job instance at 0x1541fa95d960>,9,23,[2 9],12,31,54,19,31
1,<environment.Job instance at 0x1541fab55af0>,20,3,[2 7],31,54,57,23,33
1,<environment.Job instance at 0x1541fab55190>,25,2,[9 1],39,57,59,18,39
1,<environment.Job instance at 0x1541fac5ddc0>,28,3,[10  1],42,59,62,17,42
1,<environment.Job instance at 0x1541fafca2d0>,38,3,[1 7],57,62,65,5,57
1,<environment.Job instance at 0x1541faf6edc0>,39,1,[2 9],58,65,66,7,58
1,<environment.Job instance at 0x1541faf6eaf0>,43,14,[2 9],68,68,82,0,68
1,<environment.Job instance at 0x1541faf6e3c0>,44,2,[6 2],69,82,84,13,70
1,<environment.Job instance at 0x1542371b5690>,46,26,[ 2 10],71,84,110,13,81
1,<environment.Job instance at 0x154231739910>,49,1,[9 2],77,110,111,33,86
1,<environment.Job instance at 0x154238e8d550>,59,2,[1 8],91,110,112,19,92
1,<environment.Job instance at 0x15423794ba00>,64,2,[9 1],96,111,113,15,100
1,<environment.Job instance at 0x1541fa8d2410>,62,1,[5 1],94,113,114,19,104
1,<environment.Job instance at 0x154231e52280>,69,1,[10  1],102,114,115,12,104
1,<environment.Job instance at 0x154232798d20>,75,17,[1 9],111,115,132,4,111
1,<environment.Job instance at 0x1542327982d0>,80,14,[9 1],116,171,185,55,171
1,<environment.Job instance at 0x154232798dc0>,78,18,[2 9],114,212,230,98,212
1,<environment.Job instance at 0x1541fae94d70>,84,2,[2 7],122,230,232,108,217
1,<environment.Job instance at 0x154231e520a0>,73,17,[2 6],108,232,249,124,228
1,<environment.Job instance at 0x1542378df050>,95,12,[1 9],141,266,278,125,266
1,<environment.Job instance at 0x154231b78550>,97,12,[1 5],143,279,291,136,279
1,<environment.Job instance at 0x154231bc75f0>,108,14,[1 5],156,297,311,141,297
1,<environment.Job instance at 0x15422c14b780>,112,12,[1 9],162,311,323,149,307
1,<environment.Job instance at 0x1541fa775690>,114,21,[2 7],164,325,346,161,325
1,<environment.Job instance at 0x1542306d4230>,116,3,[1 7],166,346,349,180,326
1,<environment.Job instance at 0x1541fae57500>,118,2,[7 1],168,326,328,158,326
1,<environment.Job instance at 0x1541fae57b40>,120,27,[2 7],170,352,379,182,352
1,<environment.Job instance at 0x154233391320>,126,16,[2 7],180,383,399,203,383
1,<environment.Job instance at 0x1542378df1e0>,90,18,[ 2 10],134,399,417,265,389
1,<environment.Job instance at 0x15422c0c9a00>,4,3,[8 1],5,5,8,0,5
1,<environment.Job instance at 0x154231bc2be0>,7,3,[9 2],10,10,13,0,10
1,<environment.Job instance at 0x154231bb6320>,11,2,[1 9],15,17,19,2,17
1,<environment.Job instance at 0x154231bb6370>,12,3,[ 2 10],16,19,22,3,17
1,<environment.Job instance at 0x154231bb67d0>,14,2,[2 8],18,22,24,4,18
1,<environment.Job instance at 0x154231bb6a50>,16,2,[7 1],20,22,24,2,21
1,<environment.Job instance at 0x154231bb6910>,15,2,[1 8],19,24,26,5,21
1,<environment.Job instance at 0x154231bac370>,22,3,[6 2],27,28,31,1,28
1,<environment.Job instance at 0x154231bac0f0>,23,3,[1 9],28,33,36,5,33
1,<environment.Job instance at 0x154231bacaa0>,29,1,[ 1 10],38,39,40,1,39
1,<environment.Job instance at 0x154231bc9320>,35,13,[1 5],45,46,59,1,46
1,<environment.Job instance at 0x154231bc95a0>,39,1,[10  2],49,59,60,10,57
1,<environment.Job instance at 0x154231bc96e0>,41,3,[10  2],55,62,65,7,62
1,<environment.Job instance at 0x154231bc9870>,42,13,[9 1],56,67,80,11,67
1,<environment.Job instance at 0x1542304057d0>,52,13,[2 5],72,80,93,8,72
1,<environment.Job instance at 0x154231bc9a50>,47,13,[2 5],62,80,93,18,74
1,<environment.Job instance at 0x154230405fa0>,59,3,[6 1],79,93,96,14,79
1,<environment.Job instance at 0x1542303e02d0>,60,3,[9 1],80,96,99,16,82
1,<environment.Job instance at 0x1542303e0140>,61,3,[2 9],81,93,96,12,85
1,<environment.Job instance at 0x1542303e05f0>,63,1,[10  2],85,99,100,14,85
1,<environment.Job instance at 0x1542303e0d20>,69,1,[ 1 10],93,100,101,7,93
1,<environment.Job instance at 0x1542303e0a00>,70,16,[8 1],95,101,117,6,95
1,<environment.Job instance at 0x1542303e07d0>,65,3,[1 8],87,96,99,9,96
1,<environment.Job instance at 0x1542303e0aa0>,68,2,[2 8],92,101,103,9,98
1,<environment.Job instance at 0x15422c155eb0>,74,3,[5 1],99,117,120,18,106
1,<environment.Job instance at 0x154231bd07d0>,76,2,[6 2],105,120,122,15,106
1,<environment.Job instance at 0x154231bd0730>,77,12,[2 8],106,106,118,0,106
1,<environment.Job instance at 0x154231b9c640>,79,18,[ 1 10],110,122,140,12,112
1,<environment.Job instance at 0x154231b9c5a0>,84,1,[10  1],115,140,141,25,121
1,<environment.Job instance at 0x15422c279640>,92,12,[2 8],127,156,168,29,156
1,<environment.Job instance at 0x1542378a6910>,94,3,[1 6],130,168,171,38,162
1,<environment.Job instance at 0x154231cda190>,95,3,[1 9],131,171,174,40,162
1,<environment.Job instance at 0x15422c274870>,99,3,[2 7],140,177,180,37,177
1,<environment.Job instance at 0x154231cda910>,96,2,[7 2],132,178,180,46,178
1,<environment.Job instance at 0x15422c274f00>,101,3,[2 5],144,180,183,36,180
1,<environment.Job instance at 0x15422c274050>,100,3,[6 2],142,183,186,41,183
1,<environment.Job instance at 0x154231cd24b0>,103,1,[2 6],147,220,221,73,220
1,<environment.Job instance at 0x154231cd25f0>,107,2,[7 2],152,244,246,92,244
1,<environment.Job instance at 0x1541fad72140>,112,3,[5 1],159,246,249,87,244
1,<environment.Job instance at 0x154231ceb5a0>,115,3,[6 2],163,249,252,86,244
1,<environment.Job instance at 0x154231cebb40>,116,18,[1 7],164,248,266,84,248
1,<environment.Job instance at 0x154231ce0c30>,123,3,[6 1],173,252,255,79,249
1,<environment.Job instance at 0x15422c295b90>,124,16,[6 2],174,255,271,81,249
1,<environment.Job instance at 0x1542378bb820>,126,3,[1 6],177,266,269,89,250
1,<environment.Job instance at 0x154231d10910>,129,1,[ 2 10],181,271,272,90,251
1,<environment.Job instance at 0x1541fab66e60>,133,1,[2 8],185,269,270,84,255
1,<environment.Job instance at 0x1541fab66b40>,134,3,[2 7],186,272,275,86,255
1,<environment.Job instance at 0x154231cd4cd0>,136,13,[2 7],188,275,288,87,260
1,<environment.Job instance at 0x154231cd4c30>,137,2,[8 1],189,272,274,83,262
1,<environment.Job instance at 0x154231cd2a00>,102,21,[1 9],145,288,309,143,281
1,<environment.Job instance at 0x1542303eb0f0>,2,18,[8 2],3,7,25,4,7
1,<environment.Job instance at 0x154231ba07d0>,6,3,[9 1],8,25,28,17,10
1,<environment.Job instance at 0x154231ba0eb0>,9,1,[7 1],11,28,29,17,11
1,<environment.Job instance at 0x154231ba06e0>,11,3,[10  1],15,29,32,14,16
1,<environment.Job instance at 0x154231bd0c30>,15,12,[5 1],23,32,44,9,26
1,<environment.Job instance at 0x154231bd05f0>,18,18,[1 9],28,32,50,4,30
1,<environment.Job instance at 0x1541fab4edc0>,20,3,[1 9],31,50,53,19,32
1,<environment.Job instance at 0x1541fab4e960>,22,1,[10  2],35,53,54,18,35
1,<environment.Job instance at 0x1541fab4ec30>,25,1,[1 6],38,54,55,16,48
1,<environment.Job instance at 0x1541fab4ed20>,26,1,[2 7],39,55,56,16,49
1,<environment.Job instance at 0x1541fab4e870>,33,1,[10  1],47,56,57,9,52
1,<environment.Job instance at 0x154231baaaa0>,36,3,[ 1 10],50,57,60,7,53
1,<environment.Job instance at 0x154231baa550>,37,17,[1 7],51,60,77,9,55
1,<environment.Job instance at 0x154231b98a00>,39,3,[1 7],56,77,80,21,56
1,<environment.Job instance at 0x154231b98370>,41,22,[5 2],59,60,82,1,59
1,<environment.Job instance at 0x154231b984b0>,46,13,[6 1],67,82,95,15,72
1,<environment.Job instance at 0x154231bc40a0>,49,13,[9 2],70,95,108,25,80
1,<environment.Job instance at 0x154231bc4280>,53,17,[1 8],75,80,97,5,80
1,<environment.Job instance at 0x154231bc49b0>,55,25,[7 2],78,108,133,30,106
1,<environment.Job instance at 0x154231cfeb40>,58,3,[1 6],81,107,110,26,107
1,<environment.Job instance at 0x1541fab4e820>,21,22,[1 7],32,174,196,142,174
1,<environment.Job instance at 0x154231cfe230>,60,2,[ 1 10],83,196,198,113,175
1,<environment.Job instance at 0x154231cfe7d0>,63,14,[1 8],87,198,212,111,193
1,<environment.Job instance at 0x154231cfea50>,64,3,[7 2],88,218,221,130,218
1,<environment.Job instance at 0x1541fab4e410>,19,2,[5 1],29,233,235,204,233
1,<environment.Job instance at 0x154231cdaa00>,71,17,[1 9],98,299,316,201,299
1,<environment.Job instance at 0x154231cda5a0>,77,1,[1 6],107,316,317,209,313
1,<environment.Job instance at 0x154231cda8c0>,74,3,[8 2],103,316,319,213,315
1,<environment.Job instance at 0x154231cda6e0>,76,3,[2 5],106,317,320,211,315
1,<environment.Job instance at 0x154237899cd0>,86,2,[6 1],116,319,321,203,315
1,<environment.Job instance at 0x154237899c30>,83,2,[ 1 10],113,321,323,208,315
1,<environment.Job instance at 0x1542378993c0>,88,3,[1 7],118,323,326,205,315
1,<environment.Job instance at 0x1542378991e0>,92,12,[ 1 10],126,326,338,200,315
1,<environment.Job instance at 0x154237899500>,93,1,[ 2 10],127,338,339,211,315
1,<environment.Job instance at 0x154237899460>,96,2,[1 5],132,339,341,207,317
1,<environment.Job instance at 0x154237899280>,101,1,[10  1],138,341,342,203,317
1,<environment.Job instance at 0x154231cdd8c0>,103,3,[6 1],141,323,326,182,317
1,<environment.Job instance at 0x154231cdd460>,104,2,[8 2],143,339,341,196,317
1,<environment.Job instance at 0x154231cddf50>,106,2,[7 2],146,342,344,196,317
1,<environment.Job instance at 0x154237899d20>,87,3,[2 8],117,342,345,225,321
1,<environment.Job instance at 0x154231d2cfa0>,108,2,[6 2],150,344,346,194,322
1,<environment.Job instance at 0x154231d0feb0>,110,2,[8 2],152,346,348,194,322
1,<environment.Job instance at 0x154231d0faa0>,114,2,[7 1],158,348,350,190,324
1,<environment.Job instance at 0x1541faf89230>,117,3,[10  1],162,350,353,188,325
1,<environment.Job instance at 0x1541faf99190>,118,2,[5 1],164,353,355,189,326
1,<environment.Job instance at 0x154231b9cfa0>,120,1,[10  2],168,355,356,187,336
1,<environment.Job instance at 0x154237899a00>,91,14,[2 7],123,356,370,233,343
1,<environment.Job instance at 0x154231d0f690>,109,3,[10  2],151,370,373,219,344
1,<environment.Job instance at 0x1542378999b0>,84,13,[6 1],114,356,369,242,353
1,<environment.Job instance at 0x1541fab41870>,126,12,[9 1],177,411,423,234,411
1,<environment.Job instance at 0x154231e08e10>,129,15,[ 2 10],181,445,460,264,445
1,<environment.Job instance at 0x1542378bfe10>,128,17,[2 7],180,674,691,494,674
1,<environment.Job instance at 0x154237980f00>,132,15,[2 6],186,691,706,505,684
1,<environment.Job instance at 0x1541fae4da50>,133,12,[2 6],187,756,768,569,756
1,<environment.Job instance at 0x15422c22daf0>,123,3,[9 2],173,780,783,607,780
1,<environment.Job instance at 0x154231e7b7d0>,7,3,[8 2],10,12,15,2,12
1,<environment.Job instance at 0x154231e7bb40>,8,2,[8 1],13,15,17,2,13
1,<environment.Job instance at 0x154231e66be0>,10,3,[1 9],16,21,24,5,21
1,<environment.Job instance at 0x154231e8ffa0>,14,3,[1 6],23,24,27,1,24
1,<environment.Job instance at 0x154231e8f370>,15,13,[2 9],25,27,40,2,25
1,<environment.Job instance at 0x154231e8f9b0>,18,1,[2 8],28,40,41,12,30
1,<environment.Job instance at 0x1542378ef960>,22,1,[6 2],32,40,41,8,32
1,<environment.Job instance at 0x154236f4a320>,25,20,[6 1],35,41,61,6,35
1,<environment.Job instance at 0x154231b65a00>,28,3,[2 8],39,41,44,2,41
1,<environment.Job instance at 0x154236f4ae10>,26,3,[2 9],37,44,47,7,42
1,<environment.Job instance at 0x154231b65f00>,32,1,[6 1],44,61,62,17,44
1,<environment.Job instance at 0x154231b6e7d0>,34,3,[2 8],48,48,51,0,48
1,<environment.Job instance at 0x154231b6e140>,36,25,[ 1 10],51,62,87,11,61
1,<environment.Job instance at 0x154231b52cd0>,40,2,[8 1],57,87,89,30,61
1,<environment.Job instance at 0x154231b52c30>,44,3,[1 9],61,87,90,26,62
1,<environment.Job instance at 0x154236f56c30>,47,2,[8 1],67,89,91,22,68
1,<environment.Job instance at 0x154236f5bd20>,50,1,[9 2],74,91,92,17,74
1,<environment.Job instance at 0x154236f61e60>,53,3,[6 2],78,92,95,14,80
1,<environment.Job instance at 0x154236f5bdc0>,54,1,[5 2],80,95,96,15,80
1,<environment.Job instance at 0x154236f36be0>,55,17,[2 7],83,92,109,9,83
1,<environment.Job instance at 0x1541fadc22d0>,59,1,[1 9],88,109,110,21,93
1,<environment.Job instance at 0x1541fadc2960>,60,3,[7 1],90,96,99,6,93
1,<environment.Job instance at 0x1541fadc28c0>,61,17,[8 1],92,99,116,7,94
1,<environment.Job instance at 0x154231b7a0a0>,62,16,[1 8],93,110,126,17,97
1,<environment.Job instance at 0x154231b7a460>,64,16,[1 8],96,126,142,30,115
1,<environment.Job instance at 0x154231b7a910>,67,2,[8 2],101,132,134,31,132
1,<environment.Job instance at 0x1541fac520f0>,20,26,[1 7],30,147,173,117,147
1,<environment.Job instance at 0x154231b7a960>,66,3,[6 1],100,147,150,47,147
1,<environment.Job instance at 0x154231b7aeb0>,75,3,[7 2],110,151,154,41,151
1,<environment.Job instance at 0x154231b77280>,81,3,[1 6],117,173,176,56,157
1,<environment.Job instance at 0x154231b77460>,84,14,[6 1],120,157,171,37,157
1,<environment.Job instance at 0x154231b773c0>,82,2,[2 7],118,176,178,58,157
1,<environment.Job instance at 0x154231b77a50>,90,2,[2 7],132,178,180,46,157
1,<environment.Job instance at 0x154231b77aa0>,92,2,[2 5],135,180,182,45,158
1,<environment.Job instance at 0x154231b77f00>,93,2,[1 6],136,182,184,46,159
1,<environment.Job instance at 0x154231b77c80>,94,12,[ 1 10],138,184,196,46,167
1,<environment.Job instance at 0x154231b77910>,89,3,[1 8],130,209,212,79,209
1,<environment.Job instance at 0x154231b7d4b0>,102,3,[2 5],148,212,215,64,211
1,<environment.Job instance at 0x154231b7d6e0>,103,3,[9 1],150,215,218,65,215
1,<environment.Job instance at 0x154231b7ac80>,72,26,[1 6],106,246,272,140,246
1,<environment.Job instance at 0x154231b7d780>,104,2,[8 2],151,258,260,107,258
1,<environment.Job instance at 0x154231b55e60>,111,1,[2 7],159,312,313,153,312
1,<environment.Job instance at 0x154231b601e0>,114,21,[5 1],164,343,364,179,343
1,<environment.Job instance at 0x154231b603c0>,116,1,[9 2],166,364,365,198,348
1,<environment.Job instance at 0x154231b607d0>,118,3,[7 2],170,462,465,292,462
1,<environment.Job instance at 0x154231b60f50>,126,15,[6 2],187,621,636,434,621
1,<environment.Job instance at 0x1542306db6e0>,1,2,[7 2],2,2,4,0,2
1,<environment.Job instance at 0x154231b7aaa0>,4,2,[6 2],6,6,8,0,6
1,<environment.Job instance at 0x1541fad0ea50>,9,1,[7 2],14,15,16,1,15
1,<environment.Job instance at 0x1541fad0e640>,14,3,[5 2],22,22,25,0,22
1,<environment.Job instance at 0x1541fad0ebe0>,8,20,[1 9],12,25,45,13,23
1,<environment.Job instance at 0x1541fad0eaf0>,15,3,[2 8],23,45,48,22,24
1,<environment.Job instance at 0x1541fad0e8c0>,16,1,[2 8],25,48,49,23,28
1,<environment.Job instance at 0x154237851460>,20,3,[6 1],29,29,32,0,29
1,<environment.Job instance at 0x154237851f00>,24,25,[2 7],37,104,129,67,104
1,<environment.Job instance at 0x154237851910>,25,3,[1 7],39,129,132,90,109
1,<environment.Job instance at 0x1541fa9ddaf0>,33,1,[1 7],50,132,133,82,111
1,<environment.Job instance at 0x154236efbf50>,46,3,[6 1],70,126,129,56,126
1,<environment.Job instance at 0x1541fa9dde10>,34,1,[1 7],53,133,134,80,126
1,<environment.Job instance at 0x154236efb500>,49,15,[8 1],77,129,144,52,126
1,<environment.Job instance at 0x154236efb6e0>,50,3,[1 7],79,134,137,55,126
1,<environment.Job instance at 0x154236efb820>,54,3,[1 6],86,137,140,51,129
1,<environment.Job instance at 0x1541fa7d9050>,58,17,[5 1],94,144,161,50,132
1,<environment.Job instance at 0x1541fa7d91e0>,59,2,[1 5],96,140,142,44,132
1,<environment.Job instance at 0x1541fa7d9d20>,61,16,[2 6],101,142,158,41,132
1,<environment.Job instance at 0x1541fa7d9370>,63,1,[10  2],104,161,162,57,134
1,<environment.Job instance at 0x15422c186320>,69,2,[2 7],115,158,160,43,149
1,<environment.Job instance at 0x154236efb5a0>,53,15,[7 1],84,162,177,78,155
1,<environment.Job instance at 0x154236f3da00>,81,13,[6 1],131,178,191,47,178
1,<environment.Job instance at 0x154232810730>,86,2,[6 2],139,191,193,52,179
1,<environment.Job instance at 0x1541fab86f00>,74,13,[1 7],124,180,193,56,180
1,<environment.Job instance at 0x1542328109b0>,88,3,[7 1],141,193,196,52,180
1,<environment.Job instance at 0x154232810eb0>,91,2,[5 1],146,196,198,50,184
1,<environment.Job instance at 0x1541fab78dc0>,94,18,[2 5],149,193,211,44,187
1,<environment.Job instance at 0x154232810820>,89,3,[1 7],143,211,214,68,190
1,<environment.Job instance at 0x1542328379b0>,101,3,[2 6],159,214,217,55,206
1,<environment.Job instance at 0x154232837c30>,102,18,[2 9],160,217,235,57,215
1,<environment.Job instance at 0x15422c2cbf50>,97,15,[2 6],153,235,250,82,221
1,<environment.Job instance at 0x1542328296e0>,111,1,[5 1],171,223,224,52,223
1,<environment.Job instance at 0x1541fab80820>,118,3,[1 8],180,250,253,70,224
1,<environment.Job instance at 0x1541fab80c80>,119,1,[7 2],181,235,236,54,224
1,<environment.Job instance at 0x1541fab80640>,120,15,[9 2],183,250,265,67,236
1,<environment.Job instance at 0x1541fab805a0>,123,1,[10  2],186,265,266,79,248
1,<environment.Job instance at 0x1541fab78eb0>,117,15,[8 1],179,266,281,87,254
1,<environment.Job instance at 0x154230464280>,2,14,[1 9],4,4,18,0,4
1,<environment.Job instance at 0x154230464050>,1,18,[6 2],3,18,36,15,9
1,<environment.Job instance at 0x154230464a00>,5,3,[6 1],10,11,14,1,11
1,<environment.Job instance at 0x154230464550>,8,2,[8 1],16,36,38,20,18
1,<environment.Job instance at 0x1541fa81c7d0>,7,1,[1 8],12,19,20,7,19
1,<environment.Job instance at 0x1541fa81c280>,10,2,[ 1 10],18,38,40,20,21
1,<environment.Job instance at 0x1541fa81cb40>,13,19,[2 7],21,40,59,19,37
1,<environment.Job instance at 0x1541fa81cd70>,19,2,[10  2],28,59,61,31,37
1,<environment.Job instance at 0x1541fa81cdc0>,20,3,[10  1],31,61,64,30,49
1,<environment.Job instance at 0x1541fa81c780>,22,2,[2 5],33,64,66,31,49
1,<environment.Job instance at 0x1541fa81caa0>,21,16,[ 1 10],32,66,82,34,57
1,<environment.Job instance at 0x15422c25c5a0>,29,17,[2 8],45,82,99,37,72
1,<environment.Job instance at 0x1541fa9ab9b0>,35,18,[7 2],53,83,101,30,83
1,<environment.Job instance at 0x15422c2b3640>,36,3,[2 5],56,99,102,43,83
1,<environment.Job instance at 0x15422c2b3370>,37,13,[1 8],57,102,115,45,95
1,<environment.Job instance at 0x15422c2b37d0>,43,15,[7 1],67,101,116,34,95
1,<environment.Job instance at 0x15422ff119b0>,52,2,[10  2],86,132,134,46,132
1,<environment.Job instance at 0x15422ff11c30>,53,3,[2 9],87,134,137,47,133
1,<environment.Job instance at 0x15422ff11280>,51,3,[2 7],84,137,140,53,133
1,<environment.Job instance at 0x154237972e10>,61,2,[1 9],96,140,142,44,140
1,<environment.Job instance at 0x15422ff11e60>,54,2,[2 7],88,144,146,56,144
1,<environment.Job instance at 0x1542398cdb90>,69,3,[9 2],107,152,155,45,152
1,<environment.Job instance at 0x154232b3e820>,67,3,[ 2 10],104,155,158,51,152
1,<environment.Job instance at 0x1541fa806b90>,73,15,[ 1 10],116,160,175,44,160
1,<environment.Job instance at 0x1541faec8eb0>,83,1,[1 9],130,175,176,45,171
1,<environment.Job instance at 0x15422c31c190>,86,2,[10  1],136,176,178,40,172
1,<environment.Job instance at 0x15422c31c2d0>,88,14,[7 1],138,178,192,40,173
1,<environment.Job instance at 0x1541fa8e1b90>,89,13,[5 2],139,192,205,53,177
1,<environment.Job instance at 0x1541faafa550>,95,14,[1 7],148,193,207,45,193
1,<environment.Job instance at 0x1541faafac80>,96,15,[8 2],149,205,220,56,197
1,<environment.Job instance at 0x15422c042230>,100,3,[1 9],154,220,223,66,207
1,<environment.Job instance at 0x15422c042cd0>,99,3,[1 5],153,207,210,54,207
1,<environment.Job instance at 0x15422c042460>,104,3,[1 6],158,210,213,52,207
1,<environment.Job instance at 0x15422c04a780>,106,1,[2 5],163,213,214,50,207
1,<environment.Job instance at 0x15422c04a730>,107,19,[1 8],164,223,242,59,215
1,<environment.Job instance at 0x154231c7ed20>,113,13,[6 1],172,222,235,50,222
1,<environment.Job instance at 0x1541faeca0a0>,120,22,[1 5],181,242,264,61,236
1,<environment.Job instance at 0x154231e1ec30>,122,18,[8 1],188,236,254,48,236
1,<environment.Job instance at 0x154235010f50>,119,19,[2 8],180,333,352,153,333
1,<environment.Job instance at 0x154232839eb0>,71,18,[6 1],111,333,351,222,333
1,<environment.Job instance at 0x154237818cd0>,2,1,[2 6],4,9,10,5,9
1,<environment.Job instance at 0x15422c04ae60>,5,15,[5 1],10,10,25,0,10
1,<environment.Job instance at 0x15422c04ab40>,9,2,[5 1],17,20,22,3,20
1,<environment.Job instance at 0x154236efbb40>,14,16,[9 1],23,25,41,2,24
1,<environment.Job instance at 0x154236efbc30>,16,2,[7 2],26,41,43,15,27
1,<environment.Job instance at 0x154236efb500>,17,2,[2 7],28,41,43,13,30
1,<environment.Job instance at 0x154236efb6e0>,18,3,[2 7],30,43,46,13,31
1,<environment.Job instance at 0x154236efb140>,19,2,[1 8],31,31,33,0,31
1,<environment.Job instance at 0x1541faf74910>,20,1,[2 6],32,46,47,14,33
1,<environment.Job instance at 0x1541faf74b90>,21,14,[ 1 10],33,47,61,14,45
1,<environment.Job instance at 0x1541faf74e10>,26,2,[10  2],41,61,63,20,46
1,<environment.Job instance at 0x1541faf741e0>,27,2,[6 2],42,63,65,21,46
1,<environment.Job instance at 0x154231c9faf0>,33,14,[5 2],53,65,79,12,53
1,<environment.Job instance at 0x154231c9f7d0>,32,18,[5 1],48,65,83,17,54
1,<environment.Job instance at 0x154231c9f8c0>,35,2,[2 5],55,63,65,8,55
1,<environment.Job instance at 0x1542306d4870>,40,2,[ 1 10],62,83,85,21,64
1,<environment.Job instance at 0x1542306d43c0>,41,2,[2 7],65,79,81,14,65
1,<environment.Job instance at 0x1542306d4f50>,42,13,[10  1],67,85,98,18,71
1,<environment.Job instance at 0x1541faefee60>,45,16,[10  2],74,98,114,24,89
1,<environment.Job instance at 0x1541faefea50>,47,1,[7 2],77,114,115,37,89
1,<environment.Job instance at 0x1541faefe190>,49,2,[2 6],81,114,116,33,91
1,<environment.Job instance at 0x1541faefef50>,50,2,[5 1],82,115,117,33,91
1,<environment.Job instance at 0x1541faefe140>,53,12,[2 7],86,116,128,30,99
1,<environment.Job instance at 0x1541faefe690>,54,2,[6 2],87,117,119,30,99
1,<environment.Job instance at 0x154236f61370>,57,1,[7 1],90,119,120,29,99
1,<environment.Job instance at 0x1541faf74280>,24,2,[5 2],39,127,129,88,127
1,<environment.Job instance at 0x1542378dae60>,72,12,[8 2],110,129,141,19,129
1,<environment.Job instance at 0x1541fa8872d0>,73,16,[2 5],111,129,145,18,129
1,<environment.Job instance at 0x1541faa5e960>,76,14,[2 7],114,145,159,31,132
1,<environment.Job instance at 0x15423987a140>,79,2,[1 7],119,159,161,40,145
1,<environment.Job instance at 0x1542378dafa0>,67,3,[5 2],105,147,150,42,147
1,<environment.Job instance at 0x15422c074b40>,80,3,[2 6],120,161,164,41,147
1,<environment.Job instance at 0x15422c31c4b0>,62,2,[ 2 10],96,164,166,68,147
1,<environment.Job instance at 0x15423044bd20>,82,13,[2 5],122,166,179,44,150
1,<environment.Job instance at 0x1541fa9b22d0>,87,14,[ 2 10],128,185,199,57,185
1,<environment.Job instance at 0x1541fa9b2c30>,88,12,[1 6],129,199,211,70,193
1,<environment.Job instance at 0x1541faa38190>,89,3,[2 7],131,211,214,80,193
1,<environment.Job instance at 0x1541faa38aa0>,91,2,[2 9],133,214,216,81,195
1,<environment.Job instance at 0x15423270c730>,83,2,[9 1],123,199,201,76,199
1,<environment.Job instance at 0x1541faa38460>,90,17,[1 5],132,216,233,84,210
1,<environment.Job instance at 0x15423781caa0>,95,1,[7 1],138,236,237,98,236
1,<environment.Job instance at 0x15423781c8c0>,96,17,[10  1],139,247,264,108,247
1,<environment.Job instance at 0x154238e3bb90>,99,1,[1 6],144,264,265,120,256
1,<environment.Job instance at 0x1541fa9a29b0>,100,3,[6 1],146,264,267,118,256
1,<environment.Job instance at 0x154231dd8410>,101,1,[9 1],148,267,268,119,257
1,<environment.Job instance at 0x1541fa8aa5a0>,102,3,[5 2],149,268,271,119,258
1,<environment.Job instance at 0x1541fa8aa0f0>,103,2,[2 5],150,265,267,115,262
1,<environment.Job instance at 0x154231dd8820>,105,2,[1 9],152,278,280,126,278
1,<environment.Job instance at 0x1542328109b0>,107,17,[1 5],154,308,325,154,308
1,<environment.Job instance at 0x1541fa9eea50>,98,14,[1 8],143,325,339,182,316
1,<environment.Job instance at 0x1541facc0190>,108,1,[9 1],156,317,318,161,317
1,<environment.Job instance at 0x15423781cf00>,94,18,[2 8],137,339,357,202,336
1,<environment.Job instance at 0x1541faec25f0>,112,1,[10  1],163,357,358,194,337
1,<environment.Job instance at 0x1541faec21e0>,115,3,[5 1],168,349,352,181,349
1,<environment.Job instance at 0x1541facc0690>,109,1,[8 1],158,352,353,194,350
1,<environment.Job instance at 0x1541faec2550>,116,1,[1 6],169,358,359,189,355
1,<environment.Job instance at 0x1541faec2500>,123,18,[2 6],179,449,467,270,449
1,<environment.Job instance at 0x1541faec2a50>,127,17,[2 6],184,702,719,518,702
1,<environment.Job instance at 0x1541faec2960>,117,16,[1 8],170,816,832,646,816
1,<environment.Job instance at 0x15216baf3230>,3,1,[6 2],4,7,8,3,7
1,<environment.Job instance at 0x1521625b8f50>,4,2,[7 2],5,8,10,3,8
1,<environment.Job instance at 0x1521625f6b90>,8,13,[6 1],9,10,23,1,9
1,<environment.Job instance at 0x152162614280>,7,1,[2 6],8,9,10,1,9
1,<environment.Job instance at 0x1521625b9c30>,10,13,[2 8],12,12,25,0,12
1,<environment.Job instance at 0x15216a972c30>,17,17,[6 1],23,23,40,0,23
1,<environment.Job instance at 0x152162615550>,12,3,[1 8],14,25,28,11,25
1,<environment.Job instance at 0x1521625080a0>,19,3,[6 2],26,40,43,14,28
1,<environment.Job instance at 0x1521625035a0>,24,12,[ 1 10],32,43,55,11,32
1,<environment.Job instance at 0x1521620993c0>,27,2,[2 7],36,36,38,0,36
1,<environment.Job instance at 0x152162099280>,26,1,[2 7],35,38,39,3,37
1,<environment.Job instance at 0x152162098fa0>,30,15,[2 9],40,87,102,47,87
1,<environment.Job instance at 0x152162094c80>,36,3,[10  2],48,102,105,54,87
1,<environment.Job instance at 0x152162094370>,38,1,[8 1],51,87,88,36,87
1,<environment.Job instance at 0x1521620942d0>,40,3,[1 6],53,105,108,52,90
1,<environment.Job instance at 0x152162094190>,39,3,[1 5],52,108,111,56,90
1,<environment.Job instance at 0x152162093eb0>,42,1,[10  1],56,111,112,55,96
1,<environment.Job instance at 0x1521620930f0>,44,3,[1 8],58,112,115,54,99
1,<environment.Job instance at 0x152162093690>,45,3,[2 8],60,115,118,55,100
1,<environment.Job instance at 0x152162093f50>,43,3,[7 2],57,105,108,48,100
1,<environment.Job instance at 0x152162093c80>,52,2,[1 7],72,118,120,46,106
1,<environment.Job instance at 0x152162093af0>,53,3,[6 1],73,117,120,44,117
1,<environment.Job instance at 0x152162095aa0>,57,22,[1 5],80,133,155,53,133
1,<environment.Job instance at 0x1521620937d0>,48,1,[2 9],65,155,156,90,150
1,<environment.Job instance at 0x152162095e10>,58,15,[2 9],82,192,207,110,192
1,<environment.Job instance at 0x1521620a14b0>,59,1,[1 9],85,207,208,122,199
1,<environment.Job instance at 0x15216258bcd0>,64,12,[9 1],91,218,230,127,218
1,<environment.Job instance at 0x1521620a9320>,69,1,[2 5],96,230,231,134,229
1,<environment.Job instance at 0x1521625795f0>,74,3,[6 2],106,241,244,135,241
1,<environment.Job instance at 0x1521620cd730>,72,13,[7 2],102,245,258,143,245
1,<environment.Job instance at 0x152162579be0>,78,3,[2 9],110,258,261,148,253
1,<environment.Job instance at 0x15216256edc0>,82,12,[2 8],115,261,273,146,258
1,<environment.Job instance at 0x15216256ecd0>,84,2,[ 1 10],118,273,275,155,268
1,<environment.Job instance at 0x152162579b40>,76,2,[2 5],108,275,277,167,268
1,<environment.Job instance at 0x152162090d70>,89,2,[1 9],126,277,279,151,274
1,<environment.Job instance at 0x152162090be0>,90,1,[2 7],127,279,280,152,278
1,<environment.Job instance at 0x152162501140>,97,15,[10  2],135,292,307,157,292
1,<environment.Job instance at 0x1521625afaa0>,100,17,[1 9],139,479,496,340,479
1,<environment.Job instance at 0x1521620901e0>,92,15,[7 1],129,479,494,350,479
1,<environment.Job instance at 0x152162833780>,110,3,[ 2 10],152,496,499,344,491
1,<environment.Job instance at 0x1521628337d0>,115,18,[2 6],158,545,563,387,545
1,<environment.Job instance at 0x152162831050>,105,1,[8 2],144,547,548,403,547
1,<environment.Job instance at 0x1521628545f0>,120,1,[1 8],166,563,564,397,547
1,<environment.Job instance at 0x152162854f00>,121,15,[1 6],167,564,579,397,550
1,<environment.Job instance at 0x1521628515f0>,132,15,[1 7],185,749,764,564,749
1,<environment.Job instance at 0x1521628358c0>,140,17,[ 2 10],196,848,865,652,848
1,<environment.Job instance at 0x152162854780>,129,12,[6 1],176,865,877,689,852
1,<environment.Job instance at 0x1521625b7fa0>,5,3,[ 2 10],7,7,10,0,7
1,<environment.Job instance at 0x1521625b7d70>,6,14,[10  1],9,10,24,1,9
1,<environment.Job instance at 0x1521625b7b90>,10,2,[2 5],13,24,26,11,13
1,<environment.Job instance at 0x1521625b7690>,9,3,[8 1],12,24,27,12,13
1,<environment.Job instance at 0x1521625b7f00>,11,3,[6 1],14,27,30,13,14
1,<environment.Job instance at 0x1521620940f0>,4,15,[1 7],5,26,41,21,15
1,<environment.Job instance at 0x1521625f6460>,13,3,[ 2 10],17,41,44,24,17
1,<environment.Job instance at 0x1521625f61e0>,17,17,[7 1],22,44,61,22,32
1,<environment.Job instance at 0x1521625f6a00>,21,1,[9 1],31,36,37,5,36
1,<environment.Job instance at 0x1521625f6d20>,24,1,[9 1],35,39,40,4,39
1,<environment.Job instance at 0x1521625f6320>,25,2,[8 1],36,61,63,25,40
1,<environment.Job instance at 0x1521625e89b0>,26,1,[ 1 10],37,63,64,26,40
1,<environment.Job instance at 0x1521625e8b90>,27,2,[1 5],39,44,46,5,40
1,<environment.Job instance at 0x1521625e80a0>,28,3,[1 5],40,46,49,6,40
1,<environment.Job instance at 0x1521625e82d0>,30,3,[2 8],45,49,52,4,46
1,<environment.Job instance at 0x1521625e8b40>,32,2,[1 6],47,52,54,5,47
1,<environment.Job instance at 0x1521625e8c80>,33,18,[7 2],49,64,82,15,54
1,<environment.Job instance at 0x15216284f0a0>,37,2,[2 5],58,58,60,0,58
1,<environment.Job instance at 0x1521624db550>,38,14,[2 8],59,64,78,5,59
1,<environment.Job instance at 0x15216284fe10>,36,2,[7 2],57,82,84,25,61
1,<environment.Job instance at 0x1521624edc80>,39,3,[8 1],62,84,87,22,62
1,<environment.Job instance at 0x1521624ed870>,40,1,[7 2],63,87,88,24,63
1,<environment.Job instance at 0x1521624ed190>,41,2,[5 2],64,88,90,24,65
1,<environment.Job instance at 0x1521625f67d0>,16,17,[1 6],21,78,95,57,70
1,<environment.Job instance at 0x1521624ede10>,45,16,[1 7],69,129,145,60,129
1,<environment.Job instance at 0x1521624f3f50>,49,16,[1 7],74,221,237,147,221
1,<environment.Job instance at 0x1521649aa7d0>,56,18,[5 2],83,429,447,346,429
1,<environment.Job instance at 0x1521648f0730>,65,2,[5 2],95,460,462,365,460
1,<environment.Job instance at 0x152148e0af00>,58,3,[1 7],86,467,470,381,467
1,<environment.Job instance at 0x152162835b40>,66,1,[1 6],97,476,477,379,476
1,<environment.Job instance at 0x152162835fa0>,68,2,[10  1],99,483,485,384,483
1,<environment.Job instance at 0x152169367e10>,67,12,[7 1],98,500,512,402,500
1,<environment.Job instance at 0x1521620a9be0>,77,2,[2 5],114,521,523,407,521
1,<environment.Job instance at 0x1521620cbf00>,80,2,[ 1 10],117,541,543,424,541
1,<environment.Job instance at 0x1521620cbcd0>,78,1,[ 2 10],115,558,559,443,558
1,<environment.Job instance at 0x1521620cbaa0>,85,1,[6 1],123,582,583,459,582
1,<environment.Job instance at 0x1521620cbb40>,87,3,[1 7],129,583,586,454,583
1,<environment.Job instance at 0x1521620cb870>,89,20,[8 2],132,584,604,452,584
1,<environment.Job instance at 0x1521620ad190>,93,2,[2 7],141,607,609,466,607
1,<environment.Job instance at 0x1521620cb0a0>,88,12,[7 1],131,629,641,498,629
1,<environment.Job instance at 0x1521620ca5f0>,100,13,[1 7],150,678,691,528,678
1,<environment.Job instance at 0x1521620ca230>,99,1,[1 8],148,691,692,543,684
1,<environment.Job instance at 0x152162090dc0>,103,2,[ 2 10],155,692,694,537,690
1,<environment.Job instance at 0x152162090c30>,104,15,[8 2],156,705,720,549,705
1,<environment.Job instance at 0x152162090410>,102,3,[5 2],154,720,723,566,718
1,<environment.Job instance at 0x152162090cd0>,115,1,[9 2],175,749,750,574,749
1,<environment.Job instance at 0x1521625013c0>,122,1,[6 2],185,751,752,566,751
1,<environment.Job instance at 0x152162095b40>,128,3,[9 1],194,793,796,599,793
1,<environment.Job instance at 0x1521491bdaf0>,11,3,[1 7],18,18,21,0,18
1,<environment.Job instance at 0x1521491bdfa0>,12,14,[1 6],19,21,35,2,19
1,<environment.Job instance at 0x1521491bd690>,13,14,[1 9],20,35,49,15,20
1,<environment.Job instance at 0x152149398be0>,22,1,[10  1],34,49,50,15,34
1,<environment.Job instance at 0x152149398d70>,25,16,[2 8],39,50,66,11,42
1,<environment.Job instance at 0x152149351500>,30,3,[2 9],47,66,69,19,47
1,<environment.Job instance at 0x152149351230>,34,3,[2 8],52,69,72,17,52
1,<environment.Job instance at 0x152149351a00>,35,1,[1 8],55,72,73,17,56
1,<environment.Job instance at 0x1521493514b0>,39,14,[9 1],60,72,86,12,72
1,<environment.Job instance at 0x1521493518c0>,40,3,[10  1],61,86,89,25,72
1,<environment.Job instance at 0x152149350280>,41,2,[1 7],62,73,75,11,72
1,<environment.Job instance at 0x152149350870>,47,1,[2 8],70,89,90,19,81
1,<environment.Job instance at 0x152149398a00>,15,26,[9 1],24,101,127,77,101
1,<environment.Job instance at 0x1521493d26e0>,60,17,[2 9],87,136,153,49,136
1,<environment.Job instance at 0x1521493d2fa0>,63,3,[6 1],90,146,149,56,146
1,<environment.Job instance at 0x1521493d2a00>,65,3,[2 8],92,153,156,61,149
1,<environment.Job instance at 0x152149398dc0>,26,13,[ 2 10],42,157,170,115,157
1,<environment.Job instance at 0x152149355370>,70,1,[6 2],101,172,173,71,172
1,<environment.Job instance at 0x1521493d2d70>,62,16,[2 8],89,174,190,85,174
1,<environment.Job instance at 0x1521493d2690>,69,2,[2 8],99,190,192,91,177
1,<environment.Job instance at 0x152149355410>,80,2,[5 2],113,194,196,81,194
1,<environment.Job instance at 0x152149355dc0>,81,1,[7 1],116,196,197,80,194
1,<environment.Job instance at 0x152149355c30>,76,1,[2 5],108,194,195,86,194
1,<environment.Job instance at 0x152149355050>,73,2,[10  1],104,197,199,93,194
1,<environment.Job instance at 0x152149355e60>,88,19,[2 9],126,199,218,73,196
1,<environment.Job instance at 0x152149355820>,79,12,[6 1],112,207,219,95,207
1,<environment.Job instance at 0x1521491cdf00>,91,1,[6 2],129,219,220,90,209
1,<environment.Job instance at 0x1521491cd6e0>,93,1,[1 7],131,218,219,87,216
1,<environment.Job instance at 0x1521491cd0a0>,94,3,[2 7],132,230,233,98,230
1,<environment.Job instance at 0x1521491cdb40>,95,2,[1 5],133,238,240,105,238
1,<environment.Job instance at 0x152169a125a0>,99,1,[2 6],138,241,242,103,241
1,<environment.Job instance at 0x15214921f2d0>,100,1,[2 8],140,242,243,102,241
1,<environment.Job instance at 0x15214921f550>,105,17,[9 1],146,258,275,112,258
1,<environment.Job instance at 0x15214916aa50>,107,1,[10  1],148,275,276,127,264
1,<environment.Job instance at 0x15214921f960>,104,14,[1 6],145,276,290,131,265
1,<environment.Job instance at 0x15214921f140>,112,2,[10  2],153,290,292,137,271
1,<environment.Job instance at 0x15214925dfa0>,111,3,[9 2],152,276,279,124,273
1,<environment.Job instance at 0x15214908cdc0>,115,2,[1 6],157,322,324,165,322
1,<environment.Job instance at 0x1521491aff50>,114,16,[ 2 10],155,358,374,203,358
1,<environment.Job instance at 0x152149139910>,117,2,[7 2],160,374,376,214,361
1,<environment.Job instance at 0x152148fd5fa0>,119,2,[1 8],162,387,389,225,387
1,<environment.Job instance at 0x152148cb41e0>,116,15,[2 6],159,389,404,230,387
1,<environment.Job instance at 0x152148fd5320>,120,14,[6 1],163,391,405,228,391
1,<environment.Job instance at 0x1521493557d0>,85,2,[5 2],120,405,407,285,397
1,<environment.Job instance at 0x152148f02b40>,123,2,[7 1],166,407,409,241,400
1,<environment.Job instance at 0x1521490d8a50>,122,14,[2 8],165,426,440,261,426
1,<environment.Job instance at 0x152148dd75a0>,127,1,[ 2 10],170,440,441,270,431
1,<environment.Job instance at 0x152148f56780>,129,3,[7 1],176,431,434,255,431
1,<environment.Job instance at 0x1521490b8500>,131,3,[1 9],178,441,444,263,436
1,<environment.Job instance at 0x1521490b8e10>,134,23,[1 6],181,455,478,274,455
1,<environment.Job instance at 0x15214919ee10>,136,3,[10  1],187,478,481,291,462
1,<environment.Job instance at 0x152149074460>,128,2,[10  2],172,481,483,309,473
1,<environment.Job instance at 0x15214919e5f0>,137,3,[6 1],189,483,486,294,476
1,<environment.Job instance at 0x15214919eb40>,140,18,[2 6],194,485,503,291,485
1,<environment.Job instance at 0x15214907f370>,141,1,[7 1],196,488,489,292,488
1,<environment.Job instance at 0x15214919e500>,138,3,[8 1],190,492,495,302,492
1,<environment.Job instance at 0x15214906cd70>,142,2,[5 1],197,495,497,298,493
1,<environment.Job instance at 0x152149147d20>,143,14,[2 5],198,504,518,306,504
1,<environment.Job instance at 0x1521490b90f0>,125,13,[10  1],168,518,531,350,506
1,<environment.Job instance at 0x152148d2a3c0>,1,13,[7 2],2,2,15,0,2
1,<environment.Job instance at 0x152148d2aaf0>,4,18,[1 5],7,17,35,10,17
1,<environment.Job instance at 0x152148da6fa0>,10,26,[2 8],18,35,61,17,32
1,<environment.Job instance at 0x152148da6c30>,19,3,[5 1],38,38,41,0,38
1,<environment.Job instance at 0x152148da6f00>,11,2,[ 1 10],20,61,63,41,41
1,<environment.Job instance at 0x1521492a5820>,23,3,[9 1],42,63,66,21,42
1,<environment.Job instance at 0x1521492f70a0>,31,3,[9 2],52,66,69,14,59
1,<environment.Job instance at 0x1521492f7190>,33,17,[1 9],54,69,86,15,59
1,<environment.Job instance at 0x1521492f7870>,37,1,[5 1],63,76,77,13,76
1,<environment.Job instance at 0x1521492f7b90>,38,13,[10  1],65,86,99,21,80
1,<environment.Job instance at 0x1521492a89b0>,39,2,[1 8],67,99,101,32,80
1,<environment.Job instance at 0x1521492a8230>,40,1,[10  2],68,101,102,33,80
1,<environment.Job instance at 0x1521492a8820>,42,15,[2 7],70,102,117,32,89
1,<environment.Job instance at 0x1521492a5c80>,27,21,[1 8],46,180,201,134,180
1,<environment.Job instance at 0x1521492a83c0>,46,1,[8 1],79,201,202,122,201
1,<environment.Job instance at 0x1521492a8550>,47,3,[1 9],81,215,218,134,215
1,<environment.Job instance at 0x1521492a8910>,48,1,[2 9],84,220,221,136,220
1,<environment.Job instance at 0x152148da6b90>,12,16,[ 2 10],22,221,237,199,220
1,<environment.Job instance at 0x1521493a9a00>,57,28,[5 1],96,247,275,151,247
1,<environment.Job instance at 0x1521493a95f0>,65,12,[2 8],105,255,267,150,255
1,<environment.Job instance at 0x1521493a9410>,69,13,[2 5],109,267,280,158,256
1,<environment.Job instance at 0x1521493a9780>,70,2,[2 8],110,280,282,170,256
1,<environment.Job instance at 0x152149372be0>,73,1,[1 9],117,282,283,165,256
1,<environment.Job instance at 0x1521493722d0>,75,3,[7 2],119,275,278,156,256
1,<environment.Job instance at 0x15214929cb40>,78,1,[9 1],125,282,283,157,256
1,<environment.Job instance at 0x1521493a9140>,66,3,[ 1 10],106,283,286,177,257
1,<environment.Job instance at 0x152148dea050>,83,2,[10  2],133,286,288,153,270
1,<environment.Job instance at 0x15214929c7d0>,85,14,[9 2],136,288,302,152,273
1,<environment.Job instance at 0x15214929c550>,84,3,[1 7],134,288,291,154,273
1,<environment.Job instance at 0x1521490d5eb0>,87,2,[7 2],138,302,304,164,281
1,<environment.Job instance at 0x1521649dbdc0>,89,3,[1 5],140,291,294,151,282
1,<environment.Job instance at 0x152164cb5870>,91,3,[9 2],143,304,307,161,290
1,<environment.Job instance at 0x152148bec910>,93,2,[1 8],145,300,302,155,300
1,<environment.Job instance at 0x152164cb55a0>,94,12,[1 7],147,305,317,158,305
1,<environment.Job instance at 0x15214929c320>,90,12,[2 9],142,317,329,175,308
1,<environment.Job instance at 0x1521492f0e60>,100,17,[5 2],154,329,346,175,320
1,<environment.Job instance at 0x1521492f0e10>,102,12,[ 1 10],157,346,358,189,330
1,<environment.Job instance at 0x152148bb0230>,95,1,[ 1 10],149,358,359,209,330
1,<environment.Job instance at 0x1521492f00a0>,106,1,[1 7],162,330,331,168,330
1,<environment.Job instance at 0x152148b99690>,114,3,[5 2],172,332,335,160,332
1,<environment.Job instance at 0x152148b3ea00>,118,1,[10  1],178,359,360,181,341
1,<environment.Job instance at 0x152148bf20a0>,120,17,[10  1],180,360,377,180,356
1,<environment.Job instance at 0x152148bad230>,123,21,[ 2 10],184,377,398,193,370
1,<environment.Job instance at 0x1521492f02d0>,97,17,[2 9],151,398,415,247,387
1,<environment.Job instance at 0x152148bea3c0>,130,2,[1 5],192,415,417,223,398
1,<environment.Job instance at 0x152148db2eb0>,127,15,[7 2],189,415,430,226,409
1,<environment.Job instance at 0x152148bea190>,134,17,[2 5],197,417,434,220,412
1,<environment.Job instance at 0x152148bea7d0>,131,16,[1 8],193,437,453,244,437
1,<environment.Job instance at 0x152148da64b0>,16,16,[2 7],31,453,469,422,445
1,<environment.Job instance at 0x152148b38a00>,2,1,[1 7],3,4,5,1,4
1,<environment.Job instance at 0x152148bec820>,8,2,[9 1],12,13,15,1,13
1,<environment.Job instance at 0x152148beccd0>,11,2,[9 2],16,16,18,0,16
1,<environment.Job instance at 0x152148becbe0>,10,2,[7 2],15,18,20,3,16
1,<environment.Job instance at 0x152148becf00>,13,2,[ 1 10],18,20,22,2,18
1,<environment.Job instance at 0x152148bec3c0>,16,1,[8 2],23,23,24,0,23
1,<environment.Job instance at 0x152148bec230>,17,17,[7 1],24,33,50,9,33
1,<environment.Job instance at 0x152169a93050>,21,1,[8 2],28,50,51,22,47
1,<environment.Job instance at 0x152169a939b0>,22,1,[5 2],29,51,52,22,50
1,<environment.Job instance at 0x152169a930f0>,23,1,[7 1],30,52,53,22,51
1,<environment.Job instance at 0x152169a93820>,24,1,[1 8],31,57,58,26,57
1,<environment.Job instance at 0x152169a930a0>,26,13,[2 9],33,82,95,49,82
1,<environment.Job instance at 0x152169a93c80>,28,3,[8 2],36,95,98,59,87
1,<environment.Job instance at 0x152169a93910>,29,2,[ 1 10],38,108,110,70,108
1,<environment.Job instance at 0x152169a93b40>,30,13,[10  1],39,110,123,71,108
1,<environment.Job instance at 0x152169a938c0>,18,17,[2 7],25,123,140,98,114
1,<environment.Job instance at 0x152169a93870>,31,1,[5 1],40,124,125,84,124
1,<environment.Job instance at 0x152169a93690>,32,14,[2 9],41,140,154,99,127
1,<environment.Job instance at 0x152169a93230>,20,16,[6 1],27,131,147,104,131
1,<environment.Job instance at 0x152164872af0>,42,3,[2 8],51,154,157,103,136
1,<environment.Job instance at 0x152164872c30>,43,2,[2 5],52,157,159,105,137
1,<environment.Job instance at 0x1521693617d0>,45,22,[8 1],55,147,169,92,142
1,<environment.Job instance at 0x152148b8b7d0>,52,2,[2 7],63,159,161,96,149
1,<environment.Job instance at 0x1521699d3e10>,54,15,[2 9],66,161,176,95,152
1,<environment.Job instance at 0x152148fc38c0>,56,22,[2 6],69,176,198,107,169
1,<environment.Job instance at 0x152169361820>,46,15,[ 2 10],56,198,213,142,193
1,<environment.Job instance at 0x152148b33c30>,68,2,[7 2],86,213,215,127,197
1,<environment.Job instance at 0x15216afbdfa0>,72,15,[10  2],94,215,230,121,202
1,<environment.Job instance at 0x152163e94f00>,73,2,[7 2],95,230,232,135,203
1,<environment.Job instance at 0x152163e94e10>,74,1,[1 5],97,213,214,116,203
1,<environment.Job instance at 0x152148b4c8c0>,78,2,[1 9],102,253,255,151,253
1,<environment.Job instance at 0x1521699f3500>,81,1,[2 9],106,258,259,152,258
1,<environment.Job instance at 0x152148b92690>,82,2,[10  2],107,259,261,152,258
1,<environment.Job instance at 0x152148b02e10>,86,3,[2 5],114,265,268,151,265
1,<environment.Job instance at 0x1521493cec30>,61,19,[1 5],76,270,289,194,270
1,<environment.Job instance at 0x152148b02690>,88,12,[5 2],117,271,283,154,271
1,<environment.Job instance at 0x152148b0d5a0>,92,3,[9 2],123,283,286,160,273
1,<environment.Job instance at 0x152148b0dd20>,91,2,[ 2 10],122,289,291,167,273
1,<environment.Job instance at 0x152148b920a0>,84,1,[7 2],112,286,287,174,282
1,<environment.Job instance at 0x152148e097d0>,95,22,[2 5],129,291,313,162,289
1,<environment.Job instance at 0x152148aed910>,102,15,[2 5],139,460,475,321,460
1,<environment.Job instance at 0x152148b093c0>,105,1,[8 1],142,466,467,324,466
1,<environment.Job instance at 0x152148afd4b0>,110,2,[ 1 10],148,631,633,483,631
1,<environment.Job instance at 0x152148afd6e0>,111,2,[2 7],149,691,693,542,691
1,<environment.Job instance at 0x152148e02eb0>,116,17,[1 6],161,752,769,591,752
1,<environment.Job instance at 0x152148b3e5a0>,100,3,[6 2],136,844,847,708,844
1,<environment.Job instance at 0x152169ab60f0>,121,1,[1 8],170,928,929,758,928
1,<environment.Job instance at 0x152169a75550>,131,1,[8 1],180,1235,1236,1055,1235
1,<environment.Job instance at 0x152169a75140>,132,1,[7 2],182,1236,1237,1054,1235
1,<environment.Job instance at 0x152169a75d20>,134,3,[1 7],184,1235,1238,1051,1235
1,<environment.Job instance at 0x152148c0a870>,136,3,[9 1],187,1237,1240,1050,1235
1,<environment.Job instance at 0x152148c0a280>,138,14,[ 2 10],189,1240,1254,1051,1235
1,<environment.Job instance at 0x152148e29c80>,143,3,[5 2],194,1254,1257,1060,1237
1,<environment.Job instance at 0x152148afff50>,144,16,[7 1],195,1257,1273,1062,1248
1,<environment.Job instance at 0x152149164d20>,1,16,[2 9],2,3,19,1,3
1,<environment.Job instance at 0x152169a1a730>,2,23,[2 6],4,19,42,15,16
1,<environment.Job instance at 0x152169a1aaa0>,10,1,[9 1],15,42,43,27,16
1,<environment.Job instance at 0x152169a1ae10>,6,1,[8 2],9,19,20,10,17
1,<environment.Job instance at 0x152163dca550>,15,2,[7 1],21,21,23,0,21
1,<environment.Job instance at 0x152163dca9b0>,16,3,[9 1],26,43,46,17,26
1,<environment.Job instance at 0x152169a1ad20>,5,1,[5 2],8,33,34,25,33
1,<environment.Job instance at 0x152149164e10>,3,23,[9 1],6,46,69,40,43
1,<environment.Job instance at 0x152148d8e690>,25,1,[8 1],43,69,70,26,55
1,<environment.Job instance at 0x152148d8ee10>,27,12,[7 2],46,70,82,24,55
1,<environment.Job instance at 0x1521693616e0>,38,3,[2 8],63,69,72,6,64
1,<environment.Job instance at 0x152148d8e9b0>,30,2,[7 2],54,82,84,28,64
1,<environment.Job instance at 0x1521493549b0>,39,3,[8 2],65,84,87,19,66
1,<environment.Job instance at 0x1521493543c0>,42,2,[8 1],68,87,89,19,68
1,<environment.Job instance at 0x152149354c80>,43,1,[2 7],70,73,74,3,73
1,<environment.Job instance at 0x152163f894b0>,46,3,[ 2 10],75,89,92,14,75
1,<environment.Job instance at 0x152160060500>,51,3,[2 8],80,80,83,0,80
1,<environment.Job instance at 0x152148e0ab40>,50,2,[1 7],79,83,85,4,81
1,<environment.Job instance at 0x1521600607d0>,54,2,[5 2],85,92,94,7,85
1,<environment.Job instance at 0x152160060e10>,52,2,[6 2],81,94,96,13,85
1,<environment.Job instance at 0x152160060a00>,55,15,[1 9],86,96,111,10,86
1,<environment.Job instance at 0x152163d22c80>,63,1,[6 1],96,97,98,1,97
1,<environment.Job instance at 0x152162617690>,68,3,[2 6],107,111,114,4,108
1,<environment.Job instance at 0x1521492a8140>,70,21,[6 1],110,114,135,4,114
1,<environment.Job instance at 0x1521638b1190>,74,2,[2 8],115,115,117,0,115
1,<environment.Job instance at 0x152162821b40>,75,1,[1 7],118,119,120,1,119
1,<environment.Job instance at 0x152162821c30>,76,1,[1 7],120,120,121,0,120
1,<environment.Job instance at 0x1521625af6e0>,77,12,[2 8],121,122,134,1,122
1,<environment.Job instance at 0x152163db5140>,79,27,[1 9],123,134,161,11,132
1,<environment.Job instance at 0x152148f10d20>,73,1,[ 2 10],114,161,162,47,133
1,<environment.Job instance at 0x152163eac0a0>,88,1,[7 1],137,137,138,0,137
1,<environment.Job instance at 0x152164928f00>,85,18,[9 1],133,140,158,7,140
1,<environment.Job instance at 0x152163ed1c80>,90,3,[1 5],140,162,165,22,140
1,<environment.Job instance at 0x1521690918c0>,98,16,[1 6],152,165,181,13,155
1,<environment.Job instance at 0x152163e95eb0>,104,1,[2 7],160,181,182,21,163
1,<environment.Job instance at 0x152163e950a0>,107,2,[ 2 10],165,182,184,17,165
1,<environment.Job instance at 0x152163e954b0>,101,2,[ 2 10],156,184,186,28,165
1,<environment.Job instance at 0x152169091370>,100,2,[5 1],155,186,188,31,184
1,<environment.Job instance at 0x152148e29c30>,112,3,[ 2 10],171,188,191,17,185
1,<environment.Job instance at 0x152148cdd190>,113,15,[6 1],173,211,226,38,211
1,<environment.Job instance at 0x152148e29690>,111,16,[9 2],170,226,242,56,215
1,<environment.Job instance at 0x152163ec6b90>,120,3,[1 9],182,221,224,39,221
1,<environment.Job instance at 0x152163ec66e0>,122,1,[7 2],185,249,250,64,249
1,<environment.Job instance at 0x152163ec6500>,124,3,[2 5],188,249,252,61,249
1,<environment.Job instance at 0x152163ec65f0>,126,18,[2 9],190,252,270,62,250
1,<environment.Job instance at 0x152163ec6e60>,127,3,[2 9],191,270,273,79,250
1,<environment.Job instance at 0x152163ec6a50>,128,1,[1 6],192,273,274,81,251
1,<environment.Job instance at 0x152163ec65a0>,129,1,[10  1],193,274,275,81,251
1,<environment.Job instance at 0x152163ec6780>,123,1,[10  1],186,275,276,89,254
1,<environment.Job instance at 0x152163ec6d70>,119,1,[2 9],181,276,277,95,254
1,<environment.Job instance at 0x152163ec6190>,133,2,[1 8],197,277,279,80,255
1,<environment.Job instance at 0x152162833910>,135,3,[2 5],199,279,282,80,257
1,<environment.Job instance at 0x152163cf0500>,1,21,[9 2],2,8,29,6,8
1,<environment.Job instance at 0x152163f10370>,14,1,[6 1],21,29,30,8,21
1,<environment.Job instance at 0x15216b017820>,15,15,[6 2],22,30,45,8,26
1,<environment.Job instance at 0x1521490db460>,17,17,[1 8],25,31,48,6,31
1,<environment.Job instance at 0x1521492ca3c0>,6,3,[7 2],8,62,65,54,62
1,<environment.Job instance at 0x1521600d6aa0>,29,2,[2 6],39,85,87,46,85
1,<environment.Job instance at 0x1521490d73c0>,22,1,[1 5],31,91,92,60,91
1,<environment.Job instance at 0x152164caaf50>,34,14,[1 9],46,96,110,50,96
1,<environment.Job instance at 0x15216b01e1e0>,37,12,[2 9],49,110,122,61,98
1,<environment.Job instance at 0x15216b01ec80>,38,15,[2 5],50,122,137,72,114
1,<environment.Job instance at 0x152169ad36e0>,44,1,[10  1],59,137,138,78,123
1,<environment.Job instance at 0x152163fbc820>,30,17,[5 2],40,138,155,98,136
1,<environment.Job instance at 0x152148e66500>,61,16,[2 5],81,145,161,64,145
1,<environment.Job instance at 0x152148c43d20>,56,2,[7 1],76,155,157,79,145
1,<environment.Job instance at 0x152148f56f00>,63,12,[ 1 10],83,161,173,78,156
1,<environment.Job instance at 0x15216497c3c0>,70,14,[2 9],97,173,187,76,160
1,<environment.Job instance at 0x15216aff4320>,69,2,[8 2],92,187,189,95,163
1,<environment.Job instance at 0x15216497cb90>,71,1,[5 2],99,189,190,90,164
1,<environment.Job instance at 0x1521492e19b0>,75,2,[2 9],104,190,192,86,182
1,<environment.Job instance at 0x1521491ea690>,82,3,[8 1],114,196,199,82,196
1,<environment.Job instance at 0x1521625c76e0>,79,26,[2 5],109,198,224,89,198
1,<environment.Job instance at 0x152163cf9a50>,84,1,[10  2],119,224,225,105,199
1,<environment.Job instance at 0x152148d9d050>,88,1,[2 8],124,225,226,101,204
1,<environment.Job instance at 0x152163eddb90>,89,18,[1 7],126,226,244,100,223
1,<environment.Job instance at 0x152169996b40>,94,15,[ 2 10],134,244,259,110,233
1,<environment.Job instance at 0x152163fbdb40>,96,3,[6 2],136,259,262,123,244
1,<environment.Job instance at 0x152163e66eb0>,99,1,[1 5],140,286,287,146,286
1,<environment.Job instance at 0x152163e66a50>,101,24,[2 9],142,287,311,145,287
1,<environment.Job instance at 0x1521491df820>,105,2,[2 6],150,348,350,198,348
1,<environment.Job instance at 0x1521491dfdc0>,109,3,[10  1],157,356,359,199,356
1,<environment.Job instance at 0x152148f8caa0>,118,2,[7 2],166,394,396,228,394
1,<environment.Job instance at 0x152148f8c050>,121,2,[8 1],170,396,398,226,394
1,<environment.Job instance at 0x152148f8c3c0>,123,1,[9 1],172,398,399,226,395
1,<environment.Job instance at 0x152148f8c550>,125,3,[10  2],177,399,402,222,395
1,<environment.Job instance at 0x152148f8cb90>,126,1,[2 7],178,395,396,217,395
1,<environment.Job instance at 0x1521649701e0>,133,3,[2 8],187,450,453,263,450
1,<environment.Job instance at 0x152164970640>,136,1,[8 2],190,459,460,269,459
1,<environment.Job instance at 0x1521491aacd0>,143,16,[2 6],198,503,519,305,503
1,<environment.Job instance at 0x152169a26870>,0,14,[5 2],4,4,18,0,4
1,<environment.Job instance at 0x1521648fdd70>,3,2,[9 2],8,18,20,10,13
1,<environment.Job instance at 0x152163fa2cd0>,8,14,[2 5],17,20,34,3,17
1,<environment.Job instance at 0x152163fa2730>,10,2,[6 1],23,23,25,0,23
1,<environment.Job instance at 0x152163f0d730>,15,12,[5 2],29,30,42,1,30
1,<environment.Job instance at 0x152163f0d370>,17,20,[9 1],31,42,62,11,36
1,<environment.Job instance at 0x152149076fa0>,28,1,[7 1],53,62,63,9,53
1,<environment.Job instance at 0x152163f29af0>,5,21,[10  2],12,63,84,51,58
1,<environment.Job instance at 0x152148c45140>,33,3,[9 1],59,84,87,25,60
1,<environment.Job instance at 0x152148c45280>,36,3,[9 2],64,87,90,23,64
1,<environment.Job instance at 0x152148c45410>,34,1,[7 2],60,90,91,30,64
1,<environment.Job instance at 0x152148c450a0>,37,2,[2 5],65,90,92,25,65
1,<environment.Job instance at 0x15216b00e8c0>,38,1,[1 9],66,84,85,18,66
1,<environment.Job instance at 0x1521490fe2d0>,39,3,[1 7],67,85,88,18,68
1,<environment.Job instance at 0x15214910fd70>,44,3,[ 2 10],72,92,95,20,73
1,<environment.Job instance at 0x152163f2e9b0>,47,3,[1 6],77,95,98,18,77
1,<environment.Job instance at 0x152163f2e5f0>,46,1,[8 1],76,91,92,15,77
1,<environment.Job instance at 0x152149106730>,58,2,[1 8],96,122,124,26,122
1,<environment.Job instance at 0x152149106be0>,59,1,[6 1],97,125,126,28,125
1,<environment.Job instance at 0x152149106410>,65,3,[5 1],104,140,143,36,140
1,<environment.Job instance at 0x1521491061e0>,66,3,[1 7],105,148,151,43,148
1,<environment.Job instance at 0x1521491062d0>,69,2,[9 2],111,148,150,37,148
1,<environment.Job instance at 0x15214905fcd0>,76,2,[7 2],121,150,152,29,149
1,<environment.Job instance at 0x15214905f820>,77,1,[ 2 10],122,152,153,30,149
1,<environment.Job instance at 0x15214905f230>,78,16,[1 7],123,153,169,30,150
1,<environment.Job instance at 0x15214905faa0>,79,17,[5 2],125,153,170,28,151
1,<environment.Job instance at 0x15214905fbe0>,73,1,[1 8],118,169,170,51,154
1,<environment.Job instance at 0x152164953dc0>,82,17,[8 1],129,170,187,41,158
1,<environment.Job instance at 0x1521649533c0>,87,1,[1 5],135,170,171,35,162
1,<environment.Job instance at 0x1521649539b0>,90,3,[1 8],140,171,174,31,162
1,<environment.Job instance at 0x1521649531e0>,84,13,[1 9],131,174,187,43,163
1,<environment.Job instance at 0x1521649538c0>,92,2,[2 8],142,187,189,45,166
1,<environment.Job instance at 0x152164953b90>,94,2,[6 1],144,187,189,43,167
1,<environment.Job instance at 0x152164953c80>,93,3,[1 7],143,189,192,46,181
1,<environment.Job instance at 0x15216b01e6e0>,98,1,[10  1],148,192,193,44,185
1,<environment.Job instance at 0x152148ea1500>,99,2,[8 2],150,189,191,39,185
1,<environment.Job instance at 0x152148ea1c30>,104,3,[2 8],156,193,196,37,185
1,<environment.Job instance at 0x152164c671e0>,107,2,[2 5],160,204,206,44,204
1,<environment.Job instance at 0x152149106960>,60,18,[10  2],99,232,250,133,232
1,<environment.Job instance at 0x152164c67910>,111,13,[8 1],164,284,297,120,284
1,<environment.Job instance at 0x152164c670f0>,108,3,[1 9],161,294,297,133,294
1,<environment.Job instance at 0x152164952190>,115,14,[ 2 10],168,298,312,130,298
1,<environment.Job instance at 0x1521649524b0>,123,17,[1 8],182,320,337,138,320
1,<environment.Job instance at 0x152164c67140>,112,3,[2 8],165,337,340,172,325
1,<environment.Job instance at 0x152164952050>,125,3,[1 8],185,340,343,155,328
1,<environment.Job instance at 0x152149111190>,126,12,[1 7],186,343,355,157,330
1,<environment.Job instance at 0x152164952640>,122,2,[2 8],180,355,357,175,331
1,<environment.Job instance at 0x15214911fe10>,131,2,[8 2],191,331,333,140,331
1,<environment.Job instance at 0x1521490f0820>,133,16,[7 2],194,333,349,139,333
1,<environment.Job instance at 0x1521490f03c0>,134,1,[ 2 10],195,357,358,162,335
1,<environment.Job instance at 0x1521490f0eb0>,135,3,[ 2 10],197,358,361,161,335
1,<environment.Job instance at 0x1521649520f0>,114,2,[1 6],167,361,363,194,354
1,<environment.Job instance at 0x1521648f3e60>,2,13,[1 5],4,4,17,0,4
1,<environment.Job instance at 0x152164c85280>,1,3,[2 5],3,5,8,2,5
1,<environment.Job instance at 0x152148add320>,4,23,[2 5],7,8,31,1,7
1,<environment.Job instance at 0x152148add500>,6,18,[8 2],9,17,35,8,9
1,<environment.Job instance at 0x152148add820>,9,3,[2 6],12,31,34,19,12
1,<environment.Job instance at 0x152148addb90>,12,2,[2 6],15,34,36,19,16
1,<environment.Job instance at 0x152148adf410>,20,2,[6 2],26,43,45,17,43
1,<environment.Job instance at 0x152148adf4b0>,21,16,[2 8],28,56,72,28,56
1,<environment.Job instance at 0x152148addaa0>,14,18,[1 6],18,80,98,62,80
1,<environment.Job instance at 0x152148adf780>,27,3,[6 2],36,90,93,54,90
1,<environment.Job instance at 0x152148adfaa0>,30,3,[10  1],39,98,101,59,92
1,<environment.Job instance at 0x152148adfb90>,31,1,[6 1],40,95,96,55,95
1,<environment.Job instance at 0x152148adfcd0>,33,1,[2 7],42,101,102,59,99
1,<environment.Job instance at 0x152148adfe60>,35,1,[8 2],44,109,110,65,109
1,<environment.Job instance at 0x152148adfd20>,36,28,[ 2 10],46,178,206,132,178
1,<environment.Job instance at 0x152148adff50>,38,2,[8 2],48,206,208,158,195
1,<environment.Job instance at 0x152148adfc30>,32,18,[1 9],41,208,226,167,207
1,<environment.Job instance at 0x152148ae11e0>,41,14,[6 1],53,208,222,155,208
1,<environment.Job instance at 0x152148ae1320>,42,2,[10  1],54,226,228,172,213
1,<environment.Job instance at 0x152148ae1140>,40,3,[10  1],51,228,231,177,216
1,<environment.Job instance at 0x152148ae15f0>,45,1,[8 1],59,225,226,166,225
1,<environment.Job instance at 0x152148ae1050>,43,1,[ 1 10],57,235,236,178,235
1,<environment.Job instance at 0x152148ae1910>,48,3,[2 7],65,241,244,176,241
1,<environment.Job instance at 0x152148ae1b90>,51,3,[8 2],71,246,249,175,246
1,<environment.Job instance at 0x152148ae18c0>,50,17,[5 2],70,318,335,248,318
1,<environment.Job instance at 0x152148ae1f00>,57,17,[2 6],80,746,763,666,746
1,<environment.Job instance at 0x152148ae4550>,63,2,[2 5],88,1000,1002,912,1000
1,<environment.Job instance at 0x152148ae4820>,66,3,[2 9],92,1012,1015,920,1012
1,<environment.Job instance at 0x152148ae4a50>,67,1,[9 2],93,1018,1019,925,1018
1,<environment.Job instance at 0x152148ae4c30>,70,3,[10  2],98,1206,1209,1108,1206
1,<environment.Job instance at 0x152148ae4e60>,72,2,[7 1],100,1283,1285,1183,1283
1,<environment.Job instance at 0x152148ae4d20>,75,1,[9 1],104,1864,1865,1760,1864
1,<environment.Job instance at 0x152148ae62d0>,3,1,[8 1],4,6,7,2,6
1,<environment.Job instance at 0x152169028e60>,5,13,[2 5],7,7,20,0,7
1,<environment.Job instance at 0x152169028d20>,6,2,[6 1],9,14,16,5,14
1,<environment.Job instance at 0x1521648e11e0>,14,2,[8 1],21,24,26,3,24
1,<environment.Job instance at 0x15216bc58c30>,29,15,[2 7],37,37,52,0,37
1,<environment.Job instance at 0x152163ed3be0>,28,2,[7 1],36,38,40,2,38
1,<environment.Job instance at 0x152163e876e0>,36,2,[8 2],48,53,55,5,53
1,<environment.Job instance at 0x152148c2de60>,45,3,[7 1],59,73,76,14,73
1,<environment.Job instance at 0x152148c2d640>,46,2,[2 7],60,73,75,13,73
1,<environment.Job instance at 0x152148ff5cd0>,47,14,[ 2 10],61,78,92,17,78
1,<environment.Job instance at 0x152148ff5460>,48,1,[1 9],62,92,93,30,78
1,<environment.Job instance at 0x152148c2d6e0>,42,14,[2 8],55,99,113,44,99
1,<environment.Job instance at 0x152148ff52d0>,50,2,[1 8],65,113,115,48,99
1,<environment.Job instance at 0x152148c2d230>,44,3,[1 7],58,115,118,57,101
1,<environment.Job instance at 0x1521493d41e0>,58,3,[8 2],75,103,106,28,103
1,<environment.Job instance at 0x15214907e870>,65,1,[8 1],85,118,119,33,118
1,<environment.Job instance at 0x15214907e2d0>,67,1,[8 2],87,119,120,32,118
1,<environment.Job instance at 0x152148ff5320>,55,3,[5 1],71,123,126,52,123
1,<environment.Job instance at 0x15216bcb9a00>,71,3,[7 1],91,131,134,40,131
1,<environment.Job instance at 0x15216bcb9a50>,73,2,[10  1],94,134,136,40,131
1,<environment.Job instance at 0x152148cdd140>,74,22,[5 1],96,136,158,40,132
1,<environment.Job instance at 0x1521488bad70>,80,1,[7 2],106,158,159,52,143
1,<environment.Job instance at 0x1521488be1e0>,81,2,[2 8],107,143,145,36,143
1,<environment.Job instance at 0x152148926780>,82,12,[9 1],108,159,171,51,143
1,<environment.Job instance at 0x1521489289b0>,89,2,[8 1],117,171,173,54,146
1,<environment.Job instance at 0x152163f73f50>,93,3,[2 7],121,171,174,50,158
1,<environment.Job instance at 0x152148cdd230>,75,14,[9 2],99,206,220,107,206
1,<environment.Job instance at 0x152163f73d20>,95,2,[1 6],123,219,221,96,219
1,<environment.Job instance at 0x152148922d20>,90,17,[ 2 10],118,221,238,103,221
1,<environment.Job instance at 0x152163f73460>,96,16,[1 9],124,241,257,117,241
1,<environment.Job instance at 0x152163f737d0>,98,13,[8 1],126,244,257,118,244
1,<environment.Job instance at 0x152148ca3780>,99,1,[6 1],127,257,258,130,251
1,<environment.Job instance at 0x152148e6ae10>,101,1,[5 1],129,258,259,129,254
1,<environment.Job instance at 0x152148e6a320>,102,3,[5 2],130,258,261,128,255
1,<environment.Job instance at 0x152148ca3500>,100,2,[ 1 10],128,261,263,133,261
1,<environment.Job instance at 0x1521489232d0>,86,1,[1 5],114,270,271,156,270
1,<environment.Job instance at 0x152148a5a500>,104,3,[5 2],135,272,275,137,272
1,<environment.Job instance at 0x152148f55e60>,106,2,[8 2],137,286,288,149,286
1,<environment.Job instance at 0x152164caeeb0>,103,17,[6 2],134,292,309,158,292
1,<environment.Job instance at 0x152148cd81e0>,108,1,[8 2],139,309,310,170,297
1,<environment.Job instance at 0x152148acceb0>,109,12,[1 8],140,299,311,159,299
1,<environment.Job instance at 0x152163dcd4b0>,112,14,[2 5],146,322,336,176,322
1,<environment.Job instance at 0x15216906ca00>,113,2,[1 8],147,343,345,196,343
1,<environment.Job instance at 0x15216902e960>,117,2,[6 2],153,346,348,193,346
1,<environment.Job instance at 0x15216902ecd0>,120,1,[9 1],158,353,354,195,353
1,<environment.Job instance at 0x152169997fa0>,121,2,[9 1],159,364,366,205,364
1,<environment.Job instance at 0x152169997f50>,124,17,[2 9],163,409,426,246,409
1,<environment.Job instance at 0x15216902e640>,115,14,[1 7],149,426,440,277,412
1,<environment.Job instance at 0x152169997d70>,125,3,[7 1],164,422,425,258,422
1,<environment.Job instance at 0x152169997b90>,126,2,[ 1 10],165,440,442,275,430
1,<environment.Job instance at 0x1521649b2a50>,130,1,[1 5],170,477,478,307,477
1,<environment.Job instance at 0x1521649b2870>,132,12,[7 2],172,496,508,324,496
1,<environment.Job instance at 0x1521649b2be0>,133,1,[2 5],174,502,503,328,502
1,<environment.Job instance at 0x152163efe730>,134,17,[ 1 10],176,632,649,456,632
1,<environment.Job instance at 0x152163efe8c0>,140,3,[7 2],185,689,692,504,689
1,<environment.Job instance at 0x152163efe910>,143,2,[8 1],193,692,694,499,690
1,<environment.Job instance at 0x1521492718c0>,144,3,[9 2],194,704,707,510,704
1,<environment.Job instance at 0x152169031af0>,147,13,[1 8],198,720,733,522,720
1,<environment.Job instance at 0x1521489668c0>,8,3,[1 9],16,16,19,0,16
1,<environment.Job instance at 0x152164c49500>,10,1,[9 1],18,18,19,0,18
1,<environment.Job instance at 0x152148966140>,11,23,[9 1],20,24,47,4,24
1,<environment.Job instance at 0x152164c493c0>,13,18,[1 7],22,32,50,10,32
1,<environment.Job instance at 0x152149351050>,17,12,[5 1],28,47,59,19,32
1,<environment.Job instance at 0x1521649da2d0>,19,1,[7 1],31,59,60,28,38
1,<environment.Job instance at 0x152149179690>,25,18,[2 9],41,50,68,9,41
1,<environment.Job instance at 0x152163d74eb0>,32,15,[2 7],51,68,83,17,54
1,<environment.Job instance at 0x152163edc870>,41,3,[5 2],62,68,71,6,65
1,<environment.Job instance at 0x152164ca62d0>,40,3,[6 2],60,71,74,11,67
1,<environment.Job instance at 0x1521649a9550>,44,2,[2 8],67,83,85,16,67
1,<environment.Job instance at 0x1521649a98c0>,45,14,[2 8],68,85,99,17,73
1,<environment.Job instance at 0x152148b07320>,48,13,[8 1],74,77,90,3,77
1,<environment.Job instance at 0x152148b07550>,51,1,[6 2],78,90,91,12,79
1,<environment.Job instance at 0x152169ab8af0>,54,1,[5 1],83,91,92,8,83
1,<environment.Job instance at 0x1521649a9d20>,46,1,[10  2],69,99,100,30,83
1,<environment.Job instance at 0x152169ab8e60>,55,2,[1 9],84,100,102,16,84
1,<environment.Job instance at 0x152148b07910>,52,1,[6 1],79,92,93,13,84
1,<environment.Job instance at 0x152164c264b0>,59,1,[ 2 10],92,102,103,10,96
1,<environment.Job instance at 0x152148bea320>,60,3,[1 9],94,103,106,9,96
1,<environment.Job instance at 0x15214906ac30>,65,1,[1 6],102,106,107,4,102
1,<environment.Job instance at 0x1521699de500>,70,14,[6 2],110,111,125,1,111
1,<environment.Job instance at 0x15214925d190>,61,17,[ 1 10],95,125,142,30,113
1,<environment.Job instance at 0x15214906c6e0>,75,2,[1 8],116,117,119,1,117
1,<environment.Job instance at 0x152169af1b90>,73,3,[1 5],113,121,124,8,121
1,<environment.Job instance at 0x15216a975140>,79,2,[5 2],122,142,144,20,123
1,<environment.Job instance at 0x152149336af0>,83,15,[7 1],127,144,159,17,133
1,<environment.Job instance at 0x152164c30d70>,72,18,[10  2],112,159,177,47,148
1,<environment.Job instance at 0x15216251d870>,96,1,[8 1],153,177,178,24,153
1,<environment.Job instance at 0x152165526d70>,97,1,[6 1],154,178,179,24,154
1,<environment.Job instance at 0x152165526550>,98,1,[1 9],158,177,178,19,159
1,<environment.Job instance at 0x152165526b90>,100,17,[6 1],163,179,196,16,173
1,<environment.Job instance at 0x152148e0aa00>,105,2,[6 2],172,196,198,24,178
1,<environment.Job instance at 0x152148e0aeb0>,106,3,[5 2],177,198,201,21,179
1,<environment.Job instance at 0x1521492f5dc0>,109,1,[9 1],181,201,202,20,181
1,<environment.Job instance at 0x1521492f51e0>,111,2,[2 5],184,184,186,0,184
1,<environment.Job instance at 0x1521492f5140>,112,16,[5 2],185,202,218,17,189
1,<environment.Job instance at 0x1521492f5c80>,116,3,[2 9],190,190,193,0,190
1,<environment.Job instance at 0x152149276aa0>,121,1,[6 1],195,218,219,23,206
1,<environment.Job instance at 0x152149276500>,122,1,[5 2],197,207,208,10,207
1,<environment.Job instance at 0x15216251d1e0>,94,17,[1 9],151,222,239,71,222
1,<environment.Job instance at 0x1521655268c0>,103,18,[2 8],168,247,265,79,247
1,<environment.Job instance at 0x1521648e5050>,7,3,[2 6],13,14,17,1,14
1,<environment.Job instance at 0x1521648e5fa0>,6,2,[6 2],12,15,17,3,15
1,<environment.Job instance at 0x152163e5f370>,8,2,[1 6],14,17,19,3,15
1,<environment.Job instance at 0x1521648e5320>,11,2,[10  1],17,19,21,2,17
1,<environment.Job instance at 0x1521648e5eb0>,10,1,[2 8],16,21,22,5,19
1,<environment.Job instance at 0x152169074140>,15,2,[9 1],21,22,24,1,21
1,<environment.Job instance at 0x152169074190>,13,2,[7 2],19,24,26,5,21
1,<environment.Job instance at 0x152169074eb0>,17,14,[8 2],25,26,40,1,25
1,<environment.Job instance at 0x1521625f75a0>,23,2,[5 1],37,40,42,3,38
1,<environment.Job instance at 0x1521625f7960>,25,2,[1 8],39,40,42,1,40
1,<environment.Job instance at 0x1521625f70f0>,26,17,[1 6],40,43,60,3,43
1,<environment.Job instance at 0x1521690585a0>,30,3,[9 1],47,49,52,2,49
1,<environment.Job instance at 0x152169058640>,34,1,[6 1],51,52,53,1,51
1,<environment.Job instance at 0x152169058230>,33,3,[1 6],50,60,63,10,51
1,<environment.Job instance at 0x152162821b90>,35,1,[1 5],52,63,64,11,55
1,<environment.Job instance at 0x152162821af0>,39,2,[2 5],56,63,65,7,59
1,<environment.Job instance at 0x1521628215a0>,40,3,[1 9],57,65,68,8,59
1,<environment.Job instance at 0x1521628214b0>,38,1,[1 8],55,68,69,13,60
1,<environment.Job instance at 0x152162821410>,41,3,[8 1],58,64,67,6,62
1,<environment.Job instance at 0x152148db3eb0>,45,3,[1 7],64,69,72,5,65
1,<environment.Job instance at 0x152148f114b0>,47,16,[10  1],66,77,93,11,77
1,<environment.Job instance at 0x1521625e80f0>,51,2,[ 1 10],71,93,95,22,79
1,<environment.Job instance at 0x152163f447d0>,54,1,[6 2],74,95,96,21,83
1,<environment.Job instance at 0x152163f44af0>,56,13,[1 6],77,95,108,18,83
1,<environment.Job instance at 0x152163f44780>,58,1,[5 2],80,96,97,16,84
1,<environment.Job instance at 0x1521655068c0>,62,15,[2 8],85,108,123,23,102
1,<environment.Job instance at 0x152165506a00>,66,1,[6 2],91,102,103,11,102
1,<environment.Job instance at 0x152165506af0>,67,3,[10  2],93,123,126,30,103
1,<environment.Job instance at 0x152149125320>,68,3,[2 7],95,126,129,31,103
1,<environment.Job instance at 0x15216719c550>,69,15,[7 2],96,103,118,7,103
1,<environment.Job instance at 0x15216719c7d0>,72,21,[6 2],102,126,147,24,118
1,<environment.Job instance at 0x15214912b140>,74,1,[8 2],105,147,148,42,130
1,<environment.Job instance at 0x15214912b5a0>,76,1,[1 6],107,131,132,24,131
1,<environment.Job instance at 0x15214912b8c0>,77,1,[ 1 10],112,148,149,36,132
1,<environment.Job instance at 0x152163890690>,78,14,[2 7],113,132,146,19,132
1,<environment.Job instance at 0x1521638905a0>,79,3,[7 1],114,149,152,35,133
1,<environment.Job instance at 0x15216488b690>,81,18,[6 1],116,152,170,36,141
1,<environment.Job instance at 0x15216a95b1e0>,84,18,[2 8],119,150,168,31,150
1,<environment.Job instance at 0x15216a95b910>,85,27,[7 1],121,170,197,49,169
1,<environment.Job instance at 0x15216a95ba50>,89,2,[2 6],126,183,185,57,183
1,<environment.Job instance at 0x15216a95bf50>,90,2,[9 1],128,197,199,69,183
1,<environment.Job instance at 0x152169abe910>,91,2,[8 1],130,199,201,69,183
1,<environment.Job instance at 0x152169abeaa0>,93,1,[8 1],134,201,202,67,184
1,<environment.Job instance at 0x152149304320>,94,1,[8 1],135,202,203,67,184
1,<environment.Job instance at 0x152149304500>,96,14,[1 9],138,185,199,47,184
1,<environment.Job instance at 0x152149304050>,99,12,[5 2],144,203,215,59,186
1,<environment.Job instance at 0x152149304f50>,103,3,[2 9],152,215,218,63,207
1,<environment.Job instance at 0x152149304910>,106,3,[ 2 10],159,218,221,59,209
1,<environment.Job instance at 0x152149304d70>,110,13,[1 5],167,221,234,54,213
1,<environment.Job instance at 0x15216afd3be0>,111,1,[2 7],168,213,214,45,213
1,<environment.Job instance at 0x15216afd35f0>,112,2,[2 5],169,221,223,52,213
1,<environment.Job instance at 0x15216afd33c0>,114,1,[10  2],171,234,235,63,213
1,<environment.Job instance at 0x1521625af370>,60,16,[ 1 10],83,235,251,152,224
1,<environment.Job instance at 0x15216afd3fa0>,119,2,[6 2],178,230,232,52,230
1,<environment.Job instance at 0x15216afd3c80>,120,16,[ 2 10],183,251,267,68,239
1,<environment.Job instance at 0x1521491665a0>,126,2,[1 8],191,267,269,76,251
1,<environment.Job instance at 0x152169105fa0>,42,1,[2 9],59,269,270,210,252
1,<environment.Job instance at 0x152149166410>,127,1,[8 2],193,267,268,74,252
1,<environment.Job instance at 0x152149166f00>,129,2,[2 8],196,270,272,74,252
1,<environment.Job instance at 0x15216afd3780>,116,17,[10  2],175,272,289,97,265
1,<environment.Job instance at 0x15214921be60>,132,2,[1 7],199,289,291,90,267
1,<environment.Job instance at 0x152169af16e0>,0,3,[8 1],2,2,5,0,2
1,<environment.Job instance at 0x152169af1370>,2,1,[1 5],5,12,13,7,12
1,<environment.Job instance at 0x152169af19b0>,8,2,[5 2],13,14,16,1,14
1,<environment.Job instance at 0x1521492d3910>,11,12,[5 2],16,17,29,1,17
1,<environment.Job instance at 0x1521492d3c80>,12,14,[2 8],18,18,32,0,18
1,<environment.Job instance at 0x152169af1dc0>,9,2,[6 2],14,29,31,15,18
1,<environment.Job instance at 0x152148dabe60>,21,2,[1 6],30,32,34,2,30
1,<environment.Job instance at 0x152148dab7d0>,22,24,[9 2],31,32,56,1,31
1,<environment.Job instance at 0x152148dabb90>,23,2,[8 2],33,56,58,23,34
1,<environment.Job instance at 0x152148dabaf0>,25,2,[6 2],35,58,60,23,35
1,<environment.Job instance at 0x152148dabc80>,29,1,[10  2],41,60,61,19,46
1,<environment.Job instance at 0x152148dab190>,30,3,[1 7],44,46,49,2,46
1,<environment.Job instance at 0x152169a266e0>,32,15,[7 2],46,61,76,15,47
1,<environment.Job instance at 0x152169a26320>,35,2,[1 5],49,61,63,12,60
1,<environment.Job instance at 0x152169a26a00>,36,2,[6 1],50,76,78,26,62
1,<environment.Job instance at 0x152169a263c0>,38,17,[8 1],53,78,95,25,66
1,<environment.Job instance at 0x152169a269b0>,39,1,[ 2 10],55,95,96,40,67
1,<environment.Job instance at 0x152169a26550>,42,2,[6 2],61,96,98,35,79
1,<environment.Job instance at 0x152148dab820>,24,14,[2 8],34,79,93,45,79
1,<environment.Job instance at 0x152169a26d70>,43,1,[2 5],62,93,94,31,79
1,<environment.Job instance at 0x15216550d3c0>,46,3,[2 6],68,96,99,28,80
1,<environment.Job instance at 0x15216550db90>,48,2,[ 2 10],72,99,101,27,81
1,<environment.Job instance at 0x15216550db40>,50,1,[2 5],74,94,95,20,82
1,<environment.Job instance at 0x15216550dbe0>,52,17,[6 2],76,101,118,25,89
1,<environment.Job instance at 0x1521648df050>,56,2,[2 7],81,101,103,20,89
1,<environment.Job instance at 0x1521648df820>,58,15,[5 2],83,118,133,35,104
1,<environment.Job instance at 0x1521648df320>,63,2,[2 7],93,106,108,13,106
1,<environment.Job instance at 0x1521488b60f0>,66,3,[8 2],98,133,136,35,107
1,<environment.Job instance at 0x1521488b65a0>,67,2,[8 1],100,136,138,36,109
1,<environment.Job instance at 0x1521488b6dc0>,68,3,[2 7],101,109,112,8,109
1,<environment.Job instance at 0x1521488b6d70>,69,1,[1 6],102,112,113,10,109
1,<environment.Job instance at 0x1521488b6b40>,72,15,[2 8],108,113,128,5,110
1,<environment.Job instance at 0x152163fd7320>,75,12,[7 1],111,138,150,27,121
1,<environment.Job instance at 0x152163898af0>,78,2,[2 8],115,128,130,13,121
1,<environment.Job instance at 0x152163898140>,79,16,[1 9],116,136,152,20,123
1,<environment.Job instance at 0x1521492d3190>,14,16,[7 1],21,150,166,129,141
1,<environment.Job instance at 0x152148dab050>,18,15,[2 9],27,152,167,125,143
1,<environment.Job instance at 0x152163898a50>,82,1,[2 9],119,167,168,48,151
1,<environment.Job instance at 0x152162530e10>,88,3,[1 8],130,168,171,38,162
1,<environment.Job instance at 0x152148dab280>,27,14,[9 1],39,168,182,129,163
1,<environment.Job instance at 0x152148e20230>,99,18,[2 7],149,182,200,33,181
1,<environment.Job instance at 0x152148aeaf50>,101,3,[6 2],155,192,195,37,192
1,<environment.Job instance at 0x1521493d4050>,92,2,[6 2],139,195,197,56,194
1,<environment.Job instance at 0x1521638c0be0>,104,19,[8 1],158,198,217,40,198
1,<environment.Job instance at 0x152163d59410>,110,1,[5 1],164,217,218,53,210
1,<environment.Job instance at 0x152148e02230>,111,2,[2 7],165,229,231,64,229
1,<environment.Job instance at 0x152168ff1280>,116,14,[2 7],170,233,247,63,233
1,<environment.Job instance at 0x152168ff1f50>,120,3,[9 1],177,247,250,70,240
1,<environment.Job instance at 0x15216487c7d0>,121,17,[2 6],178,250,267,72,247
1,<environment.Job instance at 0x152168fefdc0>,123,17,[1 9],181,267,284,86,260
1,<environment.Job instance at 0x1521625f75a0>,126,18,[2 9],184,290,308,106,290
1,<environment.Job instance at 0x152163edddc0>,5,16,[10  2],10,11,27,1,11
1,<environment.Job instance at 0x152163edd910>,8,12,[1 5],13,27,39,14,13
1,<environment.Job instance at 0x152163edd4b0>,9,2,[1 9],14,39,41,25,14
1,<environment.Job instance at 0x152163edd780>,12,2,[2 7],18,41,43,23,18
1,<environment.Job instance at 0x152169b1ccd0>,15,26,[2 6],22,43,69,21,40
1,<environment.Job instance at 0x152163d8a5f0>,23,12,[1 9],32,69,81,37,58
1,<environment.Job instance at 0x152163d8a8c0>,24,1,[1 9],33,81,82,48,61
1,<environment.Job instance at 0x152163d8a1e0>,17,15,[8 2],24,82,97,58,75
1,<environment.Job instance at 0x152163d8a230>,27,3,[1 7],36,82,85,46,78
1,<environment.Job instance at 0x152163d8a550>,30,1,[1 6],39,85,86,46,79
1,<environment.Job instance at 0x152163d8adc0>,31,27,[2 7],40,86,113,46,86
1,<environment.Job instance at 0x152164beef00>,34,3,[5 1],43,100,103,57,100
1,<environment.Job instance at 0x152148e20a50>,6,12,[1 9],11,113,125,102,101
1,<environment.Job instance at 0x152164beebe0>,39,2,[2 8],55,125,127,70,104
1,<environment.Job instance at 0x152164beeeb0>,42,3,[2 8],60,127,130,67,107
1,<environment.Job instance at 0x152164beea00>,43,3,[10  1],61,130,133,69,107
1,<environment.Job instance at 0x152169346230>,47,3,[8 1],65,107,110,42,107
1,<environment.Job instance at 0x152169346dc0>,48,3,[10  1],66,133,136,67,107
1,<environment.Job instance at 0x152163d8aaa0>,28,2,[9 2],37,136,138,99,113
1,<environment.Job instance at 0x152164886370>,60,2,[2 9],81,138,140,57,114
1,<environment.Job instance at 0x152164886730>,64,3,[2 6],85,140,143,55,114
1,<environment.Job instance at 0x152164886b40>,65,3,[6 2],87,125,128,38,114
1,<environment.Job instance at 0x1521691182d0>,74,1,[1 7],100,136,137,36,121
1,<environment.Job instance at 0x152169118730>,75,13,[ 1 10],101,143,156,42,127
1,<environment.Job instance at 0x1521691184b0>,78,13,[1 5],105,156,169,51,143
1,<environment.Job instance at 0x152148cee460>,81,2,[7 1],108,156,158,48,144
1,<environment.Job instance at 0x152169118cd0>,79,3,[ 1 10],106,169,172,63,146
1,<environment.Job instance at 0x152148d1c820>,85,13,[9 1],116,172,185,56,156
1,<environment.Job instance at 0x152148d1c0a0>,89,3,[6 1],120,158,161,38,156
1,<environment.Job instance at 0x152163e83cd0>,91,2,[2 8],123,185,187,62,160
1,<environment.Job instance at 0x152163d5bd70>,95,13,[2 5],132,187,200,55,172
1,<environment.Job instance at 0x152148e02190>,98,14,[7 1],135,185,199,50,175
1,<environment.Job instance at 0x152148ef0be0>,99,3,[2 6],136,200,203,64,175
1,<environment.Job instance at 0x152164024050>,101,1,[6 1],138,199,200,61,175
1,<environment.Job instance at 0x152169a62e60>,108,3,[1 8],147,203,206,56,193
1,<environment.Job instance at 0x152164886f50>,61,1,[1 7],82,206,207,124,193
1,<environment.Job instance at 0x15216b022dc0>,112,1,[ 1 10],153,207,208,54,196
1,<environment.Job instance at 0x15216afe6140>,117,3,[5 1],159,200,203,41,196
1,<environment.Job instance at 0x15216afe63c0>,118,18,[5 2],160,208,226,48,197
1,<environment.Job instance at 0x15216afe6af0>,115,1,[2 8],157,208,209,51,197
1,<environment.Job instance at 0x152148f851e0>,121,13,[9 2],168,226,239,58,210
1,<environment.Job instance at 0x1521600b0d70>,125,13,[1 6],173,222,235,49,222
1,<environment.Job instance at 0x152148fd5730>,130,12,[5 2],178,239,251,61,225
1,<environment.Job instance at 0x152168ff6be0>,134,14,[6 1],186,377,391,191,377
1,<environment.Job instance at 0x1521649ce0f0>,133,1,[10  1],185,414,415,229,414
1,<environment.Job instance at 0x1521648d4b40>,140,2,[9 1],194,444,446,250,444
1,<environment.Job instance at 0x152168ff6550>,139,2,[7 2],192,446,448,254,445
1,<environment.Job instance at 0x152168ff6e10>,137,3,[1 6],190,463,466,273,463
1,<environment.Job instance at 0x152148eb5fa0>,3,1,[2 6],7,7,8,0,7
1,<environment.Job instance at 0x152148fde7d0>,5,16,[ 1 10],10,10,26,0,10
1,<environment.Job instance at 0x152148eb9190>,7,2,[7 2],12,26,28,14,16
1,<environment.Job instance at 0x152162833730>,11,16,[1 8],17,26,42,9,17
1,<environment.Job instance at 0x152162833af0>,10,3,[7 2],16,28,31,12,23
1,<environment.Job instance at 0x152162833d20>,13,1,[2 9],21,42,43,21,23
1,<environment.Job instance at 0x152148cf3be0>,18,1,[1 9],27,43,44,16,28
1,<environment.Job instance at 0x152148cf37d0>,21,1,[1 6],31,44,45,13,32
1,<environment.Job instance at 0x152163ce6460>,25,2,[1 7],36,45,47,9,37
1,<environment.Job instance at 0x152163ce6370>,27,1,[7 1],38,38,39,0,38
1,<environment.Job instance at 0x152163ce6910>,28,13,[7 1],39,40,53,1,40
1,<environment.Job instance at 0x152163ce6050>,26,3,[1 6],37,47,50,10,44
1,<environment.Job instance at 0x152163ce6e60>,33,1,[2 8],45,50,51,5,45
1,<environment.Job instance at 0x152163ce6dc0>,30,14,[10  2],42,53,67,11,47
1,<environment.Job instance at 0x152163fe10a0>,39,3,[9 1],51,67,70,16,51
1,<environment.Job instance at 0x152163ce6780>,32,3,[7 2],44,70,73,26,54
1,<environment.Job instance at 0x152163fe13c0>,36,13,[2 7],48,87,100,39,87
1,<environment.Job instance at 0x152163fe1500>,49,14,[1 8],63,100,114,37,91
1,<environment.Job instance at 0x152163fe1fa0>,50,3,[10  1],65,114,117,49,98
1,<environment.Job instance at 0x152163dbf4b0>,51,3,[ 1 10],67,117,120,50,98
1,<environment.Job instance at 0x152163fe1aa0>,44,18,[1 6],57,120,138,63,113
1,<environment.Job instance at 0x152163dbf1e0>,54,12,[5 1],73,120,132,47,113
1,<environment.Job instance at 0x152163dbfe10>,58,2,[5 1],79,132,134,53,124
1,<environment.Job instance at 0x152163dbf410>,63,3,[8 1],87,134,137,47,132
1,<environment.Job instance at 0x152163dbf9b0>,65,1,[2 7],89,138,139,49,132
1,<environment.Job instance at 0x152163dbf280>,66,2,[ 1 10],90,139,141,49,132
1,<environment.Job instance at 0x152163dbf690>,64,1,[1 6],88,141,142,53,132
1,<environment.Job instance at 0x152163f9fd20>,69,1,[5 1],94,137,138,43,133
1,<environment.Job instance at 0x152148ee3500>,74,13,[ 2 10],99,142,155,43,135
1,<environment.Job instance at 0x152163e610a0>,68,2,[9 1],92,155,157,63,140
1,<environment.Job instance at 0x152148fb6dc0>,82,2,[1 6],112,155,157,43,140
1,<environment.Job instance at 0x152148fb6aa0>,83,12,[ 1 10],114,157,169,43,140
1,<environment.Job instance at 0x152163dbffa0>,60,22,[1 7],82,169,191,87,165
1,<environment.Job instance at 0x15216388ccd0>,89,1,[2 6],121,191,192,70,168
1,<environment.Job instance at 0x152160087a00>,88,13,[9 2],120,169,182,49,168
1,<environment.Job instance at 0x1521491e0820>,91,1,[2 5],123,192,193,69,176
1,<environment.Job instance at 0x1521626140a0>,93,2,[10  1],126,193,195,67,178
1,<environment.Job instance at 0x152148fce3c0>,95,1,[ 2 10],129,195,196,66,185
1,<environment.Job instance at 0x152162614780>,92,17,[1 8],125,196,213,71,186
1,<environment.Job instance at 0x152148d8deb0>,97,3,[1 6],131,213,216,82,189
1,<environment.Job instance at 0x152148b497d0>,104,2,[7 1],139,207,209,68,207
1,<environment.Job instance at 0x15216999ae60>,112,3,[6 1],150,323,326,173,323
1,<environment.Job instance at 0x1521649a9d70>,115,3,[2 5],156,344,347,188,344
1,<environment.Job instance at 0x1521649a9460>,116,1,[1 6],157,348,349,191,348
1,<environment.Job instance at 0x1521649a9820>,119,2,[7 2],160,359,361,199,359
1,<environment.Job instance at 0x152169ab8780>,123,13,[6 1],164,369,382,205,369
1,<environment.Job instance at 0x152169ab8fa0>,124,2,[1 5],165,371,373,206,371
1,<environment.Job instance at 0x1521693671e0>,127,3,[1 7],168,381,384,213,381
1,<environment.Job instance at 0x1521648f5050>,132,1,[ 2 10],177,391,392,214,391
1,<environment.Job instance at 0x152169a5c230>,133,2,[1 9],179,392,394,213,391
1,<environment.Job instance at 0x152169a5c960>,136,21,[5 2],184,394,415,210,392
1,<environment.Job instance at 0x152169a5c550>,138,14,[2 5],186,394,408,208,392
1,<environment.Job instance at 0x152148dabd20>,141,2,[2 9],189,415,417,226,392
1,<environment.Job instance at 0x1521491563c0>,145,2,[7 2],196,417,419,221,392
1,<environment.Job instance at 0x152169a5c7d0>,134,2,[5 2],181,408,410,227,392
1,<environment.Job instance at 0x152149156c30>,143,2,[8 2],193,419,421,226,399
1,<environment.Job instance at 0x152169a62410>,0,3,[10  2],1,1,4,0,1
1,<environment.Job instance at 0x152169a62870>,2,3,[7 1],4,8,11,4,8
1,<environment.Job instance at 0x152148fcee60>,4,2,[6 2],7,11,13,4,11
1,<environment.Job instance at 0x152163d8af00>,8,3,[10  1],12,13,16,1,12
1,<environment.Job instance at 0x152163d8ab40>,10,16,[1 5],17,20,36,3,20
1,<environment.Job instance at 0x152163d8a500>,12,27,[6 1],19,25,52,6,25
1,<environment.Job instance at 0x152163da11e0>,18,1,[2 7],28,36,37,8,32
1,<environment.Job instance at 0x152163da1aa0>,20,15,[ 2 10],31,52,67,21,40
1,<environment.Job instance at 0x152163da12d0>,17,12,[9 1],27,67,79,40,50
1,<environment.Job instance at 0x152163da1140>,24,12,[2 6],37,110,122,73,110
1,<environment.Job instance at 0x152163da1190>,22,13,[7 1],35,121,134,86,121
1,<environment.Job instance at 0x152163da1c80>,23,15,[2 6],36,154,169,118,154
1,<environment.Job instance at 0x152163da10f0>,26,1,[9 2],41,169,170,128,156
1,<environment.Job instance at 0x152163da1410>,29,2,[2 8],45,170,172,125,162
1,<environment.Job instance at 0x152163da1f50>,30,1,[10  2],46,212,213,166,212
1,<environment.Job instance at 0x152162532280>,39,1,[1 6],61,249,250,188,249
1,<environment.Job instance at 0x152162532b40>,42,12,[10  1],66,273,285,207,273
1,<environment.Job instance at 0x152162532a00>,44,1,[2 8],68,315,316,247,315
1,<environment.Job instance at 0x152169acd5f0>,52,3,[2 9],77,346,349,269,346
1,<environment.Job instance at 0x152169acd280>,54,3,[2 8],79,396,399,317,396
1,<environment.Job instance at 0x152169acda00>,55,1,[8 1],80,400,401,320,400
1,<environment.Job instance at 0x152169acd140>,53,17,[1 9],78,439,456,361,439
1,<environment.Job instance at 0x152169acd910>,57,2,[6 1],82,443,445,361,443
1,<environment.Job instance at 0x152169acdb40>,58,1,[6 1],84,454,455,370,454
1,<environment.Job instance at 0x152169acd690>,59,2,[2 5],86,456,458,370,456
1,<environment.Job instance at 0x152162532c80>,50,23,[1 9],74,474,497,400,474
1,<environment.Job instance at 0x152169acd5a0>,67,1,[1 5],98,497,498,399,488
1,<environment.Job instance at 0x152169acd6e0>,64,3,[ 2 10],93,498,501,405,490
1,<environment.Job instance at 0x15214908ff50>,75,2,[2 7],112,509,511,397,509
1,<environment.Job instance at 0x152163e8b410>,77,18,[2 7],115,517,535,402,517
1,<environment.Job instance at 0x152164939730>,78,2,[2 6],117,535,537,418,523
1,<environment.Job instance at 0x152163e8bf00>,79,3,[6 2],118,524,527,406,524
1,<environment.Job instance at 0x152163e8bb40>,81,17,[2 7],123,537,554,414,526
1,<environment.Job instance at 0x152163e8b780>,83,13,[9 2],125,554,567,429,538
1,<environment.Job instance at 0x152163e8b3c0>,84,3,[8 2],127,543,546,416,543
1,<environment.Job instance at 0x152163e8be60>,86,3,[7 1],130,546,549,416,543
1,<environment.Job instance at 0x152163e8b0f0>,89,18,[2 7],135,636,654,501,636
1,<environment.Job instance at 0x152163e8b7d0>,88,16,[1 8],133,667,683,534,667
1,<environment.Job instance at 0x152163e8beb0>,90,16,[1 8],136,723,739,587,723
1,<environment.Job instance at 0x152163e8b5f0>,93,2,[8 2],141,725,727,584,725
1,<environment.Job instance at 0x152148c36c80>,92,3,[6 1],140,794,797,654,794
1,<environment.Job instance at 0x1521649aa230>,102,3,[2 6],151,806,809,655,806
1,<environment.Job instance at 0x152163f6bc80>,104,2,[5 2],154,821,823,667,821
1,<environment.Job instance at 0x15214913f820>,105,1,[7 2],155,823,824,668,822
1,<environment.Job instance at 0x152148fe1370>,106,15,[10  2],156,824,839,668,823
1,<environment.Job instance at 0x152163f9c960>,112,2,[8 1],163,839,841,676,825
1,<environment.Job instance at 0x15214920ab40>,118,2,[2 5],175,839,841,664,826
1,<environment.Job instance at 0x1521490e0960>,119,2,[1 6],176,841,843,665,826
1,<environment.Job instance at 0x1521490e0eb0>,120,12,[ 1 10],178,843,855,665,826
1,<environment.Job instance at 0x1521490e06e0>,122,17,[2 8],180,896,913,716,896
1,<environment.Job instance at 0x152169077a50>,132,23,[7 1],193,1405,1428,1212,1405
1,<environment.Job instance at 0x152167182960>,129,3,[9 1],190,1428,1431,1238,1428
1,<environment.Job instance at 0x1521600dfe60>,133,22,[5 2],194,1440,1462,1246,1440
1,<environment.Job instance at 0x1521492b65a0>,136,3,[ 2 10],198,1462,1465,1264,1440
1,<environment.Job instance at 0x1521492b6960>,137,1,[2 7],199,1454,1455,1255,1454
1,<environment.Job instance at 0x15216496a910>,135,2,[2 9],197,1471,1473,1274,1471
1,<environment.Job instance at 0x152162858cd0>,98,26,[1 6],146,1528,1554,1382,1528
1,<environment.Job instance at 0x152163d46780>,3,3,[9 1],5,5,8,0,5
1,<environment.Job instance at 0x152148d1cbe0>,0,2,[ 2 10],2,8,10,6,5
1,<environment.Job instance at 0x152163d46500>,2,21,[5 1],4,10,31,6,9
1,<environment.Job instance at 0x152148ee80a0>,7,2,[ 2 10],11,31,33,20,13
1,<environment.Job instance at 0x152163f444b0>,13,12,[1 6],24,33,45,9,24
1,<environment.Job instance at 0x152148f850f0>,14,15,[6 2],27,33,48,6,27
1,<environment.Job instance at 0x1521490bae60>,20,2,[6 2],36,48,50,12,36
1,<environment.Job instance at 0x1521492f5190>,27,2,[5 1],48,53,55,5,53
1,<environment.Job instance at 0x1521492f5730>,29,15,[5 1],51,55,70,4,55
1,<environment.Job instance at 0x152148ee8280>,11,24,[2 7],21,64,88,43,64
1,<environment.Job instance at 0x1521492f50f0>,31,3,[2 8],53,88,91,35,64
1,<environment.Job instance at 0x152164875be0>,25,1,[7 2],44,70,71,26,65
1,<environment.Job instance at 0x152162501e10>,34,2,[1 7],57,91,93,34,65
1,<environment.Job instance at 0x1521625019b0>,38,2,[5 1],63,92,94,29,92
1,<environment.Job instance at 0x152163f73f00>,46,2,[6 1],77,94,96,17,93
1,<environment.Job instance at 0x1521492886e0>,48,2,[2 7],79,94,96,15,94
1,<environment.Job instance at 0x152163ff4e60>,52,1,[8 2],85,96,97,11,95
1,<environment.Job instance at 0x152149288500>,51,3,[6 2],84,102,105,18,102
1,<environment.Job instance at 0x152149288b90>,49,1,[1 7],80,106,107,26,106
1,<environment.Job instance at 0x1521638b9690>,53,18,[9 2],86,109,127,23,109
1,<environment.Job instance at 0x152164c6fdc0>,61,3,[6 2],98,127,130,29,118
1,<environment.Job instance at 0x152164c6fcd0>,67,2,[8 1],110,130,132,20,130
1,<environment.Job instance at 0x152164c6fb40>,64,3,[7 2],106,132,135,26,130
1,<environment.Job instance at 0x152164c6f8c0>,65,15,[8 1],107,135,150,28,130
1,<environment.Job instance at 0x152164c6f0f0>,68,2,[7 1],113,150,152,37,132
1,<environment.Job instance at 0x152164c6f460>,70,3,[1 6],116,133,136,17,133
1,<environment.Job instance at 0x152164c6faf0>,71,2,[6 1],117,152,154,35,135
1,<environment.Job instance at 0x152169995aa0>,73,3,[1 6],119,136,139,17,136
1,<environment.Job instance at 0x1521699955a0>,79,1,[10  2],134,154,155,20,142
1,<environment.Job instance at 0x152162551d20>,82,3,[6 1],137,155,158,18,148
1,<environment.Job instance at 0x152169995050>,77,16,[2 6],131,155,171,24,151
1,<environment.Job instance at 0x152163f04d20>,90,13,[1 7],154,171,184,17,169
1,<environment.Job instance at 0x152163f04d70>,94,22,[7 2],158,173,195,15,173
1,<environment.Job instance at 0x152148e87870>,101,14,[1 6],168,194,208,26,194
1,<environment.Job instance at 0x152148e87410>,102,2,[6 2],169,197,199,28,197
1,<environment.Job instance at 0x152148e878c0>,104,3,[7 1],171,212,215,41,212
1,<environment.Job instance at 0x152148e87820>,105,3,[1 7],173,215,218,42,215
1,<environment.Job instance at 0x152148e87280>,107,2,[5 1],176,224,226,48,224
1,<environment.Job instance at 0x152148e87d70>,99,21,[2 7],165,244,265,79,244
1,<environment.Job instance at 0x152148f52460>,110,18,[2 5],179,276,294,97,276
1,<environment.Job instance at 0x152148f52cd0>,112,1,[6 1],181,280,281,99,280
1,<environment.Job instance at 0x152148f528c0>,111,21,[1 8],180,294,315,114,294
1,<environment.Job instance at 0x152148f52dc0>,108,1,[8 1],177,298,299,121,298
1,<environment.Job instance at 0x152148f526e0>,116,1,[5 1],186,309,310,123,309
1,<environment.Job instance at 0x152148f525a0>,113,15,[2 6],183,327,342,144,327
1,<environment.Job instance at 0x15216005df50>,122,12,[10  2],195,342,354,147,330
1,<environment.Job instance at 0x152148f520f0>,118,18,[2 9],190,354,372,164,354
1,<environment.Job instance at 0x152162847e60>,0,1,[5 1],1,4,5,3,4
1,<environment.Job instance at 0x152163f834b0>,1,1,[2 6],3,7,8,4,7
1,<environment.Job instance at 0x1521489294b0>,8,1,[7 2],11,12,13,1,12
1,<environment.Job instance at 0x1521489291e0>,6,15,[8 1],9,18,33,9,18
1,<environment.Job instance at 0x152148929a50>,13,13,[8 2],18,33,46,15,26
1,<environment.Job instance at 0x1521489298c0>,16,2,[6 1],22,52,54,30,52
1,<environment.Job instance at 0x1521488f4af0>,21,3,[6 1],30,117,120,87,117
1,<environment.Job instance at 0x1521488f4780>,22,2,[1 6],31,126,128,95,126
1,<environment.Job instance at 0x1521488f46e0>,24,2,[8 1],36,127,129,91,127
1,<environment.Job instance at 0x1521488f45f0>,25,3,[5 2],37,130,133,93,130
1,<environment.Job instance at 0x1521488f4f50>,29,19,[2 7],41,138,157,97,138
1,<environment.Job instance at 0x1521488f4a00>,30,2,[1 6],42,157,159,115,142
1,<environment.Job instance at 0x1521488f4b90>,28,16,[2 9],40,159,175,119,151
1,<environment.Job instance at 0x1521488f4fa0>,31,3,[8 2],43,156,159,113,156
1,<environment.Job instance at 0x1521488f40a0>,33,17,[9 1],45,175,192,130,169
1,<environment.Job instance at 0x1521488f4a50>,37,16,[ 1 10],52,231,247,179,231
1,<environment.Job instance at 0x1521488f4b40>,40,24,[2 7],56,292,316,236,292
1,<environment.Job instance at 0x1521488f4f00>,32,13,[2 7],44,316,329,272,305
1,<environment.Job instance at 0x1521488f4190>,41,1,[8 1],57,342,343,285,342
1,<environment.Job instance at 0x1521488f42d0>,43,18,[2 5],59,347,365,288,347
1,<environment.Job instance at 0x1521488f82d0>,47,2,[2 9],68,365,367,297,352
1,<environment.Job instance at 0x1521488f8460>,48,3,[ 2 10],69,367,370,298,360
1,<environment.Job instance at 0x1521488f87d0>,53,13,[1 8],77,379,392,302,379
1,<environment.Job instance at 0x1521488f8910>,55,3,[ 1 10],80,392,395,312,380
1,<environment.Job instance at 0x1521488f8a00>,56,1,[1 7],81,395,396,314,380
1,<environment.Job instance at 0x1521488f8cd0>,61,1,[1 5],90,396,397,306,382
1,<environment.Job instance at 0x1521489060a0>,67,3,[2 7],104,397,400,293,384
1,<environment.Job instance at 0x152148906320>,70,2,[2 7],108,400,402,292,384
1,<environment.Job instance at 0x152148906460>,72,16,[6 2],110,395,411,285,385
1,<environment.Job instance at 0x152148906870>,79,17,[ 2 10],119,411,428,292,399
1,<environment.Job instance at 0x152148911820>,92,1,[2 7],140,428,429,288,412
1,<environment.Job instance at 0x1521489118c0>,94,3,[ 1 10],144,429,432,285,413
1,<environment.Job instance at 0x1521489119b0>,95,15,[9 2],146,432,447,286,425
1,<environment.Job instance at 0x152148911870>,96,3,[7 1],147,447,450,300,426
1,<environment.Job instance at 0x152148911b40>,97,2,[1 8],148,432,434,284,426
1,<environment.Job instance at 0x152148911eb0>,102,2,[10  1],156,450,452,294,431
1,<environment.Job instance at 0x152148911f50>,103,2,[ 1 10],157,452,454,295,432
1,<environment.Job instance at 0x152148904190>,104,14,[7 1],158,454,468,296,439
1,<environment.Job instance at 0x1521489043c0>,106,1,[7 2],160,468,469,308,445
1,<environment.Job instance at 0x152148904410>,108,16,[1 5],164,454,470,290,445
1,<environment.Job instance at 0x152148904460>,109,3,[ 2 10],166,470,473,304,446
1,<environment.Job instance at 0x1521489045f0>,112,15,[8 2],169,473,488,304,460
1,<environment.Job instance at 0x1521489110a0>,90,14,[2 6],138,473,487,335,460
1,<environment.Job instance at 0x152148904870>,115,3,[1 5],173,487,490,314,461
1,<environment.Job instance at 0x152148904a00>,117,1,[2 9],175,490,491,315,462
1,<environment.Job instance at 0x152148904780>,116,3,[1 9],174,491,494,317,474
1,<environment.Job instance at 0x152148904eb0>,126,2,[1 7],187,497,499,310,497
1,<environment.Job instance at 0x1521488f1fa0>,128,3,[1 5],191,502,505,311,502
1,<environment.Job instance at 0x1521488f15f0>,129,13,[6 1],192,503,516,311,503
1,<environment.Job instance at 0x1521488f1a00>,130,3,[7 2],193,516,519,323,511
1,<environment.Job instance at 0x1521488f1c30>,131,1,[6 2],194,519,520,325,518
1,<environment.Job instance at 0x1521489195a0>,0,22,[1 5],1,4,26,3,4
1,<environment.Job instance at 0x152148919500>,1,2,[2 6],3,26,28,23,5
1,<environment.Job instance at 0x152148db40f0>,3,2,[2 8],10,28,30,18,13
1,<environment.Job instance at 0x152148db4d70>,5,1,[5 2],13,13,14,0,13
1,<environment.Job instance at 0x152148db4320>,4,1,[10  2],11,30,31,19,13
1,<environment.Job instance at 0x152148dcb0f0>,7,1,[5 2],16,17,18,1,17
1,<environment.Job instance at 0x152148dcbf00>,10,3,[9 2],23,23,26,0,23
1,<environment.Job instance at 0x152148dcbd20>,12,14,[5 1],26,31,45,5,28
1,<environment.Job instance at 0x152148dcbf50>,13,2,[5 1],27,31,33,4,29
1,<environment.Job instance at 0x152149234b40>,18,16,[9 1],33,45,61,12,35
1,<environment.Job instance at 0x152149234c80>,19,3,[ 1 10],34,61,64,27,40
1,<environment.Job instance at 0x152148dcb3c0>,16,15,[2 9],30,64,79,34,50
1,<environment.Job instance at 0x152148db3cd0>,30,2,[10  2],51,79,81,28,53
1,<environment.Job instance at 0x152148db3370>,31,2,[6 2],52,81,83,29,55
1,<environment.Job instance at 0x152148db3d20>,34,1,[1 7],56,81,82,25,65
1,<environment.Job instance at 0x152148db3550>,37,14,[5 2],63,83,97,20,72
1,<environment.Job instance at 0x152148db39b0>,36,18,[5 1],58,83,101,25,73
1,<environment.Job instance at 0x152148dbbc30>,39,2,[2 5],65,97,99,32,73
1,<environment.Job instance at 0x152148dbb370>,42,3,[9 1],70,101,104,31,88
1,<environment.Job instance at 0x152148dbb2d0>,46,13,[10  1],77,104,117,27,88
1,<environment.Job instance at 0x152148db3c30>,38,12,[2 6],64,117,129,53,101
1,<environment.Job instance at 0x152148dbb3c0>,49,16,[10  2],84,129,145,45,123
1,<environment.Job instance at 0x152149249e60>,52,3,[2 9],88,145,148,57,130
1,<environment.Job instance at 0x152149249460>,51,1,[7 2],87,148,149,61,130
1,<environment.Job instance at 0x152148a38a00>,57,12,[2 7],96,148,160,52,135
1,<environment.Job instance at 0x152148a38280>,61,1,[7 1],100,145,146,45,136
1,<environment.Job instance at 0x152148db37d0>,32,3,[5 1],53,149,152,96,141
1,<environment.Job instance at 0x1521625d2dc0>,68,1,[5 1],108,152,153,44,148
1,<environment.Job instance at 0x152148a38eb0>,69,1,[5 1],109,153,154,44,151
1,<environment.Job instance at 0x15216497ec30>,70,1,[10  2],110,160,161,50,154
1,<environment.Job instance at 0x1521624ef4b0>,75,1,[1 9],119,161,162,42,156
1,<environment.Job instance at 0x152148e2eaa0>,73,3,[9 2],117,162,165,45,158
1,<environment.Job instance at 0x152148ce5410>,76,12,[8 2],120,166,178,46,166
1,<environment.Job instance at 0x152162094a00>,79,3,[2 7],123,171,174,48,171
1,<environment.Job instance at 0x152163eddaf0>,80,14,[2 7],124,174,188,50,171
1,<environment.Job instance at 0x152162094b40>,85,1,[8 2],131,183,184,52,183
1,<environment.Job instance at 0x152149283550>,82,17,[2 9],126,207,224,81,207
1,<environment.Job instance at 0x152149274a50>,99,1,[7 1],148,224,225,76,224
1,<environment.Job instance at 0x152163e99690>,101,1,[6 2],150,225,226,75,224
1,<environment.Job instance at 0x152163d83870>,102,14,[1 8],153,238,252,85,238
1,<environment.Job instance at 0x1521491a6d70>,93,3,[2 7],141,252,255,111,239
1,<environment.Job instance at 0x1521600e97d0>,112,1,[9 1],166,250,251,84,250
1,<environment.Job instance at 0x152164985b40>,121,16,[1 8],180,255,271,75,250
1,<environment.Job instance at 0x152148abb370>,108,12,[2 7],161,310,322,149,310
1,<environment.Job instance at 0x152163e995a0>,100,17,[10  1],149,353,370,204,353
1,<environment.Job instance at 0x152148b6bd20>,128,2,[6 2],190,381,383,191,381
1,<environment.Job instance at 0x152148db8640>,127,18,[2 6],189,386,404,197,386
1,<environment.Job instance at 0x152148b4d0a0>,130,3,[8 2],193,438,441,245,438
1,<environment.Job instance at 0x152169a53af0>,3,3,[7 2],4,4,7,0,4
1,<environment.Job instance at 0x152164974500>,12,2,[1 8],15,16,18,1,16
1,<environment.Job instance at 0x152162551500>,14,16,[1 9],17,18,34,1,17
1,<environment.Job instance at 0x152162551eb0>,13,16,[2 8],16,34,50,18,25
1,<environment.Job instance at 0x1521625514b0>,19,2,[2 5],26,50,52,24,30
1,<environment.Job instance at 0x152148d28370>,21,2,[1 7],29,52,54,23,34
1,<environment.Job instance at 0x152162551af0>,22,15,[1 7],30,61,76,31,61
1,<environment.Job instance at 0x152148d28af0>,23,3,[1 9],31,76,79,45,68
1,<environment.Job instance at 0x1521625519b0>,17,18,[1 8],20,79,97,59,74
1,<environment.Job instance at 0x152148d28140>,30,1,[8 1],39,75,76,36,75
1,<environment.Job instance at 0x15216b1a6370>,34,28,[2 6],43,131,159,88,131
1,<environment.Job instance at 0x15216b1a6190>,36,2,[2 7],47,159,161,112,154
1,<environment.Job instance at 0x15216282fcd0>,40,3,[1 6],52,161,164,109,160
1,<environment.Job instance at 0x15216282f460>,39,3,[1 5],50,166,169,116,166
1,<environment.Job instance at 0x15216282f550>,43,13,[1 6],59,180,193,121,180
1,<environment.Job instance at 0x15216b1a61e0>,33,3,[1 7],42,193,196,151,182
1,<environment.Job instance at 0x15216282feb0>,48,1,[1 7],69,240,241,171,240
1,<environment.Job instance at 0x15216282f320>,51,18,[2 9],74,248,266,174,248
1,<environment.Job instance at 0x152162551960>,18,2,[ 2 10],21,266,268,245,259
1,<environment.Job instance at 0x152148c6a8c0>,56,2,[2 5],80,268,270,188,268
1,<environment.Job instance at 0x152148c6a640>,57,14,[1 6],81,271,285,190,271
1,<environment.Job instance at 0x152148c6ab40>,58,3,[8 1],82,271,274,189,271
1,<environment.Job instance at 0x152148c6a050>,60,18,[ 2 10],84,317,335,233,317
1,<environment.Job instance at 0x152148c6a500>,61,18,[8 2],86,335,353,249,331
1,<environment.Job instance at 0x152148c6acd0>,64,3,[10  2],89,353,356,264,344
1,<environment.Job instance at 0x152148c6a0a0>,65,21,[10  2],90,356,377,266,350
1,<environment.Job instance at 0x152148c6ae10>,66,2,[ 2 10],91,377,379,286,357
1,<environment.Job instance at 0x152148c6a1e0>,67,3,[1 5],92,379,382,287,359
1,<environment.Job instance at 0x1521620cb3c0>,70,1,[5 1],101,379,380,278,359
1,<environment.Job instance at 0x1521620cbfa0>,71,2,[2 9],102,382,384,280,359
1,<environment.Job instance at 0x152163dab1e0>,73,2,[9 1],105,380,382,275,365
1,<environment.Job instance at 0x152148c6a410>,68,3,[6 1],98,382,385,284,365
1,<environment.Job instance at 0x15216282f410>,45,1,[1 9],65,384,385,319,365
1,<environment.Job instance at 0x152148d8d820>,79,2,[9 1],113,385,387,272,365
1,<environment.Job instance at 0x152169a1d8c0>,72,1,[5 1],103,387,388,284,365
1,<environment.Job instance at 0x1521699b8b90>,84,3,[2 5],121,387,390,266,366
1,<environment.Job instance at 0x1521648c19b0>,88,3,[2 7],126,390,393,264,366
1,<environment.Job instance at 0x152169a2b140>,90,18,[6 2],128,388,406,260,378
1,<environment.Job instance at 0x15214932ae60>,93,12,[10  2],132,406,418,274,389
1,<environment.Job instance at 0x152149024b40>,100,2,[6 1],145,418,420,273,398
1,<environment.Job instance at 0x152163cf0fa0>,102,1,[6 1],148,420,421,272,398
1,<environment.Job instance at 0x1521492fab90>,116,2,[9 2],167,421,423,254,410
1,<environment.Job instance at 0x1521492fad20>,117,3,[2 7],168,418,421,250,410
1,<environment.Job instance at 0x1521492faaa0>,120,2,[9 2],171,423,425,252,411
1,<environment.Job instance at 0x1521492facd0>,121,12,[9 1],172,425,437,253,411
1,<environment.Job instance at 0x152169a1a1e0>,125,16,[1 7],178,423,439,245,423
1,<environment.Job instance at 0x152169a1aeb0>,126,27,[2 7],179,439,466,260,439
1,<environment.Job instance at 0x152148d1d370>,129,28,[8 1],182,439,467,257,439
1,<environment.Job instance at 0x152148c02550>,131,18,[2 6],186,466,484,280,457
1,<environment.Job instance at 0x152148c02820>,134,18,[1 9],189,484,502,295,481
1,<environment.Job instance at 0x152148c02230>,135,15,[7 1],190,481,496,291,481
1,<environment.Job instance at 0x152148c02cd0>,136,1,[1 9],191,502,503,311,481
1,<environment.Job instance at 0x152148c025f0>,138,15,[10  1],194,503,518,309,490
