iteration,job object,job ID,job Length,job ressource requirement,job enter time,job start time,job finish time,job waiting time,current time
1,<environment.Job instance at 0x145dfdbb7320>,0,1,[2 5],1,4,5,3,4
1,<environment.Job instance at 0x145df4173690>,3,3,[6 2],6,6,9,0,6
1,<environment.Job instance at 0x145dfdc01d70>,4,2,[ 1 13],7,9,11,2,9
1,<environment.Job instance at 0x145dfdc01960>,1,17,[6 1],3,21,38,18,21
1,<environment.Job instance at 0x145df41b7190>,6,16,[10  2],9,13,29,4,13
1,<environment.Job instance at 0x145db7f643c0>,3,15,[11  1],4,5,20,1,5
1,<environment.Job instance at 0x145df42273c0>,3,25,[12  2],4,5,30,1,5
1,<environment.Job instance at 0x145dfc1f90a0>,5,2,[8 2],9,10,12,1,10
1,<environment.Job instance at 0x145db7e8fbe0>,3,16,[8 2],6,22,38,16,22
1,<environment.Job instance at 0x145e04ff9aa0>,7,3,[2 9],9,11,14,2,11
1,<environment.Job instance at 0x145e05018c80>,5,1,[2 5],6,12,13,6,12
1,<environment.Job instance at 0x145db7e806e0>,3,1,[13  1],4,38,39,34,38
1,<environment.Job instance at 0x145dfff41eb0>,0,13,[7 2],2,3,16,1,3
1,<environment.Job instance at 0x145dfff41c80>,3,1,[1 6],7,8,9,1,8
1,<environment.Job instance at 0x145db7d617d0>,5,2,[ 1 10],8,11,13,3,11
1,<environment.Job instance at 0x145df46dec30>,6,15,[7 1],9,9,24,0,9
1,<environment.Job instance at 0x145db7d61dc0>,3,2,[1 9],6,10,12,4,10
1,<environment.Job instance at 0x145dfdb6c370>,6,17,[1 9],9,19,36,10,19
1,<environment.Job instance at 0x145dff2d5230>,2,1,[ 2 14],3,5,6,2,5
1,<environment.Job instance at 0x145df4238140>,3,1,[8 1],4,10,11,6,10
1,<environment.Job instance at 0x145df4238230>,5,15,[9 2],7,12,27,5,12
1,<environment.Job instance at 0x145df4238d20>,7,1,[1 6],9,12,13,3,12
1,<environment.Job instance at 0x145df4238c80>,0,3,[11  2],1,52,55,51,52
1,<environment.Job instance at 0x145e050a2550>,5,2,[1 8],9,11,13,2,11
1,<environment.Job instance at 0x145dfc21a960>,1,3,[12  1],4,19,22,15,19
1,<environment.Job instance at 0x145e050215f0>,1,13,[ 1 14],2,162,175,160,162
1,<environment.Job instance at 0x145e05027140>,4,2,[2 9],5,5,7,0,5
1,<environment.Job instance at 0x145df4062eb0>,1,3,[5 2],2,7,10,5,7
1,<environment.Job instance at 0x146aecaf3f00>,2,1,[2 5],3,5,6,2,5
1,<environment.Job instance at 0x146af6081af0>,3,1,[6 2],4,8,9,4,8
1,<environment.Job instance at 0x146aecb2a460>,0,1,[2 5],1,1,2,0,1
1,<environment.Job instance at 0x146aecb2a960>,4,2,[ 1 13],7,11,13,4,11
1,<environment.Job instance at 0x146aecb2ab90>,10,1,[2 7],15,17,18,2,17
1,<environment.Job instance at 0x146aecb1e230>,13,16,[10  2],19,20,36,1,20
1,<environment.Job instance at 0x146aaf183c80>,3,15,[11  1],4,9,24,5,9
1,<environment.Job instance at 0x146aaf10f820>,6,2,[ 1 10],10,10,12,0,10
1,<environment.Job instance at 0x146aecb394b0>,5,3,[10  2],8,24,27,16,14
1,<environment.Job instance at 0x146aaf178aa0>,12,3,[7 2],17,27,30,10,19
1,<environment.Job instance at 0x146aaf178500>,13,3,[1 8],18,40,43,22,40
1,<environment.Job instance at 0x146aaf10f870>,10,25,[12  2],14,114,139,100,114
1,<environment.Job instance at 0x146ae8126eb0>,7,3,[6 1],13,15,18,2,15
1,<environment.Job instance at 0x146ae8126050>,8,2,[2 5],15,22,24,7,22
1,<environment.Job instance at 0x146aaef137d0>,9,1,[13  1],14,16,17,2,16
1,<environment.Job instance at 0x146aaed5d0f0>,10,3,[1 9],15,20,23,5,20
1,<environment.Job instance at 0x146aaed5dbe0>,1,2,[6 2],3,8,10,5,8
1,<environment.Job instance at 0x146aee291e10>,6,15,[7 1],9,9,24,0,9
1,<environment.Job instance at 0x146aaf187870>,7,2,[14  1],10,24,26,14,12
1,<environment.Job instance at 0x146aaf37fa00>,9,3,[2 8],12,16,19,4,16
1,<environment.Job instance at 0x146aaec986e0>,2,1,[ 2 14],3,4,5,1,4
1,<environment.Job instance at 0x146aaec825f0>,6,2,[ 1 10],10,10,12,0,10
1,<environment.Job instance at 0x146aaec82690>,7,3,[11  2],11,11,14,0,11
1,<environment.Job instance at 0x146aaec82280>,10,1,[8 1],14,14,15,0,14
1,<environment.Job instance at 0x146ae8123aa0>,12,15,[9 2],17,17,32,0,17
1,<environment.Job instance at 0x146aaf345820>,4,3,[7 2],8,19,22,11,19
1,<environment.Job instance at 0x146aaeed0550>,7,13,[ 1 14],12,106,119,94,106
1,<environment.Job instance at 0x146aaf345500>,1,3,[12  1],4,124,127,120,124
1,<environment.Job instance at 0x146aaf2ea6e0>,0,3,[5 1],3,3,6,0,3
1,<environment.Job instance at 0x146aaf1f4fa0>,3,2,[1 9],8,10,12,2,10
1,<environment.Job instance at 0x146af16b1fa0>,14,18,[8 1],18,18,36,0,18
1,<environment.Job instance at 0x146af16b11e0>,9,3,[8 1],12,36,39,24,20
1,<environment.Job instance at 0x146aee3c6b90>,7,2,[6 2],13,13,15,0,13
1,<environment.Job instance at 0x146aee3c6280>,11,2,[1 5],19,20,22,1,20
1,<environment.Job instance at 0x146aaf210b90>,2,2,[5 2],4,4,6,0,4
1,<environment.Job instance at 0x146aaed48960>,6,16,[1 7],9,31,47,22,31
1,<environment.Job instance at 0x146aec5effa0>,11,3,[ 2 10],15,47,50,32,36
1,<environment.Job instance at 0x146aec5ef8c0>,12,3,[ 1 13],16,50,53,34,39
1,<environment.Job instance at 0x146aec5efeb0>,13,3,[1 5],19,42,45,23,42
1,<environment.Job instance at 0x146aec5ef050>,10,16,[1 7],14,53,69,39,42
1,<environment.Job instance at 0x146aaf210370>,3,2,[ 2 12],6,69,71,63,50
1,<environment.Job instance at 0x146aec5ef410>,7,13,[ 1 11],11,75,88,64,75
1,<environment.Job instance at 0x146aeedc9690>,2,18,[5 2],3,8,26,5,8
1,<environment.Job instance at 0x146aec5ef410>,5,18,[8 1],7,13,31,6,13
1,<environment.Job instance at 0x146aaf295c30>,8,1,[ 2 10],15,15,16,0,15
1,<environment.Job instance at 0x146aaf295320>,10,2,[ 1 10],17,18,20,1,18
1,<environment.Job instance at 0x146af35e2140>,11,3,[7 2],18,18,21,0,18
1,<environment.Job instance at 0x146aaee8ad70>,4,3,[1 7],9,12,15,3,12
1,<environment.Job instance at 0x146af35d0640>,6,20,[8 2],12,12,32,0,12
1,<environment.Job instance at 0x146aaf1b3af0>,3,16,[7 2],4,4,20,0,4
1,<environment.Job instance at 0x146aee466d20>,6,1,[1 8],8,9,10,1,9
1,<environment.Job instance at 0x146aee466e60>,11,15,[8 2],16,16,31,0,16
1,<environment.Job instance at 0x146aaf366460>,0,1,[6 2],1,1,2,0,1
1,<environment.Job instance at 0x146af3643aa0>,5,2,[1 6],12,14,16,2,14
1,<environment.Job instance at 0x146af3643a50>,6,1,[1 9],13,17,18,4,17
1,<environment.Job instance at 0x146af3643fa0>,9,18,[ 1 10],16,51,69,35,51
1,<environment.Job instance at 0x146aaf366730>,2,15,[ 1 11],7,131,146,124,131
1,<environment.Job instance at 0x146af36289b0>,3,1,[6 2],5,8,9,3,8
1,<environment.Job instance at 0x146aee304730>,5,14,[7 2],7,8,22,1,8
1,<environment.Job instance at 0x146aee3043c0>,8,2,[2 9],11,11,13,0,11
1,<environment.Job instance at 0x146aee304cd0>,7,3,[10  2],10,22,25,12,16
1,<environment.Job instance at 0x146aee304230>,9,3,[9 1],14,28,31,14,28
1,<environment.Job instance at 0x1532f2b8efa0>,2,1,[2 5],3,3,4,0,3
1,<environment.Job instance at 0x1532ead0f3c0>,21,3,[6 1],29,30,33,1,30
1,<environment.Job instance at 0x1532ead0fc30>,20,2,[ 1 13],27,59,61,32,59
1,<environment.Job instance at 0x1532e986f960>,3,1,[2 7],5,5,6,0,5
1,<environment.Job instance at 0x1532e986f460>,6,16,[10  2],9,10,26,1,10
1,<environment.Job instance at 0x1532e9579190>,13,3,[10  2],18,26,29,8,23
1,<environment.Job instance at 0x1532e958bf50>,15,1,[8 1],21,47,48,26,47
1,<environment.Job instance at 0x1532e958ea50>,20,3,[7 2],27,60,63,33,60
1,<environment.Job instance at 0x1532e958e960>,21,3,[1 8],28,63,66,35,63
1,<environment.Job instance at 0x1532e958eaf0>,19,1,[10  1],26,65,66,39,65
1,<environment.Job instance at 0x1532e958b0f0>,11,15,[11  1],14,210,225,196,210
1,<environment.Job instance at 0x1532e958edc0>,18,25,[12  2],24,414,439,390,414
1,<environment.Job instance at 0x1532e958edc0>,2,1,[2 9],5,5,6,0,5
1,<environment.Job instance at 0x1532e962bfa0>,0,2,[2 8],1,7,9,6,7
1,<environment.Job instance at 0x1532e962b7d0>,5,2,[8 2],9,11,13,2,11
1,<environment.Job instance at 0x1532c3bfd5a0>,14,17,[8 1],26,26,43,0,26
1,<environment.Job instance at 0x1532c3bcd1e0>,16,3,[9 2],28,43,46,15,33
1,<environment.Job instance at 0x1532e80340a0>,4,3,[1 9],5,5,8,0,5
1,<environment.Job instance at 0x1532e8034460>,5,1,[2 5],6,6,7,0,6
1,<environment.Job instance at 0x1532e0387230>,3,1,[13  1],4,8,9,4,8
1,<environment.Job instance at 0x1532e8034050>,2,3,[1 9],3,8,11,5,8
1,<environment.Job instance at 0x1532e03d7730>,15,3,[7 2],21,22,25,1,22
1,<environment.Job instance at 0x1532e8039e10>,16,14,[7 1],22,22,36,0,22
1,<environment.Job instance at 0x1532c3967640>,3,2,[1 9],6,8,10,2,8
1,<environment.Job instance at 0x1532c39170a0>,5,1,[2 5],8,16,17,8,16
1,<environment.Job instance at 0x1532c38d65f0>,13,16,[8 1],17,17,33,0,17
1,<environment.Job instance at 0x1532c38d6370>,19,1,[8 2],24,76,77,52,76
1,<environment.Job instance at 0x1532c38d6eb0>,12,13,[ 1 10],16,76,89,60,76
1,<environment.Job instance at 0x1532c38d6190>,20,15,[5 1],25,78,93,53,78
1,<environment.Job instance at 0x1532c3df8b90>,21,18,[1 8],26,89,107,63,83
1,<environment.Job instance at 0x1532c38f6280>,18,1,[ 2 14],23,113,114,90,113
1,<environment.Job instance at 0x1532c3962cd0>,7,2,[14  1],10,130,132,120,130
1,<environment.Job instance at 0x1532e95c7050>,5,15,[9 2],7,10,25,3,10
1,<environment.Job instance at 0x1532e95c7690>,7,1,[1 6],9,10,11,1,10
1,<environment.Job instance at 0x1532e95c7be0>,8,1,[1 7],10,12,13,2,12
1,<environment.Job instance at 0x1532c3962cd0>,6,18,[2 6],8,13,31,5,13
1,<environment.Job instance at 0x1532e95c7370>,10,3,[12  1],14,25,28,11,24
1,<environment.Job instance at 0x1532e95c7d70>,11,1,[1 8],16,25,26,9,25
1,<environment.Job instance at 0x1532c3b030a0>,15,3,[1 7],21,30,33,9,30
1,<environment.Job instance at 0x1532c3b03230>,17,27,[1 8],23,36,63,13,36
1,<environment.Job instance at 0x1532c3b03460>,20,12,[6 1],26,50,62,24,50
1,<environment.Job instance at 0x1532c3b03500>,21,28,[2 8],29,89,117,60,89
1,<environment.Job instance at 0x1532c37cbc80>,0,3,[11  2],1,289,292,288,289
1,<environment.Job instance at 0x1532c3b03140>,16,13,[ 1 14],22,937,950,915,937
1,<environment.Job instance at 0x1532c3b03140>,3,2,[1 9],8,8,10,0,8
1,<environment.Job instance at 0x1532ebcd59b0>,15,1,[1 7],23,47,48,24,47
1,<environment.Job instance at 0x1532ebcd58c0>,16,1,[2 9],24,68,69,44,68
1,<environment.Job instance at 0x1532ebcd58c0>,4,2,[10  1],5,5,7,0,5
1,<environment.Job instance at 0x1532e0088640>,12,15,[9 2],20,20,35,0,20
1,<environment.Job instance at 0x1532e0088aa0>,14,12,[1 5],22,26,38,4,26
1,<environment.Job instance at 0x1532e0088500>,17,2,[8 1],26,35,37,9,30
1,<environment.Job instance at 0x1532c37f87d0>,1,3,[2 8],5,8,11,3,8
1,<environment.Job instance at 0x1532e006b320>,5,1,[2 8],12,14,15,2,14
1,<environment.Job instance at 0x1532e02ffc30>,9,14,[2 8],19,31,45,12,31
1,<environment.Job instance at 0x1532e0300280>,15,15,[2 8],28,45,60,17,33
1,<environment.Job instance at 0x1532e03002d0>,13,2,[ 2 12],26,60,62,34,40
1,<environment.Job instance at 0x1532e03003c0>,5,3,[ 1 13],6,34,37,28,34
1,<environment.Job instance at 0x1532c3a9e730>,10,18,[5 2],13,119,137,106,119
1,<environment.Job instance at 0x1532c3a9e640>,11,2,[8 2],15,120,122,105,120
1,<environment.Job instance at 0x1532f200d730>,3,16,[1 7],4,199,215,195,199
1,<environment.Job instance at 0x1532ea8bf550>,13,18,[8 1],17,256,274,239,256
1,<environment.Job instance at 0x1532ebcf7780>,14,1,[5 2],18,270,271,252,270
1,<environment.Job instance at 0x1532ead101e0>,17,2,[5 2],22,298,300,276,298
1,<environment.Job instance at 0x1532ead10a50>,18,2,[1 7],24,425,427,401,425
1,<environment.Job instance at 0x1532ead10870>,22,2,[10  1],29,464,466,435,464
1,<environment.Job instance at 0x1532e02f4190>,0,13,[ 1 11],1,779,792,778,779
1,<environment.Job instance at 0x1532ebd06370>,7,21,[ 2 13],10,995,1016,985,995
1,<environment.Job instance at 0x1532f0a8dbe0>,4,2,[7 2],9,9,11,0,9
1,<environment.Job instance at 0x1532f0a8d320>,11,3,[7 2],18,19,22,1,19
1,<environment.Job instance at 0x1532f1ff8eb0>,13,13,[5 2],21,22,35,1,22
1,<environment.Job instance at 0x1532f1ff84b0>,14,3,[1 9],22,25,28,3,25
1,<environment.Job instance at 0x1532f1ff8c30>,16,3,[5 1],24,29,32,5,29
1,<environment.Job instance at 0x1532f1ff88c0>,9,14,[8 1],16,36,50,20,36
1,<environment.Job instance at 0x1532f09c4280>,6,2,[9 2],12,12,14,0,12
1,<environment.Job instance at 0x1532f09c4870>,7,3,[5 2],13,15,18,2,15
1,<environment.Job instance at 0x1532f09c4f50>,9,1,[ 2 10],15,17,18,2,17
1,<environment.Job instance at 0x1532eadb1500>,16,15,[8 2],26,32,47,6,32
1,<environment.Job instance at 0x1532f0a1f7d0>,0,1,[6 2],1,1,2,0,1
1,<environment.Job instance at 0x1532c38a4230>,1,3,[2 7],3,3,6,0,3
1,<environment.Job instance at 0x1532e959a280>,6,1,[1 9],13,13,14,0,13
1,<environment.Job instance at 0x1532e959a5a0>,8,1,[9 2],15,16,17,1,16
1,<environment.Job instance at 0x1532e959a2d0>,5,2,[1 6],12,27,29,15,27
1,<environment.Job instance at 0x1532e959a8c0>,11,3,[ 2 10],20,38,41,18,38
1,<environment.Job instance at 0x1532e959aaf0>,15,1,[6 2],25,54,55,29,54
1,<environment.Job instance at 0x1532e959a9b0>,16,3,[2 7],26,57,60,31,57
1,<environment.Job instance at 0x1532eadb1500>,2,15,[ 1 11],7,232,247,225,232
1,<environment.Job instance at 0x1532e010f1e0>,9,2,[6 1],16,16,18,0,16
1,<environment.Job instance at 0x1532e010fa00>,11,3,[6 2],21,21,24,0,21
1,<environment.Job instance at 0x1532e010f280>,12,2,[5 2],22,22,24,0,22
1,<environment.Job instance at 0x1532e80fd8c0>,16,3,[1 7],28,29,32,1,29
1,<environment.Job instance at 0x1532e80fdeb0>,14,2,[9 2],25,29,31,4,29
1,<environment.Job instance at 0x1532e80fdaa0>,17,14,[1 6],29,33,47,4,33
1,<environment.Job instance at 0x1532e80fdc80>,15,1,[7 2],26,35,36,9,35
1,<environment.Job instance at 0x1532f2006eb0>,1,26,[9 1],4,4,30,0,4
1,<environment.Job instance at 0x1532e95378c0>,12,13,[ 2 10],22,25,38,3,25
1,<environment.Job instance at 0x1532e0194b90>,5,2,[8 2],8,8,10,0,8
1,<environment.Job instance at 0x1532e0194690>,8,2,[1 7],12,14,16,2,14
1,<environment.Job instance at 0x1532e0194500>,10,3,[1 9],14,16,19,2,16
1,<environment.Job instance at 0x1532c39806e0>,14,1,[2 8],20,21,22,1,21
1,<environment.Job instance at 0x1532c3980e10>,16,14,[14  1],22,22,36,0,22
1,<environment.Job instance at 0x1532c3980820>,17,2,[6 1],24,36,38,12,26
1,<environment.Job instance at 0x1532c3980eb0>,13,15,[10  1],19,38,53,19,26
1,<environment.Job instance at 0x1532c39805a0>,15,1,[8 2],21,36,37,15,26
1,<environment.Job instance at 0x1532e0070190>,1,1,[1 5],2,4,5,2,4
1,<environment.Job instance at 0x1532c39808c0>,2,18,[8 2],3,5,23,2,5
1,<environment.Job instance at 0x1532e0070af0>,3,3,[1 6],4,17,20,13,17
1,<environment.Job instance at 0x1532f2a1dcd0>,8,16,[2 8],9,42,58,33,42
1,<environment.Job instance at 0x1532f245d6e0>,6,3,[10  2],9,11,14,2,11
1,<environment.Job instance at 0x1532ec557c80>,13,1,[6 2],19,19,20,0,19
1,<environment.Job instance at 0x1532ec557e60>,15,1,[1 7],21,21,22,0,21
1,<environment.Job instance at 0x1532eadaef00>,16,3,[2 7],22,24,27,2,24
1,<environment.Job instance at 0x1532eade1550>,18,1,[1 9],25,27,28,2,25
1,<environment.Job instance at 0x1532eb8a7d20>,20,15,[7 1],27,27,42,0,27
1,<environment.Job instance at 0x1532c38bd4b0>,19,1,[2 5],26,27,28,1,27
1,<environment.Job instance at 0x1532ec557eb0>,11,13,[12  2],17,66,79,49,66
1,<environment.Job instance at 0x1532c37e0140>,5,3,[5 1],7,9,12,2,9
1,<environment.Job instance at 0x1532c37e0550>,8,12,[9 2],10,12,24,2,12
1,<environment.Job instance at 0x1532c37e07d0>,11,2,[10  2],13,24,26,11,13
1,<environment.Job instance at 0x1532c37e0410>,10,3,[9 2],12,31,34,19,31
1,<environment.Job instance at 0x1532c37e20f0>,23,3,[7 1],27,34,37,7,31
1,<environment.Job instance at 0x1532c37e2190>,24,13,[10  1],28,37,50,9,33
1,<environment.Job instance at 0x1532c37e24b0>,25,25,[12  1],29,113,138,84,113
1,<environment.Job instance at 0x1532c3afc0f0>,8,3,[10  1],17,20,23,3,20
1,<environment.Job instance at 0x1532c3d49dc0>,10,3,[8 1],20,23,26,3,22
1,<environment.Job instance at 0x152ef5b400f0>,6,18,[8 1],7,8,26,1,8
1,<environment.Job instance at 0x152ef560de10>,15,1,[ 1 10],20,21,22,1,21
1,<environment.Job instance at 0x152ef5a4e780>,21,3,[6 1],29,29,32,0,29
1,<environment.Job instance at 0x152ef5a4ab90>,20,2,[ 1 13],27,30,32,3,30
1,<environment.Job instance at 0x152ef55db0a0>,3,15,[11  1],4,12,27,8,12
1,<environment.Job instance at 0x152ef5d6a230>,20,2,[8 2],29,41,43,12,41
1,<environment.Job instance at 0x152ef5d6d0a0>,16,1,[1 6],23,61,62,38,61
1,<environment.Job instance at 0x152ef5d6d7d0>,10,25,[12  2],14,96,121,82,96
1,<environment.Job instance at 0x152eec055eb0>,5,3,[10  1],9,11,14,2,11
1,<environment.Job instance at 0x152eec0582d0>,11,1,[2 5],16,16,17,0,16
1,<environment.Job instance at 0x152eec0584b0>,12,2,[ 2 10],17,17,19,0,17
1,<environment.Job instance at 0x152eec055f50>,9,1,[13  1],14,18,19,4,18
1,<environment.Job instance at 0x152eec059140>,22,14,[7 1],32,34,48,2,34
1,<environment.Job instance at 0x152eec059190>,23,3,[ 2 10],34,40,43,6,40
1,<environment.Job instance at 0x152eec059730>,25,1,[10  1],37,48,49,11,42
1,<environment.Job instance at 0x152ef7412960>,6,15,[7 1],9,10,25,1,10
1,<environment.Job instance at 0x152eec7e0a00>,22,2,[ 1 10],30,56,58,26,56
1,<environment.Job instance at 0x152eec6a8fa0>,24,3,[ 2 10],32,58,61,26,57
1,<environment.Job instance at 0x152eec6a8820>,25,3,[2 5],33,57,60,24,57
1,<environment.Job instance at 0x152ef7412870>,7,2,[14  1],10,61,63,51,57
1,<environment.Job instance at 0x152eec7161e0>,26,1,[8 1],34,60,61,26,59
1,<environment.Job instance at 0x152eec716be0>,28,15,[9 2],37,63,78,26,60
1,<environment.Job instance at 0x152eec716230>,29,18,[2 6],38,63,81,25,60
1,<environment.Job instance at 0x152eec727af0>,30,1,[1 6],39,65,66,26,65
1,<environment.Job instance at 0x152ef40d74b0>,18,1,[ 2 14],23,81,82,58,69
1,<environment.Job instance at 0x152eec6a8960>,23,3,[11  2],31,78,81,47,69
1,<environment.Job instance at 0x152ef55af2d0>,1,3,[12  1],4,26,29,22,26
1,<environment.Job instance at 0x152eec6ba730>,5,2,[1 8],9,100,102,91,100
1,<environment.Job instance at 0x152ef40dc7d0>,18,3,[5 2],32,173,176,141,173
1,<environment.Job instance at 0x152eec6babe0>,7,13,[ 1 14],12,305,318,293,305
1,<environment.Job instance at 0x152efa6d6a50>,4,15,[1 7],5,12,27,7,12
1,<environment.Job instance at 0x152ef7e33dc0>,14,18,[8 1],18,18,36,0,18
1,<environment.Job instance at 0x152ef81f15f0>,22,12,[1 5],32,33,45,1,33
1,<environment.Job instance at 0x152ef81f1050>,23,2,[6 2],33,36,38,3,36
1,<environment.Job instance at 0x152eabe6f140>,0,2,[10  2],1,2,4,1,2
1,<environment.Job instance at 0x152ef81eb280>,4,18,[7 2],9,9,27,0,9
1,<environment.Job instance at 0x152eabd9ac80>,15,15,[2 8],28,28,43,0,28
1,<environment.Job instance at 0x152eabd9a2d0>,14,14,[6 1],27,30,44,3,30
1,<environment.Job instance at 0x152eabd925f0>,19,1,[1 5],33,34,35,1,34
1,<environment.Job instance at 0x152eabd923c0>,21,3,[ 2 10],35,43,46,8,42
1,<environment.Job instance at 0x152eabd92280>,18,2,[6 2],32,46,48,14,46
1,<environment.Job instance at 0x152eabd92690>,20,16,[1 7],34,69,85,35,69
1,<environment.Job instance at 0x152eabd920f0>,22,3,[ 1 13],36,85,88,49,69
1,<environment.Job instance at 0x152eabd9a460>,13,2,[ 2 12],26,88,90,62,86
1,<environment.Job instance at 0x152eabd924b0>,17,13,[ 1 11],31,682,695,651,682
1,<environment.Job instance at 0x152eabe696e0>,0,1,[2 8],1,1,2,0,1
1,<environment.Job instance at 0x152eabd92550>,3,2,[8 2],5,5,7,0,5
1,<environment.Job instance at 0x152eabe63c30>,6,1,[5 2],8,10,11,2,10
1,<environment.Job instance at 0x152eabe63dc0>,8,3,[1 7],10,10,13,0,10
1,<environment.Job instance at 0x152eabe635f0>,14,2,[10  1],19,19,21,0,19
1,<environment.Job instance at 0x152efd020780>,17,1,[2 5],24,27,28,3,27
1,<environment.Job instance at 0x152efd020910>,26,2,[ 1 10],37,37,39,0,37
1,<environment.Job instance at 0x152efd0209b0>,24,1,[ 2 10],35,39,40,4,39
1,<environment.Job instance at 0x152ef733db90>,8,3,[1 9],14,15,18,1,15
1,<environment.Job instance at 0x152ef5aa2b40>,11,2,[9 2],22,23,25,1,23
1,<environment.Job instance at 0x152eabce4d70>,3,2,[8 1],8,12,14,4,12
1,<environment.Job instance at 0x152ef814dcd0>,2,15,[ 1 11],7,15,30,8,15
1,<environment.Job instance at 0x152eec182870>,7,3,[1 8],14,30,33,16,20
1,<environment.Job instance at 0x152eec182d70>,14,16,[9 1],23,23,39,0,23
1,<environment.Job instance at 0x152eec173e60>,17,14,[7 2],27,39,53,12,27
1,<environment.Job instance at 0x152ef725d140>,3,2,[10  2],5,7,9,2,7
1,<environment.Job instance at 0x152eec43c3c0>,11,3,[1 7],18,22,25,4,22
1,<environment.Job instance at 0x152ef726bcd0>,21,3,[8 1],33,33,36,0,33
1,<environment.Job instance at 0x152ef726b690>,20,3,[8 1],29,38,41,9,38
1,<environment.Job instance at 0x152ef726b320>,22,1,[10  1],34,55,56,21,55
1,<environment.Job instance at 0x152ef726bc80>,23,27,[1 7],35,71,98,36,71
1,<environment.Job instance at 0x152ef726bc80>,2,2,[1 5],5,6,8,1,6
1,<environment.Job instance at 0x152ef7e6f7d0>,8,3,[2 8],12,12,15,0,12
1,<environment.Job instance at 0x152ef7e6f640>,7,2,[1 9],11,15,17,4,12
1,<environment.Job instance at 0x152ef7e8a050>,24,2,[6 1],34,78,80,44,78
1,<environment.Job instance at 0x152ef7e8ab90>,26,3,[10  2],37,92,95,55,92
1,<environment.Job instance at 0x152ef7e8a9b0>,23,14,[14  1],32,162,176,130,162
1,<environment.Job instance at 0x152eec7b8cd0>,0,2,[1 7],1,3,5,2,3
1,<environment.Job instance at 0x152eec7b8d70>,2,18,[8 2],3,10,28,7,10
1,<environment.Job instance at 0x152ef8a64a50>,11,3,[2 8],12,12,15,0,12
1,<environment.Job instance at 0x152ef5ae2be0>,8,16,[2 8],9,19,35,10,19
1,<environment.Job instance at 0x152ef40b7870>,15,2,[2 8],19,35,37,16,23
1,<environment.Job instance at 0x152ef8a649b0>,9,3,[6 1],10,28,31,18,23
1,<environment.Job instance at 0x152ef81281e0>,4,17,[9 2],8,10,27,2,10
1,<environment.Job instance at 0x152ef73f02d0>,8,3,[2 7],12,12,15,0,12
1,<environment.Job instance at 0x152ef73f0b90>,9,2,[1 5],13,13,15,0,13
1,<environment.Job instance at 0x152ef73f0960>,11,1,[2 5],16,16,17,0,16
1,<environment.Job instance at 0x152ef73f05f0>,12,15,[7 1],17,27,42,10,17
1,<environment.Job instance at 0x152ef73f0320>,13,1,[2 6],18,18,19,0,18
1,<environment.Job instance at 0x152ef73f0d70>,15,1,[2 6],21,21,22,0,21
1,<environment.Job instance at 0x152efc5c95f0>,19,17,[9 1],26,42,59,16,30
1,<environment.Job instance at 0x152eabd23b40>,22,1,[1 8],29,30,31,1,30
1,<environment.Job instance at 0x152ef8128c30>,5,1,[6 2],9,45,46,36,45
1,<environment.Job instance at 0x152eabd23460>,23,12,[9 2],30,59,71,29,47
1,<environment.Job instance at 0x152ef73f62d0>,30,15,[2 6],39,55,70,16,55
1,<environment.Job instance at 0x152efef9e960>,3,13,[12  2],7,100,113,93,100
1,<environment.Job instance at 0x152eec1ff9b0>,1,2,[1 8],2,2,4,0,2
1,<environment.Job instance at 0x152ef7ea2230>,8,25,[12  1],9,13,38,4,13
1,<environment.Job instance at 0x152eabfb2fa0>,16,23,[1 6],21,29,52,8,29
1,<environment.Job instance at 0x152eec2786e0>,24,2,[5 1],37,44,46,7,44
1,<environment.Job instance at 0x152ef40b4960>,7,3,[2 9],14,14,17,0,14
1,<environment.Job instance at 0x152ef40af0f0>,13,3,[10  2],23,27,30,4,27
1,<environment.Job instance at 0x152ef40b4eb0>,11,2,[ 1 10],20,35,37,15,35
1,<environment.Job instance at 0x152ef40af280>,17,1,[6 2],32,37,38,5,37
1,<environment.Job instance at 0x152ef5d78be0>,1,3,[9 1],2,2,5,0,2
1,<environment.Job instance at 0x152ef409ceb0>,15,1,[5 1],23,96,97,73,96
1,<environment.Job instance at 0x152eabe2b910>,22,1,[ 1 12],36,118,119,82,118
1,<environment.Job instance at 0x152ef7411eb0>,7,16,[ 1 10],12,21,37,9,21
1,<environment.Job instance at 0x152ef7411870>,11,13,[8 2],17,24,37,7,24
1,<environment.Job instance at 0x152ef7411500>,13,15,[6 1],19,27,42,8,27
1,<environment.Job instance at 0x152ef73a2be0>,5,3,[9 2],8,37,40,29,31
1,<environment.Job instance at 0x152eec0cbc30>,17,1,[7 1],24,40,41,16,31
1,<environment.Job instance at 0x152ef74117d0>,14,3,[6 2],20,43,46,23,43
1,<environment.Job instance at 0x152eec0cb9b0>,19,3,[ 1 10],26,73,76,47,73
1,<environment.Job instance at 0x152ef73a2dc0>,4,13,[13  2],7,73,86,66,73
1,<environment.Job instance at 0x152ef5611e10>,28,3,[7 2],39,86,89,47,73
1,<environment.Job instance at 0x152ef5611cd0>,24,2,[5 1],31,86,88,55,73
1,<environment.Job instance at 0x152ef5611410>,26,1,[1 9],37,76,77,39,73
1,<environment.Job instance at 0x152ef5611dc0>,25,1,[6 2],36,88,89,52,83
1,<environment.Job instance at 0x152eec038410>,11,2,[7 2],18,24,26,6,24
1,<environment.Job instance at 0x152eec0385f0>,13,3,[1 5],20,54,57,34,54
1,<environment.Job instance at 0x152ef5a41d20>,0,3,[8 2],1,2,5,1,2
1,<environment.Job instance at 0x152ef5a41050>,3,2,[2 7],4,5,7,1,5
1,<environment.Job instance at 0x152ef818db40>,4,16,[ 2 10],5,9,25,4,9
1,<environment.Job instance at 0x152ef41fd2d0>,13,1,[10  1],18,19,20,1,19
1,<environment.Job instance at 0x152ef7eadaf0>,30,2,[10  2],38,64,66,26,64
1,<environment.Job instance at 0x152ef4210c80>,21,3,[2 7],28,73,76,45,73
1,<environment.Job instance at 0x147e9973b2d0>,6,18,[8 1],7,8,26,1,8
1,<environment.Job instance at 0x147e97ff2500>,8,13,[6 1],9,10,23,1,10
1,<environment.Job instance at 0x147e97ed4550>,14,2,[ 1 10],18,20,22,2,20
1,<environment.Job instance at 0x147e97ee95a0>,18,2,[10  1],25,26,28,1,25
1,<environment.Job instance at 0x147e97a768c0>,23,2,[8 1],31,31,33,0,31
1,<environment.Job instance at 0x147e97a776e0>,20,2,[ 1 13],27,31,33,4,31
1,<environment.Job instance at 0x147e97f19aa0>,35,2,[1 8],45,45,47,0,45
1,<environment.Job instance at 0x147e97a73320>,36,3,[10  2],48,48,51,0,48
1,<environment.Job instance at 0x147e97a73cd0>,34,15,[11  1],44,74,89,30,74
1,<environment.Job instance at 0x147e97a73cd0>,3,25,[12  2],4,5,30,1,5
1,<environment.Job instance at 0x147e98237500>,7,3,[2 8],10,10,13,0,10
1,<environment.Job instance at 0x147e982376e0>,5,3,[7 2],7,30,33,23,11
1,<environment.Job instance at 0x147e9822d1e0>,14,2,[1 7],22,22,24,0,22
1,<environment.Job instance at 0x147e9822d370>,22,17,[8 1],36,36,53,0,36
1,<environment.Job instance at 0x147e97f0aaa0>,33,3,[2 9],49,51,54,2,51
1,<environment.Job instance at 0x147e97f95730>,31,1,[2 5],46,51,52,5,51
1,<environment.Job instance at 0x147e97f95eb0>,29,1,[13  1],44,61,62,17,61
1,<environment.Job instance at 0x147e97f95500>,1,2,[6 2],3,5,7,2,5
1,<environment.Job instance at 0x147e6a4eca50>,13,1,[7 2],20,20,21,0,20
1,<environment.Job instance at 0x147e6a4ecd70>,15,2,[2 6],22,22,24,0,22
1,<environment.Job instance at 0x147e6a4ecfa0>,16,1,[1 5],23,28,29,5,28
1,<environment.Job instance at 0x147e6a4ed4b0>,20,15,[7 1],29,29,44,0,29
1,<environment.Job instance at 0x147e6a4ed870>,22,1,[5 1],31,32,33,1,32
1,<environment.Job instance at 0x147e6a4eda50>,24,12,[9 2],34,44,56,10,34
1,<environment.Job instance at 0x147e6a4ed730>,21,2,[14  1],30,56,58,26,34
1,<environment.Job instance at 0x147e6a4ef410>,32,1,[ 2 14],43,63,64,20,63
1,<environment.Job instance at 0x147e6a4ef1e0>,35,18,[1 8],46,88,106,42,88
1,<environment.Job instance at 0x147e6a4f2d20>,0,3,[11  2],1,4,7,3,4
1,<environment.Job instance at 0x147e6abb2a50>,9,3,[9 1],13,14,17,1,14
1,<environment.Job instance at 0x147e6ab6d320>,12,15,[1 6],17,26,41,9,26
1,<environment.Job instance at 0x147e6aaf7190>,16,13,[ 1 14],22,41,54,19,26
1,<environment.Job instance at 0x147e97ec7320>,29,2,[ 2 10],44,57,59,13,57
1,<environment.Job instance at 0x147e94118230>,33,2,[9 1],49,60,62,11,60
1,<environment.Job instance at 0x147e9416e280>,25,2,[1 9],38,69,71,31,69
1,<environment.Job instance at 0x147e6abacf50>,10,3,[12  1],14,108,111,94,108
1,<environment.Job instance at 0x147e6ab4a460>,7,12,[7 1],10,12,24,2,12
1,<environment.Job instance at 0x147e6ab50870>,18,1,[2 6],23,24,25,1,24
1,<environment.Job instance at 0x147e6ab45780>,15,16,[1 6],19,28,44,9,28
1,<environment.Job instance at 0x147e6ab50fa0>,22,12,[1 5],32,37,49,5,37
1,<environment.Job instance at 0x147e941c2910>,27,2,[1 5],39,44,46,5,40
1,<environment.Job instance at 0x147e6ab508c0>,21,1,[9 1],31,41,42,10,41
1,<environment.Job instance at 0x147e941c2e60>,28,3,[1 5],40,44,47,4,42
1,<environment.Job instance at 0x147e941c2dc0>,31,1,[2 6],46,47,48,1,46
1,<environment.Job instance at 0x147e941400a0>,33,18,[7 2],49,50,68,1,50
1,<environment.Job instance at 0x147e941c22d0>,32,2,[1 6],47,50,52,3,50
1,<environment.Job instance at 0x147e99952780>,3,2,[2 5],8,14,16,6,14
1,<environment.Job instance at 0x147e6a6983c0>,14,1,[1 5],23,36,37,13,36
1,<environment.Job instance at 0x147e6a698190>,17,3,[ 1 13],26,57,60,31,57
1,<environment.Job instance at 0x147e6a698f00>,18,3,[1 5],29,60,63,31,57
1,<environment.Job instance at 0x147e6a698cd0>,11,16,[1 7],19,60,76,41,57
1,<environment.Job instance at 0x147e6a698b90>,20,1,[2 8],31,153,154,122,153
1,<environment.Job instance at 0x147e6a698820>,12,13,[ 1 11],21,160,173,139,160
1,<environment.Job instance at 0x147e6a698280>,19,21,[ 2 13],30,345,366,315,345
1,<environment.Job instance at 0x147e6a698410>,8,2,[ 2 12],16,366,368,350,353
1,<environment.Job instance at 0x147e6a6a7a00>,1,1,[2 5],4,4,5,0,4
1,<environment.Job instance at 0x147e6a61cd20>,4,2,[7 2],9,10,12,1,10
1,<environment.Job instance at 0x147e6a61caf0>,7,2,[2 5],14,18,20,4,18
1,<environment.Job instance at 0x147e6a61ce10>,9,14,[8 1],16,19,33,3,19
1,<environment.Job instance at 0x147e6a61caa0>,11,3,[7 2],18,20,23,2,19
1,<environment.Job instance at 0x147e6a633b40>,17,3,[1 7],29,29,32,0,29
1,<environment.Job instance at 0x147e6a60c140>,24,2,[9 2],42,44,46,2,44
1,<environment.Job instance at 0x147e6a60c780>,27,1,[ 2 10],45,46,47,1,46
1,<environment.Job instance at 0x147e6a60c8c0>,28,18,[5 2],47,47,65,0,47
1,<environment.Job instance at 0x147e6a604f50>,4,17,[10  1],8,8,25,0,8
1,<environment.Job instance at 0x147e9926acd0>,9,2,[8 1],18,25,27,7,21
1,<environment.Job instance at 0x147ea09c3a50>,12,1,[1 9],23,24,25,1,24
1,<environment.Job instance at 0x147ea09c3500>,11,2,[1 6],22,26,28,4,26
1,<environment.Job instance at 0x147e9926a820>,10,2,[1 9],21,27,29,6,27
1,<environment.Job instance at 0x147ea09c38c0>,14,1,[9 2],25,29,30,4,29
1,<environment.Job instance at 0x147ea09c3370>,15,18,[ 1 10],26,35,53,9,35
1,<environment.Job instance at 0x147ea09c3460>,17,3,[ 2 10],30,53,56,23,40
1,<environment.Job instance at 0x147ea09c3640>,13,3,[1 8],24,56,59,32,47
1,<environment.Job instance at 0x147ea09c3820>,16,2,[1 6],28,56,58,28,48
1,<environment.Job instance at 0x147ea09c3e10>,18,1,[7 2],31,58,59,27,57
1,<environment.Job instance at 0x147ea09c3d70>,21,1,[6 2],35,61,62,26,61
1,<environment.Job instance at 0x147ea09c3a00>,19,3,[9 1],32,62,65,30,62
1,<environment.Job instance at 0x147e9926afa0>,5,2,[ 2 12],10,63,65,53,63
1,<environment.Job instance at 0x147e6a536320>,26,2,[2 9],41,90,92,49,90
1,<environment.Job instance at 0x147e6a536870>,22,3,[2 7],36,113,116,77,113
1,<environment.Job instance at 0x147e9926a8c0>,8,15,[ 1 11],17,239,254,222,239
1,<environment.Job instance at 0x147e9ea755f0>,2,1,[2 7],4,4,5,0,4
1,<environment.Job instance at 0x147e97fcf4b0>,4,2,[6 1],6,8,10,2,8
1,<environment.Job instance at 0x147e97fcf5f0>,10,1,[7 2],16,16,17,0,16
1,<environment.Job instance at 0x147e97fe1910>,22,1,[10  1],34,34,35,0,34
1,<environment.Job instance at 0x147e97fdd820>,0,2,[1 9],1,2,4,1,2
1,<environment.Job instance at 0x147e6a792500>,11,2,[1 8],16,16,18,0,16
1,<environment.Job instance at 0x147e97fe1a50>,4,3,[1 6],7,16,19,9,16
1,<environment.Job instance at 0x147e998af910>,14,1,[2 8],20,21,22,1,21
1,<environment.Job instance at 0x147e6a3f1640>,16,14,[14  1],22,28,42,6,28
1,<environment.Job instance at 0x147e998af190>,17,2,[6 1],24,42,44,18,28
1,<environment.Job instance at 0x147e998afbe0>,18,3,[10  1],26,44,47,18,28
1,<environment.Job instance at 0x147e9f3744b0>,24,3,[1 6],34,36,39,2,36
1,<environment.Job instance at 0x147e9986a140>,23,18,[8 2],33,47,65,14,37
1,<environment.Job instance at 0x147e6a2c38c0>,28,15,[7 2],38,47,62,9,39
1,<environment.Job instance at 0x147e97a758c0>,27,17,[2 9],37,74,91,37,74
1,<environment.Job instance at 0x147e99756aa0>,20,3,[ 2 11],30,91,94,61,88
1,<environment.Job instance at 0x147e6a2c3640>,32,3,[2 8],42,94,97,52,90
1,<environment.Job instance at 0x147e6a9bd730>,7,2,[ 1 10],10,10,12,0,10
1,<environment.Job instance at 0x147e6a101690>,4,2,[2 7],6,12,14,6,10
1,<environment.Job instance at 0x147e6a9bd500>,10,2,[5 2],13,14,16,1,14
1,<environment.Job instance at 0x147e6a9bd7d0>,14,3,[10  2],19,19,22,0,19
1,<environment.Job instance at 0x147e6a9bd0f0>,12,2,[7 1],17,22,24,5,20
1,<environment.Job instance at 0x147e6a9bd4b0>,13,1,[7 2],18,66,67,48,66
1,<environment.Job instance at 0x147e6a774aa0>,34,14,[1 6],45,67,81,22,67
1,<environment.Job instance at 0x147e6a774820>,37,1,[10  1],48,81,82,33,81
1,<environment.Job instance at 0x147e997cb050>,19,13,[12  2],27,153,166,126,153
1,<environment.Job instance at 0x147e6a7f11e0>,3,16,[10  2],4,5,21,1,5
1,<environment.Job instance at 0x147e9f3ed140>,16,25,[12  1],19,21,46,2,19
1,<environment.Job instance at 0x147e9f3ed730>,18,2,[10  2],22,46,48,24,40
1,<environment.Job instance at 0x147e6a1b9fa0>,28,3,[8 1],40,48,51,8,41
1,<environment.Job instance at 0x147e6a1b9e10>,33,14,[2 5],48,64,78,16,64
1,<environment.Job instance at 0x147e6a1b9cd0>,24,23,[1 6],31,66,89,35,66
1,<environment.Job instance at 0x147e9a39c910>,9,1,[5 2],16,16,17,0,16
1,<environment.Job instance at 0x147e9a39c550>,17,1,[6 2],32,39,40,7,39
1,<environment.Job instance at 0x147e9a396500>,25,2,[5 2],44,53,55,9,53
1,<environment.Job instance at 0x147e9a396960>,29,2,[6 1],49,74,76,25,74
1,<environment.Job instance at 0x147e9a3966e0>,27,21,[1 8],46,75,96,29,75
1,<environment.Job instance at 0x147e9a39ce60>,18,3,[10  2],34,97,100,63,97
1,<environment.Job instance at 0x147e6a503d20>,14,3,[6 2],27,27,30,0,27
1,<environment.Job instance at 0x147e6a5035f0>,15,1,[8 1],29,29,30,0,29
1,<environment.Job instance at 0x147e6a503370>,20,13,[13  2],37,38,51,1,38
1,<environment.Job instance at 0x147e6a5035a0>,18,2,[7 2],35,51,53,16,41
1,<environment.Job instance at 0x147e6a503640>,19,12,[7 1],36,51,63,15,47
1,<environment.Job instance at 0x147e6a503af0>,13,1,[ 1 12],26,123,124,97,123
1,<environment.Job instance at 0x147e9f3a5820>,2,1,[7 1],4,4,5,0,4
1,<environment.Job instance at 0x147e99816cd0>,10,1,[6 2],16,18,19,2,18
1,<environment.Job instance at 0x147e99816fa0>,13,3,[7 2],19,19,22,0,19
1,<environment.Job instance at 0x147e99816b40>,12,3,[7 1],18,19,22,1,19
1,<environment.Job instance at 0x147e99811500>,15,12,[2 6],23,23,35,0,23
1,<environment.Job instance at 0x147e99811820>,19,16,[8 1],30,31,47,1,31
1,<environment.Job instance at 0x147e99811be0>,24,1,[10  2],37,47,48,10,38
1,<environment.Job instance at 0x147e99809500>,29,3,[9 2],43,48,51,5,44
1,<environment.Job instance at 0x147e998094b0>,30,13,[1 9],44,76,89,32,76
1,<environment.Job instance at 0x147e6a1aafa0>,7,1,[1 6],10,11,12,1,11
1,<environment.Job instance at 0x147e6a201a00>,9,1,[1 7],12,13,14,1,13
1,<environment.Job instance at 0x147e6a1aa280>,10,1,[6 2],13,13,14,0,13
1,<environment.Job instance at 0x147e99263f00>,26,21,[ 2 10],34,36,57,2,36
1,<environment.Job instance at 0x147e9f3953c0>,25,1,[10  2],33,79,80,46,79
1,<environment.Job instance at 0x147e997f59b0>,28,15,[5 2],36,80,95,44,80
1,<environment.Job instance at 0x147ea0353370>,1,2,[5 1],2,6,8,4,6
1,<environment.Job instance at 0x147ea0353500>,4,1,[6 2],7,7,8,0,7
1,<environment.Job instance at 0x147e99908a00>,17,17,[7 1],24,46,63,22,46
1,<environment.Job instance at 0x147e97eb8370>,28,3,[8 2],36,106,109,70,106
1,<environment.Job instance at 0x147e97eb8a00>,34,3,[10  1],43,117,120,74,117
1,<environment.Job instance at 0x147e97eb85a0>,31,1,[5 1],40,117,118,77,117
1,<environment.Job instance at 0x147e97eb8dc0>,36,1,[13  1],45,138,139,93,138
1,<environment.Job instance at 0x147e97a406e0>,15,17,[12  1],20,150,167,130,150
1,<environment.Job instance at 0x147e97eb8b90>,3,22,[8 1],5,5,27,0,5
1,<environment.Job instance at 0x147e9a281af0>,21,1,[5 1],29,32,33,3,32
1,<environment.Job instance at 0x147e9a281190>,16,16,[6 2],21,41,57,20,41
1,<environment.Job instance at 0x147e9a2815f0>,24,3,[1 8],33,43,46,10,43
1,<environment.Job instance at 0x147e9a281aa0>,25,1,[ 2 10],34,47,48,13,47
1,<environment.Job instance at 0x147e6a324230>,30,15,[10  2],44,57,72,13,50
1,<environment.Job instance at 0x147e9a281b40>,15,1,[ 1 14],20,72,73,52,71
1,<environment.Job instance at 0x147e9a281e10>,23,3,[ 2 14],32,74,77,42,74
1,<environment.Job instance at 0x147e6a9bbd20>,3,1,[1 8],4,28,29,24,28
1,<environment.Job instance at 0x147e9974b690>,12,1,[10  1],18,30,31,12,30
1,<environment.Job instance at 0x147e9974b7d0>,15,3,[9 2],23,31,34,8,31
1,<environment.Job instance at 0x147e9974bb90>,16,1,[1 9],24,37,38,13,37
1,<environment.Job instance at 0x147e9974b910>,13,3,[10  1],21,41,44,20,41
1,<environment.Job instance at 0x147e9974bf50>,19,1,[9 2],30,53,54,23,53
1,<environment.Job instance at 0x147e99738410>,23,3,[6 2],36,141,144,105,141
1,<environment.Job instance at 0x147e99738730>,26,14,[7 1],40,202,216,162,202
1,<environment.Job instance at 0x147e9974bfa0>,20,1,[10  1],31,216,217,185,216
1,<environment.Job instance at 0x147e997388c0>,29,2,[10  2],43,241,243,198,241
1,<environment.Job instance at 0x147e997387d0>,28,1,[8 1],42,243,244,201,243
1,<environment.Job instance at 0x147e99738690>,30,14,[9 1],44,292,306,248,292
1,<environment.Job instance at 0x147e99738aa0>,33,2,[ 1 10],48,302,304,254,302
1,<environment.Job instance at 0x147e99738b90>,34,2,[2 7],49,336,338,287,336
1,<environment.Job instance at 0x147e99738280>,21,26,[ 2 13],33,392,418,359,392
1,<environment.Job instance at 0x147e99738550>,24,2,[12  1],37,417,419,380,417
1,<environment.Job instance at 0x147e6a9bbdc0>,0,15,[14  1],1,516,531,515,516
1,<environment.Job instance at 0x147e9ea4beb0>,1,3,[10  1],2,3,6,1,3
1,<environment.Job instance at 0x147e9a2b9a50>,8,3,[2 8],18,22,25,4,22
1,<environment.Job instance at 0x147e9a2b9eb0>,12,15,[10  1],23,24,39,1,24
1,<environment.Job instance at 0x147e9a2b9fa0>,14,1,[8 2],25,39,40,14,25
1,<environment.Job instance at 0x147e9a2b9820>,16,3,[ 2 14],27,31,34,4,31
1,<environment.Job instance at 0x147e9a2b90f0>,17,1,[5 1],28,34,35,6,31
1,<environment.Job instance at 0x147e9a2b9780>,10,2,[2 9],21,35,37,14,32
1,<environment.Job instance at 0x147e6a1528c0>,21,12,[6 2],33,39,51,6,34
1,<environment.Job instance at 0x147e6a152190>,24,3,[9 1],37,40,43,3,37
1,<environment.Job instance at 0x147e6a152b90>,28,1,[1 9],41,49,50,8,49
1,<environment.Job instance at 0x147e6a152500>,30,1,[6 1],43,67,68,24,67
1,<environment.Job instance at 0x147e6a152cd0>,22,3,[1 7],34,85,88,51,85
1,<environment.Job instance at 0x147e9a2b9960>,7,2,[ 1 11],17,101,103,84,101
1,<environment.Job instance at 0x146b81d6e870>,5,3,[9 2],6,8,11,2,8
1,<environment.Job instance at 0x146b7830d3c0>,22,1,[2 7],30,30,31,0,30
1,<environment.Job instance at 0x146b78777640>,20,2,[ 1 13],27,31,33,4,30
1,<environment.Job instance at 0x146b7830c280>,28,2,[2 7],37,39,41,2,39
1,<environment.Job instance at 0x146b78308eb0>,35,2,[1 8],45,61,63,16,61
1,<environment.Job instance at 0x146b78308640>,38,1,[8 1],51,66,67,15,66
1,<environment.Job instance at 0x146b78308500>,39,3,[1 5],52,74,77,22,74
1,<environment.Job instance at 0x146b783088c0>,41,25,[12  2],54,111,136,57,111
1,<environment.Job instance at 0x146b78308e60>,36,3,[10  2],48,139,142,91,139
1,<environment.Job instance at 0x146b78308dc0>,34,15,[11  1],44,162,177,118,162
1,<environment.Job instance at 0x146b78308dc0>,2,1,[2 9],5,5,6,0,5
1,<environment.Job instance at 0x146b788285a0>,6,2,[1 7],12,12,14,0,12
1,<environment.Job instance at 0x146b78828690>,7,3,[6 1],13,13,16,0,13
1,<environment.Job instance at 0x146b788280a0>,5,2,[8 2],9,15,17,6,15
1,<environment.Job instance at 0x146b78888fa0>,21,1,[13  1],34,37,38,3,37
1,<environment.Job instance at 0x146b788880a0>,24,2,[ 2 10],37,37,39,0,37
1,<environment.Job instance at 0x146b78888a00>,20,3,[1 9],33,39,42,6,37
1,<environment.Job instance at 0x146b7886ac30>,27,2,[6 2],43,44,46,1,44
1,<environment.Job instance at 0x146b7886a8c0>,31,2,[ 1 10],49,49,51,0,49
1,<environment.Job instance at 0x146b42daf730>,10,12,[9 2],14,32,44,18,32
1,<environment.Job instance at 0x146b42daf910>,14,17,[1 9],19,32,49,13,32
1,<environment.Job instance at 0x146b42dafaa0>,11,15,[10  2],15,46,61,31,46
1,<environment.Job instance at 0x146b42daff50>,20,15,[5 1],25,49,64,24,49
1,<environment.Job instance at 0x146b42dafaf0>,22,2,[ 1 10],30,61,63,31,51
1,<environment.Job instance at 0x146b42db0190>,23,3,[11  2],31,64,67,33,54
1,<environment.Job instance at 0x146b42db0230>,24,3,[ 2 10],32,63,66,31,58
1,<environment.Job instance at 0x146b42db05f0>,28,15,[9 2],37,67,82,30,65
1,<environment.Job instance at 0x146b42db0690>,30,1,[1 6],39,70,71,31,70
1,<environment.Job instance at 0x146b42db07d0>,31,1,[1 7],40,71,72,31,71
1,<environment.Job instance at 0x146b42db02d0>,25,3,[2 5],33,74,77,41,74
1,<environment.Job instance at 0x146b42db0910>,33,3,[12  1],44,82,85,38,75
1,<environment.Job instance at 0x146b42dafe10>,18,1,[ 2 14],23,84,85,61,84
1,<environment.Job instance at 0x146b42daf640>,7,2,[14  1],10,85,87,75,84
1,<environment.Job instance at 0x146b42db0870>,32,3,[9 1],43,124,127,81,124
1,<environment.Job instance at 0x146b42db42d0>,43,12,[6 1],56,153,165,97,153
1,<environment.Job instance at 0x146b42db4320>,39,13,[ 1 14],52,191,204,139,191
1,<environment.Job instance at 0x146b7a2b1e60>,6,15,[2 7],13,48,63,35,48
1,<environment.Job instance at 0x146b7ab11320>,30,17,[7 1],42,55,72,13,55
1,<environment.Job instance at 0x146b7ab11730>,27,18,[8 1],38,63,81,25,56
1,<environment.Job instance at 0x146b7ab113c0>,31,1,[2 6],43,57,58,14,57
1,<environment.Job instance at 0x146b7429e280>,24,3,[6 1],34,72,75,38,63
1,<environment.Job instance at 0x146b7aecac80>,35,12,[1 5],52,72,84,20,66
1,<environment.Job instance at 0x146b7aeca5f0>,33,15,[9 2],50,81,96,31,77
1,<environment.Job instance at 0x146b43360eb0>,8,2,[2 5],18,19,21,1,19
1,<environment.Job instance at 0x146b433609b0>,9,14,[2 8],19,22,36,3,22
1,<environment.Job instance at 0x146b431f0500>,13,2,[ 2 12],26,36,38,10,28
1,<environment.Job instance at 0x146b7876d320>,18,2,[6 2],32,137,139,105,137
1,<environment.Job instance at 0x146b4323dbe0>,26,1,[7 1],42,157,158,115,157
1,<environment.Job instance at 0x146b4323d4b0>,27,18,[5 2],43,194,212,151,194
1,<environment.Job instance at 0x146b4323d870>,31,1,[5 2],48,257,258,209,257
1,<environment.Job instance at 0x146b4323d500>,29,3,[1 7],46,271,274,225,271
1,<environment.Job instance at 0x146b4323db90>,33,3,[1 7],50,340,343,290,340
1,<environment.Job instance at 0x146b431f8370>,38,12,[7 1],58,362,374,304,362
1,<environment.Job instance at 0x146b7876d7d0>,22,3,[ 1 13],36,1394,1397,1358,1394
1,<environment.Job instance at 0x146b4323d730>,24,21,[ 2 13],40,1637,1658,1597,1637
1,<environment.Job instance at 0x146b7876df50>,17,13,[ 1 11],31,2348,2361,2317,2348
1,<environment.Job instance at 0x146b812c9730>,6,14,[8 2],12,12,26,0,12
1,<environment.Job instance at 0x146b7af07730>,15,1,[6 1],23,24,25,1,24
1,<environment.Job instance at 0x146b7af07eb0>,18,12,[7 1],31,31,43,0,31
1,<environment.Job instance at 0x146b7af07910>,19,20,[8 2],32,32,52,0,32
1,<environment.Job instance at 0x146b7af07af0>,16,3,[5 1],24,43,46,19,35
1,<environment.Job instance at 0x146b7aee2730>,28,18,[5 2],47,47,65,0,47
1,<environment.Job instance at 0x146b7a256320>,34,15,[8 2],56,59,74,3,59
1,<environment.Job instance at 0x146b7a2560f0>,1,3,[2 7],3,5,8,2,5
1,<environment.Job instance at 0x146b42ba0b90>,5,2,[1 6],12,128,130,116,128
1,<environment.Job instance at 0x146b42b9d050>,11,3,[ 2 10],20,136,139,116,136
1,<environment.Job instance at 0x146b42b9d460>,16,3,[2 7],26,157,160,131,157
1,<environment.Job instance at 0x146b42b9d5a0>,19,3,[10  2],30,175,178,145,175
1,<environment.Job instance at 0x146b42b9d550>,17,14,[7 2],27,301,315,274,301
1,<environment.Job instance at 0x146b42baf2d0>,37,14,[1 6],59,358,372,299,358
1,<environment.Job instance at 0x146b4304b370>,2,15,[ 1 11],7,769,784,762,769
1,<environment.Job instance at 0x146b7fcc4c80>,12,13,[ 2 10],22,151,164,129,151
1,<environment.Job instance at 0x146b787ffaa0>,35,14,[14  1],52,239,253,187,239
1,<environment.Job instance at 0x146b43215dc0>,8,16,[2 8],9,30,46,21,30
1,<environment.Job instance at 0x146b43206820>,31,2,[5 2],40,43,45,3,43
1,<environment.Job instance at 0x146b4320b0f0>,40,3,[2 7],52,53,56,1,53
1,<environment.Job instance at 0x146b432068c0>,32,15,[1 8],42,53,68,11,53
1,<environment.Job instance at 0x146b4320b460>,42,1,[1 9],55,68,69,13,55
1,<environment.Job instance at 0x146b43206eb0>,35,13,[12  2],47,58,71,11,58
1,<environment.Job instance at 0x146b43206c80>,36,17,[9 2],48,71,88,23,62
1,<environment.Job instance at 0x146b7a045690>,9,2,[2 6],11,11,13,0,11
1,<environment.Job instance at 0x146b74248960>,11,2,[10  2],13,13,15,0,13
1,<environment.Job instance at 0x146b42bf1460>,10,3,[9 2],12,15,18,3,14
1,<environment.Job instance at 0x146b7a1c8cd0>,14,2,[1 6],17,18,20,1,18
1,<environment.Job instance at 0x146b7a25e780>,17,13,[5 1],21,24,37,3,24
1,<environment.Job instance at 0x146b7a1c8dc0>,16,2,[7 2],20,32,34,12,32
1,<environment.Job instance at 0x146b42d97910>,24,13,[10  1],28,34,47,6,32
1,<environment.Job instance at 0x146b42ead140>,27,2,[10  2],32,47,49,15,32
1,<environment.Job instance at 0x146b79f47500>,37,3,[8 1],50,83,86,33,83
1,<environment.Job instance at 0x146b7a2b15a0>,19,14,[6 1],23,92,106,69,92
1,<environment.Job instance at 0x146b42b60f50>,25,25,[12  1],29,194,219,165,194
1,<environment.Job instance at 0x146b741c2d70>,2,3,[8 1],3,3,6,0,3
1,<environment.Job instance at 0x146b741c2140>,3,3,[2 6],6,8,11,2,8
1,<environment.Job instance at 0x146b42d17b90>,25,2,[5 2],44,97,99,53,97
1,<environment.Job instance at 0x146b430b6eb0>,3,2,[1 8],7,7,9,0,7
1,<environment.Job instance at 0x146b430b6f00>,5,3,[2 8],9,13,16,4,13
1,<environment.Job instance at 0x146b430b6640>,7,2,[8 2],15,16,18,1,16
1,<environment.Job instance at 0x146b7fccf9b0>,8,1,[ 1 12],16,18,19,2,18
1,<environment.Job instance at 0x146b7fccf2d0>,20,1,[8 1],35,35,36,0,35
1,<environment.Job instance at 0x146b78aa9780>,22,13,[8 2],37,37,50,0,37
1,<environment.Job instance at 0x146b78aa9c80>,23,18,[5 1],38,44,62,6,44
1,<environment.Job instance at 0x146b78aa9e10>,24,15,[6 1],39,50,65,11,44
1,<environment.Job instance at 0x146b4333c730>,30,3,[ 1 10],46,46,49,0,46
1,<environment.Job instance at 0x146b4333c870>,33,13,[2 5],49,49,62,0,49
1,<environment.Job instance at 0x146b4333cd70>,34,2,[2 8],50,50,52,0,50
1,<environment.Job instance at 0x146b4333c320>,35,2,[5 1],51,62,64,11,51
1,<environment.Job instance at 0x146b4333c500>,37,1,[1 9],57,62,63,5,58
1,<environment.Job instance at 0x146b4333c5f0>,38,3,[7 1],58,67,70,9,67
1,<environment.Job instance at 0x146b7fccff50>,15,13,[13  2],27,368,381,341,368
1,<environment.Job instance at 0x146b7aec5690>,11,2,[7 2],18,30,32,12,30
1,<environment.Job instance at 0x146b4312f8c0>,1,1,[10  2],3,3,4,0,3
1,<environment.Job instance at 0x146b79f55410>,12,1,[9 1],16,16,17,0,16
1,<environment.Job instance at 0x146b79f51140>,6,15,[7 2],9,22,37,13,22
1,<environment.Job instance at 0x146b79f55780>,14,2,[10  2],18,37,39,19,33
1,<environment.Job instance at 0x146b78aa8140>,24,2,[9 1],32,46,48,14,46
1,<environment.Job instance at 0x146b78aa85f0>,28,3,[5 1],37,47,50,10,47
1,<environment.Job instance at 0x146b78812820>,16,2,[5 2],21,86,88,65,86
1,<environment.Job instance at 0x146b78aa8f50>,26,2,[7 2],35,92,94,57,92
1,<environment.Job instance at 0x146b78ab81e0>,32,1,[8 2],43,92,93,49,92
1,<environment.Job instance at 0x146b78ab8230>,36,16,[6 1],47,99,115,52,99
1,<environment.Job instance at 0x146b78ab88c0>,40,1,[1 8],51,124,125,73,124
1,<environment.Job instance at 0x146b42e0bbe0>,44,3,[8 2],56,133,136,77,133
1,<environment.Job instance at 0x146b78ab8dc0>,31,17,[12  1],40,147,164,107,147
1,<environment.Job instance at 0x146b7ae7a4b0>,6,1,[5 1],7,7,8,0,7
1,<environment.Job instance at 0x146b7ae7a6e0>,8,3,[5 2],9,9,12,0,9
1,<environment.Job instance at 0x146b4310beb0>,4,1,[13  1],5,12,13,7,9
1,<environment.Job instance at 0x146b7ae7a9b0>,10,3,[2 8],11,11,14,0,11
1,<environment.Job instance at 0x146b7ae7a870>,13,22,[8 1],15,16,38,1,16
1,<environment.Job instance at 0x146b7ae7a320>,14,15,[ 2 10],16,19,34,3,19
1,<environment.Job instance at 0x146b7ae7d640>,25,1,[ 1 14],30,34,35,4,32
1,<environment.Job instance at 0x146b7ae86050>,30,1,[8 1],37,40,41,3,40
1,<environment.Job instance at 0x146b7ae86230>,32,2,[7 2],40,53,55,13,53
1,<environment.Job instance at 0x146b7ae86c80>,41,2,[7 2],55,59,61,4,59
1,<environment.Job instance at 0x146b7ae86f50>,43,14,[5 2],59,86,100,27,86
1,<environment.Job instance at 0x146b7ae86280>,33,3,[ 2 14],42,126,129,84,126
1,<environment.Job instance at 0x146b742e3a00>,3,1,[1 8],4,47,48,43,47
1,<environment.Job instance at 0x146b42d4f870>,19,1,[9 2],30,47,48,17,47
1,<environment.Job instance at 0x146b42fecaa0>,22,13,[7 2],34,48,61,14,48
1,<environment.Job instance at 0x146b42fecd20>,21,26,[ 2 13],33,53,79,20,53
1,<environment.Job instance at 0x146b787ce5a0>,24,2,[12  1],37,75,77,38,75
1,<environment.Job instance at 0x146b74243af0>,23,3,[6 2],36,82,85,46,82
1,<environment.Job instance at 0x146b433da9b0>,27,2,[7 1],41,84,86,43,84
1,<environment.Job instance at 0x146b42e0a050>,26,14,[7 1],40,85,99,45,85
1,<environment.Job instance at 0x146b433da410>,29,2,[10  2],43,99,101,56,91
1,<environment.Job instance at 0x146b7b77a960>,30,14,[9 1],44,101,115,57,101
1,<environment.Job instance at 0x146b7b77abe0>,31,3,[9 2],45,115,118,70,101
1,<environment.Job instance at 0x146b433c0690>,33,2,[ 1 10],48,104,106,56,104
1,<environment.Job instance at 0x146b433c0d70>,36,3,[10  1],52,118,121,66,118
1,<environment.Job instance at 0x146b42bff780>,18,22,[2 5],29,125,147,96,125
1,<environment.Job instance at 0x146b7ae715a0>,0,15,[14  1],1,180,195,179,180
1,<environment.Job instance at 0x146b42dd3d20>,4,3,[2 8],8,9,12,1,9
1,<environment.Job instance at 0x146b42dd3370>,3,2,[ 1 11],7,13,15,6,13
1,<environment.Job instance at 0x146b42ddd5a0>,12,3,[ 2 14],17,17,20,0,17
1,<environment.Job instance at 0x146b42ddd140>,11,2,[ 1 10],16,20,22,4,18
1,<environment.Job instance at 0x146b42dd3e10>,7,2,[8 2],12,20,22,8,19
1,<environment.Job instance at 0x146b42dddaa0>,14,2,[2 6],19,22,24,3,22
1,<environment.Job instance at 0x146b42ddd410>,16,1,[7 2],22,22,23,0,22
1,<environment.Job instance at 0x146b42ddd550>,17,12,[6 2],23,26,38,3,26
1,<environment.Job instance at 0x146b430850f0>,21,14,[7 1],28,28,42,0,28
1,<environment.Job instance at 0x146b43085f50>,23,14,[9 2],30,42,56,12,30
1,<environment.Job instance at 0x146b43085500>,27,3,[5 2],34,38,41,4,36
1,<environment.Job instance at 0x146b43085910>,28,16,[7 1],35,74,90,39,74
1,<environment.Job instance at 0x146b7401db40>,45,3,[12  1],59,90,93,31,88
1,<environment.Job instance at 0x146b43027a50>,35,23,[9 1],46,93,116,47,93
1,<environment.Job instance at 0x146b7429e9b0>,0,2,[7 1],1,1,3,0,1
1,<environment.Job instance at 0x146b42ddd320>,2,13,[2 5],8,9,22,1,9
1,<environment.Job instance at 0x146b432b3230>,10,1,[8 1],23,27,28,4,27
1,<environment.Job instance at 0x146b432b3dc0>,13,15,[ 2 10],32,33,48,1,33
1,<environment.Job instance at 0x146b432b3320>,12,12,[7 2],26,37,49,11,37
1,<environment.Job instance at 0x146b432b32d0>,14,2,[5 2],33,41,43,8,41
1,<environment.Job instance at 0x146b432b3820>,15,2,[7 2],34,48,50,14,46
1,<environment.Job instance at 0x146b432b3d20>,16,2,[5 2],36,62,64,26,62
1,<environment.Job instance at 0x146b432b3b40>,18,1,[6 2],38,73,74,35,73
1,<environment.Job instance at 0x146b432b3780>,19,2,[ 1 12],39,76,78,37,76
1,<environment.Job instance at 0x146b432b3730>,21,2,[5 2],41,78,80,37,78
1,<environment.Job instance at 0x146b432b3050>,22,21,[5 1],42,78,99,36,78
1,<environment.Job instance at 0x146b432b33c0>,23,3,[2 8],43,82,85,39,82
1,<environment.Job instance at 0x146b432b3c80>,24,3,[8 2],45,98,101,53,98
1,<environment.Job instance at 0x146b432b30f0>,25,1,[ 2 10],46,99,100,53,99
1,<environment.Job instance at 0x146b432b3690>,20,16,[2 9],40,107,123,67,107
1,<environment.Job instance at 0x146b7a208a00>,8,13,[ 2 11],20,141,154,121,141
1,<environment.Job instance at 0x146b7ac29140>,30,13,[7 1],52,143,156,91,143
1,<environment.Job instance at 0x146b432b35a0>,26,2,[1 6],47,154,156,107,146
1,<environment.Job instance at 0x146b7ac29320>,32,2,[2 7],56,154,156,98,151
1,<environment.Job instance at 0x146b42cdfb40>,7,3,[11  1],19,195,198,176,195
1,<environment.Job instance at 0x146b7401d190>,2,2,[5 2],5,5,7,0,5
1,<environment.Job instance at 0x146b432ba500>,8,2,[10  2],13,13,15,0,13
1,<environment.Job instance at 0x146b432ba820>,9,1,[5 1],14,14,15,0,14
1,<environment.Job instance at 0x146b432ba730>,11,1,[6 1],16,17,18,1,17
1,<environment.Job instance at 0x146b432badc0>,12,3,[8 1],18,19,22,1,19
1,<environment.Job instance at 0x146b432baf00>,15,17,[10  1],26,28,45,2,28
1,<environment.Job instance at 0x146b74014640>,17,2,[7 1],28,45,47,17,33
1,<environment.Job instance at 0x146b740147d0>,19,3,[ 2 13],32,35,38,3,35
1,<environment.Job instance at 0x146b74014460>,27,27,[1 9],43,49,76,6,49
1,<environment.Job instance at 0x146b432e4460>,35,13,[8 2],56,62,75,6,62
1,<environment.Job instance at 0x146b74014dc0>,28,1,[9 1],44,75,76,31,64
1,<environment.Job instance at 0x146b79fde8c0>,6,21,[9 1],11,11,32,0,11
1,<environment.Job instance at 0x146b7aba19b0>,11,3,[5 1],17,17,20,0,17
1,<environment.Job instance at 0x146b7aba10a0>,20,16,[9 2],30,100,116,70,100
1,<environment.Job instance at 0x146b787feb90>,25,1,[5 1],36,107,108,71,107
1,<environment.Job instance at 0x146b787fee10>,27,1,[1 8],40,111,112,71,111
1,<environment.Job instance at 0x146b787fe9b0>,30,14,[ 1 10],44,116,130,72,116
1,<environment.Job instance at 0x146b787fe5a0>,32,1,[10  1],46,117,118,71,117
1,<environment.Job instance at 0x146b787fef00>,34,2,[6 2],49,118,120,69,118
1,<environment.Job instance at 0x146b787fefa0>,37,1,[1 6],52,130,131,78,127
1,<environment.Job instance at 0x146b787feaf0>,35,18,[2 9],50,140,158,90,140
1,<environment.Job instance at 0x146b787fe6e0>,43,26,[8 1],58,164,190,106,164
1,<environment.Job instance at 0x146b7aba1f50>,19,20,[ 2 11],28,552,572,524,552
1,<environment.Job instance at 0x14626ebf5a50>,0,12,[2 5],1,2,14,1,2
1,<environment.Job instance at 0x146265674780>,2,1,[2 5],3,3,4,0,3
1,<environment.Job instance at 0x146266e9b7d0>,6,18,[8 1],7,7,25,0,7
1,<environment.Job instance at 0x1462655d1550>,15,1,[ 1 10],20,21,22,1,21
1,<environment.Job instance at 0x1462655df370>,16,1,[2 5],21,23,24,2,23
1,<environment.Job instance at 0x1462655a87d0>,19,3,[6 2],26,27,30,1,27
1,<environment.Job instance at 0x1462655a8730>,21,3,[6 1],29,30,33,1,30
1,<environment.Job instance at 0x1462655a4730>,22,1,[2 7],30,31,32,1,31
1,<environment.Job instance at 0x1462655a4910>,23,2,[8 1],31,32,34,1,32
1,<environment.Job instance at 0x14626513a5a0>,25,2,[2 8],34,35,37,1,35
1,<environment.Job instance at 0x146265139780>,27,2,[2 7],36,36,38,0,36
1,<environment.Job instance at 0x1462651391e0>,30,15,[2 9],40,46,61,6,46
1,<environment.Job instance at 0x146265135e60>,33,1,[2 7],43,61,62,18,51
1,<environment.Job instance at 0x146265135a00>,32,3,[2 9],42,62,65,20,53
1,<environment.Job instance at 0x1462651358c0>,34,15,[11  1],44,54,69,10,54
1,<environment.Job instance at 0x146265135eb0>,36,3,[10  2],48,69,72,21,60
1,<environment.Job instance at 0x146265135190>,40,3,[1 6],53,65,68,12,63
1,<environment.Job instance at 0x146265135050>,38,1,[8 1],51,72,73,21,69
1,<environment.Job instance at 0x146265134690>,46,2,[2 8],61,72,74,11,72
1,<environment.Job instance at 0x146265134f50>,45,3,[2 8],60,74,77,14,72
1,<environment.Job instance at 0x1462655a8870>,20,2,[ 1 13],27,77,79,50,72
1,<environment.Job instance at 0x146265134c30>,48,1,[2 9],65,79,80,14,73
1,<environment.Job instance at 0x146265136e10>,41,25,[12  2],54,74,99,20,74
1,<environment.Job instance at 0x1462656896e0>,0,2,[1 7],2,2,4,0,2
1,<environment.Job instance at 0x1462656ad460>,8,17,[8 1],16,19,36,3,19
1,<environment.Job instance at 0x1462656ad550>,9,3,[1 5],17,21,24,4,21
1,<environment.Job instance at 0x1462656add70>,15,1,[13  1],24,36,37,12,25
1,<environment.Job instance at 0x1462656adaf0>,14,3,[1 9],23,31,34,8,31
1,<environment.Job instance at 0x1462658f9780>,20,13,[7 2],32,37,50,5,32
1,<environment.Job instance at 0x1462658f9f50>,25,2,[ 1 10],39,40,42,1,40
1,<environment.Job instance at 0x1462658f92d0>,28,14,[7 1],42,50,64,8,50
1,<environment.Job instance at 0x1462658d4be0>,31,1,[10  1],47,64,65,17,50
1,<environment.Job instance at 0x1462658d4820>,33,1,[7 2],50,51,52,1,51
1,<environment.Job instance at 0x14626557b5a0>,42,1,[5 1],61,61,62,0,61
1,<environment.Job instance at 0x1462658f5eb0>,38,1,[2 7],57,61,62,4,61
1,<environment.Job instance at 0x14626557b140>,41,2,[14  1],60,65,67,5,63
1,<environment.Job instance at 0x14626557be60>,45,15,[10  2],65,67,82,2,67
1,<environment.Job instance at 0x1462656928c0>,2,1,[ 2 14],3,4,5,1,4
1,<environment.Job instance at 0x14623fbb6eb0>,7,3,[11  2],11,12,15,1,12
1,<environment.Job instance at 0x14623fbb6cd0>,10,1,[8 1],14,15,16,1,14
1,<environment.Job instance at 0x14623fbb8410>,11,3,[5 2],16,17,20,1,17
1,<environment.Job instance at 0x14623fbb80f0>,12,15,[9 2],17,17,32,0,17
1,<environment.Job instance at 0x14623fbb80a0>,15,1,[1 7],20,20,21,0,20
1,<environment.Job instance at 0x14623fbb8b90>,18,1,[1 8],26,27,28,1,27
1,<environment.Job instance at 0x14623fbb8f50>,20,3,[7 2],28,32,35,4,29
1,<environment.Job instance at 0x14623fbb8e60>,21,2,[1 8],29,32,34,3,32
1,<environment.Job instance at 0x14623fbb9190>,23,13,[ 1 14],32,88,101,56,88
1,<environment.Job instance at 0x14623fbbd870>,44,1,[1 7],63,130,131,67,130
1,<environment.Job instance at 0x14623fbb8910>,17,3,[12  1],24,159,162,135,159
1,<environment.Job instance at 0x14623fbb8910>,4,2,[10  1],5,8,10,3,8
1,<environment.Job instance at 0x14625c29d230>,6,18,[8 1],8,10,28,2,9
1,<environment.Job instance at 0x1462640445a0>,15,2,[6 2],23,23,25,0,23
1,<environment.Job instance at 0x1462640441e0>,16,1,[9 1],25,28,29,3,26
1,<environment.Job instance at 0x1462640ddfa0>,17,2,[8 1],26,29,31,3,27
1,<environment.Job instance at 0x14625c2505f0>,18,1,[ 1 10],27,31,32,4,31
1,<environment.Job instance at 0x146265134320>,25,18,[7 2],39,39,57,0,39
1,<environment.Job instance at 0x146265134e10>,24,2,[1 6],37,40,42,3,40
1,<environment.Job instance at 0x146267a5a870>,36,15,[2 8],58,90,105,32,90
1,<environment.Job instance at 0x146264040b40>,39,2,[6 2],62,92,94,30,92
1,<environment.Job instance at 0x146264040320>,41,16,[1 7],64,152,168,88,152
1,<environment.Job instance at 0x14626513a870>,44,3,[1 5],69,174,177,105,174
1,<environment.Job instance at 0x14626513ae10>,43,3,[ 1 13],66,195,198,129,195
1,<environment.Job instance at 0x14625c2a90f0>,34,2,[ 2 12],56,414,416,358,414
1,<environment.Job instance at 0x146267a5afa0>,38,13,[ 1 11],61,442,455,381,442
1,<environment.Job instance at 0x14625c1ebc30>,1,1,[7 1],2,2,3,0,2
1,<environment.Job instance at 0x14625c1ebd70>,5,18,[8 1],7,9,27,2,9
1,<environment.Job instance at 0x14625c1eb1e0>,7,1,[1 8],9,10,11,1,10
1,<environment.Job instance at 0x14625c1f2d70>,14,2,[10  1],19,27,29,8,20
1,<environment.Job instance at 0x14625c1f2dc0>,16,17,[7 1],22,29,46,7,24
1,<environment.Job instance at 0x14625c252690>,24,1,[ 2 10],35,35,36,0,35
1,<environment.Job instance at 0x14625c252910>,29,13,[5 2],41,43,56,2,43
1,<environment.Job instance at 0x14625c175f00>,32,3,[5 1],44,46,49,2,45
1,<environment.Job instance at 0x14625c175960>,31,1,[6 1],43,49,50,6,45
1,<environment.Job instance at 0x14625c175870>,33,3,[1 7],49,51,54,2,51
1,<environment.Job instance at 0x14625c175e10>,36,2,[10  1],53,54,56,1,53
1,<environment.Job instance at 0x14625c175690>,34,12,[7 1],51,62,74,11,62
1,<environment.Job instance at 0x14625c140960>,42,16,[7 2],64,64,80,0,64
1,<environment.Job instance at 0x14626e09ba50>,5,2,[ 2 12],10,12,14,2,12
1,<environment.Job instance at 0x146267d28c30>,12,1,[1 9],23,81,82,58,81
1,<environment.Job instance at 0x146267d28c80>,17,3,[ 2 10],30,114,117,84,114
1,<environment.Job instance at 0x14626cab1a50>,26,2,[2 9],41,131,133,90,131
1,<environment.Job instance at 0x14626cab1b40>,30,3,[5 1],50,135,138,85,135
1,<environment.Job instance at 0x14626cab1730>,31,14,[1 6],52,170,184,118,170
1,<environment.Job instance at 0x14626e4c6eb0>,36,3,[9 2],58,173,176,115,173
1,<environment.Job instance at 0x14626e4c6e60>,39,3,[1 7],63,179,182,116,179
1,<environment.Job instance at 0x14626e4c6910>,40,2,[9 2],65,206,208,141,206
1,<environment.Job instance at 0x146267d28550>,8,15,[ 1 11],17,208,223,191,208
1,<environment.Job instance at 0x14623f917a50>,13,1,[2 6],23,93,94,70,93
1,<environment.Job instance at 0x14623f929c30>,42,18,[8 2],63,104,122,41,104
1,<environment.Job instance at 0x14623f929b90>,40,2,[1 7],61,105,107,44,105
1,<environment.Job instance at 0x14623f929550>,43,3,[1 6],64,110,113,46,110
1,<environment.Job instance at 0x14623f91bbe0>,47,15,[7 2],68,113,128,45,113
1,<environment.Job instance at 0x14623f91bb40>,45,2,[ 1 10],66,137,139,71,137
1,<environment.Job instance at 0x14623f929b40>,39,3,[ 2 11],60,161,164,101,161
1,<environment.Job instance at 0x14623f937af0>,35,14,[14  1],52,237,251,185,237
1,<environment.Job instance at 0x14623f91ea50>,2,2,[2 8],3,4,6,1,4
1,<environment.Job instance at 0x14623fb0d050>,6,1,[6 2],11,11,12,0,11
1,<environment.Job instance at 0x14623fb0d820>,12,1,[2 5],18,19,20,1,19
1,<environment.Job instance at 0x14623fb0d6e0>,11,1,[5 2],17,20,21,3,20
1,<environment.Job instance at 0x14623fb374b0>,13,2,[ 1 10],20,21,23,1,21
1,<environment.Job instance at 0x14623fb375a0>,14,3,[2 5],21,21,24,0,21
1,<environment.Job instance at 0x14623fb375f0>,16,2,[5 2],23,25,27,2,25
1,<environment.Job instance at 0x14623fb37690>,17,1,[7 1],26,28,29,2,28
1,<environment.Job instance at 0x14623fb37870>,19,1,[7 2],28,28,29,0,28
1,<environment.Job instance at 0x14623fb376e0>,21,2,[5 2],30,33,35,3,33
1,<environment.Job instance at 0x146266eedf00>,26,17,[9 2],38,67,84,29,67
1,<environment.Job instance at 0x146266eed690>,27,1,[6 2],39,80,81,41,80
1,<environment.Job instance at 0x146266eed910>,35,1,[2 6],48,96,97,48,96
1,<environment.Job instance at 0x146266eed140>,37,1,[2 6],51,96,97,45,96
1,<environment.Job instance at 0x146266eed370>,38,3,[1 7],53,100,103,47,100
1,<environment.Job instance at 0x146266eeddc0>,39,17,[2 7],54,101,118,47,101
1,<environment.Job instance at 0x146266eedb90>,40,14,[1 6],55,104,118,49,104
1,<environment.Job instance at 0x146266eedf50>,42,3,[5 1],57,108,111,51,108
1,<environment.Job instance at 0x146266eedfa0>,45,12,[9 2],60,117,129,57,117
1,<environment.Job instance at 0x146266ed66e0>,46,2,[2 6],61,118,120,57,118
1,<environment.Job instance at 0x146266ed6be0>,49,16,[10  2],64,129,145,65,126
1,<environment.Job instance at 0x146266eed050>,44,1,[1 8],59,132,133,73,132
1,<environment.Job instance at 0x146266ed6910>,50,16,[ 2 10],65,141,157,76,141
1,<environment.Job instance at 0x146266eedc80>,25,13,[12  2],37,170,183,133,170
1,<environment.Job instance at 0x146267ccd410>,5,2,[7 1],6,7,9,1,7
1,<environment.Job instance at 0x146267ccd1e0>,6,3,[7 1],7,7,10,0,7
1,<environment.Job instance at 0x14626c114c80>,2,14,[6 1],3,9,23,6,8
1,<environment.Job instance at 0x146267ccd460>,9,1,[ 2 10],10,10,11,0,10
1,<environment.Job instance at 0x146267ccdd70>,16,23,[1 6],21,33,56,12,33
1,<environment.Job instance at 0x146267d010f0>,19,3,[6 1],29,38,41,9,38
1,<environment.Job instance at 0x146267ccdb90>,13,3,[1 9],18,72,75,54,72
1,<environment.Job instance at 0x146267ccdc30>,14,16,[10  1],19,79,95,60,79
1,<environment.Job instance at 0x146267d01af0>,29,3,[8 1],43,95,98,52,94
1,<environment.Job instance at 0x146267cee190>,38,2,[ 1 10],60,128,130,68,128
1,<environment.Job instance at 0x146267cee410>,40,3,[10  2],63,153,156,90,153
1,<environment.Job instance at 0x146267d01f00>,36,1,[5 2],56,156,157,100,156
1,<environment.Job instance at 0x146267ccd320>,8,25,[12  1],9,230,255,221,230
1,<environment.Job instance at 0x14626408e640>,5,2,[7 2],10,10,12,0,10
1,<environment.Job instance at 0x14626408ee10>,4,1,[2 8],9,12,13,3,12
1,<environment.Job instance at 0x14623f8910f0>,11,21,[1 8],16,27,48,11,27
1,<environment.Job instance at 0x14623ff1cf00>,24,1,[10  2],38,45,46,7,45
1,<environment.Job instance at 0x14623fcf7e60>,31,3,[1 9],51,72,75,21,72
1,<environment.Job instance at 0x1462679cc7d0>,36,3,[9 2],58,90,93,32,90
1,<environment.Job instance at 0x1462679ccf00>,37,2,[7 1],61,117,119,56,117
1,<environment.Job instance at 0x1462679ccc30>,39,3,[2 5],64,135,138,71,135
1,<environment.Job instance at 0x1462679cc9b0>,42,13,[8 2],67,148,161,81,148
1,<environment.Job instance at 0x14623f891d20>,10,27,[1 7],15,182,209,167,182
1,<environment.Job instance at 0x14625c1f0d70>,28,1,[ 1 12],46,209,210,163,197
1,<environment.Job instance at 0x1462679ccc80>,35,13,[13  2],57,197,210,140,197
1,<environment.Job instance at 0x14625c3b7500>,11,1,[1 9],17,18,19,1,18
1,<environment.Job instance at 0x14625c3b7e60>,12,3,[7 1],18,23,26,5,23
1,<environment.Job instance at 0x146267d5aeb0>,21,2,[10  2],33,52,54,19,52
1,<environment.Job instance at 0x146266f01460>,31,2,[1 8],45,95,97,50,95
1,<environment.Job instance at 0x146267d5a910>,20,16,[1 6],31,99,115,68,99
1,<environment.Job instance at 0x14626403f0a0>,47,16,[ 2 10],65,115,131,50,106
1,<environment.Job instance at 0x14626403f320>,48,3,[7 1],66,106,109,40,106
1,<environment.Job instance at 0x1462655be780>,3,1,[1 5],6,8,9,2,8
1,<environment.Job instance at 0x1462655bef50>,7,25,[9 1],11,11,36,0,11
1,<environment.Job instance at 0x14623f84cb40>,15,2,[2 9],21,25,27,4,25
1,<environment.Job instance at 0x14623f84c230>,16,2,[1 5],22,85,87,63,85
1,<environment.Job instance at 0x1462679b1370>,40,17,[7 1],54,124,141,70,124
1,<environment.Job instance at 0x1462679b17d0>,39,1,[8 2],53,133,134,80,133
1,<environment.Job instance at 0x1462679b10f0>,41,17,[2 7],55,168,185,113,168
1,<environment.Job instance at 0x1462679b1140>,44,1,[8 2],58,177,178,119,177
1,<environment.Job instance at 0x14623f97f190>,47,1,[1 8],61,183,184,122,183
1,<environment.Job instance at 0x14623f97f820>,50,1,[6 2],65,195,196,130,195
1,<environment.Job instance at 0x1462679b1a00>,43,16,[6 1],57,197,213,140,197
1,<environment.Job instance at 0x14623f97f500>,53,13,[10  1],69,213,226,144,198
1,<environment.Job instance at 0x1462679b1460>,38,17,[12  1],50,228,245,178,228
1,<environment.Job instance at 0x146266f78b40>,1,2,[7 2],2,5,7,3,5
1,<environment.Job instance at 0x146266935280>,6,1,[5 1],7,9,10,2,9
1,<environment.Job instance at 0x146266f78730>,3,3,[6 1],4,11,14,7,11
1,<environment.Job instance at 0x14625c2d3320>,9,2,[8 2],10,13,15,3,13
1,<environment.Job instance at 0x1462669266e0>,13,22,[8 1],15,15,37,0,15
1,<environment.Job instance at 0x146266926aa0>,15,3,[10  2],17,37,40,20,20
1,<environment.Job instance at 0x146266926f50>,17,17,[1 7],20,21,38,1,21
1,<environment.Job instance at 0x14626e4c48c0>,20,2,[2 7],23,24,26,1,24
1,<environment.Job instance at 0x14626e4c4d70>,21,18,[6 1],25,40,58,15,32
1,<environment.Job instance at 0x14626e4c4be0>,22,15,[2 9],26,38,53,12,33
1,<environment.Job instance at 0x14626e4c49b0>,25,1,[ 1 14],30,53,54,23,48
1,<environment.Job instance at 0x14626cadb2d0>,35,1,[ 2 10],44,54,55,10,48
1,<environment.Job instance at 0x14623fa44370>,33,3,[ 2 14],42,55,58,13,52
1,<environment.Job instance at 0x14625c075dc0>,42,1,[1 5],57,59,60,2,59
1,<environment.Job instance at 0x14623fa6f5a0>,43,14,[5 2],59,59,73,0,59
1,<environment.Job instance at 0x146266f5cb40>,44,27,[5 1],60,60,87,0,60
1,<environment.Job instance at 0x14623fd89190>,46,2,[1 9],62,62,64,0,62
1,<environment.Job instance at 0x146266ef2910>,45,15,[14  1],61,87,102,26,73
1,<environment.Job instance at 0x14623f8767d0>,48,1,[1 8],64,73,74,9,73
1,<environment.Job instance at 0x14625c1bdb90>,4,1,[13  1],5,102,103,97,77
1,<environment.Job instance at 0x14625c188c30>,6,3,[10  1],11,14,17,3,14
1,<environment.Job instance at 0x14625c188fa0>,4,12,[5 2],7,14,26,7,14
1,<environment.Job instance at 0x14625c188a50>,7,2,[ 2 10],12,19,21,7,19
1,<environment.Job instance at 0x14625c1a1410>,15,13,[7 2],24,38,51,14,38
1,<environment.Job instance at 0x14625c1a1f00>,18,15,[2 5],29,39,54,10,39
1,<environment.Job instance at 0x14625c1a1190>,20,2,[7 1],31,51,53,20,41
1,<environment.Job instance at 0x14625c1a1e10>,21,1,[8 1],32,53,54,21,51
1,<environment.Job instance at 0x14625c1a1eb0>,22,2,[10  2],33,54,56,21,51
1,<environment.Job instance at 0x14625c16b140>,24,3,[9 2],35,63,66,28,63
1,<environment.Job instance at 0x14625c16b5f0>,23,14,[9 1],34,66,80,32,66
1,<environment.Job instance at 0x14625c16bc30>,27,2,[2 7],39,68,70,29,68
1,<environment.Job instance at 0x14625c16bd70>,26,2,[ 1 10],38,76,78,38,76
1,<environment.Job instance at 0x14625c16b870>,28,3,[9 2],41,139,142,98,139
1,<environment.Job instance at 0x14625c16b050>,31,2,[8 2],50,235,237,185,235
1,<environment.Job instance at 0x14625c193be0>,40,15,[10  1],63,299,314,236,299
1,<environment.Job instance at 0x14625c193230>,41,28,[5 2],64,303,331,239,303
1,<environment.Job instance at 0x14625c193370>,42,1,[8 2],65,318,319,253,318
1,<environment.Job instance at 0x14625c193eb0>,44,3,[ 2 14],67,331,334,264,322
1,<environment.Job instance at 0x14626ca3bbe0>,46,2,[2 6],69,327,329,258,327
1,<environment.Job instance at 0x14625c193960>,35,2,[ 1 11],57,345,347,288,345
1,<environment.Job instance at 0x14625c1a1af0>,14,26,[ 2 13],23,386,412,363,386
1,<environment.Job instance at 0x14625c1a10f0>,17,2,[12  1],27,394,396,367,394
1,<environment.Job instance at 0x14623f913640>,11,3,[5 2],14,14,17,0,14
1,<environment.Job instance at 0x14623f913d70>,8,1,[1 9],11,15,16,4,15
1,<environment.Job instance at 0x14623f913c30>,13,2,[8 2],16,17,19,1,17
1,<environment.Job instance at 0x14626c142e60>,18,23,[2 6],24,36,59,12,36
1,<environment.Job instance at 0x14626caad140>,30,20,[8 1],40,40,60,0,40
1,<environment.Job instance at 0x14626caada00>,29,3,[12  1],39,60,63,21,51
1,<environment.Job instance at 0x146266ef5fa0>,33,13,[2 5],48,51,64,3,51
1,<environment.Job instance at 0x146266ef5dc0>,35,1,[2 6],50,59,60,9,51
1,<environment.Job instance at 0x146266ef5d20>,32,3,[9 1],46,63,66,17,58
1,<environment.Job instance at 0x14626566eb90>,42,16,[9 1],64,85,101,21,85
1,<environment.Job instance at 0x14626566e3c0>,41,1,[8 1],63,101,102,38,101
1,<environment.Job instance at 0x14626566e460>,39,13,[ 2 11],60,122,135,62,122
1,<environment.Job instance at 0x14626566e9b0>,38,3,[11  1],59,166,169,107,166
1,<environment.Job instance at 0x14626708f410>,10,3,[2 8],13,23,26,10,23
1,<environment.Job instance at 0x146266fa40a0>,19,2,[2 7],26,33,35,7,33
1,<environment.Job instance at 0x146266fa4960>,23,3,[2 8],30,33,36,3,33
1,<environment.Job instance at 0x146266fa4b90>,24,2,[6 2],31,38,40,7,38
1,<environment.Job instance at 0x14626c3d49b0>,11,3,[8 2],15,38,41,23,38
1,<environment.Job instance at 0x14623fff8190>,39,17,[10  1],56,56,73,0,56
1,<environment.Job instance at 0x14623fff88c0>,38,2,[8 2],53,73,75,20,56
1,<environment.Job instance at 0x14623fff8f50>,40,3,[2 6],57,57,60,0,57
1,<environment.Job instance at 0x14625c182140>,33,1,[5 1],44,60,61,16,58
1,<environment.Job instance at 0x14623fff8dc0>,43,3,[ 2 13],62,65,68,3,65
1,<environment.Job instance at 0x14623f976780>,47,1,[1 7],68,68,69,0,68
1,<environment.Job instance at 0x14626708fb90>,6,2,[ 1 12],9,72,74,63,72
1,<environment.Job instance at 0x146266e243c0>,4,1,[ 2 10],5,7,8,2,7
1,<environment.Job instance at 0x146266e24820>,8,18,[9 1],13,13,31,0,13
1,<environment.Job instance at 0x146267a036e0>,11,1,[7 1],17,31,32,14,19
1,<environment.Job instance at 0x14623f90f460>,19,1,[1 7],30,33,34,3,33
1,<environment.Job instance at 0x14623f90f690>,20,21,[9 1],31,67,88,36,67
1,<environment.Job instance at 0x1462658d4190>,39,1,[5 1],56,72,73,16,72
1,<environment.Job instance at 0x14626c092910>,46,1,[10  1],66,88,89,22,83
1,<environment.Job instance at 0x14623ffbc870>,33,20,[ 2 11],48,613,633,565,613
1,<environment.Job instance at 0x14626da16c30>,0,3,[2 9],1,2,5,1,2
1,<environment.Job instance at 0x14626da16820>,7,26,[8 1],8,10,36,2,10
1,<environment.Job instance at 0x14623ffbc870>,3,17,[5 1],4,10,27,6,10
1,<environment.Job instance at 0x14625c06b910>,14,2,[2 9],15,24,26,9,24
1,<environment.Job instance at 0x14625c06b730>,16,3,[7 2],18,114,117,96,114
1,<environment.Job instance at 0x14625c06b5f0>,15,13,[2 8],17,117,130,100,117
1,<environment.Job instance at 0x14626cbd95a0>,28,2,[11  2],36,117,119,81,117
1,<environment.Job instance at 0x14626cbd99b0>,35,17,[5 2],44,119,136,75,119
1,<environment.Job instance at 0x14626cbd9640>,32,1,[1 5],41,123,124,82,123
1,<environment.Job instance at 0x14626cbd9a00>,41,2,[5 1],52,124,126,72,124
1,<environment.Job instance at 0x14626cbd96e0>,42,2,[8 2],53,126,128,73,124
1,<environment.Job instance at 0x14626cbd9b90>,36,2,[2 6],46,136,138,90,136
1,<environment.Job instance at 0x1462658cbd70>,43,2,[12  1],55,172,174,117,172
1,<environment.Job instance at 0x14626e0bb5a0>,51,17,[7 1],64,179,196,115,179
1,<environment.Job instance at 0x14626e0bbeb0>,52,16,[8 2],65,188,204,123,188
1,<environment.Job instance at 0x14626e0bb690>,54,1,[10  1],69,204,205,135,200
1,<environment.Job instance at 0x14626cbd9c80>,40,17,[5 2],50,207,224,157,207
1,<environment.Job instance at 0x14625c06bbe0>,21,28,[14  1],28,233,261,205,233
1,<environment.Job instance at 0x14626c114320>,13,2,[2 5],19,20,22,1,20
1,<environment.Job instance at 0x14623fc1acd0>,12,1,[ 2 13],18,22,23,4,22
1,<environment.Job instance at 0x14626eb97190>,16,1,[5 1],22,25,26,3,25
1,<environment.Job instance at 0x1462655f1870>,20,3,[5 2],28,29,32,1,29
1,<environment.Job instance at 0x14626e515500>,21,15,[8 1],29,32,47,3,32
1,<environment.Job instance at 0x14626a22d550>,29,2,[2 9],44,45,47,1,45
1,<environment.Job instance at 0x146266eb0320>,31,2,[7 1],47,47,49,0,47
1,<environment.Job instance at 0x14623fb34dc0>,36,3,[8 1],54,61,64,7,61
1,<environment.Job instance at 0x14625c1d78c0>,42,1,[2 8],64,64,65,0,64
1,<environment.Job instance at 0x14623fcdf960>,45,2,[ 2 13],69,81,83,12,81
1,<environment.Job instance at 0x14623fc08500>,10,3,[2 5],15,36,39,21,36
1,<environment.Job instance at 0x14623fc085a0>,7,1,[1 5],10,37,38,27,37
1,<environment.Job instance at 0x14623fc083c0>,13,2,[2 6],20,49,51,29,49
1,<environment.Job instance at 0x14623fc2d0a0>,16,1,[10  1],26,50,51,24,50
1,<environment.Job instance at 0x14623f9661e0>,17,3,[10  1],27,61,64,34,61
1,<environment.Job instance at 0x14623f966cd0>,21,1,[9 1],31,69,70,38,69
1,<environment.Job instance at 0x146267c90dc0>,24,3,[2 7],34,90,93,56,90
1,<environment.Job instance at 0x14623fb85e60>,12,1,[1 6],18,96,97,78,96
1,<environment.Job instance at 0x146267c90500>,31,1,[9 1],42,109,110,67,109
1,<environment.Job instance at 0x14623fc080f0>,5,16,[ 1 11],7,116,132,109,116
1,<environment.Job instance at 0x14623ff1a0a0>,35,2,[ 1 14],50,132,134,82,116
1,<environment.Job instance at 0x14623ff2d820>,37,3,[9 1],52,116,119,64,116
1,<environment.Job instance at 0x146266dc3780>,46,3,[1 9],62,134,137,72,124
1,<environment.Job instance at 0x1462669568c0>,43,26,[5 2],59,136,162,77,136
1,<environment.Job instance at 0x147db3bb1c80>,4,2,[7 2],5,12,14,7,12
1,<environment.Job instance at 0x147db379d960>,10,13,[2 8],12,12,25,0,12
1,<environment.Job instance at 0x147db2417280>,15,1,[ 1 10],20,25,26,5,23
1,<environment.Job instance at 0x147db23e30a0>,20,2,[ 1 13],27,27,29,0,27
1,<environment.Job instance at 0x147db23dfa50>,22,1,[2 7],30,30,31,0,30
1,<environment.Job instance at 0x147db23dfb40>,25,2,[2 8],34,36,38,2,36
1,<environment.Job instance at 0x147db1f70780>,35,2,[1 8],45,49,51,4,49
1,<environment.Job instance at 0x147db1f71e10>,39,3,[1 5],52,67,70,15,67
1,<environment.Job instance at 0x147db1f71690>,43,3,[7 2],57,67,70,10,67
1,<environment.Job instance at 0x147db1f6f230>,46,2,[2 8],61,98,100,37,98
1,<environment.Job instance at 0x147db1f71c30>,44,3,[1 8],58,100,103,42,99
1,<environment.Job instance at 0x147db1f6f910>,47,1,[1 6],63,101,102,38,101
1,<environment.Job instance at 0x147db2467f50>,50,12,[9 1],68,107,119,39,107
1,<environment.Job instance at 0x147db24033c0>,52,2,[1 7],72,112,114,40,112
1,<environment.Job instance at 0x147db1f6fd20>,53,3,[6 1],73,114,117,41,112
1,<environment.Job instance at 0x147db1f6f1e0>,48,1,[2 9],65,120,121,55,120
1,<environment.Job instance at 0x147db1f70d20>,34,15,[11  1],44,195,210,151,195
1,<environment.Job instance at 0x147db1f713c0>,41,25,[12  2],54,269,294,215,269
1,<environment.Job instance at 0x147db272bcd0>,2,17,[8 1],6,6,23,0,6
1,<environment.Job instance at 0x147db1f713c0>,4,3,[9 2],8,23,26,15,8
1,<environment.Job instance at 0x147db272beb0>,9,1,[13  1],14,26,27,12,18
1,<environment.Job instance at 0x147db24f3820>,12,2,[ 2 10],17,19,21,2,19
1,<environment.Job instance at 0x147db24f34b0>,11,1,[2 5],16,21,22,5,19
1,<environment.Job instance at 0x147db24f39b0>,15,2,[6 2],23,23,25,0,23
1,<environment.Job instance at 0x147db24f30a0>,19,2,[ 1 10],29,30,32,1,30
1,<environment.Job instance at 0x147db24f3640>,22,14,[7 1],32,32,46,0,32
1,<environment.Job instance at 0x147db24f3d20>,18,2,[2 5],28,35,37,7,35
1,<environment.Job instance at 0x147db2735a50>,25,1,[10  1],37,46,47,9,39
1,<environment.Job instance at 0x147db2735c80>,30,1,[1 5],43,43,44,0,43
1,<environment.Job instance at 0x147db2735b40>,29,2,[2 6],42,49,51,7,49
1,<environment.Job instance at 0x147db2735320>,32,1,[2 7],47,49,50,2,49
1,<environment.Job instance at 0x147db2735e60>,33,1,[2 5],48,50,51,2,49
1,<environment.Job instance at 0x147db24e8640>,39,15,[10  2],55,56,71,1,56
1,<environment.Job instance at 0x147db24e8eb0>,46,1,[ 2 14],63,71,72,8,71
1,<environment.Job instance at 0x147db24e8140>,43,13,[2 9],60,72,85,12,71
1,<environment.Job instance at 0x147db24e8f00>,47,1,[8 2],64,72,73,8,71
1,<environment.Job instance at 0x147db2485cd0>,50,2,[ 1 10],70,89,91,19,89
1,<environment.Job instance at 0x147db2485d20>,54,1,[8 1],74,100,101,26,100
1,<environment.Job instance at 0x147db2485c30>,55,3,[5 2],76,102,105,26,102
1,<environment.Job instance at 0x147db2485aa0>,57,18,[2 6],78,102,120,24,102
1,<environment.Job instance at 0x147db24856e0>,51,3,[11  2],71,105,108,34,103
1,<environment.Job instance at 0x147db24853c0>,56,15,[9 2],77,108,123,31,103
1,<environment.Job instance at 0x147db24e80a0>,35,2,[14  1],50,123,125,73,110
1,<environment.Job instance at 0x147db247b9b0>,4,3,[7 2],8,11,14,3,11
1,<environment.Job instance at 0x147da0a21550>,9,3,[1 9],14,30,33,16,30
1,<environment.Job instance at 0x147da0a21460>,7,13,[ 1 14],12,83,96,71,83
1,<environment.Job instance at 0x147da0a23dc0>,34,2,[8 2],51,96,98,45,83
1,<environment.Job instance at 0x147da0a23eb0>,35,3,[8 1],52,84,87,32,84
1,<environment.Job instance at 0x147da0a23aa0>,37,3,[6 1],54,87,90,33,84
1,<environment.Job instance at 0x147da0a25230>,41,16,[1 6],59,112,128,53,112
1,<environment.Job instance at 0x147da0a21b40>,16,2,[1 9],28,121,123,93,121
1,<environment.Job instance at 0x147da0a25960>,46,15,[9 2],70,123,138,53,121
1,<environment.Job instance at 0x147da0a25500>,49,2,[6 2],73,128,130,55,121
1,<environment.Job instance at 0x147da0a25c30>,52,1,[ 1 10],77,136,137,59,136
1,<environment.Job instance at 0x147db247b820>,1,3,[12  1],4,146,149,142,146
1,<environment.Job instance at 0x147db247ba00>,1,3,[2 8],5,8,11,3,8
1,<environment.Job instance at 0x147db0093730>,14,14,[6 1],27,28,42,1,28
1,<environment.Job instance at 0x147db0093050>,15,15,[2 8],28,34,49,6,34
1,<environment.Job instance at 0x147db00a5be0>,22,3,[ 1 13],36,59,62,23,59
1,<environment.Job instance at 0x147db0093690>,19,1,[1 5],33,77,78,44,77
1,<environment.Job instance at 0x147db015faf0>,26,1,[7 1],42,113,114,71,113
1,<environment.Job instance at 0x147db024feb0>,31,1,[5 2],48,114,115,66,114
1,<environment.Job instance at 0x147db02c6b90>,24,21,[ 2 13],40,126,147,86,126
1,<environment.Job instance at 0x147db4892140>,39,2,[10  1],59,126,128,67,126
1,<environment.Job instance at 0x147db4892050>,40,3,[2 7],60,147,150,87,129
1,<environment.Job instance at 0x147db478c5f0>,41,17,[7 1],62,130,147,68,130
1,<environment.Job instance at 0x147db4892a00>,35,2,[1 7],54,147,149,93,133
1,<environment.Job instance at 0x147db478c140>,42,1,[2 5],64,149,150,85,138
1,<environment.Job instance at 0x147db478cb90>,44,12,[7 2],67,149,161,82,138
1,<environment.Job instance at 0x147db4887be0>,47,14,[8 2],72,150,164,78,138
1,<environment.Job instance at 0x147db48879b0>,48,2,[2 5],74,161,163,87,138
1,<environment.Job instance at 0x147db4887b40>,49,1,[ 2 10],75,163,164,88,144
1,<environment.Job instance at 0x147db48875f0>,50,14,[8 1],76,164,178,88,151
1,<environment.Job instance at 0x147db00930a0>,13,2,[ 2 12],26,164,166,138,156
1,<environment.Job instance at 0x147db00acb90>,17,13,[ 1 11],31,172,185,141,172
1,<environment.Job instance at 0x147db24d3230>,1,3,[1 9],2,3,6,1,3
1,<environment.Job instance at 0x147db3da9a00>,7,2,[10  1],13,15,17,2,15
1,<environment.Job instance at 0x147db24d3190>,2,1,[6 1],3,17,18,14,16
1,<environment.Job instance at 0x147db8ecf2d0>,11,2,[9 2],22,22,24,0,22
1,<environment.Job instance at 0x147db8ecf780>,13,16,[7 2],24,25,41,1,25
1,<environment.Job instance at 0x147db3ecad20>,21,15,[8 2],36,40,55,4,40
1,<environment.Job instance at 0x147db3ecaf50>,23,2,[ 2 12],40,47,49,7,47
1,<environment.Job instance at 0x147db3ecafa0>,25,3,[2 7],43,49,52,6,48
1,<environment.Job instance at 0x147db00f7f50>,26,15,[ 1 11],47,53,68,6,53
1,<environment.Job instance at 0x147db00f7d20>,31,3,[1 8],54,68,71,14,59
1,<environment.Job instance at 0x147db02f1050>,38,16,[9 1],63,63,79,0,63
1,<environment.Job instance at 0x147db02f1460>,36,1,[7 2],61,79,80,18,64
1,<environment.Job instance at 0x147db3f165f0>,43,3,[10  2],70,80,83,10,71
1,<environment.Job instance at 0x147db3f16d70>,46,18,[6 2],76,83,101,7,76
1,<environment.Job instance at 0x147db3f160f0>,3,2,[10  2],5,7,9,2,7
1,<environment.Job instance at 0x147db99a98c0>,5,3,[9 2],8,9,12,1,9
1,<environment.Job instance at 0x147dbae93be0>,4,2,[6 1],6,10,12,4,10
1,<environment.Job instance at 0x147da0cb9be0>,8,3,[1 7],13,19,22,6,19
1,<environment.Job instance at 0x147da0cb90f0>,11,3,[1 7],18,21,24,3,21
1,<environment.Job instance at 0x147da0cb9230>,12,14,[1 6],19,23,37,4,23
1,<environment.Job instance at 0x147db9941960>,17,2,[2 5],26,27,29,1,27
1,<environment.Job instance at 0x147db9941e10>,22,1,[10  1],34,34,35,0,34
1,<environment.Job instance at 0x147db99d2eb0>,42,15,[1 5],63,68,83,5,68
1,<environment.Job instance at 0x147db9941690>,23,27,[1 7],35,79,106,44,79
1,<environment.Job instance at 0x147db4b542d0>,48,1,[8 2],71,79,80,8,79
1,<environment.Job instance at 0x147db4b54af0>,49,14,[14  1],72,83,97,11,79
1,<environment.Job instance at 0x147db4b54a50>,50,2,[6 1],74,80,82,6,79
1,<environment.Job instance at 0x147db4b54280>,52,3,[10  2],77,97,100,20,79
1,<environment.Job instance at 0x147db99415f0>,18,16,[2 9],27,106,122,79,97
1,<environment.Job instance at 0x147db9941230>,15,26,[9 1],24,102,128,78,102
1,<environment.Job instance at 0x147da0ec2e10>,9,3,[6 1],10,10,13,0,10
1,<environment.Job instance at 0x147da0ec27d0>,17,1,[2 9],22,22,23,0,22
1,<environment.Job instance at 0x147da0eda500>,24,3,[2 5],31,33,36,2,33
1,<environment.Job instance at 0x147da0eda050>,22,1,[2 5],28,37,38,9,37
1,<environment.Job instance at 0x147da0edad20>,29,1,[7 2],38,38,39,0,38
1,<environment.Job instance at 0x147da0eda460>,23,2,[ 1 10],30,38,40,8,38
1,<environment.Job instance at 0x147da0ebd6e0>,39,1,[1 7],51,53,54,2,53
1,<environment.Job instance at 0x147da0ebd410>,36,17,[9 2],48,53,70,5,53
1,<environment.Job instance at 0x147da0ebd7d0>,41,2,[1 5],53,53,55,0,53
1,<environment.Job instance at 0x147da0ebdeb0>,43,1,[2 5],56,56,57,0,56
1,<environment.Job instance at 0x147da0ebdf00>,45,1,[2 6],58,58,59,0,58
1,<environment.Job instance at 0x147da0af53c0>,47,1,[2 6],61,62,63,1,62
1,<environment.Job instance at 0x147da0ebd500>,37,1,[6 2],49,63,64,14,63
1,<environment.Job instance at 0x147da0b10d20>,51,17,[9 1],66,70,87,4,67
1,<environment.Job instance at 0x147da0b10460>,53,1,[10  1],68,87,88,19,68
1,<environment.Job instance at 0x147da0b10cd0>,54,1,[1 8],69,72,73,3,72
1,<environment.Job instance at 0x147da0b108c0>,56,2,[2 6],71,72,74,1,72
1,<environment.Job instance at 0x147da0b100f0>,58,2,[10  2],73,88,90,15,73
1,<environment.Job instance at 0x147da0b104b0>,52,3,[5 1],67,76,79,9,76
1,<environment.Job instance at 0x147db4ad4dc0>,59,16,[10  2],74,90,106,16,77
1,<environment.Job instance at 0x147da0ebd050>,35,13,[12  2],47,221,234,174,221
1,<environment.Job instance at 0x147db4b19780>,1,2,[1 8],2,4,6,2,4
1,<environment.Job instance at 0x147da0675c30>,9,1,[ 2 10],10,11,12,1,11
1,<environment.Job instance at 0x147da0675550>,13,3,[1 9],18,21,24,3,21
1,<environment.Job instance at 0x147db0105190>,19,3,[6 1],29,31,34,2,31
1,<environment.Job instance at 0x147da0675b40>,14,16,[10  1],19,34,50,15,33
1,<environment.Job instance at 0x147db0105dc0>,21,2,[7 1],32,50,52,18,34
1,<environment.Job instance at 0x147db0105b40>,24,2,[5 1],37,37,39,0,37
1,<environment.Job instance at 0x147da08fa050>,29,3,[8 1],43,50,53,7,43
1,<environment.Job instance at 0x147da08fa140>,31,18,[1 5],47,52,70,5,47
1,<environment.Job instance at 0x147db024aa00>,33,1,[1 9],52,54,55,2,54
1,<environment.Job instance at 0x147db024a690>,34,3,[2 9],54,55,58,1,55
1,<environment.Job instance at 0x147db024a500>,36,1,[5 2],56,58,59,2,57
1,<environment.Job instance at 0x147db02119b0>,40,3,[10  2],63,75,78,12,75
1,<environment.Job instance at 0x147db0211410>,45,3,[10  2],74,78,81,4,75
1,<environment.Job instance at 0x147db0211d70>,46,3,[5 1],78,78,81,0,78
1,<environment.Job instance at 0x147db0211190>,47,1,[2 8],79,82,83,3,82
1,<environment.Job instance at 0x147da06757d0>,8,25,[12  1],9,100,125,91,100
1,<environment.Job instance at 0x147db0211f50>,41,2,[1 6],67,107,109,40,107
1,<environment.Job instance at 0x147da09e2690>,16,13,[10  1],25,41,54,16,41
1,<environment.Job instance at 0x147da09e2410>,9,3,[9 2],12,58,61,46,58
1,<environment.Job instance at 0x147db4793960>,2,14,[2 8],3,69,83,66,69
1,<environment.Job instance at 0x147da09ddd70>,31,2,[7 1],51,69,71,18,69
1,<environment.Job instance at 0x147da09ddb90>,30,3,[9 2],48,71,74,23,71
1,<environment.Job instance at 0x147da09ddc80>,33,3,[2 5],54,92,95,38,92
1,<environment.Job instance at 0x147da09ddf50>,34,1,[8 1],55,112,113,57,112
1,<environment.Job instance at 0x147da09dde10>,32,16,[ 1 10],52,124,140,72,124
1,<environment.Job instance at 0x147da09ddeb0>,36,13,[8 2],57,124,137,67,124
1,<environment.Job instance at 0x147da09ddc30>,37,18,[5 1],58,124,142,66,124
1,<environment.Job instance at 0x147da09b51e0>,38,15,[6 1],59,137,152,78,126
1,<environment.Job instance at 0x147da09b5370>,39,3,[6 2],60,142,145,82,128
1,<environment.Job instance at 0x147da09b5410>,40,1,[6 2],61,145,146,84,133
1,<environment.Job instance at 0x147da09b53c0>,41,17,[9 2],63,146,163,83,134
1,<environment.Job instance at 0x147da09ddf00>,35,28,[5 1],56,154,182,98,154
1,<environment.Job instance at 0x147da09b5a00>,48,2,[2 8],70,165,167,95,165
1,<environment.Job instance at 0x147da09b5af0>,49,2,[5 1],71,166,168,95,166
1,<environment.Job instance at 0x147da09b5cd0>,51,1,[1 9],77,168,169,91,168
1,<environment.Job instance at 0x147da09b5d20>,52,3,[7 1],78,169,172,91,169
1,<environment.Job instance at 0x147da09b57d0>,46,3,[2 7],68,174,177,106,174
1,<environment.Job instance at 0x147da09e2f00>,22,1,[ 1 12],36,178,179,142,178
1,<environment.Job instance at 0x147da09dd7d0>,29,13,[13  2],47,357,370,310,357
1,<environment.Job instance at 0x147db00142d0>,10,1,[10  2],17,17,18,0,17
1,<environment.Job instance at 0x147db0100910>,12,16,[1 9],19,21,37,2,21
1,<environment.Job instance at 0x147da0cb8050>,16,13,[1 9],24,44,57,20,44
1,<environment.Job instance at 0x147db92245f0>,24,17,[5 2],34,44,61,10,44
1,<environment.Job instance at 0x147db00bd870>,25,1,[6 1],36,44,45,8,44
1,<environment.Job instance at 0x147db8ef1af0>,35,14,[8 2],47,61,75,14,61
1,<environment.Job instance at 0x147db8ef1e10>,36,2,[1 9],49,61,63,12,61
1,<environment.Job instance at 0x147db9224870>,21,17,[2 9],31,63,80,32,62
1,<environment.Job instance at 0x147db4b69960>,42,1,[10  1],58,75,76,17,64
1,<environment.Job instance at 0x147db4b69e60>,44,17,[10  1],60,76,93,16,64
1,<environment.Job instance at 0x147db4b69690>,45,25,[9 1],61,93,118,32,89
1,<environment.Job instance at 0x147db4b690f0>,39,13,[2 8],53,160,173,107,160
1,<environment.Job instance at 0x147da0c4f1e0>,2,1,[1 7],3,7,8,4,7
1,<environment.Job instance at 0x147da0d2c6e0>,8,2,[9 1],12,14,16,2,14
1,<environment.Job instance at 0x147da0cc7500>,11,2,[9 2],16,17,19,1,17
1,<environment.Job instance at 0x147da0cc7190>,16,1,[8 2],23,29,30,6,29
1,<environment.Job instance at 0x147da0d2c050>,7,3,[2 6],11,30,33,19,30
1,<environment.Job instance at 0x147da0dd0fa0>,20,16,[6 1],27,30,46,3,30
1,<environment.Job instance at 0x147da0dd0820>,19,13,[2 8],26,35,48,9,35
1,<environment.Job instance at 0x147da0dd0280>,22,1,[5 2],29,38,39,9,38
1,<environment.Job instance at 0x147db3db3aa0>,26,13,[2 9],33,48,61,15,39
1,<environment.Job instance at 0x147da0cc7780>,15,17,[12  1],20,46,63,26,39
1,<environment.Job instance at 0x147da0dd05a0>,21,1,[8 2],28,63,64,35,40
1,<environment.Job instance at 0x147db3db3dc0>,29,2,[ 1 10],38,61,63,23,43
1,<environment.Job instance at 0x147da0e04f00>,37,3,[2 7],46,63,66,17,52
1,<environment.Job instance at 0x147db4778730>,40,3,[5 2],49,75,78,26,75
1,<environment.Job instance at 0x147da0dd0410>,18,17,[2 7],25,79,96,54,79
1,<environment.Job instance at 0x147da0bf6460>,56,22,[2 6],69,150,172,81,150
1,<environment.Job instance at 0x147da0bf6a50>,58,16,[6 2],71,166,182,95,166
1,<environment.Job instance at 0x147da0bf6320>,60,2,[9 1],74,172,174,98,169
1,<environment.Job instance at 0x147da0a9a280>,63,1,[5 1],79,170,171,91,170
1,<environment.Job instance at 0x147da0bf6fa0>,62,1,[8 1],77,174,175,97,171
1,<environment.Job instance at 0x147da0bf6820>,61,19,[1 5],76,174,193,98,173
1,<environment.Job instance at 0x147da0e04550>,36,1,[13  1],45,194,195,149,194
1,<environment.Job instance at 0x147da0bf63c0>,57,1,[ 1 14],70,213,214,143,213
1,<environment.Job instance at 0x147db4791550>,4,1,[6 1],7,7,8,0,7
1,<environment.Job instance at 0x147db47916e0>,5,2,[6 1],9,10,12,1,10
1,<environment.Job instance at 0x147da06cf370>,0,3,[ 2 14],2,12,15,10,12
1,<environment.Job instance at 0x147db4791dc0>,11,27,[5 1],20,20,47,0,20
1,<environment.Job instance at 0x147db3da93c0>,14,14,[1 6],23,23,37,0,23
1,<environment.Job instance at 0x147db4791fa0>,10,14,[5 2],19,23,37,4,23
1,<environment.Job instance at 0x147db3da9910>,19,1,[7 2],32,38,39,6,38
1,<environment.Job instance at 0x147db3da9e10>,16,1,[2 9],26,43,44,17,43
1,<environment.Job instance at 0x147db3d7de10>,26,2,[ 2 10],42,44,46,2,43
1,<environment.Job instance at 0x147db4791370>,12,15,[14  1],21,47,62,26,43
1,<environment.Job instance at 0x147db3da99b0>,23,12,[5 2],37,62,74,25,46
1,<environment.Job instance at 0x147db3da9730>,25,3,[10  1],41,62,65,21,46
1,<environment.Job instance at 0x147da06e1b40>,32,1,[10  1],51,65,66,14,51
1,<environment.Job instance at 0x147da06e17d0>,38,14,[7 1],60,73,87,13,73
1,<environment.Job instance at 0x147da06e15a0>,41,2,[10  2],63,87,89,24,85
1,<environment.Job instance at 0x147dbaedbb90>,42,14,[9 1],64,90,104,26,90
1,<environment.Job instance at 0x147da06e1cd0>,40,1,[8 1],62,104,105,42,90
1,<environment.Job instance at 0x147dbaedb3c0>,44,1,[6 2],67,90,91,23,90
1,<environment.Job instance at 0x147dbaedbc30>,47,3,[9 2],71,109,112,38,109
1,<environment.Job instance at 0x147dbaedba50>,48,3,[10  1],72,114,117,42,114
1,<environment.Job instance at 0x147da06e1690>,36,2,[12  1],57,247,249,190,247
1,<environment.Job instance at 0x147da06e1d20>,33,26,[ 2 13],53,1061,1087,1008,1061
1,<environment.Job instance at 0x147db70805f0>,7,2,[8 2],12,13,15,1,13
1,<environment.Job instance at 0x147db7080a50>,9,28,[5 2],14,14,42,0,14
1,<environment.Job instance at 0x147dbb082140>,10,1,[8 2],15,15,16,0,15
1,<environment.Job instance at 0x147dbb0821e0>,12,3,[ 2 14],17,42,45,25,17
1,<environment.Job instance at 0x147da095be10>,14,2,[2 6],19,24,26,5,24
1,<environment.Job instance at 0x147db23e39b0>,21,14,[7 1],28,30,44,2,30
1,<environment.Job instance at 0x147db23e3c30>,20,3,[9 1],27,44,47,17,33
1,<environment.Job instance at 0x147db23e3960>,23,14,[9 2],30,47,61,17,35
1,<environment.Job instance at 0x147db23e3af0>,24,1,[1 9],31,51,52,20,51
1,<environment.Job instance at 0x147db9a14780>,3,2,[ 1 11],7,55,57,48,55
1,<environment.Job instance at 0x147db23e3b40>,28,16,[7 1],35,75,91,40,75
1,<environment.Job instance at 0x147da07b90a0>,40,3,[6 1],53,75,78,22,75
1,<environment.Job instance at 0x147da0e3d7d0>,41,2,[10  1],54,91,93,37,76
1,<environment.Job instance at 0x147db23e3820>,27,3,[5 2],34,78,81,44,76
1,<environment.Job instance at 0x147da0e3d550>,42,1,[9 1],55,93,94,38,84
1,<environment.Job instance at 0x147da0e309b0>,47,2,[7 1],61,87,89,26,87
1,<environment.Job instance at 0x147da08c9cd0>,44,3,[1 6],57,88,91,31,88
1,<environment.Job instance at 0x147da0d3caf0>,54,3,[11  1],79,123,126,44,123
1,<environment.Job instance at 0x147da0e30870>,45,3,[12  1],59,167,170,108,167
1,<environment.Job instance at 0x147db9911870>,0,3,[1 8],1,1,4,0,1
1,<environment.Job instance at 0x147db24acdc0>,6,2,[7 2],14,15,17,1,15
1,<environment.Job instance at 0x147db24ac050>,9,1,[6 2],18,18,19,0,18
1,<environment.Job instance at 0x147db02e8690>,12,2,[5 2],21,27,29,6,27
1,<environment.Job instance at 0x147db3e28d70>,13,21,[5 1],22,46,67,24,46
1,<environment.Job instance at 0x147dbb8bf3c0>,17,2,[1 6],27,47,49,20,47
1,<environment.Job instance at 0x147da0d4ad70>,18,2,[8 1],28,52,54,24,52
1,<environment.Job instance at 0x147da0d2da50>,19,1,[2 7],30,73,74,43,73
1,<environment.Job instance at 0x147da0d3ca50>,15,3,[8 2],25,77,80,52,77
1,<environment.Job instance at 0x147db00e4320>,23,2,[2 7],36,77,79,41,77
1,<environment.Job instance at 0x147db00d4a50>,29,1,[7 1],44,84,85,40,84
1,<environment.Job instance at 0x147da0ce9c30>,22,3,[ 2 10],35,84,87,49,84
1,<environment.Job instance at 0x147da0d32500>,30,2,[5 2],45,84,86,39,84
1,<environment.Job instance at 0x147db0096500>,32,3,[6 1],47,85,88,38,85
1,<environment.Job instance at 0x147db00965f0>,33,2,[ 1 10],48,87,89,39,87
1,<environment.Job instance at 0x147db00d4910>,34,1,[7 1],49,87,88,38,87
1,<environment.Job instance at 0x147db47860f0>,35,1,[2 6],52,89,90,37,87
1,<environment.Job instance at 0x147da0d41f50>,36,2,[10  2],53,89,91,36,89
1,<environment.Job instance at 0x147da0d410f0>,37,1,[5 1],54,90,91,36,89
1,<environment.Job instance at 0x147da0d41eb0>,38,2,[8 2],55,91,93,36,89
1,<environment.Job instance at 0x147da0d41820>,39,1,[6 1],56,91,92,35,90
1,<environment.Job instance at 0x147da0d410a0>,40,3,[8 1],58,93,96,35,91
1,<environment.Job instance at 0x147da0d417d0>,41,15,[6 1],62,92,107,30,91
1,<environment.Job instance at 0x147db00d4050>,31,15,[1 9],46,92,107,46,92
1,<environment.Job instance at 0x147da0d418c0>,43,17,[10  1],66,107,124,41,95
1,<environment.Job instance at 0x147db02f6820>,16,1,[ 2 10],26,107,108,81,95
1,<environment.Job instance at 0x147da0d41d20>,44,3,[2 6],67,108,111,41,95
1,<environment.Job instance at 0x147db00c9550>,47,3,[ 2 13],72,111,114,39,95
1,<environment.Job instance at 0x147db00c9d70>,49,1,[ 2 10],74,114,115,40,106
1,<environment.Job instance at 0x147db00c9910>,48,14,[2 6],73,115,129,42,106
1,<environment.Job instance at 0x147db3e74c30>,51,1,[1 7],78,115,116,37,112
1,<environment.Job instance at 0x147db00c9af0>,46,21,[6 1],70,127,148,57,127
1,<environment.Job instance at 0x147db02e8d70>,10,2,[ 1 12],19,133,135,114,133
1,<environment.Job instance at 0x147da0ef90a0>,5,12,[2 8],8,21,33,13,21
1,<environment.Job instance at 0x147db3d2b050>,9,2,[8 1],15,22,24,7,22
1,<environment.Job instance at 0x147db9a14c30>,16,3,[2 8],25,33,36,8,25
1,<environment.Job instance at 0x147db9a143c0>,21,16,[1 6],32,33,49,1,33
1,<environment.Job instance at 0x147db480f0a0>,27,1,[2 7],40,43,44,3,43
1,<environment.Job instance at 0x147db480f1e0>,32,12,[9 1],47,59,71,12,59
1,<environment.Job instance at 0x147db480fe60>,34,16,[9 2],50,108,124,58,108
1,<environment.Job instance at 0x147db480fa50>,37,1,[9 2],54,124,125,70,111
1,<environment.Job instance at 0x147db480fcd0>,40,1,[8 1],58,130,131,72,130
1,<environment.Job instance at 0x147db3c89320>,43,3,[1 9],62,210,213,148,210
1,<environment.Job instance at 0x147db271a370>,52,1,[10  1],73,242,243,169,242
1,<environment.Job instance at 0x147db271aa50>,56,2,[1 8],77,258,260,181,258
1,<environment.Job instance at 0x147db271a690>,55,3,[9 2],76,258,261,182,258
1,<environment.Job instance at 0x147db480f780>,33,20,[ 2 11],48,740,760,692,740
1,<environment.Job instance at 0x147db3efe1e0>,6,3,[7 2],8,10,13,2,10
1,<environment.Job instance at 0x147db02e68c0>,9,16,[5 2],13,13,29,0,13
1,<environment.Job instance at 0x147db02e6140>,10,1,[6 1],15,15,16,0,15
1,<environment.Job instance at 0x147db02e6a00>,12,2,[1 7],19,20,22,1,20
1,<environment.Job instance at 0x147db02e6280>,11,28,[14  1],18,29,57,11,28
1,<environment.Job instance at 0x147db02e6230>,15,15,[6 2],22,57,72,35,43
1,<environment.Job instance at 0x147da0863280>,20,2,[1 8],29,43,45,14,43
1,<environment.Job instance at 0x147da0863320>,22,1,[1 5],31,45,46,14,43
1,<environment.Job instance at 0x147da08632d0>,23,2,[9 1],32,57,59,25,43
1,<environment.Job instance at 0x147da0863140>,24,3,[9 2],33,59,62,26,43
1,<environment.Job instance at 0x147da0863370>,25,17,[5 2],34,62,79,28,50
1,<environment.Job instance at 0x147da0863910>,26,2,[2 6],36,62,64,26,50
1,<environment.Job instance at 0x147da0863690>,27,1,[ 1 10],37,51,52,14,51
1,<environment.Job instance at 0x147da0863d20>,28,1,[2 7],38,64,65,26,51
1,<environment.Job instance at 0x147da0863eb0>,29,2,[2 6],39,65,67,26,51
1,<environment.Job instance at 0x147db3f020a0>,19,16,[2 7],27,67,83,40,58
1,<environment.Job instance at 0x147dbbb25a50>,18,2,[11  2],26,79,81,53,59
1,<environment.Job instance at 0x147da0863a00>,31,2,[5 1],42,72,74,30,60
1,<environment.Job instance at 0x147da0863d70>,30,17,[5 2],40,81,98,41,71
1,<environment.Job instance at 0x147db4ac1c80>,35,1,[2 8],47,83,84,36,71
1,<environment.Job instance at 0x147db4ac1f50>,36,18,[10  2],48,84,102,36,74
1,<environment.Job instance at 0x147dbb8b6f00>,52,3,[2 6],67,171,174,104,171
1,<environment.Job instance at 0x147db4ac1aa0>,34,14,[1 9],46,173,187,127,173
1,<environment.Job instance at 0x147da0e61190>,54,3,[6 1],69,175,178,106,175
1,<environment.Job instance at 0x147dbb8b6e10>,53,3,[1 9],68,187,190,119,175
1,<environment.Job instance at 0x147dbae89eb0>,55,15,[6 1],75,176,191,101,176
1,<environment.Job instance at 0x147dbae89190>,57,17,[8 1],77,178,195,101,177
1,<environment.Job instance at 0x147dbae89140>,58,1,[ 2 13],78,191,192,113,177
1,<environment.Job instance at 0x147dbae89dc0>,59,2,[2 5],79,192,194,113,177
1,<environment.Job instance at 0x147db4b3f050>,33,2,[12  1],45,195,197,150,195
1,<environment.Job instance at 0x147db3f02050>,17,17,[1 8],25,204,221,179,204
1,<environment.Job instance at 0x147da08faf50>,6,15,[8 1],9,10,25,1,10
1,<environment.Job instance at 0x147da08ee2d0>,8,2,[8 2],12,25,27,13,12
1,<environment.Job instance at 0x147da08eeaf0>,13,1,[2 8],23,28,29,5,28
1,<environment.Job instance at 0x147da0923820>,20,17,[1 5],32,44,61,12,44
1,<environment.Job instance at 0x147db3da9a50>,31,3,[7 2],51,54,57,3,54
1,<environment.Job instance at 0x147db1f70320>,34,1,[1 9],55,57,58,2,57
1,<environment.Job instance at 0x147db3da9c30>,33,15,[ 2 10],54,91,106,37,91
1,<environment.Job instance at 0x147dbaeecc80>,40,24,[2 9],62,114,138,52,114
1,<environment.Job instance at 0x147dbaeec4b0>,42,18,[5 2],67,193,211,126,193
1,<environment.Job instance at 0x147da0863aa0>,30,2,[ 2 13],49,206,208,157,206
1,<environment.Job instance at 0x147db1f70820>,36,16,[ 1 11],57,760,776,703,760
1,<environment.Job instance at 0x147da08ffd70>,2,25,[9 1],3,3,28,0,3
1,<environment.Job instance at 0x147da08ff550>,0,1,[9 1],1,28,29,27,4
1,<environment.Job instance at 0x147db23dad20>,7,3,[2 6],9,9,12,0,9
1,<environment.Job instance at 0x147db48336e0>,18,1,[2 5],24,26,27,2,26
1,<environment.Job instance at 0x147db9243960>,21,17,[10  1],28,29,46,1,28
1,<environment.Job instance at 0x147db9243190>,24,2,[2 6],31,38,40,7,38
1,<environment.Job instance at 0x147db9243a50>,29,1,[5 1],37,40,41,3,38
1,<environment.Job instance at 0x147db9243b90>,26,2,[1 7],34,38,40,4,38
1,<environment.Job instance at 0x147db24a39b0>,30,16,[2 6],38,41,57,3,39
1,<environment.Job instance at 0x147db3da9410>,31,2,[7 1],40,50,52,10,50
1,<environment.Job instance at 0x147da06c4d20>,44,1,[10  2],65,103,104,38,103
1,<environment.Job instance at 0x147da06c40a0>,49,20,[9 1],71,107,127,36,107
1,<environment.Job instance at 0x147da06c4c80>,50,3,[5 1],73,107,110,34,107
1,<environment.Job instance at 0x147da06c4a00>,48,1,[9 1],70,127,128,57,109
1,<environment.Job instance at 0x147da06c4eb0>,52,1,[12  2],75,128,129,53,116
1,<environment.Job instance at 0x147da06c41e0>,43,1,[ 1 12],64,117,118,53,117
1,<environment.Job instance at 0x147da06c4e10>,51,2,[13  1],74,129,131,55,117
1,<environment.Job instance at 0x147db4833500>,14,2,[ 1 14],20,118,120,98,117
1,<environment.Job instance at 0x147da06c4910>,54,3,[8 1],77,131,134,54,117
1,<environment.Job instance at 0x147da06c4550>,53,1,[5 1],76,126,127,50,126
1,<environment.Job instance at 0x147db4b25f50>,4,2,[2 6],14,14,16,0,14
1,<environment.Job instance at 0x147db2728dc0>,13,1,[1 9],26,28,29,2,28
1,<environment.Job instance at 0x147db27285f0>,14,3,[1 7],27,30,33,3,30
1,<environment.Job instance at 0x147db2728aa0>,19,3,[ 2 10],32,33,36,1,32
1,<environment.Job instance at 0x147db024a690>,28,1,[5 2],43,43,44,0,43
1,<environment.Job instance at 0x147db024a780>,33,2,[1 8],56,80,82,24,80
1,<environment.Job instance at 0x147db3e99820>,24,1,[2 5],39,80,81,41,80
1,<environment.Job instance at 0x147db024a730>,36,1,[6 1],60,86,87,26,86
1,<environment.Job instance at 0x147db024a960>,35,18,[10  2],59,87,105,28,87
1,<environment.Job instance at 0x147db3e990f0>,26,1,[ 1 13],41,92,93,51,92
1,<environment.Job instance at 0x147db246b550>,46,1,[8 1],76,105,106,29,92
1,<environment.Job instance at 0x147db246bb40>,48,1,[1 8],78,106,107,28,106
1,<environment.Job instance at 0x147db024a7d0>,30,1,[11  1],53,114,115,61,114
1,<environment.Job instance at 0x147db024a1e0>,38,1,[1 5],62,121,122,59,121
1,<environment.Job instance at 0x147db024a8c0>,27,12,[ 1 14],42,229,241,187,229
1,<environment.Job instance at 0x147da0ad5370>,30,3,[1 8],38,72,75,34,72
1,<environment.Job instance at 0x147da0c73550>,32,3,[1 9],41,75,78,34,74
1,<environment.Job instance at 0x147da0c73cd0>,35,13,[8 1],44,76,89,32,76
1,<environment.Job instance at 0x147da0c73230>,33,15,[9 1],42,89,104,47,81
1,<environment.Job instance at 0x147da0c735a0>,38,2,[1 6],47,100,102,53,100
1,<environment.Job instance at 0x147da0c834b0>,44,1,[2 5],55,100,101,45,100
1,<environment.Job instance at 0x147da0c73690>,37,2,[1 7],46,118,120,72,118
1,<environment.Job instance at 0x147da0ca6780>,49,3,[1 8],65,125,128,60,125
1,<environment.Job instance at 0x147da0ad5dc0>,29,17,[12  1],37,130,147,93,130
1,<environment.Job instance at 0x147da0c73b40>,45,3,[1 8],57,130,133,73,130
1,<environment.Job instance at 0x147da0ca6e10>,51,3,[8 1],67,147,150,80,130
1,<environment.Job instance at 0x147da0c7b690>,55,2,[8 2],71,150,152,79,130
1,<environment.Job instance at 0x147da0c9dfa0>,60,12,[ 2 11],78,136,148,58,136
1,<environment.Job instance at 0x146a67e7acd0>,2,1,[2 5],3,6,7,3,6
1,<environment.Job instance at 0x146a5e800190>,6,18,[8 1],7,8,26,1,8
1,<environment.Job instance at 0x146a5e8295f0>,22,1,[2 7],30,40,41,10,40
1,<environment.Job instance at 0x146a5e3bf500>,27,2,[2 7],36,40,42,4,40
1,<environment.Job instance at 0x146a5e3bf460>,25,2,[2 8],34,41,43,7,40
1,<environment.Job instance at 0x146a5e3babe0>,34,15,[11  1],44,60,75,16,60
1,<environment.Job instance at 0x146a5e3bea00>,29,16,[10  2],39,75,91,36,64
1,<environment.Job instance at 0x146a5e3badc0>,35,2,[1 8],45,67,69,22,67
1,<environment.Job instance at 0x146a5e3ba960>,37,2,[ 1 10],50,69,71,19,67
1,<environment.Job instance at 0x146a5e3bab40>,38,1,[8 1],51,91,92,40,69
1,<environment.Job instance at 0x146a5e3ba370>,39,3,[1 5],52,75,78,23,75
1,<environment.Job instance at 0x146a5e3ba320>,41,25,[12  2],54,92,117,38,88
1,<environment.Job instance at 0x146a5e3b9410>,42,1,[10  1],56,117,118,61,93
1,<environment.Job instance at 0x146a5e3b9d70>,48,1,[2 9],65,93,94,28,93
1,<environment.Job instance at 0x146a5e3d4500>,53,3,[6 1],73,118,121,45,98
1,<environment.Job instance at 0x146a5e3bbd70>,50,12,[9 1],68,118,130,50,113
1,<environment.Job instance at 0x146a5e3d4370>,54,2,[2 5],75,121,123,46,117
1,<environment.Job instance at 0x146a5e3d37d0>,56,1,[10  2],79,136,137,57,136
1,<environment.Job instance at 0x146a5e84d3c0>,60,17,[8 1],86,146,163,60,146
1,<environment.Job instance at 0x146a5e8295a0>,20,2,[ 1 13],27,182,184,155,182
1,<environment.Job instance at 0x146a5e91c960>,0,12,[9 1],1,1,13,0,1
1,<environment.Job instance at 0x146a5e91cf00>,3,1,[13  1],4,13,14,9,4
1,<environment.Job instance at 0x146a5e93d730>,5,1,[2 5],6,10,11,4,10
1,<environment.Job instance at 0x146a5e93d370>,16,14,[7 1],22,25,39,3,25
1,<environment.Job instance at 0x146a5e90e5a0>,19,1,[10  1],27,39,40,12,28
1,<environment.Job instance at 0x146a5e90e190>,21,1,[7 2],30,30,31,0,30
1,<environment.Job instance at 0x146a5e90eb40>,23,2,[2 6],32,38,40,6,38
1,<environment.Job instance at 0x146a5e90ee10>,29,2,[14  1],40,40,42,0,40
1,<environment.Job instance at 0x146a5e90e8c0>,27,1,[2 5],38,42,43,4,42
1,<environment.Job instance at 0x146a5eb7db90>,37,13,[2 9],50,55,68,5,55
1,<environment.Job instance at 0x146a5eb7d640>,41,1,[8 2],54,55,56,1,55
1,<environment.Job instance at 0x146a5eb76410>,43,18,[1 8],56,98,116,42,98
1,<environment.Job instance at 0x146a5eb76820>,44,2,[ 1 10],60,116,118,56,102
1,<environment.Job instance at 0x146a5eb7d320>,40,1,[ 2 14],53,118,119,65,102
1,<environment.Job instance at 0x146a5eb76a00>,46,3,[ 2 10],62,119,122,57,102
1,<environment.Job instance at 0x146a5eb76730>,49,3,[5 2],66,102,105,36,102
1,<environment.Job instance at 0x146a5eb76fa0>,47,3,[2 5],63,102,105,39,102
1,<environment.Job instance at 0x146a5eb71320>,55,3,[12  1],74,105,108,31,105
1,<environment.Job instance at 0x146a5eb76c80>,52,1,[1 6],69,108,109,39,108
1,<environment.Job instance at 0x146a5eb76af0>,50,15,[9 2],67,119,134,52,108
1,<environment.Job instance at 0x146a5eb71b90>,59,2,[1 8],79,167,169,88,167
1,<environment.Job instance at 0x146a5eb71730>,58,3,[7 2],78,186,189,108,186
1,<environment.Job instance at 0x146a5eb71190>,61,13,[ 1 14],82,245,258,163,245
1,<environment.Job instance at 0x146a5eb76dc0>,45,3,[11  2],61,258,261,197,258
1,<environment.Job instance at 0x146a60185a50>,0,3,[5 1],3,3,6,0,3
1,<environment.Job instance at 0x146a44e67640>,18,3,[ 2 10],27,94,97,67,94
1,<environment.Job instance at 0x146a44e6bbe0>,50,2,[2 5],78,143,145,65,143
1,<environment.Job instance at 0x146a44e6be10>,55,2,[ 2 12],86,165,167,79,165
1,<environment.Job instance at 0x146a44e66500>,3,16,[1 7],4,7,23,3,7
1,<environment.Job instance at 0x146a44dee0f0>,8,1,[2 8],11,60,61,49,60
1,<environment.Job instance at 0x146a454e06e0>,9,1,[7 1],12,74,75,62,74
1,<environment.Job instance at 0x146a454e0fa0>,10,18,[5 2],13,139,157,126,139
1,<environment.Job instance at 0x146a454755a0>,5,3,[ 1 13],6,195,198,189,195
1,<environment.Job instance at 0x146a454e0550>,11,2,[8 2],15,199,201,184,199
1,<environment.Job instance at 0x146a44e6be10>,7,21,[ 2 13],10,259,280,249,259
1,<environment.Job instance at 0x146a4533cfa0>,18,2,[1 7],24,280,282,256,278
1,<environment.Job instance at 0x146a454eba50>,21,12,[7 1],28,283,295,255,283
1,<environment.Job instance at 0x146a454e0190>,12,3,[1 7],16,287,290,271,287
1,<environment.Job instance at 0x146a454ebe10>,24,17,[7 1],32,298,315,266,298
1,<environment.Job instance at 0x146a455c76e0>,26,3,[1 8],35,301,304,266,301
1,<environment.Job instance at 0x146a44df10f0>,0,13,[ 1 11],1,319,332,318,319
1,<environment.Job instance at 0x146a456950a0>,27,12,[7 2],37,319,331,282,319
1,<environment.Job instance at 0x146a455b78c0>,32,1,[ 2 10],45,332,333,287,319
1,<environment.Job instance at 0x146a455b7550>,40,3,[5 1],54,329,332,275,329
1,<environment.Job instance at 0x146a4566de10>,46,3,[1 8],68,333,336,265,331
1,<environment.Job instance at 0x146a5e87af50>,50,16,[7 2],74,331,347,257,331
1,<environment.Job instance at 0x146a5e87a780>,51,1,[ 2 10],75,341,342,266,341
1,<environment.Job instance at 0x146a65376dc0>,58,15,[8 2],86,342,357,256,341
1,<environment.Job instance at 0x146a65376b90>,59,17,[10  1],88,357,374,269,345
1,<environment.Job instance at 0x146a45497820>,37,13,[5 2],51,348,361,297,348
1,<environment.Job instance at 0x146a60325b40>,4,2,[1 9],11,11,13,0,11
1,<environment.Job instance at 0x146a454f0820>,2,15,[ 1 11],7,29,44,22,29
1,<environment.Job instance at 0x146a45478960>,19,3,[10  2],30,30,33,0,30
1,<environment.Job instance at 0x146a60f18640>,23,16,[1 5],38,44,60,6,44
1,<environment.Job instance at 0x146a60369230>,14,16,[9 1],23,45,61,22,45
1,<environment.Job instance at 0x146a4566d190>,44,12,[5 2],68,74,86,6,74
1,<environment.Job instance at 0x146a4566de60>,42,2,[2 5],66,74,76,8,74
1,<environment.Job instance at 0x146a4566db90>,47,1,[10  1],74,76,77,2,74
1,<environment.Job instance at 0x146a4566da00>,45,3,[8 1],69,77,80,8,74
1,<environment.Job instance at 0x146a45676820>,51,13,[ 2 10],82,127,140,45,127
1,<environment.Job instance at 0x146a45676370>,52,1,[2 6],83,146,147,63,146
1,<environment.Job instance at 0x146a44ff8820>,4,3,[1 6],7,10,13,3,10
1,<environment.Job instance at 0x146a44ff8230>,7,3,[10  1],11,13,16,2,13
1,<environment.Job instance at 0x146a65d2c1e0>,12,2,[1 5],18,18,20,0,18
1,<environment.Job instance at 0x146a65d2c960>,13,15,[10  1],19,19,34,0,19
1,<environment.Job instance at 0x146a65d2cf00>,14,1,[2 8],20,21,22,1,21
1,<environment.Job instance at 0x146a65d2c5a0>,15,1,[8 2],21,34,35,13,23
1,<environment.Job instance at 0x146a65d2c7d0>,19,3,[10  2],27,35,38,8,32
1,<environment.Job instance at 0x146a65d2cb90>,22,1,[1 5],32,51,52,19,51
1,<environment.Job instance at 0x146a44ee8e60>,23,18,[8 2],33,56,74,23,56
1,<environment.Job instance at 0x146a44ee8870>,27,17,[2 9],37,65,82,28,65
1,<environment.Job instance at 0x146a44ee8230>,28,15,[7 2],38,74,89,36,69
1,<environment.Job instance at 0x146a44ee84b0>,26,2,[ 1 10],36,87,89,51,87
1,<environment.Job instance at 0x146a44ee8190>,29,16,[2 8],39,96,112,57,96
1,<environment.Job instance at 0x146a44ee8af0>,30,3,[6 1],40,101,104,61,101
1,<environment.Job instance at 0x146a44ee80a0>,31,2,[1 8],41,112,114,71,102
1,<environment.Job instance at 0x146a44ee81e0>,25,16,[1 5],35,110,126,75,110
1,<environment.Job instance at 0x146a44ee8410>,33,2,[2 8],43,122,124,79,122
1,<environment.Job instance at 0x146a45213aa0>,35,1,[6 2],48,124,125,76,124
1,<environment.Job instance at 0x146a452139b0>,37,1,[6 2],51,140,141,89,140
1,<environment.Job instance at 0x146a45213370>,38,1,[2 9],52,141,142,89,141
1,<environment.Job instance at 0x146a452130a0>,41,2,[2 7],56,148,150,92,148
1,<environment.Job instance at 0x146a45213d70>,43,1,[2 5],58,149,150,91,149
1,<environment.Job instance at 0x146a45213280>,46,12,[6 1],62,153,165,91,153
1,<environment.Job instance at 0x146a65d2c500>,20,3,[ 2 11],30,161,164,131,161
1,<environment.Job instance at 0x146a44ebac30>,47,2,[5 2],63,162,164,99,162
1,<environment.Job instance at 0x146a44ebad70>,51,3,[10  2],69,165,168,96,162
1,<environment.Job instance at 0x146a44ebaa00>,52,2,[5 2],70,164,166,94,163
1,<environment.Job instance at 0x146a44eba5a0>,53,15,[1 8],72,166,181,94,165
1,<environment.Job instance at 0x146a44ebabe0>,57,17,[9 2],78,191,208,113,191
1,<environment.Job instance at 0x146a44ebab90>,59,2,[1 5],80,194,196,114,194
1,<environment.Job instance at 0x146a44eba6e0>,54,3,[1 7],73,196,199,123,196
1,<environment.Job instance at 0x146a44eba7d0>,61,3,[2 7],82,200,203,118,200
1,<environment.Job instance at 0x146a44eba410>,62,2,[1 5],83,205,207,122,205
1,<environment.Job instance at 0x146a44ebaf00>,64,1,[2 5],86,206,207,120,206
1,<environment.Job instance at 0x146a44eba640>,63,1,[1 9],85,207,208,122,206
1,<environment.Job instance at 0x146a44ebae60>,56,13,[12  2],77,208,221,131,207
1,<environment.Job instance at 0x146a601dd050>,66,1,[2 6],88,210,211,122,210
1,<environment.Job instance at 0x146a65d2cd20>,16,14,[14  1],22,221,235,199,212
1,<environment.Job instance at 0x146a45713870>,14,2,[1 6],17,24,26,7,24
1,<environment.Job instance at 0x146a454b4dc0>,26,1,[ 2 10],30,101,102,71,101
1,<environment.Job instance at 0x146a4564a370>,34,12,[7 1],44,124,136,80,124
1,<environment.Job instance at 0x146a44fa0370>,32,3,[2 9],40,132,135,92,132
1,<environment.Job instance at 0x146a45011140>,35,3,[10  1],47,154,157,107,154
1,<environment.Job instance at 0x146a60135410>,48,18,[1 5],67,183,201,116,183
1,<environment.Job instance at 0x146a60135f50>,52,1,[10  2],75,183,184,108,183
1,<environment.Job instance at 0x146a601358c0>,54,26,[2 8],78,190,216,112,190
1,<environment.Job instance at 0x146a4568d5a0>,58,2,[1 6],87,201,203,114,191
1,<environment.Job instance at 0x146a60145190>,59,3,[1 9],88,216,219,128,194
1,<environment.Job instance at 0x146a454b4c30>,25,25,[12  1],29,200,225,171,200
1,<environment.Job instance at 0x146a60135be0>,1,1,[6 2],2,4,5,2,4
1,<environment.Job instance at 0x146a6020ea00>,10,27,[1 7],15,26,53,11,26
1,<environment.Job instance at 0x146a5e827500>,21,1,[5 1],33,36,37,3,36
1,<environment.Job instance at 0x146a60f47b40>,24,1,[10  2],38,38,39,0,38
1,<environment.Job instance at 0x146a60f47870>,25,3,[2 8],39,39,42,0,39
1,<environment.Job instance at 0x146a6020eaa0>,12,17,[2 8],17,45,62,28,45
1,<environment.Job instance at 0x146a60f47aa0>,34,12,[7 1],56,68,80,12,68
1,<environment.Job instance at 0x146a60f47370>,35,13,[13  2],57,80,93,23,68
1,<environment.Job instance at 0x146a60f470f0>,32,1,[2 9],54,70,71,16,70
1,<environment.Job instance at 0x146a60f47c80>,36,3,[9 2],58,93,96,35,72
1,<environment.Job instance at 0x146a60f1cb40>,37,2,[7 1],61,96,98,35,80
1,<environment.Job instance at 0x146a60f1c4b0>,40,1,[8 1],65,96,97,31,85
1,<environment.Job instance at 0x146a5e8a32d0>,44,15,[6 1],69,97,112,28,85
1,<environment.Job instance at 0x146a5e9361e0>,43,18,[5 1],68,98,116,30,87
1,<environment.Job instance at 0x146a5e8a3870>,46,1,[6 2],71,93,94,22,87
1,<environment.Job instance at 0x146a5e8a33c0>,48,1,[7 1],74,112,113,38,88
1,<environment.Job instance at 0x146a5e8a3f50>,47,17,[9 2],73,113,130,40,101
1,<environment.Job instance at 0x146a5e89ec80>,53,13,[2 5],79,116,129,37,101
1,<environment.Job instance at 0x146a5e89e730>,54,2,[2 8],80,101,103,21,101
1,<environment.Job instance at 0x146a65d60230>,58,3,[7 1],88,130,133,42,105
1,<environment.Job instance at 0x146a60f47910>,28,1,[ 1 12],46,115,116,69,115
1,<environment.Job instance at 0x146a5e89ed70>,56,1,[6 2],86,129,130,43,128
1,<environment.Job instance at 0x146a4573d050>,7,2,[10  2],13,17,19,4,17
1,<environment.Job instance at 0x146a4573d410>,8,3,[1 7],14,38,41,24,38
1,<environment.Job instance at 0x146a4573db40>,13,3,[1 5],20,58,61,38,58
1,<environment.Job instance at 0x146a4569c7d0>,24,17,[5 2],34,66,83,32,66
1,<environment.Job instance at 0x146a4569c500>,28,1,[1 6],40,66,67,26,66
1,<environment.Job instance at 0x146a44e3a7d0>,40,1,[8 1],54,83,84,29,83
1,<environment.Job instance at 0x146a44e3abe0>,42,1,[10  1],58,84,85,26,83
1,<environment.Job instance at 0x146a4569cd20>,19,1,[ 1 10],29,85,86,56,85
1,<environment.Job instance at 0x146a44e3a640>,43,1,[5 2],59,90,91,31,90
1,<environment.Job instance at 0x146a44e3acd0>,46,1,[10  2],63,123,124,60,123
1,<environment.Job instance at 0x146a5e8524b0>,54,2,[1 5],72,123,125,51,123
1,<environment.Job instance at 0x146a44e3af50>,45,25,[9 1],61,166,191,105,166
1,<environment.Job instance at 0x146a44f3d960>,5,3,[5 1],7,7,10,0,7
1,<environment.Job instance at 0x146a60cb5f00>,14,1,[8 2],18,41,42,23,41
1,<environment.Job instance at 0x146a60cb57d0>,15,1,[5 2],19,42,43,23,42
1,<environment.Job instance at 0x146a44f3d370>,12,13,[2 8],16,47,60,31,47
1,<environment.Job instance at 0x146a60cb5d20>,18,2,[6 2],22,48,50,26,48
1,<environment.Job instance at 0x146a44f3deb0>,8,17,[12  1],10,51,68,41,51
1,<environment.Job instance at 0x146a60cb5050>,22,2,[ 1 10],28,60,62,32,56
1,<environment.Job instance at 0x146a60cb5320>,33,3,[5 2],39,81,84,42,81
1,<environment.Job instance at 0x146a65d1cdc0>,47,15,[2 9],56,107,122,51,107
1,<environment.Job instance at 0x146a454c3820>,52,1,[6 1],62,127,128,65,127
1,<environment.Job instance at 0x146a454c35f0>,50,1,[ 1 14],60,128,129,68,128
1,<environment.Job instance at 0x146a454c3dc0>,51,16,[6 2],61,130,146,69,130
1,<environment.Job instance at 0x146a454c3870>,56,1,[5 1],69,133,134,64,133
1,<environment.Job instance at 0x146a67738870>,63,2,[6 1],79,136,138,57,136
1,<environment.Job instance at 0x146a66c8f9b0>,64,17,[1 7],80,137,154,57,137
1,<environment.Job instance at 0x146a65d03dc0>,65,15,[10  2],84,146,161,62,141
1,<environment.Job instance at 0x146a44f081e0>,66,2,[7 2],85,141,143,56,141
1,<environment.Job instance at 0x146a454c34b0>,61,2,[7 2],76,143,145,67,143
1,<environment.Job instance at 0x146a653b9a00>,67,1,[1 5],87,145,146,58,144
1,<environment.Job instance at 0x146a4510b1e0>,68,14,[5 2],89,154,168,65,148
1,<environment.Job instance at 0x146a60cb53c0>,29,1,[13  1],35,168,169,133,167
1,<environment.Job instance at 0x146a454c3eb0>,58,3,[ 2 14],72,168,171,96,167
1,<environment.Job instance at 0x146a5e8dbaa0>,3,1,[1 8],4,36,37,32,36
1,<environment.Job instance at 0x146a5e8db190>,10,25,[6 1],15,58,83,43,58
1,<environment.Job instance at 0x146a5e8db5f0>,13,3,[10  1],21,83,86,62,60
1,<environment.Job instance at 0x146a4506a280>,0,15,[14  1],1,86,101,85,82
1,<environment.Job instance at 0x146a5e8db690>,20,1,[10  1],31,101,102,70,82
1,<environment.Job instance at 0x146a5e8dbfa0>,14,2,[ 2 10],22,129,131,107,129
1,<environment.Job instance at 0x146a5e8f9aa0>,30,14,[9 1],44,131,145,87,131
1,<environment.Job instance at 0x146a5e8f9230>,33,2,[ 1 10],48,139,141,91,139
1,<environment.Job instance at 0x146a5e8f9f00>,35,3,[9 2],51,145,148,94,139
1,<environment.Job instance at 0x146a5e8f9500>,31,3,[9 2],45,148,151,103,145
1,<environment.Job instance at 0x146a5e8f94b0>,38,2,[8 2],60,261,263,201,261
1,<environment.Job instance at 0x146a4547be60>,42,2,[ 1 11],67,266,268,199,266
1,<environment.Job instance at 0x146a44f69dc0>,45,2,[2 9],71,276,278,205,276
1,<environment.Job instance at 0x146a44f69460>,47,15,[10  1],73,280,295,207,280
1,<environment.Job instance at 0x146a44f69690>,48,28,[5 2],74,284,312,210,284
1,<environment.Job instance at 0x146a60f8db40>,50,2,[ 1 10],76,298,300,222,298
1,<environment.Job instance at 0x146a60f8d190>,51,3,[ 2 14],77,316,319,239,316
1,<environment.Job instance at 0x146a5e8edaf0>,52,1,[5 1],78,316,317,238,316
1,<environment.Job instance at 0x146a60f93550>,53,2,[2 6],79,326,328,247,326
1,<environment.Job instance at 0x146a44f69960>,46,2,[8 2],72,354,356,282,354
1,<environment.Job instance at 0x146a5e3be8c0>,58,2,[6 2],86,376,378,290,376
1,<environment.Job instance at 0x146a5e8f9c30>,24,2,[12  1],37,405,407,368,405
1,<environment.Job instance at 0x146a5e8db8c0>,21,26,[ 2 13],33,2529,2555,2496,2529
1,<environment.Job instance at 0x146a45024c80>,11,23,[9 1],16,19,42,3,19
1,<environment.Job instance at 0x146a45024e60>,12,14,[ 1 10],17,24,38,7,24
1,<environment.Job instance at 0x146a60b9be10>,22,20,[8 1],30,42,62,12,36
1,<environment.Job instance at 0x146a5e93d050>,25,13,[2 5],38,40,53,2,40
1,<environment.Job instance at 0x146a60b9b410>,23,2,[7 1],31,53,55,22,46
1,<environment.Job instance at 0x146a5e93dd20>,27,1,[2 6],40,66,67,26,66
1,<environment.Job instance at 0x146a6183f1e0>,31,13,[ 2 11],50,68,81,18,68
1,<environment.Job instance at 0x146a6183ff50>,32,3,[1 8],51,81,84,30,74
1,<environment.Job instance at 0x146a6183f640>,33,1,[8 1],53,75,76,22,75
1,<environment.Job instance at 0x146a6183f5a0>,34,16,[9 1],54,76,92,22,76
1,<environment.Job instance at 0x146a6183ffa0>,37,2,[5 2],63,122,124,59,122
1,<environment.Job instance at 0x146a6183fa50>,35,12,[7 2],56,125,137,69,125
1,<environment.Job instance at 0x146a6183fd20>,40,1,[ 2 10],67,131,132,64,131
1,<environment.Job instance at 0x146a6183faf0>,39,2,[5 2],66,131,133,65,131
1,<environment.Job instance at 0x146a60f93460>,42,2,[ 1 12],69,135,137,66,135
1,<environment.Job instance at 0x146a60f93dc0>,44,2,[5 2],71,143,145,72,143
1,<environment.Job instance at 0x146a60f93b40>,45,21,[5 1],72,145,166,73,145
1,<environment.Job instance at 0x146a60f93140>,47,3,[8 2],75,153,156,78,153
1,<environment.Job instance at 0x146a60f93be0>,46,3,[2 8],73,153,156,80,153
1,<environment.Job instance at 0x146a60b9b870>,21,3,[12  1],29,166,169,137,156
1,<environment.Job instance at 0x146a60f93910>,53,13,[7 1],82,169,182,87,156
1,<environment.Job instance at 0x146a60f93cd0>,49,2,[1 6],77,158,160,81,158
1,<environment.Job instance at 0x146a60f93690>,54,3,[ 2 10],85,161,164,76,161
1,<environment.Job instance at 0x146a6183f460>,30,3,[11  1],49,264,267,215,264
1,<environment.Job instance at 0x146a45672a00>,1,1,[7 1],4,5,6,1,5
1,<environment.Job instance at 0x146a45672460>,5,2,[ 1 10],8,8,10,0,8
1,<environment.Job instance at 0x146a6016b1e0>,18,21,[6 1],30,31,52,1,31
1,<environment.Job instance at 0x146a6016bd20>,21,1,[ 2 10],34,37,38,3,37
1,<environment.Job instance at 0x146a6016bdc0>,23,1,[1 7],38,47,48,9,47
1,<environment.Job instance at 0x146a6016b5a0>,26,27,[5 2],42,55,82,13,55
1,<environment.Job instance at 0x146a60f3f640>,33,18,[9 1],53,58,76,5,58
1,<environment.Job instance at 0x146a60f3fbe0>,34,2,[8 1],55,76,78,21,67
1,<environment.Job instance at 0x146a45213fa0>,37,1,[2 6],59,76,77,17,72
1,<environment.Job instance at 0x146a602001e0>,38,3,[1 5],60,77,80,17,75
1,<environment.Job instance at 0x146a45213870>,39,3,[8 2],63,98,101,35,98
1,<environment.Job instance at 0x146a601ac550>,48,2,[5 1],75,111,113,36,111
1,<environment.Job instance at 0x146a601ac0f0>,50,3,[5 1],77,125,128,48,125
1,<environment.Job instance at 0x146a6016b320>,19,3,[ 2 13],32,370,373,338,370
1,<environment.Job instance at 0x146a45270550>,58,20,[ 2 11],88,1395,1415,1307,1395
1,<environment.Job instance at 0x146a60168d20>,3,1,[2 8],5,5,6,0,5
1,<environment.Job instance at 0x146a44f31780>,9,14,[ 1 10],14,15,29,1,15
1,<environment.Job instance at 0x146a44f2fcd0>,14,18,[2 9],20,29,47,9,22
1,<environment.Job instance at 0x146a600395a0>,23,3,[2 5],29,30,33,1,30
1,<environment.Job instance at 0x146a455c9a50>,26,21,[9 2],32,33,54,1,32
1,<environment.Job instance at 0x146a672f4140>,28,16,[5 2],34,47,63,13,38
1,<environment.Job instance at 0x146a457db6e0>,31,3,[7 2],38,54,57,16,41
1,<environment.Job instance at 0x146a672f4e60>,29,2,[2 9],35,112,114,77,112
1,<environment.Job instance at 0x146a65cb8690>,41,3,[2 9],53,175,178,122,175
1,<environment.Job instance at 0x146a65cb8a00>,44,16,[2 7],57,182,198,125,182
1,<environment.Job instance at 0x146a67385870>,45,2,[1 8],59,224,226,165,224
1,<environment.Job instance at 0x146a634bd280>,46,2,[1 5],60,231,233,171,231
1,<environment.Job instance at 0x146a67385050>,47,1,[1 5],61,251,252,190,251
1,<environment.Job instance at 0x146a634bdbe0>,48,2,[9 1],62,290,292,228,290
1,<environment.Job instance at 0x146a653998c0>,52,1,[ 1 10],67,293,294,226,293
1,<environment.Job instance at 0x146a65399b40>,54,2,[2 6],69,298,300,229,298
1,<environment.Job instance at 0x146a44f28e10>,57,2,[8 2],73,314,316,241,314
1,<environment.Job instance at 0x146a45241a00>,58,2,[12  1],75,316,318,241,315
1,<environment.Job instance at 0x146a4523c0f0>,60,1,[2 8],77,319,320,242,319
1,<environment.Job instance at 0x146a4523c910>,61,18,[10  2],78,323,341,245,323
1,<environment.Job instance at 0x146a4523c5f0>,59,14,[1 9],76,338,352,262,338
1,<environment.Job instance at 0x146a653c8aa0>,63,15,[2 5],80,342,357,262,342
1,<environment.Job instance at 0x146a653c8050>,65,2,[1 8],83,352,354,269,347
1,<environment.Job instance at 0x146a6730d9b0>,66,17,[7 1],84,348,365,264,348
1,<environment.Job instance at 0x146a6730d4b0>,67,16,[8 2],85,357,373,272,350
1,<environment.Job instance at 0x146a6730daa0>,68,3,[1 5],88,365,368,277,360
1,<environment.Job instance at 0x146a6730dd70>,69,1,[10  1],89,373,374,284,368
1,<environment.Job instance at 0x146a65cb8c80>,36,28,[14  1],48,377,405,329,377
1,<environment.Job instance at 0x146a601632d0>,43,2,[11  2],56,412,414,356,412
1,<environment.Job instance at 0x146a44c3ac80>,4,2,[7 2],5,6,8,1,6
1,<environment.Job instance at 0x146a44c3aeb0>,7,3,[1 9],8,9,12,1,9
1,<environment.Job instance at 0x146a44c455f0>,11,17,[8 1],17,21,38,4,21
1,<environment.Job instance at 0x146a44c45050>,15,16,[2 5],21,22,38,1,22
1,<environment.Job instance at 0x146a44c456e0>,14,3,[9 1],20,38,41,18,22
1,<environment.Job instance at 0x146a44c458c0>,18,2,[1 7],24,27,29,3,27
1,<environment.Job instance at 0x146a44c45870>,20,3,[5 2],28,39,42,11,39
1,<environment.Job instance at 0x146a44c45e10>,17,12,[ 1 10],23,46,58,23,46
1,<environment.Job instance at 0x146a44c410a0>,26,13,[7 2],40,47,60,7,47
1,<environment.Job instance at 0x146a44c45af0>,24,14,[2 9],37,58,72,21,47
1,<environment.Job instance at 0x146a44c453c0>,12,1,[ 2 13],18,72,73,54,48
1,<environment.Job instance at 0x146a44c41640>,29,2,[2 9],44,73,75,29,48
1,<environment.Job instance at 0x146a44c41aa0>,32,1,[ 1 10],48,75,76,27,55
1,<environment.Job instance at 0x146a44c5e370>,37,1,[1 8],55,76,77,21,58
1,<environment.Job instance at 0x146a44c5ea50>,41,3,[7 2],63,63,66,0,63
1,<environment.Job instance at 0x146a44c60370>,49,1,[1 9],75,168,169,93,168
1,<environment.Job instance at 0x146a44c60870>,56,3,[2 5],85,236,239,151,236
1,<environment.Job instance at 0x146a44c5ef00>,45,2,[ 2 13],69,240,242,171,240
1,<environment.Job instance at 0x146a44c609b0>,58,1,[1 6],88,255,256,167,255
1,<environment.Job instance at 0x146a44c60910>,57,18,[5 2],87,259,277,172,259
1,<environment.Job instance at 0x146a44c603c0>,51,16,[ 1 11],77,579,595,502,579
1,<environment.Job instance at 0x146a450e4910>,0,2,[6 2],1,5,7,4,5
1,<environment.Job instance at 0x146a450dbf50>,11,1,[7 1],15,16,17,1,16
1,<environment.Job instance at 0x146a456e1d70>,10,3,[2 7],14,18,21,4,18
1,<environment.Job instance at 0x146a60233d70>,18,1,[2 5],24,24,25,0,24
1,<environment.Job instance at 0x146a450e1370>,20,1,[2 7],28,28,29,0,28
1,<environment.Job instance at 0x146a44f7faf0>,23,3,[9 1],32,33,36,1,33
1,<environment.Job instance at 0x146a44f7f960>,24,15,[6 1],33,36,51,3,36
1,<environment.Job instance at 0x146a44f7fdc0>,25,1,[2 5],34,39,40,5,39
1,<environment.Job instance at 0x146a4533cb40>,30,1,[8 2],40,41,42,1,41
1,<environment.Job instance at 0x146a4533cbe0>,31,2,[2 6],41,46,48,5,46
1,<environment.Job instance at 0x146a4533ca00>,32,3,[1 9],42,48,51,6,47
1,<environment.Job instance at 0x146a4533c910>,38,2,[7 1],50,52,54,2,52
1,<environment.Job instance at 0x146a44f7f910>,21,2,[ 1 14],30,55,57,25,55
1,<environment.Job instance at 0x146a4533c190>,39,14,[5 2],54,57,71,3,55
1,<environment.Job instance at 0x146a45741cd0>,41,3,[1 9],56,57,60,1,57
1,<environment.Job instance at 0x146a45741e60>,46,3,[1 7],65,74,77,9,74
1,<environment.Job instance at 0x146a45741550>,51,1,[10  2],75,79,80,4,79
1,<environment.Job instance at 0x146a45741fa0>,48,13,[1 5],71,81,94,10,81
1,<environment.Job instance at 0x146a456d11e0>,53,13,[2 9],77,81,94,4,81
1,<environment.Job instance at 0x146a60bdf640>,55,1,[9 1],80,81,82,1,81
1,<environment.Job instance at 0x146a60bdf370>,56,20,[9 1],81,82,102,1,81
1,<environment.Job instance at 0x146a45741050>,52,3,[2 9],76,94,97,18,82
1,<environment.Job instance at 0x146a45741aa0>,50,1,[ 1 12],74,98,99,24,98
1,<environment.Job instance at 0x146a65d2fdc0>,58,2,[13  1],84,102,104,18,101
1,<environment.Job instance at 0x146a453cacd0>,59,1,[12  2],85,111,112,26,111
1,<environment.Job instance at 0x146a4578d320>,3,1,[7 1],13,14,15,1,14
1,<environment.Job instance at 0x146a61827780>,7,2,[5 1],18,18,20,0,18
1,<environment.Job instance at 0x146a4578d050>,4,2,[2 6],14,21,23,7,21
1,<environment.Job instance at 0x146a60279460>,12,2,[2 5],25,28,30,3,28
1,<environment.Job instance at 0x146a602abb40>,23,2,[1 6],38,38,40,0,38
1,<environment.Job instance at 0x146a4574a050>,22,3,[1 6],37,93,96,56,93
1,<environment.Job instance at 0x146a61833b40>,26,1,[ 1 13],41,105,106,64,105
1,<environment.Job instance at 0x146a44e968c0>,34,1,[6 1],57,111,112,54,111
1,<environment.Job instance at 0x146a44e96b40>,27,12,[ 1 14],42,133,145,91,133
1,<environment.Job instance at 0x146a451c7460>,49,12,[7 2],79,145,157,66,133
1,<environment.Job instance at 0x146a44e96690>,30,1,[11  1],53,186,187,133,186
1,<environment.Job instance at 0x146a653870f0>,4,2,[1 9],6,6,8,0,6
1,<environment.Job instance at 0x146a65394230>,5,2,[1 7],9,10,12,1,10
1,<environment.Job instance at 0x146a65394370>,7,19,[5 2],11,11,30,0,11
1,<environment.Job instance at 0x146a653944b0>,6,3,[1 8],10,15,18,5,15
1,<environment.Job instance at 0x146a65394be0>,14,1,[10  1],18,19,20,1,19
1,<environment.Job instance at 0x146a653af7d0>,21,17,[12  1],27,33,50,6,33
1,<environment.Job instance at 0x146a653afb90>,26,12,[6 1],33,50,62,17,33
1,<environment.Job instance at 0x146a6539a5f0>,32,1,[2 7],40,40,41,0,40
1,<environment.Job instance at 0x146a6539a6e0>,33,3,[8 2],41,50,53,9,41
1,<environment.Job instance at 0x146a6539ab90>,38,2,[2 8],50,53,55,3,50
1,<environment.Job instance at 0x146a6539ac80>,39,17,[1 8],52,56,73,4,56
1,<environment.Job instance at 0x146a453dc140>,47,2,[8 2],61,62,64,1,62
1,<environment.Job instance at 0x146a6009ecd0>,55,3,[2 5],73,104,107,31,104
1,<environment.Job instance at 0x146a44dc08c0>,59,1,[6 1],78,153,154,75,153
1,<environment.Job instance at 0x146a44dc0780>,64,1,[5 2],83,158,159,75,158
1,<environment.Job instance at 0x146a455812d0>,65,3,[7 1],84,183,186,99,183
1,<environment.Job instance at 0x146a457ad9b0>,52,12,[ 2 11],68,277,289,209,277
1,<environment.Job instance at 0x146a453c93c0>,3,3,[2 5],5,5,8,0,5
1,<environment.Job instance at 0x146a453c90a0>,7,18,[2 5],10,14,32,4,14
1,<environment.Job instance at 0x146a453c9aa0>,11,3,[6 2],16,16,19,0,16
1,<environment.Job instance at 0x146a453c94b0>,13,2,[7 1],18,34,36,16,34
1,<environment.Job instance at 0x146a60feb6e0>,25,14,[6 1],33,207,221,174,207
1,<environment.Job instance at 0x146a45458dc0>,38,1,[8 1],56,405,406,349,405
1,<environment.Job instance at 0x146a4544e1e0>,39,3,[9 1],57,728,731,671,728
1,<environment.Job instance at 0x146a4544e280>,40,2,[9 1],59,1473,1475,1414,1473
1,<environment.Job instance at 0x146a4545f320>,44,2,[10  1],65,1633,1635,1568,1633
1,<environment.Job instance at 0x146a4545f3c0>,45,2,[10  1],66,1803,1805,1737,1803
1,<environment.Job instance at 0x146a4545f5a0>,46,16,[10  2],67,1890,1906,1823,1890
1,<environment.Job instance at 0x146a4545f780>,47,2,[2 5],68,1990,1992,1922,1990
1,<environment.Job instance at 0x146a4545f500>,48,1,[1 7],69,2076,2077,2007,2076
1,<environment.Job instance at 0x146a4545fd70>,49,1,[2 9],70,2544,2545,2474,2544
1,<environment.Job instance at 0x146a4545fc80>,51,1,[9 2],73,2686,2687,2613,2686
1,<environment.Job instance at 0x146a4545f140>,52,1,[7 2],75,2814,2815,2739,2814
1,<environment.Job instance at 0x146a45437b40>,53,16,[5 2],76,2941,2957,2865,2941
1,<environment.Job instance at 0x146a453df3c0>,10,1,[7 2],16,17,18,1,17
1,<environment.Job instance at 0x146a6028b410>,16,16,[ 2 10],25,25,41,0,25
1,<environment.Job instance at 0x146a450e9aa0>,12,3,[14  2],18,41,44,23,26
1,<environment.Job instance at 0x146a6028b870>,15,3,[6 1],24,27,30,3,27
1,<environment.Job instance at 0x146a60c8d0f0>,32,1,[10  1],43,45,46,2,45
1,<environment.Job instance at 0x146a60f4bdc0>,33,3,[1 7],45,47,50,2,47
1,<environment.Job instance at 0x146a60f4b820>,35,1,[6 1],49,49,50,0,49
1,<environment.Job instance at 0x146a4536d460>,42,17,[2 7],58,71,88,13,71
1,<environment.Job instance at 0x146a450acc80>,59,1,[ 2 10],80,88,89,8,81
1,<environment.Job instance at 0x146a450ac6e0>,66,2,[1 6],89,105,107,16,105
1,<environment.Job instance at 0x146bce171a50>,6,18,[8 1],7,7,25,0,7
1,<environment.Job instance at 0x146bce19a820>,12,3,[1 8],14,20,23,6,20
1,<environment.Job instance at 0x146bce102320>,18,2,[10  1],25,25,27,0,25
1,<environment.Job instance at 0x146bce1063c0>,15,1,[ 1 10],20,25,26,5,25
1,<environment.Job instance at 0x146bce102820>,19,3,[6 2],26,27,30,1,26
1,<environment.Job instance at 0x146bcdc94320>,21,3,[6 1],29,29,32,0,29
1,<environment.Job instance at 0x146bcdc931e0>,24,12,[ 1 10],32,51,63,19,51
1,<environment.Job instance at 0x146bcdc8fc80>,35,2,[1 8],45,75,77,30,75
1,<environment.Job instance at 0x146bcdc93820>,25,2,[2 8],34,78,80,44,78
1,<environment.Job instance at 0x146bcdc8f960>,37,2,[ 1 10],50,81,83,31,81
1,<environment.Job instance at 0x146bcdc90910>,40,3,[1 6],53,83,86,30,82
1,<environment.Job instance at 0x146bcdc90c30>,41,25,[12  2],54,82,107,28,82
1,<environment.Job instance at 0x146bcdc90960>,42,1,[10  1],56,107,108,51,83
1,<environment.Job instance at 0x146bcdc90320>,43,3,[7 2],57,108,111,51,85
1,<environment.Job instance at 0x146bcdc8f0a0>,39,3,[1 5],52,87,90,35,87
1,<environment.Job instance at 0x146bcdc903c0>,44,3,[1 8],58,90,93,32,90
1,<environment.Job instance at 0x146bcdc8f0f0>,38,1,[8 1],51,108,109,57,90
1,<environment.Job instance at 0x146bcdc90e10>,46,2,[2 8],61,93,95,32,93
1,<environment.Job instance at 0x146bcdc90eb0>,47,1,[1 6],63,95,96,32,93
1,<environment.Job instance at 0x146bcdc8ee60>,48,1,[2 9],65,96,97,31,95
1,<environment.Job instance at 0x146bcdc8e190>,50,12,[9 1],68,111,123,43,95
1,<environment.Job instance at 0x146bcdc8e4b0>,51,2,[8 2],69,109,111,40,97
1,<environment.Job instance at 0x146bcdc8ebe0>,52,2,[1 7],72,99,101,27,99
1,<environment.Job instance at 0x146bcdc8e550>,54,2,[2 5],75,104,106,29,104
1,<environment.Job instance at 0x146bcdc94460>,20,2,[ 1 13],27,106,108,79,105
1,<environment.Job instance at 0x146bcdca4230>,56,1,[10  2],79,123,124,44,106
1,<environment.Job instance at 0x146bcdca9140>,60,17,[8 1],86,124,141,38,113
1,<environment.Job instance at 0x146bcdcb40f0>,66,3,[1 9],93,113,116,20,113
1,<environment.Job instance at 0x146bce20f960>,67,1,[13  1],94,141,142,47,113
1,<environment.Job instance at 0x146bce1180f0>,69,1,[2 5],96,113,114,17,113
1,<environment.Job instance at 0x146bce118910>,70,2,[ 2 10],97,116,118,19,113
1,<environment.Job instance at 0x146bce1745a0>,71,3,[2 9],99,118,121,19,118
1,<environment.Job instance at 0x146bcdc8e230>,49,16,[8 2],66,142,158,76,130
1,<environment.Job instance at 0x146bcdc8f640>,34,15,[11  1],44,159,174,115,159
1,<environment.Job instance at 0x146bcdc8f640>,2,3,[6 2],6,6,9,0,6
1,<environment.Job instance at 0x146bce1ec230>,5,2,[ 1 10],9,10,12,1,10
1,<environment.Job instance at 0x146bce1ec0f0>,4,2,[2 5],8,11,13,3,11
1,<environment.Job instance at 0x146bce1ec9b0>,7,3,[7 2],11,12,15,1,12
1,<environment.Job instance at 0x146bce1ec8c0>,14,2,[1 8],21,21,23,0,21
1,<environment.Job instance at 0x146bce1ec500>,6,3,[2 9],10,23,26,13,23
1,<environment.Job instance at 0x146bce1e3690>,17,2,[1 9],26,26,28,0,26
1,<environment.Job instance at 0x146bce1ec730>,16,1,[1 5],23,26,27,3,26
1,<environment.Job instance at 0x146bce1e3be0>,21,2,[14  1],30,31,33,1,31
1,<environment.Job instance at 0x146bce44c640>,30,1,[2 8],41,50,51,9,50
1,<environment.Job instance at 0x146bce44faa0>,37,3,[11  2],51,68,71,17,68
1,<environment.Job instance at 0x146bce44f910>,39,3,[2 5],53,68,71,15,68
1,<environment.Job instance at 0x146bce451640>,40,1,[8 1],54,73,74,19,73
1,<environment.Job instance at 0x146bce44c8c0>,33,1,[8 2],44,74,75,30,74
1,<environment.Job instance at 0x146bcf95f550>,45,1,[1 7],60,75,76,15,75
1,<environment.Job instance at 0x146bcf95feb0>,47,3,[12  1],64,81,84,17,81
1,<environment.Job instance at 0x146bcf95fe10>,46,3,[9 1],63,106,109,43,106
1,<environment.Job instance at 0x146bcf94b410>,57,12,[6 1],76,150,162,74,150
1,<environment.Job instance at 0x146bce44c140>,32,1,[ 2 14],43,276,277,233,276
1,<environment.Job instance at 0x146bcf94b4b0>,55,3,[1 9],74,314,317,240,314
1,<environment.Job instance at 0x146bcf94bc30>,53,13,[ 1 14],72,448,461,376,448
1,<environment.Job instance at 0x146bce0f1d20>,2,1,[1 7],3,6,7,3,6
1,<environment.Job instance at 0x146bbc722c80>,8,2,[8 2],11,12,14,1,12
1,<environment.Job instance at 0x146bbc722d70>,11,3,[6 1],14,14,17,0,14
1,<environment.Job instance at 0x146bbc723050>,16,17,[1 6],21,31,48,10,31
1,<environment.Job instance at 0x146bbc7238c0>,29,2,[10  2],41,45,47,4,45
1,<environment.Job instance at 0x146bbc726460>,32,2,[1 6],47,47,49,0,47
1,<environment.Job instance at 0x146bbc726aa0>,33,18,[7 2],49,49,67,0,49
1,<environment.Job instance at 0x146bbc726b40>,36,2,[7 2],57,59,61,2,59
1,<environment.Job instance at 0x146bbc723550>,21,1,[9 1],31,67,68,36,59
1,<environment.Job instance at 0x146bbc6a8320>,39,3,[8 1],62,62,65,0,62
1,<environment.Job instance at 0x146bbc6a86e0>,42,2,[ 2 12],66,66,68,0,66
1,<environment.Job instance at 0x146bbc6a8870>,45,16,[1 7],69,98,114,29,98
1,<environment.Job instance at 0x146bbc6a8be0>,48,1,[1 5],73,131,132,58,131
1,<environment.Job instance at 0x146bbc6a8a00>,52,3,[1 5],79,134,137,55,134
1,<environment.Job instance at 0x146bbc6a8eb0>,54,1,[2 8],81,143,144,62,143
1,<environment.Job instance at 0x146bbc6a8e60>,56,18,[5 2],83,144,162,61,144
1,<environment.Job instance at 0x146bbc6a93c0>,59,18,[8 1],87,163,181,76,163
1,<environment.Job instance at 0x146bbc6a9280>,57,2,[8 2],85,181,183,96,163
1,<environment.Job instance at 0x146bbc6a8f00>,53,21,[ 2 13],80,187,208,107,187
1,<environment.Job instance at 0x146bbc6a9500>,61,1,[1 8],89,208,209,119,196
1,<environment.Job instance at 0x146bbc6a9730>,65,2,[5 2],95,213,215,118,213
1,<environment.Job instance at 0x146bbc6a8dc0>,51,3,[ 1 13],76,312,315,236,312
1,<environment.Job instance at 0x146bbc6a8aa0>,46,13,[ 1 11],71,421,434,350,421
1,<environment.Job instance at 0x146bbc6a8aa0>,3,12,[7 2],7,11,23,4,11
1,<environment.Job instance at 0x146bce169230>,2,3,[1 8],5,13,16,8,13
1,<environment.Job instance at 0x146bbcd33c30>,9,14,[8 1],16,17,31,1,17
1,<environment.Job instance at 0x146bbce365f0>,28,18,[5 2],47,48,66,1,48
1,<environment.Job instance at 0x146bbcdfca50>,29,1,[1 8],48,81,82,33,81
1,<environment.Job instance at 0x146bbcf57370>,37,1,[6 2],61,91,92,30,91
1,<environment.Job instance at 0x146bbcf575f0>,41,2,[1 9],71,126,128,55,126
1,<environment.Job instance at 0x146bbcf57fa0>,43,1,[1 9],73,140,141,67,140
1,<environment.Job instance at 0x146bbcf57aa0>,38,3,[2 7],63,180,183,117,180
1,<environment.Job instance at 0x146bbcf51730>,49,1,[7 2],81,186,187,105,186
1,<environment.Job instance at 0x146bbcf51870>,48,3,[ 2 10],80,217,220,137,217
1,<environment.Job instance at 0x146bbcd55500>,55,2,[ 1 10],89,225,227,136,225
1,<environment.Job instance at 0x146bbcf5df00>,50,3,[9 1],82,226,229,144,226
1,<environment.Job instance at 0x146bbce86500>,56,3,[10  2],90,267,270,177,267
1,<environment.Job instance at 0x146bcc0329b0>,57,2,[2 9],91,299,301,208,299
1,<environment.Job instance at 0x146bbcf8c7d0>,59,18,[6 2],96,305,323,209,305
1,<environment.Job instance at 0x146bbcf57780>,36,2,[ 2 12],60,608,610,548,608
1,<environment.Job instance at 0x146bbcf57a50>,39,15,[ 1 11],67,1016,1031,949,1016
1,<environment.Job instance at 0x146bcc0365a0>,3,2,[10  2],5,5,7,0,5
1,<environment.Job instance at 0x146bbcfb1c80>,7,2,[5 2],12,12,14,0,12
1,<environment.Job instance at 0x146bbcfb1aa0>,10,1,[7 2],16,16,17,0,16
1,<environment.Job instance at 0x146bce451a50>,20,3,[8 1],29,171,174,142,171
1,<environment.Job instance at 0x146bbcd82c80>,51,3,[10  1],76,174,177,98,174
1,<environment.Job instance at 0x146bbcd892d0>,54,2,[1 7],81,176,178,95,176
1,<environment.Job instance at 0x146bbcd896e0>,56,18,[8 2],83,180,198,97,180
1,<environment.Job instance at 0x146bbcd89b90>,59,2,[ 1 10],86,222,224,136,222
1,<environment.Job instance at 0x146bbcd894b0>,57,3,[1 6],84,240,243,156,240
1,<environment.Job instance at 0x146bbcd89410>,62,16,[2 8],89,249,265,160,249
1,<environment.Job instance at 0x146bbcd89f00>,63,3,[6 1],90,255,258,165,255
1,<environment.Job instance at 0x146bce451320>,21,3,[8 1],33,258,261,225,255
1,<environment.Job instance at 0x146bbcd7d2d0>,65,3,[2 8],92,265,268,173,256
1,<environment.Job instance at 0x146bbcd89c30>,64,2,[1 8],91,268,270,177,256
1,<environment.Job instance at 0x146bbcd7dbe0>,68,1,[6 2],98,265,266,167,265
1,<environment.Job instance at 0x146bbcd82b90>,49,14,[14  1],72,292,306,220,292
1,<environment.Job instance at 0x146bbcd7d690>,69,2,[2 8],99,306,308,207,298
1,<environment.Job instance at 0x146bbcd89be0>,53,3,[ 2 11],80,312,315,232,312
1,<environment.Job instance at 0x146bd4f2f230>,4,2,[2 7],6,11,13,5,11
1,<environment.Job instance at 0x146bcf9b5050>,8,3,[2 5],11,13,16,2,13
1,<environment.Job instance at 0x146bce139460>,11,1,[7 1],16,17,18,1,17
1,<environment.Job instance at 0x146bcf9b55f0>,7,2,[ 1 10],10,18,20,8,18
1,<environment.Job instance at 0x146bbc8d6730>,20,17,[9 2],28,30,47,2,30
1,<environment.Job instance at 0x146bce139d70>,15,2,[5 2],20,33,35,13,33
1,<environment.Job instance at 0x146bbc8d6230>,24,3,[2 7],32,35,38,3,34
1,<environment.Job instance at 0x146bcf9a60f0>,27,1,[2 5],36,39,40,3,39
1,<environment.Job instance at 0x146bbc8e03c0>,30,1,[2 8],40,41,42,1,41
1,<environment.Job instance at 0x146bcfa406e0>,34,14,[1 6],45,47,61,2,47
1,<environment.Job instance at 0x146bd55d0e10>,38,1,[1 8],49,49,50,0,49
1,<environment.Job instance at 0x146bd55d0fa0>,39,12,[9 2],50,51,63,1,51
1,<environment.Job instance at 0x146bd55d01e0>,41,3,[9 2],52,63,66,11,62
1,<environment.Job instance at 0x146bd55d7230>,49,2,[1 8],62,63,65,1,63
1,<environment.Job instance at 0x146bd55d70f0>,50,14,[6 1],63,65,79,2,63
1,<environment.Job instance at 0x146bd55d70a0>,52,14,[2 8],65,66,80,1,66
1,<environment.Job instance at 0x146bd55d7e60>,54,3,[7 1],67,67,70,0,67
1,<environment.Job instance at 0x146bd55d08c0>,43,16,[10  2],54,79,95,25,67
1,<environment.Job instance at 0x146bbc772280>,57,1,[ 2 10],70,80,81,10,71
1,<environment.Job instance at 0x146bbc7723c0>,56,25,[12  1],69,95,120,26,91
1,<environment.Job instance at 0x146bcfb5ff50>,61,3,[1 9],78,91,94,13,91
1,<environment.Job instance at 0x146bbc772e10>,58,2,[10  2],72,120,122,48,111
1,<environment.Job instance at 0x146bcfb5f9b0>,64,23,[1 6],81,111,134,30,111
1,<environment.Job instance at 0x146bbc8d6500>,19,13,[12  2],27,212,225,185,212
1,<environment.Job instance at 0x146bd2d929b0>,1,13,[7 2],2,4,17,2,4
1,<environment.Job instance at 0x146bd2d7dc80>,7,3,[2 9],14,38,41,24,38
1,<environment.Job instance at 0x146bd6c00f50>,20,1,[2 8],39,41,42,2,39
1,<environment.Job instance at 0x146bd6c00820>,23,3,[9 1],42,82,85,40,82
1,<environment.Job instance at 0x146bbc71ccd0>,11,2,[ 1 10],20,104,106,84,104
1,<environment.Job instance at 0x146bd56a1a50>,44,1,[ 1 12],76,184,185,108,184
1,<environment.Job instance at 0x146bcfa1bfa0>,57,28,[5 1],96,188,216,92,188
1,<environment.Job instance at 0x146bcfa1bb40>,58,13,[8 2],97,227,240,130,227
1,<environment.Job instance at 0x146bcfa21280>,51,13,[13  2],87,348,361,261,348
1,<environment.Job instance at 0x146bbcefb500>,2,1,[7 1],4,4,5,0,4
1,<environment.Job instance at 0x146bd5679c30>,3,12,[2 8],5,12,24,7,12
1,<environment.Job instance at 0x146bbcf020f0>,13,3,[7 2],19,20,23,1,20
1,<environment.Job instance at 0x146bd55990a0>,20,16,[1 6],31,106,122,75,106
1,<environment.Job instance at 0x146bbcdb46e0>,57,1,[5 2],79,107,108,28,107
1,<environment.Job instance at 0x146bd5599af0>,21,2,[10  2],33,109,111,76,109
1,<environment.Job instance at 0x146bbcdb4f00>,58,17,[10  1],80,147,164,67,147
1,<environment.Job instance at 0x146bbcdb4140>,64,3,[2 7],88,150,153,62,150
1,<environment.Job instance at 0x146bbc51a870>,60,1,[10  2],83,164,165,81,151
1,<environment.Job instance at 0x146bbc48e320>,68,2,[1 5],92,160,162,68,160
1,<environment.Job instance at 0x146bcfa2c370>,71,1,[9 1],96,168,169,72,168
1,<environment.Job instance at 0x146bbc48ef50>,65,15,[7 2],89,179,194,90,179
1,<environment.Job instance at 0x146bbc4766e0>,5,1,[5 1],8,9,10,1,9
1,<environment.Job instance at 0x146bbc7cde10>,2,1,[1 7],3,11,12,8,11
1,<environment.Job instance at 0x146bbc48a500>,12,3,[5 1],17,17,20,0,17
1,<environment.Job instance at 0x146bd0899b90>,24,1,[1 8],31,31,32,0,31
1,<environment.Job instance at 0x146bbc48aaf0>,15,17,[12  1],20,60,77,40,60
1,<environment.Job instance at 0x146bbcf0aeb0>,37,3,[2 7],46,106,109,60,106
1,<environment.Job instance at 0x146bbcf0ac80>,44,13,[7 2],54,107,120,53,107
1,<environment.Job instance at 0x146bbcf0a140>,45,22,[8 1],55,109,131,54,107
1,<environment.Job instance at 0x146bbcf0a7d0>,43,2,[2 5],52,107,109,55,107
1,<environment.Job instance at 0x146bbcf0a190>,47,3,[10  2],57,131,134,74,108
1,<environment.Job instance at 0x146bbcf0a050>,48,3,[2 5],59,120,123,61,112
1,<environment.Job instance at 0x146bbcf0aaa0>,46,15,[ 2 10],56,123,138,67,115
1,<environment.Job instance at 0x146bbcf0a460>,50,3,[7 2],61,173,176,112,173
1,<environment.Job instance at 0x146bcf8dbd70>,56,22,[2 6],69,174,196,105,174
1,<environment.Job instance at 0x146bcf8db8c0>,57,1,[ 1 14],70,196,197,126,177
1,<environment.Job instance at 0x146bbcf0af00>,36,1,[13  1],45,178,179,133,178
1,<environment.Job instance at 0x146bcf8db5a0>,55,2,[10  1],67,179,181,112,178
1,<environment.Job instance at 0x146bcf8db230>,59,1,[6 1],72,181,182,109,178
1,<environment.Job instance at 0x146bbcf201e0>,64,2,[7 2],80,187,189,107,187
1,<environment.Job instance at 0x146bbcf202d0>,67,1,[ 2 10],84,215,216,131,215
1,<environment.Job instance at 0x146bbcf20640>,65,3,[ 2 14],82,243,246,161,243
1,<environment.Job instance at 0x146bd2d71050>,3,1,[1 8],4,17,18,13,17
1,<environment.Job instance at 0x146bbc371960>,16,1,[1 9],24,26,27,2,26
1,<environment.Job instance at 0x146bbc3715a0>,17,1,[8 2],27,29,30,2,29
1,<environment.Job instance at 0x146bbc371320>,12,1,[10  1],18,30,31,12,30
1,<environment.Job instance at 0x146bcfb34640>,20,1,[10  1],31,38,39,7,38
1,<environment.Job instance at 0x146bcfb347d0>,22,13,[7 2],34,40,53,6,40
1,<environment.Job instance at 0x146bcfb34050>,19,1,[9 2],30,75,76,45,75
1,<environment.Job instance at 0x146bbc658aa0>,24,2,[12  1],37,80,82,43,80
1,<environment.Job instance at 0x146bbc658820>,26,14,[7 1],40,147,161,107,147
1,<environment.Job instance at 0x146bbc6586e0>,27,2,[7 1],41,163,165,122,163
1,<environment.Job instance at 0x146bcfb34820>,23,3,[6 2],36,188,191,152,188
1,<environment.Job instance at 0x146bbc658e10>,28,1,[8 1],42,194,195,152,194
1,<environment.Job instance at 0x146bbc658550>,30,14,[9 1],44,195,209,151,195
1,<environment.Job instance at 0x146bbc658690>,29,2,[10  2],43,245,247,202,245
1,<environment.Job instance at 0x146bbc6584b0>,38,2,[8 2],60,329,331,269,329
1,<environment.Job instance at 0x146bbc658640>,36,3,[10  1],52,347,350,295,347
1,<environment.Job instance at 0x146bbc658dc0>,41,13,[2 9],66,350,363,284,350
1,<environment.Job instance at 0x146bd771e5a0>,42,2,[ 1 11],67,363,365,296,353
1,<environment.Job instance at 0x146bbc622320>,47,15,[10  1],73,464,479,391,464
1,<environment.Job instance at 0x146bbc622b90>,50,2,[ 1 10],76,499,501,423,499
1,<environment.Job instance at 0x146bd2d71a50>,0,15,[14  1],1,547,562,546,547
1,<environment.Job instance at 0x146bbc65b5a0>,65,1,[6 1],93,562,563,469,560
1,<environment.Job instance at 0x146bbc622280>,51,3,[ 2 14],77,563,566,486,563
1,<environment.Job instance at 0x146bcfb34410>,21,26,[ 2 13],33,796,822,763,796
1,<environment.Job instance at 0x146bbca41e60>,4,14,[ 1 10],7,16,30,9,16
1,<environment.Job instance at 0x146bbca41f50>,12,3,[1 6],17,30,33,13,17
1,<environment.Job instance at 0x146bd0577f00>,16,3,[9 1],26,27,30,1,27
1,<environment.Job instance at 0x146bd0577c30>,18,2,[1 8],29,33,35,4,33
1,<environment.Job instance at 0x146bd05770a0>,20,2,[9 2],33,33,35,0,33
1,<environment.Job instance at 0x146bd0577c80>,21,1,[ 2 10],37,39,40,2,39
1,<environment.Job instance at 0x146bd05773c0>,22,3,[11  1],39,45,48,6,45
1,<environment.Job instance at 0x146bd0577460>,13,3,[12  1],19,51,54,32,51
1,<environment.Job instance at 0x146bd056bf00>,25,1,[8 1],43,54,55,11,54
1,<environment.Job instance at 0x146bbc752280>,43,1,[2 7],70,75,76,5,75
1,<environment.Job instance at 0x146bbc7e1910>,34,2,[ 1 12],59,95,97,36,95
1,<environment.Job instance at 0x146bbcce2f50>,59,1,[2 6],92,154,155,62,154
1,<environment.Job instance at 0x146bd0577140>,23,13,[ 2 11],40,174,187,134,174
1,<environment.Job instance at 0x146bd55ab820>,6,3,[ 2 13],12,13,16,1,13
1,<environment.Job instance at 0x146bd55abe10>,8,1,[ 2 10],14,16,17,2,15
1,<environment.Job instance at 0x146bbc7d26e0>,15,1,[9 1],24,171,172,147,171
1,<environment.Job instance at 0x146bd4f5ccd0>,46,16,[9 2],70,438,454,368,438
1,<environment.Job instance at 0x146bbcdd9b40>,68,2,[1 8],97,539,541,442,539
1,<environment.Job instance at 0x146bbcb2e0a0>,57,1,[7 2],85,545,546,460,545
1,<environment.Job instance at 0x146bbc79b5f0>,45,20,[ 2 11],68,609,629,541,609
1,<environment.Job instance at 0x146bbcb27c30>,4,2,[2 9],5,7,9,2,7
1,<environment.Job instance at 0x146bbcb27c80>,7,17,[ 2 10],9,10,27,1,10
1,<environment.Job instance at 0x146bd6c4cfa0>,9,16,[5 2],13,14,30,1,14
1,<environment.Job instance at 0x146bbcb275f0>,5,13,[2 8],7,27,40,20,18
1,<environment.Job instance at 0x146bbcb27f00>,1,21,[9 2],2,33,54,31,33
1,<environment.Job instance at 0x146bd6c4c4b0>,13,3,[7 1],20,54,57,34,37
1,<environment.Job instance at 0x146bd6c4caf0>,16,3,[2 9],23,40,43,17,39
1,<environment.Job instance at 0x146bcf908cd0>,20,2,[1 8],29,43,45,14,39
1,<environment.Job instance at 0x146bd6570230>,21,2,[1 5],30,48,50,18,48
1,<environment.Job instance at 0x146bce14deb0>,22,1,[1 5],31,54,55,23,54
1,<environment.Job instance at 0x146bd6c4c140>,18,2,[11  2],26,57,59,31,55
1,<environment.Job instance at 0x146bbc5ec500>,23,2,[9 1],32,59,61,27,59
1,<environment.Job instance at 0x146bcf928640>,24,3,[9 2],33,73,76,40,73
1,<environment.Job instance at 0x146bbcf4bbe0>,28,1,[2 7],38,79,80,41,79
1,<environment.Job instance at 0x146bbc40b730>,35,1,[2 8],47,89,90,42,89
1,<environment.Job instance at 0x146bbc40b0f0>,37,12,[2 9],49,90,102,41,90
1,<environment.Job instance at 0x146bbc40b190>,38,15,[2 5],50,90,105,40,90
1,<environment.Job instance at 0x146bbc965e60>,39,3,[1 6],51,123,126,72,123
1,<environment.Job instance at 0x146bd6c4c460>,11,28,[14  1],18,124,152,106,124
1,<environment.Job instance at 0x146bbca2aeb0>,43,3,[1 5],58,126,129,68,125
1,<environment.Job instance at 0x146bd559bf50>,48,14,[1 8],63,129,143,66,127
1,<environment.Job instance at 0x146bd559b4b0>,49,2,[5 1],64,152,154,88,135
1,<environment.Job instance at 0x146bd4c85b90>,58,1,[ 2 13],78,152,153,74,144
1,<environment.Job instance at 0x146bcfb39c80>,59,2,[2 5],79,153,155,74,144
1,<environment.Job instance at 0x146bbc40b3c0>,42,16,[8 2],55,153,169,98,145
1,<environment.Job instance at 0x146bcfb39140>,61,16,[2 5],81,154,170,73,147
1,<environment.Job instance at 0x146bd75e08c0>,66,3,[5 2],88,155,158,67,151
1,<environment.Job instance at 0x146bd75e00f0>,65,1,[6 2],87,169,170,82,154
1,<environment.Job instance at 0x146bd56c1190>,33,2,[12  1],45,186,188,141,186
1,<environment.Job instance at 0x146bbcc91eb0>,13,1,[1 5],21,26,27,5,26
1,<environment.Job instance at 0x146bbcc844b0>,16,18,[1 7],26,27,45,1,27
1,<environment.Job instance at 0x146bd55c65a0>,22,1,[1 9],35,81,82,46,81
1,<environment.Job instance at 0x146bd55ee690>,29,3,[2 5],45,88,91,43,88
1,<environment.Job instance at 0x146bbcf02e10>,30,18,[5 2],47,148,166,101,148
1,<environment.Job instance at 0x146bd55ee870>,34,3,[2 7],52,175,178,123,175
1,<environment.Job instance at 0x146bbcc84fa0>,18,2,[ 2 13],29,178,180,149,175
1,<environment.Job instance at 0x146bce1467d0>,42,25,[9 1],63,193,218,130,193
1,<environment.Job instance at 0x146bce146dc0>,38,3,[1 5],59,200,203,141,200
1,<environment.Job instance at 0x146bbc6e6e60>,54,2,[ 1 14],80,255,257,175,255
1,<environment.Job instance at 0x146bbc6e6320>,53,1,[2 7],78,260,261,182,260
1,<environment.Job instance at 0x146bce18d690>,70,16,[2 6],98,271,287,173,271
1,<environment.Job instance at 0x146bd10f7dc0>,24,16,[ 1 11],37,481,497,444,481
1,<environment.Job instance at 0x146bd55911e0>,2,3,[1 9],6,7,10,1,7
1,<environment.Job instance at 0x146bd10f75f0>,3,2,[9 2],8,8,10,0,8
1,<environment.Job instance at 0x146bbcb89370>,12,1,[10  2],25,27,28,2,27
1,<environment.Job instance at 0x146bbcb89550>,14,13,[2 9],27,33,46,6,33
1,<environment.Job instance at 0x146bbcb898c0>,16,1,[9 1],30,36,37,6,36
1,<environment.Job instance at 0x146bbcb89a00>,17,20,[9 1],31,38,58,7,38
1,<environment.Job instance at 0x146bbcb89230>,11,1,[ 1 12],24,46,47,22,44
1,<environment.Job instance at 0x146bbcb89780>,18,3,[5 1],33,46,49,13,44
1,<environment.Job instance at 0x146bbcb89be0>,19,2,[13  1],34,58,60,24,44
1,<environment.Job instance at 0x146bbcb89aa0>,20,1,[12  2],35,60,61,25,44
1,<environment.Job instance at 0x146bbcb95690>,41,20,[7 2],69,69,89,0,69
1,<environment.Job instance at 0x146bbcb8c0f0>,49,1,[2 5],79,81,82,2,81
1,<environment.Job instance at 0x146bbcb8c500>,51,1,[ 1 13],81,116,117,35,116
1,<environment.Job instance at 0x146bbcb8c820>,55,1,[11  1],93,147,148,54,147
1,<environment.Job instance at 0x146bbcb8c870>,52,12,[ 1 14],82,231,243,149,231
1,<environment.Job instance at 0x146bbcb86820>,3,3,[5 1],4,8,11,4,8
1,<environment.Job instance at 0x146bd6c5a8c0>,27,2,[1 7],39,53,55,14,53
1,<environment.Job instance at 0x146bbc8d6370>,15,1,[ 2 10],22,55,56,33,53
1,<environment.Job instance at 0x146bcf924b40>,44,3,[1 8],58,88,91,30,88
1,<environment.Job instance at 0x146bcf924550>,45,2,[2 5],60,88,90,28,88
1,<environment.Job instance at 0x146bcf924d20>,46,3,[1 9],61,91,94,30,90
1,<environment.Job instance at 0x146bcf9249b0>,48,12,[6 1],63,90,102,27,90
1,<environment.Job instance at 0x146bd6c5a050>,33,3,[7 2],45,103,106,58,103
1,<environment.Job instance at 0x146bcf924780>,50,3,[2 8],65,107,110,42,107
1,<environment.Job instance at 0x146bcdcaefa0>,53,14,[ 2 10],68,110,124,42,107
1,<environment.Job instance at 0x146bcf965a50>,56,3,[ 2 10],72,124,127,52,112
1,<environment.Job instance at 0x146bbc3a2410>,57,2,[9 1],74,122,124,48,122
1,<environment.Job instance at 0x146bbc3a2af0>,58,1,[2 5],75,130,131,55,130
1,<environment.Job instance at 0x146bbcb86780>,59,3,[1 8],77,209,212,132,209
1,<environment.Job instance at 0x146bbcaad370>,74,12,[ 2 11],98,906,918,808,906
1,<environment.Job instance at 0x146bcf924190>,43,17,[12  1],57,1013,1030,956,1013
1,<environment.Job instance at 0x146bd4c17e60>,1,3,[2 5],3,3,6,0,3
1,<environment.Job instance at 0x146bbc8f5cd0>,9,3,[2 6],12,12,15,0,12
1,<environment.Job instance at 0x146bbcc51190>,10,1,[5 2],13,15,16,2,15
1,<environment.Job instance at 0x146bd08a7500>,18,15,[1 5],23,24,39,1,24
1,<environment.Job instance at 0x146bbcc200a0>,19,3,[2 5],25,193,196,168,193
1,<environment.Job instance at 0x146bbcac9b40>,29,2,[7 1],38,570,572,532,570
1,<environment.Job instance at 0x146bbcac9be0>,30,3,[10  1],39,572,575,533,571
1,<environment.Job instance at 0x146bd6c47f00>,32,18,[1 9],41,593,611,552,593
1,<environment.Job instance at 0x146bd6c47640>,34,3,[7 1],43,608,611,565,608
1,<environment.Job instance at 0x146bd6c47910>,35,1,[8 2],44,1177,1178,1133,1177
1,<environment.Job instance at 0x146bd6c47410>,39,13,[6 1],49,1378,1391,1329,1378
1,<environment.Job instance at 0x146bd6c47960>,40,3,[10  1],51,1631,1634,1580,1631
1,<environment.Job instance at 0x146bd6bf5050>,42,2,[10  1],54,1699,1701,1645,1699
1,<environment.Job instance at 0x146bd6bf5e60>,43,1,[ 1 10],57,1715,1716,1658,1715
1,<environment.Job instance at 0x146bd6bf5410>,45,1,[8 1],59,1908,1909,1849,1908
1,<environment.Job instance at 0x146bd6bf5320>,50,17,[5 2],70,1931,1948,1861,1931
1,<environment.Job instance at 0x146bd6bf5730>,52,2,[2 5],74,1934,1936,1860,1934
1,<environment.Job instance at 0x146bd6bf5960>,53,19,[ 2 14],75,1949,1968,1874,1949
1,<environment.Job instance at 0x146bbca453c0>,59,1,[8 2],84,2113,2114,2029,2113
1,<environment.Job instance at 0x146bbca45550>,62,16,[10  2],87,2153,2169,2066,2153
1,<environment.Job instance at 0x146bd6bf5dc0>,54,1,[8 1],76,2169,2170,2093,2162
1,<environment.Job instance at 0x146bbc410be0>,64,1,[1 7],89,2222,2223,2133,2222
1,<environment.Job instance at 0x146bbcc1af00>,68,1,[7 2],95,2226,2227,2131,2226
1,<environment.Job instance at 0x146bd08a7b90>,17,17,[11  2],22,2314,2331,2292,2314
1,<environment.Job instance at 0x146bbc665e10>,69,16,[5 2],96,2331,2347,2235,2318
1,<environment.Job instance at 0x146bcfb53b40>,19,2,[5 2],27,27,29,0,27
1,<environment.Job instance at 0x146bcfb850f0>,23,3,[6 1],34,68,71,34,68
1,<environment.Job instance at 0x146bcfb85870>,31,1,[9 2],44,169,170,125,169
1,<environment.Job instance at 0x146bcfb81690>,50,17,[2 7],68,271,288,203,271
1,<environment.Job instance at 0x146bcfb81a50>,54,17,[6 1],75,279,296,204,279
1,<environment.Job instance at 0x146bcfb815a0>,49,2,[1 9],67,290,292,223,290
1,<environment.Job instance at 0x146bcfaa8190>,3,13,[ 2 11],5,319,332,314,319
1,<environment.Job instance at 0x146bcfb81b90>,59,1,[1 5],81,332,333,251,327
1,<environment.Job instance at 0x146bcfb81be0>,61,3,[2 8],83,332,335,249,327
1,<environment.Job instance at 0x146bcfb81e60>,63,15,[8 1],86,330,345,244,330
1,<environment.Job instance at 0x146bcfb81f00>,65,1,[7 2],88,335,336,247,333
1,<environment.Job instance at 0x146bcfb7a050>,66,25,[1 7],89,336,361,247,334
1,<environment.Job instance at 0x146bcfb7a1e0>,69,15,[7 2],92,345,360,253,334
1,<environment.Job instance at 0x146bcfb7a0f0>,68,2,[2 5],91,336,338,245,334
1,<environment.Job instance at 0x146bcfb53f50>,20,3,[14  2],28,360,363,332,334
1,<environment.Job instance at 0x146bcfb7a3c0>,70,1,[7 2],95,345,346,250,335
1,<environment.Job instance at 0x146bcfb7a410>,72,2,[1 7],97,361,363,264,353
1,<environment.Job instance at 0x146bbc783a00>,1,3,[10  1],2,4,7,2,4
1,<environment.Job instance at 0x146bbc7837d0>,2,3,[10  1],3,8,11,5,8
1,<environment.Job instance at 0x146bd4cb5320>,6,2,[6 1],9,11,13,2,11
1,<environment.Job instance at 0x146bd4cb5af0>,8,1,[ 1 10],12,13,14,1,13
1,<environment.Job instance at 0x146bd4cb50a0>,9,3,[9 1],14,15,18,1,15
1,<environment.Job instance at 0x146bd4cb5dc0>,11,3,[1 5],17,17,20,0,17
1,<environment.Job instance at 0x146bd4cb5c30>,7,16,[6 1],10,20,36,10,20
1,<environment.Job instance at 0x146bd4cb5410>,5,13,[2 5],7,20,33,13,20
1,<environment.Job instance at 0x146bd4cb5730>,16,3,[1 7],23,25,28,2,25
1,<environment.Job instance at 0x146bd4cb52d0>,17,2,[5 1],24,27,29,3,27
1,<environment.Job instance at 0x146bd4cb55a0>,15,1,[5 2],22,32,33,10,32
1,<environment.Job instance at 0x146bd4cb6960>,27,18,[10  1],35,38,56,3,38
1,<environment.Job instance at 0x146bd4cb6910>,28,2,[7 1],36,56,58,20,38
1,<environment.Job instance at 0x146bcfb879b0>,23,1,[10  1],31,58,59,27,44
1,<environment.Job instance at 0x146bd4cb68c0>,32,2,[1 9],42,64,66,22,64
1,<environment.Job instance at 0x146bd4cc7a50>,34,3,[1 5],46,74,77,28,74
1,<environment.Job instance at 0x146bd4cc7410>,35,1,[8 1],47,76,77,29,76
1,<environment.Job instance at 0x146bd4cb6e60>,29,15,[2 7],37,102,117,65,102
1,<environment.Job instance at 0x146bd4cc7a00>,36,2,[8 2],48,122,124,74,122
1,<environment.Job instance at 0x146bd4cc7cd0>,45,3,[7 1],59,122,125,63,122
1,<environment.Job instance at 0x146bd4cc74b0>,43,15,[8 2],56,124,139,68,122
1,<environment.Job instance at 0x146bd4ca8320>,48,1,[1 9],62,135,136,73,135
1,<environment.Job instance at 0x146bd4ca8aa0>,49,18,[5 2],63,137,155,74,137
1,<environment.Job instance at 0x146bd4ca8c30>,50,2,[1 8],65,155,157,90,155
1,<environment.Job instance at 0x146bd4ca8140>,53,14,[10  1],69,160,174,91,160
1,<environment.Job instance at 0x146bd4ca8410>,52,3,[2 6],68,160,163,92,160
1,<environment.Job instance at 0x146bd4ca8cd0>,56,2,[8 1],73,174,176,101,160
1,<environment.Job instance at 0x146bd4ca8e60>,57,3,[9 1],74,176,179,102,168
1,<environment.Job instance at 0x146bd4ca8e10>,58,3,[8 2],75,179,182,104,169
1,<environment.Job instance at 0x146bd4ca8960>,59,12,[7 2],77,179,191,102,171
1,<environment.Job instance at 0x146bd4ca87d0>,60,2,[2 7],79,177,179,98,177
1,<environment.Job instance at 0x146bd4ca85a0>,61,17,[6 2],81,182,199,101,177
1,<environment.Job instance at 0x146bd4ca8550>,62,13,[ 2 10],82,182,195,100,177
1,<environment.Job instance at 0x146bd4ca8500>,63,2,[1 9],83,195,197,112,182
1,<environment.Job instance at 0x146bd4ca8640>,55,3,[5 1],71,191,194,120,185
1,<environment.Job instance at 0x146bd4ca8a50>,64,23,[1 5],84,197,220,113,193
1,<environment.Job instance at 0x146bbc772410>,66,18,[10  1],86,199,217,113,194
1,<environment.Job instance at 0x146bbc772aa0>,67,1,[8 2],87,217,218,130,209
1,<environment.Job instance at 0x146bd4ca8fa0>,54,3,[ 1 14],70,220,223,150,211
1,<environment.Job instance at 0x146bbc772640>,70,2,[2 8],90,215,217,125,215
1,<environment.Job instance at 0x146bbc772280>,71,3,[7 1],91,218,221,127,217
1,<environment.Job instance at 0x146bbc7725f0>,72,3,[8 2],92,223,226,131,217
1,<environment.Job instance at 0x146bbc772550>,75,14,[9 2],99,226,240,127,222
1,<environment.Job instance at 0x146bbc772690>,73,2,[10  1],94,240,242,146,222
1,<environment.Job instance at 0x146bbc783780>,0,1,[14  1],1,242,243,241,229
1,<environment.Job instance at 0x146bd4cb6c80>,31,3,[ 1 11],41,245,248,204,245
1,<environment.Job instance at 0x146bcf975cd0>,1,3,[1 5],2,4,7,2,4
1,<environment.Job instance at 0x146bd700daf0>,6,12,[9 1],8,8,20,0,8
1,<environment.Job instance at 0x146bbc565460>,12,2,[8 1],16,20,22,4,16
1,<environment.Job instance at 0x146bbcc0ec30>,13,2,[8 1],17,22,24,5,17
1,<environment.Job instance at 0x146bbceea780>,21,2,[ 1 13],25,31,33,6,31
1,<environment.Job instance at 0x146bce44aa50>,28,3,[5 2],35,49,52,14,49
1,<environment.Job instance at 0x146bd0809320>,32,1,[8 2],39,59,60,20,59
1,<environment.Job instance at 0x146bd0809500>,35,3,[9 1],44,250,253,206,250
1,<environment.Job instance at 0x146bd56232d0>,22,13,[8 1],26,390,403,364,390
1,<environment.Job instance at 0x146bd08095a0>,39,14,[1 7],49,437,451,388,437
1,<environment.Job instance at 0x146bd1114230>,40,2,[8 1],51,445,447,394,445
1,<environment.Job instance at 0x146bcdc90190>,45,2,[9 1],59,452,454,393,452
1,<environment.Job instance at 0x146bcdc90aa0>,44,1,[9 1],58,455,456,397,455
1,<environment.Job instance at 0x146bbc33e500>,49,3,[7 1],64,503,506,439,503
1,<environment.Job instance at 0x146bcf994b90>,46,2,[6 2],60,507,509,447,507
1,<environment.Job instance at 0x146bbc5f4b90>,51,2,[ 1 11],67,519,521,452,519
1,<environment.Job instance at 0x146bbc33ed20>,50,2,[ 1 10],65,541,543,476,541
1,<environment.Job instance at 0x146bbc5f40f0>,52,2,[1 8],68,737,739,669,737
1,<environment.Job instance at 0x146bbc372280>,55,3,[2 8],71,838,841,767,838
1,<environment.Job instance at 0x146bbc372050>,56,12,[7 2],72,970,982,898,970
1,<environment.Job instance at 0x146bbc372cd0>,57,1,[2 5],74,979,980,905,979
1,<environment.Job instance at 0x146bd0850550>,58,17,[ 1 10],76,1386,1403,1310,1386
1,<environment.Job instance at 0x146bd0805910>,64,3,[7 2],85,1684,1687,1599,1684
1,<environment.Job instance at 0x146bd0805190>,65,3,[1 6],87,1884,1887,1797,1884
1,<environment.Job instance at 0x146bcf963320>,66,2,[1 6],89,1987,1989,1898,1987
1,<environment.Job instance at 0x153bbf187230>,2,1,[2 5],3,4,5,1,4
1,<environment.Job instance at 0x153bc0482730>,4,2,[7 2],5,7,9,2,7
1,<environment.Job instance at 0x153bbf14afa0>,5,3,[9 2],6,9,12,3,9
1,<environment.Job instance at 0x153bc048a190>,6,18,[8 1],7,12,30,5,9
1,<environment.Job instance at 0x153bbf1c2190>,8,13,[6 1],9,9,22,0,9
1,<environment.Job instance at 0x153bbf1e58c0>,15,1,[ 1 10],20,20,21,0,20
1,<environment.Job instance at 0x153bbf0d9cd0>,18,2,[10  1],25,30,32,5,28
1,<environment.Job instance at 0x153bbec6a3c0>,25,2,[2 8],34,35,37,1,35
1,<environment.Job instance at 0x153bbec69e60>,26,1,[2 7],35,36,37,1,36
1,<environment.Job instance at 0x153bbec65d20>,34,15,[11  1],44,46,61,2,46
1,<environment.Job instance at 0x153bbec658c0>,33,1,[2 7],43,46,47,3,46
1,<environment.Job instance at 0x153bbf0d9730>,20,2,[ 1 13],27,47,49,20,46
1,<environment.Job instance at 0x153bbec653c0>,32,3,[2 9],42,49,52,7,48
1,<environment.Job instance at 0x153bbec649b0>,38,1,[8 1],51,61,62,10,51
1,<environment.Job instance at 0x153bbec66eb0>,45,3,[2 8],60,64,67,4,64
1,<environment.Job instance at 0x153bbf1258c0>,49,16,[8 2],66,66,82,0,66
1,<environment.Job instance at 0x153bbf160640>,50,12,[9 1],68,82,94,14,69
1,<environment.Job instance at 0x153bbec9bd70>,51,2,[8 2],69,94,96,25,72
1,<environment.Job instance at 0x153bbec7f320>,53,3,[6 1],73,89,92,16,89
1,<environment.Job instance at 0x153bbf122780>,58,15,[2 9],82,93,108,11,93
1,<environment.Job instance at 0x153bbf0ee870>,60,17,[8 1],86,96,113,10,93
1,<environment.Job instance at 0x153bbf0ee6e0>,59,1,[1 9],85,108,109,23,95
1,<environment.Job instance at 0x153bbf0eef50>,63,3,[10  1],89,113,116,24,100
1,<environment.Job instance at 0x153bbf1475f0>,67,1,[13  1],94,116,117,22,104
1,<environment.Job instance at 0x153bbf13f640>,69,1,[2 5],96,111,112,15,111
1,<environment.Job instance at 0x153bbec61500>,74,3,[6 2],106,117,120,11,114
1,<environment.Job instance at 0x153bbf0ee820>,62,3,[9 2],88,140,143,52,140
1,<environment.Job instance at 0x153bbec64d70>,41,25,[12  2],54,143,168,89,142
1,<environment.Job instance at 0x153bbf1cef50>,6,1,[7 2],10,11,12,1,11
1,<environment.Job instance at 0x153bbf1cef00>,9,1,[1 5],13,14,15,1,14
1,<environment.Job instance at 0x153bbf1ceaf0>,12,1,[2 5],18,19,20,1,19
1,<environment.Job instance at 0x153bbf1ce550>,8,2,[2 6],12,19,21,7,19
1,<environment.Job instance at 0x153bbf4293c0>,15,1,[5 1],21,21,22,0,21
1,<environment.Job instance at 0x153bbf429d70>,17,12,[9 2],24,24,36,0,24
1,<environment.Job instance at 0x153bbf429050>,26,1,[8 2],34,36,37,2,35
1,<environment.Job instance at 0x153bbf404e10>,29,2,[ 1 10],40,40,42,0,40
1,<environment.Job instance at 0x153bbf4041e0>,30,3,[11  2],41,41,44,0,41
1,<environment.Job instance at 0x153bbf404820>,31,3,[ 2 10],42,42,45,0,42
1,<environment.Job instance at 0x153bbf404fa0>,32,3,[2 5],43,45,48,2,45
1,<environment.Job instance at 0x153bbf404c30>,33,1,[8 1],44,45,46,1,45
1,<environment.Job instance at 0x153bbf404320>,34,3,[5 2],46,46,49,0,46
1,<environment.Job instance at 0x153bbf404050>,35,15,[9 2],47,48,63,1,47
1,<environment.Job instance at 0x153bbf404af0>,36,18,[2 6],48,63,81,15,63
1,<environment.Job instance at 0x153bbf4040f0>,37,1,[1 6],49,63,64,14,63
1,<environment.Job instance at 0x153bbf0abcd0>,39,3,[9 1],53,64,67,11,64
1,<environment.Job instance at 0x153bbf0ab550>,38,1,[1 7],50,64,65,14,64
1,<environment.Job instance at 0x153bbf429be0>,22,13,[2 9],30,67,80,37,65
1,<environment.Job instance at 0x153bbf0ab6e0>,40,3,[12  1],54,80,83,26,69
1,<environment.Job instance at 0x153bbf0ab190>,43,3,[7 2],58,83,86,25,70
1,<environment.Job instance at 0x153bbf0abf50>,42,15,[1 6],57,80,95,23,70
1,<environment.Job instance at 0x153bbf0aba50>,44,2,[1 8],59,81,83,22,70
1,<environment.Job instance at 0x153bbf0abaa0>,46,13,[ 1 14],62,95,108,33,86
1,<environment.Job instance at 0x153bbf0fdfa0>,49,2,[7 2],65,111,113,46,111
1,<environment.Job instance at 0x153bbf0fd190>,48,3,[1 9],64,132,135,68,132
1,<environment.Job instance at 0x153bbf0fd870>,54,3,[ 2 10],76,151,154,75,151
1,<environment.Job instance at 0x153bbf0fd640>,56,2,[ 2 10],81,154,156,73,151
1,<environment.Job instance at 0x153bbf101fa0>,60,2,[2 9],85,182,184,97,182
1,<environment.Job instance at 0x153bbf0fd730>,57,3,[5 2],82,216,219,134,216
1,<environment.Job instance at 0x153bbf1016e0>,64,3,[5 2],90,217,220,127,217
1,<environment.Job instance at 0x153bbf101aa0>,65,2,[ 1 10],91,243,245,152,243
1,<environment.Job instance at 0x153bbf101500>,68,1,[2 9],94,247,248,153,247
1,<environment.Job instance at 0x153bbf101d70>,71,14,[10  1],99,247,261,148,247
1,<environment.Job instance at 0x153bbf101050>,72,12,[7 1],100,261,273,161,247
1,<environment.Job instance at 0x153bbf101690>,73,2,[8 2],101,261,263,160,247
1,<environment.Job instance at 0x153bbf101eb0>,74,3,[8 1],102,263,266,161,249
1,<environment.Job instance at 0x153bbf41c140>,77,2,[10  1],105,273,275,168,250
1,<environment.Job instance at 0x153bbf41c3c0>,79,18,[8 1],108,275,293,167,264
1,<environment.Job instance at 0x153bbf101b40>,69,15,[1 7],95,274,289,179,274
1,<environment.Job instance at 0x153bbf41c6e0>,78,3,[ 2 10],107,289,292,182,289
1,<environment.Job instance at 0x153bbf19e910>,14,2,[14  1],20,294,296,274,294
1,<environment.Job instance at 0x153bbf429690>,25,1,[ 2 14],33,325,326,292,325
1,<environment.Job instance at 0x153b9d6e8d70>,7,2,[6 2],13,13,15,0,13
1,<environment.Job instance at 0x153b9d6eb050>,10,1,[ 1 10],17,19,20,2,19
1,<environment.Job instance at 0x153b9d6eb2d0>,9,2,[8 1],16,23,25,7,23
1,<environment.Job instance at 0x153b9d6ebc80>,17,18,[7 2],29,29,47,0,29
1,<environment.Job instance at 0x153b9d6ebc30>,20,2,[7 2],37,37,39,0,37
1,<environment.Job instance at 0x153b9d6ed320>,21,2,[2 5],38,39,41,1,38
1,<environment.Job instance at 0x153b9d6ed4b0>,24,1,[7 2],43,44,45,1,44
1,<environment.Job instance at 0x153b9d6edb40>,28,15,[2 8],48,82,97,34,82
1,<environment.Job instance at 0x153b9d6edeb0>,35,3,[ 1 13],56,97,100,41,85
1,<environment.Job instance at 0x153b9d6edc80>,30,13,[ 1 11],51,148,161,97,148
1,<environment.Job instance at 0x153b9d670870>,48,2,[1 7],74,177,179,103,177
1,<environment.Job instance at 0x153b9d6eda00>,26,2,[ 2 12],46,183,185,137,183
1,<environment.Job instance at 0x153b9d670910>,50,1,[1 6],77,235,236,158,235
1,<environment.Job instance at 0x153b9d6701e0>,37,21,[ 2 13],60,276,297,216,276
1,<environment.Job instance at 0x153b9dee33c0>,18,2,[ 2 12],30,36,38,6,36
1,<environment.Job instance at 0x153b9dd51fa0>,24,2,[1 6],42,144,146,102,144
1,<environment.Job instance at 0x153b9df41500>,46,1,[2 7],74,146,147,72,146
1,<environment.Job instance at 0x153b9df41eb0>,42,16,[1 5],68,148,164,80,148
1,<environment.Job instance at 0x153b9df5adc0>,61,2,[2 5],96,210,212,114,210
1,<environment.Job instance at 0x153b9df415a0>,47,2,[10  2],75,216,218,141,216
1,<environment.Job instance at 0x153b9de13910>,65,3,[8 1],103,256,259,153,256
1,<environment.Job instance at 0x153b9dd4ee10>,21,15,[ 1 11],37,422,437,385,422
1,<environment.Job instance at 0x153b9dd65e10>,4,3,[2 9],7,8,11,1,8
1,<environment.Job instance at 0x153b9dd650f0>,7,2,[1 9],11,12,14,1,12
1,<environment.Job instance at 0x153b9dcfd870>,15,2,[1 7],22,26,28,4,26
1,<environment.Job instance at 0x153b9dc73e60>,21,1,[2 8],30,30,31,0,30
1,<environment.Job instance at 0x153b9dc73140>,23,14,[14  1],32,32,46,0,32
1,<environment.Job instance at 0x153b9dc732d0>,25,3,[10  1],36,46,49,10,36
1,<environment.Job instance at 0x153b9dc734b0>,22,1,[8 2],31,49,50,18,37
1,<environment.Job instance at 0x153b9dc738c0>,28,2,[1 7],41,44,46,3,44
1,<environment.Job instance at 0x153b9dc73820>,26,3,[10  2],37,50,53,13,45
1,<environment.Job instance at 0x153b9dc73fa0>,30,18,[8 2],43,53,71,10,50
1,<environment.Job instance at 0x153b9dc73a50>,32,16,[1 5],45,52,68,7,52
1,<environment.Job instance at 0x153b9dcd8a50>,35,15,[7 2],48,68,83,20,62
1,<environment.Job instance at 0x153b9dcd8640>,37,3,[6 1],50,63,66,13,63
1,<environment.Job instance at 0x153b9dcd8230>,38,2,[1 8],51,66,68,15,66
1,<environment.Job instance at 0x153b9dcd8aa0>,40,2,[2 8],53,71,73,18,67
1,<environment.Job instance at 0x153b9dcd8460>,41,3,[5 2],56,71,74,15,67
1,<environment.Job instance at 0x153b9dcd87d0>,42,1,[6 2],58,74,75,16,71
1,<environment.Job instance at 0x153b9db70b40>,47,2,[10  1],64,83,85,19,71
1,<environment.Job instance at 0x153b9db70190>,48,2,[2 7],66,73,75,7,71
1,<environment.Job instance at 0x153b9dcd8d70>,36,16,[2 8],49,75,91,26,72
1,<environment.Job instance at 0x153b9db70320>,50,1,[2 5],68,75,76,7,74
1,<environment.Job instance at 0x153b9db70690>,49,1,[5 2],67,76,77,9,75
1,<environment.Job instance at 0x153b9dc6ff00>,52,3,[2 5],71,77,80,6,76
1,<environment.Job instance at 0x153b9dc6fc30>,54,2,[5 2],73,80,82,7,76
1,<environment.Job instance at 0x153b9def7f50>,57,1,[7 2],78,85,86,7,81
1,<environment.Job instance at 0x153b9def7870>,59,2,[5 2],80,85,87,5,85
1,<environment.Job instance at 0x153b9dc6f5f0>,53,12,[6 1],72,92,104,20,92
1,<environment.Job instance at 0x153b9def7410>,58,3,[10  2],79,104,107,25,94
1,<environment.Job instance at 0x153b9def7be0>,61,3,[1 7],83,96,99,13,96
1,<environment.Job instance at 0x153b9def7b40>,64,17,[9 2],88,107,124,19,96
1,<environment.Job instance at 0x153b9def7dc0>,65,1,[6 2],89,98,99,9,98
1,<environment.Job instance at 0x153bc09f52d0>,66,2,[1 5],90,98,100,8,98
1,<environment.Job instance at 0x153bc09f5460>,67,1,[1 7],91,99,100,8,99
1,<environment.Job instance at 0x153b9def7280>,62,19,[2 9],86,100,119,14,99
1,<environment.Job instance at 0x153bc09f5aa0>,69,2,[1 5],93,119,121,26,113
1,<environment.Job instance at 0x153bc5f051e0>,72,15,[7 1],97,124,139,27,115
1,<environment.Job instance at 0x153bc09f57d0>,70,1,[1 9],95,121,122,26,116
1,<environment.Job instance at 0x153bc5f05f50>,73,1,[2 6],98,124,125,26,124
1,<environment.Job instance at 0x153bc5f055a0>,76,3,[1 7],103,125,128,22,125
1,<environment.Job instance at 0x153b9db71a50>,78,14,[1 6],105,150,164,45,150
1,<environment.Job instance at 0x153b9db711e0>,77,17,[2 7],104,150,167,46,150
1,<environment.Job instance at 0x153b9db71230>,81,1,[10  1],108,150,151,42,150
1,<environment.Job instance at 0x153b9db717d0>,80,3,[5 1],107,156,159,49,156
1,<environment.Job instance at 0x153b9db71c30>,82,1,[1 8],109,164,165,55,158
1,<environment.Job instance at 0x153b9def7050>,63,13,[12  2],87,196,209,109,196
1,<environment.Job instance at 0x153b9dc737d0>,27,3,[ 2 11],40,239,242,199,239
1,<environment.Job instance at 0x153b9d9178c0>,0,2,[2 6],1,2,4,1,2
1,<environment.Job instance at 0x153bc66966e0>,17,1,[ 2 10],20,62,63,42,62
1,<environment.Job instance at 0x153bc18ad140>,24,23,[1 6],31,70,93,39,70
1,<environment.Job instance at 0x153bc18ad5f0>,23,3,[2 9],30,76,79,46,76
1,<environment.Job instance at 0x153bc18ad320>,26,3,[10  1],37,79,82,42,77
1,<environment.Job instance at 0x153bc6696d20>,18,2,[10  2],22,94,96,72,94
1,<environment.Job instance at 0x153bc18ad3c0>,29,2,[7 1],42,96,98,54,94
1,<environment.Job instance at 0x153bc18ad8c0>,30,18,[2 6],44,100,118,56,100
1,<environment.Job instance at 0x153bc18adaf0>,36,13,[7 2],52,100,113,48,100
1,<environment.Job instance at 0x153bc18ada50>,37,3,[8 1],53,113,116,60,112
1,<environment.Job instance at 0x153bc18ad640>,32,2,[5 1],47,117,119,70,117
1,<environment.Job instance at 0x153b9d85f7d0>,41,1,[1 9],62,119,120,57,119
1,<environment.Job instance at 0x153b9d85f460>,44,1,[5 2],66,122,123,56,122
1,<environment.Job instance at 0x153bc189d410>,48,3,[10  2],73,140,143,67,140
1,<environment.Job instance at 0x153bc189deb0>,46,2,[ 1 10],70,145,147,75,145
1,<environment.Job instance at 0x153bc189d5a0>,53,3,[10  2],84,164,167,80,164
1,<environment.Job instance at 0x153bc189da00>,50,3,[1 9],78,164,167,86,164
1,<environment.Job instance at 0x153bc189dc80>,56,2,[7 2],90,167,169,77,166
1,<environment.Job instance at 0x153bc660be60>,58,3,[9 1],92,169,172,77,169
1,<environment.Job instance at 0x153bc660b690>,59,14,[2 8],93,171,185,78,171
1,<environment.Job instance at 0x153bc660b9b0>,61,27,[1 7],95,172,199,77,171
1,<environment.Job instance at 0x153bc189de10>,55,1,[2 8],89,185,186,96,176
1,<environment.Job instance at 0x153bc660bb90>,62,21,[1 8],96,193,214,97,193
1,<environment.Job instance at 0x153bc660bf00>,65,2,[ 1 10],100,277,279,177,277
1,<environment.Job instance at 0x153bc6696730>,16,25,[12  1],19,278,303,259,278
1,<environment.Job instance at 0x153bc14867d0>,3,2,[1 8],7,8,10,1,8
1,<environment.Job instance at 0x153bc14a5b90>,9,3,[6 2],17,20,23,3,20
1,<environment.Job instance at 0x153b9d371dc0>,11,3,[1 9],21,25,28,4,25
1,<environment.Job instance at 0x153bc18ad960>,15,13,[13  2],27,28,41,1,28
1,<environment.Job instance at 0x153bc14a52d0>,10,1,[8 1],19,41,42,22,33
1,<environment.Job instance at 0x153b9d359690>,20,1,[8 1],35,42,43,7,36
1,<environment.Job instance at 0x153bc148bf50>,23,18,[5 1],38,41,59,3,38
1,<environment.Job instance at 0x153bc148bfa0>,21,28,[5 1],36,43,71,7,43
1,<environment.Job instance at 0x153b9d998960>,31,3,[1 5],47,47,50,0,47
1,<environment.Job instance at 0x153bc15877d0>,27,17,[9 2],43,59,76,16,48
1,<environment.Job instance at 0x153b9d980d20>,35,2,[5 1],51,51,53,0,51
1,<environment.Job instance at 0x153b9d70e370>,36,1,[6 2],56,71,72,15,56
1,<environment.Job instance at 0x153b9d9ae050>,43,17,[2 8],66,72,89,6,69
1,<environment.Job instance at 0x153b9ded57d0>,45,16,[8 1],70,76,92,6,71
1,<environment.Job instance at 0x153b9debee10>,55,3,[9 2],83,92,95,9,85
1,<environment.Job instance at 0x153b9debe500>,57,2,[1 8],85,89,91,4,85
1,<environment.Job instance at 0x153b9df1d6e0>,59,1,[ 1 10],89,91,92,2,89
1,<environment.Job instance at 0x153b9d64eaf0>,46,16,[1 6],71,100,116,29,100
1,<environment.Job instance at 0x153b9df1d3c0>,60,19,[2 5],90,132,151,42,132
1,<environment.Job instance at 0x153b9df1dbe0>,63,2,[6 2],93,132,134,39,132
1,<environment.Job instance at 0x153b9df15d20>,75,14,[8 2],107,137,151,30,137
1,<environment.Job instance at 0x153b9d642d70>,71,1,[6 2],103,151,152,48,142
1,<environment.Job instance at 0x153b9df069b0>,76,2,[1 9],109,151,153,42,142
1,<environment.Job instance at 0x153bc14a51e0>,8,1,[ 1 12],16,153,154,137,148
1,<environment.Job instance at 0x153b9d9157d0>,6,17,[10  1],10,10,27,0,10
1,<environment.Job instance at 0x153b9d4dba00>,13,15,[7 2],19,27,42,8,19
1,<environment.Job instance at 0x153b9d4ded70>,14,15,[6 1],20,30,45,10,30
1,<environment.Job instance at 0x153bc0b63050>,12,3,[2 7],18,34,37,16,34
1,<environment.Job instance at 0x153bc0a70aa0>,18,14,[2 6],25,60,74,35,60
1,<environment.Job instance at 0x153bc17baaa0>,36,2,[ 1 10],48,74,76,26,64
1,<environment.Job instance at 0x153bc0a642d0>,49,13,[2 9],63,178,191,115,178
1,<environment.Job instance at 0x153bc17ba410>,39,1,[8 2],53,181,182,128,181
1,<environment.Job instance at 0x153b9d66b730>,60,3,[2 7],76,191,194,115,187
1,<environment.Job instance at 0x153b9dade780>,68,22,[8 1],85,199,221,114,199
1,<environment.Job instance at 0x153bc1898b40>,65,3,[2 8],81,266,269,185,266
1,<environment.Job instance at 0x153bc6592a00>,71,3,[2 5],89,290,293,201,290
1,<environment.Job instance at 0x153bc6592d70>,74,2,[2 9],92,295,297,203,295
1,<environment.Job instance at 0x153bc6592410>,76,18,[6 1],95,297,315,202,297
1,<environment.Job instance at 0x153bc6592f50>,75,2,[2 7],93,304,306,211,304
1,<environment.Job instance at 0x153bc17bac30>,38,17,[12  1],50,315,332,265,304
1,<environment.Job instance at 0x153bc6592550>,77,15,[2 9],96,306,321,210,305
1,<environment.Job instance at 0x153bc6592820>,78,2,[10  1],97,332,334,235,305
1,<environment.Job instance at 0x153b9d649e60>,59,1,[13  1],75,334,335,259,314
1,<environment.Job instance at 0x153bc6592b90>,82,1,[6 1],102,335,336,233,315
1,<environment.Job instance at 0x153bc5c9d460>,85,1,[8 1],107,335,336,228,315
1,<environment.Job instance at 0x153bc65990a0>,80,1,[ 1 14],100,321,322,221,317
1,<environment.Job instance at 0x153bc6592d20>,73,3,[7 2],91,336,339,245,317
1,<environment.Job instance at 0x153bc65675f0>,83,2,[9 1],104,339,341,235,323
1,<environment.Job instance at 0x153bc186efa0>,1,3,[1 8],3,8,11,5,8
1,<environment.Job instance at 0x153bc148b820>,4,1,[6 1],7,10,11,3,10
1,<environment.Job instance at 0x153bc0a7c910>,0,3,[ 2 14],2,11,14,9,10
1,<environment.Job instance at 0x153bc148b4b0>,6,17,[1 7],10,14,31,4,11
1,<environment.Job instance at 0x153bc148b190>,11,27,[5 1],20,23,50,3,23
1,<environment.Job instance at 0x153bc148b780>,13,2,[1 9],22,31,33,9,27
1,<environment.Job instance at 0x153bc148bf00>,17,2,[10  2],27,33,35,6,27
1,<environment.Job instance at 0x153b9d66a140>,23,12,[5 2],37,37,49,0,37
1,<environment.Job instance at 0x153bc045dfa0>,21,3,[2 5],34,45,48,11,45
1,<environment.Job instance at 0x153b9d66a7d0>,28,1,[1 9],44,48,49,4,48
1,<environment.Job instance at 0x153b9d66a460>,29,1,[8 2],47,77,78,30,77
1,<environment.Job instance at 0x153b9d4da3c0>,34,13,[7 2],54,119,132,65,119
1,<environment.Job instance at 0x153b9d4da0a0>,35,3,[6 2],56,156,159,100,156
1,<environment.Job instance at 0x153b9d4da690>,36,2,[12  1],57,309,311,252,309
1,<environment.Job instance at 0x153b9d4dae60>,40,1,[8 1],62,334,335,272,334
1,<environment.Job instance at 0x153b9d4da320>,42,14,[9 1],64,389,403,325,389
1,<environment.Job instance at 0x153b9d4dab40>,45,2,[ 1 10],68,429,431,361,429
1,<environment.Job instance at 0x153b9d4dad20>,44,1,[6 2],67,439,440,372,439
1,<environment.Job instance at 0x153bc7c5ae10>,50,2,[8 2],80,488,490,408,488
1,<environment.Job instance at 0x153b9d4da8c0>,47,3,[9 2],71,602,605,531,602
1,<environment.Job instance at 0x153bc18ad7d0>,55,3,[2 8],88,602,605,514,602
1,<environment.Job instance at 0x153bc18add20>,56,1,[1 8],90,642,643,552,642
1,<environment.Job instance at 0x153b9ded1690>,59,15,[10  1],93,665,680,572,665
1,<environment.Job instance at 0x153b9ded1870>,60,28,[5 2],94,707,735,613,707
1,<environment.Job instance at 0x153bc18ad1e0>,54,2,[ 1 11],87,750,752,663,750
1,<environment.Job instance at 0x153b9ded1a00>,61,1,[8 2],95,783,784,688,783
1,<environment.Job instance at 0x153bc148b5a0>,12,15,[14  1],21,812,827,791,812
1,<environment.Job instance at 0x153b9ded10f0>,67,1,[7 2],102,827,828,725,821
1,<environment.Job instance at 0x153b9ded1fa0>,65,2,[2 6],99,831,833,732,831
1,<environment.Job instance at 0x153b9ded1eb0>,63,3,[ 2 14],97,860,863,763,860
1,<environment.Job instance at 0x153b9d4da140>,33,26,[ 2 13],53,972,998,919,972
1,<environment.Job instance at 0x153b9d62fb40>,3,3,[5 2],4,4,7,0,4
1,<environment.Job instance at 0x153b9d62ff50>,8,26,[1 6],11,11,37,0,11
1,<environment.Job instance at 0x153b9d62f320>,7,2,[1 7],8,12,14,4,12
1,<environment.Job instance at 0x153b9d62f1e0>,6,1,[9 2],7,13,14,6,13
1,<environment.Job instance at 0x153b9d4e0d20>,13,1,[5 2],18,26,27,8,26
1,<environment.Job instance at 0x153b9d806cd0>,19,3,[5 1],26,26,29,0,26
1,<environment.Job instance at 0x153b9d4e0640>,14,1,[8 2],19,27,28,8,26
1,<environment.Job instance at 0x153bc0b1f140>,22,20,[8 1],30,37,57,7,37
1,<environment.Job instance at 0x153bc0b1fcd0>,23,2,[7 1],31,55,57,24,55
1,<environment.Job instance at 0x153bc0b1fc30>,24,3,[9 1],36,74,77,38,74
1,<environment.Job instance at 0x153bc0b1fd20>,31,13,[ 2 11],50,80,93,30,80
1,<environment.Job instance at 0x153bc1895140>,35,12,[7 2],56,90,102,34,90
1,<environment.Job instance at 0x153bc1895aa0>,37,2,[5 2],63,92,94,29,92
1,<environment.Job instance at 0x153bc1895f50>,36,15,[ 2 10],62,95,110,33,95
1,<environment.Job instance at 0x153bc18956e0>,39,2,[5 2],66,100,102,34,100
1,<environment.Job instance at 0x153bc0b1f730>,30,3,[11  1],49,102,105,53,101
1,<environment.Job instance at 0x153bc1895370>,41,1,[6 2],68,105,106,37,101
1,<environment.Job instance at 0x153bc1895a50>,38,2,[7 2],64,105,107,41,105
1,<environment.Job instance at 0x153bc18951e0>,44,2,[5 2],71,121,123,50,121
1,<environment.Job instance at 0x153bc18953c0>,45,21,[5 1],72,125,146,53,125
1,<environment.Job instance at 0x153bc1895640>,48,1,[ 2 10],76,128,129,52,128
1,<environment.Job instance at 0x153bc18955f0>,47,3,[8 2],75,130,133,55,130
1,<environment.Job instance at 0x153bc0a34d20>,52,2,[1 8],81,132,134,51,132
1,<environment.Job instance at 0x153bc0a34460>,55,2,[2 7],86,134,136,48,132
1,<environment.Job instance at 0x153bc1895dc0>,50,2,[8 1],78,133,135,55,132
1,<environment.Job instance at 0x153bc0a34e10>,56,22,[ 2 10],87,136,158,49,132
1,<environment.Job instance at 0x153bc0a34dc0>,58,2,[1 7],89,158,160,69,134
1,<environment.Job instance at 0x153bc0b1f4b0>,21,3,[12  1],29,146,149,117,134
1,<environment.Job instance at 0x153bc0a34eb0>,60,2,[6 2],91,135,137,44,134
1,<environment.Job instance at 0x153b9da395a0>,68,2,[10  2],103,149,151,46,137
1,<environment.Job instance at 0x153b9da39a50>,71,1,[6 1],106,141,142,35,141
1,<environment.Job instance at 0x153bc0a34500>,57,2,[10  2],88,151,153,63,141
1,<environment.Job instance at 0x153bc1895e60>,42,2,[ 1 12],69,160,162,91,153
1,<environment.Job instance at 0x153b9d8f4780>,14,27,[1 9],23,29,56,6,29
1,<environment.Job instance at 0x153b9d8f4c30>,17,12,[2 8],28,56,68,28,47
1,<environment.Job instance at 0x153bc18ab190>,33,16,[1 6],52,53,69,1,53
1,<environment.Job instance at 0x153bc18ab690>,34,15,[10  2],53,68,83,15,60
1,<environment.Job instance at 0x153bbc0affa0>,35,2,[5 1],55,64,66,9,64
1,<environment.Job instance at 0x153bbec283c0>,43,3,[9 1],66,83,86,17,66
1,<environment.Job instance at 0x153bbec28b40>,46,16,[9 2],70,93,109,23,93
1,<environment.Job instance at 0x153bbec28140>,47,3,[ 2 10],71,204,207,133,204
1,<environment.Job instance at 0x153b9d669640>,53,1,[1 8],80,297,298,217,297
1,<environment.Job instance at 0x153bc08d8d70>,58,1,[10  1],86,298,299,212,298
1,<environment.Job instance at 0x153bc09bf280>,60,2,[6 2],89,320,322,231,320
1,<environment.Job instance at 0x153bc0bb0550>,64,1,[10  1],93,324,325,231,324
1,<environment.Job instance at 0x153b9d8f8fa0>,62,3,[2 9],91,374,377,283,374
1,<environment.Job instance at 0x153b9d612960>,69,26,[8 1],98,380,406,282,380
1,<environment.Job instance at 0x153b9d612d70>,71,2,[8 1],100,406,408,306,380
1,<environment.Job instance at 0x153b9d612780>,72,27,[6 1],101,389,416,288,389
1,<environment.Job instance at 0x153b9d612c30>,73,21,[9 2],102,412,433,310,412
1,<environment.Job instance at 0x153b9d612c80>,76,2,[2 9],105,428,430,323,428
1,<environment.Job instance at 0x153b9d6124b0>,75,16,[5 2],104,498,514,394,498
1,<environment.Job instance at 0x153b9d60bb40>,78,3,[7 2],108,525,528,417,525
1,<environment.Job instance at 0x153b9d60bf00>,79,17,[ 2 10],109,536,553,427,536
1,<environment.Job instance at 0x153b9d8fa0a0>,6,3,[ 2 13],12,831,834,819,831
1,<environment.Job instance at 0x153b9d786f00>,45,20,[ 2 11],68,927,947,859,927
1,<environment.Job instance at 0x153b9d83d640>,0,1,[1 8],2,4,5,2,4
1,<environment.Job instance at 0x153b9d762370>,2,1,[6 1],5,6,7,1,6
1,<environment.Job instance at 0x153b9d762820>,6,1,[6 1],11,12,13,1,12
1,<environment.Job instance at 0x153b9d762550>,9,17,[1 8],15,16,33,1,16
1,<environment.Job instance at 0x153b9d762b40>,12,2,[1 8],19,33,35,14,25
1,<environment.Job instance at 0x153b9dcfabe0>,11,16,[2 7],17,28,44,11,28
1,<environment.Job instance at 0x153b9dcfa410>,25,2,[12  1],35,52,54,17,52
1,<environment.Job instance at 0x153b9dcfa1e0>,14,1,[1 5],21,56,57,35,56
1,<environment.Job instance at 0x153bc0c14230>,27,1,[2 8],37,62,63,25,62
1,<environment.Job instance at 0x153b9dcfaaf0>,21,2,[2 6],29,62,64,33,62
1,<environment.Job instance at 0x153bc0c144b0>,29,12,[2 9],39,67,79,28,67
1,<environment.Job instance at 0x153bc0c140f0>,32,2,[1 8],43,79,81,36,78
1,<environment.Job instance at 0x153bc0c14140>,35,3,[1 5],48,79,82,31,79
1,<environment.Job instance at 0x153bc0c14e10>,36,1,[10  1],49,83,84,34,83
1,<environment.Job instance at 0x153bc0c14fa0>,38,16,[7 1],51,127,143,76,127
1,<environment.Job instance at 0x153bc3d55af0>,43,1,[1 6],56,128,129,72,128
1,<environment.Job instance at 0x153bc3d555f0>,45,3,[1 9],58,137,140,79,137
1,<environment.Job instance at 0x153bc3d554b0>,48,2,[7 1],66,144,146,78,144
1,<environment.Job instance at 0x153bc5ca1910>,51,2,[2 5],69,145,147,76,145
1,<environment.Job instance at 0x153bc3d551e0>,47,15,[6 1],65,145,160,80,145
1,<environment.Job instance at 0x153bc5ca1aa0>,52,3,[9 1],70,148,151,78,148
1,<environment.Job instance at 0x153bc5ca13c0>,53,16,[2 5],71,151,167,80,151
1,<environment.Job instance at 0x153bc5ca15f0>,50,1,[ 2 13],68,168,169,100,168
1,<environment.Job instance at 0x153bc5ca1280>,54,1,[5 1],72,168,169,96,168
1,<environment.Job instance at 0x153bc5ca1320>,56,2,[1 7],74,175,177,101,175
1,<environment.Job instance at 0x153bc5ca1a50>,58,3,[5 2],78,176,179,98,176
1,<environment.Job instance at 0x153b9d8fa780>,59,15,[8 1],79,194,209,115,194
1,<environment.Job instance at 0x153bbf404d20>,65,1,[7 2],92,196,197,104,196
1,<environment.Job instance at 0x153bbf4045a0>,66,1,[2 8],93,197,198,104,197
1,<environment.Job instance at 0x153bc185da50>,72,3,[1 9],101,205,208,104,205
1,<environment.Job instance at 0x153bc1893eb0>,75,1,[1 8],105,212,213,107,212
1,<environment.Job instance at 0x153bc045d550>,76,1,[10  2],109,215,216,106,215
1,<environment.Job instance at 0x153b9d786f00>,3,28,[14  1],8,233,261,225,233
1,<environment.Job instance at 0x153b9d762280>,10,2,[11  2],16,277,279,261,277
1,<environment.Job instance at 0x153bc5c3c320>,10,3,[6 2],16,16,19,0,16
1,<environment.Job instance at 0x153bc5c3cbe0>,9,1,[1 9],15,16,17,1,16
1,<environment.Job instance at 0x153bc5c3c190>,5,2,[ 2 13],9,17,19,8,16
1,<environment.Job instance at 0x153bc5c3c960>,13,1,[1 5],20,30,31,10,30
1,<environment.Job instance at 0x153bc5c3cc80>,14,2,[2 8],21,58,60,37,58
1,<environment.Job instance at 0x153bc5c3ca00>,16,3,[2 5],25,61,64,36,61
1,<environment.Job instance at 0x153bc18a6320>,21,3,[2 7],32,77,80,45,77
1,<environment.Job instance at 0x153bc18a6e60>,29,25,[9 1],43,82,107,39,82
1,<environment.Job instance at 0x153bc18a67d0>,34,3,[2 6],49,95,98,46,95
1,<environment.Job instance at 0x153bc18a6370>,35,2,[8 1],50,107,109,57,103
1,<environment.Job instance at 0x153bc14e1d70>,37,1,[9 1],52,109,110,57,104
1,<environment.Job instance at 0x153bc14e1050>,39,3,[10  2],57,110,113,53,107
1,<environment.Job instance at 0x153bc18a6be0>,30,3,[2 7],44,118,121,74,118
1,<environment.Job instance at 0x153bc14e1b90>,41,2,[ 1 14],60,123,125,63,123
1,<environment.Job instance at 0x153bc14e13c0>,44,15,[6 1],63,126,141,63,126
1,<environment.Job instance at 0x153bc5bf6190>,53,2,[1 7],74,137,139,63,137
1,<environment.Job instance at 0x153bc14e1730>,45,1,[2 5],64,139,140,75,139
1,<environment.Job instance at 0x153bc1893230>,59,14,[5 2],84,142,156,58,142
1,<environment.Job instance at 0x153bc5bf6c30>,54,3,[2 9],75,163,166,88,163
1,<environment.Job instance at 0x153b9ddbb4b0>,60,1,[ 1 10],85,222,223,137,222
1,<environment.Job instance at 0x153bc0a345f0>,71,1,[10  2],105,261,262,156,261
1,<environment.Job instance at 0x153bc5c3ce60>,11,16,[ 1 11],17,404,420,387,404
1,<environment.Job instance at 0x153b9dd41aa0>,70,1,[ 1 12],104,420,421,316,410
1,<environment.Job instance at 0x153b9ddec050>,3,1,[12  2],5,5,6,0,5
1,<environment.Job instance at 0x153b9ddeca00>,2,2,[13  1],4,7,9,3,7
1,<environment.Job instance at 0x153bc1889e10>,4,1,[5 1],6,13,14,7,13
1,<environment.Job instance at 0x153b9dd4b690>,10,2,[2 8],20,27,29,7,27
1,<environment.Job instance at 0x153b9dd4bbe0>,12,2,[2 6],24,27,29,3,27
1,<environment.Job instance at 0x153b9d577eb0>,16,3,[9 1],29,29,32,0,29
1,<environment.Job instance at 0x153bc5c52fa0>,14,12,[2 9],27,30,42,3,30
1,<environment.Job instance at 0x153bc15349b0>,27,3,[ 2 10],42,42,45,0,42
1,<environment.Job instance at 0x153bc1534e60>,29,1,[8 1],46,47,48,1,47
1,<environment.Job instance at 0x153bc1534820>,30,3,[1 6],47,50,53,3,50
1,<environment.Job instance at 0x153b9deab910>,34,1,[ 1 13],51,53,54,2,51
1,<environment.Job instance at 0x153bc154c8c0>,36,1,[5 2],53,55,56,2,55
1,<environment.Job instance at 0x153bc154c870>,37,12,[2 9],54,57,69,3,57
1,<environment.Job instance at 0x153b9deab190>,35,12,[ 1 14],52,69,81,17,65
1,<environment.Job instance at 0x153bc18699b0>,40,2,[1 6],65,66,68,1,66
1,<environment.Job instance at 0x153bbf197320>,42,1,[6 1],67,68,69,1,67
1,<environment.Job instance at 0x153bbf197be0>,44,1,[6 1],70,71,72,1,71
1,<environment.Job instance at 0x153bc09e45f0>,38,1,[11  1],63,72,73,9,71
1,<environment.Job instance at 0x153b9d625500>,49,3,[1 7],75,81,84,6,75
1,<environment.Job instance at 0x153bc0bb8050>,48,3,[5 1],74,77,80,3,77
1,<environment.Job instance at 0x153bc1560b40>,56,1,[1 8],88,89,90,1,89
1,<environment.Job instance at 0x153bc1560e60>,57,12,[7 2],89,90,102,1,90
1,<environment.Job instance at 0x153bc1560280>,65,17,[8 1],99,99,116,0,99
1,<environment.Job instance at 0x153bc15411e0>,72,2,[1 7],109,109,111,0,109
1,<environment.Job instance at 0x153bc7bea640>,3,2,[6 1],4,6,8,2,6
1,<environment.Job instance at 0x153b9d7d8730>,12,3,[2 5],14,16,19,2,16
1,<environment.Job instance at 0x153b9d7d86e0>,15,3,[1 8],18,18,21,0,18
1,<environment.Job instance at 0x153b9d7d8be0>,17,3,[1 9],21,21,24,0,21
1,<environment.Job instance at 0x153b9d7d8b40>,19,12,[6 1],23,26,38,3,26
1,<environment.Job instance at 0x153b9d7bb050>,22,2,[1 7],26,26,28,0,26
1,<environment.Job instance at 0x153b9d7bb0f0>,24,14,[ 2 10],28,35,49,7,35
1,<environment.Job instance at 0x153b9d7bbbe0>,29,1,[2 5],35,38,39,3,35
1,<environment.Job instance at 0x153b9d7bbb90>,31,2,[2 8],40,49,51,9,41
1,<environment.Job instance at 0x153b9d7d8960>,14,17,[12  1],17,41,58,24,41
1,<environment.Job instance at 0x153b9d7c28c0>,40,2,[8 2],51,58,60,7,51
1,<environment.Job instance at 0x153b9d7c2b90>,41,2,[8 1],52,60,62,8,52
1,<environment.Job instance at 0x153b9d7c2690>,36,3,[8 1],47,62,65,15,54
1,<environment.Job instance at 0x153b9d7c2c30>,44,3,[ 2 10],57,57,60,0,57
1,<environment.Job instance at 0x153b9d7c34b0>,57,1,[5 2],73,141,142,68,141
1,<environment.Job instance at 0x153b9d7c35a0>,53,18,[8 2],69,151,169,82,151
1,<environment.Job instance at 0x153b9d7c30f0>,47,16,[5 1],61,174,190,113,174
1,<environment.Job instance at 0x153b9d7c3c80>,64,17,[11  2],82,244,261,162,244
1,<environment.Job instance at 0x153b9d7d10f0>,69,2,[9 1],89,466,468,377,466
1,<environment.Job instance at 0x153b9d7d1870>,77,3,[10  1],99,536,539,437,536
1,<environment.Job instance at 0x153b9d7d1aa0>,81,3,[7 1],103,565,568,462,565
1,<environment.Job instance at 0x153b9d7d1cd0>,82,1,[8 2],104,588,589,484,588
1,<environment.Job instance at 0x153b9d7d1d20>,85,2,[8 2],108,801,803,693,801
1,<environment.Job instance at 0x153b9d7d1eb0>,86,13,[6 1],109,839,852,730,839
1,<environment.Job instance at 0x153b9d7d16e0>,79,18,[1 9],101,1017,1035,916,1017
1,<environment.Job instance at 0x153b9d7c2fa0>,45,12,[ 2 11],58,1071,1083,1013,1071
1,<environment.Job instance at 0x153b9d7d1550>,75,18,[ 1 14],97,1250,1268,1153,1250
1,<environment.Job instance at 0x153b9d7d1690>,2,2,[10  1],4,5,7,1,5
1,<environment.Job instance at 0x153bbf0c70f0>,10,17,[5 2],20,22,39,2,22
1,<environment.Job instance at 0x153bc65fdc80>,18,3,[1 7],33,65,68,32,65
1,<environment.Job instance at 0x153bc65fd320>,27,1,[9 2],43,70,71,27,70
1,<environment.Job instance at 0x153bc65fd2d0>,26,3,[2 9],42,71,74,29,71
1,<environment.Job instance at 0x153bc65fd050>,28,1,[7 2],45,94,95,49,94
1,<environment.Job instance at 0x153b9da0aaf0>,34,1,[1 7],52,210,211,158,210
1,<environment.Job instance at 0x153b9da0a5f0>,39,3,[ 1 10],59,551,554,492,551
1,<environment.Job instance at 0x153bc0996870>,49,3,[ 1 10],74,555,558,481,555
1,<environment.Job instance at 0x153bc09406e0>,50,1,[9 2],75,563,564,488,563
1,<environment.Job instance at 0x153bc0940a00>,51,1,[7 2],76,643,644,567,643
1,<environment.Job instance at 0x153bc0940960>,54,2,[1 7],81,670,672,589,670
1,<environment.Job instance at 0x153bc0940820>,55,2,[2 6],82,717,719,635,717
1,<environment.Job instance at 0x153bc0940730>,56,3,[6 1],84,783,786,699,783
1,<environment.Job instance at 0x153bc09400a0>,53,3,[14  2],78,854,857,776,854
1,<environment.Job instance at 0x153bc0940be0>,58,2,[5 1],87,884,886,797,884
1,<environment.Job instance at 0x153bc0940c80>,59,3,[6 1],88,910,913,822,910
1,<environment.Job instance at 0x153bc0940af0>,60,1,[10  1],89,913,914,824,912
1,<environment.Job instance at 0x153bbc0b65f0>,62,3,[ 2 10],91,1101,1104,1010,1101
1,<environment.Job instance at 0x153bbc0b6cd0>,64,1,[9 2],94,1150,1151,1056,1150
1,<environment.Job instance at 0x153bc0940140>,57,16,[ 2 10],85,1252,1268,1167,1252
1,<environment.Job instance at 0x153b9d7eef50>,66,3,[2 5],96,1296,1299,1200,1296
1,<environment.Job instance at 0x153bc7ff3b40>,65,3,[2 9],95,1305,1308,1210,1305
1,<environment.Job instance at 0x153bc7ff38c0>,67,3,[1 7],97,1643,1646,1546,1643
1,<environment.Job instance at 0x153b9d5b0d70>,71,2,[1 5],101,1673,1675,1572,1673
1,<environment.Job instance at 0x153b9d5b00f0>,72,12,[5 1],102,1725,1737,1623,1725
1,<environment.Job instance at 0x153bc5c56fa0>,76,1,[6 1],109,1892,1893,1783,1892
1,<environment.Job instance at 0x153bbf0c73c0>,13,19,[ 2 14],25,2371,2390,2346,2371
1,<environment.Job instance at 0x153b9da0a690>,36,13,[ 2 11],55,2440,2453,2385,2440
1,<environment.Job instance at 0x153bc86c84b0>,12,12,[5 2],19,20,32,1,20
1,<environment.Job instance at 0x153bc86c8320>,13,1,[1 9],20,20,21,0,20
1,<environment.Job instance at 0x153bc5c8c7d0>,17,3,[2 9],24,24,27,0,24
1,<environment.Job instance at 0x153b9df4daf0>,21,25,[1 7],29,31,56,2,31
1,<environment.Job instance at 0x153bc0a10820>,15,26,[2 7],22,37,63,15,37
1,<environment.Job instance at 0x153b9ddcd500>,31,3,[10  1],42,42,45,0,42
1,<environment.Job instance at 0x153b9ddcdeb0>,34,17,[7 2],46,56,73,10,48
1,<environment.Job instance at 0x153bc3d46af0>,35,13,[2 5],47,56,69,9,48
1,<environment.Job instance at 0x153bc5c06be0>,37,16,[6 1],50,63,79,13,51
1,<environment.Job instance at 0x153b9dd36fa0>,38,1,[ 1 10],52,69,70,17,60
1,<environment.Job instance at 0x153b9dd93eb0>,42,1,[10  1],59,79,80,20,61
1,<environment.Job instance at 0x153bc0a8a730>,43,3,[8 1],60,73,76,13,62
1,<environment.Job instance at 0x153bc0a8a2d0>,44,2,[8 1],61,76,78,15,62
1,<environment.Job instance at 0x153bc5cb2eb0>,40,1,[8 2],56,78,79,22,62
1,<environment.Job instance at 0x153b9d462b90>,45,1,[5 2],62,79,80,17,68
1,<environment.Job instance at 0x153bc098e5f0>,51,1,[8 2],69,80,81,11,70
1,<environment.Job instance at 0x153b9d9217d0>,53,1,[10  1],71,81,82,10,72
1,<environment.Job instance at 0x153b9ddcd550>,30,1,[14  1],41,82,83,41,73
1,<environment.Job instance at 0x153b9da3d3c0>,56,3,[2 5],74,83,86,9,74
1,<environment.Job instance at 0x153bc660a870>,58,2,[7 1],76,83,85,7,76
1,<environment.Job instance at 0x153b9d70ec80>,61,3,[ 1 11],81,86,89,5,85
1,<environment.Job instance at 0x153b9da658c0>,63,2,[2 5],83,90,92,7,90
1,<environment.Job instance at 0x153bc158aa50>,73,15,[8 2],96,97,112,1,97
1,<environment.Job instance at 0x153bc664e500>,79,18,[5 2],103,106,124,3,106
1,<environment.Job instance at 0x153b9dd139b0>,83,14,[10  1],109,112,126,3,110
1,<environment.Job instance at 0x153b9dd13230>,81,16,[1 6],106,124,140,18,121
1,<environment.Job instance at 0x153bc5c5d370>,1,2,[8 1],3,3,5,0,3
1,<environment.Job instance at 0x153b9dd13230>,5,2,[2 7],9,9,11,0,9
1,<environment.Job instance at 0x153bc15925f0>,2,3,[9 1],4,10,13,6,10
1,<environment.Job instance at 0x153bc17dbd20>,14,1,[5 1],19,20,21,1,20
1,<environment.Job instance at 0x153bc17dbe60>,16,3,[7 1],21,32,35,11,32
1,<environment.Job instance at 0x153bc17d0d70>,22,3,[1 5],32,33,36,1,33
1,<environment.Job instance at 0x153bc17d0550>,23,2,[5 2],33,37,39,4,37
1,<environment.Job instance at 0x153bc17dba50>,12,1,[8 2],17,41,42,24,41
1,<environment.Job instance at 0x153bc17d0960>,26,2,[2 8],37,46,48,9,46
1,<environment.Job instance at 0x153bc17d0640>,27,12,[9 1],38,46,58,8,46
1,<environment.Job instance at 0x153bc17c0190>,32,2,[5 2],45,50,52,5,50
1,<environment.Job instance at 0x153bc17c0370>,33,2,[8 1],46,58,60,12,50
1,<environment.Job instance at 0x153bc17c02d0>,34,2,[8 1],47,305,307,258,305
1,<environment.Job instance at 0x153bc17c0b90>,42,2,[ 1 13],55,308,310,253,308
1,<environment.Job instance at 0x153bc17cd280>,47,3,[5 2],60,322,325,262,322
1,<environment.Job instance at 0x153bc17cd0a0>,48,17,[6 2],64,333,350,269,333
1,<environment.Job instance at 0x153bc17cd5a0>,52,2,[11  1],68,350,352,282,350
1,<environment.Job instance at 0x153bc17b80a0>,70,3,[7 1],94,681,684,587,681
1,<environment.Job instance at 0x153bc17cd3c0>,49,3,[5 2],65,892,895,827,892
1,<environment.Job instance at 0x153bbec9d690>,75,1,[1 5],100,1106,1107,1006,1106
1,<environment.Job instance at 0x153bbec767d0>,76,3,[2 8],101,1122,1125,1021,1122
1,<environment.Job instance at 0x153bbec76870>,77,12,[7 2],102,1743,1755,1641,1743
1,<environment.Job instance at 0x153b9db73640>,78,1,[2 5],104,1753,1754,1649,1753
1,<environment.Job instance at 0x153bc5c18f50>,79,17,[ 1 10],106,1874,1891,1768,1874
1,<environment.Job instance at 0x153bc17c1b40>,2,12,[9 1],3,4,16,1,4
1,<environment.Job instance at 0x153bc17c10f0>,5,2,[1 6],9,10,12,1,10
1,<environment.Job instance at 0x153b9db7b190>,9,2,[10  1],17,17,19,0,17
1,<environment.Job instance at 0x153bc17c1820>,7,3,[9 2],14,21,24,7,21
1,<environment.Job instance at 0x153b9d3e7b90>,17,12,[6 1],30,30,42,0,30
1,<environment.Job instance at 0x153b9db9ed20>,25,18,[1 7],42,43,61,1,43
1,<environment.Job instance at 0x153b9db9e820>,24,14,[10  1],41,49,63,8,49
1,<environment.Job instance at 0x153b9db9e2d0>,27,2,[1 5],44,49,51,5,49
1,<environment.Job instance at 0x153b9d469190>,33,1,[6 2],53,63,64,10,58
1,<environment.Job instance at 0x153b9d469910>,31,1,[7 1],51,63,64,12,58
1,<environment.Job instance at 0x153b9d441aa0>,46,2,[14  2],74,91,93,17,91
1,<environment.Job instance at 0x153b9d4417d0>,39,3,[1 9],64,92,95,28,92
1,<environment.Job instance at 0x153bbec9de10>,49,2,[6 2],77,93,95,16,93
1,<environment.Job instance at 0x153bbec9d7d0>,50,13,[6 1],78,93,106,15,93
1,<environment.Job instance at 0x153bbec9daf0>,51,2,[1 9],79,95,97,16,93
1,<environment.Job instance at 0x153bbec9d3c0>,52,3,[6 2],80,95,98,15,93
1,<environment.Job instance at 0x153bbec9d730>,53,3,[5 2],82,98,101,16,97
1,<environment.Job instance at 0x153bbec9d370>,55,17,[9 1],84,101,118,17,98
1,<environment.Job instance at 0x153bbec9dbe0>,59,17,[7 2],91,118,135,27,106
1,<environment.Job instance at 0x153bbec9d0a0>,62,18,[8 1],97,118,136,21,108
1,<environment.Job instance at 0x153b9d441c30>,40,3,[2 7],66,111,114,45,111
1,<environment.Job instance at 0x153b9d444af0>,63,1,[6 2],98,114,115,16,111
1,<environment.Job instance at 0x153b9d444b90>,67,2,[1 9],104,135,137,31,127
1,<environment.Job instance at 0x153b9d444190>,64,1,[6 1],99,135,136,36,127
1,<environment.Job instance at 0x153b9d441410>,48,1,[14  2],76,148,149,72,148
1,<environment.Job instance at 0x153bc7bb7500>,2,3,[1 9],4,4,7,0,4
1,<environment.Job instance at 0x153b9d85d410>,8,1,[1 8],13,16,17,3,16
1,<environment.Job instance at 0x153bc0a6ef00>,12,14,[6 2],20,23,37,3,23
1,<environment.Job instance at 0x153bc5f348c0>,13,1,[5 2],21,37,38,16,37
1,<environment.Job instance at 0x153b9db678c0>,26,13,[5 2],43,49,62,6,49
1,<environment.Job instance at 0x153bc08cb410>,33,3,[8 2],58,60,63,2,60
1,<environment.Job instance at 0x153bc08cb0a0>,32,2,[8 1],56,63,65,7,60
1,<environment.Job instance at 0x153b9ddec2d0>,37,3,[1 6],62,64,67,2,64
1,<environment.Job instance at 0x153bbf1e12d0>,39,1,[6 1],64,64,65,0,64
1,<environment.Job instance at 0x153b9ddec410>,35,2,[2 6],60,69,71,9,69
1,<environment.Job instance at 0x153bc5f34f50>,11,2,[14  1],17,81,83,64,81
1,<environment.Job instance at 0x153bc09b0d20>,42,17,[6 1],73,83,100,10,82
1,<environment.Job instance at 0x153bc09b05a0>,43,1,[2 8],74,83,84,9,82
1,<environment.Job instance at 0x153b9da8f7d0>,57,2,[8 1],98,123,125,25,123
1,<environment.Job instance at 0x153bbec761e0>,63,1,[6 1],105,128,129,23,128
1,<environment.Job instance at 0x153bbec76820>,65,1,[6 1],108,150,151,42,150
1,<environment.Job instance at 0x153bbec760f0>,61,2,[5 1],103,151,153,48,151
1,<environment.Job instance at 0x153bc148f0f0>,55,13,[ 1 13],96,180,193,84,180
1,<environment.Job instance at 0x14fe6e8bdd70>,5,3,[9 2],6,6,9,0,6
1,<environment.Job instance at 0x14fe6eaf6b40>,17,17,[6 1],23,23,40,0,23
1,<environment.Job instance at 0x14fe76c19cd0>,16,1,[2 5],21,24,25,3,24
1,<environment.Job instance at 0x14fe6e7af3c0>,23,2,[8 1],31,31,33,0,31
1,<environment.Job instance at 0x14fe6e7e2320>,20,2,[ 1 13],27,31,33,4,31
1,<environment.Job instance at 0x14fe6e7af1e0>,22,1,[2 7],30,33,34,3,31
1,<environment.Job instance at 0x14fe6e33f8c0>,28,2,[2 7],37,37,39,0,37
1,<environment.Job instance at 0x14fe6e33c5f0>,34,15,[11  1],44,45,60,1,45
1,<environment.Job instance at 0x14fe6e33a7d0>,38,1,[8 1],51,60,61,9,51
1,<environment.Job instance at 0x14fe6e374410>,50,12,[9 1],68,75,87,7,75
1,<environment.Job instance at 0x14fe6e836730>,54,2,[2 5],75,78,80,3,78
1,<environment.Job instance at 0x14fe6e360910>,57,22,[1 5],80,84,106,4,84
1,<environment.Job instance at 0x14fe6e7c49b0>,59,1,[1 9],85,90,91,5,90
1,<environment.Job instance at 0x14fe6e8205a0>,63,3,[10  1],89,97,100,8,97
1,<environment.Job instance at 0x14fe6e820d20>,65,3,[2 9],92,99,102,7,99
1,<environment.Job instance at 0x14fe6e7c4050>,61,3,[1 5],87,102,105,15,102
1,<environment.Job instance at 0x14fe77258190>,67,1,[13  1],94,109,110,15,109
1,<environment.Job instance at 0x14fe6e815960>,71,3,[2 9],99,126,129,27,126
1,<environment.Job instance at 0x14fe6e337b90>,75,1,[1 6],107,126,127,19,126
1,<environment.Job instance at 0x14fe6e3373c0>,77,2,[ 1 10],109,129,131,20,128
1,<environment.Job instance at 0x14fe6e7f8050>,78,3,[2 9],110,143,146,33,143
1,<environment.Job instance at 0x14fe6ff7d9b0>,84,2,[ 1 10],118,146,148,28,144
1,<environment.Job instance at 0x14fe6e33bbe0>,41,25,[12  2],54,223,248,169,223
1,<environment.Job instance at 0x14fe6e89d8c0>,0,2,[1 8],1,3,5,2,3
1,<environment.Job instance at 0x14fe6e89eb90>,2,1,[1 5],3,3,4,0,3
1,<environment.Job instance at 0x14fe6e33b140>,3,2,[1 9],6,7,9,1,7
1,<environment.Job instance at 0x14fe6e89e5f0>,7,2,[14  1],10,12,14,2,12
1,<environment.Job instance at 0x14fe6e89ec80>,4,1,[2 7],7,15,16,8,15
1,<environment.Job instance at 0x14fe6e89eaa0>,9,3,[2 8],12,22,25,10,22
1,<environment.Job instance at 0x14fe6e89e280>,14,17,[1 9],19,29,46,10,29
1,<environment.Job instance at 0x14fe6e8565f0>,20,15,[5 1],25,29,44,4,29
1,<environment.Job instance at 0x14fe6e856dc0>,26,1,[8 1],34,71,72,37,71
1,<environment.Job instance at 0x14fe6e856960>,25,3,[2 5],33,72,75,39,72
1,<environment.Job instance at 0x14fe6e856460>,30,1,[1 6],39,76,77,37,76
1,<environment.Job instance at 0x14fe6e856690>,28,15,[9 2],37,78,93,41,78
1,<environment.Job instance at 0x14fe6e856c80>,31,1,[1 7],40,78,79,38,78
1,<environment.Job instance at 0x14fe6e856820>,29,18,[2 6],38,79,97,41,79
1,<environment.Job instance at 0x14fe6e856550>,34,1,[1 8],46,93,94,47,80
1,<environment.Job instance at 0x14fe6e856280>,18,1,[ 2 14],23,97,98,74,81
1,<environment.Job instance at 0x14fe6e856050>,35,15,[1 6],47,102,117,55,102
1,<environment.Job instance at 0x14fe6e8bd320>,40,27,[1 8],53,105,132,52,105
1,<environment.Job instance at 0x14fe6e8bdc30>,41,3,[1 9],54,132,135,78,120
1,<environment.Job instance at 0x14fe6e8bd140>,43,12,[6 1],56,148,160,92,148
1,<environment.Job instance at 0x14fe6e8bd0a0>,42,2,[7 2],55,151,153,96,151
1,<environment.Job instance at 0x14fe6e8bde60>,44,28,[2 8],59,152,180,93,152
1,<environment.Job instance at 0x14fe6e8bd8c0>,45,3,[5 1],63,169,172,106,169
1,<environment.Job instance at 0x14fe6e8bdaf0>,47,3,[ 2 10],66,183,186,117,183
1,<environment.Job instance at 0x14fe6e8bd460>,46,15,[1 7],65,186,201,121,183
1,<environment.Job instance at 0x14fe6e8bd050>,49,2,[ 2 10],71,201,203,130,190
1,<environment.Job instance at 0x14fe6e8bdf50>,50,3,[5 2],72,192,195,120,192
1,<environment.Job instance at 0x14fe6e850eb0>,51,15,[2 7],73,203,218,130,193
1,<environment.Job instance at 0x14fe6e850c30>,53,2,[2 9],75,218,220,143,212
1,<environment.Job instance at 0x14fe6e8500f0>,52,2,[ 2 10],74,224,226,150,224
1,<environment.Job instance at 0x14fe6e8509b0>,54,17,[ 2 10],76,316,333,240,316
1,<environment.Job instance at 0x14fe6e850aa0>,56,2,[9 1],79,367,369,288,367
1,<environment.Job instance at 0x14fe6e8507d0>,63,3,[ 2 10],87,528,531,441,528
1,<environment.Job instance at 0x14fe6e850e60>,64,14,[10  1],89,546,560,457,546
1,<environment.Job instance at 0x14fe6e850550>,57,3,[5 2],80,546,549,466,546
1,<environment.Job instance at 0x14fe6e85bdc0>,66,2,[8 2],91,560,562,469,559
1,<environment.Job instance at 0x14fe6e85b2d0>,67,3,[8 1],92,571,574,479,571
1,<environment.Job instance at 0x14fe6e85b960>,68,2,[2 5],93,580,582,487,580
1,<environment.Job instance at 0x14fe6e85b1e0>,69,3,[6 1],94,586,589,492,586
1,<environment.Job instance at 0x14fe6e85bcd0>,65,12,[7 1],90,595,607,505,595
1,<environment.Job instance at 0x14fe6e85b410>,70,2,[10  1],95,607,609,512,604
1,<environment.Job instance at 0x14fe6e85bd20>,72,18,[8 1],98,654,672,556,654
1,<environment.Job instance at 0x14fe6e85b4b0>,75,17,[7 1],102,666,683,564,666
1,<environment.Job instance at 0x14fe6e85b910>,74,17,[1 6],101,672,689,571,669
1,<environment.Job instance at 0x14fe6e85b550>,77,16,[9 1],106,683,699,577,673
1,<environment.Job instance at 0x14fe6e85b640>,78,15,[9 2],110,699,714,589,690
1,<environment.Job instance at 0x14fe6e85b780>,79,1,[9 1],111,714,715,603,691
1,<environment.Job instance at 0x14fe6e85b9b0>,82,1,[9 1],115,715,716,600,706
1,<environment.Job instance at 0x14fe6e85bb90>,80,12,[1 5],112,706,718,594,706
1,<environment.Job instance at 0x14fe6e85ba00>,84,1,[ 1 10],117,716,717,599,711
1,<environment.Job instance at 0x14fe6e856190>,33,3,[12  1],44,719,722,675,719
1,<environment.Job instance at 0x14fe6e85bf50>,85,2,[1 5],119,726,728,607,726
1,<environment.Job instance at 0x14fe6e8bdc80>,39,13,[ 1 14],52,793,806,741,793
1,<environment.Job instance at 0x14fe6e8567d0>,23,3,[11  2],31,806,809,775,804
1,<environment.Job instance at 0x14fe6e7d3370>,0,2,[10  2],1,3,5,2,3
1,<environment.Job instance at 0x14fe6e79d690>,3,2,[1 6],7,10,12,3,10
1,<environment.Job instance at 0x14fe54de69b0>,12,2,[5 2],24,24,26,0,24
1,<environment.Job instance at 0x14fe54de6c30>,11,1,[7 2],23,24,25,1,24
1,<environment.Job instance at 0x14fe54de70a0>,17,13,[ 1 11],31,41,54,10,41
1,<environment.Job instance at 0x14fe54de76e0>,23,3,[1 5],39,59,62,20,59
1,<environment.Job instance at 0x14fe54de7780>,24,21,[ 2 13],40,83,104,43,83
1,<environment.Job instance at 0x14fe54de78c0>,25,1,[2 8],41,104,105,63,97
1,<environment.Job instance at 0x14fe54de7690>,27,18,[5 2],43,98,116,55,98
1,<environment.Job instance at 0x14fe54de71e0>,18,2,[6 2],32,104,106,72,99
1,<environment.Job instance at 0x14fe54de7aa0>,26,1,[7 1],42,106,107,64,102
1,<environment.Job instance at 0x14fe54de6eb0>,13,2,[ 2 12],26,106,108,80,105
1,<environment.Job instance at 0x14fe54de7d70>,30,18,[8 1],47,107,125,60,105
1,<environment.Job instance at 0x14fe54de7af0>,28,2,[8 2],45,125,127,80,105
1,<environment.Job instance at 0x14fe54de7dc0>,32,1,[1 8],49,110,111,61,110
1,<environment.Job instance at 0x14fe54de94b0>,41,17,[7 1],62,116,133,54,111
1,<environment.Job instance at 0x14fe54de9910>,47,14,[8 2],72,127,141,55,114
1,<environment.Job instance at 0x14fe54de9af0>,50,14,[8 1],76,141,155,65,134
1,<environment.Job instance at 0x14fe54d6d2d0>,61,2,[10  1],93,155,157,62,137
1,<environment.Job instance at 0x14fe54de7be0>,29,3,[1 7],46,142,145,96,142
1,<environment.Job instance at 0x14fe54d6d140>,62,3,[1 9],94,145,148,51,142
1,<environment.Job instance at 0x14fe54de7550>,22,3,[ 1 13],36,148,151,112,143
1,<environment.Job instance at 0x14fe54d6d8c0>,66,3,[5 2],103,144,147,41,144
1,<environment.Job instance at 0x14fe54d6d960>,68,1,[ 2 10],105,151,152,46,144
1,<environment.Job instance at 0x14fe54d71d20>,74,2,[ 2 10],115,152,154,37,152
1,<environment.Job instance at 0x14fe54d71960>,72,12,[2 9],113,156,168,43,156
1,<environment.Job instance at 0x14fe54d71e60>,76,17,[10  1],118,158,175,40,158
1,<environment.Job instance at 0x14fe6c083c30>,9,18,[ 1 10],16,28,46,12,28
1,<environment.Job instance at 0x14fe5537f8c0>,5,2,[1 6],12,46,48,34,31
1,<environment.Job instance at 0x14fe6c083410>,14,16,[9 1],23,53,69,30,53
1,<environment.Job instance at 0x14fe6c092eb0>,22,18,[6 2],36,72,90,36,72
1,<environment.Job instance at 0x14fe6c08cb90>,16,3,[2 7],26,97,100,71,97
1,<environment.Job instance at 0x14fe6c2f1c80>,30,3,[9 2],48,108,111,60,108
1,<environment.Job instance at 0x14fe7021a690>,37,14,[1 6],59,167,181,108,167
1,<environment.Job instance at 0x14fe6c2462d0>,42,2,[2 5],66,177,179,111,177
1,<environment.Job instance at 0x14fe700b5500>,47,1,[10  1],74,212,213,138,212
1,<environment.Job instance at 0x14fe6c2e0d70>,41,2,[2 9],65,275,277,210,275
1,<environment.Job instance at 0x14fe6c24af50>,60,1,[1 8],95,288,289,193,288
1,<environment.Job instance at 0x14fe6c24a550>,61,16,[2 6],96,307,323,211,307
1,<environment.Job instance at 0x14fe6c1f2a50>,67,15,[1 5],103,308,323,205,308
1,<environment.Job instance at 0x14fe6c0fb7d0>,64,14,[9 1],100,313,327,213,313
1,<environment.Job instance at 0x14fe6c217820>,68,3,[1 9],104,348,351,244,348
1,<environment.Job instance at 0x14fe6c2177d0>,74,14,[14  1],112,354,368,242,354
1,<environment.Job instance at 0x14fe6c2179b0>,76,3,[10  1],116,368,371,252,357
1,<environment.Job instance at 0x14fe54e77af0>,2,15,[ 1 11],7,446,461,439,446
1,<environment.Job instance at 0x14fe5536abe0>,1,1,[1 5],2,2,3,0,2
1,<environment.Job instance at 0x14fe5536a820>,2,18,[8 2],3,3,21,0,3
1,<environment.Job instance at 0x14fe55229190>,14,1,[6 2],18,21,22,3,21
1,<environment.Job instance at 0x14fe6c028b90>,23,2,[ 1 10],30,32,34,2,32
1,<environment.Job instance at 0x14fe6c0288c0>,28,2,[7 1],37,40,42,3,40
1,<environment.Job instance at 0x14fe6c028190>,29,1,[7 2],38,40,41,2,40
1,<environment.Job instance at 0x14fe6c0282d0>,21,1,[5 2],27,41,42,14,40
1,<environment.Job instance at 0x14fe551abeb0>,33,3,[1 7],43,53,56,10,53
1,<environment.Job instance at 0x14fe553670f0>,39,1,[1 7],51,53,54,2,53
1,<environment.Job instance at 0x14fe55367140>,40,3,[2 7],52,54,57,2,54
1,<environment.Job instance at 0x14fe6c27beb0>,42,1,[1 9],55,57,58,2,55
1,<environment.Job instance at 0x14fe553675a0>,41,2,[1 5],53,56,58,3,55
1,<environment.Job instance at 0x14fe6c27b870>,44,15,[7 1],57,57,72,0,57
1,<environment.Job instance at 0x14fe6c27be10>,45,1,[2 6],58,58,59,0,58
1,<environment.Job instance at 0x14fe551aba50>,35,13,[12  2],47,72,85,25,58
1,<environment.Job instance at 0x14fe551bb6e0>,51,17,[9 1],66,85,102,19,78
1,<environment.Job instance at 0x14fe551bbbe0>,53,1,[10  1],68,126,127,58,126
1,<environment.Job instance at 0x14fe551bf5a0>,62,15,[2 6],79,145,160,66,145
1,<environment.Job instance at 0x14fe551c2820>,73,1,[ 2 10],90,160,161,70,146
1,<environment.Job instance at 0x14fe5520c230>,77,3,[1 9],98,146,149,48,146
1,<environment.Job instance at 0x14fe5520c910>,79,3,[2 9],100,168,171,68,168
1,<environment.Job instance at 0x14fe5520c280>,81,12,[7 1],104,211,223,107,211
1,<environment.Job instance at 0x14fe5520c5a0>,87,1,[7 1],116,304,305,188,304
1,<environment.Job instance at 0x14fe551c28c0>,72,25,[12  1],89,323,348,234,323
1,<environment.Job instance at 0x14fe55131eb0>,4,18,[1 5],7,13,31,6,13
1,<environment.Job instance at 0x14fe6ff8af00>,7,3,[2 9],14,14,17,0,14
1,<environment.Job instance at 0x14fe55131e10>,1,13,[7 2],2,17,30,15,17
1,<environment.Job instance at 0x14fe54fa14b0>,21,2,[7 2],40,41,43,1,41
1,<environment.Job instance at 0x14fe54fa10a0>,22,2,[6 2],41,42,44,1,42
1,<environment.Job instance at 0x14fe54fa1730>,28,17,[2 8],47,49,66,2,49
1,<environment.Job instance at 0x14fe70108050>,34,3,[9 2],55,91,94,36,91
1,<environment.Job instance at 0x14fe54f8cbe0>,45,3,[6 2],77,136,139,59,136
1,<environment.Job instance at 0x14fe54f8c870>,46,1,[8 1],79,145,146,66,145
1,<environment.Job instance at 0x14fe54f8c410>,49,2,[7 2],85,146,148,61,146
1,<environment.Job instance at 0x14fe54f8c8c0>,50,12,[7 1],86,149,161,63,149
1,<environment.Job instance at 0x14fe54f8c730>,53,2,[7 1],91,151,153,60,151
1,<environment.Job instance at 0x14fe54f8c3c0>,51,13,[13  2],87,161,174,74,151
1,<environment.Job instance at 0x14fe54f8c230>,56,1,[8 1],95,159,160,64,159
1,<environment.Job instance at 0x14fe54f8cf50>,55,3,[2 5],94,178,181,84,178
1,<environment.Job instance at 0x14fe54f8c820>,57,28,[5 1],96,183,211,87,183
1,<environment.Job instance at 0x14fe54f8b870>,61,3,[6 2],100,185,188,85,185
1,<environment.Job instance at 0x14fe54f8c550>,44,1,[ 1 12],76,188,189,112,188
1,<environment.Job instance at 0x14fe54f8b550>,63,17,[9 2],103,189,206,86,189
1,<environment.Job instance at 0x14fe54f8bd70>,75,3,[7 2],119,206,209,87,196
1,<environment.Job instance at 0x14fe54f8bfa0>,70,2,[2 8],110,206,208,96,200
1,<environment.Job instance at 0x14fe70e905a0>,7,2,[10  2],13,13,15,0,13
1,<environment.Job instance at 0x14fe70b7b500>,9,14,[9 2],16,16,30,0,16
1,<environment.Job instance at 0x14fe70b7b460>,8,3,[1 7],14,17,20,3,17
1,<environment.Job instance at 0x14fe70b7bd20>,10,1,[10  2],17,30,31,13,27
1,<environment.Job instance at 0x14fe7342fd20>,18,12,[1 7],27,53,65,26,53
1,<environment.Job instance at 0x14fe7342fdc0>,17,2,[1 8],25,58,60,33,58
1,<environment.Job instance at 0x14fe54a3c6e0>,39,13,[2 8],53,75,88,22,75
1,<environment.Job instance at 0x14fe75d04e10>,31,1,[6 2],43,146,147,103,146
1,<environment.Job instance at 0x14fe54b2c780>,67,1,[2 6],90,380,381,290,380
1,<environment.Job instance at 0x14fe54b53a00>,88,1,[6 2],115,385,386,270,385
1,<environment.Job instance at 0x14fe54b66320>,76,17,[12  1],100,387,404,287,387
1,<environment.Job instance at 0x14fe54b53550>,3,3,[6 1],4,5,8,1,5
1,<environment.Job instance at 0x14fe75d7a0a0>,6,1,[5 1],7,8,9,1,8
1,<environment.Job instance at 0x14fe75d6b3c0>,12,13,[7 2],14,14,27,0,14
1,<environment.Job instance at 0x14fe75d7a0f0>,4,1,[13  1],5,27,28,22,14
1,<environment.Job instance at 0x14fe75d6bf00>,16,3,[2 5],19,21,24,2,21
1,<environment.Job instance at 0x14fe75d7d690>,17,17,[1 7],20,21,38,1,21
1,<environment.Job instance at 0x14fe75d7d1e0>,23,2,[10  1],27,28,30,1,28
1,<environment.Job instance at 0x14fe75d8a730>,35,1,[ 2 10],44,89,90,45,89
1,<environment.Job instance at 0x14fe75d8ad70>,36,2,[7 2],46,89,91,43,89
1,<environment.Job instance at 0x14fe75d8a5a0>,37,1,[6 1],47,90,91,43,90
1,<environment.Job instance at 0x14fe75d8a640>,40,15,[10  2],54,102,117,48,102
1,<environment.Job instance at 0x14fe75d8f9b0>,25,1,[ 1 14],30,117,118,87,104
1,<environment.Job instance at 0x14fe75d8aa00>,43,14,[5 2],59,118,132,59,104
1,<environment.Job instance at 0x14fe75d8abe0>,46,2,[1 9],62,106,108,44,106
1,<environment.Job instance at 0x14fe75d8a050>,49,1,[2 9],66,120,121,54,120
1,<environment.Job instance at 0x14fe75d8a0a0>,50,2,[10  2],67,123,125,56,123
1,<environment.Job instance at 0x14fe75d8a550>,33,3,[ 2 14],42,132,135,90,129
1,<environment.Job instance at 0x14fe54b1da50>,51,1,[6 1],70,129,130,59,129
1,<environment.Job instance at 0x14fe7529a960>,55,25,[6 1],75,130,155,55,129
1,<environment.Job instance at 0x14fe75d8a460>,48,1,[1 8],64,129,130,65,129
1,<environment.Job instance at 0x14fe7529ad20>,56,12,[5 2],77,135,147,58,129
1,<environment.Job instance at 0x14fe7529ae60>,59,2,[ 2 10],82,135,137,53,132
1,<environment.Job instance at 0x14fe6e8bf690>,62,1,[8 2],87,147,148,60,132
1,<environment.Job instance at 0x14fe6e8bfeb0>,67,13,[7 2],94,148,161,54,132
1,<environment.Job instance at 0x14fe70e99be0>,68,3,[6 2],96,155,158,59,132
1,<environment.Job instance at 0x14fe54ff75f0>,69,2,[12  1],97,161,163,64,134
1,<environment.Job instance at 0x14fe6e8bf960>,71,14,[7 1],100,163,177,63,148
1,<environment.Job instance at 0x14fe75c6fa00>,75,14,[9 1],104,177,191,73,162
1,<environment.Job instance at 0x14fe54b06f50>,80,3,[9 2],111,191,194,80,165
1,<environment.Job instance at 0x14fe54b10280>,82,17,[1 8],118,186,203,68,186
1,<environment.Job instance at 0x14fe6e8bf2d0>,66,26,[ 2 13],93,241,267,148,241
1,<environment.Job instance at 0x14fe75d8a9b0>,45,15,[14  1],61,277,292,216,277
1,<environment.Job instance at 0x14fe54ab28c0>,6,2,[2 9],11,11,13,0,11
1,<environment.Job instance at 0x14fe54ab3b40>,9,28,[5 2],14,14,42,0,14
1,<environment.Job instance at 0x14fe54ab2c80>,3,2,[ 1 11],7,16,18,9,16
1,<environment.Job instance at 0x14fe75d8a9b0>,4,3,[2 8],8,18,21,10,17
1,<environment.Job instance at 0x14fe54ab3aa0>,11,2,[ 1 10],16,21,23,5,19
1,<environment.Job instance at 0x14fe54ab34b0>,12,3,[ 2 14],17,42,45,25,19
1,<environment.Job instance at 0x14fe54ab3e10>,17,12,[6 2],23,23,35,0,23
1,<environment.Job instance at 0x14fe54ab3af0>,7,2,[8 2],12,35,37,23,28
1,<environment.Job instance at 0x14fe55003960>,25,16,[1 8],32,45,61,13,34
1,<environment.Job instance at 0x14fe6c0c2dc0>,28,16,[7 1],35,38,54,3,38
1,<environment.Job instance at 0x14fe75cbd320>,37,1,[5 2],48,56,57,8,56
1,<environment.Job instance at 0x14fe75cbd730>,40,3,[6 1],53,62,65,9,62
1,<environment.Job instance at 0x14fe75cbd780>,45,3,[12  1],59,75,78,16,75
1,<environment.Job instance at 0x14fe75cbd5a0>,42,1,[9 1],55,189,190,134,189
1,<environment.Job instance at 0x14fe54a43640>,58,16,[9 1],84,198,214,114,198
1,<environment.Job instance at 0x14fe54a43730>,56,3,[1 8],81,207,210,126,207
1,<environment.Job instance at 0x14fe54a432d0>,54,3,[11  1],79,270,273,191,270
1,<environment.Job instance at 0x14fe54a431e0>,59,12,[7 2],86,285,297,199,285
1,<environment.Job instance at 0x14fe54a437d0>,68,2,[5 2],101,325,327,224,325
1,<environment.Job instance at 0x14fe54a438c0>,69,21,[5 1],102,326,347,224,326
1,<environment.Job instance at 0x14fe54a433c0>,70,3,[2 8],103,328,331,225,328
1,<environment.Job instance at 0x14fe54a435a0>,67,16,[2 9],100,331,347,231,329
1,<environment.Job instance at 0x14fe70eb7eb0>,72,1,[ 2 10],106,347,348,241,334
1,<environment.Job instance at 0x14fe70eb7c80>,74,2,[8 1],108,338,340,230,338
1,<environment.Job instance at 0x14fe70eb7dc0>,76,2,[1 8],111,361,363,250,361
1,<environment.Job instance at 0x14fe70eb7190>,79,2,[2 7],116,368,370,252,368
1,<environment.Job instance at 0x14fe6c09d050>,81,2,[10  2],118,369,371,251,369
1,<environment.Job instance at 0x14fe6c09d500>,82,2,[1 7],119,370,372,251,370
1,<environment.Job instance at 0x14fe70eb7280>,80,22,[ 2 10],117,372,394,255,371
1,<environment.Job instance at 0x14fe54a43960>,66,2,[ 1 12],99,394,396,295,375
1,<environment.Job instance at 0x14fe54a43550>,55,13,[ 2 11],80,522,535,442,522
1,<environment.Job instance at 0x14fe6c025aa0>,9,1,[5 1],14,14,15,0,14
1,<environment.Job instance at 0x14fe6c025eb0>,12,3,[8 1],18,18,21,0,18
1,<environment.Job instance at 0x14fe6c025c80>,13,15,[6 1],22,24,39,2,24
1,<environment.Job instance at 0x14fe75d74af0>,19,3,[ 2 13],32,38,41,6,38
1,<environment.Job instance at 0x14fe75d74050>,21,1,[ 2 10],34,42,43,8,42
1,<environment.Job instance at 0x14fe6ff8adc0>,28,1,[9 1],44,49,50,5,49
1,<environment.Job instance at 0x14fe75d9c410>,34,2,[8 1],55,56,58,1,56
1,<environment.Job instance at 0x14fe75d9cb40>,36,1,[7 1],57,59,60,2,59
1,<environment.Job instance at 0x14fe75d9c3c0>,38,3,[1 5],60,80,83,20,80
1,<environment.Job instance at 0x14fe75d9ccd0>,40,1,[1 7],64,125,126,61,125
1,<environment.Job instance at 0x14fe753c1a50>,65,1,[8 1],98,126,127,28,126
1,<environment.Job instance at 0x14fe54f44820>,69,14,[ 1 10],104,157,171,53,157
1,<environment.Job instance at 0x14fe70237730>,58,20,[ 2 11],88,466,486,378,466
1,<environment.Job instance at 0x14fe54e7b9b0>,4,2,[2 9],5,7,9,2,7
1,<environment.Job instance at 0x14fe54e7b690>,6,3,[7 2],8,11,14,3,11
1,<environment.Job instance at 0x14fe54e821e0>,8,1,[1 8],12,15,16,3,15
1,<environment.Job instance at 0x14fe54e82b40>,10,1,[6 1],15,15,16,0,15
1,<environment.Job instance at 0x14fe54e824b0>,12,2,[1 7],19,20,22,1,20
1,<environment.Job instance at 0x14fe54e828c0>,13,3,[7 1],20,23,26,3,23
1,<environment.Job instance at 0x14fe54e82dc0>,14,1,[6 1],21,23,24,2,23
1,<environment.Job instance at 0x14fe54e7b1e0>,5,13,[2 8],7,25,38,18,25
1,<environment.Job instance at 0x14fe54e82230>,16,3,[2 9],23,38,41,15,25
1,<environment.Job instance at 0x14fe54e82e60>,15,15,[6 2],22,34,49,12,34
1,<environment.Job instance at 0x14fe54e82a00>,18,2,[11  2],26,56,58,30,56
1,<environment.Job instance at 0x14fe54e822d0>,21,2,[1 5],30,56,58,26,56
1,<environment.Job instance at 0x14fe54e820f0>,11,28,[14  1],18,73,101,55,73
1,<environment.Job instance at 0x14fe6e32d550>,24,3,[9 2],33,101,104,68,75
1,<environment.Job instance at 0x14fe54e82af0>,17,17,[1 8],25,98,115,73,98
1,<environment.Job instance at 0x14fe6e32d190>,40,2,[1 8],53,115,117,62,112
1,<environment.Job instance at 0x14fe6e32df50>,41,17,[7 1],54,115,132,61,115
1,<environment.Job instance at 0x14fe6e32de60>,38,15,[2 5],50,117,132,67,117
1,<environment.Job instance at 0x14fe6c0165a0>,44,1,[10  1],59,132,133,73,118
1,<environment.Job instance at 0x14fe551670a0>,51,1,[1 6],66,160,161,94,160
1,<environment.Job instance at 0x14fe6e32d640>,42,16,[8 2],55,160,176,105,160
1,<environment.Job instance at 0x14fe6e32dd70>,33,2,[12  1],45,176,178,131,163
1,<environment.Job instance at 0x14fe55167e10>,54,3,[6 1],69,164,167,95,164
1,<environment.Job instance at 0x14fe773420f0>,60,3,[9 1],80,178,181,98,170
1,<environment.Job instance at 0x14fe702a6910>,57,17,[8 1],77,181,198,104,171
1,<environment.Job instance at 0x14fe70c43b90>,45,1,[10  2],60,198,199,138,174
1,<environment.Job instance at 0x14fe75c25050>,58,1,[ 2 13],78,174,175,96,174
1,<environment.Job instance at 0x14fe54d82b90>,65,1,[6 2],87,175,176,88,174
1,<environment.Job instance at 0x14fe6c1405a0>,64,2,[1 7],84,176,178,92,176
1,<environment.Job instance at 0x14fe75380fa0>,74,1,[2 8],103,201,202,98,201
1,<environment.Job instance at 0x14fe6c2404b0>,83,1,[1 8],115,202,203,87,202
1,<environment.Job instance at 0x14fe55022320>,67,15,[8 1],89,205,220,116,205
1,<environment.Job instance at 0x14fe702a6050>,62,1,[5 1],82,220,221,138,220
1,<environment.Job instance at 0x14fe54a53c30>,0,1,[1 5],1,5,6,4,5
1,<environment.Job instance at 0x14fe552150a0>,6,3,[7 2],11,11,14,0,11
1,<environment.Job instance at 0x14fe70b1c960>,9,1,[1 9],15,71,72,56,71
1,<environment.Job instance at 0x14fe70b1c370>,13,1,[1 5],20,106,107,86,106
1,<environment.Job instance at 0x14fe70b1ce60>,16,3,[2 5],25,118,121,93,118
1,<environment.Job instance at 0x14fe70b1cd70>,21,3,[2 7],32,122,125,90,122
1,<environment.Job instance at 0x14fe73443780>,23,3,[10  1],37,122,125,85,122
1,<environment.Job instance at 0x14fe73443870>,24,2,[6 1],38,134,136,96,134
1,<environment.Job instance at 0x14fe73443dc0>,27,1,[9 1],41,137,138,96,137
1,<environment.Job instance at 0x14fe73443320>,29,25,[9 1],43,144,169,101,144
1,<environment.Job instance at 0x14fe734433c0>,30,3,[2 7],44,156,159,112,156
1,<environment.Job instance at 0x14fe54a6cd70>,34,3,[2 6],49,176,179,127,176
1,<environment.Job instance at 0x14fe54a6c2d0>,36,1,[6 2],51,181,182,130,181
1,<environment.Job instance at 0x14fe54a6c370>,39,3,[10  2],57,186,189,129,186
1,<environment.Job instance at 0x14fe54a6c780>,40,1,[2 7],58,211,212,153,211
1,<environment.Job instance at 0x14fe54a6cdc0>,45,1,[2 5],64,249,250,185,249
1,<environment.Job instance at 0x14fe54a6cc80>,48,17,[10  1],68,253,270,185,253
1,<environment.Job instance at 0x14fe54a6c6e0>,49,26,[5 2],69,282,308,213,282
1,<environment.Job instance at 0x14fe70c69370>,51,2,[2 6],71,299,301,228,299
1,<environment.Job instance at 0x14fe70c69b90>,56,1,[5 1],77,328,329,251,328
1,<environment.Job instance at 0x14fe70c69050>,58,2,[7 1],80,463,465,383,463
1,<environment.Job instance at 0x14fe55004230>,64,21,[10  2],92,481,502,389,481
1,<environment.Job instance at 0x14fe55004c30>,61,3,[1 9],86,499,502,413,499
1,<environment.Job instance at 0x14fe55004550>,66,3,[1 7],95,530,533,435,530
1,<environment.Job instance at 0x14fe55215780>,5,2,[ 2 13],9,547,549,538,547
1,<environment.Job instance at 0x14fe70058910>,71,1,[10  2],105,558,559,453,558
1,<environment.Job instance at 0x14fe700582d0>,74,12,[5 2],109,569,581,460,569
1,<environment.Job instance at 0x14fe54f8cd70>,78,2,[13  1],114,591,593,477,591
1,<environment.Job instance at 0x14fe70037af0>,79,1,[12  2],115,607,608,492,607
1,<environment.Job instance at 0x14fe54a6c410>,41,2,[ 1 14],60,623,625,563,623
1,<environment.Job instance at 0x14fe550043c0>,70,1,[ 1 12],104,664,665,560,664
1,<environment.Job instance at 0x14fe70b1c9b0>,11,16,[ 1 11],17,691,707,674,691
1,<environment.Job instance at 0x14fe6c119aa0>,3,1,[7 1],13,13,14,0,13
1,<environment.Job instance at 0x14fe6c119910>,9,1,[7 2],20,20,21,0,20
1,<environment.Job instance at 0x14fe6c119550>,8,3,[9 1],19,21,24,2,20
1,<environment.Job instance at 0x14fe6c119f50>,10,17,[6 2],22,22,39,0,22
1,<environment.Job instance at 0x14fe54fa2550>,16,20,[7 2],29,29,49,0,29
1,<environment.Job instance at 0x14fe701b0d20>,24,1,[2 5],39,40,41,1,40
1,<environment.Job instance at 0x14fe701b0050>,25,14,[ 2 10],40,41,55,1,40
1,<environment.Job instance at 0x14fe701b0820>,26,1,[ 1 13],41,55,56,14,41
1,<environment.Job instance at 0x14fe6e898460>,28,1,[5 2],43,50,51,7,50
1,<environment.Job instance at 0x14fe6e898640>,30,1,[11  1],53,58,59,5,58
1,<environment.Job instance at 0x14fe6e8985f0>,32,2,[1 6],55,58,60,3,58
1,<environment.Job instance at 0x14fe6c1ff0f0>,35,18,[10  2],59,61,79,2,61
1,<environment.Job instance at 0x14fe6e898fa0>,29,12,[2 9],44,61,73,17,61
1,<environment.Job instance at 0x14fe6c1ff910>,37,1,[2 9],61,73,74,12,68
1,<environment.Job instance at 0x14fe70bdc230>,43,17,[9 2],69,86,103,17,86
1,<environment.Job instance at 0x14fe70bdc640>,45,2,[2 7],75,92,94,17,92
1,<environment.Job instance at 0x14fe551c94b0>,57,17,[8 1],89,121,138,32,121
1,<environment.Job instance at 0x14fe6c1ffeb0>,38,1,[1 5],62,142,143,80,142
1,<environment.Job instance at 0x14fe54f2ceb0>,62,1,[1 5],95,157,158,62,157
1,<environment.Job instance at 0x14fe6c17caa0>,68,3,[1 7],103,169,172,66,169
1,<environment.Job instance at 0x14fe7005c870>,73,1,[10  1],108,185,186,77,185
1,<environment.Job instance at 0x14fe6c181190>,81,3,[1 8],118,185,188,67,185
1,<environment.Job instance at 0x14fe7005c320>,71,2,[8 1],106,206,208,100,206
1,<environment.Job instance at 0x14fe6c181690>,80,17,[12  1],117,253,270,136,253
1,<environment.Job instance at 0x14fe6e898d20>,27,12,[ 1 14],42,379,391,337,379
1,<environment.Job instance at 0x14fe70232640>,1,15,[9 1],2,2,17,0,2
1,<environment.Job instance at 0x14fe701f97d0>,10,3,[ 2 10],12,12,15,0,12
1,<environment.Job instance at 0x14fe70223e60>,17,3,[1 8],25,25,28,0,25
1,<environment.Job instance at 0x14fe7014f870>,14,2,[2 8],20,28,30,8,26
1,<environment.Job instance at 0x14fe7536beb0>,26,1,[ 2 10],35,37,38,2,37
1,<environment.Job instance at 0x14fe54ebfbe0>,29,13,[1 7],40,59,72,19,59
1,<environment.Job instance at 0x14fe700caa00>,34,23,[2 5],47,60,83,13,60
1,<environment.Job instance at 0x14fe700caf50>,35,1,[6 1],48,93,94,45,93
1,<environment.Job instance at 0x14fe6e7bb460>,42,2,[2 6],55,93,95,38,93
1,<environment.Job instance at 0x14fe6e7bbc30>,43,3,[2 7],57,94,97,37,94
1,<environment.Job instance at 0x14fe6e7bb550>,44,18,[1 6],58,98,116,40,98
1,<environment.Job instance at 0x14fe700ca550>,41,3,[7 1],54,110,113,56,110
1,<environment.Job instance at 0x14fe70bf7e10>,46,2,[2 8],61,146,148,85,146
1,<environment.Job instance at 0x14fe54f484b0>,49,3,[2 5],65,196,199,131,196
1,<environment.Job instance at 0x14fe54f48f50>,50,2,[6 2],66,198,200,132,198
1,<environment.Job instance at 0x14fe75cbf320>,52,2,[9 1],69,199,201,130,198
1,<environment.Job instance at 0x14fe75cbf820>,53,18,[2 5],70,213,231,143,213
1,<environment.Job instance at 0x14fe75cbf0a0>,54,3,[10  2],71,214,217,143,214
1,<environment.Job instance at 0x14fe54da4be0>,51,16,[2 8],68,214,230,146,214
1,<environment.Job instance at 0x14fe5511dfa0>,57,3,[6 2],76,236,239,160,236
1,<environment.Job instance at 0x14fe5511d9b0>,56,3,[10  1],75,345,348,270,345
1,<environment.Job instance at 0x14fe70bfebe0>,59,2,[7 1],78,411,413,333,411
1,<environment.Job instance at 0x14fe7002d0f0>,61,1,[6 1],80,518,519,438,518
1,<environment.Job instance at 0x14fe7002d2d0>,62,18,[1 9],81,663,681,582,663
1,<environment.Job instance at 0x14fe7002df00>,63,1,[2 7],82,834,835,752,834
1,<environment.Job instance at 0x14fe7002dc80>,64,3,[7 1],83,1108,1111,1025,1108
1,<environment.Job instance at 0x14fe7002dcd0>,65,1,[8 2],84,1387,1388,1303,1387
1,<environment.Job instance at 0x14fe70bfec80>,58,18,[ 1 14],77,1415,1433,1338,1415
1,<environment.Job instance at 0x14fe7002d3c0>,68,2,[8 2],88,1433,1435,1345,1422
1,<environment.Job instance at 0x14fe7002daf0>,69,13,[6 1],89,1426,1439,1337,1426
1,<environment.Job instance at 0x14fe7002d500>,67,15,[1 8],87,1433,1448,1346,1428
1,<environment.Job instance at 0x14fe7002d140>,70,3,[10  1],91,1445,1448,1354,1445
1,<environment.Job instance at 0x14fe7002d550>,72,2,[10  1],94,1448,1450,1354,1448
1,<environment.Job instance at 0x14fe7002ea00>,73,1,[ 1 10],97,1453,1454,1356,1453
1,<environment.Job instance at 0x14fe7002e5a0>,74,1,[5 2],98,1457,1458,1359,1457
1,<environment.Job instance at 0x14fe7002e3c0>,75,1,[8 1],99,1457,1458,1358,1457
1,<environment.Job instance at 0x14fe7002d5f0>,71,14,[6 1],93,1541,1555,1448,1541
1,<environment.Job instance at 0x14fe7002ec80>,78,3,[2 7],105,1549,1552,1444,1549
1,<environment.Job instance at 0x14fe7002e320>,80,17,[5 2],110,1556,1573,1446,1556
1,<environment.Job instance at 0x14fe7002e230>,79,3,[10  2],108,1569,1572,1461,1569
1,<environment.Job instance at 0x14fe7002efa0>,81,3,[8 2],111,1574,1577,1463,1574
1,<environment.Job instance at 0x14fe7002e5f0>,82,2,[2 5],114,1575,1577,1461,1575
1,<environment.Job instance at 0x14fe7002e8c0>,85,3,[9 1],117,1579,1582,1462,1579
1,<environment.Job instance at 0x14fe7002e7d0>,86,2,[9 1],119,1590,1592,1471,1590
1,<environment.Job instance at 0x14fe755dcfa0>,28,12,[ 2 11],38,1883,1895,1845,1883
1,<environment.Job instance at 0x14fe7002e960>,83,19,[ 2 14],115,1905,1924,1790,1905
1,<environment.Job instance at 0x14fe70bf71e0>,47,17,[11  2],62,2145,2162,2083,2145
1,<environment.Job instance at 0x14fe70bf71e0>,5,2,[2 5],8,8,10,0,8
1,<environment.Job instance at 0x14fe54ed05f0>,6,1,[1 7],9,9,10,0,9
1,<environment.Job instance at 0x14fe54ed0730>,7,1,[2 9],10,10,11,0,10
1,<environment.Job instance at 0x14fe54ed0820>,9,1,[9 2],13,13,14,0,13
1,<environment.Job instance at 0x14fe54ed0c30>,11,16,[5 2],16,16,32,0,16
1,<environment.Job instance at 0x14fe54ed0f50>,12,3,[10  2],18,20,23,2,20
1,<environment.Job instance at 0x14fe54ecb410>,15,2,[10  1],21,23,25,2,22
1,<environment.Job instance at 0x14fe54eae730>,30,2,[ 1 10],42,42,44,0,42
1,<environment.Job instance at 0x14fe54eae230>,32,1,[9 2],45,45,46,0,45
1,<environment.Job instance at 0x14fe54eae9b0>,28,3,[2 9],40,94,97,54,94
1,<environment.Job instance at 0x14fe54eaeb90>,40,2,[5 1],57,112,114,55,112
1,<environment.Job instance at 0x14fe54eb9050>,43,15,[7 1],60,117,132,57,117
1,<environment.Job instance at 0x14fe54eae190>,38,3,[6 1],54,123,126,69,123
1,<environment.Job instance at 0x14fe54eb92d0>,44,3,[ 2 10],61,148,151,87,148
1,<environment.Job instance at 0x14fe54eb9320>,45,17,[2 9],63,177,194,114,177
1,<environment.Job instance at 0x14fe54eb95f0>,49,3,[1 7],67,226,229,159,226
1,<environment.Job instance at 0x14fe54eb9c30>,58,1,[6 1],79,249,250,170,249
1,<environment.Job instance at 0x14fe54eb9af0>,59,13,[1 6],80,251,264,171,251
1,<environment.Job instance at 0x14fe54eb9a00>,56,3,[1 7],75,267,270,192,267
1,<environment.Job instance at 0x14fe54eb9d70>,61,17,[6 1],82,299,316,217,299
1,<environment.Job instance at 0x14fe54eb9f00>,64,2,[1 9],87,299,301,212,299
1,<environment.Job instance at 0x14fe54eb9e60>,65,17,[2 7],88,310,327,222,310
1,<environment.Job instance at 0x14fe54eb9be0>,63,3,[1 6],84,316,319,232,316
1,<environment.Job instance at 0x14fe54ec5230>,68,3,[2 6],92,365,368,273,365
1,<environment.Job instance at 0x14fe54ec5500>,70,3,[2 8],96,383,386,287,383
1,<environment.Job instance at 0x14fe54ec51e0>,67,16,[1 7],91,384,400,293,384
1,<environment.Job instance at 0x14fe54ec53c0>,69,17,[6 1],95,392,409,297,392
1,<environment.Job instance at 0x14fe54ec5550>,72,12,[5 2],99,407,419,308,407
1,<environment.Job instance at 0x14fe54ec55f0>,73,1,[1 9],100,409,410,309,409
1,<environment.Job instance at 0x14fe54ec5640>,76,3,[2 8],103,417,420,314,417
1,<environment.Job instance at 0x14fe54ec5780>,77,3,[2 9],104,420,423,316,418
1,<environment.Job instance at 0x14fe54ec58c0>,78,15,[8 1],106,418,433,312,418
1,<environment.Job instance at 0x14fe54ec5820>,79,1,[2 7],107,423,424,316,423
1,<environment.Job instance at 0x14fe54ec5aa0>,80,1,[7 2],108,425,426,317,425
1,<environment.Job instance at 0x14fe54ec5730>,75,26,[2 7],102,443,469,341,443
1,<environment.Job instance at 0x14fe54ec5d20>,84,15,[7 2],112,519,534,407,519
1,<environment.Job instance at 0x14fe54ec59b0>,82,1,[ 2 10],110,525,526,415,525
1,<environment.Job instance at 0x14fe54ec5e60>,86,1,[1 8],116,526,527,410,525
1,<environment.Job instance at 0x14fe54ec5fa0>,85,1,[7 2],115,537,538,422,537
1,<environment.Job instance at 0x14fe54ee7320>,89,2,[1 6],119,547,549,428,547
1,<environment.Job instance at 0x14fe54ee70a0>,87,2,[1 7],117,605,607,488,605
1,<environment.Job instance at 0x14fe54ecb6e0>,18,13,[ 2 11],25,680,693,655,680
1,<environment.Job instance at 0x14fe54eaef00>,35,3,[14  2],48,732,735,684,732
1,<environment.Job instance at 0x14fe54ebc190>,2,3,[10  1],3,4,7,1,4
1,<environment.Job instance at 0x14fe70f2e0f0>,6,2,[6 1],9,10,12,1,10
1,<environment.Job instance at 0x14fe54ebc140>,0,1,[14  1],1,12,13,11,11
1,<environment.Job instance at 0x14fe7007eb90>,3,1,[8 1],4,11,12,7,11
1,<environment.Job instance at 0x14fe54adb3c0>,12,1,[10  1],19,20,21,1,20
1,<environment.Job instance at 0x14fe54adbfa0>,13,3,[8 1],20,21,24,1,20
1,<environment.Job instance at 0x14fe752cf460>,10,1,[8 2],16,24,25,8,23
1,<environment.Job instance at 0x14fe70b63140>,22,2,[7 1],30,31,33,1,31
1,<environment.Job instance at 0x14fe700c2140>,27,18,[10  1],35,35,53,0,35
1,<environment.Job instance at 0x14fe70b63b90>,16,3,[1 7],23,36,39,13,36
1,<environment.Job instance at 0x14fe6c3837d0>,29,15,[2 7],37,38,53,1,38
1,<environment.Job instance at 0x14fe700c2d20>,28,2,[7 1],36,53,55,17,38
1,<environment.Job instance at 0x14fe6c383d70>,32,2,[1 9],42,53,55,11,44
1,<environment.Job instance at 0x14fe6c3831e0>,35,1,[8 1],47,55,56,8,47
1,<environment.Job instance at 0x14fe6c383820>,33,2,[2 5],43,48,50,5,48
1,<environment.Job instance at 0x14fe6c383b90>,37,14,[9 2],49,56,70,7,53
1,<environment.Job instance at 0x14fe551db1e0>,39,3,[1 5],51,58,61,7,58
1,<environment.Job instance at 0x14fe6c383a00>,36,2,[8 2],48,70,72,22,58
1,<environment.Job instance at 0x14fe551db6e0>,40,1,[1 5],53,59,60,6,59
1,<environment.Job instance at 0x14fe6c187870>,43,15,[8 2],56,72,87,16,60
1,<environment.Job instance at 0x14fe6c187730>,44,3,[1 7],58,61,64,3,61
1,<environment.Job instance at 0x14fe54b36e10>,46,2,[2 7],60,70,72,10,70
1,<environment.Job instance at 0x14fe5519bfa0>,50,2,[1 8],65,72,74,7,70
1,<environment.Job instance at 0x14fe70f80730>,52,3,[2 6],68,88,91,20,88
1,<environment.Job instance at 0x14fe54c6fa00>,54,3,[ 1 14],70,91,94,21,90
1,<environment.Job instance at 0x14fe6e31dd20>,55,3,[5 1],71,90,93,19,90
1,<environment.Job instance at 0x14fe54c6f2d0>,57,3,[9 1],74,93,96,19,93
1,<environment.Job instance at 0x14fe54ac60a0>,59,12,[7 2],77,96,108,19,93
1,<environment.Job instance at 0x14fe54ac61e0>,60,2,[2 7],79,94,96,15,93
1,<environment.Job instance at 0x14fe54ac6f00>,61,17,[6 2],81,96,113,15,94
1,<environment.Job instance at 0x14fe6e304960>,63,2,[1 9],83,101,103,18,101
1,<environment.Job instance at 0x14fe701ef8c0>,64,23,[1 5],84,103,126,19,103
1,<environment.Job instance at 0x14fe5519b1e0>,47,14,[ 2 10],61,113,127,52,103
1,<environment.Job instance at 0x14fe54ac6eb0>,66,18,[10  1],86,126,144,40,117
1,<environment.Job instance at 0x14fe54ac6f50>,67,1,[8 2],87,144,145,57,117
1,<environment.Job instance at 0x14fe54ac6230>,69,1,[5 1],89,127,128,38,121
1,<environment.Job instance at 0x14fe6e33a2d0>,74,22,[5 1],96,128,150,32,126
1,<environment.Job instance at 0x14fe70f60f50>,71,3,[7 1],91,145,148,54,126
1,<environment.Job instance at 0x14fe6c3835f0>,31,3,[ 1 11],41,144,147,103,138
1,<environment.Job instance at 0x14fe54a11b40>,75,14,[9 2],99,148,162,49,138
1,<environment.Job instance at 0x14fe75c99e60>,81,2,[2 8],107,150,152,43,138
1,<environment.Job instance at 0x14fe6e371500>,87,2,[5 2],115,152,154,37,138
1,<environment.Job instance at 0x14fe6e3715a0>,88,2,[8 1],116,162,164,46,139
1,<environment.Job instance at 0x14fe70c17690>,7,2,[ 1 10],8,19,21,11,19
1,<environment.Job instance at 0x14fe6c1c9140>,10,17,[6 2],14,32,49,18,32
1,<environment.Job instance at 0x14fe70c175f0>,5,13,[8 1],6,32,45,26,32
1,<environment.Job instance at 0x14fe7744d370>,11,3,[5 2],15,45,48,30,35
1,<environment.Job instance at 0x14fe5520cd20>,13,2,[8 2],17,48,50,31,42
1,<environment.Job instance at 0x14fe70bf7550>,12,15,[10  2],16,58,73,42,58
1,<environment.Job instance at 0x14fe75c99a00>,14,2,[11  1],18,73,75,55,61
1,<environment.Job instance at 0x14fe7529a410>,18,3,[9 1],24,75,78,51,63
1,<environment.Job instance at 0x14fe6c2aaa50>,19,14,[2 5],26,100,114,74,100
1,<environment.Job instance at 0x14fe54f8c370>,21,1,[5 1],28,101,102,73,101
1,<environment.Job instance at 0x14fe75c9bb90>,22,14,[1 7],29,122,136,93,122
1,<environment.Job instance at 0x14fe75c9b5a0>,23,2,[8 1],31,124,126,93,124
1,<environment.Job instance at 0x14fe773047d0>,24,2,[6 2],33,126,128,93,126
1,<environment.Job instance at 0x14fe773045f0>,25,2,[1 5],34,127,129,93,127
1,<environment.Job instance at 0x14fe75c99eb0>,17,28,[ 2 10],21,137,165,116,137
1,<environment.Job instance at 0x14fe55379960>,27,1,[9 1],38,152,153,114,152
1,<environment.Job instance at 0x14fe55379b90>,30,2,[2 9],42,165,167,123,164
1,<environment.Job instance at 0x14fe55379e60>,33,2,[ 1 10],45,190,192,145,190
1,<environment.Job instance at 0x14fe55379140>,34,2,[ 1 11],47,194,196,147,194
1,<environment.Job instance at 0x14fe55379780>,35,2,[1 8],48,203,205,155,203
1,<environment.Job instance at 0x14fe55379050>,31,17,[2 9],43,490,507,447,490
1,<environment.Job instance at 0x14fe553795a0>,32,3,[7 1],44,624,627,580,624
1,<environment.Job instance at 0x14fe54c41fa0>,37,1,[1 5],50,905,906,855,905
1,<environment.Job instance at 0x14fe54c431e0>,39,12,[7 2],52,1036,1048,984,1036
1,<environment.Job instance at 0x14fe54c43a00>,40,1,[2 5],54,1043,1044,989,1043
1,<environment.Job instance at 0x14fe700e1410>,41,17,[ 1 10],56,1651,1668,1595,1651
1,<environment.Job instance at 0x14fe70c53230>,42,3,[1 6],59,1792,1795,1733,1792
1,<environment.Job instance at 0x14fe70c53780>,43,3,[2 6],60,2085,2088,2025,2085
1,<environment.Job instance at 0x14fe70c53f00>,45,16,[7 2],62,2268,2284,2206,2268
1,<environment.Job instance at 0x14fe552880a0>,46,12,[9 1],63,2329,2341,2266,2329
1,<environment.Job instance at 0x14fe552884b0>,48,3,[1 6],67,2439,2442,2372,2439
1,<environment.Job instance at 0x14fe55288c30>,50,2,[8 1],73,2602,2604,2529,2602
1,<environment.Job instance at 0x14fe54c2c190>,5,3,[6 1],9,16,19,7,16
1,<environment.Job instance at 0x14fe54c2ce10>,16,3,[5 2],22,22,25,0,22
1,<environment.Job instance at 0x14fe54c2c910>,14,2,[1 9],19,22,24,3,22
1,<environment.Job instance at 0x14fe54c2c9b0>,12,2,[6 2],17,23,25,6,23
1,<environment.Job instance at 0x14fe54c2c4b0>,9,2,[14  2],14,25,27,11,24
1,<environment.Job instance at 0x14fe54c2c7d0>,11,1,[14  2],16,27,28,11,27
1,<environment.Job instance at 0x14fe54c3d410>,19,2,[2 8],27,28,30,1,27
1,<environment.Job instance at 0x14fe54c3d640>,25,18,[8 1],37,37,55,0,37
1,<environment.Job instance at 0x14fe54c3d960>,27,1,[6 1],39,40,41,1,40
1,<environment.Job instance at 0x14fe54c3df50>,29,1,[5 1],43,43,44,0,43
1,<environment.Job instance at 0x14fe54c3dc30>,26,1,[6 2],38,44,45,6,43
1,<environment.Job instance at 0x14fe54c46140>,34,1,[ 2 10],52,54,55,2,54
1,<environment.Job instance at 0x14fe54c46cd0>,38,2,[ 1 10],60,63,65,3,63
1,<environment.Job instance at 0x14fe54c46e10>,43,2,[10  2],66,68,70,2,68
1,<environment.Job instance at 0x14fe54c35050>,44,2,[14  1],67,70,72,3,68
1,<environment.Job instance at 0x14fe54c3c190>,47,18,[10  2],72,73,91,1,73
1,<environment.Job instance at 0x14fe54c61780>,52,1,[2 9],78,79,80,1,79
1,<environment.Job instance at 0x14fe54c61a00>,55,2,[10  1],83,91,93,8,89
1,<environment.Job instance at 0x14fe6e87b230>,62,14,[7 1],99,99,113,0,99
1,<environment.Job instance at 0x14fe54f5d780>,63,3,[6 2],100,100,103,0,100
1,<environment.Job instance at 0x14fe552f5780>,61,1,[1 7],97,103,104,6,103
1,<environment.Job instance at 0x14fe701a1960>,67,14,[10  2],109,113,127,4,111
1,<environment.Job instance at 0x14fe55347e60>,70,3,[1 6],112,113,116,1,113
1,<environment.Job instance at 0x14fe55347cd0>,69,17,[1 9],111,116,133,5,114
1,<environment.Job instance at 0x14fe55347b40>,72,1,[6 1],114,127,128,13,119
1,<environment.Job instance at 0x14fe552ef690>,8,3,[ 2 10],18,18,21,0,18
1,<environment.Job instance at 0x14fe552ef410>,11,2,[1 7],23,23,25,0,23
1,<environment.Job instance at 0x14fe552efaf0>,13,16,[5 2],25,31,47,6,31
1,<environment.Job instance at 0x14fe55227410>,16,2,[8 1],28,32,34,4,32
1,<environment.Job instance at 0x14fe55227a00>,18,1,[1 9],31,32,33,1,32
1,<environment.Job instance at 0x14fe55227730>,20,2,[5 1],33,34,36,1,33
1,<environment.Job instance at 0x14fe55227500>,22,1,[6 1],35,44,45,9,44
1,<environment.Job instance at 0x14fe55227e60>,24,1,[6 1],38,47,48,9,47
1,<environment.Job instance at 0x14fe55227550>,23,1,[5 2],37,50,51,13,50
1,<environment.Job instance at 0x14fe55227280>,21,3,[2 5],34,50,53,16,50
1,<environment.Job instance at 0x14fe55209320>,27,1,[2 9],47,53,54,6,53
1,<environment.Job instance at 0x14fe55209140>,30,2,[2 9],51,57,59,6,57
1,<environment.Job instance at 0x14fe55209500>,33,2,[1 6],54,61,63,7,61
1,<environment.Job instance at 0x14fe552090f0>,32,3,[2 6],53,67,70,14,67
1,<environment.Job instance at 0x14fe55227c80>,14,13,[ 1 13],26,116,129,90,116
1,<environment.Job instance at 0x14fe552023c0>,55,3,[9 1],87,127,130,40,127
1,<environment.Job instance at 0x14fe55202410>,54,2,[11  1],84,130,132,46,128
1,<environment.Job instance at 0x14fe55202af0>,59,1,[6 1],91,129,130,38,128
1,<environment.Job instance at 0x14fe55207c30>,61,2,[1 7],93,130,132,37,128
1,<environment.Job instance at 0x14fe55207aa0>,63,1,[1 8],95,132,133,37,128
1,<environment.Job instance at 0x14fe55207870>,65,3,[1 9],97,133,136,36,128
1,<environment.Job instance at 0x14fe55207c80>,62,3,[1 7],94,130,133,36,128
1,<environment.Job instance at 0x14fe55207a00>,69,1,[9 1],103,133,134,30,129
1,<environment.Job instance at 0x14fe55207af0>,70,3,[1 7],104,136,139,32,133
1,<environment.Job instance at 0x14fe552075f0>,71,2,[1 8],105,136,138,31,134
1,<environment.Job instance at 0x14fe55207320>,74,3,[9 2],109,168,171,59,168
1,<environment.Job instance at 0x14fe551f28c0>,45,3,[ 2 12],70,173,176,103,173
1,<environment.Job instance at 0x14fe552074b0>,75,14,[ 1 12],110,176,190,66,174
1,<environment.Job instance at 0x14fe54c44500>,35,1,[8 1],55,102,103,47,102
1,<environment.Job instance at 0x14fe5508b280>,72,2,[13  1],118,201,203,83,201
1,<environment.Job instance at 0x14684a87deb0>,6,18,[8 1],7,7,25,0,7
1,<environment.Job instance at 0x14684a5dd690>,4,2,[7 2],5,7,9,2,7
1,<environment.Job instance at 0x14684a530690>,22,1,[2 7],30,30,31,0,30
1,<environment.Job instance at 0x14684a84fd20>,21,3,[6 1],29,33,36,4,33
1,<environment.Job instance at 0x14684a0bddc0>,26,1,[2 7],35,36,37,1,36
1,<environment.Job instance at 0x14684a0bde60>,28,2,[2 7],37,37,39,0,37
1,<environment.Job instance at 0x14684a0bdf00>,29,16,[10  2],39,40,56,1,40
1,<environment.Job instance at 0x14684a0be5a0>,31,3,[9 2],41,56,59,15,41
1,<environment.Job instance at 0x14684a530780>,24,12,[ 1 10],32,41,53,9,41
1,<environment.Job instance at 0x14684a0be7d0>,30,15,[2 9],40,53,68,13,44
1,<environment.Job instance at 0x14684a0b9780>,33,1,[2 7],43,68,69,25,46
1,<environment.Job instance at 0x14684a0b95a0>,36,3,[10  2],48,59,62,11,51
1,<environment.Job instance at 0x14684a0b92d0>,38,1,[8 1],51,62,63,11,52
1,<environment.Job instance at 0x14684a0baa00>,40,3,[1 6],53,63,66,10,55
1,<environment.Job instance at 0x14684a0bacd0>,42,1,[10  1],56,66,67,10,56
1,<environment.Job instance at 0x14684a0b81e0>,43,3,[7 2],57,67,70,10,59
1,<environment.Job instance at 0x14684a0b90f0>,39,3,[1 5],52,68,71,16,59
1,<environment.Job instance at 0x14684a52d2d0>,20,2,[ 1 13],27,71,73,44,60
1,<environment.Job instance at 0x14684a0b9be0>,34,15,[11  1],44,70,85,26,61
1,<environment.Job instance at 0x14684a0b8730>,44,3,[1 8],58,73,76,15,62
1,<environment.Job instance at 0x14684a0b8e60>,45,3,[2 8],60,76,79,16,62
1,<environment.Job instance at 0x14684a0d3280>,48,1,[2 9],65,70,71,5,67
1,<environment.Job instance at 0x14684a5bd2d0>,51,2,[8 2],69,85,87,16,69
1,<environment.Job instance at 0x14684a0f2b90>,53,3,[6 1],73,85,88,12,75
1,<environment.Job instance at 0x14684a0de410>,49,16,[8 2],66,87,103,21,75
1,<environment.Job instance at 0x14684a59b0a0>,60,17,[8 1],86,103,120,17,91
1,<environment.Job instance at 0x14684a59bfa0>,63,3,[10  1],89,120,123,31,95
1,<environment.Job instance at 0x14684a59bcd0>,65,3,[2 9],92,95,98,3,95
1,<environment.Job instance at 0x146852fd6460>,66,3,[1 9],93,98,101,5,95
1,<environment.Job instance at 0x14684a59b730>,67,1,[13  1],94,123,124,29,95
1,<environment.Job instance at 0x14684a593a00>,68,3,[1 9],95,101,104,6,99
1,<environment.Job instance at 0x14684a0b5320>,73,2,[6 2],103,105,107,2,105
1,<environment.Job instance at 0x14684a59b280>,61,3,[1 5],87,110,113,23,110
1,<environment.Job instance at 0x14684a857be0>,78,3,[2 9],110,110,113,0,110
1,<environment.Job instance at 0x14684b8e5410>,77,2,[ 1 10],109,113,115,4,110
1,<environment.Job instance at 0x14684a879550>,80,14,[7 1],112,124,138,12,112
1,<environment.Job instance at 0x14684a8792d0>,86,2,[1 8],121,122,124,1,122
1,<environment.Job instance at 0x14684a876eb0>,87,2,[2 6],122,124,126,2,122
1,<environment.Job instance at 0x14684a876f00>,89,2,[1 9],126,126,128,0,126
1,<environment.Job instance at 0x14684a8760f0>,91,1,[2 5],128,128,129,0,128
1,<environment.Job instance at 0x14684a876870>,92,15,[7 1],129,130,145,1,130
1,<environment.Job instance at 0x14684a0ba2d0>,41,25,[12  2],54,175,200,121,175
1,<environment.Job instance at 0x14684a0ba910>,3,15,[10  2],5,9,24,4,9
1,<environment.Job instance at 0x14684a63a9b0>,10,1,[ 2 14],13,25,26,12,25
1,<environment.Job instance at 0x14684a63b8c0>,26,1,[1 8],36,45,46,9,45
1,<environment.Job instance at 0x14684a63b780>,28,3,[7 2],38,47,50,9,47
1,<environment.Job instance at 0x14684a879280>,29,2,[1 8],39,49,51,10,49
1,<environment.Job instance at 0x14684a879c80>,30,3,[1 7],41,50,53,9,49
1,<environment.Job instance at 0x14684a63adc0>,12,15,[5 1],15,89,104,74,89
1,<environment.Job instance at 0x14684a879d70>,34,2,[7 2],45,185,187,140,185
1,<environment.Job instance at 0x14684a879820>,31,13,[ 1 14],42,266,279,224,266
1,<environment.Job instance at 0x14684a5519b0>,44,2,[ 2 10],64,279,281,215,268
1,<environment.Job instance at 0x14684a551140>,49,3,[5 2],70,281,284,211,281
1,<environment.Job instance at 0x14684a551c80>,50,2,[ 1 10],71,294,296,223,294
1,<environment.Job instance at 0x14684a551eb0>,52,1,[1 7],73,307,308,234,307
1,<environment.Job instance at 0x14684a5513c0>,56,14,[10  1],79,313,327,234,313
1,<environment.Job instance at 0x14684a551640>,59,3,[8 1],82,327,330,245,315
1,<environment.Job instance at 0x14684a63bd20>,25,3,[12  1],34,330,333,296,319
1,<environment.Job instance at 0x14684a5eba50>,62,2,[10  1],85,333,335,248,319
1,<environment.Job instance at 0x14684a5ebaa0>,67,17,[7 1],92,335,352,243,328
1,<environment.Job instance at 0x14684a5db9b0>,72,12,[1 5],102,328,340,226,328
1,<environment.Job instance at 0x14684a5dbd70>,74,1,[9 1],105,352,353,247,328
1,<environment.Job instance at 0x14684a5db500>,75,2,[8 1],106,340,342,234,331
1,<environment.Job instance at 0x14684a551a50>,55,3,[ 2 10],77,342,345,265,333
1,<environment.Job instance at 0x14684a5db870>,79,2,[10  2],111,353,355,242,338
1,<environment.Job instance at 0x14684a5dbf00>,87,2,[2 5],128,345,347,217,342
1,<environment.Job instance at 0x14684a63a8c0>,15,3,[11  2],21,384,387,363,384
1,<environment.Job instance at 0x14684a5ddc30>,2,2,[5 2],4,5,7,1,5
1,<environment.Job instance at 0x146830b69500>,6,16,[1 7],9,17,33,8,17
1,<environment.Job instance at 0x146830b69820>,8,2,[6 2],12,18,20,6,18
1,<environment.Job instance at 0x146830b699b0>,9,1,[1 5],13,21,22,8,21
1,<environment.Job instance at 0x146830b69a00>,11,3,[ 2 10],15,33,36,18,25
1,<environment.Job instance at 0x146830b69aa0>,12,3,[ 1 13],16,36,39,20,28
1,<environment.Job instance at 0x146830b69be0>,13,3,[1 5],19,29,32,10,29
1,<environment.Job instance at 0x146830b698c0>,10,16,[1 7],14,40,56,26,40
1,<environment.Job instance at 0x146830b69b40>,14,21,[ 2 13],20,61,82,41,61
1,<environment.Job instance at 0x146830b69eb0>,18,2,[8 2],25,62,64,37,62
1,<environment.Job instance at 0x146830b69fa0>,16,1,[7 1],22,64,65,42,63
1,<environment.Job instance at 0x146830aea460>,22,1,[1 8],29,82,83,53,63
1,<environment.Job instance at 0x146830aea140>,23,3,[1 7],30,82,85,52,63
1,<environment.Job instance at 0x146830aea550>,24,2,[5 2],32,65,67,33,63
1,<environment.Job instance at 0x146830aea820>,29,2,[10  1],39,67,69,28,66
1,<environment.Job instance at 0x146830aea5a0>,28,12,[7 1],38,69,81,31,66
1,<environment.Job instance at 0x146830aea960>,30,3,[2 7],40,83,86,43,72
1,<environment.Job instance at 0x146830aeacd0>,33,3,[1 8],45,85,88,40,74
1,<environment.Job instance at 0x146830aeab90>,31,17,[7 1],42,86,103,44,74
1,<environment.Job instance at 0x146830aeae10>,35,2,[7 2],49,86,88,37,74
1,<environment.Job instance at 0x146830aeaf00>,37,14,[8 2],52,88,102,36,78
1,<environment.Job instance at 0x146830aeaa00>,36,3,[ 2 10],51,102,105,51,81
1,<environment.Job instance at 0x146830aeae60>,38,2,[2 5],54,103,105,49,82
1,<environment.Job instance at 0x146830b694b0>,7,13,[ 1 11],11,105,118,94,92
1,<environment.Job instance at 0x146830aec050>,39,1,[ 2 10],55,118,119,63,92
1,<environment.Job instance at 0x146830aec460>,44,13,[5 2],61,105,118,44,92
1,<environment.Job instance at 0x14684a63a8c0>,3,2,[ 2 12],6,119,121,113,94
1,<environment.Job instance at 0x146830aec320>,42,3,[7 2],58,105,108,47,94
1,<environment.Job instance at 0x146830aecc80>,49,12,[7 1],71,108,120,37,96
1,<environment.Job instance at 0x146830aee730>,53,3,[1 8],78,121,124,43,106
1,<environment.Job instance at 0x146830aee4b0>,55,2,[9 2],82,120,122,38,106
1,<environment.Job instance at 0x146830aee280>,51,2,[10  1],73,122,124,49,118
1,<environment.Job instance at 0x146830aeeaa0>,58,1,[ 2 10],85,124,125,39,124
1,<environment.Job instance at 0x146830af16e0>,67,2,[ 2 12],100,166,168,66,166
1,<environment.Job instance at 0x146830af31e0>,74,1,[1 9],113,168,169,55,166
1,<environment.Job instance at 0x146830af3460>,76,1,[9 2],115,189,190,74,189
1,<environment.Job instance at 0x146830af3190>,75,3,[1 8],114,234,237,120,234
1,<environment.Job instance at 0x146830b616e0>,85,14,[7 2],127,245,259,118,245
1,<environment.Job instance at 0x14684a616870>,84,3,[2 7],126,251,254,125,251
1,<environment.Job instance at 0x146830af3b40>,81,3,[9 1],122,283,286,161,283
1,<environment.Job instance at 0x146830af1d20>,70,15,[ 1 11],107,648,663,541,648
1,<environment.Job instance at 0x1468311d2780>,15,1,[7 2],26,30,31,4,30
1,<environment.Job instance at 0x1468311d29b0>,21,2,[2 9],35,45,47,10,45
1,<environment.Job instance at 0x1468311d2f00>,17,14,[1 6],29,193,207,164,193
1,<environment.Job instance at 0x14684803a820>,58,3,[ 2 11],90,207,210,117,194
1,<environment.Job instance at 0x14684803a730>,61,18,[8 2],93,194,212,101,194
1,<environment.Job instance at 0x14684803abe0>,60,1,[1 5],92,206,207,114,206
1,<environment.Job instance at 0x14684803ae60>,66,15,[7 2],98,230,245,132,230
1,<environment.Job instance at 0x14684803a5f0>,63,16,[1 5],95,308,324,213,308
1,<environment.Job instance at 0x14684a87bc80>,25,3,[8 1],39,383,386,344,383
1,<environment.Job instance at 0x1468313dab40>,84,12,[6 1],122,399,411,277,399
1,<environment.Job instance at 0x1468313daf50>,69,2,[1 8],101,406,408,305,406
1,<environment.Job instance at 0x14684803a870>,54,14,[14  1],82,472,486,390,472
1,<environment.Job instance at 0x14684803a870>,4,17,[9 2],8,9,26,1,9
1,<environment.Job instance at 0x1468310f7cd0>,7,1,[1 7],11,11,12,0,11
1,<environment.Job instance at 0x1468310f7320>,9,2,[1 5],13,15,17,2,15
1,<environment.Job instance at 0x1468310f7e10>,11,1,[2 5],16,17,18,1,17
1,<environment.Job instance at 0x1468310f7aa0>,5,1,[6 2],9,18,19,9,18
1,<environment.Job instance at 0x1468310f7b40>,15,1,[2 6],21,21,22,0,21
1,<environment.Job instance at 0x1468310f7640>,14,1,[2 8],20,23,24,3,23
1,<environment.Job instance at 0x1468310f7f50>,16,3,[1 7],23,24,27,1,23
1,<environment.Job instance at 0x1468311aecd0>,19,17,[9 1],26,27,44,1,27
1,<environment.Job instance at 0x1468311ae820>,20,3,[5 1],27,30,33,3,30
1,<environment.Job instance at 0x1468311aed70>,23,12,[9 2],30,44,56,14,31
1,<environment.Job instance at 0x14683116e820>,25,3,[9 2],32,56,59,24,32
1,<environment.Job instance at 0x14683116e460>,26,2,[10  2],33,59,61,26,34
1,<environment.Job instance at 0x14683116e4b0>,29,2,[1 6],37,38,40,1,38
1,<environment.Job instance at 0x1468311a4780>,35,1,[2 5],44,47,48,3,47
1,<environment.Job instance at 0x146831174e60>,33,2,[1 8],42,47,49,5,47
1,<environment.Job instance at 0x1468311a4050>,38,3,[7 1],47,61,64,14,47
1,<environment.Job instance at 0x1468311a49b0>,39,13,[10  1],48,64,77,16,48
1,<environment.Job instance at 0x1468311a4e60>,40,25,[12  1],49,77,102,28,73
1,<environment.Job instance at 0x1468311aef00>,24,2,[2 6],31,77,79,46,77
1,<environment.Job instance at 0x1468310c79b0>,48,23,[1 6],61,82,105,21,82
1,<environment.Job instance at 0x1468310c7e10>,52,3,[8 1],70,102,105,32,82
1,<environment.Job instance at 0x1468310c7870>,54,18,[2 6],74,87,105,13,87
1,<environment.Job instance at 0x1468310c7aa0>,56,2,[5 1],77,105,107,28,90
1,<environment.Job instance at 0x1468310f4640>,65,1,[1 9],92,105,106,13,93
1,<environment.Job instance at 0x1468311a4320>,46,16,[10  1],59,106,122,47,96
1,<environment.Job instance at 0x1468310f4e10>,68,1,[5 2],96,105,106,9,96
1,<environment.Job instance at 0x1468310f4960>,70,2,[ 1 10],100,107,109,7,102
1,<environment.Job instance at 0x1468310f4aa0>,71,16,[ 2 10],102,109,125,7,107
1,<environment.Job instance at 0x1468310f4fa0>,74,3,[1 9],108,125,128,17,108
1,<environment.Job instance at 0x1468310f4820>,66,3,[2 9],94,128,131,34,112
1,<environment.Job instance at 0x14683115b640>,77,3,[10  2],114,122,125,8,115
1,<environment.Job instance at 0x14683115bfa0>,76,1,[6 2],112,125,126,13,117
1,<environment.Job instance at 0x146830c7bc80>,80,2,[7 2],120,125,127,5,120
1,<environment.Job instance at 0x14683118d280>,81,2,[6 2],121,126,128,5,121
1,<environment.Job instance at 0x1468309471e0>,82,3,[9 1],122,128,131,6,122
1,<environment.Job instance at 0x146831177780>,84,2,[5 2],124,131,133,7,130
1,<environment.Job instance at 0x1468307d73c0>,88,2,[6 1],129,131,133,2,130
1,<environment.Job instance at 0x14684803af50>,3,13,[12  2],7,347,360,340,347
1,<environment.Job instance at 0x14684be31320>,7,13,[10  1],15,19,32,4,19
1,<environment.Job instance at 0x14684be313c0>,9,1,[10  2],18,32,33,14,28
1,<environment.Job instance at 0x146830c64550>,13,1,[ 1 12],26,31,32,5,31
1,<environment.Job instance at 0x146830c64d70>,16,3,[1 9],31,32,35,1,31
1,<environment.Job instance at 0x146830c64190>,20,13,[13  2],37,45,58,8,45
1,<environment.Job instance at 0x146830b2f2d0>,25,1,[8 1],45,58,59,13,45
1,<environment.Job instance at 0x146830b2f190>,28,18,[5 1],48,58,76,10,48
1,<environment.Job instance at 0x146830b2f7d0>,27,13,[8 2],47,59,72,12,48
1,<environment.Job instance at 0x146830b2fc30>,24,3,[2 5],44,52,55,8,52
1,<environment.Job instance at 0x146830b37500>,31,1,[6 2],51,72,73,21,52
1,<environment.Job instance at 0x146830b37640>,29,15,[6 1],49,73,88,24,60
1,<environment.Job instance at 0x146830b37be0>,30,3,[6 2],50,76,79,26,65
1,<environment.Job instance at 0x146830cddd70>,40,2,[5 1],61,79,81,18,65
1,<environment.Job instance at 0x146830cb41e0>,50,16,[8 1],80,153,169,73,153
1,<environment.Job instance at 0x146830cc2320>,80,14,[8 2],117,169,183,52,166
1,<environment.Job instance at 0x146830cbd5a0>,59,12,[2 9],92,170,182,78,170
1,<environment.Job instance at 0x14685103a4b0>,5,3,[2 7],8,10,13,2,10
1,<environment.Job instance at 0x14684d52e640>,6,15,[7 2],9,13,28,4,13
1,<environment.Job instance at 0x14684d52ef00>,8,2,[2 9],11,13,15,2,13
1,<environment.Job instance at 0x14684d52e050>,11,14,[2 6],15,18,32,3,18
1,<environment.Job instance at 0x14684d52e1e0>,10,16,[1 8],13,28,44,15,21
1,<environment.Job instance at 0x14684f1c48c0>,19,17,[9 1],26,32,49,6,32
1,<environment.Job instance at 0x14684f1c4f00>,17,2,[5 1],22,33,35,11,33
1,<environment.Job instance at 0x14684cc39be0>,31,17,[12  1],40,86,103,46,86
1,<environment.Job instance at 0x146830f69fa0>,26,2,[7 2],35,103,105,68,87
1,<environment.Job instance at 0x146831120460>,38,1,[5 2],49,103,104,54,87
1,<environment.Job instance at 0x1468310f6f00>,46,13,[10  1],59,105,118,46,89
1,<environment.Job instance at 0x14684be5c050>,42,13,[2 9],53,89,102,36,89
1,<environment.Job instance at 0x14683111d730>,52,1,[13  1],65,118,119,53,90
1,<environment.Job instance at 0x14683111d870>,53,3,[2 7],66,102,105,36,92
1,<environment.Job instance at 0x14684bfefd70>,66,3,[7 2],81,119,122,38,116
1,<environment.Job instance at 0x1468311afdc0>,61,22,[8 1],75,119,141,44,116
1,<environment.Job instance at 0x14684bfeff00>,67,2,[2 9],82,132,134,50,132
1,<environment.Job instance at 0x14684bfc4190>,75,1,[6 1],92,134,135,42,133
1,<environment.Job instance at 0x14684bfc9550>,76,2,[9 1],94,141,143,47,133
1,<environment.Job instance at 0x14684bfc9c80>,78,1,[8 1],97,143,144,46,133
1,<environment.Job instance at 0x14684bfc9e10>,79,1,[5 1],99,133,134,34,133
1,<environment.Job instance at 0x14684bfc49b0>,73,1,[ 1 14],90,135,136,45,133
1,<environment.Job instance at 0x14684bfc90a0>,80,2,[7 2],100,136,138,36,134
1,<environment.Job instance at 0x14684bfb30f0>,82,3,[1 8],103,138,141,35,134
1,<environment.Job instance at 0x14684bfc9370>,77,19,[1 5],96,138,157,42,135
1,<environment.Job instance at 0x14684bfb33c0>,84,2,[7 2],106,144,146,38,135
1,<environment.Job instance at 0x14684bfb35a0>,86,2,[6 1],109,143,145,34,138
1,<environment.Job instance at 0x14684bfb3b40>,85,1,[6 1],107,161,162,54,161
1,<environment.Job instance at 0x146853071c80>,93,15,[14  1],121,162,177,41,162
1,<environment.Job instance at 0x14684ccea2d0>,94,2,[1 9],122,166,168,44,166
1,<environment.Job instance at 0x1468308c3690>,97,1,[2 9],126,177,178,51,168
1,<environment.Job instance at 0x1468308c3f00>,98,2,[10  2],127,182,184,55,182
1,<environment.Job instance at 0x14684bfc93c0>,81,3,[ 2 14],102,209,212,107,209
1,<environment.Job instance at 0x14683118f7d0>,0,1,[7 2],2,3,4,1,3
1,<environment.Job instance at 0x14684bfc93c0>,3,25,[6 1],5,8,33,3,8
1,<environment.Job instance at 0x146830852b90>,12,1,[9 2],20,21,22,1,21
1,<environment.Job instance at 0x146830852500>,13,1,[10  1],21,33,34,12,26
1,<environment.Job instance at 0x14684d558a00>,15,13,[7 2],24,34,47,10,29
1,<environment.Job instance at 0x14684d558190>,19,14,[7 1],30,44,58,14,44
1,<environment.Job instance at 0x14684d558280>,22,2,[10  2],33,58,60,25,46
1,<environment.Job instance at 0x14684d558820>,18,15,[2 5],29,47,62,18,47
1,<environment.Job instance at 0x14684d558cd0>,24,3,[9 2],35,60,63,25,47
1,<environment.Job instance at 0x14684d5584b0>,25,1,[6 2],37,56,57,19,56
1,<environment.Job instance at 0x14684d558dc0>,26,2,[ 1 10],38,62,64,24,56
1,<environment.Job instance at 0x14684d5585a0>,27,2,[2 7],39,70,72,31,70
1,<environment.Job instance at 0x1468308060f0>,29,3,[10  1],42,122,125,80,122
1,<environment.Job instance at 0x146830806c80>,34,13,[2 9],56,184,197,128,184
1,<environment.Job instance at 0x146830806690>,32,17,[1 6],51,217,234,166,217
1,<environment.Job instance at 0x146830806190>,37,1,[1 8],60,231,232,171,231
1,<environment.Job instance at 0x146830806280>,40,15,[10  1],63,233,248,170,233
1,<environment.Job instance at 0x14683080e4b0>,41,28,[5 2],64,273,301,209,273
1,<environment.Job instance at 0x14683080ebe0>,43,2,[ 1 10],66,288,290,222,288
1,<environment.Job instance at 0x14683080ef50>,44,3,[ 2 14],67,305,308,238,305
1,<environment.Job instance at 0x14684bfc14b0>,45,1,[5 1],68,311,312,243,311
1,<environment.Job instance at 0x14684a0dbaa0>,46,2,[2 6],69,315,317,246,315
1,<environment.Job instance at 0x146851b11c30>,47,1,[8 1],70,340,341,270,340
1,<environment.Job instance at 0x146851b11af0>,48,1,[7 2],72,349,350,277,349
1,<environment.Job instance at 0x146851b11f50>,50,3,[1 7],74,374,377,300,374
1,<environment.Job instance at 0x146851b1a320>,51,2,[6 2],76,376,378,300,376
1,<environment.Job instance at 0x146851b1a2d0>,52,3,[9 1],77,386,389,309,386
1,<environment.Job instance at 0x146851b1a460>,53,14,[7 1],78,391,405,313,391
1,<environment.Job instance at 0x146851b1aa50>,54,14,[ 2 10],79,407,421,328,407
1,<environment.Job instance at 0x146830806be0>,35,2,[ 1 11],57,435,437,378,435
1,<environment.Job instance at 0x146851b1a9b0>,55,14,[9 2],80,502,516,422,502
1,<environment.Job instance at 0x14683118fc80>,59,3,[5 2],84,512,515,428,512
1,<environment.Job instance at 0x146851b1a3c0>,58,1,[6 1],83,515,516,432,512
1,<environment.Job instance at 0x146851b1aeb0>,61,2,[8 2],86,520,522,434,520
1,<environment.Job instance at 0x146851b1a230>,60,16,[7 1],85,522,538,437,522
1,<environment.Job instance at 0x146851b0ad70>,63,2,[1 7],88,542,544,454,542
1,<environment.Job instance at 0x1468311a17d0>,67,23,[9 1],96,721,744,625,721
1,<environment.Job instance at 0x1468311dc460>,65,16,[2 9],92,773,789,681,773
1,<environment.Job instance at 0x14684d558320>,14,26,[ 2 13],23,902,928,879,902
1,<environment.Job instance at 0x14683119d1e0>,74,1,[9 1],105,924,925,819,924
1,<environment.Job instance at 0x146830a66460>,78,20,[8 1],110,925,945,815,925
1,<environment.Job instance at 0x1468311c0aa0>,79,2,[7 1],111,928,930,817,927
1,<environment.Job instance at 0x146830c281e0>,80,3,[9 1],116,945,948,829,943
1,<environment.Job instance at 0x14683121d4b0>,83,1,[2 6],120,946,947,826,946
1,<environment.Job instance at 0x146853a80dc0>,77,3,[12  1],109,949,952,840,949
1,<environment.Job instance at 0x14683084f870>,86,3,[11  1],129,952,955,823,952
1,<environment.Job instance at 0x14684d558370>,17,2,[12  1],27,962,964,935,962
1,<environment.Job instance at 0x146851b1aaf0>,2,16,[9 1],4,6,22,2,6
1,<environment.Job instance at 0x1468308e0d20>,9,1,[6 2],18,18,19,0,18
1,<environment.Job instance at 0x1468308e09b0>,13,21,[5 1],22,22,43,0,22
1,<environment.Job instance at 0x1468308c3af0>,15,3,[8 2],25,26,29,1,26
1,<environment.Job instance at 0x1468308c3be0>,17,2,[1 6],27,29,31,2,29
1,<environment.Job instance at 0x1468308e08c0>,10,2,[ 1 12],19,31,33,12,31
1,<environment.Job instance at 0x14684bef3870>,39,1,[6 1],56,64,65,8,64
1,<environment.Job instance at 0x14684b8ad2d0>,53,12,[2 8],81,83,95,2,83
1,<environment.Job instance at 0x1468310edd20>,49,1,[ 2 10],74,95,96,21,83
1,<environment.Job instance at 0x1468310ed960>,47,3,[ 2 13],72,96,99,24,83
1,<environment.Job instance at 0x14684f1d57d0>,57,1,[ 2 10],85,99,100,14,87
1,<environment.Job instance at 0x1468311b9dc0>,61,18,[9 1],93,93,111,0,93
1,<environment.Job instance at 0x1468311b90a0>,62,2,[8 1],95,111,113,16,95
1,<environment.Job instance at 0x14684b8ad640>,55,27,[1 9],83,100,127,17,98
1,<environment.Job instance at 0x14684bfef0a0>,73,21,[9 1],111,113,134,2,112
1,<environment.Job instance at 0x146830acbeb0>,75,15,[10  2],113,134,149,21,120
1,<environment.Job instance at 0x14683081ba50>,74,16,[1 6],112,127,143,15,126
1,<environment.Job instance at 0x14684a8749b0>,86,20,[ 2 11],128,243,263,115,243
1,<environment.Job instance at 0x1468308273c0>,10,1,[7 2],15,17,18,2,17
1,<environment.Job instance at 0x146848022aa0>,24,2,[8 1],30,34,36,4,34
1,<environment.Job instance at 0x1468311e7c80>,26,21,[9 2],32,36,57,4,36
1,<environment.Job instance at 0x1468311e73c0>,29,2,[2 9],35,38,40,3,38
1,<environment.Job instance at 0x1468311e72d0>,28,16,[5 2],34,45,61,11,45
1,<environment.Job instance at 0x1468311e7410>,35,1,[6 1],45,57,58,12,56
1,<environment.Job instance at 0x1468311e7870>,36,28,[14  1],48,61,89,13,60
1,<environment.Job instance at 0x1468311e75f0>,37,2,[1 7],49,62,64,13,62
1,<environment.Job instance at 0x1468311e79b0>,40,15,[6 2],52,89,104,37,79
1,<environment.Job instance at 0x14684be31e10>,45,2,[1 8],59,79,81,20,79
1,<environment.Job instance at 0x14684be31fa0>,46,2,[1 5],60,81,83,21,79
1,<environment.Job instance at 0x14684be317d0>,48,2,[9 1],62,89,91,27,80
1,<environment.Job instance at 0x146830aa0550>,49,3,[9 2],63,91,94,28,82
1,<environment.Job instance at 0x146830aa05a0>,51,2,[2 6],66,94,96,28,83
1,<environment.Job instance at 0x1468311e75a0>,30,13,[2 8],37,96,109,59,83
1,<environment.Job instance at 0x146830aa0640>,53,1,[2 7],68,94,95,26,83
1,<environment.Job instance at 0x14684be31460>,43,2,[11  2],56,104,106,48,89
1,<environment.Job instance at 0x1468510aff00>,59,14,[1 9],76,109,123,33,96
1,<environment.Job instance at 0x1468510af320>,60,1,[2 8],77,123,124,46,100
1,<environment.Job instance at 0x1468510af820>,61,18,[10  2],78,106,124,28,101
1,<environment.Job instance at 0x146830aa00a0>,56,2,[5 1],72,124,126,52,104
1,<environment.Job instance at 0x1468510afb40>,62,12,[2 9],79,124,136,45,110
1,<environment.Job instance at 0x146830bba2d0>,66,17,[7 1],84,124,141,40,119
1,<environment.Job instance at 0x14684bd84be0>,67,16,[8 2],85,136,152,51,132
1,<environment.Job instance at 0x146830aa0f50>,58,2,[12  1],75,152,154,77,140
1,<environment.Job instance at 0x14684ccae0f0>,83,1,[ 2 13],108,146,147,38,146
1,<environment.Job instance at 0x14683130c2d0>,84,2,[2 5],109,147,149,38,146
1,<environment.Job instance at 0x146830c50c30>,85,3,[9 1],110,154,157,44,150
1,<environment.Job instance at 0x14684ccc6c80>,92,15,[8 1],119,157,172,38,150
1,<environment.Job instance at 0x14684a0975a0>,89,2,[1 7],114,150,152,36,150
1,<environment.Job instance at 0x146830bba640>,69,1,[10  1],89,172,173,83,151
1,<environment.Job instance at 0x14684ccc6aa0>,93,3,[2 7],120,152,155,32,151
1,<environment.Job instance at 0x14684cca2d20>,96,1,[5 2],129,151,152,22,151
1,<environment.Job instance at 0x14684cca2820>,95,14,[2 9],127,155,169,28,153
1,<environment.Job instance at 0x146830aa0370>,3,3,[2 6],5,5,8,0,5
1,<environment.Job instance at 0x14684cc97b40>,5,1,[ 1 10],8,9,10,1,9
1,<environment.Job instance at 0x146830b8fb40>,4,2,[7 1],7,9,11,2,9
1,<environment.Job instance at 0x14684cc97e60>,6,26,[2 5],9,10,36,1,9
1,<environment.Job instance at 0x14684bf135a0>,22,1,[1 9],35,58,59,23,58
1,<environment.Job instance at 0x14684bf13cd0>,30,18,[5 2],47,81,99,34,81
1,<environment.Job instance at 0x14684bf13730>,28,24,[2 9],42,82,106,40,82
1,<environment.Job instance at 0x1468510d9320>,32,2,[2 6],50,99,101,49,84
1,<environment.Job instance at 0x14684bf130f0>,29,3,[2 5],45,101,104,56,85
1,<environment.Job instance at 0x14684cc32cd0>,39,2,[10  2],60,104,106,44,92
1,<environment.Job instance at 0x1468312a1280>,42,25,[9 1],63,106,131,43,103
1,<environment.Job instance at 0x14684cc320a0>,33,2,[6 2],51,106,108,55,103
1,<environment.Job instance at 0x14684c8d0f00>,44,1,[7 1],65,103,104,38,103
1,<environment.Job instance at 0x14684c8d05a0>,45,2,[7 2],66,131,133,65,106
1,<environment.Job instance at 0x14684c8d0b40>,48,2,[8 1],70,131,133,61,108
1,<environment.Job instance at 0x14684c8d09b0>,50,1,[9 1],72,133,134,61,114
1,<environment.Job instance at 0x146830c471e0>,54,2,[ 1 14],80,114,116,34,114
1,<environment.Job instance at 0x1468308df7d0>,57,15,[6 1],83,116,131,33,114
1,<environment.Job instance at 0x1468510f02d0>,55,1,[7 2],81,134,135,53,115
1,<environment.Job instance at 0x14684c8d0aa0>,58,1,[2 5],84,133,134,49,119
1,<environment.Job instance at 0x1468308260f0>,63,1,[8 2],90,134,135,44,119
1,<environment.Job instance at 0x146830eed140>,64,2,[2 6],91,135,137,44,120
1,<environment.Job instance at 0x146831267230>,65,3,[1 9],92,135,138,43,121
1,<environment.Job instance at 0x146830b9aa50>,66,2,[1 7],94,138,140,44,122
1,<environment.Job instance at 0x146830f7afa0>,68,2,[6 1],96,137,139,41,123
1,<environment.Job instance at 0x146830f7abe0>,69,1,[5 1],97,137,138,40,123
1,<environment.Job instance at 0x146830d7f910>,67,3,[2 9],95,140,143,45,124
1,<environment.Job instance at 0x14684a56be60>,71,2,[7 1],100,138,140,38,137
1,<environment.Job instance at 0x14684a56b190>,70,16,[2 6],98,141,157,43,141
1,<environment.Job instance at 0x14684ccf8a00>,72,14,[5 2],104,143,157,39,142
1,<environment.Job instance at 0x14684a0795f0>,74,3,[1 9],106,157,160,51,146
1,<environment.Job instance at 0x146830f861e0>,75,2,[9 2],108,157,159,49,146
1,<environment.Job instance at 0x146830f860a0>,77,21,[10  2],112,159,180,47,152
1,<environment.Job instance at 0x146830f86be0>,76,3,[2 7],109,176,179,67,176
1,<environment.Job instance at 0x14684bdbe320>,84,1,[10  2],125,189,190,64,189
1,<environment.Job instance at 0x14684bf13960>,18,2,[ 2 13],29,189,191,160,189
1,<environment.Job instance at 0x14684bdb9280>,85,3,[2 9],126,194,197,68,194
1,<environment.Job instance at 0x14684bdbeeb0>,82,2,[6 1],123,201,203,78,201
1,<environment.Job instance at 0x14684a0a3960>,83,1,[ 1 12],124,203,204,79,203
1,<environment.Job instance at 0x14684bf13a50>,24,16,[ 1 11],37,216,232,179,216
1,<environment.Job instance at 0x146830944b90>,3,1,[12  2],5,9,10,4,9
1,<environment.Job instance at 0x14684a57c2d0>,4,1,[5 1],6,18,19,12,18
1,<environment.Job instance at 0x14684a57c190>,9,18,[8 1],18,18,36,0,18
1,<environment.Job instance at 0x14684a57c960>,2,2,[13  1],4,36,38,32,19
1,<environment.Job instance at 0x14684bdd0050>,18,17,[6 2],32,38,55,6,36
1,<environment.Job instance at 0x146830e271e0>,27,3,[ 2 10],42,42,45,0,42
1,<environment.Job instance at 0x146830e27460>,38,1,[11  1],63,70,71,7,70
1,<environment.Job instance at 0x146830e270f0>,39,2,[5 1],64,74,76,10,74
1,<environment.Job instance at 0x146830e27230>,41,2,[1 8],66,92,94,26,92
1,<environment.Job instance at 0x146830af2230>,43,18,[10  2],69,96,114,27,96
1,<environment.Job instance at 0x146830e27320>,35,12,[ 1 14],52,114,126,62,105
1,<environment.Job instance at 0x146830e27550>,40,2,[1 6],65,106,108,41,106
1,<environment.Job instance at 0x146830af2d20>,44,1,[6 1],70,114,115,44,109
1,<environment.Job instance at 0x146830e27d70>,34,1,[ 1 13],51,111,112,60,111
1,<environment.Job instance at 0x146830af2d70>,48,3,[5 1],74,115,118,41,111
1,<environment.Job instance at 0x146830b088c0>,56,1,[1 8],88,112,113,24,112
1,<environment.Job instance at 0x146830b08e60>,60,1,[ 2 10],92,126,127,34,122
1,<environment.Job instance at 0x146851018f00>,64,1,[9 2],98,135,136,37,135
1,<environment.Job instance at 0x146852fceaf0>,70,1,[1 5],105,136,137,31,136
1,<environment.Job instance at 0x146848022e60>,73,3,[1 8],110,136,139,26,136
1,<environment.Job instance at 0x14684be8b780>,76,3,[1 7],113,137,140,24,136
1,<environment.Job instance at 0x14684ccaeaa0>,77,2,[6 1],114,139,141,25,136
1,<environment.Job instance at 0x14684ccb0c30>,78,3,[7 2],115,139,142,24,136
1,<environment.Job instance at 0x14684ccb0e60>,79,2,[8 1],116,141,143,25,136
1,<environment.Job instance at 0x14684ccb0fa0>,80,15,[8 2],117,143,158,26,137
1,<environment.Job instance at 0x14684bcfc7d0>,82,2,[8 2],120,158,160,38,137
1,<environment.Job instance at 0x14684ccb0500>,83,1,[1 6],121,140,141,19,138
1,<environment.Job instance at 0x14684be405a0>,84,3,[6 1],122,142,145,20,138
1,<environment.Job instance at 0x146830af2500>,47,16,[ 2 10],73,145,161,72,142
1,<environment.Job instance at 0x14684be40f50>,88,17,[12  1],127,246,263,119,246
1,<environment.Job instance at 0x14685300c5f0>,6,2,[1 6],7,8,10,1,8
1,<environment.Job instance at 0x1468307cb4b0>,9,3,[8 2],11,11,14,0,11
1,<environment.Job instance at 0x1468307cba50>,11,2,[9 1],14,14,16,0,14
1,<environment.Job instance at 0x146830dc6cd0>,16,15,[10  1],23,23,38,0,23
1,<environment.Job instance at 0x14684bef8f50>,30,16,[5 1],41,52,68,11,52
1,<environment.Job instance at 0x14684bef8be0>,32,13,[1 5],44,365,378,321,365
1,<environment.Job instance at 0x1468519bcd20>,36,18,[8 2],49,369,387,320,369
1,<environment.Job instance at 0x1468519bc320>,37,16,[2 9],50,435,451,385,435
1,<environment.Job instance at 0x14684c920af0>,45,3,[1 5],60,485,488,425,485
1,<environment.Job instance at 0x14684c9208c0>,46,2,[2 8],61,496,498,435,496
1,<environment.Job instance at 0x1468519bc050>,39,3,[2 6],52,518,521,466,518
1,<environment.Job instance at 0x14684c920dc0>,49,3,[2 5],65,550,553,485,550
1,<environment.Job instance at 0x14684c9206e0>,50,2,[6 2],66,617,619,551,617
1,<environment.Job instance at 0x14684c920280>,51,16,[2 8],68,633,649,565,633
1,<environment.Job instance at 0x14684c920a00>,52,2,[9 1],69,642,644,573,642
1,<environment.Job instance at 0x14684c920e60>,48,15,[1 5],63,683,698,620,683
1,<environment.Job instance at 0x14684c920320>,54,3,[10  2],71,688,691,617,688
1,<environment.Job instance at 0x14684c920f00>,53,18,[2 5],70,692,710,622,692
1,<environment.Job instance at 0x14684bf78140>,55,1,[6 1],74,695,696,621,695
1,<environment.Job instance at 0x14684bf78af0>,58,18,[ 1 14],77,710,728,633,706
1,<environment.Job instance at 0x14684bf78730>,56,3,[10  1],75,712,715,637,712
1,<environment.Job instance at 0x14684bf78a50>,60,3,[10  1],79,724,727,645,724
1,<environment.Job instance at 0x14684bf78320>,57,3,[6 2],76,737,740,661,737
1,<environment.Job instance at 0x14684bf78eb0>,61,1,[6 1],80,831,832,751,831
1,<environment.Job instance at 0x14684bd01d20>,64,3,[7 1],83,863,866,780,863
1,<environment.Job instance at 0x1468519daa00>,65,1,[8 2],84,863,864,779,863
1,<environment.Job instance at 0x14684bda0d20>,63,1,[2 7],82,906,907,824,906
1,<environment.Job instance at 0x146830afd910>,68,2,[8 2],88,915,917,827,915
1,<environment.Job instance at 0x14685343b280>,70,3,[10  1],91,936,939,845,936
1,<environment.Job instance at 0x14684bcf3960>,71,14,[6 1],93,939,953,846,937
1,<environment.Job instance at 0x14684c062e60>,72,2,[10  1],94,953,955,859,941
1,<environment.Job instance at 0x14684c062190>,73,1,[ 1 10],97,942,943,845,942
1,<environment.Job instance at 0x146830a79a50>,74,1,[5 2],98,942,943,844,942
1,<environment.Job instance at 0x14684c046820>,75,1,[8 1],99,943,944,844,943
1,<environment.Job instance at 0x14684bd14e10>,77,12,[1 7],104,952,964,848,952
1,<environment.Job instance at 0x14684bd14b40>,78,3,[2 7],105,958,961,853,958
1,<environment.Job instance at 0x14684bdc1960>,79,3,[10  2],108,961,964,853,958
1,<environment.Job instance at 0x146830b7fbe0>,80,17,[5 2],110,964,981,854,960
1,<environment.Job instance at 0x14684cc2e050>,81,3,[8 2],111,964,967,853,962
1,<environment.Job instance at 0x14684bd14910>,82,2,[2 5],114,967,969,853,967
1,<environment.Job instance at 0x146830e6b0a0>,83,19,[ 2 14],115,1023,1042,908,1023
1,<environment.Job instance at 0x146851117e60>,84,1,[8 1],116,1024,1025,908,1024
1,<environment.Job instance at 0x146853429190>,69,13,[6 1],89,1027,1040,938,1027
1,<environment.Job instance at 0x146851117410>,85,3,[9 1],117,1040,1043,923,1029
1,<environment.Job instance at 0x146851117690>,86,2,[9 1],119,1043,1045,924,1033
1,<environment.Job instance at 0x14684bfa7b40>,88,3,[1 7],123,1042,1045,919,1036
1,<environment.Job instance at 0x14684bfa73c0>,90,2,[10  1],125,1045,1047,920,1037
1,<environment.Job instance at 0x14684bfa7aa0>,91,2,[10  1],126,1047,1049,921,1039
1,<environment.Job instance at 0x14684bfa7960>,92,16,[10  2],127,1049,1065,922,1043
1,<environment.Job instance at 0x14684bfa7f50>,89,1,[8 2],124,1065,1066,941,1046
1,<environment.Job instance at 0x14684bfa7c30>,94,1,[1 7],129,1069,1070,940,1069
1,<environment.Job instance at 0x14684bfa7eb0>,93,2,[2 5],128,1069,1071,941,1069
1,<environment.Job instance at 0x14684bef86e0>,28,12,[ 2 11],38,1077,1089,1039,1077
1,<environment.Job instance at 0x14684c920730>,47,17,[11  2],62,1195,1212,1133,1195
1,<environment.Job instance at 0x14684be000f0>,6,2,[7 1],10,10,12,0,10
1,<environment.Job instance at 0x14684be00500>,7,2,[10  1],11,13,15,2,13
1,<environment.Job instance at 0x14684cc26870>,15,3,[ 2 10],22,22,25,0,22
1,<environment.Job instance at 0x14684be2caa0>,10,13,[ 2 11],15,25,38,10,24
1,<environment.Job instance at 0x14684f1b6500>,16,2,[2 8],23,38,40,15,24
1,<environment.Job instance at 0x14684cc23370>,18,3,[2 8],27,40,43,13,28
1,<environment.Job instance at 0x14685302d0f0>,29,2,[2 6],42,78,80,36,78
1,<environment.Job instance at 0x146830f89b40>,36,3,[ 2 10],51,157,160,106,157
1,<environment.Job instance at 0x14684f1bc460>,44,12,[ 1 10],60,160,172,100,157
1,<environment.Job instance at 0x14684f1bc3c0>,46,12,[5 1],62,161,173,99,161
1,<environment.Job instance at 0x14684f1bc640>,45,2,[1 5],61,172,174,111,161
1,<environment.Job instance at 0x14684f1d01e0>,53,17,[6 1],72,168,185,96,168
1,<environment.Job instance at 0x1468312430a0>,55,3,[1 6],74,188,191,114,188
1,<environment.Job instance at 0x14684bdf2780>,61,17,[6 1],85,190,207,105,190
1,<environment.Job instance at 0x14684bdf2460>,62,3,[2 8],86,197,200,111,197
1,<environment.Job instance at 0x14684f1d05f0>,51,13,[1 6],70,198,211,128,198
1,<environment.Job instance at 0x14684b8adbe0>,64,12,[5 2],89,206,218,117,206
1,<environment.Job instance at 0x14684b8ad6e0>,65,1,[1 9],90,211,212,121,206
1,<environment.Job instance at 0x14684b8ad690>,69,3,[2 9],94,212,215,118,209
1,<environment.Job instance at 0x14684b8addc0>,68,3,[2 8],93,215,218,122,209
1,<environment.Job instance at 0x14684b8ad460>,71,1,[2 7],97,218,219,121,213
1,<environment.Job instance at 0x14684b8ad5a0>,72,1,[7 2],98,216,217,118,216
1,<environment.Job instance at 0x14684b8ad370>,70,15,[8 1],96,255,270,159,255
1,<environment.Job instance at 0x14684b8ad550>,76,15,[7 2],102,257,272,155,257
1,<environment.Job instance at 0x14685302d870>,27,3,[14  2],38,272,275,234,257
1,<environment.Job instance at 0x14684b8ad230>,79,2,[1 7],107,275,277,168,275
1,<environment.Job instance at 0x14684ccf75f0>,86,17,[7 2],116,278,295,162,278
1,<environment.Job instance at 0x14684b8ad410>,82,1,[14  1],111,305,306,194,305
1,<environment.Job instance at 0x14684ccf73c0>,93,3,[1 5],127,327,330,200,327
1,<environment.Job instance at 0x14684b8ad4b0>,3,2,[5 1],4,4,6,0,4
1,<environment.Job instance at 0x1468310a8be0>,9,1,[10  1],11,12,13,1,12
1,<environment.Job instance at 0x14683107d2d0>,11,2,[1 8],13,13,15,0,13
1,<environment.Job instance at 0x1468310a8d70>,6,1,[1 5],8,16,17,8,16
1,<environment.Job instance at 0x14683107d780>,16,1,[2 5],18,23,24,5,23
1,<environment.Job instance at 0x14683107dd20>,20,3,[1 5],26,27,30,1,27
1,<environment.Job instance at 0x14683107db90>,19,2,[2 5],23,30,32,7,30
1,<environment.Job instance at 0x14683107c410>,27,16,[8 1],34,34,50,0,34
1,<environment.Job instance at 0x14683107c050>,24,2,[5 2],30,39,41,9,39
1,<environment.Job instance at 0x14683107c780>,30,3,[1 7],38,42,45,4,42
1,<environment.Job instance at 0x14683107c8c0>,31,3,[7 1],39,50,53,11,50
1,<environment.Job instance at 0x14683107caf0>,36,2,[1 8],45,54,56,9,54
1,<environment.Job instance at 0x14683107c9b0>,33,14,[ 2 10],41,60,74,19,60
1,<environment.Job instance at 0x14683107ce60>,38,3,[2 6],48,75,78,27,75
1,<environment.Job instance at 0x146831070230>,41,3,[5 1],51,75,78,24,75
1,<environment.Job instance at 0x1468310703c0>,43,3,[9 1],54,79,82,25,79
1,<environment.Job instance at 0x146831070410>,44,3,[8 2],55,82,85,27,79
1,<environment.Job instance at 0x1468310706e0>,45,12,[7 2],57,83,95,26,83
1,<environment.Job instance at 0x1468310709b0>,47,17,[6 2],61,110,127,49,110
1,<environment.Job instance at 0x146831070c80>,52,18,[10  1],66,127,145,61,116
1,<environment.Job instance at 0x146831070d20>,53,1,[8 2],67,116,117,49,116
1,<environment.Job instance at 0x146831070dc0>,54,2,[7 1],68,117,119,49,116
1,<environment.Job instance at 0x146831070b90>,51,1,[8 1],65,119,120,54,116
1,<environment.Job instance at 0x14683107da50>,17,3,[ 1 11],21,116,119,95,116
1,<environment.Job instance at 0x146831070fa0>,56,2,[2 8],70,120,122,50,116
1,<environment.Job instance at 0x1468310a70f0>,57,3,[7 1],71,120,123,49,118
1,<environment.Job instance at 0x1468310a77d0>,63,3,[1 5],82,130,133,48,130
1,<environment.Job instance at 0x1468310a79b0>,65,13,[8 1],85,145,158,60,130
1,<environment.Job instance at 0x1468310a78c0>,67,2,[2 8],87,131,133,44,131
1,<environment.Job instance at 0x14683109f0a0>,75,2,[8 1],97,158,160,61,133
1,<environment.Job instance at 0x1468310a7eb0>,71,2,[6 2],92,147,149,55,147
1,<environment.Job instance at 0x1468310a7cd0>,68,12,[9 1],88,160,172,72,147
1,<environment.Job instance at 0x14683109f460>,81,2,[1 6],103,148,150,45,148
1,<environment.Job instance at 0x14683109f960>,87,1,[5 1],109,212,213,103,212
1,<environment.Job instance at 0x14683109f820>,88,3,[5 2],110,212,215,102,212
1,<environment.Job instance at 0x14683109fd20>,89,17,[6 2],114,213,230,99,212
1,<environment.Job instance at 0x14683109fb40>,90,3,[5 2],115,215,218,100,213
1,<environment.Job instance at 0x14683109fbe0>,91,15,[10  2],116,230,245,114,216
1,<environment.Job instance at 0x1468313d0eb0>,93,2,[11  1],118,245,247,127,219
1,<environment.Job instance at 0x14683109f3c0>,80,18,[ 2 11],102,219,237,117,219
1,<environment.Job instance at 0x1468313d0050>,94,1,[8 2],119,247,248,128,221
1,<environment.Job instance at 0x146831086dc0>,99,2,[1 8],127,237,239,110,234
1,<environment.Job instance at 0x146831086190>,100,1,[5 1],128,239,240,111,234
1,<environment.Job instance at 0x1468313d0190>,95,12,[1 8],120,250,262,130,250
1,<environment.Job instance at 0x14683107cf00>,40,3,[ 1 14],50,264,267,214,264
1,<environment.Job instance at 0x14683109f640>,83,2,[ 1 13],105,280,282,175,280
1,<environment.Job instance at 0x146851b19690>,6,2,[6 2],10,10,12,0,10
1,<environment.Job instance at 0x146851b19370>,5,2,[9 1],9,17,19,8,17
1,<environment.Job instance at 0x146830ed3cd0>,12,2,[1 8],18,20,22,2,20
1,<environment.Job instance at 0x146830ed35f0>,15,3,[2 8],21,22,25,1,21
1,<environment.Job instance at 0x146830ed3aa0>,17,1,[2 5],24,24,25,0,24
1,<environment.Job instance at 0x146830ed3c30>,20,3,[2 6],30,30,33,0,30
1,<environment.Job instance at 0x146830ed3f00>,13,16,[ 1 12],19,33,49,14,30
1,<environment.Job instance at 0x14684a5f3410>,22,16,[7 2],32,32,48,0,32
1,<environment.Job instance at 0x14684a5f3870>,24,3,[7 2],35,48,51,13,36
1,<environment.Job instance at 0x14684a5f3c80>,25,3,[1 6],37,49,52,12,41
1,<environment.Job instance at 0x146830ed3910>,11,2,[ 1 11],17,52,54,35,42
1,<environment.Job instance at 0x14684a5f3a00>,26,2,[1 6],39,49,51,10,44
1,<environment.Job instance at 0x14683092fdc0>,38,12,[6 1],60,60,72,0,60
1,<environment.Job instance at 0x14683092fb90>,36,14,[10  2],56,72,86,16,69
1,<environment.Job instance at 0x14683092fcd0>,35,12,[2 8],55,69,81,14,69
1,<environment.Job instance at 0x14684a5f4140>,47,16,[9 2],73,86,102,13,76
1,<environment.Job instance at 0x146848026be0>,70,2,[6 2],107,137,139,30,137
1,<environment.Job instance at 0x146848026910>,71,13,[6 1],108,137,150,29,137
1,<environment.Job instance at 0x14684a58c730>,73,3,[6 2],110,139,142,29,137
1,<environment.Job instance at 0x14684a58c280>,74,3,[5 2],112,142,145,30,137
1,<environment.Job instance at 0x14684a5f45a0>,48,2,[1 5],74,137,139,63,137
1,<environment.Job instance at 0x14683083cbe0>,77,2,[2 8],117,140,142,23,140
1,<environment.Job instance at 0x146830edbcd0>,67,2,[14  2],104,154,156,50,154
1,<environment.Job instance at 0x14684c9fff50>,78,14,[2 8],118,177,191,59,177
1,<environment.Job instance at 0x146830e784b0>,69,1,[14  2],106,195,196,89,195
1,<environment.Job instance at 0x146831086820>,75,2,[1 8],113,195,197,82,195
1,<environment.Job instance at 0x14685303c460>,4,2,[ 1 10],11,13,15,2,13
1,<environment.Job instance at 0x14684c98c640>,9,2,[ 1 10],20,22,24,2,22
1,<environment.Job instance at 0x14684c98c370>,11,1,[1 6],22,24,25,2,22
1,<environment.Job instance at 0x14684c994140>,15,2,[14  1],27,27,29,0,27
1,<environment.Job instance at 0x1468307e63c0>,18,18,[10  2],32,33,51,1,33
1,<environment.Job instance at 0x14684a84f960>,24,1,[10  2],39,51,52,12,41
1,<environment.Job instance at 0x14684a84f9b0>,23,1,[2 9],38,41,42,3,41
1,<environment.Job instance at 0x14684be6a870>,27,17,[7 1],45,52,69,7,45
1,<environment.Job instance at 0x14684be6af50>,28,1,[7 2],46,52,53,6,51
1,<environment.Job instance at 0x14684b8b5780>,42,1,[8 1],73,73,74,0,73
1,<environment.Job instance at 0x14684cd04050>,43,1,[6 1],74,74,75,0,74
1,<environment.Job instance at 0x14684cd047d0>,47,1,[2 8],84,84,85,0,84
1,<environment.Job instance at 0x14684be5caf0>,48,2,[9 1],87,88,90,1,88
1,<environment.Job instance at 0x14684a085960>,51,2,[6 2],92,96,98,4,96
1,<environment.Job instance at 0x14684a085280>,53,3,[ 2 10],98,100,103,2,100
1,<environment.Job instance at 0x1468313108c0>,58,16,[5 2],105,108,124,3,108
1,<environment.Job instance at 0x14684c98d910>,65,2,[5 1],113,114,116,1,114
1,<environment.Job instance at 0x146851060690>,49,18,[2 8],88,119,137,31,119
1,<environment.Job instance at 0x14684c98d9b0>,67,1,[6 1],115,122,123,7,122
1,<environment.Job instance at 0x14684bd3eaa0>,68,1,[5 2],117,126,127,9,126
1,<environment.Job instance at 0x14684bd0b460>,59,13,[ 1 13],106,137,150,31,135
1,<environment.Job instance at 0x146830795550>,69,1,[6 1],118,136,137,18,136
1,<environment.Job instance at 0x146830865730>,3,2,[1 6],4,4,6,0,4
1,<environment.Job instance at 0x1468308653c0>,2,3,[2 6],3,6,9,3,6
1,<environment.Job instance at 0x14683119d190>,1,2,[6 2],2,6,8,4,6
1,<environment.Job instance at 0x14683105e230>,9,1,[9 2],10,10,11,0,10
1,<environment.Job instance at 0x14683105e0a0>,10,2,[9 1],11,13,15,2,13
1,<environment.Job instance at 0x146831062eb0>,8,2,[7 2],9,15,17,6,13
1,<environment.Job instance at 0x14683105e190>,11,3,[9 1],13,17,20,4,14
1,<environment.Job instance at 0x14683105e8c0>,15,3,[ 2 12],20,22,25,2,22
1,<environment.Job instance at 0x14683105ec80>,19,1,[2 5],28,31,32,3,31
1,<environment.Job instance at 0x146830d4f7d0>,26,27,[9 2],38,38,65,0,38
1,<environment.Job instance at 0x146830d4f910>,28,3,[1 6],40,40,43,0,40
1,<environment.Job instance at 0x146830d4fc30>,33,1,[1 8],45,46,47,1,46
1,<environment.Job instance at 0x146830d4fdc0>,32,3,[1 7],44,53,56,9,53
1,<environment.Job instance at 0x146830d4fe60>,35,3,[1 9],47,58,61,11,58
1,<environment.Job instance at 0x146830d67410>,38,3,[1 9],52,61,64,9,59
1,<environment.Job instance at 0x146830d67320>,42,16,[10  1],56,65,81,9,59
1,<environment.Job instance at 0x146830d67be0>,43,3,[5 1],58,60,63,2,60
1,<environment.Job instance at 0x146830d67fa0>,41,2,[1 8],55,64,66,9,63
1,<environment.Job instance at 0x146831051c30>,53,1,[5 2],70,75,76,5,75
1,<environment.Job instance at 0x146831051e10>,54,3,[1 8],72,76,79,4,75
1,<environment.Job instance at 0x146831221dc0>,58,1,[1 5],77,91,92,14,91
1,<environment.Job instance at 0x146831051280>,59,1,[7 2],78,91,92,13,91
1,<environment.Job instance at 0x1468310510f0>,60,3,[ 2 10],80,92,95,12,91
1,<environment.Job instance at 0x146831051190>,52,19,[5 1],68,92,111,24,92
1,<environment.Job instance at 0x146831051460>,61,1,[6 2],81,93,94,12,93
1,<environment.Job instance at 0x146830a3efa0>,63,3,[2 7],85,95,98,10,95
1,<environment.Job instance at 0x146830a370f0>,64,15,[7 2],86,99,114,13,99
1,<environment.Job instance at 0x146831051050>,62,3,[10  2],83,114,117,31,101
1,<environment.Job instance at 0x14684bf25640>,66,1,[1 5],91,108,109,17,108
1,<environment.Job instance at 0x146830a4b370>,68,16,[6 1],94,117,133,23,108
1,<environment.Job instance at 0x146830a4ba00>,69,1,[8 2],95,111,112,16,111
1,<environment.Job instance at 0x14684a0873c0>,67,21,[6 2],92,117,138,25,117
1,<environment.Job instance at 0x146830a30370>,72,1,[ 1 10],102,126,127,24,126
1,<environment.Job instance at 0x146830a30050>,75,1,[ 1 10],105,127,128,22,127
1,<environment.Job instance at 0x146830d4f690>,24,2,[11  1],34,138,140,104,132
1,<environment.Job instance at 0x1468312085f0>,78,14,[ 1 10],108,153,167,45,153
1,<environment.Job instance at 0x146830a2acd0>,76,18,[6 1],106,154,172,48,154
1,<environment.Job instance at 0x146830d67c30>,45,14,[ 1 12],60,176,190,116,176
1,<environment.Job instance at 0x1468309763c0>,0,3,[1 6],2,3,6,1,3
1,<environment.Job instance at 0x1468309e5aa0>,10,3,[7 2],21,23,26,2,23
1,<environment.Job instance at 0x146851a20d70>,19,17,[10  2],35,39,56,4,39
1,<environment.Job instance at 0x1468309755f0>,27,1,[2 9],49,55,56,6,55
1,<environment.Job instance at 0x1468519f49b0>,33,2,[7 2],57,57,59,0,57
1,<environment.Job instance at 0x1468519f4f50>,34,2,[13  1],58,59,61,1,59
1,<environment.Job instance at 0x14684bee9870>,47,3,[2 5],75,76,79,1,76
1,<environment.Job instance at 0x14684bee9320>,48,12,[5 2],76,76,88,0,76
1,<environment.Job instance at 0x14684cc65370>,51,16,[7 1],81,81,97,0,81
1,<environment.Job instance at 0x14684cc65910>,53,2,[1 8],83,85,87,2,85
1,<environment.Job instance at 0x1468519f43c0>,31,13,[1 9],54,87,100,33,85
1,<environment.Job instance at 0x14684cc65460>,57,13,[9 1],89,97,110,8,90
1,<environment.Job instance at 0x14684cc65410>,58,2,[1 6],90,105,107,15,105
1,<environment.Job instance at 0x14684cc7b5f0>,64,14,[9 1],99,110,124,11,109
1,<environment.Job instance at 0x1468480b1c30>,60,2,[8 2],93,124,126,31,116
1,<environment.Job instance at 0x14684cc7b050>,71,13,[6 1],108,116,129,8,116
1,<environment.Job instance at 0x14684cc7baa0>,70,2,[7 2],107,140,142,33,140
1,<environment.Job instance at 0x14684cc7bf00>,74,15,[2 8],112,162,177,50,162
1,<environment.Job instance at 0x146851067e10>,0,2,[ 2 10],2,2,4,0,2
1,<environment.Job instance at 0x14684bf97d70>,10,15,[5 2],13,17,32,4,17
1,<environment.Job instance at 0x146851a86690>,17,1,[8 2],26,32,33,6,32
1,<environment.Job instance at 0x14684b8b5a50>,21,1,[1 6],32,32,33,0,32
1,<environment.Job instance at 0x1468312a2230>,23,1,[10  1],37,37,38,0,37
1,<environment.Job instance at 0x1468307d5e60>,34,1,[2 9],49,65,66,16,65
1,<environment.Job instance at 0x146830806690>,40,3,[1 8],60,74,77,14,74
1,<environment.Job instance at 0x146831252e10>,43,14,[2 9],68,82,96,14,82
1,<environment.Job instance at 0x1468539ffd20>,38,3,[1 7],57,96,99,39,95
1,<environment.Job instance at 0x146831196f50>,49,1,[9 2],77,96,97,19,96
1,<environment.Job instance at 0x146853020c30>,53,3,[6 2],85,104,107,19,104
1,<environment.Job instance at 0x1468530200f0>,52,14,[13  1],83,108,122,25,108
1,<environment.Job instance at 0x14684a8704b0>,54,1,[1 8],86,111,112,25,111
1,<environment.Job instance at 0x14684f1d51e0>,60,16,[9 2],92,122,138,30,111
1,<environment.Job instance at 0x14684a0860a0>,66,2,[10  2],98,138,140,40,136
1,<environment.Job instance at 0x14684c910960>,57,1,[8 2],89,150,151,61,150
1,<environment.Job instance at 0x146830e78be0>,70,23,[5 2],104,153,176,49,153
1,<environment.Job instance at 0x146830e78e10>,72,3,[9 1],107,154,157,47,154
1,<environment.Job instance at 0x146830e787d0>,76,3,[ 2 12],112,187,190,75,187
1,<environment.Job instance at 0x146830e78780>,77,12,[11  1],113,187,199,74,187
1,<environment.Job instance at 0x146830e786e0>,73,17,[2 6],108,286,303,178,286
1,<environment.Job instance at 0x146830e78500>,80,14,[9 1],116,297,311,181,297
1,<environment.Job instance at 0x146830e78460>,78,18,[2 9],114,303,321,189,298
1,<environment.Job instance at 0x1468510cec80>,86,1,[10  2],125,311,312,186,311
1,<environment.Job instance at 0x1468510cee10>,83,3,[7 2],121,312,315,191,312
1,<environment.Job instance at 0x1468510ce1e0>,82,28,[5 2],119,315,343,196,315
1,<environment.Job instance at 0x1468307d52d0>,32,3,[13  1],47,357,360,310,357
1,<environment.Job instance at 0x1510ef491a50>,0,12,[2 5],1,2,14,1,2
1,<environment.Job instance at 0x1510e6164c80>,19,3,[6 2],26,26,29,0,26
1,<environment.Job instance at 0x1510e59d6280>,22,1,[2 7],30,30,31,0,30
1,<environment.Job instance at 0x1510e59d60a0>,21,3,[6 1],29,32,35,3,32
1,<environment.Job instance at 0x1510e5e45cd0>,20,2,[ 1 13],27,35,37,8,35
1,<environment.Job instance at 0x1510e59d55a0>,26,1,[2 7],35,37,38,2,36
1,<environment.Job instance at 0x1510e59d10a0>,34,15,[11  1],44,44,59,0,44
1,<environment.Job instance at 0x1510e59d1320>,33,1,[2 7],43,45,46,2,45
1,<environment.Job instance at 0x1510e59d0050>,35,2,[1 8],45,47,49,2,47
1,<environment.Job instance at 0x1510e59d2a00>,41,25,[12  2],54,59,84,5,55
1,<environment.Job instance at 0x1510e59d2870>,40,3,[1 6],53,56,59,3,56
1,<environment.Job instance at 0x1510e5eb3d20>,60,17,[8 1],86,86,103,0,86
1,<environment.Job instance at 0x1510e5eab140>,64,12,[9 1],91,103,115,12,92
1,<environment.Job instance at 0x1510e5eab050>,69,1,[2 5],96,100,101,4,100
1,<environment.Job instance at 0x1510e5eabd20>,67,1,[13  1],94,115,116,21,100
1,<environment.Job instance at 0x1510e5eab9b0>,65,3,[2 9],92,108,111,16,108
1,<environment.Job instance at 0x1510e6167d20>,76,2,[2 5],108,111,113,3,111
1,<environment.Job instance at 0x1510e616e050>,79,3,[7 2],111,117,120,6,117
1,<environment.Job instance at 0x1510e6191af0>,90,1,[2 7],127,127,128,0,127
1,<environment.Job instance at 0x1510e618e730>,93,2,[14  1],130,131,133,1,131
1,<environment.Job instance at 0x1510e618e230>,94,1,[5 1],131,133,134,2,132
1,<environment.Job instance at 0x1510e6194500>,96,12,[9 2],134,136,148,2,136
1,<environment.Job instance at 0x1510e6194730>,97,15,[10  2],135,148,163,13,139
1,<environment.Job instance at 0x1510e5e3e460>,0,1,[2 8],1,1,2,0,1
1,<environment.Job instance at 0x1510e5f53730>,4,15,[5 1],5,10,25,5,10
1,<environment.Job instance at 0x1510e5f53640>,7,3,[11  2],11,25,28,14,11
1,<environment.Job instance at 0x1510e5e3e500>,1,1,[ 2 10],2,11,12,9,11
1,<environment.Job instance at 0x1510e5f531e0>,6,2,[ 1 10],10,18,20,8,18
1,<environment.Job instance at 0x1510e5f530f0>,12,15,[9 2],17,28,43,11,18
1,<environment.Job instance at 0x1510e6195eb0>,14,1,[1 6],19,21,22,2,21
1,<environment.Job instance at 0x1510e6195d70>,17,3,[12  1],24,43,46,19,27
1,<environment.Job instance at 0x1510e61954b0>,19,15,[1 6],27,27,42,0,27
1,<environment.Job instance at 0x1510e6195320>,15,1,[1 7],20,30,31,10,30
1,<environment.Job instance at 0x1510e5eec960>,25,3,[1 9],34,47,50,13,47
1,<environment.Job instance at 0x1510e5e36230>,2,1,[ 2 14],3,50,51,47,50
1,<environment.Job instance at 0x1510e5eeccd0>,30,15,[1 7],45,76,91,31,76
1,<environment.Job instance at 0x1510e5f25b90>,46,15,[1 7],65,280,295,215,280
1,<environment.Job instance at 0x1510e5e2ae10>,89,2,[6 2],132,305,307,173,305
1,<environment.Job instance at 0x1510e7817fa0>,91,16,[1 7],134,329,345,195,329
1,<environment.Job instance at 0x1510e7817280>,92,3,[ 2 10],135,368,371,233,368
1,<environment.Job instance at 0x1510e5f2e3c0>,84,2,[ 2 12],126,675,677,549,675
1,<environment.Job instance at 0x1510e5e30c30>,93,3,[ 1 13],136,789,792,653,789
1,<environment.Job instance at 0x1510e5eec5f0>,23,13,[ 1 14],32,1062,1075,1030,1062
1,<environment.Job instance at 0x1510e59eb4b0>,88,13,[ 1 11],131,1219,1232,1088,1219
1,<environment.Job instance at 0x1510d43e6460>,16,17,[7 1],22,24,41,2,24
1,<environment.Job instance at 0x1510d4465910>,11,2,[5 2],15,24,26,9,24
1,<environment.Job instance at 0x1510d43e6e10>,25,14,[8 1],36,39,53,3,39
1,<environment.Job instance at 0x1510d43e85a0>,29,13,[5 2],41,49,62,8,49
1,<environment.Job instance at 0x1510d43e8d20>,37,3,[1 9],54,61,64,7,61
1,<environment.Job instance at 0x1510d43eb4b0>,43,1,[ 2 10],65,66,67,1,66
1,<environment.Job instance at 0x1510d43e8640>,30,3,[1 9],42,78,81,36,78
1,<environment.Job instance at 0x1510d43ebc30>,50,15,[8 2],76,81,96,5,81
1,<environment.Job instance at 0x1510d43ee280>,53,1,[6 2],81,102,103,21,102
1,<environment.Job instance at 0x1510d43ee4b0>,56,2,[8 1],88,104,106,16,104
1,<environment.Job instance at 0x1510d43ee370>,57,2,[1 9],91,135,137,44,135
1,<environment.Job instance at 0x1510d43eea50>,64,3,[ 2 10],100,158,161,58,158
1,<environment.Job instance at 0x1510d43ee910>,65,1,[7 2],101,161,162,60,161
1,<environment.Job instance at 0x1510d43eeb40>,66,3,[9 1],102,162,165,60,161
1,<environment.Job instance at 0x1510d43eee10>,68,1,[6 2],105,161,162,56,161
1,<environment.Job instance at 0x1510d43eec80>,67,16,[9 1],103,165,181,62,165
1,<environment.Job instance at 0x1510d43eee60>,70,14,[7 2],107,181,195,74,180
1,<environment.Job instance at 0x1510d43eed70>,69,3,[2 7],106,192,195,86,192
1,<environment.Job instance at 0x1510d43ee2d0>,55,15,[ 1 11],87,195,210,108,195
1,<environment.Job instance at 0x1510d43efb90>,84,3,[6 2],131,196,199,65,196
1,<environment.Job instance at 0x1510d43ebdc0>,52,2,[ 2 12],80,210,212,130,198
1,<environment.Job instance at 0x1510d43ef320>,73,2,[2 9],111,212,214,101,199
1,<environment.Job instance at 0x1510e40e0e10>,5,12,[5 2],8,11,23,3,11
1,<environment.Job instance at 0x1510d4b92820>,7,3,[8 1],13,15,18,2,15
1,<environment.Job instance at 0x1510d43efd20>,3,2,[2 5],6,27,29,21,27
1,<environment.Job instance at 0x1510e412c4b0>,13,1,[2 6],23,27,28,4,27
1,<environment.Job instance at 0x1510e4072460>,17,1,[5 1],29,31,32,2,31
1,<environment.Job instance at 0x1510e40cb230>,19,2,[1 9],31,33,35,2,33
1,<environment.Job instance at 0x1510e412cf00>,14,2,[1 5],25,35,37,10,35
1,<environment.Job instance at 0x1510e417c5a0>,24,2,[8 2],38,39,41,1,39
1,<environment.Job instance at 0x1510e413e6e0>,28,15,[1 5],43,43,58,0,43
1,<environment.Job instance at 0x1510e40e0c30>,9,27,[1 7],15,45,72,30,45
1,<environment.Job instance at 0x1510e82fe550>,34,1,[8 2],51,54,55,3,54
1,<environment.Job instance at 0x1510e4157e10>,26,3,[10  1],41,55,58,14,55
1,<environment.Job instance at 0x1510e82fe5a0>,35,14,[14  1],52,61,75,9,61
1,<environment.Job instance at 0x1510e82f49b0>,42,18,[8 2],63,75,93,12,65
1,<environment.Job instance at 0x1510e7985500>,44,16,[1 5],65,92,108,27,92
1,<environment.Job instance at 0x1510e41ac280>,50,2,[1 8],71,95,97,24,95
1,<environment.Job instance at 0x1510e7985e60>,45,2,[ 1 10],66,97,99,31,95
1,<environment.Job instance at 0x1510e82f4c30>,39,3,[ 2 11],60,108,111,48,96
1,<environment.Job instance at 0x1510e41ac820>,53,3,[5 2],76,99,102,23,98
1,<environment.Job instance at 0x1510e41acbe0>,52,2,[2 8],73,106,108,33,106
1,<environment.Job instance at 0x1510d4b47730>,76,17,[9 2],108,113,130,5,113
1,<environment.Job instance at 0x1510e41ac1e0>,58,27,[ 2 10],83,134,161,51,134
1,<environment.Job instance at 0x1510d4b5a8c0>,95,12,[9 2],130,134,146,4,134
1,<environment.Job instance at 0x1510d4b5a960>,97,3,[9 2],132,146,149,14,134
1,<environment.Job instance at 0x1510d4b5abe0>,98,2,[10  2],133,149,151,16,135
1,<environment.Job instance at 0x1510d4b5ad70>,99,16,[10  2],134,151,167,17,138
1,<environment.Job instance at 0x1510d4b273c0>,80,3,[2 7],112,170,173,58,170
1,<environment.Job instance at 0x1510d4b9eaf0>,75,13,[12  2],107,230,243,123,230
1,<environment.Job instance at 0x1510d43ebfa0>,2,14,[6 1],3,3,17,0,3
1,<environment.Job instance at 0x1510d4abcfa0>,8,25,[12  1],9,17,42,8,13
1,<environment.Job instance at 0x1510d4abc910>,9,1,[ 2 10],10,16,17,6,16
1,<environment.Job instance at 0x1510d4abc690>,14,16,[10  1],19,42,58,23,33
1,<environment.Job instance at 0x1510d4a43d70>,39,16,[ 2 10],62,77,93,15,77
1,<environment.Job instance at 0x1510d4adbd70>,22,18,[2 6],34,165,183,131,165
1,<environment.Job instance at 0x1510d4aaad20>,71,1,[ 1 12],116,183,184,67,170
1,<environment.Job instance at 0x1510d49fa0a0>,75,1,[2 9],124,170,171,46,170
1,<environment.Job instance at 0x1510d49fa370>,80,2,[7 1],131,174,176,43,174
1,<environment.Job instance at 0x1510d49fa870>,83,1,[8 1],135,176,177,41,174
1,<environment.Job instance at 0x1510d49fafa0>,84,28,[5 1],136,174,202,38,174
1,<environment.Job instance at 0x1510d4a6a780>,85,13,[8 2],137,177,190,40,174
1,<environment.Job instance at 0x1510d4a6a960>,86,18,[5 1],138,190,208,52,179
1,<environment.Job instance at 0x1510e40b60a0>,54,21,[1 8],86,197,218,111,197
1,<environment.Job instance at 0x1510d49faaa0>,78,13,[13  2],127,263,276,136,263
1,<environment.Job instance at 0x1510d45b6c80>,25,2,[7 2],38,45,47,7,45
1,<environment.Job instance at 0x1510d45b6690>,28,12,[2 9],42,46,58,4,46
1,<environment.Job instance at 0x1510d49faaa0>,7,13,[2 5],9,58,71,49,58
1,<environment.Job instance at 0x1510d45b18c0>,55,1,[1 5],76,91,92,15,91
1,<environment.Job instance at 0x1510d45b66e0>,24,1,[10  2],37,117,118,80,117
1,<environment.Job instance at 0x1510d45b19b0>,62,21,[2 5],85,118,139,33,118
1,<environment.Job instance at 0x1510d45be410>,34,19,[2 5],50,159,178,109,159
1,<environment.Job instance at 0x1510d45c1190>,78,17,[9 1],106,159,176,53,159
1,<environment.Job instance at 0x1510d45c1820>,79,1,[6 2],107,176,177,69,160
1,<environment.Job instance at 0x1510d45c1f50>,81,1,[2 6],110,161,162,51,161
1,<environment.Job instance at 0x1510d45c1fa0>,83,2,[9 1],112,177,179,65,161
1,<environment.Job instance at 0x1510d45c5af0>,88,2,[ 1 10],118,178,180,60,168
1,<environment.Job instance at 0x1510d45c5190>,90,17,[12  1],120,179,196,59,169
1,<environment.Job instance at 0x1510d45baeb0>,63,15,[5 2],86,196,211,110,193
1,<environment.Job instance at 0x1510e852f780>,104,2,[ 1 10],138,199,201,61,199
1,<environment.Job instance at 0x1510d45c5280>,87,3,[5 1],117,225,228,108,225
1,<environment.Job instance at 0x1510e81f2f50>,0,14,[2 9],1,1,15,0,1
1,<environment.Job instance at 0x1510e81f2d70>,4,1,[13  1],5,11,12,6,11
1,<environment.Job instance at 0x1510eaac9d20>,10,3,[2 8],11,15,18,4,12
1,<environment.Job instance at 0x1510ef2a88c0>,9,2,[8 2],10,13,15,3,13
1,<environment.Job instance at 0x1510e4141410>,25,1,[ 1 14],30,39,40,9,39
1,<environment.Job instance at 0x1510e41415a0>,29,19,[1 5],36,59,78,23,59
1,<environment.Job instance at 0x1510e5eb2f00>,37,1,[6 1],47,62,63,15,62
1,<environment.Job instance at 0x1510e5eb27d0>,36,2,[7 2],46,63,65,17,63
1,<environment.Job instance at 0x1510d44c7500>,40,15,[10  2],54,65,80,11,64
1,<environment.Job instance at 0x1510d44c75f0>,39,17,[1 7],50,64,81,14,64
1,<environment.Job instance at 0x1510eca5dc30>,42,1,[1 5],57,78,79,21,64
1,<environment.Job instance at 0x1510d44c7410>,43,14,[5 2],59,80,94,21,65
1,<environment.Job instance at 0x1510d44c7cd0>,41,2,[7 2],55,80,82,25,67
1,<environment.Job instance at 0x1510eca4ea50>,46,2,[1 9],62,83,85,21,83
1,<environment.Job instance at 0x1510d44c78c0>,44,27,[5 1],60,85,112,25,85
1,<environment.Job instance at 0x1510d406fbe0>,51,1,[6 1],70,94,95,24,89
1,<environment.Job instance at 0x1510d424cf00>,48,1,[1 8],64,96,97,32,96
1,<environment.Job instance at 0x1510d4168b40>,54,3,[2 5],74,96,99,22,96
1,<environment.Job instance at 0x1510d4680140>,58,3,[10  1],81,99,102,18,97
1,<environment.Job instance at 0x1510d4680320>,57,1,[10  1],78,102,103,24,99
1,<environment.Job instance at 0x1510d4680aa0>,59,2,[ 2 10],82,103,105,21,100
1,<environment.Job instance at 0x1510d46800a0>,61,1,[1 9],84,105,106,21,100
1,<environment.Job instance at 0x1510d4156eb0>,56,12,[5 2],77,103,115,26,100
1,<environment.Job instance at 0x1510d4676140>,64,1,[9 2],90,112,113,22,106
1,<environment.Job instance at 0x1510d4680640>,62,1,[8 2],87,118,119,31,118
1,<environment.Job instance at 0x1510d4676910>,66,26,[ 2 13],93,128,154,35,128
1,<environment.Job instance at 0x1510d46a3820>,71,14,[7 1],100,128,142,28,128
1,<environment.Job instance at 0x1510d46a3d70>,73,1,[8 1],102,142,143,40,130
1,<environment.Job instance at 0x1510d46a35f0>,75,14,[9 1],104,143,157,39,130
1,<environment.Job instance at 0x1510d466b910>,77,1,[6 2],107,154,155,47,133
1,<environment.Job instance at 0x1510d467cdc0>,80,3,[9 2],111,157,160,46,141
1,<environment.Job instance at 0x1510d46a3370>,69,2,[12  1],97,160,162,63,144
1,<environment.Job instance at 0x1510eca3e410>,33,3,[ 2 14],42,188,191,146,188
1,<environment.Job instance at 0x1510e5ec4280>,94,1,[8 2],135,200,201,65,200
1,<environment.Job instance at 0x1510eca2dbe0>,45,15,[14  1],61,203,218,142,203
1,<environment.Job instance at 0x1510e41828c0>,97,1,[5 1],138,218,219,80,207
1,<environment.Job instance at 0x1510e78d9d70>,96,3,[ 2 14],137,218,221,81,207
1,<environment.Job instance at 0x1510d467c140>,87,2,[ 1 11],127,209,211,82,209
1,<environment.Job instance at 0x1510d466b370>,78,2,[ 1 10],108,211,213,103,209
1,<environment.Job instance at 0x1510d40ec280>,2,3,[1 7],4,4,7,0,4
1,<environment.Job instance at 0x1510e85362d0>,7,14,[9 2],10,11,25,1,11
1,<environment.Job instance at 0x1510e8536dc0>,9,16,[1 8],12,12,28,0,12
1,<environment.Job instance at 0x1510e85368c0>,8,1,[1 9],11,28,29,17,14
1,<environment.Job instance at 0x1510d40ee7d0>,21,1,[5 2],28,40,41,12,40
1,<environment.Job instance at 0x1510d40ee0a0>,30,20,[8 1],40,45,65,5,45
1,<environment.Job instance at 0x1510d40eeeb0>,29,3,[12  1],39,65,68,26,50
1,<environment.Job instance at 0x1510d40ee690>,31,2,[7 1],41,57,59,16,57
1,<environment.Job instance at 0x1510d4ab70a0>,40,3,[1 8],61,70,73,9,70
1,<environment.Job instance at 0x1510d4ab7e10>,42,16,[9 1],64,84,100,20,84
1,<environment.Job instance at 0x1510d4ab7be0>,43,12,[7 2],66,130,142,64,130
1,<environment.Job instance at 0x1510d4ab7c80>,44,15,[ 2 10],72,165,180,93,165
1,<environment.Job instance at 0x1510d4ab7280>,46,2,[7 2],74,174,176,100,174
1,<environment.Job instance at 0x1510d4aa9050>,47,2,[5 2],76,183,185,107,183
1,<environment.Job instance at 0x1510d4aa9b40>,50,2,[ 1 12],79,191,193,112,191
1,<environment.Job instance at 0x1510d4aa9640>,48,1,[ 2 10],77,193,194,116,191
1,<environment.Job instance at 0x1510d4aa9e60>,53,21,[5 1],82,194,215,112,194
1,<environment.Job instance at 0x1510d4aa9730>,58,2,[8 1],88,219,221,131,219
1,<environment.Job instance at 0x1510d4aa9460>,52,2,[5 2],81,247,249,166,247
1,<environment.Job instance at 0x1510d43ae6e0>,62,3,[ 2 10],95,247,250,152,247
1,<environment.Job instance at 0x1510d43ae2d0>,63,2,[2 7],96,261,263,165,261
1,<environment.Job instance at 0x1510d4175fa0>,60,2,[1 8],91,266,268,175,266
1,<environment.Job instance at 0x1510ee8e1870>,65,2,[10  2],98,272,274,174,272
1,<environment.Job instance at 0x1510e4110230>,64,22,[ 2 10],97,276,298,179,276
1,<environment.Job instance at 0x1510d406f460>,67,3,[2 8],100,298,301,198,292
1,<environment.Job instance at 0x1510ee8e1cd0>,66,2,[1 7],99,298,300,199,293
1,<environment.Job instance at 0x1510d406f780>,68,2,[6 2],101,294,296,193,294
1,<environment.Job instance at 0x1510e792c7d0>,72,3,[6 1],107,295,298,188,295
1,<environment.Job instance at 0x1510e78ef410>,71,15,[1 9],106,301,316,195,297
1,<environment.Job instance at 0x1510d4096dc0>,74,1,[7 1],109,297,298,188,297
1,<environment.Job instance at 0x1510d4ab7190>,39,13,[ 2 11],60,316,329,256,303
1,<environment.Job instance at 0x1510e41a1e60>,75,1,[2 6],112,303,304,191,303
1,<environment.Job instance at 0x1510d415db40>,77,1,[5 1],114,307,308,193,307
1,<environment.Job instance at 0x1510d415d550>,79,1,[6 1],116,309,310,193,309
1,<environment.Job instance at 0x1510d408a820>,83,17,[10  1],126,314,331,188,314
1,<environment.Job instance at 0x1510d408a0a0>,82,2,[8 2],123,331,333,208,316
1,<environment.Job instance at 0x1510d408aa50>,86,21,[6 1],130,331,352,201,323
1,<environment.Job instance at 0x1510d408a280>,87,3,[ 2 13],132,333,336,201,328
1,<environment.Job instance at 0x1510d4acbe10>,38,3,[11  1],59,360,363,301,360
1,<environment.Job instance at 0x1510d43d0b40>,8,18,[9 1],13,13,31,0,13
1,<environment.Job instance at 0x1510d43d0af0>,7,1,[8 2],12,31,32,19,20
1,<environment.Job instance at 0x1510d43bf730>,15,1,[1 7],24,26,27,2,26
1,<environment.Job instance at 0x1510d43bf500>,20,21,[9 1],31,39,60,8,39
1,<environment.Job instance at 0x1510d43bfa00>,25,3,[5 1],37,46,49,9,46
1,<environment.Job instance at 0x1510d43bf5a0>,23,2,[5 1],35,49,51,14,47
1,<environment.Job instance at 0x1510d485e140>,29,1,[1 9],43,48,49,5,48
1,<environment.Job instance at 0x1510d43bf960>,22,15,[10  2],33,60,75,27,48
1,<environment.Job instance at 0x1510d43bf190>,26,1,[1 9],39,49,50,10,48
1,<environment.Job instance at 0x1510d485e690>,30,2,[ 2 10],45,57,59,12,57
1,<environment.Job instance at 0x1510d408be10>,32,12,[9 1],47,77,89,30,77
1,<environment.Job instance at 0x1510d408b550>,33,20,[ 2 11],48,107,127,59,107
1,<environment.Job instance at 0x1510ed3fd320>,54,1,[7 1],75,112,113,37,112
1,<environment.Job instance at 0x1510ed3fde10>,58,3,[2 5],79,127,130,48,121
1,<environment.Job instance at 0x1510ed3fd4b0>,62,17,[7 2],83,121,138,38,121
1,<environment.Job instance at 0x1510ed2f4be0>,46,1,[10  1],66,138,139,72,128
1,<environment.Job instance at 0x1510ed3fd460>,64,2,[2 9],85,134,136,49,134
1,<environment.Job instance at 0x1510ed3fdd70>,65,13,[2 8],87,162,175,75,162
1,<environment.Job instance at 0x1510e78efa00>,70,1,[6 1],95,173,174,78,173
1,<environment.Job instance at 0x1510e78ef190>,72,2,[1 7],99,175,177,76,175
1,<environment.Job instance at 0x1510e78efd70>,76,3,[2 9],103,179,182,76,179
1,<environment.Job instance at 0x1510e78ef960>,69,16,[5 2],93,193,209,100,193
1,<environment.Job instance at 0x1510e78efaa0>,78,2,[11  2],106,209,211,103,194
1,<environment.Job instance at 0x1510e78efe10>,77,17,[1 8],105,215,232,110,215
1,<environment.Job instance at 0x1510ed4333c0>,84,3,[9 2],113,220,223,107,220
1,<environment.Job instance at 0x1510e41a4c80>,89,2,[2 6],119,235,237,116,235
1,<environment.Job instance at 0x1510e78f3780>,94,14,[1 9],126,242,256,116,242
1,<environment.Job instance at 0x1510ed2bf320>,92,2,[8 2],123,247,249,124,247
1,<environment.Job instance at 0x1510e78f30f0>,95,1,[2 8],127,265,266,138,265
1,<environment.Job instance at 0x1510ec965b40>,98,15,[2 5],130,267,282,137,267
1,<environment.Job instance at 0x1510e78f3af0>,99,3,[1 6],131,270,273,139,270
1,<environment.Job instance at 0x1510d4763460>,101,17,[7 1],134,301,318,167,301
1,<environment.Job instance at 0x1510eaaed8c0>,100,2,[1 8],133,315,317,182,315
1,<environment.Job instance at 0x1510e8240f00>,104,1,[10  1],139,324,325,185,324
1,<environment.Job instance at 0x1510e78ef0a0>,71,28,[14  1],98,427,455,329,427
1,<environment.Job instance at 0x1510e78f3050>,93,2,[12  1],125,455,457,330,449
1,<environment.Job instance at 0x1510d482e820>,5,1,[1 6],6,7,8,1,7
1,<environment.Job instance at 0x1510e82e5e10>,3,2,[5 1],4,10,12,6,10
1,<environment.Job instance at 0x1510e82e5b90>,6,3,[2 6],7,10,13,3,10
1,<environment.Job instance at 0x1510d4439230>,12,1,[ 2 13],18,20,21,2,20
1,<environment.Job instance at 0x1510e781eaa0>,21,15,[8 1],29,30,45,1,30
1,<environment.Job instance at 0x1510e7891cd0>,29,2,[2 9],44,45,47,1,45
1,<environment.Job instance at 0x1510e7891460>,30,3,[2 6],45,46,49,1,46
1,<environment.Job instance at 0x1510e7891eb0>,31,2,[7 1],47,48,50,1,48
1,<environment.Job instance at 0x1510e78131e0>,38,1,[10  2],59,62,63,3,62
1,<environment.Job instance at 0x1510e7813dc0>,40,1,[1 5],61,64,65,3,64
1,<environment.Job instance at 0x1510e78132d0>,47,28,[2 5],73,73,101,0,73
1,<environment.Job instance at 0x1510ed356d70>,52,1,[2 6],78,162,163,84,162
1,<environment.Job instance at 0x1510ed356280>,55,24,[2 9],82,164,188,82,164
1,<environment.Job instance at 0x1510ed356dc0>,56,3,[2 5],85,171,174,86,171
1,<environment.Job instance at 0x1510ed356730>,57,18,[5 2],87,177,195,90,177
1,<environment.Job instance at 0x1510ed356cd0>,58,1,[1 6],88,188,189,100,179
1,<environment.Job instance at 0x1510ed356780>,62,1,[10  1],96,194,195,98,194
1,<environment.Job instance at 0x1510ed3568c0>,60,2,[6 2],91,196,198,105,196
1,<environment.Job instance at 0x1510ed356640>,63,3,[10  1],97,199,202,102,199
1,<environment.Job instance at 0x1510ed356b40>,65,3,[1 5],99,199,202,100,199
1,<environment.Job instance at 0x1510ed356a50>,66,2,[10  2],100,202,204,102,200
1,<environment.Job instance at 0x1510ed356f50>,64,2,[6 1],98,204,206,106,200
1,<environment.Job instance at 0x1510ed356460>,68,1,[1 8],102,202,203,100,202
1,<environment.Job instance at 0x1510ed3560a0>,69,25,[9 1],103,215,240,112,215
1,<environment.Job instance at 0x1510d426b370>,72,2,[7 2],106,240,242,134,225
1,<environment.Job instance at 0x1510d426bb90>,73,13,[10  1],108,242,255,134,231
1,<environment.Job instance at 0x1510d426b690>,71,1,[7 1],105,240,241,135,232
1,<environment.Job instance at 0x1510ed362050>,78,1,[2 5],114,247,248,133,247
1,<environment.Job instance at 0x1510ed362c30>,76,1,[6 2],111,255,256,144,255
1,<environment.Job instance at 0x1510d44db3c0>,82,1,[7 2],121,275,276,154,275
1,<environment.Job instance at 0x1510ec99beb0>,81,2,[ 1 14],120,290,292,170,290
1,<environment.Job instance at 0x1510ed3670a0>,87,3,[2 8],127,300,303,173,300
1,<environment.Job instance at 0x1510e40508c0>,85,1,[2 5],124,301,302,177,301
1,<environment.Job instance at 0x1510ed367960>,88,17,[10  1],128,302,319,174,302
1,<environment.Job instance at 0x1510ed367690>,90,1,[8 2],130,319,320,189,303
1,<environment.Job instance at 0x1510ed367fa0>,89,26,[5 2],129,306,332,177,306
1,<environment.Job instance at 0x1510d4170a50>,93,2,[1 7],134,330,332,196,330
1,<environment.Job instance at 0x1510ed367af0>,94,3,[2 9],135,332,335,197,331
1,<environment.Job instance at 0x1510ed3675f0>,95,2,[6 1],136,333,335,197,333
1,<environment.Job instance at 0x1510ed367b90>,92,3,[1 9],132,338,341,206,338
1,<environment.Job instance at 0x1510e85a02d0>,97,16,[2 6],138,351,367,213,351
1,<environment.Job instance at 0x1510e7813eb0>,45,2,[ 2 13],69,450,452,381,450
1,<environment.Job instance at 0x1510ed3569b0>,51,16,[ 1 11],77,757,773,680,757
1,<environment.Job instance at 0x1510d419b550>,2,3,[1 9],6,6,9,0,6
1,<environment.Job instance at 0x1510d419b7d0>,6,22,[2 9],13,19,41,6,19
1,<environment.Job instance at 0x1510d4249f00>,17,20,[9 1],31,34,54,3,34
1,<environment.Job instance at 0x1510d4249960>,18,3,[5 1],33,41,44,8,34
1,<environment.Job instance at 0x1510d43f1af0>,11,1,[ 1 12],24,41,42,17,34
1,<environment.Job instance at 0x1510d4249910>,21,1,[5 1],36,44,45,8,36
1,<environment.Job instance at 0x1510d42496e0>,19,2,[13  1],34,54,56,20,38
1,<environment.Job instance at 0x1510d4249be0>,15,12,[5 2],29,56,68,27,39
1,<environment.Job instance at 0x1510d440b230>,26,18,[8 1],48,56,74,8,48
1,<environment.Job instance at 0x1510d4398690>,31,12,[2 9],57,59,71,2,59
1,<environment.Job instance at 0x1510d4398cd0>,34,1,[7 2],60,71,72,11,62
1,<environment.Job instance at 0x1510d40f08c0>,35,17,[6 2],62,72,89,10,62
1,<environment.Job instance at 0x1510e81f7140>,42,1,[1 9],70,72,73,2,70
1,<environment.Job instance at 0x1510e8319320>,38,1,[1 9],66,73,74,7,70
1,<environment.Job instance at 0x1510e85a2eb0>,41,20,[7 2],69,74,94,5,74
1,<environment.Job instance at 0x1510d43a0cd0>,44,3,[ 2 10],72,74,77,2,74
1,<environment.Job instance at 0x1510d43a0e60>,45,13,[2 8],73,81,94,8,81
1,<environment.Job instance at 0x1510d43a08c0>,49,1,[2 5],79,89,90,10,83
1,<environment.Job instance at 0x1510d4453960>,51,1,[ 1 13],81,94,95,13,92
1,<environment.Job instance at 0x1510eaab8550>,55,1,[11  1],93,94,95,1,94
1,<environment.Job instance at 0x1510e85ba550>,56,2,[5 1],94,103,105,9,103
1,<environment.Job instance at 0x1510ec933d70>,57,2,[1 6],95,127,129,32,127
1,<environment.Job instance at 0x1510ecc9ee60>,52,12,[ 1 14],82,136,148,54,136
1,<environment.Job instance at 0x1510e85b2910>,62,1,[2 9],101,148,149,47,136
1,<environment.Job instance at 0x1510e85b22d0>,63,1,[1 5],102,148,149,46,136
1,<environment.Job instance at 0x1510e85b2f50>,65,3,[5 1],104,137,140,33,137
1,<environment.Job instance at 0x1510e85b21e0>,61,1,[6 1],100,140,141,40,139
1,<environment.Job instance at 0x1510e7664780>,69,2,[9 2],111,149,151,38,139
1,<environment.Job instance at 0x1510e7664640>,67,3,[10  2],107,151,154,44,141
1,<environment.Job instance at 0x1510e7664f00>,70,2,[2 7],115,149,151,34,141
1,<environment.Job instance at 0x1510e76646e0>,71,1,[8 1],116,141,142,25,141
1,<environment.Job instance at 0x1510e7664c80>,73,1,[1 8],118,151,152,33,141
1,<environment.Job instance at 0x1510e7664d70>,74,12,[7 2],119,154,166,35,141
1,<environment.Job instance at 0x1510e7664b40>,72,15,[7 1],117,154,169,37,146
1,<environment.Job instance at 0x1510d4b59370>,76,2,[7 2],121,166,168,45,148
1,<environment.Job instance at 0x1510d4249050>,20,1,[12  2],35,169,170,134,153
1,<environment.Job instance at 0x1510d4240320>,83,2,[1 5],130,155,157,25,155
1,<environment.Job instance at 0x1510d4b59e60>,77,1,[ 2 10],122,168,169,46,155
1,<environment.Job instance at 0x1510d4240550>,84,13,[1 9],131,169,182,38,160
1,<environment.Job instance at 0x1510eca58cd0>,2,3,[1 7],3,3,6,0,3
1,<environment.Job instance at 0x1510eca58960>,4,3,[7 2],5,5,8,0,5
1,<environment.Job instance at 0x1510eca58d20>,6,15,[8 2],7,7,22,0,7
1,<environment.Job instance at 0x1510eca58af0>,5,2,[8 1],6,22,24,16,7
1,<environment.Job instance at 0x1510d4192b40>,1,2,[2 8],2,10,12,8,10
1,<environment.Job instance at 0x1510eca589b0>,7,1,[10  1],8,24,25,16,11
1,<environment.Job instance at 0x1510d4491b40>,14,17,[12  1],17,25,42,8,19
1,<environment.Job instance at 0x1510ed397690>,21,3,[2 8],25,26,29,1,26
1,<environment.Job instance at 0x1510d4491a00>,15,3,[1 8],18,29,32,11,28
1,<environment.Job instance at 0x1510ed397dc0>,26,3,[8 2],31,42,45,11,31
1,<environment.Job instance at 0x1510e78cdf50>,27,3,[ 2 10],32,32,35,0,32
1,<environment.Job instance at 0x1510e78cd050>,28,2,[9 1],34,45,47,11,34
1,<environment.Job instance at 0x1510ed397410>,24,14,[ 2 10],28,37,51,9,37
1,<environment.Job instance at 0x1510e78cdc80>,31,2,[2 8],40,51,53,11,41
1,<environment.Job instance at 0x1510e78cd5f0>,37,3,[10  1],48,52,55,4,52
1,<environment.Job instance at 0x1510e78f6dc0>,48,3,[2 5],63,120,123,57,120
1,<environment.Job instance at 0x1510d465f5a0>,58,3,[7 1],74,120,123,46,120
1,<environment.Job instance at 0x1510e4101690>,64,17,[11  2],82,156,173,74,156
1,<environment.Job instance at 0x1510d465f460>,59,2,[2 6],75,197,199,122,197
1,<environment.Job instance at 0x1510d4228d70>,71,3,[10  2],91,203,206,112,203
1,<environment.Job instance at 0x1510d42280f0>,72,1,[6 1],94,209,210,115,209
1,<environment.Job instance at 0x1510d42286e0>,74,3,[6 2],96,307,310,211,307
1,<environment.Job instance at 0x1510d4698af0>,76,2,[7 1],98,329,331,231,329
1,<environment.Job instance at 0x1510d43d07d0>,90,1,[ 1 10],117,367,368,250,367
1,<environment.Job instance at 0x1510d44b40a0>,95,3,[2 7],125,371,374,246,371
1,<environment.Job instance at 0x1510d44b43c0>,99,2,[2 5],134,387,389,253,387
1,<environment.Job instance at 0x1510d44b40f0>,98,3,[8 2],131,649,652,518,649
1,<environment.Job instance at 0x1510ef437280>,75,18,[ 1 14],97,1034,1052,937,1034
1,<environment.Job instance at 0x1510d4124730>,5,2,[2 5],8,8,10,0,8
1,<environment.Job instance at 0x1510e7932c30>,11,16,[5 2],16,17,33,1,17
1,<environment.Job instance at 0x1510e81fceb0>,25,2,[8 1],34,38,40,4,38
1,<environment.Job instance at 0x1510d47d4af0>,33,1,[7 2],46,47,48,1,47
1,<environment.Job instance at 0x1510d47b9500>,37,2,[2 6],52,52,54,0,52
1,<environment.Job instance at 0x1510ef39c460>,35,3,[14  2],48,60,63,12,60
1,<environment.Job instance at 0x1510e41a1b40>,36,2,[1 7],51,66,68,15,66
1,<environment.Job instance at 0x1510ef32ad20>,55,1,[10  1],73,75,76,2,75
1,<environment.Job instance at 0x1510ef32a910>,56,3,[1 7],75,88,91,13,88
1,<environment.Job instance at 0x1510d47b9fa0>,38,3,[6 1],54,153,156,99,153
1,<environment.Job instance at 0x1510d4075550>,92,3,[10  1],123,182,185,59,182
1,<environment.Job instance at 0x1510e78cc1e0>,93,1,[8 1],124,195,196,71,195
1,<environment.Job instance at 0x1510d48f3f50>,96,2,[6 1],129,199,201,70,199
1,<environment.Job instance at 0x1510d48f3d70>,97,16,[6 1],130,207,223,77,207
1,<environment.Job instance at 0x1510d4075280>,94,17,[7 2],126,207,224,81,207
1,<environment.Job instance at 0x1510d45c7410>,99,3,[9 1],134,224,227,90,207
1,<environment.Job instance at 0x1510d40754b0>,90,1,[14  1],121,227,228,106,215
1,<environment.Job instance at 0x1510d48f3cd0>,98,1,[ 1 10],132,217,218,85,217
1,<environment.Job instance at 0x1510d45c7050>,100,1,[8 2],136,223,224,87,219
1,<environment.Job instance at 0x1510d42f5820>,95,13,[2 5],127,242,255,115,242
1,<environment.Job instance at 0x1510e7932550>,18,13,[ 2 11],25,544,557,519,544
1,<environment.Job instance at 0x1510d49cb910>,2,3,[1 7],3,5,8,2,5
1,<environment.Job instance at 0x1510d4359aa0>,7,1,[8 2],9,10,11,1,10
1,<environment.Job instance at 0x1510e8237be0>,11,2,[1 8],13,16,18,3,16
1,<environment.Job instance at 0x1510e8237960>,17,3,[ 1 11],21,21,24,0,21
1,<environment.Job instance at 0x1510d4359f50>,8,2,[7 1],10,22,24,12,22
1,<environment.Job instance at 0x1510e8237f00>,18,2,[1 9],22,24,26,2,24
1,<environment.Job instance at 0x1510d49ce1e0>,20,3,[1 5],26,27,30,1,27
1,<environment.Job instance at 0x1510d4a6cdc0>,21,1,[8 1],27,27,28,0,27
1,<environment.Job instance at 0x1510e85765f0>,23,14,[9 2],29,30,44,1,30
1,<environment.Job instance at 0x1510e8574e60>,24,2,[5 2],30,31,33,1,31
1,<environment.Job instance at 0x1510e4036a50>,25,3,[1 5],31,31,34,0,31
1,<environment.Job instance at 0x1510e85fc3c0>,31,3,[7 1],39,75,78,36,75
1,<environment.Job instance at 0x1510e85efaa0>,44,3,[8 2],55,77,80,22,77
1,<environment.Job instance at 0x1510e85ef4b0>,46,2,[2 7],59,84,86,25,84
1,<environment.Job instance at 0x1510d432e0a0>,47,17,[6 2],61,94,111,33,94
1,<environment.Job instance at 0x1510d4103960>,48,13,[ 2 10],62,111,124,49,111
1,<environment.Job instance at 0x1510e8229b90>,55,1,[5 1],69,114,115,45,114
1,<environment.Job instance at 0x1510e8229e10>,56,2,[2 8],70,124,126,54,117
1,<environment.Job instance at 0x1510d4aa8b40>,60,22,[5 1],76,118,140,42,118
1,<environment.Job instance at 0x1510d41034b0>,51,1,[8 1],65,128,129,63,128
1,<environment.Job instance at 0x1510d4aa8960>,65,13,[8 1],85,131,144,46,131
1,<environment.Job instance at 0x1510d4aa8fa0>,62,16,[8 2],81,144,160,63,136
1,<environment.Job instance at 0x1510d4aa85a0>,66,1,[7 2],86,140,141,54,137
1,<environment.Job instance at 0x1510e8615aa0>,40,3,[ 1 14],50,160,163,110,143
1,<environment.Job instance at 0x1510d4aa8640>,70,1,[ 2 10],91,143,144,52,143
1,<environment.Job instance at 0x1510d487bf00>,74,2,[8 1],96,160,162,64,154
1,<environment.Job instance at 0x1510d487b910>,84,13,[8 1],106,287,300,181,287
1,<environment.Job instance at 0x1510d487b870>,85,1,[6 1],107,300,301,193,300
1,<environment.Job instance at 0x1510d487bbe0>,81,2,[1 6],103,308,310,205,308
1,<environment.Job instance at 0x1510d487bb90>,88,3,[5 2],110,318,321,208,318
1,<environment.Job instance at 0x1510d4a7de60>,89,17,[6 2],114,319,336,205,319
1,<environment.Job instance at 0x1510d4a7d460>,90,3,[5 2],115,330,333,215,330
1,<environment.Job instance at 0x1510d4a7d280>,92,2,[8 2],117,343,345,226,343
1,<environment.Job instance at 0x1510d4a7dcd0>,94,1,[8 2],119,348,349,229,348
1,<environment.Job instance at 0x1510d4a7d140>,95,12,[1 8],120,349,361,229,349
1,<environment.Job instance at 0x1510d4a7dd20>,93,2,[11  1],118,349,351,231,349
1,<environment.Job instance at 0x1510d4a7deb0>,96,28,[ 2 10],121,384,412,263,384
1,<environment.Job instance at 0x1510d487b780>,80,18,[ 2 11],102,433,451,331,433
1,<environment.Job instance at 0x1510e8534be0>,99,2,[1 8],127,451,453,324,433
1,<environment.Job instance at 0x1510e8534690>,107,2,[9 1],139,433,435,294,433
1,<environment.Job instance at 0x1510e8534910>,100,1,[5 1],128,438,439,310,438
1,<environment.Job instance at 0x1510d487beb0>,83,2,[ 1 13],105,453,455,348,452
1,<environment.Job instance at 0x1510e8607fa0>,2,3,[7 1],4,5,8,1,5
1,<environment.Job instance at 0x1510d487beb0>,3,2,[ 1 10],5,5,7,0,5
1,<environment.Job instance at 0x1510d4a5e4b0>,6,16,[ 1 12],9,17,33,8,17
1,<environment.Job instance at 0x1510d4a5e5a0>,7,1,[1 5],10,33,34,23,18
1,<environment.Job instance at 0x1510d4a5eb90>,12,3,[1 6],19,33,36,14,22
1,<environment.Job instance at 0x1510d4a5eaa0>,14,3,[2 5],21,34,37,13,28
1,<environment.Job instance at 0x1510d4a5edc0>,17,3,[7 2],25,30,33,5,30
1,<environment.Job instance at 0x1510d4a5e960>,15,16,[7 2],22,33,49,11,32
1,<environment.Job instance at 0x1510d4a5f230>,19,2,[1 6],29,41,43,12,41
1,<environment.Job instance at 0x1510d4a5f500>,24,13,[1 8],38,43,56,5,41
1,<environment.Job instance at 0x1510d4a5fa50>,25,3,[5 1],40,49,52,9,49
1,<environment.Job instance at 0x1510d4a5fdc0>,28,12,[2 8],45,56,68,11,51
1,<environment.Job instance at 0x1510d4a5fd20>,26,26,[5 2],42,51,77,9,51
1,<environment.Job instance at 0x1510d4a5ff50>,29,14,[10  2],46,68,82,22,54
1,<environment.Job instance at 0x1510d4a5ffa0>,30,3,[2 6],47,77,80,30,58
1,<environment.Job instance at 0x1510e8607870>,4,2,[ 1 11],7,80,82,73,65
1,<environment.Job instance at 0x1510d4a5c4b0>,33,14,[9 2],53,82,96,29,67
1,<environment.Job instance at 0x1510d4a33280>,44,1,[10  1],70,96,97,26,74
1,<environment.Job instance at 0x1510d4a334b0>,46,2,[10  1],72,97,99,25,74
1,<environment.Job instance at 0x1510d4a336e0>,48,3,[6 2],74,82,85,8,74
1,<environment.Job instance at 0x1510d4a33910>,50,2,[5 1],79,85,87,6,79
1,<environment.Job instance at 0x1510d4a5c0a0>,32,18,[1 6],51,88,106,37,88
1,<environment.Job instance at 0x1510d4a3aaa0>,64,13,[6 1],98,120,133,22,120
1,<environment.Job instance at 0x1510d4a3ab40>,65,2,[1 9],99,122,124,23,122
1,<environment.Job instance at 0x1510d4a3a6e0>,59,2,[9 1],92,124,126,32,123
1,<environment.Job instance at 0x1510d4a3aa50>,62,1,[14  2],96,133,134,37,124
1,<environment.Job instance at 0x1510d4a3a8c0>,67,3,[5 2],102,126,129,24,126
1,<environment.Job instance at 0x1510d4a3af00>,70,2,[2 8],107,126,128,19,126
1,<environment.Job instance at 0x1510d4a3aeb0>,69,17,[9 1],104,134,151,30,126
1,<environment.Job instance at 0x1510d4a3af50>,71,14,[2 8],108,134,148,26,127
1,<environment.Job instance at 0x1510d4a37140>,72,1,[10  2],109,151,152,42,137
1,<environment.Job instance at 0x1510d4a370a0>,73,17,[7 2],111,152,169,41,144
1,<environment.Job instance at 0x1510d4a37190>,76,18,[8 1],117,152,170,35,145
1,<environment.Job instance at 0x1510d4a375f0>,78,1,[6 1],119,148,149,29,145
1,<environment.Job instance at 0x1510d4a37dc0>,83,2,[7 1],128,169,171,41,150
1,<environment.Job instance at 0x1510d4a3c190>,85,1,[ 2 10],132,170,171,38,152
1,<environment.Job instance at 0x1510d4a3a910>,60,2,[14  2],94,173,175,79,173
1,<environment.Job instance at 0x1510ec9ebcd0>,7,1,[5 2],11,12,13,1,12
1,<environment.Job instance at 0x1510ec9eb320>,8,18,[10  2],12,16,34,4,16
1,<environment.Job instance at 0x1510d4613b40>,14,1,[10  2],19,34,35,15,24
1,<environment.Job instance at 0x1510ed2f41e0>,16,2,[10  1],23,35,37,12,25
1,<environment.Job instance at 0x1510ed2f4eb0>,18,1,[7 2],26,37,38,11,27
1,<environment.Job instance at 0x1510d4aab9b0>,20,13,[5 2],33,37,50,4,37
1,<environment.Job instance at 0x1510d4aabc80>,24,3,[6 2],40,44,47,4,44
1,<environment.Job instance at 0x1510d4aabbe0>,26,2,[8 1],46,47,49,1,46
1,<environment.Job instance at 0x1510d4aabfa0>,27,3,[8 2],48,51,54,3,51
1,<environment.Job instance at 0x1510d44b7640>,28,14,[10  2],49,54,68,5,51
1,<environment.Job instance at 0x1510ec9eb9b0>,13,1,[2 9],18,59,60,41,59
1,<environment.Job instance at 0x1510ef2a8d20>,31,3,[1 6],52,62,65,10,62
1,<environment.Job instance at 0x1510d44b7b90>,30,17,[1 9],51,67,84,16,67
1,<environment.Job instance at 0x1510ef2a8780>,32,1,[8 1],53,68,69,15,67
1,<environment.Job instance at 0x1510ef2a80f0>,34,1,[1 9],58,84,85,26,69
1,<environment.Job instance at 0x1510ef2a8c30>,38,2,[9 1],67,69,71,2,69
1,<environment.Job instance at 0x1510d442e910>,41,2,[6 2],72,72,74,0,72
1,<environment.Job instance at 0x1510ec9ebd20>,5,2,[14  1],7,74,76,67,74
1,<environment.Job instance at 0x1510e77823c0>,43,3,[ 2 10],78,85,88,7,79
1,<environment.Job instance at 0x1510ef2a8410>,37,1,[2 8],64,88,89,24,80
1,<environment.Job instance at 0x1510e8589640>,46,2,[1 7],83,88,90,5,88
1,<environment.Job instance at 0x1510e8e460a0>,54,18,[8 2],92,92,110,0,92
1,<environment.Job instance at 0x1510e8589a50>,49,13,[ 1 13],86,95,108,9,95
1,<environment.Job instance at 0x1510e76ab320>,56,3,[2 5],94,108,111,14,95
1,<environment.Job instance at 0x1510e8e46690>,55,2,[5 1],93,108,110,15,98
1,<environment.Job instance at 0x1510d4a71370>,58,1,[5 2],97,110,111,13,98
1,<environment.Job instance at 0x1510d4a71eb0>,61,2,[2 5],106,110,112,4,109
1,<environment.Job instance at 0x1510e7673870>,63,18,[7 2],109,111,129,2,110
1,<environment.Job instance at 0x1510e406a5a0>,67,3,[2 6],113,115,118,2,115
1,<environment.Job instance at 0x1510ef4945f0>,68,2,[1 6],114,126,128,12,126
1,<environment.Job instance at 0x1510ed432230>,79,2,[1 9],128,128,130,0,128
1,<environment.Job instance at 0x1510ed432820>,82,3,[1 8],133,138,141,5,138
1,<environment.Job instance at 0x1510ed432eb0>,80,3,[ 2 12],130,155,158,25,155
1,<environment.Job instance at 0x1510d47a8a00>,3,3,[9 1],7,8,11,1,8
1,<environment.Job instance at 0x1510d47a8b90>,6,3,[1 6],10,16,19,6,16
1,<environment.Job instance at 0x1510d4ac8050>,9,2,[1 7],13,17,19,4,17
1,<environment.Job instance at 0x1510ec9f8b90>,12,2,[2 5],16,19,21,3,17
1,<environment.Job instance at 0x1510d440baa0>,15,1,[2 9],19,21,22,2,21
1,<environment.Job instance at 0x1510d46fc6e0>,14,3,[8 1],18,22,25,4,22
1,<environment.Job instance at 0x1510d496adc0>,18,3,[1 7],24,24,27,0,24
1,<environment.Job instance at 0x1510e76d8dc0>,20,16,[10  1],26,26,42,0,26
1,<environment.Job instance at 0x1510e76d8780>,22,3,[9 2],29,42,45,13,30
1,<environment.Job instance at 0x1510e76d8be0>,24,2,[ 1 10],31,32,34,1,32
1,<environment.Job instance at 0x1510d457fd20>,26,2,[1 5],33,34,36,1,33
1,<environment.Job instance at 0x1510ed2f49b0>,27,1,[6 2],34,42,43,8,34
1,<environment.Job instance at 0x1510ee9d8910>,28,3,[7 2],36,45,48,9,36
1,<environment.Job instance at 0x1510ee9d8a50>,29,13,[1 6],37,43,56,6,37
1,<environment.Job instance at 0x1510d4235230>,31,1,[5 2],40,45,46,5,45
1,<environment.Job instance at 0x1510e76d8640>,23,14,[ 1 12],30,56,70,26,51
1,<environment.Job instance at 0x1510d4235f50>,36,1,[1 5],47,70,71,23,66
1,<environment.Job instance at 0x1510e71cd910>,42,15,[7 2],56,66,81,10,66
1,<environment.Job instance at 0x1510d47a8d70>,2,2,[11  1],4,81,83,77,68
1,<environment.Job instance at 0x1510ee9103c0>,41,3,[2 7],55,78,81,23,78
1,<environment.Job instance at 0x1510e76ff230>,49,1,[1 6],67,84,85,17,84
1,<environment.Job instance at 0x1510d4487a50>,57,18,[2 8],79,125,143,46,125
1,<environment.Job instance at 0x1510d4ba7230>,63,2,[9 1],88,131,133,43,131
1,<environment.Job instance at 0x1510e4131f50>,61,16,[6 2],85,133,149,48,132
1,<environment.Job instance at 0x1510d4ba7f00>,66,1,[8 1],94,143,144,49,133
1,<environment.Job instance at 0x1510d4ba75a0>,65,1,[ 1 10],93,146,147,53,146
1,<environment.Job instance at 0x1510e82365f0>,81,3,[9 2],123,155,158,32,155
1,<environment.Job instance at 0x1510d4235370>,33,16,[ 1 10],43,184,200,141,184
1,<environment.Job instance at 0x1510e82369b0>,83,13,[1 5],127,193,206,66,193
1,<environment.Job instance at 0x1510ed396f50>,73,16,[2 6],105,200,216,95,198
1,<environment.Job instance at 0x1510e417f050>,13,3,[6 2],20,20,23,0,20
1,<environment.Job instance at 0x1510e417f8c0>,18,17,[6 1],28,28,45,0,28
1,<environment.Job instance at 0x1510e417f960>,20,15,[5 2],30,32,47,2,32
1,<environment.Job instance at 0x1510e417fdc0>,27,1,[6 2],40,99,100,59,99
1,<environment.Job instance at 0x1510e419e2d0>,28,16,[7 1],41,99,115,58,99
1,<environment.Job instance at 0x1510e419e0a0>,29,1,[1 7],42,109,110,67,109
1,<environment.Job instance at 0x1510e419e5a0>,33,15,[7 2],48,120,135,72,120
1,<environment.Job instance at 0x1510e419e6e0>,36,24,[9 2],51,135,159,84,130
1,<environment.Job instance at 0x1510e417fc30>,22,2,[5 2],33,154,156,121,154
1,<environment.Job instance at 0x1510e419e820>,41,14,[9 1],59,162,176,103,162
1,<environment.Job instance at 0x1510e419ef50>,49,2,[1 5],69,169,171,100,169
1,<environment.Job instance at 0x1510e82ba050>,51,15,[2 8],72,186,201,114,186
1,<environment.Job instance at 0x1510e82ba1e0>,53,1,[ 2 10],75,201,202,126,187
1,<environment.Job instance at 0x1510e82ba140>,50,2,[6 1],70,187,189,117,187
1,<environment.Job instance at 0x1510e82ba320>,54,2,[2 8],78,202,204,124,187
1,<environment.Job instance at 0x1510e82ba5a0>,56,2,[6 2],81,187,189,106,187
1,<environment.Job instance at 0x1510e82ba410>,55,16,[8 1],80,189,205,109,187
1,<environment.Job instance at 0x1510e82ba550>,58,3,[2 8],86,204,207,118,187
1,<environment.Job instance at 0x1510e82ba6e0>,59,2,[1 9],87,207,209,120,188
1,<environment.Job instance at 0x1510e82ba690>,57,1,[2 5],82,189,190,107,188
1,<environment.Job instance at 0x1510e419abe0>,11,2,[13  1],18,205,207,187,194
1,<environment.Job instance at 0x1510e82ba820>,61,2,[5 2],89,194,196,105,194
1,<environment.Job instance at 0x1510e82ba780>,60,3,[2 6],88,220,223,132,220
1,<environment.Job instance at 0x1510d4158eb0>,95,3,[2 9],138,221,224,83,221
1,<environment.Job instance at 0x1510e4192aa0>,71,23,[2 9],102,228,251,126,228
1,<environment.Job instance at 0x1510e419e7d0>,37,2,[8 2],53,230,232,177,230
1,<environment.Job instance at 0x1510d413edc0>,94,3,[13  1],137,233,236,96,233
1,<environment.Job instance at 0x1510d4158910>,96,1,[2 9],139,251,252,112,237
1,<environment.Job instance at 0x1510d4214d20>,1,1,[10  1],5,6,7,1,6
1,<environment.Job instance at 0x1510d42140f0>,2,1,[7 2],6,7,8,1,6
1,<environment.Job instance at 0x1510d47ce500>,10,3,[1 6],20,20,23,0,20
1,<environment.Job instance at 0x1510d4b3e780>,18,3,[6 2],35,47,50,12,47
1,<environment.Job instance at 0x1510d4b3ec80>,22,1,[8 2],39,54,55,15,54
1,<environment.Job instance at 0x1510d4b3e3c0>,19,1,[1 8],36,60,61,24,60
1,<environment.Job instance at 0x1510ec976320>,30,1,[1 8],47,61,62,14,61
1,<environment.Job instance at 0x1510e77ea910>,31,2,[10  2],48,83,85,35,83
1,<environment.Job instance at 0x1510e81f90f0>,36,2,[2 9],56,95,97,39,95
1,<environment.Job instance at 0x1510d4559b40>,41,3,[ 2 12],62,101,104,39,101
1,<environment.Job instance at 0x1510d4552280>,38,17,[2 6],58,147,164,89,147
1,<environment.Job instance at 0x1510d4594cd0>,44,2,[2 8],65,181,183,116,181
1,<environment.Job instance at 0x1510d45945f0>,46,16,[5 1],68,290,306,222,290
1,<environment.Job instance at 0x1510d45942d0>,45,14,[9 1],66,293,307,227,293
1,<environment.Job instance at 0x1510d45947d0>,47,28,[5 2],69,306,334,237,306
1,<environment.Job instance at 0x1510d4594410>,48,3,[7 2],71,308,311,237,308
1,<environment.Job instance at 0x1510d4a1d5a0>,50,3,[2 9],74,330,333,256,330
1,<environment.Job instance at 0x1510d458ad20>,57,1,[2 6],87,366,367,279,366
1,<environment.Job instance at 0x1510d4592be0>,52,2,[ 1 10],78,367,369,289,367
1,<environment.Job instance at 0x1510d458a640>,59,16,[10  2],90,367,383,277,367
1,<environment.Job instance at 0x1510d458adc0>,58,1,[2 6],88,369,370,281,368
1,<environment.Job instance at 0x1510d458a6e0>,61,1,[7 2],92,383,384,291,378
1,<environment.Job instance at 0x1510d458a140>,60,12,[1 9],91,385,397,294,385
1,<environment.Job instance at 0x1510d458ae60>,62,12,[1 5],93,388,400,295,388
1,<environment.Job instance at 0x1510d4b3efa0>,17,14,[13  1],33,396,410,363,396
1,<environment.Job instance at 0x1510d458a280>,63,2,[1 9],94,397,399,303,396
1,<environment.Job instance at 0x1510d459e5a0>,71,15,[8 2],104,410,425,306,396
1,<environment.Job instance at 0x1510d458a3c0>,64,1,[5 1],95,410,411,315,399
1,<environment.Job instance at 0x1510d459e280>,76,2,[5 1],109,411,413,302,408
1,<environment.Job instance at 0x1510d45c38c0>,81,3,[1 7],116,420,423,304,420
1,<environment.Job instance at 0x1510d491a500>,83,2,[7 1],118,423,425,305,420
1,<environment.Job instance at 0x1510d45c3910>,80,3,[8 2],115,425,428,310,420
1,<environment.Job instance at 0x1510d491af00>,84,1,[1 6],119,420,421,301,420
1,<environment.Job instance at 0x1510d491a460>,86,1,[1 9],121,425,426,304,420
1,<environment.Job instance at 0x1510e41a3910>,87,13,[1 6],122,426,439,304,421
1,<environment.Job instance at 0x1510e41a3a50>,91,16,[2 7],130,426,442,296,425
1,<environment.Job instance at 0x1510e41a33c0>,93,2,[2 8],135,439,441,304,425
1,<environment.Job instance at 0x1510e41a3410>,94,3,[10  1],136,428,431,292,425
1,<environment.Job instance at 0x1510e41a30a0>,95,21,[1 5],139,441,462,302,435
1,<environment.Job instance at 0x1510d491a3c0>,85,27,[2 7],120,442,469,322,442
1,<environment.Job instance at 0x1510e41a3a00>,92,3,[ 2 13],134,486,489,352,486
1,<environment.Job instance at 0x1510d4559960>,42,12,[11  1],63,522,534,459,522
1,<environment.Job instance at 0x1510d42b28c0>,19,2,[7 1],23,24,26,1,24
1,<environment.Job instance at 0x1510e8617500>,29,1,[ 1 10],38,40,41,2,40
1,<environment.Job instance at 0x1510d4185aa0>,31,1,[1 7],40,42,43,2,42
1,<environment.Job instance at 0x1510d41858c0>,35,13,[1 5],45,45,58,0,45
1,<environment.Job instance at 0x1510e406cd20>,38,2,[7 1],48,56,58,8,56
1,<environment.Job instance at 0x1510e40f6410>,44,1,[10  2],58,59,60,1,59
1,<environment.Job instance at 0x1510ed421870>,45,16,[5 1],59,59,75,0,59
1,<environment.Job instance at 0x1510ed3abd70>,41,3,[10  2],55,78,81,23,78
1,<environment.Job instance at 0x1510eaad4e10>,61,3,[2 9],81,83,86,2,83
1,<environment.Job instance at 0x1510eaad48c0>,64,1,[5 1],86,86,87,0,86
1,<environment.Job instance at 0x1510eaad4190>,65,3,[1 8],87,87,90,0,87
1,<environment.Job instance at 0x1510e406c190>,37,2,[ 1 12],47,90,92,43,88
1,<environment.Job instance at 0x1510e40b8e10>,68,2,[2 8],92,92,94,0,92
1,<environment.Job instance at 0x1510e40b8b90>,71,3,[8 2],96,97,100,1,97
1,<environment.Job instance at 0x1510e40b8550>,72,1,[2 8],97,100,101,3,100
1,<environment.Job instance at 0x1510e40b8a00>,75,18,[5 2],100,100,118,0,100
1,<environment.Job instance at 0x1510e40b80f0>,73,1,[5 1],98,100,101,2,100
1,<environment.Job instance at 0x1510d419baa0>,78,13,[9 2],108,114,127,6,114
1,<environment.Job instance at 0x1510d419bfa0>,83,2,[8 1],114,127,129,13,120
1,<environment.Job instance at 0x1510d419b500>,81,15,[5 2],112,120,135,8,120
1,<environment.Job instance at 0x1510d457b1e0>,87,12,[5 2],118,129,141,11,120
1,<environment.Job instance at 0x1510d457b500>,88,3,[9 2],120,135,138,15,120
1,<environment.Job instance at 0x1510d41e8b90>,91,14,[6 1],126,138,152,12,127
1,<environment.Job instance at 0x1510d41e8b40>,92,12,[2 8],127,138,150,11,129
1,<environment.Job instance at 0x1510d41e8280>,90,1,[10  1],125,152,153,27,137
1,<environment.Job instance at 0x1510d41e8820>,94,3,[1 6],130,143,146,13,143
1,<environment.Job instance at 0x1510d41e8aa0>,97,2,[9 1],134,150,152,16,146
1,<environment.Job instance at 0x1510d41e8410>,89,13,[ 1 14],122,152,165,30,148
1,<environment.Job instance at 0x153100d055a0>,3,1,[6 2],4,5,6,1,5
1,<environment.Job instance at 0x153100d05230>,2,1,[2 5],3,6,7,3,6
1,<environment.Job instance at 0x153100c0c0f0>,14,2,[ 1 10],18,19,21,1,19
1,<environment.Job instance at 0x153100c330f0>,18,2,[10  1],25,25,27,0,25
1,<environment.Job instance at 0x1531007cb3c0>,21,3,[6 1],29,30,33,1,30
1,<environment.Job instance at 0x1531007cb140>,20,2,[ 1 13],27,30,32,3,30
1,<environment.Job instance at 0x1531007ca140>,26,1,[2 7],35,36,37,1,36
1,<environment.Job instance at 0x1531007c6f50>,34,15,[11  1],44,44,59,0,44
1,<environment.Job instance at 0x1531007c6960>,35,2,[1 8],45,45,47,0,45
1,<environment.Job instance at 0x1531007c59b0>,31,3,[9 2],41,59,62,18,51
1,<environment.Job instance at 0x1531007c7eb0>,42,1,[10  1],56,62,63,6,58
1,<environment.Job instance at 0x1531007c7c30>,39,3,[1 5],52,60,63,8,60
1,<environment.Job instance at 0x1531007db4b0>,44,3,[1 8],58,74,77,16,74
1,<environment.Job instance at 0x153100cc1640>,51,2,[8 2],69,83,85,14,83
1,<environment.Job instance at 0x1531007dfeb0>,46,2,[2 8],61,83,85,22,83
1,<environment.Job instance at 0x153100ccaf50>,53,3,[6 1],73,85,88,12,83
1,<environment.Job instance at 0x1531007d34b0>,54,2,[2 5],75,85,87,10,85
1,<environment.Job instance at 0x153100c6d9b0>,55,16,[2 5],76,87,103,11,87
1,<environment.Job instance at 0x1531007d31e0>,57,22,[1 5],80,88,110,8,88
1,<environment.Job instance at 0x153100c6daa0>,58,15,[2 9],82,103,118,21,100
1,<environment.Job instance at 0x153100c555a0>,59,1,[1 9],85,118,119,33,106
1,<environment.Job instance at 0x1531007c7780>,41,25,[12  2],54,113,138,59,113
1,<environment.Job instance at 0x153100ca0780>,67,1,[13  1],94,138,139,44,117
1,<environment.Job instance at 0x153100ca8a50>,62,3,[9 2],88,139,142,51,117
1,<environment.Job instance at 0x153100ca0af0>,74,3,[6 2],106,139,142,33,118
1,<environment.Job instance at 0x153100c6c5f0>,76,2,[2 5],108,120,122,12,120
1,<environment.Job instance at 0x1531007c2190>,77,2,[ 1 10],109,122,124,13,120
1,<environment.Job instance at 0x153100ca8e10>,64,12,[9 1],91,142,154,51,126
1,<environment.Job instance at 0x153100f865a0>,91,1,[2 5],128,128,129,0,128
1,<environment.Job instance at 0x153100f89410>,97,15,[10  2],135,154,169,19,142
1,<environment.Job instance at 0x153100f89690>,98,13,[ 1 10],136,154,167,18,154
1,<environment.Job instance at 0x1531007c21e0>,80,14,[7 1],112,169,183,57,161
1,<environment.Job instance at 0x153100f88be0>,102,1,[2 8],141,167,168,26,164
1,<environment.Job instance at 0x153100f88370>,105,1,[8 2],144,204,205,60,204
1,<environment.Job instance at 0x153100f65500>,93,2,[14  1],130,210,212,80,210
1,<environment.Job instance at 0x153100f88f00>,104,1,[ 2 14],143,212,213,69,210
1,<environment.Job instance at 0x1531026a5e10>,0,3,[11  2],1,28,31,27,28
1,<environment.Job instance at 0x153100d482d0>,18,3,[1 9],24,93,96,69,93
1,<environment.Job instance at 0x153100d283c0>,7,1,[1 6],9,122,123,113,122
1,<environment.Job instance at 0x153100d481e0>,22,3,[5 1],33,157,160,124,157
1,<environment.Job instance at 0x153100d487d0>,26,2,[ 2 10],41,203,205,162,203
1,<environment.Job instance at 0x153100d48460>,25,2,[1 9],38,205,207,167,203
1,<environment.Job instance at 0x153100f81280>,27,3,[5 2],42,222,225,180,222
1,<environment.Job instance at 0x153100f81d20>,29,2,[ 2 10],44,222,224,178,222
1,<environment.Job instance at 0x153100f81d70>,30,2,[2 9],45,224,226,179,223
1,<environment.Job instance at 0x153100f81870>,28,15,[2 7],43,291,306,248,291
1,<environment.Job instance at 0x153100f81410>,34,3,[5 2],50,292,295,242,292
1,<environment.Job instance at 0x153100f816e0>,35,2,[ 1 10],51,306,308,255,297
1,<environment.Job instance at 0x153100f81050>,33,2,[9 1],49,304,306,255,304
1,<environment.Job instance at 0x153100f81320>,36,13,[ 2 10],52,324,337,272,324
1,<environment.Job instance at 0x153100f817d0>,40,3,[ 2 10],57,337,340,280,329
1,<environment.Job instance at 0x153100f81190>,41,14,[10  1],59,331,345,272,331
1,<environment.Job instance at 0x153100f81c80>,37,1,[1 7],53,341,342,288,341
1,<environment.Job instance at 0x153100f81aa0>,42,12,[7 1],60,346,358,286,346
1,<environment.Job instance at 0x153100d48410>,16,13,[ 1 14],22,363,376,341,363
1,<environment.Job instance at 0x153100f811e0>,49,18,[8 1],68,363,381,295,363
1,<environment.Job instance at 0x153100f81eb0>,46,3,[6 1],64,376,379,312,367
1,<environment.Job instance at 0x153100f887d0>,51,17,[1 6],71,395,412,324,395
1,<environment.Job instance at 0x153100cf82d0>,77,2,[ 2 12],116,412,414,296,398
1,<environment.Job instance at 0x153100cf8be0>,72,2,[2 5],108,420,422,312,420
1,<environment.Job instance at 0x153100cf8b90>,82,2,[6 2],122,472,474,350,472
1,<environment.Job instance at 0x153100cf90f0>,88,21,[ 2 13],130,488,509,358,488
1,<environment.Job instance at 0x153100cf91e0>,86,3,[ 1 13],126,529,532,403,529
1,<environment.Job instance at 0x153100ce66e0>,95,1,[5 2],138,589,590,451,589
1,<environment.Job instance at 0x153100cf9500>,89,1,[2 8],131,594,595,463,594
1,<environment.Job instance at 0x153100ce67d0>,97,3,[1 7],140,599,602,459,599
1,<environment.Job instance at 0x153100ce6c30>,100,2,[5 2],145,606,608,461,606
1,<environment.Job instance at 0x153100ce68c0>,101,1,[1 6],147,607,608,460,607
1,<environment.Job instance at 0x153100ce6fa0>,98,2,[5 2],142,634,636,492,634
1,<environment.Job instance at 0x153100d28500>,10,3,[12  1],14,690,693,676,690
1,<environment.Job instance at 0x153100cf8190>,81,13,[ 1 11],121,893,906,772,893
1,<environment.Job instance at 0x153100cf9c30>,1,1,[2 5],4,4,5,0,4
1,<environment.Job instance at 0x1530bf1ff280>,9,14,[8 1],16,17,31,1,17
1,<environment.Job instance at 0x1530bf27ce60>,10,2,[ 1 10],17,17,19,0,17
1,<environment.Job instance at 0x1530bf1ff370>,12,21,[7 2],20,21,42,1,21
1,<environment.Job instance at 0x1530bf1ff1e0>,16,3,[5 1],24,32,35,8,32
1,<environment.Job instance at 0x1530bf1ffdc0>,21,3,[1 9],34,35,38,1,35
1,<environment.Job instance at 0x1530bf200460>,25,3,[5 2],43,44,47,1,44
1,<environment.Job instance at 0x1530bf200820>,27,1,[ 2 10],45,45,46,0,45
1,<environment.Job instance at 0x1530bf200cd0>,34,15,[8 2],56,56,71,0,56
1,<environment.Job instance at 0x1530bf200230>,26,16,[7 2],44,57,73,13,57
1,<environment.Job instance at 0x1530bf2035f0>,38,3,[2 7],63,71,74,8,64
1,<environment.Job instance at 0x1530bf2030f0>,37,1,[6 2],61,71,72,10,64
1,<environment.Job instance at 0x1530bf203870>,40,2,[8 1],68,73,75,5,68
1,<environment.Job instance at 0x1530bf203370>,36,2,[ 2 12],60,95,97,35,95
1,<environment.Job instance at 0x1530bf2038c0>,39,15,[ 1 11],67,97,112,30,95
1,<environment.Job instance at 0x1530bf203a50>,42,2,[1 6],72,112,114,40,95
1,<environment.Job instance at 0x1530bf206050>,51,16,[9 1],83,95,111,12,95
1,<environment.Job instance at 0x1530bf206e10>,59,18,[6 2],96,111,129,15,100
1,<environment.Job instance at 0x1530bf206320>,53,3,[2 7],86,112,115,26,103
1,<environment.Job instance at 0x1530bf2070a0>,61,3,[5 1],100,107,110,7,107
1,<environment.Job instance at 0x1530bf207e60>,69,2,[5 2],112,114,116,2,113
1,<environment.Job instance at 0x1530bf273b40>,77,26,[9 1],124,125,151,1,125
1,<environment.Job instance at 0x1530bf3bcfa0>,82,3,[8 1],129,151,154,22,136
1,<environment.Job instance at 0x1530bf38b0f0>,81,12,[5 2],128,150,162,22,150
1,<environment.Job instance at 0x1530bf375cd0>,91,2,[8 1],146,154,156,8,150
1,<environment.Job instance at 0x1530bf2507d0>,85,27,[1 7],135,154,181,19,154
1,<environment.Job instance at 0x1530bf96abe0>,10,3,[1 9],14,14,17,0,14
1,<environment.Job instance at 0x1530bf95c870>,12,2,[1 5],18,18,20,0,18
1,<environment.Job instance at 0x1530bf95ccd0>,15,1,[8 2],21,21,22,0,21
1,<environment.Job instance at 0x1530bf95c640>,16,14,[14  1],22,24,38,2,24
1,<environment.Job instance at 0x1530bf975370>,21,2,[1 7],31,32,34,1,32
1,<environment.Job instance at 0x1530bf975730>,23,18,[8 2],33,38,56,5,34
1,<environment.Job instance at 0x1530bf975320>,25,16,[1 5],35,35,51,0,35
1,<environment.Job instance at 0x1530bf9b8d70>,28,15,[7 2],38,74,89,36,74
1,<environment.Job instance at 0x1530bf975460>,22,1,[1 5],32,88,89,56,88
1,<environment.Job instance at 0x1530bf9b8190>,36,2,[2 8],49,92,94,43,92
1,<environment.Job instance at 0x1530bf9b83c0>,40,2,[10  1],54,94,96,40,94
1,<environment.Job instance at 0x1530bf9b8b90>,42,1,[5 2],57,95,96,38,95
1,<environment.Job instance at 0x1530bf9b8500>,44,2,[ 1 10],60,96,98,36,95
1,<environment.Job instance at 0x1530bf9145f0>,46,12,[6 1],62,96,108,34,95
1,<environment.Job instance at 0x1530bf914a50>,47,2,[5 2],63,97,99,34,97
1,<environment.Job instance at 0x1530bf914d70>,48,1,[7 1],66,99,100,33,98
1,<environment.Job instance at 0x1530bf9b80a0>,39,27,[ 2 10],53,100,127,47,100
1,<environment.Job instance at 0x1530bf914f00>,50,1,[7 2],68,106,107,38,106
1,<environment.Job instance at 0x1530bf914be0>,52,2,[5 2],70,107,109,37,106
1,<environment.Job instance at 0x1530bf914fa0>,51,3,[10  2],69,109,112,40,107
1,<environment.Job instance at 0x1530bf9145a0>,54,3,[1 7],73,163,166,90,163
1,<environment.Job instance at 0x1530bf914cd0>,57,17,[9 2],78,180,197,102,180
1,<environment.Job instance at 0x1530bf914690>,58,1,[6 2],79,182,183,103,182
1,<environment.Job instance at 0x1530bf9147d0>,59,2,[1 5],80,189,191,109,189
1,<environment.Job instance at 0x1530bf9148c0>,60,1,[1 7],81,222,223,141,222
1,<environment.Job instance at 0x1530bf90fb40>,61,3,[2 7],82,224,227,142,224
1,<environment.Job instance at 0x1530bf90f460>,62,2,[1 5],83,226,228,143,226
1,<environment.Job instance at 0x1530bf90f320>,63,1,[1 9],85,250,251,165,250
1,<environment.Job instance at 0x1530bf90f730>,65,15,[7 1],87,277,292,190,277
1,<environment.Job instance at 0x1530bf90f910>,64,1,[2 5],86,278,279,192,278
1,<environment.Job instance at 0x1530bf90f820>,66,1,[2 6],88,287,288,199,287
1,<environment.Job instance at 0x1530bf90be60>,69,3,[1 7],93,299,302,206,299
1,<environment.Job instance at 0x1530bf90b870>,72,17,[9 1],96,300,317,204,300
1,<environment.Job instance at 0x1530bf90bf50>,73,3,[5 1],97,304,307,207,304
1,<environment.Job instance at 0x1530bf90b410>,74,1,[10  1],98,317,318,219,306
1,<environment.Job instance at 0x1530bf90b050>,77,2,[2 6],101,308,310,207,308
1,<environment.Job instance at 0x1530bf90b820>,79,2,[10  2],103,318,320,215,310
1,<environment.Job instance at 0x1530bf955af0>,82,2,[1 6],107,352,354,245,352
1,<environment.Job instance at 0x1530bf90b1e0>,78,3,[9 2],102,369,372,267,369
1,<environment.Job instance at 0x1530bf9550f0>,84,2,[7 2],110,372,374,262,369
1,<environment.Job instance at 0x1530bf9551e0>,87,14,[6 1],113,369,383,256,369
1,<environment.Job instance at 0x1530bf90f640>,68,1,[2 6],91,372,373,281,369
1,<environment.Job instance at 0x1530bf955280>,88,1,[2 5],114,373,374,259,369
1,<environment.Job instance at 0x1530bf955320>,90,2,[7 1],116,374,376,258,369
1,<environment.Job instance at 0x1530bf955d70>,91,3,[7 1],117,376,379,259,369
1,<environment.Job instance at 0x1530bf95db40>,92,13,[10  1],118,383,396,265,369
1,<environment.Job instance at 0x1530bf95de60>,93,25,[12  1],119,396,421,277,393
1,<environment.Job instance at 0x1530bf95d640>,95,2,[10  2],122,421,423,299,394
1,<environment.Job instance at 0x1530bf95dfa0>,96,3,[7 1],126,423,426,297,397
1,<environment.Job instance at 0x1530bf96dcd0>,97,3,[2 8],127,397,400,270,397
1,<environment.Job instance at 0x1530bf955dc0>,89,14,[2 8],115,400,414,285,397
1,<environment.Job instance at 0x1530bf96dd70>,98,3,[1 9],128,414,417,286,402
1,<environment.Job instance at 0x1530bf96de10>,100,3,[2 9],130,417,420,287,403
1,<environment.Job instance at 0x1530bf96de60>,99,16,[10  1],129,445,461,316,445
1,<environment.Job instance at 0x1530bf96d230>,101,23,[1 6],131,456,479,325,456
1,<environment.Job instance at 0x1530bf96d550>,102,12,[7 1],134,461,473,327,457
1,<environment.Job instance at 0x1530bf96d820>,104,3,[6 1],139,461,464,322,458
1,<environment.Job instance at 0x1530bf96dd20>,103,3,[10  1],137,473,476,336,460
1,<environment.Job instance at 0x1530bf96df50>,106,2,[7 1],142,464,466,322,460
1,<environment.Job instance at 0x1530bf96d5f0>,107,18,[2 6],144,466,484,322,460
1,<environment.Job instance at 0x1530bf96d6e0>,109,2,[5 1],147,466,468,319,461
1,<environment.Job instance at 0x1530bf96d780>,108,1,[7 1],146,476,477,330,463
1,<environment.Job instance at 0x1530bf96da50>,110,14,[2 5],148,479,493,331,471
1,<environment.Job instance at 0x1530bf96df00>,105,3,[8 1],140,477,480,337,474
1,<environment.Job instance at 0x1530bf9753c0>,20,3,[ 2 11],30,493,496,463,483
1,<environment.Job instance at 0x1530bf914410>,56,13,[12  2],77,573,586,496,573
1,<environment.Job instance at 0x1530bf8c7d20>,15,3,[1 9],28,28,31,0,28
1,<environment.Job instance at 0x1530bf8c7dc0>,21,2,[7 2],40,42,44,2,42
1,<environment.Job instance at 0x1530bf7df910>,11,2,[ 1 10],20,140,142,120,140
1,<environment.Job instance at 0x1530bfb0baf0>,24,14,[2 8],43,142,156,99,140
1,<environment.Job instance at 0x1530bf8ca5f0>,51,13,[13  2],87,140,153,53,140
1,<environment.Job instance at 0x1530bfafc0f0>,52,3,[9 2],88,153,156,65,145
1,<environment.Job instance at 0x1530bfafc7d0>,56,1,[8 1],95,156,157,61,148
1,<environment.Job instance at 0x1530bfafcfa0>,57,28,[5 1],96,156,184,60,156
1,<environment.Job instance at 0x1530bfafcaa0>,58,13,[8 2],97,157,170,60,156
1,<environment.Job instance at 0x1530bfafc460>,59,18,[5 1],98,170,188,72,160
1,<environment.Job instance at 0x1530bfa89460>,44,1,[ 1 12],76,160,161,84,160
1,<environment.Job instance at 0x1530bfafc5f0>,63,17,[9 2],103,208,225,105,208
1,<environment.Job instance at 0x1530bfafc2d0>,61,3,[6 2],100,249,252,149,249
1,<environment.Job instance at 0x1530bf432c30>,4,1,[6 1],6,7,8,1,7
1,<environment.Job instance at 0x1530bf432780>,6,3,[2 7],9,10,13,1,10
1,<environment.Job instance at 0x1530bf3c5690>,11,2,[2 7],14,14,16,0,14
1,<environment.Job instance at 0x1530bf432730>,10,1,[6 2],13,18,19,5,18
1,<environment.Job instance at 0x1530bf43a1e0>,23,17,[10  1],30,40,57,10,40
1,<environment.Job instance at 0x1530bf43ac30>,28,15,[5 2],36,53,68,17,53
1,<environment.Job instance at 0x1530bf43a690>,25,1,[10  2],33,60,61,27,60
1,<environment.Job instance at 0x1530bf43d820>,32,2,[2 9],41,61,63,20,61
1,<environment.Job instance at 0x1530bf43ae10>,31,15,[6 1],40,72,87,32,72
1,<environment.Job instance at 0x1530bf43d5f0>,40,2,[5 2],51,81,83,30,81
1,<environment.Job instance at 0x1530bf43d3c0>,42,1,[1 7],53,81,82,28,81
1,<environment.Job instance at 0x1530bf3cdfa0>,44,1,[6 2],57,83,84,26,81
1,<environment.Job instance at 0x1530bf3cd3c0>,46,1,[2 6],60,82,83,22,81
1,<environment.Job instance at 0x1530bf43d550>,43,17,[9 1],56,84,101,28,81
1,<environment.Job instance at 0x1530bf3cd0f0>,48,2,[9 1],62,101,103,39,87
1,<environment.Job instance at 0x1530bf3cd140>,47,3,[2 6],61,88,91,27,88
1,<environment.Job instance at 0x1530bf3cd7d0>,51,2,[9 2],66,103,105,37,90
1,<environment.Job instance at 0x1530bf3c93c0>,56,1,[8 2],73,105,106,32,93
1,<environment.Job instance at 0x1530bf3c96e0>,57,17,[7 1],74,105,122,31,93
1,<environment.Job instance at 0x1530bf3cde10>,50,2,[7 2],65,145,147,80,145
1,<environment.Job instance at 0x1530bf3c99b0>,65,2,[6 2],82,152,154,70,152
1,<environment.Job instance at 0x1530bf3d12d0>,69,2,[ 1 10],88,166,168,78,166
1,<environment.Job instance at 0x1530bf3d1b90>,67,1,[6 2],85,174,175,89,174
1,<environment.Job instance at 0x1530bf3d10f0>,72,14,[2 9],91,174,188,83,174
1,<environment.Job instance at 0x1530bf3d16e0>,71,1,[5 1],90,174,175,84,174
1,<environment.Job instance at 0x1530bf3d1f50>,73,2,[7 2],92,180,182,88,180
1,<environment.Job instance at 0x1530bf3d1d20>,75,3,[6 1],94,185,188,91,185
1,<environment.Job instance at 0x1530bf3d1140>,76,1,[13  1],95,188,189,93,188
1,<environment.Job instance at 0x1530bf3d5550>,78,1,[5 1],97,189,190,92,189
1,<environment.Job instance at 0x1530bf3d50a0>,79,17,[1 8],98,197,214,99,197
1,<environment.Job instance at 0x1530bf3d5b40>,84,13,[7 2],104,212,225,108,212
1,<environment.Job instance at 0x1530bf3d5af0>,87,3,[10  2],107,255,258,148,255
1,<environment.Job instance at 0x1530bf3dfa50>,95,2,[10  1],117,258,260,141,257
1,<environment.Job instance at 0x1530bf3df050>,97,1,[ 1 14],120,258,259,138,257
1,<environment.Job instance at 0x1530bf3df140>,98,16,[6 2],121,260,276,139,257
1,<environment.Job instance at 0x1530bf3df500>,96,22,[2 6],119,259,281,140,257
1,<environment.Job instance at 0x1530bf3dfe60>,100,2,[9 1],124,276,278,152,258
1,<environment.Job instance at 0x1530bf3df910>,101,19,[1 5],126,268,287,142,268
1,<environment.Job instance at 0x15310310bfa0>,104,2,[7 2],130,278,280,148,269
1,<environment.Job instance at 0x1530bf3dfd70>,99,1,[6 1],122,281,282,159,281
1,<environment.Job instance at 0x1530bf3dffa0>,102,1,[8 1],127,281,282,154,281
1,<environment.Job instance at 0x1530bf41f460>,107,1,[ 2 10],134,286,287,152,286
1,<environment.Job instance at 0x15310814a5a0>,109,1,[6 1],137,291,292,154,291
1,<environment.Job instance at 0x15310810e320>,105,3,[ 2 14],132,301,304,169,301
1,<environment.Job instance at 0x1531025736e0>,113,2,[7 2],145,328,330,183,328
1,<environment.Job instance at 0x1530bf3c9960>,55,17,[12  1],70,380,397,310,380
1,<environment.Job instance at 0x1530bf669b40>,3,1,[1 8],4,10,11,6,10
1,<environment.Job instance at 0x1530bf669aa0>,8,2,[2 7],13,13,15,0,13
1,<environment.Job instance at 0x1530bf97cbe0>,0,15,[14  1],1,20,35,19,20
1,<environment.Job instance at 0x1530bf669960>,11,12,[5 2],17,35,47,18,22
1,<environment.Job instance at 0x1530bf664e60>,26,14,[7 1],40,72,86,32,72
1,<environment.Job instance at 0x153100f65690>,20,1,[10  1],31,107,108,76,107
1,<environment.Job instance at 0x1530bf6640f0>,30,14,[9 1],44,118,132,74,118
1,<environment.Job instance at 0x1530bfb4acd0>,33,2,[ 1 10],48,155,157,107,155
1,<environment.Job instance at 0x153100c3a5f0>,31,3,[9 2],45,162,165,117,162
1,<environment.Job instance at 0x1530beeaa690>,43,3,[2 8],68,189,192,121,189
1,<environment.Job instance at 0x1530beef00f0>,45,2,[2 9],71,197,199,126,197
1,<environment.Job instance at 0x1530beef0af0>,48,28,[5 2],74,210,238,136,210
1,<environment.Job instance at 0x1530beef02d0>,46,2,[8 2],72,214,216,142,214
1,<environment.Job instance at 0x1530beef0140>,50,2,[ 1 10],76,230,232,154,230
1,<environment.Job instance at 0x1530beef0aa0>,51,3,[ 2 14],77,269,272,192,269
1,<environment.Job instance at 0x1530beef04b0>,52,1,[5 1],78,273,274,195,273
1,<environment.Job instance at 0x1530bf664e10>,24,2,[12  1],37,320,322,283,320
1,<environment.Job instance at 0x1530beeb7c30>,58,2,[6 2],86,327,329,241,327
1,<environment.Job instance at 0x1530beef0500>,54,1,[8 1],80,344,345,264,344
1,<environment.Job instance at 0x1530bf664730>,21,26,[ 2 13],33,464,490,431,464
1,<environment.Job instance at 0x15310816a460>,63,1,[1 9],91,490,491,399,473
1,<environment.Job instance at 0x1530bfb0f5a0>,74,23,[9 1],106,480,503,374,480
1,<environment.Job instance at 0x1530bfb14aa0>,76,1,[5 2],108,490,491,382,481
1,<environment.Job instance at 0x1530bfb143c0>,81,1,[9 1],115,503,504,388,483
1,<environment.Job instance at 0x1531033a79b0>,70,2,[1 7],98,491,493,393,484
1,<environment.Job instance at 0x1530bfb205a0>,87,3,[9 1],126,504,507,378,485
1,<environment.Job instance at 0x1530bfb140a0>,85,20,[8 1],120,507,527,387,505
1,<environment.Job instance at 0x1530bfb20d20>,89,2,[1 8],129,506,508,377,506
1,<environment.Job instance at 0x1530bfb20280>,90,1,[2 6],130,510,511,380,510
1,<environment.Job instance at 0x1530beeaacd0>,42,2,[ 1 11],67,511,513,444,511
1,<environment.Job instance at 0x1530bfb20140>,92,1,[ 2 10],137,516,517,379,516
1,<environment.Job instance at 0x1530bfb201e0>,91,2,[9 2],133,527,529,394,516
1,<environment.Job instance at 0x1530bfb206e0>,95,3,[1 8],141,517,520,376,516
1,<environment.Job instance at 0x1530bfb1b820>,96,1,[8 1],143,529,530,386,518
1,<environment.Job instance at 0x1530bfb1b280>,98,12,[7 2],146,529,541,383,523
1,<environment.Job instance at 0x1530bfb1b460>,97,16,[9 1],144,541,557,397,535
1,<environment.Job instance at 0x1530bfb14820>,84,3,[12  1],119,787,790,668,787
1,<environment.Job instance at 0x1530bfb20be0>,94,13,[ 2 11],140,848,861,708,848
1,<environment.Job instance at 0x1530bfb20b40>,93,3,[11  1],139,891,894,752,891
1,<environment.Job instance at 0x1530bfb208c0>,4,1,[ 2 10],7,8,9,1,8
1,<environment.Job instance at 0x153108218b90>,8,2,[5 2],11,13,15,2,13
1,<environment.Job instance at 0x153108218050>,9,21,[5 1],12,13,34,1,13
1,<environment.Job instance at 0x1531082186e0>,6,2,[ 1 12],9,16,18,7,16
1,<environment.Job instance at 0x153108222280>,12,1,[ 2 10],16,18,19,2,18
1,<environment.Job instance at 0x153108222910>,13,2,[1 6],17,19,21,2,18
1,<environment.Job instance at 0x1531082229b0>,17,13,[7 1],22,22,35,0,22
1,<environment.Job instance at 0x153108222b40>,15,1,[2 7],20,23,24,3,23
1,<environment.Job instance at 0x1531081f2b90>,22,2,[1 7],29,32,34,3,32
1,<environment.Job instance at 0x15310822d780>,25,1,[7 1],34,34,35,0,34
1,<environment.Job instance at 0x15310822de10>,30,1,[7 1],39,40,41,1,40
1,<environment.Job instance at 0x15310822d190>,32,2,[10  2],43,44,46,1,44
1,<environment.Job instance at 0x1531082096e0>,34,2,[8 2],45,46,48,1,46
1,<environment.Job instance at 0x153100c7f230>,42,21,[6 1],60,61,82,1,61
1,<environment.Job instance at 0x153100c7f320>,45,1,[ 2 10],64,65,66,1,65
1,<environment.Job instance at 0x1531077793c0>,50,27,[5 2],72,75,102,3,75
1,<environment.Job instance at 0x153103399190>,52,1,[9 1],74,86,87,12,86
1,<environment.Job instance at 0x1531033bb640>,57,18,[9 1],83,96,114,13,96
1,<environment.Job instance at 0x1530bf112b90>,59,13,[8 2],86,114,127,28,103
1,<environment.Job instance at 0x15310971d0f0>,53,1,[ 2 10],75,107,108,32,107
1,<environment.Job instance at 0x1530bfa8f410>,60,1,[7 1],87,114,115,27,113
1,<environment.Job instance at 0x15310977eeb0>,54,12,[2 8],78,116,128,38,116
1,<environment.Job instance at 0x153100c7f780>,43,3,[ 2 13],62,128,131,66,117
1,<environment.Job instance at 0x1530bfa8f370>,62,3,[1 5],90,117,120,27,117
1,<environment.Job instance at 0x1530befb9500>,58,2,[8 1],85,127,129,42,118
1,<environment.Job instance at 0x1530bef79230>,74,3,[5 1],107,120,123,13,118
1,<environment.Job instance at 0x1530bef79050>,77,2,[1 8],111,131,133,20,119
1,<environment.Job instance at 0x1530bef791e0>,79,2,[ 2 10],115,133,135,18,119
1,<environment.Job instance at 0x1530bfb53a50>,70,16,[1 6],102,139,155,37,139
1,<environment.Job instance at 0x1531033ae5a0>,86,1,[9 2],124,165,166,41,165
1,<environment.Job instance at 0x1530bfb45cd0>,82,20,[ 2 11],118,476,496,358,476
1,<environment.Job instance at 0x1530bf220c30>,3,16,[5 2],4,6,22,2,6
1,<environment.Job instance at 0x1530bfb14320>,8,1,[1 8],12,13,14,1,13
1,<environment.Job instance at 0x1530bfb14c30>,9,16,[5 2],13,17,33,4,17
1,<environment.Job instance at 0x1530bfaba140>,13,3,[7 1],20,24,27,4,24
1,<environment.Job instance at 0x1530bfabacd0>,18,2,[11  2],26,34,36,8,34
1,<environment.Job instance at 0x1530bfaba3c0>,14,1,[6 1],21,43,44,22,43
1,<environment.Job instance at 0x15310821c3c0>,25,17,[5 2],34,47,64,13,47
1,<environment.Job instance at 0x15310821ca00>,26,2,[2 6],36,49,51,13,49
1,<environment.Job instance at 0x15310821c500>,24,3,[9 2],33,52,55,19,52
1,<environment.Job instance at 0x15310821caa0>,28,1,[2 7],38,56,57,18,56
1,<environment.Job instance at 0x1530bfb66870>,33,2,[12  1],45,64,66,19,57
1,<environment.Job instance at 0x1530bfb66960>,31,2,[5 1],42,57,59,15,57
1,<environment.Job instance at 0x1530bfb660f0>,35,1,[2 8],47,59,60,12,59
1,<environment.Job instance at 0x1530bfb66af0>,37,12,[2 9],49,62,74,13,62
1,<environment.Job instance at 0x1530bfb66820>,34,14,[1 9],46,84,98,38,84
1,<environment.Job instance at 0x1530bf1d2410>,45,1,[10  2],60,101,102,41,101
1,<environment.Job instance at 0x1530bf1d27d0>,47,1,[1 6],62,108,109,46,108
1,<environment.Job instance at 0x1530bf1d23c0>,42,16,[8 2],55,125,141,70,125
1,<environment.Job instance at 0x1530bfb11b90>,55,15,[6 1],75,149,164,74,149
1,<environment.Job instance at 0x1530bfb11af0>,52,3,[2 6],67,153,156,86,153
1,<environment.Job instance at 0x1531081698c0>,60,3,[9 1],80,156,159,76,155
1,<environment.Job instance at 0x153108169910>,59,2,[2 5],79,159,161,80,158
1,<environment.Job instance at 0x153108169230>,61,16,[2 5],81,172,188,91,172
1,<environment.Job instance at 0x153108169410>,64,2,[1 7],84,181,183,97,181
1,<environment.Job instance at 0x153108169190>,65,1,[6 2],87,187,188,100,187
1,<environment.Job instance at 0x153102761c80>,67,15,[8 1],89,198,213,109,198
1,<environment.Job instance at 0x153103057e10>,71,1,[5 2],99,203,204,104,203
1,<environment.Job instance at 0x153103057af0>,73,1,[7 2],102,207,208,105,207
1,<environment.Job instance at 0x153103057d70>,75,2,[2 9],104,209,211,105,209
1,<environment.Job instance at 0x153102761fa0>,68,3,[2 7],90,211,214,121,211
1,<environment.Job instance at 0x153108169b90>,58,1,[ 2 13],78,214,215,136,214
1,<environment.Job instance at 0x153103057be0>,79,26,[2 5],109,219,245,110,219
1,<environment.Job instance at 0x153103057960>,78,1,[ 1 10],108,220,221,112,220
1,<environment.Job instance at 0x1530bfb710f0>,81,17,[1 5],112,221,238,109,221
1,<environment.Job instance at 0x1531030571e0>,82,3,[8 1],114,226,229,112,226
1,<environment.Job instance at 0x1530bfb715a0>,83,1,[1 8],115,238,239,123,226
1,<environment.Job instance at 0x1530bfb71e10>,84,1,[10  2],119,229,230,110,226
1,<environment.Job instance at 0x1530bfb71500>,87,3,[7 2],123,230,233,107,227
1,<environment.Job instance at 0x1530bfb71d20>,89,18,[1 7],126,239,257,113,235
1,<environment.Job instance at 0x1530bfb71820>,86,1,[1 5],121,245,246,124,239
1,<environment.Job instance at 0x1530bfb712d0>,91,2,[ 2 13],129,290,292,161,290
1,<environment.Job instance at 0x1530bf66feb0>,99,1,[1 5],140,292,293,152,291
1,<environment.Job instance at 0x153108182690>,100,2,[2 8],141,305,307,164,305
1,<environment.Job instance at 0x1530bfb1b500>,96,3,[6 2],136,317,320,181,317
1,<environment.Job instance at 0x1530bf66fd20>,102,3,[2 5],145,324,327,179,324
1,<environment.Job instance at 0x1531033829b0>,98,1,[2 6],138,327,328,189,327
1,<environment.Job instance at 0x1530bf66f4b0>,101,24,[2 9],142,379,403,237,379
1,<environment.Job instance at 0x153108195c30>,97,16,[ 1 11],137,550,566,413,550
1,<environment.Job instance at 0x1530bfb14e60>,11,28,[14  1],18,568,596,550,568
1,<environment.Job instance at 0x153102709190>,11,1,[7 1],15,15,16,0,15
1,<environment.Job instance at 0x1531024186e0>,9,25,[9 1],13,16,41,3,16
1,<environment.Job instance at 0x1530bf4a45a0>,18,1,[2 5],24,27,28,3,27
1,<environment.Job instance at 0x1530bf4a4b40>,22,1,[7 2],31,41,42,10,32
1,<environment.Job instance at 0x1530bf4a4960>,24,15,[6 1],33,33,48,0,33
1,<environment.Job instance at 0x1531027580f0>,26,2,[1 5],36,41,43,5,36
1,<environment.Job instance at 0x1530bf4a4280>,21,2,[ 1 14],30,43,45,13,40
1,<environment.Job instance at 0x15310824ebe0>,27,3,[2 8],37,45,48,8,41
1,<environment.Job instance at 0x1531024f7230>,30,1,[8 2],40,48,49,8,46
1,<environment.Job instance at 0x1531024f7640>,36,1,[5 1],47,48,49,1,48
1,<environment.Job instance at 0x1530bf3c9e60>,52,3,[2 9],76,97,100,21,97
1,<environment.Job instance at 0x153108102550>,43,3,[2 7],59,100,103,41,100
1,<environment.Job instance at 0x1530bf3c9a50>,54,12,[5 2],79,101,113,22,101
1,<environment.Job instance at 0x1530bf3c92d0>,59,1,[12  2],85,113,114,28,102
1,<environment.Job instance at 0x1530bf3c93c0>,56,20,[9 1],81,114,134,33,105
1,<environment.Job instance at 0x1530bf3c9be0>,62,2,[6 2],88,110,112,22,110
1,<environment.Job instance at 0x1530bf3c9b40>,63,3,[9 2],89,134,137,45,111
1,<environment.Job instance at 0x1530bf3c9280>,61,3,[8 1],87,137,140,50,111
1,<environment.Job instance at 0x1530bf4568c0>,66,2,[2 8],100,124,126,24,124
1,<environment.Job instance at 0x1530bf456460>,67,1,[7 1],103,137,138,34,124
1,<environment.Job instance at 0x1530bf4569b0>,68,2,[2 6],104,127,129,23,127
1,<environment.Job instance at 0x1531080c68c0>,47,14,[2 5],67,138,152,71,130
1,<environment.Job instance at 0x1530bf14ee10>,65,18,[8 1],98,140,158,42,130
1,<environment.Job instance at 0x1530bf3c9910>,50,1,[ 1 12],74,131,132,57,131
1,<environment.Job instance at 0x153109705d70>,71,2,[5 1],108,131,133,23,131
1,<environment.Job instance at 0x1530bf456960>,69,3,[6 2],106,133,136,27,131
1,<environment.Job instance at 0x1530bf1a3820>,73,1,[7 2],110,152,153,42,133
1,<environment.Job instance at 0x1531024da910>,87,2,[1 6],128,144,146,16,144
1,<environment.Job instance at 0x1530bf4439b0>,92,1,[5 2],133,150,151,17,150
1,<environment.Job instance at 0x1530bf329be0>,93,12,[2 9],134,155,167,21,155
1,<environment.Job instance at 0x1530bf312f50>,94,1,[11  1],143,158,159,15,155
1,<environment.Job instance at 0x1531024cf820>,95,2,[5 1],144,159,161,15,158
1,<environment.Job instance at 0x1531024f34b0>,80,20,[7 2],119,164,184,45,164
1,<environment.Job instance at 0x1530bf8fc960>,90,1,[ 1 13],131,172,173,41,172
1,<environment.Job instance at 0x1530bf05a3c0>,97,2,[1 8],146,182,184,36,182
1,<environment.Job instance at 0x1530bf078af0>,91,12,[ 1 14],132,286,298,154,286
1,<environment.Job instance at 0x1530bf3c9780>,58,2,[13  1],84,328,330,244,328
1,<environment.Job instance at 0x1530bf3c9780>,2,16,[ 2 10],3,13,29,10,13
1,<environment.Job instance at 0x1530bf33b3c0>,11,1,[1 8],18,29,30,11,18
1,<environment.Job instance at 0x1530bfa99960>,24,15,[9 1],34,35,50,1,35
1,<environment.Job instance at 0x1530bf1baeb0>,30,2,[2 8],42,46,48,4,46
1,<environment.Job instance at 0x1530bfa99dc0>,25,1,[1 5],35,48,49,13,48
1,<environment.Job instance at 0x153102418f50>,36,1,[10  1],48,52,53,4,52
1,<environment.Job instance at 0x153102418370>,37,2,[8 2],50,53,55,3,53
1,<environment.Job instance at 0x1531080e9a00>,39,3,[6 1],52,56,59,4,56
1,<environment.Job instance at 0x1530beef3230>,43,17,[12  1],57,61,78,4,61
1,<environment.Job instance at 0x153100c6e6e0>,44,3,[1 8],58,65,68,7,65
1,<environment.Job instance at 0x1530bf533c30>,50,3,[2 8],65,68,71,3,65
1,<environment.Job instance at 0x153102556b40>,48,12,[6 1],63,78,90,15,66
1,<environment.Job instance at 0x153102608280>,53,14,[ 2 10],68,72,86,4,72
1,<environment.Job instance at 0x1530bf8d9690>,58,1,[2 5],75,86,87,11,76
1,<environment.Job instance at 0x1530bf6d7eb0>,63,3,[1 8],85,86,89,1,86
1,<environment.Job instance at 0x1530bf6beeb0>,65,3,[8 1],87,87,90,0,87
1,<environment.Job instance at 0x1530bf6f8730>,68,2,[2 9],90,90,92,0,90
1,<environment.Job instance at 0x1530bf6f8140>,69,2,[8 2],91,91,93,0,91
1,<environment.Job instance at 0x1530bf6be2d0>,64,12,[1 7],86,103,115,17,103
1,<environment.Job instance at 0x1531024cfaa0>,76,16,[5 1],101,157,173,56,157
1,<environment.Job instance at 0x1531024cf230>,75,13,[1 7],100,236,249,136,236
1,<environment.Job instance at 0x1531024f4190>,89,3,[2 7],117,238,241,121,238
1,<environment.Job instance at 0x1530bf6d8d70>,92,2,[2 8],121,255,257,134,255
1,<environment.Job instance at 0x1530bf6d86e0>,93,17,[11  2],122,259,276,137,259
1,<environment.Job instance at 0x1531024cf870>,80,23,[2 5],107,265,288,158,265
1,<environment.Job instance at 0x1530bf6d8aa0>,95,3,[2 5],125,785,788,660,785
1,<environment.Job instance at 0x153102727640>,105,2,[7 1],138,829,831,691,829
1,<environment.Job instance at 0x1531027278c0>,106,3,[10  1],139,971,974,832,971
1,<environment.Job instance at 0x1530bf06c320>,107,1,[6 1],140,976,977,836,976
1,<environment.Job instance at 0x1531024f37d0>,109,1,[2 7],142,1231,1232,1089,1231
1,<environment.Job instance at 0x1531024f3910>,108,18,[1 9],141,1319,1337,1178,1319
1,<environment.Job instance at 0x1530bf2b4460>,115,13,[6 1],149,1372,1385,1223,1372
1,<environment.Job instance at 0x1530beed5190>,104,18,[ 1 14],137,1543,1561,1406,1543
1,<environment.Job instance at 0x1531024cf640>,74,12,[ 2 11],98,1680,1692,1582,1680
1,<environment.Job instance at 0x1531026c3500>,6,14,[1 6],11,12,26,1,12
1,<environment.Job instance at 0x1531026c3640>,12,2,[2 5],24,24,26,0,24
1,<environment.Job instance at 0x1531058d9870>,17,17,[2 6],30,34,51,4,34
1,<environment.Job instance at 0x1531058d9640>,22,16,[10  2],37,56,72,19,56
1,<environment.Job instance at 0x1531058d9910>,24,1,[1 7],39,74,75,35,74
1,<environment.Job instance at 0x1531058d92d0>,20,2,[10  1],35,81,83,46,81
1,<environment.Job instance at 0x1531090a7730>,33,2,[10  1],51,93,95,42,93
1,<environment.Job instance at 0x1531090a7fa0>,32,2,[7 1],50,97,99,47,97
1,<environment.Job instance at 0x153103336820>,40,2,[5 1],60,236,238,176,236
1,<environment.Job instance at 0x1531090a7190>,37,3,[9 2],56,256,259,200,256
1,<environment.Job instance at 0x153103336af0>,45,3,[9 1],68,315,318,247,315
1,<environment.Job instance at 0x1530befa2c30>,49,3,[ 1 10],74,356,359,282,356
1,<environment.Job instance at 0x1530befa2d20>,53,3,[14  2],78,432,435,354,432
1,<environment.Job instance at 0x1530befa2cd0>,51,1,[7 2],76,480,481,404,480
1,<environment.Job instance at 0x1530bf2c0230>,56,3,[6 1],84,845,848,761,845
1,<environment.Job instance at 0x153107815690>,59,3,[6 1],88,859,862,771,859
1,<environment.Job instance at 0x1531078159b0>,61,15,[7 1],90,1710,1725,1620,1710
1,<environment.Job instance at 0x153107815a50>,64,1,[9 2],94,1776,1777,1682,1776
1,<environment.Job instance at 0x153107815e10>,65,3,[2 9],95,1989,1992,1894,1989
1,<environment.Job instance at 0x153103c66960>,73,1,[10  1],103,2120,2121,2017,2120
1,<environment.Job instance at 0x153103c66370>,75,1,[10  2],107,2193,2194,2086,2193
1,<environment.Job instance at 0x153103c66fa0>,76,1,[6 1],109,2198,2199,2089,2198
1,<environment.Job instance at 0x1530bf933690>,77,13,[1 6],110,2198,2211,2088,2198
1,<environment.Job instance at 0x1530bf933c30>,79,17,[6 1],112,2295,2312,2183,2295
1,<environment.Job instance at 0x153100d07cd0>,87,17,[6 1],125,2432,2449,2307,2432
1,<environment.Job instance at 0x1530bf5e19b0>,81,3,[1 6],114,2448,2451,2334,2448
1,<environment.Job instance at 0x1530bf908af0>,89,2,[9 1],128,2451,2453,2323,2451
1,<environment.Job instance at 0x1530bf8e57d0>,90,12,[5 2],129,2461,2473,2332,2461
1,<environment.Job instance at 0x1530bf6d89b0>,92,1,[1 5],131,2480,2481,2349,2480
1,<environment.Job instance at 0x1531030feaa0>,91,1,[1 9],130,2487,2488,2357,2487
1,<environment.Job instance at 0x1530bfb44b40>,94,3,[2 8],133,2536,2539,2403,2536
1,<environment.Job instance at 0x1531030fe280>,93,26,[2 7],132,2545,2571,2413,2545
1,<environment.Job instance at 0x1531007e35a0>,102,15,[7 2],142,2748,2763,2606,2748
1,<environment.Job instance at 0x1531077bd730>,96,15,[8 1],136,2886,2901,2750,2886
1,<environment.Job instance at 0x1530bf7518c0>,2,3,[10  1],3,4,7,1,4
1,<environment.Job instance at 0x1530bf751780>,3,1,[8 1],4,7,8,3,4
1,<environment.Job instance at 0x1530bf9c3a50>,9,3,[9 1],14,17,20,3,17
1,<environment.Job instance at 0x1530bf9c3230>,10,1,[8 2],16,20,21,4,19
1,<environment.Job instance at 0x1530bf9c3f50>,6,2,[6 1],9,20,22,11,20
1,<environment.Job instance at 0x1530bf9c3410>,12,1,[10  1],19,22,23,3,21
1,<environment.Job instance at 0x15310245fc30>,13,3,[8 1],20,27,30,7,27
1,<environment.Job instance at 0x15310a251870>,19,2,[5 2],27,37,39,10,37
1,<environment.Job instance at 0x153109b1df00>,15,1,[5 2],22,43,44,21,43
1,<environment.Job instance at 0x1530bef906e0>,25,2,[1 8],33,43,45,10,43
1,<environment.Job instance at 0x1530bfbc8d20>,27,18,[10  1],35,44,62,9,43
1,<environment.Job instance at 0x1530bef90230>,24,2,[ 1 10],32,54,56,22,54
1,<environment.Job instance at 0x153100f772d0>,34,3,[1 5],46,56,59,10,55
1,<environment.Job instance at 0x153100c2e280>,37,14,[9 2],49,62,76,13,57
1,<environment.Job instance at 0x153100c2e550>,39,3,[1 5],51,63,66,12,63
1,<environment.Job instance at 0x153100d05960>,45,3,[7 1],59,76,79,17,64
1,<environment.Job instance at 0x1530bf751370>,0,1,[14  1],1,79,80,78,67
1,<environment.Job instance at 0x153102549f50>,36,2,[8 2],48,76,78,28,68
1,<environment.Job instance at 0x1530bf048730>,47,14,[ 2 10],61,80,94,19,74
1,<environment.Job instance at 0x153100c393c0>,53,14,[10  1],69,80,94,11,76
1,<environment.Job instance at 0x15310268bc30>,57,3,[9 1],74,94,97,20,77
1,<environment.Job instance at 0x153100c49dc0>,58,3,[8 2],75,97,100,22,79
1,<environment.Job instance at 0x153100c39cd0>,54,3,[ 1 14],70,94,97,24,80
1,<environment.Job instance at 0x15310268ba50>,56,2,[8 1],73,100,102,27,80
1,<environment.Job instance at 0x153100c49d20>,59,12,[7 2],77,97,109,20,81
1,<environment.Job instance at 0x1530bf51e690>,63,2,[1 9],83,102,104,19,85
1,<environment.Job instance at 0x153102fd7280>,66,18,[10  1],86,109,127,23,98
1,<environment.Job instance at 0x153102548c80>,69,1,[5 1],89,102,103,13,98
1,<environment.Job instance at 0x1530bf51e550>,64,23,[1 5],84,104,127,20,98
1,<environment.Job instance at 0x153102548870>,71,3,[7 1],91,104,107,13,104
1,<environment.Job instance at 0x15310257d460>,72,3,[8 2],92,127,130,35,113
1,<environment.Job instance at 0x1531026a5b90>,79,13,[8 1],105,130,143,25,114
1,<environment.Job instance at 0x1530bee91230>,82,12,[9 1],108,143,155,35,131
1,<environment.Job instance at 0x1530bf2a06e0>,95,2,[1 6],123,146,148,23,146
1,<environment.Job instance at 0x1530bf2a0870>,96,16,[1 9],124,178,194,54,178
1,<environment.Job instance at 0x153109701aa0>,98,13,[8 1],126,178,191,52,178
1,<environment.Job instance at 0x153109701e10>,101,1,[5 1],129,237,238,108,237
1,<environment.Job instance at 0x1531097013c0>,103,17,[6 2],134,247,264,113,247
1,<environment.Job instance at 0x153109701050>,104,3,[5 2],135,253,256,118,253
1,<environment.Job instance at 0x153109701a00>,105,15,[10  2],136,264,279,128,258
1,<environment.Job instance at 0x153109701be0>,97,2,[ 1 13],125,298,300,173,298
1,<environment.Job instance at 0x153107a69500>,106,2,[8 2],137,299,301,162,299
1,<environment.Job instance at 0x153107a69b40>,108,1,[8 2],139,338,339,199,338
1,<environment.Job instance at 0x153107a69820>,107,2,[11  1],138,346,348,208,346
1,<environment.Job instance at 0x153107a690f0>,109,12,[1 8],140,562,574,422,562
1,<environment.Job instance at 0x153107a690a0>,114,1,[5 1],148,641,642,493,641
1,<environment.Job instance at 0x153107a69fa0>,113,2,[1 8],147,700,702,553,700
1,<environment.Job instance at 0x1530bf420410>,31,3,[ 1 11],41,924,927,883,924
1,<environment.Job instance at 0x1530bf12f0a0>,94,18,[ 2 11],122,1347,1365,1225,1347
1,<environment.Job instance at 0x1530bfbc2960>,3,2,[9 2],5,8,10,3,8
1,<environment.Job instance at 0x1530bf65c960>,11,2,[ 1 11],17,17,19,0,17
1,<environment.Job instance at 0x1530bf1215f0>,33,26,[5 2],52,53,79,1,53
1,<environment.Job instance at 0x153102663a00>,45,14,[10  1],71,91,105,20,91
1,<environment.Job instance at 0x1530bf13b460>,59,13,[2 8],93,186,199,93,186
1,<environment.Job instance at 0x1530bfbf6d70>,13,16,[ 1 12],19,199,215,180,199
1,<environment.Job instance at 0x15310268bd70>,71,13,[6 1],108,201,214,93,201
1,<environment.Job instance at 0x15310268bcd0>,72,2,[1 9],109,215,217,106,201
1,<environment.Job instance at 0x15310268be10>,67,2,[14  2],104,214,216,110,206
1,<environment.Job instance at 0x15310268bfa0>,70,2,[6 2],107,206,208,99,206
1,<environment.Job instance at 0x1530bf7d11e0>,76,17,[9 1],114,216,233,102,207
1,<environment.Job instance at 0x15310268b280>,73,3,[6 2],110,217,220,107,213
1,<environment.Job instance at 0x1530bf7d1eb0>,77,2,[2 8],117,220,222,103,216
1,<environment.Job instance at 0x1530bf7d1c30>,86,1,[8 1],130,233,234,103,217
1,<environment.Job instance at 0x1530bf7d1be0>,88,2,[1 9],134,222,224,88,217
1,<environment.Job instance at 0x1530bf7d1140>,83,18,[8 1],127,234,252,107,226
1,<environment.Job instance at 0x15310268b1e0>,69,1,[14  2],106,260,261,154,260
1,<environment.Job instance at 0x1530bf0f6d20>,5,2,[14  1],7,12,14,5,12
1,<environment.Job instance at 0x1530bf0f2280>,9,3,[1 5],13,13,16,0,13
1,<environment.Job instance at 0x1530bf0f2500>,13,1,[2 9],18,19,20,1,19
1,<environment.Job instance at 0x1530bf0f29b0>,16,2,[10  1],23,24,26,1,24
1,<environment.Job instance at 0x1530bf0f2640>,14,1,[10  2],19,26,27,7,24
1,<environment.Job instance at 0x1530bf0ef2d0>,22,1,[1 7],37,38,39,1,38
1,<environment.Job instance at 0x1530bf0ef460>,24,3,[6 2],40,43,46,3,43
1,<environment.Job instance at 0x1530bf0ef690>,28,14,[10  2],49,51,65,2,51
1,<environment.Job instance at 0x1530bf0efcd0>,31,3,[1 6],52,54,57,2,54
1,<environment.Job instance at 0x1530bf0ee280>,36,17,[6 1],63,65,82,2,64
1,<environment.Job instance at 0x1530bf0ee5a0>,40,13,[7 2],71,73,86,2,73
1,<environment.Job instance at 0x1530bf0eb050>,47,2,[2 5],84,94,96,10,94
1,<environment.Job instance at 0x1530bf42ddc0>,81,3,[9 1],131,139,142,8,139
1,<environment.Job instance at 0x1530bf0de5a0>,90,3,[9 1],147,153,156,6,153
1,<environment.Job instance at 0x1530bf0de9b0>,88,12,[1 7],142,169,181,27,169
1,<environment.Job instance at 0x1530bf0de780>,92,2,[7 1],149,171,173,22,171
1,<environment.Job instance at 0x1530bf0eb140>,49,13,[ 1 13],86,184,197,98,184
1,<environment.Job instance at 0x1530bf0de550>,89,2,[11  1],144,191,193,47,191
1,<environment.Job instance at 0x1530bf400960>,80,3,[ 2 12],130,207,210,77,207
1,<environment.Job instance at 0x1530bf81e910>,3,3,[1 7],4,5,8,1,5
1,<environment.Job instance at 0x153109b563c0>,18,1,[9 1],22,24,25,2,24
1,<environment.Job instance at 0x153109b56a50>,20,1,[6 2],24,145,146,121,145
1,<environment.Job instance at 0x15310260b2d0>,30,1,[7 2],38,152,153,114,152
1,<environment.Job instance at 0x15310260be10>,32,1,[6 2],41,153,154,112,153
1,<environment.Job instance at 0x15310260b1e0>,34,3,[2 7],45,159,162,114,159
1,<environment.Job instance at 0x15310260b0a0>,38,21,[6 2],52,163,184,111,163
1,<environment.Job instance at 0x15310260bbe0>,40,1,[8 2],55,168,169,113,168
1,<environment.Job instance at 0x15310260b910>,42,1,[1 6],57,169,170,112,169
1,<environment.Job instance at 0x15310826abe0>,44,14,[2 7],63,182,196,119,182
1,<environment.Job instance at 0x15310826a6e0>,51,27,[7 1],71,265,292,194,265
1,<environment.Job instance at 0x15310826aaa0>,46,1,[ 1 10],65,291,292,226,291
1,<environment.Job instance at 0x15310826af50>,52,18,[8 1],72,292,310,220,291
1,<environment.Job instance at 0x15310826a050>,56,2,[9 1],78,310,312,232,301
1,<environment.Job instance at 0x1531077e10a0>,62,14,[1 9],88,302,316,214,302
1,<environment.Job instance at 0x1531077e1460>,63,3,[1 6],92,331,334,239,331
1,<environment.Job instance at 0x1530bef97f50>,68,3,[1 8],98,380,383,282,380
1,<environment.Job instance at 0x153109b55e10>,71,3,[7 1],106,380,383,274,380
1,<environment.Job instance at 0x1530bf0c40a0>,72,3,[ 2 10],109,409,412,300,409
1,<environment.Job instance at 0x153100ce0fa0>,82,17,[10  2],125,415,432,290,415
1,<environment.Job instance at 0x1530bf227b40>,85,2,[6 2],128,476,478,348,476
1,<environment.Job instance at 0x153100ca5410>,88,2,[2 6],135,524,526,389,524
1,<environment.Job instance at 0x1530beed9cd0>,81,18,[1 8],123,642,660,519,642
1,<environment.Job instance at 0x1530bf7ad5f0>,90,1,[2 9],139,660,661,521,644
1,<environment.Job instance at 0x1530bf052960>,91,1,[2 6],140,923,924,783,923
1,<environment.Job instance at 0x153103077910>,92,2,[1 8],141,923,925,782,923
1,<environment.Job instance at 0x1530bf42de60>,96,2,[7 2],147,928,930,781,928
1,<environment.Job instance at 0x1530bfb4b500>,97,2,[13  1],148,936,938,788,936
1,<environment.Job instance at 0x153109b56a00>,16,14,[ 1 12],20,1030,1044,1010,1030
1,<environment.Job instance at 0x1530bf4eceb0>,4,17,[6 1],8,12,29,4,12
1,<environment.Job instance at 0x1530bf4ec2d0>,10,3,[2 5],15,17,20,2,17
1,<environment.Job instance at 0x1530bee89f50>,15,1,[1 7],22,23,24,1,23
1,<environment.Job instance at 0x1530bee89c30>,17,2,[ 1 10],26,26,28,0,26
1,<environment.Job instance at 0x1530bee89960>,19,15,[7 2],28,64,79,36,64
1,<environment.Job instance at 0x1530befb09b0>,36,2,[6 1],50,180,182,130,180
1,<environment.Job instance at 0x1530bf6037d0>,83,3,[1 8],124,183,186,59,183
1,<environment.Job instance at 0x1530bee9df50>,88,3,[1 8],130,186,189,56,186
1,<environment.Job instance at 0x1530bf603c30>,84,1,[10  1],125,193,194,68,193
1,<environment.Job instance at 0x1531033abb40>,86,3,[1 7],127,194,197,67,194
1,<environment.Job instance at 0x1530bf70bcd0>,92,2,[6 2],139,195,197,56,195
1,<environment.Job instance at 0x1530bf282370>,91,14,[2 9],138,226,240,88,226
1,<environment.Job instance at 0x1531081a3140>,98,1,[2 9],148,314,315,166,314
1,<environment.Job instance at 0x1530bf70b050>,99,18,[2 7],149,315,333,166,314
1,<environment.Job instance at 0x1530bfb1e870>,80,3,[13  1],117,440,443,323,440
1,<environment.Job instance at 0x1530bf061280>,0,14,[13  1],3,6,20,3,6
1,<environment.Job instance at 0x1530bf979aa0>,2,1,[1 8],6,8,9,2,8
1,<environment.Job instance at 0x1530bf6f8dc0>,7,2,[1 8],11,12,14,1,12
1,<environment.Job instance at 0x1530bf6f8e60>,6,1,[1 6],10,12,13,2,12
1,<environment.Job instance at 0x1530bf6e4230>,9,15,[ 1 10],13,22,37,9,22
1,<environment.Job instance at 0x1530bf6e4c80>,20,3,[9 1],27,28,31,1,28
1,<environment.Job instance at 0x1530bf6ea2d0>,22,1,[1 6],29,37,38,8,29
1,<environment.Job instance at 0x1530bf6e4fa0>,21,17,[2 6],28,120,137,92,120
1,<environment.Job instance at 0x1530bf6ea780>,30,28,[5 2],39,146,174,107,146
1,<environment.Job instance at 0x1530bf6ea9b0>,32,2,[2 7],42,150,152,108,150
1,<environment.Job instance at 0x1530bf6eacd0>,39,1,[ 1 10],56,200,201,144,200
1,<environment.Job instance at 0x1530bf6ea8c0>,33,3,[2 9],44,203,206,159,203
1,<environment.Job instance at 0x1530bf6eafa0>,42,16,[10  2],60,210,226,150,210
1,<environment.Job instance at 0x1530bf6eaf00>,41,1,[2 6],58,212,213,154,212
1,<environment.Job instance at 0x1530bf6ea500>,24,3,[ 2 12],32,214,217,182,214
1,<environment.Job instance at 0x1530bf6c10f0>,44,1,[7 2],62,226,227,164,214
1,<environment.Job instance at 0x1530bf6c13c0>,48,3,[6 2],67,226,229,159,214
1,<environment.Job instance at 0x1530bf6c1050>,43,12,[1 9],61,217,229,156,216
1,<environment.Job instance at 0x1530bf6c1460>,49,2,[2 7],68,229,231,161,216
1,<environment.Job instance at 0x1530bf6c17d0>,54,15,[8 2],74,227,242,153,216
1,<environment.Job instance at 0x1530bf6c16e0>,55,3,[ 2 10],75,231,234,156,217
1,<environment.Job instance at 0x1530bf6c18c0>,57,1,[ 2 10],77,234,235,157,218
1,<environment.Job instance at 0x1530bf6c1640>,52,26,[2 6],72,235,261,163,232
1,<environment.Job instance at 0x1530bf6c1fa0>,67,1,[1 6],89,238,239,149,238
1,<environment.Job instance at 0x1530bf6e90a0>,69,1,[1 9],91,256,257,165,256
1,<environment.Job instance at 0x1530bf6c1960>,58,3,[ 2 10],78,267,270,189,267
1,<environment.Job instance at 0x1530bf6e91e0>,71,3,[5 1],93,269,272,176,269
1,<environment.Job instance at 0x1530bf6e9550>,76,2,[2 8],105,282,284,177,282
1,<environment.Job instance at 0x1530bf177550>,77,3,[10  1],106,304,307,198,304
1,<environment.Job instance at 0x1530bf6c84b0>,87,3,[9 2],120,310,313,190,310
1,<environment.Job instance at 0x1530bf6e95a0>,75,3,[ 2 13],104,320,323,216,320
1,<environment.Job instance at 0x1530bf6c8550>,92,3,[ 2 10],126,323,326,197,320
1,<environment.Job instance at 0x1531033f28c0>,93,3,[2 6],127,326,329,199,321
1,<environment.Job instance at 0x1530bf6ea4b0>,25,12,[11  1],33,322,334,289,322
1,<environment.Job instance at 0x1530bf6c80f0>,94,2,[2 8],128,326,328,198,323
1,<environment.Job instance at 0x1530befdb280>,105,2,[2 7],142,328,330,186,323
1,<environment.Job instance at 0x1530bfa42e10>,108,1,[2 9],146,330,331,184,324
1,<environment.Job instance at 0x1530bf6c8870>,85,3,[10  1],116,343,346,227,343
1,<environment.Job instance at 0x1531080c98c0>,8,18,[1 6],14,24,42,10,24
1,<environment.Job instance at 0x1531080c9140>,11,1,[ 1 10],17,42,43,25,29
1,<environment.Job instance at 0x1531080c92d0>,12,1,[10  2],18,29,30,11,29
1,<environment.Job instance at 0x1531080c9c80>,13,16,[5 1],19,30,46,11,30
1,<environment.Job instance at 0x1531080c9190>,6,2,[7 1],8,30,32,22,30
1,<environment.Job instance at 0x1531080c96e0>,16,2,[2 8],23,35,37,12,35
1,<environment.Job instance at 0x1531080c93c0>,17,3,[1 7],25,37,40,12,36
1,<environment.Job instance at 0x1530bf933050>,19,3,[9 2],28,40,43,12,40
1,<environment.Job instance at 0x1530bf933f00>,22,13,[7 2],34,43,56,9,40
1,<environment.Job instance at 0x1530bf8fbaa0>,23,14,[7 1],35,46,60,11,40
1,<environment.Job instance at 0x1530bf933960>,21,12,[2 7],33,56,68,23,45
1,<environment.Job instance at 0x1530bf9330f0>,24,3,[2 6],36,56,59,20,48
1,<environment.Job instance at 0x1530bfaf4be0>,26,1,[6 1],38,59,60,21,53
1,<environment.Job instance at 0x1530bf8f76e0>,25,3,[8 1],37,60,63,23,55
1,<environment.Job instance at 0x1530bf8d1230>,29,3,[2 9],41,68,71,27,65
1,<environment.Job instance at 0x1530bf8c07d0>,37,1,[ 1 10],53,71,72,18,68
1,<environment.Job instance at 0x1530bf8c0a00>,38,16,[8 1],55,68,84,13,68
1,<environment.Job instance at 0x1530bf8c0960>,39,3,[8 2],56,84,87,28,69
1,<environment.Job instance at 0x1530bf8c0be0>,40,1,[2 8],57,72,73,15,72
1,<environment.Job instance at 0x1530bf8f3aa0>,41,1,[5 1],58,72,73,14,72
1,<environment.Job instance at 0x1530bf8f3a50>,42,3,[5 1],59,74,77,15,74
1,<environment.Job instance at 0x1530bf8f3690>,44,2,[6 2],65,77,79,12,74
1,<environment.Job instance at 0x1530bf8d1730>,34,2,[5 1],48,122,124,74,122
1,<environment.Job instance at 0x153107800460>,50,13,[1 6],73,128,141,55,128
1,<environment.Job instance at 0x153107800e60>,49,15,[5 2],72,130,145,58,130
1,<environment.Job instance at 0x153107800dc0>,53,2,[5 1],76,137,139,61,137
1,<environment.Job instance at 0x153107800550>,51,2,[8 1],74,144,146,70,144
1,<environment.Job instance at 0x153107800730>,54,1,[1 6],77,144,145,67,144
1,<environment.Job instance at 0x153107800690>,56,3,[9 2],80,156,159,76,156
1,<environment.Job instance at 0x153107800f50>,60,12,[2 8],87,161,173,74,161
1,<environment.Job instance at 0x1530bf038cd0>,62,3,[1 6],90,165,168,75,165
1,<environment.Job instance at 0x1530bf0383c0>,63,3,[1 9],91,173,176,82,168
1,<environment.Job instance at 0x1530bf0380a0>,64,2,[7 2],92,236,238,144,236
1,<environment.Job instance at 0x1530bf8f3f50>,43,18,[5 2],60,255,273,195,255
1,<environment.Job instance at 0x153102574550>,76,2,[13  2],113,273,275,160,265
1,<environment.Job instance at 0x1531078003c0>,57,13,[ 1 14],82,275,288,193,274
1,<environment.Job instance at 0x1530bf6c3f50>,85,16,[9 1],126,283,299,157,283
1,<environment.Job instance at 0x153102574f00>,83,3,[6 2],123,288,291,165,288
1,<environment.Job instance at 0x1530bf6c3820>,88,2,[9 1],130,299,301,169,289
1,<environment.Job instance at 0x1531080c9f50>,5,2,[ 1 12],7,293,295,286,293
1,<environment.Job instance at 0x1530bf6c3c80>,92,16,[6 2],134,295,311,161,294
1,<environment.Job instance at 0x153102fec0a0>,100,3,[7 2],144,301,304,157,294
1,<environment.Job instance at 0x153107757d20>,8,15,[14  1],10,12,27,2,12
1,<environment.Job instance at 0x1530bfa05820>,11,3,[10  1],15,27,30,12,15
1,<environment.Job instance at 0x1530bfb86cd0>,1,1,[11  2],2,30,31,28,18
1,<environment.Job instance at 0x1530bf2e9d70>,22,1,[10  2],35,39,40,4,39
1,<environment.Job instance at 0x153102779a00>,28,1,[7 1],41,42,43,1,42
1,<environment.Job instance at 0x153101fde190>,34,1,[6 2],48,48,49,0,48
1,<environment.Job instance at 0x153101fde5a0>,36,3,[ 1 10],50,53,56,3,53
1,<environment.Job instance at 0x1530bf792730>,41,22,[5 2],59,59,81,0,59
1,<environment.Job instance at 0x1530bf203c80>,24,3,[8 1],37,69,72,32,69
1,<environment.Job instance at 0x1531081a9640>,47,19,[7 2],68,86,105,18,86
1,<environment.Job instance at 0x1530bef1ceb0>,48,13,[5 2],69,86,99,17,86
1,<environment.Job instance at 0x1531081a9500>,49,13,[9 2],70,105,118,35,94
1,<environment.Job instance at 0x1530bfa42320>,46,13,[6 1],67,99,112,32,95
1,<environment.Job instance at 0x153100ca05f0>,51,12,[1 8],72,112,124,40,103
1,<environment.Job instance at 0x153100ca0c80>,55,25,[7 2],78,119,144,41,119
1,<environment.Job instance at 0x153109700af0>,54,2,[10  1],76,144,146,68,120
1,<environment.Job instance at 0x153103c50eb0>,59,18,[ 1 12],82,124,142,42,120
1,<environment.Job instance at 0x153103c50190>,60,2,[ 1 10],83,142,144,59,122
1,<environment.Job instance at 0x1531097008c0>,56,1,[ 2 10],79,144,145,65,129
1,<environment.Job instance at 0x1530bf18dc30>,65,2,[7 1],89,129,131,40,129
1,<environment.Job instance at 0x1530bf18d9b0>,66,1,[9 2],90,146,147,56,135
1,<environment.Job instance at 0x1530bf18dfa0>,62,21,[10  1],85,147,168,62,141
1,<environment.Job instance at 0x1530bf18dcd0>,69,3,[1 5],94,152,155,58,152
1,<environment.Job instance at 0x1531081f0c30>,73,3,[6 1],100,168,171,68,161
1,<environment.Job instance at 0x1531081f0550>,71,17,[1 9],98,161,178,63,161
1,<environment.Job instance at 0x1531081f0640>,75,18,[7 1],105,168,186,63,162
1,<environment.Job instance at 0x1531081f06e0>,77,1,[1 6],107,178,179,71,162
1,<environment.Job instance at 0x1531081f0690>,74,3,[8 2],103,179,182,76,162
1,<environment.Job instance at 0x1531081f03c0>,78,2,[8 1],108,182,184,74,162
1,<environment.Job instance at 0x1531081f0eb0>,80,2,[7 2],110,171,173,61,162
1,<environment.Job instance at 0x1531081f0fa0>,83,2,[ 1 10],113,184,186,71,172
1,<environment.Job instance at 0x1530bf713140>,84,13,[6 1],114,184,197,70,173
1,<environment.Job instance at 0x1530bf713a00>,89,3,[1 8],120,186,189,66,176
1,<environment.Job instance at 0x1530befeff00>,90,3,[7 1],122,186,189,64,177
1,<environment.Job instance at 0x1530bf713230>,87,3,[2 8],117,189,192,72,188
1,<environment.Job instance at 0x1530bf2c0280>,45,1,[ 1 11],66,192,193,126,188
1,<environment.Job instance at 0x1530bfae7500>,107,3,[10  2],147,197,200,50,191
1,<environment.Job instance at 0x1530bf7134b0>,88,3,[1 7],118,195,198,77,195
1,<environment.Job instance at 0x153100f77f50>,106,2,[7 2],146,200,202,54,196
1,<environment.Job instance at 0x1531081f0af0>,82,1,[ 2 12],112,230,231,118,230
1,<environment.Job instance at 0x1500ae3b22d0>,4,2,[7 2],5,7,9,2,7
1,<environment.Job instance at 0x1500ae3b2050>,5,3,[9 2],6,11,14,5,11
1,<environment.Job instance at 0x1500b6dabf00>,13,2,[8 1],17,20,22,3,20
1,<environment.Job instance at 0x1500ae2b9410>,16,1,[2 5],21,23,24,2,23
1,<environment.Job instance at 0x1500ae2ea820>,20,2,[ 1 13],27,32,34,5,32
1,<environment.Job instance at 0x1500ae2e77d0>,24,12,[ 1 10],32,34,46,2,33
1,<environment.Job instance at 0x1500ade77c80>,28,2,[2 7],37,46,48,9,37
1,<environment.Job instance at 0x1500ade73140>,32,3,[2 9],42,48,51,6,42
1,<environment.Job instance at 0x1500ade73370>,36,3,[10  2],48,48,51,0,48
1,<environment.Job instance at 0x1500ade74780>,40,3,[1 6],53,53,56,0,53
1,<environment.Job instance at 0x1500ade744b0>,38,1,[8 1],51,53,54,2,53
1,<environment.Job instance at 0x1500ade72c30>,46,2,[2 8],61,61,63,0,61
1,<environment.Job instance at 0x1500ade72af0>,45,3,[2 8],60,63,66,3,61
1,<environment.Job instance at 0x1500ade88230>,47,1,[1 6],63,66,67,3,66
1,<environment.Job instance at 0x1500ade98730>,50,12,[9 1],68,75,87,7,75
1,<environment.Job instance at 0x1500ade98140>,49,16,[8 2],66,87,103,21,76
1,<environment.Job instance at 0x1500ae36ec30>,53,3,[6 1],73,90,93,17,90
1,<environment.Job instance at 0x1500ade8dd20>,56,1,[10  2],79,116,117,37,116
1,<environment.Job instance at 0x1500ade8d2d0>,54,2,[2 5],75,135,137,60,135
1,<environment.Job instance at 0x1500ade8d3c0>,59,1,[1 9],85,142,143,57,142
1,<environment.Job instance at 0x1500ae2fcf00>,60,17,[8 1],86,172,189,86,172
1,<environment.Job instance at 0x1500ae2fc780>,62,3,[9 2],88,189,192,101,176
1,<environment.Job instance at 0x1500ae2fc230>,63,3,[10  1],89,192,195,103,177
1,<environment.Job instance at 0x1500ae377d20>,64,12,[9 1],91,195,207,104,178
1,<environment.Job instance at 0x1500adea2230>,68,3,[1 9],95,203,206,108,203
1,<environment.Job instance at 0x1500ae2fc5f0>,65,3,[2 9],92,214,217,122,214
1,<environment.Job instance at 0x1500ae34d050>,70,2,[ 2 10],97,217,219,120,216
1,<environment.Job instance at 0x1500ae34da50>,71,3,[2 9],99,224,227,125,224
1,<environment.Job instance at 0x1500ae34d730>,73,2,[6 2],103,225,227,122,225
1,<environment.Job instance at 0x1500ade72230>,41,25,[12  2],54,244,269,190,244
1,<environment.Job instance at 0x1500ae34de60>,74,3,[6 2],106,269,272,163,250
1,<environment.Job instance at 0x1500ae34d6e0>,72,13,[7 2],102,269,282,167,254
1,<environment.Job instance at 0x1500ae358550>,82,12,[2 8],115,254,266,139,254
1,<environment.Job instance at 0x1500ae31b640>,84,2,[ 1 10],118,266,268,148,254
1,<environment.Job instance at 0x1500ae358910>,83,1,[10  1],117,282,283,165,254
1,<environment.Job instance at 0x1500ae358fa0>,85,1,[7 2],120,272,273,152,256
1,<environment.Job instance at 0x1500ae2e27d0>,94,1,[5 1],131,273,274,142,257
1,<environment.Job instance at 0x1500ade6ff00>,90,1,[2 7],127,268,269,141,257
1,<environment.Job instance at 0x1500ae2e2dc0>,95,3,[2 8],132,269,272,137,263
1,<environment.Job instance at 0x1500ae2e25a0>,96,12,[9 2],134,283,295,149,266
1,<environment.Job instance at 0x1500ae2e05f0>,97,15,[10  2],135,295,310,160,292
1,<environment.Job instance at 0x1500adeaab40>,99,16,[8 1],137,310,326,173,305
1,<environment.Job instance at 0x1500ae398e60>,102,1,[2 8],141,310,311,169,310
1,<environment.Job instance at 0x1500ae398c80>,101,13,[2 9],140,333,346,193,333
1,<environment.Job instance at 0x1500ae3f6640>,104,1,[ 2 14],143,346,347,203,335
1,<environment.Job instance at 0x1500afab5640>,105,1,[8 2],144,335,336,191,335
1,<environment.Job instance at 0x1500afab5730>,106,15,[5 1],145,336,351,191,336
1,<environment.Job instance at 0x1500ae3989b0>,103,1,[ 2 10],142,347,348,205,340
1,<environment.Job instance at 0x1500ae612780>,108,2,[ 1 10],150,361,363,211,361
1,<environment.Job instance at 0x1500ae6123c0>,109,3,[11  2],151,379,382,228,379
1,<environment.Job instance at 0x1500ae612500>,110,3,[ 2 10],152,383,386,231,383
1,<environment.Job instance at 0x1500ae612410>,111,3,[2 5],153,390,393,237,390
1,<environment.Job instance at 0x1500ae6127d0>,113,3,[5 2],156,392,395,236,392
1,<environment.Job instance at 0x1500ae614d20>,114,15,[9 2],157,393,408,236,393
1,<environment.Job instance at 0x1500ae614c30>,116,1,[1 6],159,403,404,244,403
1,<environment.Job instance at 0x1500ae3025a0>,67,1,[13  1],94,411,412,317,411
1,<environment.Job instance at 0x1500ae2e2be0>,93,2,[14  1],130,467,469,337,467
1,<environment.Job instance at 0x1500ade73f50>,34,15,[11  1],44,501,516,457,501
1,<environment.Job instance at 0x1500ae62f7d0>,5,2,[1 8],9,41,43,32,41
1,<environment.Job instance at 0x1500ae630d70>,10,2,[7 2],15,47,49,32,47
1,<environment.Job instance at 0x1500ae6300f0>,13,3,[5 1],23,48,51,25,48
1,<environment.Job instance at 0x1500ae630820>,12,28,[2 8],19,186,214,167,186
1,<environment.Job instance at 0x1500ae635be0>,25,3,[5 2],40,406,409,366,406
1,<environment.Job instance at 0x1500ae635820>,26,2,[ 1 10],41,409,411,368,409
1,<environment.Job instance at 0x1500ae635d70>,22,17,[ 2 10],36,418,435,382,418
1,<environment.Job instance at 0x1500ae635b40>,29,1,[2 9],44,445,446,401,445
1,<environment.Job instance at 0x1500ae630780>,15,3,[ 2 10],26,504,507,478,504
1,<environment.Job instance at 0x1500afd26910>,33,12,[7 1],50,537,549,487,537
1,<environment.Job instance at 0x1500ae6307d0>,7,13,[ 1 14],12,541,554,529,541
1,<environment.Job instance at 0x1500ae635fa0>,31,3,[ 2 10],47,554,557,507,542
1,<environment.Job instance at 0x1500afd269b0>,38,2,[10  1],55,549,551,494,542
1,<environment.Job instance at 0x1500afd26410>,40,18,[8 1],58,551,569,493,550
1,<environment.Job instance at 0x1500afd264b0>,37,3,[6 1],54,557,560,503,550
1,<environment.Job instance at 0x1500afd26190>,46,15,[9 2],70,569,584,499,556
1,<environment.Job instance at 0x1500afd52550>,54,3,[1 5],80,557,560,477,556
1,<environment.Job instance at 0x1500afd527d0>,53,2,[1 5],79,563,565,484,563
1,<environment.Job instance at 0x1500afd26c30>,45,16,[9 1],66,584,600,518,574
1,<environment.Job instance at 0x1500afd524b0>,66,1,[7 2],103,600,601,497,575
1,<environment.Job instance at 0x1500afd52870>,60,1,[2 8],92,599,600,507,599
1,<environment.Job instance at 0x1500afbc2190>,73,2,[6 2],112,600,602,488,599
1,<environment.Job instance at 0x1500afbc2b40>,74,1,[1 5],113,608,609,495,608
1,<environment.Job instance at 0x1500afbc2c80>,75,16,[1 7],114,624,640,510,624
1,<environment.Job instance at 0x1500afbc2c30>,76,3,[ 2 10],115,640,643,525,624
1,<environment.Job instance at 0x1500afbc2b90>,77,3,[ 1 13],116,643,646,527,633
1,<environment.Job instance at 0x1500afbc2a50>,79,21,[ 2 13],120,650,671,530,650
1,<environment.Job instance at 0x1500afbc20a0>,78,3,[1 5],119,671,674,552,664
1,<environment.Job instance at 0x1500afbc2640>,81,1,[7 1],122,669,670,547,669
1,<environment.Job instance at 0x1500ae62fb40>,1,3,[12  1],4,691,694,687,691
1,<environment.Job instance at 0x1500afbc2870>,82,18,[5 2],123,694,712,571,692
1,<environment.Job instance at 0x1500afbc27d0>,84,3,[1 7],126,697,700,571,697
1,<environment.Job instance at 0x1500afbc2280>,88,3,[1 7],130,700,703,570,700
1,<environment.Job instance at 0x1500afbc2dc0>,91,2,[5 2],135,727,729,592,727
1,<environment.Job instance at 0x1500afb53550>,98,3,[1 8],145,737,740,592,737
1,<environment.Job instance at 0x1500afd521e0>,68,2,[ 2 12],106,755,757,649,755
1,<environment.Job instance at 0x1500afb53af0>,103,2,[2 5],154,757,759,603,755
1,<environment.Job instance at 0x1500afb532d0>,104,1,[ 2 10],155,758,759,603,758
1,<environment.Job instance at 0x1500afb53370>,107,3,[7 2],158,760,763,602,760
1,<environment.Job instance at 0x1500afd52960>,72,13,[ 1 11],111,826,839,715,826
1,<environment.Job instance at 0x1500af69fc30>,3,3,[5 1],4,5,8,1,5
1,<environment.Job instance at 0x1500af69fa50>,2,1,[6 1],3,6,7,3,6
1,<environment.Job instance at 0x1500afd52960>,4,3,[1 7],9,9,12,0,9
1,<environment.Job instance at 0x15009c8aa140>,9,3,[1 8],18,20,23,2,20
1,<environment.Job instance at 0x15009c8aa4b0>,8,3,[1 9],14,23,26,9,22
1,<environment.Job instance at 0x15009c8aaaf0>,12,3,[5 2],23,23,26,0,23
1,<environment.Job instance at 0x1500b0777370>,19,3,[5 2],34,44,47,10,44
1,<environment.Job instance at 0x1500b07775a0>,24,1,[6 2],41,44,45,3,44
1,<environment.Job instance at 0x1500b0777730>,25,3,[2 7],43,46,49,3,46
1,<environment.Job instance at 0x1500b0777050>,20,2,[ 2 10],35,55,57,20,55
1,<environment.Job instance at 0x1500b0777aa0>,27,2,[8 1],48,56,58,8,56
1,<environment.Job instance at 0x1500b07775f0>,23,2,[ 2 12],40,60,62,20,60
1,<environment.Job instance at 0x1500b0777e60>,32,1,[9 2],55,64,65,9,64
1,<environment.Job instance at 0x15009c8ac460>,36,1,[7 2],61,65,66,4,64
1,<environment.Job instance at 0x1500b0777c80>,29,2,[1 6],52,64,66,12,64
1,<environment.Job instance at 0x15009c8ac500>,37,3,[9 1],62,66,69,4,65
1,<environment.Job instance at 0x15009c8accd0>,40,3,[2 7],66,68,71,2,68
1,<environment.Job instance at 0x15009c8acaa0>,41,14,[7 2],67,73,87,6,73
1,<environment.Job instance at 0x15009c8af500>,47,16,[1 5],78,90,106,12,90
1,<environment.Job instance at 0x15009c8acb90>,39,1,[6 2],65,105,106,40,105
1,<environment.Job instance at 0x15009c8b1640>,63,3,[6 1],103,109,112,6,109
1,<environment.Job instance at 0x15009c8b1af0>,66,2,[2 5],106,118,120,12,118
1,<environment.Job instance at 0x15009c8b1e60>,69,3,[8 1],109,129,132,20,129
1,<environment.Job instance at 0x15009c8b1aa0>,65,2,[2 9],105,135,137,30,135
1,<environment.Job instance at 0x15009c8b6140>,73,15,[2 8],118,554,569,436,554
1,<environment.Job instance at 0x15009c9b6c80>,100,3,[10  1],156,609,612,453,609
1,<environment.Job instance at 0x15009c9b6be0>,101,3,[10  2],157,633,636,476,633
1,<environment.Job instance at 0x1500b0777b90>,26,15,[ 1 11],47,1906,1921,1859,1906
1,<environment.Job instance at 0x15009c9c3c30>,98,14,[14  1],152,1917,1931,1765,1917
1,<environment.Job instance at 0x15009c926e60>,0,2,[1 7],1,3,5,2,3
1,<environment.Job instance at 0x1500ae609780>,2,18,[8 2],3,4,22,1,4
1,<environment.Job instance at 0x15009c926eb0>,5,2,[ 1 10],6,9,11,3,9
1,<environment.Job instance at 0x15009cf54c30>,9,3,[6 1],10,11,14,1,11
1,<environment.Job instance at 0x1500b09e9af0>,8,16,[2 8],9,14,30,5,12
1,<environment.Job instance at 0x1500ac073460>,14,1,[6 2],18,22,23,4,21
1,<environment.Job instance at 0x1500ac1fd370>,23,2,[ 1 10],30,30,32,0,30
1,<environment.Job instance at 0x1500ac17b5f0>,16,1,[6 2],21,31,32,10,31
1,<environment.Job instance at 0x1500ae2dd2d0>,25,12,[6 1],32,38,50,6,38
1,<environment.Job instance at 0x1500ac15f0a0>,29,1,[7 2],38,41,42,3,41
1,<environment.Job instance at 0x1500ae31b320>,28,2,[7 1],37,44,46,7,44
1,<environment.Job instance at 0x1500ac1dad20>,36,17,[9 2],48,52,69,4,52
1,<environment.Job instance at 0x1500ac1da780>,37,1,[6 2],49,56,57,7,56
1,<environment.Job instance at 0x1500b07872d0>,43,1,[2 5],56,57,58,1,56
1,<environment.Job instance at 0x1500ac1d3a50>,45,1,[2 6],58,58,59,0,58
1,<environment.Job instance at 0x1500b0796d70>,47,1,[2 6],61,61,62,0,61
1,<environment.Job instance at 0x1500ac1843c0>,48,3,[1 7],63,64,67,1,64
1,<environment.Job instance at 0x1500b07966e0>,46,1,[2 8],60,67,68,7,64
1,<environment.Job instance at 0x1500ac1ea640>,54,1,[1 8],69,69,70,0,69
1,<environment.Job instance at 0x1500ac03d4b0>,55,12,[9 2],70,70,82,0,70
1,<environment.Job instance at 0x1500ac03d960>,56,2,[2 6],71,71,73,0,71
1,<environment.Job instance at 0x1500ac0c5230>,57,3,[9 2],72,82,85,10,72
1,<environment.Job instance at 0x1500ac0c5780>,58,2,[10  2],73,85,87,12,73
1,<environment.Job instance at 0x1500ac0c5e10>,59,16,[10  2],74,87,103,13,76
1,<environment.Job instance at 0x1500ac018960>,65,2,[1 8],82,85,87,3,85
1,<environment.Job instance at 0x1500ac184820>,49,17,[2 7],64,87,104,23,86
1,<environment.Job instance at 0x1500ac018d20>,69,2,[7 1],86,103,105,17,91
1,<environment.Job instance at 0x1500ac018aa0>,72,25,[12  1],89,105,130,16,101
1,<environment.Job instance at 0x1500ac018320>,75,3,[7 1],96,130,133,34,107
1,<environment.Job instance at 0x1500ac018730>,70,3,[7 1],87,130,133,43,116
1,<environment.Job instance at 0x1500ac02bb40>,79,3,[2 9],100,133,136,33,129
1,<environment.Job instance at 0x1500ac02efa0>,88,2,[5 1],117,133,135,16,129
1,<environment.Job instance at 0x1500ac02ef50>,89,14,[2 5],118,133,147,15,129
1,<environment.Job instance at 0x1500ac02ee60>,91,12,[1 5],121,141,153,20,141
1,<environment.Job instance at 0x1500ac02b460>,81,12,[7 1],104,176,188,72,176
1,<environment.Job instance at 0x15009cfbed20>,108,1,[6 2],152,179,180,27,179
1,<environment.Job instance at 0x15009cfc3fa0>,96,16,[1 5],131,182,198,51,182
1,<environment.Job instance at 0x15009cfbe050>,110,3,[5 1],158,184,187,26,184
1,<environment.Job instance at 0x1500ac1da230>,35,13,[12  2],47,218,231,171,218
1,<environment.Job instance at 0x15009cf991e0>,26,1,[2 9],44,65,66,21,65
1,<environment.Job instance at 0x15009cf99dc0>,28,12,[7 1],46,65,77,19,65
1,<environment.Job instance at 0x15009cf99eb0>,29,13,[13  2],47,77,90,30,69
1,<environment.Job instance at 0x1500adeacd20>,7,2,[6 1],9,69,71,60,69
1,<environment.Job instance at 0x15009cf8a550>,32,16,[ 1 10],52,69,85,17,69
1,<environment.Job instance at 0x15009cf99e60>,30,3,[9 2],48,90,93,42,69
1,<environment.Job instance at 0x15009cf8af00>,33,3,[2 5],54,85,88,31,70
1,<environment.Job instance at 0x15009cf8ac30>,34,1,[8 1],55,93,94,38,70
1,<environment.Job instance at 0x15009cf8a3c0>,38,15,[6 1],59,90,105,31,76
1,<environment.Job instance at 0x15009cf8a190>,39,3,[6 2],60,94,97,34,78
1,<environment.Job instance at 0x15009cf8a640>,41,17,[9 2],63,97,114,34,85
1,<environment.Job instance at 0x15009cfa7b40>,51,1,[1 9],77,93,94,16,93
1,<environment.Job instance at 0x15009cfa7dc0>,52,3,[7 1],78,114,117,36,96
1,<environment.Job instance at 0x15009ce6e3c0>,55,12,[2 6],83,119,131,36,119
1,<environment.Job instance at 0x15009ce6e500>,59,16,[8 1],90,120,136,30,120
1,<environment.Job instance at 0x15009cf8a820>,35,28,[5 1],56,122,150,66,122
1,<environment.Job instance at 0x15009cf99f50>,22,1,[ 1 12],36,152,153,116,152
1,<environment.Job instance at 0x15009cf36320>,62,3,[1 7],94,153,156,59,153
1,<environment.Job instance at 0x1500b57d1230>,0,2,[5 2],1,6,8,5,6
1,<environment.Job instance at 0x1500b57d1f00>,5,1,[5 1],8,8,9,0,8
1,<environment.Job instance at 0x15009ccea6e0>,7,3,[2 6],11,11,14,0,11
1,<environment.Job instance at 0x15009ccea500>,9,13,[6 1],14,15,28,1,15
1,<environment.Job instance at 0x15009cceab90>,10,2,[7 2],15,15,17,0,15
1,<environment.Job instance at 0x1500b4f03af0>,17,17,[7 1],24,24,41,0,24
1,<environment.Job instance at 0x1500b4f03cd0>,18,17,[2 7],25,25,42,0,25
1,<environment.Job instance at 0x1500b57cdbe0>,22,1,[5 2],29,29,30,0,29
1,<environment.Job instance at 0x1500b57cd320>,23,1,[7 1],30,41,42,11,31
1,<environment.Job instance at 0x1500b57cd550>,29,2,[ 1 10],38,42,44,4,38
1,<environment.Job instance at 0x1500b57cd960>,30,13,[10  1],39,42,55,3,39
1,<environment.Job instance at 0x1500b57cdaf0>,31,1,[5 1],40,40,41,0,40
1,<environment.Job instance at 0x1500ae3ac050>,33,2,[7 2],42,55,57,13,42
1,<environment.Job instance at 0x1500b57cd050>,28,3,[8 2],36,55,58,19,42
1,<environment.Job instance at 0x1500ae3acfa0>,35,3,[6 1],44,57,60,13,45
1,<environment.Job instance at 0x1500ae3ac0f0>,37,3,[2 7],46,49,52,3,49
1,<environment.Job instance at 0x1500ae3ac0a0>,40,3,[5 2],49,52,55,3,49
1,<environment.Job instance at 0x15009cadcc30>,42,3,[2 8],51,58,61,7,51
1,<environment.Job instance at 0x15009cadc6e0>,43,2,[2 5],52,58,60,6,52
1,<environment.Job instance at 0x15009cadcaa0>,44,13,[7 2],54,60,73,6,55
1,<environment.Job instance at 0x1500afb3c1e0>,46,15,[ 2 10],56,66,81,10,66
1,<environment.Job instance at 0x1500ae3acaf0>,36,1,[13  1],45,73,74,28,66
1,<environment.Job instance at 0x1500afb3c640>,48,3,[2 5],59,74,77,15,68
1,<environment.Job instance at 0x1500afb3c050>,52,2,[2 7],63,81,83,18,68
1,<environment.Job instance at 0x1500afb3ccd0>,53,18,[6 1],65,77,95,12,69
1,<environment.Job instance at 0x1500ae3acb90>,38,1,[5 1],47,69,70,22,69
1,<environment.Job instance at 0x1500afb2f5f0>,58,16,[6 2],71,81,97,10,81
1,<environment.Job instance at 0x1500afb2f870>,59,1,[6 1],72,95,96,23,94
1,<environment.Job instance at 0x1500afb2f140>,56,22,[2 6],69,100,122,31,100
1,<environment.Job instance at 0x1500afd5ad20>,62,1,[8 1],77,100,101,23,100
1,<environment.Job instance at 0x1500afd5aaa0>,63,1,[5 1],79,102,103,23,102
1,<environment.Job instance at 0x1500afd5afa0>,64,2,[7 2],80,102,104,22,102
1,<environment.Job instance at 0x1500afd5a820>,65,3,[ 2 14],82,122,125,40,102
1,<environment.Job instance at 0x1500afd5af50>,66,3,[1 8],83,104,107,21,104
1,<environment.Job instance at 0x1500afd5ae60>,67,1,[ 2 10],84,125,126,41,105
1,<environment.Job instance at 0x1500afd5ac30>,68,2,[7 2],86,107,109,21,106
1,<environment.Job instance at 0x1500afd5ac80>,69,1,[6 1],87,106,107,19,106
1,<environment.Job instance at 0x1500afd5adc0>,70,2,[6 1],89,107,109,18,106
1,<environment.Job instance at 0x1500afd5a190>,72,15,[10  2],94,125,140,31,114
1,<environment.Job instance at 0x1500afd5a870>,73,2,[7 2],95,115,117,20,115
1,<environment.Job instance at 0x1500afbb0910>,75,14,[5 2],99,126,140,27,120
1,<environment.Job instance at 0x1500afbb05a0>,77,15,[14  1],101,140,155,39,126
1,<environment.Job instance at 0x1500afbb0f50>,78,2,[1 9],102,140,142,38,127
1,<environment.Job instance at 0x1500afbb0be0>,74,1,[1 5],97,149,150,52,149
1,<environment.Job instance at 0x1500afbb0320>,81,1,[2 9],106,155,156,49,152
1,<environment.Job instance at 0x1500afd64a00>,82,2,[10  2],107,155,157,48,153
1,<environment.Job instance at 0x1500afd64280>,83,1,[6 1],110,157,158,47,154
1,<environment.Job instance at 0x1500afd640a0>,84,1,[7 2],112,157,158,45,154
1,<environment.Job instance at 0x1500afd64320>,85,2,[2 7],113,156,158,43,154
1,<environment.Job instance at 0x1500afd64dc0>,86,3,[2 5],114,158,161,44,156
1,<environment.Job instance at 0x1500afb10960>,88,12,[5 2],117,158,170,41,156
1,<environment.Job instance at 0x1500afbb0c80>,80,1,[1 8],104,158,159,54,156
1,<environment.Job instance at 0x1500b57aa050>,89,1,[10  1],118,161,162,43,156
1,<environment.Job instance at 0x1500b57aa960>,91,2,[ 2 10],122,162,164,40,156
1,<environment.Job instance at 0x1500b2f67820>,92,3,[9 2],123,164,167,41,156
1,<environment.Job instance at 0x1500b079caf0>,93,1,[1 9],124,164,165,40,157
1,<environment.Job instance at 0x1500b57aa8c0>,94,1,[8 2],127,159,160,32,157
1,<environment.Job instance at 0x1500afc3ee10>,95,22,[2 5],129,167,189,38,161
1,<environment.Job instance at 0x15009cbb61e0>,96,1,[9 2],130,170,171,40,161
1,<environment.Job instance at 0x1500b57aa2d0>,97,1,[10  1],131,171,172,40,161
1,<environment.Job instance at 0x1500b57aab90>,90,3,[10  1],121,172,175,51,166
1,<environment.Job instance at 0x15009cc8c910>,99,13,[7 2],134,177,190,43,177
1,<environment.Job instance at 0x1500afc26500>,100,3,[6 2],136,191,194,55,191
1,<environment.Job instance at 0x1500b57f6780>,101,2,[12  1],137,213,215,76,213
1,<environment.Job instance at 0x1500afceac80>,104,2,[7 1],141,215,217,74,213
1,<environment.Job instance at 0x1500b57aaaf0>,98,26,[ 2 13],133,232,258,99,232
1,<environment.Job instance at 0x1500b57f6f00>,106,2,[10  2],143,232,234,89,232
1,<environment.Job instance at 0x15009cc6dd70>,107,14,[9 1],144,236,250,92,236
1,<environment.Job instance at 0x15009cc6d050>,108,3,[9 2],145,250,253,105,240
1,<environment.Job instance at 0x1500afc44b90>,110,2,[ 1 10],148,258,260,110,245
1,<environment.Job instance at 0x1500b7757140>,105,1,[8 1],142,253,254,111,246
1,<environment.Job instance at 0x1500b5813230>,112,3,[9 2],151,254,257,103,247
1,<environment.Job instance at 0x15009cfbe8c0>,113,3,[10  1],152,257,260,105,256
1,<environment.Job instance at 0x1500afb2ffa0>,57,1,[ 1 14],70,260,261,190,256
1,<environment.Job instance at 0x1500b4f033c0>,15,17,[12  1],20,278,295,258,278
1,<environment.Job instance at 0x15009cbb9e60>,9,28,[5 2],14,21,49,7,21
1,<environment.Job instance at 0x15009cbb9320>,5,1,[1 8],10,28,29,18,28
1,<environment.Job instance at 0x1500b576fe60>,12,3,[ 2 14],17,49,52,32,30
1,<environment.Job instance at 0x1500b78d64b0>,15,1,[8 1],20,31,32,11,31
1,<environment.Job instance at 0x15009c9e4960>,19,2,[6 2],26,32,34,6,32
1,<environment.Job instance at 0x15009c9e4e60>,18,3,[1 7],24,34,37,10,34
1,<environment.Job instance at 0x15009c59ec80>,3,2,[ 1 11],7,68,70,61,68
1,<environment.Job instance at 0x1500afcac5f0>,31,2,[1 7],38,85,87,47,85
1,<environment.Job instance at 0x1500afcac140>,36,14,[ 1 10],47,105,119,58,105
1,<environment.Job instance at 0x15009c6eae60>,46,20,[8 1],60,105,125,45,105
1,<environment.Job instance at 0x15009c6ead20>,47,2,[7 1],61,119,121,58,106
1,<environment.Job instance at 0x15009c6ea9b0>,48,3,[9 1],66,125,128,59,107
1,<environment.Job instance at 0x15009c9e4d20>,21,14,[7 1],28,128,142,100,117
1,<environment.Job instance at 0x1500b0a95410>,51,1,[2 6],70,121,122,51,119
1,<environment.Job instance at 0x15009c6eaf50>,52,2,[9 2],73,142,144,69,126
1,<environment.Job instance at 0x1500b0ab7550>,56,3,[1 8],81,160,163,79,160
1,<environment.Job instance at 0x1500b0ab76e0>,57,1,[8 1],83,164,165,81,164
1,<environment.Job instance at 0x1500b09cad20>,59,12,[7 2],86,184,196,98,184
1,<environment.Job instance at 0x1500b0ab75f0>,54,3,[11  1],79,243,246,164,243
1,<environment.Job instance at 0x15009c681c80>,62,2,[7 2],94,250,252,156,250
1,<environment.Job instance at 0x15009c6817d0>,66,2,[ 1 12],99,275,277,176,275
1,<environment.Job instance at 0x1500ade449b0>,67,16,[2 9],100,277,293,177,276
1,<environment.Job instance at 0x15009c681370>,64,1,[ 2 10],97,293,294,196,283
1,<environment.Job instance at 0x15009c691960>,72,1,[ 2 10],106,295,296,189,295
1,<environment.Job instance at 0x15009c6816e0>,71,3,[8 2],105,301,304,196,301
1,<environment.Job instance at 0x15009c691f00>,76,2,[1 8],111,303,305,192,303
1,<environment.Job instance at 0x15009c691be0>,77,13,[7 1],112,336,349,224,336
1,<environment.Job instance at 0x1500afd14be0>,79,2,[2 7],116,338,340,222,338
1,<environment.Job instance at 0x1500afd148c0>,81,2,[10  2],118,349,351,231,340
1,<environment.Job instance at 0x1500afd147d0>,80,22,[ 2 10],117,341,363,224,341
1,<environment.Job instance at 0x15009c68e780>,83,3,[2 8],120,378,381,258,378
1,<environment.Job instance at 0x15009c68e910>,88,3,[6 1],127,386,389,259,386
1,<environment.Job instance at 0x15009cb55f50>,90,1,[7 1],129,389,390,260,389
1,<environment.Job instance at 0x15009c68ef50>,89,2,[ 1 10],128,405,407,277,405
1,<environment.Job instance at 0x15009c68ec80>,92,2,[10  2],133,407,409,274,407
1,<environment.Job instance at 0x15009c68ed70>,91,1,[2 6],132,423,424,291,423
1,<environment.Job instance at 0x15009c69e550>,95,1,[6 1],136,424,425,288,424
1,<environment.Job instance at 0x15009c69e0a0>,94,2,[8 2],135,424,426,289,424
1,<environment.Job instance at 0x15009c69ec80>,96,3,[8 1],138,429,432,291,429
1,<environment.Job instance at 0x15009c722d70>,45,3,[12  1],59,432,435,373,431
1,<environment.Job instance at 0x15009c69edc0>,97,15,[6 1],142,435,450,293,431
1,<environment.Job instance at 0x15009c686370>,105,1,[ 2 10],154,486,487,332,486
1,<environment.Job instance at 0x15009c69ebe0>,98,2,[8 2],143,487,489,344,487
1,<environment.Job instance at 0x15009cf598c0>,107,1,[1 7],158,519,520,361,519
1,<environment.Job instance at 0x1500b0ab7aa0>,55,13,[ 2 11],80,748,761,668,748
1,<environment.Job instance at 0x15009c6863c0>,103,3,[ 2 13],152,767,770,615,767
1,<environment.Job instance at 0x15009c993870>,7,1,[8 2],12,12,13,0,12
1,<environment.Job instance at 0x1500ade44f00>,16,3,[2 8],25,26,29,1,26
1,<environment.Job instance at 0x1500ade44960>,10,13,[8 2],16,28,41,12,28
1,<environment.Job instance at 0x1500ade44cd0>,19,1,[1 7],30,32,33,2,32
1,<environment.Job instance at 0x15009c8051e0>,22,15,[10  2],33,41,56,8,34
1,<environment.Job instance at 0x15009c805c30>,20,21,[9 1],31,63,84,32,63
1,<environment.Job instance at 0x1500afcf4910>,57,26,[8 1],78,87,113,9,87
1,<environment.Job instance at 0x15009c986dc0>,45,1,[7 2],65,87,88,22,87
1,<environment.Job instance at 0x1500b7757370>,59,2,[8 1],80,120,122,40,120
1,<environment.Job instance at 0x1500b09c5960>,68,1,[1 8],92,135,136,43,135
1,<environment.Job instance at 0x1500b09cab40>,72,2,[1 7],99,154,156,55,154
1,<environment.Job instance at 0x1500b09cadc0>,73,3,[7 1],100,166,169,66,166
1,<environment.Job instance at 0x1500b0a2f4b0>,75,15,[6 2],102,215,230,113,215
1,<environment.Job instance at 0x1500b0a2f320>,79,16,[2 7],107,284,300,177,284
1,<environment.Job instance at 0x1500b0a2feb0>,80,2,[1 8],109,288,290,179,288
1,<environment.Job instance at 0x1500b0a2f910>,81,2,[1 5],110,363,365,253,363
1,<environment.Job instance at 0x1500b0a2ffa0>,84,3,[9 2],113,382,385,269,382
1,<environment.Job instance at 0x1500b0a2f370>,85,17,[5 2],114,383,400,269,383
1,<environment.Job instance at 0x1500b0a2f8c0>,86,2,[2 6],116,394,396,278,394
1,<environment.Job instance at 0x1500b0a2fd70>,87,1,[ 1 10],117,418,419,301,418
1,<environment.Job instance at 0x1500b0a2f960>,88,1,[2 7],118,486,487,368,486
1,<environment.Job instance at 0x1500b0a2f2d0>,89,2,[2 6],119,607,609,488,607
1,<environment.Job instance at 0x15009cb67c30>,90,17,[5 2],120,636,653,516,636
1,<environment.Job instance at 0x15009cb675f0>,91,2,[5 1],122,652,654,530,652
1,<environment.Job instance at 0x1500b58b4870>,93,2,[12  1],125,664,666,539,664
1,<environment.Job instance at 0x15009c988870>,94,14,[1 9],126,864,878,738,864
1,<environment.Job instance at 0x15009c988f00>,96,18,[10  2],128,934,952,806,934
1,<environment.Job instance at 0x15009cb5d320>,97,12,[2 9],129,935,947,806,935
1,<environment.Job instance at 0x1500b0ab7500>,98,15,[2 5],130,967,982,837,967
1,<environment.Job instance at 0x15009c668b40>,99,3,[1 6],131,1044,1047,913,1044
1,<environment.Job instance at 0x15009c6688c0>,100,2,[1 8],133,1064,1066,931,1064
1,<environment.Job instance at 0x15009c6680a0>,101,17,[7 1],134,1190,1207,1056,1190
1,<environment.Job instance at 0x15009c668e10>,104,1,[10  1],139,1248,1249,1109,1248
1,<environment.Job instance at 0x1500b09cac30>,71,28,[14  1],98,1433,1461,1335,1433
1,<environment.Job instance at 0x15009c668aa0>,106,16,[7 1],141,1469,1485,1328,1469
1,<environment.Job instance at 0x15009c98c730>,119,2,[2 5],159,1469,1471,1310,1469
1,<environment.Job instance at 0x15009c668f50>,103,3,[1 5],138,1500,1503,1362,1500
1,<environment.Job instance at 0x15009cf97a00>,33,20,[ 2 11],48,1582,1602,1534,1582
1,<environment.Job instance at 0x15009c98c1e0>,118,1,[ 2 13],158,1602,1603,1444,1587
1,<environment.Job instance at 0x1500b0a2fcd0>,78,2,[11  2],106,1652,1654,1546,1652
1,<environment.Job instance at 0x1500b5837410>,4,1,[6 2],7,8,9,1,8
1,<environment.Job instance at 0x1500afd85550>,5,3,[5 2],8,14,17,6,14
1,<environment.Job instance at 0x15009cbb9af0>,11,13,[7 2],20,21,34,1,21
1,<environment.Job instance at 0x15009cbb9640>,10,1,[5 2],19,21,22,2,21
1,<environment.Job instance at 0x15009cbb9820>,15,3,[2 6],25,27,30,2,27
1,<environment.Job instance at 0x15009cb40280>,22,1,[1 8],35,36,37,1,36
1,<environment.Job instance at 0x15009cb40500>,24,2,[2 6],40,41,43,1,41
1,<environment.Job instance at 0x15009cb40820>,27,1,[2 8],44,44,45,0,44
1,<environment.Job instance at 0x1500ac0a6dc0>,32,28,[2 5],53,79,107,26,79
1,<environment.Job instance at 0x1500b09c5e60>,39,2,[2 8],61,82,84,21,82
1,<environment.Job instance at 0x1500b09c5b40>,33,15,[ 2 10],54,99,114,45,99
1,<environment.Job instance at 0x1500b09c5730>,41,3,[2 5],65,107,110,42,99
1,<environment.Job instance at 0x1500b09c5230>,45,2,[6 2],71,110,112,39,99
1,<environment.Job instance at 0x1500b09c5780>,36,16,[ 1 11],57,114,130,57,101
1,<environment.Job instance at 0x1500b09c5a50>,47,1,[10  1],76,112,113,36,104
1,<environment.Job instance at 0x1500b09c5050>,49,2,[6 1],78,110,112,32,104
1,<environment.Job instance at 0x1500b09c50f0>,50,3,[1 5],79,130,133,51,106
1,<environment.Job instance at 0x15009c6a1b40>,51,2,[10  2],80,113,115,33,108
1,<environment.Job instance at 0x15009c6a1280>,52,1,[9 1],81,115,116,34,111
1,<environment.Job instance at 0x15009c6a18c0>,56,1,[7 1],85,116,117,31,111
1,<environment.Job instance at 0x15009c6a1c30>,58,13,[10  1],88,117,130,29,111
1,<environment.Job instance at 0x15009c6a12d0>,63,1,[2 5],94,130,131,36,118
1,<environment.Job instance at 0x1500ae38b2d0>,64,3,[10  2],97,130,133,33,122
1,<environment.Job instance at 0x1500ae38b500>,67,1,[7 2],101,133,134,32,122
1,<environment.Job instance at 0x1500afd060f0>,68,3,[9 1],102,134,137,32,124
1,<environment.Job instance at 0x1500afd06cd0>,71,2,[1 5],106,131,133,25,129
1,<environment.Job instance at 0x1500afd06be0>,72,3,[2 8],107,133,136,26,129
1,<environment.Job instance at 0x1500afd06c80>,73,17,[10  1],108,137,154,29,129
1,<environment.Job instance at 0x1500ae38bfa0>,66,2,[ 1 14],100,136,138,36,134
1,<environment.Job instance at 0x1500afd06820>,74,26,[5 2],109,141,167,32,141
1,<environment.Job instance at 0x15009c68ee10>,78,2,[1 7],114,154,156,40,150
1,<environment.Job instance at 0x15009c6a1e60>,54,25,[9 1],83,154,179,71,153
1,<environment.Job instance at 0x15009c6ea780>,88,3,[2 7],129,167,170,38,161
1,<environment.Job instance at 0x15009c6eac30>,91,3,[1 7],135,162,165,27,162
1,<environment.Job instance at 0x1500b0a5af00>,90,22,[2 9],133,170,192,37,163
1,<environment.Job instance at 0x1500afd0f4b0>,93,13,[1 5],141,175,188,34,175
1,<environment.Job instance at 0x15009ccacf00>,95,1,[ 1 12],144,192,193,48,177
1,<environment.Job instance at 0x15009cdb1820>,96,1,[10  2],145,188,189,43,181
1,<environment.Job instance at 0x15009c591dc0>,94,2,[6 1],143,189,191,46,188
1,<environment.Job instance at 0x1500b6e3ec80>,100,1,[9 1],150,191,192,41,189
1,<environment.Job instance at 0x1500adeac050>,101,20,[9 1],151,195,215,44,195
1,<environment.Job instance at 0x1500ae62e7d0>,103,2,[13  1],154,215,217,61,213
1,<environment.Job instance at 0x15009c6f97d0>,99,12,[5 2],149,217,229,68,217
1,<environment.Job instance at 0x1500b6dc56e0>,106,3,[8 1],157,220,223,63,220
1,<environment.Job instance at 0x15009ca8baf0>,107,2,[6 2],158,223,225,65,222
1,<environment.Job instance at 0x1500b6dc5640>,105,1,[5 1],156,225,226,69,223
1,<environment.Job instance at 0x1500ac0a6690>,30,2,[ 2 13],49,226,228,177,225
1,<environment.Job instance at 0x1500b6dc5910>,104,1,[12  2],155,229,230,74,225
1,<environment.Job instance at 0x15009c9c3eb0>,9,1,[7 2],20,21,22,1,21
1,<environment.Job instance at 0x15009c9c3b40>,12,2,[2 5],25,25,27,0,25
1,<environment.Job instance at 0x15009c9c3e60>,14,3,[1 7],27,28,31,1,28
1,<environment.Job instance at 0x15009c9c3a50>,13,1,[1 9],26,31,32,5,28
1,<environment.Job instance at 0x15009c9c3b90>,15,1,[1 8],28,30,31,2,30
1,<environment.Job instance at 0x15009ce26050>,24,1,[2 5],39,40,41,1,40
1,<environment.Job instance at 0x15009c6ad780>,27,12,[ 1 14],42,75,87,33,75
1,<environment.Job instance at 0x1500af690320>,31,2,[5 1],54,75,77,21,75
1,<environment.Job instance at 0x1500af690dc0>,33,2,[1 8],56,87,89,31,77
1,<environment.Job instance at 0x1500af690550>,34,1,[6 1],57,77,78,20,77
1,<environment.Job instance at 0x1500af6907d0>,35,18,[10  2],59,87,105,28,77
1,<environment.Job instance at 0x1500af690370>,36,1,[6 1],60,84,85,24,84
1,<environment.Job instance at 0x1500af690a50>,37,1,[2 9],61,89,90,28,84
1,<environment.Job instance at 0x15009ce268c0>,20,13,[2 8],33,90,103,57,85
1,<environment.Job instance at 0x1500af690870>,38,1,[1 5],62,87,88,25,85
1,<environment.Job instance at 0x1500af6904b0>,40,3,[5 1],64,103,106,39,92
1,<environment.Job instance at 0x1500af690d70>,41,3,[1 7],65,105,108,40,99
1,<environment.Job instance at 0x1500af690050>,39,16,[ 2 10],63,108,124,45,102
1,<environment.Job instance at 0x1500af690af0>,43,17,[9 2],69,105,122,36,102
1,<environment.Job instance at 0x1500af690d20>,42,3,[10  2],67,122,125,55,104
1,<environment.Job instance at 0x1500af6906e0>,44,2,[9 2],71,125,127,54,104
1,<environment.Job instance at 0x15009c61b280>,46,1,[8 1],76,127,128,51,106
1,<environment.Job instance at 0x15009c61bc30>,48,1,[1 8],78,124,125,46,108
1,<environment.Job instance at 0x15009c61b780>,51,2,[7 2],81,127,129,46,108
1,<environment.Job instance at 0x15009c61b7d0>,52,1,[ 2 10],82,125,126,43,108
1,<environment.Job instance at 0x15009c61b9b0>,54,17,[5 2],85,128,145,43,120
1,<environment.Job instance at 0x15009c61bb90>,58,2,[1 5],90,129,131,39,129
1,<environment.Job instance at 0x15009c61b1e0>,55,3,[10  1],87,131,134,44,131
1,<environment.Job instance at 0x15009c61b730>,59,13,[1 9],91,141,154,50,141
1,<environment.Job instance at 0x15009ca77280>,62,1,[1 5],95,145,146,50,143
1,<environment.Job instance at 0x15009ca77eb0>,67,2,[2 8],102,154,156,52,143
1,<environment.Job instance at 0x15009c7ab410>,69,2,[6 1],104,144,146,40,144
1,<environment.Job instance at 0x15009c7c9190>,68,3,[1 7],103,154,157,51,146
1,<environment.Job instance at 0x15009c839c30>,70,3,[7 2],105,147,150,42,147
1,<environment.Job instance at 0x1500b774ad70>,72,15,[8 2],107,156,171,49,147
1,<environment.Job instance at 0x15009c7bad20>,71,2,[8 1],106,150,152,44,147
1,<environment.Job instance at 0x15009cabf2d0>,75,1,[1 6],111,152,153,41,149
1,<environment.Job instance at 0x15009c975140>,74,2,[8 2],110,171,173,61,149
1,<environment.Job instance at 0x1500b0718410>,76,3,[6 1],112,149,152,37,149
1,<environment.Job instance at 0x1500b0671230>,77,16,[1 5],113,156,172,43,150
1,<environment.Job instance at 0x15009cd190f0>,79,3,[2 8],116,157,160,41,151
1,<environment.Job instance at 0x15009cd19a00>,81,3,[1 8],118,160,163,42,152
1,<environment.Job instance at 0x15009cd19550>,82,2,[2 5],120,163,165,43,152
1,<environment.Job instance at 0x15009cd19500>,84,15,[9 1],122,173,188,51,159
1,<environment.Job instance at 0x15009cd197d0>,85,12,[6 1],123,165,177,42,159
1,<environment.Job instance at 0x15009cabb050>,87,3,[2 8],125,177,180,52,171
1,<environment.Job instance at 0x15009c60b410>,88,2,[1 7],126,180,182,54,171
1,<environment.Job instance at 0x15009c5effa0>,89,2,[1 6],127,177,179,50,171
1,<environment.Job instance at 0x15009cd199b0>,91,1,[2 7],130,188,189,58,188
1,<environment.Job instance at 0x1500afd06460>,92,3,[8 2],131,188,191,57,188
1,<environment.Job instance at 0x15009c980be0>,93,3,[ 2 10],132,189,192,57,188
1,<environment.Job instance at 0x15009c980b40>,94,2,[9 1],134,191,193,57,188
1,<environment.Job instance at 0x1500b076bdc0>,96,3,[1 8],137,192,195,55,188
1,<environment.Job instance at 0x1500afc26b90>,97,2,[2 8],140,195,197,55,188
1,<environment.Job instance at 0x15009cfc0190>,98,17,[1 8],142,197,214,55,192
1,<environment.Job instance at 0x15009cfc1140>,99,15,[10  1],143,193,208,50,192
1,<environment.Job instance at 0x15009c6389b0>,100,3,[1 8],145,214,217,69,193
1,<environment.Job instance at 0x15009cd19af0>,83,3,[1 9],121,217,220,96,196
1,<environment.Job instance at 0x15009c635b40>,102,3,[8 1],147,208,211,61,207
1,<environment.Job instance at 0x15009c638b90>,101,12,[1 7],146,220,232,74,220
1,<environment.Job instance at 0x15009c6351e0>,104,3,[1 8],149,221,224,72,221
1,<environment.Job instance at 0x15009c64e780>,105,2,[2 9],150,232,234,82,222
1,<environment.Job instance at 0x15009c64eaa0>,106,2,[8 2],151,224,226,73,223
1,<environment.Job instance at 0x15009c64ee10>,107,2,[8 1],152,226,228,74,226
1,<environment.Job instance at 0x15009c600aa0>,109,1,[ 2 10],155,234,235,79,226
1,<environment.Job instance at 0x15009cfd7c80>,110,3,[ 2 10],157,235,238,78,226
1,<environment.Job instance at 0x15009c6004b0>,111,12,[ 2 11],158,253,265,95,253
1,<environment.Job instance at 0x15009c6ad5a0>,26,1,[ 1 13],41,265,266,224,265
1,<environment.Job instance at 0x15009cd19f00>,80,17,[12  1],117,330,347,213,330
1,<environment.Job instance at 0x1500af690230>,30,1,[11  1],53,347,348,294,338
1,<environment.Job instance at 0x1500afba0cd0>,9,3,[2 6],12,20,23,8,20
1,<environment.Job instance at 0x1500afb9f550>,17,17,[11  2],22,23,40,1,23
1,<environment.Job instance at 0x1500afba0eb0>,13,3,[2 7],17,37,40,20,37
1,<environment.Job instance at 0x1500afb93dc0>,25,1,[6 1],34,40,41,6,37
1,<environment.Job instance at 0x1500afb93410>,22,2,[9 1],29,40,42,11,37
1,<environment.Job instance at 0x1500ae347230>,29,2,[7 1],38,42,44,4,38
1,<environment.Job instance at 0x15009c5efd70>,30,3,[10  1],39,44,47,5,39
1,<environment.Job instance at 0x1500afb93140>,28,18,[ 1 14],37,324,342,287,324
1,<environment.Job instance at 0x1500afc06050>,64,1,[1 7],89,342,343,253,327
1,<environment.Job instance at 0x15009c664820>,66,3,[2 9],92,343,346,251,343
1,<environment.Job instance at 0x15009cbc8e60>,71,1,[10  2],99,362,363,263,362
1,<environment.Job instance at 0x15009c631870>,75,1,[9 1],104,366,367,262,366
1,<environment.Job instance at 0x15009c631780>,78,3,[10  2],108,383,386,275,383
1,<environment.Job instance at 0x15009c631140>,81,3,[ 2 10],112,386,389,274,386
1,<environment.Job instance at 0x15009c631be0>,84,3,[2 8],117,413,416,296,413
1,<environment.Job instance at 0x15009cfd4cd0>,94,2,[1 7],131,424,426,293,424
1,<environment.Job instance at 0x15009cfd4c80>,92,2,[5 2],127,438,440,311,438
1,<environment.Job instance at 0x15009cadeaf0>,96,3,[6 1],134,465,468,331,465
1,<environment.Job instance at 0x15009cade5f0>,95,2,[2 6],132,569,571,437,569
1,<environment.Job instance at 0x15009cade2d0>,100,1,[10  1],139,576,577,437,576
1,<environment.Job instance at 0x15009cade3c0>,101,15,[7 1],140,582,597,442,582
1,<environment.Job instance at 0x15009cadeb90>,102,3,[ 2 10],141,637,640,496,637
1,<environment.Job instance at 0x1500b58d8730>,106,3,[2 5],146,640,643,494,640
1,<environment.Job instance at 0x1500b076ba50>,53,19,[ 2 14],75,651,670,576,651
1,<environment.Job instance at 0x15009caabcd0>,109,2,[5 2],149,670,672,521,652
1,<environment.Job instance at 0x1500b066d410>,112,12,[5 1],152,652,664,500,652
1,<environment.Job instance at 0x15009c631230>,76,13,[ 2 11],105,675,688,570,675
1,<environment.Job instance at 0x15009cfd4e10>,93,3,[14  2],128,688,691,560,678
1,<environment.Job instance at 0x15009cb1c640>,2,1,[8 1],3,4,5,1,4
1,<environment.Job instance at 0x1500b074a320>,3,3,[1 6],4,5,8,1,5
1,<environment.Job instance at 0x1500afb99820>,12,12,[5 2],19,19,31,0,19
1,<environment.Job instance at 0x1500b0a5c9b0>,16,3,[2 8],23,25,28,2,25
1,<environment.Job instance at 0x15009c87d3c0>,25,1,[7 2],35,35,36,0,35
1,<environment.Job instance at 0x15009c87db90>,21,25,[1 7],29,52,77,23,52
1,<environment.Job instance at 0x15009c84f500>,27,2,[1 7],37,54,56,17,54
1,<environment.Job instance at 0x15009c84ff50>,34,17,[7 2],46,56,73,10,55
1,<environment.Job instance at 0x15009c84f9b0>,33,1,[8 1],44,73,74,29,62
1,<environment.Job instance at 0x15009c84f0f0>,37,16,[6 1],50,70,86,20,70
1,<environment.Job instance at 0x15009c84fb40>,32,3,[10  1],43,86,89,43,73
1,<environment.Job instance at 0x15009c84fe60>,30,1,[14  1],41,89,90,48,73
1,<environment.Job instance at 0x15009c84f5a0>,38,1,[ 1 10],52,77,78,25,73
1,<environment.Job instance at 0x15009c84fb90>,36,2,[6 1],49,74,76,25,73
1,<environment.Job instance at 0x15009c913410>,62,2,[1 9],82,92,94,10,92
1,<environment.Job instance at 0x15009c8d3af0>,56,3,[2 5],74,92,95,18,92
1,<environment.Job instance at 0x15009c600960>,64,3,[1 5],86,95,98,9,95
1,<environment.Job instance at 0x1500b2f8f140>,70,1,[1 5],93,95,96,2,95
1,<environment.Job instance at 0x15009c6810f0>,66,2,[8 2],88,103,105,15,103
1,<environment.Job instance at 0x1500afe02190>,71,16,[8 1],94,105,121,11,103
1,<environment.Job instance at 0x15009c7e0fa0>,74,3,[1 7],98,104,107,6,104
1,<environment.Job instance at 0x15009cf75320>,48,17,[1 5],66,104,121,38,104
1,<environment.Job instance at 0x15009cc7bc80>,76,2,[2 7],100,107,109,7,104
1,<environment.Job instance at 0x1500afd58780>,80,2,[1 8],105,109,111,4,105
1,<environment.Job instance at 0x1500b06ebb40>,77,14,[ 2 10],101,121,135,20,117
1,<environment.Job instance at 0x1500afd58a00>,84,3,[ 1 14],110,135,138,25,125
1,<environment.Job instance at 0x1500afd58c30>,85,3,[5 1],111,125,128,14,125
1,<environment.Job instance at 0x1500b066d0a0>,90,2,[2 7],119,140,142,21,140
1,<environment.Job instance at 0x15009cdb1cd0>,98,2,[7 1],128,144,146,16,144
1,<environment.Job instance at 0x15009cc3f5a0>,105,14,[9 2],139,157,171,18,157
1,<environment.Job instance at 0x1500afbf6dc0>,94,23,[1 5],124,164,187,40,164
1,<environment.Job instance at 0x15009cc3ffa0>,106,16,[8 2],141,171,187,30,165
1,<environment.Job instance at 0x15009cb2ad70>,116,1,[1 5],154,173,174,19,173
1,<environment.Job instance at 0x15009cec0640>,112,12,[9 1],148,199,211,51,199
1,<environment.Job instance at 0x15009c913550>,61,3,[ 1 11],81,250,253,169,250
1,<environment.Job instance at 0x15009cf6f370>,5,13,[8 1],6,108,121,102,108
1,<environment.Job instance at 0x15009cf6f7d0>,7,2,[ 1 10],8,110,112,102,110
1,<environment.Job instance at 0x15009cf6fc30>,8,1,[5 1],9,134,135,125,134
1,<environment.Job instance at 0x15009cf6f190>,10,17,[6 2],14,320,337,306,320
1,<environment.Job instance at 0x15009cf6f8c0>,11,3,[5 2],15,323,326,308,323
1,<environment.Job instance at 0x15009cf6f460>,12,15,[10  2],16,337,352,321,325
1,<environment.Job instance at 0x15009cf6f960>,14,2,[11  1],18,352,354,334,330
1,<environment.Job instance at 0x15009cf6f230>,9,3,[5 2],10,447,450,437,447
1,<environment.Job instance at 0x1500af68be10>,21,1,[5 1],28,519,520,491,519
1,<environment.Job instance at 0x15009cf6f1e0>,18,3,[9 1],24,539,542,515,539
1,<environment.Job instance at 0x15009cf6f280>,4,2,[ 1 13],5,541,543,536,541
1,<environment.Job instance at 0x1500af68bd70>,23,2,[8 1],31,542,544,511,541
1,<environment.Job instance at 0x1500af68b550>,24,2,[6 2],33,543,545,510,542
1,<environment.Job instance at 0x1500afd66190>,33,2,[ 1 10],45,564,566,519,564
1,<environment.Job instance at 0x1500afc31a00>,37,1,[1 5],50,595,596,545,595
1,<environment.Job instance at 0x1500afd66a50>,35,2,[1 8],48,601,603,553,601
1,<environment.Job instance at 0x1500afc315f0>,40,1,[2 5],54,651,652,597,651
1,<environment.Job instance at 0x1500afc31dc0>,39,12,[7 2],52,740,752,688,740
1,<environment.Job instance at 0x1500afc31e10>,43,3,[2 6],60,747,750,687,747
1,<environment.Job instance at 0x1500afc31960>,45,16,[7 2],62,758,774,696,758
1,<environment.Job instance at 0x1500afc31af0>,46,12,[9 1],63,774,786,711,760
1,<environment.Job instance at 0x1500afc317d0>,42,3,[1 6],59,772,775,713,772
1,<environment.Job instance at 0x1500afc31230>,47,3,[7 2],65,786,789,721,776
1,<environment.Job instance at 0x1500afc31190>,48,3,[1 6],67,779,782,712,779
1,<environment.Job instance at 0x1500b5146cd0>,50,2,[8 1],73,786,788,713,783
1,<environment.Job instance at 0x1500b51463c0>,53,2,[10  1],77,789,791,712,788
1,<environment.Job instance at 0x1500b51467d0>,55,3,[5 1],80,822,825,742,822
1,<environment.Job instance at 0x1500b51460f0>,56,26,[5 2],82,836,862,754,836
1,<environment.Job instance at 0x1500b5146af0>,57,2,[7 2],84,836,838,752,836
1,<environment.Job instance at 0x15009c7c4f50>,59,14,[10  2],86,897,911,811,897
1,<environment.Job instance at 0x15009c7c42d0>,60,3,[2 6],87,901,904,814,901
1,<environment.Job instance at 0x15009c7c4d70>,61,12,[6 1],90,911,923,821,901
1,<environment.Job instance at 0x15009c7c4aa0>,63,14,[9 2],93,911,925,818,908
1,<environment.Job instance at 0x15009c7c4a00>,65,1,[5 2],97,937,938,840,937
1,<environment.Job instance at 0x15009c7c4b40>,66,1,[9 1],98,940,941,842,940
1,<environment.Job instance at 0x15009c7c4eb0>,67,23,[9 1],100,941,964,841,940
1,<environment.Job instance at 0x15009c7c4050>,62,18,[1 6],91,1078,1096,987,1078
1,<environment.Job instance at 0x15009c7c4460>,70,16,[9 2],103,1288,1304,1185,1288
1,<environment.Job instance at 0x1500afd66140>,36,16,[ 1 12],49,1330,1346,1281,1330
1,<environment.Job instance at 0x15009c7c47d0>,71,2,[1 5],104,1346,1348,1242,1343
1,<environment.Job instance at 0x15009cea2190>,77,1,[6 2],113,1344,1345,1231,1344
1,<environment.Job instance at 0x15009cea2960>,78,3,[6 2],114,1351,1354,1237,1351
1,<environment.Job instance at 0x15009cea2780>,75,1,[7 1],111,1352,1353,1241,1352
1,<environment.Job instance at 0x15009cea2e60>,80,2,[5 1],119,1355,1357,1236,1355
1,<environment.Job instance at 0x15009cea23c0>,79,3,[2 5],118,1633,1636,1515,1633
1,<environment.Job instance at 0x15009cea2af0>,84,3,[2 7],126,1644,1647,1518,1644
1,<environment.Job instance at 0x15009c8dc780>,86,3,[6 1],129,1650,1653,1521,1650
1,<environment.Job instance at 0x15009c8dc910>,87,18,[7 2],130,1653,1671,1523,1653
1,<environment.Job instance at 0x15009c8dcd70>,85,3,[2 9],127,1659,1662,1532,1659
1,<environment.Job instance at 0x15009c8dca00>,89,2,[9 1],132,1675,1677,1543,1675
1,<environment.Job instance at 0x15009c8dcb40>,93,2,[6 2],137,1684,1686,1547,1684
1,<environment.Job instance at 0x1500afd664b0>,34,2,[ 1 11],47,1689,1691,1642,1689
1,<environment.Job instance at 0x15009c8dcf50>,94,13,[6 1],138,1689,1702,1551,1689
1,<environment.Job instance at 0x15009c8dcaf0>,90,2,[14  2],134,1713,1715,1579,1713
1,<environment.Job instance at 0x15009c8dca50>,96,3,[6 2],140,1716,1719,1576,1716
1,<environment.Job instance at 0x15009c8dc4b0>,92,1,[14  2],136,1918,1919,1782,1918
1,<environment.Job instance at 0x15009cfc1690>,1,18,[ 2 11],2,2188,2206,2186,2188
1,<environment.Job instance at 0x1500afb4f0f0>,4,2,[ 1 10],11,13,15,2,13
1,<environment.Job instance at 0x1500ae36eaa0>,15,2,[14  1],27,43,45,16,43
1,<environment.Job instance at 0x1500b57e2690>,26,2,[10  1],43,45,47,2,44
1,<environment.Job instance at 0x15009c65aaf0>,25,2,[5 2],42,45,47,3,44
1,<environment.Job instance at 0x1500b09edaf0>,28,1,[7 2],46,47,48,1,46
1,<environment.Job instance at 0x1500b09ed050>,29,15,[7 1],47,47,62,0,47
1,<environment.Job instance at 0x1500ae38beb0>,34,3,[6 2],60,68,71,8,68
1,<environment.Job instance at 0x1500b6df0dc0>,35,17,[6 2],65,68,85,3,68
1,<environment.Job instance at 0x1500b6df0c30>,36,2,[8 1],66,78,80,12,78
1,<environment.Job instance at 0x1500b6dd92d0>,65,2,[5 1],113,140,142,27,140
1,<environment.Job instance at 0x1500afd2de10>,91,3,[9 1],151,225,228,74,225
1,<environment.Job instance at 0x1500b6dd9aa0>,66,3,[2 5],114,244,247,130,244
1,<environment.Job instance at 0x1500afd2d410>,93,2,[5 1],157,248,250,91,248
1,<environment.Job instance at 0x1500afd2d550>,92,3,[1 8],153,253,256,100,253
1,<environment.Job instance at 0x1500afd2d730>,95,2,[1 8],159,263,265,104,263
1,<environment.Job instance at 0x1500b6dd9d20>,59,13,[ 1 13],106,341,354,235,341
1,<environment.Job instance at 0x1500afd2d320>,90,3,[ 2 12],150,355,358,205,355
1,<environment.Job instance at 0x1500afd2d320>,2,2,[11  1],4,4,6,0,4
1,<environment.Job instance at 0x15009cdd6c80>,5,2,[7 1],9,10,12,1,10
1,<environment.Job instance at 0x15009cdd6b90>,4,27,[9 2],8,12,39,4,10
1,<environment.Job instance at 0x15009cdd95a0>,14,3,[8 1],18,39,42,21,23
1,<environment.Job instance at 0x15009cdd9f00>,21,3,[5 1],28,28,31,0,28
1,<environment.Job instance at 0x15009cdd9f50>,19,2,[1 8],25,28,30,3,28
1,<environment.Job instance at 0x15009cdac140>,23,14,[ 1 12],30,51,65,21,51
1,<environment.Job instance at 0x15009cdcb7d0>,40,3,[10  2],53,53,56,0,53
1,<environment.Job instance at 0x15009cdcb8c0>,41,3,[2 7],55,65,68,10,56
1,<environment.Job instance at 0x15009cdcb050>,35,15,[2 8],45,65,80,20,63
1,<environment.Job instance at 0x15009cdcbaa0>,44,1,[1 5],61,68,69,7,66
1,<environment.Job instance at 0x15009cdcbcd0>,48,2,[ 2 10],66,80,82,14,66
1,<environment.Job instance at 0x15009cdc4370>,49,1,[1 6],67,69,70,2,67
1,<environment.Job instance at 0x15009cdc45f0>,52,3,[7 1],74,74,77,0,74
1,<environment.Job instance at 0x15009cdc46e0>,54,18,[6 1],76,76,94,0,76
1,<environment.Job instance at 0x15009cdc4af0>,55,3,[2 9],77,82,85,5,77
1,<environment.Job instance at 0x15009cdc4c30>,56,14,[ 1 10],78,109,123,31,109
1,<environment.Job instance at 0x15009cdba550>,65,1,[ 1 10],93,123,124,30,109
1,<environment.Job instance at 0x15009cdba3c0>,66,1,[8 1],94,109,110,15,109
1,<environment.Job instance at 0x15009cdcbd20>,45,21,[6 2],62,109,130,47,109
1,<environment.Job instance at 0x15009cdba5a0>,68,3,[2 7],96,124,127,28,109
1,<environment.Job instance at 0x15009cdba460>,67,1,[8 1],95,110,111,15,109
1,<environment.Job instance at 0x15009cdba6e0>,70,3,[1 6],102,124,127,22,110
1,<environment.Job instance at 0x15009cdba780>,71,1,[2 7],103,127,128,24,111
1,<environment.Job instance at 0x15009cdba910>,72,12,[5 2],104,127,139,23,116
1,<environment.Job instance at 0x15009cdbab90>,75,3,[1 8],108,128,131,20,120
1,<environment.Job instance at 0x15009cdb0460>,77,1,[8 2],114,120,121,6,120
1,<environment.Job instance at 0x15009cdb01e0>,79,3,[ 2 10],119,131,134,12,120
1,<environment.Job instance at 0x15009cd2a280>,85,2,[2 5],129,134,136,5,129
1,<environment.Job instance at 0x15009cde62d0>,87,1,[10  2],131,136,137,5,131
1,<environment.Job instance at 0x15009cdba640>,69,14,[1 9],98,137,151,39,131
1,<environment.Job instance at 0x15009cde6640>,89,17,[10  2],135,139,156,4,135
1,<environment.Job instance at 0x15009cde6b40>,90,3,[9 2],136,156,159,20,136
1,<environment.Job instance at 0x15009cdb0870>,94,13,[8 1],144,159,172,15,144
1,<environment.Job instance at 0x15009cdb5c30>,92,2,[6 2],138,167,169,29,167
1,<environment.Job instance at 0x15009cdb0c80>,102,2,[2 8],156,172,174,16,172
1,<environment.Job instance at 0x15009cdaf230>,103,2,[7 2],157,174,176,17,174
1,<environment.Job instance at 0x15009cdaf280>,104,2,[13  1],158,264,266,106,264
1,<environment.Job instance at 0x15009cda99b0>,1,1,[7 1],4,4,5,0,4
1,<environment.Job instance at 0x15009cdaf280>,3,15,[10  1],6,6,21,0,6
1,<environment.Job instance at 0x1500b579b460>,6,15,[5 2],10,10,25,0,10
1,<environment.Job instance at 0x1500b579b780>,7,13,[6 2],11,22,35,11,22
1,<environment.Job instance at 0x1500b6f49190>,22,24,[9 2],31,31,55,0,31
1,<environment.Job instance at 0x1500ac158e60>,21,2,[1 6],30,35,37,5,35
1,<environment.Job instance at 0x1500ac1fad20>,32,15,[7 2],46,55,70,9,54
1,<environment.Job instance at 0x15009ca15550>,37,15,[2 8],52,54,69,2,54
1,<environment.Job instance at 0x15009ca154b0>,36,2,[6 1],50,55,57,5,54
1,<environment.Job instance at 0x15009ca15280>,38,17,[8 1],53,69,86,16,60
1,<environment.Job instance at 0x15009c9ee3c0>,43,1,[2 5],62,70,71,8,70
1,<environment.Job instance at 0x15009c9ea870>,45,2,[1 9],67,72,74,5,72
1,<environment.Job instance at 0x15009c9ea5a0>,46,3,[2 6],68,74,77,6,72
1,<environment.Job instance at 0x15009c741780>,50,1,[2 5],74,81,82,7,81
1,<environment.Job instance at 0x1500b4edcd70>,72,15,[2 8],108,108,123,0,108
1,<environment.Job instance at 0x1500afb78b90>,81,3,[2 9],118,135,138,17,135
1,<environment.Job instance at 0x1500b07b6a50>,85,1,[7 2],126,141,142,15,141
1,<environment.Job instance at 0x1500b07b6cd0>,84,1,[10  1],125,149,150,24,149
1,<environment.Job instance at 0x1500b07b64b0>,87,1,[2 9],128,150,151,22,150
1,<environment.Job instance at 0x1500b07b6f50>,88,3,[1 8],130,163,166,33,163
1,<environment.Job instance at 0x1500b07b6af0>,89,14,[ 1 10],133,246,260,113,246
1,<environment.Job instance at 0x1500ac12db90>,93,3,[1 6],140,260,263,120,253
1,<environment.Job instance at 0x1500ae3626e0>,102,1,[1 8],156,260,261,104,254
1,<environment.Job instance at 0x1500afcb59b0>,100,14,[13  1],153,260,274,107,260
1,<environment.Job instance at 0x1500ae362910>,105,1,[8 2],159,274,275,115,274
1,<environment.Job instance at 0x1500afb78dc0>,80,3,[13  1],117,309,312,192,309
1,<environment.Job instance at 0x1500b0786b40>,15,1,[1 6],19,87,88,68,87
1,<environment.Job instance at 0x15009c7e5be0>,21,14,[9 1],26,89,103,63,89
1,<environment.Job instance at 0x15009c7e50a0>,24,3,[7 2],31,103,106,72,98
1,<environment.Job instance at 0x15009c7e53c0>,22,16,[5 1],28,98,114,70,98
1,<environment.Job instance at 0x15009c7e5dc0>,23,28,[5 2],29,108,136,79,108
1,<environment.Job instance at 0x15009c7e5e60>,27,1,[10  2],35,114,115,79,111
1,<environment.Job instance at 0x1500b0786c30>,18,12,[11  1],23,202,214,179,202
1,<environment.Job instance at 0x15009c5e6eb0>,34,1,[2 6],48,204,205,156,204
1,<environment.Job instance at 0x1500b0a00370>,33,1,[2 6],47,205,206,158,205
1,<environment.Job instance at 0x1500b6d907d0>,40,1,[5 1],55,214,215,159,208
1,<environment.Job instance at 0x1500b6d90cd0>,44,3,[2 8],61,208,211,147,208
1,<environment.Job instance at 0x15009c7e59b0>,28,2,[ 1 10],38,285,287,247,285
1,<environment.Job instance at 0x1500b6e68f50>,68,3,[ 2 13],94,303,306,209,303
1,<environment.Job instance at 0x15009cf58cd0>,70,3,[10  1],96,303,306,207,303
1,<environment.Job instance at 0x15009cf58780>,69,2,[2 8],95,306,308,211,303
1,<environment.Job instance at 0x15009cf58d70>,76,1,[5 1],104,306,307,202,304
1,<environment.Job instance at 0x1500afc954b0>,73,3,[10  1],101,315,318,214,315
1,<environment.Job instance at 0x15009ccfb3c0>,83,3,[1 9],114,315,318,201,315
1,<environment.Job instance at 0x1500b0a42320>,84,2,[1 9],115,318,320,203,316
1,<environment.Job instance at 0x1500b0a4da00>,87,2,[2 8],118,320,322,202,317
1,<environment.Job instance at 0x1500b076d8c0>,90,2,[2 9],121,322,324,201,317
1,<environment.Job instance at 0x15009c64eb40>,78,3,[10  1],106,318,321,212,317
1,<environment.Job instance at 0x15009cf6cbe0>,91,1,[1 7],122,321,322,199,318
1,<environment.Job instance at 0x1500b57f4e60>,93,13,[8 2],124,322,335,198,319
1,<environment.Job instance at 0x15009cdad640>,98,2,[2 7],132,327,329,195,327
1,<environment.Job instance at 0x15009c6211e0>,106,2,[9 2],142,335,337,193,335
1,<environment.Job instance at 0x1500afd41280>,108,13,[1 5],145,335,348,190,335
1,<environment.Job instance at 0x1500b5814500>,104,1,[1 7],140,337,338,197,337
1,<environment.Job instance at 0x1500afd41550>,109,3,[ 1 10],146,348,351,202,348
1,<environment.Job instance at 0x1500afd41050>,110,2,[ 1 12],147,351,353,204,348
1,<environment.Job instance at 0x15009c6e6c30>,117,1,[10  2],158,348,349,190,348
1,<environment.Job instance at 0x15009c6e61e0>,118,16,[5 1],159,349,365,190,348
1,<environment.Job instance at 0x1500b06d0780>,115,13,[9 1],156,351,364,195,351
1,<environment.Job instance at 0x1500b0786640>,17,3,[ 2 12],22,421,424,399,421
1,<environment.Job instance at 0x1500ac0187d0>,3,2,[8 1],7,9,11,2,9
1,<environment.Job instance at 0x1500ac141dc0>,11,1,[6 1],18,19,20,1,19
1,<environment.Job instance at 0x1500ac1224b0>,13,3,[9 1],20,20,23,0,20
1,<environment.Job instance at 0x1500ac122dc0>,22,1,[ 1 10],33,33,34,0,33
1,<environment.Job instance at 0x1500ac122e60>,24,3,[8 2],36,36,39,0,36
1,<environment.Job instance at 0x1500ac13a280>,26,1,[5 1],38,38,39,0,38
1,<environment.Job instance at 0x1500ac13a550>,27,3,[5 1],39,39,42,0,39
1,<environment.Job instance at 0x1500ac13a690>,28,18,[5 2],40,40,58,0,40
1,<environment.Job instance at 0x1500ac122690>,18,3,[1 8],27,71,74,44,71
1,<environment.Job instance at 0x1500ac147be0>,49,2,[7 2],72,105,107,33,105
1,<environment.Job instance at 0x1500ac1475f0>,43,1,[10  1],65,127,128,62,127
1,<environment.Job instance at 0x1500ac134230>,56,1,[2 6],87,170,171,83,170
1,<environment.Job instance at 0x1500ac10e780>,61,2,[13  2],93,176,178,83,176
1,<environment.Job instance at 0x1500ac10e3c0>,62,15,[10  2],94,195,210,101,195
1,<environment.Job instance at 0x1500ac13ae60>,36,2,[8 1],54,220,222,166,220
1,<environment.Job instance at 0x1500ac147eb0>,52,3,[2 7],80,223,226,143,223
1,<environment.Job instance at 0x15009ccaeaa0>,70,16,[9 1],106,223,239,117,223
1,<environment.Job instance at 0x15009c82ee60>,69,18,[1 7],104,223,241,119,223
1,<environment.Job instance at 0x15009c845500>,72,1,[8 1],108,239,240,131,230
1,<environment.Job instance at 0x15009c531d20>,77,16,[6 2],114,239,255,125,232
1,<environment.Job instance at 0x15009c902d70>,71,1,[1 9],107,241,242,134,237
1,<environment.Job instance at 0x15009c82e820>,74,1,[1 6],111,251,252,140,251
1,<environment.Job instance at 0x1500ac1cdf50>,78,2,[1 7],116,254,256,138,254
1,<environment.Job instance at 0x1500ac0f0c80>,84,1,[2 8],123,255,256,132,254
1,<environment.Job instance at 0x1500afd2a2d0>,82,1,[ 2 10],121,256,257,135,255
1,<environment.Job instance at 0x15009ca13190>,85,3,[7 2],124,258,261,134,258
1,<environment.Job instance at 0x1500b5882960>,87,3,[2 7],126,282,285,156,282
1,<environment.Job instance at 0x15009c8627d0>,93,1,[11  2],132,289,290,157,289
1,<environment.Job instance at 0x15009ccb08c0>,100,15,[14  1],140,301,316,161,301
1,<environment.Job instance at 0x1500ac1b6dc0>,101,1,[7 1],141,316,317,175,308
1,<environment.Job instance at 0x15009ccb0960>,99,3,[9 1],139,317,320,178,309
1,<environment.Job instance at 0x1500ac1b6af0>,104,3,[ 1 10],147,379,382,232,379
1,<environment.Job instance at 0x1500ac147780>,42,13,[ 1 14],62,396,409,334,396
1,<environment.Job instance at 0x15009c729f00>,6,1,[2 7],9,10,11,1,10
1,<environment.Job instance at 0x15009ca0b780>,9,2,[9 1],12,13,15,1,13
1,<environment.Job instance at 0x15009c822dc0>,18,2,[1 9],22,33,35,11,33
1,<environment.Job instance at 0x15009ceb76e0>,26,13,[6 1],37,74,87,37,74
1,<environment.Job instance at 0x15009ceb7e10>,37,3,[2 9],50,76,79,26,76
1,<environment.Job instance at 0x1500b0a713c0>,42,21,[10  1],55,102,123,47,102
1,<environment.Job instance at 0x1500b0a71d20>,40,2,[ 1 10],53,103,105,50,103
1,<environment.Job instance at 0x1500b0a717d0>,44,3,[7 2],58,137,140,79,137
1,<environment.Job instance at 0x1500b0a71870>,45,2,[7 1],59,185,187,126,185
1,<environment.Job instance at 0x15009ceb7910>,28,13,[5 2],39,185,198,146,185
1,<environment.Job instance at 0x1500b0a71910>,49,3,[1 5],64,212,215,148,212
1,<environment.Job instance at 0x1500b0a71640>,50,15,[10  1],65,239,254,174,239
1,<environment.Job instance at 0x1500b0a71fa0>,47,2,[5 1],61,291,293,230,291
1,<environment.Job instance at 0x1500b0a47a50>,56,3,[2 5],76,292,295,216,292
1,<environment.Job instance at 0x15009cd3fcd0>,58,2,[8 1],78,307,309,229,307
1,<environment.Job instance at 0x15009cd3f230>,63,2,[ 1 10],83,357,359,274,357
1,<environment.Job instance at 0x15009cd3f2d0>,66,2,[6 1],86,364,366,278,364
1,<environment.Job instance at 0x15009cd3f190>,62,1,[ 2 12],82,366,367,284,366
1,<environment.Job instance at 0x15009cd3f3c0>,67,3,[2 8],87,370,373,283,370
1,<environment.Job instance at 0x15009cd3fbe0>,69,3,[1 8],90,373,376,283,370
1,<environment.Job instance at 0x1500af688050>,70,3,[7 1],92,501,504,409,501
1,<environment.Job instance at 0x1500af688910>,76,2,[1 5],102,554,556,452,554
1,<environment.Job instance at 0x1500af688dc0>,75,2,[5 2],101,555,557,454,555
1,<environment.Job instance at 0x15009cd506e0>,79,14,[2 5],106,575,589,469,575
1,<environment.Job instance at 0x15009cd50730>,81,1,[10  1],108,600,601,492,600
1,<environment.Job instance at 0x15009cd50c80>,87,3,[10  2],117,612,615,495,612
1,<environment.Job instance at 0x15009cd50e10>,85,3,[6 2],115,648,651,533,648
1,<environment.Job instance at 0x15009ceb78c0>,25,1,[ 1 11],36,649,650,613,649
1,<environment.Job instance at 0x15009cd50190>,89,3,[10  2],121,658,661,537,658
1,<environment.Job instance at 0x15009cd50d70>,93,2,[6 2],127,661,663,534,659
1,<environment.Job instance at 0x1500b58116e0>,97,3,[10  1],132,670,673,538,670
1,<environment.Job instance at 0x1500b58112d0>,101,27,[6 1],139,676,703,537,676
1,<environment.Job instance at 0x1500b5811640>,104,3,[5 1],145,716,719,571,716
1,<environment.Job instance at 0x1500b5811cd0>,106,12,[9 1],147,720,732,573,720
1,<environment.Job instance at 0x1500b5811190>,102,3,[9 1],140,935,938,795,935
1,<environment.Job instance at 0x1500ac2c9500>,111,13,[7 1],155,951,964,796,951
1,<environment.Job instance at 0x15009ce3c3c0>,113,12,[2 6],157,1014,1026,857,1014
1,<environment.Job instance at 0x15009c7315a0>,110,2,[12  2],154,1131,1133,977,1131
1,<environment.Job instance at 0x15009ca08a50>,0,1,[9 2],1,1,2,0,1
1,<environment.Job instance at 0x15009ca080f0>,3,2,[2 8],5,5,7,0,5
1,<environment.Job instance at 0x15009c8c3dc0>,4,1,[10  2],6,6,7,0,6
1,<environment.Job instance at 0x1500afaefa50>,7,3,[8 2],10,20,23,10,20
1,<environment.Job instance at 0x15009c8c3280>,5,1,[12  1],8,27,28,19,27
1,<environment.Job instance at 0x1500b069a500>,12,1,[6 1],20,28,29,8,28
1,<environment.Job instance at 0x1500b069aaa0>,10,3,[1 9],16,32,35,16,32
1,<environment.Job instance at 0x1500b5767b40>,14,3,[1 6],23,34,37,11,34
1,<environment.Job instance at 0x1500b069ac80>,17,3,[1 8],27,35,38,8,35
1,<environment.Job instance at 0x15009cea0fa0>,18,1,[2 8],28,38,39,10,35
1,<environment.Job instance at 0x15009c926be0>,22,1,[6 2],32,37,38,5,36
1,<environment.Job instance at 0x1500afaf8460>,25,20,[6 1],35,36,56,1,36
1,<environment.Job instance at 0x15009c90f230>,26,3,[2 9],37,39,42,2,38
1,<environment.Job instance at 0x1500b12e82d0>,20,26,[1 7],30,56,82,26,56
1,<environment.Job instance at 0x1500b5885230>,35,1,[5 1],49,81,82,32,81
1,<environment.Job instance at 0x1500afd21f50>,41,1,[1 5],58,82,83,24,82
1,<environment.Job instance at 0x1500ac1bc5f0>,40,2,[8 1],57,83,85,26,83
1,<environment.Job instance at 0x1500afd211e0>,42,3,[9 1],59,91,94,32,91
1,<environment.Job instance at 0x15009c9f0320>,47,2,[8 1],67,98,100,31,98
1,<environment.Job instance at 0x15009c9f0730>,46,15,[1 8],64,99,114,35,99
1,<environment.Job instance at 0x15009c9b5910>,50,1,[9 2],74,105,106,31,105
1,<environment.Job instance at 0x15009cacbaa0>,53,3,[6 2],78,113,116,35,113
1,<environment.Job instance at 0x1500b076d190>,57,13,[9 2],85,118,131,33,118
1,<environment.Job instance at 0x1500b581cc30>,61,17,[8 1],92,131,148,39,130
1,<environment.Job instance at 0x15009caf8730>,62,16,[1 8],93,139,155,46,139
1,<environment.Job instance at 0x1500b076d9b0>,58,3,[8 2],87,153,156,66,153
1,<environment.Job instance at 0x1500b0a50d20>,65,3,[13  1],97,159,162,62,159
1,<environment.Job instance at 0x1500af69faf0>,69,16,[5 2],103,189,205,86,189
1,<environment.Job instance at 0x1500af69f4b0>,71,1,[2 6],105,194,195,89,194
1,<environment.Job instance at 0x1500af69f960>,70,12,[7 2],104,196,208,92,196
1,<environment.Job instance at 0x1500af69feb0>,72,26,[1 6],106,196,222,90,196
1,<environment.Job instance at 0x1500af69f870>,74,2,[6 1],108,205,207,97,196
1,<environment.Job instance at 0x1500b5884690>,37,3,[13  1],52,208,211,156,201
1,<environment.Job instance at 0x1500af69f5f0>,75,3,[7 2],110,211,214,101,201
1,<environment.Job instance at 0x15009c64e910>,81,3,[1 6],117,205,208,88,202
1,<environment.Job instance at 0x15009c64e5f0>,82,2,[2 7],118,211,213,93,202
1,<environment.Job instance at 0x15009c64e5a0>,83,3,[7 1],119,213,216,94,204
1,<environment.Job instance at 0x1500afca05a0>,88,1,[1 6],129,208,209,79,204
1,<environment.Job instance at 0x1500afca00a0>,92,2,[2 5],135,214,216,79,206
1,<environment.Job instance at 0x1500afca0320>,93,2,[1 6],136,209,211,73,206
1,<environment.Job instance at 0x1500afca07d0>,94,12,[ 1 10],138,295,307,157,295
1,<environment.Job instance at 0x1500afca0910>,100,1,[1 8],144,314,315,170,314
1,<environment.Job instance at 0x1500adea6230>,101,3,[8 2],147,489,492,342,489
1,<environment.Job instance at 0x1500adea6e60>,102,3,[2 5],148,527,530,379,527
1,<environment.Job instance at 0x1500adea69b0>,103,3,[9 1],150,687,690,537,687
1,<environment.Job instance at 0x1500adea6640>,104,2,[8 2],151,834,836,683,834
1,<environment.Job instance at 0x1500adea6280>,105,1,[8 1],152,1014,1015,862,1014
1,<environment.Job instance at 0x1500adea6320>,106,23,[7 1],153,1020,1043,867,1020
1,<environment.Job instance at 0x1500adea67d0>,107,22,[5 2],154,1083,1105,929,1083
1,<environment.Job instance at 0x1500adea6410>,108,22,[7 2],156,1126,1148,970,1126
1,<environment.Job instance at 0x1500adea6e10>,109,2,[2 9],157,1353,1355,1196,1353
1,<environment.Job instance at 0x1500af69f7d0>,68,3,[11  1],102,1411,1414,1309,1411
1,<environment.Job instance at 0x1500adea63c0>,110,3,[ 2 10],158,1610,1613,1452,1610
1,<environment.Job instance at 0x1500b069a640>,9,1,[ 1 11],14,2451,2452,2437,2451
1,<environment.Job instance at 0x14cb8142b280>,22,1,[2 7],30,31,32,1,31
1,<environment.Job instance at 0x14cb8131c050>,23,2,[8 1],31,37,39,6,37
1,<environment.Job instance at 0x14cb80eacb40>,26,1,[2 7],35,42,43,7,42
1,<environment.Job instance at 0x14cb80ea8d20>,33,1,[2 7],43,43,44,0,43
1,<environment.Job instance at 0x14cb80ea8500>,34,15,[11  1],44,44,59,0,44
1,<environment.Job instance at 0x14cb80ea8320>,35,2,[1 8],45,46,48,1,46
1,<environment.Job instance at 0x14cb80ea8140>,30,15,[2 9],40,48,63,8,47
1,<environment.Job instance at 0x14cb80ea7e60>,36,3,[10  2],48,59,62,11,48
1,<environment.Job instance at 0x14cb8131ccd0>,20,2,[ 1 13],27,63,65,36,49
1,<environment.Job instance at 0x14cb80ea71e0>,38,1,[8 1],51,62,63,11,51
1,<environment.Job instance at 0x14cb8133b690>,46,2,[2 8],61,66,68,5,66
1,<environment.Job instance at 0x14cb8138da00>,65,3,[2 9],92,129,132,37,129
1,<environment.Job instance at 0x14cb80ea9960>,41,25,[12  2],54,130,155,76,130
1,<environment.Job instance at 0x14cb81382a50>,70,2,[ 2 10],97,132,134,35,131
1,<environment.Job instance at 0x14cb80ed7460>,52,2,[1 7],72,134,136,62,132
1,<environment.Job instance at 0x14cb81382c30>,75,1,[1 6],107,134,135,27,132
1,<environment.Job instance at 0x14cb81382d20>,77,2,[ 1 10],109,136,138,27,132
1,<environment.Job instance at 0x14cb81382c80>,78,3,[2 9],110,138,141,28,132
1,<environment.Job instance at 0x14cb8138d960>,67,1,[13  1],94,155,156,61,137
1,<environment.Job instance at 0x14cb813177d0>,88,1,[1 5],123,141,142,18,138
1,<environment.Job instance at 0x14cb813da9b0>,91,1,[2 5],128,141,142,13,140
1,<environment.Job instance at 0x14cb813820f0>,80,14,[7 1],112,156,170,44,144
1,<environment.Job instance at 0x14cb816680a0>,94,1,[5 1],131,156,157,25,148
1,<environment.Job instance at 0x14cb816476e0>,97,15,[10  2],135,170,185,35,157
1,<environment.Job instance at 0x14cb8166b190>,100,17,[1 9],139,171,188,32,171
1,<environment.Job instance at 0x14cb8166a320>,102,1,[2 8],141,188,189,47,177
1,<environment.Job instance at 0x14cb8166a280>,103,1,[ 2 10],142,189,190,47,180
1,<environment.Job instance at 0x14cb816477d0>,96,12,[9 2],134,185,197,51,181
1,<environment.Job instance at 0x14cb8166acd0>,108,2,[ 1 10],150,190,192,40,189
1,<environment.Job instance at 0x14cb8166a370>,107,18,[1 8],146,192,210,46,191
1,<environment.Job instance at 0x14cb816491e0>,93,2,[14  1],130,197,199,67,191
1,<environment.Job instance at 0x14cb8166aaf0>,110,3,[ 2 10],152,210,213,58,191
1,<environment.Job instance at 0x14cb8165f500>,112,1,[8 1],154,199,200,45,191
1,<environment.Job instance at 0x14cb8166ae10>,109,3,[11  2],151,200,203,49,192
1,<environment.Job instance at 0x14cb8165f370>,117,1,[1 7],160,203,204,43,193
1,<environment.Job instance at 0x14cb81664f50>,119,3,[12  1],164,204,207,40,195
1,<environment.Job instance at 0x14cb8166a730>,104,1,[ 2 14],143,329,330,186,329
1,<environment.Job instance at 0x14cb81647320>,0,3,[1 7],1,1,4,0,1
1,<environment.Job instance at 0x14cb816475f0>,3,3,[1 9],4,18,21,14,18
1,<environment.Job instance at 0x14cb816474b0>,10,2,[1 9],18,89,91,71,89
1,<environment.Job instance at 0x14cb814054b0>,15,2,[2 9],25,116,118,91,116
1,<environment.Job instance at 0x14cb81647550>,8,15,[1 7],15,197,212,182,197
1,<environment.Job instance at 0x14cb81405a00>,18,2,[9 1],29,283,285,254,283
1,<environment.Job instance at 0x14cb814052d0>,26,14,[10  1],39,285,299,246,283
1,<environment.Job instance at 0x14cb814056e0>,28,2,[8 2],41,299,301,258,294
1,<environment.Job instance at 0x14cb81405690>,29,3,[8 1],42,301,304,259,300
1,<environment.Job instance at 0x14cb81405e10>,34,18,[8 1],48,319,337,271,319
1,<environment.Job instance at 0x14cb816646e0>,39,16,[9 1],56,337,353,281,325
1,<environment.Job instance at 0x14cb81664af0>,41,1,[9 1],61,353,354,292,328
1,<environment.Job instance at 0x14cb81405be0>,32,2,[10  1],45,354,356,309,350
1,<environment.Job instance at 0x14cb81664820>,45,2,[8 1],66,356,358,290,354
1,<environment.Job instance at 0x14cb81664cd0>,50,3,[2 8],75,360,363,285,360
1,<environment.Job instance at 0x14cb81664c80>,49,2,[10  2],71,366,368,295,366
1,<environment.Job instance at 0x14cb81664690>,51,1,[2 6],76,369,370,293,369
1,<environment.Job instance at 0x14cb816650a0>,53,18,[7 2],79,374,392,295,374
1,<environment.Job instance at 0x14cb81664a50>,43,2,[6 2],63,380,382,317,380
1,<environment.Job instance at 0x14cb81664960>,36,17,[1 6],51,407,424,356,407
1,<environment.Job instance at 0x14cb8166adc0>,1,13,[ 1 14],2,427,440,425,427
1,<environment.Job instance at 0x14cb81665be0>,54,1,[2 8],82,440,441,358,438
1,<environment.Job instance at 0x14cb8166b960>,67,2,[6 2],102,441,443,339,441
1,<environment.Job instance at 0x14cb8166b230>,68,1,[1 5],103,441,442,338,441
1,<environment.Job instance at 0x14cb8166b910>,69,16,[1 7],104,512,528,408,512
1,<environment.Job instance at 0x14cb8166ba00>,70,3,[ 2 10],105,528,531,423,527
1,<environment.Job instance at 0x14cb8166be10>,72,3,[1 5],109,548,551,439,548
1,<environment.Job instance at 0x14cb8166b3c0>,74,1,[2 8],111,593,594,482,593
1,<environment.Job instance at 0x14cb8166bf00>,71,3,[ 1 13],106,595,598,489,595
1,<environment.Job instance at 0x14cb8166b640>,73,21,[ 2 13],110,615,636,505,615
1,<environment.Job instance at 0x14cb8166bc30>,75,1,[7 1],112,620,621,508,620
1,<environment.Job instance at 0x14cb81668370>,79,18,[8 1],117,627,645,510,627
1,<environment.Job instance at 0x14cb81668eb0>,80,1,[5 2],118,636,637,518,630
1,<environment.Job instance at 0x14cb8166b9b0>,66,13,[ 1 11],101,638,651,537,638
1,<environment.Job instance at 0x14cb81668730>,83,2,[5 2],122,638,640,516,638
1,<environment.Job instance at 0x14cb82bde190>,92,3,[1 8],135,651,654,516,642
1,<environment.Job instance at 0x14cb82bde0a0>,98,1,[ 2 10],145,654,655,509,643
1,<environment.Job instance at 0x14cb82bdee10>,101,3,[7 2],148,645,648,497,644
1,<environment.Job instance at 0x14cb82bde910>,102,21,[7 2],150,645,666,495,644
1,<environment.Job instance at 0x14cb82bdeaa0>,96,14,[8 2],142,655,669,513,644
1,<environment.Job instance at 0x14cb82bde460>,104,3,[1 9],152,666,669,514,646
1,<environment.Job instance at 0x14cb82bde690>,89,3,[2 7],130,669,672,539,646
1,<environment.Job instance at 0x14cb82b73b90>,105,1,[6 1],153,648,649,495,646
1,<environment.Job instance at 0x14cb82b73a00>,107,3,[1 7],159,669,672,510,658
1,<environment.Job instance at 0x14cb82b73d70>,110,2,[10  1],163,669,671,506,667
1,<environment.Job instance at 0x14cb82bdef50>,103,13,[5 2],151,672,685,521,672
1,<environment.Job instance at 0x14cb81665550>,62,2,[ 2 12],96,675,677,579,675
1,<environment.Job instance at 0x14cb826d5c80>,3,16,[7 2],4,4,20,0,4
1,<environment.Job instance at 0x14cb826d5dc0>,2,3,[5 2],3,5,8,2,5
1,<environment.Job instance at 0x14cb837ac0f0>,15,3,[2 7],23,29,32,6,29
1,<environment.Job instance at 0x14cb837ac690>,20,1,[1 9],33,33,34,0,33
1,<environment.Job instance at 0x14cb837ac460>,19,2,[1 6],32,34,36,2,34
1,<environment.Job instance at 0x14cb837ac910>,22,1,[9 2],35,42,43,7,42
1,<environment.Job instance at 0x14cb837acbe0>,28,16,[9 1],43,43,59,0,43
1,<environment.Job instance at 0x14cb378c4140>,29,1,[6 2],45,45,46,0,45
1,<environment.Job instance at 0x14cb378c2820>,16,15,[ 1 11],27,46,61,19,46
1,<environment.Job instance at 0x14cb378c44b0>,31,14,[7 2],47,59,73,12,52
1,<environment.Job instance at 0x14cb378c4280>,30,3,[2 7],46,61,64,15,56
1,<environment.Job instance at 0x14cb378c4eb0>,40,2,[5 1],63,66,68,3,66
1,<environment.Job instance at 0x14cb378c7050>,45,3,[6 2],71,71,74,0,71
1,<environment.Job instance at 0x14cb378c9050>,54,26,[9 1],84,124,150,40,124
1,<environment.Job instance at 0x14cb378cc0a0>,72,2,[1 9],111,150,152,39,150
1,<environment.Job instance at 0x14cb378c9460>,58,12,[5 2],88,150,162,62,150
1,<environment.Job instance at 0x14cb379e2780>,85,15,[10  1],129,155,170,26,155
1,<environment.Job instance at 0x14cb3797f500>,89,2,[6 1],134,170,172,36,159
1,<environment.Job instance at 0x14cb378c2eb0>,13,2,[ 2 12],20,177,179,157,177
1,<environment.Job instance at 0x14cb37a2af00>,92,3,[ 2 11],140,186,189,46,186
1,<environment.Job instance at 0x14cb379cf910>,96,3,[1 6],144,190,193,46,190
1,<environment.Job instance at 0x14cb379cfb90>,98,2,[ 1 10],146,193,195,47,190
1,<environment.Job instance at 0x14cb37a3eb90>,100,15,[7 2],148,190,205,42,190
1,<environment.Job instance at 0x14cb37a3e410>,99,17,[2 9],147,311,328,164,311
1,<environment.Job instance at 0x14cb379752d0>,104,3,[2 8],152,339,342,187,339
1,<environment.Job instance at 0x14cb379750f0>,105,2,[2 8],153,342,344,189,339
1,<environment.Job instance at 0x14cb37975c30>,106,3,[5 2],156,347,350,191,347
1,<environment.Job instance at 0x14cb37ab2960>,101,16,[2 8],149,348,364,199,348
1,<environment.Job instance at 0x14cb37972b90>,115,1,[2 5],168,385,386,217,385
1,<environment.Job instance at 0x14cb37917b90>,88,14,[14  1],132,392,406,260,392
1,<environment.Job instance at 0x14cb7c0fa910>,4,2,[7 1],7,8,10,1,8
1,<environment.Job instance at 0x14cb7c0fa6e0>,5,1,[7 2],8,10,11,2,10
1,<environment.Job instance at 0x14cb7c0faa50>,6,3,[10  2],9,13,16,4,13
1,<environment.Job instance at 0x14cb7c198c80>,13,1,[6 2],19,19,20,0,19
1,<environment.Job instance at 0x14cb7c0fa5a0>,12,17,[9 2],18,23,40,5,23
1,<environment.Job instance at 0x14cb7c198230>,14,2,[1 5],20,30,32,10,30
1,<environment.Job instance at 0x14cb87e70460>,20,15,[7 1],27,40,55,13,30
1,<environment.Job instance at 0x14cb37f98b40>,21,1,[2 6],28,32,33,4,32
1,<environment.Job instance at 0x14cb37ed0dc0>,18,1,[1 9],25,45,46,20,45
1,<environment.Job instance at 0x14cb80ec2640>,22,1,[2 8],30,116,117,86,116
1,<environment.Job instance at 0x14cb7c19d140>,33,3,[9 2],42,118,121,76,118
1,<environment.Job instance at 0x14cb81368230>,35,16,[10  2],44,121,137,77,118
1,<environment.Job instance at 0x14cb7c201230>,37,2,[1 6],47,119,121,72,119
1,<environment.Job instance at 0x14cb82ae7b40>,31,12,[9 2],40,137,149,97,121
1,<environment.Job instance at 0x14cb7c19d9b0>,38,15,[2 6],49,130,145,81,130
1,<environment.Job instance at 0x14cb7c207af0>,42,14,[6 1],53,145,159,92,133
1,<environment.Job instance at 0x14cb7c201550>,39,2,[7 2],50,149,151,99,134
1,<environment.Job instance at 0x14cb7c207a50>,45,2,[7 1],56,151,153,95,147
1,<environment.Job instance at 0x14cb7c2075a0>,49,1,[ 2 10],60,155,156,95,155
1,<environment.Job instance at 0x14cb7c207f00>,48,25,[12  1],59,166,191,107,166
1,<environment.Job instance at 0x14cb7c207230>,51,3,[7 1],66,193,196,127,193
1,<environment.Job instance at 0x14cb83ac0690>,59,3,[6 1],79,235,238,156,235
1,<environment.Job instance at 0x14cb37fa2cd0>,65,14,[2 5],88,269,283,181,269
1,<environment.Job instance at 0x14cb836ae410>,61,2,[7 1],82,276,278,194,276
1,<environment.Job instance at 0x14cb82e5c820>,69,3,[8 1],93,306,309,213,306
1,<environment.Job instance at 0x14cb82e5cc30>,76,1,[5 2],106,322,323,216,322
1,<environment.Job instance at 0x14cb82e5c280>,78,2,[ 1 10],110,361,363,251,361
1,<environment.Job instance at 0x14cb82e5c500>,75,1,[10  2],105,366,367,261,366
1,<environment.Job instance at 0x14cb82b9cd20>,84,1,[6 2],122,375,376,253,375
1,<environment.Job instance at 0x14cb7c1f6af0>,91,14,[2 8],133,375,389,242,375
1,<environment.Job instance at 0x14cb7c1f6b40>,92,2,[5 2],134,538,540,404,538
1,<environment.Job instance at 0x14cb7c0fa870>,11,13,[12  2],17,546,559,529,546
1,<environment.Job instance at 0x14cb837cfb90>,106,2,[1 8],157,546,548,389,546
1,<environment.Job instance at 0x14cb837cf140>,111,1,[ 1 12],166,567,568,401,567
1,<environment.Job instance at 0x14cb87e010f0>,12,18,[5 1],18,20,38,2,20
1,<environment.Job instance at 0x14cb87e015f0>,13,15,[6 1],19,32,47,13,32
1,<environment.Job instance at 0x14cb37fe0cd0>,5,3,[9 2],8,55,58,47,55
1,<environment.Job instance at 0x14cb37f6b780>,19,3,[ 1 10],26,79,82,53,79
1,<environment.Job instance at 0x14cb87e01a50>,4,13,[13  2],7,82,95,75,82
1,<environment.Job instance at 0x14cb37f6b190>,27,3,[7 1],38,95,98,57,82
1,<environment.Job instance at 0x14cb37f6b9b0>,21,3,[2 7],28,86,89,58,86
1,<environment.Job instance at 0x14cb37ec6190>,36,2,[10  2],53,98,100,45,89
1,<environment.Job instance at 0x14cb37ec6640>,39,1,[10  2],57,120,121,63,120
1,<environment.Job instance at 0x14cb37f6b8c0>,29,14,[1 5],41,141,155,100,141
1,<environment.Job instance at 0x14cb37f68320>,58,3,[8 2],81,141,144,60,141
1,<environment.Job instance at 0x14cb37f68140>,59,1,[1 7],82,141,142,59,141
1,<environment.Job instance at 0x14cb37f68fa0>,50,17,[2 9],71,144,161,73,141
1,<environment.Job instance at 0x14cb37f486e0>,61,2,[2 7],84,163,165,79,163
1,<environment.Job instance at 0x14cb8130ae60>,75,1,[10  2],103,186,187,83,186
1,<environment.Job instance at 0x14cb7c1d7f00>,80,15,[7 2],109,197,212,88,197
1,<environment.Job instance at 0x14cb7c1d7550>,82,2,[2 9],111,242,244,131,242
1,<environment.Job instance at 0x14cb37ec70a0>,103,2,[ 1 10],138,250,252,112,250
1,<environment.Job instance at 0x14cb37ec76e0>,105,17,[12  1],140,331,348,191,331
1,<environment.Job instance at 0x14cb836aec80>,126,1,[13  1],165,395,396,230,395
1,<environment.Job instance at 0x14cb37a55f50>,1,2,[2 5],2,2,4,0,2
1,<environment.Job instance at 0x14cb37a58730>,11,18,[6 1],15,19,37,4,19
1,<environment.Job instance at 0x14cb37a58c30>,16,16,[6 2],21,29,45,8,29
1,<environment.Job instance at 0x14cb37a588c0>,19,19,[1 5],26,41,60,15,41
1,<environment.Job instance at 0x14cb379bc5a0>,22,2,[7 2],30,41,43,11,41
1,<environment.Job instance at 0x14cb379bc8c0>,24,3,[1 8],33,43,46,10,43
1,<environment.Job instance at 0x14cb37a58e60>,15,1,[ 1 14],20,60,61,40,51
1,<environment.Job instance at 0x14cb379bcb40>,27,1,[6 1],37,53,54,16,53
1,<environment.Job instance at 0x14cb37a01280>,33,14,[5 2],49,61,75,12,55
1,<environment.Job instance at 0x14cb37a5cc30>,37,14,[1 6],53,61,75,8,59
1,<environment.Job instance at 0x14cb37a01370>,35,15,[14  1],51,75,90,24,71
1,<environment.Job instance at 0x14cb37a5ca50>,39,1,[2 9],56,90,91,34,72
1,<environment.Job instance at 0x14cb379f8640>,44,3,[2 5],64,72,75,8,72
1,<environment.Job instance at 0x14cb379bcf50>,23,3,[ 2 14],32,91,94,59,74
1,<environment.Job instance at 0x14cb379f85f0>,47,1,[10  1],68,152,153,84,152
1,<environment.Job instance at 0x14cb379836e0>,62,2,[7 1],91,261,263,170,261
1,<environment.Job instance at 0x14cb379830f0>,60,15,[2 5],89,264,279,175,264
1,<environment.Job instance at 0x14cb37983230>,64,2,[10  2],93,280,282,187,280
1,<environment.Job instance at 0x14cb37a4e870>,67,1,[6 2],97,285,286,188,285
1,<environment.Job instance at 0x14cb37a4e960>,68,2,[ 1 10],98,288,290,190,288
1,<environment.Job instance at 0x14cb37a4e190>,71,3,[10  1],102,299,302,197,299
1,<environment.Job instance at 0x14cb37a4ec30>,72,17,[1 8],108,315,332,207,315
1,<environment.Job instance at 0x14cb37a4e9b0>,74,17,[1 6],111,325,342,214,325
1,<environment.Job instance at 0x14cb37a4ea00>,75,3,[1 9],112,332,335,220,331
1,<environment.Job instance at 0x14cb37a4eaa0>,77,2,[ 1 11],117,342,344,225,337
1,<environment.Job instance at 0x14cb37a4eb90>,82,15,[10  1],123,372,387,249,372
1,<environment.Job instance at 0x14cb37a4e690>,83,28,[5 2],124,385,413,261,385
1,<environment.Job instance at 0x14cb37a4ee60>,76,13,[2 9],116,393,406,277,393
1,<environment.Job instance at 0x14cb37a00280>,85,2,[ 1 10],126,408,410,282,408
1,<environment.Job instance at 0x14cb37a4e910>,81,2,[8 2],122,423,425,301,423
1,<environment.Job instance at 0x14cb37a00320>,87,1,[5 1],128,423,424,295,423
1,<environment.Job instance at 0x14cb37a006e0>,86,3,[ 2 14],127,429,432,302,429
1,<environment.Job instance at 0x14cb37983c80>,59,2,[12  1],87,445,447,358,445
1,<environment.Job instance at 0x14cb37a00780>,90,1,[7 2],132,474,475,342,474
1,<environment.Job instance at 0x14cb37a00c30>,97,14,[9 2],140,513,527,373,513
1,<environment.Job instance at 0x14cb37a00190>,102,16,[7 1],145,534,550,389,534
1,<environment.Job instance at 0x14cb37a00550>,105,2,[1 7],148,601,603,453,601
1,<environment.Job instance at 0x14cb837f2370>,111,1,[5 2],158,628,629,470,628
1,<environment.Job instance at 0x14cb37aa1b40>,112,1,[8 2],159,628,629,469,628
1,<environment.Job instance at 0x14cb37aa1640>,113,2,[7 2],161,646,648,485,646
1,<environment.Job instance at 0x14cb37aa1230>,114,3,[6 1],163,647,650,484,647
1,<environment.Job instance at 0x14cb37aa1050>,110,14,[ 1 10],157,656,670,499,656
1,<environment.Job instance at 0x14cb837ee960>,117,3,[5 1],166,659,662,493,659
1,<environment.Job instance at 0x14cb37aa1f00>,115,2,[10  1],164,679,681,515,679
1,<environment.Job instance at 0x14cb37bd6c80>,118,3,[1 6],167,689,692,522,689
1,<environment.Job instance at 0x14cb37bd6fa0>,119,3,[12  1],169,1203,1206,1034,1203
1,<environment.Job instance at 0x14cb379833c0>,56,26,[ 2 13],83,1206,1232,1123,1206
1,<environment.Job instance at 0x14cb378c25a0>,10,1,[8 1],23,32,33,9,32
1,<environment.Job instance at 0x14cb37d3c9b0>,12,12,[7 2],26,41,53,15,41
1,<environment.Job instance at 0x14cb83736b90>,9,3,[1 8],21,44,47,23,44
1,<environment.Job instance at 0x14cb826a0a50>,14,2,[5 2],33,47,49,14,47
1,<environment.Job instance at 0x14cb826a0140>,15,2,[7 2],34,59,61,25,59
1,<environment.Job instance at 0x14cb378c2820>,7,3,[11  1],19,61,64,42,60
1,<environment.Job instance at 0x14cb826a0e10>,16,2,[5 2],36,64,66,28,60
1,<environment.Job instance at 0x14cb826a0190>,18,1,[6 2],38,60,61,22,60
1,<environment.Job instance at 0x14cb826a0b40>,19,2,[ 1 12],39,61,63,22,61
1,<environment.Job instance at 0x14cb826a0550>,26,2,[1 6],47,63,65,16,61
1,<environment.Job instance at 0x14cb8131ce60>,27,2,[8 1],48,64,66,16,61
1,<environment.Job instance at 0x14cb7c23a280>,29,2,[1 8],51,65,67,14,61
1,<environment.Job instance at 0x14cb7c23a410>,30,13,[7 1],52,66,79,14,61
1,<environment.Job instance at 0x14cb7c23a190>,31,3,[ 2 10],55,67,70,12,61
1,<environment.Job instance at 0x14cb7c23aaa0>,32,2,[2 7],56,73,75,17,73
1,<environment.Job instance at 0x14cb7c23a960>,35,2,[1 7],59,73,75,14,73
1,<environment.Job instance at 0x14cb37dab190>,52,17,[10  1],86,90,107,4,90
1,<environment.Job instance at 0x14cb37dab9b0>,56,3,[ 2 13],92,95,98,3,95
1,<environment.Job instance at 0x14cb83acb550>,96,16,[9 2],150,314,330,164,314
1,<environment.Job instance at 0x14cb37d3c960>,13,15,[ 2 10],32,516,531,484,516
1,<environment.Job instance at 0x14cb82bb5cd0>,98,15,[6 1],153,561,576,408,561
1,<environment.Job instance at 0x14cb836e89b0>,100,1,[2 8],155,587,588,432,587
1,<environment.Job instance at 0x14cb87ee7550>,102,1,[8 1],158,652,653,494,652
1,<environment.Job instance at 0x14cb376a23c0>,103,1,[1 8],160,713,714,553,713
1,<environment.Job instance at 0x14cb81643f00>,106,14,[ 1 10],164,873,887,709,873
1,<environment.Job instance at 0x14cb8134b910>,95,20,[ 2 11],148,891,911,743,891
1,<environment.Job instance at 0x14cb8135c3c0>,108,1,[10  1],166,891,892,725,891
1,<environment.Job instance at 0x14cb8135c410>,105,3,[1 9],162,911,914,749,892
1,<environment.Job instance at 0x14cb83736500>,8,13,[ 2 11],20,1603,1616,1583,1603
1,<environment.Job instance at 0x14cb87ea7320>,12,17,[7 2],13,14,31,1,14
1,<environment.Job instance at 0x14cb87ea7c30>,11,21,[9 2],12,31,52,19,26
1,<environment.Job instance at 0x14cb377ac190>,19,16,[5 2],23,26,42,3,26
1,<environment.Job instance at 0x14cb87ea7a50>,14,2,[2 9],15,42,44,27,34
1,<environment.Job instance at 0x14cb377ac460>,23,3,[7 1],30,52,55,22,35
1,<environment.Job instance at 0x14cb377ac4b0>,24,1,[6 1],31,44,45,13,36
1,<environment.Job instance at 0x14cb377acd70>,26,3,[2 9],33,47,50,14,47
1,<environment.Job instance at 0x14cb377acf00>,21,28,[14  1],28,55,83,27,54
1,<environment.Job instance at 0x14cb377accd0>,30,2,[1 8],39,56,58,17,56
1,<environment.Job instance at 0x14cb81345190>,31,2,[1 5],40,58,60,18,58
1,<environment.Job instance at 0x14cb81345960>,33,2,[9 1],42,83,85,41,61
1,<environment.Job instance at 0x14cb813458c0>,34,3,[9 2],43,85,88,42,61
1,<environment.Job instance at 0x14cb377ac280>,29,16,[2 7],37,83,99,46,73
1,<environment.Job instance at 0x14cb81345910>,38,1,[2 7],48,84,85,36,84
1,<environment.Job instance at 0x14cb379784b0>,43,2,[12  1],55,102,104,47,102
1,<environment.Job instance at 0x14cb813457d0>,40,17,[5 2],50,113,130,63,113
1,<environment.Job instance at 0x14cb377970a0>,54,1,[10  1],69,145,146,76,145
1,<environment.Job instance at 0x14cb37797190>,49,3,[1 6],61,149,152,88,149
1,<environment.Job instance at 0x14cb376cc8c0>,66,2,[7 1],86,157,159,71,157
1,<environment.Job instance at 0x14cb3759af00>,67,17,[8 1],87,157,174,70,157
1,<environment.Job instance at 0x14cb82dddf00>,62,3,[2 6],77,160,163,83,160
1,<environment.Job instance at 0x14cb3759ac80>,68,1,[ 2 13],88,166,167,78,166
1,<environment.Job instance at 0x14cb37b42780>,78,3,[2 7],100,177,180,77,177
1,<environment.Job instance at 0x14cb37d918c0>,79,2,[8 2],102,179,181,77,179
1,<environment.Job instance at 0x14cb3759a460>,70,3,[9 1],90,181,184,91,180
1,<environment.Job instance at 0x14cb83ae4c80>,83,1,[7 2],112,190,191,78,190
1,<environment.Job instance at 0x14cb83ae4b90>,84,1,[2 8],113,190,191,77,190
1,<environment.Job instance at 0x14cb37db4410>,86,3,[2 6],115,191,194,76,190
1,<environment.Job instance at 0x14cb83ae48c0>,82,13,[7 2],110,191,204,81,191
1,<environment.Job instance at 0x14cb37db4550>,87,2,[7 1],117,194,196,77,192
1,<environment.Job instance at 0x14cb83ae4820>,81,1,[5 2],109,224,225,115,224
1,<environment.Job instance at 0x14cb37db4be0>,95,2,[2 6],130,224,226,94,224
1,<environment.Job instance at 0x14cb37db4640>,94,1,[10  2],129,226,227,97,226
1,<environment.Job instance at 0x14cb37db4780>,96,1,[1 5],131,226,227,95,226
1,<environment.Job instance at 0x14cb37db4320>,97,3,[7 2],133,227,230,94,227
1,<environment.Job instance at 0x14cb37db45f0>,100,3,[10  1],138,230,233,92,228
1,<environment.Job instance at 0x14cb37db4f50>,101,2,[ 2 13],139,230,232,91,230
1,<environment.Job instance at 0x14cb7c043320>,102,3,[7 2],141,233,236,92,230
1,<environment.Job instance at 0x14cb7c0436e0>,103,28,[2 5],143,280,308,137,280
1,<environment.Job instance at 0x14cb82bb5870>,108,1,[2 6],148,299,300,151,299
1,<environment.Job instance at 0x14cb37db4a50>,99,18,[1 7],136,691,709,555,691
1,<environment.Job instance at 0x14cb37f58960>,115,2,[2 6],160,769,771,609,769
1,<environment.Job instance at 0x14cb37f58910>,114,1,[1 6],158,777,778,619,777
1,<environment.Job instance at 0x14cb377ac5a0>,28,2,[11  2],36,796,798,760,796
1,<environment.Job instance at 0x14cb37f58190>,121,3,[1 5],169,805,808,636,805
1,<environment.Job instance at 0x14cb37f58c80>,120,2,[6 1],168,821,823,653,821
1,<environment.Job instance at 0x14cb37f58e10>,117,3,[2 7],162,823,826,661,823
1,<environment.Job instance at 0x14cb82bb5050>,107,16,[ 1 11],147,1064,1080,917,1064
1,<environment.Job instance at 0x14cb37a3da50>,2,25,[9 1],3,4,29,1,4
1,<environment.Job instance at 0x14cb37accfa0>,3,3,[2 7],4,5,8,1,5
1,<environment.Job instance at 0x14cb37b7ae60>,13,1,[2 7],18,18,19,0,18
1,<environment.Job instance at 0x14cb37b7ab90>,9,1,[6 2],11,19,20,8,18
1,<environment.Job instance at 0x14cb826a0aa0>,14,2,[ 1 14],20,20,22,0,20
1,<environment.Job instance at 0x14cb826a0320>,20,3,[2 8],27,27,30,0,27
1,<environment.Job instance at 0x14cb37b725a0>,23,1,[8 2],30,30,31,0,30
1,<environment.Job instance at 0x14cb37b72780>,29,1,[5 1],37,41,42,4,41
1,<environment.Job instance at 0x14cb37b72140>,22,26,[5 2],29,41,67,12,41
1,<environment.Job instance at 0x14cb87e3cc30>,40,14,[2 5],57,69,83,12,69
1,<environment.Job instance at 0x14cb87e3c9b0>,43,1,[ 1 12],64,83,84,19,70
1,<environment.Job instance at 0x14cb888645a0>,49,20,[9 1],71,71,91,0,71
1,<environment.Job instance at 0x14cb88864320>,53,1,[5 1],76,83,84,7,77
1,<environment.Job instance at 0x14cb88864e10>,54,3,[8 1],77,91,94,14,77
1,<environment.Job instance at 0x14cb88864460>,55,2,[6 2],78,84,86,6,80
1,<environment.Job instance at 0x14cb8135c910>,56,3,[9 2],79,94,97,15,81
1,<environment.Job instance at 0x14cb8135c320>,57,2,[1 6],86,86,88,0,86
1,<environment.Job instance at 0x14cb377bb820>,58,18,[8 1],88,97,115,9,89
1,<environment.Job instance at 0x14cb377bb910>,62,3,[6 2],96,114,117,18,114
1,<environment.Job instance at 0x14cb843217d0>,65,3,[9 1],99,116,119,17,116
1,<environment.Job instance at 0x14cb84321190>,70,1,[1 9],106,118,119,12,118
1,<environment.Job instance at 0x14cb84321910>,71,3,[1 7],107,119,122,12,118
1,<environment.Job instance at 0x14cb843210f0>,73,20,[7 2],109,119,139,10,118
1,<environment.Job instance at 0x14cb84321d20>,67,17,[6 2],102,120,137,18,120
1,<environment.Job instance at 0x14cb81345140>,75,2,[2 6],111,122,124,11,122
1,<environment.Job instance at 0x14cb81345c30>,76,3,[ 2 10],112,124,127,12,123
1,<environment.Job instance at 0x14cb81345f50>,77,13,[2 8],113,127,140,14,124
1,<environment.Job instance at 0x14cb81341870>,79,3,[1 6],117,139,142,22,128
1,<environment.Job instance at 0x14cb81345dc0>,74,1,[1 9],110,140,141,30,128
1,<environment.Job instance at 0x14cb85fa5370>,81,1,[2 5],119,141,142,22,139
1,<environment.Job instance at 0x14cb8a90a460>,83,1,[ 1 13],121,150,151,29,150
1,<environment.Job instance at 0x14cb8a90abe0>,84,12,[ 1 14],122,174,186,52,174
1,<environment.Job instance at 0x14cb888646e0>,52,1,[12  2],75,186,187,111,175
1,<environment.Job instance at 0x14cb37dab0a0>,87,1,[11  1],133,175,176,42,175
1,<environment.Job instance at 0x14cb82bbf500>,98,3,[1 7],145,186,189,41,183
1,<environment.Job instance at 0x14cb836d0e60>,104,15,[7 1],157,187,202,30,183
1,<environment.Job instance at 0x14cb82ceec30>,102,2,[2 7],155,187,189,32,183
1,<environment.Job instance at 0x14cb836d0320>,105,1,[1 8],158,189,190,31,184
1,<environment.Job instance at 0x14cb37bc2140>,107,13,[1 9],160,190,203,30,186
1,<environment.Job instance at 0x14cb37fa2d70>,109,1,[ 2 10],162,203,204,41,194
1,<environment.Job instance at 0x14cb82db2960>,113,1,[9 2],168,203,204,35,203
1,<environment.Job instance at 0x14cb37fa2280>,108,2,[7 2],161,204,206,43,203
1,<environment.Job instance at 0x14cb88864190>,51,2,[13  1],74,225,227,151,225
1,<environment.Job instance at 0x14cb89dff820>,5,2,[1 7],9,10,12,1,10
1,<environment.Job instance at 0x14cb89dff9b0>,6,3,[1 8],10,11,14,1,11
1,<environment.Job instance at 0x14cb7c0c7870>,10,2,[6 1],14,14,16,0,14
1,<environment.Job instance at 0x14cb7c0c77d0>,13,15,[8 2],17,20,35,3,20
1,<environment.Job instance at 0x14cb7c0c7eb0>,14,1,[10  1],18,35,36,17,21
1,<environment.Job instance at 0x14cb83714a50>,22,3,[1 8],28,28,31,0,28
1,<environment.Job instance at 0x14cb837144b0>,23,2,[2 5],30,30,32,0,30
1,<environment.Job instance at 0x14cb837148c0>,24,3,[1 9],31,32,35,1,31
1,<environment.Job instance at 0x14cb83714960>,25,15,[9 1],32,36,51,4,33
1,<environment.Job instance at 0x14cb83714780>,27,13,[8 1],34,51,64,17,35
1,<environment.Job instance at 0x14cb37a0bf50>,31,14,[ 2 10],38,48,62,10,48
1,<environment.Job instance at 0x14cb82bf7230>,45,3,[1 8],59,62,65,3,59
1,<environment.Job instance at 0x14cb82bf7eb0>,46,2,[2 9],60,65,67,5,60
1,<environment.Job instance at 0x14cb82bf7460>,47,2,[8 2],61,64,66,3,61
1,<environment.Job instance at 0x14cb82bf70f0>,48,2,[8 1],62,66,68,4,62
1,<environment.Job instance at 0x14cb83714140>,26,12,[6 1],33,67,79,34,65
1,<environment.Job instance at 0x14cb8373ccd0>,52,12,[ 2 11],68,93,105,25,93
1,<environment.Job instance at 0x14cb37bb2a50>,66,2,[2 6],85,105,107,20,96
1,<environment.Job instance at 0x14cb37bb2780>,70,2,[2 8],91,105,107,14,97
1,<environment.Job instance at 0x14cb37bb2730>,71,17,[11  2],92,107,124,15,97
1,<environment.Job instance at 0x14cb37c90690>,72,15,[1 5],93,111,126,18,111
1,<environment.Job instance at 0x14cb82d2f780>,76,2,[9 1],99,124,126,25,115
1,<environment.Job instance at 0x14cb8373c9b0>,54,16,[5 1],71,124,140,53,116
1,<environment.Job instance at 0x14cb7c10ae60>,83,2,[7 1],108,141,143,33,141
1,<environment.Job instance at 0x14cb37bc4410>,79,1,[6 1],104,176,177,72,176
1,<environment.Job instance at 0x14cb7c10ab40>,86,18,[1 9],111,180,198,69,180
1,<environment.Job instance at 0x14cb7c108be0>,89,1,[8 2],114,185,186,71,185
1,<environment.Job instance at 0x14cb37bd81e0>,80,3,[10  1],105,410,413,305,410
1,<environment.Job instance at 0x14cb37bfbc80>,92,2,[8 2],118,413,415,295,411
1,<environment.Job instance at 0x14cb80ebc5f0>,94,3,[10  1],121,415,418,294,411
1,<environment.Job instance at 0x14cb80ebc820>,95,14,[6 1],123,419,433,296,419
1,<environment.Job instance at 0x14cb80ebc280>,93,13,[6 1],119,425,438,306,425
1,<environment.Job instance at 0x14cb888d1690>,96,2,[10  1],124,438,440,314,425
1,<environment.Job instance at 0x14cb80edd1e0>,98,1,[5 2],128,433,434,305,432
1,<environment.Job instance at 0x14cb80edd230>,99,1,[8 1],129,435,436,306,435
1,<environment.Job instance at 0x14cb3757bfa0>,102,3,[2 7],135,463,466,328,463
1,<environment.Job instance at 0x14cb888d1f50>,97,1,[ 1 10],127,487,488,360,487
1,<environment.Job instance at 0x14cb80edd460>,103,3,[10  2],138,490,493,352,490
1,<environment.Job instance at 0x14cb375500a0>,108,1,[8 1],146,512,513,366,512
1,<environment.Job instance at 0x14cb375509b0>,109,3,[9 1],147,513,516,366,513
1,<environment.Job instance at 0x14cb82d43730>,113,1,[8 2],154,542,543,388,542
1,<environment.Job instance at 0x14cb82d43500>,114,2,[10  1],155,559,561,404,559
1,<environment.Job instance at 0x14cb82d43b90>,116,16,[10  2],157,582,598,425,582
1,<environment.Job instance at 0x14cb7c102870>,117,2,[2 5],158,589,591,431,589
1,<environment.Job instance at 0x14cb7c102af0>,118,1,[1 7],159,591,592,432,591
1,<environment.Job instance at 0x14cb7c102be0>,119,1,[2 9],160,615,616,455,615
1,<environment.Job instance at 0x14cb888e6b40>,105,3,[8 2],141,628,631,487,628
1,<environment.Job instance at 0x14cb7c105960>,120,3,[2 9],162,629,632,467,629
1,<environment.Job instance at 0x14cb82e0b820>,121,1,[9 2],163,631,632,468,630
1,<environment.Job instance at 0x14cb88170190>,122,1,[7 2],165,632,633,467,632
1,<environment.Job instance at 0x14cb7c102a50>,124,3,[10  2],168,638,641,470,638
1,<environment.Job instance at 0x14cb82e04960>,125,1,[10  2],169,641,642,472,640
1,<environment.Job instance at 0x14cb8a938af0>,123,16,[5 2],166,667,683,501,667
1,<environment.Job instance at 0x14cb7c10a460>,82,18,[ 1 14],107,808,826,701,808
1,<environment.Job instance at 0x14cb83714be0>,21,17,[12  1],27,849,866,822,849
1,<environment.Job instance at 0x14cb888e6230>,107,19,[ 2 14],145,937,956,792,937
1,<environment.Job instance at 0x14cb37840a00>,2,1,[9 1],4,5,6,1,5
1,<environment.Job instance at 0x14cb82ce9dc0>,5,3,[10  2],8,8,11,0,8
1,<environment.Job instance at 0x14cb82ce9fa0>,3,13,[ 2 11],5,15,28,10,15
1,<environment.Job instance at 0x14cb82ce95f0>,10,2,[8 1],14,18,20,4,18
1,<environment.Job instance at 0x14cb37bf8910>,12,3,[9 1],18,20,23,2,18
1,<environment.Job instance at 0x14cb37bf8c80>,14,2,[10  2],21,23,25,2,22
1,<environment.Job instance at 0x14cb37bf8140>,13,3,[2 9],20,28,31,8,24
1,<environment.Job instance at 0x14cb37bf8b90>,18,1,[7 2],26,26,27,0,26
1,<environment.Job instance at 0x14cb37bf7280>,20,3,[14  2],28,37,40,9,37
1,<environment.Job instance at 0x14cb82d112d0>,34,3,[1 7],47,51,54,4,51
1,<environment.Job instance at 0x14cb813d78c0>,40,1,[10  1],53,55,56,2,55
1,<environment.Job instance at 0x14cb3775c370>,41,3,[1 7],55,59,62,4,59
1,<environment.Job instance at 0x14cb888fa0a0>,47,1,[8 1],63,64,65,1,64
1,<environment.Job instance at 0x14cb88901cd0>,49,2,[1 9],67,69,71,2,69
1,<environment.Job instance at 0x14cb82ce4190>,51,12,[5 1],69,101,113,32,101
1,<environment.Job instance at 0x14cb82ce4640>,52,16,[1 7],71,150,166,79,150
1,<environment.Job instance at 0x14cb81423a50>,81,2,[6 1],109,152,154,43,152
1,<environment.Job instance at 0x14cb81423370>,83,1,[ 1 10],112,166,167,54,155
1,<environment.Job instance at 0x14cb7c0ffe10>,68,2,[2 5],91,157,159,66,157
1,<environment.Job instance at 0x14cb37542fa0>,75,1,[14  1],101,159,160,58,157
1,<environment.Job instance at 0x14cb7c121fa0>,88,3,[8 1],120,160,163,40,157
1,<environment.Job instance at 0x14cb7c121370>,85,1,[8 2],116,157,158,41,157
1,<environment.Job instance at 0x14cb7c121280>,87,1,[10  1],119,158,159,39,157
1,<environment.Job instance at 0x14cb37bd8320>,93,17,[1 5],126,160,177,34,157
1,<environment.Job instance at 0x14cb7c102eb0>,91,3,[1 7],123,167,170,44,157
1,<environment.Job instance at 0x14cb37bd8410>,95,1,[1 5],128,170,171,42,157
1,<environment.Job instance at 0x14cb87e34960>,98,1,[10  1],131,163,164,32,157
1,<environment.Job instance at 0x14cb81423690>,80,13,[2 5],107,170,183,63,157
1,<environment.Job instance at 0x14cb80e980a0>,99,2,[ 1 10],132,177,179,45,159
1,<environment.Job instance at 0x14cb7c102f50>,94,2,[5 2],127,168,170,41,168
1,<environment.Job instance at 0x14cb87ea8280>,103,2,[7 1],136,168,170,32,168
1,<environment.Job instance at 0x14cb82e025f0>,107,2,[1 9],142,179,181,37,168
1,<environment.Job instance at 0x14cb8815d550>,106,3,[ 1 11],141,183,186,42,168
1,<environment.Job instance at 0x14cb82e029b0>,108,2,[2 5],143,171,173,28,168
1,<environment.Job instance at 0x14cb87ed27d0>,116,16,[8 1],154,182,198,28,182
1,<environment.Job instance at 0x14cb82d92a50>,120,3,[7 1],159,186,189,27,184
1,<environment.Job instance at 0x14cb81365960>,123,1,[1 9],162,189,190,27,186
1,<environment.Job instance at 0x14cb37bd71e0>,128,14,[10  1],169,198,212,29,186
1,<environment.Job instance at 0x14cb81365910>,122,14,[ 2 10],161,215,229,54,215
1,<environment.Job instance at 0x14cb37ccad20>,0,3,[5 1],1,4,7,3,4
1,<environment.Job instance at 0x14cb37ccafa0>,3,3,[8 2],5,5,8,0,5
1,<environment.Job instance at 0x14cb37b82d70>,5,2,[2 7],9,11,13,2,11
1,<environment.Job instance at 0x14cb37b82910>,12,1,[8 2],17,17,18,0,17
1,<environment.Job instance at 0x14cb37b82050>,13,2,[7 1],18,19,21,1,19
1,<environment.Job instance at 0x14cb378a7140>,15,2,[2 8],20,20,22,0,20
1,<environment.Job instance at 0x14cb378a7cd0>,17,3,[8 2],22,23,26,1,23
1,<environment.Job instance at 0x14cb8a237be0>,18,2,[10  1],24,26,28,2,24
1,<environment.Job instance at 0x14cb8a237c30>,21,16,[8 2],31,33,49,2,33
1,<environment.Job instance at 0x14cb8a237dc0>,22,3,[1 5],32,42,45,10,42
1,<environment.Job instance at 0x14cb8a2371e0>,25,1,[7 2],36,45,46,9,42
1,<environment.Job instance at 0x14cb8a237e60>,20,14,[9 2],29,49,63,20,44
1,<environment.Job instance at 0x14cb8a237af0>,30,2,[6 2],42,46,48,4,44
1,<environment.Job instance at 0x14cb8a237f50>,29,1,[ 2 10],41,48,49,7,45
1,<environment.Job instance at 0x14cb83aea410>,31,1,[1 5],44,46,47,2,46
1,<environment.Job instance at 0x14cb8431d9b0>,38,3,[2 7],51,104,107,53,104
1,<environment.Job instance at 0x14cb37fc1d20>,54,12,[1 8],70,107,119,37,107
1,<environment.Job instance at 0x14cb37fc1eb0>,56,3,[9 1],74,107,110,33,107
1,<environment.Job instance at 0x14cb82c6a5f0>,58,2,[1 8],77,119,121,42,116
1,<environment.Job instance at 0x14cb80e75e10>,59,1,[5 1],78,116,117,38,116
1,<environment.Job instance at 0x14cb37fc1f50>,55,28,[ 2 10],71,121,149,50,121
1,<environment.Job instance at 0x14cb7c10ae10>,63,2,[1 5],84,141,143,57,141
1,<environment.Job instance at 0x14cb37a4ecd0>,64,2,[9 2],85,143,145,58,141
1,<environment.Job instance at 0x14cb379d2190>,62,2,[6 2],83,145,147,62,141
1,<environment.Job instance at 0x14cb8431dcd0>,42,2,[ 1 13],55,150,152,95,150
1,<environment.Job instance at 0x14cb88145280>,67,2,[6 2],90,150,152,60,150
1,<environment.Job instance at 0x14cb37b2da00>,72,2,[ 1 11],97,152,154,55,151
1,<environment.Job instance at 0x14cb379d44b0>,75,1,[1 5],100,154,155,54,152
1,<environment.Job instance at 0x14cb82e48230>,76,3,[2 8],101,161,164,60,161
1,<environment.Job instance at 0x14cb37ba8500>,74,16,[ 1 12],99,164,180,65,161
1,<environment.Job instance at 0x14cb37da7c80>,77,12,[7 2],102,167,179,65,167
1,<environment.Job instance at 0x14cb37550780>,80,3,[1 6],109,180,183,71,168
1,<environment.Job instance at 0x14cb37d0bc30>,78,1,[2 5],104,180,181,76,171
1,<environment.Job instance at 0x14cb82dc90f0>,81,3,[2 6],110,181,184,71,175
1,<environment.Job instance at 0x14cb82d86370>,84,12,[9 1],113,179,191,66,179
1,<environment.Job instance at 0x14cb378f4320>,86,3,[1 6],117,183,186,66,180
1,<environment.Job instance at 0x14cb37cc8410>,88,2,[8 1],123,191,193,68,182
1,<environment.Job instance at 0x14cb87eaaaa0>,89,3,[9 2],124,193,196,69,182
1,<environment.Job instance at 0x14cb87f2c870>,87,2,[1 6],119,184,186,65,183
1,<environment.Job instance at 0x14cb378f4140>,91,2,[10  1],127,196,198,69,184
1,<environment.Job instance at 0x14cb89e19c30>,90,1,[2 8],126,186,187,60,185
1,<environment.Job instance at 0x14cb87ecba00>,93,3,[5 1],130,187,190,57,186
1,<environment.Job instance at 0x14cb87ecbeb0>,94,26,[5 2],132,190,216,58,187
1,<environment.Job instance at 0x14cb87ecbfa0>,95,2,[7 2],134,198,200,64,191
1,<environment.Job instance at 0x14cb8367c280>,92,13,[1 8],128,198,211,70,195
1,<environment.Job instance at 0x14cb87ecbc30>,101,14,[9 2],143,233,247,90,233
1,<environment.Job instance at 0x14cb87ecb2d0>,97,14,[10  2],136,247,261,111,233
1,<environment.Job instance at 0x14cb87ecb1e0>,103,1,[5 2],147,235,236,88,235
1,<environment.Job instance at 0x14cb87ecb8c0>,102,3,[1 9],146,235,238,89,235
1,<environment.Job instance at 0x14cb7c1f6c80>,106,14,[10  1],151,261,275,110,253
1,<environment.Job instance at 0x14cb7c1f60f0>,110,1,[2 5],155,262,263,107,262
1,<environment.Job instance at 0x14cb7c1f6af0>,112,1,[10  1],160,300,301,140,300
1,<environment.Job instance at 0x14cb37fc1050>,52,2,[11  1],68,317,319,249,317
1,<environment.Job instance at 0x14cb8431d7d0>,39,18,[ 2 11],52,333,351,281,333
1,<environment.Job instance at 0x14cb7c05c7d0>,11,1,[14  2],16,17,18,1,17
1,<environment.Job instance at 0x14cb7c05c5f0>,9,2,[14  2],14,18,20,4,18
1,<environment.Job instance at 0x14cb37eec820>,15,3,[6 2],20,20,23,0,20
1,<environment.Job instance at 0x14cb8a934f00>,13,13,[6 1],18,21,34,3,21
1,<environment.Job instance at 0x14cb7c05cbe0>,12,2,[6 2],17,35,37,18,35
1,<environment.Job instance at 0x14cb37821870>,24,2,[10  1],35,37,39,2,35
1,<environment.Job instance at 0x14cb37edeaa0>,27,1,[6 1],39,40,41,1,40
1,<environment.Job instance at 0x14cb81314190>,26,1,[6 2],38,42,43,4,42
1,<environment.Job instance at 0x14cb37620d70>,29,1,[5 1],43,43,44,0,43
1,<environment.Job instance at 0x14cb37e836e0>,31,3,[ 2 10],46,46,49,0,46
1,<environment.Job instance at 0x14cb37ebdd20>,34,1,[ 2 10],52,52,53,0,52
1,<environment.Job instance at 0x14cb37bdd8c0>,38,2,[ 1 10],60,61,63,1,61
1,<environment.Job instance at 0x14cb8890a230>,41,1,[1 8],63,64,65,1,64
1,<environment.Job instance at 0x14cb82bf0b90>,42,1,[8 2],65,65,66,0,65
1,<environment.Job instance at 0x14cb82bf0050>,43,2,[10  2],66,66,68,0,66
1,<environment.Job instance at 0x14cb3757b730>,44,2,[14  1],67,68,70,1,67
1,<environment.Job instance at 0x14cb37bdd550>,39,13,[7 2],61,70,83,9,67
1,<environment.Job instance at 0x14cb813cabe0>,46,1,[5 2],71,72,73,1,72
1,<environment.Job instance at 0x14cb89fb0140>,51,12,[5 2],77,77,89,0,77
1,<environment.Job instance at 0x14cb82e49be0>,52,1,[2 9],78,78,79,0,78
1,<environment.Job instance at 0x14cb82e496e0>,53,1,[10  2],79,83,84,4,79
1,<environment.Job instance at 0x14cb3775ccd0>,54,2,[5 2],82,84,86,2,82
1,<environment.Job instance at 0x14cb37800fa0>,56,17,[7 1],85,86,103,1,85
1,<environment.Job instance at 0x14cb379d4dc0>,57,1,[7 2],86,89,90,3,87
1,<environment.Job instance at 0x14cb888d1c30>,58,15,[7 1],87,90,105,3,87
1,<environment.Job instance at 0x14cb37f617d0>,59,13,[5 2],93,103,116,10,93
1,<environment.Job instance at 0x14cb376884b0>,63,3,[6 2],100,105,108,5,100
1,<environment.Job instance at 0x14cb80ea8320>,67,14,[10  2],109,110,124,1,110
1,<environment.Job instance at 0x14cb37c551e0>,70,3,[1 6],112,116,119,4,113
1,<environment.Job instance at 0x14cb837f0500>,62,14,[7 1],99,124,138,25,116
1,<environment.Job instance at 0x14cb377a9cd0>,76,1,[2 8],124,124,125,0,124
1,<environment.Job instance at 0x14cb88870140>,80,2,[6 2],132,135,137,3,135
1,<environment.Job instance at 0x14cb8135c230>,93,18,[8 2],152,198,216,46,198
1,<environment.Job instance at 0x14cb8135c1e0>,89,2,[10  1],147,216,218,69,200
1,<environment.Job instance at 0x14cb8135c0f0>,90,2,[8 1],148,218,220,70,202
1,<environment.Job instance at 0x14cb37f26500>,96,1,[6 1],155,205,206,50,205
1,<environment.Job instance at 0x14cb37f26960>,100,2,[2 5],166,212,214,46,212
1,<environment.Job instance at 0x14cb8135c370>,94,2,[5 1],153,220,222,67,220
1,<environment.Job instance at 0x14cb8977d2d0>,88,13,[ 1 13],146,306,319,160,306
1,<environment.Job instance at 0x14cb8372f6e0>,4,1,[2 5],5,10,11,5,10
1,<environment.Job instance at 0x14cb813cc960>,10,2,[9 1],11,13,15,2,13
1,<environment.Job instance at 0x14cb836f4b90>,19,1,[2 5],28,32,33,4,32
1,<environment.Job instance at 0x14cb37cde870>,26,27,[9 2],38,39,66,1,39
1,<environment.Job instance at 0x14cb88897aa0>,25,3,[9 1],37,66,69,29,40
1,<environment.Job instance at 0x14cb37da84b0>,30,1,[1 5],42,44,45,2,44
1,<environment.Job instance at 0x14cb37ce3af0>,38,3,[1 9],52,59,62,7,59
1,<environment.Job instance at 0x14cb88897500>,24,2,[11  1],34,69,71,35,63
1,<environment.Job instance at 0x14cb37dbeaa0>,42,16,[10  1],56,71,87,15,63
1,<environment.Job instance at 0x14cb37dbeaf0>,40,3,[1 7],54,78,81,24,78
1,<environment.Job instance at 0x14cb37b18f00>,46,2,[ 1 10],61,83,85,22,83
1,<environment.Job instance at 0x14cb37cc7aa0>,49,1,[6 2],64,133,134,69,133
1,<environment.Job instance at 0x14cb82c28910>,56,20,[10  2],74,154,174,80,154
1,<environment.Job instance at 0x14cb7c063730>,54,3,[1 8],72,167,170,95,167
1,<environment.Job instance at 0x14cb7c043190>,59,1,[7 2],78,186,187,108,186
1,<environment.Job instance at 0x14cb82c28eb0>,58,1,[1 5],77,195,196,118,195
1,<environment.Job instance at 0x14cb37ceee60>,63,3,[2 7],85,198,201,113,198
1,<environment.Job instance at 0x14cb37cf3d70>,62,3,[10  2],83,208,211,125,208
1,<environment.Job instance at 0x14cb37d80050>,67,21,[6 2],92,220,241,128,220
1,<environment.Job instance at 0x14cb37daccd0>,64,15,[7 2],86,249,264,163,249
1,<environment.Job instance at 0x14cb37daca00>,65,13,[ 2 10],88,268,281,180,268
1,<environment.Job instance at 0x14cb37d805a0>,69,1,[8 2],95,272,273,177,272
1,<environment.Job instance at 0x14cb37d808c0>,71,1,[1 6],97,281,282,184,277
1,<environment.Job instance at 0x14cb37d80b40>,68,16,[6 1],94,288,304,194,288
1,<environment.Job instance at 0x14cb37d80a00>,72,1,[ 1 10],102,313,314,211,313
1,<environment.Job instance at 0x14cb37d802d0>,75,1,[ 1 10],105,320,321,215,320
1,<environment.Job instance at 0x14cb37d80a50>,78,14,[ 1 10],108,326,340,218,326
1,<environment.Job instance at 0x14cb37d80e10>,79,18,[2 8],109,340,358,231,329
1,<environment.Job instance at 0x14cb8881e820>,15,3,[ 2 12],20,358,361,338,332
1,<environment.Job instance at 0x14cb37d805f0>,80,27,[7 1],111,335,362,224,335
1,<environment.Job instance at 0x14cb37d80eb0>,77,3,[2 9],107,361,364,254,343
1,<environment.Job instance at 0x14cb37d807d0>,82,2,[6 2],113,364,366,251,364
1,<environment.Job instance at 0x14cb83a5ef50>,87,1,[ 1 10],123,457,458,334,457
1,<environment.Job instance at 0x14cb83751960>,103,3,[9 2],153,493,496,340,493
1,<environment.Job instance at 0x14cb83751aa0>,110,18,[1 8],163,500,518,337,500
1,<environment.Job instance at 0x14cb83751370>,111,17,[10  2],165,508,525,343,508
1,<environment.Job instance at 0x14cb837535a0>,45,14,[ 1 12],60,520,534,460,520
1,<environment.Job instance at 0x14cb37968820>,4,1,[2 9],9,9,10,0,9
1,<environment.Job instance at 0x14cb37dba5f0>,2,2,[2 6],5,9,11,4,9
1,<environment.Job instance at 0x14cb379687d0>,6,2,[1 8],11,16,18,5,16
1,<environment.Job instance at 0x14cb37968cd0>,11,2,[13  1],18,20,22,2,20
1,<environment.Job instance at 0x14cb37957050>,13,3,[6 2],20,22,25,2,21
1,<environment.Job instance at 0x14cb37968f50>,12,2,[1 7],19,22,24,3,22
1,<environment.Job instance at 0x14cb3794c140>,27,1,[6 2],40,56,57,16,56
1,<environment.Job instance at 0x14cb3794cb40>,35,2,[1 6],50,94,96,44,94
1,<environment.Job instance at 0x14cb3796cd70>,58,3,[2 8],86,126,129,40,126
1,<environment.Job instance at 0x14cb3796cc30>,56,2,[6 2],81,126,128,45,126
1,<environment.Job instance at 0x14cb3796cfa0>,60,3,[2 6],88,128,131,40,126
1,<environment.Job instance at 0x14cb3794f230>,63,3,[2 8],93,129,132,36,126
1,<environment.Job instance at 0x14cb3794f730>,65,2,[5 1],95,142,144,47,142
1,<environment.Job instance at 0x14cb3794fe10>,73,2,[7 1],104,157,159,53,157
1,<environment.Job instance at 0x14cb379602d0>,77,2,[2 7],113,158,160,45,158
1,<environment.Job instance at 0x14cb3796cf00>,61,2,[5 2],89,158,160,69,158
1,<environment.Job instance at 0x14cb37960a00>,84,1,[8 1],126,159,160,33,158
1,<environment.Job instance at 0x14cb3795e370>,88,12,[8 1],130,168,180,38,168
1,<environment.Job instance at 0x14cb3795e550>,91,3,[7 1],133,168,171,35,168
1,<environment.Job instance at 0x14cb37960730>,80,3,[8 2],118,180,183,62,176
1,<environment.Job instance at 0x14cb3796e320>,97,3,[1 8],144,180,183,36,180
1,<environment.Job instance at 0x14cb3794fb90>,72,15,[5 2],103,187,202,84,187
1,<environment.Job instance at 0x14cb82bc54b0>,94,3,[13  1],137,202,205,65,187
1,<environment.Job instance at 0x14cb3796e870>,98,1,[10  1],145,211,212,66,211
1,<environment.Job instance at 0x14cb3795edc0>,111,1,[9 2],167,239,240,72,239
1,<environment.Job instance at 0x14cb8887cb40>,4,19,[8 1],8,10,29,2,10
1,<environment.Job instance at 0x14cb87eb45a0>,16,14,[2 7],20,43,57,23,43
1,<environment.Job instance at 0x14cb8887c500>,6,1,[1 6],10,68,69,58,68
1,<environment.Job instance at 0x14cb87eb4640>,24,3,[ 2 12],32,105,108,73,105
1,<environment.Job instance at 0x14cb87eb4370>,27,2,[2 8],35,160,162,125,160
1,<environment.Job instance at 0x14cb37afac80>,29,16,[5 1],38,169,185,131,169
1,<environment.Job instance at 0x14cb87eb4460>,30,28,[5 2],39,170,198,131,170
1,<environment.Job instance at 0x14cb37afa190>,31,3,[7 2],41,185,188,144,183
1,<environment.Job instance at 0x14cb37afa640>,36,1,[9 2],49,188,189,139,184
1,<environment.Job instance at 0x14cb37afac30>,33,3,[2 9],44,189,192,145,187
1,<environment.Job instance at 0x14cb37afa4b0>,38,18,[ 2 10],54,226,244,172,226
1,<environment.Job instance at 0x14cb37afa780>,37,17,[2 5],53,228,245,175,228
1,<environment.Job instance at 0x14cb37afa230>,41,1,[2 6],58,244,245,186,232
1,<environment.Job instance at 0x14cb88145780>,42,16,[10  2],60,244,260,184,232
1,<environment.Job instance at 0x14cb881451e0>,43,12,[1 9],61,246,258,185,246
1,<environment.Job instance at 0x14cb87eb4410>,25,12,[11  1],33,260,272,227,249
1,<environment.Job instance at 0x14cb88145f50>,45,12,[1 5],63,258,270,195,252
1,<environment.Job instance at 0x14cb83a1a0f0>,51,3,[2 8],71,258,261,187,256
1,<environment.Job instance at 0x14cb83a1a960>,52,26,[2 6],72,261,287,189,260
1,<environment.Job instance at 0x14cb37da7410>,56,14,[1 5],76,279,293,203,279
1,<environment.Job instance at 0x14cb37da7280>,59,2,[5 1],79,289,291,210,289
1,<environment.Job instance at 0x14cb83a1a820>,53,1,[2 6],73,331,332,258,331
1,<environment.Job instance at 0x14cb83acd050>,68,27,[2 7],90,331,358,241,331
1,<environment.Job instance at 0x14cb83acd1e0>,70,13,[1 6],92,333,346,241,333
1,<environment.Job instance at 0x14cb37b2df50>,71,3,[5 1],93,347,350,254,347
1,<environment.Job instance at 0x14cb83acd190>,69,1,[1 9],91,359,360,268,359
1,<environment.Job instance at 0x14cb37b24960>,75,3,[ 2 13],104,383,386,279,383
1,<environment.Job instance at 0x14cb3795fcd0>,0,14,[13  1],3,386,400,383,386
1,<environment.Job instance at 0x14cb837ca190>,83,1,[5 1],114,400,401,286,386
1,<environment.Job instance at 0x14cb3796cf00>,94,2,[2 8],128,386,388,258,386
1,<environment.Job instance at 0x14cb82baa870>,97,2,[2 9],131,388,390,257,386
1,<environment.Job instance at 0x14cb378b7c30>,100,13,[8 2],134,400,413,266,388
1,<environment.Job instance at 0x14cb37eef190>,107,2,[5 1],144,428,430,284,428
1,<environment.Job instance at 0x14cb82c5db90>,118,2,[7 1],158,471,473,313,471
1,<environment.Job instance at 0x14cb37b2d6e0>,73,2,[1 6],97,471,473,374,471
1,<environment.Job instance at 0x14cb82c5d370>,117,2,[ 1 12],157,473,475,316,471
1,<environment.Job instance at 0x14cb82cb6960>,9,3,[2 6],16,19,22,3,19
1,<environment.Job instance at 0x14cb8135dc30>,12,3,[6 1],19,19,22,0,19
1,<environment.Job instance at 0x14cb88897e10>,23,16,[8 1],35,35,51,0,35
1,<environment.Job instance at 0x14cb82ba7fa0>,34,15,[5 2],52,54,69,2,54
1,<environment.Job instance at 0x14cb8a968a00>,39,1,[1 6],57,63,64,6,63
1,<environment.Job instance at 0x14cb378b7370>,43,1,[10  1],65,156,157,91,156
1,<environment.Job instance at 0x14cb37a3d280>,46,2,[2 6],69,248,250,179,248
1,<environment.Job instance at 0x14cb82c680a0>,52,3,[2 7],80,282,285,202,282
1,<environment.Job instance at 0x14cb82c68870>,53,3,[6 2],82,292,295,210,292
1,<environment.Job instance at 0x14cb82c68230>,55,21,[1 9],85,310,331,225,310
1,<environment.Job instance at 0x14cb82c68410>,57,2,[9 1],88,319,321,231,319
1,<environment.Job instance at 0x14cb8a7f1fa0>,60,2,[7 2],92,323,325,231,323
1,<environment.Job instance at 0x14cb88824b40>,61,2,[13  2],93,325,327,232,323
1,<environment.Job instance at 0x14cb82c685a0>,58,16,[ 1 10],90,331,347,241,324
1,<environment.Job instance at 0x14cb83aeec80>,70,16,[9 1],106,370,386,264,370
1,<environment.Job instance at 0x14cb37daebe0>,63,3,[7 2],96,386,389,290,376
1,<environment.Job instance at 0x14cb7c17d370>,73,2,[9 1],110,389,391,279,384
1,<environment.Job instance at 0x14cb83ae0870>,74,1,[1 6],111,399,400,288,399
1,<environment.Job instance at 0x14cb37a3db40>,42,13,[ 1 14],62,403,416,341,403
1,<environment.Job instance at 0x14cb82ce5d70>,82,1,[ 2 10],121,416,417,295,403
1,<environment.Job instance at 0x14cb887ccaf0>,81,13,[7 1],119,403,416,284,403
1,<environment.Job instance at 0x14cb37737280>,85,3,[7 2],124,416,419,292,409
1,<environment.Job instance at 0x14cb87e04cd0>,94,18,[8 2],133,417,435,284,409
1,<environment.Job instance at 0x14cb83ae0b90>,75,2,[1 5],112,419,421,307,415
1,<environment.Job instance at 0x14cb83714730>,100,15,[14  1],140,435,450,295,421
1,<environment.Job instance at 0x14cb83714500>,102,14,[1 8],143,422,436,279,422
1,<environment.Job instance at 0x14cb87e04050>,95,2,[2 9],134,450,452,316,425
1,<environment.Job instance at 0x14cb83714050>,104,3,[ 1 10],147,436,439,289,435
1,<environment.Job instance at 0x14cb82ca4eb0>,107,12,[5 1],153,450,462,297,436
1,<environment.Job instance at 0x14cb82ca4410>,109,3,[8 1],156,450,453,294,443
1,<environment.Job instance at 0x14cb82ca4640>,113,22,[1 7],162,452,474,290,446
1,<environment.Job instance at 0x14cb82ca4f50>,108,3,[9 2],154,453,456,299,447
1,<environment.Job instance at 0x14cb87e04a50>,93,1,[11  2],132,475,476,343,475
1,<environment.Job instance at 0x14cb82ca42d0>,114,1,[10  2],165,479,480,314,479
1,<environment.Job instance at 0x14cb8131c6e0>,2,1,[5 1],4,5,6,1,5
1,<environment.Job instance at 0x14cb8131c870>,3,1,[2 7],5,5,6,0,5
1,<environment.Job instance at 0x14cb82ca42d0>,5,1,[10  1],7,9,10,2,9
1,<environment.Job instance at 0x14cb8888ebe0>,6,1,[6 2],8,10,11,2,10
1,<environment.Job instance at 0x14cb8888eb40>,7,13,[ 2 10],9,10,23,1,10
1,<environment.Job instance at 0x14cb82d6ea50>,18,13,[6 1],27,27,40,0,27
1,<environment.Job instance at 0x14cb82d6e6e0>,19,19,[7 2],28,31,50,3,31
1,<environment.Job instance at 0x14cb82d6ed70>,22,1,[2 6],31,31,32,0,31
1,<environment.Job instance at 0x14cb82d6ec30>,20,13,[5 2],29,54,67,25,54
1,<environment.Job instance at 0x14cb82d67140>,27,25,[7 2],38,57,82,19,57
1,<environment.Job instance at 0x14cb82d67410>,28,1,[ 2 10],39,59,60,20,59
1,<environment.Job instance at 0x14cb82d672d0>,26,2,[10  1],36,82,84,46,60
1,<environment.Job instance at 0x14cb82d67550>,30,3,[1 6],41,93,96,52,93
1,<environment.Job instance at 0x14cb82d67af0>,39,2,[5 1],51,93,95,42,93
1,<environment.Job instance at 0x14cb82d675f0>,31,18,[ 1 12],42,274,292,232,274
1,<environment.Job instance at 0x14cb82d90190>,48,3,[2 5],66,292,295,226,274
1,<environment.Job instance at 0x14cb82d90140>,49,1,[1 6],67,292,293,225,276
1,<environment.Job instance at 0x14cb82d900f0>,51,2,[1 7],69,293,295,224,277
1,<environment.Job instance at 0x14cb82d90a50>,53,2,[7 1],71,277,279,206,277
1,<environment.Job instance at 0x14cb82d90690>,54,1,[ 2 12],72,295,296,223,277
1,<environment.Job instance at 0x14cb82d904b0>,55,2,[ 1 10],73,296,298,223,277
1,<environment.Job instance at 0x14cb82d905f0>,56,13,[6 1],74,277,290,203,277
1,<environment.Job instance at 0x14cb82d90d20>,57,2,[1 5],75,296,298,221,278
1,<environment.Job instance at 0x14cb82d901e0>,58,2,[6 1],76,279,281,203,279
1,<environment.Job instance at 0x14cb82d90780>,59,3,[2 8],77,298,301,221,279
1,<environment.Job instance at 0x14cb82d900a0>,60,3,[1 7],78,298,301,220,280
1,<environment.Job instance at 0x14cb82d907d0>,61,3,[1 8],80,301,304,221,280
1,<environment.Job instance at 0x14cb82d90cd0>,62,3,[7 1],82,281,284,199,280
1,<environment.Job instance at 0x14cb82d67b90>,40,14,[2 9],52,304,318,252,302
1,<environment.Job instance at 0x14cb8887b7d0>,69,21,[5 2],94,308,329,214,308
1,<environment.Job instance at 0x14cb8887b230>,71,14,[2 5],96,318,332,222,310
1,<environment.Job instance at 0x14cb37998410>,74,2,[2 9],99,329,331,230,312
1,<environment.Job instance at 0x14cb8887b050>,78,2,[7 2],106,313,315,207,313
1,<environment.Job instance at 0x14cb37cc7f50>,79,3,[10  2],107,331,334,224,314
1,<environment.Job instance at 0x14cb37cc73c0>,80,2,[6 2],110,315,317,205,315
1,<environment.Job instance at 0x14cb37b539b0>,81,3,[10  2],111,334,337,223,326
1,<environment.Job instance at 0x14cb37cc4230>,87,1,[1 7],119,331,332,212,330
1,<environment.Job instance at 0x14cb82d6e960>,17,1,[ 1 11],26,332,333,306,330
1,<environment.Job instance at 0x14cb82d4dbe0>,85,2,[6 2],117,337,339,220,330
1,<environment.Job instance at 0x14cb82d272d0>,83,3,[7 1],114,337,340,223,330
1,<environment.Job instance at 0x14cb37645820>,93,27,[6 1],129,381,408,252,381
1,<environment.Job instance at 0x14cb3764d410>,102,2,[12  2],144,408,410,264,401
1,<environment.Job instance at 0x14cb3764d050>,98,12,[9 1],137,410,422,273,402
1,<environment.Job instance at 0x14cb3764d230>,104,15,[2 6],146,447,462,301,447
1,<environment.Job instance at 0x14cb3764d3c0>,111,1,[10  2],156,458,459,302,458
1,<environment.Job instance at 0x14cb3764d500>,109,16,[10  1],154,464,480,310,464
1,<environment.Job instance at 0x14cb3764d320>,113,25,[1 7],159,472,497,313,472
1,<environment.Job instance at 0x14cb3764d8c0>,112,1,[12  1],158,483,484,325,483
1,<environment.Job instance at 0x14cb3764d5a0>,116,1,[ 1 11],164,497,498,333,484
1,<environment.Job instance at 0x14cb37cc44b0>,86,2,[7 1],118,492,494,374,492
1,<environment.Job instance at 0x14cb3764dc30>,97,15,[ 2 13],136,710,725,574,710
1,<environment.Job instance at 0x14cb8885ea50>,4,3,[1 8],7,8,11,1,8
1,<environment.Job instance at 0x14cb8887deb0>,12,20,[6 1],15,27,47,12,27
1,<environment.Job instance at 0x14cb8885e460>,8,3,[6 1],11,29,32,18,29
1,<environment.Job instance at 0x14cb82d27aa0>,19,1,[6 1],24,32,33,8,29
1,<environment.Job instance at 0x14cb82d27730>,21,3,[2 8],28,29,32,1,29
1,<environment.Job instance at 0x14cb82d276e0>,22,1,[5 1],29,33,34,4,29
1,<environment.Job instance at 0x14cb82c8c2d0>,24,3,[13  1],32,47,50,15,39
1,<environment.Job instance at 0x14cb82c8caf0>,26,1,[8 2],35,43,44,8,43
1,<environment.Job instance at 0x14cb82c8c230>,25,3,[ 2 10],33,44,47,11,44
1,<environment.Job instance at 0x14cb37678230>,29,3,[9 1],39,50,53,11,44
1,<environment.Job instance at 0x14cb8887d8c0>,15,3,[2 8],19,47,50,28,44
1,<environment.Job instance at 0x14cb37678050>,31,3,[1 9],41,50,53,9,44
1,<environment.Job instance at 0x14cb37678690>,30,2,[5 1],40,44,46,4,44
1,<environment.Job instance at 0x14cb37fe6b90>,34,2,[8 1],47,53,55,6,49
1,<environment.Job instance at 0x14cb376781e0>,32,1,[5 1],42,51,52,9,51
1,<environment.Job instance at 0x14cb37fe6f00>,33,15,[1 8],44,53,68,9,52
1,<environment.Job instance at 0x14cb37fcea00>,41,1,[5 2],60,60,61,0,60
1,<environment.Job instance at 0x14cb37cd27d0>,44,13,[9 2],65,68,81,3,68
1,<environment.Job instance at 0x14cb37cd2820>,45,3,[8 2],67,81,84,14,68
1,<environment.Job instance at 0x14cb37cd2320>,52,3,[13  1],77,146,149,69,146
1,<environment.Job instance at 0x14cb37cd2e10>,46,1,[1 9],68,154,155,86,154
1,<environment.Job instance at 0x14cb37645190>,64,1,[ 2 10],92,176,177,84,176
1,<environment.Job instance at 0x14cb37cc7410>,75,1,[1 6],109,180,181,71,180
1,<environment.Job instance at 0x14cb37cc75a0>,77,2,[2 7],112,180,182,68,180
1,<environment.Job instance at 0x14cb37cc7b40>,78,14,[10  1],113,181,195,68,181
1,<environment.Job instance at 0x14cb37cc7d20>,80,2,[1 6],116,187,189,71,187
1,<environment.Job instance at 0x14cb37cc79b0>,81,12,[ 1 10],118,376,388,258,376
1,<environment.Job instance at 0x14cb37cc7050>,86,25,[ 2 14],123,559,584,436,559
1,<environment.Job instance at 0x14cb37cc7910>,88,3,[8 2],127,584,587,457,578
1,<environment.Job instance at 0x14cb37cc75f0>,89,3,[2 5],128,588,591,460,588
1,<environment.Job instance at 0x14cb837bf690>,90,3,[9 1],130,591,594,461,591
1,<environment.Job instance at 0x14cb37a13730>,92,1,[8 1],132,594,595,462,591
1,<environment.Job instance at 0x14cb37a03190>,93,23,[7 1],133,594,617,461,592
1,<environment.Job instance at 0x14cb37a13870>,94,22,[5 2],134,595,617,461,592
1,<environment.Job instance at 0x14cb37a030f0>,95,22,[7 2],136,617,639,481,614
1,<environment.Job instance at 0x14cb37cc77d0>,83,17,[2 8],120,619,636,499,619
1,<environment.Job instance at 0x14cb37a0e230>,97,3,[ 2 10],138,636,639,498,628
1,<environment.Job instance at 0x14cb87e20550>,99,2,[ 2 10],142,639,641,497,637
1,<environment.Job instance at 0x14cb37a71dc0>,100,2,[8 1],143,659,661,516,659
1,<environment.Job instance at 0x14cb37a287d0>,103,1,[9 2],146,670,671,524,670
1,<environment.Job instance at 0x14cb83701e10>,105,3,[7 2],150,728,731,578,728
1,<environment.Job instance at 0x14cb37a0e550>,98,1,[2 7],139,742,743,603,742
1,<environment.Job instance at 0x14cb376efaa0>,108,1,[10  1],157,744,745,587,744
1,<environment.Job instance at 0x14cb37649fa0>,109,24,[5 2],158,754,778,596,754
1,<environment.Job instance at 0x14cb37989640>,107,3,[ 1 12],155,755,758,600,755
1,<environment.Job instance at 0x14cb37845640>,111,3,[1 8],162,758,761,596,755
1,<environment.Job instance at 0x14cb8a933870>,113,15,[6 2],167,812,827,645,812
1,<environment.Job instance at 0x14cb37ce13c0>,114,18,[8 1],168,820,838,652,820
1,<environment.Job instance at 0x14cb3793acd0>,110,24,[2 7],161,832,856,671,832
1,<environment.Job instance at 0x14cb376459b0>,55,3,[11  1],82,879,882,797,879
1,<environment.Job instance at 0x14cb37cc7690>,85,17,[ 2 11],122,1117,1134,995,1117
1,<environment.Job instance at 0x14cb82c89370>,2,1,[10  2],3,6,7,3,6
1,<environment.Job instance at 0x14cb83aa1c30>,7,2,[8 1],11,13,15,2,13
1,<environment.Job instance at 0x14cb37a71280>,10,1,[5 1],15,15,16,0,15
1,<environment.Job instance at 0x14cb83a885f0>,14,3,[5 2],22,25,28,3,25
1,<environment.Job instance at 0x14cb82ca40a0>,18,2,[1 7],27,28,30,1,28
1,<environment.Job instance at 0x14cb3765f550>,20,3,[6 1],29,35,38,6,35
1,<environment.Job instance at 0x14cb84321e60>,23,1,[8 2],35,37,38,2,37
1,<environment.Job instance at 0x14cb89e6a410>,16,1,[2 8],25,38,39,13,37
1,<environment.Job instance at 0x14cb37552d20>,21,2,[13  2],32,41,43,9,41
1,<environment.Job instance at 0x14cb887a78c0>,27,3,[10  2],44,44,47,0,44
1,<environment.Job instance at 0x14cb887a7730>,31,1,[2 6],48,48,49,0,48
1,<environment.Job instance at 0x14cb887a7370>,29,2,[8 2],46,49,51,3,49
1,<environment.Job instance at 0x14cb37a17be0>,33,1,[1 7],50,50,51,0,50
1,<environment.Job instance at 0x14cb83aa1b90>,6,3,[14  2],8,62,65,54,62
1,<environment.Job instance at 0x14cb37a17c30>,34,1,[1 7],53,62,63,9,62
1,<environment.Job instance at 0x14cb37737280>,38,3,[8 1],57,65,68,8,65
1,<environment.Job instance at 0x14cb887acb40>,50,3,[1 7],79,80,83,1,80
1,<environment.Job instance at 0x14cb37bc9370>,53,15,[7 1],84,85,100,1,85
1,<environment.Job instance at 0x14cb37924960>,56,1,[10  2],88,100,101,12,88
1,<environment.Job instance at 0x14cb37f69cd0>,62,1,[7 2],103,104,105,1,104
1,<environment.Job instance at 0x14cb37f69fa0>,65,3,[8 1],106,107,110,1,107
1,<environment.Job instance at 0x14cb82db3aa0>,70,18,[5 1],118,118,136,0,118
1,<environment.Job instance at 0x14cb82db3690>,72,2,[10  2],121,121,123,0,121
1,<environment.Job instance at 0x14cb82db3190>,75,3,[1 9],125,130,133,5,130
1,<environment.Job instance at 0x14cb82db3960>,73,2,[1 6],122,133,135,11,133
1,<environment.Job instance at 0x14cb82db33c0>,76,3,[8 2],126,135,138,9,135
1,<environment.Job instance at 0x14cb82db3280>,79,3,[6 2],129,140,143,11,140
1,<environment.Job instance at 0x14cb82db3e60>,81,13,[6 1],131,141,154,10,141
1,<environment.Job instance at 0x14cb82db3c30>,77,13,[8 2],127,143,156,16,141
1,<environment.Job instance at 0x14cb82db3dc0>,82,2,[ 2 10],133,154,156,21,143
1,<environment.Job instance at 0x14cb37998870>,84,3,[2 8],136,156,159,20,144
1,<environment.Job instance at 0x14cb379987d0>,86,2,[6 2],139,156,158,17,145
1,<environment.Job instance at 0x14cb379980f0>,88,3,[7 1],141,156,159,15,145
1,<environment.Job instance at 0x14cb37e70370>,89,3,[1 7],143,145,148,2,145
1,<environment.Job instance at 0x14cb37e70af0>,90,15,[10  2],144,159,174,15,145
1,<environment.Job instance at 0x14cb37b12f00>,91,2,[5 1],146,154,156,8,146
1,<environment.Job instance at 0x14cb37998be0>,87,1,[2 6],140,158,159,18,147
1,<environment.Job instance at 0x14cb37b12640>,92,1,[8 1],147,174,175,27,147
1,<environment.Job instance at 0x14cb37b12550>,93,3,[2 9],148,159,162,11,150
1,<environment.Job instance at 0x14cb82db31e0>,83,21,[2 7],135,217,238,82,217
1,<environment.Job instance at 0x14cb37645690>,99,15,[9 1],155,292,307,137,292
1,<environment.Job instance at 0x14cb37c93e60>,108,2,[2 8],167,293,295,126,293
1,<environment.Job instance at 0x14cb82db39b0>,68,3,[14  1],112,307,310,195,298
1,<environment.Job instance at 0x14cb37645820>,98,21,[10  2],154,311,332,157,311
1,<environment.Job instance at 0x14d70eb861e0>,6,18,[8 1],7,8,26,1,8
1,<environment.Job instance at 0x14d70ebe0fa0>,3,1,[6 2],4,8,9,4,8
1,<environment.Job instance at 0x14d7055974b0>,18,2,[10  1],25,26,28,1,26
1,<environment.Job instance at 0x14d70558faf0>,22,1,[2 7],30,30,31,0,30
1,<environment.Job instance at 0x14d70558f500>,23,2,[8 1],31,33,35,2,33
1,<environment.Job instance at 0x14d705125460>,24,12,[ 1 10],32,35,47,3,35
1,<environment.Job instance at 0x14d70511f1e0>,34,15,[11  1],44,50,65,6,50
1,<environment.Job instance at 0x14d7051243c0>,27,2,[2 7],36,50,52,14,50
1,<environment.Job instance at 0x14d705121eb0>,38,1,[8 1],51,65,66,14,53
1,<environment.Job instance at 0x14d705121cd0>,39,3,[1 5],52,57,60,5,57
1,<environment.Job instance at 0x14d705120aa0>,43,3,[7 2],57,65,68,8,58
1,<environment.Job instance at 0x14d70513ddc0>,45,3,[2 8],60,60,63,0,60
1,<environment.Job instance at 0x14d705120500>,46,2,[2 8],61,63,65,2,61
1,<environment.Job instance at 0x14d705135230>,47,1,[1 6],63,64,65,1,64
1,<environment.Job instance at 0x14d7056242d0>,48,1,[2 9],65,66,67,1,66
1,<environment.Job instance at 0x14d70513a2d0>,50,12,[9 1],68,68,80,0,68
1,<environment.Job instance at 0x14d70513a8c0>,51,2,[8 2],69,80,82,11,69
1,<environment.Job instance at 0x14d70513a640>,52,2,[1 7],72,72,74,0,72
1,<environment.Job instance at 0x14d705123be0>,53,3,[6 1],73,74,77,1,74
1,<environment.Job instance at 0x14d70514f960>,54,2,[2 5],75,77,79,2,75
1,<environment.Job instance at 0x14d70514f870>,55,16,[2 5],76,86,102,10,86
1,<environment.Job instance at 0x14d70512d4b0>,58,15,[2 9],82,89,104,7,89
1,<environment.Job instance at 0x14d7051591e0>,59,1,[1 9],85,104,105,19,89
1,<environment.Job instance at 0x14d705159f50>,60,17,[8 1],86,89,106,3,89
1,<environment.Job instance at 0x14d7051208c0>,42,1,[10  1],56,106,107,50,89
1,<environment.Job instance at 0x14d7055a9fa0>,61,3,[1 5],87,102,105,15,89
1,<environment.Job instance at 0x14d705605280>,63,3,[10  1],89,107,110,18,92
1,<environment.Job instance at 0x14d705605960>,64,12,[9 1],91,110,122,19,93
1,<environment.Job instance at 0x14d7055fa9b0>,65,3,[2 9],92,105,108,13,96
1,<environment.Job instance at 0x14d7055fa0a0>,66,3,[1 9],93,108,111,15,99
1,<environment.Job instance at 0x14d7055a9d70>,62,3,[9 2],88,122,125,34,100
1,<environment.Job instance at 0x14d7055fabe0>,67,1,[13  1],94,125,126,31,102
1,<environment.Job instance at 0x14d7055fa5a0>,69,1,[2 5],96,105,106,9,102
1,<environment.Job instance at 0x14d7055fa820>,71,3,[2 9],99,111,114,12,103
1,<environment.Job instance at 0x14d7055fac30>,68,3,[1 9],95,114,117,19,108
1,<environment.Job instance at 0x14d70511c190>,73,2,[6 2],103,117,119,14,108
1,<environment.Job instance at 0x14d70511cf00>,72,13,[7 2],102,126,139,24,110
1,<environment.Job instance at 0x14d705644a00>,75,1,[1 6],107,119,120,12,111
1,<environment.Job instance at 0x14d70558dbe0>,74,3,[6 2],106,120,123,14,112
1,<environment.Job instance at 0x14d7056426e0>,78,3,[2 9],110,123,126,13,112
1,<environment.Job instance at 0x14d7058bef50>,80,14,[7 1],112,126,140,14,112
1,<environment.Job instance at 0x14d705642c30>,79,3,[7 2],111,139,142,28,118
1,<environment.Job instance at 0x14d7058bfb90>,81,3,[ 2 10],114,140,143,26,122
1,<environment.Job instance at 0x14d7058e0550>,84,2,[ 1 10],118,126,128,8,122
1,<environment.Job instance at 0x14d7058e0320>,85,1,[7 2],120,142,143,22,123
1,<environment.Job instance at 0x14d7058e06e0>,86,2,[1 8],121,128,130,7,123
1,<environment.Job instance at 0x14d7058e0c80>,87,2,[2 6],122,143,145,21,126
1,<environment.Job instance at 0x14d7058e0280>,83,1,[10  1],117,143,144,26,128
1,<environment.Job instance at 0x14d7058e0230>,88,1,[1 5],123,130,131,7,130
1,<environment.Job instance at 0x14d7058ddfa0>,92,15,[7 1],129,144,159,15,130
1,<environment.Job instance at 0x14d7058dd2d0>,93,2,[14  1],130,159,161,29,135
1,<environment.Job instance at 0x14d7058c16e0>,95,3,[2 8],132,143,146,11,135
1,<environment.Job instance at 0x14d7058c1c30>,96,12,[9 2],134,161,173,27,145
1,<environment.Job instance at 0x14d7058e2370>,98,13,[ 1 10],136,155,168,19,155
1,<environment.Job instance at 0x14d7058e0fa0>,89,2,[1 9],126,168,170,42,163
1,<environment.Job instance at 0x14d7058e20f0>,102,1,[2 8],141,174,175,33,174
1,<environment.Job instance at 0x14d7058e2230>,104,1,[ 2 14],143,175,176,32,174
1,<environment.Job instance at 0x14d7058e27d0>,105,1,[8 2],144,174,175,30,174
1,<environment.Job instance at 0x14d7058e2eb0>,106,15,[5 1],145,175,190,30,175
1,<environment.Job instance at 0x14d7058e3460>,108,2,[ 1 10],150,191,193,41,191
1,<environment.Job instance at 0x14d7058e34b0>,109,3,[11  2],151,191,194,40,191
1,<environment.Job instance at 0x14d7058e25f0>,101,13,[2 9],140,193,206,53,191
1,<environment.Job instance at 0x14d7058e3190>,110,3,[ 2 10],152,206,209,54,191
1,<environment.Job instance at 0x14d705120be0>,41,25,[12  2],54,194,219,140,191
1,<environment.Job instance at 0x14d7058e3690>,111,3,[2 5],153,209,212,56,196
1,<environment.Job instance at 0x14d7058d77d0>,119,3,[12  1],164,219,222,55,207
1,<environment.Job instance at 0x14d7058d7dc0>,122,3,[7 2],168,222,225,54,207
1,<environment.Job instance at 0x14d7058d7550>,116,1,[1 6],159,209,210,50,207
1,<environment.Job instance at 0x14d7058dc280>,124,3,[1 7],171,210,213,39,207
1,<environment.Job instance at 0x14d7058dc0f0>,123,2,[1 8],169,213,215,44,207
1,<environment.Job instance at 0x14d706ea35a0>,127,3,[1 9],174,216,219,42,216
1,<environment.Job instance at 0x14d706f62fa0>,128,2,[7 2],175,222,224,47,216
1,<environment.Job instance at 0x14d706fd6c80>,129,12,[6 1],176,224,236,48,217
1,<environment.Job instance at 0x14d706fc9b90>,130,28,[2 8],179,232,260,53,232
1,<environment.Job instance at 0x14d7055943c0>,20,2,[ 1 13],27,260,262,233,241
1,<environment.Job instance at 0x14d7058dcbe0>,125,13,[ 1 14],172,262,275,90,250
1,<environment.Job instance at 0x14d7055b82d0>,15,1,[1 7],23,41,42,18,41
1,<environment.Job instance at 0x14d7055b8280>,24,3,[6 1],34,41,44,7,41
1,<environment.Job instance at 0x14d7055b8910>,25,2,[10  1],35,44,46,9,41
1,<environment.Job instance at 0x14d7055b84b0>,26,3,[ 2 10],37,65,68,28,65
1,<environment.Job instance at 0x14d705640a00>,40,2,[1 5],59,74,76,15,74
1,<environment.Job instance at 0x14d7055dd190>,41,3,[1 5],60,75,78,15,75
1,<environment.Job instance at 0x14d7055b8d20>,16,1,[2 9],24,76,77,52,76
1,<environment.Job instance at 0x14d7055dd730>,43,3,[2 8],65,82,85,17,82
1,<environment.Job instance at 0x14d7055bcb40>,48,18,[10  1],76,82,100,6,82
1,<environment.Job instance at 0x14d7055bc730>,49,2,[7 2],77,100,102,23,84
1,<environment.Job instance at 0x14d7056440a0>,53,1,[7 2],83,100,101,17,85
1,<environment.Job instance at 0x14d705644820>,56,14,[6 1],87,101,115,14,87
1,<environment.Job instance at 0x14d7055dde60>,45,2,[1 6],67,90,92,23,90
1,<environment.Job instance at 0x14d705644af0>,58,16,[1 7],89,100,116,11,100
1,<environment.Job instance at 0x14d705644640>,60,2,[6 2],92,122,124,30,122
1,<environment.Job instance at 0x14d70562b7d0>,59,13,[ 1 11],91,122,135,31,122
1,<environment.Job instance at 0x14d70562be60>,61,1,[1 5],93,135,136,42,123
1,<environment.Job instance at 0x14d70562b460>,62,16,[1 7],94,135,151,41,124
1,<environment.Job instance at 0x14d70562b550>,64,3,[ 1 13],96,151,154,55,126
1,<environment.Job instance at 0x14d70562bc80>,65,3,[1 5],99,195,198,96,195
1,<environment.Job instance at 0x14d70562baf0>,82,3,[2 7],120,200,203,80,200
1,<environment.Job instance at 0x14d7058e3550>,83,17,[7 1],122,207,224,85,207
1,<environment.Job instance at 0x14d70562b320>,66,21,[ 2 13],100,223,244,123,223
1,<environment.Job instance at 0x14d7058e5370>,88,3,[ 2 10],131,244,247,113,224
1,<environment.Job instance at 0x14d7058e5780>,89,14,[8 2],132,225,239,93,225
1,<environment.Job instance at 0x14d7058e5fa0>,91,1,[ 2 10],135,247,248,112,228
1,<environment.Job instance at 0x14d7058e59b0>,93,2,[ 1 10],137,248,250,111,228
1,<environment.Job instance at 0x14d7058e5730>,92,14,[8 1],136,239,253,103,228
1,<environment.Job instance at 0x14d7058e5460>,94,3,[7 2],138,250,253,112,230
1,<environment.Job instance at 0x14d7058e5820>,95,21,[7 2],140,253,274,113,245
1,<environment.Job instance at 0x14d7058e58c0>,96,13,[5 2],141,253,266,112,246
1,<environment.Job instance at 0x14d705644410>,55,2,[ 2 12],86,266,268,180,248
1,<environment.Job instance at 0x14d705120cd0>,107,2,[9 2],162,274,276,112,249
1,<environment.Job instance at 0x14d70798f460>,108,3,[5 2],163,268,271,105,249
1,<environment.Job instance at 0x14d705624280>,99,3,[5 1],144,271,274,127,258
1,<environment.Job instance at 0x14d707931870>,101,12,[7 1],151,276,288,125,260
1,<environment.Job instance at 0x14d6dfb438c0>,5,2,[1 6],12,13,15,1,13
1,<environment.Job instance at 0x14d6dfb43a50>,7,3,[1 8],14,53,56,39,53
1,<environment.Job instance at 0x14d6dfb43eb0>,14,16,[9 1],23,66,82,43,66
1,<environment.Job instance at 0x14d707a241e0>,19,3,[10  2],30,82,85,52,73
1,<environment.Job instance at 0x14d707a243c0>,21,3,[9 1],34,86,89,52,86
1,<environment.Job instance at 0x14d707a24460>,22,18,[6 2],36,90,108,54,90
1,<environment.Job instance at 0x14d707a245f0>,23,16,[1 5],38,114,130,76,114
1,<environment.Job instance at 0x14d707a24910>,28,2,[10  2],45,164,166,119,164
1,<environment.Job instance at 0x14d707a24320>,27,1,[2 7],44,190,191,146,190
1,<environment.Job instance at 0x14d6dfb46280>,42,2,[2 5],66,193,195,127,193
1,<environment.Job instance at 0x14d6dfb46a00>,46,3,[8 1],73,196,199,123,196
1,<environment.Job instance at 0x14d6dfb46730>,43,16,[2 9],67,198,214,131,198
1,<environment.Job instance at 0x14d6dfb46af0>,47,1,[10  1],74,208,209,134,208
1,<environment.Job instance at 0x14d6dfb46c30>,48,27,[1 7],75,415,442,340,415
1,<environment.Job instance at 0x14d6dfb48870>,64,14,[9 1],100,549,563,449,549
1,<environment.Job instance at 0x14d6dfb46dc0>,52,1,[2 6],83,566,567,483,566
1,<environment.Job instance at 0x14d6dfb4a0a0>,75,2,[6 1],114,569,571,455,569
1,<environment.Job instance at 0x14d6dfb4a370>,76,3,[10  1],116,571,574,455,571
1,<environment.Job instance at 0x14d6dfb48fa0>,73,1,[8 2],111,575,576,464,575
1,<environment.Job instance at 0x14d6dfb4a280>,77,3,[10  2],117,576,579,459,576
1,<environment.Job instance at 0x14d6dfb4a3c0>,81,18,[8 2],123,580,598,457,580
1,<environment.Job instance at 0x14d6dfb4a5a0>,82,3,[1 6],124,591,594,467,591
1,<environment.Job instance at 0x14d6dfb4a780>,86,15,[7 2],128,628,643,500,628
1,<environment.Job instance at 0x14d6dfb4a8c0>,88,3,[6 1],130,650,653,520,650
1,<environment.Job instance at 0x14d6dfb4a4b0>,78,3,[ 2 11],120,657,660,537,657
1,<environment.Job instance at 0x14d6dfb4ac80>,92,3,[5 2],136,682,685,546,682
1,<environment.Job instance at 0x14d6dfb4aaa0>,91,2,[2 8],133,683,685,550,683
1,<environment.Job instance at 0x14d6dfb4ad20>,94,2,[2 8],139,685,687,546,683
1,<environment.Job instance at 0x14d6dfb4acd0>,93,1,[6 2],138,685,686,547,685
1,<environment.Job instance at 0x14d6dfb4ae60>,95,1,[6 2],141,687,688,546,687
1,<environment.Job instance at 0x14d6dfb4e1e0>,99,2,[2 7],146,689,691,543,689
1,<environment.Job instance at 0x14d6dfb4e0a0>,100,1,[5 2],147,691,692,544,691
1,<environment.Job instance at 0x14d6dfb4e140>,101,1,[2 5],148,694,695,546,694
1,<environment.Job instance at 0x14d6dfb4e320>,102,2,[ 1 10],150,694,696,544,694
1,<environment.Job instance at 0x14d6dfb4e550>,103,3,[2 5],151,699,702,548,699
1,<environment.Job instance at 0x14d6dfb4e5a0>,104,12,[6 1],152,701,713,549,701
1,<environment.Job instance at 0x14d6dfb4e460>,105,2,[5 2],153,710,712,557,710
1,<environment.Job instance at 0x14d6dfb4e780>,106,1,[7 1],156,712,713,556,710
1,<environment.Job instance at 0x14d6dfb4aeb0>,97,27,[ 2 10],143,711,738,568,711
1,<environment.Job instance at 0x14d6dfb4e870>,107,2,[7 1],157,729,731,572,729
1,<environment.Job instance at 0x14d6dfb4e820>,108,1,[7 2],158,753,754,595,753
1,<environment.Job instance at 0x14d6dfb4e7d0>,110,2,[5 2],160,756,758,596,756
1,<environment.Job instance at 0x14d6dfb4ed70>,113,19,[2 9],166,798,817,632,798
1,<environment.Job instance at 0x14d705683b90>,114,13,[12  2],167,812,825,645,812
1,<environment.Job instance at 0x14d70565f6e0>,115,17,[9 2],168,825,842,657,815
1,<environment.Job instance at 0x14d6dfb9e6e0>,116,1,[6 2],169,825,826,656,817
1,<environment.Job instance at 0x14d6dfb4eaa0>,111,15,[1 8],162,826,841,664,821
1,<environment.Job instance at 0x14d6dfbbb370>,118,1,[1 7],171,824,825,653,824
1,<environment.Job instance at 0x14d6dfbbb550>,120,2,[1 5],173,830,832,657,830
1,<environment.Job instance at 0x14d6dfbbb870>,121,1,[1 9],175,841,842,666,835
1,<environment.Job instance at 0x14d6dfbbb500>,124,1,[2 6],178,864,865,686,864
1,<environment.Job instance at 0x14d705643690>,2,15,[ 1 11],7,924,939,917,924
1,<environment.Job instance at 0x14d6dfb48e10>,74,14,[14  1],112,982,996,870,982
1,<environment.Job instance at 0x14d6f4223a50>,7,1,[1 8],9,10,11,1,10
1,<environment.Job instance at 0x14d6f43cd190>,10,3,[9 2],12,13,16,1,13
1,<environment.Job instance at 0x14d6f42379b0>,14,2,[1 6],17,24,26,7,24
1,<environment.Job instance at 0x14d70402f9b0>,21,14,[2 8],25,86,100,61,86
1,<environment.Job instance at 0x14d7040342d0>,28,3,[7 1],36,247,250,211,247
1,<environment.Job instance at 0x14d7070cfa00>,47,3,[2 6],66,270,273,204,270
1,<environment.Job instance at 0x14d6f42dc5f0>,52,1,[10  2],75,283,284,208,283
1,<environment.Job instance at 0x14d7055fa140>,58,2,[1 6],87,301,303,214,301
1,<environment.Job instance at 0x14d7055fab40>,59,3,[1 9],88,321,324,233,321
1,<environment.Job instance at 0x14d704088d20>,66,2,[6 2],101,451,453,350,451
1,<environment.Job instance at 0x14d6f430a8c0>,74,2,[ 1 10],110,464,466,354,464
1,<environment.Job instance at 0x14d6f4314140>,82,13,[10  1],125,466,479,341,466
1,<environment.Job instance at 0x14d6f4314460>,85,3,[2 8],129,483,486,354,483
1,<environment.Job instance at 0x14d704034690>,25,25,[12  1],29,507,532,478,507
1,<environment.Job instance at 0x14d6f42bb280>,90,1,[8 1],139,532,533,393,507
1,<environment.Job instance at 0x14d6f4314870>,87,2,[8 2],135,533,535,398,507
1,<environment.Job instance at 0x14d6f42bbbe0>,96,3,[9 2],148,535,538,387,518
1,<environment.Job instance at 0x14d6f42bb2d0>,94,12,[7 1],146,538,550,392,526
1,<environment.Job instance at 0x14d6f42bb370>,97,2,[7 1],151,532,534,381,526
1,<environment.Job instance at 0x14d6f42bb5a0>,100,1,[8 1],155,538,539,383,532
1,<environment.Job instance at 0x14d6f42bb500>,102,13,[8 2],157,539,552,382,535
1,<environment.Job instance at 0x14d6f42bbb40>,104,15,[6 1],159,550,565,391,541
1,<environment.Job instance at 0x14d6f42bbf50>,105,3,[6 2],160,552,555,392,549
1,<environment.Job instance at 0x14d6f42b1730>,106,1,[6 2],161,558,559,397,558
1,<environment.Job instance at 0x14d6f42bb7d0>,88,1,[ 1 12],136,563,564,427,563
1,<environment.Job instance at 0x14d6f42b13c0>,111,3,[1 5],167,575,578,408,575
1,<environment.Job instance at 0x14d6f42b1b90>,109,12,[2 8],165,586,598,421,586
1,<environment.Job instance at 0x14d6f42bb8c0>,95,13,[13  2],147,596,609,449,596
1,<environment.Job instance at 0x14d6f42b1e60>,118,3,[7 1],178,609,612,431,603
1,<environment.Job instance at 0x14d6f4213fa0>,8,3,[1 7],14,14,17,0,14
1,<environment.Job instance at 0x14d6f42136e0>,9,14,[9 2],16,16,30,0,16
1,<environment.Job instance at 0x14d6f4213280>,11,2,[7 2],18,30,32,12,19
1,<environment.Job instance at 0x14d6f42131e0>,5,16,[8 1],10,30,46,20,20
1,<environment.Job instance at 0x14d6f4213aa0>,13,3,[1 5],20,20,23,0,20
1,<environment.Job instance at 0x14d6f4247870>,19,1,[ 1 10],29,39,40,10,39
1,<environment.Job instance at 0x14d6f4247140>,22,3,[6 2],32,51,54,19,51
1,<environment.Job instance at 0x14d6f42470f0>,24,17,[5 2],34,52,69,18,52
1,<environment.Job instance at 0x14d6f42477d0>,25,1,[6 1],36,54,55,18,54
1,<environment.Job instance at 0x14d6f4247be0>,29,3,[8 2],41,55,58,14,54
1,<environment.Job instance at 0x14d6f4247c30>,30,1,[1 7],42,55,56,13,55
1,<environment.Job instance at 0x14d6f4247730>,32,2,[2 7],44,68,70,24,68
1,<environment.Job instance at 0x14d6f417dd20>,41,1,[1 5],56,68,69,12,68
1,<environment.Job instance at 0x14d6f417d690>,42,1,[10  1],58,69,70,11,68
1,<environment.Job instance at 0x14d6f4213780>,12,16,[1 9],19,71,87,52,71
1,<environment.Job instance at 0x14d6f420ff50>,45,25,[9 1],61,85,110,24,85
1,<environment.Job instance at 0x14d6f420f050>,52,15,[6 1],70,98,113,28,98
1,<environment.Job instance at 0x14d6f429d1e0>,53,2,[2 9],71,120,122,49,120
1,<environment.Job instance at 0x14d6f429dd20>,64,17,[9 1],86,120,137,34,120
1,<environment.Job instance at 0x14d6f420f320>,47,21,[ 2 10],64,122,143,58,120
1,<environment.Job instance at 0x14d6f429d8c0>,66,1,[5 1],88,137,138,49,122
1,<environment.Job instance at 0x14d704094780>,69,2,[9 1],92,138,140,46,123
1,<environment.Job instance at 0x14d6f429d690>,65,1,[6 2],87,137,138,50,123
1,<environment.Job instance at 0x14d704094230>,72,2,[9 2],96,140,142,44,140
1,<environment.Job instance at 0x14d704094f00>,73,3,[5 1],97,167,170,70,167
1,<environment.Job instance at 0x14d7040941e0>,78,17,[7 1],104,173,190,69,173
1,<environment.Job instance at 0x14d704038910>,84,1,[7 1],110,179,180,69,179
1,<environment.Job instance at 0x14d70403aa50>,92,1,[5 1],120,180,181,60,180
1,<environment.Job instance at 0x14d7040c9500>,94,2,[7 2],122,188,190,66,188
1,<environment.Job instance at 0x14d704086910>,95,3,[10  1],123,212,215,89,212
1,<environment.Job instance at 0x14d6df81b0a0>,96,3,[6 1],124,216,219,92,216
1,<environment.Job instance at 0x14d6df93faf0>,97,1,[13  1],125,233,234,108,233
1,<environment.Job instance at 0x14d6df7d99b0>,99,1,[5 1],127,274,275,147,274
1,<environment.Job instance at 0x14d7040860a0>,101,3,[5 2],129,292,295,163,292
1,<environment.Job instance at 0x14d6df94d500>,102,2,[8 2],130,292,294,162,292
1,<environment.Job instance at 0x14d7079ea820>,105,13,[7 2],134,295,308,161,295
1,<environment.Job instance at 0x14d6df991f00>,106,22,[8 1],135,317,339,182,317
1,<environment.Job instance at 0x14d6df83d0a0>,109,3,[2 5],139,319,322,180,319
1,<environment.Job instance at 0x14d706dbd820>,104,2,[2 5],132,330,332,198,330
1,<environment.Job instance at 0x14d7070cac80>,110,17,[1 7],140,345,362,205,345
1,<environment.Job instance at 0x14d70c0f7c30>,120,1,[6 1],152,361,362,209,361
1,<environment.Job instance at 0x14d70c0f7e60>,122,19,[1 5],156,362,381,206,362
1,<environment.Job instance at 0x14d704094870>,76,17,[12  1],100,385,402,285,385
1,<environment.Job instance at 0x14d7070ae5f0>,127,3,[1 8],163,385,388,222,385
1,<environment.Job instance at 0x14d7085a1500>,123,1,[8 1],157,402,403,245,386
1,<environment.Job instance at 0x14d70c0f7460>,118,1,[ 1 14],150,401,402,251,401
1,<environment.Job instance at 0x14d7070ae190>,126,3,[ 2 14],162,403,406,241,403
1,<environment.Job instance at 0x14d70c0c1f50>,3,1,[1 8],4,13,14,9,13
1,<environment.Job instance at 0x14d6dfba9370>,5,2,[10  2],7,14,16,7,14
1,<environment.Job instance at 0x14d7070ae190>,7,1,[7 2],12,19,20,7,19
1,<environment.Job instance at 0x14d6dfd0b9b0>,14,2,[ 2 10],22,25,27,3,25
1,<environment.Job instance at 0x14d6dfd0b2d0>,13,3,[10  1],21,30,33,9,30
1,<environment.Job instance at 0x14d6dfd0bbe0>,16,1,[1 9],24,47,48,23,47
1,<environment.Job instance at 0x14d6dfd0bb40>,15,3,[9 2],23,59,62,36,59
1,<environment.Job instance at 0x14d70700f5f0>,27,2,[7 1],41,74,76,33,74
1,<environment.Job instance at 0x14d70700ffa0>,29,2,[10  2],43,84,86,41,84
1,<environment.Job instance at 0x14d6dfd04aa0>,33,2,[ 1 10],48,87,89,39,87
1,<environment.Job instance at 0x14d6dfd04320>,34,2,[2 7],49,92,94,43,92
1,<environment.Job instance at 0x14d6dfd04c80>,36,3,[10  1],52,92,95,40,92
1,<environment.Job instance at 0x14d6dfd04820>,35,3,[9 2],51,117,120,66,117
1,<environment.Job instance at 0x14d6dfd04870>,38,2,[8 2],60,120,122,60,118
1,<environment.Job instance at 0x14d6dfd04c30>,42,2,[ 1 11],67,158,160,91,158
1,<environment.Job instance at 0x14d6dfd04230>,39,17,[1 6],61,162,179,101,162
1,<environment.Job instance at 0x14d6dfd005a0>,45,2,[2 9],71,173,175,102,173
1,<environment.Job instance at 0x14d6dfd00780>,47,15,[10  1],73,176,191,103,176
1,<environment.Job instance at 0x14d6dfd00af0>,49,1,[8 2],75,191,192,116,178
1,<environment.Job instance at 0x14d6dfd00dc0>,50,2,[ 1 10],76,191,193,115,191
1,<environment.Job instance at 0x14d6dfd00f50>,48,28,[5 2],74,199,227,125,199
1,<environment.Job instance at 0x14d6dfd009b0>,51,3,[ 2 14],77,227,230,150,207
1,<environment.Job instance at 0x14d6dfd00be0>,53,2,[2 6],79,222,224,143,222
1,<environment.Job instance at 0x14d6dfd79190>,0,15,[14  1],1,264,279,263,264
1,<environment.Job instance at 0x14d7070119b0>,63,1,[1 9],91,265,266,174,265
1,<environment.Job instance at 0x14d707011460>,60,14,[7 1],88,279,293,191,266
1,<environment.Job instance at 0x14d7070117d0>,69,1,[9 2],97,293,294,196,266
1,<environment.Job instance at 0x14d707011be0>,70,2,[1 7],98,266,268,168,266
1,<environment.Job instance at 0x14d6dfd00410>,54,1,[8 1],80,291,292,211,291
1,<environment.Job instance at 0x14d6dfd0f870>,71,26,[1 6],101,293,319,192,293
1,<environment.Job instance at 0x14d6dfd0f190>,78,2,[7 2],111,294,296,183,293
1,<environment.Job instance at 0x14d6dfd0f1e0>,79,3,[6 1],113,294,297,181,293
1,<environment.Job instance at 0x14d6dfd0fa50>,80,2,[10  1],114,297,299,183,293
1,<environment.Job instance at 0x14d6dfd0f500>,81,1,[9 1],115,299,300,184,293
1,<environment.Job instance at 0x14d707d57320>,84,3,[12  1],119,300,303,181,293
1,<environment.Job instance at 0x14d707d57fa0>,85,20,[8 1],120,303,323,183,294
1,<environment.Job instance at 0x14d70cb541e0>,87,3,[9 1],126,323,326,197,305
1,<environment.Job instance at 0x14d707d57370>,90,1,[2 6],130,305,306,175,305
1,<environment.Job instance at 0x14d70cac9af0>,89,2,[1 8],129,306,308,177,305
1,<environment.Job instance at 0x14d70cadc460>,91,2,[9 2],133,326,328,193,307
1,<environment.Job instance at 0x14d6dfd0f7d0>,75,14,[ 1 10],107,319,333,212,307
1,<environment.Job instance at 0x14d70a237c80>,96,1,[8 1],143,353,354,210,353
1,<environment.Job instance at 0x14d70a237550>,97,16,[9 1],144,358,374,214,358
1,<environment.Job instance at 0x14d706f6a230>,98,12,[7 2],146,374,386,228,364
1,<environment.Job instance at 0x14d7070cf4b0>,99,15,[ 2 10],152,366,381,214,366
1,<environment.Job instance at 0x14d707d1b780>,100,2,[5 2],153,374,376,221,368
1,<environment.Job instance at 0x14d70565fe10>,101,2,[7 2],154,381,383,227,380
1,<environment.Job instance at 0x14d70cadcf00>,93,3,[11  1],139,386,389,247,381
1,<environment.Job instance at 0x14d70cad8dc0>,102,2,[5 2],156,383,385,227,382
1,<environment.Job instance at 0x14d7085b27d0>,106,16,[2 9],160,393,409,233,393
1,<environment.Job instance at 0x14d70ca41140>,105,2,[ 1 12],159,409,411,250,406
1,<environment.Job instance at 0x14d6f414fdc0>,107,2,[5 2],161,420,422,259,420
1,<environment.Job instance at 0x14d70ca44e60>,94,13,[ 2 11],140,507,520,367,507
1,<environment.Job instance at 0x14d70700fc80>,24,2,[12  1],37,507,509,470,507
1,<environment.Job instance at 0x14d70700f500>,21,26,[ 2 13],33,550,576,517,550
1,<environment.Job instance at 0x14d6dff631e0>,1,1,[7 1],4,4,5,0,4
1,<environment.Job instance at 0x14d70700f500>,7,1,[2 6],12,13,14,1,13
1,<environment.Job instance at 0x14d70513b500>,10,2,[8 2],15,17,19,2,17
1,<environment.Job instance at 0x14d705129780>,21,1,[ 2 10],34,35,36,1,35
1,<environment.Job instance at 0x14d7051297d0>,24,1,[1 7],40,40,41,0,40
1,<environment.Job instance at 0x14d7051295f0>,22,2,[2 8],35,41,43,6,41
1,<environment.Job instance at 0x14d705129b40>,27,27,[1 9],43,53,80,10,53
1,<environment.Job instance at 0x14d705128dc0>,43,28,[1 6],67,69,97,2,69
1,<environment.Job instance at 0x14d705128140>,47,15,[10  2],73,87,102,14,87
1,<environment.Job instance at 0x14d7051280a0>,50,3,[5 1],77,192,195,115,192
1,<environment.Job instance at 0x14d6df8cbf00>,60,3,[ 2 10],91,272,275,181,272
1,<environment.Job instance at 0x14d6df8ef500>,61,15,[6 1],93,315,330,222,315
1,<environment.Job instance at 0x14d6df8f5730>,64,1,[5 1],96,378,379,282,378
1,<environment.Job instance at 0x14d6dfa07320>,67,1,[2 9],101,384,385,283,384
1,<environment.Job instance at 0x14d6dfa074b0>,68,3,[1 9],102,387,390,285,387
1,<environment.Job instance at 0x14d6dfa073c0>,69,14,[ 1 10],104,440,454,336,440
1,<environment.Job instance at 0x14d705121c30>,72,3,[2 5],108,512,515,404,512
1,<environment.Job instance at 0x14d705129280>,19,3,[ 2 13],32,533,536,501,533
1,<environment.Job instance at 0x14d6df8cc8c0>,78,17,[5 1],114,545,562,431,545
1,<environment.Job instance at 0x14d6df8cc460>,82,26,[8 1],118,552,578,434,552
1,<environment.Job instance at 0x14d70515b0a0>,87,17,[7 2],123,562,579,439,562
1,<environment.Job instance at 0x14d6df8cc1e0>,79,1,[7 1],115,578,579,463,566
1,<environment.Job instance at 0x14d70515bf00>,89,2,[2 9],125,599,601,474,599
1,<environment.Job instance at 0x14d6df8c40f0>,95,1,[6 1],135,607,608,472,607
1,<environment.Job instance at 0x14d6df8c4780>,98,3,[7 1],140,621,624,481,621
1,<environment.Job instance at 0x14d6df8c4aa0>,103,2,[11  2],146,724,726,578,724
1,<environment.Job instance at 0x14d6df8c4fa0>,105,2,[1 8],149,758,760,609,758
1,<environment.Job instance at 0x14d6df8c4c80>,99,1,[6 1],141,767,768,626,767
1,<environment.Job instance at 0x14d6df8c46e0>,109,3,[9 2],153,789,792,636,789
1,<environment.Job instance at 0x14d6df8c4be0>,107,1,[1 5],151,789,790,638,789
1,<environment.Job instance at 0x14d6df8c49b0>,111,2,[2 6],156,792,794,636,792
1,<environment.Job instance at 0x14d6df8fcf00>,114,2,[2 6],159,795,797,636,795
1,<environment.Job instance at 0x14d6df8fcbe0>,113,1,[2 7],158,797,798,639,797
1,<environment.Job instance at 0x14d6df8fcdc0>,116,2,[5 1],162,798,800,636,798
1,<environment.Job instance at 0x14d6df8fcc80>,115,17,[5 2],160,798,815,638,798
1,<environment.Job instance at 0x14d6df8fc5a0>,117,2,[8 2],163,801,803,638,801
1,<environment.Job instance at 0x14d6df8fc960>,118,2,[12  1],165,815,817,650,809
1,<environment.Job instance at 0x14d6df8fcfa0>,121,18,[10  2],168,832,850,664,832
1,<environment.Job instance at 0x14d6df8fca50>,125,2,[1 8],173,842,844,669,842
1,<environment.Job instance at 0x14d6df8fce10>,126,17,[7 1],174,850,867,676,842
1,<environment.Job instance at 0x14d6df8fcd70>,127,16,[8 2],175,850,866,675,845
1,<environment.Job instance at 0x14d6df8fcb90>,124,3,[1 6],171,866,869,695,853
1,<environment.Job instance at 0x14d6df8fc0f0>,129,1,[10  1],179,867,868,688,856
1,<environment.Job instance at 0x14d6df9353c0>,58,20,[ 2 11],88,869,889,781,861
1,<environment.Job instance at 0x14d6df8c4730>,96,28,[14  1],138,929,957,791,929
1,<environment.Job instance at 0x14d70515b910>,10,2,[7 1],16,16,18,0,16
1,<environment.Job instance at 0x14d70515b3c0>,17,12,[ 1 10],23,26,38,3,26
1,<environment.Job instance at 0x14d70515b370>,20,3,[5 2],28,31,34,3,31
1,<environment.Job instance at 0x14d6df8ef550>,27,1,[7 2],42,47,48,5,47
1,<environment.Job instance at 0x14d6df8e1730>,45,2,[ 2 13],69,70,72,1,70
1,<environment.Job instance at 0x14d6df8e1cd0>,48,15,[ 2 10],74,79,94,5,79
1,<environment.Job instance at 0x14d6df8e1a00>,50,3,[6 2],76,96,99,20,96
1,<environment.Job instance at 0x14d6df8e1a50>,49,1,[1 9],75,100,101,25,100
1,<environment.Job instance at 0x14d6dfa3d190>,56,3,[2 5],85,133,136,48,133
1,<environment.Job instance at 0x14d6df8e17d0>,51,16,[ 1 11],77,142,158,65,142
1,<environment.Job instance at 0x14d6dfa3db90>,59,2,[2 6],90,158,160,68,143
1,<environment.Job instance at 0x14d6dfa3d140>,62,1,[10  1],96,144,145,48,144
1,<environment.Job instance at 0x14d6dfa3de60>,65,3,[1 5],99,158,161,59,144
1,<environment.Job instance at 0x14d6dfa3da00>,57,18,[5 2],87,145,163,58,144
1,<environment.Job instance at 0x14d6df8f5eb0>,72,2,[7 2],106,145,147,39,144
1,<environment.Job instance at 0x14d6df8f51e0>,78,1,[2 5],114,160,161,46,144
1,<environment.Job instance at 0x14d6df8f5be0>,80,1,[2 7],118,161,162,43,147
1,<environment.Job instance at 0x14d6df8f5cd0>,85,1,[2 5],124,161,162,37,149
1,<environment.Job instance at 0x14d6df8f55a0>,83,3,[9 1],122,149,152,27,149
1,<environment.Job instance at 0x14d6df8d85a0>,87,3,[2 8],127,162,165,35,149
1,<environment.Job instance at 0x14d6df8d8320>,86,2,[1 5],126,162,164,36,149
1,<environment.Job instance at 0x14d6df8d85f0>,88,17,[10  1],128,163,180,35,151
1,<environment.Job instance at 0x14d6df8d8cd0>,90,1,[8 2],130,153,154,23,153
1,<environment.Job instance at 0x14d6df8d8be0>,91,2,[2 6],131,164,166,33,157
1,<environment.Job instance at 0x14d6df8d89b0>,92,3,[1 9],132,166,169,34,158
1,<environment.Job instance at 0x14d6df8e0780>,93,2,[1 7],134,169,171,35,164
1,<environment.Job instance at 0x14d6df8d8b40>,89,26,[5 2],129,171,197,42,171
1,<environment.Job instance at 0x14d6df8e08c0>,95,2,[6 1],136,180,182,44,171
1,<environment.Job instance at 0x14d6df8e0c30>,97,16,[2 6],138,180,196,42,173
1,<environment.Job instance at 0x14d6dfdcf230>,100,1,[ 1 10],145,196,197,51,179
1,<environment.Job instance at 0x14d6dfa51be0>,102,2,[9 2],148,196,198,48,179
1,<environment.Job instance at 0x14d6df8f52d0>,81,2,[ 1 14],120,198,200,78,181
1,<environment.Job instance at 0x14d706e81a00>,103,3,[2 7],149,182,185,33,181
1,<environment.Job instance at 0x14d70cae63c0>,101,3,[1 9],146,200,203,54,194
1,<environment.Job instance at 0x14d70c3cecd0>,111,1,[10  2],165,200,201,35,195
1,<environment.Job instance at 0x14d6dff743c0>,106,3,[1 7],155,203,206,48,197
1,<environment.Job instance at 0x14d70c3ce960>,112,3,[2 9],166,206,209,40,198
1,<environment.Job instance at 0x14d7055a6640>,114,12,[5 2],169,201,213,32,201
1,<environment.Job instance at 0x14d70c3ce190>,115,1,[9 1],170,204,205,34,204
1,<environment.Job instance at 0x14d706ff9190>,116,20,[9 1],171,209,229,38,204
1,<environment.Job instance at 0x14d70c3ce370>,113,13,[2 9],167,213,226,46,205
1,<environment.Job instance at 0x14d70c3ce140>,110,1,[ 1 12],164,209,210,45,206
1,<environment.Job instance at 0x14d706ff9230>,118,2,[13  1],174,229,231,55,208
1,<environment.Job instance at 0x14d706ff9820>,120,1,[5 1],176,208,209,32,208
1,<environment.Job instance at 0x14d6dfac3870>,121,3,[8 1],177,231,234,54,209
1,<environment.Job instance at 0x14d6dfac3cd0>,122,2,[6 2],178,226,228,48,209
1,<environment.Job instance at 0x14d6dfdd0690>,119,1,[12  2],175,234,235,59,209
1,<environment.Job instance at 0x14d70515b190>,12,1,[ 2 13],18,293,294,275,293
1,<environment.Job instance at 0x14d70cb1b820>,16,20,[7 2],29,30,50,1,30
1,<environment.Job instance at 0x14d70cb0dc30>,28,1,[5 2],43,80,81,37,80
1,<environment.Job instance at 0x14d70cb0d3c0>,30,1,[11  1],53,94,95,41,94
1,<environment.Job instance at 0x14d70cb0db90>,27,12,[ 1 14],42,94,106,52,94
1,<environment.Job instance at 0x14d70cb0de10>,31,2,[5 1],54,95,97,41,94
1,<environment.Job instance at 0x14d70cb0df00>,34,1,[6 1],57,97,98,40,96
1,<environment.Job instance at 0x14d70cb0daf0>,26,1,[ 1 13],41,106,107,65,97
1,<environment.Job instance at 0x14d70cb0daa0>,35,18,[10  2],59,106,124,47,97
1,<environment.Job instance at 0x14d70cb3e460>,42,3,[10  2],67,124,127,57,104
1,<environment.Job instance at 0x14d70cb3e190>,36,1,[6 1],60,105,106,45,105
1,<environment.Job instance at 0x14d70cb3ecd0>,52,1,[ 2 10],82,107,108,25,107
1,<environment.Job instance at 0x14d70cb3eb40>,57,17,[8 1],89,127,144,38,118
1,<environment.Job instance at 0x14d70cb421e0>,61,15,[9 1],94,144,159,50,130
1,<environment.Job instance at 0x14d70cb47be0>,73,1,[10  1],108,159,160,51,136
1,<environment.Job instance at 0x14d70cb47d70>,75,1,[1 6],111,137,138,26,137
1,<environment.Job instance at 0x14d70cb3ed20>,54,17,[5 2],85,156,173,71,156
1,<environment.Job instance at 0x14d70cb32640>,82,2,[2 5],120,185,187,65,185
1,<environment.Job instance at 0x14d70cb324b0>,83,3,[1 9],121,186,189,65,186
1,<environment.Job instance at 0x14d70cb327d0>,86,13,[8 1],124,190,203,66,190
1,<environment.Job instance at 0x14d70cb32820>,88,2,[1 7],126,203,205,77,203
1,<environment.Job instance at 0x14d70cb328c0>,89,2,[1 6],127,206,208,79,206
1,<environment.Job instance at 0x14d70cb2acd0>,95,1,[2 5],135,212,213,77,212
1,<environment.Job instance at 0x14d6dfc2fc30>,100,3,[1 8],145,239,242,94,239
1,<environment.Job instance at 0x14d6dff3a690>,106,2,[8 2],151,242,244,91,242
1,<environment.Job instance at 0x14d6dff3a500>,107,2,[8 1],152,246,248,94,246
1,<environment.Job instance at 0x14d6f4300a00>,108,16,[7 2],154,247,263,93,247
1,<environment.Job instance at 0x14d6dff3a0f0>,109,1,[ 2 10],155,268,269,113,268
1,<environment.Job instance at 0x14d6f4281370>,113,16,[5 1],161,268,284,107,268
1,<environment.Job instance at 0x14d6dff21a50>,111,12,[ 2 11],158,279,291,121,279
1,<environment.Job instance at 0x14d707a29fa0>,114,3,[2 5],163,316,319,153,316
1,<environment.Job instance at 0x14d6dff3aa00>,110,3,[ 2 10],157,321,324,164,321
1,<environment.Job instance at 0x14d6dfd87c30>,121,3,[2 6],171,324,327,153,323
1,<environment.Job instance at 0x14d6dfd87d70>,122,3,[2 6],172,324,327,152,323
1,<environment.Job instance at 0x14d6dfd87410>,123,1,[5 2],173,324,325,151,324
1,<environment.Job instance at 0x14d6dfd87f50>,124,3,[7 1],174,325,328,151,324
1,<environment.Job instance at 0x14d6dfd879b0>,125,2,[2 6],175,327,329,152,326
1,<environment.Job instance at 0x14d6dfd874b0>,126,3,[2 7],177,335,338,158,335
1,<environment.Job instance at 0x14d6f421c690>,120,16,[2 9],170,413,429,243,413
1,<environment.Job instance at 0x14d6f42814b0>,116,15,[5 1],166,468,483,302,468
1,<environment.Job instance at 0x14d70cb476e0>,80,17,[12  1],117,483,500,366,472
1,<environment.Job instance at 0x14d706fc5d20>,13,2,[7 1],18,66,68,48,66
1,<environment.Job instance at 0x14d6f4223280>,18,3,[7 1],23,194,197,171,194
1,<environment.Job instance at 0x14d6f42233c0>,17,1,[2 7],22,196,197,174,196
1,<environment.Job instance at 0x14d6f4223cd0>,19,1,[8 2],24,199,200,175,199
1,<environment.Job instance at 0x14d7070073c0>,21,15,[1 8],27,205,220,178,205
1,<environment.Job instance at 0x14d706ea17d0>,23,13,[6 1],29,215,228,186,215
1,<environment.Job instance at 0x14d6df8c47d0>,25,14,[6 1],33,220,234,187,220
1,<environment.Job instance at 0x14d706ea1640>,26,2,[10  1],34,234,236,200,223
1,<environment.Job instance at 0x14d6dfa4cbe0>,28,1,[5 2],38,228,229,190,225
1,<environment.Job instance at 0x14d6f4223870>,20,28,[ 2 10],26,226,254,200,226
1,<environment.Job instance at 0x14d6dfa4c690>,31,12,[1 7],44,282,294,238,282
1,<environment.Job instance at 0x14d6dfa4c3c0>,30,14,[1 6],41,300,314,259,300
1,<environment.Job instance at 0x14d6dfa4cfa0>,32,3,[2 7],45,316,319,271,316
1,<environment.Job instance at 0x14d6df9918c0>,33,3,[10  2],48,357,360,309,357
1,<environment.Job instance at 0x14d70c10faf0>,34,17,[5 2],50,358,375,308,358
1,<environment.Job instance at 0x14d70da11960>,36,2,[2 5],54,553,555,499,553
1,<environment.Job instance at 0x14d6df831af0>,38,1,[8 1],56,1102,1103,1046,1102
1,<environment.Job instance at 0x14d70da118c0>,37,19,[ 2 14],55,1736,1755,1681,1736
1,<environment.Job instance at 0x14d70706bfa0>,12,18,[ 1 14],17,1775,1793,1758,1775
1,<environment.Job instance at 0x14d6f43a5dc0>,42,3,[1 7],63,1793,1796,1730,1775
1,<environment.Job instance at 0x14d706f878c0>,44,2,[10  1],65,1776,1778,1711,1776
1,<environment.Job instance at 0x14d706f87cd0>,45,2,[10  1],66,1778,1780,1712,1777
1,<environment.Job instance at 0x14d70c1365a0>,40,2,[9 1],59,1780,1782,1721,1777
1,<environment.Job instance at 0x14d6df8cc500>,46,16,[10  2],67,1793,1809,1726,1781
1,<environment.Job instance at 0x14d70ca3d460>,55,1,[10  2],79,1809,1810,1730,1781
1,<environment.Job instance at 0x14d70ca3d820>,56,2,[7 1],80,1782,1784,1702,1781
1,<environment.Job instance at 0x14d70ca3ddc0>,58,1,[1 7],82,1796,1797,1714,1784
1,<environment.Job instance at 0x14d70ca3d640>,60,13,[ 2 11],85,1808,1821,1723,1808
1,<environment.Job instance at 0x14d70ca3d780>,57,2,[10  1],81,1810,1812,1729,1808
1,<environment.Job instance at 0x14d70cadc4b0>,65,3,[ 2 10],92,1821,1824,1729,1808
1,<environment.Job instance at 0x14d70ca3d1e0>,61,3,[9 2],86,1812,1815,1726,1809
1,<environment.Job instance at 0x14d70cadc1e0>,66,2,[2 8],93,1824,1826,1731,1810
1,<environment.Job instance at 0x14d70cb83aa0>,69,3,[9 1],98,1815,1818,1717,1810
1,<environment.Job instance at 0x14d6dfbbb640>,72,2,[ 1 10],102,1826,1828,1724,1812
1,<environment.Job instance at 0x14d70693dcd0>,79,2,[2 6],112,1824,1826,1712,1815
1,<environment.Job instance at 0x14d70c114820>,1,17,[11  2],2,1826,1843,1824,1823
1,<environment.Job instance at 0x14d6dfbbb050>,71,2,[10  2],101,1843,1845,1742,1839
1,<environment.Job instance at 0x14d70693d4b0>,85,15,[7 1],120,1845,1860,1725,1841
1,<environment.Job instance at 0x14d70693d7d0>,86,3,[ 2 10],121,1850,1853,1729,1850
1,<environment.Job instance at 0x14d70693d2d0>,89,3,[2 9],125,1853,1856,1728,1850
1,<environment.Job instance at 0x14d70693d230>,92,2,[2 6],128,1860,1862,1732,1860
1,<environment.Job instance at 0x14d70caaa960>,99,1,[10  2],137,1863,1864,1726,1863
1,<environment.Job instance at 0x14d70caaacd0>,104,1,[8 1],143,1864,1865,1721,1863
1,<environment.Job instance at 0x14d70caaa730>,105,3,[1 6],144,1863,1866,1719,1863
1,<environment.Job instance at 0x14d70caaaf50>,102,2,[1 8],141,1864,1866,1723,1864
1,<environment.Job instance at 0x14d70caaa1e0>,106,2,[1 9],147,1866,1868,1719,1864
1,<environment.Job instance at 0x14d70caaa370>,108,12,[5 1],149,1865,1877,1716,1864
1,<environment.Job instance at 0x14d70caaa3c0>,115,1,[1 9],160,1898,1899,1738,1898
1,<environment.Job instance at 0x14d70caaabe0>,116,1,[1 5],161,1898,1899,1737,1898
1,<environment.Job instance at 0x14d6dfde4820>,127,1,[7 2],175,1999,2000,1824,1999
1,<environment.Job instance at 0x14d6dfde47d0>,129,2,[1 7],177,1999,2001,1822,1999
1,<environment.Job instance at 0x14d6dfde4be0>,128,1,[1 8],176,2005,2006,1829,2005
1,<environment.Job instance at 0x14d6dfde48c0>,131,2,[1 6],179,2047,2049,1868,2047
1,<environment.Job instance at 0x14d70caaad20>,107,17,[2 7],148,2053,2070,1905,2053
1,<environment.Job instance at 0x14d707d3ec30>,77,3,[14  2],108,2086,2089,1978,2086
1,<environment.Job instance at 0x14d6dfa95910>,8,1,[ 1 10],12,18,19,6,18
1,<environment.Job instance at 0x14d7058e4550>,10,1,[8 2],16,18,19,2,18
1,<environment.Job instance at 0x14d7058e44b0>,11,3,[1 5],17,19,22,2,18
1,<environment.Job instance at 0x14d7058e4690>,12,1,[10  1],19,19,20,0,19
1,<environment.Job instance at 0x14d706e414b0>,14,2,[8 1],21,22,24,1,22
1,<environment.Job instance at 0x14d706e415f0>,16,3,[1 7],23,24,27,1,24
1,<environment.Job instance at 0x14d706e41780>,17,2,[5 1],24,25,27,1,25
1,<environment.Job instance at 0x14d706ddca50>,19,2,[5 2],27,28,30,1,28
1,<environment.Job instance at 0x14d706ddc230>,21,1,[8 2],29,30,31,1,30
1,<environment.Job instance at 0x14d706ddc4b0>,23,1,[10  1],31,31,32,0,31
1,<environment.Job instance at 0x14d6dfa95780>,3,1,[8 1],4,32,33,28,31
1,<environment.Job instance at 0x14d706ddce10>,24,2,[ 1 10],32,32,34,0,32
1,<environment.Job instance at 0x14d6dfc628c0>,28,2,[7 1],36,37,39,1,37
1,<environment.Job instance at 0x14d6dfc627d0>,27,18,[10  1],35,39,57,4,39
1,<environment.Job instance at 0x14d6dfa95550>,0,1,[14  1],1,57,58,56,48
1,<environment.Job instance at 0x14d706ddc550>,22,2,[7 1],30,58,60,28,50
1,<environment.Job instance at 0x14d6f4168a50>,54,3,[ 1 14],70,97,100,27,97
1,<environment.Job instance at 0x14d6dfc62be0>,30,1,[2 5],38,121,122,83,121
1,<environment.Job instance at 0x14d6dfc62c30>,29,15,[2 7],37,121,136,84,121
1,<environment.Job instance at 0x14d6f41e1460>,74,22,[5 1],96,121,143,25,121
1,<environment.Job instance at 0x14d6f41e1fa0>,75,14,[9 2],99,136,150,37,123
1,<environment.Job instance at 0x14d6f41e1af0>,70,2,[2 8],90,143,145,53,133
1,<environment.Job instance at 0x14d707d0d730>,77,3,[1 5],102,133,136,31,133
1,<environment.Job instance at 0x14d707d0d870>,80,1,[7 2],106,133,134,27,133
1,<environment.Job instance at 0x14d707d0d9b0>,81,2,[2 8],107,145,147,38,133
1,<environment.Job instance at 0x14d707d0daf0>,83,3,[9 2],110,150,153,40,136
1,<environment.Job instance at 0x14d706924fa0>,88,2,[8 1],116,153,155,37,137
1,<environment.Job instance at 0x14d707d0d1e0>,79,13,[8 1],105,155,168,50,150
1,<environment.Job instance at 0x14d706f16730>,91,3,[10  2],119,168,171,49,165
1,<environment.Job instance at 0x14d6df9c0a50>,95,2,[1 6],123,348,350,225,348
1,<environment.Job instance at 0x14d706924b90>,87,2,[5 2],115,422,424,307,422
1,<environment.Job instance at 0x14d7055eb910>,101,1,[5 1],129,425,426,296,425
1,<environment.Job instance at 0x14d705566870>,102,3,[5 2],130,488,491,358,488
1,<environment.Job instance at 0x14d6df904d70>,103,17,[6 2],134,497,514,363,497
1,<environment.Job instance at 0x14d6df940b90>,105,15,[10  2],136,517,532,381,517
1,<environment.Job instance at 0x14d6dfde7b90>,97,2,[ 1 13],125,550,552,425,550
1,<environment.Job instance at 0x14d70c10fd70>,106,2,[8 2],137,559,561,422,559
1,<environment.Job instance at 0x14d707d38d20>,109,12,[1 8],140,576,588,436,576
1,<environment.Job instance at 0x14d6dfe7a230>,111,3,[9 1],144,605,608,461,605
1,<environment.Job instance at 0x14d6df8efaf0>,113,2,[1 8],147,633,635,486,633
1,<environment.Job instance at 0x14d6df9e0f50>,94,18,[ 2 11],122,645,663,523,645
1,<environment.Job instance at 0x14d6dff30fa0>,117,2,[6 2],153,648,650,495,648
1,<environment.Job instance at 0x14d6dff30c30>,119,2,[9 2],155,650,652,495,650
1,<environment.Job instance at 0x14d706df4f00>,121,2,[9 1],159,654,656,495,654
1,<environment.Job instance at 0x14d707d38c80>,107,2,[11  1],138,656,658,518,655
1,<environment.Job instance at 0x14d70a228370>,127,2,[ 1 11],167,692,694,525,692
1,<environment.Job instance at 0x14d6dfc62a00>,31,3,[ 1 11],41,699,702,658,699
1,<environment.Job instance at 0x14d706df44b0>,126,2,[ 1 10],165,744,746,579,744
1,<environment.Job instance at 0x14d70a228d20>,129,16,[ 1 12],169,992,1008,823,992
1,<environment.Job instance at 0x14d70eb7f280>,8,1,[2 8],16,19,20,3,19
1,<environment.Job instance at 0x14d70da01370>,12,26,[5 2],22,24,50,2,24
1,<environment.Job instance at 0x14d70ca237d0>,19,14,[9 2],33,34,48,1,34
1,<environment.Job instance at 0x14d70ca233c0>,21,1,[5 2],37,48,49,11,40
1,<environment.Job instance at 0x14d6f404dc80>,24,14,[10  1],41,49,63,8,49
1,<environment.Job instance at 0x14d70ebab9b0>,27,2,[1 5],44,50,52,6,49
1,<environment.Job instance at 0x14d70798caa0>,31,1,[7 1],51,63,64,12,52
1,<environment.Job instance at 0x14d70798ce10>,32,2,[10  1],52,64,66,12,52
1,<environment.Job instance at 0x14d70798c190>,33,1,[6 2],53,63,64,10,53
1,<environment.Job instance at 0x14d70798ce60>,34,3,[6 2],54,66,69,12,54
1,<environment.Job instance at 0x14d70798c8c0>,36,2,[5 1],59,59,61,0,59
1,<environment.Job instance at 0x14d70798caf0>,37,18,[2 9],61,64,82,3,64
1,<environment.Job instance at 0x14d706fe8f50>,45,2,[9 1],72,77,79,5,77
1,<environment.Job instance at 0x14d706fe84b0>,46,2,[14  2],74,82,84,8,77
1,<environment.Job instance at 0x14d706fe8190>,49,2,[6 2],77,84,86,7,83
1,<environment.Job instance at 0x14d70e4b1190>,54,2,[1 8],83,83,85,0,83
1,<environment.Job instance at 0x14d70e4b15a0>,56,2,[2 8],87,92,94,5,92
1,<environment.Job instance at 0x14d70e4b1e10>,59,17,[7 2],91,92,109,1,92
1,<environment.Job instance at 0x14d706ffff50>,60,13,[8 1],94,94,107,0,94
1,<environment.Job instance at 0x14d70e4b1cd0>,51,2,[1 9],79,107,109,28,95
1,<environment.Job instance at 0x14d706fc90a0>,61,2,[10  1],95,109,111,14,95
1,<environment.Job instance at 0x14d706ed1af0>,63,1,[6 2],98,107,108,9,104
1,<environment.Job instance at 0x14d706ed13c0>,64,1,[6 1],99,108,109,9,106
1,<environment.Job instance at 0x14d70c3db640>,68,3,[ 2 10],106,109,112,3,107
1,<environment.Job instance at 0x14d7079b4500>,71,1,[ 2 10],112,114,115,2,114
1,<environment.Job instance at 0x14d706fe8460>,48,1,[14  2],76,120,121,44,120
1,<environment.Job instance at 0x14d7040d5a00>,79,1,[8 2],125,129,130,4,129
1,<environment.Job instance at 0x14d704099c30>,83,1,[5 2],131,132,133,1,132
1,<environment.Job instance at 0x14d705139be0>,85,3,[1 5],133,133,136,0,133
1,<environment.Job instance at 0x14d6dff3f6e0>,87,2,[1 8],136,136,138,0,136
1,<environment.Job instance at 0x14d707d69370>,88,12,[5 2],137,138,150,1,138
1,<environment.Job instance at 0x14d707d69a00>,90,1,[10  2],139,139,140,0,139
1,<environment.Job instance at 0x14d70e05f0f0>,81,2,[14  1],127,150,152,23,139
1,<environment.Job instance at 0x14d70c1749b0>,84,18,[10  2],132,152,170,20,144
1,<environment.Job instance at 0x14d707d27230>,95,15,[7 1],147,170,185,23,160
1,<environment.Job instance at 0x14d706ddc0a0>,100,3,[6 2],160,170,173,10,170
1,<environment.Job instance at 0x14d70c3ea550>,108,1,[8 1],173,182,183,9,182
1,<environment.Job instance at 0x14d70c3ea870>,3,2,[9 1],7,7,9,0,7
1,<environment.Job instance at 0x14d6df828c30>,9,3,[1 5],20,20,23,0,20
1,<environment.Job instance at 0x14d6df828e10>,15,2,[10  1],27,28,30,1,28
1,<environment.Job instance at 0x14d6df8285f0>,13,16,[5 2],25,32,48,7,32
1,<environment.Job instance at 0x14d6df828230>,18,1,[1 9],31,43,44,12,43
1,<environment.Job instance at 0x14d6df801230>,21,3,[2 5],34,50,53,16,50
1,<environment.Job instance at 0x14d6df828cd0>,14,13,[ 1 13],26,54,67,28,54
1,<environment.Job instance at 0x14d6df828c80>,16,2,[8 1],28,54,56,26,54
1,<environment.Job instance at 0x14d6df801640>,25,3,[2 5],44,67,70,23,55
1,<environment.Job instance at 0x14d6df801be0>,32,3,[2 6],53,67,70,14,55
1,<environment.Job instance at 0x14d6df814b90>,40,2,[9 1],61,78,80,17,78
1,<environment.Job instance at 0x14d6df814140>,49,1,[2 5],78,81,82,3,81
1,<environment.Job instance at 0x14d6df8146e0>,42,14,[8 2],65,85,99,20,85
1,<environment.Job instance at 0x14d6df8141e0>,52,17,[10  2],81,104,121,23,104
1,<environment.Job instance at 0x14d6df8140a0>,45,3,[ 2 12],70,116,119,46,116
1,<environment.Job instance at 0x14d6dfb7c6e0>,55,3,[9 1],87,121,124,34,116
1,<environment.Job instance at 0x14d707030dc0>,59,1,[6 1],91,121,122,30,116
1,<environment.Job instance at 0x14d707030c80>,63,1,[1 8],95,119,120,24,116
1,<environment.Job instance at 0x14d7070300f0>,60,1,[1 5],92,119,120,27,117
1,<environment.Job instance at 0x14d70caea0a0>,67,1,[2 9],99,120,121,21,117
1,<environment.Job instance at 0x14d6f43c3050>,70,3,[1 7],104,122,125,18,117
1,<environment.Job instance at 0x14d6f43c30f0>,69,1,[9 1],103,124,125,21,117
1,<environment.Job instance at 0x14d6f42153c0>,72,16,[10  1],106,125,141,19,117
1,<environment.Job instance at 0x14d70caee5f0>,73,3,[5 1],108,122,125,14,121
1,<environment.Job instance at 0x14d70caee730>,74,3,[9 2],109,141,144,32,122
1,<environment.Job instance at 0x14d70caeedc0>,79,1,[6 2],114,141,142,27,135
1,<environment.Job instance at 0x14d70caeefa0>,76,2,[ 1 10],111,137,139,26,137
1,<environment.Job instance at 0x14d707030a00>,64,2,[2 5],96,162,164,66,162
1,<environment.Job instance at 0x14d6f4200e10>,83,1,[5 2],120,168,169,48,168
1,<environment.Job instance at 0x14d6f4200910>,86,20,[10  2],124,168,188,44,168
1,<environment.Job instance at 0x14d70caee910>,81,13,[1 6],117,218,231,101,218
1,<environment.Job instance at 0x14d70caed960>,91,1,[6 2],131,242,243,111,242
1,<environment.Job instance at 0x14d70caedaa0>,92,3,[10  2],133,243,246,110,242
1,<environment.Job instance at 0x14d70caed230>,97,21,[6 2],142,283,304,141,283
1,<environment.Job instance at 0x14d70caed4b0>,98,16,[6 1],144,286,302,142,286
1,<environment.Job instance at 0x14d70caed870>,89,1,[7 2],128,302,303,174,288
1,<environment.Job instance at 0x14d70caedc30>,100,2,[ 2 10],146,290,292,144,290
1,<environment.Job instance at 0x14d70caedaf0>,104,3,[7 1],154,307,310,153,307
1,<environment.Job instance at 0x14d6f41e7f50>,105,1,[ 1 10],155,310,311,155,310
1,<environment.Job instance at 0x14d6f41e7aa0>,106,18,[6 1],156,311,329,155,311
1,<environment.Job instance at 0x14d70caee550>,75,14,[ 1 12],110,313,327,203,313
1,<environment.Job instance at 0x14d6f41e7be0>,107,3,[2 9],157,327,330,170,322
1,<environment.Job instance at 0x14d70caedc80>,103,14,[2 7],153,330,344,177,322
1,<environment.Job instance at 0x14d6f41e7640>,111,18,[8 1],162,329,347,167,322
1,<environment.Job instance at 0x14d6f42047d0>,119,1,[8 1],175,322,323,147,322
1,<environment.Job instance at 0x14d6f42041e0>,117,1,[ 1 10],173,344,345,171,323
1,<environment.Job instance at 0x14d6f41f2690>,121,14,[1 9],178,345,359,167,338
1,<environment.Job instance at 0x14d6f43d59b0>,54,2,[11  1],84,366,368,282,366
1,<environment.Job instance at 0x14d6dfe9bd20>,1,1,[2 7],3,3,4,0,3
1,<environment.Job instance at 0x14d6dfa5fdc0>,6,3,[2 9],12,12,15,0,12
1,<environment.Job instance at 0x14d6df86b460>,24,13,[8 1],44,46,59,2,46
1,<environment.Job instance at 0x14d6dfa5f3c0>,15,2,[2 5],29,60,62,31,60
1,<environment.Job instance at 0x14d6dfa6c730>,40,15,[10  1],66,66,81,0,66
1,<environment.Job instance at 0x14d6dfa6ccd0>,42,21,[2 6],69,69,90,0,69
1,<environment.Job instance at 0x14d6dfa6cf50>,43,15,[5 2],70,143,158,73,143
1,<environment.Job instance at 0x14d6dfea3320>,66,1,[10  2],101,155,156,54,155
1,<environment.Job instance at 0x14d6dfe86690>,74,15,[2 8],112,177,192,65,177
1,<environment.Job instance at 0x14d6dfa73870>,92,1,[7 1],140,195,196,55,195
1,<environment.Job instance at 0x14d706fff5a0>,117,3,[13  1],177,264,267,87,264
1,<environment.Job instance at 0x14d6dfb6ec30>,34,2,[13  1],58,276,278,218,276
1,<environment.Job instance at 0x14d6dff56050>,2,1,[7 2],6,10,11,4,10
1,<environment.Job instance at 0x14d6df833d20>,15,1,[2 9],28,28,29,0,28
1,<environment.Job instance at 0x14d6df833e60>,17,14,[13  1],33,35,49,2,35
1,<environment.Job instance at 0x14d6df83b4b0>,21,19,[8 1],38,49,68,11,44
1,<environment.Job instance at 0x14d6df83bb40>,29,2,[9 1],46,68,70,22,46
1,<environment.Job instance at 0x14d6df83b5a0>,25,16,[9 2],42,112,128,70,112
1,<environment.Job instance at 0x14d6df811f50>,45,14,[9 1],66,128,142,62,114
1,<environment.Job instance at 0x14d6df811eb0>,44,2,[2 8],65,114,116,49,114
1,<environment.Job instance at 0x14d6df811f00>,46,16,[5 1],68,116,132,48,114
1,<environment.Job instance at 0x14d6df811a00>,48,3,[7 2],71,142,145,71,117
1,<environment.Job instance at 0x14d6df827140>,50,3,[2 9],74,132,135,58,118
1,<environment.Job instance at 0x14d6df827410>,53,1,[9 2],79,145,146,66,120
1,<environment.Job instance at 0x14d6df827640>,56,1,[ 1 10],86,190,191,104,190
1,<environment.Job instance at 0x14d6df827730>,57,1,[2 6],87,191,192,104,190
1,<environment.Job instance at 0x14d6df8277d0>,58,1,[2 6],88,191,192,103,191
1,<environment.Job instance at 0x14d6df827910>,59,16,[10  2],90,191,207,101,191
1,<environment.Job instance at 0x14d6df8279b0>,61,1,[7 2],92,207,208,115,201
1,<environment.Job instance at 0x14d6df827230>,49,2,[2 7],72,208,210,136,208
1,<environment.Job instance at 0x14d6df827cd0>,64,1,[5 1],95,208,209,113,208
1,<environment.Job instance at 0x14d6df827af0>,62,12,[1 5],93,210,222,117,210
1,<environment.Job instance at 0x14d6df827b40>,65,3,[6 2],97,212,215,115,212
1,<environment.Job instance at 0x14d6df827dc0>,67,16,[10  1],100,215,231,115,213
1,<environment.Job instance at 0x14d6df827f50>,68,3,[2 8],101,222,225,121,222
1,<environment.Job instance at 0x14d6df827d20>,66,2,[2 7],98,225,227,127,223
1,<environment.Job instance at 0x14d6df839050>,72,3,[ 2 10],105,227,230,122,223
1,<environment.Job instance at 0x14d6df8390a0>,71,15,[8 2],104,231,246,127,225
1,<environment.Job instance at 0x14d6df839280>,75,3,[ 2 10],108,240,243,132,240
1,<environment.Job instance at 0x14d6df8391e0>,74,1,[ 2 10],107,243,244,136,240
1,<environment.Job instance at 0x14d6df839320>,76,2,[5 1],109,241,243,132,241
1,<environment.Job instance at 0x14d6df839500>,77,12,[1 9],112,244,256,132,242
1,<environment.Job instance at 0x14d6df839550>,78,1,[1 9],113,256,257,143,242
1,<environment.Job instance at 0x14d6df839780>,80,3,[8 2],115,246,249,131,242
1,<environment.Job instance at 0x14d6df839a50>,81,3,[1 7],116,257,260,141,243
1,<environment.Job instance at 0x14d6df839b40>,82,2,[9 2],117,249,251,132,245
1,<environment.Job instance at 0x14d6df839eb0>,83,2,[7 1],118,251,253,133,245
1,<environment.Job instance at 0x14d6df839f50>,84,1,[1 6],119,253,254,134,245
1,<environment.Job instance at 0x14d6df823190>,86,1,[1 9],121,278,279,157,278
1,<environment.Job instance at 0x14d6df823230>,89,15,[7 2],124,280,295,156,280
1,<environment.Job instance at 0x14d6df8233c0>,90,2,[1 6],127,280,282,153,280
1,<environment.Job instance at 0x14d6df8396e0>,79,21,[2 7],114,280,301,166,280
1,<environment.Job instance at 0x14d6df823500>,91,16,[2 7],130,333,349,203,333
1,<environment.Job instance at 0x14d6df823550>,93,2,[2 8],135,335,337,200,335
1,<environment.Job instance at 0x14d6df8235a0>,92,3,[ 2 13],134,354,357,220,354
1,<environment.Job instance at 0x14d6df8119b0>,41,3,[ 2 12],62,371,374,309,371
1,<environment.Job instance at 0x14d6df823960>,101,3,[8 1],145,371,374,226,371
1,<environment.Job instance at 0x14d6df8235f0>,95,21,[1 5],139,374,395,235,371
1,<environment.Job instance at 0x14d6df823870>,96,3,[2 8],140,374,377,234,371
1,<environment.Job instance at 0x14d6dfdf3a50>,113,2,[7 1],160,374,376,214,371
1,<environment.Job instance at 0x14d6f4158be0>,112,2,[1 8],159,377,379,218,371
1,<environment.Job instance at 0x14d6df8128c0>,119,3,[6 2],167,376,379,209,372
1,<environment.Job instance at 0x14d6dfdf32d0>,114,2,[2 9],161,379,381,218,376
1,<environment.Job instance at 0x14d706effe60>,125,1,[2 9],176,381,382,205,376
1,<environment.Job instance at 0x14d6f43852d0>,121,3,[1 7],170,382,385,212,377
1,<environment.Job instance at 0x14d706eff500>,126,1,[ 1 10],178,385,386,207,377
1,<environment.Job instance at 0x14d6df811be0>,42,12,[11  1],63,427,439,364,427
1,<environment.Job instance at 0x14d70ca98140>,5,2,[ 1 12],7,9,11,2,9
1,<environment.Job instance at 0x14d707947c30>,10,13,[9 1],16,16,29,0,16
1,<environment.Job instance at 0x14d707947640>,12,1,[10  2],18,29,30,11,18
1,<environment.Job instance at 0x14d70c168280>,17,3,[1 7],25,26,29,1,26
1,<environment.Job instance at 0x14d6dff30d70>,24,3,[2 6],36,40,43,4,40
1,<environment.Job instance at 0x14d707a4db90>,31,1,[10  2],45,45,46,0,45
1,<environment.Job instance at 0x14d6dfafd910>,39,3,[8 2],56,61,64,5,61
1,<environment.Job instance at 0x14d6dfafdaf0>,40,1,[2 8],57,61,62,4,61
1,<environment.Job instance at 0x14d70cafb500>,43,18,[5 2],60,65,83,5,65
1,<environment.Job instance at 0x14d70a201730>,48,18,[2 6],71,80,98,9,80
1,<environment.Job instance at 0x14d70c3ea640>,49,15,[5 2],72,109,124,37,109
1,<environment.Job instance at 0x14d70a2019b0>,54,1,[1 6],77,148,149,71,148
1,<environment.Job instance at 0x14d7056532d0>,68,3,[6 2],102,155,158,53,155
1,<environment.Job instance at 0x14d705653960>,66,2,[2 6],98,180,182,82,180
1,<environment.Job instance at 0x14d6dfc63500>,75,2,[7 2],112,202,204,90,202
1,<environment.Job instance at 0x14d6dfc63b40>,76,2,[13  2],113,204,206,91,202
1,<environment.Job instance at 0x14d6dfc63870>,72,2,[9 1],108,251,253,143,251
1,<environment.Job instance at 0x14d70e073190>,86,1,[1 9],127,290,291,163,290
1,<environment.Job instance at 0x14d6df923280>,91,3,[6 1],133,292,295,159,292
1,<environment.Job instance at 0x14d70e073730>,80,3,[5 1],119,302,305,183,302
1,<environment.Job instance at 0x14d706eee8c0>,96,13,[7 1],139,304,317,165,304
1,<environment.Job instance at 0x14d6df923960>,93,2,[1 7],136,321,323,185,321
1,<environment.Job instance at 0x14d706eee7d0>,100,3,[7 2],144,328,331,184,328
1,<environment.Job instance at 0x14d706eeebe0>,97,1,[ 2 10],141,332,333,191,332
1,<environment.Job instance at 0x14d706eeeb90>,101,1,[2 8],145,353,354,208,353
1,<environment.Job instance at 0x14d70e0733c0>,87,1,[8 1],128,356,357,228,356
1,<environment.Job instance at 0x14d706eee870>,103,1,[10  2],147,357,358,210,357
1,<environment.Job instance at 0x14d706eeee10>,107,3,[9 1],151,374,377,223,374
1,<environment.Job instance at 0x14d706eee730>,108,1,[11  2],152,454,455,302,454
1,<environment.Job instance at 0x14d705653140>,57,13,[ 1 14],82,455,468,373,454
1,<environment.Job instance at 0x14d706eee2d0>,110,2,[2 9],154,475,477,321,475
1,<environment.Job instance at 0x14d707a65460>,115,15,[14  1],160,487,502,327,487
1,<environment.Job instance at 0x14d707a65230>,122,12,[5 1],173,502,514,329,487
1,<environment.Job instance at 0x14d707a65c30>,118,3,[10  1],165,502,505,337,490
1,<environment.Job instance at 0x14d707a65a50>,117,14,[1 8],163,505,519,342,491
1,<environment.Job instance at 0x14d6dfb6b190>,0,3,[1 9],1,1,4,0,1
1,<environment.Job instance at 0x14d6dfb6bfa0>,4,3,[8 1],7,7,10,0,7
1,<environment.Job instance at 0x14d6dfe491e0>,9,2,[9 1],12,12,14,0,12
1,<environment.Job instance at 0x14d6dfe49870>,11,1,[2 7],15,16,17,1,16
1,<environment.Job instance at 0x14d706f6b280>,23,2,[1 6],32,32,34,0,32
1,<environment.Job instance at 0x14d706f6b320>,22,1,[5 1],30,36,37,6,36
1,<environment.Job instance at 0x14d706f6b870>,26,13,[6 1],37,38,51,1,38
1,<environment.Job instance at 0x14d70ca163c0>,28,13,[5 2],39,44,57,5,44
1,<environment.Job instance at 0x14d70ca16410>,29,13,[9 2],40,52,65,12,52
1,<environment.Job instance at 0x14d70ca16780>,34,2,[10  1],46,93,95,47,93
1,<environment.Job instance at 0x14d70ca16820>,35,25,[7 2],48,95,120,47,94
1,<environment.Job instance at 0x14d70ca168c0>,36,1,[ 2 10],49,108,109,59,108
1,<environment.Job instance at 0x14d70ca16550>,39,18,[ 1 12],52,132,150,80,132
1,<environment.Job instance at 0x14d70ca16c80>,42,21,[10  1],55,135,156,80,135
1,<environment.Job instance at 0x14d706f6b690>,24,12,[ 1 10],34,150,162,116,146
1,<environment.Job instance at 0x14d70793cc30>,45,2,[7 1],59,156,158,97,149
1,<environment.Job instance at 0x14d70793ce10>,49,3,[1 5],64,158,161,94,156
1,<environment.Job instance at 0x14d70793c2d0>,47,2,[5 1],61,162,164,101,162
1,<environment.Job instance at 0x14d70793ca50>,50,15,[10  1],65,164,179,99,164
1,<environment.Job instance at 0x14d706f6bb40>,25,1,[ 1 11],36,165,166,129,165
1,<environment.Job instance at 0x14d6f41cd3c0>,55,18,[7 1],75,179,197,104,168
1,<environment.Job instance at 0x14d6dfcc95a0>,63,2,[ 1 10],83,169,171,86,169
1,<environment.Job instance at 0x14d6dfcc9820>,64,13,[6 1],84,179,192,95,169
1,<environment.Job instance at 0x14d6dfcc9f50>,66,2,[6 1],86,192,194,106,170
1,<environment.Job instance at 0x14d6f41cddc0>,59,2,[1 7],79,171,173,92,170
1,<environment.Job instance at 0x14d6dfcc9e60>,76,2,[1 5],102,193,195,91,193
1,<environment.Job instance at 0x14d707011690>,82,2,[2 9],109,194,196,85,193
1,<environment.Job instance at 0x14d707011910>,83,3,[6 1],111,195,198,84,193
1,<environment.Job instance at 0x14d707011c80>,84,2,[8 2],113,197,199,84,193
1,<environment.Job instance at 0x14d6dfcc9e10>,71,14,[2 7],93,198,212,105,193
1,<environment.Job instance at 0x14d7070111e0>,86,2,[7 2],116,199,201,83,196
1,<environment.Job instance at 0x14d707011aa0>,88,2,[6 2],120,199,201,79,197
1,<environment.Job instance at 0x14d707011c30>,89,3,[10  2],121,201,204,80,198
1,<environment.Job instance at 0x14d7070118c0>,91,3,[7 1],124,204,207,80,198
1,<environment.Job instance at 0x14d707011460>,96,1,[5 2],131,198,199,67,198
1,<environment.Job instance at 0x14d6df9b0af0>,100,1,[10  2],138,207,208,69,207
1,<environment.Job instance at 0x14d6df9b0690>,106,12,[9 1],147,234,246,87,234
1,<environment.Job instance at 0x14d6df9b0a50>,107,1,[2 7],148,443,444,295,443
1,<environment.Job instance at 0x14d6dfc39280>,113,12,[2 6],157,457,469,300,457
1,<environment.Job instance at 0x14d6dfcc90a0>,62,1,[ 2 12],82,517,518,435,517
1,<environment.Job instance at 0x14d7040d1910>,114,1,[1 5],160,551,552,391,551
1,<environment.Job instance at 0x14d7040b2f00>,120,1,[12  1],168,562,563,394,562
1,<environment.Job instance at 0x14d6dfce7320>,117,16,[10  1],164,565,581,401,565
1,<environment.Job instance at 0x14d6df922cd0>,119,1,[10  2],166,586,587,420,586
1,<environment.Job instance at 0x14d6df99a5f0>,123,2,[8 1],173,594,596,421,594
1,<environment.Job instance at 0x14d6df99acd0>,124,1,[ 1 11],174,661,662,487,661
1,<environment.Job instance at 0x14d6df9b0820>,105,15,[ 2 13],146,716,731,570,716
1,<environment.Job instance at 0x14d6df9b0b40>,110,2,[12  2],154,783,785,629,783
1,<environment.Job instance at 0x14d6df9b0b40>,6,3,[1 6],9,23,26,14,23
1,<environment.Job instance at 0x14d70ca44960>,28,1,[1 5],38,56,57,18,56
1,<environment.Job instance at 0x14d6dfcf11e0>,13,3,[2 9],17,56,59,39,56
1,<environment.Job instance at 0x14d70ca447d0>,30,2,[5 1],40,56,58,16,56
1,<environment.Job instance at 0x14d70ca442d0>,29,3,[9 1],39,58,61,19,56
1,<environment.Job instance at 0x14d6f40c7f50>,34,2,[8 1],47,61,63,14,58
1,<environment.Job instance at 0x14d6f40c7910>,37,1,[9 2],54,63,64,9,60
1,<environment.Job instance at 0x14d6f40c70a0>,36,2,[2 7],52,61,63,9,61
1,<environment.Job instance at 0x14d6dfd81c30>,40,3,[6 2],58,63,66,5,61
1,<environment.Job instance at 0x14d6dfd817d0>,41,1,[5 2],60,61,62,1,61
1,<environment.Job instance at 0x14d6f40c7500>,33,15,[1 8],44,64,79,20,61
1,<environment.Job instance at 0x14d70cae3dc0>,44,13,[9 2],65,72,85,7,72
1,<environment.Job instance at 0x14d70cae32d0>,46,1,[1 9],68,79,80,11,78
1,<environment.Job instance at 0x14d70cae3640>,48,17,[8 1],72,85,102,13,83
1,<environment.Job instance at 0x14d6dfbe3820>,52,3,[13  1],77,102,105,25,85
1,<environment.Job instance at 0x14d70cae34b0>,45,3,[8 2],67,105,108,38,90
1,<environment.Job instance at 0x14d6dfbe32d0>,53,3,[6 1],80,94,97,14,94
1,<environment.Job instance at 0x14d6dfbe3140>,56,16,[5 2],83,105,121,22,98
1,<environment.Job instance at 0x14d6dfbe3640>,58,1,[2 6],85,101,102,16,101
1,<environment.Job instance at 0x14d7058b32d0>,63,3,[2 6],91,101,104,10,101
1,<environment.Job instance at 0x14d7058b38c0>,64,1,[ 2 10],92,104,105,12,101
1,<environment.Job instance at 0x14d6dfbe3af0>,61,2,[6 1],88,108,110,20,104
1,<environment.Job instance at 0x14d7058b3b90>,65,2,[5 2],94,110,112,16,108
1,<environment.Job instance at 0x14d7058b36e0>,67,15,[10  2],96,112,127,16,112
1,<environment.Job instance at 0x14d7058b3a00>,66,1,[7 2],95,127,128,32,119
1,<environment.Job instance at 0x14d6dfbe36e0>,59,26,[1 6],86,121,147,35,120
1,<environment.Job instance at 0x14d706f12780>,70,3,[7 1],99,127,130,28,126
1,<environment.Job instance at 0x14d6dfbe3be0>,55,3,[11  1],82,130,133,48,126
1,<environment.Job instance at 0x14d706f12550>,74,3,[ 2 10],105,147,150,42,129
1,<environment.Job instance at 0x14d70a21da50>,83,17,[2 8],120,242,259,122,242
1,<environment.Job instance at 0x14d6dfcd2870>,86,25,[ 2 14],123,297,322,174,297
1,<environment.Job instance at 0x14d7070b20f0>,88,3,[8 2],127,325,328,198,325
1,<environment.Job instance at 0x14d707c7abe0>,90,3,[9 1],130,338,341,208,338
1,<environment.Job instance at 0x14d6dfd7f320>,94,22,[5 2],134,368,390,234,368
1,<environment.Job instance at 0x14d6dfd7ff00>,95,22,[7 2],136,385,407,249,385
1,<environment.Job instance at 0x14d706fc4b90>,91,2,[8 2],131,423,425,292,423
1,<environment.Job instance at 0x14d70cac9c30>,101,21,[5 1],144,476,497,332,476
1,<environment.Job instance at 0x14d705570f50>,97,3,[ 2 10],138,480,483,342,480
1,<environment.Job instance at 0x14d70cb38f50>,24,3,[13  1],32,497,500,465,497
1,<environment.Job instance at 0x14d6dfbe87d0>,106,2,[ 2 10],151,502,504,351,502
1,<environment.Job instance at 0x14d70ca4db90>,105,3,[7 2],150,506,509,356,506
1,<environment.Job instance at 0x14d6df81c190>,109,24,[5 2],158,673,697,515,673
1,<environment.Job instance at 0x14d70c3c1d70>,112,12,[1 6],164,690,702,526,690
1,<environment.Job instance at 0x14d70511f3c0>,111,3,[1 8],162,706,709,544,706
1,<environment.Job instance at 0x14d7055c62d0>,113,15,[6 2],167,716,731,549,716
1,<environment.Job instance at 0x14d707d1b0a0>,115,3,[6 2],171,739,742,568,739
1,<environment.Job instance at 0x14d706e2c640>,117,1,[10  2],173,742,743,569,742
1,<environment.Job instance at 0x14d706e2cc80>,118,3,[1 5],175,744,747,569,744
1,<environment.Job instance at 0x14d706dd8500>,120,3,[2 7],177,754,757,577,754
1,<environment.Job instance at 0x14d6dfa84a00>,121,3,[14  2],178,802,805,624,802
1,<environment.Job instance at 0x14d70e221fa0>,107,3,[ 1 12],155,830,833,675,830
1,<environment.Job instance at 0x14d70a21dcd0>,85,17,[ 2 11],122,1000,1017,878,1000
1,<environment.Job instance at 0x14d70e0e95a0>,5,2,[2 7],9,9,11,0,9
1,<environment.Job instance at 0x14d70e0e9960>,9,1,[2 8],15,15,16,0,15
1,<environment.Job instance at 0x14d70e0e9b40>,7,3,[5 2],12,17,20,5,17
1,<environment.Job instance at 0x14d70e0e1b90>,18,3,[1 7],29,32,35,3,32
1,<environment.Job instance at 0x14d70cba8fa0>,22,2,[8 2],36,38,40,2,38
1,<environment.Job instance at 0x14d70ca7c820>,14,2,[13  2],22,40,42,18,39
1,<environment.Job instance at 0x14d70e0e1b40>,19,19,[8 1],32,42,61,10,40
1,<environment.Job instance at 0x14d6dfa05230>,30,18,[9 2],46,61,79,15,51
1,<environment.Job instance at 0x14d6dfa07eb0>,40,3,[6 1],65,66,69,1,66
1,<environment.Job instance at 0x14d6dfa072d0>,41,3,[7 2],66,79,82,13,66
1,<environment.Job instance at 0x14d6dfaa0af0>,48,2,[6 1],77,77,79,0,77
1,<environment.Job instance at 0x14d6dfb6ac30>,64,3,[6 2],110,132,135,22,132
1,<environment.Job instance at 0x14d6dfb56eb0>,68,3,[1 9],115,143,146,28,143
1,<environment.Job instance at 0x14d6dfb56d70>,71,22,[7 2],118,151,173,33,151
1,<environment.Job instance at 0x14d6dfb56780>,73,3,[9 2],120,258,261,138,258
1,<environment.Job instance at 0x14d6df8a22d0>,89,1,[6 1],141,258,259,117,258
1,<environment.Job instance at 0x14d6dfb7fdc0>,91,21,[10  2],144,261,282,117,261
1,<environment.Job instance at 0x14d707c97690>,93,1,[5 1],146,286,287,140,286
1,<environment.Job instance at 0x14d6dfb50140>,97,3,[2 6],153,286,289,133,286
1,<environment.Job instance at 0x14d707ca1e10>,92,15,[9 1],145,287,302,142,287
1,<environment.Job instance at 0x14d6dfb6af00>,61,3,[14  1],102,302,305,200,288
1,<environment.Job instance at 0x14d6df956cd0>,103,1,[2 6],160,289,290,129,289
1,<environment.Job instance at 0x14d6dfb4c1e0>,98,2,[8 1],154,305,307,151,289
1,<environment.Job instance at 0x14d6dfa236e0>,110,15,[8 1],169,307,322,138,297
1,<environment.Job instance at 0x14d706dac690>,113,15,[9 2],173,322,337,149,308
1,<environment.Job instance at 0x14d6df9566e0>,105,1,[2 6],163,319,320,156,319
1,<environment.Job instance at 0x14d707c9ce60>,116,1,[10  2],176,337,338,161,323
1,<environment.Job instance at 0x14d706dac960>,114,17,[5 1],174,326,343,152,326
1,<environment.Job instance at 0x14d707c9c910>,117,13,[8 2],178,338,351,160,334
1,<environment.Job instance at 0x14d6dfa23050>,109,3,[ 2 13],168,360,363,192,360
1,<environment.Job instance at 0x14d70caf1d70>,1,18,[6 2],3,7,25,4,7
1,<environment.Job instance at 0x14d70caf1aa0>,8,2,[8 1],16,16,18,0,16
1,<environment.Job instance at 0x14d706db64b0>,13,19,[2 7],21,22,41,1,22
1,<environment.Job instance at 0x14d706db6eb0>,11,13,[6 2],19,38,51,19,38
1,<environment.Job instance at 0x14d706db9f00>,24,24,[2 7],36,42,66,6,42
1,<environment.Job instance at 0x14d706db65f0>,17,17,[9 1],25,51,68,26,42
1,<environment.Job instance at 0x14d706db9d20>,23,1,[10  1],34,68,69,34,42
1,<environment.Job instance at 0x14d706db9aa0>,26,13,[1 6],38,56,69,18,56
1,<environment.Job instance at 0x14d706dca8c0>,31,2,[2 9],48,69,71,21,58
1,<environment.Job instance at 0x14d706dcafa0>,35,18,[7 2],53,75,93,22,75
1,<environment.Job instance at 0x14d6dfe45370>,50,1,[13  1],83,94,95,11,94
1,<environment.Job instance at 0x14d6dfc11550>,53,3,[2 9],87,94,97,7,94
1,<environment.Job instance at 0x14d706db9780>,27,18,[2 5],39,95,113,56,94
1,<environment.Job instance at 0x14d707a1a730>,42,1,[5 1],66,101,102,35,101
1,<environment.Job instance at 0x14d6dfb7f870>,56,16,[6 2],90,101,117,11,101
1,<environment.Job instance at 0x14d707a1aaf0>,46,1,[ 1 12],71,113,114,42,106
1,<environment.Job instance at 0x14d6f40b9dc0>,55,2,[9 2],89,114,116,25,106
1,<environment.Job instance at 0x14d707c7eb90>,71,18,[6 1],111,119,137,8,119
1,<environment.Job instance at 0x14d707c7ed70>,74,14,[2 6],118,138,152,20,138
1,<environment.Job instance at 0x14d6dfa80c80>,81,2,[1 8],128,138,140,10,138
1,<environment.Job instance at 0x14d707c7e730>,75,3,[6 2],119,159,162,40,159
1,<environment.Job instance at 0x14d6dfa80910>,82,3,[5 1],129,162,165,33,162
1,<environment.Job instance at 0x14d6dfb4cc80>,90,1,[7 2],140,167,168,27,167
1,<environment.Job instance at 0x14d6df975140>,97,1,[2 5],151,189,190,38,189
1,<environment.Job instance at 0x14d706db0aa0>,110,2,[1 7],167,191,193,24,191
1,<environment.Job instance at 0x14d7079d0b90>,113,13,[6 1],172,191,204,19,191
1,<environment.Job instance at 0x14d7079d0dc0>,114,3,[7 2],173,191,194,18,191
1,<environment.Job instance at 0x14d6df975050>,95,14,[1 7],148,193,207,45,193
1,<environment.Job instance at 0x14d6dfb4c460>,94,1,[9 1],147,204,205,57,195
1,<environment.Job instance at 0x14d7079d0960>,117,3,[9 1],178,205,208,27,196
1,<environment.Job instance at 0x14d7079d0140>,116,20,[10  2],177,209,229,32,209
1,<environment.Job instance at 0x14d706da14b0>,109,3,[ 2 12],166,307,310,141,307
1,<environment.Job instance at 0x1542306dd910>,8,13,[6 1],9,9,22,0,9
1,<environment.Job instance at 0x154230438730>,3,1,[6 2],4,10,11,6,10
1,<environment.Job instance at 0x15422ff50f50>,9,2,[6 1],11,11,13,0,11
1,<environment.Job instance at 0x154230475640>,17,17,[6 1],23,26,43,3,26
1,<environment.Job instance at 0x15423046c8c0>,21,3,[6 1],29,30,33,1,30
1,<environment.Job instance at 0x15423035e0f0>,18,2,[10  1],25,43,45,18,38
1,<environment.Job instance at 0x1542306abc80>,25,2,[2 8],34,39,41,5,39
1,<environment.Job instance at 0x154230387730>,27,2,[2 7],36,44,46,8,44
1,<environment.Job instance at 0x154230387c80>,26,1,[2 7],35,58,59,23,58
1,<environment.Job instance at 0x15422ff1c500>,33,1,[2 7],43,58,59,15,58
1,<environment.Job instance at 0x15422ff1c140>,35,2,[1 8],45,59,61,14,58
1,<environment.Job instance at 0x15422ff1cf00>,34,15,[11  1],44,58,73,14,58
1,<environment.Job instance at 0x15423038c280>,22,1,[2 7],30,61,62,31,58
1,<environment.Job instance at 0x15422ff1ce60>,39,3,[1 5],52,59,62,7,59
1,<environment.Job instance at 0x15422ff1cb40>,40,3,[1 6],53,62,65,9,60
1,<environment.Job instance at 0x15422ff18d20>,41,25,[12  2],54,73,98,19,69
1,<environment.Job instance at 0x15422ff195f0>,46,2,[2 8],61,72,74,11,72
1,<environment.Job instance at 0x15422ff2d4b0>,51,2,[8 2],69,98,100,29,72
1,<environment.Job instance at 0x15422ff32190>,52,2,[1 7],72,89,91,17,89
1,<environment.Job instance at 0x15422ff19320>,49,16,[8 2],66,100,116,34,89
1,<environment.Job instance at 0x1542303a19b0>,57,22,[1 5],80,92,114,12,92
1,<environment.Job instance at 0x1542303a7730>,60,17,[8 1],86,116,133,30,106
1,<environment.Job instance at 0x1542303fd6e0>,65,3,[2 9],92,114,117,22,106
1,<environment.Job instance at 0x1542303f2780>,67,1,[13  1],94,133,134,39,106
1,<environment.Job instance at 0x1542303f2e60>,68,3,[1 9],95,117,120,22,116
1,<environment.Job instance at 0x1542303f2a50>,71,3,[2 9],99,120,123,21,116
1,<environment.Job instance at 0x1542303f2f00>,73,2,[6 2],103,117,119,14,117
1,<environment.Job instance at 0x1542303f2550>,74,3,[6 2],106,123,126,17,117
1,<environment.Job instance at 0x15422ff14be0>,75,1,[1 6],107,123,124,16,119
1,<environment.Job instance at 0x15422ff14d70>,79,3,[7 2],111,127,130,16,127
1,<environment.Job instance at 0x1542306b6e10>,84,2,[ 1 10],118,130,132,12,129
1,<environment.Job instance at 0x154230438eb0>,82,12,[2 8],115,132,144,17,131
1,<environment.Job instance at 0x154230499aa0>,77,2,[ 1 10],109,144,146,35,132
1,<environment.Job instance at 0x1542306b78c0>,93,2,[14  1],130,144,146,14,141
1,<environment.Job instance at 0x1542306d5e60>,95,3,[2 8],132,146,149,14,141
1,<environment.Job instance at 0x1542306dbf00>,97,15,[10  2],135,146,161,11,141
1,<environment.Job instance at 0x1542306b7460>,92,15,[7 1],129,161,176,32,148
1,<environment.Job instance at 0x1542306db370>,98,13,[ 1 10],136,162,175,26,162
1,<environment.Job instance at 0x1542306d55f0>,96,12,[9 2],134,176,188,42,162
1,<environment.Job instance at 0x1542306da910>,104,1,[ 2 14],143,175,176,32,168
1,<environment.Job instance at 0x1542306dac30>,106,15,[5 1],145,176,191,31,172
1,<environment.Job instance at 0x1542306cfeb0>,114,15,[9 2],157,188,203,31,182
1,<environment.Job instance at 0x1542306dab90>,109,3,[11  2],151,203,206,52,187
1,<environment.Job instance at 0x1542306d4280>,117,1,[1 7],160,187,188,27,187
1,<environment.Job instance at 0x154231d625f0>,120,1,[1 8],166,188,189,22,187
1,<environment.Job instance at 0x1542306d4f50>,119,3,[12  1],164,225,228,61,225
1,<environment.Job instance at 0x154231d57190>,129,12,[6 1],176,246,258,70,246
1,<environment.Job instance at 0x154231d57910>,130,28,[2 8],179,293,321,114,293
1,<environment.Job instance at 0x154231d57050>,128,2,[7 2],175,335,337,160,335
1,<environment.Job instance at 0x154231d55460>,134,2,[1 9],188,362,364,174,362
1,<environment.Job instance at 0x15423037d050>,20,2,[ 1 13],27,368,370,341,368
1,<environment.Job instance at 0x154231dbc5f0>,125,13,[ 1 14],172,726,739,554,726
1,<environment.Job instance at 0x154230382be0>,12,1,[2 9],14,169,170,155,169
1,<environment.Job instance at 0x154231c9a500>,57,1,[1 5],83,180,181,97,180
1,<environment.Job instance at 0x15422ff1bd70>,56,2,[6 2],82,236,238,154,236
1,<environment.Job instance at 0x154231be1910>,59,3,[ 2 10],85,239,242,154,239
1,<environment.Job instance at 0x1541faca3fa0>,60,3,[ 1 13],86,242,245,156,239
1,<environment.Job instance at 0x154231be1f00>,61,3,[1 5],89,239,242,150,239
1,<environment.Job instance at 0x154231c19e60>,63,1,[2 8],91,245,246,154,240
1,<environment.Job instance at 0x154231d37f50>,64,1,[7 1],92,242,243,150,242
1,<environment.Job instance at 0x154232862500>,65,18,[5 2],93,243,261,150,243
1,<environment.Job instance at 0x154231c19320>,62,21,[ 2 13],90,246,267,156,244
1,<environment.Job instance at 0x15423049aeb0>,16,12,[7 1],20,261,273,241,258
1,<environment.Job instance at 0x154232862910>,69,1,[5 2],98,270,271,172,270
1,<environment.Job instance at 0x154232862dc0>,70,1,[1 8],99,272,273,173,272
1,<environment.Job instance at 0x154232862410>,71,3,[1 7],100,273,276,173,273
1,<environment.Job instance at 0x154231d315a0>,72,2,[5 2],102,277,279,175,277
1,<environment.Job instance at 0x154232862690>,74,2,[5 2],105,281,283,176,281
1,<environment.Job instance at 0x154231e001e0>,76,12,[7 1],108,285,297,177,285
1,<environment.Job instance at 0x154231e00cd0>,77,2,[10  1],109,297,299,188,297
1,<environment.Job instance at 0x154231e5bb40>,79,17,[7 1],112,310,327,198,310
1,<environment.Job instance at 0x154231e00d70>,80,1,[2 5],114,313,314,199,313
1,<environment.Job instance at 0x154232862f00>,67,3,[1 7],96,316,319,220,316
1,<environment.Job instance at 0x1542328001e0>,81,3,[1 8],115,333,336,218,333
1,<environment.Job instance at 0x154232800eb0>,82,12,[7 2],117,334,346,217,334
1,<environment.Job instance at 0x1542328004b0>,83,2,[7 2],119,339,341,220,339
1,<environment.Job instance at 0x1542328003c0>,85,14,[8 2],122,350,364,228,350
1,<environment.Job instance at 0x154232800690>,84,3,[ 2 10],121,356,359,235,356
1,<environment.Job instance at 0x1542328005a0>,89,2,[ 1 10],127,360,362,233,360
1,<environment.Job instance at 0x1542328008c0>,90,3,[7 2],128,362,365,234,362
1,<environment.Job instance at 0x154232860c80>,91,21,[7 2],130,369,390,239,369
1,<environment.Job instance at 0x154232800500>,88,14,[8 1],126,370,384,244,370
1,<environment.Job instance at 0x154232860cd0>,95,3,[5 1],134,396,399,262,396
1,<environment.Job instance at 0x154232860640>,96,3,[1 7],139,406,409,267,406
1,<environment.Job instance at 0x1542328605f0>,93,3,[1 9],132,409,412,277,408
1,<environment.Job instance at 0x154232860aa0>,97,12,[7 1],141,413,425,272,413
1,<environment.Job instance at 0x154232860820>,98,20,[8 2],142,413,433,271,413
1,<environment.Job instance at 0x15423285d5a0>,103,2,[9 2],152,439,441,287,439
1,<environment.Job instance at 0x15423285d320>,105,16,[7 2],154,459,475,305,459
1,<environment.Job instance at 0x15423285d8c0>,107,18,[5 2],157,461,479,304,461
1,<environment.Job instance at 0x154232860870>,94,1,[6 1],133,481,482,348,481
1,<environment.Job instance at 0x15423285d820>,108,1,[1 8],158,486,487,328,486
1,<environment.Job instance at 0x15423282ef50>,115,2,[ 2 12],170,490,492,320,490
1,<environment.Job instance at 0x15423282e230>,117,3,[2 7],173,495,498,322,495
1,<environment.Job instance at 0x15423282e0f0>,113,15,[8 2],166,501,516,335,501
1,<environment.Job instance at 0x15423282f5a0>,119,2,[8 1],178,516,518,338,501
1,<environment.Job instance at 0x15423282fc80>,120,2,[1 9],181,518,520,337,518
1,<environment.Job instance at 0x15423282f960>,118,15,[ 1 11],177,523,538,346,523
1,<environment.Job instance at 0x15423282f5f0>,123,3,[1 8],184,538,541,354,532
1,<environment.Job instance at 0x15423282f820>,126,2,[1 6],188,584,586,396,584
1,<environment.Job instance at 0x15423282fbe0>,122,1,[1 9],183,589,590,406,589
1,<environment.Job instance at 0x15423282e2d0>,114,17,[10  1],168,616,633,448,616
1,<environment.Job instance at 0x1542303a15a0>,51,2,[ 2 12],76,631,633,555,631
1,<environment.Job instance at 0x1541fabb8d70>,55,13,[ 1 11],81,753,766,672,753
1,<environment.Job instance at 0x1541fabb8d70>,2,16,[9 1],3,7,23,4,7
1,<environment.Job instance at 0x15422c0986e0>,5,14,[7 2],7,23,37,16,11
1,<environment.Job instance at 0x15422c0a29b0>,15,1,[2 7],24,24,25,0,24
1,<environment.Job instance at 0x15422c09e550>,20,2,[5 2],32,32,34,0,32
1,<environment.Job instance at 0x15422c030e10>,29,2,[2 9],45,45,47,0,45
1,<environment.Job instance at 0x15422c044320>,30,2,[2 5],46,46,48,0,46
1,<environment.Job instance at 0x15422c20afa0>,63,2,[6 1],94,139,141,45,139
1,<environment.Job instance at 0x15422c20a190>,64,3,[10  1],96,146,149,50,146
1,<environment.Job instance at 0x15422c07cbe0>,40,1,[2 6],63,177,178,114,177
1,<environment.Job instance at 0x15422c20ac80>,68,1,[1 5],102,182,183,80,182
1,<environment.Job instance at 0x15422c20adc0>,69,18,[8 2],103,184,202,81,184
1,<environment.Job instance at 0x15422c20a780>,70,3,[1 6],104,187,190,83,187
1,<environment.Job instance at 0x15422c20a320>,71,16,[1 5],105,193,209,88,193
1,<environment.Job instance at 0x15422c206910>,73,17,[2 9],107,202,219,95,199
1,<environment.Job instance at 0x15422c206280>,74,15,[7 2],108,209,224,101,199
1,<environment.Job instance at 0x15422c206d70>,78,3,[2 8],112,231,234,119,231
1,<environment.Job instance at 0x15422c206d20>,79,2,[2 8],113,238,240,125,238
1,<environment.Job instance at 0x15422c2061e0>,75,16,[2 8],109,240,256,131,238
1,<environment.Job instance at 0x15422c207370>,81,1,[6 2],118,243,244,125,243
1,<environment.Job instance at 0x15422c207460>,83,1,[6 2],121,248,249,127,248
1,<environment.Job instance at 0x15422c20a5f0>,66,3,[ 2 11],100,267,270,167,267
1,<environment.Job instance at 0x15422c20a280>,62,14,[14  1],92,270,284,178,269
1,<environment.Job instance at 0x15422c2076e0>,84,1,[2 9],122,284,285,162,269
1,<environment.Job instance at 0x15422c08b690>,90,2,[ 1 10],130,271,273,141,271
1,<environment.Job instance at 0x15422c084190>,98,2,[5 2],140,284,286,144,271
1,<environment.Job instance at 0x15422c0846e0>,97,3,[10  2],139,333,336,194,333
1,<environment.Job instance at 0x15422c0829b0>,107,3,[2 7],152,350,353,198,350
1,<environment.Job instance at 0x15422c0822d0>,115,3,[1 7],163,399,402,236,399
1,<environment.Job instance at 0x15422c082910>,119,3,[5 1],167,403,406,236,403
1,<environment.Job instance at 0x15422c082780>,120,1,[10  1],168,409,410,241,409
1,<environment.Job instance at 0x15422c082690>,121,1,[1 8],169,416,417,247,416
1,<environment.Job instance at 0x15422c083b90>,125,2,[10  2],173,422,424,249,422
1,<environment.Job instance at 0x15422c0833c0>,128,2,[1 6],177,499,501,322,499
1,<environment.Job instance at 0x15422c083870>,131,13,[5 1],181,609,622,428,609
1,<environment.Job instance at 0x15422c083e60>,137,3,[7 1],187,632,635,445,632
1,<environment.Job instance at 0x15422c084e10>,102,13,[12  2],147,862,875,715,862
1,<environment.Job instance at 0x15422c080d20>,139,25,[12  1],189,917,942,728,917
1,<environment.Job instance at 0x154238e95230>,11,2,[7 1],22,26,28,4,26
1,<environment.Job instance at 0x154238e958c0>,10,3,[8 1],20,26,29,6,26
1,<environment.Job instance at 0x15423793efa0>,20,3,[2 6],36,37,40,1,37
1,<environment.Job instance at 0x1541faac4140>,25,1,[10  2],45,45,46,0,45
1,<environment.Job instance at 0x154238e95a00>,17,12,[1 5],31,49,61,18,49
1,<environment.Job instance at 0x15422c102280>,30,3,[10  2],53,62,65,9,62
1,<environment.Job instance at 0x15422c102910>,31,2,[1 6],57,73,75,16,73
1,<environment.Job instance at 0x154236ee1d70>,37,1,[2 8],69,102,103,33,102
1,<environment.Job instance at 0x1541faf45320>,48,3,[9 2],82,102,105,20,102
1,<environment.Job instance at 0x1541faf45820>,44,21,[1 8],76,129,150,53,129
1,<environment.Job instance at 0x154232a7afa0>,63,1,[8 1],109,135,136,26,135
1,<environment.Job instance at 0x15422c20cfa0>,64,3,[1 9],111,150,153,39,147
1,<environment.Job instance at 0x154235010370>,66,2,[7 2],115,148,150,33,148
1,<environment.Job instance at 0x15422c0ff500>,67,12,[7 1],116,149,161,33,149
1,<environment.Job instance at 0x15422c1e7be0>,68,13,[13  2],117,161,174,44,156
1,<environment.Job instance at 0x15422c0ff6e0>,65,1,[2 9],114,157,158,43,157
1,<environment.Job instance at 0x1542379a0e10>,70,2,[7 1],121,174,176,53,166
1,<environment.Job instance at 0x15422c1e7140>,69,3,[9 2],118,176,179,58,166
1,<environment.Job instance at 0x15422c161550>,74,28,[5 1],126,174,202,48,173
1,<environment.Job instance at 0x15422c1619b0>,73,1,[8 1],125,179,180,54,173
1,<environment.Job instance at 0x1542398d8be0>,77,15,[6 1],129,180,195,51,173
1,<environment.Job instance at 0x1541fac36b40>,78,3,[6 2],130,195,198,65,173
1,<environment.Job instance at 0x1541faaca1e0>,41,14,[2 8],73,179,193,106,173
1,<environment.Job instance at 0x15422c286140>,79,1,[6 2],131,198,199,67,174
1,<environment.Job instance at 0x1541fac623c0>,81,1,[7 1],134,199,200,65,177
1,<environment.Job instance at 0x1542398d8820>,76,18,[5 1],128,200,218,72,199
1,<environment.Job instance at 0x15422c18ac30>,86,13,[2 5],139,202,215,63,202
1,<environment.Job instance at 0x1541fac62d70>,84,3,[1 5],137,202,205,65,202
1,<environment.Job instance at 0x15422c254f50>,89,1,[6 2],146,236,237,90,236
1,<environment.Job instance at 0x154237951d20>,95,1,[9 1],155,282,283,127,282
1,<environment.Job instance at 0x15422c1a8c80>,109,13,[1 9],174,334,347,160,334
1,<environment.Job instance at 0x15422c155b40>,98,16,[8 1],160,334,350,174,334
1,<environment.Job instance at 0x15422c1a84b0>,112,1,[ 1 10],179,347,348,168,336
1,<environment.Job instance at 0x15422c1afe10>,115,3,[6 2],182,336,339,154,336
1,<environment.Job instance at 0x15422c1afd70>,116,2,[6 2],183,339,341,156,338
1,<environment.Job instance at 0x15422c1af050>,118,1,[6 1],186,341,342,155,341
1,<environment.Job instance at 0x15422c1a8d20>,114,17,[2 9],181,349,366,168,349
1,<environment.Job instance at 0x15422c1afeb0>,119,12,[ 1 10],187,366,378,179,354
1,<environment.Job instance at 0x154232a7a550>,61,1,[ 1 12],106,378,379,272,364
1,<environment.Job instance at 0x154231dc00f0>,3,2,[2 7],4,5,7,1,5
1,<environment.Job instance at 0x1541faace320>,5,3,[7 1],6,7,10,1,7
1,<environment.Job instance at 0x1541faa8aaa0>,8,2,[7 2],10,10,12,0,10
1,<environment.Job instance at 0x1541faace5f0>,6,14,[8 2],7,12,26,5,12
1,<environment.Job instance at 0x1541faace8c0>,4,16,[ 2 10],5,16,32,11,16
1,<environment.Job instance at 0x1541faa8a2d0>,12,1,[1 5],16,26,27,10,18
1,<environment.Job instance at 0x1541faa8aa50>,13,1,[10  1],18,27,28,9,21
1,<environment.Job instance at 0x1541faa374b0>,19,21,[2 5],25,68,89,43,68
1,<environment.Job instance at 0x15422c306f50>,35,17,[9 1],46,69,86,23,69
1,<environment.Job instance at 0x154231d4daf0>,21,3,[2 7],28,73,76,45,73
1,<environment.Job instance at 0x1541fab10370>,46,13,[2 6],59,76,89,17,75
1,<environment.Job instance at 0x154231dff370>,49,17,[7 1],64,94,111,30,94
1,<environment.Job instance at 0x154231df4c80>,50,17,[2 7],65,103,120,38,103
1,<environment.Job instance at 0x15422c250140>,53,1,[8 2],68,153,154,85,153
1,<environment.Job instance at 0x1541fac5f8c0>,54,1,[5 2],69,173,174,104,173
1,<environment.Job instance at 0x1541fab10aa0>,47,17,[12  1],60,193,210,133,193
1,<environment.Job instance at 0x154231deceb0>,61,2,[ 1 10],78,193,195,115,193
1,<environment.Job instance at 0x1542378414b0>,55,1,[7 1],70,210,211,140,193
1,<environment.Job instance at 0x154231dec9b0>,59,1,[6 2],75,210,211,135,196
1,<environment.Job instance at 0x154231decaf0>,69,3,[2 7],86,196,199,110,196
1,<environment.Job instance at 0x154231dec140>,65,2,[7 2],82,249,251,167,249
1,<environment.Job instance at 0x154231deb2d0>,80,3,[2 5],99,249,252,150,249
1,<environment.Job instance at 0x154231deb640>,83,2,[2 9],102,267,269,165,267
1,<environment.Job instance at 0x154231ddb7d0>,90,16,[6 2],111,314,330,203,314
1,<environment.Job instance at 0x154231ddb500>,91,1,[6 1],112,317,318,205,317
1,<environment.Job instance at 0x154231ddbb40>,92,2,[9 1],114,319,321,205,319
1,<environment.Job instance at 0x154231deb320>,86,15,[2 9],106,321,336,215,319
1,<environment.Job instance at 0x154231ddb1e0>,94,1,[8 1],117,330,331,213,326
1,<environment.Job instance at 0x154231ddb910>,97,3,[ 2 14],122,336,339,214,328
1,<environment.Job instance at 0x154231ddbf00>,96,2,[7 2],120,328,330,208,328
1,<environment.Job instance at 0x154231ddb280>,99,1,[ 2 10],124,339,340,215,328
1,<environment.Job instance at 0x154231ddb690>,100,2,[7 2],126,331,333,205,331
1,<environment.Job instance at 0x154231ddba00>,89,1,[ 1 14],110,340,341,230,333
1,<environment.Job instance at 0x154231ddb960>,101,1,[6 1],127,339,340,212,339
1,<environment.Job instance at 0x154231ddbc30>,106,1,[1 5],137,341,342,204,339
1,<environment.Job instance at 0x154231dda8c0>,107,14,[5 2],139,341,355,202,339
1,<environment.Job instance at 0x154231dda2d0>,109,15,[14  1],141,355,370,214,342
1,<environment.Job instance at 0x154231ddb5f0>,102,2,[6 1],129,370,372,241,363
1,<environment.Job instance at 0x1542398b2690>,120,12,[5 2],157,376,388,219,376
1,<environment.Job instance at 0x154231dda910>,125,1,[1 9],164,385,386,221,385
1,<environment.Job instance at 0x154237899c30>,128,1,[9 2],170,401,402,231,401
1,<environment.Job instance at 0x154238e697d0>,132,3,[6 2],176,471,474,295,471
1,<environment.Job instance at 0x154238e695f0>,134,15,[2 5],179,556,571,377,556
1,<environment.Job instance at 0x154238e69d70>,135,14,[7 1],180,561,575,381,561
1,<environment.Job instance at 0x154231dec370>,68,1,[13  1],85,575,576,490,565
1,<environment.Job instance at 0x154238e69a00>,136,2,[7 1],181,571,573,390,565
1,<environment.Job instance at 0x154238e69780>,139,14,[9 1],184,576,590,392,565
1,<environment.Job instance at 0x154238e69550>,141,1,[6 2],187,566,567,379,566
1,<environment.Job instance at 0x154238e69e10>,131,13,[7 2],174,590,603,416,588
1,<environment.Job instance at 0x154238e691e0>,133,2,[12  1],177,741,743,564,741
1,<environment.Job instance at 0x154237899b90>,130,26,[ 2 13],173,934,960,761,934
1,<environment.Job instance at 0x1541fa96baf0>,9,1,[1 8],20,22,23,2,22
1,<environment.Job instance at 0x1541fa96baa0>,10,2,[2 9],21,23,25,2,23
1,<environment.Job instance at 0x1541fa96beb0>,13,28,[5 2],24,24,52,0,24
1,<environment.Job instance at 0x1541fa96b640>,7,2,[ 1 11],17,26,28,9,26
1,<environment.Job instance at 0x1541fa96bfa0>,15,2,[ 1 10],26,28,30,2,28
1,<environment.Job instance at 0x1541fa96daf0>,23,2,[6 2],36,37,39,1,37
1,<environment.Job instance at 0x1541fa96d320>,19,1,[8 1],30,97,98,67,97
1,<environment.Job instance at 0x1541fa96d370>,16,3,[ 2 14],27,97,100,70,97
1,<environment.Job instance at 0x1541fa96f0a0>,32,16,[7 1],45,98,114,53,97
1,<environment.Job instance at 0x1541fa96ffa0>,52,3,[9 1],76,147,150,71,147
1,<environment.Job instance at 0x1541fa96f140>,33,2,[8 2],46,159,161,113,159
1,<environment.Job instance at 0x1541fa9710f0>,53,13,[2 5],78,161,174,83,161
1,<environment.Job instance at 0x1541fa971410>,58,3,[11  1],89,166,169,77,166
1,<environment.Job instance at 0x1541fa971690>,61,1,[8 1],93,169,170,76,166
1,<environment.Job instance at 0x1541fa971780>,63,12,[7 2],96,170,182,74,166
1,<environment.Job instance at 0x1541fa971500>,59,13,[ 2 11],90,181,194,91,181
1,<environment.Job instance at 0x1541fa971870>,62,16,[9 1],94,182,198,88,181
1,<environment.Job instance at 0x1541fa971eb0>,66,2,[7 2],104,198,200,94,181
1,<environment.Job instance at 0x1541fa96fb40>,49,3,[12  1],69,200,203,131,181
1,<environment.Job instance at 0x1541fa9740a0>,68,1,[ 2 10],107,194,195,87,183
1,<environment.Job instance at 0x1541fa974910>,75,3,[8 2],115,203,206,88,186
1,<environment.Job instance at 0x1541fa9760f0>,83,2,[2 7],126,198,200,72,198
1,<environment.Job instance at 0x1541fa976320>,88,2,[6 2],131,203,205,72,199
1,<environment.Job instance at 0x1541fa974140>,70,2,[ 1 12],109,205,207,96,202
1,<environment.Job instance at 0x1541fa9765f0>,90,2,[5 2],135,206,208,71,203
1,<environment.Job instance at 0x1541fa9768c0>,95,1,[2 6],142,207,208,65,204
1,<environment.Job instance at 0x1541fa976aa0>,99,1,[6 1],146,205,206,59,204
1,<environment.Job instance at 0x1541fa976500>,89,1,[7 1],134,208,209,74,208
1,<environment.Job instance at 0x1541fa976f00>,100,3,[8 1],148,213,216,65,213
1,<environment.Job instance at 0x1541fa963690>,106,21,[6 1],160,213,234,53,213
1,<environment.Job instance at 0x1541fa9636e0>,107,3,[ 2 13],162,253,256,91,253
1,<environment.Job instance at 0x1541fa8f8e60>,125,1,[2 6],189,256,257,67,255
1,<environment.Job instance at 0x1541fa963190>,103,17,[10  1],156,264,281,108,264
1,<environment.Job instance at 0x1542327ba3c0>,7,16,[1 6],12,23,39,11,23
1,<environment.Job instance at 0x1542327ba9b0>,9,2,[5 1],15,24,26,9,24
1,<environment.Job instance at 0x1541fab6b0a0>,16,2,[ 2 10],25,39,41,14,25
1,<environment.Job instance at 0x1541fab6b280>,17,3,[9 1],26,26,29,0,26
1,<environment.Job instance at 0x1542327ba960>,6,21,[9 1],11,29,50,18,26
1,<environment.Job instance at 0x154232b0b7d0>,24,1,[2 8],35,36,37,1,36
1,<environment.Job instance at 0x154232b0b3c0>,23,1,[9 2],34,50,51,16,36
1,<environment.Job instance at 0x15422c186500>,29,3,[1 9],42,44,47,2,44
1,<environment.Job instance at 0x1541fadb04b0>,46,27,[6 1],61,84,111,23,84
1,<environment.Job instance at 0x15423273e4b0>,49,16,[5 2],64,89,105,25,89
1,<environment.Job instance at 0x1541fadb08c0>,37,1,[1 6],52,194,195,142,194
1,<environment.Job instance at 0x15422c2f8820>,57,28,[14  1],78,211,239,133,211
1,<environment.Job instance at 0x1542371ebaf0>,60,1,[6 1],81,239,240,158,220
1,<environment.Job instance at 0x1541fac95e10>,65,16,[2 7],87,239,255,152,228
1,<environment.Job instance at 0x1541fadb0dc0>,38,1,[10  1],53,240,241,187,237
1,<environment.Job instance at 0x1541fac95f00>,67,2,[1 5],90,238,240,148,238
1,<environment.Job instance at 0x15422c2d2690>,69,2,[9 1],92,246,248,154,246
1,<environment.Job instance at 0x15422c321280>,71,17,[5 2],94,256,273,162,256
1,<environment.Job instance at 0x1541fac95d70>,66,2,[1 8],89,268,270,179,268
1,<environment.Job instance at 0x1541facdc190>,72,2,[2 6],96,277,279,181,277
1,<environment.Job instance at 0x154237864a50>,73,1,[ 1 10],97,290,291,193,290
1,<environment.Job instance at 0x154237863a50>,74,1,[2 7],98,292,293,194,292
1,<environment.Job instance at 0x1541faa4c9b0>,76,17,[5 2],100,292,309,192,292
1,<environment.Job instance at 0x1541fac95a50>,64,2,[11  2],86,309,311,223,299
1,<environment.Job instance at 0x15422c2f51e0>,77,2,[5 1],102,311,313,209,311
1,<environment.Job instance at 0x15422c11e500>,82,18,[10  2],108,315,333,207,315
1,<environment.Job instance at 0x1541fa9b4b40>,75,2,[2 6],99,375,377,276,375
1,<environment.Job instance at 0x154231e63dc0>,87,17,[7 1],114,383,400,269,383
1,<environment.Job instance at 0x15423275c690>,86,2,[1 8],113,388,390,275,388
1,<environment.Job instance at 0x154231e635f0>,90,1,[10  1],119,401,402,282,401
1,<environment.Job instance at 0x154231e63370>,92,16,[7 1],121,409,425,288,409
1,<environment.Job instance at 0x154231e63230>,89,3,[1 5],118,419,422,301,419
1,<environment.Job instance at 0x154231e63cd0>,93,1,[1 6],122,419,420,297,419
1,<environment.Job instance at 0x154231e635a0>,94,14,[1 8],123,420,434,297,419
1,<environment.Job instance at 0x154231e63c80>,96,2,[7 2],125,422,424,297,420
1,<environment.Job instance at 0x154231e63690>,95,2,[5 1],124,424,426,300,421
1,<environment.Job instance at 0x1541fab555a0>,97,1,[1 6],126,428,429,302,428
1,<environment.Job instance at 0x1541fab558c0>,99,3,[1 9],128,459,462,331,459
1,<environment.Job instance at 0x1541fab55730>,102,2,[7 1],136,470,472,334,470
1,<environment.Job instance at 0x154231ba4230>,104,1,[ 2 13],138,473,474,335,473
1,<environment.Job instance at 0x154231ba4780>,107,16,[2 5],141,528,544,387,528
1,<environment.Job instance at 0x154231ba4f50>,108,1,[5 1],142,531,532,389,531
1,<environment.Job instance at 0x1541fab55c80>,100,3,[6 1],129,583,586,454,583
1,<environment.Job instance at 0x154231ba4730>,111,1,[6 2],147,584,585,437,584
1,<environment.Job instance at 0x154231ba4500>,113,15,[8 1],149,605,620,456,605
1,<environment.Job instance at 0x154231ba4280>,112,3,[5 2],148,626,629,478,626
1,<environment.Job instance at 0x154231e6e190>,119,1,[7 2],162,633,634,471,633
1,<environment.Job instance at 0x1541fab286e0>,122,3,[2 6],165,655,658,490,655
1,<environment.Job instance at 0x154231e6eeb0>,118,13,[7 2],160,655,668,495,655
1,<environment.Job instance at 0x1541fab285a0>,123,2,[7 1],167,658,660,491,657
1,<environment.Job instance at 0x1541fab28820>,125,26,[2 5],169,666,692,497,666
1,<environment.Job instance at 0x1542327abc80>,128,3,[8 1],174,678,681,504,678
1,<environment.Job instance at 0x1541faff2190>,131,2,[2 6],180,698,700,518,698
1,<environment.Job instance at 0x1541faff2320>,133,3,[7 2],183,702,705,519,702
1,<environment.Job instance at 0x1541faff2e10>,132,1,[1 5],181,702,703,521,702
1,<environment.Job instance at 0x1542327ab960>,127,17,[1 5],172,706,723,534,706
1,<environment.Job instance at 0x1541fad000f0>,135,18,[1 7],186,709,727,523,709
1,<environment.Job instance at 0x1542327afd70>,137,2,[ 2 13],189,727,729,538,712
1,<environment.Job instance at 0x154232b0bf00>,19,20,[ 2 11],28,815,835,787,815
1,<environment.Job instance at 0x1541fae80c80>,79,2,[12  1],105,832,834,727,832
1,<environment.Job instance at 0x15422c30ee60>,7,1,[1 5],10,106,107,96,106
1,<environment.Job instance at 0x154232791370>,17,3,[10  1],27,116,119,89,116
1,<environment.Job instance at 0x154236f18140>,22,1,[1 8],32,134,135,102,134
1,<environment.Job instance at 0x154236f180f0>,21,1,[9 1],31,144,145,113,144
1,<environment.Job instance at 0x15422c0ce8c0>,26,2,[7 2],36,148,150,112,148
1,<environment.Job instance at 0x15422c0ce780>,27,13,[10  1],38,150,163,112,149
1,<environment.Job instance at 0x154231d0fe60>,5,16,[ 1 11],7,151,167,144,151
1,<environment.Job instance at 0x1541fa9d6a00>,38,15,[6 1],53,163,178,110,156
1,<environment.Job instance at 0x15422c0cec80>,28,3,[2 6],39,167,170,128,159
1,<environment.Job instance at 0x1541fafe3b40>,41,3,[2 8],57,167,170,110,161
1,<environment.Job instance at 0x1541fa9d6fa0>,39,1,[2 5],54,170,171,116,162
1,<environment.Job instance at 0x1541fafe3dc0>,45,2,[2 6],61,170,172,109,166
1,<environment.Job instance at 0x15423046c2d0>,35,2,[ 1 14],50,172,174,122,167
1,<environment.Job instance at 0x1541fafe3730>,44,1,[8 2],60,174,175,114,167
1,<environment.Job instance at 0x15422c083690>,54,1,[ 1 10],75,174,175,99,167
1,<environment.Job instance at 0x15422c083c80>,53,14,[5 2],74,175,189,101,167
1,<environment.Job instance at 0x15422c083dc0>,56,2,[9 2],78,178,180,100,168
1,<environment.Job instance at 0x15422c083910>,57,3,[2 7],79,175,178,96,168
1,<environment.Job instance at 0x15422c083f50>,50,1,[5 1],67,170,171,103,169
1,<environment.Job instance at 0x15422c083550>,59,22,[2 9],83,180,202,97,179
1,<environment.Job instance at 0x1542327f38c0>,66,3,[2 9],96,202,205,106,179
1,<environment.Job instance at 0x15422c0831e0>,58,21,[10  2],82,192,213,110,192
1,<environment.Job instance at 0x1542327a9e60>,75,3,[8 1],107,214,217,107,214
1,<environment.Job instance at 0x1541fae4e500>,77,3,[9 2],109,217,220,108,215
1,<environment.Job instance at 0x1542379ab190>,78,2,[1 6],116,215,217,99,215
1,<environment.Job instance at 0x1542379abc30>,79,18,[8 1],118,220,238,102,215
1,<environment.Job instance at 0x1542371e5d20>,73,1,[12  2],105,238,239,133,215
1,<environment.Job instance at 0x154232b23aa0>,82,2,[2 6],124,215,217,91,215
1,<environment.Job instance at 0x1541fae4e140>,72,2,[13  1],104,239,241,135,217
1,<environment.Job instance at 0x154232a98c30>,88,17,[6 2],132,217,234,85,217
1,<environment.Job instance at 0x15423040be10>,85,2,[5 1],128,234,236,106,217
1,<environment.Job instance at 0x15422c163cd0>,94,20,[7 2],139,241,261,102,233
1,<environment.Job instance at 0x154238e6e140>,102,1,[2 5],149,234,235,85,233
1,<environment.Job instance at 0x154231714460>,93,1,[1 8],138,258,259,120,258
1,<environment.Job instance at 0x1542303bfc80>,64,1,[ 1 12],94,270,271,176,270
1,<environment.Job instance at 0x1541fad180a0>,109,2,[5 1],164,300,302,136,300
1,<environment.Job instance at 0x1541faba0e60>,104,1,[ 1 13],151,315,316,164,315
1,<environment.Job instance at 0x15422c1f7730>,117,16,[ 2 10],173,332,348,159,332
1,<environment.Job instance at 0x1541fad18410>,108,1,[11  1],163,379,380,216,379
1,<environment.Job instance at 0x154231b70cd0>,105,12,[ 1 14],152,414,426,262,414
1,<environment.Job instance at 0x15422c14bc80>,22,1,[10  1],28,52,53,24,52
1,<environment.Job instance at 0x15422c152eb0>,34,12,[6 1],43,53,65,10,53
1,<environment.Job instance at 0x15422c1521e0>,32,3,[1 9],41,54,57,13,54
1,<environment.Job instance at 0x15422c152140>,33,15,[9 1],42,57,72,15,54
1,<environment.Job instance at 0x15422c1525a0>,37,2,[1 7],46,65,67,19,62
1,<environment.Job instance at 0x15422c152370>,41,3,[8 2],51,170,173,119,170
1,<environment.Job instance at 0x1541fa756140>,60,12,[ 2 11],78,193,205,115,193
1,<environment.Job instance at 0x1541fa756320>,63,3,[2 5],83,205,208,122,193
1,<environment.Job instance at 0x154232a6f230>,64,13,[1 5],84,205,218,121,201
1,<environment.Job instance at 0x1541fa756230>,59,3,[ 2 10],77,208,211,131,202
1,<environment.Job instance at 0x1542327973c0>,67,1,[6 1],88,202,203,114,202
1,<environment.Job instance at 0x154232a6cdc0>,66,23,[2 5],87,325,348,238,325
1,<environment.Job instance at 0x154232a6c690>,74,2,[2 6],95,444,446,349,444
1,<environment.Job instance at 0x154232a92640>,80,15,[1 5],103,444,459,341,444
1,<environment.Job instance at 0x1541fa8acb90>,84,2,[9 1],109,448,450,339,448
1,<environment.Job instance at 0x1541fa88dd20>,83,16,[2 8],108,477,493,369,477
1,<environment.Job instance at 0x1541fa8aca00>,87,1,[6 1],114,560,561,446,560
1,<environment.Job instance at 0x1541fa8acc80>,86,3,[10  2],111,562,565,451,562
1,<environment.Job instance at 0x1541fa8ac190>,88,3,[10  1],115,565,568,450,562
1,<environment.Job instance at 0x1541fa8ac4b0>,89,3,[6 2],116,588,591,472,588
1,<environment.Job instance at 0x1541fa8ac370>,90,18,[ 1 14],117,835,853,718,835
1,<environment.Job instance at 0x1541fa8ac690>,91,2,[7 1],118,835,837,717,835
1,<environment.Job instance at 0x1541fa8ac820>,93,1,[6 1],120,840,841,720,840
1,<environment.Job instance at 0x1541fa8acbe0>,95,1,[2 7],122,853,854,731,844
1,<environment.Job instance at 0x1541fa8acf50>,96,3,[7 1],123,844,847,721,844
1,<environment.Job instance at 0x1541fa8accd0>,97,1,[8 2],124,853,854,729,849
1,<environment.Job instance at 0x1541fa8acd70>,94,18,[1 9],121,881,899,760,881
1,<environment.Job instance at 0x1541fa8ac140>,99,15,[1 8],127,911,926,784,911
1,<environment.Job instance at 0x1541fa8aceb0>,98,28,[ 2 10],126,929,957,803,929
1,<environment.Job instance at 0x1541fa8ac460>,100,2,[8 2],128,931,933,803,931
1,<environment.Job instance at 0x1541fa8acc30>,102,3,[10  1],131,936,939,805,936
1,<environment.Job instance at 0x1541fa8ac5a0>,103,14,[6 1],133,939,953,806,937
1,<environment.Job instance at 0x1541fa8ac320>,105,1,[ 1 10],137,957,958,820,937
1,<environment.Job instance at 0x1541fa878fa0>,106,1,[5 2],138,942,943,804,942
1,<environment.Job instance at 0x1541fa8ac870>,104,2,[10  1],134,953,955,819,949
1,<environment.Job instance at 0x1541fa878eb0>,107,1,[8 1],139,975,976,836,975
1,<environment.Job instance at 0x154232a88f00>,111,3,[10  2],148,983,986,835,983
1,<environment.Job instance at 0x154232a88a50>,112,17,[5 2],150,983,1000,833,983
1,<environment.Job instance at 0x1541fa8b1320>,113,3,[8 2],151,988,991,837,988
1,<environment.Job instance at 0x154232a70640>,110,3,[2 7],145,998,1001,853,998
1,<environment.Job instance at 0x1541fa8b1050>,118,2,[9 1],159,1000,1002,841,1000
1,<environment.Job instance at 0x1541fa8b1500>,119,17,[2 6],160,1237,1254,1077,1237
1,<environment.Job instance at 0x1541fa8b1280>,120,3,[1 7],163,1255,1258,1092,1255
1,<environment.Job instance at 0x1541fa8b1640>,122,2,[10  1],165,1258,1260,1093,1258
1,<environment.Job instance at 0x1541fa8b15f0>,123,2,[10  1],166,1260,1262,1094,1260
1,<environment.Job instance at 0x1541fa8b15a0>,124,16,[10  2],167,1262,1278,1095,1261
1,<environment.Job instance at 0x1541fa763050>,125,2,[2 5],168,1261,1263,1093,1261
1,<environment.Job instance at 0x1541fa763140>,126,1,[1 7],169,1267,1268,1098,1267
1,<environment.Job instance at 0x1541fa8b1870>,115,19,[ 2 14],155,1278,1297,1123,1268
1,<environment.Job instance at 0x1541fa89e9b0>,128,3,[2 9],172,1272,1275,1100,1272
1,<environment.Job instance at 0x1541fa89e730>,129,1,[9 2],173,1297,1298,1124,1273
1,<environment.Job instance at 0x1541fa89e870>,130,1,[7 2],175,1298,1299,1123,1276
1,<environment.Job instance at 0x154232a741e0>,127,1,[2 9],170,1277,1278,1107,1277
1,<environment.Job instance at 0x1541fa89e550>,132,3,[10  2],178,1299,1302,1121,1277
1,<environment.Job instance at 0x1541fa89ee60>,131,16,[5 2],176,1297,1313,1121,1292
1,<environment.Job instance at 0x1541fa89eb40>,134,2,[7 1],180,1294,1296,1114,1294
1,<environment.Job instance at 0x1541fa89ebe0>,133,1,[10  2],179,1302,1303,1123,1301
1,<environment.Job instance at 0x1541fa89ec80>,136,1,[1 7],182,1304,1305,1122,1304
1,<environment.Job instance at 0x1541fa89ec30>,135,2,[10  1],181,1305,1307,1124,1304
1,<environment.Job instance at 0x1541fa89e370>,137,1,[9 1],184,1304,1305,1120,1304
1,<environment.Job instance at 0x1541fa89e5a0>,139,3,[9 2],186,1307,1310,1121,1305
1,<environment.Job instance at 0x1541fa89e4b0>,140,3,[10  2],188,1310,1313,1122,1305
1,<environment.Job instance at 0x1541fa89e7d0>,138,13,[ 2 11],185,1313,1326,1128,1309
1,<environment.Job instance at 0x15422c152050>,29,17,[12  1],37,1454,1471,1417,1454
1,<environment.Job instance at 0x1541fa8850a0>,79,17,[11  2],102,1549,1566,1447,1549
1,<environment.Job instance at 0x154232a81dc0>,0,3,[ 2 10],2,6,9,4,6
1,<environment.Job instance at 0x1541fa88cf00>,12,3,[14  2],18,18,21,0,18
1,<environment.Job instance at 0x1541fa88c550>,18,3,[6 1],28,28,31,0,28
1,<environment.Job instance at 0x154232a74280>,21,3,[ 2 10],31,31,34,0,31
1,<environment.Job instance at 0x154232a74190>,23,1,[9 2],34,37,38,3,37
1,<environment.Job instance at 0x154232a74eb0>,25,3,[2 5],36,37,40,1,37
1,<environment.Job instance at 0x15422c361780>,43,12,[5 1],59,64,76,5,64
1,<environment.Job instance at 0x15422c361d70>,49,12,[5 2],69,70,82,1,70
1,<environment.Job instance at 0x1541fa76ee60>,59,1,[ 2 10],80,131,132,51,131
1,<environment.Job instance at 0x1541fa885870>,74,16,[6 1],100,135,151,35,135
1,<environment.Job instance at 0x1541fa885d20>,75,1,[ 1 10],102,135,136,33,135
1,<environment.Job instance at 0x1541fa885190>,76,3,[9 1],104,136,139,32,135
1,<environment.Job instance at 0x154232a70b90>,77,1,[8 2],106,139,140,33,136
1,<environment.Job instance at 0x1541fa8850f0>,73,2,[6 1],99,140,142,41,136
1,<environment.Job instance at 0x154232a70aa0>,80,3,[8 1],110,142,145,32,136
1,<environment.Job instance at 0x154232a70280>,82,1,[5 2],112,145,146,33,137
1,<environment.Job instance at 0x154232a70230>,84,2,[5 1],114,146,148,32,137
1,<environment.Job instance at 0x1541fa885dc0>,67,1,[14  1],91,151,152,60,146
1,<environment.Job instance at 0x154235015a50>,103,2,[8 2],138,236,238,98,236
1,<environment.Job instance at 0x154238e951e0>,121,3,[ 1 14],160,251,254,91,251
1,<environment.Job instance at 0x154238e95460>,122,3,[5 1],161,251,254,90,251
1,<environment.Job instance at 0x154238e95e10>,123,2,[8 1],163,254,256,91,251
1,<environment.Job instance at 0x154238e95f00>,124,3,[9 1],164,256,259,92,251
1,<environment.Job instance at 0x15422c1dbaa0>,125,3,[8 2],165,259,262,94,251
1,<environment.Job instance at 0x15422c0c0aa0>,126,12,[7 2],167,259,271,92,251
1,<environment.Job instance at 0x15422c0c0eb0>,127,2,[2 7],169,262,264,93,258
1,<environment.Job instance at 0x15422c0c02d0>,129,13,[ 2 10],172,264,277,92,258
1,<environment.Job instance at 0x154232808230>,117,2,[1 8],155,277,279,122,262
1,<environment.Job instance at 0x15422c0c0230>,130,2,[1 9],173,279,281,106,262
1,<environment.Job instance at 0x1542326f6af0>,132,1,[8 1],175,271,272,96,262
1,<environment.Job instance at 0x1541fab419b0>,133,18,[10  1],176,272,290,96,262
1,<environment.Job instance at 0x1541fab415f0>,134,1,[8 2],177,290,291,113,262
1,<environment.Job instance at 0x1541fab41cd0>,135,2,[7 1],178,290,292,112,263
1,<environment.Job instance at 0x1541fab411e0>,136,1,[5 1],179,267,268,88,267
1,<environment.Job instance at 0x15423781ccd0>,137,2,[2 8],180,281,283,101,273
1,<environment.Job instance at 0x15423781ca50>,138,3,[7 1],181,291,294,110,274
1,<environment.Job instance at 0x15423781c410>,139,3,[8 2],182,292,295,110,274
1,<environment.Job instance at 0x1541fadc8870>,140,2,[10  1],184,295,297,111,274
1,<environment.Job instance at 0x1541fadc8730>,141,22,[5 1],186,294,316,108,287
1,<environment.Job instance at 0x15423781ceb0>,142,14,[9 2],189,297,311,108,288
1,<environment.Job instance at 0x154232b57c30>,131,23,[1 5],174,297,320,123,292
1,<environment.Job instance at 0x1541fa774fa0>,98,3,[ 1 11],131,320,323,189,312
1,<environment.Job instance at 0x1541fab59b90>,1,3,[1 5],2,4,7,2,4
1,<environment.Job instance at 0x15422c207e60>,6,12,[9 1],8,12,24,4,12
1,<environment.Job instance at 0x1541fa74e910>,8,1,[ 2 10],11,14,15,3,14
1,<environment.Job instance at 0x1541fab3beb0>,11,2,[5 2],15,16,18,1,16
1,<environment.Job instance at 0x1542399a8b90>,19,2,[1 6],23,32,34,9,32
1,<environment.Job instance at 0x1541fa77a370>,23,1,[6 1],27,35,36,8,35
1,<environment.Job instance at 0x1541fa77ab40>,24,2,[ 1 10],28,38,40,10,38
1,<environment.Job instance at 0x154239871eb0>,25,1,[5 1],29,52,53,23,52
1,<environment.Job instance at 0x1542399a8550>,18,18,[ 2 11],22,71,89,49,71
1,<environment.Job instance at 0x15423501b550>,30,2,[8 2],37,71,73,34,71
1,<environment.Job instance at 0x15423501ba50>,31,2,[11  1],38,73,75,35,71
1,<environment.Job instance at 0x154235017be0>,41,2,[6 2],53,100,102,47,100
1,<environment.Job instance at 0x154235017910>,43,2,[9 2],55,101,103,46,101
1,<environment.Job instance at 0x154235017550>,45,2,[9 1],59,103,105,44,101
1,<environment.Job instance at 0x154235017dc0>,46,2,[6 2],60,102,104,42,102
1,<environment.Job instance at 0x154235017320>,47,2,[2 9],62,104,106,42,102
1,<environment.Job instance at 0x1541facd7e60>,55,3,[2 8],71,170,173,99,170
1,<environment.Job instance at 0x15422c1ac3c0>,56,12,[7 2],72,259,271,187,259
1,<environment.Job instance at 0x154231d21d20>,60,3,[2 6],80,260,263,180,260
1,<environment.Job instance at 0x154231d21730>,62,16,[7 2],82,268,284,186,268
1,<environment.Job instance at 0x154231d216e0>,61,3,[2 5],81,297,300,216,297
1,<environment.Job instance at 0x1541fa91e3c0>,63,12,[9 1],83,297,309,214,297
1,<environment.Job instance at 0x1541fa91e780>,64,3,[7 2],85,309,312,224,297
1,<environment.Job instance at 0x154231d0af00>,21,2,[ 1 13],25,301,303,276,301
1,<environment.Job instance at 0x1541fad862d0>,66,2,[1 6],89,334,336,245,334
1,<environment.Job instance at 0x1541fad86960>,68,3,[9 2],94,344,347,250,344
1,<environment.Job instance at 0x154238e85a00>,74,2,[7 2],104,398,400,294,398
1,<environment.Job instance at 0x154238e851e0>,76,14,[10  2],106,414,428,308,414
1,<environment.Job instance at 0x1541fad86190>,69,1,[2 8],96,458,459,362,458
1,<environment.Job instance at 0x1542350069b0>,80,14,[9 2],113,568,582,455,568
1,<environment.Job instance at 0x154235006460>,81,3,[1 9],116,570,573,454,570
1,<environment.Job instance at 0x154235006af0>,84,23,[9 1],120,582,605,462,576
1,<environment.Job instance at 0x154235006d20>,82,1,[5 2],117,600,601,483,600
1,<environment.Job instance at 0x154235006be0>,87,16,[9 2],123,730,746,607,730
1,<environment.Job instance at 0x154235006a50>,88,2,[1 5],124,754,756,630,754
1,<environment.Job instance at 0x1541fa9230f0>,91,1,[10  1],130,761,762,631,761
1,<environment.Job instance at 0x1541fa923140>,92,1,[7 1],131,772,773,641,772
1,<environment.Job instance at 0x1541fa923230>,93,2,[10  1],132,790,792,658,790
1,<environment.Job instance at 0x154237818d20>,100,3,[1 9],144,909,912,765,909
1,<environment.Job instance at 0x154237818640>,101,3,[2 7],146,912,915,766,911
1,<environment.Job instance at 0x154237818050>,102,3,[2 9],147,915,918,768,914
1,<environment.Job instance at 0x154237818c30>,103,3,[6 1],149,931,934,782,931
1,<environment.Job instance at 0x154237818a50>,97,2,[5 1],139,954,956,815,954
1,<environment.Job instance at 0x154237818550>,107,2,[14  2],154,956,958,802,956
1,<environment.Job instance at 0x15422c208820>,110,2,[6 2],157,989,991,832,989
1,<environment.Job instance at 0x154237818460>,109,1,[14  2],156,1001,1002,845,1001
1,<environment.Job instance at 0x15422c208c80>,115,2,[1 8],163,1003,1005,840,1003
1,<environment.Job instance at 0x15422c208230>,116,17,[9 1],164,1003,1020,839,1003
1,<environment.Job instance at 0x1541fa8784b0>,117,2,[2 8],167,1005,1007,838,1005
1,<environment.Job instance at 0x1541fa878b90>,119,1,[10  2],169,1020,1021,851,1015
1,<environment.Job instance at 0x1541fa878a00>,120,17,[7 2],171,1023,1040,852,1023
1,<environment.Job instance at 0x1541fa8785a0>,122,2,[10  1],175,1040,1042,865,1028
1,<environment.Job instance at 0x15423502b780>,123,18,[8 1],177,1042,1060,865,1034
1,<environment.Job instance at 0x15422c2080f0>,113,3,[6 2],160,1034,1037,874,1034
1,<environment.Job instance at 0x15423502bf50>,124,1,[6 2],178,1037,1038,859,1037
1,<environment.Job instance at 0x1541fa878460>,118,14,[2 8],168,1039,1053,871,1039
1,<environment.Job instance at 0x15423502b460>,127,1,[5 1],183,1042,1043,859,1040
1,<environment.Job instance at 0x15423502bf00>,128,2,[1 9],184,1066,1068,882,1066
1,<environment.Job instance at 0x1541fa724690>,51,2,[ 1 11],67,1106,1108,1039,1106
1,<environment.Job instance at 0x1541fa724eb0>,53,16,[ 1 12],69,1321,1337,1252,1321
1,<environment.Job instance at 0x15422c113050>,10,2,[10  2],16,17,19,1,17
1,<environment.Job instance at 0x15422c114e60>,11,2,[14  1],17,22,24,5,22
1,<environment.Job instance at 0x15422c1146e0>,15,3,[1 5],23,24,27,1,24
1,<environment.Job instance at 0x15422c0f06e0>,19,1,[2 9],28,28,29,0,28
1,<environment.Job instance at 0x1541fa840370>,20,1,[10  2],29,31,32,2,31
1,<environment.Job instance at 0x1541fa8f0320>,22,2,[10  1],33,33,35,0,33
1,<environment.Job instance at 0x1541fadf1050>,16,14,[1 7],24,36,50,12,36
1,<environment.Job instance at 0x15422c0fb9b0>,25,15,[7 1],37,38,53,1,38
1,<environment.Job instance at 0x1541fae370a0>,34,14,[10  2],59,59,73,0,59
1,<environment.Job instance at 0x1541fadfd7d0>,37,3,[1 6],62,62,65,0,62
1,<environment.Job instance at 0x1541fadfdf50>,43,1,[2 8],74,76,77,2,76
1,<environment.Job instance at 0x15422c042c30>,46,13,[7 2],81,116,129,35,116
1,<environment.Job instance at 0x15422c039b40>,57,2,[8 1],98,119,121,21,119
1,<environment.Job instance at 0x15422c0396e0>,63,1,[6 1],105,122,123,17,122
1,<environment.Job instance at 0x15422c039b90>,64,1,[5 2],107,129,130,22,129
1,<environment.Job instance at 0x15422c04e230>,67,2,[2 5],116,161,163,45,161
1,<environment.Job instance at 0x15422c039e60>,61,2,[5 1],103,167,169,64,167
1,<environment.Job instance at 0x15422c04ec80>,78,2,[7 1],128,182,184,54,182
1,<environment.Job instance at 0x15422c04ecd0>,79,2,[7 2],129,190,192,61,190
1,<environment.Job instance at 0x15422c03a1e0>,82,3,[9 1],133,197,200,64,197
1,<environment.Job instance at 0x15422c03a5f0>,87,3,[9 1],141,200,203,59,200
1,<environment.Job instance at 0x15422c03a6e0>,88,3,[1 8],143,200,203,57,200
1,<environment.Job instance at 0x15422c04e5a0>,73,3,[2 6],123,202,205,79,202
1,<environment.Job instance at 0x15422c03a8c0>,91,2,[1 8],149,212,214,63,212
1,<environment.Job instance at 0x15422c03aa50>,95,2,[11  1],154,289,291,135,289
1,<environment.Job instance at 0x15422c03a410>,86,3,[ 2 12],140,294,297,154,294
1,<environment.Job instance at 0x15422c039a00>,55,13,[ 1 13],96,297,310,201,295
1,<environment.Job instance at 0x15422c03af50>,101,1,[1 5],162,310,311,148,295
1,<environment.Job instance at 0x15422c03a690>,89,2,[5 1],147,296,298,149,296
1,<environment.Job instance at 0x15422c03c2d0>,106,3,[1 9],167,310,313,143,296
1,<environment.Job instance at 0x15422c03aaf0>,104,1,[1 8],165,313,314,148,296
1,<environment.Job instance at 0x15422c03ca00>,112,2,[1 8],175,314,316,139,298
1,<environment.Job instance at 0x15422c04a2d0>,121,3,[7 2],186,298,301,112,298
1,<environment.Job instance at 0x15422c03ccd0>,116,14,[ 1 12],180,316,330,136,307
1,<environment.Job instance at 0x15422c03c960>,111,3,[1 7],174,330,333,156,330
1,<environment.Job instance at 0x154231dd8870>,10,15,[7 2],16,20,35,4,20
1,<environment.Job instance at 0x154231dd8aa0>,16,2,[ 2 10],26,78,80,52,78
1,<environment.Job instance at 0x1541faece780>,33,1,[ 1 10],53,197,198,144,197
1,<environment.Job instance at 0x1541fae82a50>,73,2,[1 7],119,204,206,85,204
1,<environment.Job instance at 0x1541fa74e6e0>,77,1,[1 5],125,204,205,79,204
1,<environment.Job instance at 0x1541faf02b40>,81,15,[5 2],130,207,222,77,207
1,<environment.Job instance at 0x1541faad4910>,79,17,[6 1],128,207,224,79,207
1,<environment.Job instance at 0x1542326ef550>,82,13,[6 2],131,222,235,91,211
1,<environment.Job instance at 0x1541fad5adc0>,84,2,[6 2],134,224,226,90,211
1,<environment.Job instance at 0x1541fae88280>,72,2,[13  1],118,235,237,117,212
1,<environment.Job instance at 0x1541fac41be0>,85,3,[2 5],135,212,215,77,212
1,<environment.Job instance at 0x1541faeef140>,90,1,[1 7],142,212,213,70,212
1,<environment.Job instance at 0x15422c15d820>,83,2,[5 2],133,297,299,164,297
1,<environment.Job instance at 0x154238e6d690>,101,16,[5 1],158,319,335,161,319
1,<environment.Job instance at 0x1541fa95ddc0>,12,1,[1 6],16,20,21,4,20
1,<environment.Job instance at 0x1541fab555f0>,22,1,[8 1],36,36,37,0,36
1,<environment.Job instance at 0x1541fab55e10>,27,12,[7 1],41,42,54,1,42
1,<environment.Job instance at 0x1541fac5d320>,33,3,[2 9],48,51,54,3,51
1,<environment.Job instance at 0x1541fac5d820>,34,1,[2 9],49,54,55,5,53
1,<environment.Job instance at 0x1541fac5d9b0>,36,1,[10  1],55,55,56,0,55
1,<environment.Job instance at 0x1541fac5dbe0>,32,3,[13  1],47,56,59,9,56
1,<environment.Job instance at 0x1541fafca140>,37,1,[7 2],56,59,60,3,56
1,<environment.Job instance at 0x1541faf6e2d0>,42,1,[1 6],66,66,67,0,66
1,<environment.Job instance at 0x1541faf6e870>,41,14,[ 1 10],63,67,81,4,66
1,<environment.Job instance at 0x1542371b5c30>,47,3,[ 2 10],72,83,86,11,83
1,<environment.Job instance at 0x154231739500>,55,2,[5 2],87,87,89,0,87
1,<environment.Job instance at 0x1542371b54b0>,48,3,[6 2],73,87,90,14,87
1,<environment.Job instance at 0x1542306abaf0>,60,16,[9 2],92,95,111,3,95
1,<environment.Job instance at 0x154231ceaf50>,63,2,[2 7],95,98,100,3,98
1,<environment.Job instance at 0x15423794b500>,65,1,[1 8],97,100,101,3,98
1,<environment.Job instance at 0x1541faab6140>,66,2,[10  2],98,111,113,13,98
1,<environment.Job instance at 0x15422c0288c0>,67,1,[9 2],99,113,114,14,99
1,<environment.Job instance at 0x154239975190>,68,14,[2 7],100,101,115,1,101
1,<environment.Job instance at 0x154231e525a0>,71,2,[2 9],106,115,117,9,106
1,<environment.Job instance at 0x154231e523c0>,70,23,[5 2],104,114,137,10,108
1,<environment.Job instance at 0x1542379697d0>,74,1,[1 6],109,109,110,0,109
1,<environment.Job instance at 0x154232798550>,77,12,[11  1],113,137,149,24,120
1,<environment.Job instance at 0x154231c3e1e0>,58,1,[1 6],90,123,124,33,123
1,<environment.Job instance at 0x154232798230>,79,2,[2 8],115,146,148,31,146
1,<environment.Job instance at 0x154232798e60>,81,16,[5 1],118,213,229,95,213
1,<environment.Job instance at 0x154272c8c0f0>,83,3,[7 2],121,213,216,92,213
1,<environment.Job instance at 0x1541fae945a0>,82,28,[5 2],119,216,244,97,215
1,<environment.Job instance at 0x154236e75910>,85,3,[2 9],124,219,222,95,219
1,<environment.Job instance at 0x154236e75cd0>,87,2,[ 1 10],128,222,224,94,220
1,<environment.Job instance at 0x1542378df190>,88,1,[9 2],129,229,230,100,221
1,<environment.Job instance at 0x1542378df7d0>,91,1,[ 1 10],136,251,252,115,251
1,<environment.Job instance at 0x1542378dfaa0>,92,1,[2 6],137,252,253,115,251
1,<environment.Job instance at 0x1542378df5f0>,93,1,[2 6],138,252,253,114,252
1,<environment.Job instance at 0x1542378df5a0>,94,16,[10  2],140,253,269,113,253
1,<environment.Job instance at 0x1542378dfa50>,96,1,[7 2],142,269,270,127,268
1,<environment.Job instance at 0x154236e75e60>,86,1,[10  2],125,278,279,153,278
1,<environment.Job instance at 0x154231b78dc0>,99,1,[5 1],145,281,282,136,281
1,<environment.Job instance at 0x154231b781e0>,100,3,[6 2],147,281,284,134,281
1,<environment.Job instance at 0x154231b78870>,101,2,[2 7],148,281,283,133,281
1,<environment.Job instance at 0x154231b78e10>,102,16,[10  1],150,284,300,134,281
1,<environment.Job instance at 0x1541fafd00f0>,103,3,[2 8],151,283,286,132,283
1,<environment.Job instance at 0x15422c15a370>,105,1,[2 6],153,293,294,140,293
1,<environment.Job instance at 0x154231b78140>,106,15,[8 2],154,300,315,146,293
1,<environment.Job instance at 0x15422c15a690>,107,3,[ 2 10],155,294,297,139,294
1,<environment.Job instance at 0x1541fad6faf0>,109,1,[ 2 10],157,297,298,140,297
1,<environment.Job instance at 0x1541fad6ff50>,110,3,[ 2 10],158,300,303,142,300
1,<environment.Job instance at 0x1542327607d0>,111,2,[5 1],159,306,308,147,306
1,<environment.Job instance at 0x15422c14ba00>,113,1,[1 9],163,307,308,144,307
1,<environment.Job instance at 0x1542306d4780>,115,3,[8 2],165,326,329,161,326
1,<environment.Job instance at 0x1541fae57a50>,117,2,[9 2],167,329,331,162,326
1,<environment.Job instance at 0x1541fae57c80>,119,1,[1 6],169,327,328,158,327
1,<environment.Job instance at 0x1541fae579b0>,121,1,[1 9],171,352,353,181,352
1,<environment.Job instance at 0x1541fae575a0>,122,13,[1 6],172,356,369,184,356
1,<environment.Job instance at 0x1541fae57d70>,123,3,[5 1],173,356,359,183,356
1,<environment.Job instance at 0x1541fae57be0>,124,15,[7 2],174,357,372,183,357
1,<environment.Job instance at 0x1541fae57410>,125,2,[1 6],177,358,360,181,358
1,<environment.Job instance at 0x1541fa740320>,127,3,[ 2 13],184,383,386,199,383
1,<environment.Job instance at 0x1541fa740dc0>,128,2,[2 8],185,386,388,201,386
1,<environment.Job instance at 0x1541fa7400a0>,129,3,[10  1],186,386,389,200,386
1,<environment.Job instance at 0x1541fa740aa0>,130,21,[1 5],189,391,412,202,391
1,<environment.Job instance at 0x154231b78d20>,98,2,[1 9],144,419,421,275,419
1,<environment.Job instance at 0x154231739280>,52,14,[13  1],83,445,459,362,445
1,<environment.Job instance at 0x1542327985f0>,76,3,[ 2 12],112,459,462,347,459
1,<environment.Job instance at 0x154231bb60f0>,9,2,[5 1],13,13,15,0,13
1,<environment.Job instance at 0x154231bb6230>,13,3,[2 6],17,20,23,3,20
1,<environment.Job instance at 0x154231bb6b90>,17,2,[2 9],21,22,24,1,22
1,<environment.Job instance at 0x154231bb6dc0>,21,3,[2 6],25,25,28,0,25
1,<environment.Job instance at 0x154231bac550>,24,3,[1 7],30,31,34,1,31
1,<environment.Job instance at 0x154231bac910>,27,2,[5 1],34,37,39,3,37
1,<environment.Job instance at 0x154231bac960>,30,3,[10  2],39,41,44,2,41
1,<environment.Job instance at 0x154231bc9050>,36,3,[ 1 10],46,62,65,16,62
1,<environment.Job instance at 0x154231bc9780>,43,1,[ 1 10],57,65,66,8,62
1,<environment.Job instance at 0x154231bc93c0>,38,2,[7 1],48,62,64,14,62
1,<environment.Job instance at 0x154231bc9a00>,44,1,[10  2],58,64,65,6,63
1,<environment.Job instance at 0x154231bc9aa0>,46,3,[6 1],60,65,68,5,64
1,<environment.Job instance at 0x154231bc92d0>,45,16,[5 1],59,66,82,7,66
1,<environment.Job instance at 0x154231bc9550>,37,2,[ 1 12],47,67,69,20,67
1,<environment.Job instance at 0x154231bc9fa0>,48,2,[2 8],63,69,71,6,68
1,<environment.Job instance at 0x154230405af0>,55,14,[7 1],75,77,91,2,77
1,<environment.Job instance at 0x154230405eb0>,58,1,[6 1],78,82,83,4,79
1,<environment.Job instance at 0x154230405960>,57,3,[8 1],77,83,86,6,83
1,<environment.Job instance at 0x1542303e08c0>,66,2,[5 1],88,89,91,1,89
1,<environment.Job instance at 0x1542303e0af0>,67,15,[9 2],90,91,106,1,90
1,<environment.Job instance at 0x154231bc44b0>,75,18,[5 2],100,100,118,0,100
1,<environment.Job instance at 0x154231b9caf0>,81,15,[5 2],112,128,143,16,128
1,<environment.Job instance at 0x1541fad66fa0>,91,14,[6 1],126,162,176,36,162
1,<environment.Job instance at 0x1541fabcc0f0>,93,2,[2 6],129,164,166,35,164
1,<environment.Job instance at 0x15422c274410>,98,2,[2 6],138,178,180,40,178
1,<environment.Job instance at 0x154231b9c4b0>,83,2,[8 1],114,181,183,67,181
1,<environment.Job instance at 0x154231cd2e10>,106,18,[10  1],151,224,242,73,224
1,<environment.Job instance at 0x1542378ba230>,89,13,[ 1 14],122,244,257,122,244
1,<environment.Job instance at 0x154231cd2c30>,104,2,[9 1],148,245,247,97,245
1,<environment.Job instance at 0x154231ceb910>,117,16,[9 1],166,248,264,82,248
1,<environment.Job instance at 0x154231cd2730>,109,15,[10  2],154,264,279,110,251
1,<environment.Job instance at 0x154231cd1500>,119,1,[8 1],168,279,280,111,251
1,<environment.Job instance at 0x154231d10370>,132,3,[7 2],184,279,282,95,255
1,<environment.Job instance at 0x1541fab4e500>,135,1,[10  2],187,282,283,95,264
1,<environment.Job instance at 0x154231d10af0>,130,14,[10  2],182,283,297,101,275
1,<environment.Job instance at 0x154231cd2410>,108,2,[13  2],153,297,299,144,295
1,<environment.Job instance at 0x154231cd2d70>,3,2,[2 9],4,7,9,3,7
1,<environment.Job instance at 0x154231ba0e60>,7,3,[9 1],9,10,13,1,10
1,<environment.Job instance at 0x154231cd2410>,4,17,[8 1],6,13,30,7,10
1,<environment.Job instance at 0x154231ba0370>,8,15,[14  1],10,30,45,20,17
1,<environment.Job instance at 0x154231bd0190>,13,1,[7 1],18,18,19,0,18
1,<environment.Job instance at 0x154231ba0640>,5,18,[1 6],7,24,42,17,24
1,<environment.Job instance at 0x154231bd0910>,16,3,[9 2],24,45,48,21,30
1,<environment.Job instance at 0x154231bd0050>,17,3,[8 1],26,51,54,25,51
1,<environment.Job instance at 0x1541fab4e8c0>,30,1,[5 1],44,51,52,7,51
1,<environment.Job instance at 0x154231baa870>,35,13,[ 2 10],49,55,68,6,55
1,<environment.Job instance at 0x154231b98550>,45,1,[ 1 11],66,69,70,3,69
1,<environment.Job instance at 0x154231b985a0>,47,19,[7 2],68,97,116,29,97
1,<environment.Job instance at 0x154231cfe910>,62,21,[10  1],85,183,204,98,183
1,<environment.Job instance at 0x154231bc4500>,56,1,[ 2 10],79,233,234,154,233
1,<environment.Job instance at 0x154231cdaaf0>,67,2,[5 1],91,251,253,160,251
1,<environment.Job instance at 0x154231cda4b0>,70,15,[10  1],95,288,303,193,288
1,<environment.Job instance at 0x154231cda690>,69,3,[1 5],94,299,302,205,299
1,<environment.Job instance at 0x154231cfec30>,59,18,[ 1 12],82,311,329,229,311
1,<environment.Job instance at 0x154231cdaf00>,66,1,[9 2],90,311,312,221,311
1,<environment.Job instance at 0x1542303eb0a0>,1,1,[11  2],2,313,314,311,313
1,<environment.Job instance at 0x154231cdae60>,78,2,[8 1],108,314,316,206,313
1,<environment.Job instance at 0x154237899410>,82,1,[ 2 12],112,329,330,217,314
1,<environment.Job instance at 0x154237899230>,85,2,[1 5],115,330,332,215,315
1,<environment.Job instance at 0x154231cda460>,72,1,[5 1],99,315,316,216,315
1,<environment.Job instance at 0x154237899aa0>,90,3,[7 1],122,316,319,194,315
1,<environment.Job instance at 0x154237899e10>,89,3,[1 8],120,330,333,210,317
1,<environment.Job instance at 0x154237899820>,97,21,[5 2],134,323,344,189,323
1,<environment.Job instance at 0x154231e49d20>,124,3,[5 1],175,350,353,175,350
1,<environment.Job instance at 0x154231e4c960>,122,3,[9 1],170,353,356,183,353
1,<environment.Job instance at 0x1541fad98550>,127,1,[2 7],178,356,357,178,356
1,<environment.Job instance at 0x154231d0f7d0>,113,2,[6 2],157,527,529,370,527
1,<environment.Job instance at 0x154231cc4cd0>,131,13,[7 1],185,769,782,584,769
1,<environment.Job instance at 0x1542379807d0>,130,2,[12  2],184,897,899,713,897
1,<environment.Job instance at 0x15423500cb90>,125,15,[ 2 13],176,1045,1060,869,1045
1,<environment.Job instance at 0x1542378d01e0>,2,16,[10  1],4,9,25,5,9
1,<environment.Job instance at 0x154231e7bc80>,6,25,[1 7],9,9,34,0,9
1,<environment.Job instance at 0x1541fad83eb0>,9,1,[ 1 11],14,34,35,20,19
1,<environment.Job instance at 0x154231e66550>,11,1,[ 2 10],19,35,36,16,20
1,<environment.Job instance at 0x154231e8f230>,12,1,[6 1],20,25,26,5,23
1,<environment.Job instance at 0x1541fabba500>,5,1,[12  1],8,26,27,18,25
1,<environment.Job instance at 0x154231e8f690>,13,1,[1 6],21,26,27,5,26
1,<environment.Job instance at 0x154231b650a0>,27,17,[1 9],38,62,79,24,62
1,<environment.Job instance at 0x154231b73dc0>,45,1,[5 1],62,62,63,0,62
1,<environment.Job instance at 0x154236f5b320>,48,3,[10  1],68,80,83,12,80
1,<environment.Job instance at 0x154231b52e60>,37,3,[13  1],52,132,135,80,132
1,<environment.Job instance at 0x154231e804b0>,58,3,[8 2],87,135,138,48,135
1,<environment.Job instance at 0x154231b7aaf0>,69,16,[5 2],103,135,151,32,135
1,<environment.Job instance at 0x154231b7abe0>,71,1,[2 6],105,148,149,43,148
1,<environment.Job instance at 0x154231b7ad20>,73,2,[8 1],107,151,153,44,151
1,<environment.Job instance at 0x154231b7adc0>,74,2,[6 1],108,151,153,43,151
1,<environment.Job instance at 0x154231b7ab40>,70,12,[7 2],104,153,165,49,151
1,<environment.Job instance at 0x154231b7a9b0>,76,3,[2 6],111,153,156,42,152
1,<environment.Job instance at 0x154231b7ae10>,77,1,[ 2 10],112,156,157,44,152
1,<environment.Job instance at 0x154231b77140>,79,1,[7 2],115,157,158,42,155
1,<environment.Job instance at 0x154231b7a5f0>,65,3,[13  1],97,165,168,68,156
1,<environment.Job instance at 0x154231b77050>,80,15,[10  2],116,168,183,52,157
1,<environment.Job instance at 0x154231b770a0>,78,2,[5 2],114,158,160,44,157
1,<environment.Job instance at 0x154231b779b0>,88,1,[1 6],129,157,158,28,157
1,<environment.Job instance at 0x154231b770f0>,83,3,[7 1],119,183,186,64,167
1,<environment.Job instance at 0x154231b7d0f0>,97,17,[1 8],141,178,195,37,178
1,<environment.Job instance at 0x154231b7d0a0>,99,25,[ 2 14],143,195,220,52,195
1,<environment.Job instance at 0x154231b7d1e0>,100,1,[1 8],144,220,221,76,201
1,<environment.Job instance at 0x154231b7d3c0>,101,3,[8 2],147,261,264,114,261
1,<environment.Job instance at 0x154231b7df00>,107,22,[5 2],154,263,285,109,263
1,<environment.Job instance at 0x154231b550f0>,108,22,[7 2],156,269,291,113,269
1,<environment.Job instance at 0x154231b55280>,109,2,[2 9],157,285,287,128,285
1,<environment.Job instance at 0x154231b7dd70>,106,23,[7 1],153,287,310,134,287
1,<environment.Job instance at 0x154231b55a50>,110,3,[ 2 10],158,295,298,137,295
1,<environment.Job instance at 0x154231b55f00>,112,2,[ 2 10],162,323,325,161,323
1,<environment.Job instance at 0x154231b60190>,113,2,[8 1],163,339,341,176,339
1,<environment.Job instance at 0x154231b60050>,115,3,[9 1],165,343,346,178,343
1,<environment.Job instance at 0x154231b60910>,119,2,[ 2 10],171,400,402,229,400
1,<environment.Job instance at 0x154231b605a0>,117,15,[2 6],168,405,420,237,405
1,<environment.Job instance at 0x154231b608c0>,121,1,[10  1],177,409,410,232,409
1,<environment.Job instance at 0x154231b60af0>,122,24,[5 2],178,412,436,234,412
1,<environment.Job instance at 0x154231b60c30>,123,24,[2 7],181,427,451,246,427
1,<environment.Job instance at 0x154231b60e10>,124,3,[1 8],182,441,444,259,441
1,<environment.Job instance at 0x154231b606e0>,120,3,[ 1 12],175,498,501,323,498
1,<environment.Job instance at 0x154231b60f00>,127,18,[8 1],188,505,523,317,505
1,<environment.Job instance at 0x154231b60e60>,125,12,[1 6],184,524,536,340,524
1,<environment.Job instance at 0x154231b7d190>,98,17,[ 2 11],142,678,695,536,678
1,<environment.Job instance at 0x154231b7aaa0>,68,3,[11  1],102,705,708,603,705
1,<environment.Job instance at 0x1541fac596e0>,5,3,[2 7],7,9,12,2,9
1,<environment.Job instance at 0x1541fad0eeb0>,10,1,[5 1],15,27,28,12,27
1,<environment.Job instance at 0x1541fad0ec80>,18,2,[1 7],27,29,31,2,29
1,<environment.Job instance at 0x1542378511e0>,22,2,[5 1],33,35,37,2,35
1,<environment.Job instance at 0x1542378517d0>,19,23,[10  2],28,45,68,17,45
1,<environment.Job instance at 0x154237851050>,26,19,[8 1],42,102,121,60,102
1,<environment.Job instance at 0x1541fa9ddfa0>,29,2,[8 2],46,121,123,75,104
1,<environment.Job instance at 0x154237851550>,27,3,[10  2],44,123,126,79,104
1,<environment.Job instance at 0x1541fa9dd230>,31,1,[2 6],48,109,110,61,109
1,<environment.Job instance at 0x1541fa9ddc80>,30,2,[6 1],47,110,112,63,109
1,<environment.Job instance at 0x1541fa9dd4b0>,32,2,[2 7],49,112,114,63,111
1,<environment.Job instance at 0x1541fa9dd640>,36,1,[8 2],55,126,127,71,116
1,<environment.Job instance at 0x1541fa9dd6e0>,35,3,[6 2],54,116,119,62,116
1,<environment.Job instance at 0x1541fa9dd0f0>,38,3,[8 1],57,127,130,70,116
1,<environment.Job instance at 0x154236efb0f0>,39,3,[5 1],58,119,122,61,118
1,<environment.Job instance at 0x154236efbb40>,41,3,[7 1],61,126,129,65,122
1,<environment.Job instance at 0x154236efb410>,42,1,[1 9],64,123,124,59,123
1,<environment.Job instance at 0x1541fa9dd960>,37,18,[9 2],56,130,148,74,123
1,<environment.Job instance at 0x154236efb280>,44,3,[ 2 10],67,129,132,62,124
1,<environment.Job instance at 0x154237851320>,21,2,[13  2],32,148,150,116,126
1,<environment.Job instance at 0x154236efbbe0>,48,3,[7 2],76,150,153,74,126
1,<environment.Job instance at 0x154236efb4b0>,45,3,[6 2],68,132,135,64,126
1,<environment.Job instance at 0x154236efbcd0>,52,2,[7 1],83,150,152,67,127
1,<environment.Job instance at 0x15422c186960>,67,2,[6 2],111,138,140,27,138
1,<environment.Job instance at 0x154236efb2d0>,43,14,[7 1],65,152,166,87,139
1,<environment.Job instance at 0x1541fa7d9140>,55,2,[6 1],87,140,142,53,140
1,<environment.Job instance at 0x15422c1867d0>,71,3,[6 2],120,153,156,33,149
1,<environment.Job instance at 0x15422c186190>,70,18,[5 1],118,156,174,38,154
1,<environment.Job instance at 0x15422c186e10>,72,2,[10  2],121,166,168,45,155
1,<environment.Job instance at 0x15422c1861e0>,73,2,[1 6],122,161,163,39,161
1,<environment.Job instance at 0x154236f3d320>,77,13,[8 2],127,168,181,41,168
1,<environment.Job instance at 0x154236f3dc80>,78,22,[7 2],128,174,196,46,168
1,<environment.Job instance at 0x15422c186f00>,68,3,[14  1],112,196,199,84,177
1,<environment.Job instance at 0x1541fab86aa0>,76,3,[8 2],126,181,184,55,178
1,<environment.Job instance at 0x154236f3d8c0>,80,3,[9 2],130,199,202,69,178
1,<environment.Job instance at 0x154232810190>,84,3,[2 8],136,184,187,48,184
1,<environment.Job instance at 0x1541fab78370>,93,3,[2 9],148,189,192,41,189
1,<environment.Job instance at 0x154231bc34b0>,96,1,[6 1],151,190,191,39,190
1,<environment.Job instance at 0x15422c2cb7d0>,98,21,[10  2],154,202,223,48,196
1,<environment.Job instance at 0x154236f5db90>,83,21,[2 7],135,213,234,78,213
1,<environment.Job instance at 0x1542328372d0>,99,15,[9 1],155,223,238,68,216
1,<environment.Job instance at 0x154232837320>,105,2,[8 1],164,238,240,74,220
1,<environment.Job instance at 0x154231ddd730>,109,1,[1 5],169,220,221,51,220
1,<environment.Job instance at 0x15423282a370>,103,3,[9 1],162,240,243,78,221
1,<environment.Job instance at 0x154231ddd9b0>,110,1,[2 6],170,222,223,52,222
1,<environment.Job instance at 0x1542328295a0>,112,1,[2 6],173,223,224,50,222
1,<environment.Job instance at 0x154231dddc30>,114,3,[2 8],175,234,237,59,223
1,<environment.Job instance at 0x1541fab78640>,116,3,[ 2 13],178,237,240,59,234
1,<environment.Job instance at 0x1541fadeeb40>,113,13,[7 1],174,247,260,73,247
1,<environment.Job instance at 0x1541fab80190>,121,17,[5 1],184,248,265,64,248
1,<environment.Job instance at 0x154231ccb0f0>,124,13,[8 2],188,260,273,72,248
1,<environment.Job instance at 0x154231ccbcd0>,125,16,[1 8],189,291,307,102,291
1,<environment.Job instance at 0x1541fac59050>,6,3,[14  2],8,303,306,295,303
1,<environment.Job instance at 0x154230464e60>,6,2,[1 6],11,14,16,3,14
1,<environment.Job instance at 0x1541fa81c5a0>,9,3,[5 2],17,17,20,0,17
1,<environment.Job instance at 0x1541fa81ceb0>,14,2,[1 6],22,32,34,10,32
1,<environment.Job instance at 0x1541fa81c3c0>,17,17,[9 1],25,37,54,12,37
1,<environment.Job instance at 0x1541fa81c500>,23,1,[10  1],34,57,58,23,57
1,<environment.Job instance at 0x15422c25cc80>,26,13,[1 6],38,112,125,74,112
1,<environment.Job instance at 0x15422ff11500>,47,1,[8 1],74,113,114,39,113
1,<environment.Job instance at 0x15422ff111e0>,48,3,[8 1],76,114,117,38,114
1,<environment.Job instance at 0x15422ff11af0>,49,3,[7 2],82,119,122,37,119
1,<environment.Job instance at 0x15422ff11d20>,50,1,[13  1],83,127,128,44,127
1,<environment.Job instance at 0x1541fa81c370>,15,3,[8 2],23,135,138,112,135
1,<environment.Job instance at 0x15422ff11050>,56,16,[6 2],90,135,151,45,135
1,<environment.Job instance at 0x15422ff114b0>,55,2,[9 2],89,138,140,49,135
1,<environment.Job instance at 0x15422ff117d0>,57,2,[6 2],91,140,142,49,135
1,<environment.Job instance at 0x15422ff11b90>,59,2,[10  2],93,151,153,58,135
1,<environment.Job instance at 0x15422ff11e10>,58,3,[2 9],92,140,143,48,139
1,<environment.Job instance at 0x1541fa81c910>,16,13,[2 7],24,143,156,119,143
1,<environment.Job instance at 0x154236f560a0>,60,1,[10  2],95,153,154,58,144
1,<environment.Job instance at 0x154232b3e4b0>,65,1,[8 2],101,154,155,53,146
1,<environment.Job instance at 0x15422ff11140>,62,15,[5 2],98,154,169,56,151
1,<environment.Job instance at 0x154232b3ecd0>,63,17,[ 2 10],99,156,173,57,151
1,<environment.Job instance at 0x154232b3e690>,66,1,[ 1 10],103,173,174,70,152
1,<environment.Job instance at 0x154232a72d70>,70,1,[2 9],110,174,175,64,152
1,<environment.Job instance at 0x1541fae63370>,72,17,[7 1],112,160,177,48,160
1,<environment.Job instance at 0x154232b3ef00>,68,2,[8 1],105,175,177,70,164
1,<environment.Job instance at 0x154232839460>,75,3,[6 2],119,169,172,50,165
1,<environment.Job instance at 0x1542350179b0>,76,1,[2 7],120,177,178,57,169
1,<environment.Job instance at 0x15422ff11550>,46,1,[ 1 12],71,178,179,107,171
1,<environment.Job instance at 0x1541faec81e0>,81,2,[1 8],128,179,181,51,171
1,<environment.Job instance at 0x1541fa8dcb40>,82,3,[5 1],129,172,175,43,171
1,<environment.Job instance at 0x1542317309b0>,85,17,[7 1],133,177,194,44,171
1,<environment.Job instance at 0x1541fab0f550>,77,2,[8 1],122,196,198,74,196
1,<environment.Job instance at 0x154237951690>,78,3,[ 1 10],124,207,210,83,207
1,<environment.Job instance at 0x1541faafa780>,97,1,[2 5],151,207,208,56,207
1,<environment.Job instance at 0x15422c042be0>,101,1,[2 9],155,210,211,55,207
1,<environment.Job instance at 0x15422c042b40>,105,2,[5 1],159,215,217,56,215
1,<environment.Job instance at 0x15422c04af50>,109,3,[ 2 12],166,223,226,57,223
1,<environment.Job instance at 0x15422c0428c0>,102,1,[10  1],156,223,224,67,223
1,<environment.Job instance at 0x154235010c80>,116,20,[10  2],177,224,244,47,223
1,<environment.Job instance at 0x15422c04a410>,4,13,[1 7],7,9,22,2,9
1,<environment.Job instance at 0x15422c04a2d0>,8,14,[5 1],16,16,30,0,16
1,<environment.Job instance at 0x1541faf74690>,22,12,[ 1 13],36,46,58,10,46
1,<environment.Job instance at 0x1541faf74c80>,23,1,[7 2],38,46,47,8,46
1,<environment.Job instance at 0x1542306d42d0>,39,3,[2 6],61,115,118,54,115
1,<environment.Job instance at 0x15422c31c910>,58,1,[ 2 12],91,127,128,36,127
1,<environment.Job instance at 0x15422c31c550>,60,1,[5 2],94,128,129,34,128
1,<environment.Job instance at 0x154237920410>,81,1,[8 2],121,156,157,35,156
1,<environment.Job instance at 0x154237819280>,85,1,[2 7],125,171,172,46,171
1,<environment.Job instance at 0x154236f94780>,86,22,[6 2],126,171,193,45,171
1,<environment.Job instance at 0x1541facc01e0>,111,3,[2 6],162,336,339,174,336
1,<environment.Job instance at 0x1541facc0c30>,110,14,[8 2],161,337,351,176,337
1,<environment.Job instance at 0x154236f61870>,59,3,[6 2],93,351,354,258,351
1,<environment.Job instance at 0x1541faec22d0>,118,3,[2 5],172,355,358,183,355
1,<environment.Job instance at 0x1541faec2280>,119,17,[14  2],174,358,375,184,355
1,<environment.Job instance at 0x1541faec2640>,120,1,[1 6],175,378,379,203,378
1,<environment.Job instance at 0x1541faec2e60>,113,2,[1 6],165,380,382,215,380
1,<environment.Job instance at 0x1541faec2370>,124,2,[6 2],180,449,451,269,449
1,<environment.Job instance at 0x1541faec2cd0>,125,16,[2 5],182,450,466,268,450
1,<environment.Job instance at 0x1541faec2fa0>,126,3,[8 2],183,452,455,269,452
1,<environment.Job instance at 0x1541faec2140>,122,28,[1 9],178,643,671,465,643
1,<environment.Job instance at 0x1541faec2690>,128,2,[5 1],185,708,710,523,708
1,<environment.Job instance at 0x1541fad8c910>,130,12,[2 7],187,709,721,522,709
1,<environment.Job instance at 0x1541fad8cdc0>,131,13,[10  1],188,718,731,530,718
1,<environment.Job instance at 0x1541fa77af00>,84,3,[ 2 13],124,784,787,660,784
1,<environment.Job instance at 0x1541faec2410>,121,16,[ 1 11],176,1159,1175,983,1159
1,<environment.Job instance at 0x15216bb54a00>,1,3,[1 9],2,3,6,1,3
1,<environment.Job instance at 0x1521625e8640>,9,2,[6 1],11,11,13,0,11
1,<environment.Job instance at 0x15216bafa870>,5,3,[9 2],6,17,20,11,17
1,<environment.Job instance at 0x15216253b320>,14,2,[ 1 10],18,18,20,0,18
1,<environment.Job instance at 0x1521638c17d0>,13,2,[8 1],17,24,26,7,24
1,<environment.Job instance at 0x152162508370>,20,2,[ 1 13],27,28,30,1,28
1,<environment.Job instance at 0x152162099460>,25,2,[2 8],34,36,38,2,36
1,<environment.Job instance at 0x152162098460>,32,3,[2 9],42,42,45,0,42
1,<environment.Job instance at 0x15216253aaf0>,16,1,[2 5],21,86,87,65,86
1,<environment.Job instance at 0x1521620945a0>,35,2,[1 8],45,99,101,54,99
1,<environment.Job instance at 0x152162093050>,46,2,[2 8],61,101,103,40,100
1,<environment.Job instance at 0x152162094640>,37,2,[ 1 10],50,103,105,53,101
1,<environment.Job instance at 0x1521620939b0>,47,1,[1 6],63,101,102,38,101
1,<environment.Job instance at 0x152162093500>,50,12,[9 1],68,101,113,33,101
1,<environment.Job instance at 0x152162093d70>,51,2,[8 2],69,113,115,44,102
1,<environment.Job instance at 0x1521620934b0>,49,16,[8 2],66,115,131,49,106
1,<environment.Job instance at 0x152162095870>,54,2,[2 5],75,116,118,41,116
1,<environment.Job instance at 0x152162095910>,56,1,[10  2],79,131,132,52,118
1,<environment.Job instance at 0x152162095c30>,55,16,[2 5],76,180,196,104,180
1,<environment.Job instance at 0x1521620c3fa0>,61,3,[1 5],87,194,197,107,194
1,<environment.Job instance at 0x1521620b10a0>,62,3,[9 2],88,195,198,107,195
1,<environment.Job instance at 0x1521620ae780>,63,3,[10  1],89,202,205,113,202
1,<environment.Job instance at 0x15216205adc0>,65,3,[2 9],92,206,209,114,206
1,<environment.Job instance at 0x1521620cb960>,66,3,[1 9],93,218,221,125,218
1,<environment.Job instance at 0x152162095a00>,60,17,[8 1],86,218,235,132,218
1,<environment.Job instance at 0x15216257e050>,67,1,[13  1],94,235,236,141,220
1,<environment.Job instance at 0x1521625b4e10>,68,3,[1 9],95,221,224,126,220
1,<environment.Job instance at 0x1521620a9550>,70,2,[ 2 10],97,231,233,134,231
1,<environment.Job instance at 0x152162579870>,73,2,[6 2],103,233,235,130,231
1,<environment.Job instance at 0x1521620a94b0>,71,3,[2 9],99,241,244,142,241
1,<environment.Job instance at 0x152162579280>,75,1,[1 6],107,242,243,135,242
1,<environment.Job instance at 0x15216256e5a0>,79,3,[7 2],111,252,255,141,252
1,<environment.Job instance at 0x15216256e370>,80,14,[7 1],112,253,267,141,253
1,<environment.Job instance at 0x15216256ef00>,83,1,[10  1],117,267,268,150,260
1,<environment.Job instance at 0x15216256ec80>,85,1,[7 2],120,271,272,151,271
1,<environment.Job instance at 0x152164c135f0>,86,2,[1 8],121,271,273,150,271
1,<environment.Job instance at 0x15216256e280>,87,2,[2 6],122,274,276,152,274
1,<environment.Job instance at 0x15216256e0f0>,88,1,[1 5],123,276,277,153,276
1,<environment.Job instance at 0x15216256e910>,81,3,[ 2 10],114,278,281,164,278
1,<environment.Job instance at 0x152162090730>,91,1,[2 5],128,284,285,156,284
1,<environment.Job instance at 0x152162090f00>,93,2,[14  1],130,285,287,155,285
1,<environment.Job instance at 0x1521620908c0>,95,3,[2 8],132,287,290,155,286
1,<environment.Job instance at 0x1521625015f0>,96,12,[9 2],134,291,303,157,291
1,<environment.Job instance at 0x152162090a00>,94,1,[5 1],131,327,328,196,327
1,<environment.Job instance at 0x1521625af500>,99,16,[8 1],137,409,425,272,409
1,<environment.Job instance at 0x1521625af230>,101,13,[2 9],140,463,476,323,463
1,<environment.Job instance at 0x1521625af190>,103,1,[ 2 10],142,479,480,337,479
1,<environment.Job instance at 0x1521625af5f0>,102,1,[2 8],141,481,482,340,481
1,<environment.Job instance at 0x152163cd59b0>,106,15,[5 1],145,486,501,341,486
1,<environment.Job instance at 0x152163cd52d0>,104,1,[ 2 14],143,486,487,343,486
1,<environment.Job instance at 0x152163cd6780>,108,2,[ 1 10],150,488,490,338,488
1,<environment.Job instance at 0x152162832b40>,109,3,[11  2],151,501,504,350,491
1,<environment.Job instance at 0x152162833730>,111,3,[2 5],153,493,496,340,493
1,<environment.Job instance at 0x152162831f50>,107,18,[1 8],146,496,514,350,496
1,<environment.Job instance at 0x152162833190>,112,1,[8 1],154,504,505,350,503
1,<environment.Job instance at 0x152162833460>,114,15,[9 2],157,505,520,348,503
1,<environment.Job instance at 0x152162833c30>,113,3,[5 2],156,525,528,369,525
1,<environment.Job instance at 0x152162833b90>,116,1,[1 6],159,546,547,387,546
1,<environment.Job instance at 0x152162833910>,117,1,[1 7],160,547,548,387,547
1,<environment.Job instance at 0x1521628547d0>,119,3,[12  1],164,552,555,388,552
1,<environment.Job instance at 0x152162854230>,123,2,[1 8],169,556,558,387,556
1,<environment.Job instance at 0x152162854190>,124,3,[1 7],171,566,569,395,566
1,<environment.Job instance at 0x152162854d70>,118,3,[9 1],163,566,569,403,566
1,<environment.Job instance at 0x152162854870>,126,27,[1 8],173,576,603,403,576
1,<environment.Job instance at 0x1521628548c0>,127,3,[1 9],174,620,623,446,620
1,<environment.Job instance at 0x152162854be0>,128,2,[7 2],175,660,662,485,660
1,<environment.Job instance at 0x1521628543c0>,125,13,[ 1 14],172,666,679,494,666
1,<environment.Job instance at 0x152162854fa0>,131,3,[5 1],183,666,669,483,666
1,<environment.Job instance at 0x152162854460>,130,28,[2 8],179,680,708,501,680
1,<environment.Job instance at 0x152162851e60>,133,3,[ 2 10],186,731,734,545,731
1,<environment.Job instance at 0x152162851550>,136,3,[5 2],192,753,756,561,753
1,<environment.Job instance at 0x1521628512d0>,138,2,[ 2 10],194,770,772,576,770
1,<environment.Job instance at 0x152162835f50>,139,2,[2 9],195,776,778,581,776
1,<environment.Job instance at 0x152162835a00>,142,2,[9 1],199,848,850,649,848
1,<environment.Job instance at 0x1521628350f0>,141,19,[ 1 10],198,868,887,670,868
1,<environment.Job instance at 0x152162094500>,34,15,[11  1],44,942,957,898,942
1,<environment.Job instance at 0x1521620940f0>,41,25,[12  2],54,985,1010,931,985
1,<environment.Job instance at 0x1521625f6050>,18,1,[2 6],23,68,69,45,68
1,<environment.Job instance at 0x1521624ed230>,47,2,[6 2],72,129,131,57,129
1,<environment.Job instance at 0x1521624f3be0>,48,1,[1 5],73,133,134,60,133
1,<environment.Job instance at 0x1521624f3af0>,50,3,[ 2 10],75,223,226,148,223
1,<environment.Job instance at 0x1521624eda00>,44,15,[2 8],68,230,245,162,230
1,<environment.Job instance at 0x1521624f3c80>,51,3,[ 1 13],76,245,248,169,235
1,<environment.Job instance at 0x1521624f3780>,52,3,[1 5],79,269,272,190,269
1,<environment.Job instance at 0x1521625f6eb0>,19,16,[9 1],26,358,374,332,358
1,<environment.Job instance at 0x1521624f3460>,55,1,[7 1],82,374,375,292,363
1,<environment.Job instance at 0x15216491f7d0>,54,1,[2 8],81,403,404,322,403
1,<environment.Job instance at 0x1521624f3a00>,53,21,[ 2 13],80,430,451,350,430
1,<environment.Job instance at 0x1521648eb7d0>,59,18,[8 1],87,433,451,346,433
1,<environment.Job instance at 0x15216250baa0>,60,1,[5 2],88,451,452,363,439
1,<environment.Job instance at 0x15216251d780>,57,2,[8 2],85,451,453,366,448
1,<environment.Job instance at 0x15216496f730>,61,1,[1 8],89,451,452,362,448
1,<environment.Job instance at 0x152162527be0>,63,2,[5 2],92,452,454,360,450
1,<environment.Job instance at 0x15216282f8c0>,64,2,[1 7],94,460,462,366,460
1,<environment.Job instance at 0x152148e6a0a0>,62,3,[1 7],90,481,484,391,481
1,<environment.Job instance at 0x152169118870>,69,3,[2 7],100,481,484,381,481
1,<environment.Job instance at 0x152162093fa0>,71,1,[2 5],104,484,485,380,483
1,<environment.Job instance at 0x15216257ebe0>,70,17,[7 1],102,484,501,382,484
1,<environment.Job instance at 0x15216baf35f0>,73,12,[7 2],107,485,497,378,484
1,<environment.Job instance at 0x1521620cd2d0>,74,2,[7 2],109,507,509,398,507
1,<environment.Job instance at 0x1521620cd0a0>,72,3,[1 8],105,531,534,426,531
1,<environment.Job instance at 0x1521620cb500>,79,14,[8 1],116,534,548,418,534
1,<environment.Job instance at 0x1521620a98c0>,76,14,[8 2],112,548,562,436,546
1,<environment.Job instance at 0x1521620cb5f0>,81,3,[7 2],118,553,556,435,553
1,<environment.Job instance at 0x1521620cb640>,83,13,[5 2],121,557,570,436,557
1,<environment.Job instance at 0x1521620cb3c0>,82,21,[7 2],120,562,583,442,560
1,<environment.Job instance at 0x1521620cbc80>,84,3,[1 9],122,580,583,458,580
1,<environment.Job instance at 0x1521620cb690>,90,2,[10  1],133,592,594,459,592
1,<environment.Job instance at 0x15216258b910>,91,3,[1 9],134,597,600,463,597
1,<environment.Job instance at 0x1521620cb8c0>,92,3,[1 8],138,600,603,462,597
1,<environment.Job instance at 0x1521620cbdc0>,86,3,[5 1],124,602,605,478,602
1,<environment.Job instance at 0x152162523c30>,94,2,[9 2],142,602,604,460,602
1,<environment.Job instance at 0x152162523780>,96,16,[7 2],144,612,628,468,612
1,<environment.Job instance at 0x152162523fa0>,97,1,[ 2 10],145,619,620,474,619
1,<environment.Job instance at 0x152162523140>,98,18,[5 2],147,637,655,490,637
1,<environment.Job instance at 0x1521625234b0>,95,3,[5 2],143,655,658,512,655
1,<environment.Job instance at 0x1521620ca1e0>,101,12,[2 9],153,695,707,542,695
1,<environment.Job instance at 0x152162090af0>,105,17,[10  1],158,697,714,539,697
1,<environment.Job instance at 0x1521620902d0>,106,2,[ 2 12],160,707,709,547,697
1,<environment.Job instance at 0x152162090c80>,107,1,[6 2],161,714,715,553,714
1,<environment.Job instance at 0x1521620903c0>,110,2,[8 1],168,718,720,550,718
1,<environment.Job instance at 0x152162090870>,111,2,[1 9],171,718,720,547,718
1,<environment.Job instance at 0x152162090e10>,112,2,[1 6],172,720,722,548,718
1,<environment.Job instance at 0x1521620906e0>,113,1,[1 9],173,721,722,548,721
1,<environment.Job instance at 0x152162090a50>,108,3,[2 7],163,722,725,559,721
1,<environment.Job instance at 0x152162090550>,114,3,[1 8],174,722,725,548,722
1,<environment.Job instance at 0x1521620904b0>,116,18,[ 1 10],176,738,756,562,738
1,<environment.Job instance at 0x152162501fa0>,117,2,[1 6],178,756,758,578,741
1,<environment.Job instance at 0x152162501d70>,118,3,[ 2 10],180,758,761,578,745
1,<environment.Job instance at 0x152162501dc0>,120,3,[9 1],182,751,754,569,751
1,<environment.Job instance at 0x152162501e10>,123,3,[2 7],186,765,768,579,765
1,<environment.Job instance at 0x152162501230>,124,14,[7 2],187,767,781,580,767
1,<environment.Job instance at 0x152162501320>,125,2,[ 1 10],189,775,777,586,775
1,<environment.Job instance at 0x152162095f00>,126,3,[10  2],190,781,784,591,779
1,<environment.Job instance at 0x152162095730>,127,2,[2 9],191,791,793,600,791
1,<environment.Job instance at 0x1521620905f0>,109,15,[ 1 11],167,793,808,626,791
1,<environment.Job instance at 0x152162095d20>,130,16,[1 5],198,824,840,626,824
1,<environment.Job instance at 0x152162095f50>,129,18,[6 2],196,827,845,631,827
1,<environment.Job instance at 0x1521624edf50>,42,2,[ 2 12],66,936,938,870,936
1,<environment.Job instance at 0x1521624f3910>,46,13,[ 1 11],71,957,970,886,957
1,<environment.Job instance at 0x1521491bd9b0>,10,1,[7 2],16,21,22,5,21
1,<environment.Job instance at 0x152149271870>,5,3,[9 2],8,22,25,14,21
1,<environment.Job instance at 0x152149271a00>,8,3,[1 7],13,21,24,8,21
1,<environment.Job instance at 0x152149398690>,17,2,[2 5],26,26,28,0,26
1,<environment.Job instance at 0x152149398af0>,18,16,[2 9],27,72,88,45,72
1,<environment.Job instance at 0x152149350d20>,43,3,[1 9],64,88,91,24,72
1,<environment.Job instance at 0x152149350410>,44,2,[1 8],66,91,93,25,73
1,<environment.Job instance at 0x152149350e60>,45,2,[1 5],68,75,77,7,75
1,<environment.Job instance at 0x152149350460>,46,15,[10  1],69,76,91,7,76
1,<environment.Job instance at 0x152149350aa0>,48,1,[8 2],71,91,92,20,76
1,<environment.Job instance at 0x152149350e10>,49,14,[14  1],72,92,106,20,77
1,<environment.Job instance at 0x152149350b90>,50,2,[6 1],74,106,108,32,80
1,<environment.Job instance at 0x152149350910>,51,3,[10  1],76,108,111,32,82
1,<environment.Job instance at 0x1521493d2190>,54,2,[1 7],81,93,95,12,87
1,<environment.Job instance at 0x1521493d2140>,55,1,[1 5],82,87,88,5,87
1,<environment.Job instance at 0x1521493d22d0>,56,18,[8 2],83,111,129,28,100
1,<environment.Job instance at 0x1521493d2460>,57,3,[1 6],84,103,106,19,103
1,<environment.Job instance at 0x1521493d2c80>,59,2,[ 1 10],86,110,112,24,110
1,<environment.Job instance at 0x1521493d2550>,61,15,[7 2],88,136,151,48,136
1,<environment.Job instance at 0x152149398f50>,24,15,[2 8],38,146,161,108,146
1,<environment.Job instance at 0x1521493d27d0>,64,2,[1 8],91,177,179,86,177
1,<environment.Job instance at 0x152149355f00>,71,1,[2 9],102,180,181,78,180
1,<environment.Job instance at 0x1521493554b0>,74,2,[2 7],106,183,185,77,183
1,<environment.Job instance at 0x152149355870>,75,1,[5 2],107,183,184,76,183
1,<environment.Job instance at 0x152149355500>,77,2,[ 1 10],110,192,194,82,192
1,<environment.Job instance at 0x1521493d2af0>,53,3,[ 2 11],80,194,197,114,194
1,<environment.Job instance at 0x152149355af0>,78,3,[2 5],111,197,200,86,194
1,<environment.Job instance at 0x152149355730>,83,1,[7 2],118,194,195,76,194
1,<environment.Job instance at 0x1521491cda00>,96,1,[1 9],135,234,235,99,234
1,<environment.Job instance at 0x152149355960>,84,3,[10  2],119,235,238,116,235
1,<environment.Job instance at 0x1521491b2910>,98,15,[7 1],137,241,256,104,241
1,<environment.Job instance at 0x15214921fb40>,101,1,[2 6],141,245,246,104,245
1,<environment.Job instance at 0x1521491cd0f0>,97,1,[2 5],136,246,247,110,246
1,<environment.Job instance at 0x15214921f410>,103,17,[2 7],144,254,271,110,254
1,<environment.Job instance at 0x15214921f370>,106,3,[5 1],147,265,268,118,265
1,<environment.Job instance at 0x152148f07640>,113,16,[10  2],154,311,327,157,311
1,<environment.Job instance at 0x15214925d0a0>,110,2,[2 6],151,411,413,260,411
1,<environment.Job instance at 0x1521490d86e0>,124,3,[7 1],167,427,430,260,427
1,<environment.Job instance at 0x1521490748c0>,126,25,[12  1],169,453,478,284,453
1,<environment.Job instance at 0x15214919e0a0>,135,12,[7 1],184,498,510,314,498
1,<environment.Job instance at 0x152149355cd0>,89,13,[12  2],127,531,544,404,531
1,<environment.Job instance at 0x152148d2abe0>,6,1,[1 9],12,14,15,2,14
1,<environment.Job instance at 0x152148da6cd0>,9,1,[5 2],16,17,18,1,17
1,<environment.Job instance at 0x152148da6050>,13,3,[10  2],23,34,37,11,34
1,<environment.Job instance at 0x1521492a5af0>,21,2,[7 2],40,41,43,1,41
1,<environment.Job instance at 0x1521492a5780>,22,2,[6 2],41,45,47,4,45
1,<environment.Job instance at 0x1521492a8870>,50,12,[7 1],86,220,232,134,220
1,<environment.Job instance at 0x1521493a9280>,51,13,[13  2],87,232,245,145,222
1,<environment.Job instance at 0x1521493a9be0>,55,3,[2 5],94,222,225,128,222
1,<environment.Job instance at 0x1521493a98c0>,56,1,[8 1],95,225,226,130,224
1,<environment.Job instance at 0x1521493a90f0>,58,13,[8 2],97,245,258,148,229
1,<environment.Job instance at 0x1521493a9910>,59,18,[5 1],98,245,263,147,234
1,<environment.Job instance at 0x1521492f7be0>,28,17,[2 8],47,246,263,199,246
1,<environment.Job instance at 0x1521493a9aa0>,60,15,[6 1],99,258,273,159,249
1,<environment.Job instance at 0x1521493a9190>,64,1,[7 1],104,263,264,159,250
1,<environment.Job instance at 0x1521493a99b0>,61,3,[6 2],100,264,267,164,255
1,<environment.Job instance at 0x1521492a8dc0>,44,1,[ 1 12],76,263,264,187,256
1,<environment.Job instance at 0x1521493a91e0>,68,3,[2 7],108,264,267,156,256
1,<environment.Job instance at 0x1521493a9b90>,67,3,[1 5],107,265,268,158,265
1,<environment.Job instance at 0x15214929caf0>,81,16,[8 1],130,267,283,137,265
1,<environment.Job instance at 0x15214929cc30>,82,16,[1 6],131,304,320,173,304
1,<environment.Job instance at 0x152148b43fa0>,104,1,[1 6],160,330,331,170,330
1,<environment.Job instance at 0x152148b96aa0>,107,1,[6 2],163,330,331,167,330
1,<environment.Job instance at 0x1521493a9dc0>,71,2,[5 1],111,390,392,279,390
1,<environment.Job instance at 0x152148beab90>,129,2,[2 9],191,453,455,262,453
1,<environment.Job instance at 0x152148f380f0>,0,2,[5 2],1,3,5,2,3
1,<environment.Job instance at 0x152148bec460>,7,3,[2 6],11,11,14,0,11
1,<environment.Job instance at 0x152148bea410>,5,1,[5 1],8,13,14,5,13
1,<environment.Job instance at 0x152148becaa0>,9,13,[6 1],14,15,28,1,15
1,<environment.Job instance at 0x152169a93af0>,19,13,[2 8],26,55,68,29,55
1,<environment.Job instance at 0x152148e03c30>,35,3,[6 1],44,129,132,85,129
1,<environment.Job instance at 0x152148beceb0>,15,17,[12  1],20,136,153,116,136
1,<environment.Job instance at 0x152169a93960>,34,3,[10  1],43,153,156,110,136
1,<environment.Job instance at 0x152163dd1fa0>,40,3,[5 2],49,153,156,104,136
1,<environment.Job instance at 0x15216259f460>,55,2,[10  1],67,156,158,89,152
1,<environment.Job instance at 0x152148ee9410>,59,1,[6 1],72,193,194,121,193
1,<environment.Job instance at 0x152149323e10>,57,1,[ 1 14],70,194,195,124,194
1,<environment.Job instance at 0x15216005aa00>,60,2,[9 1],74,194,196,120,194
1,<environment.Job instance at 0x152148e03e60>,37,3,[2 7],46,195,198,149,194
1,<environment.Job instance at 0x1521690af320>,66,3,[1 8],83,196,199,113,196
1,<environment.Job instance at 0x152149095a50>,65,3,[ 2 14],82,248,251,166,248
1,<environment.Job instance at 0x152148e03a00>,36,1,[13  1],45,253,254,208,253
1,<environment.Job instance at 0x152148b4c690>,79,14,[1 6],103,257,271,154,257
1,<environment.Job instance at 0x152148b4caf0>,83,1,[6 1],110,261,262,151,261
1,<environment.Job instance at 0x152148b02190>,87,25,[6 1],115,266,291,151,266
1,<environment.Job instance at 0x152148b02f50>,89,1,[10  1],118,291,292,173,272
1,<environment.Job instance at 0x152148b0d2d0>,93,1,[1 9],124,282,283,158,282
1,<environment.Job instance at 0x152148b0daf0>,96,1,[9 2],130,293,294,163,293
1,<environment.Job instance at 0x152148aedc30>,101,2,[12  1],137,321,323,184,321
1,<environment.Job instance at 0x152148b3e2d0>,99,13,[7 2],134,434,447,300,434
1,<environment.Job instance at 0x152148aede60>,103,14,[7 1],140,443,457,303,443
1,<environment.Job instance at 0x152169999c80>,104,2,[7 1],141,488,490,347,488
1,<environment.Job instance at 0x152148b09280>,106,2,[10  2],143,490,492,347,488
1,<environment.Job instance at 0x152148afdd20>,107,14,[9 1],144,601,615,457,601
1,<environment.Job instance at 0x152148afdcd0>,108,3,[9 2],145,626,629,481,626
1,<environment.Job instance at 0x152148afda50>,109,1,[6 2],147,638,639,491,638
1,<environment.Job instance at 0x152148bf2910>,112,3,[9 2],151,643,646,492,643
1,<environment.Job instance at 0x152148b07be0>,113,3,[10  1],152,646,649,494,644
1,<environment.Job instance at 0x152148e02050>,115,2,[8 2],160,723,725,563,723
1,<environment.Job instance at 0x152148b07af0>,114,17,[1 8],158,763,780,605,763
1,<environment.Job instance at 0x152163e951e0>,118,13,[2 9],166,866,879,700,866
1,<environment.Job instance at 0x152163da7910>,117,3,[1 9],162,905,908,743,905
1,<environment.Job instance at 0x152148c4a6e0>,120,3,[2 8],168,909,912,741,909
1,<environment.Job instance at 0x152169ab64b0>,122,2,[2 9],171,977,979,806,977
1,<environment.Job instance at 0x152169ab6820>,124,15,[10  1],173,978,993,805,978
1,<environment.Job instance at 0x152169ab68c0>,125,28,[5 2],174,1027,1055,853,1027
1,<environment.Job instance at 0x152169ab6a50>,126,1,[8 2],175,1038,1039,863,1038
1,<environment.Job instance at 0x152169ab6fa0>,123,2,[8 2],172,1040,1042,868,1040
1,<environment.Job instance at 0x1521600d2550>,77,15,[14  1],101,1235,1250,1134,1235
1,<environment.Job instance at 0x152148df5190>,128,3,[ 2 14],177,1250,1253,1073,1235
1,<environment.Job instance at 0x152148df5c80>,130,2,[2 6],179,1253,1255,1074,1235
1,<environment.Job instance at 0x152163db5370>,127,2,[ 1 10],176,1246,1248,1070,1246
1,<environment.Job instance at 0x152148c0ab40>,139,14,[9 2],190,1253,1267,1063,1249
1,<environment.Job instance at 0x152163e95b40>,119,2,[ 1 11],167,1275,1277,1108,1275
1,<environment.Job instance at 0x152148aff780>,145,2,[8 2],196,1291,1293,1095,1291
1,<environment.Job instance at 0x152148b3e870>,98,26,[ 2 13],133,1326,1352,1193,1326
1,<environment.Job instance at 0x152169a1a5a0>,4,14,[ 1 10],7,29,43,22,29
1,<environment.Job instance at 0x152163dca050>,13,3,[12  1],19,29,32,10,29
1,<environment.Job instance at 0x152148d8e190>,24,3,[1 8],41,44,47,3,44
1,<environment.Job instance at 0x152148d8e0f0>,23,13,[ 2 11],40,55,68,15,55
1,<environment.Job instance at 0x152148d8ebe0>,29,2,[5 2],53,55,57,2,55
1,<environment.Job instance at 0x152169361230>,32,1,[ 2 10],57,68,69,11,60
1,<environment.Job instance at 0x152148d8e500>,22,3,[11  1],39,62,65,23,62
1,<environment.Job instance at 0x152148d8ea50>,28,15,[ 2 10],52,69,84,17,62
1,<environment.Job instance at 0x1521693611e0>,37,21,[5 1],62,65,86,3,62
1,<environment.Job instance at 0x152149354190>,44,2,[1 8],71,84,86,13,71
1,<environment.Job instance at 0x152149354aa0>,45,13,[7 1],72,77,90,5,77
1,<environment.Job instance at 0x1521493541e0>,40,1,[ 2 10],66,86,87,20,79
1,<environment.Job instance at 0x152148e0a6e0>,48,22,[ 2 10],77,87,109,10,81
1,<environment.Job instance at 0x152169361640>,34,2,[ 1 12],59,109,111,50,86
1,<environment.Job instance at 0x152160060690>,59,1,[2 6],92,111,112,19,92
1,<environment.Job instance at 0x152163d749b0>,62,2,[8 2],95,105,107,10,105
1,<environment.Job instance at 0x152162617f50>,72,14,[2 6],113,115,129,2,115
1,<environment.Job instance at 0x152163e150f0>,78,27,[5 2],122,122,149,0,122
1,<environment.Job instance at 0x152163db53c0>,81,1,[ 2 10],125,129,130,4,126
1,<environment.Job instance at 0x152163db55a0>,80,1,[9 1],124,134,135,10,134
1,<environment.Job instance at 0x152163eacd20>,87,13,[8 2],136,137,150,1,137
1,<environment.Job instance at 0x15216b9e3aa0>,82,12,[2 8],128,143,155,15,143
1,<environment.Job instance at 0x152163de3640>,93,3,[2 8],145,155,158,10,147
1,<environment.Job instance at 0x152163de3230>,92,1,[1 7],144,150,151,6,150
1,<environment.Job instance at 0x152163de3e60>,96,1,[1 7],150,151,152,1,150
1,<environment.Job instance at 0x152163de3d20>,95,28,[1 6],147,155,183,8,155
1,<environment.Job instance at 0x152163de3910>,94,2,[7 1],146,158,160,12,158
1,<environment.Job instance at 0x152163e95690>,102,3,[5 1],157,158,161,1,158
1,<environment.Job instance at 0x152163e95730>,103,1,[1 9],159,163,164,4,163
1,<environment.Job instance at 0x152163e95a50>,105,2,[1 8],161,164,166,3,163
1,<environment.Job instance at 0x152148e29e10>,109,12,[9 1],167,187,199,20,187
1,<environment.Job instance at 0x152148e29280>,114,1,[9 2],174,199,200,25,189
1,<environment.Job instance at 0x152148e29730>,115,1,[2 8],175,199,200,24,199
1,<environment.Job instance at 0x152148e29910>,116,1,[5 1],176,207,208,31,207
1,<environment.Job instance at 0x152163ec6550>,118,1,[1 8],180,212,213,32,212
1,<environment.Job instance at 0x152148e29640>,110,20,[ 2 11],168,249,269,81,249
1,<environment.Job instance at 0x152163ec6eb0>,134,26,[8 1],198,254,280,56,254
1,<environment.Job instance at 0x152148e29960>,117,1,[8 1],178,280,281,102,257
1,<environment.Job instance at 0x1521492a8e60>,71,3,[ 2 13],112,273,276,161,273
1,<environment.Job instance at 0x152163cf0d20>,2,17,[7 2],3,3,20,0,3
1,<environment.Job instance at 0x1521492ca780>,4,2,[2 9],5,17,19,12,17
1,<environment.Job instance at 0x15216b09b820>,11,28,[14  1],18,20,48,2,19
1,<environment.Job instance at 0x15216b09ba50>,12,2,[1 7],19,21,23,2,21
1,<environment.Job instance at 0x15216b09b0f0>,16,3,[2 9],23,54,57,31,54
1,<environment.Job instance at 0x15216490f3c0>,20,2,[1 8],29,60,62,31,60
1,<environment.Job instance at 0x1521490d7690>,21,2,[1 5],30,66,68,36,66
1,<environment.Job instance at 0x1521492caa00>,5,13,[2 8],7,66,79,59,66
1,<environment.Job instance at 0x152148d48500>,23,2,[9 1],32,68,70,36,68
1,<environment.Job instance at 0x1521625b1e10>,24,3,[9 2],33,81,84,48,81
1,<environment.Job instance at 0x1521648f86e0>,25,17,[5 2],34,87,104,53,87
1,<environment.Job instance at 0x152163fbcb40>,31,2,[5 1],42,92,94,50,92
1,<environment.Job instance at 0x15216baf1190>,26,2,[2 6],36,96,98,60,96
1,<environment.Job instance at 0x15216b01e500>,36,18,[10  2],48,98,116,50,97
1,<environment.Job instance at 0x152164caa230>,35,1,[2 8],47,110,111,63,110
1,<environment.Job instance at 0x152148fe2230>,40,2,[1 8],53,114,116,61,114
1,<environment.Job instance at 0x152169a58410>,41,17,[7 1],54,116,133,62,114
1,<environment.Job instance at 0x1521649bd370>,42,16,[8 2],55,116,132,61,115
1,<environment.Job instance at 0x152163fa2320>,43,3,[1 5],58,132,135,74,116
1,<environment.Job instance at 0x152148fe23c0>,39,3,[1 6],51,132,135,81,121
1,<environment.Job instance at 0x15216b9f6140>,46,16,[7 1],61,133,149,72,123
1,<environment.Job instance at 0x15216baf6be0>,45,1,[10  2],60,149,150,89,124
1,<environment.Job instance at 0x152149350910>,47,1,[1 6],62,135,136,73,129
1,<environment.Job instance at 0x15216bb20f00>,49,2,[5 1],64,132,134,68,129
1,<environment.Job instance at 0x1521492bbb40>,50,2,[7 2],65,135,137,70,130
1,<environment.Job instance at 0x1521492bbd20>,51,1,[1 6],66,136,137,70,131
1,<environment.Job instance at 0x152148c431e0>,52,3,[2 6],67,137,140,70,134
1,<environment.Job instance at 0x152148c43eb0>,53,3,[1 9],68,140,143,72,135
1,<environment.Job instance at 0x152148c43e10>,54,3,[6 1],69,137,140,68,135
1,<environment.Job instance at 0x1521b2a89230>,55,15,[6 1],75,150,165,75,138
1,<environment.Job instance at 0x152148c430f0>,57,17,[8 1],77,150,167,73,139
1,<environment.Job instance at 0x152148c43b90>,58,1,[ 2 13],78,143,144,65,141
1,<environment.Job instance at 0x152148c43820>,59,2,[2 5],79,141,143,62,141
1,<environment.Job instance at 0x152148c43190>,60,3,[9 1],80,167,170,87,145
1,<environment.Job instance at 0x152148f56aa0>,62,1,[5 1],82,165,166,83,150
1,<environment.Job instance at 0x15216255ad20>,65,1,[6 2],87,166,167,79,153
1,<environment.Job instance at 0x15216255a050>,66,3,[5 2],88,167,170,79,156
1,<environment.Job instance at 0x1521492dea50>,67,15,[8 1],89,170,185,81,158
1,<environment.Job instance at 0x15216497cf50>,72,13,[7 2],100,170,183,70,164
1,<environment.Job instance at 0x15216497cc30>,73,1,[7 2],102,183,184,81,166
1,<environment.Job instance at 0x1521492e1d20>,76,3,[2 6],105,184,187,79,169
1,<environment.Job instance at 0x152163d36e60>,77,2,[7 1],107,185,187,78,178
1,<environment.Job instance at 0x1521625c7eb0>,78,1,[ 1 10],108,187,188,79,179
1,<environment.Job instance at 0x152163f2c230>,18,2,[11  2],26,198,200,172,198
1,<environment.Job instance at 0x15216bc46af0>,48,14,[1 8],63,199,213,136,199
1,<environment.Job instance at 0x152148cb3870>,93,28,[2 5],133,215,243,82,215
1,<environment.Job instance at 0x152169996cd0>,92,3,[7 2],131,239,242,108,239
1,<environment.Job instance at 0x152169acda50>,98,1,[2 6],138,261,262,123,261
1,<environment.Job instance at 0x152148f42730>,102,3,[2 5],145,307,310,162,307
1,<environment.Job instance at 0x1521491df230>,103,18,[5 2],147,307,325,160,307
1,<environment.Job instance at 0x1521491dfa00>,104,1,[1 6],148,308,309,160,308
1,<environment.Job instance at 0x152169acd1e0>,100,2,[2 8],141,309,311,168,309
1,<environment.Job instance at 0x1521491dfc30>,106,2,[6 2],151,312,314,161,312
1,<environment.Job instance at 0x1521491dfd70>,107,3,[2 7],152,326,329,174,326
1,<environment.Job instance at 0x1521491df780>,110,2,[6 1],158,358,360,200,358
1,<environment.Job instance at 0x152169a09eb0>,111,3,[1 5],159,365,368,206,365
1,<environment.Job instance at 0x1521491df690>,108,1,[10  1],156,372,373,216,372
1,<environment.Job instance at 0x152163f43af0>,112,2,[10  2],160,389,391,229,389
1,<environment.Job instance at 0x152148cb6780>,114,1,[1 8],162,393,394,231,393
1,<environment.Job instance at 0x152148caf1e0>,91,2,[ 2 13],129,394,396,265,393
1,<environment.Job instance at 0x152169b313c0>,115,25,[9 1],163,393,418,230,393
1,<environment.Job instance at 0x152148f8cf00>,122,1,[6 2],171,396,397,225,394
1,<environment.Job instance at 0x152169a091e0>,113,1,[9 1],161,418,419,257,395
1,<environment.Job instance at 0x152148f8cfa0>,117,1,[7 1],165,419,420,254,398
1,<environment.Job instance at 0x152148f8c230>,128,1,[7 2],181,420,421,239,420
1,<environment.Job instance at 0x152148f8cc80>,130,15,[6 1],183,427,442,244,427
1,<environment.Job instance at 0x152148f8c730>,129,3,[9 1],182,436,439,254,436
1,<environment.Job instance at 0x152164970d20>,132,2,[1 5],186,449,451,263,449
1,<environment.Job instance at 0x1521649705a0>,134,17,[10  1],188,454,471,266,454
1,<environment.Job instance at 0x1521649705f0>,135,26,[5 2],189,456,482,267,456
1,<environment.Job instance at 0x152164970050>,131,1,[2 5],184,471,472,287,457
1,<environment.Job instance at 0x152164970b90>,138,3,[1 9],192,472,475,280,459
1,<environment.Job instance at 0x152164970eb0>,139,2,[1 7],194,475,477,281,462
1,<environment.Job instance at 0x1521649703c0>,140,3,[2 9],195,484,487,289,484
1,<environment.Job instance at 0x152164970370>,141,2,[6 1],196,489,491,293,489
1,<environment.Job instance at 0x1521491aa640>,142,1,[5 1],197,491,492,294,491
1,<environment.Job instance at 0x1521649709b0>,137,2,[2 6],191,509,511,318,509
1,<environment.Job instance at 0x152169acdf00>,97,16,[ 1 11],137,558,574,421,558
1,<environment.Job instance at 0x152163fbc140>,33,2,[12  1],45,567,569,522,567
1,<environment.Job instance at 0x152148f8c500>,127,2,[ 1 14],180,604,606,424,604
1,<environment.Job instance at 0x1521491ea3c0>,1,1,[ 1 10],5,5,6,0,5
1,<environment.Job instance at 0x152163fa29b0>,11,1,[ 1 12],24,24,25,0,24
1,<environment.Job instance at 0x152163fa2870>,6,22,[2 9],13,29,51,16,29
1,<environment.Job instance at 0x152164cdfd70>,16,1,[9 1],30,37,38,7,37
1,<environment.Job instance at 0x1521600df550>,21,1,[5 1],36,38,39,2,37
1,<environment.Job instance at 0x152148bf97d0>,22,3,[8 1],37,38,41,1,37
1,<environment.Job instance at 0x152163fcad20>,23,2,[6 2],38,41,43,3,38
1,<environment.Job instance at 0x152163fab1e0>,24,3,[9 2],39,43,46,4,39
1,<environment.Job instance at 0x152149067b40>,25,2,[1 6],46,47,49,1,47
1,<environment.Job instance at 0x152149067cd0>,26,18,[8 1],48,49,67,1,48
1,<environment.Job instance at 0x152148c04320>,27,2,[2 8],50,51,53,1,50
1,<environment.Job instance at 0x152164ccf5a0>,18,3,[5 1],33,50,53,17,50
1,<environment.Job instance at 0x152163f10fa0>,20,1,[12  2],35,67,68,32,51
1,<environment.Job instance at 0x152149076280>,29,2,[2 6],54,54,56,0,54
1,<environment.Job instance at 0x152149076780>,31,12,[2 9],57,76,88,19,76
1,<environment.Job instance at 0x1521600df2d0>,19,2,[13  1],34,78,80,44,78
1,<environment.Job instance at 0x1521490ed730>,42,1,[1 9],70,88,89,18,79
1,<environment.Job instance at 0x152148c2e690>,49,1,[2 5],79,80,81,1,79
1,<environment.Job instance at 0x152148c1c0f0>,55,1,[11  1],93,122,123,29,122
1,<environment.Job instance at 0x1521490426e0>,56,2,[5 1],94,124,126,30,124
1,<environment.Job instance at 0x152149042140>,52,12,[ 1 14],82,124,136,42,124
1,<environment.Job instance at 0x152149042c80>,53,1,[5 2],83,136,137,53,125
1,<environment.Job instance at 0x152149106870>,61,1,[6 1],100,131,132,31,131
1,<environment.Job instance at 0x152148c2e8c0>,51,1,[ 1 13],81,147,148,66,147
1,<environment.Job instance at 0x152149106c80>,68,17,[9 2],109,148,165,39,148
1,<environment.Job instance at 0x1521491065f0>,70,2,[2 7],115,148,150,33,148
1,<environment.Job instance at 0x152149106640>,67,3,[10  2],107,165,168,58,148
1,<environment.Job instance at 0x15214905fc30>,71,1,[8 1],116,168,169,52,149
1,<environment.Job instance at 0x15214905f5a0>,75,13,[1 9],120,150,163,30,150
1,<environment.Job instance at 0x152164953f50>,80,3,[10  1],127,169,172,42,153
1,<environment.Job instance at 0x152164953190>,83,2,[1 5],130,163,165,33,158
1,<environment.Job instance at 0x152164953960>,85,2,[10  2],132,172,174,40,162
1,<environment.Job instance at 0x15214905f4b0>,72,15,[7 1],117,174,189,57,167
1,<environment.Job instance at 0x1521649534b0>,97,15,[8 2],147,185,200,38,185
1,<environment.Job instance at 0x152164953f00>,95,3,[7 2],145,189,192,44,185
1,<environment.Job instance at 0x152148ea17d0>,100,1,[1 6],151,192,193,41,185
1,<environment.Job instance at 0x152148ea1370>,101,3,[6 1],152,192,195,40,185
1,<environment.Job instance at 0x152148ea1d70>,103,3,[2 5],154,215,218,61,215
1,<environment.Job instance at 0x152164c67960>,109,15,[9 1],162,228,243,66,228
1,<environment.Job instance at 0x152164c67a00>,110,12,[6 1],163,288,300,125,288
1,<environment.Job instance at 0x152164c67820>,113,2,[1 7],166,296,298,130,296
1,<environment.Job instance at 0x1521649523c0>,116,1,[2 7],170,298,299,128,298
1,<environment.Job instance at 0x1521649526e0>,119,2,[9 1],174,301,303,127,301
1,<environment.Job instance at 0x152164952b90>,120,1,[2 5],175,307,308,132,307
1,<environment.Job instance at 0x15214911f0f0>,130,2,[2 9],190,349,351,159,349
1,<environment.Job instance at 0x15214911f140>,129,3,[1 8],189,409,412,220,409
1,<environment.Job instance at 0x152148ea1230>,105,17,[12  1],157,715,732,558,715
1,<environment.Job instance at 0x152164c851e0>,136,12,[ 2 11],198,974,986,776,974
1,<environment.Job instance at 0x152148add870>,11,3,[7 1],14,15,18,1,15
1,<environment.Job instance at 0x152148adf2d0>,18,15,[1 5],23,59,74,36,59
1,<environment.Job instance at 0x152148adf5a0>,23,18,[2 5],30,71,89,41,71
1,<environment.Job instance at 0x152148adf280>,19,3,[2 5],25,82,85,57,82
1,<environment.Job instance at 0x152148adf7d0>,26,3,[10  1],35,96,99,61,96
1,<environment.Job instance at 0x152148adfd70>,34,3,[7 1],43,220,223,177,220
1,<environment.Job instance at 0x152148ae1870>,46,14,[1 6],61,231,245,170,231
1,<environment.Job instance at 0x152148ae1280>,49,3,[10  2],68,396,399,328,396
1,<environment.Job instance at 0x152148ae1d20>,54,1,[8 1],76,399,400,323,396
1,<environment.Job instance at 0x152148ae1e60>,56,2,[9 1],79,484,486,405,484
1,<environment.Job instance at 0x152148ae1eb0>,55,3,[9 1],77,486,489,409,484
1,<environment.Job instance at 0x152148ae41e0>,59,1,[8 2],84,822,823,738,822
1,<environment.Job instance at 0x152148ae4370>,60,2,[10  1],85,869,871,784,869
1,<environment.Job instance at 0x152148ae4230>,58,3,[1 7],83,893,896,810,893
1,<environment.Job instance at 0x152148ae44b0>,62,16,[10  2],87,989,1005,902,989
1,<environment.Job instance at 0x152148ae45f0>,64,1,[1 7],89,990,991,901,990
1,<environment.Job instance at 0x152148ae4690>,65,1,[2 9],90,1065,1066,975,1065
1,<environment.Job instance at 0x152148ae48c0>,68,1,[7 2],95,1129,1130,1034,1129
1,<environment.Job instance at 0x152148ae4e10>,71,1,[10  2],99,1225,1226,1126,1225
1,<environment.Job instance at 0x152148ae4d70>,73,2,[10  1],101,1333,1335,1232,1333
1,<environment.Job instance at 0x152148ae4780>,69,16,[5 2],96,1376,1392,1280,1376
1,<environment.Job instance at 0x152148ae4f50>,74,1,[1 7],102,1431,1432,1329,1431
1,<environment.Job instance at 0x152148ae6280>,77,3,[9 2],106,2012,2015,1906,2012
1,<environment.Job instance at 0x152169028b40>,1,3,[10  1],2,3,6,1,3
1,<environment.Job instance at 0x152148ae6280>,4,17,[7 2],6,7,24,1,7
1,<environment.Job instance at 0x152148b33320>,7,16,[6 1],10,11,27,1,11
1,<environment.Job instance at 0x152169028500>,2,3,[10  1],3,27,30,24,13
1,<environment.Job instance at 0x152169028230>,0,1,[14  1],1,30,31,29,13
1,<environment.Job instance at 0x152164ca44b0>,15,1,[5 2],22,24,25,2,23
1,<environment.Job instance at 0x152164ca4d70>,17,2,[5 1],24,25,27,1,24
1,<environment.Job instance at 0x152163e86af0>,21,1,[8 2],29,31,32,2,29
1,<environment.Job instance at 0x152163e86b40>,24,2,[ 1 10],32,32,34,0,32
1,<environment.Job instance at 0x152163ed3c30>,27,18,[10  1],35,35,53,0,35
1,<environment.Job instance at 0x152163e86b90>,23,1,[10  1],31,53,54,22,36
1,<environment.Job instance at 0x152164ca4280>,16,3,[1 7],23,41,44,18,41
1,<environment.Job instance at 0x152164cba6e0>,33,2,[2 5],43,46,48,3,46
1,<environment.Job instance at 0x152163e87eb0>,38,2,[5 2],50,50,52,0,50
1,<environment.Job instance at 0x152163e87af0>,37,14,[9 2],49,54,68,5,51
1,<environment.Job instance at 0x152163e87dc0>,39,3,[1 5],51,52,55,1,52
1,<environment.Job instance at 0x152148c2d5a0>,40,1,[1 5],53,53,54,0,53
1,<environment.Job instance at 0x152148ff5e10>,51,16,[1 6],66,100,116,34,100
1,<environment.Job instance at 0x152148c2df00>,43,15,[8 2],56,100,115,44,100
1,<environment.Job instance at 0x152148ff5690>,52,3,[2 6],68,101,104,33,101
1,<environment.Job instance at 0x152148ff5f00>,56,2,[8 1],73,115,117,42,101
1,<environment.Job instance at 0x1521493d45f0>,57,3,[9 1],74,117,120,43,101
1,<environment.Job instance at 0x152148ff57d0>,54,3,[ 1 14],70,116,119,46,102
1,<environment.Job instance at 0x152163f0f730>,60,2,[2 7],79,106,108,27,106
1,<environment.Job instance at 0x1521493d4190>,59,12,[7 2],77,120,132,43,109
1,<environment.Job instance at 0x15214907ec80>,61,17,[6 2],81,119,136,38,115
1,<environment.Job instance at 0x15214907ea50>,63,2,[1 9],83,120,122,37,117
1,<environment.Job instance at 0x15214907e5f0>,66,18,[10  1],86,136,154,50,131
1,<environment.Job instance at 0x15214907e4b0>,72,3,[8 2],92,154,157,62,140
1,<environment.Job instance at 0x152164cba280>,31,3,[ 1 11],41,142,145,101,142
1,<environment.Job instance at 0x15214907ec30>,64,23,[1 5],84,145,168,61,143
1,<environment.Job instance at 0x15216b08e2d0>,76,16,[8 2],101,157,173,56,144
1,<environment.Job instance at 0x152148923780>,84,1,[ 2 10],111,168,169,57,144
1,<environment.Job instance at 0x1521488baeb0>,78,2,[5 2],103,154,156,51,144
1,<environment.Job instance at 0x152148928190>,87,2,[5 2],115,156,158,41,145
1,<environment.Job instance at 0x152163f730f0>,97,2,[ 1 13],125,244,246,119,244
1,<environment.Job instance at 0x152148923460>,85,2,[6 2],112,326,328,214,326
1,<environment.Job instance at 0x1521490b91e0>,107,2,[11  1],138,330,332,192,330
1,<environment.Job instance at 0x152163dcdf50>,114,1,[5 1],148,338,339,190,338
1,<environment.Job instance at 0x15216902e550>,116,2,[8 1],151,348,350,197,348
1,<environment.Job instance at 0x15216902e7d0>,119,2,[9 2],155,379,381,224,379
1,<environment.Job instance at 0x152169997230>,123,2,[2 9],162,425,427,263,425
1,<environment.Job instance at 0x152169997aa0>,128,2,[1 8],168,428,430,260,428
1,<environment.Job instance at 0x152169997870>,129,16,[ 1 12],169,449,465,280,449
1,<environment.Job instance at 0x152163efe2d0>,135,3,[1 6],179,632,635,453,632
1,<environment.Job instance at 0x152163efe050>,137,3,[2 5],181,635,638,454,635
1,<environment.Job instance at 0x152163efed20>,138,16,[7 2],182,668,684,486,668
1,<environment.Job instance at 0x152163efe0a0>,139,12,[9 1],183,684,696,501,668
1,<environment.Job instance at 0x152163efe9b0>,136,3,[2 6],180,683,686,503,683
1,<environment.Job instance at 0x152163efe5f0>,142,2,[1 6],189,699,701,510,699
1,<environment.Job instance at 0x152149271f00>,145,1,[2 8],196,733,734,537,733
1,<environment.Job instance at 0x152169997be0>,127,2,[ 1 11],167,922,924,755,922
1,<environment.Job instance at 0x152163f731e0>,94,18,[ 2 11],122,1076,1094,954,1076
1,<environment.Job instance at 0x152148966910>,4,3,[2 6],7,8,11,1,8
1,<environment.Job instance at 0x152148966eb0>,5,12,[6 1],10,10,22,0,10
1,<environment.Job instance at 0x152148966fa0>,6,18,[1 6],11,31,49,20,31
1,<environment.Job instance at 0x1521493510f0>,16,1,[2 5],25,32,33,7,32
1,<environment.Job instance at 0x1521690775a0>,20,2,[10  1],32,32,34,0,32
1,<environment.Job instance at 0x152149351e10>,18,1,[10  1],30,34,35,4,32
1,<environment.Job instance at 0x15214889cbe0>,22,3,[6 2],34,35,38,1,34
1,<environment.Job instance at 0x152164c49f00>,12,14,[10  1],21,38,52,17,35
1,<environment.Job instance at 0x1521649b2320>,23,3,[2 5],38,40,43,2,40
1,<environment.Job instance at 0x15216258f320>,29,3,[2 9],47,49,52,2,47
1,<environment.Job instance at 0x152148cf37d0>,27,3,[1 9],44,52,55,8,47
1,<environment.Job instance at 0x152163d74a00>,31,18,[7 2],50,52,70,2,50
1,<environment.Job instance at 0x15216ba5b1e0>,33,2,[9 1],52,70,72,18,55
1,<environment.Job instance at 0x152148bf0e60>,36,1,[14  2],56,72,73,16,56
1,<environment.Job instance at 0x152148bf0f00>,35,3,[ 1 10],55,56,59,1,56
1,<environment.Job instance at 0x152164ca6c30>,39,2,[1 9],59,60,62,1,60
1,<environment.Job instance at 0x15216ba5b370>,34,2,[14  2],54,73,75,19,61
1,<environment.Job instance at 0x152163edce10>,43,17,[9 1],64,75,92,11,64
1,<environment.Job instance at 0x152148b07140>,49,2,[10  1],75,92,94,17,75
1,<environment.Job instance at 0x1521649a97d0>,47,17,[7 2],71,94,111,23,83
1,<environment.Job instance at 0x152148b07f50>,50,18,[8 1],77,94,112,17,88
1,<environment.Job instance at 0x152148db3eb0>,58,2,[ 1 10],91,111,113,20,93
1,<environment.Job instance at 0x152148e48140>,69,2,[14  1],107,113,115,6,113
1,<environment.Job instance at 0x152164009230>,78,1,[10  2],119,119,120,0,119
1,<environment.Job instance at 0x152163d071e0>,80,2,[10  1],123,123,125,0,123
1,<environment.Job instance at 0x1521493364b0>,82,1,[7 2],126,129,130,3,129
1,<environment.Job instance at 0x15216005b960>,84,13,[5 2],133,133,146,0,133
1,<environment.Job instance at 0x152163f44870>,88,3,[6 2],140,141,144,1,141
1,<environment.Job instance at 0x152148e487d0>,71,1,[5 2],111,144,145,33,143
1,<environment.Job instance at 0x152169ac95f0>,89,17,[6 2],145,145,162,0,145
1,<environment.Job instance at 0x152169ac91e0>,90,2,[8 1],146,146,148,0,146
1,<environment.Job instance at 0x152164913410>,91,3,[8 2],148,149,152,1,149
1,<environment.Job instance at 0x152165526280>,101,1,[2 8],164,234,235,70,234
1,<environment.Job instance at 0x1521492f5af0>,113,13,[ 1 13],186,254,267,68,254
1,<environment.Job instance at 0x152148c97c30>,2,1,[2 9],7,8,9,1,8
1,<environment.Job instance at 0x152169074cd0>,14,1,[9 2],20,21,22,1,21
1,<environment.Job instance at 0x152169074320>,16,3,[9 1],23,23,26,0,23
1,<environment.Job instance at 0x15216afad870>,20,3,[ 2 12],30,33,36,3,33
1,<environment.Job instance at 0x1521625f7d70>,22,3,[1 8],33,36,39,3,33
1,<environment.Job instance at 0x1521625f7370>,28,12,[1 7],42,45,57,3,45
1,<environment.Job instance at 0x152169058cd0>,31,27,[9 2],48,49,76,1,49
1,<environment.Job instance at 0x152169058b40>,32,2,[7 1],49,76,78,27,53
1,<environment.Job instance at 0x152162821f00>,37,3,[1 7],54,59,62,5,59
1,<environment.Job instance at 0x152163f13a50>,43,3,[1 9],62,66,69,4,66
1,<environment.Job instance at 0x15216908eaf0>,46,2,[1 8],65,70,72,5,70
1,<environment.Job instance at 0x152148db34b0>,48,3,[5 1],68,70,73,2,70
1,<environment.Job instance at 0x152169058dc0>,29,2,[11  1],44,83,85,39,83
1,<environment.Job instance at 0x152169047140>,49,3,[9 2],69,266,269,197,266
1,<environment.Job instance at 0x152169047910>,50,14,[ 1 12],70,277,291,207,277
1,<environment.Job instance at 0x15214921b320>,131,2,[13  1],198,289,291,91,289
1,<environment.Job instance at 0x152169af1460>,1,1,[7 1],4,7,8,3,7
1,<environment.Job instance at 0x152169af1e60>,3,15,[10  1],6,9,24,3,9
1,<environment.Job instance at 0x152169af1780>,5,21,[2 6],9,12,33,3,12
1,<environment.Job instance at 0x152169af1320>,7,13,[6 2],11,24,37,13,21
1,<environment.Job instance at 0x152148dabf50>,19,15,[7 2],28,28,43,0,28
1,<environment.Job instance at 0x15216550d1e0>,44,3,[2 8],66,84,87,18,84
1,<environment.Job instance at 0x15216550d140>,53,1,[9 1],77,133,134,56,133
1,<environment.Job instance at 0x152164cafeb0>,83,3,[1 8],124,144,147,20,144
1,<environment.Job instance at 0x152163f6b190>,84,1,[10  1],125,144,145,19,144
1,<environment.Job instance at 0x1521638982d0>,85,1,[7 2],126,145,146,19,144
1,<environment.Job instance at 0x152163898050>,86,3,[1 7],127,150,153,23,150
1,<environment.Job instance at 0x152163898d70>,87,1,[2 9],128,153,154,25,151
1,<environment.Job instance at 0x152148f0aeb0>,90,1,[1 6],136,163,164,27,163
1,<environment.Job instance at 0x152163898230>,81,3,[2 9],118,163,166,45,163
1,<environment.Job instance at 0x1521493d4280>,93,3,[1 6],140,164,167,24,163
1,<environment.Job instance at 0x152148e27f50>,95,3,[ 2 10],142,167,170,25,164
1,<environment.Job instance at 0x152162501910>,97,1,[9 2],147,166,167,19,164
1,<environment.Job instance at 0x152148e20050>,98,1,[2 9],148,170,171,22,164
1,<environment.Job instance at 0x152169a5fdc0>,94,26,[ 2 10],141,181,207,40,181
1,<environment.Job instance at 0x1521638c0f50>,103,2,[5 2],157,192,194,35,192
1,<environment.Job instance at 0x1521638c0cd0>,102,1,[1 8],156,207,208,51,198
1,<environment.Job instance at 0x152148ff58c0>,107,2,[1 8],161,208,210,47,198
1,<environment.Job instance at 0x152148ff5dc0>,106,1,[1 6],160,222,223,62,222
1,<environment.Job instance at 0x152148e020a0>,112,2,[9 1],166,222,224,56,222
1,<environment.Job instance at 0x152168ff1fa0>,115,1,[9 2],169,224,225,55,224
1,<environment.Job instance at 0x152168ff1410>,119,2,[2 9],176,235,237,59,235
1,<environment.Job instance at 0x1521488c1eb0>,114,2,[10  2],168,239,241,71,239
1,<environment.Job instance at 0x152169a34910>,125,12,[11  1],183,260,272,77,260
1,<environment.Job instance at 0x152168ff1dc0>,122,1,[1 6],179,278,279,99,278
1,<environment.Job instance at 0x152148ee9690>,128,14,[9 1],186,290,304,104,290
1,<environment.Job instance at 0x152148de8780>,127,2,[2 8],185,290,292,105,290
1,<environment.Job instance at 0x1521488b75f0>,130,28,[5 2],189,292,320,103,292
1,<environment.Job instance at 0x152148ee9eb0>,129,16,[5 1],188,304,320,116,293
1,<environment.Job instance at 0x152148ee9d20>,131,3,[7 2],191,320,323,129,297
1,<environment.Job instance at 0x1521488be460>,133,3,[2 9],194,304,307,110,297
1,<environment.Job instance at 0x1521488be410>,134,1,[10  2],195,323,324,128,307
1,<environment.Job instance at 0x1521490bea00>,135,2,[ 1 10],198,309,311,111,309
1,<environment.Job instance at 0x1521488be280>,132,2,[2 7],192,312,314,120,312
1,<environment.Job instance at 0x152163f33d70>,136,1,[9 2],199,324,325,125,313
1,<environment.Job instance at 0x152169a340a0>,124,3,[ 2 12],182,319,322,137,319
1,<environment.Job instance at 0x152163898c80>,80,3,[13  1],117,325,328,208,319
1,<environment.Job instance at 0x1521699b8c30>,100,14,[13  1],153,328,342,175,319
1,<environment.Job instance at 0x152169b1cf00>,16,1,[2 6],23,75,76,52,75
1,<environment.Job instance at 0x152163d8abe0>,32,1,[1 9],41,86,87,45,86
1,<environment.Job instance at 0x152164beed20>,40,3,[10  1],56,104,107,48,104
1,<environment.Job instance at 0x152163d8a910>,29,2,[7 1],38,107,109,69,107
1,<environment.Job instance at 0x1521693465f0>,44,2,[1 6],62,107,109,45,107
1,<environment.Job instance at 0x152169346550>,45,2,[5 2],63,107,109,44,107
1,<environment.Job instance at 0x152164beedc0>,41,21,[1 5],59,108,129,49,108
1,<environment.Job instance at 0x152169346c30>,53,3,[1 9],74,112,115,38,112
1,<environment.Job instance at 0x152164886f00>,57,2,[2 8],78,115,117,37,113
1,<environment.Job instance at 0x152169346140>,49,13,[1 9],67,117,130,50,113
1,<environment.Job instance at 0x152164886c80>,58,2,[1 8],79,130,132,51,114
1,<environment.Job instance at 0x1521648862d0>,62,2,[7 1],83,118,120,35,118
1,<environment.Job instance at 0x152164886460>,63,13,[8 2],84,129,142,45,120
1,<environment.Job instance at 0x152169118550>,68,2,[2 7],92,132,134,40,121
1,<environment.Job instance at 0x152169118dc0>,73,3,[10  2],99,142,145,43,123
1,<environment.Job instance at 0x152169118960>,76,2,[9 2],102,145,147,43,143
1,<environment.Job instance at 0x152169118500>,72,1,[ 1 10],98,143,144,45,143
1,<environment.Job instance at 0x152148ceebe0>,82,1,[10  2],109,147,148,38,144
1,<environment.Job instance at 0x152169118910>,80,2,[ 1 12],107,145,147,38,145
1,<environment.Job instance at 0x152148d00cd0>,84,3,[10  2],115,150,153,35,150
1,<environment.Job instance at 0x152148d1cc30>,86,1,[ 1 10],117,163,164,46,163
1,<environment.Job instance at 0x152148d00e60>,83,18,[1 6],114,183,201,69,183
1,<environment.Job instance at 0x152160074b90>,106,1,[10  2],145,193,194,48,193
1,<environment.Job instance at 0x15216492ec80>,96,12,[2 7],133,193,205,60,193
1,<environment.Job instance at 0x15216b022820>,109,2,[5 1],148,194,196,46,194
1,<environment.Job instance at 0x152148d917d0>,110,15,[9 2],150,196,211,46,194
1,<environment.Job instance at 0x15216afe6960>,114,3,[8 2],156,211,214,55,197
1,<environment.Job instance at 0x15216afe6dc0>,116,1,[5 1],158,205,206,47,203
1,<environment.Job instance at 0x152148f855a0>,119,2,[6 2],165,321,323,156,321
1,<environment.Job instance at 0x152148f85960>,122,18,[ 1 10],170,374,392,204,374
1,<environment.Job instance at 0x152148f85af0>,120,12,[2 8],166,433,445,267,433
1,<environment.Job instance at 0x152148eaa2d0>,141,2,[2 6],198,454,456,256,454
1,<environment.Job instance at 0x152148fd5410>,132,13,[ 1 14],182,689,702,507,689
1,<environment.Job instance at 0x152164beec80>,38,3,[ 2 13],54,702,705,648,696
1,<environment.Job instance at 0x15216a971b90>,0,3,[6 2],2,2,5,0,2
1,<environment.Job instance at 0x1521624da1e0>,2,21,[1 9],5,11,32,6,11
1,<environment.Job instance at 0x152162833d70>,9,15,[10  2],14,14,29,0,14
1,<environment.Job instance at 0x152148eb3e60>,8,2,[13  2],13,29,31,16,15
1,<environment.Job instance at 0x152148cf3cd0>,14,1,[5 2],22,31,32,9,23
1,<environment.Job instance at 0x152148cf3e10>,17,16,[9 1],26,31,47,5,28
1,<environment.Job instance at 0x152148cf3280>,19,1,[8 1],28,47,48,19,30
1,<environment.Job instance at 0x152163ce6f50>,31,1,[2 8],43,45,46,2,45
1,<environment.Job instance at 0x152163fe1780>,37,2,[8 1],49,50,52,1,50
1,<environment.Job instance at 0x152163fe19b0>,41,18,[8 2],53,55,73,2,55
1,<environment.Job instance at 0x152163fe1f50>,43,17,[8 1],56,73,90,17,63
1,<environment.Job instance at 0x152163fe1050>,45,3,[9 1],58,90,93,32,65
1,<environment.Job instance at 0x152163fe15a0>,42,2,[2 9],54,75,77,21,75
1,<environment.Job instance at 0x152163fe12d0>,47,15,[14  1],60,93,108,33,80
1,<environment.Job instance at 0x152163fe1f00>,46,3,[9 1],59,108,111,49,93
1,<environment.Job instance at 0x152163fe1cd0>,48,1,[7 1],61,111,112,50,94
1,<environment.Job instance at 0x152163dbfaf0>,52,1,[7 1],68,111,112,43,94
1,<environment.Job instance at 0x152163dbf820>,55,3,[9 2],74,112,115,38,99
1,<environment.Job instance at 0x152163dbf960>,56,3,[8 1],76,115,118,39,100
1,<environment.Job instance at 0x152163dbf3c0>,53,18,[ 2 10],71,113,131,42,113
1,<environment.Job instance at 0x152163fe1190>,40,1,[11  2],52,118,119,66,114
1,<environment.Job instance at 0x152165511690>,70,1,[2 7],95,133,134,38,133
1,<environment.Job instance at 0x1521693362d0>,71,15,[5 1],96,133,148,37,133
1,<environment.Job instance at 0x152164c2e5a0>,72,1,[10  1],97,134,135,37,133
1,<environment.Job instance at 0x152163ed60f0>,73,1,[6 2],98,135,136,37,135
1,<environment.Job instance at 0x152148cf1230>,76,17,[1 7],101,159,176,58,159
1,<environment.Job instance at 0x152148fb6f50>,85,13,[6 1],117,160,173,43,160
1,<environment.Job instance at 0x1521690e7e10>,86,19,[7 2],118,161,180,43,161
1,<environment.Job instance at 0x1521690e79b0>,87,13,[5 2],119,173,186,54,164
1,<environment.Job instance at 0x152163dbf6e0>,59,3,[1 9],81,185,188,104,185
1,<environment.Job instance at 0x1521638c0820>,96,3,[2 9],130,204,207,74,204
1,<environment.Job instance at 0x152148b49d20>,103,3,[7 2],138,221,224,83,221
1,<environment.Job instance at 0x15216999aa50>,107,14,[2 9],142,345,359,203,345
1,<environment.Job instance at 0x1521649a9fa0>,117,2,[8 1],158,366,368,208,366
1,<environment.Job instance at 0x1521649a93c0>,121,1,[ 2 12],162,371,372,209,371
1,<environment.Job instance at 0x152169367af0>,126,3,[2 8],167,372,375,205,372
1,<environment.Job instance at 0x1521648f5460>,128,3,[1 8],170,375,378,205,373
1,<environment.Job instance at 0x15216999a9b0>,111,1,[5 1],149,376,377,227,376
1,<environment.Job instance at 0x1521648f50a0>,129,3,[7 1],172,391,394,219,391
1,<environment.Job instance at 0x152148f26550>,84,1,[ 1 11],116,392,393,276,392
1,<environment.Job instance at 0x152169a5c690>,135,2,[1 5],182,398,400,216,398
1,<environment.Job instance at 0x152148fcee60>,98,18,[ 1 12],132,502,520,370,502
1,<environment.Job instance at 0x152169b31b40>,3,3,[7 2],5,8,11,3,8
1,<environment.Job instance at 0x152163d8a320>,5,2,[7 1],8,8,10,0,8
1,<environment.Job instance at 0x152163d8a780>,6,1,[1 7],9,11,12,2,11
1,<environment.Job instance at 0x152163d8a3c0>,7,1,[5 2],11,15,16,4,15
1,<environment.Job instance at 0x152163d8a460>,11,1,[10  2],18,18,19,0,18
1,<environment.Job instance at 0x152163d8a1e0>,13,3,[9 1],20,20,23,0,20
1,<environment.Job instance at 0x152163da1960>,21,2,[12  2],34,71,73,37,71
1,<environment.Job instance at 0x152163da1730>,25,1,[1 5],40,145,146,105,145
1,<environment.Job instance at 0x152163da1280>,27,1,[6 2],43,162,163,119,162
1,<environment.Job instance at 0x152163da1fa0>,19,17,[2 7],30,170,187,140,170
1,<environment.Job instance at 0x152163da1c30>,31,1,[12  1],48,177,178,129,177
1,<environment.Job instance at 0x152163da1690>,32,25,[1 7],49,178,203,129,178
1,<environment.Job instance at 0x1521625329b0>,34,2,[8 1],53,206,208,153,206
1,<environment.Job instance at 0x152162532cd0>,36,3,[1 9],56,208,211,152,208
1,<environment.Job instance at 0x152162532f50>,38,1,[6 1],60,219,220,159,219
1,<environment.Job instance at 0x152162532870>,37,1,[ 2 10],59,225,226,166,225
1,<environment.Job instance at 0x152162532dc0>,40,3,[1 6],63,243,246,180,243
1,<environment.Job instance at 0x152162532a50>,41,13,[2 9],65,271,284,206,271
1,<environment.Job instance at 0x152162532550>,47,3,[6 1],71,315,318,244,315
1,<environment.Job instance at 0x152162532140>,46,26,[1 7],70,337,363,267,337
1,<environment.Job instance at 0x1521625325a0>,35,1,[ 1 11],54,363,364,309,340
1,<environment.Job instance at 0x1521625328c0>,49,2,[8 1],73,356,358,283,356
1,<environment.Job instance at 0x152169acdfa0>,56,17,[9 1],81,468,485,387,468
1,<environment.Job instance at 0x152162532af0>,48,1,[6 2],72,475,476,403,475
1,<environment.Job instance at 0x152169acdc30>,63,3,[13  1],92,485,488,393,480
1,<environment.Job instance at 0x152169acd820>,65,1,[8 2],95,494,495,399,494
1,<environment.Job instance at 0x152169acdaf0>,71,1,[5 1],102,496,497,394,496
1,<environment.Job instance at 0x152169acdbe0>,72,15,[1 8],104,509,524,405,509
1,<environment.Job instance at 0x152169acd230>,73,2,[8 1],107,516,518,409,516
1,<environment.Job instance at 0x1521649390f0>,76,1,[9 2],114,526,527,412,526
1,<environment.Job instance at 0x152163e8b870>,80,1,[5 2],120,543,544,423,543
1,<environment.Job instance at 0x152163e8b730>,85,1,[1 9],128,556,557,428,556
1,<environment.Job instance at 0x152163e8b5a0>,91,3,[13  1],137,715,718,578,715
1,<environment.Job instance at 0x152163e8b550>,82,1,[ 1 10],124,726,727,602,726
1,<environment.Job instance at 0x15216400d820>,95,16,[5 2],143,758,774,615,758
1,<environment.Job instance at 0x15216400d960>,96,12,[7 2],144,768,780,624,768
1,<environment.Job instance at 0x152162093050>,97,1,[2 6],145,785,786,640,785
1,<environment.Job instance at 0x152148cf29b0>,99,2,[8 1],147,794,796,647,794
1,<environment.Job instance at 0x152163da1550>,16,15,[ 2 13],26,821,836,795,821
1,<environment.Job instance at 0x1521649aa0a0>,103,1,[ 2 10],152,836,837,684,823
1,<environment.Job instance at 0x152163fdc1e0>,108,2,[2 7],158,837,839,679,825
1,<environment.Job instance at 0x152164981c80>,100,2,[6 1],148,825,827,677,825
1,<environment.Job instance at 0x152163f9c8c0>,113,3,[ 2 10],165,839,842,674,826
1,<environment.Job instance at 0x15214920a410>,115,3,[1 8],170,842,845,672,826
1,<environment.Job instance at 0x1521491b03c0>,123,17,[1 8],181,1073,1090,892,1073
1,<environment.Job instance at 0x1521690e7870>,126,1,[1 8],184,1203,1204,1019,1203
1,<environment.Job instance at 0x1521690e7b40>,127,3,[8 2],187,1383,1386,1196,1383
1,<environment.Job instance at 0x1521491b0a00>,125,25,[ 2 14],183,1391,1416,1208,1391
1,<environment.Job instance at 0x1521690e7730>,128,3,[2 5],188,1416,1419,1228,1396
1,<environment.Job instance at 0x152163e8baf0>,94,3,[11  1],142,1397,1400,1255,1397
1,<environment.Job instance at 0x1521600df230>,130,2,[8 2],191,1424,1426,1233,1424
1,<environment.Job instance at 0x152169077640>,134,22,[7 2],196,1457,1479,1261,1457
1,<environment.Job instance at 0x152148ee89b0>,6,3,[7 2],10,12,15,2,12
1,<environment.Job instance at 0x152148ee8050>,8,3,[ 1 12],15,16,19,1,16
1,<environment.Job instance at 0x152148b5c870>,10,24,[5 2],18,21,45,3,21
1,<environment.Job instance at 0x1521488eb370>,23,2,[8 1],41,44,46,3,44
1,<environment.Job instance at 0x152148d00320>,26,1,[5 1],45,47,48,2,47
1,<environment.Job instance at 0x152148eaac80>,24,20,[1 9],42,48,68,6,48
1,<environment.Job instance at 0x1521492f5f50>,30,3,[5 2],52,64,67,12,64
1,<environment.Job instance at 0x152162501a50>,32,1,[2 8],55,68,69,13,64
1,<environment.Job instance at 0x1521492f5910>,28,2,[2 7],49,68,70,19,64
1,<environment.Job instance at 0x152162501640>,33,1,[6 2],56,64,65,8,64
1,<environment.Job instance at 0x152162501870>,36,3,[6 1],59,65,68,6,64
1,<environment.Job instance at 0x152162501eb0>,37,2,[13  2],62,69,71,7,65
1,<environment.Job instance at 0x152148e82690>,41,3,[1 7],69,74,77,5,74
1,<environment.Job instance at 0x152163da2640>,42,19,[8 1],72,75,94,3,75
1,<environment.Job instance at 0x152163da2af0>,43,3,[10  2],74,94,97,20,84
1,<environment.Job instance at 0x152163f73280>,44,1,[9 1],75,97,98,22,93
1,<environment.Job instance at 0x152162501e60>,35,23,[10  2],58,98,121,40,94
1,<environment.Job instance at 0x152169340a50>,45,2,[8 2],76,121,123,45,94
1,<environment.Job instance at 0x152149288f50>,47,1,[2 6],78,94,95,16,94
1,<environment.Job instance at 0x1521491fd730>,56,2,[9 1],89,123,125,34,111
1,<environment.Job instance at 0x15214913f7d0>,58,1,[1 9],94,111,112,17,111
1,<environment.Job instance at 0x152149288fa0>,50,1,[1 7],83,117,118,34,117
1,<environment.Job instance at 0x1521491fdb40>,55,3,[5 1],88,118,121,30,117
1,<environment.Job instance at 0x152164c6f3c0>,62,3,[6 1],100,121,124,21,119
1,<environment.Job instance at 0x152169a264b0>,59,14,[7 1],95,125,139,30,123
1,<environment.Job instance at 0x1521491fdc30>,57,3,[7 1],91,130,133,39,130
1,<environment.Job instance at 0x152164c6f0a0>,69,15,[7 1],114,133,148,19,133
1,<environment.Job instance at 0x152164c6f550>,66,3,[1 7],109,138,141,29,138
1,<environment.Job instance at 0x1521699957d0>,76,1,[7 2],130,139,140,9,138
1,<environment.Job instance at 0x152169995780>,75,2,[1 5],126,140,142,14,139
1,<environment.Job instance at 0x152164c6fb90>,72,1,[10  2],118,148,149,30,139
1,<environment.Job instance at 0x152169995af0>,80,13,[1 8],135,142,155,7,142
1,<environment.Job instance at 0x152162551f00>,81,3,[8 1],136,153,156,17,153
1,<environment.Job instance at 0x152162551640>,86,18,[5 1],148,153,171,5,153
1,<environment.Job instance at 0x152162551eb0>,87,3,[6 2],150,162,165,12,162
1,<environment.Job instance at 0x152163f04dc0>,91,3,[1 9],155,170,173,15,170
1,<environment.Job instance at 0x152162551f50>,84,3,[14  1],142,173,176,31,173
1,<environment.Job instance at 0x152163f04050>,95,3,[6 2],159,176,179,17,175
1,<environment.Job instance at 0x152163f046e0>,96,3,[9 2],160,176,179,16,176
1,<environment.Job instance at 0x152148e87690>,98,2,[ 2 10],163,179,181,16,179
1,<environment.Job instance at 0x152163f04370>,93,13,[8 2],157,187,200,30,187
1,<environment.Job instance at 0x152148e872d0>,100,3,[2 8],166,194,197,28,194
1,<environment.Job instance at 0x152162551aa0>,85,2,[2 7],145,222,224,77,222
1,<environment.Job instance at 0x152148f52690>,114,21,[10  2],184,296,317,112,296
1,<environment.Job instance at 0x152148e87e60>,103,1,[2 6],170,312,313,142,312
1,<environment.Job instance at 0x152148f523c0>,117,3,[2 6],189,319,322,130,319
1,<environment.Job instance at 0x152148f52eb0>,120,3,[2 6],193,329,332,136,329
1,<environment.Job instance at 0x15216005d820>,123,2,[9 2],196,332,334,136,332
1,<environment.Job instance at 0x15216005db90>,124,2,[2 8],197,332,334,135,332
1,<environment.Job instance at 0x152148f52410>,119,3,[9 1],192,334,337,142,333
1,<environment.Job instance at 0x152148a4df50>,125,1,[1 5],199,336,337,137,336
1,<environment.Job instance at 0x1521624e9dc0>,22,3,[14  2],38,361,364,323,361
1,<environment.Job instance at 0x152162847410>,3,3,[2 8],5,6,9,1,6
1,<environment.Job instance at 0x1521624e9dc0>,4,2,[5 2],7,7,9,0,7
1,<environment.Job instance at 0x1521489293c0>,7,3,[1 8],10,15,18,5,15
1,<environment.Job instance at 0x1521489295f0>,11,28,[7 2],15,16,44,1,16
1,<environment.Job instance at 0x152148929780>,12,1,[10  2],16,44,45,28,18
1,<environment.Job instance at 0x152148929690>,9,15,[9 2],13,48,63,35,48
1,<environment.Job instance at 0x152148929cd0>,17,18,[6 2],23,118,136,95,118
1,<environment.Job instance at 0x152148929370>,10,17,[5 1],14,127,144,113,127
1,<environment.Job instance at 0x1521488f49b0>,27,13,[6 2],39,136,149,97,127
1,<environment.Job instance at 0x1521488f4820>,23,1,[1 8],32,223,224,191,223
1,<environment.Job instance at 0x1521488f48c0>,26,2,[ 1 10],38,241,243,203,241
1,<environment.Job instance at 0x1521488f41e0>,35,2,[10  2],48,284,286,236,284
1,<environment.Job instance at 0x1521488f8140>,44,13,[9 1],60,305,318,245,305
1,<environment.Job instance at 0x1521488f80a0>,46,3,[7 2],66,345,348,279,345
1,<environment.Job instance at 0x1521488f4eb0>,42,13,[1 6],58,347,360,289,347
1,<environment.Job instance at 0x1521488f8410>,49,2,[1 8],70,354,356,284,354
1,<environment.Job instance at 0x1521488f8820>,54,3,[2 5],78,380,383,302,380
1,<environment.Job instance at 0x1521488f86e0>,52,3,[2 5],76,380,383,304,380
1,<environment.Job instance at 0x1521488f8be0>,57,1,[9 1],85,380,381,295,380
1,<environment.Job instance at 0x1521488f8dc0>,62,1,[ 1 12],91,383,384,292,380
1,<environment.Job instance at 0x1521488f8e10>,63,1,[8 1],94,382,383,288,382
1,<environment.Job instance at 0x1521488f8f50>,65,3,[7 2],102,383,386,281,383
1,<environment.Job instance at 0x1521488f8eb0>,64,3,[8 1],96,384,387,288,383
1,<environment.Job instance at 0x1521489060f0>,66,1,[13  1],103,387,388,284,383
1,<environment.Job instance at 0x152148929230>,5,3,[ 2 13],8,386,389,378,384
1,<environment.Job instance at 0x1521488f8b40>,59,15,[7 1],87,388,403,301,384
1,<environment.Job instance at 0x152148906230>,68,2,[10  2],106,403,405,297,384
1,<environment.Job instance at 0x152148906370>,73,2,[6 2],111,389,391,278,384
1,<environment.Job instance at 0x152148906550>,74,3,[2 9],112,389,392,277,384
1,<environment.Job instance at 0x1521489067d0>,77,2,[1 9],116,395,397,279,395
1,<environment.Job instance at 0x152148906b40>,81,1,[8 2],121,397,398,276,395
1,<environment.Job instance at 0x1521489062d0>,71,2,[9 2],109,405,407,296,399
1,<environment.Job instance at 0x1521489113c0>,87,18,[6 1],131,405,423,274,400
1,<environment.Job instance at 0x152148906c30>,82,1,[ 1 10],123,408,409,285,408
1,<environment.Job instance at 0x152148911500>,88,17,[7 1],132,411,428,279,411
1,<environment.Job instance at 0x152148911690>,93,2,[8 1],142,426,428,284,426
1,<environment.Job instance at 0x1521489116e0>,91,3,[6 2],139,445,448,306,445
1,<environment.Job instance at 0x152148904230>,107,15,[6 2],161,491,506,330,491
1,<environment.Job instance at 0x152148911cd0>,100,18,[1 8],152,526,544,374,526
1,<environment.Job instance at 0x152148904f50>,127,2,[10  1],189,531,533,342,531
1,<environment.Job instance at 0x152148904e10>,125,3,[ 2 12],186,572,575,386,572
1,<environment.Job instance at 0x152148db4280>,6,1,[2 6],14,15,16,1,15
1,<environment.Job instance at 0x152148dcb320>,11,2,[6 1],24,25,27,1,25
1,<environment.Job instance at 0x152148db3d70>,29,2,[1 5],50,52,54,2,52
1,<environment.Job instance at 0x1521492349b0>,21,2,[2 7],38,56,58,18,56
1,<environment.Job instance at 0x152148db3690>,35,1,[1 8],57,88,89,31,88
1,<environment.Job instance at 0x152148dbb4b0>,47,1,[10  1],80,89,90,9,89
1,<environment.Job instance at 0x152148dbb780>,45,2,[2 7],75,130,132,55,130
1,<environment.Job instance at 0x1521488f01e0>,54,2,[5 1],92,137,139,45,137
1,<environment.Job instance at 0x152148a38730>,63,3,[6 2],103,141,144,38,141
1,<environment.Job instance at 0x152163d5c3c0>,71,3,[5 2],115,153,156,38,153
1,<environment.Job instance at 0x152162094050>,78,3,[1 6],122,166,169,44,166
1,<environment.Job instance at 0x152148de06e0>,26,12,[ 1 13],46,202,214,156,202
1,<environment.Job instance at 0x152148b42b90>,90,22,[6 2],136,208,230,72,208
1,<environment.Job instance at 0x152163f955a0>,92,12,[1 6],139,214,226,75,212
1,<environment.Job instance at 0x152149292aa0>,89,1,[2 7],135,214,215,79,214
1,<environment.Job instance at 0x152163ed1aa0>,95,2,[2 9],143,226,228,83,215
1,<environment.Job instance at 0x152163ed1fa0>,96,18,[5 1],145,219,237,74,219
1,<environment.Job instance at 0x152163ed1780>,97,1,[6 2],146,230,231,84,220
1,<environment.Job instance at 0x1521492744b0>,98,18,[2 8],147,228,246,81,223
1,<environment.Job instance at 0x152148fca7d0>,103,1,[1 6],154,239,240,85,239
1,<environment.Job instance at 0x152148fcaf50>,104,3,[6 1],156,239,242,83,239
1,<environment.Job instance at 0x152162098b90>,105,1,[9 1],158,242,243,84,239
1,<environment.Job instance at 0x152148abb190>,106,3,[5 2],159,250,253,91,250
1,<environment.Job instance at 0x152148a38cd0>,62,1,[ 2 12],101,250,251,149,250
1,<environment.Job instance at 0x1521492a27d0>,109,2,[1 9],162,251,253,89,250
1,<environment.Job instance at 0x152149276eb0>,118,28,[1 5],177,311,339,134,311
1,<environment.Job instance at 0x152148a49960>,125,16,[ 1 11],186,339,355,153,328
1,<environment.Job instance at 0x152148a49b40>,124,1,[1 6],185,378,379,193,378
1,<environment.Job instance at 0x152148db8870>,126,28,[1 9],188,381,409,193,381
1,<environment.Job instance at 0x152148db85a0>,129,16,[2 5],192,388,404,196,388
1,<environment.Job instance at 0x1521600c34b0>,132,2,[5 1],195,393,395,198,393
1,<environment.Job instance at 0x152148b4d0f0>,133,22,[1 5],196,404,426,208,397
1,<environment.Job instance at 0x152149094640>,134,12,[2 7],197,429,441,232,429
1,<environment.Job instance at 0x152149094aa0>,135,13,[10  1],198,449,462,251,449
1,<environment.Job instance at 0x152148a49dc0>,123,17,[14  2],184,606,623,422,606
1,<environment.Job instance at 0x152169a53af0>,88,3,[ 2 13],134,623,626,489,609
1,<environment.Job instance at 0x152164974690>,4,2,[12  1],5,6,8,1,6
1,<environment.Job instance at 0x152164974b90>,6,16,[7 1],8,8,24,0,8
1,<environment.Job instance at 0x152148d28d20>,26,2,[8 1],34,75,77,41,75
1,<environment.Job instance at 0x1521625515a0>,16,1,[ 1 12],19,75,76,56,75
1,<environment.Job instance at 0x152148d28dc0>,31,3,[7 1],40,133,136,93,133
1,<environment.Job instance at 0x15216282f910>,46,2,[10  1],66,216,218,150,216
1,<environment.Job instance at 0x15216282fb90>,47,2,[ 2 14],68,344,346,276,344
1,<environment.Job instance at 0x152148c6aa50>,53,3,[10  1],76,359,362,283,359
1,<environment.Job instance at 0x15216b1a6500>,32,18,[ 2 13],41,365,383,324,365
1,<environment.Job instance at 0x152148d8d780>,75,3,[2 8],107,383,386,276,365
1,<environment.Job instance at 0x152148d8d4b0>,76,25,[6 2],108,365,390,257,365
1,<environment.Job instance at 0x152148c6aaa0>,69,1,[ 1 10],100,386,387,286,365
1,<environment.Job instance at 0x1521648860f0>,81,2,[6 1],117,383,385,266,373
1,<environment.Job instance at 0x152169076b40>,83,17,[5 1],120,385,402,265,380
1,<environment.Job instance at 0x152148cd0690>,94,14,[7 1],137,390,404,253,380
1,<environment.Job instance at 0x152164c895f0>,91,1,[ 1 10],129,387,388,258,386
1,<environment.Job instance at 0x15216b9ed730>,96,1,[9 1],141,404,405,263,389
1,<environment.Job instance at 0x152149362b40>,97,2,[2 7],142,389,391,247,389
1,<environment.Job instance at 0x152164c896e0>,95,3,[7 1],139,405,408,266,397
1,<environment.Job instance at 0x15216283a4b0>,99,3,[8 1],144,405,408,261,398
1,<environment.Job instance at 0x152163df5dc0>,104,15,[5 1],150,408,423,258,398
1,<environment.Job instance at 0x1521490242d0>,101,1,[5 1],146,402,403,256,400
1,<environment.Job instance at 0x152163df50a0>,105,3,[2 6],153,400,403,247,400
1,<environment.Job instance at 0x15214934f320>,107,2,[6 1],155,403,405,248,400
1,<environment.Job instance at 0x152162820eb0>,108,1,[5 1],157,408,409,251,400
1,<environment.Job instance at 0x152163df54b0>,106,3,[2 7],154,408,411,254,400
1,<environment.Job instance at 0x152162820af0>,109,2,[8 1],158,409,411,251,400
1,<environment.Job instance at 0x1521492fae60>,111,2,[1 9],161,411,413,250,400
1,<environment.Job instance at 0x1521628200f0>,112,2,[8 1],162,411,413,249,401
1,<environment.Job instance at 0x1521492fac80>,113,25,[9 1],163,413,438,250,409
1,<environment.Job instance at 0x1521492fa320>,115,3,[6 1],165,423,426,258,411
1,<environment.Job instance at 0x152148d8dd20>,78,2,[14  1],112,484,486,372,484
1,<environment.Job instance at 0x1521492fac30>,110,23,[12  2],160,490,513,330,490
1,<environment.Job instance at 0x152148c027d0>,140,18,[1 6],196,507,525,311,507
1,<environment.Job instance at 0x152148c025a0>,139,3,[2 5],195,515,518,320,515
1,<environment.Job instance at 0x152148efeaf0>,87,1,[ 2 14],125,563,564,438,563
1,<environment.Job instance at 0x152148da6050>,123,13,[ 2 12],174,630,643,456,630
