iteration,job object,job ID,job Length,job ressource requirement,job enter time,job start time,job finish time,job waiting time,current time
1,<environment.Job instance at 0x14a6216ed780>,1,2,[2 5],2,4,6,2,4
1,<environment.Job instance at 0x14a620264320>,4,24,[6 1],5,6,30,1,5
1,<environment.Job instance at 0x14a6216ed730>,2,18,[ 1 12],3,25,43,22,17
1,<environment.Job instance at 0x14a6202643c0>,6,19,[ 1 13],7,43,62,36,42
1,<environment.Job instance at 0x14a62022fa00>,15,24,[ 2 13],16,62,86,46,57
1,<environment.Job instance at 0x14a62021a500>,16,19,[ 1 12],17,86,105,69,78
1,<environment.Job instance at 0x14a62023e0a0>,18,3,[1 6],19,105,108,86,90
1,<environment.Job instance at 0x14a62023ea00>,19,21,[14  2],20,92,113,72,92
1,<environment.Job instance at 0x14a62022f230>,13,27,[1 8],14,115,142,101,115
1,<environment.Job instance at 0x14a62023beb0>,21,22,[14  2],22,115,137,93,115
1,<environment.Job instance at 0x14a62023b870>,22,25,[ 2 12],23,142,167,119,140
1,<environment.Job instance at 0x14a620224e10>,17,3,[ 1 13],18,167,170,149,143
1,<environment.Job instance at 0x14a6202137d0>,25,1,[11  1],26,154,155,128,154
1,<environment.Job instance at 0x14a6202358c0>,27,25,[14  2],28,167,192,139,163
1,<environment.Job instance at 0x14a620235e10>,28,20,[1 9],29,170,190,141,169
1,<environment.Job instance at 0x14a62023b230>,24,20,[ 2 13],25,192,212,167,184
1,<environment.Job instance at 0x14a620241410>,36,27,[10  2],37,192,219,155,192
1,<environment.Job instance at 0x14a6202419b0>,38,1,[ 1 13],39,212,213,173,199
1,<environment.Job instance at 0x14a6202415a0>,41,18,[ 2 13],42,213,231,171,204
1,<environment.Job instance at 0x14a620240f50>,31,23,[5 1],32,222,245,190,222
1,<environment.Job instance at 0x14a620241b90>,42,23,[ 1 14],43,231,254,188,225
1,<environment.Job instance at 0x14a62021f410>,10,3,[ 1 14],11,254,257,243,232
1,<environment.Job instance at 0x14a6202410a0>,47,26,[12  2],48,257,283,209,254
1,<environment.Job instance at 0x14a62026beb0>,14,3,[14  2],15,283,286,268,265
1,<environment.Job instance at 0x14a620241050>,35,23,[11  2],36,286,309,250,280
1,<environment.Job instance at 0x14a620241aa0>,43,3,[ 1 14],44,309,312,265,284
1,<environment.Job instance at 0x14a6202354b0>,0,23,[2 6],1,1,24,0,1
1,<environment.Job instance at 0x14a6216ed640>,2,12,[13  2],3,3,15,0,3
1,<environment.Job instance at 0x14a620249be0>,6,1,[12  2],7,15,16,8,11
1,<environment.Job instance at 0x14a620249320>,3,27,[9 1],4,16,43,12,14
1,<environment.Job instance at 0x14a6201cfa50>,7,1,[5 1],8,24,25,16,15
1,<environment.Job instance at 0x14a6202612d0>,1,2,[ 2 13],2,25,27,23,21
1,<environment.Job instance at 0x14a620249f00>,5,20,[ 1 14],6,27,47,21,23
1,<environment.Job instance at 0x14a6201d40f0>,11,22,[14  1],12,43,65,31,36
1,<environment.Job instance at 0x14a6201d4550>,14,2,[11  2],15,65,67,50,46
1,<environment.Job instance at 0x14a6201d40a0>,13,13,[ 2 13],14,65,78,51,53
1,<environment.Job instance at 0x14a6201d4be0>,17,19,[11  1],18,67,86,49,57
1,<environment.Job instance at 0x14a6201d4910>,18,28,[10  1],19,86,114,67,85
1,<environment.Job instance at 0x14a6201cf3c0>,9,18,[ 2 12],10,92,110,82,92
1,<environment.Job instance at 0x14a6201d48c0>,19,14,[12  2],20,114,128,94,101
1,<environment.Job instance at 0x14a6201d4a00>,16,14,[14  2],17,128,142,111,121
1,<environment.Job instance at 0x14a6201d4370>,22,16,[ 2 12],23,142,158,119,135
1,<environment.Job instance at 0x14a6201d49b0>,15,21,[10  1],16,142,163,126,139
1,<environment.Job instance at 0x14a6201d4e10>,23,3,[ 1 11],24,158,161,134,143
1,<environment.Job instance at 0x14a61ef07c80>,26,14,[9 1],27,163,177,136,148
1,<environment.Job instance at 0x14a61ef07780>,28,3,[ 2 10],29,161,164,132,157
1,<environment.Job instance at 0x14a61ef07500>,29,19,[14  1],30,177,196,147,167
1,<environment.Job instance at 0x14a61ef074b0>,30,2,[1 5],31,171,173,140,171
1,<environment.Job instance at 0x14a61f0b5640>,35,20,[2 9],36,196,216,160,187
1,<environment.Job instance at 0x14a61f0acb40>,36,21,[ 1 12],37,216,237,179,208
1,<environment.Job instance at 0x14a61ef7a410>,37,18,[ 1 12],38,237,255,199,226
1,<environment.Job instance at 0x14a61ef7a370>,38,12,[ 1 14],39,255,267,216,239
1,<environment.Job instance at 0x14a61ef19b40>,39,12,[11  1],40,241,253,201,241
1,<environment.Job instance at 0x14a61f0b69b0>,40,27,[ 2 14],41,267,294,226,265
1,<environment.Job instance at 0x14a61f0b62d0>,41,2,[12  2],42,294,296,252,282
1,<environment.Job instance at 0x14a61f002eb0>,42,24,[2 9],43,294,318,251,289
1,<environment.Job instance at 0x14a61f002f00>,43,3,[ 1 14],44,318,321,274,299
1,<environment.Job instance at 0x14a61f002640>,44,3,[6 2],45,300,303,255,300
1,<environment.Job instance at 0x14a61f002140>,45,25,[7 2],46,321,346,275,317
1,<environment.Job instance at 0x14a61f0024b0>,46,16,[ 2 11],47,321,337,274,319
1,<environment.Job instance at 0x14a6201d4c30>,21,12,[ 2 11],22,337,349,315,326
1,<environment.Job instance at 0x14a61f034b90>,48,25,[13  2],49,346,371,297,342
1,<environment.Job instance at 0x14a6201d4410>,10,3,[ 1 11],11,349,352,338,342
1,<environment.Job instance at 0x14a61f002cd0>,47,2,[ 1 12],48,357,359,309,357
1,<environment.Job instance at 0x14a6201d45f0>,20,20,[ 2 14],21,371,391,350,362
1,<environment.Job instance at 0x14a6201d4af0>,24,1,[14  2],25,391,392,366,368
1,<environment.Job instance at 0x14a61ef91960>,0,20,[10  2],1,2,22,1,2
1,<environment.Job instance at 0x14a61ef91640>,5,22,[ 2 12],6,7,29,1,7
1,<environment.Job instance at 0x14a61ef91cd0>,2,22,[ 2 14],3,29,51,26,22
1,<environment.Job instance at 0x14a61ff33280>,11,1,[14  2],12,51,52,39,43
1,<environment.Job instance at 0x14a61eff6410>,9,24,[10  2],10,52,76,42,47
1,<environment.Job instance at 0x14a61ff33dc0>,15,25,[2 7],16,57,82,41,57
1,<environment.Job instance at 0x14a61ef91460>,7,16,[13  1],8,76,92,68,68
1,<environment.Job instance at 0x14a61ff2faa0>,17,20,[1 9],18,82,102,64,74
1,<environment.Job instance at 0x14a61ff2feb0>,18,28,[7 2],19,92,120,73,91
1,<environment.Job instance at 0x14a61ff2ff00>,19,17,[ 2 14],20,120,137,100,109
1,<environment.Job instance at 0x14a61ff33780>,16,3,[ 1 13],17,111,114,94,111
1,<environment.Job instance at 0x14a61ef911e0>,1,14,[6 1],2,115,129,113,115
1,<environment.Job instance at 0x14a61ff2fa00>,21,15,[ 1 11],22,137,152,115,126
1,<environment.Job instance at 0x14a61ff2ad70>,22,20,[13  2],23,137,157,114,128
1,<environment.Job instance at 0x14a61ef912d0>,3,3,[13  1],4,157,160,153,138
1,<environment.Job instance at 0x14a61ff33a50>,14,3,[ 2 13],15,152,155,137,140
1,<environment.Job instance at 0x14a61ff1aeb0>,27,12,[ 1 13],28,155,167,127,141
1,<environment.Job instance at 0x14a61ff4b0f0>,28,26,[12  2],29,160,186,131,160
1,<environment.Job instance at 0x14a61fbc3820>,29,25,[ 2 12],30,167,192,137,164
1,<environment.Job instance at 0x14a6200e14b0>,30,27,[12  2],31,186,213,155,184
1,<environment.Job instance at 0x14a61fc3d640>,31,18,[ 2 11],32,198,216,166,198
1,<environment.Job instance at 0x14a61fe78fa0>,32,19,[11  2],33,213,232,180,204
1,<environment.Job instance at 0x14a61fe78f50>,33,23,[ 1 12],34,216,239,182,214
1,<environment.Job instance at 0x14a61fbf50f0>,36,23,[ 1 14],37,240,263,203,240
1,<environment.Job instance at 0x14a61fb57c80>,38,3,[ 1 12],39,263,266,224,240
1,<environment.Job instance at 0x14a61fbc8140>,35,17,[ 1 11],36,266,283,230,254
1,<environment.Job instance at 0x14a61fb57870>,40,23,[ 2 13],41,283,306,242,277
1,<environment.Job instance at 0x14a61fb5bdc0>,42,16,[11  2],43,278,294,235,278
1,<environment.Job instance at 0x14a61fb7a5a0>,43,25,[ 1 12],44,306,331,262,302
1,<environment.Job instance at 0x14a61fb6cc30>,34,14,[12  1],35,315,329,280,315
1,<environment.Job instance at 0x14a61fb7a550>,46,22,[12  2],47,329,351,282,322
1,<environment.Job instance at 0x14a61fbac050>,47,20,[ 1 12],48,331,351,283,323
1,<environment.Job instance at 0x14a61fb7a5f0>,44,27,[ 1 12],45,351,378,306,349
1,<environment.Job instance at 0x14a61ff536e0>,23,15,[12  1],24,351,366,327,350
1,<environment.Job instance at 0x14a61fc08730>,45,2,[14  1],46,366,368,320,354
1,<environment.Job instance at 0x14a61fbf83c0>,41,2,[ 1 13],42,378,380,336,366
1,<environment.Job instance at 0x14a61f021dc0>,0,19,[12  2],1,1,20,0,1
1,<environment.Job instance at 0x14a6202798c0>,6,28,[ 1 11],7,8,36,1,8
1,<environment.Job instance at 0x14a61dec6140>,10,20,[6 1],11,20,40,9,15
1,<environment.Job instance at 0x14a61dec16e0>,11,1,[ 1 11],12,36,37,24,19
1,<environment.Job instance at 0x14a61dec1a50>,12,1,[6 2],13,20,21,7,20
1,<environment.Job instance at 0x14a61dec1190>,13,25,[1 8],14,37,62,23,33
1,<environment.Job instance at 0x14a61deb9320>,8,24,[14  2],9,54,78,45,54
1,<environment.Job instance at 0x14a61dec1230>,9,3,[13  2],10,78,81,68,55
1,<environment.Job instance at 0x14a61dec15a0>,14,26,[2 9],15,78,104,63,75
1,<environment.Job instance at 0x14a61de51320>,18,24,[10  2],19,81,105,62,76
1,<environment.Job instance at 0x14a61de51730>,17,21,[12  1],18,105,126,87,97
1,<environment.Job instance at 0x14a61de51f00>,20,26,[ 2 12],21,106,132,85,106
1,<environment.Job instance at 0x14a61de51870>,23,14,[ 1 12],24,132,146,108,121
1,<environment.Job instance at 0x14a61de51d20>,22,16,[12  2],23,126,142,103,121
1,<environment.Job instance at 0x14a61d02faa0>,27,2,[12  1],28,142,144,114,135
1,<environment.Job instance at 0x14a61d02fbe0>,29,28,[9 1],30,144,172,114,143
1,<environment.Job instance at 0x14a61d02fb40>,28,27,[ 1 14],29,146,173,117,144
1,<environment.Job instance at 0x14a61de51e60>,24,15,[ 1 13],25,173,188,148,161
1,<environment.Job instance at 0x14a61de512d0>,21,20,[ 1 14],22,188,208,166,185
1,<environment.Job instance at 0x14a61d02fdc0>,32,3,[11  2],33,185,188,152,185
1,<environment.Job instance at 0x14a61d02f9b0>,34,15,[11  2],35,208,223,173,197
1,<environment.Job instance at 0x14a61d032320>,37,28,[ 1 11],38,208,236,170,207
1,<environment.Job instance at 0x14a61d0323c0>,38,25,[ 1 12],39,236,261,197,232
1,<environment.Job instance at 0x14a61d02ffa0>,36,3,[13  2],37,246,249,209,246
1,<environment.Job instance at 0x14a61d02ff00>,35,3,[12  1],36,249,252,213,246
1,<environment.Job instance at 0x14a61d02fd20>,31,1,[11  1],32,252,253,220,249
1,<environment.Job instance at 0x14a61d032500>,40,12,[ 2 14],41,261,273,220,249
1,<environment.Job instance at 0x14a61d032780>,44,25,[10  1],45,256,281,211,256
1,<environment.Job instance at 0x14a61d032640>,42,26,[ 2 12],43,273,299,230,270
1,<environment.Job instance at 0x14a61d0328c0>,46,26,[13  1],47,281,307,234,278
1,<environment.Job instance at 0x14a61d0326e0>,43,2,[ 2 11],44,299,301,255,292
1,<environment.Job instance at 0x14a61d0325a0>,41,26,[ 1 14],42,301,327,259,301
1,<environment.Job instance at 0x14a61dec1550>,16,1,[12  2],17,382,383,365,382
1,<environment.Job instance at 0x14a61d032910>,0,17,[1 7],1,1,18,0,1
1,<environment.Job instance at 0x14a61d032fa0>,1,24,[2 5],2,2,26,0,2
1,<environment.Job instance at 0x14a61e126c80>,3,23,[5 1],4,4,27,0,4
1,<environment.Job instance at 0x14a61dec62d0>,2,24,[ 1 13],3,26,50,23,21
1,<environment.Job instance at 0x14a62020da50>,7,1,[12  2],8,41,42,33,41
1,<environment.Job instance at 0x14a61de51190>,8,1,[ 2 14],9,50,51,41,48
1,<environment.Job instance at 0x14a61de51f50>,10,22,[11  2],11,51,73,40,48
1,<environment.Job instance at 0x14a61dec6690>,6,19,[ 2 12],7,52,71,45,52
1,<environment.Job instance at 0x14a61fbf3190>,13,3,[ 2 13],14,71,74,57,53
1,<environment.Job instance at 0x14a61ff33eb0>,12,21,[13  2],13,73,94,60,67
1,<environment.Job instance at 0x14a61dec6f50>,9,28,[ 2 13],10,78,106,68,78
1,<environment.Job instance at 0x14a61d0356e0>,21,28,[ 2 13],22,110,138,88,110
1,<environment.Job instance at 0x14a61d0350f0>,20,28,[7 1],21,111,139,90,111
1,<environment.Job instance at 0x14a61d035690>,19,12,[ 2 14],20,138,150,118,124
1,<environment.Job instance at 0x14a61e121dc0>,5,21,[11  1],6,139,160,133,134
1,<environment.Job instance at 0x14a61bcd55a0>,33,28,[ 1 14],34,150,178,116,149
1,<environment.Job instance at 0x14a61bcd51e0>,36,22,[ 2 11],37,178,200,141,171
1,<environment.Job instance at 0x14a61bde4140>,30,24,[11  2],31,178,202,147,175
1,<environment.Job instance at 0x14a61bf03b40>,38,12,[ 2 12],39,200,212,161,192
1,<environment.Job instance at 0x14a61bed55f0>,39,19,[13  2],40,202,221,162,192
1,<environment.Job instance at 0x14a61bdd7c80>,42,19,[13  2],43,221,240,178,212
1,<environment.Job instance at 0x14a61bed63c0>,43,25,[11  1],44,240,265,196,240
1,<environment.Job instance at 0x14a61bed6960>,44,12,[ 2 13],45,257,269,212,257
1,<environment.Job instance at 0x14a61d032870>,4,24,[ 1 13],5,269,293,264,264
1,<environment.Job instance at 0x14a61bed6fa0>,45,20,[9 1],46,271,291,225,271
1,<environment.Job instance at 0x14a61bd75500>,0,28,[ 2 13],1,1,29,0,1
1,<environment.Job instance at 0x14a61bd6c230>,1,3,[11  2],2,15,18,13,15
1,<environment.Job instance at 0x14a61d032c30>,7,26,[9 1],8,18,44,10,15
1,<environment.Job instance at 0x14a61d0327d0>,10,21,[6 2],11,29,50,18,21
1,<environment.Job instance at 0x14a61d02f640>,12,1,[ 2 13],13,44,45,31,27
1,<environment.Job instance at 0x14a61d0329b0>,4,22,[ 1 13],5,45,67,40,39
1,<environment.Job instance at 0x14a61bd70870>,15,19,[10  2],16,50,69,34,45
1,<environment.Job instance at 0x14a61d02f7d0>,14,24,[ 1 11],15,67,91,52,62
1,<environment.Job instance at 0x14a61befb0f0>,3,25,[13  2],4,69,94,65,65
1,<environment.Job instance at 0x14a61bd70a50>,17,2,[12  2],18,94,96,76,81
1,<environment.Job instance at 0x14a62060ba00>,23,23,[13  2],24,96,119,72,90
1,<environment.Job instance at 0x14a62060bf00>,25,24,[ 1 10],26,100,124,74,100
1,<environment.Job instance at 0x14a61d032a50>,5,16,[10  1],6,119,135,113,111
1,<environment.Job instance at 0x14a61d02f690>,16,1,[ 1 11],17,124,125,107,114
1,<environment.Job instance at 0x14a62060ba50>,24,3,[ 1 13],25,139,142,114,139
1,<environment.Job instance at 0x14a61d150c80>,30,14,[11  2],31,147,161,116,147
1,<environment.Job instance at 0x14a6206ee820>,32,20,[13  2],33,161,181,128,154
1,<environment.Job instance at 0x14a621f4b960>,26,3,[ 2 12],27,172,175,145,172
1,<environment.Job instance at 0x14a61d150d20>,31,24,[10  1],32,181,205,149,178
1,<environment.Job instance at 0x14a61bd70b90>,18,20,[ 1 13],19,191,211,172,191
1,<environment.Job instance at 0x14a6206ee550>,36,2,[11  2],37,205,207,168,200
1,<environment.Job instance at 0x14a6206eebe0>,38,24,[12  1],39,207,231,168,203
1,<environment.Job instance at 0x14a61eb40d70>,41,27,[ 1 13],42,211,238,169,211
1,<environment.Job instance at 0x14a61fd21e60>,42,20,[14  1],43,231,251,188,222
1,<environment.Job instance at 0x14a61ea93eb0>,44,1,[ 1 12],45,238,239,193,224
1,<environment.Job instance at 0x14a6205d54b0>,39,1,[2 8],40,251,252,211,237
1,<environment.Job instance at 0x14a61fda3aa0>,46,28,[1 7],47,239,267,192,238
1,<environment.Job instance at 0x14a6206ee500>,48,1,[12  1],49,252,253,203,241
1,<environment.Job instance at 0x14a61fe30a00>,43,22,[12  1],44,253,275,209,248
1,<environment.Job instance at 0x14a62322e7d0>,27,3,[ 2 13],28,267,270,239,264
1,<environment.Job instance at 0x14a621f4b2d0>,0,21,[ 2 12],1,1,22,0,1
1,<environment.Job instance at 0x14a61bd751e0>,5,22,[2 5],6,22,44,16,22
1,<environment.Job instance at 0x14a61bd75320>,4,3,[ 2 11],5,44,47,39,22
1,<environment.Job instance at 0x14a61bd704b0>,1,1,[12  1],2,38,39,36,38
1,<environment.Job instance at 0x14a62007c910>,9,26,[5 1],10,43,69,33,43
1,<environment.Job instance at 0x14a61f6eedc0>,8,3,[11  1],9,69,72,60,48
1,<environment.Job instance at 0x14a61e9a6f50>,13,22,[ 1 13],14,48,70,34,48
1,<environment.Job instance at 0x14a61e6ee410>,11,25,[2 7],12,70,95,58,66
1,<environment.Job instance at 0x14a620003e60>,14,23,[11  1],15,72,95,57,66
1,<environment.Job instance at 0x14a61f6ae4b0>,17,12,[13  1],18,95,107,77,93
1,<environment.Job instance at 0x14a620003f50>,16,25,[ 2 14],17,95,120,78,93
1,<environment.Job instance at 0x14a6200161e0>,25,27,[2 7],26,120,147,94,118
1,<environment.Job instance at 0x14a620016230>,26,25,[10  2],27,120,145,93,118
1,<environment.Job instance at 0x14a61e648eb0>,24,22,[7 2],25,145,167,120,140
1,<environment.Job instance at 0x14a61f4be550>,28,23,[6 1],29,145,168,116,140
1,<environment.Job instance at 0x14a61f4be5a0>,29,15,[ 2 14],30,167,182,137,160
1,<environment.Job instance at 0x14a61bd75f00>,3,21,[ 2 13],4,182,203,178,175
1,<environment.Job instance at 0x14a61f4beb90>,30,2,[12  2],31,185,187,154,185
1,<environment.Job instance at 0x14a61f4bedc0>,33,15,[13  1],34,187,202,153,187
1,<environment.Job instance at 0x14a61bd75fa0>,6,3,[11  2],7,202,205,195,190
1,<environment.Job instance at 0x14a61f4bef50>,35,24,[12  1],36,205,229,169,201
1,<environment.Job instance at 0x14a61f02feb0>,39,21,[1 7],40,203,224,163,203
1,<environment.Job instance at 0x14a61f103320>,37,25,[11  1],38,229,254,191,226
1,<environment.Job instance at 0x14a61ee52140>,43,3,[6 1],44,254,257,210,232
1,<environment.Job instance at 0x14a61ef35f00>,44,20,[1 6],45,232,252,187,232
1,<environment.Job instance at 0x14a61f063640>,45,21,[ 2 14],46,252,273,206,244
1,<environment.Job instance at 0x14a61eeacdc0>,46,1,[ 1 13],47,273,274,226,259
1,<environment.Job instance at 0x14a61eec6a00>,42,18,[14  2],43,273,291,230,262
1,<environment.Job instance at 0x14a61f4be0f0>,27,1,[14  1],28,295,296,267,295
1,<environment.Job instance at 0x14a61de62500>,0,28,[1 6],1,1,29,0,1
1,<environment.Job instance at 0x14a61de62820>,1,27,[12  1],2,2,29,0,2
1,<environment.Job instance at 0x14a61f586410>,5,19,[ 1 11],6,29,48,23,20
1,<environment.Job instance at 0x14a61bcd54b0>,8,22,[7 1],9,29,51,20,22
1,<environment.Job instance at 0x14a61edb4820>,7,17,[11  2],8,51,68,43,42
1,<environment.Job instance at 0x14a61eab7c30>,12,15,[ 1 13],13,59,74,46,59
1,<environment.Job instance at 0x14a61f586a50>,10,18,[12  1],11,68,86,57,61
1,<environment.Job instance at 0x14a61eab70f0>,14,23,[11  2],15,86,109,71,80
1,<environment.Job instance at 0x14a61e6486e0>,3,12,[2 5],4,83,95,79,83
1,<environment.Job instance at 0x14a61e529780>,17,17,[1 7],18,86,103,68,86
1,<environment.Job instance at 0x14a61bd70f50>,18,20,[12  2],19,109,129,90,103
1,<environment.Job instance at 0x14a61e529af0>,21,22,[11  1],22,129,151,107,122
1,<environment.Job instance at 0x14a61eebc780>,25,21,[11  2],26,151,172,125,143
1,<environment.Job instance at 0x14a61f49faa0>,26,28,[2 5],27,146,174,119,146
1,<environment.Job instance at 0x14a621f4b320>,11,20,[14  2],12,174,194,162,166
1,<environment.Job instance at 0x14a61f49f9b0>,28,28,[12  2],29,194,222,165,193
1,<environment.Job instance at 0x14a61f49f550>,30,17,[ 1 11],31,193,210,162,193
1,<environment.Job instance at 0x14a61bd701e0>,19,2,[ 1 11],20,210,212,190,207
1,<environment.Job instance at 0x14a61f49f960>,29,23,[1 9],30,212,235,182,212
1,<environment.Job instance at 0x14a61f912370>,35,26,[5 2],36,227,253,191,227
1,<environment.Job instance at 0x14a61f4abb40>,36,21,[ 2 12],37,235,256,198,227
1,<environment.Job instance at 0x14a61f4ab9b0>,38,18,[ 2 14],39,256,274,217,245
1,<environment.Job instance at 0x14a61f4ab050>,37,3,[ 1 13],38,274,277,236,259
1,<environment.Job instance at 0x14a62060b050>,24,14,[11  2],25,274,288,249,261
1,<environment.Job instance at 0x14a61f4ab4b0>,42,3,[14  1],43,288,291,245,271
1,<environment.Job instance at 0x14a61f4ab0a0>,43,3,[ 2 13],44,277,280,233,274
1,<environment.Job instance at 0x14a61f4ab910>,44,23,[ 1 12],45,280,303,235,275
1,<environment.Job instance at 0x14a61f4ad410>,46,1,[ 1 12],47,303,304,256,290
1,<environment.Job instance at 0x14a61e5e37d0>,47,24,[1 6],48,304,328,256,299
1,<environment.Job instance at 0x14a61f9127d0>,34,16,[12  2],35,306,322,271,306
1,<environment.Job instance at 0x14a61de625f0>,4,18,[13  2],5,323,341,318,323
1,<environment.Job instance at 0x14a61f4ab690>,39,16,[ 2 13],40,328,344,288,324
1,<environment.Job instance at 0x14a61f4ab730>,40,14,[14  2],41,344,358,303,331
1,<environment.Job instance at 0x14a61f4ab780>,1,27,[11  1],2,2,29,0,2
1,<environment.Job instance at 0x14a61ee27730>,2,14,[1 6],3,4,18,1,4
1,<environment.Job instance at 0x14a61f0cf6e0>,4,18,[ 1 14],5,18,36,13,15
1,<environment.Job instance at 0x14a61f586a00>,8,25,[12  2],9,36,61,27,32
1,<environment.Job instance at 0x14a61e5ed910>,11,19,[ 1 12],12,36,55,24,33
1,<environment.Job instance at 0x14a61f4be7d0>,13,13,[14  2],14,61,74,47,47
1,<environment.Job instance at 0x14a61f4be320>,15,27,[9 1],16,74,101,58,72
1,<environment.Job instance at 0x14a61cc0aa00>,18,15,[ 1 14],19,74,89,55,72
1,<environment.Job instance at 0x14a61cc0a9b0>,20,15,[ 2 12],21,89,104,68,81
1,<environment.Job instance at 0x14a61cc0a280>,22,18,[ 2 14],23,104,122,81,94
1,<environment.Job instance at 0x14a61cf96e10>,23,19,[ 1 11],24,122,141,98,112
1,<environment.Job instance at 0x14a61cdb81e0>,25,24,[9 1],26,112,136,86,112
1,<environment.Job instance at 0x14a61cdba5f0>,30,17,[11  1],31,138,155,107,138
1,<environment.Job instance at 0x14a61cc1f5a0>,32,28,[2 6],33,142,170,109,142
1,<environment.Job instance at 0x14a61cc1f960>,33,28,[1 7],34,143,171,109,143
1,<environment.Job instance at 0x14a61cfb3140>,36,25,[12  1],37,155,180,118,152
1,<environment.Job instance at 0x14a61cc7f500>,37,26,[13  1],38,180,206,142,177
1,<environment.Job instance at 0x14a61f0cf1e0>,6,1,[13  1],7,206,207,199,189
1,<environment.Job instance at 0x14a61c03d0f0>,38,13,[14  1],39,207,220,168,192
1,<environment.Job instance at 0x14a61c225730>,39,16,[ 1 11],40,204,220,164,204
1,<environment.Job instance at 0x14a61cdb46e0>,40,22,[14  2],41,220,242,179,213
1,<environment.Job instance at 0x14a61cdb4780>,42,3,[11  1],43,242,245,199,227
1,<environment.Job instance at 0x14a61cdb4870>,44,20,[12  1],45,245,265,200,243
1,<environment.Job instance at 0x14a61cdb4cd0>,45,21,[13  1],46,265,286,219,259
1,<environment.Job instance at 0x14a61f0cffa0>,5,27,[13  1],6,288,315,282,288
1,<environment.Job instance at 0x14a621479eb0>,16,21,[2 7],17,290,311,273,290
1,<environment.Job instance at 0x14a61f586b40>,7,26,[12  2],8,315,341,307,312
1,<environment.Job instance at 0x14a61cd80e60>,41,3,[12  2],42,341,344,299,319
1,<environment.Job instance at 0x14a61f0cf910>,0,17,[ 2 12],1,2,19,1,2
1,<environment.Job instance at 0x14a61e608f00>,6,21,[12  1],7,14,35,7,14
1,<environment.Job instance at 0x14a61caf7780>,10,24,[ 2 10],11,27,51,16,27
1,<environment.Job instance at 0x14a61caf7eb0>,11,20,[11  1],12,35,55,23,27
1,<environment.Job instance at 0x14a61caf7d20>,12,15,[ 1 13],13,51,66,38,39
1,<environment.Job instance at 0x14a61ca8afa0>,17,25,[13  1],18,55,80,37,51
1,<environment.Job instance at 0x14a61ca971e0>,18,1,[2 8],19,66,67,47,54
1,<environment.Job instance at 0x14a61ca97eb0>,19,23,[11  2],20,80,103,60,74
1,<environment.Job instance at 0x14a61cdb49b0>,1,1,[13  2],2,103,104,101,86
1,<environment.Job instance at 0x14a61caf7370>,14,13,[14  2],15,104,117,89,97
1,<environment.Job instance at 0x14a61cdb1dc0>,24,16,[14  1],25,117,133,92,105
1,<environment.Job instance at 0x14a61f0cff00>,5,21,[9 1],6,133,154,127,125
1,<environment.Job instance at 0x14a61ed0a0a0>,27,28,[14  1],28,154,182,126,153
1,<environment.Job instance at 0x14a61ed0a690>,28,24,[7 2],29,182,206,153,180
1,<environment.Job instance at 0x14a61ca97230>,21,1,[ 1 14],22,206,207,184,192
1,<environment.Job instance at 0x14a61dbc1b40>,30,19,[2 7],31,207,226,176,201
1,<environment.Job instance at 0x14a61dbc1d20>,29,25,[11  1],30,206,231,176,204
1,<environment.Job instance at 0x14a61cdb1910>,25,3,[ 2 13],26,233,236,207,233
1,<environment.Job instance at 0x14a61ed87500>,35,28,[11  2],36,242,270,206,242
1,<environment.Job instance at 0x14a61ed870a0>,36,24,[ 2 13],37,257,281,220,257
1,<environment.Job instance at 0x14a61ca97af0>,22,21,[ 1 13],23,292,313,269,292
1,<environment.Job instance at 0x14a61ed872d0>,31,2,[11  1],32,295,297,263,295
1,<environment.Job instance at 0x14a61e66a820>,37,17,[ 2 12],38,313,330,275,302
1,<environment.Job instance at 0x14a61e66aaa0>,40,19,[9 2],41,304,323,263,304
1,<environment.Job instance at 0x14a61ed87dc0>,34,2,[ 1 11],35,348,350,313,348
1,<environment.Job instance at 0x14a61fe2cc30>,47,21,[13  1],48,348,369,300,348
1,<environment.Job instance at 0x14a61ed74b40>,42,28,[ 2 10],43,372,400,329,372
1,<environment.Job instance at 0x14a61ed87230>,33,16,[11  2],34,373,389,339,373
1,<environment.Job instance at 0x14a61dee3960>,48,18,[ 2 12],49,400,418,351,390
1,<environment.Job instance at 0x14a61deb4d20>,2,28,[2 5],3,3,31,0,3
1,<environment.Job instance at 0x14a61ed74050>,3,27,[ 1 12],4,31,58,27,29
1,<environment.Job instance at 0x14a61cabdd70>,9,27,[11  1],10,36,63,26,36
1,<environment.Job instance at 0x14a61f49ff50>,7,1,[1 5],8,58,59,50,41
1,<environment.Job instance at 0x14a61cb00b40>,13,1,[12  1],14,63,64,49,53
1,<environment.Job instance at 0x14a61e608a00>,6,25,[2 8],7,58,83,51,56
1,<environment.Job instance at 0x14a61f0cfb90>,15,14,[ 1 13],16,83,97,67,69
1,<environment.Job instance at 0x14a61cc0a140>,18,28,[ 2 14],19,97,125,78,96
1,<environment.Job instance at 0x14a61f6c55a0>,20,27,[11  1],21,96,123,75,96
1,<environment.Job instance at 0x14a61f6c58c0>,25,3,[14  2],26,125,128,99,115
1,<environment.Job instance at 0x14a61f6c5c30>,26,18,[12  2],27,128,146,101,121
1,<environment.Job instance at 0x14a61ed0a730>,4,23,[ 1 13],5,128,151,123,128
1,<environment.Job instance at 0x14a61a88dd20>,29,24,[ 1 14],30,151,175,121,147
1,<environment.Job instance at 0x14a61a88d6e0>,34,28,[1 9],35,175,203,140,174
1,<environment.Job instance at 0x14a61a9c1780>,37,18,[11  1],38,196,214,158,196
1,<environment.Job instance at 0x14a61a88d460>,39,25,[ 1 14],40,203,228,163,199
1,<environment.Job instance at 0x14a61ca97870>,12,14,[11  1],13,214,228,201,211
1,<environment.Job instance at 0x14a61a88d3c0>,40,20,[ 2 13],41,228,248,187,221
1,<environment.Job instance at 0x14a61aabfc80>,44,24,[6 2],45,228,252,183,227
1,<environment.Job instance at 0x14a61a9f55a0>,46,27,[ 2 12],47,248,275,201,246
1,<environment.Job instance at 0x14a61aabf280>,41,21,[10  2],42,258,279,216,258
1,<environment.Job instance at 0x14a61f0cf870>,17,27,[ 2 10],18,275,302,257,273
1,<environment.Job instance at 0x14a61cc0cb40>,5,21,[11  2],6,280,301,274,280
1,<environment.Job instance at 0x14a61a9db4b0>,47,20,[11  1],48,301,321,253,298
1,<environment.Job instance at 0x14a61aab67d0>,48,22,[ 2 11],49,309,331,260,309
1,<environment.Job instance at 0x14a61aab74b0>,0,23,[8 1],1,1,24,0,1
1,<environment.Job instance at 0x14a61a92f1e0>,7,17,[ 1 13],8,8,25,0,8
1,<environment.Job instance at 0x14a61ecb3c30>,13,26,[2 6],14,25,51,11,22
1,<environment.Job instance at 0x14a61ecb3af0>,14,22,[14  2],15,51,73,36,47
1,<environment.Job instance at 0x14a61ecb3870>,9,28,[ 1 11],10,51,79,41,50
1,<environment.Job instance at 0x14a61ecb35f0>,16,25,[5 2],17,73,98,56,69
1,<environment.Job instance at 0x14a61e304e10>,17,23,[14  2],18,98,121,80,92
1,<environment.Job instance at 0x14a61dbc1fa0>,3,20,[ 1 12],4,115,135,111,115
1,<environment.Job instance at 0x14a61a92f140>,10,12,[ 1 11],11,135,147,124,118
1,<environment.Job instance at 0x14a61e304a50>,24,25,[14  1],25,121,146,96,121
1,<environment.Job instance at 0x14a61e3041e0>,20,1,[9 2],21,146,147,125,128
1,<environment.Job instance at 0x14a61e3049b0>,23,1,[11  2],24,147,148,123,140
1,<environment.Job instance at 0x14a61ecb3780>,15,1,[ 2 11],16,147,148,131,143
1,<environment.Job instance at 0x14a61dfa43c0>,30,24,[5 2],31,148,172,117,145
1,<environment.Job instance at 0x14a61e6b8c30>,27,24,[5 2],28,148,172,120,145
1,<environment.Job instance at 0x14a61e2b2af0>,33,15,[ 2 14],34,172,187,138,160
1,<environment.Job instance at 0x14a61e448a50>,35,12,[2 6],36,187,199,151,174
1,<environment.Job instance at 0x14a61e448c30>,36,19,[7 1],37,175,194,138,175
1,<environment.Job instance at 0x14a61e421460>,38,14,[13  1],39,194,208,155,182
1,<environment.Job instance at 0x14a61e780280>,42,26,[2 9],43,199,225,156,197
1,<environment.Job instance at 0x14a61e780690>,43,13,[13  1],44,215,228,171,215
1,<environment.Job instance at 0x14a61e304d20>,26,21,[ 1 11],27,225,246,198,220
1,<environment.Job instance at 0x14a61e7807d0>,45,20,[14  1],46,228,248,182,226
1,<environment.Job instance at 0x14a620113f50>,28,2,[ 1 14],29,246,248,217,227
1,<environment.Job instance at 0x14a61e304780>,19,3,[14  1],20,248,251,228,230
1,<environment.Job instance at 0x14a61e780780>,47,15,[1 9],48,248,263,200,236
1,<environment.Job instance at 0x14a61e780dc0>,48,23,[14  2],49,251,274,202,246
1,<environment.Job instance at 0x14a61e780960>,44,3,[14  2],45,274,277,229,270
1,<environment.Job instance at 0x14a61e7808c0>,46,3,[13  2],47,277,280,230,275
1,<environment.Job instance at 0x14a61e883050>,41,3,[ 2 11],42,292,295,250,292
1,<environment.Job instance at 0x14a61a9aa820>,0,24,[ 1 10],1,1,25,0,1
1,<environment.Job instance at 0x14a61e304730>,1,20,[2 7],2,25,45,23,16
1,<environment.Job instance at 0x14a61e46f320>,6,2,[11  2],7,30,32,23,30
1,<environment.Job instance at 0x14a61a88d8c0>,7,24,[10  2],8,32,56,24,30
1,<environment.Job instance at 0x14a620202460>,10,25,[12  2],11,56,81,45,52
1,<environment.Job instance at 0x14a61e6bc140>,11,28,[ 1 12],12,52,80,40,52
1,<environment.Job instance at 0x14a61fb30f50>,13,28,[ 2 10],14,80,108,66,79
1,<environment.Job instance at 0x14a6200b3550>,15,20,[11  2],16,81,101,65,80
1,<environment.Job instance at 0x14a61e42a140>,19,21,[14  2],20,108,129,88,100
1,<environment.Job instance at 0x14a61e42af00>,20,20,[ 1 13],21,108,128,87,102
1,<environment.Job instance at 0x14a61fd38550>,22,16,[ 2 12],23,129,145,106,116
1,<environment.Job instance at 0x14a61f9a29b0>,2,24,[ 1 11],3,145,169,142,144
1,<environment.Job instance at 0x14a61a991500>,4,18,[ 2 14],5,169,187,164,164
1,<environment.Job instance at 0x14a61e6fff00>,27,16,[12  1],28,170,186,142,170
1,<environment.Job instance at 0x14a61e2248c0>,9,19,[ 1 10],10,190,209,180,190
1,<environment.Job instance at 0x14a621fbfd20>,31,27,[13  1],32,190,217,158,190
1,<environment.Job instance at 0x14a62063a960>,32,19,[ 2 12],33,209,228,176,207
1,<environment.Job instance at 0x14a62063aaf0>,33,19,[1 5],34,228,247,194,228
1,<environment.Job instance at 0x14a61a9aaa00>,3,28,[2 7],4,228,256,224,228
1,<environment.Job instance at 0x14a62063a050>,35,23,[2 6],36,247,270,211,241
1,<environment.Job instance at 0x14a621fbfa50>,30,1,[14  2],31,270,271,239,246
1,<environment.Job instance at 0x14a620033b90>,38,25,[12  1],39,271,296,232,267
1,<environment.Job instance at 0x14a61f796870>,43,24,[ 2 10],44,301,325,257,301
1,<environment.Job instance at 0x14a61eaceaa0>,44,25,[11  2],45,305,330,260,305
1,<environment.Job instance at 0x14a62205a2d0>,45,23,[ 1 14],46,330,353,284,327
1,<environment.Job instance at 0x14a620035370>,41,15,[ 1 14],42,367,382,325,367
1,<environment.Job instance at 0x14a61e750230>,25,2,[ 2 13],26,382,384,356,367
1,<environment.Job instance at 0x14a620048500>,47,12,[ 1 12],48,384,396,336,370
1,<environment.Job instance at 0x14a62205a730>,42,28,[ 1 12],43,397,425,354,397
1,<environment.Job instance at 0x14a61e6ff050>,26,1,[ 2 13],27,425,426,398,416
1,<environment.Job instance at 0x14a620a27730>,0,24,[ 2 12],1,1,25,0,1
1,<environment.Job instance at 0x14a61e764c30>,4,1,[2 5],5,25,26,20,12
1,<environment.Job instance at 0x14a61e7640a0>,6,19,[5 2],7,14,33,7,14
1,<environment.Job instance at 0x14a61e777690>,7,18,[8 1],8,14,32,6,14
1,<environment.Job instance at 0x14a61e777cd0>,8,20,[9 1],9,32,52,23,23
1,<environment.Job instance at 0x14a61e777fa0>,9,3,[ 2 12],10,28,31,18,28
1,<environment.Job instance at 0x14a620a3d410>,10,16,[ 1 14],11,33,49,22,28
1,<environment.Job instance at 0x14a620a3d2d0>,11,24,[12  1],12,52,76,40,47
1,<environment.Job instance at 0x14a620a3d140>,12,14,[2 7],13,49,63,36,47
1,<environment.Job instance at 0x14a620a3d960>,13,28,[ 2 12],14,63,91,49,62
1,<environment.Job instance at 0x14a620a3ddc0>,14,19,[8 2],15,76,95,61,67
1,<environment.Job instance at 0x14a620a3d3c0>,15,20,[ 1 12],16,91,111,75,82
1,<environment.Job instance at 0x14a620a27c80>,2,21,[10  1],3,99,120,96,99
1,<environment.Job instance at 0x14a620a27370>,1,15,[11  2],2,120,135,118,106
1,<environment.Job instance at 0x14a620a3d050>,19,17,[ 2 14],20,135,152,115,123
1,<environment.Job instance at 0x14a620a3d780>,21,28,[12  1],22,135,163,113,134
1,<environment.Job instance at 0x14a620a3db90>,16,12,[ 1 11],17,152,164,135,136
1,<environment.Job instance at 0x14a620a3d910>,23,19,[10  2],24,163,182,139,154
1,<environment.Job instance at 0x14a620a3aeb0>,27,27,[14  2],28,182,209,154,180
1,<environment.Job instance at 0x14a620a3ae10>,28,15,[ 1 12],29,192,207,163,192
1,<environment.Job instance at 0x14a620a3a9b0>,29,2,[ 1 13],30,207,209,177,193
1,<environment.Job instance at 0x14a620a3d0a0>,17,23,[9 2],18,209,232,191,206
1,<environment.Job instance at 0x14a620a3d6e0>,22,2,[ 1 11],23,226,228,203,226
1,<environment.Job instance at 0x14a620a3a280>,34,24,[ 1 14],35,232,256,197,227
1,<environment.Job instance at 0x14a620a3abe0>,37,28,[6 1],38,233,261,195,233
1,<environment.Job instance at 0x14a620a3ab90>,38,20,[ 1 11],39,256,276,217,247
1,<environment.Job instance at 0x14a620a3ad20>,41,12,[ 1 14],42,276,288,234,270
1,<environment.Job instance at 0x14a620a36d70>,44,21,[ 2 14],45,288,309,243,280
1,<environment.Job instance at 0x14a61e764e60>,3,24,[11  1],4,292,316,288,292
1,<environment.Job instance at 0x14a620a36460>,45,22,[14  1],46,316,338,270,309
1,<environment.Job instance at 0x14a620a36a50>,47,26,[6 2],48,338,364,290,338
1,<environment.Job instance at 0x14a620a3a410>,32,18,[ 1 11],33,363,381,330,363
1,<environment.Job instance at 0x14a620a3a370>,36,1,[14  1],37,366,367,329,366
1,<environment.Job instance at 0x14a61e767f00>,2,22,[14  2],3,3,25,0,3
1,<environment.Job instance at 0x14a61b591460>,4,27,[ 2 14],5,25,52,20,23
1,<environment.Job instance at 0x14a620a3afa0>,3,3,[12  2],4,52,55,48,46
1,<environment.Job instance at 0x14a620a0b5a0>,7,24,[12  2],8,55,79,47,50
1,<environment.Job instance at 0x14a61b99fd20>,10,27,[10  2],11,79,106,68,77
1,<environment.Job instance at 0x14a61b9b66e0>,12,23,[11  2],13,106,129,93,100
1,<environment.Job instance at 0x14a61b3f9b40>,11,2,[ 1 13],12,121,123,109,121
1,<environment.Job instance at 0x14a61b3f1370>,15,24,[ 2 14],16,129,153,113,124
1,<environment.Job instance at 0x14a61b3f1640>,19,28,[7 1],20,129,157,109,129
1,<environment.Job instance at 0x14a61b4580f0>,24,14,[7 1],25,153,167,128,147
1,<environment.Job instance at 0x14a61b4582d0>,22,26,[8 2],23,157,183,134,154
1,<environment.Job instance at 0x14a61b458140>,26,21,[ 2 12],27,167,188,140,162
1,<environment.Job instance at 0x14a61d924550>,28,16,[10  2],29,183,199,154,170
1,<environment.Job instance at 0x14a620a477d0>,30,23,[13  2],31,199,222,168,193
1,<environment.Job instance at 0x14a61e60e0a0>,33,2,[12  2],34,222,224,188,210
1,<environment.Job instance at 0x14a61e25fa00>,36,22,[11  2],37,224,246,187,217
1,<environment.Job instance at 0x14a61b19d9b0>,34,28,[11  1],35,246,274,211,245
1,<environment.Job instance at 0x14a61fac6a50>,37,28,[13  1],38,274,302,236,273
1,<environment.Job instance at 0x14a61e25f820>,38,16,[ 1 12],39,277,293,238,277
1,<environment.Job instance at 0x14a61e25f550>,39,14,[11  1],40,302,316,262,291
1,<environment.Job instance at 0x14a61f4f6e60>,42,26,[ 1 14],43,293,319,250,292
1,<environment.Job instance at 0x14a61f4f64b0>,41,28,[ 2 13],42,319,347,277,318
1,<environment.Job instance at 0x14a61f4f6370>,43,15,[11  1],44,330,345,286,330
1,<environment.Job instance at 0x14a61b3f1870>,20,21,[ 1 14],21,347,368,326,340
1,<environment.Job instance at 0x14a61d61abe0>,48,25,[11  1],49,345,370,296,342
1,<environment.Job instance at 0x14a61e651870>,47,1,[ 2 13],48,368,369,320,345
1,<environment.Job instance at 0x14a61b9e8730>,13,3,[ 1 12],14,369,372,355,364
1,<environment.Job instance at 0x14a61b9b6690>,9,2,[ 2 11],10,372,374,362,370
