iteration,job object,job ID,job Length,job ressource requirement,job enter time,job start time,job finish time,job waiting time,current time
1,<environment.Job instance at 0x14b6e7a52410>,12,3,[6 2],13,13,16,0,13
1,<environment.Job instance at 0x14b6e8796e10>,5,2,[1 9],6,17,19,11,16
1,<environment.Job instance at 0x14b6e7a52690>,13,13,[1 5],14,19,32,5,18
1,<environment.Job instance at 0x14b6e7a52460>,11,2,[1 9],12,32,34,20,18
1,<environment.Job instance at 0x14b6e7a57050>,3,3,[1 8],4,5,8,1,5
1,<environment.Job instance at 0x14b6e6d862d0>,9,19,[ 2 10],10,13,32,3,13
1,<environment.Job instance at 0x14b6e6d865f0>,12,3,[9 1],13,32,35,19,21
1,<environment.Job instance at 0x14b6e7a595a0>,1,1,[5 1],2,2,3,0,2
1,<environment.Job instance at 0x14b6e6d884b0>,2,2,[2 9],3,3,5,0,3
1,<environment.Job instance at 0x14b6e6120820>,3,2,[9 1],4,5,7,1,5
1,<environment.Job instance at 0x14b6e6120b90>,5,3,[9 2],6,7,10,1,7
1,<environment.Job instance at 0x14b6e6d88640>,0,13,[1 6],1,9,22,8,9
1,<environment.Job instance at 0x14b6e6120370>,8,1,[1 7],9,22,23,13,10
1,<environment.Job instance at 0x14b6e6120aa0>,6,3,[8 1],7,11,14,4,11
1,<environment.Job instance at 0x14b6e6120f00>,11,1,[8 1],12,14,15,2,12
1,<environment.Job instance at 0x14b6e6257140>,13,3,[1 6],14,23,26,9,23
1,<environment.Job instance at 0x14b6e81ef4b0>,5,1,[6 1],6,6,7,0,6
1,<environment.Job instance at 0x14b6e7de7870>,3,14,[5 1],4,7,21,3,7
1,<environment.Job instance at 0x14b6e7de7eb0>,6,2,[ 2 10],7,21,23,14,9
1,<environment.Job instance at 0x14b6e80ead20>,8,1,[ 1 10],9,23,24,14,12
1,<environment.Job instance at 0x14b6e82aad20>,12,12,[10  2],13,24,36,11,13
1,<environment.Job instance at 0x14b6e81240f0>,10,1,[1 8],11,36,37,25,24
1,<environment.Job instance at 0x14b6e6120730>,1,17,[1 7],2,4,21,2,4
1,<environment.Job instance at 0x14b6e5270550>,6,13,[1 5],7,21,34,14,7
1,<environment.Job instance at 0x14b6e7afe4b0>,4,1,[1 9],5,34,35,29,7
1,<environment.Job instance at 0x14b6e52708c0>,9,2,[8 2],10,10,12,0,10
1,<environment.Job instance at 0x14b6e5270820>,11,1,[2 9],12,35,36,23,12
1,<environment.Job instance at 0x14b6e5270910>,13,1,[9 1],14,25,26,11,25
1,<environment.Job instance at 0x14b6e5273b90>,0,15,[7 1],1,1,16,0,1
1,<environment.Job instance at 0x14b6e5273be0>,1,1,[10  1],2,16,17,14,6
1,<environment.Job instance at 0x14b6e5273a00>,2,3,[1 6],3,6,9,3,6
1,<environment.Job instance at 0x14b6e48b9a00>,7,15,[2 8],8,17,32,9,8
1,<environment.Job instance at 0x14b6e4789c80>,13,1,[10  1],14,32,33,18,14
1,<environment.Job instance at 0x14b6e47d06e0>,3,3,[6 2],4,5,8,1,5
1,<environment.Job instance at 0x14b6e3a68140>,7,3,[7 2],8,8,11,0,8
1,<environment.Job instance at 0x14b6e47d0eb0>,0,3,[8 2],1,11,14,10,9
1,<environment.Job instance at 0x14b6e3a680f0>,8,1,[1 8],9,10,11,1,10
1,<environment.Job instance at 0x14b6e3a684b0>,11,2,[1 8],12,13,15,1,13
1,<environment.Job instance at 0x14b6e3a68640>,12,3,[6 1],13,16,19,3,16
1,<environment.Job instance at 0x14b6e3a6c460>,3,2,[1 6],4,5,7,1,5
1,<environment.Job instance at 0x14b6e2eeac80>,6,12,[2 6],7,7,19,0,7
1,<environment.Job instance at 0x14b6e2f810f0>,10,12,[6 2],11,12,24,1,12
1,<environment.Job instance at 0x14b6e3a6c5f0>,2,2,[7 1],3,24,26,21,12
1,<environment.Job instance at 0x14b6e2f815f0>,11,14,[2 6],12,19,33,7,13
1,<environment.Job instance at 0x14b6e2f67a50>,13,12,[6 1],14,26,38,12,15
1,<environment.Job instance at 0x14b6e2f81280>,12,3,[2 5],13,33,36,20,17
1,<environment.Job instance at 0x14b6e2eea370>,7,3,[7 2],8,38,41,30,22
1,<environment.Job instance at 0x14b6e2f01c30>,3,17,[5 1],4,4,21,0,4
1,<environment.Job instance at 0x14b6e225f5a0>,6,18,[2 9],7,8,26,1,8
1,<environment.Job instance at 0x14b6e225f9b0>,9,2,[ 1 10],10,26,28,16,10
1,<environment.Job instance at 0x14b6e225fbe0>,12,24,[10  2],13,28,52,15,25
1,<environment.Job instance at 0x14b6e16e82d0>,5,3,[ 1 10],6,8,11,2,8
1,<environment.Job instance at 0x14b6e16e83c0>,4,3,[8 1],5,11,14,6,8
1,<environment.Job instance at 0x14b6e1772c80>,8,3,[1 9],9,11,14,2,11
1,<environment.Job instance at 0x14b6e1772b90>,7,3,[1 8],8,14,17,6,11
1,<environment.Job instance at 0x14b6e16ea960>,11,3,[5 2],12,15,18,3,15
1,<environment.Job instance at 0x14b6e1772190>,13,17,[1 8],14,17,34,3,15
1,<environment.Job instance at 0x14b6e16e8410>,6,27,[5 2],7,21,48,14,21
1,<environment.Job instance at 0x14b6e0add6e0>,7,1,[1 5],8,8,9,0,8
1,<environment.Job instance at 0x14b6e17c2dc0>,0,3,[5 2],1,9,12,8,9
1,<environment.Job instance at 0x14b6e0add5f0>,6,1,[ 2 10],7,12,13,5,9
1,<environment.Job instance at 0x14b6e0adda50>,13,1,[2 7],14,14,15,0,14
1,<environment.Job instance at 0x14b6e0a5faf0>,0,2,[ 2 10],1,6,8,5,6
1,<environment.Job instance at 0x14b6e2b55b40>,9,3,[6 1],10,12,15,2,12
1,<environment.Job instance at 0x14b6e2b55730>,11,2,[8 2],12,15,17,3,12
1,<environment.Job instance at 0x14b6e0addaf0>,7,15,[ 2 10],8,17,32,9,13
1,<environment.Job instance at 0x14b6e2b55b90>,12,3,[1 6],13,13,16,0,13
1,<environment.Job instance at 0x14b6e2adedc0>,0,3,[1 7],1,1,4,0,1
1,<environment.Job instance at 0x14b6e62d44b0>,7,2,[10  2],8,8,10,0,8
1,<environment.Job instance at 0x14b6e62d4aa0>,6,19,[8 2],7,10,29,3,8
1,<environment.Job instance at 0x14b6e62d40a0>,5,3,[6 1],6,29,32,23,10
1,<environment.Job instance at 0x14b6e62cb3c0>,13,1,[1 7],14,21,22,7,21
1,<environment.Job instance at 0x14b6e658e5a0>,2,2,[1 9],3,3,5,0,3
1,<environment.Job instance at 0x14b6e658ef50>,0,17,[10  1],1,5,22,4,3
1,<environment.Job instance at 0x14b6e16faf50>,1,2,[1 9],2,22,24,20,5
1,<environment.Job instance at 0x14b6e60e3820>,4,2,[2 5],5,24,26,19,6
1,<environment.Job instance at 0x14b6e634f5f0>,7,2,[1 6],8,26,28,18,8
1,<environment.Job instance at 0x14b6e656be10>,3,15,[1 9],4,28,43,24,14
1,<environment.Job instance at 0x14b6e658f2d0>,0,2,[5 1],1,1,3,0,1
1,<environment.Job instance at 0x14b6e8505af0>,7,3,[2 9],8,8,11,0,8
1,<environment.Job instance at 0x14b6e8505f00>,5,3,[ 2 10],6,11,14,5,10
1,<environment.Job instance at 0x14b6e8505280>,4,3,[ 1 10],5,14,17,9,12
1,<environment.Job instance at 0x14b6e85050a0>,13,1,[1 5],14,17,18,3,16
1,<environment.Job instance at 0x14b6e8505cd0>,10,13,[5 2],11,19,32,8,19
1,<environment.Job instance at 0x14b6e634fa50>,1,2,[10  1],2,3,5,1,3
1,<environment.Job instance at 0x14b6e84f8eb0>,3,2,[5 2],4,7,9,3,7
1,<environment.Job instance at 0x14b6dfbd9320>,8,15,[6 1],9,10,25,1,10
1,<environment.Job instance at 0x14b6dfbd9eb0>,7,2,[1 6],8,11,13,3,11
1,<environment.Job instance at 0x14b6dfa213c0>,9,22,[2 9],10,13,35,3,11
1,<environment.Job instance at 0x14b6dfb595f0>,0,1,[7 1],1,3,4,2,3
1,<environment.Job instance at 0x14b6e658f550>,1,3,[8 1],2,10,13,8,10
1,<environment.Job instance at 0x14b6dfaa46e0>,4,2,[9 1],5,13,15,8,11
1,<environment.Job instance at 0x14b6dee011e0>,5,20,[5 2],6,15,35,9,12
1,<environment.Job instance at 0x14b6dee01460>,7,1,[5 2],8,15,16,7,12
1,<environment.Job instance at 0x14b6dee015f0>,10,1,[1 9],11,12,13,1,12
1,<environment.Job instance at 0x14b6dee03a00>,0,3,[1 9],1,3,6,2,3
1,<environment.Job instance at 0x14b6dee03a50>,2,1,[1 9],3,6,7,3,3
1,<environment.Job instance at 0x14b6de30ebe0>,7,17,[1 9],8,8,25,0,8
1,<environment.Job instance at 0x14b6de3112d0>,12,2,[1 7],13,25,27,12,15
1,<environment.Job instance at 0x14b6de311cd0>,10,2,[6 2],11,25,27,14,18
1,<environment.Job instance at 0x14b6dd5f99b0>,7,16,[1 7],8,9,25,1,9
1,<environment.Job instance at 0x14b6dd5f9a50>,10,18,[8 1],11,12,30,1,12
1,<environment.Job instance at 0x14b6dd5f9e60>,11,1,[1 7],12,25,26,13,14
1,<environment.Job instance at 0x14b6dee012d0>,1,3,[2 9],2,6,9,4,6
1,<environment.Job instance at 0x14b6dcb09c80>,6,22,[1 7],7,9,31,2,7
1,<environment.Job instance at 0x14b6dd5fbf00>,3,3,[5 2],4,9,12,5,9
1,<environment.Job instance at 0x14b6dca7c5f0>,9,18,[7 2],10,12,30,2,10
1,<environment.Job instance at 0x14b6dca8ec80>,12,1,[1 7],13,31,32,18,22
1,<environment.Job instance at 0x14b6dcb52b90>,1,3,[7 2],2,3,6,1,3
1,<environment.Job instance at 0x14b6dcb52370>,2,1,[2 8],3,3,4,0,3
1,<environment.Job instance at 0x14b6de243fa0>,0,16,[7 2],1,6,22,5,5
1,<environment.Job instance at 0x14b6de433730>,5,2,[7 1],6,22,24,16,7
1,<environment.Job instance at 0x14b6dd741f00>,12,1,[2 8],13,15,16,2,15
1,<environment.Job instance at 0x14b6de4445a0>,3,2,[8 1],4,4,6,0,4
1,<environment.Job instance at 0x14b6de462370>,0,18,[1 8],1,6,24,5,6
1,<environment.Job instance at 0x14b6e7364cd0>,8,3,[1 5],9,24,27,15,10
1,<environment.Job instance at 0x14b6e7364be0>,9,2,[2 9],10,27,29,17,10
1,<environment.Job instance at 0x14b6de356730>,1,2,[1 8],2,29,31,27,11
1,<environment.Job instance at 0x14b6e71cc7d0>,0,1,[8 1],1,2,3,1,2
1,<environment.Job instance at 0x14b6de437230>,1,1,[6 2],2,12,13,10,12
1,<environment.Job instance at 0x14b6e46027d0>,10,15,[9 2],11,15,30,4,15
1,<environment.Job instance at 0x14b6de0ede10>,1,3,[1 9],2,2,5,0,2
1,<environment.Job instance at 0x14b6e45a7b90>,0,12,[8 2],1,8,20,7,8
1,<environment.Job instance at 0x14b6e0cea910>,6,1,[10  2],7,20,21,13,8
1,<environment.Job instance at 0x14b6e0fbc5f0>,10,3,[ 1 10],11,21,24,10,13
1,<environment.Job instance at 0x14b6e0fbc280>,8,12,[5 1],9,24,36,15,13
1,<environment.Job instance at 0x14b6e0f4f190>,13,2,[8 1],14,36,38,22,16
1,<environment.Job instance at 0x14b6e0f52a00>,9,17,[9 2],10,38,55,28,27
1,<environment.Job instance at 0x14b6e1089c80>,2,15,[5 2],3,3,18,0,3
1,<environment.Job instance at 0x14b6e2ed9b90>,8,22,[9 1],9,18,40,9,12
1,<environment.Job instance at 0x14b6e2ed9cd0>,9,17,[1 9],10,18,35,8,12
1,<environment.Job instance at 0x14b6e2e73410>,13,2,[2 5],14,40,42,26,20
1,<environment.Job instance at 0x14b6e45bcb90>,1,23,[1 9],2,5,28,3,5
1,<environment.Job instance at 0x14b6e48834b0>,8,12,[8 2],9,28,40,19,12
1,<environment.Job instance at 0x14b6e4888280>,5,12,[10  1],6,40,52,34,23
1,<environment.Job instance at 0x14b6e47a6b90>,0,2,[1 6],1,2,4,1,2
1,<environment.Job instance at 0x14b6e63c01e0>,6,1,[2 9],7,8,9,1,8
1,<environment.Job instance at 0x14b6e489bdc0>,2,18,[10  1],3,9,27,6,8
1,<environment.Job instance at 0x14b6e63c0eb0>,9,1,[8 1],10,27,28,17,11
1,<environment.Job instance at 0x14b6e63bb500>,11,3,[1 8],12,27,30,15,13
1,<environment.Job instance at 0x14b6e63c07d0>,8,1,[2 5],9,30,31,21,13
1,<environment.Job instance at 0x14b6e63bb820>,10,2,[2 6],11,31,33,20,13
1,<environment.Job instance at 0x14b6e63bb690>,13,1,[7 1],14,28,29,14,14
1,<environment.Job instance at 0x14b6e1abbaf0>,4,2,[10  2],5,7,9,2,7
1,<environment.Job instance at 0x14b6e48833c0>,1,1,[10  1],2,9,10,7,8
1,<environment.Job instance at 0x14b6e63bd280>,2,3,[6 2],3,10,13,7,9
1,<environment.Job instance at 0x14b6e26be230>,10,13,[6 1],11,13,26,2,12
1,<environment.Job instance at 0x14b6e26beb90>,7,3,[5 1],8,26,29,18,12
1,<environment.Job instance at 0x14b6e63bdc30>,5,26,[1 9],6,17,43,11,17
1,<environment.Job instance at 0x14b6e4d40fa0>,0,2,[2 6],1,1,3,0,1
1,<environment.Job instance at 0x14b6e26bfc30>,3,12,[2 5],4,5,17,1,5
1,<environment.Job instance at 0x14b6dbb382d0>,4,13,[2 8],5,17,30,12,6
1,<environment.Job instance at 0x14b6e26bf910>,2,3,[1 7],3,30,33,27,10
1,<environment.Job instance at 0x14b6dbb389b0>,11,2,[5 1],12,14,16,2,14
1,<environment.Job instance at 0x14b6dbb38af0>,12,2,[9 1],13,30,32,17,14
1,<environment.Job instance at 0x14b6dbb3a8c0>,1,15,[7 2],2,3,18,1,3
1,<environment.Job instance at 0x14b6dc09ad20>,6,3,[ 1 10],7,18,21,11,9
1,<environment.Job instance at 0x14b6dc09a2d0>,8,22,[2 9],9,24,46,15,24
1,<environment.Job instance at 0x14b6dc077e10>,0,3,[7 2],1,2,5,1,2
1,<environment.Job instance at 0x14b6dc0c6640>,1,2,[7 1],2,5,7,3,2
1,<environment.Job instance at 0x14b6e4ae5910>,6,2,[ 2 10],7,7,9,0,7
1,<environment.Job instance at 0x14b6e4c51280>,12,2,[6 1],13,15,17,2,15
1,<environment.Job instance at 0x14b6e4c515f0>,13,18,[9 1],14,20,38,6,20
1,<environment.Job instance at 0x14b6e603fcd0>,0,2,[ 1 10],1,2,4,1,2
1,<environment.Job instance at 0x14b6e4a60a00>,2,17,[7 2],3,4,21,1,4
1,<environment.Job instance at 0x14b6e00aefa0>,5,16,[8 1],6,21,37,15,10
1,<environment.Job instance at 0x14b6e00ae550>,6,3,[2 7],7,10,13,3,10
1,<environment.Job instance at 0x14b6e00aebe0>,10,3,[9 1],11,37,40,26,11
1,<environment.Job instance at 0x14b6e00ae280>,9,1,[2 9],10,21,22,11,16
1,<environment.Job instance at 0x14b6e00aed70>,11,17,[10  2],12,40,57,28,33
1,<environment.Job instance at 0x14b6df815500>,1,15,[2 9],2,4,19,2,4
1,<environment.Job instance at 0x14b6dce9eaa0>,5,2,[1 8],6,19,21,13,6
1,<environment.Job instance at 0x14b6dce6ac80>,9,13,[10  2],10,21,34,11,10
1,<environment.Job instance at 0x14b6dce9e780>,6,1,[1 5],7,34,35,27,11
1,<environment.Job instance at 0x14b6e4c3d9b0>,1,2,[5 2],2,2,4,0,2
1,<environment.Job instance at 0x14b6de74d460>,7,3,[1 6],8,9,12,1,9
1,<environment.Job instance at 0x14b6de44db40>,9,1,[ 2 10],10,12,13,2,11
1,<environment.Job instance at 0x14b6de44d140>,11,24,[1 8],12,13,37,1,13
1,<environment.Job instance at 0x14b6dce6ad70>,1,3,[8 1],2,3,6,1,3
1,<environment.Job instance at 0x14b6de439c30>,0,1,[7 1],1,6,7,5,5
1,<environment.Job instance at 0x14b6dfd17d70>,5,2,[10  2],6,7,9,1,6
1,<environment.Job instance at 0x14b6dff80870>,11,3,[8 2],12,14,17,2,14
1,<environment.Job instance at 0x14b6dff802d0>,12,18,[6 2],13,17,35,4,14
1,<environment.Job instance at 0x14b6dff805a0>,13,3,[9 1],14,35,38,21,14
1,<environment.Job instance at 0x14b6e01401e0>,4,3,[ 1 10],5,5,8,0,5
1,<environment.Job instance at 0x14b6e582c2d0>,9,2,[7 2],10,10,12,0,10
1,<environment.Job instance at 0x14b6e582ceb0>,11,2,[2 9],12,13,15,1,13
1,<environment.Job instance at 0x14b6eb291c30>,10,3,[1 8],11,15,18,4,14
1,<environment.Job instance at 0x14b6ed5a8b40>,13,3,[1 5],14,18,21,4,14
1,<environment.Job instance at 0x14b6e10bb820>,3,2,[9 1],4,7,9,3,7
1,<environment.Job instance at 0x14b6e546edc0>,5,3,[ 1 10],6,9,12,3,7
1,<environment.Job instance at 0x14b6e0e235f0>,10,3,[2 9],11,13,16,2,13
1,<environment.Job instance at 0x14b6e07cc6e0>,3,21,[ 2 10],4,4,25,0,4
1,<environment.Job instance at 0x14b6dfdba8c0>,4,3,[2 7],5,25,28,20,5
1,<environment.Job instance at 0x14b6e3c1a050>,6,3,[2 5],7,28,31,21,7
1,<environment.Job instance at 0x14b6e3c1ab40>,7,3,[1 5],8,28,31,20,8
1,<environment.Job instance at 0x14b6e3c1af00>,9,1,[2 5],10,31,32,21,12
1,<environment.Job instance at 0x14b6e3c1aaa0>,10,1,[8 2],11,25,26,14,12
1,<environment.Job instance at 0x14b6e3b701e0>,12,1,[2 5],13,31,32,18,21
1,<environment.Job instance at 0x14b6dafc0050>,3,12,[8 2],4,6,18,2,6
1,<environment.Job instance at 0x14b6dafc2640>,5,2,[2 6],6,8,10,2,8
1,<environment.Job instance at 0x14b6dafbeaf0>,10,1,[7 2],11,18,19,7,11
1,<environment.Job instance at 0x14b6dc258aa0>,4,18,[2 9],5,5,23,0,5
1,<environment.Job instance at 0x14b6db098690>,3,1,[8 1],4,5,6,1,5
1,<environment.Job instance at 0x14b6e0ef0320>,10,2,[ 1 10],11,23,25,12,11
1,<environment.Job instance at 0x14b6e0ef0910>,11,3,[5 1],12,17,20,5,17
1,<environment.Job instance at 0x14b6e0ef0370>,8,14,[7 2],9,25,39,16,20
1,<environment.Job instance at 0x14b6e8466d70>,1,2,[1 9],2,2,4,0,2
1,<environment.Job instance at 0x14b6e569c780>,2,3,[ 2 10],3,4,7,1,3
1,<environment.Job instance at 0x14b6e569c050>,4,2,[ 2 10],5,7,9,2,5
1,<environment.Job instance at 0x14b6e569cf50>,0,17,[10  1],1,9,26,8,6
1,<environment.Job instance at 0x14b6e6254e60>,6,3,[10  2],7,26,29,19,7
1,<environment.Job instance at 0x14b6e6254280>,7,1,[ 2 10],8,29,30,21,10
1,<environment.Job instance at 0x14b6e6254820>,3,2,[8 2],4,30,32,26,13
1,<environment.Job instance at 0x14b6e6254fa0>,13,16,[2 9],14,32,48,18,20
1,<environment.Job instance at 0x14b6e62547d0>,9,1,[5 1],10,32,33,22,25
1,<environment.Job instance at 0x14b6e25564b0>,1,3,[1 5],2,2,5,0,2
1,<environment.Job instance at 0x14b6e0f05820>,7,17,[2 6],8,8,25,0,8
1,<environment.Job instance at 0x14b6e0e32dc0>,12,1,[7 2],13,14,15,1,14
1,<environment.Job instance at 0x14b6e0e32460>,13,1,[7 1],14,15,16,1,14
1,<environment.Job instance at 0x14b6e6204730>,0,3,[2 7],1,25,28,24,22
1,<environment.Job instance at 0x14b6e5d5fb90>,1,1,[5 1],2,5,6,3,5
1,<environment.Job instance at 0x14b6dbe36820>,5,1,[2 7],6,9,10,3,9
1,<environment.Job instance at 0x14b6dbd05050>,10,2,[2 8],11,12,14,1,12
1,<environment.Job instance at 0x14b6dbdf5aa0>,13,1,[1 9],14,15,16,1,15
1,<environment.Job instance at 0x14b6e4d8fa50>,9,18,[8 1],10,10,28,0,10
1,<environment.Job instance at 0x14b6e4d8f5a0>,8,1,[5 2],9,28,29,19,13
1,<environment.Job instance at 0x14b6e4d8fdc0>,11,3,[ 2 10],12,29,32,17,13
1,<environment.Job instance at 0x14b6e8d5b730>,4,2,[9 2],5,5,7,0,5
1,<environment.Job instance at 0x14b6e9d0c7d0>,7,2,[8 2],8,8,10,0,8
1,<environment.Job instance at 0x14b6e596e550>,8,2,[10  1],9,10,12,1,10
1,<environment.Job instance at 0x14b6e596e730>,9,2,[1 5],10,14,16,4,14
1,<environment.Job instance at 0x14b6eacaa550>,13,2,[8 2],14,15,17,1,15
1,<environment.Job instance at 0x14b6eacaa780>,12,22,[9 1],13,20,42,7,20
1,<environment.Job instance at 0x14b6e4cca500>,1,2,[1 7],2,4,6,2,4
1,<environment.Job instance at 0x14b6ddb00a00>,4,18,[1 9],5,6,24,1,5
1,<environment.Job instance at 0x14b6ddb00230>,7,2,[2 5],8,24,26,16,9
1,<environment.Job instance at 0x14b6e6f30640>,5,3,[10  1],6,26,29,20,12
1,<environment.Job instance at 0x14b6ddb00aa0>,10,14,[2 5],11,29,43,18,14
1,<environment.Job instance at 0x14b6ddc1c8c0>,9,2,[2 6],10,43,45,33,16
1,<environment.Job instance at 0x14b6df3de640>,7,2,[7 1],8,8,10,0,8
1,<environment.Job instance at 0x14b6df7125a0>,8,13,[1 8],9,9,22,0,9
1,<environment.Job instance at 0x14b6df5961e0>,13,17,[9 1],14,14,31,0,14
1,<environment.Job instance at 0x14b6df6f6d70>,12,14,[1 8],13,22,36,9,17
1,<environment.Job instance at 0x14b6df0a1460>,2,1,[6 2],3,5,6,2,5
1,<environment.Job instance at 0x14b6def07d70>,6,3,[1 8],7,10,13,3,10
1,<environment.Job instance at 0x14b6deef5190>,10,14,[2 5],11,13,27,2,11
1,<environment.Job instance at 0x14b6def07be0>,5,3,[1 9],6,27,30,21,11
1,<environment.Job instance at 0x14b6def47e60>,13,2,[5 1],14,15,17,1,15
1,<environment.Job instance at 0x14b6e5f62140>,5,1,[8 2],6,6,7,0,6
1,<environment.Job instance at 0x14b6e5f62780>,7,2,[ 2 10],8,8,10,0,8
1,<environment.Job instance at 0x14b6e61b2820>,8,16,[2 6],9,13,29,4,13
1,<environment.Job instance at 0x14b6e61b2870>,12,1,[2 5],13,29,30,16,14
1,<environment.Job instance at 0x14b6e6256e60>,13,2,[7 1],14,14,16,0,14
1,<environment.Job instance at 0x14b6e62569b0>,1,2,[ 1 10],2,4,6,2,4
1,<environment.Job instance at 0x14b6e61b21e0>,4,2,[8 2],5,6,8,1,5
1,<environment.Job instance at 0x14b6e4198320>,6,17,[5 2],7,8,25,1,7
1,<environment.Job instance at 0x14b6de03fd20>,9,13,[8 2],10,25,38,15,10
1,<environment.Job instance at 0x14b6db024eb0>,10,3,[1 5],11,11,14,0,11
1,<environment.Job instance at 0x14b6e3472aa0>,2,1,[5 2],3,3,4,0,3
1,<environment.Job instance at 0x14b6e3472f50>,0,1,[8 1],1,5,6,4,5
1,<environment.Job instance at 0x14b6dca44e10>,5,3,[ 1 10],6,6,9,0,6
1,<environment.Job instance at 0x14b6dca44cd0>,7,2,[2 9],8,12,14,4,12
1,<environment.Job instance at 0x14b6dca3c460>,9,2,[1 6],10,15,17,5,15
1,<environment.Job instance at 0x14b6dca3c280>,10,3,[10  1],11,17,20,6,17
1,<environment.Job instance at 0x14b6ded359b0>,0,1,[10  1],1,5,6,4,5
1,<environment.Job instance at 0x14b6dd41d0f0>,4,14,[1 9],5,6,20,1,5
1,<environment.Job instance at 0x14b6dec15820>,10,2,[1 8],11,20,22,9,13
1,<environment.Job instance at 0x14b6dec15d70>,12,3,[2 7],13,22,25,9,15
1,<environment.Job instance at 0x14b6debea2d0>,0,1,[8 2],1,3,4,2,3
1,<environment.Job instance at 0x14b6dd3e79b0>,4,2,[7 2],5,5,7,0,5
1,<environment.Job instance at 0x14b6e062b870>,1,1,[2 6],2,6,7,4,6
1,<environment.Job instance at 0x14b6e6cc05f0>,6,15,[1 6],7,8,23,1,8
1,<environment.Job instance at 0x14b6e6cc0eb0>,7,1,[10  2],8,23,24,15,8
1,<environment.Job instance at 0x14b6e6cc00a0>,5,3,[1 7],6,24,27,18,8
1,<environment.Job instance at 0x14b6e6cc0d70>,8,3,[2 8],9,27,30,18,12
1,<environment.Job instance at 0x14b6ea675280>,12,1,[ 1 10],13,30,31,17,14
1,<environment.Job instance at 0x14b6ea675730>,13,3,[1 6],14,31,34,17,14
1,<environment.Job instance at 0x14b6e6cc04b0>,9,3,[6 1],10,14,17,4,14
1,<environment.Job instance at 0x14b6e6bad730>,4,3,[2 5],5,7,10,2,7
1,<environment.Job instance at 0x14b6de48b2d0>,6,12,[5 1],7,7,19,0,7
1,<environment.Job instance at 0x14b6e6bad780>,3,2,[10  1],4,19,21,15,14
1,<environment.Job instance at 0x14b6dd180280>,12,2,[10  2],13,21,23,8,18
1,<environment.Job instance at 0x14b6dd1d6730>,3,17,[2 8],4,5,22,1,5
1,<environment.Job instance at 0x14b6e32a8960>,6,2,[8 2],7,7,9,0,7
1,<environment.Job instance at 0x14b6e1ab0f00>,7,1,[5 1],8,9,10,1,8
1,<environment.Job instance at 0x14b6e1ab0b40>,9,16,[6 1],10,10,26,0,10
1,<environment.Job instance at 0x14b6e1ab0190>,10,3,[5 2],11,26,29,15,12
1,<environment.Job instance at 0x14b6dc173230>,6,2,[1 6],7,9,11,2,9
1,<environment.Job instance at 0x14b6dc40ef00>,7,2,[8 1],8,9,11,1,9
1,<environment.Job instance at 0x14b6e4d597d0>,3,1,[7 1],4,11,12,7,10
1,<environment.Job instance at 0x14b6e1811500>,11,1,[9 1],12,12,13,0,12
1,<environment.Job instance at 0x14b6e20d49b0>,10,1,[8 1],11,13,14,2,13
1,<environment.Job instance at 0x14b6e56c9550>,13,1,[2 7],14,16,17,2,16
1,<environment.Job instance at 0x14b6dc271c80>,2,1,[5 1],3,5,6,2,5
1,<environment.Job instance at 0x14b6dc1af640>,4,3,[2 5],5,5,8,0,5
1,<environment.Job instance at 0x14b6e38ac500>,3,3,[1 6],4,8,11,4,7
1,<environment.Job instance at 0x14b6e8244dc0>,6,18,[1 9],7,11,29,4,9
1,<environment.Job instance at 0x14b6e81e72d0>,11,1,[6 2],12,29,30,17,12
1,<environment.Job instance at 0x14b6e81e7fa0>,10,12,[2 7],11,29,41,18,16
1,<environment.Job instance at 0x14b6e81e7af0>,9,3,[8 2],10,30,33,20,17
1,<environment.Job instance at 0x14b6e81e7780>,7,16,[2 9],8,41,57,33,31
1,<environment.Job instance at 0x14b6e7f55f50>,2,3,[7 1],3,3,6,0,3
1,<environment.Job instance at 0x14b6e7f55960>,0,2,[ 1 10],1,6,8,5,3
1,<environment.Job instance at 0x14b6e03f1370>,4,2,[9 2],5,8,10,3,5
1,<environment.Job instance at 0x14b6e7f55460>,6,1,[1 8],7,9,10,2,9
1,<environment.Job instance at 0x14b6ddac5320>,8,3,[6 2],9,12,15,3,12
1,<environment.Job instance at 0x14b6ddac5500>,9,1,[2 7],10,13,14,3,13
1,<environment.Job instance at 0x14b6dec99f00>,13,2,[7 1],14,16,18,2,16
1,<environment.Job instance at 0x14b6dec99eb0>,3,1,[2 8],4,5,6,1,5
1,<environment.Job instance at 0x14b6db228690>,6,1,[9 1],7,7,8,0,7
1,<environment.Job instance at 0x14b6db752b40>,0,2,[1 9],1,5,7,4,5
1,<environment.Job instance at 0x14b6db621eb0>,4,14,[6 2],5,7,21,2,6
1,<environment.Job instance at 0x14b6e4f97cd0>,5,3,[9 1],6,21,24,15,8
1,<environment.Job instance at 0x14b6e4f97280>,6,3,[ 2 10],7,24,27,17,9
1,<environment.Job instance at 0x14b6e4f971e0>,7,3,[7 1],8,27,30,19,12
1,<environment.Job instance at 0x14b6e4481190>,10,2,[1 9],11,21,23,10,13
1,<environment.Job instance at 0x14b6e3f65140>,12,14,[1 5],13,27,41,14,13
1,<environment.Job instance at 0x14b6e3f654b0>,13,3,[5 1],14,30,33,16,16
1,<environment.Job instance at 0x14b6e440eb40>,0,24,[1 5],1,2,26,1,2
1,<environment.Job instance at 0x14b6e440e3c0>,4,1,[1 5],5,5,6,0,5
1,<environment.Job instance at 0x14b6e93abaf0>,8,1,[5 2],9,9,10,0,9
1,<environment.Job instance at 0x14b6e93abe10>,6,2,[2 7],7,26,28,19,9
1,<environment.Job instance at 0x14b6e2b628c0>,10,3,[8 1],11,12,15,1,12
1,<environment.Job instance at 0x14b6e2b62c30>,13,3,[ 1 10],14,28,31,14,14
1,<environment.Job instance at 0x14b6e64a15f0>,1,18,[1 5],2,3,21,1,3
1,<environment.Job instance at 0x14b6de50bc80>,5,2,[5 1],6,6,8,0,6
1,<environment.Job instance at 0x14b6e0f454b0>,3,14,[10  1],4,21,35,17,8
1,<environment.Job instance at 0x14b6df74ab40>,9,2,[1 6],10,35,37,25,12
1,<environment.Job instance at 0x14b6dfd0ffa0>,12,2,[1 7],13,37,39,24,15
1,<environment.Job instance at 0x14b6e754b1e0>,0,1,[6 1],1,4,5,3,4
1,<environment.Job instance at 0x14b6e48db640>,4,2,[2 5],5,7,9,2,7
1,<environment.Job instance at 0x14b6e83b9910>,6,1,[7 2],7,7,8,0,7
1,<environment.Job instance at 0x14b6e494adc0>,10,2,[1 8],11,11,13,0,11
1,<environment.Job instance at 0x14b6e202d910>,3,1,[1 8],4,4,5,0,4
1,<environment.Job instance at 0x14b6e4a0d050>,2,2,[7 1],3,5,7,2,5
1,<environment.Job instance at 0x14b6e21455f0>,7,1,[6 2],8,8,9,0,8
1,<environment.Job instance at 0x14b6e1f843c0>,9,18,[9 2],10,10,28,0,10
1,<environment.Job instance at 0x14b6e3082e60>,12,16,[1 5],13,15,31,2,15
1,<environment.Job instance at 0x14b6e3082230>,13,3,[1 7],14,31,34,17,15
1,<environment.Job instance at 0x14b6e4f63e10>,11,2,[2 9],12,34,36,22,15
1,<environment.Job instance at 0x14b6e827bd70>,6,16,[10  2],7,9,25,2,9
1,<environment.Job instance at 0x14b6e7e49410>,11,2,[5 1],12,25,27,13,12
1,<environment.Job instance at 0x14b6e701d910>,3,3,[2 6],4,5,8,1,5
1,<environment.Job instance at 0x14b6e701db90>,2,12,[6 2],3,6,18,3,6
1,<environment.Job instance at 0x14b6e7ebe410>,8,2,[1 9],9,18,20,9,12
1,<environment.Job instance at 0x14b6e63974b0>,10,1,[2 6],11,14,15,3,14
1,<environment.Job instance at 0x14b6e80632d0>,2,3,[9 1],3,3,6,0,3
1,<environment.Job instance at 0x14b6e5037d70>,1,2,[10  1],2,6,8,4,3
1,<environment.Job instance at 0x14b6e198e640>,5,1,[6 2],6,11,12,5,11
1,<environment.Job instance at 0x14b6e198e500>,9,3,[10  1],10,12,15,2,11
1,<environment.Job instance at 0x14b6e198edc0>,12,3,[2 7],13,19,22,6,19
1,<environment.Job instance at 0x14b6e69ba910>,1,2,[2 5],2,2,4,0,2
1,<environment.Job instance at 0x14b6e07f54b0>,4,2,[2 6],5,8,10,3,8
1,<environment.Job instance at 0x14b6e69baa50>,5,1,[10  2],6,10,11,4,9
1,<environment.Job instance at 0x14b6e69ba370>,6,18,[5 2],7,11,29,4,9
1,<environment.Job instance at 0x14b6e0c9d320>,12,2,[5 1],13,13,15,0,13
1,<environment.Job instance at 0x14b6e409c230>,1,15,[7 2],2,4,19,2,4
1,<environment.Job instance at 0x14b6e0c9d550>,2,1,[1 8],3,6,7,3,6
1,<environment.Job instance at 0x14b6e1ea0a00>,3,2,[9 2],4,19,21,15,7
1,<environment.Job instance at 0x14b6dd5f9aa0>,6,1,[7 2],7,21,22,14,9
1,<environment.Job instance at 0x14b6e8213dc0>,5,20,[9 2],6,22,42,16,15
1,<environment.Job instance at 0x14b6e26ecdc0>,10,3,[2 9],11,42,45,31,17
1,<environment.Job instance at 0x14b6dc73b280>,3,1,[2 5],4,5,6,1,5
1,<environment.Job instance at 0x14b6db735500>,9,1,[2 5],10,10,11,0,10
1,<environment.Job instance at 0x14b6db735e10>,7,12,[6 2],8,11,23,3,11
1,<environment.Job instance at 0x14b6db10c640>,13,3,[10  2],14,23,26,9,14
1,<environment.Job instance at 0x14b6ddba4fa0>,1,2,[ 2 10],2,5,7,3,5
1,<environment.Job instance at 0x14b6e5035d70>,2,16,[9 2],3,7,23,4,5
1,<environment.Job instance at 0x14b6e4a41050>,0,1,[2 6],1,23,24,22,7
1,<environment.Job instance at 0x14b6e82eedc0>,6,1,[9 1],7,24,25,17,7
1,<environment.Job instance at 0x14b6e82ee370>,10,3,[ 1 10],11,25,28,14,11
1,<environment.Job instance at 0x14b6e82ee1e0>,11,1,[9 2],12,28,29,16,14
1,<environment.Job instance at 0x14b6e82c8fa0>,0,3,[1 5],1,1,4,0,1
1,<environment.Job instance at 0x14b6e82c82d0>,2,3,[1 6],3,4,7,1,4
1,<environment.Job instance at 0x14b6e1b9e0f0>,5,1,[1 7],6,7,8,1,6
1,<environment.Job instance at 0x14b6e1b9e500>,4,1,[2 5],5,8,9,3,6
1,<environment.Job instance at 0x14b6e1b9eeb0>,6,2,[5 2],7,8,10,1,8
1,<environment.Job instance at 0x14b6e1b9ee60>,8,1,[8 1],9,10,11,1,10
1,<environment.Job instance at 0x14b6e1b9e370>,10,21,[2 5],11,13,34,2,13
1,<environment.Job instance at 0x14b6e7116960>,13,2,[1 6],14,34,36,20,14
1,<environment.Job instance at 0x14b6e30c4460>,0,15,[1 5],1,1,16,0,1
1,<environment.Job instance at 0x14b6e6021b40>,4,18,[1 9],5,16,34,11,6
1,<environment.Job instance at 0x14b6e48d1460>,6,1,[5 2],7,10,11,3,10
1,<environment.Job instance at 0x14b6dcda02d0>,7,1,[5 1],8,11,12,3,11
1,<environment.Job instance at 0x14b6e2ab1eb0>,9,3,[8 2],10,12,15,2,11
1,<environment.Job instance at 0x14b6e687b230>,11,3,[2 7],12,34,37,22,12
1,<environment.Job instance at 0x14b6dab658c0>,8,15,[2 9],9,37,52,28,23
1,<environment.Job instance at 0x14b6e53e25a0>,0,2,[6 2],1,2,4,1,2
1,<environment.Job instance at 0x14b6e146b640>,1,2,[7 2],2,4,6,2,4
1,<environment.Job instance at 0x14b6e3436820>,6,3,[2 9],7,7,10,0,7
1,<environment.Job instance at 0x14b6e3436b90>,4,18,[1 7],5,10,28,5,7
1,<environment.Job instance at 0x14b6e34363c0>,7,2,[2 6],8,28,30,20,8
1,<environment.Job instance at 0x14b6e3436c80>,5,1,[2 6],6,30,31,24,10
1,<environment.Job instance at 0x14b6e461a190>,12,2,[10  2],13,31,33,18,14
1,<environment.Job instance at 0x14b6e3436460>,9,3,[7 1],10,18,21,8,18
1,<environment.Job instance at 0x14b6e170c1e0>,2,3,[8 2],3,5,8,2,5
1,<environment.Job instance at 0x14b6df4c9c80>,6,17,[6 1],7,8,25,1,7
1,<environment.Job instance at 0x14b6e0f8ec80>,11,17,[9 1],12,25,42,13,13
1,<environment.Job instance at 0x14b6dcda05a0>,1,2,[2 5],2,19,21,17,19
1,<environment.Job instance at 0x14b6dee0d960>,12,15,[1 7],13,21,36,8,20
1,<environment.Job instance at 0x14b6e6c12730>,1,2,[1 5],2,3,5,1,3
1,<environment.Job instance at 0x14b6ddb859b0>,10,1,[5 1],11,13,14,2,13
1,<environment.Job instance at 0x14b6dd5e4be0>,7,26,[7 2],8,14,40,6,13
1,<environment.Job instance at 0x14b6dad563c0>,5,1,[ 2 10],6,7,8,1,7
1,<environment.Job instance at 0x14b6dd5f1320>,3,1,[2 7],4,8,9,4,8
1,<environment.Job instance at 0x14b6dad56aa0>,4,2,[1 8],5,9,11,4,9
1,<environment.Job instance at 0x14b6df5bdaf0>,7,1,[2 9],8,11,12,3,9
1,<environment.Job instance at 0x14b6df5bd140>,8,2,[1 8],9,12,14,3,12
1,<environment.Job instance at 0x14b6e5b5cd70>,12,1,[1 9],13,15,16,2,15
1,<environment.Job instance at 0x14b6df5bd910>,11,3,[1 8],12,16,19,4,15
1,<environment.Job instance at 0x14b6e5b5caa0>,13,3,[ 2 10],14,19,22,5,19
1,<environment.Job instance at 0x14b6e2c27aa0>,4,2,[8 2],5,6,8,1,6
1,<environment.Job instance at 0x14b6dda0abe0>,6,1,[2 9],7,9,10,2,9
1,<environment.Job instance at 0x14b6dd953780>,10,3,[1 6],11,15,18,4,15
1,<environment.Job instance at 0x14b6de05ec30>,3,1,[2 9],4,4,5,0,4
1,<environment.Job instance at 0x14b6e3024370>,1,3,[1 8],2,6,9,4,6
1,<environment.Job instance at 0x14b6de23d730>,8,1,[2 6],9,11,12,2,11
1,<environment.Job instance at 0x14b6de23d5a0>,10,2,[1 9],11,12,14,1,11
1,<environment.Job instance at 0x14b6de23dc80>,12,16,[1 9],13,17,33,4,17
1,<environment.Job instance at 0x14b6e00d4280>,1,2,[10  2],2,6,8,4,6
1,<environment.Job instance at 0x14b6e00d4b40>,3,1,[9 2],4,8,9,4,6
1,<environment.Job instance at 0x14b6e7115780>,4,16,[7 2],5,9,25,4,8
1,<environment.Job instance at 0x14b6e23d4b90>,12,16,[1 8],13,15,31,2,15
1,<environment.Job instance at 0x14b6e23d4c80>,13,2,[7 2],14,25,27,11,15
1,<environment.Job instance at 0x14b6e23d4690>,9,26,[9 1],10,27,53,17,26
1,<environment.Job instance at 0x14b6dd9538c0>,1,2,[8 2],2,2,4,0,2
1,<environment.Job instance at 0x14b6e7bae4b0>,4,16,[1 8],5,6,22,1,6
1,<environment.Job instance at 0x14b6e7bae780>,9,2,[9 1],10,11,13,1,11
1,<environment.Job instance at 0x14b6e7bae6e0>,5,2,[1 5],6,22,24,16,14
1,<environment.Job instance at 0x14b6e7c32dc0>,12,13,[1 6],13,24,37,11,14
1,<environment.Job instance at 0x14b6de23d640>,1,2,[5 1],2,4,6,2,4
1,<environment.Job instance at 0x14b6e810dc80>,2,1,[1 6],3,5,6,2,5
1,<environment.Job instance at 0x14b6e810d500>,3,2,[10  1],4,6,8,2,5
1,<environment.Job instance at 0x14b6e305baf0>,7,1,[1 6],8,8,9,0,8
1,<environment.Job instance at 0x14b6e305b780>,9,17,[1 7],10,13,30,3,13
1,<environment.Job instance at 0x14b6e305b5a0>,12,21,[7 1],13,13,34,0,13
1,<environment.Job instance at 0x14b6e305b370>,13,3,[1 9],14,30,33,16,17
1,<environment.Job instance at 0x14b6db153fa0>,4,1,[1 8],5,5,6,0,5
1,<environment.Job instance at 0x14b6db12d870>,7,2,[1 9],8,9,11,1,9
1,<environment.Job instance at 0x14b6e727d9b0>,9,16,[1 8],10,12,28,2,12
1,<environment.Job instance at 0x14b6db153d70>,3,1,[1 7],4,28,29,24,13
1,<environment.Job instance at 0x14b6e4c26190>,12,1,[9 1],13,18,19,5,18
1,<environment.Job instance at 0x14b6db6f49b0>,11,19,[1 5],12,29,48,17,24
1,<environment.Job instance at 0x14b6e797caf0>,0,15,[2 9],1,2,17,1,2
1,<environment.Job instance at 0x14b6e343f5f0>,5,3,[1 9],6,17,20,11,6
1,<environment.Job instance at 0x14b6e813c190>,11,1,[10  2],12,28,29,16,28
1,<environment.Job instance at 0x14b6e1d033c0>,1,2,[1 6],2,2,4,0,2
1,<environment.Job instance at 0x14b6dcdbfd20>,4,12,[5 1],5,12,24,7,12
1,<environment.Job instance at 0x14b6e2bab8c0>,10,2,[2 6],11,12,14,1,12
1,<environment.Job instance at 0x14b6e7de78c0>,13,1,[8 1],14,24,25,10,15
1,<environment.Job instance at 0x14b6e27c5c80>,12,2,[1 9],13,16,18,3,16
1,<environment.Job instance at 0x14b6df7836e0>,0,2,[2 6],1,3,5,2,3
1,<environment.Job instance at 0x14b6dbcd10f0>,3,3,[9 2],4,5,8,1,5
1,<environment.Job instance at 0x14b6dc43c780>,6,2,[5 2],7,8,10,1,8
1,<environment.Job instance at 0x14b6dc43ceb0>,8,19,[2 9],9,10,29,1,9
1,<environment.Job instance at 0x14b6dc43cc80>,9,2,[1 6],10,29,31,19,11
1,<environment.Job instance at 0x14b6dc43c0a0>,11,1,[1 9],12,31,32,19,12
1,<environment.Job instance at 0x14b6dc43c140>,13,2,[ 1 10],14,32,34,18,15
1,<environment.Job instance at 0x14b6dc43cc30>,10,17,[2 8],11,34,51,23,22
1,<environment.Job instance at 0x14b6dc43cc30>,2,3,[1 8],3,6,9,3,6
1,<environment.Job instance at 0x14b6e4307d70>,5,3,[8 1],6,6,9,0,6
1,<environment.Job instance at 0x14b6e3886190>,4,25,[7 1],5,9,34,4,7
1,<environment.Job instance at 0x14b6e3886280>,7,1,[6 2],8,34,35,26,9
1,<environment.Job instance at 0x14b6e0d12e10>,9,1,[2 9],10,11,12,1,11
1,<environment.Job instance at 0x14b6e3886910>,8,3,[1 6],9,12,15,3,12
1,<environment.Job instance at 0x14b6e0d12af0>,10,3,[2 6],11,15,18,4,13
1,<environment.Job instance at 0x14b6df091cd0>,13,12,[1 5],14,19,31,5,19
1,<environment.Job instance at 0x14b6de8a86e0>,12,17,[ 2 10],13,35,52,22,24
1,<environment.Job instance at 0x14b6e38867d0>,1,27,[9 1],2,3,30,1,3
1,<environment.Job instance at 0x14b6e67ef460>,6,1,[8 1],7,30,31,23,7
1,<environment.Job instance at 0x14b6e67ef910>,7,1,[2 8],8,30,31,22,9
1,<environment.Job instance at 0x14b6e67ef780>,8,1,[7 2],9,31,32,22,9
1,<environment.Job instance at 0x14b6e63e4230>,13,17,[6 2],14,32,49,18,25
1,<environment.Job instance at 0x14b6e3a06870>,0,3,[5 2],1,1,4,0,1
1,<environment.Job instance at 0x14b6e3a06cd0>,1,1,[2 7],2,7,8,5,7
1,<environment.Job instance at 0x14b6e6bd21e0>,9,12,[2 7],10,11,23,1,11
1,<environment.Job instance at 0x14b6df565d70>,11,1,[1 6],12,23,24,11,13
1,<environment.Job instance at 0x14b6de433aa0>,7,13,[5 1],8,18,31,10,18
1,<environment.Job instance at 0x14b6e36a9eb0>,13,3,[8 1],14,31,34,17,19
1,<environment.Job instance at 0x14b6e74a9190>,7,2,[1 7],8,10,12,2,10
1,<environment.Job instance at 0x14b6e2764d70>,6,3,[8 2],7,8,11,1,8
1,<environment.Job instance at 0x14b6ddac2b40>,7,2,[6 1],8,11,13,3,9
1,<environment.Job instance at 0x14b6e2764410>,5,1,[1 7],6,9,10,3,9
1,<environment.Job instance at 0x14b6e7767910>,1,23,[ 1 10],2,13,36,11,9
1,<environment.Job instance at 0x14b6e13322d0>,6,3,[5 2],7,7,10,0,7
1,<environment.Job instance at 0x14b6e3e58460>,5,1,[6 2],6,10,11,4,7
1,<environment.Job instance at 0x14b6e1332960>,4,16,[1 8],5,9,25,4,9
1,<environment.Job instance at 0x14b6e1332190>,7,2,[10  2],8,25,27,17,9
1,<environment.Job instance at 0x14b6e5f1ea50>,3,3,[ 1 10],4,4,7,0,4
1,<environment.Job instance at 0x14b6e7480a00>,1,17,[6 1],2,7,24,5,6
1,<environment.Job instance at 0x14b6e22cdb90>,5,2,[7 2],6,24,26,18,8
1,<environment.Job instance at 0x14b6e737f5f0>,0,2,[1 7],1,8,10,7,8
1,<environment.Job instance at 0x14b6e737f460>,8,1,[6 1],9,26,27,17,10
1,<environment.Job instance at 0x14b6e566a230>,10,1,[9 1],11,27,28,16,11
1,<environment.Job instance at 0x14b6e566ae10>,12,2,[1 5],13,13,15,0,13
1,<environment.Job instance at 0x14b6dc299230>,9,18,[1 6],10,16,34,6,16
1,<environment.Job instance at 0x14b6dd7f34b0>,13,1,[2 9],14,34,35,20,20
1,<environment.Job instance at 0x14b6debda500>,1,1,[5 1],2,3,4,1,3
1,<environment.Job instance at 0x14b6e82cb4b0>,4,2,[2 7],5,6,8,1,6
1,<environment.Job instance at 0x14b6e6f67dc0>,6,15,[9 2],7,8,23,1,7
1,<environment.Job instance at 0x14b6e6f67f00>,5,2,[10  1],6,23,25,17,9
1,<environment.Job instance at 0x14b6e6f67a50>,7,3,[9 2],8,25,28,17,9
1,<environment.Job instance at 0x14b6e6f67640>,10,2,[8 2],11,28,30,17,19
1,<environment.Job instance at 0x14b6e7a01050>,13,3,[2 7],14,28,31,14,19
1,<environment.Job instance at 0x14b6de04aa50>,0,1,[2 5],1,1,2,0,1
1,<environment.Job instance at 0x14b6de04a5a0>,1,2,[1 9],2,4,6,2,4
1,<environment.Job instance at 0x14b6dc3af5a0>,4,1,[1 5],5,6,7,1,5
1,<environment.Job instance at 0x14b6de04abe0>,3,3,[2 6],4,8,11,4,8
1,<environment.Job instance at 0x14b6e3c13190>,9,17,[2 5],10,11,28,1,10
1,<environment.Job instance at 0x14b6e2f01a00>,6,3,[10  1],7,28,31,21,10
1,<environment.Job instance at 0x14b6e4267cd0>,13,2,[ 2 10],14,31,33,17,15
1,<environment.Job instance at 0x14b6db9bf5f0>,6,3,[8 1],7,10,13,3,10
1,<environment.Job instance at 0x14b6db9bf5a0>,7,1,[2 8],8,11,12,3,11
1,<environment.Job instance at 0x14b6db9bf870>,10,17,[8 2],11,13,30,2,13
1,<environment.Job instance at 0x14b6db9bfa50>,11,3,[2 9],12,30,33,18,15
1,<environment.Job instance at 0x14b6db9bf7d0>,9,2,[ 1 10],10,33,35,23,17
1,<environment.Job instance at 0x14b6db9bfcd0>,13,3,[1 9],14,35,38,21,23
1,<environment.Job instance at 0x14b6db9bf910>,12,22,[ 2 10],13,38,60,25,31
1,<environment.Job instance at 0x14b6e40f40f0>,0,1,[5 2],1,1,2,0,1
1,<environment.Job instance at 0x14b6db9bf9b0>,1,1,[6 1],2,3,4,1,3
1,<environment.Job instance at 0x14b6e40f4a00>,4,3,[1 7],5,6,9,1,6
1,<environment.Job instance at 0x14b6e40f45f0>,6,16,[8 2],7,8,24,1,8
1,<environment.Job instance at 0x14b6e40f4690>,7,1,[1 6],8,10,11,2,10
1,<environment.Job instance at 0x14b6e40f4d20>,5,3,[2 5],6,11,14,5,10
1,<environment.Job instance at 0x14b6e03a3af0>,11,1,[10  2],12,24,25,12,12
1,<environment.Job instance at 0x14b6e03a3820>,8,14,[ 2 10],9,25,39,16,14
1,<environment.Job instance at 0x14b6e5f5cbe0>,3,3,[5 1],4,4,7,0,4
1,<environment.Job instance at 0x14b6e5f5c0a0>,2,3,[7 1],3,7,10,4,4
1,<environment.Job instance at 0x14b6db9ace60>,1,13,[2 6],2,5,18,3,5
1,<environment.Job instance at 0x14b6e59cb8c0>,5,3,[9 2],6,18,21,12,8
1,<environment.Job instance at 0x14b6dc33d4b0>,11,15,[9 2],12,21,36,9,12
1,<environment.Job instance at 0x14b6e50b6690>,13,1,[1 5],14,18,19,4,18
1,<environment.Job instance at 0x14b6e40f45a0>,1,3,[1 9],2,2,5,0,2
1,<environment.Job instance at 0x14b6e2d13960>,4,1,[7 2],5,5,6,0,5
1,<environment.Job instance at 0x14b6e4ea8b90>,6,3,[8 2],7,7,10,0,7
1,<environment.Job instance at 0x14b6dd4b7aa0>,0,2,[10  2],1,10,12,9,7
1,<environment.Job instance at 0x14b6e4ea8050>,5,1,[2 9],6,12,13,6,8
1,<environment.Job instance at 0x14b6daaafcd0>,9,2,[2 6],10,14,16,4,14
1,<environment.Job instance at 0x14b6e63adb90>,10,1,[ 1 10],11,16,17,5,15
1,<environment.Job instance at 0x14b6e2e943c0>,13,3,[8 2],14,20,23,6,20
1,<environment.Job instance at 0x14b6e03a30a0>,1,1,[7 1],2,4,5,2,4
1,<environment.Job instance at 0x14b6dc7ada50>,5,1,[6 1],6,6,7,0,6
1,<environment.Job instance at 0x14b6e633efa0>,6,2,[7 2],7,10,12,3,10
1,<environment.Job instance at 0x14b6e4918320>,1,13,[2 8],2,4,17,2,4
1,<environment.Job instance at 0x14b6dff10730>,7,3,[5 1],8,15,18,7,15
1,<environment.Job instance at 0x14b6e42f93c0>,12,3,[6 2],13,18,21,5,17
1,<environment.Job instance at 0x14b6e491dcd0>,2,2,[7 1],3,3,5,0,3
1,<environment.Job instance at 0x14b6dcbe7230>,5,1,[1 7],6,6,7,0,6
1,<environment.Job instance at 0x14b6e491d4b0>,4,1,[ 2 10],5,7,8,2,7
1,<environment.Job instance at 0x14b6dcbe7c80>,6,1,[8 1],7,8,9,1,8
1,<environment.Job instance at 0x14b6de5f6910>,8,17,[1 5],9,9,26,0,9
1,<environment.Job instance at 0x14b6de5f64b0>,11,2,[2 6],12,26,28,14,14
1,<environment.Job instance at 0x14b6dcd0dcd0>,12,3,[9 1],13,14,17,1,14
1,<environment.Job instance at 0x14b6deb87e60>,0,13,[1 6],1,2,15,1,2
1,<environment.Job instance at 0x14b6e6b9bcd0>,6,3,[8 1],7,7,10,0,7
1,<environment.Job instance at 0x14b6e6b9b730>,8,1,[1 7],9,15,16,6,9
1,<environment.Job instance at 0x14b6e6b9bf50>,9,2,[8 2],10,10,12,0,10
1,<environment.Job instance at 0x14b6e6b9bbe0>,7,3,[2 5],8,16,19,8,13
1,<environment.Job instance at 0x14b6dcd0df50>,1,2,[2 5],2,3,5,1,3
1,<environment.Job instance at 0x14b6e74ea9b0>,3,14,[5 1],4,6,20,2,6
1,<environment.Job instance at 0x14b6e5558320>,4,15,[ 2 10],5,20,35,15,8
1,<environment.Job instance at 0x14b6e3f3feb0>,13,3,[ 1 10],14,35,38,21,15
1,<environment.Job instance at 0x14b6df59e050>,0,3,[1 9],1,2,5,1,2
1,<environment.Job instance at 0x14b6df59eaa0>,3,24,[2 7],4,9,33,5,9
1,<environment.Job instance at 0x14b6e85f3f00>,9,2,[8 2],10,10,12,0,10
1,<environment.Job instance at 0x14b6e85f3960>,4,1,[1 9],5,33,34,28,12
1,<environment.Job instance at 0x14b6c82a5190>,12,2,[1 7],13,34,36,21,15
1,<environment.Job instance at 0x14b6c82a5280>,13,1,[9 1],14,33,34,19,15
1,<environment.Job instance at 0x14b6e85f3b90>,8,18,[1 7],9,36,54,27,26
1,<environment.Job instance at 0x14b6dc678640>,3,2,[1 5],4,4,6,0,4
1,<environment.Job instance at 0x14b6dffd1b90>,7,15,[2 8],8,8,23,0,8
1,<environment.Job instance at 0x14b6dc678af0>,5,1,[9 2],6,23,24,17,8
1,<environment.Job instance at 0x14b6dffd1820>,8,3,[10  2],9,24,27,15,10
1,<environment.Job instance at 0x14b6dffd14b0>,10,1,[7 2],11,11,12,0,11
1,<environment.Job instance at 0x14b6dffd1370>,12,3,[10  2],13,27,30,14,13
1,<environment.Job instance at 0x14b6dfc2e6e0>,0,3,[8 2],1,3,6,2,3
1,<environment.Job instance at 0x14b6e33882d0>,6,2,[1 6],7,7,9,0,7
1,<environment.Job instance at 0x14b6e07cc050>,8,1,[1 8],9,9,10,0,9
1,<environment.Job instance at 0x14b6e07cc9b0>,9,2,[10  2],10,13,15,3,13
1,<environment.Job instance at 0x14b6e07cc2d0>,10,14,[6 1],11,15,29,4,13
1,<environment.Job instance at 0x14b6e07ccc30>,13,2,[1 6],14,17,19,3,17
1,<environment.Job instance at 0x14b6e122a320>,2,2,[7 1],3,5,7,2,5
1,<environment.Job instance at 0x14b6dde15050>,0,3,[6 1],1,7,10,6,5
1,<environment.Job instance at 0x14b6db421410>,6,12,[2 6],7,10,22,3,10
1,<environment.Job instance at 0x14b6de181910>,10,12,[6 2],11,15,27,4,15
1,<environment.Job instance at 0x14b6dea78280>,12,3,[2 5],13,22,25,9,15
1,<environment.Job instance at 0x14b6e6b43aa0>,1,27,[9 2],2,4,31,2,4
1,<environment.Job instance at 0x14b6dab89e60>,5,12,[1 8],6,6,18,0,6
1,<environment.Job instance at 0x14b6dcd9a640>,8,3,[8 2],9,31,34,22,10
1,<environment.Job instance at 0x14b6dcd9af00>,11,2,[1 8],12,18,20,6,16
1,<environment.Job instance at 0x14b6dcd9a460>,13,1,[9 2],14,34,35,20,20
1,<environment.Job instance at 0x14b6dcd9a9b0>,7,13,[10  1],8,35,48,27,20
1,<environment.Job instance at 0x14b6e00608c0>,3,2,[9 1],4,6,8,2,6
1,<environment.Job instance at 0x14b6e0060460>,5,3,[ 1 10],6,8,11,2,7
1,<environment.Job instance at 0x14b6e21490f0>,4,3,[8 1],5,11,14,6,7
1,<environment.Job instance at 0x14b6e0c80550>,7,3,[1 8],8,11,14,3,9
1,<environment.Job instance at 0x14b6db5e1f00>,8,3,[1 9],9,14,17,5,11
1,<environment.Job instance at 0x14b6db792c80>,13,17,[1 8],14,17,34,3,14
1,<environment.Job instance at 0x14b6db78f1e0>,0,3,[5 2],1,1,4,0,1
1,<environment.Job instance at 0x14b6e0965fa0>,4,3,[1 6],5,5,8,0,5
1,<environment.Job instance at 0x14b6defc6960>,2,18,[1 7],3,8,26,5,6
1,<environment.Job instance at 0x14b6e09653c0>,5,16,[6 2],6,7,23,1,7
1,<environment.Job instance at 0x14b6e0965960>,6,1,[ 2 10],7,26,27,19,9
1,<environment.Job instance at 0x14b6e0965c30>,8,2,[6 1],9,23,25,14,10
1,<environment.Job instance at 0x14b6e0965460>,9,1,[2 9],10,27,28,17,17
1,<environment.Job instance at 0x14b6dd1a4140>,13,1,[2 7],14,28,29,14,23
1,<environment.Job instance at 0x14b6ded35f00>,5,2,[8 2],6,7,9,1,7
1,<environment.Job instance at 0x14b6de404230>,7,15,[ 2 10],8,10,25,2,10
1,<environment.Job instance at 0x14b6dd82c320>,3,2,[2 8],4,25,27,21,12
1,<environment.Job instance at 0x14b6dc0049b0>,10,1,[1 5],11,27,28,16,16
1,<environment.Job instance at 0x14b6db7e0460>,11,2,[8 2],12,25,27,13,16
1,<environment.Job instance at 0x14b6df0117d0>,2,2,[1 5],3,4,6,1,4
1,<environment.Job instance at 0x14b6e5d3c730>,6,19,[8 2],7,7,26,0,7
1,<environment.Job instance at 0x14b6e5d3c5a0>,7,2,[10  2],8,26,28,18,10
1,<environment.Job instance at 0x14b6e14b3230>,10,2,[2 9],11,28,30,17,12
1,<environment.Job instance at 0x14b6e14b3190>,12,1,[2 6],13,13,14,0,13
1,<environment.Job instance at 0x14b6e14b33c0>,13,1,[1 7],14,14,15,0,14
1,<environment.Job instance at 0x14b6e5d3c640>,11,2,[9 2],12,30,32,18,17
1,<environment.Job instance at 0x14b6e4134050>,1,2,[1 9],2,2,4,0,2
1,<environment.Job instance at 0x14b6e4134690>,3,15,[1 9],4,6,21,2,6
1,<environment.Job instance at 0x14b6dcffe3c0>,10,1,[6 2],11,21,22,10,11
1,<environment.Job instance at 0x14b6df73c4b0>,7,2,[1 6],8,21,23,13,12
1,<environment.Job instance at 0x14b6e18c3cd0>,11,1,[2 8],12,23,24,11,12
1,<environment.Job instance at 0x14b6e18c32d0>,13,1,[6 2],14,22,23,8,14
1,<environment.Job instance at 0x14b6e9c5b550>,2,3,[2 6],3,4,7,1,4
1,<environment.Job instance at 0x14b6e8b50280>,1,1,[2 6],2,7,8,5,4
1,<environment.Job instance at 0x14b6ebdc0d70>,8,2,[9 2],9,10,12,1,10
1,<environment.Job instance at 0x14b6e8b50050>,0,2,[5 1],1,12,14,11,10
1,<environment.Job instance at 0x14b6e9fc0230>,9,1,[8 1],10,14,15,4,11
1,<environment.Job instance at 0x14b6e4a5c640>,10,13,[5 2],11,15,28,4,12
1,<environment.Job instance at 0x14b6e4a5c460>,13,1,[1 5],14,15,16,1,15
1,<environment.Job instance at 0x14b6e39c7640>,4,2,[1 7],5,5,7,0,5
1,<environment.Job instance at 0x14b6e39c7550>,3,2,[5 2],4,5,7,1,5
1,<environment.Job instance at 0x14b6e39c7e10>,2,16,[7 2],3,7,23,4,5
1,<environment.Job instance at 0x14b6e39c7410>,0,3,[8 2],1,23,26,22,10
1,<environment.Job instance at 0x14b6da57e0a0>,1,2,[10  1],2,26,28,24,10
1,<environment.Job instance at 0x14b6e61bef50>,10,2,[7 2],11,28,30,17,15
1,<environment.Job instance at 0x14b6e28925a0>,11,12,[ 2 10],12,30,42,18,16
1,<environment.Job instance at 0x14b6dc102e10>,8,15,[6 1],9,42,57,33,33
1,<environment.Job instance at 0x14b6dcac0c30>,8,2,[ 1 10],9,9,11,0,9
1,<environment.Job instance at 0x14b6dfd170f0>,6,20,[7 1],7,11,31,4,10
1,<environment.Job instance at 0x14b6e36a9e60>,7,1,[5 2],8,31,32,23,11
1,<environment.Job instance at 0x14b6dea78b90>,12,1,[2 6],13,14,15,1,14
1,<environment.Job instance at 0x14b6e85c5730>,4,17,[2 6],5,5,22,0,5
1,<environment.Job instance at 0x14b6e85c5b40>,6,1,[9 1],7,22,23,15,8
1,<environment.Job instance at 0x14b6e8638aa0>,12,2,[1 7],13,22,24,9,14
1,<environment.Job instance at 0x14b6e42f9140>,3,12,[1 8],4,4,16,0,4
1,<environment.Job instance at 0x14b6e42f95a0>,2,12,[6 1],3,4,16,1,4
1,<environment.Job instance at 0x14b6e7b59230>,4,2,[8 1],5,16,18,11,6
1,<environment.Job instance at 0x14b6e6dda640>,6,2,[1 5],7,16,18,9,8
1,<environment.Job instance at 0x14b6e6dda870>,8,2,[10  1],9,18,20,9,9
1,<environment.Job instance at 0x14b6e6dda4b0>,9,2,[6 1],10,20,22,10,11
1,<environment.Job instance at 0x14b6e6dda960>,11,1,[1 7],12,20,21,8,14
1,<environment.Job instance at 0x14b6e6dda730>,7,16,[1 7],8,21,37,13,17
1,<environment.Job instance at 0x14b6e2bf85f0>,0,1,[10  1],1,3,4,2,3
1,<environment.Job instance at 0x14b6e3358870>,3,3,[5 2],4,10,13,6,10
1,<environment.Job instance at 0x14b6de23f5f0>,7,3,[6 1],8,13,16,5,11
1,<environment.Job instance at 0x14b6de23f7d0>,6,22,[1 7],7,12,34,5,12
1,<environment.Job instance at 0x14b6de23fd70>,10,2,[7 1],11,16,18,5,13
1,<environment.Job instance at 0x14b6dabab230>,12,1,[1 7],13,34,35,21,14
1,<environment.Job instance at 0x14b6dabab730>,11,3,[2 7],12,35,38,23,14
1,<environment.Job instance at 0x14b6dac39500>,0,16,[7 2],1,2,18,1,2
1,<environment.Job instance at 0x14b6df2c3050>,2,1,[2 8],3,3,4,0,3
1,<environment.Job instance at 0x14b6e34c33c0>,5,2,[7 1],6,18,20,12,6
1,<environment.Job instance at 0x14b6dac39b40>,3,1,[5 2],4,20,21,16,6
1,<environment.Job instance at 0x14b6e38227d0>,10,1,[8 2],11,21,22,10,12
1,<environment.Job instance at 0x14b6dbad9460>,11,16,[1 7],12,13,29,1,13
1,<environment.Job instance at 0x14b6e6b0ff00>,4,1,[ 2 10],5,6,7,1,6
1,<environment.Job instance at 0x14b6dde34500>,0,18,[1 8],1,10,28,9,10
1,<environment.Job instance at 0x14b6e6b0faa0>,9,2,[2 9],10,28,30,18,10
1,<environment.Job instance at 0x14b6e6b0fbe0>,7,2,[7 1],8,11,13,3,11
1,<environment.Job instance at 0x14b6e6b0f460>,11,3,[2 8],12,30,33,18,13
1,<environment.Job instance at 0x14b6e73cd960>,2,2,[2 7],3,4,6,1,4
1,<environment.Job instance at 0x14b6e4dfd0a0>,4,2,[7 1],5,5,7,0,5
1,<environment.Job instance at 0x14b6e73cd640>,3,3,[1 7],4,9,12,5,9
1,<environment.Job instance at 0x14b6e78d8640>,12,3,[2 7],13,23,26,10,23
1,<environment.Job instance at 0x14b6e33e3280>,2,2,[1 6],3,3,5,0,3
1,<environment.Job instance at 0x14b6e51f2f50>,3,2,[1 5],4,6,8,2,6
1,<environment.Job instance at 0x14b6e055ba50>,1,3,[1 9],2,8,11,6,8
1,<environment.Job instance at 0x14b6e5202230>,7,2,[2 9],8,11,13,3,9
1,<environment.Job instance at 0x14b6e52025a0>,9,17,[9 2],10,13,30,3,10
1,<environment.Job instance at 0x14b6e5202910>,12,18,[10  1],13,30,48,17,19
1,<environment.Job instance at 0x14b6e5202870>,4,17,[1 7],5,5,22,0,5
1,<environment.Job instance at 0x14b6e2b80f00>,5,2,[6 2],6,6,8,0,6
1,<environment.Job instance at 0x14b6e51f95a0>,1,1,[5 2],2,8,9,6,7
1,<environment.Job instance at 0x14b6e2b80be0>,7,18,[2 6],8,22,40,14,11
1,<environment.Job instance at 0x14b6dff77eb0>,13,2,[2 5],14,40,42,26,14
1,<environment.Job instance at 0x14b6dff77a50>,10,3,[9 2],11,14,17,3,14
1,<environment.Job instance at 0x14b6dff775f0>,12,3,[9 2],13,42,45,29,21
1,<environment.Job instance at 0x14b6dec2a730>,0,28,[10  2],1,1,29,0,1
1,<environment.Job instance at 0x14b6dff77b40>,3,3,[2 6],4,29,32,25,7
1,<environment.Job instance at 0x14b6dd856820>,7,2,[1 5],8,32,34,24,8
1,<environment.Job instance at 0x14b6dd856fa0>,5,12,[10  1],6,34,46,28,18
1,<environment.Job instance at 0x14b6def34190>,2,17,[1 9],3,46,63,43,37
1,<environment.Job instance at 0x14b6ea40ad20>,1,15,[10  2],2,3,18,1,3
1,<environment.Job instance at 0x14b6db252fa0>,0,2,[1 6],1,18,20,17,3
1,<environment.Job instance at 0x14b6db2528c0>,3,1,[1 6],4,20,21,16,5
1,<environment.Job instance at 0x14b6e58761e0>,6,1,[2 9],7,21,22,14,10
1,<environment.Job instance at 0x14b6e2ac31e0>,9,1,[8 1],10,18,19,8,10
1,<environment.Job instance at 0x14b6e7f55f50>,10,2,[2 6],11,22,24,11,12
1,<environment.Job instance at 0x14b6e05edf00>,8,1,[2 5],9,24,25,15,13
1,<environment.Job instance at 0x14b6e64f35f0>,3,1,[2 8],4,4,5,0,4
1,<environment.Job instance at 0x14b6e4de5500>,6,17,[2 7],7,7,24,0,7
1,<environment.Job instance at 0x14b6de8f0f50>,10,13,[6 1],11,11,24,0,11
1,<environment.Job instance at 0x14b6de8f0dc0>,12,2,[2 7],13,24,26,11,14
1,<environment.Job instance at 0x14b6e4de56e0>,9,1,[10  1],10,26,27,16,16
1,<environment.Job instance at 0x14b6e307ad70>,5,15,[6 1],6,7,22,1,7
1,<environment.Job instance at 0x14b6e27e3cd0>,10,12,[1 9],11,12,24,1,12
1,<environment.Job instance at 0x14b6e6f43280>,13,1,[7 1],14,22,23,8,20
1,<environment.Job instance at 0x14b6e9852a00>,8,14,[ 2 10],9,24,38,15,21
1,<environment.Job instance at 0x14b6e61d3a00>,3,1,[6 2],4,9,10,5,9
1,<environment.Job instance at 0x14b6e01a8140>,7,3,[10  1],8,10,13,2,9
1,<environment.Job instance at 0x14b6ea40a2d0>,1,15,[7 2],2,13,28,11,12
1,<environment.Job instance at 0x14b6e01a86e0>,6,3,[ 1 10],7,28,31,21,12
1,<environment.Job instance at 0x14b6e01a8780>,9,12,[1 8],10,16,28,6,16
1,<environment.Job instance at 0x14b6e01a8fa0>,11,1,[5 2],12,31,32,19,17
1,<environment.Job instance at 0x14b6e6bb4410>,7,2,[5 1],8,10,12,2,10
1,<environment.Job instance at 0x14b6df7aa190>,10,13,[6 2],11,12,25,1,11
1,<environment.Job instance at 0x14b6dc07a6e0>,2,17,[7 2],3,3,20,0,3
1,<environment.Job instance at 0x14b6e2f11a00>,7,3,[ 2 10],8,20,23,12,8
1,<environment.Job instance at 0x14b6e2f11780>,8,13,[5 2],9,23,36,14,12
1,<environment.Job instance at 0x14b6e78e8190>,12,24,[2 9],13,41,65,28,41
1,<environment.Job instance at 0x14b6e445b230>,1,15,[2 9],2,4,19,2,4
1,<environment.Job instance at 0x14b6da7fafa0>,6,1,[1 5],7,19,20,12,7
1,<environment.Job instance at 0x14b6da6d2910>,5,2,[1 8],6,20,22,14,8
1,<environment.Job instance at 0x14b6e062baa0>,3,16,[2 9],4,22,38,18,10
1,<environment.Job instance at 0x14b6dfcb31e0>,10,1,[ 1 10],11,38,39,27,16
1,<environment.Job instance at 0x14b6da8395f0>,11,2,[2 5],12,39,41,27,16
1,<environment.Job instance at 0x14b6e2385910>,3,3,[2 8],4,9,12,5,9
1,<environment.Job instance at 0x14b6dbce1140>,9,1,[ 2 10],10,12,13,2,12
1,<environment.Job instance at 0x14b6e439caa0>,5,28,[7 1],6,13,41,7,12
1,<environment.Job instance at 0x14b6e439c5a0>,8,12,[1 6],9,14,26,5,14
1,<environment.Job instance at 0x14b6dfe7f870>,10,1,[10  1],11,41,42,30,21
1,<environment.Job instance at 0x14b6e6ff0320>,4,3,[1 8],5,6,9,1,6
1,<environment.Job instance at 0x14b6e1275f00>,13,3,[9 1],14,14,17,0,14
1,<environment.Job instance at 0x14b6e6ff02d0>,12,18,[6 2],13,17,35,4,17
1,<environment.Job instance at 0x14b6e3670fa0>,0,2,[1 8],1,3,5,2,3
1,<environment.Job instance at 0x14b6dc847eb0>,1,1,[7 1],2,4,5,2,4
1,<environment.Job instance at 0x14b6e6690320>,4,3,[ 1 10],5,5,8,0,5
1,<environment.Job instance at 0x14b6db7644b0>,6,3,[1 9],7,9,12,2,9
1,<environment.Job instance at 0x14b6db7648c0>,5,15,[9 2],6,15,30,9,15
1,<environment.Job instance at 0x14b6db764640>,11,2,[2 9],12,30,32,18,19
1,<environment.Job instance at 0x14b6e1d9dfa0>,1,1,[9 1],2,7,8,5,7
1,<environment.Job instance at 0x14b6dc3718c0>,3,2,[9 1],4,8,10,4,7
1,<environment.Job instance at 0x14b6dae87f00>,7,2,[5 1],8,10,12,2,8
1,<environment.Job instance at 0x14b6e6c94be0>,10,3,[2 9],11,12,15,1,12
1,<environment.Job instance at 0x14b6ddaf35a0>,13,1,[2 6],14,24,25,10,24
1,<environment.Job instance at 0x14b6da63a550>,1,12,[5 2],2,5,17,3,5
1,<environment.Job instance at 0x14b6e5f150a0>,8,1,[9 1],9,17,18,8,10
1,<environment.Job instance at 0x14b6e5f15f00>,7,3,[1 5],8,10,13,2,10
1,<environment.Job instance at 0x14b6e3f327d0>,11,1,[8 2],12,18,19,6,13
1,<environment.Job instance at 0x14b6e3f32a00>,13,3,[8 2],14,19,22,5,15
1,<environment.Job instance at 0x14b6daef90f0>,9,13,[8 2],10,10,23,0,10
1,<environment.Job instance at 0x14b6daef9b40>,10,1,[7 2],11,23,24,12,11
1,<environment.Job instance at 0x14b6e0129c30>,13,3,[2 7],14,15,18,1,15
1,<environment.Job instance at 0x14b6daef9af0>,12,13,[10  1],13,24,37,11,21
1,<environment.Job instance at 0x14b6e783d550>,11,1,[10  1],12,37,38,25,22
1,<environment.Job instance at 0x14b6e21125f0>,0,16,[2 6],1,2,18,1,2
1,<environment.Job instance at 0x14b6e77310f0>,2,3,[6 2],3,6,9,3,6
1,<environment.Job instance at 0x14b6e0b93870>,5,13,[5 2],6,9,22,3,8
1,<environment.Job instance at 0x14b6e0f389b0>,11,3,[5 1],12,18,21,6,13
1,<environment.Job instance at 0x14b6e0b93aa0>,7,18,[ 1 10],8,22,40,14,13
1,<environment.Job instance at 0x14b6e0f38f00>,13,3,[9 1],14,40,43,26,15
1,<environment.Job instance at 0x14b6e340c140>,3,2,[8 2],4,6,8,2,6
1,<environment.Job instance at 0x14b6e340fdc0>,5,24,[ 1 10],6,10,34,4,10
1,<environment.Job instance at 0x14b6dd8b8640>,10,2,[ 2 10],11,34,36,23,11
1,<environment.Job instance at 0x14b6db7452d0>,11,1,[ 1 10],12,36,37,24,13
1,<environment.Job instance at 0x14b6e353ceb0>,13,16,[2 9],14,37,53,23,26
1,<environment.Job instance at 0x14b6e82f4af0>,2,3,[6 2],3,4,7,1,4
1,<environment.Job instance at 0x14b6e51128c0>,4,3,[1 6],5,7,10,2,7
1,<environment.Job instance at 0x14b6de130640>,1,3,[1 5],2,10,13,8,7
1,<environment.Job instance at 0x14b6dbd1f140>,0,3,[2 7],1,13,16,12,8
1,<environment.Job instance at 0x14b6e5112aa0>,7,17,[2 6],8,16,33,8,11
1,<environment.Job instance at 0x14b6e5112b40>,8,3,[5 2],9,12,15,3,12
1,<environment.Job instance at 0x14b6e5112e10>,10,2,[1 8],11,33,35,22,21
1,<environment.Job instance at 0x14b6e5108050>,0,1,[1 5],1,1,2,0,1
1,<environment.Job instance at 0x14b6e5103e60>,1,1,[5 1],2,2,3,0,2
1,<environment.Job instance at 0x14b6e686c1e0>,7,1,[5 1],8,8,9,0,8
1,<environment.Job instance at 0x14b6da722460>,5,1,[2 7],6,8,9,2,8
1,<environment.Job instance at 0x14b6e5103eb0>,2,1,[9 2],3,10,11,7,10
1,<environment.Job instance at 0x14b6e1c21140>,8,15,[1 8],9,10,25,1,10
1,<environment.Job instance at 0x14b6df4468c0>,2,3,[ 2 10],3,4,7,1,4
1,<environment.Job instance at 0x14b6df446aa0>,0,2,[7 2],1,7,9,6,5
1,<environment.Job instance at 0x14b6e60e79b0>,3,2,[2 5],4,7,9,3,7
1,<environment.Job instance at 0x14b6dea13c80>,8,1,[5 2],9,12,13,3,12
1,<environment.Job instance at 0x14b6de8824b0>,6,2,[7 2],7,13,15,6,13
1,<environment.Job instance at 0x14b6e602d320>,0,2,[ 2 10],1,3,5,2,3
1,<environment.Job instance at 0x14b6db3135f0>,4,2,[9 2],5,6,8,1,6
1,<environment.Job instance at 0x14b6e40578c0>,1,1,[8 2],2,8,9,6,6
1,<environment.Job instance at 0x14b6e2e60f00>,6,17,[2 8],7,8,25,1,7
1,<environment.Job instance at 0x14b6e2e600f0>,9,2,[1 5],10,25,27,15,11
1,<environment.Job instance at 0x14b6e2e605a0>,12,22,[9 1],13,25,47,12,18
1,<environment.Job instance at 0x14b6e2e60820>,13,2,[8 2],14,20,22,6,20
1,<environment.Job instance at 0x14b6e824b690>,2,18,[8 1],3,5,23,2,5
1,<environment.Job instance at 0x14b6e1dd0a50>,5,3,[10  1],6,23,26,17,6
1,<environment.Job instance at 0x14b6e1dd0b40>,6,3,[ 2 10],7,26,29,19,7
1,<environment.Job instance at 0x14b6e1dd0050>,7,2,[2 5],8,14,16,6,14
1,<environment.Job instance at 0x14b6e1dd0410>,12,13,[1 7],13,29,42,16,19
1,<environment.Job instance at 0x14b6ddd1bd70>,3,1,[5 1],4,5,6,1,5
1,<environment.Job instance at 0x14b6e835b730>,6,3,[1 5],7,7,10,0,7
1,<environment.Job instance at 0x14b6da565a00>,7,2,[7 1],8,8,10,0,8
1,<environment.Job instance at 0x14b6da565e10>,9,3,[10  2],10,11,14,1,11
1,<environment.Job instance at 0x14b6e4abfaa0>,13,17,[9 1],14,14,31,0,14
1,<environment.Job instance at 0x14b6e6a598c0>,8,13,[1 8],9,17,30,8,17
1,<environment.Job instance at 0x14b6db375f50>,0,3,[10  1],1,2,5,1,2
1,<environment.Job instance at 0x14b6df096a50>,8,17,[2 7],9,10,27,1,10
1,<environment.Job instance at 0x14b6df096190>,6,3,[1 8],7,27,30,20,12
1,<environment.Job instance at 0x14b6df096140>,12,3,[1 9],13,30,33,17,13
1,<environment.Job instance at 0x14b6df096af0>,9,2,[9 1],10,27,29,17,14
1,<environment.Job instance at 0x14b6df096280>,13,2,[5 1],14,17,19,3,17
1,<environment.Job instance at 0x14b6db3fad20>,1,1,[1 5],2,2,3,0,2
1,<environment.Job instance at 0x14b6e7807410>,0,2,[1 5],1,3,5,2,3
1,<environment.Job instance at 0x14b6e41e1cd0>,7,2,[ 2 10],8,9,11,1,9
1,<environment.Job instance at 0x14b6e04a2780>,9,2,[6 2],10,12,14,2,12
1,<environment.Job instance at 0x14b6e11dc550>,12,1,[2 5],13,13,14,0,13
1,<environment.Job instance at 0x14b6e04a2cd0>,11,1,[8 2],12,14,15,2,13
1,<environment.Job instance at 0x14b6e04a20f0>,13,2,[7 1],14,15,17,1,15
1,<environment.Job instance at 0x14b6e1617050>,0,14,[9 1],1,1,15,0,1
1,<environment.Job instance at 0x14b6e252ffa0>,3,12,[2 5],4,15,27,11,4
1,<environment.Job instance at 0x14b6e43a40f0>,1,2,[ 1 10],2,27,29,25,5
1,<environment.Job instance at 0x14b6e6b8b550>,11,3,[2 8],12,29,32,17,13
1,<environment.Job instance at 0x14b6e6b8bcd0>,13,1,[10  2],14,32,33,18,16
1,<environment.Job instance at 0x14b6e1bc0550>,6,17,[5 2],7,33,50,26,23
1,<environment.Job instance at 0x14b6e3f1e140>,2,1,[5 2],3,7,8,4,7
1,<environment.Job instance at 0x14b6dc8d74b0>,5,3,[ 1 10],6,9,12,3,9
1,<environment.Job instance at 0x14b6e28e9050>,11,3,[6 2],12,12,15,0,12
1,<environment.Job instance at 0x14b6e47e6e10>,10,3,[10  1],11,16,19,5,16
1,<environment.Job instance at 0x14b6dc2bbaa0>,1,2,[1 7],2,2,4,0,2
1,<environment.Job instance at 0x14b6e5b50cd0>,7,3,[7 2],8,8,11,0,8
1,<environment.Job instance at 0x14b6e5b50fa0>,8,18,[9 1],9,11,29,2,9
1,<environment.Job instance at 0x14b6e545b460>,12,3,[2 7],13,29,32,16,15
1,<environment.Job instance at 0x14b6e5b50e60>,6,2,[8 2],7,29,31,22,18
1,<environment.Job instance at 0x14b6e5433410>,4,2,[7 2],5,7,9,2,7
1,<environment.Job instance at 0x14b6e75d7fa0>,5,3,[1 7],6,8,11,2,8
1,<environment.Job instance at 0x14b6e75d7aa0>,7,1,[10  2],8,11,12,3,8
1,<environment.Job instance at 0x14b6e75d7410>,8,3,[2 8],9,12,15,3,10
1,<environment.Job instance at 0x14b6e75d7230>,12,1,[ 1 10],13,15,16,2,14
1,<environment.Job instance at 0x14b6e329b0f0>,11,16,[2 5],12,17,33,5,17
1,<environment.Job instance at 0x14b6e934c280>,0,3,[1 8],1,1,4,0,1
1,<environment.Job instance at 0x14b6e329b0f0>,2,2,[10  1],3,4,6,1,3
1,<environment.Job instance at 0x14b6e7fc4500>,6,12,[5 1],7,8,20,1,8
1,<environment.Job instance at 0x14b6e6679aa0>,4,3,[2 5],5,8,11,3,8
1,<environment.Job instance at 0x14b6db1c5a00>,12,2,[10  2],13,20,22,7,14
1,<environment.Job instance at 0x14b6e7fc4e60>,13,3,[1 9],14,14,17,0,14
1,<environment.Job instance at 0x14b6e030d050>,11,2,[1 5],12,25,27,13,25
1,<environment.Job instance at 0x14b6e200c0f0>,3,17,[2 8],4,5,22,1,5
1,<environment.Job instance at 0x14b6db2e58c0>,6,2,[8 2],7,8,10,1,8
1,<environment.Job instance at 0x14b6db2e5730>,12,2,[7 2],13,14,16,1,14
1,<environment.Job instance at 0x14b6dee17fa0>,1,1,[5 1],2,4,5,2,4
1,<environment.Job instance at 0x14b6e40a30a0>,0,16,[2 5],1,5,21,4,5
1,<environment.Job instance at 0x14b6e40a3c30>,5,1,[9 1],6,21,22,15,6
1,<environment.Job instance at 0x14b6e0972d20>,3,1,[7 1],4,7,8,3,7
1,<environment.Job instance at 0x14b6e16b30f0>,7,2,[8 1],8,8,10,0,8
1,<environment.Job instance at 0x14b6e16bcf50>,6,2,[1 6],7,21,23,14,9
1,<environment.Job instance at 0x14b6e02e28c0>,11,1,[9 1],12,22,23,10,14
1,<environment.Job instance at 0x14b6df29ed20>,12,2,[5 2],13,14,16,1,14
1,<environment.Job instance at 0x14b6e08d3c30>,9,12,[6 1],10,23,35,13,16
1,<environment.Job instance at 0x14b6e02ead70>,2,1,[5 1],3,4,5,1,4
1,<environment.Job instance at 0x14b6df335aa0>,1,2,[1 8],2,4,6,2,4
1,<environment.Job instance at 0x14b6e16fa2d0>,4,3,[2 5],5,7,10,2,7
1,<environment.Job instance at 0x14b6dc46d2d0>,0,2,[1 5],1,9,11,8,9
1,<environment.Job instance at 0x14b6e16fabe0>,6,18,[1 9],7,11,29,4,10
1,<environment.Job instance at 0x14b6dad70140>,10,12,[2 7],11,29,41,18,17
1,<environment.Job instance at 0x14b6de426550>,2,3,[7 1],3,3,6,0,3
1,<environment.Job instance at 0x14b6e0b08a50>,3,3,[2 7],4,5,8,1,5
1,<environment.Job instance at 0x14b6e554b5f0>,6,1,[1 8],7,8,9,1,7
1,<environment.Job instance at 0x14b6e52643c0>,7,18,[9 2],8,9,27,1,9
1,<environment.Job instance at 0x14b6df5d4280>,8,3,[6 2],9,27,30,18,12
1,<environment.Job instance at 0x14b6dd0de690>,10,1,[2 7],11,27,28,16,13
1,<environment.Job instance at 0x14b6e3c13e10>,12,3,[1 8],13,15,18,2,15
1,<environment.Job instance at 0x14b6e65fee10>,3,1,[2 8],4,6,7,2,6
1,<environment.Job instance at 0x14b6dab80d20>,8,3,[ 1 10],9,10,13,1,10
1,<environment.Job instance at 0x14b6dab80910>,6,1,[9 1],7,13,14,6,10
1,<environment.Job instance at 0x14b6df9a7c80>,9,1,[1 5],10,13,14,3,12
1,<environment.Job instance at 0x14b6df9a7960>,12,3,[1 6],13,14,17,1,14
1,<environment.Job instance at 0x14b6dca23e10>,4,14,[6 2],5,5,19,0,5
1,<environment.Job instance at 0x14b6dca23f50>,7,3,[7 1],8,19,22,11,9
1,<environment.Job instance at 0x14b6df023280>,10,2,[1 9],11,19,21,8,11
1,<environment.Job instance at 0x14b6dfd64f50>,12,14,[1 5],13,21,35,8,16
1,<environment.Job instance at 0x14b6db3317d0>,3,16,[5 2],4,22,38,18,19
1,<environment.Job instance at 0x14b6e44feb40>,1,13,[1 6],2,2,15,0,2
1,<environment.Job instance at 0x14b6e7a6e2d0>,2,2,[ 1 10],3,15,17,12,6
1,<environment.Job instance at 0x14b6e20994b0>,3,1,[9 1],4,6,7,2,6
1,<environment.Job instance at 0x14b6dbfec960>,5,14,[ 2 10],6,17,31,11,7
1,<environment.Job instance at 0x14b6dc747050>,12,1,[9 2],13,13,14,0,13
1,<environment.Job instance at 0x14b6dc747820>,13,3,[ 1 10],14,31,34,17,16
1,<environment.Job instance at 0x14b6db3d0af0>,2,1,[10  2],3,5,6,2,5
1,<environment.Job instance at 0x14b6e63375f0>,4,3,[ 1 10],5,6,9,1,5
1,<environment.Job instance at 0x14b6dad70d70>,1,18,[1 5],2,9,27,7,5
1,<environment.Job instance at 0x14b6dc072550>,6,2,[7 2],7,10,12,3,10
1,<environment.Job instance at 0x14b6de028c30>,5,2,[5 1],6,14,16,8,14
1,<environment.Job instance at 0x14b6e5624960>,8,17,[2 7],9,27,44,18,15
1,<environment.Job instance at 0x14b6e5624fa0>,13,17,[5 1],14,17,34,3,17
1,<environment.Job instance at 0x14b6dd31b870>,11,1,[6 2],12,34,35,22,29
1,<environment.Job instance at 0x14b6e8c9e9b0>,0,1,[6 1],1,4,5,3,4
1,<environment.Job instance at 0x14b6e4d44d20>,4,2,[2 5],5,6,8,1,6
1,<environment.Job instance at 0x14b6e7f714b0>,1,3,[8 2],2,6,9,4,6
1,<environment.Job instance at 0x14b6e640eb90>,9,2,[5 2],10,10,12,0,10
1,<environment.Job instance at 0x14b6e4d44460>,5,12,[1 5],6,10,22,4,10
1,<environment.Job instance at 0x14b6e640ef00>,13,1,[8 2],14,20,21,6,20
1,<environment.Job instance at 0x14b6e640e1e0>,1,2,[9 2],2,3,5,1,3
1,<environment.Job instance at 0x14b6e3b0bb40>,5,18,[10  1],6,10,28,4,10
1,<environment.Job instance at 0x14b6df231320>,11,2,[2 9],12,28,30,16,14
1,<environment.Job instance at 0x14b6df231dc0>,13,3,[1 7],14,34,37,20,34
1,<environment.Job instance at 0x14b6e12110a0>,2,1,[1 9],3,3,4,0,3
1,<environment.Job instance at 0x14b6da4efd70>,6,16,[10  2],7,9,25,2,9
1,<environment.Job instance at 0x14b6da4ef4b0>,8,2,[9 2],9,25,27,16,14
1,<environment.Job instance at 0x14b6da2cc280>,12,1,[5 1],13,27,28,14,14
1,<environment.Job instance at 0x14b6da2cca50>,13,12,[8 1],14,28,40,14,21
1,<environment.Job instance at 0x14b6e3b23230>,2,12,[6 2],3,4,16,1,4
1,<environment.Job instance at 0x14b6da4d2640>,0,18,[5 2],1,16,34,15,5
1,<environment.Job instance at 0x14b6e6ec1f50>,5,17,[2 5],6,11,28,5,11
1,<environment.Job instance at 0x14b6e0ebd5a0>,11,1,[7 2],12,34,35,22,14
1,<environment.Job instance at 0x14b6e21ffc80>,0,2,[1 9],1,2,4,1,2
1,<environment.Job instance at 0x14b6e21ffa00>,3,13,[1 7],4,5,18,1,5
1,<environment.Job instance at 0x14b6db1027d0>,4,3,[ 1 10],5,18,21,13,6
1,<environment.Job instance at 0x14b6e0142640>,10,18,[2 7],11,21,39,10,12
1,<environment.Job instance at 0x14b6db1024b0>,6,1,[1 5],7,39,40,32,13
1,<environment.Job instance at 0x14b6e0142050>,8,3,[6 2],9,14,17,5,14
1,<environment.Job instance at 0x14b6e44773c0>,2,2,[1 9],3,4,6,1,4
1,<environment.Job instance at 0x14b6dae6c1e0>,5,1,[10  2],6,6,7,0,6
1,<environment.Job instance at 0x14b6e21faaa0>,10,1,[8 2],11,14,15,3,14
1,<environment.Job instance at 0x14b6e40b23c0>,12,2,[5 1],13,15,17,2,14
1,<environment.Job instance at 0x14b6e2fe45a0>,8,27,[5 1],9,15,42,6,15
1,<environment.Job instance at 0x14b6e2fe4140>,9,3,[7 1],10,42,45,32,18
1,<environment.Job instance at 0x14b6e079deb0>,2,1,[1 8],3,3,4,0,3
1,<environment.Job instance at 0x14b6e3ecd730>,7,13,[1 8],8,8,21,0,8
1,<environment.Job instance at 0x14b6e3ecd690>,5,20,[9 2],6,9,29,3,9
1,<environment.Job instance at 0x14b6e3ecd550>,3,2,[9 2],4,29,31,25,9
1,<environment.Job instance at 0x14b6e3ecdfa0>,13,2,[6 1],14,31,33,17,16
1,<environment.Job instance at 0x14b6e3ecd8c0>,10,3,[2 9],11,31,34,20,19
1,<environment.Job instance at 0x14b6e1211d70>,1,1,[9 1],2,3,4,1,3
1,<environment.Job instance at 0x14b6dbb2f0a0>,6,2,[6 2],7,7,9,0,7
1,<environment.Job instance at 0x14b6e82e6a00>,9,1,[2 5],10,10,11,0,10
1,<environment.Job instance at 0x14b6df832af0>,13,3,[10  2],14,16,19,2,16
1,<environment.Job instance at 0x14b6df832780>,11,1,[2 5],12,19,20,7,18
1,<environment.Job instance at 0x14b6e0a5af50>,0,1,[2 6],1,2,3,1,2
1,<environment.Job instance at 0x14b6dea77e60>,5,2,[2 5],6,7,9,1,7
1,<environment.Job instance at 0x14b6e62cbd70>,4,1,[ 2 10],5,9,10,4,8
1,<environment.Job instance at 0x14b6e62cb6e0>,8,15,[1 8],9,10,25,1,10
1,<environment.Job instance at 0x14b6e0e6efa0>,13,2,[8 1],14,16,18,2,16
1,<environment.Job instance at 0x14b6dac8f500>,1,3,[2 9],2,5,8,3,5
1,<environment.Job instance at 0x14b6dac67140>,5,1,[1 7],6,8,9,2,6
1,<environment.Job instance at 0x14b6dde74e60>,7,2,[1 8],8,10,12,2,10
1,<environment.Job instance at 0x14b6e1078230>,9,2,[1 9],10,12,14,2,12
1,<environment.Job instance at 0x14b6e3a7f460>,13,2,[1 6],14,14,16,0,14
1,<environment.Job instance at 0x14b6e3a7fbe0>,3,14,[5 1],4,5,19,1,5
1,<environment.Job instance at 0x14b6e5511960>,7,1,[5 1],8,8,9,0,8
1,<environment.Job instance at 0x14b6dd06dd20>,4,18,[1 9],5,9,27,4,9
1,<environment.Job instance at 0x14b6e5511640>,9,3,[8 2],10,27,30,17,12
1,<environment.Job instance at 0x14b6dac67d20>,1,2,[7 2],2,5,7,3,5
1,<environment.Job instance at 0x14b6e8872640>,7,2,[2 6],8,8,10,0,8
1,<environment.Job instance at 0x14b6dd82c690>,8,1,[2 6],9,11,12,2,11
1,<environment.Job instance at 0x14b6e85a6230>,11,13,[2 6],12,13,26,1,13
1,<environment.Job instance at 0x14b6dac8f640>,1,2,[2 5],2,2,4,0,2
1,<environment.Job instance at 0x14b6dc7e3640>,2,3,[8 2],3,6,9,3,6
1,<environment.Job instance at 0x14b6dca53e10>,6,17,[6 1],7,9,26,2,7
1,<environment.Job instance at 0x14b6c82a89b0>,8,2,[5 1],9,26,28,17,11
1,<environment.Job instance at 0x14b6dd993aa0>,9,14,[10  2],10,28,42,18,18
1,<environment.Job instance at 0x14b6e25f57d0>,11,17,[9 1],12,42,59,30,30
1,<environment.Job instance at 0x14b6c82a8870>,12,15,[1 7],13,42,57,29,32
1,<environment.Job instance at 0x14b6e598ccd0>,0,1,[5 2],1,5,6,4,5
1,<environment.Job instance at 0x14b6e598c410>,2,3,[10  1],3,6,9,3,5
1,<environment.Job instance at 0x14b6dc29c0a0>,5,3,[1 7],6,9,12,3,7
1,<environment.Job instance at 0x14b6dc29ce10>,6,2,[ 2 10],7,12,14,5,8
1,<environment.Job instance at 0x14b6e42c95f0>,9,1,[1 9],10,14,15,4,12
1,<environment.Job instance at 0x14b6e42c9910>,10,1,[5 1],11,14,15,3,12
1,<environment.Job instance at 0x14b6e42c9f50>,7,26,[7 2],8,15,41,7,15
1,<environment.Job instance at 0x14b6e532cb40>,1,1,[2 7],2,3,4,1,3
1,<environment.Job instance at 0x14b6e0b00870>,2,3,[9 1],3,4,7,1,3
1,<environment.Job instance at 0x14b6df5ce500>,8,2,[1 8],9,9,11,0,9
1,<environment.Job instance at 0x14b6df5ce820>,6,2,[8 1],7,10,12,3,10
1,<environment.Job instance at 0x14b6df5cedc0>,10,18,[2 7],11,21,39,10,21
1,<environment.Job instance at 0x14b6dfa18690>,2,2,[8 2],3,4,6,1,4
1,<environment.Job instance at 0x14b6dfa189b0>,3,3,[2 5],4,7,10,3,7
1,<environment.Job instance at 0x14b6e54c4690>,5,2,[5 2],6,8,10,2,8
1,<environment.Job instance at 0x14b6de439230>,2,20,[2 9],3,4,24,1,4
1,<environment.Job instance at 0x14b6de257aa0>,4,3,[1 6],5,24,27,19,7
1,<environment.Job instance at 0x14b6db0d90a0>,6,1,[1 5],7,27,28,20,7
1,<environment.Job instance at 0x14b6dda9cc30>,8,1,[2 6],9,28,29,19,9
1,<environment.Job instance at 0x14b6e8cbc320>,10,2,[1 9],11,29,31,18,13
1,<environment.Job instance at 0x14b6e3082460>,7,3,[2 5],8,31,34,23,13
1,<environment.Job instance at 0x14b6dc550e10>,0,13,[2 6],1,3,16,2,3
1,<environment.Job instance at 0x14b6dad3b960>,3,1,[9 2],4,16,17,12,5
1,<environment.Job instance at 0x14b6dc550a00>,4,16,[7 2],5,17,33,12,6
1,<environment.Job instance at 0x14b6e70d6190>,2,1,[9 2],3,33,34,30,7
1,<environment.Job instance at 0x14b6dad3b2d0>,6,17,[1 7],7,16,33,9,7
1,<environment.Job instance at 0x14b6dad3bf50>,8,2,[ 2 10],9,34,36,25,10
1,<environment.Job instance at 0x14b6dcae4910>,12,16,[1 8],13,36,52,23,24
1,<environment.Job instance at 0x14b6dad3b9b0>,10,17,[6 2],11,36,53,25,26
1,<environment.Job instance at 0x14b6dad5e780>,0,3,[9 1],1,3,6,2,3
1,<environment.Job instance at 0x14b6e86a8be0>,5,2,[1 5],6,6,8,0,6
1,<environment.Job instance at 0x14b6dad5ee10>,2,15,[2 6],3,9,24,6,9
1,<environment.Job instance at 0x14b6db8c6960>,8,2,[2 9],9,24,26,15,9
1,<environment.Job instance at 0x14b6e86a8d70>,9,2,[9 1],10,26,28,16,14
1,<environment.Job instance at 0x14b6e86a8e10>,6,2,[2 8],7,28,30,21,15
1,<environment.Job instance at 0x14b6ded7f140>,12,13,[1 6],13,30,43,17,22
1,<environment.Job instance at 0x14b6e40ef6e0>,0,18,[1 5],1,3,21,2,3
1,<environment.Job instance at 0x14b6e4efdbe0>,3,2,[10  1],4,21,23,17,4
1,<environment.Job instance at 0x14b6e589b960>,8,3,[10  2],9,23,26,14,9
1,<environment.Job instance at 0x14b6e589b0a0>,7,1,[1 6],8,26,27,18,10
1,<environment.Job instance at 0x14b6e589b460>,10,2,[2 8],11,27,29,16,11
1,<environment.Job instance at 0x14b6dc738fa0>,5,12,[5 1],6,26,38,20,12
1,<environment.Job instance at 0x14b6e589ba00>,9,17,[1 7],10,29,46,19,17
1,<environment.Job instance at 0x14b6e867f2d0>,1,14,[6 1],2,2,16,0,2
1,<environment.Job instance at 0x14b6e3076e60>,0,14,[8 2],1,16,30,15,6
1,<environment.Job instance at 0x14b6dcb6ecd0>,4,1,[1 8],5,7,8,2,7
1,<environment.Job instance at 0x14b6dcb6e0f0>,3,1,[1 7],4,8,9,4,7
1,<environment.Job instance at 0x14b6e4368050>,7,2,[1 9],8,9,11,1,8
1,<environment.Job instance at 0x14b6e4368eb0>,11,19,[1 5],12,12,31,0,12
1,<environment.Job instance at 0x14b6e615a320>,1,1,[2 6],2,2,3,0,2
1,<environment.Job instance at 0x14b6e9a95a50>,4,1,[2 5],5,6,7,1,6
1,<environment.Job instance at 0x14b6e9a95550>,6,1,[6 1],7,7,8,0,7
1,<environment.Job instance at 0x14b6e9a956e0>,7,3,[2 8],8,9,12,1,9
1,<environment.Job instance at 0x14b6e9a95fa0>,9,1,[1 6],10,12,13,2,11
1,<environment.Job instance at 0x14b6db764fa0>,2,18,[5 2],3,17,35,14,17
1,<environment.Job instance at 0x14b6e9a95140>,10,3,[1 8],11,19,22,8,19
1,<environment.Job instance at 0x14b6e9a95320>,11,1,[10  2],12,35,36,23,19
1,<environment.Job instance at 0x14b6e3076320>,1,2,[1 6],2,3,5,1,3
1,<environment.Job instance at 0x14b6e3ad4d20>,4,12,[5 1],5,5,17,0,5
1,<environment.Job instance at 0x14b6e3cff2d0>,8,15,[8 2],9,17,32,8,9
1,<environment.Job instance at 0x14b6e3cffeb0>,9,1,[8 2],10,32,33,22,11
1,<environment.Job instance at 0x14b6e3cfff50>,7,2,[1 5],8,11,13,3,11
1,<environment.Job instance at 0x14b6dacabe60>,6,3,[10  2],7,33,36,26,13
1,<environment.Job instance at 0x14b6e241ebe0>,13,1,[8 1],14,36,37,22,14
1,<environment.Job instance at 0x14b6e46a7690>,11,2,[9 2],12,37,39,25,15
1,<environment.Job instance at 0x14b6e46a7f50>,12,2,[1 9],13,39,41,26,22
1,<environment.Job instance at 0x14b6e249aaa0>,0,2,[2 6],1,4,6,3,4
1,<environment.Job instance at 0x14b6dd0c3fa0>,2,1,[2 5],3,6,7,3,6
1,<environment.Job instance at 0x14b6e472e960>,7,3,[1 5],8,10,13,2,10
1,<environment.Job instance at 0x14b6e472e820>,10,17,[2 8],11,13,30,2,11
1,<environment.Job instance at 0x14b6dc03ea50>,4,3,[1 7],5,30,33,25,13
1,<environment.Job instance at 0x14b6e472e2d0>,9,2,[1 6],10,33,35,23,15
1,<environment.Job instance at 0x14b6e472e320>,11,1,[1 9],12,35,36,23,25
1,<environment.Job instance at 0x14b6e472eb40>,8,19,[2 9],9,36,55,27,28
1,<environment.Job instance at 0x14b6dc78a5f0>,1,12,[6 2],2,4,16,2,4
1,<environment.Job instance at 0x14b6dffb9960>,3,3,[9 2],4,16,19,12,5
1,<environment.Job instance at 0x14b6dfc5d410>,6,3,[10  2],7,19,22,12,10
1,<environment.Job instance at 0x14b6dffb9230>,2,3,[1 8],3,10,13,7,10
1,<environment.Job instance at 0x14b6e0ab15a0>,7,1,[6 2],8,22,23,14,10
1,<environment.Job instance at 0x14b6dc550b90>,10,3,[2 6],11,13,16,2,13
1,<environment.Job instance at 0x14b6e22256e0>,11,2,[5 2],12,23,25,11,14
1,<environment.Job instance at 0x14b6e2225c80>,12,17,[ 2 10],13,25,42,12,14
1,<environment.Job instance at 0x14b6e40984b0>,2,1,[1 9],3,4,5,1,4
1,<environment.Job instance at 0x14b6e7de1820>,5,3,[2 5],6,7,10,1,7
1,<environment.Job instance at 0x14b6e7de1b90>,6,1,[8 1],7,8,9,1,8
1,<environment.Job instance at 0x14b6da722f00>,12,3,[ 2 10],13,14,17,1,14
1,<environment.Job instance at 0x14b6ddcc0230>,9,12,[2 7],10,11,23,1,11
1,<environment.Job instance at 0x14b6e3ad4410>,1,1,[2 7],2,23,24,21,12
1,<environment.Job instance at 0x14b6da6f5e60>,5,16,[8 1],6,34,50,28,34
1,<environment.Job instance at 0x14b6ea51a190>,4,14,[2 8],5,5,19,0,5
1,<environment.Job instance at 0x14b6ea51afa0>,5,2,[1 7],6,19,21,13,7
1,<environment.Job instance at 0x14b6e665ba00>,7,2,[1 7],8,21,23,13,9
1,<environment.Job instance at 0x14b6e665b460>,9,3,[10  2],10,23,26,13,14
1,<environment.Job instance at 0x14b6e665b230>,13,1,[7 2],14,14,15,0,14
1,<environment.Job instance at 0x14b6e665b5f0>,10,3,[8 2],11,15,18,4,14
1,<environment.Job instance at 0x14b6da551b90>,0,14,[1 5],1,5,19,4,5
1,<environment.Job instance at 0x14b6dda47eb0>,9,2,[2 6],10,19,21,9,13
1,<environment.Job instance at 0x14b6dda47aa0>,11,1,[5 1],12,14,15,2,14
1,<environment.Job instance at 0x14b6da551d20>,7,2,[6 1],8,15,17,7,15
1,<environment.Job instance at 0x14b6dee55500>,2,2,[9 2],3,4,6,1,4
1,<environment.Job instance at 0x14b6dbdba2d0>,6,3,[5 2],7,7,10,0,7
1,<environment.Job instance at 0x14b6dee55be0>,5,1,[6 2],6,10,11,4,7
1,<environment.Job instance at 0x14b6dbdbaaa0>,8,3,[8 2],9,11,14,2,9
1,<environment.Job instance at 0x14b6e079bbe0>,9,1,[1 9],10,14,15,4,10
1,<environment.Job instance at 0x14b6dbdbaaf0>,4,16,[1 8],5,15,31,10,10
1,<environment.Job instance at 0x14b6e079baf0>,10,1,[8 1],11,14,15,3,12
1,<environment.Job instance at 0x14b6e079b280>,13,3,[ 2 10],14,31,34,17,14
1,<environment.Job instance at 0x14b6e079b690>,11,17,[ 1 10],12,34,51,22,26
1,<environment.Job instance at 0x14b6de8a3eb0>,2,2,[8 2],3,3,5,0,3
1,<environment.Job instance at 0x14b6e391baf0>,6,2,[9 2],7,9,11,2,9
1,<environment.Job instance at 0x14b6e59597d0>,13,1,[2 9],14,17,18,3,17
1,<environment.Job instance at 0x14b6e202d1e0>,2,2,[8 1],3,3,5,0,3
1,<environment.Job instance at 0x14b6e474cfa0>,6,15,[9 2],7,8,23,1,8
1,<environment.Job instance at 0x14b6e474ce10>,5,2,[10  1],6,23,25,17,9
1,<environment.Job instance at 0x14b6e474c140>,9,3,[7 2],10,25,28,15,12
1,<environment.Job instance at 0x14b6e474c730>,10,2,[8 2],11,28,30,17,14
1,<environment.Job instance at 0x14b6e474c230>,7,3,[9 2],8,30,33,22,14
1,<environment.Job instance at 0x14b6df1e1410>,0,1,[2 5],1,1,2,0,1
1,<environment.Job instance at 0x14b6db2bfd70>,4,1,[1 5],5,7,8,2,7
1,<environment.Job instance at 0x14b6e3585a50>,6,3,[10  1],7,8,11,1,7
1,<environment.Job instance at 0x14b6e862b0a0>,8,14,[9 1],9,11,25,2,9
1,<environment.Job instance at 0x14b6e862b3c0>,10,1,[ 1 10],11,25,26,14,12
1,<environment.Job instance at 0x14b6dab110a0>,7,24,[8 1],8,26,50,18,21
1,<environment.Job instance at 0x14b6dc9c21e0>,12,3,[6 2],13,50,53,37,27
1,<environment.Job instance at 0x14b6e63e41e0>,1,2,[8 2],2,4,6,2,4
1,<environment.Job instance at 0x14b6db7e4cd0>,0,3,[2 7],1,7,10,6,7
1,<environment.Job instance at 0x14b6db7e4320>,3,17,[1 8],4,10,27,6,7
1,<environment.Job instance at 0x14b6dadad550>,6,3,[8 1],7,7,10,0,7
1,<environment.Job instance at 0x14b6dadad2d0>,4,2,[9 2],5,10,12,5,9
1,<environment.Job instance at 0x14b6dadadcd0>,10,17,[8 2],11,12,29,1,11
1,<environment.Job instance at 0x14b6db7e40a0>,2,3,[5 1],3,29,32,26,13
1,<environment.Job instance at 0x14b6dadad280>,11,3,[2 9],12,29,32,17,15
1,<environment.Job instance at 0x14b6dadadd20>,13,3,[1 9],14,32,35,18,15
1,<environment.Job instance at 0x14b6ded511e0>,1,1,[6 1],2,3,4,1,3
1,<environment.Job instance at 0x14b6ded519b0>,2,14,[1 7],3,7,21,4,7
1,<environment.Job instance at 0x14b6e880cc30>,5,3,[2 5],6,21,24,15,11
1,<environment.Job instance at 0x14b6dd6f55a0>,12,3,[8 1],13,21,24,8,21
1,<environment.Job instance at 0x14b6dadad640>,1,13,[2 6],2,3,16,1,3
1,<environment.Job instance at 0x14b6e1c68c30>,4,2,[2 7],5,16,18,11,6
1,<environment.Job instance at 0x14b6e1c68280>,2,3,[7 1],3,6,9,3,6
1,<environment.Job instance at 0x14b6e390c6e0>,0,15,[6 1],1,9,24,8,6
1,<environment.Job instance at 0x14b6e869d0f0>,11,15,[9 2],12,24,39,12,22
1,<environment.Job instance at 0x14b6da836870>,0,2,[10  2],1,1,3,0,1
1,<environment.Job instance at 0x14b6dd442820>,2,2,[2 6],3,4,6,1,4
1,<environment.Job instance at 0x14b6da836cd0>,1,3,[1 9],2,6,9,4,6
1,<environment.Job instance at 0x14b6e1839460>,10,1,[ 1 10],11,11,12,0,11
1,<environment.Job instance at 0x14b6dc3c8c80>,7,13,[1 7],8,12,25,4,12
1,<environment.Job instance at 0x14b6db945e60>,11,28,[8 1],12,12,40,0,12
1,<environment.Job instance at 0x14b6df5b7500>,9,2,[2 6],10,25,27,15,13
1,<environment.Job instance at 0x14b6df5b73c0>,12,3,[1 8],13,27,30,14,13
1,<environment.Job instance at 0x14b6db945cd0>,13,3,[8 2],14,40,43,26,14
1,<environment.Job instance at 0x14b6dc3a2230>,1,1,[7 1],2,8,9,6,8
1,<environment.Job instance at 0x14b6db80c8c0>,7,17,[1 8],8,8,25,0,8
1,<environment.Job instance at 0x14b6dc3a2320>,3,1,[2 8],4,25,26,21,21
