iteration,job object,job ID,job Length,job ressource requirement,job enter time,job start time,job finish time,job waiting time,current time
1,<environment.Job instance at 0x14b6e873aa50>,0,2,[10  2],1,8,10,7,5
1,<environment.Job instance at 0x14b6e79f3cd0>,4,3,[10  2],5,10,13,5,5
1,<environment.Job instance at 0x14b6e79f3eb0>,6,1,[5 2],7,13,14,6,7
1,<environment.Job instance at 0x14b6e79f3fa0>,8,17,[2 6],9,13,30,4,9
1,<environment.Job instance at 0x14b6e7a52370>,10,1,[7 1],11,14,15,3,11
1,<environment.Job instance at 0x14b6e7a59eb0>,2,2,[7 1],3,5,7,2,5
1,<environment.Job instance at 0x14b6e6d82d20>,4,1,[ 2 10],5,7,8,2,7
1,<environment.Job instance at 0x14b6e6d82e10>,5,1,[1 7],6,10,11,4,10
1,<environment.Job instance at 0x14b6e6d866e0>,13,3,[2 8],14,16,19,2,16
1,<environment.Job instance at 0x14b6e6d864b0>,10,1,[1 5],11,19,20,8,18
1,<environment.Job instance at 0x14b6e6d88690>,4,2,[5 1],5,5,7,0,5
1,<environment.Job instance at 0x14b6e61200a0>,9,2,[8 2],10,11,13,1,11
1,<environment.Job instance at 0x14b6e61203c0>,7,3,[2 5],8,11,14,3,11
1,<environment.Job instance at 0x14b6e6120d70>,10,14,[2 5],11,13,27,2,11
1,<environment.Job instance at 0x14b6e6257050>,12,1,[ 1 10],13,27,28,14,15
1,<environment.Job instance at 0x14b6e6257dc0>,0,1,[2 9],1,4,5,3,4
1,<environment.Job instance at 0x14b6e6257e60>,2,1,[1 7],3,5,6,2,4
1,<environment.Job instance at 0x14b6e6257fa0>,1,2,[2 5],2,6,8,4,4
1,<environment.Job instance at 0x14b6e8124780>,9,16,[8 1],10,11,27,1,11
1,<environment.Job instance at 0x14b6e80ea410>,4,15,[ 2 10],5,27,42,22,15
1,<environment.Job instance at 0x14b6e7ae4be0>,0,3,[1 9],1,4,7,3,4
1,<environment.Job instance at 0x14b6e5270370>,5,1,[1 9],6,9,10,3,9
1,<environment.Job instance at 0x14b6e52703c0>,8,18,[1 7],9,13,31,4,13
1,<environment.Job instance at 0x14b6e52704b0>,7,2,[7 2],8,13,15,5,13
1,<environment.Job instance at 0x14b6e5270af0>,12,2,[1 7],13,31,33,18,15
1,<environment.Job instance at 0x14b6e5270aa0>,10,15,[1 5],11,33,48,22,21
1,<environment.Job instance at 0x14b6e4781370>,6,3,[5 1],7,10,13,3,10
1,<environment.Job instance at 0x14b6e4845eb0>,10,1,[7 2],11,13,14,2,12
1,<environment.Job instance at 0x14b6e47894b0>,11,14,[5 2],12,14,28,2,12
1,<environment.Job instance at 0x14b6e4845f50>,12,3,[10  2],13,28,31,15,15
1,<environment.Job instance at 0x14b6e3a64fa0>,5,16,[2 9],6,6,22,0,6
1,<environment.Job instance at 0x14b6e3a68050>,6,2,[1 6],7,22,24,15,7
1,<environment.Job instance at 0x14b6e3a683c0>,9,2,[10  2],10,24,26,14,10
1,<environment.Job instance at 0x14b6e3a64f50>,10,14,[6 1],11,26,40,15,13
1,<environment.Job instance at 0x14b6e47d0190>,4,3,[7 2],5,40,43,35,16
1,<environment.Job instance at 0x14b6e81300f0>,1,3,[5 1],2,5,8,3,5
1,<environment.Job instance at 0x14b6e2f24190>,5,1,[1 6],6,7,8,1,7
1,<environment.Job instance at 0x14b6e2eea320>,8,20,[ 1 10],9,9,29,0,9
1,<environment.Job instance at 0x14b6e225f4b0>,4,13,[9 1],5,6,19,1,6
1,<environment.Job instance at 0x14b6e2f5e870>,0,12,[8 1],1,19,31,18,6
1,<environment.Job instance at 0x14b6e2eecb40>,5,12,[1 8],6,6,18,0,6
1,<environment.Job instance at 0x14b6e225fb40>,10,1,[8 1],11,31,32,20,12
1,<environment.Job instance at 0x14b6e225f910>,8,3,[8 2],9,32,35,23,12
1,<environment.Job instance at 0x14b6e225faa0>,11,2,[1 8],12,18,20,6,14
1,<environment.Job instance at 0x14b6e225fd70>,13,1,[9 2],14,35,36,21,22
1,<environment.Job instance at 0x14b6e5270a00>,1,27,[9 2],2,43,70,41,43
1,<environment.Job instance at 0x14b6e2fd8cd0>,1,3,[2 5],2,2,5,0,2
1,<environment.Job instance at 0x14b6e2261c30>,3,2,[9 1],4,5,7,1,5
1,<environment.Job instance at 0x14b6e2261a50>,2,1,[9 1],3,7,8,4,5
1,<environment.Job instance at 0x14b6e1772fa0>,10,3,[1 6],11,12,15,1,12
1,<environment.Job instance at 0x14b6e17c2af0>,2,18,[1 7],3,4,22,1,4
1,<environment.Job instance at 0x14b6e0add500>,5,16,[6 2],6,6,22,0,6
1,<environment.Job instance at 0x14b6e17c2d20>,3,2,[1 6],4,22,24,18,7
1,<environment.Job instance at 0x14b6e0adda00>,11,2,[2 9],12,24,26,12,12
1,<environment.Job instance at 0x14b6e0add280>,9,1,[2 9],10,26,27,16,14
1,<environment.Job instance at 0x14b6e0add7d0>,8,2,[6 1],9,22,24,13,17
1,<environment.Job instance at 0x14b6e0add960>,10,16,[1 9],11,27,43,16,17
1,<environment.Job instance at 0x14b6e0a5f9b0>,2,2,[10  2],3,5,7,2,5
1,<environment.Job instance at 0x14b6e0addaa0>,5,2,[8 2],6,7,9,1,7
1,<environment.Job instance at 0x14b6e2b559b0>,10,1,[1 5],11,13,14,2,13
1,<environment.Job instance at 0x14b6e2adef00>,2,2,[1 5],3,4,6,1,4
1,<environment.Job instance at 0x14b6e2adecd0>,1,3,[10  1],2,6,9,4,4
1,<environment.Job instance at 0x14b6e2adef50>,3,12,[5 1],4,9,21,5,4
1,<environment.Job instance at 0x14b6e62d4be0>,11,2,[9 2],12,21,23,9,13
1,<environment.Job instance at 0x14b6e62d47d0>,10,2,[2 9],11,15,17,4,15
1,<environment.Job instance at 0x14b6e627eb40>,6,1,[7 2],7,7,8,0,7
1,<environment.Job instance at 0x14b6e627e3c0>,9,12,[ 2 10],10,10,22,0,10
1,<environment.Job instance at 0x14b6e627ef00>,8,3,[1 9],9,22,25,13,12
1,<environment.Job instance at 0x14b6e62cc500>,13,1,[6 2],14,25,26,11,15
1,<environment.Job instance at 0x14b6e5d8deb0>,10,1,[6 2],11,26,27,15,19
1,<environment.Job instance at 0x14b6e626ca00>,1,1,[2 6],2,3,4,1,3
1,<environment.Job instance at 0x14b6e8505f50>,3,2,[7 1],4,4,6,0,4
1,<environment.Job instance at 0x14b6e626c640>,6,16,[6 1],7,7,23,0,7
1,<environment.Job instance at 0x14b6e8505050>,9,1,[8 1],10,23,24,13,11
1,<environment.Job instance at 0x14b6e84f8f50>,4,2,[1 7],5,11,13,6,11
1,<environment.Job instance at 0x14b6dfa21eb0>,12,1,[7 2],13,16,17,3,16
1,<environment.Job instance at 0x14b6dfa21730>,10,2,[7 2],11,22,24,11,22
1,<environment.Job instance at 0x14b6dee01320>,6,20,[7 1],7,7,27,0,7
1,<environment.Job instance at 0x14b6dfaa4cd0>,3,1,[2 9],4,8,9,4,8
1,<environment.Job instance at 0x14b6dee01a00>,13,2,[10  1],14,27,29,13,15
1,<environment.Job instance at 0x14b6dee01550>,8,2,[ 1 10],9,29,31,20,15
1,<environment.Job instance at 0x14b6dee01aa0>,12,1,[2 6],13,17,18,4,17
1,<environment.Job instance at 0x14b6e2b55e10>,1,3,[1 6],2,3,6,1,3
1,<environment.Job instance at 0x14b6de2ffa50>,3,3,[6 2],4,4,7,0,4
1,<environment.Job instance at 0x14b6de2ff0a0>,5,1,[2 8],6,6,7,0,6
1,<environment.Job instance at 0x14b6de30e410>,6,1,[9 1],7,10,11,3,10
1,<environment.Job instance at 0x14b6de311d70>,11,2,[1 7],12,12,14,0,12
1,<environment.Job instance at 0x14b6de311190>,13,15,[1 7],14,18,33,4,18
1,<environment.Job instance at 0x14b6de34eeb0>,3,12,[1 8],4,4,16,0,4
1,<environment.Job instance at 0x14b6de34e460>,0,2,[5 1],1,4,6,3,4
1,<environment.Job instance at 0x14b6dd5f96e0>,4,2,[8 1],5,7,9,2,7
1,<environment.Job instance at 0x14b6dd5f9910>,6,2,[1 5],7,16,18,9,8
1,<environment.Job instance at 0x14b6de34e910>,2,12,[6 1],3,9,21,6,9
1,<environment.Job instance at 0x14b6dd5f9fa0>,13,12,[10  1],14,21,33,7,14
1,<environment.Job instance at 0x14b6dd5f9cd0>,9,2,[6 1],10,33,35,23,14
1,<environment.Job instance at 0x14b6dcb09780>,5,1,[8 1],6,6,7,0,6
1,<environment.Job instance at 0x14b6dd5fbd20>,2,2,[2 7],3,7,9,4,7
1,<environment.Job instance at 0x14b6dcb09aa0>,4,1,[6 1],5,10,11,5,10
1,<environment.Job instance at 0x14b6dcb09690>,7,3,[6 1],8,12,15,4,12
1,<environment.Job instance at 0x14b6dca8eaa0>,13,2,[2 5],14,14,16,0,14
1,<environment.Job instance at 0x14b6de433050>,6,1,[7 2],7,7,8,0,7
1,<environment.Job instance at 0x14b6de4353c0>,8,18,[9 2],9,11,29,2,11
1,<environment.Job instance at 0x14b6de5daa00>,11,16,[1 7],12,12,28,0,12
1,<environment.Job instance at 0x14b6de435410>,10,1,[8 2],11,29,30,18,13
1,<environment.Job instance at 0x14b6de488e60>,13,15,[1 6],14,28,43,14,15
1,<environment.Job instance at 0x14b6dca8ec80>,3,1,[5 2],4,30,31,26,15
1,<environment.Job instance at 0x14b6de4442d0>,5,3,[1 7],6,6,9,0,6
1,<environment.Job instance at 0x14b6e73642d0>,10,1,[8 1],11,11,12,0,11
1,<environment.Job instance at 0x14b6e73648c0>,7,2,[7 1],8,13,15,5,13
1,<environment.Job instance at 0x14b6e7364730>,12,15,[10  1],13,15,30,2,14
1,<environment.Job instance at 0x14b6e7364460>,13,2,[7 1],14,30,32,16,15
1,<environment.Job instance at 0x14b6e7364b90>,11,3,[2 8],12,30,33,18,19
1,<environment.Job instance at 0x14b6e71cca00>,2,2,[2 7],3,6,8,3,6
1,<environment.Job instance at 0x14b6e4602e10>,5,2,[2 8],6,8,10,2,6
1,<environment.Job instance at 0x14b6e4602190>,4,2,[7 1],5,6,8,1,6
1,<environment.Job instance at 0x14b6e4602780>,8,1,[8 1],9,10,11,1,10
1,<environment.Job instance at 0x14b6e45bc1e0>,13,26,[10  1],14,19,45,5,19
1,<environment.Job instance at 0x14b6e45bc2d0>,12,3,[2 7],13,45,48,32,19
1,<environment.Job instance at 0x14b6e45a7eb0>,2,2,[1 6],3,4,6,1,4
1,<environment.Job instance at 0x14b6e45a77d0>,5,13,[2 6],6,6,19,0,6
1,<environment.Job instance at 0x14b6e0f52e10>,4,3,[5 2],5,6,9,1,6
1,<environment.Job instance at 0x14b6e0f4fe10>,11,14,[2 9],12,19,33,7,14
1,<environment.Job instance at 0x14b6e0f4f690>,12,18,[10  1],13,33,51,20,27
1,<environment.Job instance at 0x14b6e0e29910>,0,2,[2 7],1,2,4,1,2
1,<environment.Job instance at 0x14b6e2ed9f00>,3,3,[10  1],4,6,9,2,6
1,<environment.Job instance at 0x14b6e71c3f00>,1,1,[5 2],2,9,10,7,7
1,<environment.Job instance at 0x14b6e2ed93c0>,7,18,[2 6],8,9,27,1,8
1,<environment.Job instance at 0x14b6e2ed9d70>,10,3,[9 2],11,27,30,16,12
1,<environment.Job instance at 0x14b6e2ed9e60>,11,14,[9 2],12,30,44,18,19
1,<environment.Job instance at 0x14b6e2e665f0>,4,12,[2 8],5,5,17,0,5
1,<environment.Job instance at 0x14b6e2e66b40>,3,3,[2 6],4,17,20,13,6
1,<environment.Job instance at 0x14b6e2e663c0>,2,17,[1 9],3,20,37,17,8
1,<environment.Job instance at 0x14b6e47c93c0>,7,2,[1 5],8,37,39,29,12
1,<environment.Job instance at 0x14b6e4883f00>,9,3,[5 1],10,13,16,3,13
1,<environment.Job instance at 0x14b6e4883410>,11,1,[1 6],12,39,40,27,14
1,<environment.Job instance at 0x14b6e4846dc0>,12,3,[2 6],13,40,43,27,20
1,<environment.Job instance at 0x14b6e4883cd0>,10,12,[1 6],11,43,55,32,31
1,<environment.Job instance at 0x14b6e4993c30>,13,17,[8 2],14,37,54,23,32
1,<environment.Job instance at 0x14b6e2ed9e10>,1,15,[10  2],2,3,18,1,3
1,<environment.Job instance at 0x14b6e63bd910>,0,2,[2 5],1,4,6,3,4
1,<environment.Job instance at 0x14b6e63bd370>,3,1,[2 8],4,7,8,3,7
1,<environment.Job instance at 0x14b6e26bea00>,6,17,[2 7],7,8,25,1,7
1,<environment.Job instance at 0x14b6e26beaf0>,9,1,[10  1],10,25,26,15,11
1,<environment.Job instance at 0x14b6e1673730>,12,2,[2 7],13,26,28,13,15
1,<environment.Job instance at 0x14b6e1673550>,13,14,[2 5],14,28,42,14,26
1,<environment.Job instance at 0x14b6dbb38410>,5,15,[6 1],6,9,24,3,9
1,<environment.Job instance at 0x14b6dbb38460>,8,14,[ 2 10],9,24,38,15,11
1,<environment.Job instance at 0x14b6e48158c0>,1,1,[1 9],2,14,15,12,14
1,<environment.Job instance at 0x14b6dbb38aa0>,13,1,[7 1],14,38,39,24,14
1,<environment.Job instance at 0x14b6dc09a5f0>,3,1,[6 2],4,5,6,1,5
1,<environment.Job instance at 0x14b6dc09a730>,4,2,[7 1],5,6,8,1,5
1,<environment.Job instance at 0x14b6dc09a960>,9,12,[1 8],10,11,23,1,11
1,<environment.Job instance at 0x14b6dc09a550>,7,3,[10  1],8,23,26,15,11
1,<environment.Job instance at 0x14b6dc09acd0>,10,13,[1 7],11,26,39,15,13
1,<environment.Job instance at 0x14b6dc0c6500>,13,1,[10  2],14,39,40,25,15
1,<environment.Job instance at 0x14b6e46a0be0>,3,2,[9 2],4,4,6,0,4
1,<environment.Job instance at 0x14b6e4ae5b40>,4,2,[5 1],5,7,9,2,7
1,<environment.Job instance at 0x14b6dc09ac80>,2,1,[9 2],3,9,10,6,7
1,<environment.Job instance at 0x14b6e4e4d2d0>,9,2,[7 1],10,10,12,0,10
1,<environment.Job instance at 0x14b6dc0771e0>,7,2,[5 1],8,12,14,4,10
1,<environment.Job instance at 0x14b6e531ccd0>,8,15,[1 7],9,10,25,1,10
1,<environment.Job instance at 0x14b6e48be640>,11,3,[1 6],12,25,28,13,12
1,<environment.Job instance at 0x14b6e48be1e0>,10,13,[6 2],11,14,27,3,12
1,<environment.Job instance at 0x14b6dc02c4b0>,1,18,[2 9],2,4,22,2,4
1,<environment.Job instance at 0x14b6e00ae5a0>,7,3,[ 2 10],8,22,25,14,8
1,<environment.Job instance at 0x14b6e00ae320>,8,13,[5 2],9,25,38,16,14
1,<environment.Job instance at 0x14b6e00ae410>,4,3,[5 1],5,16,19,11,16
1,<environment.Job instance at 0x14b6dce9efa0>,4,3,[8 1],5,5,8,0,5
1,<environment.Job instance at 0x14b6e00800f0>,3,16,[2 9],4,6,22,2,6
1,<environment.Job instance at 0x14b6dce6a320>,12,17,[5 2],13,22,39,9,16
1,<environment.Job instance at 0x14b6dce6abe0>,11,2,[2 5],12,22,24,10,16
1,<environment.Job instance at 0x14b6dce6a910>,13,23,[8 2],14,39,62,25,34
1,<environment.Job instance at 0x14b6dce94050>,0,3,[2 6],1,3,6,2,3
1,<environment.Job instance at 0x14b6de74d910>,5,28,[7 1],6,6,34,0,6
1,<environment.Job instance at 0x14b6dce944b0>,3,3,[2 8],4,9,12,5,9
1,<environment.Job instance at 0x14b6de44d410>,8,12,[1 6],9,12,24,3,9
1,<environment.Job instance at 0x14b6de44df50>,12,3,[1 7],13,24,27,11,13
1,<environment.Job instance at 0x14b6de44de10>,13,3,[9 2],14,34,37,20,14
1,<environment.Job instance at 0x14b6de439550>,2,12,[10  2],3,5,17,2,5
1,<environment.Job instance at 0x14b6dfd17a00>,7,2,[2 5],8,17,19,9,8
1,<environment.Job instance at 0x14b6de439870>,4,3,[1 8],5,19,22,14,8
1,<environment.Job instance at 0x14b6dff80140>,10,2,[7 1],11,19,21,8,19
1,<environment.Job instance at 0x14b6ddb96d20>,1,1,[7 1],2,2,3,0,2
1,<environment.Job instance at 0x14b6dff0cf50>,2,18,[10  1],3,9,27,6,9
1,<environment.Job instance at 0x14b6edc5de10>,6,3,[1 9],7,27,30,20,11
1,<environment.Job instance at 0x14b6eb2918c0>,7,2,[7 1],8,27,29,19,17
1,<environment.Job instance at 0x14b6e546e690>,0,2,[2 6],1,2,4,1,2
1,<environment.Job instance at 0x14b6e6e46690>,4,2,[9 1],5,5,7,0,5
1,<environment.Job instance at 0x14b6e1207f00>,2,1,[ 2 10],3,7,8,4,7
1,<environment.Job instance at 0x14b6e1254eb0>,9,2,[ 1 10],10,13,15,3,13
1,<environment.Job instance at 0x14b6e0e23b90>,13,1,[2 6],14,17,18,3,17
1,<environment.Job instance at 0x14b6e0827af0>,0,13,[2 8],1,1,14,0,1
1,<environment.Job instance at 0x14b6e07ccf00>,2,3,[9 1],3,14,17,11,4
1,<environment.Job instance at 0x14b6e3c1ad20>,5,3,[6 2],6,7,10,1,7
1,<environment.Job instance at 0x14b6e3c1ae10>,8,1,[9 1],9,17,18,8,9
1,<environment.Job instance at 0x14b6e136a7d0>,1,12,[5 2],2,18,30,16,10
1,<environment.Job instance at 0x14b6e3b703c0>,13,3,[8 2],14,30,33,16,15
1,<environment.Job instance at 0x14b6e3c1a550>,11,1,[8 2],12,33,34,21,26
1,<environment.Job instance at 0x14b6dc02c5a0>,1,3,[2 7],2,2,5,0,2
1,<environment.Job instance at 0x14b6dafc00f0>,2,12,[7 2],3,4,16,1,4
1,<environment.Job instance at 0x14b6e3badd70>,0,2,[1 9],1,16,18,15,7
1,<environment.Job instance at 0x14b6dda30c30>,9,13,[8 2],10,18,31,8,10
1,<environment.Job instance at 0x14b6e3bad730>,7,2,[9 2],8,31,33,23,10
1,<environment.Job instance at 0x14b6db059280>,13,3,[2 7],14,18,21,4,14
1,<environment.Job instance at 0x14b6db059640>,11,1,[10  1],12,33,34,21,15
1,<environment.Job instance at 0x14b6db098a00>,2,3,[6 2],3,5,8,2,5
1,<environment.Job instance at 0x14b6db098410>,0,16,[2 6],1,6,22,5,6
1,<environment.Job instance at 0x14b6dafdc780>,1,3,[1 6],2,22,25,20,9
1,<environment.Job instance at 0x14b6e0ef0460>,7,18,[ 1 10],8,25,43,17,15
1,<environment.Job instance at 0x14b6e0ef0cd0>,13,3,[9 1],14,22,25,8,22
1,<environment.Job instance at 0x14b6e6254640>,5,24,[ 1 10],6,9,33,3,9
1,<environment.Job instance at 0x14b6e6254d20>,10,2,[ 2 10],11,33,35,22,11
1,<environment.Job instance at 0x14b6e6254d70>,11,1,[ 1 10],12,35,36,23,16
1,<environment.Job instance at 0x14b6e62548c0>,12,2,[2 5],13,36,38,23,16
1,<environment.Job instance at 0x14b6e0f05320>,4,3,[1 6],5,6,9,1,6
1,<environment.Job instance at 0x14b6e62041e0>,3,1,[9 2],4,8,9,4,8
1,<environment.Job instance at 0x14b6e0e32500>,6,2,[1 9],7,9,11,2,8
1,<environment.Job instance at 0x14b6e0e32af0>,8,3,[5 2],9,11,14,2,11
1,<environment.Job instance at 0x14b6e0e32280>,9,3,[5 2],10,11,14,1,11
1,<environment.Job instance at 0x14b6e0e32320>,10,2,[1 8],11,14,16,3,12
1,<environment.Job instance at 0x14b6e1160550>,0,1,[1 5],1,2,3,1,2
1,<environment.Job instance at 0x14b6e1160460>,2,1,[9 2],3,3,4,0,3
1,<environment.Job instance at 0x14b6dbe36e60>,7,1,[5 1],8,9,10,1,9
1,<environment.Job instance at 0x14b6dbd052d0>,8,15,[1 8],9,9,24,0,9
1,<environment.Job instance at 0x14b6dbd88af0>,12,13,[10  1],13,24,37,11,13
1,<environment.Job instance at 0x14b6dbd6d9b0>,2,3,[ 2 10],3,3,6,0,3
1,<environment.Job instance at 0x14b6dbc662d0>,0,2,[7 2],1,6,8,5,3
1,<environment.Job instance at 0x14b6dbd6b0f0>,3,2,[2 5],4,6,8,2,4
1,<environment.Job instance at 0x14b6e4d8fcd0>,4,2,[9 1],5,8,10,3,8
1,<environment.Job instance at 0x14b6dbd6db90>,5,14,[1 8],6,9,23,3,9
1,<environment.Job instance at 0x14b6e4d8fb40>,12,16,[1 8],13,23,39,10,13
1,<environment.Job instance at 0x14b6e4d8fa00>,10,2,[9 1],11,14,16,3,14
1,<environment.Job instance at 0x14b6e47490a0>,0,2,[ 2 10],1,2,4,1,2
1,<environment.Job instance at 0x14b6e78f5eb0>,2,3,[2 9],3,4,7,1,4
1,<environment.Job instance at 0x14b6de1785a0>,1,1,[8 2],2,7,8,5,5
1,<environment.Job instance at 0x14b6e4749cd0>,6,17,[2 8],7,8,25,1,8
1,<environment.Job instance at 0x14b6e4a26e60>,10,1,[10  2],11,25,26,14,13
1,<environment.Job instance at 0x14b6e4a26730>,11,2,[ 1 10],12,26,28,14,15
1,<environment.Job instance at 0x14b6e6f30550>,3,18,[8 2],4,8,26,4,8
1,<environment.Job instance at 0x14b6ddb005a0>,6,3,[ 2 10],7,26,29,19,9
1,<environment.Job instance at 0x14b6ddc1c320>,11,12,[5 1],12,29,41,17,14
1,<environment.Job instance at 0x14b6ddc1c5f0>,12,13,[1 7],13,29,42,16,16
1,<environment.Job instance at 0x14b6de0d3e60>,2,3,[7 1],3,3,6,0,3
1,<environment.Job instance at 0x14b6de0d3550>,0,20,[1 9],1,3,23,2,3
1,<environment.Job instance at 0x14b6df6a8230>,6,3,[1 5],7,23,26,16,7
1,<environment.Job instance at 0x14b6df6d4500>,4,1,[6 2],5,23,24,18,9
1,<environment.Job instance at 0x14b6df712280>,11,12,[2 6],12,26,38,14,13
1,<environment.Job instance at 0x14b6ddc1c960>,1,3,[1 6],2,2,5,0,2
1,<environment.Job instance at 0x14b6deef5fa0>,8,17,[2 7],9,15,32,6,15
1,<environment.Job instance at 0x14b6e66997d0>,1,1,[1 5],2,2,3,0,2
1,<environment.Job instance at 0x14b6e6699a00>,2,2,[8 2],3,5,7,2,5
1,<environment.Job instance at 0x14b6e66998c0>,3,1,[7 1],4,7,8,3,6
1,<environment.Job instance at 0x14b6e5f625f0>,6,3,[1 8],7,10,13,3,10
1,<environment.Job instance at 0x14b6e61b23c0>,10,2,[1 9],11,13,15,2,11
1,<environment.Job instance at 0x14b6e61b2140>,11,1,[8 2],12,15,16,3,13
1,<environment.Job instance at 0x14b6e7642960>,0,14,[9 1],1,5,19,4,5
1,<environment.Job instance at 0x14b6e7642be0>,2,2,[2 7],3,19,21,16,5
1,<environment.Job instance at 0x14b6dee4d320>,5,1,[5 1],6,19,20,13,11
1,<environment.Job instance at 0x14b6de04e190>,11,3,[2 8],12,21,24,9,12
1,<environment.Job instance at 0x14b6de03fe10>,13,1,[10  2],14,24,25,10,14
1,<environment.Job instance at 0x14b6de03f230>,12,16,[1 7],13,25,41,12,15
1,<environment.Job instance at 0x14b6e7797730>,1,3,[10  2],2,6,9,4,6
1,<environment.Job instance at 0x14b6dca441e0>,6,15,[ 1 10],7,10,25,3,10
1,<environment.Job instance at 0x14b6dca3ca00>,11,3,[6 2],12,25,28,13,12
1,<environment.Job instance at 0x14b6dca3cc80>,12,1,[2 9],13,28,29,15,17
1,<environment.Job instance at 0x14b6dce1e320>,1,2,[1 7],2,2,4,0,2
1,<environment.Job instance at 0x14b6dd7abbe0>,3,13,[10  2],4,5,18,1,5
1,<environment.Job instance at 0x14b6dddf7640>,2,1,[8 1],3,18,19,15,5
1,<environment.Job instance at 0x14b6dd41d910>,6,2,[8 2],7,19,21,12,9
1,<environment.Job instance at 0x14b6dd41d230>,5,1,[2 8],6,18,19,12,9
1,<environment.Job instance at 0x14b6dd41daa0>,9,2,[6 2],10,21,23,11,10
1,<environment.Job instance at 0x14b6dd41d410>,11,21,[2 5],12,19,40,7,12
1,<environment.Job instance at 0x14b6dd3e7f50>,2,14,[2 6],3,5,19,2,5
1,<environment.Job instance at 0x14b6ea6753c0>,11,16,[2 5],12,19,35,7,12
1,<environment.Job instance at 0x14b6e6bad4b0>,0,3,[1 8],1,5,8,4,5
1,<environment.Job instance at 0x14b6e6bad820>,2,2,[10  1],3,9,11,6,9
1,<environment.Job instance at 0x14b6de48bd20>,5,3,[5 1],6,11,14,5,10
1,<environment.Job instance at 0x14b6dd005aa0>,10,3,[ 2 10],11,14,17,3,11
1,<environment.Job instance at 0x14b6dd11b370>,8,1,[2 7],9,11,12,2,11
1,<environment.Job instance at 0x14b6dcfc3fa0>,11,2,[1 5],12,12,14,0,12
1,<environment.Job instance at 0x14b6dd50a0f0>,13,3,[1 9],14,17,20,3,14
1,<environment.Job instance at 0x14b6dd1b7780>,0,3,[9 2],1,3,6,2,3
1,<environment.Job instance at 0x14b6dd1d6190>,4,13,[5 1],5,6,19,1,5
1,<environment.Job instance at 0x14b6e32a82d0>,5,3,[1 5],6,7,10,1,7
1,<environment.Job instance at 0x14b6dd2b29b0>,2,2,[7 2],3,19,21,16,7
1,<environment.Job instance at 0x14b6ea675910>,1,19,[2 5],2,10,29,8,8
1,<environment.Job instance at 0x14b6e32a87d0>,8,3,[2 9],9,29,32,20,12
1,<environment.Job instance at 0x14b6e1ab0410>,12,2,[7 2],13,21,23,8,14
1,<environment.Job instance at 0x14b6e1ab0500>,11,2,[1 9],12,32,34,20,14
1,<environment.Job instance at 0x14b6e1ab0dc0>,13,2,[1 9],14,34,36,20,15
1,<environment.Job instance at 0x14b6e4d595a0>,2,1,[2 7],3,3,4,0,3
1,<environment.Job instance at 0x14b6e20d4cd0>,8,2,[1 9],9,9,11,0,9
1,<environment.Job instance at 0x14b6dc40e370>,5,1,[9 1],6,10,11,4,10
1,<environment.Job instance at 0x14b6dd180640>,1,1,[5 1],2,11,12,9,10
1,<environment.Job instance at 0x14b6e20d4d70>,9,12,[6 1],10,12,24,2,10
1,<environment.Job instance at 0x14b6e38a3c30>,1,2,[1 8],2,3,5,1,3
1,<environment.Job instance at 0x14b6e81e79b0>,8,3,[2 7],9,11,14,2,11
1,<environment.Job instance at 0x14b6e82449b0>,5,27,[ 2 10],6,14,41,8,12
1,<environment.Job instance at 0x14b6ddac5fa0>,10,1,[2 7],11,13,14,2,13
1,<environment.Job instance at 0x14b6dec99fa0>,12,3,[1 8],13,14,17,1,14
1,<environment.Job instance at 0x14b6dec99eb0>,11,20,[6 1],12,21,41,9,21
1,<environment.Job instance at 0x14b6dec99b90>,4,1,[5 2],5,5,6,0,5
1,<environment.Job instance at 0x14b6db228550>,5,17,[1 9],6,9,26,3,9
1,<environment.Job instance at 0x14b6db955230>,8,3,[ 1 10],9,26,29,17,11
1,<environment.Job instance at 0x14b6db9555f0>,7,2,[2 5],8,29,31,21,13
1,<environment.Job instance at 0x14b6db955f00>,12,3,[1 6],13,31,34,18,17
1,<environment.Job instance at 0x14b6db955b40>,11,1,[10  2],12,34,35,22,17
1,<environment.Job instance at 0x14b6db955cd0>,13,3,[1 5],14,35,38,21,20
1,<environment.Job instance at 0x14b6db6211e0>,3,16,[5 2],4,4,20,0,4
1,<environment.Job instance at 0x14b6db7522d0>,2,3,[1 9],3,20,23,17,4
1,<environment.Job instance at 0x14b6e4481280>,8,17,[10  2],9,23,40,14,16
1,<environment.Job instance at 0x14b6db8f9e10>,1,13,[1 6],2,3,16,1,3
1,<environment.Job instance at 0x14b6e93ab460>,3,1,[9 1],4,5,6,1,5
1,<environment.Job instance at 0x14b6e440ecd0>,2,2,[ 1 10],3,16,18,13,6
1,<environment.Job instance at 0x14b6e93ab5f0>,5,14,[ 2 10],6,18,32,12,9
1,<environment.Job instance at 0x14b6e93abc80>,7,3,[1 6],8,32,35,24,10
1,<environment.Job instance at 0x14b6e2b626e0>,12,1,[9 2],13,13,14,0,13
1,<environment.Job instance at 0x14b6e93ab0f0>,9,18,[7 2],10,32,50,22,21
1,<environment.Job instance at 0x14b6e0f457d0>,2,1,[10  2],3,3,4,0,3
1,<environment.Job instance at 0x14b6e0f45aa0>,4,3,[ 1 10],5,9,12,4,9
1,<environment.Job instance at 0x14b6dfce56e0>,6,2,[7 2],7,12,14,5,12
1,<environment.Job instance at 0x14b6e4e6e7d0>,11,1,[6 2],12,14,15,2,12
1,<environment.Job instance at 0x14b6e4e6e8c0>,8,17,[2 7],9,14,31,5,14
1,<environment.Job instance at 0x14b6dfd0f230>,13,17,[5 1],14,15,32,1,14
1,<environment.Job instance at 0x14b6df74a0a0>,10,18,[5 2],11,31,49,20,21
1,<environment.Job instance at 0x14b6e4ecad70>,3,18,[8 1],4,4,22,0,4
1,<environment.Job instance at 0x14b6e48dbcd0>,5,12,[1 5],6,8,20,2,8
1,<environment.Job instance at 0x14b6e494ac80>,7,2,[8 2],8,22,24,14,10
1,<environment.Job instance at 0x14b6e494a6e0>,9,2,[5 2],10,24,26,14,12
1,<environment.Job instance at 0x14b6e494aa00>,11,1,[6 1],12,28,29,16,28
1,<environment.Job instance at 0x14b6e4a0deb0>,0,3,[1 7],1,3,6,2,3
1,<environment.Job instance at 0x14b6e2517640>,4,1,[8 1],5,5,6,0,5
1,<environment.Job instance at 0x14b6e4a0da50>,5,18,[10  1],6,10,28,4,10
1,<environment.Job instance at 0x14b6e2145690>,10,2,[10  2],11,28,30,17,12
1,<environment.Job instance at 0x14b6e34fa910>,0,21,[1 6],1,2,23,1,2
1,<environment.Job instance at 0x14b6e50b52d0>,2,1,[1 9],3,23,24,20,3
1,<environment.Job instance at 0x14b6e827b7d0>,5,2,[5 2],6,7,9,1,7
1,<environment.Job instance at 0x14b6e7e49a50>,7,3,[9 2],8,9,12,1,9
1,<environment.Job instance at 0x14b6e492ffa0>,3,1,[1 8],4,24,25,20,9
1,<environment.Job instance at 0x14b6e827b500>,8,2,[9 2],9,12,14,3,11
1,<environment.Job instance at 0x14b6e7e49190>,10,2,[2 9],11,25,27,14,11
1,<environment.Job instance at 0x14b6e7e49c80>,9,2,[2 9],10,27,29,17,11
1,<environment.Job instance at 0x14b6e7e49d20>,12,1,[5 1],13,17,18,4,17
1,<environment.Job instance at 0x14b6e7e490f0>,13,12,[8 1],14,18,30,4,17
1,<environment.Job instance at 0x14b6e2145f50>,1,1,[5 2],2,2,3,0,2
1,<environment.Job instance at 0x14b6e701dd70>,0,18,[5 2],1,5,23,4,5
1,<environment.Job instance at 0x14b6e6515e60>,4,3,[1 7],5,6,9,1,6
1,<environment.Job instance at 0x14b6e6515a50>,5,17,[2 5],6,9,26,3,7
1,<environment.Job instance at 0x14b6e7ebecd0>,7,2,[5 1],8,23,25,15,9
1,<environment.Job instance at 0x14b6e4034640>,12,3,[ 2 10],13,26,29,13,17
1,<environment.Job instance at 0x14b6e198e320>,4,3,[ 1 10],5,5,8,0,5
1,<environment.Job instance at 0x14b6e198e4b0>,11,3,[1 7],12,13,16,1,13
1,<environment.Job instance at 0x14b6e198eeb0>,7,2,[6 1],8,13,15,5,13
1,<environment.Job instance at 0x14b6e1a8eeb0>,13,17,[1 7],14,16,33,2,14
1,<environment.Job instance at 0x14b6e69ba960>,0,2,[2 8],1,3,5,2,3
1,<environment.Job instance at 0x14b6e69ba280>,2,2,[1 9],3,5,7,2,5
1,<environment.Job instance at 0x14b6e69ba640>,3,2,[10  2],4,7,9,3,6
1,<environment.Job instance at 0x14b6e69ba780>,7,17,[9 1],8,9,26,1,9
1,<environment.Job instance at 0x14b6e0c9d640>,9,3,[7 1],10,26,29,16,10
1,<environment.Job instance at 0x14b6e1ea0fa0>,0,12,[1 7],1,1,13,0,1
1,<environment.Job instance at 0x14b6e8213370>,7,13,[1 8],8,13,26,5,11
1,<environment.Job instance at 0x14b6e77f1730>,11,3,[7 1],12,19,22,7,19
1,<environment.Job instance at 0x14b6e77f1190>,13,2,[6 1],14,22,24,8,19
1,<environment.Job instance at 0x14b6e26ec9b0>,8,22,[2 9],9,27,49,18,27
1,<environment.Job instance at 0x14b6e7dbd640>,0,17,[2 6],1,1,18,0,1
1,<environment.Job instance at 0x14b6e3370e10>,1,1,[9 1],2,18,19,16,5
1,<environment.Job instance at 0x14b6db7352d0>,8,2,[1 8],9,18,20,9,9
1,<environment.Job instance at 0x14b6e314f3c0>,2,2,[6 1],3,10,12,7,10
1,<environment.Job instance at 0x14b6db10c370>,11,1,[2 5],12,20,21,8,14
1,<environment.Job instance at 0x14b6db735870>,10,1,[8 2],11,20,21,9,20
1,<environment.Job instance at 0x14b6e38139b0>,3,2,[2 6],4,5,7,1,5
1,<environment.Job instance at 0x14b6e37d0eb0>,4,1,[ 2 10],5,7,8,2,7
1,<environment.Job instance at 0x14b6e82eee60>,5,2,[2 5],6,9,11,3,9
1,<environment.Job instance at 0x14b6e82ee280>,7,1,[8 1],8,9,10,1,9
1,<environment.Job instance at 0x14b6e82ee690>,8,15,[1 8],9,11,26,2,9
1,<environment.Job instance at 0x14b6e82ee960>,9,18,[6 1],10,18,36,8,18
1,<environment.Job instance at 0x14b6e60211e0>,12,18,[1 8],13,26,44,13,20
1,<environment.Job instance at 0x14b6e82c8e60>,3,1,[10  1],4,4,5,0,4
1,<environment.Job instance at 0x14b6e1b9e230>,7,2,[1 8],8,10,12,2,10
1,<environment.Job instance at 0x14b6e30c4be0>,2,2,[7 1],3,5,7,2,5
1,<environment.Job instance at 0x14b6dcda0f50>,5,18,[ 2 10],6,7,25,1,6
1,<environment.Job instance at 0x14b6e30c4550>,3,14,[5 1],4,25,39,21,10
1,<environment.Job instance at 0x14b6dce98c80>,10,3,[9 2],11,39,42,28,13
1,<environment.Job instance at 0x14b6e4a22a00>,13,3,[10  2],14,42,45,28,22
1,<environment.Job instance at 0x14b6e04182d0>,3,15,[2 9],4,6,21,2,6
1,<environment.Job instance at 0x14b6e3436fa0>,11,13,[2 6],12,21,34,9,14
1,<environment.Job instance at 0x14b6e170caa0>,3,3,[ 1 10],4,5,8,1,5
1,<environment.Job instance at 0x14b6e170cbe0>,0,1,[1 5],1,8,9,7,5
1,<environment.Job instance at 0x14b6e1617c80>,5,18,[2 8],6,9,27,3,7
1,<environment.Job instance at 0x14b6e170c280>,4,13,[5 2],5,8,21,3,7
1,<environment.Job instance at 0x14b6e670d500>,8,2,[5 1],9,21,23,12,9
1,<environment.Job instance at 0x14b6e0f8ebe0>,9,14,[10  2],10,27,41,17,14
1,<environment.Job instance at 0x14b6def300a0>,0,1,[5 2],1,2,3,1,2
1,<environment.Job instance at 0x14b6dfc3b960>,2,3,[10  1],3,6,9,3,6
1,<environment.Job instance at 0x14b6dfc3ba50>,4,15,[8 2],5,9,24,4,7
1,<environment.Job instance at 0x14b6dd5e4c30>,6,2,[ 2 10],7,24,26,17,9
1,<environment.Job instance at 0x14b6dd5e4aa0>,8,3,[5 1],9,26,29,17,10
1,<environment.Job instance at 0x14b6dd5e4d70>,11,2,[ 1 10],12,29,31,17,15
1,<environment.Job instance at 0x14b6ddb85640>,13,2,[2 9],14,26,28,12,21
1,<environment.Job instance at 0x14b6dddf08c0>,0,2,[1 7],1,2,4,1,2
1,<environment.Job instance at 0x14b6de3d3550>,1,1,[2 7],2,4,5,2,2
1,<environment.Job instance at 0x14b6dd5f1730>,2,3,[9 1],3,7,10,4,7
1,<environment.Job instance at 0x14b6e5542780>,1,2,[9 1],2,2,4,0,2
1,<environment.Job instance at 0x14b6e196b280>,3,3,[2 5],4,4,7,0,4
1,<environment.Job instance at 0x14b6e7fa2af0>,5,2,[5 2],6,9,11,3,9
1,<environment.Job instance at 0x14b6e1ee6780>,7,1,[ 1 10],8,11,12,3,10
1,<environment.Job instance at 0x14b6dda0ae60>,9,3,[10  2],10,12,15,2,12
1,<environment.Job instance at 0x14b6e4f98d20>,13,3,[ 1 10],14,15,18,1,15
1,<environment.Job instance at 0x14b6df467690>,11,1,[5 1],12,18,19,6,15
1,<environment.Job instance at 0x14b6dd953e10>,12,15,[6 2],13,19,34,6,16
1,<environment.Job instance at 0x14b6deb315a0>,2,20,[2 9],3,3,23,0,3
1,<environment.Job instance at 0x14b6de05ec80>,4,3,[1 6],5,23,26,18,10
1,<environment.Job instance at 0x14b6db536e60>,6,1,[1 5],7,26,27,19,12
1,<environment.Job instance at 0x14b6de23ddc0>,11,1,[1 6],12,27,28,15,13
1,<environment.Job instance at 0x14b6de23dfa0>,13,1,[1 9],14,28,29,14,14
1,<environment.Job instance at 0x14b6de23dcd0>,9,15,[1 7],10,29,44,19,15
1,<environment.Job instance at 0x14b6e00d4460>,2,1,[9 2],3,5,6,2,5
1,<environment.Job instance at 0x14b6e71150a0>,6,17,[1 7],7,10,27,3,10
1,<environment.Job instance at 0x14b6e7115960>,5,12,[8 1],6,10,22,4,10
1,<environment.Job instance at 0x14b6e7115a50>,7,2,[1 6],8,27,29,19,11
1,<environment.Job instance at 0x14b6e23d49b0>,10,17,[6 2],11,22,39,11,12
1,<environment.Job instance at 0x14b6e233f1e0>,2,15,[2 6],3,6,21,3,6
1,<environment.Job instance at 0x14b6dcd0e640>,8,2,[2 9],9,21,23,12,11
1,<environment.Job instance at 0x14b6e3fecd70>,10,13,[7 1],11,11,24,0,11
1,<environment.Job instance at 0x14b6e7c320a0>,11,1,[10  1],12,24,25,12,13
1,<environment.Job instance at 0x14b6e41cbb40>,4,18,[2 5],5,6,24,1,6
1,<environment.Job instance at 0x14b6e7ea3320>,0,18,[1 5],1,7,25,6,7
1,<environment.Job instance at 0x14b6e305b820>,8,3,[10  2],9,25,28,16,16
1,<environment.Job instance at 0x14b6e305bc30>,10,2,[2 8],11,28,30,17,21
1,<environment.Job instance at 0x14b6e2caf370>,0,14,[8 2],1,2,16,1,2
1,<environment.Job instance at 0x14b6dee33140>,1,14,[6 1],2,16,30,14,3
1,<environment.Job instance at 0x14b6dea0f500>,6,3,[2 6],7,10,13,3,10
1,<environment.Job instance at 0x14b6e06bbe60>,2,18,[5 2],3,6,24,3,6
1,<environment.Job instance at 0x14b6e343ff50>,4,1,[2 5],5,6,7,1,6
1,<environment.Job instance at 0x14b6e343fb90>,6,1,[6 1],7,24,25,17,7
1,<environment.Job instance at 0x14b6e00b1140>,1,1,[2 6],2,7,8,5,7
1,<environment.Job instance at 0x14b6e813c8c0>,9,1,[1 6],10,13,14,3,13
1,<environment.Job instance at 0x14b6e813c730>,12,3,[8 2],13,25,28,12,15
1,<environment.Job instance at 0x14b6e67cd910>,13,3,[2 7],14,22,25,8,22
1,<environment.Job instance at 0x14b6dcdbfaa0>,7,2,[1 5],8,9,11,1,9
1,<environment.Job instance at 0x14b6dfcce6e0>,8,15,[8 2],9,10,25,1,10
1,<environment.Job instance at 0x14b6e13a66e0>,9,1,[8 2],10,25,26,15,12
1,<environment.Job instance at 0x14b6dfcce7d0>,11,2,[9 2],12,26,28,14,13
1,<environment.Job instance at 0x14b6e437a640>,6,3,[10  2],7,28,31,21,17
1,<environment.Job instance at 0x14b6dc43c7d0>,5,18,[2 6],6,7,25,1,7
1,<environment.Job instance at 0x14b6dbcd1b90>,2,1,[2 5],3,25,26,22,7
1,<environment.Job instance at 0x14b6dc43c460>,7,3,[1 5],8,25,28,17,9
1,<environment.Job instance at 0x14b6dbcd1550>,4,3,[1 7],5,28,31,23,11
1,<environment.Job instance at 0x14b6dc43cbe0>,12,12,[10  1],13,31,43,18,15
1,<environment.Job instance at 0x14b6e43070f0>,0,18,[2 9],1,1,19,0,1
1,<environment.Job instance at 0x14b6e43079b0>,3,3,[9 2],4,19,22,15,4
1,<environment.Job instance at 0x14b6e5cddaa0>,6,3,[10  2],7,22,25,15,7
1,<environment.Job instance at 0x14b6df0914b0>,11,2,[5 2],12,25,27,13,12
1,<environment.Job instance at 0x14b6dc43cdc0>,1,12,[6 2],2,27,39,25,18
1,<environment.Job instance at 0x14b6e1834b90>,0,3,[9 1],1,6,9,5,6
1,<environment.Job instance at 0x14b6e67efd20>,12,3,[ 2 10],13,13,16,0,13
1,<environment.Job instance at 0x14b6e67ef7d0>,9,2,[2 5],10,16,18,6,13
1,<environment.Job instance at 0x14b6e1834320>,2,1,[1 9],3,18,19,15,13
1,<environment.Job instance at 0x14b6e67ef730>,11,13,[5 2],12,19,32,7,13
1,<environment.Job instance at 0x14b6e05aed70>,4,1,[1 8],5,8,9,3,8
1,<environment.Job instance at 0x14b6de9b6d70>,6,2,[9 2],7,8,10,1,8
1,<environment.Job instance at 0x14b6de9b6140>,5,16,[8 1],6,10,26,4,9
1,<environment.Job instance at 0x14b6df0a86e0>,8,3,[1 6],9,11,14,2,11
1,<environment.Job instance at 0x14b6e6bd2140>,10,2,[6 1],11,26,28,15,11
1,<environment.Job instance at 0x14b6e8187050>,3,3,[8 2],4,4,7,0,4
1,<environment.Job instance at 0x14b6de372050>,2,1,[2 8],3,4,5,1,4
1,<environment.Job instance at 0x14b6e8187af0>,4,14,[2 8],5,5,19,0,5
1,<environment.Job instance at 0x14b6e74a90a0>,8,3,[1 9],9,19,22,10,9
1,<environment.Job instance at 0x14b6e74a9460>,6,17,[7 2],7,22,39,15,10
1,<environment.Job instance at 0x14b6dfbf1140>,12,3,[1 8],13,22,25,9,13
1,<environment.Job instance at 0x14b6e74a9820>,11,3,[5 2],12,14,17,2,14
1,<environment.Job instance at 0x14b6e7767a00>,2,3,[1 8],3,4,7,1,4
1,<environment.Job instance at 0x14b6e77670f0>,3,18,[ 2 10],4,7,25,3,5
1,<environment.Job instance at 0x14b6e5997190>,4,2,[2 6],5,25,27,20,6
1,<environment.Job instance at 0x14b6df844460>,9,2,[2 6],10,27,29,17,11
1,<environment.Job instance at 0x14b6e190aaf0>,8,3,[9 1],9,29,32,20,11
1,<environment.Job instance at 0x14b6e1f69870>,12,13,[1 9],13,29,42,16,15
1,<environment.Job instance at 0x14b6e1f69aa0>,11,1,[5 1],12,25,26,13,16
1,<environment.Job instance at 0x14b6e7f365f0>,1,2,[6 2],2,2,4,0,2
1,<environment.Job instance at 0x14b6df5c5320>,2,2,[9 2],3,4,6,1,3
1,<environment.Job instance at 0x14b6ed6832d0>,0,2,[6 2],1,6,8,5,3
1,<environment.Job instance at 0x14b6df5c5730>,3,1,[2 8],4,6,7,2,4
1,<environment.Job instance at 0x14b6e132b7d0>,13,3,[ 2 10],14,21,24,7,21
1,<environment.Job instance at 0x14b6e132b870>,12,17,[10  2],13,24,41,11,22
1,<environment.Job instance at 0x14b6e737f730>,2,2,[8 2],3,3,5,0,3
1,<environment.Job instance at 0x14b6e5f1e410>,4,13,[2 8],5,6,19,1,6
1,<environment.Job instance at 0x14b6dadf1dc0>,6,2,[9 2],7,19,21,12,8
1,<environment.Job instance at 0x14b6e566ac30>,11,2,[1 9],12,21,23,9,13
1,<environment.Job instance at 0x14b6e398ecd0>,0,17,[8 2],1,1,18,0,1
1,<environment.Job instance at 0x14b6e6f67d70>,3,2,[ 1 10],4,18,20,14,6
1,<environment.Job instance at 0x14b6e6f67e10>,8,12,[1 7],9,20,32,11,9
1,<environment.Job instance at 0x14b6e6f67230>,9,3,[7 2],10,20,23,10,13
1,<environment.Job instance at 0x14b6e7a01780>,12,15,[5 1],13,23,38,10,14
1,<environment.Job instance at 0x14b6e7a010f0>,11,16,[2 6],12,39,55,27,39
1,<environment.Job instance at 0x14b6e6fb23c0>,8,14,[9 1],9,11,25,2,11
1,<environment.Job instance at 0x14b6e1f7f960>,10,1,[ 1 10],11,25,26,14,14
1,<environment.Job instance at 0x14b6e6fb2500>,12,3,[6 2],13,26,29,13,14
1,<environment.Job instance at 0x14b6e2f01460>,5,2,[6 2],6,29,31,23,14
1,<environment.Job instance at 0x14b6e6fb2aa0>,11,17,[ 1 10],12,31,48,19,27
1,<environment.Job instance at 0x14b6e44c4eb0>,2,3,[5 1],3,3,6,0,3
1,<environment.Job instance at 0x14b6e3c32910>,0,3,[2 7],1,5,8,4,5
1,<environment.Job instance at 0x14b6dbbb01e0>,3,17,[1 8],4,8,25,4,6
1,<environment.Job instance at 0x14b6e3e58f00>,1,2,[8 2],2,9,11,7,9
1,<environment.Job instance at 0x14b6db9bf6e0>,8,15,[2 9],9,25,40,16,17
1,<environment.Job instance at 0x14b6db9bf910>,2,14,[1 7],3,3,17,0,3
1,<environment.Job instance at 0x14b6e40f4190>,3,2,[5 1],4,5,7,1,5
1,<environment.Job instance at 0x14b6e40f4eb0>,9,3,[10  2],10,17,20,7,10
1,<environment.Job instance at 0x14b6e03a35a0>,10,1,[6 1],11,12,13,1,12
1,<environment.Job instance at 0x14b6e03a32d0>,12,3,[8 1],13,14,17,1,14
1,<environment.Job instance at 0x14b6e03a3050>,13,1,[2 7],14,26,27,12,26
1,<environment.Job instance at 0x14b6dcd2d9b0>,0,15,[6 1],1,2,17,1,2
1,<environment.Job instance at 0x14b6dcd2de60>,4,2,[2 7],5,9,11,4,9
1,<environment.Job instance at 0x14b6dcd2dd70>,6,14,[8 1],7,17,31,10,9
1,<environment.Job instance at 0x14b6e59cb2d0>,8,2,[1 5],9,11,13,2,9
1,<environment.Job instance at 0x14b6e59cb140>,9,2,[2 8],10,13,15,3,13
1,<environment.Job instance at 0x14b6dadd8550>,11,28,[8 1],12,12,40,0,12
1,<environment.Job instance at 0x14b6ec9bc550>,7,13,[1 7],8,12,25,4,12
1,<environment.Job instance at 0x14b6dc7c1a50>,0,3,[2 9],1,4,7,3,4
1,<environment.Job instance at 0x14b6dc7ad8c0>,2,3,[ 2 10],3,7,10,4,4
1,<environment.Job instance at 0x14b6dd68faa0>,7,17,[1 8],8,10,27,2,8
1,<environment.Job instance at 0x14b6dc7ad460>,3,1,[2 8],4,27,28,23,8
1,<environment.Job instance at 0x14b6e633ef00>,9,3,[1 6],10,28,31,18,11
1,<environment.Job instance at 0x14b6e633e870>,11,3,[ 1 10],12,31,34,19,12
1,<environment.Job instance at 0x14b6e633ed20>,13,3,[2 6],14,34,37,20,14
1,<environment.Job instance at 0x14b6e633e6e0>,10,2,[2 7],11,37,39,26,14
1,<environment.Job instance at 0x14b6e3ed3fa0>,3,3,[8 1],4,4,7,0,4
1,<environment.Job instance at 0x14b6e3ed3b40>,4,3,[10  2],5,7,10,2,7
1,<environment.Job instance at 0x14b6dff102d0>,8,17,[2 6],9,10,27,1,9
1,<environment.Job instance at 0x14b6e42f9f50>,10,1,[7 1],11,11,12,0,11
1,<environment.Job instance at 0x14b6dff10eb0>,6,1,[5 2],7,12,13,5,11
1,<environment.Job instance at 0x14b6e2231cd0>,0,3,[10  2],1,5,8,4,5
1,<environment.Job instance at 0x14b6e42f9eb0>,1,1,[2 5],2,8,9,6,5
1,<environment.Job instance at 0x14b6e491ddc0>,3,3,[1 8],4,9,12,5,9
1,<environment.Job instance at 0x14b6dcbe7be0>,7,2,[ 1 10],8,12,14,4,10
1,<environment.Job instance at 0x14b6de5f66e0>,9,19,[ 2 10],10,14,33,4,13
1,<environment.Job instance at 0x14b6dcd0d190>,10,1,[1 5],11,33,34,22,14
1,<environment.Job instance at 0x14b6dcd0daf0>,13,3,[2 8],14,34,37,20,22
1,<environment.Job instance at 0x14b6e6b9b370>,3,2,[9 1],4,4,6,0,4
1,<environment.Job instance at 0x14b6deb87730>,2,2,[2 9],3,7,9,4,7
1,<environment.Job instance at 0x14b6deb87690>,5,3,[9 2],6,10,13,4,10
1,<environment.Job instance at 0x14b6e6b9b8c0>,11,1,[8 1],12,13,14,1,12
1,<environment.Job instance at 0x14b6e45710a0>,13,3,[1 6],14,15,18,1,15
1,<environment.Job instance at 0x14b6e4571cd0>,12,1,[ 1 10],13,19,20,6,19
1,<environment.Job instance at 0x14b6e82194b0>,0,1,[2 9],1,4,5,3,4
1,<environment.Job instance at 0x14b6e74eaf00>,2,1,[1 7],3,5,6,2,5
1,<environment.Job instance at 0x14b6e1fab1e0>,5,1,[6 1],6,8,9,2,8
1,<environment.Job instance at 0x14b6db3cdaa0>,8,1,[ 1 10],9,9,10,0,9
1,<environment.Job instance at 0x14b6db3a3b90>,6,2,[ 2 10],7,11,13,4,11
1,<environment.Job instance at 0x14b6e56ebc30>,10,1,[1 8],11,13,14,2,11
1,<environment.Job instance at 0x14b6e5b1fcd0>,12,12,[10  2],13,15,27,2,15
1,<environment.Job instance at 0x14b6e85f3b40>,6,13,[1 5],7,8,21,1,8
1,<environment.Job instance at 0x14b6e85f39b0>,5,1,[1 9],6,21,22,15,8
1,<environment.Job instance at 0x14b6e85f3be0>,7,2,[7 2],8,12,14,4,12
1,<environment.Job instance at 0x14b6e85f3fa0>,10,15,[1 5],11,22,37,11,12
1,<environment.Job instance at 0x14b6e85f3d20>,11,1,[2 9],12,37,38,25,23
1,<environment.Job instance at 0x14b6c82a81e0>,0,15,[7 1],1,2,17,1,2
1,<environment.Job instance at 0x14b6df59eb90>,2,3,[1 6],3,3,6,0,3
1,<environment.Job instance at 0x14b6dffd1e60>,9,2,[5 2],10,17,19,7,10
1,<environment.Job instance at 0x14b6dffd1960>,11,14,[5 2],12,17,31,5,14
1,<environment.Job instance at 0x14b6dffd10a0>,4,27,[2 6],5,19,46,14,18
1,<environment.Job instance at 0x14b6dffd19b0>,1,2,[1 5],2,3,5,1,3
1,<environment.Job instance at 0x14b6e3388960>,4,3,[7 2],5,5,8,0,5
1,<environment.Job instance at 0x14b6e3388d20>,5,16,[2 9],6,8,24,2,7
1,<environment.Job instance at 0x14b6e07cc640>,11,2,[1 8],12,24,26,12,14
1,<environment.Job instance at 0x14b6e07cc8c0>,12,3,[6 1],13,15,18,2,15
1,<environment.Job instance at 0x14b6e03753c0>,1,3,[5 1],2,4,7,2,4
1,<environment.Job instance at 0x14b6e122a550>,3,2,[1 6],4,4,6,0,4
1,<environment.Job instance at 0x14b6db421e10>,5,1,[1 6],6,6,7,0,6
1,<environment.Job instance at 0x14b6e122a5a0>,4,2,[5 2],5,7,9,2,6
1,<environment.Job instance at 0x14b6de1812d0>,8,20,[ 1 10],9,9,29,0,9
1,<environment.Job instance at 0x14b6dea785a0>,9,1,[1 7],10,29,30,19,10
1,<environment.Job instance at 0x14b6e32de500>,7,3,[7 2],8,29,32,21,12
1,<environment.Job instance at 0x14b6dea780f0>,13,12,[6 1],14,32,44,18,17
1,<environment.Job instance at 0x14b6e95261e0>,0,12,[8 1],1,1,13,0,1
1,<environment.Job instance at 0x14b6e555a8c0>,2,13,[10  2],3,13,26,10,8
1,<environment.Job instance at 0x14b6dcd9aa00>,9,2,[ 1 10],10,26,28,16,10
1,<environment.Job instance at 0x14b6dcd9a500>,10,1,[8 1],11,28,29,17,14
1,<environment.Job instance at 0x14b6dab899b0>,4,13,[9 1],5,29,42,24,14
1,<environment.Job instance at 0x14b6e555aa50>,3,17,[5 1],4,42,59,38,35
1,<environment.Job instance at 0x14b6e2149e10>,0,1,[1 8],1,3,4,2,3
1,<environment.Job instance at 0x14b6e2149af0>,2,1,[9 1],3,4,5,1,4
1,<environment.Job instance at 0x14b6db5e12d0>,6,27,[5 2],7,7,34,0,7
1,<environment.Job instance at 0x14b6db3fa410>,1,3,[2 5],2,8,11,6,8
1,<environment.Job instance at 0x14b6eb2837d0>,10,3,[1 6],11,13,16,2,13
1,<environment.Job instance at 0x14b6eb283be0>,9,2,[6 1],10,34,36,24,14
1,<environment.Job instance at 0x14b6e0c80f50>,11,3,[5 2],12,16,19,4,15
1,<environment.Job instance at 0x14b6eb283730>,12,3,[1 7],13,27,30,14,27
1,<environment.Job instance at 0x14b6defc6870>,1,2,[2 7],2,6,8,4,6
1,<environment.Job instance at 0x14b6e09650f0>,7,1,[1 5],8,8,9,0,8
1,<environment.Job instance at 0x14b6e0965e10>,10,16,[1 9],11,11,27,0,11
1,<environment.Job instance at 0x14b6e09655a0>,12,13,[10  1],13,27,40,14,14
1,<environment.Job instance at 0x14b6e0965550>,11,2,[2 9],12,40,42,28,19
1,<environment.Job instance at 0x14b6ded35140>,2,2,[10  2],3,3,5,0,3
1,<environment.Job instance at 0x14b6dd82c910>,4,2,[10  1],5,7,9,2,7
1,<environment.Job instance at 0x14b6e4779730>,12,3,[1 6],13,16,19,3,16
1,<environment.Job instance at 0x14b6e47790a0>,13,1,[7 1],14,19,20,5,19
1,<environment.Job instance at 0x14b6df011780>,3,12,[5 1],4,4,16,0,4
1,<environment.Job instance at 0x14b6e72d9f00>,0,3,[1 7],1,5,8,4,5
1,<environment.Job instance at 0x14b6e5d3cb90>,5,3,[6 1],6,16,19,10,7
1,<environment.Job instance at 0x14b6e6c130a0>,1,3,[10  1],2,19,22,17,9
1,<environment.Job instance at 0x14b6e14b35f0>,9,20,[2 7],10,22,42,12,17
1,<environment.Job instance at 0x14b6e5d496e0>,0,17,[10  1],1,1,18,0,1
1,<environment.Job instance at 0x14b6ea510280>,4,2,[2 5],5,18,20,13,5
1,<environment.Job instance at 0x14b6e41344b0>,2,2,[1 9],3,20,22,17,5
1,<environment.Job instance at 0x14b6ea510fa0>,6,1,[7 2],7,18,19,11,9
1,<environment.Job instance at 0x14b6dcffe820>,8,3,[1 9],9,22,25,13,12
1,<environment.Job instance at 0x14b6e5442050>,9,12,[ 2 10],10,25,37,15,12
1,<environment.Job instance at 0x14b6dcffec80>,12,2,[2 7],13,37,39,24,16
1,<environment.Job instance at 0x14b6ee372370>,3,2,[7 1],4,4,6,0,4
1,<environment.Job instance at 0x14b6e991f230>,5,3,[ 2 10],6,7,10,1,7
1,<environment.Job instance at 0x14b6e8f6f960>,7,3,[2 9],8,10,13,2,8
1,<environment.Job instance at 0x14b6dd496230>,6,16,[6 1],7,10,26,3,8
1,<environment.Job instance at 0x14b6e4a5ce60>,12,2,[5 2],13,26,28,13,16
1,<environment.Job instance at 0x14b6e4a5c0a0>,11,18,[6 2],12,28,46,16,17
1,<environment.Job instance at 0x14b6ea53f8c0>,5,15,[1 9],6,8,23,2,8
1,<environment.Job instance at 0x14b6e2892af0>,7,2,[1 6],8,23,25,15,10
1,<environment.Job instance at 0x14b6e61bea50>,13,1,[2 7],14,25,26,11,15
1,<environment.Job instance at 0x14b6e61be050>,12,1,[7 2],13,23,24,10,16
1,<environment.Job instance at 0x14b6e84d27d0>,1,3,[8 1],2,3,6,1,3
1,<environment.Job instance at 0x14b6df8212d0>,2,1,[7 2],3,6,7,3,3
1,<environment.Job instance at 0x14b6e0ec7140>,0,1,[7 1],1,7,8,6,3
1,<environment.Job instance at 0x14b6dfd17af0>,5,20,[5 2],6,8,28,2,6
1,<environment.Job instance at 0x14b6e6f76780>,10,1,[1 9],11,28,29,17,13
1,<environment.Job instance at 0x14b6e6f764b0>,13,2,[10  1],14,29,31,15,14
1,<environment.Job instance at 0x14b6e6f76410>,9,3,[5 1],10,18,21,8,18
1,<environment.Job instance at 0x14b6daee6780>,1,3,[1 6],2,6,9,4,6
1,<environment.Job instance at 0x14b6e85c52d0>,5,1,[2 8],6,9,10,3,6
1,<environment.Job instance at 0x14b6e85dd2d0>,8,1,[10  2],9,10,11,1,10
1,<environment.Job instance at 0x14b6e85ddf00>,10,2,[6 2],11,12,14,1,12
1,<environment.Job instance at 0x14b6e85ddaf0>,11,2,[1 7],12,15,17,3,15
1,<environment.Job instance at 0x14b6e86380a0>,13,15,[1 7],14,17,32,3,16
1,<environment.Job instance at 0x14b6e42f91e0>,0,2,[5 1],1,1,3,0,1
1,<environment.Job instance at 0x14b6e6ddaa00>,10,18,[8 1],11,11,29,0,11
1,<environment.Job instance at 0x14b6e6dda6e0>,13,12,[10  1],14,29,41,15,14
1,<environment.Job instance at 0x14b6e85dd5f0>,1,3,[2 9],2,3,6,1,3
1,<environment.Job instance at 0x14b6de23fa50>,8,13,[6 2],9,13,26,4,13
1,<environment.Job instance at 0x14b6e6b27320>,1,3,[7 2],2,7,10,5,7
1,<environment.Job instance at 0x14b6df2c3780>,8,18,[9 2],9,10,28,1,9
1,<environment.Job instance at 0x14b6dbad9690>,6,1,[7 2],7,28,29,21,11
1,<environment.Job instance at 0x14b6e0ee1230>,13,15,[1 6],14,14,29,0,14
1,<environment.Job instance at 0x14b6dc350c80>,12,1,[2 8],13,31,32,18,31
1,<environment.Job instance at 0x14b6ddb60910>,5,3,[1 7],6,6,9,0,6
1,<environment.Job instance at 0x14b6dabab050>,1,2,[1 8],2,9,11,7,7
1,<environment.Job instance at 0x14b6e6b0fb40>,10,1,[8 1],11,11,12,0,11
1,<environment.Job instance at 0x14b6ddb60730>,3,2,[8 1],4,12,14,8,11
1,<environment.Job instance at 0x14b6e6b0f3c0>,8,3,[1 5],9,13,16,4,13
1,<environment.Job instance at 0x14b6e73cdbe0>,13,2,[7 1],14,15,17,1,15
1,<environment.Job instance at 0x14b6def65550>,12,15,[10  1],13,18,33,5,18
1,<environment.Job instance at 0x14b6e73cda00>,1,1,[6 2],2,5,6,3,5
1,<environment.Job instance at 0x14b6db0d8870>,6,3,[10  1],7,9,12,2,9
1,<environment.Job instance at 0x14b6e4dfdd20>,5,2,[2 8],6,12,14,6,10
1,<environment.Job instance at 0x14b6e78d8820>,8,1,[8 1],9,12,13,3,11
1,<environment.Job instance at 0x14b6e78d8c30>,11,2,[ 1 10],12,14,16,2,13
1,<environment.Job instance at 0x14b6e78d8f00>,10,15,[9 2],11,16,31,5,14
1,<environment.Job instance at 0x14b6dfdbce60>,0,12,[8 2],1,3,15,2,3
1,<environment.Job instance at 0x14b6e52020f0>,5,13,[2 6],6,6,19,0,6
1,<environment.Job instance at 0x14b6e5202410>,8,12,[5 1],9,15,27,6,9
1,<environment.Job instance at 0x14b6e5202640>,10,3,[ 1 10],11,27,30,16,11
1,<environment.Job instance at 0x14b6dc1fca00>,4,3,[5 2],5,19,22,14,12
1,<environment.Job instance at 0x14b6e5202aa0>,13,2,[8 1],14,30,32,16,17
1,<environment.Job instance at 0x14b6e52027d0>,11,14,[2 9],12,30,44,18,17
1,<environment.Job instance at 0x14b6e2b80dc0>,3,3,[10  1],4,4,7,0,4
1,<environment.Job instance at 0x14b6e51f95f0>,2,15,[5 2],3,7,22,4,6
1,<environment.Job instance at 0x14b6dff77b90>,9,17,[1 9],10,22,39,12,12
1,<environment.Job instance at 0x14b6dff77550>,11,14,[9 2],12,39,53,27,36
1,<environment.Job instance at 0x14b6e50e1cd0>,1,23,[1 9],2,3,26,1,3
1,<environment.Job instance at 0x14b6dd856960>,8,12,[8 2],9,26,38,17,10
1,<environment.Job instance at 0x14b6dd856c30>,9,3,[5 1],10,13,16,3,13
1,<environment.Job instance at 0x14b6dd856cd0>,10,12,[1 6],11,26,38,15,15
1,<environment.Job instance at 0x14b6dd856b90>,12,3,[2 6],13,38,41,25,18
1,<environment.Job instance at 0x14b6dd8562d0>,11,1,[1 6],12,41,42,29,20
1,<environment.Job instance at 0x14b6dd8566e0>,13,17,[8 2],14,38,55,24,26
1,<environment.Job instance at 0x14b6dd856eb0>,6,16,[10  2],7,55,71,48,45
1,<environment.Job instance at 0x14b6db252690>,2,18,[10  1],3,3,21,0,3
1,<environment.Job instance at 0x14b6db252370>,4,3,[1 7],5,21,24,16,5
1,<environment.Job instance at 0x14b6dd42c690>,7,3,[8 2],8,21,24,13,8
1,<environment.Job instance at 0x14b6e745ed20>,13,1,[7 1],14,24,25,10,18
1,<environment.Job instance at 0x14b6e745e0a0>,12,1,[7 1],13,25,26,12,19
1,<environment.Job instance at 0x14b6df9e0410>,0,2,[2 5],1,2,4,1,2
1,<environment.Job instance at 0x14b6e4de5be0>,4,2,[10  2],5,5,7,0,5
1,<environment.Job instance at 0x14b6dd856b40>,1,1,[10  1],2,11,12,9,11
1,<environment.Job instance at 0x14b6e4de5dc0>,5,26,[1 9],6,12,38,6,11
1,<environment.Job instance at 0x14b6de8f0fa0>,11,1,[5 2],12,38,39,26,14
1,<environment.Job instance at 0x14b6de8f0500>,13,14,[2 5],14,38,52,24,34
1,<environment.Job instance at 0x14b6e6410eb0>,0,2,[2 6],1,1,3,0,1
1,<environment.Job instance at 0x14b6ea46e8c0>,2,3,[1 7],3,3,6,0,3
1,<environment.Job instance at 0x14b6e9385c80>,3,12,[2 5],4,6,18,2,5
1,<environment.Job instance at 0x14b6e6410550>,1,1,[1 9],2,18,19,16,5
1,<environment.Job instance at 0x14b6e26be370>,6,2,[1 5],7,7,9,0,7
1,<environment.Job instance at 0x14b6e9385af0>,4,13,[2 8],5,19,32,14,7
1,<environment.Job instance at 0x14b6e6f43af0>,12,2,[9 1],13,32,34,19,13
1,<environment.Job instance at 0x14b6e27e3230>,11,2,[5 1],12,14,16,2,14
1,<environment.Job instance at 0x14b6e61d3190>,4,2,[7 1],5,7,9,2,7
1,<environment.Job instance at 0x14b6e01a8d20>,5,3,[7 2],6,9,12,3,9
1,<environment.Job instance at 0x14b6e01a8550>,10,13,[1 7],11,26,39,15,26
1,<environment.Job instance at 0x14b6db36b230>,2,1,[9 2],3,3,4,0,3
1,<environment.Job instance at 0x14b6dfbb8410>,9,2,[7 1],10,11,13,1,11
1,<environment.Job instance at 0x14b6e2070d20>,13,18,[9 1],14,17,35,3,17
1,<environment.Job instance at 0x14b6e4f76aa0>,1,18,[2 9],2,5,23,3,5
1,<environment.Job instance at 0x14b6dd054550>,5,16,[8 1],6,8,24,2,8
1,<environment.Job instance at 0x14b6e2f11c80>,9,1,[2 9],10,23,24,13,11
1,<environment.Job instance at 0x14b6dd0545a0>,6,3,[2 7],7,24,27,17,14
1,<environment.Job instance at 0x14b6e78e84b0>,13,2,[2 9],14,27,29,13,16
1,<environment.Job instance at 0x14b6e2f11140>,10,3,[9 1],11,29,32,18,22
1,<environment.Job instance at 0x14b6e78e8d70>,11,17,[10  2],12,32,49,20,24
1,<environment.Job instance at 0x14b6e445baf0>,2,2,[2 8],3,3,5,0,3
1,<environment.Job instance at 0x14b6e445b410>,4,3,[8 1],5,6,9,1,6
1,<environment.Job instance at 0x14b6da6d2640>,9,13,[10  2],10,11,24,1,11
1,<environment.Job instance at 0x14b6da8399b0>,12,17,[5 2],13,24,41,11,22
1,<environment.Job instance at 0x14b6da61b460>,7,27,[ 1 10],8,41,68,33,39
1,<environment.Job instance at 0x14b6e439cf50>,4,3,[2 7],5,5,8,0,5
1,<environment.Job instance at 0x14b6da83d280>,1,2,[5 2],2,5,7,3,5
1,<environment.Job instance at 0x14b6e439cc30>,2,1,[2 9],3,8,9,5,6
1,<environment.Job instance at 0x14b6e439c140>,6,27,[1 8],7,9,36,2,7
1,<environment.Job instance at 0x14b6e439c640>,7,3,[1 6],8,36,39,28,14
1,<environment.Job instance at 0x14b6db3e2460>,13,3,[9 2],14,14,17,0,14
1,<environment.Job instance at 0x14b6dbce1aa0>,12,3,[1 7],13,39,42,26,14
1,<environment.Job instance at 0x14b6e81dd320>,1,3,[8 1],2,2,5,0,2
1,<environment.Job instance at 0x14b6e13a5780>,0,1,[7 1],1,5,6,4,4
1,<environment.Job instance at 0x14b6e13a5050>,3,1,[2 5],4,5,6,1,5
1,<environment.Job instance at 0x14b6e6ff0780>,5,2,[10  2],6,8,10,2,8
1,<environment.Job instance at 0x14b6e6ff0b40>,7,2,[2 5],8,10,12,2,9
1,<environment.Job instance at 0x14b6e13a50a0>,2,12,[10  2],3,12,24,9,10
1,<environment.Job instance at 0x14b6e6ff0550>,8,3,[8 2],9,24,27,15,10
1,<environment.Job instance at 0x14b6e6ff0af0>,10,2,[7 1],11,27,29,16,12
1,<environment.Job instance at 0x14b6e6ff05a0>,11,3,[8 2],12,29,32,17,13
1,<environment.Job instance at 0x14b6e6ff0d70>,9,2,[2 8],10,24,26,14,18
1,<environment.Job instance at 0x14b6e66905f0>,3,17,[2 6],4,6,23,2,6
1,<environment.Job instance at 0x14b6db764190>,7,2,[7 1],8,9,11,1,9
1,<environment.Job instance at 0x14b6db764370>,10,3,[1 8],11,23,26,12,15
1,<environment.Job instance at 0x14b6db764eb0>,12,18,[2 7],13,26,44,13,15
1,<environment.Job instance at 0x14b6db764a00>,9,2,[7 2],10,15,17,5,15
1,<environment.Job instance at 0x14b6e1234c80>,13,3,[1 5],14,44,47,30,20
1,<environment.Job instance at 0x14b6dc371500>,2,1,[ 2 10],3,4,5,1,4
1,<environment.Job instance at 0x14b6dc371d70>,5,3,[ 1 10],6,7,10,1,7
1,<environment.Job instance at 0x14b6e7a17190>,8,3,[8 1],9,10,13,1,10
1,<environment.Job instance at 0x14b6e4fbf460>,9,2,[ 1 10],10,13,15,3,10
1,<environment.Job instance at 0x14b6ddaf3eb0>,12,2,[1 6],13,18,20,5,18
1,<environment.Job instance at 0x14b6deb1d0a0>,0,13,[2 8],1,2,15,1,2
1,<environment.Job instance at 0x14b6e5f15780>,6,3,[2 5],7,15,18,8,7
1,<environment.Job instance at 0x14b6e685ff00>,2,3,[9 1],3,18,21,15,7
1,<environment.Job instance at 0x14b6e5f156e0>,5,3,[6 2],6,7,10,1,7
1,<environment.Job instance at 0x14b6e3f325a0>,9,1,[2 5],10,15,16,5,10
1,<environment.Job instance at 0x14b6e3f32b40>,10,1,[8 2],11,11,12,0,11
1,<environment.Job instance at 0x14b6e3f321e0>,12,1,[2 5],13,16,17,3,14
1,<environment.Job instance at 0x14b6e34faa00>,0,2,[1 9],1,3,5,2,3
1,<environment.Job instance at 0x14b6e34faa50>,2,12,[7 2],3,5,17,2,3
1,<environment.Job instance at 0x14b6e34fa8c0>,3,12,[8 2],4,17,29,13,6
1,<environment.Job instance at 0x14b6e34fad70>,4,1,[ 1 10],5,29,30,24,6
1,<environment.Job instance at 0x14b6e81c7a50>,6,1,[ 2 10],7,30,31,23,10
1,<environment.Job instance at 0x14b6e7b80aa0>,7,2,[9 2],8,31,33,23,13
1,<environment.Job instance at 0x14b6e81c7780>,5,2,[2 6],6,13,15,7,13
1,<environment.Job instance at 0x14b6e6ff04b0>,1,3,[1 6],2,6,9,4,6
1,<environment.Job instance at 0x14b6e0b93820>,6,3,[2 9],7,9,12,2,9
1,<environment.Job instance at 0x14b6e0b939b0>,8,14,[7 2],9,12,26,3,9
1,<environment.Job instance at 0x14b6e0f386e0>,12,2,[5 2],13,26,28,13,13
1,<environment.Job instance at 0x14b6e0b93a50>,10,2,[ 1 10],11,28,30,17,14
1,<environment.Job instance at 0x14b6e0b93be0>,9,15,[6 1],10,30,45,20,16
1,<environment.Job instance at 0x14b6e340f820>,0,17,[10  1],1,1,18,0,1
1,<environment.Job instance at 0x14b6e340feb0>,1,2,[1 9],2,18,20,16,3
1,<environment.Job instance at 0x14b6e340f6e0>,2,3,[ 2 10],3,20,23,17,3
1,<environment.Job instance at 0x14b6de8f0500>,4,2,[ 2 10],5,23,25,18,7
1,<environment.Job instance at 0x14b6e7bc2c30>,6,3,[10  2],7,25,28,18,8
1,<environment.Job instance at 0x14b6e7bc2550>,7,1,[ 2 10],8,28,29,20,10
1,<environment.Job instance at 0x14b6db745a50>,9,1,[5 1],10,18,19,8,10
1,<environment.Job instance at 0x14b6def322d0>,12,2,[2 5],13,29,31,16,15
1,<environment.Job instance at 0x14b6e82f40f0>,3,1,[9 2],4,5,6,1,5
1,<environment.Job instance at 0x14b6e82f4410>,6,2,[1 9],7,8,10,1,8
1,<environment.Job instance at 0x14b6e5112dc0>,11,16,[5 2],12,14,30,2,14
1,<environment.Job instance at 0x14b6e5112f50>,12,1,[7 2],13,30,31,17,23
1,<environment.Job instance at 0x14b6e5103f00>,3,3,[2 5],4,6,9,2,6
1,<environment.Job instance at 0x14b6e686c4b0>,6,1,[5 2],7,8,9,1,8
1,<environment.Job instance at 0x14b6e1c21aa0>,11,2,[7 1],12,14,16,2,14
1,<environment.Job instance at 0x14b6e1c21910>,12,13,[10  1],13,16,29,3,14
1,<environment.Job instance at 0x14b6df43b780>,10,2,[2 8],11,29,31,18,17
1,<environment.Job instance at 0x14b6df43bf00>,13,1,[1 9],14,31,32,17,20
1,<environment.Job instance at 0x14b6ee5f7dc0>,5,14,[1 8],6,6,20,0,6
1,<environment.Job instance at 0x14b6dabbccd0>,7,2,[2 7],8,20,22,12,8
1,<environment.Job instance at 0x14b6dabbc6e0>,10,2,[9 1],11,13,15,2,13
1,<environment.Job instance at 0x14b6dabbc1e0>,11,3,[ 2 10],12,22,25,10,15
1,<environment.Job instance at 0x14b6e317c780>,12,16,[1 8],13,25,41,12,18
1,<environment.Job instance at 0x14b6db313460>,3,18,[9 1],4,6,24,2,6
1,<environment.Job instance at 0x14b6db313d20>,2,3,[2 9],3,24,27,21,7
1,<environment.Job instance at 0x14b6e2e60460>,7,2,[8 2],8,27,29,19,8
1,<environment.Job instance at 0x14b6e2e60a50>,11,2,[ 1 10],12,29,31,17,12
1,<environment.Job instance at 0x14b6e2e60e10>,8,2,[10  1],9,31,33,22,15
1,<environment.Job instance at 0x14b6e2e60b90>,10,1,[10  2],11,33,34,22,25
1,<environment.Job instance at 0x14b6e5cf9cd0>,1,2,[1 7],2,2,4,0,2
1,<environment.Job instance at 0x14b6e3c58370>,4,18,[1 9],5,8,26,3,8
1,<environment.Job instance at 0x14b6e1dd0c30>,9,2,[2 6],10,26,28,16,12
1,<environment.Job instance at 0x14b6e1dd0d20>,10,14,[2 5],11,28,42,17,14
1,<environment.Job instance at 0x14b6ddd1b780>,2,3,[7 1],3,5,8,2,5
1,<environment.Job instance at 0x14b6ddd1b640>,0,20,[1 9],1,5,25,4,5
1,<environment.Job instance at 0x14b6e2886690>,5,1,[9 2],6,25,26,19,7
1,<environment.Job instance at 0x14b6ddd1b050>,4,1,[6 2],5,26,27,21,11
1,<environment.Job instance at 0x14b6dbfe4b90>,11,12,[2 6],12,26,38,14,13
1,<environment.Job instance at 0x14b6e75074b0>,2,1,[6 2],3,5,6,2,5
1,<environment.Job instance at 0x14b6df096c80>,5,3,[1 9],6,6,9,0,6
1,<environment.Job instance at 0x14b6e50a63c0>,4,1,[1 8],5,9,10,4,9
1,<environment.Job instance at 0x14b6df0961e0>,7,2,[ 2 10],8,11,13,3,11
1,<environment.Job instance at 0x14b6df0962d0>,10,14,[2 5],11,13,27,2,11
1,<environment.Job instance at 0x14b6df096730>,11,3,[7 1],12,13,16,1,13
1,<environment.Job instance at 0x14b6e7807050>,2,2,[8 2],3,3,5,0,3
1,<environment.Job instance at 0x14b6e312d190>,3,1,[7 1],4,5,6,1,5
1,<environment.Job instance at 0x14b6e0434690>,5,1,[8 2],6,6,7,0,6
1,<environment.Job instance at 0x14b6e26d3690>,6,3,[1 8],7,7,10,0,7
1,<environment.Job instance at 0x14b6e41e1d20>,8,16,[2 6],9,11,27,2,11
1,<environment.Job instance at 0x14b6e04a2690>,10,2,[1 9],11,27,29,16,14
1,<environment.Job instance at 0x14b6e7807f50>,4,16,[10  2],5,29,45,24,17
1,<environment.Job instance at 0x14b6e1bc0190>,4,2,[8 2],5,5,7,0,5
1,<environment.Job instance at 0x14b6e1bc08c0>,5,1,[5 1],6,7,8,1,7
1,<environment.Job instance at 0x14b6e1bc0e60>,7,13,[10  1],8,9,22,1,9
1,<environment.Job instance at 0x14b6e70e6d20>,2,2,[2 7],3,22,24,19,9
1,<environment.Job instance at 0x14b6e1bc0820>,8,1,[5 2],9,22,23,13,11
1,<environment.Job instance at 0x14b6e6b8bdc0>,9,13,[8 2],10,23,36,13,12
1,<environment.Job instance at 0x14b6e6b8b280>,10,3,[1 5],11,24,27,13,16
1,<environment.Job instance at 0x14b6e6b8b1e0>,12,16,[1 7],13,28,44,15,28
1,<environment.Job instance at 0x14b6e2f86b90>,1,3,[10  2],2,2,5,0,2
1,<environment.Job instance at 0x14b6e3f1eaa0>,0,1,[8 1],1,5,6,4,2
1,<environment.Job instance at 0x14b6dc8d7730>,4,22,[6 2],5,6,28,1,5
1,<environment.Job instance at 0x14b6dae7deb0>,13,13,[6 1],14,28,41,14,14
1,<environment.Job instance at 0x14b6dc5b5fa0>,2,1,[8 1],3,5,6,2,5
1,<environment.Job instance at 0x14b6e4f03aa0>,3,13,[10  2],4,6,19,2,5
1,<environment.Job instance at 0x14b6e5b50b40>,4,14,[1 9],5,19,33,14,5
1,<environment.Job instance at 0x14b6e5b50c30>,5,1,[2 8],6,33,34,27,6
1,<environment.Job instance at 0x14b6e5b50f50>,10,2,[1 8],11,34,36,23,12
1,<environment.Job instance at 0x14b6e545b0a0>,9,2,[6 2],10,33,35,23,12
1,<environment.Job instance at 0x14b6e5433230>,0,1,[8 2],1,1,2,0,1
1,<environment.Job instance at 0x14b6e545b050>,2,14,[2 6],3,3,17,0,3
1,<environment.Job instance at 0x14b6e545b190>,1,1,[2 6],2,17,18,15,4
1,<environment.Job instance at 0x14b6e75d76e0>,3,15,[7 1],4,4,19,0,4
1,<environment.Job instance at 0x14b6e329b960>,10,14,[2 9],11,18,32,7,12
1,<environment.Job instance at 0x14b6e75d7c80>,9,3,[6 1],10,19,22,9,16
1,<environment.Job instance at 0x14b6df741cd0>,13,3,[1 6],14,32,35,18,16
1,<environment.Job instance at 0x14b6e7fc42d0>,5,3,[5 1],6,8,11,2,8
1,<environment.Job instance at 0x14b6e7fc4c80>,8,1,[2 7],9,10,11,1,10
1,<environment.Job instance at 0x14b6e7fc4af0>,9,26,[9 1],10,11,37,1,11
1,<environment.Job instance at 0x14b6dd7c23c0>,0,3,[9 2],1,2,5,1,2
1,<environment.Job instance at 0x14b6dce9d730>,1,19,[2 5],2,6,25,4,6
1,<environment.Job instance at 0x14b6db2e5e10>,4,13,[5 1],5,6,19,1,6
1,<environment.Job instance at 0x14b6db2e52d0>,5,3,[1 5],6,19,22,13,6
1,<environment.Job instance at 0x14b6db2e5280>,7,1,[5 1],8,22,23,14,11
1,<environment.Job instance at 0x14b6db2e5dc0>,9,16,[6 1],10,23,39,13,12
1,<environment.Job instance at 0x14b6db2e5460>,10,3,[5 2],11,39,42,28,14
1,<environment.Job instance at 0x14b6db2e55f0>,11,2,[1 9],12,28,30,16,28
1,<environment.Job instance at 0x14b6e40a30f0>,2,1,[2 7],3,5,6,2,5
1,<environment.Job instance at 0x14b6dc171d20>,10,1,[8 1],11,12,13,1,12
1,<environment.Job instance at 0x14b6df29ea00>,13,1,[2 7],14,14,15,0,14
1,<environment.Job instance at 0x14b6dd248cd0>,8,2,[1 9],9,15,17,6,14
1,<environment.Job instance at 0x14b6e02eaf50>,3,3,[1 6],4,4,7,0,4
1,<environment.Job instance at 0x14b6e16fa9b0>,8,3,[2 7],9,12,15,3,12
1,<environment.Job instance at 0x14b6dad70550>,9,3,[8 2],10,12,15,2,12
1,<environment.Job instance at 0x14b6dad70c80>,11,1,[6 2],12,15,16,3,12
1,<environment.Job instance at 0x14b6dad70280>,13,1,[7 2],14,19,20,5,19
1,<environment.Job instance at 0x14b6e02ea280>,5,27,[ 2 10],6,46,73,40,46
1,<environment.Job instance at 0x14b6de426410>,0,2,[ 1 10],1,3,5,2,3
1,<environment.Job instance at 0x14b6e3c139b0>,9,1,[2 7],10,11,12,1,11
1,<environment.Job instance at 0x14b6dc6105f0>,11,20,[6 1],12,17,37,5,17
1,<environment.Job instance at 0x14b6e3c13460>,13,2,[7 1],14,37,39,23,25
1,<environment.Job instance at 0x14b6e65feaf0>,4,1,[5 2],5,5,6,0,5
1,<environment.Job instance at 0x14b6e40a3370>,1,1,[6 1],2,6,7,4,5
1,<environment.Job instance at 0x14b6dab80e60>,5,17,[1 9],6,6,23,0,6
1,<environment.Job instance at 0x14b6e66d71e0>,0,1,[9 2],1,23,24,22,7
1,<environment.Job instance at 0x14b6dab803c0>,7,2,[2 5],8,24,26,16,14
1,<environment.Job instance at 0x14b6db3310a0>,2,3,[1 9],3,5,8,2,5
1,<environment.Job instance at 0x14b6dca23b40>,5,3,[9 1],6,8,11,2,8
1,<environment.Job instance at 0x14b6e7cc1550>,9,3,[6 1],10,11,14,1,10
1,<environment.Job instance at 0x14b6dca23460>,8,17,[10  2],9,14,31,5,12
1,<environment.Job instance at 0x14b6e7cc1c80>,13,3,[5 1],14,31,34,17,14
1,<environment.Job instance at 0x14b6dbfecb40>,4,1,[1 5],5,7,8,2,7
1,<environment.Job instance at 0x14b6dbfec9b0>,7,3,[1 6],8,9,12,1,9
1,<environment.Job instance at 0x14b6dc747cd0>,8,1,[5 2],9,11,12,2,11
1,<environment.Job instance at 0x14b6dc747140>,11,2,[7 1],12,12,14,0,12
1,<environment.Job instance at 0x14b6dbfecdc0>,10,3,[8 1],11,14,17,3,12
1,<environment.Job instance at 0x14b6dc747910>,9,18,[7 2],10,20,38,10,20
1,<environment.Job instance at 0x14b6dcc12eb0>,3,14,[10  1],4,10,24,6,10
1,<environment.Job instance at 0x14b6e5624460>,9,2,[1 6],10,24,26,14,14
1,<environment.Job instance at 0x14b6dd31beb0>,10,18,[5 2],11,24,42,13,14
1,<environment.Job instance at 0x14b6e5624e60>,12,2,[1 7],13,26,28,13,15
1,<environment.Job instance at 0x14b6e0297870>,2,17,[1 8],3,6,23,3,6
1,<environment.Job instance at 0x14b6df930960>,6,1,[7 2],7,8,9,1,8
1,<environment.Job instance at 0x14b6e640e2d0>,10,2,[1 8],11,23,25,12,13
1,<environment.Job instance at 0x14b6dbfa4640>,7,2,[8 2],8,15,17,7,15
1,<environment.Job instance at 0x14b6e0297a50>,3,18,[8 1],4,29,47,25,29
1,<environment.Job instance at 0x14b6e733b230>,2,2,[7 1],3,4,6,1,4
1,<environment.Job instance at 0x14b6e3b0bb90>,3,1,[1 8],4,7,8,3,7
1,<environment.Job instance at 0x14b6df2318c0>,6,2,[1 6],7,8,10,1,7
1,<environment.Job instance at 0x14b6df2312d0>,7,1,[6 2],8,8,9,0,8
1,<environment.Job instance at 0x14b6df231be0>,8,3,[2 5],9,10,13,1,9
1,<environment.Job instance at 0x14b6df231b90>,9,18,[9 2],10,13,31,3,10
1,<environment.Job instance at 0x14b6df231460>,10,2,[10  2],11,31,33,20,11
1,<environment.Job instance at 0x14b6df2317d0>,12,16,[1 5],13,14,30,1,14
1,<environment.Job instance at 0x14b6e2d3d460>,1,1,[7 2],2,2,3,0,2
1,<environment.Job instance at 0x14b6e1211870>,4,3,[10  1],5,5,8,0,5
1,<environment.Job instance at 0x14b6da4efe60>,3,1,[1 8],4,8,9,4,5
1,<environment.Job instance at 0x14b6da4ef050>,5,2,[5 2],6,8,10,2,7
1,<environment.Job instance at 0x14b6da2cc730>,7,3,[9 2],8,10,13,2,9
1,<environment.Job instance at 0x14b6da2cc460>,9,2,[2 9],10,13,15,3,11
1,<environment.Job instance at 0x14b6da2ccf00>,10,2,[2 9],11,15,17,4,11
1,<environment.Job instance at 0x14b6da2ccc30>,11,2,[5 1],12,13,15,1,12
1,<environment.Job instance at 0x14b6e3b235f0>,3,3,[2 6],4,4,7,0,4
1,<environment.Job instance at 0x14b6da4d22d0>,4,3,[1 7],5,9,12,4,9
1,<environment.Job instance at 0x14b6e0ebdf50>,10,1,[2 6],11,12,13,1,11
1,<environment.Job instance at 0x14b6e0645e60>,12,3,[ 2 10],13,16,19,3,16
1,<environment.Job instance at 0x14b6e2e3fd20>,9,25,[10  1],10,19,44,9,18
1,<environment.Job instance at 0x14b6df1ba8c0>,2,3,[9 1],3,3,6,0,3
1,<environment.Job instance at 0x14b6dbdda870>,1,2,[10  1],2,6,8,4,3
1,<environment.Job instance at 0x14b6db102e60>,5,1,[6 2],6,8,9,2,8
1,<environment.Job instance at 0x14b6e0142960>,9,3,[10  1],10,10,13,0,10
1,<environment.Job instance at 0x14b6db102b40>,7,2,[6 1],8,14,16,6,14
1,<environment.Job instance at 0x14b6e0142460>,12,3,[2 7],13,14,17,1,14
1,<environment.Job instance at 0x14b6e01429b0>,11,3,[1 7],12,17,20,5,16
1,<environment.Job instance at 0x14b6e44770f0>,0,2,[2 8],1,4,6,3,4
1,<environment.Job instance at 0x14b6e2e3f640>,1,2,[2 5],2,6,8,4,6
1,<environment.Job instance at 0x14b6e6eedf50>,7,17,[9 1],8,8,25,0,8
1,<environment.Job instance at 0x14b6ddcc38c0>,0,12,[1 7],1,1,13,0,1
1,<environment.Job instance at 0x14b6ddcc3320>,1,15,[7 2],2,7,22,5,7
1,<environment.Job instance at 0x14b6e3ecdbe0>,6,1,[7 2],7,22,23,15,8
1,<environment.Job instance at 0x14b6e3ecddc0>,11,3,[7 1],12,23,26,11,13
1,<environment.Job instance at 0x14b6e3ecd500>,8,22,[2 9],9,23,45,14,16
1,<environment.Job instance at 0x14b6dad93cd0>,0,17,[2 6],1,3,20,2,3
1,<environment.Job instance at 0x14b6dad93eb0>,2,2,[6 1],3,4,6,1,4
1,<environment.Job instance at 0x14b6dad93410>,3,1,[2 5],4,20,21,16,6
1,<environment.Job instance at 0x14b6dad930f0>,5,2,[1 7],6,21,23,15,6
1,<environment.Job instance at 0x14b6e82e6d20>,7,12,[6 2],8,8,20,0,8
1,<environment.Job instance at 0x14b6e4f48b90>,8,2,[1 8],9,23,25,14,11
1,<environment.Job instance at 0x14b6df8320a0>,12,2,[2 8],13,25,27,12,13
1,<environment.Job instance at 0x14b6ddd42a00>,10,1,[8 2],11,20,21,9,13
1,<environment.Job instance at 0x14b6e1926af0>,4,3,[5 1],5,21,24,16,14
1,<environment.Job instance at 0x14b6e6d002d0>,1,2,[ 2 10],2,2,4,0,2
1,<environment.Job instance at 0x14b6e0a5acd0>,2,16,[9 2],3,4,20,1,3
1,<environment.Job instance at 0x14b6e62cba50>,3,2,[2 6],4,20,22,16,4
1,<environment.Job instance at 0x14b6e62cbe10>,9,18,[6 1],10,20,38,10,10
1,<environment.Job instance at 0x14b6e62cb230>,7,1,[8 1],8,38,39,30,10
1,<environment.Job instance at 0x14b6e0e6e410>,11,1,[9 2],12,39,40,27,13
1,<environment.Job instance at 0x14b6e0e6e5a0>,12,18,[1 8],13,22,40,9,14
1,<environment.Job instance at 0x14b6dde74fa0>,4,1,[2 5],5,5,6,0,5
1,<environment.Job instance at 0x14b6e3a7f910>,10,21,[2 5],11,12,33,1,12
1,<environment.Job instance at 0x14b6e10780f0>,8,1,[8 1],9,14,15,5,14
1,<environment.Job instance at 0x14b6e3a7f3c0>,12,2,[1 9],13,33,35,20,14
1,<environment.Job instance at 0x14b6e55112d0>,5,18,[ 2 10],6,7,25,1,7
1,<environment.Job instance at 0x14b6dd06d370>,6,1,[5 2],7,25,26,18,10
1,<environment.Job instance at 0x14b6e55116e0>,11,3,[2 7],12,25,28,13,12
1,<environment.Job instance at 0x14b6df69deb0>,10,3,[9 2],11,28,31,17,12
1,<environment.Job instance at 0x14b6df69dcd0>,13,3,[10  2],14,31,34,17,14
1,<environment.Job instance at 0x14b6e03e5fa0>,3,15,[2 9],4,4,19,0,4
1,<environment.Job instance at 0x14b6e97e25a0>,2,14,[1 8],3,19,33,16,5
1,<environment.Job instance at 0x14b6e23f5b40>,6,3,[2 9],7,33,36,26,7
1,<environment.Job instance at 0x14b6dd82ca00>,9,3,[7 1],10,15,18,5,15
1,<environment.Job instance at 0x14b6dd82cc80>,10,1,[2 6],11,36,37,25,17
1,<environment.Job instance at 0x14b6e5a82c30>,0,1,[1 5],1,2,3,1,2
1,<environment.Job instance at 0x14b6e0b64460>,3,3,[ 1 10],4,7,10,3,7
1,<environment.Job instance at 0x14b6dd993dc0>,10,26,[ 1 10],11,15,41,4,15
1,<environment.Job instance at 0x14b6e598ce10>,3,2,[7 1],4,4,6,0,4
1,<environment.Job instance at 0x14b6e598c7d0>,4,15,[8 2],5,6,21,1,5
1,<environment.Job instance at 0x14b6e42c9780>,8,3,[5 1],9,21,24,12,9
1,<environment.Job instance at 0x14b6dc29c050>,0,2,[1 7],1,1,3,0,1
1,<environment.Job instance at 0x14b6e733ed70>,4,2,[1 8],5,5,7,0,5
1,<environment.Job instance at 0x14b6e532cd70>,3,1,[2 7],4,7,8,3,6
1,<environment.Job instance at 0x14b6df5ce370>,11,3,[1 8],12,13,16,1,13
1,<environment.Job instance at 0x14b6df5ce690>,9,1,[1 7],10,16,17,6,13
1,<environment.Job instance at 0x14b6df5ceb90>,12,1,[1 9],13,17,18,4,13
1,<environment.Job instance at 0x14b6df5ceeb0>,13,3,[ 2 10],14,18,21,4,16
1,<environment.Job instance at 0x14b6dfa18eb0>,0,2,[2 7],1,3,5,2,3
1,<environment.Job instance at 0x14b6dfb86aa0>,1,2,[9 1],2,5,7,3,4
1,<environment.Job instance at 0x14b6dfa18dc0>,4,2,[8 2],5,7,9,2,5
1,<environment.Job instance at 0x14b6dc1b27d0>,10,3,[1 6],11,12,15,1,12
1,<environment.Job instance at 0x14b6e54c4af0>,6,1,[2 9],7,15,16,8,12
1,<environment.Job instance at 0x14b6dc1b2640>,12,15,[6 2],13,16,31,3,16
1,<environment.Job instance at 0x14b6dc1b2d20>,13,3,[ 1 10],14,31,34,17,16
1,<environment.Job instance at 0x14b6dc1b21e0>,11,1,[5 1],12,34,35,22,29
1,<environment.Job instance at 0x14b6db3930a0>,1,3,[1 8],2,5,8,3,5
1,<environment.Job instance at 0x14b6de439cd0>,3,1,[2 9],4,8,9,4,7
1,<environment.Job instance at 0x14b6e8cbccd0>,11,1,[1 6],12,17,18,5,17
1,<environment.Job instance at 0x14b6db6f03c0>,13,1,[1 9],14,18,19,4,17
1,<environment.Job instance at 0x14b6e8cbc550>,9,15,[1 7],10,19,34,9,18
1,<environment.Job instance at 0x14b6e4d8faf0>,1,2,[10  2],2,2,4,0,2
1,<environment.Job instance at 0x14b6dad3bcd0>,7,2,[1 6],8,8,10,0,8
1,<environment.Job instance at 0x14b6dad3b140>,11,2,[1 9],12,17,19,5,17
1,<environment.Job instance at 0x14b6dad3bc80>,5,12,[8 1],6,20,32,14,20
1,<environment.Job instance at 0x14b6dcae4a00>,13,2,[7 2],14,32,34,18,20
1,<environment.Job instance at 0x14b6dad5e460>,4,16,[1 8],5,8,24,3,8
1,<environment.Job instance at 0x14b6db8c6b40>,10,13,[7 1],11,11,24,0,11
1,<environment.Job instance at 0x14b6db8c6eb0>,11,1,[10  1],12,24,25,12,15
1,<environment.Job instance at 0x14b6db8a4410>,7,28,[1 9],8,25,53,17,25
1,<environment.Job instance at 0x14b6dc738e60>,2,1,[1 6],3,4,5,1,4
1,<environment.Job instance at 0x14b6dad9de10>,4,18,[2 5],5,7,25,2,7
1,<environment.Job instance at 0x14b6dc738d70>,1,2,[5 1],2,8,10,6,8
1,<environment.Job instance at 0x14b6e589b730>,11,25,[7 2],12,17,42,5,17
1,<environment.Job instance at 0x14b6e589beb0>,13,3,[1 9],14,42,45,28,17
1,<environment.Job instance at 0x14b6e4368d20>,6,3,[2 6],7,7,10,0,7
1,<environment.Job instance at 0x14b6e4368550>,8,3,[ 2 10],9,10,13,1,9
1,<environment.Job instance at 0x14b6dad4a9b0>,12,1,[9 1],13,14,15,1,14
1,<environment.Job instance at 0x14b6e4368a00>,9,16,[1 8],10,14,30,4,14
1,<environment.Job instance at 0x14b6e43689b0>,10,13,[10  1],11,30,43,19,15
1,<environment.Job instance at 0x14b6db764870>,0,15,[2 9],1,6,21,5,6
1,<environment.Job instance at 0x14b6db764050>,3,3,[5 2],4,21,24,17,7
1,<environment.Job instance at 0x14b6e9a953c0>,5,3,[1 9],6,24,27,18,15
1,<environment.Job instance at 0x14b6e9a95690>,12,3,[8 2],13,27,30,14,15
1,<environment.Job instance at 0x14b6e3ad4f00>,0,2,[10  2],1,5,7,4,5
1,<environment.Job instance at 0x14b6e3ad43c0>,3,1,[9 2],4,8,9,4,8
1,<environment.Job instance at 0x14b6dacabeb0>,5,18,[1 9],6,11,29,5,11
1,<environment.Job instance at 0x14b6de522aa0>,1,21,[6 1],2,3,24,1,3
1,<environment.Job instance at 0x14b6dc03e410>,3,3,[9 2],4,24,27,20,4
1,<environment.Job instance at 0x14b6e472ea50>,6,2,[5 2],7,27,29,20,7
1,<environment.Job instance at 0x14b6e4b65190>,13,2,[ 1 10],14,29,31,15,15
1,<environment.Job instance at 0x14b6e472e5a0>,12,12,[10  1],13,31,43,18,15
1,<environment.Job instance at 0x14b6dcfcb9b0>,4,25,[7 1],5,5,30,0,5
1,<environment.Job instance at 0x14b6dffb9c80>,5,3,[8 1],6,30,33,24,8
1,<environment.Job instance at 0x14b6dc550730>,8,3,[1 6],9,9,12,0,9
1,<environment.Job instance at 0x14b6dffb9d70>,0,18,[2 9],1,12,30,11,10
1,<environment.Job instance at 0x14b6dc550c80>,9,1,[2 9],10,30,31,20,11
1,<environment.Job instance at 0x14b6e40980a0>,0,3,[9 1],1,2,5,1,2
1,<environment.Job instance at 0x14b6dd04edc0>,3,1,[9 2],4,10,11,6,10
1,<environment.Job instance at 0x14b6da722050>,8,1,[7 2],9,12,13,3,12
1,<environment.Job instance at 0x14b6da722c30>,10,1,[2 8],11,12,13,1,12
1,<environment.Job instance at 0x14b6da722f50>,13,17,[6 2],14,15,32,1,15
1,<environment.Job instance at 0x14b6da6f5c30>,0,3,[5 2],1,3,6,2,3
1,<environment.Job instance at 0x14b6da6f55a0>,2,17,[9 1],3,6,23,3,4
1,<environment.Job instance at 0x14b6e1e79730>,4,1,[1 8],5,7,8,2,7
1,<environment.Job instance at 0x14b6e1e79e60>,7,13,[5 1],8,23,36,15,8
1,<environment.Job instance at 0x14b6e1e79dc0>,6,2,[9 2],7,36,38,29,9
1,<environment.Job instance at 0x14b6ddcc0e60>,8,3,[1 6],9,10,13,1,10
1,<environment.Job instance at 0x14b6ddcc0d20>,10,2,[6 1],11,38,40,27,16
1,<environment.Job instance at 0x14b6df6382d0>,13,3,[8 1],14,40,43,26,19
1,<environment.Job instance at 0x14b6df638190>,11,1,[1 6],12,49,50,37,49
1,<environment.Job instance at 0x14b6e7a1b6e0>,3,3,[8 2],4,4,7,0,4
1,<environment.Job instance at 0x14b6dc162050>,1,25,[1 7],2,5,30,3,5
1,<environment.Job instance at 0x14b6e665bd20>,8,3,[1 9],9,30,33,21,10
1,<environment.Job instance at 0x14b6ea51af00>,6,17,[7 2],7,10,27,3,10
1,<environment.Job instance at 0x14b6e665bdc0>,11,3,[5 2],12,27,30,15,13
1,<environment.Job instance at 0x14b6e665b4b0>,12,3,[1 8],13,33,36,20,13
1,<environment.Job instance at 0x14b6da551500>,3,18,[ 2 10],4,4,22,0,4
1,<environment.Job instance at 0x14b6da551050>,2,3,[1 8],3,22,25,19,8
1,<environment.Job instance at 0x14b6da5515a0>,8,3,[9 1],9,22,25,13,10
1,<environment.Job instance at 0x14b6dda47730>,10,3,[1 7],11,25,28,14,11
1,<environment.Job instance at 0x14b6dda474b0>,13,15,[9 2],14,25,40,11,14
1,<environment.Job instance at 0x14b6dda47f00>,12,13,[1 9],13,40,53,27,34
1,<environment.Job instance at 0x14b6da5510a0>,1,2,[6 2],2,5,7,3,5
1,<environment.Job instance at 0x14b6dbdba410>,7,2,[10  2],8,9,11,1,9
1,<environment.Job instance at 0x14b6e079b190>,12,17,[10  2],13,15,32,2,15
1,<environment.Job instance at 0x14b6dee55e60>,3,1,[2 8],4,32,33,28,18
1,<environment.Job instance at 0x14b6de8a3910>,0,2,[1 7],1,2,4,1,2
1,<environment.Job instance at 0x14b6de8a3230>,3,3,[ 1 10],4,4,7,0,4
1,<environment.Job instance at 0x14b6e6927aa0>,4,13,[2 8],5,7,20,2,6
1,<environment.Job instance at 0x14b6e17d0280>,1,17,[6 1],2,9,26,7,9
1,<environment.Job instance at 0x14b6e3ef9370>,10,1,[9 1],11,26,27,15,11
1,<environment.Job instance at 0x14b6e3ef9b90>,9,18,[1 6],10,20,38,10,11
1,<environment.Job instance at 0x14b6e7e490f0>,11,2,[1 9],12,38,40,26,12
1,<environment.Job instance at 0x14b6e391b3c0>,8,1,[6 1],9,27,28,18,15
1,<environment.Job instance at 0x14b6e3728140>,12,2,[1 5],13,40,42,27,22
1,<environment.Job instance at 0x14b6e202d550>,3,2,[ 1 10],4,5,7,1,5
1,<environment.Job instance at 0x14b6dcb330f0>,0,17,[8 2],1,7,24,6,5
1,<environment.Job instance at 0x14b6dbdba320>,1,1,[5 1],2,24,25,22,7
1,<environment.Job instance at 0x14b6e202d8c0>,4,2,[2 7],5,7,9,2,7
1,<environment.Job instance at 0x14b6e474ca00>,8,12,[1 7],9,9,21,0,9
1,<environment.Job instance at 0x14b6e474c960>,11,16,[2 6],12,21,37,9,13
1,<environment.Job instance at 0x14b6e474c1e0>,13,3,[2 7],14,37,40,23,14
1,<environment.Job instance at 0x14b6e474cb90>,12,15,[5 1],13,25,40,12,19
1,<environment.Job instance at 0x14b6df1e1c80>,2,15,[8 2],3,3,18,0,3
1,<environment.Job instance at 0x14b6dc65b5a0>,3,3,[2 6],4,4,7,0,4
1,<environment.Job instance at 0x14b6df1e1730>,5,2,[6 2],6,18,20,12,10
1,<environment.Job instance at 0x14b6dd345eb0>,9,17,[2 5],10,13,30,3,13
1,<environment.Job instance at 0x14b6dd2b6f00>,13,2,[ 2 10],14,30,32,16,14
1,<environment.Job instance at 0x14b6e2409370>,11,17,[ 1 10],12,32,49,20,30
1,<environment.Job instance at 0x14b6db7e4550>,5,2,[2 5],6,8,10,2,8
1,<environment.Job instance at 0x14b6dadad8c0>,7,1,[2 8],8,10,11,2,10
1,<environment.Job instance at 0x14b6dadad7d0>,9,2,[ 1 10],10,14,16,4,14
1,<environment.Job instance at 0x14b6dadad6e0>,8,15,[2 9],9,16,31,7,16
1,<environment.Job instance at 0x14b6dadad500>,12,22,[ 2 10],13,31,53,18,30
1,<environment.Job instance at 0x14b6e813cc80>,3,2,[5 1],4,7,9,3,7
1,<environment.Job instance at 0x14b6e52a3870>,6,16,[8 2],7,9,25,2,7
1,<environment.Job instance at 0x14b6e4c228c0>,8,14,[ 2 10],9,25,39,16,10
1,<environment.Job instance at 0x14b6e4c22320>,7,1,[1 6],8,11,12,3,11
1,<environment.Job instance at 0x14b6e7ea82d0>,10,1,[6 1],11,39,40,28,14
1,<environment.Job instance at 0x14b6dd6f5e60>,13,1,[2 7],14,14,15,0,14
1,<environment.Job instance at 0x14b6e5fc01e0>,11,1,[10  2],12,40,41,28,19
1,<environment.Job instance at 0x14b6da5d89b0>,5,3,[9 2],6,6,9,0,6
1,<environment.Job instance at 0x14b6e3974190>,3,3,[5 1],4,9,12,5,8
1,<environment.Job instance at 0x14b6da5d8190>,7,1,[10  2],8,12,13,4,12
1,<environment.Job instance at 0x14b6da7eff50>,9,2,[2 8],10,13,15,3,12
1,<environment.Job instance at 0x14b6e869d500>,10,3,[ 1 10],11,15,18,4,12
1,<environment.Job instance at 0x14b6da7efc80>,8,2,[1 5],9,18,20,9,13
1,<environment.Job instance at 0x14b6e869deb0>,12,18,[10  2],13,20,38,7,13
1,<environment.Job instance at 0x14b6e869d910>,13,1,[1 5],14,19,20,5,19
1,<environment.Job instance at 0x14b6de364320>,4,1,[7 2],5,6,7,1,6
1,<environment.Job instance at 0x14b6e3436870>,6,3,[8 2],7,8,11,1,8
1,<environment.Job instance at 0x14b6da836820>,3,18,[7 1],4,11,29,7,8
1,<environment.Job instance at 0x14b6dc3c8690>,8,3,[5 1],9,29,32,20,9
1,<environment.Job instance at 0x14b6dc3a20a0>,2,3,[ 2 10],3,3,6,0,3
1,<environment.Job instance at 0x14b6f145f1e0>,4,1,[2 6],5,6,7,1,6
1,<environment.Job instance at 0x14b6dbcd0f50>,9,3,[1 6],10,10,13,0,10
1,<environment.Job instance at 0x14b6e2a829b0>,6,2,[7 2],7,10,12,3,10
1,<environment.Job instance at 0x14b6db1c2820>,11,3,[ 1 10],12,13,16,1,12
1,<environment.Job instance at 0x14b6db1c2730>,12,3,[1 5],13,16,19,3,14
