iteration,job object,job ID,job Length,job ressource requirement,job enter time,job start time,job finish time,job waiting time,current time
1,<environment.Job instance at 0x146bb120c2d0>,5,2,[1 9],6,11,13,5,11
1,<environment.Job instance at 0x146bb10cc910>,14,1,[1 7],15,15,16,0,15
1,<environment.Job instance at 0x146bb10ccb90>,16,1,[2 5],17,21,22,4,21
1,<environment.Job instance at 0x146bb11d5050>,22,2,[ 1 10],23,24,26,1,24
1,<environment.Job instance at 0x146bb11d50f0>,23,17,[1 5],24,30,47,6,30
1,<environment.Job instance at 0x146bb11d5640>,27,3,[9 1],28,31,34,3,31
1,<environment.Job instance at 0x146bb11d5820>,30,13,[1 6],31,47,60,16,32
1,<environment.Job instance at 0x146bb11d5b90>,29,2,[1 9],30,60,62,30,36
1,<environment.Job instance at 0x146bb11d6410>,36,3,[8 1],37,37,40,0,37
1,<environment.Job instance at 0x146bb11d6140>,34,2,[5 1],35,40,42,5,38
1,<environment.Job instance at 0x146bb11d6870>,38,1,[1 7],39,62,63,23,39
1,<environment.Job instance at 0x146bb11d6c30>,41,1,[8 1],42,46,47,4,46
1,<environment.Job instance at 0x146bb11ec1e0>,47,1,[1 7],48,63,64,15,48
1,<environment.Job instance at 0x146bb11ec2d0>,46,2,[2 5],47,64,66,17,53
1,<environment.Job instance at 0x146bb11135a0>,0,1,[6 1],1,3,4,2,3
1,<environment.Job instance at 0x146bb0528820>,3,1,[ 1 10],4,4,5,0,4
1,<environment.Job instance at 0x146bb0528c80>,7,12,[10  2],8,8,20,0,8
1,<environment.Job instance at 0x146bb052b3c0>,14,1,[1 9],15,20,21,5,15
1,<environment.Job instance at 0x146bb052b050>,15,1,[1 9],16,21,22,5,16
1,<environment.Job instance at 0x146bb052b8c0>,19,2,[8 2],20,29,31,9,29
1,<environment.Job instance at 0x146bb052bf00>,27,3,[1 6],28,32,35,4,32
1,<environment.Job instance at 0x146bb052bd20>,26,1,[10  1],27,35,36,8,33
1,<environment.Job instance at 0x146bb052d2d0>,31,3,[5 1],32,36,39,4,35
1,<environment.Job instance at 0x146bb052d230>,30,1,[9 2],31,39,40,8,35
1,<environment.Job instance at 0x146bb052ddc0>,35,1,[7 2],36,40,41,4,36
1,<environment.Job instance at 0x146bb052df50>,37,3,[10  2],38,41,44,3,39
1,<environment.Job instance at 0x146bb052dfa0>,36,14,[5 2],37,44,58,7,39
1,<environment.Job instance at 0x146bb052b5f0>,18,18,[1 7],19,44,62,25,39
1,<environment.Job instance at 0x146bb052e050>,39,1,[2 9],40,62,63,22,40
1,<environment.Job instance at 0x146bb052e280>,41,2,[1 5],42,63,65,21,42
1,<environment.Job instance at 0x146bb052e910>,47,3,[7 2],48,58,61,10,52
1,<environment.Job instance at 0x146bb052e6e0>,45,16,[2 9],46,65,81,19,52
1,<environment.Job instance at 0x146bb0532af0>,2,3,[6 1],3,4,7,1,4
1,<environment.Job instance at 0x146bb0532a00>,1,2,[1 8],2,5,7,3,5
1,<environment.Job instance at 0x146bb052d3c0>,4,17,[ 2 10],5,7,24,2,6
1,<environment.Job instance at 0x146bb1bc6dc0>,15,12,[6 2],16,24,36,8,16
1,<environment.Job instance at 0x146bb1bc6b40>,14,1,[1 7],15,24,25,9,16
1,<environment.Job instance at 0x146bb1c9da50>,25,12,[1 8],26,26,38,0,26
1,<environment.Job instance at 0x146bb1c9d370>,26,18,[2 9],27,38,56,11,29
1,<environment.Job instance at 0x146bb1c9d230>,28,3,[8 2],29,56,59,27,33
1,<environment.Job instance at 0x146bb1c9dcd0>,33,1,[9 2],34,59,60,25,51
1,<environment.Job instance at 0x146bb1c9dc30>,32,24,[10  2],33,60,84,27,55
1,<environment.Job instance at 0x146bb1c9d730>,37,1,[9 1],38,84,85,46,57
1,<environment.Job instance at 0x146bb1c9df50>,35,1,[1 8],36,57,58,21,57
1,<environment.Job instance at 0x146bb1c9df00>,38,2,[9 1],39,85,87,46,59
1,<environment.Job instance at 0x146bb1c9deb0>,42,3,[1 8],43,84,87,41,65
1,<environment.Job instance at 0x146bb1ca8cd0>,24,13,[9 1],25,87,100,62,76
1,<environment.Job instance at 0x146bb1c92c80>,45,3,[1 6],46,87,90,41,79
1,<environment.Job instance at 0x146bb1c92140>,48,17,[1 8],49,90,107,41,82
1,<environment.Job instance at 0x146bb0b14140>,2,18,[1 7],3,4,22,1,4
1,<environment.Job instance at 0x146ba714ad70>,3,2,[1 6],4,22,24,18,4
1,<environment.Job instance at 0x146bb12a67d0>,1,2,[2 7],2,24,26,22,4
1,<environment.Job instance at 0x146bb0707aa0>,0,3,[5 2],1,5,8,4,5
1,<environment.Job instance at 0x146ba70e3b90>,5,16,[6 2],6,8,24,2,7
1,<environment.Job instance at 0x146ba71224b0>,4,3,[1 6],5,26,29,21,7
1,<environment.Job instance at 0x146ba714c0f0>,14,15,[7 2],15,24,39,9,16
1,<environment.Job instance at 0x146ba714c780>,15,2,[ 2 10],16,39,41,23,16
1,<environment.Job instance at 0x146ba7149cd0>,19,2,[10  1],20,41,43,21,20
1,<environment.Job instance at 0x146ba72e32d0>,21,1,[10  1],22,43,44,21,25
1,<environment.Job instance at 0x146ba705ed70>,24,3,[6 1],25,44,47,19,25
1,<environment.Job instance at 0x146ba7078a50>,25,1,[1 5],26,29,30,3,26
1,<environment.Job instance at 0x146ba70595f0>,27,3,[1 6],28,30,33,2,28
1,<environment.Job instance at 0x146ba70907d0>,31,3,[10  1],32,47,50,15,35
1,<environment.Job instance at 0x146ba7090f50>,30,3,[1 7],31,44,47,13,37
1,<environment.Job instance at 0x146ba7020d70>,41,2,[9 2],42,50,52,8,47
1,<environment.Job instance at 0x146ba7020cd0>,47,2,[1 9],48,52,54,4,50
1,<environment.Job instance at 0x146ba7020870>,45,17,[10  1],46,54,71,8,50
1,<environment.Job instance at 0x146ba7020aa0>,38,20,[7 2],39,71,91,32,66
1,<environment.Job instance at 0x146ba7016f00>,48,15,[1 9],49,99,114,50,99
1,<environment.Job instance at 0x146ba702ad70>,2,2,[1 6],3,4,6,1,4
1,<environment.Job instance at 0x146ba702ae60>,3,3,[1 9],4,6,9,2,5
1,<environment.Job instance at 0x146ba64524b0>,6,1,[2 8],7,10,11,3,10
1,<environment.Job instance at 0x146ba6452780>,8,1,[6 2],9,11,12,2,11
1,<environment.Job instance at 0x146ba654aa00>,7,2,[2 7],8,11,13,3,11
1,<environment.Job instance at 0x146ba6452dc0>,12,3,[2 6],13,14,17,1,14
1,<environment.Job instance at 0x146ba6452f00>,13,2,[7 1],14,18,20,4,18
1,<environment.Job instance at 0x146ba6551230>,19,1,[8 1],20,21,22,1,21
1,<environment.Job instance at 0x146ba6551460>,24,17,[10  2],25,25,42,0,25
1,<environment.Job instance at 0x146ba6551eb0>,28,2,[5 2],29,42,44,13,29
1,<environment.Job instance at 0x146ba650c500>,30,15,[1 9],31,44,59,13,36
1,<environment.Job instance at 0x146ba650c280>,36,12,[ 2 10],37,59,71,22,51
1,<environment.Job instance at 0x146ba650cdc0>,40,1,[7 1],41,51,52,10,51
1,<environment.Job instance at 0x146ba650c780>,33,15,[6 1],34,71,86,37,59
1,<environment.Job instance at 0x146ba650cc80>,43,1,[2 9],44,71,72,27,64
1,<environment.Job instance at 0x146bb1d5e640>,1,25,[9 1],2,3,28,1,3
1,<environment.Job instance at 0x146ba582fc30>,4,1,[1 8],5,7,8,2,7
1,<environment.Job instance at 0x146ba582ff00>,6,3,[1 6],7,9,12,2,9
1,<environment.Job instance at 0x146ba582fbe0>,8,3,[6 2],9,28,31,19,10
1,<environment.Job instance at 0x146ba5834370>,10,1,[2 8],11,28,29,17,13
1,<environment.Job instance at 0x146ba5834050>,14,1,[1 9],15,16,17,1,16
1,<environment.Job instance at 0x146ba5834b90>,17,2,[1 7],18,18,20,0,18
1,<environment.Job instance at 0x146ba5834d20>,20,2,[5 1],21,31,33,10,25
1,<environment.Job instance at 0x146ba5836280>,22,12,[6 1],23,33,45,10,25
1,<environment.Job instance at 0x146ba5836190>,23,12,[1 8],24,29,41,5,25
1,<environment.Job instance at 0x146ba5836640>,26,2,[1 5],27,41,43,14,27
1,<environment.Job instance at 0x146ba5836b90>,30,18,[8 1],31,45,63,14,34
1,<environment.Job instance at 0x146ba58368c0>,27,16,[1 7],28,43,59,15,34
1,<environment.Job instance at 0x146ba5836d70>,34,1,[1 9],35,59,60,24,38
1,<environment.Job instance at 0x146ba5836fa0>,35,1,[10  1],36,63,64,27,38
1,<environment.Job instance at 0x146ba58380f0>,37,2,[2 7],38,60,62,22,38
1,<environment.Job instance at 0x146ba5838730>,39,1,[6 1],40,64,65,24,40
1,<environment.Job instance at 0x146ba58388c0>,42,3,[6 1],43,65,68,22,43
1,<environment.Job instance at 0x146ba5836a00>,31,1,[1 7],32,62,63,30,44
1,<environment.Job instance at 0x146ba58360a0>,28,2,[10  1],29,68,70,39,45
1,<environment.Job instance at 0x146ba5838fa0>,47,1,[1 7],48,64,65,16,53
1,<environment.Job instance at 0x146ba5838a50>,41,22,[1 7],42,70,92,28,64
1,<environment.Job instance at 0x146ba583e0a0>,0,16,[7 2],1,3,19,2,3
1,<environment.Job instance at 0x146ba650ca00>,1,3,[7 2],2,19,22,17,5
1,<environment.Job instance at 0x146ba583ce10>,2,1,[2 8],3,5,6,2,5
1,<environment.Job instance at 0x146ba4be6af0>,9,18,[ 1 10],10,22,40,12,12
1,<environment.Job instance at 0x146ba4be84b0>,19,1,[ 2 10],20,40,41,20,30
1,<environment.Job instance at 0x146ba4be85a0>,22,2,[7 1],23,41,43,18,31
1,<environment.Job instance at 0x146ba4be6f50>,15,18,[1 8],16,41,59,25,34
1,<environment.Job instance at 0x146ba4be8c30>,28,2,[7 1],29,43,45,14,35
1,<environment.Job instance at 0x146ba4bea2d0>,32,2,[2 7],33,59,61,26,41
1,<environment.Job instance at 0x146ba4be8e60>,30,1,[8 1],31,45,46,14,41
1,<environment.Job instance at 0x146ba4bea460>,34,2,[7 1],35,46,48,11,43
1,<environment.Job instance at 0x146ba4bea690>,35,2,[2 8],36,61,63,25,45
1,<environment.Job instance at 0x146ba4beae10>,41,2,[ 1 10],42,63,65,21,48
1,<environment.Job instance at 0x146ba4bed730>,47,2,[1 6],48,70,72,22,70
1,<environment.Job instance at 0x146ba4bf0730>,2,2,[2 9],3,4,6,1,4
1,<environment.Job instance at 0x146ba4bf0690>,3,12,[5 1],4,5,17,1,5
1,<environment.Job instance at 0x146bb0dd89b0>,5,3,[ 1 10],6,17,20,11,6
1,<environment.Job instance at 0x146ba4bf06e0>,0,13,[2 6],1,20,33,19,7
1,<environment.Job instance at 0x146bb0dd80f0>,10,2,[2 7],11,11,13,0,11
1,<environment.Job instance at 0x146bb0dd85f0>,11,1,[5 2],12,13,14,1,13
1,<environment.Job instance at 0x146bb0dd8690>,12,15,[5 2],13,22,37,9,22
1,<environment.Job instance at 0x146bb10b8370>,15,2,[6 2],16,37,39,21,28
1,<environment.Job instance at 0x146bb10b8690>,20,3,[9 2],21,39,42,18,29
1,<environment.Job instance at 0x146bb10b8280>,19,17,[1 9],20,42,59,22,30
1,<environment.Job instance at 0x146bb10b8aa0>,23,2,[2 5],24,33,35,9,33
1,<environment.Job instance at 0x146bb10b85a0>,24,1,[6 1],25,42,43,17,33
1,<environment.Job instance at 0x146bb10b8140>,26,23,[1 9],27,59,82,32,59
1,<environment.Job instance at 0x146bb109bb40>,40,2,[1 6],41,82,84,41,59
1,<environment.Job instance at 0x146ba4d00550>,41,15,[10  2],42,84,99,42,73
1,<environment.Job instance at 0x146bb0847af0>,43,1,[1 6],44,99,100,55,76
1,<environment.Job instance at 0x146bb0847370>,48,1,[2 5],49,100,101,51,80
1,<environment.Job instance at 0x146bb109bf00>,39,26,[10  2],40,110,136,70,110
1,<environment.Job instance at 0x146bb020faf0>,2,1,[7 1],3,4,5,1,4
1,<environment.Job instance at 0x146bb06b6f00>,9,2,[10  2],10,11,13,1,11
1,<environment.Job instance at 0x146bb06b6eb0>,10,26,[1 9],11,13,39,2,12
1,<environment.Job instance at 0x146bb0694aa0>,16,1,[5 2],17,39,40,22,19
1,<environment.Job instance at 0x146bb0690dc0>,23,12,[2 5],24,39,51,15,26
1,<environment.Job instance at 0x146bb0690b90>,26,2,[1 5],27,40,42,13,27
1,<environment.Job instance at 0x146bb0690370>,31,2,[5 1],32,35,37,3,35
1,<environment.Job instance at 0x146bb0690140>,34,1,[1 7],35,51,52,16,36
1,<environment.Job instance at 0x146bb0690550>,28,14,[ 2 10],29,52,66,23,38
1,<environment.Job instance at 0x146bb06902d0>,33,1,[7 1],34,42,43,8,39
1,<environment.Job instance at 0x146bb068b2d0>,38,1,[6 2],39,66,67,27,53
1,<environment.Job instance at 0x146bb068b910>,41,3,[ 1 10],42,67,70,25,54
1,<environment.Job instance at 0x146bb068b5f0>,44,12,[1 8],45,70,82,25,55
1,<environment.Job instance at 0x146bb068bdc0>,42,3,[10  1],43,82,85,39,56
1,<environment.Job instance at 0x146bb1891780>,5,1,[8 1],6,10,11,4,10
1,<environment.Job instance at 0x146bb18915a0>,7,2,[5 1],8,12,14,4,12
1,<environment.Job instance at 0x146bb18a7230>,14,2,[1 6],15,16,18,1,16
1,<environment.Job instance at 0x146bb18a7500>,16,18,[2 9],17,18,36,1,18
1,<environment.Job instance at 0x146bb18a77d0>,20,16,[8 1],21,23,39,2,23
1,<environment.Job instance at 0x146bb18a7c30>,23,13,[5 2],24,39,52,15,25
1,<environment.Job instance at 0x146bb18a7910>,22,3,[ 2 10],23,52,55,29,26
1,<environment.Job instance at 0x146bb18a7550>,24,1,[2 9],25,36,37,11,32
1,<environment.Job instance at 0x146bb18a8190>,29,2,[1 9],30,37,39,7,35
1,<environment.Job instance at 0x146bb18a8640>,32,2,[2 8],33,39,41,6,39
1,<environment.Job instance at 0x146bb18a8500>,31,15,[2 9],32,55,70,23,44
1,<environment.Job instance at 0x146bb18a8aa0>,35,2,[1 8],36,70,72,34,51
1,<environment.Job instance at 0x146bb18a8c30>,41,2,[2 5],42,72,74,30,53
1,<environment.Job instance at 0x146bb18a7820>,18,18,[ 1 10],19,80,98,61,80
1,<environment.Job instance at 0x146bb0354370>,2,3,[1 6],3,6,9,3,6
1,<environment.Job instance at 0x146bb0354140>,8,3,[9 2],9,9,12,0,9
1,<environment.Job instance at 0x146ba402e320>,6,24,[1 8],7,9,33,2,9
1,<environment.Job instance at 0x146ba402e0f0>,7,3,[1 7],8,33,36,25,11
1,<environment.Job instance at 0x146ba402e0a0>,5,1,[10  1],6,36,37,30,11
1,<environment.Job instance at 0x146ba402e4b0>,10,1,[7 1],11,12,13,1,11
1,<environment.Job instance at 0x146ba402ec80>,13,1,[2 5],14,37,38,23,15
1,<environment.Job instance at 0x146ba402ea50>,14,3,[1 8],15,38,41,23,16
1,<environment.Job instance at 0x146ba402ef00>,17,2,[2 5],18,41,43,23,19
1,<environment.Job instance at 0x146ba40303c0>,19,2,[2 8],20,43,45,23,28
1,<environment.Job instance at 0x146ba4030460>,20,2,[7 1],21,28,30,7,28
1,<environment.Job instance at 0x146ba4030500>,21,3,[8 2],22,30,33,8,28
1,<environment.Job instance at 0x146ba4030370>,26,1,[7 1],27,33,34,6,30
1,<environment.Job instance at 0x146ba4030c80>,29,3,[ 1 10],30,45,48,15,32
1,<environment.Job instance at 0x146ba4030e10>,28,17,[2 6],29,48,65,19,45
1,<environment.Job instance at 0x146ba4032280>,32,2,[7 1],33,50,52,17,50
1,<environment.Job instance at 0x146ba4032640>,37,18,[2 7],38,65,83,27,61
1,<environment.Job instance at 0x146ba4032c30>,45,3,[ 1 10],46,83,86,37,61
1,<environment.Job instance at 0x146ba4032af0>,46,1,[8 1],47,63,64,16,63
1,<environment.Job instance at 0x146ba33ee5a0>,9,3,[2 7],10,10,13,0,10
1,<environment.Job instance at 0x146ba33eee60>,13,1,[9 1],14,15,16,1,15
1,<environment.Job instance at 0x146ba33f0aa0>,20,2,[1 9],21,21,23,0,21
1,<environment.Job instance at 0x146ba33f0870>,22,12,[7 2],23,23,35,0,23
1,<environment.Job instance at 0x146ba33f0fa0>,24,1,[ 1 10],25,35,36,10,25
1,<environment.Job instance at 0x146ba33f0f00>,25,2,[2 6],26,27,29,1,27
1,<environment.Job instance at 0x146ba33f1320>,27,2,[9 2],28,36,38,8,28
1,<environment.Job instance at 0x146ba33f0d70>,26,1,[ 2 10],27,38,39,11,29
1,<environment.Job instance at 0x146ba33f1d20>,35,16,[2 6],36,45,61,9,45
1,<environment.Job instance at 0x146ba33f4190>,43,14,[7 2],44,50,64,6,50
1,<environment.Job instance at 0x146ba33f4870>,48,3,[9 1],49,64,67,15,50
1,<environment.Job instance at 0x146bb185b690>,2,3,[ 2 10],3,3,6,0,3
1,<environment.Job instance at 0x146bd02263c0>,4,2,[ 2 10],5,7,9,2,7
1,<environment.Job instance at 0x146bb0cf1dc0>,6,3,[10  2],7,9,12,2,7
1,<environment.Job instance at 0x146bb0cf18c0>,7,1,[ 2 10],8,12,13,4,9
1,<environment.Job instance at 0x146ba33f1e10>,5,24,[ 1 10],6,13,37,7,9
1,<environment.Job instance at 0x146bb0173640>,11,1,[ 1 10],12,37,38,25,15
1,<environment.Job instance at 0x146bb18e8910>,17,3,[6 2],18,38,41,20,18
1,<environment.Job instance at 0x146bb18e8cd0>,16,3,[1 5],17,38,41,21,18
1,<environment.Job instance at 0x146bb18e8500>,23,3,[5 2],24,41,44,17,28
1,<environment.Job instance at 0x146bb18e85a0>,25,2,[1 8],26,41,43,15,30
1,<environment.Job instance at 0x146bb18e8b90>,22,17,[2 6],23,43,60,20,31
1,<environment.Job instance at 0x146bb18e8550>,26,16,[5 2],27,44,60,17,31
1,<environment.Job instance at 0x146bb0cf1eb0>,9,1,[5 1],10,60,61,50,32
1,<environment.Job instance at 0x146bb1900a50>,35,1,[2 7],36,60,61,24,38
1,<environment.Job instance at 0x146bb16b9af0>,42,13,[10  1],43,61,74,18,45
1,<environment.Job instance at 0x146bb16b9b40>,44,1,[2 5],45,74,75,29,46
1,<environment.Job instance at 0x146bb16b9280>,47,3,[ 2 10],48,75,78,27,59
1,<environment.Job instance at 0x146ba33f04b0>,1,2,[7 2],2,4,6,2,4
1,<environment.Job instance at 0x146bb18ff280>,2,2,[2 7],3,4,6,1,4
1,<environment.Job instance at 0x146ba4f83e10>,7,16,[1 8],8,8,24,0,8
1,<environment.Job instance at 0x146ba4f83af0>,5,2,[9 1],6,11,13,5,11
1,<environment.Job instance at 0x146ba4f83b90>,11,1,[8 2],12,13,14,1,12
1,<environment.Job instance at 0x146bb18ff050>,4,18,[8 1],5,14,32,9,12
1,<environment.Job instance at 0x146ba4f83910>,10,2,[ 2 10],11,32,34,21,12
1,<environment.Job instance at 0x146ba4ed6780>,19,2,[1 5],20,24,26,4,22
1,<environment.Job instance at 0x146ba4fd5730>,27,18,[8 1],28,34,52,6,33
1,<environment.Job instance at 0x146ba4fd51e0>,29,18,[1 9],30,34,52,4,34
1,<environment.Job instance at 0x146ba4fd5e60>,32,2,[2 5],33,52,54,19,38
1,<environment.Job instance at 0x146ba4fd56e0>,31,3,[ 2 10],32,54,57,22,44
1,<environment.Job instance at 0x146ba4fd5780>,35,14,[2 5],36,57,71,21,50
1,<environment.Job instance at 0x146ba4ed6870>,22,22,[9 1],23,71,93,48,68
1,<environment.Job instance at 0x146ba4e37e10>,46,3,[1 5],47,73,76,26,73
1,<environment.Job instance at 0x146ba4e37690>,44,1,[6 2],45,93,94,48,73
1,<environment.Job instance at 0x146ba4e37280>,48,13,[1 8],49,81,94,32,81
1,<environment.Job instance at 0x146ba6bb60f0>,9,1,[1 8],10,10,11,0,10
1,<environment.Job instance at 0x146ba6b65410>,8,1,[1 9],9,17,18,8,17
1,<environment.Job instance at 0x146ba6bb6640>,16,3,[7 1],17,19,22,2,19
1,<environment.Job instance at 0x146ba6bb6820>,15,14,[2 5],16,19,33,3,19
1,<environment.Job instance at 0x146ba6bb64b0>,17,3,[1 9],18,33,36,15,20
1,<environment.Job instance at 0x146ba6bb6f50>,18,2,[5 1],19,22,24,3,20
1,<environment.Job instance at 0x146ba6bf50f0>,21,1,[1 5],22,24,25,2,22
1,<environment.Job instance at 0x146ba6bf5e60>,23,1,[7 1],24,25,26,1,24
1,<environment.Job instance at 0x146ba6bf5730>,22,2,[8 2],23,26,28,3,25
1,<environment.Job instance at 0x146ba6b96cd0>,31,1,[8 2],32,32,33,0,32
1,<environment.Job instance at 0x146ba6b96f00>,34,16,[1 6],35,36,52,1,35
1,<environment.Job instance at 0x146ba6b96f50>,33,2,[7 1],34,36,38,2,36
1,<environment.Job instance at 0x146ba6b96140>,38,12,[2 5],39,52,64,13,39
1,<environment.Job instance at 0x146ba6c10be0>,39,2,[8 2],40,41,43,1,41
1,<environment.Job instance at 0x146ba6c15eb0>,43,1,[5 2],44,46,47,2,46
1,<environment.Job instance at 0x146ba6c156e0>,44,13,[8 2],45,47,60,2,46
1,<environment.Job instance at 0x146ba6c153c0>,46,3,[2 8],47,64,67,17,49
1,<environment.Job instance at 0x146ba6c15960>,48,1,[10  2],49,67,68,18,53
1,<environment.Job instance at 0x146ba6c15be0>,45,3,[1 5],46,60,63,14,55
1,<environment.Job instance at 0x146ba70eb960>,3,3,[8 1],4,8,11,4,8
1,<environment.Job instance at 0x146b882904b0>,6,1,[5 2],7,11,12,4,8
1,<environment.Job instance at 0x146b88290910>,10,1,[7 1],11,12,13,1,11
1,<environment.Job instance at 0x146b882905a0>,13,13,[1 5],14,14,27,0,14
1,<environment.Job instance at 0x146b88290d70>,14,1,[1 7],15,27,28,12,15
1,<environment.Job instance at 0x146b88290a50>,9,2,[2 8],10,28,30,18,15
1,<environment.Job instance at 0x146b882922d0>,17,2,[7 1],18,20,22,2,20
1,<environment.Job instance at 0x146b88292640>,18,3,[1 8],19,30,33,11,20
1,<environment.Job instance at 0x146b882928c0>,22,2,[ 1 10],23,33,35,10,24
1,<environment.Job instance at 0x146b88292910>,21,1,[8 1],22,24,25,2,24
1,<environment.Job instance at 0x146b88292dc0>,24,19,[ 2 10],25,35,54,10,26
1,<environment.Job instance at 0x146b88292eb0>,27,3,[9 1],28,30,33,2,29
1,<environment.Job instance at 0x146b88254320>,28,3,[2 8],29,54,57,25,29
1,<environment.Job instance at 0x146b88254500>,31,1,[5 1],32,54,55,22,32
1,<environment.Job instance at 0x146b88254f00>,38,1,[1 7],39,57,58,18,39
1,<environment.Job instance at 0x146b88254e60>,39,2,[8 2],40,55,57,15,40
1,<environment.Job instance at 0x146b88254be0>,36,3,[8 1],37,57,60,20,43
1,<environment.Job instance at 0x146b882560f0>,41,1,[8 1],42,60,61,18,45
1,<environment.Job instance at 0x146b882565a0>,43,3,[1 6],44,58,61,14,45
1,<environment.Job instance at 0x146b88256b40>,47,1,[1 7],48,61,62,13,48
1,<environment.Job instance at 0x146b88254cd0>,37,3,[2 5],38,62,65,24,51
1,<environment.Job instance at 0x146b88256960>,45,1,[2 9],46,65,66,19,52
1,<environment.Job instance at 0x146b88256c80>,48,14,[5 1],49,61,75,12,57
1,<environment.Job instance at 0x146b88260550>,0,1,[6 1],1,3,4,2,3
1,<environment.Job instance at 0x146ba760ea50>,3,1,[ 1 10],4,4,5,0,4
1,<environment.Job instance at 0x146ba760eeb0>,7,12,[10  2],8,8,20,0,8
1,<environment.Job instance at 0x146ba76110a0>,14,1,[1 9],15,20,21,5,15
1,<environment.Job instance at 0x146ba7611460>,15,1,[1 9],16,21,22,5,16
1,<environment.Job instance at 0x146ba760eb40>,9,18,[1 7],10,22,40,12,16
1,<environment.Job instance at 0x146ba7611f50>,23,1,[9 1],24,29,30,5,29
1,<environment.Job instance at 0x146ba7611e60>,25,15,[7 1],26,31,46,5,31
1,<environment.Job instance at 0x146ba7614230>,27,3,[1 6],28,40,43,12,32
1,<environment.Job instance at 0x146ba7611aa0>,26,1,[10  1],27,46,47,19,32
1,<environment.Job instance at 0x146ba76142d0>,28,2,[1 5],29,43,45,14,35
1,<environment.Job instance at 0x146ba7614be0>,35,1,[7 2],36,47,48,11,36
1,<environment.Job instance at 0x146ba76148c0>,31,3,[5 1],32,48,51,16,38
1,<environment.Job instance at 0x146ba7616320>,38,1,[10  1],39,51,52,12,40
1,<environment.Job instance at 0x146ba7616640>,40,3,[8 2],41,52,55,11,42
1,<environment.Job instance at 0x146ba7614e60>,36,14,[5 2],37,55,69,18,42
1,<environment.Job instance at 0x146ba7614dc0>,37,3,[10  2],38,69,72,31,45
1,<environment.Job instance at 0x146ba7616dc0>,47,3,[7 2],48,72,75,24,48
1,<environment.Job instance at 0x146ba7616cd0>,46,2,[1 6],47,48,50,1,48
1,<environment.Job instance at 0x146ba7616d20>,45,16,[2 9],46,75,91,29,64
1,<environment.Job instance at 0x146bb1d93f50>,0,14,[6 1],1,3,17,2,3
1,<environment.Job instance at 0x146ba450c730>,4,17,[ 2 10],5,17,34,12,6
1,<environment.Job instance at 0x146ba7616a00>,3,2,[1 6],4,6,8,2,6
1,<environment.Job instance at 0x146ba44d69b0>,6,3,[5 1],7,34,37,27,8
1,<environment.Job instance at 0x146ba44d6640>,14,1,[1 7],15,15,16,0,15
1,<environment.Job instance at 0x146ba439a050>,17,3,[2 5],18,34,37,16,20
1,<environment.Job instance at 0x146ba44d67d0>,15,12,[6 2],16,37,49,21,22
1,<environment.Job instance at 0x146ba439a230>,22,13,[10  2],23,49,62,26,35
1,<environment.Job instance at 0x146ba44932d0>,28,3,[8 2],29,62,65,33,38
1,<environment.Job instance at 0x146ba4493050>,33,1,[9 2],34,65,66,31,49
1,<environment.Job instance at 0x146ba4493190>,27,13,[10  1],28,66,79,38,51
1,<environment.Job instance at 0x146ba44930f0>,35,1,[1 8],36,62,63,26,52
1,<environment.Job instance at 0x146ba4493b40>,37,1,[9 1],38,79,80,41,56
1,<environment.Job instance at 0x146ba4493230>,40,3,[ 1 10],41,80,83,39,56
1,<environment.Job instance at 0x146ba4493fa0>,45,3,[1 6],46,63,66,17,57
1,<environment.Job instance at 0x146ba4493140>,44,2,[6 1],45,83,85,38,57
1,<environment.Job instance at 0x146ba4492690>,48,17,[1 8],49,83,100,34,71
1,<environment.Job instance at 0x146ba442de60>,0,3,[5 2],1,3,6,2,3
1,<environment.Job instance at 0x146ba442d320>,4,3,[1 6],5,8,11,3,8
1,<environment.Job instance at 0x146ba442d2d0>,2,18,[1 7],3,11,29,8,9
1,<environment.Job instance at 0x146ba35b8fa0>,8,2,[6 1],9,12,14,3,12
1,<environment.Job instance at 0x146ba35b3e10>,11,2,[2 9],12,29,31,17,14
1,<environment.Job instance at 0x146ba35b30a0>,14,15,[7 2],15,31,46,16,18
1,<environment.Job instance at 0x146ba35b36e0>,18,2,[2 8],19,31,33,12,21
1,<environment.Job instance at 0x146ba35b3d70>,12,13,[10  1],13,46,59,33,30
1,<environment.Job instance at 0x146ba35ae820>,27,3,[1 6],28,33,36,5,31
1,<environment.Job instance at 0x146ba35ae960>,28,1,[7 1],29,59,60,30,33
1,<environment.Job instance at 0x146ba35aefa0>,22,15,[ 2 10],23,60,75,37,48
1,<environment.Job instance at 0x146ba36be4b0>,42,1,[2 6],43,59,60,16,52
1,<environment.Job instance at 0x146ba37805f0>,48,15,[1 9],49,75,90,26,66
1,<environment.Job instance at 0x146bb114d460>,14,3,[ 1 10],15,15,18,0,15
1,<environment.Job instance at 0x146bb114d320>,18,2,[9 2],19,22,24,3,22
1,<environment.Job instance at 0x146bb10cb0a0>,21,18,[6 2],22,24,42,2,22
1,<environment.Job instance at 0x146bb10cb460>,22,2,[5 2],23,42,44,19,24
1,<environment.Job instance at 0x146bb10cb7d0>,26,2,[10  1],27,44,46,17,30
1,<environment.Job instance at 0x146bb10cbc80>,29,2,[1 7],30,34,36,4,34
1,<environment.Job instance at 0x146bb10cb230>,27,16,[7 2],28,46,62,18,35
1,<environment.Job instance at 0x146bb0528a50>,35,2,[7 2],36,62,64,26,41
1,<environment.Job instance at 0x146bb0528c80>,36,12,[ 2 10],37,64,76,27,50
1,<environment.Job instance at 0x146bb0528190>,47,1,[5 2],48,76,77,28,67
1,<environment.Job instance at 0x146bb0528be0>,46,20,[7 1],47,77,97,30,69
1,<environment.Job instance at 0x146bb11e90a0>,48,2,[ 1 10],49,97,99,48,73
1,<environment.Job instance at 0x146ba35b3cd0>,1,25,[9 1],2,3,28,1,3
1,<environment.Job instance at 0x146bb126cf00>,0,1,[1 9],1,5,6,4,5
1,<environment.Job instance at 0x146bb126c500>,4,1,[1 8],5,6,7,1,5
1,<environment.Job instance at 0x146bb126c320>,3,2,[10  1],4,28,30,24,6
1,<environment.Job instance at 0x146ba4e81500>,7,1,[1 9],8,10,11,2,10
1,<environment.Job instance at 0x146ba4e815f0>,6,3,[1 6],7,13,16,6,13
1,<environment.Job instance at 0x146ba4e5cfa0>,13,1,[10  2],14,30,31,16,15
1,<environment.Job instance at 0x146ba4e81230>,5,3,[1 9],6,16,19,10,16
1,<environment.Job instance at 0x146ba4e5cd20>,10,1,[2 8],11,31,32,20,16
1,<environment.Job instance at 0x146ba4e8a0a0>,18,15,[1 7],19,32,47,13,26
1,<environment.Job instance at 0x146ba4e8a960>,24,2,[8 1],25,31,33,6,26
1,<environment.Job instance at 0x146ba4e8a690>,22,12,[6 1],23,33,45,10,26
1,<environment.Job instance at 0x146ba4ea32d0>,28,2,[10  1],29,47,49,18,29
1,<environment.Job instance at 0x146ba4ea3190>,29,2,[6 1],30,45,47,15,30
1,<environment.Job instance at 0x146ba4e8afa0>,20,2,[5 1],21,49,51,28,30
1,<environment.Job instance at 0x146ba4ea3460>,35,1,[10  1],36,51,52,15,37
1,<environment.Job instance at 0x146ba4ea3280>,33,12,[10  1],34,52,64,18,37
1,<environment.Job instance at 0x146ba4f83730>,39,1,[6 1],40,64,65,24,40
1,<environment.Job instance at 0x146ba4f836e0>,45,2,[7 1],46,65,67,19,47
1,<environment.Job instance at 0x146ba4f838c0>,48,2,[2 5],49,49,51,0,49
1,<environment.Job instance at 0x146ba4f835a0>,47,1,[1 7],48,64,65,16,50
1,<environment.Job instance at 0x146ba4f83eb0>,44,18,[7 2],45,67,85,22,59
1,<environment.Job instance at 0x146ba30cd1e0>,4,3,[7 2],5,5,8,0,5
1,<environment.Job instance at 0x146ba30cd370>,5,2,[7 1],6,8,10,2,7
1,<environment.Job instance at 0x146bd00a0fa0>,0,16,[7 2],1,10,26,9,7
1,<environment.Job instance at 0x146bcfc64460>,2,1,[2 8],3,13,14,10,13
1,<environment.Job instance at 0x146ba30cd820>,10,1,[8 2],11,26,27,15,15
1,<environment.Job instance at 0x146ba30cd0a0>,8,18,[9 2],9,27,45,18,16
1,<environment.Job instance at 0x146ba30cd550>,11,16,[1 7],12,17,33,5,17
1,<environment.Job instance at 0x146ba30cdf00>,18,2,[8 1],19,45,47,26,19
1,<environment.Job instance at 0x146ba30ce370>,19,1,[ 2 10],20,47,48,27,20
1,<environment.Job instance at 0x146ba30ce730>,23,3,[1 5],24,33,36,9,27
1,<environment.Job instance at 0x146ba30ce320>,24,2,[2 9],25,45,47,20,28
1,<environment.Job instance at 0x146ba30ce460>,22,2,[7 1],23,48,50,25,31
1,<environment.Job instance at 0x146ba30cec80>,31,1,[6 2],32,50,51,18,33
1,<environment.Job instance at 0x146ba30d05f0>,34,2,[7 1],35,51,53,16,38
1,<environment.Job instance at 0x146ba30d0960>,38,1,[8 1],39,53,54,14,45
1,<environment.Job instance at 0x146ba30d0b40>,41,2,[ 1 10],42,54,56,12,54
1,<environment.Job instance at 0x146ba30d0fa0>,45,12,[8 2],46,56,68,10,55
1,<environment.Job instance at 0x146ba30d20f0>,47,2,[1 6],48,56,58,8,55
1,<environment.Job instance at 0x146ba30d5280>,0,13,[2 6],1,3,16,2,3
1,<environment.Job instance at 0x146bb015a4b0>,9,2,[7 1],10,10,12,0,10
1,<environment.Job instance at 0x146bb0ea7be0>,4,17,[9 2],5,16,33,11,14
1,<environment.Job instance at 0x146bb02cc0a0>,15,2,[6 2],16,33,35,17,16
1,<environment.Job instance at 0x146bb0ea7500>,6,14,[2 9],7,35,49,28,22
1,<environment.Job instance at 0x146bb0d54960>,20,3,[9 2],21,49,52,28,33
1,<environment.Job instance at 0x146bb02cc870>,14,17,[1 7],15,49,66,34,37
1,<environment.Job instance at 0x146bb186b7d0>,28,3,[2 6],29,66,69,37,46
1,<environment.Job instance at 0x146bb0d542d0>,21,14,[9 2],22,52,66,30,52
1,<environment.Job instance at 0x146bb186b190>,29,12,[2 8],30,69,81,39,53
1,<environment.Job instance at 0x146bb186ba00>,32,2,[1 5],33,81,83,48,54
1,<environment.Job instance at 0x146bb0290c80>,38,17,[8 2],39,66,83,27,64
1,<environment.Job instance at 0x146bb02900a0>,40,2,[1 6],41,83,85,42,68
1,<environment.Job instance at 0x146bb02907d0>,41,15,[10  2],42,85,100,43,71
1,<environment.Job instance at 0x146bb0290c30>,43,1,[1 6],44,100,101,56,75
1,<environment.Job instance at 0x146bb0290b90>,42,18,[10  1],43,101,119,58,91
1,<environment.Job instance at 0x146bb186bbe0>,25,28,[10  2],26,121,149,95,121
1,<environment.Job instance at 0x146bb01ebd20>,0,2,[2 6],1,5,7,4,5
1,<environment.Job instance at 0x146bb21d4870>,7,3,[6 2],8,8,11,0,8
1,<environment.Job instance at 0x146bb1fb95f0>,11,17,[2 7],12,12,29,0,12
1,<environment.Job instance at 0x146bb1fb9cd0>,12,3,[5 1],13,14,17,1,14
1,<environment.Job instance at 0x146bb21d4230>,9,2,[10  2],10,29,31,19,15
1,<environment.Job instance at 0x146bb1fb9780>,17,2,[2 7],18,31,33,13,18
1,<environment.Job instance at 0x146bb1fb90a0>,19,15,[2 8],20,33,48,13,21
1,<environment.Job instance at 0x146bb1fb9b40>,20,2,[2 6],21,48,50,27,21
1,<environment.Job instance at 0x146bb1fd8e10>,23,12,[2 5],24,50,62,26,33
1,<environment.Job instance at 0x146bb1fd8960>,26,2,[1 5],27,50,52,23,33
1,<environment.Job instance at 0x146bb209dfa0>,31,2,[5 1],32,42,44,10,42
1,<environment.Job instance at 0x146bb1fd88c0>,30,12,[1 9],31,62,74,31,46
1,<environment.Job instance at 0x146bb209df50>,38,1,[6 2],39,74,75,35,64
1,<environment.Job instance at 0x146bb2094050>,41,3,[ 1 10],42,75,78,33,66
1,<environment.Job instance at 0x146bb2094c30>,42,3,[10  1],43,78,81,35,66
1,<environment.Job instance at 0x146ba4b99410>,5,1,[8 1],6,9,10,3,9
1,<environment.Job instance at 0x146ba4b99f00>,7,2,[5 1],8,12,14,4,12
1,<environment.Job instance at 0x146ba4b9f3c0>,9,2,[7 1],10,14,16,4,14
1,<environment.Job instance at 0x146ba4c0ef50>,18,18,[ 1 10],19,23,41,4,23
1,<environment.Job instance at 0x146ba5c6fb90>,30,3,[10  1],31,41,44,10,31
1,<environment.Job instance at 0x146ba5c6f960>,31,15,[2 9],32,44,59,12,32
1,<environment.Job instance at 0x146ba5b7e370>,34,3,[8 1],35,44,47,9,38
1,<environment.Job instance at 0x146ba5b7e8c0>,35,2,[1 8],36,59,61,23,38
1,<environment.Job instance at 0x146ba5b7e6e0>,36,1,[1 5],37,61,62,24,39
1,<environment.Job instance at 0x146ba5b7e280>,38,1,[1 7],39,62,63,23,45
1,<environment.Job instance at 0x146ba5b7e5a0>,39,13,[10  2],40,63,76,23,49
1,<environment.Job instance at 0x146ba5b7eb90>,41,2,[2 5],42,76,78,34,63
1,<environment.Job instance at 0x146ba5c6f230>,26,17,[10  2],27,78,95,51,66
1,<environment.Job instance at 0x146ba5b7e550>,46,2,[5 2],47,76,78,29,72
1,<environment.Job instance at 0x146ba51f66e0>,48,3,[2 8],49,95,98,46,72
1,<environment.Job instance at 0x146ba4c0e9b0>,16,18,[2 9],17,98,116,81,90
1,<environment.Job instance at 0x146bb2094cd0>,1,27,[1 8],2,3,30,1,3
1,<environment.Job instance at 0x146ba426d5f0>,7,3,[1 7],8,30,33,22,9
1,<environment.Job instance at 0x146ba4e99780>,5,1,[10  1],6,33,34,27,11
1,<environment.Job instance at 0x146ba426d690>,9,2,[2 8],10,34,36,24,13
1,<environment.Job instance at 0x146ba43cae60>,17,2,[2 5],18,36,38,18,18
1,<environment.Job instance at 0x146ba43c5d70>,18,3,[8 2],19,20,23,1,20
1,<environment.Job instance at 0x146ba43c5f50>,22,18,[6 2],23,34,52,11,24
1,<environment.Job instance at 0x146ba426a7d0>,31,3,[1 9],32,52,55,20,35
1,<environment.Job instance at 0x146ba426ae60>,29,3,[ 1 10],30,55,58,25,36
1,<environment.Job instance at 0x146ba426a500>,34,2,[7 2],35,58,60,23,38
1,<environment.Job instance at 0x146ba426ae10>,35,3,[1 8],36,58,61,22,50
1,<environment.Job instance at 0x146ba4257690>,37,18,[2 7],38,61,79,23,50
1,<environment.Job instance at 0x146ba4257be0>,41,1,[9 1],42,53,54,11,53
1,<environment.Job instance at 0x146ba4257cd0>,40,2,[2 6],41,79,81,38,53
1,<environment.Job instance at 0x146ba42574b0>,45,3,[ 1 10],46,81,84,35,56
1,<environment.Job instance at 0x146ba42577d0>,43,2,[9 1],44,84,86,40,57
1,<environment.Job instance at 0x146ba42be910>,47,2,[5 1],48,60,62,12,58
1,<environment.Job instance at 0x146ba42beeb0>,48,3,[8 1],49,63,66,14,63
1,<environment.Job instance at 0x146bb2913050>,5,13,[2 8],6,8,21,2,8
1,<environment.Job instance at 0x146ba438ed20>,2,2,[1 6],3,21,23,18,8
1,<environment.Job instance at 0x146ba438ebe0>,4,2,[2 8],5,23,25,18,9
1,<environment.Job instance at 0x146bb2913690>,10,3,[6 2],11,11,14,0,11
1,<environment.Job instance at 0x146bb2913550>,12,3,[1 5],13,25,28,12,17
1,<environment.Job instance at 0x146bb2913460>,8,21,[ 2 10],9,28,49,19,20
1,<environment.Job instance at 0x146bb2907320>,21,3,[2 7],22,49,52,27,24
1,<environment.Job instance at 0x146bb29079b0>,26,1,[ 2 10],27,52,53,25,27
1,<environment.Job instance at 0x146bb2907b90>,27,2,[9 2],28,53,55,25,29
1,<environment.Job instance at 0x146bb2907640>,28,3,[1 7],29,53,56,24,29
1,<environment.Job instance at 0x146bb2907e10>,29,13,[8 2],30,55,68,25,40
1,<environment.Job instance at 0x146bb2907c80>,33,3,[2 7],34,56,59,22,41
1,<environment.Job instance at 0x146bb290a4b0>,36,3,[1 6],37,59,62,22,44
1,<environment.Job instance at 0x146bb290a870>,40,13,[5 2],41,68,81,27,57
1,<environment.Job instance at 0x146bb290ae60>,46,3,[5 1],47,68,71,21,63
1,<environment.Job instance at 0x146bb290a500>,47,2,[5 2],48,71,73,23,63
1,<environment.Job instance at 0x146bb290a780>,43,14,[7 2],44,81,95,37,66
1,<environment.Job instance at 0x146bb2907dc0>,2,3,[ 2 10],3,3,6,0,3
1,<environment.Job instance at 0x146bb2933230>,1,2,[1 9],2,6,8,4,4
1,<environment.Job instance at 0x146ba6d45820>,6,3,[10  2],7,8,11,1,8
1,<environment.Job instance at 0x146ba426a050>,5,24,[ 1 10],6,11,35,5,8
1,<environment.Job instance at 0x146ba5f487d0>,7,1,[ 2 10],8,35,36,27,9
1,<environment.Job instance at 0x146ba605e0a0>,14,2,[5 2],15,36,38,21,16
1,<environment.Job instance at 0x146ba5f489b0>,11,1,[ 1 10],12,38,39,26,18
1,<environment.Job instance at 0x146ba5d9b050>,16,3,[1 5],17,39,42,22,21
1,<environment.Job instance at 0x146ba67cd730>,24,3,[5 2],25,39,42,14,26
1,<environment.Job instance at 0x146ba67cdbe0>,23,3,[5 2],24,42,45,18,26
1,<environment.Job instance at 0x146ba67cd550>,25,2,[1 8],26,36,38,10,26
1,<environment.Job instance at 0x146ba67cd0f0>,26,16,[5 2],27,42,58,15,31
1,<environment.Job instance at 0x146ba66fbd70>,37,1,[5 1],38,45,46,7,39
1,<environment.Job instance at 0x146ba66fb5a0>,36,1,[5 2],37,46,47,9,39
1,<environment.Job instance at 0x146bd2b6f870>,32,1,[9 2],33,58,59,25,39
1,<environment.Job instance at 0x146ba66fb460>,42,13,[10  1],43,59,72,16,45
1,<environment.Job instance at 0x146ba66fbf00>,44,1,[2 5],45,47,48,2,46
1,<environment.Job instance at 0x146ba66f3d70>,45,2,[7 2],46,72,74,26,46
1,<environment.Job instance at 0x146ba66fb190>,43,1,[1 9],44,74,75,30,50
1,<environment.Job instance at 0x146ba66f3af0>,47,3,[ 2 10],48,75,78,27,50
1,<environment.Job instance at 0x146ba61003c0>,3,1,[5 2],4,6,7,2,6
1,<environment.Job instance at 0x146ba3e1c370>,6,3,[ 2 10],7,9,12,2,9
1,<environment.Job instance at 0x146ba3e1c320>,9,3,[2 7],10,12,15,2,10
1,<environment.Job instance at 0x146ba6100280>,5,2,[9 1],6,15,17,9,11
1,<environment.Job instance at 0x146ba3e1c8c0>,10,2,[ 2 10],11,17,19,6,12
1,<environment.Job instance at 0x146ba3e1c2d0>,11,1,[8 2],12,14,15,2,14
1,<environment.Job instance at 0x146ba3e1cc80>,13,18,[9 1],14,19,37,5,15
1,<environment.Job instance at 0x146ba38b2640>,18,2,[10  1],19,37,39,18,23
1,<environment.Job instance at 0x146ba38b2370>,20,1,[10  2],21,39,40,18,23
1,<environment.Job instance at 0x146ba3e53050>,23,2,[8 2],24,40,42,16,27
1,<environment.Job instance at 0x146ba3e53910>,27,18,[8 1],28,42,60,14,33
1,<environment.Job instance at 0x146ba3e531e0>,24,1,[8 2],25,60,61,35,33
1,<environment.Job instance at 0x146ba3e53f50>,29,18,[1 9],30,42,60,12,34
1,<environment.Job instance at 0x146ba3e53960>,30,3,[10  1],31,61,64,30,35
1,<environment.Job instance at 0x146ba3e535f0>,32,2,[2 5],33,40,42,7,35
1,<environment.Job instance at 0x146ba38a0fa0>,35,14,[2 5],36,64,78,28,51
1,<environment.Job instance at 0x146ba3e53fa0>,28,18,[8 2],29,64,82,35,55
1,<environment.Job instance at 0x146ba38a00a0>,44,1,[6 2],45,82,83,37,65
1,<environment.Job instance at 0x146ba38cb320>,2,14,[1 8],3,5,19,2,5
1,<environment.Job instance at 0x146ba3b68b40>,5,3,[10  1],6,19,22,13,9
1,<environment.Job instance at 0x146ba3b685a0>,8,1,[1 9],9,22,23,13,9
1,<environment.Job instance at 0x146ba3b68320>,9,1,[1 8],10,23,24,13,10
1,<environment.Job instance at 0x146ba3b68b90>,12,2,[ 2 10],13,24,26,11,15
1,<environment.Job instance at 0x146ba3b5f0a0>,14,2,[9 1],15,16,18,1,16
1,<environment.Job instance at 0x146ba3b68a00>,13,17,[2 7],14,26,43,12,16
1,<environment.Job instance at 0x146ba3b5fe10>,21,1,[1 5],22,43,44,21,25
1,<environment.Job instance at 0x146ba3b5f910>,18,2,[5 1],19,26,28,7,25
1,<environment.Job instance at 0x146ba39f8d20>,25,1,[8 2],26,29,30,3,29
1,<environment.Job instance at 0x146ba3b5f7d0>,23,1,[7 1],24,30,31,6,29
1,<environment.Job instance at 0x146ba39f8410>,28,16,[2 6],29,44,60,15,31
1,<environment.Job instance at 0x146ba39f8230>,36,2,[ 1 10],37,60,62,23,38
1,<environment.Job instance at 0x146ba3a4a960>,38,12,[2 5],39,62,74,23,46
1,<environment.Job instance at 0x146ba3a4a4b0>,41,17,[5 2],42,62,79,20,50
1,<environment.Job instance at 0x146ba3adb550>,47,16,[1 7],48,74,90,26,65
1,<environment.Job instance at 0x146bb0471cd0>,4,3,[10  2],5,5,8,0,5
1,<environment.Job instance at 0x146ba3495a00>,0,2,[10  2],1,8,10,7,7
1,<environment.Job instance at 0x146bb1a52fa0>,7,3,[5 1],8,10,13,2,8
1,<environment.Job instance at 0x146bb26f86e0>,6,1,[5 2],7,14,15,7,14
1,<environment.Job instance at 0x146bb1feaf50>,13,13,[1 5],14,14,27,0,14
1,<environment.Job instance at 0x146bb1feaeb0>,14,1,[1 7],15,27,28,12,15
1,<environment.Job instance at 0x146bb1abf3c0>,9,2,[2 8],10,28,30,18,15
1,<environment.Job instance at 0x146bb1fea6e0>,17,2,[7 1],18,20,22,2,20
1,<environment.Job instance at 0x146bb1fea730>,15,3,[10  2],16,30,33,14,20
1,<environment.Job instance at 0x146bb209d0a0>,22,2,[ 1 10],23,33,35,10,24
1,<environment.Job instance at 0x146bb209df00>,21,1,[8 1],22,24,25,2,24
1,<environment.Job instance at 0x146bb209d910>,24,19,[ 2 10],25,35,54,10,26
1,<environment.Job instance at 0x146bb209d2d0>,20,1,[1 7],21,54,55,33,29
1,<environment.Job instance at 0x146bb209dbe0>,27,3,[9 1],28,54,57,26,30
1,<environment.Job instance at 0x146bb20a8320>,31,1,[5 1],32,57,58,25,32
1,<environment.Job instance at 0x146bb20a8410>,34,2,[5 1],35,57,59,22,36
1,<environment.Job instance at 0x146bb20a8cd0>,36,3,[8 1],37,59,62,22,37
1,<environment.Job instance at 0x146bb20ae190>,41,1,[8 1],42,62,63,20,43
1,<environment.Job instance at 0x146bb20a85a0>,40,14,[2 5],41,58,72,17,45
1,<environment.Job instance at 0x146bb20aed20>,42,1,[ 1 10],43,72,73,29,45
1,<environment.Job instance at 0x146bb20ae370>,47,1,[1 7],48,55,56,7,51
1,<environment.Job instance at 0x146bb20aeeb0>,46,2,[2 5],47,63,65,16,52
1,<environment.Job instance at 0x146bb20ae1e0>,48,14,[5 1],49,73,87,24,58
1,<environment.Job instance at 0x146bb03f9460>,0,1,[6 1],1,1,2,0,1
1,<environment.Job instance at 0x146ba2e286e0>,4,16,[8 1],5,5,21,0,5
1,<environment.Job instance at 0x146ba2e28640>,11,17,[1 7],12,14,31,2,14
1,<environment.Job instance at 0x146ba2e28c80>,15,1,[1 9],16,31,32,15,16
1,<environment.Job instance at 0x146ba2e121e0>,17,2,[7 2],18,21,23,3,19
1,<environment.Job instance at 0x146ba2e12b90>,20,15,[1 5],21,32,47,11,22
1,<environment.Job instance at 0x146ba2e6d910>,24,1,[8 2],25,25,26,0,25
1,<environment.Job instance at 0x146ba2e15820>,27,3,[1 6],28,47,50,19,29
1,<environment.Job instance at 0x146ba2e10140>,31,3,[5 1],32,38,41,6,38
1,<environment.Job instance at 0x146ba2e12a00>,18,18,[1 7],19,50,68,31,39
1,<environment.Job instance at 0x146ba2e10cd0>,34,2,[5 2],35,42,44,7,42
1,<environment.Job instance at 0x146ba2e10c80>,38,1,[10  1],39,68,69,29,44
1,<environment.Job instance at 0x146ba2e100f0>,36,14,[5 2],37,44,58,7,44
1,<environment.Job instance at 0x146ba2e10a00>,39,1,[2 9],40,69,70,29,45
1,<environment.Job instance at 0x146ba2e0d7d0>,44,3,[7 2],45,58,61,13,46
1,<environment.Job instance at 0x146ba2e0deb0>,43,3,[6 2],44,61,64,17,50
1,<environment.Job instance at 0x146ba2e19a50>,47,3,[7 2],48,64,67,16,51
1,<environment.Job instance at 0x146ba2e192d0>,48,1,[1 8],49,70,71,21,53
1,<environment.Job instance at 0x146ba2e195f0>,45,16,[2 9],46,71,87,25,63
1,<environment.Job instance at 0x146ba2e28b90>,2,3,[6 1],3,5,8,2,5
1,<environment.Job instance at 0x146bb1095460>,5,3,[6 1],6,9,12,3,9
1,<environment.Job instance at 0x146bb1095370>,10,1,[1 6],11,11,12,0,11
1,<environment.Job instance at 0x146bb10955a0>,9,2,[5 2],10,13,15,3,13
1,<environment.Job instance at 0x146bb10954b0>,7,2,[7 1],8,15,17,7,15
1,<environment.Job instance at 0x146bb0f41c80>,18,12,[6 1],19,20,32,1,20
1,<environment.Job instance at 0x146bb10957d0>,15,12,[6 2],16,32,44,16,27
1,<environment.Job instance at 0x146bb14d7550>,24,13,[9 1],25,44,57,19,29
1,<environment.Job instance at 0x146bb14d7e10>,25,12,[1 8],26,29,41,3,29
1,<environment.Job instance at 0x146bb097d870>,30,1,[8 1],31,57,58,26,46
1,<environment.Job instance at 0x146bb097d410>,27,13,[10  1],28,58,71,30,52
1,<environment.Job instance at 0x146bb097d1e0>,36,3,[2 5],37,71,74,34,57
1,<environment.Job instance at 0x146bb097ddc0>,38,2,[9 1],39,74,76,35,60
1,<environment.Job instance at 0x146bb097d3c0>,37,1,[9 1],38,76,77,38,60
1,<environment.Job instance at 0x146bb097dc30>,40,3,[ 1 10],41,77,80,36,61
1,<environment.Job instance at 0x146bb0a7e2d0>,45,3,[1 6],46,74,77,28,65
1,<environment.Job instance at 0x146bb0a7e4b0>,46,3,[5 2],47,71,74,24,66
1,<environment.Job instance at 0x146bb0a7e460>,47,3,[1 7],48,80,83,32,67
1,<environment.Job instance at 0x146bb14d7f50>,23,17,[5 1],24,80,97,56,77
1,<environment.Job instance at 0x146bb1a354b0>,0,3,[5 2],1,1,4,0,1
1,<environment.Job instance at 0x146bb1bc6aa0>,6,1,[ 2 10],7,7,8,0,7
1,<environment.Job instance at 0x146ba2e6dcd0>,4,3,[1 6],5,8,11,3,7
1,<environment.Job instance at 0x146ba5a86550>,7,1,[1 5],8,11,12,3,9
1,<environment.Job instance at 0x146bb1bc6280>,5,16,[6 2],6,10,26,4,10
1,<environment.Job instance at 0x146ba6a4fbe0>,11,2,[2 9],12,26,28,14,13
1,<environment.Job instance at 0x146bb14d7cd0>,1,2,[2 7],2,13,15,11,13
1,<environment.Job instance at 0x146ba5a86fa0>,9,1,[2 9],10,28,29,18,13
1,<environment.Job instance at 0x146ba6a4fe10>,13,1,[2 7],14,15,16,1,14
1,<environment.Job instance at 0x146baf865af0>,14,15,[7 2],15,29,44,14,18
1,<environment.Job instance at 0x146bb0bc3910>,15,2,[ 2 10],16,44,46,28,19
1,<environment.Job instance at 0x146bb0bc3f00>,20,2,[8 2],21,46,48,25,22
1,<environment.Job instance at 0x146bcfdf5370>,30,3,[1 7],31,40,43,9,40
1,<environment.Job instance at 0x146ba355b500>,33,12,[5 1],34,48,60,14,40
1,<environment.Job instance at 0x146ba722aa50>,32,2,[1 5],33,46,48,13,40
1,<environment.Job instance at 0x146ba6a4f550>,10,16,[1 9],11,48,64,37,43
1,<environment.Job instance at 0x146bb0b5d9b0>,29,3,[9 1],30,60,63,30,46
1,<environment.Job instance at 0x146bb280ba00>,38,20,[7 2],39,64,84,25,55
1,<environment.Job instance at 0x146bb14f1d70>,43,1,[1 7],44,64,65,20,57
1,<environment.Job instance at 0x146ba49f71e0>,39,20,[2 7],40,65,85,25,57
1,<environment.Job instance at 0x146bb14f1fa0>,46,2,[1 9],47,85,87,38,59
1,<environment.Job instance at 0x146bb14f1780>,47,2,[1 9],48,87,89,39,61
1,<environment.Job instance at 0x146bd21a3910>,34,15,[1 8],35,89,104,54,76
1,<environment.Job instance at 0x146ba3683e10>,1,1,[7 2],2,5,6,3,5
1,<environment.Job instance at 0x146ba6b1c4b0>,4,12,[ 2 10],5,10,22,5,10
1,<environment.Job instance at 0x146ba6b1cf50>,7,2,[2 7],8,22,24,14,11
1,<environment.Job instance at 0x146ba6b1ca00>,10,2,[5 1],11,22,24,11,11
1,<environment.Job instance at 0x146bd283c320>,11,1,[2 6],12,24,25,12,12
1,<environment.Job instance at 0x146ba70769b0>,16,16,[6 1],17,24,40,7,18
1,<environment.Job instance at 0x146ba7076320>,18,2,[9 2],19,40,42,21,21
1,<environment.Job instance at 0x146ba6c6faf0>,17,3,[2 9],18,25,28,7,23
1,<environment.Job instance at 0x146bb15e9b40>,22,2,[5 2],23,42,44,19,25
1,<environment.Job instance at 0x146bb15e9a00>,26,2,[10  1],27,44,46,17,29
1,<environment.Job instance at 0x146bd062ec30>,28,2,[5 2],29,42,44,13,29
1,<environment.Job instance at 0x146bd062efa0>,29,2,[1 7],30,32,34,2,32
1,<environment.Job instance at 0x146bb186cd20>,33,15,[6 1],34,46,61,12,35
1,<environment.Job instance at 0x146bb186cc30>,36,12,[ 2 10],37,61,73,24,46
1,<environment.Job instance at 0x146bd243bcd0>,40,1,[7 1],41,73,74,32,54
1,<environment.Job instance at 0x146bd056a0f0>,39,1,[6 2],40,74,75,34,54
1,<environment.Job instance at 0x146bb0378370>,8,3,[6 2],9,11,14,2,11
1,<environment.Job instance at 0x146ba5f848c0>,9,17,[2 6],10,12,29,2,12
1,<environment.Job instance at 0x146bb0378780>,12,17,[1 9],13,29,46,16,17
1,<environment.Job instance at 0x146bb0e32050>,16,2,[1 7],17,46,48,29,21
1,<environment.Job instance at 0x146bb0e322d0>,15,2,[6 2],16,24,26,8,24
1,<environment.Job instance at 0x146bb0e32d70>,22,12,[6 1],23,26,38,3,25
1,<environment.Job instance at 0x146bb07acaa0>,26,2,[1 5],27,48,50,21,29
1,<environment.Job instance at 0x146bb0e32b40>,21,1,[1 7],22,50,51,28,33
1,<environment.Job instance at 0x146bb07aceb0>,28,2,[10  1],29,51,53,22,33
1,<environment.Job instance at 0x146bb07ac5f0>,31,1,[1 7],32,53,54,21,36
1,<environment.Job instance at 0x146bb0e329b0>,24,2,[8 1],25,38,40,13,36
1,<environment.Job instance at 0x146bb0dc6c80>,33,12,[10  1],34,54,66,20,38
1,<environment.Job instance at 0x146bb097ff50>,37,2,[2 7],38,66,68,28,39
1,<environment.Job instance at 0x146bb0f1f3c0>,39,1,[6 1],40,40,41,0,40
1,<environment.Job instance at 0x146bb0f1fc30>,38,3,[5 2],39,46,49,7,40
1,<environment.Job instance at 0x146bb082c780>,45,2,[7 1],46,49,51,3,49
1,<environment.Job instance at 0x146bb082cf00>,43,13,[6 2],44,66,79,22,50
1,<environment.Job instance at 0x146bb07acc80>,27,16,[1 7],28,68,84,40,57
1,<environment.Job instance at 0x146bb082cbe0>,44,18,[7 2],45,79,97,34,71
1,<environment.Job instance at 0x146bb05a0c30>,2,1,[2 8],3,4,5,1,4
1,<environment.Job instance at 0x146bb05a0dc0>,3,1,[5 2],4,6,7,2,6
1,<environment.Job instance at 0x146bb1584f50>,5,2,[7 1],6,8,10,2,8
1,<environment.Job instance at 0x146bb1584cd0>,10,1,[8 2],11,14,15,3,14
1,<environment.Job instance at 0x146bb15849b0>,13,15,[1 6],14,16,31,2,16
1,<environment.Job instance at 0x146bb1584e60>,9,18,[ 1 10],10,31,49,21,27
1,<environment.Job instance at 0x146bb1699cd0>,23,3,[1 5],24,49,52,25,32
1,<environment.Job instance at 0x146bb1699d20>,26,3,[2 8],27,52,55,25,36
1,<environment.Job instance at 0x146bb16993c0>,28,2,[7 1],29,49,51,20,37
1,<environment.Job instance at 0x146bb1699230>,30,1,[8 1],31,51,52,20,37
1,<environment.Job instance at 0x146bb1858e10>,32,2,[2 7],33,55,57,22,41
1,<environment.Job instance at 0x146bb1699780>,27,15,[10  1],28,57,72,29,43
1,<environment.Job instance at 0x146bb18580f0>,34,2,[7 1],35,52,54,17,45
1,<environment.Job instance at 0x146bb18583c0>,36,3,[10  1],37,72,75,35,46
1,<environment.Job instance at 0x146bb169f550>,46,3,[1 9],47,75,78,28,69
1,<environment.Job instance at 0x146bb169f050>,47,2,[1 6],48,78,80,30,69
1,<environment.Job instance at 0x146ba69b1410>,4,17,[9 2],5,10,27,5,10
1,<environment.Job instance at 0x146ba3a48280>,12,15,[5 2],13,27,42,14,13
1,<environment.Job instance at 0x146bb16cceb0>,10,2,[2 7],11,27,29,16,16
1,<environment.Job instance at 0x146ba6dd4370>,17,18,[2 6],18,29,47,11,21
1,<environment.Job instance at 0x146ba5928f50>,24,1,[6 1],25,42,43,17,25
1,<environment.Job instance at 0x146bb03ceeb0>,21,14,[9 2],22,47,61,25,38
1,<environment.Job instance at 0x146bb189bc80>,28,3,[2 6],29,61,64,32,40
1,<environment.Job instance at 0x146ba2f92b40>,32,2,[1 5],33,52,54,19,52
1,<environment.Job instance at 0x146ba6f51f00>,31,16,[10  2],32,64,80,32,58
1,<environment.Job instance at 0x146ba2f92d70>,33,12,[8 2],34,80,92,46,65
1,<environment.Job instance at 0x146baff797d0>,47,3,[8 2],48,92,95,44,75
1,<environment.Job instance at 0x146bb1961190>,48,1,[2 5],49,80,81,31,80
1,<environment.Job instance at 0x146baff798c0>,41,15,[10  2],42,95,110,53,86
1,<environment.Job instance at 0x146ba6bea780>,39,26,[10  2],40,110,136,70,109
1,<environment.Job instance at 0x146bafea32d0>,0,2,[2 6],1,2,4,1,2
1,<environment.Job instance at 0x146bb0e32af0>,1,3,[1 8],2,4,7,2,2
1,<environment.Job instance at 0x146bafea3be0>,2,1,[7 1],3,3,4,0,3
1,<environment.Job instance at 0x146ba5998370>,5,2,[2 5],6,8,10,2,8
1,<environment.Job instance at 0x146ba59985f0>,9,2,[10  2],10,11,13,1,11
1,<environment.Job instance at 0x146ba6693370>,12,3,[5 1],13,15,18,2,15
1,<environment.Job instance at 0x146ba6693c30>,16,1,[5 2],17,19,20,2,19
1,<environment.Job instance at 0x146ba6693320>,18,14,[2 5],19,19,33,0,19
1,<environment.Job instance at 0x146ba6693f00>,17,2,[2 7],18,33,35,15,19
1,<environment.Job instance at 0x146ba533d190>,19,15,[2 8],20,35,50,15,22
1,<environment.Job instance at 0x146ba6693a00>,15,13,[6 1],16,24,37,8,24
1,<environment.Job instance at 0x146ba533dd20>,21,1,[1 9],22,50,51,28,24
1,<environment.Job instance at 0x146ba5d1d140>,30,12,[1 9],31,51,63,20,34
1,<environment.Job instance at 0x146ba5d1da50>,33,1,[7 1],34,40,41,6,40
1,<environment.Job instance at 0x146ba5d1d820>,34,1,[1 7],35,63,64,28,48
1,<environment.Job instance at 0x146ba5d1da00>,38,1,[6 2],39,66,67,27,66
1,<environment.Job instance at 0x146ba3bfbaa0>,46,1,[5 2],47,75,76,28,75
1,<environment.Job instance at 0x146ba3bfbbe0>,44,12,[1 8],45,75,87,30,75
1,<environment.Job instance at 0x146ba3bfbeb0>,48,1,[10  2],49,87,88,38,75
1,<environment.Job instance at 0x146ba3bfb410>,45,13,[1 7],46,88,101,42,76
1,<environment.Job instance at 0x146ba3bfbcd0>,43,22,[2 9],44,101,123,57,94
1,<environment.Job instance at 0x146ba4e37e10>,1,2,[7 1],2,3,5,1,3
1,<environment.Job instance at 0x146ba4e37550>,2,1,[9 2],3,5,6,2,3
1,<environment.Job instance at 0x146ba74895a0>,6,2,[ 2 10],7,15,17,8,15
1,<environment.Job instance at 0x146bb172bb40>,14,2,[1 6],15,17,19,2,15
1,<environment.Job instance at 0x146bb172b0f0>,15,2,[ 1 10],16,19,21,3,16
1,<environment.Job instance at 0x146ba6599e10>,20,16,[8 1],21,21,37,0,21
1,<environment.Job instance at 0x146ba6599a00>,23,13,[5 2],24,37,50,13,24
1,<environment.Job instance at 0x146ba63843c0>,24,1,[2 9],25,26,27,1,26
1,<environment.Job instance at 0x146ba63848c0>,28,2,[2 9],29,50,52,21,40
1,<environment.Job instance at 0x146ba6599b90>,18,18,[ 1 10],19,52,70,33,43
1,<environment.Job instance at 0x146ba72a8f00>,32,2,[2 8],33,46,48,13,46
1,<environment.Job instance at 0x146ba6384690>,25,3,[9 1],26,70,73,44,50
1,<environment.Job instance at 0x146ba72a8730>,35,2,[1 8],36,70,72,34,50
1,<environment.Job instance at 0x146ba72a8320>,36,1,[1 5],37,72,73,35,51
1,<environment.Job instance at 0x146ba72a88c0>,40,1,[ 1 10],41,73,74,32,52
1,<environment.Job instance at 0x146bd11c9c80>,42,17,[5 2],43,74,91,31,67
1,<environment.Job instance at 0x146bd09f17d0>,45,3,[2 6],46,74,77,28,70
1,<environment.Job instance at 0x146bd09f1960>,48,3,[2 8],49,77,80,28,73
1,<environment.Job instance at 0x146ba72a82d0>,37,27,[ 1 10],38,91,118,53,91
1,<environment.Job instance at 0x146bb1b5e050>,3,12,[1 6],4,6,18,2,6
1,<environment.Job instance at 0x146bb1b5e3c0>,0,28,[7 1],1,7,35,6,7
1,<environment.Job instance at 0x146bb25b63c0>,5,1,[10  1],6,35,36,29,10
1,<environment.Job instance at 0x146bb25b6780>,9,2,[2 8],10,18,20,8,10
1,<environment.Job instance at 0x146bb25b6dc0>,7,3,[1 7],8,20,23,12,14
1,<environment.Job instance at 0x146ba38c1af0>,18,3,[8 2],19,36,39,17,21
1,<environment.Job instance at 0x146ba38c13c0>,19,2,[2 8],20,23,25,3,21
1,<environment.Job instance at 0x146ba38c1690>,21,3,[8 2],22,39,42,17,26
1,<environment.Job instance at 0x146ba38c1050>,20,2,[7 1],21,42,44,21,28
1,<environment.Job instance at 0x146ba38c1d20>,26,1,[7 1],27,44,45,17,30
1,<environment.Job instance at 0x146ba75415f0>,30,15,[9 2],31,45,60,14,33
1,<environment.Job instance at 0x146ba7556500>,42,1,[ 2 10],43,60,61,17,46
1,<environment.Job instance at 0x146ba75456e0>,46,1,[8 1],47,61,62,14,54
1,<environment.Job instance at 0x146ba7541a50>,28,17,[2 6],29,61,78,32,55
1,<environment.Job instance at 0x146ba3a977d0>,7,3,[9 1],8,8,11,0,8
1,<environment.Job instance at 0x146ba485ffa0>,4,2,[2 8],5,11,13,6,9
1,<environment.Job instance at 0x146ba3a97730>,5,13,[2 8],6,13,26,7,10
1,<environment.Job instance at 0x146ba3a976e0>,9,3,[2 7],10,26,29,16,11
1,<environment.Job instance at 0x146ba3a97f50>,12,3,[1 5],13,29,32,16,15
1,<environment.Job instance at 0x146ba3a97a50>,10,3,[6 2],11,15,18,4,15
1,<environment.Job instance at 0x146ba3682e10>,13,1,[9 1],14,29,30,15,15
1,<environment.Job instance at 0x146ba3682780>,16,1,[8 2],17,18,19,1,17
1,<environment.Job instance at 0x146ba3682f00>,15,1,[8 2],16,20,21,4,20
1,<environment.Job instance at 0x146ba3682eb0>,14,1,[2 5],15,30,31,15,22
1,<environment.Job instance at 0x146ba39bd550>,19,12,[2 9],20,32,44,12,23
1,<environment.Job instance at 0x146ba3a035a0>,23,12,[8 2],24,44,56,20,29
1,<environment.Job instance at 0x146ba3a03e10>,27,2,[9 2],28,56,58,28,29
1,<environment.Job instance at 0x146ba3a03b40>,31,1,[10  1],32,58,59,26,33
1,<environment.Job instance at 0x146ba3af3be0>,38,1,[8 1],39,59,60,20,44
1,<environment.Job instance at 0x146ba3a038c0>,30,1,[7 2],31,60,61,29,45
1,<environment.Job instance at 0x146ba3af3730>,40,13,[5 2],41,61,74,20,46
1,<environment.Job instance at 0x146ba5c01780>,46,3,[5 1],47,61,64,14,53
1,<environment.Job instance at 0x146ba3af3e60>,42,18,[ 1 10],43,74,92,31,63
1,<environment.Job instance at 0x146ba65b81e0>,0,17,[10  1],1,4,21,3,4
1,<environment.Job instance at 0x146ba3093aa0>,4,2,[ 2 10],5,21,23,16,6
1,<environment.Job instance at 0x146bb0568e10>,6,3,[10  2],7,23,26,16,7
1,<environment.Job instance at 0x146bb162e550>,7,1,[ 2 10],8,26,27,18,10
1,<environment.Job instance at 0x146bb0a42370>,11,1,[ 1 10],12,27,28,15,12
1,<environment.Job instance at 0x146bcffed500>,10,2,[ 2 10],11,28,30,17,12
1,<environment.Job instance at 0x146ba43dbbe0>,14,2,[5 2],15,30,32,15,15
1,<environment.Job instance at 0x146ba43db500>,15,3,[2 7],16,30,33,14,20
1,<environment.Job instance at 0x146ba714b500>,18,1,[9 2],19,33,34,14,24
1,<environment.Job instance at 0x146bd28e0320>,16,3,[1 5],17,33,36,16,25
1,<environment.Job instance at 0x146ba4fdee10>,22,17,[2 6],23,36,53,13,26
1,<environment.Job instance at 0x146ba4fde370>,27,1,[7 2],28,32,33,4,30
1,<environment.Job instance at 0x146baf9d1f00>,31,1,[5 1],32,34,35,2,32
1,<environment.Job instance at 0x146ba6dfe4b0>,29,1,[ 2 10],30,53,54,23,33
1,<environment.Job instance at 0x146ba6f20aa0>,33,3,[2 5],34,54,57,20,35
1,<environment.Job instance at 0x146bb133dd70>,35,1,[2 7],36,57,58,21,38
1,<environment.Job instance at 0x146bb0237280>,38,15,[1 8],39,58,73,19,47
1,<environment.Job instance at 0x146bb06d0f50>,39,2,[2 6],40,73,75,33,48
1,<environment.Job instance at 0x146bd28df140>,37,1,[5 1],38,49,50,11,49
1,<environment.Job instance at 0x146ba5a4ca00>,48,2,[2 5],49,75,77,26,60
1,<environment.Job instance at 0x146bb2643280>,0,14,[1 8],1,3,17,2,3
1,<environment.Job instance at 0x146bb2643af0>,4,18,[8 1],5,5,23,0,5
1,<environment.Job instance at 0x146ba695d4b0>,6,3,[ 2 10],7,23,26,16,10
1,<environment.Job instance at 0x146ba3e65aa0>,9,3,[2 7],10,17,20,7,10
1,<environment.Job instance at 0x146bb2643050>,3,1,[5 2],4,26,27,22,12
1,<environment.Job instance at 0x146ba3e65280>,14,2,[9 2],15,27,29,12,15
1,<environment.Job instance at 0x146bb10397d0>,17,2,[8 2],18,29,31,11,18
1,<environment.Job instance at 0x146ba3e65370>,10,2,[ 2 10],11,31,33,20,19
1,<environment.Job instance at 0x146bb1039cd0>,19,2,[1 5],20,20,22,0,20
1,<environment.Job instance at 0x146bb1039aa0>,21,2,[ 1 10],22,33,35,11,25
1,<environment.Job instance at 0x146bb1039eb0>,23,2,[8 2],24,35,37,11,25
1,<environment.Job instance at 0x146ba52c66e0>,26,2,[1 7],27,35,37,8,31
1,<environment.Job instance at 0x146bb1039370>,22,22,[9 1],23,37,59,14,32
1,<environment.Job instance at 0x146ba52c6960>,29,18,[1 9],30,46,64,16,46
1,<environment.Job instance at 0x146ba52c6190>,27,18,[8 1],28,59,77,31,49
1,<environment.Job instance at 0x146bb0644370>,39,2,[8 2],40,77,79,37,51
1,<environment.Job instance at 0x146bb06447d0>,42,3,[7 1],43,79,82,36,62
1,<environment.Job instance at 0x146bb079c6e0>,44,1,[6 2],45,82,83,37,68
1,<environment.Job instance at 0x146bb079cb40>,46,3,[1 5],47,70,73,23,70
1,<environment.Job instance at 0x146bb079c690>,47,2,[7 1],48,83,85,35,75
1,<environment.Job instance at 0x146ba39eca00>,4,2,[10  2],5,7,9,2,7
1,<environment.Job instance at 0x146ba39ecc80>,6,3,[1 6],7,9,12,2,8
1,<environment.Job instance at 0x146ba43d3870>,10,3,[1 9],11,12,15,1,12
1,<environment.Job instance at 0x146ba43d31e0>,11,3,[1 8],12,15,18,3,13
1,<environment.Job instance at 0x146ba43d3d20>,8,1,[1 9],9,18,19,9,13
1,<environment.Job instance at 0x146ba43d3370>,16,3,[7 1],17,17,20,0,17
1,<environment.Job instance at 0x146ba69d5b40>,18,2,[5 1],19,20,22,1,19
1,<environment.Job instance at 0x146ba43d3140>,17,3,[1 9],18,19,22,1,19
1,<environment.Job instance at 0x146ba3d445a0>,24,16,[10  2],25,25,41,0,25
1,<environment.Job instance at 0x146ba3d44b40>,23,1,[7 1],24,41,42,17,27
1,<environment.Job instance at 0x146ba3d44eb0>,26,3,[1 8],27,41,44,14,28
1,<environment.Job instance at 0x146ba3d44820>,25,1,[8 2],26,42,43,16,32
1,<environment.Job instance at 0x146ba4278690>,33,2,[7 1],34,43,45,9,36
1,<environment.Job instance at 0x146ba4278370>,35,14,[9 1],36,45,59,9,37
1,<environment.Job instance at 0x146ba4347820>,37,2,[2 7],38,59,61,21,38
1,<environment.Job instance at 0x146ba4347140>,36,2,[ 1 10],37,61,63,24,38
1,<environment.Job instance at 0x146ba3a3c190>,40,1,[5 1],41,59,60,18,44
1,<environment.Job instance at 0x146ba3d16e60>,46,3,[2 8],47,63,66,16,49
1,<environment.Job instance at 0x146ba3a3cf00>,41,17,[5 2],42,63,80,21,53
1,<environment.Job instance at 0x146baf8f75f0>,4,3,[10  2],5,5,8,0,5
1,<environment.Job instance at 0x146bb21d8eb0>,5,2,[1 9],6,8,10,2,6
1,<environment.Job instance at 0x146bb21d8a00>,6,1,[5 2],7,10,11,3,8
1,<environment.Job instance at 0x146bb00072d0>,12,3,[6 2],13,13,16,0,13
1,<environment.Job instance at 0x146bb0007910>,13,13,[1 5],14,14,27,0,14
1,<environment.Job instance at 0x146bb0007870>,10,1,[7 1],11,16,17,5,14
1,<environment.Job instance at 0x146bb21de460>,16,1,[2 5],17,21,22,4,21
1,<environment.Job instance at 0x146bb21dee10>,20,1,[1 7],21,27,28,6,24
1,<environment.Job instance at 0x146ba5af3e60>,22,2,[ 1 10],23,28,30,5,24
1,<environment.Job instance at 0x146ba5af30a0>,24,19,[ 2 10],25,30,49,5,26
1,<environment.Job instance at 0x146ba5af3550>,27,3,[9 1],28,49,52,21,29
1,<environment.Job instance at 0x146bb1f6c190>,31,1,[5 1],32,52,53,20,33
1,<environment.Job instance at 0x146bb1f6c460>,32,2,[2 9],33,52,54,19,33
1,<environment.Job instance at 0x146bb1f6c910>,35,3,[9 2],36,54,57,18,36
1,<environment.Job instance at 0x146ba5460c30>,36,3,[8 1],37,57,60,20,37
1,<environment.Job instance at 0x146ba5460730>,37,3,[2 5],38,57,60,19,39
1,<environment.Job instance at 0x146ba5460190>,39,2,[8 2],40,60,62,20,40
1,<environment.Job instance at 0x146ba5460870>,41,1,[8 1],42,53,54,11,43
1,<environment.Job instance at 0x146bb22738c0>,44,2,[2 8],45,60,62,15,45
1,<environment.Job instance at 0x146bb22735f0>,43,3,[1 6],44,49,52,5,45
1,<environment.Job instance at 0x146bb2273c80>,47,1,[1 7],48,54,55,6,51
1,<environment.Job instance at 0x146bb2273b90>,46,2,[2 5],47,62,64,15,52
1,<environment.Job instance at 0x146bb1f8eaf0>,48,14,[5 1],49,62,76,13,57
1,<environment.Job instance at 0x146bafa40a00>,0,1,[6 1],1,3,4,2,3
1,<environment.Job instance at 0x146bafe1ce10>,3,1,[ 1 10],4,4,5,0,4
1,<environment.Job instance at 0x146ba5dd4820>,4,16,[8 1],5,6,22,1,6
1,<environment.Job instance at 0x146bafe09050>,7,12,[10  2],8,22,34,14,8
1,<environment.Job instance at 0x146bafe09a50>,15,1,[1 9],16,19,20,3,19
1,<environment.Job instance at 0x146bafe36370>,22,2,[1 7],23,34,36,11,24
1,<environment.Job instance at 0x146bafe1cdc0>,9,18,[1 7],10,36,54,26,25
1,<environment.Job instance at 0x146bafe36780>,26,1,[10  1],27,54,55,27,27
1,<environment.Job instance at 0x146bafe36a50>,27,3,[1 6],28,55,58,27,30
1,<environment.Job instance at 0x146bafe36a00>,28,2,[1 5],29,58,60,29,31
1,<environment.Job instance at 0x146bafe36e10>,30,1,[9 2],31,34,35,3,34
1,<environment.Job instance at 0x146bafe36e60>,33,3,[10  2],34,60,63,26,37
1,<environment.Job instance at 0x146bafe23730>,37,3,[10  2],38,63,66,25,38
1,<environment.Job instance at 0x146bafe23870>,38,1,[10  1],39,66,67,27,41
1,<environment.Job instance at 0x146bafe23c80>,43,3,[6 2],44,44,47,0,44
1,<environment.Job instance at 0x146bafe040a0>,47,3,[7 2],48,48,51,0,48
1,<environment.Job instance at 0x146bafe23f00>,45,16,[2 9],46,67,83,21,56
1,<environment.Job instance at 0x146ba3f34050>,4,17,[ 2 10],5,6,23,1,6
1,<environment.Job instance at 0x146ba704fbe0>,5,3,[6 1],6,23,26,17,8
1,<environment.Job instance at 0x146ba3f34820>,8,2,[1 6],9,23,25,14,10
1,<environment.Job instance at 0x146ba5739fa0>,10,1,[1 6],11,25,26,14,12
1,<environment.Job instance at 0x146ba3c2ef00>,7,2,[7 1],8,26,28,18,15
1,<environment.Job instance at 0x146ba395bdc0>,13,20,[ 1 10],14,28,48,14,20
1,<environment.Job instance at 0x146ba57a4320>,24,13,[9 1],25,48,61,23,32
1,<environment.Job instance at 0x146bb0ca84b0>,28,3,[8 2],29,61,64,32,41
1,<environment.Job instance at 0x146ba6a00690>,29,2,[ 1 10],30,64,66,34,44
1,<environment.Job instance at 0x146ba6420a50>,35,1,[1 8],36,51,52,15,51
1,<environment.Job instance at 0x146bb0ca81e0>,30,1,[8 1],31,66,67,35,53
1,<environment.Job instance at 0x146bb0f5c280>,39,3,[8 1],40,67,70,27,55
1,<environment.Job instance at 0x146ba64200f0>,34,15,[8 1],35,70,85,35,58
1,<environment.Job instance at 0x146bb098cbe0>,44,2,[6 1],45,85,87,40,60
1,<environment.Job instance at 0x146bb0ca80a0>,26,18,[2 9],27,66,84,39,60
1,<environment.Job instance at 0x146bb2324c80>,47,3,[1 7],48,61,64,13,61
1,<environment.Job instance at 0x146bb12890a0>,41,27,[5 2],42,87,114,45,85
1,<environment.Job instance at 0x146bafe36b40>,1,2,[2 7],2,5,7,3,5
1,<environment.Job instance at 0x146ba6c7a730>,2,18,[1 7],3,7,25,4,6
1,<environment.Job instance at 0x146ba5194410>,6,1,[ 2 10],7,25,26,18,7
1,<environment.Job instance at 0x146ba594fe10>,5,16,[6 2],6,7,23,1,7
1,<environment.Job instance at 0x146bb11faaa0>,8,2,[6 1],9,23,25,14,9
1,<environment.Job instance at 0x146ba5ee96e0>,9,1,[2 9],10,26,27,16,12
1,<environment.Job instance at 0x146ba5ee99b0>,11,2,[2 9],12,27,29,15,13
1,<environment.Job instance at 0x146ba5ee9550>,12,13,[10  1],13,29,42,16,14
1,<environment.Job instance at 0x146ba524e7d0>,26,2,[8 2],27,42,44,15,27
1,<environment.Job instance at 0x146ba6b78e60>,29,3,[9 1],30,44,47,14,30
1,<environment.Job instance at 0x146ba369cc80>,32,2,[1 5],33,42,44,9,35
1,<environment.Job instance at 0x146ba3751870>,35,3,[6 1],36,47,50,11,36
1,<environment.Job instance at 0x146bb0c44c30>,22,15,[ 2 10],23,50,65,27,36
1,<environment.Job instance at 0x146ba3768410>,42,1,[2 6],43,47,48,4,47
1,<environment.Job instance at 0x146ba3768370>,43,1,[1 7],44,49,50,5,49
1,<environment.Job instance at 0x146ba369ccd0>,33,12,[5 1],34,65,77,31,49
1,<environment.Job instance at 0x146ba3839d20>,48,15,[1 9],49,65,80,16,51
1,<environment.Job instance at 0x146ba3839190>,47,2,[1 9],48,80,82,32,59
1,<environment.Job instance at 0x146bb0f61370>,38,20,[7 2],39,86,106,47,86
1,<environment.Job instance at 0x146ba70773c0>,7,2,[2 7],8,9,11,1,9
1,<environment.Job instance at 0x146bb04f3140>,2,2,[1 6],3,11,13,8,9
1,<environment.Job instance at 0x146ba7077f00>,8,1,[6 2],9,9,10,0,9
1,<environment.Job instance at 0x146bb04f30a0>,4,12,[ 2 10],5,13,25,8,10
1,<environment.Job instance at 0x146ba7077500>,6,1,[2 8],7,25,26,18,12
1,<environment.Job instance at 0x146ba7077640>,12,3,[2 6],13,26,29,13,14
1,<environment.Job instance at 0x146ba7077fa0>,11,1,[2 6],12,29,30,17,16
1,<environment.Job instance at 0x146ba688eaf0>,19,1,[8 1],20,25,26,5,21
1,<environment.Job instance at 0x146ba688ec30>,20,13,[5 2],21,26,39,5,21
1,<environment.Job instance at 0x146ba688e5f0>,17,3,[2 9],18,39,42,21,26
1,<environment.Job instance at 0x146ba688e230>,24,17,[10  2],25,42,59,17,30
1,<environment.Job instance at 0x146ba688ebe0>,23,1,[1 5],24,30,31,6,30
1,<environment.Job instance at 0x146bb015a780>,26,2,[10  1],27,59,61,32,32
1,<environment.Job instance at 0x146bb015ab40>,29,2,[1 7],30,34,36,4,34
1,<environment.Job instance at 0x146ba688e0f0>,22,2,[5 2],23,36,38,13,35
1,<environment.Job instance at 0x146bb015a730>,30,15,[1 9],31,61,76,30,50
1,<environment.Job instance at 0x146bb015af00>,32,2,[1 6],33,76,78,43,52
1,<environment.Job instance at 0x146bb02868c0>,38,1,[2 7],39,78,79,39,54
1,<environment.Job instance at 0x146bb0286b40>,35,2,[7 2],36,76,78,40,54
1,<environment.Job instance at 0x146bb0286f50>,39,1,[6 2],40,78,79,38,56
1,<environment.Job instance at 0x146bb0286e60>,40,1,[7 1],41,61,62,20,56
1,<environment.Job instance at 0x146bb02861e0>,43,1,[2 9],44,79,80,35,57
1,<environment.Job instance at 0x146bb0286c30>,41,3,[8 1],42,62,65,20,57
1,<environment.Job instance at 0x146bb0286550>,44,2,[9 1],45,65,67,20,58
1,<environment.Job instance at 0x146ba60780a0>,48,2,[ 1 10],49,80,82,31,66
1,<environment.Job instance at 0x146bb0286370>,46,20,[7 1],47,82,102,35,79
1,<environment.Job instance at 0x146bb02869b0>,45,20,[5 2],46,102,122,56,97
1,<environment.Job instance at 0x146bb1581b40>,1,25,[9 1],2,4,29,2,4
1,<environment.Job instance at 0x146bb0658460>,5,3,[1 9],6,8,11,2,8
1,<environment.Job instance at 0x146bb0658640>,8,3,[6 2],9,29,32,20,10
1,<environment.Job instance at 0x146bb0658050>,10,1,[2 8],11,29,30,18,11
1,<environment.Job instance at 0x146bb0102a50>,14,1,[1 9],15,16,17,1,16
1,<environment.Job instance at 0x146bb0102730>,15,2,[6 2],16,32,34,16,21
1,<environment.Job instance at 0x146ba3f8baa0>,20,2,[5 1],21,34,36,13,22
1,<environment.Job instance at 0x146ba3f8bf50>,24,2,[8 1],25,36,38,11,25
1,<environment.Job instance at 0x146bb047cd20>,28,2,[10  1],29,38,40,9,29
1,<environment.Job instance at 0x146bb047c8c0>,26,2,[1 5],27,30,32,3,29
1,<environment.Job instance at 0x146bb047c230>,32,3,[5 2],33,40,43,7,34
1,<environment.Job instance at 0x146bb047ceb0>,27,16,[1 7],28,40,56,12,34
1,<environment.Job instance at 0x146bb047c0f0>,29,2,[6 1],30,43,45,13,34
1,<environment.Job instance at 0x146bb047cdc0>,34,1,[1 9],35,36,37,1,36
1,<environment.Job instance at 0x146bb06273c0>,38,3,[5 2],39,45,48,6,39
1,<environment.Job instance at 0x146bb00d0050>,42,3,[6 1],43,48,51,5,43
1,<environment.Job instance at 0x146bb047c2d0>,35,1,[10  1],36,56,57,20,43
1,<environment.Job instance at 0x146bb00d08c0>,43,13,[6 2],44,57,70,13,48
1,<environment.Job instance at 0x146bafe5ac80>,48,2,[2 5],49,57,59,8,49
1,<environment.Job instance at 0x146bb24f14b0>,2,1,[2 8],3,5,6,2,5
1,<environment.Job instance at 0x146ba70776e0>,1,3,[7 2],2,5,8,3,5
1,<environment.Job instance at 0x146bb24f15a0>,3,1,[5 2],4,8,9,4,6
1,<environment.Job instance at 0x146bb1c09c80>,11,16,[1 7],12,13,29,1,13
1,<environment.Job instance at 0x146bb1c09f00>,14,3,[1 7],15,29,32,14,18
1,<environment.Job instance at 0x146bb1c098c0>,18,2,[8 1],19,20,22,1,20
1,<environment.Job instance at 0x146bb1c09b40>,19,1,[ 2 10],20,32,33,12,21
1,<environment.Job instance at 0x146bb1c09fa0>,23,3,[1 5],24,33,36,9,24
1,<environment.Job instance at 0x146bb1c09be0>,15,18,[1 8],16,36,54,20,26
1,<environment.Job instance at 0x146ba6250a00>,24,2,[2 9],25,54,56,29,27
1,<environment.Job instance at 0x146ba7402c30>,33,3,[1 7],34,56,59,22,37
1,<environment.Job instance at 0x146ba7402500>,32,2,[2 7],33,59,61,26,38
1,<environment.Job instance at 0x146ba74025f0>,36,3,[10  1],37,61,64,24,38
1,<environment.Job instance at 0x146ba74027d0>,34,2,[7 1],35,41,43,6,41
1,<environment.Job instance at 0x146ba7402cd0>,39,3,[1 7],40,64,67,24,46
1,<environment.Job instance at 0x146ba7402af0>,40,15,[9 2],41,64,79,23,58
1,<environment.Job instance at 0x146bb2435c30>,47,2,[1 6],48,67,69,19,65
1,<environment.Job instance at 0x146bb2435b90>,48,2,[1 5],49,70,72,21,70
1,<environment.Job instance at 0x146bb07f1870>,2,2,[2 9],3,4,6,1,4
1,<environment.Job instance at 0x146bb69cec30>,4,17,[9 2],5,6,23,1,6
1,<environment.Job instance at 0x146bb4a46c80>,3,12,[5 1],4,23,35,19,6
1,<environment.Job instance at 0x146bb69ced20>,8,2,[8 1],9,35,37,26,9
1,<environment.Job instance at 0x146bb49df8c0>,0,13,[2 6],1,23,36,22,10
1,<environment.Job instance at 0x146bb69d1be0>,20,3,[9 2],21,37,40,16,21
1,<environment.Job instance at 0x146bb69d1eb0>,21,14,[9 2],22,40,54,18,26
1,<environment.Job instance at 0x146bb69d11e0>,14,17,[1 7],15,36,53,21,27
1,<environment.Job instance at 0x146bb69d1fa0>,23,2,[2 5],24,54,56,30,27
1,<environment.Job instance at 0x146bb6952640>,29,12,[2 8],30,56,68,26,41
1,<environment.Job instance at 0x146bb69525a0>,28,3,[2 6],29,68,71,39,45
1,<environment.Job instance at 0x146bb6952a50>,33,12,[8 2],34,54,66,20,52
1,<environment.Job instance at 0x146bb69529b0>,35,12,[1 6],36,71,83,35,55
1,<environment.Job instance at 0x146bb6952c30>,36,1,[1 6],37,83,84,46,55
1,<environment.Job instance at 0x146bb6952d70>,38,17,[8 2],39,67,84,28,67
1,<environment.Job instance at 0x146bb6952820>,40,2,[1 6],41,84,86,43,67
1,<environment.Job instance at 0x146bb6952fa0>,41,15,[10  2],42,86,101,44,73
1,<environment.Job instance at 0x146bb69551e0>,44,3,[1 7],45,101,104,56,75
1,<environment.Job instance at 0x146bb6952aa0>,42,18,[10  1],43,104,122,61,96
1,<environment.Job instance at 0x146bb6955280>,46,1,[2 9],47,122,123,75,97
1,<environment.Job instance at 0x146bb6957c80>,1,3,[1 8],2,2,5,0,2
1,<environment.Job instance at 0x146bb6957aa0>,0,2,[2 6],1,8,10,7,8
1,<environment.Job instance at 0x146ba6438a00>,7,3,[6 2],8,11,14,3,11
1,<environment.Job instance at 0x146bb004a960>,12,3,[5 1],13,14,17,1,13
1,<environment.Job instance at 0x146ba64388c0>,6,1,[10  1],7,17,18,10,17
1,<environment.Job instance at 0x146bb004aa00>,16,1,[5 2],17,18,19,1,18
1,<environment.Job instance at 0x146bb004afa0>,19,15,[2 8],20,20,35,0,20
1,<environment.Job instance at 0x146bb004a1e0>,18,14,[2 5],19,35,49,16,21
1,<environment.Job instance at 0x146bb004a190>,14,1,[10  1],15,49,50,34,25
1,<environment.Job instance at 0x146ba64fc6e0>,26,2,[1 5],27,35,37,8,29
1,<environment.Job instance at 0x146bb117e870>,21,1,[1 9],22,50,51,28,29
1,<environment.Job instance at 0x146bb4c3a7d0>,30,12,[1 9],31,51,63,20,34
1,<environment.Job instance at 0x146bb4c3ab40>,32,2,[9 1],33,50,52,17,40
1,<environment.Job instance at 0x146bb1e43f00>,38,1,[6 2],39,44,45,5,44
1,<environment.Job instance at 0x146bb1e43230>,39,2,[7 1],40,45,47,5,44
1,<environment.Job instance at 0x146bb1e43c30>,41,3,[ 1 10],42,63,66,21,44
1,<environment.Job instance at 0x146bb1e430a0>,40,3,[7 2],41,66,69,25,50
1,<environment.Job instance at 0x146bb2413460>,44,12,[1 8],45,66,78,21,59
1,<environment.Job instance at 0x146bb1e99a50>,36,15,[7 2],37,69,84,32,62
1,<environment.Job instance at 0x146bb2413960>,46,1,[5 2],47,84,85,37,63
1,<environment.Job instance at 0x146bb13535a0>,2,1,[9 2],3,4,5,1,4
1,<environment.Job instance at 0x146bb109f2d0>,6,2,[ 2 10],7,8,10,1,8
1,<environment.Job instance at 0x146ba561c050>,9,2,[7 1],10,10,12,0,10
1,<environment.Job instance at 0x146bb109fe60>,3,2,[9 2],4,14,16,10,14
1,<environment.Job instance at 0x146ba561cf00>,12,2,[6 1],13,16,18,3,14
1,<environment.Job instance at 0x146ba74c7460>,15,2,[ 1 10],16,18,20,2,17
1,<environment.Job instance at 0x146ba3bb5370>,16,18,[2 9],17,20,38,3,17
1,<environment.Job instance at 0x146ba74c77d0>,14,2,[1 6],15,38,40,23,17
1,<environment.Job instance at 0x146ba426acd0>,19,3,[5 1],20,20,23,0,20
1,<environment.Job instance at 0x146ba3a2c9b0>,24,1,[2 9],25,40,41,15,28
1,<environment.Job instance at 0x146bb0fc7190>,26,17,[10  2],27,41,58,14,29
1,<environment.Job instance at 0x146bb0089690>,34,3,[8 1],35,58,61,23,41
1,<environment.Job instance at 0x146bb0089730>,35,2,[1 8],36,58,60,22,45
1,<environment.Job instance at 0x146bb04f3e60>,33,16,[2 9],34,60,76,26,49
1,<environment.Job instance at 0x146baf8c8730>,44,3,[7 2],45,76,79,31,59
1,<environment.Job instance at 0x146ba3c696e0>,27,24,[2 9],28,79,103,51,77
1,<environment.Job instance at 0x146bafca1cd0>,5,1,[10  1],6,6,7,0,6
1,<environment.Job instance at 0x146ba6b56960>,7,3,[1 7],8,10,13,2,10
1,<environment.Job instance at 0x146bafca1c80>,8,3,[9 2],9,11,14,2,11
1,<environment.Job instance at 0x146ba2fb20f0>,11,3,[8 1],12,14,17,2,14
1,<environment.Job instance at 0x146ba2fb2d70>,12,12,[10  2],13,17,29,4,14
1,<environment.Job instance at 0x146ba2fb2460>,14,3,[1 8],15,29,32,14,17
1,<environment.Job instance at 0x146ba2fb2f50>,13,1,[2 5],14,32,33,18,18
1,<environment.Job instance at 0x146bb0f7ea00>,20,2,[7 1],21,29,31,8,21
1,<environment.Job instance at 0x146bb1f3baa0>,3,12,[1 6],4,33,45,29,23
1,<environment.Job instance at 0x146bb259f230>,23,3,[9 1],24,33,36,9,24
1,<environment.Job instance at 0x146ba58fe870>,24,2,[8 1],25,31,33,6,28
1,<environment.Job instance at 0x146ba4843fa0>,32,2,[7 1],33,36,38,3,34
1,<environment.Job instance at 0x146bb4ae7960>,35,3,[1 8],36,45,48,9,40
1,<environment.Job instance at 0x146bb4ae7c80>,37,18,[2 7],38,48,66,10,43
1,<environment.Job instance at 0x146ba4dfacd0>,38,3,[1 5],39,66,69,27,43
1,<environment.Job instance at 0x146bb25a2640>,41,1,[9 1],42,44,45,2,44
1,<environment.Job instance at 0x146bcffddb40>,44,2,[9 1],45,66,68,21,48
1,<environment.Job instance at 0x146ba5218500>,45,3,[ 1 10],46,69,72,23,50
1,<environment.Job instance at 0x146bb081aaf0>,47,2,[5 1],48,51,53,3,51
1,<environment.Job instance at 0x146bb149be60>,1,3,[8 1],2,2,5,0,2
1,<environment.Job instance at 0x146ba5ed33c0>,8,21,[ 2 10],9,11,32,2,11
1,<environment.Job instance at 0x146ba5ed3e60>,9,3,[2 7],10,32,35,22,13
1,<environment.Job instance at 0x146bb0dc1f00>,14,1,[2 5],15,35,36,20,15
1,<environment.Job instance at 0x146bb0dc1dc0>,15,1,[8 2],16,32,33,16,18
1,<environment.Job instance at 0x146bb0dc1c80>,20,2,[1 9],21,36,38,15,22
1,<environment.Job instance at 0x146bb0dc1780>,22,12,[7 2],23,38,50,15,23
1,<environment.Job instance at 0x146bb1118cd0>,24,1,[ 1 10],25,50,51,25,25
1,<environment.Job instance at 0x146bb0dc1230>,21,3,[2 7],22,38,41,16,25
1,<environment.Job instance at 0x146bafb3bcd0>,32,13,[10  1],33,51,64,18,36
1,<environment.Job instance at 0x146bafb3b6e0>,33,3,[2 7],34,41,44,7,36
1,<environment.Job instance at 0x146bafb3b5a0>,30,1,[7 2],31,64,65,33,37
1,<environment.Job instance at 0x146ba7426910>,36,3,[1 6],37,44,47,7,38
1,<environment.Job instance at 0x146bb1eab460>,41,3,[2 9],42,65,68,23,45
1,<environment.Job instance at 0x146bb1eabe10>,44,15,[6 1],45,65,80,20,51
1,<environment.Job instance at 0x146ba547ae60>,48,3,[9 1],49,80,83,31,59
1,<environment.Job instance at 0x146bb1eab550>,45,2,[ 1 10],46,83,85,37,60
1,<environment.Job instance at 0x146bb1eabe60>,42,18,[ 1 10],43,85,103,42,83
1,<environment.Job instance at 0x146ba4fec050>,2,3,[ 2 10],3,4,7,1,4
1,<environment.Job instance at 0x146ba4fecd70>,0,17,[10  1],1,7,24,6,4
1,<environment.Job instance at 0x146ba71c8690>,4,2,[ 2 10],5,24,26,19,6
1,<environment.Job instance at 0x146bb4a93eb0>,10,2,[ 2 10],11,26,28,15,12
1,<environment.Job instance at 0x146bb4a934b0>,13,16,[2 9],14,28,44,14,15
1,<environment.Job instance at 0x146bb4a8db40>,18,1,[9 2],19,44,45,25,20
1,<environment.Job instance at 0x146bb4a8d780>,19,3,[1 6],20,44,47,24,20
1,<environment.Job instance at 0x146bb4a93b90>,12,2,[2 5],13,47,49,34,23
1,<environment.Job instance at 0x146ba605e460>,35,1,[2 7],36,49,50,13,36
1,<environment.Job instance at 0x146ba605ee10>,36,1,[5 2],37,45,46,8,37
1,<environment.Job instance at 0x146ba67cdb90>,40,2,[2 8],41,50,52,9,43
1,<environment.Job instance at 0x146ba67cdc80>,43,1,[1 9],44,52,53,8,45
1,<environment.Job instance at 0x146ba67cd500>,42,13,[10  1],43,53,66,10,46
1,<environment.Job instance at 0x146ba67cd460>,45,2,[7 2],46,46,48,0,46
1,<environment.Job instance at 0x146ba67cdeb0>,47,3,[ 2 10],48,66,69,18,48
1,<environment.Job instance at 0x146bb14046e0>,1,2,[7 2],2,4,6,2,4
1,<environment.Job instance at 0x146bb1404190>,2,2,[2 7],3,4,6,1,4
1,<environment.Job instance at 0x146bb1404b40>,5,2,[9 1],6,9,11,3,9
1,<environment.Job instance at 0x146bb1404910>,7,16,[1 8],8,11,27,3,11
1,<environment.Job instance at 0x146bb1404e60>,3,1,[5 2],4,12,13,8,12
1,<environment.Job instance at 0x146bb08e4be0>,13,18,[9 1],14,14,32,0,14
1,<environment.Job instance at 0x146bb08e47d0>,12,3,[2 9],13,32,35,19,15
1,<environment.Job instance at 0x146bb08e49b0>,17,2,[8 2],18,35,37,17,18
1,<environment.Job instance at 0x146ba2e64c30>,23,2,[8 2],24,37,39,13,25
1,<environment.Job instance at 0x146ba2e64b40>,19,2,[1 5],20,27,29,7,25
1,<environment.Job instance at 0x146bb1f44190>,30,3,[10  1],31,39,42,8,33
1,<environment.Job instance at 0x146bb1f44780>,28,18,[8 2],29,42,60,13,33
1,<environment.Job instance at 0x146bb1f44870>,32,2,[2 5],33,42,44,9,39
1,<environment.Job instance at 0x146bb19af460>,34,2,[2 6],35,44,46,9,41
1,<environment.Job instance at 0x146bb19af820>,35,14,[2 5],36,48,62,12,48
1,<environment.Job instance at 0x146bb19af500>,36,12,[5 1],37,60,72,23,48
1,<environment.Job instance at 0x146bd101e0f0>,45,1,[9 2],46,72,73,26,71
1,<environment.Job instance at 0x146ba7594820>,48,13,[1 8],49,77,90,28,77
1,<environment.Job instance at 0x146bb1f443c0>,27,18,[8 1],28,80,98,52,80
1,<environment.Job instance at 0x146ba7594910>,47,2,[7 1],48,98,100,50,81
1,<environment.Job instance at 0x146bb6dbf2d0>,5,3,[10  1],6,6,9,0,6
1,<environment.Job instance at 0x146bb4963f50>,2,14,[1 8],3,9,23,6,7
1,<environment.Job instance at 0x146bb4963050>,4,2,[10  2],5,23,25,18,7
1,<environment.Job instance at 0x146bb6dcd870>,9,1,[1 8],10,25,26,15,10
1,<environment.Job instance at 0x146bb6dbf820>,8,1,[1 9],9,26,27,17,12
1,<environment.Job instance at 0x146bb6dcddc0>,14,2,[9 1],15,15,17,0,15
1,<environment.Job instance at 0x146bb6dcdb90>,16,3,[7 1],17,18,21,1,18
1,<environment.Job instance at 0x146bb6dcdc80>,11,3,[1 8],12,27,30,15,20
1,<environment.Job instance at 0x146bb6dcd2d0>,12,2,[ 2 10],13,30,32,17,20
1,<environment.Job instance at 0x146bb6e7d410>,22,2,[8 2],23,27,29,4,23
1,<environment.Job instance at 0x146bb6e7d4b0>,24,16,[10  2],25,32,48,7,26
1,<environment.Job instance at 0x146bb6e7dd20>,25,1,[8 2],26,48,49,22,30
1,<environment.Job instance at 0x146bb6cf5f50>,26,3,[1 8],27,48,51,21,30
1,<environment.Job instance at 0x146bb6e7d690>,23,1,[7 1],24,49,50,25,31
1,<environment.Job instance at 0x146bb6e7d960>,17,3,[1 9],18,51,54,33,34
1,<environment.Job instance at 0x146bb6ce2730>,32,1,[2 5],33,54,55,21,37
1,<environment.Job instance at 0x146bb6ce2f50>,38,12,[2 5],39,54,66,15,50
1,<environment.Job instance at 0x146bb6ce2910>,40,1,[5 1],41,52,53,11,52
1,<environment.Job instance at 0x146bb6ce21e0>,42,13,[10  1],43,66,79,23,54
1,<environment.Job instance at 0x146bb6ce2dc0>,43,1,[5 2],44,55,56,11,54
1,<environment.Job instance at 0x146bb6ce2e60>,35,14,[9 1],36,79,93,43,64
1,<environment.Job instance at 0x146bb6ce80f0>,48,1,[10  2],49,93,94,44,66
1,<environment.Job instance at 0x146ba75faaa0>,4,3,[10  2],5,5,8,0,5
1,<environment.Job instance at 0x146bb1904640>,5,2,[1 9],6,8,10,2,6
1,<environment.Job instance at 0x146bb1904780>,6,1,[5 2],7,10,11,3,8
1,<environment.Job instance at 0x146bb19045a0>,12,3,[6 2],13,13,16,0,13
1,<environment.Job instance at 0x146bb1904dc0>,13,13,[1 5],14,14,27,0,14
1,<environment.Job instance at 0x146bb1904870>,10,1,[7 1],11,16,17,5,14
1,<environment.Job instance at 0x146ba572b140>,16,1,[2 5],17,21,22,4,21
1,<environment.Job instance at 0x146ba2e18730>,22,2,[ 1 10],23,27,29,4,24
1,<environment.Job instance at 0x146ba2e18c80>,24,19,[ 2 10],25,29,48,4,26
1,<environment.Job instance at 0x146ba2e18a00>,26,2,[2 6],27,48,50,21,28
1,<environment.Job instance at 0x146ba2e18cd0>,31,1,[5 1],32,48,49,16,32
1,<environment.Job instance at 0x146ba36884b0>,34,2,[5 1],35,49,51,14,35
1,<environment.Job instance at 0x146ba2e188c0>,30,13,[1 6],31,50,63,19,35
1,<environment.Job instance at 0x146ba3688320>,35,3,[9 2],36,51,54,15,37
1,<environment.Job instance at 0x146ba2e18af0>,29,2,[1 9],30,63,65,33,39
1,<environment.Job instance at 0x146bb4d881e0>,44,2,[2 8],45,65,67,20,45
1,<environment.Job instance at 0x146bb4c65320>,42,1,[ 1 10],43,67,68,24,51
1,<environment.Job instance at 0x146bb4d88230>,48,14,[5 1],49,68,82,19,57
1,<environment.Job instance at 0x146ba55efeb0>,3,1,[ 1 10],4,4,5,0,4
1,<environment.Job instance at 0x146bb03461e0>,4,16,[8 1],5,6,22,1,6
1,<environment.Job instance at 0x146bb03465f0>,9,18,[1 7],10,10,28,0,10
1,<environment.Job instance at 0x146ba5f52af0>,14,1,[1 9],15,28,29,13,16
1,<environment.Job instance at 0x146ba5f52230>,16,13,[1 5],17,29,42,12,21
1,<environment.Job instance at 0x146ba5f529b0>,20,15,[1 5],21,29,44,8,21
1,<environment.Job instance at 0x146bb0debb90>,23,1,[9 1],24,24,25,0,24
1,<environment.Job instance at 0x146ba5f52cd0>,22,2,[1 7],23,44,46,21,24
1,<environment.Job instance at 0x146bb0deb1e0>,24,1,[8 2],25,25,26,0,25
1,<environment.Job instance at 0x146ba5bc6c30>,31,3,[5 1],32,42,45,10,32
1,<environment.Job instance at 0x146ba5f52320>,18,18,[1 7],19,46,64,27,35
1,<environment.Job instance at 0x146ba5bc6050>,28,2,[1 5],29,64,66,35,38
1,<environment.Job instance at 0x146bb184a1e0>,35,1,[7 2],36,45,46,9,40
1,<environment.Job instance at 0x146bb184ab90>,37,3,[10  2],38,66,69,28,42
1,<environment.Job instance at 0x146bb184aa50>,39,1,[2 9],40,69,70,29,43
1,<environment.Job instance at 0x146bb184a140>,40,3,[8 2],41,48,51,7,48
1,<environment.Job instance at 0x146bb184a230>,38,1,[10  1],39,70,71,31,50
1,<environment.Job instance at 0x146ba5942e10>,44,3,[7 2],45,54,57,9,54
1,<environment.Job instance at 0x146ba59422d0>,45,16,[2 9],46,71,87,25,60
1,<environment.Job instance at 0x146ba5543910>,1,2,[1 8],2,6,8,4,6
1,<environment.Job instance at 0x146bb0c287d0>,5,3,[6 1],6,8,11,2,8
1,<environment.Job instance at 0x146bb4c847d0>,8,2,[1 6],9,9,11,0,9
1,<environment.Job instance at 0x146bb0c28cd0>,6,3,[5 1],7,11,14,4,9
1,<environment.Job instance at 0x146bb4c84e60>,9,2,[5 2],10,11,13,1,11
1,<environment.Job instance at 0x146bb4c84dc0>,17,3,[2 5],18,18,21,0,18
1,<environment.Job instance at 0x146bb4c84230>,16,14,[2 6],17,21,35,4,20
1,<environment.Job instance at 0x146bb0c082d0>,22,13,[10  2],23,35,48,12,23
1,<environment.Job instance at 0x146bb0c08b40>,27,13,[10  1],28,48,61,20,34
1,<environment.Job instance at 0x146bb0c085f0>,23,17,[5 1],24,61,78,37,51
1,<environment.Job instance at 0x146bb4d93500>,36,3,[2 5],37,61,64,24,55
1,<environment.Job instance at 0x146bb4d93a50>,35,1,[1 8],36,64,65,28,55
1,<environment.Job instance at 0x146bb4d93690>,38,2,[9 1],39,78,80,39,55
1,<environment.Job instance at 0x146bb11d8280>,39,3,[8 1],40,80,83,40,56
1,<environment.Job instance at 0x146bb4d93be0>,37,1,[9 1],38,83,84,45,58
1,<environment.Job instance at 0x146bb11d88c0>,43,3,[1 9],44,65,68,21,59
1,<environment.Job instance at 0x146bb11d8960>,44,2,[6 1],45,84,86,39,59
1,<environment.Job instance at 0x146bb11d8f00>,42,3,[1 8],43,68,71,25,63
1,<environment.Job instance at 0x146bb0ea5af0>,0,3,[5 2],1,3,6,2,3
1,<environment.Job instance at 0x146bb0ea5f50>,5,16,[6 2],6,9,25,3,9
1,<environment.Job instance at 0x146bb0ea5050>,2,18,[1 7],3,9,27,6,9
1,<environment.Job instance at 0x146bb0f41f50>,8,2,[6 1],9,25,27,16,11
1,<environment.Job instance at 0x146bb0f41f00>,10,16,[1 9],11,27,43,16,14
1,<environment.Job instance at 0x146bb0f415f0>,13,1,[2 7],14,43,44,29,15
1,<environment.Job instance at 0x146bb0f41410>,15,2,[ 2 10],16,44,46,28,18
1,<environment.Job instance at 0x146bb0b4f640>,18,2,[2 8],19,46,48,27,21
1,<environment.Job instance at 0x146bb0b4f320>,17,2,[10  2],18,48,50,30,26
1,<environment.Job instance at 0x146ba40c2410>,24,3,[6 1],25,28,31,3,28
1,<environment.Job instance at 0x146ba4125e10>,31,3,[10  1],32,50,53,18,34
1,<environment.Job instance at 0x146ba41250a0>,32,2,[1 5],33,53,55,20,34
1,<environment.Job instance at 0x146ba4125af0>,33,12,[5 1],34,53,65,19,37
1,<environment.Job instance at 0x146ba41255f0>,35,3,[6 1],36,37,40,1,37
1,<environment.Job instance at 0x146bafe20690>,41,2,[9 2],42,65,67,23,45
1,<environment.Job instance at 0x146bafe20730>,42,1,[2 6],43,55,56,12,46
1,<environment.Job instance at 0x146ba4278c80>,47,2,[1 9],48,59,61,11,59
1,<environment.Job instance at 0x146ba4278910>,46,2,[1 9],47,61,63,14,59
1,<environment.Job instance at 0x146ba4278730>,48,15,[1 9],49,67,82,18,59
1,<environment.Job instance at 0x146ba4278370>,45,17,[10  1],46,82,99,36,71
1,<environment.Job instance at 0x146ba36784b0>,1,1,[7 2],2,3,4,1,3
1,<environment.Job instance at 0x146bb18d8500>,2,2,[1 6],3,5,7,2,5
1,<environment.Job instance at 0x146bb0cdd0f0>,9,14,[1 5],10,12,26,2,12
1,<environment.Job instance at 0x146ba6979280>,13,2,[7 1],14,14,16,0,14
1,<environment.Job instance at 0x146ba5e64320>,17,3,[2 9],18,26,29,8,19
1,<environment.Job instance at 0x146bb0e0dc30>,21,18,[6 2],22,29,47,7,22
1,<environment.Job instance at 0x146ba69794b0>,19,1,[8 1],20,23,24,3,23
1,<environment.Job instance at 0x146bb4ca29b0>,26,2,[10  1],27,47,49,20,30
1,<environment.Job instance at 0x146ba3e7c280>,29,2,[1 7],30,32,34,2,32
1,<environment.Job instance at 0x146bcfcc7c30>,16,16,[6 1],17,49,65,32,37
1,<environment.Job instance at 0x146bb6fbb4b0>,34,22,[2 9],35,49,71,14,44
1,<environment.Job instance at 0x146bb233b410>,39,1,[6 2],40,71,72,31,57
1,<environment.Job instance at 0x146bb6fbb1e0>,36,12,[ 2 10],37,72,84,35,58
1,<environment.Job instance at 0x146bb233b1e0>,43,1,[2 9],44,84,85,40,58
1,<environment.Job instance at 0x146bb233b6e0>,42,1,[7 2],43,85,86,42,58
1,<environment.Job instance at 0x146ba45e6f00>,44,2,[9 1],45,86,88,41,60
1,<environment.Job instance at 0x146bb6f56730>,47,1,[5 2],48,88,89,40,62
1,<environment.Job instance at 0x146bb6fbb960>,33,15,[6 1],34,89,104,55,85
1,<environment.Job instance at 0x146ba4be6c80>,5,3,[1 9],6,6,9,0,6
1,<environment.Job instance at 0x146ba3809fa0>,0,1,[1 9],1,9,10,8,7
1,<environment.Job instance at 0x146ba4be6910>,6,3,[1 6],7,10,13,3,9
1,<environment.Job instance at 0x146ba4be6d20>,7,1,[1 9],8,13,14,5,9
1,<environment.Job instance at 0x146ba5feef00>,15,2,[6 2],16,17,19,1,17
1,<environment.Job instance at 0x146ba304ac80>,17,2,[1 7],18,18,20,0,18
1,<environment.Job instance at 0x146ba5feeb40>,16,2,[1 7],17,21,23,4,21
1,<environment.Job instance at 0x146ba304a5f0>,21,1,[1 7],22,23,24,1,23
1,<environment.Job instance at 0x146ba304a690>,20,2,[5 1],21,25,27,4,25
1,<environment.Job instance at 0x146ba304a820>,22,12,[6 1],23,27,39,4,26
1,<environment.Job instance at 0x146ba304ae60>,26,2,[1 5],27,28,30,1,28
1,<environment.Job instance at 0x146ba304a370>,24,2,[8 1],25,39,41,14,28
1,<environment.Job instance at 0x146ba304ac30>,27,16,[1 7],28,36,52,8,36
1,<environment.Job instance at 0x146ba4f14dc0>,34,1,[1 9],35,52,53,17,36
1,<environment.Job instance at 0x146bb195b1e0>,32,3,[5 2],33,41,44,8,36
1,<environment.Job instance at 0x146bb195bb90>,30,18,[8 1],31,44,62,13,37
1,<environment.Job instance at 0x146ba4f14780>,36,3,[2 9],37,53,56,16,40
1,<environment.Job instance at 0x146ba529f4b0>,40,1,[8 1],41,62,63,21,44
1,<environment.Job instance at 0x146ba4f146e0>,33,12,[10  1],34,63,75,29,47
1,<environment.Job instance at 0x146ba529f370>,45,2,[7 1],46,75,77,29,49
1,<environment.Job instance at 0x146ba66d9e10>,46,3,[2 7],47,56,59,9,49
1,<environment.Job instance at 0x146ba529f6e0>,44,18,[7 2],45,77,95,32,67
1,<environment.Job instance at 0x146bb18807d0>,0,16,[7 2],1,3,19,2,3
1,<environment.Job instance at 0x146ba53e82d0>,3,1,[5 2],4,19,20,15,4
1,<environment.Job instance at 0x146bb4bae3c0>,8,18,[9 2],9,20,38,11,10
1,<environment.Job instance at 0x146bb4baea00>,4,3,[7 2],5,38,41,33,14
1,<environment.Job instance at 0x146ba5d3ccd0>,12,1,[2 8],13,17,18,4,17
1,<environment.Job instance at 0x146ba5d3cbe0>,14,3,[1 7],15,20,23,5,20
1,<environment.Job instance at 0x146ba5d3c050>,16,2,[1 8],17,24,26,7,24
1,<environment.Job instance at 0x146ba5d3c870>,19,1,[ 2 10],20,41,42,21,24
1,<environment.Job instance at 0x146ba5d3cd70>,18,2,[8 1],19,42,44,23,27
1,<environment.Job instance at 0x146ba4588460>,23,3,[1 5],24,28,31,4,28
1,<environment.Job instance at 0x146ba4588b90>,26,3,[2 8],27,38,41,11,30
1,<environment.Job instance at 0x146ba45880a0>,24,2,[2 9],25,42,44,17,36
1,<environment.Job instance at 0x146ba4588eb0>,28,2,[7 1],29,44,46,15,40
1,<environment.Job instance at 0x146bcff809b0>,29,2,[1 5],30,44,46,14,41
1,<environment.Job instance at 0x146bb05165a0>,33,3,[1 7],34,46,49,12,46
1,<environment.Job instance at 0x146bb05168c0>,34,2,[7 1],35,46,48,11,46
1,<environment.Job instance at 0x146bb0516730>,35,2,[2 8],36,49,51,13,49
1,<environment.Job instance at 0x146ba425d640>,30,1,[8 1],31,49,50,18,49
1,<environment.Job instance at 0x146bb0516e10>,39,3,[1 7],40,61,64,21,61
1,<environment.Job instance at 0x146bb0516dc0>,40,15,[9 2],41,65,80,24,65
1,<environment.Job instance at 0x146ba5928690>,46,3,[1 9],47,84,87,37,84
1,<environment.Job instance at 0x146ba5928dc0>,47,2,[1 6],48,91,93,43,91
1,<environment.Job instance at 0x146ba5928730>,48,2,[1 5],49,106,108,57,106
1,<environment.Job instance at 0x146bb1b05780>,0,13,[2 6],1,4,17,3,4
1,<environment.Job instance at 0x146ba4fcc320>,4,17,[9 2],5,17,34,12,5
1,<environment.Job instance at 0x146ba4fcc4b0>,10,2,[2 7],11,34,36,23,11
1,<environment.Job instance at 0x146ba4fccaa0>,11,1,[5 2],12,12,13,0,12
1,<environment.Job instance at 0x146ba4c1c1e0>,15,2,[6 2],16,34,36,18,16
1,<environment.Job instance at 0x146ba4c1cc30>,17,18,[2 6],18,36,54,18,26
1,<environment.Job instance at 0x146ba4c1caf0>,22,3,[9 2],23,54,57,31,28
1,<environment.Job instance at 0x146ba4c1c370>,23,2,[2 5],24,57,59,33,32
1,<environment.Job instance at 0x146ba4fcdf50>,28,3,[2 6],29,59,62,30,40
1,<environment.Job instance at 0x146ba4fcd140>,30,12,[10  1],31,62,74,31,50
1,<environment.Job instance at 0x146ba4fcdbe0>,32,2,[1 5],33,54,56,21,52
1,<environment.Job instance at 0x146bb186de60>,36,1,[1 6],37,74,75,37,59
1,<environment.Job instance at 0x146ba4fcd780>,31,16,[10  2],32,75,91,43,64
1,<environment.Job instance at 0x146ba4d9faf0>,41,15,[10  2],42,91,106,49,81
1,<environment.Job instance at 0x146ba4d9f640>,40,2,[1 6],41,106,108,65,81
1,<environment.Job instance at 0x146ba4d9feb0>,48,1,[2 5],49,108,109,59,81
1,<environment.Job instance at 0x146ba4d9ff50>,45,17,[1 6],46,109,126,63,97
1,<environment.Job instance at 0x146ba2ee2e10>,6,1,[10  1],7,8,9,1,8
1,<environment.Job instance at 0x146bb0870410>,1,3,[1 8],2,11,14,9,11
1,<environment.Job instance at 0x146ba2ee28c0>,10,26,[1 9],11,18,44,7,18
1,<environment.Job instance at 0x146bafa0f410>,20,2,[2 6],21,44,46,23,21
1,<environment.Job instance at 0x146bb6c719b0>,23,12,[2 5],24,46,58,22,29
1,<environment.Job instance at 0x146bb6cd6460>,16,1,[5 2],17,44,45,27,29
1,<environment.Job instance at 0x146bb6c9c370>,19,15,[2 8],20,58,73,38,45
1,<environment.Job instance at 0x146bb6897fa0>,32,2,[9 1],33,73,75,40,47
1,<environment.Job instance at 0x146ba30ed820>,31,2,[5 1],32,52,54,20,52
1,<environment.Job instance at 0x146ba6bd1320>,36,15,[7 2],37,54,69,17,54
1,<environment.Job instance at 0x146ba6cc2be0>,39,2,[7 1],40,69,71,29,55
1,<environment.Job instance at 0x146bb6935460>,42,3,[10  1],43,75,78,32,62
1,<environment.Job instance at 0x146bb25b6dc0>,30,12,[1 9],31,78,90,47,64
1,<environment.Job instance at 0x146bb693a870>,46,1,[5 2],47,90,91,43,75
1,<environment.Job instance at 0x146bb25f3b40>,6,2,[ 2 10],7,7,9,0,7
1,<environment.Job instance at 0x146bb25f3550>,8,15,[1 7],9,9,24,0,9
1,<environment.Job instance at 0x146bb270a4b0>,13,18,[9 1],14,15,33,1,15
1,<environment.Job instance at 0x146ba5d07050>,14,2,[1 6],15,24,26,9,22
1,<environment.Job instance at 0x146bb28f1e10>,20,16,[8 1],21,33,49,12,23
1,<environment.Job instance at 0x146ba5923d70>,22,3,[ 2 10],23,49,52,26,24
1,<environment.Job instance at 0x146ba3e2bf50>,25,3,[9 1],26,52,55,26,27
1,<environment.Job instance at 0x146ba748ec80>,29,2,[1 9],30,34,36,4,34
1,<environment.Job instance at 0x146ba4978af0>,34,3,[8 1],35,55,58,20,40
1,<environment.Job instance at 0x146ba4978460>,36,1,[1 5],37,40,41,3,40
1,<environment.Job instance at 0x146ba49788c0>,38,1,[1 7],39,42,43,3,42
1,<environment.Job instance at 0x146ba4978fa0>,33,16,[2 9],34,55,71,21,43
1,<environment.Job instance at 0x146bb26eeb40>,42,17,[5 2],43,71,88,28,59
1,<environment.Job instance at 0x146ba6d76190>,45,3,[2 6],46,71,74,25,59
1,<environment.Job instance at 0x146ba6d76a50>,46,2,[5 2],47,74,76,27,60
1,<environment.Job instance at 0x146ba6d765f0>,47,1,[2 9],48,88,89,40,60
1,<environment.Job instance at 0x146ba6484b90>,17,17,[7 2],18,93,110,75,93
1,<environment.Job instance at 0x146bb0041af0>,2,3,[1 6],3,6,9,3,6
1,<environment.Job instance at 0x146ba3cc40f0>,6,24,[1 8],7,9,33,2,9
1,<environment.Job instance at 0x146ba3cc46e0>,9,2,[2 8],10,33,35,23,10
1,<environment.Job instance at 0x146bb1e9c370>,20,2,[7 1],21,22,24,1,22
1,<environment.Job instance at 0x146ba5964320>,21,3,[8 2],22,24,27,2,24
1,<environment.Job instance at 0x146ba5d3c550>,24,2,[8 1],25,27,29,2,25
1,<environment.Job instance at 0x146ba59646e0>,23,3,[9 1],24,29,32,5,28
1,<environment.Job instance at 0x146ba74d6b40>,26,1,[7 1],27,32,33,5,28
1,<environment.Job instance at 0x146bb1657690>,29,3,[ 1 10],30,35,38,5,35
1,<environment.Job instance at 0x146ba4cf17d0>,22,18,[6 2],23,38,56,15,36
1,<environment.Job instance at 0x146bb021c550>,31,3,[1 9],32,56,59,24,37
1,<environment.Job instance at 0x146bb021cc30>,30,15,[9 2],31,59,74,28,46
1,<environment.Job instance at 0x146bcfd7d910>,39,3,[1 6],40,53,56,13,53
1,<environment.Job instance at 0x146ba515c640>,46,1,[8 1],47,74,75,27,61
1,<environment.Job instance at 0x146ba3449b90>,1,3,[8 1],2,2,5,0,2
1,<environment.Job instance at 0x146ba4b74a00>,2,2,[1 6],3,3,5,0,3
1,<environment.Job instance at 0x146ba35ae780>,6,12,[5 2],7,7,19,0,7
1,<environment.Job instance at 0x146ba3c5ab40>,7,3,[9 1],8,19,22,11,8
1,<environment.Job instance at 0x146ba35ae4b0>,5,13,[2 8],6,22,35,16,10
1,<environment.Job instance at 0x146ba3c5a3c0>,10,3,[6 2],11,22,25,11,11
1,<environment.Job instance at 0x146ba4b74460>,9,3,[2 7],10,13,16,3,13
1,<environment.Job instance at 0x146bb09bfaa0>,12,3,[1 5],13,16,19,3,13
1,<environment.Job instance at 0x146bb09bfb40>,17,1,[2 5],18,35,36,17,19
1,<environment.Job instance at 0x146ba4241500>,19,12,[2 9],20,36,48,16,21
1,<environment.Job instance at 0x146ba4241870>,20,2,[1 9],21,48,50,27,23
1,<environment.Job instance at 0x146bafca1d70>,21,3,[2 7],22,50,53,28,25
1,<environment.Job instance at 0x146bafca14b0>,24,1,[ 1 10],25,53,54,28,30
1,<environment.Job instance at 0x146bafca1690>,28,3,[1 7],29,54,57,25,33
1,<environment.Job instance at 0x146ba6216a00>,33,3,[2 7],34,57,60,23,37
1,<environment.Job instance at 0x146bafca1eb0>,29,13,[8 2],30,54,67,24,38
1,<environment.Job instance at 0x146bafca15f0>,32,13,[10  1],33,67,80,34,55
1,<environment.Job instance at 0x146bb21efe10>,43,14,[7 2],44,80,94,36,67
1,<environment.Job instance at 0x146bb21efc80>,45,2,[ 1 10],46,94,96,48,70
1,<environment.Job instance at 0x146bb21effa0>,44,15,[6 1],45,96,111,51,82
1,<environment.Job instance at 0x146bb21ef2d0>,39,18,[2 9],40,96,114,56,93
1,<environment.Job instance at 0x146ba4403f50>,0,17,[10  1],1,5,22,4,5
1,<environment.Job instance at 0x146bb0749fa0>,9,1,[5 1],10,22,23,12,10
1,<environment.Job instance at 0x146ba64a3050>,13,16,[2 9],14,22,38,8,14
1,<environment.Job instance at 0x146bb0749dc0>,12,2,[2 5],13,38,40,25,15
1,<environment.Job instance at 0x146ba64a37d0>,15,3,[2 7],16,40,43,24,16
1,<environment.Job instance at 0x146bb1cd2410>,23,3,[5 2],24,38,41,14,27
1,<environment.Job instance at 0x146bb1cd2c30>,21,2,[1 9],22,43,45,21,28
1,<environment.Job instance at 0x146bb1cd2500>,25,2,[1 8],26,45,47,19,31
1,<environment.Job instance at 0x146bb1cd2730>,22,17,[2 6],23,47,64,24,37
1,<environment.Job instance at 0x146ba6261140>,36,1,[5 2],37,41,42,4,40
1,<environment.Job instance at 0x146ba6261be0>,33,3,[2 5],34,64,67,30,48
1,<environment.Job instance at 0x146ba5588e10>,43,1,[1 9],44,67,68,23,50
1,<environment.Job instance at 0x146ba5588b40>,45,2,[7 2],46,51,53,5,51
1,<environment.Job instance at 0x146ba5588f50>,42,13,[10  1],43,68,81,25,54
1,<environment.Job instance at 0x146ba6216eb0>,1,2,[7 2],2,5,7,3,5
1,<environment.Job instance at 0x146ba54217d0>,3,1,[5 2],4,7,8,3,6
1,<environment.Job instance at 0x146bafd5d500>,9,3,[2 7],10,11,14,1,11
1,<environment.Job instance at 0x146bafd5d820>,11,1,[8 2],12,13,14,1,13
1,<environment.Job instance at 0x146bafd5da00>,5,2,[9 1],6,14,16,8,14
1,<environment.Job instance at 0x146bb0ecfa00>,16,17,[2 8],17,17,34,0,17
1,<environment.Job instance at 0x146bb0ecfeb0>,14,2,[9 2],15,34,36,19,17
1,<environment.Job instance at 0x146bafd5dfa0>,12,3,[2 9],13,36,39,23,19
1,<environment.Job instance at 0x146bb0ecf640>,19,2,[1 5],20,34,36,14,20
1,<environment.Job instance at 0x146bb4a88410>,23,2,[8 2],24,24,26,0,24
1,<environment.Job instance at 0x146bb4a88460>,26,2,[1 7],27,39,41,12,28
1,<environment.Job instance at 0x146bb4a88960>,27,18,[8 1],28,36,54,8,28
1,<environment.Job instance at 0x146bb0ecfdc0>,20,1,[10  2],21,54,55,33,29
1,<environment.Job instance at 0x146ba662a5a0>,31,3,[ 2 10],32,55,58,23,33
1,<environment.Job instance at 0x146ba662a7d0>,35,14,[2 5],36,58,72,22,45
1,<environment.Job instance at 0x146ba662af50>,33,23,[6 1],34,58,81,24,57
1,<environment.Job instance at 0x146bb0d08230>,43,1,[5 1],44,81,82,37,60
1,<environment.Job instance at 0x146bb0d08fa0>,44,1,[6 2],45,82,83,37,62
1,<environment.Job instance at 0x146bb0d080f0>,46,3,[1 5],47,72,75,25,63
1,<environment.Job instance at 0x146bb00c3b40>,48,13,[1 8],49,75,88,26,65
1,<environment.Job instance at 0x146bb4d938c0>,1,12,[2 6],2,5,17,3,5
1,<environment.Job instance at 0x146bb4d93500>,7,1,[6 2],8,11,12,3,11
1,<environment.Job instance at 0x146ba65da5f0>,12,2,[ 2 10],13,17,19,4,13
1,<environment.Job instance at 0x146ba65da5a0>,13,17,[2 7],14,19,36,5,14
1,<environment.Job instance at 0x146bb4c9f3c0>,17,3,[1 9],18,36,39,18,19
1,<environment.Job instance at 0x146ba35ebc30>,23,1,[7 1],24,24,25,0,24
1,<environment.Job instance at 0x146ba35ebf00>,22,2,[8 2],23,27,29,4,27
1,<environment.Job instance at 0x146bb6c74500>,24,16,[10  2],25,39,55,14,27
1,<environment.Job instance at 0x146bb6c74190>,27,2,[ 2 10],28,55,57,27,28
1,<environment.Job instance at 0x146bb6c746e0>,31,1,[8 2],32,35,36,3,35
1,<environment.Job instance at 0x146bb6c74eb0>,32,1,[2 5],33,57,58,24,35
1,<environment.Job instance at 0x146bb6c740f0>,29,2,[6 2],30,57,59,27,37
1,<environment.Job instance at 0x146bb6c74af0>,26,3,[1 8],27,58,61,31,40
1,<environment.Job instance at 0x146bb6cbb3c0>,42,13,[10  1],43,61,74,18,53
1,<environment.Job instance at 0x146bb6def5a0>,45,3,[1 5],46,74,77,28,56
1,<environment.Job instance at 0x146bb7008fa0>,46,3,[2 8],47,77,80,30,56
1,<environment.Job instance at 0x146bb7008410>,48,1,[10  2],49,80,81,31,65
