iteration,job object,job ID,job Length,job ressource requirement,job enter time,job start time,job finish time,job waiting time,current time
1,<environment.Job instance at 0x146bb122a500>,2,1,[1 5],3,8,9,5,7
1,<environment.Job instance at 0x146bb122d1e0>,9,2,[2 8],10,10,12,0,10
1,<environment.Job instance at 0x146bb120c690>,7,3,[5 1],8,10,13,2,10
1,<environment.Job instance at 0x146bb122daf0>,8,17,[2 6],9,12,29,3,11
1,<environment.Job instance at 0x146bb122dc80>,10,1,[7 1],11,13,14,2,11
1,<environment.Job instance at 0x146bb10cc640>,11,2,[1 9],12,29,31,17,16
1,<environment.Job instance at 0x146bb10cc5a0>,13,13,[1 5],14,31,44,17,18
1,<environment.Job instance at 0x146bb10cce10>,18,3,[1 8],19,44,47,25,19
1,<environment.Job instance at 0x146bb10ccaf0>,20,1,[1 7],21,47,48,26,21
1,<environment.Job instance at 0x146bb10cca00>,17,2,[7 1],18,21,23,3,21
1,<environment.Job instance at 0x146bb11d5370>,21,1,[8 1],22,24,25,2,24
1,<environment.Job instance at 0x146bb11d5460>,26,2,[2 6],27,48,50,21,28
1,<environment.Job instance at 0x146bb11d5280>,25,1,[1 5],26,31,32,5,28
1,<environment.Job instance at 0x146bb11d5f50>,32,2,[2 9],33,50,52,17,34
1,<environment.Job instance at 0x146bb11d60f0>,35,3,[9 2],36,37,40,1,37
1,<environment.Job instance at 0x146bb11d5e60>,33,2,[9 1],34,40,42,6,37
1,<environment.Job instance at 0x146bb11d6690>,37,3,[2 5],38,52,55,14,38
1,<environment.Job instance at 0x146bb11d69b0>,39,2,[8 2],40,42,44,2,41
1,<environment.Job instance at 0x146bb11d65a0>,40,14,[2 5],41,52,66,11,41
1,<environment.Job instance at 0x146bb11d6b90>,43,3,[1 6],44,66,69,22,46
1,<environment.Job instance at 0x146bb11d6eb0>,44,2,[2 8],45,69,71,24,46
1,<environment.Job instance at 0x146bb11ec4b0>,48,14,[5 1],49,55,69,6,54
1,<environment.Job instance at 0x146bb10cc9b0>,1,2,[ 2 10],2,2,4,0,2
1,<environment.Job instance at 0x146bb0528870>,4,16,[8 1],5,5,21,0,5
1,<environment.Job instance at 0x146bb1113e10>,6,2,[1 6],7,9,11,2,9
1,<environment.Job instance at 0x146bb0528a50>,5,1,[1 8],6,11,12,5,9
1,<environment.Job instance at 0x146bb0528be0>,10,3,[1 9],11,14,17,3,14
1,<environment.Job instance at 0x146bb05287d0>,13,24,[2 7],14,17,41,3,17
1,<environment.Job instance at 0x146bb052b780>,17,2,[7 2],18,21,23,3,20
1,<environment.Job instance at 0x146bb052b640>,16,13,[1 5],17,41,54,24,28
1,<environment.Job instance at 0x146bb052bb40>,22,2,[1 7],23,54,56,31,29
1,<environment.Job instance at 0x146bb052bbe0>,23,1,[9 1],24,41,42,17,29
1,<environment.Job instance at 0x146bb052baa0>,21,1,[2 9],22,56,57,34,31
1,<environment.Job instance at 0x146bb052bdc0>,25,15,[7 1],26,42,57,16,32
1,<environment.Job instance at 0x146bb052b870>,24,1,[8 2],25,35,36,10,35
1,<environment.Job instance at 0x146bb052be60>,28,2,[1 5],29,57,59,28,35
1,<environment.Job instance at 0x146bb052d7d0>,34,2,[5 2],35,36,38,1,35
1,<environment.Job instance at 0x146bb052d410>,33,3,[10  2],34,59,62,25,36
1,<environment.Job instance at 0x146bb052df00>,38,1,[10  1],39,62,63,23,40
1,<environment.Job instance at 0x146bb052e8c0>,44,3,[7 2],45,63,66,18,46
1,<environment.Job instance at 0x146bb052e5f0>,43,3,[6 2],44,66,69,22,46
1,<environment.Job instance at 0x146bb052eaf0>,46,2,[1 6],47,63,65,16,50
1,<environment.Job instance at 0x146bb052ec30>,48,1,[1 8],49,65,66,16,52
1,<environment.Job instance at 0x146bb052d550>,32,15,[2 8],33,66,81,33,53
1,<environment.Job instance at 0x146bb1c98230>,3,2,[1 6],4,4,6,0,4
1,<environment.Job instance at 0x146bb1c98870>,7,2,[7 1],8,8,10,0,8
1,<environment.Job instance at 0x146bb052d370>,6,3,[5 1],7,10,13,3,8
1,<environment.Job instance at 0x146bb1cf8fa0>,8,2,[1 6],9,9,11,0,9
1,<environment.Job instance at 0x146bb1c98410>,9,2,[5 2],10,11,13,1,11
1,<environment.Job instance at 0x146bb1c989b0>,10,1,[1 6],11,13,14,2,13
1,<environment.Job instance at 0x146bb1d71f00>,12,3,[7 2],13,13,16,0,13
1,<environment.Job instance at 0x146bb1bc6e10>,13,20,[ 1 10],14,17,37,3,17
1,<environment.Job instance at 0x146bb1bc61e0>,17,3,[2 5],18,37,40,19,18
1,<environment.Job instance at 0x146bb1bc65a0>,18,12,[6 1],19,37,49,18,20
1,<environment.Job instance at 0x146bb1ca8be0>,22,13,[10  2],23,49,62,26,33
1,<environment.Job instance at 0x146bb1c9dbe0>,29,2,[ 1 10],30,62,64,32,42
1,<environment.Job instance at 0x146bb1c9d190>,30,1,[8 1],31,64,65,33,45
1,<environment.Job instance at 0x146bb1c9daa0>,31,2,[1 8],32,46,48,14,46
1,<environment.Job instance at 0x146bb1ca80a0>,23,17,[5 1],24,65,82,41,53
1,<environment.Job instance at 0x146bb1c9d4b0>,36,3,[2 5],37,64,67,27,56
1,<environment.Job instance at 0x146bb1c9d550>,40,3,[ 1 10],41,82,85,41,59
1,<environment.Job instance at 0x146bb1d5e640>,39,3,[8 1],40,85,88,45,62
1,<environment.Job instance at 0x146bb1ca8fa0>,20,12,[8 1],21,88,100,67,73
1,<environment.Job instance at 0x146bb1c92910>,43,3,[1 9],44,79,82,35,79
1,<environment.Job instance at 0x146bb1c92050>,44,2,[6 1],45,100,102,55,84
1,<environment.Job instance at 0x146bb1c92f00>,47,3,[1 7],48,85,88,37,84
1,<environment.Job instance at 0x146bb1c9d1e0>,34,15,[8 1],35,102,117,67,89
1,<environment.Job instance at 0x146bb1d0db40>,6,1,[ 2 10],7,7,8,0,7
1,<environment.Job instance at 0x146ba714c370>,10,16,[1 9],11,13,29,2,13
1,<environment.Job instance at 0x146ba714c7d0>,11,2,[2 9],12,29,31,17,13
1,<environment.Job instance at 0x146ba714c5f0>,9,1,[2 9],10,31,32,21,16
1,<environment.Job instance at 0x146ba714cdc0>,12,13,[10  1],13,32,45,19,16
1,<environment.Job instance at 0x146ba7149b40>,17,2,[10  2],18,45,47,27,18
1,<environment.Job instance at 0x146ba70f4eb0>,20,2,[8 2],21,47,49,26,21
1,<environment.Job instance at 0x146ba7078d70>,26,2,[8 2],27,49,51,22,27
1,<environment.Job instance at 0x146ba7059d70>,29,3,[9 1],30,51,54,21,30
1,<environment.Job instance at 0x146ba705ecd0>,28,1,[7 1],29,54,55,25,35
1,<environment.Job instance at 0x146ba7023320>,34,15,[1 8],35,47,62,12,35
1,<environment.Job instance at 0x146ba7023640>,35,3,[6 1],36,55,58,19,37
1,<environment.Job instance at 0x146ba7020550>,37,2,[10  2],38,62,64,24,41
1,<environment.Job instance at 0x146ba70230f0>,33,12,[5 1],34,64,76,30,47
1,<environment.Job instance at 0x146ba7020910>,42,1,[2 6],43,64,65,21,47
1,<environment.Job instance at 0x146ba7020af0>,43,1,[1 7],44,65,66,21,48
1,<environment.Job instance at 0x146ba7020f50>,44,1,[1 7],45,66,67,21,50
1,<environment.Job instance at 0x146ba7020960>,46,2,[1 9],47,67,69,20,52
1,<environment.Job instance at 0x146ba7020d20>,40,2,[2 9],41,69,71,28,55
1,<environment.Job instance at 0x146bb1c8b8c0>,1,1,[7 2],2,5,6,3,5
1,<environment.Job instance at 0x146ba654ad20>,4,12,[ 2 10],5,8,20,3,8
1,<environment.Job instance at 0x146ba64525f0>,9,14,[1 5],10,20,34,10,12
1,<environment.Job instance at 0x146ba64527d0>,11,1,[2 6],12,34,35,22,12
1,<environment.Job instance at 0x146ba6452e10>,16,16,[6 1],17,20,36,3,18
1,<environment.Job instance at 0x146ba6452b90>,15,3,[ 2 10],16,36,39,20,18
1,<environment.Job instance at 0x146ba6551500>,18,2,[9 2],19,39,41,20,21
1,<environment.Job instance at 0x146ba6551730>,22,2,[5 2],23,41,43,18,23
1,<environment.Job instance at 0x146ba65516e0>,20,13,[5 2],21,41,54,20,27
1,<environment.Job instance at 0x146ba6551dc0>,25,3,[8 2],26,54,57,28,28
1,<environment.Job instance at 0x146ba650c320>,29,2,[1 7],30,39,41,9,30
1,<environment.Job instance at 0x146ba650c0a0>,32,2,[1 6],33,43,45,10,33
1,<environment.Job instance at 0x146ba650c7d0>,35,2,[7 2],36,57,59,21,40
1,<environment.Job instance at 0x146ba6551cd0>,27,16,[7 2],28,59,75,31,46
1,<environment.Job instance at 0x146ba650ca50>,38,1,[2 7],39,46,47,7,46
1,<environment.Job instance at 0x146ba650c870>,37,1,[7 2],38,75,76,37,49
1,<environment.Job instance at 0x146ba650caf0>,39,1,[6 2],40,76,77,36,49
1,<environment.Job instance at 0x146ba650cb90>,42,1,[7 2],43,77,78,34,53
1,<environment.Job instance at 0x146ba650cd70>,41,3,[8 1],42,78,81,36,56
1,<environment.Job instance at 0x146ba650b1e0>,47,1,[5 2],48,81,82,33,64
1,<environment.Job instance at 0x146ba64850f0>,0,1,[1 9],1,2,3,1,2
1,<environment.Job instance at 0x146ba6485dc0>,2,1,[2 6],3,3,4,0,3
1,<environment.Job instance at 0x146ba582fb90>,5,3,[1 9],6,6,9,0,6
1,<environment.Job instance at 0x146ba582ffa0>,7,1,[1 9],8,10,11,2,10
1,<environment.Job instance at 0x146ba5834190>,11,1,[9 1],12,13,14,1,13
1,<environment.Job instance at 0x146ba58343c0>,12,17,[1 9],13,13,30,0,13
1,<environment.Job instance at 0x146ba5834780>,13,1,[10  2],14,30,31,16,15
1,<environment.Job instance at 0x146ba5834cd0>,18,15,[1 7],19,31,46,12,20
1,<environment.Job instance at 0x146ba5834960>,19,12,[6 2],20,31,43,11,21
1,<environment.Job instance at 0x146ba58348c0>,16,2,[1 7],17,46,48,29,21
1,<environment.Job instance at 0x146ba58361e0>,24,2,[8 1],25,25,27,0,25
1,<environment.Job instance at 0x146ba58342d0>,9,17,[2 6],10,48,65,38,36
1,<environment.Job instance at 0x146ba5836960>,32,3,[5 2],33,43,46,10,38
1,<environment.Job instance at 0x146ba5836dc0>,36,3,[2 9],37,65,68,28,39
1,<environment.Job instance at 0x146ba5838870>,40,1,[8 1],41,46,47,5,41
1,<environment.Job instance at 0x146ba58385f0>,38,3,[5 2],39,47,50,8,41
1,<environment.Job instance at 0x146ba5838dc0>,45,2,[7 1],46,50,52,4,49
1,<environment.Job instance at 0x146ba5838b90>,43,13,[6 2],44,52,65,8,52
1,<environment.Job instance at 0x146ba5836c30>,33,12,[10  1],34,68,80,34,55
1,<environment.Job instance at 0x146ba5838d20>,48,2,[2 5],49,80,82,31,65
1,<environment.Job instance at 0x146ba583cf50>,4,3,[7 2],5,5,8,0,5
1,<environment.Job instance at 0x146ba4be6910>,8,18,[9 2],9,9,27,0,9
1,<environment.Job instance at 0x146ba4be6460>,5,2,[7 1],6,27,29,21,9
1,<environment.Job instance at 0x146ba4be6690>,10,1,[8 2],11,29,30,18,12
1,<environment.Job instance at 0x146ba4be6aa0>,12,1,[2 8],13,27,28,14,14
1,<environment.Job instance at 0x146ba4be6c80>,13,15,[1 6],14,28,43,14,15
1,<environment.Job instance at 0x146ba4be6e60>,14,3,[1 7],15,18,21,3,18
1,<environment.Job instance at 0x146ba4be8050>,18,2,[8 1],19,30,32,11,26
1,<environment.Job instance at 0x146ba4be8320>,20,3,[1 7],21,43,46,22,30
1,<environment.Job instance at 0x146ba4be85f0>,23,3,[1 5],24,46,49,22,31
1,<environment.Job instance at 0x146ba4be8690>,24,2,[2 9],25,49,51,24,32
1,<environment.Job instance at 0x146ba4be88c0>,25,1,[8 1],26,34,35,8,34
1,<environment.Job instance at 0x146ba4be8910>,26,3,[2 8],27,51,54,24,37
1,<environment.Job instance at 0x146ba4be8a00>,29,2,[1 5],30,46,48,16,38
1,<environment.Job instance at 0x146ba4be6cd0>,11,16,[1 7],12,54,70,42,41
1,<environment.Job instance at 0x146ba4bea190>,36,3,[10  1],37,70,73,33,46
1,<environment.Job instance at 0x146ba4beaa00>,40,15,[9 2],41,54,69,13,46
1,<environment.Job instance at 0x146ba4bea820>,38,1,[8 1],39,48,49,9,46
1,<environment.Job instance at 0x146ba4bea7d0>,39,3,[1 7],40,73,76,33,47
1,<environment.Job instance at 0x146ba4beaf50>,42,3,[2 7],43,76,79,33,56
1,<environment.Job instance at 0x146ba4bed500>,48,2,[1 5],49,79,81,30,71
1,<environment.Job instance at 0x146ba4bf0640>,4,17,[9 2],5,6,23,1,6
1,<environment.Job instance at 0x146ba4bea230>,8,2,[8 1],9,23,25,14,11
1,<environment.Job instance at 0x146bb0dd82d0>,6,14,[2 9],7,23,37,16,11
1,<environment.Job instance at 0x146bb10b8730>,13,3,[10  1],14,37,40,23,14
1,<environment.Job instance at 0x146bb10b8230>,22,3,[9 2],23,40,43,17,33
1,<environment.Job instance at 0x146bb10b84b0>,27,17,[1 9],28,43,60,15,38
1,<environment.Job instance at 0x146bb10b8640>,18,22,[9 1],19,43,65,24,38
1,<environment.Job instance at 0x146bb10b8190>,28,3,[2 6],29,65,68,36,40
1,<environment.Job instance at 0x146bb109b690>,32,2,[1 5],33,60,62,27,47
1,<environment.Job instance at 0x146bb109baf0>,33,12,[8 2],34,65,77,31,49
1,<environment.Job instance at 0x146bb109bdc0>,34,3,[5 1],35,77,80,42,53
1,<environment.Job instance at 0x146bb109b460>,35,12,[1 6],36,68,80,32,55
1,<environment.Job instance at 0x146bb109baa0>,38,17,[8 2],39,80,97,41,68
1,<environment.Job instance at 0x146bb0847500>,44,3,[1 7],45,80,83,35,76
1,<environment.Job instance at 0x146bb0847e60>,45,17,[1 6],46,83,100,37,77
1,<environment.Job instance at 0x146bb0847e10>,47,3,[8 2],48,97,100,49,77
1,<environment.Job instance at 0x146bb0847410>,46,1,[2 9],47,100,101,53,80
1,<environment.Job instance at 0x146bcfc48190>,42,18,[10  1],43,101,119,58,91
1,<environment.Job instance at 0x146bb020f4b0>,0,2,[2 6],1,4,6,3,4
1,<environment.Job instance at 0x146bb06b68c0>,5,2,[2 5],6,10,12,4,10
1,<environment.Job instance at 0x146bb06b6fa0>,8,1,[2 8],9,12,13,3,10
1,<environment.Job instance at 0x146bb0694280>,11,17,[2 7],12,13,30,1,12
1,<environment.Job instance at 0x146bb0694c80>,15,13,[6 1],16,16,29,0,16
1,<environment.Job instance at 0x146bb06b6460>,7,3,[6 2],8,29,32,21,16
1,<environment.Job instance at 0x146bb0694910>,17,2,[2 7],18,30,32,12,18
1,<environment.Job instance at 0x146bb06940a0>,21,1,[1 9],22,32,33,10,23
1,<environment.Job instance at 0x146bb0694960>,20,2,[2 6],21,33,35,12,26
1,<environment.Job instance at 0x146bb0690820>,24,13,[2 8],25,35,48,10,26
1,<environment.Job instance at 0x146bb06904b0>,22,3,[1 7],23,48,51,25,27
1,<environment.Job instance at 0x146bb0690e60>,30,12,[1 9],31,51,63,20,35
1,<environment.Job instance at 0x146bb06900a0>,32,2,[9 1],33,48,50,15,36
1,<environment.Job instance at 0x146bb068beb0>,36,15,[7 2],37,63,78,26,52
1,<environment.Job instance at 0x146bb06940f0>,19,15,[2 8],20,63,78,43,53
1,<environment.Job instance at 0x146bb068bfa0>,39,2,[7 1],40,53,55,13,53
1,<environment.Job instance at 0x146bb068b7d0>,46,1,[5 2],47,78,79,31,61
1,<environment.Job instance at 0x146bb068be10>,40,3,[7 2],41,79,82,38,61
1,<environment.Job instance at 0x146bb068b780>,45,13,[1 7],46,78,91,32,63
1,<environment.Job instance at 0x146bb068b730>,48,1,[10  2],49,91,92,42,72
1,<environment.Job instance at 0x146bb0701780>,0,3,[7 2],1,6,9,5,6
1,<environment.Job instance at 0x146bb1891b90>,8,15,[1 7],9,11,26,2,11
1,<environment.Job instance at 0x146bb18915f0>,13,18,[9 1],14,14,32,0,14
1,<environment.Job instance at 0x146bb1891e10>,11,3,[1 6],12,26,29,14,14
1,<environment.Job instance at 0x146bb1891aa0>,12,2,[6 1],13,32,34,19,16
1,<environment.Job instance at 0x146bb1891c80>,10,13,[6 2],11,34,47,23,18
1,<environment.Job instance at 0x146bb18a7370>,19,3,[5 1],20,47,50,27,23
1,<environment.Job instance at 0x146bb18a75f0>,21,3,[2 7],22,32,35,10,23
1,<environment.Job instance at 0x146bb18a7190>,15,2,[ 1 10],16,50,52,34,25
1,<environment.Job instance at 0x146bb18a7d70>,25,3,[9 1],26,52,55,26,28
1,<environment.Job instance at 0x146bb18a8460>,30,3,[10  1],31,55,58,24,35
1,<environment.Job instance at 0x146bb18a8320>,28,2,[2 9],29,47,49,18,35
1,<environment.Job instance at 0x146bb18a84b0>,34,3,[8 1],35,58,61,23,44
1,<environment.Job instance at 0x146bb18a8690>,36,1,[1 5],37,44,45,7,44
1,<environment.Job instance at 0x146bb18a85f0>,33,16,[2 9],34,58,74,24,50
1,<environment.Job instance at 0x146bb18a8af0>,38,1,[1 7],39,53,54,14,53
1,<environment.Job instance at 0x146bb1886320>,44,3,[7 2],45,74,77,29,63
1,<environment.Job instance at 0x146bb18861e0>,45,3,[2 6],46,74,77,28,63
1,<environment.Job instance at 0x146bb18863c0>,46,2,[5 2],47,77,79,30,63
1,<environment.Job instance at 0x146bb1886370>,47,1,[2 9],48,79,80,31,63
1,<environment.Job instance at 0x146bb18862d0>,48,3,[2 8],49,80,83,31,63
1,<environment.Job instance at 0x146bb0354550>,0,28,[7 1],1,4,32,3,4
1,<environment.Job instance at 0x146ba402e280>,4,1,[ 2 10],5,32,33,27,5
1,<environment.Job instance at 0x146bb03542d0>,3,12,[1 6],4,11,23,7,11
1,<environment.Job instance at 0x146ba402e2d0>,9,2,[2 8],10,23,25,13,12
1,<environment.Job instance at 0x146ba402ee60>,15,2,[10  2],16,33,35,17,17
1,<environment.Job instance at 0x146ba402eb40>,12,12,[10  2],13,35,47,22,19
1,<environment.Job instance at 0x146ba402ee10>,18,3,[8 2],19,47,50,28,22
1,<environment.Job instance at 0x146ba40306e0>,23,3,[9 1],24,50,53,26,28
1,<environment.Job instance at 0x146ba4030690>,24,2,[8 1],25,53,55,28,28
1,<environment.Job instance at 0x146ba4030d70>,31,3,[1 9],32,50,53,18,34
1,<environment.Job instance at 0x146ba4030fa0>,30,15,[9 2],31,55,70,24,44
1,<environment.Job instance at 0x146ba4032500>,35,3,[1 8],36,53,56,17,50
1,<environment.Job instance at 0x146ba40325a0>,36,2,[2 9],37,70,72,33,51
1,<environment.Job instance at 0x146ba40326e0>,38,3,[1 5],39,56,59,17,53
1,<environment.Job instance at 0x146ba4032460>,39,3,[1 6],40,59,62,19,53
1,<environment.Job instance at 0x146ba4032730>,40,2,[2 6],41,72,74,31,57
1,<environment.Job instance at 0x146ba40328c0>,41,1,[9 1],42,74,75,32,58
1,<environment.Job instance at 0x146ba4032960>,42,1,[ 2 10],43,75,76,32,58
1,<environment.Job instance at 0x146ba4032820>,43,2,[9 1],44,76,78,32,61
1,<environment.Job instance at 0x146ba4032cd0>,47,2,[5 1],48,70,72,22,62
1,<environment.Job instance at 0x146ba4032a50>,44,2,[9 1],45,78,80,33,68
1,<environment.Job instance at 0x146ba4039230>,3,1,[2 6],4,4,5,0,4
1,<environment.Job instance at 0x146bb18a72d0>,1,3,[8 1],2,5,8,3,5
1,<environment.Job instance at 0x146ba33ee5f0>,4,2,[2 8],5,5,7,0,5
1,<environment.Job instance at 0x146ba4039280>,5,13,[2 8],6,10,23,4,10
1,<environment.Job instance at 0x146ba33eecd0>,11,3,[2 5],12,23,26,11,12
1,<environment.Job instance at 0x146ba33eedc0>,10,3,[6 2],11,15,18,4,15
1,<environment.Job instance at 0x146ba33f0460>,15,1,[8 2],16,18,19,2,17
1,<environment.Job instance at 0x146ba33eea00>,14,1,[2 5],15,23,24,8,18
1,<environment.Job instance at 0x146ba33f0690>,19,12,[2 9],20,26,38,6,20
1,<environment.Job instance at 0x146ba33f0820>,18,3,[8 2],19,38,41,19,23
1,<environment.Job instance at 0x146ba33f0be0>,21,3,[2 7],22,38,41,16,29
1,<environment.Job instance at 0x146ba33f1550>,30,1,[7 2],31,41,42,10,31
1,<environment.Job instance at 0x146ba33f1820>,31,1,[10  1],32,42,43,10,33
1,<environment.Job instance at 0x146ba33f1a00>,33,3,[2 7],34,43,46,9,34
1,<environment.Job instance at 0x146ba33f1460>,28,3,[1 7],29,46,49,17,34
1,<environment.Job instance at 0x146ba33f14b0>,32,13,[10  1],33,49,62,16,35
1,<environment.Job instance at 0x146ba33f1d70>,38,1,[8 1],39,45,46,6,45
1,<environment.Job instance at 0x146ba33f1eb0>,40,13,[5 2],41,62,75,21,49
1,<environment.Job instance at 0x146ba33f4730>,45,2,[ 1 10],46,75,77,29,49
1,<environment.Job instance at 0x146ba33f47d0>,47,2,[5 2],48,62,64,14,50
1,<environment.Job instance at 0x146ba33f1c30>,37,3,[6 2],38,77,80,39,55
1,<environment.Job instance at 0x146ba33f41e0>,46,3,[5 1],47,64,67,17,58
1,<environment.Job instance at 0x146ba33f4280>,44,15,[6 1],45,80,95,35,66
1,<environment.Job instance at 0x146ba33f1e10>,39,18,[2 9],40,80,98,40,74
1,<environment.Job instance at 0x146ba3463eb0>,0,17,[10  1],1,3,20,2,3
1,<environment.Job instance at 0x146bb185bc30>,3,2,[8 2],4,20,22,16,8
1,<environment.Job instance at 0x146bb01734b0>,12,2,[2 5],13,20,22,7,13
1,<environment.Job instance at 0x146bb0173f00>,15,3,[2 7],16,22,25,6,16
1,<environment.Job instance at 0x146bb0173b90>,14,2,[5 2],15,22,24,7,16
1,<environment.Job instance at 0x146bb0173e60>,13,16,[2 9],14,25,41,11,16
1,<environment.Job instance at 0x146bb18e8a50>,18,1,[9 2],19,41,42,22,19
1,<environment.Job instance at 0x146bb18e8c80>,21,2,[1 9],22,42,44,20,22
1,<environment.Job instance at 0x146bb18e88c0>,29,1,[ 2 10],30,44,45,14,32
1,<environment.Job instance at 0x146bb18e8870>,24,3,[5 2],25,45,48,20,32
1,<environment.Job instance at 0x146bb1900b40>,30,1,[1 5],31,41,42,10,35
1,<environment.Job instance at 0x146bb1900e60>,32,1,[9 2],33,48,49,15,38
1,<environment.Job instance at 0x146bb19008c0>,33,3,[2 5],34,45,48,11,38
1,<environment.Job instance at 0x146bb16b9960>,36,1,[5 2],37,49,50,12,39
1,<environment.Job instance at 0x146bb16b97d0>,38,15,[1 8],39,48,63,9,40
1,<environment.Job instance at 0x146bb16b9320>,40,2,[2 8],41,63,65,22,41
1,<environment.Job instance at 0x146bb16b9500>,41,2,[7 1],42,50,52,8,45
1,<environment.Job instance at 0x146bb16b9c30>,43,1,[1 9],44,65,66,21,46
1,<environment.Job instance at 0x146bb16b9730>,45,2,[7 2],46,52,54,6,48
1,<environment.Job instance at 0x146bb16b9aa0>,39,2,[2 6],40,66,68,26,49
1,<environment.Job instance at 0x146bb18ff8c0>,3,1,[5 2],4,5,6,1,5
1,<environment.Job instance at 0x146bb18ffb90>,0,14,[1 8],1,8,22,7,8
1,<environment.Job instance at 0x146ba4f836e0>,6,3,[ 2 10],7,22,25,15,8
1,<environment.Job instance at 0x146ba4f837d0>,9,3,[2 7],10,25,28,15,11
1,<environment.Job instance at 0x146ba4f83fa0>,15,3,[ 2 10],16,28,31,12,17
1,<environment.Job instance at 0x146ba4f83050>,14,2,[9 2],15,31,33,16,21
1,<environment.Job instance at 0x146ba4f83f00>,13,18,[9 1],14,33,51,19,22
1,<environment.Job instance at 0x146ba4ed6410>,20,1,[10  2],21,51,52,30,23
1,<environment.Job instance at 0x146ba4f83c80>,17,2,[8 2],18,25,27,7,25
1,<environment.Job instance at 0x146ba4ed6aa0>,23,2,[8 2],24,52,54,28,25
1,<environment.Job instance at 0x146ba4ed6460>,24,1,[8 2],25,54,55,29,28
1,<environment.Job instance at 0x146ba4fd5f00>,26,2,[1 7],27,31,33,4,30
1,<environment.Job instance at 0x146ba4fd5d70>,30,3,[10  1],31,55,58,24,35
1,<environment.Job instance at 0x146ba4fd5a00>,34,2,[2 6],35,52,54,17,44
1,<environment.Job instance at 0x146ba4fd5550>,36,12,[5 1],37,58,70,21,44
1,<environment.Job instance at 0x146ba4fd5cd0>,37,13,[1 7],38,58,71,20,45
1,<environment.Job instance at 0x146ba4e379b0>,39,2,[8 2],40,70,72,30,51
1,<environment.Job instance at 0x146ba4e37460>,42,3,[7 1],43,72,75,29,59
1,<environment.Job instance at 0x146ba4e37eb0>,43,1,[5 1],44,75,76,31,71
1,<environment.Job instance at 0x146ba4e37820>,45,1,[9 2],46,76,77,30,73
1,<environment.Job instance at 0x146ba4d9c370>,1,12,[2 6],2,4,16,2,4
1,<environment.Job instance at 0x146ba4d1f8c0>,3,17,[9 1],4,16,33,12,4
1,<environment.Job instance at 0x146ba5c2be10>,2,14,[1 8],3,16,30,13,6
1,<environment.Job instance at 0x146ba6b65b40>,7,1,[6 2],8,8,9,0,8
1,<environment.Job instance at 0x146ba6b65910>,4,2,[10  2],5,33,35,28,8
1,<environment.Job instance at 0x146ba6b65550>,5,3,[10  1],6,35,38,29,9
1,<environment.Job instance at 0x146ba6bb6690>,10,3,[1 9],11,30,33,19,14
1,<environment.Job instance at 0x146ba6bb6c80>,14,2,[9 1],15,38,40,23,15
1,<environment.Job instance at 0x146ba6bb6fa0>,12,2,[ 2 10],13,40,42,27,19
1,<environment.Job instance at 0x146ba6bb6230>,20,2,[1 5],21,38,40,17,25
1,<environment.Job instance at 0x146ba6bf5af0>,25,1,[8 2],26,42,43,16,26
1,<environment.Job instance at 0x146ba6bf56e0>,26,3,[1 8],27,42,45,15,28
1,<environment.Job instance at 0x146ba6bf5c30>,30,2,[1 9],31,45,47,14,31
1,<environment.Job instance at 0x146ba6bf5820>,29,2,[6 2],30,43,45,13,32
1,<environment.Job instance at 0x146ba6b961e0>,36,2,[ 1 10],37,47,49,10,38
1,<environment.Job instance at 0x146ba6b963c0>,37,2,[2 7],38,49,51,11,40
1,<environment.Job instance at 0x146ba6c10b40>,40,1,[5 1],41,45,46,4,42
1,<environment.Job instance at 0x146ba6c109b0>,42,13,[10  1],43,51,64,8,43
1,<environment.Job instance at 0x146ba70eb6e0>,0,2,[10  2],1,6,8,5,6
1,<environment.Job instance at 0x146b882906e0>,7,3,[5 1],8,8,11,0,8
1,<environment.Job instance at 0x146b88290460>,5,2,[1 9],6,10,12,4,10
1,<environment.Job instance at 0x146b88290780>,8,17,[2 6],9,12,29,3,11
1,<environment.Job instance at 0x146b88290dc0>,11,2,[1 9],12,29,31,17,15
1,<environment.Job instance at 0x146b882920a0>,16,1,[2 5],17,31,32,14,19
1,<environment.Job instance at 0x146b882929b0>,23,17,[1 5],24,31,48,7,27
1,<environment.Job instance at 0x146b88292b90>,25,1,[1 5],26,32,33,6,28
1,<environment.Job instance at 0x146b88292fa0>,26,2,[2 6],27,48,50,21,29
1,<environment.Job instance at 0x146b88254820>,32,2,[2 9],33,50,52,17,34
1,<environment.Job instance at 0x146b882545f0>,33,2,[9 1],34,38,40,4,38
1,<environment.Job instance at 0x146b882544b0>,30,13,[1 6],31,52,65,21,38
1,<environment.Job instance at 0x146b88254b40>,35,3,[9 2],36,43,46,7,43
1,<environment.Job instance at 0x146b882566e0>,44,2,[2 8],45,65,67,20,45
1,<environment.Job instance at 0x146b88256870>,46,2,[2 5],47,67,69,20,47
1,<environment.Job instance at 0x146b882590a0>,1,2,[ 2 10],2,2,4,0,2
1,<environment.Job instance at 0x146ba760eaa0>,4,16,[8 1],5,5,21,0,5
1,<environment.Job instance at 0x146ba760ed20>,5,1,[1 8],6,8,9,2,8
1,<environment.Job instance at 0x146b882605a0>,6,2,[1 6],7,9,11,2,8
1,<environment.Job instance at 0x146ba760ed70>,10,3,[1 9],11,14,17,3,14
1,<environment.Job instance at 0x146ba7611280>,13,24,[2 7],14,17,41,3,17
1,<environment.Job instance at 0x146ba7611a50>,17,2,[7 2],18,21,23,3,18
1,<environment.Job instance at 0x146ba7611910>,16,13,[1 5],17,41,54,24,27
1,<environment.Job instance at 0x146ba7611cd0>,20,15,[1 5],21,41,56,20,27
1,<environment.Job instance at 0x146ba7611c80>,21,1,[2 9],22,56,57,34,29
1,<environment.Job instance at 0x146ba7611e10>,22,2,[1 7],23,57,59,34,30
1,<environment.Job instance at 0x146ba7611dc0>,24,1,[8 2],25,30,31,5,30
1,<environment.Job instance at 0x146ba76145a0>,30,1,[9 2],31,54,55,23,34
1,<environment.Job instance at 0x146ba7614c80>,34,2,[5 2],35,35,37,0,35
1,<environment.Job instance at 0x146ba76146e0>,33,3,[10  2],34,59,62,25,38
1,<environment.Job instance at 0x146ba76163c0>,39,1,[2 9],40,62,63,22,40
1,<environment.Job instance at 0x146ba76162d0>,41,2,[1 5],42,63,65,21,42
1,<environment.Job instance at 0x146ba7616af0>,44,3,[7 2],45,63,66,18,45
1,<environment.Job instance at 0x146ba7616820>,43,3,[6 2],44,66,69,22,45
1,<environment.Job instance at 0x146ba7616e60>,48,1,[1 8],49,65,66,16,50
1,<environment.Job instance at 0x146ba7614a00>,32,15,[2 8],33,66,81,33,63
1,<environment.Job instance at 0x146ba44d6a00>,8,2,[1 6],9,10,12,1,10
1,<environment.Job instance at 0x146b8825c1e0>,2,3,[6 1],3,10,13,7,10
1,<environment.Job instance at 0x146ba7616a50>,5,3,[6 1],6,13,16,7,11
1,<environment.Job instance at 0x146ba44d6f00>,10,1,[1 6],11,13,14,2,13
1,<environment.Job instance at 0x146ba44d6d70>,12,3,[7 2],13,16,19,3,16
1,<environment.Job instance at 0x146ba439a460>,16,14,[2 6],17,19,33,2,19
1,<environment.Job instance at 0x146ba439a820>,19,2,[5 1],20,21,23,1,21
1,<environment.Job instance at 0x146ba439a9b0>,20,12,[8 1],21,23,35,2,22
1,<environment.Job instance at 0x146ba439ae10>,23,17,[5 1],24,35,52,11,24
1,<environment.Job instance at 0x146ba439a780>,25,12,[1 8],26,33,45,7,27
1,<environment.Job instance at 0x146ba439ac80>,24,13,[9 1],25,52,65,27,36
1,<environment.Job instance at 0x146ba4493eb0>,30,1,[8 1],31,65,66,34,38
1,<environment.Job instance at 0x146ba4493640>,31,2,[1 8],32,45,47,13,44
1,<environment.Job instance at 0x146ba4493d70>,29,2,[ 1 10],30,66,68,36,49
1,<environment.Job instance at 0x146ba4493690>,34,15,[8 1],35,68,83,33,54
1,<environment.Job instance at 0x146ba439a140>,26,18,[2 9],27,68,86,41,57
1,<environment.Job instance at 0x146ba44935f0>,42,3,[1 8],43,57,60,14,57
1,<environment.Job instance at 0x146ba44934b0>,43,3,[1 9],44,60,63,16,57
1,<environment.Job instance at 0x146ba44924b0>,47,3,[1 7],48,63,66,15,57
1,<environment.Job instance at 0x146ba442d190>,3,2,[1 6],4,5,7,1,5
1,<environment.Job instance at 0x146ba35b87d0>,5,16,[6 2],6,8,24,2,8
1,<environment.Job instance at 0x146ba35b3fa0>,9,1,[2 9],10,24,25,14,11
1,<environment.Job instance at 0x146ba35b88c0>,6,1,[ 2 10],7,25,26,18,13
1,<environment.Job instance at 0x146ba35b8730>,7,1,[1 5],8,13,14,5,13
1,<environment.Job instance at 0x146ba35b8c80>,10,16,[1 9],11,26,42,15,14
1,<environment.Job instance at 0x146ba35b3af0>,15,2,[ 2 10],16,42,44,26,19
1,<environment.Job instance at 0x146ba35b3550>,17,2,[10  2],18,44,46,26,19
1,<environment.Job instance at 0x146ba35ae870>,20,2,[8 2],21,46,48,25,21
1,<environment.Job instance at 0x146ba35aecd0>,21,1,[10  1],22,48,49,26,23
1,<environment.Job instance at 0x146ba35ae4b0>,19,2,[10  1],20,49,51,29,24
1,<environment.Job instance at 0x146ba35b31e0>,13,1,[2 7],14,46,47,32,31
1,<environment.Job instance at 0x146ba35aef00>,24,3,[6 1],25,31,34,6,31
1,<environment.Job instance at 0x146ba35aea00>,26,2,[8 2],27,51,53,24,31
1,<environment.Job instance at 0x146ba35ae500>,25,1,[1 5],26,47,48,21,31
1,<environment.Job instance at 0x146ba35aeb40>,29,3,[9 1],30,34,37,4,31
1,<environment.Job instance at 0x146ba35b6690>,30,3,[1 7],31,51,54,20,36
1,<environment.Job instance at 0x146ba35b6a00>,31,3,[10  1],32,54,57,22,37
1,<environment.Job instance at 0x146ba35b6640>,33,12,[5 1],34,57,69,23,41
1,<environment.Job instance at 0x146ba36bebe0>,37,2,[10  2],38,69,71,31,42
1,<environment.Job instance at 0x146ba35b6b90>,32,2,[1 5],33,57,59,24,45
1,<environment.Job instance at 0x146ba36be1e0>,35,3,[6 1],36,71,74,35,46
1,<environment.Job instance at 0x146ba36becd0>,40,2,[2 9],41,59,61,18,47
1,<environment.Job instance at 0x146ba36be370>,41,2,[9 2],42,74,76,32,51
1,<environment.Job instance at 0x146ba36be460>,43,1,[1 7],44,61,62,17,53
1,<environment.Job instance at 0x146ba36be780>,44,1,[1 7],45,62,63,17,55
1,<environment.Job instance at 0x146ba36be960>,46,2,[1 9],47,63,65,16,57
1,<environment.Job instance at 0x146ba36be230>,47,2,[1 9],48,65,67,17,57
1,<environment.Job instance at 0x146ba36be0a0>,39,20,[2 7],40,76,96,36,68
1,<environment.Job instance at 0x146ba36be500>,45,17,[10  1],46,96,113,50,85
1,<environment.Job instance at 0x146ba349f5a0>,1,1,[7 2],2,5,6,3,5
1,<environment.Job instance at 0x146ba3507dc0>,3,3,[1 9],4,6,9,2,5
1,<environment.Job instance at 0x146bb122c870>,4,12,[ 2 10],5,9,21,4,5
1,<environment.Job instance at 0x146bb122c2d0>,7,2,[2 7],8,21,23,13,8
1,<environment.Job instance at 0x146bb122cb90>,9,14,[1 5],10,23,37,13,10
1,<environment.Job instance at 0x146bb114dd20>,11,1,[2 6],12,37,38,25,12
1,<environment.Job instance at 0x146bb122c730>,5,1,[6 2],6,21,22,15,14
1,<environment.Job instance at 0x146bb122caa0>,8,1,[6 2],9,22,23,13,14
1,<environment.Job instance at 0x146bb122c500>,6,1,[2 8],7,38,39,31,16
1,<environment.Job instance at 0x146bb114d640>,17,3,[2 9],18,39,42,21,19
1,<environment.Job instance at 0x146bb10cb2d0>,25,3,[8 2],26,27,30,1,27
1,<environment.Job instance at 0x146bb10cb640>,23,1,[1 5],24,30,31,6,27
1,<environment.Job instance at 0x146bb10cb1e0>,20,13,[5 2],21,42,55,21,27
1,<environment.Job instance at 0x146bb10cb960>,28,2,[5 2],29,31,33,2,30
1,<environment.Job instance at 0x146bb114db40>,13,2,[7 1],14,34,36,20,34
1,<environment.Job instance at 0x146bb0528cd0>,32,2,[1 6],33,42,44,9,35
1,<environment.Job instance at 0x146bb0528b90>,33,15,[6 1],34,55,70,21,41
1,<environment.Job instance at 0x146bb10cbeb0>,30,15,[1 9],31,55,70,24,46
1,<environment.Job instance at 0x146bb0528af0>,37,1,[7 2],38,70,71,32,48
1,<environment.Job instance at 0x146bb0528460>,41,3,[8 1],42,71,74,29,54
1,<environment.Job instance at 0x146bb05285a0>,40,1,[7 1],41,74,75,33,54
1,<environment.Job instance at 0x146bb05280a0>,43,1,[2 9],44,71,72,27,55
1,<environment.Job instance at 0x146bb0528230>,44,2,[9 1],45,75,77,30,56
1,<environment.Job instance at 0x146bb0528410>,42,1,[7 2],43,77,78,34,56
1,<environment.Job instance at 0x146bb10cbe10>,24,17,[10  2],25,78,95,53,67
1,<environment.Job instance at 0x146bb126c960>,2,1,[2 6],3,6,7,3,6
1,<environment.Job instance at 0x146ba4e81320>,9,17,[2 6],10,10,27,0,10
1,<environment.Job instance at 0x146ba4e5c050>,11,1,[9 1],12,27,28,15,12
1,<environment.Job instance at 0x146ba4e81280>,8,3,[6 2],9,13,16,4,13
1,<environment.Job instance at 0x146ba4e5ccd0>,12,17,[1 9],13,27,44,14,17
1,<environment.Job instance at 0x146ba4e5cc80>,15,2,[6 2],16,22,24,6,22
1,<environment.Job instance at 0x146ba4e8a4b0>,21,1,[1 7],22,44,45,22,23
1,<environment.Job instance at 0x146ba4e8a7d0>,26,2,[1 5],27,45,47,18,27
1,<environment.Job instance at 0x146ba4e8a1e0>,19,12,[6 2],20,44,56,24,30
1,<environment.Job instance at 0x146ba4ea3640>,32,3,[5 2],33,56,59,23,34
1,<environment.Job instance at 0x146ba4ea3eb0>,31,1,[1 7],32,47,48,15,35
1,<environment.Job instance at 0x146ba4ea3a50>,34,1,[1 9],35,59,60,24,36
1,<environment.Job instance at 0x146ba4ea3960>,37,2,[2 7],38,48,50,10,39
1,<environment.Job instance at 0x146ba4ea3410>,36,3,[2 9],37,60,63,23,40
1,<environment.Job instance at 0x146ba4f83320>,40,1,[8 1],41,41,42,0,41
1,<environment.Job instance at 0x146ba4f835f0>,38,3,[5 2],39,56,59,17,45
1,<environment.Job instance at 0x146ba4f83f00>,42,3,[6 1],43,59,62,16,45
1,<environment.Job instance at 0x146ba4f83690>,46,3,[2 7],47,50,53,3,47
1,<environment.Job instance at 0x146ba4e8ab90>,27,16,[1 7],28,63,79,35,51
1,<environment.Job instance at 0x146ba4be1550>,3,1,[5 2],4,4,5,0,4
1,<environment.Job instance at 0x146ba30cd280>,9,18,[ 1 10],10,10,28,0,10
1,<environment.Job instance at 0x146ba30cd4b0>,12,1,[2 8],13,28,29,15,15
1,<environment.Job instance at 0x146ba30cda00>,14,3,[1 7],15,29,32,14,16
1,<environment.Job instance at 0x146ba30cdc80>,16,2,[1 8],17,32,34,15,19
1,<environment.Job instance at 0x146ba30ce4b0>,20,3,[1 7],21,34,37,13,21
1,<environment.Job instance at 0x146ba30ce870>,25,1,[8 1],26,28,29,2,28
1,<environment.Job instance at 0x146ba30ceaf0>,28,2,[7 1],29,31,33,2,31
1,<environment.Job instance at 0x146ba30ced70>,29,2,[1 5],30,37,39,7,31
1,<environment.Job instance at 0x146ba30cee10>,30,1,[8 1],31,33,34,2,31
1,<environment.Job instance at 0x146ba30cea50>,27,15,[10  1],28,39,54,11,33
1,<environment.Job instance at 0x146ba30d00a0>,32,2,[2 7],33,54,56,21,34
1,<environment.Job instance at 0x146ba30d0500>,35,2,[2 8],36,56,58,20,37
1,<environment.Job instance at 0x146ba30d0410>,39,3,[1 7],40,58,61,18,43
1,<environment.Job instance at 0x146ba30d0a50>,40,15,[9 2],41,58,73,17,47
1,<environment.Job instance at 0x146ba30d0be0>,42,3,[2 7],43,73,76,30,51
1,<environment.Job instance at 0x146ba30d0f50>,46,3,[1 9],47,76,79,29,55
1,<environment.Job instance at 0x146ba30d2280>,48,2,[1 5],49,61,63,12,55
1,<environment.Job instance at 0x146ba30ce500>,3,12,[5 1],4,4,16,0,4
1,<environment.Job instance at 0x146ba30d52d0>,2,2,[2 9],3,4,6,1,4
1,<environment.Job instance at 0x146bb015aaf0>,5,3,[ 1 10],6,16,19,10,7
1,<environment.Job instance at 0x146bb015a730>,7,18,[10  1],8,19,37,11,8
1,<environment.Job instance at 0x146bb015aeb0>,8,2,[8 1],9,37,39,28,10
1,<environment.Job instance at 0x146bb015a460>,11,1,[5 2],12,13,14,1,13
1,<environment.Job instance at 0x146bb015a230>,10,2,[2 7],11,14,16,3,13
1,<environment.Job instance at 0x146bb015afa0>,13,3,[10  1],14,39,42,25,15
1,<environment.Job instance at 0x146bb0d54230>,22,3,[9 2],23,42,45,19,36
1,<environment.Job instance at 0x146bb186b4b0>,23,2,[2 5],24,45,47,21,38
1,<environment.Job instance at 0x146bb186b870>,24,1,[6 1],25,45,46,20,39
1,<environment.Job instance at 0x146bb186b1e0>,26,23,[1 9],27,47,70,20,43
1,<environment.Job instance at 0x146bb186b3c0>,30,12,[10  1],31,70,82,39,53
1,<environment.Job instance at 0x146bb186b0f0>,36,1,[1 6],37,82,83,45,63
1,<environment.Job instance at 0x146bb186bd20>,37,3,[2 6],38,83,86,45,63
1,<environment.Job instance at 0x146bb186bfa0>,35,12,[1 6],36,86,98,50,72
1,<environment.Job instance at 0x146bb0763960>,44,3,[1 7],45,98,101,53,76
1,<environment.Job instance at 0x146bb0d62f50>,45,17,[1 6],46,101,118,55,89
1,<environment.Job instance at 0x146bb0763500>,48,1,[2 5],49,118,119,69,91
1,<environment.Job instance at 0x146bb07634b0>,46,1,[2 9],47,119,120,72,95
1,<environment.Job instance at 0x146ba67f0500>,4,1,[5 1],5,5,6,0,5
1,<environment.Job instance at 0x146bb1fb9870>,8,1,[2 8],9,12,13,3,12
1,<environment.Job instance at 0x146ba67f07d0>,1,3,[1 8],2,13,16,11,13
1,<environment.Job instance at 0x146bb1fb9aa0>,10,26,[1 9],11,16,42,5,14
1,<environment.Job instance at 0x146bb1fb9f50>,14,1,[10  1],15,42,43,27,15
1,<environment.Job instance at 0x146bb1fb94b0>,16,1,[5 2],17,43,44,26,18
1,<environment.Job instance at 0x146bb1fd85f0>,21,1,[1 9],22,44,45,22,23
1,<environment.Job instance at 0x146bb1fd8c80>,22,3,[1 7],23,45,48,22,23
1,<environment.Job instance at 0x146bb1fd8690>,24,13,[2 8],25,48,61,23,37
1,<environment.Job instance at 0x146bb209d460>,32,2,[9 1],33,44,46,11,43
1,<environment.Job instance at 0x146bb209d280>,36,15,[7 2],37,49,64,12,49
1,<environment.Job instance at 0x146bb209d550>,34,1,[1 7],35,61,62,26,57
1,<environment.Job instance at 0x146bb209d320>,39,2,[7 1],40,64,66,24,58
1,<environment.Job instance at 0x146bb209d500>,40,3,[7 2],41,66,69,25,59
1,<environment.Job instance at 0x146bb1fd80f0>,28,14,[ 2 10],29,69,83,40,64
1,<environment.Job instance at 0x146bb20941e0>,44,12,[1 8],45,83,95,38,67
1,<environment.Job instance at 0x146bb2094b90>,46,1,[5 2],47,83,84,36,69
1,<environment.Job instance at 0x146bb2094230>,43,22,[2 9],44,95,117,51,88
1,<environment.Job instance at 0x146bb0ea7730>,1,2,[7 1],2,2,4,0,2
1,<environment.Job instance at 0x146bb1f8a780>,4,2,[5 1],5,6,8,1,6
1,<environment.Job instance at 0x146ba4b99320>,6,2,[ 2 10],7,8,10,1,7
1,<environment.Job instance at 0x146ba4b99370>,8,15,[1 7],9,10,25,1,9
1,<environment.Job instance at 0x146ba4b9f0a0>,10,13,[6 2],11,12,25,1,12
1,<environment.Job instance at 0x146ba4b9f7d0>,11,3,[1 6],12,25,28,13,14
1,<environment.Job instance at 0x146ba4b9ffa0>,13,18,[9 1],14,25,43,11,14
1,<environment.Job instance at 0x146ba4b9f1e0>,14,2,[1 6],15,28,30,13,16
1,<environment.Job instance at 0x146ba4c0e960>,19,3,[5 1],20,43,46,23,20
1,<environment.Job instance at 0x146ba4c0eeb0>,21,3,[2 7],22,43,46,21,22
1,<environment.Job instance at 0x146ba5c6fc80>,22,3,[ 2 10],23,46,49,23,25
1,<environment.Job instance at 0x146ba5c6f140>,24,1,[2 9],25,49,50,24,25
1,<environment.Job instance at 0x146ba5c6fd70>,28,2,[2 9],29,50,52,21,29
1,<environment.Job instance at 0x146ba5c6f8c0>,29,2,[1 9],30,30,32,0,30
1,<environment.Job instance at 0x146ba5c6fa00>,23,13,[5 2],24,52,65,28,42
1,<environment.Job instance at 0x146ba5b7e0f0>,33,16,[2 9],34,65,81,31,54
1,<environment.Job instance at 0x146ba5b7ef00>,40,1,[ 1 10],41,81,82,40,58
1,<environment.Job instance at 0x146ba5b7e1e0>,44,3,[7 2],45,82,85,37,67
1,<environment.Job instance at 0x146ba51f6730>,47,1,[2 9],48,85,86,37,72
1,<environment.Job instance at 0x146ba5b7e140>,42,17,[5 2],43,86,103,43,78
1,<environment.Job instance at 0x146ba4d91fa0>,0,28,[7 1],1,3,31,2,3
1,<environment.Job instance at 0x146ba4dd4320>,2,3,[1 6],3,4,7,1,4
1,<environment.Job instance at 0x146ba434f640>,4,1,[ 2 10],5,31,32,26,5
1,<environment.Job instance at 0x146ba4dd4820>,3,12,[1 6],4,7,19,3,5
1,<environment.Job instance at 0x146ba426d3c0>,14,3,[1 8],15,19,22,4,16
1,<environment.Job instance at 0x146ba43cad70>,15,2,[10  2],16,32,34,16,18
1,<environment.Job instance at 0x146ba426de60>,10,1,[7 1],11,34,35,23,20
1,<environment.Job instance at 0x146ba43c5910>,19,2,[2 8],20,22,24,2,20
1,<environment.Job instance at 0x146ba43c5370>,20,2,[7 1],21,35,37,14,22
1,<environment.Job instance at 0x146ba43c5320>,23,3,[9 1],24,37,40,13,24
1,<environment.Job instance at 0x146ba43c5190>,21,3,[8 2],22,40,43,18,24
1,<environment.Job instance at 0x146ba426afa0>,25,2,[1 8],26,26,28,0,26
1,<environment.Job instance at 0x146ba426a690>,28,17,[2 6],29,40,57,11,29
1,<environment.Job instance at 0x146ba426a820>,24,2,[8 1],25,43,45,18,33
1,<environment.Job instance at 0x146ba426acd0>,26,1,[7 1],27,45,46,18,34
1,<environment.Job instance at 0x146ba426a6e0>,32,2,[7 1],33,46,48,13,36
1,<environment.Job instance at 0x146ba426a730>,30,15,[9 2],31,57,72,26,44
1,<environment.Job instance at 0x146ba4257d70>,39,3,[1 6],40,57,60,17,51
1,<environment.Job instance at 0x146ba42579b0>,36,2,[2 9],37,72,74,35,53
1,<environment.Job instance at 0x146ba4257a50>,42,1,[ 2 10],43,74,75,31,53
1,<environment.Job instance at 0x146ba4257b90>,44,2,[9 1],45,75,77,30,53
1,<environment.Job instance at 0x146ba4b9faa0>,1,3,[8 1],2,4,7,2,4
1,<environment.Job instance at 0x146ba438ef50>,3,1,[2 6],4,5,6,1,5
1,<environment.Job instance at 0x146bb292aeb0>,6,12,[5 2],7,9,21,2,9
1,<environment.Job instance at 0x146bb29130a0>,7,3,[9 1],8,21,24,13,11
1,<environment.Job instance at 0x146bb2913910>,13,1,[9 1],14,24,25,10,14
1,<environment.Job instance at 0x146bb2913af0>,14,1,[2 5],15,15,16,0,15
1,<environment.Job instance at 0x146bb2913140>,9,3,[2 7],10,16,19,6,15
1,<environment.Job instance at 0x146bb2913d70>,16,1,[8 2],17,25,26,8,17
1,<environment.Job instance at 0x146bb2913f50>,17,1,[2 5],18,20,21,2,20
1,<environment.Job instance at 0x146bb2913dc0>,19,12,[2 9],20,26,38,6,20
1,<environment.Job instance at 0x146bb29073c0>,22,12,[7 2],23,38,50,15,24
1,<environment.Job instance at 0x146bb2913fa0>,18,3,[8 2],19,50,53,31,26
1,<environment.Job instance at 0x146bb29076e0>,25,2,[2 6],26,38,40,12,27
1,<environment.Job instance at 0x146bb2907410>,20,2,[1 9],21,53,55,32,31
1,<environment.Job instance at 0x146bb2907aa0>,30,1,[7 2],31,55,56,24,37
1,<environment.Job instance at 0x146bb290a410>,35,16,[2 6],36,55,71,19,44
1,<environment.Job instance at 0x146bb290a690>,38,1,[8 1],39,53,54,14,44
1,<environment.Job instance at 0x146bb2907140>,23,12,[8 2],24,56,68,32,46
1,<environment.Job instance at 0x146bb290a5f0>,37,3,[6 2],38,68,71,30,46
1,<environment.Job instance at 0x146bb290a9b0>,41,3,[2 9],42,71,74,29,51
1,<environment.Job instance at 0x146bb290ac80>,44,15,[6 1],45,71,86,26,58
1,<environment.Job instance at 0x146bb290a730>,39,18,[2 9],40,74,92,34,63
1,<environment.Job instance at 0x146bb290ae10>,45,2,[ 1 10],46,92,94,46,74
1,<environment.Job instance at 0x146bb2907f00>,32,13,[10  1],33,94,107,61,81
1,<environment.Job instance at 0x146ba6d45280>,3,2,[8 2],4,8,10,4,8
1,<environment.Job instance at 0x146ba6d45230>,4,2,[ 2 10],5,11,13,6,11
1,<environment.Job instance at 0x146ba5f486e0>,9,1,[5 1],10,13,14,3,12
1,<environment.Job instance at 0x146ba5f485a0>,13,16,[2 9],14,16,32,2,16
1,<environment.Job instance at 0x146ba605e550>,15,3,[2 7],16,32,35,16,16
1,<environment.Job instance at 0x146ba5d9b5f0>,17,3,[6 2],18,32,35,14,19
1,<environment.Job instance at 0x146bd05ae5f0>,19,3,[1 6],20,35,38,15,22
1,<environment.Job instance at 0x146ba5d9b460>,21,2,[1 9],22,38,40,16,25
1,<environment.Job instance at 0x146ba5d9b910>,18,1,[9 2],19,35,36,16,26
1,<environment.Job instance at 0x146ba67cd2d0>,27,1,[7 2],28,36,37,8,29
1,<environment.Job instance at 0x146bd02626e0>,28,1,[7 1],29,29,30,0,29
1,<environment.Job instance at 0x146ba67cd410>,29,1,[ 2 10],30,40,41,10,31
1,<environment.Job instance at 0x146ba67cdc80>,22,17,[2 6],23,41,58,18,31
1,<environment.Job instance at 0x146bd05c8320>,31,1,[5 1],32,37,38,5,32
1,<environment.Job instance at 0x146bd06215f0>,30,1,[1 5],31,58,59,27,32
1,<environment.Job instance at 0x146bd2b6f7d0>,33,3,[2 5],34,58,61,24,34
1,<environment.Job instance at 0x146ba66fb910>,35,1,[2 7],36,61,62,25,36
1,<environment.Job instance at 0x146ba66fb690>,39,2,[2 6],40,62,64,22,40
1,<environment.Job instance at 0x146ba66fb8c0>,41,2,[7 1],42,45,47,3,45
1,<environment.Job instance at 0x146ba66fbe60>,40,2,[2 8],41,64,66,23,45
1,<environment.Job instance at 0x146ba66f3550>,48,2,[2 5],49,59,61,10,50
1,<environment.Job instance at 0x146ba66fb0f0>,38,15,[1 8],39,66,81,27,54
1,<environment.Job instance at 0x146bb2907230>,1,2,[7 2],2,7,9,5,7
1,<environment.Job instance at 0x146ba3e1c7d0>,4,18,[8 1],5,9,27,4,8
1,<environment.Job instance at 0x146ba3e1c730>,12,3,[2 9],13,14,17,1,14
1,<environment.Job instance at 0x146ba6100410>,0,14,[1 8],1,17,31,16,14
1,<environment.Job instance at 0x146ba38b22d0>,15,3,[ 2 10],16,31,34,15,16
1,<environment.Job instance at 0x146ba38b20f0>,19,2,[1 5],20,34,36,14,20
1,<environment.Job instance at 0x146ba38b2730>,17,2,[8 2],18,27,29,9,27
1,<environment.Job instance at 0x146ba3e53870>,22,22,[9 1],23,34,56,11,27
1,<environment.Job instance at 0x146ba3e53a00>,26,2,[1 7],27,36,38,9,28
1,<environment.Job instance at 0x146ba3e53b40>,21,2,[ 1 10],22,56,58,34,32
1,<environment.Job instance at 0x146ba3e53500>,31,3,[ 2 10],32,58,61,26,35
1,<environment.Job instance at 0x146ba3e536e0>,34,2,[2 6],35,61,63,26,35
1,<environment.Job instance at 0x146ba38a0af0>,37,13,[1 7],38,63,76,25,52
1,<environment.Job instance at 0x146ba38a0410>,39,2,[8 2],40,61,63,21,55
1,<environment.Job instance at 0x146ba38a0f00>,42,3,[7 1],43,64,67,21,64
1,<environment.Job instance at 0x146ba38a0780>,45,1,[9 2],46,67,68,21,67
1,<environment.Job instance at 0x146ba38a0c80>,43,1,[5 1],44,68,69,24,67
1,<environment.Job instance at 0x146ba38a0a50>,47,2,[7 1],48,69,71,21,67
1,<environment.Job instance at 0x146ba3e538c0>,33,23,[6 1],34,71,94,37,68
1,<environment.Job instance at 0x146ba38a00f0>,46,3,[1 5],47,76,79,29,68
1,<environment.Job instance at 0x146ba38bae60>,48,13,[1 8],49,79,92,30,73
1,<environment.Job instance at 0x146ba5da7050>,1,12,[2 6],2,2,14,0,2
1,<environment.Job instance at 0x146ba759af00>,3,17,[9 1],4,14,31,10,4
1,<environment.Job instance at 0x146ba3b68910>,11,3,[1 8],12,14,17,2,12
1,<environment.Job instance at 0x146ba3b5fe60>,16,3,[7 1],17,31,34,14,18
1,<environment.Job instance at 0x146ba3b5f820>,17,3,[1 9],18,19,22,1,19
1,<environment.Job instance at 0x146ba3b5f410>,15,14,[2 5],16,31,45,15,21
1,<environment.Job instance at 0x146ba3b5fa00>,22,2,[8 2],23,34,36,11,25
1,<environment.Job instance at 0x146ba39f8a00>,27,2,[ 2 10],28,45,47,17,30
1,<environment.Job instance at 0x146ba39f8960>,29,2,[6 2],30,36,38,6,30
1,<environment.Job instance at 0x146ba39f8d70>,26,3,[1 8],27,47,50,20,32
1,<environment.Job instance at 0x146ba39f8910>,31,1,[8 2],32,38,39,6,33
1,<environment.Job instance at 0x146ba39f8550>,32,1,[2 5],33,39,40,6,33
1,<environment.Job instance at 0x146ba39f8870>,33,2,[7 1],34,40,42,6,37
1,<environment.Job instance at 0x146ba39f82d0>,35,14,[9 1],36,47,61,11,38
1,<environment.Job instance at 0x146ba39f8820>,34,16,[1 6],35,50,66,15,43
1,<environment.Job instance at 0x146ba3a4a9b0>,40,1,[5 1],41,61,62,20,47
1,<environment.Job instance at 0x146ba3a4a820>,37,2,[2 7],38,66,68,28,49
1,<environment.Job instance at 0x146ba3a4a370>,43,1,[5 2],44,62,63,18,50
1,<environment.Job instance at 0x146ba3adb690>,45,3,[1 5],46,68,71,22,50
1,<environment.Job instance at 0x146ba3a4aa50>,44,13,[8 2],45,63,76,18,58
1,<environment.Job instance at 0x146ba3adbe10>,48,1,[10  2],49,76,77,27,58
1,<environment.Job instance at 0x146ba3adbeb0>,46,3,[2 8],47,71,74,24,62
1,<environment.Job instance at 0x146ba3a4a320>,42,13,[10  1],43,77,90,34,66
1,<environment.Job instance at 0x146ba3495640>,2,1,[1 5],3,7,8,4,7
1,<environment.Job instance at 0x146ba3495dc0>,5,2,[1 9],6,11,13,5,11
1,<environment.Job instance at 0x146bb186db40>,10,1,[7 1],11,11,12,0,11
1,<environment.Job instance at 0x146bb1abf230>,8,17,[2 6],9,13,30,4,11
1,<environment.Job instance at 0x146bb186d320>,11,2,[1 9],12,30,32,18,15
1,<environment.Job instance at 0x146bb1fea050>,18,3,[1 8],19,32,35,13,19
1,<environment.Job instance at 0x146bb209d370>,23,17,[1 5],24,35,52,11,28
1,<environment.Job instance at 0x146bb209dcd0>,26,2,[2 6],27,52,54,25,28
1,<environment.Job instance at 0x146bb209d820>,25,1,[1 5],26,35,36,9,28
1,<environment.Job instance at 0x146bb209dd70>,29,2,[1 9],30,54,56,24,30
1,<environment.Job instance at 0x146bb209d870>,28,3,[2 8],29,56,59,27,34
1,<environment.Job instance at 0x146bb20a8640>,35,3,[9 2],36,37,40,1,37
1,<environment.Job instance at 0x146bb20a80f0>,33,2,[9 1],34,40,42,6,37
1,<environment.Job instance at 0x146bb20a89b0>,37,3,[2 5],38,42,45,4,38
1,<environment.Job instance at 0x146bb20a8eb0>,38,1,[1 7],39,59,60,20,39
1,<environment.Job instance at 0x146bb20a8e60>,39,2,[8 2],40,45,47,5,42
1,<environment.Job instance at 0x146bb20a8c80>,32,2,[2 9],33,60,62,27,42
1,<environment.Job instance at 0x146bb20aea50>,45,1,[2 9],46,62,63,16,46
1,<environment.Job instance at 0x146bb20aec30>,44,2,[2 8],45,63,65,18,47
1,<environment.Job instance at 0x146bb1feae60>,1,2,[ 2 10],2,2,4,0,2
1,<environment.Job instance at 0x146ba2e28d20>,5,1,[1 8],6,8,9,2,8
1,<environment.Job instance at 0x146ba2e28280>,6,2,[1 6],7,9,11,2,8
1,<environment.Job instance at 0x146ba2e28f50>,8,3,[ 1 10],9,11,14,2,9
1,<environment.Job instance at 0x146ba2e28e60>,10,3,[1 9],11,14,17,3,11
1,<environment.Job instance at 0x146ba2e28190>,7,12,[10  2],8,17,29,9,11
1,<environment.Job instance at 0x146ba2e285f0>,14,1,[1 9],15,29,30,14,16
1,<environment.Job instance at 0x146ba2e12690>,16,13,[1 5],17,30,43,13,19
1,<environment.Job instance at 0x146ba2e12e60>,19,2,[8 2],20,30,32,10,21
1,<environment.Job instance at 0x146ba2e12230>,21,1,[2 9],22,43,44,21,22
1,<environment.Job instance at 0x146ba2e6d320>,23,1,[9 1],24,29,30,5,25
1,<environment.Job instance at 0x146ba2e6d2d0>,22,2,[1 7],23,44,46,21,25
1,<environment.Job instance at 0x146ba2e6d1e0>,25,15,[7 1],26,32,47,6,26
1,<environment.Job instance at 0x146ba2e6df00>,26,1,[10  1],27,47,48,20,28
1,<environment.Job instance at 0x146ba2e15910>,28,2,[1 5],29,48,50,19,29
1,<environment.Job instance at 0x146ba2e10050>,32,15,[2 8],33,50,65,17,38
1,<environment.Job instance at 0x146ba2e10f50>,33,3,[10  2],34,65,68,31,43
1,<environment.Job instance at 0x146ba2e109b0>,35,1,[7 2],36,48,49,12,44
1,<environment.Job instance at 0x146ba2e105f0>,37,3,[10  2],38,68,71,30,44
1,<environment.Job instance at 0x146ba2e10370>,40,3,[8 2],41,49,52,8,44
1,<environment.Job instance at 0x146ba2e0d280>,41,2,[1 5],42,71,73,29,45
1,<environment.Job instance at 0x146ba2e194b0>,46,2,[1 6],47,73,75,26,50
1,<environment.Job instance at 0x146ba2e27f50>,1,2,[1 8],2,5,7,3,5
1,<environment.Job instance at 0x146bb1095e60>,4,17,[ 2 10],5,7,24,2,5
1,<environment.Job instance at 0x146bb10950a0>,6,3,[5 1],7,24,27,17,7
1,<environment.Job instance at 0x146ba4d03c30>,3,2,[1 6],4,24,26,20,7
1,<environment.Job instance at 0x146bb1095550>,11,12,[2 6],12,26,38,14,12
1,<environment.Job instance at 0x146bb1095500>,14,1,[1 7],15,38,39,23,17
1,<environment.Job instance at 0x146bb0f41780>,17,3,[2 5],18,39,42,21,18
1,<environment.Job instance at 0x146bb0f41500>,19,2,[5 1],20,27,29,7,20
1,<environment.Job instance at 0x146bb0f41be0>,20,12,[8 1],21,29,41,8,21
1,<environment.Job instance at 0x146bb10951e0>,16,14,[2 6],17,42,56,25,28
1,<environment.Job instance at 0x146bb0f41eb0>,22,13,[10  2],23,56,69,33,41
1,<environment.Job instance at 0x146bb097de10>,28,3,[8 2],29,45,48,16,45
1,<environment.Job instance at 0x146bb097d690>,29,2,[ 1 10],30,69,71,39,46
1,<environment.Job instance at 0x146bb097d4b0>,34,15,[8 1],35,71,86,36,57
1,<environment.Job instance at 0x146bb14d7be0>,26,18,[2 9],27,71,89,44,60
1,<environment.Job instance at 0x146bb097d910>,39,3,[8 1],40,86,89,46,62
1,<environment.Job instance at 0x146bb097d640>,35,1,[1 8],36,89,90,53,65
1,<environment.Job instance at 0x146bb0a7ee10>,44,2,[6 1],45,89,91,44,65
1,<environment.Job instance at 0x146bb097da00>,42,3,[1 8],43,90,93,47,65
1,<environment.Job instance at 0x146bb0a7e410>,48,17,[1 8],49,93,110,44,81
1,<environment.Job instance at 0x146bb19bcd70>,2,18,[1 7],3,7,25,4,7
1,<environment.Job instance at 0x146bb0f41f50>,3,2,[1 6],4,25,27,21,9
1,<environment.Job instance at 0x146ba5a86e10>,8,2,[6 1],9,11,13,2,11
1,<environment.Job instance at 0x146ba5a86be0>,12,13,[10  1],13,27,40,14,14
1,<environment.Job instance at 0x146bb0bc3f50>,17,2,[10  2],18,40,42,22,18
1,<environment.Job instance at 0x146bb0bc32d0>,18,2,[2 8],19,42,44,23,19
1,<environment.Job instance at 0x146bb195db90>,21,1,[10  1],22,44,45,22,22
1,<environment.Job instance at 0x146bb1907500>,19,2,[10  1],20,45,47,25,30
1,<environment.Job instance at 0x146ba7358a00>,22,15,[ 2 10],23,47,62,24,33
1,<environment.Job instance at 0x146bb21f6960>,27,3,[1 6],28,62,65,34,36
1,<environment.Job instance at 0x146bb21f6370>,28,1,[7 1],29,42,43,13,36
1,<environment.Job instance at 0x146bb19075a0>,26,2,[8 2],27,62,64,35,37
1,<environment.Job instance at 0x146ba5cee1e0>,25,1,[1 5],26,65,66,39,40
1,<environment.Job instance at 0x146ba63464b0>,31,3,[10  1],32,66,69,34,40
1,<environment.Job instance at 0x146ba6c5a780>,40,2,[2 9],41,69,71,28,51
1,<environment.Job instance at 0x146ba6c5a460>,41,2,[9 2],42,64,66,22,56
1,<environment.Job instance at 0x146ba4429320>,42,1,[2 6],43,71,72,28,57
1,<environment.Job instance at 0x146ba49f75a0>,37,2,[10  2],38,72,74,34,57
1,<environment.Job instance at 0x146ba44290f0>,44,1,[1 7],45,74,75,29,60
1,<environment.Job instance at 0x146bb14f1be0>,45,17,[10  1],46,75,92,29,63
1,<environment.Job instance at 0x146ba43e1410>,0,24,[1 5],1,1,25,0,1
1,<environment.Job instance at 0x146ba3683140>,3,3,[1 9],4,25,28,21,5
1,<environment.Job instance at 0x146ba6b1cfa0>,5,1,[6 2],6,9,10,3,9
1,<environment.Job instance at 0x146bd2a97050>,12,3,[2 6],13,28,31,15,13
1,<environment.Job instance at 0x146bd2a97eb0>,14,3,[ 1 10],15,31,34,16,16
1,<environment.Job instance at 0x146bb15e9410>,20,13,[5 2],21,34,47,13,25
1,<environment.Job instance at 0x146bb15e9820>,23,1,[1 5],24,34,35,10,26
1,<environment.Job instance at 0x146bb15e9e10>,25,3,[8 2],26,28,31,2,26
1,<environment.Job instance at 0x146bd062e910>,30,15,[1 9],31,47,62,16,33
1,<environment.Job instance at 0x146bd062e140>,32,2,[1 6],33,35,37,2,33
1,<environment.Job instance at 0x146bb186c6e0>,35,2,[7 2],36,62,64,26,40
1,<environment.Job instance at 0x146bd056aa00>,38,1,[2 7],39,62,63,23,51
1,<environment.Job instance at 0x146bb15e9500>,24,17,[10  2],25,64,81,39,52
1,<environment.Job instance at 0x146bb1ccbb40>,43,1,[2 9],44,81,82,37,54
1,<environment.Job instance at 0x146bb1ccb460>,44,2,[9 1],45,55,57,10,55
1,<environment.Job instance at 0x146bd243bf00>,41,3,[8 1],42,57,60,15,56
1,<environment.Job instance at 0x146bb1ccbb90>,42,1,[7 2],43,82,83,39,57
1,<environment.Job instance at 0x146bb150da50>,48,2,[ 1 10],49,83,85,34,59
1,<environment.Job instance at 0x146bb1ccb780>,46,20,[7 1],47,85,105,38,77
1,<environment.Job instance at 0x146bb14838c0>,3,2,[10  1],4,4,6,0,4
1,<environment.Job instance at 0x146ba53c0230>,1,25,[9 1],2,6,31,4,4
1,<environment.Job instance at 0x146ba6a4f5f0>,2,1,[2 6],3,31,32,28,5
1,<environment.Job instance at 0x146ba53c0d20>,4,1,[1 8],5,6,7,1,5
1,<environment.Job instance at 0x146ba61745a0>,0,1,[1 9],1,7,8,6,5
1,<environment.Job instance at 0x146ba5f84f00>,6,3,[1 6],7,8,11,1,8
1,<environment.Job instance at 0x146ba5f840f0>,5,3,[1 9],6,11,14,5,11
1,<environment.Job instance at 0x146bb0378af0>,11,1,[9 1],12,32,33,20,13
1,<environment.Job instance at 0x146bb0e320a0>,14,1,[1 9],15,15,16,0,15
1,<environment.Job instance at 0x146bb0e32550>,13,1,[10  2],14,33,34,19,17
1,<environment.Job instance at 0x146bb0e32e60>,17,2,[1 7],18,18,20,0,18
1,<environment.Job instance at 0x146ba5f84370>,7,1,[1 9],8,20,21,12,19
1,<environment.Job instance at 0x146bb0e32a00>,18,15,[1 7],19,34,49,15,20
1,<environment.Job instance at 0x146bb0e32280>,20,2,[5 1],21,34,36,13,23
1,<environment.Job instance at 0x146bb0e32cd0>,19,12,[6 2],20,36,48,16,29
1,<environment.Job instance at 0x146bb0e325a0>,23,12,[1 8],24,49,61,25,34
1,<environment.Job instance at 0x146bb07ac280>,29,2,[6 1],30,48,50,18,37
1,<environment.Job instance at 0x146bb0dc60a0>,34,1,[1 9],35,61,62,26,37
1,<environment.Job instance at 0x146bb0dc6320>,35,1,[10  1],36,62,63,26,38
1,<environment.Job instance at 0x146bb097f5f0>,36,3,[2 9],37,63,66,26,38
1,<environment.Job instance at 0x146bb07acbe0>,32,3,[5 2],33,50,53,17,40
1,<environment.Job instance at 0x146bb0e6d9b0>,40,1,[8 1],41,53,54,12,41
1,<environment.Job instance at 0x146bb082c910>,42,3,[6 1],43,54,57,11,47
1,<environment.Job instance at 0x146bb082c2d0>,47,1,[1 7],48,66,67,18,50
1,<environment.Job instance at 0x146bb082c960>,48,2,[2 5],49,67,69,18,50
1,<environment.Job instance at 0x146bb082c8c0>,46,3,[2 7],47,69,72,22,50
1,<environment.Job instance at 0x146bb082c320>,41,22,[1 7],42,72,94,30,67
1,<environment.Job instance at 0x146bb05a0870>,0,16,[7 2],1,2,18,1,2
1,<environment.Job instance at 0x146bb15848c0>,6,1,[7 2],7,18,19,11,8
1,<environment.Job instance at 0x146ba593f0a0>,1,3,[7 2],2,19,22,17,12
1,<environment.Job instance at 0x146bb1584690>,4,3,[7 2],5,22,25,17,13
1,<environment.Job instance at 0x146bb1584780>,11,16,[1 7],12,13,29,1,13
1,<environment.Job instance at 0x146bb1584370>,8,18,[9 2],9,25,43,16,14
1,<environment.Job instance at 0x146bb1584190>,14,3,[1 7],15,29,32,14,15
1,<environment.Job instance at 0x146bb1322960>,16,2,[1 8],17,32,34,15,18
1,<environment.Job instance at 0x146bb1699550>,18,2,[8 1],19,43,45,24,20
1,<environment.Job instance at 0x146bb1322e60>,15,18,[1 8],16,34,52,18,23
1,<environment.Job instance at 0x146bb16991e0>,19,1,[ 2 10],20,52,53,32,30
1,<environment.Job instance at 0x146bb1699960>,24,2,[2 9],25,53,55,28,30
1,<environment.Job instance at 0x146bb16990f0>,25,1,[8 1],26,45,46,19,30
1,<environment.Job instance at 0x146bb1699370>,31,1,[6 2],32,46,47,14,37
1,<environment.Job instance at 0x146bb16995a0>,29,2,[1 5],30,55,57,25,41
1,<environment.Job instance at 0x146bb18589b0>,33,3,[1 7],34,57,60,23,45
1,<environment.Job instance at 0x146bb1418320>,38,1,[8 1],39,47,48,8,46
1,<environment.Job instance at 0x146bb1858cd0>,35,2,[2 8],36,60,62,24,47
1,<environment.Job instance at 0x146bb169f6e0>,41,2,[ 1 10],42,62,64,20,51
1,<environment.Job instance at 0x146bb169f2d0>,42,3,[2 7],43,64,67,21,52
1,<environment.Job instance at 0x146bb14185f0>,39,3,[1 7],40,67,70,27,52
1,<environment.Job instance at 0x146bb169fe10>,45,12,[8 2],46,69,81,23,69
1,<environment.Job instance at 0x146bb169f820>,48,2,[1 5],49,70,72,21,69
1,<environment.Job instance at 0x146ba69b1c80>,0,13,[2 6],1,3,16,2,3
1,<environment.Job instance at 0x146ba74dfe60>,2,2,[2 9],3,16,18,13,3
1,<environment.Job instance at 0x146ba5bc7050>,5,3,[ 1 10],6,18,21,12,6
1,<environment.Job instance at 0x146ba69b1e10>,3,12,[5 1],4,21,33,17,9
1,<environment.Job instance at 0x146ba5bc70a0>,8,2,[8 1],9,10,12,1,10
1,<environment.Job instance at 0x146bb16cc6e0>,9,2,[7 1],10,12,14,2,10
1,<environment.Job instance at 0x146bb1087370>,6,14,[2 9],7,21,35,14,13
1,<environment.Job instance at 0x146ba4784460>,11,1,[5 2],12,14,15,2,13
1,<environment.Job instance at 0x146ba64965f0>,15,2,[6 2],16,35,37,19,16
1,<environment.Job instance at 0x146bb253c8c0>,13,3,[10  1],14,37,40,23,16
1,<environment.Job instance at 0x146bb1da87d0>,20,3,[9 2],21,40,43,19,21
1,<environment.Job instance at 0x146ba4afbb90>,22,3,[9 2],23,43,46,20,24
1,<environment.Job instance at 0x146ba6893050>,23,2,[2 5],24,35,37,11,25
1,<environment.Job instance at 0x146ba3bd15f0>,27,17,[1 9],28,46,63,18,34
1,<environment.Job instance at 0x146bb189bf50>,30,12,[10  1],31,63,75,32,46
1,<environment.Job instance at 0x146bb1915aa0>,34,3,[5 1],35,59,62,24,59
1,<environment.Job instance at 0x146ba6beaeb0>,36,1,[1 6],37,75,76,38,64
1,<environment.Job instance at 0x146bb19155a0>,35,12,[1 6],36,76,88,40,64
1,<environment.Job instance at 0x146ba6beadc0>,37,3,[2 6],38,88,91,50,68
1,<environment.Job instance at 0x146ba6bea2d0>,38,17,[8 2],39,75,92,36,68
1,<environment.Job instance at 0x146baff79690>,43,1,[1 6],44,91,92,47,69
1,<environment.Job instance at 0x146baff79780>,40,2,[1 6],41,92,94,51,69
1,<environment.Job instance at 0x146baff795a0>,44,3,[1 7],45,94,97,49,73
1,<environment.Job instance at 0x146baff79a50>,46,1,[2 9],47,97,98,50,73
1,<environment.Job instance at 0x146baff79370>,45,17,[1 6],46,98,115,52,94
1,<environment.Job instance at 0x146ba59982d0>,11,17,[2 7],12,12,29,0,12
1,<environment.Job instance at 0x146ba533d4b0>,20,2,[2 6],21,29,31,8,21
1,<environment.Job instance at 0x146ba6693aa0>,14,1,[10  1],15,31,32,16,22
1,<environment.Job instance at 0x146ba533d280>,23,12,[2 5],24,32,44,8,27
1,<environment.Job instance at 0x146ba533db90>,25,15,[6 1],26,32,47,6,27
1,<environment.Job instance at 0x146ba533d780>,26,2,[1 5],27,44,46,17,28
1,<environment.Job instance at 0x146ba533dc80>,24,13,[2 8],25,46,59,21,34
1,<environment.Job instance at 0x146ba5d1dd20>,31,2,[5 1],32,47,49,15,34
1,<environment.Job instance at 0x146ba5d1dc30>,32,2,[9 1],33,59,61,26,36
1,<environment.Job instance at 0x146ba533d5a0>,28,14,[ 2 10],29,61,75,32,51
1,<environment.Job instance at 0x146ba5d1dcd0>,36,15,[7 2],37,75,90,38,70
1,<environment.Job instance at 0x146ba3bfb6e0>,39,2,[7 1],40,90,92,50,75
1,<environment.Job instance at 0x146ba3bfb7d0>,42,3,[10  1],43,92,95,49,75
1,<environment.Job instance at 0x146ba3bfbf50>,40,3,[7 2],41,95,98,54,75
1,<environment.Job instance at 0x146ba3bfb820>,41,3,[ 1 10],42,98,101,56,75
1,<environment.Job instance at 0x146bb12c8550>,0,3,[7 2],1,2,5,1,2
1,<environment.Job instance at 0x146ba74892d0>,4,2,[5 1],5,5,7,0,5
1,<environment.Job instance at 0x146bb1d81aa0>,7,2,[5 1],8,9,11,1,9
1,<environment.Job instance at 0x146bb1d81a50>,8,15,[1 7],9,9,24,0,9
1,<environment.Job instance at 0x146ba7489e10>,5,1,[8 1],6,11,12,5,9
1,<environment.Job instance at 0x146ba3bb9460>,3,2,[9 2],4,12,14,8,10
1,<environment.Job instance at 0x146bb1d81af0>,10,13,[6 2],11,14,27,3,11
1,<environment.Job instance at 0x146bb1d81d20>,11,3,[1 6],12,24,27,12,14
1,<environment.Job instance at 0x146bb172b2d0>,17,17,[7 2],18,27,44,9,18
1,<environment.Job instance at 0x146ba65990f0>,22,3,[ 2 10],23,44,47,21,24
1,<environment.Job instance at 0x146ba6599820>,19,3,[5 1],20,47,50,27,26
1,<environment.Job instance at 0x146ba65993c0>,21,3,[2 7],22,27,30,5,26
1,<environment.Job instance at 0x146ba6384af0>,26,17,[10  2],27,50,67,23,40
1,<environment.Job instance at 0x146ba6384050>,29,2,[1 9],30,47,49,17,41
1,<environment.Job instance at 0x146ba6384730>,30,3,[10  1],31,67,70,36,41
1,<environment.Job instance at 0x146ba72a8b40>,34,3,[8 1],35,70,73,35,48
1,<environment.Job instance at 0x146ba72a8960>,38,1,[1 7],39,70,71,31,51
1,<environment.Job instance at 0x146ba72a8230>,33,16,[2 9],34,71,87,37,58
1,<environment.Job instance at 0x146bd09f1be0>,47,1,[2 9],48,87,88,39,72
1,<environment.Job instance at 0x146bd09f19b0>,46,2,[5 2],47,88,90,41,74
1,<environment.Job instance at 0x146bd09f1b90>,44,3,[7 2],45,90,93,45,85
1,<environment.Job instance at 0x146bd09f1910>,43,23,[8 2],44,100,123,56,100
1,<environment.Job instance at 0x146baf890a50>,1,27,[1 8],2,2,29,0,2
1,<environment.Job instance at 0x146bb1b5e280>,2,3,[1 6],3,29,32,26,5
1,<environment.Job instance at 0x146bb25b6690>,4,1,[ 2 10],5,32,33,27,7
1,<environment.Job instance at 0x146bb25b68c0>,11,3,[8 1],12,12,15,0,12
1,<environment.Job instance at 0x146bb25b6280>,13,1,[2 5],14,33,34,19,14
1,<environment.Job instance at 0x146bb25b6cd0>,8,3,[9 2],9,15,18,6,14
1,<environment.Job instance at 0x146bb1eb9910>,14,3,[1 8],15,34,37,19,15
1,<environment.Job instance at 0x146bb1eb9aa0>,15,2,[10  2],16,37,39,21,16
1,<environment.Job instance at 0x146ba38c1b90>,17,2,[2 5],18,39,41,21,20
1,<environment.Job instance at 0x146ba38c11e0>,24,2,[8 1],25,27,29,2,27
1,<environment.Job instance at 0x146ba38c1910>,25,2,[1 8],26,41,43,15,28
1,<environment.Job instance at 0x146ba38c1e10>,22,18,[6 2],23,39,57,16,28
1,<environment.Job instance at 0x146ba38c1960>,23,3,[9 1],24,34,37,10,31
1,<environment.Job instance at 0x146ba7541f00>,29,3,[ 1 10],30,57,60,27,32
1,<environment.Job instance at 0x146ba7541730>,32,2,[7 1],33,60,62,27,34
1,<environment.Job instance at 0x146ba75416e0>,31,3,[1 9],32,60,63,28,34
1,<environment.Job instance at 0x146ba7556050>,34,2,[7 2],35,63,65,28,39
1,<environment.Job instance at 0x146ba7556c80>,36,2,[2 9],37,65,67,28,40
1,<environment.Job instance at 0x146ba7556690>,39,3,[1 6],40,45,48,5,45
1,<environment.Job instance at 0x146ba7556730>,40,2,[2 6],41,48,50,7,46
1,<environment.Job instance at 0x146ba7556410>,41,1,[9 1],42,62,63,20,46
1,<environment.Job instance at 0x146ba75569b0>,38,3,[1 5],39,50,53,11,48
1,<environment.Job instance at 0x146ba7545690>,44,2,[9 1],45,67,69,22,52
1,<environment.Job instance at 0x146ba7545be0>,45,3,[ 1 10],46,69,72,23,52
1,<environment.Job instance at 0x146ba7545d20>,43,2,[9 1],44,72,74,28,53
1,<environment.Job instance at 0x146ba75453c0>,47,2,[5 1],48,65,67,17,53
1,<environment.Job instance at 0x146ba7545280>,48,3,[8 1],49,74,77,25,53
1,<environment.Job instance at 0x146ba7556a00>,37,18,[2 7],38,74,92,36,71
1,<environment.Job instance at 0x146baf92a1e0>,0,3,[2 9],1,2,5,1,2
1,<environment.Job instance at 0x146ba43e62d0>,2,2,[1 6],3,5,7,2,3
1,<environment.Job instance at 0x146ba3a97b90>,3,1,[2 6],4,11,12,7,11
1,<environment.Job instance at 0x146ba3a97b40>,11,3,[2 5],12,12,15,0,12
1,<environment.Job instance at 0x146ba3a97f00>,8,21,[ 2 10],9,15,36,6,14
1,<environment.Job instance at 0x146ba39bd500>,17,1,[2 5],18,36,37,18,19
1,<environment.Job instance at 0x146ba39bdcd0>,20,2,[1 9],21,37,39,16,22
1,<environment.Job instance at 0x146ba39bdd20>,18,3,[8 2],19,39,42,20,22
1,<environment.Job instance at 0x146ba3a03a00>,25,2,[2 6],26,39,41,13,26
1,<environment.Job instance at 0x146ba39bdfa0>,22,12,[7 2],23,42,54,19,27
1,<environment.Job instance at 0x146ba3a037d0>,24,1,[ 1 10],25,54,55,29,29
1,<environment.Job instance at 0x146ba39bd460>,21,3,[2 7],22,41,44,19,30
1,<environment.Job instance at 0x146ba3a03780>,28,3,[1 7],29,44,47,15,31
1,<environment.Job instance at 0x146ba3af31e0>,36,3,[1 6],37,47,50,10,37
1,<environment.Job instance at 0x146ba3af3d20>,37,3,[6 2],38,55,58,17,39
1,<environment.Job instance at 0x146ba3af39b0>,35,16,[2 6],36,55,71,19,44
1,<environment.Job instance at 0x146ba3af3f50>,41,3,[2 9],42,71,74,29,45
1,<environment.Job instance at 0x146bb06fb140>,44,15,[6 1],45,58,73,13,49
1,<environment.Job instance at 0x146bb06fb500>,45,2,[ 1 10],46,74,76,28,50
1,<environment.Job instance at 0x146ba5c016e0>,48,3,[9 1],49,76,79,27,59
1,<environment.Job instance at 0x146ba3af3b90>,43,14,[7 2],44,79,93,35,77
1,<environment.Job instance at 0x146ba3af36e0>,39,18,[2 9],40,93,111,53,88
1,<environment.Job instance at 0x146ba65b89b0>,1,2,[1 9],2,6,8,4,6
1,<environment.Job instance at 0x146bb010e140>,9,1,[5 1],10,12,13,2,12
1,<environment.Job instance at 0x146ba65b8370>,3,2,[8 2],4,13,15,9,12
1,<environment.Job instance at 0x146ba5f0b370>,12,2,[2 5],13,16,18,3,16
1,<environment.Job instance at 0x146bb024f730>,13,16,[2 9],14,18,34,4,17
1,<environment.Job instance at 0x146bd28e0b40>,17,3,[6 2],18,34,37,16,20
1,<environment.Job instance at 0x146ba4fde230>,23,3,[5 2],24,37,40,13,27
1,<environment.Job instance at 0x146ba714baf0>,19,3,[1 6],20,34,37,14,27
1,<environment.Job instance at 0x146ba4fde320>,24,3,[5 2],25,37,40,12,29
1,<environment.Job instance at 0x146ba4fde3c0>,28,1,[7 1],29,30,31,1,30
1,<environment.Job instance at 0x146ba4fdecd0>,26,16,[5 2],27,40,56,13,32
1,<environment.Job instance at 0x146baf9d1fa0>,30,1,[1 5],31,40,41,9,32
1,<environment.Job instance at 0x146ba6f20820>,32,1,[9 2],33,56,57,23,34
1,<environment.Job instance at 0x146ba4fde960>,25,2,[1 8],26,41,43,15,35
1,<environment.Job instance at 0x146bb06d0140>,41,2,[7 1],42,57,59,15,49
1,<environment.Job instance at 0x146bb06d09b0>,42,13,[10  1],43,59,72,16,52
1,<environment.Job instance at 0x146ba5a4c460>,47,3,[ 2 10],48,72,75,24,54
1,<environment.Job instance at 0x146ba5a4cc80>,45,2,[7 2],46,75,77,29,54
1,<environment.Job instance at 0x146bb2643c30>,2,2,[2 7],3,3,5,0,3
1,<environment.Job instance at 0x146ba3c1f3c0>,1,2,[7 2],2,5,7,3,5
1,<environment.Job instance at 0x146ba3e65190>,11,1,[8 2],12,13,14,1,13
1,<environment.Job instance at 0x146ba695dc30>,5,2,[9 1],6,16,18,10,16
1,<environment.Job instance at 0x146ba3e65f00>,15,3,[ 2 10],16,18,21,2,17
1,<environment.Job instance at 0x146bb1039410>,18,2,[10  1],19,21,23,2,19
1,<environment.Job instance at 0x146ba3e650f0>,13,18,[9 1],14,23,41,9,20
1,<environment.Job instance at 0x146bb1039dc0>,20,1,[10  2],21,41,42,20,22
1,<environment.Job instance at 0x146bb1039550>,24,1,[8 2],25,42,43,17,31
1,<environment.Job instance at 0x146ba52c67d0>,28,18,[8 2],29,43,61,14,33
1,<environment.Job instance at 0x146ba52c6730>,31,3,[ 2 10],32,61,64,29,36
1,<environment.Job instance at 0x146ba52c6370>,32,2,[2 5],33,42,44,9,36
1,<environment.Job instance at 0x146ba52c6f50>,30,3,[10  1],31,64,67,33,38
1,<environment.Job instance at 0x146ba52c6cd0>,34,2,[2 6],35,44,46,9,44
1,<environment.Job instance at 0x146bb06445f0>,35,14,[2 5],36,46,60,10,44
1,<environment.Job instance at 0x146bb0644550>,36,12,[5 1],37,67,79,30,51
1,<environment.Job instance at 0x146bb0644fa0>,43,1,[5 1],44,67,68,23,63
1,<environment.Job instance at 0x146bb079ceb0>,45,1,[9 2],46,79,80,33,66
1,<environment.Job instance at 0x146bb079c780>,48,13,[1 8],49,79,92,30,79
1,<environment.Job instance at 0x146ba6489d20>,1,12,[2 6],2,3,15,1,3
1,<environment.Job instance at 0x146ba3983960>,3,17,[9 1],4,15,32,11,5
1,<environment.Job instance at 0x146ba3983140>,2,14,[1 8],3,15,29,12,7
1,<environment.Job instance at 0x146ba43d30a0>,7,1,[6 2],8,9,10,1,9
1,<environment.Job instance at 0x146ba43d3640>,14,2,[9 1],15,32,34,17,18
1,<environment.Job instance at 0x146ba43d3050>,12,2,[ 2 10],13,34,36,21,19
1,<environment.Job instance at 0x146ba69d5c80>,20,2,[1 5],21,29,31,8,21
1,<environment.Job instance at 0x146ba43d3d70>,15,14,[2 5],16,36,50,20,22
1,<environment.Job instance at 0x146ba3d44690>,21,1,[1 5],22,31,32,9,24
1,<environment.Job instance at 0x146ba3d441e0>,27,2,[ 2 10],28,50,52,22,29
1,<environment.Job instance at 0x146ba4278b90>,29,2,[6 2],30,36,38,6,30
1,<environment.Job instance at 0x146ba4278820>,31,1,[8 2],32,38,39,6,36
1,<environment.Job instance at 0x146ba3a3cc30>,39,2,[8 2],40,40,42,0,40
1,<environment.Job instance at 0x146ba3a3c6e0>,42,13,[10  1],43,52,65,9,44
1,<environment.Job instance at 0x146ba3d167d0>,45,3,[1 5],46,47,50,1,47
1,<environment.Job instance at 0x146ba3a3cc80>,43,1,[5 2],44,65,66,21,49
1,<environment.Job instance at 0x146ba3a3c870>,38,12,[2 5],39,65,77,26,49
1,<environment.Job instance at 0x146ba3d160f0>,48,1,[10  2],49,77,78,28,49
1,<environment.Job instance at 0x146ba3d16b90>,44,13,[8 2],45,78,91,33,68
1,<environment.Job instance at 0x146baf8f76e0>,2,1,[1 5],3,6,7,3,6
1,<environment.Job instance at 0x146bb21d8fa0>,7,3,[5 1],8,8,11,0,8
1,<environment.Job instance at 0x146baf8f72d0>,1,13,[2 8],2,10,23,8,10
1,<environment.Job instance at 0x146bb21d83c0>,8,17,[2 6],9,23,40,14,11
1,<environment.Job instance at 0x146bb0007190>,11,2,[1 9],12,40,42,28,16
1,<environment.Job instance at 0x146bb21de500>,15,3,[10  2],16,42,45,26,18
1,<environment.Job instance at 0x146bb21de4b0>,18,3,[1 8],19,45,48,26,19
1,<environment.Job instance at 0x146bb21debe0>,17,2,[7 1],18,22,24,4,22
1,<environment.Job instance at 0x146ba5af3370>,26,2,[2 6],27,48,50,21,28
1,<environment.Job instance at 0x146bb1f6cfa0>,29,2,[1 9],30,50,52,20,30
1,<environment.Job instance at 0x146ba5af3f50>,28,3,[2 8],29,52,55,23,34
1,<environment.Job instance at 0x146bb1f6c050>,34,2,[5 1],35,38,40,3,38
1,<environment.Job instance at 0x146ba54601e0>,38,1,[1 7],39,55,56,16,42
1,<environment.Job instance at 0x146ba5460960>,40,14,[2 5],41,56,70,15,42
1,<environment.Job instance at 0x146bb2273500>,45,1,[2 9],46,70,71,24,46
1,<environment.Job instance at 0x146bb1f6c140>,33,2,[9 1],34,50,52,16,47
1,<environment.Job instance at 0x146ba64e3a50>,1,2,[ 2 10],2,2,4,0,2
1,<environment.Job instance at 0x146bafe091e0>,6,2,[1 6],7,8,10,1,8
1,<environment.Job instance at 0x146bafe1cf00>,5,1,[1 8],6,10,11,4,8
1,<environment.Job instance at 0x146bafe090f0>,8,3,[ 1 10],9,12,15,3,12
1,<environment.Job instance at 0x146bafe094b0>,11,17,[1 7],12,15,32,3,12
1,<environment.Job instance at 0x146bafe093c0>,10,3,[1 9],11,32,35,21,14
1,<environment.Job instance at 0x146bafe099b0>,14,1,[1 9],15,35,36,20,16
1,<environment.Job instance at 0x146bafe09910>,17,2,[7 2],18,19,21,1,19
1,<environment.Job instance at 0x146bafe09960>,16,13,[1 5],17,36,49,19,20
1,<environment.Job instance at 0x146bafe09be0>,19,2,[8 2],20,21,23,1,21
1,<environment.Job instance at 0x146bafe360f0>,21,1,[2 9],22,49,50,27,23
1,<environment.Job instance at 0x146bafe361e0>,23,1,[9 1],24,24,25,0,24
1,<environment.Job instance at 0x146bafe36690>,24,1,[8 2],25,30,31,5,30
1,<environment.Job instance at 0x146bafe36f50>,31,3,[5 1],32,32,35,0,32
1,<environment.Job instance at 0x146bafe230f0>,34,2,[5 2],35,36,38,1,36
1,<environment.Job instance at 0x146bafe231e0>,35,1,[7 2],36,38,39,2,37
1,<environment.Job instance at 0x146bafe36fa0>,32,15,[2 8],33,50,65,17,37
1,<environment.Job instance at 0x146bafe23690>,39,1,[2 9],40,65,66,25,40
1,<environment.Job instance at 0x146bafe23820>,40,3,[8 2],41,42,45,1,42
1,<environment.Job instance at 0x146bafe23b90>,41,2,[1 5],42,45,47,3,44
1,<environment.Job instance at 0x146bafe23f50>,44,3,[7 2],45,50,53,5,46
1,<environment.Job instance at 0x146bafe041e0>,46,2,[1 6],47,66,68,19,49
1,<environment.Job instance at 0x146bafe044b0>,48,1,[1 8],49,68,69,19,50
1,<environment.Job instance at 0x146bafe240f0>,0,14,[6 1],1,1,15,0,1
1,<environment.Job instance at 0x146bafe23cd0>,2,3,[6 1],3,15,18,12,3
1,<environment.Job instance at 0x146bafe23be0>,3,2,[1 6],4,4,6,0,4
1,<environment.Job instance at 0x146bafe24140>,1,2,[1 8],2,6,8,4,6
1,<environment.Job instance at 0x146ba5739730>,11,12,[2 6],12,12,24,0,12
1,<environment.Job instance at 0x146ba5739a00>,12,3,[7 2],13,18,21,5,15
1,<environment.Job instance at 0x146ba395b2d0>,14,1,[1 7],15,24,25,9,15
1,<environment.Job instance at 0x146ba5739280>,9,2,[5 2],10,21,23,11,16
1,<environment.Job instance at 0x146ba5576280>,15,12,[6 2],16,23,35,7,17
1,<environment.Job instance at 0x146ba56e2190>,18,12,[6 1],19,35,47,16,19
1,<environment.Job instance at 0x146ba5576690>,19,2,[5 1],20,47,49,27,32
1,<environment.Job instance at 0x146ba6d2ed70>,20,12,[8 1],21,49,61,28,34
1,<environment.Job instance at 0x146ba5660320>,25,12,[1 8],26,38,50,12,38
1,<environment.Job instance at 0x146bb0ca86e0>,27,13,[10  1],28,61,74,33,48
1,<environment.Job instance at 0x146bb0ca8eb0>,31,2,[1 8],32,50,52,18,50
1,<environment.Job instance at 0x146bb0f5c5f0>,38,2,[9 1],39,74,76,35,55
1,<environment.Job instance at 0x146bb12899b0>,42,3,[1 8],43,74,77,31,60
1,<environment.Job instance at 0x146bb0f5c8c0>,40,3,[ 1 10],41,77,80,36,60
1,<environment.Job instance at 0x146bcfc44c30>,43,3,[1 9],44,80,83,36,60
1,<environment.Job instance at 0x146bb17b19b0>,46,3,[5 2],47,83,86,36,61
1,<environment.Job instance at 0x146bb0aae820>,45,3,[1 6],46,83,86,37,61
1,<environment.Job instance at 0x146bb17b1960>,48,17,[1 8],49,86,103,37,74
1,<environment.Job instance at 0x146bd015b500>,0,3,[5 2],1,1,4,0,1
1,<environment.Job instance at 0x146ba5194cd0>,4,3,[1 6],5,7,10,2,7
1,<environment.Job instance at 0x146bb11fa320>,7,1,[1 5],8,15,16,7,15
1,<environment.Job instance at 0x146ba5ee91e0>,15,2,[ 2 10],16,17,19,1,17
1,<environment.Job instance at 0x146ba6bedfa0>,17,2,[10  2],18,20,22,2,20
1,<environment.Job instance at 0x146bb4d8abe0>,19,2,[10  1],20,22,24,2,21
1,<environment.Job instance at 0x146bb104aa00>,20,2,[8 2],21,24,26,3,23
1,<environment.Job instance at 0x146ba5ee9f00>,10,16,[1 9],11,26,42,15,23
1,<environment.Job instance at 0x146bb15810a0>,24,3,[6 1],25,26,29,1,26
1,<environment.Job instance at 0x146bb195b730>,25,1,[1 5],26,42,43,16,26
1,<environment.Job instance at 0x146bb2305960>,14,15,[7 2],15,42,57,27,30
1,<environment.Job instance at 0x146bb1ae5960>,28,1,[7 1],29,30,31,1,30
1,<environment.Job instance at 0x146ba49a0cd0>,30,3,[1 7],31,43,46,12,32
1,<environment.Job instance at 0x146bb0f615a0>,37,2,[10  2],38,57,59,19,39
1,<environment.Job instance at 0x146ba369c230>,34,15,[1 8],35,59,74,24,45
1,<environment.Job instance at 0x146ba3768780>,41,2,[9 2],42,59,61,17,47
1,<environment.Job instance at 0x146ba3768af0>,40,2,[2 9],41,74,76,33,50
1,<environment.Job instance at 0x146ba3768140>,44,1,[1 7],45,50,51,5,50
1,<environment.Job instance at 0x146ba3768050>,46,2,[1 9],47,76,78,29,53
1,<environment.Job instance at 0x146bb04f31e0>,0,24,[1 5],1,1,25,0,1
1,<environment.Job instance at 0x146bb04f3e10>,1,1,[7 2],2,3,4,1,3
1,<environment.Job instance at 0x146ba6cd4140>,3,3,[1 9],4,25,28,21,5
1,<environment.Job instance at 0x146ba7077be0>,5,1,[6 2],6,6,7,0,6
1,<environment.Job instance at 0x146ba7077a50>,14,3,[ 1 10],15,28,31,13,16
1,<environment.Job instance at 0x146ba7077280>,13,2,[7 1],14,17,19,3,17
1,<environment.Job instance at 0x146ba688e370>,16,16,[6 1],17,31,47,14,20
1,<environment.Job instance at 0x146ba7077550>,15,3,[ 2 10],16,47,50,31,21
1,<environment.Job instance at 0x146ba688e910>,18,2,[9 2],19,50,52,31,24
1,<environment.Job instance at 0x146ba688e8c0>,25,3,[8 2],26,52,55,26,26
1,<environment.Job instance at 0x146bb015af50>,27,16,[7 2],28,55,71,27,45
1,<environment.Job instance at 0x146bb0286be0>,36,12,[ 2 10],37,71,83,34,56
1,<environment.Job instance at 0x146bb02865f0>,42,1,[7 2],43,83,84,40,56
1,<environment.Job instance at 0x146bb015a6e0>,33,15,[6 1],34,84,99,50,70
1,<environment.Job instance at 0x146ba34cd5a0>,2,1,[2 6],3,4,5,1,4
1,<environment.Job instance at 0x146bb26c8dc0>,0,1,[1 9],1,5,6,4,4
1,<environment.Job instance at 0x146bb0658820>,7,1,[1 9],8,9,10,1,9
1,<environment.Job instance at 0x146bb0658e10>,11,1,[9 1],12,14,15,2,14
1,<environment.Job instance at 0x146bb06585a0>,12,17,[1 9],13,17,34,4,17
1,<environment.Job instance at 0x146bb0102e60>,16,2,[1 7],17,34,36,17,17
1,<environment.Job instance at 0x146bb0102280>,17,2,[1 7],18,36,38,18,19
1,<environment.Job instance at 0x146ba3f8b1e0>,19,12,[6 2],20,34,46,14,22
1,<environment.Job instance at 0x146ba3f8b9b0>,21,1,[1 7],22,38,39,16,25
1,<environment.Job instance at 0x146ba3f8b280>,23,12,[1 8],24,39,51,15,26
1,<environment.Job instance at 0x146bb047c730>,31,1,[1 7],32,51,52,19,34
1,<environment.Job instance at 0x146bb047c370>,30,18,[8 1],31,46,64,15,39
1,<environment.Job instance at 0x146bb0627410>,37,2,[2 7],38,52,54,14,39
1,<environment.Job instance at 0x146bb0627780>,39,1,[6 1],40,64,65,24,41
1,<environment.Job instance at 0x146bb047c190>,36,3,[2 9],37,54,57,17,41
1,<environment.Job instance at 0x146bb00d0370>,40,1,[8 1],41,65,66,24,45
1,<environment.Job instance at 0x146bb00d0a00>,46,3,[2 7],47,57,60,10,47
1,<environment.Job instance at 0x146bb00d0870>,45,2,[7 1],46,66,68,20,47
1,<environment.Job instance at 0x146bafe5a0f0>,47,1,[1 7],48,60,61,12,48
1,<environment.Job instance at 0x146bb00d0a50>,41,22,[1 7],42,61,83,19,58
1,<environment.Job instance at 0x146ba4a6cb90>,6,1,[7 2],7,7,8,0,7
1,<environment.Job instance at 0x146ba4a6cfa0>,8,18,[9 2],9,9,27,0,9
1,<environment.Job instance at 0x146ba4a6c640>,10,1,[8 2],11,27,28,16,11
1,<environment.Job instance at 0x146ba4a6c0a0>,12,1,[2 8],13,27,28,14,13
1,<environment.Job instance at 0x146ba4a6c370>,9,18,[ 1 10],10,28,46,18,17
1,<environment.Job instance at 0x146bb1c09b90>,16,2,[1 8],17,20,22,3,20
1,<environment.Job instance at 0x146bb1c09690>,20,3,[1 7],21,24,27,3,24
1,<environment.Job instance at 0x146bb1c09eb0>,22,2,[7 1],23,46,48,23,27
1,<environment.Job instance at 0x146ba6250780>,26,3,[2 8],27,46,49,19,27
1,<environment.Job instance at 0x146ba6250870>,28,2,[7 1],29,48,50,19,29
1,<environment.Job instance at 0x146ba6250a50>,25,1,[8 1],26,50,51,24,32
1,<environment.Job instance at 0x146ba6250e10>,29,2,[1 5],30,49,51,19,32
1,<environment.Job instance at 0x146ba62500f0>,31,1,[6 2],32,51,52,19,33
1,<environment.Job instance at 0x146ba62507d0>,27,15,[10  1],28,52,67,24,38
1,<environment.Job instance at 0x146ba7402e10>,35,2,[2 8],36,67,69,31,40
1,<environment.Job instance at 0x146ba7402140>,38,1,[8 1],39,67,68,28,41
1,<environment.Job instance at 0x146ba7402230>,41,2,[ 1 10],42,69,71,27,49
1,<environment.Job instance at 0x146ba7402b40>,42,3,[2 7],43,71,74,28,49
1,<environment.Job instance at 0x146bb1c090f0>,13,15,[1 6],14,74,89,60,64
1,<environment.Job instance at 0x146bb2435690>,45,12,[8 2],46,71,83,25,65
1,<environment.Job instance at 0x146bb2435f00>,46,3,[1 9],47,89,92,42,69
1,<environment.Job instance at 0x146bb69cec80>,7,18,[10  1],8,8,26,0,8
1,<environment.Job instance at 0x146bb69cef50>,9,2,[7 1],10,26,28,16,10
1,<environment.Job instance at 0x146bb69ceaf0>,10,2,[2 7],11,26,28,15,11
1,<environment.Job instance at 0x146bb69d1320>,12,15,[5 2],13,28,43,15,15
1,<environment.Job instance at 0x146bb69d1410>,11,1,[5 2],12,28,29,16,15
1,<environment.Job instance at 0x146bb69d1780>,15,2,[6 2],16,43,45,27,16
1,<environment.Job instance at 0x146bb69d1690>,17,18,[2 6],18,29,47,11,21
1,<environment.Job instance at 0x146bb69d18c0>,22,3,[9 2],23,47,50,24,27
1,<environment.Job instance at 0x146bb69d1f50>,24,1,[6 1],25,45,46,20,27
1,<environment.Job instance at 0x146bb6952550>,27,17,[1 9],28,50,67,22,39
1,<environment.Job instance at 0x146bb6952780>,30,12,[10  1],31,67,79,36,51
1,<environment.Job instance at 0x146bb69528c0>,32,2,[1 5],33,79,81,46,52
1,<environment.Job instance at 0x146bb6952af0>,34,3,[5 1],35,55,58,20,55
1,<environment.Job instance at 0x146bb6952cd0>,37,3,[2 6],38,81,84,43,56
1,<environment.Job instance at 0x146bb69526e0>,31,16,[10  2],32,84,100,52,72
1,<environment.Job instance at 0x146bb69d1960>,19,17,[1 9],20,100,117,80,96
1,<environment.Job instance at 0x146bb69555a0>,48,1,[2 5],49,117,118,68,97
1,<environment.Job instance at 0x146bb6955500>,47,3,[8 2],48,117,120,69,100
1,<environment.Job instance at 0x146bb69d1820>,5,2,[2 5],6,9,11,3,9
1,<environment.Job instance at 0x146ba6438550>,9,2,[10  2],10,11,13,1,11
1,<environment.Job instance at 0x146bb004af50>,11,17,[2 7],12,15,32,3,15
1,<environment.Job instance at 0x146bb004a0f0>,15,13,[6 1],16,19,32,3,19
1,<environment.Job instance at 0x146bb004a910>,17,2,[2 7],18,32,34,14,19
1,<environment.Job instance at 0x146ba5e46500>,22,3,[1 7],23,34,37,11,23
1,<environment.Job instance at 0x146ba4b149b0>,23,12,[2 5],24,37,49,13,25
1,<environment.Job instance at 0x146ba5e463c0>,20,2,[2 6],21,49,51,28,29
1,<environment.Job instance at 0x146ba64fc820>,25,15,[6 1],26,32,47,6,29
1,<environment.Job instance at 0x146bb4c3a0a0>,31,2,[5 1],32,47,49,15,34
1,<environment.Job instance at 0x146ba64fcd20>,28,14,[ 2 10],29,51,65,22,37
1,<environment.Job instance at 0x146bb1e99690>,33,1,[7 1],34,49,50,15,40
1,<environment.Job instance at 0x146bb1e99820>,34,1,[1 7],35,65,66,30,41
1,<environment.Job instance at 0x146bb1e43aa0>,42,3,[10  1],43,66,69,23,45
1,<environment.Job instance at 0x146bb2120190>,48,1,[10  2],49,69,70,20,68
1,<environment.Job instance at 0x146bb2413af0>,45,13,[1 7],46,70,83,24,70
1,<environment.Job instance at 0x146bb1353050>,4,2,[5 1],5,5,7,0,5
1,<environment.Job instance at 0x146ba561c190>,5,1,[8 1],6,8,9,2,8
1,<environment.Job instance at 0x146ba74c7690>,11,3,[1 6],12,13,16,1,13
1,<environment.Job instance at 0x146ba561cdc0>,10,13,[6 2],11,15,28,4,15
1,<environment.Job instance at 0x146ba561cb40>,8,15,[1 7],9,16,31,7,15
1,<environment.Job instance at 0x146bb0f5beb0>,13,18,[9 1],14,28,46,14,17
1,<environment.Job instance at 0x146bb03a9960>,21,3,[2 7],22,46,49,24,28
1,<environment.Job instance at 0x146bb0aa4500>,28,2,[2 9],29,49,51,20,33
1,<environment.Job instance at 0x146ba3c695f0>,25,3,[9 1],26,51,54,25,33
1,<environment.Job instance at 0x146bb0aa4320>,29,2,[1 9],30,33,35,3,33
1,<environment.Job instance at 0x146bb0aa40f0>,30,3,[10  1],31,54,57,23,33
1,<environment.Job instance at 0x146bb1dd22d0>,31,15,[2 9],32,57,72,25,44
1,<environment.Job instance at 0x146bb0089870>,36,1,[1 5],37,45,46,8,45
1,<environment.Job instance at 0x146bb00893c0>,38,1,[1 7],39,51,52,12,47
1,<environment.Job instance at 0x146bb0089820>,41,2,[2 5],42,72,74,30,56
1,<environment.Job instance at 0x146baf8c85f0>,45,3,[2 6],46,74,77,28,61
1,<environment.Job instance at 0x146baf8c8fa0>,43,23,[8 2],44,72,95,28,68
1,<environment.Job instance at 0x146bafdec870>,48,3,[2 8],49,77,80,28,69
1,<environment.Job instance at 0x146ba3a7c5f0>,47,1,[2 9],48,95,96,47,73
1,<environment.Job instance at 0x146ba3590b40>,1,27,[1 8],2,6,33,4,6
1,<environment.Job instance at 0x146bb1f3b690>,4,1,[ 2 10],5,33,34,28,6
1,<environment.Job instance at 0x146ba6b56e60>,9,2,[2 8],10,34,36,24,12
1,<environment.Job instance at 0x146ba6b566e0>,10,1,[7 1],11,13,14,2,13
1,<environment.Job instance at 0x146bb1f3bb90>,2,3,[1 6],3,36,39,33,14
1,<environment.Job instance at 0x146ba6b56870>,15,2,[10  2],16,39,41,23,16
1,<environment.Job instance at 0x146ba2fb2e10>,17,2,[2 5],18,41,43,23,20
1,<environment.Job instance at 0x146bb1240b40>,21,3,[8 2],22,22,25,0,22
1,<environment.Job instance at 0x146bb0f96050>,25,2,[1 8],26,43,45,17,28
1,<environment.Job instance at 0x146ba36c6aa0>,26,1,[7 1],27,28,29,1,28
1,<environment.Job instance at 0x146bb278f280>,29,3,[ 1 10],30,45,48,15,30
1,<environment.Job instance at 0x146ba6594280>,31,3,[1 9],32,48,51,16,34
1,<environment.Job instance at 0x146ba6c917d0>,30,15,[9 2],31,51,66,20,37
1,<environment.Job instance at 0x146bb14d1370>,36,2,[2 9],37,66,68,29,41
1,<environment.Job instance at 0x146ba6695870>,39,3,[1 6],40,51,54,11,43
1,<environment.Job instance at 0x146ba5f327d0>,40,2,[2 6],41,68,70,27,44
1,<environment.Job instance at 0x146baf8e6c30>,43,2,[9 1],44,48,50,4,47
1,<environment.Job instance at 0x146ba4b6e7d0>,46,1,[8 1],47,66,67,19,51
1,<environment.Job instance at 0x146ba6a21af0>,48,3,[8 1],49,67,70,18,51
1,<environment.Job instance at 0x146ba6594820>,28,17,[2 6],29,70,87,41,59
1,<environment.Job instance at 0x146bb149b0f0>,2,2,[1 6],3,5,7,2,5
1,<environment.Job instance at 0x146ba4b8caf0>,4,2,[2 8],5,7,9,2,5
1,<environment.Job instance at 0x146ba5ed3cd0>,5,13,[2 8],6,9,22,3,6
1,<environment.Job instance at 0x146ba5ed3b40>,3,1,[2 6],4,22,23,18,6
1,<environment.Job instance at 0x146ba5ed3320>,6,12,[5 2],7,8,20,1,8
1,<environment.Job instance at 0x146ba5ed3b90>,7,3,[9 1],8,23,26,15,11
1,<environment.Job instance at 0x146ba5ed3050>,10,3,[6 2],11,20,23,9,11
1,<environment.Job instance at 0x146bb0dc1e60>,13,1,[9 1],14,26,27,12,14
1,<environment.Job instance at 0x146bb0dc10a0>,17,1,[2 5],18,27,28,9,18
1,<environment.Job instance at 0x146bb0dc1370>,16,1,[8 2],17,27,28,10,19
1,<environment.Job instance at 0x146bb0dc1eb0>,18,3,[8 2],19,28,31,9,22
1,<environment.Job instance at 0x146bb11181e0>,23,12,[8 2],24,31,43,7,25
1,<environment.Job instance at 0x146bb1118e60>,25,2,[2 6],26,28,30,2,28
1,<environment.Job instance at 0x146bb1118190>,27,2,[9 2],28,43,45,15,28
1,<environment.Job instance at 0x146bafb3b2d0>,28,3,[1 7],29,30,33,1,30
1,<environment.Job instance at 0x146bafb3be10>,29,13,[8 2],30,45,58,15,30
1,<environment.Job instance at 0x146bb1118f50>,26,1,[ 2 10],27,58,59,31,30
1,<environment.Job instance at 0x146bafb3b460>,31,1,[10  1],32,59,60,27,32
1,<environment.Job instance at 0x146ba7426af0>,37,3,[6 2],38,60,63,22,38
1,<environment.Job instance at 0x146bb1eab0a0>,38,1,[8 1],39,63,64,24,39
1,<environment.Job instance at 0x146bb1eabaf0>,43,14,[7 2],44,64,78,20,52
1,<environment.Job instance at 0x146bb1eaba00>,46,3,[5 1],47,78,81,31,54
1,<environment.Job instance at 0x146bb1eab5a0>,47,2,[5 2],48,78,80,30,54
1,<environment.Job instance at 0x146bb1eab230>,40,13,[5 2],41,80,93,39,66
1,<environment.Job instance at 0x146bb0dd2960>,1,2,[1 9],2,2,4,0,2
1,<environment.Job instance at 0x146baf986550>,3,2,[8 2],4,4,6,0,4
1,<environment.Job instance at 0x146ba71c83c0>,6,3,[10  2],7,9,12,2,9
1,<environment.Job instance at 0x146bb4a93af0>,11,1,[ 1 10],12,12,13,0,12
1,<environment.Job instance at 0x146bb4a62a50>,14,2,[5 2],15,15,17,0,15
1,<environment.Job instance at 0x146bb4a8dcd0>,17,3,[6 2],18,18,21,0,18
1,<environment.Job instance at 0x146bb4a8dd70>,16,3,[1 5],17,18,21,1,18
1,<environment.Job instance at 0x146bb4a8db90>,21,2,[1 9],22,24,26,2,24
1,<environment.Job instance at 0x146ba67a6460>,24,3,[5 2],25,26,29,1,25
1,<environment.Job instance at 0x146ba67a65a0>,23,3,[5 2],24,26,29,2,26
1,<environment.Job instance at 0x146ba67a6aa0>,25,2,[1 8],26,29,31,3,28
1,<environment.Job instance at 0x146ba66fb8c0>,28,1,[7 1],29,30,31,1,30
1,<environment.Job instance at 0x146ba66fb780>,30,1,[1 5],31,32,33,1,32
1,<environment.Job instance at 0x146ba67a6320>,22,17,[2 6],23,33,50,10,32
1,<environment.Job instance at 0x146ba605e410>,33,3,[2 5],34,50,53,16,34
1,<environment.Job instance at 0x146ba605e7d0>,32,1,[9 2],33,53,54,20,34
1,<environment.Job instance at 0x146ba66fbeb0>,31,1,[5 1],32,35,36,3,35
1,<environment.Job instance at 0x146ba605eaf0>,37,1,[5 1],38,39,40,1,39
1,<environment.Job instance at 0x146ba67cd9b0>,39,2,[2 6],40,54,56,14,42
1,<environment.Job instance at 0x146ba605e3c0>,38,15,[1 8],39,56,71,17,43
1,<environment.Job instance at 0x146ba67cd870>,48,2,[2 5],49,71,73,22,54
1,<environment.Job instance at 0x146bb1404370>,0,14,[1 8],1,2,16,1,2
1,<environment.Job instance at 0x146bb1404f50>,6,3,[ 2 10],7,16,19,9,11
1,<environment.Job instance at 0x146bb1404960>,10,2,[ 2 10],11,19,21,8,11
1,<environment.Job instance at 0x146bb08e4b90>,14,2,[9 2],15,21,23,6,18
1,<environment.Job instance at 0x146bb08e4870>,11,1,[8 2],12,23,24,11,19
1,<environment.Job instance at 0x146ba2e64230>,18,2,[10  1],19,24,26,5,19
1,<environment.Job instance at 0x146ba2e64960>,20,1,[10  2],21,26,27,5,21
1,<environment.Job instance at 0x146ba2e645a0>,22,22,[9 1],23,27,49,4,24
1,<environment.Job instance at 0x146ba2e64e10>,24,1,[8 2],25,49,50,24,25
1,<environment.Job instance at 0x146bb08e4780>,15,3,[ 2 10],16,50,53,34,27
1,<environment.Job instance at 0x146bb1f44cd0>,26,2,[1 7],27,29,31,2,29
1,<environment.Job instance at 0x146bb1f44f00>,29,18,[1 9],30,31,49,1,30
1,<environment.Job instance at 0x146bb1f44e10>,31,3,[ 2 10],32,53,56,21,36
1,<environment.Job instance at 0x146bb19af190>,39,2,[8 2],40,56,58,16,51
1,<environment.Job instance at 0x146bb19af0a0>,40,20,[1 9],41,58,78,17,53
1,<environment.Job instance at 0x146bb19af550>,42,3,[7 1],43,61,64,18,61
1,<environment.Job instance at 0x146ba75947d0>,46,3,[1 5],47,78,81,31,74
1,<environment.Job instance at 0x146bd101e690>,44,1,[6 2],45,78,79,33,75
1,<environment.Job instance at 0x146ba2e64b90>,1,12,[2 6],2,3,15,1,3
1,<environment.Job instance at 0x146bb6dbfd20>,6,3,[1 6],7,15,18,8,7
1,<environment.Job instance at 0x146bb4963780>,3,17,[9 1],4,15,32,11,7
1,<environment.Job instance at 0x146bb6dbf9b0>,7,1,[6 2],8,12,13,4,12
1,<environment.Job instance at 0x146bb6dcd7d0>,15,14,[2 5],16,32,46,16,18
1,<environment.Job instance at 0x146bb6e7db40>,18,2,[5 1],19,32,34,13,19
1,<environment.Job instance at 0x146bb6e7ddc0>,20,2,[1 5],21,21,23,0,21
1,<environment.Job instance at 0x146bb6e7d0a0>,21,1,[1 5],22,23,24,1,23
1,<environment.Job instance at 0x146bb6cf5d70>,28,16,[2 6],29,46,62,17,33
1,<environment.Job instance at 0x146bb6cf56e0>,30,2,[1 9],31,62,64,31,35
1,<environment.Job instance at 0x146bb6ce20f0>,33,2,[7 1],34,37,39,3,37
1,<environment.Job instance at 0x146bb6cf5780>,29,2,[6 2],30,39,41,9,37
1,<environment.Job instance at 0x146bb6cf5af0>,31,1,[8 2],32,43,44,11,43
1,<environment.Job instance at 0x146bb6ce25a0>,36,2,[ 1 10],37,64,66,27,43
1,<environment.Job instance at 0x146bb6ce2140>,37,2,[2 7],38,66,68,28,43
1,<environment.Job instance at 0x146bb6ce2d70>,39,2,[8 2],40,50,52,10,50
1,<environment.Job instance at 0x146bb6ce2500>,41,17,[5 2],42,66,83,24,54
1,<environment.Job instance at 0x146bb6ce8500>,45,3,[1 5],46,68,71,22,61
1,<environment.Job instance at 0x146bb6ce85a0>,47,16,[1 7],48,71,87,23,64
1,<environment.Job instance at 0x146bb6ce81e0>,46,3,[2 8],47,87,90,40,65
1,<environment.Job instance at 0x146ba75faf50>,2,1,[1 5],3,6,7,3,6
1,<environment.Job instance at 0x146bb1904910>,7,3,[5 1],8,8,11,0,8
1,<environment.Job instance at 0x146ba75fadc0>,1,13,[2 8],2,10,23,8,10
1,<environment.Job instance at 0x146bb1904730>,8,17,[2 6],9,23,40,14,11
1,<environment.Job instance at 0x146bb1904050>,11,2,[1 9],12,40,42,28,16
1,<environment.Job instance at 0x146ba572b960>,15,3,[10  2],16,42,45,26,18
1,<environment.Job instance at 0x146ba572b410>,18,3,[1 8],19,45,48,26,19
1,<environment.Job instance at 0x146ba572b0a0>,20,1,[1 7],21,48,49,27,21
1,<environment.Job instance at 0x146ba572bb90>,17,2,[7 1],18,21,23,3,21
1,<environment.Job instance at 0x146ba2e18640>,25,1,[1 5],26,49,50,23,27
1,<environment.Job instance at 0x146ba2e181e0>,27,3,[9 1],28,45,48,17,28
1,<environment.Job instance at 0x146ba2e180a0>,28,3,[2 8],29,50,53,21,29
1,<environment.Job instance at 0x146ba36885f0>,33,2,[9 1],34,40,42,6,35
1,<environment.Job instance at 0x146ba3688230>,36,3,[8 1],37,37,40,0,37
1,<environment.Job instance at 0x146ba3688e60>,37,3,[2 5],38,53,56,15,38
1,<environment.Job instance at 0x146bb4c65050>,38,1,[1 7],39,56,57,17,39
1,<environment.Job instance at 0x146ba36882d0>,32,2,[2 9],33,57,59,24,42
1,<environment.Job instance at 0x146bb4c65c30>,43,3,[1 6],44,59,62,15,46
1,<environment.Job instance at 0x146bb4d88050>,46,2,[2 5],47,53,55,6,48
1,<environment.Job instance at 0x146bb4d88af0>,47,1,[1 7],48,62,63,14,48
1,<environment.Job instance at 0x146bb4d88fa0>,45,1,[2 9],46,63,64,17,49
1,<environment.Job instance at 0x146bb4c65500>,40,14,[2 5],41,64,78,23,54
1,<environment.Job instance at 0x146ba2e18320>,1,2,[ 2 10],2,3,5,1,3
1,<environment.Job instance at 0x146ba477a640>,0,1,[6 1],1,6,7,5,6
1,<environment.Job instance at 0x146ba3976b90>,5,1,[1 8],6,6,7,0,6
1,<environment.Job instance at 0x146bb0346640>,6,2,[1 6],7,7,9,0,7
1,<environment.Job instance at 0x146bb0346e10>,10,3,[1 9],11,11,14,0,11
1,<environment.Job instance at 0x146bb03463c0>,8,3,[ 1 10],9,14,17,5,12
1,<environment.Job instance at 0x146bb0346b40>,11,17,[1 7],12,17,34,5,16
1,<environment.Job instance at 0x146ba5f52dc0>,15,1,[1 9],16,34,35,18,16
1,<environment.Job instance at 0x146ba5f52820>,17,2,[7 2],18,19,21,1,19
1,<environment.Job instance at 0x146ba5f52f00>,19,2,[8 2],20,21,23,1,21
1,<environment.Job instance at 0x146bb0deb410>,26,1,[10  1],27,35,36,8,27
1,<environment.Job instance at 0x146bb0debb40>,25,15,[7 1],26,36,51,10,28
1,<environment.Job instance at 0x146bb0deb550>,27,3,[1 6],28,36,39,8,28
1,<environment.Job instance at 0x146ba5bc60f0>,30,1,[9 2],31,31,32,0,31
1,<environment.Job instance at 0x146ba5bc65a0>,32,15,[2 8],33,39,54,6,33
1,<environment.Job instance at 0x146bb184aeb0>,33,3,[10  2],34,54,57,20,34
1,<environment.Job instance at 0x146bb184a690>,34,2,[5 2],35,51,53,16,38
1,<environment.Job instance at 0x146bb184a550>,36,14,[5 2],37,57,71,20,47
1,<environment.Job instance at 0x146bb184ad20>,41,2,[1 5],42,57,59,15,47
1,<environment.Job instance at 0x146ba5942eb0>,43,3,[6 2],44,71,74,27,50
1,<environment.Job instance at 0x146ba5942be0>,46,2,[1 6],47,60,62,13,60
1,<environment.Job instance at 0x146ba59420f0>,48,1,[1 8],49,62,63,13,60
1,<environment.Job instance at 0x146ba5942af0>,47,3,[7 2],48,74,77,26,61
1,<environment.Job instance at 0x146ba74da050>,2,3,[6 1],3,4,7,1,4
1,<environment.Job instance at 0x146ba74dab40>,3,2,[1 6],4,5,7,1,5
1,<environment.Job instance at 0x146bb4c84cd0>,11,12,[2 6],12,13,25,1,13
1,<environment.Job instance at 0x146bb0c28e60>,7,2,[7 1],8,13,15,5,13
1,<environment.Job instance at 0x146bb4c84f00>,14,1,[1 7],15,25,26,10,15
1,<environment.Job instance at 0x146bb4c84500>,15,12,[6 2],16,16,28,0,16
1,<environment.Job instance at 0x146bb4c845f0>,12,3,[7 2],13,28,31,15,19
1,<environment.Job instance at 0x146bb4c840a0>,18,12,[6 1],19,31,43,12,20
1,<environment.Job instance at 0x146bb4c84870>,19,2,[5 1],20,43,45,23,22
1,<environment.Job instance at 0x146bb0c080a0>,24,13,[9 1],25,45,58,20,31
1,<environment.Job instance at 0x146bb4d93780>,28,3,[8 2],29,58,61,29,38
1,<environment.Job instance at 0x146bb4d93f00>,29,2,[ 1 10],30,61,63,31,38
1,<environment.Job instance at 0x146bb4d93aa0>,30,1,[8 1],31,63,64,32,38
1,<environment.Job instance at 0x146bb4d93190>,31,2,[1 8],32,39,41,7,39
1,<environment.Job instance at 0x146bb0c08730>,20,12,[8 1],21,64,76,43,50
1,<environment.Job instance at 0x146bb0c083c0>,26,18,[2 9],27,63,81,36,52
1,<environment.Job instance at 0x146bb11d8230>,46,3,[5 2],47,81,84,34,65
1,<environment.Job instance at 0x146bb11d8af0>,47,3,[1 7],48,81,84,33,80
1,<environment.Job instance at 0x146bb4d935f0>,32,24,[10  2],33,93,117,60,93
1,<environment.Job instance at 0x146bb0ea55f0>,3,2,[1 6],4,5,7,1,5
1,<environment.Job instance at 0x146bb0ea5c80>,4,3,[1 6],5,9,12,4,9
1,<environment.Job instance at 0x146bb0f41eb0>,9,1,[2 9],10,12,13,2,11
1,<environment.Job instance at 0x146bb0ea5190>,6,1,[ 2 10],7,13,14,6,11
1,<environment.Job instance at 0x146bb0f41dc0>,14,15,[7 2],15,15,30,0,15
1,<environment.Job instance at 0x146bb0f413c0>,7,1,[1 5],8,16,17,8,16
1,<environment.Job instance at 0x146bb0f411e0>,12,13,[10  1],13,30,43,17,19
1,<environment.Job instance at 0x146bb0b4feb0>,20,2,[8 2],21,43,45,22,21
1,<environment.Job instance at 0x146bb0f41b90>,11,2,[2 9],12,45,47,33,21
1,<environment.Job instance at 0x146bb0b4fd70>,19,2,[10  1],20,47,49,27,24
1,<environment.Job instance at 0x146ba40c2640>,26,2,[8 2],27,49,51,22,28
1,<environment.Job instance at 0x146bb0b31140>,27,3,[1 6],28,49,52,21,29
1,<environment.Job instance at 0x146ba4125690>,28,1,[7 1],29,45,46,16,29
1,<environment.Job instance at 0x146ba40c2460>,25,1,[1 5],26,29,30,3,29
1,<environment.Job instance at 0x146ba41250f0>,29,3,[9 1],30,51,54,21,30
1,<environment.Job instance at 0x146ba4125dc0>,34,15,[1 8],35,52,67,17,40
1,<environment.Job instance at 0x146ba4125f50>,37,2,[10  2],38,67,69,29,44
1,<environment.Job instance at 0x146bafe202d0>,40,2,[2 9],41,69,71,28,44
1,<environment.Job instance at 0x146bafe20640>,43,1,[1 7],44,71,72,27,47
1,<environment.Job instance at 0x146bafe20eb0>,44,1,[1 7],45,72,73,27,47
1,<environment.Job instance at 0x146bd27e08c0>,22,15,[ 2 10],23,73,88,50,59
1,<environment.Job instance at 0x146bafe20dc0>,4,12,[ 2 10],5,7,19,2,7
1,<environment.Job instance at 0x146ba3d8a3c0>,3,3,[1 9],4,19,22,15,7
1,<environment.Job instance at 0x146bafe20a00>,6,1,[2 8],7,22,23,15,9
1,<environment.Job instance at 0x146bb2173be0>,7,2,[2 7],8,23,25,15,10
1,<environment.Job instance at 0x146bb0cddaa0>,10,2,[5 1],11,19,21,8,17
1,<environment.Job instance at 0x146bb6fa7f50>,18,2,[9 2],19,25,27,6,20
1,<environment.Job instance at 0x146ba2d345f0>,20,13,[5 2],21,27,40,6,26
1,<environment.Job instance at 0x146ba3d2e140>,22,2,[5 2],23,28,30,5,28
1,<environment.Job instance at 0x146ba4dfda50>,24,17,[10  2],25,40,57,15,28
1,<environment.Job instance at 0x146bb4ca2c80>,28,2,[5 2],29,31,33,2,31
1,<environment.Job instance at 0x146ba669fd70>,23,1,[1 5],24,33,34,9,31
1,<environment.Job instance at 0x146bb23242d0>,25,3,[8 2],26,57,60,31,38
1,<environment.Job instance at 0x146ba3d2ec30>,27,16,[7 2],28,60,76,32,47
1,<environment.Job instance at 0x146bb233b460>,37,1,[7 2],38,76,77,38,53
1,<environment.Job instance at 0x146ba3800c80>,32,2,[1 6],33,58,60,25,58
1,<environment.Job instance at 0x146bb233baf0>,40,1,[7 1],41,77,78,36,58
1,<environment.Job instance at 0x146bb233be10>,41,3,[8 1],42,78,81,36,63
1,<environment.Job instance at 0x146bb6f56050>,48,2,[ 1 10],49,81,83,32,70
1,<environment.Job instance at 0x146ba45e6820>,46,20,[7 1],47,83,103,36,77
1,<environment.Job instance at 0x146ba3809820>,3,2,[10  1],4,5,7,1,5
1,<environment.Job instance at 0x146ba3809870>,2,1,[2 6],3,7,8,4,6
1,<environment.Job instance at 0x146ba3809690>,4,1,[1 8],5,8,9,3,7
1,<environment.Job instance at 0x146ba4be64b0>,9,17,[2 6],10,10,27,0,10
1,<environment.Job instance at 0x146ba4be67d0>,8,3,[6 2],9,10,13,1,10
1,<environment.Job instance at 0x146ba4be68c0>,10,1,[2 8],11,27,28,16,14
1,<environment.Job instance at 0x146ba5fee500>,14,1,[1 9],15,28,29,13,19
1,<environment.Job instance at 0x146ba304adc0>,18,15,[1 7],19,29,44,10,19
1,<environment.Job instance at 0x146ba304aaa0>,19,12,[6 2],20,29,41,9,20
1,<environment.Job instance at 0x146ba304acd0>,23,12,[1 8],24,44,56,20,28
1,<environment.Job instance at 0x146bb195b2d0>,28,2,[10  1],29,56,58,27,31
1,<environment.Job instance at 0x146bb195b690>,31,1,[1 7],32,58,59,26,33
1,<environment.Job instance at 0x146ba4f14870>,35,1,[10  1],36,59,60,23,38
1,<environment.Job instance at 0x146ba4f14f50>,37,2,[2 7],38,60,62,22,43
1,<environment.Job instance at 0x146ba4f14460>,38,3,[5 2],39,44,47,5,44
1,<environment.Job instance at 0x146ba529f2d0>,42,3,[6 1],43,47,50,4,44
1,<environment.Job instance at 0x146ba529f1e0>,43,13,[6 2],44,60,73,16,47
1,<environment.Job instance at 0x146ba66d9140>,48,2,[2 5],49,62,64,13,49
1,<environment.Job instance at 0x146ba66d94b0>,47,1,[1 7],48,64,65,16,52
1,<environment.Job instance at 0x146ba529f460>,41,22,[1 7],42,65,87,23,62
1,<environment.Job instance at 0x146bb1e9c500>,2,1,[2 8],3,5,6,2,5
1,<environment.Job instance at 0x146bb4baed70>,11,16,[1 7],12,16,32,4,16
1,<environment.Job instance at 0x146bb4bae780>,6,1,[7 2],7,17,18,10,17
1,<environment.Job instance at 0x146bb4bae690>,9,18,[ 1 10],10,32,50,22,22
1,<environment.Job instance at 0x146ba5d3c320>,20,3,[1 7],21,50,53,29,25
1,<environment.Job instance at 0x146ba4588640>,22,2,[7 1],23,28,30,5,28
1,<environment.Job instance at 0x146ba4588960>,25,1,[8 1],26,30,31,4,28
1,<environment.Job instance at 0x146ba4588320>,27,15,[10  1],28,53,68,25,46
1,<environment.Job instance at 0x146bb05160f0>,32,2,[2 7],33,68,70,35,50
1,<environment.Job instance at 0x146bb05161e0>,36,3,[10  1],37,70,73,33,52
1,<environment.Job instance at 0x146bb0516d20>,38,1,[8 1],39,68,69,29,58
1,<environment.Job instance at 0x146bb0516460>,42,3,[2 7],43,73,76,30,64
1,<environment.Job instance at 0x146bb0516af0>,45,12,[8 2],46,83,95,37,83
1,<environment.Job instance at 0x146bb195b140>,1,1,[10  2],2,3,4,1,3
1,<environment.Job instance at 0x146bb1b05e10>,2,2,[2 9],3,6,8,3,6
1,<environment.Job instance at 0x146ba4fccb40>,5,3,[ 1 10],6,8,11,2,7
1,<environment.Job instance at 0x146ba4fccf00>,7,18,[10  1],8,11,29,3,9
1,<environment.Job instance at 0x146ba4fcc640>,9,2,[7 1],10,29,31,19,11
1,<environment.Job instance at 0x146bb1727550>,8,2,[8 1],9,31,33,22,12
1,<environment.Job instance at 0x146ba4fccc80>,6,14,[2 9],7,29,43,22,16
1,<environment.Job instance at 0x146ba4c1c9b0>,20,3,[9 2],21,43,46,22,26
1,<environment.Job instance at 0x146ba4c1cd20>,21,14,[9 2],22,46,60,24,33
1,<environment.Job instance at 0x146ba4c1c5f0>,14,17,[1 7],15,43,60,28,40
1,<environment.Job instance at 0x146ba4fcd5f0>,29,12,[2 8],30,60,72,30,44
1,<environment.Job instance at 0x146ba4fcda00>,33,12,[8 2],34,60,72,26,54
1,<environment.Job instance at 0x146ba4fcdd20>,34,3,[5 1],35,72,75,37,54
1,<environment.Job instance at 0x146bb186db40>,35,12,[1 6],36,72,84,36,58
1,<environment.Job instance at 0x146bb186dc30>,37,3,[2 6],38,84,87,46,66
1,<environment.Job instance at 0x146bb186d780>,38,17,[8 2],39,75,92,36,72
1,<environment.Job instance at 0x146ba4d9f230>,43,1,[1 6],44,87,88,43,81
1,<environment.Job instance at 0x146ba4d9f7d0>,44,3,[1 7],45,88,91,43,81
1,<environment.Job instance at 0x146ba4d9f5f0>,46,1,[2 9],47,92,93,45,81
1,<environment.Job instance at 0x146ba4d9fc30>,47,3,[8 2],48,93,96,45,81
1,<environment.Job instance at 0x146ba4d9fd20>,42,18,[10  1],43,96,114,53,85
1,<environment.Job instance at 0x146bb08705f0>,0,2,[2 6],1,4,6,3,4
1,<environment.Job instance at 0x146bb0870d20>,3,1,[7 1],4,4,5,0,4
1,<environment.Job instance at 0x146bb0870f50>,5,2,[2 5],6,8,10,2,8
1,<environment.Job instance at 0x146ba2ee2320>,7,3,[6 2],8,8,11,0,8
1,<environment.Job instance at 0x146bb0870910>,2,1,[7 1],3,11,12,8,10
1,<environment.Job instance at 0x146ba2ee2370>,8,1,[2 8],9,12,13,3,12
1,<environment.Job instance at 0x146ba2ee2b90>,9,2,[10  2],10,13,15,3,12
1,<environment.Job instance at 0x146bcfc83370>,15,13,[6 1],16,16,29,0,16
1,<environment.Job instance at 0x146ba30cfdc0>,14,1,[10  1],15,29,30,14,16
1,<environment.Job instance at 0x146bb694f0a0>,17,2,[2 7],18,18,20,0,18
1,<environment.Job instance at 0x146bb4b4fc80>,18,14,[2 5],19,30,44,11,19
1,<environment.Job instance at 0x146bb6fcba00>,21,1,[1 9],22,44,45,22,29
1,<environment.Job instance at 0x146bb690a730>,25,15,[6 1],26,30,45,4,29
1,<environment.Job instance at 0x146bb690a9b0>,26,2,[1 5],27,45,47,18,29
1,<environment.Job instance at 0x146bb6caaf00>,24,13,[2 8],25,47,60,22,37
1,<environment.Job instance at 0x146ba30f14b0>,28,14,[ 2 10],29,60,74,31,45
1,<environment.Job instance at 0x146ba6b56d20>,33,1,[7 1],34,47,48,13,47
1,<environment.Job instance at 0x146ba59ef960>,34,1,[1 7],35,74,75,39,49
1,<environment.Job instance at 0x146bb6d117d0>,38,1,[6 2],39,54,55,15,54
1,<environment.Job instance at 0x146bb6935e60>,41,3,[ 1 10],42,75,78,33,55
1,<environment.Job instance at 0x146ba3e359b0>,40,3,[7 2],41,57,60,16,57
1,<environment.Job instance at 0x146bb6d46dc0>,48,1,[10  2],49,78,79,29,75
1,<environment.Job instance at 0x146bb6cf0640>,44,12,[1 8],45,79,91,34,77
1,<environment.Job instance at 0x146bb6cf0b90>,43,22,[2 9],44,91,113,47,85
1,<environment.Job instance at 0x146ba6cb1780>,4,2,[5 1],5,7,9,2,7
1,<environment.Job instance at 0x146ba5ad6fa0>,5,1,[8 1],6,9,10,3,7
1,<environment.Job instance at 0x146ba30f10a0>,3,2,[9 2],4,10,12,6,7
1,<environment.Job instance at 0x146bb25f3b90>,7,2,[5 1],8,12,14,4,11
1,<environment.Job instance at 0x146bb25f32d0>,11,3,[1 6],12,15,18,3,15
1,<environment.Job instance at 0x146bb25f3410>,10,13,[6 2],11,16,29,5,16
1,<environment.Job instance at 0x146ba646baa0>,15,2,[ 1 10],16,29,31,13,17
1,<environment.Job instance at 0x146ba57876e0>,12,2,[6 1],13,31,33,18,19
1,<environment.Job instance at 0x146ba6cd1050>,19,3,[5 1],20,33,36,13,20
1,<environment.Job instance at 0x146ba64847d0>,21,3,[2 7],22,22,25,0,22
1,<environment.Job instance at 0x146bd3ef9370>,23,13,[5 2],24,33,46,9,24
1,<environment.Job instance at 0x146ba6a67e10>,24,1,[2 9],25,31,32,6,27
1,<environment.Job instance at 0x146ba748e5f0>,28,2,[2 9],29,46,48,17,34
1,<environment.Job instance at 0x146ba49781e0>,31,15,[2 9],32,48,63,16,34
1,<environment.Job instance at 0x146ba4978be0>,32,2,[2 8],33,36,38,3,34
1,<environment.Job instance at 0x146ba6a67b90>,30,3,[10  1],31,63,66,32,40
1,<environment.Job instance at 0x146bb26eee10>,40,1,[ 1 10],41,66,67,25,43
1,<environment.Job instance at 0x146bb26ee280>,41,2,[2 5],42,67,69,25,51
1,<environment.Job instance at 0x146bb26ee190>,39,13,[10  2],40,69,82,29,56
1,<environment.Job instance at 0x146bb4acce60>,44,3,[7 2],45,82,85,37,59
1,<environment.Job instance at 0x146ba6d76410>,48,3,[2 8],49,82,85,33,75
1,<environment.Job instance at 0x146ba401e410>,18,18,[ 1 10],19,85,103,66,77
1,<environment.Job instance at 0x146ba6484b90>,3,12,[1 6],4,5,17,1,5
1,<environment.Job instance at 0x146ba6d05c30>,4,1,[ 2 10],5,17,18,12,6
1,<environment.Job instance at 0x146ba3cc4230>,5,1,[10  1],6,18,19,12,9
1,<environment.Job instance at 0x146ba3673370>,10,1,[7 1],11,12,13,1,12
1,<environment.Job instance at 0x146ba3cc4f00>,11,3,[8 1],12,13,16,1,12
1,<environment.Job instance at 0x146ba3cc4960>,7,3,[1 7],8,19,22,11,12
1,<environment.Job instance at 0x146ba3673f00>,13,1,[2 5],14,22,23,8,15
1,<environment.Job instance at 0x146ba5b4d960>,15,2,[10  2],16,23,25,7,16
1,<environment.Job instance at 0x146ba3673af0>,14,3,[1 8],15,25,28,10,16
1,<environment.Job instance at 0x146ba3673e10>,12,12,[10  2],13,28,40,15,17
1,<environment.Job instance at 0x146bb179f230>,17,2,[2 5],18,40,42,22,18
1,<environment.Job instance at 0x146bb202d320>,18,3,[8 2],19,20,23,1,20
1,<environment.Job instance at 0x146bb179f3c0>,19,2,[2 8],20,42,44,22,21
1,<environment.Job instance at 0x146bb12c3280>,25,2,[1 8],26,44,46,18,28
1,<environment.Job instance at 0x146bb021c690>,32,2,[7 1],33,45,47,12,45
1,<environment.Job instance at 0x146bb021c280>,34,2,[7 2],35,49,51,14,49
1,<environment.Job instance at 0x146bb0f5a9b0>,36,2,[2 9],37,52,54,15,52
1,<environment.Job instance at 0x146bcfd7d4b0>,35,3,[1 8],36,54,57,18,52
1,<environment.Job instance at 0x146bb0f5ae60>,37,18,[2 7],38,57,75,19,53
1,<environment.Job instance at 0x146bb0f5abe0>,38,3,[1 5],39,75,78,36,54
1,<environment.Job instance at 0x146ba587b870>,40,2,[2 6],41,78,80,37,54
1,<environment.Job instance at 0x146ba587b3c0>,42,1,[ 2 10],43,80,81,37,54
1,<environment.Job instance at 0x146bb275f640>,44,2,[9 1],45,75,77,30,56
1,<environment.Job instance at 0x146ba587b820>,41,1,[9 1],42,56,57,14,56
1,<environment.Job instance at 0x146bb275f730>,43,2,[9 1],44,81,83,37,61
1,<environment.Job instance at 0x146bb275f0f0>,45,3,[ 1 10],46,83,86,37,62
1,<environment.Job instance at 0x146ba515c5a0>,48,3,[8 1],49,62,65,13,62
1,<environment.Job instance at 0x146ba515c410>,47,2,[5 1],48,65,67,17,62
1,<environment.Job instance at 0x146ba35aee60>,3,1,[2 6],4,4,5,0,4
1,<environment.Job instance at 0x146ba35aeeb0>,4,2,[2 8],5,12,14,7,12
1,<environment.Job instance at 0x146ba3c5a8c0>,8,21,[ 2 10],9,14,35,5,13
1,<environment.Job instance at 0x146bb09bf230>,13,1,[9 1],14,35,36,21,14
1,<environment.Job instance at 0x146bb09bfa50>,14,1,[2 5],15,36,37,21,16
1,<environment.Job instance at 0x146ba4241140>,18,3,[8 2],19,36,39,17,20
1,<environment.Job instance at 0x146bafca1f50>,22,12,[7 2],23,39,51,16,25
1,<environment.Job instance at 0x146bb09bf640>,16,1,[8 2],17,51,52,34,27
1,<environment.Job instance at 0x146bafca1e10>,26,1,[ 2 10],27,52,53,25,27
1,<environment.Job instance at 0x146bafca1b40>,25,2,[2 6],26,37,39,11,27
1,<environment.Job instance at 0x146bafca12d0>,27,2,[9 2],28,53,55,25,30
1,<environment.Job instance at 0x146bafca1500>,31,1,[10  1],32,55,56,23,32
1,<environment.Job instance at 0x146bafca1550>,30,1,[7 2],31,56,57,25,33
1,<environment.Job instance at 0x146ba62165f0>,37,3,[6 2],38,57,60,19,39
1,<environment.Job instance at 0x146ba62166e0>,36,3,[1 6],37,42,45,5,42
1,<environment.Job instance at 0x146ba6216190>,35,16,[2 6],36,56,72,20,44
1,<environment.Job instance at 0x146bb21ef6e0>,40,13,[5 2],41,60,73,19,47
1,<environment.Job instance at 0x146bb21ef9b0>,41,3,[2 9],42,73,76,31,48
1,<environment.Job instance at 0x146ba62165a0>,38,1,[8 1],39,73,74,34,48
1,<environment.Job instance at 0x146bb21efb40>,42,18,[ 1 10],43,76,94,33,65
1,<environment.Job instance at 0x146bb21efb90>,46,3,[5 1],47,94,97,47,68
1,<environment.Job instance at 0x146bb21ef820>,47,2,[5 2],48,94,96,46,71
1,<environment.Job instance at 0x146bb21ef500>,48,3,[9 1],49,97,100,48,71
1,<environment.Job instance at 0x146ba4403910>,3,2,[8 2],4,4,6,0,4
1,<environment.Job instance at 0x146bb07495f0>,6,3,[10  2],7,9,12,2,9
1,<environment.Job instance at 0x146ba44032d0>,4,2,[ 2 10],5,12,14,7,11
1,<environment.Job instance at 0x146bb0749a00>,10,2,[ 2 10],11,14,16,3,13
1,<environment.Job instance at 0x146ba64a3820>,11,1,[ 1 10],12,16,17,4,14
1,<environment.Job instance at 0x146bb0749f00>,5,24,[ 1 10],6,17,41,11,15
1,<environment.Job instance at 0x146ba64a3690>,14,2,[5 2],15,41,43,26,15
1,<environment.Job instance at 0x146ba64a33c0>,16,3,[1 5],17,41,44,24,17
1,<environment.Job instance at 0x146ba64a3500>,18,1,[9 2],19,43,44,24,21
1,<environment.Job instance at 0x146bb1cd2140>,19,3,[1 6],20,44,47,24,23
1,<environment.Job instance at 0x146ba64a3370>,17,3,[6 2],18,44,47,26,27
1,<environment.Job instance at 0x146bb1cd26e0>,24,3,[5 2],25,47,50,22,32
1,<environment.Job instance at 0x146ba3747b40>,28,1,[7 1],29,50,51,21,34
1,<environment.Job instance at 0x146ba6261d70>,31,1,[5 1],32,47,48,15,34
1,<environment.Job instance at 0x146ba6261f50>,32,1,[9 2],33,51,52,18,37
1,<environment.Job instance at 0x146ba37477d0>,27,1,[7 2],28,52,53,24,37
1,<environment.Job instance at 0x146ba6261460>,35,1,[2 7],36,48,49,12,38
1,<environment.Job instance at 0x146ba3747280>,30,1,[1 5],31,49,50,18,40
1,<environment.Job instance at 0x146ba6261eb0>,38,15,[1 8],39,50,65,11,41
1,<environment.Job instance at 0x146ba5588190>,40,2,[2 8],41,65,67,24,41
1,<environment.Job instance at 0x146ba5588410>,41,2,[7 1],42,53,55,11,44
1,<environment.Job instance at 0x146ba5588640>,44,1,[2 5],45,67,68,22,50
1,<environment.Job instance at 0x146bd326cbe0>,47,3,[ 2 10],48,68,71,20,50
1,<environment.Job instance at 0x146bd326caa0>,48,2,[2 5],49,71,73,22,54
1,<environment.Job instance at 0x146ba54210f0>,0,14,[1 8],1,3,17,2,3
1,<environment.Job instance at 0x146ba54211e0>,2,2,[2 7],3,17,19,14,3
1,<environment.Job instance at 0x146ba5421f00>,4,18,[8 1],5,6,24,1,6
1,<environment.Job instance at 0x146bafd5db40>,6,3,[ 2 10],7,24,27,17,8
1,<environment.Job instance at 0x146bafd5d960>,10,2,[ 2 10],11,27,29,16,11
1,<environment.Job instance at 0x146bb0ecff00>,15,3,[ 2 10],16,29,32,13,17
1,<environment.Job instance at 0x146bb0ecf460>,17,2,[8 2],18,32,34,14,20
1,<environment.Job instance at 0x146bb0ecf7d0>,21,2,[ 1 10],22,34,36,12,22
1,<environment.Job instance at 0x146bb0ecfaf0>,18,2,[10  1],19,36,38,17,24
1,<environment.Job instance at 0x146bb4a88320>,24,1,[8 2],25,38,39,13,25
1,<environment.Job instance at 0x146ba662aeb0>,29,18,[1 9],30,39,57,9,32
1,<environment.Job instance at 0x146ba662a870>,30,3,[10  1],31,57,60,26,32
1,<environment.Job instance at 0x146ba662a230>,32,2,[2 5],33,60,62,27,36
1,<environment.Job instance at 0x146ba662a410>,34,2,[2 6],35,62,64,27,38
1,<environment.Job instance at 0x146ba662ae10>,36,12,[5 1],37,45,57,8,45
1,<environment.Job instance at 0x146bb1cd9780>,37,13,[1 7],38,64,77,26,52
1,<environment.Job instance at 0x146bb1cd91e0>,39,2,[8 2],40,60,62,20,52
1,<environment.Job instance at 0x146bb0d08910>,42,3,[7 1],43,62,65,19,58
1,<environment.Job instance at 0x146bb0d08780>,45,1,[9 2],46,65,66,19,63
1,<environment.Job instance at 0x146bb0ecf500>,22,22,[9 1],23,68,90,45,68
1,<environment.Job instance at 0x146bb1cd9730>,40,20,[1 9],41,77,97,36,68
1,<environment.Job instance at 0x146bb4d935f0>,3,17,[9 1],4,4,21,0,4
1,<environment.Job instance at 0x146bb4d93eb0>,2,14,[1 8],3,6,20,3,6
1,<environment.Job instance at 0x146bb4d93d20>,4,2,[10  2],5,21,23,16,7
1,<environment.Job instance at 0x146bb4d93f50>,6,3,[1 6],7,23,26,16,7
1,<environment.Job instance at 0x146bb4d931e0>,8,1,[1 9],9,20,21,11,10
1,<environment.Job instance at 0x146ba65da230>,9,1,[1 8],10,26,27,16,13
1,<environment.Job instance at 0x146ba65dabe0>,11,3,[1 8],12,27,30,15,14
1,<environment.Job instance at 0x146ba65da370>,10,3,[1 9],11,30,33,19,14
1,<environment.Job instance at 0x146ba65dae10>,14,2,[9 1],15,23,25,8,15
1,<environment.Job instance at 0x146bb4c9f5a0>,16,3,[7 1],17,25,28,8,19
1,<environment.Job instance at 0x146bb4c9fa50>,21,1,[1 5],22,33,34,11,24
1,<environment.Job instance at 0x146bb6c74fa0>,25,1,[8 2],26,28,29,2,27
1,<environment.Job instance at 0x146bb6c743c0>,33,2,[7 1],34,36,38,2,36
1,<environment.Job instance at 0x146bb6c74e60>,34,16,[1 6],35,41,57,6,41
1,<environment.Job instance at 0x146bb6d295f0>,36,2,[ 1 10],37,57,59,20,42
1,<environment.Job instance at 0x146bb6d293c0>,35,14,[9 1],36,42,56,6,42
1,<environment.Job instance at 0x146bb6d295a0>,38,12,[2 5],39,59,71,20,42
1,<environment.Job instance at 0x146bb6d29e10>,37,2,[2 7],38,71,73,33,44
1,<environment.Job instance at 0x146bb6d29f50>,39,2,[8 2],40,59,61,19,46
1,<environment.Job instance at 0x146bb7008820>,47,16,[1 7],48,73,89,25,62
1,<environment.Job instance at 0x146bb6d29c30>,41,17,[5 2],42,62,79,20,62
