iteration,job object,job ID,job Length,job ressource requirement,job enter time,job start time,job finish time,job waiting time,current time
1,<environment.Job instance at 0x15309f75e8c0>,2,1,[2 5],3,5,6,2,3
1,<environment.Job instance at 0x153097c03690>,4,2,[7 2],5,5,7,0,5
1,<environment.Job instance at 0x153097c03eb0>,5,3,[9 2],6,7,10,1,6
1,<environment.Job instance at 0x153095ede8c0>,0,2,[6 1],1,1,3,0,1
1,<environment.Job instance at 0x153084daf5f0>,2,2,[10  1],5,5,7,0,5
1,<environment.Job instance at 0x153084daf5a0>,3,3,[6 2],6,7,10,1,6
1,<environment.Job instance at 0x153084daf280>,5,3,[6 1],9,639,642,630,639
1,<environment.Job instance at 0x153084f61550>,0,2,[8 1],1,1,3,0,1
1,<environment.Job instance at 0x153084f61730>,3,1,[2 7],5,5,6,0,5
1,<environment.Job instance at 0x153084f61b90>,4,2,[2 7],6,6,8,0,6
1,<environment.Job instance at 0x153084f61050>,5,2,[2 7],7,8,10,1,7
1,<environment.Job instance at 0x153084f32b40>,0,3,[9 2],1,1,4,0,1
1,<environment.Job instance at 0x1530985de9b0>,1,1,[1 6],3,3,4,0,3
1,<environment.Job instance at 0x15309d6205a0>,2,1,[2 9],5,5,6,0,5
1,<environment.Job instance at 0x15309d620460>,3,16,[8 2],6,6,22,0,6
1,<environment.Job instance at 0x153097a48d70>,1,2,[9 1],2,2,4,0,2
1,<environment.Job instance at 0x153097a48370>,3,16,[2 5],4,4,20,0,4
1,<environment.Job instance at 0x153084c78cd0>,1,3,[1 9],2,2,5,0,2
1,<environment.Job instance at 0x153096c48550>,3,2,[ 2 10],4,5,7,1,4
1,<environment.Job instance at 0x153084ac2d70>,0,3,[6 2],3,3,6,0,3
1,<environment.Job instance at 0x153084b4ed70>,1,1,[1 6],4,4,5,0,4
1,<environment.Job instance at 0x153097af9fa0>,2,2,[2 5],5,5,7,0,5
1,<environment.Job instance at 0x153084b4eeb0>,4,3,[2 9],7,7,10,0,7
1,<environment.Job instance at 0x153097a69050>,6,14,[7 1],9,38,52,29,38
1,<environment.Job instance at 0x153084b320f0>,0,3,[ 2 10],1,1,4,0,1
1,<environment.Job instance at 0x153084dd3320>,3,2,[ 1 10],5,5,7,0,5
1,<environment.Job instance at 0x1530846db2d0>,5,2,[1 8],8,8,10,0,8
1,<environment.Job instance at 0x1530846db960>,0,2,[1 9],3,3,5,0,3
1,<environment.Job instance at 0x1530846db3c0>,1,1,[2 7],4,5,6,1,4
1,<environment.Job instance at 0x1530846db9b0>,2,1,[2 5],5,6,7,1,5
1,<environment.Job instance at 0x15309408b730>,2,13,[ 1 10],3,3,16,0,3
1,<environment.Job instance at 0x15309408bd70>,4,17,[1 9],6,16,33,10,6
1,<environment.Job instance at 0x15309f5e5280>,5,13,[2 9],7,33,46,26,17
1,<environment.Job instance at 0x153084e39cd0>,2,18,[1 8],3,3,21,0,3
1,<environment.Job instance at 0x153084f56f00>,5,3,[ 2 10],9,109,112,100,109
1,<environment.Job instance at 0x153084f5d370>,1,3,[5 2],3,3,6,0,3
1,<environment.Job instance at 0x15308490d690>,4,1,[1 6],6,6,7,0,6
1,<environment.Job instance at 0x153097c03a50>,0,3,[1 9],1,1,4,0,1
1,<environment.Job instance at 0x153097c03c80>,1,2,[7 2],2,4,6,2,2
1,<environment.Job instance at 0x153084751550>,1,3,[ 2 10],3,3,6,0,3
1,<environment.Job instance at 0x153084751a00>,2,2,[1 9],5,6,8,1,5
1,<environment.Job instance at 0x153084751e10>,3,19,[ 1 10],5,5,24,0,5
1,<environment.Job instance at 0x153084751690>,2,3,[ 2 10],4,4,7,0,4
1,<environment.Job instance at 0x153084875730>,5,2,[8 2],8,8,10,0,8
1,<environment.Job instance at 0x1530848756e0>,6,3,[8 1],9,10,13,1,9
1,<environment.Job instance at 0x153084e94500>,0,3,[6 1],1,1,4,0,1
1,<environment.Job instance at 0x153084e94640>,2,22,[2 9],4,4,26,0,4
1,<environment.Job instance at 0x1530846d82d0>,2,1,[9 1],8,8,9,0,8
1,<environment.Job instance at 0x1530846d8550>,3,12,[1 5],9,9,21,0,9
1,<environment.Job instance at 0x1530846d8690>,1,2,[8 1],3,3,5,0,3
1,<environment.Job instance at 0x15308448ccd0>,3,2,[1 5],6,6,8,0,6
1,<environment.Job instance at 0x153084f30140>,5,2,[10  2],8,8,10,0,8
1,<environment.Job instance at 0x15309852d280>,1,2,[7 2],4,4,6,0,4
1,<environment.Job instance at 0x1530985375a0>,2,2,[2 5],5,5,7,0,5
1,<environment.Job instance at 0x1530984dfe60>,6,2,[5 2],9,9,11,0,9
1,<environment.Job instance at 0x1530848aba00>,1,14,[6 1],2,2,16,0,2
1,<environment.Job instance at 0x1530984df410>,2,15,[2 8],3,3,18,0,3
1,<environment.Job instance at 0x1530988088c0>,5,2,[6 2],7,24,26,17,24
1,<environment.Job instance at 0x1530842b7e10>,4,1,[7 1],7,46,47,39,46
1,<environment.Job instance at 0x153084283e10>,0,3,[1 7],1,1,4,0,1
1,<environment.Job instance at 0x153084283e10>,2,2,[10  1],4,4,6,0,4
1,<environment.Job instance at 0x1530846546e0>,3,3,[2 7],5,6,9,1,5
1,<environment.Job instance at 0x153084613e10>,5,1,[2 5],9,9,10,0,9
1,<environment.Job instance at 0x15308460d820>,2,3,[ 2 10],6,6,9,0,6
1,<environment.Job instance at 0x15308460d3c0>,4,2,[2 5],9,9,11,0,9
1,<environment.Job instance at 0x153098884d20>,5,3,[1 9],7,7,10,0,7
1,<environment.Job instance at 0x153098884050>,6,1,[6 1],8,8,9,0,8
1,<environment.Job instance at 0x153098884c80>,7,3,[5 1],9,9,12,0,9
1,<environment.Job instance at 0x1530985b4e60>,1,14,[10  2],7,7,21,0,7
1,<environment.Job instance at 0x153084982780>,2,22,[2 9],7,7,29,0,7
1,<environment.Job instance at 0x153096c47730>,0,2,[9 2],2,2,4,0,2
1,<environment.Job instance at 0x1530849828c0>,2,2,[8 2],5,5,7,0,5
1,<environment.Job instance at 0x1530961c58c0>,1,2,[7 1],3,4,6,1,4
1,<environment.Job instance at 0x1530961c5f00>,3,16,[2 8],6,6,22,0,6
1,<environment.Job instance at 0x1530961c5d70>,4,16,[1 6],7,22,38,15,9
1,<environment.Job instance at 0x1530845172d0>,3,3,[10  2],5,5,8,0,5
1,<environment.Job instance at 0x153084517d20>,5,3,[9 1],9,9,12,0,9
1,<environment.Job instance at 0x153096417910>,1,16,[1 5],3,13,29,10,13
1,<environment.Job instance at 0x15309611b3c0>,0,2,[6 1],1,1,3,0,1
1,<environment.Job instance at 0x15309611b230>,2,12,[8 2],4,4,16,0,4
1,<environment.Job instance at 0x15309611b820>,2,14,[1 9],3,3,17,0,3
1,<environment.Job instance at 0x15309b9ce690>,3,3,[6 1],6,14,17,8,14
1,<environment.Job instance at 0x153084f89dc0>,1,3,[8 1],2,2,5,0,2
1,<environment.Job instance at 0x153084f898c0>,2,3,[8 1],6,6,9,0,6
1,<environment.Job instance at 0x153084389aa0>,3,1,[10  1],7,9,10,2,7
1,<environment.Job instance at 0x153084389c30>,4,27,[1 7],8,10,37,2,8
1,<environment.Job instance at 0x153084775820>,3,2,[1 9],5,5,7,0,5
1,<environment.Job instance at 0x153084775640>,5,1,[1 8],9,9,10,0,9
1,<environment.Job instance at 0x15308484b140>,1,2,[8 2],2,2,4,0,2
1,<environment.Job instance at 0x153084437a00>,3,3,[10  1],5,5,8,0,5
1,<environment.Job instance at 0x153084437e10>,6,25,[1 9],8,8,33,0,8
1,<environment.Job instance at 0x153097a21e60>,0,2,[1 5],2,2,4,0,2
1,<environment.Job instance at 0x153097a21d70>,3,1,[8 2],5,5,6,0,5
1,<environment.Job instance at 0x153097a21960>,5,23,[2 9],8,8,31,0,8
1,<environment.Job instance at 0x1530960eaf50>,3,2,[1 8],4,215,217,211,215
1,<environment.Job instance at 0x1530940d83c0>,0,1,[2 8],1,1,2,0,1
1,<environment.Job instance at 0x1530960ea690>,1,3,[5 1],2,2,5,0,2
1,<environment.Job instance at 0x1530940d8140>,4,3,[ 1 10],7,7,10,0,7
1,<environment.Job instance at 0x1530940d8550>,6,19,[5 2],9,10,29,1,9
1,<environment.Job instance at 0x153097ae60f0>,1,3,[10  2],2,2,5,0,2
1,<environment.Job instance at 0x1530847bc3c0>,4,3,[1 7],6,6,9,0,6
1,<environment.Job instance at 0x1530979911e0>,1,1,[6 2],2,2,3,0,2
1,<environment.Job instance at 0x153084ae7aa0>,2,2,[1 5],3,3,5,0,3
1,<environment.Job instance at 0x153084c38d70>,3,1,[1 7],4,5,6,1,4
1,<environment.Job instance at 0x1530961bd280>,4,3,[2 7],5,6,9,1,5
1,<environment.Job instance at 0x1530961bd870>,5,2,[1 5],6,9,11,3,6
1,<environment.Job instance at 0x153097ae6230>,7,1,[2 5],9,9,10,0,9
1,<environment.Job instance at 0x153084365b90>,3,3,[1 7],6,6,9,0,6
1,<environment.Job instance at 0x153084365640>,6,17,[9 1],9,12,29,3,12
1,<environment.Job instance at 0x153084b65140>,3,2,[2 6],4,4,6,0,4
1,<environment.Job instance at 0x15309ebf63c0>,2,12,[9 2],3,6,18,3,4
1,<environment.Job instance at 0x15309ebf6640>,7,16,[ 2 10],8,18,34,10,8
1,<environment.Job instance at 0x153096c48500>,1,2,[7 2],3,3,5,0,3
1,<environment.Job instance at 0x15309881ce60>,2,1,[ 2 10],3,3,4,0,3
1,<environment.Job instance at 0x15309d5dfaa0>,3,2,[10  2],5,5,7,0,5
1,<environment.Job instance at 0x153095edddc0>,4,3,[7 1],9,9,12,0,9
1,<environment.Job instance at 0x153095eae320>,1,16,[10  1],2,2,18,0,2
1,<environment.Job instance at 0x1530846ccaf0>,0,3,[6 1],2,2,5,0,2
1,<environment.Job instance at 0x1530846cc4b0>,1,3,[8 1],3,5,8,2,3
1,<environment.Job instance at 0x1530846ccaa0>,2,2,[7 1],5,8,10,3,5
1,<environment.Job instance at 0x1530846ccfa0>,4,1,[1 8],8,8,9,0,8
1,<environment.Job instance at 0x15309ed89500>,1,3,[5 2],3,3,6,0,3
1,<environment.Job instance at 0x153084d766e0>,4,3,[8 1],6,6,9,0,6
1,<environment.Job instance at 0x15309ed89320>,5,3,[2 6],9,9,12,0,9
1,<environment.Job instance at 0x153084500c80>,2,3,[2 9],7,7,10,0,7
1,<environment.Job instance at 0x153084500d20>,4,1,[5 2],9,20,21,11,20
1,<environment.Job instance at 0x1530845db370>,1,2,[ 1 10],3,3,5,0,3
1,<environment.Job instance at 0x153084500d20>,3,3,[10  2],6,6,9,0,6
1,<environment.Job instance at 0x1530978c4870>,1,2,[6 2],5,5,7,0,5
1,<environment.Job instance at 0x1530844ef640>,3,3,[10  2],8,8,11,0,8
1,<environment.Job instance at 0x1530843eae60>,0,3,[5 1],2,2,5,0,2
1,<environment.Job instance at 0x153084418c80>,2,2,[7 2],4,5,7,1,4
1,<environment.Job instance at 0x1530843ea1e0>,4,3,[9 1],6,613,616,607,613
1,<environment.Job instance at 0x153084418280>,1,2,[6 1],3,3,5,0,3
1,<environment.Job instance at 0x153084418dc0>,3,3,[9 2],6,6,9,0,6
1,<environment.Job instance at 0x1530961bd8c0>,0,2,[2 9],1,1,3,0,1
1,<environment.Job instance at 0x153084418230>,2,1,[5 1],7,11,12,4,11
1,<environment.Job instance at 0x153084be60a0>,0,2,[1 8],1,1,3,0,1
1,<environment.Job instance at 0x15309cc36500>,4,2,[8 2],9,9,11,0,9
1,<environment.Job instance at 0x153084306780>,1,2,[8 1],4,4,6,0,4
1,<environment.Job instance at 0x15309857bc80>,3,2,[9 1],6,6,8,0,6
1,<environment.Job instance at 0x15309857b4b0>,4,1,[ 2 10],7,8,9,1,7
1,<environment.Job instance at 0x15309857b6e0>,1,3,[10  1],2,2,5,0,2
1,<environment.Job instance at 0x15309857b4b0>,5,27,[10  1],6,21,48,15,21
1,<environment.Job instance at 0x15309407d7d0>,1,3,[6 2],4,4,7,0,4
1,<environment.Job instance at 0x153097968c80>,3,2,[2 8],4,4,6,0,4
1,<environment.Job instance at 0x153084521190>,4,2,[5 1],5,5,7,0,5
1,<environment.Job instance at 0x153097b7b6e0>,1,3,[7 1],2,2,5,0,2
1,<environment.Job instance at 0x153084521190>,2,3,[7 2],3,5,8,2,3
1,<environment.Job instance at 0x15309cd1a5a0>,4,12,[2 6],7,7,19,0,7
1,<environment.Job instance at 0x15309cd1a5f0>,5,1,[9 1],9,36,37,27,36
1,<environment.Job instance at 0x1530979e1a00>,1,16,[8 1],4,4,20,0,4
1,<environment.Job instance at 0x153097bd8230>,0,1,[10  2],1,1,2,0,1
1,<environment.Job instance at 0x15309ccd17d0>,1,2,[7 2],2,2,4,0,2
1,<environment.Job instance at 0x153097a480a0>,3,3,[1 5],4,4,7,0,4
1,<environment.Job instance at 0x1530842b7b40>,4,12,[2 9],6,7,19,1,6
1,<environment.Job instance at 0x153084e42cd0>,5,3,[9 2],7,19,22,12,7
1,<environment.Job instance at 0x153084e42be0>,6,13,[1 9],8,22,35,14,8
1,<environment.Job instance at 0x153084d84640>,7,2,[1 8],9,36,38,27,36
1,<environment.Job instance at 0x153084d804b0>,3,17,[2 9],5,5,22,0,5
1,<environment.Job instance at 0x1530846b7550>,3,3,[5 2],6,6,9,0,6
1,<environment.Job instance at 0x153097b9cc30>,2,17,[10  1],4,4,21,0,4
1,<environment.Job instance at 0x153084b86640>,6,21,[2 5],9,21,42,12,13
1,<environment.Job instance at 0x153084b865a0>,1,3,[ 2 10],4,4,7,0,4
1,<environment.Job instance at 0x153084b865f0>,2,1,[10  2],6,7,8,1,6
1,<environment.Job instance at 0x1530987fe050>,4,14,[2 5],8,8,22,0,8
1,<environment.Job instance at 0x1530987fecd0>,5,1,[6 2],9,38,39,29,38
1,<environment.Job instance at 0x153097b2b050>,1,17,[2 5],2,2,19,0,2
1,<environment.Job instance at 0x153097a55b40>,5,2,[5 1],7,7,9,0,7
1,<environment.Job instance at 0x153098833410>,4,3,[2 6],6,6,9,0,6
1,<environment.Job instance at 0x153098833e10>,5,2,[9 1],7,9,11,2,7
1,<environment.Job instance at 0x153084cbe500>,0,2,[9 2],1,1,3,0,1
1,<environment.Job instance at 0x153084cbe050>,2,2,[ 1 10],3,3,5,0,3
1,<environment.Job instance at 0x15309cc36050>,0,2,[10  2],1,1,3,0,1
1,<environment.Job instance at 0x153095c6f3c0>,2,25,[ 1 10],4,4,29,0,4
1,<environment.Job instance at 0x15309cc36dc0>,4,14,[2 9],6,29,43,23,14
1,<environment.Job instance at 0x153095c7ce60>,1,1,[5 1],2,2,3,0,2
1,<environment.Job instance at 0x153095c7ccd0>,3,3,[5 2],4,5,8,1,5
1,<environment.Job instance at 0x153095c7ceb0>,5,3,[1 5],6,6,9,0,6
1,<environment.Job instance at 0x153095c7cb90>,6,2,[2 5],8,8,10,0,8
1,<environment.Job instance at 0x153097b30230>,1,15,[ 2 10],2,2,17,0,2
1,<environment.Job instance at 0x153084d76fa0>,1,15,[2 9],2,2,17,0,2
1,<environment.Job instance at 0x153097b462d0>,2,2,[10  1],3,17,19,14,3
1,<environment.Job instance at 0x153084961fa0>,5,16,[6 2],7,27,43,20,27
1,<environment.Job instance at 0x1530849595f0>,1,1,[8 1],3,3,4,0,3
1,<environment.Job instance at 0x1530849596e0>,2,1,[5 1],5,5,6,0,5
1,<environment.Job instance at 0x153084ca3a50>,3,2,[7 2],6,6,8,0,6
1,<environment.Job instance at 0x15308485d0f0>,0,3,[7 2],1,1,4,0,1
1,<environment.Job instance at 0x153084ca3820>,1,1,[6 1],3,4,5,1,3
1,<environment.Job instance at 0x153097b01640>,3,17,[1 7],6,6,23,0,6
1,<environment.Job instance at 0x15309b9b3e60>,0,2,[7 2],1,1,3,0,1
1,<environment.Job instance at 0x15309b9b3370>,3,27,[5 1],6,6,33,0,6
1,<environment.Job instance at 0x15309cc16a00>,1,2,[10  2],3,3,5,0,3
1,<environment.Job instance at 0x153084c764b0>,4,2,[2 7],9,9,11,0,9
1,<environment.Job instance at 0x153084c766e0>,1,12,[5 2],3,3,15,0,3
1,<environment.Job instance at 0x153084f79730>,4,2,[ 2 10],8,15,17,7,8
1,<environment.Job instance at 0x15309f729550>,5,3,[9 2],9,17,20,8,9
1,<environment.Job instance at 0x153084e452d0>,3,1,[10  1],7,7,8,0,7
1,<environment.Job instance at 0x153095c5b5a0>,0,3,[6 2],2,2,5,0,2
1,<environment.Job instance at 0x153095c5b050>,2,15,[2 5],5,5,20,0,5
1,<environment.Job instance at 0x153084410640>,0,3,[9 2],1,1,4,0,1
1,<environment.Job instance at 0x153084410050>,1,1,[6 2],3,4,5,1,3
1,<environment.Job instance at 0x15309ec00320>,2,2,[ 1 10],4,5,7,1,4
1,<environment.Job instance at 0x15309ec009b0>,3,2,[2 7],5,7,9,2,5
1,<environment.Job instance at 0x15309ec004b0>,4,3,[9 2],7,9,12,2,7
1,<environment.Job instance at 0x1530963ecf50>,1,2,[8 2],6,6,8,0,6
1,<environment.Job instance at 0x1530963ec1e0>,2,17,[1 6],7,7,24,0,7
1,<environment.Job instance at 0x1530985c0640>,3,1,[6 2],7,7,8,0,7
1,<environment.Job instance at 0x1530985c0730>,4,2,[2 6],8,10,12,2,10
1,<environment.Job instance at 0x15308481a370>,1,13,[8 1],2,2,15,0,2
1,<environment.Job instance at 0x1530844da640>,2,2,[6 2],4,4,6,0,4
1,<environment.Job instance at 0x153097b621e0>,3,3,[9 1],5,6,9,1,5
1,<environment.Job instance at 0x153097b62730>,5,14,[ 2 10],7,9,23,2,8
1,<environment.Job instance at 0x153097b62960>,6,14,[9 2],8,28,42,20,28
1,<environment.Job instance at 0x15309ebc5c80>,1,3,[5 2],2,2,5,0,2
1,<environment.Job instance at 0x153097978a50>,2,1,[5 2],3,3,4,0,3
1,<environment.Job instance at 0x153084deee10>,0,2,[2 6],1,1,3,0,1
1,<environment.Job instance at 0x153084dee9b0>,3,2,[1 7],5,5,7,0,5
1,<environment.Job instance at 0x1530845fedc0>,6,13,[2 5],8,8,21,0,8
1,<environment.Job instance at 0x1530845fd320>,7,2,[1 8],9,32,34,23,32
1,<environment.Job instance at 0x1530845fd9b0>,0,2,[9 2],3,3,5,0,3
1,<environment.Job instance at 0x15309ccaaf00>,0,3,[1 8],1,1,4,0,1
1,<environment.Job instance at 0x15309ccaaa50>,1,2,[5 2],3,3,5,0,3
1,<environment.Job instance at 0x153084c3d690>,2,2,[7 2],4,5,7,1,4
1,<environment.Job instance at 0x153084c3d6e0>,3,2,[5 2],6,7,9,1,6
1,<environment.Job instance at 0x1530961b6370>,2,1,[6 2],4,4,5,0,4
1,<environment.Job instance at 0x153097b6c2d0>,3,1,[6 1],5,5,6,0,5
1,<environment.Job instance at 0x153098593fa0>,4,3,[1 6],6,6,9,0,6
1,<environment.Job instance at 0x1530849511e0>,0,2,[1 7],1,1,3,0,1
1,<environment.Job instance at 0x153084951aa0>,2,2,[6 2],3,3,5,0,3
1,<environment.Job instance at 0x153084951910>,4,2,[5 2],7,7,9,0,7
1,<environment.Job instance at 0x1530849514b0>,6,16,[9 2],9,9,25,0,9
1,<environment.Job instance at 0x15309e76a230>,1,3,[5 2],2,2,5,0,2
1,<environment.Job instance at 0x1530849514b0>,2,1,[2 6],3,3,4,0,3
1,<environment.Job instance at 0x15309e76a780>,3,2,[10  2],4,5,7,1,4
1,<environment.Job instance at 0x153084f906e0>,1,1,[2 5],2,2,3,0,2
1,<environment.Job instance at 0x153084f90f00>,3,14,[8 2],5,5,19,0,5
1,<environment.Job instance at 0x153097999fa0>,1,27,[1 9],2,2,29,0,2
1,<environment.Job instance at 0x153097999460>,4,1,[10  2],5,33,34,28,33
1,<environment.Job instance at 0x153097bdbbe0>,3,3,[2 6],6,20,23,14,20
1,<environment.Job instance at 0x153095c8fb40>,0,3,[8 2],1,1,4,0,1
1,<environment.Job instance at 0x153097bdb780>,2,3,[2 8],3,3,6,0,3
1,<environment.Job instance at 0x153084c83f00>,3,2,[7 1],4,4,6,0,4
1,<environment.Job instance at 0x153084c83050>,5,1,[1 7],8,8,9,0,8
1,<environment.Job instance at 0x153084ded5f0>,1,2,[5 1],3,3,5,0,3
1,<environment.Job instance at 0x153094043aa0>,2,2,[ 2 10],4,5,7,1,4
1,<environment.Job instance at 0x1530940435f0>,3,3,[5 1],5,7,10,2,5
1,<environment.Job instance at 0x1530847aac30>,1,2,[ 2 10],3,3,5,0,3
1,<environment.Job instance at 0x153094043a00>,2,3,[9 1],4,5,8,1,4
1,<environment.Job instance at 0x1530979ebcd0>,6,3,[ 2 10],9,9,12,0,9
1,<environment.Job instance at 0x1530846b9050>,0,3,[6 2],1,1,4,0,1
1,<environment.Job instance at 0x15308436a6e0>,3,2,[ 2 10],4,4,6,0,4
1,<environment.Job instance at 0x1530846bdc80>,6,2,[10  2],8,8,10,0,8
1,<environment.Job instance at 0x153084d894b0>,1,3,[2 5],2,3,6,1,3
1,<environment.Job instance at 0x1530846b9370>,2,1,[5 1],3,149,150,146,149
1,<environment.Job instance at 0x1530847110a0>,0,2,[7 2],1,1,3,0,1
1,<environment.Job instance at 0x153084e6a6e0>,3,1,[2 8],7,7,8,0,7
1,<environment.Job instance at 0x153084e6a410>,4,3,[2 7],8,8,11,0,8
1,<environment.Job instance at 0x1530940d0050>,1,2,[1 7],2,5,7,3,5
1,<environment.Job instance at 0x1530940d0730>,5,3,[2 9],6,7,10,1,6
1,<environment.Job instance at 0x1530940d0eb0>,6,17,[1 8],8,10,27,2,8
1,<environment.Job instance at 0x1530848e4370>,0,2,[1 8],2,2,4,0,2
1,<environment.Job instance at 0x1530979064b0>,6,2,[2 6],9,9,11,0,9
1,<environment.Job instance at 0x15308471c3c0>,1,2,[2 6],2,2,4,0,2
1,<environment.Job instance at 0x15308471c9b0>,4,2,[8 2],6,6,8,0,6
1,<environment.Job instance at 0x1530843e5be0>,3,3,[1 6],4,11,14,7,11
1,<environment.Job instance at 0x1530845a15a0>,1,1,[10  1],2,13,14,11,13
1,<environment.Job instance at 0x1530845a1230>,6,2,[5 1],7,2799,2801,2792,2799
1,<environment.Job instance at 0x153098501410>,0,3,[1 9],1,1,4,0,1
1,<environment.Job instance at 0x1530845a1b40>,1,3,[6 1],2,2,5,0,2
1,<environment.Job instance at 0x15309858bc30>,1,2,[2 5],2,2,4,0,2
1,<environment.Job instance at 0x15309858b050>,2,3,[9 1],3,4,7,1,3
1,<environment.Job instance at 0x1530848f4f00>,4,1,[5 1],5,7,8,2,5
1,<environment.Job instance at 0x1530848f45a0>,5,12,[ 1 10],6,8,20,2,6
1,<environment.Job instance at 0x153084c568c0>,2,3,[2 7],3,3,6,0,3
1,<environment.Job instance at 0x153084d3d4b0>,3,2,[8 2],5,5,7,0,5
1,<environment.Job instance at 0x15309cf43910>,4,2,[2 9],7,7,9,0,7
1,<environment.Job instance at 0x15309cf43eb0>,6,15,[1 7],9,9,24,0,9
1,<environment.Job instance at 0x15309ebfe280>,3,3,[8 1],6,6,9,0,6
1,<environment.Job instance at 0x15309ebfe780>,1,2,[2 6],2,2,4,0,2
1,<environment.Job instance at 0x15309ebfe870>,2,1,[1 5],3,4,5,1,3
1,<environment.Job instance at 0x15309db293c0>,3,3,[7 2],5,5,8,0,5
1,<environment.Job instance at 0x153097bef280>,1,3,[7 2],3,8,11,5,8
1,<environment.Job instance at 0x1530843760a0>,0,1,[1 5],2,2,3,0,2
1,<environment.Job instance at 0x1530843d5780>,1,2,[2 8],3,3,5,0,3
1,<environment.Job instance at 0x153097bef0a0>,3,3,[2 5],7,7,10,0,7
1,<environment.Job instance at 0x15308477fd20>,0,2,[2 6],2,2,4,0,2
1,<environment.Job instance at 0x1530940dfe60>,1,2,[6 2],3,3,5,0,3
1,<environment.Job instance at 0x1530940df050>,3,1,[10  1],8,8,9,0,8
1,<environment.Job instance at 0x15309ec6de10>,4,3,[10  1],9,9,12,0,9
1,<environment.Job instance at 0x15309cc68190>,1,2,[10  2],2,2,4,0,2
1,<environment.Job instance at 0x153084b86410>,6,1,[7 1],7,9,10,2,9
1,<environment.Job instance at 0x153084c568c0>,1,2,[8 1],2,2,4,0,2
1,<environment.Job instance at 0x153084c56140>,2,1,[6 2],3,4,5,1,3
1,<environment.Job instance at 0x153084c560a0>,4,1,[2 5],6,6,7,0,6
1,<environment.Job instance at 0x153084652d20>,5,3,[10  2],9,9,12,0,9
1,<environment.Job instance at 0x153084652d20>,2,3,[9 1],4,4,7,0,4
1,<environment.Job instance at 0x1530960e5730>,6,3,[2 8],9,9,12,0,9
1,<environment.Job instance at 0x1530847b1820>,1,1,[8 2],2,2,3,0,2
1,<environment.Job instance at 0x1530847b1aa0>,2,2,[2 6],3,3,5,0,3
1,<environment.Job instance at 0x1530847b11e0>,3,3,[1 9],4,5,8,1,4
1,<environment.Job instance at 0x15309e76d3c0>,4,2,[1 7],6,8,10,2,6
1,<environment.Job instance at 0x1530847b1550>,6,2,[6 1],8,8,10,0,8
1,<environment.Job instance at 0x1530847b1b40>,7,1,[5 1],9,10,11,1,9
1,<environment.Job instance at 0x15308469a230>,0,2,[7 1],2,2,4,0,2
1,<environment.Job instance at 0x1530978f2f00>,3,3,[1 7],7,7,10,0,7
1,<environment.Job instance at 0x15309cc3b5a0>,4,14,[2 5],9,10,24,1,9
1,<environment.Job instance at 0x153097900500>,1,2,[6 1],5,5,7,0,5
1,<environment.Job instance at 0x153097b7f870>,3,1,[10  2],7,7,8,0,7
1,<environment.Job instance at 0x153097b7f230>,4,3,[2 9],8,8,11,0,8
1,<environment.Job instance at 0x153084dedb90>,1,19,[9 1],2,2,21,0,2
1,<environment.Job instance at 0x153094049af0>,0,3,[9 2],1,1,4,0,1
1,<environment.Job instance at 0x1530988e8c30>,1,2,[1 6],8,8,10,0,8
1,<environment.Job instance at 0x15308442ec30>,0,2,[2 8],2,2,4,0,2
1,<environment.Job instance at 0x15308442e960>,2,2,[2 6],6,6,8,0,6
1,<environment.Job instance at 0x15308442e140>,3,3,[6 2],8,8,11,0,8
1,<environment.Job instance at 0x15308442e370>,4,12,[2 9],9,11,23,2,9
1,<environment.Job instance at 0x1530849ea5f0>,0,3,[9 1],1,1,4,0,1
1,<environment.Job instance at 0x15309f5f6910>,3,18,[ 1 10],5,5,23,0,5
1,<environment.Job instance at 0x15309884a7d0>,1,3,[1 6],3,3,6,0,3
1,<environment.Job instance at 0x153084ef9640>,1,2,[1 6],4,4,6,0,4
1,<environment.Job instance at 0x153084ef9960>,2,1,[2 5],5,6,7,1,5
1,<environment.Job instance at 0x1530849f8b90>,0,2,[1 6],1,1,3,0,1
1,<environment.Job instance at 0x1530849f8870>,2,1,[6 1],3,5,6,2,5
1,<environment.Job instance at 0x1530849f8b40>,4,1,[6 1],6,6,7,0,6
1,<environment.Job instance at 0x1530979aff00>,5,1,[2 9],7,7,8,0,7
1,<environment.Job instance at 0x1530979af820>,6,1,[1 5],8,8,9,0,8
1,<environment.Job instance at 0x1530979b80a0>,1,3,[10  2],3,3,6,0,3
1,<environment.Job instance at 0x1530979af370>,1,1,[8 1],2,2,3,0,2
1,<environment.Job instance at 0x15309d5ff2d0>,3,1,[1 8],4,4,5,0,4
1,<environment.Job instance at 0x153084b02050>,4,12,[7 2],5,5,17,0,5
1,<environment.Job instance at 0x153097ac4be0>,1,2,[1 9],2,2,4,0,2
1,<environment.Job instance at 0x153098879f00>,3,3,[1 8],6,6,9,0,6
1,<environment.Job instance at 0x153098879230>,5,2,[2 8],8,9,11,1,8
1,<environment.Job instance at 0x15309ccdf140>,6,3,[1 7],9,11,14,2,9
1,<environment.Job instance at 0x153084eb2f00>,1,2,[8 1],2,2,4,0,2
1,<environment.Job instance at 0x153084eb27d0>,3,1,[10  1],4,4,5,0,4
1,<environment.Job instance at 0x1530940575a0>,4,2,[8 2],6,6,8,0,6
1,<environment.Job instance at 0x1530940570a0>,5,23,[1 6],7,7,30,0,7
1,<environment.Job instance at 0x153094057b90>,6,3,[6 1],8,8,11,0,8
1,<environment.Job instance at 0x153097bd8dc0>,0,3,[2 8],2,2,5,0,2
1,<environment.Job instance at 0x153097b14820>,1,2,[1 7],2,2,4,0,2
1,<environment.Job instance at 0x15309e76a820>,2,2,[1 6],3,4,6,1,3
1,<environment.Job instance at 0x153097b14730>,4,1,[2 7],6,6,7,0,6
1,<environment.Job instance at 0x15309e76af50>,5,3,[8 2],7,7,10,0,7
1,<environment.Job instance at 0x153084699a00>,0,3,[1 8],2,2,5,0,2
1,<environment.Job instance at 0x153084fd75a0>,1,2,[2 8],5,5,7,0,5
1,<environment.Job instance at 0x153084fd7960>,3,15,[10  1],8,8,23,0,8
1,<environment.Job instance at 0x153084fd7b40>,1,3,[8 1],2,2,5,0,2
1,<environment.Job instance at 0x1530845dc5f0>,3,2,[2 5],4,4,6,0,4
1,<environment.Job instance at 0x153097ba1aa0>,4,13,[2 7],5,6,19,1,5
1,<environment.Job instance at 0x153084fd7960>,6,1,[9 2],7,29,30,22,29
1,<environment.Job instance at 0x153097bb0910>,0,3,[ 2 10],1,1,4,0,1
1,<environment.Job instance at 0x153097bb0870>,2,13,[1 7],4,4,17,0,4
1,<environment.Job instance at 0x153084fc7910>,3,16,[5 1],5,96,112,91,96
1,<environment.Job instance at 0x1530848b4370>,1,1,[6 1],2,2,3,0,2
1,<environment.Job instance at 0x153097af0370>,3,16,[2 9],4,4,20,0,4
1,<environment.Job instance at 0x153084d99190>,2,21,[1 5],4,4,25,0,4
1,<environment.Job instance at 0x153084f61c30>,3,2,[2 8],5,25,27,20,5
1,<environment.Job instance at 0x153084f61280>,5,15,[1 5],7,7,22,0,7
1,<environment.Job instance at 0x153097b2aeb0>,1,2,[9 1],3,3,5,0,3
1,<environment.Job instance at 0x153097b2a780>,3,3,[10  2],5,5,8,0,5
1,<environment.Job instance at 0x153097a5b820>,4,1,[6 1],8,8,9,0,8
1,<environment.Job instance at 0x153097a5b640>,5,3,[10  1],9,9,12,0,9
1,<environment.Job instance at 0x153084b340f0>,1,2,[7 1],2,2,4,0,2
1,<environment.Job instance at 0x153084bfab40>,2,3,[10  1],3,4,7,1,3
1,<environment.Job instance at 0x1530984948c0>,3,1,[6 1],4,7,8,3,5
1,<environment.Job instance at 0x153097b62780>,5,1,[2 7],6,7,8,1,6
1,<environment.Job instance at 0x153097b62dc0>,6,3,[7 1],7,8,11,1,7
1,<environment.Job instance at 0x153095c61280>,7,1,[8 2],8,11,12,3,9
1,<environment.Job instance at 0x153084807910>,1,2,[8 2],2,2,4,0,2
1,<environment.Job instance at 0x153095c61a50>,3,3,[10  1],5,5,8,0,5
1,<environment.Job instance at 0x153084a2c780>,4,14,[6 1],7,8,22,1,7
1,<environment.Job instance at 0x1530984707d0>,1,1,[5 2],2,2,3,0,2
1,<environment.Job instance at 0x153084295410>,5,3,[2 7],9,9,12,0,9
1,<environment.Job instance at 0x153096126c80>,0,3,[10  2],2,2,5,0,2
1,<environment.Job instance at 0x153096126230>,2,12,[6 1],4,4,16,0,4
1,<environment.Job instance at 0x153084c86eb0>,4,3,[6 2],6,16,19,10,6
1,<environment.Job instance at 0x153084c86f00>,7,2,[7 2],9,28,30,19,28
1,<environment.Job instance at 0x153084c89be0>,1,3,[2 5],2,2,5,0,2
1,<environment.Job instance at 0x153097bd93c0>,1,2,[7 1],2,2,4,0,2
1,<environment.Job instance at 0x1530978a75a0>,2,2,[10  1],3,4,6,1,3
1,<environment.Job instance at 0x153097b961e0>,3,2,[2 8],5,5,7,0,5
1,<environment.Job instance at 0x153097b96be0>,4,2,[8 1],6,6,8,0,6
1,<environment.Job instance at 0x153096138280>,0,3,[2 9],2,2,5,0,2
1,<environment.Job instance at 0x153096138b40>,1,2,[10  2],3,5,7,2,3
1,<environment.Job instance at 0x1530961385a0>,3,3,[ 1 10],6,7,10,1,6
1,<environment.Job instance at 0x1530961382d0>,4,1,[9 2],7,10,11,3,7
1,<environment.Job instance at 0x15309cc36410>,5,1,[7 2],8,11,12,3,9
1,<environment.Job instance at 0x1530844e7820>,0,2,[1 7],3,3,5,0,3
1,<environment.Job instance at 0x1530848a65f0>,1,2,[2 6],4,5,7,1,4
1,<environment.Job instance at 0x1530844e7dc0>,2,3,[6 1],6,6,9,0,6
1,<environment.Job instance at 0x1530848a6b90>,4,2,[5 1],9,9,11,0,9
1,<environment.Job instance at 0x1530844e76e0>,1,18,[2 7],2,2,20,0,2
1,<environment.Job instance at 0x153097b3ecd0>,3,15,[ 2 10],5,20,35,15,6
1,<environment.Job instance at 0x15309882ccd0>,5,3,[1 6],7,35,38,28,9
1,<environment.Job instance at 0x1530848a6b90>,4,3,[10  2],6,38,41,32,29
1,<environment.Job instance at 0x1530988137d0>,0,2,[5 2],1,1,3,0,1
1,<environment.Job instance at 0x153098813730>,2,2,[1 5],3,3,5,0,3
1,<environment.Job instance at 0x1530987f5690>,4,1,[10  1],5,5,6,0,5
1,<environment.Job instance at 0x15309881f2d0>,5,3,[1 7],7,7,10,0,7
1,<environment.Job instance at 0x153084d5abe0>,0,1,[6 1],1,1,2,0,1
1,<environment.Job instance at 0x153084d5a730>,2,2,[1 8],3,3,5,0,3
1,<environment.Job instance at 0x153084d5a410>,1,16,[1 7],3,3,19,0,3
1,<environment.Job instance at 0x1530940e65a0>,2,12,[2 8],3,3,15,0,3
1,<environment.Job instance at 0x1530985cc820>,4,3,[8 2],5,5,8,0,5
1,<environment.Job instance at 0x153084d75050>,3,2,[10  1],4,35,37,31,35
1,<environment.Job instance at 0x15308486fe60>,0,2,[1 6],1,1,3,0,1
1,<environment.Job instance at 0x15308486fbe0>,2,3,[10  1],4,8,11,4,8
1,<environment.Job instance at 0x15308471f370>,0,2,[6 1],1,1,3,0,1
1,<environment.Job instance at 0x15308471fa00>,3,3,[9 1],6,6,9,0,6
1,<environment.Job instance at 0x1530849f1460>,1,3,[8 1],2,2,5,0,2
1,<environment.Job instance at 0x153097b10d70>,2,2,[8 1],3,5,7,2,3
1,<environment.Job instance at 0x15309ebd91e0>,5,1,[6 1],6,7,8,1,6
1,<environment.Job instance at 0x15309ebd9b90>,6,3,[6 2],7,8,11,1,7
1,<environment.Job instance at 0x1530844fc780>,7,3,[6 1],8,11,14,3,8
1,<environment.Job instance at 0x153096126fa0>,0,1,[8 2],1,1,2,0,1
1,<environment.Job instance at 0x1530844fc780>,2,2,[8 2],5,7,9,2,7
1,<environment.Job instance at 0x153084d49050>,0,1,[1 5],1,1,2,0,1
1,<environment.Job instance at 0x153084d9e8c0>,1,1,[8 1],2,2,3,0,2
1,<environment.Job instance at 0x153084e8ac80>,2,2,[8 2],3,3,5,0,3
1,<environment.Job instance at 0x153084e8aaf0>,5,3,[1 5],6,6,9,0,6
1,<environment.Job instance at 0x153084d9ee10>,6,1,[1 5],8,8,9,0,8
1,<environment.Job instance at 0x15308485caf0>,1,3,[1 7],3,3,6,0,3
1,<environment.Job instance at 0x153084e8aeb0>,2,3,[7 1],4,4,7,0,4
1,<environment.Job instance at 0x1530848035a0>,1,3,[2 6],3,3,6,0,3
1,<environment.Job instance at 0x1530844da050>,5,2,[8 1],8,8,10,0,8
1,<environment.Job instance at 0x1530844da9b0>,6,3,[9 1],9,10,13,1,9
1,<environment.Job instance at 0x15309d6a78c0>,3,13,[ 2 10],7,7,20,0,7
1,<environment.Job instance at 0x153095edbd70>,1,1,[8 2],2,2,3,0,2
1,<environment.Job instance at 0x153097a077d0>,2,2,[7 1],3,3,5,0,3
1,<environment.Job instance at 0x153097a07e60>,4,2,[2 8],5,5,7,0,5
1,<environment.Job instance at 0x15309e796aa0>,5,3,[7 1],6,6,9,0,6
1,<environment.Job instance at 0x15309e796a50>,6,3,[8 2],7,9,12,2,7
1,<environment.Job instance at 0x153097a070a0>,7,2,[10  1],9,12,14,3,9
1,<environment.Job instance at 0x153084af4320>,2,16,[8 2],6,6,22,0,6
1,<environment.Job instance at 0x15309e796320>,3,3,[1 5],7,46,49,39,46
1,<environment.Job instance at 0x153084a0ad20>,3,3,[9 2],5,5,8,0,5
1,<environment.Job instance at 0x153084a0ae10>,2,12,[9 1],3,8,20,5,6
1,<environment.Job instance at 0x1530985524b0>,5,2,[6 2],7,20,22,13,7
1,<environment.Job instance at 0x15309ebc5e60>,0,2,[8 1],1,1,3,0,1
1,<environment.Job instance at 0x153095ec2a00>,4,3,[2 5],5,107,110,102,107
1,<environment.Job instance at 0x153084653eb0>,3,1,[5 1],4,4,5,0,4
1,<environment.Job instance at 0x1530846ca230>,4,3,[5 2],5,5,8,0,5
1,<environment.Job instance at 0x153084653af0>,5,17,[6 2],9,9,26,0,9
1,<environment.Job instance at 0x15309d627f50>,1,2,[8 2],2,2,4,0,2
1,<environment.Job instance at 0x153084c48960>,2,1,[5 1],3,7,8,4,7
1,<environment.Job instance at 0x15309ccf3960>,0,1,[9 1],3,3,4,0,3
1,<environment.Job instance at 0x15309ccf39b0>,1,2,[9 1],4,4,6,0,4
1,<environment.Job instance at 0x15309d5ede60>,2,2,[6 2],5,6,8,1,5
1,<environment.Job instance at 0x15309d5ed640>,3,2,[2 9],7,8,10,1,7
1,<environment.Job instance at 0x15309d61bcd0>,4,25,[2 8],6,6,31,0,6
1,<environment.Job instance at 0x153084f47f50>,1,3,[1 6],4,4,7,0,4
1,<environment.Job instance at 0x153084f47eb0>,2,3,[2 6],5,7,10,2,5
1,<environment.Job instance at 0x1530843a2320>,3,3,[2 5],6,10,13,4,6
1,<environment.Job instance at 0x153084a901e0>,1,1,[6 1],2,2,3,0,2
1,<environment.Job instance at 0x1530985790a0>,3,3,[7 1],4,4,7,0,4
1,<environment.Job instance at 0x153098579550>,4,2,[2 5],5,5,7,0,5
1,<environment.Job instance at 0x153098579a50>,5,2,[1 5],6,7,9,1,6
1,<environment.Job instance at 0x153098579690>,6,2,[7 1],7,7,9,0,7
1,<environment.Job instance at 0x153098579230>,8,3,[7 2],9,9,12,0,9
1,<environment.Job instance at 0x153098579c30>,0,2,[7 2],2,2,4,0,2
1,<environment.Job instance at 0x1530985795f0>,4,2,[9 1],6,6,8,0,6
1,<environment.Job instance at 0x1530846b5820>,5,1,[2 8],7,8,9,1,7
1,<environment.Job instance at 0x15309ebd9e10>,6,3,[2 7],8,9,12,1,8
1,<environment.Job instance at 0x1530846b5fa0>,7,23,[1 8],9,12,35,3,9
1,<environment.Job instance at 0x153084b56b90>,0,1,[5 2],1,1,2,0,1
1,<environment.Job instance at 0x15309b9bab90>,1,1,[9 1],2,2,3,0,2
1,<environment.Job instance at 0x1530979cd0a0>,4,18,[1 7],6,6,24,0,6
1,<environment.Job instance at 0x153084443d70>,5,16,[9 2],7,44,60,37,44
1,<environment.Job instance at 0x153084433960>,1,1,[10  1],4,4,5,0,4
1,<environment.Job instance at 0x153084433050>,2,1,[7 1],5,5,6,0,5
1,<environment.Job instance at 0x153084467320>,3,2,[10  1],6,6,8,0,6
1,<environment.Job instance at 0x153084467e60>,5,3,[6 2],8,8,11,0,8
1,<environment.Job instance at 0x1530940625f0>,1,2,[5 1],3,3,5,0,3
1,<environment.Job instance at 0x153094062320>,4,3,[1 9],8,13,16,5,13
1,<environment.Job instance at 0x15308491ee60>,1,3,[6 1],3,5,8,2,5
1,<environment.Job instance at 0x153094062320>,4,2,[9 1],6,8,10,2,6
1,<environment.Job instance at 0x1530843671e0>,0,2,[6 2],1,1,3,0,1
1,<environment.Job instance at 0x15308479b0f0>,3,3,[6 2],4,4,7,0,4
1,<environment.Job instance at 0x153084367c80>,4,3,[5 2],6,7,10,1,6
1,<environment.Job instance at 0x153095ed9aa0>,0,2,[2 8],1,1,3,0,1
1,<environment.Job instance at 0x1530961a4230>,5,2,[10  1],9,9,11,0,9
1,<environment.Job instance at 0x1530961aea00>,0,2,[7 1],2,2,4,0,2
1,<environment.Job instance at 0x1530961aeb90>,1,2,[ 1 10],5,5,7,0,5
1,<environment.Job instance at 0x15309cbfff50>,3,3,[1 9],8,8,11,0,8
1,<environment.Job instance at 0x1530843ea8c0>,1,2,[ 1 10],4,4,6,0,4
1,<environment.Job instance at 0x1530849a6230>,3,1,[1 6],6,6,7,0,6
1,<environment.Job instance at 0x153084b07c80>,0,3,[1 5],2,2,5,0,2
1,<environment.Job instance at 0x153097b824b0>,5,14,[1 7],8,8,22,0,8
1,<environment.Job instance at 0x153084f61190>,4,3,[1 5],7,50,53,43,50
1,<environment.Job instance at 0x153097b829b0>,1,1,[2 9],2,2,3,0,2
1,<environment.Job instance at 0x15308424a910>,2,3,[6 2],4,4,7,0,4
1,<environment.Job instance at 0x1530961ad820>,0,3,[8 2],2,2,5,0,2
1,<environment.Job instance at 0x1530846e9dc0>,2,2,[2 6],4,4,6,0,4
1,<environment.Job instance at 0x1530845d6050>,4,3,[1 6],6,6,9,0,6
1,<environment.Job instance at 0x1530846e9960>,5,1,[8 1],7,7,8,0,7
1,<environment.Job instance at 0x15309613ab90>,6,1,[6 1],8,8,9,0,8
1,<environment.Job instance at 0x1530846e9640>,1,3,[10  2],6,6,9,0,6
1,<environment.Job instance at 0x153084596230>,0,2,[9 1],1,1,3,0,1
1,<environment.Job instance at 0x153084596640>,0,3,[5 2],1,1,4,0,1
1,<environment.Job instance at 0x153084d84140>,3,1,[9 1],5,5,6,0,5
1,<environment.Job instance at 0x153084d84a00>,4,2,[1 7],7,7,9,0,7
1,<environment.Job instance at 0x153097b1a410>,2,3,[2 9],4,4,7,0,4
1,<environment.Job instance at 0x1530848b9190>,5,2,[5 1],7,70,72,63,70
1,<environment.Job instance at 0x153084b85dc0>,2,15,[1 5],5,5,20,0,5
1,<environment.Job instance at 0x153084b85050>,3,2,[2 9],6,20,22,14,6
1,<environment.Job instance at 0x153084b859b0>,4,2,[6 2],7,7,9,0,7
1,<environment.Job instance at 0x153084b85280>,6,2,[1 6],9,22,24,13,9
1,<environment.Job instance at 0x153084b94230>,0,1,[2 8],1,1,2,0,1
1,<environment.Job instance at 0x153084b85280>,1,2,[10  1],2,2,4,0,2
1,<environment.Job instance at 0x153084b85b40>,2,2,[7 1],3,4,6,1,3
1,<environment.Job instance at 0x153097937af0>,1,3,[2 9],2,2,5,0,2
1,<environment.Job instance at 0x15308490a3c0>,0,2,[5 1],3,3,5,0,3
1,<environment.Job instance at 0x15308490ab90>,1,1,[2 5],4,4,5,0,4
1,<environment.Job instance at 0x15308490a820>,3,17,[1 6],6,6,23,0,6
1,<environment.Job instance at 0x15308490a230>,1,3,[9 1],4,8,11,4,8
1,<environment.Job instance at 0x153084f6de60>,2,14,[1 6],4,6,20,2,6
1,<environment.Job instance at 0x153097b3fc80>,0,1,[9 1],1,1,2,0,1
1,<environment.Job instance at 0x153084954370>,1,3,[1 7],2,2,5,0,2
1,<environment.Job instance at 0x153097b3f050>,2,2,[1 8],3,5,7,2,3
1,<environment.Job instance at 0x1530849547d0>,4,3,[5 1],6,6,9,0,6
1,<environment.Job instance at 0x153097b3f500>,5,3,[9 2],7,9,12,2,7
1,<environment.Job instance at 0x153097b3f780>,7,24,[ 1 10],9,12,36,3,9
1,<environment.Job instance at 0x153097ab5820>,1,3,[5 2],2,2,5,0,2
1,<environment.Job instance at 0x15308433d870>,3,3,[6 2],4,5,8,1,4
1,<environment.Job instance at 0x15309d6d3d70>,5,2,[2 5],8,45,47,37,45
1,<environment.Job instance at 0x1530985ab870>,2,17,[2 8],4,4,21,0,4
1,<environment.Job instance at 0x153097ab5780>,3,1,[2 7],5,21,22,16,5
1,<environment.Job instance at 0x153084201dc0>,5,3,[ 2 10],7,32,35,25,32
1,<environment.Job instance at 0x1530842af690>,0,3,[7 1],1,1,4,0,1
1,<environment.Job instance at 0x1530842afa50>,3,3,[2 9],4,4,7,0,4
1,<environment.Job instance at 0x15309617a500>,5,18,[2 8],6,7,25,1,6
1,<environment.Job instance at 0x15309611c5a0>,2,2,[9 1],5,7,9,2,7
1,<environment.Job instance at 0x153084467870>,1,3,[1 8],3,3,6,0,3
1,<environment.Job instance at 0x1530848c25a0>,2,3,[2 9],7,7,10,0,7
1,<environment.Job instance at 0x153084467640>,3,1,[8 2],9,10,11,1,9
1,<environment.Job instance at 0x153099b57e10>,0,3,[7 1],1,1,4,0,1
1,<environment.Job instance at 0x15309cc92960>,1,3,[ 2 10],4,4,7,0,4
1,<environment.Job instance at 0x153099b57050>,2,3,[7 2],6,7,10,1,6
1,<environment.Job instance at 0x1530845a45f0>,3,3,[9 2],8,10,13,2,8
1,<environment.Job instance at 0x15309e7a0f00>,3,2,[2 5],4,4,6,0,4
1,<environment.Job instance at 0x1530849cffa0>,4,3,[1 8],5,6,9,1,5
1,<environment.Job instance at 0x153097ae3e60>,5,1,[10  2],6,9,10,3,6
1,<environment.Job instance at 0x1530961122d0>,0,3,[9 2],1,1,4,0,1
1,<environment.Job instance at 0x15309d5a7500>,2,1,[2 6],5,5,6,0,5
1,<environment.Job instance at 0x153084b4ff50>,3,2,[1 8],6,6,8,0,6
1,<environment.Job instance at 0x153084b4f0f0>,4,1,[8 2],8,8,9,0,8
1,<environment.Job instance at 0x153084b4f0a0>,5,13,[1 9],9,9,22,0,9
1,<environment.Job instance at 0x15308479b5a0>,0,2,[2 8],1,1,3,0,1
1,<environment.Job instance at 0x15308479beb0>,1,2,[7 2],2,2,4,0,2
1,<environment.Job instance at 0x153084b4f230>,2,21,[2 6],4,4,25,0,4
1,<environment.Job instance at 0x153096413eb0>,4,13,[6 2],6,6,19,0,6
1,<environment.Job instance at 0x15309641a8c0>,1,14,[2 8],3,3,17,0,3
1,<environment.Job instance at 0x15309641a0f0>,2,1,[6 2],5,218,219,213,218
1,<environment.Job instance at 0x15309888d780>,0,2,[ 1 10],1,1,3,0,1
1,<environment.Job instance at 0x153084f4ef50>,3,13,[9 1],4,4,17,0,4
1,<environment.Job instance at 0x153097898460>,6,2,[8 2],7,17,19,10,16
1,<environment.Job instance at 0x15309d5ac320>,0,3,[6 1],2,2,5,0,2
1,<environment.Job instance at 0x15308475be10>,2,2,[ 2 10],4,5,7,1,4
1,<environment.Job instance at 0x153096c5e280>,2,16,[8 1],7,8,24,1,8
1,<environment.Job instance at 0x15308478f2d0>,0,1,[2 5],1,1,2,0,1
1,<environment.Job instance at 0x153097b24af0>,1,2,[5 1],2,2,4,0,2
1,<environment.Job instance at 0x153097b24690>,4,12,[1 7],6,6,18,0,6
1,<environment.Job instance at 0x15308429ea00>,0,2,[7 1],1,1,3,0,1
1,<environment.Job instance at 0x153084b9fcd0>,2,2,[6 2],4,4,6,0,4
1,<environment.Job instance at 0x1530843576e0>,0,3,[8 1],1,1,4,0,1
1,<environment.Job instance at 0x153084b9fcd0>,2,3,[8 2],5,5,8,0,5
1,<environment.Job instance at 0x153084357fa0>,3,2,[8 1],7,8,10,1,7
1,<environment.Job instance at 0x153084d35550>,5,1,[1 6],9,9,10,0,9
1,<environment.Job instance at 0x153084d355a0>,1,1,[10  1],4,4,5,0,4
1,<environment.Job instance at 0x15309cc489b0>,3,2,[9 1],6,6,8,0,6
1,<environment.Job instance at 0x153084d35550>,5,12,[7 1],8,8,20,0,8
1,<environment.Job instance at 0x15309cc485f0>,6,3,[10  1],9,20,23,11,9
1,<environment.Job instance at 0x153084d35730>,0,2,[2 8],2,2,4,0,2
1,<environment.Job instance at 0x1530940ed6e0>,5,17,[1 8],8,8,25,0,8
1,<environment.Job instance at 0x1530845d9910>,1,3,[1 7],3,3,6,0,3
1,<environment.Job instance at 0x1530984eab90>,2,2,[6 2],5,5,7,0,5
1,<environment.Job instance at 0x1530940cd190>,3,3,[1 6],6,6,9,0,6
1,<environment.Job instance at 0x1530940cd280>,5,3,[ 2 10],8,9,12,1,8
1,<environment.Job instance at 0x1530940cda00>,6,3,[6 2],9,12,15,3,11
1,<environment.Job instance at 0x153084ef0b90>,0,1,[9 2],3,3,4,0,3
1,<environment.Job instance at 0x15309cc32f00>,0,3,[6 2],1,1,4,0,1
1,<environment.Job instance at 0x15308455fa50>,2,2,[5 2],3,4,6,1,3
1,<environment.Job instance at 0x153084994eb0>,5,3,[7 1],6,6,9,0,6
1,<environment.Job instance at 0x153084994e10>,6,1,[6 1],8,9,10,1,8
1,<environment.Job instance at 0x1530849a18c0>,2,1,[8 1],5,5,6,0,5
1,<environment.Job instance at 0x15309610f6e0>,3,3,[5 1],6,6,9,0,6
1,<environment.Job instance at 0x15309610f1e0>,4,1,[2 5],7,9,10,2,9
1,<environment.Job instance at 0x15308455f6e0>,3,2,[2 9],5,5,7,0,5
1,<environment.Job instance at 0x15308455f0a0>,4,3,[9 1],6,7,10,1,6
1,<environment.Job instance at 0x15308455f230>,6,1,[1 6],8,8,9,0,8
1,<environment.Job instance at 0x1530979211e0>,0,2,[2 7],1,1,3,0,1
1,<environment.Job instance at 0x153084384230>,2,1,[10  2],4,4,5,0,4
1,<environment.Job instance at 0x1530843f7d20>,3,2,[ 1 10],7,7,9,0,7
1,<environment.Job instance at 0x1530843f7fa0>,2,19,[ 1 10],5,5,24,0,5
1,<environment.Job instance at 0x1530843863c0>,3,1,[2 6],6,64,65,58,64
1,<environment.Job instance at 0x153084cb8b40>,2,2,[1 9],3,3,5,0,3
1,<environment.Job instance at 0x15309cf73870>,3,1,[5 1],4,4,5,0,4
1,<environment.Job instance at 0x15309408fcd0>,4,3,[6 2],6,6,9,0,6
1,<environment.Job instance at 0x15309cf73a00>,5,2,[2 7],7,7,9,0,7
1,<environment.Job instance at 0x153097b7f140>,0,2,[1 6],1,1,3,0,1
1,<environment.Job instance at 0x153097b7ff00>,1,1,[9 1],4,4,5,0,4
1,<environment.Job instance at 0x15309e78d0f0>,4,3,[8 2],7,7,10,0,7
1,<environment.Job instance at 0x1530845a4960>,5,3,[1 7],8,8,11,0,8
1,<environment.Job instance at 0x1530845a4af0>,6,2,[9 2],9,10,12,1,9
1,<environment.Job instance at 0x15309d6a19b0>,2,1,[1 9],3,3,4,0,3
1,<environment.Job instance at 0x153097b7fa00>,4,3,[5 1],5,31,34,26,31
1,<environment.Job instance at 0x153084954eb0>,7,2,[ 1 10],8,8,10,0,8
1,<environment.Job instance at 0x153084dfaaf0>,3,2,[1 6],4,10,12,6,9
1,<environment.Job instance at 0x1530849540a0>,8,18,[1 6],9,12,30,3,9
1,<environment.Job instance at 0x1530842ab410>,0,3,[9 2],1,1,4,0,1
1,<environment.Job instance at 0x153084dfa870>,2,13,[5 1],4,6,19,2,6
1,<environment.Job instance at 0x15309d62b230>,5,3,[ 2 10],7,43,46,36,43
1,<environment.Job instance at 0x15309d62b9b0>,1,2,[2 9],2,5,7,3,5
1,<environment.Job instance at 0x15309d62b230>,5,3,[2 6],6,7,10,1,6
1,<environment.Job instance at 0x15309cd325f0>,6,3,[6 2],8,10,13,2,10
1,<environment.Job instance at 0x15309cd32eb0>,1,2,[2 7],3,3,5,0,3
1,<environment.Job instance at 0x153084dc1190>,2,1,[2 7],4,5,6,1,4
1,<environment.Job instance at 0x1530844f6c30>,3,2,[5 1],5,5,7,0,5
1,<environment.Job instance at 0x15308499ff00>,1,2,[8 2],4,4,6,0,4
1,<environment.Job instance at 0x153095c5ecd0>,2,3,[9 2],5,6,9,1,5
1,<environment.Job instance at 0x1530844058c0>,2,18,[1 6],4,4,22,0,4
1,<environment.Job instance at 0x153084f9deb0>,6,1,[10  2],8,22,23,14,8
1,<environment.Job instance at 0x153099b491e0>,3,13,[ 2 10],5,5,18,0,5
1,<environment.Job instance at 0x153095c6f7d0>,2,3,[2 6],3,3,6,0,3
1,<environment.Job instance at 0x153099b49b90>,3,3,[8 1],4,4,7,0,4
1,<environment.Job instance at 0x153084bebaf0>,4,1,[6 1],5,7,8,2,5
1,<environment.Job instance at 0x153084bebb90>,5,3,[6 1],6,8,11,2,6
1,<environment.Job instance at 0x153084bebb40>,6,3,[9 1],7,11,14,4,7
1,<environment.Job instance at 0x153084bebc30>,7,3,[2 9],8,8,11,0,8
1,<environment.Job instance at 0x1530846a9dc0>,2,2,[5 2],5,15,17,10,15
1,<environment.Job instance at 0x1530979934b0>,0,2,[1 6],1,1,3,0,1
1,<environment.Job instance at 0x15309cc9a280>,3,3,[2 9],4,4,7,0,4
1,<environment.Job instance at 0x1530846a97d0>,4,3,[9 1],7,7,10,0,7
1,<environment.Job instance at 0x15309cc9ad20>,5,1,[5 1],8,10,11,2,8
1,<environment.Job instance at 0x1530845a80f0>,0,2,[6 2],4,4,6,0,4
1,<environment.Job instance at 0x153098583a00>,1,13,[1 6],2,2,15,0,2
1,<environment.Job instance at 0x1530842f4a00>,5,3,[1 9],9,9,12,0,9
1,<environment.Job instance at 0x153084268af0>,0,2,[9 1],2,2,4,0,2
1,<environment.Job instance at 0x1530842f4fa0>,1,2,[2 6],6,6,8,0,6
1,<environment.Job instance at 0x153084268c80>,2,3,[2 7],8,8,11,0,8
1,<environment.Job instance at 0x15308425cb40>,2,1,[2 6],5,5,6,0,5
1,<environment.Job instance at 0x15308425c820>,3,2,[9 1],6,6,8,0,6
1,<environment.Job instance at 0x15308425c1e0>,4,16,[ 1 10],8,8,24,0,8
1,<environment.Job instance at 0x1530988b51e0>,2,3,[7 2],4,4,7,0,4
1,<environment.Job instance at 0x15309cf44f50>,1,15,[10  2],2,311,326,309,311
1,<environment.Job instance at 0x1530843a0320>,1,3,[5 1],3,3,6,0,3
1,<environment.Job instance at 0x15309cf44f50>,2,1,[8 1],6,6,7,0,6
1,<environment.Job instance at 0x1530849812d0>,0,2,[9 1],2,2,4,0,2
1,<environment.Job instance at 0x1530848ae280>,2,2,[1 5],4,4,6,0,4
1,<environment.Job instance at 0x153084981370>,3,3,[6 1],5,5,8,0,5
1,<environment.Job instance at 0x153084fe4d70>,3,1,[2 8],5,5,6,0,5
1,<environment.Job instance at 0x153084fe4280>,4,3,[7 2],6,6,9,0,6
1,<environment.Job instance at 0x153084fe4f50>,5,1,[2 8],7,7,8,0,7
1,<environment.Job instance at 0x15309e796050>,0,2,[8 1],1,1,3,0,1
1,<environment.Job instance at 0x15309e796780>,1,2,[7 1],2,3,5,1,2
1,<environment.Job instance at 0x15309e796820>,2,3,[9 1],3,5,8,2,3
1,<environment.Job instance at 0x153084fe4d20>,4,18,[8 2],5,8,26,3,8
1,<environment.Job instance at 0x153084e05780>,0,3,[9 1],1,1,4,0,1
1,<environment.Job instance at 0x1530848fa2d0>,2,3,[9 2],6,6,9,0,6
1,<environment.Job instance at 0x1530848fadc0>,3,3,[8 1],8,9,12,1,8
1,<environment.Job instance at 0x1530844c0c80>,0,2,[5 1],1,1,3,0,1
1,<environment.Job instance at 0x1530978fcdc0>,1,3,[1 9],3,3,6,0,3
1,<environment.Job instance at 0x1530844c0a00>,3,1,[10  2],7,7,8,0,7
1,<environment.Job instance at 0x1530844c0be0>,5,3,[8 1],9,9,12,0,9
1,<environment.Job instance at 0x1530848c2140>,3,2,[9 1],4,4,6,0,4
1,<environment.Job instance at 0x1530848c2b40>,7,1,[10  1],9,9,10,0,9
1,<environment.Job instance at 0x153084961eb0>,1,1,[5 1],2,2,3,0,2
1,<environment.Job instance at 0x1530848c2be0>,2,2,[1 6],4,4,6,0,4
1,<environment.Job instance at 0x15309404d730>,3,12,[ 1 10],6,6,18,0,6
1,<environment.Job instance at 0x153084fb8a00>,1,13,[9 2],2,2,15,0,2
1,<environment.Job instance at 0x153084c25460>,1,3,[2 9],2,2,5,0,2
1,<environment.Job instance at 0x153084b43280>,4,24,[10  2],5,5,29,0,5
1,<environment.Job instance at 0x15308496c4b0>,0,3,[10  1],1,1,4,0,1
1,<environment.Job instance at 0x153095eaa050>,7,3,[9 2],9,12,15,3,12
1,<environment.Job instance at 0x153095eaaaa0>,0,2,[9 1],1,1,3,0,1
1,<environment.Job instance at 0x153095eaaaf0>,2,2,[8 2],4,4,6,0,4
1,<environment.Job instance at 0x1530979b75a0>,3,3,[8 2],5,6,9,1,5
1,<environment.Job instance at 0x1530979b7460>,5,3,[2 5],8,8,11,0,8
1,<environment.Job instance at 0x1530979b7820>,6,1,[1 6],9,11,12,2,9
1,<environment.Job instance at 0x1530979b7410>,1,2,[7 2],2,2,4,0,2
1,<environment.Job instance at 0x153084227f00>,2,2,[7 1],3,4,6,1,3
1,<environment.Job instance at 0x153084c2ebe0>,6,2,[1 5],7,7,9,0,7
1,<environment.Job instance at 0x153084c2e050>,7,2,[6 1],8,8,10,0,8
1,<environment.Job instance at 0x153084c2ea00>,8,3,[2 8],9,9,12,0,9
1,<environment.Job instance at 0x153084c29780>,1,3,[7 1],4,4,7,0,4
1,<environment.Job instance at 0x1530940b78c0>,0,2,[1 9],1,1,3,0,1
1,<environment.Job instance at 0x1530848b9730>,2,2,[1 5],4,4,6,0,4
1,<environment.Job instance at 0x1530848b9140>,4,2,[ 1 10],7,7,9,0,7
1,<environment.Job instance at 0x1530848b9f00>,5,14,[2 5],8,9,23,1,8
1,<environment.Job instance at 0x15308498b410>,0,2,[2 9],1,1,3,0,1
1,<environment.Job instance at 0x15308498bfa0>,1,3,[6 1],3,3,6,0,3
1,<environment.Job instance at 0x15308498b960>,2,2,[8 2],5,6,8,1,5
1,<environment.Job instance at 0x15308498b320>,3,3,[6 2],7,8,11,1,7
1,<environment.Job instance at 0x15308498b230>,5,3,[10  2],9,24,27,15,24
1,<environment.Job instance at 0x153084f89dc0>,0,2,[6 2],2,2,4,0,2
1,<environment.Job instance at 0x15308498b8c0>,1,3,[10  2],3,4,7,1,3
1,<environment.Job instance at 0x15308430a730>,3,3,[7 1],6,7,10,1,6
1,<environment.Job instance at 0x153097b38b90>,4,3,[7 2],7,10,13,3,7
1,<environment.Job instance at 0x153097b1d460>,0,1,[1 7],1,1,2,0,1
1,<environment.Job instance at 0x153084c1fc30>,3,3,[2 8],5,5,8,0,5
1,<environment.Job instance at 0x153084c1f870>,4,16,[1 5],7,8,24,1,7
1,<environment.Job instance at 0x153084b78460>,0,3,[5 1],1,1,4,0,1
1,<environment.Job instance at 0x153084b78320>,3,14,[1 5],4,5,19,1,5
1,<environment.Job instance at 0x153084b85fa0>,4,1,[9 1],5,6,7,1,6
1,<environment.Job instance at 0x153084b78910>,6,2,[10  2],7,19,21,12,7
1,<environment.Job instance at 0x153084b78500>,7,24,[2 5],8,21,45,13,16
1,<environment.Job instance at 0x153084900640>,2,3,[ 2 10],8,22,25,14,22
1,<environment.Job instance at 0x153084b14370>,0,2,[7 1],1,1,3,0,1
1,<environment.Job instance at 0x153084900640>,2,1,[8 1],3,3,4,0,3
1,<environment.Job instance at 0x153084c62500>,4,3,[5 2],5,5,8,0,5
1,<environment.Job instance at 0x15309407a870>,4,1,[1 8],8,8,9,0,8
1,<environment.Job instance at 0x15309407a140>,5,2,[8 2],9,9,11,0,9
1,<environment.Job instance at 0x153084961550>,1,1,[2 8],5,5,6,0,5
1,<environment.Job instance at 0x1530843235f0>,2,3,[ 2 10],3,3,6,0,3
1,<environment.Job instance at 0x15309854d5a0>,3,1,[8 2],5,6,7,1,5
1,<environment.Job instance at 0x1530848a2320>,4,2,[8 1],7,7,9,0,7
1,<environment.Job instance at 0x1530848a2140>,5,1,[1 5],8,8,9,0,8
1,<environment.Job instance at 0x1530848a21e0>,6,3,[9 1],9,9,12,0,9
1,<environment.Job instance at 0x1530978a7e10>,0,3,[1 9],1,1,4,0,1
1,<environment.Job instance at 0x15308473dbe0>,3,2,[8 1],7,7,9,0,7
1,<environment.Job instance at 0x15308473d500>,4,3,[10  1],8,9,12,1,8
1,<environment.Job instance at 0x15308473dfa0>,0,2,[2 7],2,2,4,0,2
1,<environment.Job instance at 0x15309b9b5820>,4,2,[9 1],7,7,9,0,7
1,<environment.Job instance at 0x15309b9b5b40>,5,1,[9 1],9,9,10,0,9
1,<environment.Job instance at 0x15309b9b5730>,1,2,[7 1],2,193,195,191,193
1,<environment.Job instance at 0x153084d20640>,3,2,[8 1],4,4,6,0,4
1,<environment.Job instance at 0x15309d646690>,4,2,[6 1],5,6,8,1,5
1,<environment.Job instance at 0x153084c8c550>,5,3,[7 2],7,8,11,1,7
1,<environment.Job instance at 0x153084a5c550>,0,2,[5 2],1,1,3,0,1
1,<environment.Job instance at 0x153084f89230>,1,1,[7 2],2,3,4,1,2
1,<environment.Job instance at 0x153084c8c550>,3,3,[1 6],4,4,7,0,4
1,<environment.Job instance at 0x15309cc49af0>,4,2,[2 7],5,7,9,2,5
1,<environment.Job instance at 0x15309cc49eb0>,7,12,[2 9],8,9,21,1,8
1,<environment.Job instance at 0x1530842ab2d0>,0,3,[ 2 10],2,2,5,0,2
1,<environment.Job instance at 0x1530842abc30>,3,2,[2 7],9,9,11,0,9
1,<environment.Job instance at 0x1530842ab780>,0,2,[2 5],2,2,4,0,2
1,<environment.Job instance at 0x1530842ab870>,2,12,[ 1 10],6,6,18,0,6
1,<environment.Job instance at 0x1530978b7140>,5,17,[1 8],9,18,35,9,9
1,<environment.Job instance at 0x153084f618c0>,1,1,[1 8],2,2,3,0,2
1,<environment.Job instance at 0x153084b86aa0>,2,3,[8 2],5,5,8,0,5
1,<environment.Job instance at 0x1530978b7d70>,3,3,[2 5],6,6,9,0,6
1,<environment.Job instance at 0x1530978b7af0>,4,3,[9 1],8,9,12,1,8
1,<environment.Job instance at 0x1530842a9730>,5,2,[8 2],9,12,14,3,9
1,<environment.Job instance at 0x153097a11460>,0,2,[8 1],1,1,3,0,1
1,<environment.Job instance at 0x153097a11f50>,2,3,[9 1],3,3,6,0,3
1,<environment.Job instance at 0x15309db11fa0>,3,1,[9 2],4,6,7,2,4
1,<environment.Job instance at 0x15309db11230>,5,3,[7 2],8,8,11,0,8
1,<environment.Job instance at 0x153084bbfcd0>,1,1,[10  1],5,9,10,4,9
1,<environment.Job instance at 0x153084afe910>,2,18,[8 1],6,6,24,0,6
1,<environment.Job instance at 0x153084afe640>,3,3,[6 2],9,24,27,15,9
1,<environment.Job instance at 0x153084385dc0>,1,3,[1 5],3,3,6,0,3
1,<environment.Job instance at 0x153084afe0a0>,2,2,[6 2],4,4,6,0,4
1,<environment.Job instance at 0x153084afe640>,4,1,[ 2 10],8,43,44,35,43
1,<environment.Job instance at 0x153084aa7a50>,0,1,[7 2],2,2,3,0,2
1,<environment.Job instance at 0x1530846b30f0>,2,2,[5 1],6,6,8,0,6
1,<environment.Job instance at 0x153084778cd0>,4,15,[5 1],9,11,26,2,11
1,<environment.Job instance at 0x153095c6db90>,5,3,[6 1],7,7,10,0,7
1,<environment.Job instance at 0x1530963e9870>,0,2,[5 1],1,1,3,0,1
1,<environment.Job instance at 0x153084775550>,3,3,[1 7],7,7,10,0,7
1,<environment.Job instance at 0x15309db11910>,0,3,[10  2],2,2,5,0,2
1,<environment.Job instance at 0x153084fc7500>,2,2,[8 2],4,5,7,1,4
1,<environment.Job instance at 0x153084470d70>,4,1,[2 6],6,6,7,0,6
1,<environment.Job instance at 0x153084470c80>,5,2,[2 7],7,7,9,0,7
1,<environment.Job instance at 0x153084470cd0>,6,1,[1 7],8,9,10,1,8
1,<environment.Job instance at 0x153084873780>,5,25,[5 1],6,6,31,0,6
1,<environment.Job instance at 0x153097ab97d0>,6,2,[9 1],7,31,33,24,7
1,<environment.Job instance at 0x153097ab9aa0>,7,3,[7 1],9,33,36,24,9
1,<environment.Job instance at 0x153084fb7960>,2,3,[ 2 10],5,5,8,0,5
1,<environment.Job instance at 0x153084fb7a50>,4,3,[6 1],7,12,15,5,12
1,<environment.Job instance at 0x15309790ccd0>,0,3,[7 2],1,1,4,0,1
1,<environment.Job instance at 0x153084fb7a50>,2,3,[1 7],4,4,7,0,4
1,<environment.Job instance at 0x15309790cc30>,3,2,[8 1],5,5,7,0,5
1,<environment.Job instance at 0x15309d687b90>,1,12,[ 2 10],2,2,14,0,2
1,<environment.Job instance at 0x15309d6871e0>,1,2,[1 5],4,4,6,0,4
1,<environment.Job instance at 0x15309d595b90>,3,3,[8 1],4,4,7,0,4
1,<environment.Job instance at 0x15309d5954b0>,4,3,[6 1],5,7,10,2,5
1,<environment.Job instance at 0x153084520500>,5,2,[6 2],9,10,12,1,9
1,<environment.Job instance at 0x153084c1ff00>,0,2,[2 7],3,3,5,0,3
1,<environment.Job instance at 0x153084c1f960>,3,2,[10  2],9,256,258,247,256
1,<environment.Job instance at 0x153084276140>,1,3,[1 9],3,3,6,0,3
1,<environment.Job instance at 0x1530842762d0>,2,3,[8 2],4,6,9,2,4
1,<environment.Job instance at 0x15309cce5b40>,5,3,[6 2],7,9,12,2,7
1,<environment.Job instance at 0x153084f90050>,6,3,[9 2],8,12,15,4,8
1,<environment.Job instance at 0x1530849d6eb0>,0,2,[ 2 10],1,1,3,0,1
1,<environment.Job instance at 0x153084f900f0>,2,3,[2 8],4,4,7,0,4
1,<environment.Job instance at 0x153097ae7410>,4,2,[6 2],7,7,9,0,7
1,<environment.Job instance at 0x153097b6cc30>,2,1,[10  1],7,7,8,0,7
1,<environment.Job instance at 0x153084b75c30>,4,15,[9 1],8,47,62,39,47
1,<environment.Job instance at 0x153097c059b0>,1,1,[2 8],2,2,3,0,2
1,<environment.Job instance at 0x1530963e9910>,0,1,[7 2],1,1,2,0,1
1,<environment.Job instance at 0x1530963e99b0>,2,3,[6 1],3,3,6,0,3
1,<environment.Job instance at 0x153097c059b0>,3,1,[7 2],4,6,7,2,4
1,<environment.Job instance at 0x1530984ec500>,7,19,[10  2],9,9,28,0,9
1,<environment.Job instance at 0x15309854d780>,3,2,[6 1],5,5,7,0,5
1,<environment.Job instance at 0x15309854df50>,4,18,[6 2],6,7,25,1,6
1,<environment.Job instance at 0x153084cee140>,1,3,[6 1],3,3,6,0,3
1,<environment.Job instance at 0x15309854d500>,2,2,[1 6],4,4,6,0,4
1,<environment.Job instance at 0x15309854d550>,5,3,[1 5],8,8,11,0,8
1,<environment.Job instance at 0x15309cf73d20>,6,2,[ 1 10],9,11,13,2,9
1,<environment.Job instance at 0x1530846aed70>,2,2,[1 6],3,3,5,0,3
1,<environment.Job instance at 0x15309e76d6e0>,3,3,[8 2],4,4,7,0,4
1,<environment.Job instance at 0x153084e5e460>,0,3,[10  1],2,2,5,0,2
1,<environment.Job instance at 0x15309e76d6e0>,2,2,[2 5],4,5,7,1,4
1,<environment.Job instance at 0x153084675140>,3,1,[10  1],5,7,8,2,5
1,<environment.Job instance at 0x153084cd79b0>,5,1,[8 1],8,8,9,0,8
1,<environment.Job instance at 0x153084cd7a50>,6,13,[1 6],9,9,22,0,9
1,<environment.Job instance at 0x1530845640f0>,1,12,[6 2],2,6,18,4,6
1,<environment.Job instance at 0x1530984940a0>,0,2,[1 7],1,1,3,0,1
1,<environment.Job instance at 0x1530845b0f00>,2,1,[6 2],6,6,7,0,6
1,<environment.Job instance at 0x153098494870>,5,3,[ 1 10],9,9,12,0,9
1,<environment.Job instance at 0x153084436280>,2,2,[2 7],6,6,8,0,6
1,<environment.Job instance at 0x153084436a00>,3,2,[2 9],7,8,10,1,7
1,<environment.Job instance at 0x153095ebb050>,1,15,[10  1],2,2,17,0,2
1,<environment.Job instance at 0x153095ebb7d0>,6,17,[1 9],8,17,34,9,8
1,<environment.Job instance at 0x1530847ec410>,2,3,[ 2 10],3,17,20,14,17
1,<environment.Job instance at 0x15308456c320>,1,2,[2 8],2,2,4,0,2
1,<environment.Job instance at 0x15308456cdc0>,4,17,[ 2 10],5,5,22,0,5
1,<environment.Job instance at 0x15309d675910>,5,2,[8 1],6,45,47,39,45
1,<environment.Job instance at 0x15309ccf37d0>,3,15,[ 1 10],7,7,22,0,7
1,<environment.Job instance at 0x1530979370a0>,0,1,[2 7],1,1,2,0,1
1,<environment.Job instance at 0x153097937f50>,1,2,[8 1],3,3,5,0,3
1,<environment.Job instance at 0x1530978c45a0>,2,3,[ 1 10],5,5,8,0,5
1,<environment.Job instance at 0x153084704a50>,4,3,[7 1],8,8,11,0,8
1,<environment.Job instance at 0x153084704780>,5,2,[1 8],9,9,11,0,9
1,<environment.Job instance at 0x1530846ddb90>,2,17,[7 1],4,4,21,0,4
1,<environment.Job instance at 0x15309d5dae10>,4,2,[ 1 10],8,21,23,13,8
1,<environment.Job instance at 0x15309d5dae60>,5,14,[7 1],9,23,37,14,9
1,<environment.Job instance at 0x153097ba73c0>,3,3,[ 2 10],7,7,10,0,7
1,<environment.Job instance at 0x153084dd7500>,1,2,[2 7],3,3,5,0,3
1,<environment.Job instance at 0x153084dd7cd0>,2,1,[8 1],4,4,5,0,4
1,<environment.Job instance at 0x15309d6ef8c0>,5,1,[10  1],7,7,8,0,7
1,<environment.Job instance at 0x15309d616730>,7,3,[1 6],9,9,12,0,9
1,<environment.Job instance at 0x153084a0a4b0>,2,2,[9 1],6,6,8,0,6
1,<environment.Job instance at 0x153084e913c0>,2,3,[7 2],4,4,7,0,4
1,<environment.Job instance at 0x153084e91870>,3,1,[6 2],5,7,8,2,5
1,<environment.Job instance at 0x153084e918c0>,5,3,[9 1],9,9,12,0,9
1,<environment.Job instance at 0x153084e91e10>,1,22,[1 5],2,2,24,0,2
1,<environment.Job instance at 0x153084e91190>,3,1,[1 5],6,6,7,0,6
1,<environment.Job instance at 0x15308458a140>,3,1,[5 2],6,6,7,0,6
1,<environment.Job instance at 0x153084b2dd20>,1,2,[6 1],4,4,6,0,4
1,<environment.Job instance at 0x153084b2d910>,2,14,[5 1],6,6,20,0,6
1,<environment.Job instance at 0x15308458a3c0>,3,2,[5 1],7,7,9,0,7
1,<environment.Job instance at 0x1530979afbe0>,4,2,[1 5],8,9,11,1,8
1,<environment.Job instance at 0x153098805140>,0,2,[6 2],1,1,3,0,1
1,<environment.Job instance at 0x1530985798c0>,2,3,[ 1 10],4,4,7,0,4
1,<environment.Job instance at 0x153098579500>,3,2,[7 2],6,7,9,1,6
1,<environment.Job instance at 0x15309ec239b0>,0,2,[1 8],1,1,3,0,1
1,<environment.Job instance at 0x153098579eb0>,2,3,[2 5],3,3,6,0,3
1,<environment.Job instance at 0x153097a203c0>,4,1,[7 2],7,263,264,256,263
1,<environment.Job instance at 0x1530961423c0>,0,2,[6 2],1,1,3,0,1
1,<environment.Job instance at 0x153098840f00>,1,12,[2 6],3,3,15,0,3
1,<environment.Job instance at 0x153084c215f0>,1,2,[2 7],4,4,6,0,4
1,<environment.Job instance at 0x153098840cd0>,3,1,[10  1],9,2552,2553,2543,2552
1,<environment.Job instance at 0x1530849320a0>,2,1,[7 2],6,6,7,0,6
1,<environment.Job instance at 0x1530845d7c80>,3,3,[2 9],7,7,10,0,7
1,<environment.Job instance at 0x1530940e7640>,0,2,[5 1],1,1,3,0,1
1,<environment.Job instance at 0x153084932190>,2,3,[9 2],4,4,7,0,4
1,<environment.Job instance at 0x1530940e75a0>,5,3,[10  2],7,7,10,0,7
1,<environment.Job instance at 0x153096c72780>,6,3,[1 9],8,10,13,2,9
1,<environment.Job instance at 0x15309f63f0a0>,1,2,[10  1],3,3,5,0,3
1,<environment.Job instance at 0x153096c72190>,2,2,[ 2 10],4,5,7,1,4
1,<environment.Job instance at 0x15309f6538c0>,3,14,[ 1 10],6,7,21,1,6
1,<environment.Job instance at 0x153099b36780>,5,1,[2 7],8,21,22,13,8
1,<environment.Job instance at 0x153099b36190>,1,3,[5 2],6,6,9,0,6
1,<environment.Job instance at 0x153099b368c0>,2,2,[2 8],7,7,9,0,7
1,<environment.Job instance at 0x153084e42910>,1,26,[ 1 10],2,2,28,0,2
1,<environment.Job instance at 0x153097af5550>,7,12,[8 2],9,28,40,19,27
1,<environment.Job instance at 0x1530978f8410>,1,3,[2 7],3,3,6,0,3
1,<environment.Job instance at 0x1530963f3f00>,3,2,[2 9],5,6,8,1,5
1,<environment.Job instance at 0x1530963f35f0>,5,1,[6 2],8,8,9,0,8
1,<environment.Job instance at 0x1530963f3550>,6,18,[2 8],9,9,27,0,9
1,<environment.Job instance at 0x15308453d2d0>,2,14,[1 8],5,5,19,0,5
1,<environment.Job instance at 0x153099b44460>,0,3,[5 2],1,1,4,0,1
1,<environment.Job instance at 0x153099b44c80>,1,2,[2 5],2,2,4,0,2
1,<environment.Job instance at 0x153099b440f0>,6,1,[9 1],8,8,9,0,8
1,<environment.Job instance at 0x1530978dc780>,1,16,[1 8],2,2,18,0,2
1,<environment.Job instance at 0x153097aeae10>,4,19,[1 6],7,18,37,11,17
1,<environment.Job instance at 0x1530979afdc0>,1,2,[6 2],2,2,4,0,2
1,<environment.Job instance at 0x1530979afb90>,3,3,[8 2],5,5,8,0,5
1,<environment.Job instance at 0x1530979af550>,4,17,[2 6],6,6,23,0,6
1,<environment.Job instance at 0x15308439c140>,1,13,[10  2],3,3,16,0,3
1,<environment.Job instance at 0x153084556c80>,6,3,[1 7],9,16,19,7,9
1,<environment.Job instance at 0x153084556f00>,3,3,[5 1],5,38,41,33,38
1,<environment.Job instance at 0x153084a9deb0>,0,1,[9 2],1,2,3,1,2
1,<environment.Job instance at 0x1530978e50a0>,1,3,[2 6],2,3,6,1,2
1,<environment.Job instance at 0x153097937af0>,7,16,[1 9],9,9,25,0,9
1,<environment.Job instance at 0x153084f0cfa0>,0,1,[2 7],1,1,2,0,1
1,<environment.Job instance at 0x1530984f3f00>,2,3,[6 1],5,5,8,0,5
1,<environment.Job instance at 0x153084f0c870>,3,2,[2 5],7,7,9,0,7
1,<environment.Job instance at 0x1530844a11e0>,1,3,[1 9],2,2,5,0,2
1,<environment.Job instance at 0x153096414b90>,2,1,[8 2],3,5,6,2,3
1,<environment.Job instance at 0x1530844af410>,4,2,[8 1],5,6,8,1,5
1,<environment.Job instance at 0x15309d5aab90>,0,3,[7 1],2,2,5,0,2
1,<environment.Job instance at 0x1530844af910>,2,3,[1 7],4,4,7,0,4
1,<environment.Job instance at 0x153084219f00>,3,28,[2 6],5,7,35,2,6
1,<environment.Job instance at 0x1530842193c0>,5,2,[2 7],9,35,37,26,35
1,<environment.Job instance at 0x153084219d70>,0,3,[1 8],1,1,4,0,1
1,<environment.Job instance at 0x1530846310a0>,0,1,[1 7],1,1,2,0,1
1,<environment.Job instance at 0x1530846cc3c0>,1,3,[5 1],2,2,5,0,2
1,<environment.Job instance at 0x153099b40190>,4,2,[1 9],7,7,9,0,7
1,<environment.Job instance at 0x153084bc7690>,5,3,[10  1],8,9,12,1,8
1,<environment.Job instance at 0x153084254820>,0,2,[6 1],1,1,3,0,1
1,<environment.Job instance at 0x1530842547d0>,1,2,[2 5],2,2,4,0,2
1,<environment.Job instance at 0x153096126050>,3,3,[8 1],4,4,7,0,4
1,<environment.Job instance at 0x153084bc7690>,6,18,[8 2],8,8,26,0,8
1,<environment.Job instance at 0x15309d624c80>,0,3,[10  2],1,1,4,0,1
1,<environment.Job instance at 0x153096126230>,2,2,[ 2 10],3,4,6,1,3
1,<environment.Job instance at 0x15309d624a50>,3,3,[1 5],4,6,9,2,4
1,<environment.Job instance at 0x153084f2a460>,2,2,[2 9],4,4,6,0,4
1,<environment.Job instance at 0x153084f7c230>,5,2,[5 2],8,8,10,0,8
1,<environment.Job instance at 0x153084f61280>,0,1,[ 2 10],3,3,4,0,3
1,<environment.Job instance at 0x153099b36dc0>,3,2,[6 2],7,7,9,0,7
1,<environment.Job instance at 0x153097afd730>,4,2,[6 1],9,9,11,0,9
1,<environment.Job instance at 0x15309d5eac30>,2,3,[2 5],3,3,6,0,3
1,<environment.Job instance at 0x15309d5eacd0>,4,3,[10  2],6,6,9,0,6
1,<environment.Job instance at 0x1530979f2690>,2,12,[10  2],4,4,16,0,4
1,<environment.Job instance at 0x1530845368c0>,1,1,[9 1],3,159,160,156,159
1,<environment.Job instance at 0x15309d609820>,0,1,[1 5],1,1,2,0,1
1,<environment.Job instance at 0x15309d609780>,2,3,[2 6],5,5,8,0,5
1,<environment.Job instance at 0x15309ebf21e0>,3,3,[2 7],6,8,11,2,6
1,<environment.Job instance at 0x1530979c2730>,0,1,[1 5],1,1,2,0,1
1,<environment.Job instance at 0x15309790d910>,1,2,[1 7],2,2,4,0,2
1,<environment.Job instance at 0x15309790d5f0>,2,15,[1 9],3,4,19,1,4
1,<environment.Job instance at 0x153084f7c870>,4,2,[1 9],7,19,21,12,7
1,<environment.Job instance at 0x153084f7cc30>,6,17,[ 1 10],9,21,38,12,9
1,<environment.Job instance at 0x15309efb6550>,1,15,[7 1],2,2,17,0,2
1,<environment.Job instance at 0x153084c446e0>,5,3,[2 5],7,7,10,0,7
1,<environment.Job instance at 0x15309db172d0>,2,12,[9 1],9,191,203,182,191
1,<environment.Job instance at 0x153084962190>,0,1,[10  2],1,1,2,0,1
1,<environment.Job instance at 0x153084962550>,2,12,[2 7],3,3,15,0,3
1,<environment.Job instance at 0x1530849629b0>,6,2,[6 2],9,27,29,18,27
1,<environment.Job instance at 0x1530978a7f00>,1,1,[6 1],3,3,4,0,3
1,<environment.Job instance at 0x153084962b90>,2,3,[6 1],4,4,7,0,4
1,<environment.Job instance at 0x1530978a7d20>,4,14,[1 8],8,8,22,0,8
1,<environment.Job instance at 0x1530978a7c80>,0,2,[ 1 10],2,2,4,0,2
1,<environment.Job instance at 0x1530847ed550>,5,2,[2 5],8,11,13,3,11
1,<environment.Job instance at 0x1530940b20a0>,2,3,[1 9],5,127,130,122,127
1,<environment.Job instance at 0x153098476910>,0,2,[2 7],1,1,3,0,1
1,<environment.Job instance at 0x153098476cd0>,2,3,[1 8],3,3,6,0,3
1,<environment.Job instance at 0x153097b877d0>,4,2,[10  2],5,6,8,1,5
1,<environment.Job instance at 0x153097b879b0>,7,3,[8 1],9,9,12,0,9
1,<environment.Job instance at 0x1530978c4500>,1,18,[1 7],3,3,21,0,3
1,<environment.Job instance at 0x153097b879b0>,2,3,[9 1],4,4,7,0,4
1,<environment.Job instance at 0x153097b87e60>,3,2,[7 1],6,7,9,1,6
1,<environment.Job instance at 0x1530978c45f0>,5,3,[8 1],9,9,12,0,9
1,<environment.Job instance at 0x15309cc06dc0>,1,2,[ 1 10],2,2,4,0,2
1,<environment.Job instance at 0x15309cc06cd0>,2,2,[2 7],4,4,6,0,4
1,<environment.Job instance at 0x15309cc060f0>,4,3,[2 8],6,6,9,0,6
1,<environment.Job instance at 0x15309cc06a50>,0,2,[2 8],2,2,4,0,2
1,<environment.Job instance at 0x15309b9c7a50>,1,2,[1 5],3,4,6,1,3
1,<environment.Job instance at 0x15309cc060f0>,2,3,[5 2],4,4,7,0,4
1,<environment.Job instance at 0x1530849e6b90>,3,1,[10  2],5,7,8,2,5
1,<environment.Job instance at 0x15308499dbe0>,5,1,[2 6],7,8,9,1,7
1,<environment.Job instance at 0x153084f5c370>,1,3,[1 7],2,2,5,0,2
1,<environment.Job instance at 0x15308429e410>,0,2,[1 8],1,1,3,0,1
1,<environment.Job instance at 0x153097917730>,4,2,[2 5],6,6,8,0,6
1,<environment.Job instance at 0x153097917910>,5,2,[ 1 10],7,8,10,1,7
1,<environment.Job instance at 0x153097917370>,6,2,[6 2],8,10,12,2,8
1,<environment.Job instance at 0x153097917a00>,7,3,[5 1],9,12,15,3,9
1,<environment.Job instance at 0x153097917c80>,2,3,[5 1],3,7,10,4,7
1,<environment.Job instance at 0x15309ec22c30>,5,1,[10  2],9,11,12,2,11
1,<environment.Job instance at 0x15309ebfa140>,1,3,[1 6],4,4,7,0,4
1,<environment.Job instance at 0x153084f45230>,1,2,[2 9],2,2,4,0,2
1,<environment.Job instance at 0x153084f45140>,2,3,[2 9],3,4,7,1,3
1,<environment.Job instance at 0x153097b71460>,3,2,[2 5],4,7,9,3,4
1,<environment.Job instance at 0x153097b71960>,4,3,[6 1],5,5,8,0,5
1,<environment.Job instance at 0x153084a08050>,6,3,[2 8],7,9,12,2,7
1,<environment.Job instance at 0x153084a080a0>,7,3,[9 1],8,12,15,4,8
1,<environment.Job instance at 0x153084a81500>,1,2,[9 2],2,2,4,0,2
1,<environment.Job instance at 0x153084a08370>,2,3,[2 8],3,4,7,1,3
1,<environment.Job instance at 0x153084a81230>,4,3,[7 2],6,6,9,0,6
1,<environment.Job instance at 0x153084a81640>,6,2,[8 1],9,9,11,0,9
1,<environment.Job instance at 0x153084a818c0>,1,2,[8 1],2,2,4,0,2
1,<environment.Job instance at 0x153084b60690>,2,2,[6 2],3,4,6,1,3
1,<environment.Job instance at 0x153084a81640>,5,3,[8 1],6,8,11,2,8
1,<environment.Job instance at 0x1530960e5f50>,1,1,[1 5],6,6,7,0,6
1,<environment.Job instance at 0x1530960e5550>,2,2,[1 5],9,9,11,0,9
1,<environment.Job instance at 0x153084b65fa0>,1,1,[1 6],2,894,895,892,894
1,<environment.Job instance at 0x15309d6757d0>,0,1,[5 2],2,2,3,0,2
1,<environment.Job instance at 0x15309d6751e0>,1,1,[7 2],3,3,4,0,3
1,<environment.Job instance at 0x15309d675960>,4,2,[9 1],6,548,550,542,548
1,<environment.Job instance at 0x1530848076e0>,1,3,[9 1],4,4,7,0,4
1,<environment.Job instance at 0x1530842da5f0>,3,3,[10  2],6,7,10,1,6
1,<environment.Job instance at 0x1530842dafa0>,0,2,[8 1],3,3,5,0,3
1,<environment.Job instance at 0x153097a91c30>,2,3,[10  1],6,6,9,0,6
1,<environment.Job instance at 0x153097a918c0>,3,3,[5 2],7,9,12,2,7
1,<environment.Job instance at 0x1530847d80a0>,4,3,[1 6],8,9,12,1,8
1,<environment.Job instance at 0x1530847d89b0>,0,2,[10  2],1,1,3,0,1
1,<environment.Job instance at 0x1530847d8050>,3,28,[ 2 10],5,5,33,0,5
1,<environment.Job instance at 0x153084dd7be0>,5,16,[2 7],7,33,49,26,20
1,<environment.Job instance at 0x153084d2f230>,1,3,[10  1],3,3,6,0,3
1,<environment.Job instance at 0x153084d2fa50>,3,2,[5 1],6,6,8,0,6
1,<environment.Job instance at 0x1530842b4c30>,4,17,[ 1 10],7,8,25,1,7
1,<environment.Job instance at 0x15309ebf2d20>,1,3,[7 1],2,2,5,0,2
1,<environment.Job instance at 0x1530842b4c30>,2,2,[5 1],4,5,7,1,4
1,<environment.Job instance at 0x153084dc95a0>,6,19,[8 2],8,8,27,0,8
1,<environment.Job instance at 0x15308489bc30>,1,1,[7 2],2,2,3,0,2
1,<environment.Job instance at 0x15308489baa0>,2,2,[1 8],3,3,5,0,3
1,<environment.Job instance at 0x153096171140>,3,1,[2 5],4,5,6,1,4
1,<environment.Job instance at 0x153096171c30>,4,3,[2 6],5,6,9,1,5
1,<environment.Job instance at 0x1530961714b0>,7,2,[10  1],9,9,11,0,9
1,<environment.Job instance at 0x153084cbe9b0>,1,24,[1 7],2,2,26,0,2
1,<environment.Job instance at 0x153097aaceb0>,1,3,[7 1],3,3,6,0,3
1,<environment.Job instance at 0x153084395910>,2,2,[7 1],4,6,8,2,4
1,<environment.Job instance at 0x153094080e10>,4,3,[10  1],6,8,11,2,6
1,<environment.Job instance at 0x153094080d70>,7,3,[1 6],9,11,14,2,9
1,<environment.Job instance at 0x1530940b6910>,0,1,[9 2],1,1,2,0,1
1,<environment.Job instance at 0x1530940b6960>,1,3,[5 1],4,4,7,0,4
1,<environment.Job instance at 0x153098566eb0>,2,1,[10  1],4,4,5,0,4
1,<environment.Job instance at 0x15308452f140>,3,1,[9 1],5,5,6,0,5
1,<environment.Job instance at 0x15308452fc80>,2,1,[6 1],3,7,8,4,7
1,<environment.Job instance at 0x15309886e8c0>,6,12,[8 2],8,8,20,0,8
1,<environment.Job instance at 0x153084b9e550>,3,14,[10  2],7,82,96,75,82
1,<environment.Job instance at 0x153084a72b40>,1,16,[2 7],2,2,18,0,2
1,<environment.Job instance at 0x153084a72fa0>,4,2,[2 9],6,18,20,12,6
1,<environment.Job instance at 0x153084a72d70>,5,3,[ 1 10],8,20,23,12,8
1,<environment.Job instance at 0x153084a729b0>,6,1,[7 1],9,9,10,0,9
1,<environment.Job instance at 0x15309ccf3af0>,0,2,[2 8],4,4,6,0,4
1,<environment.Job instance at 0x15309ccf3f50>,1,2,[2 5],5,6,8,1,5
1,<environment.Job instance at 0x153097b52f00>,3,2,[ 1 10],7,8,10,1,7
1,<environment.Job instance at 0x153084327870>,0,1,[2 5],1,1,2,0,1
1,<environment.Job instance at 0x15309efc70f0>,2,3,[6 2],3,3,6,0,3
1,<environment.Job instance at 0x15309b9d3910>,3,3,[10  2],5,6,9,1,5
1,<environment.Job instance at 0x15309cd07b90>,4,1,[2 7],6,9,10,3,8
1,<environment.Job instance at 0x15308458cd70>,7,3,[6 2],9,9,12,0,9
1,<environment.Job instance at 0x153094088b90>,2,14,[8 1],3,3,17,0,3
1,<environment.Job instance at 0x1530842da370>,4,2,[10  1],7,7,9,0,7
1,<environment.Job instance at 0x153084e05690>,0,3,[1 7],1,1,4,0,1
1,<environment.Job instance at 0x15309852be10>,2,16,[2 7],3,4,20,1,3
1,<environment.Job instance at 0x1530985c7190>,0,3,[6 1],2,2,5,0,2
1,<environment.Job instance at 0x1530843dd460>,2,3,[7 1],4,8,11,4,8
1,<environment.Job instance at 0x153098487460>,1,18,[1 7],2,2,20,0,2
1,<environment.Job instance at 0x15309d635a50>,0,3,[7 2],1,1,4,0,1
1,<environment.Job instance at 0x153098487460>,2,2,[1 5],4,4,6,0,4
1,<environment.Job instance at 0x1530988215a0>,4,3,[7 2],7,7,10,0,7
1,<environment.Job instance at 0x1530984def50>,1,15,[1 5],3,3,18,0,3
1,<environment.Job instance at 0x15309d6d3d70>,0,3,[ 1 10],3,3,6,0,3
1,<environment.Job instance at 0x1530842dae60>,0,1,[2 7],1,1,2,0,1
1,<environment.Job instance at 0x1530842da410>,3,2,[2 8],5,5,7,0,5
1,<environment.Job instance at 0x1530842dabe0>,4,3,[10  2],6,7,10,1,6
1,<environment.Job instance at 0x153084556910>,5,2,[7 1],7,10,12,3,7
1,<environment.Job instance at 0x15309ebc5960>,0,2,[2 5],1,1,3,0,1
1,<environment.Job instance at 0x153084751780>,2,3,[1 5],4,4,7,0,4
1,<environment.Job instance at 0x153084d4d0f0>,4,1,[ 1 10],7,7,8,0,7
1,<environment.Job instance at 0x153084d4d550>,5,2,[5 2],8,8,10,0,8
1,<environment.Job instance at 0x153084d4d780>,6,16,[1 5],9,9,25,0,9
1,<environment.Job instance at 0x15309842f1e0>,6,12,[ 1 10],9,9,21,0,9
1,<environment.Job instance at 0x1530985c2320>,0,3,[6 2],1,1,4,0,1
1,<environment.Job instance at 0x1530985c2870>,1,3,[5 1],2,4,7,2,2
1,<environment.Job instance at 0x15309d6a1f50>,3,12,[8 2],4,7,19,3,4
1,<environment.Job instance at 0x15309d6a1a00>,5,3,[7 1],6,19,22,13,6
1,<environment.Job instance at 0x1530961de550>,3,2,[10  2],8,1395,1397,1387,1395
1,<environment.Job instance at 0x153084daa820>,0,3,[5 1],2,2,5,0,2
1,<environment.Job instance at 0x153084daae10>,1,3,[8 1],3,5,8,2,3
1,<environment.Job instance at 0x153084a605a0>,1,3,[6 2],2,2,5,0,2
1,<environment.Job instance at 0x15309d6d36e0>,2,19,[1 9],3,5,24,2,3
1,<environment.Job instance at 0x15309d6d3e60>,3,2,[7 1],4,28,30,24,28
1,<environment.Job instance at 0x153097a0e730>,0,1,[10  1],1,1,2,0,1
1,<environment.Job instance at 0x153097ac2410>,1,2,[ 1 10],2,2,4,0,2
1,<environment.Job instance at 0x15309850f370>,5,3,[2 5],6,6,9,0,6
1,<environment.Job instance at 0x153084d52fa0>,0,3,[1 7],2,2,5,0,2
1,<environment.Job instance at 0x15309850faf0>,3,13,[2 6],6,6,19,0,6
1,<environment.Job instance at 0x153095c77e10>,5,2,[2 5],9,1369,1371,1360,1369
1,<environment.Job instance at 0x153095c93410>,0,1,[10  2],1,1,2,0,1
1,<environment.Job instance at 0x153084c83230>,2,2,[8 1],3,3,5,0,3
1,<environment.Job instance at 0x153095c93370>,5,1,[6 1],6,6,7,0,6
1,<environment.Job instance at 0x153084d281e0>,6,14,[5 1],7,7,21,0,7
1,<environment.Job instance at 0x153084d28c30>,1,3,[6 1],2,2,5,0,2
1,<environment.Job instance at 0x153084bd0dc0>,2,1,[ 1 10],3,3,4,0,3
1,<environment.Job instance at 0x153084bd0370>,3,18,[9 2],4,4,22,0,4
1,<environment.Job instance at 0x15309cc38a50>,4,2,[7 1],8,8,10,0,8
1,<environment.Job instance at 0x153097a8f870>,2,2,[6 1],5,10,12,5,10
1,<environment.Job instance at 0x15309d6088c0>,2,2,[9 1],4,4,6,0,4
1,<environment.Job instance at 0x153084b03870>,4,2,[2 6],8,8,10,0,8
1,<environment.Job instance at 0x153084b033c0>,5,2,[7 1],9,9,11,0,9
1,<environment.Job instance at 0x153084962dc0>,0,3,[8 1],1,1,4,0,1
1,<environment.Job instance at 0x1530849628c0>,3,2,[9 2],4,4,6,0,4
1,<environment.Job instance at 0x15308453df50>,4,15,[7 2],5,6,21,1,5
1,<environment.Job instance at 0x1530978c3550>,6,13,[ 2 10],7,21,34,14,7
1,<environment.Job instance at 0x153095c8e280>,7,1,[7 1],8,45,46,37,45
1,<environment.Job instance at 0x153098490b90>,1,3,[ 2 10],2,2,5,0,2
1,<environment.Job instance at 0x153095c8eb40>,2,3,[ 2 10],3,5,8,2,3
1,<environment.Job instance at 0x1530964224b0>,4,1,[7 2],5,8,9,3,5
1,<environment.Job instance at 0x153095c8e280>,7,18,[1 6],8,9,27,1,9
1,<environment.Job instance at 0x153084ba1280>,0,1,[10  2],1,1,2,0,1
1,<environment.Job instance at 0x153084ba12d0>,1,2,[1 5],2,2,4,0,2
1,<environment.Job instance at 0x1530988da280>,2,2,[ 1 10],3,4,6,1,3
1,<environment.Job instance at 0x1530988da320>,2,17,[1 5],3,3,20,0,3
1,<environment.Job instance at 0x153084206370>,1,2,[10  2],2,2,4,0,2
1,<environment.Job instance at 0x1530842069b0>,3,15,[1 6],6,6,21,0,6
1,<environment.Job instance at 0x15308478f140>,2,2,[1 7],3,3,5,0,3
1,<environment.Job instance at 0x15308478fa50>,3,3,[9 1],4,4,7,0,4
1,<environment.Job instance at 0x153084d792d0>,5,3,[8 1],6,7,10,1,6
1,<environment.Job instance at 0x1530845cc960>,0,1,[7 2],1,1,2,0,1
1,<environment.Job instance at 0x15308478f910>,1,3,[10  1],3,3,6,0,3
1,<environment.Job instance at 0x1530963fa870>,3,1,[2 5],5,6,7,1,5
1,<environment.Job instance at 0x1530963fa0a0>,5,1,[6 2],8,8,9,0,8
1,<environment.Job instance at 0x153084553640>,6,2,[1 8],9,9,11,0,9
1,<environment.Job instance at 0x153084962820>,0,3,[1 9],1,1,4,0,1
1,<environment.Job instance at 0x1530845533c0>,1,3,[7 2],2,4,7,2,2
1,<environment.Job instance at 0x153084962af0>,2,2,[9 1],3,7,9,4,3
1,<environment.Job instance at 0x1530849624b0>,7,3,[9 1],9,63,66,54,63
1,<environment.Job instance at 0x153084556640>,1,18,[ 1 10],2,2,20,0,2
1,<environment.Job instance at 0x153084422230>,2,1,[10  2],3,20,21,17,5
1,<environment.Job instance at 0x1530844226e0>,5,13,[1 7],6,21,34,15,6
1,<environment.Job instance at 0x153097898d70>,0,3,[6 2],1,1,4,0,1
1,<environment.Job instance at 0x153097898960>,1,3,[9 2],2,4,7,2,2
1,<environment.Job instance at 0x153097898280>,3,3,[10  1],6,7,10,1,6
1,<environment.Job instance at 0x153099b44230>,1,2,[8 2],3,52,54,49,52
1,<environment.Job instance at 0x15308444e3c0>,1,1,[1 7],4,4,5,0,4
1,<environment.Job instance at 0x15308444ea00>,4,3,[7 1],9,9,12,0,9
1,<environment.Job instance at 0x153084253500>,1,2,[1 9],2,2,4,0,2
1,<environment.Job instance at 0x15309612fe10>,3,2,[5 1],4,4,6,0,4
1,<environment.Job instance at 0x1530844c0320>,5,13,[ 1 10],6,6,19,0,6
1,<environment.Job instance at 0x15309d625b40>,2,2,[8 1],4,4,6,0,4
1,<environment.Job instance at 0x1530979b45a0>,5,2,[2 9],7,7,9,0,7
1,<environment.Job instance at 0x153084f6f0f0>,0,3,[1 9],1,1,4,0,1
1,<environment.Job instance at 0x15308436dfa0>,5,2,[2 6],6,6,8,0,6
1,<environment.Job instance at 0x153084738230>,6,17,[2 8],7,8,25,1,7
1,<environment.Job instance at 0x153084738230>,2,12,[1 7],5,5,17,0,5
1,<environment.Job instance at 0x153097b96140>,3,3,[10  2],6,17,20,11,6
1,<environment.Job instance at 0x15308475c2d0>,0,2,[1 8],1,1,3,0,1
1,<environment.Job instance at 0x15308475c0a0>,3,3,[6 2],5,5,8,0,5
1,<environment.Job instance at 0x15308475c820>,5,3,[2 8],7,7,10,0,7
1,<environment.Job instance at 0x15308460d690>,4,1,[10  2],6,6,7,0,6
1,<environment.Job instance at 0x1530979b8780>,5,2,[10  2],8,8,10,0,8
1,<environment.Job instance at 0x153084433d70>,0,3,[ 1 10],1,1,4,0,1
1,<environment.Job instance at 0x1530979b8410>,3,28,[6 2],6,6,34,0,6
1,<environment.Job instance at 0x1530978b4780>,0,2,[1 7],2,2,4,0,2
1,<environment.Job instance at 0x15309789c690>,3,1,[9 1],8,8,9,0,8
1,<environment.Job instance at 0x15308435fb90>,1,1,[1 5],2,2,3,0,2
1,<environment.Job instance at 0x15308435f4b0>,2,2,[2 8],4,4,6,0,4
1,<environment.Job instance at 0x15308435fcd0>,3,3,[7 1],5,5,8,0,5
1,<environment.Job instance at 0x1530987f5730>,0,2,[6 2],1,1,3,0,1
1,<environment.Job instance at 0x1530987f5d70>,3,3,[10  1],4,1810,1813,1806,1810
1,<environment.Job instance at 0x15309857aaa0>,3,1,[2 7],4,4,5,0,4
1,<environment.Job instance at 0x15309857ab90>,4,2,[7 2],5,5,7,0,5
1,<environment.Job instance at 0x153098573f00>,0,2,[9 1],1,1,3,0,1
1,<environment.Job instance at 0x153084897190>,1,1,[8 1],3,3,4,0,3
1,<environment.Job instance at 0x153084897280>,2,3,[6 1],4,4,7,0,4
1,<environment.Job instance at 0x1530848970f0>,3,1,[5 1],5,7,8,2,5
1,<environment.Job instance at 0x1530988d4dc0>,4,17,[9 2],7,8,25,1,7
1,<environment.Job instance at 0x15309eca8fa0>,1,1,[1 5],2,2,3,0,2
1,<environment.Job instance at 0x15309d68e550>,2,3,[8 1],3,3,6,0,3
1,<environment.Job instance at 0x15309eca8cd0>,6,2,[10  2],8,8,10,0,8
1,<environment.Job instance at 0x153084575a50>,0,1,[6 2],1,2,3,1,2
1,<environment.Job instance at 0x15309d68ed20>,1,2,[5 1],2,3,5,1,3
1,<environment.Job instance at 0x1530845750f0>,2,3,[ 2 10],4,5,8,1,4
1,<environment.Job instance at 0x153084575cd0>,4,16,[9 1],8,8,24,0,8
1,<environment.Job instance at 0x153084f90690>,3,2,[10  1],5,5,7,0,5
1,<environment.Job instance at 0x153084f90c30>,4,3,[8 1],8,8,11,0,8
1,<environment.Job instance at 0x153084f183c0>,5,1,[ 2 10],9,11,12,2,9
1,<environment.Job instance at 0x1530848a8190>,0,2,[1 6],1,1,3,0,1
1,<environment.Job instance at 0x153084d3a7d0>,1,1,[2 5],3,3,4,0,3
1,<environment.Job instance at 0x153096c3ceb0>,3,2,[10  2],5,5,7,0,5
1,<environment.Job instance at 0x153098863910>,5,22,[5 1],7,7,29,0,7
1,<environment.Job instance at 0x153096c40230>,6,3,[7 2],8,29,32,21,8
1,<environment.Job instance at 0x153096c40370>,2,3,[6 1],4,4,7,0,4
1,<environment.Job instance at 0x153098840410>,4,2,[2 8],8,8,10,0,8
1,<environment.Job instance at 0x153096130b40>,2,17,[1 7],3,3,20,0,3
1,<environment.Job instance at 0x153084f9d410>,0,2,[ 2 10],1,1,3,0,1
1,<environment.Job instance at 0x153084f9dd20>,1,3,[10  1],3,3,6,0,3
1,<environment.Job instance at 0x153099b49f00>,3,3,[5 1],5,6,9,1,5
1,<environment.Job instance at 0x153084d485a0>,4,1,[ 2 10],7,9,10,2,7
1,<environment.Job instance at 0x153099b49e10>,5,2,[ 1 10],8,10,12,2,8
1,<environment.Job instance at 0x1530844f25f0>,0,3,[9 1],1,1,4,0,1
1,<environment.Job instance at 0x1530844f27d0>,4,2,[ 1 10],7,7,9,0,7
1,<environment.Job instance at 0x1530844f2f50>,5,1,[2 7],8,9,10,1,8
1,<environment.Job instance at 0x1530844f25a0>,6,2,[9 1],9,10,12,1,9
1,<environment.Job instance at 0x1530842b7640>,1,16,[ 1 10],2,2,18,0,2
1,<environment.Job instance at 0x15308437be60>,3,1,[8 2],5,5,6,0,5
1,<environment.Job instance at 0x15309cc86c80>,0,3,[10  1],1,1,4,0,1
1,<environment.Job instance at 0x15309cc864b0>,5,3,[8 1],8,8,11,0,8
1,<environment.Job instance at 0x15309d587dc0>,0,2,[5 2],1,1,3,0,1
1,<environment.Job instance at 0x15309cc86d70>,3,3,[10  1],5,5,8,0,5
1,<environment.Job instance at 0x15309d5874b0>,6,3,[6 1],8,8,11,0,8
1,<environment.Job instance at 0x1530961c0410>,7,3,[1 5],9,9,12,0,9
1,<environment.Job instance at 0x1530961d3140>,1,1,[ 2 10],3,3,4,0,3
1,<environment.Job instance at 0x15309b9bd910>,2,3,[1 7],4,4,7,0,4
1,<environment.Job instance at 0x15309b9bdf50>,3,2,[ 1 10],5,7,9,2,5
1,<environment.Job instance at 0x15309b9bd1e0>,5,2,[1 6],7,9,11,2,7
1,<environment.Job instance at 0x1530988a6dc0>,1,2,[2 5],2,2,4,0,2
1,<environment.Job instance at 0x153084614c30>,2,2,[9 2],3,4,6,1,3
1,<environment.Job instance at 0x153098582780>,5,3,[1 7],7,7,10,0,7
1,<environment.Job instance at 0x153098582500>,6,2,[ 1 10],8,10,12,2,8
1,<environment.Job instance at 0x1530961546e0>,0,3,[6 2],2,2,5,0,2
1,<environment.Job instance at 0x1530940e4730>,1,2,[7 1],3,5,7,2,3
1,<environment.Job instance at 0x15308425c4b0>,2,26,[9 1],7,7,33,0,7
1,<environment.Job instance at 0x15309ccae500>,2,3,[8 1],7,7,10,0,7
1,<environment.Job instance at 0x15309cc0e5a0>,1,2,[6 2],3,3,5,0,3
1,<environment.Job instance at 0x15308481adc0>,2,13,[6 1],4,5,18,1,4
1,<environment.Job instance at 0x153084ad5d70>,3,2,[9 1],6,18,20,12,6
1,<environment.Job instance at 0x153084fb72d0>,4,1,[1 8],8,8,9,0,8
1,<environment.Job instance at 0x1530843dbe60>,5,3,[5 2],9,20,23,11,9
1,<environment.Job instance at 0x1530843c95f0>,1,12,[8 2],2,4,16,2,4
1,<environment.Job instance at 0x153084ba5230>,0,2,[9 2],2,2,4,0,2
1,<environment.Job instance at 0x1530843de7d0>,2,2,[2 6],6,6,8,0,6
1,<environment.Job instance at 0x1530842a05f0>,3,1,[1 6],7,8,9,1,7
1,<environment.Job instance at 0x1530842a0af0>,4,2,[5 2],8,8,10,0,8
1,<environment.Job instance at 0x1530842a03c0>,5,2,[ 1 10],9,10,12,1,9
1,<environment.Job instance at 0x1530985397d0>,0,3,[1 8],1,1,4,0,1
1,<environment.Job instance at 0x15309cd26280>,4,13,[7 1],8,30,43,22,30
1,<environment.Job instance at 0x15308479c320>,0,2,[9 1],1,1,3,0,1
1,<environment.Job instance at 0x153084e0f8c0>,0,3,[2 9],1,1,4,0,1
1,<environment.Job instance at 0x15309d5ce4b0>,2,3,[6 2],5,5,8,0,5
1,<environment.Job instance at 0x153084e0f050>,5,2,[8 1],9,9,11,0,9
1,<environment.Job instance at 0x15308439c3c0>,2,1,[7 2],4,4,5,0,4
1,<environment.Job instance at 0x1530963f3140>,4,2,[2 6],6,16,18,10,16
1,<environment.Job instance at 0x15308439c1e0>,1,1,[1 8],3,3,4,0,3
1,<environment.Job instance at 0x1530844c9550>,2,3,[1 8],4,4,7,0,4
1,<environment.Job instance at 0x15308439c050>,3,3,[9 1],7,7,10,0,7
1,<environment.Job instance at 0x15309404f820>,4,3,[8 1],8,10,13,2,8
1,<environment.Job instance at 0x1530985494b0>,2,2,[2 6],4,4,6,0,4
1,<environment.Job instance at 0x153098549410>,3,12,[6 2],5,5,17,0,5
1,<environment.Job instance at 0x153098549cd0>,4,14,[2 6],6,7,21,1,7
1,<environment.Job instance at 0x153098549230>,6,1,[2 7],8,2123,2124,2115,2123
1,<environment.Job instance at 0x1530984947d0>,0,2,[8 2],1,1,3,0,1
1,<environment.Job instance at 0x153098549280>,1,1,[8 1],3,4,5,1,4
1,<environment.Job instance at 0x1530847e9af0>,3,16,[2 8],8,8,24,0,8
1,<environment.Job instance at 0x1530845723c0>,3,3,[6 2],6,6,9,0,6
1,<environment.Job instance at 0x153084572410>,4,27,[ 1 10],8,9,36,1,8
1,<environment.Job instance at 0x153095ece5f0>,5,1,[6 2],9,806,807,797,806
1,<environment.Job instance at 0x15309886ea00>,0,1,[9 2],1,1,2,0,1
1,<environment.Job instance at 0x153084954050>,1,2,[8 1],2,2,4,0,2
1,<environment.Job instance at 0x15309886e960>,2,3,[2 8],3,3,6,0,3
1,<environment.Job instance at 0x15309886ec80>,6,3,[2 9],9,9,12,0,9
1,<environment.Job instance at 0x153099b43f50>,0,3,[5 2],1,1,4,0,1
1,<environment.Job instance at 0x15309886ec30>,4,1,[7 1],9,9,10,0,9
1,<environment.Job instance at 0x153084570730>,1,13,[2 9],2,2,15,0,2
1,<environment.Job instance at 0x1530985566e0>,0,2,[10  1],2,2,4,0,2
1,<environment.Job instance at 0x1530842680f0>,3,16,[ 2 10],5,5,21,0,5
1,<environment.Job instance at 0x15309cd07dc0>,1,3,[9 1],2,12,15,10,12
1,<environment.Job instance at 0x153084fb8370>,1,2,[8 2],5,5,7,0,5
1,<environment.Job instance at 0x153097b7ca50>,2,2,[9 2],7,7,9,0,7
1,<environment.Job instance at 0x153084fb8230>,3,1,[7 1],9,9,10,0,9
1,<environment.Job instance at 0x153084d84910>,0,2,[7 2],2,2,4,0,2
1,<environment.Job instance at 0x153084d84b90>,2,2,[7 1],6,6,8,0,6
1,<environment.Job instance at 0x15309618c870>,1,3,[6 2],2,46,49,44,46
1,<environment.Job instance at 0x153084cd50f0>,0,2,[6 1],1,1,3,0,1
1,<environment.Job instance at 0x153096172140>,1,3,[1 6],2,2,5,0,2
1,<environment.Job instance at 0x153084276f00>,1,27,[1 8],2,2,29,0,2
1,<environment.Job instance at 0x15309cc81eb0>,0,3,[7 2],2,2,5,0,2
1,<environment.Job instance at 0x153084276f00>,3,14,[2 9],7,7,21,0,7
1,<environment.Job instance at 0x1530849c73c0>,4,13,[9 2],9,21,34,12,9
1,<environment.Job instance at 0x1530849c74b0>,1,3,[1 8],2,2,5,0,2
1,<environment.Job instance at 0x15309b9af820>,3,15,[2 6],6,6,21,0,6
1,<environment.Job instance at 0x1530984cf870>,4,2,[7 1],7,449,451,442,449
1,<environment.Job instance at 0x153084da0410>,1,1,[7 1],2,2,3,0,2
1,<environment.Job instance at 0x1530847fe500>,2,3,[1 5],5,5,8,0,5
1,<environment.Job instance at 0x1530849da2d0>,0,3,[ 1 10],3,3,6,0,3
1,<environment.Job instance at 0x1530849dad70>,2,2,[1 9],6,6,8,0,6
1,<environment.Job instance at 0x153097990cd0>,3,3,[5 2],7,8,11,1,7
1,<environment.Job instance at 0x153097990280>,0,3,[7 1],4,4,7,0,4
1,<environment.Job instance at 0x153097990f00>,2,21,[ 2 10],7,7,28,0,7
1,<environment.Job instance at 0x153097bc6230>,0,1,[8 2],2,2,3,0,2
1,<environment.Job instance at 0x153084965e10>,3,3,[1 5],5,2910,2913,2905,2910
1,<environment.Job instance at 0x153084631140>,0,3,[9 2],3,3,6,0,3
1,<environment.Job instance at 0x153097b38dc0>,3,2,[7 1],7,7,9,0,7
1,<environment.Job instance at 0x153084b42870>,0,2,[5 1],1,1,3,0,1
1,<environment.Job instance at 0x153084bf0460>,0,3,[5 1],2,2,5,0,2
1,<environment.Job instance at 0x1530843fc730>,0,2,[1 9],1,1,3,0,1
1,<environment.Job instance at 0x153084ec0f00>,2,14,[8 1],4,4,18,0,4
1,<environment.Job instance at 0x153097a53320>,2,1,[7 1],6,48,49,42,48
1,<environment.Job instance at 0x1530978ec820>,0,2,[ 2 10],1,1,3,0,1
1,<environment.Job instance at 0x1530978ec870>,1,2,[ 2 10],2,3,5,1,2
1,<environment.Job instance at 0x1530978ec780>,2,3,[10  1],6,6,9,0,6
1,<environment.Job instance at 0x15309d658be0>,3,1,[7 2],5,5,6,0,5
1,<environment.Job instance at 0x1530849f1870>,4,1,[7 1],6,6,7,0,6
1,<environment.Job instance at 0x1530849f11e0>,5,2,[1 6],7,7,9,0,7
1,<environment.Job instance at 0x153096105f00>,6,3,[1 6],9,9,12,0,9
1,<environment.Job instance at 0x153097907eb0>,0,3,[5 2],1,1,4,0,1
1,<environment.Job instance at 0x1530847aadc0>,1,3,[7 2],3,3,6,0,3
1,<environment.Job instance at 0x15309ebb7d20>,5,3,[10  2],8,8,11,0,8
1,<environment.Job instance at 0x15309d6e5b90>,1,12,[ 1 10],3,3,15,0,3
1,<environment.Job instance at 0x1530846dbd20>,2,3,[6 2],4,15,18,11,8
1,<environment.Job instance at 0x15309cce5460>,1,13,[7 1],3,3,16,0,3
1,<environment.Job instance at 0x1530849cb050>,7,18,[1 7],9,9,27,0,9
1,<environment.Job instance at 0x1530849cb9b0>,0,3,[ 1 10],1,1,4,0,1
1,<environment.Job instance at 0x1530849cb1e0>,1,2,[1 9],3,4,6,1,3
1,<environment.Job instance at 0x1530849cba00>,3,1,[10  1],6,6,7,0,6
1,<environment.Job instance at 0x153084996cd0>,1,1,[7 2],2,2,3,0,2
1,<environment.Job instance at 0x153084996cd0>,1,1,[2 5],3,3,4,0,3
1,<environment.Job instance at 0x15309db11460>,3,16,[2 8],5,5,21,0,5
1,<environment.Job instance at 0x1530844deb40>,2,28,[2 9],4,4,32,0,4
1,<environment.Job instance at 0x1530844c1460>,1,13,[2 7],5,5,18,0,5
1,<environment.Job instance at 0x153084b2b7d0>,2,1,[1 6],3,3,4,0,3
1,<environment.Job instance at 0x153084b2b050>,4,2,[ 2 10],5,5,7,0,5
1,<environment.Job instance at 0x153084bbaa00>,6,3,[2 7],7,7,10,0,7
1,<environment.Job instance at 0x153084b2b4b0>,7,2,[2 5],8,10,12,2,8
1,<environment.Job instance at 0x153098840870>,8,3,[10  1],9,12,15,3,9
1,<environment.Job instance at 0x15308436d5f0>,1,3,[7 2],5,315,318,310,315
1,<environment.Job instance at 0x15309614fd20>,2,1,[5 1],5,5,6,0,5
1,<environment.Job instance at 0x15309614faf0>,3,12,[6 1],6,6,18,0,6
1,<environment.Job instance at 0x1530985c3460>,2,13,[ 1 10],3,3,16,0,3
1,<environment.Job instance at 0x153084abecd0>,1,17,[7 1],3,3,20,0,3
1,<environment.Job instance at 0x15309cc32730>,1,12,[10  2],4,4,16,0,4
1,<environment.Job instance at 0x153098825780>,4,1,[7 2],9,16,17,7,16
1,<environment.Job instance at 0x1530846800f0>,1,2,[1 5],2,2,4,0,2
1,<environment.Job instance at 0x153084680780>,3,2,[2 9],4,4,6,0,4
1,<environment.Job instance at 0x1530846e4410>,1,3,[8 1],5,5,8,0,5
1,<environment.Job instance at 0x153084f64780>,3,14,[6 2],9,14,28,5,14
1,<environment.Job instance at 0x153084f64aa0>,2,1,[5 1],3,2522,2523,2519,2522
1,<environment.Job instance at 0x15309d5a7550>,2,1,[1 9],4,4,5,0,4
1,<environment.Job instance at 0x15309d5a7730>,3,21,[1 6],5,5,26,0,5
1,<environment.Job instance at 0x1530849b2d20>,0,3,[9 2],5,5,8,0,5
1,<environment.Job instance at 0x1530849b2e60>,1,1,[10  2],6,8,9,2,6
1,<environment.Job instance at 0x1530849b2960>,2,3,[1 9],9,9,12,0,9
1,<environment.Job instance at 0x1530988df5a0>,0,2,[8 2],1,1,3,0,1
1,<environment.Job instance at 0x1530988139b0>,2,3,[ 1 10],4,4,7,0,4
1,<environment.Job instance at 0x1530988dfd70>,4,16,[8 1],7,11,27,4,11
1,<environment.Job instance at 0x15309cf4ca50>,4,1,[8 2],5,5,6,0,5
1,<environment.Job instance at 0x1530843847d0>,5,2,[ 1 10],7,7,9,0,7
1,<environment.Job instance at 0x15309cf4cb90>,6,19,[8 1],8,9,28,1,8
1,<environment.Job instance at 0x15309cf755a0>,0,2,[1 7],4,4,6,0,4
1,<environment.Job instance at 0x15309cf75500>,1,2,[8 2],5,5,7,0,5
1,<environment.Job instance at 0x15309cf754b0>,2,3,[8 2],7,7,10,0,7
1,<environment.Job instance at 0x15309857c640>,3,2,[1 6],4,4,6,0,4
1,<environment.Job instance at 0x153098586cd0>,4,12,[ 2 10],5,6,18,1,5
1,<environment.Job instance at 0x153098586be0>,7,2,[2 7],8,18,20,10,8
1,<environment.Job instance at 0x153084e365f0>,0,2,[1 6],1,1,3,0,1
1,<environment.Job instance at 0x153084504730>,5,12,[ 2 10],9,9,21,0,9
1,<environment.Job instance at 0x1530845110a0>,0,2,[10  1],1,1,3,0,1
1,<environment.Job instance at 0x153084511870>,1,3,[8 2],2,3,6,1,2
1,<environment.Job instance at 0x153084511550>,2,2,[2 7],3,3,5,0,3
1,<environment.Job instance at 0x1530845117d0>,3,3,[5 2],5,6,9,1,5
1,<environment.Job instance at 0x153084cd5f50>,0,2,[7 2],4,4,6,0,4
1,<environment.Job instance at 0x153084332780>,2,1,[2 5],6,6,7,0,6
1,<environment.Job instance at 0x153097a825a0>,4,2,[2 9],9,82,84,73,82
1,<environment.Job instance at 0x153084840640>,0,2,[1 5],1,1,3,0,1
1,<environment.Job instance at 0x153097a82fa0>,1,3,[7 1],2,2,5,0,2
1,<environment.Job instance at 0x153084840870>,3,3,[6 2],6,6,9,0,6
1,<environment.Job instance at 0x153084840fa0>,5,2,[ 1 10],8,10,12,2,10
1,<environment.Job instance at 0x15308428d9b0>,0,2,[8 2],2,2,4,0,2
1,<environment.Job instance at 0x15309f8c48c0>,1,3,[9 1],5,5,8,0,5
1,<environment.Job instance at 0x15308428da00>,3,2,[1 5],8,8,10,0,8
1,<environment.Job instance at 0x15309846c820>,1,13,[ 2 10],5,5,18,0,5
1,<environment.Job instance at 0x15308467c190>,2,2,[5 2],4,4,6,0,4
1,<environment.Job instance at 0x15308467c1e0>,5,1,[6 1],8,8,9,0,8
1,<environment.Job instance at 0x15308435dd20>,6,16,[6 2],9,9,25,0,9
1,<environment.Job instance at 0x153084364910>,0,2,[1 9],1,1,3,0,1
1,<environment.Job instance at 0x153084364460>,1,3,[7 1],2,2,5,0,2
1,<environment.Job instance at 0x15309792e9b0>,0,3,[10  1],1,1,4,0,1
1,<environment.Job instance at 0x153084a0fd70>,3,1,[9 1],7,7,8,0,7
1,<environment.Job instance at 0x153084a0fc30>,4,2,[ 1 10],9,9,11,0,9
1,<environment.Job instance at 0x153098578be0>,0,3,[5 2],1,1,4,0,1
1,<environment.Job instance at 0x153098578eb0>,3,15,[ 1 10],5,5,20,0,5
1,<environment.Job instance at 0x15309ec10dc0>,4,1,[7 2],6,20,21,14,6
1,<environment.Job instance at 0x153084d5a1e0>,5,1,[2 8],7,20,21,13,7
1,<environment.Job instance at 0x1530987fff50>,1,3,[8 1],2,2,5,0,2
1,<environment.Job instance at 0x15308498df00>,2,2,[6 1],4,5,7,1,4
1,<environment.Job instance at 0x15309f704230>,4,3,[1 7],6,8,11,2,8
1,<environment.Job instance at 0x1530849dfbe0>,7,3,[8 2],9,9,12,0,9
1,<environment.Job instance at 0x1530846b79b0>,3,2,[2 6],4,4,6,0,4
1,<environment.Job instance at 0x1530849dfaf0>,5,3,[7 2],6,6,9,0,6
1,<environment.Job instance at 0x1530846b7a00>,6,16,[7 2],9,9,25,0,9
1,<environment.Job instance at 0x1530849f8640>,2,3,[10  2],7,7,10,0,7
1,<environment.Job instance at 0x1530961721e0>,1,3,[1 9],3,3,6,0,3
1,<environment.Job instance at 0x1530849f8640>,2,2,[6 1],5,5,7,0,5
1,<environment.Job instance at 0x1530848730a0>,1,2,[7 2],4,4,6,0,4
1,<environment.Job instance at 0x1530848737d0>,2,2,[2 9],6,6,8,0,6
1,<environment.Job instance at 0x1530844e7550>,0,3,[7 1],1,1,4,0,1
1,<environment.Job instance at 0x15308494fc30>,2,3,[7 1],3,4,7,1,3
1,<environment.Job instance at 0x1530985464b0>,0,3,[5 1],1,1,4,0,1
1,<environment.Job instance at 0x153098546500>,1,2,[5 2],4,4,6,0,4
1,<environment.Job instance at 0x153097b30280>,2,3,[9 2],7,7,10,0,7
1,<environment.Job instance at 0x153084c53e10>,4,14,[ 1 10],9,10,24,1,9
1,<environment.Job instance at 0x153084c530a0>,0,2,[1 7],3,3,5,0,3
1,<environment.Job instance at 0x153084dbec30>,5,3,[ 1 10],9,9,12,0,9
1,<environment.Job instance at 0x1530843a24b0>,1,2,[5 1],2,2,4,0,2
1,<environment.Job instance at 0x153084dbec30>,3,3,[8 1],6,6,9,0,6
1,<environment.Job instance at 0x1530842ac960>,4,3,[9 2],9,9,12,0,9
1,<environment.Job instance at 0x15309cc2aaa0>,0,2,[2 7],2,2,4,0,2
1,<environment.Job instance at 0x15309cc2ac30>,1,2,[8 2],3,3,5,0,3
1,<environment.Job instance at 0x153099b43f00>,4,3,[2 5],7,7,10,0,7
1,<environment.Job instance at 0x153099b43aa0>,6,2,[ 1 10],9,10,12,1,10
1,<environment.Job instance at 0x15309794aa00>,1,1,[7 2],2,2,3,0,2
1,<environment.Job instance at 0x1530979514b0>,3,2,[2 7],4,4,6,0,4
1,<environment.Job instance at 0x153097951370>,5,3,[1 8],8,8,11,0,8
1,<environment.Job instance at 0x153097951c30>,6,2,[2 7],9,11,13,2,9
1,<environment.Job instance at 0x1530849e6c80>,0,2,[8 1],1,1,3,0,1
1,<environment.Job instance at 0x153084cbc6e0>,1,3,[1 5],3,3,6,0,3
1,<environment.Job instance at 0x153084cbc2d0>,2,3,[2 9],5,6,9,1,5
1,<environment.Job instance at 0x153084cbcb40>,1,1,[5 2],3,3,4,0,3
1,<environment.Job instance at 0x15308448d690>,2,3,[7 2],6,6,9,0,6
1,<environment.Job instance at 0x15309858eaa0>,1,3,[1 8],3,3,6,0,3
1,<environment.Job instance at 0x15308452e730>,5,3,[7 2],7,7,10,0,7
1,<environment.Job instance at 0x153084df6dc0>,1,2,[8 1],3,3,5,0,3
1,<environment.Job instance at 0x15309880db90>,2,2,[2 8],8,8,10,0,8
1,<environment.Job instance at 0x153084fc7460>,2,21,[1 7],4,4,25,0,4
1,<environment.Job instance at 0x153084fc7780>,3,2,[9 2],5,5,7,0,5
1,<environment.Job instance at 0x153084328910>,4,2,[7 2],8,8,10,0,8
1,<environment.Job instance at 0x1530985aa190>,5,1,[2 8],9,10,11,1,10
1,<environment.Job instance at 0x1530985aa730>,1,3,[1 5],2,2,5,0,2
1,<environment.Job instance at 0x1530985aa820>,2,2,[1 5],4,4,6,0,4
1,<environment.Job instance at 0x1530979d82d0>,3,2,[1 7],8,8,10,0,8
1,<environment.Job instance at 0x1530979d8910>,4,1,[7 2],9,9,10,0,9
1,<environment.Job instance at 0x15309d634730>,0,2,[9 1],2,2,4,0,2
1,<environment.Job instance at 0x15308474f8c0>,3,1,[9 2],9,9,10,0,9
1,<environment.Job instance at 0x153098510050>,1,1,[ 2 10],7,9,10,2,9
1,<environment.Job instance at 0x153084d50c30>,2,3,[5 2],4,4,7,0,4
1,<environment.Job instance at 0x15308445e370>,3,1,[9 2],6,7,8,1,6
1,<environment.Job instance at 0x15308441ab90>,4,1,[5 2],7,8,9,1,7
1,<environment.Job instance at 0x15308441a0f0>,6,2,[2 8],9,9,11,0,9
1,<environment.Job instance at 0x153097b96aa0>,6,2,[7 2],8,8,10,0,8
1,<environment.Job instance at 0x153097b96870>,7,2,[8 2],9,10,12,1,9
1,<environment.Job instance at 0x1530985b8a00>,2,2,[2 8],4,4,6,0,4
1,<environment.Job instance at 0x153084c56fa0>,1,17,[7 2],2,2,19,0,2
1,<environment.Job instance at 0x15308470c820>,0,3,[7 2],1,1,4,0,1
1,<environment.Job instance at 0x15308470cfa0>,2,2,[7 2],3,4,6,1,3
1,<environment.Job instance at 0x15308470cdc0>,4,16,[7 2],5,6,22,1,5
1,<environment.Job instance at 0x1530848f42d0>,0,2,[1 9],1,1,3,0,1
1,<environment.Job instance at 0x1530848f4d70>,3,2,[2 6],6,6,8,0,6
1,<environment.Job instance at 0x15308461d820>,4,26,[1 9],7,8,34,1,7
1,<environment.Job instance at 0x153084f86f50>,1,2,[8 2],5,5,7,0,5
1,<environment.Job instance at 0x15308461d5f0>,3,3,[9 1],7,7,10,0,7
1,<environment.Job instance at 0x153084f772d0>,5,3,[2 7],9,10,13,1,9
1,<environment.Job instance at 0x153084f77820>,0,2,[6 2],1,1,3,0,1
1,<environment.Job instance at 0x153084f77870>,2,3,[1 5],6,6,9,0,6
1,<environment.Job instance at 0x153084cb25f0>,4,13,[1 5],8,8,21,0,8
1,<environment.Job instance at 0x15309cc8b820>,0,2,[2 7],1,1,3,0,1
1,<environment.Job instance at 0x15309cc8be10>,4,23,[8 2],7,9,32,2,9
1,<environment.Job instance at 0x15309857ca00>,3,14,[2 7],8,8,22,0,8
1,<environment.Job instance at 0x153095c5e8c0>,2,1,[10  2],3,5,6,2,5
1,<environment.Job instance at 0x15309f66cb40>,5,13,[ 2 10],6,6,19,0,6
1,<environment.Job instance at 0x153095ed9820>,0,3,[5 2],2,2,5,0,2
1,<environment.Job instance at 0x15309f66ccd0>,1,2,[8 2],4,5,7,1,4
1,<environment.Job instance at 0x15308425c410>,4,18,[1 8],8,8,26,0,8
1,<environment.Job instance at 0x1530848a6b90>,1,13,[6 2],2,9,22,7,9
1,<environment.Job instance at 0x153084441190>,0,2,[10  2],1,1,3,0,1
1,<environment.Job instance at 0x1530844410f0>,1,1,[1 8],3,3,4,0,3
1,<environment.Job instance at 0x1530849966e0>,2,2,[1 8],4,4,6,0,4
1,<environment.Job instance at 0x1530979db730>,4,3,[8 2],6,6,9,0,6
1,<environment.Job instance at 0x1530979db050>,0,3,[5 2],3,3,6,0,3
1,<environment.Job instance at 0x153084ad7fa0>,2,2,[1 7],5,5,7,0,5
1,<environment.Job instance at 0x1530979db0a0>,3,3,[9 2],9,9,12,0,9
1,<environment.Job instance at 0x153084f63140>,0,3,[8 1],1,1,4,0,1
1,<environment.Job instance at 0x153084f63d70>,3,19,[1 5],4,4,23,0,4
1,<environment.Job instance at 0x153084bfa7d0>,7,3,[5 1],9,9,12,0,9
1,<environment.Job instance at 0x1530844afeb0>,0,3,[10  1],1,1,4,0,1
1,<environment.Job instance at 0x15309d625c80>,5,21,[1 8],8,8,29,0,8
1,<environment.Job instance at 0x15309d625320>,0,2,[2 9],2,2,4,0,2
1,<environment.Job instance at 0x15309d6258c0>,2,3,[8 2],6,6,9,0,6
1,<environment.Job instance at 0x15309407ff50>,3,3,[10  2],7,9,12,2,7
1,<environment.Job instance at 0x1530978e1b40>,4,2,[1 9],8,12,14,4,8
1,<environment.Job instance at 0x153084ca0690>,0,3,[7 1],1,1,4,0,1
1,<environment.Job instance at 0x153084ca0b90>,2,3,[1 9],3,3,6,0,3
1,<environment.Job instance at 0x1530978e1b40>,3,3,[6 2],6,6,9,0,6
1,<environment.Job instance at 0x153084ca00f0>,5,2,[1 7],9,9,11,0,9
1,<environment.Job instance at 0x15309ebd3cd0>,0,2,[7 1],1,1,3,0,1
1,<environment.Job instance at 0x153084ca0af0>,1,3,[6 2],2,3,6,1,2
1,<environment.Job instance at 0x15309ccaa550>,0,2,[1 9],1,1,3,0,1
1,<environment.Job instance at 0x1530844ded20>,1,2,[6 1],2,2,4,0,2
1,<environment.Job instance at 0x15309849a550>,1,3,[ 2 10],2,2,5,0,2
1,<environment.Job instance at 0x15309849a5a0>,2,3,[5 1],3,5,8,2,3
1,<environment.Job instance at 0x15308429e0f0>,4,1,[9 2],6,8,9,2,6
1,<environment.Job instance at 0x15308429e230>,5,2,[6 2],7,9,11,2,7
1,<environment.Job instance at 0x15309d624af0>,2,2,[1 6],4,4,6,0,4
1,<environment.Job instance at 0x15309d624500>,3,3,[6 2],5,5,8,0,5
1,<environment.Job instance at 0x153084213640>,1,2,[6 1],2,2,4,0,2
1,<environment.Job instance at 0x153095c917d0>,5,3,[8 2],7,7,10,0,7
1,<environment.Job instance at 0x15308459d280>,1,3,[9 2],2,2,5,0,2
1,<environment.Job instance at 0x15308459d0a0>,3,2,[2 6],4,5,7,1,4
1,<environment.Job instance at 0x15308459da00>,5,1,[8 2],8,8,9,0,8
1,<environment.Job instance at 0x15308459dc30>,6,20,[9 1],9,9,29,0,9
1,<environment.Job instance at 0x15309844b5a0>,1,13,[10  2],2,2,15,0,2
1,<environment.Job instance at 0x15309844beb0>,4,3,[9 1],6,15,18,9,6
1,<environment.Job instance at 0x1530848ce1e0>,2,1,[8 2],5,5,6,0,5
1,<environment.Job instance at 0x153097c05b40>,3,1,[8 2],6,6,7,0,6
1,<environment.Job instance at 0x1530847b1780>,5,21,[10  2],8,8,29,0,8
1,<environment.Job instance at 0x153084fbb1e0>,6,2,[9 1],9,29,31,20,29
1,<environment.Job instance at 0x1530843b10f0>,0,2,[1 7],1,1,3,0,1
1,<environment.Job instance at 0x1530847b1690>,1,3,[ 1 10],2,3,6,1,2
1,<environment.Job instance at 0x153097c05320>,3,2,[2 9],5,6,8,1,5
1,<environment.Job instance at 0x153097b088c0>,5,1,[1 9],7,8,9,1,7
1,<environment.Job instance at 0x153097b089b0>,6,1,[1 6],9,9,10,0,9
1,<environment.Job instance at 0x153097ad80a0>,1,2,[2 6],2,2,4,0,2
1,<environment.Job instance at 0x153097ad8190>,2,3,[10  2],3,4,7,1,3
1,<environment.Job instance at 0x153084475aa0>,4,2,[7 2],7,7,9,0,7
1,<environment.Job instance at 0x15309d5fec30>,5,3,[9 1],8,9,12,1,8
1,<environment.Job instance at 0x15309d5feaf0>,1,3,[ 2 10],2,2,5,0,2
1,<environment.Job instance at 0x15309d5fec30>,2,3,[1 7],5,5,8,0,5
1,<environment.Job instance at 0x153084841640>,3,3,[9 1],7,7,10,0,7
1,<environment.Job instance at 0x153098505550>,5,3,[1 7],9,9,12,0,9
1,<environment.Job instance at 0x1530846dba50>,0,1,[8 2],1,1,2,0,1
1,<environment.Job instance at 0x15309ebb3550>,5,2,[ 1 10],9,9,11,0,9
1,<environment.Job instance at 0x15309ebb3a00>,0,2,[8 2],1,1,3,0,1
1,<environment.Job instance at 0x15309ebb3d70>,1,3,[7 2],3,3,6,0,3
1,<environment.Job instance at 0x1530845faf50>,3,2,[8 2],7,7,9,0,7
1,<environment.Job instance at 0x153084998550>,0,3,[7 2],1,1,4,0,1
1,<environment.Job instance at 0x153084998be0>,1,2,[1 5],3,3,5,0,3
1,<environment.Job instance at 0x1530845fa8c0>,2,1,[5 2],4,4,5,0,4
1,<environment.Job instance at 0x153097a972d0>,4,2,[1 6],6,6,8,0,6
1,<environment.Job instance at 0x153097a97820>,1,2,[5 1],2,2,4,0,2
1,<environment.Job instance at 0x15309b9bdb40>,2,3,[9 1],3,4,7,1,3
1,<environment.Job instance at 0x15309b9bdfa0>,3,3,[10  1],4,7,10,3,4
1,<environment.Job instance at 0x15309d68e2d0>,1,1,[5 2],2,2,3,0,2
1,<environment.Job instance at 0x15309611b550>,2,2,[2 9],3,3,5,0,3
1,<environment.Job instance at 0x15309611bf50>,3,2,[8 2],4,5,7,1,4
1,<environment.Job instance at 0x15309d68e820>,4,1,[8 1],6,7,8,1,6
1,<environment.Job instance at 0x15309f5e5a50>,2,2,[7 2],3,3,5,0,3
1,<environment.Job instance at 0x15309f5e5b90>,3,3,[7 1],4,5,8,1,4
1,<environment.Job instance at 0x1530844186e0>,5,3,[8 2],7,8,11,1,7
1,<environment.Job instance at 0x15309611eeb0>,4,3,[9 2],6,6,9,0,6
1,<environment.Job instance at 0x1530844186e0>,6,3,[5 1],8,9,12,1,8
1,<environment.Job instance at 0x15308482bf00>,1,1,[5 1],3,3,4,0,3
1,<environment.Job instance at 0x1530960e8730>,4,23,[9 1],7,7,30,0,7
1,<environment.Job instance at 0x153084406190>,5,2,[5 1],9,30,32,21,10
1,<environment.Job instance at 0x1530978d30a0>,3,1,[ 2 10],7,7,8,0,7
1,<environment.Job instance at 0x15309cc379b0>,4,2,[ 2 10],8,8,10,0,8
1,<environment.Job instance at 0x153084424be0>,0,1,[1 6],1,1,2,0,1
1,<environment.Job instance at 0x15309cc375f0>,1,3,[6 1],3,3,6,0,3
1,<environment.Job instance at 0x1530844247d0>,2,3,[10  1],4,6,9,2,4
1,<environment.Job instance at 0x15309881c690>,5,1,[ 1 10],7,9,10,2,7
1,<environment.Job instance at 0x1530848e4820>,0,2,[10  2],1,1,3,0,1
1,<environment.Job instance at 0x1530960fa370>,2,1,[2 5],5,5,6,0,5
1,<environment.Job instance at 0x153097ac00f0>,0,2,[6 1],1,1,3,0,1
1,<environment.Job instance at 0x153097ac0cd0>,1,3,[5 1],2,3,6,1,2
1,<environment.Job instance at 0x1530845646e0>,3,1,[7 1],7,7,8,0,7
1,<environment.Job instance at 0x153084c63eb0>,4,3,[1 9],8,8,11,0,8
1,<environment.Job instance at 0x15308425faf0>,0,3,[6 1],1,1,4,0,1
1,<environment.Job instance at 0x153084c639b0>,1,2,[8 2],6,6,8,0,6
1,<environment.Job instance at 0x15308425fa50>,3,13,[9 1],8,8,21,0,8
1,<environment.Job instance at 0x15309846eeb0>,0,3,[8 1],2,2,5,0,2
1,<environment.Job instance at 0x153097b083c0>,1,3,[6 2],2,2,5,0,2
1,<environment.Job instance at 0x153084a0a6e0>,2,2,[1 6],3,3,5,0,3
1,<environment.Job instance at 0x1530844e3a00>,4,3,[2 7],6,6,9,0,6
1,<environment.Job instance at 0x15309ccd88c0>,6,1,[2 6],9,9,10,0,9
1,<environment.Job instance at 0x15309ccd87d0>,2,3,[ 1 10],3,3,6,0,3
1,<environment.Job instance at 0x1530846da7d0>,1,1,[9 2],3,3,4,0,3
1,<environment.Job instance at 0x1530846da5f0>,2,3,[2 8],4,4,7,0,4
1,<environment.Job instance at 0x1530846da5a0>,3,3,[5 1],7,7,10,0,7
1,<environment.Job instance at 0x1530846c1d70>,4,2,[10  2],8,10,12,2,8
1,<environment.Job instance at 0x1530846c1640>,5,3,[7 2],9,12,15,3,9
1,<environment.Job instance at 0x1530984eaa00>,0,3,[8 1],1,1,4,0,1
1,<environment.Job instance at 0x1530984eab40>,3,3,[2 6],8,8,11,0,8
1,<environment.Job instance at 0x15309d65faa0>,0,3,[9 1],2,2,5,0,2
1,<environment.Job instance at 0x153084a11960>,2,16,[ 1 10],4,5,21,1,5
1,<environment.Job instance at 0x1530848c1c30>,6,3,[2 8],9,21,24,12,9
1,<environment.Job instance at 0x1530984ea5f0>,3,1,[1 8],5,24,25,19,21
1,<environment.Job instance at 0x1530848dd870>,0,3,[2 8],1,1,4,0,1
1,<environment.Job instance at 0x153098433e60>,3,18,[2 7],4,4,22,0,4
1,<environment.Job instance at 0x1530848dd370>,2,3,[9 2],4,4,7,0,4
1,<environment.Job instance at 0x1530846a9460>,4,13,[2 6],7,7,20,0,7
1,<environment.Job instance at 0x15309d654c30>,5,20,[1 6],8,20,40,12,12
1,<environment.Job instance at 0x153098833af0>,1,15,[2 9],3,3,18,0,3
1,<environment.Job instance at 0x1530849ea3c0>,4,2,[2 9],6,6,8,0,6
1,<environment.Job instance at 0x1530849ea0a0>,6,12,[2 5],8,8,20,0,8
1,<environment.Job instance at 0x153084dc9dc0>,0,3,[5 1],1,1,4,0,1
1,<environment.Job instance at 0x153097a1f640>,3,2,[8 1],4,4,6,0,4
1,<environment.Job instance at 0x15309611b370>,4,1,[5 1],6,6,7,0,6
1,<environment.Job instance at 0x15308458cbe0>,5,2,[1 8],7,7,9,0,7
1,<environment.Job instance at 0x153097a1f960>,1,26,[9 2],3,3,29,0,3
1,<environment.Job instance at 0x1530846835a0>,3,14,[2 9],6,6,20,0,6
1,<environment.Job instance at 0x153098558dc0>,0,1,[1 8],2,2,3,0,2
1,<environment.Job instance at 0x153084683910>,1,2,[ 1 10],3,3,5,0,3
1,<environment.Job instance at 0x1530848c44b0>,2,1,[10  2],4,5,6,1,4
1,<environment.Job instance at 0x1530848c4910>,4,2,[8 1],9,9,11,0,9
1,<environment.Job instance at 0x1530846832d0>,0,2,[1 7],3,3,5,0,3
1,<environment.Job instance at 0x153084a261e0>,1,3,[9 2],2,2,5,0,2
1,<environment.Job instance at 0x15308432fa00>,4,3,[2 8],9,35,38,26,35
1,<environment.Job instance at 0x1530845b9b40>,0,3,[8 1],1,1,4,0,1
1,<environment.Job instance at 0x1530845b9aa0>,1,2,[10  1],2,4,6,2,2
1,<environment.Job instance at 0x1530979de640>,3,3,[2 6],4,6,9,2,4
1,<environment.Job instance at 0x1530845b9af0>,6,1,[9 1],7,9,10,2,7
1,<environment.Job instance at 0x15309789b050>,7,15,[ 1 10],8,10,25,2,8
1,<environment.Job instance at 0x1530843b88c0>,0,2,[1 5],1,1,3,0,1
1,<environment.Job instance at 0x153084b13870>,2,25,[ 1 10],4,4,29,0,4
1,<environment.Job instance at 0x153084fc6190>,3,3,[6 2],5,32,35,27,32
1,<environment.Job instance at 0x15308428d2d0>,0,1,[2 5],1,1,2,0,1
1,<environment.Job instance at 0x15309ebd9f00>,2,16,[ 2 10],4,4,20,0,4
1,<environment.Job instance at 0x153097b3b320>,2,14,[1 8],3,3,17,0,3
1,<environment.Job instance at 0x153084dd70f0>,6,2,[1 8],7,17,19,10,7
1,<environment.Job instance at 0x153097a2a1e0>,8,1,[2 5],9,19,20,10,9
1,<environment.Job instance at 0x153097922a00>,1,2,[8 1],3,3,5,0,3
1,<environment.Job instance at 0x153097a2a1e0>,2,3,[1 9],4,4,7,0,4
1,<environment.Job instance at 0x15309d6c44b0>,3,2,[10  1],5,7,9,2,5
1,<environment.Job instance at 0x153084bfba00>,6,3,[1 5],8,9,12,1,9
1,<environment.Job instance at 0x15309cd10c30>,0,2,[2 6],1,1,3,0,1
1,<environment.Job instance at 0x153097ba1c30>,1,2,[7 1],2,2,4,0,2
1,<environment.Job instance at 0x15309d6c4a00>,2,3,[6 1],3,4,7,1,3
1,<environment.Job instance at 0x153084e5a3c0>,4,2,[6 1],5,7,9,2,5
1,<environment.Job instance at 0x153084e5a460>,6,2,[10  1],7,9,11,2,7
1,<environment.Job instance at 0x153097ba1e60>,8,1,[8 1],9,11,12,2,9
1,<environment.Job instance at 0x153084283410>,1,18,[6 1],3,3,21,0,3
1,<environment.Job instance at 0x153084e0ffa0>,1,2,[5 1],2,2,4,0,2
1,<environment.Job instance at 0x153084e0fd70>,2,2,[7 2],3,4,6,1,3
1,<environment.Job instance at 0x15308493b550>,6,3,[7 1],7,7,10,0,7
1,<environment.Job instance at 0x1530848c5b90>,1,17,[1 7],2,2,19,0,2
1,<environment.Job instance at 0x15308424b870>,5,2,[8 2],8,8,10,0,8
1,<environment.Job instance at 0x153084dc9e60>,2,1,[ 2 10],4,4,5,0,4
1,<environment.Job instance at 0x153084b2bb90>,3,12,[ 1 10],8,8,20,0,8
1,<environment.Job instance at 0x15309d6414b0>,4,2,[6 2],9,9,11,0,9
1,<environment.Job instance at 0x153084c56f00>,1,3,[1 7],2,2,5,0,2
1,<environment.Job instance at 0x153084306eb0>,2,2,[10  2],3,5,7,2,3
1,<environment.Job instance at 0x153084306b40>,4,3,[7 1],6,7,10,1,6
1,<environment.Job instance at 0x1530848fa960>,6,1,[7 1],9,10,11,1,10
1,<environment.Job instance at 0x153084eac640>,2,15,[10  2],6,6,21,0,6
1,<environment.Job instance at 0x153084426280>,0,3,[7 2],1,1,4,0,1
1,<environment.Job instance at 0x1530844262d0>,1,1,[5 2],3,4,5,1,3
1,<environment.Job instance at 0x1530842ec3c0>,1,3,[ 2 10],2,2,5,0,2
1,<environment.Job instance at 0x153084c5d780>,4,2,[1 7],6,87,89,81,87
1,<environment.Job instance at 0x15309cc36460>,0,1,[2 5],4,4,5,0,4
1,<environment.Job instance at 0x153084c5d410>,1,2,[7 2],5,5,7,0,5
1,<environment.Job instance at 0x153084c5d780>,2,3,[2 9],7,7,10,0,7
1,<environment.Job instance at 0x15309880d9b0>,3,2,[1 9],8,10,12,2,8
1,<environment.Job instance at 0x1530984e7780>,2,27,[2 8],6,6,33,0,6
1,<environment.Job instance at 0x1530843ad3c0>,0,3,[9 1],1,1,4,0,1
1,<environment.Job instance at 0x1530843ad320>,2,3,[10  1],3,7,10,4,7
1,<environment.Job instance at 0x1530984abf00>,4,13,[9 1],8,1142,1155,1134,1142
1,<environment.Job instance at 0x15309614f280>,1,13,[1 9],2,2,15,0,2
1,<environment.Job instance at 0x1530984ab910>,2,26,[ 2 10],4,15,41,11,12
1,<environment.Job instance at 0x153084b7acd0>,1,2,[1 5],5,5,7,0,5
1,<environment.Job instance at 0x153084b7a140>,3,2,[10  1],7,7,9,0,7
1,<environment.Job instance at 0x153084b7a1e0>,3,1,[5 2],6,8,9,2,8
1,<environment.Job instance at 0x153097adf140>,6,3,[8 2],9,9,12,0,9
1,<environment.Job instance at 0x153097adfb90>,0,2,[5 2],1,1,3,0,1
1,<environment.Job instance at 0x1530843a7280>,1,1,[1 9],3,3,4,0,3
1,<environment.Job instance at 0x1530843a7410>,2,3,[9 1],4,4,7,0,4
1,<environment.Job instance at 0x1530843a7780>,3,12,[1 8],6,6,18,0,6
1,<environment.Job instance at 0x1530843a7320>,4,1,[7 1],7,18,19,11,18
1,<environment.Job instance at 0x1530843a7f00>,2,3,[1 9],4,4,7,0,4
1,<environment.Job instance at 0x15308499eb40>,4,2,[5 2],7,7,9,0,7
1,<environment.Job instance at 0x15309f01e9b0>,2,2,[9 2],3,3,5,0,3
1,<environment.Job instance at 0x1530848b5140>,3,2,[6 2],4,5,7,1,4
1,<environment.Job instance at 0x1530848f2f00>,1,2,[1 7],2,2,4,0,2
1,<environment.Job instance at 0x153095c75f50>,2,2,[2 5],3,4,6,1,3
1,<environment.Job instance at 0x1530848f2a00>,3,3,[1 9],7,7,10,0,7
1,<environment.Job instance at 0x1530846c1e10>,1,2,[ 2 10],2,2,4,0,2
1,<environment.Job instance at 0x1530961c0320>,1,3,[10  2],3,3,6,0,3
1,<environment.Job instance at 0x1530846c1a50>,3,3,[9 1],7,7,10,0,7
1,<environment.Job instance at 0x1530841aa050>,1,3,[1 9],5,5,8,0,5
1,<environment.Job instance at 0x153084599780>,2,2,[5 2],7,8,10,1,7
1,<environment.Job instance at 0x153084eb2230>,1,3,[6 2],2,2,5,0,2
1,<environment.Job instance at 0x153084eb2370>,7,14,[9 1],9,9,23,0,9
1,<environment.Job instance at 0x1530846a0dc0>,0,1,[8 2],1,1,2,0,1
1,<environment.Job instance at 0x153084eb20f0>,1,3,[10  1],2,2,5,0,2
1,<environment.Job instance at 0x153084e69c80>,4,3,[1 9],8,8,11,0,8
1,<environment.Job instance at 0x153084e69a50>,5,2,[2 9],9,11,13,2,9
1,<environment.Job instance at 0x15308441e1e0>,0,3,[7 1],1,1,4,0,1
1,<environment.Job instance at 0x15308441e140>,2,3,[2 6],3,3,6,0,3
1,<environment.Job instance at 0x1530960f7370>,4,1,[10  1],6,6,7,0,6
1,<environment.Job instance at 0x15309ccfab90>,1,2,[ 1 10],4,4,6,0,4
1,<environment.Job instance at 0x153084fb9fa0>,2,3,[7 1],5,6,9,1,5
1,<environment.Job instance at 0x153084fb9aa0>,3,12,[10  2],7,9,21,2,7
1,<environment.Job instance at 0x1530940a0280>,4,16,[ 1 10],8,21,37,13,9
1,<environment.Job instance at 0x1530960f7d20>,5,3,[2 5],9,51,54,42,51
1,<environment.Job instance at 0x1530847bc0f0>,0,1,[7 2],1,1,2,0,1
1,<environment.Job instance at 0x1530847bcd20>,2,1,[2 5],3,3,4,0,3
1,<environment.Job instance at 0x1530847bc370>,3,1,[2 8],4,4,5,0,4
1,<environment.Job instance at 0x15309f851370>,2,1,[ 2 10],3,3,4,0,3
1,<environment.Job instance at 0x1530979b7730>,3,3,[10  1],5,5,8,0,5
1,<environment.Job instance at 0x153098503cd0>,6,2,[10  1],9,9,11,0,9
1,<environment.Job instance at 0x153084d3e3c0>,0,3,[6 1],2,2,5,0,2
1,<environment.Job instance at 0x1530846963c0>,0,3,[1 7],1,1,4,0,1
1,<environment.Job instance at 0x153084696fa0>,1,3,[8 1],2,2,5,0,2
1,<environment.Job instance at 0x153084696500>,2,2,[1 5],3,4,6,1,3
1,<environment.Job instance at 0x15309ccb9870>,3,2,[9 2],5,5,7,0,5
1,<environment.Job instance at 0x15309ccb9870>,2,2,[9 2],3,3,5,0,3
1,<environment.Job instance at 0x153098506eb0>,4,1,[2 6],5,5,6,0,5
1,<environment.Job instance at 0x153098506f00>,5,1,[2 8],7,7,8,0,7
1,<environment.Job instance at 0x153084a5f320>,6,2,[9 2],8,8,10,0,8
1,<environment.Job instance at 0x153084a5fc30>,3,3,[2 8],8,8,11,0,8
1,<environment.Job instance at 0x153097a86af0>,0,1,[10  1],2,2,3,0,2
1,<environment.Job instance at 0x153097a86780>,1,1,[9 2],3,3,4,0,3
1,<environment.Job instance at 0x1530961b61e0>,2,2,[10  1],4,4,6,0,4
1,<environment.Job instance at 0x153097a869b0>,4,3,[5 2],7,7,10,0,7
1,<environment.Job instance at 0x153084229870>,1,3,[5 1],3,3,6,0,3
1,<environment.Job instance at 0x153097c133c0>,4,3,[5 2],7,7,10,0,7
1,<environment.Job instance at 0x153084d4a0a0>,0,2,[1 8],1,1,3,0,1
1,<environment.Job instance at 0x153097b8c870>,4,3,[5 1],7,7,10,0,7
1,<environment.Job instance at 0x1530984c5550>,1,1,[7 2],2,2,3,0,2
1,<environment.Job instance at 0x1530984c5a00>,2,2,[6 2],3,3,5,0,3
1,<environment.Job instance at 0x153097ad7cd0>,4,3,[ 1 10],6,6,9,0,6
1,<environment.Job instance at 0x15309b9c7690>,6,2,[5 1],8,9,11,1,8
1,<environment.Job instance at 0x153084cb3870>,0,2,[10  2],1,1,3,0,1
1,<environment.Job instance at 0x15309b9c7690>,2,2,[2 6],4,4,6,0,4
1,<environment.Job instance at 0x153084cb3820>,4,3,[1 6],6,9,12,3,9
1,<environment.Job instance at 0x1530988e6e10>,0,2,[1 9],3,3,5,0,3
1,<environment.Job instance at 0x153084f810f0>,1,1,[9 2],4,5,6,1,4
1,<environment.Job instance at 0x153084cb3fa0>,2,3,[ 2 10],7,7,10,0,7
1,<environment.Job instance at 0x153084f81a00>,3,2,[5 2],9,10,12,1,9
1,<environment.Job instance at 0x1530961c5320>,0,3,[7 1],1,1,4,0,1
1,<environment.Job instance at 0x1530961c5c30>,6,3,[7 2],9,11,14,2,11
1,<environment.Job instance at 0x153097a48af0>,2,2,[ 2 10],4,4,6,0,4
1,<environment.Job instance at 0x1530844dedc0>,4,12,[10  1],6,6,18,0,6
1,<environment.Job instance at 0x153096c53690>,0,2,[6 1],2,2,4,0,2
1,<environment.Job instance at 0x1530843d6320>,2,2,[1 7],5,5,7,0,5
1,<environment.Job instance at 0x15308485c3c0>,3,3,[2 5],6,6,9,0,6
1,<environment.Job instance at 0x153084a29140>,1,2,[ 2 10],3,3,5,0,3
1,<environment.Job instance at 0x15309cf4aaa0>,2,17,[5 1],4,5,22,1,4
1,<environment.Job instance at 0x153084399690>,0,2,[10  2],1,1,3,0,1
1,<environment.Job instance at 0x1530847fdbe0>,2,3,[7 1],5,5,8,0,5
1,<environment.Job instance at 0x1530844cc3c0>,4,2,[2 5],8,8,10,0,8
1,<environment.Job instance at 0x1530844cc3c0>,2,16,[7 1],4,4,20,0,4
1,<environment.Job instance at 0x153084c36320>,4,14,[1 9],6,6,20,0,6
1,<environment.Job instance at 0x15308482d640>,6,2,[2 6],9,20,22,11,9
1,<environment.Job instance at 0x153084f69500>,1,12,[6 2],5,5,17,0,5
1,<environment.Job instance at 0x153084f69050>,2,3,[2 5],9,9,12,0,9
1,<environment.Job instance at 0x15308463f9b0>,0,2,[1 8],1,1,3,0,1
1,<environment.Job instance at 0x15308463f820>,2,2,[2 6],4,4,6,0,4
1,<environment.Job instance at 0x15308463f5a0>,3,3,[1 8],5,6,9,1,5
1,<environment.Job instance at 0x153084e15320>,0,3,[7 1],1,1,4,0,1
1,<environment.Job instance at 0x153084e15280>,2,17,[2 6],5,5,22,0,5
1,<environment.Job instance at 0x15308454b460>,0,1,[7 1],1,1,2,0,1
1,<environment.Job instance at 0x15308454b7d0>,1,2,[6 2],2,2,4,0,2
1,<environment.Job instance at 0x15308454b910>,3,15,[6 1],4,4,19,0,4
1,<environment.Job instance at 0x153084c832d0>,8,3,[1 9],9,9,12,0,9
1,<environment.Job instance at 0x15309f668230>,0,2,[2 7],1,1,3,0,1
1,<environment.Job instance at 0x153084efb1e0>,1,3,[5 1],2,2,5,0,2
1,<environment.Job instance at 0x1530979d8a00>,3,3,[6 2],5,5,8,0,5
1,<environment.Job instance at 0x15309e77be60>,4,1,[10  2],6,8,9,2,6
1,<environment.Job instance at 0x15308461d230>,1,2,[2 9],2,2,4,0,2
1,<environment.Job instance at 0x1530978b4320>,3,14,[6 1],5,5,19,0,5
1,<environment.Job instance at 0x1530978b4370>,4,2,[2 6],6,6,8,0,6
1,<environment.Job instance at 0x153097a236e0>,5,18,[5 2],8,19,37,11,8
1,<environment.Job instance at 0x1530984c5550>,2,2,[1 8],5,5,7,0,5
1,<environment.Job instance at 0x153084c62500>,2,3,[2 7],4,4,7,0,4
1,<environment.Job instance at 0x153097b6fa00>,3,17,[1 8],5,7,24,2,5
1,<environment.Job instance at 0x153084a6b0f0>,4,2,[2 5],7,7,9,0,7
1,<environment.Job instance at 0x153097a85190>,6,2,[2 8],9,9,11,0,9
1,<environment.Job instance at 0x153097a85af0>,0,1,[2 7],2,2,3,0,2
1,<environment.Job instance at 0x1530845ec5f0>,3,2,[1 9],7,7,9,0,7
1,<environment.Job instance at 0x153097a17820>,0,2,[2 9],1,1,3,0,1
1,<environment.Job instance at 0x1530845ec190>,1,2,[9 1],2,3,5,1,2
1,<environment.Job instance at 0x153099b490a0>,2,2,[9 1],3,5,7,2,3
1,<environment.Job instance at 0x1530984e0730>,1,3,[5 2],4,4,7,0,4
1,<environment.Job instance at 0x153097bfac30>,2,2,[2 9],6,7,9,1,6
1,<environment.Job instance at 0x1530960eac80>,4,3,[5 1],8,8,11,0,8
1,<environment.Job instance at 0x1530960ea460>,0,1,[9 1],1,1,2,0,1
1,<environment.Job instance at 0x1530960ea870>,1,3,[5 1],2,2,5,0,2
1,<environment.Job instance at 0x153084dc9690>,1,1,[8 2],4,4,5,0,4
1,<environment.Job instance at 0x153084bc66e0>,4,2,[ 2 10],8,8,10,0,8
1,<environment.Job instance at 0x153084c89eb0>,1,1,[10  2],3,3,4,0,3
1,<environment.Job instance at 0x153084d13d70>,2,3,[7 2],4,4,7,0,4
1,<environment.Job instance at 0x153099b4c4b0>,3,2,[2 9],6,7,9,1,6
1,<environment.Job instance at 0x153084274460>,0,1,[2 8],1,1,2,0,1
1,<environment.Job instance at 0x1530842743c0>,1,1,[1 6],2,2,3,0,2
1,<environment.Job instance at 0x15309d610820>,2,2,[8 2],3,3,5,0,3
1,<environment.Job instance at 0x15309d610d70>,4,3,[6 2],8,8,11,0,8
1,<environment.Job instance at 0x1530988af320>,0,3,[ 2 10],1,1,4,0,1
1,<environment.Job instance at 0x1530988af820>,2,2,[6 1],3,4,6,1,3
1,<environment.Job instance at 0x1530988af190>,3,2,[10  2],4,6,8,2,4
1,<environment.Job instance at 0x15309d610d70>,4,2,[10  2],5,8,10,3,5
1,<environment.Job instance at 0x1530988af0a0>,5,3,[8 1],6,10,13,4,6
1,<environment.Job instance at 0x1530988af870>,1,2,[6 2],7,7,9,0,7
1,<environment.Job instance at 0x15309d595e60>,2,3,[8 2],8,9,12,1,8
1,<environment.Job instance at 0x153084e06280>,3,2,[7 1],7,7,9,0,7
1,<environment.Job instance at 0x15308475d780>,0,2,[1 5],2,2,4,0,2
1,<environment.Job instance at 0x15308473da50>,0,3,[9 1],1,1,4,0,1
1,<environment.Job instance at 0x153084270690>,2,3,[7 1],4,4,7,0,4
1,<environment.Job instance at 0x1530842700a0>,5,2,[6 2],8,8,10,0,8
1,<environment.Job instance at 0x153097975d70>,0,3,[10  1],1,1,4,0,1
1,<environment.Job instance at 0x153097975a00>,5,3,[8 1],9,9,12,0,9
1,<environment.Job instance at 0x15308442ca50>,3,3,[1 9],4,4,7,0,4
1,<environment.Job instance at 0x1530979b71e0>,4,3,[2 7],5,7,10,2,5
1,<environment.Job instance at 0x1530844634b0>,5,3,[ 2 10],6,10,13,4,6
1,<environment.Job instance at 0x15308458cfa0>,0,2,[5 2],1,1,3,0,1
1,<environment.Job instance at 0x153084874730>,6,14,[2 5],7,7,21,0,7
1,<environment.Job instance at 0x153084f7cf00>,1,3,[1 8],2,2,5,0,2
1,<environment.Job instance at 0x153084f7c370>,3,3,[7 2],4,4,7,0,4
1,<environment.Job instance at 0x153084f7c960>,4,1,[8 1],5,7,8,2,5
1,<environment.Job instance at 0x153097b7ec80>,4,19,[1 8],9,9,28,0,9
1,<environment.Job instance at 0x153097b8a2d0>,2,3,[2 8],3,3,6,0,3
1,<environment.Job instance at 0x15309d5aa4b0>,4,1,[10  1],5,6,7,1,5
1,<environment.Job instance at 0x15309d5aa690>,6,3,[ 1 10],7,7,10,0,7
1,<environment.Job instance at 0x15309d672b90>,8,13,[2 7],9,10,23,1,10
1,<environment.Job instance at 0x1530846633c0>,0,2,[10  2],1,1,3,0,1
1,<environment.Job instance at 0x1530848fa730>,0,2,[7 1],1,1,3,0,1
1,<environment.Job instance at 0x1530843b8320>,2,3,[1 7],8,8,11,0,8
1,<environment.Job instance at 0x15308478f500>,0,1,[1 8],2,2,3,0,2
1,<environment.Job instance at 0x15309612ea50>,1,2,[2 7],3,3,5,0,3
1,<environment.Job instance at 0x153084c56c30>,4,15,[2 9],6,6,21,0,6
1,<environment.Job instance at 0x153084c56140>,2,2,[9 2],7,7,9,0,7
1,<environment.Job instance at 0x15309cc5ba00>,3,1,[7 2],8,9,10,1,8
1,<environment.Job instance at 0x153097b068c0>,4,1,[10  1],9,10,11,1,9
1,<environment.Job instance at 0x1530988aacd0>,2,3,[1 9],4,4,7,0,4
1,<environment.Job instance at 0x153084c610f0>,3,2,[ 1 10],5,7,9,2,5
1,<environment.Job instance at 0x153084c610f0>,2,3,[2 9],4,4,7,0,4
1,<environment.Job instance at 0x153084f041e0>,4,1,[1 6],6,7,8,1,6
1,<environment.Job instance at 0x153084f892d0>,5,2,[8 1],8,8,10,0,8
1,<environment.Job instance at 0x153084f04b40>,1,2,[1 9],3,3,5,0,3
1,<environment.Job instance at 0x153097b6feb0>,0,2,[2 6],1,1,3,0,1
1,<environment.Job instance at 0x15309d6f12d0>,0,3,[9 1],1,1,4,0,1
1,<environment.Job instance at 0x15309d6f1550>,2,3,[2 9],4,4,7,0,4
1,<environment.Job instance at 0x153084a88e10>,0,1,[2 6],1,1,2,0,1
1,<environment.Job instance at 0x153084a88dc0>,2,3,[10  1],4,4,7,0,4
1,<environment.Job instance at 0x153084dc8d70>,2,14,[2 7],4,4,18,0,4
1,<environment.Job instance at 0x15309d5fefa0>,3,16,[2 5],5,18,34,13,5
1,<environment.Job instance at 0x153084bc66e0>,1,1,[7 1],4,4,5,0,4
1,<environment.Job instance at 0x153084bc6690>,3,2,[5 1],7,7,9,0,7
1,<environment.Job instance at 0x153084bc6be0>,5,3,[1 6],9,9,12,0,9
1,<environment.Job instance at 0x15309d672730>,0,2,[1 7],2,2,4,0,2
1,<environment.Job instance at 0x153097ba7870>,1,2,[7 2],2,2,4,0,2
1,<environment.Job instance at 0x153097ba7370>,2,2,[2 7],3,3,5,0,3
1,<environment.Job instance at 0x153097ba7b40>,3,2,[9 1],4,5,7,1,4
1,<environment.Job instance at 0x153097ba7af0>,5,3,[9 2],6,7,10,1,6
1,<environment.Job instance at 0x15308448faf0>,6,2,[9 2],8,10,12,2,8
1,<environment.Job instance at 0x153084bcc8c0>,0,2,[7 2],1,1,3,0,1
1,<environment.Job instance at 0x153084a2b8c0>,1,2,[8 2],2,2,4,0,2
1,<environment.Job instance at 0x15309848f370>,0,2,[7 1],1,1,3,0,1
1,<environment.Job instance at 0x15309848fa50>,3,3,[9 2],5,8,11,3,8
1,<environment.Job instance at 0x153084642d70>,0,1,[7 1],1,1,2,0,1
1,<environment.Job instance at 0x15309cf48c30>,1,2,[9 2],2,2,4,0,2
1,<environment.Job instance at 0x15309851fd70>,2,2,[7 1],4,4,6,0,4
1,<environment.Job instance at 0x15309d625eb0>,1,17,[2 5],2,2,19,0,2
1,<environment.Job instance at 0x153084db9d20>,0,3,[1 6],1,1,4,0,1
1,<environment.Job instance at 0x15309d6e50a0>,0,2,[9 1],1,1,3,0,1
1,<environment.Job instance at 0x153095c7a9b0>,3,3,[1 7],4,4,7,0,4
1,<environment.Job instance at 0x153095c7a320>,4,2,[ 2 10],5,7,9,2,5
1,<environment.Job instance at 0x153095c7a910>,5,2,[8 2],6,9,11,3,6
1,<environment.Job instance at 0x15309d6e55a0>,1,18,[10  1],2,2,20,0,2
1,<environment.Job instance at 0x153095c7abe0>,4,3,[8 2],5,49,52,44,49
1,<environment.Job instance at 0x153097bb6780>,1,17,[ 2 10],4,4,21,0,4
1,<environment.Job instance at 0x153097bb6910>,2,13,[1 7],6,21,34,15,6
1,<environment.Job instance at 0x15308471f190>,3,14,[2 9],7,34,48,27,19
1,<environment.Job instance at 0x153099b32fa0>,0,3,[1 9],1,1,4,0,1
1,<environment.Job instance at 0x15308471f190>,4,3,[1 6],8,8,11,0,8
1,<environment.Job instance at 0x1530847e93c0>,1,2,[9 1],4,4,6,0,4
1,<environment.Job instance at 0x1530847e9e60>,3,2,[1 8],6,44,46,38,44
1,<environment.Job instance at 0x153084fb88c0>,1,3,[10  1],3,3,6,0,3
1,<environment.Job instance at 0x153099b270a0>,3,1,[1 9],5,6,7,1,5
1,<environment.Job instance at 0x153095c618c0>,0,3,[2 9],1,1,4,0,1
1,<environment.Job instance at 0x153095c61780>,1,2,[5 1],3,3,5,0,3
1,<environment.Job instance at 0x153084d16f00>,4,16,[1 9],8,8,24,0,8
1,<environment.Job instance at 0x15309842be60>,0,1,[5 2],1,1,2,0,1
1,<environment.Job instance at 0x15309ed36e10>,1,3,[5 2],3,3,6,0,3
1,<environment.Job instance at 0x1530984bc870>,1,3,[9 1],2,2,5,0,2
1,<environment.Job instance at 0x1530984bc4b0>,2,3,[5 2],5,5,8,0,5
1,<environment.Job instance at 0x1530845e0370>,5,2,[2 8],9,9,11,0,9
1,<environment.Job instance at 0x153084f68640>,0,2,[2 8],1,1,3,0,1
1,<environment.Job instance at 0x1530845e0870>,2,15,[ 1 10],3,3,18,0,3
1,<environment.Job instance at 0x15309794e5f0>,5,2,[5 1],6,18,20,12,6
1,<environment.Job instance at 0x1530985992d0>,0,2,[7 2],1,1,3,0,1
1,<environment.Job instance at 0x1530985998c0>,3,1,[10  1],5,5,6,0,5
1,<environment.Job instance at 0x1530985997d0>,4,17,[10  2],6,6,23,0,6
1,<environment.Job instance at 0x153097ab99b0>,2,26,[ 1 10],5,5,31,0,5
1,<environment.Job instance at 0x15309f5f6960>,0,3,[9 2],1,1,4,0,1
1,<environment.Job instance at 0x153084930d20>,2,3,[8 2],4,4,7,0,4
1,<environment.Job instance at 0x15309cc1e730>,1,2,[10  2],2,2,4,0,2
1,<environment.Job instance at 0x15309f5f61e0>,3,3,[6 2],5,5,8,0,5
1,<environment.Job instance at 0x153097a09eb0>,5,18,[2 6],8,8,26,0,8
1,<environment.Job instance at 0x15309cc7e320>,3,17,[ 2 10],7,7,24,0,7
1,<environment.Job instance at 0x15309efc4c80>,4,17,[5 1],8,24,41,16,24
1,<environment.Job instance at 0x15308452d5f0>,1,1,[1 9],2,2,3,0,2
1,<environment.Job instance at 0x153084356f50>,2,16,[10  1],3,3,19,0,3
1,<environment.Job instance at 0x15308463a5f0>,1,2,[8 2],3,3,5,0,3
1,<environment.Job instance at 0x153084cca730>,2,3,[7 1],4,5,8,1,4
1,<environment.Job instance at 0x15308463a910>,3,3,[10  2],7,8,11,1,7
1,<environment.Job instance at 0x15308463ae60>,4,2,[ 1 10],8,11,13,3,8
1,<environment.Job instance at 0x1530846e96e0>,3,16,[ 1 10],4,4,20,0,4
1,<environment.Job instance at 0x153084874500>,1,2,[10  2],3,3,5,0,3
1,<environment.Job instance at 0x153084e583c0>,2,2,[10  1],4,5,7,1,4
1,<environment.Job instance at 0x153084e58a00>,5,3,[2 5],8,8,11,0,8
1,<environment.Job instance at 0x153097984910>,0,1,[1 6],1,1,2,0,1
1,<environment.Job instance at 0x153084e58a00>,3,3,[2 6],5,5,8,0,5
1,<environment.Job instance at 0x153098871640>,4,1,[5 1],6,6,7,0,6
1,<environment.Job instance at 0x153098871f50>,5,3,[1 7],7,8,11,1,7
1,<environment.Job instance at 0x153096c64320>,1,1,[2 5],2,2,3,0,2
1,<environment.Job instance at 0x153096c644b0>,2,2,[8 2],3,3,5,0,3
1,<environment.Job instance at 0x153096c64c80>,4,3,[9 2],8,8,11,0,8
1,<environment.Job instance at 0x1530845de820>,1,18,[1 6],2,2,20,0,2
1,<environment.Job instance at 0x153098498cd0>,1,3,[8 2],3,3,6,0,3
1,<environment.Job instance at 0x1530985525a0>,3,15,[1 7],6,6,21,0,6
1,<environment.Job instance at 0x153084681f50>,4,16,[5 2],7,7,23,0,7
1,<environment.Job instance at 0x153095c626e0>,1,2,[7 1],3,3,5,0,3
1,<environment.Job instance at 0x153084fb8820>,3,3,[2 5],7,2005,2008,1998,2005
1,<environment.Job instance at 0x15309cca5870>,6,18,[1 6],8,8,26,0,8
1,<environment.Job instance at 0x15309cca5960>,7,19,[2 9],9,26,45,17,16
1,<environment.Job instance at 0x15309cc9d050>,3,2,[1 9],4,4,6,0,4
1,<environment.Job instance at 0x1530846c1190>,4,2,[2 7],6,6,8,0,6
1,<environment.Job instance at 0x153094043cd0>,5,2,[8 2],7,7,9,0,7
1,<environment.Job instance at 0x15309886eeb0>,0,2,[2 8],2,2,4,0,2
1,<environment.Job instance at 0x15308476e4b0>,1,1,[ 2 10],2,2,3,0,2
1,<environment.Job instance at 0x153084b71fa0>,3,1,[2 9],5,5,6,0,5
1,<environment.Job instance at 0x153084b71410>,4,18,[9 1],6,6,24,0,6
1,<environment.Job instance at 0x153084b71d70>,1,3,[5 1],2,2,5,0,2
1,<environment.Job instance at 0x153095c616e0>,1,1,[10  2],3,3,4,0,3
1,<environment.Job instance at 0x153095c61500>,4,28,[7 2],7,7,35,0,7
1,<environment.Job instance at 0x1530985148c0>,1,12,[ 2 10],3,3,15,0,3
1,<environment.Job instance at 0x153097b383c0>,1,1,[9 1],2,2,3,0,2
1,<environment.Job instance at 0x153095c6f190>,3,3,[7 1],8,8,11,0,8
1,<environment.Job instance at 0x1530848b9640>,0,2,[5 1],2,2,4,0,2
1,<environment.Job instance at 0x1530978b73c0>,1,3,[7 2],4,4,7,0,4
1,<environment.Job instance at 0x153084ee5fa0>,2,3,[5 1],6,7,10,1,6
1,<environment.Job instance at 0x1530846d8320>,3,2,[2 5],8,8,10,0,8
1,<environment.Job instance at 0x153097b57320>,1,20,[2 7],3,3,23,0,3
1,<environment.Job instance at 0x15308475b0f0>,1,3,[1 5],3,3,6,0,3
1,<environment.Job instance at 0x15309d6b8960>,2,1,[9 1],4,4,5,0,4
1,<environment.Job instance at 0x15309d6b80f0>,3,3,[2 8],5,6,9,1,5
1,<environment.Job instance at 0x15308475b780>,5,24,[1 6],7,9,33,2,7
1,<environment.Job instance at 0x15309d6b8230>,0,2,[1 6],2,2,4,0,2
1,<environment.Job instance at 0x15309d6b8eb0>,1,3,[8 1],3,3,6,0,3
1,<environment.Job instance at 0x1530847e25f0>,2,3,[1 9],4,4,7,0,4
1,<environment.Job instance at 0x153084c2b960>,5,13,[9 2],9,9,22,0,9
1,<environment.Job instance at 0x15308495a7d0>,1,1,[ 1 10],3,3,4,0,3
1,<environment.Job instance at 0x15308495a1e0>,4,3,[6 1],7,7,10,0,7
1,<environment.Job instance at 0x15308495a640>,5,2,[5 1],9,10,12,1,9
1,<environment.Job instance at 0x15308495a640>,2,1,[9 2],8,8,9,0,8
1,<environment.Job instance at 0x1530988daa50>,2,2,[7 1],5,5,7,0,5
1,<environment.Job instance at 0x1530988dafa0>,3,2,[2 8],6,6,8,0,6
1,<environment.Job instance at 0x1530988da0f0>,5,15,[7 1],8,8,23,0,8
1,<environment.Job instance at 0x153098579190>,0,2,[10  2],1,1,3,0,1
1,<environment.Job instance at 0x153098579d20>,3,18,[1 7],7,7,25,0,7
1,<environment.Job instance at 0x153084b85aa0>,1,2,[10  2],2,2,4,0,2
1,<environment.Job instance at 0x153084b859b0>,2,2,[ 2 10],3,4,6,1,3
1,<environment.Job instance at 0x153084b85910>,7,17,[1 7],8,8,25,0,8
1,<environment.Job instance at 0x153084306690>,0,3,[7 1],1,1,4,0,1
1,<environment.Job instance at 0x153084fb0370>,4,3,[2 8],9,9,12,0,9
1,<environment.Job instance at 0x1530984bc5f0>,1,1,[10  2],2,2,3,0,2
1,<environment.Job instance at 0x1530984bc550>,1,3,[5 1],3,3,6,0,3
1,<environment.Job instance at 0x153084696640>,2,1,[8 1],4,6,7,2,4
1,<environment.Job instance at 0x1530984bc9b0>,4,2,[6 1],7,7,9,0,7
1,<environment.Job instance at 0x153084f618c0>,1,1,[ 1 10],2,2,3,0,2
1,<environment.Job instance at 0x1530984bc9b0>,2,2,[2 7],3,3,5,0,3
1,<environment.Job instance at 0x1530849b4d20>,4,2,[9 1],5,5,7,0,5
1,<environment.Job instance at 0x153084f61370>,5,2,[9 2],8,8,10,0,8
1,<environment.Job instance at 0x1530985b7f00>,0,3,[10  1],2,2,5,0,2
1,<environment.Job instance at 0x1530979b80a0>,5,1,[2 5],7,7,8,0,7
1,<environment.Job instance at 0x1530849d6c30>,6,24,[1 7],8,8,32,0,8
1,<environment.Job instance at 0x153084e0dd20>,2,16,[9 1],5,5,21,0,5
1,<environment.Job instance at 0x153084e92690>,0,2,[ 2 10],1,1,3,0,1
1,<environment.Job instance at 0x1530960e5690>,1,16,[2 6],7,7,23,0,7
1,<environment.Job instance at 0x1530843baa00>,2,2,[2 8],4,4,6,0,4
1,<environment.Job instance at 0x1530843bad20>,4,2,[2 5],6,6,8,0,6
1,<environment.Job instance at 0x153084962b90>,5,17,[1 7],7,8,25,1,7
1,<environment.Job instance at 0x153084962aa0>,6,13,[6 2],8,8,21,0,8
1,<environment.Job instance at 0x1530846e33c0>,7,1,[9 2],9,21,22,12,21
1,<environment.Job instance at 0x153084eb3910>,0,1,[1 6],1,1,2,0,1
1,<environment.Job instance at 0x15309408b280>,0,2,[2 7],1,1,3,0,1
1,<environment.Job instance at 0x1530978ff820>,1,2,[1 8],2,3,5,1,2
1,<environment.Job instance at 0x1530846aba00>,0,1,[2 5],1,1,2,0,1
1,<environment.Job instance at 0x15308497d140>,1,3,[2 8],2,2,5,0,2
1,<environment.Job instance at 0x153097a4e410>,3,3,[7 2],7,7,10,0,7
1,<environment.Job instance at 0x15309cc0e550>,0,2,[2 8],2,2,4,0,2
1,<environment.Job instance at 0x15309cc0e910>,1,3,[6 2],6,6,9,0,6
1,<environment.Job instance at 0x15309cc0ef50>,2,2,[2 9],7,9,11,2,7
1,<environment.Job instance at 0x153097984c80>,0,3,[1 9],3,3,6,0,3
1,<environment.Job instance at 0x153084e4beb0>,1,3,[10  2],4,6,9,2,4
1,<environment.Job instance at 0x15309d6dc370>,5,16,[1 8],8,9,25,1,8
1,<environment.Job instance at 0x1530848940f0>,0,2,[5 2],2,2,4,0,2
1,<environment.Job instance at 0x153084287550>,0,3,[7 2],1,1,4,0,1
1,<environment.Job instance at 0x1530842875a0>,1,1,[9 2],4,4,5,0,4
1,<environment.Job instance at 0x1530961c5910>,1,1,[2 6],4,4,5,0,4
1,<environment.Job instance at 0x1530961c50a0>,3,17,[1 9],6,6,23,0,6
1,<environment.Job instance at 0x1530961c5e10>,1,1,[8 1],4,4,5,0,4
1,<environment.Job instance at 0x1530845cde60>,4,3,[2 7],9,9,12,0,9
1,<environment.Job instance at 0x1530845cdc80>,1,2,[1 8],3,3,5,0,3
1,<environment.Job instance at 0x15309b9a2640>,1,3,[8 2],2,2,5,0,2
1,<environment.Job instance at 0x15309b9a2be0>,6,3,[6 2],9,9,12,0,9
1,<environment.Job instance at 0x1530841f41e0>,0,3,[1 9],2,2,5,0,2
1,<environment.Job instance at 0x1530841f4fa0>,1,3,[1 9],4,5,8,1,4
1,<environment.Job instance at 0x1530978d3aa0>,1,3,[7 2],2,2,5,0,2
1,<environment.Job instance at 0x153084b602d0>,0,2,[2 6],1,1,3,0,1
1,<environment.Job instance at 0x1530846fa780>,2,3,[5 2],4,4,7,0,4
1,<environment.Job instance at 0x15309cc2a7d0>,4,13,[9 2],7,10,23,3,10
1,<environment.Job instance at 0x1530846a2af0>,0,3,[7 1],1,1,4,0,1
1,<environment.Job instance at 0x1530846a2a50>,1,2,[10  1],3,4,6,1,3
1,<environment.Job instance at 0x1530846a2460>,2,3,[5 1],4,6,9,2,4
1,<environment.Job instance at 0x153084effe10>,3,2,[10  2],5,9,11,4,5
1,<environment.Job instance at 0x1530848c4870>,0,3,[1 6],1,1,4,0,1
1,<environment.Job instance at 0x1530848c4a50>,2,3,[7 2],3,3,6,0,3
1,<environment.Job instance at 0x15308441a6e0>,5,13,[6 2],8,8,21,0,8
1,<environment.Job instance at 0x15309b9ba6e0>,1,2,[1 7],4,4,6,0,4
1,<environment.Job instance at 0x153097ac6eb0>,4,3,[ 2 10],9,9,12,0,9
1,<environment.Job instance at 0x153097a7e7d0>,0,3,[9 2],2,2,5,0,2
1,<environment.Job instance at 0x153097a7ec30>,2,3,[7 2],4,5,8,1,4
1,<environment.Job instance at 0x15309f5e5320>,0,2,[9 1],1,1,3,0,1
1,<environment.Job instance at 0x153084840b90>,1,2,[7 1],3,3,5,0,3
1,<environment.Job instance at 0x15309f5e5280>,2,3,[8 1],5,5,8,0,5
1,<environment.Job instance at 0x153084692050>,1,3,[1 5],5,5,8,0,5
1,<environment.Job instance at 0x1530846928c0>,3,2,[1 6],7,8,10,1,7
1,<environment.Job instance at 0x153084692190>,5,23,[2 9],9,10,33,1,9
1,<environment.Job instance at 0x153094098280>,1,3,[ 1 10],2,2,5,0,2
1,<environment.Job instance at 0x153084d91f50>,2,2,[1 9],3,5,7,2,3
1,<environment.Job instance at 0x153084d910f0>,3,13,[1 5],4,7,20,3,4
1,<environment.Job instance at 0x15309846d5a0>,2,2,[8 2],5,5,7,0,5
1,<environment.Job instance at 0x153084d91230>,4,2,[1 7],7,2848,2850,2841,2848
1,<environment.Job instance at 0x153098825460>,3,2,[9 1],7,7,9,0,7
1,<environment.Job instance at 0x1530841ee5f0>,1,2,[6 2],2,2,4,0,2
1,<environment.Job instance at 0x1530841eeaf0>,2,1,[7 1],3,4,5,1,3
1,<environment.Job instance at 0x1530841eebe0>,3,3,[7 2],4,5,8,1,4
1,<environment.Job instance at 0x1530841ee410>,5,2,[1 8],9,9,11,0,9
1,<environment.Job instance at 0x1530841eee10>,1,17,[2 7],2,2,19,0,2
1,<environment.Job instance at 0x153097a55820>,2,2,[ 2 10],4,4,6,0,4
1,<environment.Job instance at 0x153097a55f00>,3,3,[9 1],5,6,9,1,5
1,<environment.Job instance at 0x1530849462d0>,0,2,[1 9],1,1,3,0,1
1,<environment.Job instance at 0x153084946320>,3,1,[9 1],4,4,5,0,4
1,<environment.Job instance at 0x153099b49c80>,0,2,[2 9],2,2,4,0,2
1,<environment.Job instance at 0x153084f36050>,1,3,[10  1],4,4,7,0,4
1,<environment.Job instance at 0x153084846780>,3,3,[8 2],4,8,11,4,8
1,<environment.Job instance at 0x1530848319b0>,4,3,[10  2],8,8,11,0,8
1,<environment.Job instance at 0x1530843b81e0>,1,2,[2 6],3,3,5,0,3
1,<environment.Job instance at 0x15308468d460>,2,2,[2 9],4,5,7,1,4
1,<environment.Job instance at 0x153084a00eb0>,5,2,[7 2],7,7,9,0,7
1,<environment.Job instance at 0x153084a23230>,6,2,[10  1],8,9,11,1,8
1,<environment.Job instance at 0x15309cc78f00>,0,2,[1 9],1,1,3,0,1
1,<environment.Job instance at 0x153084a237d0>,2,2,[1 5],4,4,6,0,4
1,<environment.Job instance at 0x153084cbe780>,4,2,[6 2],6,6,8,0,6
1,<environment.Job instance at 0x153084cbe8c0>,6,3,[8 1],8,8,11,0,8
1,<environment.Job instance at 0x153084cbea00>,7,1,[2 6],9,9,10,0,9
1,<environment.Job instance at 0x15309791c9b0>,1,15,[2 8],3,3,18,0,3
1,<environment.Job instance at 0x153084792730>,0,1,[7 1],1,1,2,0,1
1,<environment.Job instance at 0x153084792230>,1,1,[7 1],2,2,3,0,2
1,<environment.Job instance at 0x153084f989b0>,4,2,[8 1],7,7,9,0,7
1,<environment.Job instance at 0x153084f988c0>,5,3,[10  2],9,9,12,0,9
1,<environment.Job instance at 0x153084f830a0>,2,3,[1 8],4,4,7,0,4
1,<environment.Job instance at 0x153098558a00>,3,15,[2 7],5,7,22,2,5
1,<environment.Job instance at 0x153098558280>,5,1,[6 1],7,245,246,238,245
1,<environment.Job instance at 0x1530847cd730>,0,2,[2 6],1,1,3,0,1
1,<environment.Job instance at 0x153084fb12d0>,2,3,[7 1],3,3,6,0,3
1,<environment.Job instance at 0x153084f84eb0>,6,1,[6 2],8,8,9,0,8
1,<environment.Job instance at 0x1530843b8190>,7,3,[10  2],9,9,12,0,9
1,<environment.Job instance at 0x153084a23b90>,0,3,[7 1],1,1,4,0,1
1,<environment.Job instance at 0x153084f89500>,1,13,[1 8],2,2,15,0,2
1,<environment.Job instance at 0x153084f89aa0>,5,21,[9 2],6,8,29,2,8
1,<environment.Job instance at 0x153084d56050>,0,2,[2 5],2,2,4,0,2
1,<environment.Job instance at 0x153084d563c0>,4,1,[6 1],6,29,30,23,29
1,<environment.Job instance at 0x15309cc3b2d0>,3,2,[7 2],6,6,8,0,6
1,<environment.Job instance at 0x15308464e780>,5,2,[5 2],9,9,11,0,9
1,<environment.Job instance at 0x15309d5cebe0>,1,14,[2 9],3,3,17,0,3
1,<environment.Job instance at 0x15309793c910>,5,1,[1 5],8,17,18,9,8
1,<environment.Job instance at 0x153084d92640>,0,1,[2 7],1,1,2,0,1
1,<environment.Job instance at 0x153084edf550>,3,3,[9 2],4,4,7,0,4
1,<environment.Job instance at 0x153084d92730>,5,13,[9 2],6,7,20,1,6
1,<environment.Job instance at 0x1530849fa640>,1,18,[9 2],2,2,20,0,2
1,<environment.Job instance at 0x15308464eeb0>,0,1,[7 1],1,1,2,0,1
1,<environment.Job instance at 0x15308464edc0>,3,2,[ 1 10],4,4,6,0,4
1,<environment.Job instance at 0x15309cf57c30>,4,2,[10  2],6,6,8,0,6
1,<environment.Job instance at 0x15309cf576e0>,6,2,[2 5],8,9,11,1,9
1,<environment.Job instance at 0x15308421a690>,1,3,[10  2],3,3,6,0,3
1,<environment.Job instance at 0x15308421a0a0>,2,12,[5 1],4,6,18,2,5
1,<environment.Job instance at 0x153095c7cdc0>,2,3,[2 8],7,7,10,0,7
1,<environment.Job instance at 0x153095c7c2d0>,3,2,[2 8],9,10,12,1,10
1,<environment.Job instance at 0x15308424b460>,2,1,[2 6],3,3,4,0,3
1,<environment.Job instance at 0x15309409e870>,1,1,[7 2],4,6,7,2,6
1,<environment.Job instance at 0x15309d64b8c0>,4,3,[10  1],8,8,11,0,8
1,<environment.Job instance at 0x15308424bf00>,5,21,[2 6],9,11,32,2,9
1,<environment.Job instance at 0x1530845961e0>,2,2,[1 7],7,7,9,0,7
1,<environment.Job instance at 0x153084596b90>,3,3,[10  2],8,9,12,1,8
1,<environment.Job instance at 0x153084596140>,1,2,[2 6],3,3,5,0,3
1,<environment.Job instance at 0x1530847a0550>,2,2,[8 2],4,4,6,0,4
1,<environment.Job instance at 0x1530847a0d70>,1,1,[1 7],3,3,4,0,3
1,<environment.Job instance at 0x153084596730>,2,3,[2 8],4,4,7,0,4
1,<environment.Job instance at 0x15308469b5f0>,4,2,[1 6],7,7,9,0,7
1,<environment.Job instance at 0x15308469b410>,6,3,[7 2],9,9,12,0,9
1,<environment.Job instance at 0x153084dffcd0>,2,2,[5 2],6,6,8,0,6
1,<environment.Job instance at 0x153084dff690>,1,2,[10  2],3,3,5,0,3
1,<environment.Job instance at 0x15309f5eb280>,3,1,[6 1],5,5,6,0,5
1,<environment.Job instance at 0x153084a91aa0>,1,2,[2 7],6,6,8,0,6
1,<environment.Job instance at 0x153097a7ee60>,1,2,[10  2],2,2,4,0,2
1,<environment.Job instance at 0x153097b30d20>,2,1,[5 2],3,4,5,1,3
1,<environment.Job instance at 0x153097a7ed70>,3,15,[1 9],5,5,20,0,5
1,<environment.Job instance at 0x153084b9ea00>,1,2,[10  1],2,2,4,0,2
1,<environment.Job instance at 0x153084d23cd0>,4,2,[6 1],6,6,8,0,6
1,<environment.Job instance at 0x153084b833c0>,5,2,[2 6],7,7,9,0,7
1,<environment.Job instance at 0x153084b83410>,7,2,[2 5],9,9,11,0,9
1,<environment.Job instance at 0x153098547960>,3,2,[1 8],5,5,7,0,5
1,<environment.Job instance at 0x153084bfe2d0>,4,1,[1 6],6,7,8,1,6
1,<environment.Job instance at 0x153084b83410>,5,3,[7 2],8,8,11,0,8
1,<environment.Job instance at 0x1530844c6b40>,2,16,[10  2],4,4,20,0,4
1,<environment.Job instance at 0x153084e06320>,1,3,[8 1],2,2,5,0,2
1,<environment.Job instance at 0x153084e06690>,2,1,[1 6],3,3,4,0,3
1,<environment.Job instance at 0x153084e065a0>,3,2,[10  1],6,6,8,0,6
1,<environment.Job instance at 0x153098590a00>,1,3,[9 1],2,2,5,0,2
1,<environment.Job instance at 0x153098590fa0>,3,2,[9 1],4,13,15,9,13
1,<environment.Job instance at 0x15309f5e5e10>,1,3,[5 1],2,2,5,0,2
1,<environment.Job instance at 0x153095c7cd20>,3,1,[1 5],4,4,5,0,4
1,<environment.Job instance at 0x1530845ea050>,4,3,[7 1],7,7,10,0,7
1,<environment.Job instance at 0x15308498b820>,5,1,[2 6],8,8,9,0,8
1,<environment.Job instance at 0x15308498b1e0>,6,1,[1 5],9,9,10,0,9
1,<environment.Job instance at 0x15308498b910>,1,2,[2 6],2,2,4,0,2
1,<environment.Job instance at 0x153098591fa0>,3,3,[6 2],4,4,7,0,4
1,<environment.Job instance at 0x153098591b90>,4,2,[5 1],5,7,9,2,5
1,<environment.Job instance at 0x153098591550>,7,3,[7 2],8,9,12,1,8
1,<environment.Job instance at 0x153098591050>,1,3,[7 2],2,2,5,0,2
1,<environment.Job instance at 0x153098591730>,2,1,[9 1],4,5,6,1,4
1,<environment.Job instance at 0x1530845d7550>,3,14,[1 7],5,5,19,0,5
1,<environment.Job instance at 0x1530842027d0>,0,3,[9 1],1,1,4,0,1
1,<environment.Job instance at 0x153098556a00>,4,3,[1 6],7,7,10,0,7
1,<environment.Job instance at 0x1530985560f0>,5,2,[6 1],9,9,11,0,9
1,<environment.Job instance at 0x153098556550>,0,3,[9 2],2,2,5,0,2
1,<environment.Job instance at 0x153098556280>,1,3,[8 1],4,4,7,0,4
1,<environment.Job instance at 0x15308494e6e0>,4,14,[7 1],8,8,22,0,8
1,<environment.Job instance at 0x15308494eb40>,5,3,[7 2],9,22,25,13,10
1,<environment.Job instance at 0x15309d674d70>,1,13,[8 2],2,2,15,0,2
1,<environment.Job instance at 0x153094043e60>,7,1,[7 2],9,54,55,45,54
1,<environment.Job instance at 0x15309d5a7be0>,1,3,[9 1],4,4,7,0,4
1,<environment.Job instance at 0x153097bb0a00>,4,2,[1 5],7,7,9,0,7
1,<environment.Job instance at 0x153097bb0690>,5,13,[ 2 10],8,9,22,1,9
1,<environment.Job instance at 0x153097bb0e60>,6,2,[9 1],9,42,44,33,42
1,<environment.Job instance at 0x15309408baf0>,3,3,[ 2 10],5,5,8,0,5
1,<environment.Job instance at 0x15309408beb0>,5,1,[9 2],7,8,9,1,7
1,<environment.Job instance at 0x15309408bb40>,6,3,[7 2],9,9,12,0,9
1,<environment.Job instance at 0x15309408b2d0>,0,3,[6 2],2,2,5,0,2
1,<environment.Job instance at 0x15308445edc0>,4,2,[6 2],9,9,11,0,9
1,<environment.Job instance at 0x15308470cc80>,0,1,[10  2],5,5,6,0,5
1,<environment.Job instance at 0x153084b4f190>,1,2,[5 2],6,6,8,0,6
1,<environment.Job instance at 0x15309882ee60>,1,3,[6 2],3,3,6,0,3
1,<environment.Job instance at 0x15309882e960>,4,3,[9 2],7,7,10,0,7
1,<environment.Job instance at 0x15309882e5a0>,6,1,[10  2],9,10,11,1,9
1,<environment.Job instance at 0x153084cf1eb0>,1,3,[ 2 10],2,2,5,0,2
1,<environment.Job instance at 0x15309cc7dd20>,3,3,[10  2],4,5,8,1,4
1,<environment.Job instance at 0x15309cc7d960>,4,2,[8 2],5,8,10,3,5
1,<environment.Job instance at 0x1530940d25f0>,0,2,[9 1],1,1,3,0,1
1,<environment.Job instance at 0x15309cc645a0>,4,3,[6 2],5,5,8,0,5
1,<environment.Job instance at 0x15309619baf0>,3,3,[10  2],4,1699,1702,1695,1699
1,<environment.Job instance at 0x153084635c30>,0,2,[ 1 10],2,2,4,0,2
1,<environment.Job instance at 0x153096427550>,1,3,[7 2],3,4,7,1,3
1,<environment.Job instance at 0x153084635e10>,2,2,[5 1],5,7,9,2,5
1,<environment.Job instance at 0x1530841742d0>,4,2,[1 7],9,9,11,0,9
1,<environment.Job instance at 0x15309846e320>,0,3,[2 7],2,2,5,0,2
1,<environment.Job instance at 0x15309846ec30>,3,3,[10  1],8,8,11,0,8
1,<environment.Job instance at 0x15309846e3c0>,4,2,[1 8],9,11,13,2,9
1,<environment.Job instance at 0x153097a21870>,0,1,[9 2],1,1,2,0,1
1,<environment.Job instance at 0x153098882910>,3,3,[6 1],5,5,8,0,5
1,<environment.Job instance at 0x15309ec3bd70>,4,2,[ 1 10],6,8,10,2,6
1,<environment.Job instance at 0x15309887a910>,1,13,[2 9],2,2,15,0,2
1,<environment.Job instance at 0x15309887aa00>,3,2,[8 2],5,15,17,10,5
1,<environment.Job instance at 0x15309887a320>,5,17,[9 2],7,98,115,91,98
1,<environment.Job instance at 0x153084a0ed70>,0,3,[10  2],1,1,4,0,1
1,<environment.Job instance at 0x153084a0e190>,2,2,[1 9],5,5,7,0,5
1,<environment.Job instance at 0x15309882b230>,1,3,[1 8],2,2,5,0,2
1,<environment.Job instance at 0x15309882b500>,2,2,[9 2],5,5,7,0,5
1,<environment.Job instance at 0x153084b95230>,4,1,[2 7],7,7,8,0,7
1,<environment.Job instance at 0x153097b30230>,1,2,[10  2],3,3,5,0,3
1,<environment.Job instance at 0x153097b30d20>,2,2,[8 1],4,5,7,1,4
1,<environment.Job instance at 0x15309cf6f3c0>,3,2,[1 7],5,5,7,0,5
1,<environment.Job instance at 0x15309b9b5910>,4,1,[8 2],6,7,8,1,6
1,<environment.Job instance at 0x1530844f25f0>,2,3,[8 1],5,5,8,0,5
1,<environment.Job instance at 0x1530844f2690>,3,14,[6 1],6,8,22,2,6
1,<environment.Job instance at 0x1530844f2050>,4,1,[1 6],9,9,10,0,9
1,<environment.Job instance at 0x15309880d500>,0,2,[10  1],1,1,3,0,1
1,<environment.Job instance at 0x153097a860a0>,1,1,[10  2],2,2,3,0,2
1,<environment.Job instance at 0x153084c25d70>,2,2,[1 7],3,3,5,0,3
1,<environment.Job instance at 0x153097951690>,3,2,[ 2 10],4,5,7,1,4
1,<environment.Job instance at 0x153097951500>,4,2,[ 2 10],5,7,9,2,5
1,<environment.Job instance at 0x1530842293c0>,1,3,[1 7],2,6,9,4,6
1,<environment.Job instance at 0x153097abd690>,5,24,[1 5],6,9,33,3,6
1,<environment.Job instance at 0x15309b99ca00>,2,2,[2 7],5,5,7,0,5
1,<environment.Job instance at 0x15309b99c370>,3,1,[9 1],6,7,8,1,6
1,<environment.Job instance at 0x15309b99ca50>,4,3,[8 2],9,9,12,0,9
1,<environment.Job instance at 0x1530987f5a00>,1,12,[2 9],2,2,14,0,2
1,<environment.Job instance at 0x15308432c870>,2,26,[ 1 10],3,14,40,11,11
1,<environment.Job instance at 0x153084d23eb0>,6,17,[8 1],9,40,57,31,39
1,<environment.Job instance at 0x153084b68eb0>,2,2,[9 1],3,3,5,0,3
1,<environment.Job instance at 0x153084d23c30>,4,12,[1 6],7,9,21,2,9
1,<environment.Job instance at 0x1530846b7af0>,2,2,[9 1],4,4,6,0,4
1,<environment.Job instance at 0x1530843de140>,5,3,[1 8],7,7,10,0,7
1,<environment.Job instance at 0x1530846b7640>,6,13,[8 2],9,9,22,0,9
1,<environment.Job instance at 0x15309880a140>,2,2,[8 2],6,6,8,0,6
1,<environment.Job instance at 0x15308479e690>,1,27,[2 7],2,2,29,0,2
1,<environment.Job instance at 0x15309d667960>,2,3,[7 2],7,7,10,0,7
1,<environment.Job instance at 0x153084278140>,0,1,[1 7],2,2,3,0,2
1,<environment.Job instance at 0x153084289f50>,2,3,[8 1],6,6,9,0,6
1,<environment.Job instance at 0x1530978dba50>,3,3,[ 2 10],7,9,12,2,7
1,<environment.Job instance at 0x153084aa2eb0>,0,3,[7 1],1,1,4,0,1
1,<environment.Job instance at 0x1530978dbaa0>,1,3,[5 1],3,4,7,1,3
1,<environment.Job instance at 0x153084aa2370>,3,2,[1 5],6,6,8,0,6
1,<environment.Job instance at 0x153084aa26e0>,0,2,[10  2],1,1,3,0,1
1,<environment.Job instance at 0x153084aa25a0>,2,1,[1 6],3,3,4,0,3
1,<environment.Job instance at 0x153098473640>,4,3,[2 7],7,7,10,0,7
1,<environment.Job instance at 0x1530984735f0>,6,3,[2 5],9,10,13,1,9
1,<environment.Job instance at 0x1530984771e0>,2,2,[ 2 10],9,9,11,0,9
1,<environment.Job instance at 0x153097910d20>,1,1,[9 2],3,3,4,0,3
1,<environment.Job instance at 0x153097bd9cd0>,1,3,[9 1],2,2,5,0,2
1,<environment.Job instance at 0x153097bd9780>,2,2,[9 1],3,5,7,2,3
1,<environment.Job instance at 0x153097910e10>,5,2,[9 1],7,7,9,0,7
1,<environment.Job instance at 0x153084b9fb90>,2,2,[2 6],4,4,6,0,4
1,<environment.Job instance at 0x15308491e2d0>,0,2,[6 2],1,1,3,0,1
1,<environment.Job instance at 0x1530984bc460>,2,2,[7 1],4,4,6,0,4
1,<environment.Job instance at 0x15309d616fa0>,4,3,[1 7],7,7,10,0,7
1,<environment.Job instance at 0x15309d5f1500>,5,1,[8 1],8,8,9,0,8
1,<environment.Job instance at 0x153084a33370>,1,3,[10  2],4,5,8,1,5
1,<environment.Job instance at 0x153084a33140>,1,13,[9 1],3,3,16,0,3
1,<environment.Job instance at 0x153084994280>,1,13,[1 5],4,4,17,0,4
1,<environment.Job instance at 0x153084fcac80>,2,3,[10  2],7,17,20,10,7
1,<environment.Job instance at 0x15309d609cd0>,3,3,[ 2 10],5,5,8,0,5
1,<environment.Job instance at 0x15309d609be0>,4,1,[2 9],6,8,9,2,6
1,<environment.Job instance at 0x15309cc9f5a0>,6,2,[7 1],8,8,10,0,8
1,<environment.Job instance at 0x15309d603230>,1,3,[7 2],2,2,5,0,2
1,<environment.Job instance at 0x15309d603cd0>,6,1,[7 1],7,7,8,0,7
1,<environment.Job instance at 0x15309f5eb6e0>,2,3,[2 9],6,6,9,0,6
1,<environment.Job instance at 0x153084c25f00>,4,2,[10  1],8,20,22,12,20
1,<environment.Job instance at 0x15309e796d20>,2,13,[9 2],3,70,83,67,70
1,<environment.Job instance at 0x15309616e280>,7,3,[1 7],9,52,55,43,52
1,<environment.Job instance at 0x1530845233c0>,1,2,[8 2],2,3,5,1,3
1,<environment.Job instance at 0x1530984a93c0>,5,3,[10  2],8,1042,1045,1034,1042
1,<environment.Job instance at 0x1530985e3af0>,0,2,[6 1],2,2,4,0,2
1,<environment.Job instance at 0x1530985e3c30>,2,1,[8 2],6,9,10,3,9
1,<environment.Job instance at 0x1530842584b0>,0,2,[8 1],2,2,4,0,2
1,<environment.Job instance at 0x1530985e3f00>,3,3,[6 1],5,5,8,0,5
1,<environment.Job instance at 0x15309cd295f0>,5,3,[10  2],7,8,11,1,7
1,<environment.Job instance at 0x15309cd296e0>,6,15,[7 2],9,11,26,2,9
1,<environment.Job instance at 0x153084e2dd20>,0,3,[2 8],1,1,4,0,1
1,<environment.Job instance at 0x153096199d20>,3,15,[6 1],4,4,19,0,4
1,<environment.Job instance at 0x153097b16eb0>,3,18,[1 6],6,6,24,0,6
1,<environment.Job instance at 0x153097b16b40>,4,16,[9 2],7,8,24,1,8
1,<environment.Job instance at 0x153084e69d20>,1,2,[1 5],3,3,5,0,3
1,<environment.Job instance at 0x153084f765a0>,6,26,[ 1 10],9,9,35,0,9
1,<environment.Job instance at 0x153097a91820>,0,2,[ 1 10],1,1,3,0,1
1,<environment.Job instance at 0x153084f769b0>,2,2,[1 9],3,3,5,0,3
1,<environment.Job instance at 0x153084f765a0>,4,1,[2 8],6,6,7,0,6
1,<environment.Job instance at 0x153094086dc0>,5,1,[ 1 10],7,7,8,0,7
1,<environment.Job instance at 0x1530940910f0>,7,1,[2 9],9,9,10,0,9
1,<environment.Job instance at 0x153094091aa0>,1,2,[8 2],4,7,9,3,7
1,<environment.Job instance at 0x1530841c4230>,5,3,[9 2],9,92,95,83,92
1,<environment.Job instance at 0x153084734b90>,0,2,[1 7],1,1,3,0,1
1,<environment.Job instance at 0x1530984c54b0>,2,2,[9 1],6,6,8,0,6
1,<environment.Job instance at 0x153099b2f460>,3,16,[5 1],7,8,24,1,7
1,<environment.Job instance at 0x1530843990a0>,4,2,[9 1],8,24,26,16,8
1,<environment.Job instance at 0x15309d6e53c0>,3,2,[7 1],4,5,7,1,5
1,<environment.Job instance at 0x15308494afa0>,6,3,[10  1],9,9,12,0,9
1,<environment.Job instance at 0x153084f4eb40>,3,3,[1 5],4,4,7,0,4
1,<environment.Job instance at 0x153084f4e730>,4,2,[1 5],5,5,7,0,5
1,<environment.Job instance at 0x153084f4e820>,5,1,[6 1],7,7,8,0,7
1,<environment.Job instance at 0x153097b16140>,4,28,[2 8],6,6,34,0,6
1,<environment.Job instance at 0x1530960ff5a0>,5,3,[1 7],7,34,37,27,8
1,<environment.Job instance at 0x15309efc7140>,0,1,[2 6],1,1,2,0,1
1,<environment.Job instance at 0x1530960ffc80>,1,3,[5 1],2,2,5,0,2
1,<environment.Job instance at 0x15309efc7370>,2,2,[ 2 10],3,5,7,2,3
1,<environment.Job instance at 0x15309efc7280>,3,3,[10  2],4,7,10,3,4
1,<environment.Job instance at 0x15308423a9b0>,1,2,[1 9],4,4,6,0,4
1,<environment.Job instance at 0x153084174f00>,4,1,[9 1],9,9,10,0,9
1,<environment.Job instance at 0x153084613190>,0,2,[6 1],1,1,3,0,1
1,<environment.Job instance at 0x1530844d9370>,0,3,[5 1],1,1,4,0,1
1,<environment.Job instance at 0x15308431b0a0>,3,2,[2 9],6,6,8,0,6
1,<environment.Job instance at 0x1530988a0690>,4,3,[5 1],7,7,10,0,7
1,<environment.Job instance at 0x1530988a0460>,5,2,[1 8],8,8,10,0,8
1,<environment.Job instance at 0x1530988a0870>,6,2,[7 2],9,10,12,1,9
1,<environment.Job instance at 0x153094088e60>,1,17,[1 6],2,2,19,0,2
1,<environment.Job instance at 0x153084616b40>,1,2,[8 2],2,2,4,0,2
1,<environment.Job instance at 0x153084616a50>,2,2,[2 6],3,3,5,0,3
1,<environment.Job instance at 0x153084ec0460>,2,15,[1 8],3,3,18,0,3
1,<environment.Job instance at 0x153096129d70>,4,16,[2 5],7,25,41,18,25
1,<environment.Job instance at 0x15309407d0a0>,2,3,[10  1],3,3,6,0,3
1,<environment.Job instance at 0x1530961635a0>,4,3,[10  2],5,45,48,40,45
1,<environment.Job instance at 0x153098558fa0>,1,15,[9 2],2,2,17,0,2
1,<environment.Job instance at 0x1530963fadc0>,5,2,[9 1],7,17,19,10,7
1,<environment.Job instance at 0x1530847650a0>,0,3,[10  2],1,1,4,0,1
1,<environment.Job instance at 0x153097978fa0>,1,2,[1 5],4,4,6,0,4
1,<environment.Job instance at 0x153084765c30>,2,2,[2 8],5,6,8,1,5
1,<environment.Job instance at 0x153084765b90>,5,21,[2 6],8,8,29,0,8
1,<environment.Job instance at 0x153084a191e0>,0,3,[1 9],1,1,4,0,1
1,<environment.Job instance at 0x153084a19a50>,1,3,[10  2],2,4,7,2,2
1,<environment.Job instance at 0x15308482abe0>,1,20,[1 7],2,2,22,0,2
1,<environment.Job instance at 0x153084a0aeb0>,2,1,[ 2 10],4,4,5,0,4
1,<environment.Job instance at 0x153098525820>,3,1,[1 9],6,6,7,0,6
1,<environment.Job instance at 0x1530960ff690>,4,27,[ 1 10],7,7,34,0,7
1,<environment.Job instance at 0x1530960ff3c0>,6,2,[5 1],9,63,65,54,63
1,<environment.Job instance at 0x153095c7ae60>,1,3,[6 2],2,2,5,0,2
1,<environment.Job instance at 0x153095c7a410>,2,1,[2 9],3,5,6,2,3
1,<environment.Job instance at 0x153084278410>,3,12,[10  1],4,6,18,2,4
1,<environment.Job instance at 0x153084278550>,6,13,[9 1],8,18,31,10,8
1,<environment.Job instance at 0x153084278af0>,2,2,[1 6],8,8,10,0,8
1,<environment.Job instance at 0x153084a4ecd0>,3,3,[1 9],9,10,13,1,9
1,<environment.Job instance at 0x153084d03aa0>,0,2,[1 5],4,4,6,0,4
1,<environment.Job instance at 0x153084d03a00>,1,3,[10  1],5,6,9,1,5
1,<environment.Job instance at 0x15309ccd8aa0>,2,2,[2 9],7,9,11,2,7
