iteration,job object,job ID,job Length,job ressource requirement,job enter time,job start time,job finish time,job waiting time,current time
1,<environment.Job instance at 0x153097c036e0>,6,18,[8 1],7,7,25,0,7
1,<environment.Job instance at 0x15309f75eb40>,8,13,[6 1],9,25,38,16,16
1,<environment.Job instance at 0x153095ede730>,1,13,[2 8],2,2,15,0,2
1,<environment.Job instance at 0x153095edb140>,1,17,[6 1],3,3,20,0,3
1,<environment.Job instance at 0x153084f615f0>,1,12,[ 1 10],2,2,14,0,2
1,<environment.Job instance at 0x153084f610a0>,2,20,[2 8],4,14,34,10,8
1,<environment.Job instance at 0x153084f63a50>,6,16,[10  2],9,34,50,25,21
1,<environment.Job instance at 0x153084f32910>,1,3,[2 9],2,2,5,0,2
1,<environment.Job instance at 0x153084f63a50>,2,1,[2 7],3,5,6,2,3
1,<environment.Job instance at 0x153099b500f0>,1,3,[1 5],2,2,5,0,2
1,<environment.Job instance at 0x15308470d8c0>,2,3,[1 6],3,5,8,2,3
1,<environment.Job instance at 0x153084915d70>,4,12,[9 1],8,8,20,0,8
1,<environment.Job instance at 0x153097a485f0>,0,21,[2 8],1,2,23,1,2
1,<environment.Job instance at 0x153097a48820>,5,22,[1 5],8,23,45,15,16
1,<environment.Job instance at 0x153097b13410>,1,17,[8 1],4,4,21,0,4
1,<environment.Job instance at 0x15308481c870>,3,23,[2 6],6,353,376,347,353
1,<environment.Job instance at 0x153084c78af0>,2,1,[2 5],3,3,4,0,3
1,<environment.Job instance at 0x1530985bc320>,4,3,[2 9],6,6,9,0,6
1,<environment.Job instance at 0x153096c48460>,5,13,[7 2],9,9,22,0,9
1,<environment.Job instance at 0x153097af95a0>,3,24,[ 1 10],6,7,31,1,7
1,<environment.Job instance at 0x153097a69910>,1,12,[2 8],2,2,14,0,2
1,<environment.Job instance at 0x1530846db190>,6,2,[2 6],9,14,16,5,9
1,<environment.Job instance at 0x15309408b820>,0,12,[9 2],1,1,13,0,1
1,<environment.Job instance at 0x15309408b500>,1,15,[10  2],2,13,28,11,2
1,<environment.Job instance at 0x15308498c320>,3,16,[8 1],4,28,44,24,17
1,<environment.Job instance at 0x15308498c9b0>,7,1,[ 2 10],9,103,104,94,103
1,<environment.Job instance at 0x15308498c5a0>,1,15,[5 1],2,3,18,1,3
1,<environment.Job instance at 0x153084f5d190>,2,15,[9 2],4,4,19,0,4
1,<environment.Job instance at 0x15308490dc30>,3,18,[2 6],5,19,37,14,15
1,<environment.Job instance at 0x153084517e60>,2,12,[6 1],3,3,15,0,3
1,<environment.Job instance at 0x153084520140>,3,28,[2 8],6,13,41,7,13
1,<environment.Job instance at 0x153084751820>,0,15,[1 7],2,2,17,0,2
1,<environment.Job instance at 0x1530960f5fa0>,4,2,[9 1],6,6,8,0,6
1,<environment.Job instance at 0x15309d6dca50>,5,3,[5 2],7,8,11,1,7
1,<environment.Job instance at 0x1530960f5be0>,7,13,[ 2 10],9,11,24,2,9
1,<environment.Job instance at 0x15309d6dcdc0>,1,15,[1 7],2,2,17,0,2
1,<environment.Job instance at 0x1530960f5be0>,3,14,[10  1],6,17,31,11,6
1,<environment.Job instance at 0x153084e94be0>,3,21,[9 2],5,5,26,0,5
1,<environment.Job instance at 0x153084e94a00>,5,17,[1 6],8,8,25,0,8
1,<environment.Job instance at 0x153084e94f50>,6,17,[7 1],9,26,43,17,14
1,<environment.Job instance at 0x15309f63bfa0>,0,16,[9 1],3,3,19,0,3
1,<environment.Job instance at 0x15309f63be10>,1,15,[9 2],7,19,34,12,7
1,<environment.Job instance at 0x153084f31fa0>,4,3,[1 5],7,7,10,0,7
1,<environment.Job instance at 0x153084f30870>,0,22,[1 6],2,289,311,287,289
1,<environment.Job instance at 0x15309852da00>,0,18,[10  1],3,3,21,0,3
1,<environment.Job instance at 0x1530984dfe60>,3,16,[1 7],4,4,20,0,4
1,<environment.Job instance at 0x153084283f00>,1,12,[7 1],3,3,15,0,3
1,<environment.Job instance at 0x1530978a61e0>,4,17,[7 1],7,15,32,8,7
1,<environment.Job instance at 0x153084619190>,0,12,[7 2],2,2,14,0,2
1,<environment.Job instance at 0x15308460d690>,3,14,[8 2],7,14,28,7,7
1,<environment.Job instance at 0x1530988845a0>,0,14,[8 1],1,1,15,0,1
1,<environment.Job instance at 0x1530988841e0>,4,13,[5 2],6,25,38,19,25
1,<environment.Job instance at 0x1530940b0230>,0,3,[1 8],3,3,6,0,3
1,<environment.Job instance at 0x1530849828c0>,1,20,[2 7],6,7,27,1,7
1,<environment.Job instance at 0x153084982d70>,1,2,[2 7],3,3,5,0,3
1,<environment.Job instance at 0x15308490a370>,3,17,[2 8],9,10,27,1,10
1,<environment.Job instance at 0x1530988dfc80>,1,27,[6 1],4,4,31,0,4
1,<environment.Job instance at 0x1530988dfa00>,2,27,[10  2],5,31,58,26,29
1,<environment.Job instance at 0x153084883550>,0,18,[ 1 10],1,404,422,403,404
1,<environment.Job instance at 0x15309cc7feb0>,3,1,[7 2],6,528,529,522,528
1,<environment.Job instance at 0x15309b9a6190>,0,3,[2 7],1,1,4,0,1
1,<environment.Job instance at 0x15308454df00>,1,14,[7 2],2,2,16,0,2
1,<environment.Job instance at 0x15309611baf0>,1,20,[6 1],3,3,23,0,3
1,<environment.Job instance at 0x15309cc1ee60>,0,3,[1 7],1,1,4,0,1
1,<environment.Job instance at 0x153084805410>,0,12,[5 2],1,8,20,7,8
1,<environment.Job instance at 0x153098582b90>,0,15,[2 8],1,1,16,0,1
1,<environment.Job instance at 0x1530848053c0>,1,16,[2 8],2,16,32,14,3
1,<environment.Job instance at 0x153098582190>,2,13,[ 2 10],5,32,45,27,16
1,<environment.Job instance at 0x1530847757d0>,0,14,[2 9],1,1,15,0,1
1,<environment.Job instance at 0x153084775370>,2,3,[1 5],4,15,18,11,4
1,<environment.Job instance at 0x1530847754b0>,4,3,[2 8],6,18,21,12,6
1,<environment.Job instance at 0x15308484b5f0>,0,3,[1 6],1,1,4,0,1
1,<environment.Job instance at 0x15308484b8c0>,2,14,[9 1],4,4,18,0,4
1,<environment.Job instance at 0x153097a21b40>,1,15,[10  1],3,3,18,0,3
1,<environment.Job instance at 0x1530960ea280>,0,15,[7 2],1,1,16,0,1
1,<environment.Job instance at 0x1530960ea460>,1,16,[2 8],2,2,18,0,2
1,<environment.Job instance at 0x1530960ea500>,5,17,[2 9],6,2950,2967,2944,2950
1,<environment.Job instance at 0x1530960ea500>,2,3,[2 5],4,4,7,0,4
1,<environment.Job instance at 0x1530940d88c0>,3,13,[10  1],6,7,20,1,6
1,<environment.Job instance at 0x15308479bd20>,4,1,[7 1],9,49,50,40,49
1,<environment.Job instance at 0x15308479b6e0>,3,3,[1 9],5,226,229,221,226
1,<environment.Job instance at 0x153097991b40>,2,2,[5 2],3,3,5,0,3
1,<environment.Job instance at 0x153097991190>,3,15,[1 8],5,5,20,0,5
1,<environment.Job instance at 0x153097ae6230>,5,19,[2 9],9,20,39,11,15
1,<environment.Job instance at 0x153084c38690>,0,17,[9 2],1,1,18,0,1
1,<environment.Job instance at 0x153084365c80>,4,17,[2 7],7,7,24,0,7
1,<environment.Job instance at 0x153084365960>,5,14,[1 6],8,24,38,16,12
1,<environment.Job instance at 0x153084b65550>,0,19,[10  1],1,1,20,0,1
1,<environment.Job instance at 0x153095ec8dc0>,0,15,[2 6],2,2,17,0,2
1,<environment.Job instance at 0x15309881c410>,0,13,[10  1],1,1,14,0,1
1,<environment.Job instance at 0x153095eae2d0>,2,3,[2 9],3,3,6,0,3
1,<environment.Job instance at 0x15308436ae10>,3,23,[1 6],4,6,29,2,4
1,<environment.Job instance at 0x15308436a500>,4,12,[7 1],7,7,19,0,7
1,<environment.Job instance at 0x15309ed894b0>,0,14,[2 5],1,1,15,0,1
1,<environment.Job instance at 0x1530846ccfa0>,2,12,[1 5],4,4,16,0,4
1,<environment.Job instance at 0x15309ed893c0>,3,13,[7 2],5,15,28,10,5
1,<environment.Job instance at 0x1530845001e0>,0,16,[1 5],4,5,21,1,5
1,<environment.Job instance at 0x153084500370>,1,1,[1 9],5,21,22,16,6
1,<environment.Job instance at 0x153084500b40>,3,27,[10  2],8,22,49,14,20
1,<environment.Job instance at 0x1530844ef5f0>,0,26,[2 8],1,3,29,2,3
1,<environment.Job instance at 0x1530844efaa0>,2,16,[ 2 10],5,29,45,24,17
1,<environment.Job instance at 0x153084418d20>,6,2,[5 2],8,507,509,499,507
1,<environment.Job instance at 0x1530844189b0>,0,17,[2 8],1,2,19,1,2
1,<environment.Job instance at 0x15309ebdd730>,2,28,[ 1 10],4,93,121,89,93
1,<environment.Job instance at 0x15309ebdd550>,6,3,[9 2],9,847,850,838,847
1,<environment.Job instance at 0x153084be6730>,2,3,[2 8],3,3,6,0,3
1,<environment.Job instance at 0x15309cc36af0>,3,15,[2 7],4,6,21,2,4
1,<environment.Job instance at 0x153084306e60>,0,14,[2 8],1,1,15,0,1
1,<environment.Job instance at 0x15309857b500>,2,16,[1 8],5,15,31,10,5
1,<environment.Job instance at 0x15309857beb0>,0,3,[1 7],1,1,4,0,1
1,<environment.Job instance at 0x1530843064b0>,2,3,[2 6],3,4,7,1,3
1,<environment.Job instance at 0x1530844330a0>,3,18,[2 8],4,7,25,3,4
1,<environment.Job instance at 0x1530940a6e10>,4,13,[5 1],5,21,34,16,21
1,<environment.Job instance at 0x15309407d6e0>,3,17,[9 2],7,7,24,0,7
1,<environment.Job instance at 0x153097968730>,0,3,[1 5],1,1,4,0,1
1,<environment.Job instance at 0x1530979a0870>,1,3,[2 7],2,4,7,2,2
1,<environment.Job instance at 0x153084807be0>,2,13,[2 5],3,7,20,4,3
1,<environment.Job instance at 0x153097b7b7d0>,0,23,[1 9],1,2,25,1,2
1,<environment.Job instance at 0x1530845214b0>,3,14,[1 5],5,25,39,20,10
1,<environment.Job instance at 0x1530979e1b90>,0,25,[8 1],3,3,28,0,3
1,<environment.Job instance at 0x153084eaff00>,0,12,[1 7],1,1,13,0,1
1,<environment.Job instance at 0x15309ccd1460>,2,19,[2 5],4,13,32,9,5
1,<environment.Job instance at 0x153084d801e0>,4,3,[6 2],6,6,9,0,6
1,<environment.Job instance at 0x153084e60820>,5,2,[6 2],7,9,11,2,7
1,<environment.Job instance at 0x153084e600a0>,6,17,[5 2],8,11,28,3,8
1,<environment.Job instance at 0x153084e332d0>,0,12,[ 1 10],1,1,13,0,1
1,<environment.Job instance at 0x153084ed41e0>,0,14,[8 2],1,1,15,0,1
1,<environment.Job instance at 0x1530846b7f50>,4,13,[2 8],7,7,20,0,7
1,<environment.Job instance at 0x153097b2feb0>,3,25,[9 1],5,5,30,0,5
1,<environment.Job instance at 0x153097b9c820>,4,1,[10  2],7,30,31,23,7
1,<environment.Job instance at 0x153084b865f0>,5,21,[ 2 10],8,31,52,23,23
1,<environment.Job instance at 0x153084b86d20>,0,27,[5 2],2,2,29,0,2
1,<environment.Job instance at 0x1530987fee60>,3,16,[6 2],7,29,45,22,16
1,<environment.Job instance at 0x153097b2bf50>,0,19,[9 1],1,1,20,0,1
1,<environment.Job instance at 0x153097b2b4b0>,3,15,[9 2],5,20,35,15,6
1,<environment.Job instance at 0x1530988330f0>,0,17,[9 1],1,1,18,0,1
1,<environment.Job instance at 0x153098833550>,6,13,[6 1],9,18,31,9,9
1,<environment.Job instance at 0x153098833dc0>,1,3,[5 1],2,2,5,0,2
1,<environment.Job instance at 0x153084cbe1e0>,3,13,[2 6],4,4,17,0,4
1,<environment.Job instance at 0x153084cbeeb0>,1,17,[1 9],3,4,21,1,4
1,<environment.Job instance at 0x15309cc36fa0>,3,13,[5 1],5,14,27,9,14
1,<environment.Job instance at 0x153084852550>,6,3,[10  1],8,107,110,99,107
1,<environment.Job instance at 0x153095c7c050>,0,3,[2 7],1,1,4,0,1
1,<environment.Job instance at 0x153095c7c370>,2,17,[1 8],3,4,21,1,3
1,<environment.Job instance at 0x153097b30f00>,0,22,[8 1],1,1,23,0,1
1,<environment.Job instance at 0x153097b30280>,3,3,[2 5],5,5,8,0,5
1,<environment.Job instance at 0x153097b460a0>,4,17,[1 7],6,8,25,2,6
1,<environment.Job instance at 0x15309d6b5140>,0,18,[6 1],1,1,19,0,1
1,<environment.Job instance at 0x153084959690>,0,19,[1 5],2,2,21,0,2
1,<environment.Job instance at 0x15309b9b3690>,2,14,[5 2],5,6,20,1,6
1,<environment.Job instance at 0x153084f799b0>,0,25,[6 1],1,1,26,0,1
1,<environment.Job instance at 0x15309ec00730>,5,21,[10  1],8,8,29,0,8
1,<environment.Job instance at 0x153097be8280>,0,17,[1 8],4,7,24,3,7
1,<environment.Job instance at 0x153084e92910>,2,3,[5 2],3,3,6,0,3
1,<environment.Job instance at 0x1530844da500>,4,25,[ 1 10],5,6,31,1,5
1,<environment.Job instance at 0x1530985c0910>,5,3,[2 8],7,31,34,24,7
1,<environment.Job instance at 0x153097b629b0>,0,12,[6 2],1,1,13,0,1
1,<environment.Job instance at 0x1530844daa50>,1,3,[1 7],2,2,5,0,2
1,<environment.Job instance at 0x153097b62230>,4,14,[7 1],6,13,27,7,6
1,<environment.Job instance at 0x1530979786e0>,0,16,[9 1],1,1,17,0,1
1,<environment.Job instance at 0x153097978320>,1,14,[ 1 10],2,17,31,15,2
1,<environment.Job instance at 0x153084751c30>,5,13,[6 2],7,31,44,24,30
1,<environment.Job instance at 0x153084751230>,7,2,[7 1],9,928,930,919,928
1,<environment.Job instance at 0x153084dee1e0>,1,14,[1 6],2,2,16,0,2
1,<environment.Job instance at 0x153084751230>,2,14,[7 1],3,3,17,0,3
1,<environment.Job instance at 0x1530845fef00>,4,17,[2 7],6,16,33,10,6
1,<environment.Job instance at 0x1530845fee10>,5,13,[10  1],7,33,46,26,17
1,<environment.Job instance at 0x15309ccaa5a0>,0,15,[ 2 10],2,2,17,0,2
1,<environment.Job instance at 0x1530961b63c0>,0,12,[7 2],1,2,14,1,2
1,<environment.Job instance at 0x1530961b6370>,1,13,[10  1],4,14,27,10,4
1,<environment.Job instance at 0x153097b6c230>,0,27,[8 2],1,1,28,0,1
1,<environment.Job instance at 0x153098593230>,1,3,[2 8],2,2,5,0,2
1,<environment.Job instance at 0x15309e76a500>,0,3,[1 7],1,1,4,0,1
1,<environment.Job instance at 0x153084f90960>,0,3,[2 6],1,1,4,0,1
1,<environment.Job instance at 0x153084e42c30>,2,14,[5 2],3,5,19,2,5
1,<environment.Job instance at 0x153098857550>,5,13,[7 1],7,19,32,12,7
1,<environment.Job instance at 0x1530979995f0>,0,27,[5 2],1,1,28,0,1
1,<environment.Job instance at 0x1530979cd730>,0,18,[7 1],2,2,20,0,2
1,<environment.Job instance at 0x153097bdb780>,5,3,[1 5],8,1373,1376,1365,1373
1,<environment.Job instance at 0x153084c838c0>,1,26,[7 1],2,2,28,0,2
1,<environment.Job instance at 0x153084ded5a0>,0,15,[10  2],1,1,16,0,1
1,<environment.Job instance at 0x1530847aaa50>,3,12,[9 1],5,5,17,0,5
1,<environment.Job instance at 0x15309cc5b190>,5,16,[9 2],8,17,33,9,8
1,<environment.Job instance at 0x153084e03730>,0,15,[6 1],1,1,16,0,1
1,<environment.Job instance at 0x153084897be0>,0,14,[ 1 10],2,2,16,0,2
1,<environment.Job instance at 0x15309f71d9b0>,1,1,[8 1],2,2,3,0,2
1,<environment.Job instance at 0x1530846b9280>,2,13,[2 8],3,3,16,0,3
1,<environment.Job instance at 0x1530846a9e60>,0,12,[2 9],1,1,13,0,1
1,<environment.Job instance at 0x1530847158c0>,5,3,[ 1 10],7,348,351,341,348
1,<environment.Job instance at 0x153084e6aaa0>,1,17,[ 2 10],2,2,19,0,2
1,<environment.Job instance at 0x153084711140>,2,22,[5 1],5,19,41,14,14
1,<environment.Job instance at 0x153097906550>,5,17,[5 2],7,7,24,0,7
1,<environment.Job instance at 0x1530963f6af0>,4,3,[9 2],6,34,37,28,34
1,<environment.Job instance at 0x15308471c410>,2,17,[5 2],3,3,20,0,3
1,<environment.Job instance at 0x1530843e5910>,6,14,[1 9],9,20,34,11,9
1,<environment.Job instance at 0x153084f1fdc0>,0,18,[10  2],1,1,19,0,1
1,<environment.Job instance at 0x153084f1f870>,1,12,[2 9],2,19,31,17,2
1,<environment.Job instance at 0x153084f1ffa0>,2,15,[2 5],3,31,46,28,24
1,<environment.Job instance at 0x1530985011e0>,2,15,[6 1],8,8,23,0,8
1,<environment.Job instance at 0x15309d5aa460>,0,26,[6 2],1,1,27,0,1
1,<environment.Job instance at 0x15309d5aaf50>,3,16,[2 5],4,4,20,0,4
1,<environment.Job instance at 0x1530842e7aa0>,0,3,[5 2],1,1,4,0,1
1,<environment.Job instance at 0x153084d3dbe0>,1,15,[8 1],2,4,19,2,2
1,<environment.Job instance at 0x1530843c2190>,1,13,[7 2],3,3,16,0,3
1,<environment.Job instance at 0x153084eb2fa0>,0,26,[2 5],1,3,29,2,3
1,<environment.Job instance at 0x15309ebfef50>,2,17,[1 5],4,4,21,0,4
1,<environment.Job instance at 0x153097bf38c0>,4,19,[2 8],6,6,25,0,6
1,<environment.Job instance at 0x153097bf3820>,5,18,[1 7],8,25,43,17,19
1,<environment.Job instance at 0x1530843d5960>,3,15,[ 2 10],6,8,23,2,8
1,<environment.Job instance at 0x153095ecfaa0>,2,24,[2 9],4,4,28,0,4
1,<environment.Job instance at 0x1530940df050>,4,18,[5 2],9,28,46,19,17
1,<environment.Job instance at 0x15309880a5f0>,2,25,[2 7],4,8,33,4,8
1,<environment.Job instance at 0x15309cc68140>,0,3,[1 5],1,1,4,0,1
1,<environment.Job instance at 0x153084c56dc0>,0,3,[2 6],1,1,4,0,1
1,<environment.Job instance at 0x153096171140>,3,15,[6 1],5,5,20,0,5
1,<environment.Job instance at 0x1530847b1dc0>,0,26,[5 2],1,1,27,0,1
1,<environment.Job instance at 0x1530847b1140>,5,3,[2 9],7,27,30,20,7
1,<environment.Job instance at 0x15308469a8c0>,1,14,[5 2],6,20,34,14,20
1,<environment.Job instance at 0x15309cc3ba00>,0,3,[2 7],1,1,4,0,1
1,<environment.Job instance at 0x15309cc3b640>,1,21,[10  2],4,4,25,0,4
1,<environment.Job instance at 0x1530979004b0>,0,13,[1 5],3,3,16,0,3
1,<environment.Job instance at 0x153097b7fcd0>,5,13,[2 9],9,16,29,7,9
1,<environment.Job instance at 0x153084365f00>,0,12,[5 2],1,2,14,1,2
1,<environment.Job instance at 0x153084365aa0>,2,20,[9 1],3,14,34,11,5
1,<environment.Job instance at 0x15308442e500>,1,22,[7 1],5,5,27,0,5
1,<environment.Job instance at 0x15309cbff140>,2,3,[2 6],5,5,8,0,5
1,<environment.Job instance at 0x1530849ea8c0>,3,13,[1 7],6,8,21,2,6
1,<environment.Job instance at 0x15309f5f6910>,4,14,[10  2],8,21,35,13,8
1,<environment.Job instance at 0x153084ef93c0>,3,14,[ 2 10],6,6,20,0,6
1,<environment.Job instance at 0x1530979afe60>,7,16,[ 2 10],9,18,34,9,18
1,<environment.Job instance at 0x1530979b8190>,0,28,[2 7],1,3,31,2,3
1,<environment.Job instance at 0x1530979afe60>,2,17,[9 2],5,31,48,26,19
1,<environment.Job instance at 0x15309d5ff960>,0,24,[2 7],1,5,29,4,5
1,<environment.Job instance at 0x15309d5a9f50>,5,13,[1 9],6,29,42,23,26
1,<environment.Job instance at 0x153097ac4f50>,2,20,[1 7],5,6,26,1,6
1,<environment.Job instance at 0x153098879a00>,4,19,[5 2],7,7,26,0,7
1,<environment.Job instance at 0x1530845ec690>,0,18,[7 2],1,1,19,0,1
1,<environment.Job instance at 0x153096414a00>,2,15,[8 2],3,19,34,16,6
1,<environment.Job instance at 0x153097b147d0>,0,3,[2 8],1,1,4,0,1
1,<environment.Job instance at 0x15309e76a370>,3,14,[ 2 10],4,4,18,0,4
1,<environment.Job instance at 0x1530845dcc30>,0,12,[1 7],1,1,13,0,1
1,<environment.Job instance at 0x153084f0c0a0>,2,23,[7 1],3,3,26,0,3
1,<environment.Job instance at 0x153097af0f50>,0,23,[2 5],1,4,27,3,4
1,<environment.Job instance at 0x153084ae0a00>,4,3,[2 6],5,27,30,22,5
1,<environment.Job instance at 0x1530979399b0>,5,3,[2 6],6,30,33,24,6
1,<environment.Job instance at 0x153097b14e10>,6,1,[5 2],7,7,8,0,7
1,<environment.Job instance at 0x153084d69af0>,7,3,[7 1],8,8,11,0,8
1,<environment.Job instance at 0x153084d99190>,8,26,[1 8],9,222,248,213,222
1,<environment.Job instance at 0x153099b3feb0>,1,22,[5 2],2,5,27,3,5
1,<environment.Job instance at 0x153097b2a460>,0,16,[2 8],2,2,18,0,2
1,<environment.Job instance at 0x153097b2a5f0>,2,18,[2 5],4,18,36,14,7
1,<environment.Job instance at 0x153097a285f0>,0,15,[1 8],1,1,16,0,1
1,<environment.Job instance at 0x153095c61280>,2,13,[6 1],3,7,20,4,7
1,<environment.Job instance at 0x15309797cf50>,3,14,[1 6],5,5,19,0,5
1,<environment.Job instance at 0x1530984705a0>,4,12,[1 7],8,19,31,11,8
1,<environment.Job instance at 0x153084db42d0>,0,19,[9 2],1,1,20,0,1
1,<environment.Job instance at 0x153084c89140>,6,14,[1 6],8,14,28,6,14
1,<environment.Job instance at 0x1530978a7e10>,2,12,[9 2],3,3,15,0,3
1,<environment.Job instance at 0x1530978a75a0>,6,16,[5 2],8,15,31,7,12
1,<environment.Job instance at 0x153097b96aa0>,0,3,[ 1 10],1,1,4,0,1
1,<environment.Job instance at 0x1530842cb0a0>,1,2,[5 1],2,4,6,2,2
1,<environment.Job instance at 0x1530842cbb40>,2,3,[ 2 10],4,6,9,2,4
1,<environment.Job instance at 0x153097b96550>,5,3,[2 8],9,9,12,0,9
1,<environment.Job instance at 0x1530961384b0>,2,28,[ 1 10],4,418,446,414,418
1,<environment.Job instance at 0x153084f0c320>,3,16,[ 2 10],7,7,23,0,7
1,<environment.Job instance at 0x153097b3e500>,2,26,[10  1],4,4,30,0,4
1,<environment.Job instance at 0x15309882cc30>,7,3,[1 7],9,105,108,96,105
1,<environment.Job instance at 0x153098813820>,1,12,[ 1 10],2,2,14,0,2
1,<environment.Job instance at 0x1530987f5af0>,3,12,[5 1],4,14,26,10,7
1,<environment.Job instance at 0x153084d5a0f0>,1,13,[1 6],2,2,15,0,2
1,<environment.Job instance at 0x15308497cb40>,0,12,[5 1],1,3,15,2,3
1,<environment.Job instance at 0x15308497c4b0>,2,3,[2 6],4,4,7,0,4
1,<environment.Job instance at 0x153084d5aaa0>,3,17,[6 1],7,15,32,8,7
1,<environment.Job instance at 0x153084c5d730>,4,3,[2 8],8,8,11,0,8
1,<environment.Job instance at 0x1530940e6e60>,0,14,[1 8],1,1,15,0,1
1,<environment.Job instance at 0x153084c5d640>,1,18,[2 8],2,15,33,13,4
1,<environment.Job instance at 0x1530985cc910>,5,19,[1 6],6,35,54,29,35
1,<environment.Job instance at 0x1530985ccc30>,7,2,[1 7],9,273,275,264,273
1,<environment.Job instance at 0x15308486f8c0>,5,17,[7 2],8,8,25,0,8
1,<environment.Job instance at 0x15308486ffa0>,6,13,[2 5],9,22,35,13,22
1,<environment.Job instance at 0x15308471f4b0>,1,16,[6 1],2,2,18,0,2
1,<environment.Job instance at 0x153084c3caf0>,4,26,[8 1],5,5,31,0,5
1,<environment.Job instance at 0x153096126690>,5,22,[ 1 10],9,86,108,77,86
1,<environment.Job instance at 0x153084e8a320>,0,3,[1 5],1,1,4,0,1
1,<environment.Job instance at 0x153084e8a190>,3,14,[9 2],4,4,18,0,4
1,<environment.Job instance at 0x153084e8aeb0>,7,16,[8 1],9,18,34,9,10
1,<environment.Job instance at 0x15308485ce60>,0,15,[8 2],1,1,16,0,1
1,<environment.Job instance at 0x1530978e5e60>,4,14,[ 2 10],6,16,30,10,6
1,<environment.Job instance at 0x1530978e5eb0>,6,18,[5 2],8,30,48,22,19
1,<environment.Job instance at 0x153084803640>,0,16,[1 6],1,1,17,0,1
1,<environment.Job instance at 0x1530844da5f0>,2,14,[10  1],4,17,31,13,4
1,<environment.Job instance at 0x1530844da190>,0,12,[7 2],2,2,14,0,2
1,<environment.Job instance at 0x15309d6a7cd0>,2,17,[6 2],6,14,31,8,7
1,<environment.Job instance at 0x153097a070f0>,0,18,[10  1],1,1,19,0,1
1,<environment.Job instance at 0x153084af42d0>,0,22,[5 1],1,2,24,1,2
1,<environment.Job instance at 0x153084af4690>,1,14,[9 2],4,24,38,20,9
1,<environment.Job instance at 0x153098552460>,4,23,[ 2 10],6,6,29,0,6
1,<environment.Job instance at 0x153097a21e60>,1,2,[8 1],2,2,4,0,2
1,<environment.Job instance at 0x1530843f4a50>,2,17,[ 2 10],3,4,21,1,3
1,<environment.Job instance at 0x1530846ca2d0>,0,13,[8 1],1,1,14,0,1
1,<environment.Job instance at 0x153084653320>,2,20,[ 1 10],3,29,49,26,29
1,<environment.Job instance at 0x15309d6272d0>,0,15,[10  2],1,1,16,0,1
1,<environment.Job instance at 0x153084c48320>,0,14,[2 5],1,1,15,0,1
1,<environment.Job instance at 0x15309d5ed960>,4,17,[2 9],8,8,25,0,8
1,<environment.Job instance at 0x153084f47280>,0,17,[ 1 10],1,4,21,3,4
1,<environment.Job instance at 0x153084a90fa0>,0,3,[2 5],1,1,4,0,1
1,<environment.Job instance at 0x153098579910>,2,18,[10  1],3,4,22,1,3
1,<environment.Job instance at 0x153098586be0>,1,12,[2 8],3,3,15,0,3
1,<environment.Job instance at 0x1530985868c0>,2,14,[10  2],4,15,29,11,4
1,<environment.Job instance at 0x153084a29280>,2,23,[9 1],4,4,27,0,4
1,<environment.Job instance at 0x1530846b5fa0>,3,14,[10  1],5,27,41,22,12
1,<environment.Job instance at 0x153084433910>,0,12,[5 1],2,4,16,2,4
1,<environment.Job instance at 0x153094062cd0>,0,3,[2 5],2,2,5,0,2
1,<environment.Job instance at 0x153094062550>,2,18,[2 9],5,6,24,1,6
1,<environment.Job instance at 0x1530940628c0>,3,13,[2 8],7,24,37,17,8
1,<environment.Job instance at 0x15308491ecd0>,1,13,[6 1],2,2,15,0,2
1,<environment.Job instance at 0x15308479beb0>,6,17,[9 1],8,15,32,7,8
1,<environment.Job instance at 0x15309ebc6e60>,1,14,[2 8],2,2,16,0,2
1,<environment.Job instance at 0x15309ebc68c0>,3,17,[7 2],5,5,22,0,5
1,<environment.Job instance at 0x1530978acf00>,4,13,[8 1],8,22,35,14,10
1,<environment.Job instance at 0x15309cbffb90>,0,18,[8 1],1,1,19,0,1
1,<environment.Job instance at 0x153084de2c30>,4,17,[ 1 10],9,14,31,5,14
1,<environment.Job instance at 0x153084367780>,0,13,[ 1 10],1,1,14,0,1
1,<environment.Job instance at 0x153084f5e910>,2,13,[7 2],5,14,27,9,5
1,<environment.Job instance at 0x1530843676e0>,1,14,[6 2],4,4,18,0,4
1,<environment.Job instance at 0x15309e78da50>,3,18,[10  2],6,18,36,12,7
1,<environment.Job instance at 0x153097b82a50>,0,12,[5 2],1,2,14,1,2
1,<environment.Job instance at 0x153084e30af0>,0,15,[7 1],1,1,16,0,1
1,<environment.Job instance at 0x1530846b0af0>,1,14,[7 1],3,3,17,0,3
1,<environment.Job instance at 0x153084e30af0>,3,17,[6 2],9,17,34,8,9
1,<environment.Job instance at 0x1530845d60a0>,1,14,[10  2],3,3,17,0,3
1,<environment.Job instance at 0x1530846e97d0>,3,17,[1 9],5,17,34,12,13
1,<environment.Job instance at 0x153096101550>,2,17,[6 1],7,7,24,0,7
1,<environment.Job instance at 0x153084dc8460>,1,18,[2 8],2,2,20,0,2
1,<environment.Job instance at 0x1530848d9dc0>,2,13,[7 2],5,5,18,0,5
1,<environment.Job instance at 0x1530845966e0>,3,20,[6 2],6,18,38,12,11
1,<environment.Job instance at 0x153084596820>,1,3,[ 2 10],2,2,5,0,2
1,<environment.Job instance at 0x1530845966e0>,2,3,[1 5],4,5,8,1,4
1,<environment.Job instance at 0x153084d84550>,5,20,[2 5],8,8,28,0,8
1,<environment.Job instance at 0x153084d84dc0>,6,16,[5 2],9,17,33,8,17
1,<environment.Job instance at 0x15309cc1efa0>,0,28,[10  1],1,1,29,0,1
1,<environment.Job instance at 0x1530848b9d20>,7,1,[6 1],9,46,47,37,46
1,<environment.Job instance at 0x15309ccaac30>,6,3,[2 5],8,57,60,49,57
1,<environment.Job instance at 0x153084a490a0>,0,27,[2 9],2,5,32,3,5
1,<environment.Job instance at 0x153084b85aa0>,5,3,[2 6],8,32,35,24,8
1,<environment.Job instance at 0x153097937dc0>,6,12,[9 1],9,11,23,2,11
1,<environment.Job instance at 0x153084e955a0>,0,14,[8 2],1,1,15,0,1
1,<environment.Job instance at 0x15308490ab40>,4,3,[1 6],7,14,17,7,14
1,<environment.Job instance at 0x1530849544b0>,0,14,[7 2],1,1,15,0,1
1,<environment.Job instance at 0x153097b3f6e0>,3,16,[10  1],4,4,20,0,4
1,<environment.Job instance at 0x153097ab58c0>,0,26,[2 7],1,2,28,1,2
1,<environment.Job instance at 0x153094057320>,2,12,[7 1],3,3,15,0,3
1,<environment.Job instance at 0x15308433daa0>,4,17,[9 2],7,28,45,21,16
1,<environment.Job instance at 0x1530842fa370>,0,17,[5 1],1,1,18,0,1
1,<environment.Job instance at 0x153095c80640>,1,12,[6 2],2,18,30,16,2
1,<environment.Job instance at 0x153084210820>,0,3,[2 7],2,2,5,0,2
1,<environment.Job instance at 0x153097ba00a0>,1,15,[7 2],3,3,18,0,3
1,<environment.Job instance at 0x153084210870>,2,13,[ 2 10],5,18,31,13,5
1,<environment.Job instance at 0x153097ba8190>,4,21,[6 2],9,31,52,22,23
1,<environment.Job instance at 0x15309617a4b0>,0,16,[6 1],1,1,17,0,1
1,<environment.Job instance at 0x1530849df9b0>,2,18,[6 1],3,3,21,0,3
1,<environment.Job instance at 0x1530960e6730>,4,14,[ 1 10],5,21,35,16,6
1,<environment.Job instance at 0x1530960e6a00>,7,18,[8 1],9,35,53,26,24
1,<environment.Job instance at 0x15309611c460>,0,16,[6 2],2,2,18,0,2
1,<environment.Job instance at 0x1530844674b0>,0,23,[1 9],1,252,275,251,252
1,<environment.Job instance at 0x15309e7a0c30>,0,3,[1 6],1,1,4,0,1
1,<environment.Job instance at 0x15309e7a08c0>,1,13,[1 5],2,4,17,2,2
1,<environment.Job instance at 0x15309ec0d820>,6,18,[1 8],8,17,35,9,14
1,<environment.Job instance at 0x15309ec0d640>,1,12,[8 1],2,2,14,0,2
1,<environment.Job instance at 0x15309d5a7500>,3,16,[ 2 10],8,14,30,6,8
1,<environment.Job instance at 0x153084b4f8c0>,0,17,[2 7],3,3,20,0,3
1,<environment.Job instance at 0x153084b4fd70>,1,23,[2 9],4,20,43,16,14
1,<environment.Job instance at 0x153099b360f0>,0,15,[10  1],1,1,16,0,1
1,<environment.Job instance at 0x153084f37550>,1,17,[6 1],3,16,33,13,4
1,<environment.Job instance at 0x153099b367d0>,3,15,[5 2],5,33,48,28,19
1,<environment.Job instance at 0x15309641a050>,1,15,[2 9],2,2,17,0,2
1,<environment.Job instance at 0x153097898b90>,2,15,[7 2],3,17,32,14,4
1,<environment.Job instance at 0x153084f5c320>,5,23,[1 9],6,233,256,227,233
1,<environment.Job instance at 0x153084f5ccd0>,8,2,[6 2],9,733,735,724,733
1,<environment.Job instance at 0x15309d5aca50>,1,14,[2 5],3,3,17,0,3
1,<environment.Job instance at 0x15308475b550>,3,16,[5 1],5,5,21,0,5
1,<environment.Job instance at 0x15309d5ac0f0>,4,15,[2 8],9,17,32,8,9
1,<environment.Job instance at 0x153097b24e60>,2,17,[6 2],3,3,20,0,3
1,<environment.Job instance at 0x153084855190>,7,23,[2 9],9,20,43,11,14
1,<environment.Job instance at 0x153084d352d0>,4,3,[2 7],8,8,11,0,8
1,<environment.Job instance at 0x153084d35be0>,2,15,[2 8],5,5,20,0,5
1,<environment.Job instance at 0x15309cc480a0>,4,12,[8 1],7,9,21,2,9
1,<environment.Job instance at 0x15309cc48c30>,1,16,[1 9],3,3,19,0,3
1,<environment.Job instance at 0x15309cc480a0>,4,15,[2 7],6,19,34,13,8
1,<environment.Job instance at 0x1530988799b0>,3,3,[1 8],6,6,9,0,6
1,<environment.Job instance at 0x1530984eab90>,4,14,[ 1 10],9,9,23,0,9
1,<environment.Job instance at 0x1530984ead70>,1,14,[2 9],4,4,18,0,4
1,<environment.Job instance at 0x1530940cd7d0>,4,26,[ 2 10],7,18,44,11,16
1,<environment.Job instance at 0x1530988ce780>,2,18,[2 7],5,5,23,0,5
1,<environment.Job instance at 0x1530845dba00>,3,19,[8 1],4,4,23,0,4
1,<environment.Job instance at 0x15308455fa00>,0,14,[ 2 10],1,1,15,0,1
1,<environment.Job instance at 0x15308455fb90>,2,16,[5 2],3,15,31,12,3
1,<environment.Job instance at 0x15308455f320>,5,17,[2 6],7,15,32,8,7
1,<environment.Job instance at 0x15309db2c550>,4,14,[9 1],5,6,20,1,6
1,<environment.Job instance at 0x153097921140>,1,3,[2 9],3,3,6,0,3
1,<environment.Job instance at 0x1530843865a0>,0,17,[2 5],2,2,19,0,2
1,<environment.Job instance at 0x1530843f77d0>,1,18,[ 2 10],3,19,37,16,8
1,<environment.Job instance at 0x15309408f140>,5,16,[10  2],9,37,53,28,24
1,<environment.Job instance at 0x153084cb83c0>,1,12,[1 5],2,2,14,0,2
1,<environment.Job instance at 0x15309e78d6e0>,0,2,[1 5],1,1,3,0,1
1,<environment.Job instance at 0x1530845a4640>,3,21,[2 7],6,9,30,3,9
1,<environment.Job instance at 0x1530845a4320>,1,27,[2 7],2,3,30,1,3
1,<environment.Job instance at 0x1530845a4640>,3,13,[1 6],4,31,44,27,31
1,<environment.Job instance at 0x15309cc7c410>,3,3,[10  1],8,1722,1725,1714,1722
1,<environment.Job instance at 0x1530984f77d0>,1,22,[6 2],2,2,24,0,2
1,<environment.Job instance at 0x1530984f7a50>,2,12,[10  1],3,24,36,21,7
1,<environment.Job instance at 0x15309cd24f50>,3,2,[7 1],4,1186,1188,1182,1186
1,<environment.Job instance at 0x1530844f6780>,0,3,[1 7],1,1,4,0,1
1,<environment.Job instance at 0x153095c5e640>,0,18,[8 1],2,2,20,0,2
1,<environment.Job instance at 0x1530844059b0>,0,3,[1 5],1,1,4,0,1
1,<environment.Job instance at 0x153084f9d2d0>,3,3,[10  2],5,5,8,0,5
1,<environment.Job instance at 0x153084f9d050>,4,13,[9 1],6,8,21,2,6
1,<environment.Job instance at 0x153084f9d730>,7,16,[5 1],9,21,37,12,9
1,<environment.Job instance at 0x153094043fa0>,0,13,[2 5],2,2,15,0,2
1,<environment.Job instance at 0x153084d490f0>,6,13,[2 5],9,9,22,0,9
1,<environment.Job instance at 0x153095c6ffa0>,0,13,[7 2],1,1,14,0,1
1,<environment.Job instance at 0x153099b49280>,1,14,[7 1],2,14,28,12,3
1,<environment.Job instance at 0x153084f9dcd0>,8,14,[2 5],9,9,23,0,9
1,<environment.Job instance at 0x153097993500>,1,3,[1 5],2,2,5,0,2
1,<environment.Job instance at 0x153097993f50>,2,3,[1 5],3,3,6,0,3
1,<environment.Job instance at 0x15309cc9a190>,6,18,[5 2],9,9,27,0,9
1,<environment.Job instance at 0x153084395050>,1,12,[2 8],5,5,17,0,5
1,<environment.Job instance at 0x15309cc9a190>,2,13,[9 2],7,17,30,10,7
1,<environment.Job instance at 0x153084395870>,3,18,[ 1 10],9,30,48,21,21
1,<environment.Job instance at 0x153098583190>,0,15,[5 2],1,2,17,1,2
1,<environment.Job instance at 0x153098583280>,1,14,[6 1],4,4,18,0,4
1,<environment.Job instance at 0x153096132af0>,2,12,[2 8],5,5,17,0,5
1,<environment.Job instance at 0x15308425ccd0>,0,3,[2 5],2,2,5,0,2
1,<environment.Job instance at 0x15308425ce60>,5,18,[10  1],9,9,27,0,9
1,<environment.Job instance at 0x1530988b5690>,3,16,[1 8],5,5,21,0,5
1,<environment.Job instance at 0x153084b85320>,0,22,[2 9],1,25,47,24,25
1,<environment.Job instance at 0x153097acbb40>,0,13,[7 1],1,1,14,0,1
1,<environment.Job instance at 0x153084fe45f0>,2,14,[10  2],4,14,28,10,4
1,<environment.Job instance at 0x153084e27c30>,6,17,[8 1],8,8,25,0,8
1,<environment.Job instance at 0x153084d3db90>,0,18,[ 2 10],3,3,21,0,3
1,<environment.Job instance at 0x153084e05730>,1,12,[5 1],5,21,33,16,15
1,<environment.Job instance at 0x1530844c0550>,2,22,[1 7],4,4,26,0,4
1,<environment.Job instance at 0x1530844c0960>,4,28,[2 9],8,41,69,33,41
1,<environment.Job instance at 0x1530848c2e60>,1,2,[ 1 10],2,2,4,0,2
1,<environment.Job instance at 0x1530848c20f0>,4,1,[5 1],6,6,7,0,6
1,<environment.Job instance at 0x1530848c2be0>,6,15,[5 1],8,12,27,4,12
1,<environment.Job instance at 0x153084d63870>,0,22,[5 2],1,5,27,4,5
1,<environment.Job instance at 0x15309404d870>,5,13,[6 1],9,27,40,18,11
1,<environment.Job instance at 0x153084fb8050>,0,13,[5 2],1,2,15,1,2
1,<environment.Job instance at 0x153084b43f50>,3,12,[1 8],4,4,16,0,4
1,<environment.Job instance at 0x153084fb8190>,5,17,[1 8],7,16,33,9,7
1,<environment.Job instance at 0x15309854d5f0>,2,3,[1 6],3,3,6,0,3
1,<environment.Job instance at 0x153095eaa4b0>,1,3,[1 5],2,2,5,0,2
1,<environment.Job instance at 0x1530979b7780>,4,18,[7 1],7,7,25,0,7
1,<environment.Job instance at 0x153084227e10>,0,28,[1 7],1,9,37,8,9
1,<environment.Job instance at 0x153084fa31e0>,0,3,[1 8],2,2,5,0,2
1,<environment.Job instance at 0x15309854de10>,2,14,[2 7],5,5,19,0,5
1,<environment.Job instance at 0x15309854dc30>,3,12,[ 1 10],8,19,31,11,8
1,<environment.Job instance at 0x1530940b7280>,1,2,[5 2],3,3,5,0,3
1,<environment.Job instance at 0x1530848b9690>,3,21,[5 2],6,8,29,2,8
1,<environment.Job instance at 0x153097b38e60>,5,20,[6 2],9,9,29,0,9
1,<environment.Job instance at 0x153084c1f820>,2,24,[7 1],4,4,28,0,4
1,<environment.Job instance at 0x153084b78870>,1,19,[1 7],2,2,21,0,2
1,<environment.Job instance at 0x153084b78d70>,2,23,[8 2],3,3,26,0,3
1,<environment.Job instance at 0x153084b78230>,5,14,[6 1],6,26,40,20,16
1,<environment.Job instance at 0x153084b78b40>,0,18,[8 2],2,2,20,0,2
1,<environment.Job instance at 0x153084b780a0>,1,26,[10  2],6,20,46,14,17
1,<environment.Job instance at 0x153084900280>,1,14,[10  2],2,2,16,0,2
1,<environment.Job instance at 0x15308468d640>,6,16,[9 2],9,16,32,7,9
1,<environment.Job instance at 0x15309407a730>,2,25,[8 1],6,6,31,0,6
1,<environment.Job instance at 0x15309407af00>,3,13,[1 8],7,7,20,0,7
1,<environment.Job instance at 0x153084961500>,0,18,[2 7],3,5,23,2,5
1,<environment.Job instance at 0x15309cc48e60>,0,25,[ 1 10],1,3,28,2,3
1,<environment.Job instance at 0x1530848a2b90>,2,15,[1 8],4,4,19,0,4
1,<environment.Job instance at 0x15308473d500>,2,14,[2 5],5,5,19,0,5
1,<environment.Job instance at 0x15309b9b5eb0>,3,14,[2 9],6,19,33,13,6
1,<environment.Job instance at 0x1530849cabe0>,3,1,[1 6],5,279,280,274,279
1,<environment.Job instance at 0x15309d646640>,0,18,[2 7],2,2,20,0,2
1,<environment.Job instance at 0x15309d6465a0>,1,16,[1 8],3,175,191,172,175
1,<environment.Job instance at 0x153097bac6e0>,4,2,[8 2],8,345,347,337,345
1,<environment.Job instance at 0x153084c8c7d0>,0,12,[7 2],1,1,13,0,1
1,<environment.Job instance at 0x15309cc497d0>,2,15,[10  2],3,3,18,0,3
1,<environment.Job instance at 0x1530984e0e10>,6,14,[6 1],7,18,32,11,8
1,<environment.Job instance at 0x1530842abcd0>,2,3,[1 8],7,7,10,0,7
1,<environment.Job instance at 0x1530842abc30>,1,26,[1 9],3,6,32,3,6
1,<environment.Job instance at 0x1530842ab730>,3,3,[9 1],7,7,10,0,7
1,<environment.Job instance at 0x1530978b7af0>,4,17,[2 8],8,32,49,24,20
1,<environment.Job instance at 0x1530849e6e10>,4,3,[ 2 10],6,9,12,3,9
1,<environment.Job instance at 0x153097a110f0>,1,21,[5 1],2,3,24,1,3
1,<environment.Job instance at 0x15309db119b0>,4,15,[2 6],6,6,21,0,6
1,<environment.Job instance at 0x15309db11e60>,3,24,[2 7],9,9,33,0,9
1,<environment.Job instance at 0x1530845d5140>,0,12,[1 6],2,2,14,0,2
1,<environment.Job instance at 0x1530845d51e0>,1,15,[6 2],5,6,21,1,6
1,<environment.Job instance at 0x153084afe9b0>,0,19,[10  2],1,1,20,0,1
1,<environment.Job instance at 0x153084afedc0>,3,22,[9 2],5,20,42,15,13
1,<environment.Job instance at 0x153096c48dc0>,0,3,[2 8],1,1,4,0,1
1,<environment.Job instance at 0x153095c6d0a0>,3,20,[1 7],5,29,49,24,29
1,<environment.Job instance at 0x153084961b40>,2,25,[2 7],5,7,32,2,7
1,<environment.Job instance at 0x153084865870>,1,1,[9 1],3,3,4,0,3
1,<environment.Job instance at 0x153084fc7190>,3,24,[6 1],5,5,29,0,5
1,<environment.Job instance at 0x153084614780>,1,19,[6 2],2,2,21,0,2
1,<environment.Job instance at 0x153084873a50>,3,18,[9 2],4,21,39,17,10
1,<environment.Job instance at 0x153084fb73c0>,1,14,[7 1],3,3,17,0,3
1,<environment.Job instance at 0x15309790cc80>,1,15,[8 1],2,2,17,0,2
1,<environment.Job instance at 0x153084223910>,5,15,[7 1],9,17,32,8,10
1,<environment.Job instance at 0x153097ac3eb0>,0,17,[5 1],2,3,20,1,3
1,<environment.Job instance at 0x15309d687b90>,3,16,[2 6],9,9,25,0,9
1,<environment.Job instance at 0x15309d595a00>,2,13,[1 8],3,3,16,0,3
1,<environment.Job instance at 0x153084c1f1e0>,1,18,[5 1],6,7,25,1,7
1,<environment.Job instance at 0x153084276690>,0,13,[1 7],2,2,15,0,2
1,<environment.Job instance at 0x15309cce5410>,3,13,[8 2],5,5,18,0,5
1,<environment.Job instance at 0x153084f900f0>,7,13,[6 1],9,26,39,17,26
1,<environment.Job instance at 0x153097933690>,1,21,[2 7],3,4,25,1,4
1,<environment.Job instance at 0x1530961420f0>,3,14,[1 6],6,25,39,19,10
1,<environment.Job instance at 0x153097b6c4b0>,0,21,[7 1],1,1,22,0,1
1,<environment.Job instance at 0x153097b6cb40>,3,22,[10  1],8,22,44,14,15
1,<environment.Job instance at 0x153084b75640>,2,15,[2 6],6,6,21,0,6
1,<environment.Job instance at 0x153084b753c0>,3,21,[10  2],7,21,42,14,13
1,<environment.Job instance at 0x15309ccf3eb0>,3,13,[2 7],5,597,610,592,597
1,<environment.Job instance at 0x1530988b99b0>,0,26,[1 6],2,611,637,609,611
1,<environment.Job instance at 0x153097c05a50>,0,2,[1 5],1,1,3,0,1
1,<environment.Job instance at 0x1530963e91e0>,1,17,[1 6],2,3,20,1,3
1,<environment.Job instance at 0x15309850de10>,4,15,[9 2],6,6,21,0,6
1,<environment.Job instance at 0x1530984ecc80>,5,17,[5 1],7,21,38,14,12
1,<environment.Job instance at 0x1530848e70f0>,0,13,[8 2],1,1,14,0,1
1,<environment.Job instance at 0x1530848e7b40>,1,16,[1 8],2,6,22,4,6
1,<environment.Job instance at 0x15309854d370>,5,14,[1 9],7,22,36,15,7
1,<environment.Job instance at 0x15309854d550>,6,13,[1 9],9,36,49,27,20
1,<environment.Job instance at 0x153084cee410>,0,13,[ 2 10],1,1,14,0,1
1,<environment.Job instance at 0x153084882730>,0,16,[2 9],1,1,17,0,1
1,<environment.Job instance at 0x1530843845f0>,1,16,[ 1 10],3,3,19,0,3
1,<environment.Job instance at 0x15309e76d0a0>,4,24,[2 7],7,19,43,12,14
1,<environment.Job instance at 0x153098494dc0>,1,15,[5 2],2,6,21,4,6
1,<environment.Job instance at 0x153095ece9b0>,0,17,[8 1],1,1,18,0,1
1,<environment.Job instance at 0x153095ece140>,5,12,[5 2],7,18,30,11,8
1,<environment.Job instance at 0x1530847ece60>,0,3,[2 6],1,1,4,0,1
1,<environment.Job instance at 0x1530847ec910>,1,28,[9 1],2,4,32,2,3
1,<environment.Job instance at 0x153084580e10>,7,18,[8 2],9,32,50,23,21
1,<environment.Job instance at 0x15309d675640>,2,22,[2 9],3,3,25,0,3
1,<environment.Job instance at 0x15309d675190>,3,12,[9 1],4,25,37,21,8
1,<environment.Job instance at 0x15309d675e10>,1,18,[6 1],2,2,20,0,2
1,<environment.Job instance at 0x15309d6751e0>,2,17,[7 1],3,20,37,17,8
1,<environment.Job instance at 0x1530988d6280>,4,14,[2 6],9,9,23,0,9
1,<environment.Job instance at 0x1530978c40f0>,3,15,[9 2],7,7,22,0,7
1,<environment.Job instance at 0x153084b0cf50>,1,15,[6 2],2,2,17,0,2
1,<environment.Job instance at 0x15309d5c7410>,2,16,[1 5],5,5,21,0,5
1,<environment.Job instance at 0x153097ba7fa0>,5,14,[1 7],9,21,35,12,9
1,<environment.Job instance at 0x15309d6efa50>,3,15,[ 2 10],5,5,20,0,5
1,<environment.Job instance at 0x15309d616910>,6,15,[2 8],8,20,35,12,8
1,<environment.Job instance at 0x15309d6161e0>,1,19,[1 8],5,6,25,1,6
1,<environment.Job instance at 0x153084e91c30>,1,13,[6 1],3,3,16,0,3
1,<environment.Job instance at 0x15309d6161e0>,4,20,[10  2],8,16,36,8,8
1,<environment.Job instance at 0x153097b1dc30>,0,19,[2 8],1,2,21,1,2
1,<environment.Job instance at 0x15308458a3c0>,4,13,[1 7],7,7,20,0,7
1,<environment.Job instance at 0x15308458acd0>,0,21,[ 1 10],3,8,29,5,8
1,<environment.Job instance at 0x153084d76280>,5,16,[6 1],9,29,45,20,16
1,<environment.Job instance at 0x153098805690>,1,16,[9 1],3,3,19,0,3
1,<environment.Job instance at 0x153084456780>,1,22,[6 1],2,2,24,0,2
1,<environment.Job instance at 0x153096142e60>,4,1,[1 8],6,177,178,171,177
1,<environment.Job instance at 0x153098840dc0>,0,14,[5 2],2,3,17,1,3
1,<environment.Job instance at 0x153084c213c0>,0,24,[ 1 10],1,4,28,3,4
1,<environment.Job instance at 0x153084932140>,0,16,[10  2],3,3,19,0,3
1,<environment.Job instance at 0x153084932190>,1,25,[2 9],4,77,102,73,77
1,<environment.Job instance at 0x1530940e7fa0>,1,18,[5 1],2,2,20,0,2
1,<environment.Job instance at 0x1530940e7730>,3,12,[2 7],5,5,17,0,5
1,<environment.Job instance at 0x153096c72960>,4,20,[6 2],6,20,40,14,11
1,<environment.Job instance at 0x153084b85690>,0,22,[8 2],2,2,24,0,2
1,<environment.Job instance at 0x153095ed1fa0>,3,23,[2 7],8,8,31,0,8
1,<environment.Job instance at 0x153095ed1b40>,4,16,[10  1],9,31,47,22,18
1,<environment.Job instance at 0x153084e42500>,0,18,[ 1 10],1,2,20,1,2
1,<environment.Job instance at 0x153084e42320>,2,12,[2 7],4,20,32,16,4
1,<environment.Job instance at 0x153097af5b90>,4,3,[9 1],6,32,35,26,6
1,<environment.Job instance at 0x153097af5be0>,5,21,[5 2],7,35,56,28,27
1,<environment.Job instance at 0x1530978f8230>,0,12,[1 6],1,1,13,0,1
1,<environment.Job instance at 0x153084281780>,2,17,[1 5],4,13,30,9,4
1,<environment.Job instance at 0x1530963f3140>,4,18,[5 1],7,9,27,2,9
1,<environment.Job instance at 0x15308453dd70>,0,17,[10  1],1,1,18,0,1
1,<environment.Job instance at 0x153084be60f0>,2,12,[2 7],3,3,15,0,3
1,<environment.Job instance at 0x153084e1d4b0>,5,17,[1 5],6,15,32,9,6
1,<environment.Job instance at 0x1530978dceb0>,0,27,[1 6],1,2,29,1,2
1,<environment.Job instance at 0x1530978dc050>,2,3,[2 5],4,29,32,25,4
1,<environment.Job instance at 0x1530979af370>,0,18,[2 6],1,2,20,1,2
1,<environment.Job instance at 0x153097aeae10>,2,16,[2 5],4,20,36,16,7
1,<environment.Job instance at 0x1530979af190>,7,12,[2 7],9,36,48,27,19
1,<environment.Job instance at 0x15308439c870>,0,18,[2 8],2,3,21,1,3
1,<environment.Job instance at 0x15308439c910>,2,16,[2 5],4,21,37,17,8
1,<environment.Job instance at 0x15309ebb7550>,2,1,[6 2],4,4,5,0,4
1,<environment.Job instance at 0x153084a9d5f0>,3,20,[5 2],5,5,25,0,5
1,<environment.Job instance at 0x153097937550>,6,16,[2 8],8,8,24,0,8
1,<environment.Job instance at 0x153097937af0>,1,16,[1 8],3,3,19,0,3
1,<environment.Job instance at 0x1530844a11e0>,4,17,[8 1],9,9,26,0,9
1,<environment.Job instance at 0x1530844a16e0>,0,15,[1 7],1,1,16,0,1
1,<environment.Job instance at 0x153084219370>,1,3,[1 5],2,2,5,0,2
1,<environment.Job instance at 0x153084219e60>,2,3,[1 6],4,5,8,1,4
1,<environment.Job instance at 0x153084f42c30>,4,27,[8 1],7,7,34,0,7
1,<environment.Job instance at 0x1530846cc0f0>,0,13,[1 6],1,1,14,0,1
1,<environment.Job instance at 0x15309407c050>,1,18,[ 1 10],6,357,375,351,357
1,<environment.Job instance at 0x1530846ccd70>,3,18,[2 9],6,7,25,1,7
1,<environment.Job instance at 0x153096126aa0>,2,14,[1 6],3,3,17,0,3
1,<environment.Job instance at 0x153096126870>,4,15,[1 7],5,17,32,12,5
1,<environment.Job instance at 0x153096126b90>,5,18,[ 2 10],6,32,50,26,21
1,<environment.Job instance at 0x15309d624190>,1,21,[10  2],2,2,23,0,2
1,<environment.Job instance at 0x153095c7a2d0>,1,19,[5 1],3,4,23,1,4
1,<environment.Job instance at 0x15309cf3c910>,6,21,[2 8],9,67,88,58,67
1,<environment.Job instance at 0x15309d5eadc0>,0,14,[1 5],1,1,15,0,1
1,<environment.Job instance at 0x15309d5ea1e0>,1,17,[5 1],2,3,20,1,3
1,<environment.Job instance at 0x15309d5ea370>,3,16,[8 1],4,20,36,16,7
1,<environment.Job instance at 0x153084536d20>,1,18,[ 2 10],3,4,22,1,4
1,<environment.Job instance at 0x1530979f24b0>,3,14,[7 1],9,22,36,13,9
1,<environment.Job instance at 0x15309d609870>,1,15,[5 1],2,5,20,3,5
1,<environment.Job instance at 0x15309cf50d70>,1,3,[2 6],2,2,5,0,2
1,<environment.Job instance at 0x15309790d370>,0,27,[2 7],1,2,29,1,2
1,<environment.Job instance at 0x153084f7ca50>,5,18,[2 6],8,29,47,21,18
1,<environment.Job instance at 0x15309617a820>,0,18,[1 9],1,2,20,1,2
1,<environment.Job instance at 0x153084d0cd20>,4,15,[10  1],6,20,35,14,6
1,<environment.Job instance at 0x1530849625f0>,3,19,[10  1],5,5,24,0,5
1,<environment.Job instance at 0x153084962eb0>,4,18,[9 2],6,24,42,18,13
1,<environment.Job instance at 0x153084962f50>,0,21,[2 7],2,4,25,2,4
1,<environment.Job instance at 0x1530940b2aa0>,0,16,[5 2],2,3,19,1,3
1,<environment.Job instance at 0x1530940b2780>,4,2,[2 6],7,24,26,17,24
1,<environment.Job instance at 0x1530940b25f0>,1,3,[2 8],2,2,5,0,2
1,<environment.Job instance at 0x153084c17050>,3,3,[ 2 10],4,5,8,1,4
1,<environment.Job instance at 0x153097b87b90>,6,3,[2 6],7,8,11,1,7
1,<environment.Job instance at 0x1530978c4a00>,0,21,[1 7],2,3,24,1,3
1,<environment.Job instance at 0x1530978c4460>,4,17,[2 8],7,24,41,17,12
1,<environment.Job instance at 0x15309cc06640>,0,13,[2 6],1,1,14,0,1
1,<environment.Job instance at 0x15309cc065a0>,3,14,[2 6],5,14,28,9,5
1,<environment.Job instance at 0x15308499d410>,6,3,[ 2 10],8,8,11,0,8
1,<environment.Job instance at 0x153084f71500>,0,3,[1 8],1,1,4,0,1
1,<environment.Job instance at 0x15308499dd70>,1,17,[2 9],2,4,21,2,2
1,<environment.Job instance at 0x15309cc06d70>,2,27,[ 1 10],3,282,309,279,282
1,<environment.Job instance at 0x153084f5c910>,0,18,[6 2],1,1,19,0,1
1,<environment.Job instance at 0x15308429ed20>,1,12,[2 5],2,2,14,0,2
1,<environment.Job instance at 0x15308429ea50>,2,15,[6 2],4,4,19,0,4
1,<environment.Job instance at 0x153097917cd0>,3,15,[2 9],5,19,34,14,5
1,<environment.Job instance at 0x1530843d05f0>,0,20,[7 2],1,1,21,0,1
1,<environment.Job instance at 0x15309ebfa1e0>,0,14,[8 2],2,2,16,0,2
1,<environment.Job instance at 0x1530849fab40>,5,17,[1 6],6,6,23,0,6
1,<environment.Job instance at 0x153084a08370>,8,26,[ 2 10],9,46,72,37,46
1,<environment.Job instance at 0x153084a81e60>,0,18,[1 7],1,2,20,1,2
1,<environment.Job instance at 0x153084a08d20>,3,14,[8 2],5,5,19,0,5
1,<environment.Job instance at 0x153084b601e0>,0,14,[9 1],1,1,15,0,1
1,<environment.Job instance at 0x153084a1a960>,2,16,[2 7],4,4,20,0,4
1,<environment.Job instance at 0x1530848070a0>,6,3,[1 8],9,1096,1099,1087,1096
1,<environment.Job instance at 0x1530842daa50>,0,16,[9 1],2,2,18,0,2
1,<environment.Job instance at 0x1530842da780>,4,17,[2 8],8,18,35,10,8
1,<environment.Job instance at 0x1530842da0f0>,1,12,[2 5],5,5,17,0,5
1,<environment.Job instance at 0x1530847d8370>,1,3,[2 6],2,2,5,0,2
1,<environment.Job instance at 0x153084d2f140>,0,17,[6 1],1,1,18,0,1
1,<environment.Job instance at 0x153084dd7eb0>,2,13,[7 2],5,18,31,13,5
1,<environment.Job instance at 0x153084dc9460>,0,25,[9 1],1,1,26,0,1
1,<environment.Job instance at 0x153084dc9870>,3,15,[8 2],5,26,41,21,12
1,<environment.Job instance at 0x15308489b5f0>,0,27,[ 2 10],1,5,32,4,5
1,<environment.Job instance at 0x153084fa3be0>,0,15,[6 2],1,1,16,0,1
1,<environment.Job instance at 0x153084395190>,6,23,[1 7],8,8,31,0,8
1,<environment.Job instance at 0x1530847b1690>,2,14,[6 1],5,5,19,0,5
1,<environment.Job instance at 0x153098566460>,0,13,[2 8],1,1,14,0,1
1,<environment.Job instance at 0x153098566780>,1,18,[1 7],3,14,32,11,10
1,<environment.Job instance at 0x15308452fc80>,6,1,[7 1],8,660,661,652,660
1,<environment.Job instance at 0x153097907140>,0,3,[2 5],1,1,4,0,1
1,<environment.Job instance at 0x153097907d70>,1,23,[7 1],2,2,25,0,2
1,<environment.Job instance at 0x153084fddf50>,0,16,[2 5],1,1,17,0,1
1,<environment.Job instance at 0x153084a723c0>,0,18,[8 2],1,1,19,0,1
1,<environment.Job instance at 0x153097b520a0>,2,19,[7 1],6,6,25,0,6
1,<environment.Job instance at 0x153097964460>,6,2,[ 1 10],8,295,297,287,295
1,<environment.Job instance at 0x153084c56a50>,0,3,[2 8],1,1,4,0,1
1,<environment.Job instance at 0x153097964460>,3,3,[8 2],4,4,7,0,4
1,<environment.Job instance at 0x1530988be410>,5,3,[2 6],6,6,9,0,6
1,<environment.Job instance at 0x15309ccbc5a0>,6,2,[8 1],8,8,10,0,8
1,<environment.Job instance at 0x1530842dae60>,0,15,[6 1],2,2,17,0,2
1,<environment.Job instance at 0x1530847e29b0>,6,18,[6 1],9,17,35,8,9
1,<environment.Job instance at 0x1530847150f0>,4,17,[2 9],7,196,213,189,196
1,<environment.Job instance at 0x15309d5a5230>,1,2,[2 6],2,2,4,0,2
1,<environment.Job instance at 0x1530988ceaa0>,3,3,[6 2],5,5,8,0,5
1,<environment.Job instance at 0x15309859c460>,5,19,[8 1],9,9,28,0,9
1,<environment.Job instance at 0x1530984defa0>,0,25,[2 9],2,3,28,1,3
1,<environment.Job instance at 0x15309859c460>,2,2,[2 5],4,28,30,24,4
1,<environment.Job instance at 0x1530984dec30>,3,2,[1 6],5,30,32,25,5
1,<environment.Job instance at 0x15309d6d3e60>,1,3,[7 2],4,4,7,0,4
1,<environment.Job instance at 0x15309d6d3870>,2,1,[5 2],5,7,8,2,5
1,<environment.Job instance at 0x15308441ecd0>,2,20,[2 7],4,5,25,1,5
1,<environment.Job instance at 0x153084556780>,1,17,[2 6],2,2,19,0,2
1,<environment.Job instance at 0x1530842dadc0>,3,13,[6 2],6,9,22,3,9
1,<environment.Job instance at 0x153084d5c280>,0,13,[10  1],1,1,14,0,1
1,<environment.Job instance at 0x153099b3fdc0>,5,22,[10  2],7,14,36,7,7
1,<environment.Job instance at 0x1530985c2f50>,2,23,[6 2],3,3,26,0,3
1,<environment.Job instance at 0x153099b3f7d0>,1,3,[1 5],6,6,9,0,6
1,<environment.Job instance at 0x1530842b7370>,2,3,[1 6],4,4,7,0,4
1,<environment.Job instance at 0x1530842b7a50>,3,24,[ 2 10],5,7,31,2,5
1,<environment.Job instance at 0x153084f89320>,4,3,[5 1],6,31,34,25,6
1,<environment.Job instance at 0x1530842b7be0>,5,14,[2 8],9,31,45,22,16
1,<environment.Job instance at 0x153084b86820>,2,12,[10  2],3,3,15,0,3
1,<environment.Job instance at 0x15308480e4b0>,1,2,[ 1 10],4,4,6,0,4
1,<environment.Job instance at 0x1530846c4eb0>,2,14,[8 2],5,6,20,1,5
1,<environment.Job instance at 0x153095c93460>,1,12,[10  1],2,2,14,0,2
1,<environment.Job instance at 0x153084c83cd0>,4,25,[1 6],5,142,167,137,142
1,<environment.Job instance at 0x15309611b5f0>,0,13,[6 1],1,1,14,0,1
1,<environment.Job instance at 0x15309611bc80>,2,3,[2 9],3,3,6,0,3
1,<environment.Job instance at 0x15309611b640>,1,20,[2 9],6,732,752,726,732
1,<environment.Job instance at 0x153084bd0a00>,0,12,[8 1],1,1,13,0,1
1,<environment.Job instance at 0x15309cc38cd0>,0,15,[9 2],1,1,16,0,1
1,<environment.Job instance at 0x1530847cdaa0>,0,3,[2 6],1,1,4,0,1
1,<environment.Job instance at 0x15309d608230>,1,13,[7 2],3,3,16,0,3
1,<environment.Job instance at 0x153098583a50>,3,16,[1 8],7,8,24,1,8
1,<environment.Job instance at 0x1530849621e0>,2,28,[1 7],3,5,33,2,5
1,<environment.Job instance at 0x153098501dc0>,0,3,[2 5],1,1,4,0,1
1,<environment.Job instance at 0x1530984906e0>,3,13,[2 7],4,4,17,0,4
1,<environment.Job instance at 0x153096422460>,5,12,[2 7],6,17,29,11,6
1,<environment.Job instance at 0x1530988da460>,3,22,[8 2],7,7,29,0,7
1,<environment.Job instance at 0x1530961de870>,5,2,[6 1],6,659,661,653,659
1,<environment.Job instance at 0x153084206500>,0,16,[2 5],1,1,17,0,1
1,<environment.Job instance at 0x153084206960>,2,12,[5 2],4,10,22,6,10
1,<environment.Job instance at 0x153084d79320>,0,19,[6 1],1,1,20,0,1
1,<environment.Job instance at 0x15308478f640>,4,16,[ 1 10],5,20,36,15,7
1,<environment.Job instance at 0x15309d68f5f0>,2,12,[1 5],4,4,16,0,4
1,<environment.Job instance at 0x153084553dc0>,4,26,[1 5],6,6,32,0,6
1,<environment.Job instance at 0x153084553640>,4,16,[1 8],6,6,22,0,6
1,<environment.Job instance at 0x153084962f50>,5,12,[ 1 10],7,22,34,15,7
1,<environment.Job instance at 0x153084422d70>,4,12,[8 2],5,1161,1173,1156,1161
1,<environment.Job instance at 0x153097a48500>,4,16,[9 1],9,9,25,0,9
1,<environment.Job instance at 0x15308444e140>,2,13,[1 5],5,5,18,0,5
1,<environment.Job instance at 0x15308444ea00>,2,20,[1 5],3,3,23,0,3
1,<environment.Job instance at 0x15309612f4b0>,4,12,[5 1],5,6,18,1,6
1,<environment.Job instance at 0x153097907230>,1,15,[6 2],3,3,18,0,3
1,<environment.Job instance at 0x1530979b4550>,4,3,[2 7],6,6,9,0,6
1,<environment.Job instance at 0x153097907f00>,6,15,[1 8],9,9,24,0,9
1,<environment.Job instance at 0x153084f6f140>,1,13,[6 1],2,2,15,0,2
1,<environment.Job instance at 0x15308436dc80>,4,17,[8 2],5,15,32,10,5
1,<environment.Job instance at 0x15308436df50>,1,13,[6 1],3,5,18,2,5
1,<environment.Job instance at 0x153096101780>,4,3,[2 8],7,7,10,0,7
1,<environment.Job instance at 0x1530979dbcd0>,5,3,[2 6],8,10,13,2,8
1,<environment.Job instance at 0x1530979db9b0>,6,23,[1 7],9,13,36,4,9
1,<environment.Job instance at 0x1530979dbb40>,1,3,[1 5],3,3,6,0,3
1,<environment.Job instance at 0x15308475c7d0>,2,13,[5 1],4,5,18,1,5
1,<environment.Job instance at 0x1530a6785050>,4,12,[ 2 10],6,18,30,12,6
1,<environment.Job instance at 0x15308475ccd0>,6,14,[6 1],9,30,44,21,15
1,<environment.Job instance at 0x15309885b5f0>,0,16,[5 2],1,1,17,0,1
1,<environment.Job instance at 0x153096c5e870>,1,23,[2 7],3,429,452,426,429
1,<environment.Job instance at 0x1530979b8410>,4,2,[2 6],7,456,458,449,456
1,<environment.Job instance at 0x153084882cd0>,1,1,[6 1],3,3,4,0,3
1,<environment.Job instance at 0x153094062dc0>,2,17,[5 2],5,6,23,1,6
1,<environment.Job instance at 0x1530978c1e60>,4,13,[2 8],7,7,20,0,7
1,<environment.Job instance at 0x1530978b41e0>,2,3,[1 5],7,7,10,0,7
1,<environment.Job instance at 0x15309789cc80>,4,17,[1 6],9,10,27,1,10
1,<environment.Job instance at 0x15308435fdc0>,0,3,[1 5],1,1,4,0,1
1,<environment.Job instance at 0x15309882bc80>,4,13,[1 6],6,6,19,0,6
1,<environment.Job instance at 0x1530845fb960>,5,2,[10  2],6,800,802,794,800
1,<environment.Job instance at 0x153084f9a780>,0,17,[10  2],1,1,18,0,1
1,<environment.Job instance at 0x1530985739b0>,1,17,[5 1],2,2,19,0,2
1,<environment.Job instance at 0x153084f9a9b0>,2,16,[1 8],4,4,20,0,4
1,<environment.Job instance at 0x153084897f00>,0,28,[8 1],2,2,30,0,2
1,<environment.Job instance at 0x153084897050>,5,15,[2 8],8,10,25,2,10
1,<environment.Job instance at 0x15309eca8e10>,0,21,[6 1],1,1,22,0,1
1,<environment.Job instance at 0x15309d68e280>,5,14,[1 8],6,6,20,0,6
1,<environment.Job instance at 0x153084575d20>,3,24,[9 2],5,5,29,0,5
1,<environment.Job instance at 0x1530845757d0>,1,14,[1 5],2,2,16,0,2
1,<environment.Job instance at 0x153084575cd0>,2,25,[5 2],4,6,31,2,6
1,<environment.Job instance at 0x1530848a8550>,1,2,[2 5],2,2,4,0,2
1,<environment.Job instance at 0x153084d3a3c0>,3,17,[7 1],6,6,23,0,6
1,<environment.Job instance at 0x153084d3a230>,5,16,[5 1],8,23,39,15,10
1,<environment.Job instance at 0x153084d3a230>,4,12,[1 5],6,8,20,2,8
1,<environment.Job instance at 0x153096c40be0>,0,16,[7 2],1,1,17,0,1
1,<environment.Job instance at 0x153096130550>,0,27,[8 2],1,1,28,0,1
1,<environment.Job instance at 0x153096130f50>,1,18,[10  1],2,28,46,26,25
1,<environment.Job instance at 0x153084d48e10>,2,15,[ 2 10],4,4,19,0,4
1,<environment.Job instance at 0x153099b49d20>,6,15,[8 1],9,19,34,10,9
1,<environment.Job instance at 0x1530844f20a0>,1,18,[5 1],2,2,20,0,2
1,<environment.Job instance at 0x1530844f2870>,3,12,[8 2],4,20,32,16,4
1,<environment.Job instance at 0x153084946500>,4,2,[1 8],8,698,700,690,698
1,<environment.Job instance at 0x1530843200a0>,2,13,[7 2],4,4,17,0,4
1,<environment.Job instance at 0x15309cce56e0>,3,3,[1 8],7,7,10,0,7
1,<environment.Job instance at 0x153096117be0>,4,1,[1 8],8,10,11,2,8
1,<environment.Job instance at 0x15308437b370>,5,19,[ 2 10],7,13,32,6,13
1,<environment.Job instance at 0x15309ccfe960>,2,15,[2 9],4,4,19,0,4
1,<environment.Job instance at 0x1530961c0320>,4,15,[8 1],6,6,21,0,6
1,<environment.Job instance at 0x1530961c06e0>,5,19,[ 2 10],7,21,40,14,16
1,<environment.Job instance at 0x1530961d31e0>,0,1,[5 2],2,2,3,0,2
1,<environment.Job instance at 0x15309b9bdb40>,4,12,[ 2 10],6,6,18,0,6
1,<environment.Job instance at 0x15309b9bd8c0>,6,17,[9 2],8,18,35,10,8
1,<environment.Job instance at 0x1530988a67d0>,0,3,[1 6],1,1,4,0,1
1,<environment.Job instance at 0x153098582be0>,4,17,[6 1],5,5,22,0,5
1,<environment.Job instance at 0x1530940e44b0>,7,3,[1 6],9,9,12,0,9
1,<environment.Job instance at 0x153096154410>,2,26,[1 7],4,835,861,831,835
1,<environment.Job instance at 0x15308425c050>,0,14,[2 8],2,2,16,0,2
1,<environment.Job instance at 0x15308425c640>,1,14,[5 1],3,7,21,4,7
1,<environment.Job instance at 0x15309ccae8c0>,0,15,[8 1],2,2,17,0,2
1,<environment.Job instance at 0x1530843c9190>,3,13,[9 2],5,5,18,0,5
1,<environment.Job instance at 0x1530842a03c0>,2,25,[1 6],3,3,28,0,3
1,<environment.Job instance at 0x15309cd26320>,3,15,[2 6],4,30,45,26,30
1,<environment.Job instance at 0x153084b77fa0>,1,3,[2 7],2,2,5,0,2
1,<environment.Job instance at 0x153084c88f00>,1,3,[1 8],3,3,6,0,3
1,<environment.Job instance at 0x153084e0fa00>,3,12,[ 1 10],6,6,18,0,6
1,<environment.Job instance at 0x153084c7c050>,4,18,[10  2],7,18,36,11,7
1,<environment.Job instance at 0x1530940e21e0>,0,24,[9 2],1,1,25,0,1
1,<environment.Job instance at 0x1530979f2550>,4,2,[2 8],5,393,395,388,393
1,<environment.Job instance at 0x1530940e2fa0>,1,18,[2 9],2,979,997,977,979
1,<environment.Job instance at 0x15309e7a5eb0>,1,27,[2 7],3,3,30,0,3
1,<environment.Job instance at 0x15308439c8c0>,3,16,[2 9],5,30,46,25,21
1,<environment.Job instance at 0x15309404f8c0>,5,20,[1 9],9,9,29,0,9
1,<environment.Job instance at 0x153098549910>,0,12,[2 6],1,1,13,0,1
1,<environment.Job instance at 0x153084bcce10>,2,18,[10  2],6,6,24,0,6
1,<environment.Job instance at 0x153084572410>,4,17,[8 2],9,24,41,15,12
1,<environment.Job instance at 0x15309886e820>,3,2,[6 1],4,4,6,0,4
1,<environment.Job instance at 0x153084f8fe10>,4,3,[1 6],6,6,9,0,6
1,<environment.Job instance at 0x15309886ec30>,5,24,[1 6],7,47,71,40,47
1,<environment.Job instance at 0x15309886e4b0>,1,3,[7 1],2,2,5,0,2
1,<environment.Job instance at 0x15309ccc2690>,3,16,[5 2],8,9,25,1,9
1,<environment.Job instance at 0x1530845704b0>,0,27,[8 1],1,1,28,0,1
1,<environment.Job instance at 0x153097ac3f00>,4,2,[10  1],6,28,30,22,6
1,<environment.Job instance at 0x153097ac3280>,6,2,[2 8],8,8,10,0,8
1,<environment.Job instance at 0x15308444e8c0>,7,13,[7 1],9,30,43,21,14
1,<environment.Job instance at 0x15308444e640>,1,3,[ 1 10],3,3,6,0,3
1,<environment.Job instance at 0x153084268780>,2,20,[6 1],4,6,26,2,4
1,<environment.Job instance at 0x153097b7c5a0>,0,21,[ 2 10],4,81,102,77,81
1,<environment.Job instance at 0x153084d844b0>,1,17,[1 6],4,6,23,2,6
1,<environment.Job instance at 0x153084643cd0>,0,18,[5 1],1,2,20,1,2
1,<environment.Job instance at 0x1530846431e0>,2,21,[10  2],4,20,41,16,12
1,<environment.Job instance at 0x153084616c30>,1,19,[8 2],3,3,22,0,3
1,<environment.Job instance at 0x1530847fe690>,0,21,[1 7],1,2,23,1,2
1,<environment.Job instance at 0x1530984cf870>,3,14,[1 5],6,23,37,17,10
1,<environment.Job instance at 0x1530985d45f0>,1,16,[2 6],4,4,20,0,4
1,<environment.Job instance at 0x153097990c80>,1,25,[8 2],5,5,30,0,5
1,<environment.Job instance at 0x153097990cd0>,3,25,[10  2],8,30,55,22,26
1,<environment.Job instance at 0x153084359190>,5,3,[6 1],8,10,13,2,10
1,<environment.Job instance at 0x153097b385f0>,1,3,[1 8],4,4,7,0,4
1,<environment.Job instance at 0x153097b38960>,2,28,[6 1],5,5,33,0,5
1,<environment.Job instance at 0x153084bf05f0>,1,15,[8 2],4,4,19,0,4
1,<environment.Job instance at 0x1530843fc280>,3,23,[2 9],5,5,28,0,5
1,<environment.Job instance at 0x1530843fceb0>,4,3,[2 8],8,28,31,20,8
1,<environment.Job instance at 0x1530843fcc30>,5,2,[9 2],9,31,33,22,9
1,<environment.Job instance at 0x153097a20500>,0,3,[2 5],2,2,5,0,2
1,<environment.Job instance at 0x153096411cd0>,3,17,[7 2],7,7,24,0,7
1,<environment.Job instance at 0x153096411c80>,4,14,[2 7],8,8,22,0,8
1,<environment.Job instance at 0x153084ad0aa0>,0,3,[2 7],1,1,4,0,1
1,<environment.Job instance at 0x153084ad0b40>,1,13,[2 8],2,4,17,2,2
1,<environment.Job instance at 0x153084ad07d0>,2,13,[6 2],3,9,22,6,9
1,<environment.Job instance at 0x1530847aa6e0>,0,3,[1 5],2,2,5,0,2
1,<environment.Job instance at 0x1530847aa910>,2,3,[2 7],5,5,8,0,5
1,<environment.Job instance at 0x15309ebb71e0>,3,13,[8 2],6,6,19,0,6
1,<environment.Job instance at 0x1530846db1e0>,4,1,[8 1],6,646,647,640,646
1,<environment.Job instance at 0x153084ebda00>,2,1,[2 6],4,4,5,0,4
1,<environment.Job instance at 0x1530846db1e0>,3,1,[2 5],5,5,6,0,5
1,<environment.Job instance at 0x1530849b0cd0>,4,2,[8 1],6,6,8,0,6
1,<environment.Job instance at 0x1530849b0d70>,5,3,[1 7],7,7,10,0,7
1,<environment.Job instance at 0x1530846db370>,6,19,[10  1],8,10,29,2,8
1,<environment.Job instance at 0x1530849cb050>,2,3,[2 7],4,4,7,0,4
1,<environment.Job instance at 0x153084955410>,4,13,[10  1],8,8,21,0,8
1,<environment.Job instance at 0x1530844de8c0>,3,16,[2 8],9,9,25,0,9
1,<environment.Job instance at 0x1530844d6c30>,0,27,[2 7],4,5,32,1,5
1,<environment.Job instance at 0x1530844c10a0>,2,1,[6 1],6,6,7,0,6
1,<environment.Job instance at 0x1530844de8c0>,3,2,[7 1],7,7,9,0,7
1,<environment.Job instance at 0x153084bbaa00>,4,3,[10  1],8,32,35,24,8
1,<environment.Job instance at 0x153084bba5a0>,1,3,[2 6],2,2,5,0,2
1,<environment.Job instance at 0x153084b2b550>,5,18,[2 5],6,6,24,0,6
1,<environment.Job instance at 0x15309614f820>,0,12,[1 5],2,2,14,0,2
1,<environment.Job instance at 0x15309614f410>,1,17,[1 7],3,14,31,11,6
1,<environment.Job instance at 0x15308478fbe0>,0,12,[2 6],1,1,13,0,1
1,<environment.Job instance at 0x153096126230>,3,2,[9 2],4,13,15,9,4
1,<environment.Job instance at 0x153096414460>,5,2,[8 2],8,8,10,0,8
1,<environment.Job instance at 0x15309884f5a0>,6,15,[5 1],9,15,30,6,9
1,<environment.Job instance at 0x153084abe3c0>,0,25,[5 2],1,3,28,2,3
1,<environment.Job instance at 0x15308420faf0>,0,18,[1 6],3,4,22,1,4
1,<environment.Job instance at 0x153084680e10>,4,18,[10  1],6,6,24,0,6
1,<environment.Job instance at 0x1530846e43c0>,0,23,[10  1],2,2,25,0,2
1,<environment.Job instance at 0x15309d5a71e0>,0,12,[1 7],1,1,13,0,1
1,<environment.Job instance at 0x15309d5a7d70>,4,2,[2 9],6,13,15,7,6
1,<environment.Job instance at 0x1530988dfe60>,1,17,[ 1 10],2,2,19,0,2
1,<environment.Job instance at 0x1530988df780>,1,12,[9 1],2,2,14,0,2
1,<environment.Job instance at 0x1530988dfaf0>,2,14,[2 6],3,14,28,11,3
1,<environment.Job instance at 0x153084384870>,3,18,[8 1],4,14,32,10,4
1,<environment.Job instance at 0x153098586a00>,0,17,[6 1],1,1,18,0,1
1,<environment.Job instance at 0x1530985868c0>,2,12,[7 1],3,18,30,15,4
1,<environment.Job instance at 0x153098586b90>,6,17,[1 7],7,7,24,0,7
1,<environment.Job instance at 0x153098586be0>,1,3,[2 6],3,3,6,0,3
1,<environment.Job instance at 0x153084e36050>,2,17,[1 6],4,6,23,2,6
1,<environment.Job instance at 0x153084504410>,3,16,[9 2],7,7,23,0,7
1,<environment.Job instance at 0x153084511640>,5,3,[1 8],7,7,10,0,7
1,<environment.Job instance at 0x153084cd51e0>,6,2,[2 7],8,10,12,2,8
1,<environment.Job instance at 0x153084cd5550>,7,27,[2 5],9,12,39,3,11
1,<environment.Job instance at 0x153084cd5460>,1,12,[2 5],5,5,17,0,5
1,<environment.Job instance at 0x153097a825a0>,2,22,[9 1],4,4,26,0,4
1,<environment.Job instance at 0x1530848406e0>,4,13,[2 8],7,26,39,19,10
1,<environment.Job instance at 0x15308428d690>,2,3,[1 7],7,7,10,0,7
1,<environment.Job instance at 0x15308428d5f0>,4,17,[8 2],9,9,26,0,9
1,<environment.Job instance at 0x15309d5eaf00>,0,3,[2 6],1,1,4,0,1
1,<environment.Job instance at 0x1530847ec9b0>,1,20,[6 2],3,3,23,0,3
1,<environment.Job instance at 0x15308435ddc0>,4,12,[6 1],6,23,35,17,9
1,<environment.Job instance at 0x1530843640f0>,2,3,[2 7],9,9,12,0,9
1,<environment.Job instance at 0x15309792e820>,1,3,[1 7],3,3,6,0,3
1,<environment.Job instance at 0x1530978c4460>,2,15,[ 1 10],5,5,20,0,5
1,<environment.Job instance at 0x153098582be0>,3,18,[8 1],6,20,38,14,9
1,<environment.Job instance at 0x153098582cd0>,1,12,[1 6],2,2,14,0,2
1,<environment.Job instance at 0x153084d5a370>,6,16,[7 1],8,8,24,0,8
1,<environment.Job instance at 0x1530987ff780>,0,3,[2 7],1,1,4,0,1
1,<environment.Job instance at 0x1530849df6e0>,1,15,[1 6],2,2,17,0,2
1,<environment.Job instance at 0x153084d84f00>,0,3,[1 5],4,4,7,0,4
1,<environment.Job instance at 0x153084e75690>,4,21,[7 2],7,7,28,0,7
1,<environment.Job instance at 0x15308494f5f0>,3,17,[6 1],7,7,24,0,7
1,<environment.Job instance at 0x1530844e7c80>,1,18,[10  2],2,2,20,0,2
1,<environment.Job instance at 0x15309854af50>,4,27,[ 1 10],8,161,188,153,161
1,<environment.Job instance at 0x153084c53e60>,3,16,[10  2],8,8,24,0,8
1,<environment.Job instance at 0x1530985b8410>,2,21,[10  2],5,5,26,0,5
1,<environment.Job instance at 0x1530842ac050>,0,27,[6 1],1,1,28,0,1
1,<environment.Job instance at 0x1530842ac640>,2,13,[6 2],3,28,41,25,15
1,<environment.Job instance at 0x153097934d20>,2,3,[6 1],4,4,7,0,4
1,<environment.Job instance at 0x153097934c80>,3,12,[2 7],6,6,18,0,6
1,<environment.Job instance at 0x153099b430f0>,5,20,[1 6],8,27,47,19,27
1,<environment.Job instance at 0x15309794ac80>,0,3,[2 6],1,1,4,0,1
1,<environment.Job instance at 0x15309794aa50>,4,3,[2 8],7,7,10,0,7
1,<environment.Job instance at 0x15308470e960>,1,12,[9 2],2,2,14,0,2
1,<environment.Job instance at 0x15308470e870>,4,16,[ 2 10],7,14,30,7,7
1,<environment.Job instance at 0x153098591d70>,5,25,[2 8],9,88,113,79,88
1,<environment.Job instance at 0x153084cbccd0>,0,18,[6 2],2,2,20,0,2
1,<environment.Job instance at 0x153084cbcb40>,3,16,[2 5],5,5,21,0,5
1,<environment.Job instance at 0x15308448d960>,0,3,[5 1],1,1,4,0,1
1,<environment.Job instance at 0x15308448d2d0>,3,2,[2 5],8,8,10,0,8
1,<environment.Job instance at 0x15308448d1e0>,4,17,[2 9],9,11,28,2,11
1,<environment.Job instance at 0x15308448dbe0>,0,12,[5 1],2,3,15,1,3
1,<environment.Job instance at 0x15309858e1e0>,2,12,[2 8],4,4,16,0,4
1,<environment.Job instance at 0x15308452ee60>,4,14,[1 8],6,16,30,10,6
1,<environment.Job instance at 0x15309f668280>,0,19,[1 8],1,3,22,2,3
1,<environment.Job instance at 0x15308452e730>,2,18,[8 2],4,4,22,0,4
1,<environment.Job instance at 0x153084865500>,1,14,[7 1],3,3,17,0,3
1,<environment.Job instance at 0x153084fc70a0>,1,24,[6 1],3,3,27,0,3
1,<environment.Job instance at 0x153098825e60>,0,18,[10  1],3,3,21,0,3
1,<environment.Job instance at 0x153084b430a0>,3,21,[1 6],7,68,89,61,68
1,<environment.Job instance at 0x1530985aa7d0>,0,17,[1 8],1,2,19,1,2
1,<environment.Job instance at 0x153098510fa0>,3,15,[2 5],9,2633,2648,2624,2633
1,<environment.Job instance at 0x153084d50d70>,0,28,[9 1],1,1,29,0,1
1,<environment.Job instance at 0x153097b10690>,1,14,[9 2],3,29,43,26,26
1,<environment.Job instance at 0x153084d50e60>,1,27,[1 8],2,4,31,2,4
1,<environment.Job instance at 0x15308441a910>,5,21,[ 2 10],8,69,90,61,69
1,<environment.Job instance at 0x153084c56af0>,0,26,[8 1],2,2,28,0,2
1,<environment.Job instance at 0x153084c56320>,1,14,[1 8],3,3,17,0,3
1,<environment.Job instance at 0x153084c56780>,3,18,[ 2 10],7,310,328,303,310
1,<environment.Job instance at 0x153084e05d70>,0,18,[1 8],1,2,20,1,2
1,<environment.Job instance at 0x1530985b8730>,3,12,[6 2],5,5,17,0,5
1,<environment.Job instance at 0x1530846f0690>,4,18,[7 1],6,17,35,11,6
1,<environment.Job instance at 0x15308470cb40>,6,17,[2 9],7,7,24,0,7
1,<environment.Job instance at 0x1530848f4320>,1,12,[9 2],3,3,15,0,3
1,<environment.Job instance at 0x15308461d370>,0,15,[ 2 10],2,2,17,0,2
1,<environment.Job instance at 0x153084f77140>,4,18,[1 6],8,17,35,9,8
1,<environment.Job instance at 0x153084f770f0>,1,16,[ 1 10],3,3,19,0,3
1,<environment.Job instance at 0x153084cb2af0>,3,12,[6 1],7,19,31,12,8
1,<environment.Job instance at 0x153084cb2c80>,5,24,[10  2],9,31,55,22,26
1,<environment.Job instance at 0x15309cc8beb0>,1,1,[8 2],2,2,3,0,2
1,<environment.Job instance at 0x153084cb2c80>,2,24,[9 2],3,3,27,0,3
1,<environment.Job instance at 0x15309d6eca00>,6,13,[1 7],9,9,22,0,9
1,<environment.Job instance at 0x15309857c9b0>,0,14,[2 8],1,1,15,0,1
1,<environment.Job instance at 0x15309d6eca00>,1,14,[1 6],3,15,29,12,3
1,<environment.Job instance at 0x1530984f3b90>,2,18,[10  2],4,29,47,25,18
1,<environment.Job instance at 0x153084996820>,2,16,[2 6],5,5,21,0,5
1,<environment.Job instance at 0x153084ad7c80>,1,2,[2 9],4,4,6,0,4
1,<environment.Job instance at 0x153084f635a0>,1,2,[1 9],2,2,4,0,2
1,<environment.Job instance at 0x153084f638c0>,4,3,[8 1],5,5,8,0,5
1,<environment.Job instance at 0x153084bfa730>,5,1,[9 1],7,8,9,1,7
1,<environment.Job instance at 0x153084bfa870>,6,16,[9 1],8,9,25,1,8
1,<environment.Job instance at 0x153084c07230>,1,20,[6 1],2,2,22,0,2
1,<environment.Job instance at 0x15309d6257d0>,2,15,[9 1],3,22,37,19,8
1,<environment.Job instance at 0x15309ebd32d0>,2,20,[9 1],3,3,23,0,3
1,<environment.Job instance at 0x153084d4a3c0>,2,13,[9 2],4,4,17,0,4
1,<environment.Job instance at 0x15309849a640>,0,19,[5 2],1,2,21,1,2
1,<environment.Job instance at 0x15308429e5f0>,3,15,[7 2],5,21,36,16,7
1,<environment.Job instance at 0x15308429e5a0>,1,17,[2 9],2,2,19,0,2
1,<environment.Job instance at 0x1530985b1c30>,0,3,[2 6],2,2,5,0,2
1,<environment.Job instance at 0x1530963ec870>,1,16,[2 5],3,5,21,2,3
1,<environment.Job instance at 0x153084224b40>,4,17,[8 1],6,6,23,0,6
1,<environment.Job instance at 0x1530842135f0>,0,17,[ 2 10],1,1,18,0,1
1,<environment.Job instance at 0x153095edb5a0>,1,18,[ 1 10],2,471,489,469,471
1,<environment.Job instance at 0x15308459ddc0>,0,18,[7 2],1,1,19,0,1
1,<environment.Job instance at 0x1530988184b0>,4,17,[ 1 10],6,19,36,13,9
1,<environment.Job instance at 0x15309844b320>,0,17,[1 6],1,2,19,1,2
1,<environment.Job instance at 0x15309844b500>,2,17,[5 2],3,3,20,0,3
1,<environment.Job instance at 0x15309844bf50>,5,3,[2 8],7,19,22,12,7
1,<environment.Job instance at 0x15309844bfa0>,0,20,[9 2],2,2,22,0,2
1,<environment.Job instance at 0x15309844b820>,1,16,[7 1],4,22,38,18,9
1,<environment.Job instance at 0x153097a3a910>,2,16,[8 1],3,3,19,0,3
1,<environment.Job instance at 0x153097b086e0>,4,13,[8 2],6,19,32,13,6
1,<environment.Job instance at 0x153097ad8140>,0,17,[ 2 10],1,2,19,1,2
1,<environment.Job instance at 0x153084475370>,3,15,[1 6],6,19,34,13,6
1,<environment.Job instance at 0x153084841cd0>,0,23,[6 1],1,1,24,0,1
1,<environment.Job instance at 0x153084841370>,4,17,[2 5],8,8,25,0,8
1,<environment.Job instance at 0x1530846db320>,1,3,[2 5],2,2,5,0,2
1,<environment.Job instance at 0x153098505550>,2,2,[ 1 10],6,6,8,0,6
1,<environment.Job instance at 0x1530846dbdc0>,3,17,[1 7],7,8,25,1,7
1,<environment.Job instance at 0x1530845fa8c0>,4,14,[2 8],8,8,22,0,8
1,<environment.Job instance at 0x153097a97fa0>,5,19,[1 9],7,12,31,5,12
1,<environment.Job instance at 0x153097a97fa0>,4,15,[ 2 10],6,6,21,0,6
1,<environment.Job instance at 0x15309b9bd190>,5,3,[2 9],7,21,24,14,7
1,<environment.Job instance at 0x15309b9bd500>,6,12,[5 2],8,24,36,16,8
1,<environment.Job instance at 0x15309b9bd820>,7,19,[2 7],9,24,43,15,15
1,<environment.Job instance at 0x15309d68e730>,0,27,[6 1],1,1,28,0,1
1,<environment.Job instance at 0x15309f5e5370>,1,18,[2 8],2,3,21,1,3
1,<environment.Job instance at 0x153097a470f0>,0,17,[7 1],1,1,18,0,1
1,<environment.Job instance at 0x153084f715f0>,2,16,[2 7],4,4,20,0,4
1,<environment.Job instance at 0x1530960e8640>,2,26,[7 2],4,4,30,0,4
1,<environment.Job instance at 0x153084406550>,3,12,[5 2],5,30,42,25,13
1,<environment.Job instance at 0x1530978d3870>,0,2,[1 6],1,1,3,0,1
1,<environment.Job instance at 0x15309881c5f0>,4,23,[1 7],6,6,29,0,6
1,<environment.Job instance at 0x1530848e4780>,1,12,[2 8],4,4,16,0,4
1,<environment.Job instance at 0x1530960fa050>,3,14,[7 1],7,7,21,0,7
1,<environment.Job instance at 0x153084564be0>,5,17,[2 9],9,18,35,9,18
1,<environment.Job instance at 0x153084c639b0>,5,14,[ 1 10],9,9,23,0,9
1,<environment.Job instance at 0x15308425f410>,2,17,[9 1],7,7,24,0,7
1,<environment.Job instance at 0x15309846e460>,1,13,[6 2],3,3,16,0,3
1,<environment.Job instance at 0x153084219640>,2,3,[6 2],4,16,19,12,4
1,<environment.Job instance at 0x153084219f50>,4,3,[1 5],6,6,9,0,6
1,<environment.Job instance at 0x153084219820>,5,28,[5 2],7,19,47,12,18
1,<environment.Job instance at 0x15309e76ff00>,3,3,[2 9],4,4,7,0,4
1,<environment.Job instance at 0x15309ccd87d0>,5,20,[2 9],7,19,39,12,19
1,<environment.Job instance at 0x15309cc68aa0>,0,3,[2 7],1,1,4,0,1
1,<environment.Job instance at 0x15309cc682d0>,3,1,[8 2],4,4,5,0,4
1,<environment.Job instance at 0x1530846da5f0>,5,19,[2 8],7,11,30,4,11
1,<environment.Job instance at 0x1530846daa50>,0,17,[ 1 10],1,3,20,2,3
1,<environment.Job instance at 0x1530984ea3c0>,2,23,[2 5],4,6,29,2,6
1,<environment.Job instance at 0x1530984ea5f0>,4,14,[5 1],9,22,36,13,22
1,<environment.Job instance at 0x1530984ea910>,1,18,[2 8],3,3,21,0,3
1,<environment.Job instance at 0x153084a11aa0>,4,14,[8 1],7,7,21,0,7
1,<environment.Job instance at 0x153098433cd0>,1,19,[2 7],2,2,21,0,2
1,<environment.Job instance at 0x1530848dd7d0>,2,14,[ 1 10],3,21,35,18,6
1,<environment.Job instance at 0x153098542780>,7,3,[7 1],8,8,11,0,8
1,<environment.Job instance at 0x1530985425a0>,8,16,[2 7],9,35,51,26,22
1,<environment.Job instance at 0x1530846a9c30>,0,25,[6 1],1,1,26,0,1
1,<environment.Job instance at 0x15309d654c30>,2,3,[5 2],6,6,9,0,6
1,<environment.Job instance at 0x153098833f50>,3,18,[1 5],7,7,25,0,7
1,<environment.Job instance at 0x153098833690>,4,15,[6 2],9,9,24,0,9
1,<environment.Job instance at 0x1530849eac80>,3,14,[9 2],5,5,19,0,5
1,<environment.Job instance at 0x153084dc9230>,1,12,[2 9],2,2,14,0,2
1,<environment.Job instance at 0x1530849ea410>,2,12,[2 7],3,14,26,11,3
1,<environment.Job instance at 0x15309e796690>,6,13,[7 2],9,14,27,5,13
1,<environment.Job instance at 0x1530843500f0>,0,27,[6 2],2,2,29,0,2
1,<environment.Job instance at 0x15308477be10>,0,15,[10  1],1,1,16,0,1
1,<environment.Job instance at 0x153084683960>,3,18,[9 1],8,8,26,0,8
1,<environment.Job instance at 0x1530848c4960>,1,3,[1 5],5,5,8,0,5
1,<environment.Job instance at 0x1530848e80a0>,2,14,[2 8],6,8,22,2,6
1,<environment.Job instance at 0x153084a26230>,4,16,[6 1],8,8,24,0,8
1,<environment.Job instance at 0x153084a26af0>,2,19,[9 1],6,6,25,0,6
1,<environment.Job instance at 0x15308432fe10>,2,12,[8 2],3,3,15,0,3
1,<environment.Job instance at 0x1530979dea00>,8,12,[6 1],9,15,27,6,9
1,<environment.Job instance at 0x15309cc47c80>,1,20,[6 1],3,3,23,0,3
1,<environment.Job instance at 0x153084b13dc0>,5,19,[10  1],6,6,25,0,6
1,<environment.Job instance at 0x15309ebd9190>,0,28,[5 2],2,2,30,0,2
1,<environment.Job instance at 0x153084c5c190>,1,14,[10  2],3,30,44,27,19
1,<environment.Job instance at 0x15309ebd9f00>,5,2,[9 1],8,112,114,104,112
1,<environment.Job instance at 0x15308428da50>,3,3,[2 6],6,6,9,0,6
1,<environment.Job instance at 0x153084e1bf50>,4,2,[1 6],7,9,11,2,7
1,<environment.Job instance at 0x153084e1be10>,5,1,[2 7],8,11,12,3,8
1,<environment.Job instance at 0x153097b3b410>,6,13,[5 1],9,9,22,0,9
1,<environment.Job instance at 0x153097b3b820>,0,3,[1 8],1,1,4,0,1
1,<environment.Job instance at 0x153097b3bd20>,1,15,[10  2],2,4,19,2,2
1,<environment.Job instance at 0x153097922e10>,0,24,[2 9],2,3,27,1,3
1,<environment.Job instance at 0x15309d6c4a50>,4,3,[ 2 10],6,27,30,21,6
1,<environment.Job instance at 0x15309d6c4a00>,5,22,[2 6],7,30,52,23,24
1,<environment.Job instance at 0x153084e5a5f0>,5,17,[1 5],6,6,23,0,6
1,<environment.Job instance at 0x153084e5a7d0>,7,14,[5 1],8,18,32,10,18
1,<environment.Job instance at 0x153084e2c190>,0,17,[2 9],1,3,20,2,3
1,<environment.Job instance at 0x153084e2c1e0>,3,3,[ 1 10],6,20,23,14,6
1,<environment.Job instance at 0x1530845e00a0>,0,16,[7 1],1,1,17,0,1
1,<environment.Job instance at 0x15308493b050>,7,15,[2 8],8,8,23,0,8
1,<environment.Job instance at 0x15308493b460>,8,13,[7 2],9,17,30,8,14
1,<environment.Job instance at 0x15308424b370>,6,3,[2 5],9,9,12,0,9
1,<environment.Job instance at 0x15308468faa0>,0,15,[1 7],1,1,16,0,1
1,<environment.Job instance at 0x15308468fd20>,1,19,[6 1],2,6,25,4,6
1,<environment.Job instance at 0x153084d41230>,3,1,[10  2],6,2111,2112,2105,2111
1,<environment.Job instance at 0x153098521a00>,1,13,[ 1 10],2,2,15,0,2
1,<environment.Job instance at 0x153084c56a50>,0,20,[8 1],1,1,21,0,1
1,<environment.Job instance at 0x1530848fa190>,5,20,[8 2],8,21,41,13,12
1,<environment.Job instance at 0x153084eac500>,0,17,[9 2],1,1,18,0,1
1,<environment.Job instance at 0x1530842ecaa0>,2,23,[1 6],4,282,305,278,282
1,<environment.Job instance at 0x1530842ec460>,5,1,[10  1],8,457,458,449,457
1,<environment.Job instance at 0x153098502230>,0,3,[2 6],1,1,4,0,1
1,<environment.Job instance at 0x153097a488c0>,2,1,[7 1],3,3,4,0,3
1,<environment.Job instance at 0x15309880d4b0>,4,2,[5 1],9,9,11,0,9
1,<environment.Job instance at 0x153084fb1cd0>,3,12,[9 1],8,8,20,0,8
1,<environment.Job instance at 0x153084276af0>,5,3,[ 1 10],9,540,543,531,540
1,<environment.Job instance at 0x153084b7a320>,0,17,[ 1 10],4,4,21,0,4
1,<environment.Job instance at 0x153084b7a1e0>,5,12,[2 9],9,21,33,12,9
1,<environment.Job instance at 0x153084b7aa50>,1,15,[2 5],3,3,18,0,3
1,<environment.Job instance at 0x1530961c7550>,1,3,[2 5],3,3,6,0,3
1,<environment.Job instance at 0x15308436c190>,3,19,[ 1 10],6,7,26,1,7
1,<environment.Job instance at 0x1530843a7320>,5,20,[1 8],8,55,75,47,55
1,<environment.Job instance at 0x1530848b5410>,4,1,[1 6],5,5,6,0,5
1,<environment.Job instance at 0x15308499e690>,5,28,[2 9],7,114,142,107,114
1,<environment.Job instance at 0x1530848f2640>,0,23,[6 1],1,1,24,0,1
1,<environment.Job instance at 0x1530846c1960>,0,21,[7 1],1,1,22,0,1
1,<environment.Job instance at 0x15309cc49190>,0,22,[6 1],2,2,24,0,2
1,<environment.Job instance at 0x1530961c0780>,4,12,[2 6],8,8,20,0,8
1,<environment.Job instance at 0x1530841aa6e0>,3,17,[7 1],8,8,25,0,8
1,<environment.Job instance at 0x1530841d5dc0>,4,13,[7 1],9,25,38,16,9
1,<environment.Job instance at 0x153084eb2b40>,0,3,[1 8],1,1,4,0,1
1,<environment.Job instance at 0x153084eb2870>,2,18,[2 7],3,4,22,1,3
1,<environment.Job instance at 0x153084eb2be0>,3,14,[ 2 10],4,22,36,18,9
1,<environment.Job instance at 0x153084cb2730>,2,3,[2 9],3,3,6,0,3
1,<environment.Job instance at 0x153084eb2690>,3,25,[8 2],6,6,31,0,6
1,<environment.Job instance at 0x15308441e230>,1,18,[2 8],2,3,21,1,3
1,<environment.Job instance at 0x153084fb9be0>,0,25,[2 9],1,7,32,6,7
1,<environment.Job instance at 0x1530847bceb0>,1,3,[6 2],2,2,5,0,2
1,<environment.Job instance at 0x15309f851a50>,5,22,[1 8],9,299,321,290,299
1,<environment.Job instance at 0x15309db29050>,0,17,[2 7],1,1,18,0,1
1,<environment.Job instance at 0x15309db29d70>,1,13,[2 9],2,18,31,16,2
1,<environment.Job instance at 0x153084c53230>,3,27,[7 2],5,31,58,26,29
1,<environment.Job instance at 0x1530979b7820>,1,12,[9 1],2,2,14,0,2
1,<environment.Job instance at 0x153098503230>,4,12,[ 1 10],6,14,26,8,6
1,<environment.Job instance at 0x1530988c4640>,5,2,[1 8],8,69,71,61,69
1,<environment.Job instance at 0x153084a295f0>,2,28,[10  1],6,6,34,0,6
1,<environment.Job instance at 0x153097b78b40>,0,13,[2 5],1,1,14,0,1
1,<environment.Job instance at 0x153097b78d20>,1,18,[2 5],2,2,20,0,2
1,<environment.Job instance at 0x153097b78dc0>,3,18,[1 7],4,1829,1847,1825,1829
1,<environment.Job instance at 0x153084a5f230>,1,28,[2 7],3,8,36,5,8
1,<environment.Job instance at 0x153097a869b0>,4,25,[8 2],9,9,34,0,9
1,<environment.Job instance at 0x1530961b6320>,3,16,[10  1],5,5,21,0,5
1,<environment.Job instance at 0x153084229a50>,2,17,[6 1],4,4,21,0,4
1,<environment.Job instance at 0x1530842296e0>,2,20,[6 1],3,3,23,0,3
1,<environment.Job instance at 0x15308458a5a0>,6,16,[6 1],9,23,39,14,10
1,<environment.Job instance at 0x1530984c59b0>,0,3,[1 7],1,1,4,0,1
1,<environment.Job instance at 0x15309b9c74b0>,3,13,[6 1],4,4,17,0,4
1,<environment.Job instance at 0x15309b9c7aa0>,5,3,[1 5],7,7,10,0,7
1,<environment.Job instance at 0x153084997050>,1,18,[6 1],2,2,20,0,2
1,<environment.Job instance at 0x1530844defa0>,0,17,[8 2],1,1,18,0,1
1,<environment.Job instance at 0x1530961c5f50>,3,18,[1 5],5,11,29,6,11
1,<environment.Job instance at 0x15309789d640>,1,12,[ 1 10],4,4,16,0,4
1,<environment.Job instance at 0x153084fa3cd0>,0,13,[2 7],1,1,14,0,1
1,<environment.Job instance at 0x153084a29730>,5,12,[5 2],7,809,821,802,809
1,<environment.Job instance at 0x1530844cc0a0>,0,18,[7 2],1,1,19,0,1
1,<environment.Job instance at 0x1530844cc370>,1,18,[2 6],2,4,22,2,4
1,<environment.Job instance at 0x153084c36d20>,3,13,[2 8],5,22,35,17,6
1,<environment.Job instance at 0x15309611ef50>,0,19,[1 7],3,9,28,6,9
1,<environment.Job instance at 0x153084f697d0>,1,14,[2 5],3,3,17,0,3
1,<environment.Job instance at 0x15309d6509b0>,1,26,[7 1],3,3,29,0,3
1,<environment.Job instance at 0x1530979af730>,2,25,[1 6],3,9,34,6,9
1,<environment.Job instance at 0x153097afbd20>,6,1,[10  1],7,49,50,42,49
1,<environment.Job instance at 0x15309e77b7d0>,2,1,[6 2],3,3,4,0,3
1,<environment.Job instance at 0x15309e77bdc0>,5,3,[1 9],7,7,10,0,7
1,<environment.Job instance at 0x15309e77b550>,6,19,[1 9],8,10,29,2,8
1,<environment.Job instance at 0x1530940d2d70>,1,14,[2 8],5,5,19,0,5
1,<environment.Job instance at 0x15309cd05be0>,3,16,[8 2],9,9,25,0,9
1,<environment.Job instance at 0x153095ec6f00>,0,14,[7 1],1,1,15,0,1
1,<environment.Job instance at 0x15309b9d3500>,0,15,[ 1 10],1,1,16,0,1
1,<environment.Job instance at 0x15308461d7d0>,2,18,[6 1],4,16,34,12,5
1,<environment.Job instance at 0x153097a36050>,0,16,[5 1],1,1,17,0,1
1,<environment.Job instance at 0x1530984c55a0>,1,16,[6 1],2,17,33,15,5
1,<environment.Job instance at 0x1530984c5d20>,3,17,[9 2],6,33,50,27,21
1,<environment.Job instance at 0x153097b6fd70>,0,23,[7 1],1,1,24,0,1
1,<environment.Job instance at 0x153084a98a50>,5,13,[1 8],8,8,21,0,8
1,<environment.Job instance at 0x153084a6b8c0>,0,17,[6 2],1,1,18,0,1
1,<environment.Job instance at 0x153097a85280>,5,1,[10  1],8,18,19,10,8
1,<environment.Job instance at 0x153097a85550>,1,18,[10  1],3,3,21,0,3
1,<environment.Job instance at 0x153097a17690>,3,3,[ 1 10],4,4,7,0,4
1,<environment.Job instance at 0x1530984fd640>,4,3,[1 8],5,7,10,2,5
1,<environment.Job instance at 0x153084ec1730>,0,18,[ 1 10],2,4,22,2,4
1,<environment.Job instance at 0x1530960ea780>,3,14,[8 2],7,22,36,15,7
1,<environment.Job instance at 0x1530960ea410>,2,1,[10  1],4,4,5,0,4
1,<environment.Job instance at 0x15309d673780>,4,2,[6 2],7,7,9,0,7
1,<environment.Job instance at 0x15309d673910>,5,3,[2 8],9,9,12,0,9
1,<environment.Job instance at 0x153084290aa0>,4,24,[6 2],8,8,32,0,8
1,<environment.Job instance at 0x153084290c80>,5,12,[10  1],9,32,44,23,15
1,<environment.Job instance at 0x153084274370>,3,3,[2 8],7,7,10,0,7
1,<environment.Job instance at 0x15309d610640>,1,14,[1 7],2,2,16,0,2
1,<environment.Job instance at 0x1530988afbe0>,0,16,[ 1 10],6,6,22,0,6
1,<environment.Job instance at 0x153084e06410>,4,13,[1 5],9,9,22,0,9
1,<environment.Job instance at 0x153084e06dc0>,1,14,[1 8],4,4,18,0,4
1,<environment.Job instance at 0x15308473dbe0>,1,17,[7 2],3,3,20,0,3
1,<environment.Job instance at 0x153097975f00>,1,3,[6 1],3,3,6,0,3
1,<environment.Job instance at 0x153097975500>,2,16,[7 1],5,6,22,1,5
1,<environment.Job instance at 0x1530979b7dc0>,0,3,[2 5],1,1,4,0,1
1,<environment.Job instance at 0x1530979b7410>,1,17,[7 1],2,2,19,0,2
1,<environment.Job instance at 0x153084463820>,2,16,[2 5],3,4,20,1,3
1,<environment.Job instance at 0x15308477b140>,1,20,[8 1],2,2,22,0,2
1,<environment.Job instance at 0x153084874500>,0,23,[2 8],1,7,30,6,7
1,<environment.Job instance at 0x153084874690>,7,3,[9 1],8,30,33,22,8
1,<environment.Job instance at 0x153084874910>,5,2,[7 2],6,625,627,619,625
1,<environment.Job instance at 0x153084f7c500>,0,25,[10  2],1,1,26,0,1
1,<environment.Job instance at 0x153084b7a190>,2,16,[9 2],4,4,20,0,4
1,<environment.Job instance at 0x153084b7a4b0>,3,18,[10  1],8,20,38,12,9
1,<environment.Job instance at 0x153097b8a370>,0,15,[2 5],1,1,16,0,1
1,<environment.Job instance at 0x15309d682550>,1,14,[5 2],2,3,17,1,3
1,<environment.Job instance at 0x15309d5aa190>,5,12,[ 2 10],6,17,29,11,6
1,<environment.Job instance at 0x1530848fa4b0>,1,17,[9 1],2,2,19,0,2
1,<environment.Job instance at 0x153084c563c0>,5,1,[1 5],7,7,8,0,7
1,<environment.Job instance at 0x153084991fa0>,6,2,[2 5],8,8,10,0,8
1,<environment.Job instance at 0x153084c56140>,7,18,[8 2],9,9,27,0,9
1,<environment.Job instance at 0x15309cf4ab40>,1,1,[2 6],5,5,6,0,5
1,<environment.Job instance at 0x1530988aaa50>,1,15,[1 5],3,3,18,0,3
1,<environment.Job instance at 0x1530988aa7d0>,1,12,[1 7],2,2,14,0,2
1,<environment.Job instance at 0x153084f89730>,0,18,[5 1],1,1,19,0,1
1,<environment.Job instance at 0x153084c61d70>,1,16,[2 6],2,2,18,0,2
1,<environment.Job instance at 0x153084f895a0>,3,15,[5 1],5,18,33,13,5
1,<environment.Job instance at 0x153084f04a50>,0,1,[2 6],2,2,3,0,2
1,<environment.Job instance at 0x153084f044b0>,2,13,[8 1],5,5,18,0,5
1,<environment.Job instance at 0x15308481acd0>,1,15,[2 8],2,2,17,0,2
1,<environment.Job instance at 0x153097b6f3c0>,4,18,[5 1],9,12,30,3,12
1,<environment.Job instance at 0x153098892460>,1,13,[7 1],3,3,16,0,3
1,<environment.Job instance at 0x153084a885f0>,1,13,[8 2],2,2,15,0,2
1,<environment.Job instance at 0x153084f64870>,3,18,[1 6],5,24,42,19,24
1,<environment.Job instance at 0x153084dc8a00>,0,19,[10  2],2,2,21,0,2
1,<environment.Job instance at 0x153084dc8d20>,5,16,[2 6],7,21,37,14,12
1,<environment.Job instance at 0x15309ccfe690>,3,3,[6 2],7,380,383,373,380
1,<environment.Job instance at 0x153084bc6d20>,0,12,[9 2],1,1,13,0,1
1,<environment.Job instance at 0x153084bc6500>,2,18,[6 2],5,13,31,8,5
1,<environment.Job instance at 0x153084bc6c80>,4,16,[2 9],8,31,47,23,18
1,<environment.Job instance at 0x153084bc6e60>,1,3,[1 6],3,3,6,0,3
1,<environment.Job instance at 0x1530985bde60>,2,3,[2 7],5,6,9,1,5
1,<environment.Job instance at 0x153097ba7640>,0,18,[2 8],1,2,20,1,2
1,<environment.Job instance at 0x15308448f9b0>,1,3,[1 9],2,2,5,0,2
1,<environment.Job instance at 0x153097b60aa0>,6,3,[9 2],7,297,300,290,297
1,<environment.Job instance at 0x153084a2b500>,4,3,[9 2],6,7,10,1,7
1,<environment.Job instance at 0x15309848f140>,1,3,[1 6],2,2,5,0,2
1,<environment.Job instance at 0x15309d5a5a50>,3,3,[1 6],8,8,11,0,8
1,<environment.Job instance at 0x153097b38690>,0,14,[5 1],1,2,16,1,2
1,<environment.Job instance at 0x15309d5a5a50>,3,3,[6 2],4,16,19,12,4
1,<environment.Job instance at 0x153084639a50>,4,16,[2 9],7,19,35,12,7
1,<environment.Job instance at 0x153084db9460>,5,3,[1 8],8,8,11,0,8
1,<environment.Job instance at 0x153084db9550>,6,1,[10  1],9,35,36,26,9
1,<environment.Job instance at 0x1530961b6550>,4,3,[7 2],7,13,16,6,13
1,<environment.Job instance at 0x153095c7a730>,1,3,[1 6],2,2,5,0,2
1,<environment.Job instance at 0x153095c7ad20>,2,16,[2 8],3,5,21,2,3
1,<environment.Job instance at 0x153095c7ab40>,7,12,[8 2],8,8,20,0,8
1,<environment.Job instance at 0x15308472f320>,0,17,[ 1 10],1,2,19,1,2
1,<environment.Job instance at 0x153095c7ab40>,3,28,[10  1],4,19,47,15,18
1,<environment.Job instance at 0x153097b9de60>,6,3,[9 1],9,82,85,73,82
1,<environment.Job instance at 0x15308471fe10>,1,17,[2 5],2,2,19,0,2
1,<environment.Job instance at 0x153099b327d0>,3,13,[10  1],6,19,32,13,8
1,<environment.Job instance at 0x1530847e9780>,0,20,[2 8],2,4,24,2,4
1,<environment.Job instance at 0x15309ebf3460>,2,21,[6 1],5,21,42,16,21
1,<environment.Job instance at 0x1530847e91e0>,5,2,[1 8],8,73,75,65,73
1,<environment.Job instance at 0x1530847e9460>,0,12,[1 9],2,2,14,0,2
1,<environment.Job instance at 0x153084fb85a0>,2,12,[7 2],4,14,26,10,4
1,<environment.Job instance at 0x153095c610f0>,2,15,[8 1],5,5,20,0,5
1,<environment.Job instance at 0x153084d163c0>,3,15,[5 1],7,20,35,13,8
1,<environment.Job instance at 0x15309ebb7c80>,2,18,[1 9],5,5,23,0,5
1,<environment.Job instance at 0x15309cd289b0>,4,2,[6 2],5,243,245,238,243
1,<environment.Job instance at 0x1530984bc2d0>,0,24,[2 9],1,2,26,1,2
1,<environment.Job instance at 0x1530845e0910>,3,3,[5 2],6,26,29,20,6
1,<environment.Job instance at 0x1530845e0870>,4,23,[ 2 10],8,150,173,142,150
1,<environment.Job instance at 0x1530845e0d20>,1,18,[9 1],2,2,20,0,2
1,<environment.Job instance at 0x153098599f00>,5,27,[1 7],7,7,34,0,7
1,<environment.Job instance at 0x153098599eb0>,6,27,[1 9],8,193,220,185,193
1,<environment.Job instance at 0x153084930d20>,4,28,[1 7],9,9,37,0,9
1,<environment.Job instance at 0x15309f5f6c80>,7,12,[1 5],9,9,21,0,9
1,<environment.Job instance at 0x15309cc1e0f0>,0,27,[10  2],1,1,28,0,1
1,<environment.Job instance at 0x1530984bdaf0>,0,13,[1 6],2,2,15,0,2
1,<environment.Job instance at 0x1530849dc320>,1,18,[9 2],3,3,21,0,3
1,<environment.Job instance at 0x153084356b40>,5,2,[1 6],8,193,195,185,193
1,<environment.Job instance at 0x153084ccabe0>,0,16,[1 6],2,3,19,1,3
1,<environment.Job instance at 0x15308463aaf0>,5,3,[2 9],9,19,22,10,9
1,<environment.Job instance at 0x1530846e9e60>,0,13,[1 7],1,1,14,0,1
1,<environment.Job instance at 0x1530846e98c0>,1,14,[7 2],2,2,16,0,2
1,<environment.Job instance at 0x1530846e9140>,6,3,[2 5],8,14,17,6,8
1,<environment.Job instance at 0x1530848745a0>,0,1,[6 1],2,2,3,0,2
1,<environment.Job instance at 0x153084e58d70>,4,24,[6 2],7,7,31,0,7
1,<environment.Job instance at 0x153084e58960>,1,16,[ 2 10],2,2,18,0,2
1,<environment.Job instance at 0x153096c642d0>,0,3,[2 5],1,1,4,0,1
1,<environment.Job instance at 0x153096c64960>,3,20,[5 1],5,5,25,0,5
1,<environment.Job instance at 0x1530845de730>,0,17,[2 8],1,2,19,1,2
1,<environment.Job instance at 0x1530845de370>,3,3,[ 1 10],5,19,22,14,5
1,<environment.Job instance at 0x153098498fa0>,5,3,[9 2],8,22,25,14,8
1,<environment.Job instance at 0x15309efb26e0>,0,17,[10  2],1,1,18,0,1
1,<environment.Job instance at 0x15309857a230>,2,15,[8 1],4,18,33,14,12
1,<environment.Job instance at 0x153097991460>,0,3,[2 9],1,1,4,0,1
1,<environment.Job instance at 0x153084fb8730>,1,19,[8 2],2,4,23,2,2
1,<environment.Job instance at 0x153098506a00>,0,13,[7 1],1,1,14,0,1
1,<environment.Job instance at 0x1530846c1050>,2,21,[5 2],3,14,35,11,6
1,<environment.Job instance at 0x15309886e820>,1,1,[2 7],3,3,4,0,3
1,<environment.Job instance at 0x15309ccfe820>,3,17,[9 2],6,199,216,193,199
1,<environment.Job instance at 0x15308476e050>,0,15,[1 6],1,1,16,0,1
1,<environment.Job instance at 0x153084eb8be0>,2,18,[10  1],5,5,23,0,5
1,<environment.Job instance at 0x1530988db140>,5,17,[5 2],8,23,40,15,12
1,<environment.Job instance at 0x15309cf62b90>,0,3,[2 9],2,2,5,0,2
1,<environment.Job instance at 0x153095c614b0>,3,16,[5 2],6,7,23,1,7
1,<environment.Job instance at 0x153098514dc0>,5,21,[8 2],8,23,44,15,15
1,<environment.Job instance at 0x153097b38d20>,0,12,[5 2],1,2,14,1,2
1,<environment.Job instance at 0x153097b38960>,2,13,[2 6],3,3,16,0,3
1,<environment.Job instance at 0x153097b92140>,4,3,[1 8],9,9,12,0,9
1,<environment.Job instance at 0x153097b57230>,0,19,[1 6],2,3,22,1,3
1,<environment.Job instance at 0x15308475b820>,0,15,[10  1],2,2,17,0,2
1,<environment.Job instance at 0x15309d6b87d0>,7,18,[5 1],9,17,35,8,9
1,<environment.Job instance at 0x1530847e20f0>,3,14,[5 2],5,5,19,0,5
1,<environment.Job instance at 0x15308495aaa0>,0,13,[5 1],1,3,16,2,3
1,<environment.Job instance at 0x15308495ac30>,3,17,[2 6],5,7,24,2,7
1,<environment.Job instance at 0x1530843c6a50>,0,14,[6 1],1,1,15,0,1
1,<environment.Job instance at 0x1530843c6b40>,3,18,[2 7],9,9,27,0,9
1,<environment.Job instance at 0x153084d4d910>,1,15,[2 8],3,3,18,0,3
1,<environment.Job instance at 0x1530988da1e0>,6,12,[5 1],9,9,21,0,9
1,<environment.Job instance at 0x153098579dc0>,1,3,[1 7],2,2,5,0,2
1,<environment.Job instance at 0x153084b85370>,3,25,[8 1],4,4,29,0,4
1,<environment.Job instance at 0x153097c03d20>,5,13,[2 9],6,6,19,0,6
1,<environment.Job instance at 0x153097c03780>,8,2,[5 2],9,29,31,20,9
1,<environment.Job instance at 0x153097c03780>,2,13,[10  2],4,4,17,0,4
1,<environment.Job instance at 0x1530984bc3c0>,0,26,[2 8],1,2,28,1,2
1,<environment.Job instance at 0x153097b78140>,3,12,[1 8],5,5,17,0,5
1,<environment.Job instance at 0x153084f615a0>,0,14,[1 6],1,1,15,0,1
1,<environment.Job instance at 0x153084f613c0>,3,14,[1 8],4,15,29,11,4
1,<environment.Job instance at 0x1530849b4d70>,6,3,[2 7],9,29,32,20,9
1,<environment.Job instance at 0x1530979b8a50>,1,18,[5 1],3,3,21,0,3
1,<environment.Job instance at 0x153095edb960>,4,16,[6 2],6,21,37,15,8
1,<environment.Job instance at 0x153084616280>,3,3,[8 1],6,6,9,0,6
1,<environment.Job instance at 0x153084e0d0a0>,4,3,[8 1],7,9,12,2,7
1,<environment.Job instance at 0x153084e0d1e0>,5,19,[6 1],8,12,31,4,8
1,<environment.Job instance at 0x153084e0d8c0>,6,24,[1 6],9,311,335,302,311
1,<environment.Job instance at 0x1530960e51e0>,0,28,[2 6],6,7,35,1,7
1,<environment.Job instance at 0x1530960e57d0>,2,13,[8 2],9,9,22,0,9
1,<environment.Job instance at 0x15309408be60>,2,22,[6 2],3,3,25,0,3
1,<environment.Job instance at 0x1530848beaf0>,0,28,[2 5],1,5,33,4,5
1,<environment.Job instance at 0x1530848beaf0>,2,12,[2 9],5,5,17,0,5
1,<environment.Job instance at 0x153097a4ed70>,4,23,[1 6],9,187,210,178,187
1,<environment.Job instance at 0x15309cc0ec80>,3,28,[1 6],9,68,96,59,68
1,<environment.Job instance at 0x15309cd1a3c0>,3,2,[6 1],6,57,59,51,57
1,<environment.Job instance at 0x153096c50820>,2,3,[2 8],5,5,8,0,5
1,<environment.Job instance at 0x153096c50550>,4,13,[8 1],7,7,20,0,7
1,<environment.Job instance at 0x15308437bdc0>,2,15,[7 2],7,7,22,0,7
1,<environment.Job instance at 0x1530961c5820>,0,13,[2 6],3,3,16,0,3
1,<environment.Job instance at 0x15309d624460>,2,15,[2 6],5,5,20,0,5
1,<environment.Job instance at 0x1530961c50a0>,3,12,[2 7],8,20,32,12,8
1,<environment.Job instance at 0x1530984904b0>,0,14,[ 1 10],2,2,16,0,2
1,<environment.Job instance at 0x15309b9a2b40>,4,3,[1 8],6,6,9,0,6
1,<environment.Job instance at 0x15308472f780>,2,15,[2 6],6,6,21,0,6
1,<environment.Job instance at 0x15308472f820>,3,3,[1 5],8,21,24,13,8
1,<environment.Job instance at 0x15308472f500>,0,27,[1 8],1,2,29,1,2
1,<environment.Job instance at 0x1530978d30f0>,2,18,[1 8],3,676,694,673,676
1,<environment.Job instance at 0x1530848c4460>,3,19,[1 5],5,5,24,0,5
1,<environment.Job instance at 0x15308441ad20>,6,16,[8 2],9,9,25,0,9
1,<environment.Job instance at 0x1530846813c0>,2,12,[2 9],5,5,17,0,5
1,<environment.Job instance at 0x15308441ad20>,3,24,[5 2],7,17,41,10,12
1,<environment.Job instance at 0x153084692f00>,0,23,[8 2],4,4,27,0,4
1,<environment.Job instance at 0x153084692640>,2,19,[2 8],6,6,25,0,6
1,<environment.Job instance at 0x153084692d20>,4,18,[10  1],8,27,45,19,16
1,<environment.Job instance at 0x153084d91230>,6,3,[1 9],7,1940,1943,1933,1940
1,<environment.Job instance at 0x15309846df00>,1,16,[2 6],4,4,20,0,4
1,<environment.Job instance at 0x15309cd282d0>,1,14,[2 7],5,5,19,0,5
1,<environment.Job instance at 0x15309ebec6e0>,1,16,[2 7],3,3,19,0,3
1,<environment.Job instance at 0x153084d40960>,2,3,[2 9],3,3,6,0,3
1,<environment.Job instance at 0x153097a9cf50>,4,17,[6 2],7,7,24,0,7
1,<environment.Job instance at 0x153084846b40>,0,3,[2 5],1,1,4,0,1
1,<environment.Job instance at 0x15308461deb0>,1,16,[6 2],3,3,19,0,3
1,<environment.Job instance at 0x15308485fcd0>,3,14,[ 2 10],6,19,33,13,6
1,<environment.Job instance at 0x15308468d460>,5,14,[10  1],9,33,47,24,18
1,<environment.Job instance at 0x153095ec2690>,3,3,[7 2],5,5,8,0,5
1,<environment.Job instance at 0x15308468d0a0>,4,12,[1 8],6,6,18,0,6
1,<environment.Job instance at 0x153084cbe870>,3,24,[8 2],5,5,29,0,5
1,<environment.Job instance at 0x15309791c370>,0,27,[8 2],2,2,29,0,2
1,<environment.Job instance at 0x153084792870>,3,12,[10  1],8,29,41,21,12
1,<environment.Job instance at 0x153084f83140>,0,2,[6 1],1,1,3,0,1
1,<environment.Job instance at 0x153084f83190>,1,24,[9 1],2,3,27,1,2
1,<environment.Job instance at 0x1530847cdc80>,1,1,[7 1],2,2,3,0,2
1,<environment.Job instance at 0x1530847cdf00>,3,17,[6 1],4,4,21,0,4
1,<environment.Job instance at 0x153084f84aa0>,5,15,[5 2],7,21,36,14,9
1,<environment.Job instance at 0x153084a23780>,1,3,[1 5],2,2,5,0,2
1,<environment.Job instance at 0x153084f896e0>,6,13,[5 2],8,8,21,0,8
1,<environment.Job instance at 0x153084f89690>,7,15,[9 2],9,21,36,12,9
1,<environment.Job instance at 0x153084c0dd20>,1,12,[ 2 10],3,3,15,0,3
1,<environment.Job instance at 0x153084d56370>,2,15,[ 2 10],4,15,30,11,4
1,<environment.Job instance at 0x153098888960>,6,1,[1 6],9,103,104,94,103
1,<environment.Job instance at 0x1530988880f0>,3,22,[ 1 10],5,408,430,403,408
1,<environment.Job instance at 0x15309846c730>,0,16,[2 6],2,2,18,0,2
1,<environment.Job instance at 0x15309cc3b320>,4,16,[2 6],8,18,34,10,8
1,<environment.Job instance at 0x153084edf280>,2,14,[1 9],3,3,17,0,3
1,<environment.Job instance at 0x153084edf410>,4,18,[1 8],5,17,35,12,6
1,<environment.Job instance at 0x153084685320>,4,1,[6 2],7,488,489,481,488
1,<environment.Job instance at 0x1530849fa6e0>,0,18,[1 6],1,2,20,1,2
1,<environment.Job instance at 0x1530849fa730>,2,12,[7 2],4,4,16,0,4
1,<environment.Job instance at 0x15308464e550>,1,15,[ 1 10],2,2,17,0,2
1,<environment.Job instance at 0x1530940668c0>,2,17,[7 2],3,17,34,14,5
1,<environment.Job instance at 0x15309cd22140>,5,24,[5 2],7,34,58,27,29
1,<environment.Job instance at 0x1530985c6e60>,0,27,[2 6],2,5,32,3,5
1,<environment.Job instance at 0x153084f63aa0>,0,28,[8 2],1,1,29,0,1
1,<environment.Job instance at 0x153084f630a0>,1,13,[10  2],5,29,42,24,13
1,<environment.Job instance at 0x15309d5ac2d0>,3,3,[1 7],5,5,8,0,5
1,<environment.Job instance at 0x15309d64b8c0>,4,16,[2 8],9,9,25,0,9
1,<environment.Job instance at 0x153084596e10>,0,13,[6 1],1,2,15,1,2
1,<environment.Job instance at 0x1530847a05f0>,3,13,[7 2],5,5,18,0,5
1,<environment.Job instance at 0x15308446d190>,3,25,[10  1],6,6,31,0,6
1,<environment.Job instance at 0x15308469b3c0>,5,18,[2 5],8,31,49,23,20
1,<environment.Job instance at 0x153095ece230>,0,15,[10  1],1,1,16,0,1
1,<environment.Job instance at 0x15308459c5f0>,2,13,[7 2],4,16,29,12,11
1,<environment.Job instance at 0x153084d23d20>,3,20,[6 2],4,4,24,0,4
1,<environment.Job instance at 0x153098521870>,0,16,[2 8],2,2,18,0,2
1,<environment.Job instance at 0x153097bec410>,2,14,[2 6],4,18,32,14,4
1,<environment.Job instance at 0x153084bfe050>,0,16,[1 8],1,1,17,0,1
1,<environment.Job instance at 0x153084e06050>,0,16,[1 5],1,1,17,0,1
1,<environment.Job instance at 0x153084e06550>,4,17,[8 1],7,7,24,0,7
1,<environment.Job instance at 0x153084e06a50>,4,1,[7 1],8,14,15,6,14
1,<environment.Job instance at 0x153084ab05f0>,3,1,[ 2 10],7,20,21,13,20
1,<environment.Job instance at 0x153096423280>,0,17,[1 5],2,2,19,0,2
1,<environment.Job instance at 0x153098590fa0>,4,25,[7 2],7,183,208,176,183
1,<environment.Job instance at 0x1530845ea190>,5,3,[2 9],9,2081,2084,2072,2081
1,<environment.Job instance at 0x15309f5e57d0>,0,24,[9 2],1,1,25,0,1
1,<environment.Job instance at 0x1530985915f0>,2,23,[8 2],3,3,26,0,3
1,<environment.Job instance at 0x153084202aa0>,2,20,[ 1 10],7,46,66,39,46
1,<environment.Job instance at 0x1530988847d0>,2,3,[2 9],5,5,8,0,5
1,<environment.Job instance at 0x153098556820>,3,13,[2 5],6,8,21,2,6
1,<environment.Job instance at 0x15308428dc30>,1,15,[1 8],3,3,18,0,3
1,<environment.Job instance at 0x1530841c3e60>,0,16,[2 5],1,1,17,0,1
1,<environment.Job instance at 0x15308428dc80>,2,12,[10  2],5,17,29,12,5
1,<environment.Job instance at 0x153084f0cd20>,3,17,[5 1],8,30,47,22,30
1,<environment.Job instance at 0x153084e3db40>,0,18,[7 1],3,3,21,0,3
1,<environment.Job instance at 0x15308494eeb0>,3,17,[7 2],7,21,38,14,10
1,<environment.Job instance at 0x153084b43640>,2,3,[2 5],3,3,6,0,3
1,<environment.Job instance at 0x15308494eeb0>,3,3,[10  1],5,6,9,1,5
1,<environment.Job instance at 0x153094043730>,4,18,[7 2],6,9,27,3,6
1,<environment.Job instance at 0x1530984dec80>,6,18,[9 2],8,27,45,19,16
1,<environment.Job instance at 0x153097bb0780>,0,15,[10  2],1,1,16,0,1
1,<environment.Job instance at 0x153097bb02d0>,2,16,[2 9],5,16,32,11,5
1,<environment.Job instance at 0x15309408ba00>,0,18,[6 2],1,1,19,0,1
1,<environment.Job instance at 0x15309408b370>,4,19,[2 8],6,7,26,1,7
1,<environment.Job instance at 0x15308445e320>,2,17,[9 2],7,7,24,0,7
1,<environment.Job instance at 0x15309882e0f0>,2,3,[1 5],5,5,8,0,5
1,<environment.Job instance at 0x15309882e690>,3,15,[2 5],6,6,21,0,6
1,<environment.Job instance at 0x15309882ef50>,5,14,[7 1],8,8,22,0,8
1,<environment.Job instance at 0x153084cf1f00>,0,27,[7 1],1,1,28,0,1
1,<environment.Job instance at 0x15309cc7dbe0>,2,15,[1 9],3,3,18,0,3
1,<environment.Job instance at 0x153084cf1d70>,5,18,[8 1],9,28,46,19,17
1,<environment.Job instance at 0x15309cc7de60>,1,17,[7 2],2,2,19,0,2
1,<environment.Job instance at 0x15309cc4e2d0>,1,3,[2 8],2,2,5,0,2
1,<environment.Job instance at 0x1530964275f0>,5,1,[5 2],6,1384,1385,1378,1384
1,<environment.Job instance at 0x153084174640>,0,3,[2 5],1,1,4,0,1
1,<environment.Job instance at 0x153084acc190>,1,13,[7 1],2,2,15,0,2
1,<environment.Job instance at 0x153084174c30>,3,14,[2 6],8,8,22,0,8
1,<environment.Job instance at 0x15309846ed20>,1,1,[1 7],3,3,4,0,3
1,<environment.Job instance at 0x15309846eb40>,2,14,[2 7],7,7,21,0,7
1,<environment.Job instance at 0x15309ec3bf00>,1,13,[1 7],2,2,15,0,2
1,<environment.Job instance at 0x153084f70a50>,2,12,[2 7],3,15,27,12,3
1,<environment.Job instance at 0x15309880d370>,5,17,[6 1],7,7,24,0,7
1,<environment.Job instance at 0x1530847e1f00>,0,14,[9 2],1,1,15,0,1
1,<environment.Job instance at 0x153084a0e370>,4,22,[7 2],6,15,37,9,9
1,<environment.Job instance at 0x153084a0e3c0>,7,2,[7 2],9,77,79,68,77
1,<environment.Job instance at 0x153084a0edc0>,1,3,[7 1],4,4,7,0,4
1,<environment.Job instance at 0x15309882b370>,0,15,[5 1],1,2,17,1,2
1,<environment.Job instance at 0x153084b95cd0>,3,22,[1 7],6,325,347,319,325
1,<environment.Job instance at 0x15309cf6f3c0>,0,15,[1 7],2,2,17,0,2
1,<environment.Job instance at 0x153097bd9b40>,0,21,[ 1 10],2,3,24,1,3
1,<environment.Job instance at 0x1530844f2f50>,0,25,[7 1],2,2,27,0,2
1,<environment.Job instance at 0x153084c25eb0>,5,3,[2 9],8,8,11,0,8
1,<environment.Job instance at 0x153097a97230>,1,22,[1 5],4,5,27,1,5
1,<environment.Job instance at 0x1530979c5cd0>,0,18,[6 1],1,1,19,0,1
1,<environment.Job instance at 0x1530843de410>,0,13,[1 7],2,2,15,0,2
1,<environment.Job instance at 0x1530843de870>,1,3,[2 5],3,15,18,12,3
1,<environment.Job instance at 0x1530846b7320>,3,12,[1 7],5,18,30,13,5
1,<environment.Job instance at 0x153084c1acd0>,0,15,[2 9],1,1,16,0,1
1,<environment.Job instance at 0x153084c1ab90>,2,14,[10  2],4,16,30,12,4
1,<environment.Job instance at 0x15309880a0f0>,0,13,[1 7],1,1,14,0,1
1,<environment.Job instance at 0x153084329190>,1,16,[7 1],3,3,19,0,3
1,<environment.Job instance at 0x15309efb2a50>,0,25,[2 8],1,2,27,1,2
1,<environment.Job instance at 0x15309cc49730>,1,18,[1 7],6,7,25,1,7
1,<environment.Job instance at 0x15309f72d4b0>,3,3,[2 9],8,25,28,17,8
1,<environment.Job instance at 0x1530842a4c80>,4,16,[2 7],9,28,44,19,15
1,<environment.Job instance at 0x1530842781e0>,1,19,[9 2],4,4,23,0,4
1,<environment.Job instance at 0x153084aa25a0>,4,16,[7 1],8,8,24,0,8
1,<environment.Job instance at 0x153084855b90>,3,17,[2 9],4,6,23,2,6
1,<environment.Job instance at 0x153098477190>,0,14,[1 6],3,3,17,0,3
1,<environment.Job instance at 0x153097910730>,0,17,[1 9],2,3,20,1,3
1,<environment.Job instance at 0x153096c5e280>,3,2,[7 2],4,4,6,0,4
1,<environment.Job instance at 0x153096c5ea50>,4,21,[2 7],5,5,26,0,5
1,<environment.Job instance at 0x153096c5e5f0>,6,27,[8 2],8,8,35,0,8
1,<environment.Job instance at 0x153095ec5f00>,1,3,[2 9],5,5,8,0,5
1,<environment.Job instance at 0x153095ec5190>,2,3,[2 5],6,8,11,2,6
1,<environment.Job instance at 0x153084b9f7d0>,0,3,[2 9],1,1,4,0,1
1,<environment.Job instance at 0x153084b9f190>,1,24,[2 8],2,4,28,2,4
1,<environment.Job instance at 0x15309d6166e0>,3,23,[9 1],5,28,51,23,22
1,<environment.Job instance at 0x1530844e33c0>,1,3,[1 8],3,3,6,0,3
1,<environment.Job instance at 0x15309d616f50>,3,15,[2 6],5,6,21,1,5
1,<environment.Job instance at 0x1530843d6500>,0,18,[1 5],1,755,773,754,755
1,<environment.Job instance at 0x153084a33410>,3,17,[10  1],6,6,23,0,6
1,<environment.Job instance at 0x153084a33690>,4,25,[ 1 10],7,766,791,759,766
1,<environment.Job instance at 0x1530979c95a0>,0,25,[7 1],1,1,26,0,1
1,<environment.Job instance at 0x153084994320>,0,19,[8 2],3,3,22,0,3
1,<environment.Job instance at 0x153084b86280>,2,25,[ 1 10],4,5,30,1,5
1,<environment.Job instance at 0x15309cc9f910>,5,22,[5 2],7,30,52,23,24
1,<environment.Job instance at 0x15309d603780>,0,18,[5 1],1,2,20,1,2
1,<environment.Job instance at 0x15309d6031e0>,2,13,[1 8],3,3,16,0,3
1,<environment.Job instance at 0x15309d6038c0>,5,18,[6 2],6,21,39,15,21
1,<environment.Job instance at 0x153084c25050>,1,17,[1 5],3,3,20,0,3
1,<environment.Job instance at 0x1530847fd370>,0,19,[7 1],1,1,20,0,1
1,<environment.Job instance at 0x153097ba55f0>,4,2,[1 7],7,1580,1582,1573,1580
1,<environment.Job instance at 0x1530985e3f50>,5,18,[2 8],9,130,148,121,130
1,<environment.Job instance at 0x1530985e33c0>,1,3,[1 8],3,3,6,0,3
1,<environment.Job instance at 0x153084258230>,2,12,[6 2],4,5,17,1,5
1,<environment.Job instance at 0x153084258190>,4,18,[5 1],6,17,35,11,7
1,<environment.Job instance at 0x153096199960>,1,16,[2 8],2,2,18,0,2
1,<environment.Job instance at 0x153096199eb0>,2,13,[1 6],3,18,31,15,4
1,<environment.Job instance at 0x153097b6fbe0>,0,14,[2 5],2,2,16,0,2
1,<environment.Job instance at 0x153097b6f960>,1,18,[6 2],4,4,22,0,4
1,<environment.Job instance at 0x153097b166e0>,5,16,[2 6],9,16,32,7,9
1,<environment.Job instance at 0x15308492d0a0>,4,3,[2 5],7,7,10,0,7
1,<environment.Job instance at 0x15308465df00>,1,13,[7 1],2,2,15,0,2
1,<environment.Job instance at 0x15308465db90>,3,12,[6 1],4,15,27,11,7
1,<environment.Job instance at 0x153094086f50>,6,16,[8 2],8,27,43,19,14
1,<environment.Job instance at 0x153094091280>,3,17,[5 2],7,7,24,0,7
1,<environment.Job instance at 0x153084734c30>,1,23,[2 9],5,7,30,2,7
1,<environment.Job instance at 0x1530978ff1e0>,1,15,[1 7],2,2,17,0,2
1,<environment.Job instance at 0x15308494ae10>,5,15,[2 8],8,23,38,15,23
1,<environment.Job instance at 0x153084f4e6e0>,0,16,[2 8],1,1,17,0,1
1,<environment.Job instance at 0x153084f4e050>,2,18,[ 2 10],3,17,35,14,6
1,<environment.Job instance at 0x153084f4e280>,6,18,[ 2 10],8,35,53,27,24
1,<environment.Job instance at 0x153097b16280>,1,14,[7 1],2,2,16,0,2
1,<environment.Job instance at 0x153084f4edc0>,3,18,[2 9],5,6,24,1,6
1,<environment.Job instance at 0x15309efc7410>,4,14,[2 5],8,8,22,0,8
1,<environment.Job instance at 0x1530960ff5a0>,5,19,[6 2],9,9,28,0,9
1,<environment.Job instance at 0x15308423a1e0>,0,13,[ 2 10],1,1,14,0,1
1,<environment.Job instance at 0x153084613aa0>,1,15,[ 1 10],2,2,17,0,2
1,<environment.Job instance at 0x153094088820>,0,17,[1 6],1,2,19,1,2
1,<environment.Job instance at 0x15309886f0f0>,3,3,[8 2],6,6,9,0,6
1,<environment.Job instance at 0x15309886f910>,4,1,[1 5],7,19,20,12,7
1,<environment.Job instance at 0x15309886f140>,5,3,[1 9],8,20,23,12,8
1,<environment.Job instance at 0x153084616f50>,0,13,[1 9],1,1,14,0,1
1,<environment.Job instance at 0x153084616be0>,4,14,[7 2],8,14,28,6,8
1,<environment.Job instance at 0x1530846165f0>,5,12,[7 1],9,28,40,19,16
1,<environment.Job instance at 0x153084ec05f0>,0,15,[ 2 10],1,1,16,0,1
1,<environment.Job instance at 0x153084575aa0>,3,23,[8 2],6,16,39,10,10
1,<environment.Job instance at 0x153096163690>,1,26,[5 2],2,3,29,1,3
1,<environment.Job instance at 0x15309407d500>,3,17,[10  2],4,29,46,25,17
1,<environment.Job instance at 0x1530988a00a0>,2,3,[ 2 10],3,3,6,0,3
1,<environment.Job instance at 0x1530963fa910>,3,1,[10  1],4,6,7,2,4
1,<environment.Job instance at 0x1530988a0230>,4,13,[1 8],6,7,20,1,6
1,<environment.Job instance at 0x153097978fa0>,6,13,[1 9],8,20,33,12,8
1,<environment.Job instance at 0x153084765e10>,3,18,[10  2],6,6,24,0,6
1,<environment.Job instance at 0x153084a19820>,2,23,[8 2],3,3,26,0,3
1,<environment.Job instance at 0x153084fa3eb0>,6,26,[2 7],9,955,981,946,955
1,<environment.Job instance at 0x153097b8caa0>,0,23,[1 7],1,7,30,6,7
1,<environment.Job instance at 0x1530960ff190>,5,17,[10  1],8,30,47,22,18
1,<environment.Job instance at 0x153097a4c640>,4,1,[7 1],6,2176,2177,2170,2176
1,<environment.Job instance at 0x153095c7a1e0>,0,24,[9 2],1,1,25,0,1
1,<environment.Job instance at 0x153096c5eb40>,3,1,[8 2],8,8,9,0,8
1,<environment.Job instance at 0x153096c5e140>,4,13,[1 6],9,9,22,0,9
