iteration,job object,job ID,job Length,job ressource requirement,job enter time,job start time,job finish time,job waiting time,current time
1,<environment.Job instance at 0x153097c03a00>,7,1,[2 6],8,8,9,0,8
1,<environment.Job instance at 0x153084daf190>,0,23,[2 5],1,1,24,0,1
1,<environment.Job instance at 0x153084daff50>,4,2,[ 1 13],7,637,639,630,637
1,<environment.Job instance at 0x153084f32c30>,4,24,[ 1 14],5,69,93,64,69
1,<environment.Job instance at 0x15309cd076e0>,5,25,[10  2],8,643,668,635,643
1,<environment.Job instance at 0x153097b62fa0>,0,1,[8 1],1,1,2,0,1
1,<environment.Job instance at 0x153097964d70>,5,21,[7 2],7,7,28,0,7
1,<environment.Job instance at 0x153084fc3910>,0,26,[1 8],1,6,32,5,6
1,<environment.Job instance at 0x153097a48f50>,2,23,[ 1 13],3,4,27,1,4
1,<environment.Job instance at 0x153097a48af0>,4,1,[10  2],7,7,8,0,7
1,<environment.Job instance at 0x15309888d140>,0,1,[1 9],3,3,4,0,3
1,<environment.Job instance at 0x153097b13870>,2,21,[1 5],5,5,26,0,5
1,<environment.Job instance at 0x153097b13cd0>,4,2,[2 9],7,27,29,20,27
1,<environment.Job instance at 0x15308481c320>,5,12,[11  1],8,340,352,332,340
1,<environment.Job instance at 0x15308481c0a0>,6,3,[2 9],9,402,405,393,402
1,<environment.Job instance at 0x153084c785f0>,0,1,[13  1],1,1,2,0,1
1,<environment.Job instance at 0x1530846d8f50>,2,1,[10  1],4,4,5,0,4
1,<environment.Job instance at 0x153097b5baf0>,4,1,[13  2],7,7,8,0,7
1,<environment.Job instance at 0x15308498c960>,6,1,[2 8],8,51,52,43,51
1,<environment.Job instance at 0x153097a65b90>,0,1,[8 2],1,1,2,0,1
1,<environment.Job instance at 0x15308498c9b0>,3,24,[ 1 12],7,7,31,0,7
1,<environment.Job instance at 0x153084f5d410>,0,1,[8 1],1,1,2,0,1
1,<environment.Job instance at 0x15308490d780>,5,1,[ 1 13],7,55,56,48,55
1,<environment.Job instance at 0x153084520a50>,1,1,[1 8],3,5,6,2,5
1,<environment.Job instance at 0x153084520780>,4,2,[1 8],6,6,8,0,6
1,<environment.Job instance at 0x153084520140>,5,3,[1 7],8,8,11,0,8
1,<environment.Job instance at 0x153084751be0>,1,2,[2 9],2,3,5,1,3
1,<environment.Job instance at 0x1530847511e0>,0,2,[ 2 12],1,5,7,4,5
1,<environment.Job instance at 0x15309d6dc960>,6,24,[ 1 10],8,8,32,0,8
1,<environment.Job instance at 0x1530960e7460>,0,1,[2 9],1,1,2,0,1
1,<environment.Job instance at 0x153084e94460>,1,2,[12  1],2,4,6,2,4
1,<environment.Job instance at 0x153084e94e10>,4,3,[1 6],6,6,9,0,6
1,<environment.Job instance at 0x1530846d81e0>,0,1,[9 1],2,2,3,0,2
1,<environment.Job instance at 0x15308448c910>,2,1,[ 1 10],4,4,5,0,4
1,<environment.Job instance at 0x153084f308c0>,1,25,[9 2],3,3,28,0,3
1,<environment.Job instance at 0x153084f301e0>,2,2,[14  1],7,150,152,143,150
1,<environment.Job instance at 0x153084f30140>,4,1,[2 8],9,316,317,307,316
1,<environment.Job instance at 0x15309852daa0>,3,3,[ 1 10],8,356,359,348,356
1,<environment.Job instance at 0x15309852daa0>,4,20,[9 1],7,8,28,1,8
1,<environment.Job instance at 0x1530848abb90>,0,20,[ 2 12],1,3,23,2,3
1,<environment.Job instance at 0x153095ec0dc0>,1,3,[1 5],4,5,8,1,5
1,<environment.Job instance at 0x1530842b7410>,3,1,[2 8],6,6,7,0,6
1,<environment.Job instance at 0x153084673960>,0,3,[ 1 13],1,8,11,7,8
1,<environment.Job instance at 0x1530846736e0>,2,21,[ 2 13],5,11,32,6,8
1,<environment.Job instance at 0x1530846735f0>,5,18,[5 2],8,46,64,38,46
1,<environment.Job instance at 0x1530940e4be0>,0,1,[1 6],2,2,3,0,2
1,<environment.Job instance at 0x153084619410>,1,2,[7 2],4,4,6,0,4
1,<environment.Job instance at 0x153098884190>,1,2,[ 1 10],2,2,4,0,2
1,<environment.Job instance at 0x153098884e60>,2,21,[1 6],3,4,25,1,3
1,<environment.Job instance at 0x153098884d70>,3,21,[7 2],5,5,26,0,5
1,<environment.Job instance at 0x1530961c54b0>,6,1,[5 1],9,38,39,29,38
1,<environment.Job instance at 0x1530988df0a0>,0,1,[10  1],1,1,2,0,1
1,<environment.Job instance at 0x1530988df9b0>,3,3,[ 1 13],6,7,10,1,7
1,<environment.Job instance at 0x1530988df640>,5,1,[1 9],8,10,11,2,10
1,<environment.Job instance at 0x1530988df780>,4,2,[1 6],7,56,58,49,56
1,<environment.Job instance at 0x1530988df2d0>,6,25,[1 8],9,96,121,87,96
1,<environment.Job instance at 0x153097a1baa0>,4,3,[9 1],7,66,69,59,66
1,<environment.Job instance at 0x15308454d1e0>,5,16,[9 1],8,95,111,87,95
1,<environment.Job instance at 0x15309cf6b050>,1,2,[ 1 12],3,417,419,414,417
1,<environment.Job instance at 0x15309f5eb4b0>,2,3,[ 2 10],5,429,432,424,429
1,<environment.Job instance at 0x15309cc7feb0>,2,2,[ 1 10],4,4,6,0,4
1,<environment.Job instance at 0x153096417140>,4,2,[2 9],6,6,8,0,6
1,<environment.Job instance at 0x15309611b460>,3,2,[5 2],5,5,7,0,5
1,<environment.Job instance at 0x15309611baa0>,4,3,[1 7],6,6,9,0,6
1,<environment.Job instance at 0x15309611b4b0>,5,2,[9 2],8,8,10,0,8
1,<environment.Job instance at 0x15309611b820>,6,1,[7 2],9,10,11,1,9
1,<environment.Job instance at 0x153084812c80>,4,26,[9 1],7,8,34,1,8
1,<environment.Job instance at 0x153084812f00>,6,2,[ 2 11],9,2045,2047,2036,2045
1,<environment.Job instance at 0x1530843892d0>,3,1,[2 6],6,47,48,41,47
1,<environment.Job instance at 0x153084805410>,4,2,[1 5],8,50,52,42,50
1,<environment.Job instance at 0x153084bad3c0>,5,2,[13  2],9,351,353,342,351
1,<environment.Job instance at 0x153084bad1e0>,1,1,[5 1],3,3,4,0,3
1,<environment.Job instance at 0x1530844372d0>,4,2,[1 7],6,6,8,0,6
1,<environment.Job instance at 0x153084437640>,5,15,[1 5],7,8,23,1,8
1,<environment.Job instance at 0x153097a21f50>,2,1,[2 8],4,4,5,0,4
1,<environment.Job instance at 0x153097a4ca50>,4,3,[1 6],7,8,11,1,8
1,<environment.Job instance at 0x15309cf6e370>,1,2,[1 7],4,11,13,7,11
1,<environment.Job instance at 0x1530848f4780>,5,16,[1 5],8,14,30,6,14
1,<environment.Job instance at 0x15308429f8c0>,2,1,[1 5],5,116,117,111,116
1,<environment.Job instance at 0x153084ad4c80>,6,2,[ 1 10],9,434,436,425,434
1,<environment.Job instance at 0x153097a4c0a0>,3,18,[8 2],6,1341,1359,1335,1341
1,<environment.Job instance at 0x1530960eadc0>,4,26,[14  2],5,6,32,1,6
1,<environment.Job instance at 0x1530960eaf00>,6,2,[13  1],7,55,57,48,55
1,<environment.Job instance at 0x1530984e4820>,5,20,[2 7],8,9,29,1,9
1,<environment.Job instance at 0x1530940d8cd0>,0,2,[ 1 12],2,5,7,3,5
1,<environment.Job instance at 0x15308479baa0>,2,2,[1 5],4,7,9,3,6
1,<environment.Job instance at 0x15308479baf0>,1,3,[ 2 13],3,49,52,46,49
1,<environment.Job instance at 0x153097ae60a0>,0,1,[7 2],1,1,2,0,1
1,<environment.Job instance at 0x1530961bd820>,6,1,[1 9],8,8,9,0,8
1,<environment.Job instance at 0x15309b9c0500>,0,1,[2 6],1,1,2,0,1
1,<environment.Job instance at 0x15309b9c0460>,1,1,[2 8],3,3,4,0,3
1,<environment.Job instance at 0x1530961b4870>,2,1,[2 6],4,4,5,0,4
1,<environment.Job instance at 0x153084b653c0>,1,1,[ 1 14],2,2,3,0,2
1,<environment.Job instance at 0x15309ebf6af0>,4,3,[9 2],5,5,8,0,5
1,<environment.Job instance at 0x15309ebf6960>,5,2,[10  2],6,8,10,2,6
1,<environment.Job instance at 0x153097afbc80>,6,14,[ 2 14],8,44,58,36,44
1,<environment.Job instance at 0x153097afbb90>,7,2,[7 1],9,45,47,36,45
1,<environment.Job instance at 0x153097afb370>,1,25,[12  1],2,2,27,0,2
1,<environment.Job instance at 0x153095eae1e0>,0,21,[1 9],1,2,23,1,2
1,<environment.Job instance at 0x1530978c4910>,0,1,[8 1],3,3,4,0,3
1,<environment.Job instance at 0x1530844efaa0>,2,1,[6 2],6,6,7,0,6
1,<environment.Job instance at 0x1530843ea6e0>,1,1,[2 8],3,3,4,0,3
1,<environment.Job instance at 0x153084418b90>,7,27,[1 7],9,9,36,0,9
1,<environment.Job instance at 0x15309ebddd70>,4,2,[5 1],7,19,21,12,19
1,<environment.Job instance at 0x153084be6320>,1,1,[10  2],2,2,3,0,2
1,<environment.Job instance at 0x1530940a6d70>,6,2,[7 2],7,117,119,110,117
1,<environment.Job instance at 0x15309407d780>,0,2,[ 1 12],3,3,5,0,3
1,<environment.Job instance at 0x153084807f50>,2,1,[6 2],5,5,6,0,5
1,<environment.Job instance at 0x153084807a00>,4,1,[13  1],8,8,9,0,8
1,<environment.Job instance at 0x1530848070a0>,5,2,[8 2],9,9,11,0,9
1,<environment.Job instance at 0x15309ccd1050>,2,16,[1 6],5,5,21,0,5
1,<environment.Job instance at 0x1530979e13c0>,3,2,[10  2],7,7,9,0,7
1,<environment.Job instance at 0x15309ccd1c30>,4,3,[1 7],8,8,11,0,8
1,<environment.Job instance at 0x153084d84780>,1,1,[ 1 12],3,3,4,0,3
1,<environment.Job instance at 0x153084ed45a0>,1,2,[1 9],3,3,5,0,3
1,<environment.Job instance at 0x153084eb49b0>,2,2,[7 2],4,4,6,0,4
1,<environment.Job instance at 0x153097b2feb0>,5,1,[8 1],8,8,9,0,8
1,<environment.Job instance at 0x153084ed4f50>,0,1,[10  1],2,2,3,0,2
1,<environment.Job instance at 0x153097b2f0f0>,1,27,[5 2],3,4,31,1,4
1,<environment.Job instance at 0x1530987fecd0>,2,2,[10  2],3,3,5,0,3
1,<environment.Job instance at 0x153097a4e4b0>,6,1,[1 7],8,8,9,0,8
1,<environment.Job instance at 0x153097a55d20>,4,2,[5 2],6,29,31,23,29
1,<environment.Job instance at 0x153097a55d70>,1,1,[6 2],2,2,3,0,2
1,<environment.Job instance at 0x1530988331e0>,2,1,[5 1],3,3,4,0,3
1,<environment.Job instance at 0x153097a55d20>,3,27,[2 6],5,5,32,0,5
1,<environment.Job instance at 0x1530848525f0>,7,3,[6 1],9,43,46,34,43
1,<environment.Job instance at 0x153084852460>,5,2,[7 2],7,66,68,59,66
1,<environment.Job instance at 0x153095c7c5f0>,4,2,[14  1],5,185,187,180,185
1,<environment.Job instance at 0x153097b467d0>,2,3,[10  2],3,3,6,0,3
1,<environment.Job instance at 0x153097b46a00>,5,3,[7 2],7,7,10,0,7
1,<environment.Job instance at 0x153097b46f00>,6,2,[2 9],8,8,10,0,8
1,<environment.Job instance at 0x153097b462d0>,7,2,[2 7],9,10,12,1,9
1,<environment.Job instance at 0x153084d76a00>,3,22,[2 6],5,5,27,0,5
1,<environment.Job instance at 0x153084961f50>,4,1,[ 1 14],6,27,28,21,8
1,<environment.Job instance at 0x153084961e10>,6,1,[6 1],8,150,151,142,150
1,<environment.Job instance at 0x153084ca3af0>,4,3,[ 2 14],8,9,12,1,9
1,<environment.Job instance at 0x153084ca36e0>,5,22,[9 1],9,9,31,0,9
1,<environment.Job instance at 0x153097be8d70>,2,2,[12  1],5,6,8,1,6
1,<environment.Job instance at 0x153097be8cd0>,1,1,[1 5],3,3,4,0,3
1,<environment.Job instance at 0x15309cc16820>,0,1,[2 9],2,2,3,0,2
1,<environment.Job instance at 0x15309cc166e0>,2,1,[6 1],6,6,7,0,6
1,<environment.Job instance at 0x15309cc164b0>,3,1,[7 2],8,8,9,0,8
1,<environment.Job instance at 0x153084f794b0>,2,1,[10  1],4,4,5,0,4
1,<environment.Job instance at 0x153084f792d0>,3,25,[10  1],7,7,32,0,7
1,<environment.Job instance at 0x15309cc092d0>,0,1,[14  2],3,3,4,0,3
1,<environment.Job instance at 0x153084306050>,1,22,[2 5],5,5,27,0,5
1,<environment.Job instance at 0x153084306190>,2,1,[9 2],6,6,7,0,6
1,<environment.Job instance at 0x15309ec00f00>,3,3,[1 9],8,8,11,0,8
1,<environment.Job instance at 0x153084642b40>,1,28,[11  2],3,6,34,3,6
1,<environment.Job instance at 0x153084e925a0>,0,26,[1 7],1,2,28,1,2
1,<environment.Job instance at 0x1530985c0730>,3,2,[ 1 12],4,28,30,24,4
1,<environment.Job instance at 0x1530844da640>,6,1,[8 1],8,8,9,0,8
1,<environment.Job instance at 0x153097b62190>,7,1,[1 9],9,9,10,0,9
1,<environment.Job instance at 0x15309ebc5b40>,0,1,[6 1],1,1,2,0,1
1,<environment.Job instance at 0x1530979785a0>,3,21,[2 9],4,6,27,2,6
1,<environment.Job instance at 0x153084ea0370>,4,21,[12  2],6,30,51,24,30
1,<environment.Job instance at 0x15309ccaa690>,1,1,[8 1],3,3,4,0,3
1,<environment.Job instance at 0x1530849476e0>,4,1,[ 2 10],7,7,8,0,7
1,<environment.Job instance at 0x153098593fa0>,3,1,[7 1],6,6,7,0,6
1,<environment.Job instance at 0x15309e76a050>,5,3,[ 2 10],6,8,11,2,8
1,<environment.Job instance at 0x153084f905a0>,4,1,[13  1],5,9,10,4,9
1,<environment.Job instance at 0x153084f90eb0>,7,17,[8 2],9,10,27,1,10
1,<environment.Job instance at 0x153084f906e0>,6,26,[1 9],8,201,227,193,201
1,<environment.Job instance at 0x15309889d690>,4,3,[1 8],6,6,9,0,6
1,<environment.Job instance at 0x15309ebd9140>,6,21,[6 1],9,9,30,0,9
1,<environment.Job instance at 0x1530961aef50>,4,1,[1 7],7,900,901,893,900
1,<environment.Job instance at 0x1530940674b0>,5,27,[1 7],9,1027,1054,1018,1027
1,<environment.Job instance at 0x153097999d20>,2,1,[9 1],3,3,4,0,3
1,<environment.Job instance at 0x153097999eb0>,3,19,[ 2 14],4,10,29,6,10
1,<environment.Job instance at 0x153097999c80>,5,3,[13  2],6,42,45,36,42
1,<environment.Job instance at 0x153097999550>,1,1,[7 1],3,3,4,0,3
1,<environment.Job instance at 0x153097bdb1e0>,4,1,[2 6],7,728,729,721,728
1,<environment.Job instance at 0x153084e25e60>,6,21,[9 1],9,9,30,0,9
1,<environment.Job instance at 0x153094043500>,4,1,[1 9],7,7,8,0,7
1,<environment.Job instance at 0x153094043370>,5,1,[2 7],8,8,9,0,8
1,<environment.Job instance at 0x153094043a00>,6,2,[1 8],9,9,11,0,9
1,<environment.Job instance at 0x1530847aa960>,0,1,[1 9],1,1,2,0,1
1,<environment.Job instance at 0x153084d67820>,4,20,[ 2 11],6,6,26,0,6
1,<environment.Job instance at 0x15309d6e5dc0>,1,1,[9 2],2,2,3,0,2
1,<environment.Job instance at 0x153084e03320>,2,1,[2 8],3,3,4,0,3
1,<environment.Job instance at 0x153084e03550>,3,1,[5 1],4,4,5,0,4
1,<environment.Job instance at 0x1530979ebcd0>,4,1,[8 1],6,6,7,0,6
1,<environment.Job instance at 0x153084e03d70>,5,1,[1 8],8,8,9,0,8
1,<environment.Job instance at 0x153084e03b40>,6,1,[2 9],9,9,10,0,9
1,<environment.Job instance at 0x153084897cd0>,1,1,[7 2],3,3,4,0,3
1,<environment.Job instance at 0x153084efff00>,2,1,[12  1],4,4,5,0,4
1,<environment.Job instance at 0x153099b3fa00>,4,1,[1 9],6,6,7,0,6
1,<environment.Job instance at 0x1530846b92d0>,5,1,[9 1],7,7,8,0,7
1,<environment.Job instance at 0x153084715aa0>,6,3,[ 2 12],8,14,17,6,14
1,<environment.Job instance at 0x1530846bdc80>,4,1,[10  1],5,34,35,29,34
1,<environment.Job instance at 0x1530940d0dc0>,2,19,[7 2],3,3,22,0,3
1,<environment.Job instance at 0x1530940d08c0>,1,2,[ 1 11],3,6,8,3,6
1,<environment.Job instance at 0x1530963f6e60>,3,2,[9 1],5,6,8,1,6
1,<environment.Job instance at 0x1530940d0eb0>,2,1,[1 5],4,13,14,9,13
1,<environment.Job instance at 0x15308471caa0>,0,1,[2 7],1,1,2,0,1
1,<environment.Job instance at 0x15308471cbe0>,3,2,[5 1],5,5,7,0,5
1,<environment.Job instance at 0x1530843e5b40>,5,2,[12  1],8,8,10,0,8
1,<environment.Job instance at 0x15309d690460>,6,16,[8 2],8,13,29,5,13
1,<environment.Job instance at 0x1530843e5640>,4,2,[1 8],6,32,34,26,32
1,<environment.Job instance at 0x15309d6901e0>,5,17,[7 1],7,33,50,26,33
1,<environment.Job instance at 0x1530845a1fa0>,3,16,[7 1],4,13,29,9,13
1,<environment.Job instance at 0x1530845a1370>,4,1,[1 6],5,13,14,8,13
1,<environment.Job instance at 0x1530845a1690>,7,2,[7 2],8,13,15,5,13
1,<environment.Job instance at 0x1530845a1e10>,8,1,[1 6],9,14,15,5,13
1,<environment.Job instance at 0x1530845a18c0>,2,1,[10  2],3,67,68,64,67
1,<environment.Job instance at 0x153084c56780>,6,2,[1 7],7,7,9,0,7
1,<environment.Job instance at 0x1530843c2370>,0,1,[5 2],2,2,3,0,2
1,<environment.Job instance at 0x1530843c20f0>,2,1,[7 2],5,5,6,0,5
1,<environment.Job instance at 0x15309cf43050>,3,1,[2 8],6,6,7,0,6
1,<environment.Job instance at 0x153084eb2690>,1,3,[1 9],3,3,6,0,3
1,<environment.Job instance at 0x15309ebfe870>,4,1,[ 1 14],7,7,8,0,7
1,<environment.Job instance at 0x15309db29cd0>,0,1,[10  2],1,1,2,0,1
1,<environment.Job instance at 0x153097bef190>,0,2,[ 2 13],1,5,7,4,5
1,<environment.Job instance at 0x1530843b1960>,5,3,[6 2],8,9,12,1,9
1,<environment.Job instance at 0x153097bef0a0>,2,28,[2 5],5,1659,1687,1654,1659
1,<environment.Job instance at 0x153084b865a0>,4,25,[9 1],5,5,30,0,5
1,<environment.Job instance at 0x15309cc682d0>,3,1,[ 1 14],4,6,7,2,6
1,<environment.Job instance at 0x153084b86820>,2,1,[11  1],3,30,31,27,9
1,<environment.Job instance at 0x153084b86aa0>,7,2,[7 2],8,31,33,23,10
1,<environment.Job instance at 0x153084b86690>,5,3,[2 7],6,191,194,185,191
1,<environment.Job instance at 0x153084c56320>,3,1,[9 1],4,4,5,0,4
1,<environment.Job instance at 0x1530843d55a0>,0,2,[ 1 14],2,2,4,0,2
1,<environment.Job instance at 0x153084652640>,1,1,[7 2],3,4,5,1,3
1,<environment.Job instance at 0x1530960e53c0>,4,1,[2 5],6,6,7,0,6
1,<environment.Job instance at 0x153096171d70>,5,2,[1 5],8,8,10,0,8
1,<environment.Job instance at 0x15308469aeb0>,2,1,[ 1 12],7,20,21,13,20
1,<environment.Job instance at 0x15308469af50>,3,21,[1 9],8,73,94,65,73
1,<environment.Job instance at 0x15308469af50>,2,22,[2 9],5,6,28,1,6
1,<environment.Job instance at 0x153097b7fc30>,2,1,[ 1 12],6,6,7,0,6
1,<environment.Job instance at 0x1530988e8690>,4,2,[13  1],6,16,18,10,16
1,<environment.Job instance at 0x1530988e8870>,7,3,[8 1],9,19,22,10,19
1,<environment.Job instance at 0x1530988e86e0>,6,1,[5 1],8,53,54,45,53
1,<environment.Job instance at 0x153097b7fcd0>,3,3,[11  1],5,166,169,161,166
1,<environment.Job instance at 0x1530988e8c30>,5,1,[12  2],7,215,216,208,215
1,<environment.Job instance at 0x1530849eabe0>,1,1,[7 2],2,2,3,0,2
1,<environment.Job instance at 0x15309d606e10>,0,1,[8 1],1,1,2,0,1
1,<environment.Job instance at 0x153084ef94b0>,0,1,[1 8],1,1,2,0,1
1,<environment.Job instance at 0x153084ef9870>,4,1,[ 1 13],7,7,8,0,7
1,<environment.Job instance at 0x1530849f8aa0>,0,1,[11  1],9,10,11,1,10
1,<environment.Job instance at 0x1530849f8730>,1,2,[ 1 14],2,5,7,3,5
1,<environment.Job instance at 0x153084581cd0>,3,18,[10  2],5,7,25,2,5
1,<environment.Job instance at 0x15309d5a9820>,3,2,[11  2],7,1236,1238,1229,1236
1,<environment.Job instance at 0x15309d5ff820>,2,15,[7 1],3,3,18,0,3
1,<environment.Job instance at 0x153084b02b90>,7,1,[ 2 10],8,28,29,20,28
1,<environment.Job instance at 0x153084b02e10>,6,2,[7 2],7,61,63,54,61
1,<environment.Job instance at 0x153084b02d70>,8,16,[ 1 13],9,212,228,203,212
1,<environment.Job instance at 0x153097ac4eb0>,0,1,[1 5],1,1,2,0,1
1,<environment.Job instance at 0x153094057a00>,7,16,[1 5],9,16,32,7,16
1,<environment.Job instance at 0x153097ba1910>,5,2,[ 2 14],6,7,9,1,7
1,<environment.Job instance at 0x153097ba1be0>,7,1,[7 2],8,9,10,1,8
1,<environment.Job instance at 0x153097ba1b40>,8,1,[ 2 10],9,9,10,0,9
1,<environment.Job instance at 0x153097af0550>,2,18,[8 2],3,3,21,0,3
1,<environment.Job instance at 0x153084218730>,0,1,[8 2],1,1,2,0,1
1,<environment.Job instance at 0x153084a2c960>,5,2,[10  1],8,8,10,0,8
1,<environment.Job instance at 0x1530984705f0>,0,1,[ 1 10],1,1,2,0,1
1,<environment.Job instance at 0x153098470050>,2,1,[8 1],3,3,4,0,3
1,<environment.Job instance at 0x153096126230>,3,24,[2 5],8,9,33,1,9
1,<environment.Job instance at 0x153084db4d70>,1,1,[1 9],2,2,3,0,2
1,<environment.Job instance at 0x153084db4370>,3,3,[2 8],5,5,8,0,5
1,<environment.Job instance at 0x153084c89190>,5,3,[ 1 14],7,8,11,1,7
1,<environment.Job instance at 0x153084c89c80>,0,1,[1 7],1,1,2,0,1
1,<environment.Job instance at 0x153084c893c0>,3,2,[1 9],5,5,7,0,5
1,<environment.Job instance at 0x1530978a7780>,4,1,[8 1],6,6,7,0,6
1,<environment.Job instance at 0x1530978a7640>,5,1,[7 2],7,7,8,0,7
1,<environment.Job instance at 0x15308457daa0>,0,1,[10  2],1,1,2,0,1
1,<environment.Job instance at 0x15308457d960>,3,1,[ 1 13],4,4,5,0,4
1,<environment.Job instance at 0x1530842cbb40>,4,1,[11  1],6,6,7,0,6
1,<environment.Job instance at 0x15309cc36aa0>,6,2,[5 2],9,471,473,462,471
1,<environment.Job instance at 0x153097b3e8c0>,0,1,[14  2],1,2,3,1,2
1,<environment.Job instance at 0x15309882caa0>,6,3,[10  1],8,47,50,39,47
1,<environment.Job instance at 0x15309881fd20>,6,1,[10  2],9,9,10,0,9
1,<environment.Job instance at 0x1530985cccd0>,1,23,[14  1],3,5,28,2,5
1,<environment.Job instance at 0x15308486f690>,4,1,[8 1],6,28,29,22,7
1,<environment.Job instance at 0x15308486ff00>,3,25,[12  1],5,29,54,24,26
1,<environment.Job instance at 0x15308471f460>,2,1,[ 1 10],4,4,5,0,4
1,<environment.Job instance at 0x15308471f7d0>,4,1,[8 2],8,8,9,0,8
1,<environment.Job instance at 0x15308471faf0>,5,25,[1 5],9,9,34,0,9
1,<environment.Job instance at 0x153097b10640>,0,1,[10  1],1,1,2,0,1
1,<environment.Job instance at 0x153084c3cd20>,3,1,[5 2],4,4,5,0,4
1,<environment.Job instance at 0x1530844fc960>,1,2,[14  1],2,6,8,4,6
1,<environment.Job instance at 0x153084d49370>,4,1,[ 1 10],7,7,8,0,7
1,<environment.Job instance at 0x15309ccea280>,3,22,[10  2],6,8,30,2,7
1,<environment.Job instance at 0x153084d49190>,1,1,[2 5],3,3,4,0,3
1,<environment.Job instance at 0x153084d9ee10>,3,2,[ 1 11],7,19,21,12,19
1,<environment.Job instance at 0x153084e8a1e0>,4,2,[5 2],5,5,7,0,5
1,<environment.Job instance at 0x15308485c460>,3,2,[2 7],5,5,7,0,5
1,<environment.Job instance at 0x1530978e5cd0>,5,1,[1 9],7,7,8,0,7
1,<environment.Job instance at 0x1530844dad70>,3,3,[ 1 14],5,7,10,2,7
1,<environment.Job instance at 0x1530844dacd0>,4,21,[5 1],6,11,32,5,11
1,<environment.Job instance at 0x1530844dad20>,1,2,[2 7],4,4,6,0,4
1,<environment.Job instance at 0x15309d6a7a00>,4,2,[1 9],8,8,10,0,8
1,<environment.Job instance at 0x15308470d500>,5,23,[1 5],9,9,32,0,9
1,<environment.Job instance at 0x15308470d500>,3,1,[5 1],4,4,5,0,4
1,<environment.Job instance at 0x15309e796140>,4,2,[5 2],8,63,65,55,63
1,<environment.Job instance at 0x153084a0a6e0>,0,1,[7 2],1,1,2,0,1
1,<environment.Job instance at 0x153084a0a4b0>,1,2,[ 2 14],2,3,5,1,3
1,<environment.Job instance at 0x153095ec2a00>,6,1,[1 5],9,9,10,0,9
1,<environment.Job instance at 0x1530846b1a00>,7,2,[1 6],8,8,10,0,8
1,<environment.Job instance at 0x1530846b1910>,8,16,[1 9],9,9,25,0,9
1,<environment.Job instance at 0x1530846b1870>,5,3,[2 7],6,35,38,29,35
1,<environment.Job instance at 0x1530846b16e0>,6,18,[ 2 11],7,1918,1936,1911,1918
1,<environment.Job instance at 0x1530846ca320>,1,1,[6 1],2,2,3,0,2
1,<environment.Job instance at 0x15309d627dc0>,3,1,[8 2],4,6,7,2,6
1,<environment.Job instance at 0x153084dfb5a0>,6,3,[9 1],9,167,170,158,167
1,<environment.Job instance at 0x153084dfb690>,4,12,[1 8],5,223,235,218,223
1,<environment.Job instance at 0x153084dfbcd0>,5,28,[ 2 10],6,807,835,801,807
1,<environment.Job instance at 0x153084c484b0>,1,2,[ 1 14],2,6,8,4,6
1,<environment.Job instance at 0x15309d61ba50>,1,2,[1 8],3,5,7,2,5
1,<environment.Job instance at 0x1530843d19b0>,0,2,[ 1 11],2,7,9,5,6
1,<environment.Job instance at 0x153098579140>,7,1,[7 2],8,8,9,0,8
1,<environment.Job instance at 0x15309ebd9c80>,3,22,[2 7],5,6,28,1,6
1,<environment.Job instance at 0x153084443eb0>,6,2,[1 5],8,39,41,31,39
1,<environment.Job instance at 0x153084443e60>,7,1,[2 5],9,67,68,58,67
1,<environment.Job instance at 0x153084467e10>,4,1,[6 2],7,7,8,0,7
1,<environment.Job instance at 0x15308491e1e0>,2,18,[7 2],4,5,23,1,5
1,<environment.Job instance at 0x153097a918c0>,6,25,[ 1 10],9,668,693,659,668
1,<environment.Job instance at 0x153084367b40>,2,2,[1 9],3,3,5,0,3
1,<environment.Job instance at 0x15308479b960>,5,2,[ 1 14],7,7,9,0,7
1,<environment.Job instance at 0x15308479beb0>,2,1,[10  2],3,3,4,0,3
1,<environment.Job instance at 0x153097a7bb90>,1,1,[6 2],2,2,3,0,2
1,<environment.Job instance at 0x15309cbffa50>,2,1,[6 1],3,3,4,0,3
1,<environment.Job instance at 0x15309cbff500>,3,1,[8 1],4,4,5,0,4
1,<environment.Job instance at 0x1530978acf00>,4,1,[5 1],7,7,8,0,7
1,<environment.Job instance at 0x15309cbff9b0>,5,28,[1 9],8,8,36,0,8
1,<environment.Job instance at 0x1530961ae640>,2,1,[ 2 10],6,6,7,0,6
1,<environment.Job instance at 0x153097a5d640>,4,1,[1 8],7,7,8,0,7
1,<environment.Job instance at 0x15309e78da50>,5,1,[8 2],9,9,10,0,9
1,<environment.Job instance at 0x153084f618c0>,2,1,[5 2],5,5,6,0,5
1,<environment.Job instance at 0x153097b821e0>,2,1,[10  2],3,3,4,0,3
1,<environment.Job instance at 0x1530984a45a0>,5,17,[7 1],9,302,319,293,302
1,<environment.Job instance at 0x1530846b00a0>,0,1,[1 7],1,1,2,0,1
1,<environment.Job instance at 0x15309613aeb0>,0,1,[ 1 11],2,2,3,0,2
1,<environment.Job instance at 0x153096101b40>,3,1,[2 8],8,8,9,0,8
1,<environment.Job instance at 0x153097b1a4b0>,3,1,[1 9],5,6,7,1,6
1,<environment.Job instance at 0x15309cc1eb90>,1,28,[8 1],2,7,35,5,7
1,<environment.Job instance at 0x15309cc1ee60>,4,18,[8 2],6,57,75,51,57
1,<environment.Job instance at 0x1530978b2460>,0,1,[5 2],1,1,2,0,1
1,<environment.Job instance at 0x1530848b9690>,1,1,[6 1],2,2,3,0,2
1,<environment.Job instance at 0x153084b85550>,1,18,[7 2],4,4,22,0,4
1,<environment.Job instance at 0x153084f1b960>,2,2,[1 9],4,4,6,0,4
1,<environment.Job instance at 0x15308490ab40>,2,2,[ 1 14],5,6,8,1,6
1,<environment.Job instance at 0x153097a97be0>,2,27,[9 2],5,5,32,0,5
1,<environment.Job instance at 0x153097a97500>,5,1,[14  2],8,32,33,24,19
1,<environment.Job instance at 0x153084f6de60>,6,1,[ 1 10],9,85,86,76,85
1,<environment.Job instance at 0x15309d6d3960>,6,2,[7 2],9,60,62,51,60
1,<environment.Job instance at 0x15309d6d3c80>,4,1,[12  2],6,11,12,5,11
1,<environment.Job instance at 0x153084201e10>,6,1,[6 2],8,43,44,35,43
1,<environment.Job instance at 0x153097ba8d20>,3,1,[1 5],8,8,9,0,8
1,<environment.Job instance at 0x15309617a550>,1,1,[8 2],2,2,3,0,2
1,<environment.Job instance at 0x15309617a640>,2,2,[ 2 10],3,3,5,0,3
1,<environment.Job instance at 0x153095c5e870>,3,1,[1 6],4,5,6,1,4
1,<environment.Job instance at 0x15309617a500>,4,1,[ 1 10],9,9,10,0,9
1,<environment.Job instance at 0x153095c5ef50>,1,1,[ 1 10],2,2,3,0,2
1,<environment.Job instance at 0x1530960e6af0>,6,27,[7 1],8,8,35,0,8
1,<environment.Job instance at 0x15309611c500>,1,2,[ 2 12],3,7,9,4,7
1,<environment.Job instance at 0x15309ccfe4b0>,3,20,[8 1],7,7,27,0,7
1,<environment.Job instance at 0x15309ccfebe0>,1,26,[7 2],2,2,28,0,2
1,<environment.Job instance at 0x1530848c2820>,5,2,[6 2],7,111,113,104,111
1,<environment.Job instance at 0x1530849cfe60>,2,1,[ 2 13],3,3,4,0,3
1,<environment.Job instance at 0x15309ec0d820>,2,2,[6 2],3,3,5,0,3
1,<environment.Job instance at 0x153084f378c0>,6,1,[7 1],9,14,15,5,14
1,<environment.Job instance at 0x153084b4fd70>,3,2,[1 7],4,37,39,33,37
1,<environment.Job instance at 0x153084f37d20>,5,3,[8 1],7,1142,1145,1135,1142
1,<environment.Job instance at 0x153084f37af0>,4,3,[6 2],5,2851,2854,2846,2851
1,<environment.Job instance at 0x153096413e10>,5,2,[5 2],8,41,43,33,41
1,<environment.Job instance at 0x15309641a0f0>,6,2,[6 2],9,67,69,58,67
1,<environment.Job instance at 0x1530978b7820>,5,2,[1 8],8,105,107,97,105
1,<environment.Job instance at 0x15308495b8c0>,4,25,[ 2 11],5,5,30,0,5
1,<environment.Job instance at 0x153096c5ea50>,0,1,[ 2 10],2,2,3,0,2
1,<environment.Job instance at 0x153096c5e870>,1,2,[ 2 14],5,7,9,2,7
1,<environment.Job instance at 0x153096c5ee60>,3,2,[6 2],8,9,11,1,8
1,<environment.Job instance at 0x153096c5e050>,4,1,[2 5],9,9,10,0,9
1,<environment.Job instance at 0x15308468d320>,4,2,[ 2 10],9,439,441,430,439
1,<environment.Job instance at 0x153097b247d0>,3,1,[9 1],4,4,5,0,4
1,<environment.Job instance at 0x153096c50780>,5,1,[7 1],7,7,8,0,7
1,<environment.Job instance at 0x153084855d20>,6,28,[2 7],8,8,36,0,8
1,<environment.Job instance at 0x15308429e0a0>,1,1,[1 6],3,3,4,0,3
1,<environment.Job instance at 0x1530843570f0>,1,1,[8 2],3,3,4,0,3
1,<environment.Job instance at 0x1530849aef00>,0,1,[8 1],3,3,4,0,3
1,<environment.Job instance at 0x1530842a20f0>,2,3,[13  1],4,5,8,1,5
1,<environment.Job instance at 0x1530842f96e0>,3,20,[9 1],5,8,28,3,5
1,<environment.Job instance at 0x1530845d9640>,0,1,[7 2],2,2,3,0,2
1,<environment.Job instance at 0x1530845d9320>,2,1,[2 9],4,4,5,0,4
1,<environment.Job instance at 0x1530984eaeb0>,0,1,[1 6],2,2,3,0,2
1,<environment.Job instance at 0x153098498af0>,1,1,[2 9],4,4,5,0,4
1,<environment.Job instance at 0x1530845db050>,1,1,[1 8],2,2,3,0,2
1,<environment.Job instance at 0x153084994d20>,4,22,[7 2],5,5,27,0,5
1,<environment.Job instance at 0x1530849a1c30>,7,1,[ 2 14],9,78,79,69,78
1,<environment.Job instance at 0x1530849a1f50>,1,21,[6 2],4,4,25,0,4
1,<environment.Job instance at 0x15308455f550>,1,22,[2 5],2,2,24,0,2
1,<environment.Job instance at 0x15309db2c3c0>,0,3,[ 2 12],1,4,7,3,4
1,<environment.Job instance at 0x15308455f230>,6,28,[5 2],8,8,36,0,8
1,<environment.Job instance at 0x1530843f7fa0>,4,1,[11  2],8,10,11,2,10
1,<environment.Job instance at 0x153084386d70>,4,1,[2 6],7,67,68,60,67
1,<environment.Job instance at 0x153084cb88c0>,0,1,[7 2],1,1,2,0,1
1,<environment.Job instance at 0x153097b7ff50>,2,2,[1 8],3,172,174,169,172
1,<environment.Job instance at 0x15309e78d7d0>,2,1,[1 9],5,5,6,0,5
1,<environment.Job instance at 0x1530844f2f50>,0,1,[1 6],1,1,2,0,1
1,<environment.Job instance at 0x153084aa0780>,5,15,[7 2],6,44,59,38,44
1,<environment.Job instance at 0x153084aa0690>,6,2,[1 6],9,132,134,123,132
1,<environment.Job instance at 0x153084dfaf50>,0,21,[1 5],1,1,22,0,1
1,<environment.Job instance at 0x1530984f7aa0>,6,22,[13  1],7,31,53,24,31
1,<environment.Job instance at 0x1530984f7be0>,4,2,[13  1],5,62,64,57,62
1,<environment.Job instance at 0x1530984f7140>,5,3,[1 8],6,78,81,72,78
1,<environment.Job instance at 0x15309d62b0f0>,6,3,[2 6],8,10,13,2,10
1,<environment.Job instance at 0x15309d62b190>,7,2,[2 8],9,12,14,3,12
1,<environment.Job instance at 0x15309cd24d70>,4,13,[8 2],5,5,18,0,5
1,<environment.Job instance at 0x153084dc1c80>,7,3,[ 1 11],9,14,17,5,14
1,<environment.Job instance at 0x15309d62b910>,2,1,[1 7],3,1173,1174,1170,1173
1,<environment.Job instance at 0x1530844f66e0>,4,1,[2 9],7,7,8,0,7
1,<environment.Job instance at 0x15308499fc80>,5,1,[ 1 10],9,9,10,0,9
1,<environment.Job instance at 0x153084405230>,1,24,[1 5],2,4,28,2,4
1,<environment.Job instance at 0x153084f9d5f0>,5,1,[ 1 10],7,7,8,0,7
1,<environment.Job instance at 0x153084f9d730>,2,2,[ 2 11],4,4,6,0,4
1,<environment.Job instance at 0x153084f9d690>,1,26,[2 6],3,7,33,4,7
1,<environment.Job instance at 0x153099b49be0>,4,1,[2 7],6,20,21,14,20
1,<environment.Job instance at 0x153099b49b90>,5,23,[2 7],7,81,104,74,81
1,<environment.Job instance at 0x153084bf0960>,0,1,[10  2],2,2,3,0,2
1,<environment.Job instance at 0x1530846a9fa0>,3,15,[8 1],7,15,30,8,15
1,<environment.Job instance at 0x1530961415a0>,0,1,[10  1],3,3,4,0,3
1,<environment.Job instance at 0x153096132e60>,3,2,[2 6],7,7,9,0,7
1,<environment.Job instance at 0x1530842f45a0>,4,3,[ 1 12],8,9,12,1,8
1,<environment.Job instance at 0x15308425cc80>,1,21,[1 9],3,8,29,5,8
1,<environment.Job instance at 0x1530847dfb40>,0,2,[13  2],1,3,5,2,3
1,<environment.Job instance at 0x153084673550>,5,1,[ 2 11],9,14,15,5,14
1,<environment.Job instance at 0x153084981140>,1,1,[1 6],3,3,4,0,3
1,<environment.Job instance at 0x153097acba50>,1,1,[ 2 10],3,3,4,0,3
1,<environment.Job instance at 0x153084fe4aa0>,3,1,[11  2],4,5,6,1,5
1,<environment.Job instance at 0x153084e27dc0>,5,2,[2 9],6,6,8,0,6
1,<environment.Job instance at 0x153084e27d20>,7,18,[1 6],9,9,27,0,9
1,<environment.Job instance at 0x1530848c2aa0>,0,1,[2 7],1,1,2,0,1
1,<environment.Job instance at 0x1530848c2960>,2,1,[7 1],3,3,4,0,3
1,<environment.Job instance at 0x1530848c20a0>,5,1,[2 7],7,7,8,0,7
1,<environment.Job instance at 0x1530845b2640>,4,1,[ 1 11],8,8,9,0,8
1,<environment.Job instance at 0x153084fb83c0>,2,1,[2 6],3,3,4,0,3
1,<environment.Job instance at 0x153084b43a50>,4,1,[2 5],5,5,6,0,5
1,<environment.Job instance at 0x153084b43fa0>,6,2,[10  1],8,8,10,0,8
1,<environment.Job instance at 0x153084c25be0>,0,1,[ 2 10],1,1,2,0,1
1,<environment.Job instance at 0x15309854db90>,2,2,[7 1],4,5,7,1,5
1,<environment.Job instance at 0x153095eaa1e0>,4,3,[6 1],6,8,11,2,8
1,<environment.Job instance at 0x153095eaa0a0>,6,1,[ 1 11],8,8,9,0,8
1,<environment.Job instance at 0x153084c29870>,3,1,[ 2 12],4,5,6,1,5
1,<environment.Job instance at 0x1530979b7820>,5,13,[6 1],6,6,19,0,6
1,<environment.Job instance at 0x153084c29780>,4,2,[ 1 10],5,37,39,32,37
1,<environment.Job instance at 0x15309854df00>,4,1,[ 2 10],9,9,10,0,9
1,<environment.Job instance at 0x1530848b9370>,6,3,[2 9],9,9,12,0,9
1,<environment.Job instance at 0x15308498b230>,2,2,[8 2],4,4,6,0,4
1,<environment.Job instance at 0x153097b1d3c0>,1,1,[5 2],3,3,4,0,3
1,<environment.Job instance at 0x1530978fcc30>,5,1,[10  2],8,8,9,0,8
1,<environment.Job instance at 0x15309ebf6870>,6,27,[6 1],9,9,36,0,9
1,<environment.Job instance at 0x153084b14be0>,3,1,[ 2 10],4,4,5,0,4
1,<environment.Job instance at 0x153084b14d20>,5,1,[7 2],6,6,7,0,6
1,<environment.Job instance at 0x15309407a320>,0,1,[2 5],2,2,3,0,2
1,<environment.Job instance at 0x15308468d640>,1,1,[5 1],5,5,6,0,5
1,<environment.Job instance at 0x153097a4ac80>,1,3,[5 1],2,3,6,1,3
1,<environment.Job instance at 0x153097a4a730>,5,3,[ 2 13],7,15,18,8,15
1,<environment.Job instance at 0x15309cc68aa0>,6,16,[7 2],8,15,31,7,15
1,<environment.Job instance at 0x153097a4a3c0>,7,19,[2 8],9,18,37,9,15
1,<environment.Job instance at 0x153097a4adc0>,3,16,[ 2 12],4,363,379,359,363
1,<environment.Job instance at 0x153097a4a6e0>,2,28,[11  1],3,368,396,365,368
1,<environment.Job instance at 0x153097a4a5a0>,4,20,[2 7],5,529,549,524,529
1,<environment.Job instance at 0x153097b1a9b0>,1,23,[7 1],2,2,25,0,2
1,<environment.Job instance at 0x1530848a2500>,1,1,[5 1],2,2,3,0,2
1,<environment.Job instance at 0x15308473d870>,1,1,[14  1],4,4,5,0,4
1,<environment.Job instance at 0x1530849caf50>,4,22,[1 7],6,13,35,7,13
1,<environment.Job instance at 0x15309d614c30>,5,2,[1 7],7,22,24,15,22
1,<environment.Job instance at 0x15309d614d70>,6,14,[11  1],8,25,39,17,25
1,<environment.Job instance at 0x15309d614e10>,7,3,[2 8],9,35,38,26,33
1,<environment.Job instance at 0x153097bac910>,5,3,[11  1],9,34,37,25,34
1,<environment.Job instance at 0x1530979f4c80>,2,3,[13  1],4,641,644,637,641
1,<environment.Job instance at 0x15309d646690>,3,3,[6 1],7,662,665,655,662
1,<environment.Job instance at 0x1530979f4be0>,1,1,[ 2 12],2,2,3,0,2
1,<environment.Job instance at 0x153097bac780>,2,26,[1 6],3,3,29,0,3
1,<environment.Job instance at 0x1530984e0af0>,5,25,[7 1],6,6,31,0,6
1,<environment.Job instance at 0x1530984e0eb0>,1,1,[1 6],6,6,7,0,6
1,<environment.Job instance at 0x1530849e6f50>,1,22,[5 2],2,2,24,0,2
1,<environment.Job instance at 0x1530849e6c80>,3,2,[2 9],5,7,9,2,7
1,<environment.Job instance at 0x153084d16280>,5,1,[2 7],7,1335,1336,1328,1335
1,<environment.Job instance at 0x1530849e6780>,0,23,[13  1],1,2162,2185,2161,2162
1,<environment.Job instance at 0x1530849e6370>,2,22,[13  2],4,2185,2207,2181,2179
1,<environment.Job instance at 0x15309db11e60>,6,2,[ 2 10],9,9,11,0,9
1,<environment.Job instance at 0x15308495aa00>,0,3,[ 1 12],3,6,9,3,6
1,<environment.Job instance at 0x153084bbf870>,2,24,[5 2],6,6,30,0,6
1,<environment.Job instance at 0x1530846b30f0>,5,2,[8 1],9,58,60,49,58
1,<environment.Job instance at 0x153084aa7be0>,1,1,[5 1],3,3,4,0,3
1,<environment.Job instance at 0x1530847786e0>,3,2,[ 2 13],7,9,11,2,9
1,<environment.Job instance at 0x153096c48fa0>,1,1,[2 8],3,3,4,0,3
1,<environment.Job instance at 0x153095c6d370>,2,1,[6 2],4,4,5,0,4
1,<environment.Job instance at 0x153095c6d3c0>,4,23,[10  2],6,6,29,0,6
1,<environment.Job instance at 0x1530963e90a0>,1,1,[8 2],3,3,4,0,3
1,<environment.Job instance at 0x153084eb4140>,0,1,[1 7],1,1,2,0,1
1,<environment.Job instance at 0x15308446f730>,2,1,[8 2],3,3,4,0,3
1,<environment.Job instance at 0x15308446f6e0>,4,25,[8 1],5,5,30,0,5
1,<environment.Job instance at 0x153084fb7c80>,0,1,[1 9],2,2,3,0,2
1,<environment.Job instance at 0x153084fb7a00>,3,3,[13  1],6,8,11,2,8
1,<environment.Job instance at 0x153084fb7460>,6,2,[6 2],9,11,13,2,9
1,<environment.Job instance at 0x153084fb7f00>,5,28,[10  2],8,13,41,5,12
1,<environment.Job instance at 0x15309790ca00>,4,2,[7 1],8,8,10,0,8
1,<environment.Job instance at 0x153097ac3640>,2,1,[7 2],8,8,9,0,8
1,<environment.Job instance at 0x15309d595eb0>,0,1,[7 2],1,1,2,0,1
1,<environment.Job instance at 0x15309d595f00>,1,1,[10  2],2,2,3,0,2
1,<environment.Job instance at 0x1530961c5b40>,4,22,[7 2],6,6,28,0,6
1,<environment.Job instance at 0x153097ae7500>,6,3,[7 1],9,46,49,37,46
1,<environment.Job instance at 0x153097ae7690>,5,1,[2 6],8,49,50,41,49
1,<environment.Job instance at 0x153097b6caa0>,1,1,[2 8],6,6,7,0,6
1,<environment.Job instance at 0x153084b75230>,0,1,[2 7],2,2,3,0,2
1,<environment.Job instance at 0x153097b6cf50>,1,1,[6 1],4,4,5,0,4
1,<environment.Job instance at 0x153084b75870>,5,1,[5 1],9,42,43,33,42
1,<environment.Job instance at 0x15309ccf3820>,4,15,[ 1 14],6,18,33,12,18
1,<environment.Job instance at 0x153097c15d20>,5,3,[1 5],7,33,36,26,18
1,<environment.Job instance at 0x153097c15d70>,6,1,[5 2],8,33,34,25,18
1,<environment.Job instance at 0x153097c15e10>,7,16,[10  2],9,34,50,25,22
1,<environment.Job instance at 0x15309ccf3e10>,1,3,[12  2],3,53,56,50,53
1,<environment.Job instance at 0x153084b751e0>,2,1,[1 5],4,55,56,51,55
1,<environment.Job instance at 0x1530984ece10>,6,28,[7 2],8,8,36,0,8
1,<environment.Job instance at 0x1530984ecc80>,2,25,[9 2],3,3,28,0,3
1,<environment.Job instance at 0x15309cf73aa0>,3,1,[ 1 13],5,5,6,0,5
1,<environment.Job instance at 0x15309cf738c0>,4,1,[6 1],6,6,7,0,6
1,<environment.Job instance at 0x15309d654b90>,5,2,[6 2],8,1024,1026,1016,1024
1,<environment.Job instance at 0x1530984949b0>,3,1,[8 2],7,7,8,0,7
1,<environment.Job instance at 0x153098494140>,4,2,[1 6],8,8,10,0,8
1,<environment.Job instance at 0x15309791c910>,0,1,[9 1],4,4,5,0,4
1,<environment.Job instance at 0x1530984942d0>,1,1,[14  1],5,5,6,0,5
1,<environment.Job instance at 0x153095ebb370>,2,2,[11  1],3,3,5,0,3
1,<environment.Job instance at 0x153095ebb5a0>,3,2,[1 5],4,4,6,0,4
1,<environment.Job instance at 0x153095ebb730>,4,12,[6 1],5,5,17,0,5
1,<environment.Job instance at 0x1530847ecbe0>,3,2,[ 1 13],4,14,16,10,14
1,<environment.Job instance at 0x15308456c280>,6,2,[ 2 12],8,16,18,8,14
1,<environment.Job instance at 0x153095ebbe10>,4,1,[1 6],5,58,59,53,58
1,<environment.Job instance at 0x15308456cdc0>,5,1,[13  2],7,100,101,93,100
1,<environment.Job instance at 0x15309d675280>,0,1,[2 8],1,1,2,0,1
1,<environment.Job instance at 0x15309d675e10>,6,3,[9 2],8,63,66,55,63
1,<environment.Job instance at 0x15309ccf3aa0>,0,1,[2 9],1,1,2,0,1
1,<environment.Job instance at 0x15309cc095a0>,0,1,[1 9],1,1,2,0,1
1,<environment.Job instance at 0x1530843ea280>,3,20,[10  1],7,7,27,0,7
1,<environment.Job instance at 0x15309d5c74b0>,0,1,[7 2],1,1,2,0,1
1,<environment.Job instance at 0x153097ba75f0>,4,1,[9 1],8,8,9,0,8
1,<environment.Job instance at 0x15309e76ac30>,0,1,[ 2 13],2,2,3,0,2
1,<environment.Job instance at 0x15309e76aaf0>,4,1,[2 8],6,6,7,0,6
1,<environment.Job instance at 0x15308448fdc0>,0,1,[2 5],4,4,5,0,4
1,<environment.Job instance at 0x153084e91f50>,0,21,[1 5],2,2,23,0,2
1,<environment.Job instance at 0x153097b1d2d0>,2,20,[2 9],4,4,24,0,4
1,<environment.Job instance at 0x15308458a640>,0,1,[10  2],1,1,2,0,1
1,<environment.Job instance at 0x15308458a730>,1,1,[5 2],3,3,4,0,3
1,<environment.Job instance at 0x15308458ab40>,2,1,[2 6],4,4,5,0,4
1,<environment.Job instance at 0x153098579eb0>,4,2,[2 7],8,8,10,0,8
1,<environment.Job instance at 0x1530961429b0>,5,18,[5 1],7,8,26,1,8
1,<environment.Job instance at 0x153096142be0>,3,1,[1 7],5,48,49,43,48
1,<environment.Job instance at 0x1530988408c0>,2,2,[2 5],4,4,6,0,4
1,<environment.Job instance at 0x153098840e10>,3,3,[14  2],5,6,9,1,6
1,<environment.Job instance at 0x153098840d70>,5,3,[9 1],9,9,12,0,9
1,<environment.Job instance at 0x153098840410>,4,18,[10  2],6,71,89,65,71
1,<environment.Job instance at 0x153096c72c30>,7,1,[7 1],9,130,131,121,130
1,<environment.Job instance at 0x153096c72c30>,4,26,[10  2],7,7,33,0,7
1,<environment.Job instance at 0x153099b36a00>,0,1,[10  2],1,1,2,0,1
1,<environment.Job instance at 0x153097af5230>,3,2,[8 1],5,5,7,0,5
1,<environment.Job instance at 0x153097af5500>,6,26,[1 8],8,8,34,0,8
1,<environment.Job instance at 0x15308453d410>,1,1,[6 2],2,2,3,0,2
1,<environment.Job instance at 0x15308453d140>,3,1,[1 6],6,6,7,0,6
1,<environment.Job instance at 0x15308453d910>,4,3,[6 1],8,8,11,0,8
1,<environment.Job instance at 0x153099b44c30>,3,2,[1 9],4,4,6,0,4
1,<environment.Job instance at 0x153084e1d5a0>,4,1,[2 6],5,5,6,0,5
1,<environment.Job instance at 0x1530979af6e0>,6,22,[ 1 11],8,8,30,0,8
1,<environment.Job instance at 0x1530979afcd0>,5,20,[5 1],7,36,56,29,36
1,<environment.Job instance at 0x1530845568c0>,5,2,[12  1],7,42,44,35,42
1,<environment.Job instance at 0x153084556be0>,4,3,[13  2],6,49,52,43,49
1,<environment.Job instance at 0x1530979377d0>,4,1,[6 1],6,6,7,0,6
1,<environment.Job instance at 0x153097937730>,5,2,[ 1 14],7,7,9,0,7
1,<environment.Job instance at 0x1530844afaa0>,3,1,[1 7],4,4,5,0,4
1,<environment.Job instance at 0x1530844a1140>,6,1,[5 2],8,115,116,107,115
1,<environment.Job instance at 0x1530842193c0>,3,1,[8 1],6,6,7,0,6
1,<environment.Job instance at 0x1530846ccb40>,2,1,[ 1 11],7,376,377,369,376
1,<environment.Job instance at 0x1530846ccd70>,3,2,[10  1],8,453,455,445,453
1,<environment.Job instance at 0x153084631a00>,2,1,[2 9],4,4,5,0,4
1,<environment.Job instance at 0x153096126230>,7,1,[1 9],9,93,94,84,93
1,<environment.Job instance at 0x153084d76460>,0,1,[ 1 10],2,2,3,0,2
1,<environment.Job instance at 0x1530985567d0>,3,1,[5 1],5,5,6,0,5
1,<environment.Job instance at 0x1530985560f0>,4,20,[9 1],7,7,27,0,7
1,<environment.Job instance at 0x15309cf3c050>,1,2,[14  1],4,5,7,1,5
1,<environment.Job instance at 0x15309cf3c910>,2,24,[9 1],5,7,31,2,5
1,<environment.Job instance at 0x15309d5ea140>,5,1,[ 2 14],7,9,10,2,9
1,<environment.Job instance at 0x15309d5eafa0>,6,22,[7 1],8,9,31,1,9
1,<environment.Job instance at 0x15309d5eae60>,7,1,[2 9],9,47,48,38,47
1,<environment.Job instance at 0x1530979f2f50>,0,1,[ 1 10],1,1,2,0,1
1,<environment.Job instance at 0x15308453c820>,4,3,[8 1],6,6,9,0,6
1,<environment.Job instance at 0x15309d63ce10>,5,2,[6 1],7,7,9,0,7
1,<environment.Job instance at 0x15309d63cf00>,6,1,[5 1],8,9,10,1,8
1,<environment.Job instance at 0x15308453c8c0>,2,2,[2 7],4,651,653,647,651
1,<environment.Job instance at 0x15308453c280>,3,18,[7 1],5,1563,1581,1558,1563
1,<environment.Job instance at 0x15309ebf2320>,4,2,[6 1],7,7,9,0,7
1,<environment.Job instance at 0x15309ebf22d0>,5,1,[5 1],9,9,10,0,9
1,<environment.Job instance at 0x153084b5ccd0>,4,3,[2 5],6,539,542,533,539
1,<environment.Job instance at 0x15309cf50a00>,5,3,[6 1],7,700,703,693,700
1,<environment.Job instance at 0x15309cf50820>,6,2,[9 2],9,701,703,692,701
1,<environment.Job instance at 0x1530979c2500>,4,1,[10  1],5,6,7,1,6
1,<environment.Job instance at 0x15309cf50820>,3,12,[9 1],4,9,21,5,9
1,<environment.Job instance at 0x1530979c2280>,6,24,[ 2 10],9,25,49,16,25
1,<environment.Job instance at 0x1530979c2230>,5,13,[ 2 12],6,1350,1363,1344,1350
1,<environment.Job instance at 0x153084f7c6e0>,3,28,[8 1],4,4,32,0,4
1,<environment.Job instance at 0x153084f7c050>,2,1,[1 9],3,3,4,0,3
1,<environment.Job instance at 0x153084f7ca50>,3,1,[6 2],4,4,5,0,4
1,<environment.Job instance at 0x15308428a1e0>,0,1,[ 1 12],6,6,7,0,6
1,<environment.Job instance at 0x153084962280>,1,1,[12  2],2,4,5,2,4
1,<environment.Job instance at 0x153084962640>,5,23,[6 2],8,8,31,0,8
1,<environment.Job instance at 0x1530849629b0>,3,22,[2 7],5,8,30,3,8
1,<environment.Job instance at 0x153098897690>,2,3,[2 7],5,7,10,2,7
1,<environment.Job instance at 0x1530978a7280>,1,1,[14  2],4,10,11,6,7
1,<environment.Job instance at 0x1530847ed5f0>,6,17,[7 2],9,11,28,2,9
1,<environment.Job instance at 0x153098897c30>,4,13,[10  2],7,39,52,32,39
1,<environment.Job instance at 0x1530940b2140>,5,2,[1 6],9,11,13,2,11
1,<environment.Job instance at 0x153097b87c80>,5,1,[1 8],6,6,7,0,6
1,<environment.Job instance at 0x15308499da00>,4,1,[5 2],6,6,7,0,6
1,<environment.Job instance at 0x153084f71cd0>,3,2,[ 1 11],4,137,139,133,137
1,<environment.Job instance at 0x153084f71b40>,4,1,[ 2 10],5,309,310,304,309
1,<environment.Job instance at 0x153084f5c140>,5,1,[ 1 10],8,323,324,315,323
1,<environment.Job instance at 0x1530843d0320>,1,3,[ 1 13],2,5,8,3,5
1,<environment.Job instance at 0x153084f45140>,2,1,[ 2 10],5,5,6,0,5
1,<environment.Job instance at 0x15308458c5a0>,0,24,[7 1],1,1,25,0,1
1,<environment.Job instance at 0x153084a81960>,5,2,[7 1],8,8,10,0,8
1,<environment.Job instance at 0x153084b600f0>,3,1,[2 5],4,4,5,0,4
1,<environment.Job instance at 0x15309d703820>,0,1,[1 5],4,4,5,0,4
1,<environment.Job instance at 0x1530849fee60>,2,3,[ 1 13],3,4,7,1,4
1,<environment.Job instance at 0x153084f637d0>,5,12,[ 2 10],8,8,20,0,8
1,<environment.Job instance at 0x1530842826e0>,6,3,[ 1 14],9,20,23,11,10
1,<environment.Job instance at 0x1530960e5820>,4,1,[ 1 10],7,23,24,16,16
1,<environment.Job instance at 0x153084f63a50>,3,27,[6 2],4,27,54,23,27
1,<environment.Job instance at 0x1530842da3c0>,2,27,[1 8],5,6,33,1,6
1,<environment.Job instance at 0x1530847d8050>,5,1,[ 1 10],9,9,10,0,9
1,<environment.Job instance at 0x1530847d8910>,2,1,[ 2 11],3,5,6,2,5
1,<environment.Job instance at 0x153084dd7eb0>,7,1,[2 6],9,2860,2861,2851,2860
1,<environment.Job instance at 0x153084dc9230>,4,20,[5 1],6,7,27,1,7
1,<environment.Job instance at 0x153084dc9f00>,7,14,[5 2],9,37,51,28,37
1,<environment.Job instance at 0x1530961717d0>,6,1,[1 6],8,8,9,0,8
1,<environment.Job instance at 0x15308489b370>,5,26,[1 5],6,8,34,2,8
1,<environment.Job instance at 0x15308458ccd0>,5,3,[13  1],9,475,478,466,475
1,<environment.Job instance at 0x15308458ccd0>,3,2,[1 8],5,5,7,0,5
1,<environment.Job instance at 0x153094080d20>,5,1,[1 8],7,7,8,0,7
1,<environment.Job instance at 0x1530847b1640>,3,1,[2 7],7,7,8,0,7
1,<environment.Job instance at 0x153084c07050>,4,1,[1 6],9,9,10,0,9
1,<environment.Job instance at 0x15308452f5f0>,7,2,[5 2],9,10,12,1,10
1,<environment.Job instance at 0x15308452f5a0>,4,1,[ 1 12],6,33,34,27,33
1,<environment.Job instance at 0x153084456960>,0,1,[6 2],1,1,2,0,1
1,<environment.Job instance at 0x1530847b1960>,3,1,[9 1],4,5,6,1,5
1,<environment.Job instance at 0x15309886e960>,5,25,[5 1],7,7,32,0,7
1,<environment.Job instance at 0x1530844564b0>,4,21,[ 1 14],5,550,571,545,550
1,<environment.Job instance at 0x153097907320>,2,19,[1 5],6,7,26,1,7
1,<environment.Job instance at 0x153084fdd730>,1,24,[2 9],3,8,32,5,8
1,<environment.Job instance at 0x153084c53640>,4,3,[2 8],9,32,35,23,9
1,<environment.Job instance at 0x153084b9e550>,2,3,[6 1],4,19,22,15,19
1,<environment.Job instance at 0x153084fdd7d0>,3,22,[2 8],6,68,90,62,68
1,<environment.Job instance at 0x153084a72a50>,2,2,[2 5],4,4,6,0,4
1,<environment.Job instance at 0x1530961611e0>,1,23,[1 7],2,3,26,1,3
1,<environment.Job instance at 0x1530988be460>,4,1,[7 1],5,5,6,0,5
1,<environment.Job instance at 0x1530842da5f0>,1,1,[7 1],3,3,4,0,3
1,<environment.Job instance at 0x1530842daa50>,2,1,[ 2 13],4,4,5,0,4
1,<environment.Job instance at 0x1530842da730>,3,1,[1 5],6,6,7,0,6
1,<environment.Job instance at 0x1530842da280>,5,2,[1 5],8,8,10,0,8
1,<environment.Job instance at 0x1530843dd500>,1,3,[ 2 12],2,6,9,4,6
1,<environment.Job instance at 0x1530843ddf00>,5,1,[1 8],9,9,10,0,9
1,<environment.Job instance at 0x1530843ddfa0>,4,14,[8 2],6,22,36,16,22
1,<environment.Job instance at 0x1530843dd460>,3,2,[11  1],5,1793,1795,1788,1793
1,<environment.Job instance at 0x1530847154b0>,3,2,[ 1 13],5,7,9,2,7
1,<environment.Job instance at 0x153098480d70>,5,3,[9 2],8,8,11,0,8
1,<environment.Job instance at 0x153098480cd0>,6,16,[6 1],9,22,38,13,22
1,<environment.Job instance at 0x15309859c2d0>,4,1,[1 9],7,7,8,0,7
1,<environment.Job instance at 0x1530842dafa0>,1,1,[5 1],2,2,3,0,2
1,<environment.Job instance at 0x1530842dadc0>,6,2,[5 2],8,8,10,0,8
1,<environment.Job instance at 0x153084d5c2d0>,1,1,[8 1],2,2,3,0,2
1,<environment.Job instance at 0x15309842ff00>,2,1,[2 8],3,3,4,0,3
1,<environment.Job instance at 0x153084d5c1e0>,3,1,[7 2],4,4,5,0,4
1,<environment.Job instance at 0x15309842fd20>,4,1,[2 7],5,5,6,0,5
1,<environment.Job instance at 0x15309d6a1960>,4,28,[ 2 10],5,5,33,0,5
1,<environment.Job instance at 0x15309d6a1fa0>,6,3,[ 2 14],7,33,36,26,8
1,<environment.Job instance at 0x153099b3f7d0>,7,22,[5 2],8,36,58,28,29
1,<environment.Job instance at 0x1530961de690>,0,1,[8 2],1,1,2,0,1
1,<environment.Job instance at 0x1530985c2140>,2,2,[ 1 12],7,2311,2313,2304,2311
1,<environment.Job instance at 0x153084977410>,1,3,[ 1 13],5,1227,1230,1222,1227
1,<environment.Job instance at 0x153084c76b90>,4,2,[9 1],5,16,18,11,16
1,<environment.Job instance at 0x153084c76500>,5,14,[5 2],8,16,30,8,16
1,<environment.Job instance at 0x153084c76c80>,6,2,[1 5],9,17,19,8,17
1,<environment.Job instance at 0x153084c76eb0>,1,3,[1 5],2,656,659,654,656
1,<environment.Job instance at 0x15309d6d3410>,6,3,[2 9],7,23,26,16,23
1,<environment.Job instance at 0x15309d6d3a00>,7,2,[ 2 13],9,26,28,17,24
1,<environment.Job instance at 0x15309850f550>,3,1,[1 6],4,4,5,0,4
1,<environment.Job instance at 0x15309850ff50>,4,1,[2 9],5,5,6,0,5
1,<environment.Job instance at 0x153084c831e0>,3,1,[ 1 10],4,4,5,0,4
1,<environment.Job instance at 0x153084d28690>,7,2,[2 5],8,9,11,1,9
1,<environment.Job instance at 0x153084c83eb0>,8,13,[1 5],9,340,353,331,340
1,<environment.Job instance at 0x15309611b230>,6,1,[2 5],9,805,806,796,805
1,<environment.Job instance at 0x153095eb1550>,0,1,[5 2],2,2,3,0,2
1,<environment.Job instance at 0x153096129af0>,2,2,[ 1 14],9,729,731,720,729
1,<environment.Job instance at 0x153084bd0a50>,1,23,[6 2],2,4,27,2,4
1,<environment.Job instance at 0x153084bd0050>,4,1,[5 1],5,5,6,0,5
1,<environment.Job instance at 0x153084bd0cd0>,1,26,[ 2 10],3,3,29,0,3
1,<environment.Job instance at 0x15309cc38280>,2,1,[10  1],4,4,5,0,4
1,<environment.Job instance at 0x153097a8f140>,3,1,[7 1],6,6,7,0,6
1,<environment.Job instance at 0x153097a8f870>,5,1,[ 1 10],9,29,30,20,9
1,<environment.Job instance at 0x15309d608c80>,0,1,[1 6],2,2,3,0,2
1,<environment.Job instance at 0x1530849624b0>,1,1,[2 7],2,2,3,0,2
1,<environment.Job instance at 0x15308453d320>,5,2,[14  2],6,10,12,4,10
1,<environment.Job instance at 0x153096422870>,6,2,[ 2 12],7,10,12,3,10
1,<environment.Job instance at 0x1530964226e0>,8,3,[7 1],9,37,40,28,37
1,<environment.Job instance at 0x1530961de280>,1,23,[8 1],2,2,25,0,2
1,<environment.Job instance at 0x153084206d20>,6,13,[9 1],8,25,38,17,20
1,<environment.Job instance at 0x153084d790f0>,1,1,[1 8],2,2,3,0,2
1,<environment.Job instance at 0x153084962730>,3,1,[ 1 10],4,4,5,0,4
1,<environment.Job instance at 0x153084962370>,6,1,[12  2],8,1734,1735,1726,1734
1,<environment.Job instance at 0x1530844225f0>,7,1,[14  1],8,19,20,11,19
1,<environment.Job instance at 0x1530844220f0>,8,17,[6 1],9,21,38,12,21
1,<environment.Job instance at 0x153099b44af0>,2,2,[ 1 10],3,3,5,0,3
1,<environment.Job instance at 0x153084d60870>,4,1,[9 2],9,9,10,0,9
1,<environment.Job instance at 0x15309d5c99b0>,2,22,[10  1],4,40,62,36,40
1,<environment.Job instance at 0x15308444e410>,0,1,[5 1],3,3,4,0,3
1,<environment.Job instance at 0x15308444e6e0>,3,1,[ 1 10],7,7,8,0,7
1,<environment.Job instance at 0x1530844c05f0>,0,1,[6 2],1,1,2,0,1
1,<environment.Job instance at 0x15309612fd70>,6,1,[5 1],7,7,8,0,7
1,<environment.Job instance at 0x15309612f640>,7,1,[11  1],8,8,9,0,8
1,<environment.Job instance at 0x153097907f00>,8,22,[1 6],9,9,31,0,9
1,<environment.Job instance at 0x153097907140>,0,1,[1 6],2,2,3,0,2
1,<environment.Job instance at 0x15309d625c80>,3,1,[6 2],5,5,6,0,5
1,<environment.Job instance at 0x153084f6faa0>,2,2,[6 1],3,3,5,0,3
1,<environment.Job instance at 0x153084f6f730>,3,1,[6 2],4,4,5,0,4
1,<environment.Job instance at 0x153084f7f050>,0,1,[1 5],2,2,3,0,2
1,<environment.Job instance at 0x15309885b460>,1,2,[6 1],3,3,5,0,3
1,<environment.Job instance at 0x15309885b730>,2,1,[9 1],4,4,5,0,4
1,<environment.Job instance at 0x15308460d910>,3,26,[2 6],5,5,31,0,5
1,<environment.Job instance at 0x15308460d190>,5,1,[1 8],7,7,8,0,7
1,<environment.Job instance at 0x15308485f370>,0,2,[ 1 12],2,2,4,0,2
1,<environment.Job instance at 0x153094049960>,2,3,[ 2 14],5,7,10,2,7
1,<environment.Job instance at 0x1530979b8dc0>,3,13,[12  1],6,403,416,397,403
1,<environment.Job instance at 0x1530978c1f00>,5,20,[1 5],9,9,29,0,9
1,<environment.Job instance at 0x1530978b4690>,1,1,[2 5],6,6,7,0,6
1,<environment.Job instance at 0x1530987f5780>,1,2,[ 1 10],2,2,4,0,2
1,<environment.Job instance at 0x153084f9ae60>,1,1,[1 6],2,2,3,0,2
1,<environment.Job instance at 0x153084f9a4b0>,2,27,[1 7],3,3,30,0,3
1,<environment.Job instance at 0x15309857aa00>,5,1,[ 1 11],6,30,31,24,7
1,<environment.Job instance at 0x15309857a8c0>,7,2,[6 2],8,8,10,0,8
1,<environment.Job instance at 0x153084f9a550>,6,23,[11  2],7,30,53,23,30
1,<environment.Job instance at 0x15309857a1e0>,3,1,[ 1 10],5,5,6,0,5
1,<environment.Job instance at 0x15309d68e960>,3,2,[ 1 10],4,4,6,0,4
1,<environment.Job instance at 0x15309d68e9b0>,4,1,[1 9],5,6,7,1,5
1,<environment.Job instance at 0x1530961a9e60>,0,1,[9 1],1,1,2,0,1
1,<environment.Job instance at 0x1530848a8050>,6,2,[2 6],8,48,50,40,48
1,<environment.Job instance at 0x1530848a8e10>,5,12,[ 1 11],6,907,919,901,907
1,<environment.Job instance at 0x153084d3aa00>,0,1,[2 5],1,1,2,0,1
1,<environment.Job instance at 0x153084d3a960>,2,1,[1 8],5,5,6,0,5
1,<environment.Job instance at 0x153084d3a6e0>,4,28,[2 5],7,7,35,0,7
1,<environment.Job instance at 0x153098882410>,1,1,[ 1 11],2,4,5,2,4
1,<environment.Job instance at 0x153098863230>,0,2,[ 1 12],1,5,7,4,4
1,<environment.Job instance at 0x153098863140>,2,13,[11  2],4,5,18,1,5
1,<environment.Job instance at 0x153096c40370>,7,1,[ 1 12],9,28,29,19,28
1,<environment.Job instance at 0x153096c40460>,1,2,[1 8],3,3,5,0,3
1,<environment.Job instance at 0x153096c40c30>,3,2,[7 1],6,6,8,0,6
1,<environment.Job instance at 0x153084d48410>,6,2,[ 1 14],7,24,26,17,24
1,<environment.Job instance at 0x153084d48e10>,7,2,[5 1],8,40,42,32,40
1,<environment.Job instance at 0x1530844f2280>,2,25,[2 8],3,3,28,0,3
1,<environment.Job instance at 0x15309cce53c0>,1,2,[1 9],4,6,8,2,6
1,<environment.Job instance at 0x1530849469b0>,3,1,[6 1],7,1654,1655,1647,1654
1,<environment.Job instance at 0x15309cce56e0>,2,18,[6 1],5,2226,2244,2221,2226
1,<environment.Job instance at 0x153084596910>,0,2,[ 1 11],1,2,4,1,2
1,<environment.Job instance at 0x1530960e7050>,0,1,[6 1],1,1,2,0,1
1,<environment.Job instance at 0x15308437b1e0>,1,1,[14  2],2,2,3,0,2
1,<environment.Job instance at 0x1530960e70f0>,2,1,[7 2],4,4,5,0,4
1,<environment.Job instance at 0x15308437b960>,4,1,[ 1 10],6,6,7,0,6
1,<environment.Job instance at 0x15309cc86140>,1,1,[ 1 13],3,3,4,0,3
1,<environment.Job instance at 0x15309cc868c0>,2,1,[6 2],4,4,5,0,4
1,<environment.Job instance at 0x15309cc860a0>,3,1,[5 2],5,5,6,0,5
1,<environment.Job instance at 0x15309cc869b0>,4,1,[ 2 10],6,6,7,0,6
1,<environment.Job instance at 0x15309cc86d70>,6,1,[7 1],9,9,10,0,9
1,<environment.Job instance at 0x15309cc86960>,1,1,[5 2],2,2,3,0,2
1,<environment.Job instance at 0x153084614c30>,7,1,[13  2],9,9,10,0,9
1,<environment.Job instance at 0x1530988a66e0>,3,1,[1 5],4,4,5,0,4
1,<environment.Job instance at 0x1530940e44b0>,3,27,[6 1],5,5,32,0,5
1,<environment.Job instance at 0x153096154500>,4,3,[ 1 14],7,8,11,1,8
1,<environment.Job instance at 0x1530961547d0>,5,22,[1 7],8,841,863,833,841
1,<environment.Job instance at 0x15309ccaec80>,1,1,[1 6],4,4,5,0,4
1,<environment.Job instance at 0x153084fb7460>,3,2,[ 1 14],9,2803,2805,2794,2803
1,<environment.Job instance at 0x1530843c96e0>,0,2,[12  1],1,4,6,3,4
1,<environment.Job instance at 0x1530843dec80>,4,1,[10  1],6,6,7,0,6
1,<environment.Job instance at 0x1530843dee10>,5,1,[2 5],7,7,8,0,7
1,<environment.Job instance at 0x1530843de370>,6,1,[ 1 10],8,8,9,0,8
1,<environment.Job instance at 0x1530843ded20>,7,1,[6 2],9,9,10,0,9
1,<environment.Job instance at 0x1530843c9640>,2,1,[ 2 13],4,18,19,14,18
1,<environment.Job instance at 0x153084ba5b40>,1,1,[7 2],4,4,5,0,4
1,<environment.Job instance at 0x15309cd26cd0>,1,22,[1 5],2,2,24,0,2
1,<environment.Job instance at 0x153084792af0>,5,27,[ 2 10],9,50,77,41,50
1,<environment.Job instance at 0x15309d5ce5f0>,3,1,[2 8],6,9,10,3,9
1,<environment.Job instance at 0x15308479c370>,2,1,[12  1],4,9,10,5,9
1,<environment.Job instance at 0x15309d5ce4b0>,4,22,[2 9],9,10,32,1,9
1,<environment.Job instance at 0x1530979f29b0>,5,17,[13  1],6,9,26,3,9
1,<environment.Job instance at 0x1530979f2e60>,6,23,[13  1],7,26,49,19,21
1,<environment.Job instance at 0x1530979f2370>,7,2,[6 2],9,49,51,40,22
1,<environment.Job instance at 0x1530979f2460>,3,2,[8 2],4,1003,1005,999,1003
1,<environment.Job instance at 0x15309e7a5aa0>,0,1,[1 9],2,2,3,0,2
1,<environment.Job instance at 0x15308439c050>,5,3,[10  2],9,66,69,57,66
1,<environment.Job instance at 0x153094055690>,0,1,[5 1],2,2,3,0,2
1,<environment.Job instance at 0x1530845720f0>,1,18,[6 2],3,5,23,2,5
1,<environment.Job instance at 0x1530940a6780>,4,18,[1 9],6,19,37,13,19
1,<environment.Job instance at 0x153084f8f690>,5,2,[12  1],7,19,21,12,19
1,<environment.Job instance at 0x153084f8fe10>,6,3,[7 1],8,21,24,13,19
1,<environment.Job instance at 0x153099b43640>,2,1,[2 7],5,5,6,0,5
1,<environment.Job instance at 0x153084570e60>,2,2,[8 2],3,3,5,0,3
1,<environment.Job instance at 0x15309efc4a00>,3,2,[7 1],5,5,7,0,5
1,<environment.Job instance at 0x153084a0a7d0>,5,1,[12  1],7,7,8,0,7
1,<environment.Job instance at 0x15308444e8c0>,4,3,[7 2],8,8,11,0,8
1,<environment.Job instance at 0x15309cbffa50>,4,1,[2 8],7,10,11,3,10
1,<environment.Job instance at 0x15309cbff190>,5,3,[8 1],8,48,51,40,48
1,<environment.Job instance at 0x15309cbff140>,6,2,[11  1],9,92,94,83,92
1,<environment.Job instance at 0x1530940c51e0>,2,3,[8 2],3,1624,1627,1621,1624
1,<environment.Job instance at 0x153097b7c780>,4,2,[7 1],7,12,14,5,12
1,<environment.Job instance at 0x153097b7ca50>,5,3,[1 5],8,16,19,8,16
1,<environment.Job instance at 0x15309618c3c0>,3,1,[8 2],4,574,575,570,574
1,<environment.Job instance at 0x1530940b2910>,2,3,[11  1],3,5,8,2,5
1,<environment.Job instance at 0x153084cd5870>,5,1,[2 7],6,6,7,0,6
1,<environment.Job instance at 0x153084cd5fa0>,6,2,[1 5],7,7,9,0,7
1,<environment.Job instance at 0x153084cd5e60>,7,2,[8 2],8,8,10,0,8
1,<environment.Job instance at 0x153084cd5c30>,8,15,[14  2],9,10,25,1,9
1,<environment.Job instance at 0x153084cd50a0>,3,25,[1 8],4,91,116,87,91
1,<environment.Job instance at 0x15308482a500>,3,3,[1 7],6,41,44,35,41
1,<environment.Job instance at 0x15308482a280>,4,12,[6 2],7,124,136,117,124
1,<environment.Job instance at 0x153095c5e0a0>,2,20,[1 7],5,5,25,0,5
1,<environment.Job instance at 0x1530849c7050>,0,1,[ 1 10],1,1,2,0,1
1,<environment.Job instance at 0x15309b9af320>,5,28,[9 2],8,8,36,0,8
1,<environment.Job instance at 0x1530979907d0>,4,18,[2 5],9,9,27,0,9
1,<environment.Job instance at 0x153097bc64b0>,1,1,[1 8],3,3,4,0,3
1,<environment.Job instance at 0x153084359690>,6,26,[ 2 10],9,13,39,4,13
1,<environment.Job instance at 0x15309b9b3870>,0,1,[ 1 10],4,4,5,0,4
1,<environment.Job instance at 0x153097bb0640>,2,1,[ 1 11],7,8,9,1,8
1,<environment.Job instance at 0x15309b9b3870>,1,2,[ 1 11],5,9,11,4,8
1,<environment.Job instance at 0x153084ee07d0>,3,15,[13  1],8,8,23,0,8
1,<environment.Job instance at 0x153084ec0f00>,2,2,[2 8],5,5,7,0,5
1,<environment.Job instance at 0x153084ec0190>,1,25,[1 6],2,4,29,2,4
1,<environment.Job instance at 0x1530978ec1e0>,5,3,[1 9],9,9,12,0,9
1,<environment.Job instance at 0x153096411b90>,5,2,[1 9],9,9,11,0,9
1,<environment.Job instance at 0x153097907be0>,1,1,[5 2],3,3,4,0,3
1,<environment.Job instance at 0x15309ebb75f0>,4,1,[6 2],7,7,8,0,7
1,<environment.Job instance at 0x15309ebb7c80>,6,1,[ 2 10],9,9,10,0,9
1,<environment.Job instance at 0x1530846db7d0>,5,1,[ 1 14],7,7,8,0,7
1,<environment.Job instance at 0x15309cc3b8c0>,0,23,[ 1 12],1,3,26,2,3
1,<environment.Job instance at 0x153084955730>,5,1,[2 6],9,9,10,0,9
1,<environment.Job instance at 0x15309db11e10>,0,1,[1 9],1,1,2,0,1
1,<environment.Job instance at 0x1530844debe0>,0,1,[ 2 11],2,2,3,0,2
1,<environment.Job instance at 0x1530844deb90>,1,1,[14  2],3,4,5,1,4
1,<environment.Job instance at 0x153084b2bb90>,0,1,[5 1],1,1,2,0,1
1,<environment.Job instance at 0x153084b2bc30>,3,21,[1 5],4,4,25,0,4
1,<environment.Job instance at 0x1530985c3820>,4,2,[1 5],7,7,9,0,7
1,<environment.Job instance at 0x1530985c3460>,5,2,[2 9],8,8,10,0,8
1,<environment.Job instance at 0x153096154f50>,1,2,[ 1 11],2,3,5,1,3
1,<environment.Job instance at 0x15309884f550>,4,1,[6 1],5,5,6,0,5
1,<environment.Job instance at 0x153084ca0050>,6,18,[5 2],8,157,175,149,157
1,<environment.Job instance at 0x153084ca02d0>,7,3,[ 2 11],9,780,783,771,780
1,<environment.Job instance at 0x1530988255f0>,2,26,[6 1],6,6,32,0,6
1,<environment.Job instance at 0x153084680050>,0,1,[6 1],1,1,2,0,1
1,<environment.Job instance at 0x153098825780>,2,1,[10  2],3,3,4,0,3
1,<environment.Job instance at 0x153084f64870>,2,2,[ 2 11],7,9,11,2,9
1,<environment.Job instance at 0x153098853e60>,0,1,[2 5],1,1,2,0,1
1,<environment.Job instance at 0x1530988532d0>,5,25,[10  2],8,12,37,4,12
1,<environment.Job instance at 0x15309d5a7910>,1,26,[ 1 11],3,5,31,2,5
1,<environment.Job instance at 0x1530988dff50>,3,3,[13  1],5,11,14,6,11
1,<environment.Job instance at 0x1530988dfaf0>,5,2,[14  2],8,54,56,46,54
1,<environment.Job instance at 0x15308460d370>,0,1,[9 2],1,1,2,0,1
1,<environment.Job instance at 0x15309cf4c9b0>,7,3,[1 7],9,9,12,0,9
1,<environment.Job instance at 0x15309857c640>,3,1,[9 1],8,8,9,0,8
1,<environment.Job instance at 0x15309857c550>,1,1,[5 1],2,2,3,0,2
1,<environment.Job instance at 0x153098586190>,5,1,[ 1 14],6,6,7,0,6
1,<environment.Job instance at 0x153084504550>,4,2,[7 2],8,8,10,0,8
1,<environment.Job instance at 0x153084511f00>,4,1,[8 1],6,6,7,0,6
1,<environment.Job instance at 0x15309f8c48c0>,6,15,[2 5],9,126,141,117,126
1,<environment.Job instance at 0x15309846c140>,0,2,[11  2],4,8,10,4,8
1,<environment.Job instance at 0x15309846c780>,3,20,[6 2],8,10,30,2,8
1,<environment.Job instance at 0x15309846c780>,3,2,[6 1],5,5,7,0,5
1,<environment.Job instance at 0x153084c85dc0>,2,1,[1 9],5,5,6,0,5
1,<environment.Job instance at 0x153084a0f0a0>,0,2,[ 2 13],6,9,11,3,9
1,<environment.Job instance at 0x15309407ff50>,2,2,[5 2],8,9,11,1,9
1,<environment.Job instance at 0x15309407f640>,1,2,[2 6],7,12,14,5,12
1,<environment.Job instance at 0x15309407fe60>,3,17,[5 2],9,59,76,50,59
1,<environment.Job instance at 0x1530978c43c0>,0,1,[ 1 13],1,1,2,0,1
1,<environment.Job instance at 0x1530978c48c0>,1,1,[6 1],3,3,4,0,3
1,<environment.Job instance at 0x1530978c4280>,4,28,[10  2],8,22,50,14,22
1,<environment.Job instance at 0x1530978c4280>,2,28,[1 9],4,6,34,2,6
1,<environment.Job instance at 0x15309ec108c0>,7,27,[1 5],9,9,36,0,9
1,<environment.Job instance at 0x15309f704a50>,3,2,[ 2 12],5,8,10,3,8
1,<environment.Job instance at 0x1530849dfcd0>,5,3,[12  1],7,8,11,1,8
1,<environment.Job instance at 0x1530849dfaf0>,6,13,[1 9],8,230,243,222,230
1,<environment.Job instance at 0x1530846b7190>,0,1,[1 6],1,1,2,0,1
1,<environment.Job instance at 0x1530846b7cd0>,2,1,[1 9],3,3,4,0,3
1,<environment.Job instance at 0x1530979b8320>,1,1,[ 2 14],5,5,6,0,5
1,<environment.Job instance at 0x153084e751e0>,0,1,[ 1 12],2,2,3,0,2
1,<environment.Job instance at 0x153084e75e10>,3,1,[ 2 10],6,6,7,0,6
1,<environment.Job instance at 0x153084e75e60>,5,1,[ 2 13],8,9,10,1,9
1,<environment.Job instance at 0x153084873fa0>,0,1,[ 2 13],3,3,4,0,3
1,<environment.Job instance at 0x15308494fcd0>,4,1,[10  1],8,8,9,0,8
1,<environment.Job instance at 0x15308494fc30>,5,1,[2 9],9,9,10,0,9
1,<environment.Job instance at 0x1530844e70a0>,3,1,[1 9],5,5,6,0,5
1,<environment.Job instance at 0x153084c535f0>,1,1,[1 6],4,4,5,0,4
1,<environment.Job instance at 0x153099b2f7d0>,3,1,[ 2 13],6,6,7,0,6
1,<environment.Job instance at 0x153084dbe1e0>,4,1,[1 7],8,8,9,0,8
1,<environment.Job instance at 0x15309794a500>,2,1,[7 2],3,3,4,0,3
1,<environment.Job instance at 0x153097951c30>,2,28,[9 1],4,4,32,0,4
1,<environment.Job instance at 0x1530846fa5f0>,3,1,[ 1 12],5,5,6,0,5
1,<environment.Job instance at 0x153084cbc550>,3,1,[6 2],7,7,8,0,7
1,<environment.Job instance at 0x153084cbcb40>,4,1,[7 1],8,8,9,0,8
1,<environment.Job instance at 0x1530846ef9b0>,0,1,[ 2 12],1,3,4,2,3
1,<environment.Job instance at 0x153097a52780>,1,2,[ 2 13],2,4,6,2,4
1,<environment.Job instance at 0x15308448de60>,3,1,[5 2],5,5,6,0,5
1,<environment.Job instance at 0x153084c62460>,3,1,[5 2],5,5,6,0,5
1,<environment.Job instance at 0x153084c62f00>,4,2,[1 5],6,6,8,0,6
1,<environment.Job instance at 0x153084c62d20>,5,2,[ 2 10],7,7,9,0,7
1,<environment.Job instance at 0x153084865a00>,0,1,[6 2],2,2,3,0,2
1,<environment.Job instance at 0x15309842fa00>,0,1,[1 9],2,2,3,0,2
1,<environment.Job instance at 0x153084fc7eb0>,4,27,[1 5],7,7,34,0,7
1,<environment.Job instance at 0x153084b430a0>,5,1,[2 8],9,9,10,0,9
1,<environment.Job instance at 0x153084b43230>,1,21,[2 7],4,4,25,0,4
1,<environment.Job instance at 0x1530985bbf00>,2,1,[ 2 10],6,25,26,19,6
1,<environment.Job instance at 0x15309ccbefa0>,1,1,[9 1],4,4,5,0,4
1,<environment.Job instance at 0x15309d634460>,2,1,[8 1],6,7,8,1,7
1,<environment.Job instance at 0x153098510eb0>,2,3,[6 1],8,9,12,1,9
1,<environment.Job instance at 0x153084d50280>,2,20,[14  2],6,15,35,9,15
1,<environment.Job instance at 0x153084d501e0>,3,13,[ 1 10],8,43,56,35,43
1,<environment.Job instance at 0x153084d50c30>,4,12,[2 8],9,101,113,92,101
1,<environment.Job instance at 0x15308445e730>,0,1,[2 9],1,1,2,0,1
1,<environment.Job instance at 0x15309881af00>,0,1,[7 1],1,1,2,0,1
1,<environment.Job instance at 0x15308441a910>,1,1,[6 1],7,7,8,0,7
1,<environment.Job instance at 0x153084734af0>,1,2,[14  1],2,6,8,4,6
1,<environment.Job instance at 0x153097b96e10>,4,3,[1 9],6,6,9,0,6
1,<environment.Job instance at 0x153097b96280>,5,25,[8 2],7,8,33,1,7
1,<environment.Job instance at 0x153097b96b90>,2,17,[ 2 10],3,211,228,208,211
1,<environment.Job instance at 0x153097b96730>,3,27,[1 8],5,1462,1489,1457,1462
1,<environment.Job instance at 0x1530985b8d70>,4,1,[13  2],8,1724,1725,1716,1724
1,<environment.Job instance at 0x153084e05af0>,2,3,[7 1],4,4,7,0,4
1,<environment.Job instance at 0x15308470ce60>,1,1,[2 6],2,2,3,0,2
1,<environment.Job instance at 0x15308470c7d0>,3,2,[11  1],4,5,7,1,5
1,<environment.Job instance at 0x15308470c550>,5,2,[1 9],6,6,8,0,6
1,<environment.Job instance at 0x15308470c9b0>,7,1,[2 7],9,9,10,0,9
1,<environment.Job instance at 0x1530848f4230>,2,26,[6 2],4,9,35,5,9
1,<environment.Job instance at 0x15308461d5f0>,5,18,[10  1],9,683,701,674,683
1,<environment.Job instance at 0x15308461d460>,2,1,[7 1],6,6,7,0,6
1,<environment.Job instance at 0x15309cc8b6e0>,3,2,[13  1],4,7,9,3,7
1,<environment.Job instance at 0x153084f754b0>,5,3,[6 2],8,9,12,1,8
1,<environment.Job instance at 0x1530978d3f00>,1,18,[5 2],2,2,20,0,2
1,<environment.Job instance at 0x15309f66caa0>,7,1,[2 6],8,10,11,2,10
1,<environment.Job instance at 0x153084f0c190>,8,2,[ 2 10],9,16,18,7,16
1,<environment.Job instance at 0x153084f0c460>,6,1,[2 9],7,38,39,31,38
1,<environment.Job instance at 0x1530978d36e0>,3,12,[ 1 11],4,1398,1410,1394,1398
1,<environment.Job instance at 0x15309f66ccd0>,4,16,[2 5],5,1884,1900,1879,1884
1,<environment.Job instance at 0x15308428da00>,5,1,[ 1 13],9,447,448,438,447
1,<environment.Job instance at 0x1530978dc410>,2,1,[9 2],3,8,9,5,8
1,<environment.Job instance at 0x153084450aa0>,4,1,[ 2 10],8,8,9,0,8
1,<environment.Job instance at 0x15308428da00>,5,1,[1 5],9,9,10,0,9
1,<environment.Job instance at 0x1530979dbd20>,3,1,[2 9],5,5,6,0,5
1,<environment.Job instance at 0x1530979db0a0>,2,25,[2 9],3,4,29,1,4
1,<environment.Job instance at 0x153084c072d0>,3,3,[1 5],4,6,9,2,6
1,<environment.Job instance at 0x15309d6258c0>,4,25,[2 9],6,48,73,42,48
1,<environment.Job instance at 0x153095ec3050>,1,1,[ 2 10],3,3,4,0,3
1,<environment.Job instance at 0x153084f67a50>,1,1,[ 2 10],2,2,3,0,2
1,<environment.Job instance at 0x153084ca01e0>,4,1,[ 2 10],8,8,9,0,8
1,<environment.Job instance at 0x15308429ed20>,6,2,[1 9],8,8,10,0,8
1,<environment.Job instance at 0x15308429e5a0>,7,1,[8 2],9,9,10,0,9
1,<environment.Job instance at 0x153097af5f50>,0,1,[2 8],1,1,2,0,1
1,<environment.Job instance at 0x1530963eceb0>,5,27,[9 2],9,570,597,561,570
1,<environment.Job instance at 0x1530963eceb0>,5,1,[1 9],8,8,9,0,8
1,<environment.Job instance at 0x153084224f50>,6,1,[7 2],9,9,10,0,9
1,<environment.Job instance at 0x153084abeb90>,2,25,[2 9],4,5,30,1,5
1,<environment.Job instance at 0x153095c91640>,4,1,[11  1],6,6,7,0,6
1,<environment.Job instance at 0x153095c91dc0>,6,1,[2 9],8,30,31,22,8
1,<environment.Job instance at 0x153095c91960>,3,25,[9 1],5,19,44,14,19
1,<environment.Job instance at 0x153095edb690>,0,1,[ 1 10],1,1,2,0,1
1,<environment.Job instance at 0x1530988187d0>,5,2,[10  2],6,11,13,5,11
1,<environment.Job instance at 0x153098818e10>,6,1,[10  1],7,13,14,6,12
1,<environment.Job instance at 0x1530988189b0>,7,1,[2 7],8,16,17,8,16
1,<environment.Job instance at 0x153095c91960>,2,1,[14  2],3,439,440,436,439
1,<environment.Job instance at 0x153095edb2d0>,3,17,[1 8],4,518,535,514,518
1,<environment.Job instance at 0x153095c91550>,4,27,[14  2],5,548,575,543,548
1,<environment.Job instance at 0x15308459db40>,2,1,[ 1 10],3,3,4,0,3
1,<environment.Job instance at 0x15309844b140>,3,2,[1 5],4,4,6,0,4
1,<environment.Job instance at 0x15309844b820>,6,2,[7 2],9,9,11,0,9
1,<environment.Job instance at 0x15309b9c7820>,4,24,[9 1],7,7,31,0,7
1,<environment.Job instance at 0x15309ebb3370>,4,1,[8 1],8,8,9,0,8
1,<environment.Job instance at 0x15309ebb3be0>,2,28,[1 5],6,6,34,0,6
1,<environment.Job instance at 0x153084998780>,3,1,[2 8],5,5,6,0,5
1,<environment.Job instance at 0x15309b9bdeb0>,0,1,[6 2],1,1,2,0,1
1,<environment.Job instance at 0x15309611b780>,5,2,[ 1 12],7,13,15,6,13
1,<environment.Job instance at 0x15309611b3c0>,6,1,[2 6],9,88,89,79,88
1,<environment.Job instance at 0x15309f5e5730>,0,1,[2 7],1,1,2,0,1
1,<environment.Job instance at 0x153084b869b0>,4,1,[2 5],6,6,7,0,6
1,<environment.Job instance at 0x153097a09a50>,1,3,[ 1 13],2,3,6,1,3
1,<environment.Job instance at 0x15308428d230>,3,2,[ 1 10],5,6,8,1,5
1,<environment.Job instance at 0x15309611ed70>,5,2,[5 2],7,7,9,0,7
1,<environment.Job instance at 0x1530960e86e0>,0,1,[12  1],2,3,4,1,3
1,<environment.Job instance at 0x153084406550>,1,1,[9 1],4,4,5,0,4
1,<environment.Job instance at 0x15309cc37a00>,3,1,[7 1],5,5,6,0,5
1,<environment.Job instance at 0x1530960fa460>,4,26,[7 1],8,8,34,0,8
1,<environment.Job instance at 0x153097ac0fa0>,2,1,[2 9],5,5,6,0,5
1,<environment.Job instance at 0x15308425f460>,4,2,[9 2],9,9,11,0,9
1,<environment.Job instance at 0x153084219d20>,3,1,[2 7],5,5,6,0,5
1,<environment.Job instance at 0x153097b08460>,0,1,[6 1],1,1,2,0,1
1,<environment.Job instance at 0x15308491ecd0>,1,1,[7 2],2,2,3,0,2
1,<environment.Job instance at 0x15308491e9b0>,4,1,[1 6],6,6,7,0,6
1,<environment.Job instance at 0x1530984eacd0>,1,1,[ 1 14],2,2,3,0,2
1,<environment.Job instance at 0x1530848c1dc0>,5,22,[8 2],8,8,30,0,8
1,<environment.Job instance at 0x153098542820>,6,1,[ 2 11],7,7,8,0,7
1,<environment.Job instance at 0x153098542af0>,4,1,[2 9],5,61,62,56,61
1,<environment.Job instance at 0x1530984eaaf0>,5,2,[5 1],6,62,64,56,62
1,<environment.Job instance at 0x1530985426e0>,1,23,[ 1 12],3,4,27,1,4
1,<environment.Job instance at 0x153098833be0>,0,2,[ 2 13],2,3,5,1,3
1,<environment.Job instance at 0x15309d627c30>,0,1,[10  2],1,1,2,0,1
1,<environment.Job instance at 0x15309d627370>,1,1,[ 1 10],3,3,4,0,3
1,<environment.Job instance at 0x15309d627e60>,2,1,[10  2],4,4,5,0,4
1,<environment.Job instance at 0x1530849ea7d0>,5,1,[1 6],7,7,8,0,7
1,<environment.Job instance at 0x15309e796690>,2,1,[2 9],6,6,7,0,6
1,<environment.Job instance at 0x15309848f910>,3,1,[10  2],7,7,8,0,7
1,<environment.Job instance at 0x15309618cbe0>,4,1,[1 5],9,9,10,0,9
1,<environment.Job instance at 0x15308477b550>,1,1,[2 5],2,2,3,0,2
1,<environment.Job instance at 0x15309618cbe0>,2,1,[1 6],5,5,6,0,5
1,<environment.Job instance at 0x1530846838c0>,4,1,[9 1],7,7,8,0,7
1,<environment.Job instance at 0x153084683960>,5,1,[5 1],8,8,9,0,8
1,<environment.Job instance at 0x1530848e8be0>,3,1,[9 1],7,7,8,0,7
1,<environment.Job instance at 0x153084a264b0>,5,3,[1 5],9,9,12,0,9
1,<environment.Job instance at 0x153084a26aa0>,0,1,[ 2 10],1,1,2,0,1
1,<environment.Job instance at 0x15308432f280>,3,1,[13  2],8,2053,2054,2045,2053
1,<environment.Job instance at 0x1530985910a0>,4,2,[6 2],5,5,7,0,5
1,<environment.Job instance at 0x15308481f730>,5,21,[1 8],6,8,29,2,8
1,<environment.Job instance at 0x15309cc47190>,0,2,[1 7],1,1,3,0,1
1,<environment.Job instance at 0x15309cc47b90>,2,1,[2 5],5,5,6,0,5
1,<environment.Job instance at 0x15309789bf50>,3,1,[ 1 13],6,6,7,0,6
1,<environment.Job instance at 0x1530843b8b40>,1,1,[5 1],2,3,4,1,3
1,<environment.Job instance at 0x153084b13690>,3,2,[10  1],4,4,6,0,4
1,<environment.Job instance at 0x153084b13a50>,4,2,[2 7],5,5,7,0,5
1,<environment.Job instance at 0x1530843b8230>,6,2,[8 2],8,8,10,0,8
1,<environment.Job instance at 0x1530843b8a50>,2,17,[9 1],3,114,131,111,114
1,<environment.Job instance at 0x15309612fcd0>,6,3,[2 7],9,9,12,0,9
1,<environment.Job instance at 0x153084c5ceb0>,4,27,[13  1],6,32,59,26,32
1,<environment.Job instance at 0x15309612fe60>,1,21,[2 8],2,4,25,2,4
1,<environment.Job instance at 0x153084dd7870>,3,3,[8 2],4,4,7,0,4
1,<environment.Job instance at 0x153084dd7820>,4,1,[1 7],5,5,6,0,5
1,<environment.Job instance at 0x153084dd75a0>,5,23,[5 2],6,6,29,0,6
1,<environment.Job instance at 0x153084dd7280>,7,26,[1 5],8,8,34,0,8
1,<environment.Job instance at 0x153097ba1230>,3,1,[6 2],4,4,5,0,4
1,<environment.Job instance at 0x153084e2c0f0>,2,2,[9 1],4,4,6,0,4
1,<environment.Job instance at 0x153084e0fd70>,4,1,[9 2],7,7,8,0,7
1,<environment.Job instance at 0x153084f5e500>,3,1,[2 9],4,4,5,0,4
1,<environment.Job instance at 0x1530845e0140>,4,1,[2 9],5,5,6,0,5
1,<environment.Job instance at 0x153084931c80>,5,1,[9 1],6,6,7,0,6
1,<environment.Job instance at 0x15308424b1e0>,0,1,[2 6],2,2,3,0,2
1,<environment.Job instance at 0x15308424bc80>,1,3,[ 2 13],4,6,9,2,6
1,<environment.Job instance at 0x15308424bdc0>,4,3,[2 7],7,9,12,2,7
1,<environment.Job instance at 0x15308424b0f0>,2,18,[8 2],5,16,34,11,16
1,<environment.Job instance at 0x15308424b050>,3,2,[1 6],6,49,51,43,49
1,<environment.Job instance at 0x153084d41fa0>,4,1,[2 5],7,16,17,9,16
1,<environment.Job instance at 0x1530985212d0>,5,22,[2 6],8,25,47,17,25
1,<environment.Job instance at 0x1530978b2be0>,1,1,[2 5],3,2295,2296,2292,2295
1,<environment.Job instance at 0x1530985219b0>,0,1,[1 7],1,1,2,0,1
1,<environment.Job instance at 0x153098521910>,2,1,[2 6],4,4,5,0,4
1,<environment.Job instance at 0x15309d6417d0>,3,1,[1 7],6,6,7,0,6
1,<environment.Job instance at 0x1530843060a0>,3,2,[5 1],4,4,6,0,4
1,<environment.Job instance at 0x153084eacc80>,1,18,[2 6],2,6,24,4,6
1,<environment.Job instance at 0x1530848fa640>,3,1,[5 1],7,7,8,0,7
1,<environment.Job instance at 0x1530842ec690>,3,26,[ 1 13],5,16,42,11,16
1,<environment.Job instance at 0x153097a48460>,6,1,[2 8],9,42,43,33,16
1,<environment.Job instance at 0x1530842ec190>,4,16,[9 2],6,229,245,223,229
1,<environment.Job instance at 0x153084c5df50>,5,1,[5 2],9,34,35,25,34
1,<environment.Job instance at 0x1530848355a0>,3,1,[13  1],5,82,83,77,82
1,<environment.Job instance at 0x1530984e7b40>,0,1,[5 1],1,1,2,0,1
1,<environment.Job instance at 0x1530984e7870>,1,2,[ 1 11],2,6,8,4,6
1,<environment.Job instance at 0x153084b7a3c0>,2,1,[9 1],6,6,7,0,6
1,<environment.Job instance at 0x153084b7a640>,4,1,[6 2],8,8,9,0,8
1,<environment.Job instance at 0x153084b7a460>,0,1,[ 1 10],2,2,3,0,2
1,<environment.Job instance at 0x153084a81050>,2,1,[1 8],3,6,7,3,6
1,<environment.Job instance at 0x153084fba460>,5,2,[1 9],6,7,9,1,6
1,<environment.Job instance at 0x153084fba410>,6,28,[ 2 12],8,24,52,16,24
1,<environment.Job instance at 0x153084fba500>,7,3,[2 9],9,52,55,43,26
1,<environment.Job instance at 0x153097adf730>,3,1,[11  1],4,349,350,345,349
1,<environment.Job instance at 0x153097adf780>,4,27,[7 1],5,380,407,375,380
1,<environment.Job instance at 0x15308431b870>,0,1,[1 5],2,2,3,0,2
1,<environment.Job instance at 0x1530985bcf00>,0,1,[ 1 11],1,1,2,0,1
1,<environment.Job instance at 0x1530985bcb90>,1,2,[1 8],2,2,4,0,2
1,<environment.Job instance at 0x1530848b54b0>,6,2,[ 1 13],8,18,20,10,18
1,<environment.Job instance at 0x1530848b5370>,7,2,[1 8],9,143,145,134,143
1,<environment.Job instance at 0x153095c75be0>,4,1,[5 1],8,8,9,0,8
1,<environment.Job instance at 0x1530846c1cd0>,2,1,[8 2],6,6,7,0,6
1,<environment.Job instance at 0x153084b55190>,3,1,[1 8],7,7,8,0,7
1,<environment.Job instance at 0x1530961c0370>,4,1,[10  2],8,8,9,0,8
1,<environment.Job instance at 0x1530961c0780>,5,1,[5 2],9,9,10,0,9
1,<environment.Job instance at 0x153084ae6a00>,2,1,[7 2],6,6,7,0,6
1,<environment.Job instance at 0x1530841aa1e0>,5,3,[1 5],9,9,12,0,9
1,<environment.Job instance at 0x1530841aa780>,0,1,[ 1 13],2,2,3,0,2
1,<environment.Job instance at 0x153084eb2e60>,4,24,[8 1],5,8,32,3,8
1,<environment.Job instance at 0x153084eb2af0>,5,3,[1 9],6,46,49,40,46
1,<environment.Job instance at 0x153084eb2690>,6,2,[9 2],8,75,77,67,75
1,<environment.Job instance at 0x1530847bc5f0>,4,1,[ 2 12],6,6,7,0,6
1,<environment.Job instance at 0x153084462e10>,4,22,[6 2],8,8,30,0,8
1,<environment.Job instance at 0x1530979b7f50>,0,1,[8 2],1,1,2,0,1
1,<environment.Job instance at 0x1530979b7910>,2,1,[6 1],4,4,5,0,4
1,<environment.Job instance at 0x1530985038c0>,5,2,[ 1 13],7,8,10,1,8
1,<environment.Job instance at 0x1530844e2b90>,0,1,[10  2],2,2,3,0,2
1,<environment.Job instance at 0x15309b99c190>,1,1,[2 6],4,4,5,0,4
1,<environment.Job instance at 0x1530988c46e0>,6,2,[1 6],9,12,14,3,12
1,<environment.Job instance at 0x153084a29b90>,1,1,[ 2 11],4,4,5,0,4
1,<environment.Job instance at 0x153084a29780>,3,20,[13  1],8,10,30,2,10
1,<environment.Job instance at 0x153084a5f3c0>,7,1,[12  2],9,2307,2308,2298,2307
1,<environment.Job instance at 0x153084a5fbe0>,0,1,[2 8],1,1,2,0,1
1,<environment.Job instance at 0x153084259140>,2,2,[ 2 10],6,6,8,0,6
1,<environment.Job instance at 0x153084229050>,0,1,[7 2],2,2,3,0,2
1,<environment.Job instance at 0x153084229d20>,3,3,[1 8],5,5,8,0,5
1,<environment.Job instance at 0x1530842296e0>,5,1,[2 9],8,8,9,0,8
1,<environment.Job instance at 0x153084229780>,1,1,[ 1 11],2,2,3,0,2
1,<environment.Job instance at 0x153084d4a4b0>,3,1,[13  2],6,6,7,0,6
1,<environment.Job instance at 0x153097b8c050>,5,3,[1 7],8,8,11,0,8
1,<environment.Job instance at 0x153084206050>,1,3,[ 1 14],3,8,11,5,8
1,<environment.Job instance at 0x15309f5f68c0>,0,3,[ 1 14],2,11,14,9,10
1,<environment.Job instance at 0x1530842060a0>,2,3,[6 1],5,20,23,15,20
1,<environment.Job instance at 0x15309f5f6a50>,3,19,[10  2],8,36,55,28,36
1,<environment.Job instance at 0x153084cb3280>,3,21,[9 1],5,9,30,4,9
1,<environment.Job instance at 0x153084cb3cd0>,7,1,[5 1],9,16,17,7,16
1,<environment.Job instance at 0x153084cb3640>,5,3,[9 1],7,59,62,52,59
1,<environment.Job instance at 0x153084cb3fa0>,6,2,[10  2],8,116,118,108,116
1,<environment.Job instance at 0x1530961c5230>,2,3,[ 1 13],3,7,10,4,7
1,<environment.Job instance at 0x1530961c50f0>,5,1,[ 1 10],7,10,11,3,7
1,<environment.Job instance at 0x1530961c5780>,3,1,[14  2],5,7,8,2,7
1,<environment.Job instance at 0x1530961c5f50>,4,21,[2 5],6,256,277,250,256
1,<environment.Job instance at 0x1530961c5a50>,1,1,[ 1 10],2,2,3,0,2
1,<environment.Job instance at 0x15309789d460>,5,26,[2 6],7,11,37,4,11
1,<environment.Job instance at 0x15309789d960>,6,1,[2 5],8,66,67,58,66
1,<environment.Job instance at 0x15309789df00>,7,2,[2 8],9,193,195,184,193
1,<environment.Job instance at 0x1530843d65a0>,3,1,[6 1],6,6,7,0,6
1,<environment.Job instance at 0x15308485c690>,1,1,[7 2],2,2,3,0,2
1,<environment.Job instance at 0x153084fa3d70>,2,1,[ 2 10],5,5,6,0,5
1,<environment.Job instance at 0x153084cc75a0>,6,19,[2 7],8,22,41,14,22
1,<environment.Job instance at 0x153084cc7c30>,7,17,[6 2],9,25,42,16,25
1,<environment.Job instance at 0x15308426b5f0>,1,1,[8 1],4,4,5,0,4
1,<environment.Job instance at 0x15309d64b3c0>,3,1,[ 2 10],7,7,8,0,7
1,<environment.Job instance at 0x153084c36550>,5,21,[6 1],7,7,28,0,7
1,<environment.Job instance at 0x15308463ffa0>,5,3,[1 6],8,10,13,2,10
1,<environment.Job instance at 0x1530979af730>,3,1,[1 6],7,7,8,0,7
1,<environment.Job instance at 0x153097afb320>,4,2,[12  2],5,9,11,4,9
1,<environment.Job instance at 0x153097afbdc0>,7,1,[1 8],8,9,10,1,9
1,<environment.Job instance at 0x1530940d2870>,0,1,[9 2],3,3,4,0,3
1,<environment.Job instance at 0x15309cd050a0>,2,1,[6 2],8,8,9,0,8
1,<environment.Job instance at 0x153099b44140>,1,1,[1 8],2,2,3,0,2
1,<environment.Job instance at 0x153095ec6aa0>,2,1,[10  1],3,3,4,0,3
1,<environment.Job instance at 0x15308461d2d0>,3,22,[2 5],4,4,26,0,4
1,<environment.Job instance at 0x15308461daa0>,5,1,[ 1 14],7,72,73,65,72
1,<environment.Job instance at 0x15309ccae280>,6,2,[2 5],8,81,83,73,81
1,<environment.Job instance at 0x15308461d7d0>,4,1,[11  1],5,295,296,290,295
1,<environment.Job instance at 0x153097a23820>,6,1,[9 1],9,9,10,0,9
1,<environment.Job instance at 0x15309d672230>,1,25,[1 5],3,3,28,0,3
1,<environment.Job instance at 0x153097b6f550>,4,2,[10  2],7,7,9,0,7
1,<environment.Job instance at 0x153084a98640>,6,3,[1 8],9,9,12,0,9
1,<environment.Job instance at 0x153084a6b780>,1,1,[1 5],2,2,3,0,2
1,<environment.Job instance at 0x153084a98640>,2,1,[1 7],3,3,4,0,3
1,<environment.Job instance at 0x153084a6bbe0>,3,1,[7 2],4,4,5,0,4
1,<environment.Job instance at 0x153099b32be0>,6,2,[12  2],8,12,14,4,12
1,<environment.Job instance at 0x153097bfac30>,7,24,[2 5],9,17,41,8,17
1,<environment.Job instance at 0x15309d673320>,3,1,[8 2],5,5,6,0,5
1,<environment.Job instance at 0x153084bc63c0>,0,1,[1 9],2,2,3,0,2
1,<environment.Job instance at 0x1530847b1690>,2,1,[2 5],6,6,7,0,6
1,<environment.Job instance at 0x153084c89230>,3,1,[8 1],7,7,8,0,7
1,<environment.Job instance at 0x153084d13af0>,0,1,[2 8],2,2,3,0,2
1,<environment.Job instance at 0x153084283c30>,0,1,[ 2 11],3,3,4,0,3
1,<environment.Job instance at 0x153084283550>,1,1,[13  2],5,5,6,0,5
1,<environment.Job instance at 0x153084e06e10>,2,1,[2 7],6,6,7,0,6
1,<environment.Job instance at 0x15309d5c4eb0>,2,1,[1 6],9,9,10,0,9
1,<environment.Job instance at 0x153084270910>,3,2,[ 1 10],5,5,7,0,5
1,<environment.Job instance at 0x153094075320>,4,1,[ 1 10],6,7,8,1,6
1,<environment.Job instance at 0x1530979753c0>,3,1,[2 5],6,6,7,0,6
1,<environment.Job instance at 0x153097975320>,4,1,[2 9],7,7,8,0,7
1,<environment.Job instance at 0x15308442cdc0>,6,2,[13  2],7,8,10,1,8
1,<environment.Job instance at 0x153097b96410>,8,2,[ 2 10],9,9,11,0,9
1,<environment.Job instance at 0x15309887a1e0>,7,18,[14  1],8,749,767,741,749
1,<environment.Job instance at 0x153084d2aaa0>,2,1,[6 1],5,5,6,0,5
1,<environment.Job instance at 0x15309887aaa0>,3,2,[2 9],8,8,10,0,8
1,<environment.Job instance at 0x15308489a4b0>,4,2,[13  1],9,12,14,3,12
1,<environment.Job instance at 0x153084874640>,1,21,[6 2],2,2,23,0,2
1,<environment.Job instance at 0x153084874a00>,2,25,[7 2],3,3,28,0,3
1,<environment.Job instance at 0x153084874f50>,3,1,[ 1 11],4,6,7,2,6
1,<environment.Job instance at 0x15309d672550>,0,1,[8 2],2,2,3,0,2
1,<environment.Job instance at 0x153084f7c550>,1,1,[1 7],3,3,4,0,3
1,<environment.Job instance at 0x153097b8a1e0>,3,1,[2 9],4,4,5,0,4
1,<environment.Job instance at 0x15309d5aa2d0>,7,2,[ 1 14],8,10,12,2,10
1,<environment.Job instance at 0x153084663870>,1,1,[1 9],3,3,4,0,3
1,<environment.Job instance at 0x1530846638c0>,2,1,[2 8],4,4,5,0,4
1,<environment.Job instance at 0x153084663aa0>,4,13,[6 2],7,8,21,1,8
1,<environment.Job instance at 0x1530843b8780>,6,1,[ 2 10],9,9,10,0,9
1,<environment.Job instance at 0x153084663dc0>,3,2,[12  1],6,30,32,24,30
1,<environment.Job instance at 0x153084663460>,5,25,[2 7],8,47,72,39,47
1,<environment.Job instance at 0x153097a48460>,3,1,[8 1],9,9,10,0,9
1,<environment.Job instance at 0x153084c56a50>,2,1,[1 8],4,4,5,0,4
1,<environment.Job instance at 0x153084c56870>,3,2,[ 1 12],5,6,8,1,6
1,<environment.Job instance at 0x15309b9b3b40>,0,1,[5 2],3,3,4,0,3
1,<environment.Job instance at 0x1530988aa730>,0,1,[1 7],2,2,3,0,2
1,<environment.Job instance at 0x1530988aacd0>,2,1,[11  1],4,6,7,2,6
1,<environment.Job instance at 0x15308436b8c0>,0,1,[1 8],1,1,2,0,1
1,<environment.Job instance at 0x15308481a230>,2,2,[5 1],6,6,8,0,6
1,<environment.Job instance at 0x153084f044b0>,3,1,[1 5],7,7,8,0,7
1,<environment.Job instance at 0x15309d6f1b90>,3,3,[ 1 13],6,9,12,3,9
1,<environment.Job instance at 0x153084b1b870>,5,3,[8 1],8,10,13,2,10
1,<environment.Job instance at 0x153084b1b730>,4,2,[7 1],7,20,22,13,20
1,<environment.Job instance at 0x153084b1bc80>,6,22,[7 1],9,23,45,14,23
1,<environment.Job instance at 0x153084f64230>,4,2,[ 1 14],6,37,39,31,37
1,<environment.Job instance at 0x153084dc81e0>,1,1,[5 1],3,3,4,0,3
1,<environment.Job instance at 0x153084ca0f50>,4,2,[2 6],6,6,8,0,6
1,<environment.Job instance at 0x153096147050>,1,17,[8 1],4,7,24,3,7
1,<environment.Job instance at 0x15309ccfe1e0>,2,1,[12  2],6,39,40,33,39
1,<environment.Job instance at 0x153097ba75f0>,4,1,[6 1],5,5,6,0,5
1,<environment.Job instance at 0x153097ba7dc0>,2,1,[5 1],3,3,4,0,3
1,<environment.Job instance at 0x153084bccb40>,3,2,[ 2 14],4,8,10,4,8
1,<environment.Job instance at 0x153084a2b550>,5,2,[2 9],7,8,10,1,8
1,<environment.Job instance at 0x15309848f730>,2,1,[13  1],3,8,9,5,8
1,<environment.Job instance at 0x15309848ff00>,4,1,[1 5],7,8,9,1,8
1,<environment.Job instance at 0x15309848f0a0>,5,2,[ 2 14],8,9,11,1,8
1,<environment.Job instance at 0x153097b388c0>,2,3,[ 2 10],3,3,6,0,3
1,<environment.Job instance at 0x153084db95a0>,1,2,[ 1 13],3,6,8,3,6
1,<environment.Job instance at 0x153084db9d70>,2,2,[2 8],4,8,10,4,6
1,<environment.Job instance at 0x1530961b62d0>,5,2,[1 6],9,10,12,1,10
1,<environment.Job instance at 0x153084db9550>,3,25,[1 7],6,216,241,210,216
1,<environment.Job instance at 0x153095c7a550>,6,1,[10  2],7,7,8,0,7
1,<environment.Job instance at 0x15308472f280>,2,3,[1 8],3,3,6,0,3
1,<environment.Job instance at 0x153097b9df00>,5,1,[1 8],7,53,54,46,53
1,<environment.Job instance at 0x153099b326e0>,2,22,[7 1],5,5,27,0,5
1,<environment.Job instance at 0x1530847e9960>,4,3,[8 2],7,55,58,48,55
1,<environment.Job instance at 0x153084eb4820>,4,26,[1 6],6,6,32,0,6
1,<environment.Job instance at 0x1530847e9910>,5,1,[1 9],8,8,9,0,8
1,<environment.Job instance at 0x153084eb42d0>,6,1,[1 7],9,9,10,0,9
1,<environment.Job instance at 0x1530846e9320>,0,3,[ 1 11],1,4,7,3,4
1,<environment.Job instance at 0x1530846e9690>,2,3,[1 6],3,7,10,4,4
1,<environment.Job instance at 0x15309cd282d0>,5,1,[ 1 10],8,10,11,2,8
1,<environment.Job instance at 0x15309cd28be0>,6,1,[ 2 10],9,11,12,2,9
1,<environment.Job instance at 0x153084a26050>,1,2,[ 1 10],2,12,14,10,10
1,<environment.Job instance at 0x1530846e9500>,3,25,[5 2],4,245,270,241,245
1,<environment.Job instance at 0x153084f68f50>,3,2,[ 1 10],4,4,6,0,4
1,<environment.Job instance at 0x15309794e500>,4,20,[7 1],5,5,25,0,5
1,<environment.Job instance at 0x1530985995a0>,1,1,[2 9],2,2,3,0,2
1,<environment.Job instance at 0x153098599460>,2,23,[1 7],3,6,29,3,6
1,<environment.Job instance at 0x153098599280>,7,25,[7 1],9,14,39,5,14
1,<environment.Job instance at 0x153098599870>,0,1,[2 7],2,2,3,0,2
1,<environment.Job instance at 0x153098599e10>,1,2,[12  1],4,5,7,1,5
1,<environment.Job instance at 0x153097ab90a0>,3,2,[1 8],6,6,8,0,6
1,<environment.Job instance at 0x153084930b90>,1,1,[7 1],2,2,3,0,2
1,<environment.Job instance at 0x15309f5f6280>,3,3,[13  1],5,6,9,1,6
1,<environment.Job instance at 0x15309f5f6b90>,5,3,[1 6],7,8,11,1,8
1,<environment.Job instance at 0x15309f5f6dc0>,6,1,[10  2],8,9,10,1,8
1,<environment.Job instance at 0x15309f5f61e0>,4,26,[11  2],6,27,53,21,27
1,<environment.Job instance at 0x15309f5f68c0>,2,1,[5 2],3,3,4,0,3
1,<environment.Job instance at 0x153097a093c0>,4,24,[2 6],6,6,30,0,6
1,<environment.Job instance at 0x15309efc42d0>,1,21,[10  2],3,6,27,3,6
1,<environment.Job instance at 0x15309efc4c80>,2,1,[ 2 10],4,4,5,0,4
1,<environment.Job instance at 0x1530843ea500>,3,3,[11  2],5,7,10,2,7
1,<environment.Job instance at 0x1530846a4e10>,5,2,[2 7],9,9,11,0,9
1,<environment.Job instance at 0x153096c5edc0>,4,23,[8 1],7,12,35,5,12
1,<environment.Job instance at 0x15308452d640>,3,3,[1 9],5,11,14,6,11
1,<environment.Job instance at 0x1530843568c0>,6,1,[6 1],9,19,20,10,19
1,<environment.Job instance at 0x15308463aaf0>,2,1,[1 9],3,3,4,0,3
1,<environment.Job instance at 0x153084880aa0>,4,1,[6 2],5,5,6,0,5
1,<environment.Job instance at 0x153084880910>,5,2,[2 5],6,6,8,0,6
1,<environment.Job instance at 0x153084880af0>,7,2,[2 9],9,9,11,0,9
1,<environment.Job instance at 0x1530848745f0>,3,1,[2 5],6,6,7,0,6
1,<environment.Job instance at 0x1530979844b0>,2,1,[1 7],4,4,5,0,4
1,<environment.Job instance at 0x1530842b7960>,4,3,[1 8],6,15,18,9,15
1,<environment.Job instance at 0x153096c64e60>,2,3,[7 2],4,4,7,0,4
1,<environment.Job instance at 0x153098498640>,4,2,[1 8],7,7,9,0,7
1,<environment.Job instance at 0x153097b62280>,6,1,[12  2],9,9,10,0,9
1,<environment.Job instance at 0x1530978c44b0>,0,1,[11  1],2,2,3,0,2
1,<environment.Job instance at 0x153084681320>,5,1,[1 8],8,9,10,1,9
1,<environment.Job instance at 0x153096c64050>,2,25,[ 2 13],5,11,36,6,11
1,<environment.Job instance at 0x153097b62280>,6,3,[14  2],9,64,67,55,64
1,<environment.Job instance at 0x15309857a4b0>,1,1,[1 5],2,2,3,0,2
1,<environment.Job instance at 0x153084fb8370>,3,2,[ 2 13],5,35,37,30,35
1,<environment.Job instance at 0x15309f75e370>,0,1,[1 9],2,2,3,0,2
1,<environment.Job instance at 0x1530846994b0>,3,15,[7 2],4,7,22,3,7
1,<environment.Job instance at 0x153084699640>,4,15,[1 5],6,457,472,451,457
1,<environment.Job instance at 0x1530846c1d70>,1,2,[ 2 10],2,2,4,0,2
1,<environment.Job instance at 0x153094043f50>,6,24,[ 1 14],9,15,39,6,15
1,<environment.Job instance at 0x15309ccfe050>,1,1,[1 7],4,6,7,2,6
1,<environment.Job instance at 0x15309886e230>,0,2,[ 2 11],2,7,9,5,6
1,<environment.Job instance at 0x15309ccfe690>,2,14,[6 1],5,6,20,1,6
1,<environment.Job instance at 0x153084fbc550>,0,1,[2 9],1,1,2,0,1
1,<environment.Job instance at 0x153084c07230>,3,1,[11  2],6,6,7,0,6
1,<environment.Job instance at 0x153084b71410>,4,1,[5 2],7,7,8,0,7
1,<environment.Job instance at 0x153095c61a50>,2,1,[2 7],5,5,6,0,5
1,<environment.Job instance at 0x153095c6f550>,4,21,[1 5],9,9,30,0,9
1,<environment.Job instance at 0x153097b57140>,2,1,[5 2],5,5,6,0,5
1,<environment.Job instance at 0x15308475b780>,3,2,[2 5],7,7,9,0,7
1,<environment.Job instance at 0x15309d6b8820>,4,3,[13  2],6,8,11,2,8
1,<environment.Job instance at 0x15309d6b8140>,6,13,[6 1],8,35,48,27,35
1,<environment.Job instance at 0x15309d6b8140>,4,24,[ 1 10],7,9,33,2,9
1,<environment.Job instance at 0x15308495a410>,2,1,[12  1],4,4,5,0,4
1,<environment.Job instance at 0x1530843c6780>,1,1,[2 8],4,4,5,0,4
1,<environment.Job instance at 0x1530988da2d0>,0,1,[ 1 13],1,1,2,0,1
1,<environment.Job instance at 0x1530988da550>,4,20,[ 2 13],7,8,28,1,8
1,<environment.Job instance at 0x153084b85be0>,0,1,[11  2],1,1,2,0,1
1,<environment.Job instance at 0x153084b85320>,4,25,[1 5],5,5,30,0,5
1,<environment.Job instance at 0x153097c03820>,6,26,[5 1],7,8,34,1,8
1,<environment.Job instance at 0x153097b8cfa0>,1,1,[8 2],2,2,3,0,2
1,<environment.Job instance at 0x153097b8cb40>,3,1,[ 2 10],8,8,9,0,8
1,<environment.Job instance at 0x1530984bc9b0>,3,3,[2 9],4,61,64,57,61
1,<environment.Job instance at 0x153084696690>,0,1,[9 1],2,2,3,0,2
1,<environment.Job instance at 0x1530849c4690>,0,1,[5 1],1,1,2,0,1
1,<environment.Job instance at 0x1530849c46e0>,1,1,[2 9],5,5,6,0,5
1,<environment.Job instance at 0x1530979b80a0>,2,1,[1 8],6,6,7,0,6
1,<environment.Job instance at 0x153084c76410>,2,1,[5 2],4,4,5,0,4
1,<environment.Job instance at 0x153084c766e0>,3,3,[1 6],5,5,8,0,5
1,<environment.Job instance at 0x1530849d6c80>,7,1,[5 1],9,9,10,0,9
1,<environment.Job instance at 0x153084616730>,1,28,[13  1],4,4,32,0,4
1,<environment.Job instance at 0x1530846165a0>,0,26,[2 9],3,5,31,2,5
1,<environment.Job instance at 0x153084e92d20>,1,1,[ 1 12],3,3,4,0,3
1,<environment.Job instance at 0x153084924aa0>,0,2,[ 2 13],1,7,9,6,7
1,<environment.Job instance at 0x1530849249b0>,2,2,[5 1],5,7,9,2,7
1,<environment.Job instance at 0x15308455f050>,1,2,[9 1],3,13,15,10,13
1,<environment.Job instance at 0x1530849240a0>,3,13,[8 2],7,55,68,48,55
1,<environment.Job instance at 0x1530843ba780>,0,1,[2 9],1,1,2,0,1
1,<environment.Job instance at 0x1530843bac80>,1,1,[ 2 13],3,3,4,0,3
1,<environment.Job instance at 0x1530846e33c0>,1,1,[7 1],2,2,3,0,2
1,<environment.Job instance at 0x1530978ffd70>,6,16,[13  2],8,19,35,11,19
1,<environment.Job instance at 0x1530978ff370>,7,2,[2 8],9,36,38,27,36
1,<environment.Job instance at 0x1530848be8c0>,1,2,[14  1],2,3,5,1,3
1,<environment.Job instance at 0x15309641c910>,3,2,[1 5],4,5,7,1,5
1,<environment.Job instance at 0x15309cd1ac30>,1,3,[2 8],2,12,15,10,12
1,<environment.Job instance at 0x153084467960>,4,3,[10  2],7,12,15,5,12
1,<environment.Job instance at 0x153084467500>,5,2,[ 2 10],8,153,155,145,153
1,<environment.Job instance at 0x15308473da00>,3,1,[ 2 10],6,6,7,0,6
1,<environment.Job instance at 0x15309d6dca00>,6,25,[2 9],9,9,34,0,9
1,<environment.Job instance at 0x15308437b1e0>,2,21,[7 2],5,5,26,0,5
1,<environment.Job instance at 0x15308437bdc0>,3,27,[7 2],6,6,33,0,6
1,<environment.Job instance at 0x15309d5eaaf0>,3,1,[10  2],8,8,9,0,8
1,<environment.Job instance at 0x153084991820>,0,1,[8 2],3,3,4,0,3
1,<environment.Job instance at 0x15309b9a26e0>,0,1,[ 2 14],1,1,2,0,1
1,<environment.Job instance at 0x1530847659b0>,2,1,[2 6],4,4,5,0,4
1,<environment.Job instance at 0x15309b9a2870>,3,1,[1 6],5,5,6,0,5
1,<environment.Job instance at 0x15309b9a2410>,5,28,[1 5],8,9,37,1,9
1,<environment.Job instance at 0x15308472f960>,3,1,[ 1 14],6,685,686,679,685
1,<environment.Job instance at 0x15309cc2a780>,4,12,[10  1],7,693,705,686,693
1,<environment.Job instance at 0x15309cc2a460>,5,3,[10  1],8,781,784,773,781
1,<environment.Job instance at 0x1530849dd230>,1,1,[6 1],3,3,4,0,3
1,<environment.Job instance at 0x15309cc2a460>,3,3,[ 2 12],5,9,12,4,9
1,<environment.Job instance at 0x1530846a2280>,5,24,[7 2],9,9,33,0,9
1,<environment.Job instance at 0x153084efff50>,6,2,[1 7],8,244,246,236,244
1,<environment.Job instance at 0x15308466ac30>,1,1,[7 2],2,2,3,0,2
1,<environment.Job instance at 0x15308441aaa0>,4,28,[1 6],7,8,36,1,8
1,<environment.Job instance at 0x15309b9ba370>,0,1,[6 1],2,2,3,0,2
1,<environment.Job instance at 0x153097aa2280>,0,1,[ 2 10],1,1,2,0,1
1,<environment.Job instance at 0x1530847f2320>,2,26,[14  2],3,4,30,1,4
1,<environment.Job instance at 0x153097a7e640>,6,19,[8 1],7,30,49,23,30
1,<environment.Job instance at 0x153097a7ec30>,7,2,[ 1 10],8,48,50,40,48
1,<environment.Job instance at 0x15308437a140>,6,3,[2 5],9,22,25,13,22
1,<environment.Job instance at 0x153084d91550>,7,1,[1 9],9,15,16,6,15
1,<environment.Job instance at 0x153099b32230>,0,1,[2 7],2,2,3,0,2
1,<environment.Job instance at 0x15309cd28fa0>,0,1,[7 1],1,1,2,0,1
1,<environment.Job instance at 0x15309cd28b90>,2,1,[7 1],6,6,7,0,6
1,<environment.Job instance at 0x1530841ee9b0>,0,1,[ 1 14],1,1,2,0,1
1,<environment.Job instance at 0x1530841ee730>,4,1,[1 6],7,7,8,0,7
1,<environment.Job instance at 0x15309ebecc30>,0,2,[5 1],2,2,4,0,2
1,<environment.Job instance at 0x153097a55f50>,1,1,[ 2 10],2,2,3,0,2
1,<environment.Job instance at 0x153097a55f00>,5,1,[7 2],9,9,10,0,9
1,<environment.Job instance at 0x153084846960>,1,1,[2 9],2,2,3,0,2
1,<environment.Job instance at 0x15309886ca00>,0,1,[1 5],1,1,2,0,1
1,<environment.Job instance at 0x15308461d690>,2,2,[1 6],4,4,6,0,4
1,<environment.Job instance at 0x15309cd07aa0>,0,1,[8 2],2,2,3,0,2
1,<environment.Job instance at 0x153084a23190>,1,1,[7 1],3,3,4,0,3
1,<environment.Job instance at 0x153084cbedc0>,5,1,[5 2],7,7,8,0,7
1,<environment.Job instance at 0x15309791c960>,2,2,[2 6],7,7,9,0,7
1,<environment.Job instance at 0x153084792870>,2,1,[1 9],4,4,5,0,4
1,<environment.Job instance at 0x15308468f9b0>,3,1,[2 9],6,6,7,0,6
1,<environment.Job instance at 0x153084fb12d0>,7,3,[ 1 10],9,1210,1213,1201,1210
1,<environment.Job instance at 0x1530847cdb90>,4,1,[5 1],6,6,7,0,6
1,<environment.Job instance at 0x153084f89a00>,2,13,[1 5],3,5,18,2,5
1,<environment.Job instance at 0x153084f890a0>,0,3,[12  1],1,6,9,5,6
1,<environment.Job instance at 0x153084f89320>,3,3,[8 2],4,9,12,5,6
1,<environment.Job instance at 0x153084f894b0>,4,15,[ 1 10],5,81,96,76,81
1,<environment.Job instance at 0x153098888370>,5,3,[6 1],8,474,477,466,474
1,<environment.Job instance at 0x153098888190>,1,23,[1 6],3,5,28,2,5
1,<environment.Job instance at 0x153098888370>,2,17,[8 1],5,33,50,28,33
1,<environment.Job instance at 0x15309d5cef50>,2,16,[10  2],4,7,23,3,7
1,<environment.Job instance at 0x153084d92cd0>,1,1,[ 2 10],2,2,3,0,2
1,<environment.Job instance at 0x15308491d0a0>,0,1,[1 7],1,1,2,0,1
1,<environment.Job instance at 0x1530849fa0a0>,5,3,[2 6],8,16,19,8,16
1,<environment.Job instance at 0x1530849fa190>,6,3,[5 1],9,16,19,7,16
1,<environment.Job instance at 0x153084edf0f0>,2,1,[1 9],3,957,958,954,957
1,<environment.Job instance at 0x153094066eb0>,3,2,[1 7],5,5,7,0,5
1,<environment.Job instance at 0x153094066500>,4,1,[13  1],7,7,8,0,7
1,<environment.Job instance at 0x1530940668c0>,5,3,[1 6],8,8,11,0,8
1,<environment.Job instance at 0x15308421aa50>,3,1,[7 2],9,9,10,0,9
1,<environment.Job instance at 0x15309d64b690>,0,1,[ 1 10],1,1,2,0,1
1,<environment.Job instance at 0x15309d64b1e0>,1,1,[10  2],2,2,3,0,2
1,<environment.Job instance at 0x153084c78050>,1,1,[1 8],6,6,7,0,6
1,<environment.Job instance at 0x1530847a0a50>,0,1,[1 9],1,1,2,0,1
1,<environment.Job instance at 0x1530847a0f50>,4,1,[1 8],9,9,10,0,9
1,<environment.Job instance at 0x15308446d730>,0,1,[1 8],1,1,2,0,1
1,<environment.Job instance at 0x153084dff8c0>,0,1,[9 2],2,2,3,0,2
1,<environment.Job instance at 0x153084dffd20>,1,1,[5 1],5,5,6,0,5
1,<environment.Job instance at 0x153084a91550>,0,1,[1 6],2,2,3,0,2
1,<environment.Job instance at 0x153084a91500>,2,1,[ 2 10],7,7,8,0,7
1,<environment.Job instance at 0x153084a915f0>,3,1,[1 8],9,9,10,0,9
1,<environment.Job instance at 0x153097a7e640>,0,24,[ 1 13],1,5,29,4,5
1,<environment.Job instance at 0x153097bec2d0>,0,2,[ 1 14],1,1,3,0,1
1,<environment.Job instance at 0x153097becc30>,2,1,[ 1 12],3,3,4,0,3
1,<environment.Job instance at 0x153084b838c0>,6,1,[10  1],8,8,9,0,8
1,<environment.Job instance at 0x153084eecf50>,1,1,[8 1],3,3,4,0,3
1,<environment.Job instance at 0x153084e06730>,0,2,[ 1 13],2,7,9,5,7
1,<environment.Job instance at 0x153084ab08c0>,1,1,[8 1],3,9,10,6,9
1,<environment.Job instance at 0x153084e06550>,5,3,[10  2],9,10,13,1,9
1,<environment.Job instance at 0x153084ab0690>,2,15,[2 6],5,2376,2391,2371,2376
1,<environment.Job instance at 0x1530964232d0>,2,14,[ 1 12],4,9,23,5,9
1,<environment.Job instance at 0x1530985901e0>,6,2,[6 1],9,9,11,0,9
1,<environment.Job instance at 0x153098590190>,5,17,[9 2],8,11,28,3,10
1,<environment.Job instance at 0x1530964231e0>,1,1,[14  1],3,168,169,165,168
1,<environment.Job instance at 0x153098590370>,3,14,[2 9],6,169,183,163,168
1,<environment.Job instance at 0x1530960e5550>,0,1,[ 2 12],1,1,2,0,1
1,<environment.Job instance at 0x1530960e5280>,4,2,[2 5],8,171,173,163,171
1,<environment.Job instance at 0x15309f658fa0>,2,23,[8 2],3,5,28,2,5
1,<environment.Job instance at 0x153098591aa0>,0,1,[6 2],1,1,2,0,1
1,<environment.Job instance at 0x153098591b40>,5,20,[5 1],6,7,27,1,7
1,<environment.Job instance at 0x153098591320>,8,2,[8 1],9,9,11,0,9
1,<environment.Job instance at 0x15308498b1e0>,6,18,[7 1],7,23,41,16,23
1,<environment.Job instance at 0x1530845d7be0>,4,26,[13  2],8,13,39,5,13
1,<environment.Job instance at 0x153084202190>,1,1,[1 6],2,2,3,0,2
1,<environment.Job instance at 0x153098884730>,0,26,[1 5],2,2,28,0,2
1,<environment.Job instance at 0x153098884a00>,1,1,[9 1],3,3,4,0,3
1,<environment.Job instance at 0x15308428d0f0>,2,1,[6 2],4,4,5,0,4
1,<environment.Job instance at 0x153098556280>,3,1,[2 9],8,8,9,0,8
1,<environment.Job instance at 0x15308468d6e0>,4,24,[7 1],9,9,33,0,9
1,<environment.Job instance at 0x153084e3dc80>,1,1,[2 8],4,4,5,0,4
1,<environment.Job instance at 0x153084e3d320>,2,2,[2 7],6,6,8,0,6
1,<environment.Job instance at 0x153084b43960>,0,25,[1 6],1,2,27,1,2
1,<environment.Job instance at 0x153094043230>,5,1,[2 9],7,7,8,0,7
1,<environment.Job instance at 0x153097bb0550>,3,1,[12  2],6,6,7,0,6
1,<environment.Job instance at 0x15309408b870>,1,1,[6 1],3,3,4,0,3
1,<environment.Job instance at 0x15309408b410>,2,3,[1 6],4,4,7,0,4
1,<environment.Job instance at 0x15309408b0f0>,1,1,[1 7],4,4,5,0,4
1,<environment.Job instance at 0x15308445eb40>,3,28,[9 1],8,8,36,0,8
1,<environment.Job instance at 0x15308445edc0>,2,1,[14  2],8,8,9,0,8
1,<environment.Job instance at 0x15309882e0a0>,0,1,[1 6],1,1,2,0,1
1,<environment.Job instance at 0x1530849cf230>,2,2,[5 2],3,3,5,0,3
1,<environment.Job instance at 0x1530940d2820>,3,1,[9 1],4,4,5,0,4
1,<environment.Job instance at 0x153084cf1d70>,5,1,[1 6],7,7,8,0,7
1,<environment.Job instance at 0x15309cc649b0>,6,1,[9 2],8,8,9,0,8
1,<environment.Job instance at 0x15309cc646e0>,7,3,[1 5],9,9,12,0,9
1,<environment.Job instance at 0x15309cc4e280>,0,1,[8 2],1,1,2,0,1
1,<environment.Job instance at 0x153084ac4460>,4,28,[6 2],7,7,35,0,7
1,<environment.Job instance at 0x153084ac4460>,2,1,[1 8],7,7,8,0,7
1,<environment.Job instance at 0x15309880de10>,6,3,[1 9],8,8,11,0,8
1,<environment.Job instance at 0x15309880de10>,2,27,[5 1],4,4,31,0,4
1,<environment.Job instance at 0x153084a0e280>,6,3,[ 2 10],8,37,40,29,37
1,<environment.Job instance at 0x15308487ed70>,4,1,[ 1 12],7,10,11,3,10
1,<environment.Job instance at 0x153084384af0>,5,1,[6 1],8,20,21,12,20
1,<environment.Job instance at 0x153084384460>,6,12,[14  1],9,536,548,527,536
1,<environment.Job instance at 0x153084b95820>,5,15,[14  1],9,241,256,232,241
1,<environment.Job instance at 0x15309b9b5910>,1,22,[8 1],4,4,26,0,4
1,<environment.Job instance at 0x153097a86b40>,0,1,[1 7],1,1,2,0,1
1,<environment.Job instance at 0x153097a97320>,0,1,[5 2],2,2,3,0,2
1,<environment.Job instance at 0x153084d23c30>,5,15,[11  2],8,871,886,863,871
1,<environment.Job instance at 0x153084d237d0>,1,1,[7 1],2,2,3,0,2
1,<environment.Job instance at 0x1530979c55f0>,3,3,[12  1],4,9,12,5,9
1,<environment.Job instance at 0x1530961c5e10>,5,3,[1 7],8,112,115,104,112
1,<environment.Job instance at 0x1530961c51e0>,6,2,[5 1],9,162,164,153,162
1,<environment.Job instance at 0x1530846b75a0>,1,1,[2 5],2,2,3,0,2
1,<environment.Job instance at 0x15309880ad20>,1,1,[9 2],4,4,5,0,4
1,<environment.Job instance at 0x153084329b40>,0,1,[8 2],1,1,2,0,1
1,<environment.Job instance at 0x1530848a69b0>,6,14,[7 2],9,213,227,204,213
1,<environment.Job instance at 0x153094088690>,3,21,[2 6],4,4,25,0,4
1,<environment.Job instance at 0x15308440f5a0>,2,3,[ 2 13],3,25,28,22,9
1,<environment.Job instance at 0x153094088190>,4,26,[6 2],5,19,45,14,19
1,<environment.Job instance at 0x1530940886e0>,5,1,[ 1 10],8,44,45,36,44
1,<environment.Job instance at 0x15309f72d4b0>,6,18,[10  1],9,52,70,43,52
1,<environment.Job instance at 0x153097bd98c0>,0,1,[ 1 10],1,1,2,0,1
1,<environment.Job instance at 0x1530978dbaf0>,4,23,[8 2],9,12,35,3,12
1,<environment.Job instance at 0x153084aa21e0>,2,1,[5 2],4,4,5,0,4
1,<environment.Job instance at 0x153084aa2be0>,1,2,[2 9],2,2,4,0,2
1,<environment.Job instance at 0x153098473780>,5,1,[ 2 10],8,8,9,0,8
1,<environment.Job instance at 0x1530988b4c30>,1,1,[5 1],8,8,9,0,8
1,<environment.Job instance at 0x153097bd9820>,0,1,[1 9],1,1,2,0,1
1,<environment.Job instance at 0x153095ec5d70>,0,1,[2 9],3,3,4,0,3
1,<environment.Job instance at 0x15309d616d70>,7,3,[2 9],9,9,12,0,9
1,<environment.Job instance at 0x15308422ad20>,5,3,[9 1],7,15,18,8,15
1,<environment.Job instance at 0x15309d6165f0>,4,1,[5 2],6,100,101,94,100
1,<environment.Job instance at 0x15309d616f50>,6,12,[8 2],8,227,239,219,227
1,<environment.Job instance at 0x1530843d6fa0>,4,3,[8 1],5,17,20,12,17
1,<environment.Job instance at 0x1530843d6be0>,5,1,[9 2],8,20,21,12,18
1,<environment.Job instance at 0x1530843d63c0>,6,16,[ 1 11],9,18,34,9,18
1,<environment.Job instance at 0x1530843d6eb0>,1,3,[12  2],2,929,932,927,929
1,<environment.Job instance at 0x153084a33870>,0,1,[13  2],3,5,6,2,5
1,<environment.Job instance at 0x153084a33d20>,5,1,[1 9],8,8,9,0,8
1,<environment.Job instance at 0x153084a33f00>,2,12,[5 2],5,802,814,797,802
1,<environment.Job instance at 0x15309842b050>,2,26,[ 1 11],4,4,30,0,4
1,<environment.Job instance at 0x1530979c96e0>,3,1,[5 2],7,7,8,0,7
1,<environment.Job instance at 0x1530849a0e60>,4,1,[6 2],8,8,9,0,8
1,<environment.Job instance at 0x15309cc2a190>,3,2,[ 2 10],8,8,10,0,8
1,<environment.Job instance at 0x15309cc2a230>,4,1,[2 5],9,9,10,0,9
1,<environment.Job instance at 0x15309d6090a0>,0,1,[2 6],1,1,2,0,1
1,<environment.Job instance at 0x15309cc2a1e0>,1,1,[1 7],3,3,4,0,3
1,<environment.Job instance at 0x15309d603820>,3,1,[9 1],4,4,5,0,4
1,<environment.Job instance at 0x15309d603eb0>,4,2,[2 6],5,5,7,0,5
1,<environment.Job instance at 0x15309d603410>,8,26,[9 1],9,23,49,14,23
1,<environment.Job instance at 0x15309d603690>,7,2,[ 2 12],8,54,56,46,54
1,<environment.Job instance at 0x15309f5eb280>,0,1,[1 9],1,1,2,0,1
1,<environment.Job instance at 0x153084c25410>,3,1,[13  1],7,12,13,5,12
1,<environment.Job instance at 0x153084831050>,5,3,[5 1],9,56,59,47,56
1,<environment.Job instance at 0x1530843999b0>,0,1,[2 8],1,1,2,0,1
1,<environment.Job instance at 0x153084399910>,3,2,[9 1],4,5,7,1,5
1,<environment.Job instance at 0x153084d760f0>,5,1,[13  2],6,13,14,7,13
1,<environment.Job instance at 0x153084399b40>,4,14,[5 1],5,1597,1611,1592,1597
1,<environment.Job instance at 0x153097a52dc0>,0,1,[5 1],2,2,3,0,2
1,<environment.Job instance at 0x153097a522d0>,2,2,[10  2],4,6,8,2,6
1,<environment.Job instance at 0x15309616e230>,5,1,[9 2],7,8,9,1,8
1,<environment.Job instance at 0x15309616e550>,6,28,[2 7],8,8,36,0,8
1,<environment.Job instance at 0x153097991870>,3,12,[14  1],5,51,63,46,51
1,<environment.Job instance at 0x153097991a00>,4,3,[ 1 14],6,1510,1513,1504,1510
1,<environment.Job instance at 0x15309616e500>,1,1,[2 8],3,3,4,0,3
1,<environment.Job instance at 0x1530847fdb40>,3,3,[ 2 12],5,10,13,5,10
1,<environment.Job instance at 0x1530847fda00>,6,3,[14  2],8,15,18,7,15
1,<environment.Job instance at 0x153097ba5f00>,3,2,[2 8],5,7,9,2,7
1,<environment.Job instance at 0x1530984a94b0>,6,15,[ 1 12],9,10,25,1,10
1,<environment.Job instance at 0x1530985e3e60>,1,2,[ 1 12],4,8,10,4,8
1,<environment.Job instance at 0x1530985e30f0>,3,1,[2 5],7,10,11,3,8
1,<environment.Job instance at 0x1530985e3f00>,4,12,[2 5],8,158,170,150,158
1,<environment.Job instance at 0x153084e2daa0>,4,1,[1 6],5,5,6,0,5
1,<environment.Job instance at 0x153097b6f6e0>,5,1,[ 1 13],6,6,7,0,6
1,<environment.Job instance at 0x153096199b90>,7,23,[7 1],9,11,34,2,11
1,<environment.Job instance at 0x153097b6fd70>,2,17,[1 6],5,8,25,3,8
1,<environment.Job instance at 0x153084e696e0>,0,1,[10  2],2,2,3,0,2
1,<environment.Job instance at 0x15308492d140>,2,1,[ 1 14],4,5,6,1,5
1,<environment.Job instance at 0x15308492db90>,3,1,[1 9],6,6,7,0,6
1,<environment.Job instance at 0x153094091a50>,0,2,[ 1 13],2,6,8,4,6
1,<environment.Job instance at 0x1530841c4e60>,2,20,[8 1],6,6,26,0,6
1,<environment.Job instance at 0x153099b2fd20>,5,2,[14  2],9,10,12,1,10
1,<environment.Job instance at 0x1530978ff0f0>,0,1,[1 6],1,1,2,0,1
1,<environment.Job instance at 0x153099b2fe10>,2,26,[7 2],3,5,31,2,5
1,<environment.Job instance at 0x1530978ffc80>,4,2,[1 6],5,86,88,81,86
1,<environment.Job instance at 0x153084f4ef00>,1,1,[1 9],2,2,3,0,2
1,<environment.Job instance at 0x153097b16a50>,0,1,[1 9],1,1,2,0,1
1,<environment.Job instance at 0x153084f4eaf0>,2,21,[1 9],4,4,25,0,4
1,<environment.Job instance at 0x15308423a4b0>,2,1,[8 1],5,5,6,0,5
1,<environment.Job instance at 0x15308423ad70>,3,1,[12  1],7,7,8,0,7
1,<environment.Job instance at 0x153084613e10>,2,1,[1 9],3,3,4,0,3
1,<environment.Job instance at 0x15308431b0a0>,3,1,[2 5],4,4,5,0,4
1,<environment.Job instance at 0x153097907d20>,1,1,[7 2],4,4,5,0,4
1,<environment.Job instance at 0x15309f65e500>,2,1,[2 7],5,5,6,0,5
1,<environment.Job instance at 0x153094088230>,2,2,[5 1],4,4,6,0,4
1,<environment.Job instance at 0x15308447afa0>,3,1,[ 1 12],7,7,8,0,7
1,<environment.Job instance at 0x1530846160a0>,1,28,[1 8],2,3,31,1,3
1,<environment.Job instance at 0x153096129f00>,5,2,[5 2],8,73,75,65,73
1,<environment.Job instance at 0x153096163640>,0,1,[1 8],1,1,2,0,1
1,<environment.Job instance at 0x1530963fa910>,5,2,[2 9],7,53,55,46,53
1,<environment.Job instance at 0x1530988a06e0>,0,20,[1 6],1,2,22,1,2
1,<environment.Job instance at 0x153084765af0>,4,25,[7 1],7,7,32,0,7
1,<environment.Job instance at 0x153084a19050>,3,25,[2 6],4,4,29,0,4
1,<environment.Job instance at 0x153084a19f00>,4,25,[7 2],7,8,33,1,8
1,<environment.Job instance at 0x153098490230>,1,18,[7 2],2,2,20,0,2
1,<environment.Job instance at 0x1530960f1320>,0,1,[10  1],1,1,2,0,1
1,<environment.Job instance at 0x153097a4c0a0>,5,2,[8 1],7,12,14,5,12
1,<environment.Job instance at 0x153097a4cd70>,6,2,[1 8],9,12,14,3,12
1,<environment.Job instance at 0x153084278e60>,4,16,[10  1],5,5,21,0,5
1,<environment.Job instance at 0x15309cd07af0>,5,1,[8 2],7,21,22,14,7
1,<environment.Job instance at 0x153084278af0>,7,1,[2 7],9,9,10,0,9
1,<environment.Job instance at 0x153084278c80>,0,1,[2 8],2,2,3,0,2
1,<environment.Job instance at 0x153084c160f0>,1,1,[2 8],6,6,7,0,6
