iteration,job object,job ID,job Length,job ressource requirement,job enter time,job start time,job finish time,job waiting time,current time
1,<environment.Job instance at 0x7f44e16f4640>,2,22,[4 8],3,3,25,0,3
1,<environment.Job instance at 0x7f44d810f2d0>,4,21,[1 6],5,14,35,9,12
1,<environment.Job instance at 0x7f44d810f820>,14,13,[7 3],15,25,38,10,15
1,<environment.Job instance at 0x7f44d810fb90>,19,14,[ 3 11],20,35,49,15,20
1,<environment.Job instance at 0x7f44d810ff50>,24,13,[ 3 14],25,49,62,24,34
1,<environment.Job instance at 0x7f44d810f370>,6,20,[6 1],7,38,58,31,37
1,<environment.Job instance at 0x7f44d81135f0>,33,16,[2 8],34,62,78,28,49
1,<environment.Job instance at 0x7f44d81138c0>,40,15,[10  3],41,62,77,21,49
1,<environment.Job instance at 0x7f44d8113dc0>,45,13,[6 5],46,77,90,31,61
1,<environment.Job instance at 0x7f44d8113f50>,47,20,[6 5],48,78,98,30,69
1,<environment.Job instance at 0x7f44d81136e0>,35,15,[9 5],36,3350,3365,3314,3350
1,<environment.Job instance at 0x7f44e16f4500>,1,22,[11  3],2,3365,3387,3363,3361
1,<environment.Job instance at 0x7f44d8116780>,1,20,[5 3],2,2,22,0,2
1,<environment.Job instance at 0x7f44d7851280>,3,17,[5 7],4,4,21,0,4
1,<environment.Job instance at 0x7f44d7851e60>,4,13,[13  1],5,22,35,17,7
1,<environment.Job instance at 0x7f44d784e370>,8,14,[2 7],9,21,35,12,9
1,<environment.Job instance at 0x7f44d784e4b0>,6,12,[3 6],7,35,47,28,18
1,<environment.Job instance at 0x7f44d784e2d0>,12,18,[5 3],13,35,53,22,24
1,<environment.Job instance at 0x7f44d784ef00>,14,19,[3 8],15,47,66,32,38
1,<environment.Job instance at 0x7f44d784ebe0>,15,20,[2 6],16,53,73,37,44
1,<environment.Job instance at 0x7f44d784eb40>,16,21,[7 4],17,66,87,49,58
1,<environment.Job instance at 0x7f44d7851960>,10,23,[ 1 11],11,73,96,62,67
1,<environment.Job instance at 0x7f44d784fe60>,26,19,[4 8],27,96,115,69,86
1,<environment.Job instance at 0x7f44d7846a50>,27,13,[8 5],28,96,109,68,86
1,<environment.Job instance at 0x7f44d7846f00>,28,12,[10  2],29,109,121,80,92
1,<environment.Job instance at 0x7f44d78460f0>,29,13,[9 4],30,121,134,91,105
1,<environment.Job instance at 0x7f44d7966d70>,30,14,[2 6],31,115,129,84,105
1,<environment.Job instance at 0x7f44d79bcf50>,31,15,[5 9],32,129,144,97,115
1,<environment.Job instance at 0x7f44d792f550>,32,16,[ 4 10],33,144,160,111,131
1,<environment.Job instance at 0x7f44d79865a0>,39,16,[7 1],40,134,150,94,131
1,<environment.Job instance at 0x7f44d792f140>,41,20,[8 2],42,150,170,108,141
1,<environment.Job instance at 0x7f44d784e050>,9,17,[1 6],10,160,177,150,153
1,<environment.Job instance at 0x7f44d811c7d0>,0,16,[12  2],1,170,186,169,157
1,<environment.Job instance at 0x7f44d799a410>,42,21,[10  1],43,186,207,143,180
1,<environment.Job instance at 0x7f44d8034780>,45,15,[5 7],46,186,201,140,180
1,<environment.Job instance at 0x7f44d76c9be0>,48,17,[5 5],49,201,218,152,189
1,<environment.Job instance at 0x7f44d799a280>,44,25,[4 5],45,207,232,162,203
1,<environment.Job instance at 0x7f44d784f230>,24,27,[1 6],25,614,641,589,614
1,<environment.Job instance at 0x7f44d8118c30>,1,18,[ 1 10],2,2,20,0,2
1,<environment.Job instance at 0x7f44d76c95a0>,4,12,[4 6],5,20,32,15,5
1,<environment.Job instance at 0x7f44d76c9a50>,5,12,[14  5],6,6,18,0,6
1,<environment.Job instance at 0x7f44d76c9410>,9,14,[10  4],10,18,32,8,10
1,<environment.Job instance at 0x7f44d76c9cd0>,12,27,[12  2],13,32,59,19,30
1,<environment.Job instance at 0x7f44d76c9140>,13,15,[12  1],14,59,74,45,46
1,<environment.Job instance at 0x7f44d76c9f50>,14,14,[ 2 11],15,46,60,31,46
1,<environment.Job instance at 0x7f44d76c90f0>,0,18,[2 7],1,60,78,59,54
1,<environment.Job instance at 0x7f44d76c98c0>,10,21,[6 5],11,74,95,63,66
1,<environment.Job instance at 0x7f44d76c9500>,15,16,[7 5],16,78,94,62,67
1,<environment.Job instance at 0x7f44e163deb0>,21,13,[7 4],22,94,107,72,78
1,<environment.Job instance at 0x7f44e163d0f0>,27,16,[8 1],28,95,111,67,82
1,<environment.Job instance at 0x7f44e163d140>,28,15,[8 3],29,111,126,82,97
1,<environment.Job instance at 0x7f44e163d7d0>,18,14,[ 3 14],19,126,140,107,113
1,<environment.Job instance at 0x7f44e163d820>,30,18,[6 1],31,113,131,82,113
1,<environment.Job instance at 0x7f44e163dd70>,31,25,[6 1],32,131,156,99,127
1,<environment.Job instance at 0x7f44d76c9190>,16,21,[ 1 12],17,140,161,123,134
1,<environment.Job instance at 0x7f44e163d730>,32,28,[6 2],33,140,168,107,139
1,<environment.Job instance at 0x7f44e163de10>,34,16,[4 7],35,161,177,126,148
1,<environment.Job instance at 0x7f44e163d8c0>,35,25,[ 3 12],36,177,202,141,173
1,<environment.Job instance at 0x7f44e163df00>,29,17,[8 1],30,178,195,148,178
1,<environment.Job instance at 0x7f44e186e280>,40,13,[7 4],41,202,215,161,188
1,<environment.Job instance at 0x7f44d76c9320>,11,26,[ 5 12],12,215,241,203,212
1,<environment.Job instance at 0x7f44e1725eb0>,44,17,[14  2],45,241,258,196,229
1,<environment.Job instance at 0x7f44d76c9b90>,8,21,[ 1 10],9,253,274,244,253
1,<environment.Job instance at 0x7f44e163dbe0>,33,24,[6 4],34,258,282,224,257
1,<environment.Job instance at 0x7f44d76a8e10>,0,14,[1 8],1,1,15,0,1
1,<environment.Job instance at 0x7f44e163dbe0>,2,14,[14  4],3,3,17,0,3
1,<environment.Job instance at 0x7f44d7aa1af0>,6,14,[9 5],7,17,31,10,7
1,<environment.Job instance at 0x7f44d7c23690>,9,15,[1 7],10,15,30,5,11
1,<environment.Job instance at 0x7f44d7c23140>,13,13,[3 5],14,30,43,16,14
1,<environment.Job instance at 0x7f44d7c23050>,12,13,[3 8],13,31,44,18,15
1,<environment.Job instance at 0x7f44d7c9f870>,16,20,[1 5],17,43,63,26,34
1,<environment.Job instance at 0x7f44d7c32460>,27,17,[8 2],28,34,51,6,34
1,<environment.Job instance at 0x7f44d7c32f00>,29,16,[5 8],30,44,60,14,34
1,<environment.Job instance at 0x7f44d7c32550>,30,13,[8 5],31,60,73,29,44
1,<environment.Job instance at 0x7f44d7c325a0>,31,14,[2 9],32,63,77,31,48
1,<environment.Job instance at 0x7f44d76f20a0>,34,20,[5 2],35,73,93,38,64
1,<environment.Job instance at 0x7f44d78dc0a0>,42,12,[1 7],43,77,89,34,64
1,<environment.Job instance at 0x7f44d78d4eb0>,48,12,[10  5],49,89,101,40,72
1,<environment.Job instance at 0x7f44e163db40>,1,25,[ 1 11],2,242,267,240,242
1,<environment.Job instance at 0x7f44d7aa1960>,3,27,[9 1],4,1920,1947,1916,1920
1,<environment.Job instance at 0x7f44d7aa1b40>,10,26,[5 5],11,2424,2450,2413,2424
1,<environment.Job instance at 0x7f44d76d06e0>,0,14,[2 7],1,1,15,0,1
1,<environment.Job instance at 0x7f44d76d0820>,1,14,[13  5],2,2,16,0,2
1,<environment.Job instance at 0x7f44d7f7daf0>,5,16,[2 8],6,15,31,9,6
1,<environment.Job instance at 0x7f44d7f7d5a0>,8,18,[12  2],9,16,34,7,9
1,<environment.Job instance at 0x7f44d7f68d20>,12,13,[9 4],13,34,47,21,18
1,<environment.Job instance at 0x7f44d7f820a0>,14,17,[3 8],15,31,48,16,25
1,<environment.Job instance at 0x7f44d7f825f0>,20,14,[6 1],21,47,61,26,32
1,<environment.Job instance at 0x7f44d7f82be0>,22,16,[3 8],23,48,64,25,36
1,<environment.Job instance at 0x7f44d7f9a870>,26,13,[6 3],27,47,60,20,46
1,<environment.Job instance at 0x7f44d7aa8280>,27,13,[7 4],28,61,74,33,46
1,<environment.Job instance at 0x7f44d7f8da00>,29,20,[1 7],30,64,84,34,60
1,<environment.Job instance at 0x7f44d7b331e0>,37,16,[2 8],38,74,90,36,61
1,<environment.Job instance at 0x7f44d8c83a00>,44,16,[7 4],45,84,100,39,72
1,<environment.Job instance at 0x7f44d7f680a0>,11,26,[ 5 11],12,91,117,79,91
1,<environment.Job instance at 0x7f44d7f68d70>,9,15,[12  3],10,117,132,107,108
1,<environment.Job instance at 0x7f44d7f8be60>,2,25,[11  2],3,132,157,129,128
1,<environment.Job instance at 0x7f44d78cbbe0>,1,12,[11  1],2,2,14,0,2
1,<environment.Job instance at 0x7f44d8c84b90>,2,14,[5 5],3,14,28,11,3
1,<environment.Job instance at 0x7f44d8c84d70>,5,19,[9 4],6,14,33,8,6
1,<environment.Job instance at 0x7f44d8c84c80>,10,14,[2 7],11,28,42,17,13
1,<environment.Job instance at 0x7f44d8c848c0>,16,15,[3 6],17,33,48,16,19
1,<environment.Job instance at 0x7f44d8c84960>,18,16,[2 6],19,42,58,23,29
1,<environment.Job instance at 0x7f44d808c690>,20,19,[5 5],21,48,67,27,38
1,<environment.Job instance at 0x7f44d808ca00>,22,20,[8 5],23,58,78,35,49
1,<environment.Job instance at 0x7f44d808c050>,25,13,[4 8],26,67,80,41,51
1,<environment.Job instance at 0x7f44d808cf50>,26,13,[5 8],27,80,93,53,64
1,<environment.Job instance at 0x7f44d808caf0>,31,15,[6 1],32,78,93,46,64
1,<environment.Job instance at 0x7f44d8c84be0>,12,24,[ 3 13],13,93,117,80,88
1,<environment.Job instance at 0x7f44d808c9b0>,34,15,[ 1 12],35,117,132,82,104
1,<environment.Job instance at 0x7f44d808caa0>,35,14,[ 1 12],36,132,146,96,117
1,<environment.Job instance at 0x7f44d808cdc0>,36,13,[2 5],37,146,159,109,130
1,<environment.Job instance at 0x7f44d8c84640>,7,15,[12  2],8,130,145,122,130
1,<environment.Job instance at 0x7f44d808c410>,39,17,[6 2],40,145,162,105,133
1,<environment.Job instance at 0x7f44d8c660f0>,40,17,[5 1],41,145,162,104,133
1,<environment.Job instance at 0x7f44d808c550>,37,23,[6 4],38,162,185,124,156
1,<environment.Job instance at 0x7f44d8c66fa0>,42,13,[14  3],43,185,198,142,169
1,<environment.Job instance at 0x7f44d8c66730>,43,17,[4 6],44,198,215,154,186
1,<environment.Job instance at 0x7f44d8c84f50>,0,26,[8 4],1,198,224,197,195
1,<environment.Job instance at 0x7f44d8c66190>,45,14,[ 1 10],46,215,229,169,200
1,<environment.Job instance at 0x7f44d808c230>,33,22,[9 5],34,224,246,190,217
1,<environment.Job instance at 0x7f44d8c66be0>,48,15,[8 2],49,246,261,197,232
1,<environment.Job instance at 0x7f44d8c665a0>,46,23,[ 2 13],47,246,269,199,242
1,<environment.Job instance at 0x7f44d8c84730>,11,15,[4 8],12,626,641,614,626
1,<environment.Job instance at 0x7f44d8c84cd0>,2,17,[9 4],3,3,20,0,3
1,<environment.Job instance at 0x7f44d82448c0>,7,22,[3 9],8,8,30,0,8
1,<environment.Job instance at 0x7f44d8244960>,8,16,[11  1],9,20,36,11,9
1,<environment.Job instance at 0x7f44d8244c80>,11,15,[ 2 11],12,30,45,18,19
1,<environment.Job instance at 0x7f44d8232370>,21,15,[5 5],22,45,60,23,35
1,<environment.Job instance at 0x7f44d82324b0>,23,13,[4 8],24,45,58,21,35
1,<environment.Job instance at 0x7f44d8232550>,24,20,[6 1],25,36,56,11,36
1,<environment.Job instance at 0x7f44d8232730>,27,21,[5 9],28,58,79,30,50
1,<environment.Job instance at 0x7f44d8232d70>,40,13,[1 6],41,60,73,19,50
1,<environment.Job instance at 0x7f44d8249190>,42,20,[8 1],43,73,93,30,64
1,<environment.Job instance at 0x7f44d82493c0>,46,20,[5 7],47,79,99,32,71
1,<environment.Job instance at 0x7f44d82494b0>,47,16,[5 4],48,93,109,45,80
1,<environment.Job instance at 0x7f44d8249550>,48,14,[8 3],49,99,113,50,84
1,<environment.Job instance at 0x7f44d7b69280>,0,25,[6 3],1,109,134,108,105
1,<environment.Job instance at 0x7f44d8244dc0>,13,25,[2 8],14,152,177,138,152
1,<environment.Job instance at 0x7f44d8244af0>,9,14,[14  2],10,1829,1843,1819,1829
1,<environment.Job instance at 0x7f44d8244b90>,12,16,[11  1],13,1902,1918,1889,1902
1,<environment.Job instance at 0x7f44d7913050>,0,12,[14  1],1,1,13,0,1
1,<environment.Job instance at 0x7f44d8244b90>,2,18,[3 6],3,13,31,10,4
1,<environment.Job instance at 0x7f44d7913280>,4,15,[5 5],5,13,28,8,5
1,<environment.Job instance at 0x7f44d7913730>,8,12,[ 5 10],9,31,43,22,14
1,<environment.Job instance at 0x7f44d7913e60>,6,16,[3 9],7,43,59,36,31
1,<environment.Job instance at 0x7f44d7913640>,7,22,[11  2],8,43,65,35,36
1,<environment.Job instance at 0x7f44d79663c0>,12,15,[ 4 12],13,59,74,46,45
1,<environment.Job instance at 0x7f44d79138c0>,5,12,[11  5],6,74,86,68,61
1,<environment.Job instance at 0x7f44d7966aa0>,11,21,[4 8],12,74,95,62,66
1,<environment.Job instance at 0x7f44d7966b90>,15,14,[8 5],16,86,100,70,71
1,<environment.Job instance at 0x7f44d7966410>,17,16,[5 8],18,95,111,77,82
1,<environment.Job instance at 0x7f44d79665f0>,18,13,[1 7],19,100,113,81,84
1,<environment.Job instance at 0x7f44d79e3370>,25,13,[5 5],26,111,124,85,95
1,<environment.Job instance at 0x7f44d79e39b0>,28,14,[7 5],29,113,127,84,98
1,<environment.Job instance at 0x7f44d79e32d0>,29,25,[1 6],30,124,149,94,120
1,<environment.Job instance at 0x7f44d79e3690>,30,17,[12  4],31,127,144,96,120
1,<environment.Job instance at 0x7f44d7966c30>,13,21,[ 3 14],14,149,170,135,141
1,<environment.Job instance at 0x7f44d7881d70>,35,15,[8 5],36,170,185,134,156
1,<environment.Job instance at 0x7f44d7881c80>,40,23,[7 4],41,170,193,129,164
1,<environment.Job instance at 0x7f44d7881370>,41,22,[5 9],42,185,207,143,182
1,<environment.Job instance at 0x7f44d78818c0>,42,12,[7 2],43,193,205,150,182
1,<environment.Job instance at 0x7f44d7881910>,44,20,[3 8],45,207,227,162,198
1,<environment.Job instance at 0x7f44d7c02a50>,48,17,[4 8],49,227,244,178,215
1,<environment.Job instance at 0x7f44d79e3910>,32,27,[14  4],33,244,271,211,243
1,<environment.Job instance at 0x7f44d7966140>,14,18,[8 3],15,877,895,862,877
1,<environment.Job instance at 0x7f44d8244be0>,1,28,[ 1 13],2,895,923,893,894
1,<environment.Job instance at 0x7f44d87ec730>,0,22,[ 5 12],1,1,23,0,1
1,<environment.Job instance at 0x7f44d8c621e0>,5,14,[ 2 10],6,23,37,17,8
1,<environment.Job instance at 0x7f44d8c62500>,9,14,[ 5 10],10,37,51,27,22
1,<environment.Job instance at 0x7f44d8c62410>,10,16,[5 9],11,51,67,40,38
1,<environment.Job instance at 0x7f44d8c62460>,1,13,[4 9],2,67,80,65,51
1,<environment.Job instance at 0x7f44d8c62910>,15,15,[8 4],16,51,66,35,51
1,<environment.Job instance at 0x7f44d8c62b40>,17,14,[6 4],18,66,80,48,51
1,<environment.Job instance at 0x7f44d8c628c0>,6,17,[14  5],7,80,97,73,70
1,<environment.Job instance at 0x7f44d8c62640>,18,19,[1 7],19,82,101,63,82
1,<environment.Job instance at 0x7f44e12665f0>,32,15,[5 8],33,97,112,64,83
1,<environment.Job instance at 0x7f44e1266c80>,34,20,[10  4],35,101,121,66,92
1,<environment.Job instance at 0x7f44d7a6e730>,35,16,[6 3],36,121,137,85,108
1,<environment.Job instance at 0x7f44d7a6e4b0>,36,14,[5 7],37,112,126,75,108
1,<environment.Job instance at 0x7f44d7a6e190>,37,18,[4 7],38,126,144,88,122
1,<environment.Job instance at 0x7f44d7a6e820>,43,12,[10  3],44,137,149,93,122
1,<environment.Job instance at 0x7f44d7a6e690>,46,16,[2 9],47,144,160,97,131
1,<environment.Job instance at 0x7f44d7a6ea00>,47,14,[5 6],48,149,163,101,134
1,<environment.Job instance at 0x7f44d8c62280>,19,18,[14  4],20,367,385,347,367
1,<environment.Job instance at 0x7f44d7fbaa00>,6,14,[ 4 10],7,7,21,0,7
1,<environment.Job instance at 0x7f44d80cc7d0>,8,12,[8 5],9,9,21,0,9
1,<environment.Job instance at 0x7f44d80cc960>,9,21,[9 2],10,21,42,11,13
1,<environment.Job instance at 0x7f44d80cc320>,13,16,[6 3],14,21,37,7,14
1,<environment.Job instance at 0x7f44d80cc410>,19,19,[7 4],20,42,61,22,39
1,<environment.Job instance at 0x7f44d80cc780>,20,12,[ 3 12],21,61,73,40,46
1,<environment.Job instance at 0x7f44d7d613c0>,32,16,[10  3],33,61,77,28,48
1,<environment.Job instance at 0x7f44d7d61140>,21,26,[7 3],22,77,103,55,74
1,<environment.Job instance at 0x7f44d7996b40>,41,13,[6 5],42,77,90,35,74
1,<environment.Job instance at 0x7f44d79968c0>,42,24,[13  3],43,103,127,60,98
1,<environment.Job instance at 0x7f44d7996d20>,43,14,[4 5],44,127,141,83,112
1,<environment.Job instance at 0x7f44d7996870>,40,18,[10  4],41,127,145,86,120
1,<environment.Job instance at 0x7f44d8c57730>,47,15,[9 5],48,145,160,97,131
1,<environment.Job instance at 0x7f44d7fba230>,0,17,[8 1],1,160,177,159,148
1,<environment.Job instance at 0x7f44d7d61410>,24,26,[11  4],25,2869,2895,2844,2869
1,<environment.Job instance at 0x7f44d7dc4a00>,0,15,[5 1],1,1,16,0,1
1,<environment.Job instance at 0x7f44d7dc41e0>,1,18,[5 9],2,3,21,1,3
1,<environment.Job instance at 0x7f44d7ecd2d0>,6,14,[5 9],7,21,35,14,7
1,<environment.Job instance at 0x7f44d7ecdcd0>,8,12,[2 5],9,9,21,0,9
1,<environment.Job instance at 0x7f44d7ecd780>,9,16,[6 5],10,21,37,11,10
1,<environment.Job instance at 0x7f44d7e20dc0>,16,18,[7 5],17,35,53,18,25
1,<environment.Job instance at 0x7f44d80675a0>,17,18,[5 9],18,37,55,19,29
1,<environment.Job instance at 0x7f44d7b9dd70>,3,21,[ 2 11],4,55,76,51,47
1,<environment.Job instance at 0x7f44d8067af0>,15,26,[2 6],16,76,102,60,73
1,<environment.Job instance at 0x7f44d7e2c0f0>,26,18,[6 4],27,73,91,46,73
1,<environment.Job instance at 0x7f44d7f1ed70>,27,27,[7 2],28,76,103,48,74
1,<environment.Job instance at 0x7f44d8a6dd20>,28,15,[13  2],29,103,118,74,89
1,<environment.Job instance at 0x7f44d83bbdc0>,29,17,[11  1],30,118,135,88,106
1,<environment.Job instance at 0x7f44d7ad9640>,30,24,[13  2],31,135,159,104,130
1,<environment.Job instance at 0x7f44d7cc20f0>,31,16,[7 3],32,159,175,127,146
1,<environment.Job instance at 0x7f44d7e2c8c0>,24,19,[9 4],25,175,194,150,169
1,<environment.Job instance at 0x7f44d7acadc0>,41,15,[6 3],42,173,188,131,173
1,<environment.Job instance at 0x7f44d81887d0>,43,18,[7 5],44,194,212,150,183
1,<environment.Job instance at 0x7f44d8707c30>,46,17,[10  3],47,212,229,165,203
1,<environment.Job instance at 0x7f44d8067f50>,11,27,[1 8],12,541,568,529,541
1,<environment.Job instance at 0x7f44d7cf1b40>,25,27,[10  2],26,542,569,516,542
1,<environment.Job instance at 0x7f44d8067910>,14,27,[11  3],15,578,605,563,578
1,<environment.Job instance at 0x7f44d865e820>,6,18,[11  5],7,7,25,0,7
1,<environment.Job instance at 0x7f44d7d0fa00>,10,20,[2 9],11,11,31,0,11
1,<environment.Job instance at 0x7f44d7d0f550>,13,14,[1 5],14,25,39,11,14
1,<environment.Job instance at 0x7f44d7decb90>,18,15,[1 6],19,31,46,12,20
1,<environment.Job instance at 0x7f44d8723d70>,19,14,[12  4],20,31,45,11,22
1,<environment.Job instance at 0x7f44d7743f00>,22,12,[14  4],23,45,57,22,28
1,<environment.Job instance at 0x7f44d8164410>,25,13,[1 7],26,46,59,20,30
1,<environment.Job instance at 0x7f44d85d4c80>,32,13,[5 5],33,57,70,24,41
1,<environment.Job instance at 0x7f44d7749410>,36,14,[6 4],37,59,73,22,44
1,<environment.Job instance at 0x7f44d8145320>,23,15,[7 4],24,70,85,46,56
1,<environment.Job instance at 0x7f44d73e7b90>,44,20,[3 8],45,73,93,28,64
1,<environment.Job instance at 0x7f44d89db0f0>,46,14,[ 4 10],47,93,107,46,78
1,<environment.Job instance at 0x7f44d8249780>,47,13,[6 2],48,85,98,37,78
1,<environment.Job instance at 0x7f44d73e7640>,45,17,[2 9],46,124,141,78,124
1,<environment.Job instance at 0x7f44d865efa0>,0,17,[12  4],1,127,144,126,127
1,<environment.Job instance at 0x7f44d76d0960>,21,20,[10  5],22,6117,6137,6095,6117
1,<environment.Job instance at 0x7f44d7d0faa0>,15,18,[1 7],16,6118,6136,6102,6118
1,<environment.Job instance at 0x7f44d8583190>,1,18,[6 1],2,2,20,0,2
1,<environment.Job instance at 0x7f44d79fc4b0>,2,19,[1 7],3,3,22,0,3
1,<environment.Job instance at 0x7f44d79fc280>,8,17,[7 1],9,9,26,0,9
1,<environment.Job instance at 0x7f44d79fc730>,10,14,[12  4],11,26,40,15,11
1,<environment.Job instance at 0x7f44d7a0d820>,17,16,[ 4 10],18,40,56,22,27
1,<environment.Job instance at 0x7f44d7a0d7d0>,19,17,[5 5],20,40,57,20,28
1,<environment.Job instance at 0x7f44d7a0ddc0>,21,15,[9 4],22,56,71,34,42
1,<environment.Job instance at 0x7f44d7a0deb0>,23,13,[1 5],24,56,69,32,42
1,<environment.Job instance at 0x7f44d7a0d780>,27,20,[7 1],28,71,91,43,62
1,<environment.Job instance at 0x7f44d7a08f50>,29,16,[4 9],30,69,85,39,63
1,<environment.Job instance at 0x7f44d7a08230>,30,18,[ 2 10],31,85,103,54,76
1,<environment.Job instance at 0x7f44d7a08a50>,33,14,[6 5],34,91,105,57,76
1,<environment.Job instance at 0x7f44d7a08320>,35,15,[10  3],36,105,120,69,91
1,<environment.Job instance at 0x7f44d7a08eb0>,38,13,[9 4],39,120,133,81,104
1,<environment.Job instance at 0x7f44d7a08730>,41,15,[4 5],42,104,119,62,104
1,<environment.Job instance at 0x7f44d7a08dc0>,43,21,[1 6],44,105,126,61,104
1,<environment.Job instance at 0x7f44d85ce370>,46,16,[4 5],47,119,135,72,106
1,<environment.Job instance at 0x7f44d79fc410>,14,20,[10  4],15,133,153,118,124
1,<environment.Job instance at 0x7f44d79fc140>,12,21,[6 4],13,153,174,140,145
1,<environment.Job instance at 0x7f44d79fcf50>,0,18,[14  3],1,174,192,173,163
1,<environment.Job instance at 0x7f44d87367d0>,1,16,[9 2],2,2,18,0,2
1,<environment.Job instance at 0x7f44d85ce4b0>,4,21,[6 5],5,5,26,0,5
1,<environment.Job instance at 0x7f44d85ceaa0>,7,13,[9 4],8,18,31,10,8
1,<environment.Job instance at 0x7f44d87368c0>,8,19,[ 5 10],9,26,45,17,16
1,<environment.Job instance at 0x7f44d82905f0>,11,17,[4 5],12,31,48,19,19
1,<environment.Job instance at 0x7f44d82903c0>,13,15,[4 9],14,45,60,31,31
1,<environment.Job instance at 0x7f44d8950e60>,18,17,[5 2],19,48,65,29,36
1,<environment.Job instance at 0x7f44d7d685a0>,19,18,[1 9],20,60,78,40,49
1,<environment.Job instance at 0x7f44d86daaa0>,20,15,[6 3],21,49,64,28,49
1,<environment.Job instance at 0x7f44d79e20f0>,21,15,[3 9],22,78,93,56,64
1,<environment.Job instance at 0x7f44d79e2190>,22,21,[9 5],23,65,86,42,64
1,<environment.Job instance at 0x7f44d8cf5f50>,26,14,[7 2],27,86,100,59,71
1,<environment.Job instance at 0x7f44d8290a50>,10,17,[4 7],11,93,110,82,81
1,<environment.Job instance at 0x7f44d8955820>,31,13,[7 1],32,100,113,68,84
1,<environment.Job instance at 0x7f44d772d4b0>,32,14,[3 6],33,93,107,60,84
1,<environment.Job instance at 0x7f44d7f37730>,34,19,[6 1],35,110,129,75,100
1,<environment.Job instance at 0x7f44d85ce9b0>,9,15,[7 3],10,113,128,103,100
1,<environment.Job instance at 0x7f44d8bc4e60>,36,16,[5 8],37,128,144,91,115
1,<environment.Job instance at 0x7f44d7cf3f00>,37,21,[14  1],38,144,165,106,136
1,<environment.Job instance at 0x7f44d85e01e0>,41,14,[6 1],42,165,179,123,150
1,<environment.Job instance at 0x7f44d83cc870>,33,25,[4 6],34,165,190,131,162
1,<environment.Job instance at 0x7f44d81453c0>,44,14,[3 9],45,179,193,134,164
1,<environment.Job instance at 0x7f44d8145d20>,45,12,[ 1 14],46,193,205,147,176
1,<environment.Job instance at 0x7f44d81455a0>,46,14,[13  4],47,205,219,158,193
1,<environment.Job instance at 0x7f44d80240f0>,43,17,[10  4],44,219,236,175,207
1,<environment.Job instance at 0x7f44d8024e60>,42,20,[6 3],43,236,256,193,227
1,<environment.Job instance at 0x7f44d87363c0>,0,18,[7 3],1,236,254,235,227
1,<environment.Job instance at 0x7f44d85ce280>,6,20,[3 6],7,611,631,604,611
1,<environment.Job instance at 0x7f44d7d5cdc0>,1,20,[5 6],2,2,22,0,2
1,<environment.Job instance at 0x7f44d849e190>,5,16,[10  2],6,6,22,0,6
1,<environment.Job instance at 0x7f44d849e4b0>,9,13,[8 2],10,22,35,12,10
1,<environment.Job instance at 0x7f44d849e410>,8,17,[5 5],9,22,39,13,10
1,<environment.Job instance at 0x7f44d849e7d0>,12,15,[9 3],13,35,50,22,21
1,<environment.Job instance at 0x7f44d849e780>,14,12,[13  4],15,50,62,35,37
1,<environment.Job instance at 0x7f44d849ea50>,16,18,[10  2],17,62,80,45,51
1,<environment.Job instance at 0x7f44d849ecd0>,20,21,[5 2],21,62,83,41,54
1,<environment.Job instance at 0x7f44d849ef00>,25,12,[3 6],26,80,92,54,63
1,<environment.Job instance at 0x7f44d84b3050>,27,13,[7 4],28,80,93,52,64
1,<environment.Job instance at 0x7f44d84b3190>,30,15,[5 2],31,83,98,52,70
1,<environment.Job instance at 0x7f44d84b33c0>,32,14,[7 1],33,93,107,60,78
1,<environment.Job instance at 0x7f44d849e870>,13,16,[6 3],14,98,114,84,85
1,<environment.Job instance at 0x7f44d84b3690>,35,27,[12  1],36,114,141,78,112
1,<environment.Job instance at 0x7f44d8babd70>,0,27,[ 3 14],1,114,141,113,114
1,<environment.Job instance at 0x7f44d84b38c0>,37,14,[2 6],38,141,155,103,126
1,<environment.Job instance at 0x7f44d84b35f0>,34,22,[9 4],35,141,163,106,134
1,<environment.Job instance at 0x7f44d84b3e60>,47,20,[3 7],48,155,175,107,146
1,<environment.Job instance at 0x7f44d84b3730>,36,22,[11  5],37,165,187,128,165
1,<environment.Job instance at 0x7f44d84b3370>,38,22,[ 3 14],39,187,209,148,181
1,<environment.Job instance at 0x7f44d849e730>,10,19,[8 4],11,526,545,515,526
1,<environment.Job instance at 0x7f44d849e5f0>,2,14,[14  1],3,6,20,3,6
1,<environment.Job instance at 0x7f44d750d3c0>,5,13,[ 2 10],6,20,33,14,6
1,<environment.Job instance at 0x7f44d7da6410>,9,22,[5 7],10,33,55,23,26
1,<environment.Job instance at 0x7f44d7da65a0>,12,12,[8 4],13,26,38,13,26
1,<environment.Job instance at 0x7f44d7da6af0>,14,13,[5 4],15,38,51,23,26
1,<environment.Job instance at 0x7f44d7da62d0>,15,14,[8 5],16,51,65,35,36
1,<environment.Job instance at 0x7f44d7da6960>,18,15,[7 2],19,55,70,36,41
1,<environment.Job instance at 0x7f44d7da6280>,21,16,[4 6],22,65,81,43,52
1,<environment.Job instance at 0x7f44d74ffaa0>,28,13,[5 3],29,70,83,41,54
1,<environment.Job instance at 0x7f44d74ffc80>,29,16,[ 3 10],30,81,97,51,68
1,<environment.Job instance at 0x7f44d74ff0f0>,31,16,[5 1],32,70,86,38,68
1,<environment.Job instance at 0x7f44d74ff820>,34,18,[2 8],35,97,115,62,86
1,<environment.Job instance at 0x7f44d74ffc30>,36,19,[11  5],37,86,105,49,86
1,<environment.Job instance at 0x7f44d74fffa0>,38,23,[3 7],39,105,128,66,99
1,<environment.Job instance at 0x7f44d74ff460>,39,17,[1 6],40,115,132,75,103
1,<environment.Job instance at 0x7f44d74ffbe0>,40,21,[1 8],41,128,149,87,120
1,<environment.Job instance at 0x7f44d74ff190>,43,20,[11  5],44,132,152,88,123
1,<environment.Job instance at 0x7f44d74ff2d0>,48,25,[1 5],49,149,174,100,145
1,<environment.Job instance at 0x7f44d750da50>,0,18,[1 5],1,558,576,557,558
1,<environment.Job instance at 0x7f44d7da6730>,10,19,[1 7],11,576,595,565,576
1,<environment.Job instance at 0x7f44d7da6f00>,8,21,[2 6],9,792,813,783,792
1,<environment.Job instance at 0x7f44d7da6a50>,11,27,[ 1 11],12,8750,8777,8738,8750
1,<environment.Job instance at 0x7f44d896c870>,2,23,[10  4],3,3,26,0,3
1,<environment.Job instance at 0x7f44d896c0f0>,5,17,[3 6],6,11,28,5,11
1,<environment.Job instance at 0x7f44d896c820>,6,18,[14  2],7,28,46,21,17
1,<environment.Job instance at 0x7f44d7e654b0>,8,16,[1 5],9,28,44,19,28
1,<environment.Job instance at 0x7f44d7e65c80>,13,15,[3 8],14,46,61,32,37
1,<environment.Job instance at 0x7f44d7e65aa0>,9,21,[12  3],10,46,67,36,38
1,<environment.Job instance at 0x7f44d7e652d0>,15,13,[14  1],16,67,80,51,51
1,<environment.Job instance at 0x7f44d81f60a0>,21,17,[9 2],22,80,97,58,73
1,<environment.Job instance at 0x7f44d81f6f00>,29,14,[5 4],30,80,94,50,77
1,<environment.Job instance at 0x7f44d896c280>,7,27,[ 5 13],8,94,121,86,92
1,<environment.Job instance at 0x7f44d81f6d20>,33,28,[5 7],34,121,149,87,120
1,<environment.Job instance at 0x7f44d81f6500>,34,12,[ 4 11],35,149,161,114,132
1,<environment.Job instance at 0x7f44d81f6690>,32,18,[9 3],33,146,164,113,146
1,<environment.Job instance at 0x7f44d8b24820>,40,13,[8 3],41,164,177,123,148
1,<environment.Job instance at 0x7f44d7e65190>,16,26,[11  5],17,177,203,160,175
1,<environment.Job instance at 0x7f44d896c5f0>,4,17,[10  5],5,203,220,198,195
1,<environment.Job instance at 0x7f44d896c910>,0,24,[11  5],1,220,244,219,215
1,<environment.Job instance at 0x7f44d8c4a820>,0,13,[7 5],1,1,14,0,1
1,<environment.Job instance at 0x7f44d84f20f0>,3,14,[14  2],4,14,28,10,5
1,<environment.Job instance at 0x7f44d7a48eb0>,4,15,[4 6],5,28,43,23,15
1,<environment.Job instance at 0x7f44d84f2d70>,7,17,[5 4],8,28,45,20,16
1,<environment.Job instance at 0x7f44d742ccd0>,15,21,[6 5],16,28,49,12,20
1,<environment.Job instance at 0x7f44d7ab7190>,27,19,[2 8],28,45,64,17,35
1,<environment.Job instance at 0x7f44d74836e0>,28,15,[1 9],29,64,79,35,50
1,<environment.Job instance at 0x7f44d84f2b90>,9,16,[ 4 10],10,79,95,69,67
1,<environment.Job instance at 0x7f44d851cb40>,34,13,[4 7],35,95,108,60,79
1,<environment.Job instance at 0x7f44d84f2320>,6,28,[5 4],7,79,107,72,79
1,<environment.Job instance at 0x7f44d8500aa0>,36,28,[14  1],37,108,136,71,107
1,<environment.Job instance at 0x7f44d851c6e0>,33,18,[1 8],34,109,127,75,109
1,<environment.Job instance at 0x7f44d84bbf50>,37,16,[ 3 12],38,136,152,98,123
1,<environment.Job instance at 0x7f44d84bb0a0>,44,16,[11  5],45,152,168,107,139
1,<environment.Job instance at 0x7f44d84bb550>,43,18,[5 8],44,168,186,124,157
1,<environment.Job instance at 0x7f44d7aca140>,46,15,[ 1 10],47,186,201,139,172
1,<environment.Job instance at 0x7f44d84bb050>,48,20,[10  2],49,172,192,123,172
1,<environment.Job instance at 0x7f44d84bb140>,45,25,[2 8],46,201,226,155,198
1,<environment.Job instance at 0x7f44d84f2e60>,5,22,[7 1],6,632,654,626,632
1,<environment.Job instance at 0x7f44d8c4ab90>,1,21,[13  2],2,654,675,652,646
1,<environment.Job instance at 0x7f44d7d2eaf0>,3,14,[7 2],4,4,18,0,4
1,<environment.Job instance at 0x7f44d7d2e820>,6,12,[6 1],7,7,19,0,7
1,<environment.Job instance at 0x7f44d7dcedc0>,9,20,[5 6],10,18,38,8,10
1,<environment.Job instance at 0x7f44d7dcefa0>,10,15,[10  1],11,19,34,8,11
1,<environment.Job instance at 0x7f44d7dce410>,14,12,[ 3 12],15,38,50,23,21
1,<environment.Job instance at 0x7f44d7dcea00>,15,12,[11  4],16,50,62,34,33
1,<environment.Job instance at 0x7f44d7d2e7d0>,12,16,[6 5],13,62,78,49,49
1,<environment.Job instance at 0x7f44d7dce730>,16,20,[ 3 14],17,78,98,61,69
1,<environment.Job instance at 0x7f44d7dce7d0>,20,28,[ 1 11],21,98,126,77,97
1,<environment.Job instance at 0x7f44d7dceb90>,21,22,[8 3],22,98,120,76,97
1,<environment.Job instance at 0x7f44d7dce5f0>,11,14,[3 8],12,126,140,114,112
1,<environment.Job instance at 0x7f44d7dce960>,23,27,[13  4],24,140,167,116,138
1,<environment.Job instance at 0x7f44d850a780>,42,18,[ 2 12],43,167,185,124,156
1,<environment.Job instance at 0x7f44d7dce9b0>,13,14,[5 4],14,185,199,171,170
1,<environment.Job instance at 0x7f44d850a140>,41,17,[2 7],42,185,202,143,179
1,<environment.Job instance at 0x7f44d7dcebe0>,22,28,[14  4],23,202,230,179,201
1,<environment.Job instance at 0x7f44d850a8c0>,48,18,[5 9],49,230,248,181,219
1,<environment.Job instance at 0x7f44d744fc80>,0,14,[7 4],1,1,15,0,1
1,<environment.Job instance at 0x7f44d744f230>,1,13,[11  1],2,15,28,13,2
1,<environment.Job instance at 0x7f44d78011e0>,7,21,[2 5],8,8,29,0,8
1,<environment.Job instance at 0x7f44d78013c0>,8,19,[7 2],9,28,47,19,18
1,<environment.Job instance at 0x7f44d78015a0>,12,14,[5 5],13,28,42,15,18
1,<environment.Job instance at 0x7f44d7801780>,15,16,[6 1],16,42,58,26,29
1,<environment.Job instance at 0x7f44d7801870>,18,18,[1 5],19,29,47,10,29
1,<environment.Job instance at 0x7f44d7801aa0>,20,12,[6 3],21,47,59,26,30
1,<environment.Job instance at 0x7f44d7801280>,21,16,[10  2],22,59,75,37,46
1,<environment.Job instance at 0x7f44d7801d20>,25,13,[9 5],26,75,88,49,59
1,<environment.Job instance at 0x7f44d7801dc0>,26,18,[6 2],27,75,93,48,64
1,<environment.Job instance at 0x7f44d7801f50>,28,13,[7 5],29,88,101,59,72
1,<environment.Job instance at 0x7f44d7801fa0>,31,15,[7 3],32,93,108,61,79
1,<environment.Job instance at 0x7f44d77ea4b0>,35,14,[4 7],36,101,115,65,86
1,<environment.Job instance at 0x7f44d77ea550>,36,21,[2 8],37,108,129,71,100
1,<environment.Job instance at 0x7f44d77ea910>,42,18,[5 4],43,115,133,72,107
1,<environment.Job instance at 0x7f44d77ea9b0>,43,18,[11  5],44,133,151,89,122
1,<environment.Job instance at 0x7f44d77eaa50>,44,13,[1 6],45,129,142,84,122
1,<environment.Job instance at 0x7f44d77ead70>,46,22,[2 6],47,142,164,95,135
1,<environment.Job instance at 0x7f44d77eabe0>,48,17,[7 4],49,151,168,102,139
1,<environment.Job instance at 0x7f44d78097d0>,9,20,[3 9],10,4805,4825,4795,4805
1,<environment.Job instance at 0x7f44d7aa32d0>,2,26,[ 1 13],3,4825,4851,4822,4823
1,<environment.Job instance at 0x7f909f610460>,0,13,[9 3],1,1,14,0,1
1,<environment.Job instance at 0x7f909f6105f0>,2,22,[4 8],3,3,25,0,3
1,<environment.Job instance at 0x7f9096029280>,4,21,[1 6],5,14,35,9,6
1,<environment.Job instance at 0x7f9096029190>,6,20,[6 1],7,14,34,7,11
1,<environment.Job instance at 0x7f9096029730>,14,13,[7 3],15,25,38,10,19
1,<environment.Job instance at 0x7f90960295a0>,23,18,[2 7],24,35,53,11,29
1,<environment.Job instance at 0x7f909602d370>,30,27,[4 8],31,38,65,7,36
1,<environment.Job instance at 0x7f909602d780>,34,24,[1 8],35,65,89,30,60
1,<environment.Job instance at 0x7f9096029460>,7,25,[6 2],8,60,85,52,60
1,<environment.Job instance at 0x7f909602d7d0>,36,13,[ 3 14],37,89,102,52,73
1,<environment.Job instance at 0x7f909602d820>,35,15,[9 5],36,102,117,66,92
1,<environment.Job instance at 0x7f909602d960>,38,20,[ 1 10],39,102,122,63,93
1,<environment.Job instance at 0x7f909602d730>,39,24,[5 6],40,122,146,82,117
1,<environment.Job instance at 0x7f909602d6e0>,33,16,[2 8],34,127,143,93,127
1,<environment.Job instance at 0x7f909602da50>,40,15,[10  3],41,143,158,102,131
1,<environment.Job instance at 0x7f909602dc30>,43,13,[13  1],44,158,171,114,146
1,<environment.Job instance at 0x7f909602dd70>,45,13,[6 5],46,171,184,125,155
1,<environment.Job instance at 0x7f909602db90>,42,20,[9 4],43,171,191,128,163
1,<environment.Job instance at 0x7f909602dfa0>,47,20,[6 5],48,184,204,136,175
1,<environment.Job instance at 0x7f9096030280>,51,20,[5 3],52,191,211,139,182
1,<environment.Job instance at 0x7f90960301e0>,53,17,[5 7],54,204,221,150,192
1,<environment.Job instance at 0x7f90960304b0>,56,12,[3 6],57,192,204,135,192
1,<environment.Job instance at 0x7f90960305f0>,58,14,[2 7],59,211,225,152,196
1,<environment.Job instance at 0x7f909f6104b0>,1,22,[11  3],2,221,243,219,214
1,<environment.Job instance at 0x7f9096029140>,2,18,[5 3],3,3,21,0,3
1,<environment.Job instance at 0x7f909f6104b0>,4,19,[3 8],5,5,24,0,5
1,<environment.Job instance at 0x7f9095745f00>,6,21,[7 4],7,7,28,0,7
1,<environment.Job instance at 0x7f909576b6e0>,5,20,[2 6],6,24,44,18,17
1,<environment.Job instance at 0x7f9095760c80>,17,13,[8 5],18,28,41,10,18
1,<environment.Job instance at 0x7f90957606e0>,18,12,[10  2],19,41,53,22,24
1,<environment.Job instance at 0x7f90957604b0>,20,14,[2 6],21,41,55,20,26
1,<environment.Job instance at 0x7f9095760a50>,21,15,[5 9],22,53,68,31,40
1,<environment.Job instance at 0x7f90957602d0>,22,16,[ 4 10],23,68,84,45,58
1,<environment.Job instance at 0x7f909576be10>,16,19,[4 8],17,84,103,67,74
1,<environment.Job instance at 0x7f9095893460>,29,16,[7 1],30,74,90,44,74
1,<environment.Job instance at 0x7f909584a9b0>,31,20,[8 2],32,90,110,58,81
1,<environment.Job instance at 0x7f909584a820>,35,15,[5 7],36,103,118,67,101
1,<environment.Job instance at 0x7f909584a140>,38,17,[5 5],39,110,127,71,101
1,<environment.Job instance at 0x7f90958aaa50>,40,18,[2 7],41,118,136,77,107
1,<environment.Job instance at 0x7f90958e90f0>,41,18,[ 1 10],42,136,154,94,125
1,<environment.Job instance at 0x7f90958aa8c0>,44,12,[4 6],45,154,166,109,137
1,<environment.Job instance at 0x7f90955d6d20>,49,14,[10  4],50,137,151,87,137
1,<environment.Job instance at 0x7f90955cfb90>,50,21,[6 5],51,151,172,100,143
1,<environment.Job instance at 0x7f90956a4870>,55,16,[7 5],56,166,182,110,153
1,<environment.Job instance at 0x7f9095766730>,0,23,[ 1 11],1,182,205,181,177
1,<environment.Job instance at 0x7f9096036d20>,1,13,[7 4],2,2,15,0,2
1,<environment.Job instance at 0x7f90956a7460>,7,16,[8 1],8,8,24,0,8
1,<environment.Job instance at 0x7f90956a7c80>,11,25,[6 1],12,15,40,3,12
1,<environment.Job instance at 0x7f90956a7960>,12,28,[6 2],13,24,52,11,23
1,<environment.Job instance at 0x7f90956a7320>,8,15,[8 3],9,40,55,31,27
1,<environment.Job instance at 0x7f90956a7be0>,14,16,[4 7],15,52,68,37,39
1,<environment.Job instance at 0x7f90956a7780>,0,19,[13  1],1,68,87,67,58
1,<environment.Job instance at 0x7f90955ba960>,18,13,[14  1],19,87,100,68,71
1,<environment.Job instance at 0x7f90956a7dc0>,17,28,[1 9],18,72,100,54,72
1,<environment.Job instance at 0x7f90955ba640>,20,13,[7 4],21,100,113,79,84
1,<environment.Job instance at 0x7f90955ba370>,22,13,[12  5],23,113,126,90,97
1,<environment.Job instance at 0x7f90955ba8c0>,19,28,[ 2 10],20,100,128,80,99
1,<environment.Job instance at 0x7f90956a71e0>,10,18,[6 1],11,126,144,115,115
1,<environment.Job instance at 0x7f90956a7820>,9,17,[8 1],10,128,145,118,118
1,<environment.Job instance at 0x7f90955ba9b0>,29,15,[10  4],30,145,160,115,131
1,<environment.Job instance at 0x7f90955ba690>,30,14,[1 8],31,131,145,100,131
1,<environment.Job instance at 0x7f90955cb690>,36,14,[9 5],37,160,174,123,146
1,<environment.Job instance at 0x7f90955cb8c0>,39,15,[1 7],40,146,161,106,146
1,<environment.Job instance at 0x7f90955cb050>,42,13,[3 8],43,161,174,118,146
1,<environment.Job instance at 0x7f90955cb320>,43,13,[3 5],44,174,187,130,158
1,<environment.Job instance at 0x7f90955cbb40>,46,20,[1 5],47,174,194,127,165
1,<environment.Job instance at 0x7f90955ba5f0>,24,17,[14  2],25,187,204,162,175
1,<environment.Job instance at 0x7f90955cbc80>,47,22,[3 7],48,204,226,156,197
1,<environment.Job instance at 0x7f90955cb640>,57,17,[8 2],58,204,221,146,197
1,<environment.Job instance at 0x7f90955ba7d0>,25,27,[4 8],26,221,248,195,220
1,<environment.Job instance at 0x7f90955ba190>,23,20,[ 4 10],24,248,268,224,243
1,<environment.Job instance at 0x7f90955cbcd0>,48,20,[ 3 12],49,268,288,219,259
1,<environment.Job instance at 0x7f9095b35550>,0,13,[8 5],1,1,14,0,1
1,<environment.Job instance at 0x7f90955cb5a0>,1,14,[2 9],2,2,16,0,2
1,<environment.Job instance at 0x7f9095b35690>,4,20,[5 2],5,14,34,9,5
1,<environment.Job instance at 0x7f909561d410>,18,12,[10  5],19,19,31,0,19
1,<environment.Job instance at 0x7f909561d910>,20,14,[2 7],21,31,45,10,21
1,<environment.Job instance at 0x7f90955ba280>,25,16,[2 8],26,34,50,8,26
1,<environment.Job instance at 0x7f9095aa98c0>,32,13,[9 4],33,45,58,12,33
1,<environment.Job instance at 0x7f90956338c0>,34,17,[3 8],35,50,67,15,38
1,<environment.Job instance at 0x7f9095b358c0>,12,12,[1 7],13,58,70,45,47
1,<environment.Job instance at 0x7f90956334b0>,40,14,[6 1],41,67,81,26,52
1,<environment.Job instance at 0x7f90956333c0>,42,16,[3 8],43,70,86,27,57
1,<environment.Job instance at 0x7f9095633690>,38,25,[6 2],39,67,92,28,63
1,<environment.Job instance at 0x7f9095633c30>,43,14,[10  1],44,92,106,48,77
1,<environment.Job instance at 0x7f9095633e60>,46,13,[6 3],47,106,119,59,90
1,<environment.Job instance at 0x7f9095633a50>,47,13,[7 4],48,106,119,58,90
1,<environment.Job instance at 0x7f9095633b40>,49,20,[1 7],50,96,116,46,96
1,<environment.Job instance at 0x7f90955b90a0>,57,16,[2 8],58,116,132,58,103
1,<environment.Job instance at 0x7f9095633280>,44,16,[11  2],45,119,135,74,107
1,<environment.Job instance at 0x7f9095b35780>,2,20,[13  3],3,135,155,132,127
1,<environment.Job instance at 0x7f9095a60460>,4,16,[7 4],5,5,21,0,5
1,<environment.Job instance at 0x7f9095a40460>,11,12,[11  1],12,21,33,9,12
1,<environment.Job instance at 0x7f9095a78d20>,17,15,[12  2],18,33,48,15,19
1,<environment.Job instance at 0x7f9095a78b40>,18,20,[11  2],19,48,68,29,39
1,<environment.Job instance at 0x7f9095a78dc0>,19,25,[ 2 13],20,39,64,19,39
1,<environment.Job instance at 0x7f9095a78be0>,20,14,[2 7],21,64,78,43,49
1,<environment.Job instance at 0x7f9095a78190>,21,15,[4 8],22,68,83,46,54
1,<environment.Job instance at 0x7f9095a786e0>,22,24,[ 3 13],23,83,107,60,78
1,<environment.Job instance at 0x7f9095a784b0>,23,15,[ 2 13],24,107,122,83,93
1,<environment.Job instance at 0x7f9095a78e60>,24,13,[ 5 14],25,122,135,97,106
1,<environment.Job instance at 0x7f9095a5e0f0>,25,20,[11  2],26,135,155,109,126
1,<environment.Job instance at 0x7f9095e2e140>,26,15,[3 6],27,135,150,108,126
1,<environment.Job instance at 0x7f9095a5e410>,27,21,[ 4 14],28,155,176,127,147
1,<environment.Job instance at 0x7f9095e360f0>,28,16,[2 6],29,176,192,147,163
1,<environment.Job instance at 0x7f9095a78aa0>,16,19,[13  1],17,176,195,159,172
1,<environment.Job instance at 0x7f9095e36af0>,29,15,[14  4],30,195,210,165,181
1,<environment.Job instance at 0x7f9095ab0280>,31,23,[13  1],32,210,233,178,204
1,<environment.Job instance at 0x7f9095e360a0>,32,20,[8 5],33,233,253,200,224
1,<environment.Job instance at 0x7f9095a9baa0>,33,26,[ 1 11],34,253,279,219,250
1,<environment.Job instance at 0x7f9095a78820>,15,19,[9 4],16,253,272,237,252
1,<environment.Job instance at 0x7f9095a9b960>,34,14,[ 3 13],35,279,293,244,264
1,<environment.Job instance at 0x7f9095e00410>,36,13,[5 8],37,293,306,256,277
1,<environment.Job instance at 0x7f9095a8c910>,30,19,[5 5],31,293,312,262,283
1,<environment.Job instance at 0x7f9095a6a500>,41,15,[6 1],42,306,321,264,292
1,<environment.Job instance at 0x7f9095e007d0>,37,27,[10  3],38,321,348,283,319
1,<environment.Job instance at 0x7f9095e822d0>,44,15,[ 1 12],45,319,334,274,319
1,<environment.Job instance at 0x7f9095e82e60>,45,14,[ 1 12],46,334,348,288,319
1,<environment.Job instance at 0x7f9095e82640>,46,13,[2 5],47,348,361,301,332
1,<environment.Job instance at 0x7f9095a40370>,12,14,[5 5],13,348,362,335,338
1,<environment.Job instance at 0x7f9095a7c500>,49,17,[6 2],50,348,365,298,341
1,<environment.Job instance at 0x7f9095aadc80>,50,17,[5 1],51,362,379,311,352
1,<environment.Job instance at 0x7f9095e895f0>,53,17,[4 6],54,361,378,307,354
1,<environment.Job instance at 0x7f9095e870f0>,58,15,[8 2],59,378,393,319,364
1,<environment.Job instance at 0x7f9095e7aa00>,38,16,[12  5],39,410,426,371,410
1,<environment.Job instance at 0x7f9095b27e60>,0,20,[13  5],1,426,446,425,418
1,<environment.Job instance at 0x7f9095e9d1e0>,47,23,[6 4],48,4058,4081,4010,4058
1,<environment.Job instance at 0x7f9095aafcd0>,2,17,[9 4],3,3,20,0,3
1,<environment.Job instance at 0x7f9095aaf910>,4,24,[5 5],5,5,29,0,5
1,<environment.Job instance at 0x7f9095aa3780>,7,22,[3 9],8,20,42,12,13
1,<environment.Job instance at 0x7f9095aa30f0>,9,14,[14  2],10,42,56,32,28
1,<environment.Job instance at 0x7f9095aafa50>,8,16,[11  1],9,56,72,47,48
1,<environment.Job instance at 0x7f9095aa3d20>,12,16,[11  1],13,72,88,59,59
1,<environment.Job instance at 0x7f9095aa3870>,10,22,[5 9],11,88,110,77,81
1,<environment.Job instance at 0x7f9095aa3b90>,21,15,[5 5],22,88,103,66,81
1,<environment.Job instance at 0x7f9095aa3b40>,23,13,[4 8],24,110,123,86,94
1,<environment.Job instance at 0x7f9095aa38c0>,24,20,[6 1],25,103,123,78,94
1,<environment.Job instance at 0x7f9095aa1870>,27,21,[5 9],28,123,144,95,115
1,<environment.Job instance at 0x7f909597d910>,40,13,[1 6],41,115,128,74,115
1,<environment.Job instance at 0x7f909597dbe0>,42,20,[8 1],43,128,148,85,119
1,<environment.Job instance at 0x7f909597d230>,46,20,[5 7],47,144,164,97,135
1,<environment.Job instance at 0x7f909597dd20>,47,16,[5 4],48,148,164,100,135
1,<environment.Job instance at 0x7f909597d690>,48,14,[8 3],49,164,178,115,149
1,<environment.Job instance at 0x7f909597d550>,52,18,[3 6],53,164,182,111,153
1,<environment.Job instance at 0x7f909597d4b0>,54,15,[5 5],55,178,193,123,164
1,<environment.Job instance at 0x7f909597dc30>,56,16,[3 9],57,182,198,125,169
1,<environment.Job instance at 0x7f909597d460>,58,12,[ 5 10],59,198,210,139,181
1,<environment.Job instance at 0x7f9095aaf7d0>,0,25,[6 3],1,193,218,192,190
1,<environment.Job instance at 0x7f9095aa3230>,13,25,[2 8],14,3783,3808,3769,3783
1,<environment.Job instance at 0x7f9095aafd20>,1,20,[11  1],2,3792,3812,3790,3792
1,<environment.Job instance at 0x7f909598afa0>,0,12,[ 3 14],1,1,13,0,1
1,<environment.Job instance at 0x7f9095a83be0>,4,18,[8 3],5,13,31,8,5
1,<environment.Job instance at 0x7f9095982be0>,1,21,[4 8],2,13,34,11,5
1,<environment.Job instance at 0x7f9095a83e60>,7,16,[5 8],8,34,50,26,21
1,<environment.Job instance at 0x7f9095a787d0>,5,14,[8 5],6,31,45,25,22
1,<environment.Job instance at 0x7f9095a88320>,13,13,[11  5],14,50,63,36,34
1,<environment.Job instance at 0x7f9095a88460>,15,13,[5 5],16,63,76,47,47
1,<environment.Job instance at 0x7f9095a883c0>,14,24,[8 4],15,63,87,48,60
1,<environment.Job instance at 0x7f9095a83e10>,8,13,[1 7],9,76,89,67,61
1,<environment.Job instance at 0x7f9095a88640>,18,14,[7 5],19,87,101,68,72
1,<environment.Job instance at 0x7f9095a88be0>,25,15,[8 5],26,89,104,63,75
1,<environment.Job instance at 0x7f9095a88fa0>,31,22,[5 9],32,101,123,69,96
1,<environment.Job instance at 0x7f9095a888c0>,32,12,[7 2],33,104,116,71,96
1,<environment.Job instance at 0x7f9095a7a320>,34,20,[3 8],35,123,143,88,114
1,<environment.Job instance at 0x7f9095a88500>,16,20,[12  3],17,123,143,106,114
1,<environment.Job instance at 0x7f9095a7a4b0>,38,17,[4 8],39,143,160,104,131
1,<environment.Job instance at 0x7f9095a7a690>,41,13,[4 9],42,160,173,118,144
1,<environment.Job instance at 0x7f9095a7a0f0>,49,14,[ 5 10],50,173,187,123,158
1,<environment.Job instance at 0x7f9095a7aaa0>,50,16,[5 9],51,187,203,136,174
1,<environment.Job instance at 0x7f9095a7af50>,55,15,[8 4],56,174,189,118,174
1,<environment.Job instance at 0x7f9095aae050>,57,14,[6 4],58,189,203,131,174
1,<environment.Job instance at 0x7f9095aae0a0>,58,19,[1 7],59,203,222,144,193
1,<environment.Job instance at 0x7f9095a885a0>,17,25,[13  2],18,203,228,185,199
1,<environment.Job instance at 0x7f9095a9c0a0>,0,22,[ 4 14],1,1,23,0,1
1,<environment.Job instance at 0x7f90959bd960>,12,15,[5 8],13,23,38,10,13
1,<environment.Job instance at 0x7f90959bd7d0>,14,20,[10  4],15,23,43,8,15
1,<environment.Job instance at 0x7f90959bdd20>,16,14,[5 7],17,38,52,21,23
1,<environment.Job instance at 0x7f9095969640>,23,12,[10  3],24,43,55,19,26
1,<environment.Job instance at 0x7f9095969be0>,26,16,[2 9],27,52,68,25,39
1,<environment.Job instance at 0x7f9095969960>,27,14,[5 6],28,55,69,27,40
1,<environment.Job instance at 0x7f90959694b0>,30,17,[8 1],31,68,85,37,56
1,<environment.Job instance at 0x7f90959377d0>,36,14,[ 4 10],37,69,83,32,56
1,<environment.Job instance at 0x7f9095937f50>,38,12,[8 5],39,85,97,46,68
1,<environment.Job instance at 0x7f9095969460>,18,14,[ 1 14],19,97,111,78,84
1,<environment.Job instance at 0x7f9095937e60>,40,18,[14  2],41,111,129,70,100
1,<environment.Job instance at 0x7f9095937c80>,41,16,[ 5 11],42,129,145,87,117
1,<environment.Job instance at 0x7f9095937500>,39,21,[9 2],40,129,150,89,125
1,<environment.Job instance at 0x7f90959378c0>,43,16,[6 3],44,145,161,101,132
1,<environment.Job instance at 0x7f9095937a00>,49,19,[7 4],50,150,169,100,140
1,<environment.Job instance at 0x7f9095edf280>,53,22,[1 6],54,150,172,96,143
1,<environment.Job instance at 0x7f9095edf780>,55,22,[8 2],56,169,191,113,162
1,<environment.Job instance at 0x7f9095a1efa0>,17,18,[4 7],18,169,187,151,164
1,<environment.Job instance at 0x7f9095a885f0>,1,20,[11  4],2,626,646,624,626
1,<environment.Job instance at 0x7f90959bde10>,15,16,[6 3],16,746,762,730,746
1,<environment.Job instance at 0x7f9095729460>,2,16,[10  3],3,3,19,0,3
1,<environment.Job instance at 0x7f9095729500>,5,13,[6 4],6,19,32,13,6
1,<environment.Job instance at 0x7f9095ddc500>,8,19,[1 5],9,9,28,0,9
1,<environment.Job instance at 0x7f9095ddc0a0>,9,18,[2 9],10,28,46,18,17
1,<environment.Job instance at 0x7f9095ddcb40>,11,13,[6 5],12,32,45,20,17
1,<environment.Job instance at 0x7f909f80cf50>,17,15,[9 5],18,45,60,27,31
1,<environment.Job instance at 0x7f9095f383c0>,21,18,[5 9],22,46,64,24,35
1,<environment.Job instance at 0x7f9095310050>,29,16,[6 5],30,60,76,30,47
1,<environment.Job instance at 0x7f909f507af0>,36,18,[7 5],37,64,82,27,53
1,<environment.Job instance at 0x7f9095a0bfa0>,44,19,[9 4],45,82,101,37,72
1,<environment.Job instance at 0x7f909678caa0>,46,18,[6 4],47,76,94,29,72
1,<environment.Job instance at 0x7f909616e550>,51,16,[7 3],52,101,117,49,88
1,<environment.Job instance at 0x7f9096b34dc0>,1,15,[6 3],2,2,17,0,2
1,<environment.Job instance at 0x7f9095d8bf50>,3,18,[7 5],4,4,22,0,4
1,<environment.Job instance at 0x7f9095d8b780>,10,17,[12  4],11,22,39,11,12
1,<environment.Job instance at 0x7f9095d8bb90>,9,17,[5 9],10,39,56,29,27
1,<environment.Job instance at 0x7f9095f30140>,12,20,[ 4 11],13,56,76,43,47
1,<environment.Job instance at 0x7f9095f30aa0>,21,17,[ 2 13],22,76,93,54,64
1,<environment.Job instance at 0x7f9095bb6af0>,28,15,[1 6],29,93,108,64,90
1,<environment.Job instance at 0x7f9095f30b40>,22,27,[12  4],23,93,120,70,92
1,<environment.Job instance at 0x7f9095bb6b90>,32,12,[14  4],33,120,132,87,103
1,<environment.Job instance at 0x7f9095bb6f50>,33,15,[7 4],34,132,147,98,118
1,<environment.Job instance at 0x7f9095f30c30>,11,26,[ 4 10],12,132,158,120,130
1,<environment.Job instance at 0x7f9095bb6d20>,35,13,[1 7],36,158,171,122,142
1,<environment.Job instance at 0x7f9095bb66e0>,36,13,[12  2],37,158,171,121,142
1,<environment.Job instance at 0x7f9095bb6aa0>,37,22,[13  4],38,171,193,133,166
1,<environment.Job instance at 0x7f9095bb6960>,38,14,[11  2],39,193,207,154,178
1,<environment.Job instance at 0x7f9095bb6370>,39,24,[ 2 14],40,207,231,167,202
1,<environment.Job instance at 0x7f9095bb6fa0>,40,28,[2 7],41,231,259,190,230
1,<environment.Job instance at 0x7f9095bb6500>,41,13,[ 1 14],42,259,272,217,243
1,<environment.Job instance at 0x7f9095bb6a00>,42,13,[5 5],43,243,256,200,243
1,<environment.Job instance at 0x7f9095bb6e10>,43,23,[12  2],44,272,295,228,266
1,<environment.Job instance at 0x7f9095bb6c80>,31,20,[10  5],32,295,315,263,286
1,<environment.Job instance at 0x7f9095bcb780>,46,14,[6 4],47,315,329,268,300
1,<environment.Job instance at 0x7f9095bcb4b0>,54,20,[3 8],55,316,336,261,316
1,<environment.Job instance at 0x7f9095bcb3c0>,55,17,[2 9],56,336,353,280,325
1,<environment.Job instance at 0x7f9095bcb0f0>,57,13,[6 2],58,325,338,267,325
1,<environment.Job instance at 0x7f9095bb6730>,34,25,[13  4],35,1533,1558,1498,1533
1,<environment.Job instance at 0x7f9095d8bc30>,0,16,[11  2],1,1558,1574,1557,1545
1,<environment.Job instance at 0x7f90964cc280>,1,18,[6 1],2,2,20,0,2
1,<environment.Job instance at 0x7f9095d8b280>,2,19,[1 7],3,3,22,0,3
1,<environment.Job instance at 0x7f9096601fa0>,8,17,[7 1],9,9,26,0,9
1,<environment.Job instance at 0x7f9095b27410>,12,21,[6 4],13,20,41,7,13
1,<environment.Job instance at 0x7f9095b27c30>,17,16,[ 4 10],18,26,42,8,18
1,<environment.Job instance at 0x7f9095b27230>,18,12,[11  4],19,41,53,22,24
1,<environment.Job instance at 0x7f9095b272d0>,21,15,[9 4],22,53,68,31,39
1,<environment.Job instance at 0x7f9096259870>,23,13,[1 5],24,42,55,18,39
1,<environment.Job instance at 0x7f9095b279b0>,19,17,[5 5],20,53,70,33,42
1,<environment.Job instance at 0x7f909548e820>,28,20,[12  2],29,70,90,41,61
1,<environment.Job instance at 0x7f9095e6f3c0>,29,16,[4 9],30,90,106,60,79
1,<environment.Job instance at 0x7f90952055f0>,33,14,[6 5],34,90,104,56,82
1,<environment.Job instance at 0x7f9095de8500>,35,15,[10  3],36,104,119,68,90
1,<environment.Job instance at 0x7f90955b3c80>,38,13,[9 4],39,119,132,80,103
1,<environment.Job instance at 0x7f90965fed70>,41,15,[4 5],42,106,121,64,103
1,<environment.Job instance at 0x7f9095cd0be0>,43,21,[1 6],44,106,127,62,103
1,<environment.Job instance at 0x7f90961b20a0>,46,16,[4 5],47,121,137,74,108
1,<environment.Job instance at 0x7f90954e7320>,50,18,[7 3],51,132,150,81,121
1,<environment.Job instance at 0x7f9095205370>,30,18,[ 2 10],31,137,155,106,126
1,<environment.Job instance at 0x7f90954e7c80>,51,16,[9 2],52,150,166,98,138
1,<environment.Job instance at 0x7f90954e7f00>,54,21,[6 5],55,155,176,100,147
1,<environment.Job instance at 0x7f9095201640>,56,20,[3 6],57,166,186,109,157
1,<environment.Job instance at 0x7f9095201e10>,57,13,[9 4],58,176,189,118,160
1,<environment.Job instance at 0x7f90954e7b90>,52,19,[12  1],53,189,208,136,180
1,<environment.Job instance at 0x7f90952013c0>,58,19,[ 5 10],59,3057,3076,2998,3057
1,<environment.Job instance at 0x7f9095b278c0>,16,23,[11  3],17,3332,3355,3315,3332
1,<environment.Job instance at 0x7f9095b27b40>,14,20,[10  4],15,3355,3375,3340,3346
1,<environment.Job instance at 0x7f9096438a00>,0,17,[4 7],1,1,18,0,1
1,<environment.Job instance at 0x7f9096438c80>,1,17,[4 5],2,2,19,0,2
1,<environment.Job instance at 0x7f90964388c0>,3,15,[4 9],4,18,33,14,4
1,<environment.Job instance at 0x7f9096447f00>,8,17,[5 2],9,19,36,10,10
1,<environment.Job instance at 0x7f9096447730>,10,15,[6 3],11,19,34,8,11
1,<environment.Job instance at 0x7f90965c20a0>,12,21,[9 5],13,34,55,21,26
1,<environment.Job instance at 0x7f909f6b8d70>,16,14,[7 2],17,55,69,38,40
1,<environment.Job instance at 0x7f9096447c80>,9,18,[1 9],10,44,62,34,44
1,<environment.Job instance at 0x7f909626b960>,21,13,[7 1],22,55,68,33,45
1,<environment.Job instance at 0x7f909f6b87d0>,11,15,[3 9],12,68,83,56,57
1,<environment.Job instance at 0x7f90957b65a0>,24,19,[6 1],25,69,88,44,59
1,<environment.Job instance at 0x7f90957e0460>,26,16,[5 8],27,83,99,56,70
1,<environment.Job instance at 0x7f90957930f0>,31,14,[6 1],32,88,102,56,73
1,<environment.Job instance at 0x7f909f6b8460>,22,14,[3 6],23,83,97,60,73
1,<environment.Job instance at 0x7f90955d2c80>,32,20,[6 3],33,99,119,66,90
1,<environment.Job instance at 0x7f90955ec960>,34,14,[3 9],35,99,113,64,90
1,<environment.Job instance at 0x7f90957cd190>,37,18,[10  3],38,119,137,81,108
1,<environment.Job instance at 0x7f90956f9af0>,41,20,[5 6],42,113,133,71,108
1,<environment.Job instance at 0x7f909f542b90>,45,16,[10  2],46,137,153,91,124
1,<environment.Job instance at 0x7f9096bf22d0>,48,17,[5 5],49,133,150,84,124
1,<environment.Job instance at 0x7f9095981dc0>,49,13,[8 2],50,153,166,103,137
1,<environment.Job instance at 0x7f9095981a00>,50,19,[8 4],51,166,185,115,156
1,<environment.Job instance at 0x7f9096a29870>,52,15,[9 3],53,185,200,132,171
1,<environment.Job instance at 0x7f9095e4e230>,53,16,[6 3],54,171,187,117,171
1,<environment.Job instance at 0x7f9095e4efa0>,55,23,[4 5],56,187,210,131,181
1,<environment.Job instance at 0x7f9095e4e460>,56,18,[10  2],57,200,218,143,189
1,<environment.Job instance at 0x7f909f3c8e60>,57,20,[7 5],58,218,238,160,209
1,<environment.Job instance at 0x7f9096a14690>,25,24,[7 5],26,218,242,192,215
1,<environment.Job instance at 0x7f90955d2b90>,33,17,[10  4],34,242,259,208,232
1,<environment.Job instance at 0x7f90964472d0>,2,28,[9 1],3,259,287,256,258
1,<environment.Job instance at 0x7f9095d40370>,0,21,[5 2],1,1,22,0,1
1,<environment.Job instance at 0x7f9095d409b0>,1,23,[ 4 11],2,2,25,0,2
1,<environment.Job instance at 0x7f909584b140>,5,12,[3 6],6,25,37,19,9
1,<environment.Job instance at 0x7f909584be60>,10,15,[5 2],11,11,26,0,11
1,<environment.Job instance at 0x7f909584bd20>,12,14,[7 1],13,25,39,12,13
1,<environment.Job instance at 0x7f909584b870>,7,13,[7 4],8,37,50,29,23
1,<environment.Job instance at 0x7f909584bbe0>,14,22,[9 4],15,50,72,35,44
1,<environment.Job instance at 0x7f909584b6e0>,4,19,[ 4 11],5,44,63,39,44
1,<environment.Job instance at 0x7f909584b780>,17,14,[2 6],18,63,77,45,48
1,<environment.Job instance at 0x7f909584baf0>,6,12,[11  1],7,72,84,65,64
1,<environment.Job instance at 0x7f9095d6b230>,27,20,[3 7],28,77,97,49,68
1,<environment.Job instance at 0x7f9095d6baa0>,30,18,[1 5],31,68,86,37,68
1,<environment.Job instance at 0x7f9095d6bfa0>,38,21,[2 6],39,86,107,47,78
1,<environment.Job instance at 0x7f9095d6b690>,39,22,[5 7],40,97,119,57,90
1,<environment.Job instance at 0x7f9095d6bbe0>,40,19,[1 7],41,107,126,66,97
1,<environment.Job instance at 0x7f9095d6b730>,42,12,[8 4],43,119,131,76,102
1,<environment.Job instance at 0x7f9095cc7f00>,44,13,[5 4],45,119,132,74,103
1,<environment.Job instance at 0x7f9096761aa0>,45,14,[8 5],46,131,145,85,116
1,<environment.Job instance at 0x7f9096275500>,48,15,[7 2],49,132,147,83,118
1,<environment.Job instance at 0x7f909641eb90>,51,16,[4 6],52,145,161,93,132
1,<environment.Job instance at 0x7f9096052b90>,58,13,[5 3],59,147,160,88,132
1,<environment.Job instance at 0x7f9095d6b2d0>,28,18,[12  5],29,576,594,547,576
1,<environment.Job instance at 0x7f909584b640>,19,26,[2 7],20,590,616,570,590
1,<environment.Job instance at 0x7f9095d401e0>,2,26,[ 3 14],3,616,642,613,613
1,<environment.Job instance at 0x7f9095df7af0>,1,16,[5 1],2,2,18,0,2
1,<environment.Job instance at 0x7f90954cbbe0>,4,18,[2 8],5,5,23,0,5
1,<environment.Job instance at 0x7f9095aa0910>,9,17,[1 6],10,10,27,0,10
1,<environment.Job instance at 0x7f9095aa0140>,10,21,[1 8],11,23,44,12,17
1,<environment.Job instance at 0x7f9095aa0050>,15,24,[6 1],16,19,43,3,19
1,<environment.Job instance at 0x7f90953aff50>,17,13,[12  3],18,43,56,25,27
1,<environment.Job instance at 0x7f90969ff230>,19,20,[3 8],20,44,64,24,35
1,<environment.Job instance at 0x7f90952238c0>,24,17,[10  5],25,56,73,31,44
1,<environment.Job instance at 0x7f909f3ee8c0>,25,17,[3 6],26,64,81,38,52
1,<environment.Job instance at 0x7f909f782230>,28,16,[1 5],29,73,89,44,60
1,<environment.Job instance at 0x7f9095cd1d20>,31,13,[9 3],32,73,86,41,60
1,<environment.Job instance at 0x7f90969e6730>,33,15,[3 8],34,86,101,52,72
1,<environment.Job instance at 0x7f909f17d1e0>,34,13,[6 5],35,89,102,54,73
1,<environment.Job instance at 0x7f9095222c80>,41,17,[9 2],42,101,118,59,89
1,<environment.Job instance at 0x7f90959229b0>,43,16,[ 3 10],44,102,118,58,90
1,<environment.Job instance at 0x7f90957034b0>,49,14,[5 4],50,118,132,68,103
1,<environment.Job instance at 0x7f9095210eb0>,52,18,[9 3],53,118,136,65,107
1,<environment.Job instance at 0x7f9096c25910>,0,14,[13  2],1,136,150,135,121
1,<environment.Job instance at 0x7f9095aa0dc0>,12,23,[ 3 12],13,1755,1778,1742,1755
1,<environment.Job instance at 0x7f90957a4820>,0,13,[8 3],1,1,14,0,1
1,<environment.Job instance at 0x7f9096b64fa0>,5,23,[1 5],6,6,29,0,6
1,<environment.Job instance at 0x7f9096b38370>,10,13,[7 5],11,14,27,3,11
1,<environment.Job instance at 0x7f9096b38640>,14,15,[4 6],15,27,42,12,15
1,<environment.Job instance at 0x7f9096b386e0>,15,22,[7 1],16,16,38,0,16
1,<environment.Job instance at 0x7f9095738a00>,18,14,[8 1],19,38,52,19,23
1,<environment.Job instance at 0x7f9096b38960>,17,17,[5 4],18,42,59,24,34
1,<environment.Job instance at 0x7f9096b35640>,37,19,[2 8],38,38,57,0,38
1,<environment.Job instance at 0x7f9096b35b90>,44,13,[4 7],45,57,70,12,45
1,<environment.Job instance at 0x7f90952e3140>,53,18,[5 8],54,59,77,5,56
1,<environment.Job instance at 0x7f9096b369b0>,3,14,[7 2],4,4,18,0,4
1,<environment.Job instance at 0x7f9096b364b0>,5,14,[13  2],6,18,32,12,7
1,<environment.Job instance at 0x7f9096b36730>,6,12,[6 1],7,32,44,25,16
1,<environment.Job instance at 0x7f9096b36410>,11,14,[3 8],12,32,46,20,17
1,<environment.Job instance at 0x7f9096b36460>,13,14,[5 4],14,32,46,18,17
1,<environment.Job instance at 0x7f9096b365a0>,14,12,[ 3 12],15,46,58,31,29
1,<environment.Job instance at 0x7f9096b36230>,15,12,[11  4],16,58,70,42,42
1,<environment.Job instance at 0x7f9096b36780>,12,16,[6 5],13,70,86,57,57
1,<environment.Job instance at 0x7f909528e730>,18,21,[1 7],19,58,79,39,57
1,<environment.Job instance at 0x7f909528e640>,19,16,[9 2],20,79,95,59,66
1,<environment.Job instance at 0x7f9096b362d0>,16,20,[ 3 14],17,95,115,78,86
1,<environment.Job instance at 0x7f9096b36140>,10,15,[10  1],11,95,110,84,86
1,<environment.Job instance at 0x7f909528e140>,28,17,[9 2],29,115,132,86,111
1,<environment.Job instance at 0x7f909528e500>,23,27,[13  4],24,132,159,108,130
1,<environment.Job instance at 0x7f909528e280>,34,17,[3 9],35,159,176,124,147
1,<environment.Job instance at 0x7f90952a10f0>,41,17,[2 7],42,176,193,134,164
1,<environment.Job instance at 0x7f90952a15a0>,43,17,[8 3],44,164,181,120,164
1,<environment.Job instance at 0x7f90952a1050>,47,22,[7 2],48,181,203,133,174
1,<environment.Job instance at 0x7f90952a1370>,48,18,[5 9],49,193,211,144,183
1,<environment.Job instance at 0x7f90952a15f0>,50,14,[7 4],51,203,217,152,188
1,<environment.Job instance at 0x7f90952a17d0>,57,21,[2 5],58,211,232,153,203
1,<environment.Job instance at 0x7f90952a19b0>,58,19,[7 2],59,217,236,158,208
1,<environment.Job instance at 0x7f9096b363c0>,9,20,[5 6],10,211,231,201,209
1,<environment.Job instance at 0x7f909528e870>,35,26,[3 9],36,232,258,196,232
1,<environment.Job instance at 0x7f9096b36a00>,0,26,[13  5],1,269,295,268,269
1,<environment.Job instance at 0x7f90964d8dc0>,0,14,[2 7],1,1,15,0,1
1,<environment.Job instance at 0x7f9096b36e60>,1,24,[4 5],2,2,26,0,2
1,<environment.Job instance at 0x7f90964d8e60>,2,14,[5 5],3,15,29,12,3
1,<environment.Job instance at 0x7f90964d84b0>,5,16,[6 1],6,6,22,0,6
1,<environment.Job instance at 0x7f90968a1190>,10,12,[6 3],11,22,34,11,11
1,<environment.Job instance at 0x7f90968a1aa0>,8,18,[1 5],9,26,44,17,15
1,<environment.Job instance at 0x7f909f3d5fa0>,15,13,[9 5],16,34,47,18,18
1,<environment.Job instance at 0x7f909f7d9960>,16,18,[6 2],17,44,62,27,34
1,<environment.Job instance at 0x7f909688e8c0>,18,13,[7 5],19,47,60,28,34
1,<environment.Job instance at 0x7f909688e230>,21,15,[7 3],22,60,75,38,46
1,<environment.Job instance at 0x7f909688e460>,25,14,[4 7],26,62,76,36,47
1,<environment.Job instance at 0x7f90964d8870>,9,27,[13  4],10,76,103,66,74
1,<environment.Job instance at 0x7f909688eeb0>,26,21,[2 8],27,83,104,56,83
1,<environment.Job instance at 0x7f90969959b0>,32,18,[5 4],33,103,121,70,92
1,<environment.Job instance at 0x7f90968a12d0>,11,16,[10  2],12,104,120,92,92
1,<environment.Job instance at 0x7f9096995cd0>,34,13,[1 6],35,120,133,85,104
1,<environment.Job instance at 0x7f909688ed20>,27,13,[ 3 13],28,133,146,105,117
1,<environment.Job instance at 0x7f90969953c0>,38,17,[7 4],39,146,163,107,135
1,<environment.Job instance at 0x7f9096995410>,36,22,[2 6],37,146,168,109,140
1,<environment.Job instance at 0x7f90961b2c30>,40,19,[6 2],41,140,159,99,140
1,<environment.Job instance at 0x7f90964d8aa0>,3,12,[13  3],4,163,175,159,146
1,<environment.Job instance at 0x7f90961b2730>,45,16,[4 9],46,175,191,129,162
1,<environment.Job instance at 0x7f90969950f0>,37,21,[11  3],38,175,196,137,167
1,<environment.Job instance at 0x7f90961b23c0>,47,12,[4 5],48,191,203,143,174
1,<environment.Job instance at 0x7f90964d8b90>,6,14,[11  2],7,196,210,189,188
1,<environment.Job instance at 0x7f90961b2370>,44,21,[9 1],45,210,231,165,202
1,<environment.Job instance at 0x7f90961b2f00>,51,22,[1 8],52,203,225,151,202
1,<environment.Job instance at 0x7f909f54b3c0>,55,19,[7 5],56,231,250,175,221
1,<environment.Job instance at 0x7f909f54b370>,56,16,[8 4],57,231,247,174,221
1,<environment.Job instance at 0x7f90961b2870>,2,20,[5 8],3,3,23,0,3
1,<environment.Job instance at 0x7f9096160190>,3,24,[8 5],4,4,28,0,4
1,<environment.Job instance at 0x7f9096160aa0>,7,14,[9 5],8,28,42,20,13
1,<environment.Job instance at 0x7f909616b690>,12,17,[6 4],13,23,40,10,13
1,<environment.Job instance at 0x7f909614f3c0>,17,12,[5 1],18,40,52,22,24
1,<environment.Job instance at 0x7f9096183910>,22,21,[1 6],23,40,61,17,36
1,<environment.Job instance at 0x7f9096183690>,23,15,[8 1],24,42,57,18,36
1,<environment.Job instance at 0x7f90961830a0>,24,14,[5 7],25,52,66,27,39
1,<environment.Job instance at 0x7f9096160960>,8,25,[7 3],9,61,86,52,57
1,<environment.Job instance at 0x7f9096254140>,37,17,[7 2],38,66,83,28,57
1,<environment.Job instance at 0x7f9095f6adc0>,38,18,[ 4 10],39,83,101,44,72
1,<environment.Job instance at 0x7f909f1e58c0>,39,13,[7 2],40,86,99,46,72
1,<environment.Job instance at 0x7f909625f690>,43,15,[10  5],44,99,114,55,85
1,<environment.Job instance at 0x7f9095b50230>,36,18,[5 4],37,101,119,64,90
1,<environment.Job instance at 0x7f9095b51190>,46,16,[4 7],47,114,130,67,104
1,<environment.Job instance at 0x7f9095b51780>,47,12,[9 1],48,119,131,71,104
1,<environment.Job instance at 0x7f909627bb40>,48,22,[ 1 13],49,130,152,81,123
1,<environment.Job instance at 0x7f9095b59140>,49,26,[7 2],50,131,157,81,129
1,<environment.Job instance at 0x7f9095b42c30>,54,15,[3 5],55,152,167,97,138
1,<environment.Job instance at 0x7f9096427f00>,0,28,[7 5],1,8852,8880,8851,8852
1,<environment.Job instance at 0x7f9096163d70>,1,14,[5 7],2,2,16,0,2
1,<environment.Job instance at 0x7f9096163f00>,2,16,[4 6],3,3,19,0,3
1,<environment.Job instance at 0x7f9096163dc0>,3,13,[8 1],4,16,29,12,4
1,<environment.Job instance at 0x7f90961638c0>,5,16,[ 3 10],6,19,35,13,6
1,<environment.Job instance at 0x7f909616c1e0>,11,19,[6 1],12,29,48,17,19
1,<environment.Job instance at 0x7f909616cc80>,12,12,[2 5],13,35,47,22,19
1,<environment.Job instance at 0x7f9095b3a550>,19,20,[4 6],20,35,55,15,31
1,<environment.Job instance at 0x7f9095b3af50>,23,14,[10  4],24,48,62,24,33
1,<environment.Job instance at 0x7f9095b3ab90>,27,18,[1 9],28,55,73,27,47
1,<environment.Job instance at 0x7f9095b3ac30>,28,19,[3 6],29,62,81,33,54
1,<environment.Job instance at 0x7f9095b3a500>,32,18,[5 2],33,73,91,40,62
1,<environment.Job instance at 0x7f9096180d70>,33,16,[7 5],34,73,89,39,62
1,<environment.Job instance at 0x7f9096180fa0>,35,12,[8 3],36,89,101,53,72
1,<environment.Job instance at 0x7f90961806e0>,39,16,[4 8],40,91,107,51,79
1,<environment.Job instance at 0x7f9096180d20>,45,12,[3 5],46,101,113,55,84
1,<environment.Job instance at 0x7f909575fe10>,54,19,[5 2],55,101,120,46,91
1,<environment.Job instance at 0x7f909575fc30>,56,12,[3 6],57,107,119,50,91
1,<environment.Job instance at 0x7f9095b3a190>,18,26,[12  3],19,121,147,102,121
1,<environment.Job instance at 0x7f9096163140>,7,18,[8 3],8,150,168,142,150
1,<environment.Job instance at 0x7f9096163aa0>,0,22,[ 1 14],1,168,190,167,161
1,<environment.Job instance at 0x7f909548ee60>,0,12,[9 5],1,1,13,0,1
1,<environment.Job instance at 0x7f909548efa0>,1,14,[ 3 11],2,13,27,11,2
1,<environment.Job instance at 0x7f909f1f70f0>,2,15,[11  2],3,13,28,10,3
1,<environment.Job instance at 0x7f9096163aa0>,4,12,[8 3],5,28,40,23,16
1,<environment.Job instance at 0x7f9095200f00>,6,17,[5 5],7,28,45,21,16
1,<environment.Job instance at 0x7f90952000a0>,9,25,[9 4],10,40,65,30,36
1,<environment.Job instance at 0x7f90952006e0>,10,15,[13  3],11,65,80,54,51
1,<environment.Job instance at 0x7f9095200870>,5,18,[ 2 10],6,65,83,59,65
1,<environment.Job instance at 0x7f9095200d70>,12,14,[6 3],13,80,94,67,65
1,<environment.Job instance at 0x7f9095200140>,16,16,[2 9],17,83,99,66,73
1,<environment.Job instance at 0x7f9095200050>,7,14,[9 5],8,94,108,86,79
1,<environment.Job instance at 0x7f909520c140>,20,14,[14  4],21,108,122,87,93
1,<environment.Job instance at 0x7f9095200640>,11,17,[ 1 14],12,122,139,110,111
1,<environment.Job instance at 0x7f909520c3c0>,24,18,[9 3],25,139,157,114,128
1,<environment.Job instance at 0x7f909520c280>,22,18,[1 6],23,139,157,116,129
1,<environment.Job instance at 0x7f909520c500>,26,21,[5 6],27,139,160,112,131
1,<environment.Job instance at 0x7f909520c780>,30,15,[5 6],31,157,172,126,143
1,<environment.Job instance at 0x7f909520c5a0>,27,19,[2 7],28,160,179,132,150
1,<environment.Job instance at 0x7f909520c8c0>,32,14,[12  4],33,172,186,139,157
1,<environment.Job instance at 0x7f909520c960>,33,22,[6 2],34,186,208,152,179
1,<environment.Job instance at 0x7f909520ca00>,34,12,[12  1],35,208,220,173,191
1,<environment.Job instance at 0x7f909520caa0>,35,21,[12  3],36,220,241,184,212
1,<environment.Job instance at 0x7f909520cbe0>,36,12,[ 5 13],37,241,253,204,224
1,<environment.Job instance at 0x7f909520cb90>,37,12,[11  4],38,253,265,215,236
1,<environment.Job instance at 0x7f909520cd70>,38,15,[ 1 12],39,265,280,226,251
1,<environment.Job instance at 0x7f909520ce10>,39,20,[5 6],40,280,300,240,271
1,<environment.Job instance at 0x7f909520ceb0>,40,28,[7 1],41,271,299,230,271
1,<environment.Job instance at 0x7f909520cf50>,41,12,[13  3],42,300,312,258,283
1,<environment.Job instance at 0x7f909520cfa0>,42,16,[ 3 12],43,312,328,269,299
1,<environment.Job instance at 0x7f909520c820>,31,21,[4 9],32,328,349,296,320
1,<environment.Job instance at 0x7f909520cf00>,43,22,[ 5 14],44,349,371,305,342
1,<environment.Job instance at 0x7f9095217370>,47,20,[6 4],48,371,391,323,362
1,<environment.Job instance at 0x7f9095217410>,48,27,[13  3],49,391,418,342,389
1,<environment.Job instance at 0x7f9095217550>,50,17,[2 9],51,395,412,344,395
1,<environment.Job instance at 0x7f9095200dc0>,8,14,[8 5],9,418,432,409,413
1,<environment.Job instance at 0x7f9095217820>,55,12,[1 9],56,413,425,357,413
1,<environment.Job instance at 0x7f9095217500>,57,13,[5 8],58,425,438,367,413
1,<environment.Job instance at 0x7f9095217a50>,58,18,[5 2],59,432,450,373,421
1,<environment.Job instance at 0x7f9095217190>,53,15,[10  1],54,438,453,384,438
1,<environment.Job instance at 0x7f9095217910>,56,27,[3 6],57,533,560,476,533
1,<environment.Job instance at 0x7f9095200be0>,3,17,[ 5 11],4,561,578,557,561
1,<environment.Job instance at 0x7f9095217640>,51,24,[5 4],52,952,976,900,952
1,<environment.Job instance at 0x7fb56fa11230>,0,13,[9 3],1,1,14,0,1
1,<environment.Job instance at 0x7fb56fa11320>,2,22,[4 8],3,3,25,0,3
1,<environment.Job instance at 0x7fb566425be0>,4,21,[1 6],5,14,35,9,9
1,<environment.Job instance at 0x7fb566428320>,14,13,[7 3],15,25,38,10,22
1,<environment.Job instance at 0x7fb566425f00>,10,18,[ 3 11],11,35,53,24,24
1,<environment.Job instance at 0x7fb566428190>,24,13,[ 3 14],25,53,66,28,37
1,<environment.Job instance at 0x7fb566428a00>,26,26,[1 8],27,66,92,39,63
1,<environment.Job instance at 0x7fb566428b90>,27,25,[5 7],28,66,91,38,63
1,<environment.Job instance at 0x7fb566428960>,23,18,[2 7],24,91,109,67,90
1,<environment.Job instance at 0x7fb566428d70>,30,27,[4 8],31,92,119,61,90
1,<environment.Job instance at 0x7fb566428910>,33,16,[2 8],34,119,135,85,107
1,<environment.Job instance at 0x7fb566428fa0>,35,15,[9 5],36,109,124,73,107
1,<environment.Job instance at 0x7fb566425c80>,6,20,[6 1],7,129,149,122,129
1,<environment.Job instance at 0x7fb56642c410>,39,24,[5 6],40,129,153,89,129
1,<environment.Job instance at 0x7fb566428a50>,34,24,[1 8],35,135,159,100,130
1,<environment.Job instance at 0x7fb56642c5f0>,42,20,[9 4],43,153,173,110,144
1,<environment.Job instance at 0x7fb56642c7d0>,45,13,[6 5],46,159,172,113,144
1,<environment.Job instance at 0x7fb56642c910>,47,20,[6 5],48,172,192,124,163
1,<environment.Job instance at 0x7fb56642cb90>,51,20,[5 3],52,173,193,121,164
1,<environment.Job instance at 0x7fb56642ccd0>,53,17,[5 7],54,192,209,138,180
1,<environment.Job instance at 0x7fb56642e190>,60,23,[ 1 11],61,209,232,148,203
1,<environment.Job instance at 0x7fb56642c4b0>,40,15,[10  3],41,209,224,168,209
1,<environment.Job instance at 0x7fb56642e2d0>,62,18,[5 3],63,224,242,161,214
1,<environment.Job instance at 0x7fb56642c0a0>,59,17,[1 6],60,232,249,172,220
1,<environment.Job instance at 0x7fb56642e5a0>,65,20,[2 6],66,232,252,166,223
1,<environment.Job instance at 0x7fb56642e640>,66,21,[7 4],67,249,270,182,241
1,<environment.Job instance at 0x7fb56642e4b0>,64,19,[3 8],65,252,271,187,246
1,<environment.Job instance at 0x7fb56fa111e0>,1,22,[11  3],2,281,303,279,281
1,<environment.Job instance at 0x7fb56642e140>,63,17,[ 4 12],64,333,350,269,333
1,<environment.Job instance at 0x7fb565b69cd0>,6,19,[4 8],7,7,26,0,7
1,<environment.Job instance at 0x7fb565b69eb0>,7,13,[8 5],8,8,21,0,8
1,<environment.Job instance at 0x7fb565b69f50>,8,12,[10  2],9,21,33,12,9
1,<environment.Job instance at 0x7fb56642e140>,10,14,[2 6],11,26,40,15,13
1,<environment.Job instance at 0x7fb565b68af0>,19,16,[7 1],20,33,49,13,20
1,<environment.Job instance at 0x7fb565b69910>,12,16,[ 4 10],13,40,56,27,27
1,<environment.Job instance at 0x7fb565b69af0>,9,13,[9 4],10,49,62,39,40
1,<environment.Job instance at 0x7fb565b64190>,23,16,[ 2 11],24,56,72,32,43
1,<environment.Job instance at 0x7fb565b64c30>,25,15,[5 7],26,72,87,46,58
1,<environment.Job instance at 0x7fb565b645a0>,30,18,[2 7],31,72,90,41,61
1,<environment.Job instance at 0x7fb565b5e550>,34,12,[4 6],35,87,99,52,70
1,<environment.Job instance at 0x7fb565c7beb0>,39,14,[10  4],40,90,104,50,75
1,<environment.Job instance at 0x7fb565cd2190>,40,21,[6 5],41,104,125,63,96
1,<environment.Job instance at 0x7fb5659e4230>,45,16,[7 5],46,104,120,58,96
1,<environment.Job instance at 0x7fb5659dcbe0>,49,17,[ 3 10],50,120,137,70,108
1,<environment.Job instance at 0x7fb5659dcf50>,51,13,[7 4],52,125,138,73,109
1,<environment.Job instance at 0x7fb565a3a320>,57,16,[8 1],58,137,153,79,124
1,<environment.Job instance at 0x7fb565ab46e0>,58,15,[8 3],59,153,168,94,139
1,<environment.Job instance at 0x7fb565ab4870>,59,17,[8 1],60,168,185,108,156
1,<environment.Job instance at 0x7fb565ab4af0>,60,18,[6 1],61,156,174,95,156
1,<environment.Job instance at 0x7fb56fc8c780>,64,16,[4 7],65,174,190,109,161
1,<environment.Job instance at 0x7fb565b690f0>,11,15,[5 9],12,190,205,178,177
1,<environment.Job instance at 0x7fb565b64320>,28,17,[5 5],29,185,202,156,177
1,<environment.Job instance at 0x7fb565b69aa0>,0,21,[12  2],1,205,226,204,197
1,<environment.Job instance at 0x7fb565a31e60>,0,13,[7 4],1,1,14,0,1
1,<environment.Job instance at 0x7fb56642ebe0>,2,13,[12  5],3,14,27,11,4
1,<environment.Job instance at 0x7fb565a31550>,9,15,[10  4],10,27,42,17,13
1,<environment.Job instance at 0x7fb5659c86e0>,16,14,[9 5],17,42,56,25,27
1,<environment.Job instance at 0x7fb5659c8b40>,19,15,[1 7],20,27,42,7,27
1,<environment.Job instance at 0x7fb5659c8f00>,22,13,[3 8],23,42,55,19,27
1,<environment.Job instance at 0x7fb5659c8410>,23,13,[3 5],24,55,68,31,39
1,<environment.Job instance at 0x7fb565a319b0>,10,14,[1 8],11,56,70,45,44
1,<environment.Job instance at 0x7fb5661cf3c0>,39,16,[5 8],40,70,86,30,57
1,<environment.Job instance at 0x7fb5661cfaf0>,40,13,[8 5],41,68,81,27,57
1,<environment.Job instance at 0x7fb565a2ab40>,65,16,[2 8],66,86,102,20,73
1,<environment.Job instance at 0x7fb565fa92d0>,2,13,[9 4],3,3,16,0,3
1,<environment.Job instance at 0x7fb565fa9e10>,3,16,[11  1],4,16,32,12,4
1,<environment.Job instance at 0x7fb565fa9910>,4,17,[3 8],5,5,22,0,5
1,<environment.Job instance at 0x7fb565fa9d20>,7,14,[ 1 10],8,22,36,14,18
1,<environment.Job instance at 0x7fb566ada0f0>,10,14,[6 1],11,32,46,21,19
1,<environment.Job instance at 0x7fb566ada960>,8,25,[6 2],9,32,57,23,28
1,<environment.Job instance at 0x7fb566ada2d0>,12,16,[3 8],13,36,52,23,35
1,<environment.Job instance at 0x7fb566adabe0>,16,13,[6 3],17,46,59,29,38
1,<environment.Job instance at 0x7fb566adad20>,17,13,[7 4],18,57,70,39,41
1,<environment.Job instance at 0x7fb566ada3c0>,19,20,[1 7],20,53,73,33,53
1,<environment.Job instance at 0x7fb566ada460>,13,14,[10  1],14,70,84,56,56
1,<environment.Job instance at 0x7fb566ada280>,27,16,[2 8],28,73,89,45,63
1,<environment.Job instance at 0x7fb56fb846e0>,34,16,[7 4],35,84,100,49,71
1,<environment.Job instance at 0x7fb566b49410>,42,14,[5 5],43,89,103,46,74
1,<environment.Job instance at 0x7fb566b496e0>,45,19,[9 4],46,100,119,54,90
1,<environment.Job instance at 0x7fb5668b8960>,50,14,[2 7],51,103,117,52,102
1,<environment.Job instance at 0x7fb5668b8190>,51,15,[4 8],52,117,132,65,106
1,<environment.Job instance at 0x7fb5668b8c30>,56,15,[3 6],57,119,134,62,107
1,<environment.Job instance at 0x7fb5668b8aa0>,58,16,[2 6],59,132,148,73,119
1,<environment.Job instance at 0x7fb5668b83c0>,60,19,[5 5],61,134,153,73,124
1,<environment.Job instance at 0x7fb5668b81e0>,62,20,[8 5],63,148,168,85,139
1,<environment.Job instance at 0x7fb56fa94230>,65,13,[4 8],66,153,166,87,139
1,<environment.Job instance at 0x7fb56fa94dc0>,66,13,[5 8],67,166,179,99,150
1,<environment.Job instance at 0x7fb566ada780>,28,23,[13  3],29,179,202,150,173
1,<environment.Job instance at 0x7fb565fa9780>,0,25,[7 2],1,202,227,201,199
1,<environment.Job instance at 0x7fb566bf1d20>,0,13,[ 5 13],1,1,14,0,1
1,<environment.Job instance at 0x7fb565f137d0>,1,15,[6 1],2,2,17,0,2
1,<environment.Job instance at 0x7fb566225af0>,6,13,[2 5],7,14,27,7,7
1,<environment.Job instance at 0x7fb566225f00>,7,23,[6 4],8,14,37,6,8
1,<environment.Job instance at 0x7fb566225dc0>,9,17,[6 2],10,17,34,7,10
1,<environment.Job instance at 0x7fb566225780>,10,17,[5 1],11,34,51,23,22
1,<environment.Job instance at 0x7fb566f45190>,13,17,[4 6],14,34,51,20,22
1,<environment.Job instance at 0x7fb56621c780>,15,14,[ 1 10],16,51,65,35,36
1,<environment.Job instance at 0x7fb56621cc80>,17,16,[11  4],18,51,67,33,38
1,<environment.Job instance at 0x7fb56621c7d0>,18,15,[8 2],19,67,82,48,53
1,<environment.Job instance at 0x7fb56622a5a0>,22,17,[9 4],23,82,99,59,70
1,<environment.Job instance at 0x7fb566225e60>,11,25,[3 9],12,77,102,65,77
1,<environment.Job instance at 0x7fb565e37a00>,28,16,[11  1],29,99,115,70,86
1,<environment.Job instance at 0x7fb565e6ff50>,29,14,[14  2],30,115,129,85,100
1,<environment.Job instance at 0x7fb5662253c0>,12,13,[14  3],13,129,142,116,113
1,<environment.Job instance at 0x7fb565e80690>,41,15,[5 5],42,142,157,100,128
1,<environment.Job instance at 0x7fb565e82320>,43,13,[4 8],44,142,155,98,128
1,<environment.Job instance at 0x7fb566f6e2d0>,31,15,[ 2 11],32,157,172,125,143
1,<environment.Job instance at 0x7fb565ea6140>,67,16,[5 4],68,155,171,87,143
1,<environment.Job instance at 0x7fb565ea6640>,68,14,[8 3],69,171,185,102,156
1,<environment.Job instance at 0x7fb565ea6410>,66,20,[5 7],67,417,437,350,417
1,<environment.Job instance at 0x7fb566712b40>,3,22,[9 5],4,2350,2372,2346,2350
1,<environment.Job instance at 0x7fb56621de60>,0,12,[14  1],1,1,13,0,1
1,<environment.Job instance at 0x7fb56621d5a0>,2,18,[3 6],3,13,31,10,3
1,<environment.Job instance at 0x7fb56621dd20>,4,15,[5 5],5,13,28,8,5
1,<environment.Job instance at 0x7fb5661ff460>,8,12,[ 5 10],9,31,43,22,14
1,<environment.Job instance at 0x7fb5661fff50>,11,21,[4 8],12,43,64,31,35
1,<environment.Job instance at 0x7fb565e9c2d0>,14,18,[8 3],15,35,53,20,35
1,<environment.Job instance at 0x7fb565e9c690>,15,14,[8 5],16,53,67,37,38
1,<environment.Job instance at 0x7fb565e9c280>,17,16,[5 8],18,64,80,46,51
1,<environment.Job instance at 0x7fb565e9c320>,18,13,[1 7],19,67,80,48,51
1,<environment.Job instance at 0x7fb565e7b0a0>,25,13,[5 5],26,80,93,54,64
1,<environment.Job instance at 0x7fb565e7b8c0>,28,14,[7 5],29,80,94,51,65
1,<environment.Job instance at 0x7fb565e7b9b0>,35,15,[8 5],36,93,108,57,79
1,<environment.Job instance at 0x7fb5661f98c0>,40,23,[7 4],41,94,117,53,88
1,<environment.Job instance at 0x7fb5661f9820>,41,22,[5 9],42,108,130,66,101
1,<environment.Job instance at 0x7fb5661f9a00>,42,12,[7 2],43,117,129,74,101
1,<environment.Job instance at 0x7fb5661f9690>,44,20,[3 8],45,130,150,85,121
1,<environment.Job instance at 0x7fb5661f97d0>,48,17,[4 8],49,150,167,101,138
1,<environment.Job instance at 0x7fb5661f9e60>,51,13,[4 9],52,167,180,115,151
1,<environment.Job instance at 0x7fb5661f9320>,55,14,[ 2 10],56,180,194,124,165
1,<environment.Job instance at 0x7fb5661f9500>,59,14,[ 5 10],60,194,208,134,179
1,<environment.Job instance at 0x7fb566f35e10>,60,16,[5 9],61,208,224,147,195
1,<environment.Job instance at 0x7fb566f35c30>,61,23,[10  4],62,195,218,133,195
1,<environment.Job instance at 0x7fb566f35870>,62,13,[ 1 10],63,224,237,161,208
1,<environment.Job instance at 0x7fb566f35be0>,63,21,[8 1],64,218,239,154,210
1,<environment.Job instance at 0x7fb566f35280>,65,15,[8 4],66,239,254,173,225
1,<environment.Job instance at 0x7fb566f35550>,66,17,[ 3 10],67,237,254,170,225
1,<environment.Job instance at 0x7fb566f35e60>,67,14,[6 4],68,254,268,186,239
1,<environment.Job instance at 0x7fb566f35f50>,68,19,[1 7],69,254,273,185,244
1,<environment.Job instance at 0x7fb56621d960>,1,28,[ 1 13],2,331,359,329,331
1,<environment.Job instance at 0x7fb5661ff280>,6,16,[3 9],7,1477,1493,1470,1477
1,<environment.Job instance at 0x7fb566f59d20>,0,22,[ 4 14],1,2,24,1,2
1,<environment.Job instance at 0x7fb566274870>,12,15,[5 8],13,24,39,11,13
1,<environment.Job instance at 0x7fb566274a50>,14,20,[10  4],15,24,44,9,15
1,<environment.Job instance at 0x7fb566274b40>,16,14,[5 7],17,39,53,22,24
1,<environment.Job instance at 0x7fb566274d70>,23,12,[10  3],24,44,56,20,27
1,<environment.Job instance at 0x7fb56623a2d0>,26,16,[2 9],27,53,69,26,40
1,<environment.Job instance at 0x7fb56623a370>,27,14,[5 6],28,56,70,28,41
1,<environment.Job instance at 0x7fb566274a00>,18,14,[ 1 14],19,70,84,51,56
1,<environment.Job instance at 0x7fb56623a320>,30,17,[8 1],31,69,86,38,57
1,<environment.Job instance at 0x7fb56623a7d0>,36,14,[ 4 10],37,84,98,47,70
1,<environment.Job instance at 0x7fb56623aa00>,38,12,[8 5],39,86,98,47,70
1,<environment.Job instance at 0x7fb56623a5a0>,31,15,[14  5],32,98,113,66,87
1,<environment.Job instance at 0x7fb56623acd0>,40,18,[14  2],41,113,131,72,102
1,<environment.Job instance at 0x7fb56623adc0>,41,16,[ 5 11],42,131,147,89,122
1,<environment.Job instance at 0x7fb56623aaa0>,39,21,[9 2],40,131,152,91,126
1,<environment.Job instance at 0x7fb56623aeb0>,43,16,[6 3],44,147,163,103,134
1,<environment.Job instance at 0x7fb5662412d0>,49,19,[7 4],50,152,171,102,142
1,<environment.Job instance at 0x7fb566241550>,53,22,[1 6],54,152,174,98,145
1,<environment.Job instance at 0x7fb56623ae10>,42,22,[ 1 14],43,174,196,131,167
1,<environment.Job instance at 0x7fb566241730>,56,17,[11  1],57,171,188,114,167
1,<environment.Job instance at 0x7fb566241b90>,62,16,[10  3],63,196,212,133,183
1,<environment.Job instance at 0x7fb566241d70>,65,13,[6 4],66,212,225,146,196
1,<environment.Job instance at 0x7fb566241e10>,66,14,[10  3],67,225,239,158,210
1,<environment.Job instance at 0x7fb566241f50>,68,19,[1 5],69,210,229,141,210
1,<environment.Job instance at 0x7fb566274be0>,17,18,[4 7],18,225,243,207,214
1,<environment.Job instance at 0x7fb5662418c0>,57,20,[ 1 11],58,510,530,452,510
1,<environment.Job instance at 0x7fb566274460>,15,16,[6 3],16,510,526,494,510
1,<environment.Job instance at 0x7fb56620a5f0>,1,13,[6 5],2,2,15,0,2
1,<environment.Job instance at 0x7fb566c0c870>,3,14,[4 5],4,4,18,0,4
1,<environment.Job instance at 0x7fb566c0c5f0>,7,15,[9 5],8,15,30,7,8
1,<environment.Job instance at 0x7fb56683c550>,9,17,[1 7],10,18,35,8,10
1,<environment.Job instance at 0x7fb56683cd70>,10,15,[5 1],11,18,33,7,11
1,<environment.Job instance at 0x7fb56683cf50>,18,12,[2 5],19,30,42,11,19
1,<environment.Job instance at 0x7fb56683c5a0>,16,14,[5 9],17,35,49,18,20
1,<environment.Job instance at 0x7fb56683c460>,19,16,[6 5],20,42,58,22,29
1,<environment.Job instance at 0x7fb56683cb90>,17,19,[11  1],18,58,77,40,51
1,<environment.Job instance at 0x7fb565e36370>,0,18,[10  4],1,77,95,76,66
1,<environment.Job instance at 0x7fb56683c730>,25,26,[2 6],26,68,94,42,68
1,<environment.Job instance at 0x7fb56683c5f0>,30,19,[4 9],31,94,113,63,84
1,<environment.Job instance at 0x7fb56673b780>,31,12,[10  2],32,95,107,63,84
1,<environment.Job instance at 0x7fb56673b550>,34,19,[9 4],35,107,126,72,97
1,<environment.Job instance at 0x7fb56673b6e0>,36,18,[6 4],37,113,131,76,102
1,<environment.Job instance at 0x7fb56673b3c0>,41,16,[7 3],42,126,142,84,113
1,<environment.Job instance at 0x7fb565bdb1e0>,43,15,[ 3 10],44,131,146,87,117
1,<environment.Job instance at 0x7fb565bdb3c0>,51,15,[6 3],52,142,157,90,136
1,<environment.Job instance at 0x7fb565bdb550>,53,18,[7 5],54,146,164,92,136
1,<environment.Job instance at 0x7fb565bdbb90>,56,17,[10  3],57,164,181,107,152
1,<environment.Job instance at 0x7fb565bb1320>,59,17,[5 9],60,157,174,97,152
1,<environment.Job instance at 0x7fb565c0caf0>,66,18,[11  5],67,181,199,114,170
1,<environment.Job instance at 0x7fb56683c230>,27,18,[5 9],28,199,217,171,193
1,<environment.Job instance at 0x7fb56683c280>,11,18,[5 9],12,217,235,205,206
1,<environment.Job instance at 0x7fb56683cd20>,26,18,[7 5],27,206,224,179,206
1,<environment.Job instance at 0x7fb565c3faf0>,3,14,[1 5],4,4,18,0,4
1,<environment.Job instance at 0x7fb565c3f460>,0,20,[2 9],1,6,26,5,6
1,<environment.Job instance at 0x7fb566f21d20>,8,15,[1 6],9,18,33,9,9
1,<environment.Job instance at 0x7fb566f21230>,12,12,[14  4],13,26,38,13,13
1,<environment.Job instance at 0x7fb566f21d70>,13,15,[7 4],14,38,53,24,24
1,<environment.Job instance at 0x7fb566f218c0>,5,18,[1 7],6,33,51,27,26
1,<environment.Job instance at 0x7fb566f21870>,15,13,[1 7],16,51,64,35,35
1,<environment.Job instance at 0x7fb566f215f0>,22,13,[5 5],23,53,66,30,37
1,<environment.Job instance at 0x7fb565e17960>,26,14,[6 4],27,38,52,11,37
1,<environment.Job instance at 0x7fb566f21a00>,6,12,[ 5 12],7,66,78,59,51
1,<environment.Job instance at 0x7fb566f21640>,11,20,[10  5],12,78,98,66,69
1,<environment.Job instance at 0x7fb56fb7d5a0>,36,14,[ 4 10],37,78,92,41,72
1,<environment.Job instance at 0x7fb566de1e60>,37,13,[6 2],38,98,111,60,82
1,<environment.Job instance at 0x7fb566de1aa0>,35,17,[2 9],36,92,109,56,91
1,<environment.Job instance at 0x7fb566f21960>,16,13,[12  2],17,111,124,94,101
1,<environment.Job instance at 0x7fb56fb7daa0>,34,20,[3 8],35,109,129,74,103
1,<environment.Job instance at 0x7fb566de1230>,41,18,[6 1],42,124,142,82,113
1,<environment.Job instance at 0x7fb566de1370>,42,19,[1 7],43,129,148,86,119
1,<environment.Job instance at 0x7fb566de10f0>,48,17,[7 1],49,129,146,80,127
1,<environment.Job instance at 0x7fb565b35e60>,51,26,[5 4],52,142,168,90,139
1,<environment.Job instance at 0x7fb565b35410>,52,21,[6 4],53,146,167,93,139
1,<environment.Job instance at 0x7fb565b35690>,54,20,[10  4],55,167,187,112,158
1,<environment.Job instance at 0x7fb565b35370>,57,16,[ 4 10],58,168,184,110,159
1,<environment.Job instance at 0x7fb5659c86e0>,59,17,[5 5],60,184,201,124,172
1,<environment.Job instance at 0x7fb5659c80a0>,61,15,[9 4],62,187,202,125,173
1,<environment.Job instance at 0x7fb5659c89b0>,63,13,[1 5],64,187,200,123,173
1,<environment.Job instance at 0x7fb5659c84b0>,67,20,[7 1],68,202,222,134,193
1,<environment.Job instance at 0x7fb566de1820>,39,19,[9 4],40,222,241,182,213
1,<environment.Job instance at 0x7fb5656ef500>,0,18,[ 2 10],1,1,19,0,1
1,<environment.Job instance at 0x7fb565e0edc0>,3,14,[6 5],4,4,18,0,4
1,<environment.Job instance at 0x7fb565e0e410>,5,15,[10  3],6,18,33,12,6
1,<environment.Job instance at 0x7fb566981050>,12,27,[5 1],13,19,46,6,17
1,<environment.Job instance at 0x7fb566981820>,13,21,[1 6],14,33,54,19,25
1,<environment.Job instance at 0x7fb566981500>,11,15,[4 5],12,33,48,21,25
1,<environment.Job instance at 0x7fb566981960>,16,16,[4 5],17,48,64,31,35
1,<environment.Job instance at 0x7fb566fc23c0>,19,16,[ 5 10],20,54,70,34,50
1,<environment.Job instance at 0x7fb566981a00>,14,17,[14  5],15,70,87,55,58
1,<environment.Job instance at 0x7fb566fc20a0>,21,16,[9 2],22,87,103,65,74
1,<environment.Job instance at 0x7fb566fc2a00>,22,19,[12  1],23,103,122,80,93
1,<environment.Job instance at 0x7fb566fc2be0>,23,26,[4 7],24,122,148,98,119
1,<environment.Job instance at 0x7fb566fc2b90>,24,21,[6 5],25,122,143,97,119
1,<environment.Job instance at 0x7fb566fc2640>,25,18,[ 2 13],26,148,166,122,137
1,<environment.Job instance at 0x7fb566fc22d0>,26,20,[3 6],27,166,186,139,157
1,<environment.Job instance at 0x7fb566fc2410>,27,13,[9 4],28,166,179,138,157
1,<environment.Job instance at 0x7fb566fc2d70>,28,19,[ 5 10],29,186,205,157,176
1,<environment.Job instance at 0x7fb566fc25a0>,29,15,[7 3],30,179,194,149,176
1,<environment.Job instance at 0x7fb566fc24b0>,30,17,[4 7],31,205,222,174,193
1,<environment.Job instance at 0x7fb566fc2f00>,31,17,[4 5],32,194,211,162,193
1,<environment.Job instance at 0x7fb566fc2820>,32,28,[9 1],33,211,239,178,210
1,<environment.Job instance at 0x7fb566fc2aa0>,33,15,[4 9],34,222,237,188,210
1,<environment.Job instance at 0x7fb566fc2d20>,34,15,[13  2],35,239,254,204,225
1,<environment.Job instance at 0x7fb56632f870>,35,17,[12  3],36,254,271,218,242
1,<environment.Job instance at 0x7fb56632f0f0>,36,28,[ 4 12],37,271,299,234,270
1,<environment.Job instance at 0x7fb56632f230>,37,25,[2 6],38,299,324,261,295
1,<environment.Job instance at 0x7fb56632f640>,38,17,[5 2],39,295,312,256,295
1,<environment.Job instance at 0x7fb56632f820>,39,18,[1 9],40,312,330,272,301
1,<environment.Job instance at 0x7fb56632f7d0>,40,15,[6 3],41,324,339,283,310
1,<environment.Job instance at 0x7fb56632f140>,41,15,[3 9],42,330,345,288,316
1,<environment.Job instance at 0x7fb566fc2870>,20,18,[7 3],21,339,357,318,328
1,<environment.Job instance at 0x7fb56632f460>,46,14,[7 2],47,345,359,298,333
1,<environment.Job instance at 0x7fb566981b40>,10,24,[11  4],11,359,383,348,354
1,<environment.Job instance at 0x7fb56632fc80>,52,14,[3 6],53,357,371,304,354
1,<environment.Job instance at 0x7fb56632fa00>,53,25,[4 6],54,371,396,317,367
1,<environment.Job instance at 0x7fb566981140>,8,13,[9 4],9,383,396,374,367
1,<environment.Job instance at 0x7fb56632f2d0>,54,19,[6 1],55,396,415,341,386
1,<environment.Job instance at 0x7fb566eb2870>,61,14,[6 1],62,396,410,334,388
1,<environment.Job instance at 0x7fb566eb20a0>,62,20,[6 3],63,410,430,347,401
1,<environment.Job instance at 0x7fb56632fd70>,42,21,[9 5],43,415,436,372,407
1,<environment.Job instance at 0x7fb566eb2910>,64,14,[3 9],65,430,444,365,415
1,<environment.Job instance at 0x7fb566eb2c30>,65,12,[ 1 14],66,444,456,378,427
1,<environment.Job instance at 0x7fb566eb2dc0>,66,14,[13  4],67,456,470,389,441
1,<environment.Job instance at 0x7fb566eb2be0>,63,17,[10  4],64,470,487,406,458
1,<environment.Job instance at 0x7fb56632f5f0>,55,24,[7 5],56,487,511,431,482
1,<environment.Job instance at 0x7fb56632fe10>,56,16,[5 8],57,482,498,425,482
1,<environment.Job instance at 0x7fb565e0e820>,1,16,[14  3],2,511,527,509,498
1,<environment.Job instance at 0x7fb566274230>,1,20,[5 6],2,3,23,1,3
1,<environment.Job instance at 0x7fb565b68500>,5,16,[10  2],6,7,23,1,7
1,<environment.Job instance at 0x7fb565b68780>,8,17,[5 5],9,23,40,14,11
1,<environment.Job instance at 0x7fb56f76ae10>,10,19,[8 4],11,23,42,12,13
1,<environment.Job instance at 0x7fb56665ba50>,12,15,[9 3],13,42,57,29,28
1,<environment.Job instance at 0x7fb56fb7d780>,13,16,[6 3],14,40,56,26,28
1,<environment.Job instance at 0x7fb5665cdfa0>,16,18,[10  2],17,57,75,40,46
1,<environment.Job instance at 0x7fb566f3c9b0>,17,20,[7 5],18,75,95,57,66
1,<environment.Job instance at 0x7fb5669ec640>,20,21,[5 2],21,66,87,45,66
1,<environment.Job instance at 0x7fb566f44500>,25,12,[3 6],26,75,87,49,66
1,<environment.Job instance at 0x7fb565e578c0>,27,13,[7 4],28,87,100,59,71
1,<environment.Job instance at 0x7fb566112140>,30,15,[5 2],31,95,110,64,81
1,<environment.Job instance at 0x7fb566981550>,32,14,[7 1],33,100,114,67,85
1,<environment.Job instance at 0x7fb56640fdc0>,9,13,[8 2],10,110,123,100,100
1,<environment.Job instance at 0x7fb565df1140>,34,22,[9 4],35,123,145,88,116
1,<environment.Job instance at 0x7fb56691a370>,37,14,[2 6],38,116,130,78,116
1,<environment.Job instance at 0x7fb566c13d20>,47,20,[3 7],48,130,150,82,121
1,<environment.Job instance at 0x7fb566c13b40>,50,18,[1 5],51,145,163,94,134
1,<environment.Job instance at 0x7fb5660944b0>,58,21,[2 6],59,150,171,91,142
1,<environment.Job instance at 0x7fb566094370>,59,22,[5 7],60,163,185,103,156
1,<environment.Job instance at 0x7fb566034a50>,62,12,[8 4],63,171,183,108,157
1,<environment.Job instance at 0x7fb56625d2d0>,64,13,[5 4],65,183,196,118,167
1,<environment.Job instance at 0x7fb566094be0>,65,14,[8 5],66,185,199,119,170
1,<environment.Job instance at 0x7fb566c0beb0>,68,15,[7 2],69,196,211,127,182
1,<environment.Job instance at 0x7fb566926f50>,0,27,[ 3 14],1,1321,1348,1320,1321
1,<environment.Job instance at 0x7fb565b68910>,6,18,[ 4 13],7,1933,1951,1926,1933
1,<environment.Job instance at 0x7fb5663d3410>,1,16,[4 6],2,2,18,0,2
1,<environment.Job instance at 0x7fb565a1b280>,2,16,[ 1 11],3,18,34,15,5
1,<environment.Job instance at 0x7fb565a1bf00>,8,13,[5 3],9,9,22,0,9
1,<environment.Job instance at 0x7fb565a1bd70>,7,17,[13  3],8,22,39,14,10
1,<environment.Job instance at 0x7fb5661dcc30>,14,18,[2 8],15,34,52,19,23
1,<environment.Job instance at 0x7fb565a1b730>,11,16,[5 1],12,39,55,27,30
1,<environment.Job instance at 0x7fb567010c80>,34,17,[10  5],35,52,69,17,40
1,<environment.Job instance at 0x7fb566e8f960>,43,15,[3 8],44,55,70,11,46
1,<environment.Job instance at 0x7fb566b07c80>,51,17,[9 2],52,69,86,17,57
1,<environment.Job instance at 0x7fb5661f7fa0>,0,13,[8 3],1,1,14,0,1
1,<environment.Job instance at 0x7fb5661f7a50>,5,23,[1 5],6,6,29,0,6
1,<environment.Job instance at 0x7fb565d08460>,10,13,[7 5],11,14,27,3,11
1,<environment.Job instance at 0x7fb565d08c80>,14,15,[4 6],15,27,42,12,15
1,<environment.Job instance at 0x7fb565d08870>,15,22,[7 1],16,16,38,0,16
1,<environment.Job instance at 0x7fb5661f7870>,18,14,[8 1],19,38,52,19,23
1,<environment.Job instance at 0x7fb566bf36e0>,25,21,[6 5],26,42,63,16,34
1,<environment.Job instance at 0x7fb566bf4280>,37,19,[2 8],38,52,71,14,42
1,<environment.Job instance at 0x7fb566bf43c0>,38,15,[1 9],39,71,86,32,57
1,<environment.Job instance at 0x7fb566bf48c0>,43,18,[1 8],44,86,104,42,75
1,<environment.Job instance at 0x7fb566adc050>,44,13,[4 7],45,86,99,41,75
1,<environment.Job instance at 0x7fb566b85140>,53,18,[5 8],54,104,122,50,93
1,<environment.Job instance at 0x7fb5657005a0>,58,20,[10  2],59,103,123,44,103
1,<environment.Job instance at 0x7fb56572d780>,63,14,[7 2],64,123,137,59,108
1,<environment.Job instance at 0x7fb56572daf0>,66,12,[6 1],67,123,135,56,108
1,<environment.Job instance at 0x7fb566bf3960>,19,16,[ 4 10],20,1070,1086,1050,1070
1,<environment.Job instance at 0x7fb5661f7af0>,1,24,[14  3],2,1114,1138,1112,1114
1,<environment.Job instance at 0x7fb566bf3f00>,17,17,[5 4],18,1543,1560,1525,1543
1,<environment.Job instance at 0x7fb566b678c0>,1,14,[3 8],2,2,16,0,2
1,<environment.Job instance at 0x7fb566bf3fa0>,2,16,[6 5],3,3,19,0,3
1,<environment.Job instance at 0x7fb5657363c0>,3,14,[5 4],4,16,30,12,4
1,<environment.Job instance at 0x7fb566615320>,9,16,[9 2],10,19,35,9,11
1,<environment.Job instance at 0x7fb5667d7d70>,11,22,[8 3],12,35,57,23,28
1,<environment.Job instance at 0x7fb5667d7500>,15,12,[6 4],16,32,44,16,32
1,<environment.Job instance at 0x7fb5667d7af0>,10,28,[ 1 11],11,44,72,33,43
1,<environment.Job instance at 0x7fb566dbcf50>,0,15,[10  1],1,57,72,56,43
1,<environment.Job instance at 0x7fb565b87b90>,38,18,[5 9],39,72,90,33,63
1,<environment.Job instance at 0x7fb5668f7c80>,40,14,[7 4],41,72,86,31,63
1,<environment.Job instance at 0x7fb5667d7b90>,12,28,[14  4],13,90,118,77,89
1,<environment.Job instance at 0x7fb5667ea0a0>,49,20,[3 9],50,118,138,68,109
1,<environment.Job instance at 0x7fb566a97aa0>,52,14,[5 5],53,118,132,65,109
1,<environment.Job instance at 0x7fb566a99410>,55,16,[6 1],56,118,134,62,109
1,<environment.Job instance at 0x7fb566a99e10>,58,18,[1 5],59,132,150,73,121
1,<environment.Job instance at 0x7fb566a99140>,60,12,[6 3],61,138,150,77,121
1,<environment.Job instance at 0x7fb566a99aa0>,61,16,[10  2],62,150,166,88,137
1,<environment.Job instance at 0x7fb566a99eb0>,65,13,[9 5],66,166,179,100,150
1,<environment.Job instance at 0x7fb566a990f0>,66,18,[6 2],67,166,184,99,155
1,<environment.Job instance at 0x7fb565feaf00>,68,13,[7 5],69,179,192,110,163
1,<environment.Job instance at 0x7fb566e1df50>,20,15,[ 2 11],21,192,207,171,180
1,<environment.Job instance at 0x7fb5667ea190>,50,14,[2 7],51,207,221,156,194
1,<environment.Job instance at 0x7fb566d9af00>,0,14,[11  5],1,1,15,0,1
1,<environment.Job instance at 0x7fb566d9a870>,1,15,[7 3],2,15,30,13,2
1,<environment.Job instance at 0x7fb565da6780>,5,14,[4 7],6,6,20,0,6
1,<environment.Job instance at 0x7fb565da6910>,6,21,[2 8],7,20,41,13,12
1,<environment.Job instance at 0x7fb565da6870>,12,18,[5 4],13,20,38,7,13
1,<environment.Job instance at 0x7fb565da6be0>,14,13,[1 6],15,38,51,23,22
1,<environment.Job instance at 0x7fb565da6550>,7,13,[ 3 13],8,51,64,43,35
1,<environment.Job instance at 0x7fb565da6eb0>,15,21,[ 3 10],16,64,85,48,56
1,<environment.Job instance at 0x7fb565da6f00>,18,17,[7 4],19,64,81,45,56
1,<environment.Job instance at 0x7fb565da6e10>,19,23,[5 5],20,81,104,61,75
1,<environment.Job instance at 0x7fb565d87230>,20,19,[6 2],21,85,104,64,75
1,<environment.Job instance at 0x7fb565d87320>,24,21,[9 1],25,104,125,79,96
1,<environment.Job instance at 0x7fb565d87500>,25,16,[4 9],26,104,120,78,96
1,<environment.Job instance at 0x7fb565d87640>,27,12,[4 5],28,120,132,92,103
1,<environment.Job instance at 0x7fb565d876e0>,28,21,[10  3],29,125,146,96,117
1,<environment.Job instance at 0x7fb565d87820>,30,16,[11  5],31,146,162,115,133
1,<environment.Job instance at 0x7fb565d878c0>,31,22,[1 8],32,133,155,101,133
1,<environment.Job instance at 0x7fb565d87aa0>,34,12,[ 5 10],35,162,174,127,145
1,<environment.Job instance at 0x7fb565d87c80>,35,19,[7 5],36,162,181,126,152
1,<environment.Job instance at 0x7fb565d87be0>,36,16,[8 4],37,174,190,137,161
1,<environment.Job instance at 0x7fb565d87d70>,38,22,[5 7],39,181,203,142,174
1,<environment.Job instance at 0x7fb565d87370>,42,20,[5 8],43,190,210,147,181
1,<environment.Job instance at 0x7fb565d85370>,47,14,[9 5],48,203,217,155,188
1,<environment.Job instance at 0x7fb565d85690>,52,17,[6 4],53,210,227,157,198
1,<environment.Job instance at 0x7fb565d857d0>,54,21,[ 3 10],55,217,238,162,209
1,<environment.Job instance at 0x7fb5668ec640>,57,12,[5 1],58,217,229,159,209
1,<environment.Job instance at 0x7fb5664484b0>,58,21,[7 1],59,227,248,168,219
1,<environment.Job instance at 0x7fb565d9e1e0>,62,21,[1 6],63,238,259,175,230
1,<environment.Job instance at 0x7fb565d9e190>,63,15,[8 1],64,248,263,184,234
1,<environment.Job instance at 0x7fb565d9e820>,64,14,[5 7],65,238,252,173,234
1,<environment.Job instance at 0x7fb566030730>,2,23,[ 4 13],3,259,282,256,259
1,<environment.Job instance at 0x7fb565da6f50>,16,22,[2 6],17,707,729,690,707
1,<environment.Job instance at 0x7fb5667ea190>,3,19,[11  1],4,7752,7771,7748,7752
1,<environment.Job instance at 0x7fb565da3230>,3,19,[10  1],4,4,23,0,4
1,<environment.Job instance at 0x7fb565dac3c0>,5,20,[1 8],6,6,26,0,6
1,<environment.Job instance at 0x7fb565daca00>,9,13,[7 2],10,23,36,13,10
1,<environment.Job instance at 0x7fb565da38c0>,7,17,[7 2],8,23,40,15,11
1,<environment.Job instance at 0x7fb565dac820>,13,15,[10  5],14,40,55,26,26
1,<environment.Job instance at 0x7fb565dac910>,15,22,[3 8],16,36,58,20,29
1,<environment.Job instance at 0x7fb565dacf00>,16,16,[4 7],17,55,71,38,42
1,<environment.Job instance at 0x7fb565dac230>,17,12,[9 1],18,58,70,40,42
1,<environment.Job instance at 0x7fb565dacd70>,21,14,[2 9],22,71,85,49,56
1,<environment.Job instance at 0x7fb565dae6e0>,24,15,[3 5],25,70,85,45,56
1,<environment.Job instance at 0x7fb565dae460>,31,14,[5 7],32,85,99,53,70
1,<environment.Job instance at 0x7fb565dae320>,32,16,[4 6],33,85,101,52,72
1,<environment.Job instance at 0x7fb565dae910>,33,13,[8 1],34,72,85,38,72
1,<environment.Job instance at 0x7fb5666c06e0>,37,18,[8 3],38,99,117,61,88
1,<environment.Job instance at 0x7fb5666c0190>,41,19,[6 1],42,101,120,59,91
1,<environment.Job instance at 0x7fb5666c0d20>,42,12,[2 5],43,117,129,74,100
1,<environment.Job instance at 0x7fb5666c0af0>,43,20,[9 2],44,120,140,76,111
1,<environment.Job instance at 0x7fb5666c07d0>,47,22,[2 8],48,117,139,69,111
1,<environment.Job instance at 0x7fb5666c0730>,49,20,[4 6],50,139,159,89,130
1,<environment.Job instance at 0x7fb5666c0910>,53,14,[10  4],54,140,154,86,130
1,<environment.Job instance at 0x7fb5666c0aa0>,54,19,[4 7],55,154,173,99,144
1,<environment.Job instance at 0x7fb565db3820>,57,18,[1 9],58,173,191,115,162
1,<environment.Job instance at 0x7fb565db3050>,58,19,[3 6],59,162,181,103,162
1,<environment.Job instance at 0x7fb565db3fa0>,59,19,[9 1],60,181,200,121,172
1,<environment.Job instance at 0x7fb565daccd0>,10,14,[ 2 12],11,191,205,180,176
1,<environment.Job instance at 0x7fb5666abb40>,60,21,[9 1],61,200,221,139,192
1,<environment.Job instance at 0x7fb5666ab550>,62,18,[5 2],63,205,223,142,194
1,<environment.Job instance at 0x7fb5666ab190>,63,16,[7 5],64,221,237,157,208
1,<environment.Job instance at 0x7fb5666abbe0>,65,12,[8 3],66,223,235,157,208
1,<environment.Job instance at 0x7fb5666ab500>,61,19,[ 3 11],62,293,312,231,293
1,<environment.Job instance at 0x7fb565dac140>,6,18,[5 4],7,306,324,299,306
1,<environment.Job instance at 0x7fb566095190>,0,13,[9 1],1,1,14,0,1
1,<environment.Job instance at 0x7fb565dacb40>,1,27,[ 5 14],2,2,29,0,2
1,<environment.Job instance at 0x7fb566095910>,9,22,[3 9],10,29,51,19,22
1,<environment.Job instance at 0x7fb565b293c0>,15,22,[10  3],16,29,51,13,22
1,<environment.Job instance at 0x7fb565b29320>,16,12,[3 6],17,51,63,34,34
1,<environment.Job instance at 0x7fb565b29230>,17,14,[12  5],18,51,65,33,36
1,<environment.Job instance at 0x7fb565b29190>,18,14,[12  2],19,65,79,46,50
1,<environment.Job instance at 0x7fb565b29820>,19,23,[ 5 11],20,79,102,59,73
1,<environment.Job instance at 0x7fb565b29f00>,20,12,[9 5],21,102,114,81,85
1,<environment.Job instance at 0x7fb565b291e0>,21,14,[ 3 11],22,114,128,92,99
1,<environment.Job instance at 0x7fb565b29370>,22,15,[11  2],23,114,129,91,100
1,<environment.Job instance at 0x7fb565b29dc0>,23,17,[ 5 11],24,129,146,105,117
1,<environment.Job instance at 0x7fb565b29870>,24,12,[8 3],25,129,141,104,117
1,<environment.Job instance at 0x7fb565b299b0>,25,18,[ 2 10],26,146,164,120,135
1,<environment.Job instance at 0x7fb565b29140>,26,17,[5 5],27,146,163,119,135
1,<environment.Job instance at 0x7fb565b29e60>,27,14,[9 5],28,163,177,135,148
1,<environment.Job instance at 0x7fb56619ee60>,28,14,[8 5],29,177,191,148,162
1,<environment.Job instance at 0x7fb566095690>,5,12,[3 5],6,164,176,158,162
1,<environment.Job instance at 0x7fb5660950f0>,8,27,[7 3],9,177,204,168,175
1,<environment.Job instance at 0x7fb56619e550>,43,16,[13  4],44,204,220,160,193
1,<environment.Job instance at 0x7fb56619ed20>,44,18,[9 3],45,220,238,175,209
1,<environment.Job instance at 0x7fb56619e410>,45,16,[ 5 12],46,220,236,174,209
1,<environment.Job instance at 0x7fb56619e190>,47,19,[2 7],48,236,255,188,228
1,<environment.Job instance at 0x7fb56619eb90>,48,26,[6 4],49,238,264,189,235
1,<environment.Job instance at 0x7fb56619e050>,46,21,[5 6],47,255,276,208,251
1,<environment.Job instance at 0x7fb56619e5f0>,49,27,[3 5],50,255,282,205,253
1,<environment.Job instance at 0x7fb56693d190>,50,15,[5 6],51,276,291,225,262
1,<environment.Job instance at 0x7fb56693d280>,59,20,[5 6],60,282,302,222,274
1,<environment.Job instance at 0x7fb5665cdf00>,67,20,[6 4],68,291,311,223,282
1,<environment.Job instance at 0x7fb5660cdc80>,0,17,[2 9],1,1,18,0,1
1,<environment.Job instance at 0x7fb5658ecb40>,3,15,[10  1],4,4,19,0,4
1,<environment.Job instance at 0x7fb5658ec730>,5,12,[1 9],6,18,30,12,6
1,<environment.Job instance at 0x7fb5658c3b40>,10,27,[5 2],11,19,46,8,17
1,<environment.Job instance at 0x7fb5658c3a50>,11,12,[ 3 13],12,30,42,18,17
1,<environment.Job instance at 0x7fb5658ec910>,7,13,[5 8],8,42,55,34,31
1,<environment.Job instance at 0x7fb5658ecaa0>,8,18,[5 2],9,42,60,33,32
1,<environment.Job instance at 0x7fb5658d1d20>,15,14,[3 9],16,55,69,39,41
1,<environment.Job instance at 0x7fb5658d1780>,17,17,[4 7],18,69,86,51,57
1,<environment.Job instance at 0x7fb5658d1690>,19,19,[5 8],20,69,88,49,60
1,<environment.Job instance at 0x7fb5660cd410>,1,24,[5 4],2,86,110,84,81
1,<environment.Job instance at 0x7fb5658d1f00>,24,21,[5 8],25,88,109,63,81
1,<environment.Job instance at 0x7fb5658c4d20>,28,16,[7 4],29,109,125,80,96
1,<environment.Job instance at 0x7fb5658c4c80>,32,15,[1 7],33,110,125,77,110
1,<environment.Job instance at 0x7fb5658da550>,12,17,[14  5],13,125,142,112,116
1,<environment.Job instance at 0x7fb566136eb0>,48,16,[4 5],49,142,158,93,129
1,<environment.Job instance at 0x7fb566125280>,50,17,[6 3],51,142,159,91,130
1,<environment.Job instance at 0x7fb5658c3cd0>,9,28,[12  3],10,159,187,149,158
1,<environment.Job instance at 0x7fb566125a50>,52,16,[9 3],53,187,203,134,174
1,<environment.Job instance at 0x7fb5662c0dc0>,53,26,[9 3],54,203,229,149,200
1,<environment.Job instance at 0x7fb5662c04b0>,54,22,[6 3],55,200,222,145,200
1,<environment.Job instance at 0x7fb5662c0e60>,55,20,[14  4],56,229,249,173,220
1,<environment.Job instance at 0x7fb5662df550>,51,20,[1 9],52,236,256,184,236
1,<environment.Job instance at 0x7fb5662ec280>,61,16,[2 7],62,256,272,194,243
1,<environment.Job instance at 0x7fb5662ec460>,63,21,[2 6],64,249,270,185,243
1,<environment.Job instance at 0x7fb5662c0f50>,56,17,[4 7],57,270,287,213,262
1,<environment.Job instance at 0x7fb5662ecdc0>,67,13,[13  2],68,287,300,219,271
1,<environment.Job instance at 0x7fb5662ec820>,66,20,[2 9],67,287,307,220,286
1,<environment.Job instance at 0x7fb5662ece60>,68,23,[11  5],69,300,323,231,295
1,<environment.Job instance at 0x7fb5658c4f00>,25,21,[11  3],26,1328,1349,1302,1328
1,<environment.Job instance at 0x7fb565ecf780>,0,18,[3 9],1,1,19,0,1
1,<environment.Job instance at 0x7fb5658c4f00>,2,23,[6 1],3,3,26,0,3
1,<environment.Job instance at 0x7fb5658c4be0>,1,14,[ 3 13],2,19,33,17,4
1,<environment.Job instance at 0x7fb565ecfcd0>,4,12,[5 1],5,5,17,0,5
1,<environment.Job instance at 0x7fb565ecfc80>,9,12,[ 1 13],10,33,45,23,18
1,<environment.Job instance at 0x7fb565ecfe60>,7,14,[1 9],8,45,59,37,30
1,<environment.Job instance at 0x7fb565ecf5f0>,11,18,[10  5],12,51,69,39,51
1,<environment.Job instance at 0x7fb565ecf870>,12,12,[1 6],13,59,71,46,51
1,<environment.Job instance at 0x7fb565ecf690>,13,17,[5 5],14,69,86,55,57
1,<environment.Job instance at 0x7fb565ecf410>,16,19,[6 2],17,69,88,52,68
1,<environment.Job instance at 0x7fb565ecfd70>,19,14,[9 3],20,86,100,66,71
1,<environment.Job instance at 0x7fb5666a0910>,21,13,[7 2],22,100,113,78,85
1,<environment.Job instance at 0x7fb565ecff00>,8,26,[1 8],9,88,114,79,85
1,<environment.Job instance at 0x7fb5666a0a00>,22,12,[5 2],23,88,100,65,88
1,<environment.Job instance at 0x7fb5666a0b40>,26,15,[6 2],27,100,115,73,88
1,<environment.Job instance at 0x7fb5666a0690>,30,16,[8 5],31,113,129,82,100
1,<environment.Job instance at 0x7fb565ecfa00>,10,26,[ 2 10],11,115,141,104,112
1,<environment.Job instance at 0x7fb5666a0410>,35,13,[8 4],36,129,142,93,113
1,<environment.Job instance at 0x7fb5666a0e10>,36,22,[ 2 13],37,142,164,105,135
1,<environment.Job instance at 0x7fb5666a06e0>,39,14,[ 1 12],40,164,178,124,149
1,<environment.Job instance at 0x7fb5666a00a0>,40,16,[13  3],41,164,180,123,151
1,<environment.Job instance at 0x7fb566103280>,41,22,[5 2],42,180,202,138,173
1,<environment.Job instance at 0x7fb565ecfe10>,6,12,[4 8],7,180,192,173,174
1,<environment.Job instance at 0x7fb5666a0820>,38,19,[9 2],39,192,211,153,182
1,<environment.Job instance at 0x7fb566103690>,45,15,[3 6],46,202,217,156,188
1,<environment.Job instance at 0x7fb5661034b0>,48,14,[6 1],49,211,225,162,196
1,<environment.Job instance at 0x7fb566103960>,51,18,[10  4],52,225,243,173,214
1,<environment.Job instance at 0x7fb566103e10>,53,15,[7 2],54,243,258,189,229
1,<environment.Job instance at 0x7fb566103870>,59,21,[6 1],60,243,264,183,235
1,<environment.Job instance at 0x7fb5663e7dc0>,65,15,[6 5],66,258,273,192,244
1,<environment.Job instance at 0x7fb5666a0730>,23,15,[3 9],24,258,273,234,248
1,<environment.Job instance at 0x7fb5661039b0>,43,20,[6 2],44,273,293,229,264
1,<environment.Job instance at 0x7fb5663e7cd0>,68,15,[ 2 10],69,369,384,300,369
1,<environment.Job instance at 0x7fb565ecfdc0>,5,16,[13  3],6,372,388,366,372
1,<environment.Job instance at 0x7fb565ecfb40>,2,13,[11  3],3,3,16,0,3
1,<environment.Job instance at 0x7fb565eff0f0>,12,15,[4 7],13,13,28,0,13
1,<environment.Job instance at 0x7fb565eff190>,13,22,[3 5],14,16,38,2,14
1,<environment.Job instance at 0x7fb565eff4b0>,17,14,[12  4],18,28,42,10,18
1,<environment.Job instance at 0x7fb565effd20>,30,12,[9 5],31,42,54,11,31
1,<environment.Job instance at 0x7fb565effdc0>,31,23,[3 9],32,38,61,6,32
1,<environment.Job instance at 0x7fb565efff00>,32,12,[9 4],33,54,66,21,37
1,<environment.Job instance at 0x7fb565efff50>,33,21,[1 8],34,61,82,27,53
1,<environment.Job instance at 0x7fb565f04410>,37,13,[3 7],38,66,79,28,53
1,<environment.Job instance at 0x7fb565f040a0>,35,15,[ 2 14],36,82,97,46,69
1,<environment.Job instance at 0x7fb565f04500>,39,12,[10  2],40,97,109,57,80
1,<environment.Job instance at 0x7fb565f2fb90>,34,17,[ 4 14],35,109,126,74,98
1,<environment.Job instance at 0x7fb565f04230>,38,20,[6 2],39,126,146,87,117
1,<environment.Job instance at 0x7fb565f045a0>,40,23,[5 9],41,126,149,85,122
1,<environment.Job instance at 0x7fb565f048c0>,46,12,[2 6],47,146,158,99,129
1,<environment.Job instance at 0x7fb565f04640>,41,17,[ 2 14],42,158,175,116,146
1,<environment.Job instance at 0x7fb565f04a00>,48,13,[12  3],49,175,188,126,159
1,<environment.Job instance at 0x7fb565f04b40>,50,18,[ 2 10],51,175,193,124,173
1,<environment.Job instance at 0x7fb565f04aa0>,49,16,[ 5 11],50,193,209,143,180
1,<environment.Job instance at 0x7fb565f04dc0>,53,20,[7 1],54,188,208,134,180
1,<environment.Job instance at 0x7fb565f04c80>,52,13,[9 1],53,208,221,155,192
1,<environment.Job instance at 0x7fb565f04e60>,55,13,[5 7],56,209,222,153,193
1,<environment.Job instance at 0x7fb565f04e10>,54,19,[ 4 11],55,222,241,167,212
1,<environment.Job instance at 0x7fb565f03190>,60,12,[1 8],61,241,253,180,224
1,<environment.Job instance at 0x7fb565f03280>,61,14,[7 4],62,224,238,162,224
1,<environment.Job instance at 0x7fb565f03320>,62,14,[ 5 11],63,253,267,190,238
1,<environment.Job instance at 0x7fb565f033c0>,63,15,[2 7],64,267,282,203,253
1,<environment.Job instance at 0x7fb565f03460>,64,16,[3 5],65,267,283,202,254
1,<environment.Job instance at 0x7fb565ec08c0>,0,17,[10  3],1,254,271,253,254
1,<environment.Job instance at 0x7fb565f042d0>,36,18,[10  3],37,654,672,617,654
1,<environment.Job instance at 0x7f1427715230>,0,13,[9 3],1,1,14,0,1
1,<environment.Job instance at 0x7f1427715320>,2,22,[4 8],3,3,25,0,3
1,<environment.Job instance at 0x7f141e129be0>,4,21,[1 6],5,14,35,9,7
1,<environment.Job instance at 0x7f141e12c1e0>,14,13,[7 3],15,25,38,10,16
1,<environment.Job instance at 0x7f141e12c870>,23,18,[2 7],24,35,53,11,24
1,<environment.Job instance at 0x7f141e12cf00>,33,16,[2 8],34,38,54,4,34
1,<environment.Job instance at 0x7f141e130190>,35,15,[9 5],36,53,68,17,39
1,<environment.Job instance at 0x7f141e1304b0>,40,15,[10  3],41,68,83,27,54
1,<environment.Job instance at 0x7f141e129eb0>,15,18,[ 2 14],16,83,101,67,72
1,<environment.Job instance at 0x7f141e130730>,43,13,[13  1],44,83,96,39,72
1,<environment.Job instance at 0x7f141e1307d0>,44,24,[ 1 13],45,101,125,56,96
1,<environment.Job instance at 0x7f141e130870>,45,13,[6 5],46,125,138,79,109
1,<environment.Job instance at 0x7f141e130690>,42,20,[9 4],43,125,145,82,119
1,<environment.Job instance at 0x7f141e1309b0>,47,20,[6 5],48,138,158,90,131
1,<environment.Job instance at 0x7f141e130c30>,51,20,[5 3],52,145,165,93,136
1,<environment.Job instance at 0x7f141e130d70>,53,17,[5 7],54,158,175,104,146
1,<environment.Job instance at 0x7f141e130f00>,56,12,[3 6],57,146,158,89,146
1,<environment.Job instance at 0x7f141e130fa0>,58,14,[2 7],59,165,179,106,150
1,<environment.Job instance at 0x7f141e130910>,46,17,[12  2],47,175,192,128,163
1,<environment.Job instance at 0x7f141e132190>,59,17,[1 6],60,175,192,115,163
1,<environment.Job instance at 0x7f141e132370>,62,18,[5 3],63,192,210,129,181
1,<environment.Job instance at 0x7f141e1324b0>,64,19,[3 8],65,192,211,127,182
1,<environment.Job instance at 0x7f141e132550>,65,20,[2 6],66,210,230,144,201
1,<environment.Job instance at 0x7f141e1325f0>,66,21,[7 4],67,211,232,144,204
1,<environment.Job instance at 0x7f141e129c80>,6,20,[6 1],7,207,227,200,207
1,<environment.Job instance at 0x7f141e132c30>,76,19,[4 8],77,230,249,153,220
1,<environment.Job instance at 0x7f141e132d70>,78,12,[10  2],79,232,244,153,220
1,<environment.Job instance at 0x7f141e132cd0>,77,13,[8 5],78,271,284,193,271
1,<environment.Job instance at 0x7f14277151e0>,1,22,[11  3],2,284,306,282,277
1,<environment.Job instance at 0x7f141d86d8c0>,0,14,[2 6],1,1,15,0,1
1,<environment.Job instance at 0x7f141e135e10>,1,15,[5 9],2,2,17,0,2
1,<environment.Job instance at 0x7f141d86bfa0>,9,16,[7 1],10,15,31,5,10
1,<environment.Job instance at 0x7f141d86d3c0>,2,16,[ 4 10],3,17,33,14,12
1,<environment.Job instance at 0x7f141d86baa0>,11,20,[8 2],12,31,51,19,22
1,<environment.Job instance at 0x7f141d86b460>,15,15,[5 7],16,33,48,17,22
1,<environment.Job instance at 0x7f141d86b140>,18,17,[5 5],19,48,65,29,36
1,<environment.Job instance at 0x7f141d84aa50>,20,18,[2 7],21,48,66,27,37
1,<environment.Job instance at 0x7f141d84a0f0>,24,12,[4 6],25,65,77,40,48
1,<environment.Job instance at 0x7f141d870c80>,29,14,[10  4],30,66,80,36,51
1,<environment.Job instance at 0x7f141d870050>,30,21,[6 5],31,80,101,49,72
1,<environment.Job instance at 0x7f141d86f730>,35,16,[7 5],36,80,96,44,72
1,<environment.Job instance at 0x7f141d86fd20>,41,13,[7 4],42,96,109,54,80
1,<environment.Job instance at 0x7f141d740d20>,48,15,[8 3],49,101,116,52,87
1,<environment.Job instance at 0x7f141d814460>,49,17,[8 1],50,116,133,66,104
1,<environment.Job instance at 0x7f141d8146e0>,50,18,[6 1],51,109,127,58,104
1,<environment.Job instance at 0x7f141d7b5410>,54,16,[4 7],55,127,143,72,114
1,<environment.Job instance at 0x7f141d7ab460>,60,13,[7 4],61,133,146,72,117
1,<environment.Job instance at 0x7f141d7a4d70>,69,15,[10  4],70,146,161,76,132
1,<environment.Job instance at 0x7f141d8c4c80>,70,14,[1 8],71,143,157,72,132
1,<environment.Job instance at 0x7f141d772190>,76,14,[9 5],77,161,175,84,146
1,<environment.Job instance at 0x7f141d86d6e0>,13,16,[ 2 11],14,476,492,462,476
1,<environment.Job instance at 0x7f141d86bd20>,12,21,[10  1],13,577,598,564,577
1,<environment.Job instance at 0x7f141d825be0>,0,26,[5 5],1,1,27,0,1
1,<environment.Job instance at 0x7f141d825b40>,1,24,[4 7],2,2,26,0,2
1,<environment.Job instance at 0x7f141d738af0>,7,22,[3 7],8,26,48,18,19
1,<environment.Job instance at 0x7f141d738f50>,17,17,[8 2],18,27,44,9,19
1,<environment.Job instance at 0x7f141d738a50>,19,16,[5 8],20,44,60,24,31
1,<environment.Job instance at 0x7f141d738b40>,20,13,[8 5],21,48,61,27,32
1,<environment.Job instance at 0x7f141d738230>,21,14,[2 9],22,60,74,38,45
1,<environment.Job instance at 0x7f141d738460>,24,20,[5 2],25,61,81,36,52
1,<environment.Job instance at 0x7f1427886cd0>,32,12,[1 7],33,74,86,41,57
1,<environment.Job instance at 0x7f14278810f0>,38,12,[10  5],39,81,93,42,64
1,<environment.Job instance at 0x7f14278817d0>,40,14,[2 7],41,86,100,45,71
1,<environment.Job instance at 0x7f14277beaa0>,45,16,[2 8],46,93,109,47,80
1,<environment.Job instance at 0x7f14277be870>,52,13,[9 4],53,100,113,47,84
1,<environment.Job instance at 0x7f1427798f50>,54,17,[3 8],55,109,126,54,97
1,<environment.Job instance at 0x7f14277982d0>,57,14,[ 1 10],58,126,140,68,111
1,<environment.Job instance at 0x7f141d6beeb0>,60,14,[6 1],61,113,127,52,111
1,<environment.Job instance at 0x7f141d6be690>,62,16,[3 8],63,140,156,77,127
1,<environment.Job instance at 0x7f141d6be550>,63,14,[10  1],64,127,141,63,127
1,<environment.Job instance at 0x7f141d6be230>,64,16,[11  2],65,141,157,76,128
1,<environment.Job instance at 0x7f141d6be460>,66,13,[6 3],67,157,170,90,141
1,<environment.Job instance at 0x7f141d6be370>,67,13,[7 4],68,157,170,89,141
1,<environment.Job instance at 0x7f141d6bec30>,69,20,[1 7],70,156,176,86,147
1,<environment.Job instance at 0x7f142788b690>,77,16,[2 8],78,170,186,92,157
1,<environment.Job instance at 0x7f141d825d70>,2,13,[3 8],3,186,199,183,170
1,<environment.Job instance at 0x7f141d825d20>,6,20,[1 5],7,176,196,169,173
1,<environment.Job instance at 0x7f141d825410>,3,13,[3 5],4,371,384,367,371
1,<environment.Job instance at 0x7f141dc76280>,4,16,[7 4],5,5,21,0,5
1,<environment.Job instance at 0x7f142776a3c0>,11,12,[11  1],12,21,33,9,12
1,<environment.Job instance at 0x7f1427890fa0>,17,15,[12  2],18,33,48,15,19
1,<environment.Job instance at 0x7f1427890dc0>,18,20,[11  2],19,48,68,29,39
1,<environment.Job instance at 0x7f14278901e0>,19,25,[ 2 13],20,39,64,19,39
1,<environment.Job instance at 0x7f14278900f0>,20,14,[2 7],21,64,78,43,49
1,<environment.Job instance at 0x7f1427890050>,21,15,[4 8],22,68,83,46,54
1,<environment.Job instance at 0x7f141d896960>,22,24,[ 3 13],23,83,107,60,78
1,<environment.Job instance at 0x7f141d896780>,23,15,[ 2 13],24,107,122,83,93
1,<environment.Job instance at 0x7f141d8965a0>,24,13,[ 5 14],25,122,135,97,106
1,<environment.Job instance at 0x7f141d896870>,25,20,[11  2],26,135,155,109,126
1,<environment.Job instance at 0x7f141d896500>,26,15,[3 6],27,135,150,108,126
1,<environment.Job instance at 0x7f1427890690>,15,19,[9 4],16,155,174,139,145
1,<environment.Job instance at 0x7f141d896dc0>,28,16,[2 6],29,150,166,121,146
1,<environment.Job instance at 0x7f141d896be0>,30,19,[5 5],31,166,185,135,156
1,<environment.Job instance at 0x7f141d71a870>,32,20,[8 5],33,174,194,141,168
1,<environment.Job instance at 0x7f141d71a4b0>,35,13,[4 8],36,185,198,149,177
1,<environment.Job instance at 0x7f141d71a5f0>,36,13,[5 8],37,198,211,161,183
1,<environment.Job instance at 0x7f141d71a230>,41,15,[6 1],42,194,209,152,189
1,<environment.Job instance at 0x7f142776a500>,12,14,[5 5],13,209,223,196,196
1,<environment.Job instance at 0x7f141d6be0f0>,49,17,[6 2],50,211,228,161,199
1,<environment.Job instance at 0x7f141db23dc0>,62,17,[9 4],63,223,240,160,211
1,<environment.Job instance at 0x7f1427890780>,16,19,[13  1],17,617,636,600,617
1,<environment.Job instance at 0x7f14277a7870>,1,15,[5 5],2,2,17,0,2
1,<environment.Job instance at 0x7f1427890780>,3,13,[4 8],4,5,18,1,5
1,<environment.Job instance at 0x7f141ec6db90>,7,21,[5 9],8,18,39,10,10
1,<environment.Job instance at 0x7f141ec4b780>,20,13,[1 6],21,21,34,0,21
1,<environment.Job instance at 0x7f141ec4b050>,26,20,[5 7],27,39,59,12,30
1,<environment.Job instance at 0x7f141ec4b640>,27,16,[5 4],28,34,50,6,30
1,<environment.Job instance at 0x7f141ec63d20>,28,14,[8 3],29,50,64,21,35
1,<environment.Job instance at 0x7f141e573cd0>,32,18,[3 6],33,59,77,26,48
1,<environment.Job instance at 0x7f141de0d230>,34,15,[5 5],35,64,79,29,50
1,<environment.Job instance at 0x7f141de2ec30>,36,16,[3 9],37,77,93,40,64
1,<environment.Job instance at 0x7f141d86d2d0>,4,20,[6 1],5,64,84,59,64
1,<environment.Job instance at 0x7f141e578a00>,44,18,[8 3],45,84,102,39,74
1,<environment.Job instance at 0x7f141e578c30>,45,14,[8 5],46,102,116,56,87
1,<environment.Job instance at 0x7f141df86960>,47,16,[5 8],48,93,109,45,87
1,<environment.Job instance at 0x7f141df860a0>,48,13,[1 7],49,109,122,60,93
1,<environment.Job instance at 0x7f141da87c30>,55,13,[5 5],56,116,129,60,100
1,<environment.Job instance at 0x7f141da87aa0>,58,14,[7 5],59,122,136,63,107
1,<environment.Job instance at 0x7f141daa2870>,65,15,[8 5],66,129,144,63,115
1,<environment.Job instance at 0x7f141daa2820>,72,12,[7 2],73,136,148,63,119
1,<environment.Job instance at 0x7f141df88960>,74,20,[3 8],75,144,164,69,135
1,<environment.Job instance at 0x7f141df88b90>,78,17,[4 8],79,164,181,85,152
1,<environment.Job instance at 0x7f141de0dc30>,0,22,[ 5 12],1,1,23,0,1
1,<environment.Job instance at 0x7f141de0dfa0>,5,14,[ 2 10],6,23,37,17,8
1,<environment.Job instance at 0x7f141ec3f550>,9,14,[ 5 10],10,37,51,27,22
1,<environment.Job instance at 0x7f141ec3f820>,10,16,[5 9],11,51,67,40,38
1,<environment.Job instance at 0x7f141df88be0>,1,13,[4 9],2,67,80,65,51
1,<environment.Job instance at 0x7f141ec3f190>,13,21,[8 1],14,51,72,37,51
1,<environment.Job instance at 0x7f141ec3f410>,15,15,[8 4],16,72,87,56,58
1,<environment.Job instance at 0x7f141ec3f3c0>,17,14,[6 4],18,80,94,62,65
1,<environment.Job instance at 0x7f141ec3f2d0>,18,19,[1 7],19,80,99,61,70
1,<environment.Job instance at 0x7f141de2ba50>,32,15,[5 8],33,94,109,61,80
1,<environment.Job instance at 0x7f141de2b7d0>,34,20,[10  4],35,99,119,64,90
1,<environment.Job instance at 0x7f141de2b050>,35,16,[6 3],36,119,135,83,106
1,<environment.Job instance at 0x7f141de2b960>,36,14,[5 7],37,109,123,72,106
1,<environment.Job instance at 0x7f141de2b0a0>,37,18,[4 7],38,123,141,85,112
1,<environment.Job instance at 0x7f141ec4f500>,46,16,[2 9],47,141,157,94,128
1,<environment.Job instance at 0x7f141ec4f550>,47,14,[5 6],48,135,149,87,128
1,<environment.Job instance at 0x7f141ec4f9b0>,50,17,[8 1],51,149,166,98,137
1,<environment.Job instance at 0x7f141df257d0>,58,12,[8 5],59,166,178,107,149
1,<environment.Job instance at 0x7f141df259b0>,59,21,[9 2],60,178,199,118,171
1,<environment.Job instance at 0x7f141df25690>,63,16,[6 3],64,171,187,107,171
1,<environment.Job instance at 0x7f141df25190>,69,19,[7 4],70,199,218,129,189
1,<environment.Job instance at 0x7f141ec3d280>,73,22,[1 6],74,189,211,115,189
1,<environment.Job instance at 0x7f141ec3d8c0>,75,22,[8 2],76,211,233,135,204
1,<environment.Job instance at 0x7f141de0d7d0>,6,17,[14  5],7,233,250,226,221
1,<environment.Job instance at 0x7f141de0d6e0>,2,16,[10  3],3,3,19,0,3
1,<environment.Job instance at 0x7f141df88b90>,5,13,[6 4],6,19,32,13,6
1,<environment.Job instance at 0x7f141de74d20>,9,18,[2 9],10,10,28,0,10
1,<environment.Job instance at 0x7f141de74eb0>,11,13,[6 5],12,28,41,16,12
1,<environment.Job instance at 0x7f141de74dc0>,10,18,[10  4],11,41,59,30,30
1,<environment.Job instance at 0x7f141de74f00>,13,14,[4 5],14,32,46,18,30
1,<environment.Job instance at 0x7f141de76190>,17,15,[9 5],18,59,74,41,45
1,<environment.Job instance at 0x7f141de76640>,21,18,[5 9],22,56,74,34,56
1,<environment.Job instance at 0x7f141de76960>,26,14,[5 9],27,74,88,47,59
1,<environment.Job instance at 0x7f141de76aa0>,28,12,[2 5],29,74,86,45,59
1,<environment.Job instance at 0x7f141de764b0>,29,16,[6 5],30,86,102,56,73
1,<environment.Job instance at 0x7f141de76f00>,36,18,[7 5],37,88,106,51,77
1,<environment.Job instance at 0x7f141de76c80>,37,18,[5 9],38,102,120,64,91
1,<environment.Job instance at 0x7f141de74cd0>,7,23,[13  3],8,120,143,112,114
1,<environment.Job instance at 0x7f141de73410>,41,12,[10  2],42,143,155,101,126
1,<environment.Job instance at 0x7f141de735f0>,44,19,[9 4],45,155,174,110,145
1,<environment.Job instance at 0x7f141de73500>,46,18,[6 4],47,155,173,108,145
1,<environment.Job instance at 0x7f141de73aa0>,51,16,[7 3],52,174,190,122,161
1,<environment.Job instance at 0x7f141de79190>,61,15,[6 3],62,173,188,111,172
1,<environment.Job instance at 0x7f141de79280>,63,18,[7 5],64,188,206,124,177
1,<environment.Job instance at 0x7f141de79460>,66,17,[10  3],67,206,223,139,194
1,<environment.Job instance at 0x7f141de79640>,69,17,[5 9],70,195,212,125,195
1,<environment.Job instance at 0x7f141e122370>,3,14,[1 5],4,4,18,0,4
1,<environment.Job instance at 0x7f141e122f50>,5,18,[1 7],6,6,24,0,6
1,<environment.Job instance at 0x7f141db351e0>,7,14,[14  1],8,18,32,10,9
1,<environment.Job instance at 0x7f141e122910>,8,15,[1 6],9,24,39,15,11
1,<environment.Job instance at 0x7f141db35cd0>,12,12,[14  4],13,32,44,19,15
1,<environment.Job instance at 0x7f141db35460>,13,15,[7 4],14,44,59,30,35
1,<environment.Job instance at 0x7f141e868410>,0,20,[2 9],1,44,64,43,35
1,<environment.Job instance at 0x7f141db356e0>,11,20,[10  5],12,59,79,47,50
1,<environment.Job instance at 0x7f141db35730>,22,13,[5 5],23,64,77,41,50
1,<environment.Job instance at 0x7f141db35050>,26,14,[6 4],27,79,93,52,64
1,<environment.Job instance at 0x7f141d97a370>,34,20,[3 8],35,77,97,42,70
1,<environment.Job instance at 0x7f141d97a730>,35,17,[2 9],36,97,114,61,85
1,<environment.Job instance at 0x7f141db350a0>,10,18,[11  5],11,93,111,82,85
1,<environment.Job instance at 0x7f141db35f50>,15,13,[1 7],16,114,127,98,98
1,<environment.Job instance at 0x7f141d97a190>,37,13,[6 2],38,111,124,73,100
1,<environment.Job instance at 0x7f141d97a910>,41,18,[6 1],42,111,129,69,100
1,<environment.Job instance at 0x7f141d97a8c0>,39,19,[9 4],40,127,146,87,117
1,<environment.Job instance at 0x7f141dfbbf00>,48,17,[7 1],49,146,163,97,134
1,<environment.Job instance at 0x7f141dfbb3c0>,52,21,[6 4],53,134,155,81,134
1,<environment.Job instance at 0x7f141dfbb140>,42,19,[1 7],43,146,165,103,136
1,<environment.Job instance at 0x7f141da31fa0>,57,16,[ 4 10],58,165,181,107,154
1,<environment.Job instance at 0x7f141da31f00>,59,17,[5 5],60,155,172,95,154
1,<environment.Job instance at 0x7f141da31d70>,61,15,[9 4],62,172,187,110,158
1,<environment.Job instance at 0x7f141da310f0>,63,13,[1 5],64,181,194,117,165
1,<environment.Job instance at 0x7f141da31320>,67,20,[7 1],68,187,207,119,178
1,<environment.Job instance at 0x7f141da31960>,69,16,[4 9],70,188,204,118,188
1,<environment.Job instance at 0x7f141da31d20>,70,18,[ 2 10],71,204,222,133,197
1,<environment.Job instance at 0x7f141da318c0>,73,14,[6 5],74,207,221,133,197
1,<environment.Job instance at 0x7f141da31690>,75,15,[10  3],76,221,236,145,207
1,<environment.Job instance at 0x7f141e808460>,78,13,[9 4],79,236,249,157,220
1,<environment.Job instance at 0x7f141da31140>,54,20,[10  4],55,249,269,194,241
1,<environment.Job instance at 0x7f141e527d70>,1,15,[4 5],2,2,17,0,2
1,<environment.Job instance at 0x7f141e527230>,3,21,[1 6],4,4,25,0,4
1,<environment.Job instance at 0x7f141e5270f0>,6,16,[4 5],7,17,33,10,7
1,<environment.Job instance at 0x7f141e527c30>,11,16,[9 2],12,15,31,3,15
1,<environment.Job instance at 0x7f141e5275a0>,19,15,[7 3],20,31,46,11,21
1,<environment.Job instance at 0x7f1427299780>,20,17,[4 7],21,31,48,10,21
1,<environment.Job instance at 0x7f1427299410>,21,17,[4 5],22,33,50,11,22
1,<environment.Job instance at 0x7f141d608870>,28,17,[5 2],29,46,63,17,34
1,<environment.Job instance at 0x7f141d608c80>,30,15,[6 3],31,48,63,17,34
1,<environment.Job instance at 0x7f141d608780>,46,16,[5 8],47,63,79,16,50
1,<environment.Job instance at 0x7f141e3edb90>,52,20,[6 3],53,63,83,10,54
1,<environment.Job instance at 0x7f141db11500>,68,17,[5 5],69,79,96,10,69
1,<environment.Job instance at 0x7f141db11640>,70,19,[8 4],71,83,102,12,73
1,<environment.Job instance at 0x7f141ec84910>,73,16,[6 3],74,96,112,22,83
1,<environment.Job instance at 0x7f141e7a0320>,76,18,[10  2],77,112,130,35,101
1,<environment.Job instance at 0x7f141e527280>,15,18,[ 2 13],16,112,130,96,102
1,<environment.Job instance at 0x7f141df706e0>,78,17,[13  5],79,130,147,51,121
1,<environment.Job instance at 0x7f141e527aa0>,8,13,[13  1],9,6892,6905,6883,6892
1,<environment.Job instance at 0x7f141e527d20>,10,18,[7 3],11,8536,8554,8525,8536
1,<environment.Job instance at 0x7f141dd7a690>,0,21,[5 2],1,1,22,0,1
1,<environment.Job instance at 0x7f141e5271e0>,1,23,[ 4 11],2,2,25,0,2
1,<environment.Job instance at 0x7f141e3bad70>,7,13,[7 4],8,22,35,14,10
1,<environment.Job instance at 0x7f141dd7a050>,5,12,[3 6],6,25,37,19,14
1,<environment.Job instance at 0x7f141e3ba500>,9,27,[6 1],10,35,62,25,33
1,<environment.Job instance at 0x7f141df19690>,30,18,[1 5],31,33,51,2,33
1,<environment.Job instance at 0x7f141df192d0>,38,21,[2 6],39,41,62,2,41
1,<environment.Job instance at 0x7f141e0e4c30>,44,13,[5 4],45,51,64,6,45
1,<environment.Job instance at 0x7f141e0e4370>,45,14,[8 5],46,62,76,16,47
1,<environment.Job instance at 0x7f14272c08c0>,48,15,[7 2],49,64,79,15,50
1,<environment.Job instance at 0x7f14272c0460>,51,16,[4 6],52,76,92,24,64
1,<environment.Job instance at 0x7f141e7943c0>,69,17,[1 6],70,77,94,7,77
1,<environment.Job instance at 0x7f141e3baaa0>,8,25,[14  5],9,149,174,140,149
1,<environment.Job instance at 0x7f141dd7a230>,2,26,[ 3 14],3,179,205,176,179
1,<environment.Job instance at 0x7f141e3ba0a0>,11,13,[12  5],12,1045,1058,1033,1045
1,<environment.Job instance at 0x7f141ea8a550>,2,23,[10  4],3,3,26,0,3
1,<environment.Job instance at 0x7f141eb231e0>,6,18,[14  2],7,26,44,19,15
1,<environment.Job instance at 0x7f141db531e0>,8,16,[1 5],9,16,32,7,16
1,<environment.Job instance at 0x7f141db53140>,9,21,[12  3],10,44,65,34,36
1,<environment.Job instance at 0x7f141e3ba0a0>,5,17,[3 6],6,48,65,42,48
1,<environment.Job instance at 0x7f141eb23f50>,7,27,[ 5 13],8,65,92,57,63
1,<environment.Job instance at 0x7f141da67aa0>,12,16,[ 2 13],13,92,108,79,79
1,<environment.Job instance at 0x7f141da67820>,13,15,[3 8],14,108,123,94,94
1,<environment.Job instance at 0x7f141da67d20>,14,13,[6 5],15,108,121,93,94
1,<environment.Job instance at 0x7f141d8eee10>,15,13,[14  1],16,123,136,107,107
1,<environment.Job instance at 0x7f141db53f00>,10,27,[ 5 12],11,136,163,125,134
1,<environment.Job instance at 0x7f141da67780>,11,13,[9 3],12,147,160,135,147
1,<environment.Job instance at 0x7f141ed69140>,17,14,[ 2 13],18,163,177,145,148
1,<environment.Job instance at 0x7f141d593820>,22,23,[13  4],23,177,200,154,171
1,<environment.Job instance at 0x7f141d593c80>,21,17,[9 2],22,200,217,178,188
1,<environment.Job instance at 0x7f141d5933c0>,29,14,[5 4],30,200,214,170,188
1,<environment.Job instance at 0x7f141d593dc0>,23,16,[ 3 10],24,214,230,190,203
1,<environment.Job instance at 0x7f141e2d0e60>,32,18,[9 3],33,217,235,184,211
1,<environment.Job instance at 0x7f141df70050>,40,13,[8 3],41,235,248,194,219
1,<environment.Job instance at 0x7f141e2d0500>,33,28,[5 7],34,230,258,196,229
1,<environment.Job instance at 0x7f141e16e820>,50,13,[7 5],51,248,261,197,232
1,<environment.Job instance at 0x7f141d845320>,54,15,[4 6],55,258,273,203,246
1,<environment.Job instance at 0x7f141ed69dc0>,16,26,[11  5],17,263,289,246,263
1,<environment.Job instance at 0x7f141e68a730>,56,28,[5 4],57,289,317,232,288
1,<environment.Job instance at 0x7f141e68a280>,57,17,[5 4],58,289,306,231,288
1,<environment.Job instance at 0x7f141e68a5a0>,58,14,[8 1],59,306,320,247,291
1,<environment.Job instance at 0x7f141e68a050>,59,16,[ 4 10],60,317,333,257,304
1,<environment.Job instance at 0x7f141da73820>,65,21,[6 5],66,320,341,254,312
1,<environment.Job instance at 0x7f141dd6f8c0>,77,19,[2 8],78,333,352,255,325
1,<environment.Job instance at 0x7f141d608fa0>,78,15,[1 9],79,352,367,273,338
1,<environment.Job instance at 0x7f141e62e730>,46,22,[ 5 11],47,367,389,320,362
1,<environment.Job instance at 0x7f141dd0d5a0>,0,24,[11  5],1,389,413,388,385
1,<environment.Job instance at 0x7f141eb23b40>,4,17,[10  5],5,5547,5564,5542,5547
1,<environment.Job instance at 0x7f141d2ff230>,0,23,[ 3 13],1,1,24,0,1
1,<environment.Job instance at 0x7f141d2ff640>,4,13,[4 7],5,24,37,19,9
1,<environment.Job instance at 0x7f141d2ff320>,5,26,[5 7],6,36,62,30,36
1,<environment.Job instance at 0x7f141d2ff0f0>,3,18,[1 8],4,45,63,41,45
1,<environment.Job instance at 0x7f141d2ff280>,7,16,[ 3 12],8,63,79,55,50
1,<environment.Job instance at 0x7f14277b8eb0>,14,16,[11  5],15,79,95,64,66
1,<environment.Job instance at 0x7f14277b8d70>,15,25,[2 8],16,79,104,63,75
1,<environment.Job instance at 0x7f14277b8190>,16,15,[ 1 10],17,104,119,87,90
1,<environment.Job instance at 0x7f14277b8780>,17,26,[2 7],18,119,145,101,116
1,<environment.Job instance at 0x7f14277b86e0>,18,20,[10  2],19,117,137,98,117
1,<environment.Job instance at 0x7f14277badc0>,19,23,[1 6],20,119,142,99,117
1,<environment.Job instance at 0x7f14277ba500>,20,26,[13  5],21,143,169,122,143
1,<environment.Job instance at 0x7f14277ba2d0>,21,16,[ 1 13],22,169,185,147,156
1,<environment.Job instance at 0x7f14277ba910>,22,25,[4 9],23,185,210,162,181
1,<environment.Job instance at 0x7f141e3152d0>,23,14,[7 2],24,181,195,157,181
1,<environment.Job instance at 0x7f14277ba190>,24,14,[13  3],25,210,224,185,195
1,<environment.Job instance at 0x7f14277ba9b0>,25,14,[13  2],26,224,238,198,209
1,<environment.Job instance at 0x7f141d9202d0>,26,12,[6 1],27,238,250,211,221
1,<environment.Job instance at 0x7f141eca6b40>,27,28,[9 2],28,238,266,210,237
1,<environment.Job instance at 0x7f14277b8690>,13,18,[5 8],14,250,268,236,243
1,<environment.Job instance at 0x7f141d2ffd20>,6,28,[14  1],7,268,296,261,267
1,<environment.Job instance at 0x7f141e609780>,30,15,[10  1],31,296,311,265,284
1,<environment.Job instance at 0x7f141eca63c0>,29,20,[5 6],30,296,316,266,288
1,<environment.Job instance at 0x7f141e5d74b0>,32,16,[6 5],33,311,327,278,298
1,<environment.Job instance at 0x7f141d8080a0>,33,14,[5 4],34,316,330,282,301
1,<environment.Job instance at 0x7f141e5d7c30>,31,14,[3 8],32,327,341,295,312
1,<environment.Job instance at 0x7f14274fb640>,39,16,[9 2],40,330,346,290,321
1,<environment.Job instance at 0x7f141d2ffb90>,1,13,[12  5],2,346,359,344,330
1,<environment.Job instance at 0x7f141d2ffeb0>,2,16,[ 4 10],3,359,375,356,346
1,<environment.Job instance at 0x7f141d80b410>,44,12,[ 5 11],45,375,387,330,358
1,<environment.Job instance at 0x7f141ded5550>,45,12,[6 4],46,359,371,313,358
1,<environment.Job instance at 0x7f141ded5190>,46,17,[14  2],47,387,404,340,376
1,<environment.Job instance at 0x7f141dd65640>,47,17,[ 1 12],48,387,404,339,376
1,<environment.Job instance at 0x7f14274fb0f0>,40,28,[ 1 11],41,404,432,363,403
1,<environment.Job instance at 0x7f141dd65690>,48,17,[9 2],49,404,421,355,403
1,<environment.Job instance at 0x7f141eb138c0>,50,15,[ 2 11],51,432,447,381,418
1,<environment.Job instance at 0x7f141e7004b0>,52,21,[2 5],53,447,468,394,439
1,<environment.Job instance at 0x7f141e700c80>,54,17,[3 9],55,447,464,392,439
1,<environment.Job instance at 0x7f141e700a50>,55,26,[3 9],56,464,490,408,461
1,<environment.Job instance at 0x7f141e1e5dc0>,56,23,[10  3],57,468,491,411,462
1,<environment.Job instance at 0x7f141e1e5b40>,57,23,[8 2],58,491,514,433,485
1,<environment.Job instance at 0x7f141dc3aaa0>,59,27,[6 4],60,491,518,431,489
1,<environment.Job instance at 0x7f141d812dc0>,38,21,[1 7],39,490,511,451,490
1,<environment.Job instance at 0x7f141e3082d0>,63,17,[8 3],64,514,531,450,502
1,<environment.Job instance at 0x7f141ddd4640>,61,17,[2 7],62,520,537,458,520
1,<environment.Job instance at 0x7f141eca6af0>,28,28,[12  3],29,531,559,502,530
1,<environment.Job instance at 0x7f141daba280>,69,27,[12  5],70,559,586,489,557
1,<environment.Job instance at 0x7f141daba500>,70,14,[7 4],71,586,600,515,571
1,<environment.Job instance at 0x7f141daba5f0>,71,13,[11  1],72,600,613,528,584
1,<environment.Job instance at 0x7f141dabad70>,72,26,[ 1 13],73,600,626,527,597
1,<environment.Job instance at 0x7f141dabaa50>,73,13,[ 1 13],74,626,639,552,610
1,<environment.Job instance at 0x7f14277b6b40>,67,22,[7 2],68,614,636,546,614
1,<environment.Job instance at 0x7f141e0b6910>,77,21,[2 5],78,639,660,561,631
1,<environment.Job instance at 0x7f141daba140>,74,18,[12  5],75,639,657,564,631
1,<environment.Job instance at 0x7f141e0b60f0>,78,19,[7 2],79,1572,1591,1493,1572
1,<environment.Job instance at 0x7f141db59690>,68,18,[5 9],69,1573,1591,1504,1573
1,<environment.Job instance at 0x7f141ec96b90>,0,14,[2 7],1,1,15,0,1
1,<environment.Job instance at 0x7f141ec96d70>,1,24,[4 5],2,2,26,0,2
1,<environment.Job instance at 0x7f141ec86f00>,2,14,[5 5],3,15,29,12,3
1,<environment.Job instance at 0x7f141ec86e60>,5,16,[6 1],6,6,22,0,6
1,<environment.Job instance at 0x7f141ec86050>,10,12,[6 3],11,22,34,11,11
1,<environment.Job instance at 0x7f141ec860a0>,8,18,[1 5],9,26,44,17,15
1,<environment.Job instance at 0x7f141ec86780>,15,13,[9 5],16,34,47,18,18
1,<environment.Job instance at 0x7f141ec86640>,16,18,[6 2],17,44,62,27,34
1,<environment.Job instance at 0x7f141ec86be0>,18,13,[7 5],19,47,60,28,34
1,<environment.Job instance at 0x7f141ec77140>,21,15,[7 3],22,60,75,38,46
1,<environment.Job instance at 0x7f141ec773c0>,25,14,[4 7],26,62,76,36,48
1,<environment.Job instance at 0x7f141ec86410>,9,27,[13  4],10,76,103,66,74
1,<environment.Job instance at 0x7f141ec77c80>,27,13,[ 3 13],28,103,116,75,87
1,<environment.Job instance at 0x7f141ec77050>,28,15,[14  4],29,116,131,87,107
1,<environment.Job instance at 0x7f141ec77280>,26,21,[2 8],27,131,152,104,123
1,<environment.Job instance at 0x7f141ec771e0>,32,18,[5 4],33,131,149,98,123
1,<environment.Job instance at 0x7f141ec86af0>,6,14,[11  2],7,149,163,142,134
1,<environment.Job instance at 0x7f141ec863c0>,11,16,[10  2],12,163,179,151,150
1,<environment.Job instance at 0x7f141e122be0>,35,21,[ 3 10],36,152,173,116,150
1,<environment.Job instance at 0x7f141e1222d0>,36,22,[2 6],37,173,195,136,166
1,<environment.Job instance at 0x7f141e122320>,34,13,[1 6],35,173,186,138,166
1,<environment.Job instance at 0x7f141e122b40>,37,21,[11  3],38,179,200,141,171
1,<environment.Job instance at 0x7f141e122230>,40,19,[6 2],41,200,219,159,190
1,<environment.Job instance at 0x7f141e122aa0>,38,17,[7 4],39,200,217,161,190
1,<environment.Job instance at 0x7f141ec86cd0>,3,12,[13  3],4,219,231,215,202
1,<environment.Job instance at 0x7f141e1226e0>,39,23,[5 5],40,231,254,191,225
1,<environment.Job instance at 0x7f141ec87e10>,47,12,[4 5],48,231,243,183,225
1,<environment.Job instance at 0x7f141ec87aa0>,48,21,[10  3],49,243,264,194,235
1,<environment.Job instance at 0x7f141ec870a0>,49,22,[ 2 11],50,254,276,204,247
1,<environment.Job instance at 0x7f141ec87690>,50,16,[11  5],51,276,292,225,263
1,<environment.Job instance at 0x7f141ec87a00>,51,22,[1 8],52,276,298,224,269
1,<environment.Job instance at 0x7f141d90a780>,52,24,[13  4],53,292,316,239,287
1,<environment.Job instance at 0x7f141ec87a50>,53,24,[4 7],54,316,340,262,311
1,<environment.Job instance at 0x7f141ec877d0>,54,12,[ 5 10],55,340,352,285,323
1,<environment.Job instance at 0x7f141e99a9b0>,55,19,[7 5],56,323,342,267,323
1,<environment.Job instance at 0x7f141e99aa00>,56,16,[8 4],57,342,358,285,329
1,<environment.Job instance at 0x7f141e99a0a0>,57,14,[13  2],58,358,372,300,343
1,<environment.Job instance at 0x7f141e99abe0>,58,22,[5 7],59,372,394,313,365
1,<environment.Job instance at 0x7f141e99ae10>,59,24,[ 1 14],60,394,418,334,389
1,<environment.Job instance at 0x7f141e99aeb0>,60,28,[7 5],61,418,446,357,417
1,<environment.Job instance at 0x7f141e99afa0>,61,22,[12  4],62,446,468,384,439
1,<environment.Job instance at 0x7f141e99a6e0>,62,20,[5 8],63,468,488,405,459
1,<environment.Job instance at 0x7f141e99a910>,63,24,[8 5],64,468,492,404,463
1,<environment.Job instance at 0x7f141e02a050>,64,19,[13  1],65,492,511,427,482
1,<environment.Job instance at 0x7f141e02ad70>,65,23,[11  5],66,511,534,445,505
1,<environment.Job instance at 0x7f141e02af50>,66,23,[ 2 12],67,534,557,467,528
1,<environment.Job instance at 0x7f141d5f14b0>,67,14,[9 5],68,557,571,489,542
1,<environment.Job instance at 0x7f141d5f10f0>,68,25,[7 3],69,571,596,502,567
1,<environment.Job instance at 0x7f141e216410>,45,16,[4 9],46,567,583,521,567
1,<environment.Job instance at 0x7f141ed096e0>,70,13,[11  2],71,596,609,525,585
1,<environment.Job instance at 0x7f141e861a50>,44,21,[9 1],45,609,630,564,601
1,<environment.Job instance at 0x7f141e5d4230>,72,17,[6 4],73,609,626,536,601
1,<environment.Job instance at 0x7f141e700550>,77,12,[5 1],78,626,638,548,609
1,<environment.Job instance at 0x7f141d8927d0>,78,21,[7 1],79,630,651,551,622
1,<environment.Job instance at 0x7f141e6b43c0>,71,27,[5 2],72,638,665,566,636
1,<environment.Job instance at 0x7f141ec77f00>,29,18,[ 3 14],30,665,683,635,656
1,<environment.Job instance at 0x7f141ec87050>,46,22,[14  2],47,683,705,636,676
1,<environment.Job instance at 0x7f141dc22f00>,0,21,[ 3 11],1,1,22,0,1
1,<environment.Job instance at 0x7f141dc22c30>,3,15,[8 1],4,6,21,2,6
1,<environment.Job instance at 0x7f141dc22aa0>,5,20,[ 2 11],6,22,42,16,14
1,<environment.Job instance at 0x7f141dc0e7d0>,14,22,[11  1],15,21,43,6,15
1,<environment.Job instance at 0x7f141dc0e3c0>,15,20,[1 8],16,42,62,26,33
1,<environment.Job instance at 0x7f141dc225a0>,16,18,[5 4],17,43,61,26,33
1,<environment.Job instance at 0x7f141dc0e730>,17,17,[7 2],18,43,60,25,33
1,<environment.Job instance at 0x7f141dc0ebe0>,23,15,[10  5],24,61,76,37,47
1,<environment.Job instance at 0x7f141dc22d20>,4,14,[5 7],5,62,76,57,47
1,<environment.Job instance at 0x7f141dc0ed20>,25,22,[3 8],26,76,98,50,69
1,<environment.Job instance at 0x7f141d3ce780>,27,12,[9 1],28,76,88,48,69
1,<environment.Job instance at 0x7f141d3ce190>,31,14,[2 9],32,98,112,66,83
1,<environment.Job instance at 0x7f141d3ce870>,34,15,[3 5],35,83,98,48,83
1,<environment.Job instance at 0x7f141d3cec30>,41,14,[5 7],42,112,126,70,97
1,<environment.Job instance at 0x7f141d3cef00>,42,16,[4 6],43,98,114,55,97
1,<environment.Job instance at 0x7f141d3ceb40>,43,13,[8 1],44,114,127,70,102
1,<environment.Job instance at 0x7f141d3ce410>,45,16,[ 3 10],46,126,142,80,113
1,<environment.Job instance at 0x7f141d3c0eb0>,47,18,[8 3],48,127,145,79,116
1,<environment.Job instance at 0x7f141d3c0aa0>,51,19,[6 1],52,142,161,90,132
1,<environment.Job instance at 0x7f141d3c0320>,52,12,[2 5],53,145,157,92,132
1,<environment.Job instance at 0x7f141dc0ef00>,26,16,[4 7],27,145,161,118,133
1,<environment.Job instance at 0x7f141d3c0280>,63,14,[10  4],64,161,175,97,146
1,<environment.Job instance at 0x7f141dc0ed70>,18,18,[ 4 10],19,161,179,142,153
1,<environment.Job instance at 0x7f141dec2d20>,64,19,[4 7],65,179,198,114,169
1,<environment.Job instance at 0x7f141dec25a0>,67,18,[1 9],68,198,216,130,188
1,<environment.Job instance at 0x7f141d3c00a0>,58,26,[12  3],59,198,224,139,195
1,<environment.Job instance at 0x7f141dec2e60>,68,19,[3 6],69,216,235,147,206
1,<environment.Job instance at 0x7f141dec2c30>,65,25,[ 2 10],66,235,260,169,231
1,<environment.Job instance at 0x7f141dec2f50>,69,19,[9 1],70,234,253,164,234
1,<environment.Job instance at 0x7f141ec870f0>,1,14,[14  1],2,260,274,258,248
1,<environment.Job instance at 0x7f141dec28c0>,71,19,[ 3 11],72,274,293,202,264
1,<environment.Job instance at 0x7f141dec2be0>,72,18,[5 2],73,274,292,201,264
1,<environment.Job instance at 0x7f141dec27d0>,75,12,[8 3],76,292,304,216,279
1,<environment.Job instance at 0x7f141dec2910>,73,16,[7 5],74,293,309,219,282
1,<environment.Job instance at 0x7f141dec2c80>,74,27,[5 6],75,304,331,229,302
1,<environment.Job instance at 0x7f141dec2730>,76,25,[9 4],77,309,334,232,306
1,<environment.Job instance at 0x7f141dec2320>,70,21,[9 1],71,336,357,265,336
1,<environment.Job instance at 0x7f141dec2550>,77,25,[12  3],78,362,387,284,362
1,<environment.Job instance at 0x7f141ec87050>,2,21,[1 6],3,2350,2371,2347,2350
1,<environment.Job instance at 0x7f141d49cc80>,0,13,[9 1],1,1,14,0,1
1,<environment.Job instance at 0x7f141d4b4af0>,1,27,[ 5 14],2,2,29,0,2
1,<environment.Job instance at 0x7f141d9750f0>,9,22,[3 9],10,29,51,19,22
1,<environment.Job instance at 0x7f141d9615f0>,5,12,[3 5],6,29,41,23,22
1,<environment.Job instance at 0x7f141d977f00>,16,12,[3 6],17,41,53,24,25
1,<environment.Job instance at 0x7f141d9770f0>,14,19,[5 2],15,51,70,36,42
1,<environment.Job instance at 0x7f141d957aa0>,26,17,[5 5],27,51,68,24,46
1,<environment.Job instance at 0x7f141d976e60>,28,14,[8 5],29,68,82,39,54
1,<environment.Job instance at 0x7f141d95edc0>,32,14,[6 3],33,70,84,37,55
1,<environment.Job instance at 0x7f141d95e690>,36,16,[2 9],37,82,98,45,79
1,<environment.Job instance at 0x7f141d977cd0>,17,14,[12  5],18,84,98,66,79
1,<environment.Job instance at 0x7f141e8d2820>,42,18,[1 6],43,98,116,55,87
1,<environment.Job instance at 0x7f141e8d2370>,44,18,[9 3],45,98,116,53,87
1,<environment.Job instance at 0x7f141e8bea00>,46,21,[5 6],47,104,125,57,104
1,<environment.Job instance at 0x7f141d975460>,8,27,[7 3],9,116,143,107,114
1,<environment.Job instance at 0x7f141e8bef00>,48,26,[6 4],49,125,151,76,122
1,<environment.Job instance at 0x7f141e8be820>,47,19,[2 7],48,125,144,77,122
1,<environment.Job instance at 0x7f141e0f23c0>,50,15,[5 6],51,144,159,93,130
1,<environment.Job instance at 0x7f141d5fbb90>,49,27,[3 5],50,144,171,94,142
1,<environment.Job instance at 0x7f141e808320>,52,14,[12  4],53,159,173,106,145
1,<environment.Job instance at 0x7f141e0dda50>,60,28,[7 1],61,173,201,112,172
1,<environment.Job instance at 0x7f141e4fc640>,61,12,[13  3],62,201,213,139,184
1,<environment.Job instance at 0x7f141e0caa50>,59,20,[5 6],60,213,233,153,204
1,<environment.Job instance at 0x7f141e0d2320>,67,20,[6 4],68,213,233,145,204
1,<environment.Job instance at 0x7f141d618410>,70,17,[2 9],71,233,250,162,221
1,<environment.Job instance at 0x7f141d6186e0>,73,15,[10  1],74,233,248,159,221
1,<environment.Job instance at 0x7f141d610280>,77,13,[5 8],78,250,263,172,234
1,<environment.Job instance at 0x7f141d610500>,78,18,[5 2],79,248,266,169,237
1,<environment.Job instance at 0x7f141e4f9370>,62,16,[ 3 12],63,389,405,326,389
1,<environment.Job instance at 0x7f141e14ea00>,0,27,[5 2],1,1,28,0,1
1,<environment.Job instance at 0x7f141e8c4960>,1,12,[ 3 13],2,2,14,0,2
1,<environment.Job instance at 0x7f141e14ed70>,5,14,[3 9],6,14,28,8,6
1,<environment.Job instance at 0x7f141e14ebe0>,8,12,[ 1 12],9,28,40,19,12
1,<environment.Job instance at 0x7f141e14e730>,7,17,[4 7],8,40,57,32,28
1,<environment.Job instance at 0x7f141ddc2690>,13,13,[9 2],14,28,41,14,28
1,<environment.Job instance at 0x7f141ddc2460>,14,21,[5 8],15,41,62,26,34
1,<environment.Job instance at 0x7f141ddc29b0>,10,16,[ 1 10],11,62,78,51,50
1,<environment.Job instance at 0x7f141ddc2fa0>,18,16,[7 4],19,57,73,38,51
1,<environment.Job instance at 0x7f141ddc2050>,22,15,[1 7],23,78,93,55,64
1,<environment.Job instance at 0x7f141ddc2f00>,28,23,[1 6],29,78,101,49,72
1,<environment.Job instance at 0x7f141ddc2910>,30,13,[1 9],31,93,106,62,77
1,<environment.Job instance at 0x7f141ddc2be0>,31,12,[5 2],32,77,89,45,77
1,<environment.Job instance at 0x7f141e19a140>,32,18,[7 1],33,101,119,68,90
1,<environment.Job instance at 0x7f141e19ac30>,38,16,[4 5],39,101,117,62,90
1,<environment.Job instance at 0x7f141e19a460>,40,17,[6 3],41,117,134,76,105
1,<environment.Job instance at 0x7f141e19af50>,41,20,[1 9],42,106,126,64,105
1,<environment.Job instance at 0x7f141e19a730>,42,16,[9 3],43,126,142,83,113
1,<environment.Job instance at 0x7f141ebe5780>,44,22,[6 3],45,134,156,89,127
1,<environment.Job instance at 0x7f141ebe5f50>,46,17,[4 7],47,142,159,95,130
1,<environment.Job instance at 0x7f141ebe51e0>,51,16,[2 7],52,156,172,104,143
1,<environment.Job instance at 0x7f141ebe5cd0>,53,21,[2 6],54,159,180,105,151
1,<environment.Job instance at 0x7f141ebe5960>,56,20,[2 9],57,172,192,115,163
1,<environment.Job instance at 0x7f141ebe5500>,60,18,[3 9],61,192,210,131,181
1,<environment.Job instance at 0x7f141ebe5fa0>,62,23,[6 1],63,181,204,118,181
1,<environment.Job instance at 0x7f141e3894b0>,64,12,[5 1],65,181,193,116,181
1,<environment.Job instance at 0x7f141e389730>,66,12,[4 8],67,210,222,143,193
1,<environment.Job instance at 0x7f141e3895f0>,67,14,[1 9],68,222,236,154,207
1,<environment.Job instance at 0x7f141e389c30>,71,18,[10  5],72,207,225,135,207
1,<environment.Job instance at 0x7f141e37b870>,72,12,[1 6],73,225,237,152,208
1,<environment.Job instance at 0x7f141e37ba00>,73,17,[5 5],74,236,253,162,224
1,<environment.Job instance at 0x7f141e37b410>,76,19,[6 2],77,236,255,159,226
1,<environment.Job instance at 0x7f141ddc2820>,23,24,[2 8],24,237,261,213,232
1,<environment.Job instance at 0x7f141e14e6e0>,2,17,[14  5],3,261,278,258,249
1,<environment.Job instance at 0x7f141d507fa0>,0,12,[ 3 11],1,1,13,0,1
1,<environment.Job instance at 0x7f141d5074b0>,1,13,[7 2],2,2,15,0,2
1,<environment.Job instance at 0x7f141d507dc0>,2,12,[5 2],3,3,15,0,3
1,<environment.Job instance at 0x7f141d507a50>,3,15,[3 9],4,13,28,9,4
1,<environment.Job instance at 0x7f141d5075a0>,6,15,[6 2],7,15,30,8,7
1,<environment.Job instance at 0x7f141d507eb0>,9,16,[11  5],10,30,46,20,17
1,<environment.Job instance at 0x7f141dbdb370>,15,13,[8 4],16,46,59,30,30
1,<environment.Job instance at 0x7f141d507730>,11,22,[ 4 11],12,46,68,34,39
1,<environment.Job instance at 0x7f141dbdb8c0>,18,19,[9 2],19,59,78,40,52
1,<environment.Job instance at 0x7f141dbdb280>,19,14,[ 1 12],20,68,82,48,53
1,<environment.Job instance at 0x7f14272c2140>,23,20,[6 2],24,78,98,54,69
1,<environment.Job instance at 0x7f14272c21e0>,25,15,[3 6],26,82,97,56,69
1,<environment.Job instance at 0x7f14272c2f00>,28,14,[6 1],29,78,92,49,69
1,<environment.Job instance at 0x7f14272c25a0>,31,18,[10  4],32,98,116,66,87
1,<environment.Job instance at 0x7f14272c2280>,33,15,[7 2],34,116,131,82,102
1,<environment.Job instance at 0x7f141d507690>,10,16,[8 5],11,116,132,105,108
1,<environment.Job instance at 0x7f141dbc9b90>,39,21,[6 1],40,131,152,91,123
1,<environment.Job instance at 0x7f14272c2730>,40,21,[ 1 12],41,132,153,91,126
1,<environment.Job instance at 0x7f141dbc9050>,45,15,[6 5],46,153,168,107,139
1,<environment.Job instance at 0x7f141dbc95a0>,43,13,[13  4],44,168,181,124,152
1,<environment.Job instance at 0x7f141dbc4d20>,50,17,[10  3],51,181,198,130,169
1,<environment.Job instance at 0x7f141e0c58c0>,62,15,[4 7],63,181,196,118,170
1,<environment.Job instance at 0x7f141e0c5d20>,63,22,[3 5],64,196,218,132,189
1,<environment.Job instance at 0x7f141dbc4b90>,49,18,[12  3],50,198,216,148,192
1,<environment.Job instance at 0x7f141d5076e0>,4,16,[14  2],5,218,234,213,205
1,<environment.Job instance at 0x7f141d507780>,8,16,[11  3],9,234,250,225,225
1,<environment.Job instance at 0x7f141d958190>,0,12,[9 5],1,1,13,0,1
1,<environment.Job instance at 0x7f141d958780>,1,23,[3 9],2,2,25,0,2
1,<environment.Job instance at 0x7f141de545a0>,8,20,[6 2],9,13,33,4,9
1,<environment.Job instance at 0x7f141de54b40>,9,12,[10  2],10,33,45,23,16
1,<environment.Job instance at 0x7f141de54c80>,7,13,[3 7],8,25,38,17,17
1,<environment.Job instance at 0x7f141de54af0>,6,18,[10  3],7,45,63,38,34
1,<environment.Job instance at 0x7f141eb6e280>,16,12,[2 6],17,34,46,17,34
1,<environment.Job instance at 0x7f141eb6eaa0>,20,18,[ 2 10],21,46,64,25,38
1,<environment.Job instance at 0x7f141dbc4640>,2,12,[9 4],3,63,75,60,46
1,<environment.Job instance at 0x7f141eb6e5a0>,22,13,[9 1],23,75,88,52,59
1,<environment.Job instance at 0x7f141eb68e10>,25,13,[5 7],26,64,77,38,59
1,<environment.Job instance at 0x7f141d3d72d0>,30,12,[1 8],31,77,89,46,60
1,<environment.Job instance at 0x7f141d3d7f00>,31,14,[7 4],32,88,102,56,73
1,<environment.Job instance at 0x7f141e22aaf0>,33,15,[2 7],34,89,104,55,75
1,<environment.Job instance at 0x7f141e22ae10>,34,16,[3 5],35,102,118,67,89
1,<environment.Job instance at 0x7f141d8f4640>,39,15,[7 2],40,102,117,62,89
1,<environment.Job instance at 0x7f141de51550>,40,16,[10  4],41,117,133,76,104
1,<environment.Job instance at 0x7f141d8ed3c0>,42,17,[3 9],43,118,135,75,118
1,<environment.Job instance at 0x7f141d8d91e0>,48,17,[8 5],49,133,150,84,121
1,<environment.Job instance at 0x7f141d8d4460>,54,19,[5 2],55,137,156,82,137
1,<environment.Job instance at 0x7f141d8d4370>,55,12,[3 7],56,150,162,94,137
1,<environment.Job instance at 0x7f141d8d44b0>,56,13,[4 5],57,150,163,93,139
1,<environment.Job instance at 0x7f141d8d4eb0>,58,19,[5 5],59,162,181,103,152
1,<environment.Job instance at 0x7f141d8f7d20>,60,14,[9 2],61,163,177,102,152
1,<environment.Job instance at 0x7f141d8f72d0>,61,15,[3 7],62,177,192,115,163
1,<environment.Job instance at 0x7f141d8f7b90>,64,18,[3 6],65,181,199,116,170
1,<environment.Job instance at 0x7f141d8f7e10>,65,20,[2 9],66,192,212,126,183
1,<environment.Job instance at 0x7f141d8f7fa0>,66,15,[4 9],67,212,227,145,198
1,<environment.Job instance at 0x7f141d8f78c0>,67,15,[1 6],68,199,214,131,198
1,<environment.Job instance at 0x7f141de54820>,11,17,[ 2 14],12,227,244,215,215
1,<environment.Job instance at 0x7f141d8f7b40>,69,23,[ 5 11],70,244,267,174,238
1,<environment.Job instance at 0x7f141d8f75f0>,70,24,[9 1],71,238,262,167,238
1,<environment.Job instance at 0x7f141de7af50>,71,16,[5 1],72,262,278,190,249
1,<environment.Job instance at 0x7f141de7a9b0>,72,15,[9 3],73,267,282,194,253
1,<environment.Job instance at 0x7f141de7af00>,73,13,[11  2],74,282,295,208,266
1,<environment.Job instance at 0x7f141eb71140>,74,21,[2 7],75,278,299,203,270
1,<environment.Job instance at 0x7f141eb710a0>,75,26,[11  3],76,295,321,219,292
1,<environment.Job instance at 0x7f141d8f7410>,68,22,[2 9],69,304,326,235,304
1,<environment.Job instance at 0x7f141eb71280>,77,17,[7 1],78,321,338,243,309
1,<environment.Job instance at 0x7f141eb71190>,76,25,[5 3],77,321,346,244,317
1,<environment.Job instance at 0x7f141eb68370>,23,20,[7 1],24,338,358,314,331
1,<environment.Job instance at 0x7f141d507780>,3,21,[1 8],4,4789,4810,4785,4789
1,<environment.Job instance at 0x7f141d8a7190>,0,12,[5 8],1,1,13,0,1
1,<environment.Job instance at 0x7f141d8a7910>,4,21,[10  1],5,5,26,0,5
1,<environment.Job instance at 0x7f141dd7f500>,12,16,[ 5 10],13,13,29,0,13
1,<environment.Job instance at 0x7f141dd7f7d0>,17,12,[10  2],18,26,38,8,18
1,<environment.Job instance at 0x7f141dd7fc80>,19,16,[3 6],20,29,45,9,20
1,<environment.Job instance at 0x7f141dd7fa50>,20,15,[1 6],21,29,44,8,21
1,<environment.Job instance at 0x7f141dd7ff50>,24,13,[7 5],25,44,57,19,28
1,<environment.Job instance at 0x7f141dd7fbe0>,28,19,[3 5],29,45,64,16,36
1,<environment.Job instance at 0x7f141e7f3140>,30,14,[4 6],31,57,71,26,42
1,<environment.Job instance at 0x7f141e7f3cd0>,32,15,[9 2],33,64,79,31,50
1,<environment.Job instance at 0x7f141e7f3690>,33,16,[8 4],34,79,95,45,66
1,<environment.Job instance at 0x7f141e7f3e10>,36,12,[ 2 10],37,71,83,34,66
1,<environment.Job instance at 0x7f141e7f3fa0>,41,17,[4 9],42,83,100,41,71
1,<environment.Job instance at 0x7f141e7f3370>,43,13,[7 4],44,95,108,51,80
1,<environment.Job instance at 0x7f141e7f31e0>,47,12,[ 4 10],48,100,112,52,83
1,<environment.Job instance at 0x7f141e7f37d0>,48,14,[4 9],49,112,126,63,97
1,<environment.Job instance at 0x7f141e24d5a0>,52,19,[9 4],53,108,127,55,98
1,<environment.Job instance at 0x7f141dd7fe60>,25,13,[12  1],26,127,140,101,111
1,<environment.Job instance at 0x7f141e24df50>,53,18,[4 7],54,140,158,86,129
1,<environment.Job instance at 0x7f141e24dd70>,59,18,[10  5],60,140,158,80,129
1,<environment.Job instance at 0x7f141e24db40>,62,19,[5 7],63,158,177,95,148
1,<environment.Job instance at 0x7f141e24d4b0>,65,14,[3 5],66,158,172,92,148
1,<environment.Job instance at 0x7f141e256460>,70,12,[3 5],71,172,184,101,155
1,<environment.Job instance at 0x7f141e256500>,74,15,[ 1 10],75,177,192,102,163
1,<environment.Job instance at 0x7f141e2561e0>,75,15,[7 1],76,184,199,108,170
1,<environment.Job instance at 0x7f141e256f00>,76,16,[8 4],77,192,208,115,179
1,<environment.Job instance at 0x7f141e256730>,77,17,[5 5],78,199,216,121,187
1,<environment.Job instance at 0x7f141d8a7d20>,1,20,[10  3],2,208,228,206,208
1,<environment.Job instance at 0x7f141dd7f9b0>,16,23,[4 7],17,1221,1244,1204,1221
1,<environment.Job instance at 0x7f141e7885f0>,0,27,[ 5 13],1,2,29,1,2
1,<environment.Job instance at 0x7f141e3d63c0>,5,15,[7 2],6,8,23,2,8
1,<environment.Job instance at 0x7f141e3d65a0>,9,21,[1 9],10,29,50,19,21
1,<environment.Job instance at 0x7f141e3d6730>,10,14,[2 9],11,50,64,39,35
1,<environment.Job instance at 0x7f141dd7f9b0>,2,18,[2 5],3,35,53,32,35
1,<environment.Job instance at 0x7f141e3d62d0>,6,19,[10  4],7,53,72,46,44
1,<environment.Job instance at 0x7f141e3d6190>,4,15,[2 5],5,64,79,59,50
1,<environment.Job instance at 0x7f141e3d6cd0>,20,18,[1 7],21,72,90,51,61
1,<environment.Job instance at 0x7f141e3d6e60>,21,19,[4 6],22,79,98,57,70
1,<environment.Job instance at 0x7f141e3d6f50>,23,17,[2 8],24,90,107,66,78
1,<environment.Job instance at 0x7f141e3d6be0>,24,27,[6 4],25,98,125,73,96
1,<environment.Job instance at 0x7f141e3d6e10>,25,13,[11  2],26,125,138,99,111
1,<environment.Job instance at 0x7f141e3f4190>,26,17,[ 2 14],27,138,155,111,126
1,<environment.Job instance at 0x7f141e3f4230>,27,15,[9 5],28,155,170,127,150
1,<environment.Job instance at 0x7f141e3f42d0>,28,14,[1 7],29,155,169,126,150
1,<environment.Job instance at 0x7f141e3d6c30>,18,19,[2 6],19,169,188,150,159
1,<environment.Job instance at 0x7f141e3f4370>,29,19,[4 5],30,170,189,140,161
1,<environment.Job instance at 0x7f141e3d6b90>,19,27,[ 1 14],20,189,216,169,187
1,<environment.Job instance at 0x7f141e3f4410>,30,25,[1 6],31,216,241,185,212
1,<environment.Job instance at 0x7f141e3f45f0>,33,13,[9 1],34,212,225,178,212
1,<environment.Job instance at 0x7f141e3f4690>,34,18,[3 9],35,225,243,190,214
1,<environment.Job instance at 0x7f141e3f47d0>,36,23,[1 5],37,241,264,204,235
1,<environment.Job instance at 0x7f141e3f4a00>,38,22,[9 1],39,241,263,202,235
1,<environment.Job instance at 0x7f141e3f49b0>,40,18,[8 2],41,263,281,222,252
1,<environment.Job instance at 0x7f141e3f4f00>,48,17,[6 1],49,263,280,214,252
1,<environment.Job instance at 0x7f141e3f6280>,50,15,[8 2],51,281,296,230,267
1,<environment.Job instance at 0x7f141e3f6410>,53,18,[6 1],54,280,298,226,269
1,<environment.Job instance at 0x7f141e3f65f0>,56,12,[3 5],57,296,308,239,279
1,<environment.Job instance at 0x7f141e3f6730>,58,14,[6 1],59,296,310,237,281
1,<environment.Job instance at 0x7f141e3f6a00>,61,14,[6 5],62,298,312,236,283
1,<environment.Job instance at 0x7f141e3f6960>,62,18,[11  5],63,312,330,249,301
1,<environment.Job instance at 0x7f141e3f6af0>,63,21,[3 7],64,308,329,244,301
1,<environment.Job instance at 0x7f141e3f6d70>,67,16,[8 2],68,330,346,262,317
1,<environment.Job instance at 0x7f141e3f6eb0>,69,12,[7 5],70,330,342,260,317
1,<environment.Job instance at 0x7f141e3f6f50>,70,16,[6 3],71,342,358,271,329
1,<environment.Job instance at 0x7f141e3e6140>,73,19,[8 1],74,346,365,272,336
1,<environment.Job instance at 0x7f141e3e6320>,76,15,[8 2],77,365,380,288,351
1,<environment.Job instance at 0x7f141e3e63c0>,77,20,[10  5],78,380,400,302,371
1,<environment.Job instance at 0x7f141e3f4550>,32,21,[2 8],33,379,400,346,379
1,<environment.Job instance at 0x7f141e3f44b0>,31,20,[11  1],32,400,420,368,392
1,<environment.Job instance at 0x7f141e3d69b0>,15,23,[11  3],16,420,443,404,414
1,<environment.Job instance at 0x7fda6f233230>,0,13,[9 3],1,1,14,0,1
1,<environment.Job instance at 0x7fda6f233320>,2,22,[4 8],3,3,25,0,3
1,<environment.Job instance at 0x7fda65c47be0>,4,21,[1 6],5,14,35,9,7
1,<environment.Job instance at 0x7fda65c4a2d0>,14,13,[7 3],15,25,38,10,16
1,<environment.Job instance at 0x7fda65c4a870>,23,18,[2 7],24,35,53,11,24
1,<environment.Job instance at 0x7fda65c4af00>,33,16,[2 8],34,38,54,4,34
1,<environment.Job instance at 0x7fda65c4e190>,35,15,[9 5],36,53,68,17,39
1,<environment.Job instance at 0x7fda65c4e4b0>,40,15,[10  3],41,68,83,27,54
1,<environment.Job instance at 0x7fda65c47eb0>,15,18,[ 2 14],16,83,101,67,72
1,<environment.Job instance at 0x7fda65c4e730>,43,13,[13  1],44,83,96,39,72
1,<environment.Job instance at 0x7fda65c4e7d0>,44,24,[ 1 13],45,101,125,56,96
1,<environment.Job instance at 0x7fda65c4e870>,45,13,[6 5],46,125,138,79,109
1,<environment.Job instance at 0x7fda65c4e690>,42,20,[9 4],43,125,145,82,119
1,<environment.Job instance at 0x7fda65c4e9b0>,47,20,[6 5],48,138,158,90,129
1,<environment.Job instance at 0x7fda65c4ec30>,51,20,[5 3],52,145,165,93,136
1,<environment.Job instance at 0x7fda65c4ed70>,53,17,[5 7],54,158,175,104,146
1,<environment.Job instance at 0x7fda65c4ef50>,56,12,[3 6],57,146,158,89,146
1,<environment.Job instance at 0x7fda65c4ed20>,58,14,[2 7],59,165,179,106,150
1,<environment.Job instance at 0x7fda65c50190>,59,17,[1 6],60,175,192,115,163
1,<environment.Job instance at 0x7fda65c4e910>,46,17,[12  2],47,175,192,128,164
1,<environment.Job instance at 0x7fda65c50370>,62,18,[5 3],63,192,210,129,181
1,<environment.Job instance at 0x7fda65c504b0>,64,19,[3 8],65,192,211,127,182
1,<environment.Job instance at 0x7fda65c50050>,65,20,[2 6],66,210,230,144,201
1,<environment.Job instance at 0x7fda65c505f0>,66,21,[7 4],67,211,232,144,203
1,<environment.Job instance at 0x7fda65c47c80>,6,20,[6 1],7,208,228,201,208
1,<environment.Job instance at 0x7fda65c50c30>,76,19,[4 8],77,230,249,153,220
1,<environment.Job instance at 0x7fda65c50e10>,79,13,[9 4],80,232,245,152,220
1,<environment.Job instance at 0x7fda65c50fa0>,80,14,[2 6],81,245,259,164,230
1,<environment.Job instance at 0x7fda65c50f50>,81,15,[5 9],82,249,264,167,235
1,<environment.Job instance at 0x7fda6f2331e0>,1,22,[11  3],2,389,411,387,389
1,<environment.Job instance at 0x7fda65c50cd0>,77,13,[8 5],78,1408,1421,1330,1408
1,<environment.Job instance at 0x7fda6538fd70>,0,14,[ 2 13],1,1,15,0,1
1,<environment.Job instance at 0x7fda65c50cd0>,2,21,[10  1],3,3,24,0,3
1,<environment.Job instance at 0x7fda6538fb90>,5,15,[5 7],6,15,30,9,6
1,<environment.Job instance at 0x7fda65390190>,11,18,[ 1 10],12,30,48,18,19
1,<environment.Job instance at 0x7fda65390230>,14,12,[4 6],15,48,60,33,31
1,<environment.Job instance at 0x7fda65384be0>,18,21,[ 1 10],19,60,81,41,52
1,<environment.Job instance at 0x7fda65384f00>,19,14,[10  4],20,52,66,32,52
1,<environment.Job instance at 0x7fda653842d0>,20,21,[6 5],21,66,87,45,58
1,<environment.Job instance at 0x7fda6538e3c0>,25,16,[7 5],26,81,97,55,68
1,<environment.Job instance at 0x7fda654b2be0>,29,17,[ 3 10],30,87,104,57,75
1,<environment.Job instance at 0x7fda654b7dc0>,31,13,[7 4],32,97,110,65,81
1,<environment.Job instance at 0x7fda6546ed70>,37,16,[8 1],38,104,120,66,91
1,<environment.Job instance at 0x7fda6546e230>,38,15,[8 3],39,120,135,81,106
1,<environment.Job instance at 0x7fda6546e2d0>,39,17,[8 1],40,135,152,95,123
1,<environment.Job instance at 0x7fda6546ecd0>,40,18,[6 1],41,123,141,82,123
1,<environment.Job instance at 0x7fda6546ea50>,43,24,[6 4],44,141,165,97,136
1,<environment.Job instance at 0x7fda6546e960>,44,16,[4 7],45,152,168,107,139
1,<environment.Job instance at 0x7fda6520bc30>,50,13,[7 4],51,165,178,114,149
1,<environment.Job instance at 0x7fda651f9be0>,53,20,[ 4 10],54,168,188,114,159
1,<environment.Job instance at 0x7fda65202870>,59,15,[10  4],60,178,193,118,164
1,<environment.Job instance at 0x7fda6525aa00>,60,14,[1 8],61,188,202,127,173
1,<environment.Job instance at 0x7fda6525fe60>,66,14,[9 5],67,193,207,126,178
1,<environment.Job instance at 0x7fda6525f820>,69,15,[1 7],70,202,217,132,188
1,<environment.Job instance at 0x7fda6548e960>,72,13,[3 8],73,207,220,134,191
1,<environment.Job instance at 0x7fda6527c230>,73,13,[3 5],74,217,230,143,201
1,<environment.Job instance at 0x7fda6525f050>,76,20,[1 5],77,220,240,143,211
1,<environment.Job instance at 0x7fda6538d910>,77,22,[3 7],78,230,252,152,223
1,<environment.Job instance at 0x7fda65278050>,83,12,[11  5],84,240,252,156,225
1,<environment.Job instance at 0x7fda65219460>,87,17,[8 2],88,252,269,164,240
1,<environment.Job instance at 0x7fda653905f0>,10,18,[2 7],11,736,754,725,736
1,<environment.Job instance at 0x7fda65c50d20>,1,20,[8 2],2,736,756,734,736
1,<environment.Job instance at 0x7fda653907d0>,8,17,[5 5],9,1450,1467,1441,1450
1,<environment.Job instance at 0x7fda651efb40>,0,13,[8 5],1,1,14,0,1
1,<environment.Job instance at 0x7fda651efe10>,1,14,[2 9],2,2,16,0,2
1,<environment.Job instance at 0x7fda651ef140>,4,20,[5 2],5,14,34,9,5
1,<environment.Job instance at 0x7fda65241050>,18,12,[10  5],19,19,31,0,19
1,<environment.Job instance at 0x7fda65277050>,20,14,[2 7],21,31,45,10,21
1,<environment.Job instance at 0x7fda65277aa0>,25,16,[2 8],26,34,50,8,26
1,<environment.Job instance at 0x7fda65277af0>,32,13,[9 4],33,45,58,12,33
1,<environment.Job instance at 0x7fda6f4aeeb0>,12,12,[1 7],13,50,62,37,36
1,<environment.Job instance at 0x7fda652779b0>,34,17,[3 8],35,58,75,23,46
1,<environment.Job instance at 0x7fda652447d0>,40,14,[6 1],41,62,76,21,56
1,<environment.Job instance at 0x7fda652441e0>,42,16,[3 8],43,75,91,32,62
1,<environment.Job instance at 0x7fda65244f50>,43,14,[10  1],44,76,90,32,62
1,<environment.Job instance at 0x7fda652444b0>,46,13,[6 3],47,62,75,15,62
1,<environment.Job instance at 0x7fda65244280>,47,13,[7 4],48,90,103,42,74
1,<environment.Job instance at 0x7fda65244c30>,49,20,[1 7],50,91,111,41,82
1,<environment.Job instance at 0x7fda652956e0>,57,16,[2 8],58,103,119,45,90
1,<environment.Job instance at 0x7fda65295960>,64,16,[7 4],65,111,127,46,98
1,<environment.Job instance at 0x7fda65295e60>,72,14,[5 5],73,119,133,46,104
1,<environment.Job instance at 0x7fda6526d1e0>,75,19,[9 4],76,127,146,51,117
1,<environment.Job instance at 0x7fda6526db40>,80,14,[2 7],81,133,147,52,118
1,<environment.Job instance at 0x7fda6526da50>,81,15,[4 8],82,146,161,64,132
1,<environment.Job instance at 0x7fda6526de60>,86,15,[3 6],87,147,162,60,133
1,<environment.Job instance at 0x7fda6526d9b0>,88,16,[2 6],89,161,177,72,148
1,<environment.Job instance at 0x7fda65244690>,36,17,[11  3],37,162,179,125,151
1,<environment.Job instance at 0x7fda651efeb0>,2,20,[13  3],3,179,199,176,173
1,<environment.Job instance at 0x7fda65243eb0>,0,19,[5 5],1,1,20,0,1
1,<environment.Job instance at 0x7fda65243370>,2,20,[8 5],3,3,23,0,3
1,<environment.Job instance at 0x7fda65243230>,5,13,[4 8],6,20,33,14,6
1,<environment.Job instance at 0x7fda6f3a7190>,13,22,[9 5],14,23,45,9,19
1,<environment.Job instance at 0x7fda6f3a75a0>,14,15,[ 1 12],15,45,60,30,31
1,<environment.Job instance at 0x7fda6f3a7280>,15,14,[ 1 12],16,60,74,44,45
1,<environment.Job instance at 0x7fda6f3a7550>,20,17,[5 1],21,45,62,24,45
1,<environment.Job instance at 0x7fda6f3a7460>,21,25,[3 9],22,74,99,52,70
1,<environment.Job instance at 0x7fda6613feb0>,22,13,[14  3],23,99,112,76,83
1,<environment.Job instance at 0x7fda6f3a7e10>,19,17,[6 2],20,112,129,92,100
1,<environment.Job instance at 0x7fda6613f230>,23,17,[4 6],24,112,129,88,101
1,<environment.Job instance at 0x7fda6613fb40>,29,25,[4 5],30,112,137,82,108
1,<environment.Job instance at 0x7fda6613f280>,30,25,[6 3],31,129,154,98,125
1,<environment.Job instance at 0x7fda6613fd20>,31,20,[11  1],32,154,174,122,145
1,<environment.Job instance at 0x7fda6613f0a0>,32,17,[9 4],33,174,191,141,164
1,<environment.Job instance at 0x7fda6613f370>,33,13,[12  4],34,191,204,157,175
1,<environment.Job instance at 0x7fda65243fa0>,6,13,[5 8],7,176,189,169,176
1,<environment.Job instance at 0x7fda652430f0>,12,26,[13  2],13,204,230,191,201
1,<environment.Job instance at 0x7fda65243d20>,1,23,[13  1],2,230,253,228,228
1,<environment.Job instance at 0x7fda660e7a00>,0,12,[ 3 14],1,1,13,0,1
1,<environment.Job instance at 0x7fda655c1550>,4,18,[8 3],5,13,31,8,5
1,<environment.Job instance at 0x7fda660e7c30>,1,21,[4 8],2,13,34,11,5
1,<environment.Job instance at 0x7fda655c11e0>,7,16,[5 8],8,34,50,26,21
1,<environment.Job instance at 0x7fda651ded20>,5,14,[8 5],6,31,45,25,31
1,<environment.Job instance at 0x7fda655c3370>,13,13,[11  5],14,50,63,36,34
1,<environment.Job instance at 0x7fda655c3280>,15,13,[5 5],16,63,76,47,47
1,<environment.Job instance at 0x7fda655c1410>,8,13,[1 7],9,48,61,39,48
1,<environment.Job instance at 0x7fda655c31e0>,18,14,[7 5],19,63,77,44,48
1,<environment.Job instance at 0x7fda656925a0>,25,15,[8 5],26,76,91,50,62
1,<environment.Job instance at 0x7fda65671370>,31,22,[5 9],32,77,99,45,75
1,<environment.Job instance at 0x7fda65925460>,32,12,[7 2],33,91,103,58,75
1,<environment.Job instance at 0x7fda656760a0>,34,20,[3 8],35,99,119,64,91
1,<environment.Job instance at 0x7fda655c3c30>,16,20,[12  3],17,103,123,86,94
1,<environment.Job instance at 0x7fda6592e320>,38,17,[4 8],39,123,140,84,113
1,<environment.Job instance at 0x7fda6592ed20>,41,13,[4 9],42,140,153,98,124
1,<environment.Job instance at 0x7fda66074320>,49,14,[ 5 10],50,153,167,103,141
1,<environment.Job instance at 0x7fda65a4a3c0>,50,16,[5 9],51,167,183,116,154
1,<environment.Job instance at 0x7fda655c3460>,14,24,[8 4],15,154,178,139,154
1,<environment.Job instance at 0x7fda65a51190>,54,20,[14  2],55,183,203,128,174
1,<environment.Job instance at 0x7fda65a515f0>,55,15,[8 4],56,203,218,147,189
1,<environment.Job instance at 0x7fda65a51230>,56,17,[ 3 10],57,203,220,146,191
1,<environment.Job instance at 0x7fda65a51aa0>,57,14,[6 4],58,218,232,160,203
1,<environment.Job instance at 0x7fda65a51640>,58,19,[1 7],59,220,239,161,210
1,<environment.Job instance at 0x7fda65a51870>,59,18,[14  4],60,232,250,172,221
1,<environment.Job instance at 0x7fda65a51a00>,60,22,[ 4 14],61,250,272,189,243
1,<environment.Job instance at 0x7fda65a51e10>,61,20,[11  4],62,272,292,210,263
1,<environment.Job instance at 0x7fda65a51370>,62,23,[14  4],63,292,315,229,286
1,<environment.Job instance at 0x7fda65a51f50>,63,19,[ 3 14],64,315,334,251,305
1,<environment.Job instance at 0x7fda65a311e0>,72,15,[5 8],73,334,349,261,320
1,<environment.Job instance at 0x7fda66083d70>,74,20,[10  4],75,334,354,259,327
1,<environment.Job instance at 0x7fda66083f50>,75,16,[6 3],76,354,370,278,341
1,<environment.Job instance at 0x7fda66083eb0>,76,14,[5 7],77,349,363,272,341
1,<environment.Job instance at 0x7fda655d5050>,77,18,[4 7],78,363,381,285,352
1,<environment.Job instance at 0x7fda655d5460>,83,12,[10  3],84,370,382,286,354
1,<environment.Job instance at 0x7fda655d5640>,86,16,[2 9],87,381,397,294,368
1,<environment.Job instance at 0x7fda655d56e0>,87,14,[5 6],88,382,396,294,368
1,<environment.Job instance at 0x7fda65a51b90>,64,21,[14  2],65,397,418,332,394
1,<environment.Job instance at 0x7fda65ab3eb0>,6,14,[ 4 10],7,7,21,0,7
1,<environment.Job instance at 0x7fda65ab3460>,8,12,[8 5],9,9,21,0,9
1,<environment.Job instance at 0x7fda65ab3f00>,9,21,[9 2],10,21,42,11,13
1,<environment.Job instance at 0x7fda65ab36e0>,13,16,[6 3],14,21,37,7,14
1,<environment.Job instance at 0x7fda65ab7460>,23,22,[1 6],24,37,59,13,30
1,<environment.Job instance at 0x7fda65ab7aa0>,19,19,[7 4],20,42,61,22,32
1,<environment.Job instance at 0x7fda65ab3280>,0,17,[8 1],1,59,76,58,47
1,<environment.Job instance at 0x7fda65ab7370>,22,25,[ 1 13],23,61,86,38,57
1,<environment.Job instance at 0x7fda656719b0>,35,13,[6 4],36,86,99,50,71
1,<environment.Job instance at 0x7fda65671050>,36,14,[10  3],37,99,113,62,84
1,<environment.Job instance at 0x7fda65671280>,38,19,[1 5],39,86,105,47,84
1,<environment.Job instance at 0x7fda65ab78c0>,32,16,[10  3],33,113,129,80,100
1,<environment.Job instance at 0x7fda65671eb0>,39,18,[2 9],40,115,133,75,115
1,<environment.Job instance at 0x7fda65671320>,41,13,[6 5],42,129,142,87,115
1,<environment.Job instance at 0x7fda65671870>,43,14,[4 5],44,133,147,89,118
1,<environment.Job instance at 0x7fda65671190>,47,15,[9 5],48,142,157,94,128
1,<environment.Job instance at 0x7fda65671f00>,49,17,[1 7],50,147,164,97,136
1,<environment.Job instance at 0x7fda65671960>,50,15,[5 1],51,147,162,96,141
1,<environment.Job instance at 0x7fda65671c30>,40,18,[10  4],41,162,180,121,151
1,<environment.Job instance at 0x7fda656b9320>,52,12,[12  4],53,180,192,127,163
1,<environment.Job instance at 0x7fda65671780>,53,21,[ 2 11],54,164,185,110,164
1,<environment.Job instance at 0x7fda656b9050>,54,23,[14  3],55,192,215,137,186
1,<environment.Job instance at 0x7fda656b90f0>,55,25,[9 2],56,215,240,159,211
1,<environment.Job instance at 0x7fda656b92d0>,56,14,[5 9],57,215,229,158,211
1,<environment.Job instance at 0x7fda656b9c80>,57,19,[11  1],58,240,259,182,230
1,<environment.Job instance at 0x7fda656b9e10>,58,12,[2 5],59,230,242,171,230
1,<environment.Job instance at 0x7fda656b91e0>,59,16,[6 5],60,259,275,199,246
1,<environment.Job instance at 0x7fda65671af0>,51,18,[5 9],52,259,277,207,257
1,<environment.Job instance at 0x7fda656b95f0>,63,22,[10  2],64,275,297,211,269
1,<environment.Job instance at 0x7fda656b95a0>,60,23,[ 2 11],61,277,300,216,271
1,<environment.Job instance at 0x7fda656b97d0>,66,18,[7 5],67,300,318,233,289
1,<environment.Job instance at 0x7fda656b9460>,68,25,[14  2],69,318,343,249,314
1,<environment.Job instance at 0x7fda656b9550>,67,18,[5 9],68,343,361,275,332
1,<environment.Job instance at 0x7fda656b9cd0>,70,19,[4 9],71,361,380,290,351
1,<environment.Job instance at 0x7fda65920280>,71,12,[10  2],72,351,363,279,351
1,<environment.Job instance at 0x7fda65920460>,74,19,[9 4],75,363,382,288,353
1,<environment.Job instance at 0x7fda65920f00>,76,18,[6 4],77,380,398,303,369
1,<environment.Job instance at 0x7fda659207d0>,81,16,[7 3],82,382,398,300,369
1,<environment.Job instance at 0x7fda65920370>,83,15,[ 3 10],84,398,413,314,384
1,<environment.Job instance at 0x7fda656b9280>,69,22,[3 8],70,413,435,343,407
1,<environment.Job instance at 0x7fda659203c0>,85,17,[12  4],86,407,424,321,407
1,<environment.Job instance at 0x7fda65920aa0>,86,12,[13  4],87,435,447,348,418
1,<environment.Job instance at 0x7fda6677cb40>,87,12,[14  3],88,447,459,359,430
1,<environment.Job instance at 0x7fda6677c280>,88,15,[ 1 12],89,447,462,358,433
1,<environment.Job instance at 0x7fda65ab7050>,25,22,[8 2],26,485,507,459,485
1,<environment.Job instance at 0x7fda659202d0>,84,23,[1 6],85,503,526,418,503
1,<environment.Job instance at 0x7fda65ab7c80>,26,17,[11  1],27,507,524,480,503
1,<environment.Job instance at 0x7fda6615f9b0>,1,15,[6 3],2,2,17,0,2
1,<environment.Job instance at 0x7fda66653410>,3,18,[7 5],4,4,22,0,4
1,<environment.Job instance at 0x7fda658eb5a0>,9,17,[5 9],10,17,34,7,12
1,<environment.Job instance at 0x7fda658ebcd0>,10,17,[12  4],11,34,51,23,22
1,<environment.Job instance at 0x7fda66655b40>,20,20,[2 9],21,34,54,13,28
1,<environment.Job instance at 0x7fda66655690>,23,14,[1 5],24,51,65,27,36
1,<environment.Job instance at 0x7fda66655730>,25,18,[1 7],26,54,72,28,44
1,<environment.Job instance at 0x7fda66655320>,28,15,[1 6],29,65,80,36,51
1,<environment.Job instance at 0x7fda65b1f7d0>,11,26,[ 4 10],12,80,106,68,77
1,<environment.Job instance at 0x7fda666553c0>,30,18,[11  5],31,78,96,47,78
1,<environment.Job instance at 0x7fda666f5780>,33,15,[7 4],34,96,111,62,82
1,<environment.Job instance at 0x7fda6537b7d0>,35,13,[1 7],36,106,119,70,90
1,<environment.Job instance at 0x7fda658ec1e0>,42,13,[5 5],43,111,124,68,95
1,<environment.Job instance at 0x7fda658ce230>,46,14,[6 4],47,119,133,72,104
1,<environment.Job instance at 0x7fda658fdfa0>,54,20,[3 8],55,124,144,69,116
1,<environment.Job instance at 0x7fda658b0050>,55,17,[2 9],56,144,161,88,132
1,<environment.Job instance at 0x7fda6590e410>,56,14,[ 4 10],57,161,175,104,148
1,<environment.Job instance at 0x7fda6590e500>,57,13,[6 2],58,148,161,90,148
1,<environment.Job instance at 0x7fda6590e780>,59,19,[9 4],60,161,180,101,151
1,<environment.Job instance at 0x7fda6590e1e0>,61,18,[6 1],62,175,193,113,164
1,<environment.Job instance at 0x7fda658e85f0>,21,17,[ 2 13],22,180,197,158,169
1,<environment.Job instance at 0x7fda6590e140>,68,17,[7 1],69,180,197,111,170
1,<environment.Job instance at 0x7fda6589a3c0>,72,21,[6 4],73,197,218,124,189
1,<environment.Job instance at 0x7fda6590e190>,63,18,[14  3],64,218,236,154,207
1,<environment.Job instance at 0x7fda6590e460>,74,20,[10  4],75,236,256,161,227
1,<environment.Job instance at 0x7fda658d0aa0>,77,16,[ 4 10],78,236,252,158,229
1,<environment.Job instance at 0x7fda658d0d20>,79,17,[5 5],80,252,269,172,240
1,<environment.Job instance at 0x7fda658d0fa0>,81,15,[9 4],82,256,271,174,242
1,<environment.Job instance at 0x7fda658d0f50>,83,13,[1 5],84,256,269,172,242
1,<environment.Job instance at 0x7fda658aa370>,87,20,[7 1],88,271,291,183,262
1,<environment.Job instance at 0x7fda658d0af0>,75,19,[11  4],76,291,310,215,281
1,<environment.Job instance at 0x7fda65686410>,0,16,[11  2],1,310,326,309,297
1,<environment.Job instance at 0x7fda65e5a730>,3,14,[6 5],4,4,18,0,4
1,<environment.Job instance at 0x7fda65e5aaa0>,0,18,[ 2 10],1,4,22,3,4
1,<environment.Job instance at 0x7fda65e5a6e0>,5,15,[10  3],6,18,33,12,6
1,<environment.Job instance at 0x7fda65d797d0>,12,27,[5 1],13,22,49,9,20
1,<environment.Job instance at 0x7fda65d79500>,11,15,[4 5],12,33,48,21,21
1,<environment.Job instance at 0x7fda65d79410>,13,21,[1 6],14,33,54,19,25
1,<environment.Job instance at 0x7fda65d798c0>,8,13,[9 4],9,48,61,39,33
1,<environment.Job instance at 0x7fda65d791e0>,18,13,[13  1],19,61,74,42,45
1,<environment.Job instance at 0x7fda65a4d460>,42,21,[9 5],43,74,95,31,66
1,<environment.Job instance at 0x7fda65a4d140>,46,14,[7 2],47,95,109,48,80
1,<environment.Job instance at 0x7fda65a4d320>,52,14,[3 6],53,84,98,31,84
1,<environment.Job instance at 0x7fda6f160fa0>,56,16,[5 8],57,98,114,41,92
1,<environment.Job instance at 0x7fda66017280>,62,20,[6 3],63,109,129,46,100
1,<environment.Job instance at 0x7fda65d79690>,17,25,[8 3],18,114,139,96,110
1,<environment.Job instance at 0x7fda66017190>,64,14,[3 9],65,129,143,64,114
1,<environment.Job instance at 0x7fda66017cd0>,63,17,[10  4],64,139,156,75,127
1,<environment.Job instance at 0x7fda660170a0>,65,12,[ 1 14],66,156,168,90,139
1,<environment.Job instance at 0x7fda66017d70>,68,13,[13  3],69,168,181,99,152
1,<environment.Job instance at 0x7fda660173c0>,67,18,[10  3],68,181,199,113,170
1,<environment.Job instance at 0x7fda66017b40>,71,20,[5 6],72,181,201,109,172
1,<environment.Job instance at 0x7fda660175f0>,75,16,[10  2],76,199,215,123,186
1,<environment.Job instance at 0x7fda6673d640>,78,17,[5 5],79,201,218,122,189
1,<environment.Job instance at 0x7fda6673d460>,79,13,[8 2],80,215,228,135,199
1,<environment.Job instance at 0x7fda660171e0>,69,18,[ 3 12],70,218,236,148,213
1,<environment.Job instance at 0x7fda6673d6e0>,80,19,[8 4],81,236,255,155,226
1,<environment.Job instance at 0x7fda6673d0a0>,82,15,[9 3],83,255,270,172,241
1,<environment.Job instance at 0x7fda6673d140>,83,16,[6 3],84,241,257,157,241
1,<environment.Job instance at 0x7fda6673dfa0>,86,18,[10  2],87,270,288,183,259
1,<environment.Job instance at 0x7fda6673d9b0>,87,20,[7 5],88,288,308,200,279
1,<environment.Job instance at 0x7fda65d79550>,10,24,[11  4],11,308,332,297,307
1,<environment.Job instance at 0x7fda65e5aeb0>,4,27,[7 2],5,332,359,327,330
1,<environment.Job instance at 0x7fda65a4d410>,43,21,[11  5],44,1054,1075,1010,1054
1,<environment.Job instance at 0x7fda66224a50>,0,21,[5 2],1,1,22,0,1
1,<environment.Job instance at 0x7fda65a4d730>,1,23,[ 4 11],2,2,25,0,2
1,<environment.Job instance at 0x7fda659cb870>,5,12,[3 6],6,25,37,19,8
1,<environment.Job instance at 0x7fda659cbcd0>,7,13,[7 4],8,22,35,14,9
1,<environment.Job instance at 0x7fda659cb460>,10,15,[5 2],11,25,40,14,11
1,<environment.Job instance at 0x7fda659cb730>,17,14,[2 6],18,35,49,17,20
1,<environment.Job instance at 0x7fda64fd60a0>,27,20,[3 7],28,37,57,9,28
1,<environment.Job instance at 0x7fda64fd6140>,30,18,[1 5],31,49,67,18,38
1,<environment.Job instance at 0x7fda64fd6410>,42,12,[8 4],43,57,69,14,47
1,<environment.Job instance at 0x7fda64fd6500>,44,13,[5 4],45,57,70,12,47
1,<environment.Job instance at 0x7fda64f99fa0>,45,14,[8 5],46,69,83,23,54
1,<environment.Job instance at 0x7fda64f99640>,48,15,[7 2],49,70,85,21,56
1,<environment.Job instance at 0x7fda64f990f0>,51,16,[4 6],52,83,99,31,70
1,<environment.Job instance at 0x7fda64f99910>,58,13,[5 3],59,85,98,26,70
1,<environment.Job instance at 0x7fda64f99eb0>,61,16,[5 1],62,85,101,23,72
1,<environment.Job instance at 0x7fda64f996e0>,64,18,[2 8],65,98,116,33,87
1,<environment.Job instance at 0x7fda64f981e0>,69,17,[1 6],70,99,116,29,87
1,<environment.Job instance at 0x7fda66414dc0>,84,17,[10  5],85,116,133,31,104
1,<environment.Job instance at 0x7fda664149b0>,85,17,[3 6],86,116,133,30,104
1,<environment.Job instance at 0x7fda6513ce10>,88,16,[1 5],89,133,149,44,120
1,<environment.Job instance at 0x7fda659cb410>,13,16,[11  4],14,6296,6312,6282,6296
1,<environment.Job instance at 0x7fda659cb8c0>,2,26,[ 3 14],3,6322,6348,6319,6322
1,<environment.Job instance at 0x7fda6662b410>,1,13,[9 3],2,2,15,0,2
1,<environment.Job instance at 0x7fda6662be60>,0,27,[ 5 12],1,2,29,1,2
1,<environment.Job instance at 0x7fda66777320>,4,13,[6 5],5,29,42,24,13
1,<environment.Job instance at 0x7fda66777cd0>,11,17,[9 2],12,15,32,3,13
1,<environment.Job instance at 0x7fda66777a50>,5,13,[14  1],6,42,55,36,26
1,<environment.Job instance at 0x7fda66777b90>,14,18,[ 1 12],15,42,60,27,32
1,<environment.Job instance at 0x7fda66777460>,13,16,[ 3 10],14,60,76,46,50
1,<environment.Job instance at 0x7fda66777870>,19,14,[5 4],20,60,74,40,50
1,<environment.Job instance at 0x7fda66777a00>,22,18,[9 3],23,74,92,51,63
1,<environment.Job instance at 0x7fda659cb320>,3,15,[3 8],4,76,91,72,68
1,<environment.Job instance at 0x7fda65402d70>,40,13,[7 5],41,92,105,51,76
1,<environment.Job instance at 0x7fda666a5f50>,44,15,[4 6],45,91,106,46,77
1,<environment.Job instance at 0x7fda666a5640>,47,17,[5 4],48,105,122,57,93
1,<environment.Job instance at 0x7fda666a5500>,55,21,[6 5],56,105,126,49,97
1,<environment.Job instance at 0x7fda653e3cd0>,67,19,[2 8],68,122,141,54,112
1,<environment.Job instance at 0x7fda653e3d20>,72,16,[ 4 10],73,141,157,68,128
1,<environment.Job instance at 0x7fda653e3c80>,83,18,[5 8],84,157,175,73,146
1,<environment.Job instance at 0x7fda65369c30>,88,20,[10  2],89,154,174,65,154
1,<environment.Job instance at 0x7fda659cb3c0>,2,16,[ 2 13],3,228,244,225,228
1,<environment.Job instance at 0x7fda66777550>,15,23,[9 4],16,891,914,875,891
1,<environment.Job instance at 0x7fda65d14370>,3,14,[7 2],4,4,18,0,4
1,<environment.Job instance at 0x7fda66777550>,6,12,[6 1],7,7,19,0,7
1,<environment.Job instance at 0x7fda65aefaf0>,9,20,[5 6],10,18,38,8,10
1,<environment.Job instance at 0x7fda65aef0a0>,10,15,[10  1],11,19,34,8,11
1,<environment.Job instance at 0x7fda65aef140>,14,12,[ 3 12],15,38,50,23,21
1,<environment.Job instance at 0x7fda65402f50>,15,12,[11  4],16,50,62,34,33
1,<environment.Job instance at 0x7fda65037730>,16,20,[ 3 14],17,62,82,45,53
1,<environment.Job instance at 0x7fda65aef500>,17,16,[12  1],18,62,78,44,53
1,<environment.Job instance at 0x7fda65037140>,18,21,[1 7],19,82,103,63,74
1,<environment.Job instance at 0x7fda65c8c230>,19,16,[9 2],20,82,98,62,74
1,<environment.Job instance at 0x7fda66764190>,12,16,[6 5],13,98,114,85,85
1,<environment.Job instance at 0x7fda6527c230>,25,12,[6 4],26,103,115,77,86
1,<environment.Job instance at 0x7fda65c8c730>,20,28,[ 1 11],21,114,142,93,113
1,<environment.Job instance at 0x7fda6527c2d0>,29,22,[ 3 14],30,142,164,112,135
1,<environment.Job instance at 0x7fda654bf230>,30,15,[ 2 11],31,164,179,133,150
1,<environment.Job instance at 0x7fda6527c190>,31,22,[ 2 13],32,179,201,147,172
1,<environment.Job instance at 0x7fda6527ca50>,32,21,[2 5],33,201,222,168,193
1,<environment.Job instance at 0x7fda64ea80a0>,33,26,[ 4 14],34,222,248,188,219
1,<environment.Job instance at 0x7fda64ea8550>,34,17,[3 9],35,248,265,213,236
1,<environment.Job instance at 0x7fda64ea85a0>,35,26,[3 9],36,265,291,229,262
1,<environment.Job instance at 0x7fda65aefaa0>,13,14,[5 4],14,262,276,248,262
1,<environment.Job instance at 0x7fda64ea82d0>,36,23,[10  3],37,276,299,239,270
1,<environment.Job instance at 0x7fda64ea8dc0>,38,26,[ 2 11],39,291,317,252,288
1,<environment.Job instance at 0x7fda64ea8c80>,39,27,[6 4],40,299,326,259,297
1,<environment.Job instance at 0x7fda64ea8b40>,40,25,[ 4 14],41,326,351,285,322
1,<environment.Job instance at 0x7fda65cbea00>,41,17,[2 7],42,351,368,309,339
1,<environment.Job instance at 0x7fda65cbedc0>,42,18,[ 2 12],43,368,386,325,357
1,<environment.Job instance at 0x7fda65cbef00>,43,17,[8 3],44,357,374,313,357
1,<environment.Job instance at 0x7fda65cbed20>,44,24,[13  5],45,386,410,341,381
1,<environment.Job instance at 0x7fda65cbe9b0>,45,12,[ 4 13],46,410,422,364,393
1,<environment.Job instance at 0x7fda65cbecd0>,46,27,[14  3],47,422,449,375,420
1,<environment.Job instance at 0x7fda65cbe280>,47,22,[7 2],48,449,471,401,442
1,<environment.Job instance at 0x7fda65cbe320>,48,18,[5 9],49,449,467,400,442
1,<environment.Job instance at 0x7fda65aefa00>,11,14,[3 8],12,467,481,455,462
1,<environment.Job instance at 0x7fda65cbeeb0>,50,14,[7 4],51,471,485,420,462
1,<environment.Job instance at 0x7fda64ea8910>,37,23,[8 2],38,481,504,443,475
1,<environment.Job instance at 0x7fda6627c960>,52,26,[ 1 13],53,485,511,432,482
1,<environment.Job instance at 0x7fda65cbec30>,51,13,[11  1],52,504,517,452,490
1,<environment.Job instance at 0x7fda6627c5a0>,53,13,[ 1 13],54,511,524,457,498
1,<environment.Job instance at 0x7fda6507a230>,49,27,[12  5],50,524,551,474,522
1,<environment.Job instance at 0x7fda6513c7d0>,56,22,[ 3 14],57,551,573,494,544
1,<environment.Job instance at 0x7fda6513c870>,57,21,[2 5],58,573,594,515,565
1,<environment.Job instance at 0x7fda6513cdc0>,58,19,[7 2],59,573,592,514,565
1,<environment.Job instance at 0x7fda6513c550>,59,20,[3 9],60,592,612,532,583
1,<environment.Job instance at 0x7fda6513cb90>,60,14,[2 7],61,612,626,551,597
1,<environment.Job instance at 0x7fda6513cbe0>,61,24,[4 5],62,597,621,535,597
1,<environment.Job instance at 0x7fda6513c140>,62,14,[5 5],63,621,635,558,606
1,<environment.Job instance at 0x7fda6513c0a0>,63,12,[13  3],64,635,647,571,618
1,<environment.Job instance at 0x7fda6513c910>,64,25,[ 5 10],65,647,672,582,643
1,<environment.Job instance at 0x7fda6594df50>,65,16,[6 1],66,647,663,581,643
1,<environment.Job instance at 0x7fda66655410>,66,14,[11  2],67,672,686,605,657
1,<environment.Job instance at 0x7fda6513c280>,67,15,[ 3 14],68,686,701,618,672
1,<environment.Job instance at 0x7fda6509a3c0>,68,18,[1 5],69,701,719,632,690
1,<environment.Job instance at 0x7fda6509aaa0>,69,27,[13  4],70,701,728,631,700
1,<environment.Job instance at 0x7fda6509a780>,70,12,[6 3],71,728,740,657,711
1,<environment.Job instance at 0x7fda6527c0a0>,28,17,[9 2],29,728,745,699,716
1,<environment.Job instance at 0x7fda6537bdc0>,75,13,[9 5],76,745,758,669,729
1,<environment.Job instance at 0x7fda6537bcd0>,76,18,[6 2],77,740,758,663,731
1,<environment.Job instance at 0x7fda6884a2d0>,78,13,[7 5],79,758,771,679,742
1,<environment.Job instance at 0x7fda66611c80>,81,15,[7 3],82,758,773,676,751
1,<environment.Job instance at 0x7fda65b4c910>,85,14,[4 7],86,771,785,685,756
1,<environment.Job instance at 0x7fda658f64b0>,71,16,[10  2],72,773,789,701,762
1,<environment.Job instance at 0x7fda65b4cb40>,87,13,[ 3 13],88,785,798,697,769
1,<environment.Job instance at 0x7fda6605e460>,88,15,[14  4],89,798,813,709,784
1,<environment.Job instance at 0x7fda6605efa0>,86,21,[2 8],87,2102,2123,2015,2102
1,<environment.Job instance at 0x7fda6627c8c0>,54,18,[12  5],55,2107,2125,2052,2107
1,<environment.Job instance at 0x7fda65f94960>,0,28,[5 2],1,1,29,0,1
1,<environment.Job instance at 0x7fda65f94050>,1,21,[ 4 12],2,2,23,0,2
1,<environment.Job instance at 0x7fda65f949b0>,4,13,[1 6],5,23,36,18,7
1,<environment.Job instance at 0x7fda667469b0>,8,17,[7 4],9,23,40,14,11
1,<environment.Job instance at 0x7fda66746050>,10,19,[6 2],11,29,48,18,19
1,<environment.Job instance at 0x7fda65f94820>,2,18,[5 4],3,40,58,37,30
1,<environment.Job instance at 0x7fda667465f0>,15,16,[4 9],16,40,56,24,30
1,<environment.Job instance at 0x7fda66746c30>,18,21,[10  3],19,56,77,37,48
1,<environment.Job instance at 0x7fda65f94780>,5,21,[ 3 10],6,58,79,52,50
1,<environment.Job instance at 0x7fda66746690>,6,22,[2 6],7,79,101,72,72
1,<environment.Job instance at 0x7fda655b7a50>,25,19,[7 5],26,77,96,51,72
1,<environment.Job instance at 0x7fda655b7b90>,32,20,[5 8],33,96,116,63,87
1,<environment.Job instance at 0x7fda655b7f00>,37,14,[9 5],38,101,115,63,87
1,<environment.Job instance at 0x7fda655b77d0>,42,17,[6 4],43,115,132,72,103
1,<environment.Job instance at 0x7fda655b76e0>,26,16,[8 4],27,116,132,89,112
1,<environment.Job instance at 0x7fda653a8af0>,52,21,[1 6],53,116,137,63,113
1,<environment.Job instance at 0x7fda653a8410>,54,14,[5 7],55,132,146,77,117
1,<environment.Job instance at 0x7fda657da690>,66,18,[5 4],67,137,155,70,137
1,<environment.Job instance at 0x7fda657da0a0>,67,17,[7 2],68,146,163,78,137
1,<environment.Job instance at 0x7fda655b7320>,22,24,[13  4],23,163,187,140,158
1,<environment.Job instance at 0x7fda657dabe0>,69,13,[7 2],70,187,200,117,171
1,<environment.Job instance at 0x7fda657daaa0>,70,14,[ 2 12],71,187,201,116,172
1,<environment.Job instance at 0x7fda657dac80>,73,15,[10  5],74,201,216,127,187
1,<environment.Job instance at 0x7fda657da500>,76,16,[4 7],77,201,217,124,201
1,<environment.Job instance at 0x7fda657da0f0>,81,14,[2 9],82,217,231,135,203
1,<environment.Job instance at 0x7fda65d187d0>,84,15,[3 5],85,216,231,131,203
1,<environment.Job instance at 0x7fda657da960>,71,28,[11  4],72,231,259,159,230
1,<environment.Job instance at 0x7fda65f94af0>,3,18,[11  5],4,259,277,255,253
1,<environment.Job instance at 0x7fda66746870>,16,22,[14  2],17,277,299,260,270
1,<environment.Job instance at 0x7fda65ade820>,1,14,[5 7],2,2,16,0,2
1,<environment.Job instance at 0x7fda65ade3c0>,2,16,[4 6],3,3,19,0,3
1,<environment.Job instance at 0x7fda65adef00>,3,13,[8 1],4,16,29,12,4
1,<environment.Job instance at 0x7fda65adecd0>,5,16,[ 3 10],6,19,35,13,6
1,<environment.Job instance at 0x7fda66166820>,11,19,[6 1],12,29,48,17,19
1,<environment.Job instance at 0x7fda66166f00>,12,12,[2 5],13,35,47,22,23
1,<environment.Job instance at 0x7fda66166190>,19,20,[4 6],20,35,55,15,30
1,<environment.Job instance at 0x7fda66166230>,23,14,[10  4],24,48,62,24,33
1,<environment.Job instance at 0x7fda661662d0>,24,19,[4 7],25,55,74,30,45
1,<environment.Job instance at 0x7fda65f8c7d0>,27,18,[1 9],28,74,92,46,63
1,<environment.Job instance at 0x7fda65f8c960>,28,19,[3 6],29,63,82,34,63
1,<environment.Job instance at 0x7fda65f8c550>,32,18,[5 2],33,82,100,49,71
1,<environment.Job instance at 0x7fda65f8c5a0>,33,16,[7 5],34,92,108,58,79
1,<environment.Job instance at 0x7fda65f9db40>,39,16,[4 8],40,100,116,60,89
1,<environment.Job instance at 0x7fda65f9d640>,45,12,[3 5],46,108,120,62,91
1,<environment.Job instance at 0x7fda65f780a0>,54,19,[5 2],55,108,127,53,100
1,<environment.Job instance at 0x7fda65f78550>,56,12,[3 6],57,116,128,59,100
1,<environment.Job instance at 0x7fda65f78d70>,60,12,[9 5],61,127,139,66,111
1,<environment.Job instance at 0x7fda65f78cd0>,65,18,[ 2 10],66,128,146,62,124
1,<environment.Job instance at 0x7fda65f75dc0>,66,17,[5 5],67,139,156,72,127
1,<environment.Job instance at 0x7fda65f75500>,67,14,[9 5],68,146,160,78,131
1,<environment.Job instance at 0x7fda65f757d0>,68,14,[8 5],69,160,174,91,145
1,<environment.Job instance at 0x7fda65f75c80>,72,14,[6 3],73,156,170,83,145
1,<environment.Job instance at 0x7fda65f75870>,76,16,[2 9],77,170,186,93,157
1,<environment.Job instance at 0x7fda65fa1eb0>,82,18,[1 6],83,174,192,91,163
1,<environment.Job instance at 0x7fda65fa1370>,84,18,[9 3],85,186,204,101,175
1,<environment.Job instance at 0x7fda65fa1fa0>,86,21,[5 6],87,186,207,99,178
1,<environment.Job instance at 0x7fda65fa1230>,87,19,[2 7],88,204,223,116,194
1,<environment.Job instance at 0x7fda661663c0>,18,26,[12  3],19,207,233,188,204
1,<environment.Job instance at 0x7fda66166e10>,7,18,[8 3],8,233,251,225,229
1,<environment.Job instance at 0x7fda65adee10>,0,22,[ 1 14],1,251,273,250,244
1,<environment.Job instance at 0x7fda65fa8640>,0,15,[5 6],1,1,16,0,1
1,<environment.Job instance at 0x7fda65fa8c30>,1,21,[4 9],2,3,24,1,3
1,<environment.Job instance at 0x7fda65adee10>,2,14,[12  4],3,24,38,21,10
1,<environment.Job instance at 0x7fda66181e10>,9,20,[5 6],10,38,58,28,29
1,<environment.Job instance at 0x7fda661814b0>,17,20,[6 4],18,38,58,20,29
1,<environment.Job instance at 0x7fda66181e60>,20,17,[2 9],21,58,75,37,46
1,<environment.Job instance at 0x7fda6643d3c0>,27,13,[5 8],28,75,88,47,59
1,<environment.Job instance at 0x7fda6643d460>,28,18,[5 2],29,59,77,30,59
1,<environment.Job instance at 0x7fda6643da00>,35,14,[3 9],36,88,102,52,73
1,<environment.Job instance at 0x7fda6643db40>,37,17,[4 7],38,102,119,64,90
1,<environment.Job instance at 0x7fda6643dc80>,39,19,[5 8],40,102,121,62,92
1,<environment.Job instance at 0x7fda6643dfa0>,44,21,[5 8],45,121,142,76,113
1,<environment.Job instance at 0x7fda66440190>,48,16,[7 4],49,119,135,70,113
1,<environment.Job instance at 0x7fda66440a50>,68,16,[4 5],69,135,151,66,122
1,<environment.Job instance at 0x7fda664211e0>,70,17,[6 3],71,142,159,71,130
1,<environment.Job instance at 0x7fda66421320>,72,16,[9 3],73,151,167,78,138
1,<environment.Job instance at 0x7fda66421500>,74,22,[6 3],75,159,181,84,152
1,<environment.Job instance at 0x7fda664215a0>,76,17,[4 7],77,167,184,90,155
1,<environment.Job instance at 0x7fda664218c0>,81,16,[2 7],82,181,197,99,168
1,<environment.Job instance at 0x7fda66421a00>,83,21,[2 6],84,184,205,100,176
1,<environment.Job instance at 0x7fda6641feb0>,3,22,[6 2],4,452,474,448,452
1,<environment.Job instance at 0x7fda6641ff50>,11,12,[13  3],12,742,754,730,742
1,<environment.Job instance at 0x7fda661a0280>,0,18,[3 9],1,1,19,0,1
1,<environment.Job instance at 0x7fda663d9910>,2,23,[6 1],3,3,26,0,3
1,<environment.Job instance at 0x7fda661a0f50>,1,14,[ 3 13],2,19,33,17,4
1,<environment.Job instance at 0x7fda65f70730>,4,12,[5 1],5,5,17,0,5
1,<environment.Job instance at 0x7fda663f3550>,9,12,[ 1 13],10,33,45,23,16
1,<environment.Job instance at 0x7fda663f3f00>,7,14,[1 9],8,45,59,37,31
1,<environment.Job instance at 0x7fda6643c5a0>,10,26,[ 2 10],11,59,85,48,56
1,<environment.Job instance at 0x7fda6643cd70>,12,12,[1 6],13,85,97,72,68
1,<environment.Job instance at 0x7fda663dd280>,13,17,[5 5],14,68,85,54,68
1,<environment.Job instance at 0x7fda6643cbe0>,11,18,[10  5],12,85,103,73,82
1,<environment.Job instance at 0x7fda665c60a0>,16,19,[6 2],17,103,122,86,93
1,<environment.Job instance at 0x7fda657214b0>,19,14,[9 3],20,103,117,83,93
1,<environment.Job instance at 0x7fda665c63c0>,21,13,[7 2],22,117,130,95,101
1,<environment.Job instance at 0x7fda663fd5a0>,22,12,[5 2],23,122,134,99,105
1,<environment.Job instance at 0x7fda663fdeb0>,23,15,[3 9],24,122,137,98,110
1,<environment.Job instance at 0x7fda663fd960>,26,15,[6 2],27,130,145,103,116
1,<environment.Job instance at 0x7fda665f4b40>,30,16,[8 5],31,137,153,106,124
1,<environment.Job instance at 0x7fda665f4a00>,35,13,[8 4],36,153,166,117,137
1,<environment.Job instance at 0x7fda665f46e0>,38,19,[9 2],39,166,185,127,156
1,<environment.Job instance at 0x7fda665f42d0>,41,22,[5 2],42,156,178,114,156
1,<environment.Job instance at 0x7fda665c6230>,14,16,[ 3 12],15,178,194,163,165
1,<environment.Job instance at 0x7fda665f49b0>,43,20,[6 2],44,185,205,141,176
1,<environment.Job instance at 0x7fda665f4550>,45,15,[3 6],46,194,209,148,180
1,<environment.Job instance at 0x7fda665d41e0>,48,14,[6 1],49,185,199,136,180
1,<environment.Job instance at 0x7fda665d4e60>,51,18,[10  4],52,205,223,153,194
1,<environment.Job instance at 0x7fda665d4f00>,53,15,[7 2],54,223,238,169,209
1,<environment.Job instance at 0x7fda663d8460>,6,12,[4 8],7,211,223,204,211
1,<environment.Job instance at 0x7fda66400aa0>,65,15,[6 5],66,223,238,157,211
1,<environment.Job instance at 0x7fda6573fd20>,70,17,[10  3],71,238,255,167,226
1,<environment.Job instance at 0x7fda663df730>,82,15,[4 7],83,238,253,155,226
1,<environment.Job instance at 0x7fda663f3c80>,5,16,[13  3],6,258,274,252,258
1,<environment.Job instance at 0x7fda663f39b0>,8,26,[1 8],9,366,392,357,366
1,<environment.Job instance at 0x7fda666e15a0>,10,12,[9 5],11,11,23,0,11
1,<environment.Job instance at 0x7fda666e10a0>,12,12,[9 4],13,23,35,10,13
1,<environment.Job instance at 0x7fda666e1b40>,17,13,[3 7],18,18,31,0,18
1,<environment.Job instance at 0x7fda667224b0>,18,20,[6 2],19,31,51,12,22
1,<environment.Job instance at 0x7fda667227d0>,19,12,[10  2],20,51,63,31,35
1,<environment.Job instance at 0x7fda65729730>,0,27,[2 5],1,36,63,35,36
1,<environment.Job instance at 0x7fda66722820>,16,18,[10  3],17,63,81,46,52
1,<environment.Job instance at 0x7fda6539e460>,35,13,[5 7],36,63,76,27,52
1,<environment.Job instance at 0x7fda6539e730>,40,12,[1 8],41,76,88,35,59
1,<environment.Job instance at 0x7fda6539ed20>,41,14,[7 4],42,81,95,39,66
1,<environment.Job instance at 0x7fda6539eeb0>,43,15,[2 7],44,88,103,44,74
1,<environment.Job instance at 0x7fda6539e140>,44,16,[3 5],45,95,111,50,82
1,<environment.Job instance at 0x7fda6539e640>,49,15,[7 2],50,95,110,45,82
1,<environment.Job instance at 0x7fda6539e050>,50,16,[10  4],51,110,126,59,97
1,<environment.Job instance at 0x7fda6539e6e0>,52,17,[3 9],53,111,128,58,99
1,<environment.Job instance at 0x7fda666d0dc0>,58,17,[8 5],59,126,143,67,114
1,<environment.Job instance at 0x7fda6632ae60>,64,19,[5 2],65,128,147,63,118
1,<environment.Job instance at 0x7fda6632a230>,65,12,[3 7],66,143,155,77,126
1,<environment.Job instance at 0x7fda6632ac30>,66,13,[4 5],67,143,156,76,127
1,<environment.Job instance at 0x7fda6632aa00>,68,19,[5 5],69,155,174,86,145
1,<environment.Job instance at 0x7fda6632a280>,70,14,[9 2],71,156,170,85,145
1,<environment.Job instance at 0x7fda6632a410>,71,15,[3 7],72,170,185,98,156
1,<environment.Job instance at 0x7fda65043460>,74,18,[3 6],75,174,192,99,163
1,<environment.Job instance at 0x7fda65043e10>,75,20,[2 9],76,185,205,109,176
1,<environment.Job instance at 0x7fda650435a0>,76,15,[4 9],77,205,220,128,191
1,<environment.Job instance at 0x7fda65043af0>,77,15,[1 6],78,192,207,114,191
1,<environment.Job instance at 0x7fda65043eb0>,81,16,[5 1],82,207,223,125,194
1,<environment.Job instance at 0x7fda65043b90>,82,15,[9 3],83,220,235,137,206
1,<environment.Job instance at 0x7fda65041d20>,84,21,[2 7],85,223,244,138,215
1,<environment.Job instance at 0x7fda665ba370>,87,17,[7 1],88,235,252,147,223
1,<environment.Job instance at 0x7fda66722140>,21,17,[ 2 14],22,3491,3508,3469,3491
1,<environment.Job instance at 0x7fda666e11e0>,7,27,[9 5],8,4265,4292,4257,4265
1,<environment.Job instance at 0x7fda6625b870>,0,12,[5 8],1,1,13,0,1
1,<environment.Job instance at 0x7fda6625b050>,4,21,[10  1],5,5,26,0,5
1,<environment.Job instance at 0x7fda65063eb0>,17,12,[10  2],18,26,38,8,18
1,<environment.Job instance at 0x7fda6503b190>,19,16,[3 6],20,21,37,1,21
1,<environment.Job instance at 0x7fda666faf00>,20,15,[1 6],21,25,40,4,25
1,<environment.Job instance at 0x7fda66220870>,24,13,[7 5],25,38,51,13,25
1,<environment.Job instance at 0x7fda65dd03c0>,28,19,[3 5],29,40,59,11,31
1,<environment.Job instance at 0x7fda66153b40>,30,14,[4 6],31,51,65,20,36
1,<environment.Job instance at 0x7fda660d7dc0>,32,15,[9 2],33,59,74,26,45
1,<environment.Job instance at 0x7fda66164500>,25,13,[12  1],26,74,87,48,61
1,<environment.Job instance at 0x7fda65e370f0>,34,14,[ 2 11],35,65,79,30,64
1,<environment.Job instance at 0x7fda652529b0>,33,16,[8 4],34,87,103,53,74
1,<environment.Job instance at 0x7fda65afae10>,36,12,[ 2 10],37,79,91,42,74
1,<environment.Job instance at 0x7fda66797370>,41,17,[4 9],42,91,108,49,79
1,<environment.Job instance at 0x7fda6884a7d0>,43,13,[7 4],44,103,116,59,87
1,<environment.Job instance at 0x7fda66320cd0>,48,14,[4 9],49,108,122,59,93
1,<environment.Job instance at 0x7fda6edcfa00>,52,19,[9 4],53,116,135,63,106
1,<environment.Job instance at 0x7fda6edcfa50>,53,18,[4 7],54,122,140,68,111
1,<environment.Job instance at 0x7fda65cc9b40>,59,18,[10  5],60,135,153,75,125
1,<environment.Job instance at 0x7fda65cc93c0>,62,19,[5 7],63,140,159,77,130
1,<environment.Job instance at 0x7fda65cc9f00>,65,14,[3 5],66,153,167,87,138
1,<environment.Job instance at 0x7fda6f3ae5a0>,70,12,[3 5],71,159,171,88,143
1,<environment.Job instance at 0x7fda6f3ae0f0>,74,15,[ 1 10],75,167,182,92,153
1,<environment.Job instance at 0x7fda6f3ae190>,75,15,[7 1],76,171,186,95,157
1,<environment.Job instance at 0x7fda6f3ae0a0>,76,16,[8 4],77,182,198,105,169
1,<environment.Job instance at 0x7fda6f3aefa0>,77,17,[5 5],78,186,203,108,174
1,<environment.Job instance at 0x7fda6f3ae140>,82,18,[2 5],83,186,204,103,175
1,<environment.Job instance at 0x7fda6649e320>,84,15,[2 5],85,198,213,113,184
1,<environment.Job instance at 0x7fda6649e870>,85,15,[7 2],86,203,218,117,189
1,<environment.Job instance at 0x7fda6649e9b0>,86,19,[10  4],87,218,237,131,208
1,<environment.Job instance at 0x7fda6649ecd0>,88,24,[2 6],89,208,232,119,208
1,<environment.Job instance at 0x7fda6575b870>,16,23,[4 7],17,232,255,215,230
1,<environment.Job instance at 0x7fda6625b370>,1,20,[10  3],2,237,257,235,235
1,<environment.Job instance at 0x7fda6575b1e0>,14,22,[6 2],15,1971,1993,1956,1971
1,<environment.Job instance at 0x7fda64edfb40>,0,14,[2 9],1,1,15,0,1
1,<environment.Job instance at 0x7fda66414410>,8,19,[2 6],9,9,28,0,9
1,<environment.Job instance at 0x7fda66414960>,10,18,[1 7],11,15,33,4,11
1,<environment.Job instance at 0x7fda664144b0>,11,19,[4 6],12,28,47,16,18
1,<environment.Job instance at 0x7fda66414690>,13,17,[2 8],14,33,50,19,25
1,<environment.Job instance at 0x7fda66414af0>,17,15,[9 5],18,47,62,29,33
1,<environment.Job instance at 0x7fda664143c0>,18,14,[1 7],19,50,64,31,35
1,<environment.Job instance at 0x7fda651280f0>,38,17,[6 1],39,62,79,23,50
1,<environment.Job instance at 0x7fda65128370>,40,15,[8 2],41,62,77,21,51
1,<environment.Job instance at 0x7fda6624c050>,51,14,[6 5],52,77,91,25,62
1,<environment.Job instance at 0x7fda6624c6e0>,57,16,[8 2],58,79,95,21,67
1,<environment.Job instance at 0x7fda6624c4b0>,60,16,[6 3],61,91,107,30,78
1,<environment.Job instance at 0x7fda6624c910>,66,15,[8 2],67,95,110,28,81
1,<environment.Job instance at 0x7fda66414460>,6,26,[ 1 13],7,107,133,100,104
1,<environment.Job instance at 0x7fda6624c370>,68,24,[4 6],69,133,157,64,131
1,<environment.Job instance at 0x7fda64edfa50>,1,27,[2 5],2,133,160,131,131
1,<environment.Job instance at 0x7fda6624caf0>,69,23,[13  5],70,157,180,87,151
1,<environment.Job instance at 0x7fda6624c320>,71,22,[5 4],72,180,202,108,173
1,<environment.Job instance at 0x7fda6624c410>,72,19,[7 5],73,180,199,107,174
1,<environment.Job instance at 0x7fda6624cdc0>,73,17,[ 4 10],74,199,216,125,187
1,<environment.Job instance at 0x7fda65f075f0>,74,22,[14  1],75,216,238,141,209
1,<environment.Job instance at 0x7fda65f07280>,75,22,[13  1],76,238,260,162,231
1,<environment.Job instance at 0x7fda65f07140>,76,24,[5 7],77,260,284,183,255
1,<environment.Job instance at 0x7fda65f075a0>,81,21,[9 3],82,260,281,178,255
1,<environment.Job instance at 0x7fda65f07a50>,82,13,[14  3],83,284,297,201,268
1,<environment.Job instance at 0x7fda65f07730>,83,27,[2 5],84,297,324,213,295
1,<environment.Job instance at 0x7fda65f07320>,84,16,[3 6],85,297,313,212,295
1,<environment.Job instance at 0x7fda65f07050>,85,21,[11  2],86,313,334,227,305
1,<environment.Job instance at 0x7fda65f07e60>,86,26,[ 1 12],87,324,350,237,321
1,<environment.Job instance at 0x7fda65f07910>,87,25,[ 2 11],88,350,375,262,346
1,<environment.Job instance at 0x7fda65f07410>,88,13,[2 8],89,375,388,286,359
1,<environment.Job instance at 0x7fda66430550>,0,15,[5 8],1,1,16,0,1
1,<environment.Job instance at 0x7fda66430c30>,3,23,[10  3],4,4,27,0,4
1,<environment.Job instance at 0x7fda665474b0>,5,22,[4 9],6,16,38,10,9
1,<environment.Job instance at 0x7fda66547960>,7,15,[6 1],8,27,42,19,15
1,<environment.Job instance at 0x7fda66547f50>,8,14,[5 7],9,38,52,29,23
1,<environment.Job instance at 0x7fda66547050>,13,17,[10  4],14,46,63,32,46
1,<environment.Job instance at 0x7fda66547820>,14,21,[5 6],15,52,73,37,48
1,<environment.Job instance at 0x7fda65021230>,20,16,[8 1],21,63,79,42,52
1,<environment.Job instance at 0x7fda66547f00>,10,25,[ 1 14],11,73,98,62,69
1,<environment.Job instance at 0x7fda66547d20>,11,25,[7 1],12,79,104,67,79
1,<environment.Job instance at 0x7fda65021be0>,39,20,[3 9],40,98,118,58,89
1,<environment.Job instance at 0x7fda65f7ddc0>,47,14,[1 8],48,118,132,70,103
1,<environment.Job instance at 0x7fda6ede5d20>,54,21,[1 9],55,132,153,77,125
1,<environment.Job instance at 0x7fda65021870>,27,25,[ 1 14],28,153,178,125,149
1,<environment.Job instance at 0x7fda6ede5960>,58,12,[11  5],59,178,190,119,161
1,<environment.Job instance at 0x7fda6ede5c30>,59,12,[9 1],60,161,173,101,161
1,<environment.Job instance at 0x7fda65021c30>,40,25,[ 1 13],41,190,215,149,187
1,<environment.Job instance at 0x7fda65f07550>,1,17,[9 2],2,197,214,195,197
1,<environment.Job instance at 0x7fda6ede5690>,62,12,[ 5 13],63,215,227,152,198
1,<environment.Job instance at 0x7fda6ede5a00>,61,16,[ 2 14],62,227,243,165,214
1,<environment.Job instance at 0x7fda6ede5e60>,65,18,[12  1],66,227,245,161,216
1,<environment.Job instance at 0x7fda6ede5dc0>,68,18,[5 6],69,245,263,176,242
1,<environment.Job instance at 0x7fda6ede5b40>,66,27,[13  3],67,263,290,196,261
1,<environment.Job instance at 0x7fda6659fd20>,81,20,[5 8],82,290,310,208,281
1,<environment.Job instance at 0x7fda6ede5be0>,63,14,[1 7],64,281,295,217,281
1,<environment.Job instance at 0x7fda6659fa50>,82,21,[2 8],83,310,331,227,302
1,<environment.Job instance at 0x7fda655b3fa0>,88,28,[9 5],89,302,330,213,302
1,<environment.Job instance at 0x7fda665475f0>,9,15,[13  2],10,330,345,320,319
1,<environment.Job instance at 0x7fda6ede5230>,60,26,[5 7],61,366,392,305,366
1,<environment.Job instance at 0x7fda663ca460>,86,19,[2 8],87,370,389,283,370
1,<environment.Job instance at 0x7fda65333af0>,87,21,[3 8],88,389,410,301,381
1,<environment.Job instance at 0x7fda6edeb9b0>,0,12,[2 5],1,1,13,0,1
1,<environment.Job instance at 0x7fda65637410>,1,13,[9 3],2,2,15,0,2
1,<environment.Job instance at 0x7fda65629b40>,4,14,[8 5],5,15,29,10,5
1,<environment.Job instance at 0x7fda64fb3050>,2,23,[5 2],3,13,36,10,7
1,<environment.Job instance at 0x7fda663ca820>,7,13,[5 9],8,29,42,21,13
1,<environment.Job instance at 0x7fda64fadf50>,10,13,[5 1],11,29,42,18,13
1,<environment.Job instance at 0x7fda64fc50a0>,12,16,[13  2],13,42,58,29,31
1,<environment.Job instance at 0x7fda660d2780>,15,18,[1 8],16,42,60,26,32
1,<environment.Job instance at 0x7fda658275f0>,23,18,[6 3],24,58,76,34,47
1,<environment.Job instance at 0x7fda6f2d6d70>,28,17,[5 5],29,60,77,31,55
1,<environment.Job instance at 0x7fda64fc56e0>,13,14,[12  1],14,77,91,63,62
1,<environment.Job instance at 0x7fda6581eb90>,32,17,[5 1],33,91,108,58,79
1,<environment.Job instance at 0x7fda655042d0>,11,27,[14  2],12,108,135,96,106
1,<environment.Job instance at 0x7fda651541e0>,37,14,[3 8],38,135,149,97,120
1,<environment.Job instance at 0x7fda667c0b90>,43,17,[5 7],44,135,152,91,123
1,<environment.Job instance at 0x7fda667cbfa0>,86,17,[7 5],87,149,166,62,137
1,<environment.Job instance at 0x7fda64f0d820>,87,14,[10  5],88,166,180,78,151
1,<environment.Job instance at 0x7fda6512ef00>,33,27,[5 6],34,153,180,119,153
1,<environment.Job instance at 0x7fda65154190>,38,22,[9 2],39,2104,2126,2065,2104
1,<environment.Job instance at 0x7fc403bc4230>,0,13,[9 3],1,1,14,0,1
1,<environment.Job instance at 0x7fc403bc4320>,2,22,[4 8],3,3,25,0,3
1,<environment.Job instance at 0x7fc3fa5d8c80>,6,20,[6 1],7,14,34,7,8
1,<environment.Job instance at 0x7fc3fa5db280>,14,13,[7 3],15,25,38,10,17
1,<environment.Job instance at 0x7fc3fa5db870>,23,18,[2 7],24,25,43,1,24
1,<environment.Job instance at 0x7fc3fa5d8af0>,7,25,[6 2],8,34,59,26,32
1,<environment.Job instance at 0x7fc3fa5dbf00>,33,16,[2 8],34,43,59,9,35
1,<environment.Job instance at 0x7fc3fa5df230>,35,15,[9 5],36,59,74,23,45
1,<environment.Job instance at 0x7fc3fa5df550>,40,15,[10  3],41,74,89,33,60
1,<environment.Job instance at 0x7fc3fa5df690>,42,20,[9 4],43,89,109,46,80
1,<environment.Job instance at 0x7fc3fa5df910>,45,13,[6 5],46,89,102,43,81
1,<environment.Job instance at 0x7fc3fa5df5a0>,47,20,[6 5],48,102,122,54,94
1,<environment.Job instance at 0x7fc3fa5dfc30>,51,20,[5 3],52,109,129,57,105
1,<environment.Job instance at 0x7fc3fa5d8e10>,8,22,[14  3],9,129,151,120,122
1,<environment.Job instance at 0x7fc3fa5dfe60>,54,13,[13  1],55,151,164,96,135
1,<environment.Job instance at 0x7fc3fa5dfd70>,53,17,[5 7],54,164,181,110,152
1,<environment.Job instance at 0x7fc3fa5dffa0>,56,12,[3 6],57,164,176,107,152
1,<environment.Job instance at 0x7fc3fa5dff50>,58,14,[2 7],59,176,190,117,161
1,<environment.Job instance at 0x7fc3fa5e11e0>,59,17,[1 6],60,181,198,121,169
1,<environment.Job instance at 0x7fc3fa5e1370>,62,18,[5 3],63,190,208,127,179
1,<environment.Job instance at 0x7fc3fa5e1550>,64,19,[3 8],65,198,217,133,189
1,<environment.Job instance at 0x7fc3fa5e15f0>,65,20,[2 6],66,208,228,142,199
1,<environment.Job instance at 0x7fc3fa5e1690>,66,21,[7 4],67,217,238,150,209
1,<environment.Job instance at 0x7fc3fa5e1cd0>,76,19,[4 8],77,228,247,151,221
1,<environment.Job instance at 0x7fc3fa5e1be0>,77,13,[8 5],78,238,251,160,222
1,<environment.Job instance at 0x7fc3fa5e1dc0>,78,12,[10  2],79,251,263,172,234
1,<environment.Job instance at 0x7fc3fa5e1eb0>,79,13,[9 4],80,263,276,183,247
1,<environment.Job instance at 0x7fc3fa5e1e60>,80,14,[2 6],81,247,261,166,247
1,<environment.Job instance at 0x7fc3fa5e4140>,81,15,[5 9],82,261,276,179,248
1,<environment.Job instance at 0x7fc3fa5e1c80>,82,16,[ 4 10],83,276,292,193,264
1,<environment.Job instance at 0x7fc3fa5e43c0>,89,16,[7 1],90,276,292,186,264
1,<environment.Job instance at 0x7fc3fa5e4690>,91,20,[8 2],92,292,312,200,285
1,<environment.Job instance at 0x7fc3fa5dfeb0>,55,20,[ 3 13],56,292,312,236,286
1,<environment.Job instance at 0x7fc3fa5e4960>,95,15,[5 7],96,312,327,216,298
1,<environment.Job instance at 0x7fc3fa5e4c80>,98,17,[5 5],99,312,329,213,300
1,<environment.Job instance at 0x7fc3fa5e48c0>,93,16,[ 2 11],94,329,345,235,319
1,<environment.Job instance at 0x7fc403bc41e0>,1,22,[11  3],2,337,359,335,337
1,<environment.Job instance at 0x7fc3fa5d8be0>,4,21,[1 6],5,2555,2576,2550,2555
1,<environment.Job instance at 0x7fc3f9d1e3c0>,1,18,[ 1 10],2,2,20,0,2
1,<environment.Job instance at 0x7fc3f9d1e910>,4,12,[4 6],5,20,32,15,5
1,<environment.Job instance at 0x7fc3f9d1ea00>,5,12,[14  5],6,6,18,0,6
1,<environment.Job instance at 0x7fc3f9d1ef00>,9,14,[10  4],10,18,32,8,10
1,<environment.Job instance at 0x7fc3f9d1baf0>,12,27,[12  2],13,32,59,19,30
1,<environment.Job instance at 0x7fc3f9d1e320>,0,18,[2 7],1,32,50,31,30
1,<environment.Job instance at 0x7fc3f9d1b0a0>,13,15,[12  1],14,59,74,45,45
1,<environment.Job instance at 0x7fc3f9d1bd70>,8,21,[ 1 10],9,53,74,44,53
1,<environment.Job instance at 0x7fc3f9d1b4b0>,14,14,[ 2 11],15,74,88,59,59
1,<environment.Job instance at 0x7fc3f9d1b5f0>,16,21,[ 1 12],17,88,109,71,80
1,<environment.Job instance at 0x7fc3f9d1b320>,15,16,[7 5],16,109,125,93,96
1,<environment.Job instance at 0x7fc3f9f6dfa0>,20,19,[13  1],21,125,144,104,115
1,<environment.Job instance at 0x7fc3f9fcecd0>,21,13,[7 4],22,144,157,122,128
1,<environment.Job instance at 0x7fc3f9d1b7d0>,10,21,[6 5],11,147,168,136,147
1,<environment.Job instance at 0x7fc3f9d150f0>,22,22,[14  4],23,168,190,145,161
1,<environment.Job instance at 0x7fc3f9e014b0>,24,19,[ 3 12],25,190,209,165,180
1,<environment.Job instance at 0x7fc3f9e46c80>,19,17,[ 3 10],20,209,226,189,198
1,<environment.Job instance at 0x7fc3f9e01050>,28,15,[8 3],29,198,213,169,198
1,<environment.Job instance at 0x7fc3f9f49410>,30,18,[6 1],31,213,231,182,208
1,<environment.Job instance at 0x7fc3f9e01410>,31,25,[6 1],32,213,238,181,209
1,<environment.Job instance at 0x7fc3f9e01190>,29,17,[8 1],30,231,248,201,219
1,<environment.Job instance at 0x7fc3f9dfdc80>,34,16,[4 7],35,238,254,203,230
1,<environment.Job instance at 0x7fc3f9dfd050>,40,13,[7 4],41,248,261,207,232
1,<environment.Job instance at 0x7fc3f9f49dc0>,32,28,[6 2],33,254,282,221,253
1,<environment.Job instance at 0x7fc3f9d1bc30>,11,26,[ 5 12],12,261,287,249,258
1,<environment.Job instance at 0x7fc3f9e2e910>,43,20,[ 4 10],44,287,307,243,281
1,<environment.Job instance at 0x7fc403dd0320>,49,15,[10  4],50,287,302,237,281
1,<environment.Job instance at 0x7fc3f9b99aa0>,50,14,[1 8],51,307,321,256,292
1,<environment.Job instance at 0x7fc3f9bf3730>,56,14,[9 5],57,302,316,245,292
1,<environment.Job instance at 0x7fc3f9cbb960>,59,15,[1 7],60,316,331,256,302
1,<environment.Job instance at 0x7fc3f9bee6e0>,62,13,[3 8],63,321,334,258,305
1,<environment.Job instance at 0x7fc3f9d1b3c0>,63,13,[3 5],64,331,344,267,315
1,<environment.Job instance at 0x7fc3f9d1e690>,66,20,[1 5],67,334,354,267,325
1,<environment.Job instance at 0x7fc3f9bdf6e0>,67,22,[3 7],68,344,366,276,337
1,<environment.Job instance at 0x7fc3f9c0ab90>,77,17,[8 2],78,337,354,259,337
1,<environment.Job instance at 0x7fc3f9d1db90>,79,16,[5 8],80,354,370,274,341
1,<environment.Job instance at 0x7fc3f9d1dc30>,80,13,[8 5],81,366,379,285,350
1,<environment.Job instance at 0x7fc3f9d1d780>,81,14,[2 9],82,370,384,288,355
1,<environment.Job instance at 0x7fc3f9b6f960>,84,20,[5 2],85,379,399,294,370
1,<environment.Job instance at 0x7fc3f9b6faa0>,92,12,[1 7],93,384,396,291,370
1,<environment.Job instance at 0x7fc3f9b700a0>,98,12,[10  5],99,396,408,297,379
1,<environment.Job instance at 0x7fc3f9d1b1e0>,17,19,[11  2],18,408,427,390,398
1,<environment.Job instance at 0x7fc3f9be51e0>,0,14,[2 7],1,1,15,0,1
1,<environment.Job instance at 0x7fc3f9be5960>,1,14,[13  5],2,3,17,1,3
1,<environment.Job instance at 0x7fc403d30870>,5,16,[2 8],6,15,31,9,6
1,<environment.Job instance at 0x7fc403d30be0>,3,14,[12  2],4,17,31,13,6
1,<environment.Job instance at 0x7fc403dad500>,12,13,[9 4],13,31,44,18,15
1,<environment.Job instance at 0x7fc403dad550>,14,17,[3 8],15,31,48,16,19
1,<environment.Job instance at 0x7fc3f9b77690>,20,14,[6 1],21,44,58,23,29
1,<environment.Job instance at 0x7fc3f9b77af0>,22,16,[3 8],23,48,64,25,35
1,<environment.Job instance at 0x7fc3f9b774b0>,26,13,[6 3],27,44,57,17,35
1,<environment.Job instance at 0x7fc3f9b77d20>,27,13,[7 4],28,58,71,30,42
1,<environment.Job instance at 0x7fc3f9b772d0>,29,20,[1 7],30,64,84,34,55
1,<environment.Job instance at 0x7fc403c0f690>,37,16,[2 8],38,71,87,33,58
1,<environment.Job instance at 0x7fc3f9bee910>,44,16,[7 4],45,84,100,39,71
1,<environment.Job instance at 0x7fc3f9beedc0>,52,14,[5 5],53,87,101,34,72
1,<environment.Job instance at 0x7fc403daadc0>,55,19,[9 4],56,100,119,44,90
1,<environment.Job instance at 0x7fc403dab780>,60,14,[2 7],61,101,115,40,90
1,<environment.Job instance at 0x7fc403dabd70>,61,15,[4 8],62,115,130,53,101
1,<environment.Job instance at 0x7fc403dabf50>,66,15,[3 6],67,119,134,52,105
1,<environment.Job instance at 0x7fc403c19500>,68,16,[2 6],69,130,146,61,117
1,<environment.Job instance at 0x7fc3f9bf3500>,70,19,[5 5],71,134,153,63,124
1,<environment.Job instance at 0x7fc3f9bf3f50>,72,20,[8 5],73,146,166,73,137
1,<environment.Job instance at 0x7fc3f9bf3230>,75,13,[4 8],76,153,166,77,137
1,<environment.Job instance at 0x7fc3f9c5b640>,93,17,[4 6],94,166,183,72,154
1,<environment.Job instance at 0x7fc3f9c5bd70>,98,15,[8 2],99,166,181,67,154
1,<environment.Job instance at 0x7fc3fa1602d0>,1,20,[11  1],2,2,22,0,2
1,<environment.Job instance at 0x7fc3fa160e60>,5,13,[ 1 13],6,7,20,1,7
1,<environment.Job instance at 0x7fc3fa160780>,8,16,[11  1],9,22,38,13,9
1,<environment.Job instance at 0x7fc3fa160910>,9,14,[14  2],10,38,52,28,23
1,<environment.Job instance at 0x7fc3fa160f00>,6,26,[ 1 13],7,25,51,18,25
1,<environment.Job instance at 0x7fc3fa0cf690>,21,15,[5 5],22,52,67,30,38
1,<environment.Job instance at 0x7fc3fa0cfc30>,23,13,[4 8],24,52,65,28,38
1,<environment.Job instance at 0x7fc3fa0cf550>,24,20,[6 1],25,52,72,27,50
1,<environment.Job instance at 0x7fc3fa160140>,11,15,[ 2 11],12,67,82,55,53
1,<environment.Job instance at 0x7fc3fa0cf5a0>,28,18,[ 2 14],29,82,100,53,74
1,<environment.Job instance at 0x7fc3fa0cf140>,29,24,[11  1],30,74,98,44,74
1,<environment.Job instance at 0x7fc3fa0cf370>,30,25,[7 1],31,98,123,67,94
1,<environment.Job instance at 0x7fc3fa160aa0>,10,22,[5 9],11,100,122,89,94
1,<environment.Job instance at 0x7fc3fa0cfa50>,32,23,[10  2],33,123,146,90,117
1,<environment.Job instance at 0x7fc3fa0cf6e0>,33,15,[ 1 11],34,122,137,88,117
1,<environment.Job instance at 0x7fc3f9b83500>,34,16,[ 5 12],35,137,153,102,124
1,<environment.Job instance at 0x7fc3fa160b90>,2,17,[9 4],3,153,170,150,144
1,<environment.Job instance at 0x7fc403d32140>,36,23,[ 2 11],37,153,176,116,147
1,<environment.Job instance at 0x7fc3f9b83640>,37,13,[ 4 12],38,176,189,138,160
1,<environment.Job instance at 0x7fc3fa160cd0>,0,25,[6 3],1,170,195,169,166
1,<environment.Job instance at 0x7fc403d35320>,38,15,[13  1],39,195,210,156,185
1,<environment.Job instance at 0x7fc3f9b6d7d0>,47,16,[5 4],48,210,226,162,197
1,<environment.Job instance at 0x7fc3f9b6deb0>,48,14,[8 3],49,210,224,161,197
1,<environment.Job instance at 0x7fc3f9b6daa0>,50,12,[14  1],51,226,238,175,209
1,<environment.Job instance at 0x7fc3fa0cf460>,31,24,[12  5],32,238,262,206,234
1,<environment.Job instance at 0x7fc3f9b6d640>,52,18,[3 6],53,240,258,187,240
1,<environment.Job instance at 0x7fc3f9b6da50>,54,15,[5 5],55,262,277,207,250
1,<environment.Job instance at 0x7fc3f9b6d410>,55,12,[11  5],56,277,289,221,261
1,<environment.Job instance at 0x7fc3f9b6dbe0>,56,16,[3 9],57,261,277,204,261
1,<environment.Job instance at 0x7fc3f9b83190>,35,27,[ 4 14],36,289,316,253,287
1,<environment.Job instance at 0x7fc3f9b6d370>,58,12,[ 5 10],59,316,328,257,299
1,<environment.Job instance at 0x7fc3fa15daf0>,46,20,[5 7],47,328,348,281,319
1,<environment.Job instance at 0x7fc3f9b6d6e0>,61,21,[4 8],62,332,353,270,332
1,<environment.Job instance at 0x7fc3fa08a6e0>,64,18,[8 3],65,348,366,283,337
1,<environment.Job instance at 0x7fc3fa08a7d0>,65,14,[8 5],66,366,380,300,351
1,<environment.Job instance at 0x7fc3fa08af00>,67,16,[5 8],68,353,369,285,351
1,<environment.Job instance at 0x7fc3fa08a8c0>,68,13,[1 7],69,369,382,300,353
1,<environment.Job instance at 0x7fc3fa24a3c0>,75,13,[5 5],76,380,393,304,364
1,<environment.Job instance at 0x7fc3fa24acd0>,78,14,[7 5],79,382,396,303,367
1,<environment.Job instance at 0x7fc3fa24ad70>,85,15,[8 5],86,393,408,307,379
1,<environment.Job instance at 0x7fc3fa24a9b0>,91,22,[5 9],92,396,418,304,395
1,<environment.Job instance at 0x7fc3fa24ab40>,92,12,[7 2],93,408,420,315,395
1,<environment.Job instance at 0x7fc3f9b6d550>,59,17,[13  5],60,420,437,360,409
1,<environment.Job instance at 0x7fc3f9d43a00>,94,20,[3 8],95,437,457,342,429
1,<environment.Job instance at 0x7fc3f9d43c30>,98,17,[4 8],99,457,474,358,446
1,<environment.Job instance at 0x7fc3fa15db40>,43,19,[13  4],44,474,493,430,468
1,<environment.Job instance at 0x7fc3f9d43aa0>,95,26,[ 3 12],96,1936,1962,1840,1936
1,<environment.Job instance at 0x7fc3fa6ad550>,0,22,[ 5 12],1,1,23,0,1
1,<environment.Job instance at 0x7fc3faa094b0>,5,14,[ 2 10],6,23,37,17,8
1,<environment.Job instance at 0x7fc3faa41050>,9,14,[ 5 10],10,37,51,27,22
1,<environment.Job instance at 0x7fc3faa096e0>,10,16,[5 9],11,51,67,40,38
1,<environment.Job instance at 0x7fc3fa6ad640>,1,13,[4 9],2,67,80,65,51
1,<environment.Job instance at 0x7fc3faa0b4b0>,15,15,[8 4],16,51,66,35,51
1,<environment.Job instance at 0x7fc3faa0bf50>,17,14,[6 4],18,66,80,48,51
1,<environment.Job instance at 0x7fc3faa2a550>,32,15,[5 8],33,80,95,47,66
1,<environment.Job instance at 0x7fc3faa2a870>,34,20,[10  4],35,80,100,45,74
1,<environment.Job instance at 0x7fc3f9f378c0>,35,16,[6 3],36,100,116,64,87
1,<environment.Job instance at 0x7fc3f9f4ffa0>,36,14,[5 7],37,95,109,58,87
1,<environment.Job instance at 0x7fc3f9f68140>,37,18,[4 7],38,109,127,71,98
1,<environment.Job instance at 0x7fc3f9f67050>,46,16,[2 9],47,127,143,80,115
1,<environment.Job instance at 0x7fc3f9f587d0>,47,14,[5 6],48,116,130,68,115
1,<environment.Job instance at 0x7fc3f9fa7190>,50,17,[8 1],51,130,147,79,118
1,<environment.Job instance at 0x7fc3f9f50d70>,58,12,[8 5],59,147,159,88,130
1,<environment.Job instance at 0x7fc3f9f50f00>,59,21,[9 2],60,159,180,99,151
1,<environment.Job instance at 0x7fc3f9f50780>,63,16,[6 3],64,151,167,87,151
1,<environment.Job instance at 0x7fc3f9f33690>,69,19,[7 4],70,180,199,110,170
1,<environment.Job instance at 0x7fc3f9f33aa0>,73,22,[1 6],74,170,192,96,170
1,<environment.Job instance at 0x7fc3fb0eb910>,82,16,[10  3],83,199,215,116,186
1,<environment.Job instance at 0x7fc3fb0ebaf0>,85,13,[6 4],86,186,199,100,186
1,<environment.Job instance at 0x7fc3fb0ebb90>,86,14,[10  3],87,215,229,128,200
1,<environment.Job instance at 0x7fc3fb0ebeb0>,88,19,[1 5],89,200,219,111,200
1,<environment.Job instance at 0x7fc3fb0ebf00>,89,18,[2 9],90,219,237,129,209
1,<environment.Job instance at 0x7fc3fb0ebfa0>,90,18,[10  4],91,229,247,138,218
1,<environment.Job instance at 0x7fc3fb0ebdc0>,91,13,[6 5],92,247,260,155,231
1,<environment.Job instance at 0x7fc3faa35190>,93,14,[4 5],94,237,251,143,231
1,<environment.Job instance at 0x7fc3faa35460>,97,15,[9 5],98,251,266,153,237
1,<environment.Job instance at 0x7fc3faa095a0>,6,17,[14  5],7,266,283,259,255
1,<environment.Job instance at 0x7fc3fa3b5190>,0,15,[5 1],1,1,16,0,1
1,<environment.Job instance at 0x7fc3faa09d20>,1,18,[5 9],2,2,20,0,2
1,<environment.Job instance at 0x7fc3fa3b5fa0>,6,14,[5 9],7,20,34,13,7
1,<environment.Job instance at 0x7fc3fa3b5aa0>,8,12,[2 5],9,9,21,0,9
1,<environment.Job instance at 0x7fc3fa3b5dc0>,9,16,[6 5],10,21,37,11,10
1,<environment.Job instance at 0x7fc3fa3d50a0>,14,27,[11  3],15,37,64,22,35
1,<environment.Job instance at 0x7fc3fa3d51e0>,15,26,[2 6],16,35,61,19,35
1,<environment.Job instance at 0x7fc3fa3b5320>,2,12,[12  4],3,64,76,61,49
1,<environment.Job instance at 0x7fc3fa3e6640>,16,18,[7 5],17,76,94,59,65
1,<environment.Job instance at 0x7fc3fa3b5910>,7,19,[11  1],8,94,113,86,88
1,<environment.Job instance at 0x7fc3fa3e6b90>,19,22,[3 8],20,88,110,68,88
1,<environment.Job instance at 0x7fc3fa3e66e0>,20,19,[4 9],21,110,129,89,100
1,<environment.Job instance at 0x7fc3fa3e6140>,21,12,[10  2],22,113,125,91,100
1,<environment.Job instance at 0x7fc3fa3e6280>,18,25,[14  2],19,129,154,110,125
1,<environment.Job instance at 0x7fc3fa3e6550>,24,19,[9 4],25,154,173,129,144
1,<environment.Job instance at 0x7fc3fa3fb780>,31,16,[7 3],32,173,189,141,160
1,<environment.Job instance at 0x7fc3fa3fbbe0>,33,15,[ 3 10],34,169,184,135,169
1,<environment.Job instance at 0x7fc3fa55af00>,41,15,[6 3],42,184,199,142,170
1,<environment.Job instance at 0x7fc3fa55a730>,43,18,[7 5],44,189,207,145,178
1,<environment.Job instance at 0x7fc3fa55af50>,46,17,[10  3],47,207,224,160,195
1,<environment.Job instance at 0x7fc3fa55a0a0>,49,17,[5 9],50,199,216,149,199
1,<environment.Job instance at 0x7fc3fafe1690>,60,20,[2 9],61,216,236,155,207
1,<environment.Job instance at 0x7fc3fafe1c80>,63,14,[1 5],64,224,238,160,209
1,<environment.Job instance at 0x7fc3fafe1b90>,65,18,[1 7],66,236,254,170,226
1,<environment.Job instance at 0x7fc3fafe1b40>,68,15,[1 6],69,238,253,169,226
1,<environment.Job instance at 0x7fc3fa3e6960>,26,18,[6 4],27,253,271,226,242
1,<environment.Job instance at 0x7fc3fafe1140>,72,12,[14  4],73,271,283,198,254
1,<environment.Job instance at 0x7fc3fafe1cd0>,73,15,[7 4],74,254,269,180,254
1,<environment.Job instance at 0x7fc3fafe1910>,74,25,[13  4],75,283,308,208,279
1,<environment.Job instance at 0x7fc3fafe1320>,75,13,[1 7],76,279,292,203,279
1,<environment.Job instance at 0x7fc3fafe1730>,76,13,[12  2],77,308,321,231,292
1,<environment.Job instance at 0x7fc3fafe11e0>,71,20,[10  5],72,321,341,249,312
1,<environment.Job instance at 0x7fc3faff0aa0>,82,13,[5 5],83,321,334,238,312
1,<environment.Job instance at 0x7fc3faff0820>,86,14,[6 4],87,341,355,254,326
1,<environment.Job instance at 0x7fc3faff0960>,94,20,[3 8],95,336,356,241,336
1,<environment.Job instance at 0x7fc3faff0780>,95,17,[2 9],96,356,373,260,344
1,<environment.Job instance at 0x7fc3fafe12d0>,77,22,[13  4],78,356,378,278,353
1,<environment.Job instance at 0x7fc3fa422140>,97,13,[6 2],98,378,391,280,362
1,<environment.Job instance at 0x7fc3faff0c80>,96,14,[ 4 10],97,378,392,281,363
1,<environment.Job instance at 0x7fc3fa3e6820>,17,18,[5 9],18,395,413,377,395
1,<environment.Job instance at 0x7fc3fa3b5b40>,12,19,[ 5 14],13,469,488,456,469
1,<environment.Job instance at 0x7fc3f9d1bd70>,1,18,[6 1],2,2,20,0,2
1,<environment.Job instance at 0x7fc3fa3fbaf0>,2,19,[1 7],3,3,22,0,3
1,<environment.Job instance at 0x7fc3f9d27780>,8,17,[7 1],9,9,26,0,9
1,<environment.Job instance at 0x7fc3f9cf2960>,10,14,[12  4],11,26,40,15,11
1,<environment.Job instance at 0x7fc3f9cf2d70>,17,16,[ 4 10],18,40,56,22,27
1,<environment.Job instance at 0x7fc3fa284690>,19,17,[5 5],20,40,57,20,28
1,<environment.Job instance at 0x7fc3f9d0a550>,21,15,[9 4],22,56,71,34,42
1,<environment.Job instance at 0x7fc3f9d0a460>,23,13,[1 5],24,56,69,32,42
1,<environment.Job instance at 0x7fc3fa3d42d0>,27,20,[7 1],28,71,91,43,62
1,<environment.Job instance at 0x7fc3fa521b40>,29,16,[4 9],30,69,85,39,62
1,<environment.Job instance at 0x7fc3fa002f00>,30,18,[ 2 10],31,85,103,54,74
1,<environment.Job instance at 0x7fc3fa582aa0>,33,14,[6 5],34,91,105,57,76
1,<environment.Job instance at 0x7fc3fa002fa0>,35,15,[10  3],36,105,120,69,91
1,<environment.Job instance at 0x7fc3f9d13690>,38,13,[9 4],39,120,133,81,104
1,<environment.Job instance at 0x7fc3fa5a07d0>,41,15,[4 5],42,104,119,62,104
1,<environment.Job instance at 0x7fc3fa5948c0>,43,21,[1 6],44,105,126,61,104
1,<environment.Job instance at 0x7fc3fa3e5a00>,46,16,[4 5],47,119,135,72,107
1,<environment.Job instance at 0x7fc3fa5a8280>,49,16,[ 5 10],50,133,149,83,120
1,<environment.Job instance at 0x7fc3fa5a8690>,50,18,[7 3],51,135,153,84,125
1,<environment.Job instance at 0x7fc3fa519960>,51,16,[9 2],52,153,169,101,140
1,<environment.Job instance at 0x7fc3fa5a2a50>,54,21,[6 5],55,149,170,94,141
1,<environment.Job instance at 0x7fc3fa5a2aa0>,56,20,[3 6],57,169,189,112,160
1,<environment.Job instance at 0x7fc3fa5a2640>,57,13,[9 4],58,170,183,112,160
1,<environment.Job instance at 0x7fc3f9cf2b40>,14,20,[10  4],15,183,203,168,174
1,<environment.Job instance at 0x7fc3fa5a2dc0>,59,15,[7 3],60,203,218,143,189
1,<environment.Job instance at 0x7fc3fa5a2910>,58,19,[ 5 10],59,189,208,130,189
1,<environment.Job instance at 0x7fc3fa5a2d70>,61,17,[4 5],62,208,225,146,196
1,<environment.Job instance at 0x7fc3fa5a2be0>,63,15,[4 9],64,218,233,154,204
1,<environment.Job instance at 0x7fc3fa572550>,68,17,[5 2],69,225,242,156,213
1,<environment.Job instance at 0x7fc3fa572690>,69,18,[1 9],70,233,251,163,222
1,<environment.Job instance at 0x7fc3fa572460>,70,15,[6 3],71,225,240,154,222
1,<environment.Job instance at 0x7fc3fa59b280>,71,15,[3 9],72,251,266,179,237
1,<environment.Job instance at 0x7fc3fa586cd0>,72,21,[9 5],73,242,263,169,237
1,<environment.Job instance at 0x7fc3f9f99460>,76,14,[7 2],77,263,277,186,248
1,<environment.Job instance at 0x7fc3f9f996e0>,81,13,[7 1],82,266,279,184,259
1,<environment.Job instance at 0x7fc3f9f99780>,82,14,[3 6],83,277,291,194,262
1,<environment.Job instance at 0x7fc3f9f998c0>,84,19,[6 1],85,279,298,194,269
1,<environment.Job instance at 0x7fc3f9f99a00>,86,16,[5 8],87,277,293,190,269
1,<environment.Job instance at 0x7fc3f9f99e10>,91,14,[6 1],92,293,307,201,278
1,<environment.Job instance at 0x7fc3f9f99dc0>,92,20,[6 3],93,298,318,205,289
1,<environment.Job instance at 0x7fc3f9f99b90>,93,17,[10  4],94,318,335,224,306
1,<environment.Job instance at 0x7fc3f9f99eb0>,94,14,[3 9],95,306,320,211,306
1,<environment.Job instance at 0x7fc3f9f99fa0>,97,18,[10  3],98,335,353,237,324
1,<environment.Job instance at 0x7fc3fa5a2c80>,60,17,[4 7],61,324,341,263,324
1,<environment.Job instance at 0x7fc3f9cf2b90>,12,21,[6 4],13,353,374,340,345
1,<environment.Job instance at 0x7fc3faa12960>,0,18,[14  3],1,374,392,373,363
1,<environment.Job instance at 0x7fc3f9c0dbe0>,1,20,[5 6],2,3,23,1,3
1,<environment.Job instance at 0x7fc3fa3a2b40>,5,16,[10  2],6,6,22,0,6
1,<environment.Job instance at 0x7fc3fa1e96e0>,7,12,[ 5 12],8,23,35,15,8
1,<environment.Job instance at 0x7fc3fa3a2f50>,9,13,[8 2],10,22,35,12,12
1,<environment.Job instance at 0x7fc3fa1e9af0>,12,15,[9 3],13,35,50,22,21
1,<environment.Job instance at 0x7fc3fa1e9dc0>,13,16,[6 3],14,35,51,21,22
1,<environment.Job instance at 0x7fc3fa1e9b40>,16,18,[10  2],17,51,69,34,40
1,<environment.Job instance at 0x7fc3fa1e92d0>,8,17,[5 5],9,50,67,41,44
1,<environment.Job instance at 0x7fc3fa1e97d0>,17,20,[7 5],18,69,89,51,60
1,<environment.Job instance at 0x7fc3fa1e9050>,20,21,[5 2],21,67,88,46,60
1,<environment.Job instance at 0x7fc3fa1e95f0>,25,12,[3 6],26,69,81,43,60
1,<environment.Job instance at 0x7fc3fa71f550>,27,13,[7 4],28,88,101,60,72
1,<environment.Job instance at 0x7fc3fa71fcd0>,30,15,[5 2],31,89,104,58,75
1,<environment.Job instance at 0x7fc3fa71f960>,37,14,[2 6],38,89,103,51,79
1,<environment.Job instance at 0x7fc3fa207c30>,50,18,[1 5],51,101,119,50,90
1,<environment.Job instance at 0x7fc3fa207780>,58,21,[2 6],59,103,124,44,95
1,<environment.Job instance at 0x7fc3fa1e9320>,10,19,[8 4],11,104,123,93,97
1,<environment.Job instance at 0x7fc3fa207910>,59,22,[5 7],60,123,145,63,116
1,<environment.Job instance at 0x7fc3fa207fa0>,62,12,[8 4],63,124,136,61,116
1,<environment.Job instance at 0x7fc3fa207aa0>,64,13,[5 4],65,136,149,71,120
1,<environment.Job instance at 0x7fc3fa207d20>,65,14,[8 5],66,145,159,79,130
1,<environment.Job instance at 0x7fc3fa207be0>,68,15,[7 2],69,149,164,80,135
1,<environment.Job instance at 0x7fc3fa2ac050>,71,16,[4 6],72,159,175,87,146
1,<environment.Job instance at 0x7fc3fa2acbe0>,78,13,[5 3],79,164,177,85,148
1,<environment.Job instance at 0x7fc3fa2ac960>,79,16,[ 3 10],80,175,191,95,162
1,<environment.Job instance at 0x7fc3fa2ac190>,81,16,[5 1],82,164,180,82,162
1,<environment.Job instance at 0x7fc3fa2ac410>,84,18,[2 8],85,191,209,106,180
1,<environment.Job instance at 0x7fc3faa12af0>,86,19,[11  5],87,180,199,93,180
1,<environment.Job instance at 0x7fc3faa12fa0>,89,17,[1 6],90,199,216,109,190
1,<environment.Job instance at 0x7fc3faa12b40>,90,21,[1 8],91,209,230,118,201
1,<environment.Job instance at 0x7fc3faa12f50>,98,25,[1 5],99,216,241,117,212
1,<environment.Job instance at 0x7fc3fa3a2500>,0,27,[ 3 14],1,241,268,240,239
1,<environment.Job instance at 0x7fc3f9a303c0>,2,23,[10  4],3,3,26,0,3
1,<environment.Job instance at 0x7fc3f9a305f0>,5,17,[3 6],6,13,30,7,13
1,<environment.Job instance at 0x7fc3f9a30780>,8,16,[1 5],9,19,35,10,19
1,<environment.Job instance at 0x7fc3f9a30c30>,6,18,[14  2],7,30,48,23,19
1,<environment.Job instance at 0x7fc3f9a30500>,11,13,[9 3],12,48,61,36,32
1,<environment.Job instance at 0x7fc3f9a34f00>,13,15,[3 8],14,48,63,34,39
1,<environment.Job instance at 0x7fc3f9a34960>,14,13,[6 5],15,61,74,46,45
1,<environment.Job instance at 0x7fc3f9a346e0>,21,17,[9 2],22,63,80,41,51
1,<environment.Job instance at 0x7fc3f9a34af0>,12,16,[ 2 13],13,74,90,61,61
1,<environment.Job instance at 0x7fc3f9a34e60>,24,18,[ 1 12],25,90,108,65,79
1,<environment.Job instance at 0x7fc3f9a34b40>,29,14,[5 4],30,108,122,78,93
1,<environment.Job instance at 0x7fc3f9a34f50>,32,18,[9 3],33,106,124,73,106
1,<environment.Job instance at 0x7fc3f9aa5910>,40,13,[8 3],41,124,137,83,109
1,<environment.Job instance at 0x7fc3f9aa55f0>,50,13,[7 5],51,124,137,73,109
1,<environment.Job instance at 0x7fc3f9a20190>,54,15,[4 6],55,137,152,82,125
1,<environment.Job instance at 0x7fc3f9a206e0>,57,17,[5 4],58,137,154,79,127
1,<environment.Job instance at 0x7fc3f9a344b0>,25,23,[9 4],26,152,175,126,146
1,<environment.Job instance at 0x7fc3f9a20a00>,60,18,[ 5 14],61,175,193,114,164
1,<environment.Job instance at 0x7fc3f9a205a0>,61,17,[ 3 13],62,193,210,131,181
1,<environment.Job instance at 0x7fc3f9a207d0>,62,23,[13  3],63,210,233,147,204
1,<environment.Job instance at 0x7fc3f9a20960>,78,15,[1 9],79,210,225,131,204
1,<environment.Job instance at 0x7fc3f9a20f50>,77,19,[2 8],78,225,244,147,217
1,<environment.Job instance at 0x7fc3faaf4960>,82,16,[ 4 10],83,244,260,161,231
1,<environment.Job instance at 0x7fc3faaf4af0>,83,18,[1 8],84,260,278,176,253
1,<environment.Job instance at 0x7fc3faaf40a0>,84,13,[4 7],85,260,273,175,253
1,<environment.Job instance at 0x7fc3fa763550>,93,18,[5 8],94,278,296,184,267
1,<environment.Job instance at 0x7fc3fa5ccf50>,96,15,[ 1 10],97,296,311,199,291
1,<environment.Job instance at 0x7fc3f9a30230>,7,27,[ 5 13],8,311,338,303,309
1,<environment.Job instance at 0x7fc3f9bc3b40>,98,20,[10  2],99,373,393,274,373
1,<environment.Job instance at 0x7fc3f998b7d0>,79,26,[2 9],80,820,846,740,820
1,<environment.Job instance at 0x7fc3f9a30190>,4,17,[10  5],5,820,837,815,820
1,<environment.Job instance at 0x7fc3f9f50cd0>,3,14,[7 2],4,4,18,0,4
1,<environment.Job instance at 0x7fc3faa09e60>,10,15,[10  1],11,18,33,7,11
1,<environment.Job instance at 0x7fc3faa092d0>,11,14,[3 8],12,12,26,0,12
1,<environment.Job instance at 0x7fc3faa09d20>,4,14,[13  3],5,33,47,28,18
1,<environment.Job instance at 0x7fc3faa09c80>,12,16,[6 5],13,47,63,34,34
1,<environment.Job instance at 0x7fc3faa09be0>,14,12,[ 3 12],15,63,75,48,46
1,<environment.Job instance at 0x7fc3faa09370>,13,14,[5 4],14,47,61,33,46
1,<environment.Job instance at 0x7fc3faa090f0>,15,12,[11  4],16,75,87,59,58
1,<environment.Job instance at 0x7fc3fa7e3320>,18,21,[1 7],19,75,96,56,67
1,<environment.Job instance at 0x7fc3fa7e3410>,19,16,[9 2],20,87,103,67,74
1,<environment.Job instance at 0x7fc3faa09eb0>,9,20,[5 6],10,87,107,77,85
1,<environment.Job instance at 0x7fc3fa7e3280>,25,12,[6 4],26,103,115,77,87
1,<environment.Job instance at 0x7fc3fa7e3780>,28,17,[9 2],29,107,124,78,95
1,<environment.Job instance at 0x7fc3fa7e3dc0>,34,17,[3 9],35,116,133,81,116
1,<environment.Job instance at 0x7fc3faa09050>,7,28,[9 2],8,124,152,116,123
1,<environment.Job instance at 0x7fc3fafa2c80>,41,17,[2 7],42,133,150,91,123
1,<environment.Job instance at 0x7fc3fafa2280>,43,17,[8 3],44,152,169,108,140
1,<environment.Job instance at 0x7fc3fafa2320>,47,22,[7 2],48,152,174,104,145
1,<environment.Job instance at 0x7fc3fafa2b40>,48,18,[5 9],49,169,187,120,159
1,<environment.Job instance at 0x7fc3fafa2780>,50,14,[7 4],51,174,188,123,159
1,<environment.Job instance at 0x7fc3fafa2190>,57,21,[2 5],58,187,208,129,179
1,<environment.Job instance at 0x7fc3fafa26e0>,58,19,[7 2],59,188,207,129,179
1,<environment.Job instance at 0x7fc3fafa2820>,59,20,[3 9],60,207,227,147,198
1,<environment.Job instance at 0x7fc3fa98f690>,60,14,[2 7],61,227,241,166,212
1,<environment.Job instance at 0x7fc3fa98fd70>,62,14,[5 5],63,212,226,149,212
1,<environment.Job instance at 0x7fc3fa98f140>,65,16,[6 1],66,212,228,146,212
1,<environment.Job instance at 0x7fc3fa98fb40>,68,18,[1 5],69,226,244,157,215
1,<environment.Job instance at 0x7fc3fa98f1e0>,70,12,[6 3],71,228,240,157,215
1,<environment.Job instance at 0x7fc3fa98f550>,71,16,[10  2],72,240,256,168,227
1,<environment.Job instance at 0x7fc3fa98f5a0>,75,13,[9 5],76,256,269,180,240
1,<environment.Job instance at 0x7fc3fa98f0f0>,76,18,[6 2],77,256,274,179,245
1,<environment.Job instance at 0x7fc3fa98fe10>,78,13,[7 5],79,269,282,190,253
1,<environment.Job instance at 0x7fc3fa21e4b0>,81,15,[7 3],82,274,289,192,260
1,<environment.Job instance at 0x7fc3fa21eeb0>,85,14,[4 7],86,282,296,196,267
1,<environment.Job instance at 0x7fc3fa21e820>,86,21,[2 8],87,289,310,202,281
1,<environment.Job instance at 0x7fc3fa21e5a0>,92,18,[5 4],93,296,314,203,285
1,<environment.Job instance at 0x7fc3fa21e6e0>,94,13,[1 6],95,310,323,215,294
1,<environment.Job instance at 0x7fc3fa21eb90>,96,22,[2 6],97,314,336,217,307
1,<environment.Job instance at 0x7fc3fa21ee10>,98,17,[7 4],99,323,340,224,311
1,<environment.Job instance at 0x7fc3fafa2fa0>,42,18,[ 2 12],43,341,359,298,341
1,<environment.Job instance at 0x7fc3fa7e3730>,17,16,[12  1],18,630,646,612,630
1,<environment.Job instance at 0x7fc3fa5e6780>,0,19,[6 2],1,1,20,0,1
1,<environment.Job instance at 0x7fc3fa5e69b0>,1,14,[11  3],2,20,34,18,5
1,<environment.Job instance at 0x7fc3fa4e8d20>,5,16,[4 9],6,6,22,0,6
1,<environment.Job instance at 0x7fc3fa7e32d0>,7,12,[4 5],8,22,34,14,10
1,<environment.Job instance at 0x7fc3fa813fa0>,11,22,[1 8],12,34,56,22,27
1,<environment.Job instance at 0x7fc3fa8135f0>,15,19,[7 5],16,35,54,19,35
1,<environment.Job instance at 0x7fc3fa813af0>,16,16,[8 4],17,54,70,37,41
1,<environment.Job instance at 0x7fc3fa8130a0>,18,22,[5 7],19,56,78,37,49
1,<environment.Job instance at 0x7fc3fa813500>,22,20,[5 8],23,70,90,47,61
1,<environment.Job instance at 0x7fc3fa813280>,27,14,[9 5],28,78,92,50,63
1,<environment.Job instance at 0x7fc3faad0960>,32,17,[6 4],33,90,107,57,78
1,<environment.Job instance at 0x7fc3faad0730>,42,21,[1 6],43,92,113,49,85
1,<environment.Job instance at 0x7fc3faad0a50>,43,15,[8 1],44,92,107,48,85
1,<environment.Job instance at 0x7fc3faad0370>,44,14,[5 7],45,107,121,62,92
1,<environment.Job instance at 0x7fc3fa36c780>,53,19,[10  1],54,113,132,59,106
1,<environment.Job instance at 0x7fc3fa36c190>,55,20,[1 8],56,121,141,65,113
1,<environment.Job instance at 0x7fc3fa36c2d0>,56,18,[5 4],57,132,150,75,121
1,<environment.Job instance at 0x7fc3fa36cbe0>,57,17,[7 2],58,132,149,74,121
1,<environment.Job instance at 0x7fc3fa36c140>,59,13,[7 2],60,149,162,89,133
1,<environment.Job instance at 0x7fc3fa36ccd0>,63,15,[10  5],64,162,177,98,148
1,<environment.Job instance at 0x7fc3fa36c9b0>,65,22,[3 8],66,157,179,91,157
1,<environment.Job instance at 0x7fc3fa36c7d0>,66,16,[4 7],67,177,193,110,164
1,<environment.Job instance at 0x7fc3fa36cd20>,67,12,[9 1],68,179,191,111,164
1,<environment.Job instance at 0x7fc3fa009050>,71,14,[2 9],72,193,207,121,178
1,<environment.Job instance at 0x7fc3fa6b5690>,74,15,[3 5],75,191,206,116,178
1,<environment.Job instance at 0x7fc3fa6b5a50>,81,14,[5 7],82,207,221,125,192
1,<environment.Job instance at 0x7fc3fa6b5f00>,82,16,[4 6],83,206,222,123,193
1,<environment.Job instance at 0x7fc3fa1d4410>,87,18,[8 3],88,221,239,133,210
1,<environment.Job instance at 0x7fc3fa1d4b40>,91,19,[6 1],92,222,241,130,212
1,<environment.Job instance at 0x7fc3fa1d43c0>,92,12,[2 5],93,239,251,146,222
1,<environment.Job instance at 0x7fc3fa1d4910>,93,20,[9 2],94,241,261,147,234
1,<environment.Job instance at 0x7fc3fa1d4c80>,97,22,[2 8],98,239,261,141,237
1,<environment.Job instance at 0x7fc3fa4e89b0>,8,21,[10  3],9,261,282,252,254
1,<environment.Job instance at 0x7fc3fa4e8190>,6,22,[14  2],7,282,304,275,275
1,<environment.Job instance at 0x7fc403c6c230>,3,14,[10  4],4,4,18,0,4
1,<environment.Job instance at 0x7fc403c6ca00>,4,19,[4 7],5,5,24,0,5
1,<environment.Job instance at 0x7fc403c6c7d0>,6,14,[11  3],7,18,32,11,7
1,<environment.Job instance at 0x7fc403c6c500>,8,19,[3 6],9,24,43,15,14
1,<environment.Job instance at 0x7fc3fa1da730>,12,18,[5 2],13,32,50,19,21
1,<environment.Job instance at 0x7fc3fa1da140>,13,16,[7 5],14,32,48,18,21
1,<environment.Job instance at 0x7fc3fa1daf00>,15,12,[8 3],16,48,60,32,31
1,<environment.Job instance at 0x7fc3fa1dafa0>,19,16,[4 8],20,50,66,30,37
1,<environment.Job instance at 0x7fc3fa1da9b0>,25,12,[3 5],26,60,72,34,43
1,<environment.Job instance at 0x7fc3f9fe5690>,34,19,[5 2],35,60,79,25,50
1,<environment.Job instance at 0x7fc403c6c690>,7,18,[1 9],8,72,90,64,63
1,<environment.Job instance at 0x7fc3f9fe56e0>,36,12,[3 6],37,79,91,42,63
1,<environment.Job instance at 0x7fc3f9e75190>,46,17,[5 5],47,90,107,43,78
1,<environment.Job instance at 0x7fc3fa1da230>,10,21,[9 1],11,91,112,80,83
1,<environment.Job instance at 0x7fc3f9e75050>,47,14,[9 5],48,112,126,64,97
1,<environment.Job instance at 0x7fc3f9e75e60>,52,14,[6 3],53,107,121,54,97
1,<environment.Job instance at 0x7fc3f9f130f0>,56,16,[2 9],57,121,137,64,108
1,<environment.Job instance at 0x7fc3f9e75320>,48,14,[8 5],49,126,140,77,111
1,<environment.Job instance at 0x7fc3fa5176e0>,60,14,[14  4],61,140,154,79,125
1,<environment.Job instance at 0x7fc403c6c2d0>,9,19,[9 1],10,154,173,144,144
1,<environment.Job instance at 0x7fc3fa5173c0>,63,16,[13  4],64,173,189,109,160
1,<environment.Job instance at 0x7fc3fa517b40>,62,18,[1 6],63,169,187,106,169
1,<environment.Job instance at 0x7fc3fa5175a0>,64,18,[9 3],65,189,207,124,178
1,<environment.Job instance at 0x7fc3fa517230>,66,21,[5 6],67,189,210,122,181
1,<environment.Job instance at 0x7fc3fa517870>,70,15,[5 6],71,207,222,136,193
1,<environment.Job instance at 0x7fc3fa517320>,67,19,[2 7],68,210,229,142,200
1,<environment.Job instance at 0x7fc3fa517640>,72,14,[12  4],73,222,236,149,207
1,<environment.Job instance at 0x7fc3fa517a50>,73,22,[6 2],74,236,258,162,229
1,<environment.Job instance at 0x7fc3fa517410>,74,12,[12  1],75,258,270,183,241
1,<environment.Job instance at 0x7fc3fa517780>,75,21,[12  3],76,270,291,194,262
1,<environment.Job instance at 0x7fc3fa5177d0>,61,26,[ 5 12],62,291,317,229,288
1,<environment.Job instance at 0x7fc3f9dd8320>,81,12,[13  3],82,317,329,235,300
1,<environment.Job instance at 0x7fc3fa84b870>,82,16,[ 3 12],83,329,345,246,319
1,<environment.Job instance at 0x7fc3f9dd8280>,80,28,[7 1],81,329,357,248,328
1,<environment.Job instance at 0x7fc3f9dd8fa0>,79,20,[5 6],80,345,365,265,336
1,<environment.Job instance at 0x7fc3fa900af0>,87,20,[6 4],88,357,377,269,348
1,<environment.Job instance at 0x7fc3fa5f80f0>,90,17,[2 9],91,365,382,274,353
1,<environment.Job instance at 0x7fc3f9ce1eb0>,97,13,[5 8],98,382,395,284,366
1,<environment.Job instance at 0x7fc3f9bcf280>,98,18,[5 2],99,366,384,267,366
1,<environment.Job instance at 0x7fc403c6ceb0>,0,23,[13  4],1,419,442,418,419
1,<environment.Job instance at 0x7fc3fa928a50>,0,27,[5 2],1,1,28,0,1
1,<environment.Job instance at 0x7fc3fa928b40>,1,12,[ 3 13],2,2,14,0,2
1,<environment.Job instance at 0x7fc3fa928460>,5,14,[3 9],6,14,28,8,6
1,<environment.Job instance at 0x7fc3fa928410>,8,12,[ 1 12],9,28,40,19,11
1,<environment.Job instance at 0x7fc3fa928500>,7,17,[4 7],8,40,57,32,28
1,<environment.Job instance at 0x7fc3fa928e10>,13,13,[9 2],14,28,41,14,28
1,<environment.Job instance at 0x7fc3fa928320>,9,19,[5 8],10,41,60,31,32
1,<environment.Job instance at 0x7fc3fa9284b0>,6,12,[10  1],7,57,69,50,42
1,<environment.Job instance at 0x7fc3fa9281e0>,14,21,[5 8],15,60,81,45,53
1,<environment.Job instance at 0x7fc3fa930500>,18,16,[7 4],19,69,85,50,60
1,<environment.Job instance at 0x7fc3fa930690>,22,15,[1 7],23,81,96,58,70
1,<environment.Job instance at 0x7fc3fa9302d0>,16,24,[1 8],17,85,109,68,80
1,<environment.Job instance at 0x7fc3fa919f00>,31,12,[5 2],32,96,108,64,83
1,<environment.Job instance at 0x7fc3fa919780>,32,18,[7 1],33,96,114,63,85
1,<environment.Job instance at 0x7fc3fa919dc0>,30,13,[1 9],31,109,122,78,96
1,<environment.Job instance at 0x7fc3fa919050>,38,16,[4 5],39,108,124,69,96
1,<environment.Job instance at 0x7fc3fa919500>,40,17,[6 3],41,122,139,81,110
1,<environment.Job instance at 0x7fc3fa919c80>,41,20,[1 9],42,124,144,82,115
1,<environment.Job instance at 0x7fc3fa919aa0>,42,16,[9 3],43,139,155,96,126
1,<environment.Job instance at 0x7fc3fa919910>,44,22,[6 3],45,144,166,99,137
1,<environment.Job instance at 0x7fc3fa93e910>,46,17,[4 7],47,155,172,108,143
1,<environment.Job instance at 0x7fc3fa93e370>,51,16,[2 7],52,166,182,114,153
1,<environment.Job instance at 0x7fc3fa93e870>,53,21,[2 6],54,172,193,118,164
1,<environment.Job instance at 0x7fc3fa93e780>,56,20,[2 9],57,182,202,125,173
1,<environment.Job instance at 0x7fc3fa93c820>,60,18,[3 9],61,202,220,141,191
1,<environment.Job instance at 0x7fc3fa93ca50>,64,12,[5 1],65,193,205,128,191
1,<environment.Job instance at 0x7fc3fa93cc30>,66,12,[4 8],67,220,232,153,203
1,<environment.Job instance at 0x7fc3fa93c4b0>,67,14,[1 9],68,232,246,164,217
1,<environment.Job instance at 0x7fc3fa93c870>,71,18,[10  5],72,217,235,145,217
1,<environment.Job instance at 0x7fc3fa93ccd0>,72,12,[1 6],73,235,247,162,218
1,<environment.Job instance at 0x7fc3fa93cc80>,73,17,[5 5],74,246,263,172,234
1,<environment.Job instance at 0x7fc3fb025e10>,76,19,[6 2],77,246,265,169,236
1,<environment.Job instance at 0x7fc3fb025370>,79,14,[9 3],80,263,277,183,248
1,<environment.Job instance at 0x7fc3fb025b40>,81,13,[7 2],82,277,290,195,261
1,<environment.Job instance at 0x7fc3fb0250a0>,82,12,[5 2],83,265,277,182,261
1,<environment.Job instance at 0x7fc3fb0259b0>,83,15,[3 9],84,277,292,193,263
1,<environment.Job instance at 0x7fc3fb0415a0>,86,15,[6 2],87,290,305,203,276
1,<environment.Job instance at 0x7fc3fb041640>,90,16,[8 5],91,292,308,201,279
1,<environment.Job instance at 0x7fc3fb041c30>,95,13,[8 4],96,308,321,212,292
1,<environment.Job instance at 0x7fc3fb041b40>,98,19,[9 2],99,321,340,222,311
1,<environment.Job instance at 0x7fc3fa919a00>,34,24,[5 3],35,311,335,276,311
1,<environment.Job instance at 0x7fc3fa9288c0>,10,16,[ 1 10],11,321,337,310,314
1,<environment.Job instance at 0x7fc3fa928af0>,2,17,[14  5],3,340,357,337,328
1,<environment.Job instance at 0x7fc3f9dce550>,1,22,[5 2],2,2,24,0,2
1,<environment.Job instance at 0x7fc3fb133cd0>,3,20,[6 2],4,4,24,0,4
1,<environment.Job instance at 0x7fc3fb1332d0>,5,15,[3 6],6,6,21,0,6
1,<environment.Job instance at 0x7fc3fb133e60>,6,13,[11  3],7,24,37,17,8
1,<environment.Job instance at 0x7fc3fb133960>,13,15,[7 2],14,37,52,23,23
1,<environment.Job instance at 0x7fc3fb133b40>,14,23,[11  1],15,52,75,37,46
1,<environment.Job instance at 0x7fc3fb133280>,8,14,[6 1],9,75,89,66,60
1,<environment.Job instance at 0x7fc3fb133780>,16,22,[ 1 11],17,65,87,48,65
1,<environment.Job instance at 0x7fc3fb133aa0>,11,18,[10  4],12,89,107,77,79
1,<environment.Job instance at 0x7fc3fb133140>,18,26,[2 8],19,87,113,68,84
1,<environment.Job instance at 0x7fc3fada5f50>,25,15,[6 5],26,107,122,81,93
1,<environment.Job instance at 0x7fc3fada5320>,30,17,[10  3],31,122,139,91,110
1,<environment.Job instance at 0x7fc3fb133370>,12,25,[10  1],13,139,164,126,135
1,<environment.Job instance at 0x7fc3fada5aa0>,37,28,[ 1 10],38,135,163,97,135
1,<environment.Job instance at 0x7fc3fada50f0>,36,23,[2 7],37,163,186,126,157
1,<environment.Job instance at 0x7fc3fada5d70>,42,15,[4 7],43,164,179,121,157
1,<environment.Job instance at 0x7fc3fada5500>,43,22,[3 5],44,179,201,135,172
1,<environment.Job instance at 0x7fc3fa1655a0>,50,27,[2 5],51,186,213,135,184
1,<environment.Job instance at 0x7fc3fa5c25f0>,60,12,[9 5],61,186,198,125,184
1,<environment.Job instance at 0x7fc3fa5c2b40>,61,23,[3 9],62,207,230,145,207
1,<environment.Job instance at 0x7fc3fa5c2320>,62,12,[9 4],63,213,225,150,207
1,<environment.Job instance at 0x7fc3fa5c2d70>,63,21,[1 8],64,230,251,166,222
1,<environment.Job instance at 0x7fc3fa5c2500>,66,18,[10  3],67,225,243,158,222
1,<environment.Job instance at 0x7fc3fa5c2b90>,67,13,[3 7],68,243,256,175,227
1,<environment.Job instance at 0x7fc3fa5c2460>,68,20,[6 2],69,251,271,182,242
1,<environment.Job instance at 0x7fc3fa5c20f0>,69,12,[10  2],70,271,283,201,254
1,<environment.Job instance at 0x7fc3fada5820>,38,25,[ 2 12],39,256,281,217,254
1,<environment.Job instance at 0x7fc3fa5c2eb0>,71,17,[ 2 14],72,283,300,211,271
1,<environment.Job instance at 0x7fc3fa8f5c30>,85,13,[5 7],86,300,313,214,284
1,<environment.Job instance at 0x7fc3fa8f5af0>,90,12,[1 8],91,300,312,209,284
1,<environment.Job instance at 0x7fc3fa8f5730>,91,14,[7 4],92,312,326,220,297
1,<environment.Job instance at 0x7fc3fa8f5b90>,93,15,[2 7],94,313,328,219,299
1,<environment.Job instance at 0x7fc3fa8f5460>,94,16,[3 5],95,326,342,231,313
1,<environment.Job instance at 0x7fc3f9dce780>,0,16,[13  3],1,342,358,341,330
1,<environment.Job instance at 0x7fc3fa5c25a0>,72,22,[11  4],73,634,656,561,634
1,<environment.Job instance at 0x7fc3fa479500>,1,16,[11  2],2,2,18,0,2
1,<environment.Job instance at 0x7fc3fa5c2550>,2,17,[3 9],3,3,20,0,3
1,<environment.Job instance at 0x7fc3fa52c910>,8,17,[8 5],9,18,35,9,9
1,<environment.Job instance at 0x7fc3fae3d1e0>,14,19,[5 2],15,20,39,5,15
1,<environment.Job instance at 0x7fc3fa52c4b0>,16,13,[4 5],17,35,48,18,31
1,<environment.Job instance at 0x7fc3fae3d4b0>,18,19,[5 5],19,35,54,16,33
1,<environment.Job instance at 0x7fc3fae3d820>,21,15,[3 7],22,48,63,26,34
1,<environment.Job instance at 0x7fc3fae3d230>,20,14,[9 2],21,54,68,33,49
1,<environment.Job instance at 0x7fc3fae3d280>,17,26,[13  1],18,68,94,50,65
1,<environment.Job instance at 0x7fc3fae3d3c0>,25,20,[2 9],26,65,85,39,65
1,<environment.Job instance at 0x7fc3fae3deb0>,26,15,[4 9],27,94,109,67,80
1,<environment.Job instance at 0x7fc3fb0d5500>,27,15,[1 6],28,85,100,57,81
1,<environment.Job instance at 0x7fc3fae3d870>,24,18,[3 6],25,100,118,75,89
1,<environment.Job instance at 0x7fc3fae3d050>,15,12,[3 7],16,109,121,93,92
1,<environment.Job instance at 0x7fc3fae3d690>,31,16,[5 1],32,109,125,77,98
1,<environment.Job instance at 0x7fc3f9f77550>,32,15,[9 3],33,121,136,88,107
1,<environment.Job instance at 0x7fc3fac075f0>,34,21,[2 7],35,125,146,90,117
1,<environment.Job instance at 0x7fc3f9f77b40>,37,17,[7 1],38,136,153,98,124
1,<environment.Job instance at 0x7fc3fb0d5370>,28,22,[2 9],29,146,168,117,139
1,<environment.Job instance at 0x7fc3f9d4e3c0>,40,12,[5 8],41,168,180,127,151
1,<environment.Job instance at 0x7fc3f9d4eb90>,41,20,[10  3],42,153,173,111,151
1,<environment.Job instance at 0x7fc3f9d4ecd0>,42,27,[7 2],43,173,200,130,171
1,<environment.Job instance at 0x7fc3fad32960>,43,12,[13  2],44,200,212,156,183
1,<environment.Job instance at 0x7fc3fa81b320>,44,21,[10  1],45,212,233,167,204
1,<environment.Job instance at 0x7fc3fad32fa0>,45,12,[ 2 14],46,212,224,166,204
1,<environment.Job instance at 0x7fc3fa81b7d0>,46,17,[ 1 12],47,224,241,177,212
1,<environment.Job instance at 0x7fc3fae43460>,47,22,[13  4],48,241,263,193,234
1,<environment.Job instance at 0x7fc3fae43b90>,53,12,[13  2],54,263,275,209,246
1,<environment.Job instance at 0x7fc3f9f77870>,33,13,[11  2],34,275,288,241,263
1,<environment.Job instance at 0x7fc3fae438c0>,55,26,[2 8],56,266,292,210,266
1,<environment.Job instance at 0x7fc3fae43e10>,52,16,[ 5 10],53,292,308,239,279
1,<environment.Job instance at 0x7fc3fa535e60>,0,16,[10  4],1,288,304,287,279
1,<environment.Job instance at 0x7fc3fae43870>,57,12,[10  2],58,304,316,246,287
1,<environment.Job instance at 0x7fc3fae435a0>,59,16,[3 6],60,308,324,248,295
1,<environment.Job instance at 0x7fc3fae43370>,60,15,[1 6],61,308,323,247,295
1,<environment.Job instance at 0x7fc3fae43a50>,64,13,[7 5],65,323,336,258,307
1,<environment.Job instance at 0x7fc3fa5650a0>,68,19,[3 5],69,324,343,255,314
1,<environment.Job instance at 0x7fc3fa5635f0>,70,14,[4 6],71,336,350,265,321
1,<environment.Job instance at 0x7fc3fa7f6d20>,72,15,[9 2],73,343,358,270,329
1,<environment.Job instance at 0x7fc3fa7f6c80>,73,16,[8 4],74,358,374,284,345
1,<environment.Job instance at 0x7fc3fae433c0>,54,22,[6 2],55,350,372,295,345
1,<environment.Job instance at 0x7fc3fae586e0>,81,17,[4 9],82,372,389,290,360
1,<environment.Job instance at 0x7fc3fad53870>,83,13,[7 4],84,374,387,290,360
1,<environment.Job instance at 0x7fc3fa62afa0>,88,14,[4 9],89,389,403,300,375
1,<environment.Job instance at 0x7fc3f99f8230>,92,19,[9 4],93,387,406,294,377
1,<environment.Job instance at 0x7fc3fa04b280>,93,18,[4 7],94,403,421,309,392
1,<environment.Job instance at 0x7fc3fae437d0>,58,14,[ 2 13],59,421,435,362,407
1,<environment.Job instance at 0x7fc3fae58e10>,82,28,[14  3],83,508,536,425,508
1,<environment.Job instance at 0x7fc3fae43910>,56,23,[4 7],57,1635,1658,1578,1635
1,<environment.Job instance at 0x7fc3f9fbcaa0>,1,14,[12  5],2,2,16,0,2
1,<environment.Job instance at 0x7fc3fa48a4b0>,5,14,[3 5],6,6,20,0,6
1,<environment.Job instance at 0x7fc3fa48a690>,2,19,[5 7],3,16,35,13,6
1,<environment.Job instance at 0x7fc3fa48ae60>,15,15,[7 1],16,16,31,0,16
1,<environment.Job instance at 0x7fc3fa48a960>,16,16,[8 4],17,31,47,14,18
1,<environment.Job instance at 0x7fc3fa48a730>,17,17,[5 5],18,35,52,17,23
1,<environment.Job instance at 0x7fc3fa816140>,22,18,[2 5],23,35,53,12,24
1,<environment.Job instance at 0x7fc3fa816190>,24,15,[2 5],25,47,62,22,33
1,<environment.Job instance at 0x7fc3fa816c80>,25,15,[7 2],26,52,67,26,38
1,<environment.Job instance at 0x7fc3fa816370>,26,19,[10  4],27,67,86,40,57
1,<environment.Job instance at 0x7fc3fa816460>,30,14,[2 9],31,62,76,31,57
1,<environment.Job instance at 0x7fc3fa816500>,38,19,[2 6],39,76,95,37,66
1,<environment.Job instance at 0x7fc3faaf4b90>,40,18,[1 7],41,86,104,45,75
1,<environment.Job instance at 0x7fc3faaf4e60>,41,19,[4 6],42,95,114,53,85
1,<environment.Job instance at 0x7fc3faaf4190>,43,17,[2 8],44,104,121,60,92
1,<environment.Job instance at 0x7fc3faaf4410>,47,15,[9 5],48,114,129,66,100
1,<environment.Job instance at 0x7fc3faaf4dc0>,48,14,[1 7],49,121,135,72,106
1,<environment.Job instance at 0x7fc3faaf46e0>,49,19,[4 5],50,129,148,79,119
1,<environment.Job instance at 0x7fc3faaf4d70>,54,18,[3 9],55,135,153,80,124
1,<environment.Job instance at 0x7fc3fad948c0>,60,18,[8 2],61,148,166,87,137
1,<environment.Job instance at 0x7fc3fad94fa0>,68,17,[6 1],69,153,170,84,141
1,<environment.Job instance at 0x7fc3fad9faf0>,70,15,[8 2],71,166,181,95,152
1,<environment.Job instance at 0x7fc3fad9f410>,73,18,[6 1],74,170,188,96,159
1,<environment.Job instance at 0x7fc3fad9f6e0>,76,12,[3 5],77,181,193,104,164
1,<environment.Job instance at 0x7fc3fad9f0a0>,78,14,[6 1],79,181,195,102,166
1,<environment.Job instance at 0x7fc3fad9fb40>,81,14,[6 5],82,188,202,106,173
1,<environment.Job instance at 0x7fc3fad9f550>,83,21,[3 7],84,193,214,109,185
1,<environment.Job instance at 0x7fc3f9feaeb0>,87,16,[8 2],88,202,218,114,189
1,<environment.Job instance at 0x7fc3f9fea730>,90,16,[6 3],91,214,230,123,201
1,<environment.Job instance at 0x7fc3f9fea820>,96,15,[8 2],97,218,233,121,204
1,<environment.Job instance at 0x7fc3fa85f780>,97,20,[10  5],98,233,253,135,224
1,<environment.Job instance at 0x7fc3fa48aaf0>,10,12,[3 5],11,1535,1547,1524,1535
1,<environment.Job instance at 0x7fc3fa48a1e0>,7,19,[ 5 11],8,1583,1602,1575,1583
1,<environment.Job instance at 0x7fc3fa48ad20>,0,25,[ 2 12],1,1602,1627,1601,1598
1,<environment.Job instance at 0x7fc3fa285050>,1,22,[5 4],2,2,24,0,2
1,<environment.Job instance at 0x7fc3fa48a820>,2,19,[7 5],3,3,22,0,3
1,<environment.Job instance at 0x7fc3f9c41410>,3,17,[ 4 10],4,22,39,18,10
1,<environment.Job instance at 0x7fc3f9c41550>,8,15,[4 5],9,24,39,15,12
1,<environment.Job instance at 0x7fc3f9c41aa0>,12,13,[14  3],13,39,52,26,23
1,<environment.Job instance at 0x7fc3f9c41c30>,13,27,[2 5],14,52,79,38,50
1,<environment.Job instance at 0x7fc3f9c41b40>,14,16,[3 6],15,52,68,37,50
1,<environment.Job instance at 0x7fc3f9c41a00>,11,21,[9 3],12,52,73,40,50
1,<environment.Job instance at 0x7fc3f9c41f00>,18,13,[2 8],19,73,86,54,57
1,<environment.Job instance at 0x7fc3f9c41d20>,15,21,[11  2],16,73,94,57,66
1,<environment.Job instance at 0x7fc3f9c41be0>,20,15,[5 8],21,94,109,73,80
1,<environment.Job instance at 0x7fc3f9c2d140>,21,17,[9 2],22,94,111,72,93
1,<environment.Job instance at 0x7fc3f9c41780>,7,22,[ 2 12],8,109,131,101,102
1,<environment.Job instance at 0x7fc3f9c2d5f0>,27,15,[6 1],28,111,126,83,102
1,<environment.Job instance at 0x7fc3f9c2d690>,28,14,[5 7],29,131,145,102,120
1,<environment.Job instance at 0x7fc3f9c2d550>,26,25,[5 8],27,131,156,104,127
1,<environment.Job instance at 0x7fc3f9c2d9b0>,33,17,[10  4],34,145,162,111,134
1,<environment.Job instance at 0x7fc3f9c2de10>,40,16,[8 1],41,162,178,121,150
1,<environment.Job instance at 0x7fc3f9c2da50>,34,21,[5 6],35,156,177,121,150
1,<environment.Job instance at 0x7fc3f9c2daf0>,35,28,[ 3 11],36,177,205,141,176
1,<environment.Job instance at 0x7fc3f9c43370>,48,14,[ 1 11],49,205,219,156,190
1,<environment.Job instance at 0x7fc3f9c43410>,49,17,[2 8],50,219,236,169,207
1,<environment.Job instance at 0x7fc3f9c43640>,50,25,[2 8],51,236,261,185,232
1,<environment.Job instance at 0x7fc3f9c433c0>,51,12,[10  3],52,232,244,180,232
1,<environment.Job instance at 0x7fc3f9c43190>,52,13,[5 1],53,244,257,191,232
1,<environment.Job instance at 0x7fc3f9c436e0>,53,16,[13  2],54,257,273,203,244
1,<environment.Job instance at 0x7fc3f9c43780>,54,13,[9 5],55,273,286,218,257
1,<environment.Job instance at 0x7fc3f9c43820>,55,12,[ 3 11],56,286,298,230,269
1,<environment.Job instance at 0x7fc3f9c438c0>,56,13,[11  3],57,286,299,229,270
1,<environment.Job instance at 0x7fc3f9c43a00>,57,18,[5 3],58,299,317,241,288
1,<environment.Job instance at 0x7fc3f9c43230>,46,19,[4 7],47,298,317,251,288
1,<environment.Job instance at 0x7fc3f9c439b0>,58,15,[9 3],59,317,332,258,303
1,<environment.Job instance at 0x7fc3f9c43b90>,59,20,[3 9],60,317,337,257,317
1,<environment.Job instance at 0x7fc3f9c43c30>,60,25,[ 1 13],61,337,362,276,333
1,<environment.Job instance at 0x7fc3f9c43fa0>,67,14,[1 8],68,362,376,294,347
1,<environment.Job instance at 0x7fc3f9c432d0>,47,25,[ 1 14],48,376,401,328,372
1,<environment.Job instance at 0x7fc3f9c5a500>,83,14,[1 7],84,401,415,317,386
1,<environment.Job instance at 0x7fc3f9c5a140>,84,18,[5 9],85,415,433,330,404
1,<environment.Job instance at 0x7fc3fa4fc820>,87,15,[1 7],88,433,448,345,419
1,<environment.Job instance at 0x7fc3f9c5a550>,88,18,[5 6],89,419,437,330,419
1,<environment.Job instance at 0x7fc3f9a3df50>,93,12,[5 9],94,448,460,354,431
1,<environment.Job instance at 0x7fc3fa105640>,97,20,[5 6],98,437,457,339,431
1,<environment.Job instance at 0x7fc3f9c53690>,75,21,[12  4],76,1108,1129,1032,1108
1,<environment.Job instance at 0x7fc3fa9ccb90>,0,28,[14  2],1,1149,1177,1148,1149
1,<environment.Job instance at 0x7fc3fa0a5410>,0,12,[ 5 10],1,1,13,0,1
1,<environment.Job instance at 0x7fc3f9fcaa50>,2,21,[2 8],3,13,34,10,5
1,<environment.Job instance at 0x7fc3f9beecd0>,9,13,[13  1],10,13,26,3,10
1,<environment.Job instance at 0x7fc3f9bee550>,10,12,[2 5],11,26,38,15,11
1,<environment.Job instance at 0x7fc3f9beee10>,11,13,[9 3],12,34,47,22,18
1,<environment.Job instance at 0x7fc3f9beef00>,6,19,[2 8],7,38,57,31,28
1,<environment.Job instance at 0x7fc3fa9f4550>,14,14,[8 5],15,47,61,32,32
1,<environment.Job instance at 0x7fc3f99e0050>,29,13,[6 2],30,57,70,27,41
1,<environment.Job instance at 0x7fc3f99e00f0>,33,18,[6 3],34,61,79,27,50
1,<environment.Job instance at 0x7fc3f99e05f0>,36,16,[2 6],37,61,77,24,50
1,<environment.Job instance at 0x7fc3f99e03c0>,38,17,[5 5],39,70,87,31,58
1,<environment.Job instance at 0x7fc4037a5910>,39,12,[5 6],40,79,91,39,62
1,<environment.Job instance at 0x7fc4037a5820>,41,18,[9 5],42,87,105,45,76
1,<environment.Job instance at 0x7fc3fa0a5140>,1,20,[5 8],2,91,111,89,82
1,<environment.Job instance at 0x7fc4037a5230>,44,15,[9 5],45,105,120,60,91
1,<environment.Job instance at 0x7fc4037a50f0>,45,20,[4 6],46,111,131,65,102
1,<environment.Job instance at 0x7fc3f9bee5f0>,12,23,[5 2],13,120,143,107,114
1,<environment.Job instance at 0x7fc4037a5410>,54,12,[5 1],55,120,132,65,114
1,<environment.Job instance at 0x7fc4037a5eb0>,53,17,[5 7],54,131,148,77,119
1,<environment.Job instance at 0x7fc3faf30d70>,56,19,[10  3],57,143,162,86,133
1,<environment.Job instance at 0x7fc3fa4f2050>,68,14,[8 5],69,162,176,93,147
1,<environment.Job instance at 0x7fc3fb0d3af0>,96,17,[7 5],97,162,179,65,150
1,<environment.Job instance at 0x7fc3fb0d3140>,97,14,[10  5],98,179,193,81,164
1,<environment.Job instance at 0x7fc3fb0d3cd0>,98,15,[8 2],99,193,208,94,179
1,<environment.Job instance at 0x7fc4037a55a0>,49,28,[6 5],50,239,267,189,239
1,<environment.Job instance at 0x7fc3f980dd20>,0,27,[ 4 10],1,1,28,0,1
1,<environment.Job instance at 0x7fc3f9e51eb0>,6,13,[11  3],7,7,20,0,7
1,<environment.Job instance at 0x7fc3f9e517d0>,11,12,[ 5 13],12,28,40,16,12
1,<environment.Job instance at 0x7fc3f9e51e10>,9,13,[6 2],10,20,33,10,13
1,<environment.Job instance at 0x7fc3f9f3a690>,12,28,[13  2],13,40,68,27,39
1,<environment.Job instance at 0x7fc3fa14b640>,15,15,[7 3],16,68,83,52,54
1,<environment.Job instance at 0x7fc3fa14b730>,17,16,[2 7],18,54,70,36,54
1,<environment.Job instance at 0x7fc3fa14bf00>,18,18,[3 9],19,70,88,51,59
1,<environment.Job instance at 0x7fc3fa23ad70>,24,18,[5 3],25,68,86,43,59
1,<environment.Job instance at 0x7fc3f9e83af0>,32,18,[5 2],33,83,101,50,72
1,<environment.Job instance at 0x7fc3f9e83f50>,35,12,[9 5],36,88,100,52,72
1,<environment.Job instance at 0x7fc3fa896500>,43,15,[8 1],44,100,115,56,86
1,<environment.Job instance at 0x7fc3f9e78af0>,51,16,[4 7],52,101,117,49,88
1,<environment.Job instance at 0x7fc3fa130690>,56,15,[7 3],57,115,130,58,101
1,<environment.Job instance at 0x7fc3fa7bd050>,60,21,[7 3],61,117,138,56,110
1,<environment.Job instance at 0x7fc3f97faf50>,64,19,[5 1],65,130,149,65,121
1,<environment.Job instance at 0x7fc3fa2fe870>,67,16,[ 3 10],68,133,149,65,133
1,<environment.Job instance at 0x7fc3fa2fe730>,68,13,[8 2],69,149,162,80,133
1,<environment.Job instance at 0x7fc3f9e53fa0>,71,15,[3 5],72,149,164,77,135
1,<environment.Job instance at 0x7fc3fa167af0>,72,13,[6 5],73,162,175,89,146
1,<environment.Job instance at 0x7fc3f9f3a780>,16,22,[10  2],17,175,197,158,168
1,<environment.Job instance at 0x7fc3fa1676e0>,75,26,[ 5 10],76,168,194,92,168
1,<environment.Job instance at 0x7fc3f9808a50>,76,27,[ 2 13],77,194,221,117,192
1,<environment.Job instance at 0x7fc3fa269730>,77,20,[2 6],78,221,241,143,212
1,<environment.Job instance at 0x7fc3f9808f50>,78,26,[14  2],79,241,267,162,238
1,<environment.Job instance at 0x7fc3f98d2960>,79,27,[ 1 10],80,241,268,161,239
1,<environment.Job instance at 0x7fc3fa42b280>,80,13,[12  2],81,267,280,186,251
1,<environment.Job instance at 0x7fc3fa42b4b0>,81,15,[4 7],82,280,295,198,266
1,<environment.Job instance at 0x7fc3fa167a50>,74,20,[10  4],75,280,300,205,271
1,<environment.Job instance at 0x7fc3f9e51190>,10,26,[12  5],11,300,326,289,297
1,<environment.Job instance at 0x7fc3fa42ba00>,84,26,[14  4],85,326,352,241,323
1,<environment.Job instance at 0x7fc3fa42b9b0>,83,15,[ 5 10],84,352,367,268,338
1,<environment.Job instance at 0x7fc3fa6bd960>,86,21,[9 1],87,352,373,265,347
1,<environment.Job instance at 0x7fc3fa13ae60>,88,16,[7 5],89,373,389,284,360
1,<environment.Job instance at 0x7fc3fa13b780>,91,12,[4 7],92,367,379,275,360
1,<environment.Job instance at 0x7fc3fa13b460>,92,18,[10  4],93,389,407,296,378
1,<environment.Job instance at 0x7fc3f9e4f0f0>,95,12,[4 9],96,379,391,283,378
1,<environment.Job instance at 0x7fc3fa0016e0>,98,14,[1 9],99,391,405,292,379
1,<environment.Job instance at 0x7fc3f9e51780>,8,24,[1 7],9,405,429,396,401
1,<environment.Job instance at 0x7fc3fa453e60>,85,17,[ 3 10],86,429,446,343,417
1,<environment.Job instance at 0x7fc3f980dbe0>,1,27,[9 3],2,417,444,415,417
1,<environment.Job instance at 0x7fc403755f50>,3,13,[1 6],4,4,17,0,4
1,<environment.Job instance at 0x7fc4037559b0>,4,12,[10  3],5,5,17,0,5
1,<environment.Job instance at 0x7fc403755320>,5,17,[1 6],6,6,23,0,6
1,<environment.Job instance at 0x7fc3fb0b5c30>,7,21,[2 8],8,17,38,9,9
1,<environment.Job instance at 0x7fc3fac17960>,10,19,[10  1],11,17,36,6,11
1,<environment.Job instance at 0x7fc3fa396dc0>,12,18,[1 5],13,23,41,10,13
1,<environment.Job instance at 0x7fc3faf420a0>,21,13,[ 5 14],22,41,54,19,25
1,<environment.Job instance at 0x7fc3f9b955a0>,19,20,[7 3],20,54,74,34,45
1,<environment.Job instance at 0x7fc3f9b953c0>,17,18,[8 1],18,46,64,28,46
1,<environment.Job instance at 0x7fc3fb0d5af0>,25,22,[3 6],26,64,86,38,57
1,<environment.Job instance at 0x7fc40376f780>,26,24,[8 1],27,74,98,47,69
1,<environment.Job instance at 0x7fc3f9ba4460>,27,22,[ 2 11],28,86,108,58,79
1,<environment.Job instance at 0x7fc40376f640>,28,25,[8 3],29,98,123,69,94
1,<environment.Job instance at 0x7fc3fb0d5870>,24,18,[3 8],25,108,126,83,97
1,<environment.Job instance at 0x7fc3fa5c2820>,30,15,[2 6],31,123,138,92,109
1,<environment.Job instance at 0x7fc3fadc9960>,31,12,[6 3],32,126,138,94,109
1,<environment.Job instance at 0x7fc3faf48280>,34,17,[7 1],35,123,140,88,113
1,<environment.Job instance at 0x7fc3fa399a50>,37,17,[9 2],38,140,157,102,128
1,<environment.Job instance at 0x7fc3f9b95050>,20,14,[ 1 13],21,138,152,117,128
1,<environment.Job instance at 0x7fc3fa076e60>,39,18,[1 6],40,152,170,112,141
1,<environment.Job instance at 0x7fc3fa076640>,42,16,[4 6],43,152,168,109,141
1,<environment.Job instance at 0x7fc3faf427d0>,22,26,[11  1],23,168,194,145,165
1,<environment.Job instance at 0x7fc3fa06eb90>,48,14,[ 4 13],49,170,184,121,165
1,<environment.Job instance at 0x7fc3fa077050>,49,18,[ 3 14],50,184,202,134,173
1,<environment.Job instance at 0x7fc3fafac2d0>,40,17,[13  3],41,202,219,161,190
1,<environment.Job instance at 0x7fc3fad95640>,51,12,[4 5],52,219,231,167,202
1,<environment.Job instance at 0x7fc3fad95b90>,52,15,[11  5],53,219,234,166,208
1,<environment.Job instance at 0x7fc403c67820>,29,17,[6 2],30,234,251,204,222
1,<environment.Job instance at 0x7fc3fa2f5640>,0,15,[9 4],1,234,249,233,225
1,<environment.Job instance at 0x7fc3fad95410>,50,26,[14  5],51,251,277,200,248
1,<environment.Job instance at 0x7fc3f9dcb870>,58,14,[1 7],59,264,278,205,264
1,<environment.Job instance at 0x7fc3f9dcb280>,59,15,[5 9],60,278,293,218,264
1,<environment.Job instance at 0x7fc3f9dcb230>,61,16,[4 8],62,293,309,231,280
1,<environment.Job instance at 0x7fc3f9dcb730>,62,22,[1 6],63,280,302,217,280
1,<environment.Job instance at 0x7fc3f9dcb370>,64,19,[5 3],65,302,321,237,292
1,<environment.Job instance at 0x7fc3f9dcbaf0>,66,15,[ 5 10],67,309,324,242,295
1,<environment.Job instance at 0x7fc3f9dcb0a0>,67,14,[5 6],68,324,338,256,309
1,<environment.Job instance at 0x7fc3f9dc3230>,70,13,[4 8],71,324,337,253,309
1,<environment.Job instance at 0x7fc3f9dc2b40>,73,13,[4 6],74,337,350,263,321
1,<environment.Job instance at 0x7fc3f9dc2d20>,76,13,[2 7],77,338,351,261,322
1,<environment.Job instance at 0x7fc3f9dc2dc0>,77,14,[9 3],78,350,364,272,335
1,<environment.Job instance at 0x7fc3f9dc29b0>,79,19,[5 5],80,351,370,271,341
1,<environment.Job instance at 0x7fc3f9dc2f50>,80,12,[9 4],81,364,376,283,347
1,<environment.Job instance at 0x7fc3f9dc53c0>,86,15,[5 7],87,370,385,283,356
1,<environment.Job instance at 0x7fc3f9dc5640>,90,14,[4 9],91,385,399,294,370
1,<environment.Job instance at 0x7fc3f9dc5aa0>,96,18,[8 2],97,376,394,279,370
1,<environment.Job instance at 0x7fc3f9dc5960>,98,17,[5 4],99,394,411,295,382
1,<environment.Job instance at 0x7fc3fa091820>,55,25,[11  1],56,870,895,814,870
1,<environment.Job instance at 0x7fc3fa0913c0>,53,23,[ 3 11],54,1016,1039,962,1016
1,<environment.Job instance at 0x7f417e908230>,0,13,[9 3],1,1,14,0,1
1,<environment.Job instance at 0x7f417e908320>,2,22,[4 8],3,3,25,0,3
1,<environment.Job instance at 0x7f417531cc80>,6,20,[6 1],7,14,34,7,8
1,<environment.Job instance at 0x7f417531f280>,14,13,[7 3],15,25,38,10,17
1,<environment.Job instance at 0x7f417531f820>,23,18,[2 7],24,25,43,1,24
1,<environment.Job instance at 0x7f417531caf0>,7,25,[6 2],8,34,59,26,32
1,<environment.Job instance at 0x7f417531ffa0>,33,16,[2 8],34,43,59,9,36
1,<environment.Job instance at 0x7f41753231e0>,35,15,[9 5],36,59,74,23,45
1,<environment.Job instance at 0x7f4175323550>,40,15,[10  3],41,74,89,33,60
1,<environment.Job instance at 0x7f417531ce60>,8,22,[14  3],9,89,111,80,83
1,<environment.Job instance at 0x7f417531cbe0>,4,21,[1 6],5,86,107,81,86
1,<environment.Job instance at 0x7f4175323730>,43,13,[13  1],44,111,124,67,95
1,<environment.Job instance at 0x7f4175323910>,45,13,[6 5],46,124,137,78,112
1,<environment.Job instance at 0x7f4175323690>,42,20,[9 4],43,124,144,81,116
1,<environment.Job instance at 0x7f4175323c30>,51,20,[5 3],52,137,157,85,128
1,<environment.Job instance at 0x7f4175323d70>,53,17,[5 7],54,144,161,90,133
1,<environment.Job instance at 0x7f4175323f50>,58,14,[2 7],59,157,171,98,144
1,<environment.Job instance at 0x7f4175323820>,46,17,[12  2],47,161,178,114,149
1,<environment.Job instance at 0x7f41753251e0>,59,17,[1 6],60,161,178,101,149
1,<environment.Job instance at 0x7f41753253c0>,62,18,[5 3],63,178,196,115,167
1,<environment.Job instance at 0x7f4175325500>,64,19,[3 8],65,178,197,113,168
1,<environment.Job instance at 0x7f41753255a0>,65,20,[2 6],66,196,216,130,187
1,<environment.Job instance at 0x7f4175325640>,66,21,[7 4],67,197,218,130,189
1,<environment.Job instance at 0x7f41753252d0>,60,23,[ 1 11],61,216,239,155,210
1,<environment.Job instance at 0x7f4175325c80>,76,19,[4 8],77,239,258,162,229
1,<environment.Job instance at 0x7f4175325d20>,77,13,[8 5],78,239,252,161,229
1,<environment.Job instance at 0x7f4175325e10>,78,12,[10  2],79,252,264,173,235
1,<environment.Job instance at 0x7f4175325e60>,79,13,[9 4],80,264,277,184,248
1,<environment.Job instance at 0x7f4175325f50>,80,14,[2 6],81,258,272,177,248
1,<environment.Job instance at 0x7f4175325fa0>,81,15,[5 9],82,272,287,190,258
1,<environment.Job instance at 0x7f4175325f00>,82,16,[ 4 10],83,287,303,204,274
1,<environment.Job instance at 0x7f4175328690>,89,16,[7 1],90,277,293,187,274
1,<environment.Job instance at 0x7f41753287d0>,91,20,[8 2],92,293,313,201,284
1,<environment.Job instance at 0x7f41753239b0>,47,20,[6 5],48,303,323,255,299
1,<environment.Job instance at 0x7f4175328b40>,95,15,[5 7],96,313,328,217,309
1,<environment.Job instance at 0x7f4175328cd0>,98,17,[5 5],99,323,340,224,311
1,<environment.Job instance at 0x7f4175328e10>,100,18,[2 7],101,328,346,227,322
1,<environment.Job instance at 0x7f4175328460>,93,16,[ 2 11],94,346,362,252,333
1,<environment.Job instance at 0x7f4175328f00>,104,12,[4 6],105,362,374,257,360
1,<environment.Job instance at 0x7f4175325870>,74,27,[1 6],75,362,389,287,360
1,<environment.Job instance at 0x7f417e9081e0>,1,22,[11  3],2,4434,4456,4432,4434
1,<environment.Job instance at 0x7f417532b230>,106,26,[11  4],107,4848,4874,4741,4848
1,<environment.Job instance at 0x7f4175328aa0>,105,12,[14  5],106,4874,4886,4768,4869
1,<environment.Job instance at 0x7f4174a67410>,5,16,[7 5],6,6,22,0,6
1,<environment.Job instance at 0x7f4174a66690>,0,21,[6 5],1,8,29,7,8
1,<environment.Job instance at 0x7f4175328aa0>,9,17,[ 3 10],10,22,39,12,10
1,<environment.Job instance at 0x7f4174a5bb40>,11,13,[7 4],12,29,42,17,13
1,<environment.Job instance at 0x7f4174a60190>,17,16,[8 1],18,39,55,21,26
1,<environment.Job instance at 0x7f4174b4b190>,19,17,[8 1],20,55,72,35,43
1,<environment.Job instance at 0x7f4174beb370>,20,18,[6 1],21,43,61,22,43
1,<environment.Job instance at 0x7f4174ba2500>,24,16,[4 7],25,61,77,36,48
1,<environment.Job instance at 0x7f4174b46780>,30,13,[7 4],31,72,85,41,56
1,<environment.Job instance at 0x7f4174b39a00>,39,15,[10  4],40,85,100,45,71
1,<environment.Job instance at 0x7f4174b39c30>,40,14,[1 8],41,77,91,36,71
1,<environment.Job instance at 0x7f41748e7be0>,46,14,[9 5],47,100,114,53,85
1,<environment.Job instance at 0x7f41748af910>,49,15,[1 7],50,91,106,41,85
1,<environment.Job instance at 0x7f41748d21e0>,52,13,[3 8],53,106,119,53,90
1,<environment.Job instance at 0x7f41748d2aa0>,53,13,[3 5],54,114,127,60,98
1,<environment.Job instance at 0x7f417493b410>,56,20,[1 5],57,119,139,62,110
1,<environment.Job instance at 0x7f41748cad20>,57,22,[3 7],58,127,149,69,120
1,<environment.Job instance at 0x7f4174a61dc0>,67,17,[8 2],68,120,137,52,120
1,<environment.Job instance at 0x7f417490cdc0>,69,16,[5 8],70,139,155,69,126
1,<environment.Job instance at 0x7f41749682d0>,70,13,[8 5],71,149,162,78,133
1,<environment.Job instance at 0x7f4174a37f50>,71,14,[2 9],72,155,169,83,140
1,<environment.Job instance at 0x7f4174a33690>,74,20,[5 2],75,162,182,87,153
1,<environment.Job instance at 0x7f41749089b0>,82,12,[1 7],83,169,181,86,153
1,<environment.Job instance at 0x7f41748b5c80>,88,12,[10  5],89,181,193,92,164
1,<environment.Job instance at 0x7f41748b55a0>,90,14,[2 7],91,182,196,91,167
1,<environment.Job instance at 0x7f41748b4dc0>,95,16,[2 8],96,193,209,97,180
1,<environment.Job instance at 0x7f41748b43c0>,102,13,[9 4],103,196,209,93,180
1,<environment.Job instance at 0x7f4174a64c30>,104,17,[3 8],105,209,226,104,197
1,<environment.Job instance at 0x7f4174a64910>,107,14,[ 1 10],108,226,240,118,211
1,<environment.Job instance at 0x7f4174a5b4b0>,12,22,[14  4],13,226,248,213,219
1,<environment.Job instance at 0x7f4174a5b3c0>,8,14,[ 3 14],9,248,262,239,233
1,<environment.Job instance at 0x7f4174a5b960>,7,19,[11  2],8,878,897,870,878
1,<environment.Job instance at 0x7f4174a60460>,18,15,[8 3],19,1393,1408,1374,1393
1,<environment.Job instance at 0x7f41748c7fa0>,0,14,[6 1],1,1,15,0,1
1,<environment.Job instance at 0x7f4174b4b140>,2,16,[3 8],3,3,19,0,3
1,<environment.Job instance at 0x7f41748c7f50>,3,14,[10  1],4,15,29,11,4
1,<environment.Job instance at 0x7f41748c7b90>,7,13,[7 4],8,29,42,21,13
1,<environment.Job instance at 0x7f4184bba320>,6,13,[6 3],7,29,42,22,13
1,<environment.Job instance at 0x7f41748c1960>,9,20,[1 7],10,19,39,9,16
1,<environment.Job instance at 0x7f41748c1e10>,18,23,[13  3],19,42,65,23,36
1,<environment.Job instance at 0x7f41748c7c30>,8,27,[14  3],9,65,92,56,63
1,<environment.Job instance at 0x7f41748c11e0>,17,16,[2 8],18,92,108,74,80
1,<environment.Job instance at 0x7f41748c12d0>,24,16,[7 4],25,92,108,67,80
1,<environment.Job instance at 0x7f41749ac4b0>,32,14,[5 5],33,108,122,75,93
1,<environment.Job instance at 0x7f41749ac910>,35,19,[9 4],36,108,127,72,102
1,<environment.Job instance at 0x7f41749ace60>,40,14,[2 7],41,122,136,81,107
1,<environment.Job instance at 0x7f41749ac690>,41,15,[4 8],42,127,142,85,113
1,<environment.Job instance at 0x7f4174a3fa00>,46,15,[3 6],47,136,151,89,122
1,<environment.Job instance at 0x7f4174a3fbe0>,48,16,[2 6],49,142,158,93,130
1,<environment.Job instance at 0x7f4174a3fe10>,50,19,[5 5],51,151,170,100,141
1,<environment.Job instance at 0x7f4174a3f4b0>,52,20,[8 5],53,158,178,105,153
1,<environment.Job instance at 0x7f4174a3f690>,55,13,[4 8],56,170,183,114,154
1,<environment.Job instance at 0x7f4174a3f320>,56,13,[5 8],57,183,196,126,167
1,<environment.Job instance at 0x7f4174a3faa0>,61,15,[6 1],62,178,193,116,167
1,<environment.Job instance at 0x7f41748c1f50>,20,20,[13  5],21,196,216,175,187
1,<environment.Job instance at 0x7f4174a3f190>,64,15,[ 1 12],65,216,231,151,202
1,<environment.Job instance at 0x7f417ea82780>,65,14,[ 1 12],66,231,245,165,216
1,<environment.Job instance at 0x7f417ea82cd0>,66,13,[2 5],67,245,258,178,229
1,<environment.Job instance at 0x7f417ea82550>,67,23,[6 4],68,245,268,177,239
1,<environment.Job instance at 0x7f417ea82960>,68,26,[ 3 11],69,258,284,189,255
1,<environment.Job instance at 0x7f417ea82e60>,69,17,[6 2],70,268,285,198,256
1,<environment.Job instance at 0x7f417ea82d70>,70,17,[5 1],71,268,285,197,256
1,<environment.Job instance at 0x7f417ea829b0>,71,25,[3 9],72,284,309,212,280
1,<environment.Job instance at 0x7f417ea82460>,72,13,[14  3],73,309,322,236,293
1,<environment.Job instance at 0x7f417ea825a0>,73,17,[4 6],74,322,339,248,310
1,<environment.Job instance at 0x7f417ea82a50>,74,23,[13  3],75,339,362,264,333
1,<environment.Job instance at 0x7f417ea82a00>,75,14,[ 1 10],76,339,353,263,333
1,<environment.Job instance at 0x7f417ea82910>,76,23,[ 2 13],77,362,385,285,356
1,<environment.Job instance at 0x7f417ea82dc0>,77,16,[11  4],78,385,401,307,372
1,<environment.Job instance at 0x7f417ea824b0>,78,15,[8 2],79,401,416,322,387
1,<environment.Job instance at 0x7f417ea82f50>,79,25,[4 5],80,387,412,307,387
1,<environment.Job instance at 0x7f417ea794b0>,80,25,[6 3],81,412,437,331,408
1,<environment.Job instance at 0x7f417ea79af0>,81,20,[11  1],82,437,457,355,428
1,<environment.Job instance at 0x7f41748c1a00>,19,25,[10  5],20,457,482,437,453
1,<environment.Job instance at 0x7f417498c690>,90,22,[5 9],91,467,489,376,467
1,<environment.Job instance at 0x7f417498cfa0>,101,15,[5 5],102,482,497,380,468
1,<environment.Job instance at 0x7f417498c0a0>,103,13,[4 8],104,489,502,385,473
1,<environment.Job instance at 0x7f417498cf00>,104,20,[6 1],105,489,509,384,484
1,<environment.Job instance at 0x7f417498c820>,91,15,[ 2 11],92,502,517,410,488
1,<environment.Job instance at 0x7f417498c140>,108,18,[ 2 14],109,517,535,408,507
1,<environment.Job instance at 0x7f417498cbe0>,107,21,[5 9],108,573,594,465,573
1,<environment.Job instance at 0x7f41748c75a0>,4,16,[11  2],5,594,610,589,581
1,<environment.Job instance at 0x7f41748c7aa0>,1,26,[11  5],2,610,636,608,607
1,<environment.Job instance at 0x7f417eaf1f50>,2,23,[10  2],3,3,26,0,3
1,<environment.Job instance at 0x7f4174d61280>,8,15,[13  1],9,26,41,17,12
1,<environment.Job instance at 0x7f4174d61960>,10,13,[1 6],11,18,31,7,18
1,<environment.Job instance at 0x7f4174d613c0>,16,20,[5 7],17,41,61,24,32
1,<environment.Job instance at 0x7f4174d61910>,17,16,[5 4],18,41,57,23,32
1,<environment.Job instance at 0x7f4174d618c0>,18,14,[8 3],19,57,71,38,42
1,<environment.Job instance at 0x7f4174d61b90>,22,18,[3 6],23,61,79,38,50
1,<environment.Job instance at 0x7f4174fabf50>,24,15,[5 5],25,71,86,46,57
1,<environment.Job instance at 0x7f4174fab140>,26,16,[3 9],27,79,95,52,66
1,<environment.Job instance at 0x7f4174fab230>,28,12,[ 5 10],29,95,107,66,78
1,<environment.Job instance at 0x7f4174d615f0>,12,20,[8 1],13,86,106,73,78
1,<environment.Job instance at 0x7f4174fab780>,32,15,[ 4 12],33,107,122,74,93
1,<environment.Job instance at 0x7f4174fab910>,34,18,[8 3],35,106,124,71,96
1,<environment.Job instance at 0x7f4174fab5f0>,35,14,[8 5],36,124,138,88,109
1,<environment.Job instance at 0x7f4174f060a0>,36,28,[6 1],37,122,150,85,121
1,<environment.Job instance at 0x7f4174f06d70>,37,16,[5 8],38,138,154,100,131
1,<environment.Job instance at 0x7f4174f06be0>,38,13,[1 7],39,150,163,111,135
1,<environment.Job instance at 0x7f4174fab460>,31,21,[4 8],32,154,175,122,146
1,<environment.Job instance at 0x7f4174dba780>,43,13,[11  5],44,163,176,119,147
1,<environment.Job instance at 0x7f4174dbae10>,45,13,[5 5],46,176,189,130,160
1,<environment.Job instance at 0x7f4174dba3c0>,48,14,[7 5],49,176,190,127,161
1,<environment.Job instance at 0x7f4174dba6e0>,44,24,[8 4],45,189,213,144,184
1,<environment.Job instance at 0x7f4174dba9b0>,49,25,[1 6],50,194,219,144,194
1,<environment.Job instance at 0x7f4174d610f0>,11,22,[ 3 13],12,219,241,207,212
1,<environment.Job instance at 0x7f4174dbaaa0>,55,15,[8 5],56,241,256,185,227
1,<environment.Job instance at 0x7f4174dbacd0>,52,27,[14  4],53,256,283,203,254
1,<environment.Job instance at 0x7f4174e1f460>,62,12,[7 2],63,283,295,220,266
1,<environment.Job instance at 0x7f4174e1fb90>,63,22,[ 1 12],64,283,305,219,276
1,<environment.Job instance at 0x7f4174e1f8c0>,61,22,[5 9],62,305,327,243,298
1,<environment.Job instance at 0x7f4174e1f500>,68,17,[4 8],69,327,344,258,315
1,<environment.Job instance at 0x7f4174e1ff50>,71,13,[4 9],72,344,357,272,328
1,<environment.Job instance at 0x7f4199f920a0>,75,14,[ 2 10],76,357,371,281,342
1,<environment.Job instance at 0x7f41748b1460>,79,14,[ 5 10],80,371,385,291,356
1,<environment.Job instance at 0x7f41748b1640>,80,16,[5 9],81,385,401,304,372
1,<environment.Job instance at 0x7f41748b1140>,81,23,[10  4],82,372,395,290,372
1,<environment.Job instance at 0x7f41748b1320>,82,13,[ 1 10],83,401,414,318,385
1,<environment.Job instance at 0x7f41748b17d0>,83,21,[8 1],84,395,416,311,387
1,<environment.Job instance at 0x7f41748b1aa0>,85,15,[8 4],86,416,431,330,402
1,<environment.Job instance at 0x7f41748b1d70>,86,17,[ 3 10],87,414,431,327,402
1,<environment.Job instance at 0x7f41748b1050>,87,14,[6 4],88,431,445,343,416
1,<environment.Job instance at 0x7f41748b15f0>,88,19,[1 7],89,431,450,342,421
1,<environment.Job instance at 0x7f41748b19b0>,91,20,[11  4],92,445,465,353,436
1,<environment.Job instance at 0x7f4174a2e230>,102,15,[5 8],103,465,480,362,451
1,<environment.Job instance at 0x7f4174a2e640>,104,20,[10  4],105,465,485,360,456
1,<environment.Job instance at 0x7f4174a2eaf0>,105,16,[6 3],106,485,501,379,472
1,<environment.Job instance at 0x7f41748b4320>,106,14,[5 7],107,480,494,373,472
1,<environment.Job instance at 0x7f41748b4190>,107,18,[4 7],108,494,512,386,483
1,<environment.Job instance at 0x7f4174e1faf0>,64,20,[3 8],65,501,521,436,492
1,<environment.Job instance at 0x7f417eaf1be0>,0,25,[7 1],1,512,537,511,508
1,<environment.Job instance at 0x7f417eaf1280>,2,14,[12  4],3,3,17,0,3
1,<environment.Job instance at 0x7f4175775b40>,3,12,[10  3],4,17,29,13,4
1,<environment.Job instance at 0x7f4175775dc0>,7,14,[5 6],8,17,31,9,9
1,<environment.Job instance at 0x7f4175775e60>,5,12,[11  4],6,31,43,25,14
1,<environment.Job instance at 0x7f417eaf1be0>,6,16,[2 9],7,29,45,22,17
1,<environment.Job instance at 0x7f4175775aa0>,8,12,[11  3],9,43,55,34,26
1,<environment.Job instance at 0x7f4175775190>,9,16,[ 3 12],10,45,61,35,32
1,<environment.Job instance at 0x7f41750108c0>,18,12,[8 5],19,61,73,42,44
1,<environment.Job instance at 0x7f41757693c0>,23,16,[6 3],24,55,71,31,51
1,<environment.Job instance at 0x7f4175769280>,29,19,[7 4],30,71,90,41,61
1,<environment.Job instance at 0x7f41757691e0>,19,21,[9 2],20,90,111,70,82
1,<environment.Job instance at 0x7f4174d71d20>,33,22,[1 6],34,100,122,66,100
1,<environment.Job instance at 0x7f4174d8f910>,34,26,[11  4],35,114,140,79,114
1,<environment.Job instance at 0x7f4174d92eb0>,36,17,[11  1],37,140,157,103,128
1,<environment.Job instance at 0x7f4174d3f280>,37,20,[ 1 11],38,128,148,90,128
1,<environment.Job instance at 0x7f4174d6b280>,38,19,[13  2],39,157,176,118,147
1,<environment.Job instance at 0x7f4174ca8140>,39,12,[ 1 11],40,148,160,108,147
1,<environment.Job instance at 0x7f4174ca8a50>,42,16,[10  3],43,176,192,133,163
1,<environment.Job instance at 0x7f4174da3370>,45,13,[6 4],46,192,205,146,176
1,<environment.Job instance at 0x7f4174da39b0>,46,14,[10  3],47,205,219,158,190
1,<environment.Job instance at 0x7f4174d408c0>,48,19,[1 5],49,201,220,152,201
1,<environment.Job instance at 0x7f4174d66640>,40,20,[13  5],41,219,239,178,210
1,<environment.Job instance at 0x7f4174d91dc0>,50,18,[10  4],51,239,257,188,228
1,<environment.Job instance at 0x7f4174d355a0>,49,18,[2 9],50,235,253,185,235
1,<environment.Job instance at 0x7f4175018460>,53,14,[4 5],54,253,267,199,239
1,<environment.Job instance at 0x7f4174d91eb0>,51,13,[6 5],52,257,270,205,241
1,<environment.Job instance at 0x7f4174da9230>,57,15,[9 5],58,267,282,209,257
1,<environment.Job instance at 0x7f4174da92d0>,58,23,[14  2],59,282,305,223,276
1,<environment.Job instance at 0x7f4174da9050>,60,15,[5 1],61,305,320,244,291
1,<environment.Job instance at 0x7f4174da9640>,59,17,[1 7],60,292,309,232,292
1,<environment.Job instance at 0x7f4174da9b90>,66,14,[5 9],67,309,323,242,294
1,<environment.Job instance at 0x7f4174da9fa0>,68,12,[2 5],69,305,317,236,294
1,<environment.Job instance at 0x7f4174da9f50>,69,16,[6 5],70,320,336,250,307
1,<environment.Job instance at 0x7f4175010a00>,17,26,[ 5 11],18,336,362,318,333
1,<environment.Job instance at 0x7f417502bc80>,76,18,[7 5],77,362,380,285,351
1,<environment.Job instance at 0x7f417502bd20>,77,18,[5 9],78,362,380,284,351
1,<environment.Job instance at 0x7f4174da9af0>,61,18,[5 9],62,380,398,318,369
1,<environment.Job instance at 0x7f417502bf00>,80,19,[4 9],81,398,417,317,388
1,<environment.Job instance at 0x7f417502bfa0>,81,12,[10  2],82,388,400,306,388
1,<environment.Job instance at 0x7f4175784230>,82,26,[13  5],83,417,443,334,414
1,<environment.Job instance at 0x7f417502ba50>,83,24,[ 2 10],84,417,441,333,414
1,<environment.Job instance at 0x7f4175784280>,84,19,[9 4],85,443,462,358,433
1,<environment.Job instance at 0x7f4175784320>,85,27,[10  2],86,462,489,376,460
1,<environment.Job instance at 0x7f41757843c0>,86,18,[6 4],87,489,507,402,478
1,<environment.Job instance at 0x7f4175784460>,87,27,[7 2],88,489,516,401,487
1,<environment.Job instance at 0x7f4175784500>,88,15,[13  2],89,516,531,427,502
1,<environment.Job instance at 0x7f41757845a0>,89,17,[11  1],90,531,548,441,519
1,<environment.Job instance at 0x7f4175784640>,90,24,[13  2],91,548,572,457,543
1,<environment.Job instance at 0x7f41757846e0>,91,16,[7 3],92,572,588,480,559
1,<environment.Job instance at 0x7f4175784780>,92,25,[11  4],93,588,613,495,584
1,<environment.Job instance at 0x7f4175784820>,93,15,[ 3 10],94,584,599,490,584
1,<environment.Job instance at 0x7f41757848c0>,94,23,[1 6],95,599,622,504,593
1,<environment.Job instance at 0x7f4175784960>,95,17,[12  4],96,613,630,517,601
1,<environment.Job instance at 0x7f4175784a00>,96,12,[13  4],97,630,642,533,613
1,<environment.Job instance at 0x7f4175784aa0>,97,12,[14  3],98,642,654,544,625
1,<environment.Job instance at 0x7f4175784b40>,98,15,[ 1 12],99,642,657,543,628
1,<environment.Job instance at 0x7f4175775780>,10,17,[8 1],11,654,671,643,645
1,<environment.Job instance at 0x7f4175784be0>,99,21,[ 5 14],100,657,678,557,649
1,<environment.Job instance at 0x7f4175784dc0>,101,15,[6 3],102,678,693,576,664
1,<environment.Job instance at 0x7f4175784e10>,102,22,[ 5 13],103,693,715,590,686
1,<environment.Job instance at 0x7f4175784eb0>,103,18,[7 5],104,715,733,611,704
1,<environment.Job instance at 0x7f4175784f50>,104,28,[2 9],105,715,743,610,714
1,<environment.Job instance at 0x7f4175784d70>,105,25,[7 1],106,733,758,627,729
1,<environment.Job instance at 0x7f41757840f0>,106,17,[10  3],107,758,775,651,746
1,<environment.Job instance at 0x7f4174fef190>,107,27,[ 5 10],108,746,773,638,746
1,<environment.Job instance at 0x7f4174fef230>,108,20,[ 3 13],109,775,795,666,766
1,<environment.Job instance at 0x7f4175784d20>,100,16,[11  2],101,775,791,674,775
1,<environment.Job instance at 0x7f417502bb40>,74,27,[11  3],75,1088,1115,1013,1088
1,<environment.Job instance at 0x7f417502be60>,79,22,[3 8],80,1402,1424,1322,1402
1,<environment.Job instance at 0x7f41753b4f50>,0,27,[7 4],1,4225,4252,4224,4225
1,<environment.Job instance at 0x7f4174d35f50>,6,18,[11  5],7,7,25,0,7
1,<environment.Job instance at 0x7f4174d35aa0>,10,20,[2 9],11,11,31,0,11
1,<environment.Job instance at 0x7f4174d35be0>,13,14,[1 5],14,25,39,11,14
1,<environment.Job instance at 0x7f4174d35050>,18,15,[1 6],19,31,46,12,20
1,<environment.Job instance at 0x7f4174d35c30>,19,14,[12  4],20,31,45,11,22
1,<environment.Job instance at 0x7f4174d38e10>,22,12,[14  4],23,45,57,22,28
1,<environment.Job instance at 0x7f4174d385a0>,25,13,[1 7],26,46,59,20,32
1,<environment.Job instance at 0x7f4174d38eb0>,32,13,[5 5],33,57,70,24,41
1,<environment.Job instance at 0x7f4174d38280>,36,14,[6 4],37,59,73,22,44
1,<environment.Job instance at 0x7f4174d35230>,23,15,[7 4],24,70,85,46,56
1,<environment.Job instance at 0x7f4174d38870>,44,20,[3 8],45,73,93,28,64
1,<environment.Job instance at 0x7f4175993190>,46,14,[ 4 10],47,93,107,46,78
1,<environment.Job instance at 0x7f41759930f0>,47,13,[6 2],48,85,98,37,78
1,<environment.Job instance at 0x7f4175993a00>,49,19,[9 4],50,98,117,48,88
1,<environment.Job instance at 0x7f4175993c80>,51,18,[6 1],52,107,125,55,96
1,<environment.Job instance at 0x7f4175993910>,52,19,[1 7],53,117,136,64,107
1,<environment.Job instance at 0x7f4175993eb0>,58,17,[7 1],59,117,134,58,107
1,<environment.Job instance at 0x7f4175993dc0>,62,21,[6 4],63,125,146,62,117
1,<environment.Job instance at 0x7f4175122690>,64,20,[10  4],65,146,166,81,137
1,<environment.Job instance at 0x7f41751222d0>,65,19,[11  4],66,166,185,100,156
1,<environment.Job instance at 0x7f41751224b0>,67,16,[ 4 10],68,156,172,88,156
1,<environment.Job instance at 0x7f4175122e10>,69,17,[5 5],70,185,202,115,173
1,<environment.Job instance at 0x7f41751220a0>,71,15,[9 4],72,185,200,113,173
1,<environment.Job instance at 0x7f4175122410>,73,13,[1 5],74,173,186,99,173
1,<environment.Job instance at 0x7f41751220f0>,77,20,[7 1],78,200,220,122,191
1,<environment.Job instance at 0x7f417512af00>,79,16,[4 9],80,202,218,122,191
1,<environment.Job instance at 0x7f417512a550>,80,18,[ 2 10],81,218,236,137,207
1,<environment.Job instance at 0x7f417512a3c0>,83,14,[6 5],84,220,234,136,207
1,<environment.Job instance at 0x7f417512ab90>,85,15,[10  3],86,234,249,148,220
1,<environment.Job instance at 0x7f41751a1140>,88,13,[9 4],89,249,262,160,233
1,<environment.Job instance at 0x7f41751a1c80>,91,15,[4 5],92,236,251,144,233
1,<environment.Job instance at 0x7f41751a16e0>,93,21,[1 6],94,236,257,142,233
1,<environment.Job instance at 0x7f41751a1230>,96,16,[4 5],97,251,267,154,238
1,<environment.Job instance at 0x7f41751a1690>,99,16,[ 5 10],100,262,278,162,249
1,<environment.Job instance at 0x7f41751a1a00>,100,18,[7 3],101,267,285,166,256
1,<environment.Job instance at 0x7f41751a1320>,101,16,[9 2],102,285,301,183,272
1,<environment.Job instance at 0x7f41751a1500>,104,21,[6 5],105,278,299,173,272
1,<environment.Job instance at 0x7f41751a12d0>,106,20,[3 6],107,299,319,192,290
1,<environment.Job instance at 0x7f41750fbf50>,107,13,[9 4],108,301,314,193,290
1,<environment.Job instance at 0x7f41750fb410>,108,19,[ 5 10],109,319,338,210,309
1,<environment.Job instance at 0x7f4174d38730>,45,17,[2 9],46,338,355,292,337
1,<environment.Job instance at 0x7f41759c79b0>,0,17,[12  4],1,346,363,345,346
1,<environment.Job instance at 0x7f4174d35b90>,15,18,[1 7],16,6077,6095,6061,6077
1,<environment.Job instance at 0x7f4175994eb0>,0,17,[4 7],1,1,18,0,1
1,<environment.Job instance at 0x7f4175994140>,1,17,[4 5],2,2,19,0,2
1,<environment.Job instance at 0x7f4174d35b90>,3,15,[4 9],4,18,33,14,4
1,<environment.Job instance at 0x7f4174d42140>,8,17,[5 2],9,19,36,10,10
1,<environment.Job instance at 0x7f4174d4e820>,10,15,[6 3],11,19,34,8,11
1,<environment.Job instance at 0x7f4174d4e5a0>,12,21,[9 5],13,34,55,21,26
1,<environment.Job instance at 0x7f4174d4ee60>,16,14,[7 2],17,55,69,38,40
1,<environment.Job instance at 0x7f41757ac820>,20,18,[11  4],21,69,87,48,58
1,<environment.Job instance at 0x7f4174d4c780>,21,13,[7 1],22,87,100,65,71
1,<environment.Job instance at 0x7f4174d4c4b0>,22,14,[3 6],23,71,85,48,71
1,<environment.Job instance at 0x7f4174d46c30>,24,19,[6 1],25,87,106,62,77
1,<environment.Job instance at 0x7f4174d4e0f0>,9,18,[1 9],10,85,103,75,79
1,<environment.Job instance at 0x7f4174d46be0>,26,16,[5 8],27,103,119,76,90
1,<environment.Job instance at 0x7f41751010a0>,27,21,[14  1],28,119,140,91,111
1,<environment.Job instance at 0x7f41753464b0>,31,14,[6 1],32,140,154,108,128
1,<environment.Job instance at 0x7f4174d4e640>,11,15,[3 9],12,140,155,128,132
1,<environment.Job instance at 0x7f4175346c30>,32,20,[6 3],33,140,160,107,133
1,<environment.Job instance at 0x7f41750ef230>,35,12,[ 1 14],36,160,172,124,144
1,<environment.Job instance at 0x7f4174ca08c0>,36,14,[13  4],37,172,186,135,160
1,<environment.Job instance at 0x7f4174ca0eb0>,33,17,[10  4],34,186,203,152,174
1,<environment.Job instance at 0x7f4174fbb320>,41,20,[5 6],42,192,212,150,192
1,<environment.Job instance at 0x7f4174fbb730>,45,16,[10  2],46,203,219,157,192
1,<environment.Job instance at 0x7f4175d420f0>,48,17,[5 5],49,212,229,163,200
1,<environment.Job instance at 0x7f41751179b0>,49,13,[8 2],50,219,232,169,204
1,<environment.Job instance at 0x7f4175117b90>,50,19,[8 4],51,232,251,181,223
1,<environment.Job instance at 0x7f4174fbf640>,34,14,[3 9],35,229,243,194,228
1,<environment.Job instance at 0x7f4174bb6190>,52,15,[9 3],53,251,266,198,237
1,<environment.Job instance at 0x7f41750efe10>,37,18,[10  3],38,266,284,228,255
1,<environment.Job instance at 0x7f4175d2f320>,56,18,[10  2],57,284,302,227,273
1,<environment.Job instance at 0x7f4175d2fcd0>,57,20,[7 5],58,302,322,244,293
1,<environment.Job instance at 0x7f4175d2ffa0>,55,23,[4 5],56,294,317,238,294
1,<environment.Job instance at 0x7f4175d460f0>,60,21,[5 2],61,317,338,256,309
1,<environment.Job instance at 0x7f4175d468c0>,65,12,[3 6],66,317,329,251,312
1,<environment.Job instance at 0x7f4175d46a50>,67,13,[7 4],68,322,335,254,312
1,<environment.Job instance at 0x7f4175d46640>,70,15,[5 2],71,335,350,264,321
1,<environment.Job instance at 0x7f4175d460a0>,72,14,[7 1],73,338,352,265,323
1,<environment.Job instance at 0x7f4175d2fa50>,58,17,[13  5],59,352,369,293,340
1,<environment.Job instance at 0x7f4174bba8c0>,75,27,[12  1],76,369,396,293,367
1,<environment.Job instance at 0x7f4174bb6dc0>,53,16,[6 3],54,396,412,342,387
1,<environment.Job instance at 0x7f4174bba820>,74,22,[9 4],75,396,418,321,393
1,<environment.Job instance at 0x7f4174bba870>,87,20,[3 7],88,412,432,324,404
1,<environment.Job instance at 0x7f4174bba960>,76,22,[11  5],77,418,440,341,411
1,<environment.Job instance at 0x7f4174bb73c0>,90,18,[1 5],91,432,450,341,421
1,<environment.Job instance at 0x7f4174bb75f0>,95,13,[ 2 10],96,440,453,344,427
1,<environment.Job instance at 0x7f4174bba9b0>,77,14,[2 6],78,453,467,375,441
1,<environment.Job instance at 0x7f4174bb77d0>,98,21,[2 6],99,453,474,354,445
1,<environment.Job instance at 0x7f4174d5c320>,2,28,[9 1],3,455,483,452,455
1,<environment.Job instance at 0x7f4174bb7a50>,102,12,[8 4],103,483,495,380,466
1,<environment.Job instance at 0x7f4174bb7b90>,104,13,[5 4],105,474,487,369,466
1,<environment.Job instance at 0x7f4174bb7c30>,105,14,[8 5],106,495,509,389,480
1,<environment.Job instance at 0x7f4174bb7e10>,108,15,[7 2],109,487,502,378,480
1,<environment.Job instance at 0x7f4174bb7320>,91,27,[4 6],92,506,533,414,506
1,<environment.Job instance at 0x7f4174bb79b0>,101,27,[ 1 11],102,533,560,431,531
1,<environment.Job instance at 0x7f41750cf370>,0,26,[ 4 14],1,1,27,0,1
1,<environment.Job instance at 0x7f417514cf50>,8,13,[5 3],9,27,40,18,11
1,<environment.Job instance at 0x7f417514c690>,11,16,[5 1],12,12,28,0,12
1,<environment.Job instance at 0x7f417514ce10>,14,18,[2 8],15,27,45,12,16
1,<environment.Job instance at 0x7f417514c9b0>,19,17,[1 6],20,40,57,20,28
1,<environment.Job instance at 0x7f417514c730>,20,21,[1 8],21,45,66,24,37
1,<environment.Job instance at 0x7f417514c870>,10,14,[13  2],11,57,71,46,44
1,<environment.Job instance at 0x7f417e555f00>,9,16,[ 3 10],10,71,87,61,58
1,<environment.Job instance at 0x7f41755ade60>,29,20,[3 8],30,87,107,57,79
1,<environment.Job instance at 0x7f41755adc80>,34,17,[10  5],35,79,96,44,79
1,<environment.Job instance at 0x7f41755adeb0>,35,17,[3 6],36,96,113,60,84
1,<environment.Job instance at 0x7f41755ad6e0>,38,16,[1 5],39,107,123,68,94
1,<environment.Job instance at 0x7f41750cf690>,1,16,[4 6],2,113,129,111,100
1,<environment.Job instance at 0x7f41755adaf0>,41,13,[9 3],42,107,120,65,100
1,<environment.Job instance at 0x7f41755adf00>,43,15,[3 8],44,123,138,79,109
1,<environment.Job instance at 0x7f41755adcd0>,44,13,[6 5],45,129,142,84,113
1,<environment.Job instance at 0x7f4174cc0190>,51,17,[9 2],52,138,155,86,126
1,<environment.Job instance at 0x7f4174cc0320>,53,16,[ 3 10],54,142,158,88,129
1,<environment.Job instance at 0x7f4174cc0d20>,59,14,[5 4],60,155,169,95,140
1,<environment.Job instance at 0x7f4174cc0690>,62,18,[9 3],63,158,176,95,147
1,<environment.Job instance at 0x7f4185a6fd70>,70,13,[8 3],71,176,189,105,160
1,<environment.Job instance at 0x7f41752bdd70>,80,13,[7 5],81,176,189,95,160
1,<environment.Job instance at 0x7f41752bd0f0>,84,15,[4 6],85,189,204,104,175
1,<environment.Job instance at 0x7f41752bdfa0>,85,22,[7 1],86,189,211,103,182
1,<environment.Job instance at 0x7f41752bdf50>,87,17,[5 4],88,204,221,116,192
1,<environment.Job instance at 0x7f41755ad3c0>,31,25,[2 7],32,198,223,166,198
1,<environment.Job instance at 0x7f41752bd500>,89,16,[ 4 10],90,223,239,133,210
1,<environment.Job instance at 0x7f4175277b90>,95,21,[6 5],96,221,242,125,213
1,<environment.Job instance at 0x7f4175277690>,107,19,[2 8],108,239,258,131,229
1,<environment.Job instance at 0x7f4175277af0>,108,15,[1 9],109,258,273,149,244
1,<environment.Job instance at 0x7f41752bd6e0>,90,18,[ 5 14],91,273,291,182,271
1,<environment.Job instance at 0x7f41755ad320>,42,16,[ 2 13],43,291,307,248,280
1,<environment.Job instance at 0x7f417512acd0>,1,13,[12  5],2,3,16,1,3
1,<environment.Job instance at 0x7f4174751230>,2,16,[ 4 10],3,16,32,13,3
1,<environment.Job instance at 0x7f41755ad370>,4,13,[4 7],5,32,45,27,16
1,<environment.Job instance at 0x7f41755ad320>,3,18,[1 8],4,32,50,28,21
1,<environment.Job instance at 0x7f4174751af0>,6,28,[14  1],7,45,73,38,44
1,<environment.Job instance at 0x7f417473ab40>,13,18,[5 8],14,73,91,59,62
1,<environment.Job instance at 0x7f417473a730>,18,20,[10  2],19,73,93,54,72
1,<environment.Job instance at 0x7f417473a550>,23,14,[7 2],24,93,107,69,78
1,<environment.Job instance at 0x7f417473a640>,26,12,[6 1],27,93,105,66,78
1,<environment.Job instance at 0x7f417473a5f0>,29,20,[5 6],30,105,125,75,96
1,<environment.Job instance at 0x7f417473a500>,31,14,[3 8],32,107,121,75,97
1,<environment.Job instance at 0x7f417473a230>,32,16,[6 5],33,121,137,88,108
1,<environment.Job instance at 0x7f417473a0a0>,33,14,[5 4],34,125,139,91,110
1,<environment.Job instance at 0x7f4174736f00>,39,16,[9 2],40,137,153,97,124
1,<environment.Job instance at 0x7f417473a320>,15,25,[2 8],16,139,164,123,135
1,<environment.Job instance at 0x7f4174736e60>,45,12,[6 4],46,153,165,107,140
1,<environment.Job instance at 0x7f4174736050>,48,17,[9 2],49,164,181,115,152
1,<environment.Job instance at 0x7f4174736960>,52,21,[2 5],53,165,186,112,157
1,<environment.Job instance at 0x7f4174736cd0>,54,17,[3 9],55,181,198,126,169
1,<environment.Job instance at 0x7f417473a370>,14,16,[11  5],15,186,202,171,177
1,<environment.Job instance at 0x7f4175305b40>,61,17,[2 7],62,198,215,136,186
1,<environment.Job instance at 0x7f41753055a0>,63,17,[8 3],64,202,219,138,190
1,<environment.Job instance at 0x7f4175305960>,68,18,[5 9],69,215,233,146,204
1,<environment.Job instance at 0x7f4175305410>,70,14,[7 4],71,219,233,148,204
1,<environment.Job instance at 0x7f4175305230>,78,19,[7 2],79,233,252,154,223
1,<environment.Job instance at 0x7f4175305640>,79,20,[3 9],80,233,253,153,224
1,<environment.Job instance at 0x7f4174797c30>,82,14,[5 5],83,252,266,169,237
1,<environment.Job instance at 0x7f4175df9a00>,85,16,[6 1],86,252,268,166,240
1,<environment.Job instance at 0x7f4174f09f00>,88,18,[1 5],89,253,271,164,242
1,<environment.Job instance at 0x7f4174f09230>,90,12,[6 3],91,266,278,175,249
1,<environment.Job instance at 0x7f4174f098c0>,91,16,[10  2],92,278,294,186,265
1,<environment.Job instance at 0x7f4174b50500>,0,23,[ 3 13],1,278,301,277,274
1,<environment.Job instance at 0x7f4174ee79b0>,98,13,[7 5],99,301,314,202,285
1,<environment.Job instance at 0x7f41746f4280>,101,15,[7 3],102,301,316,199,287
1,<environment.Job instance at 0x7f4175437a50>,105,14,[4 7],106,314,328,208,299
1,<environment.Job instance at 0x7f4174d555f0>,106,21,[2 8],107,316,337,209,308
1,<environment.Job instance at 0x7f4174ee71e0>,96,18,[6 2],97,328,346,231,317
1,<environment.Job instance at 0x7f41747516e0>,5,26,[5 7],6,1285,1311,1279,1285
1,<environment.Job instance at 0x7f4175424050>,0,28,[5 2],1,2,30,1,2
1,<environment.Job instance at 0x7f41753f15f0>,2,18,[5 4],3,3,21,0,3
1,<environment.Job instance at 0x7f41753f1f50>,4,13,[1 6],5,5,18,0,5
1,<environment.Job instance at 0x7f41753f1050>,8,17,[7 4],9,21,38,12,9
1,<environment.Job instance at 0x7f41753f1780>,9,23,[5 5],10,30,53,20,24
1,<environment.Job instance at 0x7f41753f1c80>,11,14,[11  3],12,53,67,41,38
1,<environment.Job instance at 0x7f41753f10f0>,15,16,[4 9],16,38,54,22,38
1,<environment.Job instance at 0x7f41753f1960>,6,22,[2 6],7,54,76,47,48
1,<environment.Job instance at 0x7f41753f1550>,17,12,[4 5],18,67,79,49,50
1,<environment.Job instance at 0x7f41753f17d0>,10,19,[6 2],11,67,86,56,58
1,<environment.Job instance at 0x7f41753f1aa0>,14,21,[9 1],15,79,100,64,73
1,<environment.Job instance at 0x7f41753f1460>,21,22,[1 8],22,86,108,64,86
1,<environment.Job instance at 0x7f417e451f00>,24,12,[ 5 10],25,108,120,83,91
1,<environment.Job instance at 0x7f417e451730>,25,19,[7 5],26,100,119,74,91
1,<environment.Job instance at 0x7f417e451fa0>,26,16,[8 4],27,119,135,92,106
1,<environment.Job instance at 0x7f41753f1870>,19,22,[ 2 11],20,120,142,100,113
1,<environment.Job instance at 0x7f417e451370>,29,24,[ 1 14],30,142,166,112,137
1,<environment.Job instance at 0x7f417e451640>,30,28,[7 5],31,166,194,135,165
1,<environment.Job instance at 0x7f417e451230>,31,22,[12  4],32,194,216,162,187
1,<environment.Job instance at 0x7f417e4513c0>,32,20,[5 8],33,216,236,183,207
1,<environment.Job instance at 0x7f417e451960>,33,24,[8 5],34,216,240,182,211
1,<environment.Job instance at 0x7f417e4511e0>,34,19,[13  1],35,240,259,205,230
1,<environment.Job instance at 0x7f417e4515a0>,35,23,[11  5],36,259,282,223,253
1,<environment.Job instance at 0x7f417e451e60>,28,22,[5 7],29,282,304,253,275
1,<environment.Job instance at 0x7f417e451cd0>,37,14,[9 5],38,282,296,244,275
1,<environment.Job instance at 0x7f4175c1c140>,42,17,[6 4],43,296,313,253,293
1,<environment.Job instance at 0x7f4175c1c4b0>,44,21,[ 3 10],45,305,326,260,305
1,<environment.Job instance at 0x7f4175c1caf0>,47,12,[5 1],48,305,317,257,305
1,<environment.Job instance at 0x7f4175c1caa0>,48,21,[7 1],49,313,334,264,305
1,<environment.Job instance at 0x7f4175c1cd20>,52,21,[1 6],53,326,347,273,318
1,<environment.Job instance at 0x7f4175c1c0a0>,53,15,[8 1],54,334,349,280,320
1,<environment.Job instance at 0x7f4175c1c730>,54,14,[5 7],55,326,340,271,320
1,<environment.Job instance at 0x7f4175085690>,63,19,[10  1],64,349,368,285,339
1,<environment.Job instance at 0x7f41750859b0>,65,20,[1 8],66,341,361,275,341
1,<environment.Job instance at 0x7f4175085e60>,66,18,[5 4],67,361,379,294,350
1,<environment.Job instance at 0x7f41750858c0>,67,17,[7 2],68,368,385,300,356
1,<environment.Job instance at 0x7f41750856e0>,68,18,[ 4 10],69,379,397,310,368
1,<environment.Job instance at 0x7f4175085f50>,69,13,[7 2],70,385,398,315,369
1,<environment.Job instance at 0x7f4175085320>,73,15,[10  5],74,398,413,324,384
1,<environment.Job instance at 0x7f4175085be0>,75,22,[3 8],76,406,428,330,406
1,<environment.Job instance at 0x7f4175085550>,76,16,[4 7],77,413,429,336,407
1,<environment.Job instance at 0x7f4175085d20>,77,12,[9 1],78,428,440,350,411
1,<environment.Job instance at 0x7f4174ce1d20>,81,14,[2 9],82,429,443,347,416
1,<environment.Job instance at 0x7f4174ce1b90>,84,15,[3 5],85,429,444,344,416
1,<environment.Job instance at 0x7f4174ce10f0>,91,14,[5 7],92,443,457,351,428
1,<environment.Job instance at 0x7f4174ce1140>,92,16,[4 6],93,444,460,351,432
1,<environment.Job instance at 0x7f4174ce15a0>,93,13,[8 1],94,457,470,363,441
1,<environment.Job instance at 0x7f4174ce1dc0>,95,16,[ 3 10],96,460,476,364,447
1,<environment.Job instance at 0x7f41750929b0>,97,18,[8 3],98,470,488,372,459
1,<environment.Job instance at 0x7f4175092960>,101,19,[6 1],102,476,495,374,466
1,<environment.Job instance at 0x7f4175092690>,102,12,[2 5],103,488,500,385,471
1,<environment.Job instance at 0x7f4175092f00>,103,20,[9 2],104,495,515,391,489
1,<environment.Job instance at 0x7f417e451a00>,36,23,[ 2 12],37,500,523,463,494
1,<environment.Job instance at 0x7f4175092320>,108,26,[12  3],109,515,541,406,512
1,<environment.Job instance at 0x7f41750925f0>,107,22,[2 8],108,665,687,557,665
1,<environment.Job instance at 0x7f41753f1640>,3,18,[11  5],4,667,685,663,667
1,<environment.Job instance at 0x7f41753f1b40>,18,21,[10  3],19,789,810,770,789
1,<environment.Job instance at 0x7f417ea7c550>,3,14,[10  4],4,4,18,0,4
1,<environment.Job instance at 0x7f417ea7ccd0>,4,19,[4 7],5,5,24,0,5
1,<environment.Job instance at 0x7f417ea7c0a0>,6,14,[11  3],7,18,32,11,7
1,<environment.Job instance at 0x7f41753f1b40>,8,19,[3 6],9,24,43,15,14
1,<environment.Job instance at 0x7f417555ffa0>,12,18,[5 2],13,32,50,19,21
1,<environment.Job instance at 0x7f417555f960>,13,16,[7 5],14,32,48,18,21
1,<environment.Job instance at 0x7f417555f3c0>,15,12,[8 3],16,48,60,32,31
1,<environment.Job instance at 0x7f417555fe10>,19,16,[4 8],20,50,66,30,41
1,<environment.Job instance at 0x7f41757ccbe0>,25,12,[3 5],26,60,72,34,43
1,<environment.Job instance at 0x7f41757cc820>,34,19,[5 2],35,60,79,25,50
1,<environment.Job instance at 0x7f4175639140>,10,21,[9 1],11,72,93,61,64
1,<environment.Job instance at 0x7f41757cc280>,36,12,[3 6],37,79,91,42,64
1,<environment.Job instance at 0x7f41757cceb0>,37,14,[12  5],38,93,107,55,78
1,<environment.Job instance at 0x7f41757cc500>,38,14,[12  2],39,107,121,68,92
1,<environment.Job instance at 0x7f41753dd1e0>,39,23,[ 5 11],40,121,144,81,115
1,<environment.Job instance at 0x7f41753dd2d0>,40,12,[9 5],41,144,156,103,127
1,<environment.Job instance at 0x7f41753ddcd0>,41,14,[ 3 11],42,156,170,114,141
1,<environment.Job instance at 0x7f41753ddd70>,42,15,[11  2],43,156,171,113,142
1,<environment.Job instance at 0x7f41753ddfa0>,43,17,[ 5 11],44,171,188,127,159
1,<environment.Job instance at 0x7f41753dd7d0>,44,12,[8 3],45,171,183,126,159
1,<environment.Job instance at 0x7f41753dd6e0>,45,18,[ 2 10],46,188,206,142,177
1,<environment.Job instance at 0x7f41753dd9b0>,46,17,[5 5],47,188,205,141,177
1,<environment.Job instance at 0x7f41753ddd20>,47,14,[9 5],48,205,219,157,190
1,<environment.Job instance at 0x7f41753dddc0>,48,14,[8 5],49,219,233,170,204
1,<environment.Job instance at 0x7f41756390a0>,9,19,[9 1],10,233,252,223,223
1,<environment.Job instance at 0x7f41753dd5a0>,50,15,[13  3],51,252,267,201,238
1,<environment.Job instance at 0x7f417ea7caf0>,7,18,[1 9],8,238,256,230,238
1,<environment.Job instance at 0x7f4175acc140>,56,16,[2 9],57,256,272,199,253
1,<environment.Job instance at 0x7f4175accd70>,62,18,[1 6],63,267,285,204,256
1,<environment.Job instance at 0x7f41753ddf00>,52,14,[6 3],53,272,286,219,257
1,<environment.Job instance at 0x7f4175acccd0>,64,18,[9 3],65,285,303,220,274
1,<environment.Job instance at 0x7f4175acc690>,67,19,[2 7],68,286,305,218,276
1,<environment.Job instance at 0x7f41751cc500>,70,15,[5 6],71,303,318,232,289
1,<environment.Job instance at 0x7f41751ccaf0>,73,22,[6 2],74,303,325,229,296
1,<environment.Job instance at 0x7f41751ccd20>,79,20,[5 6],80,318,338,238,309
1,<environment.Job instance at 0x7f41751cca00>,87,20,[6 4],88,325,345,237,317
1,<environment.Job instance at 0x7f41751cc5a0>,90,17,[2 9],91,338,355,247,326
1,<environment.Job instance at 0x7f41751e81e0>,97,13,[5 8],98,355,368,257,339
1,<environment.Job instance at 0x7f41751e8320>,98,18,[5 2],99,339,357,240,339
1,<environment.Job instance at 0x7f41751e8690>,105,14,[3 9],106,368,382,262,353
1,<environment.Job instance at 0x7f4175acc8c0>,66,21,[5 6],67,357,378,290,353
1,<environment.Job instance at 0x7f41751e8960>,108,12,[ 1 12],109,382,394,273,365
1,<environment.Job instance at 0x7f41753dde10>,51,17,[ 1 14],52,394,411,342,382
1,<environment.Job instance at 0x7f41751e8780>,107,17,[4 7],108,501,518,393,501
1,<environment.Job instance at 0x7f417551f190>,3,13,[9 2],4,4,17,0,4
1,<environment.Job instance at 0x7f417551f960>,4,21,[5 8],5,5,26,0,5
1,<environment.Job instance at 0x7f417551fe60>,12,15,[1 7],13,17,32,4,13
1,<environment.Job instance at 0x7f4175aac870>,0,16,[ 1 10],1,32,48,31,20
1,<environment.Job instance at 0x7f41756d17d0>,21,12,[5 2],22,26,38,4,22
1,<environment.Job instance at 0x7f41756d1320>,22,18,[7 1],23,26,44,3,24
1,<environment.Job instance at 0x7f41756d18c0>,28,16,[4 5],29,44,60,15,31
1,<environment.Job instance at 0x7f41756d1aa0>,30,17,[6 3],31,48,65,17,36
1,<environment.Job instance at 0x7f417551f690>,20,13,[1 9],21,60,73,39,44
1,<environment.Job instance at 0x7f41756d1780>,31,20,[1 9],32,73,93,41,64
1,<environment.Job instance at 0x7f41756d1960>,34,22,[6 3],35,64,86,29,64
1,<environment.Job instance at 0x7f41756d1d70>,36,17,[4 7],37,93,110,56,81
1,<environment.Job instance at 0x7f41756d12d0>,41,16,[2 7],42,93,109,51,81
1,<environment.Job instance at 0x7f417470e690>,43,21,[2 6],44,109,130,65,101
1,<environment.Job instance at 0x7f417470e0a0>,46,20,[2 9],47,110,130,63,101
1,<environment.Job instance at 0x7f417527f140>,50,18,[3 9],51,130,148,79,119
1,<environment.Job instance at 0x7f417527fb40>,54,12,[5 1],55,130,142,75,119
1,<environment.Job instance at 0x7f417527faa0>,56,12,[4 8],57,148,160,91,131
1,<environment.Job instance at 0x7f417527fe60>,57,14,[1 9],58,160,174,102,145
1,<environment.Job instance at 0x7f417527fc80>,61,18,[10  5],62,145,163,83,145
1,<environment.Job instance at 0x7f417527f730>,62,12,[1 6],63,163,175,100,146
1,<environment.Job instance at 0x7f417527faf0>,63,17,[5 5],64,174,191,110,162
1,<environment.Job instance at 0x7f41759b9be0>,66,19,[6 2],67,174,193,107,164
1,<environment.Job instance at 0x7f41759b9190>,69,14,[9 3],70,191,205,121,176
1,<environment.Job instance at 0x7f41759b9640>,71,13,[7 2],72,205,218,133,189
1,<environment.Job instance at 0x7f41759b90f0>,72,12,[5 2],73,193,205,120,189
1,<environment.Job instance at 0x7f41759b9960>,73,15,[3 9],74,205,220,131,191
1,<environment.Job instance at 0x7f41759b9280>,76,15,[6 2],77,218,233,141,204
1,<environment.Job instance at 0x7f41759b9b40>,80,16,[8 5],81,220,236,139,207
1,<environment.Job instance at 0x7f41753af050>,85,13,[8 4],86,236,249,150,220
1,<environment.Job instance at 0x7f4174c54fa0>,88,19,[9 2],89,249,268,160,239
1,<environment.Job instance at 0x7f417493cd70>,91,22,[5 2],92,239,261,147,239
1,<environment.Job instance at 0x7f417493c2d0>,93,20,[6 2],94,261,281,167,252
1,<environment.Job instance at 0x7f417599e6e0>,95,15,[3 6],96,268,283,172,254
1,<environment.Job instance at 0x7f41753291e0>,98,14,[6 1],99,268,282,169,254
1,<environment.Job instance at 0x7f41753b45f0>,101,18,[10  4],102,282,300,180,271
1,<environment.Job instance at 0x7f4175d3a9b0>,103,15,[7 2],104,300,315,196,286
1,<environment.Job instance at 0x7f41754420a0>,2,23,[7 1],3,3,26,0,3
1,<environment.Job instance at 0x7f41752afeb0>,5,15,[6 5],6,6,21,0,6
1,<environment.Job instance at 0x7f41752afc80>,10,17,[10  3],11,26,43,15,14
1,<environment.Job instance at 0x7f4175cb3a50>,22,15,[4 7],23,23,38,0,23
1,<environment.Job instance at 0x7f4174f13b40>,40,12,[9 5],41,43,55,2,41
1,<environment.Job instance at 0x7f4174f135f0>,42,12,[9 4],43,55,67,12,43
1,<environment.Job instance at 0x7f4174f13820>,43,21,[1 8],44,45,66,1,45
1,<environment.Job instance at 0x7f4174f13d20>,46,18,[10  3],47,67,85,20,56
1,<environment.Job instance at 0x7f4174f13af0>,47,13,[3 7],48,66,79,18,56
1,<environment.Job instance at 0x7f4174f13230>,48,20,[6 2],49,85,105,36,76
1,<environment.Job instance at 0x7f4174e54190>,65,13,[5 7],66,79,92,13,76
1,<environment.Job instance at 0x7f4174e54320>,71,14,[7 4],72,92,106,20,77
1,<environment.Job instance at 0x7f4174e54f50>,73,15,[2 7],74,92,107,18,78
1,<environment.Job instance at 0x7f4174e54c30>,74,16,[3 5],75,106,122,31,93
1,<environment.Job instance at 0x7f4175e737d0>,79,15,[7 2],80,106,121,26,93
1,<environment.Job instance at 0x7f4175e73dc0>,80,16,[10  4],81,121,137,40,108
1,<environment.Job instance at 0x7f4175e73730>,82,17,[3 9],83,122,139,39,110
1,<environment.Job instance at 0x7f4175e73820>,88,17,[8 5],89,137,154,48,125
1,<environment.Job instance at 0x7f4174e58280>,94,19,[5 2],95,139,158,44,129
1,<environment.Job instance at 0x7f4174e585a0>,98,19,[5 5],99,154,173,55,144
1,<environment.Job instance at 0x7f4174e58d20>,100,14,[9 2],101,158,172,57,144
1,<environment.Job instance at 0x7f4174e58960>,101,15,[3 7],102,172,187,70,158
1,<environment.Job instance at 0x7f4174e58140>,104,18,[3 6],105,173,191,68,162
1,<environment.Job instance at 0x7f4175442a50>,0,21,[ 1 12],1,5627,5648,5626,5627
1,<environment.Job instance at 0x7f41752afd70>,9,18,[12  3],10,6656,6674,6646,6656
1,<environment.Job instance at 0x7f417544ef50>,1,16,[5 1],2,2,18,0,2
1,<environment.Job instance at 0x7f4174da8c30>,2,15,[9 3],3,3,18,0,3
1,<environment.Job instance at 0x7f4174da86e0>,3,13,[11  2],4,18,31,14,4
1,<environment.Job instance at 0x7f4175c13870>,9,19,[ 3 10],10,18,37,8,15
1,<environment.Job instance at 0x7f4175c13730>,10,12,[5 8],11,37,49,26,20
1,<environment.Job instance at 0x7f4175c13780>,11,20,[10  3],12,31,51,19,22
1,<environment.Job instance at 0x7f4175c133c0>,8,21,[ 3 11],9,49,70,40,41
1,<environment.Job instance at 0x7f4175c13af0>,15,12,[ 2 14],16,70,82,54,53
1,<environment.Job instance at 0x7f417544eeb0>,0,24,[9 1],1,54,78,53,54
1,<environment.Job instance at 0x7f4175c13b90>,22,16,[ 5 10],23,82,98,59,69
1,<environment.Job instance at 0x7f4174da8fa0>,7,17,[7 1],8,78,95,70,72
1,<environment.Job instance at 0x7f41752fd870>,29,16,[3 6],30,98,114,68,85
1,<environment.Job instance at 0x7f41752fd190>,34,13,[7 5],35,95,108,60,85
1,<environment.Job instance at 0x7f41752fde60>,38,19,[3 5],39,108,127,69,98
1,<environment.Job instance at 0x7f41752fdf50>,40,14,[4 6],41,114,128,73,99
1,<environment.Job instance at 0x7f41752fda50>,42,15,[9 2],43,127,142,84,113
1,<environment.Job instance at 0x7f41752fdaa0>,43,16,[8 4],44,142,158,98,129
1,<environment.Job instance at 0x7f41752fd9b0>,46,12,[ 2 10],47,129,141,82,129
1,<environment.Job instance at 0x7f4175777d20>,51,17,[4 9],52,141,158,89,129
1,<environment.Job instance at 0x7f41757777d0>,53,13,[7 4],54,158,171,104,142
1,<environment.Job instance at 0x7f4175777b90>,57,12,[ 4 10],58,158,170,100,142
1,<environment.Job instance at 0x7f41757770a0>,58,14,[4 9],59,170,184,111,155
1,<environment.Job instance at 0x7f4175777dc0>,62,19,[9 4],63,171,190,108,161
1,<environment.Job instance at 0x7f4175777820>,63,18,[4 7],64,184,202,120,173
1,<environment.Job instance at 0x7f417467baa0>,69,18,[10  5],70,190,208,120,179
1,<environment.Job instance at 0x7f417467b500>,72,19,[5 7],73,202,221,129,192
1,<environment.Job instance at 0x7f417467b280>,75,14,[3 5],76,208,222,132,193
1,<environment.Job instance at 0x7f417467b3c0>,80,12,[3 5],81,221,233,140,204
1,<environment.Job instance at 0x7f417467b8c0>,84,15,[ 1 10],85,222,237,137,208
1,<environment.Job instance at 0x7f417467b4b0>,85,15,[7 1],86,233,248,147,219
1,<environment.Job instance at 0x7f417467b5f0>,86,16,[8 4],87,237,253,150,224
1,<environment.Job instance at 0x7f417467beb0>,87,17,[5 5],88,248,265,160,236
1,<environment.Job instance at 0x7f41758ff640>,92,18,[2 5],93,248,266,155,237
1,<environment.Job instance at 0x7f41758ff730>,94,15,[2 5],95,253,268,158,239
1,<environment.Job instance at 0x7f41758ff140>,95,15,[7 2],96,265,280,169,251
1,<environment.Job instance at 0x7f41758ffb90>,96,19,[10  4],97,280,299,183,270
1,<environment.Job instance at 0x7f41758ff2d0>,99,21,[1 9],100,270,291,170,270
1,<environment.Job instance at 0x7f41758ff0a0>,100,14,[2 9],101,291,305,190,276
1,<environment.Job instance at 0x7f4174c935a0>,108,19,[2 6],109,299,318,190,289
1,<environment.Job instance at 0x7f41752fdd70>,30,15,[1 6],31,338,353,307,338
1,<environment.Job instance at 0x7f4175c13320>,17,22,[13  4],18,338,360,320,338
1,<environment.Job instance at 0x7f4174da8eb0>,4,21,[2 7],5,2542,2563,2537,2542
1,<environment.Job instance at 0x7f4174aee640>,1,19,[4 6],2,2,21,0,2
1,<environment.Job instance at 0x7f4174ca5e10>,3,17,[2 8],4,4,21,0,4
1,<environment.Job instance at 0x7f4174ca50f0>,5,13,[11  2],6,21,34,15,6
1,<environment.Job instance at 0x7f4174ca5c80>,9,19,[4 5],10,21,40,11,11
1,<environment.Job instance at 0x7f4175e76d70>,8,14,[1 7],9,34,48,25,22
1,<environment.Job instance at 0x7f4174c82c30>,11,20,[11  1],12,40,60,28,32
1,<environment.Job instance at 0x7f4174c82640>,13,13,[9 1],14,60,73,46,44
1,<environment.Job instance at 0x7f4174c82410>,12,21,[2 8],13,48,69,35,44
1,<environment.Job instance at 0x7f4174c820f0>,10,25,[1 6],11,46,71,35,46
1,<environment.Job instance at 0x7f4174aeea50>,0,18,[1 7],1,69,87,68,58
1,<environment.Job instance at 0x7f41756d0780>,19,15,[14  1],20,73,88,53,59
1,<environment.Job instance at 0x7f4174a38140>,21,15,[14  4],22,88,103,66,79
1,<environment.Job instance at 0x7f4174c824b0>,14,18,[3 9],15,103,121,88,94
1,<environment.Job instance at 0x7f4174a389b0>,23,20,[12  3],24,103,123,79,94
1,<environment.Job instance at 0x7f4174a38910>,24,20,[ 4 11],25,123,143,98,114
1,<environment.Job instance at 0x7f4174a388c0>,25,19,[ 2 13],26,143,162,117,134
1,<environment.Job instance at 0x7f4174a38b90>,26,15,[14  2],27,162,177,135,148
1,<environment.Job instance at 0x7f4174a57a00>,27,12,[13  3],28,177,189,149,160
1,<environment.Job instance at 0x7f4174a57b40>,28,17,[6 1],29,189,206,160,177
1,<environment.Job instance at 0x7f4174a38a50>,22,25,[ 5 10],23,189,214,166,185
1,<environment.Job instance at 0x7f4174a570f0>,30,15,[8 2],31,206,221,175,192
1,<environment.Job instance at 0x7f4174a33550>,29,21,[11  1],30,221,242,191,213
1,<environment.Job instance at 0x7f4175db70f0>,7,15,[9 5],8,242,257,234,229
1,<environment.Job instance at 0x7f4174c7fa00>,33,18,[6 1],34,242,260,208,234
1,<environment.Job instance at 0x7f4174c7f280>,32,23,[8 3],33,257,280,224,251
1,<environment.Job instance at 0x7f4174c7ff00>,35,13,[11  5],36,280,293,244,264
1,<environment.Job instance at 0x7f4174c7f2d0>,36,12,[3 5],37,266,278,229,266
1,<environment.Job instance at 0x7f4174c7fcd0>,37,20,[12  2],38,293,313,255,284
1,<environment.Job instance at 0x7f4174c7feb0>,38,14,[6 1],39,313,327,274,298
1,<environment.Job instance at 0x7f4174c7f9b0>,41,14,[6 5],42,313,327,271,300
1,<environment.Job instance at 0x7f4174c7fb40>,47,16,[8 2],48,327,343,279,314
1,<environment.Job instance at 0x7f4174c7f820>,49,12,[7 5],50,327,339,277,314
1,<environment.Job instance at 0x7f4174c7faf0>,50,16,[6 3],51,339,355,288,326
1,<environment.Job instance at 0x7f41756d0fa0>,20,18,[8 2],21,343,361,322,336
1,<environment.Job instance at 0x7f4175ae9dc0>,54,23,[ 4 11],55,355,378,300,349
1,<environment.Job instance at 0x7f4174a6d820>,62,19,[7 5],63,378,397,315,368
1,<environment.Job instance at 0x7f4174af4730>,68,15,[4 5],69,378,393,309,368
1,<environment.Job instance at 0x7f41758d7320>,70,20,[9 5],71,397,417,326,388
1,<environment.Job instance at 0x7f4174a6dd70>,58,24,[4 6],59,393,417,334,388
1,<environment.Job instance at 0x7f41749e2c80>,72,13,[14  3],73,417,430,344,401
1,<environment.Job instance at 0x7f4174b25410>,74,16,[3 6],75,430,446,355,417
1,<environment.Job instance at 0x7f4174b25c80>,78,13,[2 8],79,430,443,351,419
1,<environment.Job instance at 0x7f4174b25b90>,80,15,[5 8],81,443,458,362,429
1,<environment.Job instance at 0x7f4174f1f3c0>,81,17,[9 2],82,446,463,364,435
1,<environment.Job instance at 0x7f417457eaa0>,88,14,[5 7],89,458,472,369,443
1,<environment.Job instance at 0x7f4174a05c80>,93,17,[10  4],94,463,480,369,451
1,<environment.Job instance at 0x7f41759a7280>,94,21,[5 6],95,472,493,377,464
1,<environment.Job instance at 0x7f4175237870>,106,19,[4 7],107,480,499,373,475
1,<environment.Job instance at 0x7f41749e28c0>,73,27,[2 5],74,494,521,420,494
1,<environment.Job instance at 0x7f4174c7fe10>,39,28,[8 4],40,8016,8044,7976,8016
1,<environment.Job instance at 0x7f4174674550>,1,12,[10  3],2,2,14,0,2
1,<environment.Job instance at 0x7f4174674f00>,2,13,[5 1],3,3,16,0,3
1,<environment.Job instance at 0x7f4174674c30>,4,13,[9 5],5,14,27,9,5
1,<environment.Job instance at 0x7f4175054050>,7,18,[5 3],8,16,34,8,8
1,<environment.Job instance at 0x7f4175054550>,8,15,[9 3],9,27,42,18,13
1,<environment.Job instance at 0x7f4175054640>,17,14,[1 8],18,27,41,9,18
1,<environment.Job instance at 0x7f4175d56d20>,24,21,[1 9],25,41,62,16,33
1,<environment.Job instance at 0x7f4175d56f50>,27,22,[9 3],28,42,64,14,35
1,<environment.Job instance at 0x7f4175d56be0>,33,14,[1 7],34,62,76,28,47
1,<environment.Job instance at 0x7f4175d56fa0>,34,18,[5 9],35,76,94,41,65
1,<environment.Job instance at 0x7f4175d56320>,37,15,[1 7],38,94,109,56,80
1,<environment.Job instance at 0x7f4175d56460>,38,18,[5 6],39,80,98,41,80
1,<environment.Job instance at 0x7f41746ef820>,43,12,[5 9],44,109,121,65,92
1,<environment.Job instance at 0x7f41746efaf0>,47,20,[5 6],48,98,118,50,92
1,<environment.Job instance at 0x7f41746ef050>,48,12,[4 7],49,121,133,72,104
1,<environment.Job instance at 0x7f41746efdc0>,51,20,[5 8],52,121,141,69,112
1,<environment.Job instance at 0x7f41746efeb0>,56,19,[2 8],57,141,160,84,131
1,<environment.Job instance at 0x7f41746effa0>,57,21,[3 8],58,160,181,102,152
1,<environment.Job instance at 0x7f41746efb40>,60,12,[2 5],61,152,164,91,152
1,<environment.Job instance at 0x7f41746ef1e0>,61,13,[9 3],62,164,177,102,152
1,<environment.Job instance at 0x7f41746ef9b0>,64,14,[8 5],65,177,191,112,162
1,<environment.Job instance at 0x7f41748bb6e0>,67,13,[5 9],68,181,194,113,165
1,<environment.Job instance at 0x7f41748bb550>,70,13,[5 1],71,191,204,120,175
1,<environment.Job instance at 0x7f41748bbf50>,74,21,[8 5],75,194,215,119,186
1,<environment.Job instance at 0x7f41748bb690>,75,18,[1 8],76,194,212,118,186
1,<environment.Job instance at 0x7f4175a53500>,83,18,[6 3],84,212,230,128,201
1,<environment.Job instance at 0x7f4175a53b40>,86,16,[2 6],87,215,231,128,202
1,<environment.Job instance at 0x7f4175a53190>,88,17,[5 5],89,215,232,126,203
1,<environment.Job instance at 0x7f4175a532d0>,91,18,[9 5],92,231,249,139,220
1,<environment.Job instance at 0x7f4175a53f50>,94,15,[9 5],95,249,264,154,235
1,<environment.Job instance at 0x7f41755ff410>,95,20,[4 6],96,235,255,139,235
1,<environment.Job instance at 0x7f41755ffd70>,97,14,[3 8],98,255,269,157,240
1,<environment.Job instance at 0x7f41757b7c30>,103,17,[5 7],104,264,281,160,252
1,<environment.Job instance at 0x7f41757b7730>,104,12,[5 1],105,269,281,164,252
1,<environment.Job instance at 0x7f41757b7280>,106,19,[10  3],107,281,300,174,271
1,<environment.Job instance at 0x7f41746745f0>,0,25,[2 8],1,366,391,365,366
1,<environment.Job instance at 0x7f4175054780>,9,20,[3 9],10,3530,3550,3520,3530
1,<environment.Job instance at 0x7f4174674af0>,3,16,[13  2],4,3550,3566,3546,3541
1,<environment.Job instance at 0x7f4174674af0>,4,15,[14  2],5,9,24,4,9
1,<environment.Job instance at 0x7f4175587eb0>,8,14,[8 5],9,24,38,15,10
1,<environment.Job instance at 0x7f41747257d0>,0,24,[1 9],1,19,43,18,19
1,<environment.Job instance at 0x7f4175587190>,10,24,[5 3],11,38,62,27,33
1,<environment.Job instance at 0x7f41755be4b0>,20,27,[8 1],21,38,65,17,36
1,<environment.Job instance at 0x7f41755bed20>,36,17,[7 5],37,62,79,25,50
1,<environment.Job instance at 0x7f41755be460>,21,27,[7 5],22,65,92,43,63
1,<environment.Job instance at 0x7f41755bef00>,38,15,[8 2],39,79,94,40,65
1,<environment.Job instance at 0x7f41755c5b90>,39,12,[5 9],40,92,104,52,76
1,<environment.Job instance at 0x7f41755befa0>,37,14,[10  5],38,94,108,56,79
1,<environment.Job instance at 0x7f41755c5280>,49,13,[6 2],50,108,121,58,92
1,<environment.Job instance at 0x7f41755c5a00>,55,15,[7 3],56,108,123,52,94
1,<environment.Job instance at 0x7f41755c5140>,57,16,[2 7],58,106,122,48,106
1,<environment.Job instance at 0x7f41755c50a0>,58,18,[3 9],59,122,140,63,111
1,<environment.Job instance at 0x7f41755c5910>,64,18,[5 3],65,121,139,56,111
1,<environment.Job instance at 0x7f4175587af0>,17,14,[7 1],18,128,142,110,128
1,<environment.Job instance at 0x7f41755bc550>,69,22,[3 5],70,139,161,69,132
1,<environment.Job instance at 0x7f41755bc140>,72,18,[5 2],73,140,158,67,132
1,<environment.Job instance at 0x7f41755be230>,18,25,[6 4],19,142,167,123,140
1,<environment.Job instance at 0x7f41747891e0>,91,16,[4 7],92,161,177,69,148
1,<environment.Job instance at 0x7f4174d62eb0>,100,21,[7 3],101,167,188,66,159
1,<environment.Job instance at 0x7f4174d31140>,108,13,[8 2],109,177,190,68,161
1,<environment.Job instance at 0x7f41755c5af0>,41,27,[9 3],42,311,338,269,311
1,<environment.Job instance at 0x7f41755bc5f0>,70,14,[ 4 11],71,320,334,249,320
1,<environment.Job instance at 0x7f41755be370>,19,25,[14  3],20,410,435,390,410
1,<environment.Job instance at 0x7f41755bca50>,77,26,[2 5],78,1236,1262,1158,1236
1,<environment.Job instance at 0x7f4174d36410>,0,13,[ 1 13],1,1,14,0,1
1,<environment.Job instance at 0x7f4174d36cd0>,1,15,[3 5],2,14,29,12,2
1,<environment.Job instance at 0x7f4175627dc0>,2,13,[6 5],3,14,27,11,3
1,<environment.Job instance at 0x7f417538c9b0>,8,26,[14  2],9,29,55,20,26
1,<environment.Job instance at 0x7f417538cfa0>,9,27,[ 1 10],10,29,56,19,29
1,<environment.Job instance at 0x7f417538c4b0>,11,15,[4 7],12,56,71,44,42
1,<environment.Job instance at 0x7f4175460500>,18,16,[7 5],19,55,71,36,44
1,<environment.Job instance at 0x7f417538cf00>,3,13,[12  1],4,71,84,67,56
1,<environment.Job instance at 0x7f41754605f0>,22,18,[10  4],23,84,102,61,73
1,<environment.Job instance at 0x7f4175460730>,30,15,[9 4],31,102,117,71,88
1,<environment.Job instance at 0x7f4174943aa0>,33,13,[1 6],34,91,104,57,91
1,<environment.Job instance at 0x7f4174943140>,35,17,[1 6],36,104,121,68,92
1,<environment.Job instance at 0x7f4174dc1eb0>,42,18,[1 5],43,92,110,49,92
1,<environment.Job instance at 0x7f4174dc1050>,43,21,[9 2],44,117,138,73,109
1,<environment.Job instance at 0x7f4175460640>,23,13,[ 4 14],24,138,151,114,122
1,<environment.Job instance at 0x7f417538c870>,12,26,[11  4],13,392,418,379,392
1,<environment.Job instance at 0x7f4174dc1dc0>,48,26,[ 5 14],49,420,446,371,420
1,<environment.Job instance at 0x7f4174e32af0>,0,12,[9 4],1,1,13,0,1
1,<environment.Job instance at 0x7f4174e32cd0>,3,15,[11  2],4,13,28,9,4
1,<environment.Job instance at 0x7f4174c612d0>,10,14,[4 9],11,12,26,1,12
1,<environment.Job instance at 0x7f417575b0f0>,12,13,[ 3 10],13,26,39,13,13
1,<environment.Job instance at 0x7f417575b370>,16,18,[8 2],17,28,46,11,21
1,<environment.Job instance at 0x7f417575bb40>,18,17,[5 4],19,39,56,20,27
1,<environment.Job instance at 0x7f4174863730>,8,23,[ 1 10],9,46,69,37,40
1,<environment.Job instance at 0x7f417575bfa0>,20,16,[ 1 12],21,69,85,48,56
1,<environment.Job instance at 0x7f4174c617d0>,11,28,[4 7],12,85,113,73,84
1,<environment.Job instance at 0x7f4174f16410>,24,12,[3 7],25,85,97,60,84
1,<environment.Job instance at 0x7f4174f16a00>,25,16,[13  1],26,113,129,87,100
1,<environment.Job instance at 0x7f4174f169b0>,23,18,[10  1],24,129,147,105,118
1,<environment.Job instance at 0x7f417e6eabe0>,31,13,[7 1],32,147,160,115,131
1,<environment.Job instance at 0x7f417e55cc80>,26,15,[ 4 10],27,131,146,104,131
1,<environment.Job instance at 0x7f41755299b0>,36,16,[11  1],37,160,176,123,147
1,<environment.Job instance at 0x7f417e4d50a0>,37,16,[4 6],38,147,163,109,147
1,<environment.Job instance at 0x7f417e4d5870>,38,13,[ 3 10],39,163,176,124,147
1,<environment.Job instance at 0x7f4175529640>,35,19,[10  3],36,176,195,140,166
1,<environment.Job instance at 0x7f41752af0a0>,41,15,[6 3],42,195,210,153,181
1,<environment.Job instance at 0x7f4174863870>,6,15,[5 7],7,193,208,186,193
1,<environment.Job instance at 0x7f4174b87640>,44,22,[10  4],45,210,232,165,203
1,<environment.Job instance at 0x7f4174b87280>,47,21,[3 5],48,203,224,155,203
1,<environment.Job instance at 0x7f4175d51410>,52,19,[6 2],53,232,251,179,222
1,<environment.Job instance at 0x7f4175853280>,56,13,[3 8],57,224,237,167,222
1,<environment.Job instance at 0x7f41754473c0>,59,13,[2 6],60,237,250,177,222
1,<environment.Job instance at 0x7f41757d6fa0>,60,17,[6 4],61,232,249,171,222
1,<environment.Job instance at 0x7f4175d30140>,66,20,[2 5],67,249,269,182,240
1,<environment.Job instance at 0x7f417487e960>,67,13,[1 5],68,250,263,182,240
1,<environment.Job instance at 0x7f41745bed20>,68,21,[7 5],69,251,272,182,243
1,<environment.Job instance at 0x7f4175f1ba50>,69,15,[3 8],70,269,284,199,255
1,<environment.Job instance at 0x7f41754a1140>,71,16,[8 4],72,272,288,200,259
1,<environment.Job instance at 0x7f4175f02f50>,72,12,[6 4],73,284,296,211,267
1,<environment.Job instance at 0x7f4174a89320>,82,14,[6 5],83,288,302,205,273
1,<environment.Job instance at 0x7f4175a09f00>,86,17,[1 5],87,284,301,197,273
1,<environment.Job instance at 0x7f4175aeb6e0>,91,16,[2 8],92,301,317,209,288
1,<environment.Job instance at 0x7f4175aeb4b0>,94,22,[8 3],95,302,324,207,295
1,<environment.Job instance at 0x7f4175b70140>,97,19,[3 6],98,317,336,219,307
1,<environment.Job instance at 0x7f4174bb6730>,107,15,[10  2],108,324,339,216,310
1,<environment.Job instance at 0x7f4174dc1e10>,1,19,[12  3],2,340,359,338,340
1,<environment.Job instance at 0x7f41752afdc0>,2,15,[3 8],3,3,18,0,3
1,<environment.Job instance at 0x7f41750eda00>,6,13,[2 8],7,18,31,11,7
1,<environment.Job instance at 0x7f41750ed5f0>,7,18,[11  2],8,8,26,0,8
1,<environment.Job instance at 0x7f41750ed870>,9,14,[1 5],10,10,24,0,10
1,<environment.Job instance at 0x7f417e4d5f50>,10,19,[5 2],11,26,45,15,16
1,<environment.Job instance at 0x7f4175e76dc0>,16,20,[5 1],17,26,46,9,17
1,<environment.Job instance at 0x7f417e4a4f50>,23,22,[5 5],24,31,53,7,25
1,<environment.Job instance at 0x7f4175db79b0>,27,12,[2 6],28,45,57,17,28
1,<environment.Job instance at 0x7f4175b902d0>,33,16,[5 6],34,53,69,19,40
1,<environment.Job instance at 0x7f4174a8dfa0>,46,12,[8 2],47,47,59,0,47
1,<environment.Job instance at 0x7f4174a8d410>,47,21,[3 6],48,59,80,11,51
1,<environment.Job instance at 0x7f4175983280>,50,12,[10  3],51,69,81,18,52
1,<environment.Job instance at 0x7f4175983910>,51,16,[1 6],52,69,85,17,61
1,<environment.Job instance at 0x7f41758f7690>,52,18,[9 1],53,81,99,28,70
1,<environment.Job instance at 0x7f41759837d0>,53,18,[10  1],54,99,117,45,88
1,<environment.Job instance at 0x7f41758f7cd0>,57,21,[6 2],58,117,138,59,109
1,<environment.Job instance at 0x7f41758f7fa0>,62,19,[8 2],63,117,136,54,109
1,<environment.Job instance at 0x7f41758f78c0>,63,14,[5 6],64,136,150,72,121
1,<environment.Job instance at 0x7f41758eb5f0>,68,16,[10  1],69,138,154,69,125
1,<environment.Job instance at 0x7f41758ebb40>,70,19,[6 4],71,154,173,83,144
1,<environment.Job instance at 0x7f41758f42d0>,73,14,[10  5],74,173,187,99,158
1,<environment.Job instance at 0x7f41758f46e0>,79,14,[6 5],80,187,201,107,172
1,<environment.Job instance at 0x7f41758f47d0>,81,22,[8 4],82,187,209,105,181
1,<environment.Job instance at 0x7f41758f4870>,82,20,[8 4],83,209,229,126,200
1,<environment.Job instance at 0x7f41758f4910>,83,15,[ 3 10],84,201,216,117,200
1,<environment.Job instance at 0x7f41758f4b40>,86,18,[1 8],87,216,234,129,206
1,<environment.Job instance at 0x7f41758f4d20>,89,18,[8 3],90,229,247,139,218
1,<environment.Job instance at 0x7f41758f4eb0>,92,17,[6 1],93,218,235,125,218
1,<environment.Job instance at 0x7f4175882190>,96,21,[2 6],97,235,256,138,227
1,<environment.Job instance at 0x7f41758822d0>,98,21,[1 6],99,234,255,135,227
1,<environment.Job instance at 0x7f41750d4780>,18,23,[7 4],19,255,278,236,254
1,<environment.Job instance at 0x7f41750d4eb0>,20,15,[ 4 12],21,323,338,302,323
1,<environment.Job instance at 0x7f4175310870>,0,17,[12  2],1,338,355,337,326
1,<environment.Job instance at 0x7f107c208230>,0,13,[9 3],1,1,14,0,1
1,<environment.Job instance at 0x7f1072c1cb40>,4,21,[1 6],5,5,26,0,5
1,<environment.Job instance at 0x7f1072c1cbe0>,5,24,[1 5],6,6,30,0,6
1,<environment.Job instance at 0x7f1072c1cd20>,6,20,[6 1],7,14,34,7,7
1,<environment.Job instance at 0x7f1072c1f2d0>,14,13,[7 3],15,15,28,0,15
1,<environment.Job instance at 0x7f1072c1f8c0>,23,18,[2 7],24,28,46,4,24
1,<environment.Job instance at 0x7f1072c1ff50>,33,16,[2 8],34,34,50,0,34
1,<environment.Job instance at 0x7f1072c231e0>,35,15,[9 5],36,46,61,10,36
1,<environment.Job instance at 0x7f1072c232d0>,38,20,[ 1 10],39,50,70,11,42
1,<environment.Job instance at 0x7f1072c23820>,45,13,[6 5],46,61,74,15,46
1,<environment.Job instance at 0x7f1072c23730>,47,20,[6 5],48,70,90,22,61
1,<environment.Job instance at 0x7f1072c23d70>,51,20,[5 3],52,74,94,22,65
1,<environment.Job instance at 0x7f1072c23d20>,53,17,[5 7],54,90,107,36,78
1,<environment.Job instance at 0x7f1072c23f50>,56,12,[3 6],57,78,90,21,78
1,<environment.Job instance at 0x7f1072c25050>,58,14,[2 7],59,94,108,35,79
1,<environment.Job instance at 0x7f1072c250f0>,59,17,[1 6],60,107,124,47,95
1,<environment.Job instance at 0x7f1072c25410>,62,18,[5 3],63,108,126,45,97
1,<environment.Job instance at 0x7f1072c23410>,40,15,[10  3],41,124,139,83,114
1,<environment.Job instance at 0x7f1072c25550>,64,19,[3 8],65,126,145,61,116
1,<environment.Job instance at 0x7f1072c25780>,66,21,[7 4],67,139,160,72,131
1,<environment.Job instance at 0x7f1072c257d0>,65,20,[2 6],66,145,165,79,136
1,<environment.Job instance at 0x7f1072c25cd0>,74,27,[1 6],75,160,187,85,158
1,<environment.Job instance at 0x7f1072c23a50>,48,15,[14  1],49,165,180,116,164
1,<environment.Job instance at 0x7f1072c25eb0>,77,13,[8 5],78,180,193,102,164
1,<environment.Job instance at 0x7f1072c28140>,78,12,[10  2],79,193,205,114,176
1,<environment.Job instance at 0x7f1072c25d70>,75,14,[ 4 11],76,193,207,117,178
1,<environment.Job instance at 0x7f1072c25e10>,76,19,[4 8],77,207,226,130,197
1,<environment.Job instance at 0x7f1072c281e0>,80,14,[2 6],81,207,221,126,205
1,<environment.Job instance at 0x7f1072c28370>,81,15,[5 9],82,226,241,144,212
1,<environment.Job instance at 0x7f1072c28870>,89,16,[7 1],90,212,228,122,212
1,<environment.Job instance at 0x7f1072c289b0>,91,20,[8 2],92,228,248,136,219
1,<environment.Job instance at 0x7f1072c28a50>,92,21,[10  1],93,248,269,155,240
1,<environment.Job instance at 0x7f1072c28dc0>,95,15,[5 7],96,241,256,145,240
1,<environment.Job instance at 0x7f1072c28f00>,98,17,[5 5],99,256,273,157,244
1,<environment.Job instance at 0x7f1072c28320>,100,18,[2 7],101,269,287,168,258
1,<environment.Job instance at 0x7f1072c2b230>,101,18,[ 1 10],102,287,305,185,276
1,<environment.Job instance at 0x7f1072c2b410>,104,12,[4 6],105,305,317,200,288
1,<environment.Job instance at 0x7f1072c2b730>,109,14,[10  4],110,288,302,178,288
1,<environment.Job instance at 0x7f1072c2b7d0>,110,21,[6 5],111,302,323,191,294
1,<environment.Job instance at 0x7f1072c2bb90>,115,16,[7 5],116,317,333,201,304
1,<environment.Job instance at 0x7f1072c28410>,82,16,[ 4 10],83,323,339,240,311
1,<environment.Job instance at 0x7f1072c23460>,42,20,[9 4],43,333,353,290,324
1,<environment.Job instance at 0x7f107c2081e0>,1,22,[11  3],2,353,375,351,346
1,<environment.Job instance at 0x7f1072c282d0>,79,13,[9 4],80,737,750,657,737
1,<environment.Job instance at 0x7f1072c23640>,1,13,[7 4],2,2,15,0,2
1,<environment.Job instance at 0x7f1072345640>,3,14,[11  5],4,15,29,11,4
1,<environment.Job instance at 0x7f10723695f0>,8,15,[8 3],9,29,44,20,17
1,<environment.Job instance at 0x7f1072369af0>,14,16,[4 7],15,27,43,12,27
1,<environment.Job instance at 0x7f1072368550>,20,13,[7 4],21,43,56,22,27
1,<environment.Job instance at 0x7f10723690f0>,7,16,[8 1],8,44,60,36,32
1,<environment.Job instance at 0x7f1072369370>,10,18,[6 1],11,56,74,45,45
1,<environment.Job instance at 0x7f1072369230>,9,17,[8 1],10,60,77,50,51
1,<environment.Job instance at 0x7f10723669b0>,31,25,[ 1 11],32,56,81,24,52
1,<environment.Job instance at 0x7f1072366eb0>,29,15,[10  4],30,77,92,47,63
1,<environment.Job instance at 0x7f10723667d0>,30,14,[1 8],31,81,95,50,68
1,<environment.Job instance at 0x7f1072366e10>,36,14,[9 5],37,92,106,55,77
1,<environment.Job instance at 0x7f1072362190>,39,15,[1 7],40,95,110,55,81
1,<environment.Job instance at 0x7f10721b7c80>,92,13,[9 4],93,106,119,13,93
1,<environment.Job instance at 0x7f10721b71e0>,94,17,[3 8],95,110,127,15,101
1,<environment.Job instance at 0x7f1072366a50>,32,14,[14  4],33,127,141,94,114
1,<environment.Job instance at 0x7f10721b5550>,102,16,[3 8],103,141,157,38,128
1,<environment.Job instance at 0x7f10721b5f00>,106,13,[6 3],107,141,154,34,128
1,<environment.Job instance at 0x7f10721b50f0>,107,13,[7 4],108,154,167,46,138
1,<environment.Job instance at 0x7f10721b5050>,109,20,[1 7],110,157,177,47,148
1,<environment.Job instance at 0x7f10721b3280>,117,16,[2 8],118,167,183,49,156
1,<environment.Job instance at 0x7f10721e3f00>,47,22,[3 7],48,177,199,129,170
1,<environment.Job instance at 0x7f1072345e10>,103,14,[10  1],104,583,597,479,583
1,<environment.Job instance at 0x7f107223ca00>,4,16,[7 4],5,5,21,0,5
1,<environment.Job instance at 0x7f107c37baf0>,11,12,[11  1],12,21,33,9,12
1,<environment.Job instance at 0x7f10721c7c30>,17,15,[12  2],18,33,48,15,19
1,<environment.Job instance at 0x7f10721c7550>,18,20,[11  2],19,48,68,29,39
1,<environment.Job instance at 0x7f10721c7e10>,19,25,[ 2 13],20,39,64,19,39
1,<environment.Job instance at 0x7f10721c72d0>,20,14,[2 7],21,64,78,43,49
1,<environment.Job instance at 0x7f10721c7690>,21,15,[4 8],22,68,83,46,54
1,<environment.Job instance at 0x7f10721c7b40>,22,24,[ 3 13],23,83,107,60,78
1,<environment.Job instance at 0x7f10721c74b0>,23,15,[ 2 13],24,107,122,83,93
1,<environment.Job instance at 0x7f10721c7410>,24,13,[ 5 14],25,122,135,97,106
1,<environment.Job instance at 0x7f10721c7910>,25,20,[11  2],26,135,155,109,126
1,<environment.Job instance at 0x7f10721c7b90>,26,15,[3 6],27,135,150,108,126
1,<environment.Job instance at 0x7f10721c7d20>,15,19,[9 4],16,155,174,139,147
1,<environment.Job instance at 0x7f10721c7d70>,28,16,[2 6],29,150,166,121,150
1,<environment.Job instance at 0x7f10721c7370>,30,19,[5 5],31,166,185,135,157
1,<environment.Job instance at 0x7f109788fc30>,32,20,[8 5],33,174,194,141,171
1,<environment.Job instance at 0x7f10721c7eb0>,16,19,[13  1],17,194,213,177,184
1,<environment.Job instance at 0x7f107c3744b0>,36,13,[5 8],37,213,226,176,197
1,<environment.Job instance at 0x7f107c3747d0>,37,27,[10  3],38,213,240,175,213
1,<environment.Job instance at 0x7f107c3740f0>,35,13,[4 8],36,226,239,190,213
1,<environment.Job instance at 0x7f107c3743c0>,41,15,[6 1],42,240,255,198,226
1,<environment.Job instance at 0x7f10721c75a0>,27,21,[ 4 14],28,240,261,212,232
1,<environment.Job instance at 0x7f107c355550>,44,15,[ 1 12],45,261,276,216,247
1,<environment.Job instance at 0x7f107c355820>,45,14,[ 1 12],46,276,290,230,261
1,<environment.Job instance at 0x7f1072229b90>,46,13,[2 5],47,290,303,243,274
1,<environment.Job instance at 0x7f10721c7230>,12,14,[5 5],13,290,304,277,281
1,<environment.Job instance at 0x7f1072229460>,47,23,[6 4],48,290,313,242,287
1,<environment.Job instance at 0x7f1072229190>,50,17,[5 1],51,304,321,253,292
1,<environment.Job instance at 0x7f1072229140>,51,25,[3 9],52,304,329,252,300
1,<environment.Job instance at 0x7f1072229d70>,52,13,[14  3],53,329,342,276,313
1,<environment.Job instance at 0x7f1072229d20>,53,17,[4 6],54,342,359,288,330
1,<environment.Job instance at 0x7f107c355a50>,43,22,[9 5],44,342,364,298,339
1,<environment.Job instance at 0x7f10722299b0>,58,15,[8 2],59,364,379,305,350
1,<environment.Job instance at 0x7f1072229e10>,62,17,[9 4],63,379,396,316,367
1,<environment.Job instance at 0x7f107221ad70>,67,22,[3 9],68,382,404,314,382
1,<environment.Job instance at 0x7f107c374aa0>,38,16,[12  5],39,396,412,357,383
1,<environment.Job instance at 0x7f107221a9b0>,71,15,[ 2 11],72,412,427,340,399
1,<environment.Job instance at 0x7f107221aa00>,72,16,[11  1],73,412,428,339,399
1,<environment.Job instance at 0x7f107221a050>,70,22,[5 9],71,428,450,357,421
1,<environment.Job instance at 0x7f107221c9b0>,81,15,[5 5],82,428,443,346,421
1,<environment.Job instance at 0x7f1072229a50>,49,17,[6 2],50,443,460,393,431
1,<environment.Job instance at 0x7f107221c370>,83,13,[4 8],84,450,463,366,434
1,<environment.Job instance at 0x7f107221c320>,87,21,[5 9],88,463,484,375,455
1,<environment.Job instance at 0x7f107221ea50>,100,13,[1 6],101,460,473,359,455
1,<environment.Job instance at 0x7f107236ae60>,102,20,[8 1],103,473,493,370,464
1,<environment.Job instance at 0x7f107236abe0>,106,20,[5 7],107,484,504,377,475
1,<environment.Job instance at 0x7f107236a500>,107,16,[5 4],108,493,509,385,480
1,<environment.Job instance at 0x7f107236aa50>,108,14,[8 3],109,504,518,395,489
1,<environment.Job instance at 0x7f107236a1e0>,112,18,[3 6],113,509,527,396,498
1,<environment.Job instance at 0x7f107236af00>,114,15,[5 5],115,518,533,403,504
1,<environment.Job instance at 0x7f107236a5a0>,116,16,[3 9],117,527,543,410,514
1,<environment.Job instance at 0x7f107236aaf0>,118,12,[ 5 10],119,543,555,424,526
1,<environment.Job instance at 0x7f107221c7d0>,84,20,[6 1],85,528,548,443,528
1,<environment.Job instance at 0x7f107223c5a0>,0,20,[13  5],1,555,575,554,546
1,<environment.Job instance at 0x7f107262b9b0>,0,12,[ 3 14],1,1,13,0,1
1,<environment.Job instance at 0x7f107262b870>,4,18,[8 3],5,13,31,8,5
1,<environment.Job instance at 0x7f107262b7d0>,1,21,[4 8],2,13,34,11,5
1,<environment.Job instance at 0x7f107262b140>,7,16,[5 8],8,34,50,26,21
1,<environment.Job instance at 0x7f107262ba50>,5,14,[8 5],6,31,45,25,21
1,<environment.Job instance at 0x7f10730bf0f0>,13,13,[11  5],14,50,63,36,34
1,<environment.Job instance at 0x7f10730bf820>,15,13,[5 5],16,63,76,47,47
1,<environment.Job instance at 0x7f107262b370>,8,13,[1 7],9,55,68,46,55
1,<environment.Job instance at 0x7f10730bf730>,18,14,[7 5],19,68,82,49,55
1,<environment.Job instance at 0x7f10730bfdc0>,25,15,[8 5],26,76,91,50,62
1,<environment.Job instance at 0x7f10730bfc80>,31,22,[5 9],32,82,104,50,79
1,<environment.Job instance at 0x7f1072f097d0>,32,12,[7 2],33,91,103,58,80
1,<environment.Job instance at 0x7f10730bfeb0>,16,20,[12  3],17,104,124,87,95
1,<environment.Job instance at 0x7f1072f09b40>,37,24,[13  5],38,124,148,86,119
1,<environment.Job instance at 0x7f1072f09050>,38,17,[4 8],39,148,165,109,143
1,<environment.Job instance at 0x7f1072f09690>,34,20,[3 8],35,165,185,130,158
1,<environment.Job instance at 0x7f10730bf410>,14,24,[8 4],15,168,192,153,168
1,<environment.Job instance at 0x7f1072f09b90>,41,13,[4 9],42,185,198,143,172
1,<environment.Job instance at 0x7f1072f09140>,50,16,[5 9],51,198,214,147,186
1,<environment.Job instance at 0x7f1072f09910>,42,15,[14  2],43,214,229,171,200
1,<environment.Job instance at 0x7f1072d5fe10>,54,20,[14  2],55,229,249,174,220
1,<environment.Job instance at 0x7f1072d5fa00>,55,15,[8 4],56,249,264,193,235
1,<environment.Job instance at 0x7f1072d5fc30>,56,17,[ 3 10],57,249,266,192,237
1,<environment.Job instance at 0x7f1072d5ff00>,57,14,[6 4],58,264,278,206,249
1,<environment.Job instance at 0x7f1072d5f2d0>,58,19,[1 7],59,266,285,207,256
1,<environment.Job instance at 0x7f1072d5ffa0>,59,18,[14  4],60,278,296,218,267
1,<environment.Job instance at 0x7f1072d5f370>,60,22,[ 4 14],61,296,318,235,289
1,<environment.Job instance at 0x7f1072d5fcd0>,61,20,[11  4],62,318,338,256,309
1,<environment.Job instance at 0x7f1072d5f690>,62,23,[14  4],63,338,361,275,332
1,<environment.Job instance at 0x7f1072d5f500>,63,19,[ 3 14],64,361,380,297,351
1,<environment.Job instance at 0x7f107c232960>,72,15,[5 8],73,380,395,307,366
1,<environment.Job instance at 0x7f107c2325a0>,74,20,[10  4],75,380,400,305,378
1,<environment.Job instance at 0x7f107c232b40>,75,16,[6 3],76,400,416,324,387
1,<environment.Job instance at 0x7f107c232aa0>,76,14,[5 7],77,395,409,318,388
1,<environment.Job instance at 0x7f107c232f00>,77,18,[4 7],78,409,427,331,399
1,<environment.Job instance at 0x7f107c232410>,83,12,[10  3],84,416,428,332,408
1,<environment.Job instance at 0x7f107c232190>,86,16,[2 9],87,427,443,340,414
1,<environment.Job instance at 0x7f107c2323c0>,87,14,[5 6],88,428,442,340,414
1,<environment.Job instance at 0x7f107c232f50>,90,17,[8 1],91,442,459,351,432
1,<environment.Job instance at 0x7f10730a5870>,98,12,[8 5],99,459,471,360,442
1,<environment.Job instance at 0x7f1072d5fd20>,64,21,[14  2],65,471,492,406,463
1,<environment.Job instance at 0x7f10730a5d20>,100,18,[14  2],101,492,510,391,481
1,<environment.Job instance at 0x7f10730a59b0>,101,16,[ 5 11],102,510,526,408,497
1,<environment.Job instance at 0x7f10730a5910>,99,21,[9 2],100,516,537,416,516
1,<environment.Job instance at 0x7f10730a5370>,103,16,[6 3],104,526,542,422,516
1,<environment.Job instance at 0x7f10730a5dc0>,109,19,[7 4],110,537,556,427,527
1,<environment.Job instance at 0x7f10730a5d70>,102,22,[ 1 14],103,556,578,453,549
1,<environment.Job instance at 0x7f10728b30f0>,116,17,[11  1],117,556,573,439,549
1,<environment.Job instance at 0x7f1072f09820>,39,21,[13  4],40,578,599,538,570
1,<environment.Job instance at 0x7f10728b3cd0>,117,20,[ 1 11],118,578,598,460,570
1,<environment.Job instance at 0x7f10728b3730>,115,22,[8 2],116,625,647,509,625
1,<environment.Job instance at 0x7f10728b3eb0>,2,16,[10  3],3,3,19,0,3
1,<environment.Job instance at 0x7f107372a3c0>,5,13,[6 4],6,19,32,13,6
1,<environment.Job instance at 0x7f107372afa0>,8,19,[1 5],9,10,29,1,10
1,<environment.Job instance at 0x7f107372a780>,11,13,[6 5],12,19,32,7,13
1,<environment.Job instance at 0x7f107372a960>,10,18,[10  4],11,32,50,21,21
1,<environment.Job instance at 0x7f1072669320>,13,14,[4 5],14,32,46,18,21
1,<environment.Job instance at 0x7f107374b780>,17,15,[9 5],18,50,65,32,36
1,<environment.Job instance at 0x7f107374b730>,19,17,[1 7],20,46,63,26,36
1,<environment.Job instance at 0x7f1073743870>,20,15,[5 1],21,50,65,29,36
1,<environment.Job instance at 0x7f1073743e10>,21,18,[5 9],22,65,83,43,54
1,<environment.Job instance at 0x7f1073743d20>,26,14,[5 9],27,83,97,56,68
1,<environment.Job instance at 0x7f1073743050>,28,12,[2 5],29,68,80,39,68
1,<environment.Job instance at 0x7f1073743be0>,29,16,[6 5],30,80,96,50,68
1,<environment.Job instance at 0x7f107372a0a0>,6,14,[10  3],7,96,110,89,88
1,<environment.Job instance at 0x7f107306f690>,33,22,[10  2],34,110,132,76,103
1,<environment.Job instance at 0x7f107266f910>,36,18,[7 5],37,132,150,95,121
1,<environment.Job instance at 0x7f107306feb0>,37,18,[5 9],38,121,139,83,121
1,<environment.Job instance at 0x7f1072694230>,39,22,[3 8],40,139,161,99,132
1,<environment.Job instance at 0x7f1072694500>,40,19,[4 9],41,161,180,120,151
1,<environment.Job instance at 0x7f10726ab730>,41,12,[10  2],42,151,163,109,151
1,<environment.Job instance at 0x7f107269f320>,44,19,[9 4],45,163,182,118,153
1,<environment.Job instance at 0x7f107304e320>,46,18,[6 4],47,180,198,133,169
1,<environment.Job instance at 0x7f10726748c0>,51,16,[7 3],52,182,198,130,169
1,<environment.Job instance at 0x7f1072674cd0>,53,15,[ 3 10],54,198,213,144,184
1,<environment.Job instance at 0x7f1072674a50>,54,23,[1 6],55,213,236,158,207
1,<environment.Job instance at 0x7f1072674d20>,61,15,[6 3],62,207,222,145,207
1,<environment.Job instance at 0x7f1072923690>,63,18,[7 5],64,213,231,149,207
1,<environment.Job instance at 0x7f10726980a0>,66,17,[10  3],67,231,248,164,219
1,<environment.Job instance at 0x7f1072698190>,69,17,[5 9],70,236,253,166,224
1,<environment.Job instance at 0x7f10728f05f0>,80,20,[2 9],81,253,273,172,244
1,<environment.Job instance at 0x7f10728f08c0>,83,14,[1 5],84,248,262,164,244
1,<environment.Job instance at 0x7f10728f0730>,85,18,[1 7],86,273,291,187,262
1,<environment.Job instance at 0x7f10728f0c80>,88,15,[1 6],89,262,277,173,262
1,<environment.Job instance at 0x7f10728f0e10>,91,20,[10  5],92,277,297,185,268
1,<environment.Job instance at 0x7f10728f0f50>,93,15,[7 4],94,297,312,203,283
1,<environment.Job instance at 0x7f10728f0c30>,95,13,[1 7],96,291,304,195,283
1,<environment.Job instance at 0x7f1073750550>,102,13,[5 5],103,304,317,201,288
1,<environment.Job instance at 0x7f1073750820>,106,14,[6 4],107,312,326,205,297
1,<environment.Job instance at 0x7f1073750d20>,114,20,[3 8],115,317,337,202,308
1,<environment.Job instance at 0x7f1073750dc0>,115,17,[2 9],116,337,354,221,325
1,<environment.Job instance at 0x7f1073750e60>,116,14,[ 4 10],117,354,368,237,339
1,<environment.Job instance at 0x7f1073750f00>,117,13,[6 2],118,339,352,221,339
1,<environment.Job instance at 0x7f107372ae60>,9,18,[2 9],10,368,386,358,363
1,<environment.Job instance at 0x7f1072da7730>,0,20,[13  5],1,368,388,367,363
1,<environment.Job instance at 0x7f1072658910>,1,18,[6 1],2,2,20,0,2
1,<environment.Job instance at 0x7f1072658a50>,2,19,[1 7],3,3,22,0,3
1,<environment.Job instance at 0x7f10726375f0>,8,17,[7 1],9,9,26,0,9
1,<environment.Job instance at 0x7f1072637a50>,10,14,[12  4],11,26,40,15,11
1,<environment.Job instance at 0x7f1072637190>,17,16,[ 4 10],18,40,56,22,27
1,<environment.Job instance at 0x7f1072637320>,19,17,[5 5],20,40,57,20,28
1,<environment.Job instance at 0x7f107264c9b0>,21,15,[9 4],22,56,71,34,42
1,<environment.Job instance at 0x7f107264c0f0>,23,13,[1 5],24,56,69,32,42
1,<environment.Job instance at 0x7f107264ce10>,27,20,[7 1],28,71,91,43,62
1,<environment.Job instance at 0x7f107264c190>,29,16,[4 9],30,69,85,39,62
1,<environment.Job instance at 0x7f107264caf0>,30,18,[ 2 10],31,85,103,54,74
1,<environment.Job instance at 0x7f107284cdc0>,33,14,[6 5],34,91,105,57,76
1,<environment.Job instance at 0x7f107284c6e0>,35,15,[10  3],36,105,120,69,91
1,<environment.Job instance at 0x7f107284c140>,38,13,[9 4],39,120,133,81,104
1,<environment.Job instance at 0x7f107284c230>,41,15,[4 5],42,104,119,62,104
1,<environment.Job instance at 0x7f107284c2d0>,43,21,[1 6],44,105,126,61,104
1,<environment.Job instance at 0x7f107284c3c0>,46,16,[4 5],47,119,135,72,106
1,<environment.Job instance at 0x7f107284c0f0>,49,16,[ 5 10],50,133,149,83,120
1,<environment.Job instance at 0x7f107284c050>,50,18,[7 3],51,135,153,84,124
1,<environment.Job instance at 0x7f107284cf00>,51,16,[9 2],52,153,169,101,140
1,<environment.Job instance at 0x7f107284c0a0>,54,21,[6 5],55,149,170,94,141
1,<environment.Job instance at 0x7f107284c5f0>,56,20,[3 6],57,169,189,112,160
1,<environment.Job instance at 0x7f10725da460>,57,13,[9 4],58,170,183,112,160
1,<environment.Job instance at 0x7f1072637050>,14,20,[10  4],15,183,203,168,174
1,<environment.Job instance at 0x7f10725da500>,59,15,[7 3],60,203,218,143,189
1,<environment.Job instance at 0x7f10725da5a0>,58,19,[ 5 10],59,189,208,130,189
1,<environment.Job instance at 0x7f10725da410>,61,17,[4 5],62,208,225,146,196
1,<environment.Job instance at 0x7f10725dad20>,60,17,[4 7],61,208,225,147,203
1,<environment.Job instance at 0x7f10725dae10>,63,15,[4 9],64,225,240,161,211
1,<environment.Job instance at 0x7f10725da870>,68,17,[5 2],69,218,235,149,211
1,<environment.Job instance at 0x7f10726371e0>,12,21,[6 4],13,225,246,212,219
1,<environment.Job instance at 0x7f10725edf50>,69,18,[1 9],70,240,258,170,229
1,<environment.Job instance at 0x7f10725dac30>,64,15,[13  2],65,246,261,181,232
1,<environment.Job instance at 0x7f10725ed0f0>,71,15,[3 9],72,261,276,189,247
1,<environment.Job instance at 0x7f10725edb90>,76,14,[7 2],77,261,275,184,247
1,<environment.Job instance at 0x7f10725ed820>,82,14,[3 6],83,275,289,192,260
1,<environment.Job instance at 0x7f10725cfd20>,84,19,[6 1],85,276,295,191,266
1,<environment.Job instance at 0x7f10725e8b90>,86,16,[5 8],87,276,292,189,276
1,<environment.Job instance at 0x7f10725e8960>,91,14,[6 1],92,292,306,200,278
1,<environment.Job instance at 0x7f10725e83c0>,92,20,[6 3],93,295,315,202,286
1,<environment.Job instance at 0x7f10725e8d70>,93,17,[10  4],94,315,332,221,303
1,<environment.Job instance at 0x7f10725e8780>,94,14,[3 9],95,303,317,208,303
1,<environment.Job instance at 0x7f1072637780>,16,23,[11  3],17,332,355,315,326
1,<environment.Job instance at 0x7f10725e8fa0>,98,13,[13  3],99,355,368,256,339
1,<environment.Job instance at 0x7f1072d537d0>,99,18,[ 3 12],100,368,386,268,357
1,<environment.Job instance at 0x7f1072d53640>,100,27,[ 3 14],101,386,413,285,384
1,<environment.Job instance at 0x7f10725e8910>,97,18,[10  3],98,413,431,315,403
1,<environment.Job instance at 0x7f1072d533c0>,101,20,[5 6],102,413,433,311,405
1,<environment.Job instance at 0x7f1072d53320>,105,16,[10  2],106,431,447,325,418
1,<environment.Job instance at 0x7f1072d53370>,108,17,[5 5],109,433,450,324,421
1,<environment.Job instance at 0x7f1072d53cd0>,109,13,[8 2],110,447,460,337,431
1,<environment.Job instance at 0x7f1072d539b0>,106,18,[ 4 13],107,450,468,343,444
1,<environment.Job instance at 0x7f1072d53280>,110,19,[8 4],111,468,487,357,462
1,<environment.Job instance at 0x7f1072d53870>,112,15,[9 3],113,487,502,374,473
1,<environment.Job instance at 0x7f1072d53500>,113,16,[6 3],114,475,491,361,475
1,<environment.Job instance at 0x7f1072d534b0>,111,23,[12  3],112,502,525,390,496
1,<environment.Job instance at 0x7f107bd7edc0>,117,20,[7 5],118,525,545,407,516
1,<environment.Job instance at 0x7f107bd7eeb0>,118,17,[13  5],119,545,562,426,533
1,<environment.Job instance at 0x7f1073065690>,0,21,[5 2],1,1,22,0,1
1,<environment.Job instance at 0x7f1072844d70>,1,23,[ 4 11],2,2,25,0,2
1,<environment.Job instance at 0x7f10724d7960>,5,12,[3 6],6,25,37,19,8
1,<environment.Job instance at 0x7f10724d7500>,7,13,[7 4],8,22,35,14,8
1,<environment.Job instance at 0x7f10724d79b0>,10,15,[5 2],11,25,40,14,11
1,<environment.Job instance at 0x7f10724c5410>,17,14,[2 6],18,35,49,17,20
1,<environment.Job instance at 0x7f10736fa0a0>,27,20,[3 7],28,37,57,9,28
1,<environment.Job instance at 0x7f10736faaa0>,30,18,[1 5],31,49,67,18,38
1,<environment.Job instance at 0x7f1072c458c0>,40,19,[1 7],41,57,76,16,48
1,<environment.Job instance at 0x7f1072c45910>,42,12,[8 4],43,67,79,24,50
1,<environment.Job instance at 0x7f10724bf4b0>,45,14,[8 5],46,79,93,33,64
1,<environment.Job instance at 0x7f10724ce640>,48,15,[7 2],49,76,91,27,64
1,<environment.Job instance at 0x7f10736572d0>,51,16,[4 6],52,91,107,39,78
1,<environment.Job instance at 0x7f10727eb910>,58,13,[5 3],59,93,106,34,78
1,<environment.Job instance at 0x7f10727eb7d0>,61,16,[5 1],62,93,109,31,80
1,<environment.Job instance at 0x7f10727eb320>,64,18,[2 8],65,106,124,41,95
1,<environment.Job instance at 0x7f10727ba370>,69,17,[1 6],70,107,124,37,95
1,<environment.Job instance at 0x7f10727bb640>,84,17,[10  5],85,124,141,39,112
1,<environment.Job instance at 0x7f10727bb6e0>,85,17,[3 6],86,124,141,38,112
1,<environment.Job instance at 0x7f10727e3190>,101,17,[9 2],102,141,158,39,129
1,<environment.Job instance at 0x7f10727e3690>,109,14,[5 4],110,141,155,31,129
1,<environment.Job instance at 0x7f10727e3140>,112,18,[9 3],113,158,176,45,147
1,<environment.Job instance at 0x7f10724d7780>,9,27,[6 1],10,1034,1061,1024,1034
1,<environment.Job instance at 0x7f107bd7eeb0>,2,26,[ 3 14],3,1450,1476,1447,1450
1,<environment.Job instance at 0x7f10736ff1e0>,13,16,[11  4],14,1476,1492,1462,1466
1,<environment.Job instance at 0x7f107bde5c80>,0,13,[8 3],1,1,14,0,1
1,<environment.Job instance at 0x7f107bde56e0>,5,23,[1 5],6,6,29,0,6
1,<environment.Job instance at 0x7f107bde5d70>,10,13,[7 5],11,14,27,3,11
1,<environment.Job instance at 0x7f107bde5230>,14,15,[4 6],15,27,42,12,15
1,<environment.Job instance at 0x7f107bde5f50>,15,22,[7 1],16,16,38,0,16
1,<environment.Job instance at 0x7f10727507d0>,25,21,[6 5],26,38,59,12,30
1,<environment.Job instance at 0x7f10730dd870>,37,19,[2 8],38,42,61,4,38
1,<environment.Job instance at 0x7f10730dd9b0>,38,15,[1 9],39,61,76,22,47
1,<environment.Job instance at 0x7f10730dde60>,43,18,[1 8],44,76,94,32,65
1,<environment.Job instance at 0x7f10730dd550>,44,13,[4 7],45,76,89,31,65
1,<environment.Job instance at 0x7f10730dda50>,53,18,[5 8],54,94,112,40,83
1,<environment.Job instance at 0x7f107255cbe0>,63,14,[7 2],64,89,103,25,83
1,<environment.Job instance at 0x7f107255c960>,69,20,[5 6],70,103,123,33,94
1,<environment.Job instance at 0x7f107255c280>,71,14,[3 8],72,112,126,40,97
1,<environment.Job instance at 0x7f107255ce60>,72,16,[6 5],73,123,139,50,110
1,<environment.Job instance at 0x7f107255c140>,73,14,[5 4],74,126,140,52,111
1,<environment.Job instance at 0x7f10723bbe10>,79,16,[9 2],80,139,155,59,126
1,<environment.Job instance at 0x7f10723bb640>,85,12,[6 4],86,140,152,54,126
1,<environment.Job instance at 0x7f10723bbb90>,88,17,[9 2],89,155,172,66,143
1,<environment.Job instance at 0x7f10723bb4b0>,92,21,[2 5],93,152,173,59,144
1,<environment.Job instance at 0x7f10723bb230>,94,17,[3 9],95,172,189,77,160
1,<environment.Job instance at 0x7f1072741cd0>,101,17,[2 7],102,189,206,87,177
1,<environment.Job instance at 0x7f10727410a0>,103,17,[8 3],104,177,194,73,177
1,<environment.Job instance at 0x7f10727419b0>,108,18,[5 9],109,206,224,97,195
1,<environment.Job instance at 0x7f1072741910>,110,14,[7 4],111,195,209,84,195
1,<environment.Job instance at 0x7f10727415a0>,117,21,[2 5],118,209,230,91,201
1,<environment.Job instance at 0x7f1072741870>,118,19,[7 2],119,224,243,105,214
1,<environment.Job instance at 0x7f10736ff870>,1,24,[14  3],2,717,741,715,717
1,<environment.Job instance at 0x7f1072750be0>,19,16,[ 4 10],20,789,805,769,789
1,<environment.Job instance at 0x7f1072750aa0>,17,17,[5 4],18,4573,4590,4555,4573
1,<environment.Job instance at 0x7f10728547d0>,0,14,[2 7],1,1,15,0,1
1,<environment.Job instance at 0x7f1072854be0>,2,14,[5 5],3,3,17,0,3
1,<environment.Job instance at 0x7f10728540a0>,3,12,[13  3],4,17,29,13,6
1,<environment.Job instance at 0x7f1072854eb0>,8,18,[1 5],9,15,33,6,9
1,<environment.Job instance at 0x7f1072854320>,5,16,[6 1],6,29,45,23,16
1,<environment.Job instance at 0x7f1072854b40>,10,12,[6 3],11,29,41,18,16
1,<environment.Job instance at 0x7f1072854a50>,6,14,[11  2],7,45,59,38,30
1,<environment.Job instance at 0x7f1072859cd0>,13,12,[ 1 14],14,59,71,45,42
1,<environment.Job instance at 0x7f1072859870>,15,13,[9 5],16,71,84,55,55
1,<environment.Job instance at 0x7f1072859b90>,16,18,[6 2],17,71,89,54,60
1,<environment.Job instance at 0x7f1072859050>,18,13,[7 5],19,84,97,65,69
1,<environment.Job instance at 0x7f1072832aa0>,21,15,[7 3],22,89,104,67,78
1,<environment.Job instance at 0x7f1072832c80>,25,14,[4 7],26,97,111,71,89
1,<environment.Job instance at 0x7f1072854370>,7,15,[ 3 14],8,111,126,103,97
1,<environment.Job instance at 0x7f10728325a0>,27,13,[ 3 13],28,126,139,98,110
1,<environment.Job instance at 0x7f1072832820>,28,15,[14  4],29,139,154,110,125
1,<environment.Job instance at 0x7f1072832b90>,29,18,[ 3 14],30,154,172,124,144
1,<environment.Job instance at 0x7f1072832460>,20,14,[11  5],21,172,186,151,165
1,<environment.Job instance at 0x7f10728546e0>,1,24,[4 5],2,172,196,170,167
1,<environment.Job instance at 0x7f1072078410>,38,17,[7 4],39,186,203,147,175
1,<environment.Job instance at 0x7f1072832690>,32,18,[5 4],33,196,214,163,185
1,<environment.Job instance at 0x7f10720782d0>,40,19,[6 2],41,203,222,162,193
1,<environment.Job instance at 0x7f1072078aa0>,41,14,[11  3],42,222,236,180,207
1,<environment.Job instance at 0x7f1072078fa0>,45,16,[4 9],46,207,223,161,207
1,<environment.Job instance at 0x7f1072078cd0>,55,19,[7 5],56,236,255,180,227
1,<environment.Job instance at 0x7f1072078910>,56,16,[8 4],57,236,252,179,229
1,<environment.Job instance at 0x7f10720787d0>,46,22,[14  2],47,255,277,208,249
1,<environment.Job instance at 0x7f107207e050>,62,20,[5 8],63,277,297,214,269
1,<environment.Job instance at 0x7f107207efa0>,67,14,[9 5],68,277,291,209,272
1,<environment.Job instance at 0x7f107207eaa0>,72,17,[6 4],73,291,308,218,279
1,<environment.Job instance at 0x7f107207eeb0>,59,24,[ 1 14],60,308,332,248,303
1,<environment.Job instance at 0x7f107c37ce60>,79,24,[8 5],80,332,356,252,327
1,<environment.Job instance at 0x7f107c37caf0>,80,21,[ 3 11],81,356,377,275,348
1,<environment.Job instance at 0x7f107c2a7b90>,81,14,[14  1],82,377,391,295,362
1,<environment.Job instance at 0x7f1072d48690>,82,21,[1 6],83,377,398,294,369
1,<environment.Job instance at 0x7f1072d48f00>,83,15,[8 1],84,391,406,307,377
1,<environment.Job instance at 0x7f1072206910>,84,14,[5 7],85,391,405,306,377
1,<environment.Job instance at 0x7f10722065f0>,85,20,[ 2 11],86,405,425,319,396
1,<environment.Job instance at 0x7f1072206a00>,86,28,[3 9],87,425,453,338,424
1,<environment.Job instance at 0x7f1072206410>,87,15,[ 4 13],88,453,468,365,439
1,<environment.Job instance at 0x7f1072206f50>,88,16,[12  3],89,468,484,379,455
1,<environment.Job instance at 0x7f1072206230>,89,26,[7 4],90,484,510,394,481
1,<environment.Job instance at 0x7f1072206280>,94,22,[11  1],95,510,532,415,503
1,<environment.Job instance at 0x7f1072a3f8c0>,95,20,[1 8],96,503,523,407,503
1,<environment.Job instance at 0x7f10737391e0>,96,18,[5 4],97,532,550,435,521
1,<environment.Job instance at 0x7f1072b3e960>,97,17,[7 2],98,532,549,434,521
1,<environment.Job instance at 0x7f1072f63c80>,98,18,[ 4 10],99,549,567,450,538
1,<environment.Job instance at 0x7f1072d7a9b0>,99,13,[7 2],100,550,563,450,538
1,<environment.Job instance at 0x7f10731f4780>,100,14,[ 2 12],101,567,581,466,552
1,<environment.Job instance at 0x7f1072acb640>,103,15,[10  5],104,581,596,477,567
1,<environment.Job instance at 0x7f1072832f50>,30,28,[5 2],31,570,598,539,570
1,<environment.Job instance at 0x7f10738574b0>,106,16,[4 7],107,596,612,489,583
1,<environment.Job instance at 0x7f107298a8c0>,114,15,[3 5],115,601,616,486,601
1,<environment.Job instance at 0x7f107315a370>,1,14,[5 7],2,2,16,0,2
1,<environment.Job instance at 0x7f1072078550>,2,16,[4 6],3,3,19,0,3
1,<environment.Job instance at 0x7f10737718c0>,3,13,[8 1],4,16,29,12,4
1,<environment.Job instance at 0x7f1072078690>,5,16,[ 3 10],6,19,35,13,6
1,<environment.Job instance at 0x7f107285d140>,12,12,[2 5],13,29,41,16,19
1,<environment.Job instance at 0x7f107285d5f0>,11,19,[6 1],12,35,54,23,25
1,<environment.Job instance at 0x7f107285ddc0>,14,14,[ 1 11],15,41,55,26,26
1,<environment.Job instance at 0x7f107285dc80>,7,18,[8 3],8,41,59,33,31
1,<environment.Job instance at 0x7f10737505f0>,28,19,[3 6],29,55,74,26,45
1,<environment.Job instance at 0x7f10737504b0>,32,18,[5 2],33,59,77,26,48
1,<environment.Job instance at 0x7f1073750eb0>,33,16,[7 5],34,59,75,25,48
1,<environment.Job instance at 0x7f107c2b0410>,54,19,[5 2],55,75,94,20,65
1,<environment.Job instance at 0x7f10730b5e10>,66,17,[5 5],67,75,92,8,67
1,<environment.Job instance at 0x7f10730b5460>,68,14,[8 5],69,92,106,23,77
1,<environment.Job instance at 0x7f10730b5640>,72,14,[6 3],73,94,108,21,79
1,<environment.Job instance at 0x7f10730b59b0>,84,18,[9 3],85,106,124,21,95
1,<environment.Job instance at 0x7f10736af410>,90,15,[5 6],91,108,123,17,95
1,<environment.Job instance at 0x7f10736af9b0>,99,20,[5 6],100,123,143,23,114
1,<environment.Job instance at 0x7f1072580c80>,107,20,[6 4],108,124,144,16,115
1,<environment.Job instance at 0x7f1072580dc0>,117,13,[5 8],118,143,156,25,127
1,<environment.Job instance at 0x7f1072580820>,118,18,[5 2],119,144,162,25,133
1,<environment.Job instance at 0x7f1072f84f50>,0,27,[5 2],1,1,28,0,1
1,<environment.Job instance at 0x7f10725801e0>,1,12,[ 3 13],2,2,14,0,2
1,<environment.Job instance at 0x7f10736596e0>,5,14,[3 9],6,14,28,8,6
1,<environment.Job instance at 0x7f1073659410>,8,12,[ 1 12],9,28,40,19,11
1,<environment.Job instance at 0x7f10727c2a00>,7,17,[4 7],8,40,57,32,28
1,<environment.Job instance at 0x7f10736595a0>,13,13,[9 2],14,28,41,14,28
1,<environment.Job instance at 0x7f1073659cd0>,9,19,[5 8],10,41,60,31,33
1,<environment.Job instance at 0x7f1073659c80>,6,12,[10  1],7,57,69,50,40
1,<environment.Job instance at 0x7f1073659820>,14,21,[5 8],15,60,81,45,52
1,<environment.Job instance at 0x7f10736593c0>,16,24,[1 8],17,81,105,64,76
1,<environment.Job instance at 0x7f1073659690>,18,16,[7 4],19,76,92,57,76
1,<environment.Job instance at 0x7f1073659640>,19,12,[11  2],20,92,104,72,76
1,<environment.Job instance at 0x7f10736598c0>,22,15,[1 7],23,104,119,81,91
1,<environment.Job instance at 0x7f1073659c30>,23,24,[2 8],24,105,129,81,100
1,<environment.Job instance at 0x7f10736592d0>,25,13,[14  2],26,129,142,103,113
1,<environment.Job instance at 0x7f107250bf50>,28,23,[1 6],29,119,142,90,113
1,<environment.Job instance at 0x7f107250b460>,30,13,[1 9],31,142,155,111,126
1,<environment.Job instance at 0x7f107250b9b0>,31,12,[5 2],32,142,154,110,126
1,<environment.Job instance at 0x7f1073659460>,17,17,[ 1 10],18,155,172,137,143
1,<environment.Job instance at 0x7f107250ba50>,34,24,[5 3],35,143,167,108,143
1,<environment.Job instance at 0x7f107250bc80>,38,16,[4 5],39,167,183,128,154
1,<environment.Job instance at 0x7f107250b5f0>,40,17,[6 3],41,172,189,131,160
1,<environment.Job instance at 0x7f107250b4b0>,41,20,[1 9],42,183,203,141,174
1,<environment.Job instance at 0x7f107250b280>,42,16,[9 3],43,189,205,146,176
1,<environment.Job instance at 0x7f107250bdc0>,44,22,[6 3],45,203,225,158,196
1,<environment.Job instance at 0x7f1073586e60>,46,17,[4 7],47,205,222,158,196
1,<environment.Job instance at 0x7f107c144690>,51,16,[2 7],52,222,238,170,209
1,<environment.Job instance at 0x7f107c144550>,53,21,[2 6],54,225,246,171,217
1,<environment.Job instance at 0x7f1073814e60>,55,16,[11  5],56,238,254,182,225
1,<environment.Job instance at 0x7f1073814fa0>,56,20,[2 9],57,246,266,189,237
1,<environment.Job instance at 0x7f1073814b40>,60,18,[3 9],61,266,284,205,255
1,<environment.Job instance at 0x7f1073814aa0>,62,23,[6 1],63,255,278,192,255
1,<environment.Job instance at 0x7f1073814d20>,64,12,[5 1],65,255,267,190,255
1,<environment.Job instance at 0x7f10738142d0>,66,12,[4 8],67,284,296,217,267
1,<environment.Job instance at 0x7f1073814140>,67,14,[1 9],68,296,310,228,281
1,<environment.Job instance at 0x7f10731f5f50>,71,18,[10  5],72,291,309,219,291
1,<environment.Job instance at 0x7f10731f5be0>,72,12,[1 6],73,309,321,236,292
1,<environment.Job instance at 0x7f10731f50f0>,73,17,[5 5],74,310,327,236,298
1,<environment.Job instance at 0x7f1072bd87d0>,76,19,[6 2],77,310,329,233,300
1,<environment.Job instance at 0x7f1072bd8f00>,79,14,[9 3],80,327,341,247,312
1,<environment.Job instance at 0x7f1072bd8190>,81,13,[7 2],82,341,354,259,325
1,<environment.Job instance at 0x7f1072bd8c30>,82,12,[5 2],83,329,341,246,325
1,<environment.Job instance at 0x7f1072bd8280>,83,15,[3 9],84,341,356,257,327
1,<environment.Job instance at 0x7f1072bd8550>,86,15,[6 2],87,354,369,267,340
1,<environment.Job instance at 0x7f1072bd8960>,90,16,[8 5],91,356,372,265,343
1,<environment.Job instance at 0x7f10724d1050>,95,13,[8 4],96,372,385,276,356
1,<environment.Job instance at 0x7f10724d1140>,98,19,[9 2],99,385,404,286,375
1,<environment.Job instance at 0x7f10724d11e0>,101,22,[5 2],102,375,397,273,375
1,<environment.Job instance at 0x7f10724d10a0>,103,20,[6 2],104,397,417,293,388
1,<environment.Job instance at 0x7f10724d1190>,105,15,[3 6],106,404,419,298,390
1,<environment.Job instance at 0x7f10724d1370>,108,14,[6 1],109,404,418,295,390
1,<environment.Job instance at 0x7f1072f8d2d0>,111,18,[10  4],112,418,436,306,407
1,<environment.Job instance at 0x7f1072f8d050>,113,15,[7 2],114,436,451,322,422
1,<environment.Job instance at 0x7f10736597d0>,10,16,[ 1 10],11,422,438,411,422
1,<environment.Job instance at 0x7f1072f8d0f0>,118,26,[2 8],119,692,718,573,692
1,<environment.Job instance at 0x7f107250bc30>,32,18,[7 1],33,692,710,659,692
1,<environment.Job instance at 0x7f1072584820>,2,17,[14  5],3,718,735,715,706
1,<environment.Job instance at 0x7f107be1fd70>,2,23,[7 1],3,3,26,0,3
1,<environment.Job instance at 0x7f107be1fb90>,5,15,[6 5],6,6,21,0,6
1,<environment.Job instance at 0x7f107be1f140>,10,17,[10  3],11,26,43,15,14
1,<environment.Job instance at 0x7f1072cf9dc0>,22,15,[4 7],23,23,38,0,23
1,<environment.Job instance at 0x7f1071edc5a0>,40,12,[9 5],41,43,55,2,41
1,<environment.Job instance at 0x7f1072077640>,42,12,[9 4],43,55,67,12,43
1,<environment.Job instance at 0x7f1072077eb0>,46,18,[10  3],47,67,85,20,56
1,<environment.Job instance at 0x7f1071f57690>,65,13,[5 7],66,66,79,0,66
1,<environment.Job instance at 0x7f1071f57230>,70,12,[1 8],71,79,91,8,71
1,<environment.Job instance at 0x7f1071f578c0>,71,14,[7 4],72,85,99,13,72
1,<environment.Job instance at 0x7f1071f57af0>,73,15,[2 7],74,91,106,17,77
1,<environment.Job instance at 0x7f1071f57eb0>,74,16,[3 5],75,99,115,24,86
1,<environment.Job instance at 0x7f1071f57be0>,79,15,[7 2],80,99,114,19,86
1,<environment.Job instance at 0x7f1071f57b40>,80,16,[10  4],81,114,130,33,101
1,<environment.Job instance at 0x7f1072a7c960>,88,17,[8 5],89,130,147,41,118
1,<environment.Job instance at 0x7f10736f73c0>,98,19,[5 5],99,118,137,19,118
1,<environment.Job instance at 0x7f10724f6d70>,106,15,[4 9],107,137,152,30,123
1,<environment.Job instance at 0x7f1072a085a0>,112,15,[9 3],113,147,162,34,133
1,<environment.Job instance at 0x7f10735789b0>,117,17,[7 1],118,162,179,44,150
1,<environment.Job instance at 0x7f107be1f190>,9,18,[12  3],10,6894,6912,6884,6894
1,<environment.Job instance at 0x7f107be1ffa0>,3,13,[13  4],4,6938,6951,6934,6938
1,<environment.Job instance at 0x7f107be1fdc0>,0,21,[ 1 12],1,6951,6972,6950,6943
1,<environment.Job instance at 0x7f1072a4c370>,0,12,[5 8],1,1,13,0,1
1,<environment.Job instance at 0x7f1072b62320>,4,21,[10  1],5,5,26,0,5
1,<environment.Job instance at 0x7f1072b62af0>,12,16,[ 5 10],13,13,29,0,13
1,<environment.Job instance at 0x7f10731d2e60>,17,12,[10  2],18,26,38,8,18
1,<environment.Job instance at 0x7f10731d2780>,19,16,[3 6],20,29,45,9,20
1,<environment.Job instance at 0x7f10731d2fa0>,20,15,[1 6],21,29,44,8,21
1,<environment.Job instance at 0x7f10731d2320>,24,13,[7 5],25,44,57,19,28
1,<environment.Job instance at 0x7f10731d23c0>,28,19,[3 5],29,45,64,16,35
1,<environment.Job instance at 0x7f10731d2a50>,30,14,[4 6],31,57,71,26,42
1,<environment.Job instance at 0x7f10731d2280>,32,15,[9 2],33,64,79,31,50
1,<environment.Job instance at 0x7f10731d2b40>,33,16,[8 4],34,79,95,45,66
1,<environment.Job instance at 0x7f10731d2f00>,36,12,[ 2 10],37,71,83,34,66
1,<environment.Job instance at 0x7f1072c88190>,41,17,[4 9],42,83,100,41,71
1,<environment.Job instance at 0x7f1072c88e10>,43,13,[7 4],44,95,108,51,79
1,<environment.Job instance at 0x7f1072c88550>,48,14,[4 9],49,100,114,51,85
1,<environment.Job instance at 0x7f1072c88af0>,52,19,[9 4],53,108,127,55,98
1,<environment.Job instance at 0x7f1072c88f00>,53,18,[4 7],54,114,132,60,103
1,<environment.Job instance at 0x7f10725cc230>,59,18,[10  5],60,127,145,67,116
1,<environment.Job instance at 0x7f10725cc1e0>,62,19,[5 7],63,132,151,69,122
1,<environment.Job instance at 0x7f10725cc050>,65,14,[3 5],66,145,159,79,130
1,<environment.Job instance at 0x7f10731d2820>,22,27,[ 1 13],23,159,186,136,157
1,<environment.Job instance at 0x7f1072cb3a00>,70,12,[3 5],71,186,198,115,169
1,<environment.Job instance at 0x7f1072cb3be0>,69,22,[10  1],70,180,202,110,180
1,<environment.Job instance at 0x7f1072cb3f00>,74,15,[ 1 10],75,198,213,123,184
1,<environment.Job instance at 0x7f1072cb3410>,75,15,[7 1],76,202,217,126,188
1,<environment.Job instance at 0x7f1072cb3280>,76,16,[8 4],77,213,229,136,200
1,<environment.Job instance at 0x7f1072cb3190>,77,17,[5 5],78,217,234,139,205
1,<environment.Job instance at 0x7f1072cb3550>,82,18,[2 5],83,217,235,134,206
1,<environment.Job instance at 0x7f1072cb3d70>,84,15,[2 5],85,229,244,144,215
1,<environment.Job instance at 0x7f1072cb3c30>,85,15,[7 2],86,234,249,148,220
1,<environment.Job instance at 0x7f1072cb3870>,86,19,[10  4],87,249,268,162,239
1,<environment.Job instance at 0x7f1072f99190>,88,24,[2 6],89,239,263,150,239
1,<environment.Job instance at 0x7f1072f994b0>,89,21,[1 9],90,263,284,173,255
1,<environment.Job instance at 0x7f1072f99320>,90,14,[2 9],91,284,298,193,269
1,<environment.Job instance at 0x7f1072f99410>,91,27,[2 5],92,269,296,177,269
1,<environment.Job instance at 0x7f1072f99460>,98,19,[2 6],99,296,315,197,286
1,<environment.Job instance at 0x7f1072f99fa0>,100,18,[1 7],101,298,316,197,287
1,<environment.Job instance at 0x7f1072f99550>,101,19,[4 6],102,315,334,213,305
1,<environment.Job instance at 0x7f1072f99d70>,103,17,[2 8],104,316,333,212,305
1,<environment.Job instance at 0x7f1072f99e10>,107,15,[9 5],108,333,348,225,319
1,<environment.Job instance at 0x7f1072a67fa0>,108,14,[1 7],109,334,348,225,319
1,<environment.Job instance at 0x7f1072a67c80>,109,19,[4 5],110,348,367,238,338
1,<environment.Job instance at 0x7f1072a67af0>,112,21,[2 8],113,348,369,235,343
1,<environment.Job instance at 0x7f1072a670a0>,113,13,[9 1],114,348,361,234,343
1,<environment.Job instance at 0x7f1072a67e10>,114,18,[3 9],115,369,387,254,358
1,<environment.Job instance at 0x7f1072a67d20>,116,23,[1 5],117,367,390,250,361
1,<environment.Job instance at 0x7f1072a67640>,118,22,[9 1],119,369,391,250,369
1,<environment.Job instance at 0x7f10731d22d0>,16,23,[4 7],17,387,410,370,382
1,<environment.Job instance at 0x7f1072a4c230>,1,20,[10  3],2,395,415,393,395
1,<environment.Job instance at 0x7f10731d2af0>,14,22,[6 2],15,1857,1879,1842,1857
1,<environment.Job instance at 0x7f10728485a0>,8,17,[6 1],9,9,26,0,9
1,<environment.Job instance at 0x7f10728483c0>,10,15,[8 2],11,11,26,0,11
1,<environment.Job instance at 0x7f10728488c0>,13,18,[6 1],14,26,44,12,16
1,<environment.Job instance at 0x7f1073127550>,16,12,[3 5],17,26,38,9,17
1,<environment.Job instance at 0x7f1073127d20>,18,14,[6 1],19,26,40,7,19
1,<environment.Job instance at 0x7f1073127190>,21,14,[6 5],22,40,54,18,25
1,<environment.Job instance at 0x7f1073127870>,15,13,[11  5],16,54,67,38,38
1,<environment.Job instance at 0x7f10731278c0>,23,21,[3 7],24,39,60,15,39
1,<environment.Job instance at 0x7f1073127fa0>,22,18,[11  5],23,67,85,44,56
1,<environment.Job instance at 0x7f1073127a00>,26,18,[11  3],27,85,103,58,74
1,<environment.Job instance at 0x7f1073127410>,27,16,[8 2],28,103,119,75,90
1,<environment.Job instance at 0x7f1073127eb0>,29,12,[7 5],30,103,115,73,90
1,<environment.Job instance at 0x7f10731272d0>,30,16,[6 3],31,115,131,84,102
1,<environment.Job instance at 0x7f1073127730>,33,19,[8 1],34,119,138,85,109
1,<environment.Job instance at 0x7f1071f1de10>,36,15,[8 2],37,138,153,101,124
1,<environment.Job instance at 0x7f1071f1d730>,37,20,[10  5],38,153,173,115,144
1,<environment.Job instance at 0x7f1072848cd0>,14,18,[14  3],15,173,191,158,162
1,<environment.Job instance at 0x7f1071f1d500>,41,22,[5 4],42,191,213,149,184
1,<environment.Job instance at 0x7f1071f1d2d0>,42,19,[7 5],43,191,210,148,184
1,<environment.Job instance at 0x7f1071f1d0a0>,43,17,[ 4 10],44,210,227,166,198
1,<environment.Job instance at 0x7f1072844280>,48,15,[4 5],49,213,228,164,199
1,<environment.Job instance at 0x7f10728440a0>,50,20,[9 5],51,227,247,176,218
1,<environment.Job instance at 0x7f1073127820>,24,19,[12  3],25,247,266,222,237
1,<environment.Job instance at 0x7f1072844cd0>,52,13,[14  3],53,266,279,213,250
1,<environment.Job instance at 0x7f1072844b90>,53,27,[2 5],54,279,306,225,277
1,<environment.Job instance at 0x7f10728449b0>,54,16,[3 6],55,279,295,224,277
1,<environment.Job instance at 0x7f10728443c0>,51,21,[9 3],52,279,300,227,277
1,<environment.Job instance at 0x7f10728445f0>,58,13,[2 8],59,300,313,241,284
1,<environment.Job instance at 0x7f1072844050>,60,15,[5 8],61,313,328,252,299
1,<environment.Job instance at 0x7f1072844870>,61,17,[9 2],62,300,317,238,299
1,<environment.Job instance at 0x7f1071f1da50>,39,23,[13  5],40,328,351,288,322
1,<environment.Job instance at 0x7f1072844690>,55,21,[11  2],56,351,372,295,344
1,<environment.Job instance at 0x7f107bd51500>,67,15,[6 1],68,372,387,304,358
1,<environment.Job instance at 0x7f107bd51870>,68,14,[5 7],69,372,386,303,358
1,<environment.Job instance at 0x7f107bd516e0>,69,15,[13  2],70,387,402,317,373
1,<environment.Job instance at 0x7f107bd51280>,65,22,[4 9],66,402,424,336,396
1,<environment.Job instance at 0x7f107bd51730>,72,12,[10  5],73,402,414,329,396
1,<environment.Job instance at 0x7f107bd51140>,73,17,[10  4],74,414,431,340,402
1,<environment.Job instance at 0x7f107bd51aa0>,74,21,[5 6],75,424,445,349,416
1,<environment.Job instance at 0x7f107275c5a0>,80,16,[8 1],81,431,447,350,418
1,<environment.Job instance at 0x7f107275c230>,86,19,[4 7],87,445,464,358,435
1,<environment.Job instance at 0x7f107275caf0>,89,17,[2 8],90,447,464,357,435
1,<environment.Job instance at 0x7f107275c500>,91,12,[10  3],92,464,476,372,447
1,<environment.Job instance at 0x7f107275cfa0>,92,13,[5 1],93,464,477,371,448
1,<environment.Job instance at 0x7f107275c410>,94,13,[9 5],95,476,489,381,460
1,<environment.Job instance at 0x7f10737a0820>,97,18,[5 3],98,477,495,379,466
1,<environment.Job instance at 0x7f10737a05f0>,98,15,[9 3],99,489,504,390,475
1,<environment.Job instance at 0x7f10737a0500>,99,20,[3 9],100,495,515,395,486
1,<environment.Job instance at 0x7f10737a0aa0>,107,14,[1 8],108,515,529,407,500
1,<environment.Job instance at 0x7f10737a0550>,114,21,[1 9],115,529,550,414,521
1,<environment.Job instance at 0x7f107bd519b0>,70,25,[ 1 14],71,550,575,479,546
1,<environment.Job instance at 0x7f107221a3c0>,118,12,[11  5],119,575,587,456,558
1,<environment.Job instance at 0x7f107221a870>,117,22,[9 3],118,6591,6613,6473,6591
1,<environment.Job instance at 0x7f1072848f00>,12,23,[8 3],13,6613,6636,6600,6609
1,<environment.Job instance at 0x7f10727fc9b0>,0,26,[5 7],1,1,27,0,1
1,<environment.Job instance at 0x7f1071f2ed20>,3,14,[1 7],4,4,18,0,4
1,<environment.Job instance at 0x7f1071f2e730>,7,15,[1 7],8,18,33,10,8
1,<environment.Job instance at 0x7f1071f2e820>,8,18,[5 6],9,27,45,18,17
1,<environment.Job instance at 0x7f1071f2e1e0>,4,18,[5 9],5,33,51,28,23
1,<environment.Job instance at 0x7f1071f580f0>,17,20,[5 6],18,45,65,27,36
1,<environment.Job instance at 0x7f1071f58e60>,18,12,[4 7],19,51,63,32,37
1,<environment.Job instance at 0x7f1071f581e0>,12,17,[14  1],13,65,82,52,53
1,<environment.Job instance at 0x7f1071f58f50>,22,21,[2 8],23,82,103,59,74
1,<environment.Job instance at 0x7f1071f58460>,23,22,[ 2 12],24,103,125,79,96
1,<environment.Job instance at 0x7f1071f58190>,26,19,[2 8],27,125,144,98,115
1,<environment.Job instance at 0x7f1071f2ec80>,10,19,[13  4],11,133,152,122,133
1,<environment.Job instance at 0x7f1071f58eb0>,27,21,[3 8],28,152,173,124,146
1,<environment.Job instance at 0x7f1071f58780>,29,13,[13  1],30,173,186,143,157
1,<environment.Job instance at 0x7f1072ad8b40>,30,12,[2 5],31,157,169,126,157
1,<environment.Job instance at 0x7f1072ad8af0>,31,13,[9 3],32,186,199,154,171
1,<environment.Job instance at 0x7f1072ad8a50>,32,23,[5 2],33,186,209,153,180
1,<environment.Job instance at 0x7f1071f2e7d0>,9,27,[ 5 14],10,209,236,199,207
1,<environment.Job instance at 0x7f107267d1e0>,58,17,[5 5],59,236,253,177,224
1,<environment.Job instance at 0x7f1072686640>,59,12,[5 6],60,236,248,176,224
1,<environment.Job instance at 0x7f10726868c0>,61,18,[9 5],62,248,266,186,237
1,<environment.Job instance at 0x7f1072686a50>,64,15,[9 5],65,266,281,201,252
1,<environment.Job instance at 0x7f1072b5aeb0>,73,17,[5 7],74,255,272,181,255
1,<environment.Job instance at 0x7f1072268280>,76,19,[10  3],77,281,300,204,271
1,<environment.Job instance at 0x7f107305f320>,88,14,[8 5],89,300,314,211,285
1,<environment.Job instance at 0x7f1072ed6870>,96,13,[7 3],97,300,313,203,285
1,<environment.Job instance at 0x7f1072ad8960>,34,14,[8 5],35,314,328,279,299
1,<environment.Job instance at 0x7f1072eec780>,110,22,[4 6],111,313,335,202,307
1,<environment.Job instance at 0x7f1072eecbe0>,116,17,[7 5],117,328,345,211,316
1,<environment.Job instance at 0x7f1072eec460>,117,14,[10  5],118,345,359,227,330
1,<environment.Job instance at 0x7f1072f02190>,118,15,[8 2],119,359,374,240,345
1,<environment.Job instance at 0x7f1072a93be0>,0,27,[ 4 10],1,1,28,0,1
1,<environment.Job instance at 0x7f1072a9f410>,3,26,[5 3],4,4,30,0,4
1,<environment.Job instance at 0x7f1072a9f5a0>,11,12,[ 5 13],12,30,42,18,13
1,<environment.Job instance at 0x7f1072a9f7d0>,9,13,[6 2],10,25,38,15,25
1,<environment.Job instance at 0x7f1072a9f910>,12,28,[13  2],13,42,70,29,41
1,<environment.Job instance at 0x7f1072a9ff00>,15,15,[7 3],16,70,85,54,56
1,<environment.Job instance at 0x7f1072a9ffa0>,17,16,[2 7],18,56,72,38,56
1,<environment.Job instance at 0x7f1072a9f3c0>,18,18,[3 9],19,72,90,53,61
1,<environment.Job instance at 0x7f1072f8f9b0>,24,18,[5 3],25,70,88,45,61
1,<environment.Job instance at 0x7f1072f8fa50>,32,18,[5 2],33,85,103,52,74
1,<environment.Job instance at 0x7f1072f8ffa0>,35,12,[9 5],36,90,102,54,74
1,<environment.Job instance at 0x7f1072a9f550>,8,24,[1 7],9,90,114,81,90
1,<environment.Job instance at 0x7f1072f8fbe0>,43,15,[8 1],44,102,117,58,90
1,<environment.Job instance at 0x7f10737e53c0>,51,16,[4 7],52,103,119,51,91
1,<environment.Job instance at 0x7f10737e5410>,56,15,[7 3],57,117,132,60,103
1,<environment.Job instance at 0x7f10720ff0f0>,71,15,[3 5],72,114,129,42,103
1,<environment.Job instance at 0x7f10720ff320>,72,13,[6 5],73,129,142,56,113
1,<environment.Job instance at 0x7f1072a9f050>,16,22,[10  2],17,142,164,125,135
1,<environment.Job instance at 0x7f10720ff050>,75,26,[ 5 10],76,135,161,59,135
1,<environment.Job instance at 0x7f10720ffaf0>,76,27,[ 2 13],77,161,188,84,159
1,<environment.Job instance at 0x7f10720ffbe0>,77,20,[2 6],78,188,208,110,179
1,<environment.Job instance at 0x7f10720ffdc0>,78,26,[14  2],79,208,234,129,205
1,<environment.Job instance at 0x7f10720ff550>,79,27,[ 1 10],80,208,235,128,206
1,<environment.Job instance at 0x7f10720ff8c0>,80,13,[12  2],81,234,247,153,218
1,<environment.Job instance at 0x7f10720ff960>,81,15,[4 7],82,247,262,165,233
1,<environment.Job instance at 0x7f10720ff780>,74,20,[10  4],75,247,267,172,246
1,<environment.Job instance at 0x7f1072a9fd70>,10,26,[12  5],11,267,293,256,264
1,<environment.Job instance at 0x7f1071f9de10>,88,16,[7 5],89,293,309,204,280
1,<environment.Job instance at 0x7f1071f9daf0>,92,18,[10  4],93,309,327,216,299
1,<environment.Job instance at 0x7f1071f9d550>,100,15,[9 4],101,327,342,226,314
1,<environment.Job instance at 0x7f1071f9d320>,84,26,[14  4],85,342,368,257,339
1,<environment.Job instance at 0x7f1072a0edc0>,106,12,[14  1],107,368,380,261,351
1,<environment.Job instance at 0x7f1072a0e1e0>,105,17,[1 6],106,351,368,245,351
1,<environment.Job instance at 0x7f1071f89af0>,110,19,[10  1],111,380,399,269,370
1,<environment.Job instance at 0x7f1071f89870>,112,18,[1 5],113,370,388,257,370
1,<environment.Job instance at 0x7f1071f897d0>,107,21,[2 8],108,380,401,272,372
1,<environment.Job instance at 0x7f1071f89550>,114,25,[14  2],115,401,426,286,397
1,<environment.Job instance at 0x7f1071f89a50>,115,17,[ 3 12],116,426,443,310,416
1,<environment.Job instance at 0x7f1072a93500>,1,27,[9 3],2,427,454,425,427
1,<environment.Job instance at 0x7f10737e5370>,52,15,[14  1],53,454,469,401,440
1,<environment.Job instance at 0x7f10720fff50>,82,26,[11  4],83,469,495,386,467
1,<environment.Job instance at 0x7f1072ba2dc0>,0,14,[ 1 13],1,1,15,0,1
1,<environment.Job instance at 0x7f1072ba21e0>,1,13,[ 5 14],2,15,28,13,2
1,<environment.Job instance at 0x7f1072438410>,6,24,[8 1],7,20,44,13,20
1,<environment.Job instance at 0x7f1072438320>,7,22,[ 2 11],8,28,50,20,22
1,<environment.Job instance at 0x7f10724385f0>,9,17,[6 2],10,44,61,34,32
1,<environment.Job instance at 0x7f1072438690>,10,15,[2 6],11,50,65,39,36
1,<environment.Job instance at 0x7f1072438730>,11,12,[6 3],12,50,62,38,36
1,<environment.Job instance at 0x7f10724387d0>,12,14,[11  1],13,62,76,49,47
1,<environment.Job instance at 0x7f1072438370>,5,22,[3 6],6,70,92,64,70
1,<environment.Job instance at 0x7f1072438550>,8,25,[8 3],9,76,101,67,72
1,<environment.Job instance at 0x7f10724389b0>,15,12,[ 4 12],16,92,104,76,75
1,<environment.Job instance at 0x7f1072438af0>,17,17,[9 2],18,101,118,83,89
1,<environment.Job instance at 0x7f1072438a50>,16,26,[13  2],17,118,144,101,115
1,<environment.Job instance at 0x7f1072438c30>,19,18,[1 6],20,123,141,103,123
1,<environment.Job instance at 0x7f1072438d70>,20,17,[13  3],21,144,161,123,132
1,<environment.Job instance at 0x7f1072438e60>,23,20,[14  2],24,161,181,137,152
1,<environment.Job instance at 0x7f1072438f50>,22,16,[4 6],23,181,197,158,168
1,<environment.Job instance at 0x7f1071f9d8c0>,2,26,[11  1],3,181,207,178,178
1,<environment.Job instance at 0x7f1072466280>,28,14,[ 4 13],29,197,211,168,185
1,<environment.Job instance at 0x7f10724661e0>,27,22,[10  4],28,211,233,183,204
1,<environment.Job instance at 0x7f1072466460>,31,12,[4 5],32,211,223,179,204
1,<environment.Job instance at 0x7f1072466a00>,38,14,[1 7],39,223,237,184,209
1,<environment.Job instance at 0x7f1072466aa0>,39,15,[5 9],40,237,252,197,223
1,<environment.Job instance at 0x7f1072438e10>,24,25,[8 5],25,233,258,208,232
1,<environment.Job instance at 0x7f1072466be0>,41,16,[4 8],42,252,268,210,239
1,<environment.Job instance at 0x7f1072466dc0>,44,19,[5 3],45,258,277,213,248
1,<environment.Job instance at 0x7f1072466f00>,46,15,[ 5 10],47,268,283,221,254
1,<environment.Job instance at 0x7f10724669b0>,47,14,[5 6],48,283,297,235,268
1,<environment.Job instance at 0x7f10724441e0>,50,13,[4 8],51,283,296,232,268
1,<environment.Job instance at 0x7f10724443c0>,53,13,[4 6],54,296,309,242,280
1,<environment.Job instance at 0x7f10724445a0>,56,13,[2 7],57,297,310,240,281
1,<environment.Job instance at 0x7f1072444640>,57,14,[9 3],58,309,323,251,294
1,<environment.Job instance at 0x7f10724446e0>,58,24,[5 3],59,310,334,251,305
1,<environment.Job instance at 0x7f1072444780>,59,19,[5 5],60,323,342,263,313
1,<environment.Job instance at 0x7f1072444820>,60,12,[9 4],61,334,346,273,317
1,<environment.Job instance at 0x7f1072466c80>,42,22,[1 6],43,320,342,277,320
1,<environment.Job instance at 0x7f1072444be0>,66,15,[5 7],67,342,357,275,328
1,<environment.Job instance at 0x7f1072444aa0>,64,25,[10  3],65,346,371,281,342
1,<environment.Job instance at 0x7f1072444f50>,70,14,[4 9],71,357,371,286,342
1,<environment.Job instance at 0x7f1072444eb0>,72,13,[ 3 10],73,371,384,298,355
1,<environment.Job instance at 0x7f1072468280>,76,18,[8 2],77,371,389,294,360
1,<environment.Job instance at 0x7f1072b93780>,78,17,[5 4],79,384,401,305,372
1,<environment.Job instance at 0x7f1072438190>,4,18,[3 8],5,389,407,384,381
1,<environment.Job instance at 0x7f1072466320>,29,18,[ 3 14],30,407,425,377,396
1,<environment.Job instance at 0x7f10724362d0>,84,12,[3 7],85,425,437,340,408
1,<environment.Job instance at 0x7f1072436500>,85,16,[13  1],86,437,453,351,424
1,<environment.Job instance at 0x7f10721e0500>,96,16,[11  1],97,453,469,356,440
1,<environment.Job instance at 0x7f10721e03c0>,97,16,[4 6],98,453,469,355,440
1,<environment.Job instance at 0x7f10721e0640>,98,13,[ 3 10],99,469,482,370,453
1,<environment.Job instance at 0x7f1072438870>,13,24,[8 5],14,469,493,455,464
1,<environment.Job instance at 0x7f1073772690>,100,17,[12  3],101,493,510,392,481
1,<environment.Job instance at 0x7f107263b8c0>,101,15,[6 3],102,510,525,408,496
1,<environment.Job instance at 0x7f10724361e0>,80,16,[ 1 12],81,496,512,415,496
1,<environment.Job instance at 0x7f1073684050>,102,24,[9 3],103,512,536,409,508
1,<environment.Job instance at 0x7f1072ef11e0>,95,19,[10  3],96,536,555,440,526
1,<environment.Job instance at 0x7f10721dfaa0>,107,21,[3 5],108,526,547,418,526
1,<environment.Job instance at 0x7f10721c3dc0>,112,19,[6 2],113,555,574,442,545
1,<environment.Job instance at 0x7f10733f0aa0>,116,13,[3 8],117,547,560,430,545
1,<environment.Job instance at 0x7f1072855190>,103,16,[ 2 11],104,560,576,456,552
1,<environment.Job instance at 0x7f10721e0690>,99,20,[12  4],100,574,594,474,565
1,<environment.Job instance at 0x7f10721e56e0>,0,17,[6 4],1,1,18,0,1
1,<environment.Job instance at 0x7f10732d4eb0>,6,20,[2 5],7,7,27,0,7
1,<environment.Job instance at 0x7f10721e0190>,1,28,[2 5],2,7,35,5,7
1,<environment.Job instance at 0x7f10732d4e10>,9,15,[3 8],10,27,42,17,13
1,<environment.Job instance at 0x7f1073577b90>,12,12,[6 4],13,35,47,22,18
1,<environment.Job instance at 0x7f1073577b40>,22,14,[6 5],23,42,56,19,27
1,<environment.Job instance at 0x7f1073577140>,26,17,[1 5],27,42,59,15,30
1,<environment.Job instance at 0x7f107349aa00>,31,16,[2 8],32,56,72,24,43
1,<environment.Job instance at 0x7f10732d4a00>,7,13,[1 5],8,59,72,51,44
1,<environment.Job instance at 0x7f107349a460>,37,19,[3 6],38,72,91,34,62
1,<environment.Job instance at 0x7f10729e9230>,47,15,[10  2],48,62,77,14,62
1,<environment.Job instance at 0x7f107238ae10>,52,15,[3 8],53,77,92,24,63
1,<environment.Job instance at 0x7f107238aaa0>,59,14,[1 5],60,91,105,31,76
1,<environment.Job instance at 0x7f107238ad70>,60,19,[5 2],61,91,110,30,81
1,<environment.Job instance at 0x7f1072010820>,66,20,[5 1],67,92,112,25,83
1,<environment.Job instance at 0x7f10720100f0>,77,12,[2 6],78,92,104,14,84
1,<environment.Job instance at 0x7f1072c0f3c0>,83,16,[5 6],84,105,121,21,92
1,<environment.Job instance at 0x7f1072c0f410>,96,12,[8 2],97,112,124,15,97
1,<environment.Job instance at 0x7f1072c0fe60>,97,21,[3 6],98,121,142,23,113
1,<environment.Job instance at 0x7f1072c0faa0>,100,12,[10  3],101,124,136,23,113
1,<environment.Job instance at 0x7f1072c0f9b0>,101,16,[1 6],102,113,129,11,113
1,<environment.Job instance at 0x7f1073577640>,11,16,[8 4],12,136,152,124,124
1,<environment.Job instance at 0x7f10721dec30>,102,18,[9 1],103,152,170,49,141
1,<environment.Job instance at 0x7f10721dec80>,107,21,[6 2],108,142,163,34,141
1,<environment.Job instance at 0x7f10721de960>,112,19,[8 2],113,170,189,57,160
1,<environment.Job instance at 0x7f10721de320>,113,14,[5 6],114,163,177,49,160
1,<environment.Job instance at 0x7f107244aa00>,118,16,[10  1],119,189,205,70,177
1,<environment.Job instance at 0x7f10732d4c30>,10,23,[14  5],11,224,247,213,224
1,<environment.Job instance at 0x7f107349ab40>,35,15,[12  1],36,247,262,211,234
1,<environment.Job instance at 0x7f10732d4730>,8,21,[7 5],9,262,283,253,259
1,<environment.Job instance at 0x7f1072f02730>,1,12,[ 3 11],2,2,14,0,2
1,<environment.Job instance at 0x7f1071e39370>,3,14,[10  5],4,14,28,10,4
1,<environment.Job instance at 0x7f1071e35e60>,9,14,[6 5],10,28,42,18,13
1,<environment.Job instance at 0x7f10727796e0>,11,22,[8 4],12,28,50,16,21
1,<environment.Job instance at 0x7f1073631f00>,12,20,[8 4],13,50,70,37,41
1,<environment.Job instance at 0x7f107207c910>,16,18,[1 8],17,53,71,36,53
1,<environment.Job instance at 0x7f1072173370>,19,18,[8 3],20,70,88,50,59
1,<environment.Job instance at 0x7f1072173c30>,22,17,[6 1],23,59,76,36,59
1,<environment.Job instance at 0x7f1073042410>,26,21,[2 6],27,76,97,49,68
1,<environment.Job instance at 0x7f1072173910>,28,21,[1 6],29,71,92,42,68
1,<environment.Job instance at 0x7f107277f9b0>,44,19,[7 2],45,88,107,43,78
1,<environment.Job instance at 0x7f107277f910>,45,13,[5 4],46,92,105,46,78
1,<environment.Job instance at 0x7f107277f2d0>,47,15,[8 2],48,105,120,57,91
1,<environment.Job instance at 0x7f107277faf0>,50,22,[5 5],51,107,129,56,100
1,<environment.Job instance at 0x7f107277faa0>,51,15,[5 6],52,120,135,68,106
1,<environment.Job instance at 0x7f107277fbe0>,56,18,[5 3],57,120,138,63,109
1,<environment.Job instance at 0x7f1071e46d20>,57,14,[7 5],58,135,149,77,120
1,<environment.Job instance at 0x7f107286ff50>,59,12,[7 3],60,138,150,78,121
1,<environment.Job instance at 0x7f1072f8feb0>,64,12,[1 6],65,129,141,64,121
1,<environment.Job instance at 0x7f10723645a0>,72,20,[10  3],73,150,170,77,141
1,<environment.Job instance at 0x7f1072364d20>,73,16,[7 3],74,170,186,96,157
1,<environment.Job instance at 0x7f1072c81be0>,75,17,[8 3],76,170,187,94,158
1,<environment.Job instance at 0x7f1071e39140>,6,13,[14  1],7,187,200,180,171
1,<environment.Job instance at 0x7f1073304410>,77,23,[ 1 12],78,190,213,112,190
1,<environment.Job instance at 0x7f1072ae4780>,79,21,[5 8],80,213,234,133,205
1,<environment.Job instance at 0x7f1072ae4af0>,78,14,[5 6],79,213,227,134,208
1,<environment.Job instance at 0x7f107278f370>,84,20,[3 9],85,234,254,149,225
1,<environment.Job instance at 0x7f107278f870>,92,16,[ 2 10],93,254,270,161,241
1,<environment.Job instance at 0x7f10721714b0>,95,16,[ 5 10],96,270,286,174,257
1,<environment.Job instance at 0x7f10722e5500>,96,13,[10  3],97,257,270,160,257
1,<environment.Job instance at 0x7f10722e5460>,97,18,[10  5],98,270,288,172,259
1,<environment.Job instance at 0x7f10726920f0>,105,12,[1 8],106,286,298,180,269
1,<environment.Job instance at 0x7f10726928c0>,106,14,[6 4],107,288,302,181,273
1,<environment.Job instance at 0x7f1072692aa0>,107,14,[3 7],108,298,312,190,283
1,<environment.Job instance at 0x7f1072692050>,109,15,[2 8],110,302,317,192,288
1,<environment.Job instance at 0x7f1072692d70>,111,12,[7 5],112,312,324,200,295
1,<environment.Job instance at 0x7f10726927d0>,113,16,[5 3],114,317,333,203,304
1,<environment.Job instance at 0x7f10727322d0>,118,16,[5 9],119,324,340,205,311
1,<environment.Job instance at 0x7f107278f6e0>,85,15,[ 2 13],86,340,355,254,333
1,<environment.Job instance at 0x7f107255fe10>,0,19,[6 4],1,355,374,354,345
1,<environment.Job instance at 0x7f1071e51a00>,4,19,[10  1],5,930,949,925,930
1,<environment.Job instance at 0x7f10726629b0>,0,19,[ 4 10],1,1,20,0,1
1,<environment.Job instance at 0x7f1072750820>,5,16,[4 6],6,20,36,14,7
1,<environment.Job instance at 0x7f1072961730>,10,17,[10  2],11,11,28,0,11
1,<environment.Job instance at 0x7f1072750870>,13,18,[3 8],14,28,46,14,17
1,<environment.Job instance at 0x7f1071e51a00>,2,22,[12  2],3,36,58,33,30
1,<environment.Job instance at 0x7f1072580a00>,24,16,[11  5],25,58,74,33,45
1,<environment.Job instance at 0x7f1072662dc0>,1,20,[ 4 14],2,74,94,72,65
1,<environment.Job instance at 0x7f1072423870>,69,22,[5 1],70,74,96,4,70
1,<environment.Job instance at 0x7f1072c67870>,89,16,[2 7],90,94,110,4,90
1,<environment.Job instance at 0x7f1072d89550>,26,16,[ 4 14],27,110,126,83,100
1,<environment.Job instance at 0x7f1072c678c0>,100,13,[ 1 14],101,126,139,25,110
1,<environment.Job instance at 0x7f1072c59280>,116,22,[10  2],117,139,161,22,132
1,<environment.Job instance at 0x7f1072c59460>,117,28,[ 3 13],118,139,167,21,138
1,<environment.Job instance at 0x7f1072c59550>,118,25,[5 8],119,167,192,48,163
1,<environment.Job instance at 0x7f107240b870>,101,23,[5 6],102,2100,2123,1998,2100
1,<environment.Job instance at 0x7f1072c591e0>,115,20,[8 4],116,5358,5378,5242,5358
1,<environment.Job instance at 0x7f1072c67460>,114,26,[2 6],115,8103,8129,7988,8103
1,<environment.Job instance at 0x7f5b6988d230>,0,13,[9 3],1,1,14,0,1
1,<environment.Job instance at 0x7f5b6988d320>,2,22,[4 8],3,3,25,0,3
1,<environment.Job instance at 0x7f5b602a1be0>,4,21,[1 6],5,14,35,9,6
1,<environment.Job instance at 0x7f5b602a4280>,14,13,[7 3],15,25,38,10,16
1,<environment.Job instance at 0x7f5b602a4870>,23,18,[2 7],24,35,53,11,24
1,<environment.Job instance at 0x7f5b602a4f00>,33,16,[2 8],34,38,54,4,34
1,<environment.Job instance at 0x7f5b602a8190>,35,15,[9 5],36,53,68,17,39
1,<environment.Job instance at 0x7f5b602a1af0>,6,20,[6 1],7,54,74,47,48
1,<environment.Job instance at 0x7f5b602a8cd0>,53,17,[5 7],54,68,85,14,56
1,<environment.Job instance at 0x7f5b602aac80>,77,13,[8 5],78,78,91,0,78
1,<environment.Job instance at 0x7f5b602ae8c0>,95,15,[5 7],96,96,111,0,96
1,<environment.Job instance at 0x7f5b602aea00>,98,17,[5 5],99,99,116,0,99
1,<environment.Job instance at 0x7f5b602b16e0>,115,16,[7 5],116,116,132,0,116
1,<environment.Job instance at 0x7f5b6988d1e0>,1,22,[11  3],2,8027,8049,8025,8027
1,<environment.Job instance at 0x7f5b5f9e9370>,0,18,[6 1],1,1,19,0,1
1,<environment.Job instance at 0x7f5b5f9c9aa0>,4,16,[4 7],5,5,21,0,5
1,<environment.Job instance at 0x7f5b5f9ed4b0>,10,13,[7 4],11,19,32,8,11
1,<environment.Job instance at 0x7f5b5f9ebe10>,19,15,[10  4],20,32,47,12,21
1,<environment.Job instance at 0x7f5b5f9edbe0>,20,14,[1 8],21,27,41,6,27
1,<environment.Job instance at 0x7f5b5f9eb550>,26,14,[9 5],27,47,61,20,32
1,<environment.Job instance at 0x7f5b5f9ed410>,14,17,[14  2],15,61,78,46,49
1,<environment.Job instance at 0x7f5b5f9ebfa0>,29,15,[1 7],30,59,74,29,59
1,<environment.Job instance at 0x7f5b5f9e8e10>,32,13,[3 8],33,78,91,45,62
1,<environment.Job instance at 0x7f5b5f9e8f50>,33,13,[3 5],34,78,91,44,62
1,<environment.Job instance at 0x7f5b5f85c0a0>,47,17,[8 2],48,78,95,30,72
1,<environment.Job instance at 0x7f5b5f8bfc30>,49,16,[5 8],50,91,107,41,80
1,<environment.Job instance at 0x7f5b5f8bf410>,50,13,[8 5],51,95,108,44,80
1,<environment.Job instance at 0x7f5b5f9baf50>,75,16,[2 8],76,107,123,31,94
1,<environment.Job instance at 0x7f5b5f9eb640>,30,26,[5 5],31,109,135,78,109
1,<environment.Job instance at 0x7f5b5f83c960>,84,17,[3 8],85,123,140,38,116
1,<environment.Job instance at 0x7f5b5f83c780>,92,16,[3 8],93,140,156,47,127
1,<environment.Job instance at 0x7f5b5f9e9cd0>,96,13,[6 3],97,135,148,38,127
1,<environment.Job instance at 0x7f5b5f83c1e0>,85,19,[12  5],86,148,167,62,139
1,<environment.Job instance at 0x7f5b5f83bb40>,108,23,[13  3],109,167,190,58,161
1,<environment.Job instance at 0x7f5b5f837d20>,122,14,[5 5],123,190,204,67,175
1,<environment.Job instance at 0x7f5b5f9ebbe0>,27,26,[4 9],28,190,216,162,187
1,<environment.Job instance at 0x7f5b5f84a3c0>,126,19,[13  1],127,216,235,89,206
1,<environment.Job instance at 0x7f5b5f84a550>,127,15,[12  2],128,235,250,107,221
1,<environment.Job instance at 0x7f5b5f837c30>,125,19,[9 4],126,250,269,124,240
1,<environment.Job instance at 0x7f5b5f9e9230>,1,25,[6 1],2,257,282,255,257
1,<environment.Job instance at 0x7f5b5f83bfa0>,109,25,[10  5],110,343,368,233,343
1,<environment.Job instance at 0x7f5b69a036e0>,0,14,[2 7],1,1,15,0,1
1,<environment.Job instance at 0x7f5b69a031e0>,1,15,[4 8],2,2,17,0,2
1,<environment.Job instance at 0x7f5b699feaa0>,6,15,[3 6],7,15,30,8,7
1,<environment.Job instance at 0x7f5b699fe550>,5,20,[11  2],6,17,37,11,8
1,<environment.Job instance at 0x7f5b699fe190>,10,19,[5 5],11,37,56,26,27
1,<environment.Job instance at 0x7f5b5f92a190>,15,13,[4 8],16,48,61,32,48
1,<environment.Job instance at 0x7f5b5f92a6e0>,16,13,[5 8],17,61,74,44,51
1,<environment.Job instance at 0x7f5b5f92a410>,21,15,[6 1],22,51,66,29,51
1,<environment.Job instance at 0x7f5b699fe640>,11,23,[13  1],12,74,97,62,68
1,<environment.Job instance at 0x7f5b699feaf0>,8,16,[2 6],9,68,84,59,68
1,<environment.Job instance at 0x7f5b5f92a9b0>,25,14,[ 1 12],26,84,98,58,71
1,<environment.Job instance at 0x7f5b5f92a960>,26,13,[2 5],27,98,111,71,82
1,<environment.Job instance at 0x7f5b5f92afa0>,23,22,[9 5],24,98,120,74,92
1,<environment.Job instance at 0x7f5b5f92a3c0>,29,17,[6 2],30,111,128,81,99
1,<environment.Job instance at 0x7f5b5f92a8c0>,30,17,[5 1],31,120,137,89,108
1,<environment.Job instance at 0x7f5b5f89c4b0>,33,17,[4 6],34,120,137,86,108
1,<environment.Job instance at 0x7f5b5f89c730>,38,15,[8 2],39,137,152,98,123
1,<environment.Job instance at 0x7f5b5f92a820>,27,23,[6 4],28,129,152,101,129
1,<environment.Job instance at 0x7f5b5f8a0910>,42,17,[9 4],43,152,169,109,140
1,<environment.Job instance at 0x7f5b5f92ae60>,24,15,[ 1 12],25,169,184,144,155
1,<environment.Job instance at 0x7f5b5f8a06e0>,48,16,[11  1],49,169,185,120,156
1,<environment.Job instance at 0x7f5b5f8a0640>,49,14,[14  2],50,185,199,135,170
1,<environment.Job instance at 0x7f5b5f8a4d20>,61,15,[5 5],62,199,214,137,185
1,<environment.Job instance at 0x7f5b5f8a4b40>,63,13,[4 8],64,199,212,135,185
1,<environment.Job instance at 0x7f5b5f8a0960>,51,15,[ 2 11],52,214,229,162,200
1,<environment.Job instance at 0x7f5b5f8a0b40>,43,13,[12  4],44,214,227,170,208
1,<environment.Job instance at 0x7f5b5f8a4690>,67,21,[5 9],68,229,250,161,221
1,<environment.Job instance at 0x7f5b5f8d21e0>,80,13,[1 6],81,229,242,148,221
1,<environment.Job instance at 0x7f5b5f8d2230>,82,20,[8 1],83,242,262,159,233
1,<environment.Job instance at 0x7f5b5f8d2870>,86,20,[5 7],87,250,270,163,241
1,<environment.Job instance at 0x7f5b5f8d2780>,87,16,[5 4],88,262,278,174,249
1,<environment.Job instance at 0x7f5b5f8d2d70>,88,14,[8 3],89,270,284,181,255
1,<environment.Job instance at 0x7f5b5f9233c0>,92,18,[3 6],93,278,296,185,267
1,<environment.Job instance at 0x7f5b5f923500>,94,15,[5 5],95,284,299,189,270
1,<environment.Job instance at 0x7f5b5f923640>,96,16,[3 9],97,296,312,199,283
1,<environment.Job instance at 0x7f5b5f923690>,98,12,[ 5 10],99,312,324,213,295
1,<environment.Job instance at 0x7f5b5f9237d0>,101,21,[4 8],102,324,345,222,316
1,<environment.Job instance at 0x7f5b5f923190>,104,18,[8 3],105,316,334,211,316
1,<environment.Job instance at 0x7f5b5f923a50>,105,14,[8 5],106,334,348,228,319
1,<environment.Job instance at 0x7f5b5f923e10>,107,16,[5 8],108,345,361,237,332
1,<environment.Job instance at 0x7f5b5f923af0>,108,13,[1 7],109,348,361,239,332
1,<environment.Job instance at 0x7f5b5f898c80>,115,13,[5 5],116,361,374,245,345
1,<environment.Job instance at 0x7f5b5f898c30>,118,14,[7 5],119,361,375,242,346
1,<environment.Job instance at 0x7f5b5f893be0>,125,15,[8 5],126,374,389,248,360
1,<environment.Job instance at 0x7f5b699fe280>,2,24,[ 3 13],3,389,413,386,385
1,<environment.Job instance at 0x7f5b5f8a4e10>,68,18,[ 2 14],69,1365,1383,1296,1365
1,<environment.Job instance at 0x7f5b5fe8fc30>,1,22,[5 9],2,2,24,0,2
1,<environment.Job instance at 0x7f5b5f8a4550>,2,12,[7 2],3,3,15,0,3
1,<environment.Job instance at 0x7f5b5fda8730>,8,17,[4 8],9,24,41,15,12
1,<environment.Job instance at 0x7f5b5fda87d0>,11,13,[4 9],12,41,54,29,25
1,<environment.Job instance at 0x7f5b5fda8280>,20,16,[5 9],21,54,70,33,41
1,<environment.Job instance at 0x7f5b5fd79aa0>,25,15,[8 4],26,41,56,15,41
1,<environment.Job instance at 0x7f5b5fd79af0>,27,14,[6 4],28,56,70,28,41
1,<environment.Job instance at 0x7f5b5f83bc30>,42,15,[5 8],43,70,85,27,56
1,<environment.Job instance at 0x7f5b5f83ba50>,44,20,[10  4],45,70,90,25,61
1,<environment.Job instance at 0x7f5b5f83b5f0>,45,16,[6 3],46,90,106,44,77
1,<environment.Job instance at 0x7f5b5f83b550>,46,14,[5 7],47,85,99,38,79
1,<environment.Job instance at 0x7f5b5f83b0a0>,47,18,[4 7],48,99,117,51,88
1,<environment.Job instance at 0x7f5b5f83b280>,56,16,[2 9],57,117,133,60,104
1,<environment.Job instance at 0x7f5b5f83baf0>,57,14,[5 6],58,106,120,48,104
1,<environment.Job instance at 0x7f5b5f83b8c0>,60,17,[8 1],61,120,137,59,108
1,<environment.Job instance at 0x7f5b5fda8320>,10,22,[ 5 12],11,133,155,122,129
1,<environment.Job instance at 0x7f5b69936870>,69,21,[9 2],70,140,161,70,140
1,<environment.Job instance at 0x7f5b69936a00>,73,16,[6 3],74,155,171,81,142
1,<environment.Job instance at 0x7f5b5f842e60>,79,19,[7 4],80,161,180,81,151
1,<environment.Job instance at 0x7f5b5f842910>,83,22,[1 6],84,161,183,77,156
1,<environment.Job instance at 0x7f5b69936140>,70,18,[14  2],71,180,198,109,169
1,<environment.Job instance at 0x7f5b5f8420a0>,86,17,[11  1],87,198,215,111,188
1,<environment.Job instance at 0x7f5b5f842280>,92,16,[10  3],93,215,231,122,202
1,<environment.Job instance at 0x7f5b5ff178c0>,95,13,[6 4],96,231,244,135,215
1,<environment.Job instance at 0x7f5b5ff17140>,98,19,[1 5],99,215,234,116,215
1,<environment.Job instance at 0x7f5b5ff17960>,99,18,[2 9],100,234,252,134,223
1,<environment.Job instance at 0x7f5b5ff17280>,100,18,[10  4],101,244,262,143,233
1,<environment.Job instance at 0x7f5b5ff17820>,101,13,[6 5],102,262,275,160,246
1,<environment.Job instance at 0x7f5b5ff179b0>,103,14,[4 5],104,252,266,148,246
1,<environment.Job instance at 0x7f5b5ff17690>,107,15,[9 5],108,266,281,158,252
1,<environment.Job instance at 0x7f5b5ff175f0>,109,17,[1 7],110,275,292,165,263
1,<environment.Job instance at 0x7f5b5ff17d20>,110,15,[5 1],111,275,290,164,263
1,<environment.Job instance at 0x7f5b5ff17dc0>,111,18,[5 9],112,292,310,180,281
1,<environment.Job instance at 0x7f5b6990d870>,116,14,[5 9],117,310,324,193,295
1,<environment.Job instance at 0x7f5b5fd7fc30>,119,16,[6 5],120,295,311,175,295
1,<environment.Job instance at 0x7f5b5fd7fc80>,126,18,[7 5],127,311,329,184,300
1,<environment.Job instance at 0x7f5b5fd7fd20>,127,18,[5 9],128,324,342,196,313
1,<environment.Job instance at 0x7f5b5fd80be0>,9,21,[13  4],10,631,652,621,631
1,<environment.Job instance at 0x7f5b5feb43c0>,0,23,[7 4],1,652,675,651,646
1,<environment.Job instance at 0x7f5b5fd801e0>,4,20,[3 8],5,5522,5542,5517,5522
1,<environment.Job instance at 0x7f5b602ddbe0>,0,19,[4 9],1,1,20,0,1
1,<environment.Job instance at 0x7f5b602841e0>,1,12,[10  2],2,5,17,3,5
1,<environment.Job instance at 0x7f5b5fc3ca50>,6,18,[6 4],7,17,35,10,7
1,<environment.Job instance at 0x7f5b60dd8dc0>,4,19,[9 4],5,20,39,15,11
1,<environment.Job instance at 0x7f5b60dd8820>,8,15,[13  2],9,39,54,30,25
1,<environment.Job instance at 0x7f5b60dd8aa0>,14,23,[1 6],15,35,58,20,30
1,<environment.Job instance at 0x7f5b60de2230>,16,12,[13  4],17,54,66,37,39
1,<environment.Job instance at 0x7f5b60de2190>,17,12,[14  3],18,66,78,48,49
1,<environment.Job instance at 0x7f5b60de2b90>,13,15,[ 3 10],14,78,93,64,64
1,<environment.Job instance at 0x7f5b60de20f0>,21,15,[6 3],22,78,93,56,64
1,<environment.Job instance at 0x7f5b60de2aa0>,23,18,[7 5],24,93,111,69,82
1,<environment.Job instance at 0x7f5b5fc2e190>,26,17,[10  3],27,111,128,84,99
1,<environment.Job instance at 0x7f5b60de2050>,18,15,[ 1 12],19,111,126,92,99
1,<environment.Job instance at 0x7f5b5fc133c0>,29,17,[5 9],30,126,143,96,115
1,<environment.Job instance at 0x7f5b60de22d0>,15,17,[12  4],16,143,160,127,132
1,<environment.Job instance at 0x7f5b5fd17690>,40,20,[2 9],41,143,163,102,138
1,<environment.Job instance at 0x7f5b5fd29320>,43,14,[1 5],44,160,174,116,145
1,<environment.Job instance at 0x7f5b5fcf4aa0>,45,18,[1 7],46,163,181,117,152
1,<environment.Job instance at 0x7f5b5fd1a280>,48,15,[1 6],49,174,189,125,160
1,<environment.Job instance at 0x7f5b60de4dc0>,30,17,[12  4],31,181,198,150,169
1,<environment.Job instance at 0x7f5b5fd2daf0>,53,15,[7 4],54,198,213,144,184
1,<environment.Job instance at 0x7f5b5fd2dcd0>,55,13,[1 7],56,189,202,133,184
1,<environment.Job instance at 0x7f5b5fcff230>,62,13,[5 5],63,202,215,139,186
1,<environment.Job instance at 0x7f5b5fcff8c0>,66,14,[6 4],67,213,227,146,198
1,<environment.Job instance at 0x7f5b5ff92870>,74,20,[3 8],75,215,235,140,210
1,<environment.Job instance at 0x7f5b5ff92910>,75,17,[2 9],76,235,252,159,223
1,<environment.Job instance at 0x7f5b5ff929b0>,76,14,[ 4 10],77,252,266,175,237
1,<environment.Job instance at 0x7f5b5ff92a50>,77,13,[6 2],78,237,250,159,237
1,<environment.Job instance at 0x7f5b5ff92b90>,79,19,[9 4],80,250,269,170,240
1,<environment.Job instance at 0x7f5b5ff92cd0>,81,18,[6 1],82,266,284,184,255
1,<environment.Job instance at 0x7f5b5ff92eb0>,82,19,[1 7],83,269,288,186,259
1,<environment.Job instance at 0x7f5b60de5190>,88,17,[7 1],89,269,286,180,259
1,<environment.Job instance at 0x7f5b60de5410>,92,21,[6 4],93,284,305,191,276
1,<environment.Job instance at 0x7f5b60de5550>,94,20,[10  4],95,305,325,210,296
1,<environment.Job instance at 0x7f5b60de5730>,97,16,[ 4 10],98,297,313,199,297
1,<environment.Job instance at 0x7f5b60de5a50>,99,17,[5 5],100,313,330,213,301
1,<environment.Job instance at 0x7f5b60de5960>,101,15,[9 4],102,325,340,223,311
1,<environment.Job instance at 0x7f5b60de5b90>,103,13,[1 5],104,325,338,221,312
1,<environment.Job instance at 0x7f5b60de5e10>,107,20,[7 1],108,340,360,232,331
1,<environment.Job instance at 0x7f5b5fcc4aa0>,41,17,[ 2 13],42,340,357,298,331
1,<environment.Job instance at 0x7f5b60de5f50>,109,16,[4 9],110,357,373,247,344
1,<environment.Job instance at 0x7f5b5ff85230>,113,14,[6 5],114,360,374,246,345
1,<environment.Job instance at 0x7f5b5ff85460>,115,15,[10  3],116,374,389,258,360
1,<environment.Job instance at 0x7f5b5ff855a0>,118,13,[9 4],119,389,402,270,373
1,<environment.Job instance at 0x7f5b5ff85780>,121,15,[4 5],122,373,388,251,373
1,<environment.Job instance at 0x7f5b5ff85820>,123,21,[1 6],124,374,395,250,373
1,<environment.Job instance at 0x7f5b5ff85870>,126,16,[4 5],127,388,404,261,375
1,<environment.Job instance at 0x7f5b60de50a0>,110,18,[ 2 10],111,402,420,291,391
1,<environment.Job instance at 0x7f5b60dd7960>,11,16,[7 3],12,404,420,392,400
1,<environment.Job instance at 0x7f5b60dd8b40>,5,27,[10  2],6,420,447,414,418
1,<environment.Job instance at 0x7f5b5fd08c80>,1,16,[9 2],2,2,18,0,2
1,<environment.Job instance at 0x7f5b5fd08cd0>,4,21,[6 5],5,5,26,0,5
1,<environment.Job instance at 0x7f5b60dd8b40>,7,13,[9 4],8,18,31,10,8
1,<environment.Job instance at 0x7f5b5fd08a00>,8,19,[ 5 10],9,26,45,17,16
1,<environment.Job instance at 0x7f5b5fd08780>,11,17,[4 5],12,31,48,19,19
1,<environment.Job instance at 0x7f5b60215460>,13,15,[4 9],14,45,60,31,31
1,<environment.Job instance at 0x7f5b602152d0>,18,17,[5 2],19,48,65,29,36
1,<environment.Job instance at 0x7f5b602151e0>,19,18,[1 9],20,60,78,40,49
1,<environment.Job instance at 0x7f5b60215af0>,20,15,[6 3],21,49,64,28,49
1,<environment.Job instance at 0x7f5b5fd080f0>,9,15,[7 3],10,64,79,54,55
1,<environment.Job instance at 0x7f5b602153c0>,21,15,[3 9],22,78,93,56,64
1,<environment.Job instance at 0x7f5b60dca8c0>,26,14,[7 2],27,79,93,52,64
1,<environment.Job instance at 0x7f5b60dca050>,31,13,[7 1],32,65,78,33,64
1,<environment.Job instance at 0x7f5b60dca140>,32,14,[3 6],33,93,107,60,78
1,<environment.Job instance at 0x7f5b60dca0a0>,34,19,[6 1],35,93,112,58,83
1,<environment.Job instance at 0x7f5b606e2820>,36,16,[5 8],37,93,109,56,83
1,<environment.Job instance at 0x7f5b606e2780>,41,14,[6 1],42,109,123,67,94
1,<environment.Job instance at 0x7f5b606e2320>,42,20,[6 3],43,112,132,69,103
1,<environment.Job instance at 0x7f5b5fd08f50>,10,17,[4 7],11,123,140,112,119
1,<environment.Job instance at 0x7f5b606e2230>,43,17,[10  4],44,132,149,88,120
1,<environment.Job instance at 0x7f5b606e2a50>,44,14,[3 9],45,140,154,95,125
1,<environment.Job instance at 0x7f5b606e2b90>,47,18,[10  3],48,149,167,101,138
1,<environment.Job instance at 0x7f5b60106b40>,51,20,[5 6],52,154,174,102,145
1,<environment.Job instance at 0x7f5b60106870>,55,16,[10  2],56,167,183,111,155
1,<environment.Job instance at 0x7f5b60106820>,58,17,[5 5],59,174,191,115,162
1,<environment.Job instance at 0x7f5b60106e10>,59,13,[8 2],60,183,196,123,167
1,<environment.Job instance at 0x7f5b606e20a0>,48,13,[13  3],49,196,209,147,183
1,<environment.Job instance at 0x7f5b60106a00>,60,19,[8 4],61,209,228,148,199
1,<environment.Job instance at 0x7f5b60106690>,62,15,[9 3],63,228,243,165,214
1,<environment.Job instance at 0x7f5b60106960>,63,16,[6 3],64,214,230,150,214
1,<environment.Job instance at 0x7f5b60106e60>,65,23,[4 5],66,230,253,164,224
1,<environment.Job instance at 0x7f5b60db2e60>,66,18,[10  2],67,243,261,176,232
1,<environment.Job instance at 0x7f5b60db2410>,67,20,[7 5],68,261,281,193,252
1,<environment.Job instance at 0x7f5b60db2aa0>,70,21,[5 2],71,253,274,182,252
1,<environment.Job instance at 0x7f5b60db2b40>,75,12,[3 6],76,261,273,185,252
1,<environment.Job instance at 0x7f5b60db9e60>,77,13,[7 4],78,274,287,196,258
1,<environment.Job instance at 0x7f5b60db9460>,80,15,[5 2],81,281,296,200,267
1,<environment.Job instance at 0x7f5b60db93c0>,82,14,[7 1],83,287,301,204,272
1,<environment.Job instance at 0x7f5b60db9550>,83,16,[11  4],84,301,317,217,288
1,<environment.Job instance at 0x7f5b60db9c30>,84,22,[9 4],85,317,339,232,311
1,<environment.Job instance at 0x7f5b60db9c80>,87,14,[2 6],88,311,325,223,311
1,<environment.Job instance at 0x7f5b6070b0a0>,97,20,[3 7],98,325,345,227,316
1,<environment.Job instance at 0x7f5b6070bfa0>,100,18,[1 5],101,339,357,238,328
1,<environment.Job instance at 0x7f5b60de1be0>,105,13,[ 2 10],106,345,358,239,329
1,<environment.Job instance at 0x7f5b60de1aa0>,108,21,[2 6],109,358,379,249,350
1,<environment.Job instance at 0x7f5b60de11e0>,109,22,[5 7],110,358,380,248,351
1,<environment.Job instance at 0x7f5b60de10a0>,110,19,[1 7],111,379,398,268,369
1,<environment.Job instance at 0x7f5b60de1500>,112,12,[8 4],113,380,392,267,369
1,<environment.Job instance at 0x7f5b60de18c0>,114,13,[5 4],115,380,393,265,369
1,<environment.Job instance at 0x7f5b60de1780>,115,14,[8 5],116,393,407,277,378
1,<environment.Job instance at 0x7f5b60de9780>,118,15,[7 2],119,398,413,279,384
1,<environment.Job instance at 0x7f5b60de9f50>,121,16,[4 6],122,407,423,285,394
1,<environment.Job instance at 0x7f5b5fbf5d20>,128,13,[5 3],129,413,426,284,397
1,<environment.Job instance at 0x7f5b602159b0>,22,21,[9 5],23,423,444,400,416
1,<environment.Job instance at 0x7f5b5fd08730>,6,20,[3 6],7,426,446,419,417
1,<environment.Job instance at 0x7f5b5fd08140>,0,18,[7 3],1,444,462,443,433
1,<environment.Job instance at 0x7f5b5fce5280>,1,16,[5 1],2,2,18,0,2
1,<environment.Job instance at 0x7f5b5ffe9640>,4,18,[2 8],5,5,23,0,5
1,<environment.Job instance at 0x7f5b5ffe8c80>,9,17,[1 6],10,11,28,1,11
1,<environment.Job instance at 0x7f5b604e7fa0>,18,25,[1 5],19,23,48,4,19
1,<environment.Job instance at 0x7f5b604e7d20>,19,20,[3 8],20,28,48,8,20
1,<environment.Job instance at 0x7f5b604dfa50>,24,17,[10  5],25,48,65,23,36
1,<environment.Job instance at 0x7f5b604dfd70>,25,17,[3 6],26,48,65,22,36
1,<environment.Job instance at 0x7f5b6021cfa0>,28,16,[1 5],29,65,81,36,52
1,<environment.Job instance at 0x7f5b604f3f50>,31,13,[9 3],32,65,78,33,52
1,<environment.Job instance at 0x7f5b60d05eb0>,33,15,[3 8],34,78,93,44,64
1,<environment.Job instance at 0x7f5b604f3d20>,34,13,[6 5],35,81,94,46,65
1,<environment.Job instance at 0x7f5b60500c80>,41,17,[9 2],42,93,110,51,81
1,<environment.Job instance at 0x7f5b5fc22910>,43,16,[ 3 10],44,94,110,50,81
1,<environment.Job instance at 0x7f5b5fbf8c80>,49,14,[5 4],50,110,124,60,95
1,<environment.Job instance at 0x7f5b6944ffa0>,52,18,[9 3],53,110,128,57,99
1,<environment.Job instance at 0x7f5b69476e10>,60,13,[8 3],61,128,141,67,112
1,<environment.Job instance at 0x7f5b6946c2d0>,65,23,[1 5],66,112,135,46,112
1,<environment.Job instance at 0x7f5b6946c8c0>,70,13,[7 5],71,135,148,64,119
1,<environment.Job instance at 0x7f5b6011b4b0>,74,15,[4 6],75,141,156,66,127
1,<environment.Job instance at 0x7f5b6011b550>,75,22,[7 1],76,148,170,72,141
1,<environment.Job instance at 0x7f5b6011b690>,77,17,[5 4],78,156,173,78,144
1,<environment.Job instance at 0x7f5b6011b730>,78,14,[8 1],79,170,184,91,155
1,<environment.Job instance at 0x7f5b6011b7d0>,79,16,[ 4 10],80,173,189,93,160
1,<environment.Job instance at 0x7f5b6011bc80>,85,21,[6 5],86,184,205,98,176
1,<environment.Job instance at 0x7f5b6010b4b0>,97,19,[2 8],98,189,208,91,179
1,<environment.Job instance at 0x7f5b6010b550>,98,15,[1 9],99,208,223,109,194
1,<environment.Job instance at 0x7f5b6010b7d0>,102,16,[ 4 10],103,223,239,120,210
1,<environment.Job instance at 0x7f5b6010b870>,103,18,[1 8],104,239,257,135,228
1,<environment.Job instance at 0x7f5b6010b910>,104,13,[4 7],105,239,252,134,228
1,<environment.Job instance at 0x7f5b6010b190>,113,18,[5 8],114,257,275,143,246
1,<environment.Job instance at 0x7f5b6010d190>,116,15,[ 1 10],117,275,290,158,261
1,<environment.Job instance at 0x7f5b6010d2d0>,118,20,[10  2],119,261,281,142,261
1,<environment.Job instance at 0x7f5b6010d140>,119,23,[1 6],120,290,313,170,284
1,<environment.Job instance at 0x7f5b6010d6e0>,123,14,[7 2],124,284,298,160,284
1,<environment.Job instance at 0x7f5b6010d8c0>,126,12,[6 1],127,284,296,157,284
1,<environment.Job instance at 0x7f5b5fbfe820>,0,14,[13  2],1,298,312,297,284
1,<environment.Job instance at 0x7f5b604ed820>,10,21,[1 8],11,2225,2246,2214,2225
1,<environment.Job instance at 0x7f5b5f97f190>,1,14,[3 8],2,2,16,0,2
1,<environment.Job instance at 0x7f5b604eda50>,2,16,[6 5],3,3,19,0,3
1,<environment.Job instance at 0x7f5b5f97f460>,3,14,[5 4],4,16,30,12,4
1,<environment.Job instance at 0x7f5b5f97ff50>,9,16,[9 2],10,19,35,9,11
1,<environment.Job instance at 0x7f5b5f97fcd0>,8,21,[1 7],9,19,40,10,16
1,<environment.Job instance at 0x7f5b5f97faf0>,15,12,[6 4],16,35,47,19,18
1,<environment.Job instance at 0x7f5b5f97ffa0>,10,28,[ 1 11],11,40,68,29,39
1,<environment.Job instance at 0x7f5b5f97f960>,19,22,[ 3 14],20,68,90,48,61
1,<environment.Job instance at 0x7f5b694e8af0>,20,15,[ 2 11],21,90,105,69,76
1,<environment.Job instance at 0x7f5b5f97f410>,18,17,[9 2],19,90,107,71,87
1,<environment.Job instance at 0x7f5b694e88c0>,22,21,[2 5],23,105,126,82,97
1,<environment.Job instance at 0x7f5b5f97f7d0>,11,22,[8 3],12,107,129,95,100
1,<environment.Job instance at 0x7f5b694e82d0>,24,17,[3 9],25,126,143,101,114
1,<environment.Job instance at 0x7f5b694e8dc0>,31,17,[2 7],32,143,160,111,131
1,<environment.Job instance at 0x7f5b694e8730>,33,17,[8 3],34,131,148,97,131
1,<environment.Job instance at 0x7f5b5f97f230>,0,15,[10  1],1,148,163,147,140
1,<environment.Job instance at 0x7f5b694e8b40>,38,18,[5 9],39,160,178,121,149
1,<environment.Job instance at 0x7f5b694e86e0>,37,22,[7 2],38,163,185,125,159
1,<environment.Job instance at 0x7f5b694e8be0>,40,14,[7 4],41,178,192,137,163
1,<environment.Job instance at 0x7f5b5fc820a0>,47,21,[2 5],48,185,206,137,177
1,<environment.Job instance at 0x7f5b5fc82eb0>,48,19,[7 2],49,192,211,143,182
1,<environment.Job instance at 0x7f5b5fc82910>,49,20,[3 9],50,206,226,156,198
1,<environment.Job instance at 0x7f5b5fc82500>,50,14,[2 7],51,226,240,175,211
1,<environment.Job instance at 0x7f5b5fc82c80>,52,14,[5 5],53,211,225,158,211
1,<environment.Job instance at 0x7f5b5fc82820>,55,16,[6 1],56,211,227,155,211
1,<environment.Job instance at 0x7f5b5fc82f50>,58,18,[1 5],59,225,243,166,214
1,<environment.Job instance at 0x7f5b5fc82320>,60,12,[6 3],61,227,239,166,214
1,<environment.Job instance at 0x7f5b5fc82370>,61,16,[10  2],62,239,255,177,226
1,<environment.Job instance at 0x7f5b5fce6d70>,65,13,[9 5],66,255,268,189,239
1,<environment.Job instance at 0x7f5b5fce67d0>,66,18,[6 2],67,255,273,188,244
1,<environment.Job instance at 0x7f5b5fce6eb0>,68,13,[7 5],69,268,281,199,252
1,<environment.Job instance at 0x7f5b5fce6be0>,71,15,[7 3],72,273,288,201,260
1,<environment.Job instance at 0x7f5b5fce66e0>,75,14,[4 7],76,281,295,205,266
1,<environment.Job instance at 0x7f5b5fce62d0>,76,21,[2 8],77,288,309,211,280
1,<environment.Job instance at 0x7f5b5fce6a00>,82,18,[5 4],83,295,313,212,284
1,<environment.Job instance at 0x7f5b5fce6050>,84,13,[1 6],85,309,322,224,293
1,<environment.Job instance at 0x7f5b5fce6aa0>,86,22,[2 6],87,313,335,226,306
1,<environment.Job instance at 0x7f5b5fc18910>,88,17,[7 4],89,322,339,233,310
1,<environment.Job instance at 0x7f5b5fc181e0>,90,19,[6 2],91,312,331,221,312
1,<environment.Job instance at 0x7f5b5f97f5f0>,5,12,[11  4],6,339,351,333,322
1,<environment.Job instance at 0x7f5b694e8460>,21,22,[ 2 13],22,351,373,329,344
1,<environment.Job instance at 0x7f5b5fc18b40>,96,22,[14  2],97,373,395,276,366
1,<environment.Job instance at 0x7f5b5fc18be0>,97,12,[4 5],98,395,407,297,378
1,<environment.Job instance at 0x7f5b5fc18550>,95,16,[4 9],96,395,411,299,383
1,<environment.Job instance at 0x7f5b5fc186e0>,105,19,[7 5],106,407,426,301,397
1,<environment.Job instance at 0x7f5b5fc18140>,106,16,[8 4],107,411,427,304,398
1,<environment.Job instance at 0x7f5b5fc6b730>,112,20,[5 8],113,426,446,313,417
1,<environment.Job instance at 0x7f5b5fc6b6e0>,117,14,[9 5],118,427,441,309,417
1,<environment.Job instance at 0x7f5b5fc6bfa0>,122,17,[6 4],123,441,458,318,429
1,<environment.Job instance at 0x7f5b5fc6b3c0>,128,21,[7 1],129,446,467,317,439
1,<environment.Job instance at 0x7f5b694e85a0>,39,27,[12  5],40,1063,1090,1023,1063
1,<environment.Job instance at 0x7f5b694e8cd0>,25,26,[3 9],26,2083,2109,2057,2083
1,<environment.Job instance at 0x7f5b5f6fcd70>,0,21,[ 3 11],1,1,22,0,1
1,<environment.Job instance at 0x7f5b5f6fc870>,3,15,[8 1],4,4,19,0,4
1,<environment.Job instance at 0x7f5b5f6fcb40>,4,14,[5 7],5,22,36,17,7
1,<environment.Job instance at 0x7f5b694e8a00>,1,14,[14  1],2,36,50,34,25
1,<environment.Job instance at 0x7f5b5f6fcc80>,13,19,[10  1],14,50,69,36,40
1,<environment.Job instance at 0x7f5b5f6fc280>,5,20,[ 2 11],6,50,70,44,41
1,<environment.Job instance at 0x7f5b5f6fcd20>,16,18,[5 4],17,69,87,52,58
1,<environment.Job instance at 0x7f5b5f6fc230>,17,17,[7 2],18,70,87,52,58
1,<environment.Job instance at 0x7f5b5f6fc5a0>,15,20,[1 8],16,71,91,55,71
1,<environment.Job instance at 0x7f5b5f6fc0a0>,19,13,[7 2],20,87,100,67,71
1,<environment.Job instance at 0x7f5b5f6fc7d0>,23,15,[10  5],24,100,115,76,86
1,<environment.Job instance at 0x7f5b5f6fcf00>,18,18,[ 4 10],19,91,109,72,86
1,<environment.Job instance at 0x7f5b5f6db410>,34,15,[3 5],35,109,124,74,95
1,<environment.Job instance at 0x7f5b5f6db280>,41,14,[5 7],42,115,129,73,100
1,<environment.Job instance at 0x7f5b5f6db0a0>,42,16,[4 6],43,124,140,81,111
1,<environment.Job instance at 0x7f5b5f6dbe60>,26,16,[4 7],27,129,145,102,116
1,<environment.Job instance at 0x7f5b5f6db500>,46,28,[8 1],47,140,168,93,139
1,<environment.Job instance at 0x7f5b5f6ff280>,47,18,[8 3],48,168,186,120,157
1,<environment.Job instance at 0x7f5b5f6fff50>,48,23,[ 3 14],49,186,209,137,180
1,<environment.Job instance at 0x7f5b5f6fc640>,14,22,[11  1],15,186,208,171,180
1,<environment.Job instance at 0x7f5b5f6fc780>,6,28,[3 9],7,209,237,202,208
1,<environment.Job instance at 0x7f5b5f6ffeb0>,52,12,[2 5],53,209,221,156,208
1,<environment.Job instance at 0x7f5b694e8cd0>,2,21,[1 6],3,221,242,218,213
1,<environment.Job instance at 0x7f5b5f6ff550>,51,19,[6 1],52,237,256,185,228
1,<environment.Job instance at 0x7f5b5f6ffd20>,54,14,[ 1 11],55,242,256,187,231
1,<environment.Job instance at 0x7f5b5f6ffcd0>,55,27,[10  2],56,256,283,200,254
1,<environment.Job instance at 0x7f5b5f6ff3c0>,59,20,[4 6],60,256,276,196,254
1,<environment.Job instance at 0x7f5b5f6ff410>,63,14,[10  4],64,283,297,219,269
1,<environment.Job instance at 0x7f5b5f6ff780>,64,19,[4 7],65,281,300,216,281
1,<environment.Job instance at 0x7f5b5f6ff730>,60,23,[13  4],61,300,323,239,294
1,<environment.Job instance at 0x7f5b5f6ff460>,67,18,[1 9],68,307,325,239,307
1,<environment.Job instance at 0x7f5b5f6ff640>,68,19,[3 6],69,323,342,254,314
1,<environment.Job instance at 0x7f5b5f6ff050>,53,20,[9 2],54,325,345,271,317
1,<environment.Job instance at 0x7f5b5f71faf0>,71,19,[ 3 11],72,342,361,270,332
1,<environment.Job instance at 0x7f5b5f71f730>,72,18,[5 2],73,345,363,272,334
1,<environment.Job instance at 0x7f5b5f71ffa0>,73,16,[7 5],74,361,377,287,348
1,<environment.Job instance at 0x7f5b5f71fc30>,74,27,[5 6],75,363,390,288,361
1,<environment.Job instance at 0x7f5b5f71f500>,75,12,[8 3],76,377,389,301,361
1,<environment.Job instance at 0x7f5b5f71f0f0>,70,21,[9 1],71,389,410,318,381
1,<environment.Job instance at 0x7f5b5f71faa0>,79,16,[4 8],80,406,422,326,406
1,<environment.Job instance at 0x7f5b5fc9d4b0>,85,12,[3 5],86,410,422,324,407
1,<environment.Job instance at 0x7f5b5f71f190>,77,25,[12  3],78,422,447,344,418
1,<environment.Job instance at 0x7f5b5fc9de60>,90,13,[13  3],91,447,460,356,434
1,<environment.Job instance at 0x7f5b5fc37410>,107,14,[9 5],108,460,474,352,446
1,<environment.Job instance at 0x7f5b5fc37b40>,108,14,[8 5],109,474,488,365,459
1,<environment.Job instance at 0x7f5b60ae3a00>,106,17,[5 5],107,465,482,358,465
1,<environment.Job instance at 0x7f5b5ff63aa0>,112,14,[6 3],113,482,496,369,467
1,<environment.Job instance at 0x7f5b60515280>,116,16,[2 9],117,488,504,371,475
1,<environment.Job instance at 0x7f5b6032ab40>,109,25,[9 4],110,496,521,386,492
1,<environment.Job instance at 0x7f5b60d748c0>,123,16,[13  4],124,521,537,397,511
1,<environment.Job instance at 0x7f5b600ec050>,122,18,[1 6],123,522,540,399,522
1,<environment.Job instance at 0x7f5b60d74f50>,124,18,[9 3],125,537,555,412,533
1,<environment.Job instance at 0x7f5b60d746e0>,127,19,[2 7],128,540,559,412,533
1,<environment.Job instance at 0x7f5b60d74280>,128,26,[6 4],129,555,581,426,552
1,<environment.Job instance at 0x7f5b5f71f960>,76,25,[9 4],77,733,758,656,733
1,<environment.Job instance at 0x7f5b5f6ff320>,58,26,[12  3],59,4329,4355,4270,4329
1,<environment.Job instance at 0x7f5b603c6870>,0,15,[5 6],1,1,16,0,1
1,<environment.Job instance at 0x7f5b5f6ff320>,2,14,[12  4],3,16,30,13,4
1,<environment.Job instance at 0x7f5b609f8370>,27,13,[5 8],28,30,43,2,28
1,<environment.Job instance at 0x7f5b609f8140>,28,18,[5 2],29,30,48,1,29
1,<environment.Job instance at 0x7f5b607067d0>,6,12,[ 5 13],7,43,55,36,38
1,<environment.Job instance at 0x7f5b69413870>,38,12,[ 1 12],39,55,67,16,42
1,<environment.Job instance at 0x7f5b60706dc0>,5,21,[12  3],6,55,76,49,47
1,<environment.Job instance at 0x7f5b694135f0>,40,16,[ 1 10],41,67,83,26,54
1,<environment.Job instance at 0x7f5b694131e0>,48,16,[7 4],49,76,92,27,63
1,<environment.Job instance at 0x7f5b5fe07c30>,68,16,[4 5],69,83,99,14,70
1,<environment.Job instance at 0x7f5b5fe07aa0>,72,16,[9 3],73,92,108,19,82
1,<environment.Job instance at 0x7f5b5fe07280>,76,17,[4 7],77,99,116,22,88
1,<environment.Job instance at 0x7f5b69413230>,45,21,[11  3],46,108,129,62,100
1,<environment.Job instance at 0x7f5b60dfb640>,91,14,[ 3 13],92,129,143,37,114
1,<environment.Job instance at 0x7f5b60706a50>,4,12,[12  1],5,129,141,124,123
1,<environment.Job instance at 0x7f5b60215fa0>,102,12,[1 6],103,143,155,40,126
1,<environment.Job instance at 0x7f5b609f85f0>,39,19,[5 8],40,143,162,103,133
1,<environment.Job instance at 0x7f5b60215c80>,101,18,[10  5],102,155,173,53,144
1,<environment.Job instance at 0x7f5b60215140>,106,19,[6 2],107,173,192,66,163
1,<environment.Job instance at 0x7f5b602158c0>,109,14,[9 3],110,173,187,63,164
1,<environment.Job instance at 0x7f5b60215a00>,111,13,[7 2],112,187,200,75,171
1,<environment.Job instance at 0x7f5b60215aa0>,112,12,[5 2],113,192,204,79,175
1,<environment.Job instance at 0x7f5b602150f0>,113,15,[3 9],114,192,207,78,185
1,<environment.Job instance at 0x7f5b602153c0>,116,15,[6 2],117,200,215,83,186
1,<environment.Job instance at 0x7f5b60918550>,120,16,[8 5],121,207,223,86,194
1,<environment.Job instance at 0x7f5b60918e60>,125,13,[8 4],126,223,236,97,207
1,<environment.Job instance at 0x7f5b60215e10>,103,17,[5 5],104,215,232,111,207
1,<environment.Job instance at 0x7f5b5f6ffc30>,1,21,[4 9],2,232,253,230,224
1,<environment.Job instance at 0x7f5b60918730>,128,19,[9 2],129,236,255,107,232
1,<environment.Job instance at 0x7f5b60dfb140>,92,23,[6 1],93,976,999,883,976
1,<environment.Job instance at 0x7f5b601e76e0>,1,22,[5 2],2,2,24,0,2
1,<environment.Job instance at 0x7f5b5fe4b780>,3,20,[6 2],4,4,24,0,4
1,<environment.Job instance at 0x7f5b5fe4b960>,5,15,[3 6],6,6,21,0,6
1,<environment.Job instance at 0x7f5b5fe4baa0>,6,13,[11  3],7,24,37,17,8
1,<environment.Job instance at 0x7f5b5fe4ba00>,12,25,[10  1],13,37,62,24,33
1,<environment.Job instance at 0x7f5b5fe4b190>,13,15,[7 2],14,62,77,48,48
1,<environment.Job instance at 0x7f5b5fe4b640>,14,23,[11  1],15,77,100,62,71
1,<environment.Job instance at 0x7f5b5fe4bc80>,11,18,[10  4],12,100,118,88,90
1,<environment.Job instance at 0x7f5b5fe4bd70>,10,18,[13  1],11,118,136,107,107
1,<environment.Job instance at 0x7f5b5fe4b500>,8,14,[6 1],9,136,150,127,121
1,<environment.Job instance at 0x7f5b5fe4bfa0>,19,21,[6 1],20,136,157,116,128
1,<environment.Job instance at 0x7f5b69476e60>,25,15,[6 5],26,150,165,124,136
1,<environment.Job instance at 0x7f5b694768c0>,28,15,[ 2 10],29,157,172,128,143
1,<environment.Job instance at 0x7f5b69476af0>,30,17,[10  3],31,165,182,134,153
1,<environment.Job instance at 0x7f5b69476b90>,36,23,[2 7],37,172,195,135,166
1,<environment.Job instance at 0x7f5b69476550>,42,15,[4 7],43,182,197,139,168
1,<environment.Job instance at 0x7f5b69476370>,43,22,[3 5],44,195,217,151,188
1,<environment.Job instance at 0x7f5b5fe4b6e0>,22,23,[7 1],23,188,211,165,188
1,<environment.Job instance at 0x7f5b694765f0>,44,27,[1 7],45,197,224,152,195
1,<environment.Job instance at 0x7f5b60a5fb40>,50,27,[2 5],51,217,244,166,215
1,<environment.Job instance at 0x7f5b60a5f140>,56,25,[6 3],57,215,240,158,215
1,<environment.Job instance at 0x7f5b60a5f6e0>,60,12,[9 5],61,240,252,179,223
1,<environment.Job instance at 0x7f5b5fe4b8c0>,20,21,[ 1 12],21,252,273,231,244
1,<environment.Job instance at 0x7f5b60981460>,62,12,[9 4],63,273,285,210,256
1,<environment.Job instance at 0x7f5b60981a50>,63,21,[1 8],64,273,294,209,265
1,<environment.Job instance at 0x7f5b60981e60>,66,18,[10  3],67,285,303,218,275
1,<environment.Job instance at 0x7f5b609818c0>,67,13,[3 7],68,294,307,226,278
1,<environment.Job instance at 0x7f5b60981190>,68,20,[6 2],69,303,323,234,294
1,<environment.Job instance at 0x7f5b60981af0>,76,12,[2 6],77,303,315,226,298
1,<environment.Job instance at 0x7f5b60981c80>,80,18,[ 2 10],81,315,333,234,304
1,<environment.Job instance at 0x7f5b60981820>,82,13,[9 1],83,323,336,240,307
1,<environment.Job instance at 0x7f5b5fe4b230>,15,20,[13  4],16,336,356,320,327
1,<environment.Job instance at 0x7f5b60981a00>,83,20,[7 1],84,356,376,272,347
1,<environment.Job instance at 0x7f5b5fbe6b40>,85,13,[5 7],86,356,369,270,347
1,<environment.Job instance at 0x7f5b5fbe6370>,91,14,[7 4],92,369,383,277,354
1,<environment.Job instance at 0x7f5b5fbe6af0>,93,15,[2 7],94,354,369,260,354
1,<environment.Job instance at 0x7f5b5fbe6140>,94,16,[3 5],95,376,392,281,363
1,<environment.Job instance at 0x7f5b5fbe6460>,99,15,[7 2],100,383,398,283,369
1,<environment.Job instance at 0x7f5b5fbe61e0>,100,16,[10  4],101,398,414,297,385
1,<environment.Job instance at 0x7f5b5fbe6e10>,102,17,[3 9],103,392,409,289,385
1,<environment.Job instance at 0x7f5b5fbe6cd0>,84,19,[ 4 11],85,409,428,324,400
1,<environment.Job instance at 0x7f5b605ac8c0>,108,17,[8 5],109,428,445,319,416
1,<environment.Job instance at 0x7f5b605ac410>,114,19,[5 2],115,416,435,301,416
1,<environment.Job instance at 0x7f5b605acaa0>,115,12,[3 7],116,435,447,319,418
1,<environment.Job instance at 0x7f5b605ac9b0>,116,13,[4 5],117,445,458,328,429
1,<environment.Job instance at 0x7f5b605ac050>,118,19,[5 5],119,447,466,328,437
1,<environment.Job instance at 0x7f5b605acf00>,120,14,[9 2],121,458,472,337,443
1,<environment.Job instance at 0x7f5b605acf50>,121,15,[3 7],122,466,481,344,452
1,<environment.Job instance at 0x7f5b609806e0>,124,18,[3 6],125,466,484,341,455
1,<environment.Job instance at 0x7f5b69476140>,45,16,[12  5],46,481,497,435,471
1,<environment.Job instance at 0x7f5b60980320>,125,20,[2 9],126,484,504,358,484
1,<environment.Job instance at 0x7f5b60980550>,126,15,[4 9],127,504,519,377,490
1,<environment.Job instance at 0x7f5b60980cd0>,127,15,[1 6],128,497,512,369,491
1,<environment.Job instance at 0x7f5b60980e60>,128,22,[2 9],129,519,541,390,512
1,<environment.Job instance at 0x7f5b60728910>,0,16,[13  3],1,825,841,824,825
1,<environment.Job instance at 0x7f5b609814b0>,64,17,[ 4 14],65,841,858,776,832
1,<environment.Job instance at 0x7f5b6946ceb0>,1,16,[5 1],2,2,18,0,2
1,<environment.Job instance at 0x7f5b60981320>,2,15,[9 3],3,3,18,0,3
1,<environment.Job instance at 0x7f5b6946c500>,3,13,[11  2],4,18,31,14,5
1,<environment.Job instance at 0x7f5b609814b0>,4,21,[2 7],5,18,39,13,10
1,<environment.Job instance at 0x7f5b6946c7d0>,7,17,[7 1],8,31,48,23,21
1,<environment.Job instance at 0x7f5b6946c690>,10,12,[5 8],11,39,51,28,23
1,<environment.Job instance at 0x7f5b6946cdc0>,14,21,[10  1],15,48,69,33,40
1,<environment.Job instance at 0x7f5b5fa08eb0>,22,16,[ 5 10],23,51,67,28,40
1,<environment.Job instance at 0x7f5b5fa08690>,24,22,[6 2],25,69,91,44,62
1,<environment.Job instance at 0x7f5b60e44910>,29,16,[3 6],30,70,86,40,70
1,<environment.Job instance at 0x7f5b60e44550>,30,15,[1 6],31,70,85,39,70
1,<environment.Job instance at 0x7f5b60e442d0>,34,13,[7 5],35,86,99,51,70
1,<environment.Job instance at 0x7f5b60e44fa0>,38,19,[3 5],39,91,110,52,81
1,<environment.Job instance at 0x7f5b60e449b0>,40,14,[4 6],41,99,113,58,84
1,<environment.Job instance at 0x7f5b60e447d0>,42,15,[9 2],43,110,125,67,96
1,<environment.Job instance at 0x7f5b60e44b90>,43,16,[8 4],44,125,141,81,112
1,<environment.Job instance at 0x7f5b60710730>,51,17,[4 9],52,113,130,61,113
1,<environment.Job instance at 0x7f5b60710c80>,53,13,[7 4],54,130,143,76,114
1,<environment.Job instance at 0x7f5b607105f0>,58,14,[4 9],59,141,155,82,126
1,<environment.Job instance at 0x7f5b60710f00>,62,19,[9 4],63,143,162,80,133
1,<environment.Job instance at 0x7f5b60710af0>,63,18,[4 7],64,155,173,91,144
1,<environment.Job instance at 0x7f5b601f6a00>,69,18,[10  5],70,162,180,92,151
1,<environment.Job instance at 0x7f5b601f6dc0>,72,19,[5 7],73,173,192,100,163
1,<environment.Job instance at 0x7f5b601f6cd0>,75,14,[3 5],76,180,194,104,165
1,<environment.Job instance at 0x7f5b5f8da6e0>,80,12,[3 5],81,192,204,111,175
1,<environment.Job instance at 0x7f5b605625a0>,85,15,[7 1],86,180,195,94,177
1,<environment.Job instance at 0x7f5b6057a500>,86,16,[8 4],87,195,211,108,182
1,<environment.Job instance at 0x7f5b60c72c80>,87,17,[5 5],88,204,221,116,192
1,<environment.Job instance at 0x7f5b605885f0>,92,18,[2 5],93,194,212,101,192
1,<environment.Job instance at 0x7f5b60588a50>,94,15,[2 5],95,211,226,116,197
1,<environment.Job instance at 0x7f5b6087bc80>,95,15,[7 2],96,212,227,116,198
1,<environment.Job instance at 0x7f5b603d5550>,96,19,[10  4],97,227,246,130,217
1,<environment.Job instance at 0x7f5b5fafafa0>,99,21,[1 9],100,226,247,126,222
1,<environment.Job instance at 0x7f5b5fafa5a0>,100,14,[2 9],101,247,261,146,232
1,<environment.Job instance at 0x7f5b602fe910>,108,19,[2 6],109,246,265,137,236
1,<environment.Job instance at 0x7f5b5fb20be0>,110,18,[1 7],111,261,279,150,250
1,<environment.Job instance at 0x7f5b60c76e60>,111,19,[4 6],112,265,284,153,255
1,<environment.Job instance at 0x7f5b5f566a50>,113,17,[2 8],114,279,296,165,267
1,<environment.Job instance at 0x7f5b60c65e10>,117,15,[9 5],118,284,299,166,270
1,<environment.Job instance at 0x7f5b608b2050>,118,14,[1 7],119,296,310,177,281
1,<environment.Job instance at 0x7f5b60c66c30>,119,19,[4 5],120,299,318,179,289
1,<environment.Job instance at 0x7f5b60c56b40>,122,21,[2 8],123,310,331,187,302
1,<environment.Job instance at 0x7f5b60c56690>,123,13,[9 1],124,302,315,178,302
1,<environment.Job instance at 0x7f5b60c56320>,124,18,[3 9],125,331,349,206,320
1,<environment.Job instance at 0x7f5b605eebe0>,126,23,[1 5],127,320,343,193,320
1,<environment.Job instance at 0x7f5b6946c5a0>,0,24,[9 1],1,320,344,319,320
1,<environment.Job instance at 0x7f5b605ee410>,128,22,[9 1],129,525,547,396,525
1,<environment.Job instance at 0x7f5b6946c0a0>,5,26,[11  3],6,3752,3778,3746,3752
1,<environment.Job instance at 0x7f5b6946c960>,6,25,[5 3],7,4781,4806,4774,4781
1,<environment.Job instance at 0x7f5b5f8cd7d0>,8,17,[6 1],9,9,26,0,9
1,<environment.Job instance at 0x7f5b5f8cd0f0>,10,15,[8 2],11,11,26,0,11
1,<environment.Job instance at 0x7f5b60c1b500>,13,18,[6 1],14,26,44,12,15
1,<environment.Job instance at 0x7f5b5f8cdf50>,16,12,[3 5],17,26,38,9,17
1,<environment.Job instance at 0x7f5b5f8cdb90>,18,14,[6 1],19,26,40,7,19
1,<environment.Job instance at 0x7f5b5f8cde60>,21,14,[6 5],22,40,54,18,25
1,<environment.Job instance at 0x7f5b5f8cddc0>,23,21,[3 7],24,38,59,14,30
1,<environment.Job instance at 0x7f5b5f8cdd70>,26,18,[11  3],27,54,72,27,43
1,<environment.Job instance at 0x7f5b60961320>,27,16,[8 2],28,72,88,44,59
1,<environment.Job instance at 0x7f5b60961c30>,29,12,[7 5],30,72,84,42,59
1,<environment.Job instance at 0x7f5b60961f00>,30,16,[6 3],31,84,100,53,71
1,<environment.Job instance at 0x7f5b60247140>,33,19,[8 1],34,88,107,54,78
1,<environment.Job instance at 0x7f5b60247f50>,36,15,[8 2],37,107,122,70,93
1,<environment.Job instance at 0x7f5b602470f0>,37,20,[10  5],38,122,142,84,113
1,<environment.Job instance at 0x7f5b60247e60>,41,22,[5 4],42,113,135,71,113
1,<environment.Job instance at 0x7f5b60247500>,42,19,[7 5],43,142,161,99,132
1,<environment.Job instance at 0x7f5b60247690>,43,17,[ 4 10],44,135,152,91,132
1,<environment.Job instance at 0x7f5b5f8db140>,48,15,[4 5],49,152,167,103,138
1,<environment.Job instance at 0x7f5b5f8db7d0>,50,20,[9 5],51,161,181,110,152
1,<environment.Job instance at 0x7f5b5f8cd230>,14,18,[14  3],15,181,199,166,170
1,<environment.Job instance at 0x7f5b5f8dbfa0>,52,13,[14  3],53,199,212,146,185
1,<environment.Job instance at 0x7f5b5f8db0f0>,51,21,[9 3],52,212,233,160,204
1,<environment.Job instance at 0x7f5b5f8dbf50>,54,16,[3 6],55,212,228,157,204
1,<environment.Job instance at 0x7f5b5f8db370>,58,13,[2 8],59,228,241,169,212
1,<environment.Job instance at 0x7f5b5f8db320>,60,15,[5 8],61,241,256,180,227
1,<environment.Job instance at 0x7f5b5f8db050>,61,17,[9 2],62,233,250,171,227
1,<environment.Job instance at 0x7f5b5f8dbd20>,63,23,[10  3],64,250,273,186,244
1,<environment.Job instance at 0x7f5b5f8dbc80>,65,22,[4 9],66,256,278,190,251
1,<environment.Job instance at 0x7f5b5f8db190>,67,15,[6 1],68,273,288,205,259
1,<environment.Job instance at 0x7f5b5f9f8820>,68,14,[5 7],69,278,292,209,263
1,<environment.Job instance at 0x7f5b5f9f82d0>,72,12,[10  5],73,288,300,215,271
1,<environment.Job instance at 0x7f5b5f9f87d0>,73,17,[10  4],74,300,317,226,288
1,<environment.Job instance at 0x7f5b5f9f8190>,74,21,[5 6],75,292,313,217,288
1,<environment.Job instance at 0x7f5b5f9f8dc0>,76,23,[5 1],77,313,336,236,307
1,<environment.Job instance at 0x7f5b5f9f8870>,80,16,[8 1],81,317,333,236,308
1,<environment.Job instance at 0x7f5b5f8dbe60>,53,27,[2 5],54,317,344,263,315
1,<environment.Job instance at 0x7f5b601d6500>,86,19,[4 7],87,333,352,246,325
1,<environment.Job instance at 0x7f5b601d6960>,87,25,[ 1 14],88,352,377,264,348
1,<environment.Job instance at 0x7f5b601d6f00>,88,14,[ 1 11],89,377,391,288,362
1,<environment.Job instance at 0x7f5b601d6d20>,89,17,[2 8],90,391,408,301,380
1,<environment.Job instance at 0x7f5b601d6140>,85,23,[3 9],86,408,431,322,403
1,<environment.Job instance at 0x7f5b601d6780>,91,12,[10  3],92,403,415,311,403
1,<environment.Job instance at 0x7f5b601d6910>,92,13,[5 1],93,415,428,322,403
1,<environment.Job instance at 0x7f5b601d62d0>,94,13,[9 5],95,428,441,333,412
1,<environment.Job instance at 0x7f5b601d6be0>,97,18,[5 3],98,431,449,333,420
1,<environment.Job instance at 0x7f5b601d6870>,98,15,[9 3],99,441,456,342,427
1,<environment.Job instance at 0x7f5b601d6d70>,99,20,[3 9],100,449,469,349,440
1,<environment.Job instance at 0x7f5b60c18af0>,102,24,[7 4],103,456,480,353,451
1,<environment.Job instance at 0x7f5b60c18870>,107,14,[1 8],108,469,483,361,454
1,<environment.Job instance at 0x7f5b601d6e60>,90,25,[2 8],91,483,508,392,479
1,<environment.Job instance at 0x7f5b60c187d0>,114,21,[1 9],115,508,529,393,500
1,<environment.Job instance at 0x7f5b60c18690>,117,22,[9 3],118,500,522,382,500
1,<environment.Job instance at 0x7f5b6095e640>,119,12,[9 1],120,522,534,402,505
1,<environment.Job instance at 0x7f5b6095ef50>,123,14,[1 7],124,529,543,405,514
1,<environment.Job instance at 0x7f5b60c18a00>,112,21,[12  5],113,534,555,421,528
1,<environment.Job instance at 0x7f5b6095e280>,124,18,[5 9],125,555,573,430,544
1,<environment.Job instance at 0x7f5b5f8cdb40>,12,23,[8 3],13,557,580,544,557
1,<environment.Job instance at 0x7f5b6095e0a0>,127,15,[1 7],128,573,588,445,559
1,<environment.Job instance at 0x7f5b6095ed20>,125,18,[12  1],126,580,598,454,569
1,<environment.Job instance at 0x7f5b6095e780>,128,18,[5 6],129,598,616,469,591
1,<environment.Job instance at 0x7f5b60c1ba00>,0,18,[8 2],1,598,616,597,591
1,<environment.Job instance at 0x7f5b5f8dbdc0>,1,15,[11  4],2,2,17,0,2
1,<environment.Job instance at 0x7f5b5fca0870>,3,12,[5 9],4,17,29,13,4
1,<environment.Job instance at 0x7f5b5f678aa0>,7,20,[5 6],8,17,37,9,8
1,<environment.Job instance at 0x7f5b5f678230>,12,21,[2 8],13,29,50,16,21
1,<environment.Job instance at 0x7f5b5f678780>,16,19,[2 8],17,50,69,33,42
1,<environment.Job instance at 0x7f5b5f678c30>,20,12,[2 5],21,42,54,21,42
1,<environment.Job instance at 0x7f5b5f678730>,21,13,[9 3],22,54,67,32,44
1,<environment.Job instance at 0x7f5b5f678be0>,24,14,[8 5],25,67,81,42,54
1,<environment.Job instance at 0x7f5b5f6784b0>,27,13,[5 9],28,69,82,41,56
1,<environment.Job instance at 0x7f5b602dd0a0>,30,13,[5 1],31,81,94,50,65
1,<environment.Job instance at 0x7f5b5f678820>,17,21,[3 8],18,82,103,64,74
1,<environment.Job instance at 0x7f5b602dd7d0>,35,18,[1 8],36,103,121,67,92
1,<environment.Job instance at 0x7f5b602dd1e0>,36,25,[ 4 13],37,121,146,84,117
1,<environment.Job instance at 0x7f5b5f678af0>,8,12,[4 7],9,146,158,137,134
1,<environment.Job instance at 0x7f5b602dd550>,34,21,[8 5],35,146,167,111,138
1,<environment.Job instance at 0x7f5b602ddf00>,39,13,[6 2],40,158,171,118,142
1,<environment.Job instance at 0x7f5b602dd2d0>,40,21,[2 5],41,167,188,126,159
1,<environment.Job instance at 0x7f5b602dd410>,43,18,[6 3],44,167,185,123,159
1,<environment.Job instance at 0x7f5b602dde60>,45,23,[5 6],46,171,194,125,165
1,<environment.Job instance at 0x7f5b602dd960>,46,16,[2 6],47,188,204,141,175
1,<environment.Job instance at 0x7f5b602dd320>,48,17,[5 5],49,194,211,145,182
1,<environment.Job instance at 0x7f5b602ddcd0>,49,12,[5 6],50,204,216,154,187
1,<environment.Job instance at 0x7f5b69a00870>,51,18,[9 5],52,211,229,159,200
1,<environment.Job instance at 0x7f5b69a00a50>,52,17,[5 1],53,216,233,163,204
1,<environment.Job instance at 0x7f5b69a00820>,54,15,[9 5],55,229,244,174,215
1,<environment.Job instance at 0x7f5b69a00f00>,55,20,[4 6],56,233,253,177,224
1,<environment.Job instance at 0x7f5b5f8c4910>,57,14,[3 8],58,244,258,186,229
1,<environment.Job instance at 0x7f5b5f8c4c30>,58,22,[9 2],59,253,275,194,246
1,<environment.Job instance at 0x7f5b5f8c4c80>,63,17,[5 7],64,258,275,194,246
1,<environment.Job instance at 0x7f5b5f8c4a50>,64,12,[5 1],65,275,287,210,258
1,<environment.Job instance at 0x7f5b5f8c49b0>,66,19,[10  3],67,275,294,208,265
1,<environment.Job instance at 0x7f5b5f8c4e10>,69,12,[6 1],70,294,306,224,277
1,<environment.Job instance at 0x7f5b601d6870>,78,14,[8 5],79,294,308,215,279
1,<environment.Job instance at 0x7f5b6052f460>,86,13,[7 3],87,306,319,219,290
1,<environment.Job instance at 0x7f5b6052f280>,87,14,[7 1],88,308,322,220,293
1,<environment.Job instance at 0x7f5b60c18d20>,100,22,[4 6],101,319,341,218,312
1,<environment.Job instance at 0x7f5b60c48550>,106,17,[7 5],107,322,339,215,312
1,<environment.Job instance at 0x7f5b60c48230>,107,14,[10  5],108,339,353,231,324
1,<environment.Job instance at 0x7f5b60c482d0>,108,15,[8 2],109,353,368,244,339
1,<environment.Job instance at 0x7f5b60c48960>,109,12,[5 9],110,341,353,231,339
1,<environment.Job instance at 0x7f5b60c48820>,119,13,[6 2],120,353,366,233,339
1,<environment.Job instance at 0x7f5b60c48b90>,125,15,[7 3],126,366,381,240,352
1,<environment.Job instance at 0x7f5b60c42960>,126,22,[10  2],127,381,403,254,374
1,<environment.Job instance at 0x7f5b60c42eb0>,127,16,[2 7],128,374,390,246,374
1,<environment.Job instance at 0x7f5b60c42690>,128,18,[3 9],129,390,408,261,379
1,<environment.Job instance at 0x7f5b602dd230>,38,27,[10  4],39,410,437,371,410
1,<environment.Job instance at 0x7f5b5f678f00>,11,20,[5 8],12,419,439,407,419
1,<environment.Job instance at 0x7f5b60dc08c0>,0,19,[13  4],1,439,458,438,432
1,<environment.Job instance at 0x7f5b604b55f0>,1,15,[11  1],2,2,17,0,2
1,<environment.Job instance at 0x7f5b5f66a8c0>,7,27,[ 1 11],8,8,35,0,8
1,<environment.Job instance at 0x7f5b5f66a050>,5,22,[8 4],6,20,42,14,20
1,<environment.Job instance at 0x7f5b5f66a0f0>,6,15,[11  1],7,42,57,35,28
1,<environment.Job instance at 0x7f5b5f66a3c0>,10,14,[ 4 11],11,35,49,24,28
1,<environment.Job instance at 0x7f5b5f66a190>,11,13,[14  1],12,57,70,45,41
1,<environment.Job instance at 0x7f5b5f66ac80>,12,18,[5 2],13,70,88,57,59
1,<environment.Job instance at 0x7f5b5f66a500>,9,22,[3 5],10,70,92,60,63
1,<environment.Job instance at 0x7f5b5f66a9b0>,14,12,[ 2 10],15,88,100,73,71
1,<environment.Job instance at 0x7f5b5f66aaa0>,15,12,[9 5],16,92,104,76,75
1,<environment.Job instance at 0x7f5b5f66a910>,16,21,[3 7],17,100,121,83,92
1,<environment.Job instance at 0x7f5b5f66aa50>,21,21,[9 1],22,104,125,82,96
1,<environment.Job instance at 0x7f5b5f66b2d0>,23,15,[8 1],24,125,140,101,111
1,<environment.Job instance at 0x7f5b69499c30>,31,16,[4 7],32,121,137,89,111
1,<environment.Job instance at 0x7f5b6073c190>,36,15,[7 3],37,137,152,100,123
1,<environment.Job instance at 0x7f5b5fcaa4b0>,40,21,[7 3],41,140,161,99,132
1,<environment.Job instance at 0x7f5b69784050>,44,19,[5 1],45,152,171,107,142
1,<environment.Job instance at 0x7f5b60afc6e0>,47,16,[ 3 10],48,152,168,104,142
1,<environment.Job instance at 0x7f5b60983a00>,48,13,[8 2],49,168,181,119,152
1,<environment.Job instance at 0x7f5b60215c80>,51,15,[3 5],52,171,186,119,157
1,<environment.Job instance at 0x7f5b60215640>,52,13,[6 5],53,181,194,128,165
1,<environment.Job instance at 0x7f5b60215b90>,54,20,[10  4],55,194,214,139,185
1,<environment.Job instance at 0x7f5b602157d0>,57,20,[2 6],58,186,206,128,185
1,<environment.Job instance at 0x7f5b60215550>,61,15,[4 7],62,206,221,144,192
1,<environment.Job instance at 0x7f5b60215230>,63,15,[ 5 10],64,221,236,157,207
1,<environment.Job instance at 0x7f5b60215a00>,65,17,[ 3 10],66,236,253,170,224
1,<environment.Job instance at 0x7f5b602151e0>,66,21,[9 1],67,224,245,157,224
1,<environment.Job instance at 0x7f5b5faa6f50>,68,16,[7 5],69,245,261,176,232
1,<environment.Job instance at 0x7f5b604f95a0>,71,12,[4 7],72,253,265,181,236
1,<environment.Job instance at 0x7f5b60a8d730>,72,18,[10  4],73,261,279,188,250
1,<environment.Job instance at 0x7f5b5f669690>,75,12,[4 9],76,265,277,189,250
1,<environment.Job instance at 0x7f5b5f6695f0>,78,14,[1 9],79,277,291,198,262
1,<environment.Job instance at 0x7f5b5f669640>,80,15,[9 4],81,279,294,198,265
1,<environment.Job instance at 0x7f5b5fd58c80>,83,13,[1 6],84,291,304,207,275
1,<environment.Job instance at 0x7f5b5fab0320>,84,12,[10  3],85,294,306,209,277
1,<environment.Job instance at 0x7f5b5fd533c0>,85,17,[1 6],86,294,311,208,283
1,<environment.Job instance at 0x7f5b5f66a960>,13,16,[ 1 10],14,311,327,297,298
1,<environment.Job instance at 0x7f5b5f98f6e0>,88,28,[13  5],89,306,334,217,305
1,<environment.Job instance at 0x7f5b5f9b1fa0>,89,24,[11  2],90,334,358,244,329
1,<environment.Job instance at 0x7f5b60c2efa0>,87,21,[2 8],88,341,362,253,341
1,<environment.Job instance at 0x7f5b60a9a140>,92,18,[1 5],93,341,359,248,341
1,<environment.Job instance at 0x7f5b5f66a870>,8,27,[ 1 10],9,362,389,353,360
1,<environment.Job instance at 0x7f5b5f990050>,94,25,[14  2],95,362,387,267,360
1,<environment.Job instance at 0x7f5b5fc66550>,95,17,[ 3 12],96,389,406,293,377
1,<environment.Job instance at 0x7f5b5fc6a960>,90,19,[10  1],91,387,406,296,377
1,<environment.Job instance at 0x7f5b5f9b1280>,96,16,[ 4 14],97,406,422,309,397
1,<environment.Job instance at 0x7f5b60a95190>,97,18,[8 1],98,406,424,308,399
1,<environment.Job instance at 0x7f5b5fc4b910>,98,26,[ 5 14],99,422,448,323,419
1,<environment.Job instance at 0x7f5b5fc54fa0>,100,14,[ 1 13],101,448,462,347,433
1,<environment.Job instance at 0x7f5b5fc544b0>,101,13,[ 5 14],102,462,475,360,446
1,<environment.Job instance at 0x7f5b60d842d0>,102,26,[11  1],103,475,501,372,472
1,<environment.Job instance at 0x7f5b5fd4afa0>,103,24,[12  2],104,501,525,397,496
1,<environment.Job instance at 0x7f5b60a71c80>,104,18,[3 8],105,496,514,391,496
1,<environment.Job instance at 0x7f5b5fb0bc80>,105,22,[3 6],106,514,536,408,507
1,<environment.Job instance at 0x7f5b602e6410>,4,18,[5 3],5,525,543,520,519
1,<environment.Job instance at 0x7f5b5fb0be60>,106,24,[8 1],107,536,560,429,531
1,<environment.Job instance at 0x7f5b60e3a370>,93,21,[9 2],94,560,581,466,557
1,<environment.Job instance at 0x7f5b5fb0bd70>,109,17,[6 2],110,557,574,447,557
1,<environment.Job instance at 0x7f5b5fb0b550>,110,15,[2 6],111,574,589,463,560
1,<environment.Job instance at 0x7f5b5fb0b640>,111,12,[6 3],112,581,593,469,564
1,<environment.Job instance at 0x7f5b5fb0baf0>,114,17,[7 1],115,581,598,466,571
1,<environment.Job instance at 0x7f5b5fd575f0>,117,17,[9 2],118,598,615,480,586
1,<environment.Job instance at 0x7f5b5fd576e0>,119,18,[1 6],120,589,607,469,586
1,<environment.Job instance at 0x7f5b5fc43fa0>,122,16,[4 6],123,593,609,470,586
1,<environment.Job instance at 0x7f5b602e6820>,0,26,[10  2],1,615,641,614,612
1,<environment.Job instance at 0x7f5b5fc43e10>,128,14,[ 4 13],129,612,626,483,612
1,<environment.Job instance at 0x7f5b5fb0be10>,107,22,[ 2 11],108,5936,5958,5828,5936
1,<environment.Job instance at 0x7f5b5fb0bcd0>,108,25,[8 3],109,5947,5972,5838,5947
1,<environment.Job instance at 0x7f5b6027b370>,1,12,[4 5],2,2,14,0,2
1,<environment.Job instance at 0x7f5b5fb0baa0>,2,15,[11  5],3,3,18,0,3
1,<environment.Job instance at 0x7f5b600695f0>,8,14,[1 7],9,14,28,5,9
1,<environment.Job instance at 0x7f5b60069500>,13,14,[ 3 13],14,28,42,14,14
1,<environment.Job instance at 0x7f5b600699b0>,9,15,[5 9],10,42,57,32,28
1,<environment.Job instance at 0x7f5b600695a0>,14,19,[5 3],15,42,61,27,33
1,<environment.Job instance at 0x7f5b60049b40>,17,14,[5 6],18,57,71,39,42
1,<environment.Job instance at 0x7f5b60049cd0>,16,15,[ 5 10],17,71,86,54,57
1,<environment.Job instance at 0x7f5b60069b90>,11,16,[4 8],12,86,102,74,73
1,<environment.Job instance at 0x7f5b60049960>,20,13,[4 8],21,102,115,81,86
1,<environment.Job instance at 0x7f5b60049a50>,23,13,[4 6],24,86,99,62,86
1,<environment.Job instance at 0x7f5b6003d730>,26,13,[2 7],27,99,112,72,86
1,<environment.Job instance at 0x7f5b6003d050>,27,14,[9 3],28,112,126,84,97
1,<environment.Job instance at 0x7f5b6003d550>,29,19,[5 5],30,115,134,85,105
1,<environment.Job instance at 0x7f5b6003dcd0>,30,12,[9 4],31,126,138,95,109
1,<environment.Job instance at 0x7f5b60069690>,12,22,[1 6],13,115,137,102,109
1,<environment.Job instance at 0x7f5b6003dfa0>,36,15,[5 7],37,137,152,100,123
1,<environment.Job instance at 0x7f5b6003d9b0>,40,14,[4 9],41,152,166,111,137
1,<environment.Job instance at 0x7f5b60a27460>,46,18,[8 2],47,139,157,92,139
1,<environment.Job instance at 0x7f5b60a275f0>,48,17,[5 4],49,157,174,108,145
1,<environment.Job instance at 0x7f5b60a27190>,49,22,[3 7],50,166,188,116,160
1,<environment.Job instance at 0x7f5b60a270f0>,51,21,[3 7],52,174,195,122,166
1,<environment.Job instance at 0x7f5b60a27cd0>,53,18,[10  1],54,188,206,134,177
1,<environment.Job instance at 0x7f5b60a27e10>,54,12,[3 7],55,195,207,140,178
1,<environment.Job instance at 0x7f5b60a27be0>,56,15,[ 4 10],57,207,222,150,193
1,<environment.Job instance at 0x7f5b60a27f50>,61,13,[7 1],62,206,219,144,193
1,<environment.Job instance at 0x7f5b60a27820>,65,19,[10  3],66,219,238,153,209
1,<environment.Job instance at 0x7f5b6091c280>,67,16,[4 6],68,222,238,154,209
1,<environment.Job instance at 0x7f5b6091cfa0>,71,15,[6 3],72,238,253,166,224
1,<environment.Job instance at 0x7f5b60049d20>,18,18,[13  2],19,253,271,234,242
1,<environment.Job instance at 0x7f5b60948d70>,75,21,[13  1],76,271,292,195,263
1,<environment.Job instance at 0x7f5b609485f0>,76,25,[ 4 13],77,292,317,215,288
1,<environment.Job instance at 0x7f5b60948cd0>,77,21,[3 5],78,317,338,239,309
1,<environment.Job instance at 0x7f5b60948af0>,74,22,[10  4],75,325,347,250,325
1,<environment.Job instance at 0x7f5b60948dc0>,82,19,[6 2],83,347,366,264,337
1,<environment.Job instance at 0x7f5b60948b40>,86,13,[3 8],87,338,351,251,338
1,<environment.Job instance at 0x7f5b603bab90>,89,13,[2 6],90,351,364,261,338
1,<environment.Job instance at 0x7f5b603baaa0>,90,17,[6 4],91,347,364,256,338
1,<environment.Job instance at 0x7f5b603ba640>,96,20,[2 5],97,364,384,267,355
1,<environment.Job instance at 0x7f5b603ba190>,97,13,[1 5],98,364,377,266,355
1,<environment.Job instance at 0x7f5b603ba230>,98,21,[7 5],99,366,387,267,358
1,<environment.Job instance at 0x7f5b603ba960>,99,15,[3 8],100,384,399,284,370
1,<environment.Job instance at 0x7f5b603bad20>,101,16,[8 4],102,387,403,285,374
1,<environment.Job instance at 0x7f5b603ba9b0>,102,12,[6 4],103,399,411,296,382
1,<environment.Job instance at 0x7f5b5fdbaa50>,112,14,[6 5],113,403,417,290,388
1,<environment.Job instance at 0x7f5b5fdba5f0>,116,17,[1 5],117,399,416,282,389
1,<environment.Job instance at 0x7f5b5fdba960>,121,16,[2 8],122,416,432,294,403
1,<environment.Job instance at 0x7f5b5fa8af50>,124,22,[8 3],125,418,440,293,418
1,<environment.Job instance at 0x7f5b5fa8ae60>,127,19,[3 6],128,432,451,304,422
1,<environment.Job instance at 0x7f5b600495f0>,19,24,[11  3],20,440,464,420,435
1,<environment.Job instance at 0x7f5b6003db40>,33,15,[11  2],34,464,479,430,452
1,<environment.Job instance at 0x7f5b60069370>,0,26,[14  5],1,479,505,478,476
1,<environment.Job instance at 0x7f5b5ff25370>,0,27,[ 4 12],1,1,28,0,1
1,<environment.Job instance at 0x7f5b5fbe7a00>,7,15,[10  2],8,8,23,0,8
1,<environment.Job instance at 0x7f5b5fbe7d70>,12,15,[3 8],13,28,43,15,14
1,<environment.Job instance at 0x7f5b5fbc00a0>,19,14,[1 5],20,28,42,8,20
1,<environment.Job instance at 0x7f5b5fbc0140>,20,19,[5 2],21,23,42,2,21
1,<environment.Job instance at 0x7f5b5fbc0be0>,16,13,[2 8],17,43,56,26,41
1,<environment.Job instance at 0x7f5b5fbc0320>,26,20,[5 1],27,42,62,15,41
1,<environment.Job instance at 0x7f5b5fbc0460>,33,22,[5 5],34,51,73,17,51
1,<environment.Job instance at 0x7f5b5fbc01e0>,37,12,[2 6],38,56,68,18,51
1,<environment.Job instance at 0x7f5b5fbc6370>,43,16,[5 6],44,68,84,24,55
1,<environment.Job instance at 0x7f5b5fbc6c30>,56,12,[8 2],57,73,85,16,57
1,<environment.Job instance at 0x7f5b5fbc6f00>,60,12,[10  3],61,85,97,24,69
1,<environment.Job instance at 0x7f5b5fbc6f50>,61,16,[1 6],62,73,89,11,69
1,<environment.Job instance at 0x7f5b60e50190>,1,16,[11  1],2,97,113,95,84
1,<environment.Job instance at 0x7f5b5fbe1190>,62,18,[9 1],63,113,131,50,103
1,<environment.Job instance at 0x7f5b5fbe1410>,67,21,[6 2],68,113,134,45,105
1,<environment.Job instance at 0x7f5b5fbe1870>,72,19,[8 2],73,131,150,58,122
1,<environment.Job instance at 0x7f5b5fbe1910>,73,14,[5 6],74,134,148,60,122
1,<environment.Job instance at 0x7f5b5fbb9050>,78,16,[10  1],79,150,166,71,137
1,<environment.Job instance at 0x7f5b5fbb9f00>,80,19,[6 4],81,166,185,85,156
1,<environment.Job instance at 0x7f5b5fbb9280>,83,14,[10  5],84,185,199,101,170
1,<environment.Job instance at 0x7f5b5fbc02d0>,21,28,[13  4],22,199,227,177,198
1,<environment.Job instance at 0x7f5b5fbb9690>,84,19,[10  1],85,227,246,142,218
1,<environment.Job instance at 0x7f5b5fbb90a0>,89,14,[6 5],90,246,260,156,231
1,<environment.Job instance at 0x7f5b5fbb93c0>,91,22,[8 4],92,246,268,154,239
1,<environment.Job instance at 0x7f5b5faf49b0>,92,20,[8 4],93,268,288,175,259
1,<environment.Job instance at 0x7f5b5fbc6b40>,57,21,[3 6],58,260,281,202,259
1,<environment.Job instance at 0x7f5b606c1eb0>,94,15,[ 2 12],95,288,303,193,274
1,<environment.Job instance at 0x7f5b5f738e60>,95,25,[ 3 10],96,303,328,207,299
1,<environment.Job instance at 0x7f5b5fdf6c30>,93,15,[ 3 10],94,328,343,234,314
1,<environment.Job instance at 0x7f5b60e00e10>,99,18,[8 3],100,314,332,214,314
1,<environment.Job instance at 0x7f5b5f761910>,102,17,[6 1],103,332,349,229,320
1,<environment.Job instance at 0x7f5b5f786500>,106,21,[2 6],107,343,364,236,335
1,<environment.Job instance at 0x7f5b5faf6b40>,108,21,[1 6],109,343,364,234,335
1,<environment.Job instance at 0x7f5b5fbc0c80>,18,21,[ 5 12],19,364,385,345,356
1,<environment.Job instance at 0x7f5b609b34b0>,116,14,[12  3],117,385,399,268,370
1,<environment.Job instance at 0x7f5b609b3190>,117,13,[ 3 13],118,399,412,281,383
1,<environment.Job instance at 0x7f5b609b3780>,118,12,[14  1],119,412,424,293,395
1,<environment.Job instance at 0x7f5b609cc190>,115,23,[3 6],116,424,447,308,418
1,<environment.Job instance at 0x7f5b609a49b0>,124,19,[7 2],125,424,443,299,418
1,<environment.Job instance at 0x7f5b609a4690>,125,13,[5 4],126,424,437,298,418
1,<environment.Job instance at 0x7f5b609a4a50>,127,15,[8 2],128,443,458,315,429
1,<environment.Job instance at 0x7f5b609a4870>,128,13,[10  2],129,458,471,329,442
1,<environment.Job instance at 0x7f5b609b33c0>,119,23,[5 8],120,447,470,327,442
1,<environment.Job instance at 0x7f5b5faf95a0>,96,18,[1 8],97,470,488,373,459
1,<environment.Job instance at 0x7f5b5fbe10f0>,63,18,[10  1],64,471,489,407,460
1,<environment.Job instance at 0x7f5b5f7671e0>,0,22,[5 5],1,1,23,0,1
1,<environment.Job instance at 0x7f5b5f7678c0>,1,15,[5 6],2,2,17,0,2
1,<environment.Job instance at 0x7f5b5fa43aa0>,6,18,[5 3],7,9,27,2,9
1,<environment.Job instance at 0x7f5b60a0ddc0>,9,12,[7 3],10,23,35,13,11
1,<environment.Job instance at 0x7f5b5fbe10f0>,3,19,[1 7],4,17,36,13,12
1,<environment.Job instance at 0x7f5b60a0d9b0>,14,12,[1 6],15,35,47,20,21
1,<environment.Job instance at 0x7f5b60a0d500>,8,18,[12  1],9,35,53,26,24
1,<environment.Job instance at 0x7f5b697c0e10>,23,16,[7 3],24,53,69,29,40
1,<environment.Job instance at 0x7f5b69a03280>,24,25,[2 6],25,40,65,15,40
1,<environment.Job instance at 0x7f5b60a0dd20>,13,26,[2 5],14,53,79,39,52
1,<environment.Job instance at 0x7f5b69a03370>,25,17,[8 3],26,69,86,43,57
1,<environment.Job instance at 0x7f5b602220a0>,27,23,[ 1 12],28,79,102,51,75
1,<environment.Job instance at 0x7f5b60222460>,28,14,[5 6],29,102,116,73,87
1,<environment.Job instance at 0x7f5b69a03230>,22,20,[10  3],23,87,107,64,87
1,<environment.Job instance at 0x7f5b5fa433c0>,7,14,[7 5],8,107,121,99,92
1,<environment.Job instance at 0x7f5b60525b90>,34,20,[3 9],35,116,136,81,107
1,<environment.Job instance at 0x7f5b605250f0>,35,15,[ 2 13],36,136,151,100,123
1,<environment.Job instance at 0x7f5b60525c80>,46,13,[10  3],47,123,136,76,123
1,<environment.Job instance at 0x7f5b60525640>,45,16,[ 5 10],46,151,167,105,138
1,<environment.Job instance at 0x7f5b607c7e60>,56,14,[6 4],57,151,165,94,139
1,<environment.Job instance at 0x7f5b607c7500>,57,14,[3 7],58,167,181,109,152
1,<environment.Job instance at 0x7f5b607c7be0>,59,15,[2 8],60,167,182,107,153
1,<environment.Job instance at 0x7f5b6940df00>,61,12,[7 5],62,181,193,119,164
1,<environment.Job instance at 0x7f5b6940da50>,63,16,[5 3],64,182,198,118,169
1,<environment.Job instance at 0x7f5b6940d370>,68,16,[5 9],69,193,209,124,180
1,<environment.Job instance at 0x7f5b6021ba00>,75,16,[4 6],76,198,214,122,185
1,<environment.Job instance at 0x7f5b6021b2d0>,80,17,[10  2],81,209,226,128,197
1,<environment.Job instance at 0x7f5b6021be60>,83,18,[3 8],84,214,232,130,203
1,<environment.Job instance at 0x7f5b5f7b53c0>,93,21,[9 3],94,226,247,132,218
1,<environment.Job instance at 0x7f5b5f7b5730>,98,19,[3 9],99,232,251,133,226
1,<environment.Job instance at 0x7f5b5f89ae10>,106,12,[3 8],107,251,263,144,234
1,<environment.Job instance at 0x7f5b5f89a370>,110,17,[1 6],111,247,264,136,235
1,<environment.Job instance at 0x7f5b5f89a5f0>,113,16,[9 1],114,251,267,137,239
1,<environment.Job instance at 0x7f5b5f89a7d0>,118,18,[6 3],119,264,282,145,253
1,<environment.Job instance at 0x7f5b5f89af50>,122,16,[6 2],123,267,283,144,254
1,<environment.Job instance at 0x7f5b60425280>,127,12,[8 4],128,282,294,154,265
1,<environment.Job instance at 0x7f5b60525280>,47,18,[10  5],48,294,312,246,283
1,<environment.Job instance at 0x7f5b602226e0>,26,22,[4 9],27,297,319,270,297
1,<environment.Job instance at 0x7f5b609305a0>,2,26,[12  4],3,319,345,316,316
1,<environment.Job instance at 0x7f5b5fea3f50>,0,23,[ 5 14],1,2,25,1,2
1,<environment.Job instance at 0x7f5b602f7230>,7,17,[1 9],8,25,42,17,13
1,<environment.Job instance at 0x7f5b602f7500>,8,17,[7 2],9,25,42,16,13
1,<environment.Job instance at 0x7f5b6057e4b0>,9,22,[5 1],10,13,35,3,13
1,<environment.Job instance at 0x7f5b5f912050>,11,18,[6 3],12,35,53,23,25
1,<environment.Job instance at 0x7f5b6057e550>,10,20,[ 4 14],11,53,73,42,45
1,<environment.Job instance at 0x7f5b5fa9e280>,15,16,[13  2],16,73,89,57,60
1,<environment.Job instance at 0x7f5b60047960>,16,13,[5 5],17,89,102,72,73
1,<environment.Job instance at 0x7f5b609707d0>,17,21,[ 5 13],18,102,123,84,94
1,<environment.Job instance at 0x7f5b60970050>,18,12,[ 1 12],19,123,135,104,106
1,<environment.Job instance at 0x7f5b5f851690>,6,26,[13  3],7,123,149,116,120
1,<environment.Job instance at 0x7f5b5f851f00>,4,15,[1 6],5,135,150,130,121
1,<environment.Job instance at 0x7f5b60970910>,21,18,[ 2 12],22,150,168,128,139
1,<environment.Job instance at 0x7f5b609700a0>,19,22,[12  4],20,168,190,148,163
1,<environment.Job instance at 0x7f5b60176910>,23,13,[ 5 14],24,190,203,166,174
1,<environment.Job instance at 0x7f5b60176960>,22,26,[5 5],23,203,229,180,200
1,<environment.Job instance at 0x7f5b60ba1c30>,14,19,[3 8],15,203,222,188,200
1,<environment.Job instance at 0x7f5b604ed410>,25,27,[7 1],26,200,227,174,200
1,<environment.Job instance at 0x7f5b609305a0>,2,13,[14  3],3,229,242,226,213
1,<environment.Job instance at 0x7f5b604edc80>,29,16,[2 7],30,242,258,212,229
1,<environment.Job instance at 0x7f5b604edfa0>,30,16,[6 5],31,242,258,211,229
1,<environment.Job instance at 0x7f5b694410a0>,31,17,[ 3 10],32,258,275,226,246
1,<environment.Job instance at 0x7f5b69441640>,32,13,[6 2],33,246,259,213,246
1,<environment.Job instance at 0x7f5b604ed190>,27,21,[4 8],28,275,296,247,267
1,<environment.Job instance at 0x7f5b69441a00>,34,15,[3 6],35,275,290,240,267
1,<environment.Job instance at 0x7f5b694412d0>,35,20,[11  5],36,290,310,254,281
1,<environment.Job instance at 0x7f5b69441aa0>,33,21,[1 5],34,296,317,262,288
1,<environment.Job instance at 0x7f5b6025d870>,37,21,[3 6],38,310,331,272,302
1,<environment.Job instance at 0x7f5b6025d5a0>,38,21,[9 1],39,310,331,271,302
1,<environment.Job instance at 0x7f5b69441fa0>,39,18,[9 1],40,331,349,291,320
1,<environment.Job instance at 0x7f5b5fa70370>,40,13,[ 1 14],41,331,344,290,320
1,<environment.Job instance at 0x7f5b5fa70be0>,41,23,[5 6],42,344,367,302,338
1,<environment.Job instance at 0x7f5b5fa70f00>,42,24,[ 4 14],43,367,391,324,362
1,<environment.Job instance at 0x7f5b5fa70c30>,43,12,[ 4 14],44,391,403,347,374
1,<environment.Job instance at 0x7f5b5fa701e0>,49,24,[5 2],50,403,427,353,398
1,<environment.Job instance at 0x7f5b6013ab40>,55,20,[8 4],56,403,423,347,399
1,<environment.Job instance at 0x7f5b60176690>,24,17,[14  3],25,427,444,402,415
1,<environment.Job instance at 0x7f5b5fce5eb0>,71,18,[ 4 10],72,444,462,372,434
1,<environment.Job instance at 0x7f5b5fce5af0>,72,15,[3 5],73,444,459,371,434
1,<environment.Job instance at 0x7f5b603deb40>,81,20,[8 5],82,459,479,377,454
1,<environment.Job instance at 0x7f5b5fb0bf00>,82,17,[3 5],83,462,479,379,454
1,<environment.Job instance at 0x7f5b60c11e10>,102,19,[6 5],103,479,498,376,469
1,<environment.Job instance at 0x7f5b602427d0>,107,19,[9 5],108,479,498,371,469
1,<environment.Job instance at 0x7f5b5f9f5dc0>,111,21,[1 5],112,498,519,386,491
1,<environment.Job instance at 0x7f5b5fa70a00>,44,23,[11  2],45,498,521,453,492
1,<environment.Job instance at 0x7f5b5f9f5d20>,115,13,[11  4],116,521,534,405,505
1,<environment.Job instance at 0x7f5b5f9f5730>,116,17,[ 4 11],117,519,536,402,507
1,<environment.Job instance at 0x7f5b5f9f5aa0>,122,21,[5 7],123,536,557,413,534
1,<environment.Job instance at 0x7f5b5f9a8640>,124,17,[8 5],125,536,553,411,534
1,<environment.Job instance at 0x7f5b5f9f5fa0>,117,24,[13  5],118,557,581,439,552
1,<environment.Job instance at 0x7f5b5f987460>,0,24,[3 9],1,2,26,1,2
1,<environment.Job instance at 0x7f5b5f69ce10>,1,22,[9 4],2,3,25,1,3
1,<environment.Job instance at 0x7f5b60c08d20>,9,12,[4 6],10,25,37,15,10
1,<environment.Job instance at 0x7f5b60c089b0>,10,16,[ 1 10],11,37,53,26,24
1,<environment.Job instance at 0x7f5b604358c0>,14,25,[12  2],15,37,62,22,33
1,<environment.Job instance at 0x7f5b60c08a00>,11,15,[4 8],12,62,77,50,48
1,<environment.Job instance at 0x7f5b60435960>,15,17,[10  3],16,62,79,46,50
1,<environment.Job instance at 0x7f5b60e9e0f0>,20,14,[1 8],21,77,91,56,62
1,<environment.Job instance at 0x7f5b604355f0>,13,14,[13  1],14,79,93,65,67
1,<environment.Job instance at 0x7f5b603df730>,19,21,[5 1],20,93,114,73,85
1,<environment.Job instance at 0x7f5b697870a0>,23,23,[5 2],24,93,116,69,88
1,<environment.Job instance at 0x7f5b60215820>,25,14,[6 2],26,114,128,88,99
1,<environment.Job instance at 0x7f5b60e9e7d0>,22,23,[3 6],23,100,123,77,100
1,<environment.Job instance at 0x7f5b603df370>,21,17,[13  4],22,128,145,106,116
1,<environment.Job instance at 0x7f5b60071b90>,28,23,[8 5],29,145,168,116,144
1,<environment.Job instance at 0x7f5b60983640>,29,23,[5 2],30,145,168,115,144
1,<environment.Job instance at 0x7f5b6042a780>,26,22,[6 5],27,168,190,141,162
1,<environment.Job instance at 0x7f5b60983eb0>,27,28,[5 3],28,168,196,140,167
1,<environment.Job instance at 0x7f5b604009b0>,2,20,[7 3],3,190,210,187,182
1,<environment.Job instance at 0x7f5b602c5b40>,35,19,[ 1 12],36,196,215,160,189
1,<environment.Job instance at 0x7f5b69420280>,34,15,[11  1],35,210,225,175,201
1,<environment.Job instance at 0x7f5b694205f0>,37,13,[ 2 11],38,215,228,177,201
1,<environment.Job instance at 0x7f5b694515a0>,38,20,[ 3 12],39,228,248,189,219
1,<environment.Job instance at 0x7f5b69451e10>,39,23,[10  1],40,226,249,186,226
1,<environment.Job instance at 0x7f5b60a8d370>,41,20,[1 9],42,248,268,206,239
1,<environment.Job instance at 0x7f5b602c5f50>,33,22,[10  5],34,250,272,216,250
1,<environment.Job instance at 0x7f5b60c08c30>,12,28,[ 1 13],13,272,300,259,271
1,<environment.Job instance at 0x7f5b5fe26e10>,44,18,[12  3],45,300,318,255,289
1,<environment.Job instance at 0x7f5b6041bc80>,46,12,[ 1 13],47,318,330,271,301
1,<environment.Job instance at 0x7f5b6041ba50>,47,27,[14  1],48,318,345,270,316
1,<environment.Job instance at 0x7f5b5fe26a00>,45,19,[1 5],46,330,349,284,322
1,<environment.Job instance at 0x7f5b5fe22730>,48,14,[5 6],49,345,359,296,330
1,<environment.Job instance at 0x7f5b5fe1d550>,53,15,[13  2],54,359,374,305,345
1,<environment.Job instance at 0x7f5b60442fa0>,52,16,[3 6],53,374,390,321,371
1,<environment.Job instance at 0x7f5b5fe1d4b0>,54,26,[9 4],55,374,400,319,371
1,<environment.Job instance at 0x7f5b5fe1d370>,65,12,[5 6],66,390,402,324,373
1,<environment.Job instance at 0x7f5b5fe1dc80>,66,12,[ 2 13],67,402,414,335,385
1,<environment.Job instance at 0x7f5b5fe1de60>,64,12,[2 7],65,414,426,349,397
1,<environment.Job instance at 0x7f5b5fe1d500>,67,18,[6 5],68,414,432,346,403
1,<environment.Job instance at 0x7f5b5fe230a0>,69,25,[5 2],70,403,428,333,403
1,<environment.Job instance at 0x7f5b5fe230f0>,70,15,[2 6],71,426,441,355,412
1,<environment.Job instance at 0x7f5b5f87ffa0>,76,14,[7 2],77,428,442,351,413
1,<environment.Job instance at 0x7f5b5f887190>,79,12,[3 5],80,432,444,352,423
1,<environment.Job instance at 0x7f5b5fe232d0>,71,19,[10  2],72,442,461,370,432
1,<environment.Job instance at 0x7f5b69420be0>,42,27,[ 5 10],43,444,471,401,444
1,<environment.Job instance at 0x7f5b60a8d5a0>,40,20,[7 4],41,461,481,420,453
1,<environment.Job instance at 0x7f5b5f887410>,83,13,[13  3],84,481,494,397,466
1,<environment.Job instance at 0x7f5b5f887a00>,91,18,[2 6],92,477,495,385,477
1,<environment.Job instance at 0x7f5b5f887320>,82,13,[ 2 14],83,495,508,412,479
1,<environment.Job instance at 0x7f5b5f887d20>,96,13,[11  2],97,508,521,411,492
1,<environment.Job instance at 0x7f5b5f887dc0>,97,15,[10  3],98,521,536,423,507
1,<environment.Job instance at 0x7f5b5f887e60>,98,20,[5 6],99,521,541,422,512
1,<environment.Job instance at 0x7f5b5f8877d0>,99,18,[14  5],100,541,559,441,530
1,<environment.Job instance at 0x7f5b5f887c80>,95,18,[3 8],96,559,577,463,548
1,<environment.Job instance at 0x7f5b5f8ad190>,102,13,[2 5],103,559,572,456,548
1,<environment.Job instance at 0x7f5b5f8ad1e0>,103,16,[ 4 10],104,577,593,473,564
1,<environment.Job instance at 0x7f5b5f8ad0f0>,105,12,[1 7],106,593,605,487,576
1,<environment.Job instance at 0x7f5b5f8ad230>,106,16,[8 1],107,576,592,469,576
1,<environment.Job instance at 0x7f5b5f8ad460>,107,14,[9 3],108,592,606,484,577
1,<environment.Job instance at 0x7f5b5f8ad410>,109,12,[8 3],110,606,618,496,589
1,<environment.Job instance at 0x7f5b5f887f50>,100,19,[ 1 11],101,605,624,504,596
1,<environment.Job instance at 0x7f5b5f8ad4b0>,110,20,[2 8],111,624,644,513,615
1,<environment.Job instance at 0x7f5b5f8ad690>,113,15,[9 1],114,618,633,504,615
1,<environment.Job instance at 0x7f5b5f8adbe0>,116,17,[10  3],117,633,650,516,621
1,<environment.Job instance at 0x7f5b5f8adaf0>,124,14,[9 2],125,650,664,525,635
1,<environment.Job instance at 0x7f5b5f887140>,84,22,[11  5],85,676,698,591,676
1,<environment.Job instance at 0x7f5b5fe06d70>,36,17,[7 4],37,698,715,661,686
1,<environment.Job instance at 0x7f5b5f8ad6e0>,111,23,[ 5 12],112,715,738,603,709
1,<environment.Job instance at 0x7f7c2968b230>,0,13,[9 3],1,1,14,0,1
1,<environment.Job instance at 0x7f7c2968b320>,2,22,[4 8],3,3,25,0,3
1,<environment.Job instance at 0x7f7c2009fbe0>,4,21,[1 6],5,14,35,9,6
1,<environment.Job instance at 0x7f7c2009faf0>,6,20,[6 1],7,14,34,7,14
1,<environment.Job instance at 0x7f7c2009fe10>,14,13,[7 3],15,25,38,10,21
1,<environment.Job instance at 0x7f7c200a2910>,24,13,[ 3 14],25,38,51,13,25
1,<environment.Job instance at 0x7f7c200a2730>,23,18,[2 7],24,51,69,27,40
1,<environment.Job instance at 0x7f7c2009fdc0>,7,25,[6 2],8,51,76,43,47
1,<environment.Job instance at 0x7f7c200a2b40>,33,16,[2 8],34,69,85,35,56
1,<environment.Job instance at 0x7f7c200a6190>,35,15,[9 5],36,76,91,40,62
1,<environment.Job instance at 0x7f7c200a6500>,42,20,[9 4],43,91,111,48,82
1,<environment.Job instance at 0x7f7c200a67d0>,45,13,[6 5],46,85,98,39,82
1,<environment.Job instance at 0x7f7c200a6140>,47,20,[6 5],48,98,118,50,89
1,<environment.Job instance at 0x7f7c200a6b40>,51,20,[5 3],52,111,131,59,102
1,<environment.Job instance at 0x7f7c200a6c80>,53,17,[5 7],54,118,135,64,106
1,<environment.Job instance at 0x7f7c200a6f50>,58,14,[2 7],59,131,145,72,116
1,<environment.Job instance at 0x7f7c200a8230>,59,17,[1 6],60,135,152,75,123
1,<environment.Job instance at 0x7f7c200a84b0>,62,18,[5 3],63,145,163,82,134
1,<environment.Job instance at 0x7f7c200a85a0>,64,19,[3 8],65,152,171,87,142
1,<environment.Job instance at 0x7f7c200a8690>,65,20,[2 6],66,163,183,97,154
1,<environment.Job instance at 0x7f7c200a8730>,66,21,[7 4],67,171,192,104,163
1,<environment.Job instance at 0x7f7c200a8c30>,76,19,[4 8],77,183,202,106,173
1,<environment.Job instance at 0x7f7c200a8cd0>,77,13,[8 5],78,192,205,114,176
1,<environment.Job instance at 0x7f7c200ab7d0>,91,20,[8 2],92,205,225,113,196
1,<environment.Job instance at 0x7f7c200aba50>,95,15,[5 7],96,202,217,106,196
1,<environment.Job instance at 0x7f7c200abc30>,98,17,[5 5],99,217,234,118,205
1,<environment.Job instance at 0x7f7c200abd70>,100,18,[2 7],101,217,235,116,206
1,<environment.Job instance at 0x7f7c200ad190>,104,12,[4 6],105,234,246,129,217
1,<environment.Job instance at 0x7f7c200ad5a0>,109,14,[10  4],110,235,249,125,220
1,<environment.Job instance at 0x7f7c200ad640>,110,21,[6 5],111,249,270,138,241
1,<environment.Job instance at 0x7f7c200ad960>,115,16,[7 5],116,249,265,133,241
1,<environment.Job instance at 0x7f7c200add70>,121,13,[7 4],122,265,278,143,249
1,<environment.Job instance at 0x7f7c20095c30>,127,16,[8 1],128,270,286,142,257
1,<environment.Job instance at 0x7f7c200958c0>,128,15,[8 3],129,286,301,157,272
1,<environment.Job instance at 0x7f7c20095960>,130,18,[6 1],131,281,299,150,281
1,<environment.Job instance at 0x7f7c201b78c0>,134,16,[4 7],135,299,315,164,286
1,<environment.Job instance at 0x7f7c2968b1e0>,1,22,[11  3],2,301,323,299,295
1,<environment.Job instance at 0x7f7c200a2f00>,34,24,[1 8],35,2182,2206,2147,2182
1,<environment.Job instance at 0x7f7c1f7ed230>,0,13,[7 4],1,1,14,0,1
1,<environment.Job instance at 0x7f7c200a2870>,2,13,[12  5],3,14,27,11,4
1,<environment.Job instance at 0x7f7c1f7ee5f0>,9,15,[10  4],10,27,42,17,13
1,<environment.Job instance at 0x7f7c1f7e2c30>,16,14,[9 5],17,42,56,25,27
1,<environment.Job instance at 0x7f7c1f7e25a0>,19,15,[1 7],20,27,42,7,27
1,<environment.Job instance at 0x7f7c1f7e21e0>,22,13,[3 8],23,42,55,19,27
1,<environment.Job instance at 0x7f7c1f7e2550>,23,13,[3 5],24,55,68,31,39
1,<environment.Job instance at 0x7f7c1f7e7f50>,26,20,[1 5],27,55,75,28,46
1,<environment.Job instance at 0x7f7c1f90db90>,37,17,[8 2],38,56,73,18,46
1,<environment.Job instance at 0x7f7c1f8bfaf0>,39,16,[5 8],40,68,84,28,55
1,<environment.Job instance at 0x7f7c1fa16c30>,40,13,[8 5],41,75,88,34,59
1,<environment.Job instance at 0x7f7c1f8bff00>,41,14,[2 9],42,84,98,42,69
1,<environment.Job instance at 0x7f7c1f8cd0f0>,44,20,[5 2],45,88,108,43,79
1,<environment.Job instance at 0x7f7c1f7b0b40>,60,14,[2 7],61,98,112,37,83
1,<environment.Job instance at 0x7f7c29801690>,65,16,[2 8],66,108,124,42,95
1,<environment.Job instance at 0x7f7c1f842dc0>,72,13,[9 4],73,112,125,39,96
1,<environment.Job instance at 0x7f7c1f6af0a0>,74,17,[3 8],75,124,141,49,112
1,<environment.Job instance at 0x7f7c1f68ed70>,80,14,[6 1],81,125,139,44,112
1,<environment.Job instance at 0x7f7c1f7ed5a0>,82,16,[3 8],83,141,157,58,128
1,<environment.Job instance at 0x7f7c1f7ebd70>,86,13,[6 3],87,128,141,41,128
1,<environment.Job instance at 0x7f7c1f7ebcd0>,87,13,[7 4],88,141,154,53,128
1,<environment.Job instance at 0x7f7c1f63dd20>,97,16,[2 8],98,157,173,59,144
1,<environment.Job instance at 0x7f7c1f6a0a50>,104,16,[7 4],105,154,170,49,144
1,<environment.Job instance at 0x7f7c1f6399b0>,112,14,[5 5],113,170,184,57,155
1,<environment.Job instance at 0x7f7c1f7ed410>,10,14,[1 8],11,173,187,162,161
1,<environment.Job instance at 0x7f7c1f639320>,116,19,[13  1],117,184,203,67,174
1,<environment.Job instance at 0x7f7c1f639cd0>,115,19,[9 4],116,203,222,87,193
1,<environment.Job instance at 0x7f7c1f63cfa0>,120,14,[2 7],121,193,207,72,193
1,<environment.Job instance at 0x7f7c1f63c8c0>,121,15,[4 8],122,207,222,85,193
1,<environment.Job instance at 0x7f7c1f63c190>,126,15,[3 6],127,222,237,95,208
1,<environment.Job instance at 0x7f7c1f647af0>,128,16,[2 6],129,222,238,93,209
1,<environment.Job instance at 0x7f7c1f647780>,130,19,[5 5],131,237,256,106,227
1,<environment.Job instance at 0x7f7c1f647eb0>,132,20,[8 5],133,238,258,105,229
1,<environment.Job instance at 0x7f7c1f64e460>,135,13,[4 8],136,256,269,120,240
1,<environment.Job instance at 0x7f7c1f64ea00>,136,13,[5 8],137,269,282,132,253
1,<environment.Job instance at 0x7f7c200a2820>,1,25,[ 3 14],2,318,343,316,318
1,<environment.Job instance at 0x7f7c1f7edc30>,5,27,[4 8],6,364,391,358,364
1,<environment.Job instance at 0x7f7c1fadc280>,0,13,[ 5 13],1,1,14,0,1
1,<environment.Job instance at 0x7f7c1f6bee60>,1,15,[6 1],2,2,17,0,2
1,<environment.Job instance at 0x7f7c1f64f1e0>,6,13,[2 5],7,14,27,7,7
1,<environment.Job instance at 0x7f7c1f64f960>,9,17,[6 2],10,14,31,4,10
1,<environment.Job instance at 0x7f7c1f64f6e0>,10,17,[5 1],11,17,34,6,11
1,<environment.Job instance at 0x7f7c1f64f690>,13,17,[4 6],14,27,44,13,19
1,<environment.Job instance at 0x7f7c1f64f370>,18,15,[8 2],19,34,49,15,27
1,<environment.Job instance at 0x7f7c298069b0>,22,17,[9 4],23,49,66,26,37
1,<environment.Job instance at 0x7f7c1f64fbe0>,8,26,[ 3 11],9,44,70,35,41
1,<environment.Job instance at 0x7f7c29806230>,28,16,[11  1],29,66,82,37,53
1,<environment.Job instance at 0x7f7c29806640>,31,15,[ 2 11],32,70,85,38,60
1,<environment.Job instance at 0x7f7c1f6b2a50>,42,18,[12  1],43,82,100,39,71
1,<environment.Job instance at 0x7f7c1f6b2550>,43,13,[4 8],44,100,113,56,84
1,<environment.Job instance at 0x7f7c1f6b2eb0>,48,18,[ 2 14],49,113,131,64,103
1,<environment.Job instance at 0x7f7c1f6b2730>,49,24,[11  1],50,103,127,53,103
1,<environment.Job instance at 0x7f7c1f63ea00>,74,15,[5 5],75,131,146,56,117
1,<environment.Job instance at 0x7f7c1f63e050>,67,16,[5 4],68,131,147,63,118
1,<environment.Job instance at 0x7f7c1f64faa0>,11,25,[3 9],12,146,171,134,142
1,<environment.Job instance at 0x7f7c1f7c5a50>,84,18,[8 3],85,147,165,62,142
1,<environment.Job instance at 0x7f7c1f7c51e0>,85,14,[8 5],86,165,179,79,150
1,<environment.Job instance at 0x7f7c1f7c5730>,88,13,[1 7],89,171,184,82,155
1,<environment.Job instance at 0x7f7c1f63ee10>,77,22,[11  2],78,179,201,101,173
1,<environment.Job instance at 0x7f7c1f7c5f50>,95,13,[5 5],96,201,214,105,195
1,<environment.Job instance at 0x7f7c1f7c50f0>,98,14,[7 5],99,201,215,102,196
1,<environment.Job instance at 0x7f7c1f640500>,105,15,[8 5],106,214,229,108,200
1,<environment.Job instance at 0x7f7c1f7c5640>,90,25,[12  4],91,229,254,138,225
1,<environment.Job instance at 0x7f7c1f640af0>,115,26,[ 3 12],116,254,280,138,251
1,<environment.Job instance at 0x7f7c1f6400f0>,116,27,[ 2 14],117,280,307,163,278
1,<environment.Job instance at 0x7f7c29711190>,137,14,[6 4],138,307,321,169,292
1,<environment.Job instance at 0x7f7c20533eb0>,138,19,[1 7],139,307,326,168,306
1,<environment.Job instance at 0x7f7c1f640280>,117,24,[13  5],118,369,393,251,369
1,<environment.Job instance at 0x7f7c1f64fa00>,2,26,[13  2],3,1115,1141,1112,1115
1,<environment.Job instance at 0x7f7c1f6be460>,3,22,[9 5],4,2572,2594,2568,2572
1,<environment.Job instance at 0x7f7c204bd870>,0,22,[ 4 14],1,3,25,2,3
1,<environment.Job instance at 0x7f7c204ac730>,12,15,[5 8],13,25,40,12,13
1,<environment.Job instance at 0x7f7c204acaa0>,14,20,[10  4],15,25,45,10,16
1,<environment.Job instance at 0x7f7c204ac460>,16,14,[5 7],17,40,54,23,25
1,<environment.Job instance at 0x7f7c204ac140>,23,12,[10  3],24,45,57,21,28
1,<environment.Job instance at 0x7f7c204acc30>,26,16,[2 9],27,54,70,27,41
1,<environment.Job instance at 0x7f7c20542910>,27,14,[5 6],28,57,71,29,42
1,<environment.Job instance at 0x7f7c205423c0>,30,17,[8 1],31,70,87,39,58
1,<environment.Job instance at 0x7f7c20542a50>,36,14,[ 4 10],37,71,85,34,58
1,<environment.Job instance at 0x7f7c205425a0>,38,12,[8 5],39,87,99,48,70
1,<environment.Job instance at 0x7f7c205425f0>,39,21,[9 2],40,99,120,59,91
1,<environment.Job instance at 0x7f7c20542c30>,43,16,[6 3],44,91,107,47,91
1,<environment.Job instance at 0x7f7c206df780>,49,19,[7 4],50,120,139,70,110
1,<environment.Job instance at 0x7f7c206dff50>,53,22,[1 6],54,110,132,56,110
1,<environment.Job instance at 0x7f7c204ac370>,15,16,[6 3],16,120,136,104,114
1,<environment.Job instance at 0x7f7c206dfb40>,55,22,[8 2],56,136,158,80,129
1,<environment.Job instance at 0x7f7c206df5a0>,62,16,[10  3],63,158,174,95,145
1,<environment.Job instance at 0x7f7c2038c550>,65,13,[6 4],66,145,158,79,145
1,<environment.Job instance at 0x7f7c2038c0f0>,66,14,[10  3],67,174,188,107,159
1,<environment.Job instance at 0x7f7c2038caa0>,68,19,[1 5],69,159,178,90,159
1,<environment.Job instance at 0x7f7c2038c3c0>,69,18,[2 9],70,178,196,108,167
1,<environment.Job instance at 0x7f7c2038c8c0>,70,18,[10  4],71,188,206,117,177
1,<environment.Job instance at 0x7f7c2038c140>,71,13,[6 5],72,206,219,134,190
1,<environment.Job instance at 0x7f7c2038c870>,73,14,[4 5],74,196,210,122,190
1,<environment.Job instance at 0x7f7c2038c910>,77,15,[9 5],78,210,225,132,196
1,<environment.Job instance at 0x7f7c1fa32370>,79,17,[1 7],80,219,236,139,207
1,<environment.Job instance at 0x7f7c1fa32870>,80,15,[5 1],81,219,234,138,207
1,<environment.Job instance at 0x7f7c1fa32690>,81,18,[5 9],82,236,254,154,225
1,<environment.Job instance at 0x7f7c1fa32410>,86,14,[5 9],87,254,268,167,239
1,<environment.Job instance at 0x7f7c1fa324b0>,88,12,[2 5],89,239,251,150,239
1,<environment.Job instance at 0x7f7c1fa32d70>,89,16,[6 5],90,251,267,161,239
1,<environment.Job instance at 0x7f7c204e29b0>,93,22,[10  2],94,267,289,173,260
1,<environment.Job instance at 0x7f7c204e2e60>,96,18,[7 5],97,289,307,192,278
1,<environment.Job instance at 0x7f7c204e2fa0>,97,18,[5 9],98,278,296,180,278
1,<environment.Job instance at 0x7f7c204e2460>,99,22,[3 8],100,296,318,196,289
1,<environment.Job instance at 0x7f7c206df500>,56,17,[11  1],57,307,324,250,295
1,<environment.Job instance at 0x7f7c204e2190>,101,12,[10  2],102,324,336,222,308
1,<environment.Job instance at 0x7f7c204e2b40>,100,19,[4 9],101,318,337,217,308
1,<environment.Job instance at 0x7f7c204e2050>,104,19,[9 4],105,336,355,231,326
1,<environment.Job instance at 0x7f7c204e2eb0>,106,18,[6 4],107,337,355,230,326
1,<environment.Job instance at 0x7f7c204aed70>,111,16,[7 3],112,355,371,243,342
1,<environment.Job instance at 0x7f7c204aeb40>,113,15,[ 3 10],114,355,370,241,342
1,<environment.Job instance at 0x7f7c204aea00>,121,15,[6 3],122,370,385,248,356
1,<environment.Job instance at 0x7f7c204aeaa0>,123,18,[7 5],124,371,389,247,360
1,<environment.Job instance at 0x7f7c204ae7d0>,126,17,[10  3],127,389,406,262,377
1,<environment.Job instance at 0x7f7c203f30a0>,129,17,[5 9],130,385,402,255,377
1,<environment.Job instance at 0x7f7c204e2960>,102,26,[13  5],103,1123,1149,1020,1123
1,<environment.Job instance at 0x7f7c204bdf50>,3,19,[ 3 14],4,1149,1168,1145,1139
1,<environment.Job instance at 0x7f7c204ee050>,3,14,[1 5],4,4,18,0,4
1,<environment.Job instance at 0x7f7c204ee6e0>,5,18,[1 7],6,6,24,0,6
1,<environment.Job instance at 0x7f7c204ee2d0>,6,12,[ 5 12],7,24,36,17,7
1,<environment.Job instance at 0x7f7c204bdf50>,8,15,[1 6],9,36,51,27,22
1,<environment.Job instance at 0x7f7c204ee730>,9,14,[12  4],10,36,50,26,25
1,<environment.Job instance at 0x7f7c20505280>,12,12,[14  4],13,50,62,37,33
1,<environment.Job instance at 0x7f7c20505550>,13,15,[7 4],14,62,77,48,48
1,<environment.Job instance at 0x7f7c205055a0>,14,25,[13  4],15,77,102,62,73
1,<environment.Job instance at 0x7f7c2035ce10>,0,20,[2 9],1,73,93,72,73
1,<environment.Job instance at 0x7f7c20505190>,11,20,[10  5],12,102,122,90,93
1,<environment.Job instance at 0x7f7c1fd7a140>,22,13,[5 5],23,102,115,79,93
1,<environment.Job instance at 0x7f7c204d3280>,26,14,[6 4],27,122,136,95,107
1,<environment.Job instance at 0x7f7c20505370>,15,13,[1 7],16,115,128,99,108
1,<environment.Job instance at 0x7f7c1fd736e0>,34,20,[3 8],35,128,148,93,119
1,<environment.Job instance at 0x7f7c1facb280>,36,14,[ 4 10],37,148,162,111,133
1,<environment.Job instance at 0x7f7c20746640>,37,13,[6 2],38,133,146,95,133
1,<environment.Job instance at 0x7f7c1fd738c0>,39,19,[9 4],40,146,165,106,136
1,<environment.Job instance at 0x7f7c20bd5a00>,41,18,[6 1],42,162,180,120,151
1,<environment.Job instance at 0x7f7c20bd53c0>,42,19,[1 7],43,165,184,122,155
1,<environment.Job instance at 0x7f7c1fae28c0>,48,17,[7 1],49,165,182,116,155
1,<environment.Job instance at 0x7f7c1fae2140>,52,21,[6 4],53,180,201,127,172
1,<environment.Job instance at 0x7f7c1facd5f0>,54,20,[10  4],55,201,221,146,192
1,<environment.Job instance at 0x7f7c1facdb40>,57,16,[ 4 10],58,193,209,135,193
1,<environment.Job instance at 0x7f7c1facd640>,59,17,[5 5],60,209,226,149,197
1,<environment.Job instance at 0x7f7c1facd410>,61,15,[9 4],62,221,236,159,207
1,<environment.Job instance at 0x7f7c1facdd70>,63,13,[1 5],64,221,234,157,207
1,<environment.Job instance at 0x7f7c1facde10>,67,20,[7 1],68,236,256,168,227
1,<environment.Job instance at 0x7f7c1fabb0a0>,69,16,[4 9],70,234,250,164,227
1,<environment.Job instance at 0x7f7c1fabb320>,70,18,[ 2 10],71,250,268,179,239
1,<environment.Job instance at 0x7f7c1fabb050>,73,14,[6 5],74,256,270,182,241
1,<environment.Job instance at 0x7f7c1fd76e60>,75,15,[10  3],76,270,285,194,256
1,<environment.Job instance at 0x7f7c1fd76fa0>,78,13,[9 4],79,285,298,206,269
1,<environment.Job instance at 0x7f7c204fd140>,81,15,[4 5],82,269,284,187,269
1,<environment.Job instance at 0x7f7c204fd0a0>,83,21,[1 6],84,270,291,186,269
1,<environment.Job instance at 0x7f7c204fd550>,86,16,[4 5],87,284,300,197,271
1,<environment.Job instance at 0x7f7c204fd730>,89,16,[ 5 10],90,298,314,208,285
1,<environment.Job instance at 0x7f7c204fd7d0>,90,18,[7 3],91,300,318,209,289
1,<environment.Job instance at 0x7f7c204fd870>,91,16,[9 2],92,318,334,226,305
1,<environment.Job instance at 0x7f7c204fdc30>,94,21,[6 5],95,314,335,219,306
1,<environment.Job instance at 0x7f7c204fdd20>,96,20,[3 6],97,334,354,237,325
1,<environment.Job instance at 0x7f7c204fddc0>,97,13,[9 4],98,335,348,237,325
1,<environment.Job instance at 0x7f7c1fae8780>,35,17,[2 9],36,348,365,312,336
1,<environment.Job instance at 0x7f7c204fdf00>,99,15,[7 3],100,354,369,254,340
1,<environment.Job instance at 0x7f7c204fde60>,98,19,[ 5 10],99,365,384,266,355
1,<environment.Job instance at 0x7f7c204fda00>,101,17,[4 5],102,369,386,267,357
1,<environment.Job instance at 0x7f7c1fd871e0>,103,15,[4 9],104,384,399,280,370
1,<environment.Job instance at 0x7f7c1fd87050>,108,17,[5 2],109,386,403,277,374
1,<environment.Job instance at 0x7f7c1fd870f0>,109,18,[1 9],110,399,417,289,388
1,<environment.Job instance at 0x7f7c1fd87190>,110,15,[6 3],111,388,403,277,388
1,<environment.Job instance at 0x7f7c1fd876e0>,111,15,[3 9],112,417,432,305,403
1,<environment.Job instance at 0x7f7c1fd87730>,112,21,[9 5],113,403,424,290,403
1,<environment.Job instance at 0x7f7c1fd879b0>,116,14,[7 2],117,424,438,307,409
1,<environment.Job instance at 0x7f7c1fd87e10>,121,13,[7 1],122,432,445,310,416
1,<environment.Job instance at 0x7f7c1fd87eb0>,122,14,[3 6],123,438,452,315,423
1,<environment.Job instance at 0x7f7c1fd87cd0>,124,19,[6 1],125,445,464,320,435
1,<environment.Job instance at 0x7f7c1fd86190>,126,16,[5 8],127,438,454,311,435
1,<environment.Job instance at 0x7f7c1fd864b0>,131,14,[6 1],132,454,468,322,439
1,<environment.Job instance at 0x7f7c1fd86550>,132,20,[6 3],133,464,484,331,455
1,<environment.Job instance at 0x7f7c1fd86730>,133,17,[10  4],134,484,501,350,472
1,<environment.Job instance at 0x7f7c1fd86690>,134,14,[3 9],135,472,486,337,472
1,<environment.Job instance at 0x7f7c1fd86870>,137,18,[10  3],138,501,519,363,490
1,<environment.Job instance at 0x7f7c205057d0>,16,13,[12  2],17,519,532,502,505
1,<environment.Job instance at 0x7f7c204fdb40>,100,17,[4 7],101,2633,2650,2532,2633
1,<environment.Job instance at 0x7f7c1ff1c500>,1,20,[5 6],2,2,22,0,2
1,<environment.Job instance at 0x7f7c1ff1ca50>,5,16,[10  2],6,6,22,0,6
1,<environment.Job instance at 0x7f7c204ee820>,9,13,[8 2],10,22,35,12,10
1,<environment.Job instance at 0x7f7c1ff1c9b0>,8,17,[5 5],9,22,39,13,10
1,<environment.Job instance at 0x7f7c1ff1c5f0>,12,15,[9 3],13,35,50,22,21
1,<environment.Job instance at 0x7f7c1ff1cb40>,14,12,[13  4],15,50,62,35,33
1,<environment.Job instance at 0x7f7c1ff1c460>,16,18,[10  2],17,62,80,45,51
1,<environment.Job instance at 0x7f7c1ff16500>,20,21,[5 2],21,62,83,41,58
1,<environment.Job instance at 0x7f7c1f9f3780>,25,12,[3 6],26,80,92,54,63
1,<environment.Job instance at 0x7f7c1f9f30a0>,27,13,[7 4],28,80,93,52,64
1,<environment.Job instance at 0x7f7c1f9f3e60>,30,15,[5 2],31,83,98,52,69
1,<environment.Job instance at 0x7f7c1f9f3c80>,32,14,[7 1],33,93,107,60,78
1,<environment.Job instance at 0x7f7c1ff1ccd0>,10,19,[8 4],11,98,117,87,88
1,<environment.Job instance at 0x7f7c1f9f3e10>,34,22,[9 4],35,117,139,82,110
1,<environment.Job instance at 0x7f7c20723b40>,37,14,[2 6],38,110,124,72,110
1,<environment.Job instance at 0x7f7c207234b0>,47,20,[3 7],48,124,144,76,115
1,<environment.Job instance at 0x7f7c20723d20>,50,18,[1 5],51,139,157,88,128
1,<environment.Job instance at 0x7f7c20731500>,58,21,[2 6],59,144,165,85,136
1,<environment.Job instance at 0x7f7c20731c80>,60,19,[1 7],61,157,176,96,147
1,<environment.Job instance at 0x7f7c20731aa0>,62,12,[8 4],63,165,177,102,148
1,<environment.Job instance at 0x7f7c20731be0>,64,13,[5 4],65,165,178,100,149
1,<environment.Job instance at 0x7f7c20731d20>,65,14,[8 5],66,177,191,111,162
1,<environment.Job instance at 0x7f7c207317d0>,68,15,[7 2],69,178,193,109,164
1,<environment.Job instance at 0x7f7c1fadbc80>,71,16,[4 6],72,191,207,119,178
1,<environment.Job instance at 0x7f7c1fadb7d0>,78,13,[5 3],79,193,206,114,178
1,<environment.Job instance at 0x7f7c1fadbf50>,79,16,[ 3 10],80,207,223,127,194
1,<environment.Job instance at 0x7f7c1fadb410>,81,16,[5 1],82,194,210,112,194
1,<environment.Job instance at 0x7f7c1fadbcd0>,84,18,[2 8],85,223,241,138,212
1,<environment.Job instance at 0x7f7c1fadb370>,89,17,[1 6],90,223,240,133,212
1,<environment.Job instance at 0x7f7c1fadbe10>,90,21,[1 8],91,241,262,150,233
1,<environment.Job instance at 0x7f7c2071ce10>,99,20,[3 8],100,262,282,162,253
1,<environment.Job instance at 0x7f7c2071c690>,104,17,[10  5],105,253,270,148,253
1,<environment.Job instance at 0x7f7c2071cbe0>,105,17,[3 6],106,270,287,164,258
1,<environment.Job instance at 0x7f7c2071c230>,111,13,[9 3],112,282,295,170,266
1,<environment.Job instance at 0x7f7c20746c80>,113,15,[3 8],114,287,302,173,273
1,<environment.Job instance at 0x7f7c20746f00>,114,13,[6 5],115,295,308,180,279
1,<environment.Job instance at 0x7f7c20746190>,121,17,[9 2],122,302,319,180,290
1,<environment.Job instance at 0x7f7c20746870>,123,16,[ 3 10],124,308,324,184,295
1,<environment.Job instance at 0x7f7c20746b40>,129,14,[5 4],130,319,333,189,304
1,<environment.Job instance at 0x7f7c2072cc30>,132,18,[9 3],133,324,342,191,313
1,<environment.Job instance at 0x7f7c1ff1c690>,0,27,[ 3 14],1,342,369,341,340
1,<environment.Job instance at 0x7f7c1ff1ceb0>,13,16,[6 3],14,1068,1084,1054,1068
1,<environment.Job instance at 0x7f7c1fe66190>,0,13,[8 3],1,1,14,0,1
1,<environment.Job instance at 0x7f7c1f951d20>,5,23,[1 5],6,6,29,0,6
1,<environment.Job instance at 0x7f7c207a76e0>,10,13,[7 5],11,14,27,3,11
1,<environment.Job instance at 0x7f7c1f947a50>,14,15,[4 6],15,27,42,12,15
1,<environment.Job instance at 0x7f7c1f947870>,15,22,[7 1],16,17,39,1,17
1,<environment.Job instance at 0x7f7c1f95b7d0>,25,21,[6 5],26,39,60,13,31
1,<environment.Job instance at 0x7f7c1f992aa0>,37,19,[2 8],38,42,61,4,38
1,<environment.Job instance at 0x7f7c1fad3be0>,43,18,[1 8],44,61,79,17,50
1,<environment.Job instance at 0x7f7c1fad3410>,44,13,[4 7],45,60,73,15,50
1,<environment.Job instance at 0x7f7c1f947d70>,20,18,[ 5 14],21,79,97,58,68
1,<environment.Job instance at 0x7f7c2074ef00>,54,16,[11  5],55,97,113,42,85
1,<environment.Job instance at 0x7f7c20b25050>,55,25,[2 8],56,97,122,41,93
1,<environment.Job instance at 0x7f7c2074eeb0>,56,15,[ 1 10],57,122,137,65,108
1,<environment.Job instance at 0x7f7c20b60410>,57,26,[2 7],58,137,163,79,134
1,<environment.Job instance at 0x7f7c20b3e0a0>,53,18,[5 8],54,137,155,83,134
1,<environment.Job instance at 0x7f7c20b60730>,63,14,[7 2],64,155,169,91,140
1,<environment.Job instance at 0x7f7c20b60dc0>,66,12,[6 1],67,155,167,88,140
1,<environment.Job instance at 0x7f7c20b602d0>,69,20,[5 6],70,167,187,97,158
1,<environment.Job instance at 0x7f7c20b60f00>,70,15,[10  1],71,169,184,98,158
1,<environment.Job instance at 0x7f7c20b60c30>,71,14,[3 8],72,184,198,112,169
1,<environment.Job instance at 0x7f7c20b605f0>,72,16,[6 5],73,187,203,114,174
1,<environment.Job instance at 0x7f7c20b60e60>,73,14,[5 4],74,198,212,124,183
1,<environment.Job instance at 0x7f7c1f947820>,19,16,[ 4 10],20,203,219,183,191
1,<environment.Job instance at 0x7f7c20b4fe10>,79,16,[9 2],80,212,228,132,200
1,<environment.Job instance at 0x7f7c20b4fd70>,78,21,[1 7],79,219,240,140,212
1,<environment.Job instance at 0x7f7c1f947c30>,17,17,[5 4],18,219,236,201,213
1,<environment.Job instance at 0x7f7c20b33190>,84,12,[ 5 11],85,240,252,155,223
1,<environment.Job instance at 0x7f7c20b33320>,85,12,[6 4],86,228,240,142,223
1,<environment.Job instance at 0x7f7c20b4ff50>,81,22,[8 3],82,236,258,154,229
1,<environment.Job instance at 0x7f7c20b33410>,88,17,[9 2],89,258,275,169,246
1,<environment.Job instance at 0x7f7c20b33690>,92,21,[2 5],93,252,273,159,246
1,<environment.Job instance at 0x7f7c20b33780>,94,17,[3 9],95,273,290,178,261
1,<environment.Job instance at 0x7f7c20b33d20>,101,17,[2 7],102,290,307,188,278
1,<environment.Job instance at 0x7f7c20b33e60>,103,17,[8 3],104,278,295,174,278
1,<environment.Job instance at 0x7f7c20b33af0>,107,22,[7 2],108,295,317,187,288
1,<environment.Job instance at 0x7f7c20b5a230>,108,18,[5 9],109,307,325,198,296
1,<environment.Job instance at 0x7f7c20b5a320>,110,14,[7 4],111,317,331,206,302
1,<environment.Job instance at 0x7f7c20b5a780>,117,21,[2 5],118,325,346,207,317
1,<environment.Job instance at 0x7f7c20b5a820>,118,19,[7 2],119,331,350,212,321
1,<environment.Job instance at 0x7f7c20b5a8c0>,119,20,[3 9],120,346,366,226,337
1,<environment.Job instance at 0x7f7c20b5a960>,120,14,[2 7],121,366,380,245,351
1,<environment.Job instance at 0x7f7c20b5aaa0>,122,14,[5 5],123,351,365,228,351
1,<environment.Job instance at 0x7f7c20b5ac80>,125,16,[6 1],126,351,367,225,351
1,<environment.Job instance at 0x7f7c20b5ae60>,128,18,[1 5],129,365,383,236,354
1,<environment.Job instance at 0x7f7c20b5a0a0>,130,12,[6 3],131,367,379,236,354
1,<environment.Job instance at 0x7f7c20b5a2d0>,131,16,[10  2],132,379,395,247,366
1,<environment.Job instance at 0x7f7c1fcfa050>,135,13,[9 5],136,395,408,259,379
1,<environment.Job instance at 0x7f7c1fcfa460>,136,18,[6 2],137,395,413,258,384
1,<environment.Job instance at 0x7f7c1fcfa5a0>,138,13,[7 5],139,408,421,269,392
1,<environment.Job instance at 0x7f7c2073abe0>,1,24,[14  3],2,426,450,424,426
1,<environment.Job instance at 0x7f7c1fae8e10>,0,14,[11  5],1,1,15,0,1
1,<environment.Job instance at 0x7f7c1fae8050>,1,15,[7 3],2,15,30,13,2
1,<environment.Job instance at 0x7f7c20306410>,5,14,[4 7],6,6,20,0,6
1,<environment.Job instance at 0x7f7c20306640>,6,21,[2 8],7,20,41,13,12
1,<environment.Job instance at 0x7f7c20306690>,12,18,[5 4],13,20,38,7,13
1,<environment.Job instance at 0x7f7c20306a00>,13,18,[11  5],14,38,56,24,27
1,<environment.Job instance at 0x7f7c20306f00>,14,13,[1 6],15,41,54,26,27
1,<environment.Job instance at 0x7f7c20306b90>,7,13,[ 3 13],8,56,69,48,41
1,<environment.Job instance at 0x7f7c20306c80>,15,21,[ 3 10],16,69,90,53,61
1,<environment.Job instance at 0x7f7c1f810190>,18,17,[7 4],19,69,86,50,61
1,<environment.Job instance at 0x7f7c1f810c80>,19,23,[5 5],20,86,109,66,80
1,<environment.Job instance at 0x7f7c1f810230>,20,19,[6 2],21,90,109,69,80
1,<environment.Job instance at 0x7f7c1f810960>,24,21,[9 1],25,109,130,84,101
1,<environment.Job instance at 0x7f7c1f810b90>,25,16,[4 9],26,109,125,83,101
1,<environment.Job instance at 0x7f7c1f810fa0>,27,12,[4 5],28,125,137,97,108
1,<environment.Job instance at 0x7f7c1f810e10>,28,21,[10  3],29,130,151,101,122
1,<environment.Job instance at 0x7f7c1f810d20>,30,16,[11  5],31,151,167,120,138
1,<environment.Job instance at 0x7f7c1f8104b0>,31,22,[1 8],32,140,162,108,140
1,<environment.Job instance at 0x7f7c1f8109b0>,34,12,[ 5 10],35,167,179,132,150
1,<environment.Job instance at 0x7f7c1f8101e0>,35,19,[7 5],36,167,186,131,157
1,<environment.Job instance at 0x7f7c1f810820>,36,16,[8 4],37,179,195,142,166
1,<environment.Job instance at 0x7f7c1f8105a0>,38,22,[5 7],39,186,208,147,179
1,<environment.Job instance at 0x7f7c1f81e0a0>,42,20,[5 8],43,195,215,152,186
1,<environment.Job instance at 0x7f7c1f81e460>,47,14,[9 5],48,208,222,160,193
1,<environment.Job instance at 0x7f7c1f81efa0>,52,17,[6 4],53,215,232,162,203
1,<environment.Job instance at 0x7f7c1f81ee10>,54,21,[ 3 10],55,222,243,167,214
1,<environment.Job instance at 0x7f7c1f81ef50>,57,12,[5 1],58,222,234,164,214
1,<environment.Job instance at 0x7f7c1f81e0f0>,58,21,[7 1],59,232,253,173,224
1,<environment.Job instance at 0x7f7c1fe6f870>,62,21,[1 6],63,243,264,180,235
1,<environment.Job instance at 0x7f7c1fe6f370>,63,15,[8 1],64,253,268,189,239
1,<environment.Job instance at 0x7f7c1fe6fcd0>,64,14,[5 7],65,243,257,178,239
1,<environment.Job instance at 0x7f7c1fe6f2d0>,73,19,[10  1],74,268,287,194,258
1,<environment.Job instance at 0x7f7c1fe6ff50>,75,20,[1 8],76,258,278,182,258
1,<environment.Job instance at 0x7f7c1fe6f780>,76,18,[5 4],77,278,296,201,267
1,<environment.Job instance at 0x7f7c1fe6fd20>,77,17,[7 2],78,287,304,209,275
1,<environment.Job instance at 0x7f7c20306370>,16,22,[2 6],17,287,309,270,280
1,<environment.Job instance at 0x7f7c1fe6f0f0>,79,13,[7 2],80,304,317,224,288
1,<environment.Job instance at 0x7f7c1fe6fb40>,80,14,[ 2 12],81,309,323,228,295
1,<environment.Job instance at 0x7f7c1fe6f280>,78,18,[ 4 10],79,323,341,244,313
1,<environment.Job instance at 0x7f7c200271e0>,83,15,[10  5],84,323,338,239,313
1,<environment.Job instance at 0x7f7c20027190>,85,22,[3 8],86,341,363,255,334
1,<environment.Job instance at 0x7f7c20027370>,86,16,[4 7],87,341,357,254,334
1,<environment.Job instance at 0x7f7c20027f00>,91,14,[2 9],92,363,377,271,348
1,<environment.Job instance at 0x7f7c20027460>,94,15,[3 5],95,357,372,262,348
1,<environment.Job instance at 0x7f7c20027960>,101,14,[5 7],102,377,391,275,362
1,<environment.Job instance at 0x7f7c20027410>,102,16,[4 6],103,372,388,269,362
1,<environment.Job instance at 0x7f7c29871fa0>,105,16,[ 3 10],106,391,407,285,379
1,<environment.Job instance at 0x7f7c29871c80>,107,18,[8 3],108,388,406,280,379
1,<environment.Job instance at 0x7f7c20c22aa0>,111,19,[6 1],112,406,425,294,396
1,<environment.Job instance at 0x7f7c20c22b40>,112,12,[2 5],113,407,419,294,396
1,<environment.Job instance at 0x7f7c20c22690>,113,20,[9 2],114,419,439,305,410
1,<environment.Job instance at 0x7f7c20c22dc0>,117,22,[2 8],118,425,447,307,418
1,<environment.Job instance at 0x7f7c20c225f0>,119,20,[4 6],120,439,459,319,430
1,<environment.Job instance at 0x7f7c20c22f00>,123,14,[10  4],124,447,461,323,432
1,<environment.Job instance at 0x7f7c20c22960>,124,19,[4 7],125,459,478,334,449
1,<environment.Job instance at 0x7f7c20c225a0>,127,18,[1 9],128,478,496,350,467
1,<environment.Job instance at 0x7f7c2043d0f0>,128,19,[3 6],129,467,486,338,467
1,<environment.Job instance at 0x7f7c201dbd20>,129,19,[9 1],130,486,505,356,476
1,<environment.Job instance at 0x7f7c20306550>,8,15,[14  4],9,505,520,496,492
1,<environment.Job instance at 0x7f7c20128370>,133,16,[7 5],134,520,536,386,507
1,<environment.Job instance at 0x7f7c2074a370>,2,23,[ 4 13],3,1790,1813,1787,1790
1,<environment.Job instance at 0x7f7c1fe6f0a0>,81,28,[11  4],82,2292,2320,2210,2292
1,<environment.Job instance at 0x7f7c2073abe0>,3,19,[11  1],4,2352,2371,2348,2352
1,<environment.Job instance at 0x7f7c1f3f4d70>,0,13,[9 1],1,1,14,0,1
1,<environment.Job instance at 0x7f7c1f3f4e10>,1,27,[ 5 14],2,2,29,0,2
1,<environment.Job instance at 0x7f7c1f45d550>,9,22,[3 9],10,29,51,19,22
1,<environment.Job instance at 0x7f7c1f45d460>,5,12,[3 5],6,29,41,23,22
1,<environment.Job instance at 0x7f7c1f45db90>,16,12,[3 6],17,41,53,24,24
1,<environment.Job instance at 0x7f7c1f3635a0>,26,17,[5 5],27,51,68,24,39
1,<environment.Job instance at 0x7f7c1f45df00>,27,14,[9 5],28,53,67,25,39
1,<environment.Job instance at 0x7f7c1f3630a0>,28,14,[8 5],29,67,81,38,52
1,<environment.Job instance at 0x7f7c1f363f00>,32,14,[6 3],33,68,82,35,54
1,<environment.Job instance at 0x7f7c1f363960>,36,16,[2 9],37,81,97,44,77
1,<environment.Job instance at 0x7f7c1f45dcd0>,17,14,[12  5],18,82,96,64,77
1,<environment.Job instance at 0x7f7c1f3639b0>,42,18,[1 6],43,96,114,53,86
1,<environment.Job instance at 0x7f7c1f363c80>,44,18,[9 3],45,97,115,52,87
1,<environment.Job instance at 0x7f7c204ac0a0>,50,15,[5 6],51,97,112,46,87
1,<environment.Job instance at 0x7f7c1f45d0a0>,8,27,[7 3],9,115,142,106,113
1,<environment.Job instance at 0x7f7c2027e190>,87,17,[4 7],88,114,131,26,114
1,<environment.Job instance at 0x7f7c1ff54230>,88,12,[ 1 12],89,131,143,42,126
1,<environment.Job instance at 0x7f7c204778c0>,89,19,[5 8],90,143,162,53,133
1,<environment.Job instance at 0x7f7c1f33d7d0>,93,13,[9 2],94,142,155,48,133
1,<environment.Job instance at 0x7f7c1fbfea00>,94,21,[5 8],95,162,183,67,154
1,<environment.Job instance at 0x7f7c1fc91780>,98,16,[7 4],99,155,171,56,154
1,<environment.Job instance at 0x7f7c20526fa0>,102,15,[1 7],103,171,186,68,157
1,<environment.Job instance at 0x7f7c1fdcb8c0>,112,18,[7 1],113,183,201,70,172
1,<environment.Job instance at 0x7f7c20678820>,118,16,[4 5],119,183,199,64,172
1,<environment.Job instance at 0x7f7c1f791460>,120,17,[6 3],121,199,216,78,187
1,<environment.Job instance at 0x7f7c29451cd0>,121,20,[1 9],122,187,207,65,187
1,<environment.Job instance at 0x7f7c1f791280>,122,16,[9 3],123,207,223,84,194
1,<environment.Job instance at 0x7f7c1f7b2c30>,124,22,[6 3],125,216,238,91,209
1,<environment.Job instance at 0x7f7c1feb58c0>,126,17,[4 7],127,223,240,96,211
1,<environment.Job instance at 0x7f7c1feb57d0>,131,16,[2 7],132,238,254,106,225
1,<environment.Job instance at 0x7f7c1fcbc3c0>,133,21,[2 6],134,240,261,106,232
1,<environment.Job instance at 0x7f7c202f7d70>,136,20,[2 9],137,254,274,117,245
1,<environment.Job instance at 0x7f7c1f363b90>,43,16,[13  4],44,316,332,272,316
1,<environment.Job instance at 0x7f7c1f66d730>,90,16,[ 1 10],91,348,364,257,348
1,<environment.Job instance at 0x7f7c1f3f4050>,2,17,[14  2],3,348,365,345,348
1,<environment.Job instance at 0x7f7c1f9bdeb0>,0,18,[3 9],1,1,19,0,1
1,<environment.Job instance at 0x7f7c1f9bd0f0>,1,14,[ 3 13],2,19,33,17,4
1,<environment.Job instance at 0x7f7c2945f910>,2,23,[6 1],3,4,27,1,4
1,<environment.Job instance at 0x7f7c1fe11c80>,4,12,[5 1],5,5,17,0,5
1,<environment.Job instance at 0x7f7c1fe110f0>,9,12,[ 1 13],10,33,45,23,16
1,<environment.Job instance at 0x7f7c1fe11f50>,7,14,[1 9],8,45,59,37,30
1,<environment.Job instance at 0x7f7c1fe11500>,11,18,[10  5],12,53,71,41,53
1,<environment.Job instance at 0x7f7c1fe11550>,12,12,[1 6],13,59,71,46,53
1,<environment.Job instance at 0x7f7c1fe11910>,13,17,[5 5],14,71,88,57,59
1,<environment.Job instance at 0x7f7c1fe11e10>,16,19,[6 2],17,71,90,54,61
1,<environment.Job instance at 0x7f7c1fe11c30>,19,14,[9 3],20,88,102,68,73
1,<environment.Job instance at 0x7f7c1fe119b0>,21,13,[7 2],22,102,115,80,86
1,<environment.Job instance at 0x7f7c1fe116e0>,22,12,[5 2],23,90,102,67,86
1,<environment.Job instance at 0x7f7c1fbde050>,23,15,[3 9],24,102,117,78,88
1,<environment.Job instance at 0x7f7c1fbde780>,26,15,[6 2],27,115,130,88,101
1,<environment.Job instance at 0x7f7c1fe11690>,6,12,[4 8],7,117,129,110,110
1,<environment.Job instance at 0x7f7c1fbde9b0>,35,13,[8 4],36,129,142,93,116
1,<environment.Job instance at 0x7f7c1fe110a0>,10,26,[ 2 10],11,130,156,119,127
1,<environment.Job instance at 0x7f7c202ee280>,39,14,[ 1 12],40,156,170,116,141
1,<environment.Job instance at 0x7f7c202ee0a0>,40,16,[13  3],41,142,158,101,141
1,<environment.Job instance at 0x7f7c202ee9b0>,41,22,[5 2],42,158,180,116,151
1,<environment.Job instance at 0x7f7c1fbde140>,38,19,[9 2],39,170,189,131,169
1,<environment.Job instance at 0x7f7c202ee2d0>,43,20,[6 2],44,180,200,136,171
1,<environment.Job instance at 0x7f7c202ee230>,45,15,[3 6],46,189,204,143,175
1,<environment.Job instance at 0x7f7c202ee640>,48,14,[6 1],49,189,203,140,175
1,<environment.Job instance at 0x7f7c202eefa0>,51,18,[10  4],52,203,221,151,192
1,<environment.Job instance at 0x7f7c202ee1e0>,53,15,[7 2],54,221,236,167,207
1,<environment.Job instance at 0x7f7c1fe11960>,8,26,[1 8],9,207,233,198,207
1,<environment.Job instance at 0x7f7c1fcc2410>,65,15,[6 5],66,221,236,155,211
1,<environment.Job instance at 0x7f7c202eea50>,59,21,[6 1],60,236,257,176,228
1,<environment.Job instance at 0x7f7c1fcc20f0>,68,15,[ 2 10],69,236,251,167,230
1,<environment.Job instance at 0x7f7c202ee690>,42,23,[11  1],43,257,280,214,251
1,<environment.Job instance at 0x7f7c1fcc2690>,71,18,[ 2 11],72,251,269,179,251
1,<environment.Job instance at 0x7f7c1fcc2960>,72,13,[11  3],73,280,293,207,264
1,<environment.Job instance at 0x7f7c1fcc2a00>,73,18,[13  2],74,293,311,219,282
1,<environment.Job instance at 0x7f7c1fcc29b0>,74,28,[7 1],75,311,339,236,310
1,<environment.Job instance at 0x7f7c1fcc2fa0>,75,23,[ 5 13],76,311,334,235,310
1,<environment.Job instance at 0x7f7c1fcc2c80>,76,23,[2 7],77,334,357,257,328
1,<environment.Job instance at 0x7f7c1fcc2370>,70,17,[10  3],71,347,364,276,347
1,<environment.Job instance at 0x7f7c1fcc2a50>,82,15,[4 7],83,357,372,274,347
1,<environment.Job instance at 0x7f7c208fa280>,100,12,[9 5],101,364,376,263,347
1,<environment.Job instance at 0x7f7c1fcc2320>,69,18,[12  3],70,376,394,306,365
1,<environment.Job instance at 0x7f7c1fcc24b0>,77,28,[ 1 10],78,372,400,294,371
1,<environment.Job instance at 0x7f7c2001e5f0>,105,15,[ 2 14],106,400,415,294,387
1,<environment.Job instance at 0x7f7c1fbdee10>,30,16,[8 5],31,415,431,384,404
1,<environment.Job instance at 0x7f7c2001e960>,107,13,[3 7],108,415,428,307,404
1,<environment.Job instance at 0x7f7c2001e820>,103,21,[1 8],104,428,449,324,420
1,<environment.Job instance at 0x7f7c2001e230>,116,12,[2 6],117,431,443,314,420
1,<environment.Job instance at 0x7f7c2001e460>,108,20,[6 2],109,443,463,334,436
1,<environment.Job instance at 0x7f7c204ffc80>,123,20,[7 1],124,436,456,312,436
1,<environment.Job instance at 0x7f7c204ff640>,125,13,[5 7],126,456,469,330,440
1,<environment.Job instance at 0x7f7c204ff550>,131,14,[7 4],132,463,477,331,448
1,<environment.Job instance at 0x7f7c204ff960>,132,14,[ 5 11],133,469,483,336,454
1,<environment.Job instance at 0x7f7c204ff050>,130,12,[1 8],131,483,495,352,467
1,<environment.Job instance at 0x7f7c204ff780>,134,16,[3 5],135,483,499,348,470
1,<environment.Job instance at 0x7f7c204ffa00>,133,15,[2 7],134,495,510,361,483
1,<environment.Job instance at 0x7f7c1fe11140>,5,16,[13  3],6,1986,2002,1980,1986
1,<environment.Job instance at 0x7f7c2001e0a0>,104,17,[ 4 14],105,2002,2019,1897,1995
1,<environment.Job instance at 0x7f7c1fecd640>,1,16,[11  2],2,2,18,0,2
1,<environment.Job instance at 0x7f7c2001e140>,2,17,[3 9],3,3,20,0,3
1,<environment.Job instance at 0x7f7c1fe3cdc0>,8,17,[8 5],9,18,35,9,9
1,<environment.Job instance at 0x7f7c1fe3c870>,14,19,[5 2],15,20,39,5,15
1,<environment.Job instance at 0x7f7c2001e0a0>,16,13,[4 5],17,35,48,18,28
1,<environment.Job instance at 0x7f7c1fe3c460>,15,12,[3 7],16,35,47,19,29
1,<environment.Job instance at 0x7f7c1fe3cfa0>,18,19,[5 5],19,47,66,28,37
1,<environment.Job instance at 0x7f7c1fe3c9b0>,20,14,[9 2],21,56,70,35,56
1,<environment.Job instance at 0x7f7c20528d70>,24,18,[3 6],25,66,84,41,66
1,<environment.Job instance at 0x7f7c1fe3caa0>,17,26,[13  1],18,84,110,66,81
1,<environment.Job instance at 0x7f7c20528a00>,25,20,[2 9],26,91,111,65,91
1,<environment.Job instance at 0x7f7c205288c0>,27,15,[1 6],28,110,125,82,96
1,<environment.Job instance at 0x7f7c20528dc0>,26,15,[4 9],27,111,126,84,97
1,<environment.Job instance at 0x7f7c1fe3c640>,21,15,[3 7],22,126,141,104,112
1,<environment.Job instance at 0x7f7c20528870>,30,24,[9 1],31,125,149,94,120
1,<environment.Job instance at 0x7f7c20528b90>,31,16,[5 1],32,141,157,109,128
1,<environment.Job instance at 0x7f7c20528b40>,32,15,[9 3],33,149,164,116,138
1,<environment.Job instance at 0x7f7c205283c0>,29,23,[ 5 11],30,157,180,127,151
1,<environment.Job instance at 0x7f7c20456aa0>,0,16,[10  4],1,164,180,163,151
1,<environment.Job instance at 0x7f7c205289b0>,34,21,[2 7],35,180,201,145,172
1,<environment.Job instance at 0x7f7c20528190>,36,25,[5 3],37,180,205,143,176
1,<environment.Job instance at 0x7f7c205284b0>,37,17,[7 1],38,180,197,142,176
1,<environment.Job instance at 0x7f7c20528af0>,38,21,[ 3 11],39,201,222,162,193
1,<environment.Job instance at 0x7f7c20528960>,39,19,[ 3 10],40,222,241,182,212
1,<environment.Job instance at 0x7f7c20528c30>,40,12,[5 8],41,241,253,200,224
1,<environment.Job instance at 0x7f7c20528f00>,41,20,[10  3],42,224,244,182,224
1,<environment.Job instance at 0x7f7c20528550>,33,13,[11  2],34,253,266,219,237
1,<environment.Job instance at 0x7f7c1f9f4690>,45,12,[ 2 14],46,266,278,220,249
1,<environment.Job instance at 0x7f7c1f9f4af0>,46,17,[ 1 12],47,278,295,231,266
1,<environment.Job instance at 0x7f7c20673820>,65,13,[12  1],66,269,282,203,269
1,<environment.Job instance at 0x7f7c20673050>,66,12,[12  5],67,295,307,228,278
1,<environment.Job instance at 0x7f7c20673cd0>,67,12,[ 3 12],68,307,319,239,290
1,<environment.Job instance at 0x7f7c206735f0>,64,13,[7 5],65,319,332,254,304
1,<environment.Job instance at 0x7f7c20528230>,42,27,[7 2],43,307,334,264,305
1,<environment.Job instance at 0x7f7c2028f190>,70,14,[4 6],71,332,346,261,317
1,<environment.Job instance at 0x7f7c2028f230>,71,27,[2 7],72,332,359,260,330
1,<environment.Job instance at 0x7f7c2028fb90>,72,15,[9 2],73,334,349,261,330
1,<environment.Job instance at 0x7f7c2028f870>,73,16,[8 4],74,349,365,275,336
1,<environment.Job instance at 0x7f7c2028ff50>,74,14,[ 2 11],75,359,373,284,344
1,<environment.Job instance at 0x7f7c2028fd70>,68,19,[3 5],69,373,392,304,364
1,<environment.Job instance at 0x7f7c2028f460>,81,17,[4 9],82,373,390,291,366
1,<environment.Job instance at 0x7f7c2028f7d0>,83,13,[7 4],84,390,403,306,374
1,<environment.Job instance at 0x7f7c201c9a50>,88,14,[4 9],89,392,406,303,377
1,<environment.Job instance at 0x7f7c201c9140>,92,19,[9 4],93,403,422,310,393
1,<environment.Job instance at 0x7f7c201c9c30>,93,18,[4 7],94,406,424,312,406
1,<environment.Job instance at 0x7f7c201c96e0>,99,18,[10  5],100,422,440,322,411
1,<environment.Job instance at 0x7f7c201c99b0>,102,19,[5 7],103,424,443,321,421
1,<environment.Job instance at 0x7f7c201ba500>,105,14,[3 5],106,440,454,334,425
1,<environment.Job instance at 0x7f7c201ba6e0>,110,12,[3 5],111,443,455,332,439
1,<environment.Job instance at 0x7f7c201ba230>,115,15,[7 1],116,440,455,324,439
1,<environment.Job instance at 0x7f7c201ba190>,116,16,[8 4],117,455,471,338,442
1,<environment.Job instance at 0x7f7c201ba0f0>,117,17,[5 5],118,454,471,336,442
1,<environment.Job instance at 0x7f7c1fb2df00>,122,18,[2 5],123,455,473,332,444
1,<environment.Job instance at 0x7f7c1fb2d370>,124,15,[2 5],125,471,486,346,457
1,<environment.Job instance at 0x7f7c1fb2d8c0>,125,15,[7 2],126,471,486,345,457
1,<environment.Job instance at 0x7f7c1fb2da50>,126,19,[10  4],127,486,505,359,476
1,<environment.Job instance at 0x7f7c20c1d6e0>,130,14,[2 9],131,489,503,358,489
1,<environment.Job instance at 0x7f7c20720d70>,138,19,[2 6],139,503,522,364,493
1,<environment.Job instance at 0x7f7c20528320>,35,26,[11  3],36,505,531,469,502
1,<environment.Job instance at 0x7f7c292dfc80>,1,19,[4 6],2,2,21,0,2
1,<environment.Job instance at 0x7f7c297327d0>,3,17,[2 8],4,4,21,0,4
1,<environment.Job instance at 0x7f7c1fb027d0>,5,13,[11  2],6,21,34,15,6
1,<environment.Job instance at 0x7f7c20528320>,8,14,[1 7],9,21,35,12,11
1,<environment.Job instance at 0x7f7c1fb02b90>,9,19,[4 5],10,34,53,24,25
1,<environment.Job instance at 0x7f7c1fb02cd0>,13,13,[9 1],14,34,47,20,25
1,<environment.Job instance at 0x7f7c1fb02f00>,12,21,[2 8],13,35,56,22,27
1,<environment.Job instance at 0x7f7c29732d70>,0,18,[1 7],1,53,71,52,42
1,<environment.Job instance at 0x7f7c20a12e10>,19,15,[14  1],20,56,71,36,49
1,<environment.Job instance at 0x7f7c1fb02f50>,10,25,[1 6],11,71,96,60,67
1,<environment.Job instance at 0x7f7c20a12320>,21,15,[14  4],22,71,86,49,67
1,<environment.Job instance at 0x7f7c209f5b40>,14,18,[3 9],15,86,104,71,77
1,<environment.Job instance at 0x7f7c20a12f50>,23,20,[12  3],24,96,116,72,87
1,<environment.Job instance at 0x7f7c20a12230>,22,25,[ 5 10],23,116,141,93,112
1,<environment.Job instance at 0x7f7c20a127d0>,25,19,[ 2 13],26,141,160,115,131
1,<environment.Job instance at 0x7f7c20a12550>,26,15,[14  2],27,160,175,133,146
1,<environment.Job instance at 0x7f7c20a12140>,27,12,[13  3],28,175,187,147,158
1,<environment.Job instance at 0x7f7c20a12280>,28,17,[6 1],29,187,204,158,175
1,<environment.Job instance at 0x7f7c20a125a0>,29,21,[11  1],30,204,225,174,196
1,<environment.Job instance at 0x7f7c20a12500>,30,15,[8 2],31,225,240,194,211
1,<environment.Job instance at 0x7f7c20a120f0>,24,20,[ 4 11],25,211,231,186,211
1,<environment.Job instance at 0x7f7c1fb02fa0>,7,15,[9 5],8,240,255,232,227
1,<environment.Job instance at 0x7f7c20a128c0>,33,18,[6 1],34,231,249,197,228
1,<environment.Job instance at 0x7f7c20a12410>,32,23,[8 3],33,255,278,222,249
1,<environment.Job instance at 0x7f7c2971d370>,35,13,[11  5],36,278,291,242,262
1,<environment.Job instance at 0x7f7c1fe63960>,36,12,[3 5],37,263,275,226,263
1,<environment.Job instance at 0x7f7c1fe63640>,38,14,[6 1],39,291,305,252,276
1,<environment.Job instance at 0x7f7c1fe63690>,41,14,[6 5],42,291,305,249,276
1,<environment.Job instance at 0x7f7c1fe63870>,43,21,[3 7],44,293,314,249,293
1,<environment.Job instance at 0x7f7c1fe63780>,47,16,[8 2],48,305,321,257,293
1,<environment.Job instance at 0x7f7c1fe635a0>,49,12,[7 5],50,314,326,264,297
1,<environment.Job instance at 0x7f7c1fe63a00>,50,16,[6 3],51,321,337,270,308
1,<environment.Job instance at 0x7f7c1fe63dc0>,53,19,[8 1],54,326,345,272,316
1,<environment.Job instance at 0x7f7c1fe63730>,56,15,[8 2],57,345,360,288,331
1,<environment.Job instance at 0x7f7c1fe63820>,37,20,[12  2],38,360,380,322,351
1,<environment.Job instance at 0x7f7c1fe63140>,57,20,[10  5],58,380,400,322,371
1,<environment.Job instance at 0x7f7c20026640>,61,22,[5 4],62,380,402,318,373
1,<environment.Job instance at 0x7f7c20026c80>,62,19,[7 5],63,400,419,337,390
1,<environment.Job instance at 0x7f7c20026c30>,63,17,[ 4 10],64,402,419,338,390
1,<environment.Job instance at 0x7f7c20026320>,68,15,[4 5],69,419,434,350,405
1,<environment.Job instance at 0x7f7c20c1c5a0>,70,20,[9 5],71,419,439,348,410
1,<environment.Job instance at 0x7f7c20c1cf00>,71,21,[9 3],72,439,460,367,431
1,<environment.Job instance at 0x7f7c20c1ca50>,74,16,[3 6],75,434,450,359,431
1,<environment.Job instance at 0x7f7c20c1c320>,78,13,[2 8],79,450,463,371,434
1,<environment.Job instance at 0x7f7c20c1c7d0>,80,15,[5 8],81,463,478,382,449
1,<environment.Job instance at 0x7f7c20c1cb90>,81,17,[9 2],82,460,477,378,449
1,<environment.Job instance at 0x7f7c200267d0>,58,24,[4 6],59,477,501,418,472
1,<environment.Job instance at 0x7f7c203fe500>,85,22,[4 9],86,478,500,392,473
1,<environment.Job instance at 0x7f7c201c1460>,87,15,[6 1],88,500,515,412,486
1,<environment.Job instance at 0x7f7c2080e730>,88,14,[5 7],89,500,514,411,486
1,<environment.Job instance at 0x7f7c207f44b0>,92,12,[10  5],93,515,527,422,498
1,<environment.Job instance at 0x7f7c207f4c80>,93,17,[10  4],94,527,544,433,515
1,<environment.Job instance at 0x7f7c20890eb0>,94,21,[5 6],95,515,536,420,515
1,<environment.Job instance at 0x7f7c297ff730>,100,16,[8 1],101,544,560,443,531
1,<environment.Job instance at 0x7f7c20014820>,86,25,[5 8],87,536,561,449,532
1,<environment.Job instance at 0x7f7c204b85f0>,109,17,[2 8],110,561,578,451,549
1,<environment.Job instance at 0x7f7c1f822a00>,111,12,[10  3],112,560,572,448,549
1,<environment.Job instance at 0x7f7c20710910>,112,13,[5 1],113,572,585,459,556
1,<environment.Job instance at 0x7f7c29471460>,114,13,[9 5],115,578,591,463,562
1,<environment.Job instance at 0x7f7c1f84ba00>,117,18,[5 3],118,585,603,467,574
1,<environment.Job instance at 0x7f7c207d4230>,118,15,[9 3],119,591,606,472,577
1,<environment.Job instance at 0x7f7c207d43c0>,119,20,[3 9],120,603,623,483,594
1,<environment.Job instance at 0x7f7c1fc74190>,127,14,[1 8],128,623,637,495,608
1,<environment.Job instance at 0x7f7c1feb6370>,134,21,[1 9],135,637,658,502,629
1,<environment.Job instance at 0x7f7c204a2cd0>,137,22,[9 3],138,629,651,491,629
1,<environment.Job instance at 0x7f7c1fe33690>,106,19,[4 7],107,2027,2046,1920,2027
1,<environment.Job instance at 0x7f7c20a126e0>,20,18,[8 2],21,6920,6938,6899,6920
1,<environment.Job instance at 0x7f7c1fb905a0>,3,14,[1 7],4,4,18,0,4
1,<environment.Job instance at 0x7f7c1fb901e0>,4,18,[5 9],5,18,36,13,7
1,<environment.Job instance at 0x7f7c1fb90870>,7,15,[1 7],8,36,51,28,22
1,<environment.Job instance at 0x7f7c1fb902d0>,11,15,[11  4],12,36,51,24,22
1,<environment.Job instance at 0x7f7c1fb90370>,12,17,[14  1],13,51,68,38,39
1,<environment.Job instance at 0x7f7c1fb90d70>,13,12,[5 9],14,68,80,54,51
1,<environment.Job instance at 0x7f7c1fb90190>,15,15,[13  2],16,80,95,64,66
1,<environment.Job instance at 0x7f7c1fb90050>,16,16,[14  2],17,95,111,78,82
1,<environment.Job instance at 0x7f7c1fb90640>,17,20,[5 6],18,111,131,93,102
1,<environment.Job instance at 0x7f7c1fb90eb0>,18,12,[4 7],19,111,123,92,102
1,<environment.Job instance at 0x7f7c1fb90c30>,19,23,[11  2],20,131,154,111,125
1,<environment.Job instance at 0x7f7c1f759320>,20,12,[ 5 10],21,154,166,133,137
1,<environment.Job instance at 0x7f7c1fb900a0>,10,19,[13  4],11,166,185,155,157
1,<environment.Job instance at 0x7f7c1f759190>,22,21,[2 8],23,166,187,143,158
1,<environment.Job instance at 0x7f7c1f759a50>,23,22,[ 2 12],24,187,209,163,180
1,<environment.Job instance at 0x7f7c1f759a00>,24,28,[ 3 11],25,209,237,184,208
1,<environment.Job instance at 0x7f7c1f7596e0>,25,22,[ 3 13],26,237,259,211,230
1,<environment.Job instance at 0x7f7c1f759910>,26,19,[2 8],27,259,278,232,249
1,<environment.Job instance at 0x7f7c1f759aa0>,27,21,[3 8],28,278,299,250,270
1,<environment.Job instance at 0x7f7c1fb90d20>,9,27,[ 5 14],10,299,326,289,297
1,<environment.Job instance at 0x7f7c1f759af0>,29,13,[13  1],30,326,339,296,310
1,<environment.Job instance at 0x7f7c1f759d20>,30,12,[2 5],31,326,338,295,310
1,<environment.Job instance at 0x7f7c1f759500>,31,13,[9 3],32,339,352,307,323
1,<environment.Job instance at 0x7f7c1f759be0>,32,23,[5 2],33,339,362,306,333
1,<environment.Job instance at 0x7f7c1fb90be0>,8,18,[5 6],9,352,370,343,349
1,<environment.Job instance at 0x7f7c1f759640>,34,14,[8 5],35,362,376,327,352
1,<environment.Job instance at 0x7f7c1f7590f0>,33,22,[12  2],34,376,398,342,369
1,<environment.Job instance at 0x7f7c20aabb40>,46,25,[ 4 13],47,398,423,351,394
1,<environment.Job instance at 0x7f7c20aabf00>,47,20,[13  1],48,423,443,375,414
1,<environment.Job instance at 0x7f7c1fbd3050>,62,17,[5 1],63,443,460,380,431
1,<environment.Job instance at 0x7f7c1f9284b0>,0,26,[5 7],1,443,469,442,440
1,<environment.Job instance at 0x7f7c1fbd30f0>,61,18,[9 5],62,460,478,398,449
1,<environment.Job instance at 0x7f7c1fbd3820>,65,20,[4 6],66,469,489,403,466
1,<environment.Job instance at 0x7f7c1fbd3230>,67,14,[3 8],68,478,492,410,469
1,<environment.Job instance at 0x7f7c1fbd3be0>,64,15,[9 5],65,489,504,424,475
1,<environment.Job instance at 0x7f7c1fbd39b0>,73,17,[5 7],74,492,509,418,480
1,<environment.Job instance at 0x7f7c1f98ceb0>,88,14,[8 5],89,504,518,415,489
1,<environment.Job instance at 0x7f7c1f752aa0>,116,17,[7 5],117,509,526,392,497
1,<environment.Job instance at 0x7f7c1f757780>,129,13,[6 2],130,518,531,388,502
1,<environment.Job instance at 0x7f7c1f757cd0>,135,15,[7 3],136,526,541,390,512
1,<environment.Job instance at 0x7f7c1f757a00>,137,16,[2 7],138,520,536,382,520
1,<environment.Job instance at 0x7f7c1fbd3a00>,63,27,[5 6],64,536,563,472,534
1,<environment.Job instance at 0x7f7c1f759690>,21,20,[5 8],22,548,568,526,548
1,<environment.Job instance at 0x7f7c1f757960>,138,18,[3 9],139,571,589,432,571
1,<environment.Job instance at 0x7f7c1fbd37d0>,69,28,[6 5],70,571,599,501,571
1,<environment.Job instance at 0x7f7c20775dc0>,1,15,[11  1],2,2,17,0,2
1,<environment.Job instance at 0x7f7c20775eb0>,7,27,[ 1 11],8,8,35,0,8
1,<environment.Job instance at 0x7f7c2050e690>,8,27,[ 1 10],9,35,62,26,33
1,<environment.Job instance at 0x7f7c20775190>,0,26,[10  2],1,33,59,32,33
1,<environment.Job instance at 0x7f7c2050eb90>,10,14,[ 4 11],11,62,76,51,47
1,<environment.Job instance at 0x7f7c20775410>,4,18,[5 3],5,59,77,54,54
1,<environment.Job instance at 0x7f7c2050e190>,11,13,[14  1],12,77,90,65,61
1,<environment.Job instance at 0x7f7c2050ec30>,13,16,[ 1 10],14,76,92,62,64
1,<environment.Job instance at 0x7f7c2050ecd0>,14,12,[ 2 10],15,92,104,77,75
1,<environment.Job instance at 0x7f7c2050eaa0>,15,12,[9 5],16,90,102,74,78
1,<environment.Job instance at 0x7f7c2050e460>,12,18,[5 2],13,102,120,89,92
1,<environment.Job instance at 0x7f7c2050e2d0>,23,15,[8 1],24,102,117,78,92
1,<environment.Job instance at 0x7f7c2050e280>,16,21,[3 7],17,117,138,100,109
1,<environment.Job instance at 0x7f7c207754b0>,6,15,[11  1],7,120,135,113,112
1,<environment.Job instance at 0x7f7c2085a460>,27,13,[12  3],28,135,148,107,121
1,<environment.Job instance at 0x7f7c2050e370>,26,26,[ 3 10],27,138,164,111,136
1,<environment.Job instance at 0x7f7c2050e0a0>,21,21,[9 1],22,148,169,126,140
1,<environment.Job instance at 0x7f7c2085afa0>,31,16,[4 7],32,164,180,132,151
1,<environment.Job instance at 0x7f7c2072c0a0>,36,15,[7 3],37,169,184,132,155
1,<environment.Job instance at 0x7f7c2072c730>,40,21,[7 3],41,180,201,139,172
1,<environment.Job instance at 0x7f7c2085a780>,28,19,[ 2 11],29,184,203,155,175
1,<environment.Job instance at 0x7f7c2072ca00>,44,19,[5 1],45,184,203,139,175
1,<environment.Job instance at 0x7f7c2050eb40>,25,19,[11  2],26,203,222,177,195
1,<environment.Job instance at 0x7f7c2072ccd0>,48,13,[8 2],49,222,235,173,207
1,<environment.Job instance at 0x7f7c2072c8c0>,47,16,[ 3 10],48,216,232,168,216
1,<environment.Job instance at 0x7f7c2072c780>,51,15,[3 5],52,232,247,180,218
1,<environment.Job instance at 0x7f7c2072ce10>,52,13,[6 5],53,235,248,182,219
1,<environment.Job instance at 0x7f7c20775870>,9,22,[3 5],10,232,254,222,225
1,<environment.Job instance at 0x7f7c2072caf0>,54,20,[10  4],55,248,268,193,239
1,<environment.Job instance at 0x7f7c2072c870>,57,20,[2 6],58,248,268,190,242
1,<environment.Job instance at 0x7f7c1fa3a410>,61,15,[4 7],62,268,283,206,254
1,<environment.Job instance at 0x7f7c1fa3ac80>,63,15,[ 5 10],64,283,298,219,270
1,<environment.Job instance at 0x7f7c1fa3a370>,65,17,[ 3 10],66,298,315,232,289
1,<environment.Job instance at 0x7f7c1fa3a690>,66,21,[9 1],67,303,324,236,303
1,<environment.Job instance at 0x7f7c1fa3ac30>,68,16,[7 5],69,324,340,255,311
1,<environment.Job instance at 0x7f7c1fa3a3c0>,71,12,[4 7],72,315,327,243,311
1,<environment.Job instance at 0x7f7c2072cf00>,55,26,[ 5 10],56,329,355,273,329
1,<environment.Job instance at 0x7f7c1fa3a230>,72,18,[10  4],73,340,358,267,336
1,<environment.Job instance at 0x7f7c1fa3a5f0>,75,12,[4 9],76,355,367,279,338
1,<environment.Job instance at 0x7f7c1f4f6460>,78,14,[1 9],79,367,381,288,352
1,<environment.Job instance at 0x7f7c1f4f66e0>,80,15,[9 4],81,358,373,277,352
1,<environment.Job instance at 0x7f7c1f4f6c30>,83,13,[1 6],84,373,386,289,357
1,<environment.Job instance at 0x7f7c1f4f6aa0>,85,17,[1 6],86,381,398,295,369
1,<environment.Job instance at 0x7f7c1f4f61e0>,87,21,[2 8],88,386,407,298,378
1,<environment.Job instance at 0x7f7c1f4f6410>,90,19,[10  1],91,381,400,290,381
1,<environment.Job instance at 0x7f7c1f6a0a50>,92,18,[1 5],93,398,416,305,387
1,<environment.Job instance at 0x7f7c1fa3ae10>,73,13,[ 4 14],74,416,429,342,400
1,<environment.Job instance at 0x7f7c1f6a0e10>,99,20,[7 3],100,429,449,329,421
1,<environment.Job instance at 0x7f7c1f6a0b40>,104,18,[3 8],105,429,447,324,425
1,<environment.Job instance at 0x7f7c2072c910>,42,23,[ 5 14],43,449,472,406,443
1,<environment.Job instance at 0x7f7c2085acd0>,29,17,[ 5 14],30,1243,1260,1213,1243
1,<environment.Job instance at 0x7f7c1f6a0500>,106,24,[8 1],107,1247,1271,1140,1247
1,<environment.Job instance at 0x7f7c2072c640>,49,20,[11  2],50,6482,6502,6432,6482
1,<environment.Job instance at 0x7f7c200e28c0>,1,16,[4 8],2,2,18,0,2
1,<environment.Job instance at 0x7f7c1fd06eb0>,2,22,[1 6],3,3,25,0,3
1,<environment.Job instance at 0x7f7c1fd06460>,6,15,[ 5 10],7,25,40,18,11
1,<environment.Job instance at 0x7f7c1fd062d0>,4,19,[5 3],5,18,37,13,16
1,<environment.Job instance at 0x7f7c1fd066e0>,11,12,[ 5 12],12,40,52,28,23
1,<environment.Job instance at 0x7f7c1fd065a0>,10,13,[4 8],11,52,65,41,36
1,<environment.Job instance at 0x7f7c1fd065f0>,13,13,[4 6],14,52,65,38,36
1,<environment.Job instance at 0x7f7c1fadc0f0>,16,13,[2 7],17,65,78,48,49
1,<environment.Job instance at 0x7f7c1fadcf00>,17,14,[9 3],18,65,79,47,50
1,<environment.Job instance at 0x7f7c1fadcb40>,19,19,[5 5],20,78,97,58,68
1,<environment.Job instance at 0x7f7c1fadc320>,20,12,[9 4],21,79,91,58,68
1,<environment.Job instance at 0x7f7c1f421140>,26,15,[5 7],27,91,106,64,77
1,<environment.Job instance at 0x7f7c1f4210f0>,30,14,[4 9],31,106,120,75,91
1,<environment.Job instance at 0x7f7c2027e640>,36,18,[8 2],37,97,115,60,91
1,<environment.Job instance at 0x7f7c1f4184b0>,38,17,[5 4],39,115,132,76,103
1,<environment.Job instance at 0x7f7c1f4180f0>,41,21,[3 7],42,120,141,78,114
1,<environment.Job instance at 0x7f7c1f418050>,43,18,[10  1],44,132,150,88,121
1,<environment.Job instance at 0x7f7c1f418500>,44,12,[3 7],45,141,153,96,124
1,<environment.Job instance at 0x7f7c206b1b90>,51,13,[7 1],52,150,163,98,135
1,<environment.Job instance at 0x7f7c1f3f55f0>,55,19,[10  3],56,163,182,107,153
1,<environment.Job instance at 0x7f7c1f3f5aa0>,57,16,[4 6],58,153,169,95,153
1,<environment.Job instance at 0x7f7c1f3f5780>,58,13,[ 3 10],59,169,182,110,153
1,<environment.Job instance at 0x7f7c1f3f5f50>,61,15,[6 3],62,182,197,120,168
1,<environment.Job instance at 0x7f7c1fd06140>,0,27,[ 1 12],1,182,209,181,180
1,<environment.Job instance at 0x7f7c1fd068c0>,8,18,[13  2],9,197,215,188,186
1,<environment.Job instance at 0x7f7c200cf4b0>,72,19,[6 2],73,215,234,142,206
1,<environment.Job instance at 0x7f7c200cabe0>,76,13,[3 8],77,215,228,138,206
1,<environment.Job instance at 0x7f7c200cafa0>,80,17,[6 4],81,215,232,134,210
1,<environment.Job instance at 0x7f7c2041f910>,86,20,[2 5],87,228,248,141,219
1,<environment.Job instance at 0x7f7c1ffc7550>,87,13,[1 5],88,232,245,144,219
1,<environment.Job instance at 0x7f7c1f499d20>,88,21,[7 5],89,234,255,145,226
1,<environment.Job instance at 0x7f7c1fe82640>,89,15,[3 8],90,248,263,158,236
1,<environment.Job instance at 0x7f7c1f7b1eb0>,91,16,[8 4],92,255,271,163,242
1,<environment.Job instance at 0x7f7c1f795140>,92,12,[6 4],93,263,275,170,246
1,<environment.Job instance at 0x7f7c20674730>,102,14,[6 5],103,271,285,168,256
1,<environment.Job instance at 0x7f7c2067ffa0>,106,17,[1 5],107,263,280,156,256
1,<environment.Job instance at 0x7f7c20558870>,111,16,[2 8],112,280,296,168,267
1,<environment.Job instance at 0x7f7c205581e0>,117,19,[3 6],118,285,304,167,275
1,<environment.Job instance at 0x7f7c20564640>,127,15,[10  2],128,296,311,168,282
1,<environment.Job instance at 0x7f7c20564fa0>,132,15,[3 8],133,304,319,171,290
1,<environment.Job instance at 0x7f7c20564820>,136,13,[2 8],137,319,332,182,303
1,<environment.Job instance at 0x7f7c1f3f5640>,65,21,[13  1],66,1048,1069,982,1048
1,<environment.Job instance at 0x7f7c1fd06370>,7,14,[5 6],8,1183,1197,1175,1183
1,<environment.Job instance at 0x7f7c1fee70f0>,0,19,[5 2],1,1,20,0,1
1,<environment.Job instance at 0x7f7c1fec3eb0>,6,20,[5 1],7,7,27,0,7
1,<environment.Job instance at 0x7f7c1fec3d70>,9,23,[2 8],10,10,33,0,10
1,<environment.Job instance at 0x7f7c1fec3820>,13,22,[5 5],14,20,42,6,14
1,<environment.Job instance at 0x7f7c1fec3550>,17,12,[2 6],18,33,45,15,18
1,<environment.Job instance at 0x7f7c20475a00>,23,16,[5 6],24,42,58,18,29
1,<environment.Job instance at 0x7f7c20475c80>,36,12,[8 2],37,38,50,1,38
1,<environment.Job instance at 0x7f7c1fec3140>,24,13,[11  2],25,58,71,33,42
1,<environment.Job instance at 0x7f7c20475d20>,37,21,[3 6],38,50,71,12,42
1,<environment.Job instance at 0x7f7c20475460>,40,12,[10  3],41,71,83,30,54
1,<environment.Job instance at 0x7f7c20475370>,41,16,[1 6],42,58,74,16,54
1,<environment.Job instance at 0x7f7c20475f00>,42,18,[9 1],43,83,101,40,72
1,<environment.Job instance at 0x7f7c20475960>,43,18,[10  1],44,101,119,57,90
1,<environment.Job instance at 0x7f7c204870f0>,47,21,[6 2],48,119,140,71,111
1,<environment.Job instance at 0x7f7c20487f00>,52,19,[8 2],53,119,138,66,111
1,<environment.Job instance at 0x7f7c204879b0>,53,14,[5 6],54,138,152,84,123
1,<environment.Job instance at 0x7f7c20487d20>,58,16,[10  1],59,140,156,81,127
1,<environment.Job instance at 0x7f7c20487c80>,60,19,[6 4],61,156,175,95,146
1,<environment.Job instance at 0x7f7c1fce2190>,63,14,[10  5],64,175,189,111,160
1,<environment.Job instance at 0x7f7c1fce2a50>,64,19,[10  1],65,189,208,124,179
1,<environment.Job instance at 0x7f7c1fce2fa0>,69,14,[6 5],70,208,222,138,193
1,<environment.Job instance at 0x7f7c1fce2870>,71,22,[8 4],72,208,230,136,201
1,<environment.Job instance at 0x7f7c1fce2050>,72,20,[8 4],73,230,250,157,221
1,<environment.Job instance at 0x7f7c1fce26e0>,73,15,[ 3 10],74,222,237,148,221
1,<environment.Job instance at 0x7f7c203e55a0>,76,18,[1 8],77,237,255,160,226
1,<environment.Job instance at 0x7f7c203e53c0>,79,18,[8 3],80,250,268,170,239
1,<environment.Job instance at 0x7f7c203e5230>,82,17,[6 1],83,239,256,156,239
1,<environment.Job instance at 0x7f7c203e5be0>,86,21,[2 6],87,256,277,169,248
1,<environment.Job instance at 0x7f7c203e5820>,88,21,[1 6],89,255,276,166,248
1,<environment.Job instance at 0x7f7c2047a370>,95,23,[3 6],96,276,299,180,270
1,<environment.Job instance at 0x7f7c1fec3280>,19,23,[9 2],20,273,296,253,273
1,<environment.Job instance at 0x7f7c2047a820>,104,19,[7 2],105,296,315,191,286
1,<environment.Job instance at 0x7f7c2047af00>,105,13,[5 4],106,296,309,190,286
1,<environment.Job instance at 0x7f7c2047a870>,107,15,[8 2],108,309,324,201,295
1,<environment.Job instance at 0x7f7c2047ae60>,108,13,[10  2],109,324,337,215,308
1,<environment.Job instance at 0x7f7c1fcde050>,110,22,[5 5],111,315,337,204,310
1,<environment.Job instance at 0x7f7c1fcde9b0>,111,15,[5 6],112,337,352,225,323
1,<environment.Job instance at 0x7f7c1fcde5a0>,113,19,[1 7],114,337,356,223,327
1,<environment.Job instance at 0x7f7c1fcdeb90>,116,18,[5 3],117,352,370,235,341
1,<environment.Job instance at 0x7f7c1fcde1e0>,117,14,[7 5],118,352,366,234,341
1,<environment.Job instance at 0x7f7c1fcdebe0>,119,12,[7 3],120,366,378,246,349
1,<environment.Job instance at 0x7f7c1fa48e60>,124,12,[1 6],125,356,368,231,349
1,<environment.Job instance at 0x7f7c204753c0>,25,16,[13  4],26,378,394,352,366
1,<environment.Job instance at 0x7f7c1f56d5f0>,133,16,[7 3],134,394,410,260,382
1,<environment.Job instance at 0x7f7c206a5b40>,134,25,[2 6],135,382,407,247,382
1,<environment.Job instance at 0x7f7c1fa6b2d0>,135,17,[8 3],136,407,424,271,396
1,<environment.Job instance at 0x7f7c1fa6b780>,136,22,[4 9],137,410,432,273,403
1,<environment.Job instance at 0x7f7c1fa48910>,132,20,[10  3],133,424,444,291,419
1,<environment.Job instance at 0x7f7c1fa6b960>,138,14,[5 6],139,432,446,293,419
1,<environment.Job instance at 0x7f7c1fee76e0>,1,28,[13  4],2,554,582,552,554
1,<environment.Job instance at 0x7f7c2047a550>,100,12,[14  5],101,5449,5461,5348,5449
1,<environment.Job instance at 0x7f7c20475320>,38,26,[1 6],39,8481,8507,8442,8481
1,<environment.Job instance at 0x7f7c1fa67690>,0,28,[ 4 10],1,1,29,0,1
1,<environment.Job instance at 0x7f7c1fa67730>,1,25,[5 3],2,2,27,0,2
1,<environment.Job instance at 0x7f7c1fe17780>,5,15,[ 2 13],6,29,44,23,16
1,<environment.Job instance at 0x7f7c1fe175f0>,4,20,[3 9],5,44,64,39,35
1,<environment.Job instance at 0x7f7c1fe1c370>,15,16,[ 5 10],16,64,80,48,51
1,<environment.Job instance at 0x7f7c1fe1c4b0>,16,13,[10  3],17,52,65,35,52
1,<environment.Job instance at 0x7f7c1fe1c500>,17,18,[10  5],18,65,83,47,54
1,<environment.Job instance at 0x7f7c1fe1ca00>,25,12,[1 8],26,80,92,54,63
1,<environment.Job instance at 0x7f7c1fe1caa0>,26,14,[6 4],27,83,97,56,68
1,<environment.Job instance at 0x7f7c1fe1cb40>,27,14,[3 7],28,92,106,64,77
1,<environment.Job instance at 0x7f7c1fe1cc80>,29,15,[2 8],30,97,112,67,83
1,<environment.Job instance at 0x7f7c1fe1cf50>,33,16,[5 3],34,106,122,72,93
1,<environment.Job instance at 0x7f7c1fdfa140>,38,16,[5 9],39,112,128,73,99
1,<environment.Job instance at 0x7f7c1fdfa730>,45,16,[4 6],46,122,138,76,109
1,<environment.Job instance at 0x7f7c1fdfaa50>,50,17,[10  2],51,128,145,77,116
1,<environment.Job instance at 0x7f7c1fdfae10>,53,18,[3 8],54,138,156,84,127
1,<environment.Job instance at 0x7f7c1fdfaf00>,54,22,[7 4],55,145,167,90,138
1,<environment.Job instance at 0x7f7c1fdf5550>,63,21,[9 3],64,167,188,103,159
1,<environment.Job instance at 0x7f7c1fe17b90>,7,24,[ 3 11],8,159,183,151,159
1,<environment.Job instance at 0x7f7c1fdf5910>,69,18,[14  2],70,188,206,118,177
1,<environment.Job instance at 0x7f7c1fdf54b0>,70,12,[12  2],71,206,218,135,189
1,<environment.Job instance at 0x7f7c1fdf5a50>,71,13,[ 1 14],72,218,231,146,202
1,<environment.Job instance at 0x7f7c20a5fcd0>,83,16,[9 1],84,220,236,136,220
1,<environment.Job instance at 0x7f7c20a5f8c0>,88,18,[6 3],89,231,249,142,220
1,<environment.Job instance at 0x7f7c20a5f410>,92,16,[6 2],93,236,252,143,225
1,<environment.Job instance at 0x7f7c1fc0b780>,99,18,[3 5],100,236,254,136,230
1,<environment.Job instance at 0x7f7c1f858730>,104,15,[1 6],105,249,264,144,235
1,<environment.Job instance at 0x7f7c1fc021e0>,108,17,[7 2],109,252,269,143,248
1,<environment.Job instance at 0x7f7c1fc027d0>,111,18,[6 3],112,254,272,142,248
1,<environment.Job instance at 0x7f7c1f457910>,116,13,[5 5],117,269,282,152,254
1,<environment.Job instance at 0x7f7c1fc1f910>,129,16,[2 7],130,268,284,138,268
1,<environment.Job instance at 0x7f7c1fc1fa00>,130,16,[6 5],131,282,298,151,269
1,<environment.Job instance at 0x7f7c1fd7c280>,2,18,[ 5 12],3,298,316,295,287
1,<environment.Job instance at 0x7f7c205837d0>,138,21,[9 1],139,504,525,365,504
1,<environment.Job instance at 0x7f7c20a75820>,1,23,[5 6],2,2,25,0,2
1,<environment.Job instance at 0x7f7c1f992f00>,9,24,[5 2],10,10,34,0,10
1,<environment.Job instance at 0x7f7c207572d0>,15,20,[8 4],16,25,45,9,17
1,<environment.Job instance at 0x7f7c20a75a00>,0,13,[ 1 14],1,45,58,44,30
1,<environment.Job instance at 0x7f7c20bf65a0>,32,15,[3 5],33,58,73,25,44
1,<environment.Job instance at 0x7f7c20541af0>,41,20,[8 5],42,58,78,16,50
1,<environment.Job instance at 0x7f7c20541640>,42,17,[3 5],43,58,75,15,50
1,<environment.Job instance at 0x7f7c20b9f5a0>,62,19,[6 5],63,75,94,12,65
1,<environment.Job instance at 0x7f7c1fb24a00>,67,19,[9 5],68,78,97,10,72
1,<environment.Job instance at 0x7f7c1fb24050>,71,21,[1 5],72,94,115,22,86
1,<environment.Job instance at 0x7f7c1fb24280>,74,19,[1 9],75,97,116,22,87
1,<environment.Job instance at 0x7f7c203b9050>,4,23,[11  2],5,115,138,110,109
1,<environment.Job instance at 0x7f7c20224460>,82,21,[5 7],83,138,159,55,130
1,<environment.Job instance at 0x7f7c202245a0>,84,17,[8 5],85,138,155,53,130
1,<environment.Job instance at 0x7f7c20224eb0>,91,22,[9 4],92,155,177,63,148
1,<environment.Job instance at 0x7f7c202240f0>,92,20,[7 3],93,177,197,84,168
1,<environment.Job instance at 0x7f7c291b5dc0>,101,15,[4 8],102,168,183,66,168
1,<environment.Job instance at 0x7f7c291b56e0>,105,17,[10  3],106,197,214,91,185
1,<environment.Job instance at 0x7f7c207577d0>,30,19,[ 5 12],31,185,204,154,185
1,<environment.Job instance at 0x7f7c202a6af0>,115,14,[6 2],116,214,228,98,200
1,<environment.Job instance at 0x7f7c207575a0>,16,22,[10  2],17,228,250,211,221
1,<environment.Job instance at 0x7f7c20bf7af0>,124,15,[11  1],125,250,265,125,236
1,<environment.Job instance at 0x7f7c20bf7e60>,125,19,[ 1 12],126,236,255,110,236
1,<environment.Job instance at 0x7f7c20bf76e0>,126,17,[7 4],127,265,282,138,253
1,<environment.Job instance at 0x7f7c20bf7aa0>,127,13,[ 2 11],128,255,268,127,253
1,<environment.Job instance at 0x7f7c20bf7eb0>,130,20,[7 4],131,268,288,137,261
1,<environment.Job instance at 0x7f7c20510280>,135,19,[1 5],136,268,287,132,264
1,<environment.Job instance at 0x7f7c205108c0>,138,14,[5 6],139,282,296,143,267
1,<environment.Job instance at 0x7f7c202a63c0>,111,17,[13  4],112,296,313,184,289
1,<environment.Job instance at 0x7f7c200d38c0>,2,16,[3 6],3,3,19,0,3
1,<environment.Job instance at 0x7f7c1f5b9910>,10,13,[11  5],11,11,24,0,11
1,<environment.Job instance at 0x7f7c1f5b90a0>,11,12,[11  2],12,24,36,12,12
1,<environment.Job instance at 0x7f7c2039eeb0>,14,12,[2 7],15,19,31,4,15
1,<environment.Job instance at 0x7f7c2039e870>,19,25,[5 2],20,36,61,16,32
1,<environment.Job instance at 0x7f7c2039e230>,20,15,[2 6],21,32,47,11,32
1,<environment.Job instance at 0x7f7c2039ee60>,17,18,[6 5],18,36,54,18,32
1,<environment.Job instance at 0x7f7c1f2d9910>,26,14,[7 2],27,54,68,27,39
1,<environment.Job instance at 0x7f7c1f2cc0a0>,29,12,[3 5],30,47,59,17,39
1,<environment.Job instance at 0x7f7c2039ec80>,15,12,[5 6],16,61,73,45,47
1,<environment.Job instance at 0x7f7c2038d280>,41,18,[2 6],42,59,77,17,55
1,<environment.Job instance at 0x7f7c202e2c30>,45,18,[3 8],46,73,91,27,62
1,<environment.Job instance at 0x7f7c1f62a410>,47,15,[10  3],48,77,92,29,63
1,<environment.Job instance at 0x7f7c1fd07640>,48,20,[5 6],49,91,111,42,82
1,<environment.Job instance at 0x7f7c1fbbbc30>,52,13,[2 5],53,92,105,39,82
1,<environment.Job instance at 0x7f7c1fecbdc0>,43,23,[8 2],44,92,115,48,86
1,<environment.Job instance at 0x7f7c1f323910>,55,12,[1 7],56,105,117,49,88
1,<environment.Job instance at 0x7f7c20452b90>,57,14,[9 3],58,115,129,57,100
1,<environment.Job instance at 0x7f7c1f99c820>,59,12,[8 3],60,129,141,69,112
1,<environment.Job instance at 0x7f7c1f99c500>,60,20,[2 8],61,117,137,56,115
1,<environment.Job instance at 0x7f7c1f42f370>,63,15,[9 1],64,141,156,77,127
1,<environment.Job instance at 0x7f7c1fd6adc0>,66,17,[10  3],67,156,173,89,144
1,<environment.Job instance at 0x7f7c1fb551e0>,74,14,[9 2],75,173,187,98,158
1,<environment.Job instance at 0x7f7c1fc6de10>,80,22,[1 6],81,160,182,79,160
1,<environment.Job instance at 0x7f7c1fc6d1e0>,82,17,[9 5],83,187,204,104,175
1,<environment.Job instance at 0x7f7c1fc6d500>,85,20,[3 9],86,182,202,96,176
1,<environment.Job instance at 0x7f7c1fc6d820>,89,16,[5 8],90,202,218,112,189
1,<environment.Job instance at 0x7f7c1f5dedc0>,92,13,[8 2],93,204,217,111,189
1,<environment.Job instance at 0x7f7c20ac52d0>,95,17,[ 3 10],96,218,235,122,206
1,<environment.Job instance at 0x7f7c20ac5fa0>,105,15,[5 8],106,235,250,129,221
1,<environment.Job instance at 0x7f7c1f966cd0>,125,18,[7 4],126,221,239,95,221
1,<environment.Job instance at 0x7f7c20340690>,127,18,[6 1],128,239,257,111,228
1,<environment.Job instance at 0x7f7c20c221e0>,130,18,[ 4 10],131,250,268,119,239
1,<environment.Job instance at 0x7f7c2039e6e0>,18,15,[11  5],19,257,272,238,248
1,<environment.Job instance at 0x7f7c20c22500>,132,12,[5 9],133,272,284,139,255
1,<environment.Job instance at 0x7f7c20c22c30>,133,15,[10  5],134,272,287,138,259
1,<environment.Job instance at 0x7f7c20c226e0>,135,17,[ 1 10],136,284,301,148,272
1,<environment.Job instance at 0x7f7c20c22b40>,137,18,[5 4],138,287,305,149,276
1,<environment.Job instance at 0x7f7c204529b0>,56,16,[8 1],57,287,303,230,276
1,<environment.Job instance at 0x7f7c20c22cd0>,136,13,[ 2 13],137,305,318,168,292
1,<environment.Job instance at 0x7f7c1f363d20>,0,24,[12  5],1,318,342,317,316
1,<environment.Job instance at 0x7f7c1f363fa0>,2,20,[2 7],3,3,23,0,3
1,<environment.Job instance at 0x7f7c1fcddf00>,4,13,[3 5],5,5,18,0,5
1,<environment.Job instance at 0x7f7c2027e410>,5,19,[4 8],6,18,37,12,8
1,<environment.Job instance at 0x7f7c206282d0>,9,18,[3 6],10,23,41,13,12
1,<environment.Job instance at 0x7f7c204560f0>,14,21,[4 9],15,37,58,22,29
1,<environment.Job instance at 0x7f7c204564b0>,23,21,[5 6],24,41,62,17,34
1,<environment.Job instance at 0x7f7c20456960>,16,20,[ 2 12],17,62,82,45,53
1,<environment.Job instance at 0x7f7c20ab3d70>,25,16,[14  3],26,82,98,56,69
1,<environment.Job instance at 0x7f7c20ab3a00>,26,21,[8 2],27,98,119,71,90
1,<environment.Job instance at 0x7f7c22c7f820>,12,13,[2 9],13,103,116,90,103
1,<environment.Job instance at 0x7f7c20ab30f0>,27,16,[8 5],28,119,135,91,106
1,<environment.Job instance at 0x7f7c1fec9730>,29,12,[11  2],30,135,147,105,118
1,<environment.Job instance at 0x7f7c202d1b90>,30,18,[ 2 12],31,135,153,104,124
1,<environment.Job instance at 0x7f7c1fa198c0>,31,14,[ 4 11],32,153,167,121,138
1,<environment.Job instance at 0x7f7c1fa1d4b0>,32,25,[ 3 12],33,167,192,134,163
1,<environment.Job instance at 0x7f7c202d1a50>,33,18,[ 3 14],34,192,210,158,181
1,<environment.Job instance at 0x7f7c200a21e0>,34,12,[3 8],35,210,222,175,193
1,<environment.Job instance at 0x7f7c20529fa0>,24,19,[10  4],25,210,229,185,208
1,<environment.Job instance at 0x7f7c20456b40>,15,16,[ 2 12],16,229,245,213,216
1,<environment.Job instance at 0x7f7c20aba050>,39,18,[10  2],40,229,247,189,218
1,<environment.Job instance at 0x7f7c200a2f50>,35,28,[ 3 11],36,245,273,209,244
1,<environment.Job instance at 0x7f7c1fee07d0>,51,23,[ 3 14],52,273,296,221,267
1,<environment.Job instance at 0x7f7c1fed6b90>,52,17,[7 2],53,296,313,243,284
1,<environment.Job instance at 0x7f7c1fed6f00>,53,25,[14  3],54,313,338,259,309
1,<environment.Job instance at 0x7f7c1fed6fa0>,54,24,[ 1 13],55,338,362,283,333
1,<environment.Job instance at 0x7f7c20b496e0>,40,27,[14  2],41,348,375,307,348
1,<environment.Job instance at 0x7f7c1fede8c0>,56,14,[12  2],57,375,389,318,362
1,<environment.Job instance at 0x7f7c1fedeb40>,55,18,[3 9],56,375,393,319,364
1,<environment.Job instance at 0x7f7c20c210a0>,28,14,[3 8],29,393,407,364,378
1,<environment.Job instance at 0x7f7c1fee04b0>,50,18,[3 8],51,407,425,356,396
1,<environment.Job instance at 0x7f7c1feded20>,61,13,[5 1],62,396,409,334,396
1,<environment.Job instance at 0x7f7c1fee61e0>,65,22,[6 5],66,396,418,330,396
1,<environment.Job instance at 0x7f7c1fee6690>,66,21,[6 5],67,418,439,351,410
1,<environment.Job instance at 0x7f7c1fee6500>,68,15,[7 2],69,425,440,356,411
1,<environment.Job instance at 0x7f7c1fee68c0>,70,18,[3 9],71,439,457,368,428
1,<environment.Job instance at 0x7f7c2010a500>,75,18,[5 3],76,439,457,363,428
1,<environment.Job instance at 0x7f7c2010a780>,79,16,[5 5],80,457,473,377,444
1,<environment.Job instance at 0x7f7c2010a820>,80,12,[7 5],81,457,469,376,444
1,<environment.Job instance at 0x7f7c2010aa00>,83,15,[5 2],84,469,484,385,455
1,<environment.Job instance at 0x7f7c2010ab40>,85,18,[5 9],86,473,491,387,462
1,<environment.Job instance at 0x7f7c2010abe0>,86,16,[5 7],87,491,507,404,478
1,<environment.Job instance at 0x7f7c2010adc0>,89,12,[3 5],90,484,496,394,478
1,<environment.Job instance at 0x7f7c2010a370>,91,18,[8 1],92,496,514,404,485
1,<environment.Job instance at 0x7f7c20103370>,98,13,[7 1],99,507,520,408,491
1,<environment.Job instance at 0x7f7c201037d0>,104,14,[5 2],105,514,528,409,499
1,<environment.Job instance at 0x7f7c20103fa0>,115,17,[9 2],116,520,537,404,508
1,<environment.Job instance at 0x7f7c20103f50>,116,14,[7 2],117,537,551,420,522
1,<environment.Job instance at 0x7f7c20107280>,118,12,[5 7],119,528,540,409,522
1,<environment.Job instance at 0x7f7c20107370>,120,18,[5 4],121,540,558,419,529
1,<environment.Job instance at 0x7f7c20107410>,121,12,[1 8],122,540,552,418,529
1,<environment.Job instance at 0x7f7c201074b0>,122,21,[4 7],123,552,573,429,544
1,<environment.Job instance at 0x7f7c201078c0>,128,12,[1 6],129,558,570,429,544
1,<environment.Job instance at 0x7f7c20107b40>,132,19,[4 8],133,570,589,437,560
1,<environment.Job instance at 0x7f7c20107730>,138,19,[10  2],139,573,592,434,564
1,<environment.Job instance at 0x7f7c1fedec30>,59,21,[4 6],60,589,610,529,589
1,<environment.Job instance at 0x7f7c1fedeaf0>,57,16,[ 2 12],58,767,783,709,767
1,<environment.Job instance at 0x7f7c202b45a0>,0,17,[13  2],1,782,799,781,782
1,<environment.Job instance at 0x7f691c661230>,0,13,[9 3],1,1,14,0,1
1,<environment.Job instance at 0x7f691c661320>,2,22,[4 8],3,3,25,0,3
1,<environment.Job instance at 0x7f6913075be0>,4,21,[1 6],5,14,35,9,6
1,<environment.Job instance at 0x7f6913075af0>,6,20,[6 1],7,14,34,7,14
1,<environment.Job instance at 0x7f6913075e10>,14,13,[7 3],15,25,38,10,15
1,<environment.Job instance at 0x7f6913078550>,19,14,[ 3 11],20,35,49,15,20
1,<environment.Job instance at 0x7f6913078870>,22,13,[13  1],23,49,62,26,34
1,<environment.Job instance at 0x7f6913078a50>,33,16,[2 8],34,49,65,15,45
1,<environment.Job instance at 0x7f6913078910>,24,13,[ 3 14],25,65,78,40,49
1,<environment.Job instance at 0x7f691307c0a0>,36,13,[ 3 14],37,78,91,41,62
1,<environment.Job instance at 0x7f69130789b0>,35,15,[9 5],36,91,106,55,79
1,<environment.Job instance at 0x7f691307c4b0>,40,15,[10  3],41,106,121,65,92
1,<environment.Job instance at 0x7f691307c2d0>,37,28,[ 2 12],38,106,134,68,105
1,<environment.Job instance at 0x7f691307c690>,43,13,[13  1],44,121,134,77,105
1,<environment.Job instance at 0x7f691307c730>,44,24,[ 1 13],45,134,158,89,129
1,<environment.Job instance at 0x7f691307c910>,45,13,[6 5],46,158,171,112,142
1,<environment.Job instance at 0x7f691307c820>,46,17,[12  2],47,171,188,124,159
1,<environment.Job instance at 0x7f691307c1e0>,34,24,[1 8],35,166,190,131,166
1,<environment.Job instance at 0x7f691307ca00>,48,15,[14  1],49,188,203,139,176
1,<environment.Job instance at 0x7f691307c870>,47,20,[6 5],48,203,223,155,194
1,<environment.Job instance at 0x7f691307caf0>,50,16,[12  2],51,223,239,172,210
1,<environment.Job instance at 0x7f691307ccd0>,51,20,[5 3],52,239,259,187,230
1,<environment.Job instance at 0x7f691307cbe0>,49,16,[ 2 11],50,230,246,180,230
1,<environment.Job instance at 0x7f691307cd70>,53,17,[5 7],54,246,263,192,236
1,<environment.Job instance at 0x7f6913075dc0>,7,25,[6 2],8,259,284,251,255
1,<environment.Job instance at 0x7f691307cf50>,55,20,[ 3 13],56,263,283,207,255
1,<environment.Job instance at 0x7f691307cc30>,56,12,[3 6],57,283,295,226,266
1,<environment.Job instance at 0x7f691307ce10>,54,13,[13  1],55,295,308,240,279
1,<environment.Job instance at 0x7f691307cfa0>,58,14,[2 7],59,283,297,224,279
1,<environment.Job instance at 0x7f691307e190>,59,17,[1 6],60,297,314,237,287
1,<environment.Job instance at 0x7f691c6611e0>,1,22,[11  3],2,308,330,306,308
1,<environment.Job instance at 0x7f691307e230>,60,23,[ 1 11],61,314,337,253,308
1,<environment.Job instance at 0x7f691307e500>,62,18,[5 3],63,330,348,267,320
1,<environment.Job instance at 0x7f691307e550>,63,17,[ 4 12],64,337,354,273,330
1,<environment.Job instance at 0x7f691307c5f0>,42,20,[9 4],43,354,374,311,345
1,<environment.Job instance at 0x7f691307e3c0>,65,20,[2 6],66,354,374,288,345
1,<environment.Job instance at 0x7f691307e5f0>,66,21,[7 4],67,374,395,307,366
1,<environment.Job instance at 0x7f691307cf00>,57,27,[ 2 14],58,395,422,337,393
1,<environment.Job instance at 0x7f691307ecd0>,77,13,[8 5],78,422,435,344,406
1,<environment.Job instance at 0x7f691307ed20>,78,12,[10  2],79,435,447,356,418
1,<environment.Job instance at 0x7f691307eeb0>,79,13,[9 4],80,447,460,367,431
1,<environment.Job instance at 0x7f691307ef50>,80,14,[2 6],81,431,445,350,431
1,<environment.Job instance at 0x7f691307ef00>,81,15,[5 9],82,445,460,363,431
1,<environment.Job instance at 0x7f691307ed70>,76,19,[4 8],77,460,479,383,450
1,<environment.Job instance at 0x7f6913081550>,89,16,[7 1],90,460,476,370,450
1,<environment.Job instance at 0x7f69130817d0>,91,20,[8 2],92,476,496,384,467
1,<environment.Job instance at 0x7f6913081050>,82,16,[ 4 10],83,479,495,396,467
1,<environment.Job instance at 0x7f6913081960>,92,21,[10  1],93,496,517,403,488
1,<environment.Job instance at 0x7f6913081780>,93,16,[ 2 11],94,495,511,401,488
1,<environment.Job instance at 0x7f69130819b0>,95,15,[5 7],96,511,526,415,497
1,<environment.Job instance at 0x7f6913081b90>,98,17,[5 5],99,517,534,418,505
1,<environment.Job instance at 0x7f6913081cd0>,100,18,[2 7],101,526,544,425,515
1,<environment.Job instance at 0x7f6913081a50>,96,28,[ 1 13],97,544,572,447,543
1,<environment.Job instance at 0x7f6913081e10>,102,16,[ 3 13],103,572,588,469,559
1,<environment.Job instance at 0x7f6913081eb0>,103,23,[ 5 13],104,588,611,484,582
1,<environment.Job instance at 0x7f6913081f50>,104,12,[4 6],105,611,623,506,594
1,<environment.Job instance at 0x7f6913084280>,105,12,[14  5],106,623,635,517,606
1,<environment.Job instance at 0x7f69130842d0>,106,26,[11  4],107,635,661,528,632
1,<environment.Job instance at 0x7f6913081d70>,101,18,[ 1 10],102,645,663,543,645
1,<environment.Job instance at 0x7f6913084320>,107,19,[ 3 12],108,663,682,555,653
1,<environment.Job instance at 0x7f69130844b0>,110,21,[6 5],111,682,703,571,674
1,<environment.Job instance at 0x7f69130847d0>,115,16,[7 5],116,682,698,566,674
1,<environment.Job instance at 0x7f6913084410>,109,14,[10  4],110,703,717,593,688
1,<environment.Job instance at 0x7f6913084af0>,120,19,[13  1],121,717,736,596,707
1,<environment.Job instance at 0x7f6913084b90>,121,13,[7 4],122,736,749,614,720
1,<environment.Job instance at 0x7f691c6ac0f0>,127,16,[8 1],128,736,752,608,723
1,<environment.Job instance at 0x7f69130c15a0>,128,15,[8 3],129,752,767,623,738
1,<environment.Job instance at 0x7f691306bc30>,130,18,[6 1],131,749,767,618,738
1,<environment.Job instance at 0x7f691306b6e0>,129,17,[8 1],130,767,784,637,756
1,<environment.Job instance at 0x7f691306bcd0>,131,25,[6 1],132,767,792,635,763
1,<environment.Job instance at 0x7f691306b690>,134,16,[4 7],135,784,800,649,771
1,<environment.Job instance at 0x7f69131fee60>,140,13,[7 4],141,792,805,651,776
1,<environment.Job instance at 0x7f691306b5f0>,135,25,[ 3 12],136,805,830,669,801
1,<environment.Job instance at 0x7f69131814b0>,144,17,[14  2],145,830,847,685,818
1,<environment.Job instance at 0x7f6913125140>,145,27,[4 8],146,847,874,701,845
1,<environment.Job instance at 0x7f6913128af0>,146,27,[ 2 12],147,874,901,727,872
1,<environment.Job instance at 0x7f6913181eb0>,147,16,[ 1 14],148,901,917,753,888
1,<environment.Job instance at 0x7f6913116f50>,148,20,[ 3 14],149,917,937,768,908
1,<environment.Job instance at 0x7f691319a5a0>,143,20,[ 4 10],144,1132,1152,988,1132
1,<environment.Job instance at 0x7f691307e2d0>,61,21,[ 5 13],62,1159,1180,1097,1159
1,<environment.Job instance at 0x7f691307e140>,64,19,[3 8],65,1180,1199,1115,1174
1,<environment.Job instance at 0x7f6912adbbe0>,0,14,[1 8],1,2,16,1,2
1,<environment.Job instance at 0x7f691307e140>,2,14,[14  4],3,3,17,0,3
1,<environment.Job instance at 0x7f6912ae03c0>,6,14,[9 5],7,17,31,10,7
1,<environment.Job instance at 0x7f6912ae0410>,9,15,[1 7],10,16,31,6,10
1,<environment.Job instance at 0x7f6912adbeb0>,13,13,[3 5],14,31,44,17,16
1,<environment.Job instance at 0x7f6912ae09b0>,12,13,[3 8],13,31,44,18,16
1,<environment.Job instance at 0x7f6912ae0b90>,16,20,[1 5],17,44,64,27,35
1,<environment.Job instance at 0x7f6912ae0dc0>,17,22,[3 7],18,44,66,26,37
1,<environment.Job instance at 0x7f6912b960f0>,29,16,[5 8],30,64,80,34,51
1,<environment.Job instance at 0x7f6912c6af00>,30,13,[8 5],31,66,79,35,51
1,<environment.Job instance at 0x7f6912c49cd0>,31,14,[2 9],32,80,94,48,65
1,<environment.Job instance at 0x7f6912b50500>,34,20,[5 2],35,79,99,44,70
1,<environment.Job instance at 0x7f6912ae53c0>,27,17,[8 2],28,80,97,52,70
1,<environment.Job instance at 0x7f6912b23960>,42,12,[1 7],43,94,106,51,77
1,<environment.Job instance at 0x7f6912b2f550>,48,12,[10  5],49,99,111,50,82
1,<environment.Job instance at 0x7f6912b2f500>,50,14,[2 7],51,106,120,55,91
1,<environment.Job instance at 0x7f6912b2f6e0>,55,16,[2 8],56,111,127,55,99
1,<environment.Job instance at 0x7f6912b106e0>,62,13,[9 4],63,120,133,57,104
1,<environment.Job instance at 0x7f6912b10f50>,64,17,[3 8],65,127,144,62,115
1,<environment.Job instance at 0x7f6912c69dc0>,38,12,[14  5],39,144,156,105,127
1,<environment.Job instance at 0x7f6912c52280>,67,14,[ 1 10],68,144,158,76,135
1,<environment.Job instance at 0x7f6912a18a00>,70,14,[6 1],71,156,170,85,141
1,<environment.Job instance at 0x7f6912692690>,72,16,[3 8],73,158,174,85,149
1,<environment.Job instance at 0x7f6912a18be0>,73,14,[10  1],74,170,184,96,155
1,<environment.Job instance at 0x7f6912a193c0>,76,13,[6 3],77,156,169,79,155
1,<environment.Job instance at 0x7f6912a19960>,77,13,[7 4],78,184,197,106,168
1,<environment.Job instance at 0x7f6912a19640>,79,20,[1 7],80,174,194,94,171
1,<environment.Job instance at 0x7f6912751410>,87,16,[2 8],88,194,210,106,181
1,<environment.Job instance at 0x7f69126612d0>,94,16,[7 4],95,197,213,102,184
1,<environment.Job instance at 0x7f691260cbe0>,102,14,[5 5],103,210,224,107,195
1,<environment.Job instance at 0x7f69127b07d0>,105,19,[9 4],106,213,232,107,203
1,<environment.Job instance at 0x7f69126bd9b0>,110,14,[2 7],111,224,238,113,209
1,<environment.Job instance at 0x7f6912622f00>,111,15,[4 8],112,232,247,120,218
1,<environment.Job instance at 0x7f69126225a0>,116,15,[3 6],117,238,253,121,224
1,<environment.Job instance at 0x7f6912622280>,118,16,[2 6],119,247,263,128,234
1,<environment.Job instance at 0x7f69126228c0>,120,19,[5 5],121,253,272,132,243
1,<environment.Job instance at 0x7f6912c87410>,68,25,[6 2],69,247,272,178,243
1,<environment.Job instance at 0x7f6912625af0>,125,13,[4 8],126,263,276,137,247
1,<environment.Job instance at 0x7f6912ae5320>,25,16,[13  4],26,276,292,250,263
1,<environment.Job instance at 0x7f6912625eb0>,126,13,[5 8],127,292,305,165,282
1,<environment.Job instance at 0x7f6912622960>,122,20,[8 5],123,292,312,169,285
1,<environment.Job instance at 0x7f69126250f0>,131,15,[6 1],132,305,320,173,291
1,<environment.Job instance at 0x7f6912625690>,133,22,[9 5],134,312,334,178,305
1,<environment.Job instance at 0x7f691261f870>,136,13,[2 5],137,320,333,183,305
1,<environment.Job instance at 0x7f6912ae0c30>,14,19,[ 3 12],15,334,353,319,326
1,<environment.Job instance at 0x7f6912adbe10>,3,27,[9 1],4,334,361,330,332
1,<environment.Job instance at 0x7f691261f690>,140,17,[5 1],141,353,370,212,341
1,<environment.Job instance at 0x7f69126242d0>,143,17,[4 6],144,361,378,217,349
1,<environment.Job instance at 0x7f691261fa50>,139,17,[6 2],140,361,378,221,349
1,<environment.Job instance at 0x7f6912624b40>,147,16,[11  4],148,378,394,230,365
1,<environment.Job instance at 0x7f6912624960>,148,15,[8 2],149,394,409,245,380
1,<environment.Job instance at 0x7f691261f550>,138,26,[ 3 11],139,428,454,289,428
1,<environment.Job instance at 0x7f6912625e10>,128,16,[12  5],129,454,470,325,441
1,<environment.Job instance at 0x7f6912772460>,1,20,[11  1],2,2,22,0,2
1,<environment.Job instance at 0x7f6912772280>,5,13,[ 1 13],6,9,22,3,9
1,<environment.Job instance at 0x7f6912772dc0>,9,14,[14  2],10,22,36,12,10
1,<environment.Job instance at 0x7f6912772c80>,7,22,[3 9],8,36,58,28,29
1,<environment.Job instance at 0x7f69126c1aa0>,21,15,[5 5],22,36,51,14,29
1,<environment.Job instance at 0x7f69126c16e0>,23,13,[4 8],24,58,71,34,42
1,<environment.Job instance at 0x7f6912772a50>,8,16,[11  1],9,51,67,42,42
1,<environment.Job instance at 0x7f6912772370>,10,22,[5 9],11,71,93,60,64
1,<environment.Job instance at 0x7f69126252d0>,2,17,[9 4],3,81,98,78,81
1,<environment.Job instance at 0x7f69126c1050>,27,21,[5 9],28,93,114,65,85
1,<environment.Job instance at 0x7f69126bddc0>,40,13,[1 6],41,98,111,57,85
1,<environment.Job instance at 0x7f69126bd0f0>,42,20,[8 1],43,111,131,68,102
1,<environment.Job instance at 0x7f69126bdbe0>,46,20,[5 7],47,114,134,67,106
1,<environment.Job instance at 0x7f69126bda50>,47,16,[5 4],48,131,147,83,118
1,<environment.Job instance at 0x7f69126bd870>,48,14,[8 3],49,134,148,85,119
1,<environment.Job instance at 0x7f69126bd5a0>,52,18,[3 6],53,147,165,94,136
1,<environment.Job instance at 0x7f69127489b0>,54,15,[5 5],55,148,163,93,136
1,<environment.Job instance at 0x7f6912748820>,56,16,[3 9],57,163,179,106,150
1,<environment.Job instance at 0x7f6912748550>,58,12,[ 5 10],59,179,191,120,162
1,<environment.Job instance at 0x7f6912748320>,61,21,[4 8],62,191,212,129,183
1,<environment.Job instance at 0x7f6912748eb0>,64,18,[8 3],65,183,201,118,183
1,<environment.Job instance at 0x7f6912748780>,65,14,[8 5],66,201,215,135,186
1,<environment.Job instance at 0x7f6912748730>,67,16,[5 8],68,212,228,144,199
1,<environment.Job instance at 0x7f69127482d0>,68,13,[1 7],69,215,228,146,199
1,<environment.Job instance at 0x7f6912754c30>,75,13,[5 5],76,228,241,152,212
1,<environment.Job instance at 0x7f6912754d70>,78,14,[7 5],79,228,242,149,213
1,<environment.Job instance at 0x7f69127546e0>,85,15,[8 5],86,241,256,155,227
1,<environment.Job instance at 0x7f6912772410>,0,25,[6 3],1,242,267,241,239
1,<environment.Job instance at 0x7f6912754690>,92,12,[7 2],93,256,268,163,239
1,<environment.Job instance at 0x7f69126c1be0>,28,18,[ 2 14],29,268,286,239,257
1,<environment.Job instance at 0x7f6912751c30>,98,17,[4 8],99,286,303,187,274
1,<environment.Job instance at 0x7f6912751500>,101,13,[4 9],102,303,316,201,287
1,<environment.Job instance at 0x7f6912751b90>,109,14,[ 5 10],110,316,330,206,301
1,<environment.Job instance at 0x7f6912751870>,110,16,[5 9],111,330,346,219,317
1,<environment.Job instance at 0x7f6912751910>,113,21,[8 1],114,318,339,204,318
1,<environment.Job instance at 0x7f6912753a00>,115,15,[8 4],116,339,354,223,325
1,<environment.Job instance at 0x7f6912753320>,116,17,[ 3 10],117,346,363,229,334
1,<environment.Job instance at 0x7f69127533c0>,117,14,[6 4],118,354,368,236,339
1,<environment.Job instance at 0x7f6912753cd0>,118,19,[1 7],119,363,382,244,353
1,<environment.Job instance at 0x7f691274e550>,132,15,[5 8],133,368,383,235,354
1,<environment.Job instance at 0x7f691274e0f0>,134,20,[10  4],135,382,402,247,373
1,<environment.Job instance at 0x7f69126adf50>,135,16,[6 3],136,402,418,266,389
1,<environment.Job instance at 0x7f6912607730>,136,14,[5 7],137,389,403,252,389
1,<environment.Job instance at 0x7f6912624280>,137,18,[4 7],138,403,421,265,392
1,<environment.Job instance at 0x7f6912c7e320>,143,12,[10  3],144,418,430,274,401
1,<environment.Job instance at 0x7f6912778960>,146,16,[2 9],147,421,437,274,408
1,<environment.Job instance at 0x7f69127785f0>,147,14,[5 6],148,430,444,282,415
1,<environment.Job instance at 0x7f69127543c0>,93,22,[ 1 12],94,444,466,350,437
1,<environment.Job instance at 0x7f6912754370>,94,20,[3 8],95,761,781,666,761
1,<environment.Job instance at 0x7f69125e1d70>,6,14,[ 4 10],7,7,21,0,7
1,<environment.Job instance at 0x7f69125e1fa0>,8,12,[8 5],9,9,21,0,9
1,<environment.Job instance at 0x7f69125e1f00>,9,21,[9 2],10,21,42,11,13
1,<environment.Job instance at 0x7f69130790a0>,13,16,[6 3],14,21,37,7,14
1,<environment.Job instance at 0x7f6913079730>,20,12,[ 3 12],21,37,49,16,21
1,<environment.Job instance at 0x7f69129284b0>,0,17,[8 1],1,42,59,41,30
1,<environment.Job instance at 0x7f6913079820>,19,19,[7 4],20,49,68,29,43
1,<environment.Job instance at 0x7f6913079dc0>,32,16,[10  3],33,68,84,35,55
1,<environment.Job instance at 0x7f69125e6320>,35,13,[6 4],36,84,97,48,68
1,<environment.Job instance at 0x7f69125e63c0>,36,14,[10  3],37,97,111,60,83
1,<environment.Job instance at 0x7f69125e6500>,38,19,[1 5],39,84,103,45,84
1,<environment.Job instance at 0x7f69125e65a0>,39,18,[2 9],40,103,121,63,95
1,<environment.Job instance at 0x7f69125e6640>,40,18,[10  4],41,111,129,70,100
1,<environment.Job instance at 0x7f69125e66e0>,41,13,[6 5],42,129,142,87,113
1,<environment.Job instance at 0x7f69125e67d0>,43,14,[4 5],44,121,135,77,114
1,<environment.Job instance at 0x7f69125e6af0>,47,15,[9 5],48,135,150,87,122
1,<environment.Job instance at 0x7f69125e6b40>,49,17,[1 7],50,142,159,92,131
1,<environment.Job instance at 0x7f69125e6aa0>,50,15,[5 1],51,142,157,91,131
1,<environment.Job instance at 0x7f6913079870>,21,26,[7 3],22,150,176,128,148
1,<environment.Job instance at 0x7f69125e6c30>,51,18,[5 9],52,159,177,107,148
1,<environment.Job instance at 0x7f69125e6f00>,56,14,[5 9],57,177,191,120,162
1,<environment.Job instance at 0x7f69125e9050>,58,12,[2 5],59,176,188,117,162
1,<environment.Job instance at 0x7f69125e92d0>,59,16,[6 5],60,188,204,128,175
1,<environment.Job instance at 0x7f69125e6cd0>,52,12,[12  4],53,204,216,151,187
1,<environment.Job instance at 0x7f69125e96e0>,66,18,[7 5],67,216,234,149,205
1,<environment.Job instance at 0x7f69125e9780>,67,18,[5 9],68,216,234,148,205
1,<environment.Job instance at 0x7f6913079280>,12,22,[ 1 14],13,234,256,221,227
1,<environment.Job instance at 0x7f69125e9cd0>,74,19,[9 4],75,256,275,181,246
1,<environment.Job instance at 0x7f69125e9e10>,76,18,[6 4],77,256,274,179,246
1,<environment.Job instance at 0x7f6912672b90>,81,16,[7 3],82,275,291,193,262
1,<environment.Job instance at 0x7f69125d8690>,91,15,[6 3],92,274,289,182,263
1,<environment.Job instance at 0x7f69125d8b40>,93,18,[7 5],94,289,307,195,278
1,<environment.Job instance at 0x7f69125d80f0>,96,17,[10  3],97,307,324,210,295
1,<environment.Job instance at 0x7f69129f0050>,99,17,[5 9],100,295,312,195,295
1,<environment.Job instance at 0x7f6912abdfa0>,115,18,[1 7],116,312,330,196,301
1,<environment.Job instance at 0x7f6912fd8690>,118,15,[1 6],119,324,339,205,310
1,<environment.Job instance at 0x7f6912fd84b0>,121,20,[10  5],122,330,350,208,321
1,<environment.Job instance at 0x7f6912d82410>,123,15,[7 4],124,350,365,226,336
1,<environment.Job instance at 0x7f6912d5bdc0>,132,13,[5 5],133,339,352,206,336
1,<environment.Job instance at 0x7f6912d6ae60>,136,14,[6 4],137,352,366,215,337
1,<environment.Job instance at 0x7f6912d69820>,144,20,[3 8],145,365,385,220,356
1,<environment.Job instance at 0x7f69129ee7d0>,145,17,[2 9],146,385,402,239,373
1,<environment.Job instance at 0x7f69129eeaf0>,147,13,[6 2],148,373,386,225,373
1,<environment.Job instance at 0x7f69125e9a00>,70,19,[4 9],71,1659,1678,1588,1659
1,<environment.Job instance at 0x7f6913079910>,22,25,[ 1 13],23,1779,1804,1756,1779
1,<environment.Job instance at 0x7f6913079690>,18,15,[13  3],19,1804,1819,1785,1790
1,<environment.Job instance at 0x7f69129d8c30>,1,18,[6 1],2,2,20,0,2
1,<environment.Job instance at 0x7f69130796e0>,2,19,[1 7],3,3,22,0,3
1,<environment.Job instance at 0x7f69132e98c0>,8,17,[7 1],9,9,26,0,9
1,<environment.Job instance at 0x7f69132e90a0>,10,14,[12  4],11,26,40,15,11
1,<environment.Job instance at 0x7f69132e9730>,17,16,[ 4 10],18,40,56,22,28
1,<environment.Job instance at 0x7f6912d89050>,19,17,[5 5],20,40,57,20,28
1,<environment.Job instance at 0x7f6912d895f0>,21,15,[9 4],22,56,71,34,42
1,<environment.Job instance at 0x7f6912d89500>,23,13,[1 5],24,56,69,32,42
1,<environment.Job instance at 0x7f6912e4f0a0>,27,20,[7 1],28,71,91,43,62
1,<environment.Job instance at 0x7f6912e4f280>,29,16,[4 9],30,69,85,39,66
1,<environment.Job instance at 0x7f6912e4f640>,30,18,[ 2 10],31,85,103,54,75
1,<environment.Job instance at 0x7f6912e4fe10>,33,14,[6 5],34,91,105,57,76
1,<environment.Job instance at 0x7f6912e4f5f0>,35,15,[10  3],36,105,120,69,91
1,<environment.Job instance at 0x7f6912e4f7d0>,38,13,[9 4],39,120,133,81,104
1,<environment.Job instance at 0x7f6912e4fa00>,41,15,[4 5],42,104,119,62,104
1,<environment.Job instance at 0x7f691317d460>,43,21,[1 6],44,105,126,61,104
1,<environment.Job instance at 0x7f691317d780>,46,16,[4 5],47,119,135,72,106
1,<environment.Job instance at 0x7f691317dc30>,49,16,[ 5 10],50,133,149,83,120
1,<environment.Job instance at 0x7f691317dd20>,50,18,[7 3],51,135,153,84,124
1,<environment.Job instance at 0x7f691317dbe0>,51,16,[9 2],52,153,169,101,140
1,<environment.Job instance at 0x7f691317d5f0>,54,21,[6 5],55,149,170,94,141
1,<environment.Job instance at 0x7f691317d230>,56,20,[3 6],57,169,189,112,160
1,<environment.Job instance at 0x7f691317d0f0>,57,13,[9 4],58,170,183,112,160
1,<environment.Job instance at 0x7f69132e9e60>,14,20,[10  4],15,183,203,168,174
1,<environment.Job instance at 0x7f691321c640>,59,15,[7 3],60,203,218,143,189
1,<environment.Job instance at 0x7f691321c370>,60,17,[4 7],61,189,206,128,189
1,<environment.Job instance at 0x7f691321cf00>,61,17,[4 5],62,203,220,141,191
1,<environment.Job instance at 0x7f691321c870>,62,28,[9 1],63,218,246,155,217
1,<environment.Job instance at 0x7f691321cbe0>,63,15,[4 9],64,220,235,156,217
1,<environment.Job instance at 0x7f691321ceb0>,64,15,[13  2],65,246,261,181,232
1,<environment.Job instance at 0x7f691321cc30>,65,17,[12  3],66,261,278,195,249
1,<environment.Job instance at 0x7f69132e9640>,16,23,[11  3],17,278,301,261,272
1,<environment.Job instance at 0x7f691321c820>,67,25,[2 6],68,273,298,205,273
1,<environment.Job instance at 0x7f691321c190>,68,17,[5 2],69,301,318,232,289
1,<environment.Job instance at 0x7f691321c280>,69,18,[1 9],70,298,316,228,290
1,<environment.Job instance at 0x7f691321c410>,70,15,[6 3],71,301,316,230,290
1,<environment.Job instance at 0x7f691321c910>,71,15,[3 9],72,316,331,244,302
1,<environment.Job instance at 0x7f69132e9820>,12,21,[6 4],13,316,337,303,311
1,<environment.Job instance at 0x7f691321c5a0>,66,28,[ 4 12],67,337,365,270,336
1,<environment.Job instance at 0x7f6913172280>,74,12,[13  2],75,365,377,290,348
1,<environment.Job instance at 0x7f6913172af0>,86,16,[5 8],87,377,393,290,364
1,<environment.Job instance at 0x7f69131720a0>,91,14,[6 1],92,377,391,285,369
1,<environment.Job instance at 0x7f6913172370>,92,20,[6 3],93,391,411,298,385
1,<environment.Job instance at 0x7f69131a0140>,93,17,[10  4],94,411,428,317,399
1,<environment.Job instance at 0x7f69131a00a0>,94,14,[3 9],95,413,427,318,413
1,<environment.Job instance at 0x7f69131a0500>,97,18,[10  3],98,428,446,330,420
1,<environment.Job instance at 0x7f69131a06e0>,101,20,[5 6],102,427,447,325,426
1,<environment.Job instance at 0x7f69131a0f00>,105,16,[10  2],106,446,462,340,433
1,<environment.Job instance at 0x7f69131073c0>,108,17,[5 5],109,447,464,338,446
1,<environment.Job instance at 0x7f6913107780>,109,13,[8 2],110,462,475,352,446
1,<environment.Job instance at 0x7f6913107aa0>,110,19,[8 4],111,475,494,364,467
1,<environment.Job instance at 0x7f6913107cd0>,112,15,[9 3],113,494,509,381,480
1,<environment.Job instance at 0x7f69131070a0>,113,16,[6 3],114,481,497,367,481
1,<environment.Job instance at 0x7f69131077d0>,116,18,[10  2],117,509,527,392,498
1,<environment.Job instance at 0x7f6913172690>,87,21,[14  1],88,527,548,439,519
1,<environment.Job instance at 0x7f69131070f0>,117,20,[7 5],118,548,568,430,539
1,<environment.Job instance at 0x7f6913107550>,120,21,[5 2],121,548,569,427,540
1,<environment.Job instance at 0x7f69130696e0>,127,13,[7 4],128,568,581,440,552
1,<environment.Job instance at 0x7f6913069780>,130,15,[5 2],131,569,584,438,555
1,<environment.Job instance at 0x7f6913069dc0>,134,22,[9 4],135,581,603,446,574
1,<environment.Job instance at 0x7f6913198af0>,137,14,[2 6],138,584,598,446,574
1,<environment.Job instance at 0x7f691319e550>,147,20,[3 7],148,598,618,450,589
1,<environment.Job instance at 0x7f6912436780>,2,14,[14  1],3,6,20,3,6
1,<environment.Job instance at 0x7f6913a37870>,5,13,[ 2 10],6,20,33,14,6
1,<environment.Job instance at 0x7f6912e9d5f0>,0,18,[1 5],1,7,25,6,7
1,<environment.Job instance at 0x7f6913a37500>,9,22,[5 7],10,33,55,23,26
1,<environment.Job instance at 0x7f6913cab9b0>,12,12,[8 4],13,26,38,13,26
1,<environment.Job instance at 0x7f69133c9050>,14,13,[5 4],15,38,51,23,26
1,<environment.Job instance at 0x7f69133681e0>,15,14,[8 5],16,51,65,35,36
1,<environment.Job instance at 0x7f6913368e10>,18,15,[7 2],19,55,70,36,41
1,<environment.Job instance at 0x7f691336c7d0>,21,16,[4 6],22,65,81,43,52
1,<environment.Job instance at 0x7f6913180a00>,28,13,[5 3],29,70,83,41,54
1,<environment.Job instance at 0x7f6913180190>,29,16,[ 3 10],30,81,97,51,68
1,<environment.Job instance at 0x7f691c660870>,31,16,[5 1],32,70,86,38,68
1,<environment.Job instance at 0x7f6913694af0>,34,18,[2 8],35,97,115,62,86
1,<environment.Job instance at 0x7f6913339730>,36,19,[11  5],37,86,105,49,86
1,<environment.Job instance at 0x7f69132ef690>,39,17,[1 6],40,105,122,65,93
1,<environment.Job instance at 0x7f69132ef190>,40,21,[1 8],41,115,136,74,107
1,<environment.Job instance at 0x7f69132ef280>,43,20,[11  5],44,122,142,78,115
1,<environment.Job instance at 0x7f69130f7050>,48,25,[1 5],49,136,161,87,132
1,<environment.Job instance at 0x7f69130f75a0>,49,20,[3 8],50,142,162,92,133
1,<environment.Job instance at 0x7f691327cb40>,54,17,[10  5],55,161,178,106,149
1,<environment.Job instance at 0x7f6912e4ab40>,55,17,[3 6],56,162,179,106,150
1,<environment.Job instance at 0x7f691321e640>,58,16,[1 5],59,178,194,119,165
1,<environment.Job instance at 0x7f691326b870>,61,13,[9 3],62,178,191,116,165
1,<environment.Job instance at 0x7f69130d7fa0>,63,15,[3 8],64,191,206,127,177
1,<environment.Job instance at 0x7f69130d7190>,64,13,[6 5],65,194,207,129,178
1,<environment.Job instance at 0x7f6913aa7460>,71,17,[9 2],72,206,223,134,194
1,<environment.Job instance at 0x7f6913aa78c0>,73,16,[ 3 10],74,207,223,133,194
1,<environment.Job instance at 0x7f69136f3be0>,79,14,[5 4],80,223,237,143,208
1,<environment.Job instance at 0x7f69136813c0>,82,18,[9 3],83,223,241,140,212
1,<environment.Job instance at 0x7f69137d06e0>,90,13,[8 3],91,241,254,150,225
1,<environment.Job instance at 0x7f6913a37550>,10,19,[1 7],11,225,244,214,225
1,<environment.Job instance at 0x7f6912e32aa0>,95,23,[1 5],96,238,261,142,238
1,<environment.Job instance at 0x7f69133d2a50>,100,13,[7 5],101,254,267,153,240
1,<environment.Job instance at 0x7f6913ca2960>,104,15,[4 6],105,261,276,156,248
1,<environment.Job instance at 0x7f691346f0f0>,11,27,[ 1 11],12,276,303,264,274
1,<environment.Job instance at 0x7f6913152500>,106,28,[5 4],107,277,305,170,277
1,<environment.Job instance at 0x7f6913152e10>,107,17,[5 4],108,303,320,195,291
1,<environment.Job instance at 0x7f69131525f0>,108,14,[8 1],109,305,319,196,291
1,<environment.Job instance at 0x7f69131525a0>,109,16,[ 4 10],110,319,335,209,308
1,<environment.Job instance at 0x7f6913a37be0>,7,25,[11  4],8,320,345,312,318
1,<environment.Job instance at 0x7f6913ca2a50>,105,22,[7 1],106,345,367,239,338
1,<environment.Job instance at 0x7f6912d05050>,115,21,[6 5],116,345,366,229,338
1,<environment.Job instance at 0x7f6912b80af0>,119,13,[ 2 10],120,366,379,246,350
1,<environment.Job instance at 0x7f691c1dc4b0>,127,19,[2 8],128,379,398,251,369
1,<environment.Job instance at 0x7f691c1dc730>,128,15,[1 9],129,398,413,269,384
1,<environment.Job instance at 0x7f69132f17d0>,132,16,[ 4 10],133,413,429,280,400
1,<environment.Job instance at 0x7f6912fcb460>,133,18,[1 8],134,429,447,295,418
1,<environment.Job instance at 0x7f6912fcbcd0>,134,13,[4 7],135,429,442,294,418
1,<environment.Job instance at 0x7f691265b8c0>,143,18,[5 8],144,447,465,303,436
1,<environment.Job instance at 0x7f691265bfa0>,144,16,[11  5],145,465,481,320,452
1,<environment.Job instance at 0x7f691265b0a0>,146,15,[ 1 10],147,465,480,318,453
1,<environment.Job instance at 0x7f691265bb40>,148,20,[10  2],149,481,501,332,472
1,<environment.Job instance at 0x7f6913bf5c80>,111,17,[ 3 13],112,484,501,372,484
1,<environment.Job instance at 0x7f69137d0af0>,94,13,[ 1 13],95,501,514,406,489
1,<environment.Job instance at 0x7f69129a0280>,3,14,[7 2],4,4,18,0,4
1,<environment.Job instance at 0x7f69129c2870>,6,12,[6 1],7,7,19,0,7
1,<environment.Job instance at 0x7f6912f8c0f0>,9,20,[5 6],10,18,38,8,10
1,<environment.Job instance at 0x7f6912f8c820>,10,15,[10  1],11,19,34,8,11
1,<environment.Job instance at 0x7f691363e500>,14,12,[ 3 12],15,38,50,23,21
1,<environment.Job instance at 0x7f6913182870>,15,12,[11  4],16,50,62,34,33
1,<environment.Job instance at 0x7f691363ef50>,11,14,[3 8],12,50,64,38,49
1,<environment.Job instance at 0x7f691363ee10>,12,16,[6 5],13,62,78,49,49
1,<environment.Job instance at 0x7f691335f5a0>,19,16,[9 2],20,64,80,44,51
1,<environment.Job instance at 0x7f691282b5a0>,28,17,[9 2],29,80,97,51,68
1,<environment.Job instance at 0x7f6913215960>,34,17,[3 9],35,78,95,43,70
1,<environment.Job instance at 0x7f69131f5b90>,43,17,[8 3],44,97,114,53,85
1,<environment.Job instance at 0x7f691363ea50>,13,14,[5 4],14,95,109,81,85
1,<environment.Job instance at 0x7f691281eb40>,50,14,[7 4],51,109,123,58,94
1,<environment.Job instance at 0x7f6912841fa0>,92,18,[5 4],93,114,132,21,103
1,<environment.Job instance at 0x7f691283d500>,98,17,[7 4],99,123,140,24,111
1,<environment.Job instance at 0x7f691283d640>,100,19,[6 2],101,132,151,31,122
1,<environment.Job instance at 0x7f691283df00>,115,19,[7 5],116,140,159,24,130
1,<environment.Job instance at 0x7f691283b8c0>,127,14,[9 5],128,159,173,31,144
1,<environment.Job instance at 0x7f691283b7d0>,132,17,[6 4],133,151,168,18,144
1,<environment.Job instance at 0x7f6912ae4460>,144,14,[5 7],145,168,182,23,153
1,<environment.Job instance at 0x7f6912813fa0>,3,19,[10  1],4,4,23,0,4
1,<environment.Job instance at 0x7f6912813f50>,5,20,[1 8],6,6,26,0,6
1,<environment.Job instance at 0x7f6912ae4780>,7,17,[7 2],8,23,40,15,11
1,<environment.Job instance at 0x7f6912813d70>,6,18,[5 4],7,23,41,16,12
1,<environment.Job instance at 0x7f6912813870>,9,13,[7 2],10,40,53,30,24
1,<environment.Job instance at 0x7f6912813eb0>,16,16,[4 7],17,41,57,24,28
1,<environment.Job instance at 0x7f6912813c30>,17,12,[9 1],18,53,65,35,36
1,<environment.Job instance at 0x7f69128133c0>,15,22,[3 8],16,57,79,41,50
1,<environment.Job instance at 0x7f69137bb870>,21,14,[2 9],22,79,93,57,65
1,<environment.Job instance at 0x7f69137bb960>,24,15,[3 5],25,65,80,40,65
1,<environment.Job instance at 0x7f69137bb690>,31,14,[5 7],32,93,107,61,78
1,<environment.Job instance at 0x7f69137bb4b0>,32,16,[4 6],33,80,96,47,78
1,<environment.Job instance at 0x7f69137bb230>,35,16,[ 3 10],36,107,123,71,94
1,<environment.Job instance at 0x7f69137bb500>,37,18,[8 3],38,96,114,58,94
1,<environment.Job instance at 0x7f691319db90>,42,12,[2 5],43,114,126,71,97
1,<environment.Job instance at 0x7f691319daa0>,43,20,[9 2],44,123,143,79,118
1,<environment.Job instance at 0x7f691319d5a0>,47,22,[2 8],48,123,145,75,118
1,<environment.Job instance at 0x7f691319d4b0>,49,20,[4 6],50,143,163,93,134
1,<environment.Job instance at 0x7f69137e1c30>,53,14,[10  4],54,145,159,91,134
1,<environment.Job instance at 0x7f69137e1c80>,54,19,[4 7],55,159,178,104,149
1,<environment.Job instance at 0x7f69137e1d70>,57,18,[1 9],58,178,196,120,167
1,<environment.Job instance at 0x7f69137e1730>,58,19,[3 6],59,167,186,108,167
1,<environment.Job instance at 0x7f6913419a00>,59,19,[9 1],60,186,205,126,179
1,<environment.Job instance at 0x7f69128130f0>,18,22,[ 1 13],19,196,218,177,189
1,<environment.Job instance at 0x7f6913419c80>,61,19,[ 3 11],62,218,237,156,208
1,<environment.Job instance at 0x7f69134193c0>,62,18,[5 2],63,208,226,145,208
1,<environment.Job instance at 0x7f6913419730>,60,21,[9 1],61,226,247,165,219
1,<environment.Job instance at 0x7f6913419960>,65,12,[8 3],66,247,259,181,230
1,<environment.Job instance at 0x7f6913419c30>,69,16,[4 8],70,237,253,167,231
1,<environment.Job instance at 0x7f6913419640>,70,13,[9 1],71,259,272,188,243
1,<environment.Job instance at 0x7f69134195a0>,75,12,[3 5],76,253,265,177,243
1,<environment.Job instance at 0x7f6912813370>,8,18,[ 4 10],9,265,283,256,254
1,<environment.Job instance at 0x7f69138ecb40>,80,13,[13  3],81,283,296,202,267
1,<environment.Job instance at 0x7f69138eccd0>,81,12,[12  5],82,296,308,214,279
1,<environment.Job instance at 0x7f69138ece60>,84,19,[5 2],85,308,327,223,298
1,<environment.Job instance at 0x7f6912813a50>,13,15,[10  5],14,308,323,294,298
1,<environment.Job instance at 0x7f6913419b90>,63,16,[7 5],64,323,339,259,310
1,<environment.Job instance at 0x7f691326b640>,87,14,[12  5],88,339,353,251,324
1,<environment.Job instance at 0x7f691326b1e0>,88,14,[12  2],89,353,367,264,338
1,<environment.Job instance at 0x7f691326b5a0>,89,23,[ 5 11],90,367,390,277,361
1,<environment.Job instance at 0x7f691326beb0>,90,12,[9 5],91,390,402,299,373
1,<environment.Job instance at 0x7f691326ba50>,91,14,[ 3 11],92,402,416,310,387
1,<environment.Job instance at 0x7f691326b2d0>,92,15,[11  2],93,402,417,309,388
1,<environment.Job instance at 0x7f691326b280>,93,17,[ 5 11],94,417,434,323,405
1,<environment.Job instance at 0x7f691326baa0>,94,12,[8 3],95,417,429,322,405
1,<environment.Job instance at 0x7f691326b550>,96,17,[5 5],97,434,451,337,422
1,<environment.Job instance at 0x7f6912e59f00>,97,14,[9 5],98,434,448,336,423
1,<environment.Job instance at 0x7f6912e595a0>,98,14,[8 5],99,448,462,349,434
1,<environment.Job instance at 0x7f6912857140>,102,14,[6 3],103,451,465,348,437
1,<environment.Job instance at 0x7f6912a04e60>,106,16,[2 9],107,462,478,355,449
1,<environment.Job instance at 0x7f691326b320>,95,18,[ 2 10],96,478,496,382,467
1,<environment.Job instance at 0x7f69139b0140>,110,14,[14  4],111,496,510,385,481
1,<environment.Job instance at 0x7f6912d6af50>,111,26,[ 5 12],112,510,536,398,507
1,<environment.Job instance at 0x7f69136640f0>,112,18,[1 6],113,536,554,423,525
1,<environment.Job instance at 0x7f6913649280>,114,18,[9 3],115,525,543,410,525
1,<environment.Job instance at 0x7f69136499b0>,116,21,[5 6],117,536,557,419,531
1,<environment.Job instance at 0x7f69138ec370>,82,14,[12  5],83,557,571,474,542
1,<environment.Job instance at 0x7f691326bfa0>,86,12,[3 6],87,554,566,467,542
1,<environment.Job instance at 0x7f6912df5f00>,117,19,[2 7],118,566,585,448,556
1,<environment.Job instance at 0x7f6912653f50>,120,15,[5 6],121,571,586,450,557
1,<environment.Job instance at 0x7f6913649be0>,115,16,[ 5 12],116,586,602,470,574
1,<environment.Job instance at 0x7f69131f4640>,130,28,[7 1],131,574,602,443,574
1,<environment.Job instance at 0x7f6912872d70>,131,12,[13  3],132,602,614,470,585
1,<environment.Job instance at 0x7f691276a730>,132,16,[ 3 12],133,614,630,481,601
1,<environment.Job instance at 0x7f691276ae60>,133,22,[ 5 14],134,630,652,496,623
1,<environment.Job instance at 0x7f6912c678c0>,134,28,[2 9],135,652,680,517,651
1,<environment.Job instance at 0x7f69128725f0>,129,20,[5 6],130,652,672,522,651
1,<environment.Job instance at 0x7f691276aa50>,137,20,[6 4],138,672,692,534,664
1,<environment.Job instance at 0x7f6913864780>,140,17,[2 9],141,680,697,539,672
1,<environment.Job instance at 0x7f6913794dc0>,143,15,[10  1],144,692,707,548,679
1,<environment.Job instance at 0x7f6912934320>,147,13,[5 8],148,697,710,549,684
1,<environment.Job instance at 0x7f6912934640>,148,18,[5 2],149,707,725,558,696
1,<environment.Job instance at 0x7f6912ad5fa0>,0,17,[14  2],1,852,869,851,852
1,<environment.Job instance at 0x7f69136491e0>,119,27,[3 5],120,3364,3391,3244,3364
1,<environment.Job instance at 0x7f6913649640>,118,26,[6 4],119,4090,4116,3971,4090
1,<environment.Job instance at 0x7f69126335f0>,0,27,[5 2],1,2,29,1,2
1,<environment.Job instance at 0x7f6912633e60>,5,14,[3 9],6,6,20,0,6
1,<environment.Job instance at 0x7f6912633640>,6,12,[10  1],7,20,32,13,7
1,<environment.Job instance at 0x7f6912633320>,9,19,[5 8],10,29,48,19,20
1,<environment.Job instance at 0x7f6912633410>,13,13,[9 2],14,32,45,18,20
1,<environment.Job instance at 0x7f6912633f00>,10,16,[ 1 10],11,48,64,37,36
1,<environment.Job instance at 0x7f6912633190>,11,22,[14  3],12,48,70,36,41
1,<environment.Job instance at 0x7f6912633aa0>,16,24,[1 8],17,64,88,47,59
1,<environment.Job instance at 0x7f6912633140>,17,17,[ 1 10],18,88,105,70,76
1,<environment.Job instance at 0x7f6912633820>,18,16,[7 4],19,76,92,57,76
1,<environment.Job instance at 0x7f6912383910>,19,12,[11  2],20,92,104,72,76
1,<environment.Job instance at 0x7f6912383e10>,20,18,[ 3 11],21,105,123,84,94
1,<environment.Job instance at 0x7f69123837d0>,21,15,[ 3 12],22,123,138,101,109
1,<environment.Job instance at 0x7f6912383960>,22,15,[1 7],23,138,153,115,124
1,<environment.Job instance at 0x7f6912383d20>,23,24,[2 8],24,138,162,114,133
1,<environment.Job instance at 0x7f6912383a50>,24,24,[5 7],25,153,177,128,148
1,<environment.Job instance at 0x7f69123838c0>,25,13,[14  2],26,177,190,151,161
1,<environment.Job instance at 0x7f6912383a00>,26,12,[ 5 14],27,190,202,163,173
1,<environment.Job instance at 0x7f6912633960>,15,21,[11  3],16,202,223,186,194
1,<environment.Job instance at 0x7f6912383aa0>,28,23,[1 6],29,202,225,173,197
1,<environment.Job instance at 0x7f6912633c30>,14,21,[5 8],15,223,244,208,215
1,<environment.Job instance at 0x7f6912383b40>,30,13,[1 9],31,244,257,213,228
1,<environment.Job instance at 0x7f6912383e60>,31,12,[5 2],32,228,240,196,228
1,<environment.Job instance at 0x7f69123830a0>,32,18,[7 1],33,240,258,207,229
1,<environment.Job instance at 0x7f6912383d70>,38,16,[4 5],39,244,260,205,231
1,<environment.Job instance at 0x7f6912383fa0>,40,17,[6 3],41,258,275,217,246
1,<environment.Job instance at 0x7f6912635500>,41,20,[1 9],42,260,280,218,257
1,<environment.Job instance at 0x7f69126354b0>,42,16,[9 3],43,275,291,232,262
1,<environment.Job instance at 0x7f6912635230>,44,22,[6 3],45,280,302,235,273
1,<environment.Job instance at 0x7f6912635fa0>,46,17,[4 7],47,291,308,244,279
1,<environment.Job instance at 0x7f6912635960>,51,16,[2 7],52,302,318,250,289
1,<environment.Job instance at 0x7f6912617d70>,53,21,[2 6],54,308,329,254,300
1,<environment.Job instance at 0x7f6912617af0>,55,16,[11  5],56,318,334,262,308
1,<environment.Job instance at 0x7f6912617370>,56,20,[2 9],57,329,349,272,322
1,<environment.Job instance at 0x7f6912617b40>,60,18,[3 9],61,349,367,288,338
1,<environment.Job instance at 0x7f6912617280>,64,12,[5 1],65,338,350,273,338
1,<environment.Job instance at 0x7f6912617320>,66,12,[4 8],67,367,379,300,350
1,<environment.Job instance at 0x7f6912617dc0>,67,14,[1 9],68,379,393,311,364
1,<environment.Job instance at 0x7f6912383c80>,27,28,[11  4],28,367,395,339,367
1,<environment.Job instance at 0x7f69125635a0>,72,12,[1 6],73,393,405,320,376
1,<environment.Job instance at 0x7f6912563780>,73,17,[5 5],74,395,412,321,383
1,<environment.Job instance at 0x7f6912563370>,71,18,[10  5],72,405,423,333,394
1,<environment.Job instance at 0x7f69125633c0>,76,19,[6 2],77,423,442,346,413
1,<environment.Job instance at 0x7f69125635f0>,79,14,[9 3],80,423,437,343,413
1,<environment.Job instance at 0x7f6912563730>,81,13,[7 2],82,437,450,355,421
1,<environment.Job instance at 0x7f6912563140>,82,12,[5 2],83,442,454,359,425
1,<environment.Job instance at 0x7f6912563d20>,83,15,[3 9],84,442,457,358,428
1,<environment.Job instance at 0x7f691234b730>,86,15,[6 2],87,450,465,363,436
1,<environment.Job instance at 0x7f691234bcd0>,89,16,[11  5],90,465,481,375,452
1,<environment.Job instance at 0x7f691234bf50>,90,16,[8 5],91,481,497,390,468
1,<environment.Job instance at 0x7f691234b550>,95,13,[8 4],96,497,510,401,481
1,<environment.Job instance at 0x7f6912563c30>,74,16,[ 3 12],75,510,526,435,498
1,<environment.Job instance at 0x7f691234b190>,98,19,[9 2],99,510,529,411,509
1,<environment.Job instance at 0x7f691234b820>,101,22,[5 2],102,526,548,424,519
1,<environment.Job instance at 0x7f691234baf0>,99,14,[ 1 12],100,529,543,429,519
1,<environment.Job instance at 0x7f6912350c30>,104,18,[ 1 13],105,543,561,438,534
1,<environment.Job instance at 0x7f6912350c80>,105,15,[3 6],106,561,576,455,547
1,<environment.Job instance at 0x7f6912350dc0>,106,13,[11  3],107,561,574,454,547
1,<environment.Job instance at 0x7f691234b780>,103,20,[6 2],104,574,594,470,565
1,<environment.Job instance at 0x7f69123506e0>,108,14,[6 1],109,574,588,465,565
1,<environment.Job instance at 0x7f6912350f00>,107,28,[7 5],108,588,616,480,587
1,<environment.Job instance at 0x7f6912350af0>,111,18,[10  4],112,616,634,504,605
1,<environment.Job instance at 0x7f6912350d20>,113,15,[7 2],114,634,649,520,620
1,<environment.Job instance at 0x7f6912383be0>,29,26,[1 8],30,620,646,590,620
1,<environment.Job instance at 0x7f691238d5f0>,125,15,[6 5],126,634,649,508,625
1,<environment.Job instance at 0x7f6912350be0>,112,25,[10  1],113,649,674,536,645
1,<environment.Job instance at 0x7f691238d8c0>,131,18,[ 2 11],132,649,667,517,645
1,<environment.Job instance at 0x7f691238daa0>,132,13,[11  3],133,674,687,541,658
1,<environment.Job instance at 0x7f691238d050>,133,18,[13  2],134,687,705,553,676
1,<environment.Job instance at 0x7f691238d5a0>,134,28,[7 1],135,705,733,570,704
1,<environment.Job instance at 0x7f691238df50>,135,23,[ 5 13],136,705,728,569,704
1,<environment.Job instance at 0x7f691238dbe0>,136,23,[2 7],137,728,751,591,722
1,<environment.Job instance at 0x7f691238dcd0>,137,28,[ 1 10],138,751,779,613,750
1,<environment.Job instance at 0x7f69123ebfa0>,138,25,[ 2 12],139,779,804,640,775
1,<environment.Job instance at 0x7f6913773690>,139,12,[ 4 14],140,804,816,664,787
1,<environment.Job instance at 0x7f6912350a00>,119,21,[6 1],120,787,808,667,787
1,<environment.Job instance at 0x7f69122a8be0>,140,28,[10  3],141,816,844,675,815
1,<environment.Job instance at 0x7f69123be0a0>,142,15,[4 7],143,816,831,673,815
1,<environment.Job instance at 0x7f6912425dc0>,143,22,[3 5],144,831,853,687,824
1,<environment.Job instance at 0x7f69123bef50>,144,27,[1 7],145,831,858,686,829
1,<environment.Job instance at 0x7f6913368690>,145,28,[11  3],149,844,872,695,843
1,<environment.Job instance at 0x7f6912820dc0>,3,17,[13  5],4,4,21,0,4
1,<environment.Job instance at 0x7f6912820230>,10,12,[9 5],11,21,33,10,11
1,<environment.Job instance at 0x7f6912820d70>,12,12,[9 4],13,33,45,20,16
1,<environment.Job instance at 0x7f6912820c30>,0,27,[2 5],1,16,43,15,16
1,<environment.Job instance at 0x7f69133b1c80>,17,13,[3 7],18,43,56,25,27
1,<environment.Job instance at 0x7f69133b1460>,18,20,[6 2],19,45,65,26,36
1,<environment.Job instance at 0x7f69133b10f0>,19,12,[10  2],20,65,77,45,48
1,<environment.Job instance at 0x7f69133b19b0>,26,12,[2 6],27,48,60,21,48
1,<environment.Job instance at 0x7f69133b18c0>,30,18,[ 2 10],31,60,78,29,49
1,<environment.Job instance at 0x7f6912288a00>,32,13,[9 1],33,77,90,44,61
1,<environment.Job instance at 0x7f6912288370>,33,20,[7 1],34,90,110,56,81
1,<environment.Job instance at 0x7f6912288910>,35,13,[5 7],36,81,94,45,81
1,<environment.Job instance at 0x7f6912288b40>,40,12,[1 8],41,94,106,53,81
1,<environment.Job instance at 0x7f69122885f0>,41,14,[7 4],42,94,108,52,81
1,<environment.Job instance at 0x7f6912288230>,43,15,[2 7],44,108,123,64,94
1,<environment.Job instance at 0x7f6912288a50>,44,16,[3 5],45,108,124,63,95
1,<environment.Job instance at 0x7f6912288550>,49,15,[7 2],50,110,125,60,96
1,<environment.Job instance at 0x7f69122880f0>,50,16,[10  4],51,125,141,74,112
1,<environment.Job instance at 0x7f6913641550>,52,17,[3 9],53,124,141,71,112
1,<environment.Job instance at 0x7f6913641730>,58,17,[8 5],59,141,158,82,129
1,<environment.Job instance at 0x7f69136417d0>,64,19,[5 2],65,141,160,76,131
1,<environment.Job instance at 0x7f6913641410>,65,12,[3 7],66,158,170,92,141
1,<environment.Job instance at 0x7f6913641050>,66,13,[4 5],67,158,171,91,142
1,<environment.Job instance at 0x7f69136415a0>,68,19,[5 5],69,170,189,101,160
1,<environment.Job instance at 0x7f6913825f00>,70,14,[9 2],71,171,185,100,160
1,<environment.Job instance at 0x7f6913825820>,71,15,[3 7],72,185,200,113,171
1,<environment.Job instance at 0x7f6913825b40>,74,18,[3 6],75,189,207,114,178
1,<environment.Job instance at 0x7f6913825190>,75,20,[2 9],76,200,220,124,191
1,<environment.Job instance at 0x7f6913825140>,76,15,[4 9],77,220,235,143,206
1,<environment.Job instance at 0x7f6913825a50>,77,15,[1 6],78,207,222,129,206
1,<environment.Job instance at 0x7f6913825d70>,78,22,[2 9],79,235,257,156,228
1,<environment.Job instance at 0x7f6913687500>,81,16,[5 1],82,228,244,146,228
1,<environment.Job instance at 0x7f6913825eb0>,82,15,[9 3],83,244,259,161,230
1,<environment.Job instance at 0x7f69136877d0>,84,21,[2 7],85,257,278,172,249
1,<environment.Job instance at 0x7f6913687e10>,87,17,[7 1],88,259,276,171,249
1,<environment.Job instance at 0x7f6913687460>,89,19,[ 3 10],90,278,297,188,268
1,<environment.Job instance at 0x7f6913687d20>,90,12,[5 8],91,297,309,206,280
1,<environment.Job instance at 0x7f691383c5a0>,91,20,[10  3],92,280,300,188,280
1,<environment.Job instance at 0x7f691383c5f0>,94,21,[10  1],95,300,321,205,292
1,<environment.Job instance at 0x7f691383c500>,102,16,[ 5 10],103,309,325,206,296
1,<environment.Job instance at 0x7f691383c690>,104,22,[6 2],105,321,343,216,314
1,<environment.Job instance at 0x7f691383c2d0>,106,23,[4 7],107,325,348,218,319
1,<environment.Job instance at 0x7f691383caf0>,107,12,[10  2],108,343,355,235,326
1,<environment.Job instance at 0x7f691383c1e0>,109,16,[3 6],110,326,342,216,326
1,<environment.Job instance at 0x7f691383ceb0>,110,15,[1 6],111,342,357,231,328
1,<environment.Job instance at 0x7f69132544b0>,114,13,[7 5],115,355,368,240,339
1,<environment.Job instance at 0x7f6913254c80>,118,19,[3 5],119,357,376,238,347
1,<environment.Job instance at 0x7f6913254050>,120,14,[4 6],121,368,382,247,353
1,<environment.Job instance at 0x7f6913254af0>,122,15,[9 2],123,376,391,253,362
1,<environment.Job instance at 0x7f6913254640>,123,16,[8 4],124,391,407,267,378
1,<environment.Job instance at 0x7f691c22d050>,126,12,[ 2 10],127,382,394,255,378
1,<environment.Job instance at 0x7f6912e4a320>,131,17,[4 9],132,394,411,262,382
1,<environment.Job instance at 0x7f6912e4a690>,133,13,[7 4],134,407,420,273,391
1,<environment.Job instance at 0x7f6912e4ae10>,137,12,[ 4 10],138,411,423,273,394
1,<environment.Job instance at 0x7f6912e4a550>,138,14,[4 9],139,423,437,284,408
1,<environment.Job instance at 0x7f6912e4a9b0>,142,19,[9 4],143,420,439,277,410
1,<environment.Job instance at 0x7f69131807d0>,143,18,[4 7],144,437,455,293,426
1,<environment.Job instance at 0x7f69133b1500>,16,18,[10  3],17,1336,1354,1319,1336
1,<environment.Job instance at 0x7f6912820460>,11,23,[3 9],12,2718,2741,2706,2718
1,<environment.Job instance at 0x7f69138021e0>,1,14,[12  5],2,2,16,0,2
1,<environment.Job instance at 0x7f6912aa3910>,5,14,[3 5],6,6,20,0,6
1,<environment.Job instance at 0x7f69133b1be0>,2,19,[5 7],3,16,35,13,6
1,<environment.Job instance at 0x7f6912aa7c30>,16,16,[8 4],17,20,36,3,17
1,<environment.Job instance at 0x7f6912aa7280>,17,17,[5 5],18,35,52,17,23
1,<environment.Job instance at 0x7f69127c33c0>,22,18,[2 5],23,35,53,12,24
1,<environment.Job instance at 0x7f69127c3140>,24,15,[2 5],25,36,51,11,25
1,<environment.Job instance at 0x7f69127c3640>,25,15,[7 2],26,51,66,25,37
1,<environment.Job instance at 0x7f6912aa7910>,15,15,[7 1],16,53,68,37,40
1,<environment.Job instance at 0x7f6912aa7b90>,8,15,[12  1],9,68,83,59,58
1,<environment.Job instance at 0x7f69125c39b0>,0,25,[ 2 12],1,66,91,65,62
1,<environment.Job instance at 0x7f6912aa7960>,10,12,[3 5],11,91,103,80,78
1,<environment.Job instance at 0x7f69127c34b0>,26,19,[10  4],27,91,110,64,81
1,<environment.Job instance at 0x7f69127c3d20>,38,19,[2 6],39,91,110,52,81
1,<environment.Job instance at 0x7f69127c3a50>,30,14,[2 9],31,110,124,79,96
1,<environment.Job instance at 0x7f69127c3910>,28,24,[2 6],29,110,134,81,107
1,<environment.Job instance at 0x7f69124e6190>,40,18,[1 7],41,124,142,83,113
1,<environment.Job instance at 0x7f69124e65f0>,47,15,[9 5],48,134,149,86,120
1,<environment.Job instance at 0x7f69124e6690>,48,14,[1 7],49,142,156,93,127
1,<environment.Job instance at 0x7f69124e6730>,49,19,[4 5],50,149,168,99,139
1,<environment.Job instance at 0x7f69127c3e60>,41,19,[4 6],42,156,175,114,146
1,<environment.Job instance at 0x7f69124e69b0>,53,13,[9 1],54,168,181,114,152
1,<environment.Job instance at 0x7f69124e6910>,52,21,[2 8],53,168,189,115,160
1,<environment.Job instance at 0x7f69124e6b90>,56,23,[1 5],57,175,198,118,169
1,<environment.Job instance at 0x7f69127c39b0>,29,21,[1 9],30,189,210,159,181
1,<environment.Job instance at 0x7f69127c3870>,27,24,[14  3],28,198,222,170,193
1,<environment.Job instance at 0x7f69124e6d70>,60,18,[8 2],61,222,240,161,211
1,<environment.Job instance at 0x7f69124e6e10>,61,15,[14  4],62,240,255,178,226
1,<environment.Job instance at 0x7f69124e61e0>,43,17,[2 8],44,255,272,211,250
1,<environment.Job instance at 0x7f69124d0370>,68,17,[6 1],69,255,272,186,251
1,<environment.Job instance at 0x7f69124d04b0>,70,15,[8 2],71,272,287,201,258
1,<environment.Job instance at 0x7f69124d05a0>,73,18,[6 1],74,258,276,184,258
1,<environment.Job instance at 0x7f69124d0910>,76,12,[3 5],77,276,288,199,259
1,<environment.Job instance at 0x7f69124d0af0>,78,14,[6 1],79,287,301,208,272
1,<environment.Job instance at 0x7f69124d0d20>,81,14,[6 5],82,287,301,205,272
1,<environment.Job instance at 0x7f69124d0fa0>,83,21,[3 7],84,288,309,204,280
1,<environment.Job instance at 0x7f69127ba0f0>,87,16,[8 2],88,301,317,213,288
1,<environment.Job instance at 0x7f69127ba3c0>,89,12,[7 5],90,309,321,219,292
1,<environment.Job instance at 0x7f69127ba2d0>,90,16,[6 3],91,317,333,226,304
1,<environment.Job instance at 0x7f69127ba640>,93,19,[8 1],94,321,340,227,311
1,<environment.Job instance at 0x7f69127ba960>,96,15,[8 2],97,340,355,243,326
1,<environment.Job instance at 0x7f691241a910>,97,20,[10  5],98,355,375,257,346
1,<environment.Job instance at 0x7f6912bca820>,101,22,[5 4],102,346,368,244,346
1,<environment.Job instance at 0x7f69123770f0>,102,19,[7 5],103,375,394,272,365
1,<environment.Job instance at 0x7f6912bcad20>,103,17,[ 4 10],104,368,385,264,365
1,<environment.Job instance at 0x7f69122b8fa0>,108,15,[4 5],109,385,400,276,371
1,<environment.Job instance at 0x7f6912bde460>,110,20,[9 5],111,394,414,283,385
1,<environment.Job instance at 0x7f69125b9cd0>,111,21,[9 3],112,414,435,302,406
1,<environment.Job instance at 0x7f691313d6e0>,114,16,[3 6],115,406,422,291,406
1,<environment.Job instance at 0x7f691284dcd0>,118,13,[2 8],119,422,435,303,406
1,<environment.Job instance at 0x7f691285c9b0>,120,15,[5 8],121,435,450,314,421
1,<environment.Job instance at 0x7f691285c5a0>,121,17,[9 2],122,435,452,313,423
1,<environment.Job instance at 0x7f691312c640>,127,15,[6 1],128,450,465,322,436
1,<environment.Job instance at 0x7f6912850370>,128,14,[5 7],129,452,466,323,437
1,<environment.Job instance at 0x7f69122ae460>,132,12,[10  5],133,465,477,332,448
1,<environment.Job instance at 0x7f69122ae780>,133,17,[10  4],134,477,494,343,465
1,<environment.Job instance at 0x7f69122ae730>,134,21,[5 6],135,466,487,331,465
1,<environment.Job instance at 0x7f6912f16e10>,140,16,[8 1],141,494,510,353,481
1,<environment.Job instance at 0x7f69124e6a50>,54,18,[3 9],55,487,505,432,481
1,<environment.Job instance at 0x7f69124e6dc0>,59,15,[14  1],60,699,714,639,699
1,<environment.Job instance at 0x7f6913ad4b40>,1,12,[10  3],2,2,14,0,2
1,<environment.Job instance at 0x7f69124d0050>,2,13,[5 1],3,3,16,0,3
1,<environment.Job instance at 0x7f69124e6f50>,4,13,[9 5],5,14,27,9,5
1,<environment.Job instance at 0x7f69126230f0>,7,18,[5 3],8,16,34,8,9
1,<environment.Job instance at 0x7f6912623b40>,8,15,[9 3],9,27,42,18,13
1,<environment.Job instance at 0x7f6912e155a0>,17,14,[1 8],18,27,41,9,19
1,<environment.Job instance at 0x7f69137f9190>,33,14,[1 7],34,41,55,7,34
1,<environment.Job instance at 0x7f69125108c0>,11,22,[14  2],12,42,64,30,36
1,<environment.Job instance at 0x7f69137f90f0>,34,18,[5 9],35,64,82,29,53
1,<environment.Job instance at 0x7f69137f9550>,38,18,[5 6],39,64,82,25,53
1,<environment.Job instance at 0x7f6913c614b0>,35,18,[12  1],36,82,100,46,71
1,<environment.Job instance at 0x7f6913b07d20>,56,19,[2 8],57,82,101,25,72
1,<environment.Job instance at 0x7f6913b070a0>,60,12,[2 5],61,100,112,39,83
1,<environment.Job instance at 0x7f6913b076e0>,61,13,[9 3],62,101,114,39,85
1,<environment.Job instance at 0x7f6913c12eb0>,64,14,[8 5],65,114,128,49,99
1,<environment.Job instance at 0x7f6913c12cd0>,67,13,[5 9],68,112,125,44,99
1,<environment.Job instance at 0x7f6912569c80>,83,18,[6 3],84,125,143,41,114
1,<environment.Job instance at 0x7f6913751690>,86,16,[2 6],87,128,144,41,115
1,<environment.Job instance at 0x7f6913751aa0>,88,17,[5 5],89,128,145,39,116
1,<environment.Job instance at 0x7f69123d7410>,91,18,[9 5],92,144,162,52,133
1,<environment.Job instance at 0x7f69123d7be0>,94,15,[9 5],95,162,177,67,148
1,<environment.Job instance at 0x7f69123d7aa0>,95,20,[4 6],96,148,168,52,148
1,<environment.Job instance at 0x7f6912f09910>,103,17,[5 7],104,168,185,64,156
1,<environment.Job instance at 0x7f6912f096e0>,106,19,[10  3],107,177,196,70,167
1,<environment.Job instance at 0x7f6912865910>,118,14,[8 5],119,196,210,77,181
1,<environment.Job instance at 0x7f691259a280>,126,13,[7 3],127,196,209,69,181
1,<environment.Job instance at 0x7f69130845a0>,146,17,[7 5],147,209,226,62,197
1,<environment.Job instance at 0x7f691352da50>,147,14,[10  5],148,226,240,78,211
1,<environment.Job instance at 0x7f691354dbe0>,148,15,[8 2],149,211,226,62,211
1,<environment.Job instance at 0x7f6913ad4640>,0,25,[2 8],1,1116,1141,1115,1116
1,<environment.Job instance at 0x7f69125b26e0>,57,21,[3 8],58,1827,1848,1769,1827
1,<environment.Job instance at 0x7f6912f02910>,0,27,[ 4 10],1,2,29,1,2
1,<environment.Job instance at 0x7f6912f02c30>,3,26,[5 3],4,4,30,0,4
1,<environment.Job instance at 0x7f6912425be0>,15,15,[7 3],16,29,44,13,16
1,<environment.Job instance at 0x7f69124258c0>,9,13,[6 2],10,30,43,20,19
1,<environment.Job instance at 0x7f69124252d0>,16,22,[10  2],17,44,66,27,37
1,<environment.Job instance at 0x7f6912425550>,24,18,[5 3],25,43,61,18,37
1,<environment.Job instance at 0x7f6913714870>,25,22,[8 4],26,66,88,40,59
1,<environment.Job instance at 0x7f6913714320>,29,22,[3 5],30,61,83,31,59
1,<environment.Job instance at 0x7f6913714230>,32,18,[5 2],33,83,101,50,72
1,<environment.Job instance at 0x7f69137148c0>,33,16,[ 1 10],34,88,104,54,75
1,<environment.Job instance at 0x7f6913714910>,35,12,[9 5],36,101,113,65,84
1,<environment.Job instance at 0x7f6913714f50>,36,21,[3 7],37,104,125,67,96
1,<environment.Job instance at 0x7f6913714730>,41,21,[9 1],42,113,134,71,105
1,<environment.Job instance at 0x7f6913714550>,43,15,[8 1],44,134,149,90,120
1,<environment.Job instance at 0x7f6913b286e0>,51,16,[4 7],52,125,141,73,120
1,<environment.Job instance at 0x7f6913b28d20>,56,15,[7 3],57,141,156,84,127
1,<environment.Job instance at 0x7f69129de780>,60,21,[7 3],61,149,170,88,141
1,<environment.Job instance at 0x7f69129de4b0>,64,19,[5 1],65,156,175,91,146
1,<environment.Job instance at 0x7f69130437d0>,67,16,[ 3 10],68,156,172,88,146
1,<environment.Job instance at 0x7f69130435a0>,68,13,[8 2],69,172,185,103,156
1,<environment.Job instance at 0x7f69130435f0>,71,15,[3 5],72,175,190,103,161
1,<environment.Job instance at 0x7f69130433c0>,72,13,[6 5],73,185,198,112,169
1,<environment.Job instance at 0x7f6913043730>,74,20,[10  4],75,198,218,123,189
1,<environment.Job instance at 0x7f6912e30870>,77,20,[2 6],78,190,210,112,189
1,<environment.Job instance at 0x7f691c1e5500>,81,15,[4 7],82,210,225,128,196
1,<environment.Job instance at 0x7f6913043a50>,83,15,[ 5 10],84,225,240,141,211
1,<environment.Job instance at 0x7f6913006910>,86,21,[9 1],87,218,239,131,211
1,<environment.Job instance at 0x7f6913abd460>,88,16,[7 5],89,239,255,150,226
1,<environment.Job instance at 0x7f69129a8b40>,91,12,[4 7],92,240,252,148,226
1,<environment.Job instance at 0x7f6913177dc0>,92,18,[10  4],93,255,273,162,244
1,<environment.Job instance at 0x7f69129a85a0>,95,12,[4 9],96,252,264,156,244
1,<environment.Job instance at 0x7f691342c550>,98,14,[1 9],99,264,278,165,249
1,<environment.Job instance at 0x7f6912e9a910>,100,15,[9 4],101,273,288,172,259
1,<environment.Job instance at 0x7f69133b6eb0>,103,13,[1 6],104,278,291,174,262
1,<environment.Job instance at 0x7f69133b6be0>,104,12,[10  3],105,288,300,183,271
1,<environment.Job instance at 0x7f6912a99960>,105,17,[1 6],106,288,305,182,276
1,<environment.Job instance at 0x7f69135ac780>,107,21,[2 8],108,300,321,192,292
1,<environment.Job instance at 0x7f69128c3550>,110,19,[10  1],111,300,319,189,292
1,<environment.Job instance at 0x7f69132a6460>,112,18,[1 5],113,305,323,192,294
1,<environment.Job instance at 0x7f69132a6f00>,113,21,[9 2],114,319,340,205,311
1,<environment.Job instance at 0x7f69130f1c30>,117,18,[8 1],118,340,358,222,329
1,<environment.Job instance at 0x7f69130f1fa0>,119,20,[7 3],120,340,360,220,331
1,<environment.Job instance at 0x7f69130f1730>,124,18,[3 8],125,358,376,233,347
1,<environment.Job instance at 0x7f69130f12d0>,125,22,[3 6],126,360,382,234,353
1,<environment.Job instance at 0x7f69130f1910>,129,17,[6 2],130,376,393,246,364
1,<environment.Job instance at 0x7f69130f1eb0>,130,15,[2 6],131,376,391,245,364
1,<environment.Job instance at 0x7f69130f1410>,131,12,[6 3],132,382,394,250,365
1,<environment.Job instance at 0x7f69130f1f00>,134,17,[7 1],135,393,410,258,381
1,<environment.Job instance at 0x7f69138e6820>,137,17,[9 2],138,410,427,272,398
1,<environment.Job instance at 0x7f69138e68c0>,139,18,[1 6],140,398,416,258,398
1,<environment.Job instance at 0x7f691268c280>,142,16,[4 6],143,398,414,255,398
1,<environment.Job instance at 0x7f691268c1e0>,147,22,[10  4],148,427,449,279,420
1,<environment.Job instance at 0x7f6912623f50>,2,19,[ 1 11],3,436,455,433,436
1,<environment.Job instance at 0x7f6912d001e0>,1,12,[4 5],2,2,14,0,2
1,<environment.Job instance at 0x7f69124250a0>,2,15,[11  5],3,3,18,0,3
1,<environment.Job instance at 0x7f6912615e60>,8,14,[1 7],9,14,28,5,9
1,<environment.Job instance at 0x7f691263c190>,13,14,[ 3 13],14,28,42,14,14
1,<environment.Job instance at 0x7f6912615f00>,9,15,[5 9],10,42,57,32,28
1,<environment.Job instance at 0x7f691263c2d0>,14,19,[5 3],15,42,61,27,32
1,<environment.Job instance at 0x7f691263c5f0>,17,14,[5 6],18,57,71,39,43
1,<environment.Job instance at 0x7f691263c550>,16,15,[ 5 10],17,71,86,54,57
1,<environment.Job instance at 0x7f691263c1e0>,11,16,[4 8],12,86,102,74,73
1,<environment.Job instance at 0x7f691263c7d0>,20,13,[4 8],21,102,115,81,86
1,<environment.Job instance at 0x7f691263c9b0>,23,13,[4 6],24,86,99,62,86
1,<environment.Job instance at 0x7f691263cb90>,26,13,[2 7],27,99,112,72,86
1,<environment.Job instance at 0x7f691263cc30>,27,14,[9 3],28,112,126,84,97
1,<environment.Job instance at 0x7f691263cb40>,29,19,[5 5],30,115,134,85,105
1,<environment.Job instance at 0x7f691263ce60>,30,12,[9 4],31,126,138,95,109
1,<environment.Job instance at 0x7f691263cdc0>,32,25,[2 6],33,134,159,101,130
1,<environment.Job instance at 0x7f69126265f0>,36,15,[5 7],37,138,153,101,130
1,<environment.Job instance at 0x7f6912626640>,40,14,[4 9],41,153,167,112,138
1,<environment.Job instance at 0x7f6912626820>,42,13,[ 3 10],43,167,180,124,151
1,<environment.Job instance at 0x7f6912626a00>,46,18,[8 2],47,159,177,112,151
1,<environment.Job instance at 0x7f6912626410>,48,17,[5 4],49,177,194,128,165
1,<environment.Job instance at 0x7f691263c280>,12,22,[1 6],13,180,202,167,173
1,<environment.Job instance at 0x7f6912626320>,49,22,[3 7],50,194,216,144,187
1,<environment.Job instance at 0x7f6912626a50>,51,21,[3 7],52,202,223,150,194
1,<environment.Job instance at 0x7f6912626780>,53,18,[10  1],54,216,234,162,205
1,<environment.Job instance at 0x7f6912626500>,54,12,[3 7],55,223,235,168,206
1,<environment.Job instance at 0x7f6912626cd0>,56,15,[ 4 10],57,235,250,178,221
1,<environment.Job instance at 0x7f691260a320>,61,13,[7 1],62,234,247,172,222
1,<environment.Job instance at 0x7f691260a5a0>,65,19,[10  3],66,247,266,181,237
1,<environment.Job instance at 0x7f691260a500>,67,16,[4 6],68,250,266,182,237
1,<environment.Job instance at 0x7f691260a690>,68,13,[ 3 10],69,266,279,197,250
1,<environment.Job instance at 0x7f691260a870>,71,15,[6 3],72,266,281,194,252
1,<environment.Job instance at 0x7f691263c690>,18,18,[13  2],19,281,299,262,272
1,<environment.Job instance at 0x7f691260aaf0>,74,22,[10  4],75,299,321,224,292
1,<environment.Job instance at 0x7f691260ad20>,77,21,[3 5],78,299,320,221,293
1,<environment.Job instance at 0x7f691260aaa0>,82,19,[6 2],83,321,340,238,311
1,<environment.Job instance at 0x7f691260f050>,86,13,[3 8],87,320,333,233,315
1,<environment.Job instance at 0x7f691260f730>,89,13,[2 6],90,333,346,243,319
1,<environment.Job instance at 0x7f691260f7d0>,90,17,[6 4],91,321,338,230,319
1,<environment.Job instance at 0x7f691260fb90>,96,20,[2 5],97,338,358,241,329
1,<environment.Job instance at 0x7f691260f500>,97,13,[1 5],98,346,359,248,330
1,<environment.Job instance at 0x7f691260f5a0>,98,21,[7 5],99,346,367,247,338
1,<environment.Job instance at 0x7f691260fe60>,99,15,[3 8],100,359,374,259,347
1,<environment.Job instance at 0x7f691260ffa0>,101,16,[8 4],102,367,383,265,354
1,<environment.Job instance at 0x7f691260feb0>,102,12,[6 4],103,374,386,271,357
1,<environment.Job instance at 0x7f6912634320>,106,25,[1 6],107,374,399,267,370
1,<environment.Job instance at 0x7f6912634780>,112,14,[6 5],113,383,397,270,371
1,<environment.Job instance at 0x7f6912634a00>,116,17,[1 5],117,397,414,280,385
1,<environment.Job instance at 0x7f691263c730>,19,24,[11  3],20,397,421,377,392
1,<environment.Job instance at 0x7f6912634d20>,121,16,[2 8],122,414,430,292,401
1,<environment.Job instance at 0x7f6912634f00>,124,22,[8 3],125,421,443,296,414
1,<environment.Job instance at 0x7f6912631140>,127,19,[3 6],128,430,449,302,420
1,<environment.Job instance at 0x7f6913a875f0>,137,15,[10  2],138,443,458,305,429
1,<environment.Job instance at 0x7f6913a7f690>,142,15,[3 8],143,449,464,306,436
1,<environment.Job instance at 0x7f69128d07d0>,146,13,[2 8],147,464,477,317,450
1,<environment.Job instance at 0x7f6912634dc0>,122,23,[8 4],123,458,481,335,452
1,<environment.Job instance at 0x7f6912626730>,50,16,[ 1 12],51,1515,1531,1464,1515
1,<environment.Job instance at 0x7f6913427e10>,0,26,[14  5],1,1680,1706,1679,1680
1,<environment.Job instance at 0x7f69131fa0a0>,0,19,[5 2],1,1,20,0,1
1,<environment.Job instance at 0x7f6912a2b550>,6,20,[5 1],7,7,27,0,7
1,<environment.Job instance at 0x7f6912a2b820>,9,23,[2 8],10,10,33,0,10
1,<environment.Job instance at 0x7f6912a2baa0>,13,22,[5 5],14,20,42,6,14
1,<environment.Job instance at 0x7f6912f61050>,17,12,[2 6],18,33,45,15,19
1,<environment.Job instance at 0x7f6912f61aa0>,24,13,[11  2],25,42,55,17,27
1,<environment.Job instance at 0x7f6912f61820>,23,16,[5 6],24,55,71,31,42
1,<environment.Job instance at 0x7f691394f4b0>,37,21,[3 6],38,45,66,7,43
1,<environment.Job instance at 0x7f691394fd20>,41,16,[1 6],42,66,82,24,53
1,<environment.Job instance at 0x7f691c6e1a00>,42,18,[9 1],43,66,84,23,55
1,<environment.Job instance at 0x7f6912772c30>,43,18,[10  1],44,84,102,40,73
1,<environment.Job instance at 0x7f6912fece60>,47,21,[6 2],48,102,123,54,94
1,<environment.Job instance at 0x7f6912fec820>,52,19,[8 2],53,102,121,49,94
1,<environment.Job instance at 0x7f6912fecc30>,53,14,[5 6],54,121,135,67,106
1,<environment.Job instance at 0x7f69125e6370>,58,16,[10  1],59,123,139,64,110
1,<environment.Job instance at 0x7f69125e6f50>,60,19,[6 4],61,139,158,78,129
1,<environment.Job instance at 0x7f6912942c80>,63,14,[10  5],64,158,172,94,143
1,<environment.Job instance at 0x7f69122b4820>,69,14,[6 5],70,144,158,74,144
1,<environment.Job instance at 0x7f691364d460>,72,20,[8 4],73,172,192,99,163
1,<environment.Job instance at 0x7f69122ccd20>,73,15,[ 3 10],74,163,178,89,163
1,<environment.Job instance at 0x7f69122cc3c0>,76,18,[1 8],77,178,196,101,167
1,<environment.Job instance at 0x7f69122cc5f0>,79,18,[8 3],80,192,210,112,181
1,<environment.Job instance at 0x7f69124635f0>,82,17,[6 1],83,181,198,98,181
1,<environment.Job instance at 0x7f69124630f0>,86,21,[2 6],87,198,219,111,190
1,<environment.Job instance at 0x7f6912463500>,88,21,[1 6],89,196,217,107,190
1,<environment.Job instance at 0x7f69123e98c0>,104,19,[7 2],105,210,229,105,200
1,<environment.Job instance at 0x7f691367dbe0>,105,13,[5 4],106,217,230,111,201
1,<environment.Job instance at 0x7f6913a86b90>,107,15,[8 2],108,229,244,121,215
1,<environment.Job instance at 0x7f6913553e10>,110,22,[5 5],111,230,252,119,223
1,<environment.Job instance at 0x7f69129d2870>,111,15,[5 6],112,244,259,132,230
1,<environment.Job instance at 0x7f69129d21e0>,113,19,[1 7],114,252,271,138,242
1,<environment.Job instance at 0x7f6912902eb0>,116,18,[5 3],117,259,277,142,248
1,<environment.Job instance at 0x7f69129025f0>,117,14,[7 5],118,259,273,141,248
1,<environment.Job instance at 0x7f6912c634b0>,119,12,[7 3],120,273,285,153,256
1,<environment.Job instance at 0x7f69134817d0>,124,12,[1 6],125,271,283,146,256
1,<environment.Job instance at 0x7f691349c820>,132,20,[10  3],133,285,305,152,276
1,<environment.Job instance at 0x7f691349c230>,133,16,[7 3],134,305,321,171,292
1,<environment.Job instance at 0x7f69128eb6e0>,135,17,[8 3],136,305,322,169,293
1,<environment.Job instance at 0x7f6912f61960>,18,21,[ 2 11],19,321,342,302,313
1,<environment.Job instance at 0x7f6912f610f0>,22,13,[13  1],23,322,335,299,315
1,<environment.Job instance at 0x7f6912f61fa0>,25,16,[13  4],26,335,351,309,324
1,<environment.Job instance at 0x7f6912699730>,139,21,[5 8],140,351,372,211,345
1,<environment.Job instance at 0x7f6912699370>,137,23,[ 1 12],138,372,395,234,367
1,<environment.Job instance at 0x7f6912699820>,141,25,[5 3],142,367,392,225,367
1,<environment.Job instance at 0x7f6912699c80>,142,18,[ 5 12],143,395,413,252,387
1,<environment.Job instance at 0x7f6912699a50>,145,15,[ 2 13],146,413,428,267,399
1,<environment.Job instance at 0x7f6912699aa0>,140,28,[ 4 10],141,428,456,287,427
1,<environment.Job instance at 0x7f6913487eb0>,146,27,[7 5],147,428,455,281,427
1,<environment.Job instance at 0x7f69126873c0>,148,25,[13  4],149,456,481,307,452
1,<environment.Job instance at 0x7f6912699870>,138,14,[5 6],139,583,597,444,583
1,<environment.Job instance at 0x7f69131fac80>,1,28,[13  4],2,597,625,595,596
1,<environment.Job instance at 0x7f6913837910>,2,16,[ 2 10],3,3,19,0,3
1,<environment.Job instance at 0x7f69131fac80>,5,16,[ 5 10],6,19,35,13,7
1,<environment.Job instance at 0x7f6913837af0>,6,13,[10  3],7,11,24,4,11
1,<environment.Job instance at 0x7f69138372d0>,7,18,[10  5],8,24,42,16,13
1,<environment.Job instance at 0x7f691c660a50>,15,12,[1 8],16,35,47,19,25
1,<environment.Job instance at 0x7f691c660c80>,16,14,[6 4],17,42,56,25,27
1,<environment.Job instance at 0x7f69136cf9b0>,17,14,[3 7],18,47,61,29,32
1,<environment.Job instance at 0x7f69136cfaf0>,19,15,[2 8],20,56,71,36,45
1,<environment.Job instance at 0x7f69136cf6e0>,21,12,[7 5],22,61,73,39,45
1,<environment.Job instance at 0x7f69136cf280>,23,16,[5 3],24,71,87,47,58
1,<environment.Job instance at 0x7f69138374b0>,9,16,[ 5 12],10,73,89,63,60
1,<environment.Job instance at 0x7f6913106910>,66,12,[3 8],67,89,101,22,72
1,<environment.Job instance at 0x7f691c5e7c30>,73,16,[9 1],74,87,103,13,74
1,<environment.Job instance at 0x7f6913b945a0>,78,18,[6 3],79,101,119,22,90
1,<environment.Job instance at 0x7f6912365230>,82,16,[6 2],83,103,119,20,91
1,<environment.Job instance at 0x7f691c27c500>,87,12,[8 4],88,119,131,31,102
1,<environment.Job instance at 0x7f6912ecfbe0>,89,18,[3 5],90,104,122,14,104
1,<environment.Job instance at 0x7f6912ecf280>,94,15,[1 6],95,119,134,24,108
1,<environment.Job instance at 0x7f69122979b0>,98,17,[7 2],99,131,148,32,120
1,<environment.Job instance at 0x7f6912297460>,101,18,[6 3],102,122,140,20,120
1,<environment.Job instance at 0x7f691371bd70>,104,19,[3 8],105,140,159,35,130
1,<environment.Job instance at 0x7f691371b140>,106,13,[5 5],107,140,153,33,130
1,<environment.Job instance at 0x7f69136cf140>,29,25,[9 3],30,153,178,123,149
1,<environment.Job instance at 0x7f6913bf5690>,118,23,[13  4],119,178,201,59,172
1,<environment.Job instance at 0x7f6913bf5c30>,119,16,[2 7],120,176,192,56,176
1,<environment.Job instance at 0x7f69136351e0>,120,16,[6 5],121,201,217,80,188
1,<environment.Job instance at 0x7f6913635d70>,121,17,[ 3 10],122,201,218,79,189
1,<environment.Job instance at 0x7f6913635550>,122,13,[6 2],123,217,230,94,201
1,<environment.Job instance at 0x7f6913635910>,123,21,[1 5],124,218,239,94,210
1,<environment.Job instance at 0x7f6913635640>,124,15,[3 6],125,218,233,93,210
1,<environment.Job instance at 0x7f6913791e10>,125,20,[11  5],126,233,253,107,225
1,<environment.Job instance at 0x7f6913a891e0>,117,21,[4 8],118,239,260,121,233
1,<environment.Job instance at 0x7f6913791320>,127,21,[3 6],128,253,274,125,245
1,<environment.Job instance at 0x7f6912a2be10>,0,20,[11  5],1,260,280,259,251
1,<environment.Job instance at 0x7f6913791a00>,129,18,[9 1],130,280,298,150,270
1,<environment.Job instance at 0x7f6913753410>,130,13,[ 1 14],131,280,293,149,270
1,<environment.Job instance at 0x7f69137533c0>,131,23,[5 6],132,293,316,161,287
1,<environment.Job instance at 0x7f6913791f00>,128,21,[9 1],129,308,329,179,308
1,<environment.Job instance at 0x7f691229a3c0>,145,20,[8 4],146,329,349,183,320
1,<environment.Job instance at 0x7f691229aa50>,146,22,[10  2],147,349,371,202,342
1,<environment.Job instance at 0x7f6913753be0>,132,24,[ 4 14],133,371,395,238,366
1,<environment.Job instance at 0x7f69127f99b0>,0,18,[ 3 12],1,1,19,0,1
1,<environment.Job instance at 0x7f69127f9910>,5,24,[1 9],6,19,43,13,14
1,<environment.Job instance at 0x7f6913369e10>,12,15,[3 5],13,25,40,12,25
1,<environment.Job instance at 0x7f69133694b0>,13,27,[10  2],14,40,67,26,38
1,<environment.Job instance at 0x7f6913369af0>,11,18,[ 4 10],12,62,80,50,62
1,<environment.Job instance at 0x7f69133695a0>,15,28,[11  5],16,67,95,51,66
1,<environment.Job instance at 0x7f6912e79230>,22,17,[3 5],23,80,97,57,69
1,<environment.Job instance at 0x7f6913753460>,1,18,[11  4],2,95,113,93,91
1,<environment.Job instance at 0x7f69127f90f0>,9,23,[13  4],10,113,136,103,107
1,<environment.Job instance at 0x7f6912e79690>,25,17,[14  3],26,136,153,110,124
1,<environment.Job instance at 0x7f6912fa5cd0>,26,25,[13  2],27,153,178,126,149
1,<environment.Job instance at 0x7f6913ba4aa0>,27,13,[ 1 13],28,153,166,125,149
1,<environment.Job instance at 0x7f691306eeb0>,28,22,[ 2 11],29,166,188,137,159
1,<environment.Job instance at 0x7f69124d0cd0>,29,14,[12  4],30,178,192,148,163
1,<environment.Job instance at 0x7f6913599a00>,30,23,[6 5],31,192,215,161,186
1,<environment.Job instance at 0x7f69128abbe0>,31,24,[6 4],32,192,216,160,187
1,<environment.Job instance at 0x7f69128ab460>,32,21,[ 3 11],33,215,236,182,207
1,<environment.Job instance at 0x7f69128ab410>,33,20,[13  1],34,236,256,202,227
1,<environment.Job instance at 0x7f69125a91e0>,34,18,[ 4 13],35,256,274,221,245
1,<environment.Job instance at 0x7f69128ab0a0>,35,13,[13  4],36,274,287,238,258
1,<environment.Job instance at 0x7f69128abb90>,36,15,[ 4 12],37,287,302,250,273
1,<environment.Job instance at 0x7f69122d1140>,37,23,[1 5],38,302,325,264,296
1,<environment.Job instance at 0x7f6912f203c0>,38,20,[12  2],39,302,322,263,296
1,<environment.Job instance at 0x7f6912f20d70>,39,16,[ 1 13],40,325,341,285,312
1,<environment.Job instance at 0x7f6912f20410>,40,25,[4 9],41,341,366,300,337
1,<environment.Job instance at 0x7f6912f20550>,41,24,[5 1],42,337,361,295,337
1,<environment.Job instance at 0x7f691382a910>,42,19,[6 5],43,341,360,298,337
1,<environment.Job instance at 0x7f6913047050>,43,22,[11  4],44,361,383,317,354
1,<environment.Job instance at 0x7f6912a32410>,44,28,[14  4],45,383,411,338,382
1,<environment.Job instance at 0x7f69130478c0>,45,22,[13  4],46,411,433,365,404
1,<environment.Job instance at 0x7f6912a325f0>,46,28,[11  4],47,433,461,386,432
1,<environment.Job instance at 0x7f6912758f50>,47,19,[9 5],48,461,480,413,451
1,<environment.Job instance at 0x7f69136b19b0>,48,18,[ 5 13],49,480,498,431,469
1,<environment.Job instance at 0x7f69136b1870>,49,26,[1 5],50,498,524,448,495
1,<environment.Job instance at 0x7f69136b1eb0>,50,28,[8 1],51,495,523,444,495
1,<environment.Job instance at 0x7f69136b1780>,51,21,[1 5],52,498,519,446,495
1,<environment.Job instance at 0x7f69136b1910>,52,25,[9 4],53,523,548,470,519
1,<environment.Job instance at 0x7f69136b14b0>,53,22,[ 4 10],54,524,546,470,519
1,<environment.Job instance at 0x7f69136b1cd0>,54,19,[1 9],55,546,565,491,536
1,<environment.Job instance at 0x7f6913bbc460>,55,13,[11  4],56,548,561,492,536
1,<environment.Job instance at 0x7f6913bbce60>,56,17,[ 4 11],57,565,582,508,553
1,<environment.Job instance at 0x7f6912c76140>,23,18,[ 3 10],24,582,600,558,574
1,<environment.Job instance at 0x7f6913bbc8c0>,60,15,[ 4 14],61,600,615,539,586
1,<environment.Job instance at 0x7f6913bbca00>,57,24,[13  5],58,615,639,557,610
1,<environment.Job instance at 0x7f6913bbc410>,63,27,[10  2],64,639,666,575,637
1,<environment.Job instance at 0x7f6913bbcc80>,64,17,[8 5],65,666,683,601,654
1,<environment.Job instance at 0x7f6913bbc0f0>,65,27,[8 1],66,683,710,617,681
1,<environment.Job instance at 0x7f6912c50d70>,66,27,[7 2],67,681,708,614,681
1,<environment.Job instance at 0x7f6912c50280>,67,15,[12  5],68,710,725,642,696
1,<environment.Job instance at 0x7f6912c50460>,68,23,[13  3],69,725,748,656,719
1,<environment.Job instance at 0x7f69129da2d0>,69,20,[2 5],70,719,739,649,719
1,<environment.Job instance at 0x7f6913b080f0>,70,24,[3 9],71,748,772,677,743
1,<environment.Job instance at 0x7f69129dad20>,71,22,[9 4],72,748,770,676,747
1,<environment.Job instance at 0x7f69136e73c0>,72,20,[7 3],73,770,790,697,761
1,<environment.Job instance at 0x7f69130615a0>,73,27,[4 6],74,772,799,698,770
1,<environment.Job instance at 0x7f69130612d0>,74,26,[ 4 10],75,799,825,724,796
1,<environment.Job instance at 0x7f6913061460>,75,15,[14  4],76,825,840,749,811
1,<environment.Job instance at 0x7f6912ad9a50>,76,26,[13  5],77,840,866,763,837
1,<environment.Job instance at 0x7f6912b3e910>,77,14,[ 1 12],78,866,880,788,851
1,<environment.Job instance at 0x7f69125c6c80>,78,27,[ 3 12],79,880,907,801,878
1,<environment.Job instance at 0x7f6912dd10a0>,79,12,[4 6],80,907,919,827,890
1,<environment.Job instance at 0x7f6912ded690>,80,16,[ 1 10],81,919,935,838,906
1,<environment.Job instance at 0x7f6912dd1fa0>,81,15,[4 8],82,935,950,853,921
1,<environment.Job instance at 0x7f6913325eb0>,82,28,[ 1 13],83,950,978,867,949
1,<environment.Job instance at 0x7f6913325870>,83,14,[13  1],84,950,964,866,949
1,<environment.Job instance at 0x7f69131febe0>,84,25,[12  2],85,964,989,879,960
1,<environment.Job instance at 0x7f6912a13730>,85,17,[10  3],86,989,1006,903,977
1,<environment.Job instance at 0x7f6912a13690>,86,27,[ 5 14],87,1006,1033,919,1004
1,<environment.Job instance at 0x7f6912a13aa0>,87,13,[14  4],88,1033,1046,945,1017
1,<environment.Job instance at 0x7f6912a13870>,88,19,[13  2],89,1046,1065,957,1036
1,<environment.Job instance at 0x7f6912a13230>,89,21,[5 1],90,1065,1086,975,1057
1,<environment.Job instance at 0x7f6912a13c80>,90,14,[1 8],91,1057,1071,966,1057
1,<environment.Job instance at 0x7f6913bbc3c0>,62,21,[5 7],63,1071,1092,1008,1066
1,<environment.Job instance at 0x7f6912a13320>,91,17,[13  4],92,1092,1109,1000,1080
1,<environment.Job instance at 0x7f6912a13780>,93,23,[5 2],94,1109,1132,1015,1103
1,<environment.Job instance at 0x7f6912a13820>,94,13,[11  2],95,1132,1145,1037,1116
1,<environment.Job instance at 0x7f691238e5a0>,95,14,[6 2],96,1116,1130,1020,1116
1,<environment.Job instance at 0x7f6912a131e0>,92,23,[3 6],93,1128,1151,1035,1128
1,<environment.Job instance at 0x7f691238e870>,96,22,[6 5],97,1145,1167,1048,1138
1,<environment.Job instance at 0x7f691238ec30>,97,28,[5 3],98,1145,1173,1047,1144
1,<environment.Job instance at 0x7f691238eaf0>,99,23,[5 2],100,1167,1190,1067,1161
1,<environment.Job instance at 0x7f691238eb90>,98,23,[8 5],99,1177,1200,1078,1177
1,<environment.Job instance at 0x7f691238e7d0>,102,28,[ 5 13],103,1200,1228,1097,1199
1,<environment.Job instance at 0x7f691238e3c0>,103,22,[10  5],104,1228,1250,1124,1221
1,<environment.Job instance at 0x7f691238ea00>,104,15,[11  1],105,1250,1265,1145,1236
1,<environment.Job instance at 0x7f691238e140>,105,19,[ 1 12],106,1250,1269,1144,1240
1,<environment.Job instance at 0x7f69123a1320>,106,17,[7 4],107,1269,1286,1162,1257
1,<environment.Job instance at 0x7f69123a1190>,107,13,[ 2 11],108,1269,1282,1161,1257
1,<environment.Job instance at 0x7f69123a13c0>,108,20,[ 3 12],109,1286,1306,1177,1277
1,<environment.Job instance at 0x7f69123a17d0>,109,23,[10  1],110,1286,1309,1176,1282
1,<environment.Job instance at 0x7f69123a14b0>,110,20,[7 4],111,1309,1329,1198,1300
1,<environment.Job instance at 0x7f69123a1820>,111,20,[1 9],112,1306,1326,1194,1300
1,<environment.Job instance at 0x7f69123a1500>,112,27,[ 5 10],113,1326,1353,1213,1324
1,<environment.Job instance at 0x7f69123a1a50>,113,13,[ 4 10],114,1353,1366,1239,1337
1,<environment.Job instance at 0x7f691238e9b0>,101,28,[10  4],102,1338,1366,1236,1338
1,<environment.Job instance at 0x7f69123a1b90>,114,18,[12  3],115,1366,1384,1251,1355
1,<environment.Job instance at 0x7f69123a1370>,116,12,[ 1 13],117,1384,1396,1267,1367
1,<environment.Job instance at 0x7f69123a1730>,117,27,[14  1],118,1384,1411,1266,1382
1,<environment.Job instance at 0x7f69123a1550>,118,14,[5 6],119,1411,1425,1292,1396
1,<environment.Job instance at 0x7f69123a15a0>,115,19,[1 5],116,1405,1424,1289,1405
1,<environment.Job instance at 0x7f69123a1c80>,119,19,[13  5],120,1425,1444,1305,1416
1,<environment.Job instance at 0x7f6912e451e0>,121,22,[12  2],122,1444,1466,1322,1437
1,<environment.Job instance at 0x7f6912e45730>,122,16,[3 6],123,1444,1460,1321,1437
1,<environment.Job instance at 0x7f6912e45190>,123,15,[13  2],124,1466,1481,1342,1452
1,<environment.Job instance at 0x7f6912e45c30>,120,24,[12  5],121,1481,1505,1360,1476
1,<environment.Job instance at 0x7f6912e45820>,125,13,[ 1 14],126,1505,1518,1379,1489
1,<environment.Job instance at 0x7f6912e45be0>,126,27,[5 5],127,1518,1545,1391,1516
1,<environment.Job instance at 0x7f6912e45e10>,128,28,[ 2 10],129,1518,1546,1389,1517
1,<environment.Job instance at 0x7f6912e45500>,129,18,[ 4 11],130,1546,1564,1416,1542
1,<environment.Job instance at 0x7f6912e45370>,124,26,[9 4],125,1545,1571,1420,1543
1,<environment.Job instance at 0x7f6912e45870>,131,12,[11  2],132,1571,1583,1439,1554
1,<environment.Job instance at 0x7f6912e459b0>,132,27,[3 7],133,1564,1591,1431,1562
1,<environment.Job instance at 0x7f691277be10>,133,22,[ 1 11],134,1591,1613,1457,1584
1,<environment.Job instance at 0x7f691277b0a0>,134,12,[2 7],135,1613,1625,1478,1596
1,<environment.Job instance at 0x7f691277b4b0>,135,12,[5 6],136,1613,1625,1477,1596
1,<environment.Job instance at 0x7f691277bb40>,136,12,[ 2 13],137,1625,1637,1488,1608
1,<environment.Job instance at 0x7f691277baf0>,137,18,[6 5],138,1637,1655,1499,1626
1,<environment.Job instance at 0x7f691277b960>,138,15,[11  5],139,1655,1670,1516,1641
1,<environment.Job instance at 0x7f691277ba00>,139,25,[5 2],140,1670,1695,1530,1666
1,<environment.Job instance at 0x7f691277bd20>,140,15,[2 6],141,1666,1681,1525,1666
1,<environment.Job instance at 0x7f691277b7d0>,141,19,[10  2],142,1681,1700,1539,1672
1,<environment.Job instance at 0x7f691277b050>,142,24,[5 9],143,1695,1719,1552,1690
1,<environment.Job instance at 0x7f691277b5a0>,143,18,[ 1 12],144,1719,1737,1575,1708
1,<environment.Job instance at 0x7f691277b820>,144,28,[13  5],145,1737,1765,1592,1736
1,<environment.Job instance at 0x7f691277bc30>,145,13,[ 2 11],146,1765,1778,1619,1749
1,<environment.Job instance at 0x7f691277beb0>,146,14,[7 2],147,1765,1779,1618,1750
1,<environment.Job instance at 0x7f69124e5370>,1,18,[11  5],2,2,20,0,2
1,<environment.Job instance at 0x7f69134f0fa0>,11,18,[2 6],12,12,30,0,12
1,<environment.Job instance at 0x7f691350aeb0>,13,23,[8 2],14,20,43,6,14
1,<environment.Job instance at 0x7f691350a870>,18,20,[5 6],19,21,41,2,21
1,<environment.Job instance at 0x7f69124d94b0>,22,13,[2 5],23,30,43,7,23
1,<environment.Job instance at 0x7f69124d98c0>,23,16,[ 4 10],24,43,59,19,30
1,<environment.Job instance at 0x7f69124d9550>,25,12,[1 7],26,59,71,33,42
1,<environment.Job instance at 0x7f69135122d0>,26,16,[8 1],27,43,59,16,42
1,<environment.Job instance at 0x7f69135120f0>,27,14,[9 3],28,59,73,31,44
1,<environment.Job instance at 0x7f69135124b0>,29,12,[8 3],30,73,85,43,56
1,<environment.Job instance at 0x7f69135126e0>,30,20,[2 8],31,71,91,40,63
1,<environment.Job instance at 0x7f6913512d20>,33,15,[9 1],34,85,100,51,71
1,<environment.Job instance at 0x7f691350a410>,17,15,[10  3],18,100,115,82,89
1,<environment.Job instance at 0x7f69135121e0>,36,17,[10  3],37,115,132,78,103
1,<environment.Job instance at 0x7f69130c1a00>,44,14,[9 2],45,132,146,87,117
1,<environment.Job instance at 0x7f691350a2d0>,19,18,[14  5],20,146,164,126,135
1,<environment.Job instance at 0x7f691320b1e0>,50,22,[1 6],51,135,157,84,135
1,<environment.Job instance at 0x7f69124d9dc0>,49,15,[11  5],50,164,179,114,153
1,<environment.Job instance at 0x7f691282ca50>,52,17,[9 5],53,179,196,126,172
1,<environment.Job instance at 0x7f69126d5730>,55,20,[3 9],56,186,206,130,186
1,<environment.Job instance at 0x7f691280d870>,51,24,[12  2],52,196,220,144,191
1,<environment.Job instance at 0x7f69131e7b90>,60,27,[1 9],61,206,233,145,204
1,<environment.Job instance at 0x7f6912408fa0>,61,26,[6 4],62,220,246,158,218
1,<environment.Job instance at 0x7f6912408460>,62,13,[8 2],63,220,233,157,218
1,<environment.Job instance at 0x7f69132089b0>,63,12,[9 1],64,233,245,169,218
1,<environment.Job instance at 0x7f6912420410>,59,16,[5 8],60,245,261,185,235
1,<environment.Job instance at 0x7f69124f8a00>,65,17,[ 3 10],66,261,278,195,250
1,<environment.Job instance at 0x7f6912822730>,64,24,[12  1],65,261,285,196,256
1,<environment.Job instance at 0x7f691289a410>,75,15,[5 8],76,285,300,209,272
1,<environment.Job instance at 0x7f69128aff50>,95,18,[7 4],96,285,303,189,275
1,<environment.Job instance at 0x7f69128af0a0>,97,18,[6 1],98,300,318,202,294
1,<environment.Job instance at 0x7f691289a4b0>,68,28,[8 3],69,303,331,234,302
1,<environment.Job instance at 0x7f69128af280>,99,17,[12  4],100,331,348,231,319
1,<environment.Job instance at 0x7f69128af500>,102,12,[5 9],103,348,360,245,336
1,<environment.Job instance at 0x7f691240e050>,103,15,[10  5],104,348,363,244,336
1,<environment.Job instance at 0x7f691289d960>,107,18,[5 4],108,360,378,252,349
1,<environment.Job instance at 0x7f691289d230>,112,20,[2 7],113,363,383,250,354
1,<environment.Job instance at 0x7f691289da00>,114,13,[3 5],115,378,391,263,362
1,<environment.Job instance at 0x7f69128afdc0>,100,18,[ 4 10],101,383,401,282,372
1,<environment.Job instance at 0x7f691289d3c0>,116,12,[12  3],117,401,413,284,384
1,<environment.Job instance at 0x7f6912438690>,117,12,[13  5],118,413,425,295,396
1,<environment.Job instance at 0x7f6913512f00>,37,21,[14  5],38,425,446,387,417
1,<environment.Job instance at 0x7f6912438be0>,119,18,[3 6],120,446,464,326,436
1,<environment.Job instance at 0x7f6912438c80>,120,15,[12  1],121,446,461,325,436
1,<environment.Job instance at 0x7f6912438910>,121,13,[12  3],122,461,474,339,445
1,<environment.Job instance at 0x7f69128ba730>,122,13,[2 9],123,464,477,341,448
1,<environment.Job instance at 0x7f69128c57d0>,123,12,[14  1],124,477,489,353,460
1,<environment.Job instance at 0x7f691289d5f0>,115,19,[4 8],116,489,508,373,481
1,<environment.Job instance at 0x7f69128c5730>,127,27,[1 6],128,496,523,368,496
1,<environment.Job instance at 0x7f69128c5a00>,124,21,[4 9],125,508,529,383,500
1,<environment.Job instance at 0x7f69128c5d70>,133,21,[5 6],134,523,544,389,515
1,<environment.Job instance at 0x7f69129dc320>,134,19,[10  4],135,529,548,394,519
1,<environment.Job instance at 0x7f6912882e10>,136,21,[8 2],137,548,569,411,543
1,<environment.Job instance at 0x7f6912897820>,138,14,[3 8],139,544,558,405,543
1,<environment.Job instance at 0x7f69131e4be0>,144,12,[3 8],145,558,570,413,544
1,<environment.Job instance at 0x7f6912894b40>,137,16,[8 5],138,569,585,431,556
1,<environment.Job instance at 0x7f691350a190>,15,18,[3 8],16,570,588,554,559
1,<environment.Job instance at 0x7f691289d6e0>,118,26,[11  5],119,709,735,590,709
1,<environment.Job instance at 0x7f691309d1e0>,148,20,[3 9],149,8577,8597,8428,8577
1,<environment.Job instance at 0x7f691309d1e0>,3,13,[11  5],4,4,17,0,4
1,<environment.Job instance at 0x7f691320b8c0>,10,18,[3 8],11,11,29,0,11
1,<environment.Job instance at 0x7f691320b820>,12,17,[7 2],13,17,34,4,13
1,<environment.Job instance at 0x7f691320b2d0>,15,18,[3 9],16,29,47,13,18
1,<environment.Job instance at 0x7f691320bdc0>,21,13,[5 1],22,24,37,2,24
1,<environment.Job instance at 0x7f691282cc30>,25,22,[6 5],26,34,56,8,27
1,<environment.Job instance at 0x7f691320b050>,26,21,[6 5],27,47,68,20,39
1,<environment.Job instance at 0x7f691282cdc0>,28,15,[7 2],29,56,71,27,42
1,<environment.Job instance at 0x7f691282c370>,30,18,[3 9],31,68,86,37,57
1,<environment.Job instance at 0x7f691282ccd0>,35,18,[5 3],36,68,86,32,57
1,<environment.Job instance at 0x7f691282ca00>,39,16,[5 5],40,86,102,46,73
1,<environment.Job instance at 0x7f691282c8c0>,40,12,[7 5],41,86,98,45,73
1,<environment.Job instance at 0x7f691282c690>,43,15,[5 2],44,98,113,54,84
1,<environment.Job instance at 0x7f691240fbe0>,45,18,[5 9],46,102,120,56,91
1,<environment.Job instance at 0x7f691240f320>,46,16,[5 7],47,120,136,73,107
1,<environment.Job instance at 0x7f691240f960>,49,12,[3 5],50,113,125,63,107
1,<environment.Job instance at 0x7f691240fb90>,51,18,[8 1],52,125,143,73,114
1,<environment.Job instance at 0x7f6912432640>,64,14,[5 2],65,136,150,71,121
1,<environment.Job instance at 0x7f69124204b0>,75,17,[9 2],76,143,160,67,131
1,<environment.Job instance at 0x7f6912420cd0>,76,14,[7 2],77,160,174,83,145
1,<environment.Job instance at 0x7f6912420320>,78,12,[5 7],79,150,162,71,145
1,<environment.Job instance at 0x7f6912420c80>,80,18,[5 4],81,162,180,81,151
1,<environment.Job instance at 0x7f6912420960>,81,12,[1 8],82,162,174,80,151
1,<environment.Job instance at 0x7f6912420730>,82,21,[4 7],83,174,195,91,166
1,<environment.Job instance at 0x7f6912427fa0>,88,12,[1 6],89,180,192,91,166
1,<environment.Job instance at 0x7f6912427640>,92,19,[4 8],93,192,211,99,182
1,<environment.Job instance at 0x7f6912427280>,98,19,[10  2],99,195,214,96,185
1,<environment.Job instance at 0x7f691320beb0>,23,21,[ 4 12],24,211,232,187,203
1,<environment.Job instance at 0x7f69124367d0>,101,25,[3 7],102,232,257,130,228
1,<environment.Job instance at 0x7f6912427410>,100,19,[10  4],101,232,251,131,230
1,<environment.Job instance at 0x7f6912436050>,109,17,[10  4],110,251,268,141,239
1,<environment.Job instance at 0x7f69124363c0>,110,12,[6 3],111,268,280,157,251
1,<environment.Job instance at 0x7f6912824a00>,114,14,[6 2],115,268,282,153,253
1,<environment.Job instance at 0x7f6912436550>,102,13,[ 2 13],103,280,293,177,264
1,<environment.Job instance at 0x7f6912824aa0>,118,20,[6 3],119,293,313,174,284
1,<environment.Job instance at 0x7f6912824af0>,120,18,[5 2],121,284,302,163,284
1,<environment.Job instance at 0x7f6912824820>,125,14,[5 3],126,302,316,176,287
1,<environment.Job instance at 0x7f69128435f0>,126,13,[7 4],127,313,326,186,297
1,<environment.Job instance at 0x7f6912824d70>,119,22,[ 1 10],120,316,338,196,309
1,<environment.Job instance at 0x7f6912843e60>,131,18,[10  4],132,326,344,194,315
1,<environment.Job instance at 0x7f69128438c0>,133,13,[ 5 10],134,338,351,204,322
1,<environment.Job instance at 0x7f6912843f00>,135,15,[1 5],136,344,359,208,330
1,<environment.Job instance at 0x7f69139beb40>,136,18,[3 8],137,351,369,214,340
1,<environment.Job instance at 0x7f6912f000f0>,137,15,[3 9],138,369,384,231,355
1,<environment.Job instance at 0x7f691320baf0>,22,15,[ 3 11],23,384,399,361,371
1,<environment.Job instance at 0x7f6912d3e7d0>,141,19,[4 7],142,399,418,257,389
1,<environment.Job instance at 0x7f691286ebe0>,146,22,[5 1],147,389,411,242,389
1,<environment.Job instance at 0x7f691c236a00>,148,13,[5 8],149,411,424,262,395
1,<environment.Job instance at 0x7f69122889b0>,142,18,[14  3],143,424,442,281,416
1,<environment.Job instance at 0x7f691320bf50>,19,21,[4 6],20,442,463,422,441
1,<environment.Job instance at 0x7f69129e2eb0>,0,27,[14  2],1,463,490,462,461
1,<environment.Job instance at 0x7f69128a8550>,4,21,[5 6],5,5,26,0,5
1,<environment.Job instance at 0x7f69128a8e60>,5,17,[10  4],6,6,23,0,6
1,<environment.Job instance at 0x7f6912c8beb0>,10,14,[3 5],11,23,37,12,11
1,<environment.Job instance at 0x7f6912c8b190>,14,17,[12  2],15,26,43,11,15
1,<environment.Job instance at 0x7f691c7cd0f0>,20,20,[8 2],21,43,63,22,34
1,<environment.Job instance at 0x7f691313bd70>,24,15,[3 5],25,37,52,12,34
1,<environment.Job instance at 0x7f691313b640>,31,13,[8 2],32,63,76,31,47
1,<environment.Job instance at 0x7f691313b820>,32,13,[4 8],33,47,60,14,47
1,<environment.Job instance at 0x7f691394cdc0>,37,19,[4 8],38,60,79,22,50
1,<environment.Job instance at 0x7f691394cfa0>,39,22,[7 3],40,76,98,36,69
1,<environment.Job instance at 0x7f691394c5f0>,41,15,[10  5],42,98,113,56,84
1,<environment.Job instance at 0x7f691394c1e0>,42,16,[4 8],43,84,100,41,84
1,<environment.Job instance at 0x7f691394c5a0>,48,23,[6 4],49,113,136,64,107
1,<environment.Job instance at 0x7f691394cb40>,51,14,[4 8],52,107,121,55,107
1,<environment.Job instance at 0x7f691278d140>,56,14,[5 3],57,113,127,56,107
1,<environment.Job instance at 0x7f691278de10>,57,20,[10  4],58,136,156,78,127
1,<environment.Job instance at 0x7f691278df00>,58,16,[1 7],59,127,143,68,127
1,<environment.Job instance at 0x7f6913bb6d70>,69,13,[9 5],70,156,169,86,140
1,<environment.Job instance at 0x7f6913bb6820>,72,17,[9 2],73,169,186,96,157
1,<environment.Job instance at 0x7f6913bb68c0>,75,20,[1 5],76,157,177,81,157
1,<environment.Job instance at 0x7f6913bb60a0>,76,18,[5 7],77,169,187,92,158
1,<environment.Job instance at 0x7f6913bb6a50>,81,20,[7 5],82,186,206,104,177
1,<environment.Job instance at 0x7f6913bb6050>,82,20,[5 5],83,187,207,104,178
1,<environment.Job instance at 0x7f6913a37a50>,86,17,[1 7],87,206,223,119,194
1,<environment.Job instance at 0x7f6913a37870>,87,13,[5 1],88,206,219,118,194
1,<environment.Job instance at 0x7f6913a376e0>,88,14,[7 3],89,207,221,118,194
1,<environment.Job instance at 0x7f6913a37550>,93,13,[7 5],94,219,232,125,203
1,<environment.Job instance at 0x7f6913a375a0>,94,14,[2 5],95,223,237,128,208
1,<environment.Job instance at 0x7f69126a5d70>,110,13,[5 5],111,223,236,112,208
1,<environment.Job instance at 0x7f6913282f50>,111,13,[4 6],112,236,249,124,220
1,<environment.Job instance at 0x7f69132825a0>,113,18,[2 5],114,237,255,123,226
1,<environment.Job instance at 0x7f6913282960>,117,18,[5 3],118,232,250,114,226
1,<environment.Job instance at 0x7f6913282be0>,118,17,[8 1],119,249,266,130,237
1,<environment.Job instance at 0x7f6913535be0>,121,21,[ 4 10],122,255,276,133,247
1,<environment.Job instance at 0x7f69135353c0>,122,17,[7 2],123,266,283,143,254
1,<environment.Job instance at 0x7f6913535fa0>,123,13,[9 5],124,283,296,159,267
1,<environment.Job instance at 0x7f6913535780>,126,21,[2 7],127,276,297,149,268
1,<environment.Job instance at 0x7f6913535af0>,127,14,[5 6],128,296,310,168,281
1,<environment.Job instance at 0x7f6913342cd0>,131,13,[1 7],132,297,310,165,289
1,<environment.Job instance at 0x7f69124d3b90>,134,16,[5 4],135,310,326,175,297
1,<environment.Job instance at 0x7f69122f4e60>,137,17,[1 5],138,310,327,172,298
1,<environment.Job instance at 0x7f691321e0f0>,140,18,[7 3],141,310,328,169,299
1,<environment.Job instance at 0x7f69122f4050>,142,14,[5 4],143,326,340,183,311
1,<environment.Job instance at 0x7f691260c870>,144,12,[7 4],145,328,340,183,311
1,<environment.Job instance at 0x7f691367d960>,147,14,[10  3],148,340,354,192,325
1,<environment.Job instance at 0x7f6912bce820>,148,15,[6 5],149,354,369,205,340
1,<environment.Job instance at 0x7f691c7cdb90>,18,22,[ 4 10],19,341,363,322,341
1,<environment.Job instance at 0x7f69128a8410>,0,21,[12  1],1,369,390,368,362
1,<environment.Job instance at 0x7f6912c8b500>,15,20,[11  3],16,5376,5396,5360,5376
1,<environment.Job instance at 0x7f44f63b3230>,0,13,[9 3],1,1,14,0,1
1,<environment.Job instance at 0x7f44ecdc7b40>,4,21,[1 6],5,5,26,0,5
1,<environment.Job instance at 0x7f44ecdc7be0>,5,24,[1 5],6,6,30,0,6
1,<environment.Job instance at 0x7f44ecdc7d20>,6,20,[6 1],7,14,34,7,7
1,<environment.Job instance at 0x7f44ecdca2d0>,14,13,[7 3],15,15,28,0,15
1,<environment.Job instance at 0x7f44ecdca820>,22,13,[13  1],23,34,47,11,24
1,<environment.Job instance at 0x7f44ecdcab40>,26,26,[1 8],27,28,54,1,27
1,<environment.Job instance at 0x7f44ecdc7e60>,23,18,[2 7],24,47,65,23,36
1,<environment.Job instance at 0x7f44ecdcac80>,33,16,[2 8],34,54,70,20,41
1,<environment.Job instance at 0x7f44ecdcd1e0>,35,15,[9 5],36,65,80,29,51
1,<environment.Job instance at 0x7f44ecdcd460>,40,15,[10  3],41,80,95,39,66
1,<environment.Job instance at 0x7f44ecdcd550>,42,20,[9 4],43,95,115,52,88
1,<environment.Job instance at 0x7f44ecdcd910>,45,13,[6 5],46,95,108,49,88
1,<environment.Job instance at 0x7f44ecdcda50>,47,20,[6 5],48,108,128,60,99
1,<environment.Job instance at 0x7f44ecdcd6e0>,51,20,[5 3],52,115,135,63,106
1,<environment.Job instance at 0x7f44ecdcdeb0>,53,17,[5 7],54,128,145,74,116
1,<environment.Job instance at 0x7f44ecdcdf00>,56,12,[3 6],57,116,128,59,116
1,<environment.Job instance at 0x7f44ecdd0230>,58,14,[2 7],59,135,149,76,120
1,<environment.Job instance at 0x7f44ecdd02d0>,59,17,[1 6],60,145,162,85,133
1,<environment.Job instance at 0x7f44ecdd04b0>,62,18,[5 3],63,149,167,86,138
1,<environment.Job instance at 0x7f44ecdd05f0>,64,19,[3 8],65,162,181,97,152
1,<environment.Job instance at 0x7f44ecdd0690>,65,20,[2 6],66,167,187,101,158
1,<environment.Job instance at 0x7f44ecdd07d0>,66,21,[7 4],67,181,202,114,173
1,<environment.Job instance at 0x7f44ecdd0dc0>,76,19,[4 8],77,187,206,110,177
1,<environment.Job instance at 0x7f44ecdd0e60>,77,13,[8 5],78,202,215,124,186
1,<environment.Job instance at 0x7f44ecdd0f00>,79,13,[9 4],80,215,228,135,199
1,<environment.Job instance at 0x7f44ecdd0f50>,80,14,[2 6],81,206,220,125,199
1,<environment.Job instance at 0x7f44ecdd0640>,81,15,[5 9],82,220,235,138,207
1,<environment.Job instance at 0x7f44ecdd3690>,89,16,[7 1],90,228,244,138,215
1,<environment.Job instance at 0x7f44ecdd38c0>,91,20,[8 2],92,235,255,143,228
1,<environment.Job instance at 0x7f44ecdd3960>,95,15,[5 7],96,244,259,148,233
1,<environment.Job instance at 0x7f44ecdd3c30>,98,17,[5 5],99,255,272,156,243
1,<environment.Job instance at 0x7f44ecdd3d70>,100,18,[2 7],101,259,277,158,248
1,<environment.Job instance at 0x7f44ecdd5050>,104,12,[4 6],105,272,284,167,255
1,<environment.Job instance at 0x7f44ecdd5550>,109,14,[10  4],110,277,291,167,262
1,<environment.Job instance at 0x7f44ecdd55f0>,110,21,[6 5],111,291,312,180,284
1,<environment.Job instance at 0x7f44ecdd5910>,115,16,[7 5],116,291,307,175,284
1,<environment.Job instance at 0x7f44ecdd5eb0>,121,13,[7 4],122,307,320,185,291
1,<environment.Job instance at 0x7f44ecdbdc30>,127,16,[8 1],128,312,328,184,299
1,<environment.Job instance at 0x7f44ecdbd8c0>,128,15,[8 3],129,328,343,199,314
1,<environment.Job instance at 0x7f44ecdbd370>,129,17,[8 1],130,343,360,213,331
1,<environment.Job instance at 0x7f44ecdbd960>,130,18,[6 1],131,331,349,200,331
1,<environment.Job instance at 0x7f44ecdbd280>,134,16,[4 7],135,349,365,214,336
1,<environment.Job instance at 0x7f44ece77a00>,140,13,[7 4],141,360,373,219,344
1,<environment.Job instance at 0x7f44ecee6a00>,149,15,[10  4],150,373,388,223,359
1,<environment.Job instance at 0x7f44ecee5f00>,156,14,[9 5],157,388,402,231,373
1,<environment.Job instance at 0x7f44f63b31e0>,1,22,[11  3],2,432,454,430,432
1,<environment.Job instance at 0x7f44ec513eb0>,0,26,[5 5],1,1,27,0,1
1,<environment.Job instance at 0x7f44ecdcac30>,1,24,[4 7],2,2,26,0,2
1,<environment.Job instance at 0x7f44ec50c3c0>,7,22,[3 7],8,26,48,18,19
1,<environment.Job instance at 0x7f44ec515a00>,17,17,[8 2],18,27,44,9,19
1,<environment.Job instance at 0x7f44ec515640>,19,16,[5 8],20,44,60,24,31
1,<environment.Job instance at 0x7f44ec5157d0>,20,13,[8 5],21,48,61,27,32
1,<environment.Job instance at 0x7f44ec515730>,21,14,[2 9],22,60,74,38,45
1,<environment.Job instance at 0x7f44ec515f50>,24,20,[5 2],25,61,81,36,52
1,<environment.Job instance at 0x7f44ec518c30>,32,12,[1 7],33,74,86,41,57
1,<environment.Job instance at 0x7f44ec518690>,38,12,[10  5],39,81,93,42,64
1,<environment.Job instance at 0x7f44ec518d70>,40,14,[2 7],41,86,100,45,71
1,<environment.Job instance at 0x7f44ec4f47d0>,45,16,[2 8],46,93,109,47,80
1,<environment.Job instance at 0x7f44ec446320>,52,13,[9 4],53,100,113,47,84
1,<environment.Job instance at 0x7f44ec4462d0>,54,17,[3 8],55,109,126,54,97
1,<environment.Job instance at 0x7f44ec4bb820>,56,17,[11  3],57,113,130,56,102
1,<environment.Job instance at 0x7f44ec4bb280>,57,14,[ 1 10],58,126,140,68,111
1,<environment.Job instance at 0x7f44ec3eaa50>,60,14,[6 1],61,130,144,69,115
1,<environment.Job instance at 0x7f44ecb7a5a0>,62,16,[3 8],63,140,156,77,127
1,<environment.Job instance at 0x7f44ec44dd20>,63,14,[10  1],64,144,158,80,129
1,<environment.Job instance at 0x7f44ec4518c0>,66,13,[6 3],67,158,171,91,142
1,<environment.Job instance at 0x7f44ec4548c0>,67,13,[7 4],68,158,171,90,142
1,<environment.Job instance at 0x7f44ec3dd320>,69,20,[1 7],70,156,176,86,147
1,<environment.Job instance at 0x7f44ec513cd0>,77,16,[2 8],78,171,187,93,158
1,<environment.Job instance at 0x7f44ec3c4cd0>,84,16,[7 4],85,176,192,91,163
1,<environment.Job instance at 0x7f44ec367960>,92,14,[5 5],93,187,201,94,172
1,<environment.Job instance at 0x7f44ec367aa0>,95,19,[9 4],96,192,211,96,182
1,<environment.Job instance at 0x7f44ec367b40>,100,14,[2 7],101,201,215,100,186
1,<environment.Job instance at 0x7f44ec367730>,101,15,[4 8],102,211,226,109,197
1,<environment.Job instance at 0x7f44ec365410>,106,15,[3 6],107,215,230,108,201
1,<environment.Job instance at 0x7f44ec3656e0>,108,16,[2 6],109,226,242,117,213
1,<environment.Job instance at 0x7f44ec365b90>,110,19,[5 5],111,230,249,119,220
1,<environment.Job instance at 0x7f44ec365c80>,112,20,[8 5],113,242,262,129,233
1,<environment.Job instance at 0x7f44ec3650a0>,115,13,[4 8],116,249,262,133,233
1,<environment.Job instance at 0x7f44ec363c80>,116,13,[5 8],117,262,275,145,246
1,<environment.Job instance at 0x7f44ec3638c0>,121,15,[6 1],122,262,277,140,248
1,<environment.Job instance at 0x7f44ec513690>,2,13,[3 8],3,275,288,272,259
1,<environment.Job instance at 0x7f44ec363820>,123,22,[9 5],124,277,299,153,270
1,<environment.Job instance at 0x7f44ec363a00>,126,13,[2 5],127,288,301,161,272
1,<environment.Job instance at 0x7f44ec366820>,129,17,[6 2],130,299,316,169,287
1,<environment.Job instance at 0x7f44ec3665a0>,130,17,[5 1],131,299,316,168,287
1,<environment.Job instance at 0x7f44ec366fa0>,133,17,[4 6],134,301,318,167,289
1,<environment.Job instance at 0x7f44ec366d20>,135,14,[ 1 10],136,318,332,182,303
1,<environment.Job instance at 0x7f44ec3660f0>,137,16,[11  4],138,316,332,178,303
1,<environment.Job instance at 0x7f44ec366960>,138,15,[8 2],139,332,347,193,318
1,<environment.Job instance at 0x7f44ec360c30>,142,17,[9 4],143,347,364,204,335
1,<environment.Job instance at 0x7f44ec360d20>,144,24,[5 5],145,335,359,190,335
1,<environment.Job instance at 0x7f44ec513230>,6,20,[1 5],7,335,355,328,335
1,<environment.Job instance at 0x7f44ec373410>,148,16,[11  1],149,364,380,215,351
1,<environment.Job instance at 0x7f44ec373b40>,149,14,[14  2],150,380,394,230,365
1,<environment.Job instance at 0x7f44ecdcab90>,3,13,[3 5],4,367,380,363,367
1,<environment.Job instance at 0x7f44ec363500>,124,15,[ 1 12],125,380,395,255,370
1,<environment.Job instance at 0x7f44f652f0a0>,152,16,[11  1],153,2095,2111,1942,2095
1,<environment.Job instance at 0x7f44ec378f00>,150,22,[5 9],151,2505,2527,2354,2505
1,<environment.Job instance at 0x7f44ec4f1460>,1,15,[5 5],2,2,17,0,2
1,<environment.Job instance at 0x7f44ec4f1960>,3,13,[4 8],4,4,17,0,4
1,<environment.Job instance at 0x7f44ec4f1f00>,4,20,[6 1],5,5,25,0,5
1,<environment.Job instance at 0x7f44ec4f1280>,7,21,[5 9],8,17,38,9,9
1,<environment.Job instance at 0x7f44ec373b90>,12,23,[10  2],13,25,48,12,19
1,<environment.Job instance at 0x7f44ec373cd0>,20,13,[1 6],21,38,51,17,22
1,<environment.Job instance at 0x7f44ec373dc0>,28,14,[8 3],29,48,62,19,35
1,<environment.Job instance at 0x7f44ec373a00>,26,20,[5 7],27,51,71,24,42
1,<environment.Job instance at 0x7f44f6599690>,32,18,[3 6],33,62,80,29,51
1,<environment.Job instance at 0x7f44f6599c80>,34,15,[5 5],35,71,86,36,57
1,<environment.Job instance at 0x7f44f6599a50>,36,16,[3 9],37,80,96,43,67
1,<environment.Job instance at 0x7f44f652e5f0>,38,12,[ 5 10],39,96,108,57,79
1,<environment.Job instance at 0x7f44ec3733c0>,27,16,[5 4],28,86,102,58,82
1,<environment.Job instance at 0x7f44f652e640>,42,15,[ 4 12],43,108,123,65,95
1,<environment.Job instance at 0x7f44f652e550>,41,21,[4 8],42,123,144,81,115
1,<environment.Job instance at 0x7f44f652eeb0>,44,18,[8 3],45,115,133,70,115
1,<environment.Job instance at 0x7f44f652e320>,45,14,[8 5],46,133,147,87,118
1,<environment.Job instance at 0x7f44f652e5a0>,47,16,[5 8],48,144,160,96,131
1,<environment.Job instance at 0x7f44f652e050>,48,13,[1 7],49,147,160,98,131
1,<environment.Job instance at 0x7f44ec3606e0>,55,13,[5 5],56,160,173,104,144
1,<environment.Job instance at 0x7f44ec360280>,58,14,[7 5],59,160,174,101,145
1,<environment.Job instance at 0x7f44ec3609b0>,65,15,[8 5],66,173,188,107,159
1,<environment.Job instance at 0x7f44f65291e0>,71,22,[5 9],72,174,196,102,167
1,<environment.Job instance at 0x7f44f659a190>,72,12,[7 2],73,188,200,115,171
1,<environment.Job instance at 0x7f44f659adc0>,74,20,[3 8],75,196,216,121,187
1,<environment.Job instance at 0x7f44f659a640>,78,17,[4 8],79,216,233,137,204
1,<environment.Job instance at 0x7f44f6524550>,81,13,[4 9],82,233,246,151,217
1,<environment.Job instance at 0x7f44f65247d0>,85,14,[ 2 10],86,246,260,160,231
1,<environment.Job instance at 0x7f44f6524dc0>,89,14,[ 5 10],90,260,274,170,245
1,<environment.Job instance at 0x7f44f6524910>,90,16,[5 9],91,274,290,183,261
1,<environment.Job instance at 0x7f44f652df00>,92,13,[ 1 10],93,290,303,197,274
1,<environment.Job instance at 0x7f44f652d640>,93,21,[8 1],94,274,295,180,274
1,<environment.Job instance at 0x7f44f652d7d0>,95,15,[8 4],96,295,310,199,281
1,<environment.Job instance at 0x7f44f652db40>,96,17,[ 3 10],97,303,320,206,291
1,<environment.Job instance at 0x7f44f652dcd0>,97,14,[6 4],98,310,324,212,295
1,<environment.Job instance at 0x7f44f652dfa0>,98,19,[1 7],99,320,339,221,310
1,<environment.Job instance at 0x7f44ec373c80>,29,23,[ 2 13],30,339,362,309,333
1,<environment.Job instance at 0x7f44ec3731e0>,22,20,[8 1],23,333,353,310,333
1,<environment.Job instance at 0x7f44ec3eaaa0>,112,15,[5 8],113,362,377,249,348
1,<environment.Job instance at 0x7f44ec3eadc0>,114,20,[10  4],115,362,382,247,353
1,<environment.Job instance at 0x7f44ec3ead70>,115,16,[6 3],116,382,398,266,369
1,<environment.Job instance at 0x7f44ec3ea4b0>,116,14,[5 7],117,377,391,260,369
1,<environment.Job instance at 0x7f44ec3ea7d0>,117,18,[4 7],118,391,409,273,380
1,<environment.Job instance at 0x7f44f63dd960>,123,12,[10  3],124,398,410,274,381
1,<environment.Job instance at 0x7f44f63ddc80>,126,16,[2 9],127,409,425,282,396
1,<environment.Job instance at 0x7f44f63dd8c0>,127,14,[5 6],128,410,424,282,396
1,<environment.Job instance at 0x7f44f63dd640>,130,17,[8 1],131,424,441,293,412
1,<environment.Job instance at 0x7f44f6433c30>,136,14,[ 4 10],137,425,439,288,412
1,<environment.Job instance at 0x7f44ecfb7140>,138,12,[8 5],139,441,453,302,424
1,<environment.Job instance at 0x7f44ec3196e0>,139,21,[9 2],140,453,474,313,445
1,<environment.Job instance at 0x7f44ec35ad70>,143,16,[6 3],144,445,461,301,445
1,<environment.Job instance at 0x7f44eca41690>,149,19,[7 4],150,474,493,324,464
1,<environment.Job instance at 0x7f44ecfdae60>,153,22,[1 6],154,464,486,310,464
1,<environment.Job instance at 0x7f44ec8ad370>,155,22,[8 2],156,486,508,330,479
1,<environment.Job instance at 0x7f44ec4f1410>,0,19,[12  5],1,659,678,658,659
1,<environment.Job instance at 0x7f44ec3c2550>,2,16,[10  3],3,3,19,0,3
1,<environment.Job instance at 0x7f44ec3a2780>,5,13,[6 4],6,19,32,13,6
1,<environment.Job instance at 0x7f44ec3a2c30>,8,19,[1 5],9,9,28,0,9
1,<environment.Job instance at 0x7f44ec3a2820>,11,13,[6 5],12,19,32,7,12
1,<environment.Job instance at 0x7f44ec3a2280>,9,18,[2 9],10,32,50,22,21
1,<environment.Job instance at 0x7f44ec3a29b0>,13,14,[4 5],14,32,46,18,21
1,<environment.Job instance at 0x7f44eca42780>,17,15,[9 5],18,46,61,28,32
1,<environment.Job instance at 0x7f44eca42aa0>,19,17,[1 7],20,50,67,30,39
1,<environment.Job instance at 0x7f44eca42af0>,20,15,[5 1],21,50,65,29,39
1,<environment.Job instance at 0x7f44ec3a27d0>,10,18,[10  4],11,65,83,54,55
1,<environment.Job instance at 0x7f44eca427d0>,21,18,[5 9],22,67,85,45,62
1,<environment.Job instance at 0x7f44eca42b40>,22,12,[12  4],23,85,97,62,68
1,<environment.Job instance at 0x7f44eca42410>,26,14,[5 9],27,97,111,70,82
1,<environment.Job instance at 0x7f44eca42870>,28,12,[2 5],29,83,95,54,82
1,<environment.Job instance at 0x7f44eca42820>,29,16,[6 5],30,97,113,67,84
1,<environment.Job instance at 0x7f44ec3a24b0>,6,14,[10  3],7,113,127,106,98
1,<environment.Job instance at 0x7f44ec7617d0>,36,18,[7 5],37,127,145,90,116
1,<environment.Job instance at 0x7f44ec761eb0>,37,18,[5 9],38,117,135,79,117
1,<environment.Job instance at 0x7f44ec761870>,40,19,[4 9],41,135,154,94,126
1,<environment.Job instance at 0x7f44ec761320>,44,19,[9 4],45,145,164,100,135
1,<environment.Job instance at 0x7f44ec761a50>,46,18,[6 4],47,154,172,107,143
1,<environment.Job instance at 0x7f44ec761f00>,51,16,[7 3],52,164,180,112,151
1,<environment.Job instance at 0x7f44ec761280>,53,15,[ 3 10],54,172,187,118,166
1,<environment.Job instance at 0x7f44eca41780>,61,15,[6 3],62,180,195,118,167
1,<environment.Job instance at 0x7f44eca416e0>,63,18,[7 5],64,187,205,123,176
1,<environment.Job instance at 0x7f44eca41cd0>,66,17,[10  3],67,205,222,138,193
1,<environment.Job instance at 0x7f44eca41aa0>,69,17,[5 9],70,195,212,125,193
1,<environment.Job instance at 0x7f44ec8adb40>,80,20,[2 9],81,212,232,131,203
1,<environment.Job instance at 0x7f44ec8adc80>,83,14,[1 5],84,222,236,138,207
1,<environment.Job instance at 0x7f44ec8adbe0>,85,18,[1 7],86,232,250,146,221
1,<environment.Job instance at 0x7f44ec8ad140>,88,15,[1 6],89,236,251,147,222
1,<environment.Job instance at 0x7f44ec8ad960>,91,20,[10  5],92,250,270,158,241
1,<environment.Job instance at 0x7f44ec8ad2d0>,93,15,[7 4],94,270,285,176,256
1,<environment.Job instance at 0x7f44ec8d1410>,102,13,[5 5],103,256,269,153,256
1,<environment.Job instance at 0x7f44ec8d1af0>,106,14,[6 4],107,270,284,163,256
1,<environment.Job instance at 0x7f44ec9136e0>,114,20,[3 8],115,284,304,169,275
1,<environment.Job instance at 0x7f44ec761b90>,34,27,[11  3],35,287,314,252,287
1,<environment.Job instance at 0x7f44ec9130a0>,116,14,[ 4 10],117,304,318,187,289
1,<environment.Job instance at 0x7f44eca42dc0>,27,19,[11  1],28,314,333,286,304
1,<environment.Job instance at 0x7f44ec9133c0>,115,17,[2 9],116,318,335,202,306
1,<environment.Job instance at 0x7f44ec913320>,117,13,[6 2],118,333,346,215,317
1,<environment.Job instance at 0x7f44ec913e10>,119,19,[9 4],120,335,354,215,325
1,<environment.Job instance at 0x7f44ec913d20>,121,18,[6 1],122,346,364,224,335
1,<environment.Job instance at 0x7f44ec9132d0>,122,19,[1 7],123,354,373,231,344
1,<environment.Job instance at 0x7f44ecf0eb90>,128,17,[7 1],129,354,371,225,344
1,<environment.Job instance at 0x7f44ecf0ea50>,132,21,[6 4],133,364,385,231,356
1,<environment.Job instance at 0x7f44ec8c9190>,134,20,[10  4],135,385,405,250,376
1,<environment.Job instance at 0x7f44ed31fd20>,137,16,[ 4 10],138,376,392,238,376
1,<environment.Job instance at 0x7f44f65277d0>,139,17,[5 5],140,392,409,252,380
1,<environment.Job instance at 0x7f44ec8c9230>,141,15,[9 4],142,405,420,263,391
1,<environment.Job instance at 0x7f44ed42faf0>,143,13,[1 5],144,405,418,261,391
1,<environment.Job instance at 0x7f44ecdf4320>,147,20,[7 1],148,420,440,272,411
1,<environment.Job instance at 0x7f44ef9a2aa0>,149,16,[4 9],150,418,434,268,411
1,<environment.Job instance at 0x7f44ecffe050>,150,18,[ 2 10],151,434,452,283,423
1,<environment.Job instance at 0x7f44ed3a1140>,153,14,[6 5],154,440,454,286,425
1,<environment.Job instance at 0x7f44ece939b0>,155,15,[10  3],156,454,469,298,440
1,<environment.Job instance at 0x7f44ed8a4910>,158,13,[9 4],159,469,482,310,453
1,<environment.Job instance at 0x7f44ec6df0f0>,1,15,[4 5],2,2,17,0,2
1,<environment.Job instance at 0x7f44ecaa6f00>,3,21,[1 6],4,4,25,0,4
1,<environment.Job instance at 0x7f44ecaa6dc0>,6,16,[4 5],7,17,33,10,7
1,<environment.Job instance at 0x7f44ec7e77d0>,11,16,[9 2],12,17,33,5,17
1,<environment.Job instance at 0x7f44ecabe7d0>,17,13,[9 4],18,33,46,15,19
1,<environment.Job instance at 0x7f44ed8da500>,30,15,[6 3],31,33,48,2,31
1,<environment.Job instance at 0x7f44ecb82dc0>,31,15,[3 9],32,46,61,14,32
1,<environment.Job instance at 0x7f44ed901230>,36,14,[7 2],37,48,62,11,37
1,<environment.Job instance at 0x7f44eca9dc30>,46,16,[5 8],47,61,77,14,48
1,<environment.Job instance at 0x7f44ecac99b0>,53,17,[10  4],54,62,79,8,54
1,<environment.Job instance at 0x7f44ed8d3280>,57,18,[10  3],58,79,97,21,68
1,<environment.Job instance at 0x7f44ed8d3550>,61,20,[5 6],62,77,97,15,68
1,<environment.Job instance at 0x7f44ed8d3a00>,65,16,[10  2],66,97,113,31,84
1,<environment.Job instance at 0x7f44ed8d8140>,68,17,[5 5],69,97,114,28,85
1,<environment.Job instance at 0x7f44ecaa3b90>,73,16,[6 3],74,113,129,39,100
1,<environment.Job instance at 0x7f44ec809550>,87,13,[7 4],88,114,127,26,100
1,<environment.Job instance at 0x7f44ecabad70>,125,14,[8 5],126,127,141,1,126
1,<environment.Job instance at 0x7f44ecabaf00>,128,15,[7 2],129,129,144,0,129
1,<environment.Job instance at 0x7f44ecad7190>,131,16,[4 6],132,141,157,9,132
1,<environment.Job instance at 0x7f44ecad7730>,138,13,[5 3],139,144,157,5,139
1,<environment.Job instance at 0x7f44ecad7820>,141,16,[5 1],142,144,160,2,142
1,<environment.Job instance at 0x7f44ecad7960>,144,18,[2 8],145,157,175,12,146
1,<environment.Job instance at 0x7f44ecaa5050>,149,17,[1 6],150,157,174,7,150
1,<environment.Job instance at 0x7f44ecabebe0>,2,23,[10  4],3,3,26,0,3
1,<environment.Job instance at 0x7f44ecbe40a0>,6,18,[14  2],7,26,44,19,15
1,<environment.Job instance at 0x7f44ecbe4550>,8,16,[1 5],9,17,33,8,17
1,<environment.Job instance at 0x7f44ecbe4960>,9,21,[12  3],10,44,65,34,36
1,<environment.Job instance at 0x7f44ec7e7af0>,5,17,[3 6],6,56,73,50,56
1,<environment.Job instance at 0x7f44ecbe4d20>,11,13,[9 3],12,65,78,53,65
1,<environment.Job instance at 0x7f44ecbe4690>,7,27,[ 5 13],8,78,105,70,76
1,<environment.Job instance at 0x7f44ecbe49b0>,14,13,[6 5],15,105,118,90,89
1,<environment.Job instance at 0x7f44ecb83910>,15,13,[14  1],16,118,131,102,102
1,<environment.Job instance at 0x7f44ecbe4c30>,13,15,[3 8],14,131,146,117,126
1,<environment.Job instance at 0x7f44ecb83f50>,16,26,[11  5],17,131,157,114,128
1,<environment.Job instance at 0x7f44ecb83820>,22,23,[13  4],23,157,180,134,151
1,<environment.Job instance at 0x7f44ecb832d0>,23,16,[ 3 10],24,180,196,156,167
1,<environment.Job instance at 0x7f44ecb83460>,24,18,[ 1 12],25,196,214,171,185
1,<environment.Job instance at 0x7f44ecb836e0>,25,23,[9 4],26,214,237,188,208
1,<environment.Job instance at 0x7f44ecb837d0>,26,26,[ 1 10],27,214,240,187,211
1,<environment.Job instance at 0x7f44ecb83e10>,27,18,[13  5],28,237,255,209,226
1,<environment.Job instance at 0x7f44ecb83500>,28,21,[12  5],29,255,276,226,247
1,<environment.Job instance at 0x7f44ecb83870>,29,14,[5 4],30,276,290,246,261
1,<environment.Job instance at 0x7f44ecb83320>,21,17,[9 2],22,276,293,254,264
1,<environment.Job instance at 0x7f44ecb83370>,30,20,[11  5],31,293,313,262,284
1,<environment.Job instance at 0x7f44ecb831e0>,33,28,[5 7],34,313,341,279,312
1,<environment.Job instance at 0x7f44ecb83640>,34,12,[ 4 11],35,341,353,306,324
1,<environment.Job instance at 0x7f44ecbde910>,35,25,[13  4],36,353,378,317,349
1,<environment.Job instance at 0x7f44ecbde050>,36,21,[ 1 12],37,378,399,341,370
1,<environment.Job instance at 0x7f44ecbde140>,37,22,[ 4 12],38,399,421,361,392
1,<environment.Job instance at 0x7f44ecb83d70>,32,18,[9 3],33,407,425,374,407
1,<environment.Job instance at 0x7f44ecbde500>,40,13,[8 3],41,425,438,384,410
1,<environment.Job instance at 0x7f44ecbe45a0>,10,27,[ 5 12],11,421,448,410,419
1,<environment.Job instance at 0x7f44ecbded70>,44,13,[ 1 13],45,448,461,403,432
1,<environment.Job instance at 0x7f44ecbde0a0>,45,23,[1 5],46,461,484,415,455
1,<environment.Job instance at 0x7f44ecbdee60>,50,13,[7 5],51,461,474,410,455
1,<environment.Job instance at 0x7f44ecbdef00>,54,15,[4 6],55,474,489,419,460
1,<environment.Job instance at 0x7f44ecbde780>,55,22,[7 1],56,473,495,417,473
1,<environment.Job instance at 0x7f44ecbdebe0>,57,17,[5 4],58,489,506,431,477
1,<environment.Job instance at 0x7f44ecc09050>,58,14,[8 1],59,495,509,436,486
1,<environment.Job instance at 0x7f44ecbde820>,46,22,[ 5 11],47,506,528,459,499
1,<environment.Job instance at 0x7f44ecc09e10>,60,18,[ 5 14],61,528,546,467,517
1,<environment.Job instance at 0x7f44ecc09eb0>,61,17,[ 3 13],62,546,563,484,534
1,<environment.Job instance at 0x7f44ecc09690>,62,23,[13  3],63,563,586,500,557
1,<environment.Job instance at 0x7f44ecc09500>,63,18,[ 2 12],64,563,581,499,558
1,<environment.Job instance at 0x7f44ecc09be0>,64,28,[11  1],65,586,614,521,585
1,<environment.Job instance at 0x7f44ecc09c80>,65,21,[6 5],66,614,635,548,606
1,<environment.Job instance at 0x7f44ecc09c30>,66,12,[13  5],67,635,647,568,618
1,<environment.Job instance at 0x7f44ecc090a0>,67,20,[ 5 14],68,647,667,579,638
1,<environment.Job instance at 0x7f44ecc09e60>,68,27,[ 2 14],69,667,694,598,665
1,<environment.Job instance at 0x7f44ecc09460>,69,13,[ 2 10],70,694,707,624,679
1,<environment.Job instance at 0x7f44ecc09820>,70,15,[ 4 11],71,707,722,636,693
1,<environment.Job instance at 0x7f44ecc09fa0>,71,15,[13  5],72,722,737,650,708
1,<environment.Job instance at 0x7f44ecc09730>,72,13,[14  4],73,737,750,664,721
1,<environment.Job instance at 0x7f44ecc09960>,73,16,[14  2],74,750,766,676,737
1,<environment.Job instance at 0x7f44ecc09f00>,74,25,[14  4],75,766,791,691,762
1,<environment.Job instance at 0x7f44ecb8beb0>,75,19,[13  5],76,791,810,715,781
1,<environment.Job instance at 0x7f44ecc099b0>,59,16,[ 4 10],60,810,826,750,806
1,<environment.Job instance at 0x7f44ecb8bc30>,76,26,[10  2],77,810,836,733,807
1,<environment.Job instance at 0x7f44ecb8bc80>,78,15,[1 9],79,826,841,747,812
1,<environment.Job instance at 0x7f44ecb8b780>,77,19,[2 8],78,841,860,763,831
1,<environment.Job instance at 0x7f44ecb8b280>,82,16,[ 4 10],83,860,876,777,848
1,<environment.Job instance at 0x7f44ecb8b820>,83,18,[1 8],84,876,894,792,865
1,<environment.Job instance at 0x7f44ecb8bf00>,84,13,[4 7],85,876,889,791,865
1,<environment.Job instance at 0x7f44ecb8b8c0>,93,18,[5 8],94,894,912,800,883
1,<environment.Job instance at 0x7f44ecb8b3c0>,94,16,[11  5],95,912,928,817,899
1,<environment.Job instance at 0x7f44ecb8b9b0>,79,26,[2 9],80,912,938,832,909
1,<environment.Job instance at 0x7f44ec4acd20>,98,20,[10  2],99,928,948,829,919
1,<environment.Job instance at 0x7f44ec4ace60>,96,15,[ 1 10],97,938,953,841,924
1,<environment.Job instance at 0x7f44ec4ac8c0>,103,14,[7 2],104,948,962,844,933
1,<environment.Job instance at 0x7f44ec4ac6e0>,100,26,[13  5],101,962,988,861,959
1,<environment.Job instance at 0x7f44ec4acf50>,110,15,[10  1],111,988,1003,877,975
1,<environment.Job instance at 0x7f44ec4ac050>,111,14,[3 8],112,988,1002,876,976
1,<environment.Job instance at 0x7f44ec4ac280>,112,16,[6 5],113,1003,1019,890,992
1,<environment.Job instance at 0x7f44ec4ac780>,113,14,[5 4],114,1002,1016,888,992
1,<environment.Job instance at 0x7f44ec4ac3c0>,114,12,[ 3 12],115,1019,1031,904,1002
1,<environment.Job instance at 0x7f44ec4ac690>,115,12,[11  4],116,1031,1043,915,1015
1,<environment.Job instance at 0x7f44ed22ae60>,116,20,[ 3 14],117,1043,1063,926,1034
1,<environment.Job instance at 0x7f44ed22ac80>,117,16,[12  1],118,1043,1059,925,1034
1,<environment.Job instance at 0x7f44ec4ac190>,109,20,[5 6],110,1063,1083,953,1054
1,<environment.Job instance at 0x7f44ed22a3c0>,119,16,[9 2],120,1063,1079,943,1054
1,<environment.Job instance at 0x7f44ed22ae10>,121,22,[8 3],122,1079,1101,957,1072
1,<environment.Job instance at 0x7f44ed22aa50>,125,12,[6 4],126,1083,1095,957,1072
1,<environment.Job instance at 0x7f44ed22a370>,128,17,[9 2],129,1101,1118,972,1089
1,<environment.Job instance at 0x7f44ed22aeb0>,118,21,[1 7],119,1089,1110,970,1089
1,<environment.Job instance at 0x7f44ed22ad20>,132,21,[2 5],133,1095,1116,962,1091
1,<environment.Job instance at 0x7f44ed216c30>,134,17,[3 9],135,1116,1133,981,1105
1,<environment.Job instance at 0x7f44ed22a280>,131,22,[ 2 13],132,1133,1155,1001,1126
1,<environment.Job instance at 0x7f44ed21ee10>,136,23,[10  3],137,1155,1178,1018,1149
1,<environment.Job instance at 0x7f44ec7459b0>,141,17,[2 7],142,1155,1172,1013,1149
1,<environment.Job instance at 0x7f44ec7450a0>,142,18,[ 2 12],143,1172,1190,1029,1161
1,<environment.Job instance at 0x7f44ecbe4050>,4,17,[10  5],5,1190,1207,1185,1178
1,<environment.Job instance at 0x7f44ecbe4dc0>,0,24,[11  5],1,1207,1231,1206,1202
1,<environment.Job instance at 0x7f44ec4c6d70>,0,14,[2 7],1,1,15,0,1
1,<environment.Job instance at 0x7f44ecbe4dc0>,2,14,[5 5],3,3,17,0,3
1,<environment.Job instance at 0x7f44ecee2fa0>,3,12,[13  3],4,17,29,13,6
1,<environment.Job instance at 0x7f44ed490c80>,8,18,[1 5],9,15,33,6,10
1,<environment.Job instance at 0x7f44ed490a50>,5,16,[6 1],6,29,45,23,17
1,<environment.Job instance at 0x7f44ed490e60>,7,15,[ 3 14],8,33,48,25,20
1,<environment.Job instance at 0x7f44ed4af7d0>,15,13,[9 5],16,48,61,32,32
1,<environment.Job instance at 0x7f44ed4af730>,16,18,[6 2],17,48,66,31,45
1,<environment.Job instance at 0x7f44ed4afc30>,18,13,[7 5],19,61,74,42,47
1,<environment.Job instance at 0x7f44ed4af4b0>,21,15,[7 3],22,66,81,44,52
1,<environment.Job instance at 0x7f44ed4b3b90>,25,14,[4 7],26,74,88,48,62
1,<environment.Job instance at 0x7f44ed8984b0>,11,16,[10  2],12,81,97,69,68
1,<environment.Job instance at 0x7f44ecc5f050>,27,13,[ 3 13],28,88,101,60,72
1,<environment.Job instance at 0x7f44ed4b3230>,28,15,[14  4],29,101,116,72,88
1,<environment.Job instance at 0x7f44ed490af0>,6,14,[11  2],7,116,130,109,105
1,<environment.Job instance at 0x7f44ec4c6370>,1,24,[4 5],2,116,140,114,111
1,<environment.Job instance at 0x7f44ed4b3c30>,26,21,[2 8],27,130,151,103,122
1,<environment.Job instance at 0x7f44ed48da50>,32,18,[5 4],33,140,158,107,129
1,<environment.Job instance at 0x7f44ed49c5a0>,30,28,[5 2],31,130,158,99,130
1,<environment.Job instance at 0x7f44ed81a870>,34,13,[1 6],35,151,164,116,135
1,<environment.Job instance at 0x7f44ec9643c0>,36,22,[2 6],37,158,180,121,151
1,<environment.Job instance at 0x7f44ed1b2690>,38,17,[7 4],39,164,181,125,152
1,<environment.Job instance at 0x7f44ed81d960>,40,19,[6 2],41,158,177,117,152
1,<environment.Job instance at 0x7f44ed49ccd0>,31,21,[ 4 12],32,181,202,149,173
1,<environment.Job instance at 0x7f44ed1df320>,45,16,[4 9],46,202,218,156,189
1,<environment.Job instance at 0x7f44ecc8c1e0>,46,22,[14  2],47,218,240,171,211
1,<environment.Job instance at 0x7f44ec6d4640>,47,12,[4 5],48,240,252,192,223
1,<environment.Job instance at 0x7f44ed1baeb0>,35,21,[ 3 10],36,240,261,204,232
1,<environment.Job instance at 0x7f44ec6d4a50>,50,16,[11  5],51,252,268,201,242
1,<environment.Job instance at 0x7f44ecc5d690>,51,22,[1 8],52,261,283,209,254
1,<environment.Job instance at 0x7f44ecc8ccd0>,48,21,[10  3],49,268,289,219,263
1,<environment.Job instance at 0x7f44ecc5d0f0>,54,12,[ 5 10],55,283,295,228,266
1,<environment.Job instance at 0x7f44ecc5c5f0>,53,24,[4 7],54,295,319,241,290
1,<environment.Job instance at 0x7f44ecc87aa0>,56,16,[8 4],57,290,306,233,290
1,<environment.Job instance at 0x7f44ecc87af0>,55,19,[7 5],56,306,325,250,299
1,<environment.Job instance at 0x7f44ecc87be0>,58,22,[5 7],59,319,341,260,312
1,<environment.Job instance at 0x7f44ecc89320>,62,20,[5 8],63,325,345,262,325
1,<environment.Job instance at 0x7f44ecc896e0>,67,14,[9 5],68,341,355,273,326
1,<environment.Job instance at 0x7f44ecc89cd0>,72,17,[6 4],73,345,362,272,333
1,<environment.Job instance at 0x7f44ec6bbf50>,84,14,[5 7],85,355,369,270,341
1,<environment.Job instance at 0x7f44ec6a6690>,95,20,[1 8],96,362,382,266,356
1,<environment.Job instance at 0x7f44ec6a6730>,96,18,[5 4],97,369,387,272,358
1,<environment.Job instance at 0x7f44ec6a67d0>,97,17,[7 2],98,369,386,271,358
1,<environment.Job instance at 0x7f44ec6a6b90>,103,15,[10  5],104,386,401,282,372
1,<environment.Job instance at 0x7f44ec6a6b40>,106,16,[4 7],107,387,403,280,375
1,<environment.Job instance at 0x7f44ec6d0320>,114,15,[3 5],115,401,416,286,387
1,<environment.Job instance at 0x7f44ec6d0780>,121,14,[5 7],122,403,417,281,388
1,<environment.Job instance at 0x7f44ec6d0910>,122,16,[4 6],123,416,432,293,403
1,<environment.Job instance at 0x7f44ec6d0be0>,127,18,[8 3],128,417,435,289,415
1,<environment.Job instance at 0x7f44ec6d0f50>,131,19,[6 1],132,432,451,300,422
1,<environment.Job instance at 0x7f44ec6d0fa0>,132,12,[2 5],133,435,447,302,423
1,<environment.Job instance at 0x7f44ec6d0f00>,133,20,[9 2],134,447,467,313,438
1,<environment.Job instance at 0x7f44ec6a4550>,139,20,[4 6],140,452,472,312,452
1,<environment.Job instance at 0x7f44ec6a47d0>,143,14,[10  4],144,467,481,323,452
1,<environment.Job instance at 0x7f44ec6a4870>,144,19,[4 7],145,472,491,327,462
1,<environment.Job instance at 0x7f44ed4b3780>,29,18,[ 3 14],30,491,509,461,480
1,<environment.Job instance at 0x7f44ec6a42d0>,153,16,[7 5],154,509,525,355,496
1,<environment.Job instance at 0x7f44ec699140>,155,12,[8 3],156,509,521,353,496
1,<environment.Job instance at 0x7f44ecc87cd0>,59,24,[ 1 14],60,4439,4463,4379,4439
1,<environment.Job instance at 0x7f44ec6a4af0>,148,19,[3 6],149,6690,6709,6541,6690
1,<environment.Job instance at 0x7f44efa02640>,0,13,[9 1],1,1,14,0,1
1,<environment.Job instance at 0x7f44eca2f320>,5,12,[3 5],6,6,18,0,6
1,<environment.Job instance at 0x7f44ecc87d20>,2,17,[14  2],3,18,35,15,10
1,<environment.Job instance at 0x7f44eca2faa0>,11,12,[12  5],12,35,47,23,18
1,<environment.Job instance at 0x7f44ecd7bcd0>,16,12,[3 6],17,35,47,18,33
1,<environment.Job instance at 0x7f44ecd7bc30>,26,17,[5 5],27,47,64,20,35
1,<environment.Job instance at 0x7f44ecd7b0f0>,27,14,[9 5],28,47,61,19,37
1,<environment.Job instance at 0x7f44eca2f6e0>,10,13,[13  3],11,64,77,53,48
1,<environment.Job instance at 0x7f44ec9d48c0>,44,18,[9 3],45,77,95,32,66
1,<environment.Job instance at 0x7f44ec9d4870>,45,16,[ 5 12],46,77,93,31,66
1,<environment.Job instance at 0x7f44ec9d4cd0>,50,15,[5 6],51,93,108,42,79
1,<environment.Job instance at 0x7f44eca0c8c0>,59,20,[5 6],60,95,115,35,88
1,<environment.Job instance at 0x7f44eca0caf0>,67,20,[6 4],68,108,128,40,99
1,<environment.Job instance at 0x7f44eca0cf50>,70,17,[2 9],71,115,132,44,103
1,<environment.Job instance at 0x7f44ed811140>,77,13,[5 8],78,132,145,54,116
1,<environment.Job instance at 0x7f44ed811410>,78,18,[5 2],79,116,134,37,116
1,<environment.Job instance at 0x7f44ed811be0>,85,14,[3 9],86,145,159,59,130
1,<environment.Job instance at 0x7f44ec9d4fa0>,48,26,[6 4],49,134,160,85,133
1,<environment.Job instance at 0x7f44ed8111e0>,88,12,[ 1 12],89,160,172,71,143
1,<environment.Job instance at 0x7f44ed811320>,90,16,[ 1 10],91,172,188,81,160
1,<environment.Job instance at 0x7f44ed811910>,89,19,[5 8],90,188,207,98,178
1,<environment.Job instance at 0x7f44ed8116e0>,94,21,[5 8],95,207,228,112,200
1,<environment.Job instance at 0x7f44ed811460>,98,16,[7 4],99,200,216,101,200
1,<environment.Job instance at 0x7f44ed61eb90>,112,18,[7 1],113,216,234,103,205
1,<environment.Job instance at 0x7f44ed638910>,118,16,[4 5],119,228,244,109,215
1,<environment.Job instance at 0x7f44ed638370>,120,17,[6 3],121,234,251,113,222
1,<environment.Job instance at 0x7f44ed6380f0>,122,16,[9 3],123,244,260,121,231
1,<environment.Job instance at 0x7f44ed638870>,126,17,[4 7],127,251,268,124,239
1,<environment.Job instance at 0x7f44ecb6a1e0>,131,16,[2 7],132,260,276,128,247
1,<environment.Job instance at 0x7f44eca10c80>,140,18,[3 9],141,276,294,135,265
1,<environment.Job instance at 0x7f44ecb8f5a0>,146,12,[4 8],147,294,306,147,277
1,<environment.Job instance at 0x7f44ec872280>,151,18,[10  5],152,277,295,125,277
1,<environment.Job instance at 0x7f44ed72e4b0>,153,17,[5 5],154,295,312,141,283
1,<environment.Job instance at 0x7f44ecdff0a0>,156,19,[6 2],157,295,314,138,285
1,<environment.Job instance at 0x7f44ecc87c80>,1,27,[ 5 14],2,401,428,399,401
1,<environment.Job instance at 0x7f44ec1eceb0>,0,12,[ 3 11],1,1,13,0,1
1,<environment.Job instance at 0x7f44ec1ecc30>,1,13,[7 2],2,2,15,0,2
1,<environment.Job instance at 0x7f44ec1ec410>,2,12,[5 2],3,3,15,0,3
1,<environment.Job instance at 0x7f44ec0d9e60>,6,15,[6 2],7,15,30,8,7
1,<environment.Job instance at 0x7f44ec1ec050>,3,15,[3 9],4,13,28,9,9
1,<environment.Job instance at 0x7f44ec0d9140>,10,16,[8 5],11,28,44,17,15
1,<environment.Job instance at 0x7f44ec0d9fa0>,15,13,[8 4],16,44,57,28,28
1,<environment.Job instance at 0x7f44ec0d9050>,12,18,[ 3 13],13,57,75,44,46
1,<environment.Job instance at 0x7f44ec0d9aa0>,19,14,[ 1 12],20,75,89,55,60
1,<environment.Job instance at 0x7f44ec0d9d20>,20,16,[13  3],21,75,91,54,62
1,<environment.Job instance at 0x7f44ec0d9280>,21,22,[5 2],22,91,113,69,84
1,<environment.Job instance at 0x7f44ec0d9410>,18,19,[9 2],19,102,121,83,102
1,<environment.Job instance at 0x7f44ec0d94b0>,23,20,[6 2],24,113,133,89,105
1,<environment.Job instance at 0x7f44ec0d9cd0>,25,15,[3 6],26,121,136,95,108
1,<environment.Job instance at 0x7f44ec199820>,28,14,[6 1],29,121,135,92,108
1,<environment.Job instance at 0x7f44ec199b40>,31,18,[10  4],32,135,153,103,124
1,<environment.Job instance at 0x7f44ec199780>,33,15,[7 2],34,153,168,119,139
1,<environment.Job instance at 0x7f44ec199730>,39,21,[6 1],40,157,178,117,157
1,<environment.Job instance at 0x7f44ec199dc0>,45,15,[6 5],46,168,183,122,157
1,<environment.Job instance at 0x7f44ec1993c0>,48,15,[ 2 10],49,178,193,129,164
1,<environment.Job instance at 0x7f44ec0d9eb0>,22,23,[11  1],23,183,206,160,177
1,<environment.Job instance at 0x7f44ec0e3870>,51,18,[ 2 11],52,193,211,141,184
1,<environment.Job instance at 0x7f44ec0e3c80>,52,13,[11  3],53,206,219,153,190
1,<environment.Job instance at 0x7f44ec0e3aa0>,53,18,[13  2],54,219,237,165,208
1,<environment.Job instance at 0x7f44ec0e3910>,54,28,[7 1],55,237,265,182,236
1,<environment.Job instance at 0x7f44ec0e3690>,55,23,[ 5 13],56,238,261,182,238
1,<environment.Job instance at 0x7f44ec0e3190>,56,23,[2 7],57,261,284,204,255
1,<environment.Job instance at 0x7f44ec1990f0>,50,17,[10  3],51,265,282,214,255
1,<environment.Job instance at 0x7f44ec0e3a00>,62,15,[4 7],63,282,297,219,268
1,<environment.Job instance at 0x7f44ec0e39b0>,63,22,[3 5],64,284,306,220,277
1,<environment.Job instance at 0x7f44ecb3f500>,80,12,[9 5],81,297,309,216,280
1,<environment.Job instance at 0x7f44ecb3f280>,82,12,[9 4],83,309,321,226,292
1,<environment.Job instance at 0x7f44ec0d9af0>,11,22,[ 4 11],12,309,331,297,302
1,<environment.Job instance at 0x7f44ec0e3230>,57,28,[ 1 10],58,331,359,273,330
1,<environment.Job instance at 0x7f44ecdca3c0>,87,13,[3 7],88,359,372,271,343
1,<environment.Job instance at 0x7f44ecdca1e0>,88,20,[6 2],89,343,363,254,343
1,<environment.Job instance at 0x7f44ecdca910>,89,12,[10  2],90,363,375,273,346
1,<environment.Job instance at 0x7f44ecdca820>,90,23,[5 9],91,372,395,281,366
1,<environment.Job instance at 0x7f44ecdcadc0>,86,18,[10  3],87,375,393,288,367
1,<environment.Job instance at 0x7f44ec22a5a0>,96,12,[2 6],97,393,405,296,376
1,<environment.Job instance at 0x7f44ece365a0>,105,13,[5 7],106,395,408,289,387
1,<environment.Job instance at 0x7f44ec812410>,110,12,[1 8],111,405,417,294,388
1,<environment.Job instance at 0x7f44ed3f0fa0>,111,14,[7 4],112,408,422,296,393
1,<environment.Job instance at 0x7f44ecc98dc0>,113,15,[2 7],114,417,432,303,403
1,<environment.Job instance at 0x7f44ef999d20>,114,16,[3 5],115,422,438,307,409
1,<environment.Job instance at 0x7f44ed6d32d0>,119,15,[7 2],120,422,437,302,409
1,<environment.Job instance at 0x7f44ece98e60>,120,16,[10  4],121,437,453,316,424
1,<environment.Job instance at 0x7f44ec64ec30>,122,17,[3 9],123,438,455,315,426
1,<environment.Job instance at 0x7f44ec9c31e0>,128,17,[8 5],129,453,470,324,441
1,<environment.Job instance at 0x7f44eca3fc30>,134,19,[5 2],135,455,474,320,445
1,<environment.Job instance at 0x7f44eca3fb40>,135,12,[3 7],136,470,482,334,453
1,<environment.Job instance at 0x7f44eca3f320>,136,13,[4 5],137,470,483,333,454
1,<environment.Job instance at 0x7f44eca3f230>,138,19,[5 5],139,482,501,343,472
1,<environment.Job instance at 0x7f44eca3f820>,140,14,[9 2],141,483,497,342,472
1,<environment.Job instance at 0x7f44ec4015a0>,141,15,[3 7],142,497,512,355,483
1,<environment.Job instance at 0x7f44ec971f00>,144,18,[3 6],145,501,519,356,490
1,<environment.Job instance at 0x7f44ec971b40>,146,15,[4 9],147,512,527,365,498
1,<environment.Job instance at 0x7f44ec971140>,147,15,[1 6],148,519,534,371,505
1,<environment.Job instance at 0x7f44ec6387d0>,151,16,[5 1],152,527,543,375,514
1,<environment.Job instance at 0x7f44ec638be0>,152,15,[9 3],153,527,542,374,514
1,<environment.Job instance at 0x7f44ecdca280>,91,17,[ 2 14],92,542,559,450,534
1,<environment.Job instance at 0x7f44ecdca2d0>,84,17,[ 4 14],85,559,576,474,547
1,<environment.Job instance at 0x7f44ec638280>,156,25,[5 3],157,576,601,419,572
1,<environment.Job instance at 0x7f44ec9d7550>,157,17,[7 1],158,572,589,414,572
1,<environment.Job instance at 0x7f44ec9d7d70>,158,21,[ 3 11],159,576,597,417,572
1,<environment.Job instance at 0x7f44ec638500>,154,21,[2 7],155,639,660,484,639
1,<environment.Job instance at 0x7f44ec0d9dc0>,9,16,[11  5],10,639,655,629,639
1,<environment.Job instance at 0x7f44ec1ec0a0>,8,16,[11  3],9,715,731,706,715
1,<environment.Job instance at 0x7f44f645a500>,0,12,[5 8],1,1,13,0,1
1,<environment.Job instance at 0x7f44f645a910>,4,21,[10  1],5,5,26,0,5
1,<environment.Job instance at 0x7f44f645abe0>,12,16,[ 5 10],13,13,29,0,13
1,<environment.Job instance at 0x7f44ece58690>,17,12,[10  2],18,26,38,8,18
1,<environment.Job instance at 0x7f44ece58140>,19,16,[3 6],20,29,45,9,21
1,<environment.Job instance at 0x7f44ece58050>,20,15,[1 6],21,29,44,8,24
1,<environment.Job instance at 0x7f44ece58780>,24,13,[7 5],25,44,57,19,28
1,<environment.Job instance at 0x7f44ece58cd0>,28,19,[3 5],29,45,64,16,36
1,<environment.Job instance at 0x7f44ece58280>,30,14,[4 6],31,57,71,26,42
1,<environment.Job instance at 0x7f44ece58730>,32,15,[9 2],33,64,79,31,50
1,<environment.Job instance at 0x7f44ece58870>,33,16,[8 4],34,79,95,45,66
1,<environment.Job instance at 0x7f44f5fcf730>,36,12,[ 2 10],37,71,83,34,66
1,<environment.Job instance at 0x7f44f5fcf9b0>,41,17,[4 9],42,83,100,41,71
1,<environment.Job instance at 0x7f44f5fcffa0>,43,13,[7 4],44,95,108,51,79
1,<environment.Job instance at 0x7f44f5fcfdc0>,47,12,[ 4 10],48,100,112,52,84
1,<environment.Job instance at 0x7f44f5fcfcd0>,48,14,[4 9],49,112,126,63,97
1,<environment.Job instance at 0x7f44f645a8c0>,1,20,[10  3],2,108,128,106,105
1,<environment.Job instance at 0x7f44ece58a00>,25,13,[12  1],26,128,141,102,114
1,<environment.Job instance at 0x7f44f5fcfc30>,52,19,[9 4],53,141,160,88,131
1,<environment.Job instance at 0x7f44ecfa6b90>,59,18,[10  5],60,160,178,100,149
1,<environment.Job instance at 0x7f44ecfa6aa0>,62,19,[5 7],63,149,168,86,149
1,<environment.Job instance at 0x7f44ecfa6c30>,65,14,[3 5],66,168,182,102,153
1,<environment.Job instance at 0x7f44ecfa6230>,70,12,[3 5],71,178,190,107,161
1,<environment.Job instance at 0x7f44ecfa6dc0>,75,15,[7 1],76,178,193,102,164
1,<environment.Job instance at 0x7f44ec7e3c30>,76,16,[8 4],77,190,206,113,177
1,<environment.Job instance at 0x7f44ec7e3eb0>,77,17,[5 5],78,193,210,115,181
1,<environment.Job instance at 0x7f44ec7e3460>,82,18,[2 5],83,193,211,110,182
1,<environment.Job instance at 0x7f44ec7e39b0>,84,15,[2 5],85,206,221,121,192
1,<environment.Job instance at 0x7f44ec7e3f50>,85,15,[7 2],86,210,225,124,196
1,<environment.Job instance at 0x7f44ec7e3370>,86,19,[10  4],87,225,244,138,215
1,<environment.Job instance at 0x7f44f5fcf0a0>,53,18,[4 7],54,215,233,161,215
1,<environment.Job instance at 0x7f44ec7e3fa0>,89,21,[1 9],90,233,254,143,225
1,<environment.Job instance at 0x7f44ec747c80>,98,19,[2 6],99,244,263,145,234
1,<environment.Job instance at 0x7f44ec747b40>,100,18,[1 7],101,254,272,153,243
1,<environment.Job instance at 0x7f44ec7476e0>,101,19,[4 6],102,263,282,161,253
1,<environment.Job instance at 0x7f44ec747190>,103,17,[2 8],104,272,289,168,260
1,<environment.Job instance at 0x7f44ec7474b0>,107,15,[9 5],108,282,297,174,268
1,<environment.Job instance at 0x7f44ec7473c0>,108,14,[1 7],109,289,303,180,274
1,<environment.Job instance at 0x7f44ec747e60>,109,19,[4 5],110,297,316,187,287
1,<environment.Job instance at 0x7f44ec747af0>,112,21,[2 8],113,303,324,190,295
1,<environment.Job instance at 0x7f44ec7475a0>,113,13,[9 1],114,297,310,183,295
1,<environment.Job instance at 0x7f44f5f397d0>,114,18,[3 9],115,324,342,209,313
1,<environment.Job instance at 0x7f44ec7e3a00>,90,14,[2 9],91,342,356,251,327
1,<environment.Job instance at 0x7f44f5f39dc0>,118,22,[9 1],119,328,350,209,328
1,<environment.Job instance at 0x7f44f5f39190>,120,18,[8 2],121,350,368,229,339
1,<environment.Job instance at 0x7f44f5f39370>,128,17,[6 1],129,356,373,227,344
1,<environment.Job instance at 0x7f44f5f39b40>,130,15,[8 2],131,368,383,237,354
1,<environment.Job instance at 0x7f44f5f39aa0>,133,18,[6 1],134,373,391,239,362
1,<environment.Job instance at 0x7f44eca405a0>,136,12,[3 5],137,383,395,246,366
1,<environment.Job instance at 0x7f44ecb73050>,138,14,[6 1],139,383,397,244,368
1,<environment.Job instance at 0x7f44ed1b7780>,141,14,[6 5],142,391,405,249,376
1,<environment.Job instance at 0x7f44ec199730>,143,21,[3 7],144,395,416,251,387
1,<environment.Job instance at 0x7f44ecab7960>,147,16,[8 2],148,405,421,257,392
1,<environment.Job instance at 0x7f44eceb83c0>,149,12,[7 5],150,416,428,266,399
1,<environment.Job instance at 0x7f44eceb33c0>,150,16,[6 3],151,421,437,270,408
1,<environment.Job instance at 0x7f44ec36b280>,153,19,[8 1],154,428,447,274,418
1,<environment.Job instance at 0x7f44ec91bdc0>,156,15,[8 2],157,447,462,290,433
1,<environment.Job instance at 0x7f44ecfa6cd0>,54,17,[ 2 12],55,437,454,382,433
1,<environment.Job instance at 0x7f44ec36b320>,158,24,[4 6],159,454,478,295,449
1,<environment.Job instance at 0x7f44ec7e91e0>,157,20,[10  5],158,1084,1104,926,1084
1,<environment.Job instance at 0x7f44f5f39fa0>,119,15,[14  1],120,1141,1156,1021,1141
1,<environment.Job instance at 0x7f44ece58a50>,14,22,[6 2],15,1642,1664,1627,1642
1,<environment.Job instance at 0x7f44ece58fa0>,16,23,[4 7],17,3322,3345,3305,3322
1,<environment.Job instance at 0x7f44ec40deb0>,1,22,[5 4],2,2,24,0,2
1,<environment.Job instance at 0x7f44ec90e4b0>,2,19,[7 5],3,3,22,0,3
1,<environment.Job instance at 0x7f44ec6387d0>,8,15,[4 5],9,22,37,13,9
1,<environment.Job instance at 0x7f44ece3c8c0>,3,17,[ 4 10],4,24,41,20,15
1,<environment.Job instance at 0x7f44ec8c2be0>,12,13,[14  3],13,41,54,28,26
1,<environment.Job instance at 0x7f44ec8c2d20>,13,27,[2 5],14,54,81,40,52
1,<environment.Job instance at 0x7f44ec638780>,14,16,[3 6],15,54,70,39,52
1,<environment.Job instance at 0x7f44ec638d20>,10,20,[9 5],11,70,90,59,61
1,<environment.Job instance at 0x7f44ed3d90f0>,18,13,[2 8],19,81,94,62,65
1,<environment.Job instance at 0x7f44ed3d9870>,20,15,[5 8],21,94,109,73,80
1,<environment.Job instance at 0x7f44ed3d9500>,21,17,[9 2],22,90,107,68,80
1,<environment.Job instance at 0x7f44ec5fccd0>,25,22,[4 9],26,109,131,83,102
1,<environment.Job instance at 0x7f44ec5fcd20>,27,15,[6 1],28,107,122,79,102
1,<environment.Job instance at 0x7f44ec3ce500>,28,14,[5 7],29,131,145,102,116
1,<environment.Job instance at 0x7f44ec3ce4b0>,32,12,[10  5],33,122,134,89,116
1,<environment.Job instance at 0x7f44ec3ced70>,33,17,[10  4],34,134,151,100,122
1,<environment.Job instance at 0x7f44ec3cee10>,34,21,[5 6],35,145,166,110,137
1,<environment.Job instance at 0x7f44ecbb4e60>,40,16,[8 1],41,151,167,110,138
1,<environment.Job instance at 0x7f44eca2c690>,46,19,[4 7],47,166,185,119,156
1,<environment.Job instance at 0x7f44eca2c0a0>,49,17,[2 8],50,167,184,117,156
1,<environment.Job instance at 0x7f44eca2c1e0>,51,12,[10  3],52,184,196,132,167
1,<environment.Job instance at 0x7f44ec91b9b0>,52,13,[5 1],53,185,198,132,169
1,<environment.Job instance at 0x7f44ecab7500>,54,13,[9 5],55,196,209,141,180
1,<environment.Job instance at 0x7f44eca9f7d0>,57,18,[5 3],58,198,216,140,187
1,<environment.Job instance at 0x7f44eca9f190>,58,15,[9 3],59,209,224,150,195
1,<environment.Job instance at 0x7f44ecceab90>,59,20,[3 9],60,216,236,156,207
1,<environment.Job instance at 0x7f44ec777c30>,67,14,[1 8],68,236,250,168,221
1,<environment.Job instance at 0x7f44ed43cb40>,74,21,[1 9],75,250,271,175,242
1,<environment.Job instance at 0x7f44f6454af0>,77,22,[9 3],78,242,264,164,242
1,<environment.Job instance at 0x7f44f64548c0>,79,12,[9 1],80,264,276,184,247
1,<environment.Job instance at 0x7f44ed081f50>,83,14,[1 7],84,271,285,187,256
1,<environment.Job instance at 0x7f44ed081410>,84,18,[5 9],85,285,303,200,275
1,<environment.Job instance at 0x7f44ec395f00>,87,15,[1 7],88,303,318,215,289
1,<environment.Job instance at 0x7f44ec395960>,88,18,[5 6],89,289,307,200,289
1,<environment.Job instance at 0x7f44eca57b40>,93,12,[5 9],94,318,330,224,301
1,<environment.Job instance at 0x7f44ec78f050>,97,20,[5 6],98,307,327,209,301
1,<environment.Job instance at 0x7f44ec78ff50>,98,12,[4 7],99,330,342,231,313
1,<environment.Job instance at 0x7f44ec78faf0>,100,12,[ 5 10],101,342,354,241,325
1,<environment.Job instance at 0x7f44ec78f190>,101,20,[5 8],102,354,374,252,345
1,<environment.Job instance at 0x7f44ec78f500>,102,21,[2 8],103,374,395,271,366
1,<environment.Job instance at 0x7f44f5fda780>,106,19,[2 8],107,395,414,288,385
1,<environment.Job instance at 0x7f44f5fda230>,107,21,[3 8],108,414,435,306,407
1,<environment.Job instance at 0x7f44ec6abdc0>,110,12,[2 5],111,407,419,296,407
1,<environment.Job instance at 0x7f44ec6ab820>,111,13,[9 3],112,419,432,307,407
1,<environment.Job instance at 0x7f44ec6abc30>,112,23,[5 2],113,432,455,319,426
1,<environment.Job instance at 0x7f44ec6ab320>,114,14,[8 5],115,435,449,320,426
1,<environment.Job instance at 0x7f44ec6abcd0>,117,13,[5 9],118,449,462,331,433
1,<environment.Job instance at 0x7f44ec6ab9b0>,120,13,[5 1],121,449,462,328,433
1,<environment.Job instance at 0x7f44ec6ab870>,124,21,[8 5],125,462,483,337,454
1,<environment.Job instance at 0x7f44ec6abd20>,125,18,[1 8],126,462,480,336,454
1,<environment.Job instance at 0x7f44ed57ccd0>,129,13,[6 2],130,462,475,332,454
1,<environment.Job instance at 0x7f44ecd39c30>,130,21,[2 5],131,480,501,349,472
1,<environment.Job instance at 0x7f44ed72e3c0>,133,18,[6 3],134,483,501,349,472
1,<environment.Job instance at 0x7f44ec499eb0>,135,23,[5 6],136,483,506,347,479
1,<environment.Job instance at 0x7f44ec499640>,136,16,[2 6],137,501,517,364,488
1,<environment.Job instance at 0x7f44ec4992d0>,138,17,[5 5],139,506,523,367,494
1,<environment.Job instance at 0x7f44ec499be0>,139,12,[5 6],140,517,529,377,500
1,<environment.Job instance at 0x7f44ed81abe0>,141,18,[9 5],142,523,541,381,512
1,<environment.Job instance at 0x7f44ed81aeb0>,142,17,[5 1],143,529,546,386,517
1,<environment.Job instance at 0x7f44ed81a140>,144,15,[9 5],145,541,556,396,527
1,<environment.Job instance at 0x7f44ed81a690>,145,20,[4 6],146,546,566,400,537
1,<environment.Job instance at 0x7f44ed81ac80>,147,14,[3 8],148,556,570,408,541
1,<environment.Job instance at 0x7f44ed81a050>,148,22,[9 2],149,566,588,417,559
1,<environment.Job instance at 0x7f44ed81a5a0>,153,17,[5 7],154,570,587,416,559
1,<environment.Job instance at 0x7f44ed81a280>,154,12,[5 1],155,587,599,432,570
1,<environment.Job instance at 0x7f44ed81a780>,156,19,[10  3],157,588,607,431,578
1,<environment.Job instance at 0x7f44ed3d9550>,15,21,[11  2],16,607,628,591,599
1,<environment.Job instance at 0x7f44ed32d820>,7,22,[ 2 12],8,628,650,620,628
1,<environment.Job instance at 0x7f44ecee0140>,0,28,[14  2],1,662,690,661,662
1,<environment.Job instance at 0x7f44ec6839b0>,8,14,[8 5],9,9,23,0,9
1,<environment.Job instance at 0x7f44ecb93f50>,16,13,[7 3],17,17,30,0,17
1,<environment.Job instance at 0x7f44ecb93370>,17,14,[7 1],18,23,37,5,18
1,<environment.Job instance at 0x7f44ecff7500>,36,17,[7 5],37,38,55,1,38
1,<environment.Job instance at 0x7f44ecff76e0>,38,15,[8 2],39,39,54,0,39
1,<environment.Job instance at 0x7f44ecff78c0>,39,12,[5 9],40,54,66,14,40
1,<environment.Job instance at 0x7f44ed636dc0>,49,13,[6 2],50,55,68,5,50
1,<environment.Job instance at 0x7f44ed636a50>,55,15,[7 3],56,66,81,10,56
1,<environment.Job instance at 0x7f44ed636050>,57,16,[2 7],58,66,82,8,58
1,<environment.Job instance at 0x7f44ec699aa0>,58,18,[3 9],59,82,100,23,71
1,<environment.Job instance at 0x7f44ec699a50>,64,18,[5 3],65,71,89,6,71
1,<environment.Job instance at 0x7f44ec699960>,72,18,[5 2],73,81,99,8,76
1,<environment.Job instance at 0x7f44ecb6be60>,75,12,[9 5],76,99,111,23,82
1,<environment.Job instance at 0x7f44ecb6b9b0>,76,21,[3 7],77,100,121,23,93
1,<environment.Job instance at 0x7f44ecb6b320>,81,21,[9 1],82,114,135,32,114
1,<environment.Job instance at 0x7f44ecb6b8c0>,83,15,[8 1],84,135,150,51,121
1,<environment.Job instance at 0x7f44ecb6b410>,91,16,[4 7],92,121,137,29,121
1,<environment.Job instance at 0x7f44ec8017d0>,96,15,[7 3],97,137,152,40,123
1,<environment.Job instance at 0x7f44ec801e10>,100,21,[7 3],101,150,171,49,142
1,<environment.Job instance at 0x7f44ec8010f0>,104,19,[5 1],105,152,171,47,142
1,<environment.Job instance at 0x7f44ec4cfe60>,108,13,[8 2],109,171,184,62,155
1,<environment.Job instance at 0x7f44ec4cf9b0>,111,15,[3 5],112,155,170,43,155
1,<environment.Job instance at 0x7f44ec4cf5a0>,112,13,[6 5],113,171,184,58,155
1,<environment.Job instance at 0x7f44ec4cf6e0>,114,20,[10  4],115,184,204,69,175
1,<environment.Job instance at 0x7f44ec4cf500>,117,20,[2 6],118,184,204,66,175
1,<environment.Job instance at 0x7f44ecba5870>,121,15,[4 7],122,204,219,82,190
1,<environment.Job instance at 0x7f44ecba5500>,123,15,[ 5 10],124,219,234,95,205
1,<environment.Job instance at 0x7f44ecba5820>,125,17,[ 3 10],126,234,251,108,222
1,<environment.Job instance at 0x7f44ecba5230>,126,21,[9 1],127,236,257,109,236
1,<environment.Job instance at 0x7f44ecba50a0>,128,16,[7 5],129,257,273,128,244
1,<environment.Job instance at 0x7f44ecba55f0>,131,12,[4 7],132,251,263,119,244
1,<environment.Job instance at 0x7f44ecba5410>,132,18,[10  4],133,273,291,140,262
1,<environment.Job instance at 0x7f44ec27daa0>,140,15,[9 4],141,291,306,150,277
1,<environment.Job instance at 0x7f44ec482fa0>,145,17,[1 6],146,277,294,131,277
1,<environment.Job instance at 0x7f44ec5ae6e0>,147,21,[2 8],148,294,315,146,287
1,<environment.Job instance at 0x7f44ecea2eb0>,150,19,[10  1],151,306,325,155,296
1,<environment.Job instance at 0x7f44ec461be0>,152,18,[1 5],153,306,324,153,296
1,<environment.Job instance at 0x7f44ecff7cd0>,37,14,[10  5],38,325,339,287,317
1,<environment.Job instance at 0x7f44ec683730>,0,24,[1 9],1,317,341,316,317
1,<environment.Job instance at 0x7f44ec683eb0>,1,19,[13  2],2,339,358,337,329
1,<environment.Job instance at 0x7f44ec044af0>,157,18,[8 1],158,358,376,200,349
1,<environment.Job instance at 0x7f44ec54c730>,155,17,[ 3 12],156,363,380,207,363
1,<environment.Job instance at 0x7f44ec5bff00>,154,25,[14  2],155,380,405,225,376
1,<environment.Job instance at 0x7f44ec5bff00>,5,22,[3 6],6,6,28,0,6
1,<environment.Job instance at 0x7f44ed3230a0>,4,18,[3 8],5,6,24,1,6
1,<environment.Job instance at 0x7f44ed323cd0>,6,24,[8 1],7,7,31,0,7
1,<environment.Job instance at 0x7f44ed3235a0>,10,15,[2 6],11,24,39,13,11
1,<environment.Job instance at 0x7f44ed3235f0>,11,12,[6 3],12,31,43,19,14
1,<environment.Job instance at 0x7f44ed323550>,14,17,[7 1],15,31,48,16,20
1,<environment.Job instance at 0x7f44ed323460>,17,17,[9 2],18,48,65,30,36
1,<environment.Job instance at 0x7f44ed300050>,19,18,[1 6],20,39,57,19,36
1,<environment.Job instance at 0x7f44ed3000a0>,22,16,[4 6],23,43,59,20,36
1,<environment.Job instance at 0x7f44ed3158c0>,0,14,[ 1 13],1,59,73,58,44
1,<environment.Job instance at 0x7f44ed300870>,31,12,[4 5],32,73,85,41,56
1,<environment.Job instance at 0x7f44ed3266e0>,38,14,[1 7],39,73,87,34,58
1,<environment.Job instance at 0x7f44ed323d70>,9,17,[6 2],10,65,82,55,61
1,<environment.Job instance at 0x7f44ed323820>,12,14,[11  1],13,85,99,72,71
1,<environment.Job instance at 0x7f44ed326550>,39,15,[5 9],40,99,114,59,85
1,<environment.Job instance at 0x7f44ed326460>,44,19,[5 3],45,99,118,54,89
1,<environment.Job instance at 0x7f44ed3265f0>,46,15,[ 5 10],47,114,129,67,100
1,<environment.Job instance at 0x7f44ed328460>,47,14,[5 6],48,129,143,81,114
1,<environment.Job instance at 0x7f44ed328aa0>,50,13,[4 8],51,129,142,78,114
1,<environment.Job instance at 0x7f44ed3280a0>,53,13,[4 6],54,142,155,88,126
1,<environment.Job instance at 0x7f44ed328fa0>,56,13,[2 7],57,143,156,86,127
1,<environment.Job instance at 0x7f44ed328870>,57,14,[9 3],58,155,169,97,140
1,<environment.Job instance at 0x7f44ed328dc0>,59,19,[5 5],60,156,175,96,146
1,<environment.Job instance at 0x7f44ed30cf00>,60,12,[9 4],61,169,181,108,152
1,<environment.Job instance at 0x7f44ed30c280>,66,15,[5 7],67,175,190,108,161
1,<environment.Job instance at 0x7f44ed326280>,42,22,[1 6],43,181,203,138,179
1,<environment.Job instance at 0x7f44ed30ce10>,67,18,[11  5],68,190,208,122,179
1,<environment.Job instance at 0x7f44ed30ce60>,70,14,[4 9],71,203,217,132,188
1,<environment.Job instance at 0x7f44ed30c4b0>,72,13,[ 3 10],73,217,230,144,201
1,<environment.Job instance at 0x7f44ed2f95f0>,76,18,[8 2],77,208,226,131,201
1,<environment.Job instance at 0x7f44ed2f94b0>,78,17,[5 4],79,226,243,147,214
1,<environment.Job instance at 0x7f44ed2f95a0>,79,22,[3 7],80,230,252,150,223
1,<environment.Job instance at 0x7f44ed2f9500>,81,21,[3 7],82,243,264,161,235
1,<environment.Job instance at 0x7f44ed923e60>,83,18,[10  1],84,252,270,168,241
1,<environment.Job instance at 0x7f44ed923a50>,84,12,[3 7],85,264,276,179,247
1,<environment.Job instance at 0x7f44ed9230f0>,86,15,[ 4 10],87,276,291,189,262
1,<environment.Job instance at 0x7f44ed923f00>,91,13,[7 1],92,270,283,178,262
1,<environment.Job instance at 0x7f44ed923cd0>,95,19,[10  3],96,283,302,187,273
1,<environment.Job instance at 0x7f44ed9235a0>,97,16,[4 6],98,291,307,193,278
1,<environment.Job instance at 0x7f44ed9232d0>,98,13,[ 3 10],99,307,320,208,291
1,<environment.Job instance at 0x7f44ed923b40>,101,15,[6 3],102,302,317,200,291
1,<environment.Job instance at 0x7f44ed331280>,104,22,[10  4],105,317,339,212,310
1,<environment.Job instance at 0x7f44ed331cd0>,107,21,[3 5],108,320,341,212,312
1,<environment.Job instance at 0x7f44ed331f50>,112,19,[6 2],113,339,358,226,329
1,<environment.Job instance at 0x7f44ed3314b0>,116,13,[3 8],117,339,352,222,329
1,<environment.Job instance at 0x7f44ed331460>,119,13,[2 6],120,352,365,232,336
1,<environment.Job instance at 0x7f44ed2f6a50>,120,17,[6 4],121,341,358,220,336
1,<environment.Job instance at 0x7f44ed950c30>,126,20,[2 5],127,358,378,231,349
1,<environment.Job instance at 0x7f44ec58e0a0>,127,13,[1 5],128,365,378,237,349
1,<environment.Job instance at 0x7f44ed950960>,128,21,[7 5],129,365,386,236,357
1,<environment.Job instance at 0x7f44ec58e960>,129,15,[3 8],130,378,393,248,364
1,<environment.Job instance at 0x7f44ec58eb40>,131,16,[8 4],132,386,402,254,373
1,<environment.Job instance at 0x7f44ec58e730>,132,12,[6 4],133,393,405,260,376
1,<environment.Job instance at 0x7f44ec581fa0>,142,14,[6 5],143,402,416,259,387
1,<environment.Job instance at 0x7f44f6526f50>,146,17,[1 5],147,393,410,246,387
1,<environment.Job instance at 0x7f44ed30c2d0>,68,23,[ 1 10],69,410,433,341,404
1,<environment.Job instance at 0x7f44ecfda730>,150,15,[ 5 13],151,433,448,282,419
1,<environment.Job instance at 0x7f44ec9d8f50>,151,16,[2 8],152,448,464,296,435
1,<environment.Job instance at 0x7f44ec228550>,154,22,[8 3],155,449,471,294,449
1,<environment.Job instance at 0x7f44ec4cc410>,157,19,[3 6],158,464,483,306,454
1,<environment.Job instance at 0x7f44ecf1ecd0>,152,23,[8 4],153,471,494,318,465
1,<environment.Job instance at 0x7f44ed300b90>,28,14,[ 4 13],29,494,508,465,479
1,<environment.Job instance at 0x7f44ed3265a0>,41,16,[4 8],42,508,524,466,496
1,<environment.Job instance at 0x7f44ec581460>,1,16,[11  1],2,2,18,0,2
1,<environment.Job instance at 0x7f44ec585410>,0,27,[ 4 12],1,2,29,1,2
1,<environment.Job instance at 0x7f44ed09f230>,7,15,[10  2],8,18,33,10,10
1,<environment.Job instance at 0x7f44ec702500>,12,15,[3 8],13,29,44,16,15
1,<environment.Job instance at 0x7f44ec702320>,16,13,[2 8],17,44,57,27,28
1,<environment.Job instance at 0x7f44ec702b40>,19,14,[1 5],20,29,43,9,28
1,<environment.Job instance at 0x7f44ec702cd0>,20,19,[5 2],21,33,52,12,28
1,<environment.Job instance at 0x7f44ec702fa0>,26,20,[5 1],27,43,63,16,34
1,<environment.Job instance at 0x7f44ed09e5a0>,33,22,[5 5],34,52,74,18,45
1,<environment.Job instance at 0x7f44ed09e9b0>,37,12,[2 6],38,57,69,19,45
1,<environment.Job instance at 0x7f44ed09ec30>,43,16,[5 6],44,69,85,25,56
1,<environment.Job instance at 0x7f44ed076640>,56,12,[8 2],57,74,86,17,57
1,<environment.Job instance at 0x7f44ed0766e0>,57,21,[3 6],58,85,106,27,77
1,<environment.Job instance at 0x7f44ed3265a0>,2,27,[5 6],3,86,113,83,84
1,<environment.Job instance at 0x7f44ed076960>,60,12,[10  3],61,106,118,45,90
1,<environment.Job instance at 0x7f44ed076aa0>,61,16,[1 6],62,113,129,51,100
1,<environment.Job instance at 0x7f44ed076c80>,63,18,[10  1],64,118,136,54,107
1,<environment.Job instance at 0x7f44ed076be0>,64,18,[ 1 11],65,129,147,64,118
1,<environment.Job instance at 0x7f44ed076b40>,62,18,[9 1],63,136,154,73,125
1,<environment.Job instance at 0x7f44ed076e60>,67,21,[6 2],68,147,168,79,139
1,<environment.Job instance at 0x7f44ed0a71e0>,72,19,[8 2],73,154,173,81,146
1,<environment.Job instance at 0x7f44ed0a7280>,73,14,[5 6],74,168,182,94,153
1,<environment.Job instance at 0x7f44ed0a76e0>,78,16,[10  1],79,173,189,94,160
1,<environment.Job instance at 0x7f44ed0a7820>,80,19,[6 4],81,189,208,108,179
1,<environment.Job instance at 0x7f44ed0a75f0>,83,14,[10  5],84,208,222,124,193
1,<environment.Job instance at 0x7f44ed09fd70>,4,23,[ 1 10],5,204,227,199,204
1,<environment.Job instance at 0x7f44ed0a7870>,84,19,[10  1],85,222,241,137,212
1,<environment.Job instance at 0x7f44ed0a7d20>,89,14,[6 5],90,241,255,151,226
1,<environment.Job instance at 0x7f44ed0a7dc0>,91,22,[8 4],92,241,263,149,234
1,<environment.Job instance at 0x7f44ed0a7eb0>,92,20,[8 4],93,263,283,170,254
1,<environment.Job instance at 0x7f44ed0a9050>,93,15,[ 3 10],94,267,282,173,267
1,<environment.Job instance at 0x7f44ed0a9280>,96,18,[1 8],97,282,300,185,272
1,<environment.Job instance at 0x7f44ed315460>,99,18,[8 3],100,283,301,183,272
1,<environment.Job instance at 0x7f44ec04d7d0>,102,17,[6 1],103,282,299,179,272
1,<environment.Job instance at 0x7f44ed39d8c0>,106,21,[2 6],107,300,321,193,292
1,<environment.Job instance at 0x7f44ec715500>,108,21,[1 6],109,300,321,191,292
1,<environment.Job instance at 0x7f44ed79f910>,124,19,[7 2],125,301,320,176,292
1,<environment.Job instance at 0x7f44ed79f730>,125,13,[5 4],126,321,334,195,305
1,<environment.Job instance at 0x7f44ec7c5730>,127,15,[8 2],128,320,335,192,306
1,<environment.Job instance at 0x7f44ed226460>,128,13,[10  2],129,335,348,206,319
1,<environment.Job instance at 0x7f44ec7c5780>,130,22,[5 5],131,334,356,203,328
1,<environment.Job instance at 0x7f44ed7a9d70>,131,15,[5 6],132,348,363,216,334
1,<environment.Job instance at 0x7f44ed043690>,133,19,[1 7],134,356,375,222,346
1,<environment.Job instance at 0x7f44ed390af0>,136,18,[5 3],137,363,381,226,352
1,<environment.Job instance at 0x7f44ed390640>,137,14,[7 5],138,363,377,225,352
1,<environment.Job instance at 0x7f44ed3904b0>,139,12,[7 3],140,377,389,237,360
1,<environment.Job instance at 0x7f44ed06b140>,144,12,[1 6],145,375,387,230,362
1,<environment.Job instance at 0x7f44ed09fc30>,9,17,[14  4],10,389,406,379,378
1,<environment.Job instance at 0x7f44ed050780>,153,16,[7 3],154,406,422,252,395
1,<environment.Job instance at 0x7f44ed050640>,154,25,[2 6],155,406,431,251,402
1,<environment.Job instance at 0x7f44ed050500>,155,17,[8 3],156,422,439,266,411
1,<environment.Job instance at 0x7f44ed0503c0>,156,22,[4 9],157,431,453,274,428
1,<environment.Job instance at 0x7f44ed0506e0>,152,20,[10  3],153,439,459,286,430
1,<environment.Job instance at 0x7f44ed050230>,158,14,[5 6],159,453,467,294,438
1,<environment.Job instance at 0x7f44ed09f410>,8,20,[12  3],9,1919,1939,1910,1919
1,<environment.Job instance at 0x7f44ed076d20>,65,27,[11  1],66,1939,1966,1873,1937
1,<environment.Job instance at 0x7f44ed1f5f00>,0,28,[ 4 10],1,1,29,0,1
1,<environment.Job instance at 0x7f44ed076d70>,1,25,[5 3],2,2,27,0,2
1,<environment.Job instance at 0x7f44ed1f5960>,5,15,[ 2 13],6,29,44,23,18
1,<environment.Job instance at 0x7f44ed1f5b40>,4,20,[3 9],5,44,64,39,35
1,<environment.Job instance at 0x7f44ed1f5af0>,15,16,[ 5 10],16,64,80,48,51
1,<environment.Job instance at 0x7f44ed1f5280>,16,13,[10  3],17,51,64,34,51
1,<environment.Job instance at 0x7f44ed1f5c80>,17,18,[10  5],18,64,82,46,53
1,<environment.Job instance at 0x7f44ed206140>,26,14,[6 4],27,82,96,55,67
1,<environment.Job instance at 0x7f44ed2067d0>,27,14,[3 7],28,80,94,52,67
1,<environment.Job instance at 0x7f44ed206280>,29,15,[2 8],30,94,109,64,80
1,<environment.Job instance at 0x7f44ed206320>,31,12,[7 5],32,96,108,64,80
1,<environment.Job instance at 0x7f44ed220c30>,33,16,[5 3],34,108,124,74,95
1,<environment.Job instance at 0x7f44ed2202d0>,38,16,[5 9],39,109,125,70,97
1,<environment.Job instance at 0x7f44ed220e60>,45,16,[4 6],46,124,140,78,111
1,<environment.Job instance at 0x7f44ecdf0050>,50,17,[10  2],51,125,142,74,113
1,<environment.Job instance at 0x7f44ece07be0>,53,18,[3 8],54,140,158,86,129
1,<environment.Job instance at 0x7f44ece07050>,54,22,[7 4],55,142,164,87,135
1,<environment.Job instance at 0x7f44ed228230>,63,21,[9 3],64,164,185,100,156
1,<environment.Job instance at 0x7f44ed2286e0>,68,19,[3 9],69,158,177,89,156
1,<environment.Job instance at 0x7f44ed228f50>,76,12,[3 8],77,177,189,100,160
1,<environment.Job instance at 0x7f44ed9783c0>,81,13,[5 2],82,185,198,103,169
1,<environment.Job instance at 0x7f44ec565af0>,83,16,[9 1],84,189,205,105,176
1,<environment.Job instance at 0x7f44ec678e60>,88,18,[6 3],89,198,216,109,187
1,<environment.Job instance at 0x7f44ec678b40>,92,16,[6 2],93,205,221,112,199
1,<environment.Job instance at 0x7f44ec678b90>,94,22,[6 3],95,216,238,121,209
1,<environment.Job instance at 0x7f44ed1f5fa0>,7,24,[ 3 11],8,221,245,213,216
1,<environment.Job instance at 0x7f44ec678c30>,97,12,[8 4],98,238,250,140,223
1,<environment.Job instance at 0x7f44ecb72be0>,108,17,[7 2],109,245,262,136,233
1,<environment.Job instance at 0x7f44ed1a2320>,111,18,[6 3],112,250,268,138,239
1,<environment.Job instance at 0x7f44ed09faf0>,109,22,[5 1],110,262,284,152,255
1,<environment.Job instance at 0x7f44ed1534b0>,115,16,[13  2],116,284,300,168,271
1,<environment.Job instance at 0x7f44ed153d20>,116,13,[5 5],117,271,284,154,271
1,<environment.Job instance at 0x7f44ed1a20a0>,114,19,[3 8],115,300,319,185,290
1,<environment.Job instance at 0x7f44ed0cf2d0>,117,21,[ 5 13],118,319,340,201,311
1,<environment.Job instance at 0x7f44ec66e190>,0,18,[ 3 12],1,1,19,0,1
1,<environment.Job instance at 0x7f44ece681e0>,8,15,[11  5],9,19,34,10,9
1,<environment.Job instance at 0x7f44ece68910>,11,18,[ 4 10],12,19,37,7,12
1,<environment.Job instance at 0x7f44ece68e10>,12,15,[3 5],13,34,49,21,21
1,<environment.Job instance at 0x7f44ece4c140>,19,14,[12  4],20,37,51,17,22
1,<environment.Job instance at 0x7f44ece4caf0>,22,17,[3 5],23,49,66,26,38
1,<environment.Job instance at 0x7f44ece4c1e0>,23,18,[ 3 10],24,51,69,27,40
1,<environment.Job instance at 0x7f44ece4ce60>,25,17,[14  3],26,69,86,43,57
1,<environment.Job instance at 0x7f44ec4aa410>,1,18,[11  4],2,86,104,84,75
1,<environment.Job instance at 0x7f44ece4ca50>,27,13,[ 1 13],28,104,117,76,88
1,<environment.Job instance at 0x7f44ece4c0f0>,28,22,[ 2 11],29,117,139,88,110
1,<environment.Job instance at 0x7f44ece4cf50>,29,14,[12  4],30,117,131,87,110
1,<environment.Job instance at 0x7f44ece4cb90>,30,23,[6 5],31,139,162,108,133
1,<environment.Job instance at 0x7f44ece4c410>,31,24,[6 4],32,133,157,101,133
1,<environment.Job instance at 0x7f44ece4c320>,32,21,[ 3 11],33,162,183,129,154
1,<environment.Job instance at 0x7f44ece4c8c0>,21,20,[8 5],22,183,203,161,174
1,<environment.Job instance at 0x7f44ed6a13c0>,42,19,[6 5],43,183,202,140,177
1,<environment.Job instance at 0x7f44ed6a1320>,47,19,[9 5],48,203,222,155,193
1,<environment.Job instance at 0x7f44ece4c230>,33,20,[13  1],34,222,242,188,213
1,<environment.Job instance at 0x7f44ed6a1140>,55,13,[11  4],56,242,255,186,236
1,<environment.Job instance at 0x7f44ed6a1a50>,56,17,[ 4 11],57,242,259,185,236
1,<environment.Job instance at 0x7f44ed6a1cd0>,54,19,[1 9],55,259,278,204,249
1,<environment.Job instance at 0x7f44f5f81410>,64,17,[8 5],65,259,276,194,249
1,<environment.Job instance at 0x7f44ed62a460>,69,20,[2 5],70,276,296,206,267
1,<environment.Job instance at 0x7f44ece683c0>,15,28,[11  5],16,280,308,264,280
1,<environment.Job instance at 0x7f44ed7bd820>,72,20,[7 3],73,308,328,235,299
1,<environment.Job instance at 0x7f44f5f81320>,73,27,[4 6],74,299,326,225,299
1,<environment.Job instance at 0x7f44ec5535a0>,74,26,[ 4 10],75,326,352,251,323
1,<environment.Job instance at 0x7f44ecfa6820>,75,15,[14  4],76,352,367,276,338
1,<environment.Job instance at 0x7f44ecfa6b40>,76,26,[13  5],77,367,393,290,364
1,<environment.Job instance at 0x7f44ecfa60f0>,77,14,[ 1 12],78,393,407,315,378
1,<environment.Job instance at 0x7f44ecfa67d0>,78,27,[ 3 12],79,407,434,328,405
1,<environment.Job instance at 0x7f44ecfa6f00>,79,12,[4 6],80,434,446,354,417
1,<environment.Job instance at 0x7f44ecfa6cd0>,80,16,[ 1 10],81,446,462,365,433
1,<environment.Job instance at 0x7f44ecfa6320>,81,15,[4 8],82,462,477,380,448
1,<environment.Job instance at 0x7f44ecfa6500>,82,28,[ 1 13],83,477,505,394,476
1,<environment.Job instance at 0x7f44ecfa6960>,83,14,[13  1],84,477,491,393,476
1,<environment.Job instance at 0x7f44ecfa6b90>,84,25,[12  2],85,491,516,406,487
1,<environment.Job instance at 0x7f44ecfa6550>,85,17,[10  3],86,516,533,430,507
1,<environment.Job instance at 0x7f44ecfa6af0>,86,27,[ 5 14],87,533,560,446,531
1,<environment.Job instance at 0x7f44ecfa6780>,87,13,[14  4],88,560,573,472,544
1,<environment.Job instance at 0x7f44ece65780>,88,19,[13  2],89,573,592,484,563
1,<environment.Job instance at 0x7f44ecfa6640>,89,21,[5 1],90,592,613,502,584
1,<environment.Job instance at 0x7f44ecfa63c0>,90,14,[1 8],91,584,598,493,584
1,<environment.Job instance at 0x7f44f5f810f0>,62,21,[5 7],63,598,619,535,590
1,<environment.Job instance at 0x7f44ed18b7d0>,92,23,[3 6],93,592,615,499,592
1,<environment.Job instance at 0x7f44ec97a550>,93,23,[5 2],94,613,636,519,607
1,<environment.Job instance at 0x7f44ed6994b0>,94,13,[11  2],95,636,649,541,620
1,<environment.Job instance at 0x7f44ece59460>,95,14,[6 2],96,620,634,524,620
1,<environment.Job instance at 0x7f44ecfa60a0>,91,17,[13  4],92,649,666,557,637
1,<environment.Job instance at 0x7f44ed07a4b0>,97,28,[5 3],98,666,694,568,665
1,<environment.Job instance at 0x7f44ec152190>,96,22,[6 5],97,666,688,569,665
1,<environment.Job instance at 0x7f44ec27e1e0>,99,23,[5 2],100,688,711,588,682
1,<environment.Job instance at 0x7f44ec63cf00>,100,17,[ 5 14],101,711,728,610,699
1,<environment.Job instance at 0x7f44ecb6a5f0>,106,17,[7 4],107,728,745,621,716
1,<environment.Job instance at 0x7f44ed331370>,110,20,[7 4],111,728,748,617,721
1,<environment.Job instance at 0x7f44f5f4f780>,111,20,[1 9],112,745,765,633,741
1,<environment.Job instance at 0x7f44ec27ecd0>,101,28,[10  4],102,748,776,646,747
1,<environment.Job instance at 0x7f44ec47a910>,113,13,[ 4 10],114,765,778,651,752
1,<environment.Job instance at 0x7f44ed331910>,115,19,[1 5],116,776,795,660,766
1,<environment.Job instance at 0x7f44ec765a50>,118,14,[5 6],119,778,792,659,766
1,<environment.Job instance at 0x7f44ec765870>,122,16,[3 6],123,792,808,669,779
1,<environment.Job instance at 0x7f44ec6ab1e0>,134,12,[2 7],135,795,807,660,779
1,<environment.Job instance at 0x7f44ec6abc80>,135,12,[5 6],136,807,819,671,790
1,<environment.Job instance at 0x7f44ec964e10>,137,18,[6 5],138,808,826,670,799
1,<environment.Job instance at 0x7f44ed631780>,140,15,[2 6],141,819,834,678,811
1,<environment.Job instance at 0x7f44ed6319b0>,141,19,[10  2],142,826,845,684,818
1,<environment.Job instance at 0x7f44ec0c4370>,146,14,[7 2],147,845,859,698,830
1,<environment.Job instance at 0x7f44ece680f0>,14,26,[ 3 13],15,834,860,819,831
1,<environment.Job instance at 0x7f44ec0c45f0>,149,12,[3 5],150,860,872,710,843
1,<environment.Job instance at 0x7f44ec0c40a0>,150,25,[8 5],151,861,886,710,861
1,<environment.Job instance at 0x7f44ec0c4f50>,1,18,[2 6],2,2,20,0,2
1,<environment.Job instance at 0x7f44ecac65f0>,3,23,[8 2],4,4,27,0,4
1,<environment.Job instance at 0x7f44ecac64b0>,7,15,[10  3],8,27,42,19,13
1,<environment.Job instance at 0x7f44ecac60a0>,12,13,[2 5],13,13,26,0,13
1,<environment.Job instance at 0x7f44ecac6780>,8,20,[5 6],9,20,40,11,14
1,<environment.Job instance at 0x7f44ed40bc30>,13,16,[ 4 10],14,40,56,26,27
1,<environment.Job instance at 0x7f44ed40b640>,15,12,[1 7],16,56,68,40,39
1,<environment.Job instance at 0x7f44ed40b4b0>,16,16,[8 1],17,42,58,25,39
1,<environment.Job instance at 0x7f44ed012050>,17,14,[9 3],18,58,72,40,43
1,<environment.Job instance at 0x7f44ed012d70>,19,12,[8 3],20,72,84,52,55
1,<environment.Job instance at 0x7f44ed012c30>,20,20,[2 8],21,68,88,47,65
1,<environment.Job instance at 0x7f44ed012870>,23,15,[9 1],24,84,99,60,70
1,<environment.Job instance at 0x7f44ed91e0f0>,26,17,[10  3],27,99,116,72,87
1,<environment.Job instance at 0x7f44ed011140>,34,14,[9 2],35,116,130,81,101
1,<environment.Job instance at 0x7f44f63dd280>,39,15,[11  5],40,130,145,90,116
1,<environment.Job instance at 0x7f44ec5976e0>,40,22,[1 6],41,122,144,81,122
1,<environment.Job instance at 0x7f44ed70ff50>,42,17,[9 5],43,145,162,102,133
1,<environment.Job instance at 0x7f44ec0dea00>,45,20,[3 9],46,144,164,98,143
1,<environment.Job instance at 0x7f44ed4009b0>,49,16,[5 8],50,164,180,114,151
1,<environment.Job instance at 0x7f44ec4dfd20>,52,13,[8 2],53,162,175,109,151
1,<environment.Job instance at 0x7f44ed40b780>,14,14,[14  5],15,180,194,165,165
1,<environment.Job instance at 0x7f44ec4dff50>,56,26,[14  1],57,194,220,137,191
1,<environment.Job instance at 0x7f44ec4df690>,55,17,[ 3 10],56,220,237,164,208
1,<environment.Job instance at 0x7f44ec4dfa50>,57,23,[10  4],58,220,243,162,216
1,<environment.Job instance at 0x7f44ecc68a00>,65,15,[5 8],66,237,252,171,223
1,<environment.Job instance at 0x7f44ed08a730>,76,18,[11  3],77,252,270,175,241
1,<environment.Job instance at 0x7f44ecac6370>,5,18,[3 8],6,252,270,246,244
1,<environment.Job instance at 0x7f44ed08a280>,85,18,[7 4],86,270,288,184,259
1,<environment.Job instance at 0x7f44ed08aaf0>,87,18,[6 1],88,270,288,182,259
1,<environment.Job instance at 0x7f44ed402c30>,92,12,[5 9],93,288,300,195,271
1,<environment.Job instance at 0x7f44ed402500>,93,15,[10  5],94,288,303,194,274
1,<environment.Job instance at 0x7f44ed402280>,97,18,[5 4],98,300,318,202,289
1,<environment.Job instance at 0x7f44ed402d70>,102,20,[2 7],103,303,323,200,294
1,<environment.Job instance at 0x7f44ed402be0>,104,13,[3 5],105,318,331,213,302
1,<environment.Job instance at 0x7f44ed402f00>,105,19,[4 8],106,323,342,217,313
1,<environment.Job instance at 0x7f44f5f7faa0>,109,18,[3 6],110,331,349,221,320
1,<environment.Job instance at 0x7f44f5f7f4b0>,112,13,[2 9],113,342,355,229,326
1,<environment.Job instance at 0x7f44f5f7f550>,123,21,[5 6],124,349,370,225,341
1,<environment.Job instance at 0x7f44ec184d70>,124,19,[10  4],125,355,374,230,347
1,<environment.Job instance at 0x7f44ed0e0aa0>,0,23,[ 2 11],1,370,393,369,364
1,<environment.Job instance at 0x7f44ec1847d0>,126,21,[8 2],127,374,395,247,366
1,<environment.Job instance at 0x7f44ec184320>,139,18,[10  2],140,395,413,255,384
1,<environment.Job instance at 0x7f44f5f98230>,150,18,[3 8],151,393,411,242,384
1,<environment.Job instance at 0x7f44f5f98410>,152,17,[7 2],153,413,430,260,401
1,<environment.Job instance at 0x7f44f5f98550>,155,18,[3 9],156,411,429,255,401
1,<environment.Job instance at 0x7f44ec184f00>,127,16,[8 5],128,429,445,301,416
1,<environment.Job instance at 0x7f44ecc68fa0>,66,18,[12  4],67,520,538,453,520
1,<environment.Job instance at 0x7f44ecbd84b0>,1,13,[5 1],2,2,15,0,2
1,<environment.Job instance at 0x7f44ecc68910>,2,15,[ 3 11],3,3,18,0,3
1,<environment.Job instance at 0x7f44ec2a7320>,8,15,[7 2],9,9,24,0,9
1,<environment.Job instance at 0x7f44ecc68fa0>,6,21,[6 5],7,18,39,11,10
1,<environment.Job instance at 0x7f44ec2a7d70>,7,24,[13  2],8,39,63,31,34
1,<environment.Job instance at 0x7f44ec2a7d20>,11,14,[ 1 11],12,39,53,27,34
1,<environment.Job instance at 0x7f44ec2a7460>,12,16,[14  1],13,63,79,50,52
1,<environment.Job instance at 0x7f44ec2a7730>,10,18,[3 9],11,79,97,68,68
1,<environment.Job instance at 0x7f44ec2a7fa0>,15,18,[5 3],16,79,97,63,68
1,<environment.Job instance at 0x7f44ec2a72d0>,19,16,[5 5],20,97,113,77,84
1,<environment.Job instance at 0x7f44ec2a7780>,20,12,[7 5],21,97,109,76,84
1,<environment.Job instance at 0x7f44ec2a7230>,23,15,[5 2],24,109,124,85,95
1,<environment.Job instance at 0x7f44ec2a7a00>,13,14,[ 3 10],14,113,127,99,100
1,<environment.Job instance at 0x7f44ec2a7aa0>,25,18,[5 9],26,127,145,101,116
1,<environment.Job instance at 0x7f44ecf13e60>,29,12,[3 5],30,124,136,94,116
1,<environment.Job instance at 0x7f44ecf135f0>,31,18,[8 1],32,136,154,104,125
1,<environment.Job instance at 0x7f44ecf135a0>,38,13,[7 1],39,145,158,106,130
1,<environment.Job instance at 0x7f44ecf136e0>,44,14,[5 2],45,154,168,109,139
1,<environment.Job instance at 0x7f44ed82d780>,55,17,[9 2],56,158,175,102,146
1,<environment.Job instance at 0x7f44ed82d050>,56,14,[7 2],57,175,189,118,160
1,<environment.Job instance at 0x7f44ed82d410>,58,12,[5 7],59,168,180,109,160
1,<environment.Job instance at 0x7f44ed82db40>,60,18,[5 4],61,180,198,119,169
1,<environment.Job instance at 0x7f44ed82d7d0>,61,12,[1 8],62,180,192,118,169
1,<environment.Job instance at 0x7f44ed82da50>,62,21,[4 7],63,192,213,129,184
1,<environment.Job instance at 0x7f44ed82de60>,68,12,[1 6],69,198,210,129,184
1,<environment.Job instance at 0x7f44f652e0a0>,72,19,[4 8],73,210,229,137,200
1,<environment.Job instance at 0x7f44f652e370>,78,19,[10  2],79,213,232,134,203
1,<environment.Job instance at 0x7f44f652ea50>,80,19,[10  4],81,232,251,151,222
1,<environment.Job instance at 0x7f44ecf4df50>,89,17,[10  4],90,251,268,161,239
1,<environment.Job instance at 0x7f44ecf4d460>,90,12,[6 3],91,268,280,177,251
1,<environment.Job instance at 0x7f44ecf4daa0>,94,14,[6 2],95,268,282,173,253
1,<environment.Job instance at 0x7f44ecf4d960>,98,20,[6 3],99,280,300,181,271
1,<environment.Job instance at 0x7f44ecf4deb0>,100,18,[5 2],101,282,300,181,271
1,<environment.Job instance at 0x7f44ed4477d0>,105,14,[5 3],106,300,314,194,285
1,<environment.Job instance at 0x7f44ed447870>,106,13,[7 4],107,300,313,193,285
1,<environment.Job instance at 0x7f44ed447d70>,111,18,[10  4],112,313,331,201,302
1,<environment.Job instance at 0x7f44ed447190>,112,17,[10  4],113,331,348,218,319
1,<environment.Job instance at 0x7f44ed447780>,113,13,[ 5 10],114,319,332,205,319
1,<environment.Job instance at 0x7f44ed447dc0>,115,15,[1 5],116,332,347,216,319
1,<environment.Job instance at 0x7f44ed4473c0>,116,18,[3 8],117,347,365,230,336
1,<environment.Job instance at 0x7f44ed447140>,117,15,[3 9],118,365,380,247,351
1,<environment.Job instance at 0x7f44ed447960>,121,19,[4 7],122,380,399,258,370
1,<environment.Job instance at 0x7f44ed32d9b0>,126,22,[5 1],127,370,392,243,370
1,<environment.Job instance at 0x7f44ed32d460>,128,13,[5 8],129,392,405,263,376
1,<environment.Job instance at 0x7f44ecb3e3c0>,129,22,[2 7],130,399,421,269,392
1,<environment.Job instance at 0x7f44ec2bfa50>,134,21,[5 6],135,405,426,270,397
1,<environment.Job instance at 0x7f44ec2bf870>,135,17,[10  4],136,421,438,285,409
1,<environment.Job instance at 0x7f44ec2bf550>,140,14,[3 5],141,426,440,285,411
1,<environment.Job instance at 0x7f44ecb9ad70>,143,22,[5 8],144,438,460,294,431
1,<environment.Job instance at 0x7f44ed46f870>,150,20,[8 2],151,440,460,289,431
1,<environment.Job instance at 0x7f44ec6585f0>,154,15,[3 5],155,460,475,305,446
1,<environment.Job instance at 0x7f44f64568c0>,158,17,[11  5],159,460,477,301,448
1,<environment.Job instance at 0x7f44ecf13140>,26,16,[5 7],27,477,493,450,466
1,<environment.Job instance at 0x7f44ec2a7550>,5,22,[6 5],6,477,499,471,470
1,<environment.Job instance at 0x7f44ec39eb40>,0,23,[ 1 11],1,499,522,498,493
1,<environment.Job instance at 0x7f44f6195cd0>,1,13,[8 2],2,2,15,0,2
1,<environment.Job instance at 0x7f44f5f8a140>,2,13,[4 8],3,3,16,0,3
1,<environment.Job instance at 0x7f44f5f8ab90>,7,19,[4 8],8,16,35,8,8
1,<environment.Job instance at 0x7f44f5f8a190>,9,22,[7 3],10,15,37,5,10
1,<environment.Job instance at 0x7f44f5f8a4b0>,11,15,[10  5],12,37,52,25,23
1,<environment.Job instance at 0x7f44ece48730>,21,14,[4 8],22,35,49,13,23
1,<environment.Job instance at 0x7f44ec4c3cd0>,26,14,[5 3],27,49,63,22,34
1,<environment.Job instance at 0x7f44f5f8ac30>,12,16,[4 8],13,52,68,39,39
1,<environment.Job instance at 0x7f44ed3d91e0>,27,20,[10  4],28,63,83,35,54
1,<environment.Job instance at 0x7f44eca645a0>,39,13,[9 5],40,83,96,43,67
1,<environment.Job instance at 0x7f44ed316690>,28,16,[1 7],29,70,86,41,70
1,<environment.Job instance at 0x7f44ece66370>,43,12,[12  5],44,96,108,52,79
1,<environment.Job instance at 0x7f44ece66820>,44,22,[13  1],45,108,130,63,101
1,<environment.Job instance at 0x7f44ece66b90>,42,17,[9 2],43,130,147,87,118
1,<environment.Job instance at 0x7f44ece66f00>,45,20,[1 5],46,118,138,72,118
1,<environment.Job instance at 0x7f44ec5e3f00>,47,14,[ 1 11],48,138,152,90,123
1,<environment.Job instance at 0x7f44ec5e37d0>,48,14,[ 5 14],49,152,166,103,145
1,<environment.Job instance at 0x7f44f5f8a5a0>,13,25,[ 5 14],14,166,191,152,162
1,<environment.Job instance at 0x7f44ec5e33c0>,50,12,[ 2 12],51,191,203,140,174
1,<environment.Job instance at 0x7f44f5f8aa00>,10,13,[13  3],11,191,204,180,176
1,<environment.Job instance at 0x7f44ec5e3b40>,51,20,[7 5],52,204,224,152,195
1,<environment.Job instance at 0x7f44ec5e3c80>,52,20,[5 5],53,204,224,151,201
1,<environment.Job instance at 0x7f44ecc37c30>,55,23,[7 1],56,224,247,168,220
1,<environment.Job instance at 0x7f44ecc37eb0>,53,26,[7 4],54,224,250,170,221
1,<environment.Job instance at 0x7f44ed79b230>,57,13,[5 1],58,247,260,189,231
1,<environment.Job instance at 0x7f44ed79b640>,58,14,[7 3],59,250,264,191,235
1,<environment.Job instance at 0x7f44ecc37be0>,56,17,[1 7],57,237,254,180,237
1,<environment.Job instance at 0x7f44ec5e3550>,49,27,[7 2],50,260,287,210,258
1,<environment.Job instance at 0x7f44ecee6cd0>,61,27,[7 2],62,264,291,202,262
1,<environment.Job instance at 0x7f44ece66460>,46,18,[5 7],47,287,305,240,280
1,<environment.Job instance at 0x7f44ecee6460>,63,13,[7 5],64,291,304,227,280
1,<environment.Job instance at 0x7f44ecee6aa0>,64,14,[2 5],65,304,318,239,289
1,<environment.Job instance at 0x7f44f6191eb0>,80,13,[5 5],81,305,318,224,289
1,<environment.Job instance at 0x7f44ed28a500>,81,13,[4 6],82,318,331,236,302
1,<environment.Job instance at 0x7f44ed28aaf0>,83,18,[2 5],84,305,323,221,302
1,<environment.Job instance at 0x7f44f5f7ca50>,87,18,[5 3],88,318,336,230,313
1,<environment.Job instance at 0x7f44ed36bbe0>,88,17,[8 1],89,331,348,242,322
1,<environment.Job instance at 0x7f44ecee65f0>,62,22,[ 5 14],63,336,358,273,329
1,<environment.Job instance at 0x7f44ec200eb0>,92,17,[7 2],93,358,375,265,346
1,<environment.Job instance at 0x7f44ec2000f0>,93,13,[9 5],94,375,388,281,359
1,<environment.Job instance at 0x7f44ec200190>,94,24,[8 3],95,388,412,293,383
1,<environment.Job instance at 0x7f44ec200230>,95,14,[ 2 12],96,388,402,292,383
1,<environment.Job instance at 0x7f44ec200870>,96,21,[2 7],97,402,423,305,394
1,<environment.Job instance at 0x7f44ec200d70>,97,14,[5 6],98,412,426,314,397
1,<environment.Job instance at 0x7f44ec200820>,98,17,[11  4],99,426,443,327,414
1,<environment.Job instance at 0x7f44ec200370>,99,26,[3 8],100,423,449,323,420
1,<environment.Job instance at 0x7f44ec2009b0>,100,24,[13  1],101,449,473,348,444
1,<environment.Job instance at 0x7f44f5fca960>,101,13,[1 7],102,456,469,354,456
1,<environment.Job instance at 0x7f44f5f29a50>,104,16,[5 4],105,473,489,368,460
1,<environment.Job instance at 0x7f44ed392eb0>,107,17,[1 5],108,461,478,353,461
1,<environment.Job instance at 0x7f44ecb9dfa0>,110,18,[7 3],111,473,491,362,466
1,<environment.Job instance at 0x7f44ec97a2d0>,112,14,[5 4],113,489,503,376,474
1,<environment.Job instance at 0x7f44ec6bf2d0>,114,12,[7 4],115,491,503,376,474
1,<environment.Job instance at 0x7f44ed38e730>,102,13,[ 5 12],103,503,516,400,487
1,<environment.Job instance at 0x7f44ed17eb40>,117,14,[10  3],118,503,517,385,488
1,<environment.Job instance at 0x7f44ed50ff00>,119,17,[8 4],120,517,534,397,505
1,<environment.Job instance at 0x7f44f659aa00>,121,16,[8 2],122,534,550,412,521
1,<environment.Job instance at 0x7f44ecff29b0>,118,15,[6 5],119,521,536,402,521
1,<environment.Job instance at 0x7f44f659a0a0>,123,15,[6 5],124,536,551,412,522
1,<environment.Job instance at 0x7f44f659af50>,124,12,[ 5 13],125,551,563,426,534
1,<environment.Job instance at 0x7f44ec9b6dc0>,125,21,[5 1],126,550,571,424,544
1,<environment.Job instance at 0x7f44ec9b6f00>,126,14,[ 2 10],127,563,577,436,549
1,<environment.Job instance at 0x7f44ece299b0>,128,13,[10  1],129,571,584,442,555
1,<environment.Job instance at 0x7f44ece29230>,127,19,[2 6],128,577,596,449,567
1,<environment.Job instance at 0x7f44f5f853c0>,131,15,[5 4],132,584,599,452,570
1,<environment.Job instance at 0x7f44f5f85780>,135,14,[2 5],136,577,591,441,571
1,<environment.Job instance at 0x7f44ed8e65f0>,136,14,[5 7],137,596,610,459,581
1,<environment.Job instance at 0x7f44ec9a1370>,140,14,[ 4 10],141,610,624,469,596
1,<environment.Job instance at 0x7f44ec9a1c30>,141,20,[8 2],142,599,619,457,596
1,<environment.Job instance at 0x7f44ed71dfa0>,129,20,[12  1],130,624,644,494,615
1,<environment.Job instance at 0x7f44ed072b90>,142,20,[4 7],143,644,664,501,635
1,<environment.Job instance at 0x7f44ed0725a0>,143,20,[ 4 11],144,664,684,520,655
1,<environment.Job instance at 0x7f44ec7994b0>,145,12,[6 1],146,655,667,509,655
1,<environment.Job instance at 0x7f44ed6998c0>,146,12,[11  2],147,667,679,520,655
1,<environment.Job instance at 0x7f44ec799640>,147,25,[ 2 12],148,684,709,536,680
1,<environment.Job instance at 0x7f44ec799b40>,148,17,[1 8],149,709,726,560,697
1,<environment.Job instance at 0x7f44ef9fde10>,149,13,[14  5],150,709,722,559,697
1,<environment.Job instance at 0x7f44ef9fdaf0>,150,12,[6 5],151,722,734,571,705
1,<environment.Job instance at 0x7f44ef9fdfa0>,151,15,[10  1],152,734,749,582,720
1,<environment.Job instance at 0x7f44ec799a50>,144,21,[ 5 10],145,726,747,581,720
1,<environment.Job instance at 0x7f44ed40a690>,153,15,[4 7],154,747,762,593,733
1,<environment.Job instance at 0x7f44ec767230>,154,21,[2 7],155,749,770,594,741
1,<environment.Job instance at 0x7f44ec767550>,156,18,[2 8],157,762,780,605,751
1,<environment.Job instance at 0x7f44ed3c9c80>,157,18,[3 8],158,780,798,622,769
1,<environment.Job instance at 0x7f44ed3c9a00>,158,12,[6 3],159,770,782,611,769
1,<environment.Job instance at 0x7f44ed40aa50>,152,17,[2 7],153,782,799,629,771
1,<environment.Job instance at 0x7f44ecee6370>,2,21,[5 1],3,3,24,0,3
1,<environment.Job instance at 0x7f44ed7efdc0>,4,14,[9 5],5,5,19,0,5
1,<environment.Job instance at 0x7f44ed7efcd0>,5,13,[5 6],6,19,32,13,6
1,<environment.Job instance at 0x7f44ed7de050>,9,20,[8 3],10,24,44,14,15
1,<environment.Job instance at 0x7f44ed7de5a0>,15,17,[ 5 10],16,32,49,16,20
1,<environment.Job instance at 0x7f44ed7de690>,16,15,[5 6],17,49,64,32,35
1,<environment.Job instance at 0x7f44ed7deaa0>,22,17,[10  3],23,44,61,21,35
1,<environment.Job instance at 0x7f44ed7debe0>,24,17,[ 2 10],25,64,81,39,52
1,<environment.Job instance at 0x7f44ed7dec80>,25,12,[2 8],26,81,93,55,64
1,<environment.Job instance at 0x7f44ed7defa0>,30,22,[5 3],31,64,86,33,64
1,<environment.Job instance at 0x7f44ed7cd5a0>,39,13,[5 6],40,86,99,46,70
1,<environment.Job instance at 0x7f44ed7cda00>,46,19,[8 2],47,93,112,46,83
1,<environment.Job instance at 0x7f44ed7cdbe0>,49,18,[9 1],50,112,130,62,101
1,<environment.Job instance at 0x7f44ed7cdc80>,50,16,[ 1 10],51,101,117,50,101
1,<environment.Job instance at 0x7f44ed7cd370>,52,16,[6 2],53,117,133,64,104
1,<environment.Job instance at 0x7f44ed7cd230>,53,14,[1 5],54,130,144,76,115
1,<environment.Job instance at 0x7f44ed7cdf00>,56,17,[4 7],57,130,147,73,118
1,<environment.Job instance at 0x7f44ed7c2050>,57,16,[ 5 10],58,147,163,89,134
1,<environment.Job instance at 0x7f44ed7c20f0>,58,21,[3 5],59,144,165,85,136
1,<environment.Job instance at 0x7f44ed7c24b0>,63,17,[10  5],64,163,180,99,151
1,<environment.Job instance at 0x7f44ed7c2690>,64,13,[1 5],65,163,176,98,151
1,<environment.Job instance at 0x7f44ed7c2820>,66,13,[3 9],67,176,189,109,160
1,<environment.Job instance at 0x7f44ed7c2a00>,69,18,[5 4],70,180,198,110,169
1,<environment.Job instance at 0x7f44ed7c2c30>,70,16,[10  1],71,189,205,118,176
1,<environment.Job instance at 0x7f44ed7c2d20>,72,18,[3 7],73,198,216,125,187
1,<environment.Job instance at 0x7f44ed7c2dc0>,73,16,[7 4],74,205,221,131,192
1,<environment.Job instance at 0x7f44ed7c2b90>,76,17,[8 5],77,216,233,139,204
1,<environment.Job instance at 0x7f44ec8f0280>,80,15,[10  1],81,233,248,152,219
1,<environment.Job instance at 0x7f44ec8f0320>,81,18,[9 4],82,248,266,166,237
1,<environment.Job instance at 0x7f44ec8f03c0>,82,23,[1 8],83,237,260,154,237
1,<environment.Job instance at 0x7f44ec8f0910>,90,13,[9 1],91,266,279,175,250
1,<environment.Job instance at 0x7f44ec8f9870>,111,21,[6 4],112,260,281,148,258
1,<environment.Job instance at 0x7f44ec8f9910>,112,12,[5 6],113,279,291,166,262
1,<environment.Job instance at 0x7f44ec8f9b90>,115,17,[5 2],116,281,298,165,269
1,<environment.Job instance at 0x7f44ec8f9410>,119,15,[4 6],120,281,296,161,271
1,<environment.Job instance at 0x7f44ec8f9e60>,120,22,[5 2],121,291,313,170,284
1,<environment.Job instance at 0x7f44ec8f9f50>,121,17,[6 3],122,298,315,176,286
1,<environment.Job instance at 0x7f44ec8f9fa0>,122,14,[ 1 10],123,296,310,173,286
1,<environment.Job instance at 0x7f44ec8f41e0>,125,19,[3 5],126,310,329,184,300
1,<environment.Job instance at 0x7f44ec8f43c0>,128,18,[5 8],129,315,333,186,304
1,<environment.Job instance at 0x7f44ed7de190>,11,21,[12  1],12,333,354,321,325
1,<environment.Job instance at 0x7f44ed7e8d70>,137,16,[5 5],138,354,370,216,344
1,<environment.Job instance at 0x7f44ecf4c4b0>,151,16,[7 3],152,354,370,202,344
1,<environment.Job instance at 0x7f44ed571370>,152,17,[7 2],153,370,387,217,358
1,<environment.Job instance at 0x7f44ed55b9b0>,153,13,[3 7],154,358,371,204,358
1,<environment.Job instance at 0x7f44ec8cf3c0>,155,16,[1 5],156,370,386,214,358
1,<environment.Job instance at 0x7f44ec5ee0a0>,156,22,[5 8],157,371,393,214,367
1,<environment.Job instance at 0x7f44ec06ac30>,157,14,[3 7],158,387,401,229,372
1,<environment.Job instance at 0x7f44ec4992d0>,0,21,[11  1],1,393,414,392,385
1,<environment.Job instance at 0x7f44ed7eff00>,10,24,[9 5],11,418,442,407,418
1,<environment.Job instance at 0x7f0a4b886230>,0,13,[9 3],1,1,14,0,1
1,<environment.Job instance at 0x7f0a4b886320>,2,22,[4 8],3,3,25,0,3
1,<environment.Job instance at 0x7f0a4229abe0>,4,21,[1 6],5,14,35,9,7
1,<environment.Job instance at 0x7f0a4229d2d0>,14,13,[7 3],15,25,38,10,16
1,<environment.Job instance at 0x7f0a4229d870>,23,18,[2 7],24,35,53,11,24
1,<environment.Job instance at 0x7f0a4229df00>,33,16,[2 8],34,38,54,4,34
1,<environment.Job instance at 0x7f0a422a1190>,35,15,[9 5],36,53,68,17,39
1,<environment.Job instance at 0x7f0a422a14b0>,40,15,[10  3],41,68,83,27,54
1,<environment.Job instance at 0x7f0a4229aeb0>,15,18,[ 2 14],16,83,101,67,73
1,<environment.Job instance at 0x7f0a422a1730>,43,13,[13  1],44,83,96,39,73
1,<environment.Job instance at 0x7f0a422a17d0>,44,24,[ 1 13],45,101,125,56,96
1,<environment.Job instance at 0x7f0a422a1870>,45,13,[6 5],46,125,138,79,109
1,<environment.Job instance at 0x7f0a4229aaf0>,7,25,[6 2],8,118,143,110,118
1,<environment.Job instance at 0x7f0a422a1690>,42,20,[9 4],43,138,158,95,129
1,<environment.Job instance at 0x7f0a422a1c30>,51,20,[5 3],52,143,163,91,134
1,<environment.Job instance at 0x7f0a422a1d70>,53,17,[5 7],54,158,175,104,146
1,<environment.Job instance at 0x7f0a422a1eb0>,56,12,[3 6],57,163,175,106,146
1,<environment.Job instance at 0x7f0a422a1fa0>,58,14,[2 7],59,175,189,116,160
1,<environment.Job instance at 0x7f0a4229ac80>,6,20,[6 1],7,163,183,156,162
1,<environment.Job instance at 0x7f0a422a3190>,59,17,[1 6],60,175,192,115,163
1,<environment.Job instance at 0x7f0a422a3370>,62,18,[5 3],63,189,207,126,178
1,<environment.Job instance at 0x7f0a422a3140>,64,19,[3 8],65,192,211,127,183
1,<environment.Job instance at 0x7f0a422a3050>,65,20,[2 6],66,207,227,141,198
1,<environment.Job instance at 0x7f0a422a1910>,46,17,[12  2],47,211,228,164,199
1,<environment.Job instance at 0x7f0a422a3500>,66,21,[7 4],67,228,249,161,220
1,<environment.Job instance at 0x7f0a422a3230>,60,23,[ 1 11],61,227,250,166,221
1,<environment.Job instance at 0x7f0a422a3c30>,76,19,[4 8],77,250,269,173,241
1,<environment.Job instance at 0x7f0a422a3cd0>,77,13,[8 5],78,250,263,172,241
1,<environment.Job instance at 0x7f0a422a3e10>,79,13,[9 4],80,263,276,183,247
1,<environment.Job instance at 0x7f0a422a3fa0>,80,14,[2 6],81,269,283,188,254
1,<environment.Job instance at 0x7f0a422a3f50>,81,15,[5 9],82,276,291,194,262
1,<environment.Job instance at 0x7f0a422a64b0>,89,16,[7 1],90,283,299,193,270
1,<environment.Job instance at 0x7f0a422a65f0>,91,20,[8 2],92,291,311,199,282
1,<environment.Job instance at 0x7f0a422a19b0>,47,20,[6 5],48,299,319,251,292
1,<environment.Job instance at 0x7f0a422a35a0>,67,27,[ 1 10],68,311,338,243,309
1,<environment.Job instance at 0x7f0a4b8861e0>,1,22,[11  3],2,319,341,317,312
1,<environment.Job instance at 0x7f0a422a6870>,95,15,[5 7],96,341,356,245,327
1,<environment.Job instance at 0x7f0a422a6aa0>,96,28,[ 1 13],97,356,384,259,355
1,<environment.Job instance at 0x7f0a422a6a00>,97,26,[ 1 11],98,384,410,286,381
1,<environment.Job instance at 0x7f0a422a6b90>,98,17,[5 5],99,410,427,311,398
1,<environment.Job instance at 0x7f0a422a6c30>,99,26,[6 5],100,410,436,310,407
1,<environment.Job instance at 0x7f0a422a6cd0>,100,18,[2 7],101,427,445,326,416
1,<environment.Job instance at 0x7f0a422a6d70>,101,18,[ 1 10],102,445,463,343,434
1,<environment.Job instance at 0x7f0a422a6e10>,102,16,[ 3 13],103,463,479,360,450
1,<environment.Job instance at 0x7f0a422a69b0>,104,12,[4 6],105,479,491,374,462
1,<environment.Job instance at 0x7f0a422a93c0>,109,14,[10  4],110,479,493,369,464
1,<environment.Job instance at 0x7f0a422a9460>,110,21,[6 5],111,493,514,382,485
1,<environment.Job instance at 0x7f0a422a9730>,115,16,[7 5],116,493,509,377,485
1,<environment.Job instance at 0x7f0a422a9b90>,121,13,[7 4],122,509,522,387,493
1,<environment.Job instance at 0x7f0a422933c0>,127,16,[8 1],128,514,530,386,501
1,<environment.Job instance at 0x7f0a4b8b1b90>,128,15,[8 3],129,530,545,401,516
1,<environment.Job instance at 0x7f0a42290d20>,129,17,[8 1],130,545,562,415,533
1,<environment.Job instance at 0x7f0a42290640>,130,18,[6 1],131,533,551,402,533
1,<environment.Job instance at 0x7f0a42290a50>,134,16,[4 7],135,551,567,416,538
1,<environment.Job instance at 0x7f0a42441460>,140,13,[7 4],141,562,575,421,546
1,<environment.Job instance at 0x7f0a4233b960>,149,15,[10  4],150,575,590,425,561
1,<environment.Job instance at 0x7f0a42323730>,150,14,[1 8],151,567,581,416,562
1,<environment.Job instance at 0x7f0a423b8af0>,156,14,[9 5],157,590,604,433,575
1,<environment.Job instance at 0x7f0a423b8500>,159,15,[1 7],160,581,596,421,575
1,<environment.Job instance at 0x7f0a423b9690>,162,13,[3 8],163,596,609,433,580
1,<environment.Job instance at 0x7f0a422bdd70>,166,20,[1 5],167,604,624,437,595
1,<environment.Job instance at 0x7f0a422a6eb0>,103,23,[ 5 13],104,630,653,526,630
1,<environment.Job instance at 0x7f0a41c74e10>,7,17,[8 2],8,8,25,0,8
1,<environment.Job instance at 0x7f0a422a6730>,9,16,[5 8],10,10,26,0,10
1,<environment.Job instance at 0x7f0a41c75050>,10,13,[8 5],11,25,38,14,11
1,<environment.Job instance at 0x7f0a41c74cd0>,11,14,[2 9],12,26,40,14,12
1,<environment.Job instance at 0x7f0a41cfc870>,22,12,[1 7],23,40,52,17,23
1,<environment.Job instance at 0x7f0a41c31050>,18,12,[14  5],19,40,52,21,26
1,<environment.Job instance at 0x7f0a41cfcd70>,28,12,[10  5],29,52,64,23,35
1,<environment.Job instance at 0x7f0a41cfc960>,30,14,[2 7],31,52,66,21,37
1,<environment.Job instance at 0x7f0a41d04820>,35,16,[2 8],36,64,80,28,51
1,<environment.Job instance at 0x7f0a41d04f50>,42,13,[9 4],43,66,79,23,51
1,<environment.Job instance at 0x7f0a41d0f320>,44,17,[3 8],45,80,97,35,68
1,<environment.Job instance at 0x7f0a41c31e60>,14,20,[5 2],15,79,99,64,70
1,<environment.Job instance at 0x7f0a41d09050>,48,25,[6 2],49,79,104,30,75
1,<environment.Job instance at 0x7f0a41d090a0>,47,14,[ 1 10],48,97,111,49,82
1,<environment.Job instance at 0x7f0a41d09190>,50,14,[6 1],51,99,113,48,84
1,<environment.Job instance at 0x7f0a41d096e0>,52,16,[3 8],53,111,127,58,98
1,<environment.Job instance at 0x7f0a41d09910>,53,14,[10  1],54,113,127,59,98
1,<environment.Job instance at 0x7f0a41d09a50>,56,13,[6 3],57,127,140,70,111
1,<environment.Job instance at 0x7f0a41d09c30>,57,13,[7 4],58,127,140,69,111
1,<environment.Job instance at 0x7f0a41d09dc0>,59,20,[1 7],60,127,147,67,118
1,<environment.Job instance at 0x7f0a41eccdc0>,67,16,[2 8],68,140,156,72,127
1,<environment.Job instance at 0x7f0a41ab1b40>,74,16,[7 4],75,147,163,72,134
1,<environment.Job instance at 0x7f0a4ba6caa0>,82,14,[5 5],83,156,170,73,141
1,<environment.Job instance at 0x7f0a41b16d20>,85,19,[9 4],86,163,182,77,153
1,<environment.Job instance at 0x7f0a4b92e690>,90,14,[2 7],91,170,184,79,155
1,<environment.Job instance at 0x7f0a4b9f7410>,91,15,[4 8],92,182,197,90,168
1,<environment.Job instance at 0x7f0a418dbb90>,96,15,[3 6],97,184,199,87,170
1,<environment.Job instance at 0x7f0a41876be0>,98,16,[2 6],99,197,213,98,184
1,<environment.Job instance at 0x7f0a41840320>,100,19,[5 5],101,199,218,98,189
1,<environment.Job instance at 0x7f0a418e6320>,102,20,[8 5],103,213,233,110,204
1,<environment.Job instance at 0x7f0a4184a780>,105,13,[4 8],106,218,231,112,204
1,<environment.Job instance at 0x7f0a4184a5f0>,106,13,[5 8],107,231,244,124,215
1,<environment.Job instance at 0x7f0a4184a550>,111,15,[6 1],112,233,248,121,219
1,<environment.Job instance at 0x7f0a4184a870>,113,22,[9 5],114,244,266,130,237
1,<environment.Job instance at 0x7f0a4182f3c0>,116,13,[2 5],117,248,261,131,237
1,<environment.Job instance at 0x7f0a4182faf0>,117,23,[6 4],118,261,284,143,255
1,<environment.Job instance at 0x7f0a4182f2d0>,119,17,[6 2],120,266,283,146,255
1,<environment.Job instance at 0x7f0a4182f0f0>,120,17,[5 1],121,283,300,162,271
1,<environment.Job instance at 0x7f0a4184d550>,123,17,[4 6],124,283,300,159,271
1,<environment.Job instance at 0x7f0a4184d5f0>,125,14,[ 1 10],126,300,314,174,285
1,<environment.Job instance at 0x7f0a4184d870>,127,16,[11  4],128,300,316,172,287
1,<environment.Job instance at 0x7f0a4184d7d0>,128,15,[8 2],129,316,331,187,302
1,<environment.Job instance at 0x7f0a4184da50>,132,17,[9 4],133,331,348,198,319
1,<environment.Job instance at 0x7f0a41849230>,134,24,[5 5],135,321,345,186,321
1,<environment.Job instance at 0x7f0a41cfceb0>,29,14,[ 1 12],30,348,362,318,334
1,<environment.Job instance at 0x7f0a418497d0>,138,16,[11  1],139,348,364,209,335
1,<environment.Job instance at 0x7f0a41849af0>,139,14,[14  2],140,364,378,224,350
1,<environment.Job instance at 0x7f0a418492d0>,141,15,[ 2 11],142,378,393,236,370
1,<environment.Job instance at 0x7f0a419765f0>,142,16,[11  1],143,378,394,235,370
1,<environment.Job instance at 0x7f0a418498c0>,140,22,[5 9],141,394,416,253,387
1,<environment.Job instance at 0x7f0a4ba6f550>,146,24,[2 7],147,416,440,269,411
1,<environment.Job instance at 0x7f0a418ce050>,147,16,[11  2],148,416,432,268,411
1,<environment.Job instance at 0x7f0a4184ea00>,151,15,[5 5],152,432,447,280,418
1,<environment.Job instance at 0x7f0a4b8b0aa0>,153,13,[4 8],154,440,453,286,424
1,<environment.Job instance at 0x7f0a4184eaa0>,154,20,[6 1],155,432,452,277,424
1,<environment.Job instance at 0x7f0a419db2d0>,157,21,[5 9],158,453,474,295,445
1,<environment.Job instance at 0x7f0a41c741e0>,0,16,[12  5],1,474,490,473,462
1,<environment.Job instance at 0x7f0a41976fa0>,143,25,[2 8],144,1002,1027,858,1002
1,<environment.Job instance at 0x7f0a419c0050>,0,13,[1 6],1,1,14,0,1
1,<environment.Job instance at 0x7f0a41976fa0>,2,20,[8 1],3,6,26,3,6
1,<environment.Job instance at 0x7f0a41849730>,1,22,[ 3 13],2,14,36,12,7
1,<environment.Job instance at 0x7f0a419be910>,10,12,[14  1],11,36,48,25,19
1,<environment.Job instance at 0x7f0a419be780>,8,14,[8 3],9,48,62,39,33
1,<environment.Job instance at 0x7f0a419bef50>,12,18,[3 6],13,48,66,35,37
1,<environment.Job instance at 0x7f0a419bebe0>,14,15,[5 5],15,62,77,47,48
1,<environment.Job instance at 0x7f0a419be820>,16,16,[3 9],17,66,82,49,53
1,<environment.Job instance at 0x7f0a419b9be0>,21,21,[4 8],22,82,103,60,75
1,<environment.Job instance at 0x7f0a419b96e0>,24,18,[8 3],25,77,95,52,75
1,<environment.Job instance at 0x7f0a419b9d70>,25,14,[8 5],26,95,109,69,80
1,<environment.Job instance at 0x7f0a419b9aa0>,27,16,[5 8],28,103,119,75,90
1,<environment.Job instance at 0x7f0a419b9b40>,28,13,[1 7],29,109,122,80,93
1,<environment.Job instance at 0x7f0a419b9960>,35,13,[5 5],36,119,132,83,103
1,<environment.Job instance at 0x7f0a419b6a50>,38,14,[7 5],39,122,136,83,107
1,<environment.Job instance at 0x7f0a419b62d0>,45,15,[8 5],46,132,147,86,118
1,<environment.Job instance at 0x7f0a419b6140>,50,23,[7 4],51,136,159,85,130
1,<environment.Job instance at 0x7f0a419b6280>,51,22,[5 9],52,147,169,95,140
1,<environment.Job instance at 0x7f0a419b60f0>,52,12,[7 2],53,159,171,106,142
1,<environment.Job instance at 0x7f0a419b10f0>,54,20,[3 8],55,169,189,114,160
1,<environment.Job instance at 0x7f0a419b1050>,58,17,[4 8],59,189,206,130,177
1,<environment.Job instance at 0x7f0a419b12d0>,61,13,[4 9],62,206,219,144,190
1,<environment.Job instance at 0x7f0a419b11e0>,65,14,[ 2 10],66,219,233,153,204
1,<environment.Job instance at 0x7f0a419b1140>,69,14,[ 5 10],70,233,247,163,218
1,<environment.Job instance at 0x7f0a419ad960>,70,16,[5 9],71,247,263,176,234
1,<environment.Job instance at 0x7f0a419ad0a0>,73,21,[8 1],74,234,255,160,234
1,<environment.Job instance at 0x7f0a419ad820>,75,15,[8 4],76,255,270,179,241
1,<environment.Job instance at 0x7f0a419ad8c0>,76,17,[ 3 10],77,263,280,186,251
1,<environment.Job instance at 0x7f0a419ad690>,77,14,[6 4],78,270,284,192,255
1,<environment.Job instance at 0x7f0a419ad460>,78,19,[1 7],79,280,299,201,270
1,<environment.Job instance at 0x7f0a419be960>,11,28,[ 1 13],12,299,327,287,298
1,<environment.Job instance at 0x7f0a419be7d0>,7,16,[5 4],8,327,343,319,315
1,<environment.Job instance at 0x7f0a419c0820>,6,20,[5 7],7,327,347,320,318
1,<environment.Job instance at 0x7f0a41a2b870>,92,15,[5 8],93,343,358,250,329
1,<environment.Job instance at 0x7f0a41a25190>,94,20,[10  4],95,347,367,252,338
1,<environment.Job instance at 0x7f0a41a25af0>,95,16,[6 3],96,367,383,271,354
1,<environment.Job instance at 0x7f0a41a25910>,96,14,[5 7],97,358,372,261,354
1,<environment.Job instance at 0x7f0a41a25d70>,97,18,[4 7],98,372,390,274,361
1,<environment.Job instance at 0x7f0a41a25be0>,103,12,[10  3],104,383,395,279,366
1,<environment.Job instance at 0x7f0a41a256e0>,106,16,[2 9],107,390,406,283,377
1,<environment.Job instance at 0x7f0a41a25aa0>,107,14,[5 6],108,395,409,287,380
1,<environment.Job instance at 0x7f0a41a25e10>,110,17,[8 1],111,406,423,295,394
1,<environment.Job instance at 0x7f0a41c3b0a0>,116,14,[ 4 10],117,409,423,292,395
1,<environment.Job instance at 0x7f0a41c3b9b0>,118,12,[8 5],119,423,435,304,406
1,<environment.Job instance at 0x7f0a41c3bc80>,119,21,[9 2],120,435,456,315,427
1,<environment.Job instance at 0x7f0a41c3b0f0>,123,16,[6 3],124,427,443,303,427
1,<environment.Job instance at 0x7f0a41c3b140>,129,19,[7 4],130,456,475,326,446
1,<environment.Job instance at 0x7f0a4193e8c0>,133,22,[1 6],134,452,474,318,452
1,<environment.Job instance at 0x7f0a41b7c370>,135,22,[8 2],136,474,496,338,467
1,<environment.Job instance at 0x7f0a41849640>,142,16,[10  3],143,496,512,353,483
1,<environment.Job instance at 0x7f0a4197ecd0>,145,13,[6 4],146,512,525,366,496
1,<environment.Job instance at 0x7f0a4197efa0>,146,14,[10  3],147,525,539,378,510
1,<environment.Job instance at 0x7f0a4196f690>,148,19,[1 5],149,511,530,362,511
1,<environment.Job instance at 0x7f0a42479aa0>,149,18,[2 9],150,530,548,380,519
1,<environment.Job instance at 0x7f0a41993050>,150,18,[10  4],151,539,557,388,528
1,<environment.Job instance at 0x7f0a42758280>,151,13,[6 5],152,557,570,405,541
1,<environment.Job instance at 0x7f0a4196f820>,153,14,[4 5],154,548,562,394,541
1,<environment.Job instance at 0x7f0a4ba6de60>,157,15,[9 5],158,562,577,404,548
1,<environment.Job instance at 0x7f0a424fe280>,159,17,[1 7],160,570,587,410,558
1,<environment.Job instance at 0x7f0a4193fe10>,160,15,[5 1],161,570,585,409,558
1,<environment.Job instance at 0x7f0a419d5a50>,161,18,[5 9],162,587,605,425,576
1,<environment.Job instance at 0x7f0a41955230>,166,14,[5 9],167,605,619,438,590
1,<environment.Job instance at 0x7f0a418e6be0>,168,12,[2 5],169,590,602,421,590
1,<environment.Job instance at 0x7f0a41a2b0a0>,83,19,[ 3 14],84,619,638,535,609
1,<environment.Job instance at 0x7f0a419b1550>,1,27,[1 8],2,2,29,0,2
1,<environment.Job instance at 0x7f0a417fe820>,6,18,[7 5],7,10,28,3,10
1,<environment.Job instance at 0x7f0a417fe910>,7,18,[5 9],8,29,47,21,18
1,<environment.Job instance at 0x7f0a417fec30>,10,19,[4 9],11,47,66,36,38
1,<environment.Job instance at 0x7f0a417febe0>,11,12,[10  2],12,39,51,27,39
1,<environment.Job instance at 0x7f0a417fee60>,14,19,[9 4],15,51,70,36,41
1,<environment.Job instance at 0x7f0a417fefa0>,16,18,[6 4],17,66,84,49,55
1,<environment.Job instance at 0x7f0a41800370>,21,16,[7 3],22,70,86,48,57
1,<environment.Job instance at 0x7f0a41800a00>,31,15,[6 3],32,84,99,52,70
1,<environment.Job instance at 0x7f0a41800b40>,33,18,[7 5],34,86,104,52,75
1,<environment.Job instance at 0x7f0a41800d20>,36,17,[10  3],37,104,121,67,92
1,<environment.Job instance at 0x7f0a417feaf0>,9,22,[3 8],10,99,121,89,92
1,<environment.Job instance at 0x7f0a41800f50>,39,17,[5 9],40,121,138,81,109
1,<environment.Job instance at 0x7f0a41800fa0>,40,17,[12  4],41,138,155,97,126
1,<environment.Job instance at 0x7f0a418036e0>,50,20,[2 9],51,138,158,87,134
1,<environment.Job instance at 0x7f0a418038c0>,53,14,[1 5],54,155,169,101,140
1,<environment.Job instance at 0x7f0a41803190>,55,18,[1 7],56,158,176,102,147
1,<environment.Job instance at 0x7f0a41803cd0>,58,15,[1 6],59,169,184,110,155
1,<environment.Job instance at 0x7f0a417fe780>,3,22,[10  2],4,158,180,154,156
1,<environment.Job instance at 0x7f0a41803dc0>,60,18,[11  5],61,180,198,119,170
1,<environment.Job instance at 0x7f0a41803fa0>,63,15,[7 4],64,198,213,134,184
1,<environment.Job instance at 0x7f0a41803c80>,65,13,[1 7],66,184,197,118,184
1,<environment.Job instance at 0x7f0a418065f0>,72,13,[5 5],73,198,211,125,184
1,<environment.Job instance at 0x7f0a418065a0>,76,14,[6 4],77,211,225,134,196
1,<environment.Job instance at 0x7f0a417f4910>,84,20,[3 8],85,213,233,128,206
1,<environment.Job instance at 0x7f0a417f4690>,85,17,[2 9],86,233,250,147,221
1,<environment.Job instance at 0x7f0a417f43c0>,86,14,[ 4 10],87,250,264,163,235
1,<environment.Job instance at 0x7f0a417f4460>,87,13,[6 2],88,235,248,147,235
1,<environment.Job instance at 0x7f0a417f46e0>,89,19,[9 4],90,248,267,158,239
1,<environment.Job instance at 0x7f0a417f4050>,91,18,[6 1],92,264,282,172,253
1,<environment.Job instance at 0x7f0a41803780>,51,17,[ 2 13],52,267,284,215,256
1,<environment.Job instance at 0x7f0a42a87d70>,93,18,[14  3],94,284,302,190,273
1,<environment.Job instance at 0x7f0a42dd83c0>,92,19,[1 7],93,284,303,191,276
1,<environment.Job instance at 0x7f0a41bf1c80>,98,17,[7 1],99,302,319,203,290
1,<environment.Job instance at 0x7f0a41bf1d70>,102,21,[6 4],103,302,323,199,296
1,<environment.Job instance at 0x7f0a41c2b9b0>,104,20,[10  4],105,323,343,218,315
1,<environment.Job instance at 0x7f0a417f4370>,94,23,[ 2 11],95,319,342,224,315
1,<environment.Job instance at 0x7f0a41c2b4b0>,109,17,[5 5],110,342,359,232,331
1,<environment.Job instance at 0x7f0a426cfd20>,111,15,[9 4],112,343,358,231,331
1,<environment.Job instance at 0x7f0a42db20f0>,113,13,[1 5],114,343,356,229,337
1,<environment.Job instance at 0x7f0a42dc30f0>,106,23,[11  3],107,359,382,252,353
1,<environment.Job instance at 0x7f0a41c25500>,118,20,[12  2],119,382,402,263,373
1,<environment.Job instance at 0x7f0a41c25f50>,117,20,[7 1],118,402,422,284,393
1,<environment.Job instance at 0x7f0a41c24370>,119,16,[4 9],120,402,418,282,393
1,<environment.Job instance at 0x7f0a41c241e0>,121,16,[14  3],122,422,438,300,409
1,<environment.Job instance at 0x7f0a41c20d20>,122,20,[11  1],123,438,458,315,429
1,<environment.Job instance at 0x7f0a41c20be0>,123,14,[6 5],124,458,472,334,443
1,<environment.Job instance at 0x7f0a41c209b0>,124,27,[7 2],125,458,485,333,456
1,<environment.Job instance at 0x7f0a41c20a50>,125,15,[10  3],126,485,500,359,471
1,<environment.Job instance at 0x7f0a41c20410>,126,20,[ 4 13],127,500,520,373,491
1,<environment.Job instance at 0x7f0a41c20730>,128,13,[9 4],129,520,533,391,504
1,<environment.Job instance at 0x7f0a41c20e60>,131,15,[4 5],132,520,535,388,507
1,<environment.Job instance at 0x7f0a41c20cd0>,133,21,[1 6],134,520,541,386,515
1,<environment.Job instance at 0x7f0a41c206e0>,136,16,[4 5],137,535,551,398,522
1,<environment.Job instance at 0x7f0a41c20140>,139,16,[ 5 10],140,541,557,401,532
1,<environment.Job instance at 0x7f0a41c20280>,140,18,[7 3],141,551,569,410,540
1,<environment.Job instance at 0x7f0a41c20550>,141,16,[9 2],142,569,585,427,556
1,<environment.Job instance at 0x7f0a41c20820>,144,21,[6 5],145,557,578,412,556
1,<environment.Job instance at 0x7f0a41f7c960>,146,20,[3 6],147,578,598,431,569
1,<environment.Job instance at 0x7f0a41f8ebe0>,147,13,[9 4],148,585,598,437,569
1,<environment.Job instance at 0x7f0a41f8ef00>,149,15,[7 3],150,598,613,448,584
1,<environment.Job instance at 0x7f0a41f8ea50>,150,17,[4 7],151,598,615,447,592
1,<environment.Job instance at 0x7f0a41f8eb90>,151,17,[4 5],152,598,615,446,592
1,<environment.Job instance at 0x7f0a41c1e5a0>,153,15,[4 9],154,615,630,461,601
1,<environment.Job instance at 0x7f0a41c18370>,158,17,[5 2],159,613,630,454,601
1,<environment.Job instance at 0x7f0a41c18690>,159,18,[1 9],160,630,648,470,619
1,<environment.Job instance at 0x7f0a41c180a0>,160,15,[6 3],161,619,634,458,619
1,<environment.Job instance at 0x7f0a41c20230>,127,21,[12  5],128,634,655,506,626
1,<environment.Job instance at 0x7f0a41c18640>,161,15,[3 9],162,648,663,486,634
1,<environment.Job instance at 0x7f0a41fa3780>,166,14,[7 2],167,655,669,488,640
1,<environment.Job instance at 0x7f0a41c182d0>,162,21,[9 5],163,669,690,506,661
1,<environment.Job instance at 0x7f0a41a1b230>,0,23,[ 2 11],1,690,713,689,684
1,<environment.Job instance at 0x7f0a41803e60>,61,20,[10  5],62,6196,6216,6134,6196
1,<environment.Job instance at 0x7f0a41a22a50>,1,13,[7 1],2,2,15,0,2
1,<environment.Job instance at 0x7f0a41803eb0>,2,14,[3 6],3,3,17,0,3
1,<environment.Job instance at 0x7f0a427a5af0>,4,19,[6 1],5,15,34,10,5
1,<environment.Job instance at 0x7f0a427a5c80>,6,16,[5 8],7,7,23,0,7
1,<environment.Job instance at 0x7f0a427a5f50>,11,14,[6 1],12,23,37,11,12
1,<environment.Job instance at 0x7f0a427a5dc0>,13,17,[10  4],14,37,54,23,25
1,<environment.Job instance at 0x7f0a427a58c0>,17,18,[10  3],18,54,72,36,43
1,<environment.Job instance at 0x7f0a427a5280>,21,20,[5 6],22,43,63,21,43
1,<environment.Job instance at 0x7f0a4256e6e0>,25,16,[10  2],26,72,88,46,59
1,<environment.Job instance at 0x7f0a4256e0a0>,28,17,[5 5],29,63,80,34,59
1,<environment.Job instance at 0x7f0a4256e230>,29,13,[8 2],30,88,101,58,72
1,<environment.Job instance at 0x7f0a4256e320>,30,19,[8 4],31,101,120,70,91
1,<environment.Job instance at 0x7f0a4256ef50>,32,15,[9 3],33,120,135,87,106
1,<environment.Job instance at 0x7f0a428da140>,33,16,[6 3],34,106,122,72,106
1,<environment.Job instance at 0x7f0a428dad20>,36,18,[10  2],37,135,153,98,124
1,<environment.Job instance at 0x7f0a428dac30>,37,20,[7 5],38,153,173,115,144
1,<environment.Job instance at 0x7f0a428daf00>,40,21,[5 2],41,144,165,103,144
1,<environment.Job instance at 0x7f0a428da640>,45,12,[3 6],46,153,165,107,144
1,<environment.Job instance at 0x7f0a428dad70>,47,13,[7 4],48,165,178,117,149
1,<environment.Job instance at 0x7f0a428da550>,50,15,[5 2],51,173,188,122,159
1,<environment.Job instance at 0x7f0a42577af0>,52,14,[7 1],53,178,192,125,163
1,<environment.Job instance at 0x7f0a427a50a0>,15,12,[ 1 14],16,188,200,172,171
1,<environment.Job instance at 0x7f0a42577780>,55,27,[12  1],56,192,219,136,190
1,<environment.Job instance at 0x7f0a427a5230>,14,14,[3 9],15,200,214,185,190
1,<environment.Job instance at 0x7f0a42577960>,54,22,[9 4],55,219,241,164,212
1,<environment.Job instance at 0x7f0a42577f00>,57,14,[2 6],58,214,228,156,212
1,<environment.Job instance at 0x7f0a425770a0>,61,16,[14  1],62,241,257,179,228
1,<environment.Job instance at 0x7f0a42577730>,62,23,[13  2],63,257,280,194,251
1,<environment.Job instance at 0x7f0a425777d0>,67,20,[3 7],68,280,300,212,271
1,<environment.Job instance at 0x7f0a427ee500>,70,18,[1 5],71,271,289,200,271
1,<environment.Job instance at 0x7f0a425775a0>,68,18,[12  5],69,289,307,220,278
1,<environment.Job instance at 0x7f0a427eeb90>,75,13,[ 2 10],76,300,313,224,284
1,<environment.Job instance at 0x7f0a427eecd0>,76,17,[ 5 14],77,313,330,236,305
1,<environment.Job instance at 0x7f0a427eeaf0>,78,21,[2 6],79,330,351,251,322
1,<environment.Job instance at 0x7f0a427ee870>,80,19,[1 7],81,330,349,249,322
1,<environment.Job instance at 0x7f0a427eed70>,82,12,[8 4],83,349,361,266,332
1,<environment.Job instance at 0x7f0a427ee640>,84,13,[5 4],85,349,362,264,333
1,<environment.Job instance at 0x7f0a427ee550>,85,14,[8 5],86,361,375,275,346
1,<environment.Job instance at 0x7f0a427ee0a0>,88,15,[7 2],89,362,377,273,348
1,<environment.Job instance at 0x7f0a4252b8c0>,91,16,[4 6],92,375,391,283,362
1,<environment.Job instance at 0x7f0a4252b370>,98,13,[5 3],99,377,390,278,362
1,<environment.Job instance at 0x7f0a4252b140>,99,16,[ 3 10],100,391,407,291,380
1,<environment.Job instance at 0x7f0a4252b050>,101,16,[5 1],102,380,396,278,380
1,<environment.Job instance at 0x7f0a428b0870>,104,18,[2 8],105,407,425,302,396
1,<environment.Job instance at 0x7f0a427a5e10>,12,20,[6 3],13,398,418,385,398
1,<environment.Job instance at 0x7f0a428b02d0>,109,17,[1 6],110,418,435,308,406
1,<environment.Job instance at 0x7f0a428b0f50>,110,21,[1 8],111,425,446,314,417
1,<environment.Job instance at 0x7f0a427ee960>,79,22,[5 7],80,435,457,355,428
1,<environment.Job instance at 0x7f0a4264ca00>,119,20,[3 8],120,446,466,326,441
1,<environment.Job instance at 0x7f0a4264c5a0>,124,17,[10  5],125,457,474,332,445
1,<environment.Job instance at 0x7f0a4264cc30>,125,17,[3 6],126,466,483,340,454
1,<environment.Job instance at 0x7f0a4264cf00>,128,16,[1 5],129,474,490,345,461
1,<environment.Job instance at 0x7f0a4264caa0>,131,13,[9 3],132,474,487,342,461
1,<environment.Job instance at 0x7f0a4264ce60>,133,15,[3 8],134,487,502,353,473
1,<environment.Job instance at 0x7f0a4264caf0>,134,13,[6 5],135,490,503,355,474
1,<environment.Job instance at 0x7f0a4264cdc0>,141,17,[9 2],142,502,519,360,490
1,<environment.Job instance at 0x7f0a41fb24b0>,143,16,[ 3 10],144,503,519,359,490
1,<environment.Job instance at 0x7f0a4235f780>,149,14,[5 4],150,519,533,369,504
1,<environment.Job instance at 0x7f0a4235f9b0>,152,18,[9 3],153,519,537,366,508
1,<environment.Job instance at 0x7f0a429d52d0>,160,13,[8 3],161,537,550,376,521
1,<environment.Job instance at 0x7f0a422ce2d0>,165,23,[1 5],166,521,544,355,521
1,<environment.Job instance at 0x7f0a4264cd70>,120,24,[11  5],121,550,574,429,545
1,<environment.Job instance at 0x7f0a428b0aa0>,108,23,[3 7],109,549,572,440,549
1,<environment.Job instance at 0x7f0a417ee4b0>,0,18,[11  4],1,574,592,573,563
1,<environment.Job instance at 0x7f0a4151f190>,0,13,[7 5],1,1,14,0,1
1,<environment.Job instance at 0x7f0a414ae820>,3,14,[14  2],4,14,28,10,5
1,<environment.Job instance at 0x7f0a42498a00>,8,14,[8 1],9,28,42,19,17
1,<environment.Job instance at 0x7f0a424985a0>,7,17,[5 4],8,28,45,20,18
1,<environment.Job instance at 0x7f0a42cb6500>,16,12,[13  5],17,45,57,28,28
1,<environment.Job instance at 0x7f0a42df23c0>,27,19,[2 8],28,37,56,9,37
1,<environment.Job instance at 0x7f0a42df25f0>,28,15,[1 9],29,56,71,27,42
1,<environment.Job instance at 0x7f0a4291ce60>,33,18,[1 8],34,71,89,37,60
1,<environment.Job instance at 0x7f0a4291ca50>,34,13,[4 7],35,71,84,36,60
1,<environment.Job instance at 0x7f0a42db7e60>,43,18,[5 8],44,89,107,45,80
1,<environment.Job instance at 0x7f0a42d8cc30>,53,14,[7 2],54,84,98,30,82
1,<environment.Job instance at 0x7f0a4232d8c0>,61,14,[3 8],62,107,121,45,92
1,<environment.Job instance at 0x7f0a4232d190>,62,16,[6 5],63,98,114,35,92
1,<environment.Job instance at 0x7f0a4247fb90>,63,14,[5 4],64,114,128,50,99
1,<environment.Job instance at 0x7f0a42d88910>,69,16,[9 2],70,121,137,51,108
1,<environment.Job instance at 0x7f0a41d930a0>,75,12,[6 4],76,128,140,52,111
1,<environment.Job instance at 0x7f0a41c2c780>,78,17,[9 2],79,137,154,58,125
1,<environment.Job instance at 0x7f0a4250ef50>,91,17,[2 7],92,140,157,48,135
1,<environment.Job instance at 0x7f0a423a2370>,93,17,[8 3],94,154,171,60,142
1,<environment.Job instance at 0x7f0a42058690>,98,18,[5 9],99,157,175,58,150
1,<environment.Job instance at 0x7f0a420639b0>,100,14,[7 4],101,171,185,70,156
1,<environment.Job instance at 0x7f0a42738a50>,108,19,[7 2],109,175,194,66,165
1,<environment.Job instance at 0x7f0a427388c0>,112,14,[5 5],113,185,199,72,170
1,<environment.Job instance at 0x7f0a4297ab90>,121,16,[10  2],122,194,210,72,181
1,<environment.Job instance at 0x7f0a4273c3c0>,125,13,[9 5],126,210,223,84,194
1,<environment.Job instance at 0x7f0a4273caf0>,126,18,[6 2],127,210,228,83,199
1,<environment.Job instance at 0x7f0a4273caa0>,128,13,[7 5],129,223,236,94,207
1,<environment.Job instance at 0x7f0a41c41fa0>,131,15,[7 3],132,228,243,96,214
1,<environment.Job instance at 0x7f0a42385d20>,135,14,[4 7],136,236,250,100,221
1,<environment.Job instance at 0x7f0a42385f00>,136,21,[2 8],137,243,264,106,236
1,<environment.Job instance at 0x7f0a4239ba00>,142,18,[5 4],143,250,268,107,239
1,<environment.Job instance at 0x7f0a4239bbe0>,148,17,[7 4],149,264,281,115,252
1,<environment.Job instance at 0x7f0a4239beb0>,150,19,[6 2],151,268,287,117,258
1,<environment.Job instance at 0x7f0a42650d20>,155,16,[4 9],156,281,297,125,268
1,<environment.Job instance at 0x7f0a42650550>,165,19,[7 5],166,287,306,121,279
1,<environment.Job instance at 0x7f0a42650d70>,166,16,[8 4],167,297,313,130,284
1,<environment.Job instance at 0x7f0a42498190>,6,28,[5 4],7,5103,5131,5096,5103
1,<environment.Job instance at 0x7f0a4151f4b0>,1,21,[13  2],2,5131,5152,5129,5126
1,<environment.Job instance at 0x7f0a4297c0a0>,2,20,[5 8],3,3,23,0,3
1,<environment.Job instance at 0x7f0a429512d0>,7,14,[9 5],8,8,22,0,8
1,<environment.Job instance at 0x7f0a42d90a50>,10,13,[11  2],11,23,36,12,11
1,<environment.Job instance at 0x7f0a42d90640>,14,21,[ 3 10],15,23,44,8,18
1,<environment.Job instance at 0x7f0a41a63d20>,15,13,[12  5],16,36,49,20,21
1,<environment.Job instance at 0x7f0a41a631e0>,16,14,[ 2 12],17,49,63,32,37
1,<environment.Job instance at 0x7f0a41a634b0>,17,12,[5 1],18,49,61,31,37
1,<environment.Job instance at 0x7f0a41a63140>,18,21,[7 1],19,49,70,30,44
1,<environment.Job instance at 0x7f0a4151f4b0>,12,17,[6 4],13,63,80,50,51
1,<environment.Job instance at 0x7f0a42d906e0>,11,27,[5 2],12,70,97,58,68
1,<environment.Job instance at 0x7f0a41879910>,23,15,[8 1],24,80,95,56,68
1,<environment.Job instance at 0x7f0a4265fa00>,24,14,[5 7],25,95,109,70,80
1,<environment.Job instance at 0x7f0a4265fdc0>,22,21,[1 6],23,80,101,57,80
1,<environment.Job instance at 0x7f0a42d6f140>,25,20,[ 2 11],26,109,129,83,100
1,<environment.Job instance at 0x7f0a421ec230>,36,18,[5 4],37,101,119,64,100
1,<environment.Job instance at 0x7f0a4240c870>,37,17,[7 2],38,119,136,81,107
1,<environment.Job instance at 0x7f0a421f0d20>,38,18,[ 4 10],39,129,147,90,118
1,<environment.Job instance at 0x7f0a42225dc0>,39,13,[7 2],40,136,149,96,120
1,<environment.Job instance at 0x7f0a42d802d0>,40,14,[ 2 12],41,147,161,106,132
1,<environment.Job instance at 0x7f0a421f0e10>,41,28,[11  4],42,161,189,119,160
1,<environment.Job instance at 0x7f0a42d90190>,13,17,[ 4 13],14,189,206,175,177
1,<environment.Job instance at 0x7f0a414c86e0>,44,25,[9 5],45,206,231,161,202
1,<environment.Job instance at 0x7f0a421ecaf0>,45,22,[3 8],46,206,228,160,202
1,<environment.Job instance at 0x7f0a422203c0>,46,16,[4 7],47,228,244,181,215
1,<environment.Job instance at 0x7f0a42220640>,47,12,[9 1],48,231,243,183,215
1,<environment.Job instance at 0x7f0a42220870>,48,22,[ 1 13],49,244,266,195,237
1,<environment.Job instance at 0x7f0a422204b0>,49,26,[7 2],50,243,269,193,240
1,<environment.Job instance at 0x7f0a42218640>,50,15,[13  5],51,269,284,218,255
1,<environment.Job instance at 0x7f0a42220be0>,51,14,[2 9],52,266,280,214,255
1,<environment.Job instance at 0x7f0a42220910>,52,25,[10  3],53,284,309,231,280
1,<environment.Job instance at 0x7f0a414d96e0>,53,18,[ 4 11],54,284,302,230,280
1,<environment.Job instance at 0x7f0a414d9500>,54,15,[3 5],55,302,317,247,288
1,<environment.Job instance at 0x7f0a421fb140>,43,15,[10  5],44,309,324,265,305
1,<environment.Job instance at 0x7f0a414d99b0>,56,18,[ 3 11],57,324,342,267,313
1,<environment.Job instance at 0x7f0a414d9c80>,57,27,[11  1],58,324,351,266,322
1,<environment.Job instance at 0x7f0a4241a730>,35,20,[1 8],36,342,362,306,338
1,<environment.Job instance at 0x7f0a414d9e10>,61,14,[5 7],62,351,365,289,338
1,<environment.Job instance at 0x7f0a414d9cd0>,62,16,[4 6],63,362,378,299,349
1,<environment.Job instance at 0x7f0a414b9320>,67,18,[8 3],68,365,383,297,354
1,<environment.Job instance at 0x7f0a414b7f50>,71,19,[6 1],72,378,397,306,368
1,<environment.Job instance at 0x7f0a414b9500>,72,12,[2 5],73,383,395,310,368
1,<environment.Job instance at 0x7f0a414b7f00>,73,20,[9 2],74,395,415,321,386
1,<environment.Job instance at 0x7f0a414b64b0>,79,20,[4 6],80,397,417,317,395
1,<environment.Job instance at 0x7f0a414b65f0>,83,14,[10  4],84,415,429,331,400
1,<environment.Job instance at 0x7f0a414b6780>,84,19,[4 7],85,417,436,332,407
1,<environment.Job instance at 0x7f0a414b6960>,87,18,[1 9],88,436,454,348,425
1,<environment.Job instance at 0x7f0a414b6a00>,88,19,[3 6],89,429,448,340,425
1,<environment.Job instance at 0x7f0a414b6c80>,92,18,[5 2],93,448,466,355,438
1,<environment.Job instance at 0x7f0a414b6d20>,93,16,[7 5],94,454,470,360,441
1,<environment.Job instance at 0x7f0a414d70a0>,99,16,[4 8],100,466,482,366,453
1,<environment.Job instance at 0x7f0a414d7640>,105,12,[3 5],106,454,466,348,453
1,<environment.Job instance at 0x7f0a414d7c80>,114,19,[5 2],115,470,489,355,460
1,<environment.Job instance at 0x7f0a414d7dc0>,116,12,[3 6],117,482,494,365,465
1,<environment.Job instance at 0x7f0a414af230>,120,12,[9 5],121,489,501,368,472
1,<environment.Job instance at 0x7f0a414af3c0>,124,12,[8 3],125,501,513,376,484
1,<environment.Job instance at 0x7f0a414af500>,126,17,[5 5],127,494,511,367,493
1,<environment.Job instance at 0x7f0a414af5a0>,127,14,[9 5],128,513,527,385,498
1,<environment.Job instance at 0x7f0a414af640>,128,14,[8 5],129,527,541,398,512
1,<environment.Job instance at 0x7f0a414af0f0>,132,14,[6 3],133,512,526,379,512
1,<environment.Job instance at 0x7f0a414afaf0>,136,16,[2 9],137,526,542,389,513
1,<environment.Job instance at 0x7f0a414affa0>,144,18,[9 3],145,541,559,396,530
1,<environment.Job instance at 0x7f0a42de50f0>,146,21,[5 6],147,542,563,395,534
1,<environment.Job instance at 0x7f0a42de5230>,147,19,[2 7],148,559,578,411,549
1,<environment.Job instance at 0x7f0a42de5410>,150,15,[5 6],151,563,578,412,549
1,<environment.Job instance at 0x7f0a42de59b0>,159,20,[5 6],160,578,598,418,570
1,<environment.Job instance at 0x7f0a414d9b40>,58,28,[11  2],59,637,665,578,637
1,<environment.Job instance at 0x7f0a414d94b0>,55,18,[ 5 14],56,732,750,676,732
1,<environment.Job instance at 0x7f0a426b16e0>,0,28,[7 5],1,750,778,749,749
1,<environment.Job instance at 0x7f0a4290fdc0>,1,24,[5 4],2,2,26,0,2
1,<environment.Job instance at 0x7f0a41dc9d20>,3,15,[10  1],4,4,19,0,4
1,<environment.Job instance at 0x7f0a41dc9d70>,5,12,[1 9],6,19,31,13,6
1,<environment.Job instance at 0x7f0a41eb0af0>,7,13,[5 8],8,31,44,23,17
1,<environment.Job instance at 0x7f0a41eb0960>,10,27,[5 2],11,19,46,8,17
1,<environment.Job instance at 0x7f0a41dc9140>,8,18,[5 2],9,26,44,17,17
1,<environment.Job instance at 0x7f0a41eb09b0>,11,12,[ 3 13],12,44,56,32,27
1,<environment.Job instance at 0x7f0a41eb0a50>,12,17,[14  5],13,56,73,43,49
1,<environment.Job instance at 0x7f0a41eb00f0>,20,16,[ 1 10],21,56,72,35,49
1,<environment.Job instance at 0x7f0a41eb0d70>,19,19,[5 8],20,73,92,53,63
1,<environment.Job instance at 0x7f0a414b7870>,0,17,[2 9],1,92,109,91,80
1,<environment.Job instance at 0x7f0a4286e460>,24,21,[5 8],25,109,130,84,101
1,<environment.Job instance at 0x7f0a4286e410>,28,16,[7 4],29,109,125,80,109
1,<environment.Job instance at 0x7f0a4286e910>,32,15,[1 7],33,125,140,92,111
1,<environment.Job instance at 0x7f0a41e340f0>,42,18,[7 1],43,130,148,87,119
1,<environment.Job instance at 0x7f0a42a6b820>,48,16,[4 5],49,130,146,81,120
1,<environment.Job instance at 0x7f0a42a6b2d0>,50,17,[6 3],51,146,163,95,134
1,<environment.Job instance at 0x7f0a41bad640>,52,16,[9 3],53,148,164,95,147
1,<environment.Job instance at 0x7f0a41badbe0>,54,22,[6 3],55,163,185,108,158
1,<environment.Job instance at 0x7f0a41bad320>,56,17,[4 7],57,164,181,107,160
1,<environment.Job instance at 0x7f0a41bad5a0>,61,16,[2 7],62,181,197,119,168
1,<environment.Job instance at 0x7f0a41c416e0>,63,21,[2 6],64,185,206,121,179
1,<environment.Job instance at 0x7f0a41eb0dc0>,9,28,[12  3],10,197,225,187,196
1,<environment.Job instance at 0x7f0a41c41320>,67,13,[13  2],68,225,238,157,209
1,<environment.Job instance at 0x7f0a41c41dc0>,66,20,[2 9],67,211,231,144,211
1,<environment.Job instance at 0x7f0a41c41e10>,70,18,[3 9],71,238,256,167,227
1,<environment.Job instance at 0x7f0a41c415a0>,74,12,[5 1],75,238,250,163,228
1,<environment.Job instance at 0x7f0a41c41280>,76,12,[4 8],77,256,268,179,239
1,<environment.Job instance at 0x7f0a41c41370>,68,23,[11  5],69,251,274,182,251
1,<environment.Job instance at 0x7f0a41c410a0>,77,14,[1 9],78,268,282,190,253
1,<environment.Job instance at 0x7f0a42e19460>,81,18,[10  5],82,274,292,192,263
1,<environment.Job instance at 0x7f0a42e19870>,82,12,[1 6],83,282,294,199,265
1,<environment.Job instance at 0x7f0a42e190a0>,83,17,[5 5],84,292,309,208,280
1,<environment.Job instance at 0x7f0a42e19c30>,86,19,[6 2],87,292,311,205,282
1,<environment.Job instance at 0x7f0a41e0bcd0>,89,14,[9 3],90,309,323,219,294
1,<environment.Job instance at 0x7f0a41cf6050>,91,13,[7 2],92,323,336,231,307
1,<environment.Job instance at 0x7f0a41df7e60>,92,12,[5 2],93,311,323,218,307
1,<environment.Job instance at 0x7f0a42dc3e10>,93,15,[3 9],94,323,338,229,309
1,<environment.Job instance at 0x7f0a41df70a0>,96,15,[6 2],97,336,351,239,322
1,<environment.Job instance at 0x7f0a41df7fa0>,99,16,[11  5],100,351,367,251,338
1,<environment.Job instance at 0x7f0a41d92190>,100,16,[8 5],101,367,383,266,354
1,<environment.Job instance at 0x7f0a41d8f0a0>,105,13,[8 4],106,383,396,277,367
1,<environment.Job instance at 0x7f0a41a8ba50>,108,19,[9 2],109,396,415,287,386
1,<environment.Job instance at 0x7f0a429988c0>,111,22,[5 2],112,387,409,275,387
1,<environment.Job instance at 0x7f0a41bd3aa0>,113,20,[6 2],114,409,429,295,400
1,<environment.Job instance at 0x7f0a42b719b0>,115,15,[3 6],116,415,430,299,401
1,<environment.Job instance at 0x7f0a44e92190>,118,14,[6 1],119,415,429,296,401
1,<environment.Job instance at 0x7f0a42234c30>,121,18,[10  4],122,429,447,307,418
1,<environment.Job instance at 0x7f0a41e8f190>,123,15,[7 2],124,447,462,323,433
1,<environment.Job instance at 0x7f0a41e8d320>,129,21,[6 1],130,447,468,317,439
1,<environment.Job instance at 0x7f0a41ded500>,132,23,[7 1],133,462,485,329,456
1,<environment.Job instance at 0x7f0a420491e0>,135,15,[6 5],136,468,483,332,456
1,<environment.Job instance at 0x7f0a41db99b0>,138,15,[ 2 10],139,483,498,344,469
1,<environment.Job instance at 0x7f0a41db9460>,140,17,[10  3],141,485,502,344,473
1,<environment.Job instance at 0x7f0a41d75dc0>,146,23,[2 7],147,498,521,351,492
1,<environment.Job instance at 0x7f0a41ea37d0>,152,15,[4 7],153,502,517,349,492
1,<environment.Job instance at 0x7f0a41ea39b0>,153,22,[3 5],154,517,539,363,510
1,<environment.Job instance at 0x7f0a41d93230>,160,27,[2 5],161,521,548,360,519
1,<environment.Job instance at 0x7f0a41d93f00>,166,25,[6 3],167,519,544,352,519
1,<environment.Job instance at 0x7f0a4286e190>,25,21,[11  3],26,544,565,518,536
1,<environment.Job instance at 0x7f0a41c535f0>,0,12,[9 5],1,1,13,0,1
1,<environment.Job instance at 0x7f0a417a61e0>,2,12,[9 4],3,13,25,10,3
1,<environment.Job instance at 0x7f0a41c533c0>,1,23,[3 9],2,4,27,2,4
1,<environment.Job instance at 0x7f0a41c53050>,6,18,[10  3],7,25,43,18,14
1,<environment.Job instance at 0x7f0a41c53d70>,16,12,[2 6],17,27,39,10,17
1,<environment.Job instance at 0x7f0a4217ea00>,20,18,[ 2 10],21,39,57,18,28
1,<environment.Job instance at 0x7f0a4217e370>,22,13,[9 1],23,43,56,20,28
1,<environment.Job instance at 0x7f0a41c53be0>,4,17,[ 4 14],5,57,74,52,46
1,<environment.Job instance at 0x7f0a4217ee10>,23,20,[7 1],24,56,76,32,55
1,<environment.Job instance at 0x7f0a4217e960>,25,13,[5 7],26,74,87,48,58
1,<environment.Job instance at 0x7f0a41c53cd0>,7,13,[3 7],8,74,87,66,58
1,<environment.Job instance at 0x7f0a4217e6e0>,33,15,[2 7],34,87,102,53,73
1,<environment.Job instance at 0x7f0a4217e690>,34,16,[3 5],35,87,103,52,74
1,<environment.Job instance at 0x7f0a4217e7d0>,39,15,[7 2],40,87,102,47,74
1,<environment.Job instance at 0x7f0a4217e550>,40,16,[10  4],41,102,118,61,89
1,<environment.Job instance at 0x7f0a41c53e10>,3,21,[1 8],4,103,124,99,98
1,<environment.Job instance at 0x7f0a423ba820>,48,17,[8 5],49,118,135,69,106
1,<environment.Job instance at 0x7f0a423ba0f0>,54,19,[5 2],55,118,137,63,108
1,<environment.Job instance at 0x7f0a423ba050>,58,19,[5 5],59,135,154,76,125
1,<environment.Job instance at 0x7f0a415b0c30>,60,14,[9 2],61,137,151,76,136
1,<environment.Job instance at 0x7f0a415b0410>,61,15,[3 7],62,151,166,89,137
1,<environment.Job instance at 0x7f0a415b0be0>,64,18,[3 6],65,154,172,89,143
1,<environment.Job instance at 0x7f0a415b09b0>,67,15,[1 6],68,166,181,98,152
1,<environment.Job instance at 0x7f0a415b0910>,71,16,[5 1],72,152,168,80,152
1,<environment.Job instance at 0x7f0a415b0a00>,72,15,[9 3],73,168,183,95,154
1,<environment.Job instance at 0x7f0a41686870>,80,12,[5 8],81,181,193,100,164
1,<environment.Job instance at 0x7f0a4217e820>,31,14,[7 4],32,183,197,151,168
1,<environment.Job instance at 0x7f0a417a0730>,93,12,[13  2],94,197,209,103,180
1,<environment.Job instance at 0x7f0a417a0a50>,92,16,[ 5 10],93,209,225,116,196
1,<environment.Job instance at 0x7f0a417a0910>,94,22,[6 2],95,209,231,114,205
1,<environment.Job instance at 0x7f0a417a0780>,99,16,[3 6],100,225,241,125,212
1,<environment.Job instance at 0x7f0a417a07d0>,104,13,[7 5],105,231,244,126,215
1,<environment.Job instance at 0x7f0a417a0500>,108,19,[3 5],109,241,260,132,231
1,<environment.Job instance at 0x7f0a417a0e10>,110,14,[4 6],111,244,258,133,231
1,<environment.Job instance at 0x7f0a417a0aa0>,112,15,[9 2],113,258,273,145,244
1,<environment.Job instance at 0x7f0a41c64730>,113,16,[8 4],114,273,289,159,260
1,<environment.Job instance at 0x7f0a41c64f50>,116,12,[ 2 10],117,260,272,143,260
1,<environment.Job instance at 0x7f0a41c648c0>,121,17,[4 9],122,272,289,150,260
1,<environment.Job instance at 0x7f0a41c64190>,123,13,[7 4],124,289,302,165,273
1,<environment.Job instance at 0x7f0a41c64140>,127,12,[ 4 10],128,289,301,161,273
1,<environment.Job instance at 0x7f0a41c646e0>,128,14,[4 9],129,301,315,172,286
1,<environment.Job instance at 0x7f0a41c64640>,132,19,[9 4],133,302,321,169,292
1,<environment.Job instance at 0x7f0a41c64910>,133,18,[4 7],134,315,333,181,304
1,<environment.Job instance at 0x7f0a416a3640>,139,18,[10  5],140,321,339,181,310
1,<environment.Job instance at 0x7f0a42780be0>,142,19,[5 7],143,333,352,190,323
1,<environment.Job instance at 0x7f0a42df08c0>,145,14,[3 5],146,339,353,193,324
1,<environment.Job instance at 0x7f0a42a27a50>,150,12,[3 5],151,352,364,201,335
1,<environment.Job instance at 0x7f0a4260b960>,155,15,[7 1],156,339,354,183,335
1,<environment.Job instance at 0x7f0a424ee8c0>,156,16,[8 4],157,354,370,197,341
1,<environment.Job instance at 0x7f0a419f4eb0>,157,17,[5 5],158,364,381,206,352
1,<environment.Job instance at 0x7f0a42678280>,162,18,[2 5],163,353,371,190,352
1,<environment.Job instance at 0x7f0a4197caa0>,164,15,[2 5],165,370,385,205,356
1,<environment.Job instance at 0x7f0a41d69280>,165,15,[7 2],166,371,386,205,357
1,<environment.Job instance at 0x7f0a41c70f50>,166,19,[10  4],167,386,405,219,376
1,<environment.Job instance at 0x7f0a4217e140>,24,19,[ 4 11],25,385,404,360,376
1,<environment.Job instance at 0x7f0a417a0370>,100,15,[1 6],101,2075,2090,1974,2075
1,<environment.Job instance at 0x7f0a4b4a1870>,0,14,[2 9],1,1,15,0,1
1,<environment.Job instance at 0x7f0a4b4a1eb0>,8,19,[2 6],9,10,29,1,10
1,<environment.Job instance at 0x7f0a4b4a1140>,10,18,[1 7],11,15,33,4,12
1,<environment.Job instance at 0x7f0a4b4a11e0>,13,17,[2 8],14,29,46,15,18
1,<environment.Job instance at 0x7f0a422df0f0>,17,15,[9 5],18,33,48,15,22
1,<environment.Job instance at 0x7f0a422dffa0>,19,19,[4 5],20,46,65,26,36
1,<environment.Job instance at 0x7f0a422dfb40>,24,18,[3 9],25,48,66,23,37
1,<environment.Job instance at 0x7f0a422df640>,30,18,[8 2],31,65,83,34,56
1,<environment.Job instance at 0x7f0a4164b5a0>,40,15,[8 2],41,83,98,42,69
1,<environment.Job instance at 0x7f0a41ff6f50>,46,12,[3 5],47,70,82,23,70
1,<environment.Job instance at 0x7f0a41ff6a00>,51,14,[6 5],52,82,96,30,70
1,<environment.Job instance at 0x7f0a4172ecd0>,57,16,[8 2],58,98,114,40,85
1,<environment.Job instance at 0x7f0a4172e5a0>,60,16,[6 3],61,96,112,35,85
1,<environment.Job instance at 0x7f0a4172eb40>,66,15,[8 2],67,114,129,47,100
1,<environment.Job instance at 0x7f0a4b4a1e10>,1,27,[2 5],2,112,139,110,110
1,<environment.Job instance at 0x7f0a4b4a1730>,9,27,[ 1 14],10,139,166,129,137
1,<environment.Job instance at 0x7f0a4172e1e0>,69,23,[13  5],70,166,189,96,161
1,<environment.Job instance at 0x7f0a4172f910>,70,28,[14  2],71,189,217,118,188
1,<environment.Job instance at 0x7f0a4172f0a0>,71,22,[5 4],72,217,239,145,210
1,<environment.Job instance at 0x7f0a4172eeb0>,68,24,[4 6],69,217,241,148,212
1,<environment.Job instance at 0x7f0a4172f2d0>,73,17,[ 4 10],74,241,258,167,229
1,<environment.Job instance at 0x7f0a4172fa50>,78,15,[4 5],79,230,245,151,230
1,<environment.Job instance at 0x7f0a4172f500>,80,20,[9 5],81,245,265,164,244
1,<environment.Job instance at 0x7f0a4172f190>,72,19,[7 5],73,265,284,192,255
1,<environment.Job instance at 0x7f0a4172f1e0>,82,13,[14  3],83,284,297,201,268
1,<environment.Job instance at 0x7f0a4172f640>,83,27,[2 5],84,297,324,213,295
1,<environment.Job instance at 0x7f0a4172faa0>,84,16,[3 6],85,297,313,212,295
1,<environment.Job instance at 0x7f0a4172fb40>,85,21,[11  2],86,313,334,227,305
1,<environment.Job instance at 0x7f0a42505a50>,86,26,[ 1 12],87,324,350,237,321
1,<environment.Job instance at 0x7f0a42505640>,87,25,[ 2 11],88,350,375,262,346
1,<environment.Job instance at 0x7f0a42505410>,91,17,[9 2],92,349,366,257,349
1,<environment.Job instance at 0x7f0a42505eb0>,90,15,[5 8],91,375,390,284,362
1,<environment.Job instance at 0x7f0a42505cd0>,97,15,[6 1],98,367,382,269,367
1,<environment.Job instance at 0x7f0a42505230>,98,14,[5 7],99,382,396,283,367
1,<environment.Job instance at 0x7f0a41a81d70>,102,12,[10  5],103,390,402,287,373
1,<environment.Job instance at 0x7f0a42505a00>,92,16,[14  5],93,402,418,309,390
1,<environment.Job instance at 0x7f0a41a81fa0>,103,17,[10  4],104,418,435,314,406
1,<environment.Job instance at 0x7f0a41a81140>,119,17,[2 8],120,418,435,298,406
1,<environment.Job instance at 0x7f0a419d5230>,128,15,[9 3],129,435,450,306,422
1,<environment.Job instance at 0x7f0a41a817d0>,104,21,[5 6],105,435,456,330,434
1,<environment.Job instance at 0x7f0a42076640>,155,18,[12  1],156,456,474,300,445
1,<environment.Job instance at 0x7f0a4b4a1aa0>,3,24,[ 2 10],4,456,480,452,451
1,<environment.Job instance at 0x7f0a42e42e60>,156,27,[13  3],157,474,501,317,472
1,<environment.Job instance at 0x7f0a4260a6e0>,158,18,[5 6],159,501,519,342,490
1,<environment.Job instance at 0x7f0a41788a00>,159,27,[ 5 14],160,519,546,359,517
1,<environment.Job instance at 0x7f0a44e7e780>,160,19,[13  4],161,546,565,385,536
1,<environment.Job instance at 0x7f0a424cc5f0>,161,15,[11  4],162,565,580,403,552
1,<environment.Job instance at 0x7f0a424cc730>,162,17,[14  1],163,580,597,417,568
1,<environment.Job instance at 0x7f0a4b8d1f50>,163,12,[5 9],164,597,609,433,580
1,<environment.Job instance at 0x7f0a419fc410>,164,24,[ 1 12],165,609,633,444,604
1,<environment.Job instance at 0x7f0a427ee960>,165,15,[13  2],166,609,624,443,604
1,<environment.Job instance at 0x7f0a427ee280>,166,16,[14  2],167,624,640,457,611
1,<environment.Job instance at 0x7f0a427eef00>,167,20,[5 6],168,640,660,472,631
1,<environment.Job instance at 0x7f0a427ee6e0>,168,12,[4 7],169,640,652,471,631
1,<environment.Job instance at 0x7f0a42d00dc0>,0,12,[ 5 10],1,1,13,0,1
1,<environment.Job instance at 0x7f0a427ee6e0>,2,21,[2 8],3,13,34,10,5
1,<environment.Job instance at 0x7f0a41d23410>,9,13,[13  1],10,13,26,3,10
1,<environment.Job instance at 0x7f0a41d239b0>,10,12,[2 5],11,26,38,15,11
1,<environment.Job instance at 0x7f0a427398c0>,11,13,[9 3],12,34,47,22,22
1,<environment.Job instance at 0x7f0a41d23230>,6,19,[2 8],7,38,57,31,28
1,<environment.Job instance at 0x7f0a42739460>,14,14,[8 5],15,47,61,32,32
1,<environment.Job instance at 0x7f0a42653370>,25,18,[1 8],26,57,75,31,47
1,<environment.Job instance at 0x7f0a42653460>,29,13,[6 2],30,57,70,27,47
1,<environment.Job instance at 0x7f0a42653640>,33,18,[6 3],34,61,79,27,50
1,<environment.Job instance at 0x7f0a426539b0>,36,16,[2 6],37,75,91,38,62
1,<environment.Job instance at 0x7f0a42653af0>,38,17,[5 5],39,75,92,36,63
1,<environment.Job instance at 0x7f0a41d23d20>,12,23,[5 2],13,79,102,66,73
1,<environment.Job instance at 0x7f0a42653e60>,42,17,[5 1],43,91,108,48,79
1,<environment.Job instance at 0x7f0a42d002d0>,1,20,[5 8],2,92,112,90,84
1,<environment.Job instance at 0x7f0a42653f00>,44,15,[9 5],45,108,123,63,96
1,<environment.Job instance at 0x7f0a42653f50>,45,20,[4 6],46,112,132,66,105
1,<environment.Job instance at 0x7f0a42653be0>,41,18,[9 5],42,123,141,81,113
1,<environment.Job instance at 0x7f0a42c235f0>,53,17,[5 7],54,132,149,78,120
1,<environment.Job instance at 0x7f0a42c3d460>,96,17,[7 5],97,141,158,44,129
1,<environment.Job instance at 0x7f0a42c49730>,115,15,[7 3],116,149,164,33,135
1,<environment.Job instance at 0x7f0a42c49aa0>,118,18,[3 9],119,158,176,39,147
1,<environment.Job instance at 0x7f0a41f19a50>,124,18,[5 3],125,158,176,33,147
1,<environment.Job instance at 0x7f0a41716820>,151,16,[4 7],152,176,192,24,163
1,<environment.Job instance at 0x7f0a416fa9b0>,156,15,[7 3],157,164,179,7,163
1,<environment.Job instance at 0x7f0a42653dc0>,46,26,[ 2 12],47,3054,3080,3007,3054
1,<environment.Job instance at 0x7f0a415fcd20>,0,13,[ 1 13],1,1,14,0,1
1,<environment.Job instance at 0x7f0a42653d70>,1,15,[3 5],2,14,29,12,2
1,<environment.Job instance at 0x7f0a415fce60>,2,13,[6 5],3,14,27,11,3
1,<environment.Job instance at 0x7f0a41515a00>,8,26,[14  2],9,29,55,20,26
1,<environment.Job instance at 0x7f0a420695f0>,11,15,[4 7],12,55,70,43,41
1,<environment.Job instance at 0x7f0a42069aa0>,18,16,[7 5],19,55,71,36,42
1,<environment.Job instance at 0x7f0a42069320>,22,18,[10  4],23,71,89,48,60
1,<environment.Job instance at 0x7f0a420693c0>,30,15,[9 4],31,89,104,58,75
1,<environment.Job instance at 0x7f0a41797550>,33,13,[1 6],34,75,88,41,75
1,<environment.Job instance at 0x7f0a41819960>,42,18,[1 5],43,76,94,33,76
1,<environment.Job instance at 0x7f0a41b2d230>,54,18,[3 8],55,94,112,39,91
1,<environment.Job instance at 0x7f0a420c3820>,67,17,[9 2],68,104,121,36,96
1,<environment.Job instance at 0x7f0a4178c870>,72,16,[4 6],73,112,128,39,99
1,<environment.Job instance at 0x7f0a41a61500>,89,15,[5 9],90,121,136,31,107
1,<environment.Job instance at 0x7f0a41a614b0>,91,16,[4 8],92,136,152,44,128
1,<environment.Job instance at 0x7f0a42dea6e0>,94,19,[5 3],95,128,147,33,128
1,<environment.Job instance at 0x7f0a422e1910>,109,19,[5 5],110,147,166,37,137
1,<environment.Job instance at 0x7f0a422ceaf0>,116,15,[5 7],117,152,167,35,138
1,<environment.Job instance at 0x7f0a42a40a00>,128,17,[5 4],129,166,183,37,154
1,<environment.Job instance at 0x7f0a41a5d640>,145,19,[10  3],146,167,186,21,162
1,<environment.Job instance at 0x7f0a42326870>,147,16,[4 6],148,183,199,35,170
1,<environment.Job instance at 0x7f0a42978320>,151,15,[6 3],152,186,201,34,172
1,<environment.Job instance at 0x7f0a41d7a640>,162,19,[6 2],163,199,218,36,189
1,<environment.Job instance at 0x7f0a42d8cdc0>,166,13,[3 8],167,199,212,32,199
1,<environment.Job instance at 0x7f0a42069fa0>,12,26,[11  4],13,2329,2355,2316,2329
1,<environment.Job instance at 0x7f0a415fc910>,3,13,[12  1],4,2355,2368,2351,2339
1,<environment.Job instance at 0x7f0a42653e10>,4,20,[10  4],5,2630,2650,2625,2630
1,<environment.Job instance at 0x7f0a421e1910>,0,17,[6 4],1,1,18,0,1
1,<environment.Job instance at 0x7f0a421e1410>,6,20,[2 5],7,7,27,0,7
1,<environment.Job instance at 0x7f0a421e15f0>,7,13,[1 5],8,8,21,0,8
1,<environment.Job instance at 0x7f0a421e1f00>,8,21,[7 5],9,18,39,9,10
1,<environment.Job instance at 0x7f0a421e1820>,11,16,[8 4],12,27,43,15,14
1,<environment.Job instance at 0x7f0a42787af0>,22,14,[6 5],23,39,53,16,24
1,<environment.Job instance at 0x7f0a42787d70>,26,17,[1 5],27,39,56,12,27
1,<environment.Job instance at 0x7f0a41cbceb0>,31,16,[2 8],32,53,69,21,40
1,<environment.Job instance at 0x7f0a421e1050>,12,12,[6 4],13,56,68,43,45
1,<environment.Job instance at 0x7f0a41cbc4b0>,34,22,[8 3],35,68,90,33,61
1,<environment.Job instance at 0x7f0a41cbc730>,37,19,[3 6],38,69,88,31,61
1,<environment.Job instance at 0x7f0a41cb8910>,47,15,[10  2],48,90,105,42,76
1,<environment.Job instance at 0x7f0a41cb8a50>,52,15,[3 8],53,88,103,35,76
1,<environment.Job instance at 0x7f0a41cb8140>,56,13,[2 8],57,103,116,46,87
1,<environment.Job instance at 0x7f0a41f91cd0>,59,14,[1 5],60,90,104,30,87
1,<environment.Job instance at 0x7f0a41f919b0>,60,19,[5 2],61,105,124,44,95
1,<environment.Job instance at 0x7f0a41f91640>,66,20,[5 1],67,105,125,38,96
1,<environment.Job instance at 0x7f0a42715460>,73,22,[5 5],74,116,138,42,109
1,<environment.Job instance at 0x7f0a427158c0>,77,12,[2 6],78,124,136,46,109
1,<environment.Job instance at 0x7f0a4b9fc280>,83,16,[5 6],84,136,152,52,123
1,<environment.Job instance at 0x7f0a429d2230>,96,12,[8 2],97,138,150,41,123
1,<environment.Job instance at 0x7f0a42d0dcd0>,97,21,[3 6],98,150,171,52,142
1,<environment.Job instance at 0x7f0a41641730>,100,12,[10  3],101,152,164,51,142
1,<environment.Job instance at 0x7f0a42d06d70>,101,16,[1 6],102,152,168,50,142
1,<environment.Job instance at 0x7f0a42d06690>,102,18,[9 1],103,164,182,61,153
1,<environment.Job instance at 0x7f0a42d06dc0>,103,18,[10  1],104,182,200,78,171
1,<environment.Job instance at 0x7f0a4b9f41e0>,107,21,[6 2],108,200,221,92,192
1,<environment.Job instance at 0x7f0a44ed05a0>,112,19,[8 2],113,200,219,87,192
1,<environment.Job instance at 0x7f0a44ed0690>,113,14,[5 6],114,219,233,105,204
1,<environment.Job instance at 0x7f0a41b27f00>,118,16,[10  1],119,221,237,102,208
1,<environment.Job instance at 0x7f0a41b272d0>,120,19,[6 4],121,237,256,116,227
1,<environment.Job instance at 0x7f0a41b27730>,123,14,[10  5],124,256,270,132,241
1,<environment.Job instance at 0x7f0a41b278c0>,124,19,[10  1],125,270,289,145,260
1,<environment.Job instance at 0x7f0a41b27140>,129,14,[6 5],130,289,303,159,274
1,<environment.Job instance at 0x7f0a420a24b0>,131,22,[8 4],132,289,311,157,282
1,<environment.Job instance at 0x7f0a42151b90>,132,20,[8 4],133,311,331,178,302
1,<environment.Job instance at 0x7f0a425a0370>,133,15,[ 3 10],134,303,318,169,302
1,<environment.Job instance at 0x7f0a425a0f00>,136,18,[1 8],137,318,336,181,307
1,<environment.Job instance at 0x7f0a425a09b0>,139,18,[8 3],140,331,349,191,320
1,<environment.Job instance at 0x7f0a44e86f50>,142,17,[6 1],143,320,337,177,320
1,<environment.Job instance at 0x7f0a44e86870>,146,21,[2 6],147,337,358,190,329
1,<environment.Job instance at 0x7f0a44e868c0>,148,21,[1 6],149,336,357,187,329
1,<environment.Job instance at 0x7f0a42194e10>,164,19,[7 2],165,349,368,184,339
1,<environment.Job instance at 0x7f0a42309640>,165,13,[5 4],166,357,370,191,341
1,<environment.Job instance at 0x7f0a42194370>,167,15,[8 2],168,368,383,200,354
1,<environment.Job instance at 0x7f0a4154a0f0>,168,13,[10  2],169,383,396,214,367
1,<environment.Job instance at 0x7f0a421e1140>,1,28,[2 5],2,367,395,365,367
1,<environment.Job instance at 0x7f0a421e13c0>,9,15,[3 8],10,752,767,742,752
1,<environment.Job instance at 0x7f0a42ca36e0>,0,22,[5 5],1,1,23,0,1
1,<environment.Job instance at 0x7f0a42ca3690>,1,15,[5 6],2,2,17,0,2
1,<environment.Job instance at 0x7f0a415c3af0>,6,18,[5 3],7,9,27,2,9
1,<environment.Job instance at 0x7f0a415c3820>,7,14,[7 5],8,23,37,15,9
1,<environment.Job instance at 0x7f0a41515c80>,3,19,[1 7],4,17,36,13,9
1,<environment.Job instance at 0x7f0a415c3d20>,9,12,[7 3],10,27,39,17,10
1,<environment.Job instance at 0x7f0a415c3eb0>,10,15,[ 3 11],11,37,52,26,23
1,<environment.Job instance at 0x7f0a415c3c80>,14,12,[1 6],15,52,64,37,35
1,<environment.Job instance at 0x7f0a415c3aa0>,8,18,[12  1],9,39,57,30,35
1,<environment.Job instance at 0x7f0a42cac4b0>,19,26,[ 4 11],20,64,90,44,61
1,<environment.Job instance at 0x7f0a42cac640>,23,16,[7 3],24,61,77,37,61
1,<environment.Job instance at 0x7f0a42cac0f0>,24,25,[2 6],25,90,115,65,86
1,<environment.Job instance at 0x7f0a42cac7d0>,25,17,[8 3],26,86,103,60,86
1,<environment.Job instance at 0x7f0a42cac5a0>,26,22,[4 9],27,103,125,76,96
1,<environment.Job instance at 0x7f0a42cac8c0>,27,23,[ 1 12],28,125,148,97,119
1,<environment.Job instance at 0x7f0a42cac960>,28,14,[5 6],29,148,162,119,133
1,<environment.Job instance at 0x7f0a42cac690>,22,20,[10  3],23,137,157,114,137
1,<environment.Job instance at 0x7f0a42cacd20>,34,20,[3 9],35,157,177,122,148
1,<environment.Job instance at 0x7f0a42ca05f0>,45,16,[ 5 10],46,177,193,131,164
1,<environment.Job instance at 0x7f0a42ca0690>,46,13,[10  3],47,164,177,117,164
1,<environment.Job instance at 0x7f0a42ca0050>,47,18,[10  5],48,177,195,129,174
1,<environment.Job instance at 0x7f0a42ca0b90>,54,12,[6 1],55,195,207,140,179
1,<environment.Job instance at 0x7f0a42ca0c30>,55,12,[1 8],56,193,205,137,179
1,<environment.Job instance at 0x7f0a42ca0cd0>,56,14,[6 4],57,195,209,138,180
1,<environment.Job instance at 0x7f0a42ca0d70>,57,14,[3 7],58,205,219,147,190
1,<environment.Job instance at 0x7f0a42ca0eb0>,59,15,[2 8],60,209,224,149,198
1,<environment.Job instance at 0x7f0a42ca00a0>,61,12,[7 5],62,219,231,157,202
1,<environment.Job instance at 0x7f0a42c94550>,63,16,[5 3],64,224,240,160,211
1,<environment.Job instance at 0x7f0a42c942d0>,68,16,[5 9],69,231,247,162,220
1,<environment.Job instance at 0x7f0a415c3fa0>,12,23,[ 5 13],13,247,270,234,241
1,<environment.Job instance at 0x7f0a42c94be0>,75,16,[4 6],76,270,286,194,257
1,<environment.Job instance at 0x7f0a42c94d20>,80,17,[10  2],81,257,274,176,257
1,<environment.Job instance at 0x7f0a42c94fa0>,83,18,[3 8],84,274,292,190,273
1,<environment.Job instance at 0x7f0a42c94e10>,84,22,[7 4],85,286,308,201,279
1,<environment.Job instance at 0x7f0a42caca00>,29,21,[5 8],30,292,313,262,284
1,<environment.Job instance at 0x7f0a42c8f730>,93,21,[9 3],94,308,329,214,300
1,<environment.Job instance at 0x7f0a42c8fb40>,98,19,[3 9],99,313,332,214,303
1,<environment.Job instance at 0x7f0a42c94b90>,71,20,[ 4 14],72,332,352,260,324
1,<environment.Job instance at 0x7f0a42c8ff00>,104,12,[ 5 12],105,352,364,247,336
1,<environment.Job instance at 0x7f0a42c8fe60>,103,22,[1 7],104,364,386,260,357
1,<environment.Job instance at 0x7f0a42c8feb0>,106,12,[3 8],107,364,376,257,357
1,<environment.Job instance at 0x7f0a42cc2320>,110,17,[1 6],111,376,393,265,364
1,<environment.Job instance at 0x7f0a42cc23c0>,111,13,[5 2],112,376,389,264,364
1,<environment.Job instance at 0x7f0a42cc2500>,113,16,[9 1],114,386,402,272,373
1,<environment.Job instance at 0x7f0a42cc2820>,118,18,[6 3],119,393,411,274,382
1,<environment.Job instance at 0x7f0a42cc2a50>,121,22,[1 7],122,402,424,280,395
1,<environment.Job instance at 0x7f0a42cc2af0>,122,16,[6 2],123,402,418,279,395
1,<environment.Job instance at 0x7f0a42cc2c30>,124,22,[6 3],125,411,433,286,404
1,<environment.Job instance at 0x7f0a42cc2d70>,126,22,[4 9],127,424,446,297,418
1,<environment.Job instance at 0x7f0a42cc2e10>,127,12,[8 4],128,433,445,305,418
1,<environment.Job instance at 0x7f0a42cc2f50>,129,18,[3 5],130,445,463,315,434
1,<environment.Job instance at 0x7f0a42ca6320>,134,15,[1 6],135,446,461,311,434
1,<environment.Job instance at 0x7f0a42ca63c0>,135,14,[10  1],136,446,460,310,434
1,<environment.Job instance at 0x7f0a415e9c30>,137,17,[1 9],138,461,478,323,449
1,<environment.Job instance at 0x7f0a415e04b0>,138,17,[7 2],139,463,480,324,451
1,<environment.Job instance at 0x7f0a415e2870>,139,22,[5 1],140,460,482,320,453
1,<environment.Job instance at 0x7f0a41e27960>,141,18,[6 3],142,480,498,338,469
1,<environment.Job instance at 0x7f0a415ca7d0>,144,19,[3 8],145,478,497,333,469
1,<environment.Job instance at 0x7f0a415ca910>,146,13,[5 5],147,497,510,350,481
1,<environment.Job instance at 0x7f0a4199b0f0>,157,21,[4 8],158,498,519,340,491
1,<environment.Job instance at 0x7f0a41e06640>,159,16,[2 7],160,510,526,350,497
1,<environment.Job instance at 0x7f0a415d4780>,160,16,[6 5],161,519,535,358,506
1,<environment.Job instance at 0x7f0a415d41e0>,161,17,[ 3 10],162,526,543,364,515
1,<environment.Job instance at 0x7f0a415d9280>,162,13,[6 2],163,535,548,372,519
1,<environment.Job instance at 0x7f0a415dd550>,163,21,[1 5],164,543,564,379,535
1,<environment.Job instance at 0x7f0a415dd1e0>,164,15,[3 6],165,543,558,378,535
1,<environment.Job instance at 0x7f0a42ca6730>,166,26,[1 8],167,558,584,391,555
1,<environment.Job instance at 0x7f0a42ca67d0>,167,21,[3 6],168,564,585,396,556
1,<environment.Job instance at 0x7f0a42c8ffa0>,105,25,[ 3 13],106,585,610,479,583
1,<environment.Job instance at 0x7f0a42cc0e60>,1,23,[5 6],2,2,25,0,2
1,<environment.Job instance at 0x7f0a419866e0>,9,24,[5 2],10,10,34,0,10
1,<environment.Job instance at 0x7f0a423292d0>,15,20,[8 4],16,25,45,9,17
1,<environment.Job instance at 0x7f0a41995500>,0,13,[ 1 14],1,45,58,44,29
1,<environment.Job instance at 0x7f0a4239aaa0>,32,15,[3 5],33,58,73,25,44
1,<environment.Job instance at 0x7f0a4230ffa0>,16,22,[10  2],17,58,80,41,51
1,<environment.Job instance at 0x7f0a4287d1e0>,42,17,[3 5],43,73,90,30,61
1,<environment.Job instance at 0x7f0a4287d140>,41,20,[8 5],42,80,100,38,71
1,<environment.Job instance at 0x7f0a4188da50>,62,19,[6 5],63,90,109,27,80
1,<environment.Job instance at 0x7f0a4287d6e0>,43,18,[ 3 10],44,100,118,56,89
1,<environment.Job instance at 0x7f0a424e5f50>,84,17,[8 5],85,109,126,24,101
1,<environment.Job instance at 0x7f0a41d1dbe0>,92,20,[7 3],93,118,138,25,109
1,<environment.Job instance at 0x7f0a41525e60>,101,15,[4 8],102,126,141,24,112
1,<environment.Job instance at 0x7f0a42579960>,105,17,[10  3],106,138,155,32,126
1,<environment.Job instance at 0x7f0a42741910>,126,17,[7 4],127,155,172,28,143
1,<environment.Job instance at 0x7f0a41985910>,130,20,[7 4],131,155,175,24,146
1,<environment.Job instance at 0x7f0a41985460>,135,19,[1 5],136,150,169,14,150
1,<environment.Job instance at 0x7f0a42d64af0>,138,14,[5 6],139,172,186,33,157
1,<environment.Job instance at 0x7f0a4197a820>,142,16,[3 6],143,175,191,32,162
1,<environment.Job instance at 0x7f0a427df5a0>,154,12,[2 7],155,186,198,31,169
1,<environment.Job instance at 0x7f0a427df0f0>,155,12,[5 6],156,191,203,35,174
1,<environment.Job instance at 0x7f0a415e24b0>,157,18,[6 5],158,198,216,40,187
1,<environment.Job instance at 0x7f0a415e2e10>,160,15,[2 6],161,203,218,42,189
1,<environment.Job instance at 0x7f0a415e23c0>,161,19,[10  2],162,216,235,54,207
1,<environment.Job instance at 0x7f0a425fd1e0>,166,14,[7 2],167,235,249,68,220
1,<environment.Job instance at 0x7f0a42238eb0>,29,23,[13  4],30,392,415,362,392
1,<environment.Job instance at 0x7f0a419865a0>,4,23,[11  2],5,1190,1213,1185,1190
1,<environment.Job instance at 0x7f0a4230f7d0>,13,28,[6 5],14,1248,1276,1234,1248
1,<environment.Job instance at 0x7f0a41666be0>,1,18,[11  5],2,2,20,0,2
1,<environment.Job instance at 0x7f0a41def0f0>,11,18,[2 6],12,12,30,0,12
1,<environment.Job instance at 0x7f0a41def190>,13,23,[8 2],14,20,43,6,14
1,<environment.Job instance at 0x7f0a42877f50>,18,20,[5 6],19,21,41,2,21
1,<environment.Job instance at 0x7f0a42877dc0>,22,13,[2 5],23,30,43,7,23
1,<environment.Job instance at 0x7f0a42877cd0>,23,16,[ 4 10],24,43,59,19,30
1,<environment.Job instance at 0x7f0a428779b0>,25,12,[1 7],26,59,71,33,42
1,<environment.Job instance at 0x7f0a428771e0>,26,16,[8 1],27,43,59,16,42
1,<environment.Job instance at 0x7f0a42877a50>,27,14,[9 3],28,59,73,31,44
1,<environment.Job instance at 0x7f0a42877b90>,29,12,[8 3],30,73,85,43,56
1,<environment.Job instance at 0x7f0a42877370>,30,20,[2 8],31,71,91,40,65
1,<environment.Job instance at 0x7f0a42877d20>,33,15,[9 1],34,85,100,51,73
1,<environment.Job instance at 0x7f0a42877690>,36,17,[10  3],37,100,117,63,88
1,<environment.Job instance at 0x7f0a41bb5640>,44,14,[9 2],45,117,131,72,102
1,<environment.Job instance at 0x7f0a42877fa0>,15,18,[3 8],16,103,121,87,103
1,<environment.Job instance at 0x7f0a41bb5780>,50,22,[1 6],51,121,143,70,114
1,<environment.Job instance at 0x7f0a415b0370>,52,17,[9 5],53,131,148,78,119
1,<environment.Job instance at 0x7f0a415b0e60>,55,20,[3 9],56,143,163,87,134
1,<environment.Job instance at 0x7f0a41bb5820>,51,24,[12  2],52,148,172,96,145
1,<environment.Job instance at 0x7f0a415b0730>,59,16,[5 8],60,172,188,112,159
1,<environment.Job instance at 0x7f0a414f6280>,62,13,[8 2],63,172,185,109,167
1,<environment.Job instance at 0x7f0a4274e190>,63,12,[9 1],64,185,197,121,171
1,<environment.Job instance at 0x7f0a41c00eb0>,65,17,[ 3 10],66,188,205,122,184
1,<environment.Job instance at 0x7f0a4232c730>,75,15,[5 8],76,205,220,129,191
1,<environment.Job instance at 0x7f0a429b6910>,95,18,[7 4],96,197,215,101,192
1,<environment.Job instance at 0x7f0a42568730>,97,18,[6 1],98,215,233,117,204
1,<environment.Job instance at 0x7f0a42b91280>,100,18,[ 4 10],101,220,238,119,215
1,<environment.Job instance at 0x7f0a42b0b0a0>,102,12,[5 9],103,238,250,135,221
1,<environment.Job instance at 0x7f0a42b919b0>,103,15,[10  5],104,233,248,129,222
1,<environment.Job instance at 0x7f0a415b00f0>,60,27,[1 9],61,250,277,189,248
1,<environment.Job instance at 0x7f0a4267f140>,106,13,[ 2 13],107,277,290,170,261
1,<environment.Job instance at 0x7f0a42877320>,17,15,[10  3],18,261,276,243,261
1,<environment.Job instance at 0x7f0a4b92bc80>,108,27,[13  2],109,276,303,167,274
1,<environment.Job instance at 0x7f0a42877140>,19,18,[14  5],20,303,321,283,295
1,<environment.Job instance at 0x7f0a4267f870>,107,18,[5 4],108,321,339,213,310
1,<environment.Job instance at 0x7f0a4267fb90>,105,17,[ 1 10],106,325,342,219,325
1,<environment.Job instance at 0x7f0a423079b0>,111,27,[11  3],112,339,366,227,337
1,<environment.Job instance at 0x7f0a42307af0>,113,15,[ 5 13],114,366,381,252,352
1,<environment.Job instance at 0x7f0a42307820>,114,13,[3 5],115,352,365,237,352
1,<environment.Job instance at 0x7f0a42307460>,110,17,[13  2],111,381,398,270,369
1,<environment.Job instance at 0x7f0a4182d780>,116,12,[12  3],117,398,410,281,381
1,<environment.Job instance at 0x7f0a4182d0f0>,117,12,[13  5],118,410,422,292,393
1,<environment.Job instance at 0x7f0a423073c0>,112,20,[2 7],113,406,426,293,406
1,<environment.Job instance at 0x7f0a4182dcd0>,119,18,[3 6],120,422,440,302,411
1,<environment.Job instance at 0x7f0a4182d5f0>,122,13,[2 9],123,426,439,303,411
1,<environment.Job instance at 0x7f0a4b92bc30>,109,26,[ 5 11],110,440,466,330,437
1,<environment.Job instance at 0x7f0a42565140>,125,16,[ 2 12],126,466,482,340,454
1,<environment.Job instance at 0x7f0a42565820>,126,20,[ 2 12],127,482,502,355,473
1,<environment.Job instance at 0x7f0a42565500>,127,27,[1 6],128,502,529,374,500
1,<environment.Job instance at 0x7f0a42565f50>,128,27,[10  4],129,502,529,373,500
1,<environment.Job instance at 0x7f0a425650a0>,129,17,[13  5],130,529,546,399,517
1,<environment.Job instance at 0x7f0a425656e0>,130,16,[ 3 11],131,546,562,415,533
1,<environment.Job instance at 0x7f0a42565dc0>,131,18,[ 5 13],132,562,580,430,551
1,<environment.Job instance at 0x7f0a425651e0>,133,21,[5 6],134,580,601,446,572
1,<environment.Job instance at 0x7f0a42565aa0>,134,19,[10  4],135,580,599,445,572
1,<environment.Job instance at 0x7f0a42238d20>,136,21,[8 2],137,599,620,462,591
1,<environment.Job instance at 0x7f0a42565af0>,132,18,[ 3 12],133,601,619,468,593
1,<environment.Job instance at 0x7f0a42238e60>,137,16,[8 5],138,620,636,482,607
1,<environment.Job instance at 0x7f0a42238500>,138,14,[3 8],139,619,633,480,607
1,<environment.Job instance at 0x7f0a4264b730>,144,12,[3 8],145,633,645,488,617
1,<environment.Job instance at 0x7f0a4264baa0>,145,28,[ 3 11],146,645,673,499,644
1,<environment.Job instance at 0x7f0a4b78c230>,149,18,[10  2],150,644,662,494,644
1,<environment.Job instance at 0x7f0a4266f870>,150,27,[14  2],151,673,700,522,671
1,<environment.Job instance at 0x7f0a4266f280>,151,14,[14  5],152,700,714,548,685
1,<environment.Job instance at 0x7f0a42c01410>,152,13,[ 4 12],153,714,727,561,698
1,<environment.Job instance at 0x7f0a41504140>,153,13,[11  5],154,727,740,573,711
1,<environment.Job instance at 0x7f0a4266f140>,148,20,[3 9],149,727,747,578,724
1,<environment.Job instance at 0x7f0a42c6e690>,154,17,[ 1 11],155,747,764,592,735
1,<environment.Job instance at 0x7f0a4218ea00>,161,23,[ 3 14],162,764,787,602,758
1,<environment.Job instance at 0x7f0a4218ef50>,162,17,[7 2],163,787,804,624,775
1,<environment.Job instance at 0x7f0a4218e550>,163,25,[14  3],164,804,829,640,800
1,<environment.Job instance at 0x7f0a42577f00>,160,18,[3 8],161,829,847,668,822
1,<environment.Job instance at 0x7f0a4273fc80>,165,18,[3 9],166,847,865,681,842
1,<environment.Job instance at 0x7f0a4182d820>,118,26,[11  5],119,845,871,726,845
1,<environment.Job instance at 0x7f0a42307550>,115,19,[4 8],116,8247,8266,8131,8247
1,<environment.Job instance at 0x7f0a41729320>,1,13,[5 1],2,2,15,0,2
1,<environment.Job instance at 0x7f0a4182d910>,2,15,[ 3 11],3,3,18,0,3
1,<environment.Job instance at 0x7f0a425170f0>,8,15,[7 2],9,9,24,0,9
1,<environment.Job instance at 0x7f0a42307550>,6,21,[6 5],7,18,39,11,10
1,<environment.Job instance at 0x7f0a42c6eaf0>,10,18,[3 9],11,24,42,13,14
1,<environment.Job instance at 0x7f0a4290a190>,13,14,[ 3 10],14,42,56,28,30
1,<environment.Job instance at 0x7f0a4290a050>,15,18,[5 3],16,39,57,23,30
1,<environment.Job instance at 0x7f0a4290aeb0>,19,16,[5 5],20,56,72,36,43
1,<environment.Job instance at 0x7f0a422dea00>,20,12,[7 5],21,57,69,36,43
1,<environment.Job instance at 0x7f0a4b886140>,23,15,[5 2],24,69,84,45,56
1,<environment.Job instance at 0x7f0a42c9d050>,25,18,[5 9],26,72,90,46,63
1,<environment.Job instance at 0x7f0a4290ab90>,26,16,[5 7],27,90,106,63,77
1,<environment.Job instance at 0x7f0a42c900f0>,29,12,[3 5],30,84,96,54,77
1,<environment.Job instance at 0x7f0a42614280>,31,18,[8 1],32,96,114,64,86
1,<environment.Job instance at 0x7f0a41cd2320>,38,13,[7 1],39,106,119,67,90
1,<environment.Job instance at 0x7f0a42063c30>,44,14,[5 2],45,114,128,69,99
1,<environment.Job instance at 0x7f0a41eaabe0>,55,17,[9 2],56,119,136,63,107
1,<environment.Job instance at 0x7f0a41eaab90>,56,14,[7 2],57,136,150,79,121
1,<environment.Job instance at 0x7f0a41eaa960>,58,12,[5 7],59,128,140,69,121
1,<environment.Job instance at 0x7f0a41eaa6e0>,59,23,[1 5],60,121,144,61,121
1,<environment.Job instance at 0x7f0a41eaa9b0>,60,18,[5 4],61,140,158,79,129
1,<environment.Job instance at 0x7f0a41eaa870>,61,12,[1 8],62,144,156,82,129
1,<environment.Job instance at 0x7f0a41eaa370>,62,21,[4 7],63,156,177,93,149
1,<environment.Job instance at 0x7f0a417e2f50>,68,12,[1 6],69,158,170,89,153
1,<environment.Job instance at 0x7f0a41a80870>,72,19,[4 8],73,170,189,97,163
1,<environment.Job instance at 0x7f0a4b449d20>,78,19,[10  2],79,177,196,98,171
1,<environment.Job instance at 0x7f0a42c6ecd0>,9,17,[14  3],10,196,213,186,185
1,<environment.Job instance at 0x7f0a425175f0>,7,24,[13  2],8,213,237,205,208
1,<environment.Job instance at 0x7f0a41729550>,0,23,[ 1 11],1,208,231,207,208
1,<environment.Job instance at 0x7f0a4b449730>,82,13,[ 2 13],83,231,244,148,221
1,<environment.Job instance at 0x7f0a4b449f00>,80,19,[10  4],81,244,263,163,234
1,<environment.Job instance at 0x7f0a4197ccd0>,89,17,[10  4],90,263,280,173,251
1,<environment.Job instance at 0x7f0a4197c8c0>,90,12,[6 3],91,280,292,189,263
1,<environment.Job instance at 0x7f0a4197c780>,94,14,[6 2],95,280,294,185,265
1,<environment.Job instance at 0x7f0a4197c6e0>,98,20,[6 3],99,292,312,193,283
1,<environment.Job instance at 0x7f0a4197c140>,100,18,[5 2],101,294,312,193,283
1,<environment.Job instance at 0x7f0a422c6370>,105,14,[5 3],106,312,326,206,298
1,<environment.Job instance at 0x7f0a422c6190>,106,13,[7 4],107,312,325,205,299
1,<environment.Job instance at 0x7f0a4b449640>,81,25,[3 7],82,306,331,224,306
1,<environment.Job instance at 0x7f0a422c6e60>,111,18,[10  4],112,326,344,214,315
1,<environment.Job instance at 0x7f0a422c60f0>,113,13,[ 5 10],114,331,344,217,315
1,<environment.Job instance at 0x7f0a422c6410>,115,15,[1 5],116,344,359,228,330
1,<environment.Job instance at 0x7f0a422c6230>,116,18,[3 8],117,344,362,227,333
1,<environment.Job instance at 0x7f0a422c6b90>,117,15,[3 9],118,362,377,244,348
1,<environment.Job instance at 0x7f0a422c6550>,121,19,[4 7],122,377,396,255,367
1,<environment.Job instance at 0x7f0a415d9a50>,126,22,[5 1],127,367,389,240,367
1,<environment.Job instance at 0x7f0a415d9050>,128,13,[5 8],129,389,402,260,373
1,<environment.Job instance at 0x7f0a415d9690>,129,22,[2 7],130,396,418,266,389
1,<environment.Job instance at 0x7f0a415d9dc0>,134,21,[5 6],135,402,423,267,394
1,<environment.Job instance at 0x7f0a415d9aa0>,135,17,[10  4],136,418,435,282,406
1,<environment.Job instance at 0x7f0a41977910>,140,14,[3 5],141,423,437,282,408
1,<environment.Job instance at 0x7f0a4b449af0>,84,20,[12  4],85,435,455,350,426
1,<environment.Job instance at 0x7f0a419770f0>,144,17,[12  2],145,455,472,310,445
1,<environment.Job instance at 0x7f0a41977320>,145,20,[11  3],146,472,492,326,463
1,<environment.Job instance at 0x7f0a41977780>,146,16,[ 5 14],147,492,508,345,479
1,<environment.Job instance at 0x7f0a41977f00>,147,25,[6 2],148,508,533,360,504
1,<environment.Job instance at 0x7f0a41977cd0>,143,22,[5 8],144,508,530,364,504
1,<environment.Job instance at 0x7f0a41977820>,150,20,[8 2],151,530,550,379,521
1,<environment.Job instance at 0x7f0a41977280>,154,15,[3 5],155,533,548,378,521
1,<environment.Job instance at 0x7f0a41999640>,161,13,[8 2],162,550,563,388,537
1,<environment.Job instance at 0x7f0a41999fa0>,162,13,[4 8],163,537,550,374,537
1,<environment.Job instance at 0x7f0a41999a50>,167,19,[4 8],168,550,569,382,540
1,<environment.Job instance at 0x7f0a4b449be0>,83,19,[ 3 11],84,569,588,485,563
1,<environment.Job instance at 0x7f0a41977140>,148,22,[ 4 10],149,680,702,531,680
1,<environment.Job instance at 0x7f0a425170a0>,5,22,[6 5],6,958,980,952,958
1,<environment.Job instance at 0x7f0a4203fd70>,0,13,[13  3],1,1,14,0,1
1,<environment.Job instance at 0x7f0a42053af0>,2,16,[4 8],3,14,30,11,3
1,<environment.Job instance at 0x7f0a42051a50>,9,23,[6 1],10,14,37,4,10
1,<environment.Job instance at 0x7f0a420513c0>,11,14,[4 8],12,30,44,18,15
1,<environment.Job instance at 0x7f0a42058a50>,16,14,[5 3],17,17,31,0,17
1,<environment.Job instance at 0x7f0a420584b0>,18,16,[1 7],19,37,53,18,24
1,<environment.Job instance at 0x7f0a4205acd0>,29,13,[9 5],30,44,57,14,30
1,<environment.Job instance at 0x7f0a42058550>,20,13,[ 5 11],21,57,70,36,42
1,<environment.Job instance at 0x7f0a41c76780>,32,17,[9 2],33,57,74,24,50
1,<environment.Job instance at 0x7f0a41c76a00>,35,20,[1 5],36,70,90,34,61
1,<environment.Job instance at 0x7f0a41c76aa0>,36,18,[5 7],37,70,88,33,61
1,<environment.Job instance at 0x7f0a41c763c0>,33,12,[12  5],34,88,100,54,72
1,<environment.Job instance at 0x7f0a42058460>,19,15,[13  1],20,100,115,80,87
1,<environment.Job instance at 0x7f0a426fac80>,42,20,[5 5],43,115,135,72,106
1,<environment.Job instance at 0x7f0a41efc500>,41,20,[7 5],42,115,135,73,106
1,<environment.Job instance at 0x7f0a41efc0a0>,48,14,[7 3],49,135,149,86,120
1,<environment.Job instance at 0x7f0a415f1f00>,53,13,[7 5],54,135,148,81,120
1,<environment.Job instance at 0x7f0a415f1690>,54,14,[2 5],55,120,134,65,120
1,<environment.Job instance at 0x7f0a420535f0>,70,13,[5 5],71,148,161,77,132
1,<environment.Job instance at 0x7f0a42a79230>,77,18,[5 3],78,149,167,71,141
1,<environment.Job instance at 0x7f0a42a79960>,82,17,[7 2],83,161,178,78,149
1,<environment.Job instance at 0x7f0a42a61c30>,86,21,[2 7],87,160,181,73,160
1,<environment.Job instance at 0x7f0a42a61a50>,87,14,[5 6],88,167,181,79,160
1,<environment.Job instance at 0x7f0a42a61e10>,91,13,[1 7],92,181,194,89,165
1,<environment.Job instance at 0x7f0a42a619b0>,94,16,[5 4],95,181,197,86,168
1,<environment.Job instance at 0x7f0a41b35f50>,43,26,[7 4],44,181,207,137,180
1,<environment.Job instance at 0x7f0a4160c550>,97,17,[1 5],98,194,211,96,182
1,<environment.Job instance at 0x7f0a4160cd70>,100,18,[7 3],101,197,215,96,186
1,<environment.Job instance at 0x7f0a42a823c0>,102,14,[5 4],103,207,221,104,192
1,<environment.Job instance at 0x7f0a42a82460>,104,12,[7 4],105,215,227,110,198
1,<environment.Job instance at 0x7f0a42a82f50>,107,14,[10  3],108,227,241,119,212
1,<environment.Job instance at 0x7f0a42a82b40>,108,15,[6 5],109,241,256,132,227
1,<environment.Job instance at 0x7f0a42a65410>,109,17,[8 4],110,241,258,131,229
1,<environment.Job instance at 0x7f0a42a656e0>,111,16,[8 2],112,258,274,146,245
1,<environment.Job instance at 0x7f0a4160caa0>,98,20,[ 3 13],99,258,278,159,249
1,<environment.Job instance at 0x7f0a42a5a5f0>,116,14,[ 2 10],117,278,292,161,264
1,<environment.Job instance at 0x7f0a42a5a370>,113,15,[6 5],114,278,293,164,265
1,<environment.Job instance at 0x7f0a42a5a870>,118,13,[10  1],119,293,306,174,277
1,<environment.Job instance at 0x7f0a42a5a0f0>,117,19,[2 6],118,295,314,177,295
1,<environment.Job instance at 0x7f0a42a5ac80>,121,15,[5 4],122,306,321,184,295
1,<environment.Job instance at 0x7f0a42a76960>,125,14,[2 5],126,302,316,176,302
1,<environment.Job instance at 0x7f0a42a76820>,126,14,[5 7],127,316,330,189,305
1,<environment.Job instance at 0x7f0a42a5aa50>,119,20,[12  1],120,330,350,210,321
1,<environment.Job instance at 0x7f0a41bd2dc0>,131,20,[8 2],132,350,370,218,341
1,<environment.Job instance at 0x7f0a41f29690>,130,14,[ 4 10],131,350,364,219,341
1,<environment.Job instance at 0x7f0a41ef0fa0>,138,17,[1 8],139,364,381,225,352
1,<environment.Job instance at 0x7f0a42a73b40>,140,12,[6 5],141,364,376,223,352
1,<environment.Job instance at 0x7f0a42e51820>,141,15,[10  1],142,376,391,234,362
1,<environment.Job instance at 0x7f0a41f0bfa0>,142,17,[2 7],143,381,398,238,369
1,<environment.Job instance at 0x7f0a42e51a50>,143,15,[4 7],144,391,406,247,377
1,<environment.Job instance at 0x7f0a41f0b640>,144,21,[2 7],145,398,419,253,390
1,<environment.Job instance at 0x7f0a41f15410>,146,18,[2 8],147,406,424,259,395
1,<environment.Job instance at 0x7f0a41f15be0>,147,18,[3 8],148,424,442,276,413
1,<environment.Job instance at 0x7f0a420b13c0>,148,12,[6 3],149,419,431,270,413
1,<environment.Job instance at 0x7f0a420b1960>,149,21,[5 1],150,419,440,269,413
1,<environment.Job instance at 0x7f0a420be730>,154,14,[9 5],155,440,454,285,425
1,<environment.Job instance at 0x7f0a41f0d6e0>,155,13,[5 6],156,442,455,286,426
1,<environment.Job instance at 0x7f0a420acc30>,159,20,[8 3],160,454,474,294,445
1,<environment.Job instance at 0x7f0a428c12d0>,165,17,[ 5 10],166,455,472,289,445
1,<environment.Job instance at 0x7f0a42150b90>,166,15,[5 6],167,472,487,305,458
1,<environment.Job instance at 0x7f0a42e2bd70>,132,20,[4 7],133,493,513,360,493
1,<environment.Job instance at 0x7f0a42053370>,1,15,[10  5],2,493,508,491,493
1,<environment.Job instance at 0x7f0a420589b0>,17,20,[10  4],18,6472,6492,6454,6472
1,<environment.Job instance at 0x7f0a420beb40>,4,17,[ 2 10],5,5,22,0,5
1,<environment.Job instance at 0x7f0a420be7d0>,5,12,[2 8],6,22,34,16,6
1,<environment.Job instance at 0x7f0a420be190>,7,23,[10  1],8,8,31,0,8
1,<environment.Job instance at 0x7f0a420be050>,17,17,[11  4],18,31,48,13,19
1,<environment.Job instance at 0x7f0a42a7ef00>,23,27,[ 3 14],24,48,75,24,46
1,<environment.Job instance at 0x7f0a42a7e640>,27,17,[14  2],28,75,92,47,63
1,<environment.Job instance at 0x7f0a42a7e780>,28,16,[ 4 14],29,92,108,63,79
1,<environment.Job instance at 0x7f0a42a7ef50>,29,18,[9 1],30,92,110,62,83
1,<environment.Job instance at 0x7f0a42a7e190>,30,16,[ 1 10],31,108,124,77,95
1,<environment.Job instance at 0x7f0a42a7e1e0>,31,25,[13  5],32,110,135,78,106
1,<environment.Job instance at 0x7f0a42a7eaf0>,32,16,[6 2],33,135,151,102,122
1,<environment.Job instance at 0x7f0a42a7ed70>,33,14,[1 5],34,124,138,90,122
1,<environment.Job instance at 0x7f0a42a7e7d0>,34,14,[14  5],35,151,165,116,136
1,<environment.Job instance at 0x7f0a420bee10>,19,13,[5 6],20,136,149,116,136
1,<environment.Job instance at 0x7f0a42a7eb40>,26,19,[8 2],27,165,184,138,155
1,<environment.Job instance at 0x7f0a42a7e5a0>,37,16,[ 5 10],38,165,181,127,155
1,<environment.Job instance at 0x7f0a42a7eaa0>,38,21,[3 5],39,181,202,142,173
1,<environment.Job instance at 0x7f0a41f0bdc0>,43,17,[10  5],44,184,201,140,173
1,<environment.Job instance at 0x7f0a41f0bd70>,44,13,[1 5],45,181,194,136,173
1,<environment.Job instance at 0x7f0a420bed20>,22,23,[2 6],23,201,224,178,195
1,<environment.Job instance at 0x7f0a41f0bf00>,46,13,[3 9],47,202,215,155,195
1,<environment.Job instance at 0x7f0a42a7ecd0>,36,17,[4 7],37,215,232,178,210
1,<environment.Job instance at 0x7f0a41f0bbe0>,47,28,[ 1 14],48,232,260,184,231
1,<environment.Job instance at 0x7f0a41f0baa0>,50,16,[10  1],51,231,247,180,231
1,<environment.Job instance at 0x7f0a41f0b370>,51,14,[12  2],52,260,274,208,245
1,<environment.Job instance at 0x7f0a41f0b5a0>,52,18,[3 7],53,260,278,207,249
1,<environment.Job instance at 0x7f0a41f0b7d0>,53,16,[7 4],54,274,290,220,261
1,<environment.Job instance at 0x7f0a41f0b2d0>,54,24,[8 4],55,278,302,223,273
1,<environment.Job instance at 0x7f0a41f0b140>,55,26,[10  2],56,302,328,246,299
1,<environment.Job instance at 0x7f0a41f0b190>,56,17,[8 5],57,328,345,271,316
1,<environment.Job instance at 0x7f0a41f0b6e0>,57,14,[ 5 13],58,345,359,287,330
1,<environment.Job instance at 0x7f0a41f0b690>,58,28,[ 1 12],59,359,387,300,358
1,<environment.Job instance at 0x7f0a41f0b550>,59,16,[12  1],60,359,375,299,358
1,<environment.Job instance at 0x7f0a41f0bb90>,60,15,[10  1],61,375,390,314,361
1,<environment.Job instance at 0x7f0a428ad780>,61,18,[9 4],62,390,408,328,379
1,<environment.Job instance at 0x7f0a428ad4b0>,62,23,[1 8],63,387,410,324,381
1,<environment.Job instance at 0x7f0a428adaf0>,63,21,[ 5 11],64,410,431,346,402
1,<environment.Job instance at 0x7f0a428ad640>,64,15,[ 2 14],65,431,446,366,417
1,<environment.Job instance at 0x7f0a41f0b230>,49,18,[5 4],50,446,464,396,435
1,<environment.Job instance at 0x7f0a428ad5f0>,66,16,[ 4 11],67,446,462,379,435
1,<environment.Job instance at 0x7f0a428ad8c0>,67,23,[3 9],68,462,485,394,457
1,<environment.Job instance at 0x7f0a428ad870>,65,27,[ 4 13],66,485,512,419,483
1,<environment.Job instance at 0x7f0a428ad3c0>,69,17,[ 4 12],70,512,529,442,500
1,<environment.Job instance at 0x7f0a420db5f0>,0,25,[8 1],1,501,526,500,501
1,<environment.Job instance at 0x7f0a4160c4b0>,92,12,[5 6],93,529,541,436,512
1,<environment.Job instance at 0x7f0a428ad320>,70,13,[9 1],71,526,539,455,513
1,<environment.Job instance at 0x7f0a415f1370>,99,15,[4 6],100,539,554,439,525
1,<environment.Job instance at 0x7f0a415f1b40>,101,17,[6 3],102,539,556,437,527
1,<environment.Job instance at 0x7f0a415f1280>,100,22,[5 2],101,541,563,440,534
1,<environment.Job instance at 0x7f0a41625280>,108,18,[5 8],109,556,574,447,545
1,<environment.Job instance at 0x7f0a41625d20>,112,22,[10  2],113,563,585,450,556
1,<environment.Job instance at 0x7f0a41625be0>,117,16,[5 5],118,574,590,456,561
1,<environment.Job instance at 0x7f0a4289afa0>,131,16,[7 3],132,585,601,453,572
1,<environment.Job instance at 0x7f0a4289af50>,132,17,[7 2],133,590,607,457,578
1,<environment.Job instance at 0x7f0a4289ac80>,133,13,[3 7],134,601,614,467,585
1,<environment.Job instance at 0x7f0a420b1820>,147,18,[10  1],148,607,625,459,596
1,<environment.Job instance at 0x7f0a420b1f00>,148,21,[6 3],149,625,646,476,617
1,<environment.Job instance at 0x7f0a4160ceb0>,93,24,[ 5 14],94,653,677,559,653
1,<environment.Job instance at 0x7f0a41d055f0>,1,15,[5 6],2,2,17,0,2
1,<environment.Job instance at 0x7f0a42060550>,2,15,[11  2],3,17,32,14,3
1,<environment.Job instance at 0x7f0a419aafa0>,5,17,[5 1],6,32,49,26,20
1,<environment.Job instance at 0x7f0a419aaaa0>,10,21,[6 4],11,32,53,21,24
1,<environment.Job instance at 0x7f0a42a57aa0>,13,19,[5 4],14,49,68,35,39
1,<environment.Job instance at 0x7f0a42a575f0>,15,22,[3 6],16,39,61,23,39
1,<environment.Job instance at 0x7f0a42a65960>,21,22,[7 5],22,53,75,31,47
1,<environment.Job instance at 0x7f0a42a65230>,25,16,[4 5],26,68,84,42,55
1,<environment.Job instance at 0x7f0a416265a0>,30,12,[9 2],31,75,87,44,58
1,<environment.Job instance at 0x7f0a41611e10>,35,13,[8 1],36,87,100,51,71
1,<environment.Job instance at 0x7f0a41611140>,38,17,[9 3],39,100,117,61,88
1,<environment.Job instance at 0x7f0a419aa960>,6,21,[4 8],7,88,109,81,88
1,<environment.Job instance at 0x7f0a41611b90>,41,16,[3 9],42,109,125,67,96
1,<environment.Job instance at 0x7f0a41611f50>,40,19,[9 3],41,117,136,76,109
1,<environment.Job instance at 0x7f0a41611eb0>,43,20,[ 1 10],44,125,145,81,116
1,<environment.Job instance at 0x7f0a419aa3c0>,7,16,[11  1],8,136,152,128,124
1,<environment.Job instance at 0x7f0a42a79820>,48,18,[7 3],49,152,170,103,142
1,<environment.Job instance at 0x7f0a42a79c30>,58,19,[5 3],59,152,171,93,142
1,<environment.Job instance at 0x7f0a42a79eb0>,62,18,[2 8],63,147,165,84,147
1,<environment.Job instance at 0x7f0a41c91d70>,64,15,[5 6],65,170,185,105,158
1,<environment.Job instance at 0x7f0a41c91910>,67,15,[3 6],68,165,180,97,160
1,<environment.Job instance at 0x7f0a41c91c80>,70,21,[7 3],71,171,192,100,166
1,<environment.Job instance at 0x7f0a41c91a00>,71,12,[7 2],72,185,197,113,168
1,<environment.Job instance at 0x7f0a42a79780>,49,20,[5 7],50,192,212,142,184
1,<environment.Job instance at 0x7f0a41c910f0>,73,17,[9 4],74,197,214,123,187
1,<environment.Job instance at 0x7f0a41c91230>,75,12,[3 9],76,212,224,136,197
1,<environment.Job instance at 0x7f0a42def140>,81,13,[6 2],82,214,227,132,200
1,<environment.Job instance at 0x7f0a41efcb90>,83,17,[7 1],84,224,241,140,212
1,<environment.Job instance at 0x7f0a41efc690>,85,15,[5 8],86,227,242,141,214
1,<environment.Job instance at 0x7f0a41efc320>,87,16,[1 8],88,242,258,154,233
1,<environment.Job instance at 0x7f0a41efceb0>,89,21,[2 7],90,241,262,151,235
1,<environment.Job instance at 0x7f0a41efc780>,91,20,[5 5],92,258,278,166,251
1,<environment.Job instance at 0x7f0a41efc050>,93,19,[7 4],94,262,281,168,258
1,<environment.Job instance at 0x7f0a41617d70>,101,16,[10  4],102,281,297,179,269
1,<environment.Job instance at 0x7f0a41617c80>,103,14,[3 7],104,278,292,174,271
1,<environment.Job instance at 0x7f0a42a790a0>,44,22,[ 5 11],45,292,314,247,286
1,<environment.Job instance at 0x7f0a41617eb0>,108,14,[ 1 14],109,314,328,205,299
1,<environment.Job instance at 0x7f0a41bcba50>,109,17,[13  2],110,328,345,218,316
1,<environment.Job instance at 0x7f0a41bcbb40>,110,24,[11  4],111,345,369,234,341
1,<environment.Job instance at 0x7f0a41bcbdc0>,111,14,[ 1 11],112,342,356,230,342
1,<environment.Job instance at 0x7f0a41c91550>,74,26,[4 8],75,356,382,281,353
1,<environment.Job instance at 0x7f0a41617820>,107,21,[9 5],108,369,390,261,365
1,<environment.Job instance at 0x7f0a41bcb730>,113,22,[13  4],114,390,412,276,383
1,<environment.Job instance at 0x7f0a41bcb550>,117,26,[ 5 14],118,412,438,294,409
1,<environment.Job instance at 0x7f0a41bcbb90>,118,20,[ 2 11],119,438,458,319,429
1,<environment.Job instance at 0x7f0a41bcb0f0>,119,14,[10  4],120,438,452,318,429
1,<environment.Job instance at 0x7f0a41bcb780>,120,23,[ 4 12],121,458,481,337,452
1,<environment.Job instance at 0x7f0a41bcbd20>,121,15,[13  2],122,481,496,359,467
1,<environment.Job instance at 0x7f0a41bcb410>,122,22,[11  1],123,496,518,373,489
1,<environment.Job instance at 0x7f0a41bcbd70>,123,24,[6 2],124,518,542,394,513
1,<environment.Job instance at 0x7f0a41bcb3c0>,112,25,[6 5],113,519,544,406,519
1,<environment.Job instance at 0x7f0a419aa050>,3,17,[11  4],4,544,561,540,532
1,<environment.Job instance at 0x7f0a42780410>,129,18,[ 1 11],130,544,562,414,533
1,<environment.Job instance at 0x7f0a42ba2870>,130,18,[10  4],131,561,579,430,550
1,<environment.Job instance at 0x7f0a4283e730>,0,16,[7 5],1,579,595,578,566
1,<environment.Job instance at 0x7f0a41f29550>,124,20,[14  4],125,595,615,470,587
1,<environment.Job instance at 0x7f0a41bcb960>,116,21,[10  5],117,615,636,498,608
1,<environment.Job instance at 0x7f0a42780230>,135,18,[6 4],136,636,654,500,625
1,<environment.Job instance at 0x7f0a44e976e0>,139,15,[5 5],140,625,640,485,625
1,<environment.Job instance at 0x7f0a42ba6cd0>,142,12,[2 5],143,636,648,493,625
1,<environment.Job instance at 0x7f0a425668c0>,147,17,[10  2],148,654,671,506,642
1,<environment.Job instance at 0x7f0a41b516e0>,155,16,[4 7],156,648,664,492,642
1,<environment.Job instance at 0x7f0a422a3dc0>,159,16,[10  3],160,671,687,511,658
1,<environment.Job instance at 0x7f0a418d73c0>,165,16,[1 9],166,669,685,503,669
1,<environment.Job instance at 0x7f0a41e831e0>,168,14,[5 3],169,685,699,516,670
1,<environment.Job instance at 0x7f0a42780dc0>,132,23,[11  2],133,699,722,566,693
1,<environment.Job instance at 0x7f0a42780fa0>,131,27,[9 4],132,8151,8178,8019,8151
1,<environment.Job instance at 0x7f4ec1d8e230>,0,13,[9 3],1,1,14,0,1
1,<environment.Job instance at 0x7f4ec1d8e320>,2,22,[4 8],3,3,25,0,3
1,<environment.Job instance at 0x7f4eb87a2be0>,4,21,[1 6],5,14,35,9,6
1,<environment.Job instance at 0x7f4eb87a2af0>,6,20,[6 1],7,14,34,7,9
1,<environment.Job instance at 0x7f4eb87a5370>,14,13,[7 3],15,25,38,10,22
1,<environment.Job instance at 0x7f4eb87a5050>,10,18,[ 3 11],11,35,53,24,24
1,<environment.Job instance at 0x7f4eb87a51e0>,24,13,[ 3 14],25,53,66,28,37
1,<environment.Job instance at 0x7f4eb87a5a50>,26,26,[1 8],27,66,92,39,63
1,<environment.Job instance at 0x7f4eb87a5be0>,27,25,[5 7],28,66,91,38,63
1,<environment.Job instance at 0x7f4eb87a5dc0>,30,27,[4 8],31,92,119,61,90
1,<environment.Job instance at 0x7f4eb87a59b0>,23,18,[2 7],24,91,109,67,90
1,<environment.Job instance at 0x7f4eb87a2dc0>,7,25,[6 2],8,109,134,101,105
1,<environment.Job instance at 0x7f4eb87a5fa0>,33,16,[2 8],34,119,135,85,106
1,<environment.Job instance at 0x7f4eb87a9140>,35,15,[9 5],36,134,149,98,120
1,<environment.Job instance at 0x7f4eb87a9410>,38,20,[ 1 10],39,135,155,96,127
1,<environment.Job instance at 0x7f4eb87a9500>,40,15,[10  3],41,149,164,108,139
1,<environment.Job instance at 0x7f4eb87a9640>,42,20,[9 4],43,164,184,121,155
1,<environment.Job instance at 0x7f4eb87a9820>,45,13,[6 5],46,164,177,118,155
1,<environment.Job instance at 0x7f4eb87a9960>,47,20,[6 5],48,177,197,129,168
1,<environment.Job instance at 0x7f4eb87a9be0>,51,20,[5 3],52,184,204,132,175
1,<environment.Job instance at 0x7f4eb87a9d20>,53,17,[5 7],54,197,214,143,185
1,<environment.Job instance at 0x7f4eb87a9f00>,56,12,[3 6],57,185,197,128,185
1,<environment.Job instance at 0x7f4eb87a9050>,58,14,[2 7],59,204,218,145,189
1,<environment.Job instance at 0x7f4eb87a93c0>,59,17,[1 6],60,214,231,154,202
1,<environment.Job instance at 0x7f4eb87ab320>,62,18,[5 3],63,218,236,155,207
1,<environment.Job instance at 0x7f4eb87ab500>,64,19,[3 8],65,231,250,166,221
1,<environment.Job instance at 0x7f4eb87ab5f0>,65,20,[2 6],66,236,256,170,227
1,<environment.Job instance at 0x7f4eb87ab690>,66,21,[7 4],67,250,271,183,242
1,<environment.Job instance at 0x7f4eb87ab9b0>,71,28,[5 1],72,242,270,170,242
1,<environment.Job instance at 0x7f4eb87a5aa0>,34,24,[1 8],35,256,280,221,251
1,<environment.Job instance at 0x7f4eb87abcd0>,76,19,[4 8],77,280,299,203,270
1,<environment.Job instance at 0x7f4eb87abd70>,77,13,[8 5],78,271,284,193,270
1,<environment.Job instance at 0x7f4eb87abe10>,78,12,[10  2],79,284,296,205,270
1,<environment.Job instance at 0x7f4eb87abeb0>,79,13,[9 4],80,296,309,216,280
1,<environment.Job instance at 0x7f4eb87abf50>,80,14,[2 6],81,299,313,218,284
1,<environment.Job instance at 0x7f4eb87abfa0>,81,15,[5 9],82,309,324,227,295
1,<environment.Job instance at 0x7f4eb87abf00>,82,16,[ 4 10],83,324,340,241,311
1,<environment.Job instance at 0x7f4eb87ae550>,89,16,[7 1],90,313,329,223,311
1,<environment.Job instance at 0x7f4eb87ae6e0>,91,20,[8 2],92,329,349,237,320
1,<environment.Job instance at 0x7f4eb87ae780>,92,21,[10  1],93,349,370,256,341
1,<environment.Job instance at 0x7f4eb87ae910>,95,15,[5 7],96,341,356,245,341
1,<environment.Job instance at 0x7f4eb87aeb40>,98,17,[5 5],99,356,373,257,344
1,<environment.Job instance at 0x7f4eb87aec80>,100,18,[2 7],101,370,388,269,359
1,<environment.Job instance at 0x7f4eb87abb90>,74,27,[1 6],75,373,400,298,371
1,<environment.Job instance at 0x7f4eb87aed70>,101,18,[ 1 10],102,400,418,298,389
1,<environment.Job instance at 0x7f4eb87aeeb0>,104,12,[4 6],105,418,430,313,401
1,<environment.Job instance at 0x7f4eb87b14b0>,109,14,[10  4],110,412,426,302,412
1,<environment.Job instance at 0x7f4eb87b1550>,110,21,[6 5],111,426,447,315,418
1,<environment.Job instance at 0x7f4eb87b1870>,115,16,[7 5],116,430,446,314,418
1,<environment.Job instance at 0x7f4eb87aeaf0>,102,16,[ 3 13],103,447,463,344,434
1,<environment.Job instance at 0x7f4eb87b1aa0>,120,19,[13  1],121,463,482,342,453
1,<environment.Job instance at 0x7f4eb87b1c80>,121,13,[7 4],122,482,495,360,466
1,<environment.Job instance at 0x7f4eb8798730>,127,16,[8 1],128,482,498,354,475
1,<environment.Job instance at 0x7f4ec1dd90f0>,128,15,[8 3],129,498,513,369,484
1,<environment.Job instance at 0x7f4eb8798280>,129,17,[8 1],130,513,530,383,501
1,<environment.Job instance at 0x7f4eb8798cd0>,130,18,[6 1],131,501,519,370,501
1,<environment.Job instance at 0x7f4eb8798960>,134,16,[4 7],135,519,535,384,506
1,<environment.Job instance at 0x7f4eb88c79b0>,140,13,[7 4],141,530,543,389,514
1,<environment.Job instance at 0x7f4eb87b1280>,122,22,[14  4],123,543,565,420,536
1,<environment.Job instance at 0x7f4eb88430a0>,144,17,[14  2],145,565,582,420,553
1,<environment.Job instance at 0x7f4eb88ba460>,145,27,[4 8],146,582,609,436,580
1,<environment.Job instance at 0x7f4eb8843c30>,143,20,[ 4 10],144,609,629,465,600
1,<environment.Job instance at 0x7f4eb884ad70>,149,15,[10  4],150,600,615,450,600
1,<environment.Job instance at 0x7f4eb8804c80>,150,14,[1 8],151,629,643,478,614
1,<environment.Job instance at 0x7f4ec1d8e1e0>,1,22,[11  3],2,615,637,613,614
1,<environment.Job instance at 0x7f4eb885e0f0>,156,14,[9 5],157,637,651,480,622
1,<environment.Job instance at 0x7f4eb88c5be0>,159,15,[1 7],160,643,658,483,629
1,<environment.Job instance at 0x7f4eb88c5820>,162,13,[3 8],163,651,664,488,635
1,<environment.Job instance at 0x7f4eb88af780>,163,13,[3 5],164,658,671,494,642
1,<environment.Job instance at 0x7f4eb88af460>,166,20,[1 5],167,664,684,497,655
1,<environment.Job instance at 0x7f4eb87a5e60>,31,20,[11  5],32,664,684,632,660
1,<environment.Job instance at 0x7f4eb88afeb0>,168,20,[ 3 12],169,684,704,515,675
1,<environment.Job instance at 0x7f4eb88af960>,169,16,[12  4],170,704,720,534,691
1,<environment.Job instance at 0x7f4eb88af0f0>,167,22,[3 7],168,704,726,536,700
1,<environment.Job instance at 0x7f4eb88ca5a0>,170,16,[12  5],171,720,736,549,717
1,<environment.Job instance at 0x7f4eb88c0b90>,154,23,[13  2],155,736,759,581,730
1,<environment.Job instance at 0x7f4eb8180910>,0,13,[8 5],1,1,14,0,1
1,<environment.Job instance at 0x7f4eb813fe10>,1,14,[2 9],2,2,16,0,2
1,<environment.Job instance at 0x7f4eb8178730>,4,20,[5 2],5,14,34,9,5
1,<environment.Job instance at 0x7f4eb81412d0>,12,12,[1 7],13,16,28,3,14
1,<environment.Job instance at 0x7f4eb81f3dc0>,18,12,[10  5],19,28,40,9,19
1,<environment.Job instance at 0x7f4eb81819b0>,20,14,[2 7],21,34,48,13,21
1,<environment.Job instance at 0x7f4eb81797d0>,25,16,[2 8],26,40,56,14,27
1,<environment.Job instance at 0x7f4eb817bbe0>,32,13,[9 4],33,48,61,15,33
1,<environment.Job instance at 0x7f4eb813a050>,34,17,[3 8],35,56,73,21,44
1,<environment.Job instance at 0x7f4eb813a190>,40,14,[6 1],41,61,75,20,46
1,<environment.Job instance at 0x7f4eb820c230>,42,16,[3 8],43,73,89,30,60
1,<environment.Job instance at 0x7f4eb820c320>,43,14,[10  1],44,75,89,31,60
1,<environment.Job instance at 0x7f4eb820c190>,46,13,[6 3],47,61,74,14,60
1,<environment.Job instance at 0x7f4eb820c140>,47,13,[7 4],48,89,102,41,73
1,<environment.Job instance at 0x7f4eb820c960>,49,20,[1 7],50,89,109,39,80
1,<environment.Job instance at 0x7f4eb82115f0>,57,16,[2 8],58,102,118,44,89
1,<environment.Job instance at 0x7f4eb7fb7eb0>,64,16,[7 4],65,109,125,44,96
1,<environment.Job instance at 0x7f4eb7dc3280>,72,14,[5 5],73,118,132,45,103
1,<environment.Job instance at 0x7f4eb7d34be0>,75,19,[9 4],76,125,144,49,115
1,<environment.Job instance at 0x7f4eb7da96e0>,80,14,[2 7],81,132,146,51,118
1,<environment.Job instance at 0x7f4eb7ee46e0>,81,15,[4 8],82,144,159,62,130
1,<environment.Job instance at 0x7f4eb7d3fe10>,86,15,[3 6],87,146,161,59,132
1,<environment.Job instance at 0x7f4eb7f64eb0>,88,16,[2 6],89,159,175,70,146
1,<environment.Job instance at 0x7f4eb7d57af0>,90,19,[5 5],91,161,180,70,151
1,<environment.Job instance at 0x7f4eb7d57370>,92,20,[8 5],93,175,195,82,166
1,<environment.Job instance at 0x7f4eb7d84dc0>,95,13,[4 8],96,180,193,84,166
1,<environment.Job instance at 0x7f4eb7d574b0>,96,13,[5 8],97,193,206,96,177
1,<environment.Job instance at 0x7f4eb7d532d0>,101,15,[6 1],102,195,210,93,184
1,<environment.Job instance at 0x7f4eb7d53910>,103,22,[9 5],104,206,228,102,199
1,<environment.Job instance at 0x7f4eb7d53690>,106,13,[2 5],107,210,223,103,199
1,<environment.Job instance at 0x7f4eb7d550a0>,109,17,[6 2],110,223,240,113,211
1,<environment.Job instance at 0x7f4eb7d55280>,110,17,[5 1],111,228,245,117,217
1,<environment.Job instance at 0x7f4eb7d55b40>,113,17,[4 6],114,228,245,114,217
1,<environment.Job instance at 0x7f4eb7ee2960>,118,15,[8 2],119,245,260,126,231
1,<environment.Job instance at 0x7f4eb7d38fa0>,122,17,[9 4],123,260,277,137,248
1,<environment.Job instance at 0x7f4eb8141c80>,13,21,[12  2],14,277,298,263,269
1,<environment.Job instance at 0x7f4eb7e2e730>,128,16,[11  1],129,298,314,169,285
1,<environment.Job instance at 0x7f4ec1d8dc80>,131,15,[ 2 11],132,285,300,153,285
1,<environment.Job instance at 0x7f4eb7d52370>,132,16,[11  1],133,314,330,181,302
1,<environment.Job instance at 0x7f4eb7d52f50>,133,25,[2 8],134,305,330,171,305
1,<environment.Job instance at 0x7f4eb7d522d0>,141,15,[5 5],142,330,345,188,316
1,<environment.Job instance at 0x7f4ec1e36410>,143,13,[4 8],144,330,343,186,316
1,<environment.Job instance at 0x7f4ec1e36690>,144,20,[6 1],145,330,350,185,321
1,<environment.Job instance at 0x7f4ec1e373c0>,147,21,[5 9],148,345,366,197,337
1,<environment.Job instance at 0x7f4eb7ddaaf0>,160,13,[1 6],161,350,363,189,337
1,<environment.Job instance at 0x7f4eb7dd65a0>,166,20,[5 7],167,366,386,199,357
1,<environment.Job instance at 0x7f4eb7dd6230>,167,16,[5 4],168,363,379,195,357
1,<environment.Job instance at 0x7f4eb7dd6af0>,168,14,[8 3],169,379,393,210,364
1,<environment.Job instance at 0x7f4eb7e83b90>,172,18,[3 6],173,386,404,213,375
1,<environment.Job instance at 0x7f4eb7e83640>,174,15,[5 5],175,393,408,218,379
1,<environment.Job instance at 0x7f4eb7e83140>,176,16,[3 9],177,404,420,227,391
1,<environment.Job instance at 0x7f4eb7e7a3c0>,178,12,[ 5 10],179,420,432,241,403
1,<environment.Job instance at 0x7f4eb7d52a50>,134,18,[12  5],135,432,450,297,430
1,<environment.Job instance at 0x7f4eb8178780>,7,21,[11  4],8,451,472,443,451
1,<environment.Job instance at 0x7f4eb8183dc0>,2,20,[13  3],3,472,492,469,463
1,<environment.Job instance at 0x7f4eb83d6320>,0,12,[ 3 14],1,1,13,0,1
1,<environment.Job instance at 0x7f4eb83d6e60>,4,18,[8 3],5,13,31,8,5
1,<environment.Job instance at 0x7f4eb83d6c30>,7,16,[5 8],8,13,29,5,10
1,<environment.Job instance at 0x7f4eb83d64b0>,8,13,[1 7],9,29,42,20,14
1,<environment.Job instance at 0x7f4eb83d65a0>,15,13,[5 5],16,29,42,13,16
1,<environment.Job instance at 0x7f4eb83d6f00>,18,14,[7 5],19,42,56,23,27
1,<environment.Job instance at 0x7f4eb7ec5500>,25,15,[8 5],26,42,57,16,28
1,<environment.Job instance at 0x7f4eb83d65f0>,10,25,[12  4],11,57,82,46,53
1,<environment.Job instance at 0x7f4eb7ec55f0>,32,12,[7 2],33,82,94,49,65
1,<environment.Job instance at 0x7f4eb7ec5820>,33,22,[ 1 12],34,82,104,48,75
1,<environment.Job instance at 0x7f4eb7ec5e10>,34,20,[3 8],35,104,124,69,95
1,<environment.Job instance at 0x7f4eb83d6960>,5,14,[8 5],6,115,129,109,115
1,<environment.Job instance at 0x7f4eb7ed8460>,38,17,[4 8],39,124,141,85,116
1,<environment.Job instance at 0x7f4eb8183870>,1,21,[4 8],2,141,162,139,133
1,<environment.Job instance at 0x7f4eb7ed81e0>,40,22,[ 5 12],41,162,184,121,155
1,<environment.Job instance at 0x7f4eb7ed8a50>,50,16,[5 9],51,184,200,133,171
1,<environment.Job instance at 0x7f4eb7ed8dc0>,42,15,[14  2],43,200,215,157,186
1,<environment.Job instance at 0x7f4eb7ed8f00>,54,20,[14  2],55,215,235,160,206
1,<environment.Job instance at 0x7f4eb7ed5640>,55,15,[8 4],56,235,250,179,221
1,<environment.Job instance at 0x7f4eb7ed56e0>,56,17,[ 3 10],57,235,252,178,223
1,<environment.Job instance at 0x7f4eb7ed5d70>,57,14,[6 4],58,250,264,192,235
1,<environment.Job instance at 0x7f4eb7ed5f50>,58,19,[1 7],59,252,271,193,243
1,<environment.Job instance at 0x7f4eb7ed52d0>,59,18,[14  4],60,264,282,204,253
1,<environment.Job instance at 0x7f4eb7ed5460>,60,22,[ 4 14],61,282,304,221,275
1,<environment.Job instance at 0x7f4eb7ed54b0>,61,20,[11  4],62,304,324,242,295
1,<environment.Job instance at 0x7f4eb7ed5320>,62,23,[14  4],63,324,347,261,318
1,<environment.Job instance at 0x7f4eb7ed5410>,63,19,[ 3 14],64,347,366,283,337
1,<environment.Job instance at 0x7f4eb7ed0190>,72,15,[5 8],73,366,381,293,352
1,<environment.Job instance at 0x7f4eb7ed0730>,74,20,[10  4],75,366,386,291,357
1,<environment.Job instance at 0x7f4eb7ed01e0>,75,16,[6 3],76,386,402,310,373
1,<environment.Job instance at 0x7f4eb7ed0870>,76,14,[5 7],77,381,395,304,373
1,<environment.Job instance at 0x7f4eb7ed06e0>,77,18,[4 7],78,395,413,317,384
1,<environment.Job instance at 0x7f4eb7ecbeb0>,86,16,[2 9],87,413,429,326,400
1,<environment.Job instance at 0x7f4eb7ecb9b0>,87,14,[5 6],88,402,416,314,400
1,<environment.Job instance at 0x7f4eb7ecb460>,90,17,[8 1],91,416,433,325,406
1,<environment.Job instance at 0x7f4eb7ecba00>,96,14,[ 4 10],97,429,443,332,418
1,<environment.Job instance at 0x7f4eb7ecbdc0>,98,12,[8 5],99,433,445,334,418
1,<environment.Job instance at 0x7f4eb7ecbf50>,99,21,[9 2],100,445,466,345,437
1,<environment.Job instance at 0x7f4eb7eca5a0>,103,16,[6 3],104,443,459,339,437
1,<environment.Job instance at 0x7f4eb7eca870>,109,19,[7 4],110,466,485,356,456
1,<environment.Job instance at 0x7f4eb7ecae10>,113,22,[1 6],114,461,483,347,461
1,<environment.Job instance at 0x7f4eb7eca280>,115,22,[8 2],116,483,505,367,476
1,<environment.Job instance at 0x7f4eb7ec1cd0>,122,16,[10  3],123,505,521,382,492
1,<environment.Job instance at 0x7f4eb7ec16e0>,125,13,[6 4],126,492,505,366,492
1,<environment.Job instance at 0x7f4eb7ec1780>,126,14,[10  3],127,521,535,394,506
1,<environment.Job instance at 0x7f4eb7ec5cd0>,35,26,[ 3 12],36,509,535,473,509
1,<environment.Job instance at 0x7f4eb7ec1c80>,130,18,[10  4],131,535,553,404,524
1,<environment.Job instance at 0x7f4eb7ebd320>,131,13,[6 5],132,553,566,421,537
1,<environment.Job instance at 0x7f4eb7ebdf50>,133,14,[4 5],134,537,551,403,537
1,<environment.Job instance at 0x7f4eb8057fa0>,137,15,[9 5],138,553,568,415,539
1,<environment.Job instance at 0x7f4eb7e79a00>,139,17,[1 7],140,566,583,426,554
1,<environment.Job instance at 0x7f4eb7e79aa0>,140,15,[5 1],141,566,581,425,554
1,<environment.Job instance at 0x7f4eb7e83320>,141,18,[5 9],142,583,601,441,572
1,<environment.Job instance at 0x7f4eb7e83a00>,146,14,[5 9],147,601,615,454,586
1,<environment.Job instance at 0x7f4eb7e83460>,148,12,[2 5],149,586,598,437,586
1,<environment.Job instance at 0x7f4eb7e832d0>,149,16,[6 5],150,598,614,448,586
1,<environment.Job instance at 0x7f4eb85246e0>,156,18,[7 5],157,614,632,457,603
1,<environment.Job instance at 0x7f4eb85be910>,157,18,[5 9],158,615,633,457,604
1,<environment.Job instance at 0x7f4eb7fc1be0>,164,19,[9 4],165,632,651,467,622
1,<environment.Job instance at 0x7f4ec1efc0a0>,166,18,[6 4],167,633,651,466,622
1,<environment.Job instance at 0x7f4eb851ffa0>,171,16,[7 3],172,651,667,479,638
1,<environment.Job instance at 0x7f4eb851f460>,173,15,[ 3 10],174,651,666,477,638
1,<environment.Job instance at 0x7f4eb7fa20a0>,1,15,[6 3],2,2,17,0,2
1,<environment.Job instance at 0x7f4eb7d10f50>,3,18,[7 5],4,4,22,0,4
1,<environment.Job instance at 0x7f4eb7d14230>,10,17,[12  4],11,22,39,11,12
1,<environment.Job instance at 0x7f4eb7d143c0>,9,17,[5 9],10,39,56,29,27
1,<environment.Job instance at 0x7f4eb7d142d0>,11,26,[ 4 10],12,56,82,44,53
1,<environment.Job instance at 0x7f4eb7d14aa0>,20,20,[2 9],21,82,102,61,73
1,<environment.Job instance at 0x7f4eb7d14cd0>,23,14,[1 5],24,73,87,49,73
1,<environment.Job instance at 0x7f4eb7d14e10>,25,18,[1 7],26,102,120,76,91
1,<environment.Job instance at 0x7f4eb7d14a50>,28,15,[1 6],29,91,106,62,91
1,<environment.Job instance at 0x7f4eb7d14550>,17,12,[ 3 14],18,120,132,102,103
1,<environment.Job instance at 0x7f4eb7d170f0>,32,12,[14  4],33,106,118,73,103
1,<environment.Job instance at 0x7f4eb7d17410>,33,15,[7 4],34,132,147,98,118
1,<environment.Job instance at 0x7f4eb7d145f0>,12,20,[ 4 11],13,139,159,126,139
1,<environment.Job instance at 0x7f4eb7d140f0>,6,17,[10  3],7,147,164,140,142
1,<environment.Job instance at 0x7f4eb7d175f0>,36,13,[12  2],37,164,177,127,152
1,<environment.Job instance at 0x7f4eb7f160f0>,0,16,[11  2],1,177,193,176,166
1,<environment.Job instance at 0x7f4eb7d17730>,38,14,[11  2],39,193,207,154,178
1,<environment.Job instance at 0x7f4eb7d17550>,35,13,[1 7],36,179,192,143,179
1,<environment.Job instance at 0x7f4eb7d172d0>,31,20,[10  5],32,207,227,175,198
1,<environment.Job instance at 0x7f4eb7d179b0>,42,13,[5 5],43,207,220,164,198
1,<environment.Job instance at 0x7f4eb7d17c30>,46,14,[6 4],47,227,241,180,212
1,<environment.Job instance at 0x7f4eb7d1a050>,54,20,[3 8],55,233,253,178,233
1,<environment.Job instance at 0x7f4eb7d1a230>,55,17,[2 9],56,253,270,197,241
1,<environment.Job instance at 0x7f4eb7d1a2d0>,57,13,[6 2],58,247,260,189,247
1,<environment.Job instance at 0x7f4eb7d1a410>,59,19,[9 4],60,260,279,200,250
1,<environment.Job instance at 0x7f4eb7d1a550>,61,18,[6 1],62,270,288,208,264
1,<environment.Job instance at 0x7f4eb7d177d0>,39,24,[ 2 14],40,279,303,239,274
1,<environment.Job instance at 0x7f4eb7d1a9b0>,68,17,[7 1],69,288,305,219,282
1,<environment.Job instance at 0x7f4eb7d1ac30>,72,21,[6 4],73,303,324,230,295
1,<environment.Job instance at 0x7f4eb7d1ad20>,74,20,[10  4],75,324,344,249,315
1,<environment.Job instance at 0x7f4eb7d17870>,40,28,[2 7],41,318,346,277,318
1,<environment.Job instance at 0x7f4eb7d1c0f0>,79,17,[5 5],80,344,361,264,332
1,<environment.Job instance at 0x7f4eb7dd61e0>,81,15,[9 4],82,346,361,264,332
1,<environment.Job instance at 0x7f4eb7d1c050>,78,12,[11  4],79,361,373,282,344
1,<environment.Job instance at 0x7f4eb7d08e10>,89,16,[4 9],90,361,377,271,356
1,<environment.Job instance at 0x7f4eb7d08b40>,93,14,[6 5],94,373,387,279,358
1,<environment.Job instance at 0x7f4eb7d089b0>,95,15,[10  3],96,387,402,291,373
1,<environment.Job instance at 0x7f4eb7d08370>,98,13,[9 4],99,402,415,303,386
1,<environment.Job instance at 0x7f4eb7d08190>,101,15,[4 5],102,386,401,284,386
1,<environment.Job instance at 0x7f4eb7d080a0>,106,16,[4 5],107,401,417,294,399
1,<environment.Job instance at 0x7f4eb81176e0>,110,18,[7 3],111,415,433,304,404
1,<environment.Job instance at 0x7f4eb7e71e10>,111,16,[9 2],112,433,449,321,420
1,<environment.Job instance at 0x7f4eb8104dc0>,114,21,[6 5],115,421,442,306,421
1,<environment.Job instance at 0x7f4eb8104f50>,116,20,[3 6],117,442,462,325,433
1,<environment.Job instance at 0x7f4eb8104d70>,117,13,[9 4],118,449,462,331,433
1,<environment.Job instance at 0x7f4eb8104eb0>,119,15,[7 3],120,462,477,342,448
1,<environment.Job instance at 0x7f4eb92e5eb0>,120,17,[4 7],121,462,479,341,452
1,<environment.Job instance at 0x7f4eb92e5dc0>,121,17,[4 5],122,462,479,340,452
1,<environment.Job instance at 0x7f4eb8499fa0>,130,15,[6 3],131,477,492,346,463
1,<environment.Job instance at 0x7f4eb8493910>,131,15,[3 9],132,479,494,347,465
1,<environment.Job instance at 0x7f4eb849ad70>,142,14,[3 6],143,492,506,349,477
1,<environment.Job instance at 0x7f4eb811f0a0>,146,16,[5 8],147,494,510,347,481
1,<environment.Job instance at 0x7f4eb8101230>,153,17,[10  4],154,506,523,352,494
1,<environment.Job instance at 0x7f4eb81018c0>,154,14,[3 9],155,510,524,355,495
1,<environment.Job instance at 0x7f4eb8101460>,157,18,[10  3],158,523,541,365,512
1,<environment.Job instance at 0x7f4eb7d02eb0>,0,21,[5 2],1,1,22,0,1
1,<environment.Job instance at 0x7f4eb7d020a0>,1,23,[ 4 11],2,2,25,0,2
1,<environment.Job instance at 0x7f4eb8de2910>,5,12,[3 6],6,25,37,19,8
1,<environment.Job instance at 0x7f4eb8de2190>,7,13,[7 4],8,22,35,14,8
1,<environment.Job instance at 0x7f4eb8da77d0>,17,14,[2 6],18,35,49,17,20
1,<environment.Job instance at 0x7f4eb8da7320>,27,20,[3 7],28,37,57,9,28
1,<environment.Job instance at 0x7f4eb8da70f0>,30,18,[1 5],31,49,67,18,38
1,<environment.Job instance at 0x7f4eb8a8b3c0>,42,12,[8 4],43,57,69,14,49
1,<environment.Job instance at 0x7f4eb8a8bf00>,44,13,[5 4],45,57,70,12,49
1,<environment.Job instance at 0x7f4eb8a8b6e0>,45,14,[8 5],46,69,83,23,54
1,<environment.Job instance at 0x7f4eb8a8baa0>,48,15,[7 2],49,70,85,21,56
1,<environment.Job instance at 0x7f4eb8a8bc80>,51,16,[4 6],52,83,99,31,70
1,<environment.Job instance at 0x7f4eb8a5d500>,58,13,[5 3],59,85,98,26,70
1,<environment.Job instance at 0x7f4eb8a5d550>,61,16,[5 1],62,85,101,23,72
1,<environment.Job instance at 0x7f4eb8a5d960>,64,18,[2 8],65,98,116,33,87
1,<environment.Job instance at 0x7f4eb8a5db90>,69,17,[1 6],70,99,116,29,87
1,<environment.Job instance at 0x7f4eb8ab2690>,79,20,[3 8],80,116,136,36,107
1,<environment.Job instance at 0x7f4eb8ab20a0>,84,17,[10  5],85,116,133,31,107
1,<environment.Job instance at 0x7f4eb8a4f9b0>,94,13,[6 5],95,133,146,38,117
1,<environment.Job instance at 0x7f4eb8a4ff00>,101,17,[9 2],102,136,153,34,124
1,<environment.Job instance at 0x7f4eb8522050>,112,18,[9 3],113,153,171,40,142
1,<environment.Job instance at 0x7f4eb87da5f0>,130,13,[7 5],131,171,184,40,155
1,<environment.Job instance at 0x7f4eb882baa0>,134,15,[4 6],135,155,170,20,155
1,<environment.Job instance at 0x7f4eb8877be0>,137,17,[5 4],138,170,187,32,158
1,<environment.Job instance at 0x7f4eb8775690>,163,18,[1 8],164,184,202,20,173
1,<environment.Job instance at 0x7f4eb8775780>,164,13,[4 7],165,187,200,22,173
1,<environment.Job instance at 0x7f4eb8589190>,173,18,[5 8],174,202,220,28,191
1,<environment.Job instance at 0x7f4eb8589320>,178,20,[10  2],179,200,220,21,192
1,<environment.Job instance at 0x7f4eb93d3410>,3,14,[7 2],4,4,18,0,4
1,<environment.Job instance at 0x7f4eb93d3050>,5,14,[13  2],6,18,32,12,7
1,<environment.Job instance at 0x7f4eb7a2ae10>,13,14,[5 4],14,32,46,18,17
1,<environment.Job instance at 0x7f4eb7a2a500>,11,14,[3 8],12,32,46,20,25
1,<environment.Job instance at 0x7f4eb92c07d0>,18,21,[1 7],19,46,67,27,38
1,<environment.Job instance at 0x7f4eb92c0e10>,19,16,[9 2],20,46,62,26,39
1,<environment.Job instance at 0x7f4eb8a06910>,25,12,[6 4],26,62,74,36,45
1,<environment.Job instance at 0x7f4eb7a2aa50>,14,12,[ 3 12],15,74,86,59,57
1,<environment.Job instance at 0x7f4eb8a06eb0>,28,17,[9 2],29,67,84,38,58
1,<environment.Job instance at 0x7f4eb89dd320>,34,17,[3 9],35,86,103,51,74
1,<environment.Job instance at 0x7f4eb8dd7230>,41,17,[2 7],42,103,120,61,91
1,<environment.Job instance at 0x7f4eb8dd7aa0>,43,17,[8 3],44,91,108,47,91
1,<environment.Job instance at 0x7f4eb915e640>,48,18,[5 9],49,120,138,71,109
1,<environment.Job instance at 0x7f4eb915e690>,50,14,[7 4],51,109,123,58,109
1,<environment.Job instance at 0x7f4eb8915140>,57,21,[2 5],58,123,144,65,115
1,<environment.Job instance at 0x7f4eb8915c80>,58,19,[7 2],59,138,157,79,128
1,<environment.Job instance at 0x7f4eb93d30f0>,12,16,[6 5],13,138,154,125,128
1,<environment.Job instance at 0x7f4eb91b6550>,60,14,[2 7],61,144,158,83,136
1,<environment.Job instance at 0x7f4eb915ef50>,59,20,[3 9],60,158,178,98,150
1,<environment.Job instance at 0x7f4eb89a5320>,62,14,[5 5],63,154,168,91,150
1,<environment.Job instance at 0x7f4eb8e2f0f0>,65,16,[6 1],66,157,173,91,150
1,<environment.Job instance at 0x7f4eb91b6050>,68,18,[1 5],69,168,186,99,157
1,<environment.Job instance at 0x7f4eb8023050>,70,12,[6 3],71,178,190,107,161
1,<environment.Job instance at 0x7f4eb834c1e0>,71,16,[10  2],72,190,206,118,177
1,<environment.Job instance at 0x7f4eb89d55f0>,75,13,[9 5],76,206,219,130,190
1,<environment.Job instance at 0x7f4eb89d5eb0>,76,18,[6 2],77,206,224,129,195
1,<environment.Job instance at 0x7f4eb7eb9140>,78,13,[7 5],79,219,232,140,203
1,<environment.Job instance at 0x7f4eb87a9140>,81,15,[7 3],82,224,239,142,210
1,<environment.Job instance at 0x7f4eb8aef780>,85,14,[4 7],86,232,246,146,217
1,<environment.Job instance at 0x7f4eb8b46e10>,92,18,[5 4],93,239,257,146,228
1,<environment.Job instance at 0x7f4eb92f9050>,94,13,[1 6],95,246,259,151,230
1,<environment.Job instance at 0x7f4eb84fd0a0>,98,17,[7 4],99,246,263,147,238
1,<environment.Job instance at 0x7f4eb84fd9b0>,100,19,[6 2],101,257,276,156,247
1,<environment.Job instance at 0x7f4eb825d370>,105,16,[4 9],106,263,279,157,251
1,<environment.Job instance at 0x7f4eb87f98c0>,107,12,[4 5],108,276,288,168,259
1,<environment.Job instance at 0x7f4eb8a06aa0>,29,22,[ 3 14],30,288,310,258,281
1,<environment.Job instance at 0x7f4eb87f95f0>,109,22,[ 2 11],110,310,332,200,303
1,<environment.Job instance at 0x7f4eb87f9550>,108,21,[10  3],109,312,333,203,312
1,<environment.Job instance at 0x7f4eb87f9d70>,111,22,[1 8],112,332,354,220,325
1,<environment.Job instance at 0x7f4eb8587780>,114,12,[ 5 10],115,354,366,239,337
1,<environment.Job instance at 0x7f4eb8ad8500>,115,19,[7 5],116,337,356,221,337
1,<environment.Job instance at 0x7f4eb8587140>,116,16,[8 4],117,356,372,239,343
1,<environment.Job instance at 0x7f4eb8ad8aa0>,118,22,[5 7],119,366,388,247,359
1,<environment.Job instance at 0x7f4eb8ad8b90>,122,20,[5 8],123,372,392,249,363
1,<environment.Job instance at 0x7f4eb8d89a50>,127,14,[9 5],128,388,402,260,373
1,<environment.Job instance at 0x7f4eb8d89f50>,132,17,[6 4],133,392,409,259,380
1,<environment.Job instance at 0x7f4eb85904b0>,134,21,[ 3 10],135,402,423,267,394
1,<environment.Job instance at 0x7f4eb8590c30>,137,12,[5 1],138,402,414,264,394
1,<environment.Job instance at 0x7f4eb8590190>,138,21,[7 1],139,409,430,270,401
1,<environment.Job instance at 0x7f4eb8521e60>,142,21,[1 6],143,423,444,280,415
1,<environment.Job instance at 0x7f4eb8521550>,143,15,[8 1],144,430,445,286,416
1,<environment.Job instance at 0x7f4eb8521aa0>,144,14,[5 7],145,423,437,278,416
1,<environment.Job instance at 0x7f4eb87f9280>,110,16,[11  5],111,445,461,334,432
1,<environment.Job instance at 0x7f4eb8c3d780>,154,22,[11  1],155,461,483,306,454
1,<environment.Job instance at 0x7f4eb8c3d8c0>,155,20,[1 8],156,454,474,298,454
1,<environment.Job instance at 0x7f4eb8c3d320>,156,18,[5 4],157,483,501,326,472
1,<environment.Job instance at 0x7f4eb8e233c0>,157,17,[7 2],158,483,500,325,472
1,<environment.Job instance at 0x7f4eb8c3d370>,158,18,[ 4 10],159,500,518,341,490
1,<environment.Job instance at 0x7f4eb8e23910>,159,13,[7 2],160,501,514,341,490
1,<environment.Job instance at 0x7f4eb8e234b0>,160,14,[ 2 12],161,518,532,357,503
1,<environment.Job instance at 0x7f4eb8c3d500>,153,19,[10  1],154,514,533,360,504
1,<environment.Job instance at 0x7f4eb8e23460>,163,15,[10  5],164,533,548,369,519
1,<environment.Job instance at 0x7f4eb8e23dc0>,166,16,[4 7],167,532,548,365,519
1,<environment.Job instance at 0x7f4eb8e23d70>,171,14,[2 9],172,548,562,376,533
1,<environment.Job instance at 0x7f4eb8c441e0>,174,15,[3 5],175,548,563,373,534
1,<environment.Job instance at 0x7f4eb8eddf00>,61,24,[4 5],62,562,586,500,560
1,<environment.Job instance at 0x7f4eb93d3f00>,9,20,[5 6],10,563,583,553,560
1,<environment.Job instance at 0x7f4eb7ac33c0>,0,26,[13  5],1,600,626,599,600
1,<environment.Job instance at 0x7f4eb8af9460>,1,14,[5 7],2,2,16,0,2
1,<environment.Job instance at 0x7f4eb898f0a0>,2,16,[4 6],3,3,19,0,3
1,<environment.Job instance at 0x7f4eb829daf0>,3,13,[8 1],4,16,29,12,4
1,<environment.Job instance at 0x7f4eb7ac33c0>,5,16,[ 3 10],6,19,35,13,6
1,<environment.Job instance at 0x7f4eb9247aa0>,12,12,[2 5],13,29,41,16,19
1,<environment.Job instance at 0x7f4eb80c8e10>,11,19,[6 1],12,35,54,23,25
1,<environment.Job instance at 0x7f4eb8576780>,14,14,[ 1 11],15,41,55,26,27
1,<environment.Job instance at 0x7f4eb80cb370>,23,14,[10  4],24,54,68,30,39
1,<environment.Job instance at 0x7f4eb80cb1e0>,24,19,[4 7],25,55,74,30,52
1,<environment.Job instance at 0x7f4eb7f4daa0>,27,18,[1 9],28,74,92,46,63
1,<environment.Job instance at 0x7f4eb7f4dc30>,28,19,[3 6],29,68,87,39,63
1,<environment.Job instance at 0x7f4eb803ecd0>,32,18,[5 2],33,87,105,54,76
1,<environment.Job instance at 0x7f4eb80d0370>,33,16,[7 5],34,92,108,58,79
1,<environment.Job instance at 0x7f4eb8597af0>,39,16,[4 8],40,105,121,65,92
1,<environment.Job instance at 0x7f4eb7e5a870>,45,12,[3 5],46,92,104,46,92
1,<environment.Job instance at 0x7f4eb80d7140>,54,19,[5 2],55,108,127,53,98
1,<environment.Job instance at 0x7f4eb80bfd70>,66,17,[5 5],67,108,125,41,102
1,<environment.Job instance at 0x7f4eb80bfeb0>,68,14,[8 5],69,125,139,56,110
1,<environment.Job instance at 0x7f4eb8ab4a00>,72,14,[6 3],73,127,141,54,112
1,<environment.Job instance at 0x7f4eb8ab49b0>,76,16,[2 9],77,139,155,62,126
1,<environment.Job instance at 0x7f4eb8ab4e60>,82,18,[1 6],83,141,159,58,132
1,<environment.Job instance at 0x7f4eb8aa5280>,84,18,[9 3],85,155,173,70,144
1,<environment.Job instance at 0x7f4eb8aa53c0>,86,21,[5 6],87,155,176,68,154
1,<environment.Job instance at 0x7f4eb8aa5370>,87,19,[2 7],88,173,192,85,166
1,<environment.Job instance at 0x7f4eb8aa5550>,90,15,[5 6],91,176,191,85,166
1,<environment.Job instance at 0x7f4eb7f5da00>,18,26,[12  3],19,191,217,172,188
1,<environment.Job instance at 0x7f4eb8aa56e0>,92,14,[12  4],93,217,231,124,203
1,<environment.Job instance at 0x7f4eb8aa5820>,93,22,[6 2],94,231,253,137,224
1,<environment.Job instance at 0x7f4eb8aa59b0>,94,12,[12  1],95,253,265,158,236
1,<environment.Job instance at 0x7f4eb8aa5a50>,95,21,[12  3],96,265,286,169,257
1,<environment.Job instance at 0x7f4eb8aa5af0>,96,12,[ 5 13],97,286,298,189,269
1,<environment.Job instance at 0x7f4eb8aa5b90>,97,12,[11  4],98,298,310,200,281
1,<environment.Job instance at 0x7f4eb8aa5500>,91,21,[4 9],92,298,319,206,292
1,<environment.Job instance at 0x7f4eb8aa5d20>,99,20,[5 6],100,310,330,210,301
1,<environment.Job instance at 0x7f4eb8abe280>,107,20,[6 4],108,319,339,211,310
1,<environment.Job instance at 0x7f4eb8abe500>,110,17,[2 9],111,330,347,219,318
1,<environment.Job instance at 0x7f4eb8abe640>,113,15,[10  1],114,339,354,225,325
1,<environment.Job instance at 0x7f4eb8abe870>,115,12,[1 9],116,347,359,231,330
1,<environment.Job instance at 0x7f4eb8abe9b0>,117,13,[5 8],118,359,372,241,343
1,<environment.Job instance at 0x7f4eb8abea50>,118,18,[5 2],119,354,372,235,343
1,<environment.Job instance at 0x7f4eb8abedc0>,125,14,[3 9],126,372,386,246,357
1,<environment.Job instance at 0x7f4eb8abef00>,127,17,[4 7],128,386,403,258,374
1,<environment.Job instance at 0x7f4eb8a8d230>,129,19,[5 8],130,386,405,256,376
1,<environment.Job instance at 0x7f4eb8a8d2d0>,130,16,[ 1 10],131,405,421,274,392
1,<environment.Job instance at 0x7f4eb8a8d0f0>,133,13,[9 2],134,403,416,269,392
1,<environment.Job instance at 0x7f4eb8aa5c80>,98,15,[ 1 12],99,421,436,322,410
1,<environment.Job instance at 0x7f4eb8a8d690>,135,21,[11  3],136,416,437,280,413
1,<environment.Job instance at 0x7f4eb8a8d5f0>,134,21,[5 8],135,437,458,302,429
1,<environment.Job instance at 0x7f4eb8a8d7d0>,137,17,[ 1 10],138,458,475,320,446
1,<environment.Job instance at 0x7f4eb8a8d870>,138,16,[7 4],139,446,462,307,446
1,<environment.Job instance at 0x7f4eb8a8daf0>,142,15,[1 7],143,475,490,332,461
1,<environment.Job instance at 0x7f4eb8a8df50>,148,23,[1 6],149,475,498,326,469
1,<environment.Job instance at 0x7f4eb8a8d4b0>,150,13,[1 9],151,490,503,339,474
1,<environment.Job instance at 0x7f4eb8ac5190>,151,12,[5 2],152,474,486,322,474
1,<environment.Job instance at 0x7f4eb8ac5230>,152,18,[7 1],153,498,516,345,487
1,<environment.Job instance at 0x7f4eb8ac56e0>,158,16,[4 5],159,498,514,339,488
1,<environment.Job instance at 0x7f4eb8ac57d0>,160,17,[6 3],161,514,531,353,502
1,<environment.Job instance at 0x7f4eb8ac58c0>,161,20,[1 9],162,503,523,341,502
1,<environment.Job instance at 0x7f4eb8ac5910>,162,16,[9 3],163,523,539,360,510
1,<environment.Job instance at 0x7f4eb8ac5a50>,164,22,[6 3],165,531,553,366,524
1,<environment.Job instance at 0x7f4eb8ac5d20>,166,17,[4 7],167,539,556,372,527
1,<environment.Job instance at 0x7f4eb8ac5be0>,171,16,[2 7],172,553,569,381,540
1,<environment.Job instance at 0x7f4eb8ac8190>,173,21,[2 6],174,556,577,382,548
1,<environment.Job instance at 0x7f4eb8ac82d0>,175,16,[11  5],176,569,585,393,556
1,<environment.Job instance at 0x7f4eb8ac8140>,176,20,[2 9],177,577,597,400,568
1,<environment.Job instance at 0x7f4eb8a8d730>,136,24,[1 8],137,608,632,471,608
1,<environment.Job instance at 0x7f4eb9251190>,7,18,[8 3],8,622,640,614,622
1,<environment.Job instance at 0x7f4eb8d91e10>,0,22,[ 1 14],1,640,662,639,633
1,<environment.Job instance at 0x7f4eb8ac7190>,0,18,[3 9],1,1,19,0,1
1,<environment.Job instance at 0x7f4eb8d91e10>,2,23,[6 1],3,3,26,0,3
1,<environment.Job instance at 0x7f4eb8ac72d0>,1,14,[ 3 13],2,19,33,17,4
1,<environment.Job instance at 0x7f4eb7f92dc0>,4,12,[5 1],5,5,17,0,5
1,<environment.Job instance at 0x7f4eb7f92190>,9,12,[ 1 13],10,33,45,23,16
1,<environment.Job instance at 0x7f4eb7f92960>,7,14,[1 9],8,45,59,37,30
1,<environment.Job instance at 0x7f4eb7f92730>,11,18,[10  5],12,45,63,33,45
1,<environment.Job instance at 0x7f4eb7f92550>,12,12,[1 6],13,59,71,46,45
1,<environment.Job instance at 0x7f4eb7f926e0>,13,17,[5 5],14,63,80,49,52
1,<environment.Job instance at 0x7f4eb7f92a00>,16,19,[6 2],17,63,82,46,63
1,<environment.Job instance at 0x7f4eb82bc140>,19,14,[9 3],20,80,94,60,67
1,<environment.Job instance at 0x7f4eb82bc460>,21,13,[7 2],22,94,107,72,79
1,<environment.Job instance at 0x7f4eb82bc960>,22,12,[5 2],23,82,94,59,79
1,<environment.Job instance at 0x7f4eb82bce60>,23,15,[3 9],24,94,109,70,80
1,<environment.Job instance at 0x7f4eb82bc550>,26,15,[6 2],27,107,122,80,93
1,<environment.Job instance at 0x7f4eb7f928c0>,10,26,[ 2 10],11,109,135,98,106
1,<environment.Job instance at 0x7f4eb82bc8c0>,35,13,[8 4],36,122,135,86,107
1,<environment.Job instance at 0x7f4eb7f92cd0>,6,12,[4 8],7,135,147,128,120
1,<environment.Job instance at 0x7f4eb8383690>,38,19,[9 2],39,135,154,96,125
1,<environment.Job instance at 0x7f4eb8383780>,41,22,[5 2],42,147,169,105,140
1,<environment.Job instance at 0x7f4eb8383dc0>,43,20,[6 2],44,154,174,110,145
1,<environment.Job instance at 0x7f4eb8383e10>,45,15,[3 6],46,154,169,108,145
1,<environment.Job instance at 0x7f4eb8383d70>,48,14,[6 1],49,169,183,120,154
1,<environment.Job instance at 0x7f4eb83834b0>,51,18,[10  4],52,183,201,131,172
1,<environment.Job instance at 0x7f4eb8d94fa0>,53,15,[7 2],54,201,216,147,187
1,<environment.Job instance at 0x7f4eb8d94820>,59,21,[6 1],60,201,222,141,193
1,<environment.Job instance at 0x7f4eb8d94a00>,65,15,[6 5],66,216,231,150,202
1,<environment.Job instance at 0x7f4eb8d94eb0>,68,15,[ 2 10],69,222,237,153,208
1,<environment.Job instance at 0x7f4eb8d940f0>,70,17,[10  3],71,231,248,160,219
1,<environment.Job instance at 0x7f4eb7db6f50>,82,15,[4 7],83,237,252,154,223
1,<environment.Job instance at 0x7f4eb7db6410>,83,22,[3 5],84,248,270,164,241
1,<environment.Job instance at 0x7f4eb80ff780>,100,12,[9 5],101,252,264,151,241
1,<environment.Job instance at 0x7f4eb8565af0>,102,12,[9 4],103,264,276,161,247
1,<environment.Job instance at 0x7f4eb8ee9e10>,103,21,[1 8],104,270,291,166,262
1,<environment.Job instance at 0x7f4eb8c32410>,106,18,[10  3],107,276,294,169,265
1,<environment.Job instance at 0x7f4eb8087f00>,107,13,[3 7],108,291,304,183,275
1,<environment.Job instance at 0x7f4eb8087cd0>,108,20,[6 2],109,294,314,185,285
1,<environment.Job instance at 0x7f4eb8589280>,109,12,[10  2],110,314,326,204,297
1,<environment.Job instance at 0x7f4eb8d08d20>,116,12,[2 6],117,297,309,180,297
1,<environment.Job instance at 0x7f4eb93d8eb0>,120,18,[ 2 10],121,309,327,188,301
1,<environment.Job instance at 0x7f4eb85c0320>,122,13,[9 1],123,326,339,203,310
1,<environment.Job instance at 0x7f4eb84fd230>,123,20,[7 1],124,339,359,215,330
1,<environment.Job instance at 0x7f4eb93cff00>,125,13,[5 7],126,330,343,204,330
1,<environment.Job instance at 0x7f4eb88e9640>,130,12,[1 8],131,343,355,212,330
1,<environment.Job instance at 0x7f4eb88e9cd0>,131,14,[7 4],132,343,357,211,330
1,<environment.Job instance at 0x7f4eb88e94b0>,133,15,[2 7],134,357,372,223,343
1,<environment.Job instance at 0x7f4eb88e9d70>,134,16,[3 5],135,357,373,222,344
1,<environment.Job instance at 0x7f4eb90dde10>,139,15,[7 2],140,359,374,219,345
1,<environment.Job instance at 0x7f4eb817b9b0>,140,16,[10  4],141,374,390,233,361
1,<environment.Job instance at 0x7f4eb817ba00>,142,17,[3 9],143,373,390,230,361
1,<environment.Job instance at 0x7f4eb8f66c80>,148,17,[8 5],149,390,407,241,378
1,<environment.Job instance at 0x7f4eb82f46e0>,154,19,[5 2],155,390,409,235,380
1,<environment.Job instance at 0x7f4eb90a7320>,155,12,[3 7],156,407,419,251,390
1,<environment.Job instance at 0x7f4eb90a75f0>,156,13,[4 5],157,407,420,250,391
1,<environment.Job instance at 0x7f4ec1ae7c30>,158,19,[5 5],159,419,438,260,409
1,<environment.Job instance at 0x7f4ec1ae7dc0>,160,14,[9 2],161,420,434,259,409
1,<environment.Job instance at 0x7f4ec1ae7aa0>,161,15,[3 7],162,434,449,272,420
1,<environment.Job instance at 0x7f4eb83011e0>,164,18,[3 6],165,438,456,273,427
1,<environment.Job instance at 0x7f4eb83013c0>,165,20,[2 9],166,449,469,283,440
1,<environment.Job instance at 0x7f4eb8301230>,166,15,[4 9],167,469,484,302,455
1,<environment.Job instance at 0x7f4eb8301aa0>,167,15,[1 6],168,456,471,288,455
1,<environment.Job instance at 0x7f4eb8301c80>,168,22,[2 9],169,484,506,315,477
1,<environment.Job instance at 0x7f4eb8301f50>,171,16,[5 1],172,477,493,305,477
1,<environment.Job instance at 0x7f4eb90ae8c0>,172,15,[9 3],173,493,508,320,479
1,<environment.Job instance at 0x7f4eb8e17140>,5,16,[13  3],6,508,524,502,495
1,<environment.Job instance at 0x7f4eb7abc550>,0,12,[5 8],1,1,13,0,1
1,<environment.Job instance at 0x7f4eb8495a00>,4,21,[10  1],5,5,26,0,5
1,<environment.Job instance at 0x7f4eb8495460>,12,16,[ 5 10],13,13,29,0,13
1,<environment.Job instance at 0x7f4eb84955f0>,17,12,[10  2],18,26,38,8,18
1,<environment.Job instance at 0x7f4eb8495d70>,19,16,[3 6],20,29,45,9,20
1,<environment.Job instance at 0x7f4eb8495190>,20,15,[1 6],21,29,44,8,21
1,<environment.Job instance at 0x7f4eb84958c0>,24,13,[7 5],25,44,57,19,28
1,<environment.Job instance at 0x7f4eb7d6df00>,28,19,[3 5],29,45,64,16,35
1,<environment.Job instance at 0x7f4eb7d6d190>,30,14,[4 6],31,57,71,26,42
1,<environment.Job instance at 0x7f4eb7d6d500>,32,15,[9 2],33,64,79,31,50
1,<environment.Job instance at 0x7f4eb7d6d7d0>,33,16,[8 4],34,79,95,45,66
1,<environment.Job instance at 0x7f4eb7d6d1e0>,36,12,[ 2 10],37,71,83,34,66
1,<environment.Job instance at 0x7f4eb7d6d8c0>,41,17,[4 9],42,83,100,41,71
1,<environment.Job instance at 0x7f4eb7d6d370>,43,13,[7 4],44,95,108,51,79
1,<environment.Job instance at 0x7f4eb7a88cd0>,47,12,[ 4 10],48,100,112,52,83
1,<environment.Job instance at 0x7f4eb7a88050>,48,14,[4 9],49,112,126,63,97
1,<environment.Job instance at 0x7f4eb7a883c0>,52,19,[9 4],53,108,127,55,98
1,<environment.Job instance at 0x7f4eb7a88f50>,53,18,[4 7],54,126,144,72,115
1,<environment.Job instance at 0x7f4eb7a88be0>,59,18,[10  5],60,127,145,67,117
1,<environment.Job instance at 0x7f4eb7b30f50>,62,19,[5 7],63,144,163,81,134
1,<environment.Job instance at 0x7f4eb7b30230>,65,14,[3 5],66,145,159,79,134
1,<environment.Job instance at 0x7f4eb7b30d20>,70,12,[3 5],71,159,171,88,142
1,<environment.Job instance at 0x7f4eb7b30d70>,75,15,[7 1],76,146,161,70,146
1,<environment.Job instance at 0x7f4eb7b03af0>,76,16,[8 4],77,163,179,86,150
1,<environment.Job instance at 0x7f4eb7b03a00>,77,17,[5 5],78,171,188,93,159
1,<environment.Job instance at 0x7f4eb7b12410>,82,18,[2 5],83,163,181,80,159
1,<environment.Job instance at 0x7f4eb7b12500>,84,15,[2 5],85,179,194,94,165
1,<environment.Job instance at 0x7f4eb7b12d20>,85,15,[7 2],86,181,196,95,167
1,<environment.Job instance at 0x7f4eb7b12e10>,86,19,[10  4],87,196,215,109,186
1,<environment.Job instance at 0x7f4eb7b12280>,89,21,[1 9],90,194,215,104,186
1,<environment.Job instance at 0x7f4eb7b12780>,90,14,[2 9],91,215,229,124,200
1,<environment.Job instance at 0x7f4eb7b08af0>,98,19,[2 6],99,215,234,116,205
1,<environment.Job instance at 0x7f4eb7b08cd0>,100,18,[1 7],101,229,247,128,218
1,<environment.Job instance at 0x7f4eb7b08f00>,101,19,[4 6],102,234,253,132,224
1,<environment.Job instance at 0x7f4eb7b084b0>,103,17,[2 8],104,247,264,143,235
1,<environment.Job instance at 0x7f4eb7b08a00>,107,15,[9 5],108,253,268,145,239
1,<environment.Job instance at 0x7f4eb7b08d70>,108,14,[1 7],109,264,278,155,249
1,<environment.Job instance at 0x7f4eb7b08370>,109,19,[4 5],110,268,287,158,258
1,<environment.Job instance at 0x7f4eb7b08e10>,112,21,[2 8],113,278,299,165,270
1,<environment.Job instance at 0x7f4eb7b08dc0>,113,13,[9 1],114,270,283,156,270
1,<environment.Job instance at 0x7f4eb7d34910>,114,18,[3 9],115,299,317,184,288
1,<environment.Job instance at 0x7f4eb7d34780>,116,23,[1 5],117,288,311,171,288
1,<environment.Job instance at 0x7f4eb7d34a50>,118,22,[9 1],119,302,324,183,302
1,<environment.Job instance at 0x7f4eb7d346e0>,120,18,[8 2],121,324,342,203,313
1,<environment.Job instance at 0x7f4eb7d34690>,128,17,[6 1],129,317,334,188,313
1,<environment.Job instance at 0x7f4eb7d34c30>,130,15,[8 2],131,342,357,211,328
1,<environment.Job instance at 0x7f4eb7d34410>,133,18,[6 1],134,334,352,200,328
1,<environment.Job instance at 0x7f4eb7dfdfa0>,136,12,[3 5],137,352,364,215,335
1,<environment.Job instance at 0x7f4eb7acd050>,138,14,[6 1],139,357,371,218,342
1,<environment.Job instance at 0x7f4eb7acd960>,141,14,[6 5],142,357,371,215,342
1,<environment.Job instance at 0x7f4eb79da140>,142,18,[11  5],143,371,389,228,360
1,<environment.Job instance at 0x7f4eb81804b0>,143,21,[3 7],144,364,385,220,360
1,<environment.Job instance at 0x7f4eb802ff50>,147,16,[8 2],148,389,405,241,376
1,<environment.Job instance at 0x7f4eb8987410>,149,12,[7 5],150,389,401,239,376
1,<environment.Job instance at 0x7f4eb8c687d0>,150,16,[6 3],151,401,417,250,388
1,<environment.Job instance at 0x7f4eb89faf00>,153,19,[8 1],154,405,424,251,395
1,<environment.Job instance at 0x7f4eb8379e10>,156,15,[8 2],157,424,439,267,410
1,<environment.Job instance at 0x7f4eb8495320>,22,27,[ 1 13],23,417,444,394,415
1,<environment.Job instance at 0x7f4eb83a0b90>,157,20,[10  5],158,444,464,286,435
1,<environment.Job instance at 0x7f4eb79bb2d0>,161,22,[5 4],162,444,466,282,437
1,<environment.Job instance at 0x7f4eb8e4b960>,162,19,[7 5],163,464,483,301,454
1,<environment.Job instance at 0x7f4eb8e4bf00>,163,17,[ 4 10],164,466,483,302,454
1,<environment.Job instance at 0x7f4eb8da28c0>,168,15,[4 5],169,483,498,314,469
1,<environment.Job instance at 0x7f4eb820a9b0>,170,20,[9 5],171,483,503,312,476
1,<environment.Job instance at 0x7f4eb8dc25f0>,171,21,[9 3],172,503,524,331,495
1,<environment.Job instance at 0x7f4eb877beb0>,174,16,[3 6],175,498,514,323,495
1,<environment.Job instance at 0x7f4eb877b3c0>,178,13,[2 8],179,514,527,335,498
1,<environment.Job instance at 0x7f4eb8495dc0>,16,23,[4 7],17,524,547,507,521
1,<environment.Job instance at 0x7f4eb8495960>,14,22,[6 2],15,696,718,681,696
1,<environment.Job instance at 0x7f4eb7abc5f0>,1,20,[10  3],2,718,738,716,709
1,<environment.Job instance at 0x7f4eb89f1cd0>,0,15,[5 8],1,1,16,0,1
1,<environment.Job instance at 0x7f4eb8eca500>,3,23,[10  3],4,4,27,0,4
1,<environment.Job instance at 0x7f4eb8ecadc0>,8,14,[5 7],9,16,30,7,10
1,<environment.Job instance at 0x7f4eb8ecaf50>,9,15,[13  2],10,30,45,20,17
1,<environment.Job instance at 0x7f4eb8eca0a0>,13,17,[10  4],14,45,62,31,33
1,<environment.Job instance at 0x7f4eb8eca5f0>,14,21,[5 6],15,45,66,30,37
1,<environment.Job instance at 0x7f4eb8eca640>,16,23,[5 1],17,62,85,45,56
1,<environment.Job instance at 0x7f4eb8dd7690>,20,16,[8 1],21,66,82,45,56
1,<environment.Job instance at 0x7f4eb8dd7d20>,26,19,[4 7],27,82,101,55,72
1,<environment.Job instance at 0x7f4eb8dd7aa0>,29,17,[2 8],30,85,102,55,73
1,<environment.Job instance at 0x7f4eb8dd7870>,31,12,[10  3],32,101,113,69,84
1,<environment.Job instance at 0x7f4eb86d0280>,32,13,[5 1],33,102,115,69,86
1,<environment.Job instance at 0x7f4eb86d08c0>,34,13,[9 5],35,113,126,78,97
1,<environment.Job instance at 0x7f4eb85ae2d0>,37,18,[5 3],38,115,133,77,104
1,<environment.Job instance at 0x7f4eb85ae320>,38,15,[9 3],39,126,141,87,112
1,<environment.Job instance at 0x7f4eb85aee10>,39,20,[3 9],40,133,153,93,124
1,<environment.Job instance at 0x7f4eb85aefa0>,47,14,[1 8],48,153,167,105,138
1,<environment.Job instance at 0x7f4eb85ae050>,54,21,[1 9],55,167,188,112,159
1,<environment.Job instance at 0x7f4eb85047d0>,57,22,[9 3],58,159,181,101,159
1,<environment.Job instance at 0x7f4eb8504dc0>,59,12,[9 1],60,181,193,121,164
1,<environment.Job instance at 0x7f4eb8504b90>,63,14,[1 7],64,188,202,124,173
1,<environment.Job instance at 0x7f4eb8eca730>,12,12,[10  5],13,193,205,180,176
1,<environment.Job instance at 0x7f4eb7f63c80>,64,18,[5 9],65,202,220,137,191
1,<environment.Job instance at 0x7f4eb8ecaaf0>,7,15,[6 1],8,205,220,197,196
1,<environment.Job instance at 0x7f4eb7f63690>,67,15,[1 7],68,220,235,152,206
1,<environment.Job instance at 0x7f4eb7f63370>,71,15,[11  4],72,220,235,148,206
1,<environment.Job instance at 0x7f4eb7f635f0>,73,12,[5 9],74,235,247,161,218
1,<environment.Job instance at 0x7f4eb7f630a0>,77,20,[5 6],78,235,255,157,226
1,<environment.Job instance at 0x7f4eb7f639b0>,78,12,[4 7],79,247,259,168,230
1,<environment.Job instance at 0x7f4eb7f63280>,81,20,[5 8],82,255,275,173,246
1,<environment.Job instance at 0x7f4eb7f630f0>,82,21,[2 8],83,275,296,192,267
1,<environment.Job instance at 0x7f4eb8a161e0>,86,19,[2 8],87,296,315,209,286
1,<environment.Job instance at 0x7f4eb8a16910>,87,21,[3 8],88,315,336,227,307
1,<environment.Job instance at 0x7f4eb8a16140>,90,12,[2 5],91,307,319,216,307
1,<environment.Job instance at 0x7f4eb8a160f0>,91,13,[9 3],92,319,332,227,307
1,<environment.Job instance at 0x7f4eb8a16c30>,92,23,[5 2],93,332,355,239,326
1,<environment.Job instance at 0x7f4eb8a16320>,94,14,[8 5],95,336,350,241,326
1,<environment.Job instance at 0x7f4eb8a164b0>,97,13,[5 9],98,350,363,252,334
1,<environment.Job instance at 0x7f4eb8f1eb90>,100,13,[5 1],101,350,363,249,343
1,<environment.Job instance at 0x7f4eb8f1ea50>,104,21,[8 5],105,363,384,258,355
1,<environment.Job instance at 0x7f4eb8f1e5f0>,105,18,[1 8],106,363,381,257,355
1,<environment.Job instance at 0x7f4eb8f1e730>,109,13,[6 2],110,363,376,253,355
1,<environment.Job instance at 0x7f4eb8f1e1e0>,110,21,[2 5],111,381,402,270,373
1,<environment.Job instance at 0x7f4eb8f1efa0>,113,18,[6 3],114,384,402,270,373
1,<environment.Job instance at 0x7f4eb8f1ee60>,114,23,[7 4],115,384,407,269,378
1,<environment.Job instance at 0x7f4eb8f1ebe0>,115,23,[5 6],116,402,425,286,396
1,<environment.Job instance at 0x7f4eb8f1e4b0>,116,16,[2 6],117,407,423,290,396
1,<environment.Job instance at 0x7f4eb8f1e500>,118,17,[5 5],119,423,440,304,411
1,<environment.Job instance at 0x7f4eb8f1eeb0>,119,12,[5 6],120,425,437,305,411
1,<environment.Job instance at 0x7f4eb91c3aa0>,121,18,[9 5],122,437,455,315,426
1,<environment.Job instance at 0x7f4eb91c3870>,122,17,[5 1],123,440,457,317,428
1,<environment.Job instance at 0x7f4eb91c3e10>,124,15,[9 5],125,455,470,330,441
1,<environment.Job instance at 0x7f4eb91c3550>,125,20,[4 6],126,457,477,331,448
1,<environment.Job instance at 0x7f4eb91c3730>,127,14,[3 8],128,470,484,342,455
1,<environment.Job instance at 0x7f4eb85045f0>,65,18,[12  1],66,477,495,411,467
1,<environment.Job instance at 0x7f4eb8eca4b0>,1,17,[9 2],2,495,512,493,483
1,<environment.Job instance at 0x7f4eb8baf910>,133,17,[5 7],134,495,512,361,492
1,<environment.Job instance at 0x7f4eb8baf370>,136,19,[10  3],137,512,531,375,507
1,<environment.Job instance at 0x7f4eb7c85fa0>,148,14,[8 5],149,531,545,382,516
1,<environment.Job instance at 0x7f4eb886ec30>,156,13,[7 3],157,531,544,374,516
1,<environment.Job instance at 0x7f4eb7c6bd70>,176,17,[7 5],177,544,561,367,532
1,<environment.Job instance at 0x7f4eb7db2410>,129,28,[6 5],130,546,574,416,546
1,<environment.Job instance at 0x7f4eb7c6bcd0>,178,15,[8 2],179,561,576,382,549
1,<environment.Job instance at 0x7f4eb92b8af0>,177,14,[10  5],178,576,590,398,561
1,<environment.Job instance at 0x7f4eb8eca820>,5,22,[4 9],6,650,672,644,650
1,<environment.Job instance at 0x7f4eb8b928c0>,130,16,[14  5],131,7309,7325,7178,7309
1,<environment.Job instance at 0x7f4eb8f570a0>,0,27,[ 4 10],1,1,28,0,1
1,<environment.Job instance at 0x7f4eb800e690>,6,13,[11  3],7,7,20,0,7
1,<environment.Job instance at 0x7f4eb87647d0>,11,12,[ 5 13],12,28,40,16,12
1,<environment.Job instance at 0x7f4eb86f1230>,9,13,[6 2],10,24,37,14,24
1,<environment.Job instance at 0x7f4eb8764eb0>,15,15,[7 3],16,40,55,24,27
1,<environment.Job instance at 0x7f4eb8764820>,12,28,[13  2],13,55,83,42,54
1,<environment.Job instance at 0x7f4eb7e180a0>,17,16,[2 7],18,54,70,36,54
1,<environment.Job instance at 0x7f4eb7e18050>,18,18,[3 9],19,83,101,64,72
1,<environment.Job instance at 0x7f4eb7e184b0>,19,26,[ 5 12],20,101,127,81,98
1,<environment.Job instance at 0x7f4eb7e18820>,24,18,[5 3],25,98,116,73,98
1,<environment.Job instance at 0x7f4eb7e18d20>,32,18,[5 2],33,116,134,83,106
1,<environment.Job instance at 0x7f4eb8737460>,43,15,[8 1],44,127,142,83,115
1,<environment.Job instance at 0x7f4eb8737960>,51,16,[4 7],52,134,150,82,122
1,<environment.Job instance at 0x7f4eb8737e10>,56,15,[7 3],57,142,157,85,130
1,<environment.Job instance at 0x7f4eb7e18370>,20,26,[10  2],21,157,183,136,154
1,<environment.Job instance at 0x7f4eb8737c30>,60,21,[7 3],61,183,204,122,175
1,<environment.Job instance at 0x7f4eb7a16370>,64,19,[5 1],65,194,213,129,194
1,<environment.Job instance at 0x7f4eb7a165f0>,68,13,[8 2],69,204,217,135,204
1,<environment.Job instance at 0x7f4eb7a167d0>,71,15,[3 5],72,213,228,141,204
1,<environment.Job instance at 0x7f4eb7a16910>,72,13,[6 5],73,217,230,144,205
1,<environment.Job instance at 0x7f4eb7a16190>,61,23,[9 5],62,228,251,166,222
1,<environment.Job instance at 0x7f4eb7a16aa0>,75,26,[ 5 10],76,230,256,154,227
1,<environment.Job instance at 0x7f4eb7a16b40>,76,27,[ 2 13],77,256,283,179,254
1,<environment.Job instance at 0x7f4eb7a16be0>,77,20,[2 6],78,283,303,205,274
1,<environment.Job instance at 0x7f4eb7a16c80>,78,26,[14  2],79,303,329,224,300
1,<environment.Job instance at 0x7f4eb7a16d20>,79,27,[ 1 10],80,303,330,223,301
1,<environment.Job instance at 0x7f4eb7a16dc0>,80,13,[12  2],81,329,342,248,313
1,<environment.Job instance at 0x7f4eb7a16e60>,81,15,[4 7],82,342,357,260,328
1,<environment.Job instance at 0x7f4eb7a16a00>,74,20,[10  4],75,342,362,267,339
1,<environment.Job instance at 0x7f4eb8764910>,10,26,[12  5],11,362,388,351,359
1,<environment.Job instance at 0x7f4eb7a16050>,84,26,[14  4],85,388,414,303,385
1,<environment.Job instance at 0x7f4eb8764280>,8,24,[1 7],9,391,415,382,391
1,<environment.Job instance at 0x7f4eb7a160a0>,83,15,[ 5 10],84,415,430,331,402
1,<environment.Job instance at 0x7f4eb7a27320>,88,16,[7 5],89,414,430,325,402
1,<environment.Job instance at 0x7f4eb7a27500>,91,12,[4 7],92,430,442,338,413
1,<environment.Job instance at 0x7f4eb7a275a0>,92,18,[10  4],93,430,448,337,419
1,<environment.Job instance at 0x7f4eb7a27780>,95,12,[4 9],96,442,454,346,425
1,<environment.Job instance at 0x7f4eb7a279b0>,98,14,[1 9],99,454,468,355,439
1,<environment.Job instance at 0x7f4eb7a27b90>,100,15,[9 4],101,448,463,347,439
1,<environment.Job instance at 0x7f4eb80d8d20>,103,13,[1 6],104,463,476,359,447
1,<environment.Job instance at 0x7f4eb816abe0>,104,12,[10  3],105,468,480,363,451
1,<environment.Job instance at 0x7f4eb816ae60>,105,17,[1 6],106,468,485,362,456
1,<environment.Job instance at 0x7f4eb816ad70>,107,21,[2 8],108,480,501,372,473
1,<environment.Job instance at 0x7f4eb816a3c0>,110,19,[10  1],111,480,499,369,473
1,<environment.Job instance at 0x7f4eb816a8c0>,112,18,[1 5],113,485,503,372,474
1,<environment.Job instance at 0x7f4eb8687190>,113,21,[9 2],114,499,520,385,491
1,<environment.Job instance at 0x7f4eb89a5be0>,117,18,[8 1],118,520,538,402,509
1,<environment.Job instance at 0x7f4eb8138230>,119,20,[7 3],120,520,540,400,511
1,<environment.Job instance at 0x7f4eb7a10320>,124,18,[3 8],125,538,556,413,527
1,<environment.Job instance at 0x7f4eb882e640>,125,22,[3 6],126,540,562,414,533
1,<environment.Job instance at 0x7f4eb91c0320>,129,17,[6 2],130,556,573,426,544
1,<environment.Job instance at 0x7f4eb7f71140>,130,15,[2 6],131,556,571,425,544
1,<environment.Job instance at 0x7f4eb91afdc0>,131,12,[6 3],132,562,574,430,545
1,<environment.Job instance at 0x7f4eb91d3370>,134,17,[7 1],135,573,590,438,561
1,<environment.Job instance at 0x7f4eb91c7f50>,137,17,[9 2],138,590,607,452,578
1,<environment.Job instance at 0x7f4eb91c73c0>,139,18,[1 6],140,578,596,438,578
1,<environment.Job instance at 0x7f4eb91aed70>,142,16,[4 6],143,578,594,435,578
1,<environment.Job instance at 0x7f4eb7a169b0>,85,17,[ 3 10],86,596,613,510,587
1,<environment.Job instance at 0x7f4eb8e3d500>,148,14,[ 4 13],149,613,627,464,598
1,<environment.Job instance at 0x7f4eb7a271e0>,86,21,[9 1],87,608,629,521,608
1,<environment.Job instance at 0x7f4eb8e3d6e0>,151,12,[4 5],152,627,639,475,610
1,<environment.Job instance at 0x7f4eb8bb75a0>,158,14,[1 7],159,627,641,468,614
1,<environment.Job instance at 0x7f4eb8e3d780>,149,18,[ 3 14],150,641,659,491,630
1,<environment.Job instance at 0x7f4eb8bb7af0>,160,27,[ 1 12],161,659,686,498,657
1,<environment.Job instance at 0x7f4eb8bb7050>,159,15,[5 9],160,686,701,526,672
1,<environment.Job instance at 0x7f4eb8e21c30>,162,22,[1 6],163,686,708,523,686
1,<environment.Job instance at 0x7f4eb8e21140>,164,19,[5 3],165,701,720,536,691
1,<environment.Job instance at 0x7f4eb8e211e0>,161,16,[4 8],162,708,724,546,695
1,<environment.Job instance at 0x7f4eb8e21280>,167,14,[5 6],168,720,734,552,705
1,<environment.Job instance at 0x7f4eb8e21730>,168,18,[13  2],169,734,752,565,723
1,<environment.Job instance at 0x7f4eb8e212d0>,169,24,[11  3],170,752,776,582,747
1,<environment.Job instance at 0x7f4eb8e215a0>,170,13,[4 8],171,752,765,581,747
1,<environment.Job instance at 0x7f4eb8e21a50>,171,12,[ 5 12],172,776,788,604,759
1,<environment.Job instance at 0x7f4eb8e21190>,172,28,[4 5],173,788,816,615,787
1,<environment.Job instance at 0x7f4eb8e1f960>,173,13,[4 6],174,788,801,614,787
1,<environment.Job instance at 0x7f4eb8e1f820>,174,28,[9 1],175,801,829,626,800
1,<environment.Job instance at 0x7f4eb8e1fe60>,175,28,[5 5],176,816,844,640,815
1,<environment.Job instance at 0x7f4eb8e1ffa0>,176,13,[2 7],177,829,842,652,815
1,<environment.Job instance at 0x7f4eb8e1f8c0>,177,14,[9 3],178,842,856,664,827
1,<environment.Job instance at 0x7f4eb8e1fd20>,178,24,[5 3],179,844,868,665,839
1,<environment.Job instance at 0x7f4eb8e3d8c0>,152,15,[11  5],153,868,883,715,854
1,<environment.Job instance at 0x7f4eb8e21320>,166,15,[ 5 10],167,883,898,716,870
1,<environment.Job instance at 0x7f4eb8d65550>,1,27,[9 3],2,885,912,883,885
1,<environment.Job instance at 0x7f4eb9149fa0>,0,12,[9 4],1,1,13,0,1
1,<environment.Job instance at 0x7f4eb85dcaf0>,2,25,[2 6],3,3,28,0,3
1,<environment.Job instance at 0x7f4eb92b8640>,3,15,[11  2],4,13,28,9,4
1,<environment.Job instance at 0x7f4eb7e48460>,10,14,[4 9],11,28,42,17,13
1,<environment.Job instance at 0x7f4eb7e482d0>,16,18,[8 2],17,28,46,11,17
1,<environment.Job instance at 0x7f4eb79d6820>,18,17,[5 4],19,42,59,23,30
1,<environment.Job instance at 0x7f4eb79d6320>,21,21,[3 7],22,46,67,24,38
1,<environment.Job instance at 0x7f4eb79d65a0>,23,18,[10  1],24,59,77,35,48
1,<environment.Job instance at 0x7f4eb79d6cd0>,24,12,[3 7],25,67,79,42,50
1,<environment.Job instance at 0x7f4eb79d66e0>,26,15,[ 4 10],27,79,94,52,65
1,<environment.Job instance at 0x7f4eb8c15a50>,31,13,[7 1],32,77,90,45,65
1,<environment.Job instance at 0x7f4eb8c154b0>,35,19,[10  3],36,90,109,54,80
1,<environment.Job instance at 0x7f4eb8c15f00>,37,16,[4 6],38,94,110,56,81
1,<environment.Job instance at 0x7f4eb8c15960>,41,15,[6 3],42,109,124,67,95
1,<environment.Job instance at 0x7f4eb7e484b0>,9,17,[ 3 14],10,124,141,114,112
1,<environment.Job instance at 0x7f4eb7c93fa0>,45,21,[13  1],46,141,162,95,133
1,<environment.Job instance at 0x7f4eb7c934b0>,46,25,[ 4 13],47,162,187,115,158
1,<environment.Job instance at 0x7f4eb7c93550>,47,21,[3 5],48,187,208,139,179
1,<environment.Job instance at 0x7f4eb8eba5f0>,6,15,[5 7],7,187,202,180,179
1,<environment.Job instance at 0x7f4eb7c93c30>,44,22,[10  4],45,202,224,157,195
1,<environment.Job instance at 0x7f4eb7c93780>,52,19,[6 2],53,224,243,171,214
1,<environment.Job instance at 0x7f4eb7b6a0f0>,56,13,[3 8],57,214,227,157,214
1,<environment.Job instance at 0x7f4eb7b6a2d0>,59,13,[2 6],60,227,240,167,214
1,<environment.Job instance at 0x7f4eb7b6a780>,60,17,[6 4],61,224,241,163,214
1,<environment.Job instance at 0x7f4eb7b6a910>,61,28,[2 5],62,240,268,178,239
1,<environment.Job instance at 0x7f4eb7b6a6e0>,66,20,[2 5],67,241,261,174,239
1,<environment.Job instance at 0x7f4eb7b6a4b0>,67,13,[1 5],68,243,256,175,239
1,<environment.Job instance at 0x7f4eb7b99190>,68,21,[7 5],69,256,277,187,248
1,<environment.Job instance at 0x7f4eb7b99a00>,69,15,[3 8],70,268,283,198,254
1,<environment.Job instance at 0x7f4eb7b99b90>,71,16,[8 4],72,277,293,205,264
1,<environment.Job instance at 0x7f4eb7b998c0>,72,12,[6 4],73,283,295,210,266
1,<environment.Job instance at 0x7f4eb7b99f50>,76,25,[1 6],77,283,308,206,279
1,<environment.Job instance at 0x7f4eb8144460>,80,14,[11  3],81,295,309,214,280
1,<environment.Job instance at 0x7f4eb81445f0>,82,14,[6 5],83,309,323,226,294
1,<environment.Job instance at 0x7f4eb8b5ac30>,86,17,[1 5],87,294,311,207,294
1,<environment.Job instance at 0x7f4eb8b5afa0>,89,23,[3 7],90,311,334,221,305
1,<environment.Job instance at 0x7f4eb8b5a1e0>,91,16,[2 8],92,323,339,231,310
1,<environment.Job instance at 0x7f4eb8b5a460>,92,23,[8 4],93,334,357,241,328
1,<environment.Job instance at 0x7f4eb8b5ae10>,94,22,[8 3],95,357,379,262,350
1,<environment.Job instance at 0x7f4eb8b5a230>,97,19,[3 6],98,350,369,252,350
1,<environment.Job instance at 0x7f4eb939f870>,107,15,[10  2],108,379,394,271,365
1,<environment.Job instance at 0x7f4eb939f960>,112,15,[3 8],113,369,384,256,365
1,<environment.Job instance at 0x7f4eb939f0a0>,116,13,[2 8],117,384,397,267,368
1,<environment.Job instance at 0x7f4eb939f730>,119,14,[1 5],120,379,393,259,372
1,<environment.Job instance at 0x7f4eb939feb0>,120,19,[5 2],121,394,413,273,384
1,<environment.Job instance at 0x7f4eb939fe60>,126,20,[5 1],127,394,414,267,385
1,<environment.Job instance at 0x7f4eb939fcd0>,127,24,[6 2],128,413,437,285,408
1,<environment.Job instance at 0x7f4eb939f690>,128,23,[7 4],129,414,437,285,408
1,<environment.Job instance at 0x7f4eb939faa0>,129,23,[2 8],130,409,432,279,409
1,<environment.Job instance at 0x7f4eb7b45fa0>,133,22,[5 5],134,437,459,303,430
1,<environment.Job instance at 0x7f4eb7b451e0>,137,12,[2 6],138,432,444,294,430
1,<environment.Job instance at 0x7f4eb7b45cd0>,143,16,[5 6],144,444,460,300,431
1,<environment.Job instance at 0x7f4ec1eff5f0>,156,12,[8 2],157,459,471,302,442
1,<environment.Job instance at 0x7f4eb8202320>,157,21,[3 6],158,460,481,302,452
1,<environment.Job instance at 0x7f4eb8b81dc0>,158,26,[1 6],159,459,485,300,456
1,<environment.Job instance at 0x7f4eb8a6aa00>,160,12,[10  3],161,471,483,310,456
1,<environment.Job instance at 0x7f4eb8606910>,161,16,[1 6],162,481,497,319,468
1,<environment.Job instance at 0x7f4eb8c238c0>,162,18,[9 1],163,483,501,320,472
1,<environment.Job instance at 0x7f4ec1f09eb0>,163,18,[10  1],164,501,519,337,490
1,<environment.Job instance at 0x7f4eb854cc80>,167,21,[6 2],168,519,540,351,511
1,<environment.Job instance at 0x7f4eb9149640>,1,19,[12  3],2,540,559,538,534
1,<environment.Job instance at 0x7f4eb8d85280>,1,12,[ 3 11],2,2,14,0,2
1,<environment.Job instance at 0x7f4eb8626fa0>,3,14,[10  5],4,14,28,10,4
1,<environment.Job instance at 0x7f4ec1f041e0>,9,14,[6 5],10,28,42,18,13
1,<environment.Job instance at 0x7f4ec1f04370>,12,20,[8 4],13,28,48,15,21
1,<environment.Job instance at 0x7f4ec1909230>,16,18,[1 8],17,42,60,25,31
1,<environment.Job instance at 0x7f4ec1909460>,19,18,[8 3],20,48,66,28,37
1,<environment.Job instance at 0x7f4ec1909af0>,22,17,[6 1],23,42,59,19,37
1,<environment.Job instance at 0x7f4ec19090f0>,26,21,[2 6],27,60,81,33,52
1,<environment.Job instance at 0x7f4ec19093c0>,28,21,[1 6],29,60,81,31,52
1,<environment.Job instance at 0x7f4eb8d7cd20>,44,19,[7 2],45,66,85,21,56
1,<environment.Job instance at 0x7f4eb8d7cbe0>,45,13,[5 4],46,81,94,35,65
1,<environment.Job instance at 0x7f4eb8bc0690>,51,15,[5 6],52,85,100,33,71
1,<environment.Job instance at 0x7f4eb8bc00f0>,53,19,[1 7],54,94,113,40,84
1,<environment.Job instance at 0x7f4eb8154820>,56,18,[5 3],57,100,118,43,89
1,<environment.Job instance at 0x7f4eb8154af0>,57,14,[7 5],58,100,114,42,89
1,<environment.Job instance at 0x7f4eb907ca50>,73,16,[7 3],74,114,130,40,101
1,<environment.Job instance at 0x7f4eb83f8eb0>,75,17,[8 3],76,118,135,42,106
1,<environment.Job instance at 0x7f4eb7d1f690>,78,14,[5 6],79,130,144,51,115
1,<environment.Job instance at 0x7f4eb8f6ef00>,79,21,[5 8],80,135,156,55,127
1,<environment.Job instance at 0x7f4eb86264b0>,6,13,[14  1],7,156,169,149,140
1,<environment.Job instance at 0x7f4ec191f9b0>,84,20,[3 9],85,169,189,84,160
1,<environment.Job instance at 0x7f4eb8927320>,92,16,[ 2 10],93,189,205,96,176
1,<environment.Job instance at 0x7f4eb8202f00>,95,16,[ 5 10],96,205,221,109,192
1,<environment.Job instance at 0x7f4eb7ee1190>,96,13,[10  3],97,192,205,95,192
1,<environment.Job instance at 0x7f4eb7f5d550>,97,18,[10  5],98,205,223,107,194
1,<environment.Job instance at 0x7f4eb8072050>,104,12,[6 1],105,223,235,118,206
1,<environment.Job instance at 0x7f4eb8072280>,105,12,[1 8],106,221,233,115,206
1,<environment.Job instance at 0x7f4eb80720a0>,106,14,[6 4],107,223,237,116,208
1,<environment.Job instance at 0x7f4eb8072a00>,107,14,[3 7],108,233,247,125,218
1,<environment.Job instance at 0x7f4eb8072690>,109,15,[2 8],110,237,252,127,223
1,<environment.Job instance at 0x7f4eb8072b40>,111,12,[7 5],112,247,259,135,230
1,<environment.Job instance at 0x7f4eb80726e0>,113,16,[5 3],114,252,268,138,239
1,<environment.Job instance at 0x7f4eb8072820>,118,16,[5 9],119,259,275,140,246
1,<environment.Job instance at 0x7f4eb8072410>,120,19,[ 4 10],121,275,294,154,265
1,<environment.Job instance at 0x7f4eb93e6370>,125,16,[4 6],126,294,310,168,281
1,<environment.Job instance at 0x7f4eb90eacd0>,130,17,[10  2],131,281,298,150,281
1,<environment.Job instance at 0x7f4eb7fa25f0>,133,18,[3 8],134,298,316,164,287
1,<environment.Job instance at 0x7f4eb7fa2050>,134,22,[7 4],135,310,332,175,303
1,<environment.Job instance at 0x7f4eb8c68c80>,143,21,[9 3],144,332,353,188,324
1,<environment.Job instance at 0x7f4eb8c68aa0>,148,19,[3 9],149,324,343,175,324
1,<environment.Job instance at 0x7f4eb8c68780>,153,22,[1 7],154,343,365,189,336
1,<environment.Job instance at 0x7f4eb8c680a0>,156,12,[3 8],157,353,365,196,336
1,<environment.Job instance at 0x7f4eb829d9b0>,160,17,[1 6],161,365,382,204,353
1,<environment.Job instance at 0x7f4eb829daa0>,161,13,[5 2],162,365,378,203,353
1,<environment.Job instance at 0x7f4eb829d320>,163,16,[9 1],164,365,381,201,353
1,<environment.Job instance at 0x7f4eb82f6820>,168,18,[6 3],169,381,399,212,370
1,<environment.Job instance at 0x7f4eb82f6eb0>,171,22,[1 7],172,382,404,210,375
1,<environment.Job instance at 0x7f4eb82f6870>,172,16,[6 2],173,381,397,208,375
1,<environment.Job instance at 0x7f4eb82f6050>,174,22,[6 3],175,397,419,222,390
1,<environment.Job instance at 0x7f4eb82f6d70>,177,12,[8 4],178,399,411,221,390
1,<environment.Job instance at 0x7f4eb91bee60>,85,15,[ 2 13],86,440,455,354,440
1,<environment.Job instance at 0x7f4eb8d85c30>,0,19,[6 4],1,455,474,454,445
1,<environment.Job instance at 0x7f4eb8626190>,4,19,[10  1],5,1969,1988,1964,1969
1,<environment.Job instance at 0x7f4eb7a7adc0>,4,15,[1 6],5,5,20,0,5
1,<environment.Job instance at 0x7f4eb7a7af00>,5,14,[10  1],6,6,20,0,6
1,<environment.Job instance at 0x7f4eb7a90050>,7,17,[1 9],8,20,37,12,8
1,<environment.Job instance at 0x7f4eb7a90320>,8,17,[7 2],9,20,37,11,9
1,<environment.Job instance at 0x7f4eb7a90410>,9,22,[5 1],10,20,42,10,14
1,<environment.Job instance at 0x7f4eb7a90550>,11,18,[6 3],12,37,55,25,26
1,<environment.Job instance at 0x7f4eb7a90870>,16,13,[5 5],17,42,55,25,26
1,<environment.Job instance at 0x7f4eb7a90640>,14,19,[3 8],15,55,74,40,45
1,<environment.Job instance at 0x7f4eb7ab21e0>,29,16,[2 7],30,50,66,20,50
1,<environment.Job instance at 0x7f4eb7ab2280>,30,16,[6 5],31,66,82,35,53
1,<environment.Job instance at 0x7f4eb85b5d20>,0,23,[ 5 14],1,82,105,81,76
1,<environment.Job instance at 0x7f4eb7ab2820>,39,18,[9 1],40,76,94,36,76
1,<environment.Job instance at 0x7f4eb7ab28c0>,40,13,[ 1 14],41,105,118,64,89
1,<environment.Job instance at 0x7f4eb7ab2140>,41,23,[5 6],42,118,141,76,112
1,<environment.Job instance at 0x7f4eb7ab2a00>,42,24,[ 4 14],43,141,165,98,136
1,<environment.Job instance at 0x7f4eb7ab2aa0>,43,12,[ 4 14],44,165,177,121,148
1,<environment.Job instance at 0x7f4eb7a90690>,28,23,[13  4],29,177,200,148,171
1,<environment.Job instance at 0x7f4eb7ab2b90>,45,18,[ 3 12],46,200,218,154,189
1,<environment.Job instance at 0x7f4eb7ab2a50>,46,14,[12  1],47,200,214,153,189
1,<environment.Job instance at 0x7f4eb7ab2eb0>,49,24,[5 2],50,214,238,164,210
1,<environment.Job instance at 0x7f4eb7ab2e60>,50,18,[ 4 12],51,218,236,167,210
1,<environment.Job instance at 0x7f4eb7ab2780>,38,21,[9 1],39,236,257,197,230
1,<environment.Job instance at 0x7f4eb7aa13c0>,55,20,[8 4],56,257,277,201,249
1,<environment.Job instance at 0x7f4eb7a90500>,13,24,[14  4],14,277,301,263,272
1,<environment.Job instance at 0x7f4eb7aa1500>,57,28,[ 3 13],58,301,329,243,300
1,<environment.Job instance at 0x7f4eb7aa15a0>,58,25,[5 8],59,329,354,270,325
1,<environment.Job instance at 0x7f4eb7aa1460>,56,22,[10  2],57,326,348,269,326
1,<environment.Job instance at 0x7f4eb7aa1780>,61,18,[11  4],62,354,372,292,343
1,<environment.Job instance at 0x7f4eb7aa1be0>,68,15,[11  5],69,372,387,303,358
1,<environment.Job instance at 0x7f4eb7aa1dc0>,71,18,[ 4 10],72,358,376,286,358
1,<environment.Job instance at 0x7f4eb7aa1e60>,72,15,[3 5],73,376,391,303,362
1,<environment.Job instance at 0x7f4eb7aab500>,81,20,[8 5],82,387,407,305,378
1,<environment.Job instance at 0x7f4eb7aab5a0>,82,17,[3 5],83,387,404,304,378
1,<environment.Job instance at 0x7f4eb7aab640>,83,18,[ 3 10],84,404,422,320,393
1,<environment.Job instance at 0x7f4eb7aabbe0>,90,23,[6 5],91,407,430,316,401
1,<environment.Job instance at 0x7f4eb7aabc80>,91,24,[6 4],92,422,446,330,417
1,<environment.Job instance at 0x7f4eb7aabeb0>,97,23,[1 5],98,422,445,324,417
1,<environment.Job instance at 0x7f4eb7aa03c0>,102,19,[6 5],103,430,449,327,422
1,<environment.Job instance at 0x7f4eb7aa06e0>,107,19,[9 5],108,446,465,338,436
1,<environment.Job instance at 0x7f4eb7aa0820>,109,26,[1 5],110,449,475,339,446
1,<environment.Job instance at 0x7f4eb7aa0960>,111,21,[1 5],112,449,470,337,446
1,<environment.Job instance at 0x7f4eb7aa0aa0>,114,19,[1 9],115,470,489,355,460
1,<environment.Job instance at 0x7f4eb7aa0fa0>,122,21,[5 7],123,489,510,366,481
1,<environment.Job instance at 0x7f4eb7aa80a0>,124,17,[8 5],125,481,498,356,481
1,<environment.Job instance at 0x7f4eb7aa8460>,129,20,[2 5],130,498,518,368,489
1,<environment.Job instance at 0x7f4eb7aa1640>,59,19,[13  4],60,510,529,450,502
1,<environment.Job instance at 0x7f4eb7aa8640>,132,20,[7 3],133,529,549,396,520
1,<environment.Job instance at 0x7f4eb7aa86e0>,133,27,[4 6],134,529,556,395,527
1,<environment.Job instance at 0x7f4eb7aa8780>,134,26,[ 4 10],135,556,582,421,553
1,<environment.Job instance at 0x7f4eb7aa8820>,135,15,[14  4],136,582,597,446,568
1,<environment.Job instance at 0x7f4eb7aa8960>,136,26,[13  5],137,597,623,460,594
1,<environment.Job instance at 0x7f4eb7aa8af0>,137,14,[ 1 12],138,623,637,485,608
1,<environment.Job instance at 0x7f4eb7aa89b0>,138,27,[ 3 12],139,637,664,498,635
1,<environment.Job instance at 0x7f4eb80dc9b0>,139,12,[4 6],140,664,676,524,647
1,<environment.Job instance at 0x7f4eb7aa85a0>,131,22,[9 4],132,664,686,532,660
1,<environment.Job instance at 0x7f4eb8e6ea50>,141,15,[4 8],142,676,691,534,662
1,<environment.Job instance at 0x7f4eb8b83370>,145,17,[10  3],146,686,703,540,674
1,<environment.Job instance at 0x7f4eb7a7b5f0>,149,21,[5 1],150,691,712,541,683
1,<environment.Job instance at 0x7f4eb7a7ba50>,150,14,[1 8],151,703,717,552,688
1,<environment.Job instance at 0x7f4eb7a7be60>,152,23,[3 6],153,703,726,550,697
1,<environment.Job instance at 0x7f4eb7a7b910>,153,23,[5 2],154,717,740,563,711
1,<environment.Job instance at 0x7f4eb81b0e10>,155,14,[6 2],156,717,731,561,711
1,<environment.Job instance at 0x7f4eb8b76dc0>,140,16,[ 1 10],141,726,742,585,714
1,<environment.Job instance at 0x7f4eb8b66af0>,157,28,[5 3],158,731,759,573,730
1,<environment.Job instance at 0x7f4eb81b0500>,156,22,[6 5],157,742,764,585,739
1,<environment.Job instance at 0x7f4eb8a114b0>,159,23,[5 2],160,759,782,599,753
1,<environment.Job instance at 0x7f4eb8b66fa0>,158,23,[8 5],159,764,787,605,759
1,<environment.Job instance at 0x7f4eb7a94c80>,164,15,[11  1],165,787,802,622,773
1,<environment.Job instance at 0x7f4eb7a94eb0>,165,20,[1 9],172,782,802,610,773
1,<environment.Job instance at 0x7f4eb7ab2fa0>,2,16,[3 6],3,3,19,0,3
1,<environment.Job instance at 0x7f4eb8a23f50>,10,13,[11  5],11,11,24,0,11
1,<environment.Job instance at 0x7f4eb8a238c0>,14,12,[2 7],15,19,31,4,15
1,<environment.Job instance at 0x7f4eb8a23820>,15,12,[5 6],16,24,36,8,16
1,<environment.Job instance at 0x7f4eb80ad460>,21,19,[10  2],22,31,50,9,23
1,<environment.Job instance at 0x7f4eb80adaa0>,20,15,[2 6],21,36,51,15,23
1,<environment.Job instance at 0x7f4eb8b6c230>,29,12,[3 5],30,36,48,6,32
1,<environment.Job instance at 0x7f4eb80ad2d0>,26,14,[7 2],27,50,64,23,42
1,<environment.Job instance at 0x7f4eb80ad9b0>,22,24,[5 9],23,51,75,28,46
1,<environment.Job instance at 0x7f4eb8e65aa0>,33,13,[13  3],34,75,88,41,59
1,<environment.Job instance at 0x7f4eb8f02460>,41,18,[2 6],42,64,82,22,61
1,<environment.Job instance at 0x7f4eb7a880a0>,32,13,[ 2 14],33,88,101,55,72
1,<environment.Job instance at 0x7f4eb937d320>,46,13,[11  2],47,101,114,54,85
1,<environment.Job instance at 0x7f4eb9013140>,45,18,[3 8],46,101,119,55,93
1,<environment.Job instance at 0x7f4eb9013910>,47,15,[10  3],48,114,129,66,102
1,<environment.Job instance at 0x7f4eb937dd20>,48,20,[5 6],49,119,139,70,110
1,<environment.Job instance at 0x7f4eb92a2050>,52,13,[2 5],53,129,142,76,113
1,<environment.Job instance at 0x7f4eb92a2a00>,53,16,[ 4 10],54,139,155,85,127
1,<environment.Job instance at 0x7f4eb7ee1730>,55,12,[1 7],56,155,167,99,138
1,<environment.Job instance at 0x7f4eb7c91280>,56,16,[8 1],57,142,158,85,138
1,<environment.Job instance at 0x7f4eb7c919b0>,57,14,[9 3],58,158,172,100,143
1,<environment.Job instance at 0x7f4eb7c916e0>,59,12,[8 3],60,172,184,112,155
1,<environment.Job instance at 0x7f4eb8c8e5f0>,60,20,[2 8],61,167,187,106,167
1,<environment.Job instance at 0x7f4eb8c8ec30>,63,15,[9 1],64,184,199,120,170
1,<environment.Job instance at 0x7f4eb8c8e960>,66,17,[10  3],67,199,216,132,187
1,<environment.Job instance at 0x7f4eb9005fa0>,74,14,[9 2],75,216,230,141,201
1,<environment.Job instance at 0x7f4eb854e910>,80,22,[1 6],81,209,231,128,209
1,<environment.Job instance at 0x7f4eb854ef50>,82,17,[9 5],83,230,247,147,218
1,<environment.Job instance at 0x7f4eb937d370>,49,18,[14  5],50,247,265,197,236
1,<environment.Job instance at 0x7f4eb7e7da50>,86,19,[ 3 14],87,265,284,178,255
1,<environment.Job instance at 0x7f4eb9285050>,87,18,[ 4 14],88,284,302,196,273
1,<environment.Job instance at 0x7f4eb92855a0>,88,23,[12  2],89,302,325,213,296
1,<environment.Job instance at 0x7f4eb7e7de60>,85,20,[3 9],86,305,325,219,305
1,<environment.Job instance at 0x7f4eb7c42410>,92,13,[8 2],93,325,338,232,309
1,<environment.Job instance at 0x7f4eb8144370>,93,12,[9 1],94,338,350,244,321
1,<environment.Job instance at 0x7f4eb7e88320>,89,16,[5 8],90,325,341,235,321
1,<environment.Job instance at 0x7f4eb9171370>,96,26,[14  1],97,350,376,253,347
1,<environment.Job instance at 0x7f4eb8386640>,97,23,[10  4],98,376,399,278,370
1,<environment.Job instance at 0x7f4eb8daa910>,98,28,[8 3],99,399,427,300,398
1,<environment.Job instance at 0x7f4eb8daa140>,99,14,[ 1 12],100,399,413,299,398
1,<environment.Job instance at 0x7f4eb7a7baa0>,100,16,[ 1 11],101,413,429,312,400
1,<environment.Job instance at 0x7f4eb8daa460>,101,17,[11  1],102,427,444,325,415
1,<environment.Job instance at 0x7f4eb8db6fa0>,102,23,[6 1],103,444,467,341,438
1,<environment.Job instance at 0x7f4eb8b6e550>,103,16,[ 4 13],104,438,454,334,438
1,<environment.Job instance at 0x7f4eb8d0a410>,104,26,[8 4],105,454,480,349,451
1,<environment.Job instance at 0x7f4eb8b668c0>,105,15,[5 8],106,467,482,361,453
1,<environment.Job instance at 0x7f4eb7b8edc0>,95,17,[ 3 10],96,482,499,386,471
1,<environment.Job instance at 0x7f4eb8a11820>,125,18,[7 4],126,480,498,354,471
1,<environment.Job instance at 0x7f4eb803cc30>,127,18,[6 1],128,498,516,370,487
1,<environment.Job instance at 0x7f4eb83d1c30>,130,18,[ 4 10],131,504,522,373,504
1,<environment.Job instance at 0x7f4eb83d1780>,132,12,[5 9],133,522,534,389,505
1,<environment.Job instance at 0x7f4eb83d1e60>,133,15,[10  5],134,516,531,382,505
1,<environment.Job instance at 0x7f4eb814a780>,137,18,[5 4],138,531,549,393,520
1,<environment.Job instance at 0x7f4eb8a4a500>,142,20,[2 7],143,534,554,391,528
1,<environment.Job instance at 0x7f4eb8a4a780>,144,13,[3 5],145,549,562,404,533
1,<environment.Job instance at 0x7f4eb82c7e60>,106,18,[12  4],107,554,572,447,543
1,<environment.Job instance at 0x7f4eb8a4a230>,146,12,[12  3],147,572,584,425,555
1,<environment.Job instance at 0x7f4eb8a4aaa0>,147,12,[13  5],148,584,596,436,567
1,<environment.Job instance at 0x7f4eb8a4a140>,145,19,[4 8],146,596,615,450,587
1,<environment.Job instance at 0x7f4eb8a4af50>,149,18,[3 6],150,596,614,446,589
1,<environment.Job instance at 0x7f4eb834c190>,152,13,[2 9],153,615,628,462,599
1,<environment.Job instance at 0x7f4eb8a4a0a0>,148,26,[11  5],149,614,640,465,611
1,<environment.Job instance at 0x7f4eb834cfa0>,154,21,[4 9],155,628,649,473,626
1,<environment.Job instance at 0x7f4eb84d5af0>,163,21,[5 6],164,640,661,476,632
1,<environment.Job instance at 0x7f4eb84d5aa0>,164,19,[10  4],165,649,668,484,641
1,<environment.Job instance at 0x7f4eb84d5870>,166,21,[8 2],167,668,689,501,660
1,<environment.Job instance at 0x7f4eb84d5140>,167,16,[8 5],168,689,705,521,676
1,<environment.Job instance at 0x7f4eb84d5e10>,168,14,[3 8],169,677,691,508,677
1,<environment.Job instance at 0x7f4eb7a64460>,174,12,[3 8],175,691,703,516,677
1,<environment.Job instance at 0x7f4eb834cc30>,155,16,[ 2 12],156,705,721,549,693
1,<environment.Job instance at 0x7f4eb80ad870>,17,18,[6 5],18,727,745,709,727
1,<environment.Job instance at 0x7f4eb7a64550>,178,20,[3 9],179,732,752,553,732
1,<environment.Job instance at 0x7f4eb8e9f870>,0,24,[12  5],1,745,769,744,741
1,<environment.Job instance at 0x7f4eb9386960>,3,13,[11  5],4,4,17,0,4
1,<environment.Job instance at 0x7f4eb9386cd0>,10,18,[3 8],11,11,29,0,11
1,<environment.Job instance at 0x7f4eb9386910>,12,17,[7 2],13,17,34,4,13
1,<environment.Job instance at 0x7f4eb88b0820>,15,18,[3 9],16,29,47,13,18
1,<environment.Job instance at 0x7f4eb88b0be0>,21,13,[5 1],22,23,36,1,23
1,<environment.Job instance at 0x7f4eb88b0d20>,26,21,[6 5],27,34,55,7,27
1,<environment.Job instance at 0x7f4eb9285f00>,25,22,[6 5],26,47,69,21,42
1,<environment.Job instance at 0x7f4eb9285cd0>,28,15,[7 2],29,55,70,26,42
1,<environment.Job instance at 0x7f4eb9285d20>,30,18,[3 9],31,69,87,38,58
1,<environment.Job instance at 0x7f4eb92853c0>,35,18,[5 3],36,69,87,33,58
1,<environment.Job instance at 0x7f4eb7c1e640>,39,16,[5 5],40,87,103,47,74
1,<environment.Job instance at 0x7f4eb7c1e2d0>,40,12,[7 5],41,87,99,46,74
1,<environment.Job instance at 0x7f4eb7c1eb90>,43,15,[5 2],44,99,114,55,85
1,<environment.Job instance at 0x7f4eb9285960>,27,24,[13  2],28,114,138,86,109
1,<environment.Job instance at 0x7f4eb8601dc0>,45,18,[5 9],46,138,156,92,127
1,<environment.Job instance at 0x7f4eb88d0640>,64,14,[5 2],65,138,152,73,127
1,<environment.Job instance at 0x7f4eb8085960>,75,17,[9 2],76,152,169,76,140
1,<environment.Job instance at 0x7f4eb92e2b40>,46,16,[5 7],47,156,172,109,149
1,<environment.Job instance at 0x7f4eb8e2d320>,76,14,[7 2],77,169,183,92,154
1,<environment.Job instance at 0x7f4eb8cd9190>,78,12,[5 7],79,172,184,93,155
1,<environment.Job instance at 0x7f4eb88eafa0>,80,18,[5 4],81,183,201,102,172
1,<environment.Job instance at 0x7f4eb88b0cd0>,22,15,[ 3 11],23,184,199,161,172
1,<environment.Job instance at 0x7f4eb92a2d20>,92,19,[4 8],93,199,218,106,199
1,<environment.Job instance at 0x7f4eb8661af0>,98,19,[10  2],99,201,220,102,200
1,<environment.Job instance at 0x7f4eb8cd9500>,77,28,[ 1 12],78,218,246,140,217
1,<environment.Job instance at 0x7f4eb8db8190>,101,25,[3 7],102,246,271,144,242
1,<environment.Job instance at 0x7f4eb8301960>,100,19,[10  4],101,246,265,145,244
1,<environment.Job instance at 0x7f4eb85739b0>,109,17,[10  4],110,265,282,155,253
1,<environment.Job instance at 0x7f4eb8573eb0>,114,14,[6 2],115,282,296,167,267
1,<environment.Job instance at 0x7f4eb8db8f00>,102,13,[ 2 13],103,282,295,179,267
1,<environment.Job instance at 0x7f4eb7abfb40>,118,20,[6 3],119,295,315,176,286
1,<environment.Job instance at 0x7f4eb7abf4b0>,120,18,[5 2],121,296,314,175,286
1,<environment.Job instance at 0x7f4eb8fe42d0>,125,14,[5 3],126,314,328,188,299
1,<environment.Job instance at 0x7f4eb8fe4460>,126,13,[7 4],127,315,328,188,299
1,<environment.Job instance at 0x7f4eb7e37730>,131,18,[10  4],132,328,346,196,317
1,<environment.Job instance at 0x7f4eb7abfc80>,119,22,[ 1 10],120,328,350,208,321
1,<environment.Job instance at 0x7f4eb7e37870>,132,17,[10  4],133,346,363,213,334
1,<environment.Job instance at 0x7f4eb7e37190>,135,15,[1 5],136,350,365,214,336
1,<environment.Job instance at 0x7f4eb7e371e0>,133,13,[ 5 10],134,363,376,229,348
1,<environment.Job instance at 0x7f4eb7e37d70>,136,18,[3 8],137,376,394,239,365
1,<environment.Job instance at 0x7f4eb8c60a00>,141,19,[4 7],142,376,395,234,366
1,<environment.Job instance at 0x7f4eb8c60500>,148,13,[5 8],149,394,407,245,378
1,<environment.Job instance at 0x7f4eb89d4910>,154,21,[5 6],155,395,416,240,387
1,<environment.Job instance at 0x7f4eb88d9eb0>,155,17,[10  4],156,407,424,251,395
1,<environment.Job instance at 0x7f4eb816e5f0>,160,14,[3 5],161,416,430,255,402
1,<environment.Job instance at 0x7f4eb7e37640>,137,15,[3 9],138,424,439,286,417
1,<environment.Job instance at 0x7f4eb88c45f0>,164,17,[12  2],165,430,447,265,420
1,<environment.Job instance at 0x7f4eb8ef5dc0>,163,22,[5 8],164,447,469,283,440
1,<environment.Job instance at 0x7f4eb7d5f9b0>,170,20,[8 2],171,447,467,276,440
1,<environment.Job instance at 0x7f4eb79ce320>,174,15,[3 5],175,467,482,292,453
1,<environment.Job instance at 0x7f4eb8ff68c0>,178,17,[11  5],179,469,486,290,458
1,<environment.Job instance at 0x7f4eb8209690>,82,21,[4 7],83,482,503,399,474
1,<environment.Job instance at 0x7f4eb88b05f0>,19,21,[4 6],20,486,507,466,481
1,<environment.Job instance at 0x7f4eb9386500>,0,27,[14  2],1,507,534,506,505
1,<environment.Job instance at 0x7f4eb8229d20>,1,13,[8 2],2,2,15,0,2
1,<environment.Job instance at 0x7f4eb9386050>,2,13,[4 8],3,3,16,0,3
1,<environment.Job instance at 0x7f4eb8b140a0>,7,19,[4 8],8,16,35,8,8
1,<environment.Job instance at 0x7f4eb80dc5f0>,9,22,[7 3],10,15,37,5,10
1,<environment.Job instance at 0x7f4eb92beaf0>,21,14,[4 8],22,35,49,13,22
1,<environment.Job instance at 0x7f4eb7a6db90>,26,14,[5 3],27,37,51,10,27
1,<environment.Job instance at 0x7f4eb9008140>,13,25,[ 5 14],14,51,76,37,47
1,<environment.Job instance at 0x7f4eb9008aa0>,28,16,[1 7],29,76,92,47,63
1,<environment.Job instance at 0x7f4eb7a6de60>,29,15,[13  1],30,76,91,46,63
1,<environment.Job instance at 0x7f4eb7a6d640>,30,13,[ 5 11],31,92,105,61,76
1,<environment.Job instance at 0x7f4eb8a23870>,46,18,[5 7],47,105,123,58,94
1,<environment.Job instance at 0x7f4eb8d76780>,52,20,[5 5],53,105,125,52,96
1,<environment.Job instance at 0x7f4eb7b47aa0>,63,13,[7 5],64,123,136,59,107
1,<environment.Job instance at 0x7f4eb7b47140>,64,14,[2 5],65,123,137,58,108
1,<environment.Job instance at 0x7f4eb80e1f00>,80,13,[5 5],81,125,138,44,109
1,<environment.Job instance at 0x7f4eb80e17d0>,87,18,[5 3],88,136,154,48,125
1,<environment.Job instance at 0x7f4eb80e15f0>,92,17,[7 2],93,138,155,45,126
1,<environment.Job instance at 0x7f4eb8b6c5f0>,104,16,[5 4],105,154,170,49,141
1,<environment.Job instance at 0x7f4eb8b6c230>,107,17,[1 5],108,141,158,33,141
1,<environment.Job instance at 0x7f4eb8b6c410>,110,18,[7 3],111,155,173,44,144
1,<environment.Job instance at 0x7f4eb7a88a50>,114,12,[7 4],115,170,182,55,153
1,<environment.Job instance at 0x7f4eb7a886e0>,118,15,[6 5],119,173,188,54,159
1,<environment.Job instance at 0x7f4eb7a88140>,119,17,[8 4],120,182,199,62,170
1,<environment.Job instance at 0x7f4eb82ab8c0>,123,15,[6 5],124,188,203,64,174
1,<environment.Job instance at 0x7f4eb82ab910>,127,19,[2 6],128,199,218,71,189
1,<environment.Job instance at 0x7f4eb82ab460>,131,15,[5 4],132,199,214,67,189
1,<environment.Job instance at 0x7f4eb7ba2a00>,135,14,[2 5],136,203,217,67,189
1,<environment.Job instance at 0x7f4eb7ba2780>,136,14,[5 7],137,217,231,80,202
1,<environment.Job instance at 0x7f4eb80dc9b0>,12,16,[4 8],13,218,234,205,206
1,<environment.Job instance at 0x7f4eb7fad320>,149,13,[14  5],150,555,568,405,555
1,<environment.Job instance at 0x7f4eb8229870>,0,25,[12  3],1,611,636,610,611
1,<environment.Job instance at 0x7f4eb863d6e0>,2,17,[10  3],3,3,20,0,3
1,<environment.Job instance at 0x7f4eb8e6a2d0>,4,17,[ 2 10],5,5,22,0,5
1,<environment.Job instance at 0x7f4eb8e6a500>,5,12,[2 8],6,22,34,16,6
1,<environment.Job instance at 0x7f4eb8e66cd0>,7,23,[10  1],8,20,43,12,14
1,<environment.Job instance at 0x7f4eb87fbe10>,10,22,[5 3],11,34,56,23,27
1,<environment.Job instance at 0x7f4eb8d81730>,19,13,[5 6],20,43,56,23,28
1,<environment.Job instance at 0x7f4eb8d81dc0>,22,23,[2 6],23,43,66,20,37
1,<environment.Job instance at 0x7f4eb87fea00>,26,19,[8 2],27,56,75,29,46
1,<environment.Job instance at 0x7f4eb87f6f00>,30,16,[ 1 10],31,66,82,35,53
1,<environment.Job instance at 0x7f4eb87f6370>,32,16,[6 2],33,66,82,33,53
1,<environment.Job instance at 0x7f4eb8d90410>,33,14,[1 5],34,82,96,48,69
1,<environment.Job instance at 0x7f4eb8d90b90>,34,14,[14  5],35,82,96,47,69
1,<environment.Job instance at 0x7f4eb87fbdc0>,12,24,[14  1],13,96,120,83,91
1,<environment.Job instance at 0x7f4eb87ecc80>,29,18,[9 1],30,120,138,90,109
1,<environment.Job instance at 0x7f4eb7fa66e0>,38,21,[3 5],39,120,141,81,112
1,<environment.Job instance at 0x7f4eb85eceb0>,43,17,[10  5],44,138,155,94,126
1,<environment.Job instance at 0x7f4eb85ec730>,44,13,[1 5],45,126,139,81,126
1,<environment.Job instance at 0x7f4eb8d90aa0>,37,16,[ 5 10],38,141,157,103,128
1,<environment.Job instance at 0x7f4eb87d9280>,46,13,[3 9],47,157,170,110,141
1,<environment.Job instance at 0x7f4eb8efdaf0>,47,28,[ 1 14],48,170,198,122,169
1,<environment.Job instance at 0x7f4eb8a85d70>,11,20,[ 1 12],12,198,218,186,190
1,<environment.Job instance at 0x7f4eb8c37d20>,49,18,[5 4],50,218,236,168,207
1,<environment.Job instance at 0x7f4eb87f65a0>,50,16,[10  1],51,207,223,156,207
1,<environment.Job instance at 0x7f4eb8c37be0>,51,14,[12  2],52,236,250,184,221
1,<environment.Job instance at 0x7f4eb8c37550>,52,18,[3 7],53,223,241,170,221
1,<environment.Job instance at 0x7f4eb7f0b5f0>,53,16,[7 4],54,250,266,196,237
1,<environment.Job instance at 0x7f4eb87fb410>,54,24,[8 4],55,250,274,195,245
1,<environment.Job instance at 0x7f4eb87fbfa0>,55,26,[10  2],56,274,300,218,271
1,<environment.Job instance at 0x7f4eb85ecaf0>,45,22,[3 9],46,282,304,236,282
1,<environment.Job instance at 0x7f4eb87f8d70>,60,15,[10  1],61,300,315,239,287
1,<environment.Job instance at 0x7f4eb85ec0f0>,48,23,[ 5 12],49,304,327,255,304
1,<environment.Job instance at 0x7f4eb80256e0>,61,18,[9 4],62,327,345,265,319
1,<environment.Job instance at 0x7f4eb7f31eb0>,62,23,[1 8],63,327,350,264,323
1,<environment.Job instance at 0x7f4eb7f0cfa0>,71,13,[10  1],72,345,358,273,329
1,<environment.Job instance at 0x7f4eb7f0c4b0>,72,13,[ 4 11],73,350,363,277,334
1,<environment.Job instance at 0x7f4eb7f01230>,70,13,[9 1],71,358,371,287,342
1,<environment.Job instance at 0x7f4eb8d90e60>,36,17,[4 7],37,363,380,326,352
1,<environment.Job instance at 0x7f4eb7f32d20>,85,21,[ 1 10],86,380,401,294,372
1,<environment.Job instance at 0x7f4eb7f1e140>,91,21,[6 4],92,372,393,280,372
1,<environment.Job instance at 0x7f4eb7f1e280>,92,12,[5 6],93,401,413,308,384
1,<environment.Job instance at 0x7f4eb7f1e9b0>,95,17,[5 2],96,393,410,297,384
1,<environment.Job instance at 0x7f4eb81f3e60>,99,15,[4 6],100,401,416,301,387
1,<environment.Job instance at 0x7f4eb81f3690>,100,22,[5 2],101,410,432,309,403
1,<environment.Job instance at 0x7f4eb81f3a00>,101,17,[6 3],102,413,430,311,403
1,<environment.Job instance at 0x7f4eb81f3370>,102,14,[ 1 10],103,416,430,313,403
1,<environment.Job instance at 0x7f4eb7efa870>,105,19,[3 5],106,430,449,324,420
1,<environment.Job instance at 0x7f4eb7efa7d0>,108,18,[5 8],109,430,448,321,420
1,<environment.Job instance at 0x7f4eb7f0c410>,73,17,[13  4],74,449,466,375,439
1,<environment.Job instance at 0x7f4eb7efacd0>,113,23,[13  4],114,466,489,352,460
1,<environment.Job instance at 0x7f4eb7efa1e0>,114,27,[5 4],115,489,516,374,487
1,<environment.Job instance at 0x7f4eb7efaeb0>,112,22,[10  2],113,489,511,376,487
1,<environment.Job instance at 0x7f4eb7efa0a0>,117,16,[5 5],118,511,527,393,498
1,<environment.Job instance at 0x7f4eb81d1e10>,120,26,[1 5],121,511,537,390,508
1,<environment.Job instance at 0x7f4eb7f07dc0>,131,16,[7 3],132,516,532,384,509
1,<environment.Job instance at 0x7f4eb7f070f0>,132,17,[7 2],133,527,544,394,515
1,<environment.Job instance at 0x7f4eb7f7af00>,133,13,[3 7],134,532,545,398,516
1,<environment.Job instance at 0x7f4eb8ce1cd0>,135,16,[1 5],136,537,553,401,524
1,<environment.Job instance at 0x7f4eb7efa410>,115,14,[12  3],116,545,559,429,530
1,<environment.Job instance at 0x7f4eb8ce90a0>,137,14,[3 7],138,553,567,415,538
1,<environment.Job instance at 0x7f4eb7f9d9b0>,136,22,[5 8],137,559,581,422,552
1,<environment.Job instance at 0x7f4eb7faad70>,140,12,[2 7],141,567,579,426,552
1,<environment.Job instance at 0x7f4eb8008050>,141,12,[5 5],142,579,591,437,562
1,<environment.Job instance at 0x7f4eb7fa46e0>,148,21,[6 3],149,581,602,432,573
1,<environment.Job instance at 0x7f4eb800b3c0>,160,20,[3 8],161,591,611,430,582
1,<environment.Job instance at 0x7f4eb8020640>,163,18,[4 9],164,611,629,447,600
1,<environment.Job instance at 0x7f4eb8020820>,164,12,[4 8],165,629,641,464,612
1,<environment.Job instance at 0x7f4eb85db820>,168,17,[2 8],170,641,658,471,629
1,<environment.Job instance at 0x7f4eb863dcd0>,0,25,[8 1],1,3035,3060,3034,3035
1,<environment.Job instance at 0x7f4eb7f31d70>,56,17,[8 5],57,3284,3301,3227,3284
1,<environment.Job instance at 0x7f4eb7fa67d0>,3,19,[5 4],4,4,23,0,4
1,<environment.Job instance at 0x7f4eb7fa6af0>,6,24,[3 9],7,8,32,1,8
1,<environment.Job instance at 0x7f4eb7fa6280>,4,14,[11  1],5,23,37,18,8
1,<environment.Job instance at 0x7f4eb7fa6140>,5,22,[3 6],6,32,54,26,25
1,<environment.Job instance at 0x7f4eb7fa60a0>,0,21,[6 4],1,37,58,36,30
1,<environment.Job instance at 0x7f4eb7fa6eb0>,12,24,[3 6],13,54,78,41,49
1,<environment.Job instance at 0x7f4eb7fa6050>,7,28,[5 3],8,49,77,41,49
1,<environment.Job instance at 0x7f4eb7fa6870>,14,24,[7 4],15,59,83,44,59
1,<environment.Job instance at 0x7f4eb7fa69b0>,15,16,[4 5],16,77,93,61,64
1,<environment.Job instance at 0x7f4eb7fa60f0>,8,24,[11  4],9,83,107,74,78
1,<environment.Job instance at 0x7f4eb81d1050>,17,16,[11  2],18,107,123,89,101
1,<environment.Job instance at 0x7f4eb81d1f00>,19,14,[13  2],20,123,137,103,109
1,<environment.Job instance at 0x7f4eb81d1d70>,20,12,[9 2],21,137,149,116,120
1,<environment.Job instance at 0x7f4eb81d1e60>,21,13,[13  3],22,149,162,127,133
1,<environment.Job instance at 0x7f4eb81d1af0>,23,26,[8 4],24,162,188,138,159
1,<environment.Job instance at 0x7f4eb81d13c0>,24,17,[ 3 12],25,188,205,163,176
1,<environment.Job instance at 0x7f4eb81d1b40>,25,13,[8 1],26,188,201,162,176
1,<environment.Job instance at 0x7f4eb8001f00>,26,14,[12  3],27,201,215,174,186
1,<environment.Job instance at 0x7f4eb8001230>,27,23,[ 4 10],28,215,238,187,211
1,<environment.Job instance at 0x7f4eb81d10a0>,16,25,[8 4],17,215,240,198,211
1,<environment.Job instance at 0x7f4eb8001140>,29,20,[ 1 10],30,238,258,208,229
1,<environment.Job instance at 0x7f4eb8001a50>,30,19,[9 3],31,240,259,209,230
1,<environment.Job instance at 0x7f4eb8001f50>,31,16,[3 9],32,258,274,226,245
1,<environment.Job instance at 0x7f4eb80015f0>,32,23,[ 4 10],33,274,297,241,268
1,<environment.Job instance at 0x7f4eb8001b40>,33,20,[ 1 10],34,297,317,263,288
1,<environment.Job instance at 0x7f4eb8001780>,34,22,[ 5 11],35,317,339,282,310
1,<environment.Job instance at 0x7f4eb8001050>,35,17,[13  3],36,339,356,303,327
1,<environment.Job instance at 0x7f4eb8001910>,36,22,[13  4],37,356,378,319,349
1,<environment.Job instance at 0x7f4eb8001960>,37,23,[3 9],38,378,401,340,372
1,<environment.Job instance at 0x7f4eb80015a0>,38,18,[7 3],39,378,396,339,372
1,<environment.Job instance at 0x7f4eb8001640>,39,20,[5 7],40,401,421,361,392
1,<environment.Job instance at 0x7f4eb8001500>,40,27,[ 1 14],41,421,448,380,419
1,<environment.Job instance at 0x7f4eb8001e60>,41,27,[ 2 12],42,448,475,406,446
1,<environment.Job instance at 0x7f4eb8001320>,42,15,[13  1],43,446,461,403,446
1,<environment.Job instance at 0x7f4eb8001af0>,43,18,[13  5],44,475,493,431,464
1,<environment.Job instance at 0x7f4eb8001690>,44,28,[7 1],45,493,521,448,492
1,<environment.Job instance at 0x7f4eb8001c30>,45,24,[1 8],46,492,516,446,492
1,<environment.Job instance at 0x7f4eb7f28500>,46,23,[6 5],47,493,516,446,492
1,<environment.Job instance at 0x7f4eb80018c0>,28,17,[9 3],29,521,538,492,511
1,<environment.Job instance at 0x7f4eb7f28960>,47,25,[5 4],48,516,541,468,512
1,<environment.Job instance at 0x7f4eb7f28c80>,49,16,[ 3 13],50,541,557,491,528
1,<environment.Job instance at 0x7f4eb7f28f50>,50,24,[12  2],51,541,565,490,536
1,<environment.Job instance at 0x7f4eb7f28730>,51,27,[12  3],52,565,592,513,563
1,<environment.Job instance at 0x7f4eb7f28230>,52,18,[2 8],53,563,581,510,563
1,<environment.Job instance at 0x7f4eb7f284b0>,53,23,[6 2],54,592,615,538,586
1,<environment.Job instance at 0x7f4eb7f28370>,54,15,[5 6],55,592,607,537,586
1,<environment.Job instance at 0x7f4eb7f285f0>,55,25,[3 5],56,586,611,530,586
1,<environment.Job instance at 0x7f4eb7f289b0>,56,18,[ 2 14],57,615,633,558,604
1,<environment.Job instance at 0x7f4eb7f283c0>,57,15,[3 6],58,633,648,575,619
1,<environment.Job instance at 0x7f4eb7f287d0>,58,23,[9 2],59,633,656,574,627
1,<environment.Job instance at 0x7f4eb7f28140>,59,28,[1 5],60,633,661,573,632
1,<environment.Job instance at 0x7f4eb7f281e0>,48,19,[5 3],49,648,667,599,643
1,<environment.Job instance at 0x7f4eb7f28280>,61,12,[7 2],62,656,668,594,643
1,<environment.Job instance at 0x7f4eb7f28d70>,60,21,[7 3],61,667,688,606,659
1,<environment.Job instance at 0x7f4eb7f28870>,64,26,[4 8],65,668,694,603,665
1,<environment.Job instance at 0x7f4eb7f28dc0>,65,12,[3 9],66,694,706,628,677
1,<environment.Job instance at 0x7f4eb85db410>,66,25,[9 1],67,688,713,621,684
1,<environment.Job instance at 0x7f4eb85db5f0>,67,16,[ 1 11],68,706,722,638,693
1,<environment.Job instance at 0x7f4eb85dbb40>,68,19,[14  4],69,713,732,644,703
1,<environment.Job instance at 0x7f4eb85dba00>,69,23,[2 7],70,732,755,662,726
1,<environment.Job instance at 0x7f4eb85dbb90>,70,12,[13  5],71,732,744,661,726
1,<environment.Job instance at 0x7f4eb85db370>,71,13,[6 2],72,744,757,672,728
1,<environment.Job instance at 0x7f4eb85db6e0>,72,27,[10  1],73,757,784,684,755
1,<environment.Job instance at 0x7f4eb85dbd20>,73,17,[7 1],74,784,801,710,772
1,<environment.Job instance at 0x7f4eb85db3c0>,74,22,[ 5 11],75,772,794,697,772
1,<environment.Job instance at 0x7f4eb85db2d0>,75,15,[5 8],76,794,809,718,780
1,<environment.Job instance at 0x7f4eb85dbe60>,76,19,[ 5 12],77,809,828,732,799
1,<environment.Job instance at 0x7f4eb85dbd70>,77,16,[1 8],78,828,844,750,815
1,<environment.Job instance at 0x7f4eb85ec0a0>,78,19,[13  2],79,828,847,749,818
1,<environment.Job instance at 0x7f4eb85ec690>,79,21,[2 7],80,844,865,764,836
1,<environment.Job instance at 0x7f4eb85ec870>,80,14,[13  2],81,847,861,766,836
1,<environment.Job instance at 0x7f4eb85ec4b0>,81,20,[5 5],82,861,881,779,852
1,<environment.Job instance at 0x7f4eb85ec3c0>,82,17,[12  5],83,881,898,798,869
1,<environment.Job instance at 0x7f4eb85ec5a0>,83,19,[7 4],84,898,917,814,888
1,<environment.Job instance at 0x7f4eb85ecbe0>,84,14,[12  4],85,917,931,832,902
1,<environment.Job instance at 0x7f4eb85ecf00>,85,18,[ 3 12],86,931,949,845,920
1,<environment.Job instance at 0x7f4eb85ece10>,86,23,[11  1],87,931,954,844,925
1,<environment.Job instance at 0x7f4eb85eca00>,87,18,[ 3 12],88,949,967,861,938
1,<environment.Job instance at 0x7f4eb85ec370>,88,17,[11  3],89,954,971,865,942
1,<environment.Job instance at 0x7f4eb85ecdc0>,89,14,[ 3 13],90,971,985,881,956
1,<environment.Job instance at 0x7f4eb85ecc80>,90,25,[2 7],91,985,1010,894,981
1,<environment.Job instance at 0x7f4eb85eccd0>,91,16,[10  4],92,985,1001,893,981
1,<environment.Job instance at 0x7f4eb85ecd20>,92,13,[ 4 14],93,1010,1023,917,994
1,<environment.Job instance at 0x7f4eb7f7afa0>,93,14,[3 7],94,1023,1037,929,1008
1,<environment.Job instance at 0x7f4eb7f7adc0>,94,20,[14  2],95,1037,1057,942,1028
1,<environment.Job instance at 0x7f4eb7f7a3c0>,95,14,[12  3],96,1057,1071,961,1042
1,<environment.Job instance at 0x7f4eb7f7a8c0>,96,23,[ 1 12],97,1042,1065,945,1042
1,<environment.Job instance at 0x7f4eb7f28be0>,63,17,[9 4],64,1071,1088,1007,1062
1,<environment.Job instance at 0x7f4eb7f7a460>,98,14,[ 1 14],99,1088,1102,989,1073
1,<environment.Job instance at 0x7f4eb7f7a0a0>,97,21,[9 5],98,1102,1123,1004,1096
1,<environment.Job instance at 0x7f4eb7fa61e0>,9,27,[ 1 14],10,1123,1150,1113,1121
1,<environment.Job instance at 0x7f4eb7fa64b0>,13,25,[14  1],14,1126,1151,1112,1126
1,<environment.Job instance at 0x7f4eb7f7a190>,101,14,[ 1 11],102,1150,1164,1048,1142
1,<environment.Job instance at 0x7f4eb85dae10>,120,18,[10  4],121,1151,1169,1030,1143
1,<environment.Job instance at 0x7f4eb85da460>,125,18,[6 4],126,1169,1187,1043,1158
1,<environment.Job instance at 0x7f4eb85dac30>,129,15,[5 5],130,1164,1179,1034,1160
1,<environment.Job instance at 0x7f4eb8c3be60>,137,17,[10  2],138,1187,1204,1049,1175
1,<environment.Job instance at 0x7f4eb7f7a6e0>,102,25,[6 5],103,1460,1485,1357,1460
1,<environment.Job instance at 0x7f4eb7f8ae60>,3,23,[1 8],4,4,27,0,4
1,<environment.Job instance at 0x7f4eb8e8b5a0>,4,14,[13  1],5,6,20,1,6
1,<environment.Job instance at 0x7f4eb7f8a690>,5,14,[9 1],6,20,34,14,7
1,<environment.Job instance at 0x7f4eb8e8b820>,6,21,[5 2],7,20,41,13,13
1,<environment.Job instance at 0x7f4eb8e8b730>,11,13,[3 6],12,34,47,22,18
1,<environment.Job instance at 0x7f4eb8e8b910>,15,14,[10  1],16,41,55,25,26
1,<environment.Job instance at 0x7f4eb8e8b640>,18,15,[3 6],19,47,62,28,33
1,<environment.Job instance at 0x7f4eb885e7d0>,20,20,[3 9],21,55,75,34,52
1,<environment.Job instance at 0x7f4eb87fb550>,25,13,[8 1],26,62,75,36,52
1,<environment.Job instance at 0x7f4eb8e8bdc0>,12,27,[8 4],13,75,102,62,73
1,<environment.Job instance at 0x7f4eb87fbaa0>,29,13,[13  1],30,102,115,72,86
1,<environment.Job instance at 0x7f4eb87fb5f0>,30,14,[11  1],31,115,129,84,100
1,<environment.Job instance at 0x7f4eb87fb230>,31,25,[ 3 14],32,115,140,83,111
1,<environment.Job instance at 0x7f4eb87fb690>,32,14,[11  2],33,140,154,107,125
1,<environment.Job instance at 0x7f4eb87fb9b0>,33,27,[2 9],34,140,167,106,138
1,<environment.Job instance at 0x7f4eb87fbb90>,34,26,[ 2 13],35,167,193,132,164
1,<environment.Job instance at 0x7f4eb87fb5a0>,35,28,[ 2 14],36,193,221,157,192
1,<environment.Job instance at 0x7f4eb87fba00>,36,12,[5 6],37,221,233,184,204
1,<environment.Job instance at 0x7f4eb87fbc30>,37,19,[5 6],38,221,240,183,211
1,<environment.Job instance at 0x7f4eb87fbf50>,38,14,[14  2],39,240,254,201,225
1,<environment.Job instance at 0x7f4eb87fb280>,39,21,[6 3],40,254,275,214,246
1,<environment.Job instance at 0x7f4eb87fb050>,40,20,[1 9],41,246,266,205,246
1,<environment.Job instance at 0x7f4eb87fb0a0>,41,19,[13  2],42,275,294,233,265
1,<environment.Job instance at 0x7f4eb87fb140>,42,23,[ 2 14],43,294,317,251,288
1,<environment.Job instance at 0x7f4eb87fbdc0>,43,17,[11  5],44,317,334,273,307
1,<environment.Job instance at 0x7f4eb81f3c30>,44,21,[2 5],45,317,338,272,309
1,<environment.Job instance at 0x7f4eb81f3d20>,45,27,[ 5 11],46,338,365,292,336
1,<environment.Job instance at 0x7f4eb87fb4b0>,28,21,[9 3],29,349,370,320,349
1,<environment.Job instance at 0x7f4eb81f3460>,47,15,[5 5],48,365,380,317,351
1,<environment.Job instance at 0x7f4eb81f3b40>,48,13,[1 8],49,370,383,321,354
1,<environment.Job instance at 0x7f4eb81f3370>,46,17,[13  3],47,380,397,333,368
1,<environment.Job instance at 0x7f4eb81f3640>,51,21,[14  3],52,397,418,345,389
1,<environment.Job instance at 0x7f4eb81f3a00>,52,26,[6 4],53,418,444,365,415
1,<environment.Job instance at 0x7f4eb8e8b500>,13,18,[3 6],14,418,436,404,415
1,<environment.Job instance at 0x7f4eb80855f0>,54,14,[4 6],55,436,450,381,423
1,<environment.Job instance at 0x7f4eb81f3e10>,50,22,[10  4],51,444,466,393,437
1,<environment.Job instance at 0x7f4eb81d1460>,59,12,[ 3 10],60,450,462,390,438
1,<environment.Job instance at 0x7f4eb81d15a0>,61,12,[10  5],62,466,478,404,449
1,<environment.Job instance at 0x7f4eb81d1640>,62,12,[3 5],63,462,474,399,449
1,<environment.Job instance at 0x7f4eb81d12d0>,71,12,[9 2],72,478,490,406,461
1,<environment.Job instance at 0x7f4eb8a85370>,74,16,[10  1],75,490,506,415,477
1,<environment.Job instance at 0x7f4eb8e8b190>,8,20,[ 2 13],9,481,501,472,481
1,<environment.Job instance at 0x7f4eb8a85460>,76,20,[6 3],77,506,526,429,498
1,<environment.Job instance at 0x7f4eb8a85f00>,77,24,[8 4],78,506,530,428,501
1,<environment.Job instance at 0x7f4eb8a850a0>,80,14,[5 4],81,526,540,445,511
1,<environment.Job instance at 0x7f4eb8a857d0>,81,17,[ 3 10],82,530,547,448,518
1,<environment.Job instance at 0x7f4eb8085a50>,55,21,[8 2],56,540,561,484,537
1,<environment.Job instance at 0x7f4eb8a854b0>,84,28,[5 6],85,547,575,462,546
1,<environment.Job instance at 0x7f4eb8a85050>,82,21,[5 8],83,561,582,478,553
1,<environment.Job instance at 0x7f4eb8a859b0>,87,19,[5 2],88,575,594,487,565
1,<environment.Job instance at 0x7f4eb9290d20>,94,21,[4 6],95,582,603,487,574
1,<environment.Job instance at 0x7f4eb8d81640>,99,21,[9 3],100,594,615,494,586
1,<environment.Job instance at 0x7f4eb8d81aa0>,104,15,[5 6],105,603,618,498,589
1,<environment.Job instance at 0x7f4eb8d811e0>,106,20,[1 6],107,611,631,504,611
1,<environment.Job instance at 0x7f4eb8d817d0>,109,17,[2 5],110,618,635,508,611
1,<environment.Job instance at 0x7f4eb8d81410>,111,14,[5 5],112,631,645,519,616
1,<environment.Job instance at 0x7f4eb8d81a50>,110,13,[9 1],111,635,648,524,626
1,<environment.Job instance at 0x7f4eb8a85c80>,83,28,[ 3 11],84,645,673,561,644
1,<environment.Job instance at 0x7f4eb7f92a50>,119,19,[4 6],120,673,692,553,663
1,<environment.Job instance at 0x7f4eb8d81820>,112,17,[5 9],113,673,690,560,663
1,<environment.Job instance at 0x7f4eb7f92280>,121,16,[1 9],122,690,706,568,677
1,<environment.Job instance at 0x7f4eb7f92190>,126,16,[7 3],127,692,708,565,679
1,<environment.Job instance at 0x7f4eb884c0a0>,129,21,[2 6],130,706,727,576,698
1,<environment.Job instance at 0x7f4eb884c230>,130,15,[8 2],131,708,723,577,698
1,<environment.Job instance at 0x7f4eb7f01280>,132,17,[3 9],133,723,740,590,713
1,<environment.Job instance at 0x7f4eb7f31370>,134,14,[9 3],135,727,741,592,714
1,<environment.Job instance at 0x7f4eb8056870>,139,15,[4 8],140,740,755,600,726
1,<environment.Job instance at 0x7f4eb8e6a5a0>,140,20,[4 5],141,741,761,600,732
1,<environment.Job instance at 0x7f4eb8e6ad20>,141,14,[5 6],142,755,769,613,740
1,<environment.Job instance at 0x7f4eb8db8e60>,150,20,[7 1],151,761,781,610,752
1,<environment.Job instance at 0x7f4eb907fe10>,154,19,[3 8],155,761,780,606,756
1,<environment.Job instance at 0x7f4eb7f92c30>,118,17,[ 4 12],119,780,797,661,770
1,<environment.Job instance at 0x7f4eb7f92320>,122,15,[12  2],123,797,812,674,783
1,<environment.Job instance at 0x7f4eb7f8a320>,0,27,[13  4],1,812,839,811,810
1,<environment.Job instance at 0x7fe094fc8230>,0,13,[9 3],1,1,14,0,1
1,<environment.Job instance at 0x7fe094fc8320>,2,22,[4 8],3,3,25,0,3
1,<environment.Job instance at 0x7fe08b9dcbe0>,4,21,[1 6],5,14,35,9,8
1,<environment.Job instance at 0x7fe08b9df280>,14,13,[7 3],15,25,38,10,15
1,<environment.Job instance at 0x7fe08b9df870>,23,18,[2 7],24,35,53,11,24
1,<environment.Job instance at 0x7fe08b9dff00>,33,16,[2 8],34,38,54,4,34
1,<environment.Job instance at 0x7fe08b9e3190>,35,15,[9 5],36,53,68,17,39
1,<environment.Job instance at 0x7fe08b9e34b0>,40,15,[10  3],41,68,83,27,54
1,<environment.Job instance at 0x7fe08b9e3690>,42,20,[9 4],43,83,103,40,74
1,<environment.Job instance at 0x7fe08b9e3870>,45,13,[6 5],46,83,96,37,74
1,<environment.Job instance at 0x7fe08b9e39b0>,47,20,[6 5],48,96,116,48,87
1,<environment.Job instance at 0x7fe08b9dcc80>,6,20,[6 1],7,103,123,96,94
1,<environment.Job instance at 0x7fe08b9e3d70>,53,17,[5 7],54,116,133,62,104
1,<environment.Job instance at 0x7fe08b9e55a0>,66,21,[7 4],67,123,144,56,117
1,<environment.Job instance at 0x7fe08b9e5f00>,80,14,[2 6],81,133,147,52,125
1,<environment.Job instance at 0x7fe08b9e8a50>,95,15,[5 7],96,144,159,48,130
1,<environment.Job instance at 0x7fe08b9e8c30>,98,17,[5 5],99,147,164,48,135
1,<environment.Job instance at 0x7fe08b9eb820>,115,16,[7 5],116,159,175,43,146
1,<environment.Job instance at 0x7fe08b9ebcd0>,121,13,[7 4],122,164,177,42,148
1,<environment.Job instance at 0x7fe08b9d2550>,134,16,[4 7],135,175,191,40,162
1,<environment.Job instance at 0x7fe08ba28690>,140,13,[7 4],141,177,190,36,162
1,<environment.Job instance at 0x7fe08bb61af0>,149,15,[10  4],150,190,205,40,176
1,<environment.Job instance at 0x7fe08baff9b0>,177,17,[8 2],178,205,222,27,194
1,<environment.Job instance at 0x7fe08ba03960>,179,16,[5 8],180,194,210,14,194
1,<environment.Job instance at 0x7fe08ba03730>,180,13,[8 5],181,222,235,41,206
1,<environment.Job instance at 0x7fe08ba03370>,181,14,[2 9],182,210,224,28,206
1,<environment.Job instance at 0x7fe094fc81e0>,1,22,[11  3],2,308,330,306,308
1,<environment.Job instance at 0x7fe08b9e3cd0>,52,27,[8 5],53,1747,1774,1694,1747
1,<environment.Job instance at 0x7fe08b3bc370>,2,12,[1 7],3,3,15,0,3
1,<environment.Job instance at 0x7fe08b4404b0>,8,12,[10  5],9,9,21,0,9
1,<environment.Job instance at 0x7fe08b440b40>,10,14,[2 7],11,15,29,4,11
1,<environment.Job instance at 0x7fe08b440050>,15,16,[2 8],16,21,37,5,16
1,<environment.Job instance at 0x7fe08b449550>,22,13,[9 4],23,29,42,6,23
1,<environment.Job instance at 0x7fe08b375190>,24,17,[3 8],25,37,54,12,27
1,<environment.Job instance at 0x7fe08b449c30>,27,14,[ 1 10],28,54,68,26,39
1,<environment.Job instance at 0x7fe08b449e10>,30,14,[6 1],31,42,56,11,39
1,<environment.Job instance at 0x7fe08b44f370>,32,16,[3 8],33,68,84,35,55
1,<environment.Job instance at 0x7fe08b44f3c0>,33,14,[10  1],34,56,70,22,55
1,<environment.Job instance at 0x7fe08b44f5a0>,36,13,[6 3],37,70,83,33,56
1,<environment.Job instance at 0x7fe08b44f960>,37,13,[7 4],38,83,96,45,67
1,<environment.Job instance at 0x7fe08b44f4b0>,39,20,[1 7],40,84,104,44,75
1,<environment.Job instance at 0x7fe08b44fc80>,47,16,[2 8],48,96,112,48,83
1,<environment.Job instance at 0x7fe08b42f190>,54,16,[7 4],55,104,120,49,91
1,<environment.Job instance at 0x7fe08b47e370>,62,14,[5 5],63,112,126,49,97
1,<environment.Job instance at 0x7fe08b385be0>,65,19,[9 4],66,120,139,54,110
1,<environment.Job instance at 0x7fe08b23c190>,70,14,[2 7],71,126,140,55,111
1,<environment.Job instance at 0x7fe08b386140>,71,15,[4 8],72,139,154,67,125
1,<environment.Job instance at 0x7fe08b377550>,76,15,[3 6],77,140,155,63,126
1,<environment.Job instance at 0x7fe08b066690>,78,16,[2 6],79,154,170,75,141
1,<environment.Job instance at 0x7fe08b92a7d0>,80,19,[5 5],81,155,174,74,145
1,<environment.Job instance at 0x7fe08b0baf50>,82,20,[8 5],83,170,190,87,161
1,<environment.Job instance at 0x7fe08b16ca50>,85,13,[4 8],86,174,187,88,161
1,<environment.Job instance at 0x7fe08afe72d0>,86,13,[5 8],87,187,200,100,171
1,<environment.Job instance at 0x7fe08af785a0>,91,15,[6 1],92,190,205,98,176
1,<environment.Job instance at 0x7fe08b449730>,26,17,[11  3],27,205,222,178,193
1,<environment.Job instance at 0x7fe08af91c30>,94,15,[ 1 12],95,200,215,105,193
1,<environment.Job instance at 0x7fe08af91230>,95,14,[ 1 12],96,215,229,119,200
1,<environment.Job instance at 0x7fe08af91190>,96,13,[2 5],97,229,242,132,213
1,<environment.Job instance at 0x7fe08af86eb0>,93,22,[9 5],94,229,251,135,223
1,<environment.Job instance at 0x7fe08af91b90>,99,17,[6 2],100,242,259,142,230
1,<environment.Job instance at 0x7fe08af910f0>,100,17,[5 1],101,251,268,150,239
1,<environment.Job instance at 0x7fe08af91550>,103,17,[4 6],104,251,268,147,239
1,<environment.Job instance at 0x7fe08af91410>,105,14,[ 1 10],106,268,282,162,253
1,<environment.Job instance at 0x7fe08af8d2d0>,108,15,[8 2],109,268,283,159,254
1,<environment.Job instance at 0x7fe08af8da00>,112,17,[9 4],113,283,300,170,271
1,<environment.Job instance at 0x7fe08b449d20>,25,19,[12  5],26,300,319,274,290
1,<environment.Job instance at 0x7fe08af8e960>,118,16,[11  1],119,319,335,200,306
1,<environment.Job instance at 0x7fe08af8eeb0>,119,14,[14  2],120,335,349,215,320
1,<environment.Job instance at 0x7fe08af8ee60>,120,22,[5 9],121,349,371,228,342
1,<environment.Job instance at 0x7fe08af8ebe0>,121,15,[ 2 11],122,371,386,249,357
1,<environment.Job instance at 0x7fe08af8e0a0>,122,16,[11  1],123,371,387,248,358
1,<environment.Job instance at 0x7fe08af8e6e0>,117,22,[3 9],118,386,408,268,380
1,<environment.Job instance at 0x7fe08b02b0a0>,131,15,[5 5],132,387,402,255,380
1,<environment.Job instance at 0x7fe08af8cb90>,133,13,[4 8],134,408,421,274,392
1,<environment.Job instance at 0x7fe08af8c460>,134,20,[6 1],135,392,412,257,392
1,<environment.Job instance at 0x7fe08af8c1e0>,137,21,[5 9],138,421,442,283,413
1,<environment.Job instance at 0x7fe08b013aa0>,150,13,[1 6],151,413,426,262,413
1,<environment.Job instance at 0x7fe08b013f50>,152,20,[8 1],153,426,446,273,421
1,<environment.Job instance at 0x7fe095070410>,156,20,[5 7],157,442,462,285,433
1,<environment.Job instance at 0x7fe08b0bc9b0>,157,16,[5 4],158,446,462,288,433
1,<environment.Job instance at 0x7fe095070d70>,158,14,[8 3],159,462,476,303,447
1,<environment.Job instance at 0x7fe095142b90>,162,18,[3 6],163,462,480,299,451
1,<environment.Job instance at 0x7fe08af92690>,164,15,[5 5],165,476,491,311,462
1,<environment.Job instance at 0x7fe08b0bd230>,166,16,[3 9],167,480,496,313,467
1,<environment.Job instance at 0x7fe08b0b41e0>,168,12,[ 5 10],169,496,508,327,479
1,<environment.Job instance at 0x7fe08b201910>,171,21,[4 8],172,508,529,336,500
1,<environment.Job instance at 0x7fe08b11c9b0>,174,18,[8 3],175,500,518,325,500
1,<environment.Job instance at 0x7fe08b269af0>,175,14,[8 5],176,518,532,342,503
1,<environment.Job instance at 0x7fe08b2aba50>,177,16,[5 8],178,529,545,351,516
1,<environment.Job instance at 0x7fe08b245870>,178,13,[1 7],179,532,545,353,516
1,<environment.Job instance at 0x7fe08b1fbf00>,185,13,[5 5],186,545,558,359,529
1,<environment.Job instance at 0x7fe08b2591e0>,188,14,[7 5],189,545,559,356,530
1,<environment.Job instance at 0x7fe08b3b4fa0>,0,17,[12  2],1,559,576,558,552
1,<environment.Job instance at 0x7fe08af8e320>,123,25,[2 8],124,599,624,475,599
1,<environment.Job instance at 0x7fe08b4496e0>,23,16,[11  1],24,654,670,630,654
1,<environment.Job instance at 0x7fe08b2729b0>,5,15,[8 5],6,6,21,0,6
1,<environment.Job instance at 0x7fe08b2722d0>,10,23,[7 4],11,11,34,0,11
1,<environment.Job instance at 0x7fe08b272f00>,12,12,[7 2],13,21,33,8,13
1,<environment.Job instance at 0x7fe08b272230>,16,27,[ 2 14],17,34,61,17,32
1,<environment.Job instance at 0x7fe08b272e10>,14,20,[3 8],15,61,81,46,52
1,<environment.Job instance at 0x7fe08b2c5500>,18,17,[4 8],19,81,98,62,69
1,<environment.Job instance at 0x7fe08b2c5b40>,21,13,[4 9],22,98,111,76,82
1,<environment.Job instance at 0x7fe08b2c57d0>,25,14,[ 2 10],26,111,125,85,102
1,<environment.Job instance at 0x7fe08b2c55a0>,29,14,[ 5 10],30,125,139,95,110
1,<environment.Job instance at 0x7fe08b2c5e10>,30,16,[5 9],31,139,155,108,126
1,<environment.Job instance at 0x7fe08b2c5320>,32,13,[ 1 10],33,155,168,122,143
1,<environment.Job instance at 0x7fe08b272dc0>,0,17,[12  4],1,155,172,154,152
1,<environment.Job instance at 0x7fe08b2c5910>,34,20,[14  2],35,172,192,137,163
1,<environment.Job instance at 0x7fe08b2c5b90>,35,15,[8 4],36,192,207,156,179
1,<environment.Job instance at 0x7fe08b2c5640>,36,17,[ 3 10],37,192,209,155,180
1,<environment.Job instance at 0x7fe08b2c5dc0>,37,14,[6 4],38,207,221,169,192
1,<environment.Job instance at 0x7fe08b2c5820>,38,19,[1 7],39,209,228,170,199
1,<environment.Job instance at 0x7fe08b2c5f50>,33,21,[8 1],34,209,230,175,206
1,<environment.Job instance at 0x7fe08b2d33c0>,52,15,[5 8],53,228,243,175,216
1,<environment.Job instance at 0x7fe08b2d3320>,54,20,[10  4],55,230,250,175,226
1,<environment.Job instance at 0x7fe08b2d3370>,55,16,[6 3],56,250,266,194,237
1,<environment.Job instance at 0x7fe08b2d3e60>,56,14,[5 7],57,243,257,186,237
1,<environment.Job instance at 0x7fe08b2d3640>,57,18,[4 7],58,257,275,199,246
1,<environment.Job instance at 0x7fe08b2d3730>,63,12,[10  3],64,266,278,202,249
1,<environment.Job instance at 0x7fe08b2dc960>,66,16,[2 9],67,275,291,208,262
1,<environment.Job instance at 0x7fe08b2dc4b0>,67,14,[5 6],68,278,292,210,263
1,<environment.Job instance at 0x7fe08b2dcaf0>,70,17,[8 1],71,291,308,220,279
1,<environment.Job instance at 0x7fe08b2dc640>,76,14,[ 4 10],77,292,306,215,282
1,<environment.Job instance at 0x7fe08b2dcfa0>,78,12,[8 5],79,308,320,229,291
1,<environment.Job instance at 0x7fe08b2720f0>,11,22,[5 9],12,306,328,294,299
1,<environment.Job instance at 0x7fe08b2dc7d0>,79,21,[9 2],80,320,341,240,312
1,<environment.Job instance at 0x7fe08b2dc5f0>,83,16,[6 3],84,328,344,244,315
1,<environment.Job instance at 0x7fe08b2cbaf0>,89,19,[7 4],90,341,360,251,331
1,<environment.Job instance at 0x7fe08b2cb230>,93,22,[1 6],94,341,363,247,341
1,<environment.Job instance at 0x7fe08b2dc0f0>,80,18,[14  2],81,360,378,279,349
1,<environment.Job instance at 0x7fe08b2c5e60>,17,24,[13  5],18,378,402,360,373
1,<environment.Job instance at 0x7fe08b2cb050>,97,20,[ 1 11],98,402,422,304,393
1,<environment.Job instance at 0x7fe08b2cb190>,98,19,[13  2],99,402,421,303,393
1,<environment.Job instance at 0x7fe08b2cbfa0>,99,12,[ 1 11],100,422,434,322,405
1,<environment.Job instance at 0x7fe08b2cb1e0>,95,22,[8 2],96,422,444,326,422
1,<environment.Job instance at 0x7fe08b272550>,15,26,[ 3 12],16,434,460,418,431
1,<environment.Job instance at 0x7fe08b2cb4b0>,102,16,[10  3],103,444,460,341,431
1,<environment.Job instance at 0x7fe08b2cbf50>,105,13,[6 4],106,460,473,354,444
1,<environment.Job instance at 0x7fe08b2cb140>,106,14,[10  3],107,473,487,366,458
1,<environment.Job instance at 0x7fe08b23c690>,108,19,[1 5],109,460,479,351,459
1,<environment.Job instance at 0x7fe08b23cc30>,109,18,[2 9],110,479,497,369,470
1,<environment.Job instance at 0x7fe08b23c730>,110,18,[10  4],111,487,505,376,476
1,<environment.Job instance at 0x7fe08b23cc80>,111,13,[6 5],112,505,518,393,489
1,<environment.Job instance at 0x7fe08b23c0a0>,113,14,[4 5],114,497,511,383,490
1,<environment.Job instance at 0x7fe08b23caa0>,117,15,[9 5],118,511,526,393,497
1,<environment.Job instance at 0x7fe08b23cf00>,119,17,[1 7],120,518,535,398,506
1,<environment.Job instance at 0x7fe08b23c870>,120,15,[5 1],121,518,533,397,508
1,<environment.Job instance at 0x7fe08b2cb370>,103,24,[11  3],104,533,557,429,528
1,<environment.Job instance at 0x7fe08b23cf50>,122,12,[12  4],123,557,569,434,540
1,<environment.Job instance at 0x7fe08b23ca50>,123,21,[ 2 11],124,541,562,417,541
1,<environment.Job instance at 0x7fe08b23c0f0>,121,18,[5 9],122,569,587,447,563
1,<environment.Job instance at 0x7fe08b0fe320>,126,14,[5 9],127,587,601,460,572
1,<environment.Job instance at 0x7fe08b0fea50>,128,12,[2 5],129,572,584,443,572
1,<environment.Job instance at 0x7fe08b0fe870>,129,16,[6 5],130,584,600,454,572
1,<environment.Job instance at 0x7fe08b2cb640>,100,20,[13  5],101,601,621,500,593
1,<environment.Job instance at 0x7fe08b0fe9b0>,136,18,[7 5],137,621,639,484,610
1,<environment.Job instance at 0x7fe08b0febe0>,137,18,[5 9],138,624,642,486,624
1,<environment.Job instance at 0x7fe08b23ceb0>,124,23,[14  3],125,642,665,517,636
1,<environment.Job instance at 0x7fe08b0bd9b0>,140,19,[4 9],141,665,684,524,656
1,<environment.Job instance at 0x7fe08b0bc3c0>,141,12,[10  2],142,665,677,523,656
1,<environment.Job instance at 0x7fe08b0c2320>,142,26,[13  5],143,684,710,541,681
1,<environment.Job instance at 0x7fe08b0b5d20>,143,24,[ 2 10],144,684,708,540,682
1,<environment.Job instance at 0x7fe08b0c2690>,144,19,[9 4],145,710,729,565,700
1,<environment.Job instance at 0x7fe08b0b58c0>,145,27,[10  2],146,729,756,583,727
1,<environment.Job instance at 0x7fe08b0b5dc0>,146,18,[6 4],147,756,774,609,745
1,<environment.Job instance at 0x7fe08b0b5e60>,147,27,[7 2],148,756,783,608,754
1,<environment.Job instance at 0x7fe08b0b5230>,148,15,[13  2],149,783,798,634,769
1,<environment.Job instance at 0x7fe08b0b52d0>,149,17,[11  1],150,798,815,648,786
1,<environment.Job instance at 0x7fe08b0b50a0>,150,24,[13  2],151,815,839,664,810
1,<environment.Job instance at 0x7fe08b0b5f00>,151,16,[7 3],152,839,855,687,826
1,<environment.Job instance at 0x7fe08b531780>,152,25,[11  4],153,855,880,702,851
1,<environment.Job instance at 0x7fe08b0c15a0>,153,15,[ 3 10],154,851,866,697,851
1,<environment.Job instance at 0x7fe08b534b90>,154,23,[1 6],155,866,889,711,860
1,<environment.Job instance at 0x7fe095048a50>,155,18,[7 5],164,880,898,716,869
1,<environment.Job instance at 0x7fe08b0fe730>,139,22,[3 8],140,889,911,749,882
1,<environment.Job instance at 0x7fe08b0ba410>,157,20,[2 9],181,911,931,730,902
1,<environment.Job instance at 0x7fe08b2cb550>,96,17,[11  1],97,902,919,805,902
1,<environment.Job instance at 0x7fe08b5d4b90>,156,17,[ 1 11],180,931,948,751,930
1,<environment.Job instance at 0x7fe08b1e3c80>,39,18,[14  4],40,950,968,910,950
1,<environment.Job instance at 0x7fe08b22d8c0>,1,20,[10  5],2,2,22,0,2
1,<environment.Job instance at 0x7fe08af50870>,6,13,[12  2],7,22,35,15,8
1,<environment.Job instance at 0x7fe08af50640>,8,14,[11  2],9,35,49,26,20
1,<environment.Job instance at 0x7fe08af50550>,3,15,[7 4],4,49,64,45,35
1,<environment.Job instance at 0x7fe08af50b40>,10,28,[2 7],11,35,63,24,35
1,<environment.Job instance at 0x7fe08af50c80>,12,13,[5 5],13,63,76,50,47
1,<environment.Job instance at 0x7fe08af507d0>,5,13,[1 7],6,67,80,61,67
1,<environment.Job instance at 0x7fe08af50f00>,16,14,[6 4],17,76,90,59,67
1,<environment.Job instance at 0x7fe08af524b0>,24,20,[3 8],25,80,100,55,75
1,<environment.Job instance at 0x7fe08af50d20>,13,23,[12  2],14,90,113,76,85
1,<environment.Job instance at 0x7fe08af525f0>,26,14,[ 4 10],27,113,127,86,98
1,<environment.Job instance at 0x7fe08af52690>,27,13,[6 2],28,113,126,85,98
1,<environment.Job instance at 0x7fe08af52730>,28,25,[ 1 10],29,127,152,98,123
1,<environment.Job instance at 0x7fe08af52550>,25,17,[2 9],26,152,169,126,140
1,<environment.Job instance at 0x7fe08af52910>,31,18,[6 1],32,140,158,108,140
1,<environment.Job instance at 0x7fe08af527d0>,29,19,[9 4],30,158,177,128,148
1,<environment.Job instance at 0x7fe08af529b0>,32,19,[1 7],33,169,188,136,162
1,<environment.Job instance at 0x7fe08af52d70>,38,17,[7 1],39,177,194,138,165
1,<environment.Job instance at 0x7fe08af52140>,42,21,[6 4],43,177,198,134,169
1,<environment.Job instance at 0x7fe08af55190>,44,20,[10  4],45,198,218,153,189
1,<environment.Job instance at 0x7fe08af55410>,47,16,[ 4 10],48,200,216,152,200
1,<environment.Job instance at 0x7fe08af555a0>,49,17,[5 5],50,216,233,166,204
1,<environment.Job instance at 0x7fe08af556e0>,51,15,[9 4],52,218,233,166,204
1,<environment.Job instance at 0x7fe08af55820>,53,13,[1 5],54,218,231,164,204
1,<environment.Job instance at 0x7fe08af55aa0>,57,20,[7 1],58,233,253,175,224
1,<environment.Job instance at 0x7fe08af55be0>,59,16,[4 9],60,233,249,173,226
1,<environment.Job instance at 0x7fe08af55c80>,60,18,[ 2 10],61,249,267,188,238
1,<environment.Job instance at 0x7fe08af55e60>,63,14,[6 5],64,253,267,189,238
1,<environment.Job instance at 0x7fe08af55fa0>,65,15,[10  3],66,267,282,201,253
1,<environment.Job instance at 0x7fe08af55f50>,68,13,[9 4],69,282,295,213,266
1,<environment.Job instance at 0x7fe08af57460>,71,15,[4 5],72,267,282,195,266
1,<environment.Job instance at 0x7fe08af575a0>,73,21,[1 6],74,267,288,193,266
1,<environment.Job instance at 0x7fe08af571e0>,76,16,[4 5],77,282,298,205,269
1,<environment.Job instance at 0x7fe08b9d00f0>,79,16,[ 5 10],80,295,311,215,283
1,<environment.Job instance at 0x7fe08b31c5a0>,80,18,[7 3],81,298,316,217,287
1,<environment.Job instance at 0x7fe08af452d0>,81,16,[9 2],82,316,332,234,303
1,<environment.Job instance at 0x7fe08af45370>,84,21,[6 5],85,311,332,226,304
1,<environment.Job instance at 0x7fe08af45320>,86,20,[3 6],87,332,352,245,323
1,<environment.Job instance at 0x7fe08af450f0>,87,13,[9 4],88,332,345,244,323
1,<environment.Job instance at 0x7fe08af45050>,88,19,[ 5 10],89,352,371,263,346
1,<environment.Job instance at 0x7fe08b6dffa0>,89,15,[7 3],90,346,361,256,346
1,<environment.Job instance at 0x7fe08af45280>,90,17,[4 7],91,371,388,280,359
1,<environment.Job instance at 0x7fe08b6cfe60>,91,17,[4 5],92,361,378,269,359
1,<environment.Job instance at 0x7fe08c4ebc80>,93,15,[4 9],94,388,403,294,374
1,<environment.Job instance at 0x7fe08b344af0>,98,17,[5 2],99,374,391,275,374
1,<environment.Job instance at 0x7fe08c0551e0>,99,18,[1 9],100,403,421,303,393
1,<environment.Job instance at 0x7fe08b4160a0>,100,15,[6 3],101,393,408,292,393
1,<environment.Job instance at 0x7fe08c4f74b0>,101,15,[3 9],102,421,436,319,407
1,<environment.Job instance at 0x7fe08b099820>,102,21,[9 5],103,413,434,310,413
1,<environment.Job instance at 0x7fe08b34a5f0>,106,14,[7 2],107,434,448,327,419
1,<environment.Job instance at 0x7fe08b6db050>,110,18,[11  4],111,448,466,337,437
1,<environment.Job instance at 0x7fe08b6db280>,111,13,[7 1],112,466,479,354,453
1,<environment.Job instance at 0x7fe08b6c7aa0>,112,14,[3 6],113,453,467,340,453
1,<environment.Job instance at 0x7fe08b6d48c0>,114,19,[6 1],115,467,486,352,457
1,<environment.Job instance at 0x7fe08b6d4960>,116,16,[5 8],117,479,495,362,466
1,<environment.Job instance at 0x7fe08b6d8280>,121,14,[6 1],122,486,500,364,475
1,<environment.Job instance at 0x7fe08b6d8960>,122,20,[6 3],123,495,515,372,486
1,<environment.Job instance at 0x7fe08b6d8b90>,123,17,[10  4],124,515,532,391,503
1,<environment.Job instance at 0x7fe08b6d8230>,124,14,[3 9],125,505,519,380,505
1,<environment.Job instance at 0x7fe08b352050>,127,18,[10  3],128,532,550,404,521
1,<environment.Job instance at 0x7fe08b352230>,131,20,[5 6],132,530,550,398,530
1,<environment.Job instance at 0x7fe08b352460>,135,16,[10  2],136,550,566,414,537
1,<environment.Job instance at 0x7fe08af31c80>,138,17,[5 5],139,550,567,411,538
1,<environment.Job instance at 0x7fe08af310f0>,139,13,[8 2],140,566,579,426,551
1,<environment.Job instance at 0x7fe08af31dc0>,140,19,[8 4],141,579,598,438,569
1,<environment.Job instance at 0x7fe08af31140>,142,15,[9 3],143,598,613,455,584
1,<environment.Job instance at 0x7fe08af31b90>,143,16,[6 3],144,587,603,443,587
1,<environment.Job instance at 0x7fe08b3417d0>,145,23,[4 5],146,603,626,457,601
1,<environment.Job instance at 0x7fe08b341c30>,146,18,[10  2],147,613,631,466,602
1,<environment.Job instance at 0x7fe08b341690>,147,20,[7 5],148,631,651,483,622
1,<environment.Job instance at 0x7fe08b3412d0>,150,21,[5 2],151,629,650,478,629
1,<environment.Job instance at 0x7fe08b341820>,154,14,[7 1],163,650,664,487,640
1,<environment.Job instance at 0x7fe08b341f50>,155,16,[11  4],164,664,680,500,651
1,<environment.Job instance at 0x7fe08af50910>,7,22,[13  4],8,680,702,672,673
1,<environment.Job instance at 0x7fe08b3418c0>,157,27,[12  1],166,702,729,536,700
1,<environment.Job instance at 0x7fe08af50820>,9,24,[ 2 14],10,702,726,692,701
1,<environment.Job instance at 0x7fe08b341780>,159,14,[2 6],168,726,740,558,721
1,<environment.Job instance at 0x7fe08b3415f0>,156,22,[9 4],165,729,751,564,723
1,<environment.Job instance at 0x7fe08b222280>,0,18,[11  5],1,785,803,784,785
1,<environment.Job instance at 0x7fe08b341410>,160,22,[ 3 14],169,848,870,679,848
1,<environment.Job instance at 0x7fe08af528c0>,2,12,[8 4],3,3,15,0,3
1,<environment.Job instance at 0x7fe08bad9d20>,0,19,[1 7],1,4,23,3,4
1,<environment.Job instance at 0x7fe08af52a50>,4,13,[5 4],5,5,18,0,5
1,<environment.Job instance at 0x7fe08ba6eb40>,8,15,[7 2],9,15,30,6,9
1,<environment.Job instance at 0x7fe08ba6e870>,11,16,[4 6],12,18,34,6,12
1,<environment.Job instance at 0x7fe08b6f94b0>,18,13,[5 3],19,30,43,11,19
1,<environment.Job instance at 0x7fe08bad99b0>,5,14,[8 5],6,34,48,28,19
1,<environment.Job instance at 0x7fe08b6f9cd0>,20,14,[13  2],21,48,62,27,42
1,<environment.Job instance at 0x7fe08b6f9e60>,21,16,[5 1],22,62,78,40,51
1,<environment.Job instance at 0x7fe08b6f9640>,24,18,[2 8],25,52,70,27,52
1,<environment.Job instance at 0x7fe08b6f9410>,19,16,[ 3 10],20,70,86,50,57
1,<environment.Job instance at 0x7fe08b6f9960>,29,17,[1 6],30,86,103,56,74
1,<environment.Job instance at 0x7fe08b6f9af0>,30,21,[1 8],31,86,107,55,78
1,<environment.Job instance at 0x7fe08b6f99b0>,28,23,[3 7],29,103,126,74,98
1,<environment.Job instance at 0x7fe08c117aa0>,40,24,[11  5],41,107,131,66,102
1,<environment.Job instance at 0x7fe08c117640>,41,25,[2 7],42,126,151,84,122
1,<environment.Job instance at 0x7fe08b6f96e0>,22,23,[ 1 14],23,151,174,128,145
1,<environment.Job instance at 0x7fe08c117be0>,43,21,[ 3 14],44,174,195,130,166
1,<environment.Job instance at 0x7fe08c117e10>,44,17,[10  5],45,195,212,150,183
1,<environment.Job instance at 0x7fe08c117280>,45,17,[3 6],46,195,212,149,183
1,<environment.Job instance at 0x7fe08c1174b0>,46,18,[14  2],47,212,230,165,201
1,<environment.Job instance at 0x7fe08c1170a0>,42,23,[10  4],43,230,253,187,224
1,<environment.Job instance at 0x7fe08b760140>,48,16,[1 5],49,224,240,175,224
1,<environment.Job instance at 0x7fe08b6f9500>,23,27,[5 5],24,242,269,218,242
1,<environment.Job instance at 0x7fe08b7435a0>,31,25,[5 8],32,253,278,221,251
1,<environment.Job instance at 0x7fe08b7604b0>,51,13,[9 3],52,269,282,217,255
1,<environment.Job instance at 0x7fe08c117cd0>,39,20,[3 8],40,278,298,238,269
1,<environment.Job instance at 0x7fe08b760190>,53,15,[3 8],54,298,313,244,284
1,<environment.Job instance at 0x7fe08b7605a0>,54,13,[6 5],55,284,297,229,284
1,<environment.Job instance at 0x7fe08b760a00>,61,17,[9 2],62,297,314,235,285
1,<environment.Job instance at 0x7fe08b760c30>,63,16,[ 3 10],64,313,329,249,300
1,<environment.Job instance at 0x7fe08bdab640>,69,14,[5 4],70,314,328,244,300
1,<environment.Job instance at 0x7fe08bdab820>,72,18,[9 3],73,328,346,255,317
1,<environment.Job instance at 0x7fe08bdab320>,80,13,[8 3],81,346,359,265,330
1,<environment.Job instance at 0x7fe08c04c870>,90,13,[7 5],91,346,359,255,330
1,<environment.Job instance at 0x7fe08c04c960>,94,15,[4 6],95,359,374,264,345
1,<environment.Job instance at 0x7fe08c04c230>,95,22,[7 1],96,359,381,263,353
1,<environment.Job instance at 0x7fe08c04ca50>,97,17,[5 4],98,374,391,276,362
1,<environment.Job instance at 0x7fe08b760d20>,52,16,[ 2 13],53,391,407,338,378
1,<environment.Job instance at 0x7fe08c04cc30>,99,16,[ 4 10],100,407,423,307,394
1,<environment.Job instance at 0x7fe08c04c5f0>,98,14,[8 1],99,398,412,299,398
1,<environment.Job instance at 0x7fe08bd87cd0>,105,21,[6 5],106,412,433,306,404
1,<environment.Job instance at 0x7fe08bd87dc0>,117,19,[2 8],118,423,442,305,418
1,<environment.Job instance at 0x7fe08bd87b90>,118,15,[1 9],119,442,457,323,433
1,<environment.Job instance at 0x7fe08bf088c0>,122,16,[ 4 10],123,457,473,334,449
1,<environment.Job instance at 0x7fe08bf08320>,123,18,[1 8],124,473,491,349,462
1,<environment.Job instance at 0x7fe08bf08140>,124,13,[4 7],125,473,486,348,462
1,<environment.Job instance at 0x7fe08bf08aa0>,133,18,[5 8],134,491,509,357,482
1,<environment.Job instance at 0x7fe08bbdf7d0>,138,20,[10  2],139,486,506,347,484
1,<environment.Job instance at 0x7fe08b7ba0a0>,143,14,[7 2],144,506,520,362,491
1,<environment.Job instance at 0x7fe08bed9af0>,149,20,[5 6],150,509,529,359,500
1,<environment.Job instance at 0x7fe08baa1780>,150,15,[10  1],151,520,535,369,512
1,<environment.Job instance at 0x7fe08ba6fc30>,151,14,[3 8],152,529,543,377,514
1,<environment.Job instance at 0x7fe08ba6f140>,152,16,[6 5],153,535,551,382,522
1,<environment.Job instance at 0x7fe08ba6ff50>,153,14,[5 4],154,543,557,389,528
1,<environment.Job instance at 0x7fe08c04ce60>,100,18,[ 5 14],101,557,575,456,553
1,<environment.Job instance at 0x7fe08bb240f0>,159,16,[9 2],160,575,591,415,563
1,<environment.Job instance at 0x7fe08c117d70>,47,27,[ 5 13],48,575,602,527,573
1,<environment.Job instance at 0x7fe08bf08d20>,165,17,[8 3],184,602,619,418,590
1,<environment.Job instance at 0x7fe08bb24140>,160,28,[ 1 11],161,1493,1521,1332,1493
1,<environment.Job instance at 0x7fe08baf7d70>,161,22,[8 3],162,2306,2328,2144,2306
1,<environment.Job instance at 0x7fe08bdf3a00>,0,14,[7 4],1,1,15,0,1
1,<environment.Job instance at 0x7fe08c432960>,1,13,[11  1],2,15,28,13,2
1,<environment.Job instance at 0x7fe08ac13230>,7,21,[2 5],8,8,29,0,8
1,<environment.Job instance at 0x7fe08ac13870>,8,19,[7 2],9,28,47,19,18
1,<environment.Job instance at 0x7fe08b76e140>,12,14,[5 5],13,28,42,15,18
1,<environment.Job instance at 0x7fe08aca4500>,15,16,[6 1],16,42,58,26,29
1,<environment.Job instance at 0x7fe08bdaeeb0>,18,18,[1 5],19,29,47,10,29
1,<environment.Job instance at 0x7fe08bdae1e0>,20,12,[6 3],21,47,59,26,30
1,<environment.Job instance at 0x7fe08bd22a00>,21,16,[10  2],22,59,75,37,46
1,<environment.Job instance at 0x7fe08c4dba50>,25,13,[9 5],26,75,88,49,59
1,<environment.Job instance at 0x7fe08c4dbe10>,26,18,[6 2],27,75,93,48,64
1,<environment.Job instance at 0x7fe08c4dbf00>,28,13,[7 5],29,88,101,59,72
1,<environment.Job instance at 0x7fe08bc85c30>,31,15,[7 3],32,93,108,61,79
1,<environment.Job instance at 0x7fe08b310190>,35,14,[4 7],36,101,115,65,86
1,<environment.Job instance at 0x7fe08b3104b0>,36,21,[2 8],37,108,129,71,100
1,<environment.Job instance at 0x7fe08b803d70>,42,18,[5 4],43,115,133,72,104
1,<environment.Job instance at 0x7fe08ac300f0>,44,13,[1 6],45,129,142,84,113
1,<environment.Job instance at 0x7fe08ac30c80>,45,21,[ 3 10],46,142,163,96,134
1,<environment.Job instance at 0x7fe08ac30730>,46,22,[2 6],47,163,185,116,156
1,<environment.Job instance at 0x7fe08ac30dc0>,48,17,[7 4],49,156,173,107,156
1,<environment.Job instance at 0x7fe08ac30690>,49,23,[5 5],50,163,186,113,157
1,<environment.Job instance at 0x7fe08bce7f50>,50,19,[6 2],51,173,192,122,163
1,<environment.Job instance at 0x7fe08c3fd190>,54,21,[9 1],55,186,207,131,178
1,<environment.Job instance at 0x7fe08c05b3c0>,55,16,[4 9],56,192,208,136,179
1,<environment.Job instance at 0x7fe08b590460>,57,12,[4 5],58,207,219,149,190
1,<environment.Job instance at 0x7fe08b627aa0>,58,21,[10  3],59,208,229,149,200
1,<environment.Job instance at 0x7fe08b6270a0>,61,22,[1 8],62,219,241,157,213
1,<environment.Job instance at 0x7fe08b5175f0>,64,12,[ 5 10],65,241,253,176,224
1,<environment.Job instance at 0x7fe08c00bfa0>,65,19,[7 5],66,229,248,163,224
1,<environment.Job instance at 0x7fe08bd187d0>,66,16,[8 4],67,248,264,181,235
1,<environment.Job instance at 0x7fe08bd18550>,68,22,[5 7],69,253,275,184,246
1,<environment.Job instance at 0x7fe08acab640>,72,20,[5 8],73,264,284,191,255
1,<environment.Job instance at 0x7fe08bc1f410>,77,14,[9 5],78,275,289,197,260
1,<environment.Job instance at 0x7fe08acabfa0>,82,17,[6 4],83,284,301,201,272
1,<environment.Job instance at 0x7fe08b49d640>,84,21,[ 3 10],85,289,310,204,281
1,<environment.Job instance at 0x7fe08b453960>,87,12,[5 1],88,289,301,201,281
1,<environment.Job instance at 0x7fe08c169aa0>,88,21,[7 1],89,301,322,212,293
1,<environment.Job instance at 0x7fe08b496050>,92,21,[1 6],93,310,331,217,302
1,<environment.Job instance at 0x7fe08b496e10>,93,15,[8 1],94,322,337,228,308
1,<environment.Job instance at 0x7fe08b496960>,94,14,[5 7],95,310,324,215,308
1,<environment.Job instance at 0x7fe08b62d050>,103,19,[10  1],104,337,356,233,327
1,<environment.Job instance at 0x7fe08b44f140>,105,20,[1 8],106,327,347,221,327
1,<environment.Job instance at 0x7fe08ac07870>,106,18,[5 4],107,347,365,240,336
1,<environment.Job instance at 0x7fe08ac4fbe0>,107,17,[7 2],108,356,373,248,344
1,<environment.Job instance at 0x7fe08b37d730>,108,18,[ 4 10],109,365,383,256,354
1,<environment.Job instance at 0x7fe08ac4f370>,109,13,[7 2],110,373,386,263,357
1,<environment.Job instance at 0x7fe08b3b65a0>,113,15,[10  5],114,386,401,272,372
1,<environment.Job instance at 0x7fe08b3b7e10>,115,22,[3 8],116,383,405,267,376
1,<environment.Job instance at 0x7fe08b4d1730>,116,16,[4 7],117,401,417,284,388
1,<environment.Job instance at 0x7fe08b4d1dc0>,117,12,[9 1],118,405,417,287,388
1,<environment.Job instance at 0x7fe08b449730>,121,14,[2 9],122,417,431,295,402
1,<environment.Job instance at 0x7fe08b449e60>,124,15,[3 5],125,417,432,292,403
1,<environment.Job instance at 0x7fe08b3b8190>,131,14,[5 7],132,431,445,299,416
1,<environment.Job instance at 0x7fe08b3b8dc0>,132,16,[4 6],133,432,448,299,419
1,<environment.Job instance at 0x7fe08b3b83c0>,133,13,[8 1],134,445,458,311,429
1,<environment.Job instance at 0x7fe08bcc9690>,135,16,[ 3 10],136,448,464,312,435
1,<environment.Job instance at 0x7fe08bcc9e60>,137,18,[8 3],138,458,476,320,447
1,<environment.Job instance at 0x7fe08b1c6fa0>,141,19,[6 1],142,464,483,322,454
1,<environment.Job instance at 0x7fe08b1c6a50>,142,12,[2 5],143,476,488,333,459
1,<environment.Job instance at 0x7fe08b1c6140>,143,20,[9 2],144,483,503,339,474
1,<environment.Job instance at 0x7fe08b1c6780>,147,22,[2 8],148,476,498,328,474
1,<environment.Job instance at 0x7fe08b1c6960>,149,20,[4 6],150,498,518,348,489
1,<environment.Job instance at 0x7fe08b1c6050>,153,14,[10  4],154,503,517,349,489
1,<environment.Job instance at 0x7fe08b1c65a0>,154,19,[4 7],155,517,536,362,507
1,<environment.Job instance at 0x7fe08c55a820>,157,18,[1 9],158,536,554,378,525
1,<environment.Job instance at 0x7fe08c55afa0>,158,19,[3 6],159,525,544,366,525
1,<environment.Job instance at 0x7fe08c55ac80>,159,19,[9 1],160,544,563,384,534
1,<environment.Job instance at 0x7fe08c55a6e0>,160,21,[9 1],161,563,584,402,555
1,<environment.Job instance at 0x7fe08c55aaf0>,162,18,[5 2],163,555,573,392,555
1,<environment.Job instance at 0x7fe08c55a8c0>,163,16,[7 5],164,584,600,420,571
1,<environment.Job instance at 0x7fe08c0694b0>,165,12,[8 3],166,584,596,418,571
1,<environment.Job instance at 0x7fe08c069aa0>,169,16,[4 8],170,596,612,426,583
1,<environment.Job instance at 0x7fe08c069780>,170,13,[9 1],171,600,613,429,584
1,<environment.Job instance at 0x7fe08c069f50>,176,22,[3 9],180,612,634,432,605
1,<environment.Job instance at 0x7fe08ac13960>,9,20,[3 9],10,3709,3729,3699,3709
1,<environment.Job instance at 0x7fe08b84cb40>,2,26,[ 1 13],3,3729,3755,3726,3726
1,<environment.Job instance at 0x7fe08b38c050>,0,12,[9 5],1,1,13,0,1
1,<environment.Job instance at 0x7fe08b38c910>,1,14,[ 3 11],2,13,27,11,2
1,<environment.Job instance at 0x7fe08bc3cc80>,2,15,[11  2],3,13,28,10,3
1,<environment.Job instance at 0x7fe08b957f00>,5,18,[ 2 10],6,27,45,21,16
1,<environment.Job instance at 0x7fe08b91dcd0>,8,14,[8 5],9,28,42,19,16
1,<environment.Job instance at 0x7fe08b9450f0>,12,14,[6 3],13,42,56,29,27
1,<environment.Job instance at 0x7fe08bfea230>,4,12,[8 3],5,45,57,40,31
1,<environment.Job instance at 0x7fe08b1ad500>,16,16,[2 9],17,56,72,39,43
1,<environment.Job instance at 0x7fe08c49f7d0>,22,18,[1 6],23,57,75,34,46
1,<environment.Job instance at 0x7fe08c4637d0>,24,18,[9 3],25,72,90,47,61
1,<environment.Job instance at 0x7fe08c463b40>,26,21,[5 6],27,72,93,45,64
1,<environment.Job instance at 0x7fe08c49ea00>,27,19,[2 7],28,90,109,62,80
1,<environment.Job instance at 0x7fe08c49eeb0>,30,15,[5 6],31,93,108,62,80
1,<environment.Job instance at 0x7fe08bff1140>,31,21,[4 9],32,109,130,77,101
1,<environment.Job instance at 0x7fe08b676190>,33,22,[6 2],34,101,123,67,101
1,<environment.Job instance at 0x7fe08c485820>,47,20,[6 4],48,123,143,75,114
1,<environment.Job instance at 0x7fe08c007be0>,50,17,[2 9],51,130,147,79,118
1,<environment.Job instance at 0x7fe08bfecdc0>,57,13,[5 8],58,147,160,89,131
1,<environment.Job instance at 0x7fe08bfecb40>,58,18,[5 2],59,131,149,72,131
1,<environment.Job instance at 0x7fe08bfec960>,65,14,[3 9],66,160,174,94,145
1,<environment.Job instance at 0x7fe08bfd90a0>,67,17,[4 7],68,174,191,106,162
1,<environment.Job instance at 0x7fe08bfd9550>,69,19,[5 8],70,174,193,104,164
1,<environment.Job instance at 0x7fe08c018230>,74,21,[5 8],75,193,214,118,185
1,<environment.Job instance at 0x7fe08c0184b0>,78,16,[7 4],79,191,207,112,185
1,<environment.Job instance at 0x7fe08c018d70>,92,18,[7 1],93,207,225,114,196
1,<environment.Job instance at 0x7fe08c03b190>,98,16,[4 5],99,214,230,115,201
1,<environment.Job instance at 0x7fe08c03b2d0>,100,17,[6 3],101,225,242,124,213
1,<environment.Job instance at 0x7fe08c03b4b0>,101,20,[1 9],102,230,250,128,221
1,<environment.Job instance at 0x7fe08c03b0a0>,102,16,[9 3],103,242,258,139,229
1,<environment.Job instance at 0x7fe08c03b460>,104,22,[6 3],105,250,272,145,243
1,<environment.Job instance at 0x7fe08c03b690>,106,17,[4 7],107,258,275,151,246
1,<environment.Job instance at 0x7fe08c03b9b0>,111,16,[2 7],112,272,288,160,259
1,<environment.Job instance at 0x7fe08c03baf0>,113,21,[2 6],114,275,296,161,267
1,<environment.Job instance at 0x7fe08c03bbe0>,116,20,[2 9],117,288,308,171,279
1,<environment.Job instance at 0x7fe08c03bc30>,120,18,[3 9],121,308,326,187,297
1,<environment.Job instance at 0x7fe08c043320>,124,12,[5 1],125,298,310,173,298
1,<environment.Job instance at 0x7fe08c0434b0>,126,12,[4 8],127,326,338,199,309
1,<environment.Job instance at 0x7fe08c043550>,127,14,[1 9],128,338,352,210,323
1,<environment.Job instance at 0x7fe08c043820>,131,18,[10  5],132,323,341,191,323
1,<environment.Job instance at 0x7fe08c0438c0>,132,12,[1 6],133,341,353,208,324
1,<environment.Job instance at 0x7fe08c043a50>,133,17,[5 5],134,352,369,218,340
1,<environment.Job instance at 0x7fe08c043c30>,136,19,[6 2],137,352,371,215,342
1,<environment.Job instance at 0x7fe08c043e10>,139,14,[9 3],140,369,383,229,354
1,<environment.Job instance at 0x7fe08c043f50>,141,13,[7 2],142,383,396,241,367
1,<environment.Job instance at 0x7fe08c043960>,142,12,[5 2],143,371,383,228,367
1,<environment.Job instance at 0x7fe08c043370>,143,15,[3 9],144,383,398,239,369
1,<environment.Job instance at 0x7fe08c01f320>,146,15,[6 2],147,396,411,249,382
1,<environment.Job instance at 0x7fe08c01f5a0>,150,16,[8 5],151,398,414,247,385
1,<environment.Job instance at 0x7fe08c01f8c0>,155,13,[8 4],156,414,427,258,398
1,<environment.Job instance at 0x7fe08c01faa0>,158,19,[9 2],159,427,446,268,417
1,<environment.Job instance at 0x7fe08c01fc80>,161,22,[5 2],162,417,439,255,417
1,<environment.Job instance at 0x7fe08c01ff00>,163,20,[6 2],164,439,459,275,430
1,<environment.Job instance at 0x7fe08c01fe10>,165,15,[3 6],166,446,461,280,432
1,<environment.Job instance at 0x7fe08c02a280>,168,14,[6 1],169,446,460,277,432
1,<environment.Job instance at 0x7fe08c02a460>,171,18,[10  4],172,460,478,288,449
1,<environment.Job instance at 0x7fe08c02a5a0>,173,15,[7 2],174,478,493,304,464
1,<environment.Job instance at 0x7fe08c02a960>,179,21,[6 1],180,478,499,298,470
1,<environment.Job instance at 0x7fe08c02ae10>,185,15,[6 5],186,493,508,307,479
1,<environment.Job instance at 0x7fe08c02af00>,188,15,[ 2 10],189,499,514,310,485
1,<environment.Job instance at 0x7fe08b91da00>,3,17,[ 5 11],4,607,624,603,607
1,<environment.Job instance at 0x7fe08c1c5b90>,6,17,[5 5],7,1162,1179,1155,1162
1,<environment.Job instance at 0x7fe08b1b90f0>,6,23,[2 7],7,7,30,0,7
1,<environment.Job instance at 0x7fe08b1b9320>,12,15,[4 7],13,13,28,0,13
1,<environment.Job instance at 0x7fe094c23870>,30,12,[9 5],31,31,43,0,31
1,<environment.Job instance at 0x7fe094c23e60>,32,12,[9 4],33,43,55,10,33
1,<environment.Job instance at 0x7fe094c234b0>,33,21,[1 8],34,34,55,0,34
1,<environment.Job instance at 0x7fe08b1b9c80>,21,13,[ 3 13],22,55,68,33,39
1,<environment.Job instance at 0x7fe094c23550>,37,13,[3 7],38,68,81,30,52
1,<environment.Job instance at 0x7fe094c23820>,38,20,[6 2],39,55,75,16,52
1,<environment.Job instance at 0x7fe08b470050>,39,12,[10  2],40,75,87,35,58
1,<environment.Job instance at 0x7fe094c23500>,36,18,[10  3],37,87,105,50,76
1,<environment.Job instance at 0x7fe08b4709b0>,40,23,[5 9],41,81,104,40,76
1,<environment.Job instance at 0x7fe08b470a50>,46,12,[2 6],47,104,116,57,87
1,<environment.Job instance at 0x7fe08b470730>,50,18,[ 2 10],51,116,134,65,105
1,<environment.Job instance at 0x7fe08b470d70>,52,13,[9 1],53,105,118,52,105
1,<environment.Job instance at 0x7fe08b470960>,53,20,[7 1],54,118,138,64,109
1,<environment.Job instance at 0x7fe08b470640>,55,13,[5 7],56,134,147,78,118
1,<environment.Job instance at 0x7fe08bd92960>,60,12,[1 8],61,138,150,77,123
1,<environment.Job instance at 0x7fe08bd92fa0>,61,14,[7 4],62,147,161,85,132
1,<environment.Job instance at 0x7fe08bd924b0>,63,15,[2 7],64,150,165,86,136
1,<environment.Job instance at 0x7fe08bd92af0>,64,16,[3 5],65,161,177,96,148
1,<environment.Job instance at 0x7fe08bd92730>,69,15,[7 2],70,161,176,91,148
1,<environment.Job instance at 0x7fe08bd92550>,70,16,[10  4],71,176,192,105,163
1,<environment.Job instance at 0x7fe08bd92d70>,72,17,[3 9],73,177,194,104,165
1,<environment.Job instance at 0x7fe08b983500>,78,17,[8 5],79,192,209,113,180
1,<environment.Job instance at 0x7fe08af92e10>,84,19,[5 2],85,194,213,109,184
1,<environment.Job instance at 0x7fe08af92640>,85,12,[3 7],86,209,221,123,192
1,<environment.Job instance at 0x7fe08af92d70>,86,13,[4 5],87,209,222,122,193
1,<environment.Job instance at 0x7fe08b449a00>,88,19,[5 5],89,221,240,132,211
1,<environment.Job instance at 0x7fe08b4490a0>,90,14,[9 2],91,222,236,131,211
1,<environment.Job instance at 0x7fe08b4495a0>,91,15,[3 7],92,236,251,144,222
1,<environment.Job instance at 0x7fe08b4499b0>,94,18,[3 6],95,240,258,145,229
1,<environment.Job instance at 0x7fe08b13a280>,95,20,[2 9],96,251,271,155,242
1,<environment.Job instance at 0x7fe08b8b7730>,96,15,[4 9],97,271,286,174,257
1,<environment.Job instance at 0x7fe08c23a5a0>,97,15,[1 6],98,258,273,160,257
1,<environment.Job instance at 0x7fe08b1b9c30>,15,16,[12  5],16,286,302,270,273
1,<environment.Job instance at 0x7fe08b1b95f0>,13,22,[3 5],14,273,295,259,273
1,<environment.Job instance at 0x7fe08b449140>,98,22,[2 9],99,295,317,196,288
1,<environment.Job instance at 0x7fe08b8b4fa0>,101,16,[5 1],102,302,318,200,289
1,<environment.Job instance at 0x7fe08b449820>,102,15,[9 3],103,317,332,214,303
1,<environment.Job instance at 0x7fe08c4631e0>,104,21,[2 7],105,318,339,213,313
1,<environment.Job instance at 0x7fe08ada1eb0>,107,17,[7 1],108,332,349,224,320
1,<environment.Job instance at 0x7fe08b4b7be0>,109,19,[ 3 10],110,339,358,229,334
1,<environment.Job instance at 0x7fe08b4b7cd0>,110,12,[5 8],111,358,370,247,341
1,<environment.Job instance at 0x7fe08b470dc0>,43,28,[11  2],44,370,398,326,369
1,<environment.Job instance at 0x7fe08bd8f2d0>,112,27,[7 2],113,398,425,285,396
1,<environment.Job instance at 0x7fe08c3abc80>,113,12,[13  2],114,425,437,311,408
1,<environment.Job instance at 0x7fe08b4b71e0>,111,20,[10  3],112,437,457,325,428
1,<environment.Job instance at 0x7fe08b3b3a50>,122,16,[ 5 10],123,437,453,314,428
1,<environment.Job instance at 0x7fe08b4b7b90>,114,21,[10  1],115,457,478,342,449
1,<environment.Job instance at 0x7fe08c5dfe60>,125,26,[2 8],126,453,479,327,450
1,<environment.Job instance at 0x7fe08b235190>,126,23,[4 7],127,478,501,351,472
1,<environment.Job instance at 0x7fe08b3b3be0>,127,12,[10  2],128,479,491,351,472
1,<environment.Job instance at 0x7fe08c5317d0>,128,14,[ 2 13],129,501,515,372,486
1,<environment.Job instance at 0x7fe08c5dfe10>,124,22,[6 2],125,491,513,366,487
1,<environment.Job instance at 0x7fe08c531550>,130,15,[1 6],131,515,530,384,501
1,<environment.Job instance at 0x7fe08b235d70>,129,16,[3 6],130,515,531,385,502
1,<environment.Job instance at 0x7fe08bdaefa0>,132,27,[ 1 13],133,531,558,398,529
1,<environment.Job instance at 0x7fe08b5bc960>,100,24,[9 1],101,529,553,428,529
1,<environment.Job instance at 0x7fe08b478640>,134,13,[7 5],135,558,571,423,543
1,<environment.Job instance at 0x7fe08b7cc230>,138,19,[3 5],139,558,577,419,548
1,<environment.Job instance at 0x7fe08bb55050>,140,14,[4 6],141,571,585,430,556
1,<environment.Job instance at 0x7fe09506df50>,142,15,[9 2],143,577,592,434,565
1,<environment.Job instance at 0x7fe08b145960>,143,16,[8 4],144,592,608,448,579
1,<environment.Job instance at 0x7fe08bd080f0>,146,12,[ 2 10],147,585,597,438,579
1,<environment.Job instance at 0x7fe08bd082d0>,151,17,[4 9],152,597,614,445,585
1,<environment.Job instance at 0x7fe08b313370>,153,13,[7 4],154,608,621,454,594
1,<environment.Job instance at 0x7fe08b313320>,157,12,[ 4 10],158,614,626,456,599
1,<environment.Job instance at 0x7fe08b313fa0>,158,14,[4 9],159,626,640,467,611
1,<environment.Job instance at 0x7fe08c2422d0>,162,19,[9 4],163,621,640,458,614
1,<environment.Job instance at 0x7fe08c242500>,163,18,[4 7],164,640,658,476,629
1,<environment.Job instance at 0x7fe08c242410>,169,18,[10  5],170,640,658,470,636
1,<environment.Job instance at 0x7fe08c2420a0>,172,19,[5 7],173,658,677,485,648
1,<environment.Job instance at 0x7fe08c242a00>,175,14,[3 5],176,658,672,482,648
1,<environment.Job instance at 0x7fe08bb550f0>,139,23,[4 9],140,677,700,537,671
1,<environment.Job instance at 0x7fe08be9a2d0>,180,12,[3 5],181,672,684,491,671
1,<environment.Job instance at 0x7fe08be9a820>,181,24,[ 2 11],182,700,724,518,695
1,<environment.Job instance at 0x7fe08b4b2230>,185,15,[7 1],186,696,711,510,696
1,<environment.Job instance at 0x7fe08b4b2b90>,186,16,[8 4],187,711,727,524,698
1,<environment.Job instance at 0x7fe08b4b2d70>,187,17,[5 5],188,724,741,536,712
1,<environment.Job instance at 0x7fe08b478a50>,135,13,[12  1],136,797,810,661,797
1,<environment.Job instance at 0x7fe08aec4780>,0,27,[ 5 13],1,1,28,0,1
1,<environment.Job instance at 0x7fe08aec4fa0>,4,15,[2 5],5,28,43,23,14
1,<environment.Job instance at 0x7fe08aec4b90>,5,15,[7 2],6,16,31,10,16
1,<environment.Job instance at 0x7fe08aed97d0>,9,21,[1 9],10,31,52,21,23
1,<environment.Job instance at 0x7fe08aed9d70>,18,19,[2 6],19,43,62,24,33
1,<environment.Job instance at 0x7fe08aed90f0>,20,18,[1 7],21,52,70,31,41
1,<environment.Job instance at 0x7fe08aed9e60>,21,19,[4 6],22,62,81,40,52
1,<environment.Job instance at 0x7fe08aee8500>,23,17,[2 8],24,70,87,46,58
1,<environment.Job instance at 0x7fe08aee8550>,27,15,[9 5],28,81,96,53,67
1,<environment.Job instance at 0x7fe08aee87d0>,28,14,[1 7],29,87,101,58,72
1,<environment.Job instance at 0x7fe08aee8370>,29,19,[4 5],30,96,115,66,86
1,<environment.Job instance at 0x7fe08aee8af0>,32,21,[2 8],33,101,122,68,93
1,<environment.Job instance at 0x7fe08aee8640>,33,13,[9 1],34,96,109,62,93
1,<environment.Job instance at 0x7fe08aee8f00>,34,18,[3 9],35,122,140,87,111
1,<environment.Job instance at 0x7fe08aee8410>,36,23,[1 5],37,115,138,78,111
1,<environment.Job instance at 0x7fe08b0bae60>,40,18,[8 2],41,138,156,97,127
1,<environment.Job instance at 0x7fe08b0ba1e0>,48,17,[6 1],49,140,157,91,128
1,<environment.Job instance at 0x7fe08b0ba280>,50,15,[8 2],51,156,171,105,142
1,<environment.Job instance at 0x7fe08b0baf00>,53,18,[6 1],54,157,175,103,146
1,<environment.Job instance at 0x7fe08b0ba4b0>,56,12,[3 5],57,171,183,114,154
1,<environment.Job instance at 0x7fe08b0bae10>,58,14,[6 1],59,171,185,112,156
1,<environment.Job instance at 0x7fe08aeec0f0>,61,14,[6 5],62,175,189,113,160
1,<environment.Job instance at 0x7fe08aeec550>,62,18,[11  5],63,189,207,126,178
1,<environment.Job instance at 0x7fe08aeec2d0>,63,21,[3 7],64,183,204,119,178
1,<environment.Job instance at 0x7fe08aeecd20>,67,16,[8 2],68,207,223,139,194
1,<environment.Job instance at 0x7fe08aeecaf0>,69,12,[7 5],70,207,219,137,194
1,<environment.Job instance at 0x7fe08aeec690>,70,16,[6 3],71,219,235,148,206
1,<environment.Job instance at 0x7fe08aeeccd0>,73,19,[8 1],74,223,242,149,213
1,<environment.Job instance at 0x7fe08aeeca00>,76,15,[8 2],77,242,257,165,228
1,<environment.Job instance at 0x7fe08aeeca50>,77,20,[10  5],78,257,277,179,248
1,<environment.Job instance at 0x7fe08aee9780>,81,22,[5 4],82,248,270,166,248
1,<environment.Job instance at 0x7fe08aee99b0>,82,19,[7 5],83,277,296,194,267
1,<environment.Job instance at 0x7fe08aee9a00>,83,17,[ 4 10],84,270,287,186,267
1,<environment.Job instance at 0x7fe08aee9640>,88,15,[4 5],89,287,302,198,273
1,<environment.Job instance at 0x7fe08aee9460>,90,20,[9 5],91,296,316,205,287
1,<environment.Job instance at 0x7fe08aee9e10>,91,21,[9 3],92,316,337,224,308
1,<environment.Job instance at 0x7fe08aee9320>,94,16,[3 6],95,308,324,213,308
1,<environment.Job instance at 0x7fe08aee9cd0>,98,13,[2 8],99,324,337,225,308
1,<environment.Job instance at 0x7fe08aee7f50>,100,15,[5 8],101,337,352,236,323
1,<environment.Job instance at 0x7fe08aee75f0>,101,17,[9 2],102,337,354,235,325
1,<environment.Job instance at 0x7fe08aee7b90>,105,22,[4 9],106,352,374,246,345
1,<environment.Job instance at 0x7fe08aee7d70>,107,15,[6 1],108,354,369,246,345
1,<environment.Job instance at 0x7fe08aee7b40>,108,14,[5 7],109,374,388,265,359
1,<environment.Job instance at 0x7fe08aee7230>,112,12,[10  5],113,369,381,256,359
1,<environment.Job instance at 0x7fe08aee79b0>,113,17,[10  4],114,381,398,267,369
1,<environment.Job instance at 0x7fe08aee7780>,114,21,[5 6],115,388,409,273,380
1,<environment.Job instance at 0x7fe08aed9c80>,10,14,[2 9],11,398,412,387,384
1,<environment.Job instance at 0x7fe08aee7eb0>,116,23,[5 1],117,409,432,292,403
1,<environment.Job instance at 0x7fe08aee7c30>,120,16,[8 1],121,409,425,288,404
1,<environment.Job instance at 0x7fe08aedf8c0>,126,19,[4 7],127,425,444,298,415
1,<environment.Job instance at 0x7fe08aedf460>,129,17,[2 8],130,432,449,302,420
1,<environment.Job instance at 0x7fe08aedfd70>,131,12,[10  3],132,444,456,312,427
1,<environment.Job instance at 0x7fe08aedf320>,132,13,[5 1],133,449,462,316,433
1,<environment.Job instance at 0x7fe08aedf370>,134,13,[9 5],135,456,469,321,440
1,<environment.Job instance at 0x7fe08afdd230>,136,13,[11  3],137,469,482,332,453
1,<environment.Job instance at 0x7fe08ad9a7d0>,137,18,[5 3],138,482,500,344,471
1,<environment.Job instance at 0x7fe08ad9a8c0>,138,15,[9 3],139,482,497,343,471
1,<environment.Job instance at 0x7fe08ad28e60>,139,20,[3 9],140,497,517,357,488
1,<environment.Job instance at 0x7fe08bd8fe10>,147,14,[1 8],148,517,531,369,502
1,<environment.Job instance at 0x7fe08aeced70>,154,21,[1 9],155,531,552,376,523
1,<environment.Job instance at 0x7fe08c221f00>,157,22,[9 3],158,523,545,365,523
1,<environment.Job instance at 0x7fe08c221f50>,159,12,[9 1],160,545,557,385,528
1,<environment.Job instance at 0x7fe08b5b8410>,163,14,[1 7],164,552,566,388,537
1,<environment.Job instance at 0x7fe08bbc80a0>,164,18,[5 9],165,566,584,401,555
1,<environment.Job instance at 0x7fe08bd4daa0>,167,15,[1 7],168,584,599,416,570
1,<environment.Job instance at 0x7fe08bbc8050>,168,18,[5 6],169,570,588,401,570
1,<environment.Job instance at 0x7fe08b88ce60>,171,15,[11  4],172,588,603,416,574
1,<environment.Job instance at 0x7fe08b4433c0>,173,12,[5 9],174,603,615,429,586
1,<environment.Job instance at 0x7fe08c250550>,177,20,[5 6],178,603,623,425,594
1,<environment.Job instance at 0x7fe08c2500a0>,178,12,[4 7],179,615,627,436,598
1,<environment.Job instance at 0x7fe08b8e52d0>,180,12,[ 5 10],181,627,639,446,610
1,<environment.Job instance at 0x7fe08b8e51e0>,181,20,[5 8],182,639,659,457,630
1,<environment.Job instance at 0x7fe08b8e5690>,182,21,[2 8],183,659,680,476,651
1,<environment.Job instance at 0x7fe08bbe30f0>,186,19,[2 8],187,680,699,493,670
1,<environment.Job instance at 0x7fe08c424050>,187,21,[3 8],188,699,720,511,691
1,<environment.Job instance at 0x7fe08aee7550>,117,16,[14  5],118,720,736,602,707
1,<environment.Job instance at 0x7fe08aec4960>,1,15,[ 3 13],2,736,751,734,722
1,<environment.Job instance at 0x7fe08aec42d0>,2,18,[2 5],3,1646,1664,1643,1646
1,<environment.Job instance at 0x7fe08bc98730>,0,12,[2 5],1,1,13,0,1
1,<environment.Job instance at 0x7fe08bc98d20>,1,13,[9 3],2,2,15,0,2
1,<environment.Job instance at 0x7fe08bc986e0>,4,14,[8 5],5,15,29,10,5
1,<environment.Job instance at 0x7fe08bc98780>,7,13,[5 9],8,13,26,5,10
1,<environment.Job instance at 0x7fe08bc98410>,10,13,[5 1],11,26,39,15,12
1,<environment.Job instance at 0x7fe08c43d8c0>,14,21,[8 5],15,29,50,14,23
1,<environment.Job instance at 0x7fe08bc98c30>,15,18,[1 8],16,26,44,10,23
1,<environment.Job instance at 0x7fe08c43da50>,19,13,[6 2],20,39,52,19,23
1,<environment.Job instance at 0x7fe08c43dc30>,20,21,[2 5],21,50,71,29,42
1,<environment.Job instance at 0x7fe095134af0>,23,18,[6 3],24,50,68,26,42
1,<environment.Job instance at 0x7fe08bc98690>,2,23,[5 2],3,52,75,49,46
1,<environment.Job instance at 0x7fe08aeb0320>,26,16,[2 6],27,68,84,41,55
1,<environment.Job instance at 0x7fe08aeb0af0>,28,17,[5 5],29,71,88,42,59
1,<environment.Job instance at 0x7fe08aeb0c30>,29,12,[5 6],30,84,96,54,67
1,<environment.Job instance at 0x7fe08aeb0e60>,31,18,[9 5],32,88,106,56,80
1,<environment.Job instance at 0x7fe08aeb07d0>,32,17,[5 1],33,96,113,63,85
1,<environment.Job instance at 0x7fe08aeb0f50>,34,15,[9 5],35,106,121,71,92
1,<environment.Job instance at 0x7fe08aeb0a50>,35,20,[4 6],36,113,133,77,104
1,<environment.Job instance at 0x7fe08aeb0aa0>,37,14,[3 8],38,121,135,83,107
1,<environment.Job instance at 0x7fe08bc98aa0>,5,15,[11  3],6,133,148,127,121
1,<environment.Job instance at 0x7fe08aeb01e0>,25,23,[5 6],26,148,171,122,142
1,<environment.Job instance at 0x7fe08aeb09b0>,39,28,[6 5],40,148,176,108,147
1,<environment.Job instance at 0x7fe08bc985f0>,9,16,[11  3],10,176,192,166,163
1,<environment.Job instance at 0x7fe08b484050>,43,17,[5 7],44,192,209,148,180
1,<environment.Job instance at 0x7fe08b484820>,46,19,[10  3],47,192,211,145,187
1,<environment.Job instance at 0x7fe08bc40eb0>,58,14,[8 5],59,211,225,152,196
1,<environment.Job instance at 0x7fe08bc40960>,66,13,[7 3],67,211,224,144,196
1,<environment.Job instance at 0x7fe08bc40a50>,67,14,[7 1],68,224,238,156,209
1,<environment.Job instance at 0x7fe08b9dc730>,86,17,[7 5],87,225,242,138,213
1,<environment.Job instance at 0x7fe08b9dc1e0>,87,14,[10  5],88,242,256,154,227
1,<environment.Job instance at 0x7fe08b9dc640>,88,15,[8 2],89,256,271,167,242
1,<environment.Job instance at 0x7fe08b9dc050>,89,12,[5 9],90,242,254,152,242
1,<environment.Job instance at 0x7fe08b8f1d20>,99,13,[6 2],100,256,269,156,242
1,<environment.Job instance at 0x7fe08b8f1a00>,105,15,[7 3],106,269,284,163,255
1,<environment.Job instance at 0x7fe08b8f1eb0>,107,16,[2 7],108,271,287,163,258
1,<environment.Job instance at 0x7fe08b8f11e0>,108,18,[3 9],109,287,305,178,276
1,<environment.Job instance at 0x7fe08b4d49b0>,114,18,[5 3],115,276,294,161,276
1,<environment.Job instance at 0x7fe08b4d4230>,122,18,[5 2],123,284,302,161,277
1,<environment.Job instance at 0x7fe08b7c5820>,125,12,[9 5],126,302,314,176,285
1,<environment.Job instance at 0x7fe08bb24280>,126,21,[3 7],127,305,326,178,297
1,<environment.Job instance at 0x7fe08be6a8c0>,133,15,[8 1],134,314,329,180,308
1,<environment.Job instance at 0x7fe08c4ca960>,141,16,[4 7],142,314,330,172,309
1,<environment.Job instance at 0x7fe08be16af0>,146,15,[7 3],147,329,344,182,315
1,<environment.Job instance at 0x7fe08b484f50>,42,17,[ 5 12],43,330,347,287,318
1,<environment.Job instance at 0x7fe08c25a3c0>,150,21,[7 3],151,344,365,193,337
1,<environment.Job instance at 0x7fe08c1815f0>,154,19,[5 1],155,347,366,192,337
1,<environment.Job instance at 0x7fe08be25be0>,161,15,[3 5],162,347,362,185,343
1,<environment.Job instance at 0x7fe08bbdf690>,165,12,[4 7],182,365,377,183,348
1,<environment.Job instance at 0x7fe08b187a00>,166,18,[10  4],183,366,384,183,355
1,<environment.Job instance at 0x7fe08aeb05a0>,41,24,[5 1],42,377,401,335,372
1,<environment.Job instance at 0x7fe08bc988c0>,8,28,[ 4 10],9,385,413,376,385
1,<environment.Job instance at 0x7fe08bb837d0>,151,23,[9 5],152,409,432,257,409
1,<environment.Job instance at 0x7fe08b8f5500>,168,14,[1 9],189,417,431,228,417
1,<environment.Job instance at 0x7fe08aeb0cd0>,40,16,[14  5],41,984,1000,943,984
1,<environment.Job instance at 0x7fe08af90280>,3,13,[1 6],4,4,17,0,4
1,<environment.Job instance at 0x7fe08af901e0>,4,12,[10  3],5,5,17,0,5
1,<environment.Job instance at 0x7fe08af90230>,5,17,[1 6],6,6,23,0,6
1,<environment.Job instance at 0x7fe08af90960>,7,21,[2 8],8,17,38,9,9
1,<environment.Job instance at 0x7fe08bb50a50>,0,15,[9 4],1,23,38,22,11
1,<environment.Job instance at 0x7fe08af90c80>,12,18,[1 5],13,38,56,25,27
1,<environment.Job instance at 0x7fe08bfb44b0>,17,18,[8 1],18,38,56,20,27
1,<environment.Job instance at 0x7fe08bfb48c0>,19,20,[7 3],20,56,76,36,47
1,<environment.Job instance at 0x7fe08bfb4500>,24,18,[3 8],25,47,65,22,47
1,<environment.Job instance at 0x7fe08b5c71e0>,29,17,[6 2],30,65,82,35,53
1,<environment.Job instance at 0x7fe08b5c70f0>,30,15,[2 6],31,65,80,34,56
1,<environment.Job instance at 0x7fe08b5c73c0>,31,12,[6 3],32,76,88,44,60
1,<environment.Job instance at 0x7fe08b5c7550>,34,17,[7 1],35,82,99,47,70
1,<environment.Job instance at 0x7fe08b5c7730>,37,17,[9 2],38,99,116,61,88
1,<environment.Job instance at 0x7fe08b5c7870>,39,18,[1 6],40,88,106,48,88
1,<environment.Job instance at 0x7fe08b5c7a50>,42,16,[4 6],43,93,109,50,93
1,<environment.Job instance at 0x7fe08bfb4960>,11,19,[ 4 12],12,109,128,97,103
1,<environment.Job instance at 0x7fe08af90320>,10,19,[10  1],11,116,135,105,108
1,<environment.Job instance at 0x7fe08af8f190>,51,12,[4 5],52,128,140,76,111
1,<environment.Job instance at 0x7fe08af8f5f0>,58,14,[1 7],59,128,142,69,113
1,<environment.Job instance at 0x7fe08bfb4af0>,13,21,[9 2],14,135,156,121,128
1,<environment.Job instance at 0x7fe08af8f960>,60,27,[ 1 12],61,142,169,81,140
1,<environment.Job instance at 0x7fe08af8f780>,59,15,[5 9],60,169,184,109,155
1,<environment.Job instance at 0x7fe08af8fa50>,62,22,[1 6],63,169,191,106,162
1,<environment.Job instance at 0x7fe08af8fb90>,64,19,[5 3],65,184,203,119,174
1,<environment.Job instance at 0x7fe08af8fcd0>,66,15,[ 5 10],67,191,206,124,177
1,<environment.Job instance at 0x7fe08af8fd70>,67,14,[5 6],68,206,220,138,191
1,<environment.Job instance at 0x7fe08af8fa00>,70,13,[4 8],71,206,219,135,191
1,<environment.Job instance at 0x7fe08afa1230>,73,13,[4 6],74,219,232,145,203
1,<environment.Job instance at 0x7fe08afa1410>,76,13,[2 7],77,220,233,143,204
1,<environment.Job instance at 0x7fe08afa14b0>,77,14,[9 3],78,232,246,154,217
1,<environment.Job instance at 0x7fe08afa15f0>,79,19,[5 5],80,233,252,153,223
1,<environment.Job instance at 0x7fe08afa1690>,80,12,[9 4],81,246,258,165,229
1,<environment.Job instance at 0x7fe08afa1a50>,86,15,[5 7],87,252,267,165,238
1,<environment.Job instance at 0x7fe08af8f910>,61,16,[4 8],62,258,274,196,249
1,<environment.Job instance at 0x7fe08afa1af0>,87,18,[11  5],88,267,285,179,256
1,<environment.Job instance at 0x7fe08afa1e10>,90,14,[4 9],91,274,288,183,259
1,<environment.Job instance at 0x7fe08afa1fa0>,92,13,[ 3 10],93,288,301,195,272
1,<environment.Job instance at 0x7fe08be162d0>,96,18,[8 2],97,285,303,188,274
1,<environment.Job instance at 0x7fe08c4106e0>,98,17,[5 4],99,301,318,202,289
1,<environment.Job instance at 0x7fe08c410550>,99,22,[3 7],100,303,325,203,297
1,<environment.Job instance at 0x7fe08af712d0>,101,21,[3 7],102,318,339,216,310
1,<environment.Job instance at 0x7fe08af71500>,103,18,[10  1],104,325,343,221,314
1,<environment.Job instance at 0x7fe08af71280>,104,12,[3 7],105,339,351,234,322
1,<environment.Job instance at 0x7fe08af71690>,106,15,[ 4 10],107,351,366,244,338
1,<environment.Job instance at 0x7fe08af715a0>,109,23,[7 3],110,343,366,233,339
1,<environment.Job instance at 0x7fe08b6a3690>,111,13,[7 1],112,366,379,254,350
1,<environment.Job instance at 0x7fe08bc8d320>,115,19,[10  3],116,379,398,263,369
1,<environment.Job instance at 0x7fe08bd59fa0>,117,16,[4 6],118,369,385,251,369
1,<environment.Job instance at 0x7fe08bc95410>,118,13,[ 3 10],119,385,398,266,369
1,<environment.Job instance at 0x7fe08bc95e60>,121,15,[6 3],122,398,413,276,384
1,<environment.Job instance at 0x7fe08b5c7f00>,48,14,[ 4 13],49,413,427,364,398
1,<environment.Job instance at 0x7fe08bfb4640>,14,25,[14  2],15,427,452,412,423
1,<environment.Job instance at 0x7fe08afa1c30>,88,23,[ 1 10],89,439,462,350,439
1,<environment.Job instance at 0x7fe08b143dc0>,126,25,[ 4 13],127,462,487,335,458
1,<environment.Job instance at 0x7fe08b14ba50>,128,20,[14  3],129,487,507,358,478
1,<environment.Job instance at 0x7fe08b2bee60>,129,19,[14  4],130,507,526,377,497
1,<environment.Job instance at 0x7fe08b14b460>,130,16,[14  4],131,526,542,395,513
1,<environment.Job instance at 0x7fe08b14bb40>,131,26,[ 2 12],132,542,568,410,539
1,<environment.Job instance at 0x7fe08b14b8c0>,132,19,[6 2],133,542,561,409,539
1,<environment.Job instance at 0x7fe08bd7feb0>,133,25,[ 5 12],134,568,593,434,564
1,<environment.Job instance at 0x7fe08bd7ffa0>,134,17,[14  4],135,593,610,458,582
1,<environment.Job instance at 0x7fe08bd50aa0>,124,22,[10  4],125,610,632,485,604
1,<environment.Job instance at 0x7fe08b2e94b0>,136,13,[3 8],137,610,623,473,604
1,<environment.Job instance at 0x7fe08b2e9230>,139,13,[2 6],140,623,636,483,607
1,<environment.Job instance at 0x7fe08b2e95f0>,140,17,[6 4],141,632,649,491,620
1,<environment.Job instance at 0x7fe08b2ce7d0>,146,20,[2 5],147,623,643,476,620
1,<environment.Job instance at 0x7fe08b2ce2d0>,147,13,[1 5],148,636,649,488,620
1,<environment.Job instance at 0x7fe08b2ceb90>,148,21,[7 5],149,643,664,494,635
1,<environment.Job instance at 0x7fe08b2ce190>,149,15,[3 8],150,649,664,499,637
1,<environment.Job instance at 0x7fe08b2ce9b0>,151,16,[8 4],152,664,680,512,651
1,<environment.Job instance at 0x7fe08b2ce410>,152,12,[6 4],153,664,676,511,651
1,<environment.Job instance at 0x7fe08b2d32d0>,162,14,[6 5],163,676,690,513,661
1,<environment.Job instance at 0x7fe08b2d3dc0>,166,17,[1 5],167,664,681,497,661
1,<environment.Job instance at 0x7fe08b2d7eb0>,171,16,[2 8],172,681,697,509,668
1,<environment.Job instance at 0x7fe08b2d7c80>,174,22,[8 3],175,690,712,515,685
1,<environment.Job instance at 0x7fe08b2d74b0>,177,19,[3 6],178,697,716,519,687
1,<environment.Job instance at 0x7fe08b2c6d20>,187,15,[10  2],188,712,727,524,698
1,<environment.Job instance at 0x7fe08b2be370>,127,21,[3 5],128,716,737,588,710
1,<environment.Job instance at 0x7fe08bd507d0>,125,21,[13  1],126,737,758,611,730
1,<environment.Job instance at 0x7fe08bd74190>,2,15,[3 8],3,3,18,0,3
1,<environment.Job instance at 0x7fe08ad6c3c0>,6,13,[2 8],7,18,31,11,7
1,<environment.Job instance at 0x7fe08ad6ce60>,7,18,[11  2],8,8,26,0,8
1,<environment.Job instance at 0x7fe08afacf50>,9,14,[1 5],10,10,24,0,10
1,<environment.Job instance at 0x7fe08afac640>,10,19,[5 2],11,26,45,15,16
1,<environment.Job instance at 0x7fe08afac050>,16,20,[5 1],17,26,46,9,17
1,<environment.Job instance at 0x7fe08ba6e9b0>,23,22,[5 5],24,31,53,7,24
1,<environment.Job instance at 0x7fe08ba6ec30>,27,12,[2 6],28,45,57,17,28
1,<environment.Job instance at 0x7fe08b6fdb40>,33,16,[5 6],34,53,69,19,40
1,<environment.Job instance at 0x7fe08bb253c0>,46,12,[8 2],47,47,59,0,47
1,<environment.Job instance at 0x7fe08bb252d0>,47,21,[3 6],48,59,80,11,51
1,<environment.Job instance at 0x7fe08b438cd0>,50,12,[10  3],51,69,81,18,52
1,<environment.Job instance at 0x7fe08b438820>,51,16,[1 6],52,69,85,17,56
1,<environment.Job instance at 0x7fe08b438f00>,52,18,[9 1],53,81,99,28,70
1,<environment.Job instance at 0x7fe08b438c80>,53,18,[10  1],54,99,117,45,88
1,<environment.Job instance at 0x7fe08b438690>,57,21,[6 2],58,117,138,59,109
1,<environment.Job instance at 0x7fe08b438640>,62,19,[8 2],63,117,136,54,109
1,<environment.Job instance at 0x7fe08b438500>,63,14,[5 6],64,136,150,72,121
1,<environment.Job instance at 0x7fe08b438d70>,68,16,[10  1],69,138,154,69,125
1,<environment.Job instance at 0x7fe08bf9ff50>,70,19,[6 4],71,154,173,83,144
1,<environment.Job instance at 0x7fe08bf9f0f0>,73,14,[10  5],74,173,187,99,158
1,<environment.Job instance at 0x7fe08bf9faf0>,74,19,[10  1],75,187,206,112,177
1,<environment.Job instance at 0x7fe08bf9fbe0>,79,14,[6 5],80,206,220,126,191
1,<environment.Job instance at 0x7fe08bf9fd20>,81,22,[8 4],82,206,228,124,199
1,<environment.Job instance at 0x7fe08bf9f0a0>,82,20,[8 4],83,228,248,145,219
1,<environment.Job instance at 0x7fe08bf9fe60>,83,15,[ 3 10],84,220,235,136,219
1,<environment.Job instance at 0x7fe08bf9f730>,86,18,[1 8],87,235,253,148,224
1,<environment.Job instance at 0x7fe08bf9f1e0>,89,18,[8 3],90,248,266,158,237
1,<environment.Job instance at 0x7fe08c337230>,92,17,[6 1],93,237,254,144,237
1,<environment.Job instance at 0x7fe08c337190>,96,21,[2 6],97,254,275,157,246
1,<environment.Job instance at 0x7fe08c337f00>,98,21,[1 6],99,253,274,154,246
1,<environment.Job instance at 0x7fe08c337730>,105,23,[3 6],106,274,297,168,268
1,<environment.Job instance at 0x7fe08c620550>,114,19,[7 2],115,269,288,154,269
1,<environment.Job instance at 0x7fe08c620050>,115,13,[5 4],116,275,288,159,269
1,<environment.Job instance at 0x7fe08c6206e0>,117,15,[8 2],118,288,303,170,274
1,<environment.Job instance at 0x7fe08c620aa0>,118,13,[10  2],119,303,316,184,287
1,<environment.Job instance at 0x7fe08c620fa0>,120,22,[5 5],121,297,319,176,290
1,<environment.Job instance at 0x7fe08c620910>,121,15,[5 6],122,316,331,194,302
1,<environment.Job instance at 0x7fe08c620960>,123,19,[1 7],124,319,338,195,309
1,<environment.Job instance at 0x7fe08c448960>,126,18,[5 3],127,331,349,204,320
1,<environment.Job instance at 0x7fe08b1702d0>,127,14,[7 5],128,331,345,203,320
1,<environment.Job instance at 0x7fe08bd29550>,129,12,[7 3],130,345,357,215,328
1,<environment.Job instance at 0x7fe08c40ef00>,134,12,[1 6],135,338,350,203,328
1,<environment.Job instance at 0x7fe08b676dc0>,142,20,[10  3],143,357,377,214,348
1,<environment.Job instance at 0x7fe08b676230>,143,16,[7 3],144,377,393,233,364
1,<environment.Job instance at 0x7fe08b00cbe0>,145,17,[8 3],146,377,394,231,365
1,<environment.Job instance at 0x7fe08b058820>,146,22,[4 9],147,393,415,246,386
1,<environment.Job instance at 0x7fe08c36c730>,148,14,[5 6],149,394,408,245,386
1,<environment.Job instance at 0x7fe08b4ff0f0>,149,21,[5 8],150,415,436,265,407
1,<environment.Job instance at 0x7fe08bc2ba50>,154,20,[3 9],155,436,456,281,427
1,<environment.Job instance at 0x7fe08b013550>,162,16,[ 2 10],163,456,472,293,443
1,<environment.Job instance at 0x7fe08c24de60>,165,16,[ 5 10],166,472,488,306,459
1,<environment.Job instance at 0x7fe08b2c7b90>,166,13,[10  3],167,459,472,292,459
1,<environment.Job instance at 0x7fe094b74640>,167,18,[10  5],168,472,490,304,461
1,<environment.Job instance at 0x7fe08ac05be0>,174,12,[6 1],175,490,502,315,473
1,<environment.Job instance at 0x7fe08bc567d0>,175,12,[1 8],176,488,500,312,473
1,<environment.Job instance at 0x7fe08bc56870>,176,14,[6 4],177,490,504,313,475
1,<environment.Job instance at 0x7fe08ae62690>,177,14,[3 7],178,500,514,322,485
1,<environment.Job instance at 0x7fe08ae62b90>,179,15,[2 8],180,504,519,324,490
1,<environment.Job instance at 0x7fe08c4fbb40>,181,12,[7 5],182,514,526,332,497
1,<environment.Job instance at 0x7fe08c4fbbe0>,183,16,[5 3],184,519,535,335,506
1,<environment.Job instance at 0x7fe08c0b8190>,188,16,[5 9],189,526,542,337,513
1,<environment.Job instance at 0x7fe08c3322d0>,0,17,[12  2],1,838,855,837,838
1,<environment.Job instance at 0x7fe08afacbe0>,19,23,[2 8],20,2544,2567,2524,2544
1,<environment.Job instance at 0x7fe094b80500>,0,19,[ 4 10],1,1,20,0,1
1,<environment.Job instance at 0x7fe08c0aceb0>,5,16,[4 6],6,20,36,14,7
1,<environment.Job instance at 0x7fe08c0dad20>,10,17,[10  2],11,11,28,0,11
1,<environment.Job instance at 0x7fe08c0da9b0>,13,18,[3 8],14,28,46,14,17
1,<environment.Job instance at 0x7fe08afacbe0>,2,22,[12  2],3,36,58,33,29
1,<environment.Job instance at 0x7fe08c0da960>,24,16,[11  5],25,58,74,33,45
1,<environment.Job instance at 0x7fe094b80c30>,1,20,[ 4 14],2,74,94,72,65
1,<environment.Job instance at 0x7fe08c0dafa0>,26,16,[ 4 14],27,94,110,67,81
1,<environment.Job instance at 0x7fe08c0da050>,27,13,[ 5 14],28,110,123,82,94
1,<environment.Job instance at 0x7fe08c0da0a0>,28,19,[3 9],29,123,142,94,113
1,<environment.Job instance at 0x7fe08c0da1e0>,30,12,[12  2],31,123,135,92,113
1,<environment.Job instance at 0x7fe08ae62370>,34,12,[ 5 12],35,142,154,107,125
1,<environment.Job instance at 0x7fe08b547910>,41,13,[5 2],42,135,148,93,127
1,<environment.Job instance at 0x7fe09501ae10>,40,17,[1 6],41,154,171,113,142
1,<environment.Job instance at 0x7fe08c23a910>,48,18,[6 3],49,148,166,99,142
1,<environment.Job instance at 0x7fe08c23a640>,52,16,[6 2],53,154,170,101,142
1,<environment.Job instance at 0x7fe08c23ac30>,57,12,[8 4],58,166,178,108,149
1,<environment.Job instance at 0x7fe08b013c30>,59,18,[3 5],60,170,188,110,159
1,<environment.Job instance at 0x7fe08b245820>,64,15,[1 6],65,171,186,106,159
1,<environment.Job instance at 0x7fe08b2451e0>,67,17,[1 9],68,186,203,118,174
1,<environment.Job instance at 0x7fe08b2459b0>,68,17,[7 2],69,188,205,119,176
1,<environment.Job instance at 0x7fe08b245d70>,71,18,[6 3],72,188,206,116,179
1,<environment.Job instance at 0x7fe08b0c17d0>,74,19,[3 8],75,205,224,130,195
1,<environment.Job instance at 0x7fe08b0c1a00>,76,13,[5 5],77,206,219,129,195
1,<environment.Job instance at 0x7fe0b138eeb0>,42,17,[ 2 13],43,224,241,181,215
1,<environment.Job instance at 0x7fe09c3b3190>,43,16,[9 1],44,219,235,175,218
1,<environment.Job instance at 0x7fe09504b3c0>,89,16,[2 7],90,241,257,151,231
1,<environment.Job instance at 0x7fe08b201af0>,90,16,[6 5],91,241,257,150,234
1,<environment.Job instance at 0x7fe08ac275a0>,88,23,[13  4],89,257,280,168,252
1,<environment.Job instance at 0x7fe08c250870>,92,13,[6 2],93,280,293,187,264
1,<environment.Job instance at 0x7fe08c250730>,93,21,[1 5],94,264,285,170,264
1,<environment.Job instance at 0x7fe08b66dd20>,94,15,[3 6],95,280,295,185,266
1,<environment.Job instance at 0x7fe08be811e0>,95,20,[11  5],96,293,313,197,284
1,<environment.Job instance at 0x7fe08b854f50>,96,26,[1 8],97,295,321,198,292
1,<environment.Job instance at 0x7fe08be70500>,97,21,[3 6],98,313,334,215,305
1,<environment.Job instance at 0x7fe08af0b230>,98,21,[9 1],99,313,334,214,305
1,<environment.Job instance at 0x7fe08baa8500>,99,18,[9 1],100,334,352,234,323
1,<environment.Job instance at 0x7fe08baa84b0>,100,13,[ 1 14],101,334,347,233,323
1,<environment.Job instance at 0x7fe08baa8370>,101,23,[5 6],102,347,370,245,341
1,<environment.Job instance at 0x7fe08bf67190>,87,21,[4 8],88,352,373,264,352
1,<environment.Job instance at 0x7fe08b6f8be0>,102,24,[ 4 14],103,373,397,270,368
1,<environment.Job instance at 0x7fe08b0f2eb0>,116,22,[10  2],117,397,419,280,390
1,<environment.Job instance at 0x7fe08b0f22d0>,117,28,[ 3 13],118,397,425,279,396
1,<environment.Job instance at 0x7fe08b0f2a50>,118,25,[5 8],119,425,450,306,421
1,<environment.Job instance at 0x7fe08b0f2730>,115,20,[8 4],116,425,445,309,423
1,<environment.Job instance at 0x7fe095027910>,119,19,[13  4],120,450,469,330,440
1,<environment.Job instance at 0x7fe08ae6bf50>,122,12,[ 2 12],123,469,481,346,452
1,<environment.Job instance at 0x7fe08ae6b2d0>,132,15,[3 5],133,481,496,348,467
1,<environment.Job instance at 0x7fe08ae6b690>,123,15,[ 3 13],124,496,511,372,482
1,<environment.Job instance at 0x7fe08c2d3c80>,142,17,[3 5],143,511,528,368,499
1,<environment.Job instance at 0x7fe08b4f59b0>,143,18,[ 3 10],144,511,529,367,500
1,<environment.Job instance at 0x7fe08b4f5dc0>,144,26,[14  5],145,529,555,384,526
1,<environment.Job instance at 0x7fe094ec99b0>,145,17,[14  3],146,555,572,409,543
1,<environment.Job instance at 0x7fe094ec9460>,146,25,[13  2],147,572,597,425,568
1,<environment.Job instance at 0x7fe094ec9f00>,147,13,[ 1 13],148,572,585,424,568
1,<environment.Job instance at 0x7fe094ec9960>,148,22,[ 2 11],149,585,607,436,578
1,<environment.Job instance at 0x7fe094ec9370>,149,14,[12  4],150,597,611,447,582
1,<environment.Job instance at 0x7fe094ec9d70>,150,23,[6 5],151,611,634,460,605
1,<environment.Job instance at 0x7fe094ec9410>,151,24,[6 4],152,611,635,459,606
1,<environment.Job instance at 0x7fe094ec9c80>,152,21,[ 3 11],153,634,655,481,626
1,<environment.Job instance at 0x7fe094ec9230>,153,20,[13  1],154,655,675,501,646
1,<environment.Job instance at 0x7fe094ec9730>,154,18,[ 4 13],155,675,693,520,664
1,<environment.Job instance at 0x7fe094ec9af0>,155,13,[13  4],156,693,706,537,677
1,<environment.Job instance at 0x7fe094ec9820>,156,15,[ 4 12],157,706,721,549,692
1,<environment.Job instance at 0x7fe094ec9dc0>,157,23,[1 5],158,721,744,563,715
1,<environment.Job instance at 0x7fe094ec9c30>,158,20,[12  2],159,721,741,562,715
1,<environment.Job instance at 0x7fe08bb839b0>,159,16,[ 1 13],160,744,760,584,731
1,<environment.Job instance at 0x7fe08bb83500>,160,25,[4 9],161,760,785,599,756
1,<environment.Job instance at 0x7fe08bb83d20>,161,24,[5 1],162,756,780,594,756
1,<environment.Job instance at 0x7fe08bb83d70>,162,19,[6 5],163,760,779,597,756
1,<environment.Job instance at 0x7fe08bb831e0>,163,22,[11  4],164,780,802,616,773
1,<environment.Job instance at 0x7fe08bb83b40>,164,28,[14  4],165,802,830,637,801
1,<environment.Job instance at 0x7fe08bb835f0>,165,22,[13  4],166,830,852,664,823
1,<environment.Job instance at 0x7fe08c250c80>,91,17,[ 3 10],92,852,869,760,841
1,<environment.Job instance at 0x7fe08b4f5eb0>,141,20,[8 5],142,852,872,710,843
1,<environment.Job instance at 0x7fe08bb83c30>,171,21,[1 5],172,869,890,697,861
1,<environment.Job instance at 0x7fe08c0ac0a0>,6,28,[5 7],7,872,900,865,871
1,<environment.Job instance at 0x7fe08c42a910>,175,13,[11  4],176,900,913,724,884
1,<environment.Job instance at 0x7fe08c42a410>,176,17,[ 4 11],177,900,917,723,888
1,<environment.Job instance at 0x7fe08ad00690>,177,24,[13  5],178,917,941,739,912
1,<environment.Job instance at 0x7fe08bb83b90>,174,19,[1 9],175,927,946,752,927
1,<environment.Job instance at 0x7fe08bb83f00>,167,19,[9 5],168,941,960,773,940
1,<environment.Job instance at 0x7fe08ad00d70>,182,21,[5 7],183,946,967,763,943
1,<environment.Job instance at 0x7fe08ad00370>,184,17,[8 5],185,960,977,775,948
1,<environment.Job instance at 0x7fe08ae62550>,29,18,[14  2],30,977,995,947,966
1,<environment.Job instance at 0x7fe08c4480f0>,0,24,[3 9],1,2,26,1,2
1,<environment.Job instance at 0x7fe08bb65a00>,1,22,[9 4],2,3,25,1,3
1,<environment.Job instance at 0x7fe08ac956e0>,9,12,[4 6],10,25,37,15,10
1,<environment.Job instance at 0x7fe08ac95960>,10,16,[ 1 10],11,37,53,26,24
1,<environment.Job instance at 0x7fe08ac95c80>,15,17,[10  3],16,26,43,10,24
1,<environment.Job instance at 0x7fe08ac95dc0>,17,13,[14  4],18,43,56,25,27
1,<environment.Job instance at 0x7fe08ac958c0>,11,15,[4 8],12,56,71,44,42
1,<environment.Job instance at 0x7fe08ac95f50>,19,21,[5 1],20,56,77,36,49
1,<environment.Job instance at 0x7fe08ac95fa0>,20,14,[1 8],21,71,85,50,56
1,<environment.Job instance at 0x7fe08aca4aa0>,22,23,[3 6],23,57,80,34,57
1,<environment.Job instance at 0x7fe08ac95a50>,13,14,[13  1],14,80,94,66,65
1,<environment.Job instance at 0x7fe08aca4320>,24,13,[11  2],25,94,107,69,78
1,<environment.Job instance at 0x7fe08aca47d0>,25,14,[6 2],26,107,121,81,92
1,<environment.Job instance at 0x7fe08ac95aa0>,12,28,[ 1 13],13,94,122,81,94
1,<environment.Job instance at 0x7fe08aca4a00>,36,17,[7 4],37,122,139,85,110
1,<environment.Job instance at 0x7fe08aca4500>,40,20,[7 4],41,122,142,81,116
1,<environment.Job instance at 0x7fe08aca2280>,45,19,[1 5],46,138,157,92,138
1,<environment.Job instance at 0x7fe08aca2410>,48,14,[5 6],49,139,153,90,138
1,<environment.Job instance at 0x7fe08aca26e0>,52,16,[3 6],53,153,169,100,140
1,<environment.Job instance at 0x7fe08aca2f50>,65,12,[5 6],66,157,169,91,140
1,<environment.Job instance at 0x7fe08ac781e0>,67,18,[6 5],68,169,187,101,158
1,<environment.Job instance at 0x7fe08ae62280>,2,20,[7 3],3,158,178,155,158
1,<environment.Job instance at 0x7fe08ac78500>,72,24,[5 9],73,178,202,105,173
1,<environment.Job instance at 0x7fe08ac78780>,76,14,[7 2],77,187,201,110,174
1,<environment.Job instance at 0x7fe08ac9a230>,91,18,[2 6],92,201,219,109,190
1,<environment.Job instance at 0x7fe08ac95e60>,18,19,[13  2],19,202,221,183,199
1,<environment.Job instance at 0x7fe08ac9a6e0>,96,13,[11  2],97,221,234,124,206
1,<environment.Job instance at 0x7fe08ac9a4b0>,97,15,[10  3],98,234,249,136,232
1,<environment.Job instance at 0x7fe08ac9a640>,95,18,[3 8],96,233,251,137,233
1,<environment.Job instance at 0x7fe08ac9aa00>,102,13,[2 5],103,249,262,146,233
1,<environment.Job instance at 0x7fe08aca4c80>,27,28,[5 3],28,251,279,223,250
1,<environment.Job instance at 0x7fe08ac9aaa0>,103,16,[ 4 10],104,262,278,158,260
1,<environment.Job instance at 0x7fe08ac9abe0>,105,12,[1 7],106,278,290,172,261
1,<environment.Job instance at 0x7fe08ac9ac80>,106,16,[8 1],107,278,294,171,265
1,<environment.Job instance at 0x7fe08ac9ad20>,107,14,[9 3],108,294,308,186,279
1,<environment.Job instance at 0x7fe08ac9ae60>,109,12,[8 3],110,308,320,198,291
1,<environment.Job instance at 0x7fe08ac9a870>,110,20,[2 8],111,296,316,185,296
1,<environment.Job instance at 0x7fe08ac90280>,113,15,[9 1],114,320,335,206,306
1,<environment.Job instance at 0x7fe08ac90370>,116,17,[10  3],117,335,352,218,323
1,<environment.Job instance at 0x7fe08ac908c0>,124,14,[9 2],125,352,366,227,337
1,<environment.Job instance at 0x7fe08ac90c80>,130,22,[1 6],131,338,360,207,338
1,<environment.Job instance at 0x7fe08ac90dc0>,132,17,[9 5],133,366,383,233,354
1,<environment.Job instance at 0x7fe08ac9ab40>,104,14,[14  5],105,383,397,278,368
1,<environment.Job instance at 0x7fe08ac90fa0>,135,20,[3 9],136,397,417,261,388
1,<environment.Job instance at 0x7fe08bdea5a0>,139,16,[5 8],140,417,433,277,404
1,<environment.Job instance at 0x7fe08b0c7140>,142,13,[8 2],143,404,417,261,404
1,<environment.Job instance at 0x7fe08b0c7280>,143,12,[9 1],144,417,429,273,404
1,<environment.Job instance at 0x7fe08b57e140>,145,17,[ 3 10],146,433,450,287,421
1,<environment.Job instance at 0x7fe08b0ca4b0>,155,15,[5 8],156,450,465,294,436
1,<environment.Job instance at 0x7fe08aca4eb0>,26,22,[6 5],27,443,465,416,443
1,<environment.Job instance at 0x7fe08ac6f4b0>,166,18,[11  3],167,465,483,298,454
1,<environment.Job instance at 0x7fe08ac785a0>,73,18,[ 1 12],74,465,483,391,459
1,<environment.Job instance at 0x7fe08ac6f550>,167,15,[14  5],168,483,498,315,469
1,<environment.Job instance at 0x7fe08ac6f730>,170,27,[1 8],171,483,510,312,482
1,<environment.Job instance at 0x7fe08ac6f9b0>,175,18,[7 4],176,498,516,322,487
1,<environment.Job instance at 0x7fe08ac6fdc0>,177,18,[6 1],178,498,516,320,487
1,<environment.Job instance at 0x7fe08ac6f050>,136,19,[ 3 14],137,516,535,379,506
1,<environment.Job instance at 0x7fe08ac6ffa0>,180,18,[ 4 10],181,535,553,354,524
1,<environment.Job instance at 0x7fe08ac6fb40>,182,12,[5 9],183,553,565,370,536
1,<environment.Job instance at 0x7fe08ac8b1e0>,183,15,[10  5],184,536,551,352,536
1,<environment.Job instance at 0x7fe08ac8b320>,185,17,[ 1 10],186,565,582,379,553
1,<environment.Job instance at 0x7fe08ac8b460>,187,18,[5 4],188,553,571,365,553
1,<environment.Job instance at 0x7fe08ac6ff00>,181,24,[3 9],182,582,606,400,582
1,<environment.Job instance at 0x7fe08ac6f690>,169,28,[4 7],170,606,634,436,605
1,<environment.Job instance at 0x7fe08ac9a820>,98,20,[5 6],99,629,649,530,629
1,<environment.Job instance at 0x7fe08ac9a690>,2,20,[2 7],3,3,23,0,3
1,<environment.Job instance at 0x7fe08b0ce9b0>,4,13,[3 5],5,5,18,0,5
1,<environment.Job instance at 0x7fe08babd050>,5,19,[4 8],6,18,37,12,8
1,<environment.Job instance at 0x7fe08b5a1cd0>,9,18,[3 6],10,23,41,13,12
1,<environment.Job instance at 0x7fe08b5a1460>,14,21,[4 9],15,37,58,22,29
1,<environment.Job instance at 0x7fe08b583e10>,23,21,[5 6],24,41,62,17,38
1,<environment.Job instance at 0x7fe08b5a12d0>,16,20,[ 2 12],17,62,82,45,53
1,<environment.Job instance at 0x7fe08b583780>,25,16,[14  3],26,82,98,56,69
1,<environment.Job instance at 0x7fe08b5a1280>,12,13,[2 9],13,98,111,85,82
1,<environment.Job instance at 0x7fe08b583e60>,26,21,[8 2],27,98,119,71,90
1,<environment.Job instance at 0x7fe08b583be0>,28,14,[3 8],29,111,125,82,96
1,<environment.Job instance at 0x7fe08b013a50>,29,12,[11  2],30,119,131,89,102
1,<environment.Job instance at 0x7fe08b3d94b0>,30,18,[ 2 12],31,125,143,94,116
1,<environment.Job instance at 0x7fe08b5838c0>,31,14,[ 4 11],32,143,157,111,128
1,<environment.Job instance at 0x7fe08b583370>,24,19,[10  4],25,145,164,120,145
1,<environment.Job instance at 0x7fe09501de60>,34,12,[3 8],35,157,169,122,145
1,<environment.Job instance at 0x7fe08b5a1370>,15,16,[ 2 12],16,169,185,153,160
1,<environment.Job instance at 0x7fe08b573870>,39,18,[10  2],40,164,182,124,162
1,<environment.Job instance at 0x7fe094f03fa0>,32,25,[ 3 12],33,185,210,152,181
1,<environment.Job instance at 0x7fe08b5fb410>,51,23,[ 3 14],52,210,233,158,204
1,<environment.Job instance at 0x7fe08b5fb320>,52,17,[7 2],53,233,250,180,221
1,<environment.Job instance at 0x7fe08b583eb0>,27,16,[8 5],28,233,249,205,226
1,<environment.Job instance at 0x7fe08b5fb2d0>,50,18,[3 8],51,249,267,198,238
1,<environment.Job instance at 0x7fe08b573fa0>,40,27,[14  2],41,267,294,226,265
1,<environment.Job instance at 0x7fe08b5884b0>,60,23,[ 1 11],61,267,290,206,267
1,<environment.Job instance at 0x7fe08b5885a0>,61,13,[5 1],62,294,307,232,278
1,<environment.Job instance at 0x7fe08b588d70>,62,15,[ 3 11],63,294,309,231,281
1,<environment.Job instance at 0x7fe08b5888c0>,59,21,[4 6],60,309,330,249,301
1,<environment.Job instance at 0x7fe08b588500>,65,22,[6 5],66,318,340,252,318
1,<environment.Job instance at 0x7fe08b588fa0>,66,21,[6 5],67,331,352,264,331
1,<environment.Job instance at 0x7fe08c0c9320>,68,15,[7 2],69,340,355,271,332
1,<environment.Job instance at 0x7fe08c0c9cd0>,70,18,[3 9],71,352,370,281,341
1,<environment.Job instance at 0x7fe08b7ca730>,73,14,[ 3 10],74,370,384,296,355
1,<environment.Job instance at 0x7fe08b6135a0>,75,18,[5 3],76,355,373,279,355
1,<environment.Job instance at 0x7fe08b613e10>,79,16,[5 5],80,373,389,293,360
1,<environment.Job instance at 0x7fe08b613870>,80,12,[7 5],81,384,396,303,367
1,<environment.Job instance at 0x7fe08b5fb3c0>,53,25,[14  3],54,396,421,342,392
1,<environment.Job instance at 0x7fe08b613be0>,83,15,[5 2],84,421,436,337,416
1,<environment.Job instance at 0x7fe08b613730>,82,27,[6 3],83,421,448,338,419
1,<environment.Job instance at 0x7fe08c0a3dc0>,86,16,[5 7],87,436,452,349,423
1,<environment.Job instance at 0x7fe08c0a3780>,87,12,[11  3],88,452,464,364,435
1,<environment.Job instance at 0x7fe08c0a3870>,88,18,[ 2 11],89,452,470,363,441
1,<environment.Job instance at 0x7fe08c0a3690>,89,12,[3 5],90,470,482,380,453
1,<environment.Job instance at 0x7fe08c0a3cd0>,90,24,[9 1],91,464,488,373,459
1,<environment.Job instance at 0x7fe08c0a3230>,91,18,[8 1],92,488,506,396,477
1,<environment.Job instance at 0x7fe08c0a39b0>,92,15,[ 2 13],93,482,497,389,477
1,<environment.Job instance at 0x7fe08beeeaf0>,93,20,[12  2],94,506,526,412,497
1,<environment.Job instance at 0x7fe08b05c190>,94,25,[9 2],95,526,551,431,522
1,<environment.Job instance at 0x7fe08c0a3fa0>,95,23,[ 2 13],96,522,545,426,522
1,<environment.Job instance at 0x7fe08b5a0b90>,85,18,[5 9],86,545,563,459,534
1,<environment.Job instance at 0x7fe08b4ff500>,98,13,[7 1],99,551,564,452,535
1,<environment.Job instance at 0x7fe08b5883c0>,63,21,[ 4 12],64,563,584,499,555
1,<environment.Job instance at 0x7fe08c333a50>,102,28,[ 3 13],103,584,612,481,583
1,<environment.Job instance at 0x7fe08ba98eb0>,104,14,[5 2],105,587,601,482,587
1,<environment.Job instance at 0x7fe09506b870>,115,17,[9 2],116,601,618,485,590
1,<environment.Job instance at 0x7fe08c3353c0>,116,14,[7 2],117,618,632,501,603
1,<environment.Job instance at 0x7fe08c433460>,118,12,[5 7],119,615,627,496,615
1,<environment.Job instance at 0x7fe08c333230>,103,26,[13  2],104,632,658,528,629
1,<environment.Job instance at 0x7fe08b61b960>,119,23,[1 5],120,630,653,510,630
1,<environment.Job instance at 0x7fe08b61b870>,121,12,[1 8],122,630,642,508,630
1,<environment.Job instance at 0x7fe08b61b230>,122,21,[4 7],123,658,679,535,650
1,<environment.Job instance at 0x7fe08b61b3c0>,128,12,[1 6],129,650,662,521,650
1,<environment.Job instance at 0x7fe08b61beb0>,120,18,[5 4],121,662,680,541,651
1,<environment.Job instance at 0x7fe08b61b910>,133,12,[14  2],134,680,692,546,663
1,<environment.Job instance at 0x7fe08b0eb8c0>,134,12,[ 3 12],135,692,704,557,675
1,<environment.Job instance at 0x7fe08afa4af0>,132,19,[4 8],133,704,723,571,694
1,<environment.Job instance at 0x7fe08b73f5a0>,138,19,[10  2],139,694,713,555,694
1,<environment.Job instance at 0x7fe08b73f8c0>,140,19,[10  4],141,713,732,572,703
1,<environment.Job instance at 0x7fe08af5a370>,149,17,[10  4],150,732,749,582,720
1,<environment.Job instance at 0x7fe08af5ad20>,150,12,[6 3],151,749,761,598,732
1,<environment.Job instance at 0x7fe08af5a730>,154,14,[6 2],155,749,763,594,734
1,<environment.Job instance at 0x7fe08c24db90>,158,20,[6 3],159,761,781,602,752
1,<environment.Job instance at 0x7fe08c24d910>,159,18,[5 2],161,763,781,602,752
1,<environment.Job instance at 0x7fe08bf1deb0>,162,19,[4 7],182,763,782,581,753
1,<environment.Job instance at 0x7fe08c077f00>,167,22,[5 1],187,781,803,594,774
1,<environment.Job instance at 0x7fe08c077320>,169,13,[5 8],189,782,795,593,774
1,<environment.Job instance at 0x7fe08b0ebe10>,135,20,[12  4],136,803,823,667,794
1,<environment.Job instance at 0x7fe08c2e48c0>,55,18,[3 9],56,795,813,739,794
1,<environment.Job instance at 0x7fe08b5a5370>,0,17,[13  2],1,823,840,822,811
1,<environment.Job instance at 0x7fe08ba28140>,4,21,[5 6],5,5,26,0,5
1,<environment.Job instance at 0x7fe08ba281e0>,5,17,[10  4],6,6,23,0,6
1,<environment.Job instance at 0x7fe08ba286e0>,10,14,[3 5],11,23,37,12,11
1,<environment.Job instance at 0x7fe08bda4f50>,15,20,[11  3],16,26,46,10,17
1,<environment.Job instance at 0x7fe08bda4910>,28,17,[11  5],29,46,63,17,34
1,<environment.Job instance at 0x7fe08bda46e0>,31,13,[8 2],32,63,76,31,47
1,<environment.Job instance at 0x7fe08bda4be0>,32,13,[4 8],33,47,60,14,47
1,<environment.Job instance at 0x7fe08bda4960>,24,15,[3 5],25,60,75,35,47
1,<environment.Job instance at 0x7fe08adf6280>,37,19,[4 8],38,69,88,31,69
1,<environment.Job instance at 0x7fe08bf44320>,39,22,[7 3],40,76,98,36,69
1,<environment.Job instance at 0x7fe08bf44f00>,41,15,[10  5],42,98,113,56,84
1,<environment.Job instance at 0x7fe08bf44690>,42,16,[4 8],43,98,114,55,98
1,<environment.Job instance at 0x7fe08adf6730>,38,24,[12  2],39,114,138,75,109
1,<environment.Job instance at 0x7fe08be9b960>,51,14,[4 8],52,138,152,86,123
1,<environment.Job instance at 0x7fe08be9b140>,56,14,[5 3],57,138,152,81,123
1,<environment.Job instance at 0x7fe08b535b90>,49,23,[6 1],50,138,161,88,137
1,<environment.Job instance at 0x7fe08be9bd20>,57,20,[10  4],58,161,181,103,152
1,<environment.Job instance at 0x7fe08b212e60>,63,24,[2 8],64,152,176,88,152
1,<environment.Job instance at 0x7fe08be4f2d0>,69,13,[9 5],70,181,194,111,165
1,<environment.Job instance at 0x7fe08b311d20>,72,17,[9 2],73,194,211,121,182
1,<environment.Job instance at 0x7fe08b7bf820>,75,20,[1 5],76,182,202,106,182
1,<environment.Job instance at 0x7fe08aee98c0>,76,18,[5 7],77,194,212,117,183
1,<environment.Job instance at 0x7fe08be02fa0>,81,20,[7 5],82,211,231,129,202
1,<environment.Job instance at 0x7fe08b7c6be0>,82,20,[5 5],83,212,232,129,203
1,<environment.Job instance at 0x7fe08bff2a00>,85,23,[7 1],86,231,254,145,225
1,<environment.Job instance at 0x7fe08bc60fa0>,86,17,[1 7],87,231,248,144,225
1,<environment.Job instance at 0x7fe08ace8690>,87,13,[5 1],88,232,245,144,225
1,<environment.Job instance at 0x7fe08b740690>,88,14,[7 3],89,245,259,156,230
1,<environment.Job instance at 0x7fe08bae7e10>,93,13,[7 5],94,254,267,160,238
1,<environment.Job instance at 0x7fe08ad4a2d0>,94,14,[2 5],95,259,273,164,244
1,<environment.Job instance at 0x7fe08b5d2050>,110,13,[5 5],111,259,272,148,252
1,<environment.Job instance at 0x7fe08bb83d70>,111,13,[4 6],112,272,285,160,256
1,<environment.Job instance at 0x7fe08b5d2af0>,113,18,[2 5],114,273,291,159,262
1,<environment.Job instance at 0x7fe08c0699b0>,117,18,[5 3],118,267,285,149,262
1,<environment.Job instance at 0x7fe08b5f6e10>,118,17,[8 1],119,285,302,166,273
1,<environment.Job instance at 0x7fe08be9bc30>,58,16,[1 7],59,285,301,226,273
1,<environment.Job instance at 0x7fe08b5f6460>,122,17,[7 2],123,301,318,178,289
1,<environment.Job instance at 0x7fe08b5f6af0>,123,13,[9 5],124,318,331,194,302
1,<environment.Job instance at 0x7fe08b5f6230>,124,24,[8 3],125,331,355,206,326
1,<environment.Job instance at 0x7fe08b5f6a50>,125,14,[ 2 12],126,331,345,205,326
1,<environment.Job instance at 0x7fe08b5f6b90>,121,21,[ 4 10],122,345,366,223,337
1,<environment.Job instance at 0x7fe08c612050>,127,14,[5 6],128,366,380,238,351
1,<environment.Job instance at 0x7fe08c612190>,128,17,[11  4],129,380,397,251,368
1,<environment.Job instance at 0x7fe08c6123c0>,131,13,[1 7],132,368,381,236,368
1,<environment.Job instance at 0x7fe08c612b40>,134,16,[5 4],135,397,413,262,384
1,<environment.Job instance at 0x7fe08c612230>,137,17,[1 5],138,384,401,246,384
1,<environment.Job instance at 0x7fe08ad61550>,140,18,[7 3],141,397,415,256,386
1,<environment.Job instance at 0x7fe08ad61f50>,142,14,[5 4],143,413,427,270,398
1,<environment.Job instance at 0x7fe08bb04f00>,144,12,[7 4],145,415,427,270,398
1,<environment.Job instance at 0x7fe08b2c59b0>,147,14,[10  3],148,427,441,279,412
1,<environment.Job instance at 0x7fe08b2c5a50>,148,15,[6 5],149,441,456,292,427
1,<environment.Job instance at 0x7fe08b2c5910>,149,17,[8 4],150,441,458,291,429
1,<environment.Job instance at 0x7fe08bae9320>,151,16,[8 2],152,458,474,306,445
1,<environment.Job instance at 0x7fe08b5f6a00>,126,21,[2 7],127,456,477,329,449
1,<environment.Job instance at 0x7fe08bae9780>,155,21,[5 1],156,456,477,300,451
1,<environment.Job instance at 0x7fe08bb3a280>,153,15,[6 5],154,474,489,320,461
1,<environment.Job instance at 0x7fe08bb50870>,156,14,[ 2 10],157,477,491,320,462
1,<environment.Job instance at 0x7fe08be61a00>,158,13,[10  1],159,489,502,330,473
1,<environment.Job instance at 0x7fe08be610f0>,161,15,[5 4],162,491,506,329,477
1,<environment.Job instance at 0x7fe08b548f50>,165,14,[2 5],166,502,516,336,487
1,<environment.Job instance at 0x7fe08b89de60>,166,14,[5 7],167,506,520,339,491
1,<environment.Job instance at 0x7fe094b3eaf0>,169,23,[2 5],170,516,539,346,510
1,<environment.Job instance at 0x7fe08af33690>,170,14,[ 4 10],171,520,534,349,510
1,<environment.Job instance at 0x7fe08af33500>,171,20,[8 2],172,534,554,362,525
1,<environment.Job instance at 0x7fe08af33be0>,172,20,[4 7],173,534,554,361,525
1,<environment.Job instance at 0x7fe08b282e10>,157,19,[2 6],158,539,558,381,532
1,<environment.Job instance at 0x7fe08af33e60>,175,12,[6 1],176,554,566,378,537
1,<environment.Job instance at 0x7fe08af4a3c0>,176,12,[11  2],177,566,578,389,549
1,<environment.Job instance at 0x7fe08c4d6a50>,177,25,[ 2 12],178,558,583,380,554
1,<environment.Job instance at 0x7fe08af33a50>,174,21,[ 5 10],175,583,604,408,575
1,<environment.Job instance at 0x7fe08bebd4b0>,180,12,[6 5],181,583,595,402,575
1,<environment.Job instance at 0x7fe08bebd410>,181,15,[10  1],182,595,610,413,581
1,<environment.Job instance at 0x7fe08bebde60>,182,17,[2 7],183,604,621,421,592
1,<environment.Job instance at 0x7fe08af471e0>,183,15,[4 7],184,610,625,426,596
1,<environment.Job instance at 0x7fe08af473c0>,184,21,[2 7],185,621,642,436,613
1,<environment.Job instance at 0x7fe08af47af0>,186,18,[2 8],187,625,643,438,614
1,<environment.Job instance at 0x7fe08c424af0>,187,18,[3 8],188,643,661,455,632
1,<environment.Job instance at 0x7fe08c424370>,188,12,[6 3],189,642,654,453,632
1,<environment.Job instance at 0x7fe08af4ac30>,178,17,[1 8],179,661,678,482,658
1,<environment.Job instance at 0x7fe08bda4550>,20,20,[8 2],21,660,680,639,660
1,<environment.Job instance at 0x7fe08b32db90>,0,21,[12  1],1,680,701,679,672
1,<environment.Job instance at 0x7fe08b136aa0>,2,21,[5 1],3,3,24,0,3
1,<environment.Job instance at 0x7fe08b136820>,4,14,[9 5],5,5,19,0,5
1,<environment.Job instance at 0x7fe08b1366e0>,5,13,[5 6],6,19,32,13,6
1,<environment.Job instance at 0x7fe08b69cb40>,9,20,[8 3],10,24,44,14,15
1,<environment.Job instance at 0x7fe08bfd9af0>,15,17,[ 5 10],16,32,49,16,20
1,<environment.Job instance at 0x7fe08b866c80>,16,15,[5 6],17,49,64,32,35
1,<environment.Job instance at 0x7fe08b950c30>,22,17,[10  3],23,44,61,21,35
1,<environment.Job instance at 0x7fe08bd30eb0>,24,17,[ 2 10],25,64,81,39,53
1,<environment.Job instance at 0x7fe08bd30d70>,25,12,[2 8],26,81,93,55,64
1,<environment.Job instance at 0x7fe08bd30b40>,30,22,[5 3],31,64,86,33,64
1,<environment.Job instance at 0x7fe08c0c7d20>,39,13,[5 6],40,86,99,46,70
1,<environment.Job instance at 0x7fe08bcf2eb0>,46,19,[8 2],47,93,112,46,83
1,<environment.Job instance at 0x7fe08aed7c80>,49,18,[9 1],50,112,130,62,101
1,<environment.Job instance at 0x7fe08aed7550>,50,16,[ 1 10],51,101,117,50,101
1,<environment.Job instance at 0x7fe08bea2460>,52,16,[6 2],53,117,133,64,104
1,<environment.Job instance at 0x7fe08bea2280>,53,14,[1 5],54,130,144,76,115
1,<environment.Job instance at 0x7fe08bf469b0>,56,17,[4 7],57,130,147,73,118
1,<environment.Job instance at 0x7fe08bf46c80>,57,16,[ 5 10],58,147,163,89,134
1,<environment.Job instance at 0x7fe08bf46f00>,58,21,[3 5],59,144,165,85,136
1,<environment.Job instance at 0x7fe08b678370>,63,17,[10  5],64,163,180,99,151
1,<environment.Job instance at 0x7fe08b6780f0>,64,13,[1 5],65,163,176,98,151
1,<environment.Job instance at 0x7fe08b678dc0>,66,13,[3 9],67,176,189,109,161
1,<environment.Job instance at 0x7fe08b678cd0>,69,18,[5 4],70,180,198,110,169
1,<environment.Job instance at 0x7fe08c335190>,70,16,[10  1],71,189,205,118,176
1,<environment.Job instance at 0x7fe08b956cd0>,72,18,[3 7],73,198,216,125,187
1,<environment.Job instance at 0x7fe08aecbbe0>,73,16,[7 4],74,205,221,131,192
1,<environment.Job instance at 0x7fe08b9801e0>,76,17,[8 5],77,216,233,139,204
1,<environment.Job instance at 0x7fe08b9802d0>,80,15,[10  1],81,233,248,152,219
1,<environment.Job instance at 0x7fe08b980500>,81,18,[9 4],82,248,266,166,237
1,<environment.Job instance at 0x7fe08b980f00>,82,23,[1 8],83,246,269,163,246
1,<environment.Job instance at 0x7fe08b906d20>,90,13,[9 1],91,266,279,175,250
1,<environment.Job instance at 0x7fe08ac75730>,111,21,[6 4],112,269,290,157,261
1,<environment.Job instance at 0x7fe08ac75e10>,112,12,[5 6],113,279,291,166,262
1,<environment.Job instance at 0x7fe08ac75dc0>,115,17,[5 2],116,290,307,174,278
1,<environment.Job instance at 0x7fe08b69c4b0>,10,24,[9 5],11,291,315,280,286
1,<environment.Job instance at 0x7fe08ac758c0>,117,22,[ 5 10],118,307,329,189,302
1,<environment.Job instance at 0x7fe08ac8e0a0>,119,15,[4 6],120,329,344,209,315
1,<environment.Job instance at 0x7fe08ac75b90>,120,22,[5 2],121,315,337,194,315
1,<environment.Job instance at 0x7fe08ac8e3c0>,121,17,[6 3],122,329,346,207,317
1,<environment.Job instance at 0x7fe08b7be320>,125,19,[3 5],126,337,356,211,327
1,<environment.Job instance at 0x7fe08b7be640>,128,18,[5 8],129,346,364,217,335
1,<environment.Job instance at 0x7fe08b7bee10>,132,22,[10  2],133,356,378,223,349
1,<environment.Job instance at 0x7fe08b013230>,137,16,[5 5],138,364,380,226,351
1,<environment.Job instance at 0x7fe08b5a5e60>,151,16,[7 3],152,378,394,226,365
1,<environment.Job instance at 0x7fe08b5a5b90>,152,17,[7 2],153,380,397,227,368
1,<environment.Job instance at 0x7fe08b5a5500>,153,13,[3 7],154,394,407,240,378
1,<environment.Job instance at 0x7fe08b5a5aa0>,155,16,[1 5],156,378,394,222,378
1,<environment.Job instance at 0x7fe08b5a5230>,156,22,[5 8],157,397,419,240,390
1,<environment.Job instance at 0x7fe08b5a5be0>,157,14,[3 7],158,407,421,249,392
1,<environment.Job instance at 0x7fe08b5fb730>,161,12,[5 5],162,419,431,257,402
1,<environment.Job instance at 0x7fe08b5fb870>,166,22,[1 9],167,421,443,254,414
1,<environment.Job instance at 0x7fe08b5fb370>,167,18,[10  1],168,431,449,263,420
1,<environment.Job instance at 0x7fe08b5fb280>,168,21,[6 3],169,449,470,280,441
1,<environment.Job instance at 0x7fe08b03c280>,180,20,[3 8],181,443,463,262,441
1,<environment.Job instance at 0x7fe08b03c690>,183,18,[4 9],184,463,481,279,452
1,<environment.Job instance at 0x7fe08b03c7d0>,184,12,[4 8],185,481,493,296,464
1,<environment.Job instance at 0x7fe08ac90e60>,0,21,[11  1],1,470,491,469,464
1,<environment.Job instance at 0x7fe08b11daf0>,1,15,[5 6],2,2,17,0,2
1,<environment.Job instance at 0x7fe08b11d5a0>,2,15,[11  2],3,17,32,14,3
1,<environment.Job instance at 0x7fe08c4a9dc0>,5,17,[5 1],6,32,49,26,20
1,<environment.Job instance at 0x7fe08be93fa0>,10,21,[6 4],11,32,53,21,24
1,<environment.Job instance at 0x7fe08beb9050>,13,19,[5 4],14,49,68,35,39
1,<environment.Job instance at 0x7fe08beb93c0>,15,22,[3 6],16,39,61,23,39
1,<environment.Job instance at 0x7fe08beb0870>,21,22,[7 5],22,53,75,31,46
1,<environment.Job instance at 0x7fe08bea34b0>,25,16,[4 5],26,68,84,42,55
1,<environment.Job instance at 0x7fe08bea3320>,30,12,[9 2],31,75,87,44,58
1,<environment.Job instance at 0x7fe08bd22b40>,35,13,[8 1],36,87,100,51,71
1,<environment.Job instance at 0x7fe08bd225a0>,38,17,[9 3],39,100,117,61,88
1,<environment.Job instance at 0x7fe08c4dca50>,6,21,[4 8],7,88,109,81,88
1,<environment.Job instance at 0x7fe08beee640>,41,16,[3 9],42,109,125,67,96
1,<environment.Job instance at 0x7fe08c4dcc80>,48,18,[7 3],49,117,135,68,106
1,<environment.Job instance at 0x7fe08bd2c050>,49,20,[5 7],50,125,145,75,116
1,<environment.Job instance at 0x7fe08b2cb500>,58,19,[5 3],59,135,154,76,125
1,<environment.Job instance at 0x7fe08bd36410>,62,18,[2 8],63,145,163,82,134
1,<environment.Job instance at 0x7fe08bdd4be0>,63,23,[6 2],64,145,168,81,139
1,<environment.Job instance at 0x7fe08b2cbcd0>,64,15,[5 6],65,163,178,98,149
1,<environment.Job instance at 0x7fe08b2d04b0>,67,15,[3 6],68,163,178,95,149
1,<environment.Job instance at 0x7fe08c1b7230>,70,21,[7 3],71,168,189,97,160
1,<environment.Job instance at 0x7fe08c1b7730>,71,12,[7 2],72,178,190,106,161
1,<environment.Job instance at 0x7fe08c1b7050>,73,17,[9 4],74,190,207,116,178
1,<environment.Job instance at 0x7fe08c1b7870>,75,12,[3 9],76,189,201,113,178
1,<environment.Job instance at 0x7fe08c1d7410>,81,13,[6 2],82,201,214,119,185
1,<environment.Job instance at 0x7fe08c1d79b0>,83,17,[7 1],84,207,224,123,195
1,<environment.Job instance at 0x7fe08c1d7eb0>,85,15,[5 8],86,214,229,128,200
1,<environment.Job instance at 0x7fe08c1d7870>,87,16,[1 8],88,229,245,141,216
1,<environment.Job instance at 0x7fe08beb0e60>,89,21,[2 7],90,224,245,134,216
1,<environment.Job instance at 0x7fe08c1b4aa0>,91,20,[5 5],92,245,265,153,236
1,<environment.Job instance at 0x7fe08c1b4690>,93,19,[7 4],94,245,264,151,236
1,<environment.Job instance at 0x7fe08c1b4a50>,101,16,[10  4],102,264,280,162,251
1,<environment.Job instance at 0x7fe08c1ac0a0>,103,14,[3 7],104,265,279,161,251
1,<environment.Job instance at 0x7fe08c4a97d0>,7,16,[11  1],8,280,296,272,272
1,<environment.Job instance at 0x7fe08c1acd20>,108,14,[ 1 14],109,280,294,171,272
1,<environment.Job instance at 0x7fe08c1ace60>,109,17,[13  2],110,296,313,186,284
1,<environment.Job instance at 0x7fe08c1bf6e0>,40,19,[9 3],41,313,332,272,303
1,<environment.Job instance at 0x7fe08c1acdc0>,111,14,[ 1 11],112,303,317,191,303
1,<environment.Job instance at 0x7fe08bdc7e60>,112,25,[6 5],113,317,342,204,313
1,<environment.Job instance at 0x7fe08c1acb40>,107,21,[9 5],108,335,356,227,335
1,<environment.Job instance at 0x7fe08c19a280>,113,22,[13  4],114,356,378,242,349
1,<environment.Job instance at 0x7fe08bdc7140>,110,24,[11  4],111,378,402,267,373
1,<environment.Job instance at 0x7fe08c19ac30>,118,20,[ 2 11],119,373,393,254,373
1,<environment.Job instance at 0x7fe08c19adc0>,119,14,[10  4],120,402,416,282,387
1,<environment.Job instance at 0x7fe08c19af00>,120,23,[ 4 12],121,416,439,295,410
1,<environment.Job instance at 0x7fe08c19a140>,121,15,[13  2],122,439,454,317,425
1,<environment.Job instance at 0x7fe08c19ae10>,122,22,[11  1],123,454,476,331,447
1,<environment.Job instance at 0x7fe08c19af50>,123,24,[6 2],124,476,500,352,471
1,<environment.Job instance at 0x7fe08c19afa0>,124,20,[14  4],125,500,520,375,491
1,<environment.Job instance at 0x7fe08b2b3370>,125,28,[ 2 14],126,520,548,394,519
1,<environment.Job instance at 0x7fe08b2b3aa0>,126,28,[ 4 11],127,548,576,421,547
1,<environment.Job instance at 0x7fe08b2b3be0>,127,28,[ 1 13],128,576,604,448,575
1,<environment.Job instance at 0x7fe08b2b3500>,128,28,[ 2 14],129,604,632,475,603
1,<environment.Job instance at 0x7fe08b2b3320>,129,18,[ 1 11],130,632,650,502,621
1,<environment.Job instance at 0x7fe08bdef050>,130,18,[10  4],131,632,650,501,621
1,<environment.Job instance at 0x7fe08c4dc550>,3,17,[11  4],4,650,667,646,639
1,<environment.Job instance at 0x7fe08b0f1a00>,132,23,[11  2],133,667,690,534,661
1,<environment.Job instance at 0x7fe08c1c8910>,134,14,[14  2],135,690,704,555,680
1,<environment.Job instance at 0x7fe08c1aa9b0>,135,18,[6 4],136,704,722,568,693
1,<environment.Job instance at 0x7fe08c1aa8c0>,139,15,[5 5],140,704,719,564,693
1,<environment.Job instance at 0x7fe08b2758c0>,147,17,[10  2],148,722,739,574,713
1,<environment.Job instance at 0x7fe08c1aa960>,138,23,[11  4],139,739,762,600,733
1,<environment.Job instance at 0x7fe08b11d140>,0,16,[7 5],1,762,778,761,749
1,<environment.Job instance at 0x7fe08bd22d20>,183,14,[1 9],184,749,763,565,749
1,<environment.Job instance at 0x7fe08bd228c0>,184,13,[11  4],185,778,791,593,762
1,<environment.Job instance at 0x7fe08b29bd70>,157,26,[14  4],158,791,817,633,788
1,<environment.Job instance at 0x7fe08bd22550>,186,27,[6 1],187,817,844,630,815
1,<environment.Job instance at 0x7fe08c1bba00>,131,27,[9 4],132,820,847,688,820
1,<environment.Job instance at 0x7fe08be9d4b0>,188,19,[2 7],189,844,863,655,834
1,<environment.Job instance at 0x7fe08c1bb780>,3,23,[1 8],4,4,27,0,4
1,<environment.Job instance at 0x7fe08c1bbd70>,4,14,[13  1],5,5,19,0,5
1,<environment.Job instance at 0x7fe08c1441e0>,5,14,[9 1],6,19,33,13,6
1,<environment.Job instance at 0x7fe08c144f50>,6,21,[5 2],7,19,40,12,11
1,<environment.Job instance at 0x7fe08c1449b0>,14,16,[ 1 11],15,27,43,12,15
1,<environment.Job instance at 0x7fe08c144730>,15,14,[10  1],16,40,54,24,26
1,<environment.Job instance at 0x7fe08c144c80>,16,13,[ 3 13],17,43,56,26,27
1,<environment.Job instance at 0x7fe08c144500>,17,14,[13  4],18,56,70,38,42
1,<environment.Job instance at 0x7fe08c144960>,18,15,[3 6],19,70,85,51,56
1,<environment.Job instance at 0x7fe08c144190>,11,13,[3 6],12,70,83,58,56
1,<environment.Job instance at 0x7fe08c144820>,13,18,[3 6],14,83,101,69,72
1,<environment.Job instance at 0x7fe08c144eb0>,25,13,[8 1],26,72,85,46,72
1,<environment.Job instance at 0x7fe08c144cd0>,28,21,[9 3],29,85,106,56,78
1,<environment.Job instance at 0x7fe08c14cb40>,36,12,[5 6],37,101,113,64,84
1,<environment.Job instance at 0x7fe08c14cf50>,37,19,[5 6],38,106,125,68,96
1,<environment.Job instance at 0x7fe08c14c550>,39,21,[6 3],40,113,134,73,105
1,<environment.Job instance at 0x7fe08c14c820>,40,20,[1 9],41,125,145,84,116
1,<environment.Job instance at 0x7fe08c14cfa0>,44,21,[2 5],45,134,155,89,126
1,<environment.Job instance at 0x7fe08c14c9b0>,47,15,[5 5],48,145,160,97,131
1,<environment.Job instance at 0x7fe08b291e60>,48,13,[1 8],49,155,168,106,140
1,<environment.Job instance at 0x7fe08c1445f0>,19,24,[8 5],20,160,184,140,156
1,<environment.Job instance at 0x7fe08c144230>,20,20,[3 9],21,168,188,147,164
1,<environment.Job instance at 0x7fe08b291af0>,52,26,[6 4],53,184,210,131,181
1,<environment.Job instance at 0x7fe08b291fa0>,50,22,[10  4],51,210,232,159,203
1,<environment.Job instance at 0x7fe08b291b40>,54,14,[4 6],55,203,217,148,203
1,<environment.Job instance at 0x7fe08b291690>,55,21,[8 2],56,232,253,176,224
1,<environment.Job instance at 0x7fe08b2915a0>,59,12,[ 3 10],60,225,237,165,225
1,<environment.Job instance at 0x7fe08b291820>,61,12,[10  5],62,253,265,191,236
1,<environment.Job instance at 0x7fe08b2917d0>,62,12,[3 5],63,237,249,174,236
1,<environment.Job instance at 0x7fe08c1aa6e0>,71,12,[9 2],72,265,277,193,248
1,<environment.Job instance at 0x7fe08c1aa230>,74,16,[10  1],75,277,293,202,264
1,<environment.Job instance at 0x7fe08c1aa640>,76,20,[6 3],77,293,313,216,284
1,<environment.Job instance at 0x7fe08c1aabe0>,79,13,[ 1 10],80,297,310,217,297
1,<environment.Job instance at 0x7fe08c1aa870>,80,14,[5 4],81,310,324,229,297
1,<environment.Job instance at 0x7fe08c11be60>,81,17,[ 3 10],82,313,330,231,304
1,<environment.Job instance at 0x7fe08b291410>,53,23,[12  5],54,324,347,270,320
1,<environment.Job instance at 0x7fe08c11bfa0>,82,21,[5 8],83,347,368,264,340
1,<environment.Job instance at 0x7fe08c11b5f0>,87,19,[5 2],88,347,366,259,340
1,<environment.Job instance at 0x7fe08c11bc30>,93,12,[3 5],94,352,364,258,352
1,<environment.Job instance at 0x7fe08c11bdc0>,94,21,[4 6],95,366,387,271,364
1,<environment.Job instance at 0x7fe08c11beb0>,84,28,[5 6],85,368,396,283,367
1,<environment.Job instance at 0x7fe08c11b3c0>,97,18,[ 1 10],98,396,414,298,386
1,<environment.Job instance at 0x7fe08be93eb0>,99,21,[9 3],100,387,408,287,386
1,<environment.Job instance at 0x7fe08be93820>,103,15,[ 3 12],104,414,429,310,400
1,<environment.Job instance at 0x7fe08be93500>,104,15,[5 6],105,429,444,324,415
1,<environment.Job instance at 0x7fe08be93a50>,106,20,[1 6],107,429,449,322,420
1,<environment.Job instance at 0x7fe08be93b90>,109,17,[2 5],110,444,461,334,432
1,<environment.Job instance at 0x7fe08be93730>,110,13,[9 1],111,432,445,321,432
1,<environment.Job instance at 0x7fe08be932d0>,111,14,[5 5],112,449,463,337,434
1,<environment.Job instance at 0x7fe08be936e0>,112,17,[5 9],113,461,478,348,449
1,<environment.Job instance at 0x7fe08c199190>,119,19,[4 6],120,463,482,343,458
1,<environment.Job instance at 0x7fe08c1994b0>,121,16,[1 9],122,478,494,356,466
1,<environment.Job instance at 0x7fe08c199be0>,126,16,[7 3],127,482,498,355,469
1,<environment.Job instance at 0x7fe08c199dc0>,129,21,[2 6],130,494,515,364,486
1,<environment.Job instance at 0x7fe08c199910>,130,15,[8 2],131,498,513,367,486
1,<environment.Job instance at 0x7fe08c126cd0>,132,17,[3 9],133,513,530,380,501
1,<environment.Job instance at 0x7fe08c126820>,134,14,[9 3],135,515,529,380,501
1,<environment.Job instance at 0x7fe08be93f00>,105,15,[12  3],106,529,544,423,519
1,<environment.Job instance at 0x7fe08b54d370>,137,22,[3 7],138,530,552,392,526
1,<environment.Job instance at 0x7fe08c147a50>,139,15,[4 8],140,544,559,404,530
1,<environment.Job instance at 0x7fe08c147280>,140,20,[4 5],141,552,572,411,543
1,<environment.Job instance at 0x7fe08c147d20>,141,14,[5 6],142,559,573,417,544
1,<environment.Job instance at 0x7fe08aefd320>,150,20,[7 1],151,572,592,421,563
1,<environment.Job instance at 0x7fe08c144140>,8,20,[ 2 13],9,573,593,564,572
1,<environment.Job instance at 0x7fe08b479dc0>,155,13,[13  3],156,593,606,437,577
1,<environment.Job instance at 0x7fe08b4b0e10>,156,14,[ 5 14],157,606,620,449,591
1,<environment.Job instance at 0x7fe08c1a0280>,138,17,[10  1],139,606,623,467,602
1,<environment.Job instance at 0x7fe08aea6870>,158,15,[8 3],159,623,638,464,609
1,<environment.Job instance at 0x7fe08b88a7d0>,157,28,[ 3 11],158,620,648,462,620
1,<environment.Job instance at 0x7fe094bd4cd0>,159,16,[12  2],160,638,654,478,625
1,<environment.Job instance at 0x7fe08b9c57d0>,154,19,[3 8],155,648,667,493,638
1,<environment.Job instance at 0x7fe08c2d30a0>,163,13,[5 2],164,654,667,490,638
1,<environment.Job instance at 0x7fe08b3b23c0>,162,17,[14  5],163,667,684,504,657
1,<environment.Job instance at 0x7fe094daa500>,165,20,[1 8],166,669,689,503,669
1,<environment.Job instance at 0x7fe08c533050>,166,13,[9 4],167,684,697,517,669
1,<environment.Job instance at 0x7fe08bd33fa0>,168,16,[ 2 10],169,689,705,520,676
1,<environment.Job instance at 0x7fe08afe12d0>,160,19,[ 1 13],161,705,724,544,695
1,<environment.Job instance at 0x7fe094b16050>,171,15,[ 4 10],172,724,739,552,714
1,<environment.Job instance at 0x7fe08bc333c0>,172,16,[10  4],173,724,740,551,723
1,<environment.Job instance at 0x7fe08c1bbe10>,0,27,[13  4],1,740,767,739,738
1,<environment.Job instance at 0x7fe08acaffa0>,173,26,[12  4],182,2419,2445,2237,2419
1,<environment.Job instance at 0x7fe08c620910>,0,16,[4 8],1,1,17,0,1
1,<environment.Job instance at 0x7fe08bd33c80>,2,12,[11  5],3,3,15,0,3
1,<environment.Job instance at 0x7fe08c620fa0>,4,18,[5 7],5,15,33,10,5
1,<environment.Job instance at 0x7fe08b355190>,7,18,[1 5],8,17,35,9,8
1,<environment.Job instance at 0x7fe08c6205a0>,9,16,[4 9],10,33,49,23,20
1,<environment.Job instance at 0x7fe08b355e60>,13,21,[2 7],14,49,70,35,41
1,<environment.Job instance at 0x7fe08b355690>,11,15,[2 7],12,49,64,37,41
1,<environment.Job instance at 0x7fe08b3550f0>,17,17,[8 4],18,64,81,46,53
1,<environment.Job instance at 0x7fe08b355c80>,16,19,[8 4],17,81,100,64,71
1,<environment.Job instance at 0x7fe08c5354b0>,23,12,[7 2],24,71,83,47,71
1,<environment.Job instance at 0x7fe08b355820>,8,24,[1 9],9,83,107,74,78
1,<environment.Job instance at 0x7fe08b355f50>,10,13,[8 5],11,100,113,89,84
1,<environment.Job instance at 0x7fe08c535cd0>,31,19,[1 7],32,107,126,75,97
1,<environment.Job instance at 0x7fe08c535c80>,33,15,[14  3],34,113,128,79,99
1,<environment.Job instance at 0x7fe08c5355a0>,34,15,[ 2 11],35,128,143,93,114
1,<environment.Job instance at 0x7fe08c535280>,36,12,[13  1],37,128,140,91,114
1,<environment.Job instance at 0x7fe08c535dc0>,37,18,[ 3 10],38,143,161,105,132
1,<environment.Job instance at 0x7fe08c5358c0>,39,13,[1 8],40,161,174,121,145
1,<environment.Job instance at 0x7fe08c5357d0>,40,23,[12  3],41,145,168,104,145
1,<environment.Job instance at 0x7fe08c535a00>,42,15,[7 2],43,168,183,125,154
1,<environment.Job instance at 0x7fe08bf074b0>,43,23,[3 9],44,174,197,130,168
1,<environment.Job instance at 0x7fe08bf07af0>,44,19,[11  5],45,183,202,138,173
1,<environment.Job instance at 0x7fe094e1de60>,45,12,[ 3 11],46,202,214,156,185
1,<environment.Job instance at 0x7fe08ae7d1e0>,49,13,[3 9],50,214,227,164,198
1,<environment.Job instance at 0x7fe08ae7d2d0>,50,17,[11  4],51,202,219,151,198
1,<environment.Job instance at 0x7fe08ae7dc80>,51,15,[12  4],52,219,234,167,205
1,<environment.Job instance at 0x7fe08c535690>,32,12,[ 3 14],33,234,246,201,217
1,<environment.Job instance at 0x7fe08c535b40>,30,19,[1 7],31,246,265,215,236
1,<environment.Job instance at 0x7fe08c48f690>,55,14,[2 6],56,246,260,190,236
1,<environment.Job instance at 0x7fe08c48f320>,57,20,[9 2],58,246,266,188,242
1,<environment.Job instance at 0x7fe08af3c690>,60,19,[7 1],61,266,285,205,256
1,<environment.Job instance at 0x7fe08c333690>,62,12,[10  4],63,285,297,222,268
1,<environment.Job instance at 0x7fe08c333370>,64,14,[6 2],65,268,282,203,268
1,<environment.Job instance at 0x7fe08c3338c0>,67,14,[ 5 10],68,282,296,214,268
1,<environment.Job instance at 0x7fe08c333280>,72,15,[5 7],73,296,311,223,282
1,<environment.Job instance at 0x7fe08c55a5a0>,75,16,[ 4 10],76,311,327,235,299
1,<environment.Job instance at 0x7fe08bc1f9b0>,81,16,[5 8],82,327,343,245,314
1,<environment.Job instance at 0x7fe08bc1f320>,82,12,[5 3],83,314,326,231,314
1,<environment.Job instance at 0x7fe08bc1f0a0>,83,13,[8 1],84,326,339,242,315
1,<environment.Job instance at 0x7fe08bc1f230>,85,18,[3 8],86,343,361,257,332
1,<environment.Job instance at 0x7fe08bc1f5a0>,87,22,[5 3],88,339,361,251,332
1,<environment.Job instance at 0x7fe08bc1f140>,89,17,[ 4 10],90,361,378,271,350
1,<environment.Job instance at 0x7fe08bc1fe60>,90,22,[7 5],91,361,383,270,354
1,<environment.Job instance at 0x7fe08bc1fdc0>,91,13,[2 7],92,378,391,286,362
1,<environment.Job instance at 0x7fe08bc1f0f0>,97,13,[3 8],98,383,396,285,367
1,<environment.Job instance at 0x7fe08c419230>,100,16,[5 4],101,391,407,290,378
1,<environment.Job instance at 0x7fe08c419050>,101,16,[9 5],102,396,412,294,383
1,<environment.Job instance at 0x7fe08c419320>,102,12,[7 1],103,412,424,309,395
1,<environment.Job instance at 0x7fe094c15f50>,53,22,[ 4 10],54,407,429,353,400
1,<environment.Job instance at 0x7fe08c4198c0>,104,15,[1 7],105,429,444,324,415
1,<environment.Job instance at 0x7fe08c419370>,105,13,[ 3 12],106,444,457,338,428
1,<environment.Job instance at 0x7fe08c419960>,106,15,[11  5],107,428,443,321,428
1,<environment.Job instance at 0x7fe08c4190f0>,107,15,[11  4],108,457,472,349,443
1,<environment.Job instance at 0x7fe08c419460>,108,20,[5 3],109,472,492,363,463
1,<environment.Job instance at 0x7fe08c419780>,109,27,[11  3],110,492,519,382,490
1,<environment.Job instance at 0x7fe08c419a50>,110,28,[8 3],111,519,547,408,518
1,<environment.Job instance at 0x7fe08c419820>,111,18,[14  1],112,547,565,435,536
1,<environment.Job instance at 0x7fe08c419640>,112,28,[14  4],113,565,593,452,564
1,<environment.Job instance at 0x7fe08c4194b0>,113,14,[ 3 14],114,593,607,479,578
1,<environment.Job instance at 0x7fe08c419730>,114,22,[8 3],115,607,629,492,600
1,<environment.Job instance at 0x7fe08c419e10>,115,13,[10  1],116,629,642,513,613
1,<environment.Job instance at 0x7fe08c419d20>,116,21,[6 1],117,642,663,525,634
1,<environment.Job instance at 0x7fe08c419d70>,117,12,[ 4 13],118,634,646,516,634
1,<environment.Job instance at 0x7fe08b282d70>,118,15,[8 5],119,646,661,527,634
1,<environment.Job instance at 0x7fe08b282370>,119,24,[10  3],120,663,687,543,658
1,<environment.Job instance at 0x7fe08c419a00>,103,21,[4 8],104,661,682,557,660
1,<environment.Job instance at 0x7fe08b282140>,120,16,[13  2],121,687,703,566,674
1,<environment.Job instance at 0x7fe08b282f00>,122,20,[2 5],123,682,702,559,674
1,<environment.Job instance at 0x7fe08b282b40>,126,19,[1 5],127,702,721,575,692
1,<environment.Job instance at 0x7fe08b282820>,128,16,[11  3],129,703,719,574,692
1,<environment.Job instance at 0x7fe08be65aa0>,131,18,[10  2],132,719,737,587,708
1,<environment.Job instance at 0x7fe08b2828c0>,123,22,[4 8],124,719,741,595,712
1,<environment.Job instance at 0x7fe08be65050>,132,19,[7 2],133,737,756,604,727
1,<environment.Job instance at 0x7fe08be65a00>,133,16,[ 5 11],134,741,757,607,728
1,<environment.Job instance at 0x7fe08aedce10>,138,19,[ 3 11],139,757,776,618,747
1,<environment.Job instance at 0x7fe08ae7d320>,52,20,[8 4],53,756,776,703,751
1,<environment.Job instance at 0x7fe08ac8eaf0>,137,20,[4 8],138,776,796,638,767
1,<environment.Job instance at 0x7fe08c4dc780>,141,18,[9 5],142,776,794,634,767
1,<environment.Job instance at 0x7fe08bfb0230>,148,14,[7 4],149,794,808,645,779
1,<environment.Job instance at 0x7fe08bfb07d0>,149,13,[5 5],150,796,809,646,780
1,<environment.Job instance at 0x7fe08ad88780>,152,12,[7 5],153,808,820,655,791
1,<environment.Job instance at 0x7fe08b0dae60>,153,14,[3 8],154,809,823,655,794
1,<environment.Job instance at 0x7fe08b7a75f0>,168,20,[5 2],188,809,829,621,800
1,<environment.Job instance at 0x7fab77faf4b0>,0,17,[6 1],1,1,18,0,1
1,<environment.Job instance at 0x7fab77faf640>,2,20,[7 4],3,3,23,0,3
1,<environment.Job instance at 0x7fab6e9ca640>,10,15,[5 1],11,18,33,7,11
1,<environment.Job instance at 0x7fab6e9ca6e0>,11,15,[6 1],12,23,38,11,12
1,<environment.Job instance at 0x7fab6e9cae60>,22,13,[7 4],23,33,46,10,23
1,<environment.Job instance at 0x7fab6e9ce0f0>,24,20,[4 6],25,38,58,13,29
1,<environment.Job instance at 0x7fab6e9ce0a0>,26,12,[8 5],27,46,58,19,29
1,<environment.Job instance at 0x7fab6e9ce5f0>,32,17,[9 3],33,58,75,25,46
1,<environment.Job instance at 0x7fab6e9ce820>,35,16,[1 9],36,58,74,22,46
1,<environment.Job instance at 0x7fab6e9ce8c0>,36,20,[7 5],37,75,95,38,66
1,<environment.Job instance at 0x7fab6e9ceaa0>,39,18,[9 4],40,95,113,55,84
1,<environment.Job instance at 0x7fab6e9cebe0>,41,12,[8 3],42,113,125,71,96
1,<environment.Job instance at 0x7fab6e9ced20>,43,16,[1 8],44,96,112,52,96
1,<environment.Job instance at 0x7fab6e9ce4b0>,46,14,[6 5],47,112,126,65,97
1,<environment.Job instance at 0x7fab6e9ca1e0>,17,19,[12  4],18,196,215,178,196
1,<environment.Job instance at 0x7fab77faf500>,1,24,[10  1],2,215,239,213,210
1,<environment.Job instance at 0x7fab6e9d7be0>,0,13,[ 4 12],1,1,14,0,1
1,<environment.Job instance at 0x7fab6e9ca190>,1,13,[5 6],2,14,27,12,2
1,<environment.Job instance at 0x7fab77faf500>,3,17,[7 4],4,14,31,10,4
1,<environment.Job instance at 0x7fab6e1094b0>,6,21,[8 4],7,27,48,20,19
1,<environment.Job instance at 0x7fab6e109b40>,9,19,[1 7],10,31,50,21,21
1,<environment.Job instance at 0x7fab6e10aa00>,17,18,[9 4],18,48,66,30,38
1,<environment.Job instance at 0x7fab6e10a0a0>,20,15,[8 4],21,66,81,45,52
1,<environment.Job instance at 0x7fab6e10a370>,21,14,[4 9],22,52,66,30,52
1,<environment.Job instance at 0x7fab6e101050>,23,18,[3 5],24,66,84,42,55
1,<environment.Job instance at 0x7fab6e292140>,24,19,[3 8],25,81,100,56,71
1,<environment.Job instance at 0x7fab6e231d70>,25,17,[7 1],26,81,98,55,71
1,<environment.Job instance at 0x7fab6e101eb0>,26,14,[10  4],27,98,112,71,83
1,<environment.Job instance at 0x7fab6e277f50>,28,16,[8 1],29,112,128,83,99
1,<environment.Job instance at 0x7fab6e1ea460>,31,19,[5 5],32,100,119,68,99
1,<environment.Job instance at 0x7fab6e1ea500>,32,14,[8 5],33,128,142,95,113
1,<environment.Job instance at 0x7fab6e1eaaf0>,33,21,[4 8],34,119,140,85,113
1,<environment.Job instance at 0x7fab6e1ea230>,34,18,[ 3 10],35,140,158,105,129
1,<environment.Job instance at 0x7fab6e1eab40>,36,15,[1 7],37,158,173,121,144
1,<environment.Job instance at 0x7fab6e2370a0>,38,18,[7 1],39,144,162,105,144
1,<environment.Job instance at 0x7fab6e332d70>,39,16,[4 9],40,173,189,133,160
1,<environment.Job instance at 0x7fab6e255c30>,42,15,[9 1],43,162,177,119,160
1,<environment.Job instance at 0x7fab6df8caa0>,46,16,[8 4],47,177,193,130,164
1,<environment.Job instance at 0x7fab78002910>,47,18,[2 6],48,189,207,141,178
1,<environment.Job instance at 0x7fab6e109730>,7,16,[ 2 11],8,207,223,199,202
1,<environment.Job instance at 0x7fab6e109140>,2,21,[14  2],3,228,249,225,228
1,<environment.Job instance at 0x7fab6e109370>,4,13,[7 3],5,894,907,889,894
1,<environment.Job instance at 0x7fab6df7c640>,3,13,[11  4],4,4,17,0,4
1,<environment.Job instance at 0x7fab6df7c910>,4,16,[1 9],5,5,21,0,5
1,<environment.Job instance at 0x7fab6df7c6e0>,8,25,[1 7],9,21,46,12,17
1,<environment.Job instance at 0x7fab6df7cc30>,9,18,[1 9],10,46,64,36,35
1,<environment.Job instance at 0x7fab6df7c960>,10,27,[ 3 11],11,64,91,53,62
1,<environment.Job instance at 0x7fab6df7ce60>,11,23,[5 1],12,62,85,50,62
1,<environment.Job instance at 0x7fab6dff4730>,12,17,[12  4],13,85,102,72,77
1,<environment.Job instance at 0x7fab6dff42d0>,13,12,[1 6],14,91,103,77,77
1,<environment.Job instance at 0x7fab6dff4dc0>,14,17,[5 1],15,102,119,87,90
1,<environment.Job instance at 0x7fab6df7ca50>,6,16,[7 5],7,102,118,95,92
1,<environment.Job instance at 0x7fab6dff4500>,16,17,[5 5],17,118,135,101,106
1,<environment.Job instance at 0x7fab6df7c2d0>,5,19,[ 1 10],6,124,143,118,124
1,<environment.Job instance at 0x7fab6dff47d0>,18,15,[ 4 10],19,143,158,124,129
1,<environment.Job instance at 0x7fab6dff4b40>,22,18,[7 4],23,135,153,112,134
1,<environment.Job instance at 0x7fab6dff4e60>,15,19,[14  5],16,158,177,142,148
1,<environment.Job instance at 0x7fab6dff4af0>,26,27,[12  1],27,177,204,150,175
1,<environment.Job instance at 0x7fab6dff4280>,27,20,[13  4],28,204,224,176,195
1,<environment.Job instance at 0x7fab6dff46e0>,28,26,[1 6],29,195,221,166,195
1,<environment.Job instance at 0x7fab6dff4320>,29,14,[13  2],30,224,238,194,209
1,<environment.Job instance at 0x7fab6dff45f0>,30,21,[5 4],31,238,259,207,230
1,<environment.Job instance at 0x7fab6dfbef50>,31,27,[13  4],32,259,286,227,257
1,<environment.Job instance at 0x7fab6dfbe050>,32,21,[14  2],33,286,307,253,278
1,<environment.Job instance at 0x7fab6dfbe640>,33,17,[5 1],34,307,324,273,295
1,<environment.Job instance at 0x7fab6dfbe7d0>,34,26,[4 7],35,307,333,272,304
1,<environment.Job instance at 0x7fab6dfbe410>,36,12,[5 4],37,313,325,276,313
1,<environment.Job instance at 0x7fab6dfbef00>,38,14,[6 5],39,325,339,286,313
1,<environment.Job instance at 0x7fab6dfbed20>,39,17,[8 2],40,333,350,293,321
1,<environment.Job instance at 0x7fab6dfbe820>,41,13,[1 8],42,333,346,291,321
1,<environment.Job instance at 0x7fab6dfbe190>,35,17,[ 5 12],36,346,363,310,334
1,<environment.Job instance at 0x7fab6dfca500>,48,13,[10  5],49,363,376,314,347
1,<environment.Job instance at 0x7fab6dfd68c0>,2,12,[1 5],3,3,15,0,3
1,<environment.Job instance at 0x7fab6dfd6dc0>,5,17,[5 8],6,6,23,0,6
1,<environment.Job instance at 0x7fab6e332d70>,1,28,[7 1],2,7,35,5,7
1,<environment.Job instance at 0x7fab6dfd6e60>,6,15,[ 2 10],7,23,38,16,11
1,<environment.Job instance at 0x7fab6df63f50>,12,19,[2 5],13,35,54,22,25
1,<environment.Job instance at 0x7fab6df63e60>,14,22,[3 8],15,38,60,23,31
1,<environment.Job instance at 0x7fab6df63550>,18,14,[6 3],19,54,68,35,39
1,<environment.Job instance at 0x7fab6df630f0>,21,14,[ 5 10],22,60,74,38,45
1,<environment.Job instance at 0x7fab6df633c0>,22,17,[4 7],23,74,91,51,62
1,<environment.Job instance at 0x7fab6df630a0>,23,13,[5 7],24,74,87,50,62
1,<environment.Job instance at 0x7fab6df63cd0>,26,19,[3 8],27,87,106,60,77
1,<environment.Job instance at 0x7fab6e100230>,29,16,[8 4],30,91,107,61,78
1,<environment.Job instance at 0x7fab6e100be0>,36,17,[9 2],37,107,124,70,95
1,<environment.Job instance at 0x7fab6e100730>,37,16,[1 7],38,106,122,68,95
1,<environment.Job instance at 0x7fab6dfd5960>,42,20,[7 5],43,124,144,81,115
1,<environment.Job instance at 0x7fab6dfd55a0>,43,15,[9 5],44,144,159,100,130
1,<environment.Job instance at 0x7fab6dfd5c30>,45,21,[5 9],46,130,151,84,130
1,<environment.Job instance at 0x7fab6dfd54b0>,46,18,[7 1],47,159,177,112,148
1,<environment.Job instance at 0x7fab6dfd5eb0>,47,19,[3 8],48,151,170,103,148
1,<environment.Job instance at 0x7fab6dfd52d0>,48,14,[7 1],49,170,184,121,155
1,<environment.Job instance at 0x7fab6dfb7870>,0,24,[ 2 13],1,177,201,176,172
1,<environment.Job instance at 0x7fab6dfd6c80>,9,25,[ 2 11],10,246,271,236,246
1,<environment.Job instance at 0x7fab6e3d4780>,0,13,[12  2],1,1,14,0,1
1,<environment.Job instance at 0x7fab6e3d4f00>,1,27,[3 6],2,2,29,0,2
1,<environment.Job instance at 0x7fab6ee03500>,3,15,[6 1],4,14,29,10,4
1,<environment.Job instance at 0x7fab6ee2aeb0>,4,18,[5 4],5,14,32,9,5
1,<environment.Job instance at 0x7fab6ee31690>,26,15,[8 5],27,29,44,2,28
1,<environment.Job instance at 0x7fab6df8ca50>,2,22,[2 8],3,32,54,29,29
1,<environment.Job instance at 0x7fab6ee2ed20>,30,19,[4 7],31,44,63,13,34
1,<environment.Job instance at 0x7fab6ee2ac80>,11,15,[11  5],12,54,69,42,44
1,<environment.Job instance at 0x7fab6e329eb0>,33,19,[ 5 10],34,69,88,35,59
1,<environment.Job instance at 0x7fab6e0d3500>,36,13,[4 8],37,88,101,51,72
1,<environment.Job instance at 0x7fab6e326cd0>,37,16,[8 4],38,72,88,34,72
1,<environment.Job instance at 0x7fab6e0c7320>,40,13,[2 7],41,88,101,47,73
1,<environment.Job instance at 0x7fab6e32de10>,45,13,[9 2],46,101,114,55,85
1,<environment.Job instance at 0x7fab6e32d410>,46,13,[4 5],47,101,114,54,85
1,<environment.Job instance at 0x7fab6e0b2230>,29,12,[4 8],30,114,126,84,97
1,<environment.Job instance at 0x7fab6ee2a460>,5,13,[12  2],6,126,139,120,114
1,<environment.Job instance at 0x7fab6e3275f0>,34,22,[ 4 10],35,143,165,108,143
1,<environment.Job instance at 0x7fab6ee0f410>,27,17,[12  1],28,2140,2157,2112,2140
1,<environment.Job instance at 0x7fab6ee2ef50>,2,13,[3 5],3,3,16,0,3
1,<environment.Job instance at 0x7fab6e396b40>,3,16,[5 8],4,4,20,0,4
1,<environment.Job instance at 0x7fab6e396320>,7,27,[5 1],8,10,37,2,10
1,<environment.Job instance at 0x7fab6e396460>,6,14,[3 5],7,16,30,9,14
1,<environment.Job instance at 0x7fab6e396870>,13,17,[10  2],14,30,47,16,18
1,<environment.Job instance at 0x7fab6e3967d0>,8,26,[ 2 13],9,37,63,28,34
1,<environment.Job instance at 0x7fab6f538d70>,18,13,[6 4],19,63,76,44,47
1,<environment.Job instance at 0x7fab6f538f00>,17,17,[10  4],18,76,93,58,65
1,<environment.Job instance at 0x7fab6f5384b0>,27,20,[5 8],28,88,108,60,88
1,<environment.Job instance at 0x7fab6f538460>,28,17,[8 4],29,93,110,64,88
1,<environment.Job instance at 0x7fab6e0b11e0>,48,12,[5 8],49,108,120,59,93
1,<environment.Job instance at 0x7fab6e396230>,9,28,[14  4],10,788,816,778,788
1,<environment.Job instance at 0x7fab6e396a00>,0,27,[11  1],1,816,843,815,814
1,<environment.Job instance at 0x7fab6e0a4a00>,0,12,[5 5],1,1,13,0,1
1,<environment.Job instance at 0x7fab6e361690>,3,18,[9 5],4,4,22,0,4
1,<environment.Job instance at 0x7fab6e3615a0>,4,18,[1 7],5,13,31,8,5
1,<environment.Job instance at 0x7fab6e361a50>,9,16,[11  3],10,22,38,12,10
1,<environment.Job instance at 0x7fab6e361be0>,14,12,[4 7],15,31,43,16,15
1,<environment.Job instance at 0x7fab6e361af0>,10,14,[7 1],11,38,52,27,23
1,<environment.Job instance at 0x7fab6e374280>,19,19,[ 3 11],20,43,62,23,33
1,<environment.Job instance at 0x7fab6e374370>,21,15,[13  3],22,62,77,40,48
1,<environment.Job instance at 0x7fab6e3742d0>,20,14,[3 7],21,77,91,56,62
1,<environment.Job instance at 0x7fab6e374500>,24,16,[ 4 10],25,91,107,66,78
1,<environment.Job instance at 0x7fab6e374460>,22,28,[11  2],23,80,108,57,80
1,<environment.Job instance at 0x7fab6e361c80>,13,23,[ 1 11],14,107,130,93,101
1,<environment.Job instance at 0x7fab6e374870>,28,12,[13  4],29,108,120,79,101
1,<environment.Job instance at 0x7fab6e3749b0>,30,28,[7 4],31,120,148,89,119
1,<environment.Job instance at 0x7fab6e374a50>,31,27,[4 6],32,130,157,98,128
1,<environment.Job instance at 0x7fab6e374af0>,32,13,[2 9],33,148,161,115,137
1,<environment.Job instance at 0x7fab6e374910>,29,12,[ 5 12],30,161,173,131,145
1,<environment.Job instance at 0x7fab6e374c80>,34,12,[2 7],35,173,185,138,163
1,<environment.Job instance at 0x7fab6e374690>,25,20,[5 8],26,173,193,147,166
1,<environment.Job instance at 0x7fab6e391280>,43,17,[5 9],44,193,210,149,181
1,<environment.Job instance at 0x7fab6e391320>,44,17,[7 1],45,185,202,140,182
1,<environment.Job instance at 0x7fab6e374cd0>,35,27,[12  5],36,217,244,181,217
1,<environment.Job instance at 0x7fab6e0a4f00>,1,15,[14  2],2,244,259,242,231
1,<environment.Job instance at 0x7fab6e374b40>,33,20,[4 9],34,259,279,225,251
1,<environment.Job instance at 0x7fab6e392050>,0,23,[ 4 11],1,1,24,0,1
1,<environment.Job instance at 0x7fab6e2fd4b0>,8,14,[3 6],9,24,38,15,9
1,<environment.Job instance at 0x7fab6e2fd960>,9,12,[6 4],10,10,22,0,10
1,<environment.Job instance at 0x7fab6ebac780>,18,16,[5 2],19,22,38,3,19
1,<environment.Job instance at 0x7fab6ebacdc0>,19,22,[2 5],20,24,46,4,20
1,<environment.Job instance at 0x7fab6ebaca00>,25,13,[5 5],26,38,51,12,26
1,<environment.Job instance at 0x7fab6ebac0a0>,26,20,[7 1],27,38,58,11,29
1,<environment.Job instance at 0x7fab6e13cf00>,31,20,[5 5],32,51,71,19,42
1,<environment.Job instance at 0x7fab6e13c280>,35,17,[7 4],36,58,75,22,46
1,<environment.Job instance at 0x7fab6e13caa0>,37,19,[3 8],38,71,90,33,61
1,<environment.Job instance at 0x7fab6e13c5a0>,39,13,[1 7],40,75,88,35,61
1,<environment.Job instance at 0x7fab77f58370>,42,18,[10  5],43,88,106,45,77
1,<environment.Job instance at 0x7fab6ef9b0f0>,4,20,[14  3],5,107,127,102,107
1,<environment.Job instance at 0x7fab6e374aa0>,1,14,[ 2 14],2,127,141,125,112
1,<environment.Job instance at 0x7fab6e374b40>,2,27,[1 8],3,2363,2390,2360,2363
1,<environment.Job instance at 0x7fab7805d550>,2,14,[4 5],3,3,17,0,3
1,<environment.Job instance at 0x7fab7805d4b0>,3,15,[11  2],4,4,19,0,4
1,<environment.Job instance at 0x7fab7805d5f0>,5,13,[5 6],6,19,32,13,6
1,<environment.Job instance at 0x7fab6e8c1410>,11,13,[ 5 12],12,32,45,20,16
1,<environment.Job instance at 0x7fab6e8c1730>,18,18,[5 5],19,45,63,26,34
1,<environment.Job instance at 0x7fab6dfb7500>,31,12,[7 5],32,45,57,13,34
1,<environment.Job instance at 0x7fab6dfb73c0>,35,17,[10  4],36,57,74,21,45
1,<environment.Job instance at 0x7fab6e8c12d0>,12,23,[ 5 11],13,63,86,50,62
1,<environment.Job instance at 0x7fab6dfb7410>,37,14,[12  2],38,86,100,48,71
1,<environment.Job instance at 0x7fab6dfb74b0>,36,19,[6 5],37,100,119,63,90
1,<environment.Job instance at 0x7fab6e3d6190>,40,19,[3 6],41,91,110,50,91
1,<environment.Job instance at 0x7fab6e3d68c0>,47,15,[4 9],48,110,125,62,96
1,<environment.Job instance at 0x7fab6e8c10f0>,13,27,[12  4],14,157,184,143,157
1,<environment.Job instance at 0x7fab7805d500>,8,17,[13  3],9,192,209,183,192
1,<environment.Job instance at 0x7fab6e3d6050>,38,17,[12  4],39,209,226,170,207
1,<environment.Job instance at 0x7fab6e3d6f00>,2,19,[7 3],3,3,22,0,3
1,<environment.Job instance at 0x7fab6ebc1eb0>,5,18,[5 5],6,6,24,0,6
1,<environment.Job instance at 0x7fab6ebc1b40>,6,15,[2 6],7,7,22,0,7
1,<environment.Job instance at 0x7fab6ebc1230>,7,14,[8 4],8,22,36,14,8
1,<environment.Job instance at 0x7fab6ebc15f0>,10,15,[5 2],11,24,39,13,11
1,<environment.Job instance at 0x7fab6eb3e2d0>,15,12,[12  2],16,39,51,23,22
1,<environment.Job instance at 0x7fab6eb3ee60>,16,12,[14  2],17,51,63,34,34
1,<environment.Job instance at 0x7fab6eb3ea50>,14,21,[10  3],15,63,84,48,55
1,<environment.Job instance at 0x7fab6eb3e370>,21,14,[5 3],22,63,77,41,55
1,<environment.Job instance at 0x7fab77b39c30>,24,20,[7 5],25,84,104,59,75
1,<environment.Job instance at 0x7fab77b391e0>,25,21,[4 8],26,77,98,51,75
1,<environment.Job instance at 0x7fab77b39d70>,26,17,[5 4],27,98,115,71,86
1,<environment.Job instance at 0x7fab77b39640>,27,20,[8 5],28,104,124,76,95
1,<environment.Job instance at 0x7fab77bdcd20>,39,12,[5 5],40,115,127,75,98
1,<environment.Job instance at 0x7fab77bdc230>,41,17,[5 4],42,124,141,82,112
1,<environment.Job instance at 0x7fab77bdc1e0>,44,16,[4 6],45,124,140,79,112
1,<environment.Job instance at 0x7fab77bdc0f0>,45,16,[1 9],46,140,156,94,127
1,<environment.Job instance at 0x7fab77bdce60>,46,16,[7 2],47,140,156,93,127
1,<environment.Job instance at 0x7fab6ebc1550>,0,23,[3 9],1,156,179,155,150
1,<environment.Job instance at 0x7fab6eb3e140>,13,20,[4 7],14,4183,4203,4169,4183
1,<environment.Job instance at 0x7fab6f324960>,0,15,[3 5],1,1,16,0,1
1,<environment.Job instance at 0x7fab6f324780>,1,27,[5 5],2,2,29,0,2
1,<environment.Job instance at 0x7fab6f3244b0>,2,17,[5 5],3,3,20,0,3
1,<environment.Job instance at 0x7fab6e252cd0>,14,13,[5 5],15,16,29,1,15
1,<environment.Job instance at 0x7fab6e2520a0>,16,18,[6 3],17,29,47,12,19
1,<environment.Job instance at 0x7fab6f3241e0>,3,25,[5 5],4,20,45,16,19
1,<environment.Job instance at 0x7fab6e2523c0>,15,22,[4 7],16,29,51,13,22
1,<environment.Job instance at 0x7fab6ec7a1e0>,20,14,[9 5],21,47,61,26,32
1,<environment.Job instance at 0x7fab6e0b3f50>,23,19,[7 5],24,61,80,37,51
1,<environment.Job instance at 0x7fab6e0b3230>,26,21,[8 4],27,61,82,34,53
1,<environment.Job instance at 0x7fab6e1ce050>,28,15,[1 7],29,80,95,51,66
1,<environment.Job instance at 0x7fab6e891f50>,29,14,[7 2],30,82,96,52,67
1,<environment.Job instance at 0x7fab6eca8820>,33,13,[1 6],34,82,95,48,67
1,<environment.Job instance at 0x7fab6f51b7d0>,35,15,[1 6],36,95,110,59,81
1,<environment.Job instance at 0x7fab6f51beb0>,36,13,[5 2],37,95,108,58,81
1,<environment.Job instance at 0x7fab6f59b0a0>,37,16,[ 2 10],38,110,126,72,97
1,<environment.Job instance at 0x7fab6f3d8780>,42,18,[2 5],43,97,115,54,97
1,<environment.Job instance at 0x7fab6e186780>,45,19,[5 7],46,126,145,80,116
1,<environment.Job instance at 0x7fab6ec7a460>,18,27,[1 9],19,509,536,490,509
1,<environment.Job instance at 0x7fab6ee618c0>,0,15,[2 7],1,1,16,0,1
1,<environment.Job instance at 0x7fab6ee61050>,1,16,[6 1],2,2,18,0,2
1,<environment.Job instance at 0x7fab6ee61eb0>,3,14,[10  3],4,18,32,14,4
1,<environment.Job instance at 0x7fab6ee61b90>,2,17,[ 2 12],3,16,33,13,4
1,<environment.Job instance at 0x7fab6ee61fa0>,10,13,[4 5],11,33,46,22,17
1,<environment.Job instance at 0x7fab6ee61d70>,8,21,[5 6],9,33,54,24,25
1,<environment.Job instance at 0x7fab6dfd51e0>,12,16,[1 5],13,46,62,33,33
1,<environment.Job instance at 0x7fab6dfd5e60>,13,18,[4 9],14,54,72,40,43
1,<environment.Job instance at 0x7fab6e1123c0>,29,14,[1 7],30,72,86,42,57
1,<environment.Job instance at 0x7fab6e112910>,30,18,[7 5],31,62,80,31,57
1,<environment.Job instance at 0x7fab6eef2eb0>,37,16,[2 8],38,80,96,42,67
1,<environment.Job instance at 0x7fab6dc62a00>,45,18,[2 5],46,86,104,40,75
1,<environment.Job instance at 0x7fab6ec57a00>,48,14,[3 9],49,96,110,47,81
1,<environment.Job instance at 0x7fab6ee61c80>,4,18,[4 7],5,110,128,105,103
1,<environment.Job instance at 0x7fab6ee61280>,9,14,[ 3 10],10,150,164,140,150
1,<environment.Job instance at 0x7fab6ee61140>,6,12,[ 3 11],7,324,336,317,324
1,<environment.Job instance at 0x7fab6e5d2fa0>,0,14,[5 1],1,1,15,0,1
1,<environment.Job instance at 0x7fab6e5d2870>,4,14,[8 4],5,5,19,0,5
1,<environment.Job instance at 0x7fab6e5d2500>,1,24,[2 6],2,5,29,3,5
1,<environment.Job instance at 0x7fab6e5d2320>,5,14,[11  2],6,19,33,13,6
1,<environment.Job instance at 0x7fab6e5d2a00>,8,14,[5 8],9,33,47,24,18
1,<environment.Job instance at 0x7fab6e116050>,14,19,[3 6],15,29,48,14,19
1,<environment.Job instance at 0x7fab6e116230>,16,15,[6 1],17,33,48,16,19
1,<environment.Job instance at 0x7fab6e116640>,20,12,[2 8],21,47,59,26,30
1,<environment.Job instance at 0x7fab6e116a00>,21,13,[6 4],22,48,61,26,32
1,<environment.Job instance at 0x7fab6edd2320>,24,13,[5 7],25,59,72,34,43
1,<environment.Job instance at 0x7fab6edd2be0>,26,14,[4 9],27,72,86,45,57
1,<environment.Job instance at 0x7fab6edd2050>,27,18,[8 3],28,61,79,33,57
1,<environment.Job instance at 0x7fab6edd29b0>,28,12,[3 5],29,79,91,50,62
1,<environment.Job instance at 0x7fab6edd2870>,29,15,[1 8],30,86,101,56,72
1,<environment.Job instance at 0x7fab6edd2460>,32,20,[8 5],33,91,111,58,82
1,<environment.Job instance at 0x7fab6edd26e0>,35,18,[3 7],36,101,119,65,90
1,<environment.Job instance at 0x7fab6ec7fe10>,37,18,[10  1],38,111,129,73,100
1,<environment.Job instance at 0x7fab6ec7fc30>,38,20,[2 7],39,111,131,72,102
1,<environment.Job instance at 0x7fab6ec7fa00>,40,17,[5 2],41,129,146,88,117
1,<environment.Job instance at 0x7fab6ec7f0f0>,41,18,[4 9],42,131,149,89,120
1,<environment.Job instance at 0x7fab6ec7ffa0>,42,12,[6 2],43,129,141,86,120
1,<environment.Job instance at 0x7fab6ee8ef50>,45,16,[6 2],46,141,157,95,128
1,<environment.Job instance at 0x7fab6ed7e1e0>,46,16,[8 2],47,149,165,102,136
1,<environment.Job instance at 0x7fab6e5d2f50>,9,22,[ 4 10],10,161,183,151,161
1,<environment.Job instance at 0x7fab6e5d20f0>,6,21,[ 1 10],7,183,204,176,175
1,<environment.Job instance at 0x7fab6e0b15a0>,0,18,[ 4 11],1,1,19,0,1
1,<environment.Job instance at 0x7fab6e6c80f0>,2,12,[7 2],3,3,15,0,3
1,<environment.Job instance at 0x7fab6e0e9e60>,5,18,[ 2 10],6,19,37,13,8
1,<environment.Job instance at 0x7fab6ebd1a50>,13,12,[9 1],14,19,31,5,19
1,<environment.Job instance at 0x7fab77ef28c0>,8,12,[ 5 11],9,37,49,28,20
1,<environment.Job instance at 0x7fab7805d0a0>,15,17,[10  1],16,31,48,15,29
1,<environment.Job instance at 0x7fab6e6d61e0>,22,16,[5 4],23,48,64,25,35
1,<environment.Job instance at 0x7fab6e6ac410>,24,21,[3 7],25,49,70,24,47
1,<environment.Job instance at 0x7fab6e6d0b90>,26,17,[3 5],27,64,81,37,52
1,<environment.Job instance at 0x7fab6e6d0730>,28,14,[6 5],29,70,84,41,55
1,<environment.Job instance at 0x7fab6ee61a50>,37,15,[4 7],38,81,96,43,67
1,<environment.Job instance at 0x7fab6ee61190>,38,12,[1 7],39,84,96,45,67
1,<environment.Job instance at 0x7fab6dd485f0>,39,17,[8 4],40,96,113,56,84
1,<environment.Job instance at 0x7fab6dd48c80>,40,16,[1 7],41,96,112,55,88
1,<environment.Job instance at 0x7fab6ebd1320>,14,15,[14  4],15,113,128,98,99
1,<environment.Job instance at 0x7fab6dd48500>,43,21,[8 3],44,128,149,84,120
1,<environment.Job instance at 0x7fab6debc690>,46,20,[3 6],47,128,148,81,120
1,<environment.Job instance at 0x7fab6ebd17d0>,10,22,[10  1],11,6079,6101,6068,6079
1,<environment.Job instance at 0x7fab7805d0f0>,17,15,[ 5 12],18,6089,6104,6071,6089
1,<environment.Job instance at 0x7fab6e6c8c30>,1,18,[ 3 12],2,6104,6122,6102,6093
1,<environment.Job instance at 0x7fab6e16cc80>,0,15,[5 5],1,1,16,0,1
1,<environment.Job instance at 0x7fab6e6c8c30>,2,24,[6 3],3,3,27,0,3
1,<environment.Job instance at 0x7fab6efd8190>,5,18,[6 4],6,16,34,10,6
1,<environment.Job instance at 0x7fab6efd87d0>,14,19,[1 6],15,15,34,0,15
1,<environment.Job instance at 0x7fab6efd8b40>,19,13,[5 8],20,34,47,14,20
1,<environment.Job instance at 0x7fab6efd8d20>,21,17,[2 7],22,34,51,12,22
1,<environment.Job instance at 0x7fab6efc0320>,30,14,[9 2],31,47,61,16,32
1,<environment.Job instance at 0x7fab6efd86e0>,11,13,[5 6],12,51,64,39,39
1,<environment.Job instance at 0x7fab6efc05f0>,34,22,[5 4],35,61,83,26,54
1,<environment.Job instance at 0x7fab6efc0870>,37,16,[5 2],38,61,77,23,54
1,<environment.Job instance at 0x7fab6efc0910>,38,12,[6 4],39,77,89,38,60
1,<environment.Job instance at 0x7fab6efc0af0>,40,13,[1 8],41,64,77,23,60
1,<environment.Job instance at 0x7fab6efc0be0>,42,22,[8 3],43,83,105,40,76
1,<environment.Job instance at 0x7fab6efc0d20>,44,18,[5 8],45,89,107,44,78
1,<environment.Job instance at 0x7fab6efc0f00>,47,20,[5 7],48,105,125,57,97
1,<environment.Job instance at 0x7fab6efc06e0>,48,12,[10  4],49,107,119,58,97
1,<environment.Job instance at 0x7fab6efc0730>,35,24,[13  5],36,133,157,97,133
1,<environment.Job instance at 0x7fab6e16ce10>,1,18,[ 1 12],2,157,175,155,146
1,<environment.Job instance at 0x7fab6efd80f0>,3,16,[13  4],4,4702,4718,4698,4702
1,<environment.Job instance at 0x7fab6e8f0640>,0,14,[ 4 13],1,1,15,0,1
1,<environment.Job instance at 0x7fab6e8f0280>,4,17,[13  4],5,15,32,10,6
1,<environment.Job instance at 0x7fab6e8f0550>,6,23,[9 1],7,32,55,25,26
1,<environment.Job instance at 0x7fab6e907410>,9,15,[9 2],10,55,70,45,42
1,<environment.Job instance at 0x7fab6e907cd0>,10,14,[2 7],11,42,56,31,42
1,<environment.Job instance at 0x7fab6e9072d0>,11,14,[5 7],12,56,70,44,42
1,<environment.Job instance at 0x7fab6e907320>,13,16,[6 2],14,70,86,56,58
1,<environment.Job instance at 0x7fab6e907c30>,17,14,[2 9],18,70,84,52,59
1,<environment.Job instance at 0x7fab6e7f1640>,24,13,[4 5],25,84,97,59,68
1,<environment.Job instance at 0x7fab6e907a00>,12,14,[12  1],13,97,111,84,83
1,<environment.Job instance at 0x7fab6e7f13c0>,26,26,[3 7],27,84,110,57,83
1,<environment.Job instance at 0x7fab6e7f1870>,27,17,[8 3],28,111,128,83,99
1,<environment.Job instance at 0x7fab6e7f1320>,28,22,[2 8],29,110,132,81,105
1,<environment.Job instance at 0x7fab6e8f0730>,7,24,[ 4 13],8,132,156,124,127
1,<environment.Job instance at 0x7fab6e7f1140>,30,25,[12  2],31,156,181,125,152
1,<environment.Job instance at 0x7fab6e7f1c80>,25,20,[3 7],26,161,181,135,161
1,<environment.Job instance at 0x7fab6e7f1960>,34,16,[1 6],35,181,197,146,168
1,<environment.Job instance at 0x7fab6e7f1730>,38,14,[5 2],39,181,195,142,168
1,<environment.Job instance at 0x7fab6e7fceb0>,41,15,[6 3],42,181,196,139,168
1,<environment.Job instance at 0x7fab6e7fcdc0>,42,16,[9 3],43,196,212,153,183
1,<environment.Job instance at 0x7fab6e7f1410>,29,18,[2 7],30,197,215,167,187
1,<environment.Job instance at 0x7fab6efd8230>,1,23,[ 5 14],2,791,814,789,791
1,<environment.Job instance at 0x7fab6efd85f0>,1,15,[5 4],2,2,17,0,2
1,<environment.Job instance at 0x7fab6e88f870>,6,14,[7 3],7,7,21,0,7
1,<environment.Job instance at 0x7fab6e85d370>,15,12,[5 5],16,17,29,1,16
1,<environment.Job instance at 0x7fab6e85d7d0>,17,19,[1 8],18,21,40,3,18
1,<environment.Job instance at 0x7fab6e85d780>,19,17,[8 3],20,29,46,9,20
1,<environment.Job instance at 0x7fab6f57fcd0>,21,14,[8 3],22,46,60,24,31
1,<environment.Job instance at 0x7fab6e85d9b0>,22,13,[10  5],23,60,73,37,44
1,<environment.Job instance at 0x7fab6eac83c0>,32,19,[3 6],33,45,64,12,45
1,<environment.Job instance at 0x7fab6eac8a50>,40,18,[7 4],41,73,91,32,63
1,<environment.Job instance at 0x7fab6f57f140>,33,21,[11  2],34,91,112,57,83
1,<environment.Job instance at 0x7fab6eac88c0>,47,26,[14  5],48,112,138,64,109
1,<environment.Job instance at 0x7fab6eac8780>,48,24,[4 6],49,138,162,89,133
1,<environment.Job instance at 0x7fab6e85d410>,18,20,[7 4],19,138,158,119,133
1,<environment.Job instance at 0x7fab6f57f370>,23,27,[12  4],24,208,235,184,208
1,<environment.Job instance at 0x7fab6eac8dc0>,46,20,[2 9],47,677,697,630,677
1,<environment.Job instance at 0x7fab6f41ddc0>,4,20,[5 3],5,5,25,0,5
1,<environment.Job instance at 0x7fab6efcb5f0>,10,16,[6 3],11,11,27,0,11
1,<environment.Job instance at 0x7fab6eff0050>,11,14,[11  5],12,27,41,15,12
1,<environment.Job instance at 0x7fab6eff0730>,13,23,[1 6],14,14,37,0,14
1,<environment.Job instance at 0x7fab6f40fb90>,20,14,[5 1],21,41,55,20,26
1,<environment.Job instance at 0x7fab6f40f500>,21,20,[3 8],22,37,57,15,28
1,<environment.Job instance at 0x7fab6f40ff50>,15,12,[10  2],16,55,67,39,42
1,<environment.Job instance at 0x7fab6f40f820>,19,16,[13  1],20,67,83,47,54
1,<environment.Job instance at 0x7fab6f40f9b0>,27,12,[14  2],28,83,95,55,66
1,<environment.Job instance at 0x7fab6f40de60>,23,13,[13  5],24,95,108,71,79
1,<environment.Job instance at 0x7fab6f401a50>,30,14,[ 4 12],31,108,122,77,96
1,<environment.Job instance at 0x7fab6e21a640>,31,16,[3 9],32,122,138,90,109
1,<environment.Job instance at 0x7fab6e21aaa0>,32,22,[5 2],33,110,132,77,110
1,<environment.Job instance at 0x7fab6e1c5280>,36,16,[1 8],37,138,154,101,125
1,<environment.Job instance at 0x7fab6e1c5910>,37,16,[8 3],38,132,148,94,125
1,<environment.Job instance at 0x7fab6e1a92d0>,42,21,[1 5],43,148,169,105,140
1,<environment.Job instance at 0x7fab6f439370>,46,12,[2 5],47,154,166,107,140
1,<environment.Job instance at 0x7fab6f401050>,28,23,[5 5],29,154,177,125,148
1,<environment.Job instance at 0x7fab6e1c7fa0>,48,12,[9 1],49,166,178,117,149
1,<environment.Job instance at 0x7fab6e1d4190>,33,13,[13  2],34,178,191,144,162
1,<environment.Job instance at 0x7fab6f439fa0>,47,22,[4 8],48,352,374,304,352
1,<environment.Job instance at 0x7fab6e4bc550>,0,20,[12  3],1,374,394,373,365
1,<environment.Job instance at 0x7fab6e2ba640>,0,13,[ 1 12],1,1,14,0,1
1,<environment.Job instance at 0x7fab6e2ba370>,1,16,[ 2 12],2,14,30,12,2
1,<environment.Job instance at 0x7fab6e2babe0>,9,14,[13  3],10,11,25,1,11
1,<environment.Job instance at 0x7fab6e72cd20>,8,13,[4 5],9,30,43,21,14
1,<environment.Job instance at 0x7fab6e72cbe0>,10,24,[3 9],11,30,54,19,25
1,<environment.Job instance at 0x7fab6e72c0a0>,14,27,[1 9],15,54,81,39,52
1,<environment.Job instance at 0x7fab6e72c1e0>,11,14,[10  4],12,68,82,56,68
1,<environment.Job instance at 0x7fab6e72c140>,15,25,[ 2 12],16,82,107,66,78
1,<environment.Job instance at 0x7fab6e2baa50>,4,14,[4 8],5,107,121,102,92
1,<environment.Job instance at 0x7fab6e72c320>,13,20,[8 4],14,107,127,93,100
1,<environment.Job instance at 0x7fab6e72cc80>,21,15,[2 7],22,121,136,99,109
1,<environment.Job instance at 0x7fab6e72caf0>,22,17,[3 5],23,127,144,104,115
1,<environment.Job instance at 0x7fab6e72ceb0>,16,27,[1 6],17,136,163,119,134
1,<environment.Job instance at 0x7fab6e55ed70>,32,24,[4 6],33,144,168,111,139
1,<environment.Job instance at 0x7fab6e55ef50>,33,15,[ 2 13],34,168,183,134,154
1,<environment.Job instance at 0x7fab6e55ee60>,34,18,[11  2],35,163,181,128,154
1,<environment.Job instance at 0x7fab6e55e500>,35,14,[10  1],36,181,195,145,166
1,<environment.Job instance at 0x7fab6e55ec80>,36,12,[9 5],37,195,207,158,178
1,<environment.Job instance at 0x7fab6e55e6e0>,37,18,[14  1],38,207,225,169,196
1,<environment.Job instance at 0x7fab6e55ef00>,38,23,[ 1 11],39,207,230,168,201
1,<environment.Job instance at 0x7fab6e55ecd0>,39,19,[ 3 12],40,230,249,190,220
1,<environment.Job instance at 0x7fab6e55ee10>,40,16,[5 4],41,249,265,208,236
1,<environment.Job instance at 0x7fab6e55ebe0>,41,18,[7 2],42,236,254,194,236
1,<environment.Job instance at 0x7fab6e55ea00>,42,12,[5 2],43,254,266,211,237
1,<environment.Job instance at 0x7fab6e55e370>,43,13,[ 3 11],44,265,278,221,249
1,<environment.Job instance at 0x7fab6e55e230>,44,12,[7 2],45,265,277,220,249
1,<environment.Job instance at 0x7fab6e55e910>,45,25,[5 3],46,277,302,231,273
1,<environment.Job instance at 0x7fab6e55e820>,46,15,[11  2],47,302,317,255,288
1,<environment.Job instance at 0x7fab6e213190>,47,12,[7 2],48,288,300,240,288
1,<environment.Job instance at 0x7fab6e213230>,48,25,[7 2],49,317,342,268,313
1,<environment.Job instance at 0x7fab6e72c280>,18,19,[6 5],19,4051,4070,4032,4051
1,<environment.Job instance at 0x7fab6e55e8c0>,31,21,[2 9],32,4569,4590,4537,4569
1,<environment.Job instance at 0x7fab6e2ba9b0>,2,27,[ 3 11],3,4590,4617,4587,4588
1,<environment.Job instance at 0x7fab6e93de60>,0,12,[ 3 12],1,1,13,0,1
1,<environment.Job instance at 0x7fab6e2ba9b0>,2,19,[2 5],3,13,32,10,3
1,<environment.Job instance at 0x7fab6e94c7d0>,1,15,[11  5],2,13,28,11,6
1,<environment.Job instance at 0x7fab6e352af0>,6,13,[8 4],7,28,41,21,13
1,<environment.Job instance at 0x7fab6e352c30>,10,19,[4 5],11,28,47,17,18
1,<environment.Job instance at 0x7fab6e352e60>,12,16,[6 3],13,41,57,28,28
1,<environment.Job instance at 0x7fab6e352fa0>,13,12,[ 5 12],14,47,59,33,30
1,<environment.Job instance at 0x7fab6e352eb0>,11,14,[14  3],12,59,73,47,47
1,<environment.Job instance at 0x7fab6e352be0>,8,16,[6 5],9,73,89,64,60
1,<environment.Job instance at 0x7fab6e352c80>,7,17,[6 2],8,73,90,65,61
1,<environment.Job instance at 0x7fab6e337320>,17,28,[3 5],18,73,101,55,73
1,<environment.Job instance at 0x7fab6e3528c0>,14,21,[5 4],15,89,110,74,81
1,<environment.Job instance at 0x7fab6e3374b0>,19,12,[5 4],20,90,102,70,81
1,<environment.Job instance at 0x7fab6e3373c0>,20,25,[ 4 10],21,102,127,81,98
1,<environment.Job instance at 0x7fab6e337410>,21,13,[9 3],22,110,123,88,99
1,<environment.Job instance at 0x7fab6e3375f0>,22,14,[8 4],23,123,137,100,109
1,<environment.Job instance at 0x7fab6e337690>,23,23,[1 5],24,127,150,103,121
1,<environment.Job instance at 0x7fab6e337280>,15,16,[6 4],16,127,143,111,125
1,<environment.Job instance at 0x7fab6e337050>,16,22,[7 2],17,137,159,120,130
1,<environment.Job instance at 0x7fab6e3378c0>,26,16,[7 5],27,143,159,116,130
1,<environment.Job instance at 0x7fab6e337a50>,28,13,[7 1],29,159,172,130,143
1,<environment.Job instance at 0x7fab6e337d70>,30,15,[9 1],31,172,187,141,158
1,<environment.Job instance at 0x7fab6e3377d0>,25,15,[ 3 13],26,159,174,133,158
1,<environment.Job instance at 0x7fab6e337730>,24,18,[ 1 12],25,174,192,149,164
1,<environment.Job instance at 0x7fab6e337eb0>,34,14,[ 5 13],35,192,206,157,177
1,<environment.Job instance at 0x7fab6e337fa0>,35,23,[ 3 10],36,206,229,170,200
1,<environment.Job instance at 0x7fab6e337230>,18,23,[8 3],19,206,229,187,200
1,<environment.Job instance at 0x7fab6e337be0>,32,18,[8 1],33,229,247,196,218
1,<environment.Job instance at 0x7fab6e344230>,39,21,[7 5],40,229,250,189,223
1,<environment.Job instance at 0x7fab6e344370>,41,13,[5 2],42,247,260,205,231
1,<environment.Job instance at 0x7fab6e344550>,44,18,[6 3],45,250,268,205,239
1,<environment.Job instance at 0x7fab6e337f50>,37,23,[9 5],38,260,283,222,259
1,<environment.Job instance at 0x7fab6e344140>,47,19,[ 4 10],48,268,287,220,265
1,<environment.Job instance at 0x7fab6e3448c0>,48,13,[2 7],49,287,300,238,271
1,<environment.Job instance at 0x7fab6e352d70>,9,26,[ 2 14],10,300,326,290,297
1,<environment.Job instance at 0x7fab6e337e10>,33,24,[9 1],34,297,321,263,297
1,<environment.Job instance at 0x7fab6e337a00>,36,20,[10  4],37,326,346,289,318
1,<environment.Job instance at 0x7fab6e344690>,46,22,[10  3],47,350,372,303,350
1,<environment.Job instance at 0x7f49ab6cf460>,0,17,[6 1],1,1,18,0,1
1,<environment.Job instance at 0x7f49ab6cf5f0>,2,20,[7 4],3,3,23,0,3
1,<environment.Job instance at 0x7f49a20e72d0>,10,15,[5 1],11,18,33,7,11
1,<environment.Job instance at 0x7f49a20e7690>,11,15,[6 1],12,23,38,11,12
1,<environment.Job instance at 0x7f49a20e7e10>,22,13,[7 4],23,33,46,10,23
1,<environment.Job instance at 0x7f49a20e77d0>,21,14,[ 4 11],22,38,52,16,25
1,<environment.Job instance at 0x7f49a20e75f0>,20,17,[ 2 14],21,52,69,31,40
1,<environment.Job instance at 0x7f49a20e7f50>,26,12,[8 5],27,69,81,42,52
1,<environment.Job instance at 0x7f49a20eb190>,27,17,[ 4 12],28,81,98,53,69
1,<environment.Job instance at 0x7f49a20eb050>,28,17,[ 1 13],29,98,115,69,86
1,<environment.Job instance at 0x7f49a20eb230>,29,24,[ 4 13],30,115,139,85,110
1,<environment.Job instance at 0x7f49a20eb3c0>,30,26,[11  4],31,139,165,108,136
1,<environment.Job instance at 0x7f49a20eb460>,31,28,[ 2 10],32,139,167,107,138
1,<environment.Job instance at 0x7f49a20eb500>,32,17,[9 3],33,165,182,132,153
1,<environment.Job instance at 0x7f49a20e78c0>,13,13,[10  3],14,182,195,168,166
1,<environment.Job instance at 0x7f49a20eb6e0>,34,24,[5 5],35,169,193,134,169
1,<environment.Job instance at 0x7f49a20eb0f0>,25,24,[5 7],26,193,217,167,188
1,<environment.Job instance at 0x7f49a20eb5f0>,33,28,[6 4],34,195,223,161,194
1,<environment.Job instance at 0x7f49a20eb8c0>,37,14,[ 5 14],38,223,237,185,208
1,<environment.Job instance at 0x7f49a20eb820>,36,20,[7 5],37,237,257,200,229
1,<environment.Job instance at 0x7f49a20eb960>,38,24,[13  2],39,257,281,218,252
1,<environment.Job instance at 0x7f49a20eb780>,35,16,[1 9],36,254,270,218,254
1,<environment.Job instance at 0x7f49a20ebb40>,41,12,[8 3],42,281,293,239,264
1,<environment.Job instance at 0x7f49a20ebc30>,42,12,[ 5 12],43,281,293,238,264
1,<environment.Job instance at 0x7f49a20eba00>,39,18,[9 4],40,293,311,253,284
1,<environment.Job instance at 0x7f49a20ebcd0>,44,12,[11  3],45,311,323,266,294
1,<environment.Job instance at 0x7f49a20ebd70>,45,12,[ 3 14],46,323,335,277,306
1,<environment.Job instance at 0x7f49a20ebe10>,46,14,[6 5],47,335,349,288,320
1,<environment.Job instance at 0x7f49a20ebfa0>,47,14,[12  2],48,349,363,301,334
1,<environment.Job instance at 0x7f49a20ebf50>,48,14,[ 1 11],49,349,363,300,334
1,<environment.Job instance at 0x7f49a20ebf00>,49,13,[1 5],50,335,348,285,334
1,<environment.Job instance at 0x7f49a20ee050>,50,13,[ 4 12],51,363,376,312,347
1,<environment.Job instance at 0x7f49a20ee0f0>,51,13,[5 6],52,376,389,324,360
1,<environment.Job instance at 0x7f49a20ebaf0>,43,16,[1 8],44,376,392,332,364
1,<environment.Job instance at 0x7f49a20ee460>,52,21,[14  2],53,389,410,336,381
1,<environment.Job instance at 0x7f49a20ee280>,54,13,[7 3],55,410,423,355,394
1,<environment.Job instance at 0x7f49a20ee500>,55,12,[ 2 12],56,410,422,354,394
1,<environment.Job instance at 0x7f49a20ee410>,53,17,[7 4],54,422,439,368,412
1,<environment.Job instance at 0x7f49a20ee640>,57,16,[ 2 11],58,423,439,365,412
1,<environment.Job instance at 0x7f49a20ee6e0>,58,17,[ 3 13],59,439,456,380,427
1,<environment.Job instance at 0x7f49a20ee5a0>,56,21,[8 4],57,457,478,400,457
1,<environment.Job instance at 0x7f49a18058c0>,3,12,[5 3],4,4,16,0,4
1,<environment.Job instance at 0x7f49a187e820>,0,28,[2 6],1,4,32,3,4
1,<environment.Job instance at 0x7f49a186e7d0>,7,18,[9 4],8,16,34,8,8
1,<environment.Job instance at 0x7f49a181e500>,8,12,[7 1],9,34,46,25,17
1,<environment.Job instance at 0x7f49a181e0f0>,13,18,[3 5],14,17,35,3,17
1,<environment.Job instance at 0x7f49a1827730>,15,17,[7 1],16,35,52,19,23
1,<environment.Job instance at 0x7f49a18277d0>,16,14,[10  4],17,52,66,35,37
1,<environment.Job instance at 0x7f49a20ee5a0>,4,24,[2 8],5,46,70,41,41
1,<environment.Job instance at 0x7f49a1827640>,19,14,[12  1],20,66,80,46,52
1,<environment.Job instance at 0x7f49a1827140>,18,16,[8 1],19,80,96,61,67
1,<environment.Job instance at 0x7f49a1827be0>,21,19,[5 5],22,80,99,58,70
1,<environment.Job instance at 0x7f49a1827d20>,22,14,[8 5],23,96,110,73,81
1,<environment.Job instance at 0x7f49a1827f00>,23,21,[4 8],24,99,120,75,93
1,<environment.Job instance at 0x7f49a181eb90>,10,15,[8 4],11,110,125,99,97
1,<environment.Job instance at 0x7f49a1827f50>,24,18,[ 3 10],25,120,138,95,110
1,<environment.Job instance at 0x7f49a1825c80>,26,15,[1 7],27,138,153,111,124
1,<environment.Job instance at 0x7f49a1825280>,28,18,[7 1],29,125,143,96,124
1,<environment.Job instance at 0x7f49a18251e0>,29,16,[4 9],30,153,169,123,140
1,<environment.Job instance at 0x7f49a1825460>,32,15,[9 1],33,143,158,110,140
1,<environment.Job instance at 0x7f49a18063c0>,36,16,[8 4],37,158,174,121,145
1,<environment.Job instance at 0x7f49a18067d0>,37,18,[2 6],38,169,187,131,158
1,<environment.Job instance at 0x7f49a1829eb0>,44,16,[1 9],45,174,190,129,161
1,<environment.Job instance at 0x7f49a187da00>,46,16,[7 5],47,187,203,140,174
1,<environment.Job instance at 0x7f49a16fc7d0>,49,18,[1 9],50,190,208,140,180
1,<environment.Job instance at 0x7f49a1766640>,53,12,[1 6],54,203,215,149,186
1,<environment.Job instance at 0x7f49a17e6f00>,54,17,[5 1],55,208,225,153,197
1,<environment.Job instance at 0x7f49a176f690>,56,17,[5 5],57,208,225,151,198
1,<environment.Job instance at 0x7f49a181ef00>,14,19,[3 8],15,215,234,200,211
1,<environment.Job instance at 0x7f49a176faa0>,58,15,[ 4 10],59,236,251,177,236
1,<environment.Job instance at 0x7f49a1827aa0>,25,27,[5 5],26,242,269,216,242
1,<environment.Job instance at 0x7f49a1827b40>,20,19,[12  3],21,269,288,248,259
1,<environment.Job instance at 0x7f49a1685780>,0,17,[ 4 12],1,1,18,0,1
1,<environment.Job instance at 0x7f49a182c690>,6,27,[12  1],7,18,45,11,16
1,<environment.Job instance at 0x7f49a182c500>,4,18,[13  5],5,45,63,40,35
1,<environment.Job instance at 0x7f49a1685af0>,2,18,[7 4],3,63,81,60,52
1,<environment.Job instance at 0x7f49a1685a50>,1,27,[ 4 11],2,63,90,61,61
1,<environment.Job instance at 0x7f49a182c1e0>,10,21,[5 4],11,81,102,70,73
1,<environment.Job instance at 0x7f49a182cb90>,13,17,[5 1],14,90,107,76,78
1,<environment.Job instance at 0x7f49a182c370>,16,12,[5 4],17,90,102,73,78
1,<environment.Job instance at 0x7f49a182cd70>,18,14,[6 5],19,102,116,83,87
1,<environment.Job instance at 0x7f49a182ca50>,19,17,[8 2],20,107,124,87,95
1,<environment.Job instance at 0x7f49a182c320>,8,26,[1 6],9,102,128,93,99
1,<environment.Job instance at 0x7f49a182cf50>,21,13,[1 8],22,124,137,102,110
1,<environment.Job instance at 0x7f49a182ce10>,9,14,[13  2],10,128,142,118,113
1,<environment.Job instance at 0x7f49a176f500>,28,13,[10  5],29,142,155,113,130
1,<environment.Job instance at 0x7f49a176f550>,29,28,[3 8],30,142,170,112,142
1,<environment.Job instance at 0x7f49a182c6e0>,27,21,[9 2],28,155,176,127,148
1,<environment.Job instance at 0x7f49a176feb0>,32,12,[1 5],33,155,167,122,148
1,<environment.Job instance at 0x7f49a176f960>,35,17,[5 8],36,170,187,134,158
1,<environment.Job instance at 0x7f49a176f640>,36,15,[ 2 10],37,187,202,150,173
1,<environment.Job instance at 0x7f49a176f140>,42,19,[2 5],43,176,195,133,173
1,<environment.Job instance at 0x7f49a182c9b0>,7,20,[13  4],8,195,215,187,194
1,<environment.Job instance at 0x7f49a176f730>,44,22,[3 8],45,215,237,170,208
1,<environment.Job instance at 0x7f49ab841730>,48,14,[6 3],49,215,229,166,208
1,<environment.Job instance at 0x7f49ab841780>,51,14,[ 5 10],52,237,251,185,222
1,<environment.Job instance at 0x7f49ab8412d0>,52,17,[4 7],53,251,268,198,239
1,<environment.Job instance at 0x7f49ab8417d0>,53,13,[5 7],54,251,264,197,239
1,<environment.Job instance at 0x7f49ab77b050>,56,19,[3 8],57,264,283,207,255
1,<environment.Job instance at 0x7f49a176f6e0>,31,28,[7 1],32,268,296,236,267
1,<environment.Job instance at 0x7f49a182c140>,22,23,[ 3 11],23,308,331,285,308
1,<environment.Job instance at 0x7f49a176fa50>,45,16,[11  3],46,513,529,467,513
1,<environment.Job instance at 0x7f49ab75ae60>,1,19,[11  4],2,2,21,0,2
1,<environment.Job instance at 0x7f49a1825e10>,6,17,[9 2],7,21,38,14,9
1,<environment.Job instance at 0x7f49a18253c0>,0,26,[3 9],1,9,35,8,9
1,<environment.Job instance at 0x7f49a174f550>,12,20,[7 5],13,38,58,25,29
1,<environment.Job instance at 0x7f49a174f870>,13,15,[9 5],14,58,73,44,44
1,<environment.Job instance at 0x7f49a174ff00>,15,21,[5 9],16,44,65,28,44
1,<environment.Job instance at 0x7f49a174fe10>,16,18,[7 1],17,73,91,56,62
1,<environment.Job instance at 0x7f49a174fa00>,17,19,[3 8],18,65,84,47,62
1,<environment.Job instance at 0x7f49a174f730>,18,14,[7 1],19,84,98,65,69
1,<environment.Job instance at 0x7f49a174fcd0>,22,22,[2 8],23,91,113,68,84
1,<environment.Job instance at 0x7f49a1a1d0a0>,23,15,[6 1],24,91,106,67,84
1,<environment.Job instance at 0x7f49a174f910>,24,18,[5 4],25,98,116,73,87
1,<environment.Job instance at 0x7f49a1daf370>,34,13,[2 5],35,113,126,78,97
1,<environment.Job instance at 0x7f49a1735190>,46,15,[8 5],47,113,128,66,99
1,<environment.Job instance at 0x7f49a1735910>,49,12,[4 8],50,126,138,76,109
1,<environment.Job instance at 0x7f49a1735640>,50,19,[4 7],51,128,147,77,118
1,<environment.Job instance at 0x7f49a1735820>,53,19,[ 5 10],54,147,166,93,137
1,<environment.Job instance at 0x7f49a1735e60>,56,13,[4 8],57,166,179,109,150
1,<environment.Job instance at 0x7f49a1735960>,57,16,[8 4],58,150,166,92,150
1,<environment.Job instance at 0x7f49a174f780>,9,14,[14  1],10,179,193,169,166
1,<environment.Job instance at 0x7f49a16950a0>,0,13,[2 7],1,1,14,0,1
1,<environment.Job instance at 0x7f49a1ed7a50>,5,13,[9 2],6,6,19,0,6
1,<environment.Job instance at 0x7f49a1eee0a0>,6,13,[4 5],7,7,20,0,7
1,<environment.Job instance at 0x7f49a1ede050>,9,14,[12  3],10,20,34,10,10
1,<environment.Job instance at 0x7f49a1ed7190>,12,13,[3 5],13,19,32,6,14
1,<environment.Job instance at 0x7f49a1ede190>,16,14,[3 5],17,32,46,15,17
1,<environment.Job instance at 0x7f49a1ebdbe0>,23,17,[10  2],24,34,51,10,24
1,<environment.Job instance at 0x7f49a1eb9460>,27,17,[10  4],28,51,68,23,39
1,<environment.Job instance at 0x7f49a1eb9f00>,31,16,[6 3],32,68,84,36,55
1,<environment.Job instance at 0x7f49a2c46640>,35,13,[8 3],36,68,81,32,55
1,<environment.Job instance at 0x7f49a1eb9640>,28,13,[6 4],29,81,94,52,65
1,<environment.Job instance at 0x7f49a2c4c230>,36,22,[7 5],37,84,106,47,77
1,<environment.Job instance at 0x7f49a2bfca00>,38,17,[8 4],39,94,111,55,82
1,<environment.Job instance at 0x7f49a2bfc6e0>,39,15,[3 6],40,106,121,66,92
1,<environment.Job instance at 0x7f49a1a6e5f0>,42,15,[5 8],43,111,126,68,97
1,<environment.Job instance at 0x7f49a1a3cb40>,46,17,[ 5 10],47,126,143,79,114
1,<environment.Job instance at 0x7f49a2c452d0>,50,13,[8 4],51,121,134,70,114
1,<environment.Job instance at 0x7f49a2c4a2d0>,58,12,[5 8],59,143,155,84,126
1,<environment.Job instance at 0x7f49a1eded20>,13,16,[5 8],14,155,171,141,142
1,<environment.Job instance at 0x7f49a1695050>,1,24,[7 2],2,142,166,140,142
1,<environment.Job instance at 0x7f49a2c2de60>,37,20,[5 8],38,4978,4998,4940,4978
1,<environment.Job instance at 0x7f49a1edebe0>,11,24,[6 2],12,4978,5002,4966,4978
1,<environment.Job instance at 0x7f49a1a62b90>,0,12,[5 5],1,1,13,0,1
1,<environment.Job instance at 0x7f49a1a62320>,3,18,[9 5],4,4,22,0,4
1,<environment.Job instance at 0x7f49a1a62050>,4,18,[1 7],5,13,31,8,5
1,<environment.Job instance at 0x7f49a1a629b0>,9,16,[11  3],10,22,38,12,10
1,<environment.Job instance at 0x7f49a1b357d0>,14,12,[4 7],15,31,43,16,15
1,<environment.Job instance at 0x7f49a1b35190>,20,14,[3 7],21,38,52,17,23
1,<environment.Job instance at 0x7f49a1b359b0>,24,16,[ 4 10],25,52,68,27,39
1,<environment.Job instance at 0x7f49a1b35e10>,18,23,[4 8],19,68,91,49,62
1,<environment.Job instance at 0x7f49a1a624b0>,13,23,[ 1 11],14,91,114,77,85
1,<environment.Job instance at 0x7f49a1a62870>,10,14,[7 1],11,103,117,92,103
1,<environment.Job instance at 0x7f49a1b35a00>,26,27,[ 4 13],27,114,141,87,112
1,<environment.Job instance at 0x7f49a1b35820>,29,12,[ 5 12],30,141,153,111,124
1,<environment.Job instance at 0x7f49a1b353c0>,28,12,[13  4],29,153,165,124,137
1,<environment.Job instance at 0x7f49a1b35640>,31,27,[4 6],32,165,192,133,163
1,<environment.Job instance at 0x7f49a1b35c30>,32,13,[2 9],33,163,176,130,163
1,<environment.Job instance at 0x7f49a1b35eb0>,33,20,[4 9],34,176,196,142,167
1,<environment.Job instance at 0x7f49a1b350a0>,34,12,[2 7],35,196,208,161,179
1,<environment.Job instance at 0x7f49a1b35aa0>,35,27,[12  5],36,196,223,160,194
1,<environment.Job instance at 0x7f49a1b35550>,27,28,[ 1 14],28,223,251,195,222
1,<environment.Job instance at 0x7f49a1af81e0>,37,28,[11  5],38,262,290,224,262
1,<environment.Job instance at 0x7f49a1edefa0>,1,15,[14  2],2,290,305,288,276
1,<environment.Job instance at 0x7f49a1af8eb0>,36,21,[10  5],37,1121,1142,1084,1121
1,<environment.Job instance at 0x7f49a1db4e60>,7,23,[9 5],8,8,31,0,8
1,<environment.Job instance at 0x7f49a1db4f00>,8,16,[5 2],9,9,25,0,9
1,<environment.Job instance at 0x7f49a1db4fa0>,10,12,[ 1 10],11,25,37,14,12
1,<environment.Job instance at 0x7f49a1d934b0>,15,13,[5 5],16,31,44,15,16
1,<environment.Job instance at 0x7f49a1d93550>,16,20,[7 1],17,37,57,20,29
1,<environment.Job instance at 0x7f49a1d939b0>,21,20,[5 5],22,44,64,22,35
1,<environment.Job instance at 0x7f49a1d93c30>,25,17,[7 4],26,57,74,31,45
1,<environment.Job instance at 0x7f49a1d93320>,13,19,[ 2 11],14,64,83,50,54
1,<environment.Job instance at 0x7f49a1d93be0>,27,19,[3 8],28,83,102,55,73
1,<environment.Job instance at 0x7f49a1d93dc0>,29,13,[1 7],30,83,96,53,73
1,<environment.Job instance at 0x7f49a1d93e10>,28,17,[ 1 11],29,102,119,73,90
1,<environment.Job instance at 0x7f49a1da4050>,33,25,[8 3],34,96,121,62,92
1,<environment.Job instance at 0x7f49a1da40a0>,34,16,[ 2 11],35,119,135,84,106
1,<environment.Job instance at 0x7f49a1da4320>,35,28,[ 3 11],36,135,163,99,134
1,<environment.Job instance at 0x7f49a1da4410>,36,15,[13  4],37,163,178,126,149
1,<environment.Job instance at 0x7f49a1da4230>,37,24,[2 7],38,163,187,125,158
1,<environment.Job instance at 0x7f49a1d93e60>,32,18,[10  5],33,178,196,145,167
1,<environment.Job instance at 0x7f49a1da4550>,39,16,[4 5],40,187,203,147,174
1,<environment.Job instance at 0x7f49a1da4730>,42,14,[4 5],43,196,210,153,181
1,<environment.Job instance at 0x7f49a1da47d0>,43,15,[11  2],44,203,218,159,192
1,<environment.Job instance at 0x7f49a1da4aa0>,45,13,[5 6],46,218,231,172,202
1,<environment.Job instance at 0x7f49a1da4d20>,50,20,[4 9],51,212,232,161,212
1,<environment.Job instance at 0x7f49a1da44b0>,38,16,[14  5],39,232,248,193,219
1,<environment.Job instance at 0x7f49a1da4e10>,56,13,[ 3 14],57,248,261,191,232
1,<environment.Job instance at 0x7f49a1d88190>,57,24,[ 4 14],58,261,285,203,256
1,<environment.Job instance at 0x7f49a1d93280>,11,25,[12  5],12,285,310,273,281
1,<environment.Job instance at 0x7f49a1d930f0>,9,22,[2 5],10,345,367,335,345
1,<environment.Job instance at 0x7f49a1f48af0>,0,28,[8 2],1,345,373,344,345
1,<environment.Job instance at 0x7f49a18992d0>,5,21,[ 4 10],6,6,27,0,6
1,<environment.Job instance at 0x7f49a1899e10>,9,13,[6 2],10,12,25,2,12
1,<environment.Job instance at 0x7f49a1899fa0>,11,12,[7 5],12,25,37,13,13
1,<environment.Job instance at 0x7f49a1899500>,13,18,[ 2 13],14,37,55,23,26
1,<environment.Job instance at 0x7f49a18991e0>,14,15,[2 6],15,55,70,40,41
1,<environment.Job instance at 0x7f49a1899190>,12,20,[10  2],13,41,61,28,41
1,<environment.Job instance at 0x7f49a1899c80>,16,19,[6 5],17,61,80,44,51
1,<environment.Job instance at 0x7f49a1899b40>,20,19,[3 6],21,70,89,49,60
1,<environment.Job instance at 0x7f49a2160aa0>,27,15,[4 9],28,80,95,52,66
1,<environment.Job instance at 0x7f49a2160f00>,29,12,[4 6],30,89,101,59,72
1,<environment.Job instance at 0x7f49a2160d70>,32,19,[7 3],33,95,114,62,85
1,<environment.Job instance at 0x7f49a2160c80>,35,18,[5 5],36,101,119,65,90
1,<environment.Job instance at 0x7f49a2160eb0>,36,15,[2 6],37,95,110,58,90
1,<environment.Job instance at 0x7f49a2160640>,37,14,[8 4],38,114,128,76,99
1,<environment.Job instance at 0x7f49a2160a00>,40,15,[5 2],41,119,134,78,105
1,<environment.Job instance at 0x7f49a2160190>,42,13,[10  4],43,128,141,85,112
1,<environment.Job instance at 0x7f49a2179140>,43,20,[4 7],44,134,154,90,127
1,<environment.Job instance at 0x7f49a2179f50>,44,21,[10  3],45,141,162,96,133
1,<environment.Job instance at 0x7f49a2179a50>,47,15,[ 4 10],48,154,169,106,141
1,<environment.Job instance at 0x7f49a2179730>,51,14,[5 3],52,162,176,110,147
1,<environment.Job instance at 0x7f49a2179a00>,54,20,[7 5],55,169,189,114,160
1,<environment.Job instance at 0x7f49a2179050>,55,21,[4 8],56,176,197,120,169
1,<environment.Job instance at 0x7f49a2179460>,56,17,[5 4],57,189,206,132,177
1,<environment.Job instance at 0x7f49a2179690>,57,20,[8 5],58,197,217,139,188
1,<environment.Job instance at 0x7f49a18998c0>,10,25,[13  4],11,218,243,207,218
1,<environment.Job instance at 0x7f49a1899dc0>,6,23,[2 8],7,218,241,211,218
1,<environment.Job instance at 0x7f49a1899a00>,0,27,[9 5],1,243,270,242,241
1,<environment.Job instance at 0x7f49a21d7550>,9,12,[5 5],10,10,22,0,10
1,<environment.Job instance at 0x7f49a21d77d0>,11,17,[5 4],12,12,29,0,12
1,<environment.Job instance at 0x7f49a21d70f0>,14,16,[4 6],15,15,31,0,15
1,<environment.Job instance at 0x7f49a21d7230>,15,16,[1 9],16,29,45,13,16
1,<environment.Job instance at 0x7f49a21d79b0>,16,16,[7 2],17,31,47,14,18
1,<environment.Job instance at 0x7f49a24088c0>,18,23,[6 4],19,31,54,12,25
1,<environment.Job instance at 0x7f49a24087d0>,20,15,[3 5],21,47,62,26,34
1,<environment.Job instance at 0x7f49a2408d20>,22,17,[5 5],23,47,64,24,35
1,<environment.Job instance at 0x7f49a2408f00>,34,13,[5 5],35,54,67,19,40
1,<environment.Job instance at 0x7f49a24080f0>,36,18,[6 3],37,64,82,27,53
1,<environment.Job instance at 0x7f49a2408e10>,37,16,[9 4],38,67,83,29,54
1,<environment.Job instance at 0x7f49a22547d0>,40,14,[9 5],41,83,97,42,68
1,<environment.Job instance at 0x7f49a2408230>,35,22,[4 7],36,82,104,46,75
1,<environment.Job instance at 0x7f49a2254230>,43,19,[7 5],44,97,116,53,87
1,<environment.Job instance at 0x7f49a22549b0>,46,21,[8 4],47,104,125,57,98
1,<environment.Job instance at 0x7f49a2254d20>,48,15,[1 7],49,116,131,67,102
1,<environment.Job instance at 0x7f49a22548c0>,49,14,[7 2],50,125,139,75,110
1,<environment.Job instance at 0x7f49a2254b90>,53,13,[1 6],54,125,138,71,111
1,<environment.Job instance at 0x7f49a1904640>,55,15,[1 6],56,131,146,75,118
1,<environment.Job instance at 0x7f49a1904f50>,56,13,[5 2],57,138,151,81,122
1,<environment.Job instance at 0x7f49a21d7b40>,0,18,[11  2],1,151,169,150,140
1,<environment.Job instance at 0x7f49a2408870>,21,27,[5 5],22,673,700,651,673
1,<environment.Job instance at 0x7f49a29599b0>,2,18,[2 5],3,3,21,0,3
1,<environment.Job instance at 0x7f49a168e960>,3,16,[12  2],4,6,22,2,6
1,<environment.Job instance at 0x7f49a24bb280>,5,19,[5 7],6,22,41,16,12
1,<environment.Job instance at 0x7f49a24bb1e0>,11,16,[6 1],12,22,38,10,12
1,<environment.Job instance at 0x7f49a24bb910>,13,14,[10  3],14,38,52,24,23
1,<environment.Job instance at 0x7f49a24bbd70>,14,18,[4 7],15,41,59,26,30
1,<environment.Job instance at 0x7f49a1c65140>,18,21,[5 6],19,52,73,33,44
1,<environment.Job instance at 0x7f49a19f8230>,19,14,[ 3 10],20,73,87,53,58
1,<environment.Job instance at 0x7f49a19f8c30>,20,13,[4 5],21,59,72,38,58
1,<environment.Job instance at 0x7f49a19eec30>,22,16,[1 5],23,72,88,49,59
1,<environment.Job instance at 0x7f49a19eeeb0>,23,18,[4 9],24,87,105,63,76
1,<environment.Job instance at 0x7f49a1b806e0>,28,13,[10  1],29,87,100,58,76
1,<environment.Job instance at 0x7f49a23a4c30>,39,14,[1 7],40,105,119,65,90
1,<environment.Job instance at 0x7f49a1d8f280>,40,18,[7 5],41,100,118,59,90
1,<environment.Job instance at 0x7f49a1ea7190>,44,22,[10  2],45,118,140,73,111
1,<environment.Job instance at 0x7f49a1d6f320>,47,16,[2 8],48,119,135,71,111
1,<environment.Job instance at 0x7f49a23a3b40>,55,18,[2 5],56,118,136,62,111
1,<environment.Job instance at 0x7f49a23a3eb0>,58,14,[3 9],59,136,150,77,121
1,<environment.Job instance at 0x7f49a2387370>,0,27,[6 1],1,140,167,139,138
1,<environment.Job instance at 0x7f49a24bb230>,9,21,[1 7],10,596,617,586,596
1,<environment.Job instance at 0x7f49a153dc30>,0,14,[5 1],1,1,15,0,1
1,<environment.Job instance at 0x7f49a2782730>,4,14,[8 4],5,5,19,0,5
1,<environment.Job instance at 0x7f49a2782f50>,1,24,[2 6],2,6,30,4,6
1,<environment.Job instance at 0x7f49a2782a50>,5,14,[11  2],6,19,33,13,6
1,<environment.Job instance at 0x7f49a27824b0>,8,14,[5 8],9,33,47,24,18
1,<environment.Job instance at 0x7f49a27828c0>,14,19,[3 6],15,30,49,15,20
1,<environment.Job instance at 0x7f49a27825f0>,16,15,[6 1],17,33,48,16,20
1,<environment.Job instance at 0x7f49ab216dc0>,20,12,[2 8],21,47,59,26,30
1,<environment.Job instance at 0x7f49ab216d20>,21,13,[6 4],22,49,62,27,33
1,<environment.Job instance at 0x7f49ab2169b0>,24,13,[5 7],25,59,72,34,43
1,<environment.Job instance at 0x7f49ab2160a0>,26,14,[4 9],27,72,86,45,57
1,<environment.Job instance at 0x7f49ab2164b0>,27,18,[8 3],28,62,80,34,57
1,<environment.Job instance at 0x7f49ab2163c0>,28,12,[3 5],29,80,92,51,63
1,<environment.Job instance at 0x7f49ab216910>,29,15,[1 8],30,86,101,56,72
1,<environment.Job instance at 0x7f49ab216b40>,32,20,[8 5],33,92,112,59,83
1,<environment.Job instance at 0x7f49ab2168c0>,35,18,[3 7],36,101,119,65,90
1,<environment.Job instance at 0x7f49ab216f00>,37,18,[10  1],38,112,130,74,101
1,<environment.Job instance at 0x7f49ab216aa0>,38,20,[2 7],39,112,132,73,103
1,<environment.Job instance at 0x7f49ab216460>,40,17,[5 2],41,130,147,89,118
1,<environment.Job instance at 0x7f49a1af9a50>,41,18,[4 9],42,132,150,90,123
1,<environment.Job instance at 0x7f49a1af96e0>,42,12,[6 2],43,130,142,87,123
1,<environment.Job instance at 0x7f49a1af9e60>,43,23,[1 5],44,147,170,103,141
1,<environment.Job instance at 0x7f49a1af9a00>,45,16,[6 2],46,150,166,104,141
1,<environment.Job instance at 0x7f49a1af91e0>,46,16,[8 2],47,150,166,103,141
1,<environment.Job instance at 0x7f49a1af9820>,49,16,[7 4],50,166,182,116,153
1,<environment.Job instance at 0x7f49a1af9870>,52,12,[7 2],53,166,178,113,153
1,<environment.Job instance at 0x7f49a1af95a0>,55,18,[ 2 10],56,178,196,122,167
1,<environment.Job instance at 0x7f49a2782dc0>,6,21,[ 1 10],7,196,217,189,190
1,<environment.Job instance at 0x7f49a2782910>,9,22,[ 4 10],10,229,251,219,229
1,<environment.Job instance at 0x7f49a249e820>,3,12,[9 1],4,4,16,0,4
1,<environment.Job instance at 0x7f49ab7754b0>,5,17,[10  1],6,16,33,10,6
1,<environment.Job instance at 0x7f49a1ad9870>,12,16,[5 4],13,13,29,0,13
1,<environment.Job instance at 0x7f49a1ad9be0>,16,17,[3 5],17,29,46,12,17
1,<environment.Job instance at 0x7f49a25dc3c0>,18,14,[6 5],19,33,47,14,19
1,<environment.Job instance at 0x7f49a16c6550>,27,15,[4 7],28,46,61,18,32
1,<environment.Job instance at 0x7f49a1d732d0>,28,12,[1 7],29,47,59,18,32
1,<environment.Job instance at 0x7f49a24c9780>,29,17,[8 4],30,59,76,29,47
1,<environment.Job instance at 0x7f49a1d73910>,30,16,[1 7],31,61,77,30,48
1,<environment.Job instance at 0x7f49a138e910>,24,27,[14  2],25,76,103,51,74
1,<environment.Job instance at 0x7f49a1d48a50>,34,27,[ 3 10],35,103,130,68,101
1,<environment.Job instance at 0x7f49a1d48e60>,33,21,[8 3],34,103,124,69,101
1,<environment.Job instance at 0x7f49a25b3f50>,36,20,[3 6],37,130,150,93,121
1,<environment.Job instance at 0x7f49a23cd0f0>,23,23,[5 5],24,124,147,100,121
1,<environment.Job instance at 0x7f49a21e3910>,45,18,[6 4],46,131,149,85,131
1,<environment.Job instance at 0x7f49a18da4b0>,51,13,[5 6],52,149,162,97,133
1,<environment.Job instance at 0x7f49a2270140>,54,19,[1 6],55,150,169,95,140
1,<environment.Job instance at 0x7f49a287bbe0>,58,22,[8 2],59,150,172,91,147
1,<environment.Job instance at 0x7f49a25aaeb0>,40,15,[5 5],41,162,177,121,150
1,<environment.Job instance at 0x7f49a249ed70>,0,22,[10  1],1,172,194,171,169
1,<environment.Job instance at 0x7f49a25dcb40>,20,23,[3 9],21,477,500,456,477
1,<environment.Job instance at 0x7f49a1dbea00>,1,17,[2 7],2,2,19,0,2
1,<environment.Job instance at 0x7f49a25dc0f0>,2,23,[8 3],3,3,26,0,3
1,<environment.Job instance at 0x7f49a2709820>,3,13,[13  3],4,26,39,22,11
1,<environment.Job instance at 0x7f49a1dbe1e0>,0,23,[2 9],1,19,42,18,15
1,<environment.Job instance at 0x7f49a2709d20>,14,22,[5 4],15,39,61,24,32
1,<environment.Job instance at 0x7f49a2709aa0>,17,16,[5 2],18,39,55,21,33
1,<environment.Job instance at 0x7f49a2709a00>,18,12,[6 4],19,55,67,36,38
1,<environment.Job instance at 0x7f49a1dcd780>,24,18,[5 8],25,61,79,36,53
1,<environment.Job instance at 0x7f49a1dcdfa0>,27,20,[5 7],28,67,87,39,58
1,<environment.Job instance at 0x7f49a1dece10>,40,14,[2 7],41,79,93,38,67
1,<environment.Job instance at 0x7f49a1deceb0>,41,14,[5 7],42,87,101,45,72
1,<environment.Job instance at 0x7f49a1dec410>,43,16,[6 2],44,93,109,49,80
1,<environment.Job instance at 0x7f49a213efa0>,54,13,[4 5],55,93,106,38,80
1,<environment.Job instance at 0x7f49a213ee10>,55,20,[3 7],56,101,121,45,92
1,<environment.Job instance at 0x7f49a213ec80>,57,17,[8 3],58,109,126,51,97
1,<environment.Job instance at 0x7f49a1d56370>,1,22,[11  3],2,2,24,0,2
1,<environment.Job instance at 0x7f49ab254370>,4,16,[1 6],5,5,21,0,5
1,<environment.Job instance at 0x7f49a1c839b0>,8,14,[5 2],9,24,38,15,9
1,<environment.Job instance at 0x7f49a2697640>,11,15,[6 3],12,24,39,12,14
1,<environment.Job instance at 0x7f49a26970a0>,17,17,[ 1 10],18,22,39,4,22
1,<environment.Job instance at 0x7f49a26f05f0>,21,15,[5 4],22,39,54,17,25
1,<environment.Job instance at 0x7f49a21b5b90>,26,14,[7 3],27,39,53,12,27
1,<environment.Job instance at 0x7f49a21ce8c0>,35,12,[5 5],36,53,65,17,36
1,<environment.Job instance at 0x7f49a2697d20>,12,16,[9 3],13,54,70,41,41
1,<environment.Job instance at 0x7f49a21ce460>,37,19,[1 8],38,65,84,27,58
1,<environment.Job instance at 0x7f49a21ce0f0>,39,17,[8 3],40,70,87,30,58
1,<environment.Job instance at 0x7f49a21ced20>,41,14,[8 3],42,87,101,45,72
1,<environment.Job instance at 0x7f49a1a4f8c0>,38,20,[7 4],39,84,104,45,77
1,<environment.Job instance at 0x7f49a234d640>,52,19,[3 6],53,101,120,48,91
1,<environment.Job instance at 0x7f49a21ce780>,43,27,[12  4],44,343,370,299,343
1,<environment.Job instance at 0x7f49a1d560a0>,0,25,[12  2],1,370,395,369,366
1,<environment.Job instance at 0x7f49a23a3af0>,6,20,[2 9],7,7,27,0,7
1,<environment.Job instance at 0x7f49a23a3320>,8,24,[4 6],9,9,33,0,9
1,<environment.Job instance at 0x7f49a23a38c0>,14,20,[5 3],15,27,47,12,18
1,<environment.Job instance at 0x7f49a23a3050>,20,16,[6 3],21,27,43,6,21
1,<environment.Job instance at 0x7f49a23a3960>,25,12,[10  2],26,43,55,17,26
1,<environment.Job instance at 0x7f49a23a3690>,24,25,[12  2],25,55,80,30,51
1,<environment.Job instance at 0x7f49a23a3870>,27,13,[11  1],28,80,93,52,64
1,<environment.Job instance at 0x7f49a23a3410>,28,22,[10  1],29,93,115,64,86
1,<environment.Job instance at 0x7f49a23c6190>,30,14,[5 1],31,93,107,62,86
1,<environment.Job instance at 0x7f49a23a33c0>,26,24,[13  1],27,115,139,88,110
1,<environment.Job instance at 0x7f49a23c65f0>,37,12,[14  2],38,139,151,101,122
1,<environment.Job instance at 0x7f49a23c6230>,31,20,[3 8],32,151,171,119,142
1,<environment.Job instance at 0x7f49a23c6690>,38,23,[5 5],39,151,174,112,145
1,<environment.Job instance at 0x7f49a23c67d0>,40,14,[ 4 12],41,174,188,133,159
1,<environment.Job instance at 0x7f49a23c6870>,41,16,[3 9],42,188,204,146,175
1,<environment.Job instance at 0x7f49a23c6910>,42,22,[5 2],43,175,197,132,175
1,<environment.Job instance at 0x7f49a23c69b0>,43,13,[13  2],44,204,217,160,188
1,<environment.Job instance at 0x7f49a24c9230>,0,18,[7 4],1,217,235,216,206
1,<environment.Job instance at 0x7f49a23c6af0>,45,26,[2 5],46,216,242,170,216
1,<environment.Job instance at 0x7f49a23a3b40>,21,14,[11  5],22,235,249,213,220
1,<environment.Job instance at 0x7f49a23c6b90>,46,16,[1 8],47,242,258,195,229
1,<environment.Job instance at 0x7f49a23c6c30>,47,16,[8 3],48,249,265,201,237
1,<environment.Job instance at 0x7f49a23c6a50>,44,18,[13  5],45,265,283,220,256
1,<environment.Job instance at 0x7f49a23c6e10>,50,23,[4 9],51,283,306,232,277
1,<environment.Job instance at 0x7f49a23c6f50>,51,24,[5 2],52,283,307,231,278
1,<environment.Job instance at 0x7f49a23c6cd0>,48,16,[11  2],49,307,323,258,294
1,<environment.Job instance at 0x7f49a23c6fa0>,52,21,[1 5],53,306,327,253,298
1,<environment.Job instance at 0x7f49a23c6550>,36,22,[9 5],37,323,345,286,316
1,<environment.Job instance at 0x7f49a23a82d0>,56,12,[2 5],57,328,340,271,328
1,<environment.Job instance at 0x7f49a23a8370>,57,22,[4 8],58,340,362,282,333
1,<environment.Job instance at 0x7f49a23a8410>,58,12,[9 1],59,345,357,286,333
1,<environment.Job instance at 0x7f49a23c6730>,39,23,[ 3 13],40,1543,1566,1503,1543
1,<environment.Job instance at 0x7f49a23c6140>,53,17,[ 1 14],54,1566,1583,1512,1562
1,<environment.Job instance at 0x7f49a27ab2d0>,0,13,[ 1 12],1,1,14,0,1
1,<environment.Job instance at 0x7f49a27ab410>,1,16,[ 2 12],2,14,30,12,2
1,<environment.Job instance at 0x7f49a27ab500>,9,14,[13  3],10,11,25,1,11
1,<environment.Job instance at 0x7f49a27ab780>,8,13,[4 5],9,30,43,21,14
1,<environment.Job instance at 0x7f49a27abd20>,4,14,[4 8],5,30,44,25,21
1,<environment.Job instance at 0x7f49a13782d0>,13,20,[8 4],14,43,63,29,35
1,<environment.Job instance at 0x7f49a13788c0>,18,19,[6 5],19,44,63,25,36
1,<environment.Job instance at 0x7f49a1378aa0>,21,15,[2 7],22,63,78,41,49
1,<environment.Job instance at 0x7f49a1378e10>,22,17,[3 5],23,63,80,40,51
1,<environment.Job instance at 0x7f49a138f820>,40,16,[5 4],41,78,94,37,65
1,<environment.Job instance at 0x7f49a138f190>,41,18,[7 2],42,65,83,23,65
1,<environment.Job instance at 0x7f49a27ab9b0>,11,14,[10  4],12,83,97,71,70
1,<environment.Job instance at 0x7f49a2bf9500>,52,19,[2 5],53,94,113,41,84
1,<environment.Job instance at 0x7f49a2bf9780>,56,13,[8 4],57,97,110,40,84
1,<environment.Job instance at 0x7f49a2bf9fa0>,57,17,[6 2],58,110,127,52,98
1,<environment.Job instance at 0x7f49a2bf9280>,58,16,[6 5],59,110,126,51,98
1,<environment.Job instance at 0x7f49a2bf97d0>,53,16,[13  2],54,127,143,73,116
1,<environment.Job instance at 0x7f49a27abb40>,2,27,[ 3 11],3,143,170,140,141
1,<environment.Job instance at 0x7f49a1378be0>,14,27,[1 9],15,279,306,264,279
1,<environment.Job instance at 0x7f49a15a2820>,0,19,[4 5],1,1,20,0,1
1,<environment.Job instance at 0x7f49a1378be0>,2,16,[6 3],3,3,19,0,3
1,<environment.Job instance at 0x7f49a15a2910>,4,21,[5 4],5,5,26,0,5
1,<environment.Job instance at 0x7f49a15a2960>,5,16,[6 4],6,19,35,13,6
1,<environment.Job instance at 0x7f49a15a2e10>,9,12,[5 4],10,26,38,16,11
1,<environment.Job instance at 0x7f49a15a2870>,11,13,[9 3],12,35,48,23,22
1,<environment.Job instance at 0x7f49a15a2fa0>,12,14,[8 4],13,48,62,35,33
1,<environment.Job instance at 0x7f49a15a2c30>,10,25,[ 4 10],11,39,64,28,39
1,<environment.Job instance at 0x7f49ab775b40>,16,16,[7 5],17,62,78,45,49
1,<environment.Job instance at 0x7f49ab775140>,18,13,[7 1],19,64,77,45,50
1,<environment.Job instance at 0x7f49ab775820>,17,16,[13  1],18,78,94,60,65
1,<environment.Job instance at 0x7f49ab775f50>,20,15,[9 1],21,94,109,73,80
1,<environment.Job instance at 0x7f49ab775e10>,21,19,[14  4],22,109,128,87,99
1,<environment.Job instance at 0x7f49ab7754b0>,23,24,[9 1],24,128,152,104,123
1,<environment.Job instance at 0x7f49ab775370>,24,14,[ 5 13],25,128,142,103,123
1,<environment.Job instance at 0x7f49ab775cd0>,25,23,[ 3 10],26,142,165,116,136
1,<environment.Job instance at 0x7f49ab775c30>,22,18,[8 1],23,152,170,129,146
1,<environment.Job instance at 0x7f49a184f230>,29,21,[7 5],30,165,186,135,157
1,<environment.Job instance at 0x7f49a184f4b0>,31,13,[5 2],32,170,183,138,157
1,<environment.Job instance at 0x7f49a184f730>,34,18,[6 3],35,183,201,148,172
1,<environment.Job instance at 0x7f49a15a20a0>,8,23,[8 3],9,186,209,177,180
1,<environment.Job instance at 0x7f49a1378cd0>,1,14,[14  3],2,209,223,207,197
1,<environment.Job instance at 0x7f49a2be6460>,38,13,[2 7],39,223,236,184,208
1,<environment.Job instance at 0x7f49a2be65a0>,36,22,[10  3],37,223,245,186,216
1,<environment.Job instance at 0x7f49a2be6050>,40,18,[10  1],41,245,263,204,234
1,<environment.Job instance at 0x7f49a2be60f0>,44,14,[1 6],45,236,250,191,234
1,<environment.Job instance at 0x7f49a2be6500>,46,21,[10  1],47,263,284,216,255
1,<environment.Job instance at 0x7f49a2be6280>,49,14,[6 1],50,284,298,234,269
1,<environment.Job instance at 0x7f49a2be6af0>,51,19,[7 3],52,284,303,232,274
1,<environment.Job instance at 0x7f49a2621820>,52,12,[10  4],53,303,315,250,286
1,<environment.Job instance at 0x7f49a2621aa0>,54,16,[2 5],55,286,302,231,286
1,<environment.Job instance at 0x7f49a2621c30>,58,15,[2 5],59,298,313,239,286
1,<environment.Job instance at 0x7f49a2be6a00>,37,19,[ 4 10],38,655,674,617,655
1,<environment.Job instance at 0x7f49a2be62d0>,39,15,[ 4 13],40,674,689,634,660
1,<environment.Job instance at 0x7f49a15a2050>,6,22,[7 2],7,2781,2803,2774,2781
1,<environment.Job instance at 0x7f49a1d70050>,0,13,[13  5],1,1,14,0,1
1,<environment.Job instance at 0x7f49a1d70780>,1,14,[ 2 13],2,14,28,12,2
1,<environment.Job instance at 0x7f49a1ff5870>,4,17,[2 9],5,28,45,23,16
1,<environment.Job instance at 0x7f49a1ff5a50>,7,17,[8 4],8,28,45,20,16
1,<environment.Job instance at 0x7f49a1fee050>,10,14,[2 8],11,45,59,34,30
1,<environment.Job instance at 0x7f49a1feec30>,13,14,[5 2],14,30,44,16,30
1,<environment.Job instance at 0x7f49a1fee960>,16,15,[8 1],17,45,60,28,31
1,<environment.Job instance at 0x7f49a1feeaa0>,17,13,[5 1],18,44,57,26,31
1,<environment.Job instance at 0x7f49a1fee690>,18,18,[ 2 10],19,59,77,40,48
1,<environment.Job instance at 0x7f49a1fbcd70>,24,15,[5 5],25,60,75,35,48
1,<environment.Job instance at 0x7f49a1fda0f0>,33,18,[6 4],34,75,93,41,64
1,<environment.Job instance at 0x7f49a1ca2a50>,34,18,[9 1],35,77,95,42,66
1,<environment.Job instance at 0x7f49a25f4c30>,36,14,[5 7],37,93,107,56,78
1,<environment.Job instance at 0x7f49a1cf10a0>,37,12,[3 8],38,95,107,57,78
1,<environment.Job instance at 0x7f49a2602870>,48,13,[2 9],49,107,120,58,91
1,<environment.Job instance at 0x7f49a25deaf0>,51,12,[6 3],52,107,119,55,91
1,<environment.Job instance at 0x7f49a25f27d0>,53,21,[1 5],54,119,140,65,111
1,<environment.Job instance at 0x7f49a25f2aa0>,54,17,[5 1],55,111,128,56,111
1,<environment.Job instance at 0x7f49a138d0a0>,2,23,[ 3 14],3,156,179,153,156
1,<environment.Job instance at 0x7f49a1ff5b90>,5,15,[ 2 13],6,179,194,173,166
1,<environment.Job instance at 0x7f49a1df7780>,0,13,[11  3],1,1,14,0,1
1,<environment.Job instance at 0x7f49a1ce84b0>,1,22,[ 4 12],2,2,24,0,2
1,<environment.Job instance at 0x7f49a1df70f0>,4,12,[3 7],5,24,36,19,7
1,<environment.Job instance at 0x7f49a1df7fa0>,8,14,[5 7],9,24,38,15,9
1,<environment.Job instance at 0x7f49a1d921e0>,14,13,[5 5],15,36,49,21,20
1,<environment.Job instance at 0x7f49a1d92cd0>,12,13,[9 3],13,38,51,25,28
1,<environment.Job instance at 0x7f49a1d925f0>,17,20,[4 9],18,49,69,31,40
1,<environment.Job instance at 0x7f49a1d92820>,24,19,[7 5],25,51,70,26,41
1,<environment.Job instance at 0x7f49a1d92fa0>,16,15,[12  2],17,70,85,53,61
1,<environment.Job instance at 0x7f49a1334320>,32,21,[8 4],33,85,106,52,77
1,<environment.Job instance at 0x7f49a1334c80>,36,22,[7 2],37,85,107,48,78
1,<environment.Job instance at 0x7f49a1334730>,38,15,[7 4],39,106,121,67,92
1,<environment.Job instance at 0x7f49a1334d20>,39,14,[4 7],40,107,121,67,92
1,<environment.Job instance at 0x7f49a13345a0>,40,19,[5 2],41,121,140,80,111
1,<environment.Job instance at 0x7f49a1334500>,42,17,[6 5],43,121,138,78,111
1,<environment.Job instance at 0x7f49a1d92140>,15,14,[11  2],16,140,154,124,130
1,<environment.Job instance at 0x7f49a13345f0>,44,22,[8 3],45,154,176,109,147
1,<environment.Job instance at 0x7f49a1334e10>,49,18,[2 5],50,147,165,97,147
1,<environment.Job instance at 0x7f49a1334370>,51,21,[2 6],52,147,168,95,147
1,<environment.Job instance at 0x7f49a1da3870>,55,15,[9 4],56,176,191,120,162
1,<environment.Job instance at 0x7f49a1da3af0>,56,15,[4 7],57,168,183,111,162
1,<environment.Job instance at 0x7f49a1df7d70>,2,20,[13  3],3,336,356,333,336
1,<environment.Job instance at 0x7f49a13340a0>,45,18,[11  2],46,5168,5186,5122,5168
1,<environment.Job instance at 0x7f49a1cea640>,0,18,[5 5],1,1,19,0,1
1,<environment.Job instance at 0x7f49a1fdad70>,7,15,[8 2],8,8,23,0,8
1,<environment.Job instance at 0x7f49a2594190>,11,16,[8 3],12,23,39,11,12
1,<environment.Job instance at 0x7f49a2594500>,12,16,[4 6],13,19,35,6,13
1,<environment.Job instance at 0x7f49a2594a50>,20,16,[3 7],21,35,51,14,22
1,<environment.Job instance at 0x7f49a25949b0>,18,17,[3 8],19,39,56,20,28
1,<environment.Job instance at 0x7f49a2594af0>,21,18,[5 5],22,51,69,29,40
1,<environment.Job instance at 0x7f49a2594dc0>,23,24,[4 7],24,56,80,32,54
1,<environment.Job instance at 0x7f49a2594d20>,22,14,[5 7],23,69,83,46,55
1,<environment.Job instance at 0x7f49a2594f50>,26,14,[1 6],27,80,94,53,65
1,<environment.Job instance at 0x7f49a2594e10>,24,16,[4 7],25,83,99,58,70
1,<environment.Job instance at 0x7f49a25b8460>,33,18,[6 5],34,94,112,60,84
1,<environment.Job instance at 0x7f49a25b86e0>,37,15,[10  5],38,112,127,74,98
1,<environment.Job instance at 0x7f49a25947d0>,19,18,[14  4],20,127,145,107,116
1,<environment.Job instance at 0x7f49a25b8af0>,43,12,[3 7],44,145,157,101,128
1,<environment.Job instance at 0x7f49a25b8a50>,42,16,[1 8],43,128,144,85,128
1,<environment.Job instance at 0x7f49a25b8eb0>,49,12,[8 2],50,145,157,95,128
1,<environment.Job instance at 0x7f49a25b8d20>,51,22,[6 4],52,157,179,105,150
1,<environment.Job instance at 0x7f49a1fff190>,53,15,[2 7],54,157,172,103,150
1,<environment.Job instance at 0x7f49a25b8b90>,44,20,[ 1 10],45,172,192,127,163
1,<environment.Job instance at 0x7f49a1cea690>,1,26,[13  2],2,280,306,278,280
1,<environment.Job instance at 0x7fd380e39230>,0,17,[6 1],1,1,18,0,1
1,<environment.Job instance at 0x7fd380e39320>,2,20,[7 4],3,3,23,0,3
1,<environment.Job instance at 0x7fd37784df50>,10,15,[5 1],11,18,33,7,11
1,<environment.Job instance at 0x7fd377850050>,11,15,[6 1],12,23,38,11,12
1,<environment.Job instance at 0x7fd3778507d0>,22,13,[7 4],23,33,46,10,23
1,<environment.Job instance at 0x7fd3778509b0>,24,20,[4 6],25,38,58,13,29
1,<environment.Job instance at 0x7fd377850a50>,26,12,[8 5],27,46,58,19,29
1,<environment.Job instance at 0x7fd377850f00>,32,17,[9 3],33,58,75,25,46
1,<environment.Job instance at 0x7fd377853190>,35,16,[1 9],36,58,74,22,46
1,<environment.Job instance at 0x7fd377853230>,36,20,[7 5],37,75,95,38,66
1,<environment.Job instance at 0x7fd377850370>,20,17,[ 2 14],21,95,112,74,84
1,<environment.Job instance at 0x7fd3778534b0>,40,26,[ 1 14],41,112,138,71,109
1,<environment.Job instance at 0x7fd377853550>,41,12,[8 3],42,138,150,96,121
1,<environment.Job instance at 0x7fd3778535f0>,42,12,[ 5 12],43,138,150,95,121
1,<environment.Job instance at 0x7fd377853690>,43,16,[1 8],44,150,166,106,137
1,<environment.Job instance at 0x7fd377853730>,44,12,[11  3],45,150,162,105,137
1,<environment.Job instance at 0x7fd3778537d0>,45,12,[ 3 14],46,166,178,120,149
1,<environment.Job instance at 0x7fd3778538c0>,46,14,[6 5],47,178,192,131,163
1,<environment.Job instance at 0x7fd377853a00>,47,14,[12  2],48,192,206,144,177
1,<environment.Job instance at 0x7fd377853910>,48,14,[ 1 11],49,192,206,143,177
1,<environment.Job instance at 0x7fd377853960>,49,13,[1 5],50,178,191,128,177
1,<environment.Job instance at 0x7fd377853af0>,50,13,[ 4 12],51,206,219,155,190
1,<environment.Job instance at 0x7fd377853be0>,51,13,[5 6],52,219,232,167,203
1,<environment.Job instance at 0x7fd377853410>,39,18,[9 4],40,219,237,179,211
1,<environment.Job instance at 0x7fd377853b90>,53,17,[7 4],54,237,254,183,225
1,<environment.Job instance at 0x7fd377853dc0>,54,13,[7 3],55,237,250,182,225
1,<environment.Job instance at 0x7fd377853f50>,56,21,[8 4],57,250,271,193,245
1,<environment.Job instance at 0x7fd3778560a0>,59,19,[1 7],60,254,273,194,253
1,<environment.Job instance at 0x7fd377856370>,63,12,[5 3],64,254,266,190,254
1,<environment.Job instance at 0x7fd377850500>,17,19,[12  4],18,271,290,253,261
1,<environment.Job instance at 0x7fd377853c30>,52,21,[14  2],53,290,311,237,282
1,<environment.Job instance at 0x7fd377856820>,68,12,[7 1],69,311,323,242,294
1,<environment.Job instance at 0x7fd3778589b0>,1,14,[4 9],2,2,16,0,2
1,<environment.Job instance at 0x7fd376f6c1e0>,3,18,[3 5],4,4,22,0,4
1,<environment.Job instance at 0x7fd376f6c370>,4,19,[3 8],5,16,35,11,6
1,<environment.Job instance at 0x7fd376f6c320>,6,14,[10  4],7,22,36,15,9
1,<environment.Job instance at 0x7fd376f6e320>,9,14,[12  1],10,36,50,26,23
1,<environment.Job instance at 0x7fd377856820>,5,17,[7 1],6,50,67,44,38
1,<environment.Job instance at 0x7fd376f6e7d0>,11,19,[5 5],12,50,69,38,40
1,<environment.Job instance at 0x7fd376f92690>,12,14,[8 5],13,67,81,54,52
1,<environment.Job instance at 0x7fd376f920f0>,13,21,[4 8],14,69,90,55,62
1,<environment.Job instance at 0x7fd376f929b0>,16,15,[1 7],17,81,96,64,71
1,<environment.Job instance at 0x7fd376f927d0>,18,18,[7 1],19,90,108,71,79
1,<environment.Job instance at 0x7fd376f925a0>,19,16,[4 9],20,96,112,76,84
1,<environment.Job instance at 0x7fd376f912d0>,22,15,[9 1],23,108,123,85,94
1,<environment.Job instance at 0x7fd376f91f50>,26,16,[8 4],27,123,139,96,110
1,<environment.Job instance at 0x7fd376f91690>,27,18,[2 6],28,112,130,84,110
1,<environment.Job instance at 0x7fd376f86d70>,34,16,[1 9],35,130,146,95,120
1,<environment.Job instance at 0x7fd376f6ccd0>,7,13,[10  1],8,139,152,131,124
1,<environment.Job instance at 0x7fd376f865f0>,39,18,[1 9],40,146,164,106,135
1,<environment.Job instance at 0x7fd376f90cd0>,43,12,[1 6],44,152,164,108,135
1,<environment.Job instance at 0x7fd376f90f50>,44,17,[5 1],45,164,181,119,152
1,<environment.Job instance at 0x7fd380e844b0>,46,17,[5 5],47,164,181,117,152
1,<environment.Job instance at 0x7fd376e62550>,49,20,[4 9],50,164,184,114,160
1,<environment.Job instance at 0x7fd376f35e10>,52,18,[7 4],53,181,199,128,170
1,<environment.Job instance at 0x7fd376f6ea50>,8,16,[8 1],9,184,200,175,171
1,<environment.Job instance at 0x7fd376edcdc0>,55,21,[10  1],56,200,221,144,192
1,<environment.Job instance at 0x7fd376ed61e0>,60,21,[5 4],61,199,220,138,192
1,<environment.Job instance at 0x7fd376ec6690>,63,17,[5 1],64,220,237,156,208
1,<environment.Job instance at 0x7fd37772dc30>,66,12,[5 4],67,221,233,154,208
1,<environment.Job instance at 0x7fd376e99280>,68,14,[6 5],69,233,247,164,218
1,<environment.Job instance at 0x7fd376f6c3c0>,0,15,[8 4],1,237,252,236,223
1,<environment.Job instance at 0x7fd376f86690>,36,16,[7 5],37,334,350,297,334
1,<environment.Job instance at 0x7fd376f6ee10>,10,19,[12  3],11,382,401,371,382
1,<environment.Job instance at 0x7fd376e370a0>,1,13,[1 8],2,2,15,0,2
1,<environment.Job instance at 0x7fd376e37e60>,7,21,[9 2],8,8,29,0,8
1,<environment.Job instance at 0x7fd376e327d0>,8,13,[10  5],9,29,42,20,13
1,<environment.Job instance at 0x7fd376e32780>,12,12,[1 5],13,16,28,3,16
1,<environment.Job instance at 0x7fd376e325a0>,15,17,[5 8],16,26,43,10,26
1,<environment.Job instance at 0x7fd376e32460>,16,15,[ 2 10],17,43,58,26,30
1,<environment.Job instance at 0x7fd376e2f5f0>,22,19,[2 5],23,42,61,19,32
1,<environment.Job instance at 0x7fd376e32690>,13,27,[9 2],14,58,85,44,56
1,<environment.Job instance at 0x7fd376e2fa50>,25,16,[11  3],26,85,101,59,72
1,<environment.Job instance at 0x7fd376e2fd20>,28,14,[6 3],29,101,115,72,86
1,<environment.Job instance at 0x7fd376e2f780>,32,17,[4 7],33,86,103,53,86
1,<environment.Job instance at 0x7fd376e2f6e0>,33,13,[5 7],34,103,116,69,87
1,<environment.Job instance at 0x7fd376e2caf0>,36,19,[3 8],37,115,134,78,106
1,<environment.Job instance at 0x7fd376e2cd70>,39,16,[8 4],40,116,132,76,106
1,<environment.Job instance at 0x7fd376e2cb40>,46,17,[9 2],47,132,149,85,120
1,<environment.Job instance at 0x7fd376e2c0a0>,47,16,[1 7],48,134,150,86,128
1,<environment.Job instance at 0x7fd376e7ba50>,52,20,[7 5],53,149,169,96,140
1,<environment.Job instance at 0x7fd376e7b280>,53,15,[9 5],54,169,184,115,155
1,<environment.Job instance at 0x7fd376e7bbe0>,55,21,[5 9],56,155,176,99,155
1,<environment.Job instance at 0x7fd376e7b9b0>,56,18,[7 1],57,184,202,127,173
1,<environment.Job instance at 0x7fd376e7b2d0>,57,19,[3 8],58,176,195,118,174
1,<environment.Job instance at 0x7fd376e7bf00>,58,14,[7 1],59,195,209,136,180
1,<environment.Job instance at 0x7fd376e9d280>,62,22,[2 8],63,202,224,139,195
1,<environment.Job instance at 0x7fd376e9d730>,63,15,[6 1],64,202,217,138,195
1,<environment.Job instance at 0x7fd376e9db40>,64,18,[5 4],65,209,227,144,198
1,<environment.Job instance at 0x7fd376e37a50>,0,24,[6 5],1,285,309,284,285
1,<environment.Job instance at 0x7fd376e32f00>,10,24,[ 2 13],11,758,782,747,758
1,<environment.Job instance at 0x7fd377996dc0>,1,15,[11  5],2,2,17,0,2
1,<environment.Job instance at 0x7fd377996d70>,4,13,[2 5],5,5,18,0,5
1,<environment.Job instance at 0x7fd377996af0>,0,20,[ 2 10],1,17,37,16,8
1,<environment.Job instance at 0x7fd3779965a0>,16,15,[8 5],17,18,33,1,17
1,<environment.Job instance at 0x7fd377938b40>,19,12,[4 8],20,37,49,17,20
1,<environment.Job instance at 0x7fd377938c80>,20,19,[4 7],21,37,56,16,27
1,<environment.Job instance at 0x7fd377938960>,26,13,[4 8],27,49,62,22,33
1,<environment.Job instance at 0x7fd377938aa0>,27,16,[8 4],28,56,72,28,43
1,<environment.Job instance at 0x7fd3779382d0>,30,13,[2 7],31,62,75,31,46
1,<environment.Job instance at 0x7fd37796b190>,35,13,[9 2],36,72,85,36,56
1,<environment.Job instance at 0x7fd37796bc30>,36,13,[4 5],37,72,85,35,56
1,<environment.Job instance at 0x7fd37796b960>,42,13,[3 5],43,85,98,42,69
1,<environment.Job instance at 0x7fd37796b780>,43,16,[5 8],44,85,101,41,72
1,<environment.Job instance at 0x7fd37796b140>,46,14,[3 5],47,98,112,51,83
1,<environment.Job instance at 0x7fd377843820>,53,17,[10  2],54,101,118,47,89
1,<environment.Job instance at 0x7fd3778f5aa0>,57,17,[10  4],58,118,135,60,106
1,<environment.Job instance at 0x7fd3778f5500>,58,13,[6 4],59,135,148,76,119
1,<environment.Job instance at 0x7fd3778f5dc0>,61,16,[6 3],62,135,151,73,122
1,<environment.Job instance at 0x7fd3778fc320>,65,13,[8 3],66,148,161,82,132
1,<environment.Job instance at 0x7fd3778fcbe0>,66,22,[7 5],67,151,173,84,144
1,<environment.Job instance at 0x7fd3778fc2d0>,67,20,[5 8],68,161,181,93,152
1,<environment.Job instance at 0x7fd3778fcaa0>,68,17,[8 4],69,173,190,104,161
1,<environment.Job instance at 0x7fd3779968c0>,11,17,[14  5],12,882,899,870,882
1,<environment.Job instance at 0x7fd3779969b0>,8,16,[ 1 14],9,899,915,890,886
1,<environment.Job instance at 0x7fd376e32320>,2,19,[14  4],3,1077,1096,1074,1077
1,<environment.Job instance at 0x7fd377c7eaa0>,2,15,[5 8],3,3,18,0,3
1,<environment.Job instance at 0x7fd376e32320>,5,23,[3 6],6,6,29,0,6
1,<environment.Job instance at 0x7fd37729ae10>,10,13,[8 4],11,18,31,7,13
1,<environment.Job instance at 0x7fd37729a960>,11,14,[12  2],12,31,45,19,16
1,<environment.Job instance at 0x7fd37728a8c0>,18,12,[5 8],19,45,57,26,28
1,<environment.Job instance at 0x7fd37728a320>,23,18,[9 5],24,45,63,21,38
1,<environment.Job instance at 0x7fd37728a5f0>,24,18,[1 7],25,57,75,32,46
1,<environment.Job instance at 0x7fd37836e0a0>,30,14,[7 1],31,63,77,32,48
1,<environment.Job instance at 0x7fd3776cb050>,34,12,[4 7],35,63,75,28,48
1,<environment.Job instance at 0x7fd378374500>,40,14,[3 7],41,75,89,34,60
1,<environment.Job instance at 0x7fd377282370>,16,22,[12  5],17,77,99,60,70
1,<environment.Job instance at 0x7fd37729ab40>,12,26,[ 4 12],13,99,125,86,96
1,<environment.Job instance at 0x7fd3776b1aa0>,47,28,[ 1 14],48,125,153,77,124
1,<environment.Job instance at 0x7fd3776b2460>,48,12,[13  4],49,153,165,104,136
1,<environment.Job instance at 0x7fd3776ab730>,49,12,[ 5 12],50,165,177,115,148
1,<environment.Job instance at 0x7fd3776a99b0>,50,28,[7 4],51,177,205,126,176
1,<environment.Job instance at 0x7fd3776a98c0>,51,27,[4 6],52,177,204,125,176
1,<environment.Job instance at 0x7fd3776a9e60>,52,13,[2 9],53,204,217,151,188
1,<environment.Job instance at 0x7fd3776a9cd0>,53,20,[4 9],54,217,237,163,208
1,<environment.Job instance at 0x7fd3776a9c80>,54,12,[2 7],55,237,249,182,220
1,<environment.Job instance at 0x7fd3776b2a50>,45,20,[5 8],46,237,257,191,236
1,<environment.Job instance at 0x7fd3776a9a50>,55,27,[12  5],56,257,284,201,255
1,<environment.Job instance at 0x7fd3776a9f00>,57,28,[11  5],58,284,312,226,283
1,<environment.Job instance at 0x7fd3776a9af0>,58,25,[14  5],59,312,337,253,308
1,<environment.Job instance at 0x7fd3776a9460>,59,26,[14  1],60,337,363,277,334
1,<environment.Job instance at 0x7fd3776a9910>,60,17,[12  2],61,363,380,302,351
1,<environment.Job instance at 0x7fd3776a93c0>,61,26,[6 2],62,380,406,318,377
1,<environment.Job instance at 0x7fd37763e4b0>,62,23,[5 8],63,380,403,317,377
1,<environment.Job instance at 0x7fd37763e460>,63,17,[5 9],64,403,420,339,391
1,<environment.Job instance at 0x7fd37763ebe0>,64,17,[7 1],65,406,423,341,394
1,<environment.Job instance at 0x7fd3776a2190>,65,21,[ 4 14],66,420,441,354,412
1,<environment.Job instance at 0x7fd3776a2410>,66,28,[5 6],67,441,469,374,440
1,<environment.Job instance at 0x7fd3776a9d20>,56,21,[10  5],57,441,462,384,440
1,<environment.Job instance at 0x7fd37729a140>,6,17,[ 5 10],7,469,486,462,460
1,<environment.Job instance at 0x7fd3778fba00>,0,20,[11  2],1,486,506,485,477
1,<environment.Job instance at 0x7fd377c9a820>,0,23,[ 4 11],1,2,25,1,2
1,<environment.Job instance at 0x7fd377c9a550>,3,26,[7 4],4,4,30,0,4
1,<environment.Job instance at 0x7fd377cab730>,8,14,[3 6],9,25,39,16,10
1,<environment.Job instance at 0x7fd377c9e460>,18,16,[5 2],19,25,41,6,19
1,<environment.Job instance at 0x7fd377c7ea00>,25,13,[5 5],26,30,43,4,26
1,<environment.Job instance at 0x7fd37835c320>,31,20,[5 5],32,39,59,7,32
1,<environment.Job instance at 0x7fd37835c8c0>,35,17,[7 4],36,43,60,7,36
1,<environment.Job instance at 0x7fd37835ce10>,37,19,[3 8],38,59,78,21,49
1,<environment.Job instance at 0x7fd37835c820>,42,18,[10  5],43,60,78,17,49
1,<environment.Job instance at 0x7fd3772bc0f0>,49,16,[4 5],50,78,94,28,65
1,<environment.Job instance at 0x7fd3772bc690>,52,14,[4 5],53,78,92,25,65
1,<environment.Job instance at 0x7fd3772bc9b0>,55,13,[5 6],56,92,105,36,76
1,<environment.Job instance at 0x7fd377cabdc0>,9,12,[6 4],10,78,90,68,76
1,<environment.Job instance at 0x7fd3772bc320>,68,18,[5 5],69,94,112,25,83
1,<environment.Job instance at 0x7fd377c9aaf0>,2,27,[1 8],3,163,190,160,163
1,<environment.Job instance at 0x7fd3772bcf00>,61,13,[ 5 12],62,4426,4439,4364,4426
1,<environment.Job instance at 0x7fd376f76460>,6,23,[2 8],7,7,30,0,7
1,<environment.Job instance at 0x7fd376f765f0>,9,13,[6 2],10,10,23,0,10
1,<environment.Job instance at 0x7fd376f76910>,11,12,[7 5],12,12,24,0,12
1,<environment.Job instance at 0x7fd376f76a00>,14,15,[2 6],15,24,39,9,15
1,<environment.Job instance at 0x7fd376f76c80>,17,14,[12  2],18,30,44,12,18
1,<environment.Job instance at 0x7fd376f76b40>,15,17,[10  4],16,44,61,28,32
1,<environment.Job instance at 0x7fd376f76dc0>,20,19,[3 6],21,39,58,18,32
1,<environment.Job instance at 0x7fd376f76fa0>,21,20,[ 2 10],22,58,78,36,49
1,<environment.Job instance at 0x7fd376f5f3c0>,27,15,[4 9],28,78,93,50,64
1,<environment.Job instance at 0x7fd376f5f500>,29,12,[4 6],30,78,90,48,64
1,<environment.Job instance at 0x7fd376f76be0>,16,19,[6 5],17,90,109,73,80
1,<environment.Job instance at 0x7fd376f5f780>,32,19,[7 3],33,93,112,60,92
1,<environment.Job instance at 0x7fd376f5fa00>,35,18,[5 5],36,109,127,73,98
1,<environment.Job instance at 0x7fd376f5f910>,36,15,[2 6],37,98,113,61,98
1,<environment.Job instance at 0x7fd376f5fb40>,37,14,[8 4],38,112,126,74,98
1,<environment.Job instance at 0x7fd376f5fd20>,40,15,[5 2],41,126,141,85,112
1,<environment.Job instance at 0x7fd376f5fe60>,42,13,[10  4],43,127,140,84,112
1,<environment.Job instance at 0x7fd376f5f640>,31,19,[ 4 14],32,141,160,109,131
1,<environment.Job instance at 0x7fd376f5ffa0>,44,21,[10  3],45,160,181,115,152
1,<environment.Job instance at 0x7fd376f5feb0>,45,12,[12  2],46,181,193,135,164
1,<environment.Job instance at 0x7fd376f5ff50>,46,12,[14  2],47,193,205,146,176
1,<environment.Job instance at 0x7fd376f8f1e0>,47,15,[ 4 10],48,205,220,157,195
1,<environment.Job instance at 0x7fd376f8f0f0>,48,13,[14  5],49,220,233,171,204
1,<environment.Job instance at 0x7fd376f8f410>,49,25,[13  3],50,233,258,183,229
1,<environment.Job instance at 0x7fd376f8f230>,50,14,[ 1 14],51,258,272,207,243
1,<environment.Job instance at 0x7fd376f8f4b0>,51,14,[5 3],52,272,286,220,257
1,<environment.Job instance at 0x7fd376f8f550>,52,12,[ 2 13],53,286,298,233,269
1,<environment.Job instance at 0x7fd376f8f5f0>,53,22,[13  3],54,298,320,244,291
1,<environment.Job instance at 0x7fd376f5fdc0>,43,20,[4 7],44,320,340,276,311
1,<environment.Job instance at 0x7fd376f8f690>,54,20,[7 5],55,320,340,265,311
1,<environment.Job instance at 0x7fd376f8f7d0>,56,17,[5 4],57,340,357,283,330
1,<environment.Job instance at 0x7fd376f8f870>,57,20,[8 5],58,340,360,282,331
1,<environment.Job instance at 0x7fd376f8f730>,55,21,[4 8],56,357,378,301,349
1,<environment.Job instance at 0x7fd376f8fa50>,60,18,[11  2],61,360,378,299,349
1,<environment.Job instance at 0x7fd376f8feb0>,68,25,[5 3],69,378,403,309,374
1,<environment.Job instance at 0x7fd376f8f910>,58,18,[11  4],59,403,421,344,392
1,<environment.Job instance at 0x7fd376f76820>,12,20,[10  2],13,754,774,741,754
1,<environment.Job instance at 0x7fd37752d500>,0,27,[9 5],1,774,801,773,772
1,<environment.Job instance at 0x7fd376f76d20>,18,17,[12  4],19,4522,4539,4503,4522
1,<environment.Job instance at 0x7fd3775317d0>,1,17,[5 4],2,2,19,0,2
1,<environment.Job instance at 0x7fd376fd34b0>,4,16,[4 6],5,5,21,0,5
1,<environment.Job instance at 0x7fd376f76b90>,2,14,[13  1],3,21,35,18,6
1,<environment.Job instance at 0x7fd376fd35f0>,5,16,[1 9],6,19,35,13,16
1,<environment.Job instance at 0x7fd376fd3eb0>,10,15,[3 5],11,35,50,24,21
1,<environment.Job instance at 0x7fd376fd3960>,12,17,[5 5],13,35,52,22,23
1,<environment.Job instance at 0x7fd377054a50>,24,13,[5 5],25,35,48,10,25
1,<environment.Job instance at 0x7fd377054eb0>,26,18,[6 3],27,48,66,21,37
1,<environment.Job instance at 0x7fd3770540a0>,27,16,[9 4],28,52,68,24,39
1,<environment.Job instance at 0x7fd377054cd0>,30,14,[9 5],31,68,82,37,53
1,<environment.Job instance at 0x7fd3770345a0>,33,19,[7 5],34,82,101,48,72
1,<environment.Job instance at 0x7fd376fd3780>,6,16,[7 2],7,82,98,75,73
1,<environment.Job instance at 0x7fd37841bc30>,60,15,[2 7],61,98,113,37,86
1,<environment.Job instance at 0x7fd37841b1e0>,61,16,[6 1],62,98,114,36,86
1,<environment.Job instance at 0x7fd37841bd20>,64,18,[4 7],65,101,119,36,90
1,<environment.Job instance at 0x7fd3771a44b0>,0,22,[ 3 14],1,2862,2884,2861,2862
1,<environment.Job instance at 0x7fd376fd3820>,7,28,[13  5],8,2973,3001,2965,2973
1,<environment.Job instance at 0x7fd376d2b6e0>,0,13,[4 5],1,1,14,0,1
1,<environment.Job instance at 0x7fd376d2b0f0>,4,27,[12  1],5,14,41,9,12
1,<environment.Job instance at 0x7fd376f8fcd0>,2,16,[1 5],3,14,30,11,14
1,<environment.Job instance at 0x7fd376d2b550>,3,18,[4 9],4,41,59,37,30
1,<environment.Job instance at 0x7fd377cf18c0>,20,18,[7 5],21,41,59,20,31
1,<environment.Job instance at 0x7fd377cf1af0>,27,16,[2 8],28,59,75,31,46
1,<environment.Job instance at 0x7fd3772975f0>,35,18,[2 5],36,59,77,23,49
1,<environment.Job instance at 0x7fd377297dc0>,38,14,[3 9],39,75,89,36,60
1,<environment.Job instance at 0x7fd377297690>,44,14,[8 4],45,77,91,32,62
1,<environment.Job instance at 0x7fd380e39410>,48,14,[5 8],49,89,103,40,74
1,<environment.Job instance at 0x7fd3774abe60>,54,19,[3 6],55,91,110,36,82
1,<environment.Job instance at 0x7fd3774ab730>,60,12,[2 8],61,103,115,42,90
1,<environment.Job instance at 0x7fd3774ab410>,61,13,[6 4],62,110,123,48,94
1,<environment.Job instance at 0x7fd3774ab140>,64,13,[5 7],65,115,128,50,99
1,<environment.Job instance at 0x7fd3774ab7d0>,66,14,[4 9],67,128,142,61,113
1,<environment.Job instance at 0x7fd3774ab3c0>,67,18,[8 3],68,123,141,55,113
1,<environment.Job instance at 0x7fd3774abb90>,68,12,[3 5],69,141,153,72,125
1,<environment.Job instance at 0x7fd376d2bc30>,1,22,[ 4 12],2,153,175,151,146
1,<environment.Job instance at 0x7fd376d2b460>,6,13,[ 5 11],7,175,188,168,162
1,<environment.Job instance at 0x7fd378148460>,0,14,[ 4 13],1,1,15,0,1
1,<environment.Job instance at 0x7fd377c2b1e0>,5,18,[3 7],6,15,33,9,6
1,<environment.Job instance at 0x7fd3776a20f0>,2,20,[8 5],3,15,35,12,6
1,<environment.Job instance at 0x7fd377c2b460>,9,17,[12  2],10,35,52,25,24
1,<environment.Job instance at 0x7fd377c2b0a0>,8,20,[2 7],9,33,53,24,24
1,<environment.Job instance at 0x7fd380a8dc30>,15,16,[6 2],16,52,68,36,39
1,<environment.Job instance at 0x7fd380a8da00>,16,16,[8 2],17,53,69,36,40
1,<environment.Job instance at 0x7fd380a8d0f0>,19,16,[7 4],20,68,84,48,55
1,<environment.Job instance at 0x7fd380a8d9b0>,22,12,[7 2],23,69,81,46,55
1,<environment.Job instance at 0x7fd377f2b1e0>,35,17,[10  1],36,84,101,48,72
1,<environment.Job instance at 0x7fd3778dea50>,42,16,[5 4],43,81,97,38,72
1,<environment.Job instance at 0x7fd3778de3c0>,44,21,[3 7],45,97,118,52,89
1,<environment.Job instance at 0x7fd3778de4b0>,46,17,[3 5],47,101,118,54,89
1,<environment.Job instance at 0x7fd3778de640>,48,14,[6 5],49,118,132,69,103
1,<environment.Job instance at 0x7fd3778deaa0>,57,15,[4 7],58,118,133,60,104
1,<environment.Job instance at 0x7fd3771e6be0>,58,12,[1 7],59,132,144,73,115
1,<environment.Job instance at 0x7fd3778de460>,59,17,[8 4],60,133,150,73,121
1,<environment.Job instance at 0x7fd3771e6aa0>,60,16,[1 7],61,144,160,83,131
1,<environment.Job instance at 0x7fd377c2bc80>,10,17,[5 2],11,133,150,122,132
1,<environment.Job instance at 0x7fd3771e6690>,63,21,[8 3],64,150,171,86,142
1,<environment.Job instance at 0x7fd377c2b140>,11,18,[4 9],12,160,178,148,150
1,<environment.Job instance at 0x7fd3771e6cd0>,67,13,[12  4],68,178,191,110,162
1,<environment.Job instance at 0x7fd3771e6f50>,66,20,[3 6],67,171,191,104,169
1,<environment.Job instance at 0x7fd3771e6d20>,68,28,[10  4],69,3763,3791,3694,3763
1,<environment.Job instance at 0x7fd378148fa0>,1,23,[ 5 12],2,3791,3814,3789,3785
1,<environment.Job instance at 0x7fd377c2b230>,7,18,[10  1],8,5703,5721,5695,5703
1,<environment.Job instance at 0x7fd377ac9690>,0,15,[5 5],1,1,16,0,1
1,<environment.Job instance at 0x7fd377c2b230>,2,24,[6 3],3,3,27,0,3
1,<environment.Job instance at 0x7fd37792f0f0>,5,18,[6 4],6,16,34,10,6
1,<environment.Job instance at 0x7fd37767c870>,14,19,[1 6],15,15,34,0,15
1,<environment.Job instance at 0x7fd377c48780>,19,13,[5 8],20,34,47,14,20
1,<environment.Job instance at 0x7fd377c48050>,21,17,[2 7],22,34,51,12,22
1,<environment.Job instance at 0x7fd3809ca870>,30,14,[9 2],31,47,61,16,32
1,<environment.Job instance at 0x7fd37792f9b0>,11,13,[5 6],12,51,64,39,37
1,<environment.Job instance at 0x7fd377856f50>,34,22,[5 4],35,61,83,26,54
1,<environment.Job instance at 0x7fd377f05550>,37,16,[5 2],38,61,77,23,55
1,<environment.Job instance at 0x7fd377f05190>,38,12,[6 4],39,77,89,38,60
1,<environment.Job instance at 0x7fd3778cfa50>,40,13,[1 8],41,64,77,23,61
1,<environment.Job instance at 0x7fd3777fbeb0>,44,18,[5 8],45,83,101,38,72
1,<environment.Job instance at 0x7fd3777fb3c0>,47,20,[5 7],48,89,109,41,80
1,<environment.Job instance at 0x7fd3777fb5a0>,48,12,[10  4],49,101,113,52,84
1,<environment.Job instance at 0x7fd3777fbaf0>,55,22,[6 2],56,113,135,57,106
1,<environment.Job instance at 0x7fd3776c7460>,59,15,[9 2],60,113,128,53,106
1,<environment.Job instance at 0x7fd37818b730>,60,14,[2 7],61,128,142,67,113
1,<environment.Job instance at 0x7fd3776c7d70>,61,14,[5 7],62,135,149,73,120
1,<environment.Job instance at 0x7fd377ef50f0>,63,16,[6 2],64,142,158,78,129
1,<environment.Job instance at 0x7fd37847a6e0>,67,14,[2 9],68,149,163,81,134
1,<environment.Job instance at 0x7fd3809caeb0>,35,24,[13  5],36,158,182,122,155
1,<environment.Job instance at 0x7fd377c2b5a0>,1,18,[ 1 12],2,182,200,180,171
1,<environment.Job instance at 0x7fd376d1bc80>,4,13,[4 5],5,5,18,0,5
1,<environment.Job instance at 0x7fd376d1b370>,5,20,[3 7],6,6,26,0,6
1,<environment.Job instance at 0x7fd3783a0c80>,7,17,[8 3],8,8,25,0,8
1,<environment.Job instance at 0x7fd376d1baf0>,9,18,[2 7],10,25,43,15,14
1,<environment.Job instance at 0x7fd3783a0d20>,14,16,[1 6],15,26,42,11,15
1,<environment.Job instance at 0x7fd3775342d0>,18,14,[5 2],19,26,40,7,19
1,<environment.Job instance at 0x7fd37719d370>,21,15,[6 3],22,42,57,20,28
1,<environment.Job instance at 0x7fd377c86be0>,22,16,[9 3],23,43,59,20,30
1,<environment.Job instance at 0x7fd376a51050>,25,22,[5 5],26,57,79,31,50
1,<environment.Job instance at 0x7fd37727c320>,31,15,[5 4],32,59,74,27,50
1,<environment.Job instance at 0x7fd377093820>,36,14,[7 3],37,74,88,37,59
1,<environment.Job instance at 0x7fd377a5a410>,45,12,[5 5],46,59,71,13,59
1,<environment.Job instance at 0x7fd377372f00>,47,19,[1 8],48,79,98,31,71
1,<environment.Job instance at 0x7fd3780c43c0>,48,20,[7 4],49,79,99,30,71
1,<environment.Job instance at 0x7fd3780c4be0>,49,17,[8 3],50,98,115,48,86
1,<environment.Job instance at 0x7fd380a94550>,51,14,[8 3],52,115,129,63,100
1,<environment.Job instance at 0x7fd380a94320>,52,13,[10  5],53,129,142,76,113
1,<environment.Job instance at 0x7fd37765e500>,62,19,[3 6],63,113,132,50,113
1,<environment.Job instance at 0x7fd3783a0cd0>,10,25,[12  2],11,142,167,131,138
1,<environment.Job instance at 0x7fd3783a0f50>,8,22,[2 8],9,143,165,134,143
1,<environment.Job instance at 0x7fd376d1baa0>,0,18,[11  2],1,167,185,166,156
1,<environment.Job instance at 0x7fd37766d870>,6,20,[2 9],7,7,27,0,7
1,<environment.Job instance at 0x7fd3772da6e0>,8,24,[4 6],9,9,33,0,9
1,<environment.Job instance at 0x7fd3772dac30>,14,20,[5 3],15,27,47,12,18
1,<environment.Job instance at 0x7fd3772da780>,20,16,[6 3],21,27,43,6,21
1,<environment.Job instance at 0x7fd3772da910>,25,12,[10  2],26,43,55,17,26
1,<environment.Job instance at 0x7fd3772daaa0>,24,25,[12  2],25,55,80,30,51
1,<environment.Job instance at 0x7fd3772da820>,21,14,[11  5],22,80,94,58,65
1,<environment.Job instance at 0x7fd3772da410>,27,13,[11  1],28,94,107,66,78
1,<environment.Job instance at 0x7fd37766ca50>,30,14,[5 1],31,107,121,76,92
1,<environment.Job instance at 0x7fd37766c460>,36,22,[9 5],37,107,129,70,100
1,<environment.Job instance at 0x7fd37766c5f0>,41,16,[3 9],42,121,137,79,108
1,<environment.Job instance at 0x7fd37766ca00>,42,22,[5 2],43,129,151,86,122
1,<environment.Job instance at 0x7fd380dddf00>,46,16,[1 8],47,137,153,90,125
1,<environment.Job instance at 0x7fd37739e5a0>,47,16,[8 3],48,137,153,89,125
1,<environment.Job instance at 0x7fd377230690>,52,21,[1 5],53,153,174,100,145
1,<environment.Job instance at 0x7fd377f11b90>,56,12,[2 5],57,153,165,96,145
1,<environment.Job instance at 0x7fd377f11730>,57,22,[4 8],58,165,187,107,158
1,<environment.Job instance at 0x7fd377f11a50>,58,12,[9 1],59,158,170,99,158
1,<environment.Job instance at 0x7fd3771a4280>,64,14,[4 8],65,187,201,122,172
1,<environment.Job instance at 0x7fd3771a4730>,68,13,[4 5],69,174,187,105,172
1,<environment.Job instance at 0x7fd37766cdc0>,31,20,[3 8],32,201,221,169,192
1,<environment.Job instance at 0x7fd37766d5a0>,0,18,[7 4],1,192,210,191,192
1,<environment.Job instance at 0x7fd37766caa0>,28,22,[10  1],29,6808,6830,6779,6808
1,<environment.Job instance at 0x7fd380faa550>,1,14,[10  4],2,2,16,0,2
1,<environment.Job instance at 0x7fd3774e2d70>,3,20,[8 4],4,16,36,12,7
1,<environment.Job instance at 0x7fd37755bcd0>,0,24,[3 9],1,9,33,8,9
1,<environment.Job instance at 0x7fd376a2ff00>,11,15,[2 7],12,33,48,21,19
1,<environment.Job instance at 0x7fd3774e2b90>,12,17,[3 5],13,36,53,23,24
1,<environment.Job instance at 0x7fd378320730>,21,21,[2 9],22,48,69,26,40
1,<environment.Job instance at 0x7fd378320870>,25,14,[10  1],26,42,56,16,42
1,<environment.Job instance at 0x7fd3777a7820>,26,12,[9 5],27,56,68,29,42
1,<environment.Job instance at 0x7fd377284c30>,30,16,[5 4],31,68,84,37,55
1,<environment.Job instance at 0x7fd3783a0050>,31,18,[7 2],32,68,86,36,57
1,<environment.Job instance at 0x7fd3775f6cd0>,32,12,[5 2],33,84,96,51,67
1,<environment.Job instance at 0x7fd37750bfa0>,34,12,[7 2],35,86,98,51,69
1,<environment.Job instance at 0x7fd376d1ba00>,9,17,[ 1 11],10,84,101,74,76
1,<environment.Job instance at 0x7fd376f32550>,37,12,[7 2],38,96,108,58,79
1,<environment.Job instance at 0x7fd377169140>,42,19,[2 5],43,101,120,58,91
1,<environment.Job instance at 0x7fd3780a1460>,46,13,[8 4],47,108,121,61,92
1,<environment.Job instance at 0x7fd3780a1f00>,47,17,[6 2],48,120,137,72,108
1,<environment.Job instance at 0x7fd3780a1e10>,48,16,[6 5],49,121,137,72,108
1,<environment.Job instance at 0x7fd3780a1b90>,50,19,[4 5],51,137,156,86,127
1,<environment.Job instance at 0x7fd3780a1eb0>,52,16,[6 3],53,137,153,84,127
1,<environment.Job instance at 0x7fd3780c1cd0>,54,21,[5 4],55,137,158,82,129
1,<environment.Job instance at 0x7fd3780c1aa0>,55,16,[6 4],56,153,169,97,140
1,<environment.Job instance at 0x7fd3774e2eb0>,8,19,[6 5],9,158,177,149,148
1,<environment.Job instance at 0x7fd3780c14b0>,57,28,[3 5],58,156,184,98,155
1,<environment.Job instance at 0x7fd3780c1e10>,56,22,[7 2],57,177,199,120,170
1,<environment.Job instance at 0x7fd3780c1c30>,59,12,[5 4],60,170,182,110,170
1,<environment.Job instance at 0x7fd37727cbe0>,61,13,[9 3],62,199,212,137,183
1,<environment.Job instance at 0x7fd377299230>,62,14,[8 4],63,184,198,121,184
1,<environment.Job instance at 0x7fd377299910>,63,23,[1 5],64,198,221,134,192
1,<environment.Job instance at 0x7fd37808fcd0>,66,16,[7 5],67,212,228,145,199
1,<environment.Job instance at 0x7fd3774e7190>,68,13,[7 1],69,212,225,143,199
1,<environment.Job instance at 0x7fd3774e2d20>,7,27,[8 5],8,225,252,217,223
1,<environment.Job instance at 0x7fd376a400a0>,38,25,[7 2],39,228,253,189,224
1,<environment.Job instance at 0x7fd3774e2730>,5,25,[ 2 12],6,275,300,269,275
1,<environment.Job instance at 0x7fd3774e2780>,2,18,[8 1],3,3,21,0,3
1,<environment.Job instance at 0x7fd377c476e0>,6,20,[10  4],7,21,41,14,12
1,<environment.Job instance at 0x7fd377c47960>,11,13,[5 2],12,12,25,0,12
1,<environment.Job instance at 0x7fd377c47d20>,14,18,[6 3],15,41,59,26,30
1,<environment.Job instance at 0x7fd377c477d0>,9,21,[7 5],10,41,62,31,34
1,<environment.Job instance at 0x7fd377c47f00>,17,19,[ 4 10],18,59,78,41,49
1,<environment.Job instance at 0x7fd377c47fa0>,18,13,[2 7],19,78,91,59,62
1,<environment.Job instance at 0x7fd377c47c80>,19,15,[ 4 13],20,91,106,71,77
1,<environment.Job instance at 0x7fd377c47c30>,20,18,[10  1],21,77,95,56,77
1,<environment.Job instance at 0x7fd377c46230>,21,25,[9 1],22,95,120,73,91
1,<environment.Job instance at 0x7fd377c46280>,22,17,[ 5 14],23,106,123,83,94
1,<environment.Job instance at 0x7fd377c46320>,23,14,[13  1],24,123,137,99,108
1,<environment.Job instance at 0x7fd377c461e0>,24,14,[1 6],25,123,137,98,108
1,<environment.Job instance at 0x7fd377c46460>,25,15,[ 5 14],26,137,152,111,123
1,<environment.Job instance at 0x7fd377c46500>,26,21,[10  1],27,137,158,110,129
1,<environment.Job instance at 0x7fd377c465a0>,27,18,[ 1 14],28,152,170,124,141
1,<environment.Job instance at 0x7fd377c46640>,28,16,[12  4],29,170,186,141,157
1,<environment.Job instance at 0x7fd377c466e0>,29,14,[6 1],30,186,200,156,171
1,<environment.Job instance at 0x7fd377c46820>,30,24,[ 3 12],31,186,210,155,181
1,<environment.Job instance at 0x7fd377c47af0>,12,18,[11  3],13,200,218,187,190
1,<environment.Job instance at 0x7fd377c46910>,32,12,[10  4],33,218,230,185,202
1,<environment.Job instance at 0x7fd376fd0b90>,0,15,[9 1],1,230,245,229,216
1,<environment.Job instance at 0x7fd377c46aa0>,35,13,[ 5 12],36,230,243,194,216
1,<environment.Job instance at 0x7fd377c46b40>,34,16,[2 5],35,243,259,208,231
1,<environment.Job instance at 0x7fd377c46d70>,38,15,[2 5],39,243,258,204,231
1,<environment.Job instance at 0x7fd377c46e10>,39,14,[3 7],40,258,272,218,243
1,<environment.Job instance at 0x7fd377c46c30>,36,22,[ 5 14],37,272,294,235,265
1,<environment.Job instance at 0x7fd377c46fa0>,44,17,[2 9],45,294,311,249,282
1,<environment.Job instance at 0x7fd377c58370>,47,17,[8 4],48,294,311,246,282
1,<environment.Job instance at 0x7fd377c58230>,45,15,[ 2 13],46,311,326,265,297
1,<environment.Job instance at 0x7fd377c58190>,50,14,[2 8],51,326,340,275,311
1,<environment.Job instance at 0x7fd377c586e0>,53,14,[5 2],54,322,336,268,322
1,<environment.Job instance at 0x7fd377c3d690>,64,15,[5 5],65,326,341,261,323
1,<environment.Job instance at 0x7fd377c58320>,51,24,[ 5 14],52,341,365,289,337
1,<environment.Job instance at 0x7fd377c47780>,8,27,[ 5 12],9,8569,8596,8560,8569
1,<environment.Job instance at 0x7fd3773282d0>,0,15,[ 3 13],1,1,16,0,1
1,<environment.Job instance at 0x7fd377328460>,4,18,[9 1],5,6,24,1,6
1,<environment.Job instance at 0x7fd377fe52d0>,6,14,[5 7],7,16,30,9,7
1,<environment.Job instance at 0x7fd377fe58c0>,7,12,[3 8],8,24,36,16,8
1,<environment.Job instance at 0x7fd377fe5140>,18,13,[2 9],19,36,49,17,20
1,<environment.Job instance at 0x7fd377fe51e0>,21,12,[6 3],22,30,42,8,22
1,<environment.Job instance at 0x7fd377fe5dc0>,23,21,[1 5],24,42,63,18,34
1,<environment.Job instance at 0x7fd377fe5be0>,24,17,[5 1],25,34,51,9,34
1,<environment.Job instance at 0x7fd377328f50>,5,17,[14  4],6,51,68,45,39
1,<environment.Job instance at 0x7fd377325d20>,29,17,[7 5],30,68,85,38,56
1,<environment.Job instance at 0x7fd377325b90>,34,12,[3 7],35,68,80,33,63
1,<environment.Job instance at 0x7fd3773259b0>,38,14,[5 7],39,80,94,41,65
1,<environment.Job instance at 0x7fd377fee550>,42,13,[9 3],43,85,98,42,70
1,<environment.Job instance at 0x7fd377fee0f0>,44,13,[5 5],45,94,107,49,78
1,<environment.Job instance at 0x7fd377325280>,27,24,[11  2],28,107,131,79,102
1,<environment.Job instance at 0x7fd377feebe0>,48,19,[14  2],49,131,150,82,121
1,<environment.Job instance at 0x7fd377fee0a0>,47,20,[4 9],48,150,170,102,141
1,<environment.Job instance at 0x7fd377fee820>,54,19,[7 5],55,150,169,95,141
1,<environment.Job instance at 0x7fd377fee320>,57,21,[4 5],58,169,190,111,161
1,<environment.Job instance at 0x7fd377fee870>,58,16,[10  1],59,170,186,111,161
1,<environment.Job instance at 0x7fd377feeb40>,59,18,[8 2],60,186,204,126,175
1,<environment.Job instance at 0x7fd377328c80>,3,18,[6 4],4,190,208,186,180
1,<environment.Job instance at 0x7fd377fee3c0>,62,21,[8 4],63,204,225,141,196
1,<environment.Job instance at 0x7fd37733de60>,66,22,[7 2],67,208,230,141,201
1,<environment.Job instance at 0x7fd37733d2d0>,68,15,[7 4],69,225,240,156,211
1,<environment.Job instance at 0x7fd377328690>,1,12,[ 3 14],2,240,252,238,223
1,<environment.Job instance at 0x7fd37733dd20>,63,21,[13  5],64,920,941,856,920
1,<environment.Job instance at 0x7fd37734ea00>,0,19,[5 2],1,1,20,0,1
1,<environment.Job instance at 0x7fd37734ebe0>,2,17,[6 5],3,3,20,0,3
1,<environment.Job instance at 0x7fd377d6e870>,6,16,[ 4 13],7,20,36,13,9
1,<environment.Job instance at 0x7fd377d6e460>,7,17,[11  3],8,36,53,28,26
1,<environment.Job instance at 0x7fd377d6eeb0>,8,23,[11  2],9,53,76,44,47
1,<environment.Job instance at 0x7fd376ca5780>,9,18,[2 5],10,47,65,37,47
1,<environment.Job instance at 0x7fd377d6e690>,10,20,[13  2],11,76,96,65,67
1,<environment.Job instance at 0x7fd376ca5b40>,11,21,[2 6],12,67,88,55,67
1,<environment.Job instance at 0x7fd377d6e0a0>,5,18,[11  2],6,96,114,90,86
1,<environment.Job instance at 0x7fd376ca5960>,12,23,[ 3 13],13,96,119,83,90
1,<environment.Job instance at 0x7fd376ca5af0>,14,18,[14  4],15,119,137,104,108
1,<environment.Job instance at 0x7fd376ca5aa0>,15,15,[9 4],16,137,152,121,130
1,<environment.Job instance at 0x7fd376ca58c0>,16,15,[4 7],17,137,152,120,130
1,<environment.Job instance at 0x7fd377d6ea00>,3,16,[11  3],4,152,168,148,144
1,<environment.Job instance at 0x7fd377d6e6e0>,4,22,[8 3],5,168,190,163,161
1,<environment.Job instance at 0x7fd376ca5d20>,20,18,[5 5],21,168,186,147,161
1,<environment.Job instance at 0x7fd376ca5190>,27,15,[8 2],28,190,205,162,176
1,<environment.Job instance at 0x7fd377f4acd0>,31,16,[8 3],32,205,221,173,192
1,<environment.Job instance at 0x7fd377f4ab40>,32,16,[4 6],33,192,208,159,192
1,<environment.Job instance at 0x7fd377f4a640>,38,17,[3 8],39,208,225,169,196
1,<environment.Job instance at 0x7fd377f4a5f0>,40,16,[3 7],41,221,237,180,208
1,<environment.Job instance at 0x7fd377f4ae60>,41,18,[5 5],42,225,243,183,214
1,<environment.Job instance at 0x7fd377f4a320>,42,14,[5 7],43,237,251,194,222
1,<environment.Job instance at 0x7fd377f4aaf0>,44,16,[4 7],45,243,259,198,230
1,<environment.Job instance at 0x7fd377f4a190>,46,14,[1 6],47,251,265,204,236
1,<environment.Job instance at 0x7fd378036c30>,53,18,[6 5],54,259,277,205,248
1,<environment.Job instance at 0x7fd378036f50>,57,15,[10  5],58,277,292,219,263
1,<environment.Job instance at 0x7fd378036b40>,62,16,[1 8],63,265,281,202,263
1,<environment.Job instance at 0x7fd378036730>,63,12,[3 7],64,281,293,217,264
1,<environment.Job instance at 0x7fd377d6e550>,1,21,[12  1],2,428,449,426,428
1,<environment.Job instance at 0x7fd377efd190>,0,27,[ 4 12],1,1,28,0,1
1,<environment.Job instance at 0x7fd3773a5b40>,3,15,[2 7],4,28,43,24,14
1,<environment.Job instance at 0x7fd3773af960>,18,19,[11  4],19,28,47,9,26
1,<environment.Job instance at 0x7fd3773afd20>,20,14,[8 2],21,47,61,26,32
1,<environment.Job instance at 0x7fd3773af050>,19,22,[ 2 11],20,43,65,23,40
1,<environment.Job instance at 0x7fd3773afdc0>,22,12,[ 4 14],23,65,77,42,48
1,<environment.Job instance at 0x7fd3773afaa0>,23,18,[4 5],24,77,95,53,66
1,<environment.Job instance at 0x7fd377efddc0>,1,22,[6 4],2,77,99,75,74
1,<environment.Job instance at 0x7fd3773d4f00>,25,13,[4 6],26,77,90,51,75
1,<environment.Job instance at 0x7fd3773af550>,24,18,[14  1],25,99,117,74,88
1,<environment.Job instance at 0x7fd3773d4be0>,27,13,[ 5 12],28,117,130,89,101
1,<environment.Job instance at 0x7fd3773c7f50>,28,28,[14  2],29,130,158,101,129
1,<environment.Job instance at 0x7fd3773af690>,21,21,[9 5],22,158,179,136,150
1,<environment.Job instance at 0x7fd3773c7aa0>,33,16,[3 5],34,158,174,124,151
1,<environment.Job instance at 0x7fd376b091e0>,35,23,[6 2],36,174,197,138,168
1,<environment.Job instance at 0x7fd377accf50>,38,21,[9 5],39,179,200,140,171
1,<environment.Job instance at 0x7fd376e0af00>,40,14,[9 5],41,200,214,159,185
1,<environment.Job instance at 0x7fd376e4d870>,42,24,[1 5],43,197,221,154,192
1,<environment.Job instance at 0x7fd376e0a230>,43,21,[9 5],44,214,235,170,206
1,<environment.Job instance at 0x7fd377ab9910>,44,17,[10  3],45,235,252,190,223
1,<environment.Job instance at 0x7fd377ab9dc0>,45,24,[7 4],46,252,276,206,247
1,<environment.Job instance at 0x7fd376e520f0>,47,12,[4 7],48,247,259,199,247
1,<environment.Job instance at 0x7fd377ad4050>,48,15,[6 4],49,259,274,210,247
1,<environment.Job instance at 0x7fd37739f730>,49,17,[3 8],50,274,291,224,262
1,<environment.Job instance at 0x7fd377ad5aa0>,50,15,[ 5 10],51,291,306,240,277
1,<environment.Job instance at 0x7fd377ad56e0>,51,19,[5 4],52,277,296,225,277
1,<environment.Job instance at 0x7fd377ace2d0>,52,17,[ 2 10],53,306,323,253,294
1,<environment.Job instance at 0x7fd3773d4730>,26,15,[12  1],27,306,321,279,294
1,<environment.Job instance at 0x7fd377abae60>,55,17,[9 5],56,321,338,265,309
1,<environment.Job instance at 0x7fd377abac30>,59,22,[6 1],60,323,345,263,316
1,<environment.Job instance at 0x7fd377af2320>,61,15,[5 5],62,338,353,276,324
1,<environment.Job instance at 0x7fd377af2370>,63,18,[5 9],64,345,363,281,334
1,<environment.Job instance at 0x7fd377af2a50>,67,20,[3 6],68,353,373,285,344
1,<environment.Job instance at 0x7fd377af2dc0>,68,18,[ 3 10],69,373,391,304,362
1,<environment.Job instance at 0x7fd3773a5780>,5,23,[ 1 11],6,391,414,385,386
1,<environment.Job instance at 0x7fd377aba4b0>,54,23,[ 2 10],55,414,437,359,412
1,<environment.Job instance at 0x7fd3773affa0>,15,19,[3 8],16,569,588,553,569
1,<environment.Job instance at 0x7fd377c4c6e0>,3,16,[7 4],4,4,20,0,4
1,<environment.Job instance at 0x7fd377c643c0>,14,14,[3 5],15,15,29,0,15
1,<environment.Job instance at 0x7fd376e350f0>,20,23,[5 5],21,21,44,0,21
1,<environment.Job instance at 0x7fd376e35910>,23,13,[7 3],24,24,37,0,24
1,<environment.Job instance at 0x7fd376e355f0>,28,16,[4 8],29,37,53,8,29
1,<environment.Job instance at 0x7fd376e35af0>,32,28,[5 4],33,44,72,11,43
1,<environment.Job instance at 0x7fd376e35d20>,33,27,[ 3 12],34,72,99,38,70
1,<environment.Job instance at 0x7fd376e356e0>,34,18,[7 4],35,99,117,64,88
1,<environment.Job instance at 0x7fd376e351e0>,35,25,[ 5 12],36,117,142,81,113
1,<environment.Job instance at 0x7fd377c64e10>,30,18,[10  3],31,124,142,93,124
1,<environment.Job instance at 0x7fd376e4cfa0>,36,24,[7 4],37,142,166,105,137
1,<environment.Job instance at 0x7fd376e4cf00>,38,15,[1 5],39,142,157,103,137
1,<environment.Job instance at 0x7fd376e4c320>,39,27,[4 5],40,142,169,102,140
1,<environment.Job instance at 0x7fd376e4c230>,40,16,[11  1],41,166,182,125,153
1,<environment.Job instance at 0x7fd376e4ccd0>,41,16,[ 1 12],42,169,185,127,156
1,<environment.Job instance at 0x7fd376e4ce60>,44,21,[6 3],45,182,203,137,174
1,<environment.Job instance at 0x7fd376e4c3c0>,46,17,[10  5],47,203,220,156,191
1,<environment.Job instance at 0x7fd376e4cc30>,48,21,[1 5],49,192,213,143,192
1,<environment.Job instance at 0x7fd376e4c140>,49,17,[1 7],50,213,230,163,201
1,<environment.Job instance at 0x7fd376e4cdc0>,55,18,[9 3],56,220,238,164,210
1,<environment.Job instance at 0x7fd376e4c410>,56,17,[1 6],57,230,247,173,219
1,<environment.Job instance at 0x7fd376e4d8c0>,58,17,[3 5],59,220,237,161,219
1,<environment.Job instance at 0x7fd376e35a00>,31,24,[ 3 14],32,247,271,215,245
1,<environment.Job instance at 0x7fd376e35e10>,29,18,[11  1],30,248,266,218,248
1,<environment.Job instance at 0x7fd376e35c80>,2,18,[9 2],3,3,21,0,3
1,<environment.Job instance at 0x7fd377f8bb40>,5,16,[4 8],6,6,22,0,6
1,<environment.Job instance at 0x7fd377f8bd70>,8,22,[1 8],9,22,44,13,15
1,<environment.Job instance at 0x7fd377faa320>,14,26,[ 1 10],15,44,70,29,41
1,<environment.Job instance at 0x7fd377d20780>,0,17,[10  3],1,41,58,40,41
1,<environment.Job instance at 0x7fd377faa500>,16,25,[5 3],17,58,83,41,54
1,<environment.Job instance at 0x7fd377faa460>,15,17,[4 6],16,70,87,54,58
1,<environment.Job instance at 0x7fd377faa5f0>,18,15,[ 3 10],19,87,102,68,75
1,<environment.Job instance at 0x7fd377faa550>,17,21,[3 7],18,102,123,84,94
1,<environment.Job instance at 0x7fd377faa730>,20,20,[1 9],21,123,143,102,114
1,<environment.Job instance at 0x7fd377faa7d0>,21,23,[ 4 10],22,143,166,121,137
1,<environment.Job instance at 0x7fd377faa1e0>,12,21,[9 3],13,137,158,124,137
1,<environment.Job instance at 0x7fd377faa910>,23,14,[5 5],24,158,172,134,143
1,<environment.Job instance at 0x7fd377faab90>,27,12,[1 8],28,166,178,138,149
1,<environment.Job instance at 0x7fd377faacd0>,29,13,[8 2],30,166,179,136,150
1,<environment.Job instance at 0x7fd377f8bf00>,11,25,[ 2 12],12,178,203,166,174
1,<environment.Job instance at 0x7fd377faaf50>,33,27,[9 5],34,203,230,169,201
1,<environment.Job instance at 0x7fd377faa280>,34,25,[3 5],35,203,228,168,201
1,<environment.Job instance at 0x7fd377faa4b0>,35,23,[ 2 13],36,230,253,194,224
1,<environment.Job instance at 0x7fd377f99190>,36,15,[11  2],37,230,245,193,224
1,<environment.Job instance at 0x7fd377f99230>,37,14,[ 3 10],38,253,267,215,238
1,<environment.Job instance at 0x7fd377f99b90>,51,15,[12  3],52,253,268,201,239
1,<environment.Job instance at 0x7fd377f998c0>,50,20,[2 8],51,267,287,216,258
1,<environment.Job instance at 0x7fd377f99e60>,54,12,[1 9],55,287,299,232,270
1,<environment.Job instance at 0x7fd377f99640>,55,16,[11  4],56,270,286,214,270
1,<environment.Job instance at 0x7fd3770633c0>,63,14,[7 3],64,286,300,222,271
1,<environment.Job instance at 0x7fd377063780>,68,19,[8 4],69,299,318,230,289
1,<environment.Job instance at 0x7fd377f99c30>,52,19,[5 5],53,300,319,247,290
1,<environment.Job instance at 0x7fd377faac30>,28,19,[5 8],29,318,337,289,308
1,<environment.Job instance at 0x7fd377faa870>,22,28,[10  2],23,319,347,296,318
1,<environment.Job instance at 0x7f48ae323230>,0,17,[6 1],1,1,18,0,1
1,<environment.Job instance at 0x7f48ae323320>,2,20,[7 4],3,3,23,0,3
1,<environment.Job instance at 0x7f48a4d37f50>,10,15,[5 1],11,18,33,7,11
1,<environment.Job instance at 0x7f48a4d3a050>,11,15,[6 1],12,23,38,11,12
1,<environment.Job instance at 0x7f48a4d3a7d0>,22,13,[7 4],23,33,46,10,23
1,<environment.Job instance at 0x7f48a4d3a9b0>,24,20,[4 6],25,38,58,13,29
1,<environment.Job instance at 0x7f48a4d3aa50>,26,12,[8 5],27,46,58,19,29
1,<environment.Job instance at 0x7f48a4d3af00>,32,17,[9 3],33,58,75,25,46
1,<environment.Job instance at 0x7f48a4d3d190>,35,16,[1 9],36,58,74,22,46
1,<environment.Job instance at 0x7f48a4d3d230>,36,20,[7 5],37,75,95,38,66
1,<environment.Job instance at 0x7f48a4d3d410>,39,18,[9 4],40,95,113,55,84
1,<environment.Job instance at 0x7f48a4d3d550>,41,12,[8 3],42,113,125,71,96
1,<environment.Job instance at 0x7f48a4d3d690>,43,16,[1 8],44,96,112,52,96
1,<environment.Job instance at 0x7f48a4d3d910>,46,14,[6 5],47,112,126,65,97
1,<environment.Job instance at 0x7f48a4d3d960>,49,13,[1 5],50,113,126,63,97
1,<environment.Job instance at 0x7f48a4d3db90>,51,13,[5 6],52,126,139,74,110
1,<environment.Job instance at 0x7f48a4d3dcd0>,53,17,[7 4],54,125,142,71,113
1,<environment.Job instance at 0x7f48a4d3dc30>,54,13,[7 3],55,139,152,84,123
1,<environment.Job instance at 0x7f48a4d3df00>,56,21,[8 4],57,142,163,85,134
1,<environment.Job instance at 0x7f48a4d40050>,59,19,[1 7],60,152,171,92,142
1,<environment.Job instance at 0x7f48a4d40370>,63,12,[5 3],64,152,164,88,142
1,<environment.Job instance at 0x7f48a4d405a0>,67,18,[9 4],68,163,181,95,152
1,<environment.Job instance at 0x7f48a4d40960>,70,15,[8 4],71,181,196,110,167
1,<environment.Job instance at 0x7f48a4d40a00>,71,14,[4 9],72,171,185,99,167
1,<environment.Job instance at 0x7f48a4d40b40>,73,18,[3 5],74,185,203,111,174
1,<environment.Job instance at 0x7f48a4d40be0>,74,19,[3 8],75,196,215,121,186
1,<environment.Job instance at 0x7f48a4d40c80>,75,17,[7 1],76,196,213,120,186
1,<environment.Job instance at 0x7f48a4d40d20>,76,14,[10  4],77,213,227,136,198
1,<environment.Job instance at 0x7f48a4d40e60>,78,16,[8 1],79,227,243,148,214
1,<environment.Job instance at 0x7f48a4d3a500>,17,19,[12  4],18,786,805,768,786
1,<environment.Job instance at 0x7f48ae3231e0>,1,24,[10  1],2,805,829,803,800
1,<environment.Job instance at 0x7f48a4d43f50>,1,19,[5 5],2,2,21,0,2
1,<environment.Job instance at 0x7f48a4473eb0>,2,14,[8 5],3,3,17,0,3
1,<environment.Job instance at 0x7f48ae3231e0>,4,18,[ 3 10],5,17,35,12,6
1,<environment.Job instance at 0x7f48a4473d20>,6,15,[1 7],7,35,50,28,21
1,<environment.Job instance at 0x7f48a4473460>,8,18,[7 1],9,23,41,14,23
1,<environment.Job instance at 0x7f48a4473320>,7,26,[2 7],8,36,62,28,36
1,<environment.Job instance at 0x7f48a4473190>,9,16,[4 9],10,62,78,52,49
1,<environment.Job instance at 0x7f48a4478a50>,12,15,[9 1],13,49,64,36,49
1,<environment.Job instance at 0x7f48a4478c30>,16,16,[8 4],17,64,80,47,51
1,<environment.Job instance at 0x7f48a45b4870>,17,18,[2 6],18,78,96,60,67
1,<environment.Job instance at 0x7f48a455d6e0>,24,16,[1 9],25,80,96,55,67
1,<environment.Job instance at 0x7f48a45e27d0>,26,16,[7 5],27,96,112,69,83
1,<environment.Job instance at 0x7f48a455d320>,29,18,[1 9],30,96,114,66,85
1,<environment.Job instance at 0x7f48a45504b0>,33,12,[1 6],34,112,124,78,95
1,<environment.Job instance at 0x7f48a4550dc0>,34,17,[5 1],35,114,131,79,102
1,<environment.Job instance at 0x7f48a45bab90>,36,17,[5 5],37,114,131,77,102
1,<environment.Job instance at 0x7f48a45c3af0>,42,18,[7 4],43,131,149,88,120
1,<environment.Job instance at 0x7f48a42fd780>,50,21,[5 4],51,124,145,73,120
1,<environment.Job instance at 0x7f48a42f3c30>,53,17,[5 1],54,145,162,91,133
1,<environment.Job instance at 0x7f48a42f3dc0>,56,12,[5 4],57,149,161,92,133
1,<environment.Job instance at 0x7f48a42e2550>,58,14,[6 5],59,161,175,102,146
1,<environment.Job instance at 0x7f48a42ebc30>,59,17,[8 2],60,162,179,102,150
1,<environment.Job instance at 0x7f48a4457d70>,61,13,[1 8],62,150,163,88,150
1,<environment.Job instance at 0x7f48a44c5af0>,68,13,[10  5],69,179,192,110,163
1,<environment.Job instance at 0x7f48a4473370>,72,12,[1 5],73,163,175,90,163
1,<environment.Job instance at 0x7f48a447d8c0>,75,17,[5 8],76,175,192,99,163
1,<environment.Job instance at 0x7f48a4473c80>,5,27,[5 5],6,1615,1642,1609,1615
1,<environment.Job instance at 0x7f48a447e230>,0,19,[12  3],1,1642,1661,1641,1632
1,<environment.Job instance at 0x7f48a44739b0>,3,21,[4 8],4,1961,1982,1957,1961
1,<environment.Job instance at 0x7f48a42d9cd0>,0,26,[5 4],1,2,28,1,2
1,<environment.Job instance at 0x7f48a42d9910>,2,19,[2 5],3,3,22,0,3
1,<environment.Job instance at 0x7f48a42d9780>,8,14,[6 3],9,10,24,1,10
1,<environment.Job instance at 0x7f48a42d9dc0>,11,14,[ 5 10],12,24,38,12,12
1,<environment.Job instance at 0x7f48a42fe0a0>,12,17,[4 7],13,38,55,25,26
1,<environment.Job instance at 0x7f48a42d9190>,13,13,[5 7],14,38,51,24,26
1,<environment.Job instance at 0x7f48a42fe5a0>,16,19,[3 8],17,51,70,34,41
1,<environment.Job instance at 0x7f48a42fe230>,19,16,[8 4],20,55,71,35,42
1,<environment.Job instance at 0x7f48a42feeb0>,26,17,[9 2],27,71,88,44,59
1,<environment.Job instance at 0x7f48a42fed20>,27,16,[1 7],28,70,86,42,59
1,<environment.Job instance at 0x7f48a42d9640>,9,17,[14  3],10,88,105,78,77
1,<environment.Job instance at 0x7f48ae491a50>,32,20,[7 5],33,105,125,72,96
1,<environment.Job instance at 0x7f48a42de690>,35,21,[5 9],36,105,126,69,97
1,<environment.Job instance at 0x7f48a42de3c0>,37,19,[3 8],38,126,145,88,116
1,<environment.Job instance at 0x7f48a42de1e0>,38,14,[7 1],39,125,139,86,116
1,<environment.Job instance at 0x7f48a42de8c0>,44,18,[5 4],45,126,144,81,117
1,<environment.Job instance at 0x7f48ae3cbaa0>,66,15,[8 5],67,144,159,77,130
1,<environment.Job instance at 0x7f48ae3cbb40>,69,12,[4 8],70,145,157,75,130
1,<environment.Job instance at 0x7f48ae3cb050>,70,19,[4 7],71,157,176,86,147
1,<environment.Job instance at 0x7f48ae3cb0a0>,76,13,[4 8],77,159,172,82,147
1,<environment.Job instance at 0x7f48a432b460>,77,16,[8 4],78,172,188,94,159
1,<environment.Job instance at 0x7f48a42d9410>,6,24,[13  4],7,226,250,219,226
1,<environment.Job instance at 0x7f48a42d90a0>,4,22,[3 8],5,250,272,245,243
1,<environment.Job instance at 0x7f48a42d9f50>,3,17,[13  1],4,272,289,268,260
1,<environment.Job instance at 0x7f48a480e820>,0,13,[2 7],1,1,14,0,1
1,<environment.Job instance at 0x7f48a480ed20>,5,13,[9 2],6,6,19,0,6
1,<environment.Job instance at 0x7f48a480edc0>,6,13,[4 5],7,7,20,0,7
1,<environment.Job instance at 0x7f48ae34e5f0>,9,14,[12  3],10,20,34,10,10
1,<environment.Job instance at 0x7f48a480ed70>,12,13,[3 5],13,19,32,6,14
1,<environment.Job instance at 0x7f48ae491960>,16,14,[3 5],17,32,46,15,17
1,<environment.Job instance at 0x7f48a4332aa0>,27,17,[10  4],28,34,51,6,29
1,<environment.Job instance at 0x7f48a4332eb0>,31,16,[6 3],32,51,67,19,38
1,<environment.Job instance at 0x7f48a4332280>,35,13,[8 3],36,51,64,15,38
1,<environment.Job instance at 0x7f48ae378280>,28,13,[6 4],29,64,77,35,48
1,<environment.Job instance at 0x7f48a4332f50>,36,22,[7 5],37,67,89,30,60
1,<environment.Job instance at 0x7f48a4332dc0>,38,17,[8 4],39,77,94,38,65
1,<environment.Job instance at 0x7f48ae50cb90>,39,15,[3 6],40,89,104,49,75
1,<environment.Job instance at 0x7f48ae3a3c30>,42,15,[5 8],43,94,109,51,80
1,<environment.Job instance at 0x7f48a42d2230>,46,17,[ 5 10],47,109,126,62,97
1,<environment.Job instance at 0x7f48a42d29b0>,50,13,[8 4],51,104,117,53,97
1,<environment.Job instance at 0x7f48a472cbe0>,58,12,[5 8],59,126,138,67,109
1,<environment.Job instance at 0x7f48a472cdc0>,59,13,[5 1],60,117,130,57,109
1,<environment.Job instance at 0x7f48a43332d0>,60,12,[5 5],61,126,138,65,109
1,<environment.Job instance at 0x7f48a4333c80>,63,18,[9 5],64,138,156,74,128
1,<environment.Job instance at 0x7f48a4822c80>,64,18,[1 7],65,138,156,73,128
1,<environment.Job instance at 0x7f48a48226e0>,70,14,[7 1],71,156,170,85,141
1,<environment.Job instance at 0x7f48a4822230>,74,12,[4 7],75,156,168,81,141
1,<environment.Job instance at 0x7f48ae3783c0>,13,16,[5 8],14,168,184,154,168
1,<environment.Job instance at 0x7f48a480e6e0>,1,24,[7 2],2,170,194,168,168
1,<environment.Job instance at 0x7f48a43489b0>,0,14,[3 7],1,1,15,0,1
1,<environment.Job instance at 0x7f48a5869370>,4,16,[ 4 10],5,15,31,10,5
1,<environment.Job instance at 0x7f48a5847d20>,12,13,[2 9],13,31,44,18,15
1,<environment.Job instance at 0x7f48a5847a00>,14,12,[2 7],15,44,56,29,27
1,<environment.Job instance at 0x7f48a5880960>,16,21,[10  5],17,27,48,10,27
1,<environment.Job instance at 0x7f48a5880b40>,23,17,[5 9],24,56,73,32,44
1,<environment.Job instance at 0x7f48a5880e60>,24,17,[7 1],25,48,65,23,44
1,<environment.Job instance at 0x7f48a5164b40>,38,14,[3 6],39,65,79,26,50
1,<environment.Job instance at 0x7f48a477e7d0>,39,12,[6 4],40,73,85,33,56
1,<environment.Job instance at 0x7f48a519ee60>,48,16,[5 2],49,73,89,24,60
1,<environment.Job instance at 0x7f48a5167af0>,55,13,[5 5],56,85,98,29,69
1,<environment.Job instance at 0x7f48a518d230>,61,20,[5 5],62,85,105,23,76
1,<environment.Job instance at 0x7f48a518d730>,65,17,[7 4],66,98,115,32,86
1,<environment.Job instance at 0x7f48a518d8c0>,67,19,[3 8],68,105,124,37,95
1,<environment.Job instance at 0x7f48a518d910>,72,18,[10  5],73,115,133,42,104
1,<environment.Job instance at 0x7f48a5869910>,13,20,[4 9],14,143,163,129,143
1,<environment.Job instance at 0x7f48a5869050>,5,20,[5 8],6,163,183,157,154
1,<environment.Job instance at 0x7f48a4348dc0>,1,15,[13  3],2,183,198,181,169
1,<environment.Job instance at 0x7f48a47adaa0>,2,14,[4 5],3,3,17,0,3
1,<environment.Job instance at 0x7f48a47ad7d0>,3,15,[11  2],4,4,19,0,4
1,<environment.Job instance at 0x7f48a46bea00>,5,13,[5 6],6,19,32,13,6
1,<environment.Job instance at 0x7f48a46becd0>,11,13,[ 5 12],12,32,45,20,16
1,<environment.Job instance at 0x7f48a4752b90>,18,18,[5 5],19,45,63,26,34
1,<environment.Job instance at 0x7f48a47525f0>,31,12,[7 5],32,45,57,13,34
1,<environment.Job instance at 0x7f48a477ad20>,36,19,[6 5],37,57,76,20,47
1,<environment.Job instance at 0x7f48a477ad70>,40,19,[3 6],41,63,82,22,57
1,<environment.Job instance at 0x7f48a4785c80>,52,19,[7 3],53,76,95,23,66
1,<environment.Job instance at 0x7f48a4785410>,55,18,[5 5],56,76,94,20,66
1,<environment.Job instance at 0x7f48a4785d20>,56,15,[2 6],57,82,97,25,68
1,<environment.Job instance at 0x7f48a4785a50>,60,15,[5 2],61,94,109,33,80
1,<environment.Job instance at 0x7f48a47608c0>,71,14,[5 3],72,95,109,23,93
1,<environment.Job instance at 0x7f48a4760e60>,74,20,[7 5],75,109,129,34,102
1,<environment.Job instance at 0x7f48a46be730>,13,27,[12  4],14,129,156,115,127
1,<environment.Job instance at 0x7f48a4760d20>,77,20,[8 5],78,156,176,78,147
1,<environment.Job instance at 0x7f48a4760b90>,76,17,[5 4],77,433,450,356,433
1,<environment.Job instance at 0x7f48a47ad960>,0,27,[14  3],1,450,477,449,448
1,<environment.Job instance at 0x7f48a441fc80>,9,12,[5 5],10,10,22,0,10
1,<environment.Job instance at 0x7f48a441feb0>,11,17,[5 4],12,12,29,0,12
1,<environment.Job instance at 0x7f48a47ad960>,14,16,[4 6],15,15,31,0,15
1,<environment.Job instance at 0x7f48a4428140>,15,16,[1 9],16,29,45,13,16
1,<environment.Job instance at 0x7f48a4428280>,16,16,[7 2],17,31,47,14,18
1,<environment.Job instance at 0x7f48a4428640>,20,15,[3 5],21,45,60,24,31
1,<environment.Job instance at 0x7f48a4428e60>,34,13,[5 5],35,45,58,10,35
1,<environment.Job instance at 0x7f48a4428fa0>,36,18,[6 3],37,47,65,10,42
1,<environment.Job instance at 0x7f48a44285f0>,22,17,[5 5],23,58,75,35,47
1,<environment.Job instance at 0x7f48a443daf0>,37,16,[9 4],38,65,81,27,53
1,<environment.Job instance at 0x7f48a443d5f0>,40,14,[9 5],41,81,95,40,66
1,<environment.Job instance at 0x7f48a443d870>,38,27,[1 9],39,75,102,36,73
1,<environment.Job instance at 0x7f48a443d8c0>,43,19,[7 5],44,95,114,51,87
1,<environment.Job instance at 0x7f48a443db40>,44,25,[ 4 10],45,102,127,57,98
1,<environment.Job instance at 0x7f48a443dc30>,46,21,[8 4],47,114,135,67,106
1,<environment.Job instance at 0x7f48a443d4b0>,48,15,[1 7],49,127,142,78,113
1,<environment.Job instance at 0x7f48a443daa0>,49,14,[7 2],50,135,149,85,120
1,<environment.Job instance at 0x7f48a443d280>,53,13,[1 6],54,135,148,81,120
1,<environment.Job instance at 0x7f48a443db90>,55,15,[1 6],56,142,157,86,128
1,<environment.Job instance at 0x7f48a443d550>,56,13,[5 2],57,148,161,91,132
1,<environment.Job instance at 0x7f48a44162d0>,62,18,[2 5],63,148,166,85,137
1,<environment.Job instance at 0x7f48a44164b0>,65,19,[5 7],66,157,176,91,147
1,<environment.Job instance at 0x7f48a44168c0>,70,15,[2 7],71,166,181,95,154
1,<environment.Job instance at 0x7f48a4416960>,71,16,[6 1],72,161,177,89,154
1,<environment.Job instance at 0x7f48a4416af0>,74,18,[4 7],75,176,194,101,165
1,<environment.Job instance at 0x7f48a466d3c0>,78,21,[5 6],79,181,202,102,173
1,<environment.Job instance at 0x7f48a4796370>,0,18,[11  2],1,202,220,201,196
1,<environment.Job instance at 0x7f48a4428370>,18,23,[6 4],19,1097,1120,1078,1097
1,<environment.Job instance at 0x7f48a44286e0>,21,27,[5 5],22,6751,6778,6729,6751
1,<environment.Job instance at 0x7f48a4770280>,0,13,[4 5],1,1,14,0,1
1,<environment.Job instance at 0x7f48a50cf730>,4,27,[12  1],5,14,41,9,12
1,<environment.Job instance at 0x7f48a44286e0>,2,16,[1 5],3,19,35,16,19
1,<environment.Job instance at 0x7f48a50cfc80>,3,18,[4 9],4,41,59,37,31
1,<environment.Job instance at 0x7f48a4c9fc80>,20,18,[7 5],21,41,59,20,41
1,<environment.Job instance at 0x7f48a4dc99b0>,27,16,[2 8],28,59,75,31,47
1,<environment.Job instance at 0x7f48a45e8c30>,35,18,[2 5],36,59,77,23,48
1,<environment.Job instance at 0x7f48a45e8410>,38,14,[3 9],39,75,89,36,60
1,<environment.Job instance at 0x7f48a45e8230>,44,14,[8 4],45,77,91,32,69
1,<environment.Job instance at 0x7f48a45e88c0>,48,14,[5 8],49,89,103,40,74
1,<environment.Job instance at 0x7f48a4746230>,54,19,[3 6],55,91,110,36,82
1,<environment.Job instance at 0x7f48a44da3c0>,60,12,[2 8],61,103,115,42,94
1,<environment.Job instance at 0x7f48a44da780>,61,13,[6 4],62,110,123,48,94
1,<environment.Job instance at 0x7f48a44da5a0>,64,13,[5 7],65,115,128,50,99
1,<environment.Job instance at 0x7f48a44da4b0>,66,14,[4 9],67,128,142,61,113
1,<environment.Job instance at 0x7f48a44dae60>,67,18,[8 3],68,123,141,55,116
1,<environment.Job instance at 0x7f48a44daf00>,69,15,[1 8],70,142,157,72,130
1,<environment.Job instance at 0x7f48a44dac30>,72,20,[8 5],73,141,161,68,132
1,<environment.Job instance at 0x7f48a4de6b40>,75,18,[3 7],76,157,175,81,146
1,<environment.Job instance at 0x7f48a4de6b90>,77,18,[10  1],78,161,179,83,150
1,<environment.Job instance at 0x7f48a4de6eb0>,78,20,[2 7],79,164,184,85,164
1,<environment.Job instance at 0x7f48a4428500>,1,22,[ 4 12],2,184,206,182,178
1,<environment.Job instance at 0x7f48a50cf280>,6,13,[ 5 11],7,262,275,255,262
1,<environment.Job instance at 0x7f48adf4a9b0>,0,17,[5 2],1,1,18,0,1
1,<environment.Job instance at 0x7f48a4d27f00>,1,18,[4 9],2,2,20,0,2
1,<environment.Job instance at 0x7f48a4d274b0>,2,12,[6 2],3,3,15,0,3
1,<environment.Job instance at 0x7f48a4d276e0>,5,16,[6 2],6,15,31,9,6
1,<environment.Job instance at 0x7f48ae50ab90>,6,16,[8 2],7,20,36,13,7
1,<environment.Job instance at 0x7f48a4e440f0>,9,16,[7 4],10,31,47,21,18
1,<environment.Job instance at 0x7f48a4e44140>,12,12,[7 2],13,36,48,23,19
1,<environment.Job instance at 0x7f48a4e44640>,15,18,[ 2 10],16,47,65,31,36
1,<environment.Job instance at 0x7f48a5134410>,25,17,[10  1],26,48,65,22,38
1,<environment.Job instance at 0x7f48a5614690>,32,16,[5 4],33,65,81,32,52
1,<environment.Job instance at 0x7f48a5614960>,34,21,[3 7],35,65,86,30,57
1,<environment.Job instance at 0x7f48ae3b57d0>,36,17,[3 5],37,81,98,44,69
1,<environment.Job instance at 0x7f48a45f0910>,38,14,[6 5],39,86,100,47,71
1,<environment.Job instance at 0x7f48a45f06e0>,47,15,[4 7],48,98,113,50,84
1,<environment.Job instance at 0x7f48a45f0af0>,48,12,[1 7],49,100,112,51,84
1,<environment.Job instance at 0x7f48a45f04b0>,49,17,[8 4],50,112,129,62,100
1,<environment.Job instance at 0x7f48a45f0aa0>,50,16,[1 7],51,113,129,62,100
1,<environment.Job instance at 0x7f48a45f0460>,53,21,[8 3],54,129,150,75,121
1,<environment.Job instance at 0x7f48a45f0d20>,56,20,[3 6],57,129,149,72,121
1,<environment.Job instance at 0x7f48a45f0c80>,59,16,[ 4 10],60,149,165,89,136
1,<environment.Job instance at 0x7f48a4986320>,60,15,[5 5],61,150,165,89,136
1,<environment.Job instance at 0x7f48a4986be0>,65,18,[6 4],66,165,183,99,154
1,<environment.Job instance at 0x7f48a4fcad70>,71,13,[5 6],72,165,178,93,154
1,<environment.Job instance at 0x7f48a4fca280>,74,19,[1 6],75,178,197,103,168
1,<environment.Job instance at 0x7f48a4d27190>,3,23,[1 5],4,168,191,164,168
1,<environment.Job instance at 0x7f48ade8d730>,78,22,[8 2],79,183,205,104,177
1,<environment.Job instance at 0x7f48a4d27230>,10,18,[ 4 11],11,198,216,187,198
1,<environment.Job instance at 0x7f48a5234cd0>,1,17,[2 7],2,2,19,0,2
1,<environment.Job instance at 0x7f48a534daf0>,2,23,[8 3],3,3,26,0,3
1,<environment.Job instance at 0x7f48a4933b40>,3,13,[13  3],4,26,39,22,11
1,<environment.Job instance at 0x7f48a534d7d0>,0,23,[2 9],1,19,42,18,18
1,<environment.Job instance at 0x7f48a42fdeb0>,17,16,[5 2],18,39,55,21,26
1,<environment.Job instance at 0x7f48a42fdb40>,24,18,[5 8],25,42,60,17,31
1,<environment.Job instance at 0x7f48a42fd9b0>,27,20,[5 7],28,55,75,27,46
1,<environment.Job instance at 0x7f48a44592d0>,41,14,[5 7],42,60,74,18,50
1,<environment.Job instance at 0x7f48a4459230>,43,16,[6 2],44,74,90,30,61
1,<environment.Job instance at 0x7f48adef0820>,57,17,[8 3],58,75,92,17,63
1,<environment.Job instance at 0x7f48a43a3fa0>,71,15,[6 3],72,90,105,18,76
1,<environment.Job instance at 0x7f48a43a3d70>,72,16,[9 3],73,92,108,19,79
1,<environment.Job instance at 0x7f48a42fd870>,14,22,[5 4],15,336,358,321,336
1,<environment.Job instance at 0x7f48a4a299b0>,1,15,[5 4],2,2,17,0,2
1,<environment.Job instance at 0x7f48a4b6a3c0>,6,14,[7 3],7,7,21,0,7
1,<environment.Job instance at 0x7f48a4e03820>,15,12,[5 5],16,17,29,1,16
1,<environment.Job instance at 0x7f48a4e03640>,17,19,[1 8],18,21,40,3,18
1,<environment.Job instance at 0x7f48a4c98140>,19,17,[8 3],20,29,46,9,20
1,<environment.Job instance at 0x7f48a57caeb0>,21,14,[8 3],22,46,60,24,31
1,<environment.Job instance at 0x7f48adf7ec30>,18,20,[7 4],19,40,60,21,31
1,<environment.Job instance at 0x7f48adf7e410>,22,13,[10  5],23,60,73,37,44
1,<environment.Job instance at 0x7f48ade8de10>,33,21,[11  2],34,73,94,39,65
1,<environment.Job instance at 0x7f48a4323230>,32,19,[3 6],33,68,87,35,68
1,<environment.Job instance at 0x7f48a56a7a00>,40,18,[7 4],41,94,112,53,83
1,<environment.Job instance at 0x7f48a497b460>,46,20,[2 9],47,87,107,40,86
1,<environment.Job instance at 0x7f48a5157960>,54,20,[5 3],55,107,127,52,98
1,<environment.Job instance at 0x7f48a5157cd0>,60,16,[6 3],61,112,128,51,99
1,<environment.Job instance at 0x7f48a4e835a0>,70,14,[5 1],71,127,141,56,112
1,<environment.Job instance at 0x7f48a4695050>,71,20,[3 8],72,112,132,40,112
1,<environment.Job instance at 0x7f48a4323af0>,31,14,[13  2],32,141,155,109,126
1,<environment.Job instance at 0x7f48a54053c0>,77,12,[14  2],78,155,167,77,138
1,<environment.Job instance at 0x7f48a5405fa0>,76,22,[9 5],77,167,189,90,160
1,<environment.Job instance at 0x7f48a54057d0>,78,23,[5 5],79,167,190,88,161
1,<environment.Job instance at 0x7f48a4b6a0f0>,0,23,[8 4],1,189,212,188,188
1,<environment.Job instance at 0x7f48a4cc3050>,34,18,[ 2 11],35,256,274,221,256
1,<environment.Job instance at 0x7f48a4787690>,0,14,[ 4 12],1,1,15,0,1
1,<environment.Job instance at 0x7f48a42cb230>,2,22,[5 2],3,3,25,0,3
1,<environment.Job instance at 0x7f48c9cecc30>,1,16,[3 9],2,15,31,13,3
1,<environment.Job instance at 0x7f48a525d280>,9,28,[8 2],10,25,53,15,24
1,<environment.Job instance at 0x7f48a525dd20>,10,23,[4 9],11,31,54,20,26
1,<environment.Job instance at 0x7f48a525dbe0>,7,16,[8 3],8,53,69,45,41
1,<environment.Job instance at 0x7f48a525df00>,6,16,[1 8],7,54,70,47,41
1,<environment.Job instance at 0x7f48a525d410>,16,12,[2 5],17,69,81,52,52
1,<environment.Job instance at 0x7f48a525d4b0>,11,24,[5 2],12,54,78,42,54
1,<environment.Job instance at 0x7f48a4932d70>,18,12,[9 1],19,78,90,59,62
1,<environment.Job instance at 0x7f48a525d3c0>,8,16,[11  2],9,90,106,81,77
1,<environment.Job instance at 0x7f48a49320a0>,20,13,[ 1 12],21,81,94,60,77
1,<environment.Job instance at 0x7f48a4932960>,21,16,[ 2 12],22,94,110,72,81
1,<environment.Job instance at 0x7f48a544c820>,3,13,[13  2],4,106,119,102,91
1,<environment.Job instance at 0x7f48c9af7eb0>,15,19,[11  3],16,119,138,103,110
1,<environment.Job instance at 0x7f48a475aeb0>,24,14,[4 8],25,119,133,94,110
1,<environment.Job instance at 0x7f48a4c70dc0>,31,14,[10  4],32,138,152,106,123
1,<environment.Job instance at 0x7f48a4e8dfa0>,33,20,[8 4],34,152,172,118,143
1,<environment.Job instance at 0x7f48a47c6550>,38,19,[6 5],39,152,171,113,143
1,<environment.Job instance at 0x7f48a4e6fb90>,41,15,[2 7],42,171,186,129,157
1,<environment.Job instance at 0x7f48a4e6fdc0>,42,17,[3 5],43,172,189,129,160
1,<environment.Job instance at 0x7f48a4c791e0>,55,14,[10  1],56,172,186,116,161
1,<environment.Job instance at 0x7f48a4e8ea00>,60,16,[5 4],61,186,202,125,173
1,<environment.Job instance at 0x7f48a4e8ea50>,61,18,[7 2],62,186,204,124,175
1,<environment.Job instance at 0x7f48a4e8e4b0>,62,12,[5 2],63,202,214,139,185
1,<environment.Job instance at 0x7f48a4e8e5a0>,64,12,[7 2],65,204,216,139,187
1,<environment.Job instance at 0x7f48a46e50a0>,67,12,[7 2],68,214,226,146,197
1,<environment.Job instance at 0x7f48a46de190>,72,19,[2 5],73,216,235,143,206
1,<environment.Job instance at 0x7f48a46de8c0>,76,13,[8 4],77,226,239,149,210
1,<environment.Job instance at 0x7f48a47d35a0>,77,17,[6 2],78,235,252,157,223
1,<environment.Job instance at 0x7f48a4517190>,78,16,[6 5],79,239,255,160,226
1,<environment.Job instance at 0x7f48a4932500>,23,21,[ 3 13],24,255,276,231,247
1,<environment.Job instance at 0x7f48a4932aa0>,22,27,[ 3 11],23,364,391,341,364
1,<environment.Job instance at 0x7f48a4ce8820>,0,19,[4 5],1,1,20,0,1
1,<environment.Job instance at 0x7f48a4cbaa50>,2,16,[6 3],3,3,19,0,3
1,<environment.Job instance at 0x7f48a4c2a550>,4,21,[5 4],5,5,26,0,5
1,<environment.Job instance at 0x7f48a4c2ab90>,5,16,[6 4],6,19,35,13,6
1,<environment.Job instance at 0x7f48a4c2a460>,9,12,[5 4],10,26,38,16,11
1,<environment.Job instance at 0x7f48a4c2ab40>,11,13,[9 3],12,35,48,23,20
1,<environment.Job instance at 0x7f48a4c2afa0>,12,14,[8 4],13,48,62,35,33
1,<environment.Job instance at 0x7f48a5796280>,16,16,[7 5],17,48,64,31,41
1,<environment.Job instance at 0x7f48a5796910>,18,13,[7 1],19,62,75,43,46
1,<environment.Job instance at 0x7f48a4c2a640>,10,25,[ 4 10],11,64,89,53,61
1,<environment.Job instance at 0x7f48a57964b0>,20,15,[9 1],21,75,90,54,63
1,<environment.Job instance at 0x7f48a4c2ad70>,1,14,[14  3],2,90,104,88,77
1,<environment.Job instance at 0x7f48a5796d70>,22,18,[8 1],23,104,122,81,93
1,<environment.Job instance at 0x7f48a5796820>,26,20,[10  4],27,122,142,95,113
1,<environment.Job instance at 0x7f48a57962d0>,29,21,[7 5],30,142,163,112,134
1,<environment.Job instance at 0x7f48a5796870>,31,13,[5 2],32,134,147,102,134
1,<environment.Job instance at 0x7f48a4c2a960>,6,22,[7 2],7,147,169,140,140
1,<environment.Job instance at 0x7f48a57966e0>,34,18,[6 3],35,163,181,128,155
1,<environment.Job instance at 0x7f48a46298c0>,33,27,[1 7],34,157,184,123,157
1,<environment.Job instance at 0x7f48a5796af0>,21,19,[14  4],22,181,200,159,171
1,<environment.Job instance at 0x7f48a4629230>,38,13,[2 7],39,200,213,161,184
1,<environment.Job instance at 0x7f48a46290a0>,36,22,[10  3],37,200,222,163,196
1,<environment.Job instance at 0x7f48a46297d0>,39,15,[ 4 13],40,222,237,182,211
1,<environment.Job instance at 0x7f48a4629c30>,41,25,[9 1],42,222,247,180,218
1,<environment.Job instance at 0x7f48a4629820>,42,17,[ 5 14],43,237,254,194,225
1,<environment.Job instance at 0x7f48a46290f0>,43,14,[13  1],44,254,268,210,239
1,<environment.Job instance at 0x7f48a5702140>,44,14,[1 6],45,254,268,209,239
1,<environment.Job instance at 0x7f48a5702550>,45,15,[ 5 14],46,268,283,222,255
1,<environment.Job instance at 0x7f48a46296e0>,40,18,[10  1],41,268,286,227,259
1,<environment.Job instance at 0x7f48a5702e60>,49,14,[6 1],50,286,300,236,271
1,<environment.Job instance at 0x7f48a401f5f0>,51,19,[7 3],52,286,305,234,278
1,<environment.Job instance at 0x7f48a401fc80>,52,12,[10  4],53,305,317,252,288
1,<environment.Job instance at 0x7f48a401fe60>,54,16,[2 5],55,288,304,233,288
1,<environment.Job instance at 0x7f48a47e50a0>,58,15,[2 5],59,300,315,241,288
1,<environment.Job instance at 0x7f48a4c4f230>,59,14,[3 7],60,315,329,255,300
1,<environment.Job instance at 0x7f48a4c4f7d0>,64,17,[2 9],65,329,346,264,317
1,<environment.Job instance at 0x7f48ae4973c0>,67,17,[8 4],68,317,334,249,317
1,<environment.Job instance at 0x7f48a4352af0>,69,14,[5 1],70,329,343,259,317
1,<environment.Job instance at 0x7f48a593ac30>,70,14,[2 8],71,346,360,275,331
1,<environment.Job instance at 0x7f48a495d460>,73,14,[5 2],74,334,348,260,331
1,<environment.Job instance at 0x7f48a5715af0>,76,15,[8 1],77,343,358,266,331
1,<environment.Job instance at 0x7f48a51a39b0>,77,13,[5 1],78,348,361,270,332
1,<environment.Job instance at 0x7f48a467faf0>,78,18,[ 2 10],79,360,378,281,349
1,<environment.Job instance at 0x7f48a4c2a500>,8,23,[8 3],9,358,381,349,354
1,<environment.Job instance at 0x7f48a4629af0>,37,19,[ 4 10],38,378,397,340,368
1,<environment.Job instance at 0x7f48a5796780>,23,24,[9 1],24,381,405,357,378
1,<environment.Job instance at 0x7f48a4c70870>,0,17,[ 5 13],1,1,18,0,1
1,<environment.Job instance at 0x7f48a4c70320>,3,12,[11  1],4,18,30,14,5
1,<environment.Job instance at 0x7f48a4c70eb0>,4,15,[5 5],5,30,45,25,16
1,<environment.Job instance at 0x7f48a3f10c30>,13,18,[6 4],14,30,48,16,19
1,<environment.Job instance at 0x7f48a3f106e0>,14,18,[9 1],15,45,63,30,34
1,<environment.Job instance at 0x7f48a5024550>,16,14,[5 7],17,48,62,31,37
1,<environment.Job instance at 0x7f48a50247d0>,17,12,[3 8],18,62,74,44,45
1,<environment.Job instance at 0x7f48a4787550>,28,13,[2 9],29,74,87,45,58
1,<environment.Job instance at 0x7f48a4749500>,31,12,[6 3],32,63,75,31,58
1,<environment.Job instance at 0x7f48a45473c0>,33,21,[1 5],34,75,96,41,67
1,<environment.Job instance at 0x7f48a4ce3fa0>,34,17,[5 1],35,67,84,32,67
1,<environment.Job instance at 0x7f48a4c75c30>,39,17,[7 5],40,87,104,47,75
1,<environment.Job instance at 0x7f48a46b55a0>,44,12,[3 7],45,96,108,51,79
1,<environment.Job instance at 0x7f48a4bf9280>,9,24,[5 1],10,84,108,74,79
1,<environment.Job instance at 0x7f48a4de77d0>,48,14,[5 7],49,104,118,55,89
1,<environment.Job instance at 0x7f48a4de7870>,52,13,[9 3],53,108,121,55,92
1,<environment.Job instance at 0x7f48a42cb0a0>,54,13,[5 5],55,118,131,63,102
1,<environment.Job instance at 0x7f48a42cbd20>,57,20,[4 9],58,121,141,63,113
1,<environment.Job instance at 0x7f48a4b52aa0>,64,19,[7 5],65,131,150,66,121
1,<environment.Job instance at 0x7f48a4f16820>,67,21,[4 5],68,141,162,73,133
1,<environment.Job instance at 0x7f48a5520640>,68,16,[10  1],69,150,166,81,137
1,<environment.Job instance at 0x7f48a4799370>,69,18,[8 2],70,166,184,96,155
1,<environment.Job instance at 0x7f48a48d9460>,72,21,[8 4],73,184,205,111,176
1,<environment.Job instance at 0x7f48a51abf50>,76,22,[7 2],77,177,199,100,177
1,<environment.Job instance at 0x7f48a51a36e0>,78,15,[7 4],79,199,214,120,185
1,<environment.Job instance at 0x7f48a4c70dc0>,8,28,[1 7],9,205,233,196,204
1,<environment.Job instance at 0x7f48a4bf9190>,7,22,[10  1],8,214,236,206,214
1,<environment.Job instance at 0x7f48a4c70e60>,1,27,[11  5],2,311,338,309,311
1,<environment.Job instance at 0x7f48a496b0a0>,0,19,[5 2],1,1,20,0,1
1,<environment.Job instance at 0x7f48a4c70e60>,2,17,[6 5],3,3,20,0,3
1,<environment.Job instance at 0x7f48a49d3c80>,6,16,[ 4 13],7,20,36,13,10
1,<environment.Job instance at 0x7f48a49d3eb0>,7,17,[11  3],8,36,53,28,26
1,<environment.Job instance at 0x7f48a49d3f50>,8,23,[11  2],9,53,76,44,47
1,<environment.Job instance at 0x7f48a49d3e60>,9,18,[2 5],10,47,65,37,47
1,<environment.Job instance at 0x7f48a49ff230>,10,20,[13  2],11,76,96,65,67
1,<environment.Job instance at 0x7f48a49d3d70>,11,21,[2 6],12,67,88,55,67
1,<environment.Job instance at 0x7f48a49d3d20>,5,18,[11  2],6,96,114,90,89
1,<environment.Job instance at 0x7f48a49ff280>,12,23,[ 3 13],13,96,119,83,90
1,<environment.Job instance at 0x7f48a49ff190>,14,18,[14  4],15,119,137,104,110
1,<environment.Job instance at 0x7f48a4a69730>,4,22,[8 3],5,137,159,132,130
1,<environment.Job instance at 0x7f48a49ff500>,16,15,[4 7],17,137,152,120,130
1,<environment.Job instance at 0x7f48a49ff780>,20,18,[5 5],21,152,170,131,141
1,<environment.Job instance at 0x7f48a49ff5f0>,27,15,[8 2],28,159,174,131,145
1,<environment.Job instance at 0x7f48a49fff00>,31,16,[8 3],32,174,190,142,161
1,<environment.Job instance at 0x7f48a49fffa0>,32,16,[4 6],33,170,186,137,161
1,<environment.Job instance at 0x7f48a49d03c0>,38,17,[3 8],39,186,203,147,174
1,<environment.Job instance at 0x7f48a49d0500>,40,16,[3 7],41,190,206,149,177
1,<environment.Job instance at 0x7f48a49d0140>,41,18,[5 5],42,203,221,161,192
1,<environment.Job instance at 0x7f48a49d05f0>,42,14,[5 7],43,206,220,163,192
1,<environment.Job instance at 0x7f48a49d0780>,44,16,[4 7],45,220,236,175,207
1,<environment.Job instance at 0x7f48a49d08c0>,46,14,[1 6],47,221,235,174,207
1,<environment.Job instance at 0x7f48a49d0c80>,53,18,[6 5],54,235,253,181,224
1,<environment.Job instance at 0x7f48a49d0f50>,57,15,[10  5],58,253,268,195,239
1,<environment.Job instance at 0x7f48a49f9730>,62,16,[1 8],63,239,255,176,239
1,<environment.Job instance at 0x7f48a49f9140>,63,12,[3 7],64,255,267,191,239
1,<environment.Job instance at 0x7f48a49f9230>,69,12,[8 2],70,239,251,169,239
1,<environment.Job instance at 0x7f48a49f9370>,71,22,[6 4],72,268,290,196,261
1,<environment.Job instance at 0x7f48a49f96e0>,73,15,[2 7],74,267,282,193,261
1,<environment.Job instance at 0x7f48a49ff320>,13,26,[3 8],14,293,319,279,293
1,<environment.Job instance at 0x7f48a49d3c30>,3,16,[11  3],4,327,343,323,327
1,<environment.Job instance at 0x7f48a496b1e0>,1,21,[12  1],2,343,364,341,335
1,<environment.Job instance at 0x7f48a49ff410>,15,15,[9 4],16,1896,1911,1880,1896
1,<environment.Job instance at 0x7f48a49d9f00>,0,28,[5 5],1,1,29,0,1
1,<environment.Job instance at 0x7f48a49d9fa0>,6,18,[13  2],7,29,47,22,18
1,<environment.Job instance at 0x7f48a49d9f50>,13,18,[4 5],14,47,65,33,36
1,<environment.Job instance at 0x7f48a58e5d20>,19,17,[10  4],20,47,64,27,36
1,<environment.Job instance at 0x7f48a58cbb40>,28,21,[9 5],29,64,85,35,56
1,<environment.Job instance at 0x7f48a49d9a00>,8,19,[11  4],9,85,104,76,76
1,<environment.Job instance at 0x7f48a50bd320>,38,15,[6 4],39,104,119,65,90
1,<environment.Job instance at 0x7f48a50bd2d0>,39,17,[3 8],40,102,119,62,102
1,<environment.Job instance at 0x7f48a50bd190>,41,19,[5 4],42,119,138,77,109
1,<environment.Job instance at 0x7f48a50bddc0>,45,17,[9 5],46,119,136,73,109
1,<environment.Job instance at 0x7f48a500d780>,51,15,[5 5],52,136,151,84,122
1,<environment.Job instance at 0x7f48a58cb6e0>,34,17,[10  3],35,138,155,103,126
1,<environment.Job instance at 0x7f48a500df00>,53,18,[5 9],54,151,169,97,140
1,<environment.Job instance at 0x7f48a500db90>,63,16,[7 4],64,155,171,91,142
1,<environment.Job instance at 0x7f48a49ff460>,1,21,[ 4 13],2,955,976,953,955
1,<environment.Job instance at 0x7f48a500df50>,54,28,[5 5],55,2444,2472,2389,2444
1,<environment.Job instance at 0x7f48a4c83c30>,0,23,[5 5],1,1,24,0,1
1,<environment.Job instance at 0x7f48a4c83cd0>,3,13,[7 3],4,4,17,0,4
1,<environment.Job instance at 0x7f48a4c83960>,8,16,[4 8],9,17,33,8,9
1,<environment.Job instance at 0x7f48a456db40>,12,28,[5 4],13,24,52,11,23
1,<environment.Job instance at 0x7f48a456d6e0>,13,27,[ 3 12],14,52,79,38,50
1,<environment.Job instance at 0x7f48a456dfa0>,14,18,[7 4],15,79,97,64,68
1,<environment.Job instance at 0x7f48a456da00>,15,25,[ 5 12],16,97,122,81,93
1,<environment.Job instance at 0x7f48a456dd70>,16,24,[7 4],17,122,146,105,117
1,<environment.Job instance at 0x7f48a456d4b0>,17,21,[10  1],18,146,167,128,138
1,<environment.Job instance at 0x7f48a456d910>,18,15,[1 5],19,138,153,119,138
1,<environment.Job instance at 0x7f48a456daf0>,19,27,[4 5],20,138,165,118,138
1,<environment.Job instance at 0x7f48a456d9b0>,20,16,[11  1],21,167,183,146,154
1,<environment.Job instance at 0x7f48a456d730>,21,16,[ 1 12],22,165,181,143,154
1,<environment.Job instance at 0x7f48a4c83b40>,10,18,[10  3],11,183,201,172,177
1,<environment.Job instance at 0x7f48a4c835f0>,11,24,[ 3 14],12,201,225,189,196
1,<environment.Job instance at 0x7f48a456d2d0>,24,21,[6 3],25,225,246,200,217
1,<environment.Job instance at 0x7f48a456d280>,26,17,[10  5],27,246,263,219,234
1,<environment.Job instance at 0x7f48a456daa0>,28,21,[1 5],29,234,255,205,234
1,<environment.Job instance at 0x7f48a456d8c0>,29,17,[1 7],30,255,272,225,243
1,<environment.Job instance at 0x7f48a4eaa320>,35,18,[9 3],36,263,281,227,252
1,<environment.Job instance at 0x7f48a4eaa190>,36,17,[1 6],37,272,289,235,260
1,<environment.Job instance at 0x7f48a4eaa140>,38,17,[3 5],39,263,280,224,260
1,<environment.Job instance at 0x7f48a46703c0>,49,14,[4 9],50,281,295,231,266
1,<environment.Job instance at 0x7f48a4670960>,50,17,[10  3],51,289,306,238,277
1,<environment.Job instance at 0x7f48a456d500>,25,18,[ 1 12],26,295,313,269,285
1,<environment.Job instance at 0x7f48a46705a0>,53,24,[9 1],54,306,330,252,302
1,<environment.Job instance at 0x7f48a46700f0>,54,14,[ 2 13],55,313,327,258,302
1,<environment.Job instance at 0x7f48a4670320>,52,18,[9 2],53,330,348,277,319
1,<environment.Job instance at 0x7f48a46701e0>,55,16,[4 8],56,327,343,271,319
1,<environment.Job instance at 0x7f48a4670e10>,59,18,[ 2 13],60,343,361,283,332
1,<environment.Job instance at 0x7f48a46708c0>,65,17,[4 6],66,361,378,295,349
1,<environment.Job instance at 0x7f48a4670640>,60,16,[11  4],61,361,377,300,349
1,<environment.Job instance at 0x7f48a4de7550>,68,15,[ 3 10],69,378,393,309,364
1,<environment.Job instance at 0x7f48a4670780>,69,28,[14  3],70,393,421,323,392
1,<environment.Job instance at 0x7f48a4de7820>,70,20,[1 9],71,393,413,322,392
1,<environment.Job instance at 0x7f48a4de7dc0>,71,23,[ 4 10],72,421,444,349,415
1,<environment.Job instance at 0x7f48a4de7d20>,72,28,[10  2],73,421,449,348,420
1,<environment.Job instance at 0x7f48a4de7410>,73,14,[5 5],74,444,458,370,429
1,<environment.Job instance at 0x7f48a46705f0>,67,21,[3 7],68,449,470,381,441
1,<environment.Job instance at 0x7f48a4e58280>,77,12,[1 8],78,458,470,380,441
1,<environment.Job instance at 0x7f48a4e584b0>,78,19,[5 8],79,470,489,391,464
1,<environment.Job instance at 0x7f48a4de7050>,74,24,[ 4 12],75,489,513,414,484
1,<environment.Job instance at 0x7f48a4c832d0>,9,18,[11  1],10,489,507,479,484
1,<environment.Job instance at 0x7f48a4c835a0>,2,22,[2 8],3,3,25,0,3
1,<environment.Job instance at 0x7f48a54b4e60>,4,25,[3 5],5,5,30,0,5
1,<environment.Job instance at 0x7f48a54b4500>,6,15,[11  2],7,25,40,18,11
1,<environment.Job instance at 0x7f48a54b4370>,10,28,[2 5],11,30,58,19,29
1,<environment.Job instance at 0x7f48a54b3c80>,15,13,[14  4],16,58,71,42,43
1,<environment.Job instance at 0x7f48a54b3b40>,21,15,[12  3],22,43,58,21,43
1,<environment.Job instance at 0x7f48a54b3910>,22,19,[5 5],23,71,90,48,61
1,<environment.Job instance at 0x7f48a54b4d20>,8,27,[ 4 14],9,90,117,81,88
1,<environment.Job instance at 0x7f48a4074050>,33,14,[7 3],34,117,131,83,102
1,<environment.Job instance at 0x7f48a407aaa0>,38,19,[8 4],39,117,136,78,107
1,<environment.Job instance at 0x7f48a41c9050>,24,12,[1 9],25,131,143,106,115
1,<environment.Job instance at 0x7f48a4062f50>,52,17,[5 5],53,136,153,83,129
1,<environment.Job instance at 0x7f48a4062be0>,53,15,[5 5],54,143,158,89,132
1,<environment.Job instance at 0x7f48a40750f0>,55,20,[6 5],56,153,173,97,148
1,<environment.Job instance at 0x7f48a404d780>,61,14,[5 5],62,158,172,96,153
1,<environment.Job instance at 0x7f48a54eb280>,41,26,[13  2],42,173,199,131,170
1,<environment.Job instance at 0x7f48a54c92d0>,78,18,[7 2],79,199,217,120,188
1,<environment.Job instance at 0x7f48a40a73c0>,0,27,[ 2 12],1,188,215,187,188
1,<environment.Job instance at 0x7f48a54b3780>,23,22,[14  3],24,217,239,193,210
1,<environment.Job instance at 0x7f48a54c9230>,77,20,[4 9],78,246,266,168,246
1,<environment.Job instance at 0x7f48a439c5a0>,1,18,[11  1],2,2,20,0,2
1,<environment.Job instance at 0x7f48a5259e10>,7,15,[4 9],8,8,23,0,8
1,<environment.Job instance at 0x7f48a54c9230>,5,18,[6 1],6,20,38,14,9
1,<environment.Job instance at 0x7f48a5259230>,10,12,[5 9],11,23,35,12,11
1,<environment.Job instance at 0x7f48a5259050>,12,17,[6 3],13,35,52,22,23
1,<environment.Job instance at 0x7f48a5259f50>,13,12,[4 8],14,38,50,24,23
1,<environment.Job instance at 0x7f48a5259a50>,8,22,[ 4 13],9,52,74,43,45
1,<environment.Job instance at 0x7f48a52268c0>,18,28,[5 1],19,45,73,26,45
1,<environment.Job instance at 0x7f48a5226640>,19,28,[1 9],20,74,102,54,73
1,<environment.Job instance at 0x7f48a5226280>,20,12,[5 7],21,102,114,81,85
1,<environment.Job instance at 0x7f48a5226050>,21,18,[6 5],22,85,103,63,85
1,<environment.Job instance at 0x7f48a52261e0>,22,17,[8 5],23,103,120,80,91
1,<environment.Job instance at 0x7f48a5226c30>,23,13,[10  5],24,120,133,96,104
1,<environment.Job instance at 0x7f48a5226820>,24,15,[ 5 12],25,133,148,108,119
1,<environment.Job instance at 0x7f48a5226fa0>,25,16,[5 8],26,148,164,122,135
1,<environment.Job instance at 0x7f48a5226c80>,26,23,[12  4],27,164,187,137,158
1,<environment.Job instance at 0x7f48a5226b90>,27,12,[3 5],28,158,170,130,158
1,<environment.Job instance at 0x7f48a5226960>,28,22,[ 3 14],29,187,209,158,180
1,<environment.Job instance at 0x7f48a52269b0>,29,14,[6 2],30,209,223,179,194
1,<environment.Job instance at 0x7f48a5226b40>,30,28,[5 5],31,209,237,178,208
1,<environment.Job instance at 0x7f48a5226eb0>,31,24,[10  1],32,223,247,191,218
1,<environment.Job instance at 0x7f48a5226be0>,32,26,[ 5 14],33,237,263,204,234
1,<environment.Job instance at 0x7f48a5226aa0>,33,12,[5 5],34,263,275,229,246
1,<environment.Job instance at 0x7f48a5226a00>,34,16,[4 6],35,263,279,228,250
1,<environment.Job instance at 0x7f48a5226550>,35,16,[ 3 14],36,279,295,243,266
1,<environment.Job instance at 0x7f48a52595a0>,4,17,[5 9],5,295,312,290,283
1,<environment.Job instance at 0x7f48a5226370>,37,14,[5 4],38,295,309,257,283
1,<environment.Job instance at 0x7f48a5226d70>,38,15,[13  3],39,312,327,273,300
1,<environment.Job instance at 0x7f48a5226780>,39,12,[3 8],40,327,339,287,310
1,<environment.Job instance at 0x7f48a5259460>,17,22,[9 4],18,327,349,309,320
1,<environment.Job instance at 0x7f48a5254960>,44,12,[ 4 10],45,339,351,294,322
1,<environment.Job instance at 0x7f48a5254cd0>,48,20,[1 6],49,351,371,302,342
1,<environment.Job instance at 0x7f48a5248910>,54,15,[10  3],55,349,364,294,342
1,<environment.Job instance at 0x7f48a5248e60>,55,18,[1 9],56,364,382,308,353
1,<environment.Job instance at 0x7f48a5248be0>,61,14,[9 3],62,371,385,309,358
1,<environment.Job instance at 0x7f48a5248640>,64,14,[9 3],65,385,399,320,370
1,<environment.Job instance at 0x7f48a5285e10>,74,12,[ 4 10],75,382,394,307,371
1,<environment.Job instance at 0x7f48a5285cd0>,75,13,[3 5],76,394,407,318,378
1,<environment.Job instance at 0x7f48a52857d0>,76,18,[2 9],77,399,417,322,388
1,<environment.Job instance at 0x7f48a52852d0>,77,20,[1 5],78,407,427,329,399
1,<environment.Job instance at 0x7f48a5285500>,78,16,[10  2],79,417,433,338,404
1,<environment.Job instance at 0x7f48a52592d0>,0,21,[8 3],1,433,454,432,426
1,<environment.Job instance at 0x7f48a5259280>,2,21,[5 4],3,3,24,0,3
1,<environment.Job instance at 0x7f48a40aa820>,0,26,[6 1],1,3,29,2,3
1,<environment.Job instance at 0x7f48a45c9500>,8,17,[4 8],9,11,28,2,11
1,<environment.Job instance at 0x7f48a45c9eb0>,23,15,[3 7],24,28,43,4,24
1,<environment.Job instance at 0x7f48a45c9f50>,24,15,[10  3],25,29,44,4,25
1,<environment.Job instance at 0x7f48a45eb2d0>,28,19,[9 2],29,44,63,15,34
1,<environment.Job instance at 0x7f48a45eb500>,30,20,[2 5],31,34,54,3,34
1,<environment.Job instance at 0x7f48a45eb640>,32,17,[10  3],33,63,80,30,51
1,<environment.Job instance at 0x7f48a4431640>,57,12,[7 5],58,80,92,22,63
1,<environment.Job instance at 0x7f48a4431af0>,63,13,[6 3],64,80,93,16,64
1,<environment.Job instance at 0x7f48a4431e10>,68,18,[4 5],69,92,110,23,81
1,<environment.Job instance at 0x7f48a4431eb0>,70,17,[8 3],71,93,110,22,81
1,<environment.Job instance at 0x7f48a4431f00>,71,14,[9 3],72,110,124,38,95
1,<environment.Job instance at 0x7f48a52592d0>,3,23,[5 7],4,3725,3748,3721,3725
1,<environment.Job instance at 0x7f48a45c9460>,9,18,[5 5],10,3930,3948,3920,3930
1,<environment.Job instance at 0x7f48a45c94b0>,6,16,[8 1],7,3931,3947,3924,3931
1,<environment.Job instance at 0x7f2777ff6230>,0,17,[6 1],1,1,18,0,1
1,<environment.Job instance at 0x7f2777ff6320>,2,20,[7 4],3,3,23,0,3
1,<environment.Job instance at 0x7f276ea0af50>,10,15,[5 1],11,18,33,7,11
1,<environment.Job instance at 0x7f276ea0d050>,11,15,[6 1],12,23,38,11,12
1,<environment.Job instance at 0x7f276ea0d7d0>,22,13,[7 4],23,33,46,10,23
1,<environment.Job instance at 0x7f276ea0d500>,17,19,[12  4],18,46,65,28,36
1,<environment.Job instance at 0x7f276ea0db90>,26,12,[8 5],27,65,77,38,48
1,<environment.Job instance at 0x7f276ea0d8c0>,25,24,[5 7],26,65,89,39,62
1,<environment.Job instance at 0x7f276ea0df50>,32,17,[9 3],33,77,94,44,67
1,<environment.Job instance at 0x7f276ea0dfa0>,35,16,[1 9],36,89,105,53,76
1,<environment.Job instance at 0x7f276ea11140>,36,20,[7 5],37,94,114,57,86
1,<environment.Job instance at 0x7f276ea110a0>,39,18,[9 4],40,114,132,74,103
1,<environment.Job instance at 0x7f276ea11460>,41,12,[8 3],42,132,144,90,115
1,<environment.Job instance at 0x7f276ea115a0>,43,16,[1 8],44,115,131,71,115
1,<environment.Job instance at 0x7f276ea11780>,46,14,[6 5],47,131,145,84,116
1,<environment.Job instance at 0x7f276ea11aa0>,49,13,[1 5],50,132,145,82,116
1,<environment.Job instance at 0x7f276ea11b90>,51,13,[5 6],52,145,158,93,129
1,<environment.Job instance at 0x7f276ea11cd0>,53,17,[7 4],54,144,161,90,132
1,<environment.Job instance at 0x7f276ea11d70>,54,13,[7 3],55,158,171,103,142
1,<environment.Job instance at 0x7f276ea11eb0>,56,21,[8 4],57,161,182,104,153
1,<environment.Job instance at 0x7f276ea119b0>,59,19,[1 7],60,171,190,111,161
1,<environment.Job instance at 0x7f276ea130a0>,63,12,[5 3],64,171,183,107,161
1,<environment.Job instance at 0x7f276ea13410>,67,18,[9 4],68,182,200,114,171
1,<environment.Job instance at 0x7f276ea13690>,70,15,[8 4],71,200,215,129,186
1,<environment.Job instance at 0x7f276ea13870>,71,14,[4 9],72,190,204,118,186
1,<environment.Job instance at 0x7f276ea139b0>,73,18,[3 5],74,204,222,130,193
1,<environment.Job instance at 0x7f276ea13a50>,74,19,[3 8],75,215,234,140,205
1,<environment.Job instance at 0x7f276ea13af0>,75,17,[7 1],76,215,232,139,205
1,<environment.Job instance at 0x7f276ea13c30>,76,14,[10  4],77,232,246,155,217
1,<environment.Job instance at 0x7f276ea13be0>,78,16,[8 1],79,246,262,167,233
1,<environment.Job instance at 0x7f276ea13e10>,81,19,[5 5],82,234,253,152,233
1,<environment.Job instance at 0x7f276ea13dc0>,82,14,[8 5],83,262,276,179,247
1,<environment.Job instance at 0x7f276ea16050>,83,21,[4 8],84,253,274,169,247
1,<environment.Job instance at 0x7f276ea16500>,86,15,[1 7],87,274,289,187,260
1,<environment.Job instance at 0x7f276ea16140>,88,18,[7 1],89,276,294,187,268
1,<environment.Job instance at 0x7f276ea0dc30>,27,17,[ 4 12],28,289,306,261,284
1,<environment.Job instance at 0x7f2777ff61e0>,1,24,[10  1],2,294,318,292,289
1,<environment.Job instance at 0x7f276e14bf50>,0,17,[ 5 14],1,1,18,0,1
1,<environment.Job instance at 0x7f2777ff61e0>,2,15,[9 1],3,3,18,0,3
1,<environment.Job instance at 0x7f276e270a00>,6,16,[8 4],7,18,34,11,7
1,<environment.Job instance at 0x7f276e270780>,7,18,[2 6],8,18,36,10,8
1,<environment.Job instance at 0x7f276e2c37d0>,14,16,[1 9],15,34,50,19,21
1,<environment.Job instance at 0x7f276e230d20>,19,18,[1 9],20,50,68,30,39
1,<environment.Job instance at 0x7f276e230550>,23,12,[1 6],24,39,51,15,39
1,<environment.Job instance at 0x7f276e230960>,24,17,[5 1],25,51,68,26,39
1,<environment.Job instance at 0x7f276e29b730>,26,17,[5 5],27,51,68,24,39
1,<environment.Job instance at 0x7f276e29b870>,28,15,[ 4 10],29,68,83,39,54
1,<environment.Job instance at 0x7f276e379780>,13,13,[11  4],14,68,81,54,59
1,<environment.Job instance at 0x7f276e29bb90>,29,20,[4 9],30,83,103,53,74
1,<environment.Job instance at 0x7f276e29b2d0>,35,21,[10  1],36,81,102,45,74
1,<environment.Job instance at 0x7f276e26bbe0>,40,21,[5 4],41,102,123,61,94
1,<environment.Job instance at 0x7f276e291e60>,43,17,[5 1],44,102,119,58,94
1,<environment.Job instance at 0x7f276dfef7d0>,46,12,[5 4],47,103,115,56,94
1,<environment.Job instance at 0x7f276dfd1320>,48,14,[6 5],49,119,133,70,104
1,<environment.Job instance at 0x7f276dfd23c0>,49,17,[8 2],50,123,140,73,111
1,<environment.Job instance at 0x7f276dfd2140>,51,13,[1 8],52,123,136,71,111
1,<environment.Job instance at 0x7f276dfbb1e0>,57,21,[9 2],58,140,161,82,132
1,<environment.Job instance at 0x7f276dfbb4b0>,58,13,[10  5],59,161,174,102,145
1,<environment.Job instance at 0x7f276dfc4b90>,62,12,[1 5],63,145,157,82,145
1,<environment.Job instance at 0x7f276e14bb40>,65,17,[5 8],66,146,163,80,146
1,<environment.Job instance at 0x7f276e0568c0>,66,15,[ 2 10],67,163,178,96,149
1,<environment.Job instance at 0x7f276e14c3c0>,72,19,[2 5],73,174,193,101,164
1,<environment.Job instance at 0x7f276e0398c0>,74,22,[3 8],75,178,200,103,171
1,<environment.Job instance at 0x7f276dff2d70>,75,16,[11  3],76,193,209,117,180
1,<environment.Job instance at 0x7f276e013dc0>,78,14,[6 3],79,209,223,130,194
1,<environment.Job instance at 0x7f276e14e910>,81,14,[ 5 10],82,209,223,127,194
1,<environment.Job instance at 0x7f276e14e5f0>,82,17,[4 7],83,223,240,140,211
1,<environment.Job instance at 0x7f276e14ed70>,83,13,[5 7],84,223,236,139,211
1,<environment.Job instance at 0x7f276e12d370>,86,19,[3 8],87,236,255,149,226
1,<environment.Job instance at 0x7f276e230d70>,15,19,[ 1 10],16,255,274,239,248
1,<environment.Job instance at 0x7f276e29b690>,32,18,[7 4],33,371,389,338,371
1,<environment.Job instance at 0x7f276e28a7d0>,1,22,[11  2],2,389,411,387,382
1,<environment.Job instance at 0x7f27781dd5a0>,0,26,[3 9],1,2,28,1,2
1,<environment.Job instance at 0x7f276e1f9cd0>,1,19,[11  4],2,2,21,0,2
1,<environment.Job instance at 0x7f276e02d730>,6,17,[9 2],7,21,38,14,9
1,<environment.Job instance at 0x7f276e02d0a0>,8,13,[ 3 11],9,28,41,19,16
1,<environment.Job instance at 0x7f276e02daf0>,12,20,[7 5],13,41,61,28,32
1,<environment.Job instance at 0x7f276e02d1e0>,7,16,[1 7],8,41,57,33,33
1,<environment.Job instance at 0x7f276e02d8c0>,16,18,[7 1],17,38,56,21,34
1,<environment.Job instance at 0x7f276e02daa0>,15,21,[5 9],16,57,78,41,49
1,<environment.Job instance at 0x7f276e02db90>,18,14,[7 1],19,61,75,42,49
1,<environment.Job instance at 0x7f276e0038c0>,23,15,[6 1],24,75,90,51,61
1,<environment.Job instance at 0x7f276e003c80>,24,18,[5 4],25,78,96,53,67
1,<environment.Job instance at 0x7f276e0050f0>,34,13,[2 5],35,67,80,32,67
1,<environment.Job instance at 0x7f276e0067d0>,46,15,[8 5],47,90,105,43,76
1,<environment.Job instance at 0x7f276e006fa0>,49,12,[4 8],50,96,108,46,79
1,<environment.Job instance at 0x7f276e0066e0>,50,19,[4 7],51,105,124,54,95
1,<environment.Job instance at 0x7f276e02d640>,17,19,[3 8],18,108,127,90,99
1,<environment.Job instance at 0x7f276e006b90>,56,13,[4 8],57,127,140,70,111
1,<environment.Job instance at 0x7f276e006af0>,57,16,[8 4],58,124,140,66,111
1,<environment.Job instance at 0x7f276e006aa0>,60,13,[2 7],61,140,153,79,124
1,<environment.Job instance at 0x7f276e08aaa0>,65,13,[9 2],66,140,153,74,124
1,<environment.Job instance at 0x7f276e08a280>,66,13,[4 5],67,140,153,73,124
1,<environment.Job instance at 0x7f276e08ab40>,72,13,[3 5],73,153,166,80,137
1,<environment.Job instance at 0x7f276e08a0a0>,73,16,[5 8],74,153,169,79,140
1,<environment.Job instance at 0x7f276e08a690>,76,14,[3 5],77,166,180,89,151
1,<environment.Job instance at 0x7f276e03aaa0>,83,17,[10  2],84,169,186,85,157
1,<environment.Job instance at 0x7f276e03a640>,87,17,[10  4],88,186,203,98,174
1,<environment.Job instance at 0x7f276e03abe0>,88,13,[6 4],89,203,216,114,187
1,<environment.Job instance at 0x7f276e28a7d0>,2,24,[4 9],3,189,213,186,189
1,<environment.Job instance at 0x7f276e02d9b0>,4,23,[6 4],5,226,249,221,226
1,<environment.Job instance at 0x7f276e006cd0>,54,22,[ 4 10],55,306,328,251,306
1,<environment.Job instance at 0x7f276ef95370>,1,16,[6 3],2,2,18,0,2
1,<environment.Job instance at 0x7f276ee4a5f0>,5,13,[8 3],6,6,19,0,6
1,<environment.Job instance at 0x7f276ee4a8c0>,9,15,[3 6],10,18,33,8,10
1,<environment.Job instance at 0x7f276ee4aeb0>,7,20,[5 8],8,19,39,11,11
1,<environment.Job instance at 0x7f276ee4a0f0>,12,15,[5 8],13,39,54,26,25
1,<environment.Job instance at 0x7f276ee4a140>,8,17,[8 4],9,33,50,24,26
1,<environment.Job instance at 0x7f276ee4a780>,16,17,[ 5 10],17,54,71,37,42
1,<environment.Job instance at 0x7f276ee4ac30>,20,13,[8 4],21,50,63,29,42
1,<environment.Job instance at 0x7f276eaf6e60>,28,12,[5 8],29,71,83,42,54
1,<environment.Job instance at 0x7f276eaf6550>,29,13,[5 1],30,63,76,33,54
1,<environment.Job instance at 0x7f276eaf6aa0>,30,12,[5 5],31,71,83,40,54
1,<environment.Job instance at 0x7f276eaf6780>,33,18,[9 5],34,83,101,49,72
1,<environment.Job instance at 0x7f276eaf6d70>,34,18,[1 7],35,83,101,48,78
1,<environment.Job instance at 0x7f276eaf60a0>,40,14,[7 1],41,101,115,60,86
1,<environment.Job instance at 0x7f276eaf61e0>,44,12,[4 7],45,101,113,56,86
1,<environment.Job instance at 0x7f276e4aa2d0>,50,14,[3 7],51,101,115,50,86
1,<environment.Job instance at 0x7f276e4aa8c0>,54,16,[ 4 10],55,115,131,60,102
1,<environment.Job instance at 0x7f276ee4a050>,14,15,[11  2],15,115,130,100,104
1,<environment.Job instance at 0x7f276ee4a1e0>,10,20,[11  2],11,130,150,119,121
1,<environment.Job instance at 0x7f276e4aa820>,57,28,[ 1 14],58,150,178,92,149
1,<environment.Job instance at 0x7f276e4aa960>,58,12,[13  4],59,178,190,119,161
1,<environment.Job instance at 0x7f276eaf2140>,59,12,[ 5 12],60,190,202,130,173
1,<environment.Job instance at 0x7f276ee4a960>,6,22,[7 5],7,202,224,195,196
1,<environment.Job instance at 0x7f276eaf2d70>,61,27,[4 6],62,202,229,140,200
1,<environment.Job instance at 0x7f276eaf2eb0>,62,13,[2 9],63,224,237,161,208
1,<environment.Job instance at 0x7f276eaf2dc0>,60,28,[7 4],61,229,257,168,228
1,<environment.Job instance at 0x7f276eaf27d0>,64,12,[2 7],65,237,249,172,228
1,<environment.Job instance at 0x7f276eaf20f0>,63,20,[4 9],64,249,269,185,249
1,<environment.Job instance at 0x7f276e4aa9b0>,56,27,[ 4 13],57,269,296,212,267
1,<environment.Job instance at 0x7f276eaf2d20>,67,28,[11  5],68,296,324,228,295
1,<environment.Job instance at 0x7f276eaf2a50>,68,25,[14  5],69,324,349,255,320
1,<environment.Job instance at 0x7f276eaf25a0>,69,26,[14  1],70,349,375,279,346
1,<environment.Job instance at 0x7f276eaf20a0>,70,17,[12  2],71,375,392,304,363
1,<environment.Job instance at 0x7f276eaf2460>,71,26,[6 2],72,392,418,320,389
1,<environment.Job instance at 0x7f276eaf2960>,72,23,[5 8],73,392,415,319,389
1,<environment.Job instance at 0x7f276eaf2500>,73,17,[5 9],74,415,432,341,403
1,<environment.Job instance at 0x7f276eaf2690>,74,17,[7 1],75,418,435,343,406
1,<environment.Job instance at 0x7f276eaf24b0>,75,21,[ 4 14],76,432,453,356,424
1,<environment.Job instance at 0x7f276eaf2f50>,76,28,[5 6],77,453,481,376,452
1,<environment.Job instance at 0x7f276e4aaf50>,55,20,[5 8],56,453,473,397,452
1,<environment.Job instance at 0x7f276e182190>,86,24,[6 3],87,473,497,386,468
1,<environment.Job instance at 0x7f276e182230>,88,14,[3 6],89,473,487,384,468
1,<environment.Job instance at 0x7f276eaf2910>,77,20,[ 2 11],78,487,507,409,478
1,<environment.Job instance at 0x7f276ef95460>,0,19,[11  3],1,497,516,496,493
1,<environment.Job instance at 0x7f276eaf2820>,66,21,[10  5],67,4462,4483,4395,4462
1,<environment.Job instance at 0x7f276ee50550>,7,23,[9 5],8,8,31,0,8
1,<environment.Job instance at 0x7f276ee509b0>,8,16,[5 2],9,9,25,0,9
1,<environment.Job instance at 0x7f276ee507d0>,10,12,[ 1 10],11,25,37,14,14
1,<environment.Job instance at 0x7f276ee6de10>,15,13,[5 5],16,31,44,15,17
1,<environment.Job instance at 0x7f276ee6dcd0>,12,24,[6 4],13,37,61,24,32
1,<environment.Job instance at 0x7f276ee6da00>,16,20,[7 1],17,44,64,27,35
1,<environment.Job instance at 0x7f276ee530a0>,21,20,[5 5],22,61,81,39,52
1,<environment.Job instance at 0x7f276e476cd0>,25,17,[7 4],26,64,81,38,52
1,<environment.Job instance at 0x7f276ee6d7d0>,17,25,[4 9],18,81,106,63,77
1,<environment.Job instance at 0x7f276ee3f280>,28,17,[ 1 11],29,106,123,77,95
1,<environment.Job instance at 0x7f276ee3f0a0>,29,13,[1 7],30,123,136,93,107
1,<environment.Job instance at 0x7f276ee3f910>,30,19,[12  4],31,111,130,80,111
1,<environment.Job instance at 0x7f276ee53e60>,27,19,[3 8],28,130,149,102,120
1,<environment.Job instance at 0x7f276e3865a0>,31,14,[ 5 12],32,149,163,117,134
1,<environment.Job instance at 0x7f276ee3ff50>,33,25,[8 3],34,136,161,102,134
1,<environment.Job instance at 0x7f276e3819b0>,34,16,[ 2 11],35,163,179,128,150
1,<environment.Job instance at 0x7f276e7ec460>,35,28,[ 3 11],36,179,207,143,178
1,<environment.Job instance at 0x7f276e7ecfa0>,36,15,[13  4],37,207,222,170,193
1,<environment.Job instance at 0x7f276e4348c0>,37,24,[2 7],38,207,231,169,202
1,<environment.Job instance at 0x7f276e38f320>,32,18,[10  5],33,222,240,189,212
1,<environment.Job instance at 0x7f276e434870>,39,16,[4 5],40,231,247,191,218
1,<environment.Job instance at 0x7f276e3851e0>,42,14,[4 5],43,240,254,197,225
1,<environment.Job instance at 0x7f276e3853c0>,43,15,[11  2],44,247,262,203,233
1,<environment.Job instance at 0x7f276e3720f0>,45,13,[5 6],46,262,275,216,246
1,<environment.Job instance at 0x7f276e818aa0>,50,20,[4 9],51,254,274,203,249
1,<environment.Job instance at 0x7f276e434690>,38,16,[14  5],39,275,291,236,262
1,<environment.Job instance at 0x7f276e8082d0>,56,13,[ 3 14],57,291,304,234,275
1,<environment.Job instance at 0x7f276e808aa0>,58,18,[5 5],59,304,322,245,293
1,<environment.Job instance at 0x7f276ee6de60>,11,25,[12  5],12,322,347,310,318
1,<environment.Job instance at 0x7f276e808e60>,66,23,[2 8],67,318,341,251,318
1,<environment.Job instance at 0x7f276e8086e0>,67,25,[11  1],68,347,372,279,343
1,<environment.Job instance at 0x7f276e7f20f0>,68,19,[13  3],69,372,391,303,362
1,<environment.Job instance at 0x7f276e7f2230>,69,13,[6 2],70,391,404,321,375
1,<environment.Job instance at 0x7f276e7f2190>,70,25,[13  4],71,404,429,333,400
1,<environment.Job instance at 0x7f276ee50640>,9,22,[2 5],10,406,428,396,406
1,<environment.Job instance at 0x7f276e7f2140>,71,12,[7 5],72,429,441,357,412
1,<environment.Job instance at 0x7f276e7f2460>,73,18,[ 2 13],74,441,459,367,430
1,<environment.Job instance at 0x7f276f51fdc0>,74,15,[2 6],75,459,474,384,445
1,<environment.Job instance at 0x7f276f51fe60>,75,17,[10  4],76,459,476,383,447
1,<environment.Job instance at 0x7f276f51ff00>,76,19,[6 5],77,476,495,399,466
1,<environment.Job instance at 0x7f276f51fcd0>,77,14,[12  2],78,495,509,417,480
1,<environment.Job instance at 0x7f276f51fd70>,78,17,[12  4],79,509,526,430,497
1,<environment.Job instance at 0x7f276ee5e230>,79,25,[6 4],80,526,551,446,522
1,<environment.Job instance at 0x7f276ee5e2d0>,80,19,[3 6],81,522,541,441,522
1,<environment.Job instance at 0x7f276ee5e370>,81,20,[ 2 10],82,541,561,459,532
1,<environment.Job instance at 0x7f276ee5e410>,82,18,[ 2 13],83,561,579,478,550
1,<environment.Job instance at 0x7f276ee5e190>,83,14,[14  2],84,579,593,495,564
1,<environment.Job instance at 0x7f276ee5e4b0>,84,27,[ 1 12],85,579,606,494,577
1,<environment.Job instance at 0x7f276ee5e5f0>,85,15,[13  4],86,606,621,520,592
1,<environment.Job instance at 0x7f276e7f2b40>,72,20,[10  2],73,621,641,548,612
1,<environment.Job instance at 0x7f276ee5e550>,87,15,[4 9],88,621,636,533,612
1,<environment.Job instance at 0x7f276ee5e7d0>,88,16,[12  5],89,641,657,552,628
1,<environment.Job instance at 0x7f27781dfcd0>,0,28,[8 2],1,898,926,897,898
1,<environment.Job instance at 0x7f276ee5e690>,86,24,[ 4 14],87,1240,1264,1153,1240
1,<environment.Job instance at 0x7f276ee5e3c0>,2,19,[7 3],3,3,22,0,3
1,<environment.Job instance at 0x7f276ee5e690>,5,18,[5 5],6,6,24,0,6
1,<environment.Job instance at 0x7f276e3639b0>,6,15,[2 6],7,7,22,0,7
1,<environment.Job instance at 0x7f276e363c30>,7,14,[8 4],8,22,36,14,8
1,<environment.Job instance at 0x7f276e363fa0>,10,15,[5 2],11,24,39,13,11
1,<environment.Job instance at 0x7f276e3633c0>,12,13,[10  4],13,36,49,23,20
1,<environment.Job instance at 0x7f276e38a460>,21,14,[5 3],22,39,53,17,24
1,<environment.Job instance at 0x7f276e38a190>,24,20,[7 5],25,49,69,24,40
1,<environment.Job instance at 0x7f276e38a730>,25,21,[4 8],26,53,74,27,45
1,<environment.Job instance at 0x7f276e38ab40>,26,17,[5 4],27,69,86,42,57
1,<environment.Job instance at 0x7f276e38a820>,27,20,[8 5],28,74,94,46,65
1,<environment.Job instance at 0x7f276e38aa00>,39,12,[5 5],40,86,98,46,69
1,<environment.Job instance at 0x7f276e38a690>,41,17,[5 4],42,94,111,52,82
1,<environment.Job instance at 0x7f276e386aa0>,44,16,[4 6],45,94,110,49,82
1,<environment.Job instance at 0x7f276e3862d0>,46,16,[7 2],47,110,126,63,97
1,<environment.Job instance at 0x7f276e386230>,50,15,[3 5],51,98,113,47,97
1,<environment.Job instance at 0x7f276e386c30>,52,17,[5 5],53,111,128,58,99
1,<environment.Job instance at 0x7f276e104960>,64,13,[5 5],65,126,139,61,110
1,<environment.Job instance at 0x7f276e104c30>,66,18,[6 3],67,128,146,61,117
1,<environment.Job instance at 0x7f276e1047d0>,67,16,[9 4],68,139,155,71,126
1,<environment.Job instance at 0x7f276e1040a0>,70,14,[9 5],71,155,169,84,140
1,<environment.Job instance at 0x7f276e1045f0>,73,19,[7 5],74,169,188,95,159
1,<environment.Job instance at 0x7f276e363230>,13,20,[4 7],14,160,180,146,160
1,<environment.Job instance at 0x7f276e104780>,76,21,[8 4],77,180,201,103,172
1,<environment.Job instance at 0x7f276e1041e0>,78,15,[1 7],79,188,203,109,175
1,<environment.Job instance at 0x7f276e104820>,79,14,[7 2],80,201,215,121,186
1,<environment.Job instance at 0x7f276e47f8c0>,83,13,[1 6],84,201,214,117,186
1,<environment.Job instance at 0x7f276e47fc80>,85,15,[1 6],86,203,218,117,189
1,<environment.Job instance at 0x7f276e47f410>,86,13,[5 2],87,214,227,127,198
1,<environment.Job instance at 0x7f276e47f910>,87,16,[ 2 10],88,218,234,130,205
1,<environment.Job instance at 0x7f276e3637d0>,0,23,[3 9],1,249,272,248,249
1,<environment.Job instance at 0x7f276e1048c0>,77,17,[ 4 13],78,272,289,194,261
1,<environment.Job instance at 0x7f276e363780>,2,18,[2 5],3,3,21,0,3
1,<environment.Job instance at 0x7f276e6ecb90>,0,27,[6 1],1,3,30,2,3
1,<environment.Job instance at 0x7f276e33e910>,5,19,[5 7],6,6,25,0,6
1,<environment.Job instance at 0x7f276e33ef50>,9,21,[1 7],10,21,42,11,13
1,<environment.Job instance at 0x7f276e320960>,13,14,[10  3],14,30,44,16,15
1,<environment.Job instance at 0x7f276e320f50>,14,18,[4 7],15,42,60,27,31
1,<environment.Job instance at 0x7f276e332690>,18,21,[5 6],19,44,65,25,36
1,<environment.Job instance at 0x7f276e332960>,20,13,[4 5],21,60,73,39,44
1,<environment.Job instance at 0x7f276e332af0>,22,16,[1 5],23,65,81,42,52
1,<environment.Job instance at 0x7f276e33e460>,11,16,[6 1],12,54,70,42,54
1,<environment.Job instance at 0x7f276e332a50>,23,18,[4 9],24,73,91,49,62
1,<environment.Job instance at 0x7f276f16b140>,39,14,[1 7],40,91,105,51,76
1,<environment.Job instance at 0x7f276e41d550>,40,18,[7 5],41,81,99,40,76
1,<environment.Job instance at 0x7f276f155410>,44,22,[10  2],45,99,121,54,92
1,<environment.Job instance at 0x7f276f17d730>,47,16,[2 8],48,105,121,57,92
1,<environment.Job instance at 0x7f276e325eb0>,55,18,[2 5],56,99,117,43,92
1,<environment.Job instance at 0x7f276e31f500>,58,14,[3 9],59,121,135,62,106
1,<environment.Job instance at 0x7f276e31f780>,60,14,[5 1],61,121,135,60,106
1,<environment.Job instance at 0x7f276e31fcd0>,64,14,[8 4],65,135,149,70,120
1,<environment.Job instance at 0x7f276e31f5f0>,68,14,[5 8],69,135,149,66,120
1,<environment.Job instance at 0x7f276f17cb40>,74,19,[3 6],75,149,168,74,139
1,<environment.Job instance at 0x7f276f17cd70>,76,15,[6 1],77,149,164,72,139
1,<environment.Job instance at 0x7f276f17cd20>,80,12,[2 8],81,149,161,68,139
1,<environment.Job instance at 0x7f276f17cf00>,81,13,[6 4],82,161,174,79,145
1,<environment.Job instance at 0x7f276f148280>,84,13,[5 7],85,168,181,83,152
1,<environment.Job instance at 0x7f276f1483c0>,86,14,[4 9],87,181,195,94,166
1,<environment.Job instance at 0x7f276f148460>,87,18,[8 3],88,174,192,86,166
1,<environment.Job instance at 0x7f276f148550>,88,12,[3 5],89,192,204,103,175
1,<environment.Job instance at 0x7f276e727410>,3,16,[12  2],4,281,297,277,281
1,<environment.Job instance at 0x7f276e33e7d0>,10,15,[2 7],11,2384,2399,2373,2384
1,<environment.Job instance at 0x7f276eb83aa0>,0,14,[ 4 13],1,1,15,0,1
1,<environment.Job instance at 0x7f276eea8f00>,5,18,[3 7],6,15,33,9,6
1,<environment.Job instance at 0x7f276e33e820>,2,20,[8 5],3,15,35,12,6
1,<environment.Job instance at 0x7f276eea8b90>,9,17,[12  2],10,35,52,25,24
1,<environment.Job instance at 0x7f276eea8050>,8,20,[2 7],9,33,53,24,24
1,<environment.Job instance at 0x7f276eea8690>,12,12,[6 2],13,52,64,39,35
1,<environment.Job instance at 0x7f276eea88c0>,15,16,[6 2],16,52,68,36,39
1,<environment.Job instance at 0x7f276eea8be0>,16,16,[8 2],17,64,80,47,51
1,<environment.Job instance at 0x7f276eea80f0>,19,16,[7 4],20,68,84,48,55
1,<environment.Job instance at 0x7f276eea8e60>,22,12,[7 2],23,80,92,57,63
1,<environment.Job instance at 0x7f276eea8a50>,25,18,[ 2 10],26,84,102,58,73
1,<environment.Job instance at 0x7f276e243780>,35,17,[10  1],36,92,109,56,80
1,<environment.Job instance at 0x7f276e243b90>,42,16,[5 4],43,102,118,59,89
1,<environment.Job instance at 0x7f276e243370>,46,17,[3 5],47,109,126,62,97
1,<environment.Job instance at 0x7f276e243f50>,48,14,[6 5],49,109,123,60,97
1,<environment.Job instance at 0x7f276e2c38c0>,57,15,[4 7],58,123,138,65,109
1,<environment.Job instance at 0x7f276e2c30f0>,58,12,[1 7],59,126,138,67,109
1,<environment.Job instance at 0x7f276e2c3c80>,59,17,[8 4],60,138,155,78,126
1,<environment.Job instance at 0x7f276e2c3a00>,60,16,[1 7],61,138,154,77,126
1,<environment.Job instance at 0x7f276eea8c30>,10,17,[5 2],11,138,155,127,126
1,<environment.Job instance at 0x7f276e2c3410>,63,21,[8 3],64,155,176,91,147
1,<environment.Job instance at 0x7f276e2c3230>,66,20,[3 6],67,155,175,88,147
1,<environment.Job instance at 0x7f276e2c3280>,70,15,[5 5],71,175,190,104,161
1,<environment.Job instance at 0x7f276f164d70>,75,18,[6 4],76,176,194,100,165
1,<environment.Job instance at 0x7f276f164690>,81,13,[5 6],82,190,203,108,174
1,<environment.Job instance at 0x7f276f164910>,84,19,[1 6],85,194,213,109,184
1,<environment.Job instance at 0x7f276f164050>,88,22,[8 2],89,194,216,105,187
1,<environment.Job instance at 0x7f276eea84b0>,11,18,[4 9],12,213,231,201,206
1,<environment.Job instance at 0x7f276e33ecd0>,1,23,[ 5 12],2,231,254,229,226
1,<environment.Job instance at 0x7f276eea8d70>,7,18,[10  1],8,6414,6432,6406,6414
1,<environment.Job instance at 0x7f276de23690>,1,17,[2 7],2,2,19,0,2
1,<environment.Job instance at 0x7f276eea8910>,2,23,[8 3],3,3,26,0,3
1,<environment.Job instance at 0x7f276de235a0>,3,13,[13  3],4,26,39,22,11
1,<environment.Job instance at 0x7f276de235f0>,0,23,[2 9],1,19,42,18,16
1,<environment.Job instance at 0x7f276ddd7f00>,10,14,[9 2],11,39,53,28,24
1,<environment.Job instance at 0x7f276ddd7690>,17,16,[5 2],18,42,58,24,29
1,<environment.Job instance at 0x7f276ddd79b0>,18,12,[6 4],19,53,65,34,36
1,<environment.Job instance at 0x7f276ddd7dc0>,24,18,[5 8],25,58,76,33,48
1,<environment.Job instance at 0x7f276de40550>,27,20,[5 7],28,65,85,37,58
1,<environment.Job instance at 0x7f276de40230>,39,15,[9 2],40,76,91,36,62
1,<environment.Job instance at 0x7f276de40fa0>,41,14,[5 7],42,85,99,43,71
1,<environment.Job instance at 0x7f276e6cc0f0>,71,15,[6 3],72,91,106,19,77
1,<environment.Job instance at 0x7f276e6cc640>,72,16,[9 3],73,99,115,26,86
1,<environment.Job instance at 0x7f276e260af0>,81,15,[5 4],82,106,121,24,92
1,<environment.Job instance at 0x7f276ddd7b40>,14,22,[5 4],15,149,171,134,149
1,<environment.Job instance at 0x7f276de23190>,12,16,[11  1],13,2433,2449,2420,2433
1,<environment.Job instance at 0x7f276f60e730>,0,16,[ 2 14],1,3,19,2,3
1,<environment.Job instance at 0x7f276f37d7d0>,5,12,[5 5],6,19,31,13,7
1,<environment.Job instance at 0x7f276f37d5f0>,7,19,[1 8],8,19,38,11,18
1,<environment.Job instance at 0x7f276f37d3c0>,9,17,[8 3],10,31,48,21,19
1,<environment.Job instance at 0x7f276f37deb0>,11,14,[8 3],12,48,62,36,33
1,<environment.Job instance at 0x7f276f37df00>,12,13,[10  5],13,62,75,49,46
1,<environment.Job instance at 0x7f2777ee9320>,3,28,[ 5 10],4,46,74,42,46
1,<environment.Job instance at 0x7f276f37d2d0>,22,19,[3 6],23,74,93,51,64
1,<environment.Job instance at 0x7f276f039cd0>,30,18,[7 4],31,75,93,44,64
1,<environment.Job instance at 0x7f276f039780>,36,20,[2 9],37,93,113,56,84
1,<environment.Job instance at 0x7f276e986500>,44,20,[5 3],45,84,104,39,84
1,<environment.Job instance at 0x7f276e9641e0>,50,16,[6 3],51,93,109,42,84
1,<environment.Job instance at 0x7f276e9640a0>,60,14,[5 1],61,104,118,43,89
1,<environment.Job instance at 0x7f276e964500>,61,20,[3 8],62,113,133,51,104
1,<environment.Job instance at 0x7f276e6f1780>,66,22,[9 5],67,118,140,51,111
1,<environment.Job instance at 0x7f276e6f1410>,71,16,[3 9],72,133,149,61,120
1,<environment.Job instance at 0x7f276e6f1730>,72,22,[5 2],73,140,162,67,133
1,<environment.Job instance at 0x7f276e6f10f0>,76,16,[1 8],77,149,165,72,136
1,<environment.Job instance at 0x7f276e6f1a00>,77,16,[8 3],78,149,165,71,136
1,<environment.Job instance at 0x7f276e6f1870>,82,21,[1 5],83,165,186,82,157
1,<environment.Job instance at 0x7f276f159820>,86,12,[2 5],87,165,177,78,157
1,<environment.Job instance at 0x7f276f1595a0>,87,22,[4 8],88,177,199,89,171
1,<environment.Job instance at 0x7f276f159780>,88,12,[9 1],89,171,183,82,171
1,<environment.Job instance at 0x7f276f039f00>,23,21,[11  2],24,779,800,755,779
1,<environment.Job instance at 0x7f276f37d280>,6,15,[ 1 12],7,3169,3184,3162,3169
1,<environment.Job instance at 0x7f276ee93cd0>,0,13,[ 1 12],1,1,14,0,1
1,<environment.Job instance at 0x7f276ee930a0>,1,16,[ 2 12],2,14,30,12,3
1,<environment.Job instance at 0x7f276ed06140>,9,14,[13  3],10,13,27,3,13
1,<environment.Job instance at 0x7f276ed066e0>,8,13,[4 5],9,30,43,21,14
1,<environment.Job instance at 0x7f276ed064b0>,11,14,[10  4],12,30,44,18,16
1,<environment.Job instance at 0x7f276e695b40>,13,20,[8 4],14,44,64,30,35
1,<environment.Job instance at 0x7f276e695be0>,18,19,[6 5],19,44,63,25,35
1,<environment.Job instance at 0x7f276e695f50>,21,15,[2 7],22,63,78,41,49
1,<environment.Job instance at 0x7f276e695320>,22,17,[3 5],23,64,81,41,52
1,<environment.Job instance at 0x7f276e9f4550>,31,21,[2 9],32,78,99,46,70
1,<environment.Job instance at 0x7f276e9f4280>,34,18,[11  2],35,81,99,46,70
1,<environment.Job instance at 0x7f276e9f4370>,35,14,[10  1],36,99,113,63,84
1,<environment.Job instance at 0x7f276e9f4b40>,36,12,[9 5],37,113,125,76,96
1,<environment.Job instance at 0x7f276e9f4fa0>,40,16,[5 4],41,99,115,58,96
1,<environment.Job instance at 0x7f276e9f45a0>,41,18,[7 2],42,125,143,83,114
1,<environment.Job instance at 0x7f276e9f4a50>,42,12,[5 2],43,115,127,72,114
1,<environment.Job instance at 0x7f276e9f4140>,44,12,[7 2],45,127,139,82,114
1,<environment.Job instance at 0x7f276e9f45f0>,47,12,[7 2],48,139,151,91,122
1,<environment.Job instance at 0x7f276e695820>,14,27,[1 9],15,125,152,110,124
1,<environment.Job instance at 0x7f276e9f4d70>,51,15,[11  5],52,151,166,99,137
1,<environment.Job instance at 0x7f276e71a460>,52,19,[2 5],53,152,171,99,144
1,<environment.Job instance at 0x7f276e71a500>,56,13,[8 4],57,166,179,109,150
1,<environment.Job instance at 0x7f276e71ac30>,57,17,[6 2],58,171,188,113,159
1,<environment.Job instance at 0x7f276e71a230>,60,19,[4 5],61,179,198,118,169
1,<environment.Job instance at 0x7f276e71a640>,62,16,[6 3],63,188,204,125,175
1,<environment.Job instance at 0x7f276e71aa50>,64,21,[5 4],65,179,200,114,177
1,<environment.Job instance at 0x7f276e71afa0>,65,16,[6 4],66,200,216,134,187
1,<environment.Job instance at 0x7f276e71acd0>,58,16,[6 5],59,204,220,145,191
1,<environment.Job instance at 0x7f276f171280>,67,28,[3 5],68,198,226,130,198
1,<environment.Job instance at 0x7f276f1715a0>,69,12,[5 4],70,216,228,146,211
1,<environment.Job instance at 0x7f276f171c30>,71,13,[9 3],72,226,239,154,211
1,<environment.Job instance at 0x7f276f1715f0>,72,14,[8 4],73,239,253,166,224
1,<environment.Job instance at 0x7f276f171aa0>,76,16,[7 5],77,239,255,162,234
1,<environment.Job instance at 0x7f276f171f00>,78,13,[7 1],79,253,266,174,237
1,<environment.Job instance at 0x7f276f1710a0>,68,23,[8 3],69,255,278,186,249
1,<environment.Job instance at 0x7f276f171190>,80,15,[9 1],81,278,293,197,264
1,<environment.Job instance at 0x7f276f171460>,82,18,[8 1],83,293,311,210,282
1,<environment.Job instance at 0x7f276ed06960>,10,24,[3 9],11,283,307,272,283
1,<environment.Job instance at 0x7f276f171870>,81,19,[14  4],82,311,330,229,301
1,<environment.Job instance at 0x7f276ed06fa0>,4,14,[4 8],5,330,344,325,315
1,<environment.Job instance at 0x7f276f1b1140>,3,21,[ 3 13],4,611,632,607,611
1,<environment.Job instance at 0x7f276f495370>,87,23,[9 5],88,664,687,576,664
1,<environment.Job instance at 0x7f276ddfbbe0>,0,27,[ 3 13],1,1,28,0,1
1,<environment.Job instance at 0x7f276f495550>,1,13,[5 2],2,2,15,0,2
1,<environment.Job instance at 0x7f276ddfb3c0>,8,13,[2 7],9,28,41,19,12
1,<environment.Job instance at 0x7f276ddfb730>,6,22,[10  3],7,28,50,21,21
1,<environment.Job instance at 0x7f276ddfb5a0>,10,18,[10  1],11,50,68,39,39
1,<environment.Job instance at 0x7f276f0e0b40>,14,14,[1 6],15,41,55,26,39
1,<environment.Job instance at 0x7f276f0e0730>,19,14,[6 1],20,68,82,48,53
1,<environment.Job instance at 0x7f276f0e0410>,21,19,[7 3],22,68,87,46,58
1,<environment.Job instance at 0x7f276f0e00f0>,22,12,[10  4],23,87,99,64,70
1,<environment.Job instance at 0x7f276f150d70>,24,16,[2 5],25,70,86,45,70
1,<environment.Job instance at 0x7f276f150640>,28,15,[2 5],29,82,97,53,70
1,<environment.Job instance at 0x7f276f1505f0>,29,14,[3 7],30,97,111,67,82
1,<environment.Job instance at 0x7f276f150e60>,34,17,[2 9],35,111,128,76,99
1,<environment.Job instance at 0x7f276f1505a0>,37,17,[8 4],38,99,116,61,99
1,<environment.Job instance at 0x7f276f1500f0>,39,14,[5 1],40,111,125,71,99
1,<environment.Job instance at 0x7f276f150730>,40,14,[2 8],41,128,142,87,113
1,<environment.Job instance at 0x7f276f1502d0>,43,14,[5 2],44,116,130,72,113
1,<environment.Job instance at 0x7f276ec4dbe0>,46,15,[8 1],47,125,140,78,113
1,<environment.Job instance at 0x7f276ec4d320>,47,13,[5 1],48,130,143,82,114
1,<environment.Job instance at 0x7f276ec4db40>,48,18,[ 2 10],49,142,160,93,131
1,<environment.Job instance at 0x7f276ec4d230>,54,15,[5 5],55,143,158,88,131
1,<environment.Job instance at 0x7f276ec4df00>,63,18,[6 4],64,158,176,94,147
1,<environment.Job instance at 0x7f2777dd4550>,64,18,[9 1],65,160,178,95,149
1,<environment.Job instance at 0x7f2777dd4c30>,66,14,[5 7],67,176,190,109,161
1,<environment.Job instance at 0x7f2777dd4e10>,67,12,[3 8],68,178,190,110,161
1,<environment.Job instance at 0x7f276f563f00>,78,13,[2 9],79,190,203,111,174
1,<environment.Job instance at 0x7f276f563500>,81,12,[6 3],82,190,202,108,174
1,<environment.Job instance at 0x7f276e921870>,83,21,[1 5],84,202,223,118,194
1,<environment.Job instance at 0x7f276ecb87d0>,84,17,[5 1],85,194,211,109,194
1,<environment.Job instance at 0x7f276eda38c0>,86,18,[11  4],87,211,229,124,200
1,<environment.Job instance at 0x7f276ddfb370>,7,19,[ 4 10],8,321,340,313,321
1,<environment.Job instance at 0x7f276ddfbf00>,2,18,[11  3],3,661,679,658,661
1,<environment.Job instance at 0x7f276ddfbb90>,4,18,[6 3],5,707,725,702,707
1,<environment.Job instance at 0x7f276e938fa0>,0,13,[11  3],1,1,14,0,1
1,<environment.Job instance at 0x7f276e938f50>,1,22,[ 4 12],2,2,24,0,2
1,<environment.Job instance at 0x7f276e938550>,4,12,[3 7],5,24,36,19,7
1,<environment.Job instance at 0x7f276e938c30>,8,14,[5 7],9,24,38,15,9
1,<environment.Job instance at 0x7f276f075190>,16,15,[12  2],17,38,53,21,24
1,<environment.Job instance at 0x7f276f075640>,14,13,[5 5],15,53,66,38,37
1,<environment.Job instance at 0x7f276f075f50>,17,20,[4 9],18,53,73,35,44
1,<environment.Job instance at 0x7f276f075320>,25,23,[3 6],26,66,89,40,60
1,<environment.Job instance at 0x7f276f075aa0>,12,13,[9 3],13,73,86,60,61
1,<environment.Job instance at 0x7f276f075e60>,15,14,[11  2],16,86,100,70,73
1,<environment.Job instance at 0x7f276e8c5370>,24,19,[7 5],25,100,119,75,90
1,<environment.Job instance at 0x7f276e8c5e60>,27,21,[4 5],28,90,111,62,90
1,<environment.Job instance at 0x7f276ef73b90>,31,28,[4 5],32,100,128,68,99
1,<environment.Job instance at 0x7f276e8c5500>,28,16,[10  1],29,119,135,90,107
1,<environment.Job instance at 0x7f276ef73af0>,29,18,[8 2],30,135,153,105,124
1,<environment.Job instance at 0x7f276ef73c30>,36,22,[7 2],37,137,159,100,137
1,<environment.Job instance at 0x7f276ef734b0>,38,15,[7 4],39,153,168,114,139
1,<environment.Job instance at 0x7f276ef73690>,39,14,[4 7],40,159,173,119,146
1,<environment.Job instance at 0x7f276ef73550>,40,19,[5 2],41,168,187,127,158
1,<environment.Job instance at 0x7f276ef73500>,42,17,[6 5],43,168,185,125,158
1,<environment.Job instance at 0x7f276ef737d0>,33,21,[13  5],34,187,208,153,179
1,<environment.Job instance at 0x7f276ef735f0>,45,18,[11  2],46,208,226,162,198
1,<environment.Job instance at 0x7f276ef4fe10>,46,16,[ 4 13],47,208,224,161,199
1,<environment.Job instance at 0x7f276ef4fe60>,47,17,[11  3],48,226,243,178,214
1,<environment.Job instance at 0x7f276ef4f050>,48,23,[11  2],49,243,266,194,238
1,<environment.Job instance at 0x7f276ef4f190>,49,18,[2 5],50,239,257,189,239
1,<environment.Job instance at 0x7f276ef4fb40>,50,20,[13  2],51,266,286,215,257
1,<environment.Job instance at 0x7f276ef4fc80>,51,21,[2 6],52,257,278,205,257
1,<environment.Job instance at 0x7f276e8c5eb0>,26,25,[14  5],27,286,311,259,282
1,<environment.Job instance at 0x7f276ef4f780>,53,26,[3 8],54,311,337,257,308
1,<environment.Job instance at 0x7f276ef4f230>,44,22,[8 3],45,311,333,266,310
1,<environment.Job instance at 0x7f276ef4f910>,55,15,[9 4],56,333,348,277,319
1,<environment.Job instance at 0x7f276ef4f5f0>,56,15,[4 7],57,337,352,280,328
1,<environment.Job instance at 0x7f276ef73050>,32,21,[8 4],33,348,369,315,340
1,<environment.Job instance at 0x7f276ef3df00>,60,18,[5 5],61,356,374,295,356
1,<environment.Job instance at 0x7f276ef3d6e0>,67,15,[8 2],68,369,384,301,356
1,<environment.Job instance at 0x7f276ef3de10>,71,16,[8 3],72,384,400,312,371
1,<environment.Job instance at 0x7f276ef3d5f0>,72,16,[4 6],73,374,390,301,371
1,<environment.Job instance at 0x7f276ef57b40>,78,17,[3 8],79,390,407,311,378
1,<environment.Job instance at 0x7f276ef57aa0>,80,16,[3 7],81,400,416,319,387
1,<environment.Job instance at 0x7f276ef57870>,81,18,[5 5],82,407,425,325,396
1,<environment.Job instance at 0x7f276ef57500>,82,14,[5 7],83,416,430,333,401
1,<environment.Job instance at 0x7f276ef57dc0>,84,16,[4 7],85,425,441,340,416
1,<environment.Job instance at 0x7f276ef57af0>,86,14,[1 6],87,430,444,343,416
1,<environment.Job instance at 0x7f276ef4f820>,52,23,[ 3 13],53,559,582,506,559
1,<environment.Job instance at 0x7f276e938c80>,2,20,[13  3],3,582,602,579,574
1,<environment.Job instance at 0x7f276ece2460>,1,14,[11  2],2,2,16,0,2
1,<environment.Job instance at 0x7f276e938460>,2,13,[13  4],3,16,29,13,5
1,<environment.Job instance at 0x7f276e938c80>,3,18,[6 5],4,29,47,25,18
1,<environment.Job instance at 0x7f276e29ddc0>,6,15,[ 4 12],7,47,62,40,33
1,<environment.Job instance at 0x7f276dcfa5f0>,13,12,[3 7],14,33,45,19,33
1,<environment.Job instance at 0x7f276dcfa0f0>,12,16,[1 8],13,62,78,49,49
1,<environment.Job instance at 0x7f276dcfaf50>,19,12,[8 2],20,49,61,29,49
1,<environment.Job instance at 0x7f276dcfacd0>,21,22,[6 4],22,62,84,40,55
1,<environment.Job instance at 0x7f276dcfa410>,23,15,[2 7],24,78,93,54,64
1,<environment.Job instance at 0x7f2777ff5370>,35,19,[3 8],36,84,103,48,74
1,<environment.Job instance at 0x7f276e29dc80>,7,15,[10  5],8,93,108,85,82
1,<environment.Job instance at 0x7f2777ff5cd0>,40,14,[8 2],41,108,122,67,93
1,<environment.Job instance at 0x7f276dcfa190>,14,20,[ 1 10],15,103,123,88,97
1,<environment.Job instance at 0x7f276e29d500>,0,15,[ 1 14],1,123,138,122,109
1,<environment.Job instance at 0x7f2777ff5a50>,39,22,[ 2 11],40,138,160,98,131
1,<environment.Job instance at 0x7f2777ff5f00>,42,12,[ 4 14],43,160,172,117,143
1,<environment.Job instance at 0x7f276ef33c80>,45,13,[4 6],46,172,185,126,159
1,<environment.Job instance at 0x7f2777ff5e60>,43,18,[4 5],44,172,190,128,169
1,<environment.Job instance at 0x7f276ef33460>,47,13,[ 5 12],48,190,203,142,175
1,<environment.Job instance at 0x7f276ef33820>,46,15,[12  1],47,203,218,156,191
1,<environment.Job instance at 0x7f2777ff5af0>,44,18,[14  1],45,218,236,173,207
1,<environment.Job instance at 0x7f276ef33cd0>,50,15,[ 5 11],51,236,251,185,222
1,<environment.Job instance at 0x7f276ef33960>,51,20,[ 3 11],52,251,271,199,242
1,<environment.Job instance at 0x7f276ef33be0>,52,28,[9 4],53,242,270,189,242
1,<environment.Job instance at 0x7f276ef33910>,53,16,[3 5],54,271,287,217,258
1,<environment.Job instance at 0x7f276ef33af0>,54,27,[ 3 13],55,287,314,232,285
1,<environment.Job instance at 0x7f276ef33e10>,55,23,[6 2],56,285,308,229,285
1,<environment.Job instance at 0x7f276ef33eb0>,56,22,[ 1 13],57,314,336,257,307
1,<environment.Job instance at 0x7f276ef33780>,57,13,[14  2],58,314,327,256,307
1,<environment.Job instance at 0x7f276ef33b90>,49,17,[10  4],50,336,353,286,324
1,<environment.Job instance at 0x7f276ef33aa0>,60,14,[9 5],61,353,367,292,338
1,<environment.Job instance at 0x7f2777ff5aa0>,41,21,[9 5],42,367,388,325,362
1,<environment.Job instance at 0x7f276ef33320>,58,21,[9 5],59,388,409,329,383
1,<environment.Job instance at 0x7f276e9f5b40>,64,17,[10  3],65,409,426,344,400
1,<environment.Job instance at 0x7f276ef26320>,65,24,[7 4],66,426,450,360,421
1,<environment.Job instance at 0x7f276ef26a00>,66,19,[ 5 13],67,450,469,383,440
1,<environment.Job instance at 0x7f276e1449b0>,67,12,[4 7],68,469,481,401,452
1,<environment.Job instance at 0x7f276e144eb0>,68,15,[6 4],69,469,484,400,455
1,<environment.Job instance at 0x7f276e144d70>,69,17,[3 8],70,481,498,411,469
1,<environment.Job instance at 0x7f276e144b40>,70,15,[ 5 10],71,498,513,427,484
1,<environment.Job instance at 0x7f276e144e60>,71,19,[5 4],72,485,504,413,485
1,<environment.Job instance at 0x7f276ef33a50>,63,21,[9 5],64,504,525,440,500
1,<environment.Job instance at 0x7f276e144140>,72,17,[ 2 10],73,513,530,440,501
1,<environment.Job instance at 0x7f276e9125f0>,75,17,[9 5],76,525,542,449,513
1,<environment.Job instance at 0x7f276ea56f00>,81,15,[5 5],82,530,545,448,523
1,<environment.Job instance at 0x7f276ea567d0>,83,18,[5 9],84,542,560,458,531
1,<environment.Job instance at 0x7f276ea565f0>,87,20,[3 6],88,545,565,457,540
1,<environment.Job instance at 0x7f276ea560f0>,88,18,[ 3 10],89,565,583,476,554
1,<environment.Job instance at 0x7f276ef33fa0>,48,28,[14  2],49,583,611,534,582
1,<environment.Job instance at 0x7f276ea88d70>,3,16,[7 4],4,4,20,0,4
1,<environment.Job instance at 0x7f276e298280>,14,14,[3 5],15,15,29,0,15
1,<environment.Job instance at 0x7f276e629460>,23,13,[7 3],24,24,37,0,24
1,<environment.Job instance at 0x7f276e27a3c0>,28,16,[4 8],29,29,45,0,29
1,<environment.Job instance at 0x7f276e27a870>,29,18,[11  1],30,37,55,7,30
1,<environment.Job instance at 0x7f276f5ef460>,35,25,[ 5 12],36,55,80,19,51
1,<environment.Job instance at 0x7f276f5ef4b0>,34,18,[7 4],35,80,98,45,70
1,<environment.Job instance at 0x7f276f5ef820>,36,24,[7 4],37,80,104,43,75
1,<environment.Job instance at 0x7f276f5ef550>,38,15,[1 5],39,80,95,41,75
1,<environment.Job instance at 0x7f276f5ef2d0>,39,27,[4 5],40,98,125,58,96
1,<environment.Job instance at 0x7f276f5ef960>,40,16,[11  1],41,104,120,63,96
1,<environment.Job instance at 0x7f276f5ef1e0>,41,16,[ 1 12],42,125,141,83,112
1,<environment.Job instance at 0x7f276f5ef0f0>,37,21,[10  1],38,120,141,82,118
1,<environment.Job instance at 0x7f276f5ef140>,44,21,[6 3],45,141,162,96,134
1,<environment.Job instance at 0x7f276e27a8c0>,33,27,[ 3 12],34,142,169,108,142
1,<environment.Job instance at 0x7f276e2655a0>,47,14,[12  5],48,169,183,121,154
1,<environment.Job instance at 0x7f276e2656e0>,46,17,[10  5],47,183,200,136,171
1,<environment.Job instance at 0x7f276e265a50>,49,17,[1 7],50,171,188,121,171
1,<environment.Job instance at 0x7f276f5f3910>,55,18,[9 3],56,200,218,144,189
1,<environment.Job instance at 0x7f276e2659b0>,48,21,[1 5],49,189,210,140,189
1,<environment.Job instance at 0x7f276f5f3d70>,57,18,[11  2],58,218,236,160,207
1,<environment.Job instance at 0x7f276f5f33c0>,56,17,[1 6],57,207,224,150,207
1,<environment.Job instance at 0x7f276f5f3d20>,58,17,[3 5],59,210,227,151,207
1,<environment.Job instance at 0x7f276def4870>,70,17,[10  3],71,236,253,165,224
1,<environment.Job instance at 0x7f276e3d2690>,71,13,[ 4 13],72,253,266,181,237
1,<environment.Job instance at 0x7f276e3b8f00>,72,18,[9 2],73,253,271,180,242
1,<environment.Job instance at 0x7f276f5f9d20>,73,24,[9 1],74,271,295,197,266
1,<environment.Job instance at 0x7f276f5f9140>,74,14,[ 2 13],75,266,280,191,266
1,<environment.Job instance at 0x7f276f5f90a0>,75,16,[4 8],76,280,296,204,267
1,<environment.Job instance at 0x7f276e276e60>,76,14,[13  4],77,296,310,219,281
1,<environment.Job instance at 0x7f2777c56140>,77,12,[11  3],78,310,322,232,293
1,<environment.Job instance at 0x7f276eaa3f50>,78,22,[1 8],79,296,318,217,293
1,<environment.Job instance at 0x7f276e3d2a50>,69,14,[4 9],70,318,332,248,304
1,<environment.Job instance at 0x7f276f421640>,82,21,[9 3],83,322,343,239,314
1,<environment.Job instance at 0x7f276ee26fa0>,85,17,[4 6],86,332,349,246,320
1,<environment.Job instance at 0x7f276dee4690>,87,21,[3 7],88,343,364,255,335
1,<environment.Job instance at 0x7f276eaa3230>,79,18,[ 2 13],80,364,382,284,353
1,<environment.Job instance at 0x7f276e27a5a0>,30,18,[10  3],31,382,400,351,374
1,<environment.Job instance at 0x7f276ee3d6e0>,88,15,[ 3 10],89,410,425,321,410
1,<environment.Job instance at 0x7f276ea88410>,0,24,[14  4],1,429,453,428,429
1,<environment.Job instance at 0x7f276e716690>,3,14,[5 5],4,4,18,0,4
1,<environment.Job instance at 0x7f276f434af0>,5,15,[14  1],6,18,33,12,8
1,<environment.Job instance at 0x7f276eaca3c0>,7,12,[1 8],8,10,22,2,10
1,<environment.Job instance at 0x7f276eaca640>,9,13,[8 2],10,33,46,23,17
1,<environment.Job instance at 0x7f276f1ce910>,26,12,[9 3],27,46,58,19,29
1,<environment.Job instance at 0x7f276eaca8c0>,14,25,[3 5],15,33,58,18,31
1,<environment.Job instance at 0x7f276f1ceb90>,31,15,[12  3],32,58,73,26,45
1,<environment.Job instance at 0x7f276f1cef00>,30,20,[2 8],31,58,78,27,55
1,<environment.Job instance at 0x7f276e81d1e0>,43,14,[7 3],44,73,87,29,58
1,<environment.Job instance at 0x7f276e81d500>,48,19,[8 4],49,78,97,29,68
1,<environment.Job instance at 0x7f276e81d140>,50,20,[3 6],51,87,107,36,78
1,<environment.Job instance at 0x7f276e81daf0>,54,14,[10  5],55,97,111,42,82
1,<environment.Job instance at 0x7f276f1cebe0>,32,19,[5 5],33,107,126,74,98
1,<environment.Job instance at 0x7f276e81d870>,56,21,[5 5],57,111,132,54,103
1,<environment.Job instance at 0x7f276eda2d20>,62,17,[5 5],63,111,128,48,103
1,<environment.Job instance at 0x7f276eda24b0>,63,15,[5 5],64,126,141,62,112
1,<environment.Job instance at 0x7f276eda2870>,65,20,[6 5],66,132,152,66,123
1,<environment.Job instance at 0x7f276eda2be0>,71,14,[5 5],72,141,155,69,126
1,<environment.Job instance at 0x7f276eda23c0>,75,13,[3 6],76,152,165,76,136
1,<environment.Job instance at 0x7f2777bae550>,87,20,[4 9],88,155,175,67,146
1,<environment.Job instance at 0x7f2777bae9b0>,88,18,[7 2],89,165,183,76,154
1,<environment.Job instance at 0x7f276e81dbe0>,57,19,[1 8],58,194,213,136,194
1,<environment.Job instance at 0x7f276eaca780>,8,19,[5 8],9,213,232,204,206
1,<environment.Job instance at 0x7f276f434960>,0,20,[1 9],1,232,252,231,223
1,<environment.Job instance at 0x7f276e77fb90>,1,18,[11  1],2,2,20,0,2
1,<environment.Job instance at 0x7f276ed6a3c0>,7,15,[4 9],8,9,24,1,9
1,<environment.Job instance at 0x7f276f434960>,5,18,[6 1],6,20,38,14,9
1,<environment.Job instance at 0x7f276ed6a640>,10,12,[5 9],11,24,36,13,11
1,<environment.Job instance at 0x7f276ed6a8c0>,12,17,[6 3],13,36,53,23,24
1,<environment.Job instance at 0x7f276ed6a780>,13,12,[4 8],14,38,50,24,24
1,<environment.Job instance at 0x7f276ed6a5a0>,8,22,[ 4 13],9,53,75,44,46
1,<environment.Job instance at 0x7f276ed6a870>,18,28,[5 1],19,46,74,27,46
1,<environment.Job instance at 0x7f276ed6ad20>,19,28,[1 9],20,75,103,55,74
1,<environment.Job instance at 0x7f276ed6adc0>,20,12,[5 7],21,103,115,82,86
1,<environment.Job instance at 0x7f276ed6ae60>,21,18,[6 5],22,86,104,64,86
1,<environment.Job instance at 0x7f276ed6af00>,22,17,[8 5],23,104,121,81,92
1,<environment.Job instance at 0x7f276ed6afa0>,23,13,[10  5],24,121,134,97,105
1,<environment.Job instance at 0x7f276ed38140>,24,15,[ 5 12],25,134,149,109,120
1,<environment.Job instance at 0x7f276ed6ab40>,25,16,[5 8],26,149,165,123,136
1,<environment.Job instance at 0x7f276ed6ac30>,17,22,[9 4],18,149,171,131,146
1,<environment.Job instance at 0x7f276ed38370>,27,12,[3 5],28,165,177,137,148
1,<environment.Job instance at 0x7f276ed384b0>,29,14,[6 2],30,171,185,141,156
1,<environment.Job instance at 0x7f276ed38730>,33,12,[5 5],34,171,183,137,156
1,<environment.Job instance at 0x7f276ed387d0>,34,16,[4 6],35,177,193,142,164
1,<environment.Job instance at 0x7f276ed389b0>,37,14,[5 4],38,183,197,145,168
1,<environment.Job instance at 0x7f276ed38af0>,39,12,[3 8],40,193,205,153,176
1,<environment.Job instance at 0x7f276ed38e10>,44,12,[ 4 10],45,205,217,160,189
1,<environment.Job instance at 0x7f276ed69050>,48,20,[1 6],49,217,237,168,208
1,<environment.Job instance at 0x7f276ed69460>,54,15,[10  3],55,208,223,153,208
1,<environment.Job instance at 0x7f276ed69500>,55,18,[1 9],56,223,241,167,214
1,<environment.Job instance at 0x7f276ed698c0>,61,14,[9 3],62,237,251,175,222
1,<environment.Job instance at 0x7f276ed69aa0>,64,14,[9 3],65,251,265,186,236
1,<environment.Job instance at 0x7f276ed6a320>,4,17,[5 9],5,248,265,243,248
1,<environment.Job instance at 0x7f276ed361e0>,74,12,[ 4 10],75,265,277,190,249
1,<environment.Job instance at 0x7f276ed36230>,75,13,[3 5],76,265,278,189,249
1,<environment.Job instance at 0x7f276ed36280>,76,18,[2 9],77,277,295,200,266
1,<environment.Job instance at 0x7f276ed36190>,77,20,[1 5],78,278,298,200,269
1,<environment.Job instance at 0x7f276ed36410>,78,16,[10  2],79,295,311,216,282
1,<environment.Job instance at 0x7f276ed36690>,82,21,[5 4],83,298,319,215,290
1,<environment.Job instance at 0x7f276f4345f0>,86,16,[8 1],87,311,327,224,298
1,<environment.Job instance at 0x7f276ef084b0>,88,17,[4 8],89,319,336,230,307
1,<environment.Job instance at 0x7f276eda5dc0>,0,21,[8 3],1,327,348,326,319
1,<environment.Job instance at 0x7f276ed6a410>,6,24,[5 6],7,6028,6052,6021,6028
1,<environment.Job instance at 0x7f276ed360f0>,5,19,[11  4],6,6,25,0,6
1,<environment.Job instance at 0x7f276e2e7320>,9,13,[13  5],10,25,38,15,13
1,<environment.Job instance at 0x7f276e180960>,12,22,[1 8],13,23,45,10,23
1,<environment.Job instance at 0x7f276e180eb0>,13,15,[3 7],14,38,53,24,28
1,<environment.Job instance at 0x7f276e180c30>,18,19,[9 2],19,45,64,26,35
1,<environment.Job instance at 0x7f276e180aa0>,20,20,[2 5],21,45,65,24,36
1,<environment.Job instance at 0x7f276e1807d0>,21,21,[1 7],22,53,74,31,45
1,<environment.Job instance at 0x7f276e180280>,22,17,[10  3],23,64,81,41,52
1,<environment.Job instance at 0x7f276e1803c0>,24,16,[9 2],25,81,97,56,68
1,<environment.Job instance at 0x7f276e13f6e0>,30,22,[3 9],31,74,96,43,69
1,<environment.Job instance at 0x7f276e13f140>,31,12,[1 7],32,96,108,64,79
1,<environment.Job instance at 0x7f276e13f730>,39,14,[9 1],40,97,111,57,82
1,<environment.Job instance at 0x7f276e13faa0>,40,15,[2 5],41,96,111,55,82
1,<environment.Job instance at 0x7f276e13fe60>,47,12,[7 5],48,111,123,63,94
1,<environment.Job instance at 0x7f276e13f190>,49,20,[ 4 10],50,111,131,61,102
1,<environment.Job instance at 0x7f276e13fdc0>,50,21,[4 7],51,131,152,80,123
1,<environment.Job instance at 0x7f2777efc3c0>,51,16,[6 1],52,123,139,71,123
1,<environment.Job instance at 0x7f2777efc460>,52,12,[7 4],53,139,151,86,123
1,<environment.Job instance at 0x7f2777efc1e0>,53,13,[6 3],54,151,164,97,135
1,<environment.Job instance at 0x7f2777efc2d0>,54,13,[1 7],55,152,165,97,136
1,<environment.Job instance at 0x7f2778165e10>,58,18,[4 5],59,151,169,92,140
1,<environment.Job instance at 0x7f2778165be0>,60,17,[8 3],61,164,181,103,152
1,<environment.Job instance at 0x7f2778165550>,61,14,[9 3],62,181,195,119,166
1,<environment.Job instance at 0x7f2777c11370>,69,15,[3 5],70,166,181,96,166
1,<environment.Job instance at 0x7f2777c11cd0>,72,21,[4 7],73,169,190,96,166
1,<environment.Job instance at 0x7f2777c113c0>,74,18,[5 5],75,190,208,115,179
1,<environment.Job instance at 0x7f2777c11780>,75,15,[ 1 10],76,195,210,119,181
1,<environment.Job instance at 0x7f2777c116e0>,77,18,[9 2],78,208,226,130,197
1,<environment.Job instance at 0x7f276e180460>,19,25,[5 1],20,208,233,188,204
1,<environment.Job instance at 0x7f276e199b40>,0,17,[ 2 14],1,226,243,225,214
1,<environment.Job instance at 0x7f276e180820>,14,15,[10  3],15,243,258,228,235
1,<environment.Job instance at 0x7f276f520d70>,0,17,[2 7],1,3,20,2,3
1,<environment.Job instance at 0x7f276f520140>,5,18,[1 7],6,8,26,2,8
1,<environment.Job instance at 0x7f276f5201e0>,8,17,[4 5],9,20,37,11,9
1,<environment.Job instance at 0x7f276f520d20>,3,15,[ 4 10],4,26,41,22,15
1,<environment.Job instance at 0x7f276ec525f0>,12,20,[1 5],13,37,57,24,28
1,<environment.Job instance at 0x7f276f5204b0>,10,14,[13  2],11,41,55,30,28
1,<environment.Job instance at 0x7f276ec52550>,16,14,[1 6],17,41,55,24,28
1,<environment.Job instance at 0x7f276ec52aa0>,17,13,[6 3],18,55,68,37,39
1,<environment.Job instance at 0x7f276ec52eb0>,15,13,[8 1],16,55,68,39,44
1,<environment.Job instance at 0x7f276ec52050>,9,28,[1 5],10,59,87,49,59
1,<environment.Job instance at 0x7f276f520b40>,7,28,[13  2],8,68,96,60,67
1,<environment.Job instance at 0x7f276ec52f00>,22,12,[5 9],23,96,108,73,79
1,<environment.Job instance at 0x7f276ec52cd0>,21,24,[11  5],22,108,132,86,103
1,<environment.Job instance at 0x7f276ec52410>,20,20,[3 8],21,118,138,97,118
1,<environment.Job instance at 0x7f276ec527d0>,26,12,[5 7],27,132,144,105,118
1,<environment.Job instance at 0x7f276dd84690>,31,15,[1 6],32,138,153,106,124
1,<environment.Job instance at 0x7f276ec52e10>,24,17,[5 3],25,144,161,119,133
1,<environment.Job instance at 0x7f276dd84910>,33,22,[13  1],34,161,183,127,154
1,<environment.Job instance at 0x7f276dd84320>,34,13,[ 1 13],35,161,174,126,154
1,<environment.Job instance at 0x7f276dd84c30>,32,21,[2 6],33,174,195,141,166
1,<environment.Job instance at 0x7f276dd84280>,36,20,[9 3],37,183,203,146,177
1,<environment.Job instance at 0x7f276dd849b0>,43,16,[8 2],44,203,219,159,190
1,<environment.Job instance at 0x7f276dd84370>,45,14,[7 1],46,203,217,157,200
1,<environment.Job instance at 0x7f276dd84d20>,35,17,[14  3],36,219,236,183,207
1,<environment.Job instance at 0x7f276dd84780>,48,17,[5 5],49,236,253,187,228
1,<environment.Job instance at 0x7f276dd843c0>,49,16,[5 5],50,236,252,186,228
1,<environment.Job instance at 0x7f276dd080f0>,50,20,[1 5],51,228,248,177,228
1,<environment.Job instance at 0x7f276dd08eb0>,52,17,[9 1],53,252,269,199,244
1,<environment.Job instance at 0x7f276dd086e0>,51,23,[7 5],52,269,292,217,263
1,<environment.Job instance at 0x7f276dd085f0>,59,19,[14  1],60,292,311,232,282
1,<environment.Job instance at 0x7f276dd08500>,60,13,[ 3 14],61,311,324,250,295
1,<environment.Job instance at 0x7f276dd08d70>,58,18,[1 8],59,324,342,265,313
1,<environment.Job instance at 0x7f276dd08780>,62,20,[3 5],63,324,344,261,315
1,<environment.Job instance at 0x7f276ec52820>,23,23,[9 3],24,342,365,318,336
1,<environment.Job instance at 0x7f276dd08a50>,64,21,[8 2],65,365,386,300,357
1,<environment.Job instance at 0x7f276dd08140>,65,18,[13  2],66,386,404,320,375
1,<environment.Job instance at 0x7f276dd08b90>,66,18,[7 4],67,404,422,337,393
1,<environment.Job instance at 0x7f276e1fd5a0>,67,17,[12  2],68,422,439,354,410
1,<environment.Job instance at 0x7f276e1fdfa0>,68,24,[4 8],69,439,463,370,434
1,<environment.Job instance at 0x7f276e1fd0a0>,69,22,[3 7],70,434,456,364,434
1,<environment.Job instance at 0x7f276e1fde60>,70,21,[5 3],71,456,477,385,448
1,<environment.Job instance at 0x7f276e1fdc80>,71,21,[1 7],72,463,484,391,455
1,<environment.Job instance at 0x7f276e1fda50>,72,14,[3 7],73,477,491,404,462
1,<environment.Job instance at 0x7f276dd08e60>,63,18,[7 1],64,474,492,410,474
1,<environment.Job instance at 0x7f276e1fda00>,75,12,[8 5],76,491,503,415,474
1,<environment.Job instance at 0x7f276e1fd3c0>,77,19,[6 2],78,492,511,414,485
1,<environment.Job instance at 0x7f276e1fdcd0>,73,17,[14  5],74,511,528,437,499
1,<environment.Job instance at 0x7f276e1fd1e0>,79,12,[ 1 13],80,528,540,448,511
1,<environment.Job instance at 0x7f276e1fdb40>,80,14,[11  1],81,528,542,447,513
1,<environment.Job instance at 0x7f276e1fd460>,81,21,[14  1],82,542,563,460,534
1,<environment.Job instance at 0x7f276e1fd0f0>,82,24,[5 5],83,563,587,480,558
1,<environment.Job instance at 0x7f276f13a460>,83,15,[ 4 11],84,587,602,503,573
1,<environment.Job instance at 0x7f276f13a910>,84,22,[14  4],85,602,624,517,595
1,<environment.Job instance at 0x7f276f13af50>,85,22,[5 1],86,624,646,538,617
1,<environment.Job instance at 0x7f276f13a8c0>,86,23,[12  1],87,646,669,559,640
1,<environment.Job instance at 0x7f276f13a3c0>,87,28,[3 8],88,640,668,552,640
1,<environment.Job instance at 0x7f276f13a7d0>,88,16,[ 4 14],89,669,685,580,656
1,<environment.Job instance at 0x7f276e694dc0>,0,16,[ 2 12],1,1,17,0,1
1,<environment.Job instance at 0x7f276e694fa0>,3,16,[1 9],4,17,33,13,9
1,<environment.Job instance at 0x7f276e694eb0>,6,12,[9 1],7,10,22,3,10
1,<environment.Job instance at 0x7f276f13a7d0>,2,22,[5 5],3,17,39,14,14
1,<environment.Job instance at 0x7f276e694c80>,9,16,[9 4],10,33,49,23,20
1,<environment.Job instance at 0x7f276e694d70>,7,12,[ 5 10],8,39,51,31,31
1,<environment.Job instance at 0x7f276e264a50>,20,15,[8 4],21,49,64,28,35
1,<environment.Job instance at 0x7f276e2645a0>,22,15,[2 8],23,51,66,28,37
1,<environment.Job instance at 0x7f276ec625a0>,12,23,[7 2],13,64,87,51,58
1,<environment.Job instance at 0x7f276e694370>,4,13,[ 2 12],5,66,79,61,58
1,<environment.Job instance at 0x7f276f529780>,23,17,[2 7],24,79,96,55,67
1,<environment.Job instance at 0x7f276f13ac80>,1,17,[13  4],2,87,104,85,79
1,<environment.Job instance at 0x7f276e776b40>,29,21,[8 2],30,104,125,74,97
1,<environment.Job instance at 0x7f276f162fa0>,25,25,[6 5],26,107,132,81,107
1,<environment.Job instance at 0x7f276f348aa0>,36,12,[9 5],37,125,137,88,108
1,<environment.Job instance at 0x7f276f348b40>,39,15,[7 3],40,137,152,97,123
1,<environment.Job instance at 0x7f276f348870>,40,15,[11  4],41,152,167,111,138
1,<environment.Job instance at 0x7f276f3484b0>,42,14,[ 1 10],43,141,155,98,141
1,<environment.Job instance at 0x7f276f348550>,45,18,[2 7],46,155,173,109,144
1,<environment.Job instance at 0x7f276e1911e0>,47,12,[1 9],48,173,185,125,156
1,<environment.Job instance at 0x7f276e191aa0>,49,18,[8 3],50,167,185,117,156
1,<environment.Job instance at 0x7f276f4605a0>,52,19,[11  4],53,185,204,132,175
1,<environment.Job instance at 0x7f276f4609b0>,53,22,[1 7],54,185,207,131,179
1,<environment.Job instance at 0x7f2777b6cfa0>,59,18,[4 9],60,207,225,147,196
1,<environment.Job instance at 0x7f276f348410>,37,21,[ 2 13],38,225,246,187,218
1,<environment.Job instance at 0x7f276e94eeb0>,61,22,[1 9],62,246,268,184,244
1,<environment.Job instance at 0x7f276e94e9b0>,63,12,[10  4],64,246,258,182,244
1,<environment.Job instance at 0x7f276e94e8c0>,64,17,[8 3],65,258,275,193,246
1,<environment.Job instance at 0x7f276ec6e140>,66,14,[5 6],67,268,282,201,253
1,<environment.Job instance at 0x7f276e5180a0>,72,14,[5 7],73,275,289,202,260
1,<environment.Job instance at 0x7f276f30a0a0>,78,20,[7 1],79,282,302,203,273
1,<environment.Job instance at 0x7f276eb282d0>,79,13,[ 2 10],80,289,302,209,273
1,<environment.Job instance at 0x7f276eb283c0>,83,17,[10  1],84,302,319,218,290
1,<environment.Job instance at 0x7f276e94e7d0>,62,28,[1 5],63,306,334,243,306
1,<environment.Job instance at 0x7f276e79fd20>,86,22,[3 5],87,309,331,222,309
1,<environment.Job instance at 0x7f276e79faf0>,87,24,[13  1],88,331,355,243,326
1,<environment.Job instance at 0x7f276e79f4b0>,88,16,[6 3],89,355,371,266,342
1,<environment.Job instance at 0x7f276e79f730>,85,19,[11  5],86,371,390,285,366
1,<environment.Job instance at 0x7f276df60cd0>,30,21,[ 4 14],31,390,411,359,382
1,<environment.Job instance at 0x7f276f162550>,24,23,[10  4],25,2612,2635,2587,2612
1,<environment.Job instance at 0x7fdbe981a230>,0,17,[6 1],1,1,18,0,1
1,<environment.Job instance at 0x7fdbe981a320>,2,20,[7 4],3,3,23,0,3
1,<environment.Job instance at 0x7fdbe022ed70>,10,15,[5 1],11,18,33,7,11
1,<environment.Job instance at 0x7fdbe0231050>,11,15,[6 1],12,23,38,11,12
1,<environment.Job instance at 0x7fdbe0231230>,21,14,[ 4 11],22,23,37,1,22
1,<environment.Job instance at 0x7fdbe02317d0>,22,13,[7 4],23,37,50,14,23
1,<environment.Job instance at 0x7fdbe0231960>,24,20,[4 6],25,38,58,13,32
1,<environment.Job instance at 0x7fdbe0231870>,26,12,[8 5],27,50,62,23,33
1,<environment.Job instance at 0x7fdbe0231910>,23,16,[12  2],24,62,78,38,50
1,<environment.Job instance at 0x7fdbe0231320>,13,13,[10  3],14,78,91,64,64
1,<environment.Job instance at 0x7fdbe0231b40>,32,17,[9 3],33,91,108,58,79
1,<environment.Job instance at 0x7fdbe0231f50>,34,24,[5 5],35,79,103,44,79
1,<environment.Job instance at 0x7fdbe02341e0>,35,16,[1 9],36,103,119,67,91
1,<environment.Job instance at 0x7fdbe0234280>,39,18,[9 4],40,108,126,68,99
1,<environment.Job instance at 0x7fdbe0234500>,41,12,[8 3],42,126,138,84,109
1,<environment.Job instance at 0x7fdbe02346e0>,43,16,[1 8],44,119,135,75,109
1,<environment.Job instance at 0x7fdbe0234870>,46,14,[6 5],47,135,149,88,120
1,<environment.Job instance at 0x7fdbe0234aa0>,49,13,[1 5],50,135,148,85,120
1,<environment.Job instance at 0x7fdbe0234be0>,51,13,[5 6],52,148,161,96,132
1,<environment.Job instance at 0x7fdbe0234b90>,53,17,[7 4],54,149,166,95,137
1,<environment.Job instance at 0x7fdbe0234d70>,54,13,[7 3],55,161,174,106,145
1,<environment.Job instance at 0x7fdbe0234eb0>,56,21,[8 4],57,166,187,109,158
1,<environment.Job instance at 0x7fdbe0237190>,59,19,[1 7],60,174,193,114,166
1,<environment.Job instance at 0x7fdbe0237410>,63,12,[5 3],64,174,186,110,166
1,<environment.Job instance at 0x7fdbe02375f0>,67,18,[9 4],68,187,205,119,177
1,<environment.Job instance at 0x7fdbe0237780>,68,12,[7 1],69,205,217,136,188
1,<environment.Job instance at 0x7fdbe0237730>,70,15,[8 4],71,205,220,134,191
1,<environment.Job instance at 0x7fdbe0237960>,71,14,[4 9],72,217,231,145,204
1,<environment.Job instance at 0x7fdbe0237af0>,73,18,[3 5],74,220,238,146,209
1,<environment.Job instance at 0x7fdbe0237b90>,74,19,[3 8],75,231,250,156,222
1,<environment.Job instance at 0x7fdbe0237c30>,75,17,[7 1],76,222,239,146,222
1,<environment.Job instance at 0x7fdbe0237cd0>,76,14,[10  4],77,239,253,162,224
1,<environment.Job instance at 0x7fdbe0237e10>,78,16,[8 1],79,253,269,174,240
1,<environment.Job instance at 0x7fdbe023a190>,81,19,[5 5],82,250,269,168,240
1,<environment.Job instance at 0x7fdbe023a0f0>,82,14,[8 5],83,269,283,186,254
1,<environment.Job instance at 0x7fdbe023a280>,83,21,[4 8],84,271,292,187,271
1,<environment.Job instance at 0x7fdbe02310a0>,20,17,[ 2 14],21,292,309,271,280
1,<environment.Job instance at 0x7fdbe023a050>,85,27,[5 5],86,309,336,223,307
1,<environment.Job instance at 0x7fdbe023a2d0>,86,15,[1 7],87,309,324,222,307
1,<environment.Job instance at 0x7fdbe023a370>,84,18,[ 3 10],85,324,342,239,319
1,<environment.Job instance at 0x7fdbe023a550>,88,18,[7 1],89,336,354,247,325
1,<environment.Job instance at 0x7fdbe023a5f0>,89,16,[4 9],90,342,358,252,330
1,<environment.Job instance at 0x7fdbe023a820>,92,15,[9 1],93,354,369,261,340
1,<environment.Job instance at 0x7fdbe023aaf0>,96,16,[8 4],97,369,385,272,356
1,<environment.Job instance at 0x7fdbe023aaa0>,97,18,[2 6],98,358,376,260,356
1,<environment.Job instance at 0x7fdbe023a4b0>,87,26,[2 7],88,376,402,288,373
1,<environment.Job instance at 0x7fdbe0234230>,36,20,[7 5],37,385,405,348,376
1,<environment.Job instance at 0x7fdbe981a1e0>,1,24,[10  1],2,405,429,403,400
1,<environment.Job instance at 0x7fdbdf974230>,3,13,[11  4],4,4,17,0,4
1,<environment.Job instance at 0x7fdbdf974460>,4,16,[1 9],5,5,21,0,5
1,<environment.Job instance at 0x7fdbdf974500>,8,25,[1 7],9,21,46,12,17
1,<environment.Job instance at 0x7fdbdf974be0>,9,18,[1 9],10,46,64,36,35
1,<environment.Job instance at 0x7fdbdf974b40>,10,27,[ 3 11],11,64,91,53,62
1,<environment.Job instance at 0x7fdbdf974910>,11,23,[5 1],12,62,85,50,62
1,<environment.Job instance at 0x7fdbdf974f00>,12,17,[12  4],13,85,102,72,73
1,<environment.Job instance at 0x7fdbdf9715f0>,13,12,[1 6],14,91,103,77,74
1,<environment.Job instance at 0x7fdbdf971d70>,14,17,[5 1],15,102,119,87,90
1,<environment.Job instance at 0x7fdbe981a1e0>,6,16,[7 5],7,102,118,95,92
1,<environment.Job instance at 0x7fdbdf971cd0>,16,17,[5 5],17,118,135,101,106
1,<environment.Job instance at 0x7fdbdf974640>,5,19,[ 1 10],6,119,138,113,115
1,<environment.Job instance at 0x7fdbdf9710a0>,18,15,[ 4 10],19,138,153,119,126
1,<environment.Job instance at 0x7fdbdf971280>,22,18,[7 4],23,135,153,112,126
1,<environment.Job instance at 0x7fdbdf971f50>,15,19,[14  5],16,153,172,137,143
1,<environment.Job instance at 0x7fdbdfb81410>,26,27,[12  1],27,172,199,145,170
1,<environment.Job instance at 0x7fdbdfaae370>,27,20,[13  4],28,199,219,171,190
1,<environment.Job instance at 0x7fdbdf96b0a0>,28,26,[1 6],29,190,216,161,190
1,<environment.Job instance at 0x7fdbdfa57410>,29,14,[13  2],30,219,233,189,204
1,<environment.Job instance at 0x7fdbdfa574b0>,30,21,[5 4],31,233,254,202,225
1,<environment.Job instance at 0x7fdbdfa570f0>,33,17,[5 1],34,237,254,203,237
1,<environment.Job instance at 0x7fdbdfa96230>,36,12,[5 4],37,237,249,200,237
1,<environment.Job instance at 0x7fdbdfa57aa0>,38,14,[6 5],39,254,268,215,239
1,<environment.Job instance at 0x7fdbdfa573c0>,31,27,[13  4],32,268,295,236,266
1,<environment.Job instance at 0x7fdbdfa530a0>,40,24,[6 5],41,295,319,254,290
1,<environment.Job instance at 0x7fdbdfa535f0>,41,13,[1 8],42,290,303,248,290
1,<environment.Job instance at 0x7fdbdfa53d70>,39,17,[8 2],40,305,322,265,305
1,<environment.Job instance at 0x7fdbdfa53af0>,42,23,[ 3 11],43,319,342,276,313
1,<environment.Job instance at 0x7fdbed37cf00>,48,13,[10  5],49,342,355,293,326
1,<environment.Job instance at 0x7fdbdfa53aa0>,49,28,[3 8],50,342,370,292,341
1,<environment.Job instance at 0x7fdbdf7ef640>,50,24,[ 2 13],51,370,394,319,365
1,<environment.Job instance at 0x7fdbdf816be0>,51,28,[7 1],52,365,393,313,365
1,<environment.Job instance at 0x7fdbdf7efc30>,52,12,[1 5],53,394,406,341,377
1,<environment.Job instance at 0x7fdbdf7ef8c0>,53,27,[9 2],54,393,420,339,391
1,<environment.Job instance at 0x7fdbdf7e6820>,54,26,[12  4],55,420,446,365,417
1,<environment.Job instance at 0x7fdbdf7de820>,55,17,[5 8],56,446,463,390,434
1,<environment.Job instance at 0x7fdbdf7de460>,56,15,[ 2 10],57,463,478,406,449
1,<environment.Job instance at 0x7fdbdf7de280>,57,25,[ 3 13],58,478,503,420,474
1,<environment.Job instance at 0x7fdbdf8495a0>,58,24,[12  5],59,503,527,444,498
1,<environment.Job instance at 0x7fdbdf849190>,59,25,[ 2 11],60,527,552,467,523
1,<environment.Job instance at 0x7fdbdf8bfaf0>,60,26,[5 4],61,527,553,466,525
1,<environment.Job instance at 0x7fdbdf8bf730>,61,23,[ 3 14],62,553,576,491,547
1,<environment.Job instance at 0x7fdbdf96ae10>,62,19,[2 5],63,576,595,513,566
1,<environment.Job instance at 0x7fdbdf8bfd70>,63,17,[13  1],64,576,593,512,566
1,<environment.Job instance at 0x7fdbdf911d70>,64,22,[3 8],65,593,615,528,586
1,<environment.Job instance at 0x7fdbdf974820>,65,16,[11  3],66,595,611,529,586
1,<environment.Job instance at 0x7fdbe98b9b90>,66,24,[13  4],67,615,639,548,610
1,<environment.Job instance at 0x7fdbdf861370>,67,18,[14  2],68,639,657,571,628
1,<environment.Job instance at 0x7fdbdf825f00>,68,14,[6 3],69,657,671,588,642
1,<environment.Job instance at 0x7fdbdf974870>,69,17,[14  3],70,671,688,601,659
1,<environment.Job instance at 0x7fdbdf954500>,70,24,[ 4 11],71,688,712,617,683
1,<environment.Job instance at 0x7fdbdf954280>,71,14,[ 5 10],72,712,726,640,697
1,<environment.Job instance at 0x7fdbdf974550>,72,17,[4 7],73,726,743,653,714
1,<environment.Job instance at 0x7fdbdf819410>,73,13,[5 7],74,726,739,652,714
1,<environment.Job instance at 0x7fdbdf850cd0>,74,25,[14  5],75,743,768,668,739
1,<environment.Job instance at 0x7fdbdf952a00>,75,24,[3 7],76,768,792,692,763
1,<environment.Job instance at 0x7fdbdf87c5a0>,76,19,[3 8],77,768,787,691,763
1,<environment.Job instance at 0x7fdbdf8356e0>,77,17,[11  1],78,787,804,709,775
1,<environment.Job instance at 0x7fdbdf85b960>,78,27,[ 3 13],79,792,819,713,790
1,<environment.Job instance at 0x7fdbdf85bd70>,79,16,[8 4],80,819,835,739,806
1,<environment.Job instance at 0x7fdbdf8357d0>,80,26,[3 9],81,819,845,738,816
1,<environment.Job instance at 0x7fdbdf9739b0>,81,19,[11  4],82,835,854,753,825
1,<environment.Job instance at 0x7fdbdf973cd0>,82,24,[4 9],83,845,869,762,840
1,<environment.Job instance at 0x7fdbdf9730f0>,83,25,[13  2],84,869,894,785,865
1,<environment.Job instance at 0x7fdbdf973550>,84,23,[6 4],85,894,917,809,888
1,<environment.Job instance at 0x7fdbdf973f50>,85,22,[12  2],86,917,939,831,910
1,<environment.Job instance at 0x7fdbdf7c60a0>,86,17,[9 2],87,939,956,852,927
1,<environment.Job instance at 0x7fdbdf7c6500>,87,16,[1 7],88,927,943,839,927
1,<environment.Job instance at 0x7fdbdf7c6460>,88,13,[ 3 11],89,943,956,854,927
1,<environment.Job instance at 0x7fdbdf7c6640>,89,14,[14  1],90,956,970,866,941
1,<environment.Job instance at 0x7fdbdf7c6e10>,90,14,[12  1],91,970,984,879,955
1,<environment.Job instance at 0x7fdbdf7c63c0>,91,17,[12  4],92,984,1001,892,972
1,<environment.Job instance at 0x7fdbdf7c5320>,92,20,[7 5],93,1001,1021,908,992
1,<environment.Job instance at 0x7fdbdf971370>,19,20,[4 9],20,1001,1021,981,996
1,<environment.Job instance at 0x7fdbdf7c5be0>,93,15,[9 5],94,1021,1036,927,1007
1,<environment.Job instance at 0x7fdbdf7c51e0>,96,18,[7 1],97,1036,1054,939,1025
1,<environment.Job instance at 0x7fdbdf7c5d20>,97,19,[3 8],98,1025,1044,927,1025
1,<environment.Job instance at 0x7fdbdf7c5960>,98,14,[7 1],99,1044,1058,945,1029
1,<environment.Job instance at 0x7fdbdf8b97d0>,0,13,[12  2],1,1,14,0,1
1,<environment.Job instance at 0x7fdbdf7c5960>,2,22,[2 8],3,3,25,0,3
1,<environment.Job instance at 0x7fdbdf8b9820>,3,15,[6 1],4,14,29,10,4
1,<environment.Job instance at 0x7fdbe9a03b90>,4,18,[5 4],5,14,32,9,5
1,<environment.Job instance at 0x7fdbe9a03c80>,11,15,[11  5],12,32,47,20,18
1,<environment.Job instance at 0x7fdbe9994f00>,10,20,[ 2 10],11,25,45,14,18
1,<environment.Job instance at 0x7fdbe9994690>,14,13,[2 5],15,45,58,30,29
1,<environment.Job instance at 0x7fdbe9a037d0>,7,14,[11  1],8,47,61,39,35
1,<environment.Job instance at 0x7fdbe9994a50>,20,23,[1 9],21,47,70,26,41
1,<environment.Job instance at 0x7fdbdf7c0f50>,26,15,[8 5],27,61,76,34,47
1,<environment.Job instance at 0x7fdbdf7c0be0>,29,12,[4 8],30,70,82,40,53
1,<environment.Job instance at 0x7fdbdf7c0aa0>,30,19,[4 7],31,76,95,45,66
1,<environment.Job instance at 0x7fdbdf7c0910>,33,19,[ 5 10],34,95,114,61,85
1,<environment.Job instance at 0x7fdbdf7c0280>,36,13,[4 8],37,114,127,77,98
1,<environment.Job instance at 0x7fdbdf7c0870>,37,16,[8 4],38,98,114,60,98
1,<environment.Job instance at 0x7fdbdf979690>,40,13,[2 7],41,114,127,73,98
1,<environment.Job instance at 0x7fdbdf979140>,45,13,[9 2],46,127,140,81,111
1,<environment.Job instance at 0x7fdbdf979e60>,46,13,[4 5],47,127,140,80,111
1,<environment.Job instance at 0x7fdbdf979780>,52,13,[3 5],53,140,153,87,124
1,<environment.Job instance at 0x7fdbdf979370>,53,16,[5 8],54,140,156,86,127
1,<environment.Job instance at 0x7fdbe9994730>,13,17,[ 3 12],14,156,173,142,144
1,<environment.Job instance at 0x7fdbdf979f50>,56,14,[3 5],57,173,187,116,158
1,<environment.Job instance at 0x7fdbe9994780>,12,19,[14  4],13,187,206,174,177
1,<environment.Job instance at 0x7fdbdf7cdb90>,64,27,[1 5],65,177,204,112,177
1,<environment.Job instance at 0x7fdbdf7cdaf0>,65,26,[11  3],66,206,232,140,203
1,<environment.Job instance at 0x7fdbdf7cd140>,66,25,[11  3],67,232,257,165,228
1,<environment.Job instance at 0x7fdbdf7cd460>,67,17,[10  4],68,257,274,189,245
1,<environment.Job instance at 0x7fdbdf7cd5f0>,68,13,[6 4],69,274,287,205,258
1,<environment.Job instance at 0x7fdbdf7cdd20>,69,25,[ 3 13],70,287,312,217,283
1,<environment.Job instance at 0x7fdbdf7cd320>,70,19,[11  3],71,312,331,241,302
1,<environment.Job instance at 0x7fdbdf7cd8c0>,71,16,[6 3],72,331,347,259,318
1,<environment.Job instance at 0x7fdbdf7cd0a0>,72,13,[14  2],73,347,360,274,331
1,<environment.Job instance at 0x7fdbdf7cd370>,73,13,[ 5 11],74,331,344,257,331
1,<environment.Job instance at 0x7fdbdf7cd190>,74,18,[ 3 14],75,360,378,285,349
1,<environment.Job instance at 0x7fdbdf7cd6e0>,75,13,[8 3],76,378,391,302,362
1,<environment.Job instance at 0x7fdbdf7cde10>,76,22,[7 5],77,378,400,301,371
1,<environment.Job instance at 0x7fdbdf7cd4b0>,77,20,[5 8],78,391,411,313,382
1,<environment.Job instance at 0x7fdbdf7cdcd0>,78,17,[8 4],79,400,417,321,388
1,<environment.Job instance at 0x7fdbe9aa6460>,79,15,[3 6],80,411,426,331,397
1,<environment.Job instance at 0x7fdbdf9780a0>,80,20,[11  2],81,417,437,336,408
1,<environment.Job instance at 0x7fdbdf9783c0>,81,26,[2 8],82,426,452,344,423
1,<environment.Job instance at 0x7fdbdf9785a0>,82,15,[5 8],83,452,467,369,438
1,<environment.Job instance at 0x7fdbdf7c5140>,1,27,[3 6],2,453,480,451,453
1,<environment.Job instance at 0x7fdbdf978780>,84,15,[11  2],85,469,484,384,469
1,<environment.Job instance at 0x7fdbdf978cd0>,83,20,[ 4 10],84,480,500,396,474
1,<environment.Job instance at 0x7fdbdf9786e0>,90,13,[8 4],91,489,502,398,489
1,<environment.Job instance at 0x7fdbdf978370>,86,17,[ 5 10],87,500,517,413,489
1,<environment.Job instance at 0x7fdbdf9782d0>,98,12,[5 8],99,3413,3425,3314,3413
1,<environment.Job instance at 0x7fdbdf978a50>,85,23,[3 6],86,3416,3439,3330,3416
1,<environment.Job instance at 0x7fdbe9994e60>,21,17,[14  5],22,3510,3527,3488,3510
1,<environment.Job instance at 0x7fdbdf9792d0>,55,27,[ 5 14],56,7005,7032,6949,7005
1,<environment.Job instance at 0x7fdbdf7d8b40>,0,12,[5 5],1,1,13,0,1
1,<environment.Job instance at 0x7fdbdf7d8c30>,3,18,[9 5],4,4,22,0,4
1,<environment.Job instance at 0x7fdbdf7d8640>,4,18,[1 7],5,13,31,8,5
1,<environment.Job instance at 0x7fdbdf7d8690>,9,16,[11  3],10,22,38,12,10
1,<environment.Job instance at 0x7fdbdf7d85f0>,14,12,[4 7],15,31,43,16,15
1,<environment.Job instance at 0x7fdbdf7d8d70>,10,14,[7 1],11,38,52,27,23
1,<environment.Job instance at 0x7fdbdf7d8f50>,19,19,[ 3 11],20,43,62,23,33
1,<environment.Job instance at 0x7fdbdf952230>,20,14,[3 7],21,62,76,41,48
1,<environment.Job instance at 0x7fdbdf9522d0>,21,15,[13  3],22,76,91,54,63
1,<environment.Job instance at 0x7fdbdf9523c0>,24,16,[ 4 10],25,91,107,66,78
1,<environment.Job instance at 0x7fdbdfeea780>,32,13,[2 9],33,107,120,74,91
1,<environment.Job instance at 0x7fdbdf9790a0>,1,15,[14  2],2,120,135,118,106
1,<environment.Job instance at 0x7fdbdfea19b0>,33,20,[4 9],34,135,155,101,126
1,<environment.Job instance at 0x7fdbdfea1140>,36,21,[10  5],37,135,156,98,128
1,<environment.Job instance at 0x7fdbdfeeacd0>,34,12,[2 7],35,155,167,120,142
1,<environment.Job instance at 0x7fdbdf7d8b90>,13,23,[ 1 11],14,167,190,153,161
1,<environment.Job instance at 0x7fdbdfea16e0>,44,17,[7 1],45,161,178,116,161
1,<environment.Job instance at 0x7fdbdfd095f0>,58,14,[3 6],59,190,204,131,175
1,<environment.Job instance at 0x7fdbdfd09af0>,59,12,[6 4],60,178,190,118,175
1,<environment.Job instance at 0x7fdbdf9525a0>,25,20,[5 8],26,192,212,166,192
1,<environment.Job instance at 0x7fdbdfea1050>,45,21,[ 4 14],46,212,233,166,204
1,<environment.Job instance at 0x7fdbdfd09e10>,68,16,[5 2],69,233,249,164,220
1,<environment.Job instance at 0x7fdbe9617c30>,69,22,[2 5],70,233,255,163,226
1,<environment.Job instance at 0x7fdbdfc3a9b0>,70,12,[ 1 10],71,249,261,178,232
1,<environment.Job instance at 0x7fdbdfc3a370>,71,25,[12  5],72,255,280,183,251
1,<environment.Job instance at 0x7fdbdfc3adc0>,72,24,[6 4],73,280,304,207,275
1,<environment.Job instance at 0x7fdbdfc3aaa0>,73,19,[ 2 11],74,280,299,206,275
1,<environment.Job instance at 0x7fdbdfc3a0a0>,74,23,[13  3],75,304,327,229,298
1,<environment.Job instance at 0x7fdbdfc3aeb0>,76,20,[7 1],77,327,347,250,318
1,<environment.Job instance at 0x7fdbdfc3a140>,75,13,[5 5],76,327,340,251,318
1,<environment.Job instance at 0x7fdbdfc3a320>,81,20,[5 5],82,340,360,258,331
1,<environment.Job instance at 0x7fdbdfd0ab40>,85,17,[7 4],86,347,364,261,335
1,<environment.Job instance at 0x7fdbdfd0a3c0>,87,19,[3 8],88,360,379,272,350
1,<environment.Job instance at 0x7fdbdfd0a0f0>,89,13,[1 7],90,364,377,274,350
1,<environment.Job instance at 0x7fdbdfd0a190>,92,18,[10  5],93,377,395,284,366
1,<environment.Job instance at 0x7fdbdfea1be0>,43,17,[5 9],44,379,396,335,373
1,<environment.Job instance at 0x7fdbdfc3a5f0>,77,25,[4 9],78,396,421,318,394
1,<environment.Job instance at 0x7fdbdfd09dc0>,67,23,[9 5],68,2971,2994,2903,2971
1,<environment.Job instance at 0x7fdbdfd093c0>,2,14,[4 5],3,3,17,0,3
1,<environment.Job instance at 0x7fdbe0d535a0>,3,15,[11  2],4,4,19,0,4
1,<environment.Job instance at 0x7fdbdfd09dc0>,5,13,[5 6],6,19,32,13,6
1,<environment.Job instance at 0x7fdbe0d71af0>,11,13,[ 5 12],12,32,45,20,16
1,<environment.Job instance at 0x7fdbe0d777d0>,18,18,[5 5],19,45,63,26,34
1,<environment.Job instance at 0x7fdbdfc4ec80>,34,15,[2 6],35,46,61,11,46
1,<environment.Job instance at 0x7fdbdfc7f2d0>,35,17,[10  4],36,61,78,25,49
1,<environment.Job instance at 0x7fdbe00277d0>,36,19,[6 5],37,78,97,41,68
1,<environment.Job instance at 0x7fdbdfc51230>,52,19,[7 3],53,78,97,25,72
1,<environment.Job instance at 0x7fdbdfc57910>,55,18,[5 5],56,97,115,41,86
1,<environment.Job instance at 0x7fdbdfc57fa0>,56,15,[2 6],57,87,102,30,87
1,<environment.Job instance at 0x7fdbdfc57d70>,57,14,[8 4],58,97,111,39,87
1,<environment.Job instance at 0x7fdbe0661690>,76,17,[5 4],77,111,128,34,102
1,<environment.Job instance at 0x7fdbe0661f50>,91,17,[5 4],92,111,128,19,104
1,<environment.Job instance at 0x7fdbe0d66320>,94,16,[4 6],95,115,131,20,105
1,<environment.Job instance at 0x7fdbe0d66460>,96,16,[7 2],97,128,144,31,115
1,<environment.Job instance at 0x7fdbdff0e640>,0,15,[3 5],1,1,16,0,1
1,<environment.Job instance at 0x7fdbe0d66410>,1,27,[5 5],2,2,29,0,2
1,<environment.Job instance at 0x7fdbdff0e370>,2,17,[5 5],3,3,20,0,3
1,<environment.Job instance at 0x7fdbdf90ff50>,14,13,[5 5],15,16,29,1,15
1,<environment.Job instance at 0x7fdbdf90fb40>,20,14,[9 5],21,29,43,8,21
1,<environment.Job instance at 0x7fdbdf90f730>,23,19,[7 5],24,43,62,19,33
1,<environment.Job instance at 0x7fdbdff0e0a0>,3,25,[5 5],4,33,58,29,33
1,<environment.Job instance at 0x7fdbdf90f6e0>,26,21,[8 4],27,58,79,31,50
1,<environment.Job instance at 0x7fdbdf9346e0>,28,15,[1 7],29,62,77,33,50
1,<environment.Job instance at 0x7fdbdf934f00>,29,14,[7 2],30,77,91,47,62
1,<environment.Job instance at 0x7fdbdf934be0>,35,15,[1 6],36,79,94,43,65
1,<environment.Job instance at 0x7fdbdf934370>,36,13,[5 2],37,79,92,42,65
1,<environment.Job instance at 0x7fdbdf934690>,42,18,[2 5],43,79,97,36,69
1,<environment.Job instance at 0x7fdbdf9342d0>,45,19,[5 7],46,94,113,48,84
1,<environment.Job instance at 0x7fdbdf934c80>,50,15,[2 7],51,97,112,46,84
1,<environment.Job instance at 0x7fdbe002acd0>,51,16,[6 1],52,91,107,39,84
1,<environment.Job instance at 0x7fdbe002a7d0>,53,14,[10  3],54,112,126,58,97
1,<environment.Job instance at 0x7fdbe002a320>,54,18,[4 7],55,113,131,58,102
1,<environment.Job instance at 0x7fdbe002a460>,58,21,[5 6],59,126,147,67,118
1,<environment.Job instance at 0x7fdbe002a960>,60,13,[4 5],61,131,144,70,126
1,<environment.Job instance at 0x7fdbe002a190>,62,16,[1 5],63,144,160,81,131
1,<environment.Job instance at 0x7fdbe002a640>,63,18,[4 9],64,147,165,83,136
1,<environment.Job instance at 0x7fdbe002a730>,68,13,[10  1],69,147,160,78,136
1,<environment.Job instance at 0x7fdbe0019910>,79,14,[1 7],80,165,179,85,153
1,<environment.Job instance at 0x7fdbe0019410>,80,18,[7 5],81,160,178,79,153
1,<environment.Job instance at 0x7fdbdf90f230>,16,18,[6 3],17,165,183,148,156
1,<environment.Job instance at 0x7fdbdfc91a00>,87,16,[2 8],88,179,195,91,166
1,<environment.Job instance at 0x7fdbdfc915a0>,95,18,[2 5],96,183,201,87,172
1,<environment.Job instance at 0x7fdbdfc91fa0>,98,14,[3 9],99,195,209,96,180
1,<environment.Job instance at 0x7fdbdfba9910>,0,14,[5 1],1,1,15,0,1
1,<environment.Job instance at 0x7fdbdfe9d5a0>,4,14,[8 4],5,5,19,0,5
1,<environment.Job instance at 0x7fdbdfe9d730>,5,14,[11  2],6,19,33,13,6
1,<environment.Job instance at 0x7fdbdfe9d8c0>,6,21,[ 1 10],7,7,28,0,7
1,<environment.Job instance at 0x7fdbdfe9d870>,11,17,[ 1 13],12,28,45,16,16
1,<environment.Job instance at 0x7fdbdfe9deb0>,15,25,[3 9],16,45,70,29,41
1,<environment.Job instance at 0x7fdbdfe9de60>,16,15,[6 1],17,41,56,24,41
1,<environment.Job instance at 0x7fdbdfe9dfa0>,17,13,[ 1 13],18,70,83,52,54
1,<environment.Job instance at 0x7fdbdfebe050>,18,28,[3 6],19,83,111,64,82
1,<environment.Job instance at 0x7fdbdfebe1e0>,19,12,[ 4 11],20,111,123,91,94
1,<environment.Job instance at 0x7fdbdfebe280>,20,12,[2 8],21,94,106,73,94
1,<environment.Job instance at 0x7fdbdfebe320>,21,13,[6 4],22,106,119,84,94
1,<environment.Job instance at 0x7fdbdfebe3c0>,22,22,[ 5 12],23,123,145,100,116
1,<environment.Job instance at 0x7fdbdfe9daf0>,8,14,[5 8],9,145,159,136,131
1,<environment.Job instance at 0x7fdbdfebe500>,24,13,[5 7],25,145,158,120,132
1,<environment.Job instance at 0x7fdbdfebe5a0>,25,13,[12  4],26,159,172,133,144
1,<environment.Job instance at 0x7fdbdfebe640>,26,14,[4 9],27,172,186,145,158
1,<environment.Job instance at 0x7fdbdfe9ddc0>,14,19,[3 6],15,158,177,143,158
1,<environment.Job instance at 0x7fdbdfebe780>,28,12,[3 5],29,177,189,148,160
1,<environment.Job instance at 0x7fdbdfebe460>,23,17,[13  5],24,189,206,165,178
1,<environment.Job instance at 0x7fdbdfebe8c0>,30,14,[ 4 13],31,206,220,175,191
1,<environment.Job instance at 0x7fdbdfebe820>,29,15,[1 8],30,220,235,190,208
1,<environment.Job instance at 0x7fdbdfebe960>,31,23,[ 5 12],32,235,258,203,229
1,<environment.Job instance at 0x7fdbdfebeaa0>,33,27,[ 5 10],34,258,285,224,256
1,<environment.Job instance at 0x7fdbdfebeb40>,34,13,[13  5],35,285,298,250,269
1,<environment.Job instance at 0x7fdbdfebebe0>,35,18,[3 7],36,298,316,262,287
1,<environment.Job instance at 0x7fdbdfebec80>,36,18,[ 4 14],37,316,334,279,305
1,<environment.Job instance at 0x7fdbdfebed20>,37,18,[10  1],38,305,323,267,305
1,<environment.Job instance at 0x7fdbdfebedc0>,38,20,[2 7],39,334,354,295,325
1,<environment.Job instance at 0x7fdbdfebee60>,39,17,[12  2],40,334,351,294,325
1,<environment.Job instance at 0x7fdbdfebef00>,40,17,[5 2],41,351,368,310,339
1,<environment.Job instance at 0x7fdbdfebe0a0>,41,18,[4 9],42,354,372,312,343
1,<environment.Job instance at 0x7fdbdfebe0f0>,42,12,[6 2],43,351,363,308,343
1,<environment.Job instance at 0x7fdbdfe93190>,43,23,[1 5],44,368,391,324,362
1,<environment.Job instance at 0x7fdbdfe93280>,44,27,[2 8],45,372,399,327,370
1,<environment.Job instance at 0x7fdbdfe93320>,45,16,[6 2],46,372,388,326,370
1,<environment.Job instance at 0x7fdbdfe933c0>,46,16,[8 2],47,388,404,341,375
1,<environment.Job instance at 0x7fdbdfe93460>,47,14,[11  4],48,404,418,356,389
1,<environment.Job instance at 0x7fdbdfe93500>,48,14,[14  5],49,418,432,369,403
1,<environment.Job instance at 0x7fdbdfe935a0>,49,16,[7 4],50,432,448,382,419
1,<environment.Job instance at 0x7fdbdfe93640>,50,18,[ 4 11],51,432,450,381,421
1,<environment.Job instance at 0x7fdbdfe936e0>,51,18,[ 3 12],52,450,468,398,439
1,<environment.Job instance at 0x7fdbdfe93780>,52,12,[7 2],53,448,460,395,439
1,<environment.Job instance at 0x7fdbdfebe6e0>,27,18,[8 3],28,460,478,432,449
1,<environment.Job instance at 0x7fdbdfe931e0>,54,19,[ 2 13],55,478,497,423,468
1,<environment.Job instance at 0x7fdbdfe93820>,53,24,[13  4],54,497,521,443,492
1,<environment.Job instance at 0x7fdbdfe930f0>,56,14,[13  4],57,521,535,464,506
1,<environment.Job instance at 0x7fdbdfe93910>,57,15,[13  3],58,535,550,477,521
1,<environment.Job instance at 0x7fdbdfe93af0>,58,12,[ 5 11],59,550,562,491,533
1,<environment.Job instance at 0x7fdbdfe93b90>,59,25,[5 1],60,550,575,490,546
1,<environment.Job instance at 0x7fdbdfe93c30>,60,22,[10  1],61,562,584,501,555
1,<environment.Job instance at 0x7fdbdfe93cd0>,61,14,[14  2],62,584,598,522,569
1,<environment.Job instance at 0x7fdbdfe93d70>,62,25,[8 5],63,598,623,535,594
1,<environment.Job instance at 0x7fdbdfe93e10>,63,12,[9 1],64,623,635,559,606
1,<environment.Job instance at 0x7fdbdfe93eb0>,64,15,[14  4],65,635,650,570,621
1,<environment.Job instance at 0x7fdbdfe93f50>,65,17,[10  1],66,650,667,584,638
1,<environment.Job instance at 0x7fdbdfe93fa0>,66,25,[ 2 13],67,650,675,583,646
1,<environment.Job instance at 0x7fdbdfe9e050>,67,15,[ 5 12],68,675,690,607,661
1,<environment.Job instance at 0x7fdbdfe9e0f0>,68,26,[11  4],69,690,716,621,687
1,<environment.Job instance at 0x7fdbdfe9e230>,69,21,[12  2],70,716,737,646,708
1,<environment.Job instance at 0x7fdbdfe9e2d0>,70,25,[6 2],71,737,762,666,733
1,<environment.Job instance at 0x7fdbdfe9e370>,71,23,[5 5],72,737,760,665,733
1,<environment.Job instance at 0x7fdbdfe9e410>,72,16,[5 4],73,760,776,687,747
1,<environment.Job instance at 0x7fdbdfe9e4b0>,73,17,[ 4 12],74,776,793,702,764
1,<environment.Job instance at 0x7fdbdfe9e550>,74,21,[3 7],75,793,814,718,785
1,<environment.Job instance at 0x7fdbdfe9e5f0>,75,14,[ 5 13],76,814,828,738,799
1,<environment.Job instance at 0x7fdbdfe9e690>,76,17,[3 5],77,828,845,751,816
1,<environment.Job instance at 0x7fdbdfe9e730>,77,22,[ 4 13],78,845,867,767,838
1,<environment.Job instance at 0x7fdbdfe9e7d0>,78,14,[6 5],79,867,881,788,852
1,<environment.Job instance at 0x7fdbdfe9e870>,79,21,[ 4 14],80,881,902,801,873
1,<environment.Job instance at 0x7fdbdfe63a00>,80,23,[3 9],81,902,925,821,896
1,<environment.Job instance at 0x7fdbdfb80aa0>,81,13,[12  5],82,902,915,820,896
1,<environment.Job instance at 0x7fdbdff77cd0>,82,23,[5 8],83,925,948,842,919
1,<environment.Job instance at 0x7fdbdff77370>,83,23,[5 5],84,919,942,835,919
1,<environment.Job instance at 0x7fdbdff770a0>,84,27,[14  2],85,948,975,863,946
1,<environment.Job instance at 0x7fdbdff77410>,85,28,[11  2],86,975,1003,889,974
1,<environment.Job instance at 0x7fdbdff77780>,86,18,[12  4],87,1003,1021,916,992
1,<environment.Job instance at 0x7fdbdff772d0>,87,15,[4 7],88,1021,1036,933,1007
1,<environment.Job instance at 0x7fdbdff775a0>,88,12,[1 7],89,1007,1019,918,1007
1,<environment.Job instance at 0x7fdbdff77190>,89,17,[8 4],90,1021,1038,931,1009
1,<environment.Job instance at 0x7fdbdff77230>,90,16,[1 7],91,1036,1052,945,1023
1,<environment.Job instance at 0x7fdbdff67c80>,91,15,[ 2 12],92,1052,1067,960,1038
1,<environment.Job instance at 0x7fdbdff77640>,92,24,[ 1 11],93,1067,1091,974,1062
1,<environment.Job instance at 0x7fdbe0bea4b0>,93,21,[8 3],94,1062,1083,968,1062
1,<environment.Job instance at 0x7fdbdfb38d70>,94,27,[ 3 10],95,1091,1118,996,1089
1,<environment.Job instance at 0x7fdbe0765410>,95,25,[ 3 14],96,1118,1143,1022,1114
1,<environment.Job instance at 0x7fdbdfa848c0>,96,20,[3 6],97,1143,1163,1046,1134
1,<environment.Job instance at 0x7fdbdfe03500>,97,13,[12  4],98,1143,1156,1045,1134
1,<environment.Job instance at 0x7fdbdfe93960>,55,18,[ 2 10],56,1163,1181,1107,1154
1,<environment.Job instance at 0x7fdbdfc24640>,98,28,[10  4],99,1211,1239,1112,1211
1,<environment.Job instance at 0x7fdbdfb87460>,1,24,[2 6],2,6137,6161,6135,6137
1,<environment.Job instance at 0x7fdbdfc91dc0>,0,15,[5 5],1,1,16,0,1
1,<environment.Job instance at 0x7fdbdfb87460>,2,24,[6 3],3,3,27,0,3
1,<environment.Job instance at 0x7fdbdf90f690>,1,18,[ 1 12],2,16,34,14,5
1,<environment.Job instance at 0x7fdbdfee50f0>,11,13,[5 6],12,34,47,22,18
1,<environment.Job instance at 0x7fdbe054b6e0>,14,19,[1 6],15,34,53,19,27
1,<environment.Job instance at 0x7fdbe054bc80>,10,15,[11  4],11,47,62,36,33
1,<environment.Job instance at 0x7fdbe054ba00>,19,13,[5 8],20,62,75,42,49
1,<environment.Job instance at 0x7fdbdfee5be0>,5,18,[6 4],6,62,80,56,52
1,<environment.Job instance at 0x7fdbe0a1a5a0>,21,17,[2 7],22,75,92,53,63
1,<environment.Job instance at 0x7fdbe054bdc0>,18,22,[8 2],19,80,102,61,79
1,<environment.Job instance at 0x7fdbe0a1a7d0>,30,14,[9 2],31,102,116,71,87
1,<environment.Job instance at 0x7fdbe0a1a960>,34,22,[5 4],35,87,109,52,87
1,<environment.Job instance at 0x7fdbe0dcb640>,37,16,[5 2],38,109,125,71,96
1,<environment.Job instance at 0x7fdbe0dcb960>,38,12,[6 4],39,116,128,77,99
1,<environment.Job instance at 0x7fdbe0dcba50>,40,13,[1 8],41,99,112,58,99
1,<environment.Job instance at 0x7fdbe054bb40>,13,17,[14  4],14,128,145,114,116
1,<environment.Job instance at 0x7fdbe0dcb690>,43,15,[14  1],44,145,160,101,131
1,<environment.Job instance at 0x7fdbe0dcba00>,44,18,[5 8],45,160,178,115,149
1,<environment.Job instance at 0x7fdbe0dcb410>,45,17,[14  2],46,178,195,132,166
1,<environment.Job instance at 0x7fdbe0dcb4b0>,46,20,[11  4],47,195,215,148,190
1,<environment.Job instance at 0x7fdbe05df5a0>,59,15,[9 2],60,215,230,155,201
1,<environment.Job instance at 0x7fdbe05dfaa0>,60,14,[2 7],61,204,218,143,204
1,<environment.Job instance at 0x7fdbe05dfc30>,61,14,[5 7],62,218,232,156,205
1,<environment.Job instance at 0x7fdbe05dfbe0>,63,16,[6 2],64,230,246,166,217
1,<environment.Job instance at 0x7fdbe064cfa0>,67,14,[2 9],68,232,246,164,227
1,<environment.Job instance at 0x7fdbe064caa0>,74,13,[4 5],75,246,259,171,230
1,<environment.Job instance at 0x7fdbe064ceb0>,75,20,[3 7],76,246,266,170,245
1,<environment.Job instance at 0x7fdbe064ce10>,77,17,[8 3],78,247,264,169,247
1,<environment.Job instance at 0x7fdbe054b3c0>,12,26,[14  3],13,266,292,253,263
1,<environment.Job instance at 0x7fdbe064cd70>,79,18,[2 7],80,292,310,212,284
1,<environment.Job instance at 0x7fdbe064c460>,80,25,[12  2],81,292,317,211,288
1,<environment.Job instance at 0x7fdbe0dcb870>,47,20,[5 7],48,317,337,269,309
1,<environment.Job instance at 0x7fdbe064caf0>,78,22,[2 8],79,311,333,232,311
1,<environment.Job instance at 0x7fdbdfb45e60>,84,16,[1 6],85,333,349,248,320
1,<environment.Job instance at 0x7fdbdfb454b0>,88,14,[5 2],89,333,347,244,320
1,<environment.Job instance at 0x7fdbdfb45c30>,91,15,[6 3],92,337,352,245,323
1,<environment.Job instance at 0x7fdbdfb45dc0>,92,16,[9 3],93,349,365,256,336
1,<environment.Job instance at 0x7fdbe0000370>,95,22,[5 5],96,352,374,256,345
1,<environment.Job instance at 0x7fdbe0000550>,97,17,[ 1 10],98,365,382,267,353
1,<environment.Job instance at 0x7fdbdfb45230>,81,22,[11  3],82,374,396,292,371
1,<environment.Job instance at 0x7fdbe054b5f0>,20,23,[2 9],21,382,405,361,376
1,<environment.Job instance at 0x7fdbe0a1a730>,22,23,[8 3],23,396,419,373,390
1,<environment.Job instance at 0x7fdbdfc10370>,1,15,[5 4],2,2,17,0,2
1,<environment.Job instance at 0x7fdbdfc10870>,6,14,[7 3],7,7,21,0,7
1,<environment.Job instance at 0x7fdbe0b88be0>,15,12,[5 5],16,17,29,1,16
1,<environment.Job instance at 0x7fdbe0b88af0>,17,19,[1 8],18,21,40,3,18
1,<environment.Job instance at 0x7fdbe0a1a730>,19,17,[8 3],20,29,46,9,20
1,<environment.Job instance at 0x7fdbdfaf35a0>,21,14,[8 3],22,46,60,24,31
1,<environment.Job instance at 0x7fdbe0b88050>,18,20,[7 4],19,40,60,21,31
1,<environment.Job instance at 0x7fdbe0b88d70>,22,13,[10  5],23,60,73,37,44
1,<environment.Job instance at 0x7fdbdfaf3f50>,32,19,[3 6],33,60,79,27,50
1,<environment.Job instance at 0x7fdbdfaf36e0>,40,18,[7 4],41,73,91,32,64
1,<environment.Job instance at 0x7fdbdfaf3b40>,33,21,[11  2],34,91,112,57,83
1,<environment.Job instance at 0x7fdbdfc34af0>,47,26,[14  5],48,112,138,64,109
1,<environment.Job instance at 0x7fdbe2e5bdc0>,46,20,[2 9],47,138,158,91,132
1,<environment.Job instance at 0x7fdbe0b8f910>,54,20,[5 3],55,138,158,83,132
1,<environment.Job instance at 0x7fdbe97a0640>,60,16,[6 3],61,138,154,77,132
1,<environment.Job instance at 0x7fdbdfaf3690>,31,14,[13  2],32,158,172,126,145
1,<environment.Job instance at 0x7fdbdfc34aa0>,48,24,[4 6],49,172,196,123,167
1,<environment.Job instance at 0x7fdbe0da4910>,73,13,[13  5],74,196,209,122,180
1,<environment.Job instance at 0x7fdbe0da4d20>,74,16,[ 5 13],75,209,225,134,196
1,<environment.Job instance at 0x7fdbe0da4640>,71,20,[3 8],72,225,245,153,216
1,<environment.Job instance at 0x7fdbe0da45a0>,76,22,[9 5],77,225,247,148,219
1,<environment.Job instance at 0x7fdbe0cc7a00>,78,23,[5 5],79,245,268,166,240
1,<environment.Job instance at 0x7fdbe06ef410>,81,16,[3 9],82,247,263,165,240
1,<environment.Job instance at 0x7fdbe06efa00>,82,22,[5 2],83,263,285,180,256
1,<environment.Job instance at 0x7fdbe06ef2d0>,86,16,[1 8],87,263,279,176,262
1,<environment.Job instance at 0x7fdbe06ef050>,87,16,[8 3],88,268,284,180,262
1,<environment.Job instance at 0x7fdbe0da4e60>,75,27,[ 1 10],76,279,306,203,277
1,<environment.Job instance at 0x7fdbe04964b0>,91,24,[5 2],92,284,308,192,279
1,<environment.Job instance at 0x7fdbe0496d20>,92,21,[1 5],93,306,327,213,298
1,<environment.Job instance at 0x7fdbe0496730>,93,17,[ 1 14],94,327,344,233,315
1,<environment.Job instance at 0x7fdbe02fa820>,94,25,[ 2 11],95,344,369,249,340
1,<environment.Job instance at 0x7fdbdf821550>,95,19,[11  3],96,344,363,248,340
1,<environment.Job instance at 0x7fdbdfb87b90>,96,12,[2 5],97,369,381,272,352
1,<environment.Job instance at 0x7fdbe06d9780>,98,12,[9 1],99,363,375,264,353
1,<environment.Job instance at 0x7fdbdfdf3d70>,97,22,[4 8],98,369,391,271,365
1,<environment.Job instance at 0x7fdbe0da4500>,72,21,[11  4],73,381,402,308,374
1,<environment.Job instance at 0x7fdbdfc108c0>,0,23,[8 4],1,402,425,401,396
1,<environment.Job instance at 0x7fdbe0723320>,0,13,[ 1 12],1,1,14,0,1
1,<environment.Job instance at 0x7fdbe057b780>,4,14,[4 8],5,14,28,9,5
1,<environment.Job instance at 0x7fdbe057b550>,8,13,[4 5],9,14,27,5,9
1,<environment.Job instance at 0x7fdbe057b460>,11,14,[10  4],12,27,41,15,12
1,<environment.Job instance at 0x7fdbe057b870>,13,20,[8 4],14,41,61,27,32
1,<environment.Job instance at 0x7fdbe01366e0>,18,19,[6 5],19,41,60,22,32
1,<environment.Job instance at 0x7fdbe0136d20>,21,15,[2 7],22,60,75,38,46
1,<environment.Job instance at 0x7fdbe0136e60>,22,17,[3 5],23,61,78,38,49
1,<environment.Job instance at 0x7fdbe0975be0>,31,21,[2 9],32,75,96,43,67
1,<environment.Job instance at 0x7fdbe09757d0>,35,14,[10  1],36,69,83,33,69
1,<environment.Job instance at 0x7fdbe09755f0>,36,12,[9 5],37,83,95,46,69
1,<environment.Job instance at 0x7fdbe07f5b90>,40,16,[5 4],41,95,111,54,82
1,<environment.Job instance at 0x7fdbe07f5730>,41,18,[7 2],42,95,113,53,84
1,<environment.Job instance at 0x7fdbe07f51e0>,42,12,[5 2],43,111,123,68,94
1,<environment.Job instance at 0x7fdbe07f5780>,47,12,[7 2],48,113,125,65,96
1,<environment.Job instance at 0x7fdbe07401e0>,52,19,[2 5],53,96,115,43,96
1,<environment.Job instance at 0x7fdbe0216050>,56,13,[8 4],57,123,136,66,107
1,<environment.Job instance at 0x7fdbe0216f00>,57,17,[6 2],58,125,142,67,113
1,<environment.Job instance at 0x7fdbe0216230>,58,16,[6 5],59,136,152,77,123
1,<environment.Job instance at 0x7fdbe0216be0>,60,19,[4 5],61,142,161,81,132
1,<environment.Job instance at 0x7fdbe0216d70>,62,16,[6 3],63,152,168,89,139
1,<environment.Job instance at 0x7fdbe0216280>,64,21,[5 4],65,142,163,77,139
1,<environment.Job instance at 0x7fdbe0216c30>,65,16,[6 4],66,163,179,97,150
1,<environment.Job instance at 0x7fdbe0216730>,66,22,[7 2],67,168,190,101,161
1,<environment.Job instance at 0x7fdbe0216a50>,69,12,[5 4],70,179,191,109,162
1,<environment.Job instance at 0x7fdbe0216eb0>,71,13,[9 3],72,190,203,118,174
1,<environment.Job instance at 0x7fdbe0216e60>,72,14,[8 4],73,203,217,130,188
1,<environment.Job instance at 0x7fdbdf97aaa0>,76,16,[7 5],77,203,219,126,190
1,<environment.Job instance at 0x7fdbe06a2a50>,78,13,[7 1],79,217,230,138,201
1,<environment.Job instance at 0x7fdbe06a2690>,80,15,[9 1],81,230,245,149,216
1,<environment.Job instance at 0x7fdbe0723a00>,1,16,[ 2 12],2,219,235,217,216
1,<environment.Job instance at 0x7fdbe06a2b40>,82,18,[8 1],83,245,263,162,234
1,<environment.Job instance at 0x7fdbe057bb90>,15,25,[ 2 12],16,238,263,222,238
1,<environment.Job instance at 0x7fdbe0723820>,86,20,[10  4],87,263,283,176,254
1,<environment.Job instance at 0x7fdbdfa8e910>,89,21,[7 5],90,283,304,193,275
1,<environment.Job instance at 0x7fdbe057b280>,14,27,[1 9],15,277,304,262,277
1,<environment.Job instance at 0x7fdbe06728c0>,91,13,[5 2],92,304,317,212,288
1,<environment.Job instance at 0x7fdbe0672870>,94,18,[6 3],95,304,322,209,293
1,<environment.Job instance at 0x7fdbdfe85870>,97,19,[ 4 10],98,305,324,207,305
1,<environment.Job instance at 0x7fdbe0672af0>,98,13,[2 7],99,324,337,225,308
1,<environment.Job instance at 0x7fdbe0672a00>,92,18,[11  3],93,1833,1851,1740,1833
1,<environment.Job instance at 0x7fdbdfa44910>,83,24,[9 1],84,2331,2355,2247,2331
1,<environment.Job instance at 0x7fdbe0258fa0>,4,14,[1 6],5,5,19,0,5
1,<environment.Job instance at 0x7fdbe0258c30>,6,21,[10  1],7,7,28,0,7
1,<environment.Job instance at 0x7fdbdff2e280>,9,14,[6 1],10,28,42,18,18
1,<environment.Job instance at 0x7fdbdf5a05f0>,11,19,[7 3],12,28,47,16,23
1,<environment.Job instance at 0x7fdbdfd46d20>,18,15,[2 5],19,23,38,4,23
1,<environment.Job instance at 0x7fdbdfd46c80>,19,14,[3 7],20,42,56,22,27
1,<environment.Job instance at 0x7fdbdfaf3820>,14,16,[2 5],15,38,54,23,28
1,<environment.Job instance at 0x7fdbe2e6ee10>,24,17,[2 9],25,56,73,31,44
1,<environment.Job instance at 0x7fdbe0374730>,27,17,[8 4],28,54,71,26,44
1,<environment.Job instance at 0x7fdbe01d2dc0>,36,15,[8 1],37,71,86,34,57
1,<environment.Job instance at 0x7fdbe01d2f00>,37,13,[5 1],38,57,70,19,57
1,<environment.Job instance at 0x7fdbe06d48c0>,38,18,[ 2 10],39,73,91,34,71
1,<environment.Job instance at 0x7fdbdfd595f0>,44,15,[5 5],45,86,101,41,72
1,<environment.Job instance at 0x7fdbe02589b0>,0,18,[10  1],1,91,109,90,80
1,<environment.Job instance at 0x7fdbe0b89780>,48,28,[1 7],49,101,129,52,100
1,<environment.Job instance at 0x7fdbe0b89320>,49,24,[5 1],50,109,133,59,104
1,<environment.Job instance at 0x7fdbe0b89d20>,50,15,[ 3 13],51,129,144,78,115
1,<environment.Job instance at 0x7fdbe0b89be0>,51,12,[ 3 14],52,144,156,92,127
1,<environment.Job instance at 0x7fdbe0b895f0>,53,18,[6 4],54,156,174,102,145
1,<environment.Job instance at 0x7fdbe0b89fa0>,52,27,[6 5],53,156,183,103,154
1,<environment.Job instance at 0x7fdbe0b89e10>,54,18,[9 1],55,174,192,119,163
1,<environment.Job instance at 0x7fdbe2e00640>,56,14,[5 7],57,183,197,126,168
1,<environment.Job instance at 0x7fdbe090ef00>,12,12,[10  4],13,192,204,179,175
1,<environment.Job instance at 0x7fdbe2e002d0>,57,12,[3 8],58,197,209,139,180
1,<environment.Job instance at 0x7fdbe0374820>,26,18,[12  1],27,204,222,177,193
1,<environment.Job instance at 0x7fdbe2e31550>,71,12,[6 3],72,222,234,150,205
1,<environment.Job instance at 0x7fdbe0b05460>,68,13,[2 9],69,209,222,140,205
1,<environment.Job instance at 0x7fdbdfd692d0>,74,17,[5 1],75,222,239,147,214
1,<environment.Job instance at 0x7fdbe090e190>,13,28,[14  2],14,239,267,225,238
1,<environment.Job instance at 0x7fdbe0303190>,77,24,[11  2],78,267,291,189,262
1,<environment.Job instance at 0x7fdbe0d0ba50>,78,12,[12  3],79,291,303,212,274
1,<environment.Job instance at 0x7fdbe0303410>,79,17,[7 5],80,303,320,223,291
1,<environment.Job instance at 0x7fdbe2e260f0>,80,13,[11  3],81,320,333,239,304
1,<environment.Job instance at 0x7fdbe0d0be10>,81,22,[ 4 12],82,320,342,238,313
1,<environment.Job instance at 0x7fdbe2e267d0>,82,20,[13  3],83,342,362,259,333
1,<environment.Job instance at 0x7fdbdfa57e60>,83,24,[14  1],84,362,386,278,357
1,<environment.Job instance at 0x7fdbe0608500>,84,12,[3 7],85,386,398,301,369
1,<environment.Job instance at 0x7fdbdf93ab90>,85,14,[ 1 13],86,369,383,283,369
1,<environment.Job instance at 0x7fdbe0303f50>,76,18,[11  4],77,386,404,309,377
1,<environment.Job instance at 0x7fdbdf9eb6e0>,88,14,[5 7],89,404,418,315,389
1,<environment.Job instance at 0x7fdbdf9ebbe0>,92,13,[9 3],93,404,417,311,389
1,<environment.Job instance at 0x7fdbe0005b40>,94,13,[5 5],95,417,430,322,402
1,<environment.Job instance at 0x7fdbe0005d70>,97,20,[4 9],98,418,438,320,410
1,<environment.Job instance at 0x7fdbe2e00280>,58,16,[ 1 13],59,438,454,379,433
1,<environment.Job instance at 0x7fdbe2e00aa0>,55,17,[14  4],56,454,471,398,442
1,<environment.Job instance at 0x7fdbdfea25f0>,4,19,[7 5],5,5,24,0,5
1,<environment.Job instance at 0x7fdbdfea2550>,5,23,[3 6],6,6,29,0,6
1,<environment.Job instance at 0x7fdbdfea2d70>,8,16,[10  1],9,24,40,15,11
1,<environment.Job instance at 0x7fdbe9819f00>,12,21,[8 4],13,40,61,27,32
1,<environment.Job instance at 0x7fdbe98190f0>,16,22,[7 2],17,40,62,23,33
1,<environment.Job instance at 0x7fdbe98b9b90>,18,15,[7 4],19,61,76,42,47
1,<environment.Job instance at 0x7fdbe9819370>,19,14,[4 7],20,62,76,42,47
1,<environment.Job instance at 0x7fdbe015deb0>,20,19,[5 2],21,76,95,55,66
1,<environment.Job instance at 0x7fdbe015d870>,22,17,[6 5],23,76,93,53,66
1,<environment.Job instance at 0x7fdbdf4c8910>,29,18,[2 5],30,76,94,46,67
1,<environment.Job instance at 0x7fdbe015d5f0>,31,21,[2 6],32,93,114,61,85
1,<environment.Job instance at 0x7fdbe0895960>,35,15,[9 4],36,95,110,59,85
1,<environment.Job instance at 0x7fdbe0895230>,36,15,[4 7],37,110,125,73,96
1,<environment.Job instance at 0x7fdbe03a83c0>,40,18,[5 5],41,114,132,73,103
1,<environment.Job instance at 0x7fdbe0785e60>,47,15,[8 2],48,125,140,77,111
1,<environment.Job instance at 0x7fdbe0871af0>,51,16,[8 3],52,140,156,88,127
1,<environment.Job instance at 0x7fdbe0871780>,52,16,[4 6],53,132,148,79,127
1,<environment.Job instance at 0x7fdbe0866e60>,58,17,[3 8],59,148,165,89,136
1,<environment.Job instance at 0x7fdbe08663c0>,60,16,[3 7],61,156,172,95,143
1,<environment.Job instance at 0x7fdbe08665f0>,61,18,[5 5],62,165,183,103,154
1,<environment.Job instance at 0x7fdbe03c0730>,62,14,[5 7],63,172,186,109,157
1,<environment.Job instance at 0x7fdbe03c0e10>,64,16,[4 7],65,183,199,118,170
1,<environment.Job instance at 0x7fdbdfa2e7d0>,66,14,[1 6],67,186,200,119,171
1,<environment.Job instance at 0x7fdbe0899500>,73,18,[6 5],74,199,217,125,188
1,<environment.Job instance at 0x7fdbe0899190>,77,15,[10  5],78,217,232,139,203
1,<environment.Job instance at 0x7fdbe088c640>,82,16,[1 8],83,203,219,120,203
1,<environment.Job instance at 0x7fdbe088c6e0>,83,12,[3 7],84,219,231,135,203
1,<environment.Job instance at 0x7fdbe03ae780>,91,22,[6 4],92,232,254,140,225
1,<environment.Job instance at 0x7fdbe03aea00>,93,15,[2 7],94,231,246,137,225
1,<environment.Job instance at 0x7fdbdfea28c0>,9,18,[8 2],10,287,305,277,287
1,<environment.Job instance at 0x7fdbdfea25a0>,0,18,[14  1],1,305,323,304,294
1,<environment.Job instance at 0x7fdbdff9e640>,0,28,[5 5],1,1,29,0,1
1,<environment.Job instance at 0x7fdbdff9e500>,5,19,[3 8],6,7,26,1,7
1,<environment.Job instance at 0x7fdbdfffd0a0>,10,14,[8 2],11,26,40,15,11
1,<environment.Job instance at 0x7fdbdfffd140>,11,21,[9 5],12,40,61,28,32
1,<environment.Job instance at 0x7fdbdfffd960>,19,17,[10  4],20,61,78,41,49
1,<environment.Job instance at 0x7fdbe0587fa0>,30,14,[9 5],31,78,92,47,63
1,<environment.Job instance at 0x7fdbe0587550>,38,15,[6 4],39,78,93,39,64
1,<environment.Job instance at 0x7fdbe0587e60>,39,17,[3 8],40,92,109,52,80
1,<environment.Job instance at 0x7fdbe05872d0>,41,19,[5 4],42,93,112,51,83
1,<environment.Job instance at 0x7fdbe0587500>,45,17,[9 5],46,109,126,63,97
1,<environment.Job instance at 0x7fdbdfb79f50>,51,15,[5 5],52,112,127,60,98
1,<environment.Job instance at 0x7fdbdff67a50>,53,18,[5 9],54,126,144,72,115
1,<environment.Job instance at 0x7fdbdfdb9f00>,63,16,[7 4],64,127,143,63,115
1,<environment.Job instance at 0x7fdbe006feb0>,94,18,[7 4],95,143,161,48,132
1,<environment.Job instance at 0x7fdbe0208eb0>,98,15,[1 5],99,144,159,45,132
1,<environment.Job instance at 0x7fdbe98bf3c0>,4,21,[6 3],5,5,26,0,5
1,<environment.Job instance at 0x7fdbdfa14550>,8,21,[1 5],9,10,31,1,10
1,<environment.Job instance at 0x7fdbdfd41e60>,13,24,[5 1],14,14,38,0,14
1,<environment.Job instance at 0x7fdbdfebbbe0>,15,18,[9 3],16,26,44,10,16
1,<environment.Job instance at 0x7fdbdfebbe60>,16,17,[1 6],17,31,48,14,19
1,<environment.Job instance at 0x7fdbdfebb780>,18,17,[3 5],19,38,55,19,26
1,<environment.Job instance at 0x7fdbe0c946e0>,29,14,[4 9],30,48,62,18,33
1,<environment.Job instance at 0x7fdbe06a85f0>,30,17,[10  3],31,55,72,24,43
1,<environment.Job instance at 0x7fdbe0053b90>,32,18,[9 2],33,72,90,39,61
1,<environment.Job instance at 0x7fdbe0064d70>,35,16,[4 8],36,62,78,26,61
1,<environment.Job instance at 0x7fdbe98bfe10>,9,17,[1 7],10,78,95,68,66
1,<environment.Job instance at 0x7fdbe0866b40>,38,22,[1 8],39,90,112,51,83
1,<environment.Job instance at 0x7fdbe9358be0>,40,16,[11  4],41,95,111,54,83
1,<environment.Job instance at 0x7fdbe0aa27d0>,17,18,[11  2],18,111,129,93,100
1,<environment.Job instance at 0x7fdbdf81d780>,39,18,[ 2 13],40,112,130,72,103
1,<environment.Job instance at 0x7fdbdf90ecd0>,0,16,[11  1],1,129,145,128,122
1,<environment.Job instance at 0x7fdbdfa07140>,45,17,[4 6],46,130,147,84,125
1,<environment.Job instance at 0x7fdbdf80ea50>,42,21,[9 3],43,145,166,102,139
1,<environment.Job instance at 0x7fdbdfa07280>,44,26,[ 1 10],45,147,173,102,144
1,<environment.Job instance at 0x7fdbe020c780>,48,15,[ 3 10],49,173,188,124,159
1,<environment.Job instance at 0x7fdbe020c640>,49,28,[14  3],50,188,216,138,187
1,<environment.Job instance at 0x7fdbe020c500>,50,20,[1 9],51,188,208,137,187
1,<environment.Job instance at 0x7fdbe0239280>,51,23,[ 4 10],52,216,239,164,210
1,<environment.Job instance at 0x7fdbe02396e0>,52,28,[10  2],53,216,244,163,215
1,<environment.Job instance at 0x7fdbe0239d70>,53,14,[5 5],54,239,253,185,224
1,<environment.Job instance at 0x7fdbe02395f0>,54,24,[ 4 12],55,253,277,198,248
1,<environment.Job instance at 0x7fdbe0239dc0>,55,15,[14  1],56,277,292,221,263
1,<environment.Job instance at 0x7fdbe0239af0>,56,28,[14  2],57,292,320,235,291
1,<environment.Job instance at 0x7fdbe0239c30>,57,12,[1 8],58,291,303,233,291
1,<environment.Job instance at 0x7fdbe02394b0>,58,19,[5 8],59,320,339,261,311
1,<environment.Job instance at 0x7fdbe02390f0>,59,13,[8 2],60,320,333,260,311
1,<environment.Job instance at 0x7fdbe0d66c80>,60,27,[ 2 12],61,339,366,278,337
1,<environment.Job instance at 0x7fdbdfe33d20>,61,25,[ 3 13],62,366,391,304,362
1,<environment.Job instance at 0x7fdbe020ca00>,47,21,[3 7],48,391,412,343,383
1,<environment.Job instance at 0x7fdbdfe337d0>,62,22,[2 8],63,391,413,328,384
1,<environment.Job instance at 0x7fdbdfbd2a50>,68,27,[ 4 14],69,413,440,344,411
1,<environment.Job instance at 0x7fdbdfbd2820>,69,28,[12  5],70,440,468,370,439
1,<environment.Job instance at 0x7fdbdf9a9fa0>,81,15,[12  3],82,468,483,386,454
1,<environment.Job instance at 0x7fdbdf9a90a0>,82,19,[5 5],83,483,502,400,473
1,<environment.Job instance at 0x7fdbdf9a99b0>,83,22,[14  3],84,502,524,418,495
1,<environment.Job instance at 0x7fdbdf9a90f0>,84,12,[1 9],85,495,507,410,495
1,<environment.Job instance at 0x7fdbdf9a9050>,85,16,[11  4],86,524,540,438,511
1,<environment.Job instance at 0x7fdbdf9a9be0>,80,20,[2 8],81,524,544,443,523
1,<environment.Job instance at 0x7fdbdf9a9230>,93,14,[7 3],94,540,554,446,526
1,<environment.Job instance at 0x7fdbdfe1c2d0>,98,19,[8 4],99,544,563,445,534
1,<environment.Job instance at 0x7fdbdf9a9b90>,86,20,[ 5 13],87,563,583,476,554
1,<environment.Job instance at 0x7fdbe98bff50>,6,17,[10  5],7,583,600,576,574
1,<environment.Job instance at 0x7fdbdfa07dc0>,46,25,[5 3],47,583,608,536,579
1,<environment.Job instance at 0x7fdbdfa86230>,0,20,[3 6],1,1,21,0,1
1,<environment.Job instance at 0x7fdbdfa8bf50>,6,21,[5 5],7,7,28,0,7
1,<environment.Job instance at 0x7fdbdfa86e60>,4,14,[10  5],5,21,35,16,9
1,<environment.Job instance at 0x7fdbdfa8bc30>,7,19,[1 8],8,28,47,20,18
1,<environment.Job instance at 0x7fdbdfa8b6e0>,9,28,[7 1],10,35,63,25,34
1,<environment.Job instance at 0x7fdbdfa8ba50>,11,14,[5 1],12,35,49,23,34
1,<environment.Job instance at 0x7fdbdfa997d0>,12,17,[5 5],13,49,66,36,37
1,<environment.Job instance at 0x7fdbdfa99730>,13,15,[5 5],14,63,78,49,49
1,<environment.Job instance at 0x7fdbdfa99640>,14,27,[7 1],15,66,93,51,64
1,<environment.Job instance at 0x7fdbdfa99500>,16,28,[ 3 11],17,78,106,61,77
1,<environment.Job instance at 0x7fdbdfa99320>,17,12,[ 5 14],18,106,118,88,89
1,<environment.Job instance at 0x7fdbdfa8fc30>,18,26,[14  5],19,118,144,99,115
1,<environment.Job instance at 0x7fdbdfa8fcd0>,19,20,[ 3 13],20,144,164,124,135
1,<environment.Job instance at 0x7fdbdfa8f870>,20,23,[7 2],21,144,167,123,138
1,<environment.Job instance at 0x7fdbdfa8f5f0>,21,14,[5 5],22,164,178,142,149
1,<environment.Job instance at 0x7fdbdfa860f0>,3,16,[ 3 10],4,167,183,163,165
1,<environment.Job instance at 0x7fdbdfa99a50>,15,20,[6 5],16,178,198,162,169
1,<environment.Job instance at 0x7fdbdfa8f5a0>,23,25,[7 5],24,183,208,159,179
1,<environment.Job instance at 0x7fdbdfa8ffa0>,25,13,[3 6],26,198,211,172,184
1,<environment.Job instance at 0x7fdbdfaaa320>,37,20,[4 9],38,208,228,170,206
1,<environment.Job instance at 0x7fdbdf885910>,38,18,[7 2],39,211,229,172,206
1,<environment.Job instance at 0x7fdbdf885be0>,40,21,[8 3],41,228,249,187,221
1,<environment.Job instance at 0x7fdbe026b8c0>,44,17,[5 9],45,229,246,184,228
1,<environment.Job instance at 0x7fdbdfa8be10>,45,18,[6 1],46,246,264,200,235
1,<environment.Job instance at 0x7fdbdfd9c050>,47,15,[4 9],48,249,264,201,243
1,<environment.Job instance at 0x7fdbdfa8bdc0>,50,12,[5 9],51,264,276,213,247
1,<environment.Job instance at 0x7fdbe095f870>,52,17,[6 3],53,264,281,211,252
1,<environment.Job instance at 0x7fdbe00b4be0>,53,12,[4 8],54,276,288,222,262
1,<environment.Job instance at 0x7fdbe00b17d0>,57,22,[9 4],58,281,303,223,274
1,<environment.Job instance at 0x7fdbdfa993c0>,60,12,[5 7],61,288,300,227,274
1,<environment.Job instance at 0x7fdbdfa994b0>,61,18,[6 5],62,300,318,238,289
1,<environment.Job instance at 0x7fdbdf9b4f50>,62,17,[8 5],63,303,320,240,291
1,<environment.Job instance at 0x7fdbdfa8f230>,63,13,[10  5],64,320,333,256,304
1,<environment.Job instance at 0x7fdbdfa8feb0>,65,16,[5 8],66,318,334,252,307
1,<environment.Job instance at 0x7fdbe00a2730>,67,12,[3 5],68,333,345,265,316
1,<environment.Job instance at 0x7fdbe00a2aa0>,69,14,[6 2],70,333,347,263,318
1,<environment.Job instance at 0x7fdbe00a2c30>,73,12,[5 5],74,334,346,260,318
1,<environment.Job instance at 0x7fdbe00a2550>,74,16,[4 6],75,345,361,270,332
1,<environment.Job instance at 0x7fdbe00a2410>,77,14,[5 4],78,346,360,268,332
1,<environment.Job instance at 0x7fdbdfa86280>,79,12,[3 8],80,360,372,280,343
1,<environment.Job instance at 0x7fdbe0083550>,88,20,[1 6],89,361,381,272,352
1,<environment.Job instance at 0x7fdbe0083b40>,94,15,[10  3],95,372,387,277,358
1,<environment.Job instance at 0x7fdbe008b8c0>,95,18,[1 9],96,381,399,285,370
1,<environment.Job instance at 0x7fdbdfa86b90>,1,26,[13  2],2,406,432,404,406
1,<environment.Job instance at 0x7fdbe018f410>,0,18,[ 2 12],1,1,19,0,1
1,<environment.Job instance at 0x7fdbe01d4e10>,4,14,[9 3],5,5,19,0,5
1,<environment.Job instance at 0x7fdbe018fc30>,1,14,[9 3],2,19,33,17,8
1,<environment.Job instance at 0x7fdbe01d4f50>,14,12,[ 4 10],15,19,31,4,16
1,<environment.Job instance at 0x7fdbe01d4640>,15,13,[3 5],16,31,44,15,16
1,<environment.Job instance at 0x7fdbe01d4c30>,16,18,[2 9],17,33,51,16,22
1,<environment.Job instance at 0x7fdbe01d4dc0>,17,20,[1 5],18,44,64,26,35
1,<environment.Job instance at 0x7fdbe01d45f0>,18,16,[10  2],19,51,67,32,38
1,<environment.Job instance at 0x7fdbe01d45a0>,22,21,[5 4],23,64,85,41,56
1,<environment.Job instance at 0x7fdbe01d40a0>,23,23,[5 7],24,67,90,43,63
1,<environment.Job instance at 0x7fdbe04ca640>,26,16,[8 1],27,85,101,58,72
1,<environment.Job instance at 0x7fdbe04caa50>,28,17,[4 8],29,90,107,61,78
1,<environment.Job instance at 0x7fdbe04ca230>,29,18,[5 5],30,101,119,71,90
1,<environment.Job instance at 0x7fdbe01dc7d0>,42,22,[1 8],43,107,129,64,100
1,<environment.Job instance at 0x7fdbe01dc280>,43,15,[3 7],44,119,134,75,105
1,<environment.Job instance at 0x7fdbe01dca50>,44,15,[10  3],45,129,144,84,115
1,<environment.Job instance at 0x7fdbe01dc780>,48,19,[9 2],49,144,163,95,134
1,<environment.Job instance at 0x7fdbe01dcbe0>,50,20,[2 5],51,134,154,83,134
1,<environment.Job instance at 0x7fdbe01dcf00>,51,21,[1 7],52,134,155,82,134
1,<environment.Job instance at 0x7fdbe01dcc80>,52,17,[10  3],53,163,180,110,151
1,<environment.Job instance at 0x7fdbe01dc500>,54,16,[9 2],55,180,196,125,167
1,<environment.Job instance at 0x7fdbe01dc320>,60,22,[3 9],61,177,199,116,177
1,<environment.Job instance at 0x7fdbe01dc5a0>,61,12,[1 7],62,199,211,137,182
1,<environment.Job instance at 0x7fdbe01d4b40>,7,19,[11  2],8,196,215,188,186
1,<environment.Job instance at 0x7fdbe047a410>,70,15,[2 5],71,199,214,128,190
1,<environment.Job instance at 0x7fdbe047af50>,77,12,[7 5],78,215,227,137,198
1,<environment.Job instance at 0x7fdbe047afa0>,65,13,[ 4 13],66,227,240,161,211
1,<environment.Job instance at 0x7fdbe01fb9b0>,81,16,[6 1],82,215,231,133,211
1,<environment.Job instance at 0x7fdbe01fbf00>,82,12,[7 4],83,240,252,157,223
1,<environment.Job instance at 0x7fdbe01fb0a0>,83,13,[6 3],84,240,253,156,224
1,<environment.Job instance at 0x7fdbe01fb140>,84,13,[1 7],85,240,253,155,224
1,<environment.Job instance at 0x7fdbe01fbfa0>,85,15,[ 4 11],86,253,268,167,243
1,<environment.Job instance at 0x7fdbe01fbb90>,80,21,[4 7],81,268,289,187,260
1,<environment.Job instance at 0x7fdbe01fb2d0>,88,18,[4 5],89,268,286,179,260
1,<environment.Job instance at 0x7fdbe01fb370>,90,17,[8 3],91,286,303,195,274
1,<environment.Job instance at 0x7fdbe01fb190>,91,14,[9 3],92,303,317,211,288
1,<environment.Job instance at 0x7fdbe01fb820>,86,26,[6 2],87,293,319,206,293
1,<environment.Job instance at 0x7fdbe01d43c0>,8,25,[ 2 14],9,319,344,310,316
1,<environment.Job instance at 0x7fdbe01d4b90>,11,21,[ 2 14],12,360,381,348,360
1,<environment.Job instance at 0x7fdbe0c8c870>,2,21,[4 7],3,3,24,0,3
1,<environment.Job instance at 0x7fdbe0c8cb90>,3,23,[5 1],4,4,27,0,4
1,<environment.Job instance at 0x7fdbe0c8c5a0>,4,18,[5 5],5,5,23,0,5
1,<environment.Job instance at 0x7fdbe0c8c9b0>,9,17,[ 3 11],10,24,41,14,12
1,<environment.Job instance at 0x7fdbe05979b0>,10,15,[ 5 11],11,41,56,30,27
1,<environment.Job instance at 0x7fdbe05971e0>,11,28,[ 2 11],12,56,84,44,55
1,<environment.Job instance at 0x7fdbe05977d0>,12,23,[5 5],13,84,107,71,78
1,<environment.Job instance at 0x7fdbe0597eb0>,13,12,[11  3],14,107,119,93,90
1,<environment.Job instance at 0x7fdbe2e6e8c0>,14,26,[ 4 12],15,107,133,92,104
1,<environment.Job instance at 0x7fdbe2e6e140>,15,12,[ 4 12],16,133,145,117,116
1,<environment.Job instance at 0x7fdbe2e6e640>,16,24,[5 2],17,119,143,102,116
1,<environment.Job instance at 0x7fdbe0c8c500>,7,18,[9 2],8,143,161,135,132
1,<environment.Job instance at 0x7fdbe2e6e370>,20,17,[2 7],21,145,162,124,138
1,<environment.Job instance at 0x7fdbe2e6e690>,17,18,[14  4],18,162,180,144,151
1,<environment.Job instance at 0x7fdbdfe392d0>,23,15,[ 4 10],24,180,195,156,166
1,<environment.Job instance at 0x7fdbdfe393c0>,24,27,[3 6],25,195,222,170,193
1,<environment.Job instance at 0x7fdbdfe39e10>,25,18,[1 7],26,195,213,169,193
1,<environment.Job instance at 0x7fdbdfe39280>,26,22,[ 4 10],27,222,244,195,215
1,<environment.Job instance at 0x7fdbdfe39eb0>,27,28,[13  2],28,244,272,216,243
1,<environment.Job instance at 0x7fdbdfe394b0>,28,17,[4 5],29,272,289,243,260
1,<environment.Job instance at 0x7fdbe979d2d0>,29,28,[1 5],30,260,288,230,260
1,<environment.Job instance at 0x7fdbdfe39d20>,30,14,[13  2],31,289,303,258,274
1,<environment.Job instance at 0x7fdbdfe39be0>,31,13,[11  3],32,303,316,271,287
1,<environment.Job instance at 0x7fdbe9a01140>,32,20,[1 5],33,287,307,254,287
1,<environment.Job instance at 0x7fdbe9a015a0>,33,24,[ 3 12],34,307,331,273,302
1,<environment.Job instance at 0x7fdbe9a01d20>,34,20,[ 5 12],35,331,351,296,322
1,<environment.Job instance at 0x7fdbe9a01d70>,35,13,[8 1],36,322,335,286,322
1,<environment.Job instance at 0x7fdbe9a010a0>,36,14,[1 6],37,351,365,314,336
1,<environment.Job instance at 0x7fdbe9a016e0>,37,13,[6 3],38,336,349,298,336
1,<environment.Job instance at 0x7fdbdfea34b0>,38,27,[14  2],39,351,378,312,349
1,<environment.Job instance at 0x7fdbdfea30f0>,39,17,[ 5 12],40,378,395,338,366
1,<environment.Job instance at 0x7fdbdfea3050>,40,20,[3 8],41,395,415,354,386
1,<environment.Job instance at 0x7fdbdfea3aa0>,41,24,[11  5],42,395,419,353,390
1,<environment.Job instance at 0x7fdbdfea3140>,42,12,[5 9],43,419,431,376,402
1,<environment.Job instance at 0x7fdbdfea3820>,43,23,[9 3],44,419,442,375,413
1,<environment.Job instance at 0x7fdbdfea35f0>,44,17,[5 3],45,431,448,386,419
1,<environment.Job instance at 0x7fdbdfea3d70>,45,16,[12  5],46,448,464,402,435
1,<environment.Job instance at 0x7fdbdfea36e0>,46,12,[5 7],47,464,476,417,447
1,<environment.Job instance at 0x7fdbdfea38c0>,47,25,[3 6],48,447,472,399,447
1,<environment.Job instance at 0x7fdbe040dcd0>,48,23,[ 2 12],49,476,499,427,470
1,<environment.Job instance at 0x7fdbe040d870>,49,14,[14  4],50,499,513,449,484
1,<environment.Job instance at 0x7fdbe040de10>,50,17,[ 3 14],51,513,530,462,501
1,<environment.Job instance at 0x7fdbe040dc30>,51,15,[1 6],52,530,545,478,516
1,<environment.Job instance at 0x7fdbe040d7d0>,52,21,[2 6],53,530,551,477,522
1,<environment.Job instance at 0x7fdbe040db90>,53,22,[13  1],54,545,567,491,538
1,<environment.Job instance at 0x7fdbe040d190>,54,13,[ 1 13],55,551,564,496,538
1,<environment.Job instance at 0x7fdbe040dbe0>,55,17,[14  3],56,567,584,511,555
1,<environment.Job instance at 0x7fdbe040d5a0>,56,20,[9 3],57,584,604,527,575
1,<environment.Job instance at 0x7fdbe040d320>,57,23,[13  2],58,604,627,546,598
1,<environment.Job instance at 0x7fdbe040db40>,58,14,[12  4],59,627,641,568,612
1,<environment.Job instance at 0x7fdbe040ddc0>,59,25,[ 2 10],60,612,637,552,612
1,<environment.Job instance at 0x7fdbe040d0f0>,60,24,[14  1],61,641,665,580,636
1,<environment.Job instance at 0x7fdbe040d460>,61,24,[ 4 14],62,665,689,603,660
1,<environment.Job instance at 0x7fdbe040dc80>,62,25,[14  2],63,689,714,626,685
1,<environment.Job instance at 0x7fdbe040da50>,63,16,[8 2],64,714,730,650,701
1,<environment.Job instance at 0x7fdbdf776050>,64,28,[5 9],65,714,742,649,713
1,<environment.Job instance at 0x7fdbdf776a00>,65,14,[7 1],66,730,744,664,715
1,<environment.Job instance at 0x7fdbdf7765f0>,66,28,[12  1],67,744,772,677,743
1,<environment.Job instance at 0x7fdbdf776c30>,67,22,[2 6],68,743,765,675,743
1,<environment.Job instance at 0x7fdbdf776960>,68,17,[5 5],69,772,789,703,760
1,<environment.Job instance at 0x7fdbdf7767d0>,69,16,[5 5],70,772,788,702,760
1,<environment.Job instance at 0x7fdbdf7761e0>,70,20,[1 5],71,760,780,689,760
1,<environment.Job instance at 0x7fdbdf776730>,71,23,[7 5],72,788,811,716,782
1,<environment.Job instance at 0x7fdbdf776230>,72,17,[9 1],73,811,828,738,799
1,<environment.Job instance at 0x7fdbdf776140>,73,18,[11  4],74,828,846,754,817
1,<environment.Job instance at 0x7fdbdf776fa0>,74,23,[9 1],75,846,869,771,840
1,<environment.Job instance at 0x7fdbdf7760f0>,75,22,[ 3 11],76,840,862,764,840
1,<environment.Job instance at 0x7fdbdf776280>,76,23,[9 4],77,869,892,792,863
1,<environment.Job instance at 0x7fdbdf776d20>,77,13,[13  3],78,892,905,814,876
1,<environment.Job instance at 0x7fdbdf776f50>,78,18,[1 8],79,876,894,797,876
1,<environment.Job instance at 0x7fdbdf776a50>,79,19,[14  1],80,905,924,825,895
1,<environment.Job instance at 0x7fdbdf776f00>,80,13,[ 3 14],81,924,937,843,908
1,<environment.Job instance at 0x7fdbdf776690>,81,21,[ 5 14],82,937,958,855,929
1,<environment.Job instance at 0x7fdbdf776e10>,82,20,[3 5],83,958,978,875,949
1,<environment.Job instance at 0x7fdbdf7768c0>,83,18,[7 1],84,949,967,865,949
1,<environment.Job instance at 0x7fdbdf776d70>,84,21,[8 2],85,967,988,882,959
1,<environment.Job instance at 0x7fdbe01547d0>,85,18,[13  2],86,988,1006,902,977
1,<environment.Job instance at 0x7fdbe0154780>,86,18,[7 4],87,1006,1024,919,995
1,<environment.Job instance at 0x7fdbe0154820>,87,17,[12  2],88,1024,1041,936,1012
1,<environment.Job instance at 0x7fdbe0154730>,88,24,[4 8],89,1041,1065,952,1036
1,<environment.Job instance at 0x7fdbe0154500>,89,22,[3 7],90,1036,1058,946,1036
1,<environment.Job instance at 0x7fdbe0154320>,90,21,[5 3],91,1058,1079,967,1050
1,<environment.Job instance at 0x7fdbe0154370>,91,21,[1 7],92,1065,1086,973,1057
1,<environment.Job instance at 0x7fdbe01542d0>,92,14,[3 7],93,1079,1093,986,1064
1,<environment.Job instance at 0x7fdbe0980140>,93,17,[14  5],94,1093,1110,999,1081
1,<environment.Job instance at 0x7fdbe0980410>,94,12,[11  5],95,1110,1122,1015,1093
1,<environment.Job instance at 0x7fdbe0980aa0>,95,12,[8 5],96,1122,1134,1026,1105
1,<environment.Job instance at 0x7fdbe0980be0>,96,12,[11  1],97,1134,1146,1037,1117
1,<environment.Job instance at 0x7fdbe09805f0>,97,19,[6 2],98,1146,1165,1048,1136
1,<environment.Job instance at 0x7fdbe0980280>,98,18,[10  2],99,1165,1183,1066,1154
1,<environment.Job instance at 0x7fdbdfda5460>,0,14,[11  1],1,1,15,0,1
1,<environment.Job instance at 0x7fdbe05d47d0>,13,16,[1 9],14,14,30,0,14
1,<environment.Job instance at 0x7fdbe05d4aa0>,16,12,[9 1],17,17,29,0,17
1,<environment.Job instance at 0x7fdbe05d4e60>,17,12,[ 5 10],18,30,42,12,18
1,<environment.Job instance at 0x7fdbe05b81e0>,19,16,[9 4],20,29,45,9,20
1,<environment.Job instance at 0x7fdbdf4f6b40>,30,15,[8 4],31,45,60,14,32
1,<environment.Job instance at 0x7fdbdfdd6c30>,32,15,[2 8],33,42,57,9,37
1,<environment.Job instance at 0x7fdbe003ea00>,33,17,[2 7],34,57,74,23,45
1,<environment.Job instance at 0x7fdbdfdc2550>,39,21,[8 2],40,60,81,20,52
1,<environment.Job instance at 0x7fdbdfdf6140>,46,12,[9 5],47,81,93,34,64
1,<environment.Job instance at 0x7fdbe059d780>,49,15,[7 3],50,93,108,43,79
1,<environment.Job instance at 0x7fdbdfdd4550>,55,18,[2 7],56,80,98,24,80
1,<environment.Job instance at 0x7fdbdfdd47d0>,59,18,[8 3],60,98,116,38,88
1,<environment.Job instance at 0x7fdbdfdd4b90>,63,22,[1 7],64,108,130,44,101
1,<environment.Job instance at 0x7fdbdff48780>,25,25,[11  1],26,116,141,90,113
1,<environment.Job instance at 0x7fdbdfdcf190>,69,18,[4 9],70,130,148,60,124
1,<environment.Job instance at 0x7fdbdfdcf0a0>,70,25,[12  4],71,148,173,77,144
1,<environment.Job instance at 0x7fdbdfdcf050>,72,28,[1 5],73,144,172,71,144
1,<environment.Job instance at 0x7fdbe05a2d20>,73,12,[10  4],74,173,185,99,156
1,<environment.Job instance at 0x7fdbdfdcf0f0>,71,22,[1 9],72,172,194,100,170
1,<environment.Job instance at 0x7fdbe05a2f00>,76,14,[5 6],77,185,199,108,171
1,<environment.Job instance at 0x7fdbdff4b370>,82,14,[5 7],83,194,208,111,179
1,<environment.Job instance at 0x7fdbdff4b7d0>,88,20,[7 1],89,199,219,110,190
1,<environment.Job instance at 0x7fdbdff4b140>,89,13,[ 2 10],90,208,221,118,192
1,<environment.Job instance at 0x7fdbdff4b730>,93,17,[10  1],94,219,236,125,207
1,<environment.Job instance at 0x7fdbdff4bc30>,96,22,[3 5],97,221,243,124,216
1,<environment.Job instance at 0x7fdbdff4bd70>,98,16,[6 3],99,236,252,137,223
1,<environment.Job instance at 0x7fdbe05a2dc0>,74,17,[8 3],75,243,260,168,231
1,<environment.Job instance at 0x7fdbdff48320>,22,23,[7 2],23,252,275,229,246
1,<environment.Job instance at 0x7fdbdfda50a0>,1,21,[14  1],2,275,296,273,267
1,<environment.Job instance at 0x7fdbe01f7be0>,2,16,[6 1],3,3,19,0,3
1,<environment.Job instance at 0x7fdbe01f74b0>,4,14,[11  1],5,19,33,14,5
1,<environment.Job instance at 0x7fdbe037bb40>,8,27,[ 1 10],9,11,38,2,11
1,<environment.Job instance at 0x7fdbe037b870>,9,14,[13  4],10,33,47,23,18
1,<environment.Job instance at 0x7fdbe037b370>,6,14,[13  4],7,47,61,40,32
1,<environment.Job instance at 0x7fdbe037b820>,24,18,[5 5],25,61,79,36,50
1,<environment.Job instance at 0x7fdbe0d58730>,27,16,[5 6],28,61,77,33,50
1,<environment.Job instance at 0x7fdbe0d583c0>,33,15,[5 5],34,77,92,43,63
1,<environment.Job instance at 0x7fdbe0d58640>,36,14,[5 8],37,79,93,42,74
1,<environment.Job instance at 0x7fdbe0d584b0>,40,20,[5 5],41,92,112,51,83
1,<environment.Job instance at 0x7fdbe01db500>,42,13,[6 3],43,93,106,50,83
1,<environment.Job instance at 0x7fdbe01db0a0>,51,12,[5 4],52,106,118,54,98
1,<environment.Job instance at 0x7fdbdf7deaf0>,56,16,[2 6],57,99,115,42,99
1,<environment.Job instance at 0x7fdbdf7f0960>,70,18,[1 6],71,115,133,44,104
1,<environment.Job instance at 0x7fdbe037bfa0>,10,20,[ 5 12],11,133,153,122,124
1,<environment.Job instance at 0x7fdbdf7f0f00>,76,18,[3 8],77,153,171,76,142
1,<environment.Job instance at 0x7fdbdf7f0a50>,80,15,[5 6],81,153,168,72,142
1,<environment.Job instance at 0x7fdbe93c9e60>,95,19,[8 5],96,168,187,72,158
1,<environment.Job instance at 0x7fdbe01f7780>,0,27,[12  5],1,2665,2692,2664,2665
1,<environment.Job instance at 0x7fdbe93f90a0>,0,15,[ 4 12],1,1,16,0,1
1,<environment.Job instance at 0x7fdbe06c1500>,3,16,[1 5],4,16,32,12,4
1,<environment.Job instance at 0x7fdbdf578460>,4,19,[6 2],5,5,24,0,5
1,<environment.Job instance at 0x7fdbdf578a50>,11,12,[1 9],12,24,36,12,12
1,<environment.Job instance at 0x7fdbdf56f0a0>,18,16,[7 3],19,32,48,13,19
1,<environment.Job instance at 0x7fdbdf56f3c0>,22,17,[10  5],23,48,65,25,36
1,<environment.Job instance at 0x7fdbe06c8af0>,25,14,[8 3],26,65,79,39,50
1,<environment.Job instance at 0x7fdbe06c8280>,27,17,[9 4],28,79,96,51,67
1,<environment.Job instance at 0x7fdbe06c8230>,28,16,[10  4],29,96,112,67,83
1,<environment.Job instance at 0x7fdbe009e050>,7,20,[5 3],8,83,103,75,83
1,<environment.Job instance at 0x7fdbdf9e33c0>,33,19,[ 5 10],34,103,122,69,93
1,<environment.Job instance at 0x7fdbe05729b0>,35,16,[2 6],36,122,138,86,109
1,<environment.Job instance at 0x7fdbe00b9730>,40,14,[5 6],41,122,136,81,109
1,<environment.Job instance at 0x7fdbe0085500>,34,14,[ 3 14],35,138,152,103,126
1,<environment.Job instance at 0x7fdbe057b820>,45,15,[9 3],46,152,167,106,138
1,<environment.Job instance at 0x7fdbdf9ea960>,46,12,[5 1],47,138,150,91,138
1,<environment.Job instance at 0x7fdbdf9eaf50>,47,16,[7 4],48,167,183,119,154
1,<environment.Job instance at 0x7fdbdf57fe10>,48,19,[8 2],49,167,186,118,157
1,<environment.Job instance at 0x7fdbe0297280>,51,16,[7 5],52,183,199,131,170
1,<environment.Job instance at 0x7fdbe056b500>,56,13,[5 5],57,186,199,129,170
1,<environment.Job instance at 0x7fdbe056bf00>,59,14,[3 7],60,199,213,139,184
1,<environment.Job instance at 0x7fdbe0084320>,60,18,[1 5],61,186,204,125,184
1,<environment.Job instance at 0x7fdbe0084280>,68,17,[3 5],69,204,221,135,192
1,<environment.Job instance at 0x7fdbe0084eb0>,71,21,[6 2],72,199,220,127,192
1,<environment.Job instance at 0x7fdbe0084870>,74,13,[10  4],75,220,233,145,204
1,<environment.Job instance at 0x7fdbe00bfb40>,79,22,[4 8],80,221,243,141,216
1,<environment.Job instance at 0x7fdbe00b0280>,87,14,[5 6],88,233,247,145,218
1,<environment.Job instance at 0x7fdbe00b04b0>,91,12,[7 5],92,243,255,151,226
1,<environment.Job instance at 0x7fdbe00b05f0>,94,16,[10  5],95,255,271,160,242
1,<environment.Job instance at 0x7fdbe00b00a0>,96,13,[6 3],97,271,284,174,255
1,<environment.Job instance at 0x7fdbe00b07d0>,97,15,[10  3],98,284,299,186,270
1,<environment.Job instance at 0x7fdbe00b0870>,98,12,[3 9],99,270,282,171,270
1,<environment.Job instance at 0x7fdbe0948230>,1,21,[5 2],2,271,292,269,271
1,<environment.Job instance at 0x7fdbe057bc30>,44,13,[6 4],45,299,312,254,291
1,<environment.Job instance at 0x7f1c809e1230>,0,17,[6 1],1,1,18,0,1
1,<environment.Job instance at 0x7f1c809e1320>,2,20,[7 4],3,3,23,0,3
1,<environment.Job instance at 0x7f1c773f5d70>,10,15,[5 1],11,18,33,7,11
1,<environment.Job instance at 0x7f1c773f8050>,11,15,[6 1],12,23,38,11,12
1,<environment.Job instance at 0x7f1c773f87d0>,22,13,[7 4],23,33,46,10,23
1,<environment.Job instance at 0x7f1c773f89b0>,24,20,[4 6],25,38,58,13,29
1,<environment.Job instance at 0x7f1c773f8a50>,26,12,[8 5],27,46,58,19,29
1,<environment.Job instance at 0x7f1c773f8f00>,32,17,[9 3],33,58,75,25,46
1,<environment.Job instance at 0x7f1c773fb190>,35,16,[1 9],36,58,74,22,46
1,<environment.Job instance at 0x7f1c773fb230>,36,20,[7 5],37,75,95,38,66
1,<environment.Job instance at 0x7f1c773fb410>,39,18,[9 4],40,95,113,55,84
1,<environment.Job instance at 0x7f1c773fb690>,43,16,[1 8],44,85,101,41,85
1,<environment.Job instance at 0x7f1c773fb910>,46,14,[6 5],47,101,115,54,86
1,<environment.Job instance at 0x7f1c773fb960>,49,13,[1 5],50,113,126,63,97
1,<environment.Job instance at 0x7f1c773fbb90>,51,13,[5 6],52,115,128,63,99
1,<environment.Job instance at 0x7f1c773fbd20>,53,17,[7 4],54,113,130,59,101
1,<environment.Job instance at 0x7f1c773fbd70>,54,13,[7 3],55,128,141,73,112
1,<environment.Job instance at 0x7f1c773fbf00>,56,21,[8 4],57,130,151,73,123
1,<environment.Job instance at 0x7f1c773fe050>,59,19,[1 7],60,141,160,81,131
1,<environment.Job instance at 0x7f1c773fe370>,63,12,[5 3],64,141,153,77,131
1,<environment.Job instance at 0x7f1c773fe5a0>,67,18,[9 4],68,151,169,83,140
1,<environment.Job instance at 0x7f1c773fe960>,70,15,[8 4],71,169,184,98,155
1,<environment.Job instance at 0x7f1c773fea00>,71,14,[4 9],72,160,174,88,156
1,<environment.Job instance at 0x7f1c773feb40>,73,18,[3 5],74,174,192,100,163
1,<environment.Job instance at 0x7f1c773febe0>,74,19,[3 8],75,184,203,109,174
1,<environment.Job instance at 0x7f1c773fed20>,76,14,[10  4],77,192,206,115,177
1,<environment.Job instance at 0x7f1c773fe5f0>,81,19,[5 5],82,203,222,121,193
1,<environment.Job instance at 0x7f1c773fe640>,82,14,[8 5],83,206,220,123,193
1,<environment.Job instance at 0x7f1c774011e0>,83,21,[4 8],84,220,241,136,212
1,<environment.Job instance at 0x7f1c774015a0>,86,15,[1 7],87,222,237,135,212
1,<environment.Job instance at 0x7f1c77401690>,88,18,[7 1],89,237,255,148,226
1,<environment.Job instance at 0x7f1c77401730>,89,16,[4 9],90,241,257,151,229
1,<environment.Job instance at 0x7f1c77401b90>,96,16,[8 4],97,255,271,158,242
1,<environment.Job instance at 0x7f1c77401d20>,97,18,[2 6],98,257,275,159,246
1,<environment.Job instance at 0x7f1c774032d0>,104,16,[1 9],105,271,287,166,258
1,<environment.Job instance at 0x7f1c77403410>,106,16,[7 5],107,275,291,168,262
1,<environment.Job instance at 0x7f1c773f80a0>,17,19,[12  4],18,2952,2971,2934,2952
1,<environment.Job instance at 0x7f1c809e11e0>,1,24,[10  1],2,2971,2995,2969,2966
1,<environment.Job instance at 0x7f1c76b3c550>,1,23,[5 1],2,2,25,0,2
1,<environment.Job instance at 0x7f1c76b3cc80>,3,12,[1 6],4,5,17,1,5
1,<environment.Job instance at 0x7f1c76b1bb40>,6,17,[5 5],7,7,24,0,7
1,<environment.Job instance at 0x7f1c76b3cf50>,4,17,[5 1],5,17,34,12,10
1,<environment.Job instance at 0x7f1c76b3f370>,8,15,[ 4 10],9,24,39,15,11
1,<environment.Job instance at 0x7f1c76b3e410>,12,18,[7 4],13,34,52,21,23
1,<environment.Job instance at 0x7f1c76b3ee10>,20,21,[5 4],21,39,60,18,31
1,<environment.Job instance at 0x7f1c76b33a50>,26,12,[5 4],27,52,64,25,35
1,<environment.Job instance at 0x7f1c76b337d0>,28,14,[6 5],29,60,74,31,45
1,<environment.Job instance at 0x7f1c76b33140>,29,17,[8 2],30,64,81,34,52
1,<environment.Job instance at 0x7f1c76b38af0>,31,13,[1 8],32,64,77,32,52
1,<environment.Job instance at 0x7f1c76b3f2d0>,9,20,[4 9],10,77,97,67,71
1,<environment.Job instance at 0x7f1c76c7aeb0>,38,13,[10  5],39,81,94,42,71
1,<environment.Job instance at 0x7f1c76c23190>,37,21,[9 2],38,94,115,56,86
1,<environment.Job instance at 0x7f1c76b3e820>,10,17,[ 4 12],11,97,114,86,86
1,<environment.Job instance at 0x7f1c76d68b40>,45,17,[5 8],46,114,131,68,102
1,<environment.Job instance at 0x7f1c769aaaa0>,52,19,[2 5],53,115,134,62,108
1,<environment.Job instance at 0x7f1c769bf190>,46,15,[ 2 10],47,131,146,84,117
1,<environment.Job instance at 0x7f1c769b2870>,55,16,[11  3],56,134,150,78,121
1,<environment.Job instance at 0x7f1c76b3c6e0>,83,15,[9 5],84,150,165,66,144
1,<environment.Job instance at 0x7f1c769b2b90>,56,24,[13  4],57,165,189,108,160
1,<environment.Job instance at 0x7f1c7698d1e0>,88,14,[7 1],89,189,203,100,174
1,<environment.Job instance at 0x7f1c7698d320>,89,14,[14  2],90,203,217,113,188
1,<environment.Job instance at 0x7f1c7698d500>,90,13,[12  2],91,217,230,126,201
1,<environment.Job instance at 0x7f1c7698d730>,91,27,[3 6],92,217,244,125,215
1,<environment.Job instance at 0x7f1c7698d5a0>,87,19,[3 8],88,230,249,142,221
1,<environment.Job instance at 0x7f1c7698d640>,93,15,[6 1],94,230,245,136,221
1,<environment.Job instance at 0x7f1c7698cbe0>,94,18,[5 4],95,244,262,149,233
1,<environment.Job instance at 0x7f1c7698caa0>,104,13,[2 5],105,249,262,144,233
1,<environment.Job instance at 0x7f1c7698dc80>,92,22,[2 8],93,263,285,170,263
1,<environment.Job instance at 0x7f1c76b3cb40>,0,27,[ 3 11],1,285,312,284,285
1,<environment.Job instance at 0x7f1c76b3cd20>,2,17,[12  4],3,4052,4069,4049,4052
1,<environment.Job instance at 0x7f1c7699f9b0>,6,15,[8 5],7,7,22,0,7
1,<environment.Job instance at 0x7f1c7699f730>,1,17,[14  5],2,22,39,20,10
1,<environment.Job instance at 0x7f1c7699fd20>,9,12,[4 8],10,39,51,29,22
1,<environment.Job instance at 0x7f1c7699fc30>,11,13,[ 4 11],12,51,64,39,35
1,<environment.Job instance at 0x7f1c769f16e0>,13,19,[ 5 10],14,64,83,50,54
1,<environment.Job instance at 0x7f1c769f1820>,16,13,[4 8],17,83,96,66,67
1,<environment.Job instance at 0x7f1c769f1a50>,17,16,[8 4],18,67,83,49,67
1,<environment.Job instance at 0x7f1c769f1aa0>,20,13,[2 7],21,83,96,62,67
1,<environment.Job instance at 0x7f1c769f43c0>,25,13,[9 2],26,96,109,70,80
1,<environment.Job instance at 0x7f1c769f4aa0>,26,13,[4 5],27,96,109,69,80
1,<environment.Job instance at 0x7f1c769f49b0>,32,13,[3 5],33,109,122,76,93
1,<environment.Job instance at 0x7f1c769f4910>,33,16,[5 8],34,109,125,75,96
1,<environment.Job instance at 0x7f1c773d2b40>,36,14,[3 5],37,122,136,85,110
1,<environment.Job instance at 0x7f1c769ebb90>,43,17,[10  2],44,125,142,81,113
1,<environment.Job instance at 0x7f1c769eb960>,47,17,[10  4],48,142,159,94,130
1,<environment.Job instance at 0x7f1c769ebaa0>,48,13,[6 4],49,159,172,110,143
1,<environment.Job instance at 0x7f1c769eb190>,51,16,[6 3],52,159,175,107,146
1,<environment.Job instance at 0x7f1c769eb0a0>,55,13,[8 3],56,172,185,116,156
1,<environment.Job instance at 0x7f1c76a3af50>,56,22,[7 5],57,175,197,118,168
1,<environment.Job instance at 0x7f1c76a3a0f0>,57,20,[5 8],58,185,205,127,176
1,<environment.Job instance at 0x7f1c76a3af00>,58,17,[8 4],59,197,214,138,185
1,<environment.Job instance at 0x7f1c76a74730>,59,15,[3 6],60,205,220,145,191
1,<environment.Job instance at 0x7f1c76a74910>,62,15,[5 8],63,214,229,151,200
1,<environment.Job instance at 0x7f1c76a740a0>,63,20,[ 4 10],64,229,249,165,220
1,<environment.Job instance at 0x7f1c76a745a0>,66,17,[ 5 10],67,249,266,182,240
1,<environment.Job instance at 0x7f1c76a74460>,70,13,[8 4],71,240,253,169,240
1,<environment.Job instance at 0x7f1c76a74fa0>,78,12,[5 8],79,266,278,187,249
1,<environment.Job instance at 0x7f1c76a74870>,79,13,[5 1],80,253,266,173,249
1,<environment.Job instance at 0x7f1c76a2adc0>,80,12,[5 5],81,266,278,185,249
1,<environment.Job instance at 0x7f1c76a2a320>,83,18,[9 5],84,278,296,194,267
1,<environment.Job instance at 0x7f1c76a2ae60>,84,18,[1 7],85,278,296,193,267
1,<environment.Job instance at 0x7f1c76a845a0>,90,14,[7 1],91,296,310,205,281
1,<environment.Job instance at 0x7f1c76a845f0>,94,12,[4 7],95,296,308,201,281
1,<environment.Job instance at 0x7f1c76a843c0>,100,14,[3 7],101,296,310,195,285
1,<environment.Job instance at 0x7f1c769e8320>,104,16,[ 4 10],105,310,326,205,297
1,<environment.Job instance at 0x7f1c769f1870>,12,16,[14  3],13,326,342,313,317
1,<environment.Job instance at 0x7f1c769e8dc0>,105,20,[5 8],106,342,362,236,333
1,<environment.Job instance at 0x7f1c769f13c0>,14,22,[ 4 10],15,362,384,347,356
1,<environment.Job instance at 0x7f1c7699f550>,0,23,[1 9],1,384,407,383,380
1,<environment.Job instance at 0x7f1c769f1910>,10,19,[4 7],11,700,719,689,700
1,<environment.Job instance at 0x7f1c80b50f50>,2,13,[2 9],3,3,16,0,3
1,<environment.Job instance at 0x7f1c80b50fa0>,4,12,[2 7],5,16,28,11,7
1,<environment.Job instance at 0x7f1c80b508c0>,5,27,[12  5],6,8,35,2,8
1,<environment.Job instance at 0x7f1c76e063c0>,13,17,[5 9],14,35,52,21,23
1,<environment.Job instance at 0x7f1c76e06960>,14,17,[7 1],15,35,52,20,23
1,<environment.Job instance at 0x7f1c77554c30>,28,14,[3 6],29,52,66,23,37
1,<environment.Job instance at 0x7f1c76e060a0>,29,12,[6 4],30,52,64,22,37
1,<environment.Job instance at 0x7f1c77554280>,38,16,[5 2],39,52,68,13,40
1,<environment.Job instance at 0x7f1c77554e10>,39,22,[2 5],40,64,86,24,57
1,<environment.Job instance at 0x7f1c77938af0>,45,13,[5 5],46,66,79,20,57
1,<environment.Job instance at 0x7f1c77938140>,46,20,[7 1],47,68,88,21,59
1,<environment.Job instance at 0x7f1c77938410>,51,20,[5 5],52,79,99,27,70
1,<environment.Job instance at 0x7f1c77938e60>,55,17,[7 4],56,88,105,32,76
1,<environment.Job instance at 0x7f1c77938500>,57,19,[3 8],58,99,118,41,89
1,<environment.Job instance at 0x7f1c77544be0>,59,13,[1 7],60,105,118,45,89
1,<environment.Job instance at 0x7f1c77544280>,62,18,[10  5],63,118,136,55,107
1,<environment.Job instance at 0x7f1c77544aa0>,69,16,[4 5],70,118,134,48,107
1,<environment.Job instance at 0x7f1c77544550>,72,14,[4 5],73,134,148,61,119
1,<environment.Job instance at 0x7f1c775443c0>,75,13,[5 6],76,136,149,60,120
1,<environment.Job instance at 0x7f1c76b92f00>,80,20,[4 9],81,148,168,67,141
1,<environment.Job instance at 0x7f1c76b13780>,88,18,[5 5],89,149,167,60,141
1,<environment.Job instance at 0x7f1c76f01fa0>,99,13,[6 2],100,167,180,67,151
1,<environment.Job instance at 0x7f1c76f01780>,101,12,[7 5],102,168,180,66,151
1,<environment.Job instance at 0x7f1c76f01500>,102,20,[10  2],103,180,200,77,171
1,<environment.Job instance at 0x7f1c76f01af0>,104,15,[2 6],105,171,186,66,171
1,<environment.Job instance at 0x7f1c76f017d0>,105,17,[10  4],106,200,217,94,188
1,<environment.Job instance at 0x7f1c76f01aa0>,106,19,[6 5],107,217,236,110,207
1,<environment.Job instance at 0x7f1c76e06e10>,12,23,[5 8],13,208,231,195,208
1,<environment.Job instance at 0x7f1c80b50730>,3,20,[4 9],4,231,251,227,222
1,<environment.Job instance at 0x7f1c80b502d0>,0,28,[7 4],1,236,264,235,235
1,<environment.Job instance at 0x7f1c769da3c0>,1,20,[ 2 10],2,2,22,0,2
1,<environment.Job instance at 0x7f1c76d6bbe0>,5,15,[13  4],6,8,23,2,8
1,<environment.Job instance at 0x7f1c76d6b0a0>,7,15,[4 9],8,23,38,15,10
1,<environment.Job instance at 0x7f1c76d6af00>,12,19,[7 3],13,23,42,10,14
1,<environment.Job instance at 0x7f1c76d6a7d0>,15,18,[5 5],16,38,56,22,27
1,<environment.Job instance at 0x7f1c76d6a550>,16,15,[2 6],17,38,53,21,27
1,<environment.Job instance at 0x7f1c76d6a280>,17,14,[8 4],18,42,56,24,27
1,<environment.Job instance at 0x7f1c76d6b190>,9,12,[4 6],10,56,68,46,42
1,<environment.Job instance at 0x7f1c76d49140>,24,21,[10  3],25,56,77,31,48
1,<environment.Job instance at 0x7f1c7785aaa0>,25,12,[12  2],26,77,89,51,60
1,<environment.Job instance at 0x7f1c7785a8c0>,26,12,[14  2],27,89,101,62,72
1,<environment.Job instance at 0x7f1c76e39e10>,27,15,[ 4 10],28,101,116,73,87
1,<environment.Job instance at 0x7f1c76d70870>,28,13,[14  5],29,116,129,87,100
1,<environment.Job instance at 0x7f1c77f21780>,29,25,[13  3],30,129,154,99,125
1,<environment.Job instance at 0x7f1c76e4c280>,30,14,[ 1 14],31,154,168,123,139
1,<environment.Job instance at 0x7f1c76e44690>,31,14,[5 3],32,168,182,136,153
1,<environment.Job instance at 0x7f1c77f23870>,36,17,[5 4],37,168,185,131,156
1,<environment.Job instance at 0x7f1c77f236e0>,35,21,[4 8],36,168,189,132,167
1,<environment.Job instance at 0x7f1c76e1b960>,49,12,[5 5],50,185,197,135,168
1,<environment.Job instance at 0x7f1c76e1aeb0>,51,17,[5 4],52,189,206,137,177
1,<environment.Job instance at 0x7f1c77829960>,54,16,[4 6],55,189,205,134,177
1,<environment.Job instance at 0x7f1c76e250f0>,56,16,[7 2],57,205,221,148,192
1,<environment.Job instance at 0x7f1c76e25640>,60,15,[3 5],61,197,212,136,192
1,<environment.Job instance at 0x7f1c76e25550>,62,17,[5 5],63,206,223,143,194
1,<environment.Job instance at 0x7f1c7782dc30>,74,13,[5 5],75,221,234,146,205
1,<environment.Job instance at 0x7f1c76e3e550>,37,20,[8 5],38,223,243,185,214
1,<environment.Job instance at 0x7f1c7782dd70>,76,18,[6 3],77,234,252,157,223
1,<environment.Job instance at 0x7f1c7782de10>,77,16,[9 4],78,243,259,165,230
1,<environment.Job instance at 0x7f1c7782dcd0>,75,22,[4 7],76,252,274,176,245
1,<environment.Job instance at 0x7f1c7782df00>,80,14,[9 5],81,259,273,178,245
1,<environment.Job instance at 0x7f1c76d5c230>,83,19,[7 5],84,273,292,189,263
1,<environment.Job instance at 0x7f1c76d5c2d0>,86,21,[8 4],87,274,295,187,266
1,<environment.Job instance at 0x7f1c76d5c550>,88,15,[1 7],89,292,307,203,278
1,<environment.Job instance at 0x7f1c76d5c370>,89,14,[7 2],90,295,309,205,280
1,<environment.Job instance at 0x7f1c76d5c820>,93,13,[1 6],94,295,308,201,281
1,<environment.Job instance at 0x7f1c76d5c960>,95,15,[1 6],96,307,322,211,293
1,<environment.Job instance at 0x7f1c76d5ca00>,96,13,[5 2],97,308,321,211,293
1,<environment.Job instance at 0x7f1c76d5caa0>,97,16,[ 2 10],98,322,338,224,309
1,<environment.Job instance at 0x7f1c76d5ccd0>,102,18,[2 5],103,309,327,206,309
1,<environment.Job instance at 0x7f1c76d5cd20>,105,19,[5 7],106,338,357,232,328
1,<environment.Job instance at 0x7f1c76f7ff50>,0,19,[3 6],1,338,357,337,328
1,<environment.Job instance at 0x7f1c7782deb0>,78,27,[1 9],79,2253,2280,2174,2253
1,<environment.Job instance at 0x7f1c76d6b870>,8,16,[12  5],9,2257,2273,2248,2257
1,<environment.Job instance at 0x7f1c76d78e60>,0,15,[2 7],1,1,16,0,1
1,<environment.Job instance at 0x7f1c76d6afa0>,1,16,[6 1],2,2,18,0,2
1,<environment.Job instance at 0x7f1c76d6b870>,3,14,[10  3],4,18,32,14,4
1,<environment.Job instance at 0x7f1c76d78500>,2,17,[ 2 12],3,16,33,13,4
1,<environment.Job instance at 0x7f1c76d472d0>,9,14,[ 3 10],10,33,47,23,18
1,<environment.Job instance at 0x7f1c76d47230>,12,16,[1 5],13,33,49,20,20
1,<environment.Job instance at 0x7f1c76d47050>,13,18,[4 9],14,47,65,33,36
1,<environment.Job instance at 0x7f1c76d72e60>,18,13,[10  1],19,47,60,28,36
1,<environment.Job instance at 0x7f1c76d47410>,10,13,[4 5],11,60,73,49,44
1,<environment.Job instance at 0x7f1c76d72910>,30,18,[7 5],31,65,83,34,54
1,<environment.Job instance at 0x7f1c76d61230>,37,16,[2 8],38,73,89,35,60
1,<environment.Job instance at 0x7f1c76d61460>,45,18,[2 5],46,83,101,37,72
1,<environment.Job instance at 0x7f1c76d58730>,50,14,[5 1],51,73,87,22,73
1,<environment.Job instance at 0x7f1c76d58370>,54,14,[8 4],55,89,103,34,74
1,<environment.Job instance at 0x7f1c76d62af0>,64,19,[3 6],65,89,108,24,79
1,<environment.Job instance at 0x7f1c770fd8c0>,71,13,[6 4],72,103,116,31,87
1,<environment.Job instance at 0x7f1c770fdcd0>,74,13,[5 7],75,108,121,33,92
1,<environment.Job instance at 0x7f1c770c8e60>,79,15,[1 8],80,116,131,36,102
1,<environment.Job instance at 0x7f1c770c80f0>,82,20,[8 5],83,121,141,38,112
1,<environment.Job instance at 0x7f1c770c8690>,85,18,[3 7],86,131,149,45,120
1,<environment.Job instance at 0x7f1c770c8f50>,88,20,[2 7],89,141,161,52,133
1,<environment.Job instance at 0x7f1c770c8780>,90,17,[5 2],91,149,166,58,137
1,<environment.Job instance at 0x7f1c770c8870>,91,18,[4 9],92,161,179,69,150
1,<environment.Job instance at 0x7f1c770c8f00>,95,16,[6 2],96,150,166,54,150
1,<environment.Job instance at 0x7f1c77f22140>,99,16,[7 4],100,166,182,66,153
1,<environment.Job instance at 0x7f1c76d78370>,4,18,[4 7],5,228,246,223,228
1,<environment.Job instance at 0x7f1c76d72820>,25,27,[12  4],26,381,408,355,381
1,<environment.Job instance at 0x7f1c76d47460>,8,21,[5 6],9,8830,8851,8821,8830
1,<environment.Job instance at 0x7f1c76e4a230>,3,12,[9 1],4,4,16,0,4
1,<environment.Job instance at 0x7f1c76e4a0f0>,4,15,[14  4],5,16,31,11,6
1,<environment.Job instance at 0x7f1c777e7cd0>,14,21,[3 7],15,31,52,16,23
1,<environment.Job instance at 0x7f1c76d47460>,5,17,[10  1],6,31,48,25,23
1,<environment.Job instance at 0x7f1c777e79b0>,16,17,[3 5],17,48,65,31,36
1,<environment.Job instance at 0x7f1c777e7410>,18,14,[6 5],19,52,66,33,37
1,<environment.Job instance at 0x7f1c777f91e0>,27,15,[4 7],28,65,80,37,51
1,<environment.Job instance at 0x7f1c777f9190>,28,12,[1 7],29,66,78,37,51
1,<environment.Job instance at 0x7f1c777f9730>,29,17,[8 4],30,78,95,48,66
1,<environment.Job instance at 0x7f1c777f9500>,30,16,[1 7],31,80,96,49,67
1,<environment.Job instance at 0x7f1c777e7a50>,15,14,[ 5 13],16,96,110,80,85
1,<environment.Job instance at 0x7f1c76fb8460>,34,27,[ 3 10],35,110,137,75,108
1,<environment.Job instance at 0x7f1c76f87cd0>,33,21,[8 3],34,110,131,76,110
1,<environment.Job instance at 0x7f1c76f38c30>,36,20,[3 6],37,137,157,100,128
1,<environment.Job instance at 0x7f1c77806910>,13,17,[ 4 12],14,157,174,143,145
1,<environment.Job instance at 0x7f1c77e914b0>,40,15,[5 5],41,174,189,133,160
1,<environment.Job instance at 0x7f1c77e92500>,39,16,[ 4 10],40,174,190,134,161
1,<environment.Job instance at 0x7f1c77a41dc0>,45,18,[6 4],46,189,207,143,178
1,<environment.Job instance at 0x7f1c77814f00>,50,15,[11  4],51,207,222,156,193
1,<environment.Job instance at 0x7f1c76f35b90>,51,13,[5 6],52,193,206,141,193
1,<environment.Job instance at 0x7f1c76f153c0>,54,19,[1 6],55,206,225,151,197
1,<environment.Job instance at 0x7f1c76fb8be0>,35,25,[ 3 14],36,225,250,189,221
1,<environment.Job instance at 0x7f1c76f20aa0>,59,13,[5 8],60,250,263,190,234
1,<environment.Job instance at 0x7f1c76f20fa0>,58,22,[8 2],59,250,272,191,250
1,<environment.Job instance at 0x7f1c77a53550>,61,17,[2 7],62,263,280,201,251
1,<environment.Job instance at 0x7f1c77a53c80>,70,14,[9 2],71,272,286,201,257
1,<environment.Job instance at 0x7f1c77a677d0>,74,22,[5 4],75,280,302,205,273
1,<environment.Job instance at 0x7f1c77a67780>,77,16,[5 2],78,286,302,208,273
1,<environment.Job instance at 0x7f1c77a67a00>,78,12,[6 4],79,302,314,223,285
1,<environment.Job instance at 0x7f1c77a670a0>,80,13,[1 8],81,288,301,207,288
1,<environment.Job instance at 0x7f1c77a67c80>,82,22,[8 3],83,302,324,219,295
1,<environment.Job instance at 0x7f1c77a67dc0>,84,18,[5 8],85,314,332,229,303
1,<environment.Job instance at 0x7f1c77a67fa0>,87,20,[5 7],88,324,344,236,315
1,<environment.Job instance at 0x7f1c77a67f50>,88,12,[10  4],89,332,344,243,315
1,<environment.Job instance at 0x7f1c77a2c230>,89,23,[5 6],90,344,367,254,338
1,<environment.Job instance at 0x7f1c77a2c410>,95,22,[6 2],96,344,366,248,338
1,<environment.Job instance at 0x7f1c77a2c730>,99,15,[9 2],100,366,381,266,352
1,<environment.Job instance at 0x7f1c77a2c910>,100,14,[2 7],101,352,366,251,352
1,<environment.Job instance at 0x7f1c77a2c9b0>,101,14,[5 7],102,367,381,265,352
1,<environment.Job instance at 0x7f1c77a2caf0>,103,16,[6 2],104,381,397,277,368
1,<environment.Job instance at 0x7f1c77a2cd70>,107,14,[2 9],108,381,395,273,369
1,<environment.Job instance at 0x7f1c77a3d960>,41,18,[ 1 12],42,395,413,353,386
1,<environment.Job instance at 0x7f1c76f20c30>,60,23,[2 9],61,887,910,826,887
1,<environment.Job instance at 0x7f1c777e7730>,12,16,[5 4],13,887,903,874,887
1,<environment.Job instance at 0x7f1c77652aa0>,0,22,[10  1],1,913,935,912,913
1,<environment.Job instance at 0x7f1c76e73230>,4,13,[4 5],5,5,18,0,5
1,<environment.Job instance at 0x7f1c76e734b0>,5,20,[3 7],6,6,26,0,6
1,<environment.Job instance at 0x7f1c77652aa0>,7,17,[8 3],8,8,25,0,8
1,<environment.Job instance at 0x7f1c76e73f50>,9,18,[2 7],10,25,43,15,14
1,<environment.Job instance at 0x7f1c8058efa0>,14,16,[1 6],15,26,42,11,15
1,<environment.Job instance at 0x7f1c8058e230>,18,14,[5 2],19,26,40,7,19
1,<environment.Job instance at 0x7f1c8058e0f0>,21,15,[6 3],22,42,57,20,28
1,<environment.Job instance at 0x7f1c8058e7d0>,22,16,[9 3],23,43,59,20,30
1,<environment.Job instance at 0x7f1c8058e4b0>,25,22,[5 5],26,57,79,31,50
1,<environment.Job instance at 0x7f1c8058ecd0>,27,17,[ 1 10],28,59,76,31,52
1,<environment.Job instance at 0x7f1c77891230>,31,15,[5 4],32,76,91,44,62
1,<environment.Job instance at 0x7f1c77891cd0>,36,14,[7 3],37,79,93,42,64
1,<environment.Job instance at 0x7f1c77891690>,45,12,[5 5],46,91,103,45,74
1,<environment.Job instance at 0x7f1c77891e60>,47,19,[1 8],48,93,112,45,83
1,<environment.Job instance at 0x7f1c77891aa0>,48,20,[7 4],49,103,123,54,94
1,<environment.Job instance at 0x7f1c77891820>,49,17,[8 3],50,112,129,62,100
1,<environment.Job instance at 0x7f1c778915f0>,51,14,[8 3],52,129,143,77,114
1,<environment.Job instance at 0x7f1c770d6960>,52,13,[10  5],53,143,156,90,127
1,<environment.Job instance at 0x7f1c770d6eb0>,62,19,[3 6],63,131,150,68,131
1,<environment.Job instance at 0x7f1c76dc1460>,70,18,[7 4],71,156,174,85,145
1,<environment.Job instance at 0x7f1c76dc18c0>,76,20,[2 9],77,156,176,79,156
1,<environment.Job instance at 0x7f1c76dc1b40>,84,20,[5 3],85,174,194,89,165
1,<environment.Job instance at 0x7f1c76dbf2d0>,90,16,[6 3],91,174,190,83,165
1,<environment.Job instance at 0x7f1c76dbf910>,95,12,[10  2],96,190,202,94,173
1,<environment.Job instance at 0x7f1c8058ee10>,11,22,[11  3],12,202,224,190,196
1,<environment.Job instance at 0x7f1c76dbf820>,99,16,[13  1],100,224,240,124,211
1,<environment.Job instance at 0x7f1c76dbf780>,100,14,[5 1],101,240,254,139,225
1,<environment.Job instance at 0x7f1c76dbf640>,101,20,[3 8],102,240,260,138,231
1,<environment.Job instance at 0x7f1c76e738c0>,0,18,[11  2],1,254,272,253,249
1,<environment.Job instance at 0x7f1c76dbf690>,103,13,[13  5],104,272,285,168,257
1,<environment.Job instance at 0x7f1c76dbf3c0>,98,22,[10  1],99,285,307,186,278
1,<environment.Job instance at 0x7f1c76dbfeb0>,106,22,[9 5],107,307,329,200,300
1,<environment.Job instance at 0x7f1c76dbf960>,108,23,[5 5],109,300,323,191,300
1,<environment.Job instance at 0x7f1c8058e9b0>,10,25,[12  2],11,369,394,358,369
1,<environment.Job instance at 0x7f1c76dbfd20>,104,16,[ 5 13],105,394,410,289,381
1,<environment.Job instance at 0x7f1c8058eaf0>,8,22,[2 8],9,1580,1602,1571,1580
1,<environment.Job instance at 0x7f1c767c3d70>,0,14,[ 4 12],1,1,15,0,1
1,<environment.Job instance at 0x7f1c8058eaf0>,2,22,[5 2],3,3,25,0,3
1,<environment.Job instance at 0x7f1c8058e3c0>,1,16,[3 9],2,15,31,13,4
1,<environment.Job instance at 0x7f1c767c3550>,6,16,[1 8],7,31,47,24,18
1,<environment.Job instance at 0x7f1c76855500>,12,21,[1 5],13,25,46,12,18
1,<environment.Job instance at 0x7f1c76855690>,16,12,[2 5],17,46,58,29,29
1,<environment.Job instance at 0x7f1c768550a0>,5,26,[2 5],6,47,73,41,44
1,<environment.Job instance at 0x7f1c76855d20>,18,12,[9 1],19,44,56,25,44
1,<environment.Job instance at 0x7f1c76855320>,19,24,[6 2],20,56,80,36,51
1,<environment.Job instance at 0x7f1c76855dc0>,20,13,[ 1 12],21,73,86,52,57
1,<environment.Job instance at 0x7f1c768558c0>,21,16,[ 2 12],22,86,102,64,73
1,<environment.Job instance at 0x7f1c76855140>,8,16,[11  2],9,80,96,71,78
1,<environment.Job instance at 0x7f1c767d0af0>,38,19,[6 5],39,102,121,63,92
1,<environment.Job instance at 0x7f1c7683d550>,60,16,[5 4],61,102,118,41,92
1,<environment.Job instance at 0x7f1c77fd5410>,78,16,[6 5],79,118,134,39,105
1,<environment.Job instance at 0x7f1c77fdd280>,82,16,[6 3],83,121,137,38,108
1,<environment.Job instance at 0x7f1c76719640>,85,16,[6 4],86,134,150,48,121
1,<environment.Job instance at 0x7f1c7765d5f0>,92,14,[8 4],93,137,151,44,122
1,<environment.Job instance at 0x7f1c77fe71e0>,96,16,[7 5],97,150,166,53,137
1,<environment.Job instance at 0x7f1c767d0e60>,27,16,[ 4 14],28,166,182,138,157
1,<environment.Job instance at 0x7f1c76855f00>,26,13,[14  2],27,182,195,155,166
1,<environment.Job instance at 0x7f1c76855230>,7,16,[8 3],8,195,211,187,183
1,<environment.Job instance at 0x7f1c775dab90>,106,20,[10  4],107,230,250,123,230
1,<environment.Job instance at 0x7f1c768553c0>,4,18,[13  5],5,250,268,245,239
1,<environment.Job instance at 0x7f1c7722e730>,0,27,[ 3 13],1,1,28,0,1
1,<environment.Job instance at 0x7f1c76855190>,1,13,[5 2],2,2,15,0,2
1,<environment.Job instance at 0x7f1c777997d0>,8,13,[2 7],9,28,41,19,12
1,<environment.Job instance at 0x7f1c77799050>,6,22,[10  3],7,28,50,21,21
1,<environment.Job instance at 0x7f1c77799a00>,10,18,[10  1],11,50,68,39,39
1,<environment.Job instance at 0x7f1c77430050>,14,14,[1 6],15,41,55,26,39
1,<environment.Job instance at 0x7f1c777993c0>,9,15,[ 4 13],10,55,70,45,41
1,<environment.Job instance at 0x7f1c77430780>,19,14,[6 1],20,68,82,48,53
1,<environment.Job instance at 0x7f1c77430870>,21,19,[7 3],22,70,89,48,60
1,<environment.Job instance at 0x7f1c77430410>,22,12,[10  4],23,89,101,66,72
1,<environment.Job instance at 0x7f1c77430190>,24,16,[2 5],25,72,88,47,72
1,<environment.Job instance at 0x7f1c77430af0>,28,15,[2 5],29,82,97,53,72
1,<environment.Job instance at 0x7f1c77430320>,29,14,[3 7],30,97,111,67,82
1,<environment.Job instance at 0x7f1c77430730>,34,17,[2 9],35,111,128,76,99
1,<environment.Job instance at 0x7f1c77f7a230>,37,17,[8 4],38,101,118,63,99
1,<environment.Job instance at 0x7f1c77f7ae10>,39,14,[5 1],40,111,125,71,99
1,<environment.Job instance at 0x7f1c77f7a320>,40,14,[2 8],41,128,142,87,113
1,<environment.Job instance at 0x7f1c77f7a7d0>,43,14,[5 2],44,118,132,74,113
1,<environment.Job instance at 0x7f1c77f7ac30>,46,15,[8 1],47,125,140,78,113
1,<environment.Job instance at 0x7f1c77f7a5a0>,47,13,[5 1],48,132,145,84,116
1,<environment.Job instance at 0x7f1c77f7abe0>,48,18,[ 2 10],49,142,160,93,131
1,<environment.Job instance at 0x7f1c77a145f0>,54,15,[5 5],55,145,160,90,131
1,<environment.Job instance at 0x7f1c77a14690>,63,18,[6 4],64,160,178,96,149
1,<environment.Job instance at 0x7f1c77a14aa0>,64,18,[9 1],65,160,178,95,149
1,<environment.Job instance at 0x7f1c77a147d0>,66,14,[5 7],67,178,192,111,163
1,<environment.Job instance at 0x7f1c77a14910>,67,12,[3 8],68,178,190,110,163
1,<environment.Job instance at 0x7f1c76dedc30>,78,13,[2 9],79,192,205,113,176
1,<environment.Job instance at 0x7f1c76deda50>,81,12,[6 3],82,190,202,108,176
1,<environment.Job instance at 0x7f1c76ded690>,83,21,[1 5],84,202,223,118,194
1,<environment.Job instance at 0x7f1c76ded3c0>,84,17,[5 1],85,194,211,109,194
1,<environment.Job instance at 0x7f1c76dedcd0>,89,17,[7 5],90,205,222,115,194
1,<environment.Job instance at 0x7f1c77ac6230>,94,12,[3 7],95,222,234,127,205
1,<environment.Job instance at 0x7f1c77ac62d0>,98,14,[5 7],99,223,237,124,208
1,<environment.Job instance at 0x7f1c77ac6190>,102,13,[9 3],103,234,247,131,218
1,<environment.Job instance at 0x7f1c77ac6690>,104,13,[5 5],105,237,250,132,221
1,<environment.Job instance at 0x7f1c77b14280>,107,20,[4 9],108,247,267,139,238
1,<environment.Job instance at 0x7f1c77799910>,7,19,[ 4 10],8,394,413,386,394
1,<environment.Job instance at 0x7f1c777991e0>,2,18,[11  3],3,402,420,399,402
1,<environment.Job instance at 0x7f1c77799140>,4,18,[6 3],5,3701,3719,3696,3701
1,<environment.Job instance at 0x7f1c77dc47d0>,4,19,[7 5],5,5,24,0,5
1,<environment.Job instance at 0x7f1c77be1280>,7,21,[4 5],8,8,29,0,8
1,<environment.Job instance at 0x7f1c77799140>,9,18,[8 2],10,24,42,14,13
1,<environment.Job instance at 0x7f1c77be1500>,11,28,[4 5],12,29,57,17,28
1,<environment.Job instance at 0x7f1c77be1550>,12,21,[8 4],13,42,63,29,34
1,<environment.Job instance at 0x7f1c77be1780>,16,22,[7 2],17,57,79,40,50
1,<environment.Job instance at 0x7f1c77be13c0>,18,15,[7 4],19,63,78,44,50
1,<environment.Job instance at 0x7f1c77be1d20>,19,14,[4 7],20,78,92,58,63
1,<environment.Job instance at 0x7f1c77be1eb0>,20,19,[5 2],21,79,98,58,69
1,<environment.Job instance at 0x7f1c77be1c30>,22,17,[6 5],23,79,96,56,69
1,<environment.Job instance at 0x7f1c77be1cd0>,8,16,[10  1],9,96,112,87,89
1,<environment.Job instance at 0x7f1c77be1050>,10,18,[ 2 14],11,98,116,87,90
1,<environment.Job instance at 0x7f1c77be1f50>,13,21,[13  5],14,116,137,102,109
1,<environment.Job instance at 0x7f1c76f29dc0>,27,17,[11  3],28,137,154,109,129
1,<environment.Job instance at 0x7f1c76f29140>,28,23,[11  2],29,154,177,125,148
1,<environment.Job instance at 0x7f1c76f29370>,29,18,[2 5],30,148,166,118,148
1,<environment.Job instance at 0x7f1c76f293c0>,30,20,[13  2],31,177,197,146,168
1,<environment.Job instance at 0x7f1c76f29820>,31,21,[2 6],32,168,189,136,168
1,<environment.Job instance at 0x7f1c77be1820>,24,22,[8 3],25,197,219,172,190
1,<environment.Job instance at 0x7f1c76f29910>,35,15,[9 4],36,219,234,183,205
1,<environment.Job instance at 0x7f1c76f29870>,36,15,[4 7],37,206,221,169,206
1,<environment.Job instance at 0x7f1c776cd3c0>,40,18,[5 5],41,221,239,180,210
1,<environment.Job instance at 0x7f1c776cd960>,47,15,[8 2],48,234,249,186,220
1,<environment.Job instance at 0x7f1c776cddc0>,51,16,[8 3],52,249,265,197,236
1,<environment.Job instance at 0x7f1c776cdd70>,52,16,[4 6],53,239,255,186,236
1,<environment.Job instance at 0x7f1c776cd5a0>,58,17,[3 8],59,255,272,196,243
1,<environment.Job instance at 0x7f1c776cd0a0>,60,16,[3 7],61,265,281,204,252
1,<environment.Job instance at 0x7f1c76c2a140>,61,18,[5 5],62,272,290,210,261
1,<environment.Job instance at 0x7f1c76c2ab90>,62,14,[5 7],63,281,295,218,266
1,<environment.Job instance at 0x7f1c76c2a460>,64,16,[4 7],65,290,306,225,278
1,<environment.Job instance at 0x7f1c76c2a780>,66,14,[1 6],67,295,309,228,280
1,<environment.Job instance at 0x7f1c76c2ab40>,73,18,[6 5],74,306,324,232,295
1,<environment.Job instance at 0x7f1c76c2aeb0>,77,15,[10  5],78,324,339,246,310
1,<environment.Job instance at 0x7f1c77289140>,82,16,[1 8],83,310,326,227,310
1,<environment.Job instance at 0x7f1c77289c30>,83,12,[3 7],84,326,338,242,310
1,<environment.Job instance at 0x7f1c76f292d0>,26,16,[ 4 13],27,339,355,312,326
1,<environment.Job instance at 0x7f1c77289780>,89,12,[8 2],90,339,351,249,326
1,<environment.Job instance at 0x7f1c77289190>,91,22,[6 4],92,355,377,263,348
1,<environment.Job instance at 0x7f1c772898c0>,93,15,[2 7],94,355,370,261,349
1,<environment.Job instance at 0x7f1c774e08c0>,105,19,[3 8],106,370,389,264,360
1,<environment.Job instance at 0x7f1c774e0be0>,108,19,[11  4],109,377,396,268,371
1,<environment.Job instance at 0x7f1c772891e0>,85,17,[ 2 14],86,396,413,310,384
1,<environment.Job instance at 0x7f1c76ef5190>,0,18,[14  1],1,413,431,412,408
1,<environment.Job instance at 0x7f1c77ace9b0>,0,14,[8 2],1,1,15,0,1
1,<environment.Job instance at 0x7f1c77ace280>,3,18,[4 5],4,4,22,0,4
1,<environment.Job instance at 0x7f1c77acedc0>,5,13,[4 6],6,15,28,9,6
1,<environment.Job instance at 0x7f1c77aceb90>,9,17,[10  4],10,22,39,12,10
1,<environment.Job instance at 0x7f1c76b1a640>,13,16,[3 5],14,28,44,14,15
1,<environment.Job instance at 0x7f1c76b1a2d0>,20,14,[9 5],21,39,53,18,29
1,<environment.Job instance at 0x7f1c76b1a190>,15,23,[6 2],16,44,67,28,39
1,<environment.Job instance at 0x7f1c76b1a820>,22,24,[1 5],23,53,77,30,48
1,<environment.Job instance at 0x7f1c76b1acd0>,18,21,[9 5],19,67,88,48,59
1,<environment.Job instance at 0x7f1c76b1a370>,24,17,[10  3],25,88,105,63,76
1,<environment.Job instance at 0x7f1c7670a1e0>,27,12,[4 7],28,77,89,49,77
1,<environment.Job instance at 0x7f1c7670a5a0>,28,15,[6 4],29,105,120,76,91
1,<environment.Job instance at 0x7f1c7670a5f0>,29,17,[3 8],30,92,109,62,92
1,<environment.Job instance at 0x7f1c7670a910>,30,15,[ 5 10],31,109,124,78,95
1,<environment.Job instance at 0x7f1c7670a050>,31,19,[5 4],32,120,139,88,110
1,<environment.Job instance at 0x7f1c7670adc0>,32,17,[ 2 10],33,124,141,91,112
1,<environment.Job instance at 0x7f1c7670a3c0>,35,17,[9 5],36,139,156,103,127
1,<environment.Job instance at 0x7f1c7670aa00>,39,22,[6 1],40,141,163,101,140
1,<environment.Job instance at 0x7f1c7670a370>,41,15,[5 5],42,156,171,114,142
1,<environment.Job instance at 0x7f1c7670ab40>,43,18,[5 9],44,163,181,119,153
1,<environment.Job instance at 0x7f1c77357b90>,47,20,[3 6],48,171,191,123,162
1,<environment.Job instance at 0x7f1c77f4f050>,48,18,[ 3 10],49,191,209,142,186
1,<environment.Job instance at 0x7f1c77f4fb40>,53,16,[7 4],54,186,202,132,186
1,<environment.Job instance at 0x7f1c76b1a780>,19,24,[ 3 13],20,209,233,189,204
1,<environment.Job instance at 0x7f1c773820a0>,64,14,[3 5],65,233,247,168,218
1,<environment.Job instance at 0x7f1c76848e60>,73,13,[7 3],74,233,246,159,230
1,<environment.Job instance at 0x7f1c77f4f0a0>,55,23,[ 5 12],56,247,270,191,241
1,<environment.Job instance at 0x7f1c76848f50>,78,16,[4 8],79,270,286,191,257
1,<environment.Job instance at 0x7f1c76848d20>,80,18,[10  3],81,257,275,176,257
1,<environment.Job instance at 0x7f1c76df5460>,84,18,[7 4],85,275,293,190,264
1,<environment.Job instance at 0x7f1c768484b0>,79,18,[11  1],80,293,311,213,282
1,<environment.Job instance at 0x7f1c769c7140>,88,15,[1 5],89,286,301,197,282
1,<environment.Job instance at 0x7f1c76a021e0>,94,21,[6 3],95,311,332,216,303
1,<environment.Job instance at 0x7f1c767b5aa0>,96,17,[10  5],97,332,349,235,320
1,<environment.Job instance at 0x7f1c769c7730>,89,27,[4 5],90,321,348,231,321
1,<environment.Job instance at 0x7f1c76b4caf0>,98,21,[1 5],99,322,343,223,322
1,<environment.Job instance at 0x7f1c7720cb40>,105,18,[9 3],106,349,367,243,338
1,<environment.Job instance at 0x7f1c77b53780>,106,17,[1 6],107,348,365,241,338
1,<environment.Job instance at 0x7f1c76bf97d0>,108,17,[3 5],109,350,367,241,350
1,<environment.Job instance at 0x7f1c77a41410>,99,17,[1 7],100,365,382,265,353
1,<environment.Job instance at 0x7f1c77ace640>,1,21,[9 5],2,367,388,365,361
1,<environment.Job instance at 0x7f1c76b1a8c0>,23,21,[9 5],24,605,626,581,605
1,<environment.Job instance at 0x7f1c76bf3e60>,9,14,[4 9],10,10,24,0,10
1,<environment.Job instance at 0x7f1c76bf3870>,10,17,[10  3],11,11,28,0,11
1,<environment.Job instance at 0x7f1c771e4140>,14,14,[ 2 13],15,28,42,13,17
1,<environment.Job instance at 0x7f1c771e4a00>,17,12,[11  3],18,42,54,24,25
1,<environment.Job instance at 0x7f1c771e45a0>,15,16,[4 8],16,42,58,26,29
1,<environment.Job instance at 0x7f1c771e49b0>,20,16,[11  4],21,54,70,33,41
1,<environment.Job instance at 0x7f1c771e40f0>,16,14,[13  4],17,70,84,53,55
1,<environment.Job instance at 0x7f1c771e4370>,18,22,[1 8],19,58,80,39,57
1,<environment.Job instance at 0x7f1c76bf3550>,0,17,[11  2],1,84,101,83,72
1,<environment.Job instance at 0x7f1c76c51b90>,25,17,[4 6],26,84,101,58,75
1,<environment.Job instance at 0x7f1c771e4550>,22,21,[9 3],23,101,122,78,93
1,<environment.Job instance at 0x7f1c771e43c0>,24,26,[ 1 10],25,101,127,76,98
1,<environment.Job instance at 0x7f1c76c51730>,28,15,[ 3 10],29,127,142,98,113
1,<environment.Job instance at 0x7f1c76c51b40>,29,28,[14  3],30,142,170,112,141
1,<environment.Job instance at 0x7f1c76c51190>,30,20,[1 9],31,142,162,111,141
1,<environment.Job instance at 0x7f1c76c519b0>,31,23,[ 4 10],32,170,193,138,164
1,<environment.Job instance at 0x7f1c76c510f0>,32,28,[10  2],33,170,198,137,169
1,<environment.Job instance at 0x7f1c76c51e10>,33,14,[5 5],34,193,207,159,178
1,<environment.Job instance at 0x7f1c76c512d0>,27,21,[3 7],28,198,219,170,196
1,<environment.Job instance at 0x7f1c76c51a50>,37,12,[1 8],38,207,219,169,196
1,<environment.Job instance at 0x7f1c76c51910>,34,24,[ 4 12],35,219,243,184,214
1,<environment.Job instance at 0x7f1c76c51cd0>,39,13,[8 2],40,219,232,179,214
1,<environment.Job instance at 0x7f1c771e4c30>,12,18,[9 2],13,232,250,219,222
1,<environment.Job instance at 0x7f1c76c51320>,38,19,[5 8],39,243,262,204,239
1,<environment.Job instance at 0x7f1c771e4d20>,26,25,[5 3],27,250,275,223,247
1,<environment.Job instance at 0x7f1c77948f50>,47,14,[ 3 10],48,262,276,214,247
1,<environment.Job instance at 0x7f1c77948cd0>,56,12,[9 3],57,275,287,218,258
1,<environment.Job instance at 0x7f1c77948a50>,60,20,[2 8],61,276,296,215,268
1,<environment.Job instance at 0x7f1c77948730>,62,19,[5 5],63,287,306,224,277
1,<environment.Job instance at 0x7f1c77948c30>,64,12,[1 9],65,296,308,231,288
1,<environment.Job instance at 0x7f1c76a5cd20>,65,16,[11  4],66,306,322,240,293
1,<environment.Job instance at 0x7f1c76a5c370>,73,14,[7 3],74,322,336,248,307
1,<environment.Job instance at 0x7f1c76c51870>,42,22,[2 8],43,313,335,270,313
1,<environment.Job instance at 0x7f1c76a5c8c0>,78,19,[8 4],79,335,354,256,325
1,<environment.Job instance at 0x7f1c76a5c190>,80,20,[3 6],81,336,356,255,327
1,<environment.Job instance at 0x7f1c76c51f50>,40,27,[ 2 12],41,356,383,315,354
1,<environment.Job instance at 0x7f1c76a5c690>,84,14,[10  5],85,383,397,298,381
1,<environment.Job instance at 0x7f1c76a5c550>,85,28,[ 1 13],86,397,425,311,396
1,<environment.Job instance at 0x7f1c76a5ccd0>,83,16,[ 3 10],84,425,441,341,412
1,<environment.Job instance at 0x7f1c76e13b90>,91,14,[5 1],92,412,426,320,412
1,<environment.Job instance at 0x7f1c76e135f0>,92,17,[5 5],93,426,443,333,414
1,<environment.Job instance at 0x7f1c76e13be0>,93,15,[5 5],94,441,456,347,427
1,<environment.Job instance at 0x7f1c76e132d0>,95,20,[6 5],96,443,463,347,434
1,<environment.Job instance at 0x7f1c76e13140>,101,14,[5 5],102,456,470,354,441
1,<environment.Job instance at 0x7f1c76e13f50>,105,13,[3 6],106,463,476,357,447
1,<environment.Job instance at 0x7f1c76a5c500>,87,19,[1 8],88,470,489,382,462
1,<environment.Job instance at 0x7f1c77948140>,48,27,[ 4 14],49,489,516,440,487
1,<environment.Job instance at 0x7f1c76a5cf50>,86,21,[5 5],87,612,633,525,612
1,<environment.Job instance at 0x7f1c80525f50>,0,12,[ 3 10],1,1,13,0,1
1,<environment.Job instance at 0x7f1c76d72dc0>,7,20,[4 9],8,13,33,5,8
1,<environment.Job instance at 0x7f1c805255f0>,1,26,[5 5],2,8,34,6,8
1,<environment.Job instance at 0x7f1c76d72f50>,15,18,[6 1],16,17,35,1,17
1,<environment.Job instance at 0x7f1c76d72460>,14,17,[5 9],15,34,51,19,22
1,<environment.Job instance at 0x7f1c76d72c80>,20,12,[5 9],21,51,63,30,34
1,<environment.Job instance at 0x7f1c76d72870>,22,17,[6 3],23,35,52,12,34
1,<environment.Job instance at 0x7f1c76d72f00>,23,12,[4 8],24,63,75,39,46
1,<environment.Job instance at 0x7f1c76d729b0>,8,18,[7 2],9,52,70,43,46
1,<environment.Job instance at 0x7f1c80a82d70>,28,28,[5 1],29,70,98,41,69
1,<environment.Job instance at 0x7f1c76d72aa0>,17,15,[4 9],18,75,90,57,70
1,<environment.Job instance at 0x7f1c80a82e10>,30,12,[5 7],31,90,102,59,73
1,<environment.Job instance at 0x7f1c80a82b90>,31,18,[6 5],32,98,116,66,91
1,<environment.Job instance at 0x7f1c80a82fa0>,32,17,[8 5],33,102,119,69,94
1,<environment.Job instance at 0x7f1c76780140>,33,13,[10  5],34,119,132,85,105
1,<environment.Job instance at 0x7f1c76780cd0>,34,15,[ 5 12],35,132,147,97,118
1,<environment.Job instance at 0x7f1c76780910>,36,23,[12  4],37,147,170,110,141
1,<environment.Job instance at 0x7f1c76780fa0>,37,12,[3 5],38,147,159,109,141
1,<environment.Job instance at 0x7f1c767806e0>,35,16,[5 8],36,170,186,134,159
1,<environment.Job instance at 0x7f1c76780f50>,39,14,[6 2],40,170,184,130,164
1,<environment.Job instance at 0x7f1c76780a00>,43,12,[5 5],44,184,196,140,167
1,<environment.Job instance at 0x7f1c76780050>,44,16,[4 6],45,186,202,141,184
1,<environment.Job instance at 0x7f1c767800f0>,47,14,[5 4],48,186,200,138,184
1,<environment.Job instance at 0x7f1c76780410>,38,22,[ 3 14],39,202,224,163,195
1,<environment.Job instance at 0x7f1c767802d0>,50,26,[12  2],51,224,250,173,221
1,<environment.Job instance at 0x7f1c77814280>,51,22,[13  3],52,250,272,198,243
1,<environment.Job instance at 0x7f1c77814d70>,52,14,[14  4],53,272,286,219,257
1,<environment.Job instance at 0x7f1c77814f50>,53,26,[13  4],54,286,312,232,283
1,<environment.Job instance at 0x7f1c77814050>,54,12,[ 4 10],55,312,324,257,295
1,<environment.Job instance at 0x7f1c77814370>,55,23,[14  1],56,324,347,268,318
1,<environment.Job instance at 0x7f1c77814b40>,56,14,[ 1 12],57,324,338,267,318
1,<environment.Job instance at 0x7f1c76780af0>,49,12,[3 8],50,347,359,297,334
1,<environment.Job instance at 0x7f1c77814af0>,58,20,[1 6],59,347,367,288,347
1,<environment.Job instance at 0x7f1c776b1c30>,64,15,[10  3],65,359,374,294,347
1,<environment.Job instance at 0x7f1c77814e60>,57,17,[14  4],58,374,391,316,362
1,<environment.Job instance at 0x7f1c76fb8cd0>,66,17,[14  2],67,391,408,324,379
1,<environment.Job instance at 0x7f1c776b1190>,65,18,[1 9],66,391,409,325,391
1,<environment.Job instance at 0x7f1c76fb83c0>,71,14,[9 3],72,408,422,336,393
1,<environment.Job instance at 0x7f1c76fb8640>,67,23,[4 7],68,409,432,341,404
1,<environment.Job instance at 0x7f1c76fb8320>,74,14,[9 3],75,422,436,347,407
1,<environment.Job instance at 0x7f1c76e995f0>,85,13,[3 5],86,432,445,346,416
1,<environment.Job instance at 0x7f1c76e99a00>,86,18,[2 9],87,436,454,349,428
1,<environment.Job instance at 0x7f1c76dfb5f0>,87,20,[1 5],88,445,465,357,436
1,<environment.Job instance at 0x7f1c76dfb640>,88,16,[10  2],89,454,470,365,441
1,<environment.Job instance at 0x7f1c76dfbeb0>,92,21,[5 4],93,465,486,372,457
1,<environment.Job instance at 0x7f1c76dfbfa0>,96,16,[8 1],97,470,486,373,458
1,<environment.Job instance at 0x7f1c76dfb410>,98,17,[4 8],99,486,503,387,474
1,<environment.Job instance at 0x7f1c76e1d550>,99,18,[5 5],100,486,504,386,475
1,<environment.Job instance at 0x7f1c76fb8230>,75,18,[ 4 11],76,504,522,428,497
1,<environment.Job instance at 0x7f1c76d72370>,10,21,[8 3],11,756,777,745,756
1,<environment.Job instance at 0x7f1c80a82d20>,29,28,[1 9],30,756,784,726,756
1,<environment.Job instance at 0x7f1c80a82b40>,2,22,[1 8],3,3,25,0,3
1,<environment.Job instance at 0x7f1c771a9f00>,3,15,[3 7],4,4,19,0,4
1,<environment.Job instance at 0x7f1c771a9d20>,4,15,[10  3],5,19,34,14,5
1,<environment.Job instance at 0x7f1c771a99b0>,12,17,[10  3],13,34,51,21,22
1,<environment.Job instance at 0x7f1c80517690>,14,16,[9 2],15,51,67,36,38
1,<environment.Job instance at 0x7f1c766d0960>,20,22,[3 9],21,38,60,17,38
1,<environment.Job instance at 0x7f1c766d0640>,21,12,[1 7],22,60,72,38,43
1,<environment.Job instance at 0x7f1c76a01690>,29,14,[9 1],30,67,81,37,52
1,<environment.Job instance at 0x7f1c76a010f0>,30,15,[2 5],31,60,75,29,52
1,<environment.Job instance at 0x7f1c769fe5f0>,37,12,[7 5],38,81,93,43,64
1,<environment.Job instance at 0x7f1c8051f7d0>,39,20,[ 4 10],40,75,95,35,67
1,<environment.Job instance at 0x7f1c77a2a2d0>,40,21,[4 7],41,95,116,54,87
1,<environment.Job instance at 0x7f1c77a2a5a0>,41,16,[6 1],42,93,109,51,87
1,<environment.Job instance at 0x7f1c77a2abe0>,42,12,[7 4],43,109,121,66,92
1,<environment.Job instance at 0x7f1c77a2a3c0>,43,13,[6 3],44,116,129,72,100
1,<environment.Job instance at 0x7f1c77a2a730>,44,13,[1 7],45,116,129,71,100
1,<environment.Job instance at 0x7f1c766d40a0>,48,18,[4 5],49,121,139,72,110
1,<environment.Job instance at 0x7f1c766d4a00>,50,17,[8 3],51,129,146,78,117
1,<environment.Job instance at 0x7f1c766d4f00>,51,14,[9 3],52,146,160,94,131
1,<environment.Job instance at 0x7f1c771a9730>,10,20,[2 5],11,131,151,120,131
1,<environment.Job instance at 0x7f1c766d41e0>,59,15,[3 5],60,139,154,79,131
1,<environment.Job instance at 0x7f1c766d4320>,62,21,[4 7],63,154,175,91,146
1,<environment.Job instance at 0x7f1c766d43c0>,64,18,[5 5],65,160,178,95,149
1,<environment.Job instance at 0x7f1c766eee10>,67,18,[9 2],68,175,193,107,164
1,<environment.Job instance at 0x7f1c771b4c80>,80,17,[2 7],81,178,195,97,166
1,<environment.Job instance at 0x7f1c771b4910>,82,20,[10  2],83,193,213,110,184
1,<environment.Job instance at 0x7f1c771b4500>,83,15,[ 4 10],84,195,210,111,184
1,<environment.Job instance at 0x7f1c769cc0a0>,85,18,[1 7],86,210,228,124,199
1,<environment.Job instance at 0x7f1c76df4c80>,88,17,[4 5],89,210,227,121,199
1,<environment.Job instance at 0x7f1c76b20730>,92,20,[1 5],93,227,247,134,218
1,<environment.Job instance at 0x7f1c77def410>,95,13,[8 1],96,218,231,122,218
1,<environment.Job instance at 0x7f1c76b10e10>,96,14,[1 6],97,228,242,131,218
1,<environment.Job instance at 0x7f1c76b10c30>,97,13,[6 3],98,231,244,133,218
1,<environment.Job instance at 0x7f1c766d4eb0>,53,17,[14  5],54,244,261,190,235
1,<environment.Job instance at 0x7f1c771a9640>,11,21,[1 7],12,247,268,235,239
1,<environment.Job instance at 0x7f1c77e00050>,102,12,[5 9],103,268,280,165,251
1,<environment.Job instance at 0x7f1c77e0e6e0>,100,20,[3 8],101,280,300,179,271
1,<environment.Job instance at 0x7f1c77261460>,104,17,[5 3],105,271,288,166,271
1,<environment.Job instance at 0x7f1c77b07640>,106,12,[5 7],107,288,300,181,271
1,<environment.Job instance at 0x7f1c77de9e10>,101,24,[11  5],102,300,324,198,295
1,<environment.Job instance at 0x7f1c771a9a00>,8,19,[9 2],9,324,343,315,324
1,<environment.Job instance at 0x7f1c771c1af0>,0,24,[9 1],1,343,367,342,338
1,<environment.Job instance at 0x7f1c76cb5be0>,0,17,[ 3 14],1,1,18,0,1
1,<environment.Job instance at 0x7f1c76ee0320>,6,20,[9 3],7,18,38,11,9
1,<environment.Job instance at 0x7f1c76ee0500>,13,16,[8 2],14,38,54,24,25
1,<environment.Job instance at 0x7f1c76ee0c30>,15,14,[7 1],16,38,52,22,25
1,<environment.Job instance at 0x7f1c76ee0780>,17,22,[2 6],18,52,74,34,45
1,<environment.Job instance at 0x7f1c76ee0d70>,18,17,[5 5],19,52,69,33,45
1,<environment.Job instance at 0x7f1c778f80f0>,19,16,[5 5],20,69,85,49,56
1,<environment.Job instance at 0x7f1c778f8af0>,20,20,[1 5],21,74,94,53,65
1,<environment.Job instance at 0x7f1c778f8fa0>,21,23,[7 5],22,74,97,52,68
1,<environment.Job instance at 0x7f1c778f8f00>,22,17,[9 1],23,97,114,74,85
1,<environment.Job instance at 0x7f1c76ee0fa0>,8,14,[12  4],9,114,128,105,99
1,<environment.Job instance at 0x7f1c76cb5050>,1,15,[1 6],2,108,123,106,108
1,<environment.Job instance at 0x7f1c778f8370>,28,18,[1 8],29,123,141,94,112
1,<environment.Job instance at 0x7f1c76ee0c80>,7,23,[13  2],8,128,151,120,122
1,<environment.Job instance at 0x7f1c778f8190>,33,18,[7 1],34,151,169,117,141
1,<environment.Job instance at 0x7f1c778f8be0>,34,21,[8 2],35,151,172,116,143
1,<environment.Job instance at 0x7f1c778f8640>,32,20,[3 5],33,169,189,136,161
1,<environment.Job instance at 0x7f1c76d27820>,36,18,[7 4],37,172,190,135,161
1,<environment.Job instance at 0x7f1c76d272d0>,40,21,[5 3],41,172,193,131,167
1,<environment.Job instance at 0x7f1c76d270a0>,41,21,[1 7],42,189,210,147,181
1,<environment.Job instance at 0x7f1c76d27af0>,42,14,[3 7],43,193,207,150,181
1,<environment.Job instance at 0x7f1c76d276e0>,45,12,[8 5],46,207,219,161,190
1,<environment.Job instance at 0x7f1c76d275a0>,47,19,[6 2],48,207,226,159,198
1,<environment.Job instance at 0x7f1c76d27f50>,48,18,[10  2],49,226,244,177,215
1,<environment.Job instance at 0x7f1c77acd140>,62,22,[5 5],63,227,249,164,227
1,<environment.Job instance at 0x7f1c77acd0a0>,63,16,[1 9],64,244,260,180,231
1,<environment.Job instance at 0x7f1c77acd730>,69,16,[9 4],70,249,265,179,236
1,<environment.Job instance at 0x7f1c76bbcf00>,80,15,[8 4],81,265,280,184,251
1,<environment.Job instance at 0x7f1c76bbc910>,82,15,[2 8],83,260,275,177,254
1,<environment.Job instance at 0x7f1c76bbc3c0>,83,17,[2 7],84,275,292,191,263
1,<environment.Job instance at 0x7f1c76bc4910>,96,12,[9 5],97,280,292,183,266
1,<environment.Job instance at 0x7f1c76bc4870>,99,15,[7 3],100,292,307,192,278
1,<environment.Job instance at 0x7f1c76d210f0>,105,18,[2 7],106,292,310,186,282
1,<environment.Job instance at 0x7f1c76cb5140>,2,21,[2 6],3,307,328,304,299
1,<environment.Job instance at 0x7f1c778f88c0>,35,18,[13  2],36,310,328,274,301
1,<environment.Job instance at 0x7f1c778f8690>,29,19,[14  1],30,328,347,298,326
1,<environment.Job instance at 0x7f1c778f8410>,2,19,[11  4],3,3,22,0,3
1,<environment.Job instance at 0x7f1c77473a50>,3,22,[1 7],4,4,26,0,4
1,<environment.Job instance at 0x7f1c77483280>,14,17,[8 3],15,22,39,7,15
1,<environment.Job instance at 0x7f1c77483410>,16,14,[5 6],17,26,40,9,18
1,<environment.Job instance at 0x7f1c774837d0>,22,14,[5 7],23,39,53,16,24
1,<environment.Job instance at 0x7f1c774830f0>,13,12,[10  4],14,40,52,26,30
1,<environment.Job instance at 0x7f1c77483c80>,28,20,[7 1],29,52,72,23,43
1,<environment.Job instance at 0x7f1c7746e0a0>,36,22,[3 5],37,52,74,15,50
1,<environment.Job instance at 0x7f1c7746e280>,38,16,[6 3],39,72,88,33,59
1,<environment.Job instance at 0x7f1c7746e500>,42,16,[6 1],43,72,88,29,59
1,<environment.Job instance at 0x7f1c7746e910>,47,17,[4 8],48,88,105,40,76
1,<environment.Job instance at 0x7f1c7746ed20>,54,12,[7 4],55,88,100,33,76
1,<environment.Job instance at 0x7f1c7746edc0>,55,20,[4 6],56,100,120,44,91
1,<environment.Job instance at 0x7f1c7746efa0>,58,15,[3 6],59,105,120,46,91
1,<environment.Job instance at 0x7f1c7748d640>,64,18,[5 5],65,120,138,55,109
1,<environment.Job instance at 0x7f1c7748d9b0>,67,16,[5 6],68,120,136,52,109
1,<environment.Job instance at 0x7f1c7748d500>,68,21,[5 5],69,136,157,67,128
1,<environment.Job instance at 0x7f1c7748dc30>,70,13,[4 7],71,138,151,67,128
1,<environment.Job instance at 0x7f1c7748db40>,73,15,[5 5],74,151,166,77,137
1,<environment.Job instance at 0x7f1c774838c0>,29,13,[ 2 10],30,157,170,127,141
1,<environment.Job instance at 0x7f1c77bf0a00>,80,20,[5 5],81,166,186,85,157
1,<environment.Job instance at 0x7f1c77bbe460>,76,14,[5 8],77,170,184,93,161
1,<environment.Job instance at 0x7f1c77bf08c0>,82,13,[6 3],83,184,197,101,175
1,<environment.Job instance at 0x7f1c77bf0230>,86,15,[ 1 11],87,186,201,99,175
1,<environment.Job instance at 0x7f1c77bf0a50>,85,21,[9 1],86,197,218,111,189
1,<environment.Job instance at 0x7f1c77bf09b0>,89,19,[3 9],90,201,220,111,191
1,<environment.Job instance at 0x7f1c77bf0050>,91,12,[5 4],92,218,230,126,201
1,<environment.Job instance at 0x7f1c77bf0640>,96,16,[2 6],97,220,236,123,207
1,<environment.Job instance at 0x7f1c778471e0>,97,12,[9 2],98,230,242,132,213
1,<environment.Job instance at 0x7f1c7783c960>,108,24,[5 5],109,236,260,127,231
1,<environment.Job instance at 0x7f1c77bf0af0>,87,18,[1 8],88,419,437,331,419
1,<environment.Job instance at 0x7f1c77483050>,11,22,[1 9],12,437,459,425,430
1,<environment.Job instance at 0x7f1c77ab58c0>,0,22,[13  2],1,430,452,429,430
1,<environment.Job instance at 0x7f1c77829050>,0,18,[1 6],1,1,19,0,1
1,<environment.Job instance at 0x7f1c7757ab90>,4,22,[3 5],5,5,27,0,5
1,<environment.Job instance at 0x7f1c7757a690>,6,18,[3 8],7,19,37,12,9
1,<environment.Job instance at 0x7f1c76faa5f0>,10,15,[5 6],11,27,42,16,13
1,<environment.Job instance at 0x7f1c76faacd0>,25,19,[8 5],26,37,56,11,27
1,<environment.Job instance at 0x7f1c76c28550>,28,20,[ 5 10],29,42,62,13,33
1,<environment.Job instance at 0x7f1c76c28d70>,31,21,[5 2],32,56,77,24,48
1,<environment.Job instance at 0x7f1c76c28dc0>,32,20,[3 6],33,62,82,29,53
1,<environment.Job instance at 0x7f1c77829910>,1,14,[ 5 14],2,82,96,80,67
1,<environment.Job instance at 0x7f1c76c28c80>,33,16,[1 5],34,96,112,62,83
1,<environment.Job instance at 0x7f1c76c286e0>,37,20,[5 3],38,96,116,58,87
1,<environment.Job instance at 0x7f1c76c28690>,34,19,[6 2],35,96,115,61,90
1,<environment.Job instance at 0x7f1c76c28a00>,41,12,[1 9],42,112,124,70,95
1,<environment.Job instance at 0x7f1c77baa320>,48,16,[7 3],49,115,131,66,102
1,<environment.Job instance at 0x7f1c77baa5a0>,52,17,[10  5],53,131,148,78,119
1,<environment.Job instance at 0x7f1c77baa2d0>,55,14,[8 3],56,148,162,92,133
1,<environment.Job instance at 0x7f1c77baa0f0>,57,17,[9 4],58,162,179,104,150
1,<environment.Job instance at 0x7f1c7772bbe0>,58,16,[10  4],59,179,195,120,166
1,<environment.Job instance at 0x7f1c7757ac80>,7,27,[3 7],8,166,193,158,166
1,<environment.Job instance at 0x7f1c7772be60>,64,14,[ 3 14],65,195,209,130,180
1,<environment.Job instance at 0x7f1c7772baa0>,63,19,[ 5 10],64,209,228,145,199
1,<environment.Job instance at 0x7f1c7772b960>,70,14,[5 6],71,228,242,157,213
1,<environment.Job instance at 0x7f1c7772ba00>,65,16,[2 6],66,228,244,162,217
1,<environment.Job instance at 0x7f1c7772b550>,74,13,[6 4],75,242,255,167,226
1,<environment.Job instance at 0x7f1c7772b050>,75,15,[9 3],76,244,259,168,230
1,<environment.Job instance at 0x7f1c7772b5a0>,76,12,[5 1],77,230,242,153,230
1,<environment.Job instance at 0x7f1c7772b0a0>,77,16,[7 4],78,259,275,181,246
1,<environment.Job instance at 0x7f1c7772b500>,78,19,[8 2],79,259,278,180,249
1,<environment.Job instance at 0x7f1c77061370>,79,26,[7 5],80,275,301,195,272
1,<environment.Job instance at 0x7f1c770618c0>,80,14,[ 5 12],81,301,315,220,286
1,<environment.Job instance at 0x7f1c77061960>,81,16,[7 5],82,315,331,233,302
1,<environment.Job instance at 0x7f1c7772b690>,73,20,[ 5 10],74,315,335,241,311
1,<environment.Job instance at 0x7f1c770616e0>,86,13,[5 5],87,331,344,244,315
1,<environment.Job instance at 0x7f1c77061730>,89,14,[3 7],90,335,349,245,320
1,<environment.Job instance at 0x7f1c805aef50>,90,18,[1 5],91,344,362,253,333
1,<environment.Job instance at 0x7f1c805ae960>,98,17,[3 5],99,349,366,250,337
1,<environment.Job instance at 0x7f1c77f83fa0>,101,21,[6 2],102,337,358,235,337
1,<environment.Job instance at 0x7f1c77f83be0>,104,13,[10  4],105,358,371,253,342
1,<environment.Job instance at 0x7f1c77f83b40>,106,12,[ 3 10],107,366,378,259,349
1,<environment.Job instance at 0x7f1c77f834b0>,108,12,[8 1],109,371,383,262,354
1,<environment.Job instance at 0x7f1c76c28820>,42,18,[ 5 12],43,378,396,335,367
1,<environment.Job instance at 0x7f1c77061e60>,82,26,[ 3 10],83,631,657,548,631
1,<environment.Job instance at 0x7f1c76db2140>,0,16,[ 4 11],1,1,17,0,1
1,<environment.Job instance at 0x7f1c76937370>,7,14,[5 6],8,17,31,9,8
1,<environment.Job instance at 0x7f1c77b7a460>,11,12,[7 5],12,17,29,5,12
1,<environment.Job instance at 0x7f1c77b7a730>,14,16,[10  5],15,29,45,14,16
1,<environment.Job instance at 0x7f1c77b7af00>,16,13,[6 3],17,45,58,28,29
1,<environment.Job instance at 0x7f1c77b72370>,20,18,[2 9],21,31,49,10,29
1,<environment.Job instance at 0x7f1c7682f280>,26,22,[8 4],27,49,71,22,42
1,<environment.Job instance at 0x7f1c7680c3c0>,35,23,[5 4],36,58,81,22,52
1,<environment.Job instance at 0x7f1c7680c910>,37,13,[5 8],38,71,84,33,55
1,<environment.Job instance at 0x7f1c7680c370>,38,16,[5 2],39,71,87,32,58
1,<environment.Job instance at 0x7f1c7680cdc0>,40,13,[5 5],41,81,94,40,65
1,<environment.Job instance at 0x7f1c7680c7d0>,45,19,[6 5],46,87,106,41,77
1,<environment.Job instance at 0x7f1c7660d730>,46,17,[9 4],47,94,111,47,82
1,<environment.Job instance at 0x7f1c7660db90>,50,21,[7 1],51,111,132,60,103
1,<environment.Job instance at 0x7f1c7660df50>,54,22,[2 8],55,108,130,53,108
1,<environment.Job instance at 0x7f1c76e3b460>,58,17,[5 2],59,111,128,52,108
1,<environment.Job instance at 0x7f1c768345a0>,62,12,[9 4],63,132,144,69,115
1,<environment.Job instance at 0x7f1c77947eb0>,63,19,[2 8],64,130,149,66,120
1,<environment.Job instance at 0x7f1c76635870>,64,16,[4 9],65,149,165,84,136
1,<environment.Job instance at 0x7f1c766350a0>,67,21,[10  3],68,144,165,76,136
1,<environment.Job instance at 0x7f1c77232640>,68,17,[9 1],69,165,182,96,153
1,<environment.Job instance at 0x7f1c7661a7d0>,70,14,[3 5],71,165,179,94,153
1,<environment.Job instance at 0x7f1c76b96870>,75,16,[5 1],76,179,195,103,166
1,<environment.Job instance at 0x7f1c77de6b40>,76,18,[5 9],77,182,200,105,171
1,<environment.Job instance at 0x7f1c76e55f50>,77,14,[9 2],78,195,209,117,180
1,<environment.Job instance at 0x7f1c7660a780>,78,17,[8 4],79,209,226,130,197
1,<environment.Job instance at 0x7f1c76ec38c0>,81,13,[8 4],82,226,239,144,210
1,<environment.Job instance at 0x7f1c76ec3c80>,83,18,[1 6],84,210,228,126,210
1,<environment.Job instance at 0x7f1c76ec3640>,86,15,[8 3],87,239,254,152,225
1,<environment.Job instance at 0x7f1c769428c0>,90,18,[2 9],91,228,246,137,225
1,<environment.Job instance at 0x7f1c770b2730>,97,16,[5 7],98,246,262,148,233
1,<environment.Job instance at 0x7f1c770b2820>,98,20,[5 3],99,254,274,155,245
1,<environment.Job instance at 0x7f1c770b2eb0>,102,19,[3 9],103,262,281,159,252
1,<environment.Job instance at 0x7f1c77445eb0>,107,21,[5 1],108,254,275,146,252
1,<environment.Job instance at 0x7f1c77061050>,1,28,[ 4 13],2,284,312,282,284
1,<environment.Job instance at 0x7f1c76955eb0>,15,13,[11  1],16,532,545,516,532
1,<environment.Job instance at 0x7f1c77b7ac80>,2,15,[14  5],3,4,19,1,4
1,<environment.Job instance at 0x7f1c76955eb0>,3,14,[1 7],4,4,18,0,4
1,<environment.Job instance at 0x7f1c805672d0>,4,14,[7 4],5,19,33,14,5
1,<environment.Job instance at 0x7f1c805670f0>,5,16,[ 3 11],6,19,35,13,6
1,<environment.Job instance at 0x7f1c76ca1780>,10,17,[ 2 12],11,35,52,24,23
1,<environment.Job instance at 0x7f1c76ca17d0>,11,28,[12  3],12,34,62,22,34
1,<environment.Job instance at 0x7f1c80567be0>,6,13,[2 7],7,52,65,45,37
1,<environment.Job instance at 0x7f1c76ca15f0>,8,20,[10  5],9,62,82,53,53
1,<environment.Job instance at 0x7f1c80517690>,14,17,[3 7],15,65,82,50,53
1,<environment.Job instance at 0x7f1c7794dc30>,15,12,[7 2],16,82,94,66,65
1,<environment.Job instance at 0x7f1c80517730>,13,16,[3 8],14,82,98,68,69
1,<environment.Job instance at 0x7f1c767b1780>,0,21,[2 6],1,94,115,93,86
1,<environment.Job instance at 0x7f1c7797b190>,20,12,[13  5],21,98,110,77,86
1,<environment.Job instance at 0x7f1c76cac820>,21,19,[5 5],22,110,129,88,100
1,<environment.Job instance at 0x7f1c77a2aa00>,22,16,[4 6],23,115,131,92,102
1,<environment.Job instance at 0x7f1c76ca1230>,9,20,[8 1],10,129,149,119,120
1,<environment.Job instance at 0x7f1c7797b820>,19,23,[ 2 10],20,131,154,111,125
1,<environment.Job instance at 0x7f1c77233870>,25,15,[12  2],26,149,164,123,135
1,<environment.Job instance at 0x7f1c76bc1690>,28,14,[ 5 13],29,164,178,135,149
1,<environment.Job instance at 0x7f1c772ac190>,35,14,[2 9],36,178,192,142,163
1,<environment.Job instance at 0x7f1c76802e10>,38,16,[5 4],39,178,194,139,165
1,<environment.Job instance at 0x7f1c767f8370>,40,14,[5 2],41,165,179,124,165
1,<environment.Job instance at 0x7f1c77a2a190>,24,18,[ 3 14],25,194,212,169,183
1,<environment.Job instance at 0x7f1c772c47d0>,47,15,[14  3],48,212,227,164,198
1,<environment.Job instance at 0x7f1c772c4050>,48,18,[4 6],49,227,245,178,218
1,<environment.Job instance at 0x7f1c772c44b0>,46,21,[3 8],47,227,248,180,223
1,<environment.Job instance at 0x7f1c772890a0>,50,12,[5 5],51,245,257,194,228
1,<environment.Job instance at 0x7f1c77289910>,52,16,[4 9],53,248,264,195,236
1,<environment.Job instance at 0x7f1c772a67d0>,56,13,[8 2],57,257,270,200,241
1,<environment.Job instance at 0x7f1c772a6cd0>,59,14,[5 6],60,264,278,204,249
1,<environment.Job instance at 0x7f1c772a6a00>,61,15,[9 3],62,270,285,208,256
1,<environment.Job instance at 0x7f1c771ba0a0>,67,13,[5 6],68,278,291,210,262
1,<environment.Job instance at 0x7f1c771ba370>,68,16,[9 3],69,285,301,216,272
1,<environment.Job instance at 0x7f1c771ba5a0>,71,14,[5 8],72,291,305,219,276
1,<environment.Job instance at 0x7f1c7718f190>,73,17,[7 1],74,301,318,227,289
1,<environment.Job instance at 0x7f1c7718f2d0>,75,12,[4 5],76,305,317,229,289
1,<environment.Job instance at 0x7f1c7718f550>,79,16,[7 2],80,317,333,237,304
1,<environment.Job instance at 0x7f1c7718f5f0>,80,21,[1 5],81,304,325,223,304
1,<environment.Job instance at 0x7f1c7718f730>,82,14,[ 2 10],83,325,339,242,310
1,<environment.Job instance at 0x7f1c7718f870>,84,18,[2 7],85,339,357,254,328
1,<environment.Job instance at 0x7f1c7718fa00>,86,15,[8 5],87,333,348,246,328
1,<environment.Job instance at 0x7f1c7718faa0>,87,22,[9 3],88,348,370,260,341
1,<environment.Job instance at 0x7f1c7718fcd0>,89,14,[8 4],90,370,384,280,355
1,<environment.Job instance at 0x7f1c77289aa0>,49,23,[ 4 10],50,357,380,307,355
1,<environment.Job instance at 0x7f1c7718fd70>,90,13,[1 8],91,380,393,289,364
1,<environment.Job instance at 0x7f1c7718feb0>,92,14,[7 4],93,384,398,291,369
1,<environment.Job instance at 0x7f1c7718fe60>,94,22,[7 3],95,384,406,289,377
1,<environment.Job instance at 0x7f1c7719f2d0>,98,14,[5 5],99,398,412,299,383
1,<environment.Job instance at 0x7f1c7719f320>,100,14,[4 9],101,406,420,305,392
1,<environment.Job instance at 0x7f1c7719f3c0>,101,14,[2 9],102,420,434,318,405
1,<environment.Job instance at 0x7f1c7719f960>,108,19,[6 2],109,412,431,303,405
1,<environment.Job instance at 0x7f1c7718fe10>,91,15,[13  5],92,431,446,339,417
1,<environment.Job instance at 0x7f1c776d4a50>,23,26,[ 3 11],24,446,472,422,444
1,<environment.Job instance at 0x7f1c7728e320>,37,23,[8 5],38,6942,6965,6904,6942
1,<environment.Job instance at 0x7fdab41e8230>,0,17,[6 1],1,1,18,0,1
1,<environment.Job instance at 0x7fdab41e8320>,2,20,[7 4],3,3,23,0,3
1,<environment.Job instance at 0x7fdaaabfccd0>,10,15,[5 1],11,18,33,7,11
1,<environment.Job instance at 0x7fdaaabfcf50>,11,15,[6 1],12,23,38,11,12
1,<environment.Job instance at 0x7fdaaabff7d0>,22,13,[7 4],23,33,46,10,24
1,<environment.Job instance at 0x7fdaaabffa00>,24,20,[4 6],25,38,58,13,29
1,<environment.Job instance at 0x7fdaaabffa50>,26,12,[8 5],27,46,58,19,29
1,<environment.Job instance at 0x7fdaaabfff00>,32,17,[9 3],33,58,75,25,46
1,<environment.Job instance at 0x7fdaaac02050>,35,16,[1 9],36,58,74,22,46
1,<environment.Job instance at 0x7fdaaabff190>,23,16,[12  2],24,75,91,51,62
1,<environment.Job instance at 0x7fdaaac02230>,37,14,[ 5 14],38,91,105,53,81
1,<environment.Job instance at 0x7fdaaac022d0>,38,24,[13  2],39,105,129,66,100
1,<environment.Job instance at 0x7fdaaac020f0>,36,20,[7 5],37,129,149,92,120
1,<environment.Job instance at 0x7fdaaac02500>,41,12,[8 3],42,129,141,87,124
1,<environment.Job instance at 0x7fdaaac02640>,43,16,[1 8],44,141,157,97,130
1,<environment.Job instance at 0x7fdaaac02910>,46,14,[6 5],47,149,163,102,134
1,<environment.Job instance at 0x7fdaaac02960>,49,13,[1 5],50,157,170,107,141
1,<environment.Job instance at 0x7fdaaac02b90>,51,13,[5 6],52,163,176,111,147
1,<environment.Job instance at 0x7fdaaac02cd0>,53,17,[7 4],54,157,174,103,147
1,<environment.Job instance at 0x7fdaaac02d70>,54,13,[7 3],55,174,187,119,158
1,<environment.Job instance at 0x7fdaaac02eb0>,56,21,[8 4],57,176,197,119,169
1,<environment.Job instance at 0x7fdaaac05050>,59,19,[1 7],60,187,206,127,179
1,<environment.Job instance at 0x7fdaaac05320>,63,12,[5 3],64,187,199,123,179
1,<environment.Job instance at 0x7fdaaac05780>,67,18,[9 4],68,197,215,129,186
1,<environment.Job instance at 0x7fdaaac05820>,68,12,[7 1],69,215,227,146,202
1,<environment.Job instance at 0x7fdaaac05960>,70,15,[8 4],71,215,230,144,202
1,<environment.Job instance at 0x7fdaaac05370>,71,14,[4 9],72,227,241,155,213
1,<environment.Job instance at 0x7fdaaac05a50>,73,18,[3 5],74,230,248,156,220
1,<environment.Job instance at 0x7fdaaabff500>,17,19,[12  4],18,241,260,223,231
1,<environment.Job instance at 0x7fdaaac05b90>,75,17,[7 1],76,260,277,184,248
1,<environment.Job instance at 0x7fdaaac05c30>,76,14,[10  4],77,277,291,200,262
1,<environment.Job instance at 0x7fdaaac05cd0>,77,13,[10  1],78,291,304,213,275
1,<environment.Job instance at 0x7fdaaac05d70>,78,16,[8 1],79,304,320,225,291
1,<environment.Job instance at 0x7fdaaac05e10>,79,14,[12  1],80,320,334,240,305
1,<environment.Job instance at 0x7fdaaac05f00>,80,19,[12  3],81,334,353,253,324
1,<environment.Job instance at 0x7fdaaac05af0>,74,19,[3 8],75,336,355,261,336
1,<environment.Job instance at 0x7fdaaac081e0>,82,14,[8 5],83,353,367,270,338
1,<environment.Job instance at 0x7fdaaac05eb0>,81,19,[5 5],82,355,374,273,345
1,<environment.Job instance at 0x7fdaaac08230>,84,18,[ 3 10],85,367,385,282,356
1,<environment.Job instance at 0x7fdaaabff280>,13,13,[10  3],14,374,387,360,358
1,<environment.Job instance at 0x7fdaaac08370>,86,15,[1 7],87,385,400,298,371
1,<environment.Job instance at 0x7fdab41e81e0>,1,24,[10  1],2,387,411,385,384
1,<environment.Job instance at 0x7fdaaac08410>,87,26,[2 7],88,387,413,299,386
1,<environment.Job instance at 0x7fdaaac08550>,89,16,[4 9],90,413,429,323,401
1,<environment.Job instance at 0x7fdaaac08730>,92,15,[9 1],93,411,426,318,401
1,<environment.Job instance at 0x7fdaaac089b0>,96,16,[8 4],97,426,442,329,413
1,<environment.Job instance at 0x7fdaaac08a50>,97,18,[2 6],98,429,447,331,418
1,<environment.Job instance at 0x7fdaaac08dc0>,104,16,[1 9],105,442,458,337,429
1,<environment.Job instance at 0x7fdaaac0b0a0>,106,16,[7 5],107,447,463,340,434
1,<environment.Job instance at 0x7fdaaac0b410>,109,18,[1 9],110,458,476,348,447
1,<environment.Job instance at 0x7fdaaac0b550>,113,12,[1 6],114,463,475,349,447
1,<environment.Job instance at 0x7fdaaac0b5f0>,114,17,[5 1],115,475,492,360,463
1,<environment.Job instance at 0x7fdaaac0b730>,116,17,[5 5],117,475,492,358,463
1,<environment.Job instance at 0x7fdaaac082d0>,85,27,[5 5],86,476,503,390,474
1,<environment.Job instance at 0x7fdaaac0b870>,118,15,[ 4 10],119,492,507,373,490
1,<environment.Job instance at 0x7fdaaac084b0>,88,18,[7 1],89,503,521,414,497
1,<environment.Job instance at 0x7fdaaa342e60>,0,17,[ 4 12],1,1,18,0,1
1,<environment.Job instance at 0x7fdaaa342230>,6,27,[12  1],7,18,45,11,16
1,<environment.Job instance at 0x7fdaaa3420f0>,4,18,[13  5],5,45,63,40,34
1,<environment.Job instance at 0x7fdaaac084b0>,2,18,[7 4],3,63,81,60,52
1,<environment.Job instance at 0x7fdaaac08500>,1,27,[ 4 11],2,63,90,61,61
1,<environment.Job instance at 0x7fdaaa3428c0>,10,21,[5 4],11,81,102,70,73
1,<environment.Job instance at 0x7fdaaa33dfa0>,13,17,[5 1],14,90,107,76,80
1,<environment.Job instance at 0x7fdaaa45ab40>,16,12,[5 4],17,90,102,73,80
1,<environment.Job instance at 0x7fdaaa42a1e0>,18,14,[6 5],19,102,116,83,87
1,<environment.Job instance at 0x7fdaaa42a0a0>,19,17,[8 2],20,107,124,87,95
1,<environment.Job instance at 0x7fdaaa5ca1e0>,21,13,[1 8],22,102,115,80,99
1,<environment.Job instance at 0x7fdaaa342730>,9,14,[13  2],10,124,138,114,109
1,<environment.Job instance at 0x7fdaaa427960>,28,13,[10  5],29,138,151,109,122
1,<environment.Job instance at 0x7fdaaa342b90>,7,20,[13  4],8,151,171,143,143
1,<environment.Job instance at 0x7fdaaa427460>,27,21,[9 2],28,171,192,143,164
1,<environment.Job instance at 0x7fdaaa427140>,32,12,[1 5],33,164,176,131,164
1,<environment.Job instance at 0x7fdaaa4565f0>,35,17,[5 8],36,171,188,135,165
1,<environment.Job instance at 0x7fdaaa487870>,42,19,[2 5],43,188,207,145,178
1,<environment.Job instance at 0x7fdaaa41e460>,44,22,[3 8],45,188,210,143,181
1,<environment.Job instance at 0x7fdaaa323230>,48,14,[6 3],49,207,221,158,192
1,<environment.Job instance at 0x7fdaaa1caa50>,51,14,[ 5 10],52,210,224,158,195
1,<environment.Job instance at 0x7fdaaa1c9d70>,52,17,[4 7],53,224,241,171,212
1,<environment.Job instance at 0x7fdaaa1c9eb0>,53,13,[5 7],54,224,237,170,212
1,<environment.Job instance at 0x7fdaaa1c82d0>,56,19,[3 8],57,237,256,180,227
1,<environment.Job instance at 0x7fdaaa1c8370>,59,16,[8 4],60,241,257,181,228
1,<environment.Job instance at 0x7fdaaaafca50>,66,17,[9 2],67,257,274,190,245
1,<environment.Job instance at 0x7fdaaa1ba960>,67,16,[1 7],68,256,272,188,245
1,<environment.Job instance at 0x7fdaaa39da50>,72,20,[7 5],73,274,294,201,265
1,<environment.Job instance at 0x7fdaaa6815f0>,73,15,[9 5],74,294,309,220,280
1,<environment.Job instance at 0x7fdaaa34c910>,75,21,[5 9],76,280,301,204,280
1,<environment.Job instance at 0x7fdaaa1fe910>,76,18,[7 1],77,309,327,232,298
1,<environment.Job instance at 0x7fdaaa39be10>,77,19,[3 8],78,301,320,223,298
1,<environment.Job instance at 0x7fdaaa1fe280>,78,14,[7 1],79,320,334,241,305
1,<environment.Job instance at 0x7fdaaa1f1460>,82,22,[2 8],83,327,349,244,320
1,<environment.Job instance at 0x7fdaaa209640>,83,15,[6 1],84,327,342,243,320
1,<environment.Job instance at 0x7fdaaa309050>,84,18,[5 4],85,334,352,249,323
1,<environment.Job instance at 0x7fdaaa197320>,94,13,[2 5],95,349,362,254,333
1,<environment.Job instance at 0x7fdaaa3483c0>,106,15,[8 5],107,349,364,242,335
1,<environment.Job instance at 0x7fdaaa193280>,109,12,[4 8],110,362,374,252,345
1,<environment.Job instance at 0x7fdaaa193b90>,110,19,[4 7],111,364,383,253,354
1,<environment.Job instance at 0x7fdaaa193f50>,113,19,[ 5 10],114,383,402,269,373
1,<environment.Job instance at 0x7fdaaa193d70>,116,13,[4 8],117,402,415,285,386
1,<environment.Job instance at 0x7fdaaa193e10>,117,16,[8 4],118,386,402,268,386
1,<environment.Job instance at 0x7fdaaa342870>,11,27,[13  4],12,419,446,407,419
1,<environment.Job instance at 0x7fdaaa2185f0>,0,13,[2 7],1,1,14,0,1
1,<environment.Job instance at 0x7fdaaa2180f0>,5,13,[9 2],6,6,19,0,6
1,<environment.Job instance at 0x7fdaaa218a50>,6,13,[4 5],7,7,20,0,7
1,<environment.Job instance at 0x7fdaaa218550>,9,14,[12  3],10,20,34,10,10
1,<environment.Job instance at 0x7fdaaa218dc0>,12,13,[3 5],13,19,32,6,14
1,<environment.Job instance at 0x7fdaaa1baa50>,16,14,[3 5],17,32,46,15,17
1,<environment.Job instance at 0x7fdaaa1ba870>,28,13,[6 4],29,34,47,5,30
1,<environment.Job instance at 0x7fdaaa1bab90>,31,16,[6 3],32,34,50,2,32
1,<environment.Job instance at 0x7fdaaa1aa820>,35,13,[8 3],36,47,60,11,36
1,<environment.Job instance at 0x7fdaaa1aa910>,36,22,[7 5],37,50,72,13,46
1,<environment.Job instance at 0x7fdaaa1ba500>,37,20,[5 8],38,60,80,22,51
1,<environment.Job instance at 0x7fdaaa1aafa0>,38,17,[8 4],39,72,89,33,60
1,<environment.Job instance at 0x7fdaaa1aa370>,39,15,[3 6],40,80,95,40,66
1,<environment.Job instance at 0x7fdaaa1aa730>,42,15,[5 8],43,89,104,46,75
1,<environment.Job instance at 0x7fdaaa1aa320>,46,17,[ 5 10],47,104,121,57,93
1,<environment.Job instance at 0x7fdaaa1aa410>,50,13,[8 4],51,95,108,44,93
1,<environment.Job instance at 0x7fdab4359280>,58,12,[5 8],59,121,133,62,104
1,<environment.Job instance at 0x7fdab43599b0>,59,13,[5 1],60,108,121,48,104
1,<environment.Job instance at 0x7fdab4359640>,60,12,[5 5],61,121,133,60,104
1,<environment.Job instance at 0x7fdaaa1a76e0>,63,18,[9 5],64,133,151,69,124
1,<environment.Job instance at 0x7fdaaa1a7b40>,64,18,[1 7],65,133,151,68,124
1,<environment.Job instance at 0x7fdaaa1a7910>,70,14,[7 1],71,151,165,80,136
1,<environment.Job instance at 0x7fdaaa1a7050>,74,12,[4 7],75,151,163,76,136
1,<environment.Job instance at 0x7fdaaa212910>,80,14,[3 7],81,151,165,70,136
1,<environment.Job instance at 0x7fdaaa212dc0>,84,16,[ 4 10],85,165,181,80,152
1,<environment.Job instance at 0x7fdaaa212500>,85,20,[5 8],86,181,201,95,173
1,<environment.Job instance at 0x7fdaaa212870>,92,13,[2 9],93,201,214,108,185
1,<environment.Job instance at 0x7fdaaa212b40>,93,20,[4 9],94,214,234,120,207
1,<environment.Job instance at 0x7fdaaa212370>,94,12,[2 7],95,234,246,139,217
1,<environment.Job instance at 0x7fdab43639b0>,96,21,[10  5],97,217,238,120,217
1,<environment.Job instance at 0x7fdab43633c0>,103,17,[5 9],104,246,263,142,234
1,<environment.Job instance at 0x7fdab4363280>,104,17,[7 1],105,238,255,133,234
1,<environment.Job instance at 0x7fdab4362820>,118,14,[3 6],119,255,269,136,240
1,<environment.Job instance at 0x7fdaaa1ba190>,13,16,[5 8],14,263,279,249,255
1,<environment.Job instance at 0x7fdaaa218410>,1,24,[7 2],2,276,300,274,276
1,<environment.Job instance at 0x7fdaaa218140>,11,24,[6 2],12,4151,4175,4139,4151
1,<environment.Job instance at 0x7fdaaa6f50a0>,7,23,[9 5],8,8,31,0,8
1,<environment.Job instance at 0x7fdaaa34a500>,8,16,[5 2],9,9,25,0,9
1,<environment.Job instance at 0x7fdaaa6f51e0>,10,12,[ 1 10],11,25,37,14,14
1,<environment.Job instance at 0x7fdaaa34a6e0>,15,13,[5 5],16,31,44,15,16
1,<environment.Job instance at 0x7fdaaa34abe0>,16,20,[7 1],17,37,57,20,32
1,<environment.Job instance at 0x7fdaaa34ab40>,21,20,[5 5],22,44,64,22,35
1,<environment.Job instance at 0x7fdaaa857690>,25,17,[7 4],26,57,74,31,45
1,<environment.Job instance at 0x7fdaaa34a690>,9,22,[2 5],10,61,83,51,61
1,<environment.Job instance at 0x7fdaaa34adc0>,12,24,[6 4],13,64,88,51,61
1,<environment.Job instance at 0x7fdab4474460>,29,13,[1 7],30,83,96,53,67
1,<environment.Job instance at 0x7fdab4363230>,30,19,[12  4],31,88,107,57,78
1,<environment.Job instance at 0x7fdab4363410>,31,14,[ 5 12],32,107,121,75,92
1,<environment.Job instance at 0x7fdaaa418820>,39,16,[4 5],40,121,137,81,108
1,<environment.Job instance at 0x7fdaaa418cd0>,42,14,[4 5],43,121,135,78,108
1,<environment.Job instance at 0x7fdaaa4185a0>,45,13,[5 6],46,135,148,89,119
1,<environment.Job instance at 0x7fdaaa418dc0>,50,20,[4 9],51,137,157,86,128
1,<environment.Job instance at 0x7fdaaa190c30>,58,18,[5 5],59,148,166,89,137
1,<environment.Job instance at 0x7fdaaa603aa0>,71,12,[7 5],72,157,169,85,140
1,<environment.Job instance at 0x7fdaaa418be0>,32,18,[10  5],33,169,187,136,159
1,<environment.Job instance at 0x7fdaaa6030a0>,73,18,[ 2 13],74,187,205,113,176
1,<environment.Job instance at 0x7fdaaa6032d0>,74,15,[2 6],75,205,220,130,191
1,<environment.Job instance at 0x7fdaaa6034b0>,75,17,[10  4],76,205,222,129,193
1,<environment.Job instance at 0x7fdaaa6035a0>,76,19,[6 5],77,222,241,145,212
1,<environment.Job instance at 0x7fdaaa6036e0>,77,14,[12  2],78,241,255,163,226
1,<environment.Job instance at 0x7fdaaa31c370>,78,17,[12  4],79,255,272,176,243
1,<environment.Job instance at 0x7fdaaa31cfa0>,79,25,[6 4],80,272,297,192,268
1,<environment.Job instance at 0x7fdaaa31c5f0>,80,19,[3 6],81,268,287,187,268
1,<environment.Job instance at 0x7fdaaa31ceb0>,81,20,[ 2 10],82,287,307,205,278
1,<environment.Job instance at 0x7fdaaa31ce60>,82,18,[ 2 13],83,307,325,224,296
1,<environment.Job instance at 0x7fdaaa31cd70>,83,14,[14  2],84,325,339,241,310
1,<environment.Job instance at 0x7fdaaa31c3c0>,84,27,[ 1 12],85,325,352,240,323
1,<environment.Job instance at 0x7fdaaa31c320>,85,15,[13  4],86,352,367,266,338
1,<environment.Job instance at 0x7fdaaa310500>,86,24,[ 4 14],87,367,391,280,362
1,<environment.Job instance at 0x7fdaaa3104b0>,87,15,[4 9],88,391,406,303,377
1,<environment.Job instance at 0x7fdaaa3105f0>,88,16,[12  5],89,406,422,317,393
1,<environment.Job instance at 0x7fdaaa310910>,89,12,[4 6],90,393,405,303,393
1,<environment.Job instance at 0x7fdaaa310c30>,90,23,[3 9],91,406,429,315,400
1,<environment.Job instance at 0x7fdaaa310d70>,91,19,[ 4 14],92,429,448,337,419
1,<environment.Job instance at 0x7fdaaa3106e0>,92,19,[7 3],93,448,467,355,438
1,<environment.Job instance at 0x7fdaaa603a50>,72,20,[10  2],73,467,487,394,458
1,<environment.Job instance at 0x7fdaaa6f2820>,95,18,[5 5],96,458,476,362,458
1,<environment.Job instance at 0x7fdaaa6f26e0>,96,15,[2 6],97,476,491,379,462
1,<environment.Job instance at 0x7fdaaa6f2cd0>,97,14,[8 4],98,487,501,389,472
1,<environment.Job instance at 0x7fdaaa6f23c0>,100,15,[5 2],101,487,502,386,473
1,<environment.Job instance at 0x7fdaaa6f2d20>,102,13,[10  4],103,501,514,398,485
1,<environment.Job instance at 0x7fdaaa310960>,93,26,[10  3],94,514,540,420,511
1,<environment.Job instance at 0x7fdaaa6f2910>,105,12,[12  2],106,540,552,434,523
1,<environment.Job instance at 0x7fdaaa6f20a0>,106,12,[14  2],107,552,564,445,535
1,<environment.Job instance at 0x7fdaaa6f2e60>,107,15,[ 4 10],108,564,579,456,550
1,<environment.Job instance at 0x7fdaaa6f2f50>,108,13,[14  5],109,579,592,470,563
1,<environment.Job instance at 0x7fdaaa6f2e10>,109,25,[13  3],110,592,617,482,588
1,<environment.Job instance at 0x7fdaaa73c730>,110,14,[ 1 14],111,617,631,506,602
1,<environment.Job instance at 0x7fdaaa73c0a0>,111,14,[5 3],112,631,645,519,616
1,<environment.Job instance at 0x7fdaaa73c8c0>,112,12,[ 2 13],113,645,657,532,628
1,<environment.Job instance at 0x7fdaaa73c500>,113,22,[13  3],114,657,679,543,650
1,<environment.Job instance at 0x7fdaaa73c5f0>,114,20,[7 5],115,679,699,564,670
1,<environment.Job instance at 0x7fdaaa73c140>,115,21,[4 8],116,679,700,563,671
1,<environment.Job instance at 0x7fdaaa73cb40>,116,17,[5 4],117,699,716,582,687
1,<environment.Job instance at 0x7fdaaa73ce60>,117,20,[8 5],118,700,720,582,691
1,<environment.Job instance at 0x7fdaaa73c550>,118,18,[11  4],119,720,738,601,709
1,<environment.Job instance at 0x7fdaab049870>,9,12,[5 5],10,10,22,0,10
1,<environment.Job instance at 0x7fdaab049960>,11,17,[5 4],12,12,29,0,12
1,<environment.Job instance at 0x7fdaab049fa0>,12,14,[13  1],13,29,43,16,15
1,<environment.Job instance at 0x7fdaab049460>,15,16,[1 9],16,22,38,6,16
1,<environment.Job instance at 0x7fdaab049780>,14,16,[4 6],15,43,59,28,30
1,<environment.Job instance at 0x7fdaab0457d0>,20,15,[3 5],21,43,58,22,30
1,<environment.Job instance at 0x7fdaab042410>,18,23,[6 4],19,43,66,24,39
1,<environment.Job instance at 0x7fdaab045a50>,22,17,[5 5],23,58,75,35,51
1,<environment.Job instance at 0x7fdaab73b910>,34,13,[5 5],35,66,79,31,64
1,<environment.Job instance at 0x7fdaab045870>,23,25,[5 5],24,77,102,53,77
1,<environment.Job instance at 0x7fdaaa57ffa0>,36,18,[6 3],37,79,97,42,77
1,<environment.Job instance at 0x7fdaaa8409b0>,40,14,[9 5],41,97,111,56,82
1,<environment.Job instance at 0x7fdaab7097d0>,43,19,[7 5],44,111,130,67,101
1,<environment.Job instance at 0x7fdaaa83cd70>,46,21,[8 4],47,111,132,64,104
1,<environment.Job instance at 0x7fdaaa583a50>,48,15,[1 7],49,130,145,81,116
1,<environment.Job instance at 0x7fdaaa583aa0>,49,14,[7 2],50,132,146,82,117
1,<environment.Job instance at 0x7fdaab711e60>,53,13,[1 6],54,132,145,78,117
1,<environment.Job instance at 0x7fdaab711cd0>,55,15,[1 6],56,145,160,89,131
1,<environment.Job instance at 0x7fdaab711c80>,56,13,[5 2],57,145,158,88,131
1,<environment.Job instance at 0x7fdaab049cd0>,17,28,[13  5],18,158,186,140,157
1,<environment.Job instance at 0x7fdaab711d20>,58,26,[14  2],59,186,212,127,183
1,<environment.Job instance at 0x7fdaab711a50>,57,16,[ 2 10],58,212,228,154,199
1,<environment.Job instance at 0x7fdaab711eb0>,62,18,[2 5],63,212,230,149,201
1,<environment.Job instance at 0x7fdaaa8faa00>,65,19,[5 7],66,228,247,162,218
1,<environment.Job instance at 0x7fdaab70a140>,69,21,[1 7],70,230,251,160,226
1,<environment.Job instance at 0x7fdaab70a640>,70,15,[2 7],71,247,262,176,233
1,<environment.Job instance at 0x7fdaaa905fa0>,71,16,[6 1],72,233,249,161,233
1,<environment.Job instance at 0x7fdaab70a500>,73,14,[10  3],74,251,265,177,236
1,<environment.Job instance at 0x7fdaaa8d00a0>,74,18,[4 7],75,262,280,187,252
1,<environment.Job instance at 0x7fdaaa8d0460>,78,21,[5 6],79,265,286,186,260
1,<environment.Job instance at 0x7fdaaa8d05a0>,79,14,[ 3 10],80,286,300,206,272
1,<environment.Job instance at 0x7fdaaa8d0640>,80,13,[4 5],81,280,293,199,272
1,<environment.Job instance at 0x7fdaaa8d0370>,82,16,[1 5],83,293,309,210,280
1,<environment.Job instance at 0x7fdaaa8d0550>,83,18,[4 9],84,300,318,216,289
1,<environment.Job instance at 0x7fdaab711f00>,59,25,[13  4],60,318,343,258,314
1,<environment.Job instance at 0x7fdaaa8d0eb0>,95,27,[12  4],96,343,370,247,341
1,<environment.Job instance at 0x7fdaaa8d0fa0>,94,18,[ 1 10],95,343,361,248,343
1,<environment.Job instance at 0x7fdaab05a320>,99,14,[1 7],100,361,375,261,346
1,<environment.Job instance at 0x7fdaab0424b0>,16,16,[7 2],17,370,386,353,358
1,<environment.Job instance at 0x7fdaab05a3c0>,100,18,[7 5],101,370,388,269,359
1,<environment.Job instance at 0x7fdaaa56d0a0>,37,16,[9 4],38,388,404,350,377
1,<environment.Job instance at 0x7fdaab05a690>,107,16,[2 8],108,386,402,278,377
1,<environment.Job instance at 0x7fdaab05a820>,108,12,[11  1],109,404,416,295,387
1,<environment.Job instance at 0x7fdaab05a8c0>,109,17,[11  3],110,416,433,306,404
1,<environment.Job instance at 0x7fdaab05aaa0>,110,16,[12  1],111,433,449,322,420
1,<environment.Job instance at 0x7fdaab05aa00>,111,15,[ 4 13],112,449,464,337,435
1,<environment.Job instance at 0x7fdaab05abe0>,112,28,[13  1],113,464,492,351,463
1,<environment.Job instance at 0x7fdaab05ab40>,113,24,[ 4 13],114,492,516,378,487
1,<environment.Job instance at 0x7fdaab05ad20>,114,18,[ 1 11],115,516,534,401,505
1,<environment.Job instance at 0x7fdaab05adc0>,115,18,[2 5],116,534,552,418,523
1,<environment.Job instance at 0x7fdaab05aeb0>,116,14,[12  5],117,534,548,417,523
1,<environment.Job instance at 0x7fdaab05acd0>,117,21,[13  2],118,548,569,430,540
1,<environment.Job instance at 0x7fdaab05af50>,118,14,[3 9],119,569,583,450,554
1,<environment.Job instance at 0x7fdaab05a6e0>,106,24,[8 2],107,646,670,539,646
1,<environment.Job instance at 0x7fdaaa900c80>,0,14,[5 1],1,1,15,0,1
1,<environment.Job instance at 0x7fdaaa9003c0>,4,14,[8 4],5,5,19,0,5
1,<environment.Job instance at 0x7fdaab05a140>,1,24,[2 6],2,6,30,4,6
1,<environment.Job instance at 0x7fdaaa900190>,5,14,[11  2],6,19,33,13,6
1,<environment.Job instance at 0x7fdaab062870>,8,14,[5 8],9,33,47,24,18
1,<environment.Job instance at 0x7fdaab062910>,14,19,[3 6],15,30,49,15,20
1,<environment.Job instance at 0x7fdaaa612aa0>,16,15,[6 1],17,33,48,16,20
1,<environment.Job instance at 0x7fdaab027140>,20,12,[2 8],21,47,59,26,30
1,<environment.Job instance at 0x7fdaab027190>,21,13,[6 4],22,49,62,27,33
1,<environment.Job instance at 0x7fdaab027320>,24,13,[5 7],25,59,72,34,43
1,<environment.Job instance at 0x7fdaab027640>,26,14,[4 9],27,72,86,45,57
1,<environment.Job instance at 0x7fdaab027410>,27,18,[8 3],28,62,80,34,57
1,<environment.Job instance at 0x7fdaaa56a780>,28,12,[3 5],29,80,92,51,63
1,<environment.Job instance at 0x7fdaaa56a640>,32,20,[8 5],33,86,106,53,77
1,<environment.Job instance at 0x7fdaaa56a4b0>,35,18,[3 7],36,92,110,56,81
1,<environment.Job instance at 0x7fdaaa56ac80>,37,18,[10  1],38,106,124,68,97
1,<environment.Job instance at 0x7fdaaa56aeb0>,38,20,[2 7],39,106,126,67,97
1,<environment.Job instance at 0x7fdaaa56adc0>,40,17,[5 2],41,124,141,83,112
1,<environment.Job instance at 0x7fdaaa56a960>,41,18,[4 9],42,126,144,84,118
1,<environment.Job instance at 0x7fdaaa56a730>,42,12,[6 2],43,124,136,81,118
1,<environment.Job instance at 0x7fdaab034b40>,45,16,[6 2],46,136,152,90,123
1,<environment.Job instance at 0x7fdaab0349b0>,46,16,[8 2],47,144,160,97,131
1,<environment.Job instance at 0x7fdaab034a00>,49,16,[7 4],50,152,168,102,139
1,<environment.Job instance at 0x7fdaab0367d0>,52,12,[7 2],53,160,172,107,143
1,<environment.Job instance at 0x7fdaab036a00>,55,18,[ 2 10],56,168,186,112,157
1,<environment.Job instance at 0x7fdaab036dc0>,63,12,[9 1],64,172,184,108,159
1,<environment.Job instance at 0x7fdaab03db40>,65,17,[10  1],66,184,201,118,173
1,<environment.Job instance at 0x7fdaab03de10>,72,16,[5 4],73,186,202,113,173
1,<environment.Job instance at 0x7fdaab03dd20>,74,21,[3 7],75,201,222,126,193
1,<environment.Job instance at 0x7fdaab03daf0>,76,17,[3 5],77,202,219,125,193
1,<environment.Job instance at 0x7fdaab03a460>,78,14,[6 5],79,219,233,140,204
1,<environment.Job instance at 0x7fdaab03a820>,87,15,[4 7],88,222,237,134,208
1,<environment.Job instance at 0x7fdaab03a730>,88,12,[1 7],89,233,245,144,216
1,<environment.Job instance at 0x7fdaab03a910>,89,17,[8 4],90,237,254,147,225
1,<environment.Job instance at 0x7fdaab03abe0>,90,16,[1 7],91,245,261,154,232
1,<environment.Job instance at 0x7fdaab02c370>,93,21,[8 3],94,254,275,160,246
1,<environment.Job instance at 0x7fdaab02cd70>,96,20,[3 6],97,261,281,164,252
1,<environment.Job instance at 0x7fdaab02ce60>,99,16,[ 4 10],100,281,297,181,268
1,<environment.Job instance at 0x7fdaab02ca50>,100,15,[5 5],101,275,290,174,268
1,<environment.Job instance at 0x7fdaab02c0f0>,105,18,[6 4],106,290,308,184,279
1,<environment.Job instance at 0x7fdaaa645370>,111,13,[5 6],112,297,310,185,281
1,<environment.Job instance at 0x7fdaaa6452d0>,114,19,[1 6],115,308,327,193,298
1,<environment.Job instance at 0x7fdaab052730>,118,22,[8 2],119,308,330,189,303
1,<environment.Job instance at 0x7fdaab062780>,9,22,[ 4 10],10,330,352,320,330
1,<environment.Job instance at 0x7fdaaa9006e0>,6,21,[ 1 10],7,352,373,345,344
1,<environment.Job instance at 0x7fdaaa34a050>,1,17,[2 7],2,2,19,0,2
1,<environment.Job instance at 0x7fdaab062960>,2,23,[8 3],3,3,26,0,3
1,<environment.Job instance at 0x7fdaaa54d0f0>,3,13,[13  3],4,26,39,22,11
1,<environment.Job instance at 0x7fdaaadfafa0>,0,23,[2 9],1,19,42,18,17
1,<environment.Job instance at 0x7fdaaa537730>,10,14,[9 2],11,39,53,28,24
1,<environment.Job instance at 0x7fdaaa5242d0>,17,16,[5 2],18,42,58,24,29
1,<environment.Job instance at 0x7fdaaa522320>,24,18,[5 8],25,53,71,28,42
1,<environment.Job instance at 0x7fdaaab14e60>,41,14,[5 7],42,58,72,16,45
1,<environment.Job instance at 0x7fdaaa57c140>,54,13,[4 5],55,71,84,16,55
1,<environment.Job instance at 0x7fdaaa57c3c0>,57,17,[8 3],58,72,89,14,60
1,<environment.Job instance at 0x7fdaaa57c5f0>,59,18,[2 7],60,72,90,12,62
1,<environment.Job instance at 0x7fdaaa56ec30>,68,14,[5 2],69,84,98,15,70
1,<environment.Job instance at 0x7fdaaa56e320>,71,15,[6 3],72,89,104,17,75
1,<environment.Job instance at 0x7fdaaa56e280>,72,16,[9 3],73,98,114,25,85
1,<environment.Job instance at 0x7fdaaa4cf2d0>,81,15,[5 4],82,104,119,22,90
1,<environment.Job instance at 0x7fdaaa4cfc80>,95,12,[5 5],96,114,126,18,97
1,<environment.Job instance at 0x7fdaaa521230>,14,22,[5 4],15,114,136,99,107
1,<environment.Job instance at 0x7fdaaa4cfe60>,98,20,[7 4],99,126,146,27,117
1,<environment.Job instance at 0x7fdaaa4ff050>,101,14,[8 3],102,136,150,34,121
1,<environment.Job instance at 0x7fdaaa4ff230>,102,13,[10  5],103,150,163,47,134
1,<environment.Job instance at 0x7fdaaa4ff7d0>,112,19,[3 6],113,147,166,34,147
1,<environment.Job instance at 0x7fdaaa4cff00>,99,17,[8 3],100,260,277,160,260
1,<environment.Job instance at 0x7fdaab739280>,6,20,[2 9],7,7,27,0,7
1,<environment.Job instance at 0x7fdaab739410>,8,24,[4 6],9,9,33,0,9
1,<environment.Job instance at 0x7fdaab6f7500>,14,20,[5 3],15,27,47,12,18
1,<environment.Job instance at 0x7fdaab6f7460>,20,16,[6 3],21,27,43,6,21
1,<environment.Job instance at 0x7fdaab6f7fa0>,25,12,[10  2],26,43,55,17,26
1,<environment.Job instance at 0x7fdaab6f7e10>,24,25,[12  2],25,55,80,30,51
1,<environment.Job instance at 0x7fdaab6f76e0>,27,13,[11  1],28,80,93,52,64
1,<environment.Job instance at 0x7fdaaa971640>,28,22,[10  1],29,93,115,64,88
1,<environment.Job instance at 0x7fdaaa971280>,30,14,[5 1],31,93,107,62,88
1,<environment.Job instance at 0x7fdaaa971b40>,26,24,[13  1],27,115,139,88,110
1,<environment.Job instance at 0x7fdaaa971af0>,37,12,[14  2],38,139,151,101,122
1,<environment.Job instance at 0x7fdaaa971190>,38,23,[5 5],39,151,174,112,145
1,<environment.Job instance at 0x7fdaaa971e60>,36,22,[9 5],37,151,173,114,145
1,<environment.Job instance at 0x7fdaaa971f00>,41,16,[3 9],42,173,189,131,160
1,<environment.Job instance at 0x7fdaaa971460>,42,22,[5 2],43,174,196,131,167
1,<environment.Job instance at 0x7fdaaa971be0>,46,16,[1 8],47,189,205,142,176
1,<environment.Job instance at 0x7fdaaa971cd0>,47,16,[8 3],48,189,205,141,176
1,<environment.Job instance at 0x7fdaaaa1a690>,52,21,[1 5],53,205,226,152,197
1,<environment.Job instance at 0x7fdaaaa1acd0>,56,12,[2 5],57,205,217,148,197
1,<environment.Job instance at 0x7fdaaa971c30>,31,20,[3 8],32,217,237,185,208
1,<environment.Job instance at 0x7fdaaaa1a140>,58,12,[9 1],59,208,220,149,208
1,<environment.Job instance at 0x7fdaaaa1a230>,59,24,[6 2],60,220,244,160,215
1,<environment.Job instance at 0x7fdaaaa1a460>,60,13,[ 1 12],61,237,250,176,221
1,<environment.Job instance at 0x7fdaaaa1ad70>,61,16,[ 2 12],62,250,266,188,238
1,<environment.Job instance at 0x7fdaaa971140>,39,23,[ 3 13],40,266,289,226,264
1,<environment.Job instance at 0x7fdaab6f7cd0>,21,14,[11  5],22,289,303,267,282
1,<environment.Job instance at 0x7fdaaaa1a5f0>,64,14,[4 8],65,289,303,224,282
1,<environment.Job instance at 0x7fdaaaa1af50>,68,13,[4 5],69,303,316,234,287
1,<environment.Job instance at 0x7fdaaaa1a050>,71,14,[10  4],72,303,317,231,288
1,<environment.Job instance at 0x7fdaaab4fa50>,73,20,[8 4],74,317,337,243,309
1,<environment.Job instance at 0x7fdaaab4f320>,78,19,[6 5],79,317,336,238,309
1,<environment.Job instance at 0x7fdaaab4f870>,81,15,[2 7],82,336,351,254,322
1,<environment.Job instance at 0x7fdaaab4f820>,82,17,[3 5],83,337,354,254,325
1,<environment.Job instance at 0x7fdaaab4f0a0>,91,21,[2 9],92,351,372,259,343
1,<environment.Job instance at 0x7fdaab756050>,95,14,[10  1],96,343,357,247,343
1,<environment.Job instance at 0x7fdaab756730>,96,12,[9 5],97,357,369,260,343
1,<environment.Job instance at 0x7fdaab7560a0>,100,16,[5 4],101,369,385,268,356
1,<environment.Job instance at 0x7fdaab756a00>,101,18,[7 2],102,369,387,267,358
1,<environment.Job instance at 0x7fdaab756550>,102,12,[5 2],103,385,397,282,368
1,<environment.Job instance at 0x7fdaab756cd0>,104,12,[7 2],105,387,399,282,370
1,<environment.Job instance at 0x7fdaab756230>,107,12,[7 2],108,397,409,289,380
1,<environment.Job instance at 0x7fdaab7563c0>,112,19,[2 5],113,399,418,286,389
1,<environment.Job instance at 0x7fdaab6f6eb0>,116,13,[8 4],117,409,422,292,393
1,<environment.Job instance at 0x7fdaab6f64b0>,117,17,[6 2],118,418,435,300,406
1,<environment.Job instance at 0x7fdaab6f6960>,118,16,[6 5],119,422,438,303,409
1,<environment.Job instance at 0x7fdaab7390a0>,0,18,[7 4],1,435,453,434,424
1,<environment.Job instance at 0x7fdaaa079be0>,0,19,[4 5],1,1,20,0,1
1,<environment.Job instance at 0x7fdab4354fa0>,2,16,[6 3],3,3,19,0,3
1,<environment.Job instance at 0x7fdaaa079d20>,4,21,[5 4],5,5,26,0,5
1,<environment.Job instance at 0x7fdaaa079780>,5,16,[6 4],6,19,35,13,6
1,<environment.Job instance at 0x7fdaaa079320>,11,13,[9 3],12,26,39,14,13
1,<environment.Job instance at 0x7fdaaa079c80>,16,16,[7 5],17,39,55,22,26
1,<environment.Job instance at 0x7fdaaa0798c0>,12,14,[8 4],13,39,53,26,26
1,<environment.Job instance at 0x7fdaaa079fa0>,18,13,[7 1],19,53,66,34,39
1,<environment.Job instance at 0x7fdaaa079af0>,6,22,[7 2],7,55,77,48,51
1,<environment.Job instance at 0x7fdaaa0795f0>,20,15,[9 1],21,77,92,56,63
1,<environment.Job instance at 0x7fdaaa079e60>,19,14,[14  1],20,92,106,72,77
1,<environment.Job instance at 0x7fdaaa079280>,1,14,[14  3],2,106,120,104,91
1,<environment.Job instance at 0x7fdaaa0788c0>,24,14,[ 5 13],25,120,134,95,105
1,<environment.Job instance at 0x7fdaa9f51230>,67,17,[8 4],68,134,151,66,122
1,<environment.Job instance at 0x7fdaaa079500>,9,12,[5 4],10,134,146,124,122
1,<environment.Job instance at 0x7fdaaa51c960>,84,15,[5 5],85,146,161,61,132
1,<environment.Job instance at 0x7fdaab5572d0>,93,18,[6 4],94,151,169,57,140
1,<environment.Job instance at 0x7fdaaa8615a0>,85,14,[ 5 13],86,169,183,83,154
1,<environment.Job instance at 0x7fdaaabd6a00>,0,13,[11  3],1,1,14,0,1
1,<environment.Job instance at 0x7fdaaabd6aa0>,1,22,[ 4 12],2,2,24,0,2
1,<environment.Job instance at 0x7fdaaad81e60>,8,14,[5 7],9,24,38,15,9
1,<environment.Job instance at 0x7fdaaad81be0>,12,13,[9 3],13,14,27,1,13
1,<environment.Job instance at 0x7fdaaa5c89b0>,14,13,[5 5],15,27,40,12,15
1,<environment.Job instance at 0x7fdaaa5c83c0>,18,19,[14  2],19,40,59,21,30
1,<environment.Job instance at 0x7fdaaa5c8820>,20,18,[14  1],21,59,77,38,48
1,<environment.Job instance at 0x7fdaaa5c8320>,21,19,[ 2 14],22,77,96,55,67
1,<environment.Job instance at 0x7fdaaa5c8280>,15,14,[11  2],16,96,110,80,85
1,<environment.Job instance at 0x7fdaab38cf00>,24,19,[7 5],25,110,129,85,101
1,<environment.Job instance at 0x7fdaab38cd20>,27,21,[4 5],28,101,122,73,101
1,<environment.Job instance at 0x7fdaab38cf50>,28,16,[10  1],29,129,145,100,116
1,<environment.Job instance at 0x7fdaaa5c8e60>,19,20,[ 5 12],20,129,149,109,120
1,<environment.Job instance at 0x7fdaab38caa0>,29,18,[8 2],30,145,163,115,136
1,<environment.Job instance at 0x7fdaab38c230>,30,18,[ 2 14],31,163,181,132,152
1,<environment.Job instance at 0x7fdaab38c4b0>,33,21,[13  5],34,181,202,147,173
1,<environment.Job instance at 0x7fdaab38ce60>,32,21,[8 4],33,202,223,169,194
1,<environment.Job instance at 0x7fdaab38c6e0>,36,22,[7 2],37,202,224,165,195
1,<environment.Job instance at 0x7fdaab38c370>,38,15,[7 4],39,223,238,184,209
1,<environment.Job instance at 0x7fdaab38c140>,39,14,[4 7],40,224,238,184,209
1,<environment.Job instance at 0x7fdaab38ceb0>,40,19,[5 2],41,238,257,197,228
1,<environment.Job instance at 0x7fdaab027050>,42,17,[6 5],43,238,255,195,228
1,<environment.Job instance at 0x7fdaab38c3c0>,25,23,[3 6],26,238,261,212,232
1,<environment.Job instance at 0x7fdaab027320>,44,22,[8 3],45,257,279,212,250
1,<environment.Job instance at 0x7fdaab0275a0>,49,18,[2 5],50,260,278,210,260
1,<environment.Job instance at 0x7fdaab0270a0>,51,21,[2 6],52,261,282,209,260
1,<environment.Job instance at 0x7fdaab73a690>,55,15,[9 4],56,279,294,223,265
1,<environment.Job instance at 0x7fdaab73a050>,56,15,[4 7],57,282,297,225,269
1,<environment.Job instance at 0x7fdaab73aa50>,60,18,[5 5],61,294,312,233,283
1,<environment.Job instance at 0x7fdaab73abe0>,67,15,[8 2],68,297,312,229,283
1,<environment.Job instance at 0x7fdaab73a5a0>,71,16,[8 3],72,312,328,240,299
1,<environment.Job instance at 0x7fdaab73aaf0>,72,16,[4 6],73,312,328,239,299
1,<environment.Job instance at 0x7fdaaabece10>,78,17,[3 8],79,328,345,249,316
1,<environment.Job instance at 0x7fdaaabec1e0>,80,16,[3 7],81,328,344,247,316
1,<environment.Job instance at 0x7fdaaabec460>,81,18,[5 5],82,344,362,262,333
1,<environment.Job instance at 0x7fdaaabecaa0>,82,14,[5 7],83,345,359,262,333
1,<environment.Job instance at 0x7fdaaabec730>,84,16,[4 7],85,359,375,274,346
1,<environment.Job instance at 0x7fdaaabecc30>,86,14,[1 6],87,362,376,275,347
1,<environment.Job instance at 0x7fdaaa6102d0>,93,18,[6 5],94,375,393,281,364
1,<environment.Job instance at 0x7fdab4213dc0>,97,15,[10  5],98,393,408,295,379
1,<environment.Job instance at 0x7fdab4213820>,102,16,[1 8],103,395,411,292,395
1,<environment.Job instance at 0x7fdab4213500>,103,12,[3 7],104,408,420,304,395
1,<environment.Job instance at 0x7fdab4213b90>,104,20,[ 1 10],105,420,440,315,411
1,<environment.Job instance at 0x7fdaaa68eb40>,109,12,[8 2],110,411,423,301,411
1,<environment.Job instance at 0x7fdaaa68e0f0>,111,22,[6 4],112,423,445,311,416
1,<environment.Job instance at 0x7fdaaa68e5f0>,113,15,[2 7],114,440,455,326,426
1,<environment.Job instance at 0x7fdaab38cc30>,22,24,[ 2 14],23,455,479,432,450
1,<environment.Job instance at 0x7fdaab027870>,45,18,[11  2],46,479,497,433,468
1,<environment.Job instance at 0x7fdaaad81870>,2,20,[13  3],3,497,517,494,490
1,<environment.Job instance at 0x7fdaaa9f42d0>,0,28,[5 5],1,1,29,0,1
1,<environment.Job instance at 0x7fdaab71e410>,5,19,[3 8],6,7,26,1,7
1,<environment.Job instance at 0x7fdaab71ecd0>,10,14,[8 2],11,26,40,15,11
1,<environment.Job instance at 0x7fdaab71e230>,11,21,[9 5],12,40,61,28,32
1,<environment.Job instance at 0x7fdaab71e1e0>,13,18,[4 5],14,32,50,18,32
1,<environment.Job instance at 0x7fdaab22e0f0>,15,13,[4 6],16,50,63,34,34
1,<environment.Job instance at 0x7fdaab22e5f0>,19,17,[10  4],20,61,78,41,49
1,<environment.Job instance at 0x7fdaab22ec30>,23,16,[3 5],24,63,79,39,50
1,<environment.Job instance at 0x7fdaab22e730>,30,14,[9 5],31,78,92,47,63
1,<environment.Job instance at 0x7fdaab22afa0>,38,15,[6 4],39,79,94,40,75
1,<environment.Job instance at 0x7fdaab22ac30>,39,17,[3 8],40,92,109,52,80
1,<environment.Job instance at 0x7fdaab22abe0>,41,19,[5 4],42,94,113,52,90
1,<environment.Job instance at 0x7fdaab22aa50>,45,17,[9 5],46,109,126,63,97
1,<environment.Job instance at 0x7fdaab22a730>,51,15,[5 5],52,113,128,61,99
1,<environment.Job instance at 0x7fdaab22a690>,53,18,[5 9],54,126,144,72,115
1,<environment.Job instance at 0x7fdaab20ddc0>,57,20,[3 6],58,128,148,70,119
1,<environment.Job instance at 0x7fdaab20db40>,63,16,[7 4],64,144,160,80,131
1,<environment.Job instance at 0x7fdaab27e410>,74,14,[3 5],75,144,158,69,131
1,<environment.Job instance at 0x7fdaaacd10f0>,88,16,[4 8],89,158,174,69,145
1,<environment.Job instance at 0x7fdaaacd1dc0>,90,18,[10  3],91,160,178,69,149
1,<environment.Job instance at 0x7fdaaacd1500>,94,18,[7 4],95,178,196,83,167
1,<environment.Job instance at 0x7fdaaacd1e60>,98,15,[1 5],99,174,189,75,167
1,<environment.Job instance at 0x7fdaaab5f190>,104,21,[6 3],105,178,199,73,170
1,<environment.Job instance at 0x7fdaaab5fc30>,106,17,[10  5],107,199,216,92,187
1,<environment.Job instance at 0x7fdaaab5f500>,109,17,[1 7],110,189,206,79,187
1,<environment.Job instance at 0x7fdab435c4b0>,115,18,[9 3],116,216,234,100,205
1,<environment.Job instance at 0x7fdab435c550>,116,17,[1 6],117,206,223,89,205
1,<environment.Job instance at 0x7fdab435c5a0>,118,17,[3 5],119,216,233,97,205
1,<environment.Job instance at 0x7fdaaaf50910>,9,14,[4 9],10,10,24,0,10
1,<environment.Job instance at 0x7fdaaaf502d0>,10,17,[10  3],11,11,28,0,11
1,<environment.Job instance at 0x7fdaaace4be0>,15,16,[4 8],16,24,40,8,17
1,<environment.Job instance at 0x7fdaaace43c0>,16,14,[13  4],17,40,54,23,27
1,<environment.Job instance at 0x7fdaaace46e0>,18,22,[1 8],19,40,62,21,33
1,<environment.Job instance at 0x7fdaaace4280>,22,21,[9 3],23,54,75,31,46
1,<environment.Job instance at 0x7fdaaace4690>,25,17,[4 6],26,62,79,36,50
1,<environment.Job instance at 0x7fdaaace4460>,27,21,[3 7],28,75,96,47,67
1,<environment.Job instance at 0x7fdaaace4eb0>,20,16,[11  4],21,79,95,58,71
1,<environment.Job instance at 0x7fdaab6f8140>,33,14,[5 5],34,95,109,61,80
1,<environment.Job instance at 0x7fdaab6f85f0>,37,12,[1 8],38,96,108,58,80
1,<environment.Job instance at 0x7fdaaace45a0>,19,18,[ 2 13],20,109,127,89,99
1,<environment.Job instance at 0x7fdaab6f8cd0>,39,13,[8 2],40,99,112,59,99
1,<environment.Job instance at 0x7fdaab6f8a00>,38,19,[5 8],39,127,146,88,120
1,<environment.Job instance at 0x7fdaaace4c80>,29,28,[14  3],30,146,174,116,145
1,<environment.Job instance at 0x7fdaab6f8d20>,42,22,[2 8],43,174,196,131,168
1,<environment.Job instance at 0x7fdaab6f8460>,43,27,[9 5],44,174,201,130,172
1,<environment.Job instance at 0x7fdaab6f8e60>,47,14,[ 3 10],48,197,211,149,197
1,<environment.Job instance at 0x7fdaab6f85a0>,40,27,[ 2 12],41,211,238,170,209
1,<environment.Job instance at 0x7fdaa9fd9a00>,55,13,[14  4],56,238,251,182,222
1,<environment.Job instance at 0x7fdaa9fd9f00>,56,12,[9 3],57,222,234,165,222
1,<environment.Job instance at 0x7fdaaace4910>,12,18,[9 2],13,251,269,238,240
1,<environment.Job instance at 0x7fdaa9fd9fa0>,58,20,[ 1 11],59,240,260,181,240
1,<environment.Job instance at 0x7fdaa9fd97d0>,57,21,[12  2],58,269,290,211,261
1,<environment.Job instance at 0x7fdaa9fd9c30>,61,15,[12  3],62,290,305,228,276
1,<environment.Job instance at 0x7fdaa9fd9f50>,60,20,[2 8],61,276,296,215,276
1,<environment.Job instance at 0x7fdaaaf50780>,0,17,[11  2],1,305,322,304,293
1,<environment.Job instance at 0x7fdaaa78adc0>,73,14,[7 3],74,322,336,248,307
1,<environment.Job instance at 0x7fdaaa78ae60>,78,19,[8 4],79,322,341,243,312
1,<environment.Job instance at 0x7fdaab1c8730>,80,20,[3 6],81,336,356,255,327
1,<environment.Job instance at 0x7fdaab1c8a50>,83,16,[ 3 10],84,356,372,272,343
1,<environment.Job instance at 0x7fdaaa0655f0>,84,14,[10  5],85,343,357,258,343
1,<environment.Job instance at 0x7fdaaa229b90>,86,21,[5 5],87,357,378,270,349
1,<environment.Job instance at 0x7fdaaad20c30>,87,19,[1 8],88,372,391,284,363
1,<environment.Job instance at 0x7fdaaad325a0>,91,14,[5 1],92,372,386,280,363
1,<environment.Job instance at 0x7fdaaa36a140>,92,17,[5 5],93,378,395,285,366
1,<environment.Job instance at 0x7fdaaad323c0>,93,15,[5 5],94,391,406,297,377
1,<environment.Job instance at 0x7fdaaad4cbe0>,95,20,[6 5],96,395,415,299,386
1,<environment.Job instance at 0x7fdaab338500>,101,14,[5 5],102,406,420,304,391
1,<environment.Job instance at 0x7fdaaa6d7230>,105,13,[3 6],106,415,428,309,399
1,<environment.Job instance at 0x7fdaaa066dc0>,110,12,[ 3 10],111,428,440,317,411
1,<environment.Job instance at 0x7fdaaa7b01e0>,117,20,[4 9],118,440,460,322,431
1,<environment.Job instance at 0x7fdaaa0ac0f0>,118,18,[7 2],119,431,449,312,431
1,<environment.Job instance at 0x7fdaaa78a690>,74,17,[ 1 13],75,460,477,385,448
1,<environment.Job instance at 0x7fdaaa06a460>,1,18,[11  1],2,2,20,0,2
1,<environment.Job instance at 0x7fdaab103a00>,7,15,[4 9],8,8,23,0,8
1,<environment.Job instance at 0x7fdaab1034b0>,5,18,[6 1],6,20,38,14,9
1,<environment.Job instance at 0x7fdaaa21d0a0>,10,12,[5 9],11,23,35,12,11
1,<environment.Job instance at 0x7fdaaa21d320>,12,17,[6 3],13,35,52,22,23
1,<environment.Job instance at 0x7fdaaa21dcd0>,13,12,[4 8],14,38,50,24,23
1,<environment.Job instance at 0x7fdaaa21d550>,8,22,[ 4 13],9,52,74,43,45
1,<environment.Job instance at 0x7fdaaa21d460>,18,28,[5 1],19,45,73,26,45
1,<environment.Job instance at 0x7fdaaa21d410>,19,28,[1 9],20,74,102,54,73
1,<environment.Job instance at 0x7fdaaa21d3c0>,20,12,[5 7],21,102,114,81,85
1,<environment.Job instance at 0x7fdaaa21daf0>,21,18,[6 5],22,85,103,63,85
1,<environment.Job instance at 0x7fdaaa21d050>,22,17,[8 5],23,103,120,80,91
1,<environment.Job instance at 0x7fdaaa809e10>,23,13,[10  5],24,120,133,96,104
1,<environment.Job instance at 0x7fdaaa8096e0>,24,15,[ 5 12],25,133,148,108,119
1,<environment.Job instance at 0x7fdaaa809370>,25,16,[5 8],26,148,164,122,135
1,<environment.Job instance at 0x7fdaab1030a0>,6,24,[5 6],7,148,172,141,146
1,<environment.Job instance at 0x7fdaaa809f00>,27,12,[3 5],28,164,176,136,147
1,<environment.Job instance at 0x7fdaaa809cd0>,26,23,[12  4],27,172,195,145,166
1,<environment.Job instance at 0x7fdaaa809aa0>,29,14,[6 2],30,195,209,165,180
1,<environment.Job instance at 0x7fdaab103500>,4,17,[5 9],5,195,212,190,187
1,<environment.Job instance at 0x7fdaaa809050>,30,28,[5 5],31,209,237,178,208
1,<environment.Job instance at 0x7fdaaa809820>,32,26,[ 5 14],33,237,263,204,234
1,<environment.Job instance at 0x7fdaaa8098c0>,33,12,[5 5],34,263,275,229,246
1,<environment.Job instance at 0x7fdaaa809780>,34,16,[4 6],35,263,279,228,250
1,<environment.Job instance at 0x7fdaaa809870>,35,16,[ 3 14],36,279,295,243,266
1,<environment.Job instance at 0x7fdaaa809190>,31,24,[10  1],32,275,299,243,270
1,<environment.Job instance at 0x7fdaaa809e60>,37,14,[5 4],38,295,309,257,280
1,<environment.Job instance at 0x7fdaaa8097d0>,38,15,[13  3],39,309,324,270,295
1,<environment.Job instance at 0x7fdaaa8075f0>,39,12,[3 8],40,324,336,284,307
1,<environment.Job instance at 0x7fdaaa21d690>,17,22,[9 4],18,324,346,306,317
1,<environment.Job instance at 0x7fdaaa8072d0>,48,20,[1 6],49,336,356,287,327
1,<environment.Job instance at 0x7fdaaa7f5640>,54,15,[10  3],55,346,361,291,332
1,<environment.Job instance at 0x7fdaaa7f5d20>,55,18,[1 9],56,356,374,300,345
1,<environment.Job instance at 0x7fdaaa7f5050>,61,14,[9 3],62,361,375,299,346
1,<environment.Job instance at 0x7fdaaa7f5960>,64,14,[9 3],65,375,389,310,360
1,<environment.Job instance at 0x7fdaaa7f5aa0>,65,18,[ 4 11],66,374,392,308,363
1,<environment.Job instance at 0x7fdaaa7de0f0>,82,21,[5 4],83,389,410,306,381
1,<environment.Job instance at 0x7fdaaa809f50>,28,22,[ 3 14],29,410,432,381,403
1,<environment.Job instance at 0x7fdaaa7f9e10>,86,16,[8 1],87,407,423,320,407
1,<environment.Job instance at 0x7fdaaa7f9190>,88,17,[4 8],89,432,449,343,420
1,<environment.Job instance at 0x7fdaaa7f9370>,89,18,[5 5],90,432,450,342,421
1,<environment.Job instance at 0x7fdaaa2bd5f0>,103,15,[3 7],104,449,464,345,435
1,<environment.Job instance at 0x7fdaaa2bdf00>,104,15,[10  3],105,450,465,345,436
1,<environment.Job instance at 0x7fdaaa2bd230>,108,19,[9 2],109,465,484,356,455
1,<environment.Job instance at 0x7fdaaa2bd190>,110,20,[2 5],111,455,475,344,455
1,<environment.Job instance at 0x7fdaaa2bd320>,111,21,[1 7],112,464,485,352,457
1,<environment.Job instance at 0x7fdaaa2bd3c0>,112,17,[10  3],113,484,501,371,472
1,<environment.Job instance at 0x7fdaaa2bdaa0>,114,16,[9 2],115,501,517,386,488
1,<environment.Job instance at 0x7fdaab103050>,0,21,[8 3],1,1212,1233,1211,1212
1,<environment.Job instance at 0x7fdaaa7dee10>,84,15,[ 4 11],85,1299,1314,1214,1299
1,<environment.Job instance at 0x7fdaaaa9ea50>,1,12,[1 7],2,2,14,0,2
1,<environment.Job instance at 0x7fdaaa5f64b0>,9,14,[9 1],10,10,24,0,10
1,<environment.Job instance at 0x7fdaaa5f66e0>,10,15,[2 5],11,11,26,0,11
1,<environment.Job instance at 0x7fdaaa5f6140>,17,12,[7 5],18,24,36,6,18
1,<environment.Job instance at 0x7fdaaa5f6d20>,20,21,[4 7],21,26,47,5,21
1,<environment.Job instance at 0x7fdaaa5f61e0>,21,16,[6 1],22,36,52,14,23
1,<environment.Job instance at 0x7fdaaa5f6550>,23,13,[6 3],24,47,60,23,31
1,<environment.Job instance at 0x7fdaaa5f62d0>,24,13,[1 7],25,36,49,11,31
1,<environment.Job instance at 0x7fdaaa5f6be0>,22,12,[7 4],23,52,64,29,39
1,<environment.Job instance at 0x7fdaaad25960>,28,18,[4 5],29,60,78,31,49
1,<environment.Job instance at 0x7fdab428f050>,30,17,[8 3],31,64,81,33,52
1,<environment.Job instance at 0x7fdab428f640>,31,14,[9 3],32,81,95,49,66
1,<environment.Job instance at 0x7fdab428f0f0>,39,15,[3 5],40,66,81,26,66
1,<environment.Job instance at 0x7fdaaa5f6dc0>,19,20,[ 4 10],20,81,101,61,72
1,<environment.Job instance at 0x7fdaaa6045a0>,44,18,[5 5],45,95,113,50,84
1,<environment.Job instance at 0x7fdaaa6044b0>,47,18,[9 2],48,101,119,53,91
1,<environment.Job instance at 0x7fdaaa604320>,43,23,[5 1],44,113,136,69,107
1,<environment.Job instance at 0x7fdaab034b90>,61,28,[13  2],62,136,164,74,135
1,<environment.Job instance at 0x7fdaaa604690>,60,17,[2 7],61,149,166,88,149
1,<environment.Job instance at 0x7fdaab034870>,62,20,[10  2],63,164,184,101,155
1,<environment.Job instance at 0x7fdaab034780>,64,27,[3 6],65,164,191,99,162
1,<environment.Job instance at 0x7fdaab0343c0>,65,18,[1 7],66,166,184,100,164
1,<environment.Job instance at 0x7fdaab034050>,68,17,[4 5],69,184,201,115,172
1,<environment.Job instance at 0x7fdaab034be0>,76,14,[1 6],77,191,205,114,183
1,<environment.Job instance at 0x7fdaab034dc0>,77,13,[6 3],78,184,197,106,183
1,<environment.Job instance at 0x7fdaab034500>,80,20,[3 8],81,201,221,120,192
1,<environment.Job instance at 0x7fdab41e8320>,82,12,[5 9],83,221,233,138,204
1,<environment.Job instance at 0x7fdaaa5211e0>,84,17,[5 3],85,205,222,120,204
1,<environment.Job instance at 0x7fdaaa521370>,86,12,[5 7],87,233,245,146,216
1,<environment.Job instance at 0x7fdaaa521cd0>,91,15,[1 6],92,222,237,130,216
1,<environment.Job instance at 0x7fdaaa521140>,92,21,[2 6],93,237,258,144,229
1,<environment.Job instance at 0x7fdaaa5218c0>,96,20,[9 3],97,245,265,148,236
1,<environment.Job instance at 0x7fdaaa521c30>,103,16,[8 2],104,265,281,161,252
1,<environment.Job instance at 0x7fdaaa5217d0>,105,14,[7 1],106,265,279,159,252
1,<environment.Job instance at 0x7fdaab034aa0>,66,22,[ 4 10],67,279,301,212,272
1,<environment.Job instance at 0x7fdaab7835a0>,108,17,[5 5],109,281,298,172,273
1,<environment.Job instance at 0x7fdaaad079b0>,109,16,[5 5],110,298,314,188,287
1,<environment.Job instance at 0x7fdaaad07a00>,110,20,[1 5],111,301,321,190,294
1,<environment.Job instance at 0x7fdaaad07870>,111,23,[7 5],112,301,324,189,295
1,<environment.Job instance at 0x7fdaaa399230>,0,22,[3 9],1,322,344,321,322
1,<environment.Job instance at 0x7fdaaad07230>,112,17,[9 1],113,328,345,215,328
1,<environment.Job instance at 0x7fdaaae83d70>,0,13,[ 3 14],1,1,14,0,1
1,<environment.Job instance at 0x7fdaaae83140>,3,18,[7 1],4,4,22,0,4
1,<environment.Job instance at 0x7fdaaae830a0>,4,21,[8 2],5,14,35,9,7
1,<environment.Job instance at 0x7fdaaae83410>,9,22,[3 7],10,22,44,12,22
1,<environment.Job instance at 0x7fdaaae83280>,10,21,[5 3],11,35,56,24,28
1,<environment.Job instance at 0x7fdaaae833c0>,11,21,[1 7],12,44,65,32,38
1,<environment.Job instance at 0x7fdaaae83690>,12,14,[3 7],13,56,70,43,41
1,<environment.Job instance at 0x7fdaab0e0f50>,15,12,[8 5],16,44,56,28,41
1,<environment.Job instance at 0x7fdaab0e0640>,17,19,[6 2],18,65,84,47,55
1,<environment.Job instance at 0x7fdaaae83550>,6,18,[7 4],7,70,88,63,59
1,<environment.Job instance at 0x7fdaab0e0fa0>,18,18,[10  2],19,88,106,69,77
1,<environment.Job instance at 0x7fdaaad7d550>,32,22,[5 5],33,84,106,51,77
1,<environment.Job instance at 0x7fdaaad7dd20>,33,16,[1 9],34,106,122,72,93
1,<environment.Job instance at 0x7fdaaae9a780>,37,12,[ 5 10],38,122,134,84,105
1,<environment.Job instance at 0x7fdaaae6d2d0>,39,16,[9 4],40,106,122,66,105
1,<environment.Job instance at 0x7fdaaabf1e60>,50,15,[8 4],51,122,137,71,108
1,<environment.Job instance at 0x7fdaaabfe410>,52,15,[2 8],53,134,149,81,120
1,<environment.Job instance at 0x7fdaad837e10>,53,17,[2 7],54,137,154,83,125
1,<environment.Job instance at 0x7fdaab6afaa0>,66,12,[9 5],67,149,161,82,132
1,<environment.Job instance at 0x7fdab40d7fa0>,69,15,[7 3],70,161,176,91,147
1,<environment.Job instance at 0x7fdaab218320>,75,18,[2 7],76,154,172,78,147
1,<environment.Job instance at 0x7fdaaa787fa0>,77,12,[1 9],78,172,184,94,155
1,<environment.Job instance at 0x7fdaab21c1e0>,79,18,[8 3],80,176,194,96,165
1,<environment.Job instance at 0x7fdaaa0c7aa0>,83,22,[1 7],84,184,206,100,177
1,<environment.Job instance at 0x7fdaab2ec5a0>,89,18,[4 9],90,206,224,116,195
1,<environment.Job instance at 0x7fdaab2ef280>,91,22,[1 9],92,224,246,132,217
1,<environment.Job instance at 0x7fdaab605b40>,93,12,[10  4],94,217,229,123,217
1,<environment.Job instance at 0x7fdaaa0b3fa0>,94,17,[8 3],95,229,246,134,217
1,<environment.Job instance at 0x7fdaaa0b3cd0>,96,14,[5 6],97,246,260,149,231
1,<environment.Job instance at 0x7fdaab65c6e0>,99,23,[5 2],100,231,254,131,231
1,<environment.Job instance at 0x7fdaab65c960>,102,14,[5 7],103,246,260,143,231
1,<environment.Job instance at 0x7fdaab64be10>,108,20,[7 1],109,260,280,151,251
1,<environment.Job instance at 0x7fdaab64baa0>,109,13,[ 2 10],110,260,273,150,251
1,<environment.Job instance at 0x7fdaab64b4b0>,113,17,[10  1],114,280,297,166,268
1,<environment.Job instance at 0x7fdaab0e08c0>,19,12,[ 1 13],20,273,285,253,268
1,<environment.Job instance at 0x7fdaab64bcd0>,118,16,[6 3],119,297,313,178,284
1,<environment.Job instance at 0x7fdaaae83aa0>,5,18,[13  2],6,313,331,307,302
1,<environment.Job instance at 0x7fdaaae83370>,1,21,[ 5 14],2,338,359,336,338
1,<environment.Job instance at 0x7fdad05aef50>,2,20,[3 5],3,377,397,374,377
1,<environment.Job instance at 0x7fdaab64baf0>,116,22,[3 5],117,8615,8637,8498,8615
1,<environment.Job instance at 0x7fdaab64bf50>,2,16,[6 1],3,3,19,0,3
1,<environment.Job instance at 0x7fdaaaed4550>,4,14,[11  1],5,19,33,14,5
1,<environment.Job instance at 0x7fdaab64baf0>,7,17,[4 8],8,12,29,4,12
1,<environment.Job instance at 0x7fdaaaed4d70>,13,15,[ 1 10],14,29,44,15,18
1,<environment.Job instance at 0x7fdaaaed4230>,14,12,[7 4],15,33,45,18,18
1,<environment.Job instance at 0x7fdaaaed45a0>,6,14,[13  4],7,45,59,38,34
1,<environment.Job instance at 0x7fdaaa2a4410>,15,20,[4 6],16,59,79,43,50
1,<environment.Job instance at 0x7fdaaa2a40f0>,18,15,[3 6],19,59,74,40,50
1,<environment.Job instance at 0x7fdaaa2a4a00>,22,24,[5 3],23,59,83,36,54
1,<environment.Job instance at 0x7fdaaa2a46e0>,24,18,[5 5],25,74,92,49,63
1,<environment.Job instance at 0x7fdaaa2a4a50>,27,16,[5 6],28,79,95,51,66
1,<environment.Job instance at 0x7fdaaa2a4820>,28,21,[5 5],29,92,113,63,84
1,<environment.Job instance at 0x7fdaaa2a4e10>,30,13,[4 7],31,95,108,64,84
1,<environment.Job instance at 0x7fdaaa2a4500>,33,15,[5 5],34,108,123,74,94
1,<environment.Job instance at 0x7fdaaa2a4370>,35,18,[ 3 10],36,113,131,77,102
1,<environment.Job instance at 0x7fdab3dca280>,36,14,[5 8],37,131,145,94,116
1,<environment.Job instance at 0x7fdab3dca960>,39,23,[7 5],40,123,146,83,121
1,<environment.Job instance at 0x7fdab3dcad70>,40,20,[5 5],41,145,165,104,136
1,<environment.Job instance at 0x7fdab3dcaaa0>,41,23,[1 5],42,145,168,103,139
1,<environment.Job instance at 0x7fdab3dca820>,42,13,[6 3],43,146,159,103,139
1,<environment.Job instance at 0x7fdab3dca190>,45,21,[9 1],46,159,180,113,151
1,<environment.Job instance at 0x7fdab3dca690>,47,18,[1 8],48,165,183,117,154
1,<environment.Job instance at 0x7fdab3dca1e0>,49,19,[3 9],50,183,202,133,173
1,<environment.Job instance at 0x7fdaab218370>,51,12,[5 4],52,173,185,121,173
1,<environment.Job instance at 0x7fdaab218a50>,56,16,[2 6],57,185,201,128,173
1,<environment.Job instance at 0x7fdaab218870>,57,12,[9 2],58,201,213,143,184
1,<environment.Job instance at 0x7fdaaabbb5f0>,70,18,[1 6],71,202,220,131,191
1,<environment.Job instance at 0x7fdaaabbb870>,74,22,[3 5],75,202,224,127,195
1,<environment.Job instance at 0x7fdaaabbb5a0>,76,18,[3 8],77,220,238,143,209
1,<environment.Job instance at 0x7fdaab149280>,80,15,[5 6],81,224,239,143,210
1,<environment.Job instance at 0x7fdaaa299aa0>,95,19,[8 5],96,238,257,142,228
1,<environment.Job instance at 0x7fdaaa2992d0>,98,20,[ 5 10],99,239,259,140,230
1,<environment.Job instance at 0x7fdaaa2999b0>,101,21,[5 2],102,257,278,155,249
1,<environment.Job instance at 0x7fdaaa299730>,102,20,[3 6],103,259,279,156,250
1,<environment.Job instance at 0x7fdaaa299230>,103,16,[1 5],104,259,275,155,250
1,<environment.Job instance at 0x7fdaaa299320>,104,19,[6 2],105,259,278,154,250
1,<environment.Job instance at 0x7fdaaa299960>,106,23,[5 5],107,278,301,171,272
1,<environment.Job instance at 0x7fdaaa299050>,107,20,[5 3],108,278,298,170,272
1,<environment.Job instance at 0x7fdaaa299500>,111,12,[1 9],112,298,310,186,281
1,<environment.Job instance at 0x7fdaaa2519b0>,118,16,[7 3],119,301,317,182,288
1,<environment.Job instance at 0x7fdaab06adc0>,0,27,[12  5],1,324,351,323,324
1,<environment.Job instance at 0x7fdaaaed4d20>,8,27,[ 1 10],9,1377,1404,1368,1377
1,<environment.Job instance at 0x7fdaa9f2a1e0>,2,17,[10  5],3,3,20,0,3
1,<environment.Job instance at 0x7fdaab5df2d0>,5,14,[8 3],6,20,34,14,6
1,<environment.Job instance at 0x7fdaab5df4b0>,7,17,[9 4],8,34,51,26,22
1,<environment.Job instance at 0x7fdaab5df820>,13,19,[ 5 10],14,27,46,13,27
1,<environment.Job instance at 0x7fdaab5df960>,15,16,[2 6],16,46,62,30,33
1,<environment.Job instance at 0x7fdaab5dfc80>,20,14,[5 6],21,51,65,30,36
1,<environment.Job instance at 0x7fdaab5dff50>,24,13,[6 4],25,62,75,37,46
1,<environment.Job instance at 0x7fdaab5dfe10>,25,15,[9 3],26,65,80,39,51
1,<environment.Job instance at 0x7fdaab5cf230>,27,16,[7 4],28,80,96,52,67
1,<environment.Job instance at 0x7fdaa9f2a550>,0,23,[2 7],1,75,98,74,70
1,<environment.Job instance at 0x7fdaab5cf3c0>,31,16,[7 5],32,96,112,64,83
1,<environment.Job instance at 0x7fdaab5cf5a0>,36,13,[5 5],37,98,111,61,83
1,<environment.Job instance at 0x7fdaab5cfa00>,39,14,[3 7],40,111,125,71,96
1,<environment.Job instance at 0x7fdaaaed4d20>,8,16,[10  4],9,112,128,103,100
1,<environment.Job instance at 0x7fdaab5cf6e0>,48,17,[3 5],49,125,142,76,113
1,<environment.Job instance at 0x7fdaab5b5370>,51,21,[6 2],52,128,149,76,120
1,<environment.Job instance at 0x7fdaab5b5140>,54,13,[10  4],55,149,162,94,133
1,<environment.Job instance at 0x7fdaab5cff50>,49,17,[ 2 13],50,162,179,112,150
1,<environment.Job instance at 0x7fdaab5b5780>,60,16,[ 4 11],61,179,195,118,166
1,<environment.Job instance at 0x7fdaab5b5820>,61,28,[ 4 13],62,195,223,133,194
1,<environment.Job instance at 0x7fdaab5b58c0>,62,15,[ 5 14],63,223,238,160,209
1,<environment.Job instance at 0x7fdaaac74a50>,105,19,[6 5],106,238,257,132,230
1,<environment.Job instance at 0x7fdaab637410>,106,17,[9 4],107,238,255,131,236
1,<environment.Job instance at 0x7fdaab5b5960>,63,25,[13  4],64,257,282,193,253
1,<environment.Job instance at 0x7fdaaac63690>,118,17,[5 2],119,282,299,163,270
1,<environment.Job instance at 0x7fdaaac963c0>,115,24,[8 3],116,780,804,664,780
1,<environment.Job instance at 0x7fdaaa092c80>,1,14,[12  4],2,2,16,0,2
1,<environment.Job instance at 0x7fdaab5df050>,2,12,[9 4],3,16,28,13,3
1,<environment.Job instance at 0x7fdaaa19fc80>,3,19,[2 8],4,4,23,0,4
1,<environment.Job instance at 0x7fdaab328820>,9,13,[12  1],10,28,41,18,12
1,<environment.Job instance at 0x7fdaab328aa0>,10,14,[3 5],11,23,37,12,12
1,<environment.Job instance at 0x7fdaaa251910>,8,17,[9 1],9,41,58,32,29
1,<environment.Job instance at 0x7fdaab328b40>,15,16,[5 1],16,41,57,25,39
1,<environment.Job instance at 0x7fdaab328a00>,16,18,[5 9],17,57,75,40,46
1,<environment.Job instance at 0x7fdaaa6059b0>,17,14,[9 2],18,58,72,40,46
1,<environment.Job instance at 0x7fdaaa605230>,18,17,[8 4],19,72,89,53,60
1,<environment.Job instance at 0x7fdaaa605960>,21,13,[8 4],22,89,102,67,73
1,<environment.Job instance at 0x7fdaaa605dc0>,23,18,[1 6],24,85,103,61,85
1,<environment.Job instance at 0x7fdaaa605c30>,26,15,[8 3],27,102,117,75,88
1,<environment.Job instance at 0x7fdaaa605640>,30,18,[2 9],31,103,121,72,99
1,<environment.Job instance at 0x7fdaab3289b0>,12,18,[13  5],13,117,135,104,107
1,<environment.Job instance at 0x7fdaaa9d7d20>,37,16,[5 7],38,135,151,97,123
1,<environment.Job instance at 0x7fdaaa9d75f0>,38,20,[5 3],39,135,155,96,126
1,<environment.Job instance at 0x7fdaaa9d7fa0>,43,14,[ 5 14],44,155,169,111,140
1,<environment.Job instance at 0x7fdaaa9d7190>,44,12,[13  5],45,169,181,124,152
1,<environment.Job instance at 0x7fdaaa9d7af0>,45,28,[6 4],46,181,209,135,180
1,<environment.Job instance at 0x7fdaaa9d7eb0>,46,28,[8 5],47,181,209,134,180
1,<environment.Job instance at 0x7fdaaa9d7dc0>,47,21,[5 1],48,209,230,161,201
1,<environment.Job instance at 0x7fdaaa9d7640>,48,25,[11  2],49,230,255,181,226
1,<environment.Job instance at 0x7fdaaa9d7820>,49,20,[14  4],50,255,275,205,246
1,<environment.Job instance at 0x7fdaaa9d7780>,42,19,[3 9],43,275,294,232,265
1,<environment.Job instance at 0x7fdaaa9d72d0>,50,21,[2 6],51,275,296,224,268
1,<environment.Job instance at 0x7fdaaa9d7910>,54,14,[7 4],55,294,308,239,279
1,<environment.Job instance at 0x7fdaab44a7d0>,56,13,[2 7],57,296,309,239,283
1,<environment.Job instance at 0x7fdaab44a870>,57,14,[ 1 12],58,309,323,251,294
1,<environment.Job instance at 0x7fdaab44a370>,59,20,[8 1],60,308,328,248,299
1,<environment.Job instance at 0x7fdaab44acd0>,60,17,[ 2 12],61,323,340,262,316
1,<environment.Job instance at 0x7fdaab44a1e0>,61,28,[12  3],62,328,356,266,327
1,<environment.Job instance at 0x7fdaab44a050>,62,18,[11  5],63,356,374,293,347
1,<environment.Job instance at 0x7fdaab44ad20>,63,16,[3 8],64,358,374,294,358
1,<environment.Job instance at 0x7fdaab44ad70>,58,20,[10  5],59,374,394,315,365
1,<environment.Job instance at 0x7fdaab44a9b0>,64,17,[3 7],65,374,391,309,365
1,<environment.Job instance at 0x7fdaab44a0f0>,71,19,[5 5],72,391,410,319,381
1,<environment.Job instance at 0x7fdaab44ae60>,72,16,[4 6],73,394,410,321,389
1,<environment.Job instance at 0x7fdaab44a820>,66,26,[5 5],67,410,436,343,407
1,<environment.Job instance at 0x7fdaaad145a0>,86,27,[ 1 14],87,436,463,349,434
1,<environment.Job instance at 0x7fdaaad14e10>,85,14,[2 9],86,463,477,377,453
1,<environment.Job instance at 0x7fdaaa3db2d0>,88,16,[5 4],89,463,479,374,453
1,<environment.Job instance at 0x7fdaaa3db5a0>,90,14,[5 2],91,463,477,372,460
1,<environment.Job instance at 0x7fdaaa3db730>,87,23,[8 5],88,477,500,389,471
1,<environment.Job instance at 0x7fdaaa3db7d0>,97,15,[14  3],98,500,515,402,486
1,<environment.Job instance at 0x7fdaaa3dbf50>,98,18,[4 6],99,515,533,416,504
1,<environment.Job instance at 0x7fdaaa3dbbe0>,96,21,[3 8],97,516,537,419,516
1,<environment.Job instance at 0x7fdaaa3db140>,100,12,[5 5],101,533,545,432,517
1,<environment.Job instance at 0x7fdaaa3db190>,99,23,[ 4 10],100,537,560,437,531
1,<environment.Job instance at 0x7fdaaa3db960>,103,14,[11  4],104,545,559,441,531
1,<environment.Job instance at 0x7fdaaa3db0a0>,102,16,[4 9],103,560,576,457,547
1,<environment.Job instance at 0x7fdaaa9279b0>,106,13,[8 2],107,559,572,452,547
1,<environment.Job instance at 0x7fdaaa9278c0>,109,14,[5 6],110,572,586,462,557
1,<environment.Job instance at 0x7fdaaa927be0>,111,15,[9 3],112,576,591,464,562
1,<environment.Job instance at 0x7fdaaa3e4140>,117,13,[5 6],118,586,599,468,570
1,<environment.Job instance at 0x7fdaaa3e4fa0>,118,16,[9 3],119,591,607,472,578
1,<environment.Job instance at 0x7fdaaa19f9b0>,4,16,[4 9],5,599,615,594,593
1,<environment.Job instance at 0x7fdaaa927e60>,104,17,[ 1 14],105,615,632,510,607
1,<environment.Job instance at 0x7fdaab65faa0>,0,25,[ 1 11],1,632,657,631,628
1,<environment.Job instance at 0x7fdaaae35320>,1,14,[5 8],2,2,16,0,2
1,<environment.Job instance at 0x7fdaaa938640>,2,13,[14  3],3,16,29,13,4
1,<environment.Job instance at 0x7fdaaa033f50>,5,12,[4 5],6,29,41,23,12
1,<environment.Job instance at 0x7fdaab3246e0>,9,16,[7 2],10,29,45,19,16
1,<environment.Job instance at 0x7fdaaaf545a0>,14,18,[2 7],15,29,47,14,18
1,<environment.Job instance at 0x7fdaaaf545f0>,16,15,[8 5],17,45,60,28,31
1,<environment.Job instance at 0x7fdaaa152410>,0,24,[3 7],1,47,71,46,42
1,<environment.Job instance at 0x7fdaaaf540f0>,19,14,[8 4],20,60,74,40,45
1,<environment.Job instance at 0x7fdaa9e37f00>,22,14,[7 4],23,71,85,48,56
1,<environment.Job instance at 0x7fdaaaf81410>,28,14,[5 5],29,74,88,45,60
1,<environment.Job instance at 0x7fdaaaf81280>,30,14,[4 9],31,85,99,54,70
1,<environment.Job instance at 0x7fdaaaf4d0f0>,38,19,[6 2],39,88,107,49,78
1,<environment.Job instance at 0x7fdaa9e17e10>,40,17,[7 2],41,99,116,58,87
1,<environment.Job instance at 0x7fdaa9e360a0>,47,15,[10  3],48,116,131,68,102
1,<environment.Job instance at 0x7fdaa9e36280>,49,21,[7 4],50,131,152,81,123
1,<environment.Job instance at 0x7fdaa9e36730>,50,22,[5 4],51,123,145,72,123
1,<environment.Job instance at 0x7fdaaa4a9fa0>,64,16,[3 9],65,145,161,80,132
1,<environment.Job instance at 0x7fdaaaa09690>,68,14,[6 3],69,152,166,83,137
1,<environment.Job instance at 0x7fdaaa074780>,70,12,[8 5],71,161,173,90,144
1,<environment.Job instance at 0x7fdaaa3f9a00>,73,13,[7 4],74,166,179,92,150
1,<environment.Job instance at 0x7fdaab3ba730>,74,20,[8 3],75,173,193,98,164
1,<environment.Job instance at 0x7fdaaa76b5f0>,78,13,[5 4],79,179,192,100,164
1,<environment.Job instance at 0x7fdaaa80b4b0>,84,14,[1 5],85,179,193,94,164
1,<environment.Job instance at 0x7fdaaaf4b4b0>,85,15,[10  4],86,193,208,107,179
1,<environment.Job instance at 0x7fdaa9e0faf0>,86,16,[10  5],87,208,224,121,195
1,<environment.Job instance at 0x7fdaaac0b550>,87,14,[4 7],88,195,209,107,195
1,<environment.Job instance at 0x7fdaaa797fa0>,93,19,[2 7],94,209,228,115,199
1,<environment.Job instance at 0x7fdab3dfff00>,95,18,[2 6],96,224,242,128,213
1,<environment.Job instance at 0x7fdab3dfffa0>,96,16,[5 6],97,228,244,131,215
1,<environment.Job instance at 0x7fdab3dff500>,101,13,[7 2],102,224,237,122,215
1,<environment.Job instance at 0x7fdaa9e38c30>,104,15,[5 5],105,242,257,137,228
1,<environment.Job instance at 0x7fdaaa5d2370>,108,20,[3 6],109,244,264,135,235
1,<environment.Job instance at 0x7fdaaa1b4f00>,109,17,[10  4],110,257,274,147,245
1,<environment.Job instance at 0x7fdaaa1b4320>,112,21,[10  4],113,274,295,161,266
1,<environment.Job instance at 0x7fdaaa1b4410>,115,20,[8 3],116,295,315,179,286
1,<environment.Job instance at 0x7fdaaa1b41e0>,116,12,[5 7],117,286,298,169,286
1,<environment.Job instance at 0x7fdaaa938320>,6,23,[9 3],7,456,479,449,456
1,<environment.Job instance at 0x7fdaaa033c80>,8,19,[ 4 11],9,456,475,447,456
1,<environment.Job instance at 0x7fdaaa56daa0>,18,28,[ 1 13],19,479,507,460,478
1,<environment.Job instance at 0x7fdaaa3b4af0>,0,12,[12  2],1,1,13,0,1
1,<environment.Job instance at 0x7fdaaa3b4aa0>,1,16,[5 7],2,13,29,11,2
1,<environment.Job instance at 0x7fdaab77fc80>,4,17,[1 7],5,5,22,0,5
1,<environment.Job instance at 0x7fdaaac0c730>,13,14,[3 8],14,22,36,8,14
1,<environment.Job instance at 0x7fdaaac0c7d0>,14,28,[8 4],15,29,57,14,28
1,<environment.Job instance at 0x7fdaab4d62d0>,21,23,[12  3],22,57,80,35,51
1,<environment.Job instance at 0x7fdaaac0c460>,22,17,[1 5],23,51,68,28,51
1,<environment.Job instance at 0x7fdaab4d6500>,23,21,[12  2],24,80,101,56,72
1,<environment.Job instance at 0x7fdaab3e9320>,24,21,[13  1],25,101,122,76,93
1,<environment.Job instance at 0x7fdaab2d2370>,25,14,[ 1 11],26,93,107,67,93
1,<environment.Job instance at 0x7fdaab2d2f50>,26,15,[2 6],27,107,122,80,93
1,<environment.Job instance at 0x7fdaab2d2280>,27,15,[12  3],28,122,137,94,108
1,<environment.Job instance at 0x7fdaaaaf10f0>,28,16,[14  3],29,137,153,108,124
1,<environment.Job instance at 0x7fdaaaaf10a0>,29,12,[9 4],30,153,165,123,136
1,<environment.Job instance at 0x7fdaaaaf1780>,30,17,[4 6],31,153,170,122,141
1,<environment.Job instance at 0x7fdaaa827af0>,31,16,[ 4 13],32,170,186,138,157
1,<environment.Job instance at 0x7fdaab64d4b0>,32,14,[5 9],33,186,200,153,171
1,<environment.Job instance at 0x7fdaaaba83c0>,20,19,[8 1],21,172,191,151,172
1,<environment.Job instance at 0x7fdaaad2c5f0>,44,15,[8 4],45,191,206,146,177
1,<environment.Job instance at 0x7fdaaa842230>,47,19,[5 1],48,200,219,152,190
1,<environment.Job instance at 0x7fdaab64deb0>,33,17,[ 4 11],34,206,223,172,194
1,<environment.Job instance at 0x7fdaaa189aa0>,51,18,[ 2 13],52,223,241,171,212
1,<environment.Job instance at 0x7fdaaa189fa0>,52,13,[ 4 14],53,241,254,188,225
1,<environment.Job instance at 0x7fdaaa189f50>,53,17,[ 3 11],54,254,271,200,242
1,<environment.Job instance at 0x7fdaaa189d20>,54,23,[12  2],55,254,277,199,248
1,<environment.Job instance at 0x7fdaaa828050>,55,17,[ 2 14],56,277,294,221,265
1,<environment.Job instance at 0x7fdaaa828e10>,56,26,[12  5],57,294,320,237,291
1,<environment.Job instance at 0x7fdaaa82fbe0>,57,21,[5 1],58,320,341,262,312
1,<environment.Job instance at 0x7fdaaa82f4b0>,58,20,[ 3 13],59,320,340,261,312
1,<environment.Job instance at 0x7fdaaa82f460>,59,23,[ 2 13],60,340,363,280,334
1,<environment.Job instance at 0x7fdaaa82f0a0>,60,26,[13  2],61,341,367,280,338
1,<environment.Job instance at 0x7fdaaa187be0>,61,14,[ 3 12],62,367,381,305,352
1,<environment.Job instance at 0x7fdaaa187460>,62,20,[3 9],63,381,401,318,372
1,<environment.Job instance at 0x7fdaaa187230>,63,27,[2 7],64,401,428,337,399
1,<environment.Job instance at 0x7fdaaa187af0>,64,26,[7 1],65,399,425,334,399
1,<environment.Job instance at 0x7fdaaa187910>,65,13,[14  1],66,428,441,362,412
1,<environment.Job instance at 0x7fdaaa187aa0>,66,24,[7 2],67,441,465,374,436
1,<environment.Job instance at 0x7fdaaa187550>,67,24,[14  4],68,465,489,397,460
1,<environment.Job instance at 0x7fdaaa187eb0>,68,25,[12  5],69,489,514,420,485
1,<environment.Job instance at 0x7fdaaa187f50>,69,25,[3 6],70,489,514,419,485
1,<environment.Job instance at 0x7fdaaa187e60>,70,23,[ 3 10],71,514,537,443,508
1,<environment.Job instance at 0x7fdaaa16db40>,50,21,[10  4],51,514,535,463,514
1,<environment.Job instance at 0x7fdaaa187dc0>,73,16,[8 2],74,535,551,461,522
1,<environment.Job instance at 0x7fdaaa150c80>,82,13,[6 4],83,537,550,454,522
1,<environment.Job instance at 0x7fdaaa150dc0>,84,20,[6 3],85,550,570,465,541
1,<environment.Job instance at 0x7fdaaa150e60>,85,18,[8 1],86,551,569,465,546
1,<environment.Job instance at 0x7fdaaa150f00>,86,12,[5 2],87,569,581,482,552
1,<environment.Job instance at 0x7fdaaa150780>,88,15,[9 1],89,570,585,481,558
1,<environment.Job instance at 0x7fdaaa1651e0>,90,13,[9 1],91,585,598,494,569
1,<environment.Job instance at 0x7fdaaa165280>,91,21,[3 8],92,581,602,489,573
1,<environment.Job instance at 0x7fdaaa1654b0>,93,15,[6 4],94,598,613,504,584
1,<environment.Job instance at 0x7fdaaa165690>,95,19,[7 2],96,602,621,506,592
1,<environment.Job instance at 0x7fdaaa165730>,96,19,[5 1],97,613,632,516,603
1,<environment.Job instance at 0x7fdaaa165870>,98,21,[1 8],99,603,624,504,603
1,<environment.Job instance at 0x7fdaaa165910>,99,13,[3 6],100,621,634,521,605
1,<environment.Job instance at 0x7fdaaa165af0>,102,17,[10  2],103,632,649,529,621
1,<environment.Job instance at 0x7fdaaa187410>,71,20,[ 4 14],72,649,669,577,640
1,<environment.Job instance at 0x7fdaaa165c30>,104,18,[14  3],105,669,687,564,658
1,<environment.Job instance at 0x7fdaaa165cd0>,105,25,[ 3 12],106,687,712,581,683
1,<environment.Job instance at 0x7fdaaa165d70>,106,21,[ 3 11],107,712,733,605,704
1,<environment.Job instance at 0x7fdaaa165e10>,107,17,[ 3 14],108,733,750,625,721
1,<environment.Job instance at 0x7fdaaa165dc0>,108,26,[ 5 13],109,750,776,641,747
1,<environment.Job instance at 0x7fdaaa165e60>,109,12,[6 4],110,776,788,666,759
1,<environment.Job instance at 0x7fdaaa1655f0>,110,25,[2 6],111,776,801,665,772
1,<environment.Job instance at 0x7fdaaa165d20>,111,24,[3 5],112,776,800,664,772
1,<environment.Job instance at 0x7fdaaa15d050>,112,17,[5 3],113,788,805,675,776
1,<environment.Job instance at 0x7fdaaa15d0a0>,113,16,[12  1],114,805,821,691,792
1,<environment.Job instance at 0x7fdaaa15d1e0>,114,14,[5 4],115,821,835,706,806
1,<environment.Job instance at 0x7fdaaa15d280>,115,18,[ 4 11],116,821,839,705,810
1,<environment.Job instance at 0x7fdaaa15d320>,116,18,[6 2],117,835,853,718,824
1,<environment.Job instance at 0x7fdaaa15d3c0>,117,15,[4 5],118,839,854,721,825
1,<environment.Job instance at 0x7fdaaa15d460>,118,15,[ 4 13],119,854,869,735,840
1,<environment.Job instance at 0x7f4b4001b230>,0,17,[6 1],1,1,18,0,1
1,<environment.Job instance at 0x7f4b4001b320>,2,20,[7 4],3,3,23,0,3
1,<environment.Job instance at 0x7f4b36a2ff50>,10,15,[5 1],11,18,33,7,11
1,<environment.Job instance at 0x7f4b36a32050>,11,15,[6 1],12,23,38,11,12
1,<environment.Job instance at 0x7f4b36a327d0>,22,13,[7 4],23,33,46,10,23
1,<environment.Job instance at 0x7f4b36a32500>,17,19,[12  4],18,46,65,28,36
1,<environment.Job instance at 0x7f4b36a32b90>,26,12,[8 5],27,65,77,38,48
1,<environment.Job instance at 0x7f4b36a32c30>,27,17,[ 4 12],28,77,94,49,65
1,<environment.Job instance at 0x7f4b36a32cd0>,28,17,[ 1 13],29,94,111,65,82
1,<environment.Job instance at 0x7f4b36a32320>,13,13,[10  3],14,111,124,97,96
1,<environment.Job instance at 0x7f4b36a32370>,24,20,[4 6],25,111,131,86,103
1,<environment.Job instance at 0x7f4b36a32f50>,32,17,[9 3],33,124,141,91,112
1,<environment.Job instance at 0x7f4b36a32fa0>,35,16,[1 9],36,131,147,95,118
1,<environment.Job instance at 0x7f4b36a36140>,36,20,[7 5],37,141,161,104,132
1,<environment.Job instance at 0x7f4b36a328c0>,25,24,[5 7],26,147,171,121,144
1,<environment.Job instance at 0x7f4b36a360a0>,39,18,[9 4],40,161,179,121,152
1,<environment.Job instance at 0x7f4b36a36460>,41,12,[8 3],42,179,191,137,162
1,<environment.Job instance at 0x7f4b36a365a0>,43,16,[1 8],44,171,187,127,162
1,<environment.Job instance at 0x7f4b36a36780>,46,14,[6 5],47,187,201,140,172
1,<environment.Job instance at 0x7f4b36a36aa0>,49,13,[1 5],50,187,200,137,172
1,<environment.Job instance at 0x7f4b36a36b40>,51,13,[5 6],52,200,213,148,184
1,<environment.Job instance at 0x7f4b36a36cd0>,53,17,[7 4],54,201,218,147,191
1,<environment.Job instance at 0x7f4b36a36d70>,54,13,[7 3],55,213,226,158,197
1,<environment.Job instance at 0x7f4b36a36eb0>,56,21,[8 4],57,218,239,161,210
1,<environment.Job instance at 0x7f4b36a369b0>,59,19,[1 7],60,226,245,166,216
1,<environment.Job instance at 0x7f4b36a38370>,63,12,[5 3],64,226,238,162,216
1,<environment.Job instance at 0x7f4b36a38500>,67,18,[9 4],68,239,257,171,231
1,<environment.Job instance at 0x7f4b36a38820>,70,15,[8 4],71,257,272,186,243
1,<environment.Job instance at 0x7f4b36a388c0>,71,14,[4 9],72,245,259,173,243
1,<environment.Job instance at 0x7f4b36a38a00>,73,18,[3 5],74,259,277,185,248
1,<environment.Job instance at 0x7f4b36a38aa0>,74,19,[3 8],75,272,291,197,262
1,<environment.Job instance at 0x7f4b36a38b40>,75,17,[7 1],76,272,289,196,262
1,<environment.Job instance at 0x7f4b36a38be0>,76,14,[10  4],77,289,303,212,274
1,<environment.Job instance at 0x7f4b36a38140>,78,16,[8 1],79,303,319,224,290
1,<environment.Job instance at 0x7f4b36a38f00>,81,19,[5 5],82,293,312,211,293
1,<environment.Job instance at 0x7f4b36a38e60>,82,14,[8 5],83,319,333,236,304
1,<environment.Job instance at 0x7f4b36a38dc0>,83,21,[4 8],84,312,333,228,304
1,<environment.Job instance at 0x7f4b36a3b410>,89,16,[4 9],90,333,349,243,321
1,<environment.Job instance at 0x7f4b36a3b5f0>,92,15,[9 1],93,333,348,240,321
1,<environment.Job instance at 0x7f4b36a3b870>,96,16,[8 4],97,348,364,251,335
1,<environment.Job instance at 0x7f4b36a3ba50>,97,18,[2 6],98,349,367,251,338
1,<environment.Job instance at 0x7f4b36a3be60>,104,16,[1 9],105,364,380,259,351
1,<environment.Job instance at 0x7f4b36a3bd70>,106,16,[7 5],107,367,383,260,354
1,<environment.Job instance at 0x7f4b36a3e730>,116,17,[5 5],117,380,397,263,368
1,<environment.Job instance at 0x7f4b36a3e910>,118,15,[ 4 10],119,383,398,264,369
1,<environment.Job instance at 0x7f4b36a3ec80>,122,18,[7 4],123,397,415,274,390
1,<environment.Job instance at 0x7f4b36a363c0>,40,26,[ 1 14],41,415,441,374,412
1,<environment.Job instance at 0x7f4b36a3ee10>,126,27,[12  1],127,415,442,288,413
1,<environment.Job instance at 0x7f4b36a3ed70>,125,21,[10  1],126,442,463,316,434
1,<environment.Job instance at 0x7f4b400664b0>,128,26,[1 6],129,443,469,314,443
1,<environment.Job instance at 0x7f4b4001b1e0>,1,24,[10  1],2,463,487,461,458
1,<environment.Job instance at 0x7f4b36170960>,0,21,[5 4],1,1,22,0,1
1,<environment.Job instance at 0x7f4b3617c050>,3,17,[5 1],4,4,21,0,4
1,<environment.Job instance at 0x7f4b3617bc30>,6,12,[5 4],7,7,19,0,7
1,<environment.Job instance at 0x7f4b3617b050>,7,15,[14  4],8,22,37,14,8
1,<environment.Job instance at 0x7f4b3617b410>,11,13,[1 8],12,19,32,7,12
1,<environment.Job instance at 0x7f4b3617b5f0>,12,23,[ 3 11],13,37,60,24,31
1,<environment.Job instance at 0x7f4b3617beb0>,13,14,[ 3 12],14,60,74,46,45
1,<environment.Job instance at 0x7f4b3617b7d0>,14,15,[ 2 13],15,74,89,59,60
1,<environment.Job instance at 0x7f4b3617b870>,15,26,[7 2],16,60,86,44,60
1,<environment.Job instance at 0x7f4b3617b230>,16,20,[13  4],17,89,109,72,80
1,<environment.Job instance at 0x7f4b3617bd70>,8,14,[6 5],9,109,123,100,98
1,<environment.Job instance at 0x7f4b36179410>,17,21,[9 2],18,109,130,91,101
1,<environment.Job instance at 0x7f4b361796e0>,19,28,[3 8],20,123,151,103,122
1,<environment.Job instance at 0x7f4b361798c0>,20,24,[ 2 13],21,151,175,130,146
1,<environment.Job instance at 0x7f4b361795a0>,21,28,[7 1],22,146,174,124,146
1,<environment.Job instance at 0x7f4b36179a00>,22,12,[1 5],23,175,187,152,158
1,<environment.Job instance at 0x7f4b36179a50>,23,27,[9 2],24,174,201,150,172
1,<environment.Job instance at 0x7f4b3617b2d0>,10,24,[6 5],11,187,211,176,184
1,<environment.Job instance at 0x7f4b36179f00>,25,17,[5 8],26,201,218,175,191
1,<environment.Job instance at 0x7f4b36170d20>,9,17,[8 2],10,211,228,201,199
1,<environment.Job instance at 0x7f4b36179be0>,26,15,[ 2 10],27,218,233,191,204
1,<environment.Job instance at 0x7f4b36176690>,33,17,[13  1],34,228,245,194,216
1,<environment.Job instance at 0x7f4b36176140>,32,19,[2 5],33,233,252,200,225
1,<environment.Job instance at 0x7f4b36176910>,38,14,[6 3],39,245,259,206,230
1,<environment.Job instance at 0x7f4b3628cf00>,41,14,[ 5 10],42,252,266,210,243
1,<environment.Job instance at 0x7f4b36179550>,18,13,[10  5],19,259,272,240,258
1,<environment.Job instance at 0x7f4b361763c0>,34,22,[3 8],35,266,288,231,259
1,<environment.Job instance at 0x7f4b36179af0>,24,26,[12  4],25,272,298,247,270
1,<environment.Job instance at 0x7f4b3625c730>,45,24,[3 7],46,288,312,242,283
1,<environment.Job instance at 0x7f4b35fe1820>,46,19,[3 8],47,298,317,251,288
1,<environment.Job instance at 0x7f4b487df0f0>,47,17,[11  1],48,312,329,264,300
1,<environment.Job instance at 0x7f4b35ff2640>,48,27,[ 3 13],49,317,344,268,315
1,<environment.Job instance at 0x7f4b35fea5a0>,49,16,[8 4],50,344,360,294,331
1,<environment.Job instance at 0x7f4b360b1a00>,50,26,[3 9],51,344,370,293,341
1,<environment.Job instance at 0x7f4b35feaa00>,51,19,[11  4],52,362,381,310,362
1,<environment.Job instance at 0x7f4b35feae60>,52,24,[4 9],53,370,394,317,365
1,<environment.Job instance at 0x7f4b3604d820>,53,25,[13  2],54,394,419,340,390
1,<environment.Job instance at 0x7f4b3604ddc0>,54,23,[6 4],55,419,442,364,413
1,<environment.Job instance at 0x7f4b3604d3c0>,55,22,[12  2],56,442,464,386,435
1,<environment.Job instance at 0x7f4b36042140>,56,17,[9 2],57,464,481,407,452
1,<environment.Job instance at 0x7f4b36042820>,57,16,[1 7],58,452,468,394,452
1,<environment.Job instance at 0x7f4b360b5870>,58,13,[ 3 11],59,468,481,409,452
1,<environment.Job instance at 0x7f4b36049f00>,59,14,[14  1],60,481,495,421,466
1,<environment.Job instance at 0x7f4b36049500>,60,14,[12  1],61,495,509,434,480
1,<environment.Job instance at 0x7f4b362a7af0>,42,17,[4 7],43,509,526,466,497
1,<environment.Job instance at 0x7f4b360493c0>,62,20,[7 5],63,509,529,446,505
1,<environment.Job instance at 0x7f4b36049dc0>,61,17,[12  4],62,529,546,467,517
1,<environment.Job instance at 0x7f4b3694d3c0>,63,15,[9 5],64,546,561,482,533
1,<environment.Job instance at 0x7f4b3697cfa0>,64,16,[ 4 14],65,561,577,496,548
1,<environment.Job instance at 0x7f4b40070730>,67,19,[3 8],68,577,596,509,567
1,<environment.Job instance at 0x7f4b36179e10>,68,14,[7 1],69,567,581,498,567
1,<environment.Job instance at 0x7f4b36060b40>,69,14,[14  2],70,596,610,526,581
1,<environment.Job instance at 0x7f4b3611fb90>,70,13,[12  2],71,581,594,510,581
1,<environment.Job instance at 0x7f4b36021aa0>,71,27,[3 6],72,610,637,538,608
1,<environment.Job instance at 0x7f4b3607daf0>,72,22,[2 8],73,610,632,537,608
1,<environment.Job instance at 0x7f4b36032a00>,73,15,[6 1],74,610,625,536,608
1,<environment.Job instance at 0x7f4b36157e10>,74,18,[5 4],75,632,650,557,621
1,<environment.Job instance at 0x7f4b36032be0>,75,13,[12  2],76,650,663,574,634
1,<environment.Job instance at 0x7f4b36171f00>,44,25,[14  5],45,663,688,618,659
1,<environment.Job instance at 0x7f4b361572d0>,77,14,[11  1],78,688,702,610,673
1,<environment.Job instance at 0x7f4b36026730>,78,24,[12  2],79,702,726,623,697
1,<environment.Job instance at 0x7f4b36030dc0>,79,20,[12  3],80,726,746,646,717
1,<environment.Job instance at 0x7f4b36030370>,80,20,[ 2 10],81,717,737,636,717
1,<environment.Job instance at 0x7f4b361766e0>,81,15,[11  5],82,746,761,664,732
1,<environment.Job instance at 0x7f4b3616fcd0>,82,19,[14  4],83,761,780,678,751
1,<environment.Job instance at 0x7f4b36291550>,43,13,[5 7],44,780,793,736,766
1,<environment.Job instance at 0x7f4b36067500>,66,18,[7 1],67,780,798,713,776
1,<environment.Job instance at 0x7f4b3616f190>,83,17,[ 3 12],84,793,810,709,781
1,<environment.Job instance at 0x7f4b35fcadc0>,91,17,[14  5],92,810,827,718,798
1,<environment.Job instance at 0x7f4b35fca320>,96,15,[8 5],97,827,842,730,813
1,<environment.Job instance at 0x7f4b36177aa0>,99,12,[4 8],100,827,839,727,815
1,<environment.Job instance at 0x7f4b360657d0>,84,13,[2 5],85,839,852,754,829
1,<environment.Job instance at 0x7f4b35fc9cd0>,107,16,[8 4],108,842,858,734,832
1,<environment.Job instance at 0x7f4b35fc9fa0>,101,13,[ 4 11],102,852,865,750,836
1,<environment.Job instance at 0x7f4b35fc99b0>,110,13,[2 7],111,865,878,754,849
1,<environment.Job instance at 0x7f4b360649b0>,115,13,[9 2],116,858,871,742,849
1,<environment.Job instance at 0x7f4b36064c30>,116,13,[4 5],117,865,878,748,849
1,<environment.Job instance at 0x7f4b35fdc820>,122,13,[3 5],123,878,891,755,862
1,<environment.Job instance at 0x7f4b35fd8500>,123,16,[5 8],124,878,894,754,865
1,<environment.Job instance at 0x7f4b400a13c0>,126,14,[3 5],127,891,905,764,876
1,<environment.Job instance at 0x7f4b35fca3c0>,92,25,[4 8],93,929,954,836,929
1,<environment.Job instance at 0x7f4b35fc9c80>,111,24,[7 2],112,929,953,817,929
1,<environment.Job instance at 0x7f4b36170dc0>,1,27,[13  4],2,958,985,956,958
1,<environment.Job instance at 0x7f4b400a1460>,3,17,[10  2],4,4,21,0,4
1,<environment.Job instance at 0x7f4b35feaf50>,7,17,[10  4],8,21,38,13,10
1,<environment.Job instance at 0x7f4b35feacd0>,11,16,[6 3],12,38,54,26,25
1,<environment.Job instance at 0x7f4b35fea140>,8,13,[6 4],9,38,51,29,25
1,<environment.Job instance at 0x7f4b35fea3c0>,18,17,[8 4],19,51,68,32,41
1,<environment.Job instance at 0x7f4b35fea640>,19,15,[3 6],20,54,69,34,41
1,<environment.Job instance at 0x7f4b35fea0f0>,20,20,[11  2],21,68,88,47,59
1,<environment.Job instance at 0x7f4b35fead20>,21,26,[2 8],22,69,95,47,66
1,<environment.Job instance at 0x7f4b35fea1e0>,22,15,[5 8],23,95,110,72,81
1,<environment.Job instance at 0x7f4b35fea6e0>,17,20,[5 8],18,110,130,92,101
1,<environment.Job instance at 0x7f4b40195190>,30,13,[8 4],31,103,116,72,103
1,<environment.Job instance at 0x7f4b35fdc3c0>,40,12,[5 5],41,116,128,75,103
1,<environment.Job instance at 0x7f4b35fdc050>,43,18,[9 5],44,128,146,84,117
1,<environment.Job instance at 0x7f4b35fea280>,23,20,[ 4 10],24,130,150,106,121
1,<environment.Job instance at 0x7f4b4018c280>,108,16,[5 2],109,146,162,37,134
1,<environment.Job instance at 0x7f4b40191280>,115,13,[5 5],116,150,163,34,134
1,<environment.Job instance at 0x7f4b35fea0a0>,2,15,[14  1],3,163,178,160,152
1,<environment.Job instance at 0x7f4b35feaaa0>,9,25,[ 3 13],10,178,203,168,174
1,<environment.Job instance at 0x7f4b3602a0f0>,123,24,[12  1],124,178,202,54,175
1,<environment.Job instance at 0x7f4b3602afa0>,121,20,[5 5],122,203,223,81,197
1,<environment.Job instance at 0x7f4b3602a320>,125,17,[7 4],126,203,220,77,199
1,<environment.Job instance at 0x7f4b3602a960>,122,23,[10  5],123,220,243,97,215
1,<environment.Job instance at 0x7f4b3602e050>,128,17,[ 1 11],129,243,260,114,231
1,<environment.Job instance at 0x7f4b402040f0>,66,27,[ 4 13],67,301,328,234,301
1,<environment.Job instance at 0x7f4b400a11e0>,0,27,[3 9],1,393,420,392,393
1,<environment.Job instance at 0x7f4b3602a730>,124,17,[12  4],125,397,414,272,397
1,<environment.Job instance at 0x7f4b3602ea00>,127,19,[3 8],128,420,439,292,415
1,<environment.Job instance at 0x7f4b3602e280>,2,18,[10  5],3,3,21,0,3
1,<environment.Job instance at 0x7f4b35ffddc0>,9,16,[4 5],10,10,26,0,10
1,<environment.Job instance at 0x7f4b35ffd8c0>,12,14,[4 5],13,21,35,8,13
1,<environment.Job instance at 0x7f4b35ffda00>,13,15,[11  2],14,26,41,12,14
1,<environment.Job instance at 0x7f4b36465eb0>,21,13,[ 5 12],22,41,54,19,25
1,<environment.Job instance at 0x7f4b36465e10>,18,17,[13  3],19,54,71,35,42
1,<environment.Job instance at 0x7f4b36465d20>,20,20,[4 9],21,71,91,50,69
1,<environment.Job instance at 0x7f4b366a1c30>,28,18,[5 5],29,72,90,43,72
1,<environment.Job instance at 0x7f4b366a1460>,39,13,[6 2],40,90,103,50,75
1,<environment.Job instance at 0x7f4b366a1230>,41,12,[7 5],42,91,103,49,75
1,<environment.Job instance at 0x7f4b36465e60>,22,23,[ 5 11],23,103,126,80,97
1,<environment.Job instance at 0x7f4b366a1370>,43,18,[ 2 13],44,126,144,82,115
1,<environment.Job instance at 0x7f4b366a10a0>,44,15,[2 6],45,144,159,99,130
1,<environment.Job instance at 0x7f4b366a1410>,45,17,[10  4],46,144,161,98,132
1,<environment.Job instance at 0x7f4b366a11e0>,46,19,[6 5],47,161,180,114,151
1,<environment.Job instance at 0x7f4b366a1d20>,47,14,[12  2],48,180,194,132,165
1,<environment.Job instance at 0x7f4b366a1320>,48,17,[12  4],49,194,211,145,182
1,<environment.Job instance at 0x7f4b364b8f00>,49,25,[6 4],50,211,236,161,207
1,<environment.Job instance at 0x7f4b364b8780>,50,19,[3 6],51,207,226,156,207
1,<environment.Job instance at 0x7f4b364b85f0>,51,20,[ 2 10],52,226,246,174,217
1,<environment.Job instance at 0x7f4b361ce5f0>,52,18,[ 2 13],53,246,264,193,235
1,<environment.Job instance at 0x7f4b361cec80>,53,14,[14  2],54,264,278,210,249
1,<environment.Job instance at 0x7f4b361ce1e0>,54,27,[ 1 12],55,264,291,209,262
1,<environment.Job instance at 0x7f4b361cef00>,55,15,[13  4],56,291,306,235,277
1,<environment.Job instance at 0x7f4b361ce500>,56,24,[ 4 14],57,306,330,249,301
1,<environment.Job instance at 0x7f4b361ce9b0>,57,15,[4 9],58,330,345,272,316
1,<environment.Job instance at 0x7f4b361cea50>,58,16,[12  5],59,345,361,286,332
1,<environment.Job instance at 0x7f4b361ced20>,59,12,[4 6],60,332,344,272,332
1,<environment.Job instance at 0x7f4b361ce6e0>,60,23,[3 9],61,345,368,284,339
1,<environment.Job instance at 0x7f4b361ce320>,61,19,[ 4 14],62,368,387,306,358
1,<environment.Job instance at 0x7f4b361ce820>,62,19,[7 3],63,387,406,324,377
1,<environment.Job instance at 0x7f4b364bce10>,63,26,[10  3],64,406,432,342,403
1,<environment.Job instance at 0x7f4b35ffd050>,15,13,[5 6],16,408,421,392,408
1,<environment.Job instance at 0x7f4b364bc5f0>,64,17,[14  3],65,432,449,367,420
1,<environment.Job instance at 0x7f4b364bceb0>,66,15,[2 6],67,449,464,382,435
1,<environment.Job instance at 0x7f4b364bc690>,67,14,[8 4],68,449,463,381,435
1,<environment.Job instance at 0x7f4b361cfb40>,68,22,[ 4 12],69,464,486,395,457
1,<environment.Job instance at 0x7f4b361cfeb0>,69,25,[8 2],70,463,488,393,459
1,<environment.Job instance at 0x7f4b361cf500>,70,15,[5 2],71,486,501,415,472
1,<environment.Job instance at 0x7f4b361cff00>,71,27,[6 4],72,488,515,416,486
1,<environment.Job instance at 0x7f4b361cf460>,72,13,[10  4],73,515,528,442,499
1,<environment.Job instance at 0x7f4b361cf2d0>,73,20,[4 7],74,499,519,425,499
1,<environment.Job instance at 0x7f4b366a19b0>,42,20,[10  2],43,528,548,485,519
1,<environment.Job instance at 0x7f4b35fc7640>,77,15,[ 4 10],78,539,554,461,539
1,<environment.Job instance at 0x7f4b35fc7b40>,81,14,[5 3],82,548,562,466,539
1,<environment.Job instance at 0x7f4b363dbcd0>,84,20,[7 5],85,554,574,469,545
1,<environment.Job instance at 0x7f4b36465c30>,23,27,[12  4],24,574,601,550,572
1,<environment.Job instance at 0x7f4b363dbf50>,86,17,[5 4],87,601,618,514,589
1,<environment.Job instance at 0x7f4b363dbd20>,87,20,[8 5],88,601,621,513,592
1,<environment.Job instance at 0x7f4b363db730>,88,18,[11  4],89,621,639,532,610
1,<environment.Job instance at 0x7f4b363dbd70>,89,24,[10  3],90,639,663,549,634
1,<environment.Job instance at 0x7f4b363dbeb0>,85,21,[4 8],86,648,669,562,648
1,<environment.Job instance at 0x7f4b363db5f0>,99,12,[5 5],100,663,675,563,649
1,<environment.Job instance at 0x7f4b365613c0>,101,17,[5 4],102,669,686,567,657
1,<environment.Job instance at 0x7f4b360217d0>,104,16,[4 6],105,669,685,564,657
1,<environment.Job instance at 0x7f4b360210f0>,105,16,[1 9],106,685,701,579,672
1,<environment.Job instance at 0x7f4b36021370>,106,16,[7 2],107,685,701,578,672
1,<environment.Job instance at 0x7f4b360216e0>,110,15,[3 5],111,701,716,590,687
1,<environment.Job instance at 0x7f4b3694d7d0>,112,17,[5 5],113,701,718,588,689
1,<environment.Job instance at 0x7f4b361be0a0>,124,13,[5 5],125,701,714,576,689
1,<environment.Job instance at 0x7f4b363dba50>,90,18,[11  2],91,718,736,627,707
1,<environment.Job instance at 0x7f4b361be140>,125,22,[4 7],126,721,743,595,721
1,<environment.Job instance at 0x7f4b361bee60>,127,16,[9 4],128,736,752,608,723
1,<environment.Job instance at 0x7f4b361bee10>,126,18,[6 3],127,743,761,616,732
1,<environment.Job instance at 0x7f4b361beeb0>,128,27,[1 9],129,2254,2281,2125,2254
1,<environment.Job instance at 0x7f4b364bc5a0>,65,18,[5 5],66,2254,2272,2188,2254
1,<environment.Job instance at 0x7f4b35ffd820>,0,19,[12  4],1,2272,2291,2271,2268
1,<environment.Job instance at 0x7f4b36f27f50>,0,14,[9 5],1,1,15,0,1
1,<environment.Job instance at 0x7f4b3653f3c0>,3,19,[7 5],4,15,34,11,5
1,<environment.Job instance at 0x7f4b36e93b40>,8,15,[1 7],9,9,24,0,9
1,<environment.Job instance at 0x7f4b36e79730>,9,14,[7 2],10,15,29,5,10
1,<environment.Job instance at 0x7f4b36e93140>,6,21,[8 4],7,29,50,22,23
1,<environment.Job instance at 0x7f4b36e64af0>,13,13,[1 6],14,34,47,20,23
1,<environment.Job instance at 0x7f4b36734820>,15,15,[1 6],16,47,62,31,33
1,<environment.Job instance at 0x7f4b36734f00>,16,13,[5 2],17,34,47,17,33
1,<environment.Job instance at 0x7f4b367344b0>,22,18,[2 5],23,47,65,24,36
1,<environment.Job instance at 0x7f4b36734640>,25,19,[5 7],26,62,81,36,52
1,<environment.Job instance at 0x7f4b36e93f00>,5,26,[7 1],6,52,78,46,52
1,<environment.Job instance at 0x7f4b36e7ed20>,30,15,[2 7],31,65,80,34,52
1,<environment.Job instance at 0x7f4b36e7e2d0>,31,16,[6 1],32,78,94,46,65
1,<environment.Job instance at 0x7f4b3755e910>,32,17,[ 2 12],33,81,98,48,69
1,<environment.Job instance at 0x7f4b37560dc0>,33,14,[10  3],34,94,108,60,79
1,<environment.Job instance at 0x7f4b3755e2d0>,34,18,[4 7],35,98,116,63,87
1,<environment.Job instance at 0x7f4b370bb910>,36,12,[ 3 11],37,116,128,79,99
1,<environment.Job instance at 0x7f4b370cba50>,29,21,[1 7],30,128,149,98,120
1,<environment.Job instance at 0x7f4b36450fa0>,38,21,[5 6],39,128,149,89,120
1,<environment.Job instance at 0x7f4b3645c550>,40,13,[4 5],41,149,162,108,133
1,<environment.Job instance at 0x7f4b36479d70>,42,16,[1 5],43,149,165,106,136
1,<environment.Job instance at 0x7f4b370d4640>,43,18,[4 9],44,162,180,118,151
1,<environment.Job instance at 0x7f4b3645b050>,59,14,[1 7],60,180,194,120,165
1,<environment.Job instance at 0x7f4b3645b370>,60,18,[7 5],61,165,183,104,165
1,<environment.Job instance at 0x7f4b3645b190>,67,16,[2 8],68,183,199,115,174
1,<environment.Job instance at 0x7f4b3671d730>,75,18,[2 5],76,194,212,118,183
1,<environment.Job instance at 0x7f4b3671dc30>,78,14,[3 9],79,199,213,120,184
1,<environment.Job instance at 0x7f4b3671de10>,80,14,[5 1],81,194,208,113,184
1,<environment.Job instance at 0x7f4b3671deb0>,84,14,[8 4],85,212,226,127,197
1,<environment.Job instance at 0x7f4b36e740a0>,88,14,[5 8],89,213,227,124,198
1,<environment.Job instance at 0x7f4b36e74640>,94,19,[3 6],95,226,245,131,216
1,<environment.Job instance at 0x7f4b36e74780>,96,15,[6 1],97,226,241,129,216
1,<environment.Job instance at 0x7f4b36e74b40>,100,12,[2 8],101,227,239,126,216
1,<environment.Job instance at 0x7f4b36e749b0>,101,13,[6 4],102,239,252,137,223
1,<environment.Job instance at 0x7f4b36e74d70>,104,13,[5 7],105,245,258,140,229
1,<environment.Job instance at 0x7f4b36e74eb0>,106,14,[4 9],107,258,272,151,243
1,<environment.Job instance at 0x7f4b36e74fa0>,107,18,[8 3],108,252,270,144,243
1,<environment.Job instance at 0x7f4b36e74aa0>,108,12,[3 5],109,270,282,161,253
1,<environment.Job instance at 0x7f4b36e74f50>,109,15,[1 8],110,272,287,162,258
1,<environment.Job instance at 0x7f4b367242d0>,112,20,[8 5],113,282,302,169,273
1,<environment.Job instance at 0x7f4b367244b0>,115,18,[3 7],116,287,305,171,276
1,<environment.Job instance at 0x7f4b367245f0>,117,18,[10  1],118,302,320,184,291
1,<environment.Job instance at 0x7f4b36724690>,118,20,[2 7],119,302,322,183,293
1,<environment.Job instance at 0x7f4b367240a0>,120,17,[5 2],121,320,337,199,308
1,<environment.Job instance at 0x7f4b36724140>,121,18,[4 9],122,322,340,200,311
1,<environment.Job instance at 0x7f4b36724a00>,122,12,[6 2],123,320,332,197,311
1,<environment.Job instance at 0x7f4b36724aa0>,123,23,[1 5],124,337,360,213,331
1,<environment.Job instance at 0x7f4b36724be0>,125,16,[6 2],126,340,356,214,331
1,<environment.Job instance at 0x7f4b36724c80>,126,16,[8 2],127,340,356,213,331
1,<environment.Job instance at 0x7f4b36f27960>,1,26,[ 5 14],2,376,402,374,376
1,<environment.Job instance at 0x7f4b36e93c80>,7,17,[ 4 13],8,954,971,946,954
1,<environment.Job instance at 0x7f4b36861320>,0,18,[ 4 11],1,1,19,0,1
1,<environment.Job instance at 0x7f4b36e93c80>,2,12,[7 2],3,3,15,0,3
1,<environment.Job instance at 0x7f4b363a1eb0>,5,18,[ 2 10],6,19,37,13,8
1,<environment.Job instance at 0x7f4b363a1050>,8,12,[ 5 11],9,37,49,28,20
1,<environment.Job instance at 0x7f4b3647fb40>,13,12,[9 1],14,20,32,6,20
1,<environment.Job instance at 0x7f4b3647f460>,10,22,[10  1],11,32,54,21,25
1,<environment.Job instance at 0x7f4b3647f0f0>,21,23,[5 5],22,49,72,27,43
1,<environment.Job instance at 0x7f4b370b20f0>,24,21,[3 7],25,54,75,29,46
1,<environment.Job instance at 0x7f4b3647fc80>,26,17,[3 5],27,72,89,45,60
1,<environment.Job instance at 0x7f4b370b2640>,28,14,[6 5],29,75,89,46,60
1,<environment.Job instance at 0x7f4b3647f870>,22,16,[5 4],23,75,91,52,62
1,<environment.Job instance at 0x7f4b370b2b40>,31,13,[12  5],32,91,104,59,75
1,<environment.Job instance at 0x7f4b370b26e0>,33,23,[5 5],34,104,127,70,98
1,<environment.Job instance at 0x7f4b370b2dc0>,37,15,[4 7],38,104,119,66,98
1,<environment.Job instance at 0x7f4b370b2230>,38,12,[1 7],39,119,131,80,102
1,<environment.Job instance at 0x7f4b370b2fa0>,39,17,[8 4],40,127,144,87,115
1,<environment.Job instance at 0x7f4b370b2c80>,40,16,[1 7],41,131,147,90,118
1,<environment.Job instance at 0x7f4b370b2410>,43,21,[8 3],44,144,165,100,136
1,<environment.Job instance at 0x7f4b370d77d0>,46,20,[3 6],47,147,167,100,138
1,<environment.Job instance at 0x7f4b370d7cd0>,49,16,[ 4 10],50,167,183,117,154
1,<environment.Job instance at 0x7f4b370d7460>,50,15,[5 5],51,165,180,114,154
1,<environment.Job instance at 0x7f4b370d74b0>,52,24,[6 3],53,180,204,127,175
1,<environment.Job instance at 0x7f4b370d7dc0>,55,18,[6 4],56,183,201,127,175
1,<environment.Job instance at 0x7f4b370d70f0>,60,15,[11  4],61,204,219,143,190
1,<environment.Job instance at 0x7f4b370d7e60>,61,13,[5 6],62,219,232,157,203
1,<environment.Job instance at 0x7f4b36484780>,64,19,[1 6],65,203,222,138,203
1,<environment.Job instance at 0x7f4b36484f50>,65,17,[11  2],66,232,249,166,220
1,<environment.Job instance at 0x7f4b3647fd20>,14,15,[14  4],15,249,264,234,237
1,<environment.Job instance at 0x7f4b364840a0>,69,13,[5 8],70,264,277,194,249
1,<environment.Job instance at 0x7f4b36484e10>,68,22,[8 2],69,264,286,195,257
1,<environment.Job instance at 0x7f4b36484960>,71,17,[2 7],72,277,294,205,265
1,<environment.Job instance at 0x7f4b36484af0>,80,14,[9 2],81,286,300,205,271
1,<environment.Job instance at 0x7f4b363908c0>,84,22,[5 4],85,294,316,209,287
1,<environment.Job instance at 0x7f4b36390870>,87,16,[5 2],88,300,316,212,287
1,<environment.Job instance at 0x7f4b36390c30>,88,12,[6 4],89,316,328,227,299
1,<environment.Job instance at 0x7f4b36390230>,90,13,[1 8],91,299,312,208,299
1,<environment.Job instance at 0x7f4b36390b40>,92,22,[8 3],93,316,338,223,309
1,<environment.Job instance at 0x7f4b36845190>,94,18,[5 8],95,328,346,233,317
1,<environment.Job instance at 0x7f4b36845a50>,97,20,[5 7],98,338,358,240,329
1,<environment.Job instance at 0x7f4b36845af0>,98,12,[10  4],99,346,358,247,329
1,<environment.Job instance at 0x7f4b3685a690>,105,22,[6 2],106,358,380,252,351
1,<environment.Job instance at 0x7f4b3685a5a0>,109,15,[9 2],110,358,373,248,351
1,<environment.Job instance at 0x7f4b3685a4b0>,110,14,[2 7],111,373,387,262,358
1,<environment.Job instance at 0x7f4b3685a370>,111,14,[5 7],112,380,394,268,365
1,<environment.Job instance at 0x7f4b3685a550>,113,16,[6 2],114,387,403,273,374
1,<environment.Job instance at 0x7f4b3685a190>,117,14,[2 9],118,394,408,276,379
1,<environment.Job instance at 0x7f4b3685aa00>,120,18,[11  2],121,403,421,282,393
1,<environment.Job instance at 0x7f4b3685aa50>,124,13,[4 5],125,408,421,283,393
1,<environment.Job instance at 0x7f4b3685a0a0>,125,20,[3 7],126,421,441,295,412
1,<environment.Job instance at 0x7f4b370cbc80>,127,17,[8 3],128,421,438,293,412
1,<environment.Job instance at 0x7f4b370ce190>,128,22,[2 8],129,438,460,309,431
1,<environment.Job instance at 0x7f4b370b2140>,32,23,[5 8],33,460,483,427,455
1,<environment.Job instance at 0x7f4b36e93b90>,1,18,[ 3 12],2,483,501,481,474
1,<environment.Job instance at 0x7f4b3647fcd0>,15,17,[10  1],16,710,727,694,710
1,<environment.Job instance at 0x7f4b364846e0>,70,23,[2 9],71,5466,5489,5395,5466
1,<environment.Job instance at 0x7f4b400c42d0>,1,22,[11  3],2,2,24,0,2
1,<environment.Job instance at 0x7f4b36a77b40>,4,16,[1 6],5,5,21,0,5
1,<environment.Job instance at 0x7f4b369588c0>,8,14,[5 2],9,24,38,15,9
1,<environment.Job instance at 0x7f4b36958690>,11,15,[6 3],12,24,39,12,14
1,<environment.Job instance at 0x7f4b36958780>,12,16,[9 3],13,38,54,25,28
1,<environment.Job instance at 0x7f4b36a8ab40>,15,22,[5 5],16,39,61,23,35
1,<environment.Job instance at 0x7f4b36a8a6e0>,21,15,[5 4],22,54,69,32,45
1,<environment.Job instance at 0x7f4b36a61b40>,26,14,[7 3],27,61,75,34,53
1,<environment.Job instance at 0x7f4b37084fa0>,35,12,[5 5],36,69,81,33,54
1,<environment.Job instance at 0x7f4b3694b0f0>,16,22,[13  1],17,81,103,64,74
1,<environment.Job instance at 0x7f4b37084640>,37,19,[1 8],38,76,95,38,76
1,<environment.Job instance at 0x7f4b37084a50>,39,17,[8 3],40,103,120,63,91
1,<environment.Job instance at 0x7f4b375c5cd0>,41,14,[8 3],42,120,134,78,105
1,<environment.Job instance at 0x7f4b3631b5f0>,42,13,[10  5],43,134,147,91,120
1,<environment.Job instance at 0x7f4b36301690>,52,19,[3 6],53,121,140,68,121
1,<environment.Job instance at 0x7f4b375f0e10>,60,18,[7 4],61,147,165,86,136
1,<environment.Job instance at 0x7f4b37087460>,38,20,[7 4],39,147,167,108,138
1,<environment.Job instance at 0x7f4b375be3c0>,67,26,[14  5],68,167,193,99,164
1,<environment.Job instance at 0x7f4b375be500>,66,20,[2 9],67,193,213,126,184
1,<environment.Job instance at 0x7f4b370a93c0>,74,20,[5 3],75,193,213,118,184
1,<environment.Job instance at 0x7f4b370a9910>,80,16,[6 3],81,193,209,112,184
1,<environment.Job instance at 0x7f4b3694beb0>,13,23,[ 4 13],14,213,236,199,207
1,<environment.Job instance at 0x7f4b36958f50>,9,13,[11  2],10,224,237,214,224
1,<environment.Job instance at 0x7f4b375be0f0>,68,24,[4 6],69,236,260,167,231
1,<environment.Job instance at 0x7f4b370c2280>,94,16,[ 5 13],95,260,276,165,247
1,<environment.Job instance at 0x7f4b370a9fa0>,91,20,[3 8],92,276,296,184,268
1,<environment.Job instance at 0x7f4b370c23c0>,96,22,[9 5],97,276,298,179,270
1,<environment.Job instance at 0x7f4b370c26e0>,101,16,[3 9],102,296,312,194,283
1,<environment.Job instance at 0x7f4b370c2780>,102,22,[5 2],103,298,320,195,292
1,<environment.Job instance at 0x7f4b370c2a50>,106,16,[1 8],107,312,328,205,302
1,<environment.Job instance at 0x7f4b370c2af0>,107,16,[8 3],108,312,328,204,302
1,<environment.Job instance at 0x7f4b370c2cd0>,112,21,[1 5],113,328,349,215,320
1,<environment.Job instance at 0x7f4b370c2f00>,116,12,[2 5],117,328,340,211,320
1,<environment.Job instance at 0x7f4b370c2320>,95,27,[ 1 10],96,340,367,244,338
1,<environment.Job instance at 0x7f4b370c0230>,118,12,[9 1],119,349,361,230,338
1,<environment.Job instance at 0x7f4b370c02d0>,119,24,[6 2],120,361,385,241,356
1,<environment.Job instance at 0x7f4b370a9dc0>,92,21,[11  4],93,385,406,292,377
1,<environment.Job instance at 0x7f4b370c0780>,126,13,[14  2],127,406,419,279,390
1,<environment.Job instance at 0x7f4b370c0870>,127,16,[ 4 14],128,419,435,291,406
1,<environment.Job instance at 0x7f4b370c08c0>,128,13,[4 5],129,435,448,306,419
1,<environment.Job instance at 0x7f4b370c2190>,93,13,[13  5],94,5535,5548,5441,5535
1,<environment.Job instance at 0x7f4b367ce140>,1,14,[10  4],2,2,16,0,2
1,<environment.Job instance at 0x7f4b36b7b460>,8,19,[6 5],9,16,35,7,10
1,<environment.Job instance at 0x7f4b36b7beb0>,3,20,[8 4],4,16,36,12,12
1,<environment.Job instance at 0x7f4b36b7b500>,11,15,[2 7],12,35,50,23,21
1,<environment.Job instance at 0x7f4b36b7bdc0>,12,17,[3 5],13,36,53,23,24
1,<environment.Job instance at 0x7f4b36b7bf00>,14,27,[5 2],15,35,62,20,33
1,<environment.Job instance at 0x7f4b367ce690>,0,24,[3 9],1,53,77,52,48
1,<environment.Job instance at 0x7f4b36b7b1e0>,21,21,[2 9],22,77,98,55,69
1,<environment.Job instance at 0x7f4b36724910>,25,14,[10  1],26,69,83,43,69
1,<environment.Job instance at 0x7f4b367245f0>,26,12,[9 5],27,83,95,56,69
1,<environment.Job instance at 0x7f4b36724780>,30,16,[5 4],31,95,111,64,82
1,<environment.Job instance at 0x7f4b36724aa0>,31,18,[7 2],32,95,113,63,84
1,<environment.Job instance at 0x7f4b367248c0>,32,12,[5 2],33,111,123,78,94
1,<environment.Job instance at 0x7f4b36724640>,34,12,[7 2],35,113,125,78,97
1,<environment.Job instance at 0x7f4b36724c80>,37,12,[7 2],38,123,135,85,106
1,<environment.Job instance at 0x7f4b36724550>,42,19,[2 5],43,125,144,82,115
1,<environment.Job instance at 0x7f4b40070730>,46,13,[8 4],47,135,148,88,119
1,<environment.Job instance at 0x7f4b40070410>,47,17,[6 2],48,144,161,96,132
1,<environment.Job instance at 0x7f4b36cc2eb0>,48,16,[6 5],49,148,164,99,135
1,<environment.Job instance at 0x7f4b36cc2cd0>,50,19,[4 5],51,161,180,110,151
1,<environment.Job instance at 0x7f4b36cc20a0>,52,16,[6 3],53,164,180,111,151
1,<environment.Job instance at 0x7f4b36cc2870>,54,21,[5 4],55,161,182,106,153
1,<environment.Job instance at 0x7f4b36cc2320>,55,16,[6 4],56,180,196,124,167
1,<environment.Job instance at 0x7f4b36cc2280>,56,22,[7 2],57,182,204,125,175
1,<environment.Job instance at 0x7f4b36cc2690>,59,12,[5 4],60,196,208,136,179
1,<environment.Job instance at 0x7f4b36cc2b90>,61,13,[9 3],62,204,217,142,188
1,<environment.Job instance at 0x7f4b36cc20f0>,62,14,[8 4],63,217,231,154,202
1,<environment.Job instance at 0x7f4b36cc2500>,63,23,[1 5],64,202,225,138,202
1,<environment.Job instance at 0x7f4b36cc2b40>,66,16,[7 5],67,225,241,158,212
1,<environment.Job instance at 0x7f4b36cc2e60>,68,13,[7 1],69,231,244,162,215
1,<environment.Job instance at 0x7f4b36cc2fa0>,70,15,[9 1],71,244,259,173,230
1,<environment.Job instance at 0x7f4b36b7b050>,23,15,[ 2 13],24,241,256,217,231
1,<environment.Job instance at 0x7f4b36a17f00>,72,18,[8 1],73,259,277,186,248
1,<environment.Job instance at 0x7f4b36b7b7d0>,22,24,[4 6],23,256,280,233,253
1,<environment.Job instance at 0x7f4b36a177d0>,76,20,[10  4],77,277,297,200,268
1,<environment.Job instance at 0x7f4b36a17140>,79,21,[7 5],80,297,318,217,289
1,<environment.Job instance at 0x7f4b36a17af0>,81,13,[5 2],82,289,302,207,289
1,<environment.Job instance at 0x7f4b36b7bfa0>,5,25,[ 2 12],6,318,343,312,314
1,<environment.Job instance at 0x7f4b36a17fa0>,84,18,[6 3],85,314,332,229,314
1,<environment.Job instance at 0x7f4b36a17c80>,88,13,[2 7],89,343,356,254,327
1,<environment.Job instance at 0x7f4b36a17e60>,90,18,[10  1],91,332,350,241,327
1,<environment.Job instance at 0x7f4b370bc460>,94,14,[1 6],95,343,357,248,328
1,<environment.Job instance at 0x7f4b370bc910>,101,19,[7 3],102,356,375,254,346
1,<environment.Job instance at 0x7f4b370bca00>,102,12,[10  4],103,375,387,272,358
1,<environment.Job instance at 0x7f4b370bcc80>,104,16,[2 5],105,358,374,253,358
1,<environment.Job instance at 0x7f4b370bc320>,108,15,[2 5],109,358,373,249,358
1,<environment.Job instance at 0x7f4b370bc6e0>,109,14,[3 7],110,373,387,263,358
1,<environment.Job instance at 0x7f4b4007a500>,114,17,[2 9],115,387,404,272,375
1,<environment.Job instance at 0x7f4b3643bbe0>,117,17,[8 4],118,387,404,269,375
1,<environment.Job instance at 0x7f4b3643b3c0>,119,14,[5 1],120,387,401,267,375
1,<environment.Job instance at 0x7f4b3643b960>,120,14,[2 8],121,404,418,283,389
1,<environment.Job instance at 0x7f4b3643b190>,123,14,[5 2],124,401,415,277,389
1,<environment.Job instance at 0x7f4b3643b280>,126,15,[8 1],127,404,419,277,390
1,<environment.Job instance at 0x7f4b3643b550>,127,13,[5 1],128,415,428,287,399
1,<environment.Job instance at 0x7f4b3611e960>,128,18,[ 2 10],129,418,436,289,407
1,<environment.Job instance at 0x7f4b36a170a0>,87,19,[ 4 10],88,459,478,371,459
1,<environment.Job instance at 0x7f4b36a17320>,77,23,[9 5],78,460,483,382,460
1,<environment.Job instance at 0x7f4b36a17d70>,73,24,[9 1],74,483,507,409,478
1,<environment.Job instance at 0x7f4b36c66780>,0,17,[ 5 13],1,1,18,0,1
1,<environment.Job instance at 0x7f4b36c66730>,8,28,[1 7],9,18,46,9,17
1,<environment.Job instance at 0x7f4b36c66eb0>,13,18,[6 4],14,18,36,4,17
1,<environment.Job instance at 0x7f4b36c66460>,16,14,[5 7],17,36,50,19,21
1,<environment.Job instance at 0x7f4b35e2b820>,31,12,[6 3],32,46,58,14,37
1,<environment.Job instance at 0x7f4b35e2bfa0>,33,21,[1 5],34,46,67,12,38
1,<environment.Job instance at 0x7f4b35e2b320>,34,17,[5 1],35,50,67,15,38
1,<environment.Job instance at 0x7f4b35d69eb0>,39,17,[7 5],40,58,75,18,46
1,<environment.Job instance at 0x7f4b35d697d0>,48,14,[5 7],49,67,81,18,52
1,<environment.Job instance at 0x7f4b35d9d550>,54,13,[5 5],55,75,88,20,59
1,<environment.Job instance at 0x7f4b35d9d3c0>,64,19,[7 5],65,81,100,16,71
1,<environment.Job instance at 0x7f4b35d9d820>,69,18,[8 2],70,88,106,18,81
1,<environment.Job instance at 0x7f4b36a17d70>,2,22,[ 2 10],3,100,122,97,94
1,<environment.Job instance at 0x7f4b35dfcf50>,78,15,[7 4],79,106,121,27,95
1,<environment.Job instance at 0x7f4b36d45230>,82,17,[6 5],83,121,138,38,109
1,<environment.Job instance at 0x7f4b3630fb90>,89,18,[2 5],90,122,140,32,111
1,<environment.Job instance at 0x7f4b3ff1caf0>,95,15,[9 4],96,138,153,42,124
1,<environment.Job instance at 0x7f4b36898b40>,100,18,[5 5],101,140,158,39,129
1,<environment.Job instance at 0x7f4b36c4b870>,107,15,[8 2],108,153,168,45,139
1,<environment.Job instance at 0x7f4b35cfa690>,111,16,[8 3],112,168,184,56,155
1,<environment.Job instance at 0x7f4b35cfab90>,112,16,[4 6],113,158,174,45,155
1,<environment.Job instance at 0x7f4b35d870a0>,118,17,[3 8],119,174,191,55,162
1,<environment.Job instance at 0x7f4b35dbf0a0>,120,16,[3 7],121,184,200,63,171
1,<environment.Job instance at 0x7f4b35dbf730>,121,18,[5 5],122,191,209,69,180
1,<environment.Job instance at 0x7f4b36c66320>,4,15,[5 5],5,200,215,195,187
1,<environment.Job instance at 0x7f4b35dbfa00>,124,16,[4 7],125,209,225,84,196
1,<environment.Job instance at 0x7f4b35dbf640>,126,14,[1 6],127,215,229,88,200
1,<environment.Job instance at 0x7f4b36e01b40>,1,14,[11  2],2,2,16,0,2
1,<environment.Job instance at 0x7f4b3765ce10>,2,13,[13  4],3,16,29,13,5
1,<environment.Job instance at 0x7f4b36e01960>,3,18,[6 5],4,29,47,25,18
1,<environment.Job instance at 0x7f4b3765c640>,12,16,[1 8],13,28,44,15,28
1,<environment.Job instance at 0x7f4b3765c870>,13,12,[3 7],14,44,56,30,28
1,<environment.Job instance at 0x7f4b3765c5f0>,19,12,[8 2],20,32,44,12,32
1,<environment.Job instance at 0x7f4b36c3c9b0>,21,22,[6 4],22,47,69,25,42
1,<environment.Job instance at 0x7f4b36c3c410>,23,15,[2 7],24,56,71,32,55
1,<environment.Job instance at 0x7f4b3765cbe0>,6,15,[ 4 12],7,71,86,64,57
1,<environment.Job instance at 0x7f4b36c3cd70>,35,19,[3 8],36,86,105,50,76
1,<environment.Job instance at 0x7f4b3fd48050>,40,14,[8 2],41,76,90,35,76
1,<environment.Job instance at 0x7f4b3fd480f0>,41,21,[9 5],42,90,111,48,82
1,<environment.Job instance at 0x7f4b3fd48550>,43,18,[4 5],44,105,123,61,94
1,<environment.Job instance at 0x7f4b3fd480a0>,45,13,[4 6],46,111,124,65,95
1,<environment.Job instance at 0x7f4b3fd486e0>,49,17,[10  4],50,123,140,73,111
1,<environment.Job instance at 0x7f4b364d1c30>,53,16,[3 5],54,124,140,70,111
1,<environment.Job instance at 0x7f4b364d11e0>,58,21,[9 5],59,140,161,81,132
1,<environment.Job instance at 0x7f4b364d19b0>,60,14,[9 5],61,161,175,100,146
1,<environment.Job instance at 0x7f4b364d1af0>,63,21,[9 5],64,175,196,111,167
1,<environment.Job instance at 0x7f4b364d1f50>,64,17,[10  3],65,196,213,131,184
1,<environment.Job instance at 0x7f4b364d17d0>,67,12,[4 7],68,184,196,116,184
1,<environment.Job instance at 0x7f4b364d1e60>,68,15,[6 4],69,213,228,144,199
1,<environment.Job instance at 0x7f4b364d1cd0>,69,17,[3 8],70,199,216,129,199
1,<environment.Job instance at 0x7f4b364d1eb0>,70,15,[ 5 10],71,216,231,145,202
1,<environment.Job instance at 0x7f4b364d1370>,71,19,[5 4],72,228,247,156,218
1,<environment.Job instance at 0x7f4b364d1780>,72,17,[ 2 10],73,231,248,158,220
1,<environment.Job instance at 0x7f4b364d1820>,75,17,[9 5],76,247,264,171,235
1,<environment.Job instance at 0x7f4b362bdeb0>,79,22,[6 1],80,248,270,168,241
1,<environment.Job instance at 0x7f4b362bdf50>,81,15,[5 5],82,264,279,182,250
1,<environment.Job instance at 0x7f4b362bdc30>,83,18,[5 9],84,270,288,186,259
1,<environment.Job instance at 0x7f4b362bdcd0>,87,20,[3 6],88,279,299,191,270
1,<environment.Job instance at 0x7f4b362bd320>,88,18,[ 3 10],89,299,317,210,288
1,<environment.Job instance at 0x7f4b36ecaeb0>,93,16,[7 4],94,288,304,194,288
1,<environment.Job instance at 0x7f4b36c7a460>,104,14,[3 5],105,304,318,199,289
1,<environment.Job instance at 0x7f4b36c7a690>,113,13,[7 3],114,317,330,203,301
1,<environment.Job instance at 0x7f4b36c7a190>,118,16,[4 8],119,318,334,199,305
1,<environment.Job instance at 0x7f4b363b50f0>,120,18,[10  3],121,330,348,209,319
1,<environment.Job instance at 0x7f4b363b5f50>,124,18,[7 4],125,348,366,223,337
1,<environment.Job instance at 0x7f4b363b5b40>,127,21,[10  1],128,366,387,238,358
1,<environment.Job instance at 0x7f4b363b57d0>,128,15,[1 5],129,358,373,229,358
1,<environment.Job instance at 0x7f4b36e01e60>,0,15,[ 1 14],1,373,388,372,359
1,<environment.Job instance at 0x7f4b3765cb40>,4,27,[ 4 13],5,5482,5509,5477,5482
1,<environment.Job instance at 0x7f4b3655ec30>,4,21,[6 3],5,5,26,0,5
1,<environment.Job instance at 0x7f4b36d6b4b0>,8,21,[1 5],9,10,31,1,10
1,<environment.Job instance at 0x7f4b36d6b5f0>,13,24,[5 1],14,15,39,1,15
1,<environment.Job instance at 0x7f4b36d6bfa0>,15,18,[9 3],16,26,44,10,16
1,<environment.Job instance at 0x7f4b36d6b820>,16,17,[1 6],17,31,48,14,19
1,<environment.Job instance at 0x7f4b36d6bb90>,18,17,[3 5],19,39,56,20,27
1,<environment.Job instance at 0x7f4b37301780>,29,14,[4 9],30,48,62,18,33
1,<environment.Job instance at 0x7f4b37301d20>,30,17,[10  3],31,56,73,25,44
1,<environment.Job instance at 0x7f4b37301c30>,32,18,[9 2],33,73,91,40,62
1,<environment.Job instance at 0x7f4b37301640>,35,16,[4 8],36,62,78,26,62
1,<environment.Job instance at 0x7f4b37301140>,38,22,[1 8],39,78,100,39,71
1,<environment.Job instance at 0x7f4b37301050>,42,21,[9 3],43,91,112,48,83
1,<environment.Job instance at 0x7f4b36334aa0>,45,17,[4 6],46,100,117,54,88
1,<environment.Job instance at 0x7f4b36334d20>,47,21,[3 7],48,112,133,64,104
1,<environment.Job instance at 0x7f4b363342d0>,48,15,[ 3 10],49,133,148,84,119
1,<environment.Job instance at 0x7f4b36334dc0>,50,20,[1 9],51,148,168,97,139
1,<environment.Job instance at 0x7f4b36334f00>,53,14,[5 5],54,139,153,85,139
1,<environment.Job instance at 0x7f4b36334eb0>,57,12,[1 8],58,168,180,110,151
1,<environment.Job instance at 0x7f4b36d6b500>,14,12,[ 4 13],15,180,192,165,164
1,<environment.Job instance at 0x7f4b372ad410>,59,13,[8 2],60,164,177,104,164
1,<environment.Job instance at 0x7f4b372adb90>,58,19,[5 8],59,192,211,133,182
1,<environment.Job instance at 0x7f4b3655e410>,9,17,[1 7],10,192,209,182,185
1,<environment.Job instance at 0x7f4b372adeb0>,63,27,[9 5],64,209,236,145,207
1,<environment.Job instance at 0x7f4b3693cc30>,81,15,[12  3],82,236,251,154,222
1,<environment.Job instance at 0x7f4b3693cfa0>,80,20,[2 8],81,223,243,142,223
1,<environment.Job instance at 0x7f4b3693c500>,84,12,[1 9],85,243,255,158,227
1,<environment.Job instance at 0x7f4b36c25c80>,93,14,[7 3],94,251,265,157,236
1,<environment.Job instance at 0x7f4b3760acd0>,98,19,[8 4],99,255,274,156,246
1,<environment.Job instance at 0x7f4b3693cd20>,82,19,[5 5],83,265,284,182,256
1,<environment.Job instance at 0x7f4b3655e690>,6,17,[10  5],7,279,296,272,279
1,<environment.Job instance at 0x7f4b3760aa50>,112,17,[5 5],113,284,301,171,279
1,<environment.Job instance at 0x7f4b371b6e10>,0,16,[11  1],1,319,335,318,319
1,<environment.Job instance at 0x7f4b3760a960>,101,26,[13  2],102,335,361,233,332
1,<environment.Job instance at 0x7f4b36064fa0>,0,12,[ 3 10],1,1,13,0,1
1,<environment.Job instance at 0x7f4b3760a7d0>,1,26,[5 5],2,2,28,0,2
1,<environment.Job instance at 0x7f4b35f208c0>,7,20,[4 9],8,13,33,5,8
1,<environment.Job instance at 0x7f4b35f20190>,8,18,[7 2],9,28,46,19,17
1,<environment.Job instance at 0x7f4b37170230>,14,17,[5 9],15,33,50,18,22
1,<environment.Job instance at 0x7f4b37337eb0>,17,15,[4 9],18,50,65,32,36
1,<environment.Job instance at 0x7f4b373370f0>,22,17,[6 3],23,46,63,23,36
1,<environment.Job instance at 0x7f4b35e29a50>,31,18,[6 5],32,63,81,31,52
1,<environment.Job instance at 0x7f4b35e29230>,32,17,[8 5],33,65,82,32,54
1,<environment.Job instance at 0x7f4b35e29690>,35,16,[5 8],36,81,97,45,68
1,<environment.Job instance at 0x7f4b37008410>,39,14,[6 2],40,82,96,42,69
1,<environment.Job instance at 0x7f4b37008c80>,44,16,[4 6],45,96,112,51,83
1,<environment.Job instance at 0x7f4b37008050>,47,14,[5 4],48,97,111,49,83
1,<environment.Job instance at 0x7f4b3fbc69b0>,74,14,[9 3],75,111,125,36,96
1,<environment.Job instance at 0x7f4b370e6280>,86,18,[2 9],87,112,130,25,101
1,<environment.Job instance at 0x7f4b370e6050>,88,16,[10  2],89,125,141,36,112
1,<environment.Job instance at 0x7f4b368124b0>,92,21,[5 4],93,130,151,37,122
1,<environment.Job instance at 0x7f4b36cf3230>,98,17,[4 8],99,141,158,42,130
1,<environment.Job instance at 0x7f4b368211e0>,99,18,[5 5],100,151,169,51,140
1,<environment.Job instance at 0x7f4b36556410>,113,15,[3 7],114,158,173,44,144
1,<environment.Job instance at 0x7f4b362340a0>,114,15,[10  3],115,169,184,54,155
1,<environment.Job instance at 0x7f4b36a98640>,118,19,[9 2],119,184,203,65,174
1,<environment.Job instance at 0x7f4b36a98460>,120,20,[2 5],121,175,195,54,175
1,<environment.Job instance at 0x7f4b36a98d70>,122,17,[10  3],123,203,220,80,191
1,<environment.Job instance at 0x7f4b35fc4410>,124,16,[9 2],125,220,236,95,207
1,<environment.Job instance at 0x7f4b3617d0f0>,1,12,[1 7],2,2,14,0,2
1,<environment.Job instance at 0x7f4b3617de60>,0,22,[3 9],1,14,36,13,7
1,<environment.Job instance at 0x7f4b3617dcd0>,4,23,[9 5],5,7,30,2,7
1,<environment.Job instance at 0x7f4b3617d690>,9,14,[9 1],10,30,44,20,15
1,<environment.Job instance at 0x7f4b3617d230>,7,14,[ 1 11],8,36,50,28,26
1,<environment.Job instance at 0x7f4b3616af00>,17,12,[7 5],18,50,62,32,33
1,<environment.Job instance at 0x7f4b3617db40>,10,15,[2 5],11,50,65,39,36
1,<environment.Job instance at 0x7f4b3616afa0>,21,16,[6 1],22,44,60,22,40
1,<environment.Job instance at 0x7f4b3616a370>,22,12,[7 4],23,62,74,39,45
1,<environment.Job instance at 0x7f4b3616a3c0>,23,13,[6 3],24,60,73,36,45
1,<environment.Job instance at 0x7f4b3616a410>,24,13,[1 7],25,65,78,40,49
1,<environment.Job instance at 0x7f4b3616a5a0>,28,18,[4 5],29,74,92,45,63
1,<environment.Job instance at 0x7f4b36173cd0>,30,17,[8 3],31,74,91,43,63
1,<environment.Job instance at 0x7f4b36173550>,31,14,[9 3],32,91,105,59,76
1,<environment.Job instance at 0x7f4b36173050>,39,15,[3 5],40,92,107,52,78
1,<environment.Job instance at 0x7f4b36169af0>,42,21,[4 7],43,105,126,62,97
1,<environment.Job instance at 0x7f4b361698c0>,44,18,[5 5],45,107,125,62,97
1,<environment.Job instance at 0x7f4b3616a190>,18,25,[6 2],19,105,130,86,101
1,<environment.Job instance at 0x7f4b36169f50>,47,18,[9 2],48,126,144,78,115
1,<environment.Job instance at 0x7f4b3616d9b0>,60,17,[2 7],61,130,147,69,118
1,<environment.Job instance at 0x7f4b3616d820>,62,20,[10  2],63,144,164,81,136
1,<environment.Job instance at 0x7f4b3616d460>,63,15,[ 4 10],64,147,162,83,136
1,<environment.Job instance at 0x7f4b3616dfa0>,65,18,[1 7],66,162,180,96,151
1,<environment.Job instance at 0x7f4b3616d0f0>,68,17,[4 5],69,162,179,93,151
1,<environment.Job instance at 0x7f4b36ef5a50>,72,20,[1 5],73,179,199,106,170
1,<environment.Job instance at 0x7f4b36ef59b0>,75,13,[8 1],76,170,183,94,170
1,<environment.Job instance at 0x7f4b36ef5dc0>,76,14,[1 6],77,180,194,103,170
1,<environment.Job instance at 0x7f4b36ef5690>,77,13,[6 3],78,183,196,105,170
1,<environment.Job instance at 0x7f4b36ef55f0>,80,20,[3 8],81,196,216,115,187
1,<environment.Job instance at 0x7f4b3616ae60>,20,21,[4 7],21,199,220,178,193
1,<environment.Job instance at 0x7f4b36ef5a00>,82,12,[5 9],83,220,232,137,203
1,<environment.Job instance at 0x7f4b36ef5960>,84,17,[5 3],85,216,233,131,204
1,<environment.Job instance at 0x7f4b36ef52d0>,86,12,[5 7],87,232,244,145,215
1,<environment.Job instance at 0x7f4b3615a7d0>,91,15,[1 6],92,233,248,141,223
1,<environment.Job instance at 0x7f4b3615a3c0>,96,20,[9 3],97,244,264,147,235
1,<environment.Job instance at 0x7f4b3616e870>,103,16,[8 2],104,264,280,160,251
1,<environment.Job instance at 0x7f4b3616efa0>,105,14,[7 1],106,264,278,158,255
1,<environment.Job instance at 0x7f4b3616e230>,107,22,[2 6],108,278,300,170,271
1,<environment.Job instance at 0x7f4b3616e0a0>,108,17,[5 5],109,278,295,169,271
1,<environment.Job instance at 0x7f4b3616e910>,109,16,[5 5],110,295,311,185,282
1,<environment.Job instance at 0x7f4b3617d140>,8,24,[7 4],9,282,306,273,282
1,<environment.Job instance at 0x7f4b3616e5f0>,110,20,[1 5],111,300,320,189,291
1,<environment.Job instance at 0x7f4b3616e0f0>,112,17,[9 1],113,306,323,193,294
1,<environment.Job instance at 0x7f4b36142f00>,118,18,[1 8],119,311,329,192,305
1,<environment.Job instance at 0x7f4b36142690>,122,20,[3 5],123,320,340,197,311
1,<environment.Job instance at 0x7f4b36142370>,123,18,[7 1],124,323,341,199,312
1,<environment.Job instance at 0x7f4b36142320>,124,21,[8 2],125,340,361,215,332
1,<environment.Job instance at 0x7f4b361425f0>,126,18,[7 4],127,341,359,214,332
1,<environment.Job instance at 0x7f4b36ef53c0>,83,23,[9 3],84,361,384,277,361
1,<environment.Job instance at 0x7f4b3616e7d0>,111,23,[7 5],112,384,407,272,378
1,<environment.Job instance at 0x7f4b361696e0>,48,18,[12  4],49,407,425,358,396
1,<environment.Job instance at 0x7f4b36729910>,0,21,[5 3],1,1,22,0,1
1,<environment.Job instance at 0x7f4b361696e0>,2,14,[3 7],3,3,17,0,3
1,<environment.Job instance at 0x7f4b363cc960>,5,12,[8 5],6,17,29,11,6
1,<environment.Job instance at 0x7f4b363ccfa0>,7,19,[6 2],8,22,41,14,12
1,<environment.Job instance at 0x7f4b35db3aa0>,22,22,[5 5],23,29,51,6,23
1,<environment.Job instance at 0x7f4b35db37d0>,23,16,[1 9],24,41,57,17,28
1,<environment.Job instance at 0x7f4b35db3e10>,29,16,[9 4],30,51,67,21,38
1,<environment.Job instance at 0x7f4b3701eb40>,40,15,[8 4],41,67,82,26,53
1,<environment.Job instance at 0x7f4b3701e7d0>,42,15,[2 8],43,57,72,14,53
1,<environment.Job instance at 0x7f4b3701e870>,43,17,[2 7],44,72,89,28,60
1,<environment.Job instance at 0x7f4b363cc1e0>,9,12,[ 1 13],10,89,101,79,73
1,<environment.Job instance at 0x7f4b35d04c30>,56,12,[9 5],57,101,113,44,84
1,<environment.Job instance at 0x7f4b35d04d70>,59,15,[7 3],60,113,128,53,99
1,<environment.Job instance at 0x7f4b36872820>,65,18,[2 7],66,101,119,35,99
1,<environment.Job instance at 0x7f4b36872550>,69,18,[8 3],70,119,137,49,108
1,<environment.Job instance at 0x7f4b36872f50>,79,18,[4 9],80,128,146,48,117
1,<environment.Job instance at 0x7f4b3714e960>,84,17,[8 3],85,137,154,52,125
1,<environment.Job instance at 0x7f4b3714ee10>,86,14,[5 6],87,146,160,59,131
1,<environment.Job instance at 0x7f4b3714e6e0>,92,14,[5 7],93,154,168,61,139
1,<environment.Job instance at 0x7f4b35fc4230>,108,16,[6 3],109,160,176,51,147
1,<environment.Job instance at 0x7f4b35fc49b0>,117,17,[4 8],118,168,185,50,156
1,<environment.Job instance at 0x7f4b37463eb0>,125,20,[4 6],126,176,196,50,167
1,<environment.Job instance at 0x7f4b36c87050>,128,15,[3 6],129,185,200,56,171
1,<environment.Job instance at 0x7f4b36169780>,1,21,[1 7],2,263,284,261,263
1,<environment.Job instance at 0x7f4b363ccaa0>,8,18,[10  2],9,1735,1753,1726,1735
1,<environment.Job instance at 0x7f4b371d5fa0>,0,12,[13  2],1,1,13,0,1
1,<environment.Job instance at 0x7f4b371d5af0>,4,18,[5 5],5,13,31,8,5
1,<environment.Job instance at 0x7f4b371d59b0>,7,16,[5 6],8,13,29,5,8
1,<environment.Job instance at 0x7f4b371d5320>,10,13,[4 7],11,29,42,18,13
1,<environment.Job instance at 0x7f4b36f07a00>,13,15,[5 5],14,31,46,17,18
1,<environment.Job instance at 0x7f4b371d5230>,11,28,[12  2],12,46,74,34,45
1,<environment.Job instance at 0x7f4b36f07370>,16,14,[5 8],17,74,88,57,59
1,<environment.Job instance at 0x7f4b36f075f0>,17,14,[ 5 11],18,88,102,70,73
1,<environment.Job instance at 0x7f4b3760f230>,20,20,[5 5],21,102,122,81,93
1,<environment.Job instance at 0x7f4b374c00a0>,22,13,[6 3],23,96,109,73,96
1,<environment.Job instance at 0x7f4b371d5050>,8,21,[5 5],9,109,130,100,103
1,<environment.Job instance at 0x7f4b36660d20>,26,15,[ 1 11],27,130,145,103,116
1,<environment.Job instance at 0x7f4b371d5960>,1,15,[14  4],2,130,145,128,118
1,<environment.Job instance at 0x7f4b371d5f50>,12,24,[12  5],13,145,169,132,140
1,<environment.Job instance at 0x7f4b36660dc0>,29,19,[3 9],30,145,164,115,140
1,<environment.Job instance at 0x7f4b36665e10>,30,19,[14  4],31,169,188,138,159
1,<environment.Job instance at 0x7f4b366586e0>,31,12,[5 4],32,188,200,156,171
1,<environment.Job instance at 0x7f4b36660500>,27,18,[1 8],28,171,189,143,171
1,<environment.Job instance at 0x7f4b36f15410>,36,16,[2 6],37,189,205,152,176
1,<environment.Job instance at 0x7f4b36f15730>,50,18,[1 6],51,200,218,149,189
1,<environment.Job instance at 0x7f4b36c7a280>,54,22,[3 5],55,205,227,150,199
1,<environment.Job instance at 0x7f4b36658b90>,33,24,[10  3],34,202,226,168,202
1,<environment.Job instance at 0x7f4b37584af0>,57,27,[3 7],58,226,253,168,224
1,<environment.Job instance at 0x7f4b36f150a0>,56,18,[3 8],57,227,245,170,224
1,<environment.Job instance at 0x7f4b37584dc0>,60,15,[5 6],61,245,260,184,231
1,<environment.Job instance at 0x7f4b371b0690>,75,19,[8 5],76,253,272,177,243
1,<environment.Job instance at 0x7f4b363c67d0>,81,21,[5 2],82,260,281,178,254
1,<environment.Job instance at 0x7f4b36c4bcd0>,82,20,[3 6],83,272,292,189,263
1,<environment.Job instance at 0x7f4b36974be0>,83,16,[1 5],84,263,279,179,263
1,<environment.Job instance at 0x7f4b370cb690>,84,19,[6 2],85,272,291,187,263
1,<environment.Job instance at 0x7f4b36873af0>,87,20,[5 3],88,281,301,193,272
1,<environment.Job instance at 0x7f4b36001dc0>,98,16,[7 3],99,291,307,192,278
1,<environment.Job instance at 0x7f4b36010be0>,102,17,[10  5],103,307,324,204,295
1,<environment.Job instance at 0x7f4b360100a0>,107,17,[9 4],108,324,341,216,312
1,<environment.Job instance at 0x7f4b36010b40>,108,16,[10  4],109,341,357,232,328
1,<environment.Job instance at 0x7f4b3601daf0>,115,16,[2 6],116,338,354,222,338
1,<environment.Job instance at 0x7f4b3601d960>,120,14,[5 6],121,354,368,233,339
1,<environment.Job instance at 0x7f4b3601de60>,124,13,[6 4],125,357,370,232,341
1,<environment.Job instance at 0x7f4b36012e60>,125,15,[9 3],126,368,383,242,354
1,<environment.Job instance at 0x7f4b36012f50>,126,12,[5 1],127,370,382,243,354
1,<environment.Job instance at 0x7f4b360368c0>,127,16,[7 4],128,383,399,255,370
1,<environment.Job instance at 0x7f4b36012eb0>,128,19,[8 2],129,383,402,254,373
1,<environment.Job instance at 0x7f4b37584320>,58,17,[14  4],59,441,458,382,441
1,<environment.Job instance at 0x7f4b3760f280>,18,17,[ 3 14],19,505,522,486,505
1,<environment.Job instance at 0x7f4b37560230>,0,14,[ 5 12],1,1,15,0,1
1,<environment.Job instance at 0x7f4b361c5dc0>,6,13,[5 5],7,15,28,8,7
1,<environment.Job instance at 0x7f4b375601e0>,1,16,[7 5],2,15,31,13,7
1,<environment.Job instance at 0x7f4b361c5b40>,10,18,[1 5],11,15,33,4,13
1,<environment.Job instance at 0x7f4b361c57d0>,11,12,[ 4 14],12,33,45,21,19
1,<environment.Job instance at 0x7f4b3636b140>,18,17,[3 5],19,45,62,26,33
1,<environment.Job instance at 0x7f4b3636b050>,21,21,[6 2],22,45,66,23,37
1,<environment.Job instance at 0x7f4b3636b820>,24,13,[10  4],25,66,79,41,50
1,<environment.Job instance at 0x7f4b3636bd20>,26,12,[ 3 10],27,62,74,35,50
1,<environment.Job instance at 0x7f4b3636b780>,28,12,[8 1],29,79,91,50,62
1,<environment.Job instance at 0x7f4b361c5050>,9,14,[3 7],10,74,88,64,63
1,<environment.Job instance at 0x7f4b367fbd70>,37,14,[5 6],38,88,102,50,73
1,<environment.Job instance at 0x7f4b367fb1e0>,41,12,[7 5],42,91,103,49,74
1,<environment.Job instance at 0x7f4b367fbeb0>,44,16,[10  5],45,103,119,58,90
1,<environment.Job instance at 0x7f4b367fb500>,46,13,[6 3],47,119,132,72,103
1,<environment.Job instance at 0x7f4b3698c960>,47,15,[10  3],48,132,147,84,118
1,<environment.Job instance at 0x7f4b3698c870>,48,12,[3 9],49,118,130,69,118
1,<environment.Job instance at 0x7f4b3698c0f0>,50,18,[2 9],51,130,148,79,119
1,<environment.Job instance at 0x7f4b367c34b0>,67,13,[5 8],68,148,161,80,132
1,<environment.Job instance at 0x7f4b367c35f0>,68,16,[5 2],69,147,163,78,134
1,<environment.Job instance at 0x7f4b367c3320>,70,13,[5 5],71,148,161,77,134
1,<environment.Job instance at 0x7f4b367c3960>,75,19,[6 5],76,161,180,85,151
1,<environment.Job instance at 0x7f4b367c3550>,76,17,[9 4],77,163,180,86,151
1,<environment.Job instance at 0x7f4b361c5a50>,12,21,[ 4 14],13,180,201,167,172
1,<environment.Job instance at 0x7f4b36a80c30>,88,17,[5 2],89,201,218,112,189
1,<environment.Job instance at 0x7f4b36a80230>,92,12,[9 4],93,201,213,108,189
1,<environment.Job instance at 0x7f4b36a80370>,93,19,[2 8],94,213,232,119,203
1,<environment.Job instance at 0x7f4b36a808c0>,94,16,[4 9],95,232,248,137,219
1,<environment.Job instance at 0x7f4b36a800a0>,97,21,[10  3],98,219,240,121,219
1,<environment.Job instance at 0x7f4b36a800f0>,98,17,[9 1],99,240,257,141,228
1,<environment.Job instance at 0x7f4b36a80640>,100,14,[3 5],101,248,262,147,233
1,<environment.Job instance at 0x7f4b36359730>,105,16,[5 1],106,257,273,151,244
1,<environment.Job instance at 0x7f4b36359320>,106,18,[5 9],107,257,275,150,246
1,<environment.Job instance at 0x7f4b36359f00>,107,14,[9 2],108,273,287,165,258
1,<environment.Job instance at 0x7f4b367c3b90>,81,25,[ 5 12],82,275,300,193,274
1,<environment.Job instance at 0x7f4b363594b0>,108,17,[8 4],109,300,317,191,288
1,<environment.Job instance at 0x7f4b3636ba50>,30,16,[ 4 11],31,300,316,269,289
1,<environment.Job instance at 0x7f4b363592d0>,111,13,[8 4],112,317,330,205,301
1,<environment.Job instance at 0x7f4b367c2c30>,116,15,[8 3],117,330,345,213,316
1,<environment.Job instance at 0x7f4b367c2320>,119,13,[6 1],120,316,329,196,316
1,<environment.Job instance at 0x7f4b36359370>,113,18,[1 6],114,316,334,202,316
1,<environment.Job instance at 0x7f4b367c2370>,120,18,[2 9],121,334,352,213,323
1,<environment.Job instance at 0x7f4b367c2b90>,127,16,[5 7],128,352,368,224,339
1,<environment.Job instance at 0x7f4b367c2910>,128,20,[5 3],129,339,359,210,339
1,<environment.Job instance at 0x7f4b37560140>,7,15,[12  4],8,381,396,373,381
1,<environment.Job instance at 0x7f4b3636b550>,19,17,[ 2 13],20,412,429,392,412
1,<environment.Job instance at 0x7f4b367c20a0>,2,19,[3 9],3,3,22,0,3
1,<environment.Job instance at 0x7f4b35e7d6e0>,4,12,[13  5],5,22,34,17,8
1,<environment.Job instance at 0x7f4b35e7d7d0>,7,21,[5 1],8,34,55,26,26
1,<environment.Job instance at 0x7f4b35e7dc30>,13,14,[1 7],14,26,40,12,26
1,<environment.Job instance at 0x7f4b35e7dcd0>,14,14,[7 4],15,34,48,19,26
1,<environment.Job instance at 0x7f4b35e7de10>,16,13,[2 7],17,40,53,23,26
1,<environment.Job instance at 0x7f4b35e7dfa0>,18,20,[10  5],19,53,73,34,44
1,<environment.Job instance at 0x7f4b35e7c2d0>,23,16,[3 8],24,55,71,31,44
1,<environment.Job instance at 0x7f4b35e7c370>,24,17,[3 7],25,71,88,46,59
1,<environment.Job instance at 0x7f4b35e7c410>,25,12,[7 2],26,73,85,47,59
1,<environment.Job instance at 0x7f4b35e7c8c0>,31,19,[5 5],32,73,92,41,63
1,<environment.Job instance at 0x7f4b35e7c910>,32,16,[4 6],33,88,104,55,75
1,<environment.Job instance at 0x7f4b35e7cf00>,41,13,[3 5],42,92,105,50,76
1,<environment.Job instance at 0x7f4b35e7ceb0>,43,13,[6 2],44,85,98,41,76
1,<environment.Job instance at 0x7f4b35e451e0>,45,14,[2 9],46,104,118,58,89
1,<environment.Job instance at 0x7f4b35e454b0>,48,16,[5 4],49,105,121,56,92
1,<environment.Job instance at 0x7f4b35e455f0>,50,14,[5 2],51,105,119,54,92
1,<environment.Job instance at 0x7f4b35e45af0>,58,18,[4 6],59,118,136,59,107
1,<environment.Job instance at 0x7f4b35e45dc0>,60,12,[5 5],61,119,131,58,107
1,<environment.Job instance at 0x7f4b35e45f00>,62,16,[4 9],63,131,147,68,118
1,<environment.Job instance at 0x7f4b371ed320>,69,14,[5 6],70,136,150,66,121
1,<environment.Job instance at 0x7f4b371ed460>,71,15,[9 3],72,147,162,75,133
1,<environment.Job instance at 0x7f4b371cbfa0>,77,13,[5 6],78,150,163,72,134
1,<environment.Job instance at 0x7f4b35e73780>,78,16,[9 3],79,162,178,83,149
1,<environment.Job instance at 0x7f4b35e736e0>,81,14,[5 8],82,163,177,81,149
1,<environment.Job instance at 0x7f4b35e73280>,83,17,[7 1],84,178,195,94,166
1,<environment.Job instance at 0x7f4b35e73050>,85,12,[4 5],86,177,189,91,166
1,<environment.Job instance at 0x7f4b35e73870>,89,16,[7 2],90,189,205,99,176
1,<environment.Job instance at 0x7f4b36712af0>,90,21,[1 5],91,177,198,86,176
1,<environment.Job instance at 0x7f4b364b5af0>,94,18,[2 7],95,195,213,100,184
1,<environment.Job instance at 0x7f4b3604f0f0>,96,15,[8 5],97,205,220,108,191
1,<environment.Job instance at 0x7f4b36b32dc0>,99,14,[8 4],100,220,234,120,205
1,<environment.Job instance at 0x7f4b36ea67d0>,100,13,[1 8],101,213,226,112,205
1,<environment.Job instance at 0x7f4b36b455a0>,102,14,[7 4],103,226,240,123,211
1,<environment.Job instance at 0x7f4b36b45370>,104,22,[7 3],105,234,256,129,227
1,<environment.Job instance at 0x7f4b37152280>,108,14,[5 5],109,240,254,131,227
1,<environment.Job instance at 0x7f4b371470f0>,110,14,[4 9],111,254,268,143,239
1,<environment.Job instance at 0x7f4b37147190>,111,14,[2 9],112,268,282,156,253
1,<environment.Job instance at 0x7f4b36b105f0>,118,19,[6 2],119,256,275,137,253
1,<environment.Job instance at 0x7f4b36b10d20>,120,17,[7 2],121,268,285,147,256
1,<environment.Job instance at 0x7f4b36b10eb0>,121,21,[4 6],122,282,303,160,274
1,<environment.Job instance at 0x7f4b36b108c0>,127,15,[10  3],128,285,300,157,274
1,<environment.Job instance at 0x7f4b36b10320>,128,12,[8 1],129,300,312,171,283
1,<environment.Job instance at 0x7f4b3696d140>,0,24,[ 3 14],1,2095,2119,2094,2095
1,<environment.Job instance at 0x7f4b35e7da00>,9,20,[14  4],10,2282,2302,2272,2282
1,<environment.Job instance at 0x7f4b35e61a00>,0,22,[5 4],1,1,23,0,1
1,<environment.Job instance at 0x7f4b369f8f50>,3,25,[1 9],4,4,29,0,4
1,<environment.Job instance at 0x7f4b36449370>,13,21,[5 9],14,29,50,15,21
1,<environment.Job instance at 0x7f4b36578d70>,18,14,[6 3],19,23,37,4,21
1,<environment.Job instance at 0x7f4b36578230>,20,12,[8 5],21,37,49,16,21
1,<environment.Job instance at 0x7f4b36578140>,24,20,[8 3],25,49,69,24,40
1,<environment.Job instance at 0x7f4b36578f00>,28,13,[5 4],29,50,63,21,40
1,<environment.Job instance at 0x7f4b36ad8e60>,34,14,[1 5],35,50,64,15,40
1,<environment.Job instance at 0x7f4b36ad8640>,35,15,[10  4],36,69,84,33,55
1,<environment.Job instance at 0x7f4b36ad80a0>,36,16,[10  5],37,84,100,47,71
1,<environment.Job instance at 0x7f4b36ad89b0>,37,14,[4 7],38,71,85,33,71
1,<environment.Job instance at 0x7f4b36ad8190>,43,19,[2 7],44,85,104,41,75
1,<environment.Job instance at 0x7f4b36ad86e0>,45,18,[2 6],46,100,118,54,89
1,<environment.Job instance at 0x7f4b36ad8320>,46,16,[5 6],47,104,120,57,91
1,<environment.Job instance at 0x7f4b36ad8be0>,54,15,[5 5],55,118,133,63,104
1,<environment.Job instance at 0x7f4b375e7460>,58,20,[3 6],59,120,140,61,111
1,<environment.Job instance at 0x7f4b375e7690>,59,17,[10  4],60,133,150,73,121
1,<environment.Job instance at 0x7f4b375e7aa0>,66,12,[5 7],67,140,152,73,123
1,<environment.Job instance at 0x7f4b3ffc4140>,71,16,[5 7],72,150,166,78,137
1,<environment.Job instance at 0x7f4b3ffc4280>,74,17,[1 7],75,152,169,77,140
1,<environment.Job instance at 0x7f4b370d5b40>,82,19,[10  5],83,166,185,83,156
1,<environment.Job instance at 0x7f4b370d5140>,83,14,[3 8],84,169,183,85,156
1,<environment.Job instance at 0x7f4b371c55f0>,114,15,[8 4],115,185,200,70,171
1,<environment.Job instance at 0x7f4b371c5e10>,120,21,[10  4],121,200,221,79,192
1,<environment.Job instance at 0x7f4b374ef3c0>,2,20,[3 9],3,3,23,0,3
1,<environment.Job instance at 0x7f4b36d0f4b0>,13,16,[8 2],14,14,30,0,14
1,<environment.Job instance at 0x7f4b36f5db90>,22,13,[6 4],23,24,37,1,24
1,<environment.Job instance at 0x7f4b36ac5b40>,23,13,[12  4],24,37,50,13,25
1,<environment.Job instance at 0x7f4b35f66550>,33,15,[6 4],34,50,65,16,37
1,<environment.Job instance at 0x7f4b3748c5f0>,25,18,[8 1],26,50,68,24,39
1,<environment.Job instance at 0x7f4b35f7cc30>,36,19,[5 1],37,65,84,28,55
1,<environment.Job instance at 0x7f4b35f66370>,35,19,[7 2],36,68,87,32,62
1,<environment.Job instance at 0x7f4b374d4640>,49,12,[6 4],50,84,96,34,67
1,<environment.Job instance at 0x7f4b36843a00>,52,17,[5 3],53,87,104,34,75
1,<environment.Job instance at 0x7f4b373340a0>,54,14,[5 4],55,96,110,41,81
1,<environment.Job instance at 0x7f4b3762c870>,56,18,[6 2],57,104,122,47,93
1,<environment.Job instance at 0x7f4b36097c30>,57,15,[4 5],58,93,108,35,93
1,<environment.Job instance at 0x7f4b3601ac80>,60,18,[1 7],61,108,126,47,100
1,<environment.Job instance at 0x7f4b35f7cfa0>,37,18,[11  2],38,122,140,84,111
1,<environment.Job instance at 0x7f4b3fb91d20>,64,16,[13  1],65,140,156,75,127
1,<environment.Job instance at 0x7f4b36cc0dc0>,113,15,[7 3],114,156,171,42,142
1,<environment.Job instance at 0x7f4b36cc0a00>,120,18,[4 5],121,156,174,35,148
1,<environment.Job instance at 0x7f4b36d0fd20>,15,28,[5 8],16,8089,8117,8073,8089
1,<environment.Job instance at 0x7f4b36dc84b0>,12,16,[13  1],13,8117,8133,8104,8110
1,<environment.Job instance at 0x7f4b36d02690>,0,26,[13  2],1,8177,8203,8176,8177
1,<environment.Job instance at 0x7f4b3698b690>,1,14,[3 8],2,2,16,0,2
1,<environment.Job instance at 0x7f4b35d60b40>,4,18,[8 5],5,5,23,0,5
1,<environment.Job instance at 0x7f4b37006dc0>,8,13,[1 5],9,16,29,7,9
1,<environment.Job instance at 0x7f4b37006370>,9,15,[6 4],10,16,31,6,10
1,<environment.Job instance at 0x7f4b37006b40>,11,16,[5 3],12,23,39,11,14
1,<environment.Job instance at 0x7f4b35d46370>,16,18,[5 7],17,31,49,14,20
1,<environment.Job instance at 0x7f4b35d46410>,17,20,[2 6],18,39,59,21,30
1,<environment.Job instance at 0x7f4b37100c80>,24,15,[1 8],25,49,64,24,35
1,<environment.Job instance at 0x7f4b3736a190>,27,15,[10  2],28,59,74,31,45
1,<environment.Job instance at 0x7f4b3fb595a0>,33,15,[6 2],34,74,89,40,60
1,<environment.Job instance at 0x7f4b35f5c1e0>,34,18,[6 1],35,74,92,39,63
1,<environment.Job instance at 0x7f4b3fb59640>,36,17,[9 3],37,89,106,52,78
1,<environment.Job instance at 0x7f4b371d7190>,37,12,[6 1],38,92,104,54,79
1,<environment.Job instance at 0x7f4b371d72d0>,40,18,[6 4],41,104,122,63,93
1,<environment.Job instance at 0x7f4b37407aa0>,43,17,[6 1],44,106,123,62,94
1,<environment.Job instance at 0x7f4b368fc320>,45,15,[3 5],46,106,121,60,94
1,<environment.Job instance at 0x7f4b368fc730>,47,15,[3 9],48,121,136,73,107
1,<environment.Job instance at 0x7f4b35f71140>,50,13,[4 6],51,123,136,72,107
1,<environment.Job instance at 0x7f4b373fb4b0>,51,14,[1 8],52,136,150,84,121
1,<environment.Job instance at 0x7f4b37006910>,12,19,[9 1],13,136,155,123,126
1,<environment.Job instance at 0x7f4b35f7f140>,56,18,[ 4 10],57,150,168,93,139
1,<environment.Job instance at 0x7f4b35f7f960>,58,19,[8 2],59,155,174,96,145
1,<environment.Job instance at 0x7f4b35f7f9b0>,59,16,[ 1 10],60,168,184,108,155
1,<environment.Job instance at 0x7f4b35f7feb0>,62,20,[9 5],63,174,194,111,165
1,<environment.Job instance at 0x7f4b35f57c30>,71,13,[7 3],72,194,207,122,178
1,<environment.Job instance at 0x7f4b36b7fd70>,72,21,[5 5],73,184,205,111,178
1,<environment.Job instance at 0x7f4b36b7f0f0>,74,12,[6 2],75,205,217,130,188
1,<environment.Job instance at 0x7f4b36b7ff00>,75,14,[6 3],76,207,221,131,192
1,<environment.Job instance at 0x7f4b36b6f280>,79,13,[10  1],80,221,234,141,205
1,<environment.Job instance at 0x7f4b36b6f2d0>,80,19,[5 5],81,217,236,136,207
1,<environment.Job instance at 0x7f4b36b6f460>,81,19,[ 1 10],82,234,253,152,224
1,<environment.Job instance at 0x7f4b36b6f5a0>,83,15,[ 5 10],84,253,268,169,239
1,<environment.Job instance at 0x7f4b36b6f780>,86,17,[8 5],87,239,256,152,239
1,<environment.Job instance at 0x7f4b36b6f8c0>,88,13,[2 8],89,268,281,179,252
1,<environment.Job instance at 0x7f4b36b6faa0>,91,23,[5 2],92,256,279,164,252
1,<environment.Job instance at 0x7f4b36b6f230>,94,23,[5 5],95,268,291,173,262
1,<environment.Job instance at 0x7f4b36b710a0>,101,17,[2 8],102,281,298,179,269
1,<environment.Job instance at 0x7f4b36b713c0>,103,18,[6 3],104,291,309,187,280
1,<environment.Job instance at 0x7f4b36b718c0>,110,13,[6 2],111,281,294,170,281
1,<environment.Job instance at 0x7f4b36b71cd0>,117,19,[5 3],118,294,313,176,284
1,<environment.Job instance at 0x7f4b35f7f910>,57,20,[ 1 11],58,309,329,251,300
1,<environment.Job instance at 0x7f4b36b71e10>,119,15,[6 3],120,313,328,193,300
1,<environment.Job instance at 0x7f4b36b71550>,122,16,[8 3],123,328,344,205,318
1,<environment.Job instance at 0x7f4b36b5c280>,124,16,[4 8],125,329,345,204,318
1,<environment.Job instance at 0x7f4b36b5c230>,127,12,[1 9],128,345,357,217,328
1,<environment.Job instance at 0x7f4b36b5c550>,128,16,[9 4],129,344,360,215,331
1,<environment.Job instance at 0x7f4b36b71eb0>,120,21,[ 1 10],121,357,378,236,354
1,<environment.Job instance at 0x7f4b37006550>,10,16,[14  3],11,360,376,349,354
1,<environment.Job instance at 0x7f4b37006be0>,13,16,[13  5],14,376,392,362,366
1,<environment.Job instance at 0x7f45fe61e230>,0,17,[6 1],1,1,18,0,1
1,<environment.Job instance at 0x7f45fe61e320>,2,20,[7 4],3,3,23,0,3
1,<environment.Job instance at 0x7f45f5032f50>,10,15,[5 1],11,18,33,7,11
1,<environment.Job instance at 0x7f45f5035050>,11,15,[6 1],12,23,38,11,12
1,<environment.Job instance at 0x7f45f50357d0>,22,13,[7 4],23,33,46,10,23
1,<environment.Job instance at 0x7f45f50359b0>,24,20,[4 6],25,38,58,13,29
1,<environment.Job instance at 0x7f45f5035a50>,26,12,[8 5],27,46,58,19,29
1,<environment.Job instance at 0x7f45f5035f00>,32,17,[9 3],33,58,75,25,46
1,<environment.Job instance at 0x7f45f5038190>,35,16,[1 9],36,58,74,22,46
1,<environment.Job instance at 0x7f45f5038230>,36,20,[7 5],37,75,95,38,66
1,<environment.Job instance at 0x7f45f5038410>,39,18,[9 4],40,95,113,55,84
1,<environment.Job instance at 0x7f45f5038690>,43,16,[1 8],44,88,104,44,88
1,<environment.Job instance at 0x7f45f5038910>,46,14,[6 5],47,104,118,57,89
1,<environment.Job instance at 0x7f45f5038960>,49,13,[1 5],50,113,126,63,97
1,<environment.Job instance at 0x7f45f5038b90>,51,13,[5 6],52,118,131,66,102
1,<environment.Job instance at 0x7f45f5038cd0>,53,17,[7 4],54,113,130,59,102
1,<environment.Job instance at 0x7f45f5038d70>,54,13,[7 3],55,130,143,75,114
1,<environment.Job instance at 0x7f45f5038f00>,56,21,[8 4],57,131,152,74,123
1,<environment.Job instance at 0x7f45f503b050>,59,19,[1 7],60,143,162,83,133
1,<environment.Job instance at 0x7f45f503b370>,63,12,[5 3],64,143,155,79,133
1,<environment.Job instance at 0x7f45f503b5a0>,67,18,[9 4],68,152,170,84,141
1,<environment.Job instance at 0x7f45f503b960>,70,15,[8 4],71,170,185,99,156
1,<environment.Job instance at 0x7f45f503b640>,71,14,[4 9],72,162,176,90,156
1,<environment.Job instance at 0x7f45f503bb40>,73,18,[3 5],74,176,194,102,165
1,<environment.Job instance at 0x7f45f503bbe0>,74,19,[3 8],75,185,204,110,175
1,<environment.Job instance at 0x7f45f503ba50>,75,17,[7 1],76,185,202,109,175
1,<environment.Job instance at 0x7f45f503bd20>,76,14,[10  4],77,202,216,125,187
1,<environment.Job instance at 0x7f45f503be60>,78,16,[8 1],79,216,232,137,203
1,<environment.Job instance at 0x7f45f503b6e0>,81,19,[5 5],82,204,223,122,203
1,<environment.Job instance at 0x7f45f503bf50>,82,14,[8 5],83,232,246,149,217
1,<environment.Job instance at 0x7f45f503e1e0>,83,21,[4 8],84,223,244,139,217
1,<environment.Job instance at 0x7f45f503eb90>,96,16,[8 4],97,246,262,149,233
1,<environment.Job instance at 0x7f45f503ed20>,97,18,[2 6],98,244,262,146,233
1,<environment.Job instance at 0x7f45f50402d0>,104,16,[1 9],105,262,278,157,249
1,<environment.Job instance at 0x7f45f5040410>,106,16,[7 5],107,262,278,155,249
1,<environment.Job instance at 0x7f45f5040af0>,116,17,[5 5],117,278,295,161,266
1,<environment.Job instance at 0x7f45f5040c30>,118,15,[ 4 10],119,278,293,159,266
1,<environment.Job instance at 0x7f45f5040cd0>,119,20,[4 9],120,293,313,173,284
1,<environment.Job instance at 0x7f45f5040eb0>,122,18,[7 4],123,295,313,172,284
1,<environment.Job instance at 0x7f45f513ae10>,138,14,[6 5],139,313,327,174,298
1,<environment.Job instance at 0x7f45f5035500>,17,19,[12  4],18,1271,1290,1253,1271
1,<environment.Job instance at 0x7f45fe61e1e0>,1,24,[10  1],2,1290,1314,1288,1285
1,<environment.Job instance at 0x7f45f4fcd8c0>,1,13,[1 8],2,2,15,0,2
1,<environment.Job instance at 0x7f45f477f2d0>,0,24,[6 5],1,5,29,4,5
1,<environment.Job instance at 0x7f45fe61e1e0>,5,26,[7 2],6,10,36,4,10
1,<environment.Job instance at 0x7f45f4774eb0>,12,12,[1 5],13,15,27,2,13
1,<environment.Job instance at 0x7f45f47745f0>,15,17,[5 8],16,29,46,13,17
1,<environment.Job instance at 0x7f45f4779910>,22,19,[2 5],23,27,46,4,23
1,<environment.Job instance at 0x7f45f48b5190>,28,14,[6 3],29,46,60,17,31
1,<environment.Job instance at 0x7f45f48b5050>,31,14,[ 5 10],32,46,60,14,32
1,<environment.Job instance at 0x7f45f485f410>,39,16,[8 4],40,60,76,20,47
1,<environment.Job instance at 0x7f4619af14b0>,46,17,[9 2],47,76,93,29,64
1,<environment.Job instance at 0x7f45f45fba00>,52,20,[7 5],53,93,113,40,84
1,<environment.Job instance at 0x7f45f45d0fa0>,53,15,[9 5],54,113,128,59,99
1,<environment.Job instance at 0x7f45f47428c0>,64,18,[5 4],65,108,126,43,108
1,<environment.Job instance at 0x7f45f477fbe0>,86,15,[8 5],87,128,143,41,114
1,<environment.Job instance at 0x7f45f45cf640>,90,19,[4 7],91,126,145,35,117
1,<environment.Job instance at 0x7f45f45cf460>,97,16,[8 4],98,143,159,45,130
1,<environment.Job instance at 0x7f45f45cb690>,113,16,[5 8],114,145,161,31,132
1,<environment.Job instance at 0x7f45f45cd820>,131,16,[6 3],132,159,175,27,146
1,<environment.Job instance at 0x7f45f45cef00>,135,13,[8 3],136,161,174,25,146
1,<environment.Job instance at 0x7f45f47804b0>,8,13,[10  5],9,175,188,166,160
1,<environment.Job instance at 0x7f45f45cea00>,137,20,[5 8],138,174,194,36,167
1,<environment.Job instance at 0x7f45f45cedc0>,2,15,[5 8],3,3,18,0,3
1,<environment.Job instance at 0x7f45f47826e0>,4,15,[11  2],5,18,33,13,5
1,<environment.Job instance at 0x7f45f4782780>,5,23,[3 6],6,6,29,0,6
1,<environment.Job instance at 0x7f45f4782a00>,10,13,[8 4],11,33,46,22,17
1,<environment.Job instance at 0x7f45f4782be0>,18,12,[5 8],19,33,45,14,19
1,<environment.Job instance at 0x7f45f4782460>,20,12,[5 5],21,45,57,24,28
1,<environment.Job instance at 0x7f45f4782d70>,23,18,[9 5],24,46,64,22,38
1,<environment.Job instance at 0x7f45f47820f0>,11,14,[12  2],12,64,78,52,49
1,<environment.Job instance at 0x7f45f47825f0>,24,18,[1 7],25,57,75,32,52
1,<environment.Job instance at 0x7f45f4635e10>,34,12,[4 7],35,78,90,43,63
1,<environment.Job instance at 0x7f45f4635050>,40,14,[3 7],41,75,89,34,70
1,<environment.Job instance at 0x7f45f4782730>,12,26,[ 4 12],13,90,116,77,87
1,<environment.Job instance at 0x7f45f4632b90>,25,14,[ 3 14],26,116,130,90,102
1,<environment.Job instance at 0x7f45f46358c0>,46,27,[ 4 13],47,130,157,83,128
1,<environment.Job instance at 0x7f45f4635280>,48,12,[13  4],49,157,169,108,140
1,<environment.Job instance at 0x7f45f46b52d0>,49,12,[ 5 12],50,169,181,119,152
1,<environment.Job instance at 0x7f45f47827d0>,6,17,[ 5 10],7,181,198,174,170
1,<environment.Job instance at 0x7f45f46b5960>,50,28,[7 4],51,190,218,139,190
1,<environment.Job instance at 0x7f45f46b5c80>,52,13,[2 9],53,198,211,145,192
1,<environment.Job instance at 0x7f45f4635a50>,45,20,[5 8],46,211,231,165,202
1,<environment.Job instance at 0x7f45f46b5be0>,54,12,[2 7],55,218,230,163,202
1,<environment.Job instance at 0x7f45f46b55a0>,53,20,[4 9],54,231,251,177,222
1,<environment.Job instance at 0x7f45f46b5640>,51,27,[4 6],52,230,257,178,228
1,<environment.Job instance at 0x7f45f46b5af0>,59,26,[14  1],60,257,283,197,254
1,<environment.Job instance at 0x7f45f46b5320>,61,26,[6 2],62,283,309,221,280
1,<environment.Job instance at 0x7f45f46b5140>,62,23,[5 8],63,283,306,220,283
1,<environment.Job instance at 0x7f45f46b5e10>,63,17,[5 9],64,306,323,242,296
1,<environment.Job instance at 0x7f45f46b5410>,64,17,[7 1],65,309,326,244,297
1,<environment.Job instance at 0x7f45f46b5dc0>,65,21,[ 4 14],66,323,344,257,316
1,<environment.Job instance at 0x7f45f46b5eb0>,66,28,[5 6],67,344,372,277,343
1,<environment.Job instance at 0x7f45f46b56e0>,56,21,[10  5],57,353,374,296,353
1,<environment.Job instance at 0x7f45f4604780>,78,14,[3 6],79,372,386,293,357
1,<environment.Job instance at 0x7f45f4604d70>,79,12,[6 4],80,374,386,294,357
1,<environment.Job instance at 0x7f45f4604050>,86,21,[ 5 10],87,386,407,299,382
1,<environment.Job instance at 0x7f45f4604230>,88,16,[5 2],89,386,402,297,386
1,<environment.Job instance at 0x7f45f4604d20>,89,22,[2 5],90,402,424,312,395
1,<environment.Job instance at 0x7f45f4783140>,95,13,[5 5],96,407,420,311,396
1,<environment.Job instance at 0x7f45f4634140>,0,20,[11  2],1,420,440,419,411
1,<environment.Job instance at 0x7f45f4783a00>,97,25,[4 9],98,424,449,326,420
1,<environment.Job instance at 0x7f45f4783f50>,96,20,[7 1],97,440,460,343,432
1,<environment.Job instance at 0x7f45f47832d0>,101,20,[5 5],102,449,469,347,440
1,<environment.Job instance at 0x7f45f4783780>,105,17,[7 4],106,460,477,354,448
1,<environment.Job instance at 0x7f45f4783690>,107,19,[3 8],108,469,488,361,460
1,<environment.Job instance at 0x7f45f4783af0>,109,13,[1 7],110,477,490,367,470
1,<environment.Job instance at 0x7f45f4783460>,112,18,[10  5],113,488,506,375,478
1,<environment.Job instance at 0x7f45f46bb730>,119,16,[4 5],120,490,506,370,481
1,<environment.Job instance at 0x7f45f46bbb40>,122,14,[4 5],123,506,520,383,491
1,<environment.Job instance at 0x7f45f46bbdc0>,125,13,[5 6],126,506,519,380,491
1,<environment.Job instance at 0x7f45f46bb460>,130,20,[4 9],131,519,539,388,510
1,<environment.Job instance at 0x7f45f4783500>,98,26,[6 1],99,510,536,411,510
1,<environment.Job instance at 0x7f45f462be60>,136,13,[ 3 14],137,539,552,402,523
1,<environment.Job instance at 0x7f45f462bb40>,138,18,[5 5],139,552,570,413,541
1,<environment.Job instance at 0x7f45f462baa0>,137,24,[ 4 14],138,570,594,432,565
1,<environment.Job instance at 0x7f45f53ca0f0>,6,23,[2 8],7,7,30,0,7
1,<environment.Job instance at 0x7f45f53cacd0>,8,19,[13  3],9,10,29,1,10
1,<environment.Job instance at 0x7f45f4ad8370>,11,12,[7 5],12,29,41,17,12
1,<environment.Job instance at 0x7f45f53cac80>,9,13,[6 2],10,29,42,19,13
1,<environment.Job instance at 0x7f45f4ad8690>,14,15,[2 6],15,30,45,15,19
1,<environment.Job instance at 0x7f45f4ad88c0>,20,19,[3 6],21,41,60,20,31
1,<environment.Job instance at 0x7f45f4ad8050>,15,17,[10  4],16,45,62,29,33
1,<environment.Job instance at 0x7f45f4ad8320>,22,18,[ 2 13],23,62,80,39,51
1,<environment.Job instance at 0x7f45f4cc36e0>,23,14,[14  2],24,80,94,56,65
1,<environment.Job instance at 0x7f45f4cc3e10>,24,27,[ 1 12],25,80,107,55,78
1,<environment.Job instance at 0x7f45f4cc38c0>,25,15,[13  4],26,107,122,81,93
1,<environment.Job instance at 0x7f45f4ad8d70>,12,20,[10  2],13,122,142,109,114
1,<environment.Job instance at 0x7f45f4cc3500>,27,15,[4 9],28,122,137,94,114
1,<environment.Job instance at 0x7f45f4cc30a0>,28,16,[12  5],29,142,158,113,129
1,<environment.Job instance at 0x7f45f4cc35a0>,29,12,[4 6],30,158,170,128,141
1,<environment.Job instance at 0x7f45f4ad8550>,16,19,[6 5],17,158,177,141,148
1,<environment.Job instance at 0x7f45f4cc3b90>,32,19,[7 3],33,170,189,137,163
1,<environment.Job instance at 0x7f45f4cc3960>,35,18,[5 5],36,177,195,141,166
1,<environment.Job instance at 0x7f45f4cc3690>,36,15,[2 6],37,170,185,133,166
1,<environment.Job instance at 0x7f45f4cc3730>,37,14,[8 4],38,189,203,151,174
1,<environment.Job instance at 0x7f45f4cc3dc0>,40,15,[5 2],41,195,210,154,181
1,<environment.Job instance at 0x7f45f552a5a0>,42,13,[10  4],43,203,216,160,191
1,<environment.Job instance at 0x7f45f552ab40>,43,20,[4 7],44,210,230,166,202
1,<environment.Job instance at 0x7f45f4cc3c30>,33,26,[10  3],34,216,242,182,214
1,<environment.Job instance at 0x7f45f552a4b0>,45,12,[12  2],46,242,254,196,225
1,<environment.Job instance at 0x7f45f552a2d0>,46,12,[14  2],47,254,266,207,237
1,<environment.Job instance at 0x7f45f552aaa0>,47,15,[ 4 10],48,266,281,218,252
1,<environment.Job instance at 0x7f45f552af00>,48,13,[14  5],49,281,294,232,265
1,<environment.Job instance at 0x7f45f552a410>,49,25,[13  3],50,294,319,244,290
1,<environment.Job instance at 0x7f45f552a8c0>,50,14,[ 1 14],51,319,333,268,304
1,<environment.Job instance at 0x7f45f552af50>,51,14,[5 3],52,333,347,281,318
1,<environment.Job instance at 0x7f45f552aaf0>,52,12,[ 2 13],53,347,359,294,330
1,<environment.Job instance at 0x7f45f552a190>,53,22,[13  3],54,359,381,305,352
1,<environment.Job instance at 0x7f45f552a870>,54,20,[7 5],55,381,401,326,372
1,<environment.Job instance at 0x7f45f552ad70>,55,21,[4 8],56,381,402,325,373
1,<environment.Job instance at 0x7f45f552a0f0>,56,17,[5 4],57,401,418,344,389
1,<environment.Job instance at 0x7f45f552a230>,57,20,[8 5],58,402,422,344,393
1,<environment.Job instance at 0x7f45f552a7d0>,58,18,[11  4],59,422,440,363,411
1,<environment.Job instance at 0x7f45f4cc3870>,30,23,[3 9],31,418,441,387,413
1,<environment.Job instance at 0x7f45f54b6280>,60,18,[11  2],61,440,458,379,434
1,<environment.Job instance at 0x7f45f54b6780>,62,24,[14  5],63,458,482,395,453
1,<environment.Job instance at 0x7f45f54b60a0>,69,12,[5 5],70,482,494,412,465
1,<environment.Job instance at 0x7f45f54b6b90>,71,17,[5 4],72,482,499,410,470
1,<environment.Job instance at 0x7f45f54b6af0>,74,16,[4 6],75,485,501,410,485
1,<environment.Job instance at 0x7f45fe791f00>,76,16,[7 2],77,499,515,422,486
1,<environment.Job instance at 0x7f45fe791410>,78,23,[6 4],79,501,524,422,495
1,<environment.Job instance at 0x7f45fe791820>,80,15,[3 5],81,515,530,434,501
1,<environment.Job instance at 0x7f45fe791320>,81,27,[5 5],82,515,542,433,513
1,<environment.Job instance at 0x7f45fe791aa0>,82,17,[5 5],83,524,541,441,513
1,<environment.Job instance at 0x7f45fe791870>,83,25,[5 5],84,530,555,446,526
1,<environment.Job instance at 0x7f45fe791730>,84,26,[12  3],85,555,581,470,552
1,<environment.Job instance at 0x7f45f554a7d0>,94,13,[5 5],95,581,594,486,565
1,<environment.Job instance at 0x7f45f554a8c0>,96,18,[6 3],97,581,599,484,574
1,<environment.Job instance at 0x7f45f53e3be0>,97,16,[9 4],98,594,610,496,581
1,<environment.Job instance at 0x7f45f53e3140>,100,14,[9 5],101,610,624,509,595
1,<environment.Job instance at 0x7f45f53e3a50>,103,19,[7 5],104,624,643,520,614
1,<environment.Job instance at 0x7f45f53e3410>,106,21,[8 4],107,624,645,517,617
1,<environment.Job instance at 0x7f45f53e3af0>,108,15,[1 7],109,643,658,534,629
1,<environment.Job instance at 0x7f45f53e3690>,109,14,[7 2],110,645,659,535,630
1,<environment.Job instance at 0x7f45f53e3370>,113,13,[1 6],114,645,658,531,631
1,<environment.Job instance at 0x7f45f53e35f0>,115,15,[1 6],116,658,673,542,644
1,<environment.Job instance at 0x7f45f53e38c0>,116,13,[5 2],117,658,671,541,644
1,<environment.Job instance at 0x7f45f53e36e0>,117,16,[ 2 10],118,673,689,555,660
1,<environment.Job instance at 0x7f45f5474d20>,122,18,[2 5],123,660,678,537,660
1,<environment.Job instance at 0x7f45f5474a00>,125,19,[5 7],126,689,708,563,679
1,<environment.Job instance at 0x7f45f5474fa0>,130,15,[2 7],131,689,704,558,679
1,<environment.Job instance at 0x7f45f508bb40>,131,16,[6 1],132,679,695,547,679
1,<environment.Job instance at 0x7f45f506e410>,133,14,[10  3],134,704,718,570,689
1,<environment.Job instance at 0x7f45f508b370>,134,18,[4 7],135,708,726,573,697
1,<environment.Job instance at 0x7f45f50056e0>,138,21,[5 6],139,718,739,579,710
1,<environment.Job instance at 0x7f45f554aa50>,85,20,[14  4],86,2145,2165,2059,2145
1,<environment.Job instance at 0x7f45f53ca1e0>,0,27,[9 5],1,2507,2534,2506,2507
1,<environment.Job instance at 0x7f45f4cc33c0>,26,24,[ 4 14],27,2535,2559,2508,2535
1,<environment.Job instance at 0x7f45f56e8f50>,0,13,[4 5],1,1,14,0,1
1,<environment.Job instance at 0x7f45f4a760a0>,3,18,[4 9],4,10,28,6,10
1,<environment.Job instance at 0x7f45f5468050>,4,27,[12  1],5,28,55,23,26
1,<environment.Job instance at 0x7f45f4cc33c0>,2,16,[1 5],3,30,46,27,30
1,<environment.Job instance at 0x7f45f5481820>,20,18,[7 5],21,55,73,34,46
1,<environment.Job instance at 0x7f45f56e8cd0>,1,22,[ 4 12],2,73,95,71,66
1,<environment.Job instance at 0x7f45f4d0c1e0>,26,24,[8 2],27,66,90,39,66
1,<environment.Job instance at 0x7f45f4d0c3c0>,27,16,[2 8],28,95,111,67,82
1,<environment.Job instance at 0x7f45f5498410>,28,12,[11  1],29,90,102,61,82
1,<environment.Job instance at 0x7f45f4d0c320>,29,17,[11  3],30,102,119,72,97
1,<environment.Job instance at 0x7f45f49ad1e0>,30,16,[12  1],31,119,135,88,106
1,<environment.Job instance at 0x7f45f473ba50>,31,15,[ 4 13],32,135,150,103,121
1,<environment.Job instance at 0x7f45f547c690>,97,15,[13  3],98,150,165,52,136
1,<environment.Job instance at 0x7f45f4d2a2d0>,107,15,[ 5 12],108,165,180,57,152
1,<environment.Job instance at 0x7f45f4d2a7d0>,112,16,[5 4],113,180,196,67,167
1,<environment.Job instance at 0x7f45f4d2a870>,113,17,[ 4 12],114,196,213,82,184
1,<environment.Job instance at 0x7f45f4d2a9b0>,115,14,[ 5 13],116,213,227,97,198
1,<environment.Job instance at 0x7f45f547cc80>,96,14,[13  4],97,227,241,130,213
1,<environment.Job instance at 0x7f45f4d2aa50>,116,17,[3 5],117,241,258,124,239
1,<environment.Job instance at 0x7f45f5b58320>,9,27,[5 1],10,241,268,231,239
1,<environment.Job instance at 0x7f45f4d2ab90>,118,14,[6 5],119,248,262,129,248
1,<environment.Job instance at 0x7f45f4d2a910>,114,21,[3 7],115,258,279,143,250
1,<environment.Job instance at 0x7f45f4d3f1e0>,127,15,[4 7],128,262,277,134,250
1,<environment.Job instance at 0x7f45f4d3f230>,128,12,[1 7],129,277,289,148,260
1,<environment.Job instance at 0x7f45f4d3f2d0>,129,17,[8 4],130,279,296,149,268
1,<environment.Job instance at 0x7f45f4d3f370>,130,16,[1 7],131,289,305,158,276
1,<environment.Job instance at 0x7f45f4d3f550>,133,21,[8 3],134,296,317,162,294
1,<environment.Job instance at 0x7f45f4d3f820>,136,20,[3 6],137,305,325,168,296
1,<environment.Job instance at 0x7f45f4d2ac30>,119,21,[ 4 14],120,372,393,252,372
1,<environment.Job instance at 0x7f45f4d2acd0>,120,23,[3 9],121,393,416,272,389
1,<environment.Job instance at 0x7f45f54989b0>,25,26,[13  3],26,416,442,390,413
1,<environment.Job instance at 0x7f45f4d092d0>,0,15,[5 5],1,1,16,0,1
1,<environment.Job instance at 0x7f45f54989b0>,2,24,[6 3],3,3,27,0,3
1,<environment.Job instance at 0x7f45f4a5a410>,5,18,[6 4],6,16,34,10,6
1,<environment.Job instance at 0x7f45f4a5acd0>,11,13,[5 6],12,27,40,15,12
1,<environment.Job instance at 0x7f45f4a5a190>,14,19,[1 6],15,34,53,19,24
1,<environment.Job instance at 0x7f45f4a5a0f0>,16,12,[12  5],17,40,52,23,25
1,<environment.Job instance at 0x7f45f4a5a820>,21,17,[2 7],22,52,69,30,40
1,<environment.Job instance at 0x7f45f5b58f00>,30,14,[9 2],31,52,66,21,40
1,<environment.Job instance at 0x7f45f549af50>,34,22,[5 4],35,66,88,31,59
1,<environment.Job instance at 0x7f45f549a050>,37,16,[5 2],38,66,82,28,59
1,<environment.Job instance at 0x7f45f549a0f0>,38,12,[6 4],39,82,94,43,65
1,<environment.Job instance at 0x7f45f5b4ca50>,40,13,[1 8],41,69,82,28,65
1,<environment.Job instance at 0x7f45f5b4ce10>,44,18,[5 8],45,88,106,43,77
1,<environment.Job instance at 0x7f45f5b4cbe0>,47,20,[5 7],48,94,114,46,86
1,<environment.Job instance at 0x7f45f5b4c410>,48,12,[10  4],49,106,118,57,89
1,<environment.Job instance at 0x7f45f4a5aeb0>,19,13,[5 8],20,114,127,94,111
1,<environment.Job instance at 0x7f45f49a6a50>,55,22,[6 2],56,118,140,62,111
1,<environment.Job instance at 0x7f45f49a6af0>,59,15,[9 2],60,127,142,67,113
1,<environment.Job instance at 0x7f45f49a6910>,61,14,[5 7],62,140,154,78,125
1,<environment.Job instance at 0x7f45f49a6050>,63,16,[6 2],64,142,158,78,129
1,<environment.Job instance at 0x7f45f49a63c0>,67,14,[2 9],68,154,168,86,139
1,<environment.Job instance at 0x7f45f5492be0>,74,13,[4 5],75,158,171,83,142
1,<environment.Job instance at 0x7f45f5492e60>,75,20,[3 7],76,168,188,92,159
1,<environment.Job instance at 0x7f45f5492c30>,77,17,[8 3],78,168,185,90,159
1,<environment.Job instance at 0x7f45f4a5adc0>,15,17,[11  2],16,185,202,169,173
1,<environment.Job instance at 0x7f45f54926e0>,78,22,[2 8],79,188,210,109,181
1,<environment.Job instance at 0x7f45f54925a0>,84,16,[1 6],85,202,218,117,189
1,<environment.Job instance at 0x7f45f54625f0>,88,14,[5 2],89,210,224,121,195
1,<environment.Job instance at 0x7f45f54623c0>,91,15,[6 3],92,210,225,118,196
1,<environment.Job instance at 0x7f45f54628c0>,92,16,[9 3],93,224,240,131,211
1,<environment.Job instance at 0x7f45f54624b0>,95,22,[5 5],96,225,247,129,218
1,<environment.Job instance at 0x7f45f546c460>,101,15,[5 4],102,240,255,138,226
1,<environment.Job instance at 0x7f45f546ca00>,106,14,[7 3],107,247,261,140,232
1,<environment.Job instance at 0x7f45f5479960>,115,12,[5 5],116,255,267,139,238
1,<environment.Job instance at 0x7f45f54793c0>,117,19,[1 8],118,261,280,143,251
1,<environment.Job instance at 0x7f45f5479730>,118,20,[7 4],119,267,287,148,258
1,<environment.Job instance at 0x7f45f54795f0>,119,17,[8 3],120,280,297,160,268
1,<environment.Job instance at 0x7f45f5479550>,121,14,[8 3],122,297,311,175,282
1,<environment.Job instance at 0x7f45f5479050>,122,13,[10  5],123,311,324,188,295
1,<environment.Job instance at 0x7f45f5026dc0>,132,19,[3 6],133,295,314,162,295
1,<environment.Job instance at 0x7f45f4d0c0a0>,1,18,[ 1 12],2,356,374,354,356
1,<environment.Job instance at 0x7f45f54924b0>,79,18,[2 7],80,949,967,869,949
1,<environment.Job instance at 0x7f45f4a5a910>,3,16,[13  4],4,973,989,969,973
1,<environment.Job instance at 0x7f45f49aee10>,6,20,[2 9],7,7,27,0,7
1,<environment.Job instance at 0x7f45f4fe65f0>,14,20,[5 3],15,15,35,0,15
1,<environment.Job instance at 0x7f45f49accd0>,20,16,[6 3],21,21,37,0,21
1,<environment.Job instance at 0x7f45f49ac910>,21,14,[11  5],22,37,51,15,22
1,<environment.Job instance at 0x7f45f49ac820>,23,23,[1 6],24,27,50,3,24
1,<environment.Job instance at 0x7f45f49959b0>,30,14,[5 1],31,51,65,20,36
1,<environment.Job instance at 0x7f45f490d9b0>,31,20,[3 8],32,50,70,18,44
1,<environment.Job instance at 0x7f45f4993640>,25,12,[10  2],26,65,77,39,56
1,<environment.Job instance at 0x7f45f490d140>,29,16,[13  1],30,77,93,47,64
1,<environment.Job instance at 0x7f45f4987690>,37,12,[14  2],38,93,105,55,76
1,<environment.Job instance at 0x7f45f4a4ae10>,41,16,[3 9],42,105,121,63,93
1,<environment.Job instance at 0x7f45f57a5870>,38,23,[5 5],39,105,128,66,99
1,<environment.Job instance at 0x7f45f57a7e60>,47,16,[8 3],48,121,137,73,110
1,<environment.Job instance at 0x7f45f4ab9190>,46,16,[1 8],47,128,144,81,117
1,<environment.Job instance at 0x7f45f57a4320>,56,12,[2 5],57,137,149,80,120
1,<environment.Job instance at 0x7f45f4ab5b40>,48,16,[11  2],49,137,153,88,124
1,<environment.Job instance at 0x7f45f57a4370>,58,12,[9 1],59,153,165,94,136
1,<environment.Job instance at 0x7f45f57a4500>,59,24,[6 2],60,153,177,93,148
1,<environment.Job instance at 0x7f45f57a4cd0>,64,14,[4 8],65,165,179,100,159
1,<environment.Job instance at 0x7f45f57a44b0>,68,13,[4 5],69,165,178,96,159
1,<environment.Job instance at 0x7f45f57a4eb0>,71,14,[10  4],72,178,192,106,163
1,<environment.Job instance at 0x7f45f4a44190>,33,13,[13  5],34,192,205,158,179
1,<environment.Job instance at 0x7f45f5782f00>,74,27,[1 9],75,180,207,105,180
1,<environment.Job instance at 0x7f45f57825a0>,73,20,[8 4],74,205,225,131,197
1,<environment.Job instance at 0x7f45f5777cd0>,78,19,[6 5],79,207,226,128,199
1,<environment.Job instance at 0x7f45f5777fa0>,81,15,[2 7],82,225,240,143,211
1,<environment.Job instance at 0x7f45f5777eb0>,82,17,[3 5],83,226,243,143,214
1,<environment.Job instance at 0x7f45f577f640>,91,21,[2 9],92,240,261,148,234
1,<environment.Job instance at 0x7f45f577f910>,95,14,[10  1],96,234,248,138,234
1,<environment.Job instance at 0x7f45f577f9b0>,96,12,[9 5],97,248,260,151,234
1,<environment.Job instance at 0x7f45f577fc80>,100,16,[5 4],101,260,276,159,247
1,<environment.Job instance at 0x7f45f577fa00>,101,18,[7 2],102,260,278,158,249
1,<environment.Job instance at 0x7f45f577f820>,102,12,[5 2],103,276,288,173,259
1,<environment.Job instance at 0x7f45f5777d20>,76,27,[1 6],77,261,288,184,259
1,<environment.Job instance at 0x7f45f577fe10>,104,12,[7 2],105,278,290,173,262
1,<environment.Job instance at 0x7f45f577fe60>,107,12,[7 2],108,288,300,180,271
1,<environment.Job instance at 0x7f45f577e320>,112,19,[2 5],113,290,309,177,280
1,<environment.Job instance at 0x7f45f577e690>,116,13,[8 4],117,300,313,183,285
1,<environment.Job instance at 0x7f45f577ff00>,105,25,[5 3],106,297,322,191,297
1,<environment.Job instance at 0x7f45f577e870>,117,17,[6 2],118,313,330,195,302
1,<environment.Job instance at 0x7f45f57a4dc0>,65,21,[ 4 14],66,330,351,264,322
1,<environment.Job instance at 0x7f45f577ea50>,121,14,[14  3],122,351,365,229,337
1,<environment.Job instance at 0x7f45f577eaa0>,122,16,[6 3],123,365,381,242,353
1,<environment.Job instance at 0x7f45f577e9b0>,123,12,[ 5 12],124,365,377,241,353
1,<environment.Job instance at 0x7f45f577e960>,120,19,[4 5],121,377,396,256,367
1,<environment.Job instance at 0x7f45f577ecd0>,125,16,[6 4],126,381,397,255,368
1,<environment.Job instance at 0x7f45f577ec30>,124,21,[5 4],125,377,398,252,373
1,<environment.Job instance at 0x7f45f4712d20>,0,18,[7 4],1,397,415,396,389
1,<environment.Job instance at 0x7f45f577e280>,118,16,[6 5],119,398,414,279,390
1,<environment.Job instance at 0x7f45f577ef50>,129,12,[5 4],130,414,426,284,397
1,<environment.Job instance at 0x7f45f577ee60>,128,23,[8 3],129,415,438,286,409
1,<environment.Job instance at 0x7f45f5793050>,131,13,[9 3],132,438,451,306,422
1,<environment.Job instance at 0x7f45f57930a0>,132,14,[8 4],133,451,465,318,436
1,<environment.Job instance at 0x7f45f57931e0>,133,23,[1 5],134,436,459,302,436
1,<environment.Job instance at 0x7f45f5793280>,134,18,[ 1 12],135,465,483,330,454
1,<environment.Job instance at 0x7f45f577ec80>,126,22,[7 2],127,459,481,332,456
1,<environment.Job instance at 0x7f45f5793460>,136,16,[7 5],137,483,499,346,470
1,<environment.Job instance at 0x7f45f5793410>,138,13,[7 1],139,470,483,331,470
1,<environment.Job instance at 0x7f45f5793320>,135,15,[ 3 13],136,499,514,363,485
1,<environment.Job instance at 0x7f45f57930f0>,2,18,[8 1],3,3,21,0,3
1,<environment.Job instance at 0x7f45f4f8bf50>,0,15,[9 1],1,21,36,20,11
1,<environment.Job instance at 0x7f45f4e31410>,11,13,[5 2],12,17,30,5,17
1,<environment.Job instance at 0x7f45f4e31b40>,14,18,[6 3],15,30,48,15,21
1,<environment.Job instance at 0x7f45f4f8b820>,6,20,[10  4],7,48,68,41,40
1,<environment.Job instance at 0x7f45f4e31aa0>,17,19,[ 4 10],18,40,59,22,40
1,<environment.Job instance at 0x7f45f4e31780>,18,13,[2 7],19,59,72,40,43
1,<environment.Job instance at 0x7f45f4e31e60>,19,15,[ 4 13],20,72,87,52,64
1,<environment.Job instance at 0x7f45f517cd20>,32,12,[10  4],33,87,99,54,70
1,<environment.Job instance at 0x7f45f4e31d20>,10,27,[ 3 13],11,99,126,88,97
1,<environment.Job instance at 0x7f45f517c8c0>,34,16,[2 5],35,126,142,91,113
1,<environment.Job instance at 0x7f45f517c320>,35,13,[ 5 12],36,142,155,106,126
1,<environment.Job instance at 0x7f45f517cc80>,36,22,[ 5 14],37,155,177,118,148
1,<environment.Job instance at 0x7f45f517c5f0>,31,19,[7 3],32,177,196,145,168
1,<environment.Job instance at 0x7f45f517c820>,38,15,[2 5],39,177,192,138,168
1,<environment.Job instance at 0x7f45f517ce10>,39,14,[3 7],40,179,193,139,179
1,<environment.Job instance at 0x7f45f517cb40>,33,28,[14  2],34,196,224,162,195
1,<environment.Job instance at 0x7f45f517c280>,45,15,[ 2 13],46,224,239,178,210
1,<environment.Job instance at 0x7f45f517c190>,46,18,[12  1],47,224,242,177,218
1,<environment.Job instance at 0x7f45f517cfa0>,47,17,[8 4],48,242,259,194,233
1,<environment.Job instance at 0x7f45f508bfa0>,49,14,[5 1],50,242,256,192,233
1,<environment.Job instance at 0x7f45f508b370>,50,14,[2 8],51,239,253,188,233
1,<environment.Job instance at 0x7f45f517c410>,44,17,[2 9],45,253,270,208,241
1,<environment.Job instance at 0x7f45f508bd20>,53,14,[5 2],54,256,270,202,241
1,<environment.Job instance at 0x7f45f508b9b0>,56,15,[8 1],57,259,274,202,246
1,<environment.Job instance at 0x7f45f508b6e0>,57,13,[5 1],58,270,283,212,257
1,<environment.Job instance at 0x7f45f508b140>,52,27,[11  1],53,283,310,230,281
1,<environment.Job instance at 0x7f45f508b190>,59,13,[ 5 14],60,310,323,250,294
1,<environment.Job instance at 0x7f45f508b0a0>,64,15,[5 5],65,323,338,258,309
1,<environment.Job instance at 0x7f45f4736050>,73,18,[6 4],74,323,341,249,323
1,<environment.Job instance at 0x7f45f4e319b0>,9,21,[7 5],10,338,359,328,330
1,<environment.Job instance at 0x7f45f4736230>,75,17,[14  4],76,359,376,283,350
1,<environment.Job instance at 0x7f45f47360f0>,76,14,[5 7],77,376,390,299,361
1,<environment.Job instance at 0x7f45f4736a50>,77,12,[3 8],78,376,388,298,361
1,<environment.Job instance at 0x7f45f53ff5f0>,108,14,[5 7],109,388,402,279,373
1,<environment.Job instance at 0x7f45f51761e0>,124,19,[7 5],125,390,409,265,384
1,<environment.Job instance at 0x7f45f56dca50>,127,21,[4 5],128,402,423,274,396
1,<environment.Job instance at 0x7f45f56dc4b0>,129,18,[8 2],130,409,427,279,406
1,<environment.Job instance at 0x7f45f4736140>,78,16,[ 1 13],79,423,439,344,410
1,<environment.Job instance at 0x7f45f530a140>,133,21,[13  5],134,439,460,305,432
1,<environment.Job instance at 0x7f45f56dca00>,132,21,[8 4],133,460,481,327,454
1,<environment.Job instance at 0x7f45f508bf00>,61,27,[11  5],62,481,508,419,479
1,<environment.Job instance at 0x7f45f4c423c0>,137,16,[ 5 14],138,508,524,370,495
1,<environment.Job instance at 0x7f45f4c425a0>,138,15,[7 4],139,524,539,385,510
1,<environment.Job instance at 0x7f45f49c2500>,134,23,[10  5],135,970,993,835,970
1,<environment.Job instance at 0x7f45f4387b40>,0,19,[5 2],1,1,20,0,1
1,<environment.Job instance at 0x7f45f4387550>,2,17,[6 5],3,3,20,0,3
1,<environment.Job instance at 0x7f45f43b9c80>,6,16,[ 4 13],7,20,36,13,13
1,<environment.Job instance at 0x7f45f43b9730>,5,18,[11  2],6,20,38,14,20
1,<environment.Job instance at 0x7f45f43b99b0>,7,17,[11  3],8,38,55,30,26
1,<environment.Job instance at 0x7f45f43b94b0>,9,18,[2 5],10,36,54,26,26
1,<environment.Job instance at 0x7f45f43b9cd0>,10,20,[13  2],11,55,75,44,46
1,<environment.Job instance at 0x7f45f43b9460>,11,21,[2 6],12,46,67,34,46
1,<environment.Job instance at 0x7f45f43a3370>,15,15,[9 4],16,75,90,59,61
1,<environment.Job instance at 0x7f45f43a3d70>,16,15,[4 7],17,75,90,58,71
1,<environment.Job instance at 0x7f45f43a3a00>,20,18,[5 5],21,90,108,69,79
1,<environment.Job instance at 0x7f45f43a36e0>,31,16,[8 3],32,90,106,58,79
1,<environment.Job instance at 0x7f45f43a38c0>,32,16,[4 6],33,106,122,73,93
1,<environment.Job instance at 0x7f45f43b9eb0>,8,23,[11  2],9,108,131,99,102
1,<environment.Job instance at 0x7f45f43ac230>,38,17,[3 8],39,122,139,83,110
1,<environment.Job instance at 0x7f45f43acb40>,40,16,[3 7],41,131,147,90,118
1,<environment.Job instance at 0x7f45f43ac0a0>,41,18,[5 5],42,139,157,97,128
1,<environment.Job instance at 0x7f45f43ac960>,42,14,[5 7],43,147,161,104,132
1,<environment.Job instance at 0x7f45f43acf50>,44,16,[4 7],45,157,173,112,144
1,<environment.Job instance at 0x7f45f43ac320>,53,18,[6 5],54,161,179,107,151
1,<environment.Job instance at 0x7f45f43ac5a0>,57,15,[10  5],58,179,194,121,165
1,<environment.Job instance at 0x7f45f4406d70>,62,16,[1 8],63,173,189,110,170
1,<environment.Job instance at 0x7f45f4406af0>,63,12,[3 7],64,189,201,125,172
1,<environment.Job instance at 0x7f45f4406960>,73,15,[2 7],74,194,209,120,180
1,<environment.Job instance at 0x7f45f5695640>,85,19,[3 8],86,201,220,115,191
1,<environment.Job instance at 0x7f45f5140c80>,90,14,[8 2],91,209,223,118,194
1,<environment.Job instance at 0x7f45f5b8eaa0>,93,18,[4 5],94,209,227,115,205
1,<environment.Job instance at 0x7f45f48e9780>,95,13,[4 6],96,223,236,127,207
1,<environment.Job instance at 0x7f45f4954aa0>,99,17,[10  4],100,227,244,127,215
1,<environment.Job instance at 0x7f45f52692d0>,103,16,[3 5],104,236,252,132,223
1,<environment.Job instance at 0x7f45f4da3190>,108,21,[9 5],109,244,265,135,237
1,<environment.Job instance at 0x7f45f45174b0>,110,14,[9 5],111,265,279,154,250
1,<environment.Job instance at 0x7f45fe805780>,113,21,[9 5],114,279,300,165,271
1,<environment.Job instance at 0x7f45f560ff50>,114,17,[10  3],115,300,317,185,288
1,<environment.Job instance at 0x7f45f452f550>,117,12,[4 7],118,288,300,170,288
1,<environment.Job instance at 0x7f45f53292d0>,118,15,[6 4],119,317,332,198,303
1,<environment.Job instance at 0x7f45f5329050>,119,17,[3 8],120,308,325,188,308
1,<environment.Job instance at 0x7f45f5329870>,120,15,[ 5 10],121,325,340,204,312
1,<environment.Job instance at 0x7f45f53290f0>,121,19,[5 4],122,332,351,210,322
1,<environment.Job instance at 0x7f45f538f690>,125,17,[9 5],126,340,357,214,328
1,<environment.Job instance at 0x7f45f4d87d20>,131,15,[5 5],132,351,366,219,337
1,<environment.Job instance at 0x7f45f4d87870>,133,18,[5 9],134,357,375,223,346
1,<environment.Job instance at 0x7f45f4d870a0>,137,20,[3 6],138,366,386,228,359
1,<environment.Job instance at 0x7f45f43ac910>,39,18,[14  4],40,386,404,346,375
1,<environment.Job instance at 0x7f45f4d871e0>,138,18,[ 3 10],139,451,469,312,451
1,<environment.Job instance at 0x7f45f4387eb0>,1,21,[12  1],2,455,476,453,455
1,<environment.Job instance at 0x7f45f58868c0>,3,16,[7 4],4,4,20,0,4
1,<environment.Job instance at 0x7f45f5886af0>,14,14,[3 5],15,15,29,0,15
1,<environment.Job instance at 0x7f45f4e7d140>,23,13,[7 3],24,24,37,0,24
1,<environment.Job instance at 0x7f45f4e7deb0>,28,16,[4 8],29,29,45,0,29
1,<environment.Job instance at 0x7f45f4e7df50>,30,18,[10  3],31,37,55,6,31
1,<environment.Job instance at 0x7f45fe515730>,38,15,[1 5],39,45,60,6,45
1,<environment.Job instance at 0x7f45fe5154b0>,45,18,[ 1 12],46,60,78,14,49
1,<environment.Job instance at 0x7f45fe515820>,44,21,[6 3],45,55,76,10,49
1,<environment.Job instance at 0x7f45fe515050>,48,21,[1 5],49,78,99,29,70
1,<environment.Job instance at 0x7f45fe515be0>,49,17,[1 7],50,78,95,28,70
1,<environment.Job instance at 0x7f45f5009c80>,55,18,[9 3],56,76,94,20,74
1,<environment.Job instance at 0x7f45f5009780>,56,17,[1 6],57,95,112,38,83
1,<environment.Job instance at 0x7f45fe515550>,37,21,[10  1],38,94,115,56,86
1,<environment.Job instance at 0x7f45f5009730>,58,17,[3 5],59,99,116,40,89
1,<environment.Job instance at 0x7f45f50095f0>,69,14,[4 9],70,115,129,45,100
1,<environment.Job instance at 0x7f45fe515b40>,46,17,[10  5],47,116,133,69,104
1,<environment.Job instance at 0x7f45f5009be0>,71,13,[ 4 13],72,133,146,61,117
1,<environment.Job instance at 0x7f45f5009410>,72,18,[9 2],73,133,151,60,122
1,<environment.Job instance at 0x7f45f5009140>,73,24,[9 1],74,151,175,77,146
1,<environment.Job instance at 0x7f45f56e2280>,74,14,[ 2 13],75,146,160,71,146
1,<environment.Job instance at 0x7f45f56e2cd0>,75,16,[4 8],76,160,176,84,147
1,<environment.Job instance at 0x7f45f56e2550>,76,14,[13  4],77,176,190,99,161
1,<environment.Job instance at 0x7f45f56e2a50>,77,12,[11  3],78,190,202,112,173
1,<environment.Job instance at 0x7f45f56e2f00>,78,22,[1 8],79,176,198,97,173
1,<environment.Job instance at 0x7f45f56e2640>,79,18,[ 2 13],80,202,220,122,191
1,<environment.Job instance at 0x7f45f56e22d0>,80,16,[11  4],81,220,236,139,207
1,<environment.Job instance at 0x7f45f56e2230>,81,25,[ 2 12],82,236,261,154,232
1,<environment.Job instance at 0x7f45f56e2410>,82,21,[9 3],83,236,257,153,232
1,<environment.Job instance at 0x7f45f5009fa0>,59,13,[ 4 13],60,261,274,201,246
1,<environment.Job instance at 0x7f45f50091e0>,70,17,[10  3],71,274,291,203,262
1,<environment.Job instance at 0x7f45f56e28c0>,85,17,[4 6],86,274,291,188,262
1,<environment.Job instance at 0x7f45f56e24b0>,84,26,[ 1 10],85,291,317,206,288
1,<environment.Job instance at 0x7f45f56e2aa0>,88,15,[ 3 10],89,317,332,228,303
1,<environment.Job instance at 0x7f45f56e27d0>,89,28,[14  3],90,332,360,242,331
1,<environment.Job instance at 0x7f45f56e2320>,90,20,[1 9],91,333,353,242,333
1,<environment.Job instance at 0x7f45f56e2e10>,91,23,[ 4 10],92,360,383,268,354
1,<environment.Job instance at 0x7f45f49555a0>,92,28,[10  2],93,360,388,267,359
1,<environment.Job instance at 0x7f45f49550a0>,93,14,[5 5],94,383,397,289,368
1,<environment.Job instance at 0x7f45f49553c0>,94,24,[ 4 12],95,397,421,302,392
1,<environment.Job instance at 0x7f45f4955230>,95,15,[14  1],96,421,436,325,407
1,<environment.Job instance at 0x7f45f4955c80>,96,28,[14  2],97,436,464,339,435
1,<environment.Job instance at 0x7f45f49550f0>,97,12,[1 8],98,435,447,337,435
1,<environment.Job instance at 0x7f45f56e2500>,87,21,[3 7],88,464,485,376,456
1,<environment.Job instance at 0x7f45f4955320>,99,13,[8 2],100,464,477,364,456
1,<environment.Job instance at 0x7f45f4955cd0>,98,19,[5 8],99,477,496,378,467
1,<environment.Job instance at 0x7f45f4955050>,103,27,[9 5],104,485,512,381,483
1,<environment.Job instance at 0x7f45f4955730>,104,25,[3 5],105,496,521,391,492
1,<environment.Job instance at 0x7f45f4955a00>,105,23,[ 2 13],106,521,544,415,515
1,<environment.Job instance at 0x7f45f4955280>,106,15,[11  2],107,515,530,408,515
1,<environment.Job instance at 0x7f45f4955d70>,107,14,[ 3 10],108,544,558,436,529
1,<environment.Job instance at 0x7f45f56e2730>,83,26,[11  4],84,544,570,460,543
1,<environment.Job instance at 0x7f45f4955960>,108,27,[ 4 14],109,570,597,461,568
1,<environment.Job instance at 0x7f45f5a01460>,110,28,[2 5],111,597,625,486,596
1,<environment.Job instance at 0x7f45f5a01690>,111,27,[13  3],112,597,624,485,596
1,<environment.Job instance at 0x7f45f5a01e60>,112,26,[ 2 14],113,625,651,512,622
1,<environment.Job instance at 0x7f45f5a01b40>,113,25,[11  2],114,651,676,537,647
1,<environment.Job instance at 0x7f45f5a01140>,114,16,[11  4],115,676,692,561,663
1,<environment.Job instance at 0x7f45f5a016e0>,115,13,[14  4],116,692,705,576,676
1,<environment.Job instance at 0x7f45f5a01fa0>,116,12,[9 3],117,705,717,588,688
1,<environment.Job instance at 0x7f45f5a01eb0>,117,21,[12  2],118,717,738,599,709
1,<environment.Job instance at 0x7f45f5a010a0>,118,20,[ 1 11],119,709,729,590,709
1,<environment.Job instance at 0x7f45f5a01910>,119,14,[ 1 14],120,738,752,618,723
1,<environment.Job instance at 0x7f45f5a01c80>,120,20,[2 8],121,752,772,631,744
1,<environment.Job instance at 0x7f45f5a014b0>,121,15,[12  3],122,752,767,630,744
1,<environment.Job instance at 0x7f45f5a01320>,122,19,[5 5],123,767,786,644,757
1,<environment.Job instance at 0x7f45f5a01f00>,123,22,[14  3],124,786,808,662,779
1,<environment.Job instance at 0x7f45f5a018c0>,124,12,[1 9],125,779,791,654,779
1,<environment.Job instance at 0x7f45f5a01a00>,125,16,[11  4],126,808,824,682,795
1,<environment.Job instance at 0x7f45f50b4a50>,126,20,[ 5 13],127,824,844,697,815
1,<environment.Job instance at 0x7f45f50b4500>,127,20,[11  5],128,844,864,716,835
1,<environment.Job instance at 0x7f45f50b4d70>,128,23,[7 4],129,864,887,735,858
1,<environment.Job instance at 0x7f45f50b48c0>,129,22,[13  3],130,887,909,757,880
1,<environment.Job instance at 0x7f45f50b4910>,130,14,[14  2],131,909,923,778,894
1,<environment.Job instance at 0x7f45f50b4e10>,131,19,[13  5],132,923,942,791,913
1,<environment.Job instance at 0x7f45f4955870>,102,22,[2 8],103,926,948,823,926
1,<environment.Job instance at 0x7f45f50b4780>,133,14,[7 3],134,942,956,808,927
1,<environment.Job instance at 0x7f45fe1a37d0>,138,19,[8 4],139,948,967,809,940
1,<environment.Job instance at 0x7f45f50b4af0>,132,16,[13  3],133,967,983,834,954
1,<environment.Job instance at 0x7f45fe5150f0>,34,18,[7 4],35,983,1001,948,972
1,<environment.Job instance at 0x7f45f55f5c80>,0,24,[14  4],1,1001,1025,1000,996
1,<environment.Job instance at 0x7f45f47beaf0>,0,20,[3 6],1,3,23,2,3
1,<environment.Job instance at 0x7f45f47be5f0>,6,21,[5 5],7,8,29,1,8
1,<environment.Job instance at 0x7f45f47bed70>,11,14,[5 1],12,12,26,0,12
1,<environment.Job instance at 0x7f45f47be960>,12,17,[5 5],13,23,40,10,13
1,<environment.Job instance at 0x7f45f47be280>,13,15,[5 5],14,26,41,12,14
1,<environment.Job instance at 0x7f45f47be780>,15,20,[6 5],16,40,60,24,31
1,<environment.Job instance at 0x7f45f45e9cd0>,21,14,[5 5],22,41,55,19,31
1,<environment.Job instance at 0x7f45f45e9dc0>,25,13,[3 6],26,55,68,29,39
1,<environment.Job instance at 0x7f45f45e9f50>,30,12,[ 3 10],31,68,80,37,51
1,<environment.Job instance at 0x7f45f47be6e0>,7,19,[1 8],8,80,99,72,70
1,<environment.Job instance at 0x7f45f49200a0>,38,18,[7 2],39,70,88,31,70
1,<environment.Job instance at 0x7f45f4920690>,39,13,[ 3 14],40,99,112,59,83
1,<environment.Job instance at 0x7f45f4920f50>,40,21,[8 3],41,112,133,71,104
1,<environment.Job instance at 0x7f45f49203c0>,41,18,[11  1],42,133,151,91,122
1,<environment.Job instance at 0x7f45f4920190>,42,12,[ 4 12],43,122,134,79,122
1,<environment.Job instance at 0x7f45f4920cd0>,43,27,[ 4 14],44,134,161,90,133
1,<environment.Job instance at 0x7f45f4920be0>,44,17,[5 9],45,161,178,116,149
1,<environment.Job instance at 0x7f45f4920960>,45,18,[6 1],46,151,169,105,149
1,<environment.Job instance at 0x7f45f49206e0>,46,24,[5 6],47,169,193,122,164
1,<environment.Job instance at 0x7f45f4920d70>,47,15,[4 9],48,178,193,130,164
1,<environment.Job instance at 0x7f45f47beaa0>,4,14,[10  5],5,193,207,188,185
1,<environment.Job instance at 0x7f45f4920370>,49,24,[ 1 10],50,193,217,143,191
1,<environment.Job instance at 0x7f45f47beb40>,16,28,[ 3 11],17,217,245,200,216
1,<environment.Job instance at 0x7f45f4920a50>,50,12,[5 9],51,245,257,194,228
1,<environment.Job instance at 0x7f45f4920730>,52,17,[6 3],53,228,245,175,228
1,<environment.Job instance at 0x7f45f4920e10>,53,12,[4 8],54,257,269,203,240
1,<environment.Job instance at 0x7f45f49207d0>,54,28,[5 7],55,257,285,202,256
1,<environment.Job instance at 0x7f45f4920d20>,55,28,[2 5],56,269,297,213,268
1,<environment.Job instance at 0x7f45f4920dc0>,48,22,[ 4 13],49,297,319,248,290
1,<environment.Job instance at 0x7f45f49204b0>,58,28,[5 1],59,290,318,231,290
1,<environment.Job instance at 0x7f45f45e9410>,37,20,[4 9],38,319,339,281,318
1,<environment.Job instance at 0x7f45f4920eb0>,60,12,[5 7],61,339,351,278,322
1,<environment.Job instance at 0x7f45f50cf550>,61,18,[6 5],62,322,340,260,322
1,<environment.Job instance at 0x7f45f50cf910>,62,17,[8 5],63,340,357,277,329
1,<environment.Job instance at 0x7f45f50cfbe0>,63,13,[10  5],64,357,370,293,341
1,<environment.Job instance at 0x7f45f50cf1e0>,65,16,[5 8],66,351,367,285,341
1,<environment.Job instance at 0x7f45f50cff50>,67,12,[3 5],68,367,379,299,350
1,<environment.Job instance at 0x7f45f50cff00>,69,14,[6 2],70,370,384,300,355
1,<environment.Job instance at 0x7f45f50cf4b0>,73,12,[5 5],74,370,382,296,355
1,<environment.Job instance at 0x7f45f50cf3c0>,74,16,[4 6],75,379,395,304,366
1,<environment.Job instance at 0x7f45f50cf050>,77,14,[5 4],78,382,396,304,367
1,<environment.Job instance at 0x7f45f45ced20>,79,12,[3 8],80,395,407,315,378
1,<environment.Job instance at 0x7f45f45ce3c0>,84,12,[ 4 10],85,407,419,322,390
1,<environment.Job instance at 0x7f45f45ce910>,88,20,[1 6],89,419,439,330,410
1,<environment.Job instance at 0x7f45f45ce6e0>,94,15,[10  3],95,414,429,319,414
1,<environment.Job instance at 0x7f45f45cedc0>,95,18,[1 9],96,429,447,333,418
1,<environment.Job instance at 0x7f45f4920780>,57,22,[9 4],58,439,461,381,435
1,<environment.Job instance at 0x7f45f55f5c80>,3,16,[ 3 10],4,447,463,443,435
1,<environment.Job instance at 0x7f45fe807550>,101,14,[9 3],102,461,475,359,446
1,<environment.Job instance at 0x7f45fe8070f0>,104,14,[9 3],105,475,489,370,460
1,<environment.Job instance at 0x7f45f494e960>,115,13,[3 5],116,464,477,348,464
1,<environment.Job instance at 0x7f45f48002d0>,116,18,[2 9],117,477,495,360,467
1,<environment.Job instance at 0x7f45f4800500>,117,20,[1 5],118,489,509,371,480
1,<environment.Job instance at 0x7f45f4800910>,118,16,[10  2],119,495,511,376,482
1,<environment.Job instance at 0x7f45f4800780>,122,21,[5 4],123,509,530,386,501
1,<environment.Job instance at 0x7f45f4800be0>,128,17,[4 8],129,511,528,382,502
1,<environment.Job instance at 0x7f45f48000f0>,129,18,[5 5],130,528,546,398,517
1,<environment.Job instance at 0x7f45f45ce230>,99,26,[11  3],100,2017,2043,1917,2017
1,<environment.Job instance at 0x7f45f49202d0>,59,28,[1 9],60,8562,8590,8502,8562
1,<environment.Job instance at 0x7f45f5c16b40>,2,22,[1 8],3,3,25,0,3
1,<environment.Job instance at 0x7f45f5c16f50>,3,15,[3 7],4,4,19,0,4
1,<environment.Job instance at 0x7f45f5c16e10>,4,15,[10  3],5,19,34,14,5
1,<environment.Job instance at 0x7f45f5c16be0>,11,21,[1 7],12,25,46,13,17
1,<environment.Job instance at 0x7f45f5c16d20>,14,16,[9 2],15,34,50,19,21
1,<environment.Job instance at 0x7f45f5c160f0>,10,20,[2 5],11,25,45,14,24
1,<environment.Job instance at 0x7f45f55d8b40>,21,12,[1 7],22,46,58,24,29
1,<environment.Job instance at 0x7f45f55d8be0>,20,22,[3 9],21,58,80,37,51
1,<environment.Job instance at 0x7f45f5c165f0>,8,19,[9 2],9,51,70,42,51
1,<environment.Job instance at 0x7f45f55d8c80>,27,14,[ 1 11],28,80,94,52,65
1,<environment.Job instance at 0x7f45f55d8910>,26,25,[13  2],27,80,105,53,76
1,<environment.Job instance at 0x7f45f55d8e60>,30,15,[2 5],31,94,109,63,80
1,<environment.Job instance at 0x7f45f55d8fa0>,29,14,[9 1],30,105,119,75,90
1,<environment.Job instance at 0x7f45f55d8140>,37,12,[7 5],38,119,131,81,102
1,<environment.Job instance at 0x7f45f442b7d0>,39,20,[ 4 10],40,112,132,72,112
1,<environment.Job instance at 0x7f45f442b410>,40,21,[4 7],41,132,153,91,124
1,<environment.Job instance at 0x7f45f442b2d0>,41,16,[6 1],42,131,147,89,124
1,<environment.Job instance at 0x7f45f442b280>,42,12,[7 4],43,147,159,104,130
1,<environment.Job instance at 0x7f45f442bc80>,43,13,[6 3],44,153,166,109,137
1,<environment.Job instance at 0x7f45f442bbe0>,44,13,[1 7],45,153,166,108,137
1,<environment.Job instance at 0x7f45f442bfa0>,48,18,[4 5],49,159,177,110,148
1,<environment.Job instance at 0x7f45f45e0780>,50,17,[8 3],51,166,183,115,154
1,<environment.Job instance at 0x7f45f45e0f00>,51,14,[9 3],52,183,197,131,168
1,<environment.Job instance at 0x7f45f55d8b90>,22,23,[ 3 11],23,177,200,154,171
1,<environment.Job instance at 0x7f45f4402050>,59,15,[3 5],60,200,215,140,186
1,<environment.Job instance at 0x7f45f4402960>,62,21,[4 7],63,200,221,137,200
1,<environment.Job instance at 0x7f45f44025a0>,64,18,[5 5],65,215,233,150,204
1,<environment.Job instance at 0x7f45f590ca50>,67,18,[9 2],68,221,239,153,211
1,<environment.Job instance at 0x7f45f590c460>,80,17,[2 7],81,233,250,152,221
1,<environment.Job instance at 0x7f45f4a4a820>,82,20,[10  2],83,239,259,156,231
1,<environment.Job instance at 0x7f45f45e0690>,53,17,[14  5],54,259,276,205,247
1,<environment.Job instance at 0x7f45f468b730>,83,15,[ 4 10],84,276,291,192,262
1,<environment.Job instance at 0x7f45f48310a0>,85,18,[1 7],86,291,309,205,280
1,<environment.Job instance at 0x7f45f4831870>,84,27,[3 6],85,291,318,206,289
1,<environment.Job instance at 0x7f45f54e6d20>,87,28,[13  2],88,318,346,230,317
1,<environment.Job instance at 0x7f45f54e6eb0>,89,28,[1 5],90,319,347,229,319
1,<environment.Job instance at 0x7f45f481a550>,90,14,[13  2],91,346,360,255,331
1,<environment.Job instance at 0x7f45f481af50>,91,13,[11  3],92,360,373,268,344
1,<environment.Job instance at 0x7f45f4c376e0>,88,17,[4 5],89,360,377,271,348
1,<environment.Job instance at 0x7f45f481ae60>,95,13,[8 1],96,373,386,277,357
1,<environment.Job instance at 0x7f45f5b8e460>,96,14,[1 6],97,373,387,276,358
1,<environment.Job instance at 0x7f45f481a4b0>,97,13,[6 3],98,377,390,279,361
1,<environment.Job instance at 0x7f45f5b50780>,92,20,[1 5],93,386,406,293,377
1,<environment.Job instance at 0x7f45f4b6ecd0>,101,24,[11  5],102,390,414,288,385
1,<environment.Job instance at 0x7f45f5b391e0>,102,12,[5 9],103,414,426,311,397
1,<environment.Job instance at 0x7f45f5140280>,103,23,[9 3],104,414,437,310,408
1,<environment.Job instance at 0x7f45f513b500>,104,17,[5 3],105,426,443,321,414
1,<environment.Job instance at 0x7f45fe239fa0>,100,20,[3 8],101,437,457,336,429
1,<environment.Job instance at 0x7f45f5b4a820>,106,12,[5 7],107,443,455,336,429
1,<environment.Job instance at 0x7f45f480b230>,111,15,[1 6],112,455,470,343,441
1,<environment.Job instance at 0x7f45f513d370>,112,21,[2 6],113,457,478,344,449
1,<environment.Job instance at 0x7f45f480b730>,116,20,[9 3],117,457,477,340,450
1,<environment.Job instance at 0x7f45fe899870>,123,16,[8 2],124,477,493,353,464
1,<environment.Job instance at 0x7f45fe899eb0>,125,14,[7 1],126,478,492,352,464
1,<environment.Job instance at 0x7f45f48f2c80>,105,16,[12  5],106,493,509,387,483
1,<environment.Job instance at 0x7f45f5131280>,127,22,[2 6],128,492,514,364,486
1,<environment.Job instance at 0x7f45f5439fa0>,129,16,[5 5],130,509,525,379,496
1,<environment.Job instance at 0x7f45fe1eb5a0>,128,17,[5 5],129,514,531,385,503
1,<environment.Job instance at 0x7f45fe5c2f50>,130,20,[1 5],131,515,535,384,515
1,<environment.Job instance at 0x7f45f4e32140>,132,17,[9 1],133,525,542,392,515
1,<environment.Job instance at 0x7f45f496f4b0>,138,18,[1 8],139,531,549,392,528
1,<environment.Job instance at 0x7f45fe1eb870>,131,23,[7 5],132,542,565,410,536
1,<environment.Job instance at 0x7f45f5c16e60>,0,24,[9 1],1,565,589,564,561
1,<environment.Job instance at 0x7f45f482a0f0>,0,13,[ 3 14],1,1,14,0,1
1,<environment.Job instance at 0x7f45f482aeb0>,3,18,[7 1],4,4,22,0,4
1,<environment.Job instance at 0x7f45f482a4b0>,4,21,[8 2],5,14,35,9,7
1,<environment.Job instance at 0x7f45f54e5e10>,9,22,[3 7],10,22,44,12,17
1,<environment.Job instance at 0x7f45f54e5cd0>,10,21,[5 3],11,35,56,24,27
1,<environment.Job instance at 0x7f45f54e5910>,11,21,[1 7],12,44,65,32,38
1,<environment.Job instance at 0x7f45f54e5f50>,12,14,[3 7],13,56,70,43,41
1,<environment.Job instance at 0x7f45f54e5c80>,15,12,[8 5],16,44,56,28,41
1,<environment.Job instance at 0x7f45f54e5dc0>,17,19,[6 2],18,65,84,47,55
1,<environment.Job instance at 0x7f45fe22afa0>,2,20,[3 5],3,65,85,62,58
1,<environment.Job instance at 0x7f45f54e5190>,19,12,[ 1 13],20,85,97,65,68
1,<environment.Job instance at 0x7f45f54e1d70>,52,15,[2 8],53,70,85,17,68
1,<environment.Job instance at 0x7f45f482a960>,5,18,[13  2],6,85,103,79,79
1,<environment.Job instance at 0x7f45f54e13c0>,53,17,[2 7],54,97,114,43,85
1,<environment.Job instance at 0x7f45f54e1c30>,69,15,[7 3],70,103,118,33,89
1,<environment.Job instance at 0x7f45f54e1f00>,61,23,[ 2 11],62,114,137,52,108
1,<environment.Job instance at 0x7f45f47d8aa0>,76,13,[11  1],77,118,131,41,108
1,<environment.Job instance at 0x7f45f47d80a0>,77,12,[1 9],78,137,149,59,120
1,<environment.Job instance at 0x7f45f482a2d0>,6,18,[7 4],7,131,149,124,124
1,<environment.Job instance at 0x7f45f47d8460>,78,16,[13  3],79,149,165,70,136
1,<environment.Job instance at 0x7f45f47d80f0>,79,18,[8 3],80,165,183,85,154
1,<environment.Job instance at 0x7f45f47d8c80>,89,18,[4 9],90,165,183,75,162
1,<environment.Job instance at 0x7f45f47d8af0>,93,12,[10  4],94,183,195,89,166
1,<environment.Job instance at 0x7f45f47dbaf0>,94,17,[8 3],95,195,212,100,183
1,<environment.Job instance at 0x7f45f47db730>,96,14,[5 6],97,183,197,86,183
1,<environment.Job instance at 0x7f45f47db870>,102,14,[5 7],103,197,211,94,183
1,<environment.Job instance at 0x7f45f47db550>,108,20,[7 1],109,211,231,102,202
1,<environment.Job instance at 0x7f45f482a8c0>,1,21,[ 5 14],2,212,233,210,209
1,<environment.Job instance at 0x7f45f47ce780>,113,17,[10  1],114,231,248,117,219
1,<environment.Job instance at 0x7f45f54e1e60>,60,21,[ 4 14],61,233,254,172,226
1,<environment.Job instance at 0x7f45f47ce690>,114,12,[12  4],115,254,266,139,240
1,<environment.Job instance at 0x7f45f47ce550>,117,24,[13  1],118,286,310,168,286
1,<environment.Job instance at 0x7f45f42a9c30>,0,12,[13  2],1,1,13,0,1
1,<environment.Job instance at 0x7f45f540a640>,4,18,[5 5],5,13,31,8,5
1,<environment.Job instance at 0x7f45f540a280>,7,16,[5 6],8,13,29,5,8
1,<environment.Job instance at 0x7f45f540a3c0>,10,13,[4 7],11,29,42,18,13
1,<environment.Job instance at 0x7f45f540a910>,13,15,[5 5],14,31,46,17,24
1,<environment.Job instance at 0x7f45f540a5a0>,11,28,[12  2],12,46,74,34,45
1,<environment.Job instance at 0x7f45f540a960>,15,18,[ 3 10],16,56,74,40,56
1,<environment.Job instance at 0x7f45f5b34690>,20,20,[5 5],21,74,94,53,65
1,<environment.Job instance at 0x7f45f5b34460>,22,13,[6 3],23,74,87,51,65
1,<environment.Job instance at 0x7f45f47cee10>,1,15,[14  4],2,94,109,92,80
1,<environment.Job instance at 0x7f45f5b340a0>,26,15,[ 1 11],27,94,109,67,80
1,<environment.Job instance at 0x7f45f5b34280>,27,18,[1 8],28,109,127,81,98
1,<environment.Job instance at 0x7f45f540acd0>,8,21,[5 5],9,109,130,100,102
1,<environment.Job instance at 0x7f45f5b34140>,25,21,[9 1],26,109,130,83,104
1,<environment.Job instance at 0x7f45f5b34410>,31,12,[5 4],32,130,142,98,113
1,<environment.Job instance at 0x7f45f58a98c0>,36,16,[2 6],37,130,146,93,117
1,<environment.Job instance at 0x7f45f58a9280>,37,12,[9 2],38,142,154,104,125
1,<environment.Job instance at 0x7f45f49cb190>,50,18,[1 6],51,142,160,91,131
1,<environment.Job instance at 0x7f45f540a8c0>,16,14,[5 8],17,154,168,137,139
1,<environment.Job instance at 0x7f45f49cb0f0>,56,18,[3 8],57,168,186,111,157
1,<environment.Job instance at 0x7f45f49cb9b0>,60,15,[5 6],61,160,175,99,157
1,<environment.Job instance at 0x7f45f5071f50>,75,19,[8 5],76,175,194,99,165
1,<environment.Job instance at 0x7f45f5071b90>,78,20,[ 5 10],79,186,206,107,181
1,<environment.Job instance at 0x7f45f5071c80>,81,21,[5 2],82,194,215,112,186
1,<environment.Job instance at 0x7f45f5071280>,82,20,[3 6],83,206,226,123,197
1,<environment.Job instance at 0x7f45f5071140>,83,16,[1 5],84,206,222,122,197
1,<environment.Job instance at 0x7f45f50710f0>,84,19,[6 2],85,206,225,121,197
1,<environment.Job instance at 0x7f45f5071550>,87,20,[5 3],88,222,242,134,213
1,<environment.Job instance at 0x7f45f4aaaa00>,91,12,[1 9],92,226,238,134,213
1,<environment.Job instance at 0x7f45f5073190>,98,16,[7 3],99,225,241,126,213
1,<environment.Job instance at 0x7f45f5073500>,102,17,[10  5],103,241,258,138,229
1,<environment.Job instance at 0x7f45f5073e60>,105,14,[8 3],106,258,272,152,243
1,<environment.Job instance at 0x7f45f50735f0>,107,17,[9 4],108,272,289,164,260
1,<environment.Job instance at 0x7f45f5073910>,108,16,[10  4],109,289,305,180,276
1,<environment.Job instance at 0x7f45f4a55e60>,113,19,[ 5 10],114,276,295,162,276
1,<environment.Job instance at 0x7f45f4a55c80>,115,16,[2 6],116,295,311,179,282
1,<environment.Job instance at 0x7f45f49c8960>,120,14,[5 6],121,305,319,184,290
1,<environment.Job instance at 0x7f45f49cbb40>,57,27,[3 7],58,311,338,253,309
1,<environment.Job instance at 0x7f45f49c8140>,124,13,[6 4],125,319,332,194,311
1,<environment.Job instance at 0x7f45f49c8550>,125,15,[9 3],126,332,347,206,318
1,<environment.Job instance at 0x7f45f49c8820>,126,12,[5 1],127,318,330,191,318
1,<environment.Job instance at 0x7f45f49c8a50>,127,16,[7 4],128,347,363,219,334
1,<environment.Job instance at 0x7f45f482ae60>,128,19,[8 2],129,347,366,218,337
1,<environment.Job instance at 0x7f45f581e2d0>,131,16,[7 5],132,363,379,231,350
1,<environment.Job instance at 0x7f45f49c80a0>,123,20,[ 5 10],124,366,386,242,357
1,<environment.Job instance at 0x7f45f4678d20>,136,13,[5 5],137,379,392,242,363
1,<environment.Job instance at 0x7f45f5474c80>,137,15,[12  4],138,392,407,254,383
1,<environment.Job instance at 0x7f45f5b344b0>,29,19,[3 9],30,386,405,356,383
1,<environment.Job instance at 0x7f45f5b34820>,28,24,[13  4],29,407,431,378,403
1,<environment.Job instance at 0x7f45f47c2050>,4,16,[12  5],5,5,21,0,5
1,<environment.Job instance at 0x7f45f4ca4e60>,0,18,[1 5],1,8,26,7,8
1,<environment.Job instance at 0x7f45f47c2e10>,8,17,[3 5],9,21,38,12,9
1,<environment.Job instance at 0x7f45f4ca4140>,10,13,[11  4],11,21,34,10,11
1,<environment.Job instance at 0x7f45f47c22d0>,11,21,[6 2],12,34,55,22,26
1,<environment.Job instance at 0x7f45f486ba00>,14,13,[10  4],15,55,68,40,39
1,<environment.Job instance at 0x7f45fe235aa0>,18,12,[8 1],19,39,51,20,39
1,<environment.Job instance at 0x7f45f485ae60>,27,14,[5 6],28,52,66,24,52
1,<environment.Job instance at 0x7f45f485aaf0>,31,12,[7 5],32,68,80,36,52
1,<environment.Job instance at 0x7f45f4858550>,34,16,[10  5],35,80,96,45,67
1,<environment.Job instance at 0x7f45f48581e0>,36,13,[6 3],37,96,109,59,80
1,<environment.Job instance at 0x7f45f4858eb0>,37,15,[10  3],38,109,124,71,95
1,<environment.Job instance at 0x7f45f4858c30>,38,12,[3 9],39,95,107,56,95
1,<environment.Job instance at 0x7f45f4858c80>,40,18,[2 9],41,107,125,66,97
1,<environment.Job instance at 0x7f45f4881780>,57,13,[5 8],58,125,138,67,109
1,<environment.Job instance at 0x7f45f4881500>,58,16,[5 2],59,124,140,65,111
1,<environment.Job instance at 0x7f45f4881f50>,60,13,[5 5],61,125,138,64,111
1,<environment.Job instance at 0x7f45f4881190>,65,19,[6 5],66,138,157,72,128
1,<environment.Job instance at 0x7f45f4881e60>,66,17,[9 4],67,140,157,73,128
1,<environment.Job instance at 0x7f45f5270320>,78,17,[5 2],79,157,174,78,145
1,<environment.Job instance at 0x7f45f52701e0>,82,12,[9 4],83,157,169,74,145
1,<environment.Job instance at 0x7f45f4485050>,83,19,[2 8],84,169,188,85,159
1,<environment.Job instance at 0x7f45f5b51c30>,84,16,[4 9],85,188,204,103,175
1,<environment.Job instance at 0x7f45f4a09d70>,87,21,[10  3],88,175,196,87,175
1,<environment.Job instance at 0x7f45f4ff6280>,88,17,[9 1],89,196,213,107,184
1,<environment.Job instance at 0x7f45f532d5f0>,90,14,[3 5],91,204,218,113,189
1,<environment.Job instance at 0x7f45f5549910>,95,16,[5 1],96,213,229,117,200
1,<environment.Job instance at 0x7f45f5550fa0>,96,18,[5 9],97,213,231,116,203
1,<environment.Job instance at 0x7f45f5bf1d20>,97,14,[9 2],98,229,243,131,214
1,<environment.Job instance at 0x7f45f5bccfa0>,98,17,[8 4],99,243,260,144,231
1,<environment.Job instance at 0x7f45f5bbd1e0>,101,13,[8 4],102,260,273,158,244
1,<environment.Job instance at 0x7f45f471eeb0>,103,18,[1 6],104,244,262,140,244
1,<environment.Job instance at 0x7f45f471e280>,106,15,[8 3],107,273,288,166,259
1,<environment.Job instance at 0x7f45f471ed20>,109,13,[6 1],110,259,272,149,259
1,<environment.Job instance at 0x7f45f471ee10>,110,18,[2 9],111,272,290,161,262
1,<environment.Job instance at 0x7f45f4736e10>,117,16,[5 7],118,290,306,172,277
1,<environment.Job instance at 0x7f45f4736500>,118,20,[5 3],119,277,297,158,277
1,<environment.Job instance at 0x7f45f4736f00>,122,19,[3 9],123,306,325,183,296
1,<environment.Job instance at 0x7f45f4725780>,127,21,[5 1],128,296,317,168,296
1,<environment.Job instance at 0x7f45f47256e0>,130,21,[2 6],131,317,338,186,309
1,<environment.Job instance at 0x7f45f47250f0>,133,14,[1 7],134,325,339,191,310
1,<environment.Job instance at 0x7f45f4e4d780>,134,14,[7 4],135,338,352,203,323
1,<environment.Job instance at 0x7f45f47253c0>,136,13,[2 7],137,339,352,202,323
1,<environment.Job instance at 0x7f45f55454b0>,138,20,[10  5],139,352,372,213,344
1,<environment.Job instance at 0x7f45f47c24b0>,12,25,[14  5],13,372,397,359,368
1,<environment.Job instance at 0x7f45f47c2be0>,9,17,[ 2 13],10,426,443,416,426
1,<environment.Job instance at 0x7f45f47c2c80>,7,18,[11  3],8,1527,1545,1519,1527
1,<environment.Job instance at 0x7f45f47cc870>,0,17,[ 2 12],1,2,19,1,2
1,<environment.Job instance at 0x7f45f47cc410>,5,12,[7 2],6,7,19,1,7
1,<environment.Job instance at 0x7f45f47cc3c0>,3,16,[3 8],4,19,35,15,7
1,<environment.Job instance at 0x7f45f47cc640>,7,28,[3 7],8,19,47,11,18
1,<environment.Job instance at 0x7f45f47ccd20>,4,17,[3 7],5,35,52,30,35
1,<environment.Job instance at 0x7f45f47cc0f0>,11,19,[5 5],12,47,66,35,39
1,<environment.Job instance at 0x7f45f47cf5f0>,12,16,[4 6],13,52,68,39,44
1,<environment.Job instance at 0x7f45f47cf0f0>,23,13,[6 2],24,53,66,29,53
1,<environment.Job instance at 0x7f45f47ccf00>,9,23,[ 2 10],10,68,91,58,62
1,<environment.Job instance at 0x7f45f47cf6e0>,28,16,[5 4],29,66,82,37,62
1,<environment.Job instance at 0x7f45f47cce60>,8,21,[10  1],9,82,103,73,75
1,<environment.Job instance at 0x7f45f45ee7d0>,37,15,[14  3],38,103,118,65,89
1,<environment.Job instance at 0x7f45f45ee910>,38,18,[4 6],39,118,136,79,108
1,<environment.Job instance at 0x7f45f45eefa0>,36,21,[3 8],37,118,139,81,111
1,<environment.Job instance at 0x7f45f45eec30>,40,12,[5 5],41,136,148,95,119
1,<environment.Job instance at 0x7f45f45eec80>,42,16,[4 9],43,139,155,96,126
1,<environment.Job instance at 0x7f45f45ee640>,49,14,[5 6],50,148,162,98,133
1,<environment.Job instance at 0x7f45f47d2410>,51,15,[9 3],52,155,170,103,141
1,<environment.Job instance at 0x7f45f47d2a50>,57,13,[5 6],58,162,175,104,146
1,<environment.Job instance at 0x7f45f47d24b0>,58,16,[9 3],59,170,186,111,157
1,<environment.Job instance at 0x7f45f47d2eb0>,61,14,[5 8],62,175,189,113,160
1,<environment.Job instance at 0x7f45f47d2f50>,63,17,[7 1],64,186,203,122,174
1,<environment.Job instance at 0x7f45f47d2190>,65,12,[4 5],66,189,201,123,174
1,<environment.Job instance at 0x7f45f47d2e60>,69,16,[7 2],70,201,217,131,188
1,<environment.Job instance at 0x7f45f47d25a0>,70,21,[1 5],71,188,209,117,188
1,<environment.Job instance at 0x7f45f4cf8f00>,74,18,[2 7],75,203,221,128,192
1,<environment.Job instance at 0x7f45f4cf8910>,76,15,[8 5],77,217,232,140,203
1,<environment.Job instance at 0x7f45f47ccc80>,6,26,[5 5],7,221,247,214,218
1,<environment.Job instance at 0x7f45f475e190>,78,28,[ 1 13],79,247,275,168,246
1,<environment.Job instance at 0x7f45f475e0f0>,79,14,[8 4],80,275,289,195,260
1,<environment.Job instance at 0x7f45f475e460>,80,13,[1 8],81,275,288,194,260
1,<environment.Job instance at 0x7f45f475e4b0>,81,15,[13  5],82,289,304,207,275
1,<environment.Job instance at 0x7f45f475e7d0>,82,14,[7 4],83,304,318,221,289
1,<environment.Job instance at 0x7f45f475ea00>,83,14,[11  1],84,318,332,234,303
1,<environment.Job instance at 0x7f45f475e6e0>,84,22,[7 3],85,332,354,247,325
1,<environment.Job instance at 0x7f45f47cfe10>,27,23,[8 5],28,332,355,304,332
1,<environment.Job instance at 0x7f45f475ef50>,85,19,[12  3],86,355,374,269,345
1,<environment.Job instance at 0x7f45f475e280>,88,14,[5 5],89,374,388,285,359
1,<environment.Job instance at 0x7f45f475e9b0>,90,14,[4 9],91,374,388,283,359
1,<environment.Job instance at 0x7f45f475e0a0>,91,14,[2 9],92,359,373,267,359
1,<environment.Job instance at 0x7f45f5397d20>,98,19,[6 2],99,388,407,289,378
1,<environment.Job instance at 0x7f45f5397c80>,100,17,[7 2],101,388,405,287,378
1,<environment.Job instance at 0x7f45f53970f0>,101,21,[4 6],102,405,426,303,397
1,<environment.Job instance at 0x7f45f53977d0>,107,15,[10  3],108,407,422,299,397
1,<environment.Job instance at 0x7f45f53973c0>,109,21,[7 4],110,422,443,312,414
1,<environment.Job instance at 0x7f45f5397370>,110,22,[5 4],111,426,448,315,419
1,<environment.Job instance at 0x7f45f52e81e0>,123,21,[5 9],124,443,464,319,435
1,<environment.Job instance at 0x7f45f52e8960>,124,16,[3 9],125,464,480,339,451
1,<environment.Job instance at 0x7f45f5390f50>,125,21,[4 9],126,480,501,354,472
1,<environment.Job instance at 0x7f45f5390500>,128,14,[6 3],129,472,486,343,472
1,<environment.Job instance at 0x7f45f5390640>,130,12,[8 5],131,486,498,355,472
1,<environment.Job instance at 0x7f45f5320410>,133,13,[7 4],134,498,511,364,482
1,<environment.Job instance at 0x7f45f5320aa0>,134,20,[8 3],135,501,521,366,492
1,<environment.Job instance at 0x7f45f5320a50>,138,13,[5 4],139,511,524,372,495
1,<environment.Job instance at 0x7f45f47cc730>,2,18,[11  5],3,672,690,669,672
1,<environment.Job instance at 0x7f45f475e640>,86,14,[12  4],87,827,841,740,827
1,<environment.Job instance at 0x7f45f45ee690>,39,23,[ 4 10],40,1543,1566,1503,1543
1,<environment.Job instance at 0x7f45f5b41be0>,0,17,[ 5 12],1,1,18,0,1
1,<environment.Job instance at 0x7f45f4b94320>,4,14,[1 5],5,18,32,13,5
1,<environment.Job instance at 0x7f45f4b94b40>,5,15,[10  4],6,18,33,12,6
1,<environment.Job instance at 0x7f45f4b94550>,7,14,[4 7],8,32,46,24,17
1,<environment.Job instance at 0x7f45f4b92280>,13,19,[2 7],14,33,52,19,23
1,<environment.Job instance at 0x7f45f4b923c0>,15,18,[2 6],16,46,64,30,37
1,<environment.Job instance at 0x7f45f4b92550>,16,16,[5 6],17,52,68,35,39
1,<environment.Job instance at 0x7f45f4b927d0>,21,13,[7 2],22,46,59,24,41
1,<environment.Job instance at 0x7f45f4b94500>,6,16,[10  5],7,64,80,57,52
1,<environment.Job instance at 0x7f45f4b92aa0>,23,16,[ 2 11],24,80,96,56,67
1,<environment.Job instance at 0x7f45f5b41730>,1,22,[13  3],2,80,102,78,80
1,<environment.Job instance at 0x7f45f4b92b40>,24,15,[5 5],25,102,117,77,88
1,<environment.Job instance at 0x7f45f4b92c30>,26,28,[5 3],27,106,134,79,106
1,<environment.Job instance at 0x7f45f4b92cd0>,27,13,[ 4 11],28,117,130,89,106
1,<environment.Job instance at 0x7f45f4b92d70>,28,20,[3 6],29,130,150,101,122
1,<environment.Job instance at 0x7f45f4b92e10>,29,17,[10  4],30,134,151,104,122
1,<environment.Job instance at 0x7f45f4b92f00>,32,21,[10  4],33,151,172,118,143
1,<environment.Job instance at 0x7f45f4b92b90>,25,19,[ 3 11],26,150,169,124,143
1,<environment.Job instance at 0x7f45f4b9d140>,36,12,[5 7],37,169,181,132,152
1,<environment.Job instance at 0x7f45f4b9d320>,37,26,[4 9],38,181,207,143,178
1,<environment.Job instance at 0x7f45f4b9d0a0>,35,20,[8 3],36,178,198,142,178
1,<environment.Job instance at 0x7f45f4b9d2d0>,39,19,[2 8],40,207,226,167,197
1,<environment.Job instance at 0x7f45f4b9d500>,41,16,[5 7],42,207,223,165,197
1,<environment.Job instance at 0x7f45f4b9d370>,44,17,[1 7],45,223,240,178,211
1,<environment.Job instance at 0x7f45f4b929b0>,30,19,[13  3],31,226,245,195,221
1,<environment.Job instance at 0x7f45f4b9d9b0>,47,15,[1 9],48,240,255,192,228
1,<environment.Job instance at 0x7f45f4b9dd70>,52,19,[10  5],53,245,264,192,235
1,<environment.Job instance at 0x7f45f4b9de10>,53,14,[3 8],54,255,269,201,240
1,<environment.Job instance at 0x7f45f4bc0280>,60,19,[8 1],61,264,283,203,254
1,<environment.Job instance at 0x7f45f4bc03c0>,62,17,[1 5],63,264,281,201,254
1,<environment.Job instance at 0x7f45f4bc0640>,66,15,[2 6],67,269,284,202,255
1,<environment.Job instance at 0x7f45f4bc0730>,70,17,[4 6],71,281,298,210,269
1,<environment.Job instance at 0x7f45f4bc0be0>,72,14,[5 9],73,284,298,211,270
1,<environment.Job instance at 0x7f45f4b89d20>,84,15,[8 4],85,298,313,213,284
1,<environment.Job instance at 0x7f45f4b89aa0>,87,19,[5 1],88,298,317,210,288
1,<environment.Job instance at 0x7f45f4b89500>,90,21,[10  4],91,313,334,222,305
1,<environment.Job instance at 0x7f45f471c6e0>,102,20,[3 9],103,317,337,214,310
1,<environment.Job instance at 0x7f45f544c1e0>,113,16,[8 2],114,334,350,220,321
1,<environment.Job instance at 0x7f45f4dfa690>,122,13,[6 4],123,337,350,214,321
1,<environment.Job instance at 0x7f45f4dfa4b0>,124,20,[6 3],125,350,370,225,341
1,<environment.Job instance at 0x7f45f4dfa7d0>,125,18,[8 1],126,350,368,224,341
1,<environment.Job instance at 0x7f45f5434b90>,126,12,[5 2],127,368,380,241,351
1,<environment.Job instance at 0x7f45f5421500>,128,15,[9 1],129,370,385,241,356
1,<environment.Job instance at 0x7f45f5433cd0>,131,21,[3 8],132,380,401,248,372
1,<environment.Job instance at 0x7f45f54335f0>,133,15,[6 4],134,385,400,251,372
1,<environment.Job instance at 0x7f45f46357d0>,135,19,[7 2],136,400,419,264,390
1,<environment.Job instance at 0x7f45f4635910>,136,19,[5 1],137,391,410,254,391
1,<environment.Job instance at 0x7f45f4635370>,138,21,[1 8],139,401,422,262,398
1,<environment.Job instance at 0x7f45f4b9da50>,48,26,[10  5],49,424,450,375,424
1,<environment.Job instance at 0x7f45f4b947d0>,8,24,[ 4 10],9,439,463,430,439
1,<environment.Job instance at 0x7f45f4b9d3c0>,38,26,[13  5],39,463,489,424,461
1,<environment.Job instance at 0x7f45f4b9d410>,2,17,[10  2],3,3,20,0,3
1,<environment.Job instance at 0x7f45f494ccd0>,9,12,[6 4],10,20,32,10,10
1,<environment.Job instance at 0x7f45f494c140>,12,17,[5 3],13,13,30,0,13
1,<environment.Job instance at 0x7f45f494c780>,14,14,[5 4],15,30,44,15,15
1,<environment.Job instance at 0x7f45f4b9d3c0>,17,15,[4 5],18,21,36,3,21
1,<environment.Job instance at 0x7f45f494c550>,20,18,[1 7],21,36,54,15,27
1,<environment.Job instance at 0x7f45f494cbe0>,19,26,[ 1 10],20,54,80,34,51
1,<environment.Job instance at 0x7f45f494c960>,24,16,[13  1],25,51,67,26,51
1,<environment.Job instance at 0x7f45f494cf50>,25,28,[3 6],26,80,108,54,79
1,<environment.Job instance at 0x7f45f494cd70>,23,21,[8 5],24,89,110,65,89
1,<environment.Job instance at 0x7f45f53e11e0>,29,18,[6 2],30,108,126,78,97
1,<environment.Job instance at 0x7f45f494cb90>,16,18,[6 2],17,110,128,93,99
1,<environment.Job instance at 0x7f45fe791410>,43,16,[2 8],44,110,126,66,99
1,<environment.Job instance at 0x7f45f56d40a0>,54,16,[3 7],55,126,142,71,113
1,<environment.Job instance at 0x7f45f56d43c0>,58,18,[1 5],59,126,144,67,115
1,<environment.Job instance at 0x7f45f56d4b40>,59,17,[5 5],60,142,159,82,130
1,<environment.Job instance at 0x7f45f56d4eb0>,60,12,[5 5],61,142,154,81,130
1,<environment.Job instance at 0x7f45f538beb0>,67,14,[8 4],68,154,168,86,139
1,<environment.Job instance at 0x7f45f538b320>,68,15,[3 5],69,159,174,90,145
1,<environment.Job instance at 0x7f45f538bdc0>,70,12,[5 5],71,168,180,97,151
1,<environment.Job instance at 0x7f45f538b910>,73,15,[7 3],74,168,183,94,154
1,<environment.Job instance at 0x7f45f538b9b0>,80,18,[4 5],81,180,198,99,169
1,<environment.Job instance at 0x7f45f538b050>,82,13,[1 6],83,174,187,91,169
1,<environment.Job instance at 0x7f45f538b2d0>,84,15,[7 2],85,183,198,98,169
1,<environment.Job instance at 0x7f45f4a3fb90>,91,14,[3 8],92,187,201,95,172
1,<environment.Job instance at 0x7f45f4a3ff00>,94,18,[8 5],95,198,216,103,187
1,<environment.Job instance at 0x7f45f4a3f4b0>,99,15,[6 4],100,201,216,101,187
1,<environment.Job instance at 0x7f45f4a3f780>,101,16,[5 3],102,216,232,114,203
1,<environment.Job instance at 0x7f45f52d1dc0>,106,18,[5 7],107,216,234,109,205
1,<environment.Job instance at 0x7f45f52d1c80>,123,15,[6 2],124,232,247,108,218
1,<environment.Job instance at 0x7f45f52d1e10>,124,18,[6 1],125,234,252,109,223
1,<environment.Job instance at 0x7f45f42f9fa0>,126,17,[9 3],127,247,264,120,235
1,<environment.Job instance at 0x7f45f42f9eb0>,130,18,[6 4],131,252,270,121,241
1,<environment.Job instance at 0x7f45f42f9a50>,133,17,[6 1],134,264,281,130,252
1,<environment.Job instance at 0x7f45f42f9140>,135,15,[3 5],136,264,279,128,252
1,<environment.Job instance at 0x7f45f47ffaf0>,137,15,[3 9],138,270,285,132,256
1,<environment.Job instance at 0x7f45f53e1f00>,31,27,[5 8],32,317,344,285,317
1,<environment.Job instance at 0x7f45f494c2d0>,18,15,[ 4 13],19,344,359,325,330
1,<environment.Job instance at 0x7f45f542b0a0>,0,17,[13  1],1,359,376,358,347
1,<environment.Job instance at 0x7f45f516c370>,0,13,[4 6],1,1,14,0,1
1,<environment.Job instance at 0x7f45f48b7640>,1,14,[1 8],2,2,16,0,2
1,<environment.Job instance at 0x7f45f4dee500>,3,13,[11  1],4,14,27,10,4
1,<environment.Job instance at 0x7f45f4f03c80>,6,18,[ 4 10],7,16,34,9,8
1,<environment.Job instance at 0x7f45f4f031e0>,8,19,[8 2],9,27,46,18,17
1,<environment.Job instance at 0x7f45f4f037d0>,12,20,[9 5],13,46,66,33,37
1,<environment.Job instance at 0x7f45f53e85a0>,21,13,[7 3],22,66,79,44,50
1,<environment.Job instance at 0x7f45f45490a0>,22,21,[5 5],23,50,71,27,50
1,<environment.Job instance at 0x7f45f4549780>,24,12,[6 2],25,71,83,46,54
1,<environment.Job instance at 0x7f45f4549f00>,25,14,[6 3],26,79,93,53,64
1,<environment.Job instance at 0x7f45fe1a2410>,30,19,[5 5],31,83,102,52,73
1,<environment.Job instance at 0x7f45f507b820>,33,15,[ 5 10],34,93,108,59,79
1,<environment.Job instance at 0x7f45f507bf50>,36,17,[8 5],37,102,119,65,90
1,<environment.Job instance at 0x7f45f507b9b0>,38,13,[2 8],39,108,121,69,92
1,<environment.Job instance at 0x7f45f53c2aa0>,51,17,[2 8],52,121,138,69,109
1,<environment.Job instance at 0x7f45f4e05690>,53,18,[6 3],54,119,137,65,109
1,<environment.Job instance at 0x7f45f4aaa320>,60,13,[6 2],61,119,132,58,109
1,<environment.Job instance at 0x7f45f491bf50>,67,19,[5 3],68,132,151,64,122
1,<environment.Job instance at 0x7f45f4cdaa00>,69,15,[6 3],70,137,152,67,123
1,<environment.Job instance at 0x7f45f4428820>,72,16,[8 3],73,151,167,78,138
1,<environment.Job instance at 0x7f45f5880d20>,74,16,[4 8],75,152,168,77,139
1,<environment.Job instance at 0x7f45f52e50f0>,78,16,[9 4],79,167,183,88,154
1,<environment.Job instance at 0x7f45f51d79b0>,87,16,[2 6],88,168,184,80,155
1,<environment.Job instance at 0x7f45f55360a0>,90,20,[5 2],91,183,203,92,174
1,<environment.Job instance at 0x7f45f4e50e60>,92,15,[8 3],93,183,198,90,174
1,<environment.Job instance at 0x7f45f57260f0>,95,16,[2 5],96,184,200,88,174
1,<environment.Job instance at 0x7f45f5993b40>,103,18,[10  5],104,200,218,96,189
1,<environment.Job instance at 0x7f45f5993d70>,107,16,[7 5],108,218,234,110,205
1,<environment.Job instance at 0x7f45f55684b0>,117,17,[7 3],118,218,235,100,206
1,<environment.Job instance at 0x7f45f5568190>,119,15,[1 5],120,209,224,89,209
1,<environment.Job instance at 0x7f45f4736af0>,125,21,[6 1],126,234,255,108,226
1,<environment.Job instance at 0x7f45f4736cd0>,128,13,[6 4],129,235,248,106,226
1,<environment.Job instance at 0x7f45f4431af0>,133,12,[6 2],134,248,260,114,231
1,<environment.Job instance at 0x7f45f47cf3c0>,2,25,[ 3 12],3,249,274,246,249
1,<environment.Job instance at 0x7f45f4f03d20>,7,20,[ 1 11],8,5033,5053,5025,5033
1,<environment.Job instance at 0x7f45f44f39b0>,0,13,[ 4 11],1,1,14,0,1
1,<environment.Job instance at 0x7f45f4c74960>,8,22,[5 2],9,9,31,0,9
1,<environment.Job instance at 0x7f45f52475f0>,5,16,[1 8],6,14,30,8,10
1,<environment.Job instance at 0x7f45f4c74aa0>,9,20,[8 5],10,14,34,4,11
1,<environment.Job instance at 0x7f45f4c680a0>,15,17,[9 2],16,34,51,18,22
1,<environment.Job instance at 0x7f45f44f3320>,1,26,[ 2 12],2,34,60,32,31
1,<environment.Job instance at 0x7f45f523db40>,21,14,[10  5],22,60,74,38,45
1,<environment.Job instance at 0x7f45f5a746e0>,20,12,[7 2],21,74,86,53,57
1,<environment.Job instance at 0x7f45f45cc960>,28,21,[4 5],29,60,81,31,57
1,<environment.Job instance at 0x7f45f5b332d0>,36,22,[6 5],37,81,103,44,74
1,<environment.Job instance at 0x7f45f519e6e0>,43,18,[9 2],44,86,104,42,75
1,<environment.Job instance at 0x7f45f590ce60>,46,12,[7 2],47,104,116,57,87
1,<environment.Job instance at 0x7f45f558feb0>,47,20,[2 6],48,103,123,55,94
1,<environment.Job instance at 0x7f45f45f7b90>,51,16,[9 2],52,116,132,64,103
1,<environment.Job instance at 0x7f45f45f7640>,53,16,[5 3],54,123,139,69,110
1,<environment.Job instance at 0x7f45f45d97d0>,55,16,[1 9],56,123,139,67,114
1,<environment.Job instance at 0x7f45f45d9cd0>,59,19,[7 5],60,139,158,79,129
1,<environment.Job instance at 0x7f45f51b75f0>,22,17,[ 2 14],23,158,175,135,146
1,<environment.Job instance at 0x7f45f45d9b40>,63,21,[1 6],64,175,196,111,167
1,<environment.Job instance at 0x7f45f45e61e0>,64,18,[7 2],65,175,193,110,167
1,<environment.Job instance at 0x7f45f45e6230>,66,17,[2 7],67,175,192,108,170
1,<environment.Job instance at 0x7f45f45e6500>,67,16,[5 3],68,192,208,124,179
1,<environment.Job instance at 0x7f45f45e66e0>,68,12,[5 4],69,193,205,124,179
1,<environment.Job instance at 0x7f45f45e67d0>,69,22,[2 6],70,196,218,126,189
1,<environment.Job instance at 0x7f45f4a455f0>,79,16,[3 5],80,205,221,125,192
1,<environment.Job instance at 0x7f45f4a454b0>,80,15,[7 4],81,208,223,127,194
1,<environment.Job instance at 0x7f45f4a45a50>,83,12,[2 5],84,218,230,134,210
1,<environment.Job instance at 0x7f45f4a459b0>,82,14,[7 1],83,223,237,140,210
1,<environment.Job instance at 0x7f45f4a45b90>,85,17,[2 6],86,221,238,135,210
1,<environment.Job instance at 0x7f45f4a45c30>,86,13,[9 4],87,237,250,150,221
1,<environment.Job instance at 0x7f45f4a63050>,92,16,[7 1],93,250,266,157,237
1,<environment.Job instance at 0x7f45f4a630a0>,93,15,[4 6],94,238,253,144,237
1,<environment.Job instance at 0x7f45f4a63230>,97,17,[5 5],98,253,270,155,241
1,<environment.Job instance at 0x7f45f4a63730>,102,18,[4 9],103,266,284,163,255
1,<environment.Job instance at 0x7f45f4a638c0>,105,13,[4 8],106,284,297,178,268
1,<environment.Job instance at 0x7f45f4a63e60>,110,15,[10  4],111,270,285,159,268
1,<environment.Job instance at 0x7f45f4a813c0>,118,15,[5 8],119,297,312,178,283
1,<environment.Job instance at 0x7f45f4a81640>,122,18,[1 6],123,285,303,162,283
1,<environment.Job instance at 0x7f45f4a81820>,125,15,[4 5],126,303,318,177,289
1,<environment.Job instance at 0x7f45f4a819b0>,130,23,[5 5],131,312,335,181,306
1,<environment.Job instance at 0x7f45f4a81910>,132,20,[10  1],133,318,338,185,318
1,<environment.Job instance at 0x7f45f4a81cd0>,134,22,[3 9],135,335,357,200,328
1,<environment.Job instance at 0x7f45f4a81e60>,136,19,[11  4],137,341,360,204,341
1,<environment.Job instance at 0x7f45f4a81e10>,138,22,[3 8],139,357,379,218,351
1,<environment.Job instance at 0x7f45f45d99b0>,62,19,[9 5],63,360,379,297,354
1,<environment.Job instance at 0x7f45f52474b0>,4,25,[ 3 14],5,3134,3159,3129,3134
1,<environment.Job instance at 0x7f61d51da1e0>,2,20,[7 4],3,3,23,0,3
1,<environment.Job instance at 0x7f61d51da230>,0,17,[6 1],1,3,20,2,3
1,<environment.Job instance at 0x7f61cbbeea50>,3,13,[12  4],4,23,36,19,7
1,<environment.Job instance at 0x7f61cbbeefa0>,10,15,[5 1],11,36,51,25,22
1,<environment.Job instance at 0x7f61cbbf1140>,13,13,[10  3],14,36,49,22,29
1,<environment.Job instance at 0x7f61cbbeeeb0>,11,15,[6 1],12,49,64,37,40
1,<environment.Job instance at 0x7f61cbbf1910>,22,13,[7 4],23,51,64,28,40
1,<environment.Job instance at 0x7f61cbbf1370>,14,15,[14  4],15,64,79,49,54
1,<environment.Job instance at 0x7f61cbbf1410>,15,20,[ 3 12],16,79,99,63,71
1,<environment.Job instance at 0x7f61cbbf1aa0>,25,24,[5 7],26,99,123,73,94
1,<environment.Job instance at 0x7f61cbbf1be0>,27,17,[ 4 12],28,123,140,95,111
1,<environment.Job instance at 0x7f61cbbf1b90>,30,26,[11  4],31,140,166,109,137
1,<environment.Job instance at 0x7f61cbbf1e60>,31,28,[ 2 10],32,140,168,108,139
1,<environment.Job instance at 0x7f61cbbf1b40>,26,12,[8 5],27,166,178,139,149
1,<environment.Job instance at 0x7f61cbbf1f00>,32,17,[9 3],33,178,195,145,167
1,<environment.Job instance at 0x7f61cbbf1dc0>,34,24,[5 5],35,168,192,133,167
1,<environment.Job instance at 0x7f61cbbf1e10>,35,16,[1 9],36,192,208,156,179
1,<environment.Job instance at 0x7f61cbbf51e0>,36,20,[7 5],37,195,215,158,186
1,<environment.Job instance at 0x7f61cbbf50f0>,37,14,[ 5 14],38,215,229,177,200
1,<environment.Job instance at 0x7f61cbbf5190>,38,24,[13  2],39,229,253,190,224
1,<environment.Job instance at 0x7f61cbbf1230>,12,28,[ 1 14],13,253,281,240,252
1,<environment.Job instance at 0x7f61cbbf55a0>,40,26,[ 1 14],41,281,307,240,278
1,<environment.Job instance at 0x7f61cbbf5460>,41,12,[8 3],42,307,319,265,290
1,<environment.Job instance at 0x7f61cbbf5320>,42,12,[ 5 12],43,307,319,264,290
1,<environment.Job instance at 0x7f61cbbf5730>,43,16,[1 8],44,319,335,275,310
1,<environment.Job instance at 0x7f61cbbf5690>,44,12,[11  3],45,319,331,274,310
1,<environment.Job instance at 0x7f61cbbf56e0>,45,12,[ 3 14],46,335,347,289,318
1,<environment.Job instance at 0x7f61cbbf57d0>,46,14,[6 5],47,347,361,300,332
1,<environment.Job instance at 0x7f61cbbf5870>,47,14,[12  2],48,361,375,313,346
1,<environment.Job instance at 0x7f61cbbf5910>,48,14,[ 1 11],49,361,375,312,346
1,<environment.Job instance at 0x7f61cbbf59b0>,49,13,[1 5],50,347,360,297,346
1,<environment.Job instance at 0x7f61cbbf5a50>,50,13,[ 4 12],51,375,388,324,359
1,<environment.Job instance at 0x7f61cbbf5af0>,51,13,[5 6],52,388,401,336,372
1,<environment.Job instance at 0x7f61cbbf5b90>,52,21,[14  2],53,401,422,348,393
1,<environment.Job instance at 0x7f61cbbf5c30>,53,17,[7 4],54,422,439,368,410
1,<environment.Job instance at 0x7f61cbbf5d70>,54,13,[7 3],55,422,435,367,410
1,<environment.Job instance at 0x7f61cbbf5d20>,55,12,[ 2 12],56,439,451,383,422
1,<environment.Job instance at 0x7f61cbbf5eb0>,56,21,[8 4],57,451,472,394,443
1,<environment.Job instance at 0x7f61cbbf5f50>,57,16,[ 2 11],58,451,467,393,443
1,<environment.Job instance at 0x7f61cbbf1a00>,24,20,[4 6],25,467,487,442,458
1,<environment.Job instance at 0x7f61cbbf7050>,59,19,[1 7],60,472,491,412,471
1,<environment.Job instance at 0x7f61cbbf7320>,63,12,[5 3],64,487,499,423,471
1,<environment.Job instance at 0x7f61cbbf5fa0>,58,17,[ 3 13],59,499,516,440,487
1,<environment.Job instance at 0x7f61cbbf53c0>,39,18,[9 4],40,516,534,476,506
1,<environment.Job instance at 0x7f61cbbf1d20>,33,28,[6 4],34,516,544,482,516
1,<environment.Job instance at 0x7f61cbbf76e0>,69,26,[1 7],70,534,560,464,531
1,<environment.Job instance at 0x7f61cbbf7780>,70,15,[8 4],71,534,549,463,531
1,<environment.Job instance at 0x7f61cbbf78c0>,71,14,[4 9],72,560,574,488,545
1,<environment.Job instance at 0x7f61cbbf7640>,68,12,[7 1],69,549,561,480,547
1,<environment.Job instance at 0x7f61cbbf7820>,72,28,[11  1],73,561,589,488,560
1,<environment.Job instance at 0x7f61cbbf7910>,74,19,[3 8],75,574,593,499,564
1,<environment.Job instance at 0x7f61cbbf7af0>,75,17,[7 1],76,589,606,513,577
1,<environment.Job instance at 0x7f61cbbf7b90>,76,14,[10  4],77,606,620,529,592
1,<environment.Job instance at 0x7f61cbbf7c30>,77,13,[10  1],78,620,633,542,604
1,<environment.Job instance at 0x7f61cbbf7cd0>,78,16,[8 1],79,633,649,554,620
1,<environment.Job instance at 0x7f61cbbf7d70>,79,14,[12  1],80,649,663,569,634
1,<environment.Job instance at 0x7f61cbbf75a0>,67,18,[9 4],68,663,681,595,653
1,<environment.Job instance at 0x7f61cbbf7fa0>,81,19,[5 5],82,663,682,581,653
1,<environment.Job instance at 0x7f61cbbf7f50>,82,14,[8 5],83,681,695,598,666
1,<environment.Job instance at 0x7f61cbbf7a50>,73,18,[3 5],74,682,700,608,673
1,<environment.Job instance at 0x7f61cbbf7e10>,80,19,[12  3],81,695,714,614,688
1,<environment.Job instance at 0x7f61cbbfa050>,84,18,[ 3 10],85,700,718,615,700
1,<environment.Job instance at 0x7f61cbbfa230>,86,15,[1 7],87,718,733,631,704
1,<environment.Job instance at 0x7f61cbbeebe0>,7,26,[9 3],8,714,740,706,714
1,<environment.Job instance at 0x7f61cbbf7460>,65,26,[5 5],66,723,749,657,723
1,<environment.Job instance at 0x7f61cbbfa410>,89,16,[4 9],90,740,756,650,727
1,<environment.Job instance at 0x7f61cbbfa2d0>,87,26,[2 7],88,756,782,668,753
1,<environment.Job instance at 0x7f61cbbfa4b0>,90,17,[ 5 14],91,782,799,691,770
1,<environment.Job instance at 0x7f61cbbfa5f0>,92,15,[9 1],93,770,785,677,770
1,<environment.Job instance at 0x7f61cbbfa690>,93,23,[9 1],94,785,808,691,779
1,<environment.Job instance at 0x7f61cbbfa8c0>,94,25,[ 1 13],95,799,824,704,795
1,<environment.Job instance at 0x7f61cbbfa870>,95,21,[14  5],96,824,845,728,816
1,<environment.Job instance at 0x7f61cbbfa9b0>,96,16,[8 4],97,845,861,748,832
1,<environment.Job instance at 0x7f61cbbfaa50>,97,18,[2 6],98,845,863,747,834
1,<environment.Job instance at 0x7f61cbbfaaf0>,98,24,[13  2],99,861,885,762,856
1,<environment.Job instance at 0x7f61cbbfab90>,99,25,[6 5],100,885,910,785,881
1,<environment.Job instance at 0x7f61cbbfac30>,100,28,[13  5],101,910,938,809,909
1,<environment.Job instance at 0x7f61cbbfa550>,91,22,[11  2],92,938,960,846,933
1,<environment.Job instance at 0x7f61cbbfad70>,102,15,[ 2 13],103,938,953,835,933
1,<environment.Job instance at 0x7f61cbbfae10>,103,13,[11  4],104,960,973,856,944
1,<environment.Job instance at 0x7f61cbbfaeb0>,104,16,[1 9],105,953,969,848,945
1,<environment.Job instance at 0x7f61cbbfaf50>,105,19,[ 1 10],106,969,988,863,964
1,<environment.Job instance at 0x7f61cbbfa7d0>,106,16,[7 5],107,973,989,866,967
1,<environment.Job instance at 0x7f61cbbfd190>,108,25,[1 7],109,988,1013,879,984
1,<environment.Job instance at 0x7f61cbbfa0f0>,85,27,[5 5],86,990,1017,904,990
1,<environment.Job instance at 0x7f61cbbfd2d0>,110,27,[ 3 11],111,1017,1044,906,1015
1,<environment.Job instance at 0x7f61cbbfd460>,111,23,[5 1],112,1015,1038,903,1015
1,<environment.Job instance at 0x7f61cbbfd4b0>,112,17,[12  4],113,1038,1055,925,1028
1,<environment.Job instance at 0x7f61cbbfd550>,113,12,[1 6],114,1044,1056,930,1028
1,<environment.Job instance at 0x7f61cbbfd5f0>,114,17,[5 1],115,1055,1072,940,1043
1,<environment.Job instance at 0x7f61cbbfd230>,109,18,[1 9],110,1056,1074,946,1053
1,<environment.Job instance at 0x7f61cbbfd730>,116,17,[5 5],117,1055,1072,938,1053
1,<environment.Job instance at 0x7f61cbbfa370>,88,18,[7 1],89,1072,1090,983,1066
1,<environment.Job instance at 0x7f61cbbfd7d0>,117,26,[5 4],118,1072,1098,954,1069
1,<environment.Job instance at 0x7f61cbbfd870>,118,15,[ 4 10],119,1090,1105,971,1081
1,<environment.Job instance at 0x7f61cbbf7f00>,83,21,[4 8],84,1105,1126,1021,1099
1,<environment.Job instance at 0x7f61cbbfdb40>,122,18,[7 4],123,1099,1117,976,1099
1,<environment.Job instance at 0x7f61cbbfd9b0>,120,17,[ 4 12],121,1126,1143,1005,1114
1,<environment.Job instance at 0x7f61cbbfd690>,115,19,[14  5],116,1143,1162,1027,1134
1,<environment.Job instance at 0x7f61cbbfd0a0>,127,20,[13  4],128,1162,1182,1034,1153
1,<environment.Job instance at 0x7f61cbbfdf00>,128,26,[1 6],129,1153,1179,1024,1153
1,<environment.Job instance at 0x7f61cbc45370>,129,14,[13  2],130,1182,1196,1052,1167
1,<environment.Job instance at 0x7f61d52254b0>,130,21,[5 4],131,1196,1217,1065,1188
1,<environment.Job instance at 0x7f61cbbfddc0>,126,27,[12  1],127,1217,1244,1090,1215
1,<environment.Job instance at 0x7f61d5219320>,131,27,[13  4],132,1244,1271,1112,1242
1,<environment.Job instance at 0x7f61cbbe49b0>,133,17,[5 1],134,1271,1288,1137,1259
1,<environment.Job instance at 0x7f61cbbe46e0>,134,26,[4 7],135,1271,1297,1136,1268
1,<environment.Job instance at 0x7f61cbbfdd20>,125,21,[10  1],126,1288,1309,1162,1285
1,<environment.Job instance at 0x7f61cbbe4910>,136,12,[5 4],137,1297,1309,1160,1285
1,<environment.Job instance at 0x7f61cbbe4cd0>,138,14,[6 5],139,1309,1323,1170,1294
1,<environment.Job instance at 0x7f61cbd104b0>,139,17,[8 2],140,1309,1326,1169,1297
1,<environment.Job instance at 0x7f61cbd13be0>,141,13,[1 8],142,1309,1322,1167,1298
1,<environment.Job instance at 0x7f61cbbe4af0>,135,17,[ 5 12],136,1323,1340,1187,1311
1,<environment.Job instance at 0x7f61cbcaa820>,148,13,[10  5],149,1340,1353,1191,1324
1,<environment.Job instance at 0x7f61cb5c7e60>,2,12,[1 5],3,3,15,0,3
1,<environment.Job instance at 0x7f61cb800c80>,5,17,[5 8],6,6,23,0,6
1,<environment.Job instance at 0x7f61cb7e3690>,6,15,[ 2 10],7,23,38,16,9
1,<environment.Job instance at 0x7f61cb6546e0>,10,26,[5 4],11,15,41,4,12
1,<environment.Job instance at 0x7f61cb654d20>,15,16,[11  3],16,41,57,25,29
1,<environment.Job instance at 0x7f61cb654dc0>,17,18,[14  2],18,57,75,39,46
1,<environment.Job instance at 0x7f61cb654eb0>,18,14,[6 3],19,75,89,56,60
1,<environment.Job instance at 0x7f61cb654e10>,14,22,[3 8],15,75,97,60,73
1,<environment.Job instance at 0x7f61cb659500>,21,14,[ 5 10],22,97,111,75,82
1,<environment.Job instance at 0x7f61cb659410>,22,17,[4 7],23,111,128,88,99
1,<environment.Job instance at 0x7f61cb659280>,23,13,[5 7],24,111,124,87,99
1,<environment.Job instance at 0x7f61cb659c80>,26,19,[3 8],27,124,143,97,115
1,<environment.Job instance at 0x7f61cb659f00>,29,16,[8 4],30,128,144,98,115
1,<environment.Job instance at 0x7f61cb659320>,19,17,[14  3],20,144,161,124,134
1,<environment.Job instance at 0x7f61cb65e410>,36,17,[9 2],37,161,178,124,149
1,<environment.Job instance at 0x7f61cb65e230>,37,16,[1 7],38,157,173,119,157
1,<environment.Job instance at 0x7f61cb65e190>,42,20,[7 5],43,178,198,135,169
1,<environment.Job instance at 0x7f61cb752b40>,43,15,[9 5],44,198,213,154,184
1,<environment.Job instance at 0x7f61cb65e4b0>,35,22,[12  2],36,213,235,177,206
1,<environment.Job instance at 0x7f61cb7e2690>,46,18,[7 1],47,235,253,188,224
1,<environment.Job instance at 0x7f61cb7b39b0>,45,21,[5 9],46,235,256,189,227
1,<environment.Job instance at 0x7f61cb785be0>,48,14,[7 1],49,253,267,204,238
1,<environment.Job instance at 0x7f61cb69c960>,52,22,[2 8],53,256,278,203,249
1,<environment.Job instance at 0x7f61cb69c140>,53,15,[6 1],54,256,271,202,249
1,<environment.Job instance at 0x7f61cb69c370>,54,18,[5 4],55,267,285,212,256
1,<environment.Job instance at 0x7f61cb6a87d0>,60,20,[ 2 10],61,278,298,217,269
1,<environment.Job instance at 0x7f61cb6a8690>,61,15,[11  5],62,285,300,223,271
1,<environment.Job instance at 0x7f61cb6a83c0>,64,13,[2 5],65,298,311,233,282
1,<environment.Job instance at 0x7f61cb7855f0>,47,19,[3 8],48,300,319,252,292
1,<environment.Job instance at 0x7f61cb66da50>,71,17,[14  5],72,319,336,247,307
1,<environment.Job instance at 0x7f61cb6d6140>,70,23,[1 9],71,319,342,248,318
1,<environment.Job instance at 0x7f61cb592960>,76,15,[8 5],77,336,351,259,322
1,<environment.Job instance at 0x7f61cb46e7d0>,79,12,[4 8],80,342,354,262,325
1,<environment.Job instance at 0x7f61cb46e3c0>,80,19,[4 7],81,351,370,270,341
1,<environment.Job instance at 0x7f61cb66d910>,72,25,[4 8],73,354,379,281,351
1,<environment.Job instance at 0x7f61cb6545f0>,12,19,[2 5],13,370,389,357,365
1,<environment.Job instance at 0x7f61cbba5be0>,87,16,[8 4],88,379,395,291,369
1,<environment.Job instance at 0x7f61cb1da910>,90,13,[2 7],91,389,402,298,373
1,<environment.Job instance at 0x7f61cb185820>,95,13,[9 2],96,395,408,299,379
1,<environment.Job instance at 0x7f61cb324320>,96,13,[4 5],97,395,408,298,379
1,<environment.Job instance at 0x7f61cb184cd0>,102,13,[3 5],103,408,421,305,392
1,<environment.Job instance at 0x7f61cb236910>,103,16,[5 8],104,408,424,304,395
1,<environment.Job instance at 0x7f61cb19bd20>,106,14,[3 5],107,421,435,314,406
1,<environment.Job instance at 0x7f61cb19b6e0>,113,17,[10  2],114,424,441,310,412
1,<environment.Job instance at 0x7f61cb19f870>,117,17,[10  4],118,441,458,323,429
1,<environment.Job instance at 0x7f61cb19f190>,118,13,[6 4],119,458,471,339,442
1,<environment.Job instance at 0x7f61cb19f410>,121,16,[6 3],122,458,474,336,445
1,<environment.Job instance at 0x7f61cb19e4b0>,125,13,[8 3],126,471,484,345,455
1,<environment.Job instance at 0x7f61cb19e230>,126,22,[7 5],127,474,496,347,467
1,<environment.Job instance at 0x7f61cb19ea50>,127,20,[5 8],128,484,504,356,475
1,<environment.Job instance at 0x7f61cb19e690>,128,17,[8 4],129,496,513,367,484
1,<environment.Job instance at 0x7f61cb19eb90>,129,15,[3 6],130,504,519,374,490
1,<environment.Job instance at 0x7f61cb19e870>,132,15,[5 8],133,513,528,380,499
1,<environment.Job instance at 0x7f61cb198af0>,136,17,[ 5 10],137,528,545,391,516
1,<environment.Job instance at 0x7f61cb198b90>,140,13,[8 4],141,519,532,378,516
1,<environment.Job instance at 0x7f61cb19df50>,148,12,[5 8],149,545,557,396,528
1,<environment.Job instance at 0x7f61cb58c550>,84,22,[ 4 10],85,557,579,472,551
1,<environment.Job instance at 0x7f61cb1f23c0>,91,24,[7 2],92,556,580,464,556
1,<environment.Job instance at 0x7f61cb5c7b90>,0,24,[ 2 13],1,579,603,578,574
1,<environment.Job instance at 0x7f61cb58c140>,0,12,[5 5],1,1,13,0,1
1,<environment.Job instance at 0x7f61cb58cfa0>,3,18,[9 5],4,4,22,0,4
1,<environment.Job instance at 0x7f61cb58ca00>,4,18,[1 7],5,13,31,8,5
1,<environment.Job instance at 0x7f61cb58cc30>,9,16,[11  3],10,22,38,12,10
1,<environment.Job instance at 0x7f61cb3100f0>,14,12,[4 7],15,31,43,16,20
1,<environment.Job instance at 0x7f61cb58cf50>,10,14,[7 1],11,38,52,27,23
1,<environment.Job instance at 0x7f61cb310af0>,19,19,[ 3 11],20,43,62,23,33
1,<environment.Job instance at 0x7f61cb310f50>,20,14,[3 7],21,62,76,41,47
1,<environment.Job instance at 0x7f61cb3100a0>,21,15,[13  3],22,76,91,54,62
1,<environment.Job instance at 0x7f61cb310fa0>,24,16,[ 4 10],25,91,107,66,78
1,<environment.Job instance at 0x7f61cb310550>,32,13,[2 9],33,107,120,74,91
1,<environment.Job instance at 0x7f61cb310a00>,25,20,[5 8],26,120,140,94,111
1,<environment.Job instance at 0x7f61cb31d410>,34,12,[2 7],35,120,132,85,111
1,<environment.Job instance at 0x7f61cb58c6e0>,13,23,[ 1 11],14,140,163,126,134
1,<environment.Job instance at 0x7f61cb31dd70>,37,28,[11  5],38,163,191,125,162
1,<environment.Job instance at 0x7f61cb31dc80>,38,25,[14  5],39,191,216,152,187
1,<environment.Job instance at 0x7f61cb31ddc0>,39,26,[14  1],40,216,242,176,213
1,<environment.Job instance at 0x7f61cb31d1e0>,40,17,[12  2],41,242,259,201,230
1,<environment.Job instance at 0x7f61cb31d230>,41,26,[6 2],42,259,285,217,256
1,<environment.Job instance at 0x7f61cb31d140>,42,23,[5 8],43,259,282,216,256
1,<environment.Job instance at 0x7f61cb31dbe0>,43,17,[5 9],44,282,299,238,270
1,<environment.Job instance at 0x7f61cb31db40>,44,17,[7 1],45,285,302,240,273
1,<environment.Job instance at 0x7f61cb31d0a0>,45,21,[ 4 14],46,299,320,253,291
1,<environment.Job instance at 0x7f61cb30ef50>,81,20,[5 5],82,320,340,238,316
1,<environment.Job instance at 0x7f61cb30ec30>,85,17,[7 4],86,320,337,234,316
1,<environment.Job instance at 0x7f61cb31db90>,46,28,[5 6],47,337,365,290,336
1,<environment.Job instance at 0x7f61cb30ea50>,87,19,[3 8],88,346,365,258,346
1,<environment.Job instance at 0x7f61cb30ecd0>,89,13,[1 7],90,365,378,275,349
1,<environment.Job instance at 0x7f61cb309eb0>,92,18,[10  5],93,365,383,272,354
1,<environment.Job instance at 0x7f61cb3098c0>,99,16,[4 5],100,378,394,278,365
1,<environment.Job instance at 0x7f61cb3094b0>,102,14,[4 5],103,383,397,280,369
1,<environment.Job instance at 0x7f61cb309280>,105,13,[5 6],106,394,407,288,378
1,<environment.Job instance at 0x7f61cb306140>,110,20,[4 9],111,397,417,286,395
1,<environment.Job instance at 0x7f61cb306b90>,118,18,[5 5],119,407,425,288,398
1,<environment.Job instance at 0x7f61cb30e550>,88,17,[ 1 11],89,425,442,336,413
1,<environment.Job instance at 0x7f61cb300a00>,129,13,[6 2],130,427,440,297,427
1,<environment.Job instance at 0x7f61cb3001e0>,131,12,[7 5],132,442,454,310,427
1,<environment.Job instance at 0x7f61cb300550>,132,20,[10  2],133,454,474,321,445
1,<environment.Job instance at 0x7f61cb300500>,134,15,[2 6],135,445,460,310,445
1,<environment.Job instance at 0x7f61cb3005a0>,135,17,[10  4],136,474,491,338,462
1,<environment.Job instance at 0x7f61cb3004b0>,136,19,[6 5],137,491,510,354,481
1,<environment.Job instance at 0x7f61cb2c7140>,140,19,[3 6],141,481,500,340,481
1,<environment.Job instance at 0x7f61cb300820>,126,23,[2 8],127,500,523,373,494
1,<environment.Job instance at 0x7f61cb2c7050>,142,18,[ 2 13],143,523,541,380,512
1,<environment.Job instance at 0x7f61cb2c7cd0>,143,14,[14  2],144,541,555,397,526
1,<environment.Job instance at 0x7f61cb2c96e0>,148,16,[12  5],149,555,571,406,542
1,<environment.Job instance at 0x7f61cb58c2d0>,15,27,[12  4],16,590,617,574,590
1,<environment.Job instance at 0x7f61cb2c9aa0>,147,15,[4 9],148,617,632,469,603
1,<environment.Job instance at 0x7f61cb31dd20>,36,21,[10  5],37,617,638,580,616
1,<environment.Job instance at 0x7f61cb5c7230>,1,15,[14  2],2,638,653,636,626
1,<environment.Job instance at 0x7f61cb58ca50>,2,19,[7 3],3,3,22,0,3
1,<environment.Job instance at 0x7f61cb15ac80>,5,18,[5 5],6,6,24,0,6
1,<environment.Job instance at 0x7f61cb15adc0>,6,15,[2 6],7,7,22,0,7
1,<environment.Job instance at 0x7f61cb15af00>,7,14,[8 4],8,22,36,14,8
1,<environment.Job instance at 0x7f61cb15aeb0>,10,15,[5 2],11,24,39,13,14
1,<environment.Job instance at 0x7f61cb15d230>,12,13,[10  4],13,36,49,23,22
1,<environment.Job instance at 0x7f61cb15d190>,9,25,[8 2],10,49,74,39,45
1,<environment.Job instance at 0x7f61cb37b0f0>,0,23,[3 9],1,45,68,44,45
1,<environment.Job instance at 0x7f61cb15daf0>,22,12,[ 2 13],23,68,80,45,51
1,<environment.Job instance at 0x7f61cb15d5a0>,15,12,[12  2],16,74,86,58,67
1,<environment.Job instance at 0x7f61cb15dd20>,27,20,[8 5],28,86,106,58,77
1,<environment.Job instance at 0x7f61cb160640>,41,17,[5 4],42,86,103,44,77
1,<environment.Job instance at 0x7f61cb160820>,44,16,[4 6],45,103,119,58,90
1,<environment.Job instance at 0x7f61cb160960>,46,16,[7 2],47,106,122,59,93
1,<environment.Job instance at 0x7f61cb160be0>,50,15,[3 5],51,106,121,55,93
1,<environment.Job instance at 0x7f61cb160e60>,52,17,[5 5],53,119,136,66,107
1,<environment.Job instance at 0x7f61cb1635f0>,64,13,[5 5],65,122,135,57,108
1,<environment.Job instance at 0x7f61cb163730>,66,18,[6 3],67,135,153,68,124
1,<environment.Job instance at 0x7f61cb163140>,67,16,[9 4],68,136,152,68,124
1,<environment.Job instance at 0x7f61cb163af0>,70,14,[9 5],71,152,166,81,137
1,<environment.Job instance at 0x7f61cb15dbe0>,25,21,[4 8],26,153,174,127,147
1,<environment.Job instance at 0x7f61cb163c80>,73,19,[7 5],74,166,185,92,156
1,<environment.Job instance at 0x7f61cb163e10>,76,21,[8 4],77,174,195,97,170
1,<environment.Job instance at 0x7f61cb1525a0>,78,15,[1 7],79,185,200,106,174
1,<environment.Job instance at 0x7f61cb151a00>,79,14,[7 2],80,195,209,115,181
1,<environment.Job instance at 0x7f61cb15d0f0>,11,27,[6 4],12,185,212,173,183
1,<environment.Job instance at 0x7f61cb1518c0>,84,24,[10  1],85,212,236,127,207
1,<environment.Job instance at 0x7f61cb151230>,83,13,[1 6],84,207,220,123,207
1,<environment.Job instance at 0x7f61cb151b90>,86,13,[5 2],87,220,233,133,207
1,<environment.Job instance at 0x7f61cb151af0>,87,16,[ 2 10],88,233,249,145,220
1,<environment.Job instance at 0x7f61cb151410>,92,18,[2 5],93,236,254,143,225
1,<environment.Job instance at 0x7f61cb8d9dc0>,95,19,[5 7],96,249,268,153,239
1,<environment.Job instance at 0x7f61cb1517d0>,85,15,[1 6],86,254,269,168,240
1,<environment.Job instance at 0x7f61cbb74730>,99,21,[1 7],100,268,289,168,260
1,<environment.Job instance at 0x7f61cb55dd70>,101,16,[6 1],102,260,276,158,260
1,<environment.Job instance at 0x7f61cb55d9b0>,103,14,[10  3],104,276,290,172,261
1,<environment.Job instance at 0x7f61cb569190>,104,18,[4 7],105,289,307,184,278
1,<environment.Job instance at 0x7f61cb8f4500>,100,15,[2 7],101,290,305,189,279
1,<environment.Job instance at 0x7f61cc7300a0>,109,14,[ 3 10],110,307,321,197,293
1,<environment.Job instance at 0x7f61cb569140>,110,13,[4 5],111,305,318,194,293
1,<environment.Job instance at 0x7f61cc04c370>,111,22,[ 4 12],112,321,343,209,314
1,<environment.Job instance at 0x7f61cc040d20>,108,21,[5 6],109,343,364,234,335
1,<environment.Job instance at 0x7f61cb638960>,112,16,[1 5],113,343,359,230,335
1,<environment.Job instance at 0x7f61cbfe92d0>,114,27,[12  1],115,364,391,249,362
1,<environment.Job instance at 0x7f61cb572fa0>,115,18,[14  5],116,391,409,275,380
1,<environment.Job instance at 0x7f61cb572be0>,116,13,[ 5 11],117,409,422,292,393
1,<environment.Job instance at 0x7f61cb572190>,117,27,[12  2],118,422,449,304,420
1,<environment.Job instance at 0x7f61cb572e10>,118,13,[10  1],119,449,462,330,433
1,<environment.Job instance at 0x7f61cc265e60>,119,27,[5 1],120,449,476,329,447
1,<environment.Job instance at 0x7f61cb572f00>,120,28,[ 5 10],121,462,490,341,461
1,<environment.Job instance at 0x7f61cb572050>,113,18,[4 9],114,490,508,376,479
1,<environment.Job instance at 0x7f61cb572dc0>,121,27,[11  5],122,490,517,368,488
1,<environment.Job instance at 0x7f61cb8dc0a0>,129,14,[1 7],130,508,522,378,500
1,<environment.Job instance at 0x7f61cb8dc2d0>,130,18,[7 5],131,517,535,386,506
1,<environment.Job instance at 0x7f61cb8e7550>,134,22,[10  2],135,535,557,400,530
1,<environment.Job instance at 0x7f61cb8e7fa0>,137,16,[2 8],138,539,555,401,539
1,<environment.Job instance at 0x7f61cb548730>,145,18,[2 5],146,540,558,394,540
1,<environment.Job instance at 0x7f61cb548960>,148,14,[3 9],149,557,571,408,547
1,<environment.Job instance at 0x7f61cb163d20>,74,25,[ 4 10],75,665,690,590,665
1,<environment.Job instance at 0x7f61cb8e6190>,125,27,[12  4],126,869,896,743,869
1,<environment.Job instance at 0x7f61cb15ddc0>,28,18,[11  4],29,1424,1442,1395,1424
1,<environment.Job instance at 0x7f61cb579a00>,0,14,[5 1],1,1,15,0,1
1,<environment.Job instance at 0x7f61cbd09730>,4,14,[8 4],5,5,19,0,5
1,<environment.Job instance at 0x7f61cb15de10>,1,24,[2 6],2,6,30,4,6
1,<environment.Job instance at 0x7f61cbd09a00>,5,14,[11  2],6,19,33,13,6
1,<environment.Job instance at 0x7f61cbd090a0>,8,14,[5 8],9,33,47,24,18
1,<environment.Job instance at 0x7f61cbc86d20>,14,19,[3 6],15,30,49,15,20
1,<environment.Job instance at 0x7f61cbc86e60>,16,15,[6 1],17,33,48,16,20
1,<environment.Job instance at 0x7f61cbc86af0>,20,12,[2 8],21,47,59,26,30
1,<environment.Job instance at 0x7f61cbcfcaa0>,21,13,[6 4],22,49,62,27,33
1,<environment.Job instance at 0x7f61cbcfccd0>,24,13,[5 7],25,59,72,34,43
1,<environment.Job instance at 0x7f61cbcfc140>,26,14,[4 9],27,72,86,45,57
1,<environment.Job instance at 0x7f61cbcfc690>,27,18,[8 3],28,62,80,34,57
1,<environment.Job instance at 0x7f61cbcfc2d0>,29,15,[1 8],30,86,101,56,72
1,<environment.Job instance at 0x7f61cbcfc780>,32,20,[8 5],33,80,100,47,72
1,<environment.Job instance at 0x7f61cbcfc0f0>,35,18,[3 7],36,100,118,64,89
1,<environment.Job instance at 0x7f61cbcc3140>,37,18,[10  1],38,101,119,63,92
1,<environment.Job instance at 0x7f61cbcc37d0>,38,20,[2 7],39,101,121,62,92
1,<environment.Job instance at 0x7f61cbcc3780>,40,17,[5 2],41,119,136,78,107
1,<environment.Job instance at 0x7f61cbcc3e60>,41,18,[4 9],42,121,139,79,110
1,<environment.Job instance at 0x7f61cbcc3690>,42,12,[6 2],43,119,131,76,110
1,<environment.Job instance at 0x7f61cbcc36e0>,45,16,[6 2],46,131,147,85,118
1,<environment.Job instance at 0x7f61cbcc30a0>,46,16,[8 2],47,139,155,92,126
1,<environment.Job instance at 0x7f61cbcc3050>,49,16,[7 4],50,147,163,97,134
1,<environment.Job instance at 0x7f61cbcc3b40>,52,12,[7 2],53,155,167,102,138
1,<environment.Job instance at 0x7f61cb959be0>,55,18,[ 2 10],56,163,181,107,152
1,<environment.Job instance at 0x7f61cb904e10>,65,17,[10  1],66,167,184,101,157
1,<environment.Job instance at 0x7f61cb904050>,72,16,[5 4],73,181,197,108,168
1,<environment.Job instance at 0x7f61cb9049b0>,74,21,[3 7],75,184,205,109,176
1,<environment.Job instance at 0x7f61cb9045f0>,76,17,[3 5],77,197,214,120,185
1,<environment.Job instance at 0x7f61cb904b90>,78,14,[6 5],79,205,219,126,190
1,<environment.Job instance at 0x7f61cbc26370>,87,15,[4 7],88,214,229,126,200
1,<environment.Job instance at 0x7f61cbc26910>,88,12,[1 7],89,219,231,130,202
1,<environment.Job instance at 0x7f61cbc260a0>,89,17,[8 4],90,229,246,139,217
1,<environment.Job instance at 0x7f61cbc260f0>,90,16,[1 7],91,231,247,140,218
1,<environment.Job instance at 0x7f61cbd090f0>,6,21,[ 1 10],7,247,268,240,239
1,<environment.Job instance at 0x7f61cbc26690>,93,21,[8 3],94,246,267,152,243
1,<environment.Job instance at 0x7f61cb9d60a0>,96,20,[3 6],97,268,288,171,259
1,<environment.Job instance at 0x7f61cb9d6a50>,100,15,[5 5],101,267,282,166,260
1,<environment.Job instance at 0x7f61cb9d6be0>,105,18,[6 4],106,268,286,162,260
1,<environment.Job instance at 0x7f61cbfc1230>,111,13,[5 6],112,286,299,174,270
1,<environment.Job instance at 0x7f61cbfc1b40>,114,19,[1 6],115,288,307,173,278
1,<environment.Job instance at 0x7f61cbfc1dc0>,119,13,[5 8],120,299,312,179,283
1,<environment.Job instance at 0x7f61cbfc1910>,121,17,[2 7],122,307,324,185,295
1,<environment.Job instance at 0x7f61cb942cd0>,130,14,[9 2],131,312,326,181,297
1,<environment.Job instance at 0x7f61cbcbaaf0>,134,22,[5 4],135,324,346,189,317
1,<environment.Job instance at 0x7f61cbfbe6e0>,137,16,[5 2],138,326,342,188,317
1,<environment.Job instance at 0x7f61cbc81550>,138,12,[6 4],139,342,354,203,325
1,<environment.Job instance at 0x7f61cb9f5be0>,140,13,[1 8],141,326,339,185,326
1,<environment.Job instance at 0x7f61cbc81050>,142,22,[8 3],143,346,368,203,339
1,<environment.Job instance at 0x7f61cbcfa730>,144,18,[5 8],145,354,372,209,344
1,<environment.Job instance at 0x7f61cbe24500>,147,20,[5 7],148,368,388,220,359
1,<environment.Job instance at 0x7f61cbbdedc0>,148,12,[10  4],149,372,384,223,359
1,<environment.Job instance at 0x7f61cb9d6320>,94,27,[ 3 10],95,470,497,375,470
1,<environment.Job instance at 0x7f61cbd09190>,9,22,[ 4 10],10,508,530,498,508
1,<environment.Job instance at 0x7f61cc27b730>,0,14,[ 4 13],1,1,15,0,1
1,<environment.Job instance at 0x7f61cae55d70>,5,22,[6 2],6,6,28,0,6
1,<environment.Job instance at 0x7f61cc25ef00>,9,15,[9 2],10,15,30,5,10
1,<environment.Job instance at 0x7f61cc11f1e0>,13,16,[6 2],14,28,44,14,15
1,<environment.Job instance at 0x7f61cae010f0>,17,14,[2 9],18,30,44,12,18
1,<environment.Job instance at 0x7f61cbd19730>,27,17,[8 3],28,44,61,16,32
1,<environment.Job instance at 0x7f61cbd19a50>,29,18,[2 7],30,44,62,14,33
1,<environment.Job instance at 0x7f61cbeb25a0>,41,15,[6 3],42,61,76,19,47
1,<environment.Job instance at 0x7f61cbeb2a00>,42,16,[9 3],43,62,78,19,49
1,<environment.Job instance at 0x7f61cc22da50>,51,15,[5 4],52,76,91,24,62
1,<environment.Job instance at 0x7f61cbd6d370>,65,12,[5 5],66,78,90,12,66
1,<environment.Job instance at 0x7f61cbd67a00>,68,20,[7 4],69,90,110,21,81
1,<environment.Job instance at 0x7f61cc37b370>,69,17,[8 3],70,91,108,21,81
1,<environment.Job instance at 0x7f61cbe56730>,71,14,[8 3],72,108,122,36,93
1,<environment.Job instance at 0x7f61cbc808c0>,11,14,[5 7],12,110,124,98,96
1,<environment.Job instance at 0x7f61cc221cd0>,90,18,[7 4],91,122,140,31,111
1,<environment.Job instance at 0x7f61cc177140>,104,20,[5 3],105,124,144,19,115
1,<environment.Job instance at 0x7f61cc6cbaa0>,110,16,[6 3],111,140,156,29,127
1,<environment.Job instance at 0x7f61cb5829b0>,137,16,[8 3],138,144,160,6,140
1,<environment.Job instance at 0x7f61cb70a370>,146,12,[2 5],147,156,168,9,147
1,<environment.Job instance at 0x7f61cb86f550>,0,13,[ 1 12],1,1,14,0,1
1,<environment.Job instance at 0x7f61cbc84640>,4,14,[4 8],5,14,28,9,5
1,<environment.Job instance at 0x7f61cb383910>,8,13,[4 5],9,14,27,5,10
1,<environment.Job instance at 0x7f61cc0ebe10>,11,14,[10  4],12,27,41,15,12
1,<environment.Job instance at 0x7f61cbe2d370>,13,20,[8 4],14,41,61,27,32
1,<environment.Job instance at 0x7f61cbc7f8c0>,18,19,[6 5],19,41,60,22,32
1,<environment.Job instance at 0x7f61cbc7ff50>,21,15,[2 7],22,60,75,38,46
1,<environment.Job instance at 0x7f61cbb146e0>,22,17,[3 5],23,61,78,38,49
1,<environment.Job instance at 0x7f61cc1eeaa0>,36,12,[9 5],37,75,87,38,61
1,<environment.Job instance at 0x7f61cb78f8c0>,40,16,[5 4],41,78,94,37,65
1,<environment.Job instance at 0x7f61cb79ac80>,41,18,[7 2],42,87,105,45,76
1,<environment.Job instance at 0x7f61cbb00910>,52,19,[2 5],53,87,106,34,77
1,<environment.Job instance at 0x7f61cbb3bfa0>,57,17,[6 2],58,94,111,36,88
1,<environment.Job instance at 0x7f61cbb3bd20>,58,16,[6 5],59,105,121,46,92
1,<environment.Job instance at 0x7f61cbb3b8c0>,60,19,[4 5],61,111,130,50,101
1,<environment.Job instance at 0x7f61cbb3b640>,62,16,[6 3],63,121,137,58,108
1,<environment.Job instance at 0x7f61cbb3bdc0>,64,21,[5 4],65,111,132,46,108
1,<environment.Job instance at 0x7f61cbb0a050>,65,16,[6 4],66,132,148,66,119
1,<environment.Job instance at 0x7f61cbb0a6e0>,69,12,[5 4],70,137,149,67,120
1,<environment.Job instance at 0x7f61cbb0a320>,72,14,[8 4],73,148,162,75,133
1,<environment.Job instance at 0x7f61cb8ad5a0>,76,16,[7 5],77,149,165,72,136
1,<environment.Job instance at 0x7f61cb383c80>,9,14,[13  3],10,165,179,155,153
1,<environment.Job instance at 0x7f61cb8adb40>,86,20,[10  4],87,179,199,92,171
1,<environment.Job instance at 0x7f61cb8adc80>,89,21,[7 5],90,199,220,109,191
1,<environment.Job instance at 0x7f61cb8a91e0>,94,18,[6 3],95,199,217,104,191
1,<environment.Job instance at 0x7f61cb8a9410>,98,13,[2 7],99,203,216,104,203
1,<environment.Job instance at 0x7f61cb8a9550>,100,18,[10  1],101,220,238,119,209
1,<environment.Job instance at 0x7f61cb8a90a0>,104,14,[1 6],105,216,230,111,209
1,<environment.Job instance at 0x7f61cb8a9af0>,111,19,[7 3],112,238,257,126,228
1,<environment.Job instance at 0x7f61cb8a9e10>,114,16,[2 5],115,228,244,113,228
1,<environment.Job instance at 0x7f61cb898050>,118,15,[2 5],119,230,245,111,228
1,<environment.Job instance at 0x7f61cb898280>,119,14,[3 7],120,244,258,124,229
1,<environment.Job instance at 0x7f61cb898870>,127,17,[8 4],128,257,274,129,245
1,<environment.Job instance at 0x7f61cb8989b0>,129,14,[5 1],130,258,272,128,245
1,<environment.Job instance at 0x7f61cb898a50>,130,14,[2 8],131,258,272,127,245
1,<environment.Job instance at 0x7f61cb8984b0>,133,14,[5 2],134,272,286,138,257
1,<environment.Job instance at 0x7f61cb898e10>,136,15,[8 1],137,274,289,137,261
1,<environment.Job instance at 0x7f61cb8af500>,144,15,[5 5],145,286,301,141,272
1,<environment.Job instance at 0x7f61cb86f1e0>,1,16,[ 2 12],2,353,369,351,353
1,<environment.Job instance at 0x7f61cb8adbe0>,87,23,[9 5],88,575,598,487,575
1,<environment.Job instance at 0x7f61cb8b84b0>,0,15,[ 3 13],1,1,16,0,1
1,<environment.Job instance at 0x7f61cb8b8550>,1,12,[ 3 14],2,16,28,14,3
1,<environment.Job instance at 0x7f61cbccb0a0>,4,18,[9 1],5,5,23,0,5
1,<environment.Job instance at 0x7f61cb8788c0>,6,14,[5 7],7,28,42,21,13
1,<environment.Job instance at 0x7f61cb878e60>,18,13,[2 9],19,42,55,23,26
1,<environment.Job instance at 0x7f61cc4c0410>,21,12,[6 3],22,28,40,6,26
1,<environment.Job instance at 0x7f61cc4c0b40>,23,21,[1 5],24,28,49,4,26
1,<environment.Job instance at 0x7f61cb643690>,29,17,[7 5],30,49,66,19,37
1,<environment.Job instance at 0x7f61cb643410>,34,12,[3 7],35,55,67,20,38
1,<environment.Job instance at 0x7f61cb6432d0>,38,14,[5 7],39,66,80,27,51
1,<environment.Job instance at 0x7f61cb643c80>,42,13,[9 3],43,67,80,24,51
1,<environment.Job instance at 0x7f61cb3871e0>,44,13,[5 5],45,80,93,35,64
1,<environment.Job instance at 0x7f61cb387d20>,54,19,[7 5],55,80,99,25,70
1,<environment.Job instance at 0x7f61cb717370>,59,18,[8 2],60,93,111,33,82
1,<environment.Job instance at 0x7f61cb717dc0>,62,21,[8 4],63,111,132,48,103
1,<environment.Job instance at 0x7f61d50db3c0>,3,18,[6 4],4,103,121,99,103
1,<environment.Job instance at 0x7f61cb717140>,68,15,[7 4],69,121,136,52,107
1,<environment.Job instance at 0x7f61cb717b90>,69,14,[4 7],70,132,146,62,117
1,<environment.Job instance at 0x7f61cb3f2820>,70,19,[5 2],71,136,155,65,126
1,<environment.Job instance at 0x7f61cb3f26e0>,72,17,[6 5],73,136,153,63,126
1,<environment.Job instance at 0x7f61cc445d70>,85,15,[9 4],86,153,168,67,139
1,<environment.Job instance at 0x7f61cc445aa0>,86,15,[4 7],87,155,170,68,141
1,<environment.Job instance at 0x7f61cc2cccd0>,90,18,[5 5],91,168,186,77,157
1,<environment.Job instance at 0x7f61cc7e6320>,101,16,[8 3],102,170,186,68,157
1,<environment.Job instance at 0x7f61cb147280>,111,18,[5 5],112,186,204,74,175
1,<environment.Job instance at 0x7f61d5282c80>,112,14,[5 7],113,186,200,73,175
1,<environment.Job instance at 0x7f61cb803050>,123,18,[6 5],124,200,218,76,189
1,<environment.Job instance at 0x7f61cb64b2d0>,127,15,[10  5],128,218,233,90,204
1,<environment.Job instance at 0x7f61cbeeab90>,143,15,[2 7],144,213,228,69,213
1,<environment.Job instance at 0x7f61cb717eb0>,67,16,[ 5 14],68,844,860,776,844
1,<environment.Job instance at 0x7f61cb878e10>,7,12,[3 8],8,1483,1495,1475,1483
1,<environment.Job instance at 0x7f61cb8785a0>,5,17,[14  4],6,1495,1512,1489,1486
1,<environment.Job instance at 0x7f61caea69b0>,0,28,[5 5],1,2,30,1,2
1,<environment.Job instance at 0x7f61caea6be0>,5,19,[3 8],6,6,25,0,6
1,<environment.Job instance at 0x7f61cc0632d0>,10,14,[8 2],11,25,39,14,11
1,<environment.Job instance at 0x7f61cc0635a0>,13,18,[4 5],14,30,48,16,22
1,<environment.Job instance at 0x7f61cc0630f0>,14,18,[14  1],15,48,66,33,37
1,<environment.Job instance at 0x7f61cc0636e0>,15,13,[4 6],16,66,79,50,50
1,<environment.Job instance at 0x7f61cc063050>,16,15,[12  1],17,79,94,62,65
1,<environment.Job instance at 0x7f61cc0631e0>,17,13,[ 5 12],18,94,107,76,78
1,<environment.Job instance at 0x7f61cc063320>,18,28,[14  2],19,107,135,88,106
1,<environment.Job instance at 0x7f61cc063af0>,12,12,[ 4 14],13,135,147,122,118
1,<environment.Job instance at 0x7f61cb8785a0>,2,15,[13  2],3,147,162,144,133
1,<environment.Job instance at 0x7f61cc063640>,11,21,[9 5],12,162,183,150,154
1,<environment.Job instance at 0x7f61cc063e60>,23,16,[3 5],24,162,178,138,154
1,<environment.Job instance at 0x7f61cc063460>,28,21,[9 5],29,183,204,154,175
1,<environment.Job instance at 0x7f61cbc21690>,30,14,[9 5],31,204,218,173,189
1,<environment.Job instance at 0x7f61cbc21910>,33,21,[9 5],34,218,239,184,210
1,<environment.Job instance at 0x7f61cbc21820>,34,17,[10  3],35,239,256,204,227
1,<environment.Job instance at 0x7f61cbc21870>,37,12,[4 7],38,227,239,189,227
1,<environment.Job instance at 0x7f61cbc21c80>,38,15,[6 4],39,256,271,217,242
1,<environment.Job instance at 0x7f61cbc21280>,39,17,[3 8],40,242,259,202,242
1,<environment.Job instance at 0x7f61cbc21fa0>,40,15,[ 5 10],41,259,274,218,245
1,<environment.Job instance at 0x7f61cbc21960>,41,19,[5 4],42,271,290,229,261
1,<environment.Job instance at 0x7f61cc063190>,20,15,[ 5 11],21,274,289,253,262
1,<environment.Job instance at 0x7f61cbc21dc0>,45,17,[9 5],46,289,306,243,277
1,<environment.Job instance at 0x7f61cbc212d0>,51,15,[5 5],52,290,305,238,288
1,<environment.Job instance at 0x7f61cb59fe60>,53,18,[5 9],54,305,323,251,294
1,<environment.Job instance at 0x7f61cbc21460>,43,28,[9 1],44,306,334,262,305
1,<environment.Job instance at 0x7f61cb59ff50>,57,20,[3 6],58,323,343,265,314
1,<environment.Job instance at 0x7f61cb59fc30>,63,16,[7 4],64,334,350,270,321
1,<environment.Job instance at 0x7f61cb1a88c0>,74,14,[3 5],75,323,337,248,321
1,<environment.Job instance at 0x7f61cb1a8eb0>,83,13,[7 3],84,343,356,259,329
1,<environment.Job instance at 0x7f61cb1a8690>,88,16,[4 8],89,350,366,261,337
1,<environment.Job instance at 0x7f61cb1a8460>,90,18,[10  3],91,356,374,265,345
1,<environment.Job instance at 0x7f61cb1a8820>,94,18,[7 4],95,374,392,279,363
1,<environment.Job instance at 0x7f61cb1a8730>,97,21,[10  1],98,392,413,294,384
1,<environment.Job instance at 0x7f61d51784b0>,98,15,[1 5],99,384,399,285,384
1,<environment.Job instance at 0x7f61cb0e2410>,104,21,[6 3],105,413,434,308,405
1,<environment.Job instance at 0x7f61cb0e2050>,106,17,[10  5],107,434,451,327,422
1,<environment.Job instance at 0x7f61cb0e29b0>,108,21,[1 5],109,422,443,313,422
1,<environment.Job instance at 0x7f61cb0e2a00>,109,17,[1 7],110,443,460,333,431
1,<environment.Job instance at 0x7f61cb0e2b40>,115,18,[9 3],116,451,469,335,440
1,<environment.Job instance at 0x7f61cb0e2690>,116,17,[1 6],117,460,477,343,448
1,<environment.Job instance at 0x7f61cb0e26e0>,118,17,[3 5],119,451,468,332,448
1,<environment.Job instance at 0x7f61cc096230>,129,14,[4 9],130,469,483,339,454
1,<environment.Job instance at 0x7f61cc096b40>,130,17,[10  3],131,477,494,346,465
1,<environment.Job instance at 0x7f61cc0965a0>,132,18,[9 2],133,494,512,361,483
1,<environment.Job instance at 0x7f61cc0965f0>,135,16,[4 8],136,483,499,347,483
1,<environment.Job instance at 0x7f61cb59f820>,58,18,[ 3 10],59,499,517,440,489
1,<environment.Job instance at 0x7f61cc096500>,138,22,[1 8],139,517,539,378,510
1,<environment.Job instance at 0x7f61cc096190>,140,16,[11  4],141,512,528,371,510
1,<environment.Job instance at 0x7f61cc096410>,139,18,[ 2 13],140,542,560,402,542
1,<environment.Job instance at 0x7f61cc063eb0>,21,20,[ 3 11],22,560,580,538,551
1,<environment.Job instance at 0x7f61cbd61d20>,3,14,[5 5],4,4,18,0,4
1,<environment.Job instance at 0x7f61cbd61fa0>,5,15,[14  1],6,18,33,12,8
1,<environment.Job instance at 0x7f61cbd61500>,7,12,[1 8],8,10,22,2,10
1,<environment.Job instance at 0x7f61cbd610a0>,9,13,[8 2],10,33,46,23,17
1,<environment.Job instance at 0x7f61cbd61be0>,12,22,[2 8],13,33,55,20,28
1,<environment.Job instance at 0x7f61cb87e6e0>,26,12,[9 3],27,46,58,19,29
1,<environment.Job instance at 0x7f61cbfa21e0>,30,20,[2 8],31,55,75,24,47
1,<environment.Job instance at 0x7f61cbfa2780>,32,19,[5 5],33,58,77,25,48
1,<environment.Job instance at 0x7f61cbfa2eb0>,43,14,[7 3],44,75,89,31,60
1,<environment.Job instance at 0x7f61cbe8f820>,48,19,[8 4],49,77,96,28,67
1,<environment.Job instance at 0x7f61cbe8faa0>,50,20,[3 6],51,89,109,38,80
1,<environment.Job instance at 0x7f61cbd614b0>,14,25,[3 5],15,89,114,74,85
1,<environment.Job instance at 0x7f61cbe8f4b0>,56,21,[5 5],57,109,130,52,101
1,<environment.Job instance at 0x7f61cbe8fa50>,54,14,[10  5],55,114,128,59,101
1,<environment.Job instance at 0x7f61cbe8f640>,58,14,[11  4],59,130,144,71,116
1,<environment.Job instance at 0x7f61cbe8f0a0>,59,28,[7 1],60,144,172,84,143
1,<environment.Job instance at 0x7f61cbe8fdc0>,57,19,[1 8],58,153,172,95,153
1,<environment.Job instance at 0x7f61cbe8f050>,62,17,[5 5],63,153,170,90,153
1,<environment.Job instance at 0x7f61cbe8f500>,63,15,[5 5],64,170,185,106,156
1,<environment.Job instance at 0x7f61cb4b43c0>,65,20,[6 5],66,172,192,106,166
1,<environment.Job instance at 0x7f61cbc81d20>,71,14,[5 5],72,185,199,113,171
1,<environment.Job instance at 0x7f61cbe8f460>,60,21,[11  4],61,199,220,138,191
1,<environment.Job instance at 0x7f61cc1d9e10>,88,18,[7 2],89,220,238,131,209
1,<environment.Job instance at 0x7f61cc1d9fa0>,89,13,[ 3 14],90,238,251,148,222
1,<environment.Job instance at 0x7f61cc1d9460>,90,21,[8 3],91,251,272,160,243
1,<environment.Job instance at 0x7f61cc1d9c80>,91,18,[11  1],92,272,290,180,261
1,<environment.Job instance at 0x7f61cc1d9960>,92,12,[ 4 12],93,261,273,168,261
1,<environment.Job instance at 0x7f61cc1d9b90>,93,27,[ 4 14],94,273,300,179,271
1,<environment.Job instance at 0x7f61cc1d9d70>,102,17,[6 3],103,300,317,197,288
1,<environment.Job instance at 0x7f61cc1d90f0>,103,12,[4 8],104,300,312,196,288
1,<environment.Job instance at 0x7f61caf94e60>,110,12,[5 7],111,312,324,201,296
1,<environment.Job instance at 0x7f61caf949b0>,111,18,[6 5],112,317,335,205,306
1,<environment.Job instance at 0x7f61caf94640>,112,17,[8 5],113,324,341,211,312
1,<environment.Job instance at 0x7f61caf94870>,115,16,[5 8],116,335,351,219,322
1,<environment.Job instance at 0x7f61caf94b90>,119,14,[6 2],120,341,355,221,326
1,<environment.Job instance at 0x7f61caf94460>,124,16,[4 6],125,351,367,226,338
1,<environment.Job instance at 0x7f61caf94dc0>,127,14,[5 4],128,351,365,223,338
1,<environment.Job instance at 0x7f61cb2bd870>,144,15,[10  3],145,365,380,220,351
1,<environment.Job instance at 0x7f61cc1d9640>,94,17,[5 9],95,367,384,272,355
1,<environment.Job instance at 0x7f61cc68c370>,146,17,[14  2],147,384,401,237,372
1,<environment.Job instance at 0x7f61cc68c820>,145,18,[1 9],146,384,402,238,373
1,<environment.Job instance at 0x7f61cbb5fbe0>,147,23,[4 7],148,402,425,254,396
1,<environment.Job instance at 0x7f61cbd61960>,8,19,[5 8],9,402,421,393,401
1,<environment.Job instance at 0x7f61cbd61eb0>,0,20,[1 9],1,425,445,424,416
1,<environment.Job instance at 0x7f61cbf45e10>,1,14,[9 3],2,2,16,0,2
1,<environment.Job instance at 0x7f61cb118dc0>,0,18,[ 2 12],1,2,20,1,2
1,<environment.Job instance at 0x7f61d4d728c0>,4,14,[9 3],5,16,30,11,5
1,<environment.Job instance at 0x7f61d4d4c780>,15,13,[3 5],16,20,33,4,16
1,<environment.Job instance at 0x7f61d4d4c7d0>,16,18,[2 9],17,30,48,13,19
1,<environment.Job instance at 0x7f61d4d4c140>,18,16,[10  2],19,33,49,14,20
1,<environment.Job instance at 0x7f61cb336320>,22,21,[5 4],23,48,69,25,40
1,<environment.Job instance at 0x7f61d4d72a00>,17,20,[1 5],18,49,69,31,42
1,<environment.Job instance at 0x7f61cb336690>,26,16,[8 1],27,49,65,22,42
1,<environment.Job instance at 0x7f61cb336820>,28,17,[4 8],29,69,86,40,57
1,<environment.Job instance at 0x7f61cb3368c0>,29,18,[5 5],30,65,83,35,57
1,<environment.Job instance at 0x7f61cc3b2320>,43,15,[3 7],44,83,98,39,69
1,<environment.Job instance at 0x7f61cc3b2410>,44,15,[10  3],45,86,101,41,74
1,<environment.Job instance at 0x7f61d4d72e60>,7,19,[11  2],8,101,120,93,92
1,<environment.Job instance at 0x7f61cb336780>,27,25,[ 5 10],28,120,145,92,116
1,<environment.Job instance at 0x7f61cc3b2690>,50,20,[2 5],51,118,138,67,118
1,<environment.Job instance at 0x7f61cc3b25f0>,48,19,[9 2],49,138,157,89,133
1,<environment.Job instance at 0x7f61cc3b27d0>,51,21,[1 7],52,145,166,93,137
1,<environment.Job instance at 0x7f61cc3b2870>,52,17,[10  3],53,157,174,104,145
1,<environment.Job instance at 0x7f61cc3b29b0>,54,16,[9 2],55,174,190,119,161
1,<environment.Job instance at 0x7f61cc3b2fa0>,61,12,[1 7],62,166,178,104,161
1,<environment.Job instance at 0x7f61cc3ae5a0>,70,15,[2 5],71,175,190,104,175
1,<environment.Job instance at 0x7f61cc3aea00>,77,12,[7 5],78,190,202,112,175
1,<environment.Job instance at 0x7f61cc3aed20>,80,21,[4 7],81,178,199,97,177
1,<environment.Job instance at 0x7f61cc3aedc0>,81,16,[6 1],82,199,215,117,186
1,<environment.Job instance at 0x7f61cc3aee60>,82,12,[7 4],83,202,214,119,186
1,<environment.Job instance at 0x7f61cc3aef00>,83,13,[6 3],84,214,227,130,198
1,<environment.Job instance at 0x7f61cc3aec80>,84,13,[1 7],85,199,212,114,198
1,<environment.Job instance at 0x7f61cb22a2d0>,88,18,[4 5],89,215,233,126,204
1,<environment.Job instance at 0x7f61cb22a190>,90,17,[8 3],91,227,244,136,215
1,<environment.Job instance at 0x7f61cb22a410>,91,14,[9 3],92,244,258,152,229
1,<environment.Job instance at 0x7f61cb8e5d70>,99,15,[3 5],100,229,244,129,229
1,<environment.Job instance at 0x7f61cb21de60>,102,21,[4 7],103,233,254,130,233
1,<environment.Job instance at 0x7f61cb21df00>,104,18,[5 5],105,254,272,149,243
1,<environment.Job instance at 0x7f61cb21d230>,107,18,[9 2],108,258,276,150,247
1,<environment.Job instance at 0x7f61cc051410>,120,17,[2 7],121,272,289,151,260
1,<environment.Job instance at 0x7f61cb7f0b40>,122,20,[10  2],123,276,296,153,268
1,<environment.Job instance at 0x7f61cb3f5280>,125,18,[1 7],126,289,307,163,278
1,<environment.Job instance at 0x7f61cb3c46e0>,128,17,[4 5],129,289,306,160,278
1,<environment.Job instance at 0x7f61cc067d20>,132,20,[1 5],133,306,326,173,297
1,<environment.Job instance at 0x7f61cc0679b0>,135,13,[8 1],136,297,310,161,297
1,<environment.Job instance at 0x7f61cb3d2690>,136,14,[1 6],137,307,321,170,297
1,<environment.Job instance at 0x7f61cb3d2640>,137,13,[6 3],138,310,323,172,297
1,<environment.Job instance at 0x7f61cb3ffdc0>,140,20,[3 8],141,323,343,182,314
1,<environment.Job instance at 0x7f61cae3ef50>,142,12,[5 9],143,343,355,200,326
1,<environment.Job instance at 0x7f61cae3e910>,144,17,[5 3],145,326,343,181,326
1,<environment.Job instance at 0x7f61cc06b190>,146,12,[5 7],147,355,367,208,338
1,<environment.Job instance at 0x7f61cbd61eb0>,2,26,[ 1 10],3,466,492,463,466
1,<environment.Job instance at 0x7f61cc3b2730>,49,25,[5 1],50,782,807,732,782
1,<environment.Job instance at 0x7f61cc462eb0>,0,17,[ 3 14],1,1,18,0,1
1,<environment.Job instance at 0x7f61cc3b2460>,1,15,[1 6],2,18,33,16,4
1,<environment.Job instance at 0x7f61cc462910>,6,20,[9 3],7,18,38,11,9
1,<environment.Job instance at 0x7f61cc462690>,13,16,[8 2],14,38,54,24,25
1,<environment.Job instance at 0x7f61cc4625a0>,15,14,[7 1],16,38,52,22,25
1,<environment.Job instance at 0x7f61cc462500>,17,22,[2 6],18,52,74,34,45
1,<environment.Job instance at 0x7f61cc462a50>,18,17,[5 5],19,52,69,33,45
1,<environment.Job instance at 0x7f61cc4628c0>,19,16,[5 5],20,69,85,49,56
1,<environment.Job instance at 0x7f61d53481e0>,20,20,[1 5],21,74,94,53,65
1,<environment.Job instance at 0x7f61d5348370>,21,23,[7 5],22,74,97,52,68
1,<environment.Job instance at 0x7f61d53480a0>,22,17,[9 1],23,97,114,74,85
1,<environment.Job instance at 0x7f61cc462c30>,8,14,[12  4],9,114,128,105,101
1,<environment.Job instance at 0x7f61d5348140>,28,18,[1 8],29,106,124,77,106
1,<environment.Job instance at 0x7f61cb594190>,32,20,[3 5],33,124,144,91,115
1,<environment.Job instance at 0x7f61cb594410>,33,18,[7 1],34,128,146,94,117
1,<environment.Job instance at 0x7f61cb5947d0>,34,21,[8 2],35,144,165,109,136
1,<environment.Job instance at 0x7f61cb594b40>,36,18,[7 4],37,146,164,109,136
1,<environment.Job instance at 0x7f61cb594a50>,39,22,[3 7],40,164,186,124,157
1,<environment.Job instance at 0x7f61cb5941e0>,40,21,[5 3],41,165,186,124,157
1,<environment.Job instance at 0x7f61cb594230>,41,21,[1 7],42,186,207,144,178
1,<environment.Job instance at 0x7f61cb5940f0>,42,14,[3 7],43,186,200,143,178
1,<environment.Job instance at 0x7f61cb594f50>,45,12,[8 5],46,200,212,154,183
1,<environment.Job instance at 0x7f61cb594f00>,47,19,[6 2],48,200,219,152,190
1,<environment.Job instance at 0x7f61cb594690>,48,18,[10  2],49,219,237,170,208
1,<environment.Job instance at 0x7f61cc081410>,62,22,[5 5],63,225,247,162,225
1,<environment.Job instance at 0x7f61cbc8fc30>,63,16,[1 9],64,237,253,173,226
1,<environment.Job instance at 0x7f61dc6760a0>,66,12,[9 1],67,237,249,170,226
1,<environment.Job instance at 0x7f61cb5a3550>,69,16,[9 4],70,249,265,179,236
1,<environment.Job instance at 0x7f61cb5addc0>,80,15,[8 4],81,265,280,184,251
1,<environment.Job instance at 0x7f61cb14b500>,82,15,[2 8],83,253,268,170,251
1,<environment.Job instance at 0x7f61cb14b460>,83,17,[2 7],84,268,285,184,256
1,<environment.Job instance at 0x7f61cc5d7d20>,89,21,[8 2],90,280,301,190,272
1,<environment.Job instance at 0x7f61cb0fd910>,96,12,[9 5],97,301,313,204,284
1,<environment.Job instance at 0x7f61cb0fd820>,99,15,[7 3],100,285,300,185,284
1,<environment.Job instance at 0x7f61cb2cf5a0>,105,18,[2 7],106,300,318,194,289
1,<environment.Job instance at 0x7f61cb2cfeb0>,107,12,[1 9],108,318,330,210,301
1,<environment.Job instance at 0x7f61f0ba3c30>,109,18,[8 3],110,313,331,203,302
1,<environment.Job instance at 0x7f61cbdf1e60>,119,18,[4 9],120,330,348,210,319
1,<environment.Job instance at 0x7f61cafef1e0>,121,22,[1 9],122,348,370,226,341
1,<environment.Job instance at 0x7f61cafef050>,123,12,[10  4],124,341,353,217,341
1,<environment.Job instance at 0x7f61cafefb90>,124,17,[8 3],125,353,370,228,341
1,<environment.Job instance at 0x7f61cafefc30>,126,14,[5 6],127,370,384,243,355
1,<environment.Job instance at 0x7f61cafef500>,129,23,[5 2],130,357,380,227,357
1,<environment.Job instance at 0x7f61cafef230>,132,14,[5 7],133,370,384,237,357
1,<environment.Job instance at 0x7f61cbbc7370>,138,20,[7 1],139,384,404,245,375
1,<environment.Job instance at 0x7f61cbbc7820>,139,13,[ 2 10],140,384,397,244,378
1,<environment.Job instance at 0x7f61cb8af870>,143,17,[10  1],144,404,421,260,392
1,<environment.Job instance at 0x7f61cbbd68c0>,146,22,[3 5],147,397,419,250,392
1,<environment.Job instance at 0x7f61cb22ad20>,148,16,[6 3],149,421,437,272,408
1,<environment.Job instance at 0x7f61cc462410>,7,23,[13  2],8,437,460,429,431
1,<environment.Job instance at 0x7f61cc462550>,4,13,[ 1 13],5,437,450,432,431
1,<environment.Job instance at 0x7f61cc3b2730>,2,21,[2 6],3,498,519,495,498
1,<environment.Job instance at 0x7f61cae2e230>,2,16,[6 1],3,3,19,0,3
1,<environment.Job instance at 0x7f61cae2ef00>,4,14,[11  1],5,19,33,14,6
1,<environment.Job instance at 0x7f61cae2e910>,7,17,[4 8],8,15,32,7,15
1,<environment.Job instance at 0x7f61cae2ed20>,6,14,[13  4],7,33,47,26,18
1,<environment.Job instance at 0x7f61cae2ed70>,14,12,[7 4],15,47,59,32,30
1,<environment.Job instance at 0x7f61cae2ec80>,13,15,[ 1 10],14,32,47,18,30
1,<environment.Job instance at 0x7f61cc296640>,18,15,[3 6],19,47,62,28,33
1,<environment.Job instance at 0x7f61cc296b40>,22,24,[5 3],23,47,71,24,46
1,<environment.Job instance at 0x7f61cc296460>,24,18,[5 5],25,59,77,34,48
1,<environment.Job instance at 0x7f61cc2962d0>,27,16,[5 6],28,62,78,34,49
1,<environment.Job instance at 0x7f61cc296c30>,28,21,[5 5],29,77,98,48,69
1,<environment.Job instance at 0x7f61cc296e10>,30,13,[4 7],31,78,91,47,69
1,<environment.Job instance at 0x7f61cc296370>,33,15,[5 5],34,91,106,57,77
1,<environment.Job instance at 0x7f61cc296cd0>,35,18,[ 3 10],36,98,116,62,87
1,<environment.Job instance at 0x7f61cc2960a0>,36,14,[5 8],37,116,130,79,101
1,<environment.Job instance at 0x7f61cae2e050>,15,20,[4 6],16,116,136,100,108
1,<environment.Job instance at 0x7f61cae2ef50>,9,14,[13  4],10,136,150,126,121
1,<environment.Job instance at 0x7f61cbbb8eb0>,41,23,[1 5],42,130,153,88,124
1,<environment.Job instance at 0x7f61cbbb8c30>,42,13,[6 3],43,150,163,107,134
1,<environment.Job instance at 0x7f61cbbb8410>,45,21,[9 1],46,153,174,107,146
1,<environment.Job instance at 0x7f61cbbb8e60>,47,18,[1 8],48,163,181,115,152
1,<environment.Job instance at 0x7f61cbbb8780>,49,19,[3 9],50,181,200,131,171
1,<environment.Job instance at 0x7f61cbbb85a0>,51,12,[5 4],52,171,183,119,171
1,<environment.Job instance at 0x7f61cbdf5320>,56,16,[2 6],57,183,199,126,171
1,<environment.Job instance at 0x7f61cbfcea50>,57,12,[9 2],58,199,211,141,182
1,<environment.Job instance at 0x7f61cbc54730>,70,18,[1 6],71,200,218,129,189
1,<environment.Job instance at 0x7f61cb942460>,74,22,[3 5],75,200,222,125,193
1,<environment.Job instance at 0x7f61cb0e3140>,76,18,[3 8],77,218,236,141,207
1,<environment.Job instance at 0x7f61cc26da50>,80,15,[5 6],81,222,237,141,208
1,<environment.Job instance at 0x7f61cb587410>,95,19,[8 5],96,236,255,140,226
1,<environment.Job instance at 0x7f61caf0bc80>,98,20,[ 5 10],99,237,257,138,234
1,<environment.Job instance at 0x7f61cb3e1730>,101,21,[5 2],102,255,276,153,247
1,<environment.Job instance at 0x7f61cb3e16e0>,102,20,[3 6],103,257,277,154,252
1,<environment.Job instance at 0x7f61cb3e1280>,103,16,[1 5],104,257,273,153,253
1,<environment.Job instance at 0x7f61cb3e1a00>,104,19,[6 2],105,257,276,152,255
1,<environment.Job instance at 0x7f61cb3e1fa0>,107,20,[5 3],108,276,296,168,267
1,<environment.Job instance at 0x7f61cb3e1410>,111,12,[1 9],112,277,289,165,267
1,<environment.Job instance at 0x7f61cc4e5a00>,118,16,[7 3],119,276,292,157,267
1,<environment.Job instance at 0x7f61cb7fceb0>,122,17,[10  5],123,292,309,169,280
1,<environment.Job instance at 0x7f61cb19c280>,125,14,[8 3],126,309,323,183,294
1,<environment.Job instance at 0x7f61cba542d0>,127,17,[9 4],128,323,340,195,311
1,<environment.Job instance at 0x7f61cbb070f0>,128,16,[10  4],129,340,356,211,327
1,<environment.Job instance at 0x7f61cae2e460>,8,27,[ 1 10],9,327,354,318,327
1,<environment.Job instance at 0x7f61cc395960>,135,16,[2 6],136,354,370,218,341
1,<environment.Job instance at 0x7f61cc395e60>,140,14,[5 6],141,356,370,215,341
1,<environment.Job instance at 0x7f61cc395460>,134,14,[ 3 14],135,370,384,235,356
1,<environment.Job instance at 0x7f61cc45d730>,144,13,[6 4],145,384,397,239,368
1,<environment.Job instance at 0x7f61cc45df00>,145,15,[9 3],146,384,399,238,373
1,<environment.Job instance at 0x7f61cc45d550>,147,16,[7 4],148,399,415,251,386
1,<environment.Job instance at 0x7f61cbbb85f0>,43,26,[ 1 11],44,397,423,353,394
1,<environment.Job instance at 0x7f61cc45daa0>,148,19,[8 2],149,793,812,644,793
1,<environment.Job instance at 0x7f61cc296690>,40,20,[5 5],41,793,813,752,793
1,<environment.Job instance at 0x7f61cc45d500>,146,12,[5 1],147,3842,3854,3695,3842
1,<environment.Job instance at 0x7f61cbe1a3c0>,0,14,[ 5 12],1,1,15,0,1
1,<environment.Job instance at 0x7f61cb4cf730>,6,13,[5 5],7,15,28,8,7
1,<environment.Job instance at 0x7f61cb4cf0a0>,9,14,[3 7],10,15,29,5,11
1,<environment.Job instance at 0x7f61cb4cff00>,7,15,[12  4],8,28,43,20,17
1,<environment.Job instance at 0x7f61cb4c74b0>,18,17,[3 5],19,29,46,10,19
1,<environment.Job instance at 0x7f61cb4c7690>,21,21,[6 2],22,43,64,21,35
1,<environment.Job instance at 0x7f61cb4cf500>,10,18,[1 5],11,43,61,32,35
1,<environment.Job instance at 0x7f61cb4c7a00>,24,13,[10  4],25,64,77,39,48
1,<environment.Job instance at 0x7f61cb7b31e0>,1,16,[7 5],2,48,64,46,48
1,<environment.Job instance at 0x7f61cb4c7d20>,29,22,[4 8],30,64,86,34,57
1,<environment.Job instance at 0x7f61cb4c9c30>,37,14,[5 6],38,77,91,39,67
1,<environment.Job instance at 0x7f61cb4c97d0>,41,12,[7 5],42,86,98,44,69
1,<environment.Job instance at 0x7f61cb4c9500>,44,16,[10  5],45,98,114,53,85
1,<environment.Job instance at 0x7f61cb4c93c0>,46,13,[6 3],47,114,127,67,98
1,<environment.Job instance at 0x7f61cb4c9460>,47,15,[10  3],48,127,142,79,113
1,<environment.Job instance at 0x7f61cb4c9320>,48,12,[3 9],49,125,137,76,125
1,<environment.Job instance at 0x7f61cb4c9820>,50,18,[2 9],51,137,155,86,126
1,<environment.Job instance at 0x7f61cb4c7aa0>,25,22,[11  3],26,142,164,116,135
1,<environment.Job instance at 0x7f61cb4c7dc0>,30,16,[ 4 11],31,155,171,124,144
1,<environment.Job instance at 0x7f61cb4e5050>,57,15,[ 2 12],58,171,186,113,157
1,<environment.Job instance at 0x7f61cb4e50a0>,59,16,[12  4],60,186,202,126,176
1,<environment.Job instance at 0x7f61cb4e5280>,67,13,[5 8],68,202,215,134,186
1,<environment.Job instance at 0x7f61cb4e5d20>,75,19,[6 5],76,202,221,126,198
1,<environment.Job instance at 0x7f61cb4e5cd0>,76,17,[9 4],77,215,232,138,203
1,<environment.Job instance at 0x7f61cb4e5370>,60,26,[11  3],61,232,258,171,229
1,<environment.Job instance at 0x7f61cb4f2500>,85,24,[8 3],86,258,282,172,253
1,<environment.Job instance at 0x7f61cb4f2410>,86,25,[ 1 14],87,282,307,195,278
1,<environment.Job instance at 0x7f61cb4f2730>,88,17,[5 2],89,307,324,218,295
1,<environment.Job instance at 0x7f61cb4f2690>,87,23,[9 5],88,307,330,219,301
1,<environment.Job instance at 0x7f61cb4f29b0>,92,12,[9 4],93,330,342,237,313
1,<environment.Job instance at 0x7f61cb4f2af0>,94,16,[4 9],95,324,340,229,313
1,<environment.Job instance at 0x7f61cb4f2c80>,97,21,[10  3],98,342,363,244,334
1,<environment.Job instance at 0x7f61cb4f2550>,93,19,[2 8],94,340,359,246,337
1,<environment.Job instance at 0x7f61cb4f2e60>,99,13,[12  1],100,363,376,263,347
1,<environment.Job instance at 0x7f61cb4f2f50>,100,14,[3 5],101,359,373,258,348
1,<environment.Job instance at 0x7f61cb4f2be0>,98,17,[9 1],99,376,393,277,364
1,<environment.Job instance at 0x7f61cb4f4370>,106,18,[5 9],107,377,395,270,377
1,<environment.Job instance at 0x7f61cb4f4410>,107,14,[9 2],108,393,407,285,378
1,<environment.Job instance at 0x7f61cb4f44b0>,108,17,[8 4],109,407,424,298,395
1,<environment.Job instance at 0x7f61cb4f46e0>,111,13,[8 4],112,424,437,312,408
1,<environment.Job instance at 0x7f61cb4f4a50>,116,15,[8 3],117,437,452,320,423
1,<environment.Job instance at 0x7f61cb4f2f00>,101,26,[9 5],102,452,478,350,449
1,<environment.Job instance at 0x7f61cb4f4d70>,121,19,[ 5 14],122,478,497,356,468
1,<environment.Job instance at 0x7f61cb4f51e0>,127,16,[5 7],128,497,513,369,484
1,<environment.Job instance at 0x7f61cb4f5370>,128,20,[5 3],129,497,517,368,495
1,<environment.Job instance at 0x7f61cb4f4e10>,122,18,[14  4],123,517,535,394,506
1,<environment.Job instance at 0x7f61cb4f5690>,133,14,[ 5 14],134,535,549,401,520
1,<environment.Job instance at 0x7f61cb4f5730>,134,12,[13  5],135,549,561,414,532
1,<environment.Job instance at 0x7f61cb4cff50>,17,18,[11  3],18,563,581,545,563
1,<environment.Job instance at 0x7f61cb4e5230>,58,22,[ 5 13],59,581,603,522,575
1,<environment.Job instance at 0x7f61cb4c2b40>,148,20,[10  5],149,603,623,454,596
1,<environment.Job instance at 0x7f61cb968820>,0,17,[ 2 12],1,1,18,0,1
1,<environment.Job instance at 0x7f61cb968140>,3,16,[3 8],4,18,34,14,5
1,<environment.Job instance at 0x7f61cb9685a0>,5,12,[7 2],6,6,18,0,6
1,<environment.Job instance at 0x7f61cb9690a0>,8,21,[10  1],9,18,39,9,10
1,<environment.Job instance at 0x7f61cb969aa0>,11,19,[5 5],12,34,53,22,24
1,<environment.Job instance at 0x7f61cb969730>,12,16,[4 6],13,39,55,26,26
1,<environment.Job instance at 0x7f61cb8c9550>,21,13,[3 5],22,53,66,31,37
1,<environment.Job instance at 0x7f61cb8c90f0>,23,13,[6 2],24,39,52,15,37
1,<environment.Job instance at 0x7f61cb8c9be0>,25,14,[2 9],26,55,69,29,40
1,<environment.Job instance at 0x7f61cb5b3e60>,28,16,[5 4],29,66,82,37,53
1,<environment.Job instance at 0x7f61cb8e8cd0>,30,14,[5 2],31,66,80,35,53
1,<environment.Job instance at 0x7f61cb5b6be0>,36,21,[3 8],37,69,90,32,61
1,<environment.Job instance at 0x7f61cc4ee500>,38,18,[4 6],39,82,100,43,71
1,<environment.Job instance at 0x7f61cc100960>,40,12,[5 5],41,90,102,49,73
1,<environment.Job instance at 0x7f61cc100460>,42,16,[4 9],43,100,116,57,87
1,<environment.Job instance at 0x7f61caf52730>,46,13,[8 2],47,102,115,55,87
1,<environment.Job instance at 0x7f61caf52280>,49,14,[5 6],50,115,129,65,100
1,<environment.Job instance at 0x7f61caf520a0>,51,15,[9 3],52,116,131,64,102
1,<environment.Job instance at 0x7f61cbe1c7d0>,57,13,[5 6],58,129,142,71,113
1,<environment.Job instance at 0x7f61cba60b40>,58,16,[9 3],59,131,147,72,118
1,<environment.Job instance at 0x7f61cbc2a4b0>,61,14,[5 8],62,142,156,80,127
1,<environment.Job instance at 0x7f61cbc2ad70>,63,17,[7 1],64,147,164,83,135
1,<environment.Job instance at 0x7f61cbc2af00>,65,12,[4 5],66,156,168,90,139
1,<environment.Job instance at 0x7f61cb32c140>,69,16,[7 2],70,164,180,94,151
1,<environment.Job instance at 0x7f61cb32c4b0>,70,21,[1 5],71,151,172,80,151
1,<environment.Job instance at 0x7f61cb7684b0>,74,18,[2 7],75,168,186,93,157
1,<environment.Job instance at 0x7f61cb768e60>,76,15,[8 5],77,180,195,103,166
1,<environment.Job instance at 0x7f61cb9683c0>,9,23,[ 2 10],10,186,209,176,182
1,<environment.Job instance at 0x7f61cb768960>,77,22,[9 3],78,195,217,117,188
1,<environment.Job instance at 0x7f61cc6cbe10>,79,14,[8 4],80,217,231,137,202
1,<environment.Job instance at 0x7f61cc6cb050>,80,13,[1 8],81,209,222,128,202
1,<environment.Job instance at 0x7f61cb9288c0>,82,14,[7 4],83,222,236,139,207
1,<environment.Job instance at 0x7f61cb928190>,84,22,[7 3],85,231,253,146,224
1,<environment.Job instance at 0x7f61d4d100f0>,88,14,[5 5],89,236,250,147,224
1,<environment.Job instance at 0x7f61cbbc7730>,90,14,[4 9],91,250,264,159,235
1,<environment.Job instance at 0x7f61cbbc70a0>,91,14,[2 9],92,264,278,172,249
1,<environment.Job instance at 0x7f61caf47410>,98,19,[6 2],99,253,272,154,249
1,<environment.Job instance at 0x7f61caf714b0>,100,17,[7 2],101,264,281,163,252
1,<environment.Job instance at 0x7f61cc7da230>,101,21,[4 6],102,278,299,176,270
1,<environment.Job instance at 0x7f61cb9add20>,107,15,[10  3],108,281,296,173,270
1,<environment.Job instance at 0x7f61cb9ada50>,109,21,[7 4],110,296,317,186,288
1,<environment.Job instance at 0x7f61cb46b820>,110,22,[5 4],111,299,321,188,292
1,<environment.Job instance at 0x7f61cb33f5f0>,123,21,[5 9],124,317,338,193,309
1,<environment.Job instance at 0x7f61cb2fea50>,124,16,[3 9],125,338,354,213,325
1,<environment.Job instance at 0x7f61cb2fe910>,125,21,[4 9],126,354,375,228,346
1,<environment.Job instance at 0x7f61cba66e10>,128,14,[6 3],129,346,360,217,346
1,<environment.Job instance at 0x7f61cb8c5870>,130,12,[8 5],131,360,372,229,346
1,<environment.Job instance at 0x7f61caf3ad20>,133,13,[7 4],134,372,385,238,356
1,<environment.Job instance at 0x7f61cb2f6cd0>,134,20,[8 3],135,375,395,240,366
1,<environment.Job instance at 0x7f61cb2f6b90>,138,13,[5 4],139,385,398,246,369
1,<environment.Job instance at 0x7f61cbb0f050>,144,14,[1 5],145,385,399,240,370
1,<environment.Job instance at 0x7f61cbb0f4b0>,145,15,[10  4],146,398,413,252,384
1,<environment.Job instance at 0x7f61cbb0f5f0>,146,16,[10  5],147,413,429,266,400
1,<environment.Job instance at 0x7f61cbb0fa50>,147,14,[4 7],148,400,414,252,400
1,<environment.Job instance at 0x7f61cb968690>,4,17,[3 7],5,414,431,409,405
1,<environment.Job instance at 0x7f61cb9681e0>,1,28,[12  3],2,429,457,427,429
1,<environment.Job instance at 0x7f61caf2f870>,0,27,[ 3 10],1,1,28,0,1
1,<environment.Job instance at 0x7f61caf2f050>,2,13,[12  4],3,3,16,0,3
1,<environment.Job instance at 0x7f61caf2fe60>,5,18,[2 6],6,28,46,22,17
1,<environment.Job instance at 0x7f61cc566f50>,11,13,[7 2],12,17,30,5,17
1,<environment.Job instance at 0x7f61cc566c30>,14,15,[5 5],15,28,43,13,17
1,<environment.Job instance at 0x7f61cc566fa0>,18,20,[3 6],19,43,63,24,34
1,<environment.Job instance at 0x7f61cc5660f0>,19,17,[10  4],20,46,63,26,34
1,<environment.Job instance at 0x7f61cc566e60>,22,21,[10  4],23,63,84,40,55
1,<environment.Job instance at 0x7f61caf2ffa0>,7,13,[ 1 10],8,63,76,55,58
1,<environment.Job instance at 0x7f61cb3d6960>,26,12,[5 7],27,76,88,49,59
1,<environment.Job instance at 0x7f61caf2f7d0>,6,16,[5 6],7,84,100,77,74
1,<environment.Job instance at 0x7f61cb3d6be0>,25,20,[8 3],26,88,108,62,83
1,<environment.Job instance at 0x7f61cb3d65a0>,28,26,[13  5],29,108,134,79,105
1,<environment.Job instance at 0x7f61cb3d6460>,30,12,[12  2],31,134,146,103,117
1,<environment.Job instance at 0x7f61cb3d61e0>,29,19,[2 8],30,120,139,90,120
1,<environment.Job instance at 0x7f61cb3d6af0>,34,17,[1 7],35,139,156,104,127
1,<environment.Job instance at 0x7f61cb3d6500>,31,16,[5 7],32,146,162,114,133
1,<environment.Job instance at 0x7f61cb3d6140>,38,26,[10  5],39,156,182,117,153
1,<environment.Job instance at 0x7f61cb3d68c0>,39,14,[14  1],40,182,196,142,167
1,<environment.Job instance at 0x7f61cb3d6c80>,40,17,[13  2],41,196,213,155,184
1,<environment.Job instance at 0x7f61cc4f3230>,41,23,[8 3],42,213,236,171,207
1,<environment.Job instance at 0x7f61cb3d6910>,37,15,[1 9],38,220,235,182,220
1,<environment.Job instance at 0x7f61cc4f3140>,43,14,[3 8],44,235,249,191,220
1,<environment.Job instance at 0x7f61cc4f3e10>,42,19,[10  5],43,236,255,193,226
1,<environment.Job instance at 0x7f61cb3715a0>,50,19,[8 1],51,255,274,204,245
1,<environment.Job instance at 0x7f61cb371550>,51,23,[12  3],52,274,297,222,268
1,<environment.Job instance at 0x7f61cb371be0>,52,17,[1 5],53,268,285,215,268
1,<environment.Job instance at 0x7f61cb1a98c0>,53,21,[12  2],54,297,318,243,289
1,<environment.Job instance at 0x7f61cb0d5320>,56,15,[2 6],57,299,314,242,299
1,<environment.Job instance at 0x7f61cb0d5cd0>,59,12,[9 4],60,318,330,258,302
1,<environment.Job instance at 0x7f61cb1a9be0>,54,21,[13  1],55,330,351,275,322
1,<environment.Job instance at 0x7f61cb0d5640>,60,17,[4 6],61,351,368,290,339
1,<environment.Job instance at 0x7f61cb0d5c30>,62,14,[5 9],63,351,365,288,339
1,<environment.Job instance at 0x7f61cb0d5960>,74,15,[8 4],75,365,380,290,351
1,<environment.Job instance at 0x7f61cbf435f0>,77,19,[5 1],78,368,387,290,359
1,<environment.Job instance at 0x7f61cb0d5d70>,61,16,[ 4 13],62,380,396,318,367
1,<environment.Job instance at 0x7f61cb02e500>,80,21,[10  4],81,396,417,315,388
1,<environment.Job instance at 0x7f61caffc4b0>,87,21,[5 1],88,388,409,300,388
1,<environment.Job instance at 0x7f61d4fae280>,92,20,[3 9],93,409,429,316,403
1,<environment.Job instance at 0x7f61cbe20d20>,103,16,[8 2],104,417,433,313,404
1,<environment.Job instance at 0x7f61cc316a50>,112,13,[6 4],113,429,442,316,417
1,<environment.Job instance at 0x7f61cc316690>,114,20,[6 3],115,433,453,318,424
1,<environment.Job instance at 0x7f61cc3161e0>,115,18,[8 1],116,442,460,326,431
1,<environment.Job instance at 0x7f61cc316820>,116,12,[5 2],117,453,465,336,436
1,<environment.Job instance at 0x7f61cc316d70>,118,15,[9 1],119,460,475,341,446
1,<environment.Job instance at 0x7f61cbd0c870>,81,18,[ 2 13],82,465,483,383,454
1,<environment.Job instance at 0x7f61caf430a0>,123,15,[6 4],124,483,498,359,469
1,<environment.Job instance at 0x7f61caf43690>,125,19,[7 2],126,475,494,349,469
1,<environment.Job instance at 0x7f61cc1ee190>,126,19,[5 1],127,494,513,367,484
1,<environment.Job instance at 0x7f61caf435a0>,121,21,[3 8],122,494,515,372,486
1,<environment.Job instance at 0x7f61cc1ee910>,129,13,[3 6],130,498,511,368,486
1,<environment.Job instance at 0x7f61cbb33820>,130,17,[13  1],131,515,532,384,503
1,<environment.Job instance at 0x7f61cbb33eb0>,131,12,[11  4],132,532,544,400,515
1,<environment.Job instance at 0x7f61cbb33b90>,132,17,[10  2],133,544,561,411,532
1,<environment.Job instance at 0x7f61cc1eed20>,128,21,[1 8],129,548,569,419,548
1,<environment.Job instance at 0x7f61cc1ddb40>,139,12,[6 4],140,561,573,421,549
1,<environment.Job instance at 0x7f61cc4eecd0>,142,17,[5 3],143,561,578,418,549
1,<environment.Job instance at 0x7f61cae7feb0>,144,14,[5 4],145,573,587,428,558
1,<environment.Job instance at 0x7f61cb4b45a0>,146,18,[6 2],147,578,596,431,567
1,<environment.Job instance at 0x7f61cb59d320>,147,15,[4 5],148,571,586,423,571
1,<environment.Job instance at 0x7f61cbb33140>,133,22,[7 5],134,587,609,453,580
1,<environment.Job instance at 0x7f61caf2fa00>,1,20,[ 3 11],2,648,668,646,648
1,<environment.Job instance at 0x7f61caf2f780>,3,19,[2 7],4,1336,1355,1332,1336
1,<environment.Job instance at 0x7f61cc0ca8c0>,2,23,[2 8],3,3,26,0,3
1,<environment.Job instance at 0x7f61cc0ca460>,3,21,[8 5],4,4,25,0,4
1,<environment.Job instance at 0x7f61cc6a71e0>,9,18,[6 2],10,25,43,15,16
1,<environment.Job instance at 0x7f61cb99b7d0>,10,21,[9 1],11,26,47,15,18
1,<environment.Job instance at 0x7f61cb99b870>,12,13,[8 1],13,47,60,34,32
1,<environment.Job instance at 0x7f61cc6a78c0>,13,22,[ 1 13],14,43,65,29,36
1,<environment.Job instance at 0x7f61cc73e140>,15,21,[ 5 13],16,65,86,49,57
1,<environment.Job instance at 0x7f61cbb76b40>,16,23,[ 4 12],17,86,109,69,80
1,<environment.Job instance at 0x7f61cb76bfa0>,14,19,[4 9],15,109,128,94,99
1,<environment.Job instance at 0x7f61cb747fa0>,20,21,[1 5],21,109,130,88,101
1,<environment.Job instance at 0x7f61cb7475a0>,23,16,[2 8],24,128,144,104,115
1,<environment.Job instance at 0x7f61cb8ec1e0>,24,12,[5 1],25,115,127,90,115
1,<environment.Job instance at 0x7f61cc6a76e0>,4,16,[13  1],5,130,146,125,119
1,<environment.Job instance at 0x7f61cc0ab4b0>,27,12,[ 2 13],28,144,156,116,127
1,<environment.Job instance at 0x7f61cb3d6690>,26,17,[1 8],27,156,173,129,144
1,<environment.Job instance at 0x7f61cb190550>,34,16,[3 7],35,156,172,121,144
1,<environment.Job instance at 0x7f61cb65a9b0>,38,18,[1 5],39,172,190,133,161
1,<environment.Job instance at 0x7f61cb65a5a0>,39,17,[5 5],40,173,190,133,161
1,<environment.Job instance at 0x7f61cafcfe60>,40,12,[5 5],41,173,185,132,161
1,<environment.Job instance at 0x7f61cafcfd70>,47,14,[8 4],48,185,199,137,170
1,<environment.Job instance at 0x7f61cafcfbe0>,48,15,[3 5],49,190,205,141,176
1,<environment.Job instance at 0x7f61cafcf640>,50,12,[5 5],51,199,211,148,182
1,<environment.Job instance at 0x7f61cb928cd0>,53,15,[7 3],54,199,214,145,185
1,<environment.Job instance at 0x7f61cb2a5cd0>,60,18,[4 5],61,211,229,150,200
1,<environment.Job instance at 0x7f61cbf61c30>,62,13,[1 6],63,205,218,142,200
1,<environment.Job instance at 0x7f61cbf61730>,64,15,[7 2],65,214,229,149,200
1,<environment.Job instance at 0x7f61cc776a50>,71,14,[3 8],72,218,232,146,203
1,<environment.Job instance at 0x7f61cae389b0>,74,18,[8 5],75,229,247,154,218
1,<environment.Job instance at 0x7f61cafacd20>,78,13,[1 5],79,232,245,153,218
1,<environment.Job instance at 0x7f61cafacf50>,79,15,[6 4],80,232,247,152,218
1,<environment.Job instance at 0x7f61cb8f1690>,81,16,[5 3],82,247,263,165,234
1,<environment.Job instance at 0x7f61cb8f1820>,82,19,[9 1],83,247,266,164,237
1,<environment.Job instance at 0x7f61cb678780>,86,18,[5 7],87,263,281,176,252
1,<environment.Job instance at 0x7f61cb6781e0>,87,20,[2 6],88,266,286,178,257
1,<environment.Job instance at 0x7f61cb82d3c0>,92,18,[11  3],93,281,299,188,270
1,<environment.Job instance at 0x7f61cb82d910>,94,15,[1 8],95,286,301,191,272
1,<environment.Job instance at 0x7f61cb82d640>,97,15,[10  2],98,299,314,201,285
1,<environment.Job instance at 0x7f61cbb76d70>,17,20,[ 1 13],18,301,321,283,292
1,<environment.Job instance at 0x7f61cc69f410>,110,18,[6 4],111,321,339,210,310
1,<environment.Job instance at 0x7f61cb82d690>,103,15,[6 2],104,314,329,210,310
1,<environment.Job instance at 0x7f61cc69fd70>,113,17,[6 1],114,329,346,215,319
1,<environment.Job instance at 0x7f61caf71fa0>,115,15,[3 5],116,323,338,207,323
1,<environment.Job instance at 0x7f61caf71050>,117,15,[3 9],118,338,353,220,326
1,<environment.Job instance at 0x7f61caf71dc0>,120,13,[4 6],121,346,359,225,330
1,<environment.Job instance at 0x7f61caf71410>,114,21,[ 4 14],115,359,380,244,351
1,<environment.Job instance at 0x7f61caf71690>,126,18,[ 4 10],127,380,398,253,369
1,<environment.Job instance at 0x7f61caf714b0>,128,19,[8 2],129,380,399,251,370
1,<environment.Job instance at 0x7f61caf71be0>,129,16,[ 1 10],130,398,414,268,385
1,<environment.Job instance at 0x7f61caf71a00>,132,20,[9 5],133,399,419,266,390
1,<environment.Job instance at 0x7f61cc7f6230>,141,13,[7 3],142,419,432,277,403
1,<environment.Job instance at 0x7f61cc7f6b90>,142,21,[5 5],143,414,435,271,406
1,<environment.Job instance at 0x7f61cc7f68c0>,144,12,[6 2],145,432,444,287,415
1,<environment.Job instance at 0x7f61cc7f6d20>,145,14,[6 3],146,435,449,289,420
1,<environment.Job instance at 0x7f61cbb428c0>,0,18,[1 7],1,420,438,419,420
1,<environment.Job instance at 0x7f61caf71820>,127,20,[ 1 11],128,445,465,317,445
1,<environment.Job instance at 0x7f61cc0abd70>,30,17,[12  1],31,1721,1738,1690,1721
1,<environment.Job instance at 0x7f61cb29a190>,0,19,[5 5],1,1,20,0,1
1,<environment.Job instance at 0x7f61cb8259b0>,3,15,[ 5 10],4,4,19,0,4
1,<environment.Job instance at 0x7f61cb825500>,4,14,[12  4],5,20,34,15,5
1,<environment.Job instance at 0x7f61cb826500>,8,13,[2 8],9,19,32,10,11
1,<environment.Job instance at 0x7f61cb826a50>,11,23,[5 2],12,34,57,22,28
1,<environment.Job instance at 0x7f61caf4c910>,14,23,[5 5],15,41,64,26,41
1,<environment.Job instance at 0x7f61caf45fa0>,21,17,[2 8],22,41,58,19,41
1,<environment.Job instance at 0x7f61caf56230>,23,18,[6 3],24,58,76,34,47
1,<environment.Job instance at 0x7f61cb9a84b0>,30,13,[6 2],31,64,77,33,58
1,<environment.Job instance at 0x7f61cb8261e0>,10,14,[12  4],11,77,91,66,62
1,<environment.Job instance at 0x7f61cb9a8eb0>,34,17,[12  2],35,91,108,56,79
1,<environment.Job instance at 0x7f61cb990280>,37,19,[5 3],38,108,127,70,98
1,<environment.Job instance at 0x7f61cb826730>,9,24,[12  3],10,127,151,117,122
1,<environment.Job instance at 0x7f61cb990aa0>,39,15,[6 3],40,151,166,111,137
1,<environment.Job instance at 0x7f61cb990410>,40,21,[ 1 10],41,137,158,96,137
1,<environment.Job instance at 0x7f61cb86fbe0>,41,15,[ 2 13],42,166,181,124,152
1,<environment.Job instance at 0x7f61cb92f320>,42,16,[8 3],43,181,197,138,168
1,<environment.Job instance at 0x7f61cb92f190>,43,18,[ 3 13],44,197,215,153,186
1,<environment.Job instance at 0x7f61cba1b0a0>,47,12,[1 9],48,215,227,167,198
1,<environment.Job instance at 0x7f61cba1ba50>,48,16,[9 4],49,215,231,166,202
1,<environment.Job instance at 0x7f61cb0e0cd0>,57,16,[2 6],58,227,243,169,214
1,<environment.Job instance at 0x7f61cb0e05a0>,60,20,[5 2],61,231,251,170,222
1,<environment.Job instance at 0x7f61cb61e640>,62,15,[8 3],63,231,246,168,222
1,<environment.Job instance at 0x7f61cb0ec3c0>,65,16,[2 5],66,243,259,177,230
1,<environment.Job instance at 0x7f61cb0290f0>,73,18,[10  5],74,251,269,177,240
1,<environment.Job instance at 0x7f61caf61fa0>,77,16,[7 5],78,269,285,191,256
1,<environment.Job instance at 0x7f61cb92f2d0>,44,16,[4 8],45,259,275,214,256
1,<environment.Job instance at 0x7f61cb010af0>,85,25,[ 5 13],86,285,310,199,281
1,<environment.Job instance at 0x7f61cb010550>,86,16,[12  2],87,310,326,223,297
1,<environment.Job instance at 0x7f61cb010a50>,89,15,[1 5],90,310,325,220,307
1,<environment.Job instance at 0x7f61cb0102d0>,87,17,[7 3],88,326,343,238,314
1,<environment.Job instance at 0x7f61cb00bd70>,95,21,[6 1],96,326,347,230,319
1,<environment.Job instance at 0x7f61cb00bb90>,98,13,[6 4],99,343,356,244,327
1,<environment.Job instance at 0x7f61cb00bcd0>,96,25,[ 1 13],97,356,381,259,352
1,<environment.Job instance at 0x7f61cb009690>,103,12,[6 2],104,352,364,248,352
1,<environment.Job instance at 0x7f61cb826d70>,6,17,[8 5],7,381,398,374,369
1,<environment.Job instance at 0x7f61cb009730>,109,21,[8 4],110,398,419,288,390
1,<environment.Job instance at 0x7f61cb29a8c0>,1,19,[ 1 10],2,390,409,388,390
1,<environment.Job instance at 0x7f61cb0e2820>,115,16,[1 8],116,409,425,293,399
1,<environment.Job instance at 0x7f61cb001550>,118,22,[5 2],119,409,431,290,404
1,<environment.Job instance at 0x7f61cb0018c0>,119,20,[8 5],120,419,439,299,410
1,<environment.Job instance at 0x7f61cb001050>,125,17,[9 2],126,439,456,313,427
1,<environment.Job instance at 0x7f61cb0323c0>,131,14,[10  5],132,456,470,324,441
1,<environment.Job instance at 0x7f61cb032c80>,138,21,[4 5],139,441,462,302,441
1,<environment.Job instance at 0x7f61cb0380a0>,146,22,[6 5],147,470,492,323,463
1,<environment.Job instance at 0x7f61cb0e28c0>,116,28,[11  3],117,496,524,379,496
1,<environment.Job instance at 0x7f61cb009c30>,101,26,[ 2 12],102,6023,6049,5921,6023
1,<environment.Job instance at 0x7f61cb29af00>,0,12,[ 3 11],1,1,13,0,1
1,<environment.Job instance at 0x7f61cb009c30>,2,18,[11  4],3,3,21,0,3
1,<environment.Job instance at 0x7f61cbbefbe0>,7,20,[2 6],8,13,33,5,12
1,<environment.Job instance at 0x7f61cbbef230>,9,22,[ 1 13],10,33,55,23,26
1,<environment.Job instance at 0x7f61cbbeff00>,11,16,[9 2],12,26,42,14,26
1,<environment.Job instance at 0x7f61cbbefc80>,13,16,[5 3],14,55,71,41,42
1,<environment.Job instance at 0x7f61cbbefd70>,15,16,[1 9],16,55,71,39,42
1,<environment.Job instance at 0x7f61cbbef5f0>,19,19,[7 5],20,71,90,51,63
1,<environment.Job instance at 0x7f61cbbeffa0>,12,21,[ 4 12],13,90,111,77,82
1,<environment.Job instance at 0x7f61cb29a1e0>,3,18,[9 2],4,90,108,86,82
1,<environment.Job instance at 0x7f61cbbef3c0>,23,21,[1 6],24,111,132,87,103
1,<environment.Job instance at 0x7f61cbbef2d0>,24,18,[7 2],25,108,126,83,103
1,<environment.Job instance at 0x7f61cbbef500>,26,17,[2 7],27,111,128,84,103
1,<environment.Job instance at 0x7f61cbbef410>,27,16,[5 3],28,128,144,100,115
1,<environment.Job instance at 0x7f61cbbea2d0>,28,12,[5 4],29,128,140,99,115
1,<environment.Job instance at 0x7f61cbbeaaa0>,39,16,[3 5],40,132,148,92,119
1,<environment.Job instance at 0x7f61cbbea8c0>,40,15,[7 4],41,140,155,99,126
1,<environment.Job instance at 0x7f61cb059b90>,53,15,[4 6],54,144,159,90,130
1,<environment.Job instance at 0x7f61cb0591e0>,57,17,[5 5],58,155,172,97,143
1,<environment.Job instance at 0x7f61cb059780>,62,18,[4 9],63,159,177,96,148
1,<environment.Job instance at 0x7f61cb059e10>,70,15,[10  4],71,172,187,101,158
1,<environment.Job instance at 0x7f61cb9a4960>,78,15,[5 8],79,177,192,98,163
1,<environment.Job instance at 0x7f61cb9a4eb0>,82,18,[1 6],83,187,205,104,176
1,<environment.Job instance at 0x7f61cb9a4730>,85,15,[4 5],86,192,207,106,178
1,<environment.Job instance at 0x7f61caf56550>,106,12,[9 4],107,192,204,85,180
1,<environment.Job instance at 0x7f61caf563c0>,107,16,[5 5],108,205,221,97,192
1,<environment.Job instance at 0x7f61caf56050>,108,17,[2 7],109,207,224,98,195
1,<environment.Job instance at 0x7f61cb83d1e0>,126,20,[2 7],127,221,241,94,212
1,<environment.Job instance at 0x7f61cb83dd20>,129,14,[5 8],130,224,238,94,212
1,<environment.Job instance at 0x7f61cb83d140>,133,19,[5 5],134,238,257,104,228
1,<environment.Job instance at 0x7f61cb61e2d0>,138,19,[8 5],139,241,260,102,231
1,<environment.Job instance at 0x7f61cae4fc80>,140,12,[6 4],141,257,269,116,240
1,<environment.Job instance at 0x7f61cc58c190>,141,15,[3 7],142,260,275,118,246
1,<environment.Job instance at 0x7f61cc58cf00>,143,19,[4 8],144,269,288,125,259
1,<environment.Job instance at 0x7f61cb009b90>,1,25,[14  5],2,4441,4466,4439,4441
1,<environment.Job instance at 0x7f61cb039140>,2,15,[8 2],3,3,18,0,3
1,<environment.Job instance at 0x7f61cb039550>,3,19,[5 8],4,4,23,0,4
1,<environment.Job instance at 0x7f61cb039aa0>,10,17,[11  4],11,23,40,12,11
1,<environment.Job instance at 0x7f61cb0398c0>,12,16,[5 9],13,40,56,27,27
1,<environment.Job instance at 0x7f61cb4f4550>,15,17,[1 5],16,27,44,11,27
1,<environment.Job instance at 0x7f61cb4f4910>,17,19,[5 9],18,56,75,38,46
1,<environment.Job instance at 0x7f61cb4f4e10>,18,18,[6 2],19,46,64,27,46
1,<environment.Job instance at 0x7f61cb3e1820>,0,15,[7 3],1,64,79,63,51
1,<environment.Job instance at 0x7f61cb4f4f00>,19,20,[5 8],20,75,95,55,66
1,<environment.Job instance at 0x7f61cb4f4d20>,21,17,[7 5],22,79,96,57,67
1,<environment.Job instance at 0x7f61cb4f4960>,29,13,[4 9],30,95,108,65,79
1,<environment.Job instance at 0x7f61cc1bac80>,31,16,[10  4],32,96,112,64,83
1,<environment.Job instance at 0x7f61cc1badc0>,32,17,[1 6],33,108,125,75,96
1,<environment.Job instance at 0x7f61cc1baf00>,37,13,[5 5],38,112,125,74,96
1,<environment.Job instance at 0x7f61cc1ba820>,39,16,[9 2],40,112,128,72,99
1,<environment.Job instance at 0x7f61cc1bae60>,41,21,[10  4],42,128,149,86,120
1,<environment.Job instance at 0x7f61cc1ba1e0>,42,12,[9 2],43,149,161,106,132
1,<environment.Job instance at 0x7f61cc1bad20>,46,17,[10  2],47,161,178,114,149
1,<environment.Job instance at 0x7f61cb30e460>,55,18,[9 3],56,178,196,122,167
1,<environment.Job instance at 0x7f61cb30efa0>,60,14,[10  5],61,196,210,135,181
1,<environment.Job instance at 0x7f61cb30e230>,61,14,[5 4],62,181,195,119,181
1,<environment.Job instance at 0x7f61cb30ef50>,63,16,[6 4],64,210,226,146,197
1,<environment.Job instance at 0x7f61cb30e3c0>,64,22,[7 1],65,210,232,145,203
1,<environment.Job instance at 0x7f61cb30e5f0>,66,14,[8 4],67,226,240,159,211
1,<environment.Job instance at 0x7f61cc2bd5a0>,69,16,[5 5],70,232,248,162,219
1,<environment.Job instance at 0x7f61cc2bd690>,71,15,[4 5],72,240,255,168,226
1,<environment.Job instance at 0x7f61cc2bd3c0>,74,14,[4 8],75,248,262,173,233
1,<environment.Job instance at 0x7f61cc76ab40>,79,17,[7 3],80,255,272,175,243
1,<environment.Job instance at 0x7f61cc76af00>,83,17,[10  4],84,272,289,188,260
1,<environment.Job instance at 0x7f61cc76a820>,84,15,[ 4 10],85,262,277,177,260
1,<environment.Job instance at 0x7f61cc76adc0>,86,21,[6 4],87,289,310,202,281
1,<environment.Job instance at 0x7f61cc747320>,90,17,[6 2],91,289,306,198,281
1,<environment.Job instance at 0x7f61cc747370>,92,13,[9 5],93,306,319,213,290
1,<environment.Job instance at 0x7f61cc747be0>,93,12,[4 9],94,310,322,216,293
1,<environment.Job instance at 0x7f61cc7479b0>,94,15,[8 5],95,319,334,224,305
1,<environment.Job instance at 0x7f61cc7477d0>,95,23,[2 5],96,322,345,226,316
1,<environment.Job instance at 0x7f61cb4f45f0>,13,17,[2 5],14,322,339,308,318
1,<environment.Job instance at 0x7f61cc3d95a0>,104,19,[6 1],105,334,353,229,324
1,<environment.Job instance at 0x7f61cc430cd0>,98,22,[5 2],99,334,356,235,327
1,<environment.Job instance at 0x7f61d4df1370>,108,20,[4 9],109,345,365,236,337
1,<environment.Job instance at 0x7f61d4df1280>,110,12,[5 6],111,356,368,245,339
1,<environment.Job instance at 0x7f61cc6ec230>,115,15,[6 2],116,365,380,249,351
1,<environment.Job instance at 0x7f61cc6ec690>,116,15,[8 2],117,368,383,251,354
1,<environment.Job instance at 0x7f61d4df1550>,109,17,[12  1],110,383,400,273,371
1,<environment.Job instance at 0x7f61cb92adc0>,130,17,[10  3],131,400,417,269,392
1,<environment.Job instance at 0x7f61cb92ad20>,129,22,[5 8],130,400,422,270,393
1,<environment.Job instance at 0x7f61cb22aa50>,134,16,[6 3],135,417,433,282,404
1,<environment.Job instance at 0x7f61cb22a3c0>,135,15,[5 2],136,422,437,286,408
1,<environment.Job instance at 0x7f61cb22a050>,140,18,[6 1],141,433,451,292,422
1,<environment.Job instance at 0x7f61cb661d20>,144,21,[3 9],145,423,444,278,423
1,<environment.Job instance at 0x7f61cb92a7d0>,131,16,[11  4],132,465,481,333,465
1,<environment.Job instance at 0x7f61cb4f4780>,20,23,[6 3],21,481,504,460,475
1,<environment.Job instance at 0x7fdb79ba4230>,0,17,[6 1],1,1,18,0,1
1,<environment.Job instance at 0x7fdb79ba4320>,2,20,[7 4],3,3,23,0,3
1,<environment.Job instance at 0x7fdb705b8f50>,10,15,[5 1],11,18,33,7,11
1,<environment.Job instance at 0x7fdb705bb050>,11,15,[6 1],12,23,38,11,12
1,<environment.Job instance at 0x7fdb705bb7d0>,22,13,[7 4],23,33,46,10,23
1,<environment.Job instance at 0x7fdb705bb9b0>,24,20,[4 6],25,38,58,13,29
1,<environment.Job instance at 0x7fdb705bba50>,26,12,[8 5],27,46,58,19,29
1,<environment.Job instance at 0x7fdb705bbf00>,32,17,[9 3],33,58,75,25,46
1,<environment.Job instance at 0x7fdb705be190>,35,16,[1 9],36,58,74,22,46
1,<environment.Job instance at 0x7fdb705be230>,36,20,[7 5],37,75,95,38,66
1,<environment.Job instance at 0x7fdb705be410>,39,18,[9 4],40,95,113,55,84
1,<environment.Job instance at 0x7fdb705be550>,41,12,[8 3],42,113,125,71,96
1,<environment.Job instance at 0x7fdb705be690>,43,16,[1 8],44,96,112,52,96
1,<environment.Job instance at 0x7fdb705be910>,46,14,[6 5],47,112,126,65,97
1,<environment.Job instance at 0x7fdb705beaa0>,49,13,[1 5],50,113,126,63,97
1,<environment.Job instance at 0x7fdb705bec30>,51,13,[5 6],52,126,139,74,110
1,<environment.Job instance at 0x7fdb705bed70>,53,17,[7 4],54,125,142,71,113
1,<environment.Job instance at 0x7fdb705beaf0>,54,13,[7 3],55,139,152,84,123
1,<environment.Job instance at 0x7fdb705bef00>,56,21,[8 4],57,142,163,85,135
1,<environment.Job instance at 0x7fdb705c1050>,59,19,[1 7],60,152,171,92,142
1,<environment.Job instance at 0x7fdb705c1370>,63,12,[5 3],64,152,164,88,142
1,<environment.Job instance at 0x7fdb705c15a0>,67,18,[9 4],68,163,181,95,152
1,<environment.Job instance at 0x7fdb705c1960>,70,15,[8 4],71,181,196,110,167
1,<environment.Job instance at 0x7fdb705c1640>,71,14,[4 9],72,171,185,99,167
1,<environment.Job instance at 0x7fdb705c15f0>,73,18,[3 5],74,185,203,111,174
1,<environment.Job instance at 0x7fdb705c1be0>,74,19,[3 8],75,196,215,121,186
1,<environment.Job instance at 0x7fdb705c1c80>,75,17,[7 1],76,196,213,120,186
1,<environment.Job instance at 0x7fdb705c16e0>,76,14,[10  4],77,213,227,136,198
1,<environment.Job instance at 0x7fdb705c1e60>,78,16,[8 1],79,227,243,148,214
1,<environment.Job instance at 0x7fdb705c1d70>,81,19,[5 5],82,215,234,133,214
1,<environment.Job instance at 0x7fdb705c1f50>,82,14,[8 5],83,243,257,160,228
1,<environment.Job instance at 0x7fdb705c41e0>,83,21,[4 8],84,234,255,150,228
1,<environment.Job instance at 0x7fdb705c4050>,86,15,[1 7],87,255,270,168,241
1,<environment.Job instance at 0x7fdb705c44b0>,88,18,[7 1],89,257,275,168,246
1,<environment.Job instance at 0x7fdb705c4550>,89,16,[4 9],90,270,286,180,257
1,<environment.Job instance at 0x7fdb705c4730>,92,15,[9 1],93,275,290,182,261
1,<environment.Job instance at 0x7fdb705c4be0>,96,16,[8 4],97,290,306,193,277
1,<environment.Job instance at 0x7fdb705c4cd0>,97,18,[2 6],98,286,304,188,277
1,<environment.Job instance at 0x7fdb705c6230>,104,16,[1 9],105,304,320,199,291
1,<environment.Job instance at 0x7fdb705c6370>,106,16,[7 5],107,306,322,199,293
1,<environment.Job instance at 0x7fdb705c6550>,109,18,[1 9],110,320,338,210,309
1,<environment.Job instance at 0x7fdb705c6960>,113,12,[1 6],114,322,334,208,309
1,<environment.Job instance at 0x7fdb705c69b0>,114,17,[5 1],115,334,351,219,322
1,<environment.Job instance at 0x7fdb705c6af0>,116,17,[5 5],117,334,351,217,322
1,<environment.Job instance at 0x7fdb705c6cd0>,119,20,[4 9],120,338,358,218,331
1,<environment.Job instance at 0x7fdb705c6eb0>,122,18,[7 4],123,351,369,228,340
1,<environment.Job instance at 0x7fdb705ae910>,130,21,[5 4],131,358,379,227,350
1,<environment.Job instance at 0x7fdb705aef00>,133,17,[5 1],134,369,386,235,357
1,<environment.Job instance at 0x7fdb705f4aa0>,136,12,[5 4],137,369,381,232,357
1,<environment.Job instance at 0x7fdb707434b0>,138,14,[6 5],139,381,395,242,366
1,<environment.Job instance at 0x7fdb7060e820>,139,17,[8 2],140,386,403,246,374
1,<environment.Job instance at 0x7fdb70741e10>,141,13,[1 8],142,379,392,237,374
1,<environment.Job instance at 0x7fdb705bb370>,20,17,[ 2 14],21,403,420,382,391
1,<environment.Job instance at 0x7fdb707615a0>,148,13,[10  5],149,420,433,271,404
1,<environment.Job instance at 0x7fdb706682d0>,149,28,[3 8],150,420,448,270,420
1,<environment.Job instance at 0x7fdb70660fa0>,150,24,[ 2 13],151,448,472,297,443
1,<environment.Job instance at 0x7fdb7063f2d0>,151,28,[7 1],152,443,471,291,443
1,<environment.Job instance at 0x7fdb706d7640>,152,12,[1 5],153,472,484,319,455
1,<environment.Job instance at 0x7fdb706d78c0>,153,27,[9 2],154,471,498,317,469
1,<environment.Job instance at 0x7fdb705bb500>,17,19,[12  4],18,498,517,480,493
1,<environment.Job instance at 0x7fdb706d3190>,154,26,[12  4],155,517,543,362,514
1,<environment.Job instance at 0x7fdb70659aa0>,156,15,[ 2 10],157,514,529,357,514
1,<environment.Job instance at 0x7fdb706d33c0>,157,25,[ 3 13],158,543,568,385,539
1,<environment.Job instance at 0x7fdb706602d0>,147,21,[9 2],148,543,564,395,539
1,<environment.Job instance at 0x7fdb707e8af0>,155,17,[5 8],156,568,585,412,556
1,<environment.Job instance at 0x7fdb705bb320>,13,13,[10  3],14,568,581,554,558
1,<environment.Job instance at 0x7fdb79ba41e0>,1,24,[10  1],2,581,605,579,576
1,<environment.Job instance at 0x7fdb6ffc8190>,0,26,[5 4],1,1,27,0,1
1,<environment.Job instance at 0x7fdb79ba41e0>,2,19,[2 5],3,3,22,0,3
1,<environment.Job instance at 0x7fdb70018730>,8,14,[6 3],9,9,23,0,9
1,<environment.Job instance at 0x7fdb70018b40>,12,17,[4 7],13,22,39,9,13
1,<environment.Job instance at 0x7fdb700186e0>,13,13,[5 7],14,27,40,13,14
1,<environment.Job instance at 0x7fdb70018c80>,16,19,[3 8],17,39,58,22,29
1,<environment.Job instance at 0x7fdb700223c0>,19,16,[8 4],20,40,56,20,29
1,<environment.Job instance at 0x7fdb70022b40>,26,17,[9 2],27,56,73,29,44
1,<environment.Job instance at 0x7fdb70022550>,27,16,[1 7],28,58,74,30,45
1,<environment.Job instance at 0x7fdb700270a0>,32,20,[7 5],33,73,93,40,64
1,<environment.Job instance at 0x7fdb70027230>,33,15,[9 5],34,93,108,59,79
1,<environment.Job instance at 0x7fdb70027280>,35,21,[5 9],36,80,101,44,80
1,<environment.Job instance at 0x7fdb70027640>,36,18,[7 1],37,108,126,71,97
1,<environment.Job instance at 0x7fdb70027410>,37,19,[3 8],38,101,120,63,97
1,<environment.Job instance at 0x7fdb70027870>,43,15,[6 1],44,120,135,76,106
1,<environment.Job instance at 0x7fdb70027b90>,44,18,[5 4],45,126,144,81,115
1,<environment.Job instance at 0x7fdb6ff5e280>,66,15,[8 5],67,135,150,68,121
1,<environment.Job instance at 0x7fdb6ff5d460>,70,19,[4 7],71,144,163,73,134
1,<environment.Job instance at 0x7fdb6fdcab40>,76,13,[4 8],77,150,163,73,142
1,<environment.Job instance at 0x7fdb6fe2f2d0>,77,16,[8 4],78,163,179,85,150
1,<environment.Job instance at 0x7fdb70035fa0>,80,13,[2 7],81,163,176,82,150
1,<environment.Job instance at 0x7fdb6fbd6af0>,86,13,[4 5],87,176,189,89,160
1,<environment.Job instance at 0x7fdb6fba5870>,92,13,[3 5],93,176,189,83,160
1,<environment.Job instance at 0x7fdb6fce6e10>,93,16,[5 8],94,189,205,95,176
1,<environment.Job instance at 0x7fdb6fe41b90>,96,14,[3 5],97,179,193,82,176
1,<environment.Job instance at 0x7fdb6fb5edc0>,103,17,[10  2],104,193,210,89,181
1,<environment.Job instance at 0x7fdb6fb5e0a0>,107,17,[10  4],108,210,227,102,198
1,<environment.Job instance at 0x7fdb6fb66230>,108,13,[6 4],109,227,240,118,211
1,<environment.Job instance at 0x7fdb6fb66780>,111,16,[6 3],112,227,243,115,214
1,<environment.Job instance at 0x7fdb6fb66c80>,115,13,[8 3],116,240,253,124,224
1,<environment.Job instance at 0x7fdb6fb66a50>,116,22,[7 5],117,243,265,126,236
1,<environment.Job instance at 0x7fdb6fb66e60>,117,20,[5 8],118,253,273,135,244
1,<environment.Job instance at 0x7fdb6fb66370>,118,17,[8 4],119,265,282,146,253
1,<environment.Job instance at 0x7fdb6fb66cd0>,119,15,[3 6],120,273,288,153,259
1,<environment.Job instance at 0x7fdb6fb4aaa0>,122,15,[5 8],123,282,297,159,268
1,<environment.Job instance at 0x7fdb6fb67d70>,126,17,[ 5 10],127,297,314,170,285
1,<environment.Job instance at 0x7fdb6fb67730>,130,13,[8 4],131,288,301,157,285
1,<environment.Job instance at 0x7fdb6fb65870>,138,12,[5 8],139,314,326,175,297
1,<environment.Job instance at 0x7fdb6fb65e10>,140,12,[5 5],141,301,313,160,297
1,<environment.Job instance at 0x7fdb6fb65cd0>,143,18,[9 5],144,313,331,169,302
1,<environment.Job instance at 0x7fdb6fb65af0>,144,18,[1 7],145,326,344,181,315
1,<environment.Job instance at 0x7fdb6fb64f00>,150,14,[7 1],151,331,345,180,316
1,<environment.Job instance at 0x7fdb6fbec690>,154,12,[4 7],155,331,343,176,316
1,<environment.Job instance at 0x7fdb6ffc8be0>,1,23,[ 3 14],2,3885,3908,3883,3885
1,<environment.Job instance at 0x7fdb70018050>,5,16,[11  3],6,3956,3972,3950,3956
1,<environment.Job instance at 0x7fdb6fceed70>,0,14,[3 7],1,1,15,0,1
1,<environment.Job instance at 0x7fdb6fcd7140>,4,16,[ 4 10],5,15,31,10,5
1,<environment.Job instance at 0x7fdb6fcd73c0>,12,13,[2 9],13,31,44,18,15
1,<environment.Job instance at 0x7fdb6fcd7690>,14,12,[2 7],15,44,56,29,27
1,<environment.Job instance at 0x7fdb6fcd7960>,16,21,[10  5],17,27,48,10,27
1,<environment.Job instance at 0x7fdb6fceafa0>,23,17,[5 9],24,56,73,32,44
1,<environment.Job instance at 0x7fdb6fcea190>,24,17,[7 1],25,48,65,23,44
1,<environment.Job instance at 0x7fdb6fce6eb0>,38,14,[3 6],39,65,79,26,50
1,<environment.Job instance at 0x7fdb6fce6230>,39,12,[6 4],40,73,85,33,56
1,<environment.Job instance at 0x7fdb6fce6aa0>,48,16,[5 2],49,73,89,24,60
1,<environment.Job instance at 0x7fdb6fce1a50>,55,13,[5 5],56,85,98,29,70
1,<environment.Job instance at 0x7fdb6fce18c0>,56,20,[7 1],57,89,109,32,80
1,<environment.Job instance at 0x7fdb6fce1370>,61,20,[5 5],62,98,118,36,89
1,<environment.Job instance at 0x7fdb6fcdd640>,65,17,[7 4],66,109,126,43,97
1,<environment.Job instance at 0x7fdb6fcdd410>,67,19,[3 8],68,118,137,50,108
1,<environment.Job instance at 0x7fdb6fcdd780>,69,13,[1 7],70,126,139,56,110
1,<environment.Job instance at 0x7fdb6fcdd3c0>,72,18,[10  5],73,137,155,64,126
1,<environment.Job instance at 0x7fdb6fcddbe0>,79,16,[4 5],80,139,155,59,126
1,<environment.Job instance at 0x7fdb6fcda640>,82,14,[4 5],83,155,169,72,140
1,<environment.Job instance at 0x7fdb6fcda280>,85,13,[5 6],86,155,168,69,140
1,<environment.Job instance at 0x7fdb6fcda050>,90,20,[4 9],91,168,188,77,159
1,<environment.Job instance at 0x7fdb6fcd38c0>,98,18,[5 5],99,169,187,70,159
1,<environment.Job instance at 0x7fdb6fcd0780>,111,12,[7 5],112,187,199,75,170
1,<environment.Job instance at 0x7fdb6fcd0be0>,112,20,[10  2],113,199,219,86,190
1,<environment.Job instance at 0x7fdb6fcd0af0>,114,15,[2 6],115,190,205,75,190
1,<environment.Job instance at 0x7fdb6fcd0190>,115,17,[10  4],116,219,236,103,207
1,<environment.Job instance at 0x7fdb6fcd0370>,116,19,[6 5],117,236,255,119,226
1,<environment.Job instance at 0x7fdb6fcd0d20>,120,19,[3 6],121,226,245,105,226
1,<environment.Job instance at 0x7fdb6fccabe0>,127,15,[4 9],128,245,260,117,231
1,<environment.Job instance at 0x7fdb6fccac30>,129,12,[4 6],130,255,267,125,238
1,<environment.Job instance at 0x7fdb6fd9e6e0>,132,19,[7 3],133,260,279,127,250
1,<environment.Job instance at 0x7fdb6fdebc80>,135,18,[5 5],136,267,285,131,256
1,<environment.Job instance at 0x7fdb6fdeb640>,136,15,[2 6],137,260,275,123,256
1,<environment.Job instance at 0x7fdb6fdeb370>,137,14,[8 4],138,279,293,141,264
1,<environment.Job instance at 0x7fdb6fb9f6e0>,140,15,[5 2],141,285,300,144,271
1,<environment.Job instance at 0x7fdb6fe3d5f0>,142,13,[10  4],143,293,306,150,277
1,<environment.Job instance at 0x7fdb70731410>,143,20,[4 7],144,300,320,156,291
1,<environment.Job instance at 0x7fdb703d49b0>,144,21,[10  3],145,306,327,161,298
1,<environment.Job instance at 0x7fdb702f17d0>,151,14,[5 3],152,320,334,168,305
1,<environment.Job instance at 0x7fdb6fcf2f00>,154,20,[7 5],155,327,347,172,318
1,<environment.Job instance at 0x7fdb6fdca9b0>,155,21,[4 8],156,334,355,178,326
1,<environment.Job instance at 0x7fdb6fbe55a0>,156,17,[5 4],157,347,364,190,335
1,<environment.Job instance at 0x7fdb6fcf2640>,157,20,[8 5],158,355,375,197,346
1,<environment.Job instance at 0x7fdb6fcd7730>,13,20,[4 9],14,367,387,353,367
1,<environment.Job instance at 0x7fdb6fcd7b40>,5,20,[5 8],6,387,407,381,378
1,<environment.Job instance at 0x7fdb6fcee960>,1,15,[13  3],2,407,422,405,393
1,<environment.Job instance at 0x7fdb6fb285f0>,9,12,[5 5],10,10,22,0,10
1,<environment.Job instance at 0x7fdb6fb28820>,11,17,[5 4],12,12,29,0,12
1,<environment.Job instance at 0x7fdb6fb28a00>,14,16,[4 6],15,15,31,0,15
1,<environment.Job instance at 0x7fdb6fb28a50>,15,16,[1 9],16,29,45,13,16
1,<environment.Job instance at 0x7fdb6fb28b90>,16,16,[7 2],17,31,47,14,18
1,<environment.Job instance at 0x7fdb6fb28f50>,20,15,[3 5],21,45,60,24,31
1,<environment.Job instance at 0x7fdb6fb2a7d0>,34,13,[5 5],35,45,58,10,35
1,<environment.Job instance at 0x7fdb6fb28c80>,18,23,[6 4],19,47,70,28,41
1,<environment.Job instance at 0x7fdb6fb2a0a0>,36,18,[6 3],37,58,76,21,47
1,<environment.Job instance at 0x7fdb6fb2acd0>,40,14,[9 5],41,70,84,29,57
1,<environment.Job instance at 0x7fdb6fb28f00>,22,17,[5 5],23,76,93,53,64
1,<environment.Job instance at 0x7fdb6fb2aeb0>,43,19,[7 5],44,84,103,40,75
1,<environment.Job instance at 0x7fdb6fb2ad20>,46,21,[8 4],47,93,114,46,86
1,<environment.Job instance at 0x7fdb6fb2d140>,48,15,[1 7],49,103,118,54,93
1,<environment.Job instance at 0x7fdb6fb2d280>,49,14,[7 2],50,114,128,64,99
1,<environment.Job instance at 0x7fdb6fb2d4b0>,53,13,[1 6],54,114,127,60,99
1,<environment.Job instance at 0x7fdb6fb2d5f0>,55,15,[1 6],56,118,133,62,106
1,<environment.Job instance at 0x7fdb6fb2d690>,56,13,[5 2],57,127,140,70,111
1,<environment.Job instance at 0x7fdb6fb2d8c0>,57,16,[ 2 10],58,133,149,75,123
1,<environment.Job instance at 0x7fdb6fb2db90>,62,18,[2 5],63,140,158,77,129
1,<environment.Job instance at 0x7fdb6fb2de10>,65,19,[5 7],66,149,168,83,141
1,<environment.Job instance at 0x7fdb6fb2dfa0>,69,21,[1 7],70,158,179,88,154
1,<environment.Job instance at 0x7fdb6fb2f190>,70,15,[2 7],71,168,183,97,154
1,<environment.Job instance at 0x7fdb6fb2f230>,71,16,[6 1],72,154,170,82,154
1,<environment.Job instance at 0x7fdb6fb2f410>,73,14,[10  3],74,179,193,105,166
1,<environment.Job instance at 0x7fdb6fb2f370>,74,18,[4 7],75,183,201,108,180
1,<environment.Job instance at 0x7fdb6fb1d4b0>,78,21,[5 6],79,193,214,114,188
1,<environment.Job instance at 0x7fdb6fb28fa0>,21,27,[5 5],22,201,228,179,199
1,<environment.Job instance at 0x7fdb6fb1d370>,80,13,[4 5],81,214,227,133,199
1,<environment.Job instance at 0x7fdb6fb1d050>,79,14,[ 3 10],80,227,241,147,217
1,<environment.Job instance at 0x7fdb6fb1d190>,82,16,[1 5],83,228,244,145,217
1,<environment.Job instance at 0x7fdb6fb1d2d0>,83,18,[4 9],84,241,259,157,232
1,<environment.Job instance at 0x7fdb702be960>,88,13,[10  1],89,252,265,163,252
1,<environment.Job instance at 0x7fdb6fb1d0a0>,81,22,[ 4 12],82,259,281,177,252
1,<environment.Job instance at 0x7fdb70c4ca00>,95,27,[12  4],96,281,308,185,279
1,<environment.Job instance at 0x7fdb710da230>,94,18,[ 1 10],95,292,310,197,292
1,<environment.Job instance at 0x7fdb7041c370>,99,14,[1 7],100,310,324,210,295
1,<environment.Job instance at 0x7fdb703fcc30>,100,18,[7 5],101,308,326,207,302
1,<environment.Job instance at 0x7fdb6fb2af50>,44,25,[ 4 10],45,324,349,279,320
1,<environment.Job instance at 0x7fdb702a4410>,105,26,[13  3],106,349,375,243,346
1,<environment.Job instance at 0x7fdb6ff0bf00>,106,24,[8 2],107,375,399,268,370
1,<environment.Job instance at 0x7fdb6ff258c0>,107,16,[2 8],108,370,386,262,370
1,<environment.Job instance at 0x7fdb702a3730>,108,12,[11  1],109,399,411,290,382
1,<environment.Job instance at 0x7fdb702a39b0>,109,17,[11  3],110,411,428,301,399
1,<environment.Job instance at 0x7fdb702a3d20>,110,16,[12  1],111,428,444,317,415
1,<environment.Job instance at 0x7fdb702a3af0>,111,15,[ 4 13],112,444,459,332,430
1,<environment.Job instance at 0x7fdb702a3c80>,112,28,[13  1],113,459,487,346,458
1,<environment.Job instance at 0x7fdb702a3190>,113,24,[ 4 13],114,487,511,373,482
1,<environment.Job instance at 0x7fdb702a3550>,114,18,[ 1 11],115,511,529,396,500
1,<environment.Job instance at 0x7fdb702a3410>,115,18,[2 5],116,529,547,413,518
1,<environment.Job instance at 0x7fdb702a3f50>,116,14,[12  5],117,529,543,412,518
1,<environment.Job instance at 0x7fdb702a3a00>,117,21,[13  2],118,543,564,425,535
1,<environment.Job instance at 0x7fdb702a38c0>,118,14,[3 9],119,564,578,445,549
1,<environment.Job instance at 0x7fdb702a36e0>,119,28,[13  2],120,578,606,458,577
1,<environment.Job instance at 0x7fdb702a3820>,120,14,[5 1],121,606,620,485,591
1,<environment.Job instance at 0x7fdb702a3960>,121,24,[2 6],122,591,615,469,591
1,<environment.Job instance at 0x7fdb702a3cd0>,122,13,[ 5 12],123,615,628,492,599
1,<environment.Job instance at 0x7fdb702a3280>,123,20,[ 2 11],124,628,648,504,619
1,<environment.Job instance at 0x7fdb702a3640>,124,14,[8 4],125,628,642,503,619
1,<environment.Job instance at 0x7fdb702a3eb0>,125,14,[11  2],126,642,656,516,627
1,<environment.Job instance at 0x7fdb702a35a0>,126,21,[ 1 10],127,648,669,521,640
1,<environment.Job instance at 0x7fdb702a33c0>,127,25,[3 7],128,669,694,541,665
1,<environment.Job instance at 0x7fdb702a30f0>,128,14,[5 8],129,669,683,540,665
1,<environment.Job instance at 0x7fdb702a3dc0>,129,22,[ 4 10],130,694,716,564,687
1,<environment.Job instance at 0x7fdb702a3aa0>,130,25,[ 5 14],131,716,741,585,712
1,<environment.Job instance at 0x7fdb6ff3e2d0>,131,17,[ 1 13],132,741,758,609,729
1,<environment.Job instance at 0x7fdb6ff3e1e0>,132,16,[ 1 13],133,758,774,625,745
1,<environment.Job instance at 0x7fdb6ff3e4b0>,133,28,[2 7],134,774,802,640,773
1,<environment.Job instance at 0x7fdb702aed70>,134,19,[3 6],135,774,793,639,773
1,<environment.Job instance at 0x7fdb702ae050>,135,25,[3 9],136,802,827,666,798
1,<environment.Job instance at 0x7fdb702ae320>,136,15,[6 1],137,798,813,661,798
1,<environment.Job instance at 0x7fdb702ae0f0>,137,13,[ 1 13],138,827,840,689,811
1,<environment.Job instance at 0x7fdb6ff12280>,138,28,[3 6],139,840,868,701,839
1,<environment.Job instance at 0x7fdb6ff12c30>,139,12,[ 4 11],140,868,880,728,851
1,<environment.Job instance at 0x7fdb6ff1cdc0>,140,12,[2 8],141,851,863,710,851
1,<environment.Job instance at 0x7fdb6ff3b8c0>,141,13,[6 4],142,863,876,721,851
1,<environment.Job instance at 0x7fdb6ff3b190>,142,22,[ 5 12],143,880,902,737,873
1,<environment.Job instance at 0x7fdb6ff1c500>,143,17,[13  5],144,902,919,758,890
1,<environment.Job instance at 0x7fdb6ff1c690>,144,13,[5 7],145,919,932,774,903
1,<environment.Job instance at 0x7fdb7029a370>,145,13,[12  4],146,932,945,786,916
1,<environment.Job instance at 0x7fdb7029a4b0>,146,14,[4 9],147,945,959,798,930
1,<environment.Job instance at 0x7fdb7029a0a0>,147,18,[8 3],148,945,963,797,934
1,<environment.Job instance at 0x7fdb7029a280>,148,12,[3 5],149,959,971,810,942
1,<environment.Job instance at 0x7fdb7029a3c0>,149,15,[1 8],150,963,978,813,949
1,<environment.Job instance at 0x7fdb7029a320>,150,14,[ 4 13],151,978,992,827,963
1,<environment.Job instance at 0x7fdb7029a460>,151,23,[ 5 12],152,992,1015,840,986
1,<environment.Job instance at 0x7fdb7029a230>,152,20,[8 5],153,1015,1035,862,1006
1,<environment.Job instance at 0x7fdb6ff186e0>,153,27,[ 5 10],154,1015,1042,861,1014
1,<environment.Job instance at 0x7fdb6ff18a00>,154,13,[13  5],155,1042,1055,887,1026
1,<environment.Job instance at 0x7fdb6ff18f00>,155,18,[3 7],156,1055,1073,899,1044
1,<environment.Job instance at 0x7fdb7029d320>,156,18,[ 4 14],157,1073,1091,916,1062
1,<environment.Job instance at 0x7fdb7029da50>,157,18,[10  1],158,1062,1080,904,1062
1,<environment.Job instance at 0x7fdb7029daf0>,158,20,[2 7],159,1091,1111,932,1082
1,<environment.Job instance at 0x7fdb702adf50>,0,17,[5 2],1,1,18,0,1
1,<environment.Job instance at 0x7fdb7029daf0>,2,12,[6 2],3,3,15,0,3
1,<environment.Job instance at 0x7fdb702ad050>,1,18,[4 9],2,3,21,1,3
1,<environment.Job instance at 0x7fdb70650dc0>,5,16,[6 2],6,15,31,9,6
1,<environment.Job instance at 0x7fdb70650f00>,9,16,[7 4],10,21,37,11,10
1,<environment.Job instance at 0x7fdb706503c0>,12,12,[7 2],13,31,43,18,14
1,<environment.Job instance at 0x7fdb70650410>,8,14,[14  5],9,43,57,34,28
1,<environment.Job instance at 0x7fdb70650f50>,16,14,[13  4],17,57,71,40,42
1,<environment.Job instance at 0x7fdb706c6820>,15,18,[ 2 10],16,57,75,41,55
1,<environment.Job instance at 0x7fdb70650780>,6,16,[8 2],7,71,87,64,61
1,<environment.Job instance at 0x7fdb6fcca050>,3,23,[1 5],4,75,98,71,69
1,<environment.Job instance at 0x7fdb706c6eb0>,32,16,[5 4],33,75,91,42,69
1,<environment.Job instance at 0x7fdb706c6b40>,36,17,[3 5],37,87,104,50,75
1,<environment.Job instance at 0x7fdb7068d3c0>,38,14,[6 5],39,91,105,52,76
1,<environment.Job instance at 0x7fdb7068deb0>,47,15,[4 7],48,104,119,56,91
1,<environment.Job instance at 0x7fdb7068d2d0>,48,12,[1 7],49,105,117,56,91
1,<environment.Job instance at 0x7fdb7068daf0>,49,17,[8 4],50,117,134,67,105
1,<environment.Job instance at 0x7fdb7068d5f0>,50,16,[1 7],51,119,135,68,112
1,<environment.Job instance at 0x7fdb706c6f00>,17,15,[13  3],18,134,149,116,122
1,<environment.Job instance at 0x7fdb705a84b0>,57,13,[12  4],58,149,162,91,133
1,<environment.Job instance at 0x7fdb705a8050>,65,18,[6 4],66,162,180,96,151
1,<environment.Job instance at 0x7fdb703346e0>,97,16,[5 2],98,162,178,64,157
1,<environment.Job instance at 0x7fdb70b1baa0>,104,18,[5 8],105,178,196,73,175
1,<environment.Job instance at 0x7fdb705a8cd0>,58,28,[10  4],59,180,208,121,179
1,<environment.Job instance at 0x7fdb70b1b9b0>,108,12,[10  4],109,208,220,99,191
1,<environment.Job instance at 0x7fdb70b1b410>,107,20,[5 7],108,196,216,88,192
1,<environment.Job instance at 0x7fdb706c6280>,21,14,[14  2],22,220,234,198,209
1,<environment.Job instance at 0x7fdb70b1b870>,115,22,[6 2],116,234,256,118,227
1,<environment.Job instance at 0x7fdb70b1ba00>,119,15,[9 2],120,234,249,114,227
1,<environment.Job instance at 0x7fdb70b1ba50>,120,14,[2 7],121,249,263,128,234
1,<environment.Job instance at 0x7fdb70956d20>,121,14,[5 7],122,256,270,134,241
1,<environment.Job instance at 0x7fdb70956690>,123,16,[6 2],124,263,279,139,250
1,<environment.Job instance at 0x7fdb709562d0>,127,14,[2 9],128,270,284,142,255
1,<environment.Job instance at 0x7fdb709560f0>,134,13,[4 5],135,279,292,144,263
1,<environment.Job instance at 0x7fdb7064ad20>,135,20,[3 7],136,284,304,148,275
1,<environment.Job instance at 0x7fdb7080c7d0>,137,17,[8 3],138,284,301,146,275
1,<environment.Job instance at 0x7fdb711e95a0>,138,22,[2 8],139,301,323,162,295
1,<environment.Job instance at 0x7fdb706e4b40>,139,18,[2 7],140,304,322,164,295
1,<environment.Job instance at 0x7fdb7060f960>,144,16,[1 6],145,322,338,177,309
1,<environment.Job instance at 0x7fdb7060fd20>,148,14,[5 2],149,323,337,174,309
1,<environment.Job instance at 0x7fdb7060f730>,151,15,[6 3],152,323,338,171,309
1,<environment.Job instance at 0x7fdb706c06e0>,152,16,[9 3],153,338,354,185,325
1,<environment.Job instance at 0x7fdb706c42d0>,155,22,[5 5],156,337,359,181,330
1,<environment.Job instance at 0x7fdb70760be0>,157,17,[ 1 10],158,354,371,196,342
1,<environment.Job instance at 0x7fdb70b1b140>,116,23,[9 1],117,359,382,242,356
1,<environment.Job instance at 0x7fdb706c6d20>,26,25,[ 2 13],27,382,407,355,382
1,<environment.Job instance at 0x7fdb70b1b050>,109,23,[5 6],110,438,461,328,438
1,<environment.Job instance at 0x7fdb6fcd7500>,1,15,[5 4],2,2,17,0,2
1,<environment.Job instance at 0x7fdb707255f0>,6,14,[7 3],7,7,21,0,7
1,<environment.Job instance at 0x7fdb7080f460>,15,12,[5 5],16,17,29,1,16
1,<environment.Job instance at 0x7fdb706d3050>,17,19,[1 8],18,21,40,3,18
1,<environment.Job instance at 0x7fdb706d0230>,19,17,[8 3],20,29,46,9,22
1,<environment.Job instance at 0x7fdb70700e10>,22,13,[10  5],23,46,59,23,30
1,<environment.Job instance at 0x7fdb70800e10>,32,19,[3 6],33,40,59,7,33
1,<environment.Job instance at 0x7fdb70b1b050>,21,14,[8 3],22,59,73,37,48
1,<environment.Job instance at 0x7fdb70737f00>,40,18,[7 4],41,59,77,18,52
1,<environment.Job instance at 0x7fdb706d0f00>,20,14,[13  5],21,77,91,56,62
1,<environment.Job instance at 0x7fdb70815fa0>,47,26,[14  5],48,91,117,43,88
1,<environment.Job instance at 0x7fdb70815dc0>,46,20,[2 9],47,117,137,70,109
1,<environment.Job instance at 0x7fdb706b9fa0>,54,20,[5 3],55,117,137,62,110
1,<environment.Job instance at 0x7fdb70c3a910>,60,16,[6 3],61,117,133,56,111
1,<environment.Job instance at 0x7fdb705817d0>,70,14,[5 1],71,133,147,62,125
1,<environment.Job instance at 0x7fdb706d3140>,18,20,[7 4],19,137,157,118,131
1,<environment.Job instance at 0x7fdb7023aa00>,71,20,[3 8],72,137,157,65,133
1,<environment.Job instance at 0x7fdb707372d0>,41,26,[5 3],42,147,173,105,145
1,<environment.Job instance at 0x7fdb71115eb0>,77,12,[14  2],78,173,185,95,156
1,<environment.Job instance at 0x7fdb70bced70>,76,22,[9 5],77,185,207,108,180
1,<environment.Job instance at 0x7fdb79d1f140>,81,16,[3 9],82,185,201,103,180
1,<environment.Job instance at 0x7fdb70c20820>,82,22,[5 2],83,201,223,118,194
1,<environment.Job instance at 0x7fdb70316e60>,86,16,[1 8],87,201,217,114,194
1,<environment.Job instance at 0x7fdb70316cd0>,87,16,[8 3],88,207,223,119,194
1,<environment.Job instance at 0x7fdb704479b0>,92,21,[1 5],93,217,238,124,209
1,<environment.Job instance at 0x7fdb700d7c80>,96,12,[2 5],97,223,235,126,209
1,<environment.Job instance at 0x7fdb70865870>,48,24,[4 6],49,235,259,186,230
1,<environment.Job instance at 0x7fdb70c280f0>,98,12,[9 1],99,230,242,131,230
1,<environment.Job instance at 0x7fdb7009fdc0>,99,24,[6 2],100,242,266,142,237
1,<environment.Job instance at 0x7fdb700aee60>,100,13,[ 1 12],101,259,272,158,243
1,<environment.Job instance at 0x7fdb700aea00>,101,16,[ 2 12],102,272,288,170,260
1,<environment.Job instance at 0x7fdb700ae960>,102,27,[ 3 11],103,288,315,185,286
1,<environment.Job instance at 0x7fdb700aed70>,103,21,[ 3 13],104,315,336,211,307
1,<environment.Job instance at 0x7fdb700aeaa0>,104,14,[4 8],105,336,350,231,321
1,<environment.Job instance at 0x7fdb700ae910>,105,21,[ 4 14],106,350,371,244,342
1,<environment.Job instance at 0x7fdb700ae9b0>,106,13,[14  2],107,371,384,264,355
1,<environment.Job instance at 0x7fdb700ae870>,107,16,[ 4 14],108,384,400,276,371
1,<environment.Job instance at 0x7fdb700ae230>,108,13,[4 5],109,400,413,291,384
1,<environment.Job instance at 0x7fdb6fbb6c80>,109,14,[13  3],110,413,427,303,398
1,<environment.Job instance at 0x7fdb6fbb6690>,110,24,[3 9],111,427,451,316,422
1,<environment.Job instance at 0x7fdb6fbb6e10>,111,14,[10  4],112,427,441,315,422
1,<environment.Job instance at 0x7fdb70224e10>,112,17,[ 3 11],113,451,468,338,443
1,<environment.Job instance at 0x7fdb702242d0>,113,20,[8 4],114,443,463,329,443
1,<environment.Job instance at 0x7fdb6ff8cd70>,114,27,[1 9],115,468,495,353,466
1,<environment.Job instance at 0x7fdb7004a730>,78,23,[5 5],79,468,491,389,468
1,<environment.Job instance at 0x7fdb7009fe10>,97,22,[4 8],98,495,517,397,490
1,<environment.Job instance at 0x7fdb6ff8c870>,118,19,[6 5],119,491,510,372,490
1,<environment.Job instance at 0x7fdb6ff8c410>,121,15,[2 7],122,510,525,388,496
1,<environment.Job instance at 0x7fdb700af4b0>,122,17,[3 5],123,517,534,394,505
1,<environment.Job instance at 0x7fdb79d18f00>,131,21,[2 9],132,525,546,393,518
1,<environment.Job instance at 0x7fdb708afc30>,135,14,[10  1],136,528,542,392,528
1,<environment.Job instance at 0x7fdb70a5c4b0>,136,12,[9 5],137,542,554,405,528
1,<environment.Job instance at 0x7fdb70a5c8c0>,140,16,[5 4],141,546,562,405,533
1,<environment.Job instance at 0x7fdb70a5c190>,141,18,[7 2],142,554,572,412,543
1,<environment.Job instance at 0x7fdb70a5cfa0>,142,12,[5 2],143,562,574,419,545
1,<environment.Job instance at 0x7fdb70a5cb90>,144,12,[7 2],145,572,584,427,555
1,<environment.Job instance at 0x7fdb70a5caf0>,147,12,[7 2],148,574,586,426,560
1,<environment.Job instance at 0x7fdb6ff8cc30>,116,27,[1 6],117,560,587,443,560
1,<environment.Job instance at 0x7fdb70668d70>,151,15,[11  5],152,586,601,434,572
1,<environment.Job instance at 0x7fdb706689b0>,152,19,[2 5],153,587,606,434,577
1,<environment.Job instance at 0x7fdb70668e60>,156,13,[8 4],157,601,614,444,588
1,<environment.Job instance at 0x7fdb70668c30>,157,17,[6 2],158,606,623,448,594
1,<environment.Job instance at 0x7fdb70668820>,158,16,[6 5],159,614,630,455,601
1,<environment.Job instance at 0x7fdb6fcb3a50>,0,23,[8 4],1,623,646,622,617
1,<environment.Job instance at 0x7fdb70aefcd0>,0,19,[4 5],1,1,20,0,1
1,<environment.Job instance at 0x7fdb6fcb3a50>,2,16,[6 3],3,3,19,0,3
1,<environment.Job instance at 0x7fdb70199be0>,4,21,[5 4],5,5,26,0,5
1,<environment.Job instance at 0x7fdb70199870>,5,16,[6 4],6,19,35,13,6
1,<environment.Job instance at 0x7fdb703514b0>,9,12,[5 4],10,26,38,16,11
1,<environment.Job instance at 0x7fdb701910a0>,11,13,[9 3],12,35,48,23,19
1,<environment.Job instance at 0x7fdb70191370>,12,14,[8 4],13,48,62,35,33
1,<environment.Job instance at 0x7fdb701994b0>,10,25,[ 4 10],11,38,63,27,34
1,<environment.Job instance at 0x7fdb70882af0>,17,16,[13  1],18,63,79,45,50
1,<environment.Job instance at 0x7fdb703ae0f0>,18,13,[7 1],19,79,92,60,64
1,<environment.Job instance at 0x7fdb703aef50>,19,14,[14  1],20,92,106,72,77
1,<environment.Job instance at 0x7fdb703ae870>,20,15,[9 1],21,106,121,85,92
1,<environment.Job instance at 0x7fdb70882c30>,16,16,[7 5],17,121,137,104,109
1,<environment.Job instance at 0x7fdb701991e0>,6,22,[7 2],7,121,143,114,116
1,<environment.Job instance at 0x7fdb704453c0>,21,19,[14  4],22,143,162,121,133
1,<environment.Job instance at 0x7fdb6ffc9aa0>,24,14,[ 5 13],25,162,176,137,147
1,<environment.Job instance at 0x7fdb6ffc9a00>,25,23,[ 3 10],26,176,199,150,170
1,<environment.Job instance at 0x7fdb70beedc0>,27,23,[9 5],28,176,199,148,170
1,<environment.Job instance at 0x7fdb703a6cd0>,28,27,[ 5 12],29,199,226,170,197
1,<environment.Job instance at 0x7fdb7041ec80>,29,21,[7 5],30,226,247,196,218
1,<environment.Job instance at 0x7fdb7041e3c0>,30,27,[ 3 13],31,247,274,216,245
1,<environment.Job instance at 0x7fdb6ff95320>,31,13,[5 2],32,245,258,213,245
1,<environment.Job instance at 0x7fdb6ff95f50>,32,18,[11  3],33,274,292,241,263
1,<environment.Job instance at 0x7fdb6ff95140>,33,27,[1 7],34,274,301,240,272
1,<environment.Job instance at 0x7fdb703c50f0>,34,18,[6 3],35,292,310,257,281
1,<environment.Job instance at 0x7fdb6ff95690>,35,18,[ 3 12],36,301,319,265,290
1,<environment.Job instance at 0x7fdb70bddeb0>,36,22,[10  3],37,310,332,273,304
1,<environment.Job instance at 0x7fdb70bdda00>,37,19,[ 4 10],38,319,338,281,309
1,<environment.Job instance at 0x7fdb70bddbe0>,38,13,[2 7],39,338,351,299,322
1,<environment.Job instance at 0x7fdb70bd60a0>,39,15,[ 4 13],40,351,366,311,337
1,<environment.Job instance at 0x7fdb70bdd0f0>,40,18,[10  1],41,337,355,296,337
1,<environment.Job instance at 0x7fdb70bd6140>,41,25,[9 1],42,355,380,313,351
1,<environment.Job instance at 0x7fdb70bbb370>,42,17,[ 5 14],43,366,383,323,354
1,<environment.Job instance at 0x7fdb70bbbeb0>,43,14,[13  1],44,383,397,339,368
1,<environment.Job instance at 0x7fdb70bbbaf0>,44,14,[1 6],45,383,397,338,368
1,<environment.Job instance at 0x7fdb70bbbfa0>,45,15,[ 5 14],46,397,412,351,383
1,<environment.Job instance at 0x7fdb703c70a0>,46,21,[10  1],47,397,418,350,389
1,<environment.Job instance at 0x7fdb704415a0>,47,18,[ 1 14],48,412,430,364,401
1,<environment.Job instance at 0x7fdb703c7d20>,48,16,[12  4],49,430,446,381,417
1,<environment.Job instance at 0x7fdb70bb5870>,49,14,[6 1],50,446,460,396,431
1,<environment.Job instance at 0x7fdb70bbcf50>,50,24,[ 3 12],51,446,470,395,441
1,<environment.Job instance at 0x7fdb70bb5e10>,51,19,[7 3],52,460,479,408,450
1,<environment.Job instance at 0x7fdb70bb5b40>,52,12,[10  4],53,479,491,426,462
1,<environment.Job instance at 0x7fdb70bb0fa0>,53,28,[14  2],54,491,519,437,490
1,<environment.Job instance at 0x7fdb70bb0f00>,54,16,[2 5],55,519,535,464,506
1,<environment.Job instance at 0x7fdb70bb0500>,55,13,[ 5 12],56,535,548,479,519
1,<environment.Job instance at 0x7fdb70bb0f50>,56,22,[ 5 14],57,548,570,491,541
1,<environment.Job instance at 0x7fdb70bc51e0>,26,20,[10  4],27,570,590,543,565
1,<environment.Job instance at 0x7fdb70bc43c0>,58,15,[2 5],59,570,585,511,570
1,<environment.Job instance at 0x7fdb70bc40f0>,59,14,[3 7],60,585,599,525,574
1,<environment.Job instance at 0x7fdb70199320>,8,23,[8 3],9,590,613,581,585
1,<environment.Job instance at 0x7fdb70bc41e0>,64,17,[2 9],65,599,616,534,587
1,<environment.Job instance at 0x7fdb70bc4dc0>,67,17,[8 4],68,613,630,545,601
1,<environment.Job instance at 0x7fdb70bc4a50>,69,14,[5 1],70,603,617,533,603
1,<environment.Job instance at 0x7fdb70bc4a00>,70,14,[2 8],71,616,630,545,603
1,<environment.Job instance at 0x7fdb7011ca00>,73,14,[5 2],74,617,631,543,603
1,<environment.Job instance at 0x7fdb7011ce10>,76,15,[8 1],77,630,645,553,616
1,<environment.Job instance at 0x7fdb7011caa0>,77,13,[5 1],78,631,644,553,617
1,<environment.Job instance at 0x7fdb70bc4e10>,65,15,[ 2 13],66,631,646,565,618
1,<environment.Job instance at 0x7fdb7011c7d0>,79,13,[ 5 14],80,646,659,566,633
1,<environment.Job instance at 0x7fdb701411e0>,84,15,[5 5],85,659,674,574,645
1,<environment.Job instance at 0x7fdb703ae500>,23,24,[9 1],24,650,674,626,650
1,<environment.Job instance at 0x7fdb70141460>,88,28,[1 7],89,662,690,573,662
1,<environment.Job instance at 0x7fdb70141550>,93,18,[6 4],94,674,692,580,664
1,<environment.Job instance at 0x7fdb70141960>,96,14,[5 7],97,690,704,593,677
1,<environment.Job instance at 0x7fdb70141280>,85,14,[ 5 13],86,704,718,618,689
1,<environment.Job instance at 0x7fdb70141910>,97,12,[3 8],98,692,704,594,690
1,<environment.Job instance at 0x7fdb70141fa0>,108,13,[2 9],109,718,731,609,705
1,<environment.Job instance at 0x7fdb701163c0>,111,12,[6 3],112,718,730,606,706
1,<environment.Job instance at 0x7fdb701418c0>,98,16,[ 1 13],99,731,747,632,721
1,<environment.Job instance at 0x7fdb70116550>,114,17,[5 1],115,721,738,606,721
1,<environment.Job instance at 0x7fdb701165f0>,115,27,[14  4],116,747,774,631,745
1,<environment.Job instance at 0x7fdb701164b0>,113,21,[1 5],114,749,770,635,749
1,<environment.Job instance at 0x7fdb701168c0>,119,17,[7 5],120,774,791,654,762
1,<environment.Job instance at 0x7fdb70116be0>,124,12,[3 7],125,774,786,649,767
1,<environment.Job instance at 0x7fdb70116eb0>,128,14,[5 7],129,786,800,657,771
1,<environment.Job instance at 0x7fdb70116fa0>,132,13,[9 3],133,791,804,658,776
1,<environment.Job instance at 0x7fdb70117320>,134,13,[5 5],135,800,813,665,785
1,<environment.Job instance at 0x7fdb70116730>,116,18,[11  4],117,813,831,696,802
1,<environment.Job instance at 0x7fdb70117550>,138,19,[14  2],139,831,850,692,821
1,<environment.Job instance at 0x7fdb701175f0>,139,20,[ 5 12],140,850,870,710,841
1,<environment.Job instance at 0x7fdb70117690>,140,18,[14  1],141,870,888,729,859
1,<environment.Job instance at 0x7fdb70117730>,141,19,[ 2 14],142,888,907,746,878
1,<environment.Job instance at 0x7fdb701417d0>,94,18,[9 1],95,888,906,793,878
1,<environment.Job instance at 0x7fdb701177d0>,142,24,[ 2 14],143,907,931,764,902
1,<environment.Job instance at 0x7fdb70117af0>,145,21,[4 5],148,931,952,783,923
1,<environment.Job instance at 0x7fdb70117190>,146,16,[10  1],149,923,939,774,923
1,<environment.Job instance at 0x7fdb701174b0>,137,20,[4 9],138,1076,1096,938,1076
1,<environment.Job instance at 0x7fdb70117910>,144,19,[7 5],145,1079,1098,934,1079
1,<environment.Job instance at 0x7fdb70aef820>,1,14,[14  3],2,1098,1112,1096,1083
1,<environment.Job instance at 0x7fdb6ffb7370>,0,19,[5 2],1,1,20,0,1
1,<environment.Job instance at 0x7fdb70aef820>,2,17,[6 5],3,3,20,0,3
1,<environment.Job instance at 0x7fdb7068d320>,6,16,[ 4 13],7,20,36,13,11
1,<environment.Job instance at 0x7fdb7068d780>,7,17,[11  3],8,36,53,28,24
1,<environment.Job instance at 0x7fdb7068dfa0>,8,23,[11  2],9,53,76,44,47
1,<environment.Job instance at 0x7fdb7068d6e0>,9,18,[2 5],10,47,65,37,47
1,<environment.Job instance at 0x7fdb7068dc30>,10,20,[13  2],11,76,96,65,67
1,<environment.Job instance at 0x7fdb7068df00>,11,21,[2 6],12,67,88,55,67
1,<environment.Job instance at 0x7fdb7068d690>,12,23,[ 3 13],13,96,119,83,90
1,<environment.Job instance at 0x7fdb7068d960>,5,18,[11  2],6,96,114,90,93
1,<environment.Job instance at 0x7fdb7068d460>,15,15,[9 4],16,119,134,103,105
1,<environment.Job instance at 0x7fdb70fccbe0>,20,18,[5 5],21,119,137,98,108
1,<environment.Job instance at 0x7fdb70fcc0a0>,27,15,[8 2],28,134,149,106,120
1,<environment.Job instance at 0x7fdb70fcc500>,31,16,[8 3],32,149,165,117,136
1,<environment.Job instance at 0x7fdb70fccfa0>,32,16,[4 6],33,137,153,104,136
1,<environment.Job instance at 0x7fdb79d1cfa0>,16,15,[4 7],17,153,168,136,139
1,<environment.Job instance at 0x7fdb703cfd70>,53,18,[6 5],54,165,183,111,154
1,<environment.Job instance at 0x7fdb6fc9b140>,57,15,[10  5],58,183,198,125,169
1,<environment.Job instance at 0x7fdb6fc9baa0>,62,16,[1 8],63,174,190,111,174
1,<environment.Job instance at 0x7fdb70f5c8c0>,63,12,[3 7],64,190,202,126,176
1,<environment.Job instance at 0x7fdb70f5c190>,73,15,[2 7],74,198,213,124,186
1,<environment.Job instance at 0x7fdb70d464b0>,39,18,[14  4],40,213,231,173,202
1,<environment.Job instance at 0x7fdb70e1ea00>,86,18,[13  2],87,231,249,144,220
1,<environment.Job instance at 0x7fdb707448c0>,99,17,[10  4],100,249,266,149,237
1,<environment.Job instance at 0x7fdb7068d370>,13,26,[3 8],14,249,275,235,246
1,<environment.Job instance at 0x7fdb70cd7780>,114,17,[10  3],115,266,283,151,254
1,<environment.Job instance at 0x7fdb708f9320>,1,21,[12  1],2,283,304,281,275
1,<environment.Job instance at 0x7fdb70e0f1e0>,113,21,[9 5],114,304,325,190,296
1,<environment.Job instance at 0x7fdb6f965be0>,117,12,[4 7],118,305,317,187,305
1,<environment.Job instance at 0x7fdb70e0f0f0>,118,15,[6 4],119,317,332,198,305
1,<environment.Job instance at 0x7fdb70e0f5f0>,119,17,[3 8],120,325,342,205,314
1,<environment.Job instance at 0x7fdb70e1ec30>,87,27,[12  5],88,332,359,244,330
1,<environment.Job instance at 0x7fdb7039e0a0>,120,15,[ 5 10],121,359,374,238,347
1,<environment.Job instance at 0x7fdb7039ee60>,121,19,[5 4],122,359,378,237,349
1,<environment.Job instance at 0x7fdb70a4cb40>,123,28,[9 1],124,374,402,250,373
1,<environment.Job instance at 0x7fdb7039ef00>,122,17,[ 2 10],123,378,395,255,373
1,<environment.Job instance at 0x7fdb70ade140>,125,17,[9 5],126,402,419,276,390
1,<environment.Job instance at 0x7fdb70a4c320>,124,23,[ 2 10],125,395,418,270,390
1,<environment.Job instance at 0x7fdb6ffd04b0>,129,22,[6 1],130,418,440,288,411
1,<environment.Job instance at 0x7fdb6ffd0640>,131,15,[5 5],132,419,434,287,411
1,<environment.Job instance at 0x7fdb6ff2b7d0>,133,18,[5 9],134,434,452,300,423
1,<environment.Job instance at 0x7fdb6ff68640>,137,20,[3 6],138,440,460,302,431
1,<environment.Job instance at 0x7fdb6ffd0f50>,130,19,[ 1 12],131,460,479,329,450
1,<environment.Job instance at 0x7fdb79c47c80>,139,16,[ 3 14],140,479,495,339,466
1,<environment.Job instance at 0x7fdb6ff68be0>,138,18,[ 3 10],139,495,513,356,484
1,<environment.Job instance at 0x7fdb797245a0>,143,16,[7 4],144,495,511,351,484
1,<environment.Job instance at 0x7fdb7057d550>,154,14,[3 5],155,511,525,356,496
1,<environment.Job instance at 0x7fdb797244b0>,140,24,[14  4],141,525,549,384,520
1,<environment.Job instance at 0x7fdb79d18d20>,116,19,[ 5 13],117,549,568,432,539
1,<environment.Job instance at 0x7fdb7068d5a0>,3,16,[11  3],4,568,584,564,555
1,<environment.Job instance at 0x7fdb705aef50>,115,24,[7 4],116,6724,6748,6608,6724
1,<environment.Job instance at 0x7fdb6f8e34b0>,0,23,[5 5],1,1,24,0,1
1,<environment.Job instance at 0x7fdb6f8e3780>,3,13,[7 3],4,4,17,0,4
1,<environment.Job instance at 0x7fdb6f8e3960>,8,16,[4 8],9,17,33,8,9
1,<environment.Job instance at 0x7fdb6f8e3690>,12,28,[5 4],13,24,52,11,23
1,<environment.Job instance at 0x7fdb6f8e35f0>,13,27,[ 3 12],14,52,79,38,50
1,<environment.Job instance at 0x7fdb6f8e3e10>,14,18,[7 4],15,79,97,64,68
1,<environment.Job instance at 0x7fdb6f8e3050>,15,25,[ 5 12],16,97,122,81,93
1,<environment.Job instance at 0x7fdb6f8e3eb0>,16,24,[7 4],17,122,146,105,117
1,<environment.Job instance at 0x7fdb6fab5e60>,17,21,[10  1],18,146,167,128,138
1,<environment.Job instance at 0x7fdb6fab5b40>,18,15,[1 5],19,138,153,119,138
1,<environment.Job instance at 0x7fdb6fab5e10>,19,27,[4 5],20,138,165,118,138
1,<environment.Job instance at 0x7fdb6fab5050>,20,16,[11  1],21,167,183,146,154
1,<environment.Job instance at 0x7fdb6fab5be0>,21,16,[ 1 12],22,165,181,143,154
1,<environment.Job instance at 0x7fdb6f8e3230>,10,18,[10  3],11,183,201,172,174
1,<environment.Job instance at 0x7fdb6fab52d0>,24,21,[6 3],25,201,222,176,194
1,<environment.Job instance at 0x7fdb6fab5460>,26,17,[10  5],27,222,239,195,210
1,<environment.Job instance at 0x7fdb6fab55a0>,28,21,[1 5],29,210,231,181,210
1,<environment.Job instance at 0x7fdb6fab5690>,29,17,[1 7],30,231,248,201,225
1,<environment.Job instance at 0x7fdb6fab53c0>,35,18,[9 3],36,239,257,203,229
1,<environment.Job instance at 0x7fdb6fab5870>,36,17,[1 6],37,248,265,211,236
1,<environment.Job instance at 0x7fdb706dfaf0>,38,17,[3 5],39,239,256,200,236
1,<environment.Job instance at 0x7fdb706df230>,49,14,[4 9],50,257,271,207,248
1,<environment.Job instance at 0x7fdb706df370>,50,17,[10  3],51,265,282,214,254
1,<environment.Job instance at 0x7fdb706df410>,52,18,[9 2],53,282,300,229,274
1,<environment.Job instance at 0x7fdb706dfaa0>,55,16,[4 8],56,283,299,227,283
1,<environment.Job instance at 0x7fdb6f8e3b40>,11,24,[ 3 14],12,300,324,288,295
1,<environment.Job instance at 0x7fdb6f9acd20>,62,21,[9 3],63,324,345,261,316
1,<environment.Job instance at 0x7fdb6f9ac280>,65,17,[4 6],66,324,341,258,316
1,<environment.Job instance at 0x7fdb706dfa00>,59,18,[ 2 13],60,345,363,285,334
1,<environment.Job instance at 0x7fdb6f9ac820>,73,14,[5 5],74,363,377,289,348
1,<environment.Job instance at 0x7fdb6f9ac2d0>,68,15,[ 3 10],69,363,378,294,349
1,<environment.Job instance at 0x7fdb705e6140>,79,13,[8 2],80,349,362,269,349
1,<environment.Job instance at 0x7fdb705e61e0>,78,19,[5 8],79,378,397,299,368
1,<environment.Job instance at 0x7fdb705e69b0>,80,27,[ 2 12],81,397,424,316,395
1,<environment.Job instance at 0x7fdb705e6e60>,83,27,[9 5],84,424,451,340,422
1,<environment.Job instance at 0x7fdb705e65a0>,84,25,[3 5],85,424,449,339,422
1,<environment.Job instance at 0x7fdb705e6910>,85,23,[ 2 13],86,451,474,365,445
1,<environment.Job instance at 0x7fdb705e6370>,86,15,[11  2],87,451,466,364,445
1,<environment.Job instance at 0x7fdb705e6960>,87,14,[ 3 10],88,474,488,386,459
1,<environment.Job instance at 0x7fdb705e6230>,88,27,[ 4 14],89,488,515,399,486
1,<environment.Job instance at 0x7fdb6f8d2320>,89,28,[12  5],90,515,543,425,514
1,<environment.Job instance at 0x7fdb6f8d2e60>,90,28,[2 5],91,515,543,424,514
1,<environment.Job instance at 0x7fdb6f8d2f00>,91,27,[13  3],92,543,570,451,541
1,<environment.Job instance at 0x7fdb6f8d2820>,101,15,[12  3],102,570,585,468,556
1,<environment.Job instance at 0x7fdb6f8d2a50>,100,20,[2 8],101,564,584,463,564
1,<environment.Job instance at 0x7fdb6f8d2050>,104,12,[1 9],105,584,596,479,567
1,<environment.Job instance at 0x7fdb705968c0>,113,14,[7 3],114,585,599,471,570
1,<environment.Job instance at 0x7fdb705965f0>,118,19,[8 4],119,596,615,477,586
1,<environment.Job instance at 0x7fdb6f8d2dc0>,102,19,[5 5],103,599,618,496,589
1,<environment.Job instance at 0x7fdb70596190>,121,26,[13  2],122,618,644,496,615
1,<environment.Job instance at 0x7fdb705967d0>,122,20,[ 2 13],123,618,638,495,615
1,<environment.Job instance at 0x7fdb70596af0>,123,16,[ 3 10],124,644,660,520,632
1,<environment.Job instance at 0x7fdb70596230>,124,14,[10  5],125,644,658,519,632
1,<environment.Job instance at 0x7fdb70596690>,120,20,[3 6],121,660,680,539,652
1,<environment.Job instance at 0x7fdb705961e0>,126,21,[5 5],127,658,679,531,654
1,<environment.Job instance at 0x7fdb70596c80>,125,28,[ 1 13],126,680,708,554,679
1,<environment.Job instance at 0x7fdb70596640>,128,14,[11  4],129,708,722,579,693
1,<environment.Job instance at 0x7fdb70596050>,129,28,[7 1],130,722,750,592,721
1,<environment.Job instance at 0x7fdb70596c30>,130,21,[11  4],131,750,771,619,742
1,<environment.Job instance at 0x7fdb6f99f7d0>,131,14,[5 1],132,771,785,639,756
1,<environment.Job instance at 0x7fdb6f99fe60>,132,17,[5 5],133,771,788,638,759
1,<environment.Job instance at 0x7fdb6f99f8c0>,133,15,[5 5],134,771,786,637,759
1,<environment.Job instance at 0x7fdb6f99f500>,134,27,[7 1],135,786,813,651,784
1,<environment.Job instance at 0x7fdb6f99fc30>,135,20,[6 5],136,788,808,652,784
1,<environment.Job instance at 0x7fdb70596aa0>,127,19,[1 8],128,792,811,664,792
1,<environment.Job instance at 0x7fdb6f99fd20>,136,28,[ 3 11],137,811,839,674,810
1,<environment.Job instance at 0x7fdb6f8e3870>,9,18,[11  1],10,815,833,805,815
1,<environment.Job instance at 0x7fdb6f8e3a50>,1,26,[14  4],2,859,885,857,859
1,<environment.Job instance at 0x7fdb70f5c4b0>,1,18,[11  1],2,2,20,0,2
1,<environment.Job instance at 0x7fdb702078c0>,7,15,[4 9],8,8,23,0,8
1,<environment.Job instance at 0x7fdb70207190>,5,18,[6 1],6,20,38,14,9
1,<environment.Job instance at 0x7fdb702070a0>,10,12,[5 9],11,23,35,12,11
1,<environment.Job instance at 0x7fdb70207f50>,12,17,[6 3],13,35,52,22,23
1,<environment.Job instance at 0x7fdb70207820>,13,12,[4 8],14,38,50,24,23
1,<environment.Job instance at 0x7fdb70207a50>,8,22,[ 4 13],9,52,74,43,45
1,<environment.Job instance at 0x7fdb6fbe0960>,18,28,[5 1],19,45,73,26,45
1,<environment.Job instance at 0x7fdb6fbe0140>,19,28,[1 9],20,74,102,54,73
1,<environment.Job instance at 0x7fdb6fbe0410>,20,12,[5 7],21,102,114,81,85
1,<environment.Job instance at 0x7fdb6fbe0780>,21,18,[6 5],22,85,103,63,85
1,<environment.Job instance at 0x7fdb6fbe0730>,22,17,[8 5],23,103,120,80,91
1,<environment.Job instance at 0x7fdb6fbe0be0>,23,13,[10  5],24,120,133,96,104
1,<environment.Job instance at 0x7fdb6fbe0d70>,24,15,[ 5 12],25,133,148,108,119
1,<environment.Job instance at 0x7fdb6fbe0050>,25,16,[5 8],26,148,164,122,135
1,<environment.Job instance at 0x7fdb70207780>,4,17,[5 9],5,164,181,159,156
1,<environment.Job instance at 0x7fdb6fbe0e60>,27,12,[3 5],28,156,168,128,156
1,<environment.Job instance at 0x7fdb6fbe0f50>,29,14,[6 2],30,168,182,138,156
1,<environment.Job instance at 0x7fdb70a58870>,0,21,[8 3],1,181,202,180,173
1,<environment.Job instance at 0x7fdb6fbe0910>,17,22,[9 4],18,202,224,184,196
1,<environment.Job instance at 0x7fdb7998a500>,33,12,[5 5],34,196,208,162,196
1,<environment.Job instance at 0x7fdb7998a550>,34,16,[4 6],35,208,224,173,196
1,<environment.Job instance at 0x7fdb7998a690>,37,14,[5 4],38,224,238,186,209
1,<environment.Job instance at 0x7fdb7998a2d0>,39,12,[3 8],40,224,236,184,209
1,<environment.Job instance at 0x7fdb7115b8c0>,48,20,[1 6],49,236,256,187,227
1,<environment.Job instance at 0x7fdb70a4f190>,54,15,[10  3],55,238,253,183,227
1,<environment.Job instance at 0x7fdb70a4f7d0>,55,18,[1 9],56,253,271,197,242
1,<environment.Job instance at 0x7fdb70505370>,61,14,[9 3],62,256,270,194,243
1,<environment.Job instance at 0x7fdb70505320>,64,14,[9 3],65,270,284,205,255
1,<environment.Job instance at 0x7fdb6faf35a0>,74,12,[ 4 10],75,271,283,196,255
1,<environment.Job instance at 0x7fdb6faf3370>,75,13,[3 5],76,283,296,207,267
1,<environment.Job instance at 0x7fdb6faf3410>,76,18,[2 9],77,284,302,207,273
1,<environment.Job instance at 0x7fdb6faf3b40>,77,20,[1 5],78,296,316,218,287
1,<environment.Job instance at 0x7fdb6faf3460>,78,16,[10  2],79,302,318,223,289
1,<environment.Job instance at 0x7fdb6faf32d0>,82,21,[5 4],83,316,337,233,308
1,<environment.Job instance at 0x7fdb6faf34b0>,86,16,[8 1],87,318,334,231,308
1,<environment.Job instance at 0x7fdb6faf37d0>,88,17,[4 8],89,334,351,245,322
1,<environment.Job instance at 0x7fdb70a9e8c0>,89,18,[5 5],90,337,355,247,326
1,<environment.Job instance at 0x7fdb70a9e6e0>,103,15,[3 7],104,351,366,247,337
1,<environment.Job instance at 0x7fdb70a9e190>,104,15,[10  3],105,355,370,250,341
1,<environment.Job instance at 0x7fdb70a9eb40>,108,19,[9 2],109,370,389,261,360
1,<environment.Job instance at 0x7fdb6fb69500>,110,20,[2 5],111,360,380,249,360
1,<environment.Job instance at 0x7fdb6fb69b90>,111,21,[1 7],112,366,387,254,360
1,<environment.Job instance at 0x7fdb6fb696e0>,112,17,[10  3],113,389,406,276,377
1,<environment.Job instance at 0x7fdb6fb69960>,114,16,[9 2],115,406,422,291,393
1,<environment.Job instance at 0x7fdb6fb698c0>,121,12,[1 7],122,393,405,271,393
1,<environment.Job instance at 0x7fdb70334500>,129,14,[9 1],130,422,436,292,407
1,<environment.Job instance at 0x7fdb703340f0>,130,15,[2 5],131,407,422,276,407
1,<environment.Job instance at 0x7fdb70a58eb0>,137,12,[7 5],138,436,448,298,419
1,<environment.Job instance at 0x7fdb70a58dc0>,139,20,[ 4 10],140,422,442,282,419
1,<environment.Job instance at 0x7fdb70a585a0>,140,21,[4 7],141,442,463,301,434
1,<environment.Job instance at 0x7fdb70a58b40>,141,16,[6 1],142,448,464,306,435
1,<environment.Job instance at 0x7fdb70a589b0>,142,12,[7 4],143,463,475,320,446
1,<environment.Job instance at 0x7fdb70ef2b90>,143,13,[6 3],144,464,477,320,448
1,<environment.Job instance at 0x7fdb71053730>,144,13,[1 7],145,448,461,303,448
1,<environment.Job instance at 0x7fdb7998a6e0>,31,24,[10  1],32,477,501,445,473
1,<environment.Job instance at 0x7fdb70207370>,6,24,[5 6],7,6580,6604,6573,6580
1,<environment.Job instance at 0x7fdb7998a5f0>,2,21,[4 7],3,3,24,0,3
1,<environment.Job instance at 0x7fdb70d28c80>,4,18,[5 5],5,5,23,0,5
1,<environment.Job instance at 0x7fdb70d28c30>,9,17,[ 3 11],10,24,41,14,12
1,<environment.Job instance at 0x7fdb70d28b40>,10,15,[ 5 11],11,41,56,30,27
1,<environment.Job instance at 0x7fdb70d28aa0>,11,28,[ 2 11],12,56,84,44,55
1,<environment.Job instance at 0x7fdb70d28e10>,12,23,[5 5],13,84,107,71,78
1,<environment.Job instance at 0x7fdb70d28690>,13,12,[11  3],14,107,119,93,90
1,<environment.Job instance at 0x7fdb70d280a0>,14,26,[ 4 12],15,107,133,92,104
1,<environment.Job instance at 0x7fdb70d28960>,15,12,[ 4 12],16,133,145,117,116
1,<environment.Job instance at 0x7fdb70abb5f0>,16,24,[5 2],17,119,143,102,116
1,<environment.Job instance at 0x7fdb70d285a0>,7,18,[9 2],8,143,161,135,132
1,<environment.Job instance at 0x7fdb70abb960>,20,17,[2 7],21,145,162,124,133
1,<environment.Job instance at 0x7fdb70abb320>,17,18,[14  4],18,162,180,144,151
1,<environment.Job instance at 0x7fdb70abbb40>,23,15,[ 4 10],24,180,195,156,166
1,<environment.Job instance at 0x7fdb70abbbe0>,24,27,[3 6],25,195,222,170,193
1,<environment.Job instance at 0x7fdb70abbc80>,25,18,[1 7],26,195,213,169,193
1,<environment.Job instance at 0x7fdb70abbd20>,26,22,[ 4 10],27,222,244,195,215
1,<environment.Job instance at 0x7fdb70abbcd0>,27,28,[13  2],28,244,272,216,243
1,<environment.Job instance at 0x7fdb70abb640>,28,17,[4 5],29,272,289,243,260
1,<environment.Job instance at 0x7fdb70abbe60>,29,28,[1 5],30,260,288,230,260
1,<environment.Job instance at 0x7fdb70abbc30>,30,14,[13  2],31,289,303,258,274
1,<environment.Job instance at 0x7fdb70abbf50>,31,13,[11  3],32,303,316,271,287
1,<environment.Job instance at 0x7fdb70abbfa0>,32,20,[1 5],33,287,307,254,287
1,<environment.Job instance at 0x7fdb70d17050>,33,24,[ 3 12],34,307,331,273,302
1,<environment.Job instance at 0x7fdb70d170f0>,34,20,[ 5 12],35,331,351,296,322
1,<environment.Job instance at 0x7fdb70d17230>,35,13,[8 1],36,322,335,286,322
1,<environment.Job instance at 0x7fdb70d172d0>,36,14,[1 6],37,351,365,314,336
1,<environment.Job instance at 0x7fdb70d17370>,37,13,[6 3],38,336,349,298,336
1,<environment.Job instance at 0x7fdb70d17410>,38,27,[14  2],39,351,378,312,349
1,<environment.Job instance at 0x7fdb70d174b0>,39,17,[ 5 12],40,378,395,338,366
1,<environment.Job instance at 0x7fdb70d17550>,40,20,[3 8],41,395,415,354,386
1,<environment.Job instance at 0x7fdb70d175f0>,41,24,[11  5],42,395,419,353,390
1,<environment.Job instance at 0x7fdb70d17690>,42,12,[5 9],43,419,431,376,402
1,<environment.Job instance at 0x7fdb70d17730>,43,23,[9 3],44,419,442,375,413
1,<environment.Job instance at 0x7fdb70d177d0>,44,17,[5 3],45,431,448,386,419
1,<environment.Job instance at 0x7fdb70d17870>,45,16,[12  5],46,448,464,402,435
1,<environment.Job instance at 0x7fdb70d17910>,46,12,[5 7],47,464,476,417,447
1,<environment.Job instance at 0x7fdb70d179b0>,47,25,[3 6],48,447,472,399,447
1,<environment.Job instance at 0x7fdb70d17a50>,48,23,[ 2 12],49,476,499,427,470
1,<environment.Job instance at 0x7fdb70d17af0>,49,14,[14  4],50,499,513,449,484
1,<environment.Job instance at 0x7fdb70d17b90>,50,17,[ 3 14],51,513,530,462,501
1,<environment.Job instance at 0x7fdb70d17c30>,51,15,[1 6],52,530,545,478,516
1,<environment.Job instance at 0x7fdb70d17cd0>,52,21,[2 6],53,530,551,477,522
1,<environment.Job instance at 0x7fdb70d17d70>,53,22,[13  1],54,545,567,491,538
1,<environment.Job instance at 0x7fdb70d17e10>,54,13,[ 1 13],55,551,564,496,538
1,<environment.Job instance at 0x7fdb70d17f50>,55,17,[14  3],56,567,584,511,555
1,<environment.Job instance at 0x7fdb70d17fa0>,56,20,[9 3],57,584,604,527,575
1,<environment.Job instance at 0x7fdb70d0d1e0>,57,23,[13  2],58,604,627,546,598
1,<environment.Job instance at 0x7fdb70d0d280>,58,14,[12  4],59,627,641,568,612
1,<environment.Job instance at 0x7fdb70d0d320>,59,25,[ 2 10],60,612,637,552,612
1,<environment.Job instance at 0x7fdb70d0d3c0>,60,24,[14  1],61,641,665,580,636
1,<environment.Job instance at 0x7fdb70d0d460>,61,24,[ 4 14],62,665,689,603,660
1,<environment.Job instance at 0x7fdb70d0d500>,62,25,[14  2],63,689,714,626,685
1,<environment.Job instance at 0x7fdb70d0d5a0>,63,16,[8 2],64,714,730,650,701
1,<environment.Job instance at 0x7fdb70d0d640>,64,28,[5 9],65,714,742,649,713
1,<environment.Job instance at 0x7fdb70d0d6e0>,65,14,[7 1],66,730,744,664,715
1,<environment.Job instance at 0x7fdb70d0d780>,66,28,[12  1],67,744,772,677,743
1,<environment.Job instance at 0x7fdb70d0d820>,67,22,[2 6],68,743,765,675,743
1,<environment.Job instance at 0x7fdb70d0d8c0>,68,17,[5 5],69,772,789,703,760
1,<environment.Job instance at 0x7fdb70d0d960>,69,16,[5 5],70,772,788,702,760
1,<environment.Job instance at 0x7fdb70d0da00>,70,20,[1 5],71,760,780,689,760
1,<environment.Job instance at 0x7fdb70d0daa0>,71,23,[7 5],72,788,811,716,782
1,<environment.Job instance at 0x7fdb70d0db40>,72,17,[9 1],73,811,828,738,799
1,<environment.Job instance at 0x7fdb70d0dbe0>,73,18,[11  4],74,828,846,754,817
1,<environment.Job instance at 0x7fdb70d0dc80>,74,23,[9 1],75,846,869,771,840
1,<environment.Job instance at 0x7fdb70d0dd20>,75,22,[ 3 11],76,840,862,764,840
1,<environment.Job instance at 0x7fdb70d0ddc0>,76,23,[9 4],77,869,892,792,863
1,<environment.Job instance at 0x7fdb70d0de60>,77,13,[13  3],78,892,905,814,876
1,<environment.Job instance at 0x7fdb70d0de10>,78,18,[1 8],79,876,894,797,876
1,<environment.Job instance at 0x7fdb70d0dd70>,79,19,[14  1],80,905,924,825,895
1,<environment.Job instance at 0x7fdb70d0dfa0>,80,13,[ 3 14],81,924,937,843,908
1,<environment.Job instance at 0x7fdb70d0deb0>,81,21,[ 5 14],82,937,958,855,929
1,<environment.Job instance at 0x7fdb70d05050>,82,20,[3 5],83,958,978,875,949
1,<environment.Job instance at 0x7fdb70d050f0>,83,18,[7 1],84,949,967,865,949
1,<environment.Job instance at 0x7fdb70d05230>,84,21,[8 2],85,967,988,882,959
1,<environment.Job instance at 0x7fdb70d052d0>,85,18,[13  2],86,988,1006,902,977
1,<environment.Job instance at 0x7fdb70d05370>,86,18,[7 4],87,1006,1024,919,995
1,<environment.Job instance at 0x7fdb70d05410>,87,17,[12  2],88,1024,1041,936,1012
1,<environment.Job instance at 0x7fdb70d054b0>,88,24,[4 8],89,1041,1065,952,1036
1,<environment.Job instance at 0x7fdb70d05550>,89,22,[3 7],90,1036,1058,946,1036
1,<environment.Job instance at 0x7fdb70d05780>,90,21,[5 3],91,1058,1079,967,1050
1,<environment.Job instance at 0x7fdb70d056e0>,91,21,[1 7],92,1065,1086,973,1057
1,<environment.Job instance at 0x7fdb70d05870>,92,14,[3 7],93,1079,1093,986,1064
1,<environment.Job instance at 0x7fdb70d05910>,93,17,[14  5],94,1093,1110,999,1081
1,<environment.Job instance at 0x7fdb70d059b0>,94,12,[11  5],95,1110,1122,1015,1093
1,<environment.Job instance at 0x7fdb70d05a50>,95,12,[8 5],96,1122,1134,1026,1105
1,<environment.Job instance at 0x7fdb70d05af0>,96,12,[11  1],97,1134,1146,1037,1117
1,<environment.Job instance at 0x7fdb70d05b90>,97,19,[6 2],98,1146,1165,1048,1136
1,<environment.Job instance at 0x7fdb70d05c30>,98,18,[10  2],99,1165,1183,1066,1154
1,<environment.Job instance at 0x7fdb70d05cd0>,99,12,[ 1 13],100,1154,1166,1054,1154
1,<environment.Job instance at 0x7fdb70d05d70>,100,14,[11  1],101,1183,1197,1082,1168
1,<environment.Job instance at 0x7fdb70d05e10>,101,21,[14  1],102,1197,1218,1095,1189
1,<environment.Job instance at 0x7fdb70d05eb0>,102,24,[5 5],103,1218,1242,1115,1213
1,<environment.Job instance at 0x7fdb70d05f50>,103,15,[ 4 11],104,1242,1257,1138,1228
1,<environment.Job instance at 0x7fdb70040c30>,104,22,[14  4],105,1257,1279,1152,1250
1,<environment.Job instance at 0x7fdb70686820>,105,22,[5 1],106,1279,1301,1173,1272
1,<environment.Job instance at 0x7fdb6ffb25a0>,106,23,[12  1],107,1301,1324,1194,1295
1,<environment.Job instance at 0x7fdb79ae05a0>,107,28,[3 8],108,1295,1323,1187,1295
1,<environment.Job instance at 0x7fdb7038d8c0>,108,16,[ 4 14],109,1324,1340,1215,1311
1,<environment.Job instance at 0x7fdb70baac30>,109,21,[ 4 10],110,1340,1361,1230,1332
1,<environment.Job instance at 0x7fdb6fdb9be0>,110,16,[ 2 12],111,1361,1377,1250,1348
1,<environment.Job instance at 0x7fdb70d01780>,111,17,[13  4],112,1377,1394,1265,1365
1,<environment.Job instance at 0x7fdb70bfd370>,112,22,[5 5],113,1394,1416,1281,1387
1,<environment.Job instance at 0x7fdb70ba8320>,113,16,[1 9],114,1387,1403,1273,1387
1,<environment.Job instance at 0x7fdb70669500>,114,13,[ 2 12],115,1416,1429,1301,1400
1,<environment.Job instance at 0x7fdb70669640>,115,18,[14  4],116,1429,1447,1313,1418
1,<environment.Job instance at 0x7fdb706691e0>,116,12,[9 1],117,1447,1459,1330,1430
1,<environment.Job instance at 0x7fdb706690a0>,117,12,[ 5 10],118,1447,1459,1329,1430
1,<environment.Job instance at 0x7fdb70669c80>,118,25,[12  5],119,1459,1484,1340,1455
1,<environment.Job instance at 0x7fdb70669b40>,119,16,[9 4],120,1484,1500,1364,1471
1,<environment.Job instance at 0x7fdb706692d0>,120,26,[ 5 13],121,1500,1526,1379,1497
1,<environment.Job instance at 0x7fdb706695a0>,121,16,[ 2 12],122,1526,1542,1404,1513
1,<environment.Job instance at 0x7fdb70971190>,122,23,[7 2],123,1513,1536,1390,1513
1,<environment.Job instance at 0x7fdb70d9ef00>,123,24,[10  3],124,1536,1560,1412,1531
1,<environment.Job instance at 0x7fdb707ab9b0>,124,25,[1 9],125,1542,1567,1417,1538
1,<environment.Job instance at 0x7fdb7096f780>,125,25,[11  1],126,1560,1585,1434,1556
1,<environment.Job instance at 0x7fdb70b71230>,126,25,[6 4],127,1585,1610,1458,1581
1,<environment.Job instance at 0x7fdb70669b90>,127,26,[2 9],128,1581,1607,1453,1581
1,<environment.Job instance at 0x7fdb70669410>,128,26,[5 5],129,1607,1633,1478,1604
1,<environment.Job instance at 0x7fdb706f4730>,129,21,[13  1],130,1633,1654,1503,1625
1,<environment.Job instance at 0x7fdb707bd690>,130,15,[8 4],131,1654,1669,1523,1640
1,<environment.Job instance at 0x7fdb706f4280>,131,22,[12  5],132,1669,1691,1537,1662
1,<environment.Job instance at 0x7fdb70c05410>,132,15,[2 8],133,1662,1677,1529,1662
1,<environment.Job instance at 0x7fdb70c05190>,133,17,[2 7],134,1677,1694,1543,1665
1,<environment.Job instance at 0x7fdb70abbaa0>,22,20,[10  2],23,1691,1711,1668,1683
1,<environment.Job instance at 0x7fdb706f4640>,134,23,[10  4],135,1711,1734,1576,1705
1,<environment.Job instance at 0x7fdb70542730>,140,21,[ 4 14],141,1734,1755,1593,1726
1,<environment.Job instance at 0x7fdb705423c0>,141,23,[ 2 11],142,1755,1778,1613,1749
1,<environment.Job instance at 0x7fdb70542460>,142,24,[13  5],143,1778,1802,1635,1773
1,<environment.Job instance at 0x7fdb705422d0>,143,13,[ 2 14],152,1802,1815,1650,1786
1,<environment.Job instance at 0x7fdb707e4370>,2,19,[11  4],3,3,22,0,3
1,<environment.Job instance at 0x7fdb710b1e60>,3,22,[1 7],4,4,26,0,4
1,<environment.Job instance at 0x7fdb7058e500>,9,18,[4 9],10,26,44,16,15
1,<environment.Job instance at 0x7fdb7058ed70>,14,17,[8 3],15,22,39,7,15
1,<environment.Job instance at 0x7fdb7058e280>,22,14,[5 7],23,44,58,21,29
1,<environment.Job instance at 0x7fdb70b7b410>,38,16,[6 3],39,39,55,0,39
1,<environment.Job instance at 0x7fdb70b7baf0>,42,16,[6 1],43,55,71,12,43
1,<environment.Job instance at 0x7fdb70b7b050>,47,17,[4 8],48,58,75,10,48
1,<environment.Job instance at 0x7fdb6ff32d70>,54,12,[7 4],55,71,83,16,55
1,<environment.Job instance at 0x7fdb70ff5140>,58,15,[3 6],59,75,90,16,66
1,<environment.Job instance at 0x7fdb6fa75f50>,64,18,[5 5],65,75,93,10,66
1,<environment.Job instance at 0x7fdb70fea550>,67,16,[5 6],68,90,106,22,77
1,<environment.Job instance at 0x7fdb6ff2bd20>,73,15,[5 5],74,93,108,19,84
1,<environment.Job instance at 0x7fdb6ff2b140>,76,14,[5 8],77,106,120,29,91
1,<environment.Job instance at 0x7fdb6ff2b2d0>,80,20,[5 5],81,108,128,27,99
1,<environment.Job instance at 0x7fdb6f93a4b0>,110,18,[1 6],111,120,138,9,111
1,<environment.Job instance at 0x7fdb6f93a690>,116,18,[3 8],117,128,146,11,117
1,<environment.Job instance at 0x7fdb70a52e60>,120,15,[5 6],121,138,153,17,124
1,<environment.Job instance at 0x7fdb6ff16230>,135,19,[8 5],136,146,165,10,136
1,<environment.Job instance at 0x7fdb70a52280>,143,16,[1 5],144,153,169,9,144
1,<environment.Job instance at 0x7fdb70bc25f0>,144,19,[6 2],145,153,172,8,145
1,<environment.Job instance at 0x7fdb7014efa0>,158,16,[7 3],159,165,181,6,159
1,<environment.Job instance at 0x7fdb6f9617d0>,2,17,[10  5],3,3,20,0,3
1,<environment.Job instance at 0x7fdb70c91eb0>,5,14,[8 3],6,20,34,14,6
1,<environment.Job instance at 0x7fdb70c917d0>,7,17,[9 4],8,34,51,26,22
1,<environment.Job instance at 0x7fdb708075a0>,15,16,[2 6],16,22,38,6,22
1,<environment.Job instance at 0x7fdb70807140>,20,14,[5 6],21,38,52,17,23
1,<environment.Job instance at 0x7fdb70807460>,24,13,[6 4],25,51,64,26,37
1,<environment.Job instance at 0x7fdb70807b40>,25,15,[9 3],26,52,67,26,38
1,<environment.Job instance at 0x7fdb70807d20>,27,16,[7 4],28,67,83,39,54
1,<environment.Job instance at 0x7fdb70807730>,28,19,[8 2],29,67,86,38,57
1,<environment.Job instance at 0x7fdb70807550>,31,16,[7 5],32,83,99,51,70
1,<environment.Job instance at 0x7fdb7100e910>,36,13,[5 5],37,86,99,49,70
1,<environment.Job instance at 0x7fdb7100ed20>,48,17,[3 5],49,86,103,37,74
1,<environment.Job instance at 0x7fdb707f32d0>,67,14,[5 6],68,99,113,31,84
1,<environment.Job instance at 0x7fdb707f35f0>,71,12,[7 5],72,103,115,31,86
1,<environment.Job instance at 0x7fdb7109b0f0>,74,16,[10  5],75,115,131,40,102
1,<environment.Job instance at 0x7fdb7109b0a0>,77,15,[10  3],78,131,146,53,117
1,<environment.Job instance at 0x7fdb707e96e0>,0,23,[2 7],1,119,142,118,119
1,<environment.Job instance at 0x7fdb95f6e0f0>,97,13,[5 8],98,142,155,44,126
1,<environment.Job instance at 0x7fdb70f2b410>,98,16,[5 2],99,146,162,47,133
1,<environment.Job instance at 0x7fdb6f7dc780>,100,13,[5 5],101,146,159,45,133
1,<environment.Job instance at 0x7fdb7996acd0>,105,19,[6 5],106,159,178,53,149
1,<environment.Job instance at 0x7fdb6ff4fb40>,106,17,[9 4],107,162,179,55,150
1,<environment.Job instance at 0x7fdb710dbaf0>,110,21,[7 1],111,179,200,68,171
1,<environment.Job instance at 0x7fdb70bee4b0>,118,17,[5 2],119,178,195,59,171
1,<environment.Job instance at 0x7fdb7041eaa0>,123,19,[2 8],124,179,198,55,173
1,<environment.Job instance at 0x7fdb70246870>,124,16,[4 9],125,198,214,73,185
1,<environment.Job instance at 0x7fdb6fbcf4b0>,127,21,[10  3],128,200,221,72,192
1,<environment.Job instance at 0x7fdb6fbcf8c0>,130,14,[3 5],131,214,228,83,199
1,<environment.Job instance at 0x7fdb6fbcf0f0>,136,18,[5 9],137,221,239,84,210
1,<environment.Job instance at 0x7fdb6fbcf320>,138,17,[8 4],139,228,245,89,216
1,<environment.Job instance at 0x7fdb70107d70>,141,13,[8 4],142,245,258,103,229
1,<environment.Job instance at 0x7fdb701075f0>,143,18,[1 6],144,239,257,95,230
1,<environment.Job instance at 0x7fdb70107fa0>,146,15,[8 3],147,258,273,111,244
1,<environment.Job instance at 0x7fdb70107780>,150,18,[2 9],151,257,275,106,250
1,<environment.Job instance at 0x7fdb79771b40>,157,16,[5 7],158,275,291,117,262
1,<environment.Job instance at 0x7fdb79771c30>,158,20,[5 3],159,262,282,103,262
1,<environment.Job instance at 0x7fdb70fea730>,87,15,[ 2 12],88,483,498,395,483
1,<environment.Job instance at 0x7fdb6ff5d870>,1,19,[14  5],2,819,838,817,819
1,<environment.Job instance at 0x7fdb70c91640>,8,16,[10  4],9,901,917,892,901
1,<environment.Job instance at 0x7fdb710dba00>,2,19,[3 9],3,3,22,0,3
1,<environment.Job instance at 0x7fdb7007c320>,4,12,[13  5],5,22,34,17,8
1,<environment.Job instance at 0x7fdb7007c410>,7,21,[5 1],8,34,55,26,26
1,<environment.Job instance at 0x7fdb7007c870>,13,14,[1 7],14,26,40,12,26
1,<environment.Job instance at 0x7fdb7007c910>,14,14,[7 4],15,34,48,19,26
1,<environment.Job instance at 0x7fdb7007ca50>,16,13,[2 7],17,40,53,23,26
1,<environment.Job instance at 0x7fdb7007cb90>,18,20,[10  5],19,53,73,34,44
1,<environment.Job instance at 0x7fdb7007ceb0>,23,16,[3 8],24,55,71,31,44
1,<environment.Job instance at 0x7fdb7007cfa0>,24,17,[3 7],25,71,88,46,59
1,<environment.Job instance at 0x7fdb7007c500>,25,12,[7 2],26,73,85,47,59
1,<environment.Job instance at 0x7fdb7006d1e0>,31,19,[5 5],32,73,92,41,63
1,<environment.Job instance at 0x7fdb7006d550>,32,16,[4 6],33,88,104,55,75
1,<environment.Job instance at 0x7fdb7006daf0>,41,13,[3 5],42,92,105,50,76
1,<environment.Job instance at 0x7fdb7006dc30>,43,13,[6 2],44,85,98,41,76
1,<environment.Job instance at 0x7fdb7006ddc0>,45,14,[2 9],46,104,118,58,89
1,<environment.Job instance at 0x7fdb7006de10>,48,16,[5 4],49,105,121,56,92
1,<environment.Job instance at 0x7fdb7007f230>,50,14,[5 2],51,105,119,54,92
1,<environment.Job instance at 0x7fdb7007f730>,58,18,[4 6],59,118,136,59,107
1,<environment.Job instance at 0x7fdb7007fa00>,60,12,[5 5],61,119,131,58,107
1,<environment.Job instance at 0x7fdb7007fb40>,62,16,[4 9],63,131,147,68,118
1,<environment.Job instance at 0x7fdb7007ff50>,69,14,[5 6],70,136,150,66,121
1,<environment.Job instance at 0x7fdb7006a050>,71,15,[9 3],72,147,162,75,133
1,<environment.Job instance at 0x7fdb7006a5f0>,77,13,[5 6],78,150,163,72,134
1,<environment.Job instance at 0x7fdb7006a7d0>,78,16,[9 3],79,162,178,83,149
1,<environment.Job instance at 0x7fdb7006a9b0>,81,14,[5 8],82,163,177,81,149
1,<environment.Job instance at 0x7fdb7006aaf0>,83,17,[7 1],84,178,195,94,166
1,<environment.Job instance at 0x7fdb7006ac30>,85,12,[4 5],86,177,189,91,166
1,<environment.Job instance at 0x7fdb7006a370>,89,16,[7 2],90,189,205,99,176
1,<environment.Job instance at 0x7fdb7006a6e0>,90,21,[1 5],91,177,198,86,176
1,<environment.Job instance at 0x7fdb70c3b410>,94,18,[2 7],95,195,213,100,184
1,<environment.Job instance at 0x7fdb70c3b550>,96,15,[8 5],97,205,220,108,191
1,<environment.Job instance at 0x7fdb70c3b730>,99,14,[8 4],100,220,234,120,205
1,<environment.Job instance at 0x7fdb70c3b7d0>,100,13,[1 8],101,213,226,112,205
1,<environment.Job instance at 0x7fdb70c3b910>,102,14,[7 4],103,226,240,123,211
1,<environment.Job instance at 0x7fdb70c3ba50>,104,22,[7 3],105,234,256,129,227
1,<environment.Job instance at 0x7fdb70c3b0a0>,108,14,[5 5],109,240,254,131,227
1,<environment.Job instance at 0x7fdb70c3be60>,110,14,[4 9],111,254,268,143,239
1,<environment.Job instance at 0x7fdb70c61d20>,118,19,[6 2],119,256,275,137,246
1,<environment.Job instance at 0x7fdb70c61e10>,120,17,[7 2],121,268,285,147,256
1,<environment.Job instance at 0x7fdb70c617d0>,121,21,[4 6],122,275,296,153,267
1,<environment.Job instance at 0x7fdb70c61fa0>,127,15,[10  3],128,285,300,157,271
1,<environment.Job instance at 0x7fdb70c61500>,129,21,[7 4],130,300,321,170,292
1,<environment.Job instance at 0x7fdb70c61960>,130,22,[5 4],131,296,318,165,292
1,<environment.Job instance at 0x7fdb70084b90>,143,21,[5 9],144,318,339,174,310
1,<environment.Job instance at 0x7fdb70084d70>,144,16,[3 9],145,339,355,194,326
1,<environment.Job instance at 0x7fdb70084d20>,145,21,[4 9],146,355,376,209,347
1,<environment.Job instance at 0x7fdb7004c640>,148,14,[6 3],149,347,361,198,347
1,<environment.Job instance at 0x7fdb6feb7730>,150,12,[8 5],151,361,373,210,347
1,<environment.Job instance at 0x7fdb7006b0a0>,158,13,[5 4],159,373,386,214,357
1,<environment.Job instance at 0x7fdb6fdf9a00>,0,24,[ 3 14],1,611,635,610,611
1,<environment.Job instance at 0x7fdb7007c550>,9,20,[14  4],10,1684,1704,1674,1684
1,<environment.Job instance at 0x7fdb70fae370>,0,17,[ 5 12],1,1,18,0,1
1,<environment.Job instance at 0x7fdb70fae640>,4,14,[1 5],5,18,32,13,5
1,<environment.Job instance at 0x7fdb70faefa0>,5,15,[10  4],6,18,33,12,6
1,<environment.Job instance at 0x7fdb70fae410>,7,14,[4 7],8,32,46,24,17
1,<environment.Job instance at 0x7fdb700849b0>,13,19,[2 7],14,33,52,19,25
1,<environment.Job instance at 0x7fdb70084a50>,15,18,[2 6],16,46,64,30,36
1,<environment.Job instance at 0x7fdb700848c0>,16,16,[5 6],17,52,68,35,39
1,<environment.Job instance at 0x7fdb70084690>,21,13,[7 2],22,46,59,24,39
1,<environment.Job instance at 0x7fdb70fae6e0>,6,16,[10  5],7,64,80,57,52
1,<environment.Job instance at 0x7fdb6fbaac30>,23,16,[ 2 11],24,80,96,56,67
1,<environment.Job instance at 0x7fdb6fbaad20>,24,15,[5 5],25,96,111,71,82
1,<environment.Job instance at 0x7fdb710a67d0>,28,20,[3 6],29,96,116,67,92
1,<environment.Job instance at 0x7fdb6fbaadc0>,29,17,[10  4],30,111,128,81,99
1,<environment.Job instance at 0x7fdb6fed6af0>,32,21,[10  4],33,128,149,95,120
1,<environment.Job instance at 0x7fdb70595050>,25,19,[ 3 11],26,122,141,96,122
1,<environment.Job instance at 0x7fdb6f82e500>,36,12,[5 7],37,141,153,104,127
1,<environment.Job instance at 0x7fdb6fed6fa0>,35,20,[8 3],36,149,169,113,141
1,<environment.Job instance at 0x7fdb7053e370>,41,16,[5 7],42,153,169,111,141
1,<environment.Job instance at 0x7fdb70e0f780>,44,17,[1 7],45,169,186,124,157
1,<environment.Job instance at 0x7fdb7004c0f0>,47,15,[1 9],48,186,201,138,172
1,<environment.Job instance at 0x7fdb6ffe1d20>,52,19,[10  5],53,172,191,119,172
1,<environment.Job instance at 0x7fdb6fb69a00>,53,14,[3 8],54,201,215,147,186
1,<environment.Job instance at 0x7fdb707a42d0>,59,14,[ 2 10],60,215,229,155,200
1,<environment.Job instance at 0x7fdb707a4aa0>,60,19,[8 1],61,200,219,139,200
1,<environment.Job instance at 0x7fdb6feeb0a0>,62,17,[1 5],63,219,236,156,207
1,<environment.Job instance at 0x7fdb6feeb410>,66,15,[2 6],67,229,244,162,215
1,<environment.Job instance at 0x7fdb6fa80c80>,69,12,[9 4],70,229,241,159,215
1,<environment.Job instance at 0x7fdb6fa800a0>,70,17,[4 6],71,241,258,170,229
1,<environment.Job instance at 0x7fdb79adaf00>,72,14,[5 9],73,244,258,171,229
1,<environment.Job instance at 0x7fdb6f986280>,84,15,[8 4],85,258,273,173,244
1,<environment.Job instance at 0x7fdb6fef1cd0>,87,19,[5 1],88,258,277,170,248
1,<environment.Job instance at 0x7fdb6fef17d0>,90,21,[10  4],91,273,294,182,265
1,<environment.Job instance at 0x7fdb70551f50>,97,21,[5 1],98,277,298,179,272
1,<environment.Job instance at 0x7fdb6fe9d960>,102,20,[3 9],103,294,314,191,285
1,<environment.Job instance at 0x7fdb70606b40>,113,16,[8 2],114,298,314,184,285
1,<environment.Job instance at 0x7fdb70fae960>,8,24,[ 4 10],9,314,338,305,309
1,<environment.Job instance at 0x7fdb705f3780>,122,13,[6 4],123,314,327,191,309
1,<environment.Job instance at 0x7fdb705f3370>,124,20,[6 3],125,327,347,202,318
1,<environment.Job instance at 0x7fdb705e09b0>,125,18,[8 1],126,338,356,212,327
1,<environment.Job instance at 0x7fdb6ffcbc80>,126,12,[5 2],127,347,359,220,330
1,<environment.Job instance at 0x7fdb70c930a0>,128,15,[9 1],129,356,371,227,342
1,<environment.Job instance at 0x7fdb7006fb40>,39,19,[2 8],40,359,378,319,356
1,<environment.Job instance at 0x7fdb79bcf820>,130,13,[9 1],131,371,384,240,356
1,<environment.Job instance at 0x7fdb70cb81e0>,133,15,[6 4],134,378,393,244,364
1,<environment.Job instance at 0x7fdb70cb8eb0>,135,19,[7 2],136,384,403,248,374
1,<environment.Job instance at 0x7fdb70651b40>,136,19,[5 1],137,393,412,256,383
1,<environment.Job instance at 0x7fdb70651730>,138,21,[1 8],139,390,411,251,390
1,<environment.Job instance at 0x7fdb706515a0>,139,13,[3 6],140,403,416,263,390
1,<environment.Job instance at 0x7fdb6febecd0>,142,17,[10  2],143,412,429,269,400
1,<environment.Job instance at 0x7fdb79bcf3c0>,131,21,[3 8],132,416,437,284,415
1,<environment.Job instance at 0x7fdb6febe190>,143,22,[7 5],144,429,451,285,422
1,<environment.Job instance at 0x7fdb701b1be0>,149,12,[6 4],150,437,449,287,422
1,<environment.Job instance at 0x7fdb6fe92230>,152,17,[5 3],153,449,466,296,437
1,<environment.Job instance at 0x7fdb6fe920a0>,154,14,[5 4],155,451,465,296,437
1,<environment.Job instance at 0x7fdb6fe920f0>,156,18,[6 2],157,465,483,308,454
1,<environment.Job instance at 0x7fdb6fe92c80>,157,15,[4 5],158,454,469,296,454
1,<environment.Job instance at 0x7fdb7007c640>,1,22,[13  3],2,483,505,481,476
1,<environment.Job instance at 0x7fdb6f930280>,2,23,[2 8],3,3,26,0,3
1,<environment.Job instance at 0x7fdb6f9301e0>,3,21,[8 5],4,4,25,0,4
1,<environment.Job instance at 0x7fdb6f930910>,9,18,[6 2],10,25,43,15,14
1,<environment.Job instance at 0x7fdb6f9300a0>,10,21,[9 1],11,26,47,15,18
1,<environment.Job instance at 0x7fdb6f9306e0>,15,21,[ 5 13],16,43,64,27,35
1,<environment.Job instance at 0x7fdb6f930a50>,16,23,[ 4 12],17,64,87,47,58
1,<environment.Job instance at 0x7fdb6f930550>,14,19,[4 9],15,87,106,72,78
1,<environment.Job instance at 0x7fdb708d2190>,20,21,[1 5],21,87,108,66,80
1,<environment.Job instance at 0x7fdb708d2230>,23,16,[2 8],24,106,122,82,93
1,<environment.Job instance at 0x7fdb708d2dc0>,24,12,[5 1],25,93,105,68,93
1,<environment.Job instance at 0x7fdb708d2d20>,26,17,[1 8],27,122,139,95,110
1,<environment.Job instance at 0x7fdb6fc33960>,34,16,[3 7],35,110,126,75,110
1,<environment.Job instance at 0x7fdb6fc336e0>,38,18,[1 5],39,126,144,87,115
1,<environment.Job instance at 0x7fdb6fc33c80>,39,17,[5 5],40,139,156,99,127
1,<environment.Job instance at 0x7fdb6fc339b0>,40,12,[5 5],41,139,151,98,127
1,<environment.Job instance at 0x7fdb7101e5f0>,47,14,[8 4],48,151,165,103,136
1,<environment.Job instance at 0x7fdb6fe200f0>,48,15,[3 5],49,156,171,107,142
1,<environment.Job instance at 0x7fdb6fe20500>,50,12,[5 5],51,165,177,114,148
1,<environment.Job instance at 0x7fdb6f854b40>,53,15,[7 3],54,165,180,111,151
1,<environment.Job instance at 0x7fdb6f8914b0>,60,18,[4 5],61,177,195,116,166
1,<environment.Job instance at 0x7fdb703edaf0>,62,13,[1 6],63,171,184,108,166
1,<environment.Job instance at 0x7fdb703ed870>,64,15,[7 2],65,180,195,115,166
1,<environment.Job instance at 0x7fdb703edbe0>,71,14,[3 8],72,184,198,112,169
1,<environment.Job instance at 0x7fdb6f8c48c0>,74,18,[8 5],75,195,213,120,184
1,<environment.Job instance at 0x7fdb6f88a690>,78,13,[1 5],79,198,211,119,184
1,<environment.Job instance at 0x7fdb70f8c3c0>,79,15,[6 4],80,198,213,118,184
1,<environment.Job instance at 0x7fdb70604190>,81,16,[5 3],82,213,229,131,200
1,<environment.Job instance at 0x7fdb6f930820>,0,18,[1 7],1,213,231,212,202
1,<environment.Job instance at 0x7fdb70fdef00>,82,19,[9 1],83,214,233,131,214
1,<environment.Job instance at 0x7fdb70bc4410>,86,18,[5 7],87,229,247,142,218
1,<environment.Job instance at 0x7fdb70bc4d70>,87,20,[2 6],88,233,253,145,227
1,<environment.Job instance at 0x7fdb709f0a00>,94,15,[1 8],95,247,262,152,233
1,<environment.Job instance at 0x7fdb707aecd0>,97,15,[10  2],98,253,268,155,240
1,<environment.Job instance at 0x7fdb707ae190>,103,15,[6 2],104,268,283,164,254
1,<environment.Job instance at 0x7fdb708d2640>,17,20,[ 1 13],18,262,282,244,255
1,<environment.Job instance at 0x7fdb707ae0a0>,104,18,[6 1],105,282,300,177,271
1,<environment.Job instance at 0x7fdb703ae820>,106,17,[9 3],107,283,300,176,273
1,<environment.Job instance at 0x7fdb703ae780>,110,18,[6 4],111,300,318,189,289
1,<environment.Job instance at 0x7fdb6f930f00>,11,27,[5 8],12,300,327,288,298
1,<environment.Job instance at 0x7fdb79aa5820>,115,15,[3 5],116,318,333,202,304
1,<environment.Job instance at 0x7fdb79aa5280>,114,21,[ 4 14],115,333,354,218,325
1,<environment.Job instance at 0x7fdb7032e6e0>,129,16,[ 1 10],130,354,370,224,341
1,<environment.Job instance at 0x7fdb7032e410>,130,18,[ 3 11],131,370,388,239,359
1,<environment.Job instance at 0x7fdb7032e1e0>,128,19,[8 2],129,359,378,230,359
1,<environment.Job instance at 0x7fdb7032ecd0>,131,24,[14  5],132,388,412,256,383
1,<environment.Job instance at 0x7fdb7032e0a0>,133,18,[14  3],134,412,430,278,401
1,<environment.Job instance at 0x7fdb7032e690>,134,20,[14  1],135,430,450,295,421
1,<environment.Job instance at 0x7fdb7032e230>,135,14,[ 1 11],136,421,435,285,421
1,<environment.Job instance at 0x7fdb70199910>,136,12,[ 1 11],137,435,447,298,421
1,<environment.Job instance at 0x7fdb70199a00>,137,12,[ 5 12],138,450,462,312,433
1,<environment.Job instance at 0x7fdb701997d0>,138,19,[11  1],139,462,481,323,452
1,<environment.Job instance at 0x7fdb701999b0>,139,24,[5 3],140,481,505,341,476
1,<environment.Job instance at 0x7fdb70199e60>,140,13,[ 2 11],141,476,489,335,476
1,<environment.Job instance at 0x7fdb70199d70>,141,13,[7 3],142,489,502,347,476
1,<environment.Job instance at 0x7fdb6fda8c30>,142,21,[5 5],143,502,523,359,494
1,<environment.Job instance at 0x7fdb7032e550>,132,20,[9 5],133,510,530,377,510
1,<environment.Job instance at 0x7fdb6fda8aa0>,144,12,[6 2],145,523,535,378,510
1,<environment.Job instance at 0x7fdb6fda8960>,145,14,[6 3],146,530,544,384,515
1,<environment.Job instance at 0x7fdb6fda83c0>,150,19,[5 5],151,535,554,384,525
1,<environment.Job instance at 0x7fdb7019b5f0>,156,17,[8 5],157,544,561,387,534
1,<environment.Job instance at 0x7fdb6fa500f0>,158,13,[2 8],159,554,567,395,538
1,<environment.Job instance at 0x7fdb6f930190>,4,16,[13  1],5,3569,3585,3564,3569
1,<environment.Job instance at 0x7fdb703fcc30>,0,14,[12  4],1,1,15,0,1
1,<environment.Job instance at 0x7fdb6f965050>,11,17,[2 8],12,13,30,1,13
1,<environment.Job instance at 0x7fdb707b7780>,13,18,[6 3],14,15,33,1,14
1,<environment.Job instance at 0x7fdb71090820>,20,13,[6 2],21,21,34,0,21
1,<environment.Job instance at 0x7fdb701c8280>,27,19,[5 3],28,33,52,5,28
1,<environment.Job instance at 0x7fdb70d85f00>,29,15,[6 3],30,34,49,4,30
1,<environment.Job instance at 0x7fdb70803af0>,32,16,[8 3],33,49,65,16,36
1,<environment.Job instance at 0x7fdb70d85050>,34,16,[4 8],35,52,68,17,39
1,<environment.Job instance at 0x7fdb701900f0>,37,12,[1 9],38,39,51,1,39
1,<environment.Job instance at 0x7fdb706ec9b0>,38,16,[9 4],39,65,81,26,52
1,<environment.Job instance at 0x7fdb6f8195a0>,47,16,[2 6],48,68,84,20,55
1,<environment.Job instance at 0x7fdb70084f50>,50,20,[5 2],51,81,101,30,72
1,<environment.Job instance at 0x7fdb6fe9ac30>,52,15,[8 3],53,81,96,28,72
1,<environment.Job instance at 0x7fdb6fe9a1e0>,55,16,[2 5],56,84,100,28,72
1,<environment.Job instance at 0x7fdb70f22870>,63,18,[10  5],64,100,118,36,89
1,<environment.Job instance at 0x7fdb6f99c500>,67,16,[7 5],68,118,134,50,105
1,<environment.Job instance at 0x7fdb70a0a780>,77,17,[7 3],78,118,135,40,106
1,<environment.Job instance at 0x7fdb70a0a370>,88,13,[6 4],89,134,147,45,118
1,<environment.Job instance at 0x7fdb6fed68c0>,109,20,[8 5],110,135,155,25,127
1,<environment.Job instance at 0x7fdb6fed62d0>,115,17,[9 2],116,155,172,39,143
1,<environment.Job instance at 0x7fdb6fed6a50>,121,14,[10  5],122,172,186,50,157
1,<environment.Job instance at 0x7fdb70684640>,128,21,[4 5],129,157,178,28,157
1,<environment.Job instance at 0x7fdb6ffcb690>,143,18,[9 2],144,186,204,42,175
1,<environment.Job instance at 0x7fdb6ffcbaf0>,147,20,[2 6],148,178,198,30,175
1,<environment.Job instance at 0x7fdb710a6910>,151,16,[9 2],152,204,220,52,191
1,<environment.Job instance at 0x7fdb710a6500>,153,16,[5 3],154,198,214,44,191
1,<environment.Job instance at 0x7fdb797cceb0>,155,16,[1 9],156,198,214,42,191
1,<environment.Job instance at 0x7fdb703fc690>,1,23,[5 2],2,1319,1342,1317,1319
1,<environment.Job instance at 0x7fdb6f7feb40>,5,18,[13  2],6,1711,1729,1705,1711
1,<environment.Job instance at 0x7fdb704a2780>,0,14,[ 3 13],1,1,15,0,1
1,<environment.Job instance at 0x7fdb704a2820>,3,21,[1 6],4,15,36,11,7
1,<environment.Job instance at 0x7fdb704a2c80>,6,17,[2 7],7,15,32,8,7
1,<environment.Job instance at 0x7fdb704a2eb0>,4,18,[7 2],5,7,25,2,7
1,<environment.Job instance at 0x7fdb6fb56460>,7,16,[5 3],8,32,48,24,19
1,<environment.Job instance at 0x7fdb6fb56c30>,8,12,[5 4],9,32,44,23,19
1,<environment.Job instance at 0x7fdb6fb562d0>,9,22,[2 6],10,36,58,26,29
1,<environment.Job instance at 0x7fdb704a7820>,19,16,[3 5],20,44,60,24,31
1,<environment.Job instance at 0x7fdb704a7aa0>,20,15,[7 4],21,48,63,27,36
1,<environment.Job instance at 0x7fdb6fb54230>,22,14,[7 1],23,60,74,37,49
1,<environment.Job instance at 0x7fdb6fb54370>,23,12,[2 5],24,63,75,39,49
1,<environment.Job instance at 0x7fdb6fb54550>,25,17,[2 6],26,63,80,37,51
1,<environment.Job instance at 0x7fdb6fb546e0>,26,13,[9 4],27,74,87,47,61
1,<environment.Job instance at 0x7fdb6fb4ff00>,32,16,[7 1],33,87,103,54,76
1,<environment.Job instance at 0x7fdb6fb4f5a0>,33,15,[4 6],34,80,95,46,77
1,<environment.Job instance at 0x7fdb700fec80>,37,17,[5 5],38,95,112,57,83
1,<environment.Job instance at 0x7fdb704a2c30>,5,26,[12  1],6,112,138,106,109
1,<environment.Job instance at 0x7fdb6fb56dc0>,10,27,[ 4 12],11,138,165,127,136
1,<environment.Job instance at 0x7fdb70d5fc30>,44,27,[ 5 12],45,165,192,120,163
1,<environment.Job instance at 0x7fdb704a2f00>,45,13,[4 8],46,192,205,146,176
1,<environment.Job instance at 0x7fdb6fd8ff50>,46,16,[14  2],47,205,221,158,192
1,<environment.Job instance at 0x7fdb6fd5c410>,47,25,[ 4 14],48,221,246,173,217
1,<environment.Job instance at 0x7fdb70d67c80>,42,18,[4 9],43,246,264,203,235
1,<environment.Job instance at 0x7fdb70a1f690>,50,15,[10  4],51,246,261,195,235
1,<environment.Job instance at 0x7fdb6fb56320>,58,15,[5 8],59,264,279,205,250
1,<environment.Job instance at 0x7fdb6fb56f50>,62,18,[1 6],63,261,279,198,250
1,<environment.Job instance at 0x7fdb704d9d70>,65,15,[4 5],66,279,294,213,265
1,<environment.Job instance at 0x7fdb704d9550>,70,23,[5 5],71,279,302,208,273
1,<environment.Job instance at 0x7fdb704d90f0>,72,20,[10  1],73,294,314,221,285
1,<environment.Job instance at 0x7fdb70a1f140>,48,18,[ 2 11],49,302,320,253,291
1,<environment.Job instance at 0x7fdb704fa050>,75,25,[3 5],76,320,345,244,316
1,<environment.Job instance at 0x7fdb704fa320>,76,19,[11  4],77,316,335,239,316
1,<environment.Job instance at 0x7fdb704fa7d0>,77,19,[ 5 14],78,345,364,267,335
1,<environment.Job instance at 0x7fdb704fa5f0>,78,22,[3 8],79,364,386,285,357
1,<environment.Job instance at 0x7fdb704fa730>,79,15,[14  3],80,386,401,306,372
1,<environment.Job instance at 0x7fdb704fa870>,80,14,[ 1 13],81,401,415,320,386
1,<environment.Job instance at 0x7fdb704ea050>,81,25,[4 6],82,415,440,333,411
1,<environment.Job instance at 0x7fdb704ea140>,82,25,[ 1 14],83,440,465,357,436
1,<environment.Job instance at 0x7fdb704ea730>,83,27,[ 2 11],84,465,492,381,463
1,<environment.Job instance at 0x7fdb704eafa0>,84,17,[ 5 11],85,492,509,407,480
1,<environment.Job instance at 0x7fdb704eaa00>,85,21,[14  1],86,509,530,423,501
1,<environment.Job instance at 0x7fdb704ea7d0>,86,12,[9 4],87,530,542,443,513
1,<environment.Job instance at 0x7fdb704eaaf0>,87,16,[5 5],88,530,546,442,517
1,<environment.Job instance at 0x7fdb704ea9b0>,88,17,[2 7],89,542,559,453,532
1,<environment.Job instance at 0x7fdb704eae10>,89,27,[13  1],90,546,573,456,544
1,<environment.Job instance at 0x7fdb704ead20>,90,14,[11  3],91,573,587,482,558
1,<environment.Job instance at 0x7fdb70a16eb0>,91,16,[13  4],92,587,603,495,574
1,<environment.Job instance at 0x7fdb70a16e60>,92,24,[12  4],93,603,627,510,598
1,<environment.Job instance at 0x7fdb70a168c0>,93,12,[7 3],94,627,639,533,610
1,<environment.Job instance at 0x7fdb70a16730>,94,15,[ 3 13],95,639,654,544,625
1,<environment.Job instance at 0x7fdb70a16820>,95,17,[10  2],96,639,656,543,627
1,<environment.Job instance at 0x7fdb70a16d20>,96,12,[6 4],97,627,639,530,627
1,<environment.Job instance at 0x7fdb70a167d0>,97,12,[14  3],98,656,668,558,639
1,<environment.Job instance at 0x7fdb70a16050>,98,14,[11  3],99,668,682,569,653
1,<environment.Job instance at 0x7fdb70506af0>,99,27,[ 1 13],100,682,709,582,680
1,<environment.Job instance at 0x7fdb70506c30>,100,14,[ 5 12],101,709,723,608,694
1,<environment.Job instance at 0x7fdb70506d70>,101,20,[1 8],102,723,743,621,714
1,<environment.Job instance at 0x7fdb70506690>,102,19,[10  1],103,714,733,611,714
1,<environment.Job instance at 0x7fdb70506730>,103,21,[9 3],104,733,754,629,725
1,<environment.Job instance at 0x7fdb70506550>,104,14,[12  5],105,754,768,649,739
1,<environment.Job instance at 0x7fdb704d9690>,74,22,[3 9],75,752,774,677,752
1,<environment.Job instance at 0x7fdb705067d0>,105,19,[ 4 10],106,774,793,668,764
1,<environment.Job instance at 0x7fdb70506230>,107,23,[6 5],108,768,791,660,764
1,<environment.Job instance at 0x7fdb705060a0>,108,23,[11  1],109,791,814,682,785
1,<environment.Job instance at 0x7fdb705064b0>,106,20,[2 7],107,793,813,686,791
1,<environment.Job instance at 0x7fdb70506140>,109,14,[5 8],110,814,828,704,799
1,<environment.Job instance at 0x7fdb704ebf00>,113,19,[5 5],114,814,833,700,804
1,<environment.Job instance at 0x7fdb704eb780>,114,25,[ 3 11],115,833,858,718,829
1,<environment.Job instance at 0x7fdb704eb1e0>,115,19,[ 4 10],116,858,877,742,848
1,<environment.Job instance at 0x7fdb704eb0a0>,116,12,[11  5],117,858,870,741,848
1,<environment.Job instance at 0x7fdb704eb3c0>,117,26,[14  3],118,877,903,759,874
1,<environment.Job instance at 0x7fdb704eb320>,118,19,[8 5],119,903,922,784,893
1,<environment.Job instance at 0x7fdb704eb6e0>,119,25,[ 2 14],120,922,947,802,918
1,<environment.Job instance at 0x7fdb704eb690>,120,12,[6 4],121,947,959,826,930
1,<environment.Job instance at 0x7fdb704eb870>,121,15,[3 7],122,947,962,825,933
1,<environment.Job instance at 0x7fdb704eb500>,122,12,[7 1],123,933,945,810,933
1,<environment.Job instance at 0x7fdb704eba00>,123,19,[4 8],124,959,978,835,949
1,<environment.Job instance at 0x7fdb704d3d20>,124,17,[ 3 13],125,978,995,853,966
1,<environment.Job instance at 0x7fdb6fd66cd0>,125,15,[1 7],126,995,1010,869,981
1,<environment.Job instance at 0x7fdb704f2730>,126,12,[10  4],127,995,1007,868,981
1,<environment.Job instance at 0x7fdb704f2230>,127,13,[ 3 12],128,1010,1023,882,994
1,<environment.Job instance at 0x7fdb700dc410>,128,23,[13  2],129,1023,1046,894,1017
1,<environment.Job instance at 0x7fdb6fda4b90>,129,27,[13  4],130,1046,1073,916,1044
1,<environment.Job instance at 0x7fdb6fda4960>,130,15,[7 3],131,1073,1088,942,1059
1,<environment.Job instance at 0x7fdb704ebaa0>,112,18,[ 3 10],113,1077,1095,964,1077
1,<environment.Job instance at 0x7fdb700d6a50>,132,15,[8 2],133,1088,1103,955,1077
1,<environment.Job instance at 0x7fdb700d6e10>,131,19,[ 3 13],132,1095,1114,963,1085
1,<environment.Job instance at 0x7fdb700d6370>,134,12,[12  2],135,1103,1115,968,1086
1,<environment.Job instance at 0x7fdb700d6d20>,135,24,[5 8],136,1115,1139,979,1110
1,<environment.Job instance at 0x7fdb6fd61410>,43,25,[7 5],44,1121,1146,1077,1121
1,<environment.Job instance at 0x7fdb700d69b0>,137,13,[ 2 12],138,1146,1159,1008,1130
1,<environment.Job instance at 0x7fdb700d67d0>,133,19,[5 8],134,1159,1178,1025,1155
1,<environment.Job instance at 0x7fdb700d66e0>,136,26,[ 4 11],137,1178,1204,1041,1175
1,<environment.Job instance at 0x7fdb6fb840a0>,142,16,[5 9],143,1204,1220,1061,1192
1,<environment.Job instance at 0x7fdb6fb84f00>,143,17,[2 5],144,1204,1221,1060,1192
1,<environment.Job instance at 0x7fdb6fdc8cd0>,144,18,[ 5 12],145,1221,1239,1076,1210
1,<environment.Job instance at 0x7fdb6fdc8a50>,145,17,[1 5],146,1239,1256,1093,1227
1,<environment.Job instance at 0x7fdb6fdc87d0>,146,15,[ 3 12],147,1256,1271,1109,1242
1,<environment.Job instance at 0x7fdb6fdc86e0>,147,19,[5 9],148,1271,1290,1123,1261
1,<environment.Job instance at 0x7fdb6fdc8820>,148,18,[6 2],149,1261,1279,1112,1261
1,<environment.Job instance at 0x7fdb6fdc83c0>,149,20,[5 8],150,1290,1310,1140,1281
1,<environment.Job instance at 0x7fdb6fdc8c30>,150,23,[6 3],151,1281,1304,1130,1281
1,<environment.Job instance at 0x7fdb6fdc88c0>,151,17,[7 5],152,1304,1321,1152,1292
1,<environment.Job instance at 0x7fdb704ff370>,152,23,[ 2 11],153,1321,1344,1168,1315
1,<environment.Job instance at 0x7fdb704ffbe0>,153,13,[14  4],154,1344,1357,1190,1328
1,<environment.Job instance at 0x7fdb70d3bb40>,154,14,[13  2],155,1328,1342,1173,1328
1,<environment.Job instance at 0x7fdb70d3b500>,155,22,[ 5 12],156,1357,1379,1201,1350
1,<environment.Job instance at 0x7fdb6fd5eeb0>,156,23,[ 2 12],157,1379,1402,1222,1373
1,<environment.Job instance at 0x7fdb6fd5e190>,157,26,[6 3],158,1373,1399,1215,1373
1,<environment.Job instance at 0x7fdb700fa960>,158,25,[ 2 14],159,1402,1427,1243,1398
1,<environment.Job instance at 0x7fdb704a25a0>,2,19,[9 5],3,1478,1497,1475,1478
1,<environment.Job instance at 0x7fdb700e00a0>,138,25,[9 4],139,2078,2103,1939,2078
1,<environment.Job instance at 0x7fdb70500cd0>,141,22,[3 8],142,2220,2242,2078,2220
1,<environment.Job instance at 0x7fdb704a2460>,1,22,[9 2],2,4302,4324,4300,4302
1,<environment.Job instance at 0x7fdb70447b40>,1,16,[10  4],2,2,18,0,2
1,<environment.Job instance at 0x7fdb704a2690>,2,17,[1 6],3,3,20,0,3
1,<environment.Job instance at 0x7fdb6fdb1f50>,7,13,[5 5],8,18,31,10,8
1,<environment.Job instance at 0x7fdb6fdb11e0>,9,16,[9 2],10,18,34,8,10
1,<environment.Job instance at 0x7fdb704a2460>,12,12,[9 2],13,34,46,21,17
1,<environment.Job instance at 0x7fdb700e0820>,16,17,[10  2],17,46,63,29,34
1,<environment.Job instance at 0x7fdb700e0e10>,25,18,[9 3],26,63,81,37,52
1,<environment.Job instance at 0x7fdb700e0550>,30,14,[10  5],31,81,95,50,66
1,<environment.Job instance at 0x7fdb700e0be0>,31,14,[5 4],32,66,80,34,66
1,<environment.Job instance at 0x7fdb700e05a0>,33,16,[6 4],34,95,111,61,82
1,<environment.Job instance at 0x7fdb709b1f50>,36,14,[8 4],37,95,109,58,82
1,<environment.Job instance at 0x7fdb709b1b40>,39,16,[5 5],40,109,125,69,96
1,<environment.Job instance at 0x7fdb709b11e0>,41,15,[4 5],42,109,124,67,96
1,<environment.Job instance at 0x7fdb709b1c80>,44,14,[4 8],45,124,138,79,109
1,<environment.Job instance at 0x7fdb704faf50>,49,17,[7 3],50,125,142,75,113
1,<environment.Job instance at 0x7fdb704fadc0>,53,17,[10  4],54,142,159,88,130
1,<environment.Job instance at 0x7fdb704fa3c0>,56,21,[6 4],57,159,180,102,151
1,<environment.Job instance at 0x7fdb704fabe0>,60,17,[6 2],61,159,176,98,151
1,<environment.Job instance at 0x7fdb704fac30>,62,13,[9 5],63,176,189,113,160
1,<environment.Job instance at 0x7fdb704facd0>,64,15,[8 5],65,189,204,124,175
1,<environment.Job instance at 0x7fdb6fd8feb0>,68,22,[5 2],69,188,210,119,188
1,<environment.Job instance at 0x7fdb6fd8fc30>,74,19,[6 1],75,204,223,129,197
1,<environment.Job instance at 0x7fdb6fdb1a00>,13,17,[13  5],14,223,240,209,211
1,<environment.Job instance at 0x7fdb6fd8f5a0>,79,17,[12  1],80,240,257,160,228
1,<environment.Job instance at 0x7fdb6fd8f4b0>,80,12,[5 6],81,257,269,176,240
1,<environment.Job instance at 0x7fdb6fd8faa0>,78,20,[4 9],79,261,281,182,261
1,<environment.Job instance at 0x7fdb6fdc5140>,85,15,[6 2],86,269,284,183,262
1,<environment.Job instance at 0x7fdb6fdc5c30>,86,15,[8 2],87,281,296,194,267
1,<environment.Job instance at 0x7fdb6fd8fe10>,81,22,[ 2 12],82,284,306,202,277
1,<environment.Job instance at 0x7fdb6fdc5f00>,88,25,[8 2],89,296,321,207,292
1,<environment.Job instance at 0x7fdb6fdc51e0>,87,22,[4 5],88,306,328,218,305
1,<environment.Job instance at 0x7fdb6fdc54b0>,89,16,[13  4],90,328,344,238,315
1,<environment.Job instance at 0x7fdb6fdc8aa0>,100,17,[10  3],101,344,361,243,332
1,<environment.Job instance at 0x7fdb6fdc8410>,101,16,[11  4],102,361,377,259,348
1,<environment.Job instance at 0x7fdb6fdc8d20>,102,28,[5 1],103,377,405,274,376
1,<environment.Job instance at 0x7fdb6fdc8eb0>,103,17,[ 2 14],104,377,394,273,376
1,<environment.Job instance at 0x7fdb6fdc8af0>,104,16,[6 3],105,394,410,289,381
1,<environment.Job instance at 0x7fdb6fdc8190>,105,15,[5 2],106,405,420,299,391
1,<environment.Job instance at 0x7fdb6fdc80a0>,106,26,[ 3 14],107,420,446,313,417
1,<environment.Job instance at 0x7fdb6fdc8d70>,107,28,[ 3 12],108,446,474,338,445
1,<environment.Job instance at 0x7fdb6fdc8c80>,108,23,[ 4 13],109,474,497,365,468
1,<environment.Job instance at 0x7fdb6fdc8500>,109,14,[14  3],110,497,511,387,482
1,<environment.Job instance at 0x7fdb6fdc8050>,110,18,[6 1],111,511,529,400,500
1,<environment.Job instance at 0x7fdb6fdc8b90>,111,26,[1 8],112,500,526,388,500
1,<environment.Job instance at 0x7fdb6fdc8fa0>,112,25,[6 2],113,511,536,398,507
1,<environment.Job instance at 0x7fdb6fd799b0>,113,25,[11  1],114,536,561,422,532
1,<environment.Job instance at 0x7fdb6fd79e10>,114,21,[3 9],115,532,553,417,532
1,<environment.Job instance at 0x7fdb6fd79d20>,115,28,[6 4],116,561,589,445,560
1,<environment.Job instance at 0x7fdb6fd790f0>,116,24,[12  3],117,589,613,472,584
1,<environment.Job instance at 0x7fdb6fd79320>,117,13,[ 1 10],118,584,597,466,584
1,<environment.Job instance at 0x7fdb6fd79a50>,118,18,[14  1],119,613,631,494,602
1,<environment.Job instance at 0x7fdb6fd79fa0>,119,27,[5 3],120,631,658,511,629
1,<environment.Job instance at 0x7fdb6fd79820>,120,16,[6 1],121,631,647,510,629
1,<environment.Job instance at 0x7fdb6fd79870>,121,14,[14  1],122,658,672,536,643
1,<environment.Job instance at 0x7fdb6fd79cd0>,122,27,[9 4],123,672,699,549,670
1,<environment.Job instance at 0x7fdb6fd791e0>,123,28,[8 4],124,699,727,575,698
1,<environment.Job instance at 0x7fdb6fd796e0>,124,20,[5 7],125,698,718,573,698
1,<environment.Job instance at 0x7fdb6fd798c0>,125,17,[11  5],126,727,744,601,715
1,<environment.Job instance at 0x7fdb6fd79eb0>,126,12,[2 7],127,718,730,591,715
1,<environment.Job instance at 0x7fdb700dc050>,127,15,[ 4 10],128,730,745,602,716
1,<environment.Job instance at 0x7fdb700dcb90>,128,18,[5 4],129,744,762,615,734
1,<environment.Job instance at 0x7fdb700dce60>,129,15,[11  2],130,762,777,632,748
1,<environment.Job instance at 0x7fdb700dcaf0>,130,13,[3 5],131,748,761,617,748
1,<environment.Job instance at 0x7fdb700dc500>,131,17,[14  5],132,777,794,645,765
1,<environment.Job instance at 0x7fdb700dc460>,132,16,[ 1 11],133,794,810,661,781
1,<environment.Job instance at 0x7fdb700dc780>,133,28,[12  3],134,794,822,660,793
1,<environment.Job instance at 0x7fdb700dca00>,134,18,[ 4 14],135,822,840,687,811
1,<environment.Job instance at 0x7fdb700dcf50>,135,21,[3 9],136,840,861,704,832
1,<environment.Job instance at 0x7fdb700dcdc0>,136,26,[7 4],137,840,866,703,837
1,<environment.Job instance at 0x7fdb700dce10>,137,26,[6 1],138,861,887,723,858
1,<environment.Job instance at 0x7fdb700dc230>,138,22,[11  5],139,887,909,748,880
1,<environment.Job instance at 0x7fdb6fd5efa0>,139,18,[13  4],140,909,927,769,898
1,<environment.Job instance at 0x7fdb70829d70>,140,17,[ 2 12],141,927,944,786,916
1,<environment.Job instance at 0x7fdb6fdc8370>,99,22,[5 8],100,944,966,844,938
1,<environment.Job instance at 0x7fdb700fa8c0>,152,13,[8 4],153,944,957,791,938
1,<environment.Job instance at 0x7fdb6fed5b40>,155,22,[10  1],156,957,979,801,954
1,<environment.Job instance at 0x7fdb6fd5eaf0>,141,23,[ 5 10],142,966,989,824,960
1,<environment.Job instance at 0x7fdb6fdb1140>,11,21,[10  4],12,979,1000,967,971
1,<environment.Job instance at 0x7fdb6fdb1e60>,0,18,[13  5],1,1000,1018,999,997
1,<environment.Job instance at 0x7fdb70737a00>,1,23,[7 5],2,2,25,0,2
1,<environment.Job instance at 0x7fdb704f2a00>,2,15,[5 7],3,3,18,0,3
1,<environment.Job instance at 0x7fdb70a11730>,5,13,[8 2],6,18,31,12,6
1,<environment.Job instance at 0x7fdb70a11f50>,9,12,[3 8],10,25,37,15,11
1,<environment.Job instance at 0x7fdb70a11280>,12,14,[4 7],13,31,45,18,16
1,<environment.Job instance at 0x7fdb70a11fa0>,13,17,[1 6],14,37,54,23,25
1,<environment.Job instance at 0x7fdb6fb561e0>,15,20,[2 5],16,45,65,29,36
1,<environment.Job instance at 0x7fdb6fb56690>,19,18,[6 3],20,45,63,25,36
1,<environment.Job instance at 0x7fdb6fb56e60>,20,12,[7 4],21,54,66,33,37
1,<environment.Job instance at 0x7fdb6fb564b0>,22,12,[7 3],23,65,77,42,48
1,<environment.Job instance at 0x7fdb70a11690>,10,13,[5 5],11,66,79,55,50
1,<environment.Job instance at 0x7fdb704f2500>,8,16,[6 3],9,77,93,68,66
1,<environment.Job instance at 0x7fdb6fb56780>,23,19,[5 7],24,79,98,55,69
1,<environment.Job instance at 0x7fdb6fb56910>,28,15,[4 7],29,93,108,64,79
1,<environment.Job instance at 0x7fdb6fb566e0>,29,16,[7 4],30,98,114,68,85
1,<environment.Job instance at 0x7fdb6fb56320>,25,18,[12  2],26,114,132,88,103
1,<environment.Job instance at 0x7fdb6fb549b0>,38,16,[12  1],39,132,148,93,119
1,<environment.Job instance at 0x7fdb6fb54aa0>,39,16,[10  3],40,148,164,108,135
1,<environment.Job instance at 0x7fdb70a18640>,37,21,[3 8],38,148,169,110,148
1,<environment.Job instance at 0x7fdb6fb54cd0>,40,15,[13  3],41,169,184,128,155
1,<environment.Job instance at 0x7fdb6fb54550>,41,21,[1 8],42,169,190,127,166
1,<environment.Job instance at 0x7fdb6fb54eb0>,44,14,[10  4],45,184,198,139,169
1,<environment.Job instance at 0x7fdb70a1fc80>,48,15,[10  3],49,198,213,149,184
1,<environment.Job instance at 0x7fdb6fb56a50>,24,27,[ 4 11],25,190,217,165,188
1,<environment.Job instance at 0x7fdb70a1f870>,49,21,[10  4],50,213,234,163,206
1,<environment.Job instance at 0x7fdb70a1fa50>,51,18,[4 9],52,217,235,165,207
1,<environment.Job instance at 0x7fdb70a1fa00>,54,19,[8 2],55,234,253,179,224
1,<environment.Job instance at 0x7fdb70a1f5a0>,50,22,[3 9],51,235,257,184,229
1,<environment.Job instance at 0x7fdb70a1f050>,60,18,[9 1],61,253,271,192,244
1,<environment.Job instance at 0x7fdb70a1fcd0>,61,20,[3 6],62,257,277,195,248
1,<environment.Job instance at 0x7fdb70a1f0a0>,62,14,[5 9],63,271,285,208,256
1,<environment.Job instance at 0x7fdb70a1fb90>,59,20,[10  4],60,277,297,217,268
1,<environment.Job instance at 0x7fdb6fee3dc0>,68,20,[9 2],69,297,317,228,288
1,<environment.Job instance at 0x7fdb700fa4b0>,69,18,[ 2 10],70,288,306,218,288
1,<environment.Job instance at 0x7fdb700fae10>,71,14,[3 5],72,306,320,234,291
1,<environment.Job instance at 0x7fdb700faaf0>,73,13,[5 1],74,317,330,243,301
1,<environment.Job instance at 0x7fdb700fafa0>,74,17,[1 7],75,306,323,231,301
1,<environment.Job instance at 0x7fdb700fa640>,75,16,[8 4],76,320,336,244,307
1,<environment.Job instance at 0x7fdb700fa3c0>,78,19,[6 5],79,330,349,251,320
1,<environment.Job instance at 0x7fdb700fa190>,80,14,[3 9],81,336,350,255,321
1,<environment.Job instance at 0x7fdb700fad70>,84,21,[2 6],85,349,370,264,341
1,<environment.Job instance at 0x7fdb700fab40>,85,18,[4 6],86,350,368,264,341
1,<environment.Job instance at 0x7fdb700fa140>,87,12,[5 5],88,368,380,280,351
1,<environment.Job instance at 0x7fdb700d6be0>,89,18,[5 5],90,370,388,280,359
1,<environment.Job instance at 0x7fdb700fa730>,90,18,[7 2],91,380,398,289,369
1,<environment.Job instance at 0x7fdb700d6190>,92,12,[2 8],93,380,392,287,369
1,<environment.Job instance at 0x7fdb700d6960>,93,18,[6 3],94,388,406,294,377
1,<environment.Job instance at 0x7fdb700d6230>,94,13,[ 2 10],95,392,405,297,377
1,<environment.Job instance at 0x7fdb700d6b40>,95,18,[5 6],96,405,423,309,394
1,<environment.Job instance at 0x7fdb700d6e10>,100,20,[3 6],101,405,425,304,396
1,<environment.Job instance at 0x7fdb6fdff6e0>,103,14,[4 5],104,423,437,319,408
1,<environment.Job instance at 0x7fdb700d6d70>,105,20,[10  3],106,425,445,319,416
1,<environment.Job instance at 0x7fdb700d6870>,106,15,[5 9],107,437,452,330,423
1,<environment.Job instance at 0x7fdb6fdeb730>,108,17,[5 1],109,445,462,336,433
1,<environment.Job instance at 0x7fdb6fdeb3c0>,109,13,[1 8],110,452,465,342,436
1,<environment.Job instance at 0x7fdb705062d0>,114,14,[5 1],115,445,459,330,436
1,<environment.Job instance at 0x7fdb70506dc0>,117,13,[5 5],118,459,472,341,443
1,<environment.Job instance at 0x7fdb70506910>,120,17,[6 2],121,462,479,341,450
1,<environment.Job instance at 0x7fdb70506e10>,125,17,[10  4],126,479,496,353,467
1,<environment.Job instance at 0x7fdb705064b0>,126,16,[9 4],127,496,512,369,483
1,<environment.Job instance at 0x7fdb6fee40a0>,128,22,[5 4],129,483,505,354,483
1,<environment.Job instance at 0x7fdb6fcbf2d0>,132,18,[7 4],133,512,530,379,501
1,<environment.Job instance at 0x7fdb6fddccd0>,133,16,[4 7],134,505,521,371,501
1,<environment.Job instance at 0x7fdb6f950f00>,135,13,[ 2 10],136,521,534,385,505
1,<environment.Job instance at 0x7fdb6f950fa0>,137,17,[9 5],138,530,547,392,518
1,<environment.Job instance at 0x7fdb6f950c30>,138,17,[ 3 10],139,534,551,395,522
1,<environment.Job instance at 0x7fdb6f950aa0>,140,14,[5 1],141,547,561,406,532
1,<environment.Job instance at 0x7fdb6f950a50>,142,13,[3 6],143,551,564,408,535
1,<environment.Job instance at 0x7fdb70aef4b0>,153,18,[10  2],154,561,579,407,550
1,<environment.Job instance at 0x7fdb6fb54640>,42,17,[ 5 13],43,564,581,521,558
1,<environment.Job instance at 0x7fdb704f2dc0>,0,15,[1 7],1,581,596,580,567
1,<environment.Job instance at 0x7fa8f5e27230>,0,17,[6 1],1,1,18,0,1
1,<environment.Job instance at 0x7fa8f5e27320>,2,20,[7 4],3,3,23,0,3
1,<environment.Job instance at 0x7fa8ec83bf50>,10,15,[5 1],11,18,33,7,11
1,<environment.Job instance at 0x7fa8ec83e050>,11,15,[6 1],12,23,38,11,12
1,<environment.Job instance at 0x7fa8ec83e7d0>,22,13,[7 4],23,33,46,10,23
1,<environment.Job instance at 0x7fa8ec83e9b0>,24,20,[4 6],25,38,58,13,33
1,<environment.Job instance at 0x7fa8ec83eb90>,26,12,[8 5],27,46,58,19,34
1,<environment.Job instance at 0x7fa8ec83ef50>,32,17,[9 3],33,58,75,25,46
1,<environment.Job instance at 0x7fa8ec842050>,35,16,[1 9],36,58,74,22,52
1,<environment.Job instance at 0x7fa8ec83e500>,17,19,[12  4],18,75,94,57,67
1,<environment.Job instance at 0x7fa8ec842140>,37,14,[ 5 14],38,94,108,56,82
1,<environment.Job instance at 0x7fa8ec83e8c0>,25,24,[5 7],26,108,132,82,103
1,<environment.Job instance at 0x7fa8ec842230>,36,20,[7 5],37,111,131,74,111
1,<environment.Job instance at 0x7fa8ec8422d0>,38,24,[13  2],39,132,156,93,127
1,<environment.Job instance at 0x7fa8ec842550>,42,12,[ 5 12],43,156,168,113,139
1,<environment.Job instance at 0x7fa8ec8426e0>,44,12,[11  3],45,168,180,123,151
1,<environment.Job instance at 0x7fa8ec8427d0>,45,12,[ 3 14],46,180,192,134,163
1,<environment.Job instance at 0x7fa8ec842a00>,46,14,[6 5],47,192,206,145,177
1,<environment.Job instance at 0x7fa8ec8428c0>,47,14,[12  2],48,206,220,158,191
1,<environment.Job instance at 0x7fa8ec842aa0>,48,14,[ 1 11],49,206,220,157,191
1,<environment.Job instance at 0x7fa8ec842b40>,49,13,[1 5],50,192,205,142,191
1,<environment.Job instance at 0x7fa8ec842be0>,50,13,[ 4 12],51,220,233,169,204
1,<environment.Job instance at 0x7fa8ec842c80>,51,13,[5 6],52,233,246,181,217
1,<environment.Job instance at 0x7fa8ec842690>,52,21,[14  2],53,246,267,193,238
1,<environment.Job instance at 0x7fa8ec8425f0>,43,16,[1 8],44,255,271,211,255
1,<environment.Job instance at 0x7fa8ec842d70>,54,13,[7 3],55,267,280,212,255
1,<environment.Job instance at 0x7fa8ec842cd0>,53,17,[7 4],54,267,284,213,259
1,<environment.Job instance at 0x7fa8ec842fa0>,56,21,[8 4],57,280,301,223,272
1,<environment.Job instance at 0x7fa8ec842f50>,57,16,[ 2 11],58,284,300,226,272
1,<environment.Job instance at 0x7fa8ec83e320>,13,13,[10  3],14,301,314,287,290
1,<environment.Job instance at 0x7fa8f5e271e0>,1,24,[10  1],2,314,338,312,309
1,<environment.Job instance at 0x7fa8ec8442d0>,62,14,[ 4 11],63,309,323,246,309
1,<environment.Job instance at 0x7fa8ec844370>,63,12,[5 3],64,323,335,259,309
1,<environment.Job instance at 0x7fa8ec844550>,64,24,[2 8],65,335,359,270,330
1,<environment.Job instance at 0x7fa8ec8444b0>,65,26,[5 5],66,338,364,272,335
1,<environment.Job instance at 0x7fa8ec844500>,66,17,[ 4 12],67,364,381,297,352
1,<environment.Job instance at 0x7fa8ec844690>,67,18,[9 4],68,381,399,313,370
1,<environment.Job instance at 0x7fa8ec8447d0>,68,12,[7 1],69,399,411,330,382
1,<environment.Job instance at 0x7fa8ec844820>,69,26,[1 7],70,382,408,312,382
1,<environment.Job instance at 0x7fa8ec844870>,70,15,[8 4],71,408,423,337,394
1,<environment.Job instance at 0x7fa8ec844910>,71,14,[4 9],72,411,425,339,396
1,<environment.Job instance at 0x7fa8ec844050>,59,19,[1 7],60,425,444,365,415
1,<environment.Job instance at 0x7fa8ec844a50>,73,18,[3 5],74,423,441,349,415
1,<environment.Job instance at 0x7fa8ec844af0>,74,19,[3 8],75,441,460,366,431
1,<environment.Job instance at 0x7fa8ec844c30>,76,14,[10  4],77,444,458,367,432
1,<environment.Job instance at 0x7fa8ec844f50>,81,19,[5 5],82,458,477,376,448
1,<environment.Job instance at 0x7fa8ec847050>,82,14,[8 5],83,460,474,377,448
1,<environment.Job instance at 0x7fa8ec847280>,83,21,[4 8],84,474,495,390,467
1,<environment.Job instance at 0x7fa8ec847370>,86,15,[1 7],87,477,492,390,475
1,<environment.Job instance at 0x7fa8ec847550>,89,16,[4 9],90,495,511,405,482
1,<environment.Job instance at 0x7fa8ec8479b0>,96,16,[8 4],97,492,508,395,482
1,<environment.Job instance at 0x7fa8ec847a50>,97,18,[2 6],98,508,526,410,497
1,<environment.Job instance at 0x7fa8ec847f50>,104,16,[1 9],105,511,527,406,499
1,<environment.Job instance at 0x7fa8ec84a050>,106,16,[7 5],107,526,542,419,513
1,<environment.Job instance at 0x7fa8ec84a2d0>,109,18,[1 9],110,527,545,417,516
1,<environment.Job instance at 0x7fa8ec84a7d0>,116,17,[5 5],117,542,559,425,530
1,<environment.Job instance at 0x7fa8ec84a910>,118,15,[ 4 10],119,545,560,426,531
1,<environment.Job instance at 0x7fa8ec84ab90>,122,18,[7 4],123,559,577,436,548
1,<environment.Job instance at 0x7fa8ec831640>,130,21,[5 4],131,560,581,429,552
1,<environment.Job instance at 0x7fa8ec831d20>,136,12,[5 4],137,577,589,440,560
1,<environment.Job instance at 0x7fa8ec831a50>,138,14,[6 5],139,581,595,442,566
1,<environment.Job instance at 0x7fa8ec9e3820>,155,17,[5 8],156,589,606,433,579
1,<environment.Job instance at 0x7fa8ec8eb140>,162,19,[2 5],163,595,614,432,585
1,<environment.Job instance at 0x7fa8ec8dca00>,164,22,[3 8],165,606,628,441,599
1,<environment.Job instance at 0x7fa8ec8449b0>,72,28,[11  1],73,621,649,548,621
1,<environment.Job instance at 0x7fa8ec1ce5f0>,0,24,[ 4 11],1,1,25,0,1
1,<environment.Job instance at 0x7fa8ec217e60>,3,13,[5 7],4,25,38,21,10
1,<environment.Job instance at 0x7fa8ec211730>,5,24,[3 7],6,30,54,24,30
1,<environment.Job instance at 0x7fa8ec211410>,6,19,[3 8],7,38,57,31,34
1,<environment.Job instance at 0x7fa8ec1d2140>,9,16,[8 4],10,54,70,44,41
1,<environment.Job instance at 0x7fa8ec1d2320>,7,17,[11  1],8,70,87,62,58
1,<environment.Job instance at 0x7fa8ec29d780>,17,16,[1 7],18,58,74,40,58
1,<environment.Job instance at 0x7fa8ec29de10>,18,13,[ 3 11],19,74,87,55,58
1,<environment.Job instance at 0x7fa8ec29dd70>,19,14,[14  1],20,87,101,67,72
1,<environment.Job instance at 0x7fa8ec29ddc0>,20,14,[12  1],21,101,115,80,86
1,<environment.Job instance at 0x7fa8ec29d7d0>,16,17,[9 2],17,115,132,98,103
1,<environment.Job instance at 0x7fa8ec29d370>,22,20,[7 5],23,132,152,109,123
1,<environment.Job instance at 0x7fa8ec29dd20>,23,15,[9 5],24,152,167,128,138
1,<environment.Job instance at 0x7fa8ec8423c0>,2,17,[4 7],3,145,162,142,145
1,<environment.Job instance at 0x7fa8ec2a51e0>,25,21,[5 9],26,162,183,136,158
1,<environment.Job instance at 0x7fa8ec2a5410>,27,19,[3 8],28,183,202,155,174
1,<environment.Job instance at 0x7fa8ec2a5370>,28,14,[7 1],29,174,188,145,174
1,<environment.Job instance at 0x7fa8ec2a5910>,32,22,[2 8],33,202,224,169,197
1,<environment.Job instance at 0x7fa8ec2a5aa0>,33,15,[6 1],34,197,212,163,197
1,<environment.Job instance at 0x7fa8ec2a5b90>,34,18,[5 4],35,197,215,162,197
1,<environment.Job instance at 0x7fa8ec2aa690>,44,13,[2 5],45,215,228,170,199
1,<environment.Job instance at 0x7fa8ec211cd0>,4,25,[14  5],5,228,253,223,224
1,<environment.Job instance at 0x7fa8ec2aaf00>,56,15,[8 5],57,253,268,196,239
1,<environment.Job instance at 0x7fa8ec328f00>,59,12,[4 8],60,253,265,193,239
1,<environment.Job instance at 0x7fa8ec30a640>,60,19,[4 7],61,265,284,204,255
1,<environment.Job instance at 0x7fa8ec30a320>,63,19,[ 5 10],64,284,303,220,274
1,<environment.Job instance at 0x7fa8ec2aac30>,51,17,[14  5],52,303,320,251,291
1,<environment.Job instance at 0x7fa8ec3a1780>,65,14,[ 1 13],66,320,334,254,305
1,<environment.Job instance at 0x7fa8f5e525a0>,67,16,[8 4],68,334,350,266,321
1,<environment.Job instance at 0x7fa8ebe5f140>,70,13,[2 7],71,334,347,263,321
1,<environment.Job instance at 0x7fa8ec0ccf50>,75,13,[9 2],76,350,363,274,334
1,<environment.Job instance at 0x7fa8ec0be190>,76,13,[4 5],77,347,360,270,334
1,<environment.Job instance at 0x7fa8ebe23820>,82,13,[3 5],83,360,373,277,344
1,<environment.Job instance at 0x7fa8ebec2c80>,83,16,[5 8],84,363,379,279,350
1,<environment.Job instance at 0x7fa8ec37bd20>,66,13,[4 8],67,379,392,312,363
1,<environment.Job instance at 0x7fa8ec2a5280>,26,18,[7 1],27,363,381,336,363
1,<environment.Job instance at 0x7fa8ebe4ab90>,86,14,[3 5],87,373,387,286,363
1,<environment.Job instance at 0x7fa8ec842460>,1,14,[ 5 10],2,392,406,390,377
1,<environment.Job instance at 0x7fa8ebf11c80>,87,27,[5 1],88,381,408,293,379
1,<environment.Job instance at 0x7fa8ebe45b90>,97,17,[10  4],98,406,423,308,394
1,<environment.Job instance at 0x7fa8ebe89780>,98,13,[6 4],99,423,436,324,407
1,<environment.Job instance at 0x7fa8ebdeb7d0>,101,16,[6 3],102,423,439,321,410
1,<environment.Job instance at 0x7fa8ec0be4b0>,88,26,[ 2 13],89,439,465,350,436
1,<environment.Job instance at 0x7fa8ec29df50>,21,17,[12  4],22,465,482,443,455
1,<environment.Job instance at 0x7fa8ebdeb5f0>,106,22,[7 5],107,482,504,375,477
1,<environment.Job instance at 0x7fa8ebdebdc0>,109,15,[3 6],110,477,492,367,477
1,<environment.Job instance at 0x7fa8ebdeb3c0>,107,20,[5 8],108,492,512,384,485
1,<environment.Job instance at 0x7fa8ebdee9b0>,112,15,[5 8],113,512,527,399,498
1,<environment.Job instance at 0x7fa8ebdee410>,116,17,[ 5 10],117,527,544,410,515
1,<environment.Job instance at 0x7fa8ebdee690>,120,13,[8 4],121,521,534,400,521
1,<environment.Job instance at 0x7fa8ebdea230>,128,12,[5 8],129,544,556,415,527
1,<environment.Job instance at 0x7fa8ebdea7d0>,130,12,[5 5],131,534,546,403,527
1,<environment.Job instance at 0x7fa8ebdea730>,133,18,[9 5],134,546,564,412,535
1,<environment.Job instance at 0x7fa8ec7c0a00>,144,12,[4 7],145,556,568,411,545
1,<environment.Job instance at 0x7fa8ebdeb280>,110,20,[11  2],111,569,589,458,569
1,<environment.Job instance at 0x7fa8ebff9b40>,85,27,[ 5 14],86,2333,2360,2247,2333
1,<environment.Job instance at 0x7fa8ec2882d0>,3,17,[5 9],4,4,21,0,4
1,<environment.Job instance at 0x7fa8ec288230>,4,17,[7 1],5,5,22,0,5
1,<environment.Job instance at 0x7fa8ec121d70>,18,14,[3 6],19,21,35,2,19
1,<environment.Job instance at 0x7fa8ec121460>,19,12,[6 4],20,22,34,2,20
1,<environment.Job instance at 0x7fa8ec121e60>,28,16,[5 2],29,29,45,0,29
1,<environment.Job instance at 0x7fa8ec121500>,29,22,[2 5],30,34,56,4,30
1,<environment.Job instance at 0x7fa8ec1216e0>,30,12,[ 1 10],31,45,57,14,31
1,<environment.Job instance at 0x7fa8ec124820>,35,13,[5 5],36,56,69,20,45
1,<environment.Job instance at 0x7fa8ec124f50>,38,26,[6 1],39,57,83,18,54
1,<environment.Job instance at 0x7fa8ec1243c0>,41,20,[5 5],42,69,89,27,65
1,<environment.Job instance at 0x7fa8ec121550>,36,20,[7 1],37,83,103,46,74
1,<environment.Job instance at 0x7fa8ec124690>,45,17,[7 4],46,89,106,43,77
1,<environment.Job instance at 0x7fa8ec124050>,47,19,[3 8],48,103,122,55,93
1,<environment.Job instance at 0x7fa8ec124550>,49,13,[1 7],50,106,119,56,93
1,<environment.Job instance at 0x7fa8ebf628c0>,52,18,[10  5],53,119,137,66,108
1,<environment.Job instance at 0x7fa8ebf62190>,59,16,[4 5],60,122,138,62,109
1,<environment.Job instance at 0x7fa8ebf620f0>,62,14,[4 5],63,137,151,74,122
1,<environment.Job instance at 0x7fa8ebf62870>,65,13,[5 6],66,138,151,72,122
1,<environment.Job instance at 0x7fa8ebf71870>,70,20,[4 9],71,151,171,80,142
1,<environment.Job instance at 0x7fa8ebf71550>,78,18,[5 5],79,151,169,72,142
1,<environment.Job instance at 0x7fa8ebf6ebe0>,89,13,[6 2],90,169,182,79,153
1,<environment.Job instance at 0x7fa8ebf6e690>,91,12,[7 5],92,171,183,79,154
1,<environment.Job instance at 0x7fa8ebf6e8c0>,92,20,[10  2],93,183,203,90,174
1,<environment.Job instance at 0x7fa8ebf697d0>,94,15,[2 6],95,174,189,79,174
1,<environment.Job instance at 0x7fa8ebf69e10>,95,17,[10  4],96,203,220,107,191
1,<environment.Job instance at 0x7fa8ebf69c80>,96,19,[6 5],97,220,239,123,210
1,<environment.Job instance at 0x7fa8ebf690a0>,100,19,[3 6],101,210,229,109,210
1,<environment.Job instance at 0x7fa8ebf69a00>,107,15,[4 9],108,229,244,121,215
1,<environment.Job instance at 0x7fa8ebf643c0>,109,12,[4 6],110,239,251,129,222
1,<environment.Job instance at 0x7fa8ebf64730>,112,19,[7 3],113,244,263,131,234
1,<environment.Job instance at 0x7fa8ebf645a0>,115,18,[5 5],116,251,269,135,240
1,<environment.Job instance at 0x7fa8ebf645f0>,116,15,[2 6],117,244,259,127,240
1,<environment.Job instance at 0x7fa8ebf649b0>,117,14,[8 4],118,263,277,145,248
1,<environment.Job instance at 0x7fa8ebf64a00>,120,15,[5 2],121,269,284,148,255
1,<environment.Job instance at 0x7fa8ebf5fd20>,122,13,[10  4],123,277,290,154,261
1,<environment.Job instance at 0x7fa8ebf5fc80>,123,20,[4 7],124,284,304,160,275
1,<environment.Job instance at 0x7fa8ebf5fe60>,124,21,[10  3],125,290,311,165,282
1,<environment.Job instance at 0x7fa8ebf5fb90>,131,14,[5 3],132,304,318,172,289
1,<environment.Job instance at 0x7fa8ebf1c730>,134,20,[7 5],135,311,331,176,302
1,<environment.Job instance at 0x7fa8ebf20640>,135,21,[4 8],136,318,339,182,310
1,<environment.Job instance at 0x7fa8ebf16960>,136,17,[5 4],137,331,348,194,319
1,<environment.Job instance at 0x7fa8ebf164b0>,137,20,[8 5],138,339,359,201,330
1,<environment.Job instance at 0x7fa8ecd015a0>,149,12,[5 5],150,348,360,198,331
1,<environment.Job instance at 0x7fa8ebf17a00>,151,17,[5 4],152,359,376,207,347
1,<environment.Job instance at 0x7fa8ebee0dc0>,154,16,[4 6],155,359,375,204,347
1,<environment.Job instance at 0x7fa8ec0b7e60>,155,16,[1 9],156,375,391,219,362
1,<environment.Job instance at 0x7fa8f5ecfd20>,156,16,[7 2],157,375,391,218,362
1,<environment.Job instance at 0x7fa8ebf421e0>,160,15,[3 5],161,391,406,230,377
1,<environment.Job instance at 0x7fa8ec652dc0>,162,17,[5 5],163,391,408,228,379
1,<environment.Job instance at 0x7fa8ec087370>,0,17,[12  2],1,659,676,658,659
1,<environment.Job instance at 0x7fa8ec1242d0>,37,25,[4 9],38,766,791,728,766
1,<environment.Job instance at 0x7fa8ec674cd0>,3,14,[14  2],4,4,18,0,4
1,<environment.Job instance at 0x7fa8ec674410>,4,13,[5 5],5,18,31,13,5
1,<environment.Job instance at 0x7fa8ec674820>,6,18,[6 3],7,18,36,11,7
1,<environment.Job instance at 0x7fa8ec674640>,7,16,[9 4],8,31,47,23,18
1,<environment.Job instance at 0x7fa8ec1a5140>,10,14,[9 5],11,47,61,36,32
1,<environment.Job instance at 0x7fa8ec1a5370>,13,19,[7 5],14,61,80,47,52
1,<environment.Job instance at 0x7fa8ebf52190>,0,25,[8 3],1,61,86,60,57
1,<environment.Job instance at 0x7fa8ec1a5820>,18,15,[1 7],19,80,95,61,66
1,<environment.Job instance at 0x7fa8ec1a58c0>,19,14,[7 2],20,86,100,66,71
1,<environment.Job instance at 0x7fa8ec1a5af0>,23,13,[1 6],24,86,99,62,71
1,<environment.Job instance at 0x7fa8ec1a5c30>,25,15,[1 6],26,95,110,69,81
1,<environment.Job instance at 0x7fa8ec1a5cd0>,26,13,[5 2],27,99,112,72,83
1,<environment.Job instance at 0x7fa8ec1a5d70>,27,16,[ 2 10],28,110,126,82,97
1,<environment.Job instance at 0x7fa8ec670190>,32,18,[2 5],33,112,130,79,101
1,<environment.Job instance at 0x7fa8ec670140>,35,19,[5 7],36,126,145,90,116
1,<environment.Job instance at 0x7fa8ec6705f0>,39,21,[1 7],40,130,151,90,122
1,<environment.Job instance at 0x7fa8ec670550>,40,15,[2 7],41,145,160,104,131
1,<environment.Job instance at 0x7fa8ec670730>,41,16,[6 1],42,131,147,89,131
1,<environment.Job instance at 0x7fa8ec6707d0>,43,14,[10  3],44,151,165,107,136
1,<environment.Job instance at 0x7fa8ec670910>,44,18,[4 7],45,160,178,115,149
1,<environment.Job instance at 0x7fa8ec670b90>,48,21,[5 6],49,165,186,116,157
1,<environment.Job instance at 0x7fa8ec670c30>,49,14,[ 3 10],50,186,200,136,171
1,<environment.Job instance at 0x7fa8ec670cd0>,50,13,[4 5],51,178,191,127,171
1,<environment.Job instance at 0x7fa8ec670eb0>,52,16,[1 5],53,191,207,138,178
1,<environment.Job instance at 0x7fa8ec670e10>,53,18,[4 9],54,200,218,146,189
1,<environment.Job instance at 0x7fa8ec67c050>,58,13,[10  1],59,200,213,141,189
1,<environment.Job instance at 0x7fa8ec67c690>,64,18,[ 1 10],65,218,236,153,207
1,<environment.Job instance at 0x7fa8ec67c9b0>,69,14,[1 7],70,236,250,166,221
1,<environment.Job instance at 0x7fa8ec67ca50>,70,18,[7 5],71,221,239,150,221
1,<environment.Job instance at 0x7fa8ec1a5550>,16,21,[8 4],17,239,260,222,231
1,<environment.Job instance at 0x7fa8ec6748c0>,5,22,[4 7],6,250,272,244,246
1,<environment.Job instance at 0x7fa8ec67cf50>,76,24,[8 2],77,260,284,183,255
1,<environment.Job instance at 0x7fa8ec67cfa0>,77,16,[2 8],78,272,288,194,259
1,<environment.Job instance at 0x7fa8ec67cf00>,78,12,[11  1],79,284,296,205,267
1,<environment.Job instance at 0x7fa8ec674190>,8,27,[1 9],9,288,315,279,288
1,<environment.Job instance at 0x7fa8ec678230>,80,16,[12  1],81,296,312,215,288
1,<environment.Job instance at 0x7fa8ec1a5190>,9,27,[14  4],10,312,339,302,310
1,<environment.Job instance at 0x7fa8ec678280>,82,28,[13  1],83,339,367,256,338
1,<environment.Job instance at 0x7fa8ec678320>,81,15,[ 4 13],82,367,382,285,360
1,<environment.Job instance at 0x7fa8ec67ce10>,74,22,[10  2],75,367,389,292,363
1,<environment.Job instance at 0x7fa8ec215820>,85,18,[2 5],86,382,400,296,371
1,<environment.Job instance at 0x7fa8ec6790a0>,88,14,[3 9],89,389,403,300,374
1,<environment.Job instance at 0x7fa8ec679960>,90,14,[5 1],91,389,403,298,374
1,<environment.Job instance at 0x7fa8ec6793c0>,94,14,[8 4],95,403,417,308,388
1,<environment.Job instance at 0x7fa8ec400140>,84,18,[ 1 11],85,403,421,318,392
1,<environment.Job instance at 0x7fa8ebf23dc0>,98,14,[5 8],99,421,435,322,408
1,<environment.Job instance at 0x7fa8ec658370>,104,19,[3 6],105,421,440,316,411
1,<environment.Job instance at 0x7fa8ec658cd0>,106,15,[6 1],107,417,432,310,411
1,<environment.Job instance at 0x7fa8ebf00c30>,110,12,[2 8],111,435,447,324,418
1,<environment.Job instance at 0x7fa8ec658960>,111,13,[6 4],112,440,453,328,424
1,<environment.Job instance at 0x7fa8ec263a00>,114,13,[5 7],115,447,460,332,431
1,<environment.Job instance at 0x7fa8ec510eb0>,116,14,[4 9],117,460,474,343,445
1,<environment.Job instance at 0x7fa8ecee94b0>,117,18,[8 3],118,453,471,335,445
1,<environment.Job instance at 0x7fa8ec514a50>,118,12,[3 5],119,471,483,352,454
1,<environment.Job instance at 0x7fa8ec54ac80>,119,15,[1 8],120,474,489,354,460
1,<environment.Job instance at 0x7fa8ec281370>,122,20,[8 5],123,483,503,360,474
1,<environment.Job instance at 0x7fa8ec51b500>,125,18,[3 7],126,489,507,363,478
1,<environment.Job instance at 0x7fa8ecee88c0>,127,18,[10  1],128,503,521,375,492
1,<environment.Job instance at 0x7fa8ecee8460>,128,20,[2 7],129,503,523,374,494
1,<environment.Job instance at 0x7fa8ec537280>,130,17,[5 2],131,521,538,390,509
1,<environment.Job instance at 0x7fa8ec537a00>,131,18,[4 9],132,523,541,391,515
1,<environment.Job instance at 0x7fa8ec537320>,132,12,[6 2],133,521,533,388,515
1,<environment.Job instance at 0x7fa8ec537be0>,133,23,[1 5],134,538,561,404,532
1,<environment.Job instance at 0x7fa8ec52da00>,135,16,[6 2],136,541,557,405,532
1,<environment.Job instance at 0x7fa8ec52d780>,136,16,[8 2],137,541,557,404,532
1,<environment.Job instance at 0x7fa8ec52d140>,139,16,[7 4],140,557,573,417,544
1,<environment.Job instance at 0x7fa8ec52d5f0>,142,12,[7 2],143,557,569,414,544
1,<environment.Job instance at 0x7fa8ecedc280>,145,18,[ 2 10],146,569,587,423,558
1,<environment.Job instance at 0x7fa8ec6783c0>,83,24,[ 4 13],84,587,611,503,582
1,<environment.Job instance at 0x7fa8ec540140>,151,14,[14  2],152,611,625,459,596
1,<environment.Job instance at 0x7fa8ec67cbe0>,79,17,[11  3],80,625,642,545,613
1,<environment.Job instance at 0x7fa8ec53efa0>,153,12,[9 1],154,642,654,488,626
1,<environment.Job instance at 0x7fa8ec1e3e60>,97,25,[3 7],98,627,652,529,627
1,<environment.Job instance at 0x7fa8ec53ebe0>,154,15,[14  4],155,654,669,499,641
1,<environment.Job instance at 0x7fa8ec53e140>,155,17,[10  1],156,669,686,513,657
1,<environment.Job instance at 0x7fa8ec83b960>,162,16,[5 4],163,669,685,506,657
1,<environment.Job instance at 0x7fa8ec53ed20>,164,21,[3 7],165,685,706,520,678
1,<environment.Job instance at 0x7fa8ec83b9b0>,166,17,[3 5],167,686,703,519,678
1,<environment.Job instance at 0x7fa8ec536870>,168,14,[6 5],169,703,717,534,688
1,<environment.Job instance at 0x7fa8ec53e8c0>,156,25,[ 2 13],157,758,783,601,758
1,<environment.Job instance at 0x7fa8ec67ceb0>,75,26,[13  3],76,893,919,817,893
1,<environment.Job instance at 0x7fa8ebf57af0>,1,13,[12  5],2,3,16,1,3
1,<environment.Job instance at 0x7fa8ecf165f0>,8,12,[1 7],9,9,21,0,9
1,<environment.Job instance at 0x7fa8ec67cd20>,3,23,[5 5],4,16,39,12,11
1,<environment.Job instance at 0x7fa8ec67ceb0>,4,27,[14  2],5,39,66,34,37
1,<environment.Job instance at 0x7fa8ecf166e0>,10,16,[1 7],11,37,53,26,37
1,<environment.Job instance at 0x7fa8ecf16e10>,12,24,[ 1 11],13,53,77,40,48
1,<environment.Job instance at 0x7fa8ecf16f50>,7,15,[4 7],8,77,92,69,63
1,<environment.Job instance at 0x7fa8ecf16fa0>,16,20,[3 6],17,77,97,60,69
1,<environment.Job instance at 0x7fa8ecf164b0>,11,15,[ 2 12],12,97,112,85,83
1,<environment.Job instance at 0x7fa8ecf16d20>,25,18,[6 4],26,112,130,86,101
1,<environment.Job instance at 0x7fa8f5d62e10>,31,13,[5 6],32,112,125,80,101
1,<environment.Job instance at 0x7fa8ecf16870>,20,15,[5 5],21,125,140,104,115
1,<environment.Job instance at 0x7fa8f595d550>,34,19,[1 6],35,125,144,90,119
1,<environment.Job instance at 0x7fa8f595d4b0>,39,13,[5 8],40,140,153,100,124
1,<environment.Job instance at 0x7fa8f595d730>,41,17,[2 7],42,144,161,102,132
1,<environment.Job instance at 0x7fa8ed3c9910>,50,14,[9 2],51,153,167,102,138
1,<environment.Job instance at 0x7fa8ed3c9500>,54,22,[5 4],55,161,183,106,155
1,<environment.Job instance at 0x7fa8ed3c9870>,57,16,[5 2],58,167,183,109,155
1,<environment.Job instance at 0x7fa8ed3c90a0>,58,12,[6 4],59,183,195,124,166
1,<environment.Job instance at 0x7fa8ed3c9cd0>,60,13,[1 8],61,168,181,107,168
1,<environment.Job instance at 0x7fa8ecf16cd0>,13,21,[8 3],14,183,204,169,175
1,<environment.Job instance at 0x7fa8ed3c9460>,64,18,[5 8],65,195,213,130,186
1,<environment.Job instance at 0x7fa8f5dc5460>,67,20,[5 7],68,204,224,136,200
1,<environment.Job instance at 0x7fa8f5dc5640>,68,12,[10  4],69,213,225,144,200
1,<environment.Job instance at 0x7fa8ece2ad20>,79,15,[9 2],80,225,240,145,211
1,<environment.Job instance at 0x7fa8ece2a370>,80,14,[2 7],81,224,238,143,211
1,<environment.Job instance at 0x7fa8ece2a820>,81,14,[5 7],82,238,252,156,223
1,<environment.Job instance at 0x7fa8ece2a500>,83,16,[6 2],84,240,256,156,227
1,<environment.Job instance at 0x7fa8ece2a550>,87,14,[2 9],88,252,266,164,237
1,<environment.Job instance at 0x7fa8ece2af50>,94,13,[4 5],95,256,269,161,240
1,<environment.Job instance at 0x7fa8f595dfa0>,35,17,[11  2],36,266,283,230,255
1,<environment.Job instance at 0x7fa8ecee4140>,95,20,[3 7],96,269,289,173,261
1,<environment.Job instance at 0x7fa8ecee4320>,97,17,[8 3],98,283,300,185,271
1,<environment.Job instance at 0x7fa8ecee4780>,99,18,[2 7],100,289,307,189,279
1,<environment.Job instance at 0x7fa8ecee4d70>,108,14,[5 2],109,289,303,180,286
1,<environment.Job instance at 0x7fa8ecee4cd0>,111,15,[6 3],112,300,315,188,286
1,<environment.Job instance at 0x7fa8ecee4460>,112,16,[9 3],113,307,323,194,294
1,<environment.Job instance at 0x7fa8ecfeb910>,121,15,[5 4],122,315,330,193,301
1,<environment.Job instance at 0x7fa8ecfeb1e0>,126,14,[7 3],127,323,337,196,308
1,<environment.Job instance at 0x7fa8ec3a34b0>,135,12,[5 5],136,330,342,194,313
1,<environment.Job instance at 0x7fa8ec75e8c0>,0,23,[3 9],1,337,360,336,331
1,<environment.Job instance at 0x7fa8ecaa2370>,137,19,[1 8],138,360,379,222,350
1,<environment.Job instance at 0x7fa8ebe5c780>,139,17,[8 3],140,350,367,210,350
1,<environment.Job instance at 0x7fa8ebe5c6e0>,141,14,[8 3],142,367,381,225,352
1,<environment.Job instance at 0x7fa8ebe5caa0>,142,13,[10  5],143,381,394,238,365
1,<environment.Job instance at 0x7fa8ec844280>,152,19,[3 6],153,379,398,226,369
1,<environment.Job instance at 0x7fa8ebf629b0>,160,18,[7 4],161,394,412,233,383
1,<environment.Job instance at 0x7fa8ecd4dd20>,166,20,[2 9],167,398,418,231,389
1,<environment.Job instance at 0x7fa8ec688690>,138,20,[7 4],139,412,432,273,403
1,<environment.Job instance at 0x7fa8ecee49b0>,96,26,[3 7],97,1690,1716,1593,1690
1,<environment.Job instance at 0x7fa8f5ecca00>,4,20,[5 3],5,5,25,0,5
1,<environment.Job instance at 0x7fa8ebd287d0>,10,16,[6 3],11,11,27,0,11
1,<environment.Job instance at 0x7fa8ebd28870>,11,14,[11  5],12,27,41,15,12
1,<environment.Job instance at 0x7fa8ebd28410>,13,23,[1 6],14,14,37,0,14
1,<environment.Job instance at 0x7fa8ec7dbc80>,20,14,[5 1],21,41,55,20,26
1,<environment.Job instance at 0x7fa8ec685780>,21,20,[3 8],22,37,57,15,35
1,<environment.Job instance at 0x7fa8ec3a7410>,19,16,[13  1],20,57,73,37,44
1,<environment.Job instance at 0x7fa8ed20ff50>,23,13,[13  5],24,73,86,49,57
1,<environment.Job instance at 0x7fa8ed2ee9b0>,27,12,[14  2],28,86,98,58,69
1,<environment.Job instance at 0x7fa8ec3a7140>,15,12,[10  2],16,98,110,82,81
1,<environment.Job instance at 0x7fa8ec5b8a50>,30,14,[ 4 12],31,98,112,67,83
1,<environment.Job instance at 0x7fa8ebf64c80>,31,16,[3 9],32,112,128,80,99
1,<environment.Job instance at 0x7fa8ec844aa0>,32,22,[5 2],33,110,132,77,103
1,<environment.Job instance at 0x7fa8ec844960>,33,13,[13  2],34,132,145,98,116
1,<environment.Job instance at 0x7fa8ec1e8640>,26,22,[9 5],27,145,167,118,138
1,<environment.Job instance at 0x7fa8ecc7fd20>,36,16,[1 8],37,139,155,102,139
1,<environment.Job instance at 0x7fa8ecf19690>,37,16,[8 3],38,167,183,129,154
1,<environment.Job instance at 0x7fa8ec3c0e10>,42,21,[1 5],43,155,176,112,154
1,<environment.Job instance at 0x7fa8ecccb5a0>,46,12,[2 5],47,155,167,108,154
1,<environment.Job instance at 0x7fa8ed3bbc30>,54,14,[4 8],55,176,190,121,161
1,<environment.Job instance at 0x7fa8ec42e870>,58,13,[4 5],59,183,196,124,167
1,<environment.Job instance at 0x7fa8ecf934b0>,61,14,[10  4],62,190,204,128,175
1,<environment.Job instance at 0x7fa8ecf93d20>,63,20,[8 4],64,204,224,140,195
1,<environment.Job instance at 0x7fa8ec5b8cd0>,28,23,[5 5],29,196,219,167,195
1,<environment.Job instance at 0x7fa8ec97ed20>,68,19,[6 5],69,219,238,150,209
1,<environment.Job instance at 0x7fa8ec97e050>,71,15,[2 7],72,224,239,152,211
1,<environment.Job instance at 0x7fa8ec97ed70>,72,17,[3 5],73,238,255,165,226
1,<environment.Job instance at 0x7fa8ecd7b870>,85,14,[10  1],86,238,252,152,229
1,<environment.Job instance at 0x7fa8ecd7b5a0>,86,12,[9 5],87,252,264,165,235
1,<environment.Job instance at 0x7fa8ecde1cd0>,90,16,[5 4],91,255,271,164,242
1,<environment.Job instance at 0x7fa8ecde1320>,91,18,[7 2],92,264,282,172,253
1,<environment.Job instance at 0x7fa8ec5775f0>,102,19,[2 5],103,264,283,161,257
1,<environment.Job instance at 0x7fa8ebc7abe0>,106,13,[8 4],107,282,295,175,266
1,<environment.Job instance at 0x7fa8ec438370>,107,17,[6 2],108,283,300,175,271
1,<environment.Job instance at 0x7fa8ec438140>,108,16,[6 5],109,295,311,186,282
1,<environment.Job instance at 0x7fa8ebd8b780>,110,19,[4 5],111,300,319,189,290
1,<environment.Job instance at 0x7fa8eccc4f50>,112,16,[6 3],113,311,327,198,298
1,<environment.Job instance at 0x7fa8eccc4370>,114,21,[5 4],115,300,321,185,298
1,<environment.Job instance at 0x7fa8eccc4be0>,115,16,[6 4],116,321,337,205,308
1,<environment.Job instance at 0x7fa8ebd089b0>,119,12,[5 4],120,327,339,207,310
1,<environment.Job instance at 0x7fa8ebd08b90>,122,14,[8 4],123,337,351,214,322
1,<environment.Job instance at 0x7fa8ecb6e140>,126,16,[7 5],127,339,355,212,326
1,<environment.Job instance at 0x7fa8ebc236e0>,130,15,[9 1],131,355,370,224,341
1,<environment.Job instance at 0x7fa8ec844d70>,34,18,[13  5],35,370,388,335,359
1,<environment.Job instance at 0x7fa8eca421e0>,136,20,[10  4],137,388,408,251,379
1,<environment.Job instance at 0x7fa8ebc07050>,139,21,[7 5],140,408,429,268,400
1,<environment.Job instance at 0x7fa8ece47550>,141,13,[5 2],142,400,413,258,400
1,<environment.Job instance at 0x7fa8ebb5df50>,144,18,[6 3],145,413,431,268,402
1,<environment.Job instance at 0x7fa8ec645730>,22,21,[11  4],23,431,452,408,424
1,<environment.Job instance at 0x7fa8ebb5de10>,147,19,[ 4 10],148,429,448,281,427
1,<environment.Job instance at 0x7fa8ebb5dc80>,148,13,[2 7],149,448,461,299,432
1,<environment.Job instance at 0x7fa8ebb5daf0>,149,15,[ 4 13],150,461,476,311,447
1,<environment.Job instance at 0x7fa8ebb5d230>,150,18,[10  1],151,452,470,301,447
1,<environment.Job instance at 0x7fa8ebb5d9b0>,151,25,[9 1],152,470,495,318,466
1,<environment.Job instance at 0x7fa8ebc8e730>,154,14,[1 6],155,476,490,321,466
1,<environment.Job instance at 0x7fa8ebbc1b40>,161,19,[7 3],162,495,514,333,485
1,<environment.Job instance at 0x7fa8ec7e94b0>,164,16,[2 5],165,494,510,329,494
1,<environment.Job instance at 0x7fa8ec2a5aa0>,168,15,[2 5],169,494,509,325,494
1,<environment.Job instance at 0x7fa8ebd7a230>,0,20,[12  3],1,1113,1133,1112,1113
1,<environment.Job instance at 0x7fa8ec97e780>,67,27,[8 5],68,2202,2229,2134,2202
1,<environment.Job instance at 0x7fa8ecbec6e0>,137,23,[9 5],138,2229,2252,2091,2223
1,<environment.Job instance at 0x7fa8eccdf5f0>,0,13,[13  5],1,1,14,0,1
1,<environment.Job instance at 0x7fa8eccdf5a0>,1,14,[ 2 13],2,14,28,12,2
1,<environment.Job instance at 0x7fa8ed21ca00>,4,17,[2 9],5,28,45,23,16
1,<environment.Job instance at 0x7fa8ed21cd70>,7,17,[8 4],8,28,45,20,16
1,<environment.Job instance at 0x7fa8ed21ceb0>,9,14,[5 1],10,16,30,6,16
1,<environment.Job instance at 0x7fa8ed21cf50>,10,14,[2 8],11,45,59,34,30
1,<environment.Job instance at 0x7fa8ed22d190>,13,14,[5 2],14,30,44,16,30
1,<environment.Job instance at 0x7fa8ed22d3c0>,16,15,[8 1],17,45,60,28,31
1,<environment.Job instance at 0x7fa8ed22d460>,17,13,[5 1],18,44,57,26,32
1,<environment.Job instance at 0x7fa8ed22d5f0>,18,18,[ 2 10],19,59,77,40,48
1,<environment.Job instance at 0x7fa8ed22d9b0>,24,15,[5 5],25,60,75,35,48
1,<environment.Job instance at 0x7fa8ed22deb0>,33,18,[6 4],34,75,93,41,64
1,<environment.Job instance at 0x7fa8ed219190>,34,18,[9 1],35,77,95,42,67
1,<environment.Job instance at 0x7fa8ed2192d0>,36,14,[5 7],37,93,107,56,78
1,<environment.Job instance at 0x7fa8ed2193c0>,37,12,[3 8],38,95,107,57,78
1,<environment.Job instance at 0x7fa8ed219be0>,48,13,[2 9],49,107,120,58,91
1,<environment.Job instance at 0x7fa8ed219d70>,51,12,[6 3],52,107,119,55,91
1,<environment.Job instance at 0x7fa8ed219eb0>,53,21,[1 5],54,119,140,65,111
1,<environment.Job instance at 0x7fa8ed219f50>,54,17,[5 1],55,111,128,56,111
1,<environment.Job instance at 0x7fa8ed22b2d0>,59,17,[7 5],60,120,137,60,111
1,<environment.Job instance at 0x7fa8ed22b6e0>,64,12,[3 7],65,137,149,72,120
1,<environment.Job instance at 0x7fa8ed22b140>,68,14,[5 7],69,140,154,71,125
1,<environment.Job instance at 0x7fa8ed22bc30>,72,13,[9 3],73,149,162,76,133
1,<environment.Job instance at 0x7fa8ed22bd70>,74,13,[5 5],75,154,167,79,138
1,<environment.Job instance at 0x7fa8ed21cc30>,5,15,[ 2 13],6,167,182,161,153
1,<environment.Job instance at 0x7fa8ed22b820>,78,19,[14  2],79,182,201,103,172
1,<environment.Job instance at 0x7fa8ed22bf50>,77,20,[4 9],78,201,221,123,192
1,<environment.Job instance at 0x7fa8ed21f500>,84,19,[7 5],85,201,220,116,192
1,<environment.Job instance at 0x7fa8ed21f6e0>,87,21,[4 5],88,220,241,132,212
1,<environment.Job instance at 0x7fa8ed21f780>,88,16,[10  1],89,221,237,132,212
1,<environment.Job instance at 0x7fa8ed21f820>,89,18,[8 2],90,237,255,147,226
1,<environment.Job instance at 0x7fa8ed21faf0>,92,21,[8 4],93,255,276,162,247
1,<environment.Job instance at 0x7fa8ed21ff00>,98,15,[7 4],99,247,262,148,247
1,<environment.Job instance at 0x7fa8ed21ffa0>,99,14,[4 7],100,262,276,162,247
1,<environment.Job instance at 0x7fa8ed21faa0>,100,19,[5 2],101,276,295,175,266
1,<environment.Job instance at 0x7fa8ed1f91e0>,102,17,[6 5],103,276,293,173,266
1,<environment.Job instance at 0x7fa8ed1f9640>,109,18,[2 5],110,276,294,166,268
1,<environment.Job instance at 0x7fa8ed1f9050>,111,21,[2 6],112,293,314,181,285
1,<environment.Job instance at 0x7fa8ed1f9b40>,115,15,[9 4],116,295,310,179,285
1,<environment.Job instance at 0x7fa8ed1f9be0>,116,15,[4 7],117,310,325,193,296
1,<environment.Job instance at 0x7fa8ed1f9f50>,120,18,[5 5],121,314,332,193,303
1,<environment.Job instance at 0x7fa8ed205500>,127,15,[8 2],128,325,340,197,311
1,<environment.Job instance at 0x7fa8ed21b9b0>,131,16,[8 3],132,340,356,208,327
1,<environment.Job instance at 0x7fa8ed21baf0>,132,16,[4 6],133,332,348,199,327
1,<environment.Job instance at 0x7fa8ec28ebe0>,138,17,[3 8],139,348,365,209,336
1,<environment.Job instance at 0x7fa8ed21b190>,140,16,[3 7],141,356,372,215,343
1,<environment.Job instance at 0x7fa8ec2aa190>,141,18,[5 5],142,365,383,223,354
1,<environment.Job instance at 0x7fa8ecb18cd0>,142,14,[5 7],143,372,386,229,357
1,<environment.Job instance at 0x7fa8ed2f9d20>,144,16,[4 7],145,383,399,238,370
1,<environment.Job instance at 0x7fa8ec37bbe0>,146,14,[1 6],147,386,400,239,371
1,<environment.Job instance at 0x7fa8ed231410>,153,18,[6 5],154,399,417,245,388
1,<environment.Job instance at 0x7fa8ed231af0>,157,15,[10  5],158,417,432,259,403
1,<environment.Job instance at 0x7fa8ed2dbaf0>,162,16,[1 8],163,403,419,240,403
1,<environment.Job instance at 0x7fa8ed2f0f00>,163,12,[3 7],164,419,431,255,403
1,<environment.Job instance at 0x7fa8ebf647d0>,2,23,[ 3 14],3,1552,1575,1549,1552
1,<environment.Job instance at 0x7fa8ed21f190>,79,20,[ 5 12],80,1575,1595,1495,1566
1,<environment.Job instance at 0x7fa8ecbec6e0>,3,16,[13  3],4,1595,1611,1591,1583
1,<environment.Job instance at 0x7fa8ed2cb730>,0,27,[ 4 12],1,1,28,0,1
1,<environment.Job instance at 0x7fa8ecaa6cd0>,3,15,[2 7],4,28,43,24,14
1,<environment.Job instance at 0x7fa8ec6a1730>,19,22,[ 2 11],20,43,65,23,36
1,<environment.Job instance at 0x7fa8ec6a1f00>,20,14,[8 2],21,36,50,15,36
1,<environment.Job instance at 0x7fa8ec6a1c30>,23,18,[4 5],24,65,83,41,54
1,<environment.Job instance at 0x7fa8ec6a1b40>,25,13,[4 6],26,65,78,39,54
1,<environment.Job instance at 0x7fa8ec6a1960>,29,17,[10  4],30,78,95,48,66
1,<environment.Job instance at 0x7fa8ec1ed230>,33,16,[3 5],34,83,99,49,70
1,<environment.Job instance at 0x7fa8ec1edc80>,38,21,[9 5],39,95,116,56,87
1,<environment.Job instance at 0x7fa8ec1eddc0>,40,14,[9 5],41,116,130,75,101
1,<environment.Job instance at 0x7fa8ec11f690>,42,24,[1 5],43,101,125,58,101
1,<environment.Job instance at 0x7fa8ec6a10f0>,15,19,[3 8],16,125,144,109,120
1,<environment.Job instance at 0x7fa8ec11f6e0>,44,17,[10  3],45,130,147,85,120
1,<environment.Job instance at 0x7fa8ec11fbe0>,45,24,[7 4],46,147,171,101,142
1,<environment.Job instance at 0x7fa8ec11f190>,47,12,[4 7],48,144,156,96,142
1,<environment.Job instance at 0x7fa8ec11f780>,48,15,[6 4],49,156,171,107,142
1,<environment.Job instance at 0x7fa8ec11f550>,49,17,[3 8],50,171,188,121,159
1,<environment.Job instance at 0x7fa8ed2cba50>,1,22,[6 4],2,171,193,169,167
1,<environment.Job instance at 0x7fa8ec11f5a0>,50,15,[ 5 10],51,188,203,137,175
1,<environment.Job instance at 0x7fa8ec11fd20>,43,21,[9 5],44,193,214,149,185
1,<environment.Job instance at 0x7fa8ec8680f0>,55,17,[9 5],56,214,231,158,202
1,<environment.Job instance at 0x7fa8ec868190>,52,17,[ 2 10],53,204,221,151,204
1,<environment.Job instance at 0x7fa8eccd1af0>,61,15,[5 5],62,221,236,159,207
1,<environment.Job instance at 0x7fa8eccd13c0>,63,18,[5 9],64,231,249,167,220
1,<environment.Job instance at 0x7fa8ecc11b40>,67,20,[3 6],68,236,256,168,227
1,<environment.Job instance at 0x7fa8ecc11640>,73,16,[7 4],74,249,265,175,236
1,<environment.Job instance at 0x7fa8ec6461e0>,84,14,[3 5],85,249,263,164,236
1,<environment.Job instance at 0x7fa8ecc0e7d0>,93,13,[7 3],94,263,276,169,247
1,<environment.Job instance at 0x7fa8eca6bb90>,98,16,[4 8],99,265,281,166,252
1,<environment.Job instance at 0x7fa8ecebd140>,100,18,[10  3],101,276,294,175,265
1,<environment.Job instance at 0x7fa8ed007eb0>,104,18,[7 4],105,294,312,189,283
1,<environment.Job instance at 0x7fa8ec868af0>,51,19,[5 4],52,284,303,232,284
1,<environment.Job instance at 0x7fa8ece15f50>,108,15,[1 5],109,294,309,185,284
1,<environment.Job instance at 0x7fa8ecf14d70>,114,21,[6 3],115,303,324,188,295
1,<environment.Job instance at 0x7fa8ecf14550>,116,17,[10  5],117,324,341,207,312
1,<environment.Job instance at 0x7fa8eca355a0>,119,17,[1 7],120,313,330,193,313
1,<environment.Job instance at 0x7fa8ed395370>,109,27,[4 5],110,330,357,220,328
1,<environment.Job instance at 0x7fa8eca354b0>,125,18,[9 3],126,341,359,215,330
1,<environment.Job instance at 0x7fa8ecfe05f0>,128,17,[3 5],129,357,374,228,345
1,<environment.Job instance at 0x7fa8ecdc1e60>,139,14,[4 9],140,359,373,219,345
1,<environment.Job instance at 0x7fa8ecfe0c80>,140,17,[10  3],141,373,390,232,361
1,<environment.Job instance at 0x7fa8eca35be0>,126,17,[1 6],127,373,390,246,368
1,<environment.Job instance at 0x7fa8ed336f00>,142,18,[9 2],143,390,408,247,379
1,<environment.Job instance at 0x7fa8ebb81af0>,60,19,[ 1 12],61,390,409,329,380
1,<environment.Job instance at 0x7fa8ec893960>,145,16,[4 8],146,409,425,263,397
1,<environment.Job instance at 0x7fa8ecaa6b40>,11,21,[ 4 13],12,425,446,413,417
1,<environment.Job instance at 0x7fa8eceb9500>,152,21,[9 3],153,446,467,293,438
1,<environment.Job instance at 0x7fa8eceb9910>,155,17,[4 6],156,446,463,290,438
1,<environment.Job instance at 0x7fa8eceb91e0>,157,21,[3 7],158,463,484,305,455
1,<environment.Job instance at 0x7fa8eceb9280>,158,15,[ 3 10],159,484,499,325,471
1,<environment.Job instance at 0x7fa8eceb9cd0>,160,20,[1 9],161,499,519,338,490
1,<environment.Job instance at 0x7fa8ece43c80>,163,14,[5 5],164,490,504,326,490
1,<environment.Job instance at 0x7fa8eceb9230>,146,14,[13  4],147,504,518,357,494
1,<environment.Job instance at 0x7fa8ece439b0>,167,12,[1 8],168,519,531,351,502
1,<environment.Job instance at 0x7fa8ece43c30>,168,19,[5 8],169,585,604,416,585
1,<environment.Job instance at 0x7fa8ed3363c0>,143,24,[9 1],144,585,609,441,585
1,<environment.Job instance at 0x7fa8eceb96e0>,149,18,[ 2 13],150,623,641,473,623
1,<environment.Job instance at 0x7fa8ebf20d70>,2,22,[2 8],3,3,25,0,3
1,<environment.Job instance at 0x7fa8ebf20c30>,4,25,[3 5],5,5,30,0,5
1,<environment.Job instance at 0x7fa8ebf20dc0>,6,15,[11  2],7,25,40,18,11
1,<environment.Job instance at 0x7fa8ecbcd410>,10,28,[2 5],11,30,58,19,29
1,<environment.Job instance at 0x7fa8ebf20230>,0,27,[ 2 12],1,58,85,57,56
1,<environment.Job instance at 0x7fa8ecbcd5f0>,21,15,[12  3],22,56,71,34,56
1,<environment.Job instance at 0x7fa8ecbcd320>,22,19,[5 5],23,85,104,62,76
1,<environment.Job instance at 0x7fa8ecbcd370>,20,20,[2 8],21,85,105,64,84
1,<environment.Job instance at 0x7fa8ece64a00>,33,14,[7 3],34,104,118,70,89
1,<environment.Job instance at 0x7fa8ece645a0>,38,19,[8 4],39,105,124,66,98
1,<environment.Job instance at 0x7fa8ebf20640>,8,27,[ 4 14],9,124,151,115,122
1,<environment.Job instance at 0x7fa8ecba8730>,101,18,[6 5],102,151,169,49,140
1,<environment.Job instance at 0x7fa8ecba8550>,102,17,[8 5],103,151,168,48,140
1,<environment.Job instance at 0x7fa8ecba8140>,105,16,[5 8],106,168,184,62,158
1,<environment.Job instance at 0x7fa8ebb0a550>,114,16,[4 6],115,169,185,54,164
1,<environment.Job instance at 0x7fa8ece64230>,41,26,[13  2],42,185,211,143,182
1,<environment.Job instance at 0x7fa8ecbcdaf0>,23,22,[14  3],24,211,233,187,204
1,<environment.Job instance at 0x7fa8ef429dc0>,168,17,[4 8],169,250,267,81,250
1,<environment.Job instance at 0x7fa8ecbcdf50>,17,21,[12  2],18,267,288,249,259
1,<environment.Job instance at 0x7fa8ec89cf00>,1,13,[13  4],2,10,23,8,10
1,<environment.Job instance at 0x7fa8ef40ef50>,12,22,[1 8],13,13,35,0,13
1,<environment.Job instance at 0x7fa8ef40ed20>,13,15,[3 7],14,23,38,9,14
1,<environment.Job instance at 0x7fa8ef40e820>,14,15,[10  3],15,35,50,20,21
1,<environment.Job instance at 0x7fa8ef40efa0>,18,19,[9 2],19,50,69,31,40
1,<environment.Job instance at 0x7fa8ef40e370>,20,20,[2 5],21,40,60,19,40
1,<environment.Job instance at 0x7fa8ef40e730>,21,21,[1 7],22,40,61,18,40
1,<environment.Job instance at 0x7fa8ef40eb90>,22,17,[10  3],23,69,86,46,57
1,<environment.Job instance at 0x7fa8ecef2cd0>,24,16,[9 2],25,86,102,61,73
1,<environment.Job instance at 0x7fa8ecef25a0>,30,22,[3 9],31,73,95,42,73
1,<environment.Job instance at 0x7fa8ecef2eb0>,31,12,[1 7],32,95,107,63,78
1,<environment.Job instance at 0x7fa8ecef2140>,39,14,[9 1],40,102,116,62,87
1,<environment.Job instance at 0x7fa8ecef2730>,40,15,[2 5],41,95,110,54,87
1,<environment.Job instance at 0x7fa8eceb12d0>,47,12,[7 5],48,116,128,68,99
1,<environment.Job instance at 0x7fa8eceb11e0>,49,20,[ 4 10],50,110,130,60,102
1,<environment.Job instance at 0x7fa8eceb1140>,50,21,[4 7],51,130,151,79,122
1,<environment.Job instance at 0x7fa8eceb1370>,51,16,[6 1],52,128,144,76,122
1,<environment.Job instance at 0x7fa8eceb1640>,52,12,[7 4],53,144,156,91,127
1,<environment.Job instance at 0x7fa8eceb1500>,53,13,[6 3],54,151,164,97,135
1,<environment.Job instance at 0x7fa8eceb1960>,54,13,[1 7],55,151,164,96,135
1,<environment.Job instance at 0x7fa8eceb1780>,58,18,[4 5],59,156,174,97,145
1,<environment.Job instance at 0x7fa8ebd66eb0>,60,17,[8 3],61,164,181,103,152
1,<environment.Job instance at 0x7fa8ebd667d0>,61,14,[9 3],62,181,195,119,166
1,<environment.Job instance at 0x7fa8ebd66820>,69,15,[3 5],70,166,181,96,166
1,<environment.Job instance at 0x7fa8ebd66f50>,72,21,[4 7],73,174,195,101,166
1,<environment.Job instance at 0x7fa8ebd661e0>,74,18,[5 5],75,195,213,120,184
1,<environment.Job instance at 0x7fa8ebd66a50>,75,15,[ 1 10],76,195,210,119,184
1,<environment.Job instance at 0x7fa8ebd665a0>,77,18,[9 2],78,210,228,132,199
1,<environment.Job instance at 0x7fa8ec1759b0>,82,23,[5 5],83,213,236,130,207
1,<environment.Job instance at 0x7fa8ec1751e0>,86,24,[5 2],87,228,252,141,223
1,<environment.Job instance at 0x7fa8ec175140>,90,17,[2 7],91,228,245,137,223
1,<environment.Job instance at 0x7fa8ec175460>,92,20,[10  2],93,245,265,152,236
1,<environment.Job instance at 0x7fa8ec175500>,93,15,[ 4 10],94,252,267,158,238
1,<environment.Job instance at 0x7fa8ec175dc0>,95,18,[1 7],96,267,285,171,256
1,<environment.Job instance at 0x7fa8ec175960>,98,17,[4 5],99,265,282,166,256
1,<environment.Job instance at 0x7fa8ebd08fa0>,102,20,[1 5],103,282,302,179,273
1,<environment.Job instance at 0x7fa8ebd08a50>,105,13,[8 1],106,273,286,167,273
1,<environment.Job instance at 0x7fa8ed3bba50>,106,14,[1 6],107,285,299,178,273
1,<environment.Job instance at 0x7fa8ed3bb370>,107,13,[6 3],108,286,299,178,273
1,<environment.Job instance at 0x7fa8ed3bb5a0>,110,20,[3 8],111,299,319,188,290
1,<environment.Job instance at 0x7fa8ed3bb2d0>,112,12,[5 9],113,319,331,206,302
1,<environment.Job instance at 0x7fa8ed3bb230>,113,23,[9 3],114,302,325,188,302
1,<environment.Job instance at 0x7fa8ed3bb690>,114,17,[5 3],115,325,342,210,313
1,<environment.Job instance at 0x7fa8ed3bb550>,116,12,[5 7],117,331,343,214,314
1,<environment.Job instance at 0x7fa8ed3bb6e0>,121,15,[1 6],122,342,357,220,328
1,<environment.Job instance at 0x7fa8ed3bbb40>,122,21,[2 6],123,343,364,220,335
1,<environment.Job instance at 0x7fa8ebe3fb40>,126,20,[9 3],127,343,363,216,335
1,<environment.Job instance at 0x7fa8f59a2eb0>,133,16,[8 2],134,363,379,229,350
1,<environment.Job instance at 0x7fa8ed1cb190>,135,14,[7 1],136,364,378,228,350
1,<environment.Job instance at 0x7fa8ebde5fa0>,137,22,[2 6],138,378,400,240,371
1,<environment.Job instance at 0x7fa8ec6ad0a0>,138,17,[5 5],139,378,395,239,371
1,<environment.Job instance at 0x7fa8ebf5a280>,139,16,[5 5],140,395,411,255,382
1,<environment.Job instance at 0x7fa8ed1479b0>,140,20,[1 5],141,400,420,259,391
1,<environment.Job instance at 0x7fa8ec7e6910>,141,23,[7 5],142,400,423,258,394
1,<environment.Job instance at 0x7fa8ecc8ca00>,142,17,[9 1],143,423,440,280,411
1,<environment.Job instance at 0x7fa8ec7e6780>,143,18,[11  4],144,440,458,296,429
1,<environment.Job instance at 0x7fa8ec670320>,148,18,[1 8],149,433,451,284,433
1,<environment.Job instance at 0x7fa8ec670230>,152,20,[3 5],153,451,471,298,442
1,<environment.Job instance at 0x7fa8ec7564b0>,153,18,[7 1],154,458,476,304,447
1,<environment.Job instance at 0x7fa8ebbe1f50>,154,21,[8 2],155,471,492,316,463
1,<environment.Job instance at 0x7fa8ecb282d0>,156,18,[7 4],157,476,494,319,465
1,<environment.Job instance at 0x7fa8ebbe1410>,159,22,[3 7],160,492,514,332,485
1,<environment.Job instance at 0x7fa8ebf17d70>,160,21,[5 3],161,492,513,331,485
1,<environment.Job instance at 0x7fa8ecb51050>,161,21,[1 7],162,513,534,351,505
1,<environment.Job instance at 0x7fa8ec1dcb90>,162,14,[3 7],163,514,528,351,505
1,<environment.Job instance at 0x7fa8ebeb20f0>,165,12,[8 5],166,528,540,362,511
1,<environment.Job instance at 0x7fa8ed1bd4b0>,167,19,[6 2],168,528,547,360,518
1,<environment.Job instance at 0x7fa8ebeb24b0>,168,18,[10  2],169,547,565,378,536
1,<environment.Job instance at 0x7fa8ef40e050>,15,18,[13  4],16,566,584,550,566
1,<environment.Job instance at 0x7fa8ec67c230>,0,17,[ 2 14],1,584,601,583,572
1,<environment.Job instance at 0x7fa8ef40ecd0>,16,24,[12  2],17,1298,1322,1281,1298
1,<environment.Job instance at 0x7fa8ecbcdf50>,10,24,[9 1],11,1322,1346,1311,1317
1,<environment.Job instance at 0x7fa8ed2ee050>,0,14,[11  1],1,1,15,0,1
1,<environment.Job instance at 0x7fa8ec95e320>,5,22,[5 1],6,15,37,9,8
1,<environment.Job instance at 0x7fa8ec5ebb40>,12,22,[5 5],13,15,37,2,13
1,<environment.Job instance at 0x7fa8ec5eb910>,13,16,[1 9],14,14,30,0,14
1,<environment.Job instance at 0x7fa8ed3df190>,24,25,[1 9],25,30,55,5,26
1,<environment.Job instance at 0x7fa8ed3df2d0>,25,25,[11  1],26,37,62,11,33
1,<environment.Job instance at 0x7fa8ed3df640>,30,15,[8 4],31,62,77,31,48
1,<environment.Job instance at 0x7fa8ed3df780>,32,15,[2 8],33,55,70,22,52
1,<environment.Job instance at 0x7fa8ed3df410>,33,17,[2 7],34,70,87,36,59
1,<environment.Job instance at 0x7fa8ed3df6e0>,31,22,[12  5],32,77,99,45,71
1,<environment.Job instance at 0x7fa8ed3dfd70>,40,21,[ 4 14],41,99,120,58,91
1,<environment.Job instance at 0x7fa8ed3dfe10>,41,23,[ 2 11],42,120,143,78,114
1,<environment.Job instance at 0x7fa8ec5ebf00>,23,24,[10  3],24,120,144,96,118
1,<environment.Job instance at 0x7fa8ec5eb190>,19,16,[9 4],20,144,160,124,133
1,<environment.Job instance at 0x7fa8ed3dffa0>,44,12,[ 2 13],45,160,172,115,143
1,<environment.Job instance at 0x7fa8ed3dff00>,45,26,[6 1],46,144,170,98,144
1,<environment.Job instance at 0x7fa8ed3df8c0>,46,12,[9 5],47,172,184,125,160
1,<environment.Job instance at 0x7fa8ed2ee2d0>,1,21,[14  1],2,184,205,182,176
1,<environment.Job instance at 0x7fa8ec96d280>,49,15,[7 3],50,205,220,155,191
1,<environment.Job instance at 0x7fa8ec96d370>,50,15,[11  4],51,220,235,169,206
1,<environment.Job instance at 0x7fa8ec96d140>,51,13,[ 2 14],52,235,248,183,219
1,<environment.Job instance at 0x7fa8ec96d500>,52,14,[ 1 10],53,219,233,166,219
1,<environment.Job instance at 0x7fa8ed3dfcd0>,39,21,[8 2],40,248,269,208,242
1,<environment.Job instance at 0x7fa8ec96d5a0>,55,18,[2 7],56,248,266,192,246
1,<environment.Job instance at 0x7fa8ec96d7d0>,57,12,[1 9],58,266,278,208,260
1,<environment.Job instance at 0x7fa8ec96d910>,59,18,[8 3],60,269,287,209,260
1,<environment.Job instance at 0x7fa8ed3dff50>,43,27,[ 3 13],44,287,314,243,285
1,<environment.Job instance at 0x7fa8ec97c460>,74,17,[8 3],75,314,331,239,302
1,<environment.Job instance at 0x7fa8ec97c5a0>,76,14,[5 6],77,314,328,237,312
1,<environment.Job instance at 0x7fa8ec96dc80>,64,19,[13  1],65,331,350,266,321
1,<environment.Job instance at 0x7fa8ec97c960>,82,14,[5 7],83,350,364,267,336
1,<environment.Job instance at 0x7fa8ec9841e0>,93,17,[10  1],94,350,367,256,345
1,<environment.Job instance at 0x7fa8ec9843c0>,96,22,[3 5],97,364,386,267,363
1,<environment.Job instance at 0x7fa8ec984500>,98,16,[6 3],99,367,383,268,363
1,<environment.Job instance at 0x7fa8ec5fafa0>,102,16,[6 1],103,367,383,264,363
1,<environment.Job instance at 0x7fa8ec5a76e0>,107,17,[4 8],108,383,400,275,371
1,<environment.Job instance at 0x7fa8ec97c820>,80,25,[11  4],81,386,411,305,382
1,<environment.Job instance at 0x7fa8ec98af00>,116,18,[12  1],117,411,429,294,400
1,<environment.Job instance at 0x7fa8ec98a6e0>,117,14,[ 4 14],118,429,443,311,414
1,<environment.Job instance at 0x7fa8ec81aeb0>,124,18,[5 5],125,443,461,318,432
1,<environment.Job instance at 0x7fa8ecaecf00>,127,16,[5 6],128,443,459,315,432
1,<environment.Job instance at 0x7fa8ecaf0410>,128,21,[5 5],129,459,480,330,451
1,<environment.Job instance at 0x7fa8ec83daa0>,130,13,[4 7],131,461,474,330,451
1,<environment.Job instance at 0x7fa8ec52af50>,133,15,[5 5],134,474,489,340,460
1,<environment.Job instance at 0x7fa8ec98a0a0>,118,15,[3 6],119,480,495,361,466
1,<environment.Job instance at 0x7fa8ec52ad20>,136,14,[5 8],137,489,503,352,474
1,<environment.Job instance at 0x7fa8ec52a910>,140,20,[5 5],141,495,515,354,487
1,<environment.Job instance at 0x7fa8ec52aaa0>,142,13,[6 3],143,503,516,360,487
1,<environment.Job instance at 0x7fa8ec52a6e0>,137,14,[ 5 11],138,515,529,377,501
1,<environment.Job instance at 0x7fa8ec51f640>,148,24,[13  4],149,529,553,380,524
1,<environment.Job instance at 0x7fa8ec51f320>,150,19,[14  4],151,553,572,402,543
1,<environment.Job instance at 0x7fa8ec51f780>,151,12,[5 4],152,572,584,420,555
1,<environment.Job instance at 0x7fa8ec51f460>,149,19,[3 9],150,572,591,422,566
1,<environment.Job instance at 0x7fa8ec51ae60>,156,16,[2 6],157,584,600,427,571
1,<environment.Job instance at 0x7fa8ec51a960>,157,12,[9 2],158,591,603,433,574
1,<environment.Job instance at 0x7fa8ec96d460>,53,26,[14  1],54,609,635,555,609
1,<environment.Job instance at 0x7fa8ed3dfd20>,2,16,[13  3],3,4,20,1,4
1,<environment.Job instance at 0x7fa8f5a82190>,6,18,[3 8],7,20,38,13,9
1,<environment.Job instance at 0x7fa8ecbe5690>,0,18,[1 6],1,9,27,8,9
1,<environment.Job instance at 0x7fa8ecec1aa0>,10,15,[5 6],11,27,42,16,13
1,<environment.Job instance at 0x7fa8f5a827d0>,9,12,[ 1 13],10,42,54,32,25
1,<environment.Job instance at 0x7fa8ecf77fa0>,25,19,[8 5],26,54,73,28,44
1,<environment.Job instance at 0x7fa8ecf77f00>,28,20,[ 5 10],29,54,74,25,45
1,<environment.Job instance at 0x7fa8ecf774b0>,31,21,[5 2],32,73,94,41,65
1,<environment.Job instance at 0x7fa8ecf77460>,32,20,[3 6],33,74,94,41,65
1,<environment.Job instance at 0x7fa8ecf778c0>,33,16,[1 5],34,74,90,40,65
1,<environment.Job instance at 0x7fa8ebfa82d0>,34,19,[6 2],35,74,93,39,65
1,<environment.Job instance at 0x7fa8ebfa8500>,36,23,[5 5],37,93,116,56,87
1,<environment.Job instance at 0x7fa8ebfa8cd0>,37,20,[5 3],38,94,114,56,87
1,<environment.Job instance at 0x7fa8ebfa8a50>,41,12,[1 9],42,114,126,72,97
1,<environment.Job instance at 0x7fa8ed314e60>,48,16,[7 3],49,116,132,67,103
1,<environment.Job instance at 0x7fa8ed314e10>,50,23,[2 7],51,126,149,75,120
1,<environment.Job instance at 0x7fa8ed314f00>,52,17,[10  5],53,132,149,79,120
1,<environment.Job instance at 0x7fa8eca68b40>,55,14,[8 3],56,149,163,93,134
1,<environment.Job instance at 0x7fa8eca687d0>,57,17,[9 4],58,163,180,105,151
1,<environment.Job instance at 0x7fa8eca68d70>,58,16,[10  4],59,180,196,121,168
1,<environment.Job instance at 0x7fa8eca68500>,63,19,[ 5 10],64,168,187,104,168
1,<environment.Job instance at 0x7fa8ec29d050>,65,16,[2 6],66,187,203,121,174
1,<environment.Job instance at 0x7fa8ec29de10>,70,14,[5 6],71,196,210,125,181
1,<environment.Job instance at 0x7fa8ec29db40>,72,24,[1 8],73,203,227,130,198
1,<environment.Job instance at 0x7fa8ec29d230>,73,20,[ 5 10],74,227,247,153,218
1,<environment.Job instance at 0x7fa8ec29de60>,74,13,[6 4],75,218,231,143,218
1,<environment.Job instance at 0x7fa8ec29d280>,75,15,[9 3],76,231,246,155,218
1,<environment.Job instance at 0x7fa8ec29d5f0>,76,12,[5 1],77,246,258,169,229
1,<environment.Job instance at 0x7fa8ebe39550>,77,16,[7 4],78,247,263,169,234
1,<environment.Job instance at 0x7fa8ebe39780>,78,19,[8 2],79,258,277,179,248
1,<environment.Job instance at 0x7fa8ebe39f50>,81,16,[7 5],82,263,279,181,250
1,<environment.Job instance at 0x7fa8ecf2e3c0>,4,22,[3 5],5,277,299,272,273
1,<environment.Job instance at 0x7fa8ec83ef50>,85,23,[5 7],86,279,302,193,273
1,<environment.Job instance at 0x7fa8ec83ef00>,86,13,[5 5],87,299,312,212,283
1,<environment.Job instance at 0x7fa8ec83e0f0>,89,14,[3 7],90,302,316,212,287
1,<environment.Job instance at 0x7fa8ec83e730>,90,18,[1 5],91,312,330,221,301
1,<environment.Job instance at 0x7fa8ed2697d0>,97,18,[11  3],98,312,330,214,301
1,<environment.Job instance at 0x7fa8ed269910>,98,17,[3 5],99,316,333,217,304
1,<environment.Job instance at 0x7fa8ece0f460>,101,21,[6 2],102,330,351,228,322
1,<environment.Job instance at 0x7fa8ece0f2d0>,104,13,[10  4],105,351,364,246,335
1,<environment.Job instance at 0x7fa8ece0f8c0>,106,12,[ 3 10],107,335,347,228,335
1,<environment.Job instance at 0x7fa8ece0f370>,108,12,[8 1],109,364,376,255,347
1,<environment.Job instance at 0x7fa8ebaba370>,109,22,[4 8],110,347,369,237,347
1,<environment.Job instance at 0x7fa8ebaba820>,117,14,[5 6],118,369,383,251,354
1,<environment.Job instance at 0x7fa8ebabaeb0>,121,12,[7 5],122,376,388,254,359
1,<environment.Job instance at 0x7fa8ebaba9b0>,124,16,[10  5],125,388,404,263,375
1,<environment.Job instance at 0x7fa8ebaba7d0>,126,13,[6 3],127,404,417,277,388
1,<environment.Job instance at 0x7fa8ebababe0>,127,15,[10  3],128,417,432,289,403
1,<environment.Job instance at 0x7fa8ebac0aa0>,128,12,[3 9],129,403,415,274,403
1,<environment.Job instance at 0x7fa8ec1c5e60>,130,18,[2 9],131,415,433,284,404
1,<environment.Job instance at 0x7fa8ebd9c190>,136,22,[8 4],137,432,454,295,425
1,<environment.Job instance at 0x7fa8ec4c1690>,141,18,[ 1 10],142,433,451,291,425
1,<environment.Job instance at 0x7fa8ec37f320>,145,23,[5 4],146,451,474,305,445
1,<environment.Job instance at 0x7fa8ebd10a00>,147,13,[5 8],148,454,467,306,445
1,<environment.Job instance at 0x7fa8ec470af0>,148,16,[5 2],149,454,470,305,445
1,<environment.Job instance at 0x7fa8ec012960>,150,13,[5 5],151,467,480,316,451
1,<environment.Job instance at 0x7fa8ec1ad7d0>,154,23,[6 2],155,474,497,319,468
1,<environment.Job instance at 0x7fa8ecff9500>,155,19,[6 5],156,480,499,324,470
1,<environment.Job instance at 0x7fa8ed1ab550>,156,17,[9 4],157,497,514,340,485
1,<environment.Job instance at 0x7fa8ed3dbdc0>,160,21,[7 1],161,514,535,353,506
1,<environment.Job instance at 0x7fa8f5ecf7d0>,164,22,[2 8],165,506,528,341,506
1,<environment.Job instance at 0x7fa8ec7d8d70>,168,17,[5 2],169,514,531,345,509
1,<environment.Job instance at 0x7fa8ecec1690>,12,19,[ 2 14],13,531,550,518,524
1,<environment.Job instance at 0x7fa8f59c3d70>,1,14,[12  4],2,2,16,0,2
1,<environment.Job instance at 0x7fa8ebfe7af0>,2,12,[9 4],3,16,28,13,3
1,<environment.Job instance at 0x7fa8ebfe7a50>,3,19,[2 8],4,4,23,0,4
1,<environment.Job instance at 0x7fa8ebfe7780>,9,13,[12  1],10,28,41,18,12
1,<environment.Job instance at 0x7fa8ebfe7f00>,10,14,[3 5],11,23,37,12,12
1,<environment.Job instance at 0x7fa8ebfe7190>,8,17,[9 1],9,41,58,32,29
1,<environment.Job instance at 0x7fa8ebfe7c80>,12,18,[13  5],13,58,76,45,47
1,<environment.Job instance at 0x7fa8ed313460>,18,17,[8 4],19,76,93,57,64
1,<environment.Job instance at 0x7fa8ed313e60>,16,18,[5 9],17,76,94,59,67
1,<environment.Job instance at 0x7fa8ebfe7960>,4,16,[4 9],5,94,110,89,82
1,<environment.Job instance at 0x7fa8ed2ece10>,59,20,[8 1],60,93,113,33,84
1,<environment.Job instance at 0x7fa8ec5d1c80>,83,13,[6 2],84,110,123,26,96
1,<environment.Job instance at 0x7fa8ebfd7140>,60,17,[ 2 12],61,113,130,52,101
1,<environment.Job instance at 0x7fa8ec5d1eb0>,85,14,[2 9],86,130,144,44,115
1,<environment.Job instance at 0x7fa8f5a82820>,88,16,[5 4],89,130,146,41,117
1,<environment.Job instance at 0x7fa8ec44d8c0>,90,14,[5 2],91,123,137,32,117
1,<environment.Job instance at 0x7fa8ecaa2c80>,87,23,[8 5],88,144,167,56,138
1,<environment.Job instance at 0x7fa8ecdfb5a0>,97,15,[14  3],98,167,182,69,153
1,<environment.Job instance at 0x7fa8f59c3c30>,0,25,[ 1 11],1,167,192,166,164
1,<environment.Job instance at 0x7fa8ed1bd280>,98,18,[4 6],99,192,210,93,181
1,<environment.Job instance at 0x7fa8ed1bde10>,100,12,[5 5],101,192,204,91,181
1,<environment.Job instance at 0x7fa8ec455730>,101,14,[ 1 14],102,210,224,108,195
1,<environment.Job instance at 0x7fa8ec8625f0>,102,16,[4 9],103,224,240,121,211
1,<environment.Job instance at 0x7fa8ec8627d0>,103,14,[11  4],104,224,238,120,211
1,<environment.Job instance at 0x7fa8eca94320>,109,14,[5 6],110,238,252,128,223
1,<environment.Job instance at 0x7fa8eca94640>,111,15,[9 3],112,245,260,133,245
1,<environment.Job instance at 0x7fa8eca940f0>,117,13,[5 6],118,252,265,134,245
1,<environment.Job instance at 0x7fa8eca94550>,118,16,[9 3],119,260,276,141,247
1,<environment.Job instance at 0x7fa8eca945a0>,121,14,[5 8],122,265,279,143,250
1,<environment.Job instance at 0x7fa8ebbcdfa0>,104,17,[ 1 14],105,279,296,174,267
1,<environment.Job instance at 0x7fa8ebdc2230>,99,23,[ 4 10],100,296,319,196,290
1,<environment.Job instance at 0x7fa8eca94730>,125,12,[4 5],126,296,308,170,290
1,<environment.Job instance at 0x7fa8eca94d20>,123,17,[7 1],124,308,325,184,301
1,<environment.Job instance at 0x7fa8ed21f2d0>,129,16,[7 2],130,319,335,189,306
1,<environment.Job instance at 0x7fa8ec763050>,130,21,[1 5],131,319,340,188,311
1,<environment.Job instance at 0x7fa8ebbbdb40>,134,18,[2 7],135,325,343,190,314
1,<environment.Job instance at 0x7fa8eca20d70>,136,15,[8 5],137,340,355,203,326
1,<environment.Job instance at 0x7fa8eca943c0>,126,23,[9 3],127,355,378,228,349
1,<environment.Job instance at 0x7fa8ebf76370>,138,28,[ 1 13],139,378,406,239,377
1,<environment.Job instance at 0x7fa8ec6bd140>,139,14,[8 4],140,406,420,266,391
1,<environment.Job instance at 0x7fa8ec89c230>,140,13,[1 8],141,406,419,265,391
1,<environment.Job instance at 0x7fa8ec89c4b0>,141,15,[13  5],142,420,435,278,406
1,<environment.Job instance at 0x7fa8eceab7d0>,142,14,[7 4],143,435,449,292,420
1,<environment.Job instance at 0x7fa8eceabc80>,143,14,[11  1],144,449,463,305,434
1,<environment.Job instance at 0x7fa8eceab230>,144,22,[7 3],145,463,485,318,456
1,<environment.Job instance at 0x7fa8eceab690>,145,19,[12  3],146,485,504,339,475
1,<environment.Job instance at 0x7fa8eceabb40>,146,14,[12  4],147,504,518,357,489
1,<environment.Job instance at 0x7fa8eceabd70>,147,18,[ 1 13],148,518,536,370,507
1,<environment.Job instance at 0x7fa8eceab820>,148,14,[5 5],149,536,550,387,521
1,<environment.Job instance at 0x7fa8eceab3c0>,149,26,[ 2 12],150,550,576,400,547
1,<environment.Job instance at 0x7fa8eceabaf0>,150,14,[4 9],151,576,590,425,561
1,<environment.Job instance at 0x7fa8eceabd20>,151,14,[2 9],152,590,604,438,575
1,<environment.Job instance at 0x7fa8ec6bddc0>,137,22,[9 3],138,593,615,455,593
1,<environment.Job instance at 0x7fa8f59b8820>,158,19,[6 2],159,604,623,445,594
1,<environment.Job instance at 0x7fa8f59b8a00>,160,17,[7 2],161,615,632,454,603
1,<environment.Job instance at 0x7fa8f59b8550>,161,21,[4 6],162,623,644,461,615
1,<environment.Job instance at 0x7fa8f59b8af0>,167,15,[10  3],168,632,647,464,618
1,<environment.Job instance at 0x7fa8ed09eaf0>,168,12,[8 1],169,647,659,478,630
1,<environment.Job instance at 0x7fa8eceab8c0>,152,19,[ 2 13],153,647,666,494,638
1,<environment.Job instance at 0x7fa8ecb98e10>,0,22,[5 4],1,1,23,0,1
1,<environment.Job instance at 0x7fa8ec387b90>,3,25,[1 9],4,4,29,0,4
1,<environment.Job instance at 0x7fa8ecd5ce60>,7,28,[6 2],8,8,36,0,8
1,<environment.Job instance at 0x7fa8ecd5c5a0>,14,16,[3 9],15,29,45,14,16
1,<environment.Job instance at 0x7fa8ecd642d0>,18,14,[6 3],19,23,37,4,19
1,<environment.Job instance at 0x7fa8ecd64460>,20,12,[8 5],21,37,49,16,21
1,<environment.Job instance at 0x7fa8ecd645a0>,23,13,[7 4],24,45,58,21,29
1,<environment.Job instance at 0x7fa8ecd649b0>,28,13,[5 4],29,49,62,20,33
1,<environment.Job instance at 0x7fa8ecd64e10>,34,14,[1 5],35,49,63,14,35
1,<environment.Job instance at 0x7fa8ecd64d70>,35,15,[10  4],36,62,77,26,48
1,<environment.Job instance at 0x7fa8ecd64fa0>,36,16,[10  5],37,77,93,40,64
1,<environment.Job instance at 0x7fa8ecd64f00>,37,14,[4 7],38,64,78,26,64
1,<environment.Job instance at 0x7fa8ecd31500>,43,19,[2 7],44,78,97,34,68
1,<environment.Job instance at 0x7fa8ecd31640>,45,18,[2 6],46,93,111,47,82
1,<environment.Job instance at 0x7fa8ecd316e0>,46,16,[5 6],47,97,113,50,84
1,<environment.Job instance at 0x7fa8ecd31960>,51,13,[7 2],52,93,106,41,84
1,<environment.Job instance at 0x7fa8ec6d7a00>,1,16,[ 1 11],2,113,129,111,100
1,<environment.Job instance at 0x7fa8ecd31a00>,52,22,[8 2],53,115,137,62,115
1,<environment.Job instance at 0x7fa8ecd31b40>,54,15,[5 5],55,129,144,74,115
1,<environment.Job instance at 0x7fa8ecd31dc0>,58,20,[3 6],59,137,157,78,128
1,<environment.Job instance at 0x7fa8ecd31e60>,59,17,[10  4],60,144,161,84,132
1,<environment.Job instance at 0x7fa8ecd35050>,62,21,[10  4],63,161,182,98,153
1,<environment.Job instance at 0x7fa8ecd31aa0>,53,16,[ 2 11],54,157,173,103,153
1,<environment.Job instance at 0x7fa8ecd355a0>,66,12,[5 7],67,173,185,106,156
1,<environment.Job instance at 0x7fa8ecd35500>,65,20,[8 3],66,182,202,116,173
1,<environment.Job instance at 0x7fa8ecd35550>,69,19,[2 8],70,185,204,115,175
1,<environment.Job instance at 0x7fa8ecd35910>,71,16,[5 7],72,202,218,130,189
1,<environment.Job instance at 0x7fa8ecd35af0>,74,17,[1 7],75,204,221,129,193
1,<environment.Job instance at 0x7fa8ecd35cd0>,77,15,[1 9],78,221,236,143,207
1,<environment.Job instance at 0x7fa8ecd35780>,82,19,[10  5],83,218,237,135,208
1,<environment.Job instance at 0x7fa8ecd35730>,83,14,[3 8],84,236,250,152,221
1,<environment.Job instance at 0x7fa8ecd42780>,92,17,[1 5],93,237,254,144,232
1,<environment.Job instance at 0x7fa8ecd42a00>,96,15,[2 6],97,250,265,153,236
1,<environment.Job instance at 0x7fa8ecd42be0>,99,12,[9 4],100,250,262,150,236
1,<environment.Job instance at 0x7fa8ecd42d20>,100,17,[4 6],101,262,279,161,250
1,<environment.Job instance at 0x7fa8ecd42eb0>,102,14,[5 9],103,265,279,162,250
1,<environment.Job instance at 0x7fa8ecd5e640>,114,15,[8 4],115,279,294,164,265
1,<environment.Job instance at 0x7fa8ecd35640>,67,26,[4 9],68,279,305,211,276
1,<environment.Job instance at 0x7fa8ecd5eb40>,120,21,[10  4],121,294,315,173,286
1,<environment.Job instance at 0x7fa8ecd5efa0>,127,21,[5 1],128,305,326,177,297
1,<environment.Job instance at 0x7fa8ecd2b190>,132,20,[3 9],133,315,335,182,306
1,<environment.Job instance at 0x7fa8ecb525a0>,143,16,[8 2],144,326,342,182,313
1,<environment.Job instance at 0x7fa8ec3d8730>,152,13,[6 4],153,335,348,182,319
1,<environment.Job instance at 0x7fa8ec4ec320>,154,20,[6 3],155,342,362,187,333
1,<environment.Job instance at 0x7fa8ec3d81e0>,155,18,[8 1],156,348,366,192,337
1,<environment.Job instance at 0x7fa8ecb47550>,156,12,[5 2],157,362,374,205,345
1,<environment.Job instance at 0x7fa8ecb47780>,158,15,[9 1],159,366,381,207,352
1,<environment.Job instance at 0x7fa8ecd2b640>,160,13,[9 1],161,381,394,220,365
1,<environment.Job instance at 0x7fa8ecd2b6e0>,161,21,[3 8],162,374,395,212,366
1,<environment.Job instance at 0x7fa8ecd2b820>,163,15,[6 4],164,394,409,230,380
1,<environment.Job instance at 0x7fa8ecd2b960>,165,19,[7 2],166,395,414,229,385
1,<environment.Job instance at 0x7fa8ecd2ba00>,166,19,[5 1],167,409,428,242,399
1,<environment.Job instance at 0x7fa8ecd2bb40>,168,21,[1 8],169,399,420,230,399
1,<environment.Job instance at 0x7fa8ecd5ebe0>,121,18,[ 2 13],122,1067,1085,945,1067
1,<environment.Job instance at 0x7fa8ecd5c410>,15,21,[4 9],16,1347,1368,1331,1347
1,<environment.Job instance at 0x7fa8ecd5ceb0>,13,21,[5 9],14,1419,1440,1405,1419
1,<environment.Job instance at 0x7fa8ed26a910>,1,12,[11  4],2,2,14,0,2
1,<environment.Job instance at 0x7fa8ec3db550>,2,17,[10  2],3,14,31,11,3
1,<environment.Job instance at 0x7fa8ec3db3c0>,9,12,[6 4],10,31,43,21,14
1,<environment.Job instance at 0x7fa8ec503960>,12,17,[5 3],13,14,31,1,14
1,<environment.Job instance at 0x7fa8ec5037d0>,14,14,[5 4],15,31,45,16,16
1,<environment.Job instance at 0x7fa8ec503af0>,16,18,[6 2],17,43,61,26,32
1,<environment.Job instance at 0x7fa8ec503640>,17,15,[4 5],18,32,47,14,32
1,<environment.Job instance at 0x7fa8ec4ce140>,20,18,[1 7],21,45,63,24,34
1,<environment.Job instance at 0x7fa8ec503c80>,11,24,[3 5],12,47,71,35,43
1,<environment.Job instance at 0x7fa8ec503280>,23,21,[8 5],24,63,84,39,55
1,<environment.Job instance at 0x7fa8ec2bc960>,29,18,[6 2],30,71,89,41,60
1,<environment.Job instance at 0x7fa8ebb42cd0>,24,16,[13  1],25,89,105,64,76
1,<environment.Job instance at 0x7fa8ec3dbaa0>,10,25,[2 6],11,90,115,79,90
1,<environment.Job instance at 0x7fa8ed00a410>,32,13,[8 1],33,105,118,72,90
1,<environment.Job instance at 0x7fa8ebb42b40>,31,27,[5 8],32,107,134,75,107
1,<environment.Job instance at 0x7fa8ef405af0>,30,21,[9 1],31,118,139,87,118
1,<environment.Job instance at 0x7fa8ebfd76e0>,40,21,[1 5],41,118,139,77,118
1,<environment.Job instance at 0x7fa8ebc85370>,43,16,[2 8],44,134,150,90,121
1,<environment.Job instance at 0x7fa8ebc85050>,44,12,[5 1],45,139,151,94,122
1,<environment.Job instance at 0x7fa8ec6eccd0>,46,17,[1 8],47,150,167,103,138
1,<environment.Job instance at 0x7fa8ecd2ec80>,54,16,[3 7],55,151,167,96,138
1,<environment.Job instance at 0x7fa8ec89ce60>,58,18,[1 5],59,167,185,108,156
1,<environment.Job instance at 0x7fa8ec89c870>,59,17,[5 5],60,167,184,107,156
1,<environment.Job instance at 0x7fa8ebb369b0>,60,12,[5 5],61,167,179,106,156
1,<environment.Job instance at 0x7fa8ecbf20a0>,67,14,[8 4],68,179,193,111,164
1,<environment.Job instance at 0x7fa8ecbf20f0>,68,15,[3 5],69,184,199,115,170
1,<environment.Job instance at 0x7fa8ecbf2280>,70,12,[5 5],71,193,205,122,176
1,<environment.Job instance at 0x7fa8ebbbad70>,73,15,[7 3],74,193,208,119,179
1,<environment.Job instance at 0x7fa8ece44370>,80,18,[4 5],81,205,223,124,194
1,<environment.Job instance at 0x7fa8ece44870>,82,13,[1 6],83,199,212,116,194
1,<environment.Job instance at 0x7fa8ecfffb90>,84,15,[7 2],85,208,223,123,194
1,<environment.Job instance at 0x7fa8ed23f870>,91,14,[3 8],92,212,226,120,197
1,<environment.Job instance at 0x7fa8ed336140>,94,18,[8 5],95,223,241,128,213
1,<environment.Job instance at 0x7fa8ec5fab40>,98,13,[1 5],99,226,239,127,214
1,<environment.Job instance at 0x7fa8ec890280>,99,15,[6 4],100,226,241,126,214
1,<environment.Job instance at 0x7fa8ec473be0>,101,16,[5 3],102,241,257,139,228
1,<environment.Job instance at 0x7fa8ebeb47d0>,102,19,[9 1],103,241,260,138,231
1,<environment.Job instance at 0x7fa8ebe861e0>,106,18,[5 7],107,257,275,150,246
1,<environment.Job instance at 0x7fa8ebe86b40>,107,20,[2 6],108,260,280,152,251
1,<environment.Job instance at 0x7fa8ecb62690>,114,15,[1 8],115,275,290,160,261
1,<environment.Job instance at 0x7fa8ecaec910>,117,15,[10  2],118,280,295,162,266
1,<environment.Job instance at 0x7fa8ec32c690>,34,19,[4 9],35,290,309,255,284
1,<environment.Job instance at 0x7fa8ebb3c730>,123,15,[6 2],124,295,310,171,284
1,<environment.Job instance at 0x7fa8ebb3c5f0>,124,18,[6 1],125,309,327,184,298
1,<environment.Job instance at 0x7fa8ebdef6e0>,33,22,[ 1 13],34,310,332,276,303
1,<environment.Job instance at 0x7fa8ebb3cc30>,122,22,[6 1],123,310,332,187,303
1,<environment.Job instance at 0x7fa8ec4ef6e0>,130,18,[6 4],131,332,350,201,321
1,<environment.Job instance at 0x7fa8ec4efaa0>,133,17,[6 1],134,327,344,193,321
1,<environment.Job instance at 0x7fa8ec4ef870>,135,15,[3 5],136,332,347,196,321
1,<environment.Job instance at 0x7fa8ebb950a0>,137,15,[3 9],138,347,362,209,333
1,<environment.Job instance at 0x7fa8ec3d87d0>,140,13,[4 6],141,350,363,209,334
1,<environment.Job instance at 0x7fa8ec3d8cd0>,141,14,[1 8],142,362,376,220,347
1,<environment.Job instance at 0x7fa8ec4a1a50>,126,17,[9 3],127,363,380,236,351
1,<environment.Job instance at 0x7fa8ec80d230>,146,18,[ 4 10],147,376,394,229,365
1,<environment.Job instance at 0x7fa8ec5054b0>,148,19,[8 2],149,380,399,231,370
1,<environment.Job instance at 0x7fa8ec505370>,149,16,[ 1 10],150,394,410,244,381
1,<environment.Job instance at 0x7fa8ec505730>,152,20,[9 5],153,399,419,246,390
1,<environment.Job instance at 0x7fa8ebb39aa0>,161,13,[7 3],162,419,432,257,403
1,<environment.Job instance at 0x7fa8ebb39f50>,162,21,[5 5],163,410,431,247,403
1,<environment.Job instance at 0x7fa8ece6aa00>,164,12,[6 2],165,431,443,266,414
1,<environment.Job instance at 0x7fa8ece6a690>,165,14,[6 3],166,432,446,266,417
1,<environment.Job instance at 0x7fa8ec80de10>,147,20,[ 1 11],148,443,463,295,436
1,<environment.Job instance at 0x7fa8ec3dbf00>,0,17,[13  1],1,446,463,445,436
1,<environment.Job instance at 0x7fa8ec3db5a0>,3,22,[7 5],4,8640,8662,8636,8640
1,<environment.Job instance at 0x7fa8ed0a1a50>,0,19,[5 5],1,1,20,0,1
1,<environment.Job instance at 0x7fa8ed0a1550>,3,15,[ 5 10],4,4,19,0,4
1,<environment.Job instance at 0x7fa8ed0a10a0>,4,14,[12  4],5,20,34,15,5
1,<environment.Job instance at 0x7fa8ed2c4eb0>,8,13,[2 8],9,19,32,10,11
1,<environment.Job instance at 0x7fa8ed2c4230>,10,14,[12  4],11,34,48,23,27
1,<environment.Job instance at 0x7fa8ed2c4d20>,9,24,[12  3],10,48,72,38,43
1,<environment.Job instance at 0x7fa8ed2c4370>,11,23,[5 2],12,72,95,60,66
1,<environment.Job instance at 0x7fa8ed2c4c30>,14,23,[5 5],15,72,95,57,68
1,<environment.Job instance at 0x7fa8f5a4f2d0>,21,17,[2 8],22,69,86,47,69
1,<environment.Job instance at 0x7fa8f5a4f910>,23,18,[6 3],24,95,113,71,84
1,<environment.Job instance at 0x7fa8f5a4f690>,26,26,[2 7],27,93,119,66,93
1,<environment.Job instance at 0x7fa8f5a4f370>,30,13,[6 2],31,95,108,64,93
1,<environment.Job instance at 0x7fa8f5a4f0a0>,33,19,[11  3],34,113,132,79,103
1,<environment.Job instance at 0x7fa8ec95a870>,37,19,[5 3],38,132,151,94,122
1,<environment.Job instance at 0x7fa8ec95af50>,38,22,[ 2 10],39,133,155,94,133
1,<environment.Job instance at 0x7fa8ec95a7d0>,39,15,[6 3],40,151,166,111,137
1,<environment.Job instance at 0x7fa8ec95a550>,40,21,[ 1 10],41,155,176,114,149
1,<environment.Job instance at 0x7fa8ec95a910>,42,16,[8 3],43,166,182,123,153
1,<environment.Job instance at 0x7fa8ec95a690>,44,16,[4 8],45,176,192,131,163
1,<environment.Job instance at 0x7fa8ec95d5a0>,47,12,[1 9],48,192,204,144,175
1,<environment.Job instance at 0x7fa8ec8e60a0>,48,16,[9 4],49,182,198,133,175
1,<environment.Job instance at 0x7fa8ec8e61e0>,53,24,[2 5],54,198,222,144,193
1,<environment.Job instance at 0x7fa8ed2c4c80>,13,18,[13  5],14,204,222,190,198
1,<environment.Job instance at 0x7fa8ec74c460>,56,25,[7 2],57,222,247,165,218
1,<environment.Job instance at 0x7fa8ec74c230>,60,20,[5 2],61,222,242,161,218
1,<environment.Job instance at 0x7fa8ec74c550>,62,15,[8 3],63,242,257,179,228
1,<environment.Job instance at 0x7fa8ec74c4b0>,65,16,[2 5],66,247,263,181,234
1,<environment.Job instance at 0x7fa8ec74c5f0>,57,16,[2 6],58,247,263,189,234
1,<environment.Job instance at 0x7fa8ec261280>,73,18,[10  5],74,263,281,189,252
1,<environment.Job instance at 0x7fa8ecc59910>,77,16,[7 5],78,281,297,203,268
1,<environment.Job instance at 0x7fa8ec334230>,84,25,[1 6],85,284,309,199,284
1,<environment.Job instance at 0x7fa8ebc499b0>,87,17,[7 3],88,284,301,196,284
1,<environment.Job instance at 0x7fa8ec474910>,89,15,[1 5],90,297,312,207,284
1,<environment.Job instance at 0x7fa8ed0af910>,95,21,[6 1],96,297,318,201,289
1,<environment.Job instance at 0x7fa8ed0afeb0>,98,13,[6 4],99,309,322,210,293
1,<environment.Job instance at 0x7fa8f5fed960>,103,12,[6 2],104,318,330,214,301
1,<environment.Job instance at 0x7fa8ec59d640>,105,23,[9 4],106,322,345,216,317
1,<environment.Job instance at 0x7fa8ed1ae5a0>,109,21,[8 4],110,345,366,235,337
1,<environment.Job instance at 0x7fa8ec844190>,113,23,[4 6],114,353,376,239,353
1,<environment.Job instance at 0x7fa8ec844aa0>,115,16,[1 8],116,366,382,250,354
1,<environment.Job instance at 0x7fa8ec8c4500>,118,22,[5 2],119,376,398,257,369
1,<environment.Job instance at 0x7fa8ec8c4460>,119,20,[8 5],120,376,396,256,369
1,<environment.Job instance at 0x7fa8ebcba140>,122,17,[11  4],123,398,415,275,386
1,<environment.Job instance at 0x7fa8ebcbaaf0>,125,17,[9 2],126,415,432,289,403
1,<environment.Job instance at 0x7fa8ebcba230>,127,16,[11  5],128,432,448,304,420
1,<environment.Job instance at 0x7fa8ebb17f00>,130,12,[7 2],131,448,460,317,431
1,<environment.Job instance at 0x7fa8ec609280>,131,14,[10  5],132,460,474,328,445
1,<environment.Job instance at 0x7fa8ecbdc9b0>,138,21,[4 5],139,445,466,306,445
1,<environment.Job instance at 0x7fa8ebf35af0>,144,24,[2 6],145,466,490,321,465
1,<environment.Job instance at 0x7fa8ebf35f00>,146,22,[6 5],147,474,496,327,467
1,<environment.Job instance at 0x7fa8ebc66f00>,149,23,[3 7],150,490,513,340,485
1,<environment.Job instance at 0x7fa8ed2c4460>,12,16,[12  4],13,496,512,483,485
1,<environment.Job instance at 0x7fa8ec8c2eb0>,156,12,[7 2],157,512,524,355,495
1,<environment.Job instance at 0x7fa8ec8c2c80>,157,20,[2 6],158,512,532,354,504
1,<environment.Job instance at 0x7fa8ec9b2eb0>,161,16,[9 2],162,524,540,362,511
1,<environment.Job instance at 0x7fa8ed0aca00>,163,16,[5 3],164,532,548,368,519
1,<environment.Job instance at 0x7fa8eca48cd0>,165,16,[1 9],166,532,548,366,522
1,<environment.Job instance at 0x7fa8ed112690>,71,23,[12  5],72,548,571,476,542
1,<environment.Job instance at 0x7fa8ed0a1190>,1,19,[ 1 10],2,548,567,546,542
1,<environment.Job instance at 0x7fa8ed2c4280>,6,17,[8 5],7,761,778,754,761
1,<environment.Job instance at 0x7fa8ec8741e0>,0,14,[ 3 13],1,1,15,0,1
1,<environment.Job instance at 0x7fa8ec874e60>,3,21,[1 6],4,15,36,11,7
1,<environment.Job instance at 0x7fa8ecac2fa0>,6,17,[2 7],7,15,32,8,7
1,<environment.Job instance at 0x7fa8ecac26e0>,7,16,[5 3],8,32,48,24,19
1,<environment.Job instance at 0x7fa8ecac2140>,8,12,[5 4],9,32,44,23,19
1,<environment.Job instance at 0x7fa8ecf02f00>,9,22,[2 6],10,36,58,26,29
1,<environment.Job instance at 0x7fa8ed36c910>,19,16,[3 5],20,44,60,24,31
1,<environment.Job instance at 0x7fa8ecc05d20>,20,15,[7 4],21,48,63,27,34
1,<environment.Job instance at 0x7fa8ece69820>,22,14,[7 1],23,60,74,37,45
1,<environment.Job instance at 0x7fa8ebeb4dc0>,23,12,[2 5],24,63,75,39,46
1,<environment.Job instance at 0x7fa8f59acf00>,25,17,[2 6],26,63,80,37,51
1,<environment.Job instance at 0x7fa8ecd58640>,26,13,[9 4],27,74,87,47,58
1,<environment.Job instance at 0x7fa8ec4e1a00>,32,16,[7 1],33,87,103,54,74
1,<environment.Job instance at 0x7fa8ec3626e0>,33,15,[4 6],34,80,95,46,74
1,<environment.Job instance at 0x7fa8ece445a0>,37,17,[5 5],38,95,112,57,83
1,<environment.Job instance at 0x7fa8ed336e60>,42,18,[4 9],43,103,121,60,92
1,<environment.Job instance at 0x7fa8ec874280>,4,18,[7 2],5,112,130,107,103
1,<environment.Job instance at 0x7fa8ed336190>,45,13,[4 8],46,121,134,75,105
1,<environment.Job instance at 0x7fa8ed336e10>,50,15,[10  4],51,130,145,79,117
1,<environment.Job instance at 0x7fa8ec50bdc0>,58,15,[5 8],59,134,149,75,120
1,<environment.Job instance at 0x7fa8ed1d1690>,62,18,[1 6],63,145,163,82,134
1,<environment.Job instance at 0x7fa8f5bfb190>,65,15,[4 5],66,149,164,83,135
1,<environment.Job instance at 0x7fa8ecbf6460>,72,20,[10  1],73,151,171,78,151
1,<environment.Job instance at 0x7fa8ed3363c0>,46,16,[14  2],47,171,187,124,158
1,<environment.Job instance at 0x7fa8ebb3c730>,75,25,[3 5],76,187,212,111,183
1,<environment.Job instance at 0x7fa8ebb3caf0>,76,19,[11  4],77,187,206,110,183
1,<environment.Job instance at 0x7fa8ebb3c960>,77,19,[ 5 14],78,212,231,134,202
1,<environment.Job instance at 0x7fa8ebb3c6e0>,74,22,[3 9],75,231,253,156,224
1,<environment.Job instance at 0x7fa8ecd64780>,86,12,[9 4],87,231,243,144,224
1,<environment.Job instance at 0x7fa8ecd64b40>,87,16,[5 5],88,243,259,155,230
1,<environment.Job instance at 0x7fa8ecd640a0>,88,17,[2 7],89,253,270,164,241
1,<environment.Job instance at 0x7fa8ecd64500>,90,14,[11  3],91,259,273,168,244
1,<environment.Job instance at 0x7fa8ecd64910>,93,12,[7 3],94,273,285,179,256
1,<environment.Job instance at 0x7fa8ecd64050>,95,17,[10  2],96,285,302,189,273
1,<environment.Job instance at 0x7fa8ecd643c0>,96,12,[6 4],97,273,285,176,273
1,<environment.Job instance at 0x7fa8f600e780>,101,20,[1 8],102,274,294,172,274
1,<environment.Job instance at 0x7fa8f600e5a0>,102,19,[10  1],103,302,321,199,292
1,<environment.Job instance at 0x7fa8f600e640>,103,21,[9 3],104,321,342,217,313
1,<environment.Job instance at 0x7fa8ecd29550>,105,19,[ 4 10],106,313,332,207,313
1,<environment.Job instance at 0x7fa8ecd296e0>,106,20,[2 7],107,332,352,225,323
1,<environment.Job instance at 0x7fa8ecd29870>,107,23,[6 5],108,342,365,234,336
1,<environment.Job instance at 0x7fa8ecfdd0a0>,109,14,[5 8],110,352,366,242,337
1,<environment.Job instance at 0x7fa8ecfdd050>,112,18,[ 3 10],113,366,384,253,355
1,<environment.Job instance at 0x7fa8ecfdd9b0>,113,19,[5 5],114,365,384,251,355
1,<environment.Job instance at 0x7fa8ecfdd910>,115,19,[ 4 10],116,384,403,268,374
1,<environment.Job instance at 0x7fa8ecfdd410>,118,19,[8 5],119,384,403,265,375
1,<environment.Job instance at 0x7fa8ecd2e190>,120,12,[6 4],121,403,415,282,386
1,<environment.Job instance at 0x7fa8ecd2ee60>,121,15,[3 7],122,403,418,281,389
1,<environment.Job instance at 0x7fa8ec37b140>,122,12,[7 1],123,415,427,292,398
1,<environment.Job instance at 0x7fa8ec37b780>,123,19,[4 8],124,418,437,294,408
1,<environment.Job instance at 0x7fa8ec37b870>,125,15,[1 7],126,427,442,301,413
1,<environment.Job instance at 0x7fa8ec37bdc0>,126,12,[10  4],127,437,449,310,420
1,<environment.Job instance at 0x7fa8ec9e60f0>,130,15,[7 3],131,449,464,318,435
1,<environment.Job instance at 0x7fa8ec9e6820>,132,15,[8 2],133,449,464,316,435
1,<environment.Job instance at 0x7fa8ec9e6b90>,133,19,[5 8],134,464,483,330,454
1,<environment.Job instance at 0x7fa8ec9e6780>,140,17,[11  4],141,483,500,342,471
1,<environment.Job instance at 0x7fa8ec9e6640>,141,22,[3 8],142,483,505,341,476
1,<environment.Job instance at 0x7fa8ec9e60a0>,142,16,[5 9],143,505,521,362,492
1,<environment.Job instance at 0x7fa8ec9e63c0>,143,17,[2 5],144,500,517,356,492
1,<environment.Job instance at 0x7fa8ec334640>,145,17,[1 5],146,517,534,371,505
1,<environment.Job instance at 0x7fa8ec3340a0>,147,19,[5 9],148,521,540,373,511
1,<environment.Job instance at 0x7fa8ec3348c0>,148,18,[6 2],149,534,552,385,523
1,<environment.Job instance at 0x7fa8ec334dc0>,149,20,[5 8],150,540,560,390,531
1,<environment.Job instance at 0x7fa8ec3344b0>,150,23,[6 3],151,552,575,401,546
1,<environment.Job instance at 0x7fa8ec334cd0>,151,17,[7 5],152,560,577,408,548
1,<environment.Job instance at 0x7fa8ec4dca50>,159,13,[4 9],160,575,588,415,559
1,<environment.Job instance at 0x7fa8ec4dcaa0>,161,16,[10  4],162,577,593,415,564
1,<environment.Job instance at 0x7fa8ec4dcfa0>,162,17,[1 6],163,588,605,425,576
1,<environment.Job instance at 0x7fa8ec4dcc30>,167,13,[5 5],168,593,606,425,577
1,<environment.Job instance at 0x7fa8ebb3c870>,78,22,[3 8],79,631,653,552,631
1,<environment.Job instance at 0x7fa8ec874960>,2,19,[9 5],3,631,650,628,631
1,<environment.Job instance at 0x7fa8ec874a00>,1,22,[9 2],2,650,672,648,643
1,<environment.Job instance at 0x7fa8ec7949b0>,0,13,[ 3 13],1,1,14,0,1
1,<environment.Job instance at 0x7fa8ec794c80>,2,12,[9 2],3,3,15,0,3
1,<environment.Job instance at 0x7fa8ec7959b0>,5,16,[11  1],6,15,31,9,6
1,<environment.Job instance at 0x7fa8ec795140>,6,17,[10  2],7,31,48,24,20
1,<environment.Job instance at 0x7fa8ecfb5780>,21,14,[5 4],22,31,45,9,22
1,<environment.Job instance at 0x7fa8ecfb56e0>,23,16,[6 4],24,48,64,24,35
1,<environment.Job instance at 0x7fa8ec7b5e10>,15,18,[9 3],16,48,66,32,42
1,<environment.Job instance at 0x7fa8ecfb5c80>,25,12,[12  2],26,66,78,40,49
1,<environment.Job instance at 0x7fa8ecfb5230>,26,14,[8 4],27,78,92,51,63
1,<environment.Job instance at 0x7fa8ecfb5640>,27,24,[ 3 11],28,64,88,36,63
1,<environment.Job instance at 0x7fa8ec7b5910>,20,14,[10  5],21,92,106,71,78
1,<environment.Job instance at 0x7fa8ecfb5e60>,29,16,[5 5],30,88,104,58,82
1,<environment.Job instance at 0x7fa8ed3b6870>,30,27,[1 5],31,104,131,73,102
1,<environment.Job instance at 0x7fa8ecfb54b0>,28,26,[6 5],29,106,132,77,103
1,<environment.Job instance at 0x7fa8ed3b60a0>,31,15,[4 5],32,104,119,72,103
1,<environment.Job instance at 0x7fa8ecfa6050>,33,23,[6 1],34,119,142,85,114
1,<environment.Job instance at 0x7fa8ecfa62d0>,34,14,[4 8],35,132,146,97,117
1,<environment.Job instance at 0x7fa8ecfb5af0>,24,22,[7 1],25,142,164,117,135
1,<environment.Job instance at 0x7fa8ed3bc2d0>,39,17,[7 3],40,146,163,106,136
1,<environment.Job instance at 0x7fa8ebb7bc30>,43,17,[10  4],44,164,181,120,152
1,<environment.Job instance at 0x7fa8ecfa6460>,36,19,[ 1 11],37,152,171,115,152
1,<environment.Job instance at 0x7fa8ebfe7cd0>,44,15,[ 4 10],45,171,186,126,158
1,<environment.Job instance at 0x7fa8ebfe7500>,48,23,[1 6],49,186,209,137,180
1,<environment.Job instance at 0x7fa8ebfe7190>,50,17,[6 2],51,181,198,130,180
1,<environment.Job instance at 0x7fa8ecfb5320>,52,13,[9 5],53,198,211,145,182
1,<environment.Job instance at 0x7fa8ecc51050>,53,12,[4 9],54,209,221,155,192
1,<environment.Job instance at 0x7fa8f5c090f0>,54,15,[8 5],55,211,226,156,199
1,<environment.Job instance at 0x7fa8ebfe7b90>,55,23,[2 5],56,221,244,165,215
1,<environment.Job instance at 0x7fa8ed1fa820>,57,23,[2 8],58,226,249,168,221
1,<environment.Job instance at 0x7fa8ecfb5aa0>,58,22,[5 2],59,225,247,166,225
1,<environment.Job instance at 0x7fa8ed3b6230>,32,17,[12  2],33,247,264,214,235
1,<environment.Job instance at 0x7fa8ecdf2dc0>,61,15,[14  5],62,264,279,202,256
1,<environment.Job instance at 0x7fa8ed205e60>,62,15,[12  2],63,279,294,216,266
1,<environment.Job instance at 0x7fa8ed2051e0>,63,24,[3 6],64,279,303,215,274
1,<environment.Job instance at 0x7fa8ec0e9f50>,64,19,[6 1],65,294,313,229,284
1,<environment.Job instance at 0x7fa8ec7b5460>,9,21,[ 4 13],10,303,324,293,295
1,<environment.Job instance at 0x7fa8ec0da690>,69,17,[12  1],70,324,341,254,312
1,<environment.Job instance at 0x7fa8ec0daa50>,70,12,[5 6],71,341,353,270,324
1,<environment.Job instance at 0x7fa8ec0da910>,68,20,[4 9],69,341,361,272,334
1,<environment.Job instance at 0x7fa8ec0daeb0>,75,15,[6 2],76,353,368,277,339
1,<environment.Job instance at 0x7fa8ec0da050>,76,15,[8 2],77,361,376,284,347
1,<environment.Job instance at 0x7fa8ec0da870>,77,22,[4 5],78,368,390,290,361
1,<environment.Job instance at 0x7fa8ec10aeb0>,85,12,[10  2],86,376,388,290,361
1,<environment.Job instance at 0x7fa8ec10a870>,86,13,[ 3 10],87,388,401,301,372
1,<environment.Job instance at 0x7fa8ec10ac30>,89,22,[5 8],90,401,423,311,394
1,<environment.Job instance at 0x7fa8ec10aa50>,90,17,[10  3],91,394,411,303,394
1,<environment.Job instance at 0x7fa8ec10a5f0>,91,16,[11  4],92,423,439,331,410
1,<environment.Job instance at 0x7fa8ec10ae10>,94,16,[6 3],95,439,455,344,426
1,<environment.Job instance at 0x7fa8ed1f7190>,95,15,[5 2],96,439,454,343,426
1,<environment.Job instance at 0x7fa8ed2009b0>,100,18,[6 1],101,454,472,353,443
1,<environment.Job instance at 0x7fa8ec0dacd0>,71,22,[ 2 12],72,455,477,383,448
1,<environment.Job instance at 0x7fa8ec0f12d0>,102,25,[6 2],103,455,480,352,451
1,<environment.Job instance at 0x7fa8ec0f13c0>,110,16,[6 1],111,472,488,361,464
1,<environment.Job instance at 0x7fa8ec0f07d0>,114,20,[5 7],115,480,500,365,476
1,<environment.Job instance at 0x7fa8ec0f0820>,116,12,[2 7],117,482,494,365,482
1,<environment.Job instance at 0x7fa8ec468be0>,118,18,[5 4],119,494,512,375,485
1,<environment.Job instance at 0x7fa8ebcd9c30>,120,13,[3 5],121,500,513,379,485
1,<environment.Job instance at 0x7fa8ec0f1e10>,105,28,[6 4],106,500,528,394,499
1,<environment.Job instance at 0x7fa8ec1066e0>,126,26,[7 4],127,513,539,386,510
1,<environment.Job instance at 0x7fa8ec106be0>,127,26,[6 1],128,528,554,400,525
1,<environment.Job instance at 0x7fa8ec106c80>,125,21,[3 9],126,539,560,413,537
1,<environment.Job instance at 0x7fa8ebfea730>,142,13,[8 4],143,554,567,411,538
1,<environment.Job instance at 0x7fa8ec925aa0>,152,15,[5 7],153,560,575,407,546
1,<environment.Job instance at 0x7fa8ece208c0>,158,16,[6 3],159,567,583,408,554
1,<environment.Job instance at 0x7fa8ece13050>,159,12,[3 8],160,575,587,415,558
1,<environment.Job instance at 0x7fa8ece20e10>,162,14,[4 7],163,583,597,420,568
1,<environment.Job instance at 0x7fa8ebff2410>,163,17,[1 6],164,587,604,423,575
1,<environment.Job instance at 0x7fa8ebff2730>,165,20,[2 5],166,597,617,431,588
1,<environment.Job instance at 0x7fa8ec92e2d0>,128,22,[11  5],129,608,630,479,608
1,<environment.Job instance at 0x7fa8ec78d730>,1,21,[10  4],2,630,651,628,626
1,<environment.Job instance at 0x7fa8ebfe7aa0>,46,21,[6 4],47,1011,1032,964,1011
1,<environment.Job instance at 0x7fa8ecbbb3c0>,0,12,[7 4],1,1,13,0,1
1,<environment.Job instance at 0x7fa8ecbbb320>,1,14,[ 5 13],2,13,27,11,2
1,<environment.Job instance at 0x7fa8ec0e9550>,10,12,[5 2],11,11,23,0,11
1,<environment.Job instance at 0x7fa8ec0e9730>,11,13,[7 2],12,23,36,11,12
1,<environment.Job instance at 0x7fa8ec0e9870>,8,15,[4 7],9,27,42,18,14
1,<environment.Job instance at 0x7fa8ec0e98c0>,17,21,[3 8],18,36,57,18,28
1,<environment.Job instance at 0x7fa8ec0e99b0>,19,16,[10  3],20,42,58,22,29
1,<environment.Job instance at 0x7fa8ec0e9a50>,21,21,[1 8],22,57,78,35,49
1,<environment.Job instance at 0x7fa8ec0e9aa0>,24,14,[10  4],25,58,72,33,49
1,<environment.Job instance at 0x7fa8ebf5ffa0>,28,15,[10  3],29,72,87,43,58
1,<environment.Job instance at 0x7fa8ec0e9410>,12,15,[13  2],13,87,102,74,73
1,<environment.Job instance at 0x7fa8ecbbb690>,2,12,[7 3],3,102,114,99,85
1,<environment.Job instance at 0x7fa8ebf5fdc0>,31,18,[4 9],32,102,120,70,91
1,<environment.Job instance at 0x7fa8ebf5ff50>,29,21,[10  4],30,114,135,84,106
1,<environment.Job instance at 0x7fa8ebf5f550>,30,22,[3 9],31,120,142,89,113
1,<environment.Job instance at 0x7fa8ebf5fa00>,35,13,[ 5 14],36,142,155,106,126
1,<environment.Job instance at 0x7fa8ebf5f8c0>,36,13,[14  5],37,155,168,118,139
1,<environment.Job instance at 0x7fa8ebf5f140>,37,15,[ 4 11],38,168,183,130,155
1,<environment.Job instance at 0x7fa8ebf5f190>,38,13,[11  2],39,168,181,129,155
1,<environment.Job instance at 0x7fa8ebf5faf0>,34,19,[8 2],35,181,200,146,171
1,<environment.Job instance at 0x7fa8ecbbb370>,9,16,[7 4],10,183,199,173,172
1,<environment.Job instance at 0x7fa8ebf5f9b0>,40,18,[9 1],41,200,218,159,189
1,<environment.Job instance at 0x7fa8ebf5f050>,42,14,[5 9],43,199,213,156,189
1,<environment.Job instance at 0x7fa8ec0f02d0>,48,20,[9 2],49,218,238,169,209
1,<environment.Job instance at 0x7fa8ec0f05f0>,49,18,[ 2 10],50,213,231,163,209
1,<environment.Job instance at 0x7fa8ec0f0eb0>,51,14,[3 5],52,231,245,179,216
1,<environment.Job instance at 0x7fa8ec0f0c80>,53,13,[5 1],54,238,251,184,222
1,<environment.Job instance at 0x7fa8ec0f0a50>,54,17,[1 7],55,231,248,176,222
1,<environment.Job instance at 0x7fa8ec0f08c0>,55,16,[8 4],56,245,261,189,232
1,<environment.Job instance at 0x7fa8ec0f0780>,58,19,[6 5],59,251,270,192,241
1,<environment.Job instance at 0x7fa8ec0f01e0>,60,14,[3 9],61,261,275,200,246
1,<environment.Job instance at 0x7fa8ec0050f0>,61,20,[3 9],62,275,295,213,266
1,<environment.Job instance at 0x7fa8ec0051e0>,63,12,[7 1],64,270,282,206,266
1,<environment.Job instance at 0x7fa8ec005320>,64,21,[2 6],65,282,303,217,274
1,<environment.Job instance at 0x7fa8ec0052d0>,65,18,[4 6],66,295,313,229,284
1,<environment.Job instance at 0x7fa8ec0054b0>,67,12,[5 5],68,303,315,235,286
1,<environment.Job instance at 0x7fa8ec005500>,69,18,[5 5],70,313,331,243,302
1,<environment.Job instance at 0x7fa8ec0055a0>,70,18,[7 2],71,315,333,244,304
1,<environment.Job instance at 0x7fa8ec005e60>,72,12,[2 8],73,315,327,242,304
1,<environment.Job instance at 0x7fa8ec005a50>,73,18,[6 3],74,331,349,257,320
1,<environment.Job instance at 0x7fa8ec005dc0>,74,13,[ 2 10],75,331,344,256,320
1,<environment.Job instance at 0x7fa8ec005b90>,75,18,[5 6],76,344,362,268,333
1,<environment.Job instance at 0x7fa8ec0057d0>,80,20,[3 6],81,344,364,263,335
1,<environment.Job instance at 0x7fa8ec92e8c0>,83,14,[4 5],84,362,376,278,347
1,<environment.Job instance at 0x7fa8ec92e190>,85,20,[10  3],86,364,384,278,355
1,<environment.Job instance at 0x7fa8ec92ee10>,86,15,[5 9],87,376,391,289,362
1,<environment.Job instance at 0x7fa8ec92e690>,88,17,[5 1],89,384,401,295,372
1,<environment.Job instance at 0x7fa8ec92eb40>,89,13,[1 8],90,391,404,301,375
1,<environment.Job instance at 0x7fa8ec92e460>,91,17,[ 1 10],92,404,421,312,392
1,<environment.Job instance at 0x7fa8ec92e230>,94,14,[5 1],95,392,406,297,392
1,<environment.Job instance at 0x7fa8ec92e0f0>,97,13,[5 5],98,406,419,308,392
1,<environment.Job instance at 0x7fa8ec92e4b0>,98,22,[2 9],99,421,443,322,414
1,<environment.Job instance at 0x7fa8ec1060a0>,100,17,[6 2],101,419,436,318,414
1,<environment.Job instance at 0x7fa8ec106230>,105,17,[10  4],106,436,453,330,424
1,<environment.Job instance at 0x7fa8ec106500>,106,16,[9 4],107,453,469,346,440
1,<environment.Job instance at 0x7fa8ec106960>,108,22,[5 4],109,443,465,334,440
1,<environment.Job instance at 0x7fa8ec106af0>,112,18,[7 4],113,469,487,356,458
1,<environment.Job instance at 0x7fa8ec0ed230>,113,16,[4 7],114,465,481,351,458
1,<environment.Job instance at 0x7fa8ec0ede60>,115,13,[ 2 10],116,481,494,365,465
1,<environment.Job instance at 0x7fa8ec0ed460>,116,22,[5 8],117,494,516,377,487
1,<environment.Job instance at 0x7fa8ec0edb90>,117,17,[9 5],118,487,504,369,487
1,<environment.Job instance at 0x7fa8ebf5fb40>,41,20,[3 6],42,504,524,462,495
1,<environment.Job instance at 0x7fa8ec0edf00>,118,17,[ 3 10],119,524,541,405,512
1,<environment.Job instance at 0x7fa8ec0ed1e0>,120,14,[5 1],121,512,526,391,512
1,<environment.Job instance at 0x7fa8ec0ed7d0>,122,13,[3 6],123,541,554,418,525
1,<environment.Job instance at 0x7fa8ebfea550>,133,18,[10  2],134,526,544,392,525
1,<environment.Job instance at 0x7fa8ed3285a0>,139,22,[9 4],140,544,566,404,537
1,<environment.Job instance at 0x7fa8ec947320>,140,15,[4 5],141,554,569,413,540
1,<environment.Job instance at 0x7fa8ecbab410>,144,19,[8 1],145,566,585,421,556
1,<environment.Job instance at 0x7fa8ec0df140>,146,14,[4 5],147,569,583,422,556
1,<environment.Job instance at 0x7fa8ec0df550>,148,16,[9 2],149,585,601,436,572
1,<environment.Job instance at 0x7fa8ec0dfc30>,149,19,[2 8],150,572,591,422,572
1,<environment.Job instance at 0x7fa8ec0dffa0>,153,13,[5 8],154,591,604,437,575
1,<environment.Job instance at 0x7fa8ed2f6be0>,156,21,[ 5 10],157,604,625,447,596
1,<environment.Job instance at 0x7fa8ebdb0870>,158,15,[5 6],159,625,640,466,611
1,<environment.Job instance at 0x7fa8ebfe1690>,159,13,[10  4],160,611,624,451,611
1,<environment.Job instance at 0x7fa8ec0ed050>,119,24,[4 7],120,625,649,505,620
1,<environment.Job instance at 0x7fa8ecbbbb90>,3,19,[5 7],4,640,659,636,630
1,<environment.Job instance at 0x7fa8ebf5f1e0>,32,17,[14  4],33,659,676,626,647
1,<environment.Job instance at 0x7fa8ecf1c820>,0,25,[ 5 12],1,1,26,0,1
1,<environment.Job instance at 0x7fa8ec068500>,6,13,[3 8],7,26,39,19,11
1,<environment.Job instance at 0x7fa8ec9ba500>,9,22,[1 7],10,26,48,16,19
1,<environment.Job instance at 0x7fa8ec9ba780>,12,19,[8 1],13,39,58,26,29
1,<environment.Job instance at 0x7fa8ecf1c7d0>,1,16,[ 5 11],2,48,64,46,35
1,<environment.Job instance at 0x7fa8ed393af0>,10,19,[14  5],11,64,83,53,54
1,<environment.Job instance at 0x7fa8ed2a1780>,17,12,[1 5],18,64,76,46,54
1,<environment.Job instance at 0x7fa8ed2a1640>,15,20,[9 5],16,83,103,67,75
1,<environment.Job instance at 0x7fa8ed2a1e10>,19,16,[9 5],20,103,119,83,90
1,<environment.Job instance at 0x7fa8ecf1c1e0>,2,17,[5 6],3,90,107,87,90
1,<environment.Job instance at 0x7fa8ed2a1370>,23,16,[ 2 10],24,107,123,83,94
1,<environment.Job instance at 0x7fa8ec983780>,28,18,[ 2 10],29,123,141,94,112
1,<environment.Job instance at 0x7fa8f5a7b910>,32,12,[3 8],33,141,153,108,124
1,<environment.Job instance at 0x7fa8ed01afa0>,35,19,[5 1],36,124,143,88,124
1,<environment.Job instance at 0x7fa8ed00f320>,38,12,[9 2],39,143,155,104,126
1,<environment.Job instance at 0x7fa8ed00fa50>,39,12,[6 4],40,126,138,86,126
1,<environment.Job instance at 0x7fa8ed00fcd0>,42,17,[7 4],43,155,172,112,143
1,<environment.Job instance at 0x7fa8ed00f8c0>,44,14,[5 6],45,153,167,108,143
1,<environment.Job instance at 0x7fa8ed00f0f0>,48,15,[8 3],49,167,182,118,153
1,<environment.Job instance at 0x7fa8ed00f690>,52,12,[6 2],53,172,184,119,155
1,<environment.Job instance at 0x7fa8ed00f780>,58,12,[2 5],59,182,194,123,165
1,<environment.Job instance at 0x7fa8ebb6a8c0>,65,13,[3 8],66,182,195,116,166
1,<environment.Job instance at 0x7fa8ebb6a960>,67,12,[6 3],68,194,206,126,177
1,<environment.Job instance at 0x7fa8ebb6a140>,69,12,[5 9],70,195,207,125,178
1,<environment.Job instance at 0x7fa8ebb6a230>,72,18,[7 3],73,206,224,133,195
1,<environment.Job instance at 0x7fa8ec4ed6e0>,73,14,[5 1],74,207,221,133,195
1,<environment.Job instance at 0x7fa8ec4ed640>,78,14,[4 5],79,221,235,142,206
1,<environment.Job instance at 0x7fa8ec4ed730>,79,17,[1 6],80,207,224,127,206
1,<environment.Job instance at 0x7fa8eca83f50>,81,22,[5 4],82,224,246,142,217
1,<environment.Job instance at 0x7fa8eca83690>,82,16,[10  2],83,235,251,152,222
1,<environment.Job instance at 0x7fa8eca83780>,84,13,[6 3],85,251,264,166,235
1,<environment.Job instance at 0x7fa8eca835f0>,90,16,[10  5],91,264,280,173,251
1,<environment.Job instance at 0x7fa8eca83a00>,91,19,[1 7],92,251,270,159,251
1,<environment.Job instance at 0x7fa8ecbe42d0>,95,12,[3 7],96,270,282,174,260
1,<environment.Job instance at 0x7fa8ecbe41e0>,96,17,[2 5],97,280,297,183,268
1,<environment.Job instance at 0x7fa8ecbe4cd0>,98,17,[10  4],99,282,299,183,270
1,<environment.Job instance at 0x7fa8ecbe4280>,101,21,[6 5],102,299,320,197,291
1,<environment.Job instance at 0x7fa8ec5deb40>,102,21,[5 5],103,297,318,194,291
1,<environment.Job instance at 0x7fa8ec5de0a0>,104,15,[8 3],105,318,333,213,304
1,<environment.Job instance at 0x7fa8ec5dec30>,107,21,[7 2],108,320,341,212,312
1,<environment.Job instance at 0x7fa8ec5deb90>,110,12,[ 2 10],111,333,345,222,316
1,<environment.Job instance at 0x7fa8ec5de8c0>,111,21,[1 5],112,341,362,229,333
1,<environment.Job instance at 0x7fa8ec5dee10>,115,22,[5 8],116,345,367,229,339
1,<environment.Job instance at 0x7fa8ec767d20>,118,15,[10  5],119,362,377,243,348
1,<environment.Job instance at 0x7fa8ec767f50>,125,13,[ 2 10],126,367,380,241,351
1,<environment.Job instance at 0x7fa8ec767370>,126,13,[1 6],127,380,393,253,364
1,<environment.Job instance at 0x7fa8ebb2ec80>,133,22,[2 7],134,380,402,246,373
1,<environment.Job instance at 0x7fa8ec78de10>,139,14,[3 9],140,402,416,262,387
1,<environment.Job instance at 0x7fa8ebe8a6e0>,148,12,[2 8],149,416,428,267,399
1,<environment.Job instance at 0x7fa8ed196cd0>,151,15,[7 2],152,399,414,247,399
1,<environment.Job instance at 0x7fa8ed3361e0>,154,13,[4 7],155,416,429,261,400
1,<environment.Job instance at 0x7fa8ebd116e0>,155,22,[5 6],156,428,450,272,421
1,<environment.Job instance at 0x7fa8ecc0f320>,160,16,[7 5],161,429,445,268,421
1,<environment.Job instance at 0x7fa8ed3358c0>,162,19,[10  2],163,445,464,282,435
1,<environment.Job instance at 0x7fa8ec75e820>,166,18,[3 9],167,450,468,283,439
1,<environment.Job instance at 0x7fa8ed2a1050>,25,21,[3 5],26,470,491,444,470
1,<environment.Job instance at 0x7fa8ec9baf50>,11,18,[ 3 12],12,570,588,558,570
1,<environment.Job instance at 0x7f6c699c9230>,0,17,[6 1],1,1,18,0,1
1,<environment.Job instance at 0x7f6c699c9320>,2,20,[7 4],3,3,23,0,3
1,<environment.Job instance at 0x7f6c603ddcd0>,10,15,[5 1],11,18,33,7,11
1,<environment.Job instance at 0x7f6c603e0050>,11,15,[6 1],12,23,38,11,12
1,<environment.Job instance at 0x7f6c603e07d0>,22,13,[7 4],23,33,46,10,23
1,<environment.Job instance at 0x7f6c603ddf50>,14,15,[14  4],15,46,61,31,32
1,<environment.Job instance at 0x7f6c603e0b90>,26,12,[8 5],27,61,73,34,44
1,<environment.Job instance at 0x7f6c603e09b0>,24,20,[4 6],25,61,81,36,53
1,<environment.Job instance at 0x7f6c603e0e60>,32,17,[9 3],33,73,90,40,61
1,<environment.Job instance at 0x7f6c603e0c30>,27,17,[ 4 12],28,81,98,53,69
1,<environment.Job instance at 0x7f6c603e4320>,39,18,[9 4],40,98,116,58,88
1,<environment.Job instance at 0x7f6c603e45a0>,43,16,[1 8],44,98,114,54,94
1,<environment.Job instance at 0x7f6c603e4820>,46,14,[6 5],47,114,128,67,99
1,<environment.Job instance at 0x7f6c603e4690>,49,13,[1 5],50,116,129,66,100
1,<environment.Job instance at 0x7f6c603e4b40>,51,13,[5 6],52,128,141,76,112
1,<environment.Job instance at 0x7f6c603e4af0>,53,17,[7 4],54,116,133,62,112
1,<environment.Job instance at 0x7f6c603e4e60>,54,13,[7 3],55,133,146,78,117
1,<environment.Job instance at 0x7f6c603e4eb0>,56,21,[8 4],57,141,162,84,133
1,<environment.Job instance at 0x7f6c603e40a0>,36,20,[7 5],37,146,166,109,137
1,<environment.Job instance at 0x7f6c603e6140>,59,19,[1 7],60,162,181,102,152
1,<environment.Job instance at 0x7f6c603e63c0>,63,12,[5 3],64,162,174,98,152
1,<environment.Job instance at 0x7f6c603e6410>,67,18,[9 4],68,166,184,98,155
1,<environment.Job instance at 0x7f6c603e66e0>,68,12,[7 1],69,184,196,115,167
1,<environment.Job instance at 0x7f6c603e6820>,70,15,[8 4],71,184,199,113,170
1,<environment.Job instance at 0x7f6c603e6a00>,71,14,[4 9],72,196,210,124,181
1,<environment.Job instance at 0x7f6c603e6b40>,73,18,[3 5],74,199,217,125,188
1,<environment.Job instance at 0x7f6c603e6be0>,74,19,[3 8],75,210,229,135,202
1,<environment.Job instance at 0x7f6c603e6c80>,75,17,[7 1],76,202,219,126,202
1,<environment.Job instance at 0x7f6c603e6d20>,76,14,[10  4],77,219,233,142,204
1,<environment.Job instance at 0x7f6c603e6e60>,78,16,[8 1],79,233,249,154,220
1,<environment.Job instance at 0x7f6c603e6960>,81,19,[5 5],82,229,248,147,220
1,<environment.Job instance at 0x7f6c603e6690>,82,14,[8 5],83,249,263,166,234
1,<environment.Job instance at 0x7f6c603e61e0>,60,28,[2 6],61,234,262,173,234
1,<environment.Job instance at 0x7f6c603e9280>,84,18,[ 3 10],85,262,280,177,253
1,<environment.Job instance at 0x7f6c603e9320>,85,27,[5 5],86,263,290,177,261
1,<environment.Job instance at 0x7f6c603e93c0>,86,15,[1 7],87,280,295,193,266
1,<environment.Job instance at 0x7f6c603e91e0>,83,21,[4 8],84,290,311,206,282
1,<environment.Job instance at 0x7f6c603e9640>,88,18,[7 1],89,295,313,206,284
1,<environment.Job instance at 0x7f6c603e94b0>,89,16,[4 9],90,311,327,221,298
1,<environment.Job instance at 0x7f6c603e9730>,92,15,[9 1],93,313,328,220,300
1,<environment.Job instance at 0x7f6c603e9b40>,96,16,[8 4],97,328,344,231,315
1,<environment.Job instance at 0x7f6c603e9be0>,97,18,[2 6],98,327,345,229,316
1,<environment.Job instance at 0x7f6c603eb190>,104,16,[1 9],105,344,360,239,331
1,<environment.Job instance at 0x7f6c603eb280>,106,16,[7 5],107,345,361,238,332
1,<environment.Job instance at 0x7f6c603eb4b0>,109,18,[1 9],110,360,378,250,349
1,<environment.Job instance at 0x7f6c603eb870>,113,12,[1 6],114,361,373,247,349
1,<environment.Job instance at 0x7f6c603eb910>,114,17,[5 1],115,373,390,258,361
1,<environment.Job instance at 0x7f6c603eba50>,116,17,[5 5],117,373,390,256,361
1,<environment.Job instance at 0x7f6c603e90f0>,87,26,[2 7],88,378,404,290,375
1,<environment.Job instance at 0x7f6c603eb2d0>,118,15,[ 4 10],119,404,419,285,390
1,<environment.Job instance at 0x7f6c603ebcd0>,122,18,[7 4],123,390,408,267,390
1,<environment.Job instance at 0x7f6c603d3370>,130,21,[5 4],131,408,429,277,400
1,<environment.Job instance at 0x7f6c603d35f0>,133,17,[5 1],134,408,425,274,400
1,<environment.Job instance at 0x7f6c60433780>,136,12,[5 4],137,419,431,282,402
1,<environment.Job instance at 0x7f6c60433b40>,138,14,[6 5],139,429,443,290,414
1,<environment.Job instance at 0x7f6c60502640>,139,17,[8 2],140,431,448,291,419
1,<environment.Job instance at 0x7f6c60485dc0>,141,13,[1 8],142,431,444,289,419
1,<environment.Job instance at 0x7f6c604901e0>,147,21,[9 2],148,448,469,300,440
1,<environment.Job instance at 0x7f6c605060a0>,148,13,[10  5],149,469,482,320,453
1,<environment.Job instance at 0x7f6c604f8500>,152,12,[1 5],153,453,465,300,453
1,<environment.Job instance at 0x7f6c604eb4b0>,155,17,[5 8],156,453,470,297,453
1,<environment.Job instance at 0x7f6c604eb0f0>,156,15,[ 2 10],157,470,485,313,457
1,<environment.Job instance at 0x7f6c60565f50>,162,19,[2 5],163,482,501,319,472
1,<environment.Job instance at 0x7f6c60404230>,168,14,[6 3],169,485,499,316,477
1,<environment.Job instance at 0x7f6c60404960>,171,14,[ 5 10],172,499,513,327,484
1,<environment.Job instance at 0x7f6c60404cd0>,172,17,[4 7],173,513,530,340,501
1,<environment.Job instance at 0x7f6c60404870>,173,13,[5 7],174,513,526,339,501
1,<environment.Job instance at 0x7f6c60505640>,176,19,[3 8],177,526,545,349,516
1,<environment.Job instance at 0x7f6c603ebc30>,119,20,[4 9],120,545,565,425,538
1,<environment.Job instance at 0x7f6c699c91e0>,1,24,[10  1],2,539,563,537,539
1,<environment.Job instance at 0x7f6c60384c30>,1,19,[11  4],2,2,21,0,2
1,<environment.Job instance at 0x7f6c5fdb2b40>,2,24,[4 9],3,3,27,0,3
1,<environment.Job instance at 0x7f6c5fd740a0>,6,17,[9 2],7,21,38,14,9
1,<environment.Job instance at 0x7f6c5fdb4c30>,12,20,[7 5],13,38,58,25,29
1,<environment.Job instance at 0x7f6c5fd6f3c0>,13,15,[9 5],14,58,73,44,44
1,<environment.Job instance at 0x7f6c5fd744b0>,4,23,[6 4],5,44,67,39,44
1,<environment.Job instance at 0x7f6c5fd6f190>,15,21,[5 9],16,67,88,51,59
1,<environment.Job instance at 0x7f6c5fe38230>,16,18,[7 1],17,73,91,56,63
1,<environment.Job instance at 0x7f6c5ff6de60>,8,13,[ 3 11],9,88,101,79,72
1,<environment.Job instance at 0x7f6c5fe46190>,18,14,[7 1],19,91,105,72,76
1,<environment.Job instance at 0x7f6c5fe460f0>,17,19,[3 8],18,101,120,83,91
1,<environment.Job instance at 0x7f6c5fe46370>,20,13,[12  2],21,105,118,84,91
1,<environment.Job instance at 0x7f6c5fe46730>,23,15,[6 1],24,118,133,94,108
1,<environment.Job instance at 0x7f6c5fe46780>,24,18,[5 4],25,118,136,93,108
1,<environment.Job instance at 0x7f6c5fe46910>,25,13,[12  2],26,136,149,110,120
1,<environment.Job instance at 0x7f6c5fe467d0>,22,22,[2 8],23,120,142,97,120
1,<environment.Job instance at 0x7f6c5fe46eb0>,30,20,[ 2 10],31,142,162,111,133
1,<environment.Job instance at 0x7f6c5fe4b6e0>,31,15,[11  5],32,149,164,117,135
1,<environment.Job instance at 0x7f6c5fe4b8c0>,34,13,[2 5],35,162,175,127,146
1,<environment.Job instance at 0x7f6c5fe4bf50>,40,23,[1 9],41,164,187,123,158
1,<environment.Job instance at 0x7f6c5fe500f0>,46,15,[8 5],47,175,190,128,161
1,<environment.Job instance at 0x7f6c5fe50190>,49,12,[4 8],50,187,199,137,170
1,<environment.Job instance at 0x7f6c5fe50780>,50,19,[4 7],51,190,209,139,180
1,<environment.Job instance at 0x7f6c5fe50690>,53,19,[ 5 10],54,209,228,155,199
1,<environment.Job instance at 0x7f6c5fe505f0>,54,22,[ 4 10],55,228,250,173,221
1,<environment.Job instance at 0x7f6c5ff3b6e0>,56,13,[4 8],57,250,263,193,234
1,<environment.Job instance at 0x7f6c5ffce550>,57,16,[8 4],58,234,250,176,234
1,<environment.Job instance at 0x7f6c5ffd4140>,60,13,[2 7],61,250,263,189,234
1,<environment.Job instance at 0x7f6c5fe9acd0>,65,13,[9 2],66,263,276,197,247
1,<environment.Job instance at 0x7f6c5fe9ae60>,66,13,[4 5],67,263,276,196,247
1,<environment.Job instance at 0x7f6c5fc57640>,72,13,[3 5],73,276,289,203,260
1,<environment.Job instance at 0x7f6c5fd7e0f0>,73,16,[5 8],74,276,292,202,263
1,<environment.Job instance at 0x7f6c5fd7e780>,74,23,[1 8],75,292,315,217,286
1,<environment.Job instance at 0x7f6c699f3f50>,76,14,[3 5],77,289,303,212,286
1,<environment.Job instance at 0x7f6c5fbf1a50>,83,17,[10  2],84,292,309,208,286
1,<environment.Job instance at 0x7f6c79a5d190>,87,17,[10  4],88,309,326,221,297
1,<environment.Job instance at 0x7f6c5fa00a00>,88,13,[6 4],89,326,339,237,310
1,<environment.Job instance at 0x7f6c5f9ec0a0>,91,16,[6 3],92,326,342,234,313
1,<environment.Job instance at 0x7f6c5faa05f0>,95,13,[8 3],96,339,352,243,323
1,<environment.Job instance at 0x7f6c5f9e3a00>,96,22,[7 5],97,342,364,245,335
1,<environment.Job instance at 0x7f6c5f979c30>,97,20,[5 8],98,352,372,254,343
1,<environment.Job instance at 0x7f6c5f979d20>,98,17,[8 4],99,364,381,265,352
1,<environment.Job instance at 0x7f6c5f9c4dc0>,99,15,[3 6],100,372,387,272,358
1,<environment.Job instance at 0x7f6c5fa28cd0>,102,15,[5 8],103,381,396,278,367
1,<environment.Job instance at 0x7f6c5fa28dc0>,103,20,[ 4 10],104,396,416,292,387
1,<environment.Job instance at 0x7f6c5f991370>,105,23,[3 6],106,416,439,310,410
1,<environment.Job instance at 0x7f6c5f9910f0>,106,17,[ 5 10],107,439,456,332,427
1,<environment.Job instance at 0x7f6c5f9915f0>,110,13,[8 4],111,427,440,316,427
1,<environment.Job instance at 0x7f6c5f98cd70>,115,23,[3 6],116,456,479,340,450
1,<environment.Job instance at 0x7f6c5f98ccd0>,118,12,[5 8],119,456,468,337,450
1,<environment.Job instance at 0x7f6c5f98c870>,119,13,[5 1],120,450,463,330,450
1,<environment.Job instance at 0x7f6c5f98c410>,120,12,[5 5],121,468,480,347,451
1,<environment.Job instance at 0x7f6c5f98c7d0>,123,18,[9 5],124,479,497,355,468
1,<environment.Job instance at 0x7f6c5f98c0f0>,124,18,[1 7],125,480,498,355,469
1,<environment.Job instance at 0x7f6c5f98d460>,130,14,[7 1],131,497,511,366,482
1,<environment.Job instance at 0x7f6c5f98d910>,134,12,[4 7],135,497,509,362,482
1,<environment.Job instance at 0x7f6c5f98f3c0>,140,14,[3 7],141,498,512,357,491
1,<environment.Job instance at 0x7f6c5f98fbe0>,144,16,[ 4 10],145,512,528,367,499
1,<environment.Job instance at 0x7f6c5f98f140>,145,20,[5 8],146,528,548,382,519
1,<environment.Job instance at 0x7f6c5fabeaa0>,152,13,[2 9],153,548,561,395,532
1,<environment.Job instance at 0x7f6c69a1e410>,153,20,[4 9],154,561,581,407,552
1,<environment.Job instance at 0x7f6c5fa14be0>,154,12,[2 7],155,581,593,426,564
1,<environment.Job instance at 0x7f6c5fa14af0>,156,21,[10  5],157,564,585,407,564
1,<environment.Job instance at 0x7f6c6b977dc0>,161,26,[6 2],162,585,611,423,582
1,<environment.Job instance at 0x7f6c5fb1a4b0>,162,23,[5 8],163,593,616,430,587
1,<environment.Job instance at 0x7f6c5fb1a870>,163,17,[5 9],164,616,633,452,604
1,<environment.Job instance at 0x7f6c5f9975a0>,164,17,[7 1],165,611,628,446,604
1,<environment.Job instance at 0x7f6c5fdb2eb0>,0,26,[3 9],1,633,659,632,630
1,<environment.Job instance at 0x7f6c5fe46a00>,26,27,[10  5],27,1650,1677,1623,1650
1,<environment.Job instance at 0x7f6c5fd74050>,7,16,[1 7],8,1793,1809,1785,1793
1,<environment.Job instance at 0x7f6c5fe461e0>,19,14,[14  2],20,1952,1966,1932,1952
1,<environment.Job instance at 0x7f6c5fab41e0>,8,16,[5 2],9,9,25,0,9
1,<environment.Job instance at 0x7f6c5fab4a00>,9,22,[2 5],10,10,32,0,10
1,<environment.Job instance at 0x7f6c5fab4910>,10,12,[ 1 10],11,25,37,14,11
1,<environment.Job instance at 0x7f6c5fabed20>,15,13,[5 5],16,32,45,16,19
1,<environment.Job instance at 0x7f6c5fabe0f0>,16,20,[7 1],17,37,57,20,28
1,<environment.Job instance at 0x7f6c5fabefa0>,21,20,[5 5],22,45,65,23,36
1,<environment.Job instance at 0x7f6c5fabecd0>,25,17,[7 4],26,57,74,31,45
1,<environment.Job instance at 0x7f6c5fabe2d0>,27,19,[3 8],28,66,85,38,66
1,<environment.Job instance at 0x7f6c5fabe730>,29,13,[1 7],30,74,87,44,66
1,<environment.Job instance at 0x7f6c5fabe4b0>,32,18,[10  5],33,85,103,52,74
1,<environment.Job instance at 0x7f6c5fc76be0>,39,16,[4 5],40,87,103,47,74
1,<environment.Job instance at 0x7f6c5fc760a0>,42,14,[4 5],43,103,117,60,88
1,<environment.Job instance at 0x7f6c5fc76460>,45,13,[5 6],46,103,116,57,88
1,<environment.Job instance at 0x7f6c5fab40a0>,14,23,[13  3],15,117,140,102,111
1,<environment.Job instance at 0x7f6c5fab4140>,12,24,[6 4],13,140,164,127,135
1,<environment.Job instance at 0x7f6c5fcbf780>,52,23,[ 5 11],53,140,163,87,135
1,<environment.Job instance at 0x7f6c5fc76eb0>,51,13,[ 5 12],52,164,177,112,148
1,<environment.Job instance at 0x7f6c5fcbf7d0>,55,23,[9 4],56,177,200,121,171
1,<environment.Job instance at 0x7f6c5fcbfa00>,56,13,[ 3 14],57,200,213,143,184
1,<environment.Job instance at 0x7f6c5fcbf050>,54,13,[12  4],55,213,226,158,203
1,<environment.Job instance at 0x7f6c5fcbf5f0>,57,24,[ 4 14],58,226,250,168,221
1,<environment.Job instance at 0x7f6c5fcbf0a0>,59,24,[13  3],60,250,274,190,245
1,<environment.Job instance at 0x7f6c5fcbf690>,60,27,[9 5],61,274,301,213,272
1,<environment.Job instance at 0x7f6c5fcbf730>,61,22,[13  5],62,301,323,239,294
1,<environment.Job instance at 0x7f6c5fcbff00>,62,14,[ 3 13],63,323,337,260,308
1,<environment.Job instance at 0x7f6c5fcbff50>,63,26,[14  2],64,337,363,273,334
1,<environment.Job instance at 0x7f6c5fcbfbe0>,64,13,[13  4],65,363,376,298,347
1,<environment.Job instance at 0x7f6c5fc76190>,50,20,[4 9],51,376,396,325,367
1,<environment.Job instance at 0x7f6c5fcbf280>,65,21,[ 4 10],66,396,417,330,388
1,<environment.Job instance at 0x7f6c5fcbfaa0>,67,25,[11  1],68,388,413,320,388
1,<environment.Job instance at 0x7f6c5fcbf820>,68,19,[13  3],69,417,436,348,407
1,<environment.Job instance at 0x7f6c5fcbf6e0>,69,13,[6 2],70,436,449,366,420
1,<environment.Job instance at 0x7f6c5fcbfd70>,70,25,[13  4],71,449,474,378,445
1,<environment.Job instance at 0x7f6c5fcbf460>,71,12,[7 5],72,474,486,402,457
1,<environment.Job instance at 0x7f6c5fcbf8c0>,72,20,[10  2],73,486,506,413,477
1,<environment.Job instance at 0x7f6c5fe2ddc0>,73,18,[ 2 13],74,486,504,412,477
1,<environment.Job instance at 0x7f6c5fe2d140>,74,15,[2 6],75,504,519,429,490
1,<environment.Job instance at 0x7f6c5fe2d0f0>,75,17,[10  4],76,506,523,430,494
1,<environment.Job instance at 0x7f6c5fe2da00>,76,19,[6 5],77,523,542,446,513
1,<environment.Job instance at 0x7f6c5fe2da50>,77,14,[12  2],78,542,556,464,527
1,<environment.Job instance at 0x7f6c5fe2db90>,78,17,[12  4],79,556,573,477,544
1,<environment.Job instance at 0x7f6c5fe2dc30>,79,25,[6 4],80,573,598,493,569
1,<environment.Job instance at 0x7f6c5fe2d870>,80,19,[3 6],81,569,588,488,569
1,<environment.Job instance at 0x7f6c5fe2dc80>,81,20,[ 2 10],82,588,608,506,579
1,<environment.Job instance at 0x7f6c5fe2daf0>,82,18,[ 2 13],83,608,626,525,597
1,<environment.Job instance at 0x7f6c5fb70be0>,83,14,[14  2],84,626,640,542,611
1,<environment.Job instance at 0x7f6c5fb70690>,84,27,[ 1 12],85,626,653,541,624
1,<environment.Job instance at 0x7f6c5fb70820>,85,15,[13  4],86,653,668,567,639
1,<environment.Job instance at 0x7f6c5fb707d0>,86,24,[ 4 14],87,668,692,581,663
1,<environment.Job instance at 0x7f6c5fb70e60>,87,15,[4 9],88,692,707,604,678
1,<environment.Job instance at 0x7f6c5fb70550>,88,16,[12  5],89,707,723,618,694
1,<environment.Job instance at 0x7f6c5fb70500>,89,12,[4 6],90,694,706,604,694
1,<environment.Job instance at 0x7f6c5fb70960>,90,23,[3 9],91,707,730,616,701
1,<environment.Job instance at 0x7f6c5fb70190>,91,19,[ 4 14],92,730,749,638,720
1,<environment.Job instance at 0x7f6c5fb709b0>,92,19,[7 3],93,749,768,656,739
1,<environment.Job instance at 0x7f6c5fb70730>,93,26,[10  3],94,768,794,674,765
1,<environment.Job instance at 0x7f6c5fb70af0>,94,17,[14  3],95,794,811,699,782
1,<environment.Job instance at 0x7f6c5fb70f00>,95,18,[5 5],96,811,829,715,800
1,<environment.Job instance at 0x7f6c5fb70320>,96,15,[2 6],97,811,826,714,800
1,<environment.Job instance at 0x7f6c5fb70c80>,97,14,[8 4],98,811,825,713,800
1,<environment.Job instance at 0x7f6c5fb706e0>,98,22,[ 4 12],99,829,851,730,822
1,<environment.Job instance at 0x7f6c5fb70cd0>,99,25,[8 2],100,825,850,725,822
1,<environment.Job instance at 0x7f6c5fb70280>,100,15,[5 2],101,850,865,749,836
1,<environment.Job instance at 0x7f6c5fb704b0>,101,27,[6 4],102,851,878,749,849
1,<environment.Job instance at 0x7f6c5fbb6370>,102,13,[10  4],103,878,891,775,862
1,<environment.Job instance at 0x7f6c5fbb6960>,103,20,[4 7],104,862,882,758,862
1,<environment.Job instance at 0x7f6c5fbb60f0>,104,21,[10  3],105,891,912,786,883
1,<environment.Job instance at 0x7f6c5fbb69b0>,105,12,[12  2],106,912,924,806,895
1,<environment.Job instance at 0x7f6c5fbb6f50>,106,12,[14  2],107,924,936,817,907
1,<environment.Job instance at 0x7f6c5fbb6690>,107,15,[ 4 10],108,936,951,828,922
1,<environment.Job instance at 0x7f6c5fbb63c0>,108,13,[14  5],109,951,964,842,935
1,<environment.Job instance at 0x7f6c5fbb60a0>,109,25,[13  3],110,964,989,854,960
1,<environment.Job instance at 0x7f6c5fbb6c80>,110,14,[ 1 14],111,989,1003,878,974
1,<environment.Job instance at 0x7f6c5fbb6a50>,111,14,[5 3],112,1003,1017,891,988
1,<environment.Job instance at 0x7f6c5fbb6050>,112,12,[ 2 13],113,1017,1029,904,1000
1,<environment.Job instance at 0x7f6c5fbb6dc0>,113,22,[13  3],114,1029,1051,915,1022
1,<environment.Job instance at 0x7f6c5fbb6c30>,114,20,[7 5],115,1051,1071,936,1042
1,<environment.Job instance at 0x7f6c5fbb6730>,115,21,[4 8],116,1051,1072,935,1043
1,<environment.Job instance at 0x7f6c5fbb64b0>,116,17,[5 4],117,1071,1088,954,1059
1,<environment.Job instance at 0x7f6c5fbb6230>,117,20,[8 5],118,1072,1092,954,1063
1,<environment.Job instance at 0x7f6c5fbb67d0>,118,18,[11  4],119,1092,1110,973,1081
1,<environment.Job instance at 0x7f6c5fbb6910>,119,24,[10  3],120,1110,1134,990,1105
1,<environment.Job instance at 0x7f6c5fb12f00>,120,18,[11  2],121,1134,1152,1013,1123
1,<environment.Job instance at 0x7f6c5fb12230>,121,20,[ 3 14],122,1152,1172,1030,1143
1,<environment.Job instance at 0x7f6c5fb12050>,131,17,[5 4],132,1172,1189,1040,1160
1,<environment.Job instance at 0x7f6c5fb12b40>,134,16,[4 6],135,1172,1188,1037,1160
1,<environment.Job instance at 0x7f6c5fa1c2d0>,135,16,[1 9],136,1188,1204,1052,1179
1,<environment.Job instance at 0x7f6c5fa1c910>,136,16,[7 2],137,1188,1204,1051,1179
1,<environment.Job instance at 0x7f6c5f9cc820>,140,15,[3 5],141,1204,1219,1063,1190
1,<environment.Job instance at 0x7f6c5f979be0>,142,17,[5 5],143,1204,1221,1061,1192
1,<environment.Job instance at 0x7f6c5ffc7d70>,154,13,[5 5],155,1204,1217,1049,1194
1,<environment.Job instance at 0x7f6c5fb126e0>,122,24,[14  5],123,1221,1245,1098,1216
1,<environment.Job instance at 0x7f6c5fd576e0>,156,18,[6 3],157,1245,1263,1088,1234
1,<environment.Job instance at 0x7f6c5fb16690>,157,16,[9 4],158,1245,1261,1087,1234
1,<environment.Job instance at 0x7f6c5fae33c0>,155,22,[4 7],156,1261,1283,1105,1257
1,<environment.Job instance at 0x7f6c6004a7d0>,160,14,[9 5],161,1263,1277,1102,1257
1,<environment.Job instance at 0x7f6c69b3f320>,163,19,[7 5],164,1277,1296,1113,1267
1,<environment.Job instance at 0x7f6c5fb1c8c0>,166,21,[8 4],167,1283,1304,1116,1275
1,<environment.Job instance at 0x7f6c60229c30>,168,15,[1 7],169,1296,1311,1127,1282
1,<environment.Job instance at 0x7f6c602299b0>,169,14,[7 2],170,1304,1318,1134,1289
1,<environment.Job instance at 0x7f6c60140230>,173,13,[1 6],174,1304,1317,1130,1289
1,<environment.Job instance at 0x7f6c5f991b40>,175,15,[1 6],176,1311,1326,1135,1297
1,<environment.Job instance at 0x7f6c6015d500>,176,13,[5 2],177,1317,1330,1140,1301
1,<environment.Job instance at 0x7f6c5ff77370>,158,27,[1 9],159,1326,1353,1167,1324
1,<environment.Job instance at 0x7f6c5fcbf640>,58,18,[5 5],59,1330,1348,1271,1324
1,<environment.Job instance at 0x7f6c5fab4aa0>,0,28,[8 2],1,1348,1376,1347,1347
1,<environment.Job instance at 0x7f6c5fab4d20>,2,18,[2 5],3,3,21,0,3
1,<environment.Job instance at 0x7f6c5f94ceb0>,3,16,[12  2],4,6,22,2,6
1,<environment.Job instance at 0x7f6c5f9500a0>,5,19,[5 7],6,22,41,16,12
1,<environment.Job instance at 0x7f6c5f9505a0>,11,16,[6 1],12,22,38,10,12
1,<environment.Job instance at 0x7f6c5f950550>,13,14,[10  3],14,38,52,24,23
1,<environment.Job instance at 0x7f6c5f9507d0>,14,18,[4 7],15,41,59,26,30
1,<environment.Job instance at 0x7f6c5f950a50>,18,21,[5 6],19,52,73,33,44
1,<environment.Job instance at 0x7f6c5f950af0>,19,14,[ 3 10],20,73,87,53,58
1,<environment.Job instance at 0x7f6c5f950b90>,20,13,[4 5],21,59,72,38,58
1,<environment.Job instance at 0x7f6c5f950cd0>,22,16,[1 5],23,72,88,49,59
1,<environment.Job instance at 0x7f6c5f950e10>,23,18,[4 9],24,87,105,63,76
1,<environment.Job instance at 0x7f6c5f9504b0>,28,13,[10  1],29,87,100,58,76
1,<environment.Job instance at 0x7f6c5f953500>,34,18,[ 1 10],35,105,123,70,94
1,<environment.Job instance at 0x7f6c5f953820>,39,14,[1 7],40,123,137,83,108
1,<environment.Job instance at 0x7f6c5f9538c0>,40,18,[7 5],41,108,126,67,108
1,<environment.Job instance at 0x7f6c5f950500>,10,15,[2 7],11,126,141,115,115
1,<environment.Job instance at 0x7f6c5faef4b0>,0,27,[6 1],1,123,150,122,122
1,<environment.Job instance at 0x7f6c5f953c30>,44,22,[10  2],45,150,172,105,143
1,<environment.Job instance at 0x7f6c5f953dc0>,47,16,[2 8],48,143,159,95,143
1,<environment.Job instance at 0x7f6c5f956320>,55,18,[2 5],56,143,161,87,143
1,<environment.Job instance at 0x7f6c5f956640>,58,14,[3 9],59,161,175,102,146
1,<environment.Job instance at 0x7f6c5f9565f0>,60,14,[5 1],61,172,186,111,157
1,<environment.Job instance at 0x7f6c5f956a00>,64,14,[8 4],65,175,189,110,160
1,<environment.Job instance at 0x7f6c5f956c80>,68,14,[5 8],69,186,200,117,171
1,<environment.Job instance at 0x7f6c5f9565a0>,74,19,[3 6],75,189,208,114,179
1,<environment.Job instance at 0x7f6c5fae2320>,76,15,[6 1],77,189,204,112,179
1,<environment.Job instance at 0x7f6c5f945230>,80,12,[2 8],81,200,212,119,183
1,<environment.Job instance at 0x7f6c5f944fa0>,81,13,[6 4],82,208,221,126,192
1,<environment.Job instance at 0x7f6c5f944be0>,84,13,[5 7],85,212,225,127,196
1,<environment.Job instance at 0x7f6c5f944f50>,86,14,[4 9],87,225,239,138,210
1,<environment.Job instance at 0x7f6c5f944b40>,87,18,[8 3],88,221,239,133,210
1,<environment.Job instance at 0x7f6c5f944870>,88,12,[3 5],89,239,251,150,222
1,<environment.Job instance at 0x7f6c5f9447d0>,89,15,[1 8],90,239,254,149,225
1,<environment.Job instance at 0x7f6c5f9443c0>,92,20,[8 5],93,251,271,158,242
1,<environment.Job instance at 0x7f6c5f944d20>,95,18,[3 7],96,254,272,158,243
1,<environment.Job instance at 0x7f6c5f944280>,97,18,[10  1],98,271,289,173,260
1,<environment.Job instance at 0x7f6c600defa0>,98,20,[2 7],99,271,291,172,262
1,<environment.Job instance at 0x7f6c60243690>,100,17,[5 2],101,289,306,188,277
1,<environment.Job instance at 0x7f6c5fd39640>,101,18,[4 9],102,291,309,189,280
1,<environment.Job instance at 0x7f6c602d0320>,102,12,[6 2],103,289,301,186,280
1,<environment.Job instance at 0x7f6c600ed8c0>,103,23,[1 5],104,306,329,202,300
1,<environment.Job instance at 0x7f6c6024e640>,105,16,[6 2],106,309,325,203,301
1,<environment.Job instance at 0x7f6c6030d280>,106,16,[8 2],107,309,325,202,301
1,<environment.Job instance at 0x7f6c5fd662d0>,109,16,[7 4],110,325,341,215,312
1,<environment.Job instance at 0x7f6c60eecfa0>,112,12,[7 2],113,325,337,212,312
1,<environment.Job instance at 0x7f6c600b3140>,115,18,[ 2 10],116,337,355,221,326
1,<environment.Job instance at 0x7f6c600cc1e0>,120,22,[10  1],121,341,363,220,334
1,<environment.Job instance at 0x7f6c600ecb90>,125,17,[10  1],126,363,380,237,351
1,<environment.Job instance at 0x7f6c5fab4aa0>,9,21,[1 7],10,355,376,345,351
1,<environment.Job instance at 0x7f6c5fd52050>,134,21,[3 7],135,362,383,227,362
1,<environment.Job instance at 0x7f6c5f92fa00>,136,17,[3 5],137,380,397,243,368
1,<environment.Job instance at 0x7f6c5f92f9b0>,138,14,[6 5],139,383,397,244,368
1,<environment.Job instance at 0x7f6c5fd504b0>,132,16,[5 4],133,383,399,250,370
1,<environment.Job instance at 0x7f6c5fd58690>,147,15,[4 7],148,397,412,249,383
1,<environment.Job instance at 0x7f6c5fd58460>,148,12,[1 7],149,399,411,250,383
1,<environment.Job instance at 0x7f6c5fd58730>,149,17,[8 4],150,411,428,261,399
1,<environment.Job instance at 0x7f6c5fd58f00>,150,16,[1 7],151,412,428,261,400
1,<environment.Job instance at 0x7f6c5fd58cd0>,153,21,[8 3],154,428,449,274,423
1,<environment.Job instance at 0x7f6c5fd58e10>,143,23,[5 5],144,428,451,284,423
1,<environment.Job instance at 0x7f6c5fd46550>,157,13,[12  4],158,451,464,293,435
1,<environment.Job instance at 0x7f6c5fd58410>,156,20,[3 6],157,449,469,292,447
1,<environment.Job instance at 0x7f6c5fd465f0>,158,28,[10  4],159,464,492,305,463
1,<environment.Job instance at 0x7f6c5fd46af0>,160,15,[5 5],161,469,484,308,463
1,<environment.Job instance at 0x7f6c5fd462d0>,159,16,[ 4 10],160,484,500,324,471
1,<environment.Job instance at 0x7f6c5fd467d0>,162,24,[6 3],163,492,516,329,487
1,<environment.Job instance at 0x7f6c5fd46140>,165,18,[6 4],166,500,518,334,489
1,<environment.Job instance at 0x7f6c5fd46b40>,170,15,[11  4],171,518,533,347,504
1,<environment.Job instance at 0x7f6c5fd46780>,171,13,[5 6],172,533,546,361,517
1,<environment.Job instance at 0x7f6c5fd46e60>,174,19,[1 6],175,517,536,342,517
1,<environment.Job instance at 0x7f6c5f940a50>,178,22,[8 2],179,533,555,354,526
1,<environment.Job instance at 0x7f6c5f9501e0>,8,18,[14  2],9,555,573,546,544
1,<environment.Job instance at 0x7f6c5fd46a00>,161,18,[ 1 12],162,563,581,401,563
1,<environment.Job instance at 0x7f6c5f953d20>,46,24,[8 2],47,573,597,526,570
1,<environment.Job instance at 0x7f6c5fa00910>,1,17,[2 7],2,2,19,0,2
1,<environment.Job instance at 0x7f6c5f953d70>,2,23,[8 3],3,4,27,1,4
1,<environment.Job instance at 0x7f6c6046e640>,10,14,[9 2],11,27,41,16,12
1,<environment.Job instance at 0x7f6c60524910>,14,22,[5 4],15,15,37,0,15
1,<environment.Job instance at 0x7f6c60524b90>,17,16,[5 2],18,37,53,19,24
1,<environment.Job instance at 0x7f6c6046e6e0>,18,12,[6 4],19,41,53,22,24
1,<environment.Job instance at 0x7f6c60524f00>,22,22,[8 3],23,53,75,30,46
1,<environment.Job instance at 0x7f6c605248c0>,24,18,[5 8],25,53,71,28,51
1,<environment.Job instance at 0x7f6c60524a50>,27,20,[5 7],28,71,91,43,62
1,<environment.Job instance at 0x7f6c604c5e10>,35,22,[6 2],36,75,97,39,69
1,<environment.Job instance at 0x7f6c604c5c80>,39,15,[9 2],40,91,106,51,77
1,<environment.Job instance at 0x7f6c604c5410>,40,14,[2 7],41,97,111,56,82
1,<environment.Job instance at 0x7f6c604c5f50>,41,14,[5 7],42,106,120,64,91
1,<environment.Job instance at 0x7f6c604c5cd0>,43,16,[6 2],44,111,127,67,98
1,<environment.Job instance at 0x7f6c604c50f0>,47,14,[2 9],48,120,134,72,105
1,<environment.Job instance at 0x7f6c604ea2d0>,54,13,[4 5],55,127,140,72,111
1,<environment.Job instance at 0x7f6c604eafa0>,55,20,[3 7],56,134,154,78,125
1,<environment.Job instance at 0x7f6c604ea640>,57,17,[8 3],58,134,151,76,125
1,<environment.Job instance at 0x7f6c604ea370>,59,18,[2 7],60,151,169,91,140
1,<environment.Job instance at 0x7f6c604eadc0>,64,16,[1 6],65,154,170,89,141
1,<environment.Job instance at 0x7f6c604ea550>,68,14,[5 2],69,154,168,85,141
1,<environment.Job instance at 0x7f6c606a08c0>,71,15,[6 3],72,169,184,97,155
1,<environment.Job instance at 0x7f6c606a0a50>,72,16,[9 3],73,170,186,97,157
1,<environment.Job instance at 0x7f6c606a00a0>,75,22,[5 5],76,184,206,108,177
1,<environment.Job instance at 0x7f6c606a0410>,81,15,[5 4],82,186,201,104,177
1,<environment.Job instance at 0x7f6c6045f3c0>,86,14,[7 3],87,201,215,114,186
1,<environment.Job instance at 0x7f6c6045faa0>,95,12,[5 5],96,186,198,90,186
1,<environment.Job instance at 0x7f6c5fd6d5a0>,0,23,[2 9],1,206,229,205,202
1,<environment.Job instance at 0x7f6c6046eaa0>,5,19,[13  1],6,215,234,209,205
1,<environment.Job instance at 0x7f6c6045feb0>,97,19,[1 8],98,229,248,131,224
1,<environment.Job instance at 0x7f6c605249b0>,23,15,[14  1],24,234,249,210,224
1,<environment.Job instance at 0x7f6c605068c0>,102,13,[10  5],103,249,262,146,233
1,<environment.Job instance at 0x7f6c60506820>,112,19,[3 6],113,249,268,136,245
1,<environment.Job instance at 0x7f6c6045f870>,101,14,[8 3],102,262,276,160,247
1,<environment.Job instance at 0x7f6c604f5b90>,120,18,[7 4],121,268,286,147,257
1,<environment.Job instance at 0x7f6c604f55f0>,126,20,[2 9],127,276,296,149,271
1,<environment.Job instance at 0x7f6c604e85a0>,134,20,[5 3],135,286,306,151,277
1,<environment.Job instance at 0x7f6c609eb690>,140,16,[6 3],141,286,302,145,277
1,<environment.Job instance at 0x7f6c605f07d0>,145,12,[10  2],146,302,314,156,285
1,<environment.Job instance at 0x7f6c605f9e60>,150,14,[5 1],151,306,320,155,295
1,<environment.Job instance at 0x7f6c6046e460>,11,19,[13  1],12,320,339,308,310
1,<environment.Job instance at 0x7f6c60506280>,114,18,[ 2 11],115,314,332,199,312
1,<environment.Job instance at 0x7f6c6071eb40>,153,13,[13  5],154,339,352,185,324
1,<environment.Job instance at 0x7f6c60584140>,154,16,[ 5 13],155,352,368,197,343
1,<environment.Job instance at 0x7f6c60550460>,152,21,[11  4],153,368,389,215,360
1,<environment.Job instance at 0x7f6c60745a50>,151,20,[3 8],152,370,390,218,370
1,<environment.Job instance at 0x7f6c604e8c80>,161,16,[3 9],162,390,406,228,377
1,<environment.Job instance at 0x7f6c604e8b90>,162,22,[5 2],163,389,411,226,384
1,<environment.Job instance at 0x7f6c604e8fa0>,166,16,[1 8],167,406,422,239,393
1,<environment.Job instance at 0x7f6c604e8280>,167,16,[8 3],168,406,422,238,393
1,<environment.Job instance at 0x7f6c604e8820>,172,21,[1 5],173,422,443,249,414
1,<environment.Job instance at 0x7f6c60a85c80>,176,12,[2 5],177,422,434,245,419
1,<environment.Job instance at 0x7f6c6044cd20>,156,22,[9 5],157,422,444,265,419
1,<environment.Job instance at 0x7f6c60a85d70>,178,12,[9 1],179,444,456,265,427
1,<environment.Job instance at 0x7f6c60a85d20>,177,22,[4 8],178,486,508,308,486
1,<environment.Job instance at 0x7f6c6045f050>,99,17,[8 3],100,4080,4097,3980,4080
1,<environment.Job instance at 0x7f6c6045f1e0>,98,20,[7 4],99,4080,4100,3981,4080
1,<environment.Job instance at 0x7f6c5f635fa0>,0,13,[ 1 12],1,1,14,0,1
1,<environment.Job instance at 0x7f6c6045ff00>,1,16,[ 2 12],2,14,30,12,2
1,<environment.Job instance at 0x7f6c60788910>,9,14,[13  3],10,11,25,1,11
1,<environment.Job instance at 0x7f6c5f624e60>,8,13,[4 5],9,30,43,21,14
1,<environment.Job instance at 0x7f6c5f624e10>,11,14,[10  4],12,30,44,18,18
1,<environment.Job instance at 0x7f6c5f624690>,13,20,[8 4],14,44,64,30,35
1,<environment.Job instance at 0x7f6c5f604820>,18,19,[6 5],19,44,63,25,35
1,<environment.Job instance at 0x7f6c5f604a50>,21,15,[2 7],22,63,78,41,49
1,<environment.Job instance at 0x7f6c5f604280>,22,17,[3 5],23,64,81,41,52
1,<environment.Job instance at 0x7f6c5f624c30>,14,27,[1 9],15,78,105,63,76
1,<environment.Job instance at 0x7f6c5f66aaf0>,32,24,[4 6],33,81,105,48,76
1,<environment.Job instance at 0x7f6c5f66a4b0>,33,15,[ 2 13],34,105,120,71,91
1,<environment.Job instance at 0x7f6c5f66a7d0>,34,18,[11  2],35,105,123,70,94
1,<environment.Job instance at 0x7f6c5f66a230>,35,14,[10  1],36,123,137,87,108
1,<environment.Job instance at 0x7f6c5f66a0a0>,36,12,[9 5],37,137,149,100,120
1,<environment.Job instance at 0x7f6c5f7049b0>,37,18,[14  1],38,149,167,111,138
1,<environment.Job instance at 0x7f6c5f704fa0>,38,23,[ 1 11],39,149,172,110,143
1,<environment.Job instance at 0x7f6c5f704460>,39,19,[ 3 12],40,172,191,132,162
1,<environment.Job instance at 0x7f6c5f704870>,40,16,[5 4],41,191,207,150,178
1,<environment.Job instance at 0x7f6c5f7045a0>,41,18,[7 2],42,178,196,136,178
1,<environment.Job instance at 0x7f6c5f7040f0>,42,12,[5 2],43,196,208,153,179
1,<environment.Job instance at 0x7f6c5f704af0>,43,13,[ 3 11],44,207,220,163,191
1,<environment.Job instance at 0x7f6c5f704910>,44,12,[7 2],45,207,219,162,191
1,<environment.Job instance at 0x7f6c5f7a54b0>,45,25,[5 3],46,219,244,173,215
1,<environment.Job instance at 0x7f6c5f7a58c0>,46,15,[11  2],47,244,259,197,230
1,<environment.Job instance at 0x7f6c5f7a5c30>,47,12,[7 2],48,230,242,182,230
1,<environment.Job instance at 0x7f6c5f7a5370>,48,25,[7 2],49,259,284,210,255
1,<environment.Job instance at 0x7f6c5f7a55f0>,49,18,[ 5 12],50,259,277,209,255
1,<environment.Job instance at 0x7f6c5f7a5a00>,50,12,[ 3 12],51,277,289,226,260
1,<environment.Job instance at 0x7f6c5f7a5cd0>,51,15,[11  5],52,289,304,237,275
1,<environment.Job instance at 0x7f6c5f5fba50>,52,19,[2 5],53,289,308,236,279
1,<environment.Job instance at 0x7f6c5f5fbc80>,53,16,[13  2],54,304,320,250,291
1,<environment.Job instance at 0x7f6c5f66a1e0>,31,21,[2 9],32,308,329,276,300
1,<environment.Job instance at 0x7f6c5f7a5c80>,54,12,[13  3],55,320,332,265,303
1,<environment.Job instance at 0x7f6c5f655a50>,56,13,[8 4],57,332,345,275,318
1,<environment.Job instance at 0x7f6c5f655550>,57,17,[6 2],58,332,349,274,320
1,<environment.Job instance at 0x7f6c5f700460>,58,16,[6 5],59,345,361,286,332
1,<environment.Job instance at 0x7f6c5f700a00>,61,14,[14  3],62,361,375,299,346
1,<environment.Job instance at 0x7f6c5fdcd410>,62,16,[6 3],63,375,391,312,362
1,<environment.Job instance at 0x7f6c5f7a65a0>,63,12,[ 5 12],64,375,387,311,362
1,<environment.Job instance at 0x7f6c5f624730>,10,24,[3 9],11,387,411,376,382
1,<environment.Job instance at 0x7f6c5f626dc0>,65,16,[6 4],66,391,407,325,383
1,<environment.Job instance at 0x7f6c5f799c30>,4,14,[4 8],5,411,425,406,396
1,<environment.Job instance at 0x7f6c5f7a6e10>,66,22,[7 2],67,407,429,340,400
1,<environment.Job instance at 0x7f6c5f706eb0>,60,19,[4 5],61,411,430,350,408
1,<environment.Job instance at 0x7f6c60adbf50>,69,12,[5 4],70,429,441,359,412
1,<environment.Job instance at 0x7f6c5fa82190>,71,13,[9 3],72,430,443,358,416
1,<environment.Job instance at 0x7f6c5fa3e820>,72,14,[8 4],73,443,457,370,428
1,<environment.Job instance at 0x7f6c608ca550>,76,16,[7 5],77,443,459,366,430
1,<environment.Job instance at 0x7f6c5f6aa640>,78,13,[7 1],79,457,470,378,441
1,<environment.Job instance at 0x7f6c60645a00>,2,27,[ 3 11],3,459,486,456,457
1,<environment.Job instance at 0x7f6c603c0d20>,80,15,[9 1],81,470,485,389,457
1,<environment.Job instance at 0x7f6c5f607230>,68,23,[8 3],69,485,508,416,479
1,<environment.Job instance at 0x7f6c5f7a6a00>,67,28,[3 5],68,486,514,418,485
1,<environment.Job instance at 0x7f6c6065f6e0>,83,24,[9 1],84,508,532,424,503
1,<environment.Job instance at 0x7f6c6065f870>,86,20,[10  4],87,532,552,445,523
1,<environment.Job instance at 0x7f6c6065f780>,85,23,[ 3 10],86,534,557,448,534
1,<environment.Job instance at 0x7f6c5f63ab90>,91,13,[5 2],92,552,565,460,536
1,<environment.Job instance at 0x7f6c5f63ae10>,89,21,[7 5],90,557,578,467,549
1,<environment.Job instance at 0x7f6c5f63ae60>,94,18,[6 3],95,565,583,470,554
1,<environment.Job instance at 0x7f6c60a6a230>,64,21,[5 4],65,578,599,513,572
1,<environment.Job instance at 0x7f6c5f63aeb0>,96,22,[10  3],97,583,605,486,576
1,<environment.Job instance at 0x7f6c5f63a050>,98,13,[2 7],99,599,612,500,583
1,<environment.Job instance at 0x7f6c5f7da140>,100,18,[10  1],101,605,623,504,594
1,<environment.Job instance at 0x7f6c6015c910>,104,14,[1 6],105,605,619,500,594
1,<environment.Job instance at 0x7f6c6067e640>,109,14,[6 1],110,623,637,513,608
1,<environment.Job instance at 0x7f6c606f7dc0>,111,19,[7 3],112,623,642,511,613
1,<environment.Job instance at 0x7f6c606f72d0>,112,12,[10  4],113,642,654,529,625
1,<environment.Job instance at 0x7f6c60442eb0>,114,16,[2 5],115,625,641,510,625
1,<environment.Job instance at 0x7f6c60550e10>,118,15,[2 5],119,637,652,518,625
1,<environment.Job instance at 0x7f6c60550cd0>,119,14,[3 7],120,652,666,532,637
1,<environment.Job instance at 0x7f6c60550140>,124,17,[2 9],125,666,683,541,654
1,<environment.Job instance at 0x7f6c605505f0>,127,17,[8 4],128,654,671,526,654
1,<environment.Job instance at 0x7f6c60550be0>,129,14,[5 1],130,666,680,536,654
1,<environment.Job instance at 0x7f6c609e5410>,130,14,[2 8],131,683,697,552,668
1,<environment.Job instance at 0x7f6c609e5cd0>,133,14,[5 2],134,671,685,537,668
1,<environment.Job instance at 0x7f6c5fdc97d0>,136,15,[8 1],137,680,695,543,668
1,<environment.Job instance at 0x7f6c60775c80>,144,15,[5 5],145,685,700,540,673
1,<environment.Job instance at 0x7f6c605e4370>,153,18,[6 4],154,697,715,543,686
1,<environment.Job instance at 0x7f6c605e40a0>,154,18,[9 1],155,700,718,545,689
1,<environment.Job instance at 0x7f6c605e4e60>,156,14,[5 7],157,715,729,558,700
1,<environment.Job instance at 0x7f6c605e4230>,157,12,[3 8],158,718,730,560,701
1,<environment.Job instance at 0x7f6c5f63aaa0>,97,19,[ 4 10],98,730,749,632,723
1,<environment.Job instance at 0x7f6c5f63a190>,92,18,[11  3],93,729,747,636,725
1,<environment.Job instance at 0x7f6c6065f410>,81,19,[14  4],82,749,768,667,745
1,<environment.Job instance at 0x7f6c60e330a0>,0,13,[11  3],1,1,14,0,1
1,<environment.Job instance at 0x7f6c60e33730>,1,22,[ 4 12],2,2,24,0,2
1,<environment.Job instance at 0x7f6c60351a00>,4,12,[3 7],5,24,36,19,7
1,<environment.Job instance at 0x7f6c60351280>,8,14,[5 7],9,24,38,15,9
1,<environment.Job instance at 0x7f6c5fc9a0a0>,14,13,[5 5],15,36,49,21,20
1,<environment.Job instance at 0x7f6c5fc9a4b0>,12,13,[9 3],13,38,51,25,22
1,<environment.Job instance at 0x7f6c60367b40>,17,20,[4 9],18,49,69,31,40
1,<environment.Job instance at 0x7f6c5fab63c0>,24,19,[7 5],25,51,70,26,41
1,<environment.Job instance at 0x7f6c60f5e5f0>,27,21,[4 5],28,69,90,41,61
1,<environment.Job instance at 0x7f6c60f5e870>,28,16,[10  1],29,70,86,41,61
1,<environment.Job instance at 0x7f6c603085a0>,29,18,[8 2],30,86,104,56,75
1,<environment.Job instance at 0x7f6c60367730>,16,15,[12  2],17,104,119,87,93
1,<environment.Job instance at 0x7f6c60f4d230>,32,21,[8 4],33,119,140,86,111
1,<environment.Job instance at 0x7f6c60f4dc80>,36,22,[7 2],37,119,141,82,112
1,<environment.Job instance at 0x7f6c5fabe640>,38,15,[7 4],39,140,155,101,126
1,<environment.Job instance at 0x7f6c5fabe730>,39,14,[4 7],40,141,155,101,126
1,<environment.Job instance at 0x7f6c602fff00>,40,19,[5 2],41,155,174,114,145
1,<environment.Job instance at 0x7f6c60302dc0>,42,17,[6 5],43,155,172,112,145
1,<environment.Job instance at 0x7f6c5fc9a5f0>,15,14,[11  2],16,174,188,158,161
1,<environment.Job instance at 0x7f6c5fd98eb0>,45,18,[11  2],46,188,206,142,181
1,<environment.Job instance at 0x7f6c5fd985f0>,46,16,[ 4 13],47,181,197,134,181
1,<environment.Job instance at 0x7f6c5fd98370>,47,17,[11  3],48,206,223,158,194
1,<environment.Job instance at 0x7f6c5fd98640>,49,18,[2 5],50,207,225,157,207
1,<environment.Job instance at 0x7f6c5fd73500>,51,21,[2 6],52,207,228,155,207
1,<environment.Job instance at 0x7f6c5fadeeb0>,55,15,[9 4],56,223,238,167,209
1,<environment.Job instance at 0x7f6c5faded20>,56,15,[4 7],57,228,243,171,215
1,<environment.Job instance at 0x7f6c5facf690>,60,18,[5 5],61,238,256,177,227
1,<environment.Job instance at 0x7f6c5facff00>,67,15,[8 2],68,243,258,175,229
1,<environment.Job instance at 0x7f6c5facfc30>,71,16,[8 3],72,258,274,186,245
1,<environment.Job instance at 0x7f6c5facfd70>,72,16,[4 6],73,256,272,183,247
1,<environment.Job instance at 0x7f6c5faebd70>,78,17,[3 8],79,272,289,193,262
1,<environment.Job instance at 0x7f6c5faebeb0>,80,16,[3 7],81,274,290,193,262
1,<environment.Job instance at 0x7f6c5faebfa0>,81,18,[5 5],82,289,307,207,278
1,<environment.Job instance at 0x7f6c5faeb960>,82,14,[5 7],83,290,304,207,278
1,<environment.Job instance at 0x7f6c60048190>,84,16,[4 7],85,304,320,219,291
1,<environment.Job instance at 0x7f6c600488c0>,93,18,[6 5],94,307,325,213,296
1,<environment.Job instance at 0x7f6c60048140>,97,15,[10  5],98,325,340,227,311
1,<environment.Job instance at 0x7f6c60048d20>,102,16,[1 8],103,322,338,219,322
1,<environment.Job instance at 0x7f6c60048dc0>,103,12,[3 7],104,338,350,234,322
1,<environment.Job instance at 0x7f6c6006c1e0>,109,12,[8 2],110,340,352,230,323
1,<environment.Job instance at 0x7f6c6006c410>,111,22,[6 4],112,350,372,238,343
1,<environment.Job instance at 0x7f6c6006c370>,113,15,[2 7],114,352,367,238,343
1,<environment.Job instance at 0x7f6c6006cd20>,125,19,[3 8],126,367,386,241,360
1,<environment.Job instance at 0x7f6c6006cf50>,130,14,[8 2],131,372,386,241,360
1,<environment.Job instance at 0x7f6c6003c1e0>,131,21,[9 5],132,386,407,254,380
1,<environment.Job instance at 0x7f6c6003c320>,133,18,[4 5],134,381,399,247,381
1,<environment.Job instance at 0x7f6c6003c460>,135,13,[4 6],136,399,412,263,383
1,<environment.Job instance at 0x7f6c6003c6e0>,139,17,[10  4],140,407,424,267,395
1,<environment.Job instance at 0x7f6c6003c960>,143,16,[3 5],144,412,428,268,402
1,<environment.Job instance at 0x7f6c6003ccd0>,148,21,[9 5],149,424,445,275,418
1,<environment.Job instance at 0x7f6c6003ce60>,150,14,[9 5],151,445,459,294,430
1,<environment.Job instance at 0x7f6c6003c9b0>,153,21,[9 5],154,459,480,305,451
1,<environment.Job instance at 0x7f6c6003cb40>,154,17,[10  3],155,480,497,325,468
1,<environment.Job instance at 0x7f6c600512d0>,157,12,[4 7],158,468,480,310,468
1,<environment.Job instance at 0x7f6c60051370>,158,15,[6 4],159,497,512,338,483
1,<environment.Job instance at 0x7f6c60051410>,159,17,[3 8],160,488,505,328,488
1,<environment.Job instance at 0x7f6c600514b0>,160,15,[ 5 10],161,505,520,344,495
1,<environment.Job instance at 0x7f6c60051690>,161,19,[5 4],162,512,531,350,502
1,<environment.Job instance at 0x7f6c60051140>,162,17,[ 2 10],163,520,537,357,508
1,<environment.Job instance at 0x7f6c60051870>,165,17,[9 5],166,531,548,365,519
1,<environment.Job instance at 0x7f6c601b3a50>,2,20,[13  3],3,757,777,754,757
1,<environment.Job instance at 0x7f6c5fd983c0>,48,23,[11  2],49,7083,7106,7034,7083
1,<environment.Job instance at 0x7f6c5ffd5370>,3,16,[7 4],4,4,20,0,4
1,<environment.Job instance at 0x7f6c603e0a50>,14,14,[3 5],15,15,29,0,15
1,<environment.Job instance at 0x7f6c603e0e10>,20,23,[5 5],21,21,44,0,21
1,<environment.Job instance at 0x7f6c603e01e0>,23,13,[7 3],24,24,37,0,24
1,<environment.Job instance at 0x7f6c60c5baa0>,28,16,[4 8],29,37,53,8,29
1,<environment.Job instance at 0x7f6c60956c80>,32,28,[5 4],33,44,72,11,43
1,<environment.Job instance at 0x7f6c60956870>,33,27,[ 3 12],34,72,99,38,70
1,<environment.Job instance at 0x7f6c60956780>,34,18,[7 4],35,99,117,64,88
1,<environment.Job instance at 0x7f6c60956c30>,35,25,[ 5 12],36,117,142,81,113
1,<environment.Job instance at 0x7f6c60956eb0>,36,24,[7 4],37,142,166,105,137
1,<environment.Job instance at 0x7f6c60956f50>,37,21,[10  1],38,166,187,128,158
1,<environment.Job instance at 0x7f6c60956be0>,38,15,[1 5],39,158,173,119,158
1,<environment.Job instance at 0x7f6c6032bbe0>,39,27,[4 5],40,158,185,118,158
1,<environment.Job instance at 0x7f6c6032b5a0>,40,16,[11  1],41,187,203,146,174
1,<environment.Job instance at 0x7f6c6032be10>,41,16,[ 1 12],42,185,201,143,174
1,<environment.Job instance at 0x7f6c60c5b870>,30,18,[10  3],31,203,221,172,192
1,<environment.Job instance at 0x7f6c6032b690>,44,21,[6 3],45,221,242,176,213
1,<environment.Job instance at 0x7f6c6032b190>,46,17,[10  5],47,242,259,195,231
1,<environment.Job instance at 0x7f6c6032baa0>,48,21,[1 5],49,231,252,182,231
1,<environment.Job instance at 0x7f6c6032b550>,49,17,[1 7],50,252,269,202,240
1,<environment.Job instance at 0x7f6c5fcf05f0>,55,18,[9 3],56,259,277,203,249
1,<environment.Job instance at 0x7f6c5fcf0230>,56,17,[1 6],57,269,286,212,257
1,<environment.Job instance at 0x7f6c5fcf0a50>,58,17,[3 5],59,259,276,200,257
1,<environment.Job instance at 0x7f6c5fcf0dc0>,69,14,[4 9],70,277,291,207,271
1,<environment.Job instance at 0x7f6c5fcf0f50>,70,17,[10  3],71,286,303,215,274
1,<environment.Job instance at 0x7f6c5fcf0550>,72,18,[9 2],73,303,321,230,292
1,<environment.Job instance at 0x7f6c5fcf0c30>,75,16,[4 8],76,292,308,216,292
1,<environment.Job instance at 0x7f6c604eaf50>,78,22,[1 8],79,313,335,234,313
1,<environment.Job instance at 0x7f6c5faeb3c0>,80,16,[11  4],81,321,337,240,318
1,<environment.Job instance at 0x7f6c6032bf00>,42,28,[10  5],43,337,365,294,336
1,<environment.Job instance at 0x7f6c60a1e2d0>,83,26,[11  4],84,365,391,281,362
1,<environment.Job instance at 0x7f6c60f3b870>,84,26,[ 1 10],85,362,388,277,362
1,<environment.Job instance at 0x7f6c60f3b6e0>,85,17,[4 6],86,388,405,302,376
1,<environment.Job instance at 0x7f6c60f3b410>,86,25,[5 3],87,391,416,304,387
1,<environment.Job instance at 0x7f6c60f3be10>,87,21,[3 7],88,405,426,317,397
1,<environment.Job instance at 0x7f6c60f3bf00>,88,15,[ 3 10],89,426,441,337,412
1,<environment.Job instance at 0x7f6c60f3bd20>,89,28,[14  3],90,441,469,351,440
1,<environment.Job instance at 0x7f6c60f3b3c0>,90,20,[1 9],91,441,461,350,440
1,<environment.Job instance at 0x7f6c60f3b5f0>,91,23,[ 4 10],92,469,492,377,463
1,<environment.Job instance at 0x7f6c60f3bb40>,92,28,[10  2],93,469,497,376,468
1,<environment.Job instance at 0x7f6c60f3b460>,93,14,[5 5],94,492,506,398,477
1,<environment.Job instance at 0x7f6c5fd84d70>,94,24,[ 4 12],95,506,530,411,501
1,<environment.Job instance at 0x7f6c5fd84050>,95,15,[14  1],96,530,545,434,516
1,<environment.Job instance at 0x7f6c601aefa0>,96,28,[14  2],97,545,573,448,544
1,<environment.Job instance at 0x7f6c601ae9b0>,97,12,[1 8],98,544,556,446,544
1,<environment.Job instance at 0x7f6c601ae050>,98,19,[5 8],99,573,592,474,563
1,<environment.Job instance at 0x7f6c601ae960>,99,13,[8 2],100,573,586,473,563
1,<environment.Job instance at 0x7f6c601ae4b0>,100,27,[ 2 12],101,592,619,491,590
1,<environment.Job instance at 0x7f6c601ae870>,101,25,[ 3 13],102,619,644,517,615
1,<environment.Job instance at 0x7f6c601ae140>,102,22,[2 8],103,644,666,541,637
1,<environment.Job instance at 0x7f6c601aec30>,103,27,[9 5],104,644,671,540,642
1,<environment.Job instance at 0x7f6c5fe5ef50>,104,25,[3 5],105,666,691,561,662
1,<environment.Job instance at 0x7f6c5fe5e820>,105,23,[ 2 13],106,691,714,585,685
1,<environment.Job instance at 0x7f6c5fdfe0a0>,106,15,[11  2],107,685,700,578,685
1,<environment.Job instance at 0x7f6c60bae050>,107,14,[ 3 10],108,714,728,606,699
1,<environment.Job instance at 0x7f6c60e70f50>,108,27,[ 4 14],109,728,755,619,726
1,<environment.Job instance at 0x7f6c5fcbdaf0>,109,28,[12  5],110,755,783,645,754
1,<environment.Job instance at 0x7f6c60ce9c30>,110,28,[2 5],111,755,783,644,754
1,<environment.Job instance at 0x7f6c5ffb2820>,111,27,[13  3],112,783,810,671,781
1,<environment.Job instance at 0x7f6c60b37dc0>,112,26,[ 2 14],113,810,836,697,807
1,<environment.Job instance at 0x7f6c5fd521e0>,113,25,[11  2],114,836,861,722,832
1,<environment.Job instance at 0x7f6c5fcc6960>,114,16,[11  4],115,861,877,746,848
1,<environment.Job instance at 0x7f6c601ef730>,115,13,[14  4],116,877,890,761,861
1,<environment.Job instance at 0x7f6c600edd70>,116,12,[9 3],117,890,902,773,873
1,<environment.Job instance at 0x7f6c600ed870>,117,21,[12  2],118,902,923,784,894
1,<environment.Job instance at 0x7f6c69bb27d0>,118,20,[ 1 11],119,894,914,775,894
1,<environment.Job instance at 0x7f6c608733c0>,119,14,[ 1 14],120,923,937,803,908
1,<environment.Job instance at 0x7f6c69bb2550>,120,20,[2 8],121,937,957,816,928
1,<environment.Job instance at 0x7f6c60873f50>,121,15,[12  3],122,937,952,815,928
1,<environment.Job instance at 0x7f6c5fb3ab40>,122,19,[5 5],123,952,971,829,942
1,<environment.Job instance at 0x7f6c5fb3a050>,123,22,[14  3],124,971,993,847,964
1,<environment.Job instance at 0x7f6c60304550>,124,12,[1 9],125,964,976,839,964
1,<environment.Job instance at 0x7f6c60e78280>,125,16,[11  4],126,993,1009,867,980
1,<environment.Job instance at 0x7f6c6087d690>,126,20,[ 5 13],127,1009,1029,882,1000
1,<environment.Job instance at 0x7f6c5fb3aeb0>,127,20,[11  5],128,1029,1049,901,1021
1,<environment.Job instance at 0x7f6c6087d280>,128,23,[7 4],129,1049,1072,920,1043
1,<environment.Job instance at 0x7f6c60bcca00>,129,22,[13  3],130,1072,1094,942,1065
1,<environment.Job instance at 0x7f6c60bccb90>,130,14,[14  2],131,1094,1108,963,1079
1,<environment.Job instance at 0x7f6c60de28c0>,131,19,[13  5],132,1108,1127,976,1098
1,<environment.Job instance at 0x7f6c607c5320>,132,16,[13  3],133,1127,1143,994,1114
1,<environment.Job instance at 0x7f6c5ff660f0>,133,14,[7 3],134,1143,1157,1009,1128
1,<environment.Job instance at 0x7f6c5fefb870>,134,17,[ 1 13],135,1157,1174,1022,1145
1,<environment.Job instance at 0x7f6c60bcc2d0>,135,23,[ 3 11],136,1174,1197,1038,1168
1,<environment.Job instance at 0x7f6c60bcc7d0>,136,26,[11  1],137,1168,1194,1031,1168
1,<environment.Job instance at 0x7f6c6048b5a0>,137,25,[ 1 10],138,1197,1222,1059,1193
1,<environment.Job instance at 0x7f6c6048bbe0>,138,19,[8 4],139,1194,1213,1055,1193
1,<environment.Job instance at 0x7f6c6048beb0>,139,25,[ 4 11],140,1222,1247,1082,1218
1,<environment.Job instance at 0x7f6c6048bb40>,140,20,[3 6],141,1247,1267,1106,1238
1,<environment.Job instance at 0x7f6c6048b0a0>,141,26,[13  2],142,1267,1293,1125,1264
1,<environment.Job instance at 0x7f6c6048b7d0>,142,20,[ 2 13],143,1267,1287,1124,1264
1,<environment.Job instance at 0x7f6c6048b6e0>,143,16,[ 3 10],144,1293,1309,1149,1280
1,<environment.Job instance at 0x7f6c6048b320>,144,14,[10  5],145,1293,1307,1148,1280
1,<environment.Job instance at 0x7f6c6048b910>,145,28,[ 1 13],146,1309,1337,1163,1308
1,<environment.Job instance at 0x7f6c6048bf50>,146,21,[5 5],147,1337,1358,1190,1329
1,<environment.Job instance at 0x7f6c6048b190>,147,19,[1 8],148,1337,1356,1189,1329
1,<environment.Job instance at 0x7f6c608caaf0>,148,14,[11  4],149,1358,1372,1209,1343
1,<environment.Job instance at 0x7f6c608ca190>,149,28,[7 1],150,1372,1400,1222,1371
1,<environment.Job instance at 0x7f6c603673c0>,31,24,[ 3 14],32,1383,1407,1351,1383
1,<environment.Job instance at 0x7f6c608ca3c0>,151,14,[5 1],152,1400,1414,1248,1388
1,<environment.Job instance at 0x7f6c60a1ecd0>,82,21,[9 3],83,1407,1428,1324,1399
1,<environment.Job instance at 0x7f6c608ca230>,153,15,[5 5],154,1414,1429,1260,1400
1,<environment.Job instance at 0x7f6c608ca9b0>,155,20,[6 5],156,1428,1448,1272,1419
1,<environment.Job instance at 0x7f6c608caf00>,152,17,[5 5],153,1429,1446,1276,1420
1,<environment.Job instance at 0x7f6c60c5b050>,29,18,[11  1],30,1448,1466,1418,1437
1,<environment.Job instance at 0x7f6c60068960>,0,24,[14  4],1,1466,1490,1465,1461
1,<environment.Job instance at 0x7f6c603ad870>,1,18,[11  1],2,2,20,0,2
1,<environment.Job instance at 0x7f6c603ad7d0>,7,15,[4 9],8,8,23,0,8
1,<environment.Job instance at 0x7f6c603adf00>,5,18,[6 1],6,20,38,14,9
1,<environment.Job instance at 0x7f6c60275870>,10,12,[5 9],11,23,35,12,11
1,<environment.Job instance at 0x7f6c60275dc0>,12,17,[6 3],13,35,52,22,23
1,<environment.Job instance at 0x7f6c603ad4b0>,13,12,[4 8],14,38,50,24,23
1,<environment.Job instance at 0x7f6c603ad410>,8,22,[ 4 13],9,52,74,43,45
1,<environment.Job instance at 0x7f6c60275960>,18,28,[5 1],19,45,73,26,45
1,<environment.Job instance at 0x7f6c60275c30>,19,28,[1 9],20,74,102,54,73
1,<environment.Job instance at 0x7f6c60275730>,20,12,[5 7],21,102,114,81,85
1,<environment.Job instance at 0x7f6c60275780>,21,18,[6 5],22,85,103,63,85
1,<environment.Job instance at 0x7f6c60275cd0>,22,17,[8 5],23,103,120,80,91
1,<environment.Job instance at 0x7f6c602759b0>,23,13,[10  5],24,120,133,96,104
1,<environment.Job instance at 0x7f6c60275640>,24,15,[ 5 12],25,133,148,108,119
1,<environment.Job instance at 0x7f6c60275230>,25,16,[5 8],26,148,164,122,135
1,<environment.Job instance at 0x7f6c60275aa0>,17,22,[9 4],18,148,170,130,148
1,<environment.Job instance at 0x7f6c602754b0>,27,12,[3 5],28,164,176,136,148
1,<environment.Job instance at 0x7f6c60275b90>,29,14,[6 2],30,170,184,140,155
1,<environment.Job instance at 0x7f6c60288500>,33,12,[5 5],34,170,182,136,155
1,<environment.Job instance at 0x7f6c60288d20>,34,16,[4 6],35,176,192,141,163
1,<environment.Job instance at 0x7f6c60288e10>,37,14,[5 4],38,182,196,144,167
1,<environment.Job instance at 0x7f6c602886e0>,39,12,[3 8],40,192,204,152,175
1,<environment.Job instance at 0x7f6c60288c80>,44,12,[ 4 10],45,204,216,159,187
1,<environment.Job instance at 0x7f6c60288190>,48,20,[1 6],49,216,236,167,207
1,<environment.Job instance at 0x7f6c60288370>,54,15,[10  3],55,207,222,152,207
1,<environment.Job instance at 0x7f6c60466370>,55,18,[1 9],56,222,240,166,212
1,<environment.Job instance at 0x7f6c5f8dd230>,61,14,[9 3],62,236,250,174,221
1,<environment.Job instance at 0x7f6c603ada00>,4,17,[5 9],5,240,257,235,228
1,<environment.Job instance at 0x7f6c5f8dd780>,64,14,[9 3],65,250,264,185,235
1,<environment.Job instance at 0x7f6c5f780d70>,75,13,[3 5],76,257,270,181,241
1,<environment.Job instance at 0x7f6c5f780730>,76,18,[2 9],77,264,282,187,253
1,<environment.Job instance at 0x7f6c5f780c30>,77,20,[1 5],78,270,290,192,261
1,<environment.Job instance at 0x7f6c5f7800a0>,78,16,[10  2],79,282,298,203,269
1,<environment.Job instance at 0x7f6c5f7801e0>,82,21,[5 4],83,290,311,207,282
1,<environment.Job instance at 0x7f6c5f7800f0>,86,16,[8 1],87,298,314,211,285
1,<environment.Job instance at 0x7f6c5f780410>,88,17,[4 8],89,311,328,222,299
1,<environment.Job instance at 0x7f6c5f7806e0>,89,18,[5 5],90,314,332,224,303
1,<environment.Job instance at 0x7f6c5f6eb500>,103,15,[3 7],104,328,343,224,314
1,<environment.Job instance at 0x7f6c5f6eb0a0>,104,15,[10  3],105,332,347,227,318
1,<environment.Job instance at 0x7f6c5f6ebbe0>,108,19,[9 2],109,347,366,238,337
1,<environment.Job instance at 0x7f6c5f6ebfa0>,110,20,[2 5],111,337,357,226,337
1,<environment.Job instance at 0x7f6c5f6eb910>,111,21,[1 7],112,343,364,231,337
1,<environment.Job instance at 0x7f6c5f6ebb40>,112,17,[10  3],113,366,383,253,354
1,<environment.Job instance at 0x7f6c5f6e89b0>,114,16,[9 2],115,383,399,268,370
1,<environment.Job instance at 0x7f6c5f6e8cd0>,120,22,[3 9],121,370,392,249,370
1,<environment.Job instance at 0x7f6c5f6e8370>,121,12,[1 7],122,392,404,270,375
1,<environment.Job instance at 0x7f6c5f6e8280>,129,14,[9 1],130,399,413,269,384
1,<environment.Job instance at 0x7f6c5f6e8d20>,130,15,[2 5],131,392,407,261,384
1,<environment.Job instance at 0x7f6c5f6d1410>,137,12,[7 5],138,413,425,275,396
1,<environment.Job instance at 0x7f6c600d63c0>,139,20,[ 4 10],140,407,427,267,398
1,<environment.Job instance at 0x7f6c600b5960>,140,21,[4 7],141,427,448,286,419
1,<environment.Job instance at 0x7f6c600d6dc0>,141,16,[6 1],142,425,441,283,419
1,<environment.Job instance at 0x7f6c600d6e10>,142,12,[7 4],143,441,453,298,424
1,<environment.Job instance at 0x7f6c600d6fa0>,143,13,[6 3],144,448,461,304,432
1,<environment.Job instance at 0x7f6c60209730>,144,13,[1 7],145,448,461,303,435
1,<environment.Job instance at 0x7f6c6038f910>,147,18,[4 5],149,453,471,304,442
1,<environment.Job instance at 0x7f6c60cb71e0>,149,17,[8 3],151,461,478,310,449
1,<environment.Job instance at 0x7f6c603a6d70>,154,15,[3 5],160,461,476,301,449
1,<environment.Job instance at 0x7f6c60335c80>,156,18,[5 5],165,476,494,311,465
1,<environment.Job instance at 0x7f6c601cc7d0>,158,18,[9 2],168,478,496,310,467
1,<environment.Job instance at 0x7f6c5f8dd550>,65,18,[ 4 11],66,494,512,428,484
1,<environment.Job instance at 0x7f6c603ad140>,0,21,[8 3],1,496,517,495,488
1,<environment.Job instance at 0x7f6c603adcd0>,6,24,[5 6],7,715,739,708,715
1,<environment.Job instance at 0x7f6c602bf2d0>,0,17,[2 7],1,3,20,2,3
1,<environment.Job instance at 0x7f6c602bf370>,5,18,[1 7],6,6,24,0,6
1,<environment.Job instance at 0x7f6c602bf190>,8,17,[4 5],9,20,37,11,15
1,<environment.Job instance at 0x7f6c602bfaa0>,7,28,[13  2],8,37,65,29,36
1,<environment.Job instance at 0x7f6c60645aa0>,12,20,[1 5],13,36,56,23,36
1,<environment.Job instance at 0x7f6c602bf500>,9,28,[1 5],10,44,72,34,44
1,<environment.Job instance at 0x7f6c60645960>,16,14,[1 6],17,56,70,39,46
1,<environment.Job instance at 0x7f6c60645050>,15,13,[8 1],16,65,78,49,49
1,<environment.Job instance at 0x7f6c60645690>,17,13,[6 3],18,70,83,52,54
1,<environment.Job instance at 0x7f6c60645af0>,13,24,[ 3 12],14,78,102,64,73
1,<environment.Job instance at 0x7f6c60645fa0>,22,12,[5 9],23,102,114,79,85
1,<environment.Job instance at 0x7f6c60645f50>,23,23,[9 3],24,85,108,61,85
1,<environment.Job instance at 0x7f6c60645dc0>,24,17,[5 3],25,108,125,83,96
1,<environment.Job instance at 0x7f6c60645190>,20,20,[3 8],21,114,134,93,112
1,<environment.Job instance at 0x7f6c60645280>,26,12,[5 7],27,125,137,98,112
1,<environment.Job instance at 0x7f6c60645550>,31,15,[1 6],32,134,149,102,120
1,<environment.Job instance at 0x7f6c606451e0>,25,16,[12  5],26,137,153,111,124
1,<environment.Job instance at 0x7f6c606450f0>,33,22,[13  1],34,153,175,119,146
1,<environment.Job instance at 0x7f6c60645eb0>,34,13,[ 1 13],35,153,166,118,146
1,<environment.Job instance at 0x7f6c602a7640>,35,17,[14  3],36,175,192,139,163
1,<environment.Job instance at 0x7f6c602a7b40>,36,20,[9 3],37,192,212,155,183
1,<environment.Job instance at 0x7f6c602a7690>,37,23,[13  2],38,212,235,174,206
1,<environment.Job instance at 0x7f6c60645d70>,32,21,[2 6],33,216,237,183,216
1,<environment.Job instance at 0x7f6c602a7be0>,38,14,[12  4],39,235,249,196,220
1,<environment.Job instance at 0x7f6c602a7910>,43,16,[8 2],44,249,265,205,236
1,<environment.Job instance at 0x7f6c602bfeb0>,3,15,[ 4 10],4,249,264,245,236
1,<environment.Job instance at 0x7f6c602a7eb0>,45,14,[7 1],46,264,278,218,250
1,<environment.Job instance at 0x7f6c602a7c80>,47,22,[2 6],48,265,287,217,263
1,<environment.Job instance at 0x7f6c5fb1baf0>,48,17,[5 5],49,265,282,216,264
1,<environment.Job instance at 0x7f6c5fb1b410>,49,16,[5 5],50,282,298,232,269
1,<environment.Job instance at 0x7f6c5fb1be60>,50,20,[1 5],51,287,307,236,281
1,<environment.Job instance at 0x7f6c5fb1bcd0>,52,17,[9 1],53,287,304,234,281
1,<environment.Job instance at 0x7f6c5fb1b140>,58,18,[1 8],59,298,316,239,290
1,<environment.Job instance at 0x7f6c605caaa0>,62,20,[3 5],63,307,327,244,300
1,<environment.Job instance at 0x7f6c605ca910>,63,18,[7 1],64,304,322,240,301
1,<environment.Job instance at 0x7f6c602a7e60>,44,28,[5 9],45,316,344,271,315
1,<environment.Job instance at 0x7f6c605ca050>,65,18,[13  2],66,344,362,278,333
1,<environment.Job instance at 0x7f6c605ca9b0>,66,18,[7 4],67,362,380,295,351
1,<environment.Job instance at 0x7f6c605ca0f0>,67,17,[12  2],68,380,397,312,368
1,<environment.Job instance at 0x7f6c605cad70>,64,21,[8 2],65,397,418,332,390
1,<environment.Job instance at 0x7f6c605cafa0>,68,24,[4 8],69,397,421,328,392
1,<environment.Job instance at 0x7f6c605ca410>,70,21,[5 3],71,418,439,347,410
1,<environment.Job instance at 0x7f6c605ca8c0>,71,21,[1 7],72,421,442,349,413
1,<environment.Job instance at 0x7f6c605ca500>,72,14,[3 7],73,439,453,366,424
1,<environment.Job instance at 0x7f6c605ca550>,73,17,[14  5],74,453,470,379,441
1,<environment.Job instance at 0x7f6c605ca370>,74,12,[11  5],75,470,482,395,453
1,<environment.Job instance at 0x7f6c605ca5a0>,75,12,[8 5],76,482,494,406,465
1,<environment.Job instance at 0x7f6c605ca820>,76,12,[11  1],77,494,506,417,477
1,<environment.Job instance at 0x7f6c60508140>,77,19,[6 2],78,506,525,428,496
1,<environment.Job instance at 0x7f6c60508d70>,78,18,[10  2],79,525,543,446,514
1,<environment.Job instance at 0x7f6c605087d0>,79,12,[ 1 13],80,514,526,434,514
1,<environment.Job instance at 0x7f6c60508fa0>,80,14,[11  1],81,543,557,462,528
1,<environment.Job instance at 0x7f6c60508410>,81,21,[14  1],82,557,578,475,549
1,<environment.Job instance at 0x7f6c60508a00>,82,24,[5 5],83,578,602,495,573
1,<environment.Job instance at 0x7f6c60508640>,83,15,[ 4 11],84,602,617,518,588
1,<environment.Job instance at 0x7f6c60508b40>,84,22,[14  4],85,617,639,532,610
1,<environment.Job instance at 0x7f6c60508aa0>,85,22,[5 1],86,639,661,553,632
1,<environment.Job instance at 0x7f6c605088c0>,86,23,[12  1],87,661,684,574,655
1,<environment.Job instance at 0x7f6c60508780>,87,28,[3 8],88,655,683,567,655
1,<environment.Job instance at 0x7f6c60508f00>,88,16,[ 4 14],89,684,700,595,671
1,<environment.Job instance at 0x7f6c605083c0>,89,21,[ 4 10],90,700,721,610,692
1,<environment.Job instance at 0x7f6c605084b0>,90,16,[ 2 12],91,721,737,630,708
1,<environment.Job instance at 0x7f6c60b35820>,91,17,[13  4],92,737,754,645,725
1,<environment.Job instance at 0x7f6c60b35870>,92,22,[5 5],93,754,776,661,747
1,<environment.Job instance at 0x7f6c60b35f50>,93,16,[1 9],94,747,763,653,747
1,<environment.Job instance at 0x7f6c60b35d20>,94,13,[ 2 12],95,776,789,681,760
1,<environment.Job instance at 0x7f6c60b35a00>,95,18,[14  4],96,789,807,693,778
1,<environment.Job instance at 0x7f6c60d34d70>,99,16,[9 4],100,807,823,707,794
1,<environment.Job instance at 0x7f6c5fa65960>,110,15,[8 4],111,823,838,712,809
1,<environment.Job instance at 0x7f6c5fa65410>,112,15,[2 8],113,824,839,711,824
1,<environment.Job instance at 0x7f6c607acdc0>,113,17,[2 7],114,838,855,724,826
1,<environment.Job instance at 0x7f6c60d34af0>,98,25,[12  5],99,839,864,740,835
1,<environment.Job instance at 0x7f6c60aa72d0>,120,21,[ 4 14],121,864,885,743,856
1,<environment.Job instance at 0x7f6c607ac280>,119,21,[8 2],120,885,906,765,877
1,<environment.Job instance at 0x7f6c60aa7320>,121,23,[ 2 11],122,885,908,763,879
1,<environment.Job instance at 0x7f6c5f7aab40>,129,15,[7 3],130,906,921,776,892
1,<environment.Job instance at 0x7f6c60aa7140>,126,12,[9 5],127,921,933,794,904
1,<environment.Job instance at 0x7f6c604ff550>,136,13,[11  1],137,933,946,796,917
1,<environment.Job instance at 0x7f6c61018730>,137,12,[1 9],138,917,929,779,917
1,<environment.Job instance at 0x7f6c61018aa0>,135,18,[2 7],136,931,949,795,931
1,<environment.Job instance at 0x7f6c61018370>,138,16,[13  3],139,946,962,807,933
1,<environment.Job instance at 0x7f6c5fc39e60>,140,22,[13  2],141,962,984,821,955
1,<environment.Job instance at 0x7f6c609032d0>,141,23,[11  1],142,984,1007,842,978
1,<environment.Job instance at 0x7f6c5fc39fa0>,139,18,[8 3],140,1007,1025,867,996
1,<environment.Job instance at 0x7f6c5fadc190>,143,22,[1 7],144,1012,1034,868,1012
1,<environment.Job instance at 0x7f6c5fadcb40>,142,19,[11  4],143,1025,1044,882,1015
1,<environment.Job instance at 0x7f6c60aad960>,149,18,[4 9],150,1034,1052,884,1031
1,<environment.Job instance at 0x7f6c60dacb40>,150,25,[12  4],151,1052,1077,901,1048
1,<environment.Job instance at 0x7f6c604fb730>,152,28,[1 5],153,1048,1076,895,1048
1,<environment.Job instance at 0x7f6c6091d780>,153,12,[10  4],154,1077,1089,923,1060
1,<environment.Job instance at 0x7f6c60011190>,154,17,[8 3],155,1089,1106,934,1077
1,<environment.Job instance at 0x7f6c60f6b960>,155,25,[2 6],156,1077,1102,921,1077
1,<environment.Job instance at 0x7f6c69584320>,156,21,[ 4 13],164,1106,1127,942,1098
1,<environment.Job instance at 0x7f6c602bf730>,2,20,[10  2],3,1148,1168,1145,1148
1,<environment.Job instance at 0x7f6c5f87d9b0>,151,22,[1 9],152,1364,1386,1212,1364
1,<environment.Job instance at 0x7f6c5fb1bc30>,46,28,[12  1],47,1364,1392,1317,1364
1,<environment.Job instance at 0x7f6c5fb1bbe0>,2,16,[6 1],3,3,19,0,3
1,<environment.Job instance at 0x7f6c6054d410>,4,14,[11  1],5,19,33,14,5
1,<environment.Job instance at 0x7f6c5fb1bc30>,7,17,[4 8],8,14,31,6,14
1,<environment.Job instance at 0x7f6c60998500>,13,15,[ 1 10],14,31,46,17,18
1,<environment.Job instance at 0x7f6c609c6230>,14,12,[7 4],15,33,45,18,18
1,<environment.Job instance at 0x7f6c6054dcd0>,6,14,[13  4],7,45,59,38,31
1,<environment.Job instance at 0x7f6c609c6a50>,15,20,[4 6],16,59,79,43,50
1,<environment.Job instance at 0x7f6c604f0320>,18,15,[3 6],19,59,74,40,50
1,<environment.Job instance at 0x7f6c604f0780>,22,24,[5 3],23,59,83,36,54
1,<environment.Job instance at 0x7f6c604f08c0>,24,18,[5 5],25,74,92,49,63
1,<environment.Job instance at 0x7f6c604f06e0>,27,16,[5 6],28,79,95,51,66
1,<environment.Job instance at 0x7f6c604f0a50>,28,21,[5 5],29,92,113,63,84
1,<environment.Job instance at 0x7f6c604f0b90>,30,13,[4 7],31,95,108,64,84
1,<environment.Job instance at 0x7f6c604f0e60>,33,15,[5 5],34,108,123,74,94
1,<environment.Job instance at 0x7f6c604f0f50>,35,18,[ 3 10],36,113,131,77,102
1,<environment.Job instance at 0x7f6c604f0fa0>,36,14,[5 8],37,131,145,94,116
1,<environment.Job instance at 0x7f6c6056a1e0>,39,23,[7 5],40,123,146,83,117
1,<environment.Job instance at 0x7f6c6056a280>,40,20,[5 5],41,145,165,104,136
1,<environment.Job instance at 0x7f6c6056a320>,41,23,[1 5],42,145,168,103,139
1,<environment.Job instance at 0x7f6c6056a3c0>,42,13,[6 3],43,146,159,103,139
1,<environment.Job instance at 0x7f6c6054d050>,9,14,[13  4],10,165,179,155,150
1,<environment.Job instance at 0x7f6c6056a6e0>,47,18,[1 8],48,168,186,120,157
1,<environment.Job instance at 0x7f6c6056a820>,49,19,[3 9],50,186,205,136,176
1,<environment.Job instance at 0x7f6c6056a960>,51,12,[5 4],52,179,191,127,176
1,<environment.Job instance at 0x7f6c6056ae60>,56,16,[2 6],57,191,207,134,178
1,<environment.Job instance at 0x7f6c60554c30>,76,18,[3 8],77,205,223,128,194
1,<environment.Job instance at 0x7f6c60554eb0>,80,15,[5 6],81,207,222,126,194
1,<environment.Job instance at 0x7f6c5fcad820>,95,19,[8 5],96,222,241,126,212
1,<environment.Job instance at 0x7f6c5f7aa820>,98,20,[ 5 10],99,223,243,124,214
1,<environment.Job instance at 0x7f6c604da050>,101,21,[5 2],102,241,262,139,233
1,<environment.Job instance at 0x7f6c6063d320>,102,20,[3 6],103,243,263,140,234
1,<environment.Job instance at 0x7f6c6057a8c0>,103,16,[1 5],104,243,259,139,234
1,<environment.Job instance at 0x7f6c604dc050>,104,19,[6 2],105,243,262,138,234
1,<environment.Job instance at 0x7f6c60ee1410>,107,20,[5 3],108,262,282,154,253
1,<environment.Job instance at 0x7f6c5fb492d0>,111,12,[1 9],112,263,275,151,253
1,<environment.Job instance at 0x7f6c607cd0a0>,118,16,[7 3],119,262,278,143,253
1,<environment.Job instance at 0x7f6c607cdb90>,122,17,[10  5],123,278,295,155,266
1,<environment.Job instance at 0x7f6c60e271e0>,125,14,[8 3],126,295,309,169,280
1,<environment.Job instance at 0x7f6c5f6938c0>,127,17,[9 4],128,309,326,181,297
1,<environment.Job instance at 0x7f6c5fa29500>,128,16,[10  4],129,326,342,197,313
1,<environment.Job instance at 0x7f6c5f846cd0>,133,19,[ 5 10],134,313,332,179,313
1,<environment.Job instance at 0x7f6c5f8460f0>,135,16,[2 6],136,332,348,196,319
1,<environment.Job instance at 0x7f6c5fa04dc0>,140,14,[5 6],141,342,356,201,327
1,<environment.Job instance at 0x7f6c5f8550a0>,143,20,[ 5 10],144,356,376,212,347
1,<environment.Job instance at 0x7f6c5f8556e0>,144,13,[6 4],145,348,361,203,347
1,<environment.Job instance at 0x7f6c5f855cd0>,145,15,[9 3],146,361,376,215,347
1,<environment.Job instance at 0x7f6c5f8555a0>,147,16,[7 4],148,376,392,228,363
1,<environment.Job instance at 0x7f6c5f855aa0>,148,19,[8 2],149,376,395,227,366
1,<environment.Job instance at 0x7f6c5f855410>,151,16,[7 5],152,392,408,240,379
1,<environment.Job instance at 0x7f6c60edf0a0>,156,13,[5 5],157,395,408,238,379
1,<environment.Job instance at 0x7f6c5f8685a0>,159,14,[3 7],160,408,422,248,393
1,<environment.Job instance at 0x7f6c5f868d20>,160,18,[1 5],161,395,413,234,393
1,<environment.Job instance at 0x7f6c5f868190>,168,17,[3 5],169,413,430,244,401
1,<environment.Job instance at 0x7f6c5f839cd0>,170,12,[ 3 10],177,422,434,245,405
1,<environment.Job instance at 0x7f6c5f839b90>,172,12,[8 1],179,408,420,229,405
1,<environment.Job instance at 0x7f6c60f29aa0>,0,27,[12  5],1,430,457,429,430
1,<environment.Job instance at 0x7f6c5f8ccfa0>,0,16,[ 4 11],1,1,17,0,1
1,<environment.Job instance at 0x7f6c69549460>,7,14,[5 6],8,17,31,9,8
1,<environment.Job instance at 0x7f6c69549050>,13,24,[5 3],14,14,38,0,14
1,<environment.Job instance at 0x7f6c6060e4b0>,16,13,[6 3],17,31,44,14,17
1,<environment.Job instance at 0x7f6c6060edc0>,17,15,[10  3],18,44,59,26,30
1,<environment.Job instance at 0x7f6c6060eaa0>,20,18,[2 9],21,31,49,10,30
1,<environment.Job instance at 0x7f6c6060e190>,18,12,[3 9],19,49,61,30,32
1,<environment.Job instance at 0x7f6c60a86500>,37,13,[5 8],38,61,74,23,45
1,<environment.Job instance at 0x7f6c60a86a50>,38,16,[5 2],39,59,75,20,46
1,<environment.Job instance at 0x7f6c60a86fa0>,40,13,[5 5],41,61,74,20,46
1,<environment.Job instance at 0x7f6c60a86820>,45,19,[6 5],46,74,93,28,64
1,<environment.Job instance at 0x7f6c60a4d7d0>,46,17,[9 4],47,75,92,28,64
1,<environment.Job instance at 0x7f6c6013dc80>,58,17,[5 2],59,92,109,33,80
1,<environment.Job instance at 0x7f6c603c7be0>,62,12,[9 4],63,93,105,30,80
1,<environment.Job instance at 0x7f6c603c7b90>,63,19,[2 8],64,105,124,41,95
1,<environment.Job instance at 0x7f6c603c7410>,64,16,[4 9],65,124,140,59,111
1,<environment.Job instance at 0x7f6c60f809b0>,70,14,[3 5],71,111,125,40,111
1,<environment.Job instance at 0x7f6c60f80a50>,75,16,[5 1],76,111,127,35,111
1,<environment.Job instance at 0x7f6c60f80b90>,76,18,[5 9],77,140,158,63,129
1,<environment.Job instance at 0x7f6c60f80d70>,77,14,[9 2],78,129,143,51,129
1,<environment.Job instance at 0x7f6c60f802d0>,78,17,[8 4],79,143,160,64,131
1,<environment.Job instance at 0x7f6c5fcdaaf0>,86,15,[8 3],87,160,175,73,146
1,<environment.Job instance at 0x7f6c60ab9e10>,89,13,[6 1],90,158,171,68,146
1,<environment.Job instance at 0x7f6c60ab99b0>,90,18,[2 9],91,171,189,80,160
1,<environment.Job instance at 0x7f6c60734a00>,97,16,[5 7],98,189,205,91,176
1,<environment.Job instance at 0x7f6c60734be0>,98,20,[5 3],99,176,196,77,176
1,<environment.Job instance at 0x7f6c69a6ed70>,114,14,[7 4],115,196,210,81,181
1,<environment.Job instance at 0x7f6c5fe62e10>,118,20,[10  5],119,210,230,91,201
1,<environment.Job instance at 0x7f6c5fe62550>,123,16,[3 8],124,205,221,81,202
1,<environment.Job instance at 0x7f6c5fe62c80>,124,17,[3 7],125,221,238,96,209
1,<environment.Job instance at 0x7f6c603b0820>,131,19,[5 5],132,230,249,98,220
1,<environment.Job instance at 0x7f6c603b0190>,132,16,[4 6],133,238,254,105,225
1,<environment.Job instance at 0x7f6c60254aa0>,143,13,[6 2],144,230,243,86,226
1,<environment.Job instance at 0x7f6c6048bb40>,148,16,[5 4],149,243,259,94,230
1,<environment.Job instance at 0x7f6c6958d910>,158,18,[4 6],159,254,272,95,243
1,<environment.Job instance at 0x7f6c5feb5640>,160,12,[5 5],161,249,261,88,243
1,<environment.Job instance at 0x7f6c5f7ff370>,162,16,[4 9],163,261,277,98,248
1,<environment.Job instance at 0x7f6c60a7c4b0>,166,13,[8 2],167,272,285,105,256
1,<environment.Job instance at 0x7f6c60e79aa0>,169,14,[5 6],170,277,291,107,262
1,<environment.Job instance at 0x7f6c6953f3c0>,171,15,[9 3],172,285,300,113,271
1,<environment.Job instance at 0x7f6c60ad9f50>,177,13,[5 6],178,291,304,113,275
1,<environment.Job instance at 0x7f6c6027ea00>,178,16,[9 3],179,300,316,121,287
1,<environment.Job instance at 0x7f6c6044eaa0>,1,14,[5 8],2,2,16,0,2
1,<environment.Job instance at 0x7f6c6044e820>,2,13,[14  3],3,16,29,13,4
1,<environment.Job instance at 0x7f6c5f7a1320>,14,18,[2 7],15,29,47,14,18
1,<environment.Job instance at 0x7f6c5f7a10a0>,16,15,[8 5],17,29,44,12,18
1,<environment.Job instance at 0x7f6c5f7a16e0>,22,14,[7 4],23,44,58,21,29
1,<environment.Job instance at 0x7f6c5f71df50>,28,14,[5 5],29,47,61,18,32
1,<environment.Job instance at 0x7f6c60f3b0a0>,38,19,[6 2],39,58,77,19,48
1,<environment.Job instance at 0x7f6c60f3b050>,40,17,[7 2],41,61,78,20,49
1,<environment.Job instance at 0x7f6c60ce50a0>,68,14,[6 3],69,77,91,8,69
1,<environment.Job instance at 0x7f6c60ce55a0>,73,13,[7 4],74,78,91,4,74
1,<environment.Job instance at 0x7f6c608d5f00>,78,13,[5 4],79,91,104,12,79
1,<environment.Job instance at 0x7f6c60954c30>,84,14,[1 5],85,85,99,0,85
1,<environment.Job instance at 0x7f6c6060feb0>,85,15,[10  4],86,99,114,13,86
1,<environment.Job instance at 0x7f6c69544690>,86,16,[10  5],87,114,130,27,101
1,<environment.Job instance at 0x7f6c60b150a0>,95,18,[2 6],96,104,122,8,101
1,<environment.Job instance at 0x7f6c60939690>,104,15,[5 5],105,122,137,17,109
1,<environment.Job instance at 0x7f6c60ba9a00>,116,12,[5 7],117,130,142,13,121
1,<environment.Job instance at 0x7f6c60ba9280>,121,16,[5 7],122,137,153,15,124
1,<environment.Job instance at 0x7f6c60a12fa0>,132,19,[10  5],133,142,161,9,133
1,<environment.Job instance at 0x7f6c5fd4eaa0>,146,15,[2 6],147,153,168,6,147
1,<environment.Job instance at 0x7f6c60e79870>,152,14,[5 9],153,161,175,8,153
1,<environment.Job instance at 0x7f6c60e79a00>,164,15,[8 4],165,168,183,3,166
1,<environment.Job instance at 0x7f6c6044ed20>,0,24,[3 7],1,175,199,174,171
1,<environment.Job instance at 0x7f6c60205be0>,167,19,[5 1],168,183,202,15,173
1,<environment.Job instance at 0x7f6c60205910>,166,25,[5 1],167,183,208,16,180
1,<environment.Job instance at 0x7f6c602055a0>,169,16,[ 2 13],170,199,215,29,190
1,<environment.Job instance at 0x7f6c601587d0>,172,13,[ 4 14],173,215,228,42,199
1,<environment.Job instance at 0x7f6c60158730>,173,17,[ 3 11],174,228,245,54,217
1,<environment.Job instance at 0x7f6c601588c0>,170,21,[10  4],171,228,249,57,227
1,<environment.Job instance at 0x7f6c5f7a1550>,5,12,[4 5],6,378,390,372,378
1,<environment.Job instance at 0x7f6c5f7a15a0>,2,20,[3 9],3,3,23,0,3
1,<environment.Job instance at 0x7f6c6068c190>,13,16,[8 2],14,15,31,1,15
1,<environment.Job instance at 0x7f6c6068c960>,22,13,[6 4],23,23,36,0,23
1,<environment.Job instance at 0x7f6c6068cb40>,23,13,[12  4],24,36,49,12,24
1,<environment.Job instance at 0x7f6c6068cbe0>,25,18,[8 1],26,49,67,23,38
1,<environment.Job instance at 0x7f6c6068cd70>,26,12,[5 2],27,49,61,22,47
1,<environment.Job instance at 0x7f6c6068cf50>,28,15,[9 1],29,67,82,38,53
1,<environment.Job instance at 0x7f6c6068cc80>,24,20,[6 3],25,61,81,36,53
1,<environment.Job instance at 0x7f6c6068d320>,33,15,[6 4],34,81,96,47,67
1,<environment.Job instance at 0x7f6c6068d690>,39,13,[3 6],40,82,95,42,74
1,<environment.Job instance at 0x7f6c6068d960>,42,17,[10  2],43,96,113,53,84
1,<environment.Job instance at 0x7f6c6068de10>,49,12,[6 4],50,84,96,34,84
1,<environment.Job instance at 0x7f6c6068dfa0>,52,17,[5 3],53,96,113,43,84
1,<environment.Job instance at 0x7f6c6068df00>,54,14,[5 4],55,113,127,58,98
1,<environment.Job instance at 0x7f6c606af370>,56,18,[6 2],57,113,131,56,102
1,<environment.Job instance at 0x7f6c606af410>,57,15,[4 5],58,113,128,55,102
1,<environment.Job instance at 0x7f6c606af7d0>,63,21,[8 5],64,128,149,64,120
1,<environment.Job instance at 0x7f6c606afb90>,69,18,[6 2],70,131,149,61,120
1,<environment.Job instance at 0x7f6c606aff00>,74,19,[4 9],75,149,168,74,139
1,<environment.Job instance at 0x7f6c606a7500>,83,16,[2 8],84,168,184,84,155
1,<environment.Job instance at 0x7f6c606a7e10>,94,16,[3 7],95,168,184,73,155
1,<environment.Job instance at 0x7f6c606b70f0>,163,15,[6 2],164,184,199,20,170
1,<environment.Job instance at 0x7f6c5fd560f0>,164,18,[6 1],165,184,202,19,173
1,<environment.Job instance at 0x7f6c606b7eb0>,166,17,[9 3],167,199,216,32,187
1,<environment.Job instance at 0x7f6c6068e1e0>,170,18,[6 4],171,202,220,31,191
1,<environment.Job instance at 0x7f6c6068e460>,173,17,[6 1],174,216,233,42,204
1,<environment.Job instance at 0x7f6c6068e550>,175,15,[3 5],176,216,231,40,204
1,<environment.Job instance at 0x7f6c6068e690>,177,15,[3 9],178,220,235,42,206
1,<environment.Job instance at 0x7f6c601faaf0>,0,26,[13  2],1,273,299,272,273
1,<environment.Job instance at 0x7f6c6068cf00>,29,26,[ 3 10],30,1184,1210,1154,1184
1,<environment.Job instance at 0x7f6c5f762b90>,0,13,[4 6],1,1,14,0,1
1,<environment.Job instance at 0x7f6c6068d0a0>,1,14,[1 8],2,2,16,0,2
1,<environment.Job instance at 0x7f6c6068cf00>,3,13,[11  1],4,14,27,10,4
1,<environment.Job instance at 0x7f6c5f74ed70>,6,18,[ 4 10],7,16,34,9,8
1,<environment.Job instance at 0x7f6c5f74ecd0>,8,19,[8 2],9,27,46,18,17
1,<environment.Job instance at 0x7f6c5f74e190>,12,20,[9 5],13,46,66,33,37
1,<environment.Job instance at 0x7f6c60613a50>,21,13,[7 3],22,66,79,44,50
1,<environment.Job instance at 0x7f6c60ba5a00>,22,21,[5 5],23,50,71,27,50
1,<environment.Job instance at 0x7f6c5f635730>,24,12,[6 2],25,71,83,46,54
1,<environment.Job instance at 0x7f6c5ff518c0>,25,14,[6 3],26,79,93,53,64
1,<environment.Job instance at 0x7f6c60b9d820>,30,19,[5 5],31,83,102,52,73
1,<environment.Job instance at 0x7f6c60b9d9b0>,33,15,[ 5 10],34,93,108,59,79
1,<environment.Job instance at 0x7f6c60b9df00>,36,17,[8 5],37,102,119,65,90
1,<environment.Job instance at 0x7f6c601ea370>,38,13,[2 8],39,108,121,69,92
1,<environment.Job instance at 0x7f6c5fc0cc80>,53,18,[6 3],54,119,137,65,108
1,<environment.Job instance at 0x7f6c695e5190>,60,13,[6 2],61,119,132,58,108
1,<environment.Job instance at 0x7f6c695e5b90>,67,19,[5 3],68,132,151,64,122
1,<environment.Job instance at 0x7f6c5f7e1f00>,69,15,[6 3],70,137,152,67,123
1,<environment.Job instance at 0x7f6c5f7e17d0>,72,16,[8 3],73,151,167,78,138
1,<environment.Job instance at 0x7f6c5f7e15f0>,74,16,[4 8],75,152,168,77,139
1,<environment.Job instance at 0x7f6c5f7e10f0>,78,16,[9 4],79,167,183,88,154
1,<environment.Job instance at 0x7f6c60d2daf0>,87,16,[2 6],88,168,184,80,155
1,<environment.Job instance at 0x7f6c5fd6de60>,90,20,[5 2],91,183,203,92,174
1,<environment.Job instance at 0x7f6c6038bf50>,92,15,[8 3],93,183,198,90,174
1,<environment.Job instance at 0x7f6c607b3dc0>,95,16,[2 5],96,184,200,88,174
1,<environment.Job instance at 0x7f6c60deedc0>,103,18,[10  5],104,200,218,96,189
1,<environment.Job instance at 0x7f6c60b9c2d0>,107,16,[7 5],108,218,234,110,205
1,<environment.Job instance at 0x7f6c5fb89dc0>,117,17,[7 3],118,218,235,100,206
1,<environment.Job instance at 0x7f6c5fc2ea00>,125,21,[6 1],126,234,255,108,226
1,<environment.Job instance at 0x7f6c5ff56910>,128,13,[6 4],129,235,248,106,226
1,<environment.Job instance at 0x7f6c5fc09c30>,139,21,[8 4],140,248,269,108,240
1,<environment.Job instance at 0x7f6c60ed6d20>,145,16,[1 8],146,240,256,94,240
1,<environment.Job instance at 0x7f6c5f736b40>,148,22,[5 2],149,255,277,106,248
1,<environment.Job instance at 0x7f6c5f7366e0>,149,20,[8 5],150,269,289,119,260
1,<environment.Job instance at 0x7f6c5f736be0>,155,17,[9 2],156,289,306,133,277
1,<environment.Job instance at 0x7f6c60e92190>,160,12,[7 2],161,306,318,145,289
1,<environment.Job instance at 0x7f6c5f7364b0>,161,14,[10  5],162,318,332,156,303
1,<environment.Job instance at 0x7f6c5fc53aa0>,168,21,[4 5],169,303,324,134,303
1,<environment.Job instance at 0x7f6c5fc53be0>,176,22,[6 5],177,332,354,155,325
1,<environment.Job instance at 0x7f6c5f762eb0>,2,25,[ 3 12],3,354,379,351,353
1,<environment.Job instance at 0x7f6c5f74e5a0>,4,20,[13  2],5,1789,1809,1784,1789
1,<environment.Job instance at 0x7f6c5f74ee60>,7,20,[ 1 11],8,3397,3417,3389,3397
1,<environment.Job instance at 0x7f6c601ebc30>,0,12,[ 3 11],1,1,13,0,1
1,<environment.Job instance at 0x7f6c601ebd70>,2,18,[11  4],3,3,21,0,3
1,<environment.Job instance at 0x7f6c601eb370>,6,12,[7 2],7,21,33,14,8
1,<environment.Job instance at 0x7f6c6050a190>,11,16,[9 2],12,33,49,21,20
1,<environment.Job instance at 0x7f6c6050a460>,13,16,[5 3],14,21,37,7,20
1,<environment.Job instance at 0x7f6c6050af50>,15,16,[1 9],16,20,36,4,20
1,<environment.Job instance at 0x7f6c6050afa0>,19,19,[7 5],20,49,68,29,39
1,<environment.Job instance at 0x7f6c6050a5f0>,21,22,[9 2],22,68,90,46,61
1,<environment.Job instance at 0x7f6c6050af00>,22,19,[9 5],23,90,109,67,80
1,<environment.Job instance at 0x7f6c6050ae10>,23,21,[1 6],24,80,101,56,80
1,<environment.Job instance at 0x7f6c6050ae60>,24,18,[7 2],25,109,127,84,98
1,<environment.Job instance at 0x7f6c6050a910>,26,17,[2 7],27,101,118,74,98
1,<environment.Job instance at 0x7f6c6050a870>,27,16,[5 3],28,109,125,81,98
1,<environment.Job instance at 0x7f6c6046ec80>,28,12,[5 4],29,125,137,96,108
1,<environment.Job instance at 0x7f6c6046e190>,29,22,[2 6],30,118,140,88,111
1,<environment.Job instance at 0x7f6c604599b0>,39,16,[3 5],40,127,143,87,114
1,<environment.Job instance at 0x7f6c60459fa0>,40,15,[7 4],41,137,152,96,123
1,<environment.Job instance at 0x7f6c60459dc0>,42,14,[7 1],43,143,157,100,128
1,<environment.Job instance at 0x7f6c60459b90>,43,12,[2 5],44,152,164,108,135
1,<environment.Job instance at 0x7f6c60026d70>,45,17,[2 6],46,152,169,106,140
1,<environment.Job instance at 0x7f6c60499050>,46,13,[9 4],47,157,170,110,141
1,<environment.Job instance at 0x7f6c5fff30f0>,52,16,[7 1],53,170,186,117,157
1,<environment.Job instance at 0x7f6c5fff3af0>,53,15,[4 6],54,169,184,115,157
1,<environment.Job instance at 0x7f6c5f64b140>,57,17,[5 5],58,184,201,126,172
1,<environment.Job instance at 0x7f6c60eaa140>,62,18,[4 9],63,186,204,123,175
1,<environment.Job instance at 0x7f6c6000a910>,65,13,[4 8],66,204,217,138,188
1,<environment.Job instance at 0x7f6c607c50f0>,70,15,[10  4],71,201,216,130,188
1,<environment.Job instance at 0x7f6c5f829550>,78,15,[5 8],79,217,232,138,203
1,<environment.Job instance at 0x7f6c69562870>,82,18,[1 6],83,216,234,133,205
1,<environment.Job instance at 0x7f6c60c26960>,85,15,[4 5],86,232,247,146,218
1,<environment.Job instance at 0x7f6c60d99a00>,90,23,[5 5],91,234,257,143,228
1,<environment.Job instance at 0x7f6c60bbebe0>,92,20,[10  1],93,247,267,154,239
1,<environment.Job instance at 0x7f6c60bbe050>,94,22,[3 9],95,257,279,162,250
1,<environment.Job instance at 0x7f6c601eb050>,7,20,[2 6],8,267,287,259,258
1,<environment.Job instance at 0x7f6c5f871780>,99,15,[14  3],100,287,302,187,273
1,<environment.Job instance at 0x7f6c5f8718c0>,100,14,[ 1 13],101,302,316,201,287
1,<environment.Job instance at 0x7f6c60bbeaa0>,98,22,[3 8],99,316,338,217,310
1,<environment.Job instance at 0x7f6c5f871d70>,106,12,[9 4],107,316,328,209,310
1,<environment.Job instance at 0x7f6c60dd71e0>,107,16,[5 5],108,328,344,220,315
1,<environment.Job instance at 0x7f6c60dd74b0>,108,17,[2 7],109,338,355,229,326
1,<environment.Job instance at 0x7f6c604ede10>,113,12,[7 3],114,338,350,224,326
1,<environment.Job instance at 0x7f6c5f7470a0>,115,17,[10  2],116,350,367,234,339
1,<environment.Job instance at 0x7f6c5f747e10>,116,12,[6 4],117,367,379,250,350
1,<environment.Job instance at 0x7f6c5f840af0>,121,20,[1 8],122,355,375,233,350
1,<environment.Job instance at 0x7f6c601eb5a0>,12,21,[ 4 12],13,379,400,366,371
1,<environment.Job instance at 0x7f6c5f840c30>,123,21,[9 3],124,375,396,251,372
1,<environment.Job instance at 0x7f6c5f8403c0>,124,14,[12  5],125,400,414,275,385
1,<environment.Job instance at 0x7f6c5f840d70>,125,19,[ 4 10],126,414,433,288,404
1,<environment.Job instance at 0x7f6c69575910>,126,20,[2 7],127,433,453,306,424
1,<environment.Job instance at 0x7f6c69575410>,127,23,[6 5],128,424,447,296,424
1,<environment.Job instance at 0x7f6c695755f0>,128,23,[11  1],129,447,470,318,441
1,<environment.Job instance at 0x7f6c69575640>,129,14,[5 8],130,470,484,340,455
1,<environment.Job instance at 0x7f6c69575dc0>,130,16,[13  2],131,484,500,353,471
1,<environment.Job instance at 0x7f6c69575eb0>,131,16,[ 5 12],132,500,516,368,487
1,<environment.Job instance at 0x7f6c69575be0>,132,18,[ 3 10],133,516,534,383,505
1,<environment.Job instance at 0x7f6c69575d20>,133,19,[5 5],134,516,535,382,506
1,<environment.Job instance at 0x7f6c695752d0>,134,25,[ 3 11],135,535,560,400,531
1,<environment.Job instance at 0x7f6c5f849230>,135,19,[ 4 10],136,560,579,424,550
1,<environment.Job instance at 0x7f6c5f8490f0>,136,12,[11  5],137,560,572,423,550
1,<environment.Job instance at 0x7f6c5f8490a0>,137,26,[14  3],138,579,605,441,576
1,<environment.Job instance at 0x7f6c5f849fa0>,138,19,[8 5],139,605,624,466,595
1,<environment.Job instance at 0x7f6c5f849eb0>,139,25,[ 2 14],140,624,649,484,620
1,<environment.Job instance at 0x7f6c5f8496e0>,140,12,[6 4],141,649,661,508,632
1,<environment.Job instance at 0x7f6c60edd910>,141,15,[3 7],142,649,664,507,635
1,<environment.Job instance at 0x7f6c60eddaf0>,142,12,[7 1],143,635,647,492,635
1,<environment.Job instance at 0x7f6c60edd2d0>,143,19,[4 8],144,661,680,517,651
1,<environment.Job instance at 0x7f6c60bbb550>,144,17,[ 3 13],145,680,697,535,668
1,<environment.Job instance at 0x7f6c60bbbeb0>,145,15,[1 7],146,697,712,551,683
1,<environment.Job instance at 0x7f6c5ff7f550>,146,12,[10  4],147,697,709,550,683
1,<environment.Job instance at 0x7f6c5ff7f910>,147,13,[ 3 12],148,712,725,564,696
1,<environment.Job instance at 0x7f6c60686eb0>,148,23,[13  2],149,725,748,576,719
1,<environment.Job instance at 0x7f6c5ff7fc80>,149,27,[13  4],150,748,775,598,746
1,<environment.Job instance at 0x7f6c5ff7f5f0>,150,15,[7 3],151,775,790,624,761
1,<environment.Job instance at 0x7f6c60b84d20>,151,19,[ 3 13],152,790,809,638,780
1,<environment.Job instance at 0x7f6c60b84d70>,152,15,[8 2],153,780,795,627,780
1,<environment.Job instance at 0x7f6c60a8d0f0>,153,19,[5 8],154,809,828,655,799
1,<environment.Job instance at 0x7f6c60a8d320>,154,12,[12  2],155,828,840,673,811
1,<environment.Job instance at 0x7f6c5f900a50>,155,24,[5 8],156,840,864,684,835
1,<environment.Job instance at 0x7f6c5f871730>,101,25,[4 6],102,859,884,757,859
1,<environment.Job instance at 0x7f6c60b9aa00>,157,13,[ 2 12],158,884,897,726,871
1,<environment.Job instance at 0x7f6c60a8d4b0>,156,26,[ 4 11],157,897,923,740,894
1,<environment.Job instance at 0x7f6c60b9a500>,159,26,[ 2 13],160,923,949,763,920
1,<environment.Job instance at 0x7f6c60b9ae60>,160,17,[11  4],161,949,966,788,937
1,<environment.Job instance at 0x7f6c5f6df3c0>,161,22,[3 8],162,949,971,787,942
1,<environment.Job instance at 0x7f6c5f6dfb90>,162,16,[5 9],163,971,987,808,958
1,<environment.Job instance at 0x7f6c5f875820>,163,17,[2 5],164,966,983,802,958
1,<environment.Job instance at 0x7f6c5f875190>,164,18,[ 5 12],165,987,1005,822,976
1,<environment.Job instance at 0x7f6c5f875b40>,165,17,[1 5],166,1005,1022,839,993
1,<environment.Job instance at 0x7f6c5f875320>,166,15,[ 3 12],167,1022,1037,855,1008
1,<environment.Job instance at 0x7f6c5f875280>,167,19,[5 9],168,1037,1056,869,1027
1,<environment.Job instance at 0x7f6c5f875550>,168,18,[6 2],169,1027,1045,858,1027
1,<environment.Job instance at 0x7f6c69629050>,169,20,[5 8],170,1056,1076,886,1047
1,<environment.Job instance at 0x7f6c69629410>,170,23,[6 3],171,1047,1070,876,1047
1,<environment.Job instance at 0x7f6c69629140>,171,17,[7 5],172,1070,1087,898,1058
1,<environment.Job instance at 0x7f6c60261690>,172,23,[ 2 11],173,1087,1110,914,1081
1,<environment.Job instance at 0x7f6c60261a00>,173,13,[14  4],174,1110,1123,936,1094
1,<environment.Job instance at 0x7f6c60261f00>,174,14,[13  2],175,1094,1108,919,1094
1,<environment.Job instance at 0x7f6c6025e1e0>,175,22,[ 5 12],176,1123,1145,947,1116
1,<environment.Job instance at 0x7f6c5f7500f0>,176,23,[ 2 12],177,1145,1168,968,1139
1,<environment.Job instance at 0x7f6c60df8d70>,177,26,[6 3],178,1139,1165,961,1139
1,<environment.Job instance at 0x7f6c5f99b780>,178,25,[ 2 14],179,1168,1193,989,1164
1,<environment.Job instance at 0x7f6c60f5d230>,1,16,[10  4],2,2,18,0,2
1,<environment.Job instance at 0x7f6c5f9de2d0>,2,17,[1 6],3,3,20,0,3
1,<environment.Job instance at 0x7f6c60741550>,7,13,[5 5],8,18,31,10,8
1,<environment.Job instance at 0x7f6c60741a50>,9,16,[9 2],10,18,34,8,10
1,<environment.Job instance at 0x7f6c60073190>,12,12,[9 2],13,34,46,21,17
1,<environment.Job instance at 0x7f6c5ffdda00>,16,17,[10  2],17,46,63,29,34
1,<environment.Job instance at 0x7f6c60a955a0>,25,18,[9 3],26,63,81,37,52
1,<environment.Job instance at 0x7f6c695ae0f0>,30,14,[10  5],31,81,95,50,66
1,<environment.Job instance at 0x7f6c5f88b960>,31,14,[5 4],32,66,80,34,66
1,<environment.Job instance at 0x7f6c5fc245f0>,33,16,[6 4],34,95,111,61,82
1,<environment.Job instance at 0x7f6c5fbc8d20>,36,14,[8 4],37,95,109,58,82
1,<environment.Job instance at 0x7f6c60f36a00>,39,16,[5 5],40,109,125,69,96
1,<environment.Job instance at 0x7f6c5f83b3c0>,41,15,[4 5],42,109,124,67,96
1,<environment.Job instance at 0x7f6c6000ed70>,44,14,[4 8],45,124,138,79,109
1,<environment.Job instance at 0x7f6c5fb82460>,49,17,[7 3],50,125,142,75,113
1,<environment.Job instance at 0x7f6c5fb821e0>,53,17,[10  4],54,142,159,88,130
1,<environment.Job instance at 0x7f6c5fb82c80>,54,15,[ 4 10],55,141,156,86,141
1,<environment.Job instance at 0x7f6c5fb82730>,56,21,[6 4],57,159,180,102,151
1,<environment.Job instance at 0x7f6c5fb82a00>,60,17,[6 2],61,159,176,98,152
1,<environment.Job instance at 0x7f6c5fb6f730>,62,13,[9 5],63,176,189,113,160
1,<environment.Job instance at 0x7f6c5fb6fcd0>,63,12,[4 9],64,180,192,116,165
1,<environment.Job instance at 0x7f6c5fb6f690>,64,15,[8 5],65,189,204,124,175
1,<environment.Job instance at 0x7f6c5facf910>,68,22,[5 2],69,192,214,123,188
1,<environment.Job instance at 0x7f6c5f787820>,74,19,[6 1],75,204,223,129,195
1,<environment.Job instance at 0x7f6c5f736c80>,78,20,[4 9],79,209,229,130,209
1,<environment.Job instance at 0x7f6c5f7361e0>,80,12,[5 6],81,223,235,142,209
1,<environment.Job instance at 0x7f6c5f7365a0>,85,15,[6 2],86,229,244,143,215
1,<environment.Job instance at 0x7f6c5f736370>,86,15,[8 2],87,235,250,148,221
1,<environment.Job instance at 0x7f6c5f7368c0>,87,22,[4 5],88,244,266,156,238
1,<environment.Job instance at 0x7f6c60741cd0>,13,17,[13  5],14,266,283,252,254
1,<environment.Job instance at 0x7f6c5fc53b90>,100,17,[10  3],101,283,300,182,271
1,<environment.Job instance at 0x7f6c5f7360f0>,99,22,[5 8],100,284,306,184,284
1,<environment.Job instance at 0x7f6c5fc535f0>,104,16,[6 3],105,300,316,195,287
1,<environment.Job instance at 0x7f6c5fc53d70>,105,15,[5 2],106,306,321,200,292
1,<environment.Job instance at 0x7f6c5fc53c80>,110,18,[6 1],111,316,334,205,305
1,<environment.Job instance at 0x7f6c5fc53140>,101,16,[11  4],102,334,350,232,321
1,<environment.Job instance at 0x7f6c60050870>,115,28,[6 4],116,350,378,234,349
1,<environment.Job instance at 0x7f6c60050960>,116,24,[12  3],117,378,402,261,373
1,<environment.Job instance at 0x7f6c60050f00>,117,13,[ 1 10],118,373,386,255,373
1,<environment.Job instance at 0x7f6c60050730>,118,18,[14  1],119,402,420,283,391
1,<environment.Job instance at 0x7f6c60050dc0>,119,27,[5 3],120,420,447,300,418
1,<environment.Job instance at 0x7f6c600504b0>,120,16,[6 1],121,420,436,299,418
1,<environment.Job instance at 0x7f6c60050780>,121,14,[14  1],122,447,461,325,432
1,<environment.Job instance at 0x7f6c60050410>,122,27,[9 4],123,461,488,338,459
1,<environment.Job instance at 0x7f6c60050d20>,123,28,[8 4],124,488,516,364,487
1,<environment.Job instance at 0x7f6c60050910>,124,20,[5 7],125,487,507,362,487
1,<environment.Job instance at 0x7f6c5fc53a00>,114,21,[3 9],115,507,528,392,500
1,<environment.Job instance at 0x7f6c6038bc30>,126,12,[2 7],127,528,540,401,511
1,<environment.Job instance at 0x7f6c60050640>,125,17,[11  5],126,516,533,390,512
1,<environment.Job instance at 0x7f6c6038beb0>,128,18,[5 4],129,533,551,404,522
1,<environment.Job instance at 0x7f6c6038b870>,129,15,[11  2],130,551,566,421,537
1,<environment.Job instance at 0x7f6c6038b960>,130,13,[3 5],131,540,553,409,537
1,<environment.Job instance at 0x7f6c6038b0a0>,131,17,[14  5],132,566,583,434,554
1,<environment.Job instance at 0x7f6c6038bf00>,132,16,[ 1 11],133,583,599,450,570
1,<environment.Job instance at 0x7f6c6038b730>,133,28,[12  3],134,583,611,449,582
1,<environment.Job instance at 0x7f6c6038b230>,136,26,[7 4],137,611,637,474,608
1,<environment.Job instance at 0x7f6c6038b190>,137,26,[6 1],138,611,637,473,608
1,<environment.Job instance at 0x7f6c60077280>,152,13,[8 4],153,637,650,484,623
1,<environment.Job instance at 0x7f6c606da5a0>,160,15,[1 7],161,631,646,470,631
1,<environment.Job instance at 0x7f6c606da140>,162,15,[5 7],163,646,661,483,632
1,<environment.Job instance at 0x7f6c606da0f0>,165,13,[8 2],166,650,663,484,634
1,<environment.Job instance at 0x7f6c60499960>,168,16,[6 3],169,661,677,492,648
1,<environment.Job instance at 0x7f6c60499140>,169,12,[3 8],170,663,675,493,648
1,<environment.Job instance at 0x7f6c60499410>,170,13,[5 5],171,675,688,504,659
1,<environment.Job instance at 0x7f6c604990f0>,172,14,[4 7],173,675,689,502,669
1,<environment.Job instance at 0x7f6c60499500>,173,17,[1 6],174,688,705,514,676
1,<environment.Job instance at 0x7f6c60499f00>,175,20,[2 5],176,689,709,513,680
1,<environment.Job instance at 0x7f6c6038b3c0>,138,22,[11  5],139,705,727,566,698
1,<environment.Job instance at 0x7f6c60741280>,11,21,[10  4],12,727,748,715,726
1,<environment.Job instance at 0x7f6c600737d0>,0,18,[13  5],1,762,780,761,762
1,<environment.Job instance at 0x7f6c5ff4b870>,0,12,[7 4],1,1,13,0,1
1,<environment.Job instance at 0x7f6c5f9ee230>,1,14,[ 5 13],2,13,27,11,2
1,<environment.Job instance at 0x7f6c5f9ee690>,10,12,[5 2],11,11,23,0,11
1,<environment.Job instance at 0x7f6c5f9b4960>,11,13,[7 2],12,23,36,11,13
1,<environment.Job instance at 0x7f6c5f9eedc0>,8,15,[4 7],9,27,42,18,13
1,<environment.Job instance at 0x7f6c5ff5cc30>,17,21,[3 8],18,36,57,18,28
1,<environment.Job instance at 0x7f6c5ff5cd20>,19,16,[10  3],20,42,58,22,29
1,<environment.Job instance at 0x7f6c5ff5c6e0>,21,21,[1 8],22,57,78,35,49
1,<environment.Job instance at 0x7f6c5f9eb280>,24,14,[10  4],25,58,72,33,49
1,<environment.Job instance at 0x7f6c5f9eb8c0>,28,15,[10  3],29,72,87,43,58
1,<environment.Job instance at 0x7f6c5f9b4d20>,12,15,[13  2],13,87,102,74,73
1,<environment.Job instance at 0x7f6c5f9eeb90>,2,12,[7 3],3,102,114,99,87
1,<environment.Job instance at 0x7f6c5f9ee730>,9,16,[7 4],10,102,118,92,93
1,<environment.Job instance at 0x7f6c5f9e7eb0>,29,21,[10  4],30,118,139,88,110
1,<environment.Job instance at 0x7f6c5f9eb780>,30,22,[3 9],31,114,136,83,112
1,<environment.Job instance at 0x7f6c5f9e7500>,34,19,[8 2],35,139,158,104,129
1,<environment.Job instance at 0x7f6c5f9e78c0>,31,18,[4 9],32,136,154,104,129
1,<environment.Job instance at 0x7f6c5f9e7fa0>,35,13,[ 5 14],36,158,171,122,145
1,<environment.Job instance at 0x7f6c60877370>,48,20,[9 2],49,171,191,122,162
1,<environment.Job instance at 0x7f6c5fff7d70>,49,18,[ 2 10],50,171,189,121,162
1,<environment.Job instance at 0x7f6c5f6c5780>,51,14,[3 5],52,189,203,137,174
1,<environment.Job instance at 0x7f6c5f9eea50>,53,13,[5 1],54,191,204,137,175
1,<environment.Job instance at 0x7f6c5f9eec30>,54,17,[1 7],55,189,206,134,177
1,<environment.Job instance at 0x7f6c5ff5cbe0>,55,16,[8 4],56,203,219,147,190
1,<environment.Job instance at 0x7f6c5f6e12d0>,58,19,[6 5],59,206,225,147,196
1,<environment.Job instance at 0x7f6c5f6e1690>,61,20,[3 9],62,219,239,157,211
1,<environment.Job instance at 0x7f6c5f6e1550>,63,12,[7 1],64,225,237,161,211
1,<environment.Job instance at 0x7f6c5f6e17d0>,64,21,[2 6],65,237,258,172,229
1,<environment.Job instance at 0x7f6c5f6e10f0>,65,18,[4 6],66,239,257,173,229
1,<environment.Job instance at 0x7f6c5f6e1910>,67,12,[5 5],68,257,269,189,240
1,<environment.Job instance at 0x7f6c5f6e1c30>,69,18,[5 5],70,258,276,188,247
1,<environment.Job instance at 0x7f6c5f6e1cd0>,70,18,[7 2],71,269,287,198,258
1,<environment.Job instance at 0x7f6c5f6c82d0>,72,12,[2 8],73,269,281,196,258
1,<environment.Job instance at 0x7f6c5f6c80f0>,73,18,[6 3],74,276,294,202,265
1,<environment.Job instance at 0x7f6c5f9eb5f0>,75,18,[5 6],76,287,305,211,276
1,<environment.Job instance at 0x7f6c5f6b3e60>,80,20,[3 6],81,287,307,206,280
1,<environment.Job instance at 0x7f6c5f6b33c0>,83,14,[4 5],84,305,319,221,290
1,<environment.Job instance at 0x7f6c5f6b3370>,85,20,[10  3],86,307,327,221,298
1,<environment.Job instance at 0x7f6c5f6aff50>,86,15,[5 9],87,319,334,232,305
1,<environment.Job instance at 0x7f6c5f6afd20>,88,17,[5 1],89,327,344,238,315
1,<environment.Job instance at 0x7f6c5f6af690>,89,13,[1 8],90,334,347,244,318
1,<environment.Job instance at 0x7f6c5f6d9550>,94,14,[5 1],95,327,341,232,318
1,<environment.Job instance at 0x7f6c5f6d9910>,97,13,[5 5],98,341,354,243,325
1,<environment.Job instance at 0x7f6c5f6d9410>,100,17,[6 2],101,344,361,243,332
1,<environment.Job instance at 0x7f6c5f6d94b0>,105,17,[10  4],106,361,378,255,349
1,<environment.Job instance at 0x7f6c5f6b61e0>,106,16,[9 4],107,378,394,271,365
1,<environment.Job instance at 0x7f6c5f6b6410>,108,22,[5 4],109,365,387,256,365
1,<environment.Job instance at 0x7f6c5f6e6a00>,112,18,[7 4],113,394,412,281,383
1,<environment.Job instance at 0x7f6c5f6e6a50>,113,16,[4 7],114,387,403,273,383
1,<environment.Job instance at 0x7f6c5f6eaa00>,116,22,[5 8],117,403,425,286,396
1,<environment.Job instance at 0x7f6c5f6ea780>,117,17,[9 5],118,412,429,294,400
1,<environment.Job instance at 0x7f6c5f6ea910>,122,13,[3 6],123,425,438,302,409
1,<environment.Job instance at 0x7f6c602e3820>,133,18,[10  2],134,429,447,295,418
1,<environment.Job instance at 0x7f6c6000f500>,41,20,[3 6],42,438,458,396,436
1,<environment.Job instance at 0x7f6c5fbe8f00>,40,18,[9 1],41,447,465,406,436
1,<environment.Job instance at 0x7f6c60956f00>,140,15,[4 5],141,458,473,317,444
1,<environment.Job instance at 0x7f6c60956910>,142,14,[14  5],143,473,487,330,458
1,<environment.Job instance at 0x7f6c5f9e76e0>,32,17,[14  4],33,487,504,454,481
1,<environment.Job instance at 0x7f6c60956870>,143,28,[9 2],144,504,532,360,503
1,<environment.Job instance at 0x7f6c5f9105a0>,145,22,[ 5 14],146,532,554,386,525
1,<environment.Job instance at 0x7f6c5f910b90>,146,14,[4 5],147,554,568,407,539
1,<environment.Job instance at 0x7f6c6011ac30>,147,18,[14  1],148,568,586,420,557
1,<environment.Job instance at 0x7f6c5f910e60>,148,16,[9 2],149,586,602,437,573
1,<environment.Job instance at 0x7f6c5f910c30>,149,19,[2 8],150,586,605,436,576
1,<environment.Job instance at 0x7f6c60504870>,150,22,[ 2 11],151,605,627,454,598
1,<environment.Job instance at 0x7f6c60504af0>,151,13,[ 1 11],152,627,640,475,611
1,<environment.Job instance at 0x7f6c5f910910>,144,19,[8 1],145,612,631,467,612
1,<environment.Job instance at 0x7f6c602c3fa0>,158,15,[5 6],159,640,655,481,626
1,<environment.Job instance at 0x7f6c602e9dc0>,163,16,[5 3],164,626,642,462,626
1,<environment.Job instance at 0x7f6c60504280>,153,13,[5 8],154,642,655,488,628
1,<environment.Job instance at 0x7f6c609925f0>,166,15,[10  3],167,655,670,488,641
1,<environment.Job instance at 0x7f6c60992f50>,168,12,[2 8],169,655,667,486,641
1,<environment.Job instance at 0x7f6c609920a0>,167,19,[ 1 14],168,670,689,502,661
1,<environment.Job instance at 0x7f6c6050da00>,174,13,[3 8],177,689,702,512,675
1,<environment.Job instance at 0x7f6c5f9ee870>,3,19,[5 7],4,3423,3442,3419,3423
1,<environment.Job instance at 0x7f6c60956690>,141,25,[10  2],142,3423,3448,3281,3423
1,<environment.Job instance at 0x7f6c60956f50>,2,19,[8 1],3,3,22,0,3
1,<environment.Job instance at 0x7f6c5fbd0a50>,7,12,[1 5],8,9,21,1,9
1,<environment.Job instance at 0x7f6c5fbd0500>,9,16,[9 5],10,22,38,12,16
1,<environment.Job instance at 0x7f6c5fbd0140>,8,26,[10  1],9,38,64,29,35
1,<environment.Job instance at 0x7f6c609cbf50>,14,13,[ 3 11],15,38,51,23,35
1,<environment.Job instance at 0x7f6c5fbd08c0>,13,16,[ 2 10],14,51,67,37,38
1,<environment.Job instance at 0x7f6c609cb780>,16,13,[ 4 10],17,67,80,50,51
1,<environment.Job instance at 0x7f6c609cb5f0>,22,12,[3 8],23,80,92,57,63
1,<environment.Job instance at 0x7f6c609cbb90>,25,19,[5 1],26,64,83,38,63
1,<environment.Job instance at 0x7f6c609cb640>,28,12,[9 2],29,83,95,54,66
1,<environment.Job instance at 0x7f6c609cbb40>,29,12,[6 4],30,66,78,36,66
1,<environment.Job instance at 0x7f6c609cbaa0>,32,17,[7 4],33,95,112,62,83
1,<environment.Job instance at 0x7f6c609cbd70>,34,14,[5 6],35,92,106,57,83
1,<environment.Job instance at 0x7f6c609cbdc0>,15,21,[3 5],16,95,116,79,89
1,<environment.Job instance at 0x7f6c609cb3c0>,35,16,[11  5],36,112,128,76,99
1,<environment.Job instance at 0x7f6c609ab870>,38,15,[8 3],39,128,143,89,114
1,<environment.Job instance at 0x7f6c609ab820>,42,12,[6 2],43,128,140,85,114
1,<environment.Job instance at 0x7f6c609cb870>,36,28,[ 2 12],37,140,168,103,139
1,<environment.Job instance at 0x7f6c5fbcaa00>,62,18,[7 3],63,143,161,80,139
1,<environment.Job instance at 0x7f6c5fbca5f0>,72,16,[10  2],73,161,177,88,148
1,<environment.Job instance at 0x7f6c609ab960>,45,12,[13  4],46,177,189,131,160
1,<environment.Job instance at 0x7f6c5fbca050>,74,13,[6 3],75,189,202,114,173
1,<environment.Job instance at 0x7f6c5f9c6190>,80,16,[10  5],81,202,218,121,189
1,<environment.Job instance at 0x7f6c5f9c62d0>,81,19,[1 7],82,198,217,116,198
1,<environment.Job instance at 0x7f6c5f9c6960>,85,12,[3 7],86,217,229,131,200
1,<environment.Job instance at 0x7f6c5f9c6f50>,86,17,[2 5],87,218,235,131,206
1,<environment.Job instance at 0x7f6c5f9c6050>,88,17,[10  4],89,229,246,140,217
1,<environment.Job instance at 0x7f6c5fbcac30>,75,15,[13  3],76,246,261,170,232
1,<environment.Job instance at 0x7f6c5f9c61e0>,91,21,[6 5],92,261,282,169,253
1,<environment.Job instance at 0x7f6c5f9c6910>,94,15,[8 3],95,261,276,166,253
1,<environment.Job instance at 0x7f6c5f9c65a0>,97,21,[7 2],98,276,297,178,268
1,<environment.Job instance at 0x7f6c60987e10>,100,12,[ 2 10],101,282,294,181,268
1,<environment.Job instance at 0x7f6c60987230>,101,21,[1 5],102,294,315,192,286
1,<environment.Job instance at 0x7f6c5f9c6870>,92,21,[5 5],93,294,315,201,286
1,<environment.Job instance at 0x7f6c60987dc0>,106,17,[12  4],107,315,332,208,304
1,<environment.Job instance at 0x7f6c60987c30>,107,22,[ 4 13],108,332,354,224,325
1,<environment.Job instance at 0x7f6c609876e0>,108,15,[10  5],109,354,369,245,340
1,<environment.Job instance at 0x7f6c60987b40>,105,22,[5 8],106,354,376,248,351
1,<environment.Job instance at 0x7f6c609873c0>,115,13,[ 2 10],116,376,389,260,360
1,<environment.Job instance at 0x7f6c60987af0>,116,13,[1 6],117,389,402,272,373
1,<environment.Job instance at 0x7f6c60881190>,123,22,[2 7],124,389,411,265,382
1,<environment.Job instance at 0x7f6c60881f00>,129,14,[3 9],130,411,425,281,396
1,<environment.Job instance at 0x7f6c600241e0>,138,12,[2 8],139,425,437,286,408
1,<environment.Job instance at 0x7f6c60a06eb0>,139,23,[8 3],140,409,432,269,409
1,<environment.Job instance at 0x7f6c6000f370>,141,15,[7 2],142,432,447,290,418
1,<environment.Job instance at 0x7f6c6000f140>,144,13,[4 7],145,437,450,292,421
1,<environment.Job instance at 0x7f6c6000f410>,145,22,[5 6],146,447,469,301,440
1,<environment.Job instance at 0x7f6c6026e9b0>,150,16,[7 5],151,450,466,299,440
1,<environment.Job instance at 0x7f6c5f7b7eb0>,152,19,[10  2],153,466,485,313,456
1,<environment.Job instance at 0x7f6c60987a00>,109,18,[ 1 11],110,469,487,359,458
1,<environment.Job instance at 0x7f6c5f97f820>,157,18,[14  2],158,485,503,327,474
1,<environment.Job instance at 0x7f6c60566a50>,158,26,[11  3],159,503,529,344,500
1,<environment.Job instance at 0x7f6c5f7bc7d0>,159,20,[2 6],160,503,523,343,500
1,<environment.Job instance at 0x7f6c607425a0>,160,14,[12  5],161,529,543,368,514
1,<environment.Job instance at 0x7f6c5f799eb0>,161,21,[12  1],162,543,564,381,535
1,<environment.Job instance at 0x7f6c5fa5aaf0>,162,14,[1 8],163,535,549,372,535
1,<environment.Job instance at 0x7f6c60959be0>,163,14,[ 3 11],164,549,563,385,535
1,<environment.Job instance at 0x7f6c60a7cb40>,164,15,[11  3],165,564,579,399,552
1,<environment.Job instance at 0x7f6c60fc1c80>,156,18,[3 9],157,563,581,406,554
1,<environment.Job instance at 0x7f6c602b8b40>,166,14,[3 7],167,581,595,414,566
1,<environment.Job instance at 0x7f6c602e9960>,167,13,[10  3],168,579,592,411,566
1,<environment.Job instance at 0x7f6c6022a460>,174,15,[10  1],175,592,607,417,578
1,<environment.Job instance at 0x7f6c6022a7d0>,175,17,[1 8],176,595,612,419,583
1,<environment.Job instance at 0x7f6c609720a0>,178,20,[7 3],179,607,627,428,598
1,<environment.Job instance at 0x7f6c602e9870>,165,16,[ 3 14],166,627,643,461,615
1,<environment.Job instance at 0x7f6c5fbd0c80>,5,20,[9 5],6,643,663,637,635
1,<environment.Job instance at 0x7f6c5fbd0fa0>,0,19,[14  5],1,663,682,662,653
1,<environment.Job instance at 0x7f6c5ff3f0f0>,0,18,[ 2 12],1,1,19,0,1
1,<environment.Job instance at 0x7f6c60b010f0>,4,13,[9 3],5,5,18,0,5
1,<environment.Job instance at 0x7f6c695761e0>,8,15,[ 2 10],9,19,34,10,9
1,<environment.Job instance at 0x7f6c60b014b0>,7,23,[14  1],8,34,57,26,28
1,<environment.Job instance at 0x7f6c60963e60>,23,17,[4 8],24,57,74,33,46
1,<environment.Job instance at 0x7f6c609637d0>,27,12,[9 5],28,57,69,29,51
1,<environment.Job instance at 0x7f6c60418f50>,30,16,[9 2],31,69,85,38,58
1,<environment.Job instance at 0x7f6c60b01550>,1,18,[4 9],2,74,92,72,69
1,<environment.Job instance at 0x7f6c6064c500>,33,16,[7 5],34,85,101,51,72
1,<environment.Job instance at 0x7f6c60c229b0>,45,16,[7 5],46,92,108,46,79
1,<environment.Job instance at 0x7f6c6955aaa0>,53,17,[8 3],54,101,118,47,89
1,<environment.Job instance at 0x7f6c69549960>,56,17,[5 7],57,108,125,51,98
1,<environment.Job instance at 0x7f6c603c7960>,60,19,[8 5],61,118,137,57,108
1,<environment.Job instance at 0x7f6c603c7050>,64,16,[2 5],65,125,141,60,112
1,<environment.Job instance at 0x7f6c609daaa0>,72,17,[9 4],73,137,154,64,125
1,<environment.Job instance at 0x7f6c60a94870>,78,15,[7 3],79,154,169,75,140
1,<environment.Job instance at 0x7f6c6064c780>,34,28,[6 5],35,141,169,106,140
1,<environment.Job instance at 0x7f6c60a94370>,82,17,[6 1],83,169,186,86,157
1,<environment.Job instance at 0x7f6c60a94910>,92,16,[3 9],93,169,185,76,157
1,<environment.Job instance at 0x7f6c605e8be0>,114,16,[4 5],115,169,185,54,157
1,<environment.Job instance at 0x7f6c60d44550>,166,12,[7 3],167,185,197,18,169
1,<environment.Job instance at 0x7f6c6028a050>,168,17,[5 3],169,186,203,17,174
1,<environment.Job instance at 0x7f6c6001de60>,176,18,[5 3],177,197,215,20,186
1,<environment.Job instance at 0x7f6c60a94af0>,80,26,[ 2 14],81,1072,1098,991,1072
1,<environment.Job instance at 0x7f6c69576280>,24,20,[7 1],25,1542,1562,1517,1542
1,<environment.Job instance at 0x7f4a0603b230>,0,17,[6 1],1,1,18,0,1
1,<environment.Job instance at 0x7f4a0603b320>,2,20,[7 4],3,3,23,0,3
1,<environment.Job instance at 0x7f49fca4faf0>,10,15,[5 1],11,18,33,7,11
1,<environment.Job instance at 0x7f49fca4ff50>,11,15,[6 1],12,23,38,11,12
1,<environment.Job instance at 0x7f49fca527d0>,22,13,[7 4],23,33,46,10,23
1,<environment.Job instance at 0x7f49fca529b0>,24,20,[4 6],25,38,58,13,29
1,<environment.Job instance at 0x7f49fca52a50>,26,12,[8 5],27,46,58,19,29
1,<environment.Job instance at 0x7f49fca52f00>,32,17,[9 3],33,58,75,25,46
1,<environment.Job instance at 0x7f49fca55190>,35,16,[1 9],36,58,74,22,46
1,<environment.Job instance at 0x7f49fca55230>,36,20,[7 5],37,75,95,38,66
1,<environment.Job instance at 0x7f49fca55410>,39,18,[9 4],40,95,113,55,84
1,<environment.Job instance at 0x7f49fca55550>,41,12,[8 3],42,113,125,71,96
1,<environment.Job instance at 0x7f49fca55690>,43,16,[1 8],44,97,113,53,97
1,<environment.Job instance at 0x7f49fca55910>,46,14,[6 5],47,113,127,66,98
1,<environment.Job instance at 0x7f49fca55960>,49,13,[1 5],50,113,126,63,98
1,<environment.Job instance at 0x7f49fca55be0>,51,13,[5 6],52,126,139,74,110
1,<environment.Job instance at 0x7f49fca55d20>,53,17,[7 4],54,127,144,73,115
1,<environment.Job instance at 0x7f49fca55e10>,54,13,[7 3],55,139,152,84,123
1,<environment.Job instance at 0x7f49fca55f00>,56,21,[8 4],57,144,165,87,136
1,<environment.Job instance at 0x7f49fca58050>,59,19,[1 7],60,152,171,92,144
1,<environment.Job instance at 0x7f49fca58370>,63,12,[5 3],64,152,164,88,144
1,<environment.Job instance at 0x7f49fca585a0>,67,18,[9 4],68,165,183,97,154
1,<environment.Job instance at 0x7f49fca58960>,70,15,[8 4],71,183,198,112,169
1,<environment.Job instance at 0x7f49fca58a00>,71,14,[4 9],72,171,185,99,169
1,<environment.Job instance at 0x7f49fca58b40>,73,18,[3 5],74,185,203,111,174
1,<environment.Job instance at 0x7f49fca58be0>,74,19,[3 8],75,198,217,123,188
1,<environment.Job instance at 0x7f49fca58c80>,75,17,[7 1],76,198,215,122,188
1,<environment.Job instance at 0x7f49fca58d20>,76,14,[10  4],77,215,229,138,200
1,<environment.Job instance at 0x7f49fca585f0>,81,19,[5 5],82,217,236,135,209
1,<environment.Job instance at 0x7f49fca586e0>,82,14,[8 5],83,229,243,146,214
1,<environment.Job instance at 0x7f49fca5b1e0>,83,21,[4 8],84,236,257,152,228
1,<environment.Job instance at 0x7f49fca5b050>,86,15,[1 7],87,243,258,156,229
1,<environment.Job instance at 0x7f49fca5b550>,89,16,[4 9],90,258,274,168,245
1,<environment.Job instance at 0x7f49fca5b730>,92,15,[9 1],93,257,272,164,245
1,<environment.Job instance at 0x7f49fca5baa0>,96,16,[8 4],97,272,288,175,259
1,<environment.Job instance at 0x7f49fca5ba50>,97,18,[2 6],98,274,292,176,263
1,<environment.Job instance at 0x7f49fca5d230>,104,16,[1 9],105,288,304,183,275
1,<environment.Job instance at 0x7f49fca5d370>,106,16,[7 5],107,292,308,185,279
1,<environment.Job instance at 0x7f49fca5d910>,114,17,[5 1],115,292,309,177,280
1,<environment.Job instance at 0x7f49fca5daf0>,116,17,[5 5],117,308,325,191,296
1,<environment.Job instance at 0x7f49fca5deb0>,122,18,[7 4],123,309,327,186,298
1,<environment.Job instance at 0x7f49fca456e0>,130,21,[5 4],131,325,346,194,317
1,<environment.Job instance at 0x7f49fca45690>,133,17,[5 1],134,327,344,193,317
1,<environment.Job instance at 0x7f49fca26c30>,136,12,[5 4],137,327,339,190,317
1,<environment.Job instance at 0x7f49fcacb1e0>,138,14,[6 5],139,344,358,205,329
1,<environment.Job instance at 0x7f49fcb45370>,139,17,[8 2],140,346,363,206,334
1,<environment.Job instance at 0x7f49fcb74500>,141,13,[1 8],142,346,359,204,336
1,<environment.Job instance at 0x7f49fca52190>,20,17,[ 2 14],21,363,380,342,351
1,<environment.Job instance at 0x7f49fcb6dbe0>,148,13,[10  5],149,380,393,231,364
1,<environment.Job instance at 0x7f49fca52050>,17,19,[12  4],18,393,412,375,383
1,<environment.Job instance at 0x7f49fcbced20>,156,15,[ 2 10],157,383,398,226,383
1,<environment.Job instance at 0x7f49fcaffe10>,149,28,[3 8],150,398,426,248,398
1,<environment.Job instance at 0x7f49fcb5aeb0>,157,25,[ 3 13],158,426,451,268,422
1,<environment.Job instance at 0x7f49fcb0bc80>,155,17,[5 8],156,451,468,295,444
1,<environment.Job instance at 0x7f49fcb67c80>,162,19,[2 5],163,458,477,295,458
1,<environment.Job instance at 0x7f49fcb5a910>,159,25,[ 2 11],160,477,502,317,473
1,<environment.Job instance at 0x7f49fca72d70>,165,16,[11  3],166,473,489,307,473
1,<environment.Job instance at 0x7f49fca72230>,166,24,[13  4],167,489,513,322,484
1,<environment.Job instance at 0x7f49fcb77820>,167,18,[14  2],168,513,531,345,502
1,<environment.Job instance at 0x7f49fcb77e60>,168,14,[6 3],169,531,545,362,516
1,<environment.Job instance at 0x7f49fcb776e0>,169,17,[14  3],170,545,562,375,533
1,<environment.Job instance at 0x7f49fcb77460>,170,24,[ 4 11],171,562,586,391,557
1,<environment.Job instance at 0x7f49fca76d70>,171,14,[ 5 10],172,586,600,414,571
1,<environment.Job instance at 0x7f49fca76730>,172,17,[4 7],173,600,617,427,588
1,<environment.Job instance at 0x7f49fca76050>,173,13,[5 7],174,600,613,426,588
1,<environment.Job instance at 0x7f49fca76e10>,174,25,[14  5],175,617,642,442,613
1,<environment.Job instance at 0x7f49fca76690>,175,24,[3 7],176,642,666,466,637
1,<environment.Job instance at 0x7f49fca76a50>,176,19,[3 8],177,642,661,465,637
1,<environment.Job instance at 0x7f49fca767d0>,177,17,[11  1],178,661,678,483,649
1,<environment.Job instance at 0x7f49fca76c30>,178,27,[ 3 13],179,666,693,487,664
1,<environment.Job instance at 0x7f49fca76230>,179,16,[8 4],180,693,709,513,680
1,<environment.Job instance at 0x7f49fca762d0>,180,26,[3 9],181,693,719,512,690
1,<environment.Job instance at 0x7f49fca765f0>,181,19,[11  4],182,709,728,527,699
1,<environment.Job instance at 0x7f49fcb72f50>,182,24,[4 9],183,719,743,536,714
1,<environment.Job instance at 0x7f49fcb72460>,183,25,[13  2],184,743,768,559,739
1,<environment.Job instance at 0x7f49fcb72780>,184,23,[6 4],185,768,791,583,762
1,<environment.Job instance at 0x7f49fcae05a0>,185,22,[12  2],186,791,813,605,784
1,<environment.Job instance at 0x7f49fcba4460>,186,17,[9 2],187,813,830,626,801
1,<environment.Job instance at 0x7f49fca725f0>,164,22,[3 8],165,801,823,636,801
1,<environment.Job instance at 0x7f49fcb5cd20>,187,16,[1 7],188,823,839,635,810
1,<environment.Job instance at 0x7f4a0603b1e0>,1,24,[10  1],2,830,854,828,825
1,<environment.Job instance at 0x7f49fca52280>,13,13,[10  3],14,4054,4067,4040,4054
1,<environment.Job instance at 0x7f49fc42cf50>,0,14,[12  1],1,1,15,0,1
1,<environment.Job instance at 0x7f49fc42c2d0>,3,15,[9 5],4,15,30,11,4
1,<environment.Job instance at 0x7f49fc4305a0>,7,19,[3 8],8,9,28,1,9
1,<environment.Job instance at 0x7f49fc430aa0>,8,14,[7 1],9,30,44,21,15
1,<environment.Job instance at 0x7f49fc4b8870>,9,14,[14  2],10,44,58,34,29
1,<environment.Job instance at 0x7f49fc3e8a50>,10,13,[12  2],11,58,71,47,42
1,<environment.Job instance at 0x7f49fc42cb40>,6,18,[7 1],7,71,89,64,60
1,<environment.Job instance at 0x7f49fc42ca00>,5,21,[5 9],6,71,92,65,63
1,<environment.Job instance at 0x7f49fc4b8d70>,14,18,[5 4],15,89,107,74,78
1,<environment.Job instance at 0x7f49fc4bc820>,24,13,[2 5],25,92,105,67,78
1,<environment.Job instance at 0x7f49fc4c2550>,36,15,[8 5],37,92,107,55,78
1,<environment.Job instance at 0x7f49fc4c2960>,39,12,[4 8],40,107,119,67,90
1,<environment.Job instance at 0x7f49fc4c2730>,40,19,[4 7],41,107,126,66,97
1,<environment.Job instance at 0x7f49fc4c2be0>,46,13,[4 8],47,119,132,72,106
1,<environment.Job instance at 0x7f49fc4c2cd0>,47,16,[8 4],48,126,142,78,113
1,<environment.Job instance at 0x7f49fc4c2230>,50,13,[2 7],51,132,145,81,116
1,<environment.Job instance at 0x7f49fc547d70>,55,13,[9 2],56,142,155,86,126
1,<environment.Job instance at 0x7f49fc5479b0>,56,13,[4 5],57,142,155,85,126
1,<environment.Job instance at 0x7f49fc5b8e60>,62,13,[3 5],63,155,168,92,139
1,<environment.Job instance at 0x7f49fc659370>,63,16,[5 8],64,155,171,91,142
1,<environment.Job instance at 0x7f49fc4f1190>,66,14,[3 5],67,168,182,101,153
1,<environment.Job instance at 0x7f49fc3ea3c0>,73,17,[10  2],74,171,188,97,159
1,<environment.Job instance at 0x7f4a061b1230>,77,17,[10  4],78,188,205,110,176
1,<environment.Job instance at 0x7f49fc0d9050>,78,13,[6 4],79,205,218,126,189
1,<environment.Job instance at 0x7f49fc3eacd0>,81,16,[6 3],82,205,221,123,192
1,<environment.Job instance at 0x7f49fc4b89b0>,11,27,[3 6],12,196,223,184,196
1,<environment.Job instance at 0x7f49fc0a06e0>,86,22,[7 5],87,221,243,134,214
1,<environment.Job instance at 0x7f49fc021910>,88,17,[8 4],89,223,240,134,214
1,<environment.Job instance at 0x7f49fc05d6e0>,89,15,[3 6],90,240,255,150,226
1,<environment.Job instance at 0x7f49fc0f0e10>,92,15,[5 8],93,243,258,150,229
1,<environment.Job instance at 0x7f49fc18ffa0>,95,23,[3 6],96,255,278,159,249
1,<environment.Job instance at 0x7f49fc004410>,96,17,[ 5 10],97,278,295,181,266
1,<environment.Job instance at 0x7f49fc0042d0>,100,13,[8 4],101,266,279,165,266
1,<environment.Job instance at 0x7f49fc0009b0>,108,12,[5 8],109,295,307,186,278
1,<environment.Job instance at 0x7f49fc0002d0>,109,13,[5 1],110,279,292,169,278
1,<environment.Job instance at 0x7f49fc000410>,110,12,[5 5],111,292,304,181,278
1,<environment.Job instance at 0x7f49fc000690>,113,18,[9 5],114,304,322,190,293
1,<environment.Job instance at 0x7f49fc000c30>,114,18,[1 7],115,307,325,192,296
1,<environment.Job instance at 0x7f49fc001f50>,120,14,[7 1],121,322,336,201,307
1,<environment.Job instance at 0x7f49fc001320>,124,12,[4 7],125,322,334,197,307
1,<environment.Job instance at 0x7f49fc09e5a0>,130,14,[3 7],131,325,339,194,310
1,<environment.Job instance at 0x7f49fbfff460>,134,16,[ 4 10],135,339,355,204,326
1,<environment.Job instance at 0x7f49fbfff3c0>,135,20,[5 8],136,355,375,219,346
1,<environment.Job instance at 0x7f49fc191fa0>,142,13,[2 9],143,375,388,232,359
1,<environment.Job instance at 0x7f49fc086c80>,143,20,[4 9],144,388,408,244,379
1,<environment.Job instance at 0x7f49fc97f410>,144,12,[2 7],145,408,420,263,391
1,<environment.Job instance at 0x7f49fc2a8e60>,146,21,[10  5],147,391,412,244,391
1,<environment.Job instance at 0x7f49fc07f960>,153,17,[5 9],154,420,437,266,408
1,<environment.Job instance at 0x7f49fc07f910>,154,17,[7 1],155,412,429,257,408
1,<environment.Job instance at 0x7f49fc005190>,168,14,[3 6],169,429,443,260,414
1,<environment.Job instance at 0x7f49fc005e60>,169,12,[6 4],170,437,449,267,420
1,<environment.Job instance at 0x7f49fc1301e0>,176,21,[ 5 10],177,443,464,266,436
1,<environment.Job instance at 0x7f49fc1335a0>,178,16,[5 2],179,449,465,270,436
1,<environment.Job instance at 0x7f49fc133d20>,179,22,[2 5],180,464,486,284,457
1,<environment.Job instance at 0x7f49fc133a00>,180,12,[ 1 10],181,465,477,284,457
1,<environment.Job instance at 0x7f49fc33ba50>,185,13,[5 5],186,477,490,291,461
1,<environment.Job instance at 0x7f49fbff9e60>,186,20,[7 1],187,477,497,290,468
1,<environment.Job instance at 0x7f49fc4b8910>,12,22,[2 8],13,486,508,473,480
1,<environment.Job instance at 0x7f49fca52280>,2,20,[7 5],3,497,517,494,490
1,<environment.Job instance at 0x7f49fca522d0>,1,17,[12  4],2,517,534,515,505
1,<environment.Job instance at 0x7f49fc23a640>,1,20,[5 5],2,2,22,0,2
1,<environment.Job instance at 0x7f49fc23a5a0>,0,24,[4 8],1,2,26,1,2
1,<environment.Job instance at 0x7f49fc346d20>,5,17,[7 4],6,22,39,16,10
1,<environment.Job instance at 0x7f49fc346460>,9,13,[1 7],10,26,39,16,14
1,<environment.Job instance at 0x7f49fc346780>,12,18,[10  5],13,39,57,26,29
1,<environment.Job instance at 0x7f49fc3466e0>,19,16,[4 5],20,39,55,19,29
1,<environment.Job instance at 0x7f49fc3463c0>,22,14,[4 5],23,55,69,32,40
1,<environment.Job instance at 0x7f49fc2af320>,25,13,[5 6],26,57,70,31,41
1,<environment.Job instance at 0x7f49fc2afeb0>,38,18,[5 5],39,69,87,30,58
1,<environment.Job instance at 0x7f49fc3404b0>,55,17,[10  4],56,70,87,14,58
1,<environment.Job instance at 0x7f49fc3405a0>,56,19,[6 5],57,87,106,30,77
1,<environment.Job instance at 0x7f49fc340b90>,60,19,[3 6],61,87,106,26,83
1,<environment.Job instance at 0x7f49fc49f820>,72,19,[7 3],73,106,125,33,96
1,<environment.Job instance at 0x7f49fc49ffa0>,75,18,[5 5],76,106,124,30,98
1,<environment.Job instance at 0x7f49fc23fb40>,76,15,[2 6],77,106,121,29,98
1,<environment.Job instance at 0x7f49fc386fa0>,91,14,[5 3],92,124,138,32,110
1,<environment.Job instance at 0x7f49fc3866e0>,94,20,[7 5],95,125,145,30,116
1,<environment.Job instance at 0x7f49fc188f50>,111,17,[5 4],112,138,155,26,126
1,<environment.Job instance at 0x7f49fc3561e0>,122,17,[5 5],123,145,162,22,133
1,<environment.Job instance at 0x7f49fc1352d0>,134,13,[5 5],135,145,158,10,135
1,<environment.Job instance at 0x7f49fc135190>,136,18,[6 3],137,158,176,21,147
1,<environment.Job instance at 0x7f49fc1356e0>,137,16,[9 4],138,162,178,24,149
1,<environment.Job instance at 0x7f49fc346f00>,7,19,[3 8],8,176,195,168,167
1,<environment.Job instance at 0x7f49fc83de10>,143,19,[7 5],144,178,197,34,168
1,<environment.Job instance at 0x7f49fd08fa00>,165,19,[5 7],166,195,214,29,189
1,<environment.Job instance at 0x7f49fc004a00>,170,15,[2 7],171,200,215,29,200
1,<environment.Job instance at 0x7f49fc7de550>,171,16,[6 1],172,200,216,28,200
1,<environment.Job instance at 0x7f49fc0d99b0>,178,21,[5 6],179,214,235,35,209
1,<environment.Job instance at 0x7f49fc0d9dc0>,180,13,[4 5],181,217,230,36,217
1,<environment.Job instance at 0x7f49fc0d9500>,182,16,[1 5],183,230,246,47,220
1,<environment.Job instance at 0x7f49fc346d70>,6,27,[13  3],7,235,262,228,233
1,<environment.Job instance at 0x7f49fc0d9870>,183,18,[4 9],184,262,280,78,260
1,<environment.Job instance at 0x7f49fc177aa0>,0,28,[ 5 10],1,1,29,0,1
1,<environment.Job instance at 0x7f49fbfb6730>,9,14,[1 7],10,29,43,19,14
1,<environment.Job instance at 0x7f49fbfb6370>,10,18,[7 5],11,15,33,4,15
1,<environment.Job instance at 0x7f49fbfb6d70>,17,16,[2 8],18,33,49,15,29
1,<environment.Job instance at 0x7f49fbfb8320>,25,18,[2 5],26,43,61,17,32
1,<environment.Job instance at 0x7f49fbfb8500>,28,14,[3 9],29,49,63,20,46
1,<environment.Job instance at 0x7f49fbfb8910>,34,14,[8 4],35,61,75,26,46
1,<environment.Job instance at 0x7f49fbfb8be0>,38,14,[5 8],39,63,77,24,48
1,<environment.Job instance at 0x7f49fbfb6b90>,15,26,[13  3],16,77,103,61,74
1,<environment.Job instance at 0x7f49fbfb8eb0>,45,25,[3 9],46,103,128,57,99
1,<environment.Job instance at 0x7f49fbfbb9b0>,58,12,[3 5],59,103,115,44,99
1,<environment.Job instance at 0x7f49fbfbba50>,59,15,[1 8],60,128,143,68,114
1,<environment.Job instance at 0x7f49fbfbb910>,57,18,[8 3],58,116,134,58,116
1,<environment.Job instance at 0x7f49fbfbbaf0>,60,14,[ 4 13],61,143,157,82,128
1,<environment.Job instance at 0x7f49fbfbe780>,79,16,[7 4],80,157,173,77,144
1,<environment.Job instance at 0x7f49fc465c80>,102,16,[5 4],103,157,173,54,144
1,<environment.Job instance at 0x7f49fc3db280>,135,18,[6 4],136,173,191,37,163
1,<environment.Job instance at 0x7f49fbfb6320>,5,27,[12  4],6,191,218,185,189
1,<environment.Job instance at 0x7f49fc3afbe0>,152,23,[8 3],153,218,241,65,212
1,<environment.Job instance at 0x7f49fc3af370>,153,13,[13  3],154,241,254,87,225
1,<environment.Job instance at 0x7f49fc3af410>,151,17,[2 7],152,243,260,91,243
1,<environment.Job instance at 0x7f49fc3af7d0>,154,25,[ 1 14],155,260,285,105,256
1,<environment.Job instance at 0x7f49fc3af3c0>,161,19,[13  1],162,256,275,94,256
1,<environment.Job instance at 0x7f49fc3afaf0>,162,16,[11  1],163,275,291,112,262
1,<environment.Job instance at 0x7f49fc3aff00>,160,14,[9 2],161,291,305,130,280
1,<environment.Job instance at 0x7f49fc3af320>,163,28,[ 4 11],164,285,313,121,284
1,<environment.Job instance at 0x7f49fc3afa00>,165,24,[13  5],166,313,337,147,308
1,<environment.Job instance at 0x7f49fc3a5320>,178,12,[10  4],179,337,349,158,320
1,<environment.Job instance at 0x7f49fc3a5410>,179,23,[5 6],180,337,360,157,331
1,<environment.Job instance at 0x7f49fc3a50f0>,180,14,[ 4 13],181,360,374,179,345
1,<environment.Job instance at 0x7f49fbfbbcd0>,63,27,[ 5 10],64,374,401,310,372
1,<environment.Job instance at 0x7f49fc3a5b40>,181,23,[ 5 14],182,401,424,219,395
1,<environment.Job instance at 0x7f49fc3a5910>,183,22,[ 2 14],184,424,446,240,418
1,<environment.Job instance at 0x7f49fc3a55a0>,184,17,[13  4],185,446,463,261,434
1,<environment.Job instance at 0x7f49fc3a5550>,185,22,[6 2],186,463,485,277,456
1,<environment.Job instance at 0x7f49fc3a59b0>,186,23,[9 1],187,463,486,276,457
1,<environment.Job instance at 0x7f49fbfb6410>,3,16,[12  4],4,486,502,482,473
1,<environment.Job instance at 0x7f49fc3a5e60>,177,20,[5 7],178,502,522,324,496
1,<environment.Job instance at 0x7f49fc177e60>,1,27,[11  5],2,522,549,520,520
1,<environment.Job instance at 0x7f49fc3a5f50>,187,24,[ 4 13],188,654,678,466,654
1,<environment.Job instance at 0x7f49fc3dde60>,0,14,[2 7],1,1,15,0,1
1,<environment.Job instance at 0x7f49fc3a5870>,1,14,[5 7],2,2,16,0,2
1,<environment.Job instance at 0x7f49fc3a5f50>,3,16,[6 2],4,15,31,11,4
1,<environment.Job instance at 0x7f49fcaa60a0>,5,13,[ 5 11],6,16,29,10,6
1,<environment.Job instance at 0x7f49fc82e280>,14,13,[4 5],15,29,42,14,15
1,<environment.Job instance at 0x7f49fc82e230>,15,20,[3 7],16,29,49,13,20
1,<environment.Job instance at 0x7f49fc82eeb0>,17,17,[8 3],18,31,48,13,20
1,<environment.Job instance at 0x7f49fc82e870>,18,22,[2 8],19,48,70,29,41
1,<environment.Job instance at 0x7f49fc82ec80>,19,18,[2 7],20,49,67,29,41
1,<environment.Job instance at 0x7f49fc82ef50>,24,16,[1 6],25,67,83,42,54
1,<environment.Job instance at 0x7f49fc82eb40>,28,14,[5 2],29,70,84,41,55
1,<environment.Job instance at 0x7f49fc81c1e0>,31,15,[6 3],32,70,85,38,56
1,<environment.Job instance at 0x7f49fc81caf0>,32,16,[9 3],33,84,100,51,71
1,<environment.Job instance at 0x7f49fc81c050>,35,22,[5 5],36,85,107,49,78
1,<environment.Job instance at 0x7f49fc81c230>,37,17,[ 1 10],38,100,117,62,88
1,<environment.Job instance at 0x7f49fc81c0f0>,41,15,[5 4],42,107,122,65,93
1,<environment.Job instance at 0x7f49fc830410>,46,14,[7 3],47,117,131,70,102
1,<environment.Job instance at 0x7f49fc830230>,55,12,[5 5],56,122,134,66,105
1,<environment.Job instance at 0x7f49fc830190>,57,19,[1 8],58,131,150,73,121
1,<environment.Job instance at 0x7f49fc830820>,58,20,[7 4],59,134,154,75,125
1,<environment.Job instance at 0x7f49fc830050>,59,17,[8 3],60,150,167,90,138
1,<environment.Job instance at 0x7f49fc830eb0>,61,14,[8 3],62,167,181,105,152
1,<environment.Job instance at 0x7f49fc82e5f0>,12,20,[ 2 12],13,154,174,141,154
1,<environment.Job instance at 0x7f49fcaa67d0>,7,14,[2 9],8,174,188,166,163
1,<environment.Job instance at 0x7f49fd08ee10>,62,13,[10  5],63,181,194,118,165
1,<environment.Job instance at 0x7f49fd08ef50>,72,19,[3 6],73,188,207,115,178
1,<environment.Job instance at 0x7f49fcaa6a50>,2,14,[12  1],3,194,208,191,179
1,<environment.Job instance at 0x7f49fd08e050>,80,18,[7 4],81,208,226,127,197
1,<environment.Job instance at 0x7f49fd08e0a0>,81,26,[5 3],82,208,234,126,205
1,<environment.Job instance at 0x7f49fcba4b40>,86,20,[2 9],87,226,246,139,217
1,<environment.Job instance at 0x7f49fcba4280>,94,20,[5 3],95,226,246,131,217
1,<environment.Job instance at 0x7f49fcd0b9b0>,100,16,[6 3],101,234,250,133,221
1,<environment.Job instance at 0x7f49fcd0b4b0>,111,20,[3 8],112,246,266,134,237
1,<environment.Job instance at 0x7f49fcff9370>,116,22,[9 5],117,250,272,133,243
1,<environment.Job instance at 0x7f49fcff9730>,121,16,[3 9],122,266,282,144,254
1,<environment.Job instance at 0x7f49fcff9910>,122,22,[5 2],123,272,294,149,265
1,<environment.Job instance at 0x7f49fcff9b90>,126,16,[1 8],127,282,298,155,269
1,<environment.Job instance at 0x7f49fcff9550>,127,16,[8 3],128,282,298,154,269
1,<environment.Job instance at 0x7f49fcff9d70>,132,21,[1 5],133,298,319,165,290
1,<environment.Job instance at 0x7f49fcaa6870>,11,25,[ 1 10],12,298,323,286,294
1,<environment.Job instance at 0x7f49fc7719b0>,138,12,[9 1],139,319,331,180,305
1,<environment.Job instance at 0x7f49fcad16e0>,144,14,[4 8],145,323,337,178,315
1,<environment.Job instance at 0x7f49fccacdc0>,151,14,[10  4],152,331,345,179,316
1,<environment.Job instance at 0x7f4a060e49b0>,145,21,[ 4 14],146,345,366,199,343
1,<environment.Job instance at 0x7f49fcb506e0>,153,20,[8 4],154,366,386,212,357
1,<environment.Job instance at 0x7f49fcaa57d0>,158,19,[6 5],159,366,385,207,357
1,<environment.Job instance at 0x7f49fcb5a0a0>,161,15,[2 7],162,385,400,223,371
1,<environment.Job instance at 0x7f49fd082140>,162,17,[3 5],163,386,403,223,374
1,<environment.Job instance at 0x7f49fd0825a0>,171,21,[2 9],172,400,421,228,392
1,<environment.Job instance at 0x7f49fd05bbe0>,176,12,[9 5],177,403,415,226,392
1,<environment.Job instance at 0x7f49fd05bdc0>,180,16,[5 4],181,415,431,234,402
1,<environment.Job instance at 0x7f49fd05b460>,181,18,[7 2],182,415,433,233,404
1,<environment.Job instance at 0x7f49fd05b2d0>,182,12,[5 2],183,431,443,248,414
1,<environment.Job instance at 0x7f49fd05b820>,184,12,[7 2],185,433,445,248,416
1,<environment.Job instance at 0x7f49fd05bc80>,187,12,[7 2],188,443,455,255,426
1,<environment.Job instance at 0x7f49fd1f5280>,154,27,[1 9],155,5840,5867,5685,5840
1,<environment.Job instance at 0x7f49fbe08dc0>,0,12,[ 3 12],1,1,13,0,1
1,<environment.Job instance at 0x7f49fbd64a50>,2,19,[2 5],3,13,32,10,3
1,<environment.Job instance at 0x7f49fcc5c7d0>,5,16,[11  5],6,13,29,7,6
1,<environment.Job instance at 0x7f49fcc5c8c0>,7,17,[6 2],8,29,46,21,17
1,<environment.Job instance at 0x7f49fcd695a0>,10,19,[4 5],11,29,48,18,19
1,<environment.Job instance at 0x7f49fd1c06e0>,12,16,[6 3],13,46,62,33,33
1,<environment.Job instance at 0x7f49fcd693c0>,8,16,[6 5],9,48,64,39,38
1,<environment.Job instance at 0x7f49fd1c03c0>,15,16,[6 4],16,62,78,46,50
1,<environment.Job instance at 0x7f49fcd69d70>,9,26,[ 2 14],10,78,104,68,75
1,<environment.Job instance at 0x7f49fcc5c9b0>,6,13,[8 4],7,104,117,97,91
1,<environment.Job instance at 0x7f49fd1c0280>,17,28,[3 5],18,104,132,86,103
1,<environment.Job instance at 0x7f49fd084cd0>,19,12,[5 4],20,117,129,97,103
1,<environment.Job instance at 0x7f49fd1c0320>,14,21,[5 4],15,117,138,102,109
1,<environment.Job instance at 0x7f49fd084370>,21,13,[9 3],22,132,145,110,118
1,<environment.Job instance at 0x7f49fd041d20>,22,14,[8 4],23,145,159,122,130
1,<environment.Job instance at 0x7f49fd08ac30>,20,25,[ 4 10],21,138,163,117,134
1,<environment.Job instance at 0x7f49fd041230>,27,16,[13  1],28,163,179,135,150
1,<environment.Job instance at 0x7f49fd041a00>,28,13,[7 1],29,179,192,150,163
1,<environment.Job instance at 0x7f49fd041780>,29,14,[14  1],30,192,206,162,177
1,<environment.Job instance at 0x7f49fd041140>,26,16,[7 5],27,206,222,179,193
1,<environment.Job instance at 0x7f49fd1f66e0>,32,18,[8 1],33,206,224,173,201
1,<environment.Job instance at 0x7f49fd1f6e10>,30,15,[9 1],31,224,239,193,210
1,<environment.Job instance at 0x7f49fd1c0690>,16,22,[7 2],17,239,261,222,232
1,<environment.Job instance at 0x7f49fd1c0f50>,18,23,[8 3],19,239,262,220,233
1,<environment.Job instance at 0x7f49fd0320f0>,37,23,[9 5],38,262,285,224,256
1,<environment.Job instance at 0x7f49fccb6f00>,40,27,[ 3 13],41,285,312,244,283
1,<environment.Job instance at 0x7f49fccb6960>,41,13,[5 2],42,283,296,241,283
1,<environment.Job instance at 0x7f49fccb63c0>,42,18,[11  3],43,312,330,269,301
1,<environment.Job instance at 0x7f49fccb6690>,43,27,[1 7],44,312,339,268,310
1,<environment.Job instance at 0x7f49fccb6c30>,44,18,[6 3],45,330,348,285,319
1,<environment.Job instance at 0x7f49fccb6730>,45,18,[ 3 12],46,339,357,293,328
1,<environment.Job instance at 0x7f49fd4aa0a0>,46,22,[10  3],47,348,370,301,341
1,<environment.Job instance at 0x7f49fd4aad20>,47,19,[ 4 10],48,357,376,309,347
1,<environment.Job instance at 0x7f49fd4aa690>,48,13,[2 7],49,376,389,327,360
1,<environment.Job instance at 0x7f49fd5d0280>,49,15,[ 4 13],50,389,404,339,375
1,<environment.Job instance at 0x7f49fd5d0f50>,50,18,[10  1],51,375,393,324,375
1,<environment.Job instance at 0x7f49fd5d0c80>,51,25,[9 1],52,393,418,341,389
1,<environment.Job instance at 0x7f49fd5d05a0>,52,17,[ 5 14],53,404,421,351,392
1,<environment.Job instance at 0x7f49fd5d0320>,53,14,[13  1],54,421,435,367,406
1,<environment.Job instance at 0x7f49fd5d02d0>,54,14,[1 6],55,421,435,366,406
1,<environment.Job instance at 0x7f49fd5d03c0>,55,15,[ 5 14],56,435,450,379,421
1,<environment.Job instance at 0x7f49fd423370>,56,21,[10  1],57,435,456,378,427
1,<environment.Job instance at 0x7f49fd029280>,57,18,[ 1 14],58,450,468,392,439
1,<environment.Job instance at 0x7f4a05f352d0>,58,16,[12  4],59,468,484,409,455
1,<environment.Job instance at 0x7f4a060e35f0>,59,14,[6 1],60,484,498,424,469
1,<environment.Job instance at 0x7f49fd5d0640>,60,24,[ 3 12],61,484,508,423,479
1,<environment.Job instance at 0x7f49fc584a00>,61,19,[7 3],62,498,517,436,488
1,<environment.Job instance at 0x7f4a05f35d20>,62,12,[10  4],63,517,529,454,500
1,<environment.Job instance at 0x7f49fcb408c0>,63,28,[14  2],64,529,557,465,528
1,<environment.Job instance at 0x7f49fcb407d0>,64,16,[2 5],65,557,573,492,544
1,<environment.Job instance at 0x7f49fc3ba550>,65,13,[ 5 12],66,573,586,507,557
1,<environment.Job instance at 0x7f49fcb9eaa0>,66,22,[ 5 14],67,586,608,519,579
1,<environment.Job instance at 0x7f49fbd64870>,1,15,[11  5],2,608,623,606,597
1,<environment.Job instance at 0x7f49fcb9eeb0>,68,15,[2 5],69,608,623,539,600
1,<environment.Job instance at 0x7f49fcd42e10>,69,14,[3 7],70,623,637,553,612
1,<environment.Job instance at 0x7f49fc3ba820>,67,26,[8 5],68,623,649,555,620
1,<environment.Job instance at 0x7f49fc426c80>,71,14,[ 2 13],72,649,663,577,634
1,<environment.Job instance at 0x7f49fc426550>,72,23,[ 3 14],73,663,686,590,657
1,<environment.Job instance at 0x7f49fce22f50>,73,16,[13  3],74,686,702,612,673
1,<environment.Job instance at 0x7f49fc428d20>,74,17,[2 9],75,686,703,611,674
1,<environment.Job instance at 0x7f49fc426dc0>,75,15,[ 2 13],76,703,718,627,689
1,<environment.Job instance at 0x7f49fce22e60>,76,18,[12  1],77,702,720,625,691
1,<environment.Job instance at 0x7f49fce016e0>,77,17,[8 4],78,720,737,642,708
1,<environment.Job instance at 0x7f49fce01b90>,78,28,[ 4 12],79,737,765,658,736
1,<environment.Job instance at 0x7f49fc7d0910>,79,14,[5 1],80,736,750,656,736
1,<environment.Job instance at 0x7f49fc7d0730>,80,14,[2 8],81,765,779,684,750
1,<environment.Job instance at 0x7f49fc7d0320>,81,24,[ 5 14],82,779,803,697,774
1,<environment.Job instance at 0x7f49fc7d07d0>,82,27,[11  1],83,803,830,720,801
1,<environment.Job instance at 0x7f49fc7d0780>,83,14,[5 2],84,830,844,746,815
1,<environment.Job instance at 0x7f49fc7d08c0>,84,16,[ 1 14],85,844,860,759,831
1,<environment.Job instance at 0x7f49fc5fff50>,85,18,[13  3],86,860,878,774,849
1,<environment.Job instance at 0x7f49fc5ff910>,86,15,[8 1],87,878,893,791,864
1,<environment.Job instance at 0x7f49fc62f3c0>,87,13,[5 1],88,878,891,790,864
1,<environment.Job instance at 0x7f49fc62fe10>,88,18,[ 2 10],89,864,882,775,864
1,<environment.Job instance at 0x7f49fc62f640>,89,13,[ 5 14],90,891,904,801,875
1,<environment.Job instance at 0x7f49fc62fdc0>,90,17,[ 5 13],91,904,921,813,892
1,<environment.Job instance at 0x7f49fc62fb40>,91,27,[11  5],92,921,948,829,919
1,<environment.Job instance at 0x7f49fc62f960>,92,22,[ 2 10],93,921,943,828,919
1,<environment.Job instance at 0x7f49fc62fc30>,93,12,[11  1],94,948,960,854,931
1,<environment.Job instance at 0x7f49fc62f910>,94,15,[5 5],95,960,975,865,946
1,<environment.Job instance at 0x7f49fc62f320>,95,14,[ 5 13],96,975,989,879,960
1,<environment.Job instance at 0x7f49fcc92fa0>,96,13,[ 2 14],97,989,1002,892,973
1,<environment.Job instance at 0x7f49fcc92eb0>,97,22,[10  1],98,973,995,875,973
1,<environment.Job instance at 0x7f49fcc92e60>,98,28,[1 7],99,1002,1030,903,1001
1,<environment.Job instance at 0x7f49fcc92cd0>,99,24,[5 1],100,1001,1025,901,1001
1,<environment.Job instance at 0x7f49fcc92410>,100,15,[ 3 13],101,1030,1045,929,1016
1,<environment.Job instance at 0x7f49fd46b2d0>,101,12,[ 3 14],102,1045,1057,943,1028
1,<environment.Job instance at 0x7f49fd46b5a0>,102,27,[6 5],103,1057,1084,954,1055
1,<environment.Job instance at 0x7f49fd5d1960>,103,18,[6 4],104,1057,1075,953,1055
1,<environment.Job instance at 0x7f49fd5d11e0>,104,18,[9 1],105,1075,1093,970,1064
1,<environment.Job instance at 0x7f49fd1318c0>,105,17,[14  4],106,1093,1110,987,1081
1,<environment.Job instance at 0x7f49fc549500>,106,14,[5 7],107,1110,1124,1003,1095
1,<environment.Job instance at 0x7f49fc549780>,107,12,[3 8],108,1110,1122,1002,1095
1,<environment.Job instance at 0x7f49fc5497d0>,108,16,[ 1 13],109,1124,1140,1015,1111
1,<environment.Job instance at 0x7f49fc549820>,109,25,[4 7],110,1140,1165,1030,1136
1,<environment.Job instance at 0x7f49fc549c30>,110,18,[ 2 11],111,1165,1183,1054,1154
1,<environment.Job instance at 0x7f49fc7b2c80>,111,12,[13  5],112,1183,1195,1071,1166
1,<environment.Job instance at 0x7f49fc7b2aa0>,112,22,[14  4],113,1195,1217,1082,1188
1,<environment.Job instance at 0x7f49fc7b24b0>,113,27,[5 3],114,1217,1244,1103,1215
1,<environment.Job instance at 0x7f49fc7b2a50>,114,25,[ 3 11],115,1217,1242,1102,1215
1,<environment.Job instance at 0x7f49fc7b2cd0>,115,24,[8 3],116,1242,1266,1126,1237
1,<environment.Job instance at 0x7f4a061b55a0>,116,13,[13  1],117,1266,1279,1149,1250
1,<environment.Job instance at 0x7f4a061b5280>,117,26,[ 3 13],118,1279,1305,1161,1276
1,<environment.Job instance at 0x7f4a061b58c0>,118,13,[2 9],119,1305,1318,1186,1289
1,<environment.Job instance at 0x7f49fcd6cdc0>,119,25,[12  5],120,1305,1330,1185,1301
1,<environment.Job instance at 0x7f49fcd6cd70>,120,27,[5 9],121,1330,1357,1209,1328
1,<environment.Job instance at 0x7f49fcd6c460>,121,12,[6 3],122,1330,1342,1208,1328
1,<environment.Job instance at 0x7f49fc7b7870>,122,26,[ 2 11],123,1357,1383,1234,1354
1,<environment.Job instance at 0x7f49fc7b7a50>,123,21,[1 5],124,1383,1404,1259,1375
1,<environment.Job instance at 0x7f49fc7b7500>,124,17,[5 1],125,1375,1392,1250,1375
1,<environment.Job instance at 0x7f49fd5a5d70>,125,27,[14  4],126,1392,1419,1266,1390
1,<environment.Job instance at 0x7f49fc7b7aa0>,126,18,[11  4],127,1419,1437,1292,1408
1,<environment.Job instance at 0x7f49fd5a5280>,127,24,[11  2],128,1437,1461,1309,1432
1,<environment.Job instance at 0x7f49fcdf3960>,128,12,[12  3],129,1461,1473,1332,1444
1,<environment.Job instance at 0x7f49fcdf3640>,129,17,[7 5],130,1473,1490,1343,1461
1,<environment.Job instance at 0x7f49fbfeb7d0>,130,13,[11  3],131,1490,1503,1359,1474
1,<environment.Job instance at 0x7f49fcdf30a0>,131,22,[ 4 12],132,1490,1512,1358,1483
1,<environment.Job instance at 0x7f49fbfebaf0>,132,20,[13  3],133,1512,1532,1379,1503
1,<environment.Job instance at 0x7f49fce5db40>,133,24,[14  1],134,1532,1556,1398,1527
1,<environment.Job instance at 0x7f49fce5d640>,134,12,[3 7],135,1556,1568,1421,1539
1,<environment.Job instance at 0x7f49fce5d6e0>,135,14,[ 1 13],136,1539,1553,1403,1539
1,<environment.Job instance at 0x7f49fce5de10>,136,17,[ 3 12],137,1568,1585,1431,1556
1,<environment.Job instance at 0x7f49fce5d0f0>,137,26,[11  2],138,1556,1582,1418,1556
1,<environment.Job instance at 0x7f49fce5d1e0>,138,14,[5 7],139,1585,1599,1446,1570
1,<environment.Job instance at 0x7f49fce5db90>,139,24,[11  1],140,1599,1623,1459,1594
1,<environment.Job instance at 0x7f49fce5dd70>,140,23,[13  2],141,1623,1646,1482,1617
1,<environment.Job instance at 0x7f49fce5d730>,141,18,[13  5],142,1646,1664,1504,1635
1,<environment.Job instance at 0x7f49fce5dcd0>,142,13,[9 3],143,1664,1677,1521,1648
1,<environment.Job instance at 0x7f49fce5d2d0>,143,28,[5 9],144,1664,1692,1520,1663
1,<environment.Job instance at 0x7f49fce5d5a0>,144,13,[5 5],145,1677,1690,1532,1663
1,<environment.Job instance at 0x7f49fc7df050>,145,14,[11  2],146,1692,1706,1546,1677
1,<environment.Job instance at 0x7f49fc7df320>,146,15,[12  2],147,1706,1721,1559,1692
1,<environment.Job instance at 0x7f49fc7dfbe0>,147,20,[4 9],148,1721,1741,1573,1712
1,<environment.Job instance at 0x7f49fc7df0a0>,148,18,[14  1],151,1741,1759,1590,1730
1,<environment.Job instance at 0x7f49fc7dfd20>,149,21,[13  5],164,1759,1780,1595,1751
1,<environment.Job instance at 0x7f49fce937d0>,150,17,[11  3],178,1780,1797,1602,1768
1,<environment.Job instance at 0x7f49fd1b3d20>,0,18,[5 5],1,1,19,0,1
1,<environment.Job instance at 0x7f49fbca3410>,7,15,[8 2],8,8,23,0,8
1,<environment.Job instance at 0x7f49fc440730>,11,16,[8 3],12,23,39,11,12
1,<environment.Job instance at 0x7f49fc4408c0>,12,16,[4 6],13,19,35,6,13
1,<environment.Job instance at 0x7f49fcd74460>,20,16,[3 7],21,35,51,14,22
1,<environment.Job instance at 0x7f49fbcc37d0>,21,18,[5 5],22,39,57,17,28
1,<environment.Job instance at 0x7f49fc8f83c0>,22,14,[5 7],23,51,65,28,36
1,<environment.Job instance at 0x7f49fcd74fa0>,19,18,[14  4],20,65,83,45,54
1,<environment.Job instance at 0x7f49fd5a57d0>,18,17,[3 8],19,83,100,64,71
1,<environment.Job instance at 0x7f49fc90caa0>,24,16,[4 7],25,83,99,58,71
1,<environment.Job instance at 0x7f49fd037780>,27,18,[13  3],28,100,118,72,89
1,<environment.Job instance at 0x7f49fd037eb0>,26,14,[1 6],27,109,123,82,109
1,<environment.Job instance at 0x7f49fc8f85a0>,23,24,[4 7],24,118,142,94,113
1,<environment.Job instance at 0x7f49fc705b40>,34,27,[ 4 13],35,142,169,107,140
1,<environment.Job instance at 0x7f49fcc8cf00>,35,23,[ 4 12],36,169,192,133,163
1,<environment.Job instance at 0x7f49fd03cc80>,36,15,[ 4 12],37,192,207,155,178
1,<environment.Job instance at 0x7f49fcc8c820>,37,15,[10  5],38,207,222,169,193
1,<environment.Job instance at 0x7f49fbcd8140>,33,18,[6 5],34,222,240,188,213
1,<environment.Job instance at 0x7f49fbcb0eb0>,42,16,[1 8],43,220,236,177,220
1,<environment.Job instance at 0x7f49fc91a780>,43,12,[3 7],44,236,248,192,221
1,<environment.Job instance at 0x7f49fd0302d0>,28,23,[ 4 12],29,248,271,219,242
1,<environment.Job instance at 0x7f49fc70f3c0>,45,17,[ 2 14],46,271,288,225,259
1,<environment.Job instance at 0x7f49fc70f190>,46,22,[ 1 14],47,288,310,241,281
1,<environment.Job instance at 0x7f49fc70f050>,47,12,[11  5],48,310,322,262,293
1,<environment.Job instance at 0x7f49fbcb8730>,38,23,[ 5 11],39,322,345,283,316
1,<environment.Job instance at 0x7f49fc918dc0>,53,15,[2 7],54,345,360,291,331
1,<environment.Job instance at 0x7f49fc7129b0>,65,19,[3 8],66,345,364,279,335
1,<environment.Job instance at 0x7f49fc6e2140>,70,14,[8 2],71,360,374,289,345
1,<environment.Job instance at 0x7f49fc918e60>,52,17,[ 4 13],53,364,381,311,352
1,<environment.Job instance at 0x7f49fc6e21e0>,72,12,[ 4 14],73,381,393,308,364
1,<environment.Job instance at 0x7f49fc711d20>,73,18,[4 5],74,393,411,319,382
1,<environment.Job instance at 0x7f49fc711dc0>,74,18,[14  1],75,411,429,336,400
1,<environment.Job instance at 0x7f49fc711e60>,75,13,[4 6],76,429,442,353,413
1,<environment.Job instance at 0x7f49fc711f00>,76,15,[12  1],77,442,457,365,428
1,<environment.Job instance at 0x7f49fc711fa0>,77,13,[ 5 12],78,457,470,379,441
1,<environment.Job instance at 0x7f49fc711c30>,78,28,[14  2],79,470,498,391,469
1,<environment.Job instance at 0x7f49fc440f50>,14,12,[11  4],15,498,510,483,483
1,<environment.Job instance at 0x7f49fc6e33c0>,83,16,[3 5],84,498,514,414,491
1,<environment.Job instance at 0x7f49fc6e31e0>,80,15,[ 5 11],81,514,529,433,500
1,<environment.Job instance at 0x7f49fc711cd0>,79,17,[10  4],80,510,527,430,500
1,<environment.Job instance at 0x7f49fc6e3960>,91,28,[11  3],92,529,557,437,528
1,<environment.Job instance at 0x7f49fc6e3a00>,92,24,[1 5],93,529,553,436,528
1,<environment.Job instance at 0x7f49fc6e3050>,90,14,[9 5],91,557,571,466,542
1,<environment.Job instance at 0x7f49fc8eec80>,48,17,[ 3 14],49,571,588,522,559
1,<environment.Job instance at 0x7f49fc6e39b0>,94,17,[10  3],95,588,605,493,578
1,<environment.Job instance at 0x7f49fc6e3d20>,99,17,[3 8],100,588,605,488,578
1,<environment.Job instance at 0x7f49fc7170f0>,105,17,[9 5],106,605,622,499,593
1,<environment.Job instance at 0x7f49fc6e3e60>,101,19,[5 4],102,605,624,503,595
1,<environment.Job instance at 0x7f49fc71ab40>,150,18,[10  3],151,622,640,471,611
1,<environment.Job instance at 0x7f49fd4d52d0>,154,18,[7 4],155,640,658,485,630
1,<environment.Job instance at 0x7f49fd4d5550>,157,17,[3 5],179,630,647,451,630
1,<environment.Job instance at 0x7f49fd054aa0>,1,26,[13  2],2,983,1009,981,983
1,<environment.Job instance at 0x7f49fc6e3aa0>,95,24,[7 4],96,1012,1036,916,1012
1,<environment.Job instance at 0x7f49fc6e3af0>,2,18,[9 2],3,3,21,0,3
1,<environment.Job instance at 0x7f49fc27efa0>,5,16,[4 8],6,6,22,0,6
1,<environment.Job instance at 0x7f49fc4ebfa0>,7,12,[11  3],8,21,33,13,8
1,<environment.Job instance at 0x7f49fc4eb8c0>,8,22,[1 8],9,22,44,13,16
1,<environment.Job instance at 0x7f49fc4ebb40>,14,26,[ 1 10],15,44,70,29,41
1,<environment.Job instance at 0x7f49fc4eb3c0>,12,21,[9 3],13,41,62,28,41
1,<environment.Job instance at 0x7f49fc4eb1e0>,17,21,[3 7],18,70,91,52,62
1,<environment.Job instance at 0x7f49fc4ebc80>,15,17,[4 6],16,70,87,54,67
1,<environment.Job instance at 0x7f49fc4ebb90>,18,15,[ 3 10],19,91,106,72,77
1,<environment.Job instance at 0x7f49fc4eb2d0>,23,14,[5 5],24,87,101,63,77
1,<environment.Job instance at 0x7f49fc2c4c80>,27,12,[1 8],28,106,118,78,89
1,<environment.Job instance at 0x7f49fc2c4370>,28,19,[5 8],29,118,137,89,110
1,<environment.Job instance at 0x7f49fc2c4730>,29,13,[8 2],30,110,123,80,110
1,<environment.Job instance at 0x7f49fc2c4d20>,32,22,[2 8],33,137,159,104,130
1,<environment.Job instance at 0x7f49fc2c4320>,34,25,[3 5],35,130,155,95,130
1,<environment.Job instance at 0x7f49fc2c4dc0>,36,15,[11  2],37,155,170,118,142
1,<environment.Job instance at 0x7f49fc2c40a0>,37,14,[ 3 10],38,159,173,121,147
1,<environment.Job instance at 0x7f49fcc5ab90>,44,16,[11  4],45,170,186,125,157
1,<environment.Job instance at 0x7f49fcc5ac30>,46,12,[9 3],47,186,198,139,169
1,<environment.Job instance at 0x7f49fc4ebdc0>,20,20,[1 9],21,173,193,152,169
1,<environment.Job instance at 0x7f49fcc5a140>,51,15,[12  3],52,198,213,146,184
1,<environment.Job instance at 0x7f49fcc5a280>,50,20,[2 8],51,193,213,142,186
1,<environment.Job instance at 0x7f49fcc5a2d0>,54,12,[1 9],55,213,225,158,196
1,<environment.Job instance at 0x7f49fcc5a820>,55,16,[11  4],56,213,229,157,200
1,<environment.Job instance at 0x7f49fcc5a500>,52,19,[5 5],53,229,248,176,219
1,<environment.Job instance at 0x7f49fd4e6fa0>,58,23,[7 4],59,229,252,170,223
1,<environment.Job instance at 0x7f49fd4e6f00>,63,14,[7 3],64,248,262,184,233
1,<environment.Job instance at 0x7f49fd4e6aa0>,68,19,[8 4],69,252,271,183,242
1,<environment.Job instance at 0x7f49fd4e6b90>,70,20,[3 6],71,262,282,191,253
1,<environment.Job instance at 0x7f49fd4e6550>,73,16,[ 3 10],74,282,298,208,269
1,<environment.Job instance at 0x7f49fd4e6820>,74,14,[10  5],75,271,285,196,269
1,<environment.Job instance at 0x7f49fc85f190>,76,21,[5 5],77,285,306,208,277
1,<environment.Job instance at 0x7f49fc85ff50>,77,19,[1 8],78,298,317,220,288
1,<environment.Job instance at 0x7f49fc417cd0>,78,14,[11  4],79,306,320,227,291
1,<environment.Job instance at 0x7f49fc6855f0>,81,14,[5 1],82,320,334,238,306
1,<environment.Job instance at 0x7f49fc8746e0>,82,17,[5 5],83,320,337,237,308
1,<environment.Job instance at 0x7f49fc8745f0>,83,15,[5 5],84,320,335,236,308
1,<environment.Job instance at 0x7f49fc8747d0>,85,20,[6 5],86,335,355,249,326
1,<environment.Job instance at 0x7f49fd190050>,91,14,[5 5],92,337,351,245,336
1,<environment.Job instance at 0x7f49fd54ab40>,95,13,[3 6],96,351,364,255,337
1,<environment.Job instance at 0x7f49fc1068c0>,107,20,[4 9],108,355,375,247,346
1,<environment.Job instance at 0x7f49fc390fa0>,108,18,[7 2],109,364,382,255,353
1,<environment.Job instance at 0x7f49fceee780>,110,21,[8 3],111,375,396,264,367
1,<environment.Job instance at 0x7f49fcdedf00>,114,17,[5 9],115,382,399,267,370
1,<environment.Job instance at 0x7f49fd4df640>,0,17,[10  3],1,396,413,395,384
1,<environment.Job instance at 0x7f4a06086690>,116,24,[5 6],117,399,423,282,394
1,<environment.Job instance at 0x7f49fc827cd0>,117,15,[4 9],118,413,428,295,399
1,<environment.Job instance at 0x7f4a05e01c30>,115,18,[6 1],116,423,441,307,413
1,<environment.Job instance at 0x7f49fc7fe1e0>,120,12,[5 9],121,428,440,307,413
1,<environment.Job instance at 0x7f49fc7fe6e0>,122,17,[6 3],123,440,457,317,428
1,<environment.Job instance at 0x7f49fd5d0b90>,127,22,[9 4],128,450,472,322,450
1,<environment.Job instance at 0x7f49fd5d0f00>,130,12,[5 7],131,457,469,326,450
1,<environment.Job instance at 0x7f49fd5d0870>,131,18,[6 5],132,469,487,337,458
1,<environment.Job instance at 0x7f49fd5d0f50>,132,17,[8 5],133,472,489,339,460
1,<environment.Job instance at 0x7f49fd5d00f0>,133,13,[10  5],134,489,502,355,473
1,<environment.Job instance at 0x7f4a05c20fa0>,135,16,[5 8],136,487,503,351,474
1,<environment.Job instance at 0x7f49fd5ecaf0>,139,14,[6 2],140,502,516,362,487
1,<environment.Job instance at 0x7f49fc38ff50>,143,12,[5 5],144,503,515,359,487
1,<environment.Job instance at 0x7f49fd59a690>,144,16,[4 6],145,503,519,358,490
1,<environment.Job instance at 0x7f49fc418b40>,147,14,[5 4],148,515,529,367,500
1,<environment.Job instance at 0x7f49fc827c80>,118,22,[ 4 13],119,529,551,410,522
1,<environment.Job instance at 0x7f4a05b71730>,158,20,[1 6],159,551,571,392,542
1,<environment.Job instance at 0x7f49fd64c5a0>,164,15,[10  3],165,551,566,386,544
1,<environment.Job instance at 0x7f49fcbf70f0>,159,13,[ 2 11],160,571,584,411,555
1,<environment.Job instance at 0x7f49fd4e6690>,59,22,[13  3],60,566,588,506,559
1,<environment.Job instance at 0x7f49fd64cd20>,165,18,[1 9],166,584,602,418,573
1,<environment.Job instance at 0x7f49fc5cf410>,169,14,[9 3],172,588,602,416,573
1,<environment.Job instance at 0x7f49fc5cf4b0>,172,12,[ 4 10],185,602,614,417,585
1,<environment.Job instance at 0x7f49fc5cfd70>,173,18,[2 9],187,614,632,427,603
1,<environment.Job instance at 0x7f49fc5cf8c0>,174,20,[1 5],188,603,623,415,603
1,<environment.Job instance at 0x7f49fd64cf00>,166,17,[14  2],167,632,649,465,624
1,<environment.Job instance at 0x7f49fc4eb870>,11,25,[ 2 12],12,749,774,737,749
1,<environment.Job instance at 0x7f49fc149460>,2,21,[5 4],3,5,26,2,5
1,<environment.Job instance at 0x7f49fc149dc0>,6,16,[8 1],7,7,23,0,7
1,<environment.Job instance at 0x7f49fbd24a00>,8,17,[4 8],9,23,40,14,11
1,<environment.Job instance at 0x7f49fc149b90>,9,18,[5 5],10,26,44,16,16
1,<environment.Job instance at 0x7f49fbd24e10>,23,15,[3 7],24,40,55,16,26
1,<environment.Job instance at 0x7f49fbd24410>,24,15,[10  3],25,44,59,19,31
1,<environment.Job instance at 0x7f49fc149780>,4,15,[ 4 11],5,55,70,50,46
1,<environment.Job instance at 0x7f49fc6c1a00>,29,25,[5 1],30,59,84,29,55
1,<environment.Job instance at 0x7f49fc149eb0>,0,26,[6 1],1,59,85,58,57
1,<environment.Job instance at 0x7f49fc6c1230>,31,21,[1 7],32,70,91,38,64
1,<environment.Job instance at 0x7f49fc6c1190>,30,20,[2 5],31,70,90,39,64
1,<environment.Job instance at 0x7f49fc6c1410>,28,19,[9 2],29,85,104,56,75
1,<environment.Job instance at 0x7f49fc6c1a50>,33,17,[ 3 12],34,91,108,57,79
1,<environment.Job instance at 0x7f49fc6c1640>,34,16,[9 2],35,104,120,69,91
1,<environment.Job instance at 0x7f49fc6c1fa0>,41,12,[1 7],42,108,120,66,102
1,<environment.Job instance at 0x7f49fced10a0>,49,14,[9 1],50,120,134,70,105
1,<environment.Job instance at 0x7f49fced1500>,50,15,[2 5],51,108,123,57,105
1,<environment.Job instance at 0x7f49fc75daf0>,57,12,[7 5],58,134,146,76,117
1,<environment.Job instance at 0x7f49fc75dbe0>,60,21,[4 7],61,129,150,68,129
1,<environment.Job instance at 0x7f49fc75d2d0>,61,16,[6 1],62,146,162,84,133
1,<environment.Job instance at 0x7f49fc75d370>,62,12,[7 4],63,150,162,87,135
1,<environment.Job instance at 0x7f49fc75d460>,63,13,[6 3],64,162,175,98,146
1,<environment.Job instance at 0x7f49fc75d7d0>,64,13,[1 7],65,146,159,81,146
1,<environment.Job instance at 0x7f49fc75d960>,68,18,[4 5],69,162,180,93,151
1,<environment.Job instance at 0x7f49fc75d140>,70,17,[8 3],71,175,192,104,165
1,<environment.Job instance at 0x7f49fc75d320>,71,14,[9 3],72,192,206,120,178
1,<environment.Job instance at 0x7f49fc75a3c0>,79,15,[3 5],80,179,194,99,179
1,<environment.Job instance at 0x7f49fc149280>,1,12,[13  4],2,206,218,204,189
1,<environment.Job instance at 0x7f49fc6c1b40>,35,16,[12  1],36,218,234,182,208
1,<environment.Job instance at 0x7f49fc75a5a0>,82,21,[4 7],83,234,255,151,227
1,<environment.Job instance at 0x7f49fc75a1e0>,83,23,[5 1],84,234,257,150,231
1,<environment.Job instance at 0x7f49fc149d20>,3,23,[5 7],4,234,257,230,231
1,<environment.Job instance at 0x7f49fc75ae10>,85,15,[ 1 10],86,257,272,171,244
1,<environment.Job instance at 0x7f49fc75a0a0>,88,18,[12  4],89,257,275,168,246
1,<environment.Job instance at 0x7f49fbd6f1e0>,100,17,[2 7],101,272,289,171,260
1,<environment.Job instance at 0x7f49fc75aa00>,93,12,[11  3],94,275,287,181,264
1,<environment.Job instance at 0x7f49fc75ae60>,84,18,[5 5],85,287,305,202,278
1,<environment.Job instance at 0x7f49fbd6f0f0>,103,15,[ 4 10],104,289,304,185,278
1,<environment.Job instance at 0x7f49fbd6f050>,102,20,[10  2],103,304,324,201,295
1,<environment.Job instance at 0x7f49fbd6f140>,105,18,[1 7],106,305,323,199,295
1,<environment.Job instance at 0x7f49fbd3b1e0>,108,17,[4 5],109,316,333,207,316
1,<environment.Job instance at 0x7f49fbd3be10>,107,28,[13  2],108,333,361,225,332
1,<environment.Job instance at 0x7f49fbd3b050>,112,20,[1 5],113,336,356,223,336
1,<environment.Job instance at 0x7f49fbd3bdc0>,115,13,[8 1],116,361,374,245,345
1,<environment.Job instance at 0x7f49fbd3b230>,116,14,[1 6],117,347,361,230,347
1,<environment.Job instance at 0x7f49fbd4d190>,117,13,[6 3],118,361,374,243,347
1,<environment.Job instance at 0x7f49fbd3ba50>,113,24,[ 3 12],114,374,398,260,369
1,<environment.Job instance at 0x7f49fbd4d820>,120,20,[3 8],121,398,418,277,394
1,<environment.Job instance at 0x7f49fbd4d7d0>,121,24,[11  5],122,398,422,276,395
1,<environment.Job instance at 0x7f49fbd4dfa0>,122,12,[5 9],123,422,434,299,405
1,<environment.Job instance at 0x7f49fbd4dc80>,124,17,[5 3],125,422,439,297,414
1,<environment.Job instance at 0x7f49fbd4de10>,126,12,[5 7],127,434,446,307,421
1,<environment.Job instance at 0x7f49fbd4d5a0>,123,23,[9 3],124,439,462,315,433
1,<environment.Job instance at 0x7f49fbd4ddc0>,131,15,[1 6],132,446,461,314,433
1,<environment.Job instance at 0x7f49fbd4d640>,132,21,[2 6],133,446,467,313,438
1,<environment.Job instance at 0x7f49fbd6f910>,104,27,[3 6],105,461,488,356,459
1,<environment.Job instance at 0x7f49fbe082d0>,138,14,[12  4],139,467,481,328,459
1,<environment.Job instance at 0x7f49fbe08b90>,139,25,[ 2 10],140,488,513,348,484
1,<environment.Job instance at 0x7f49fbe08820>,137,23,[13  2],138,488,511,350,484
1,<environment.Job instance at 0x7f49fbe08d20>,140,24,[14  1],141,513,537,372,508
1,<environment.Job instance at 0x7f49fbe08190>,142,25,[14  2],143,537,562,394,533
1,<environment.Job instance at 0x7f49fcff5730>,143,16,[8 2],144,562,578,418,549
1,<environment.Job instance at 0x7f49fc5e2730>,144,28,[5 9],145,562,590,417,561
1,<environment.Job instance at 0x7f49fc4f1320>,145,14,[7 1],146,578,592,432,563
1,<environment.Job instance at 0x7f49fc6db9b0>,146,28,[12  1],147,592,620,445,591
1,<environment.Job instance at 0x7f49fbcc07d0>,147,22,[2 6],148,591,613,443,591
1,<environment.Job instance at 0x7f49fcd23320>,148,17,[5 5],149,620,637,471,608
1,<environment.Job instance at 0x7f49fc7cf690>,149,16,[5 5],150,620,636,470,608
1,<environment.Job instance at 0x7f49fc22be60>,150,20,[1 5],151,608,628,457,608
1,<environment.Job instance at 0x7f49fc75a280>,87,18,[9 2],88,636,654,548,625
1,<environment.Job instance at 0x7f49fc969a50>,152,17,[9 1],153,654,671,501,642
1,<environment.Job instance at 0x7f49fbe08af0>,141,24,[ 4 14],142,654,678,512,650
1,<environment.Job instance at 0x7f49fc23a780>,154,23,[9 1],155,671,694,516,669
1,<environment.Job instance at 0x7f49fd652960>,155,22,[ 3 11],156,678,700,522,672
1,<environment.Job instance at 0x7f49fcae0780>,136,20,[9 3],137,694,714,557,686
1,<environment.Job instance at 0x7f49fd5cc140>,158,18,[1 8],159,701,719,542,701
1,<environment.Job instance at 0x7f49fcd65280>,162,20,[3 5],163,714,734,551,705
1,<environment.Job instance at 0x7f49fcd65a50>,163,18,[7 1],164,714,732,550,705
1,<environment.Job instance at 0x7f49fcd65820>,164,21,[8 2],165,732,753,567,724
1,<environment.Job instance at 0x7f49fd1f9140>,166,18,[7 4],167,734,752,567,724
1,<environment.Job instance at 0x7f49fc23ad20>,156,23,[9 4],157,753,776,596,747
1,<environment.Job instance at 0x7f49fc8c02d0>,170,21,[5 3],171,752,773,581,747
1,<environment.Job instance at 0x7f49fc8c0870>,171,21,[1 7],172,752,773,580,748
1,<environment.Job instance at 0x7f49fcee6b40>,172,14,[3 7],173,773,787,600,758
1,<environment.Job instance at 0x7f49fcee63c0>,173,17,[14  5],174,787,804,613,775
1,<environment.Job instance at 0x7f49fcee6c80>,174,12,[11  5],175,804,816,629,787
1,<environment.Job instance at 0x7f49fcee60a0>,175,12,[8 5],176,816,828,640,799
1,<environment.Job instance at 0x7f49fcee6f50>,176,12,[11  1],177,828,840,651,811
1,<environment.Job instance at 0x7f49fcee65a0>,177,19,[6 2],178,840,859,662,830
1,<environment.Job instance at 0x7f49fcee6190>,178,18,[10  2],179,859,877,680,848
1,<environment.Job instance at 0x7f49fcee6c30>,179,12,[ 1 13],180,848,860,668,848
1,<environment.Job instance at 0x7f49fcee6aa0>,180,14,[11  1],181,877,891,696,862
1,<environment.Job instance at 0x7f49fbdeddc0>,181,21,[14  1],182,891,912,709,883
1,<environment.Job instance at 0x7f49fbdedb90>,182,24,[5 5],183,912,936,729,907
1,<environment.Job instance at 0x7f49fc8c0780>,169,22,[3 7],170,917,939,747,917
1,<environment.Job instance at 0x7f49fc792050>,185,22,[5 1],186,923,945,737,923
1,<environment.Job instance at 0x7f49fbdedbe0>,183,15,[ 4 11],184,939,954,755,925
1,<environment.Job instance at 0x7f49fc6c12d0>,32,17,[10  3],33,945,962,912,933
1,<environment.Job instance at 0x7f49fc969d20>,153,18,[11  4],154,1546,1564,1392,1546
1,<environment.Job instance at 0x7f49fd177be0>,0,16,[ 2 12],1,1,17,0,1
1,<environment.Job instance at 0x7f49fd177410>,3,16,[1 9],4,17,33,13,4
1,<environment.Job instance at 0x7f49fd177c30>,6,12,[9 1],7,7,19,0,7
1,<environment.Job instance at 0x7f49fd12a5f0>,11,16,[ 2 12],12,33,49,21,20
1,<environment.Job instance at 0x7f49fd12a230>,12,23,[7 2],13,20,43,7,20
1,<environment.Job instance at 0x7f49fd177190>,7,12,[ 5 10],8,49,61,41,32
1,<environment.Job instance at 0x7f49fd12af00>,9,16,[9 4],10,49,65,39,46
1,<environment.Job instance at 0x7f49fd12ac80>,14,25,[1 9],15,61,86,46,57
1,<environment.Job instance at 0x7f49fd12a6e0>,20,15,[8 4],21,65,80,44,57
1,<environment.Job instance at 0x7f49fd12a0f0>,21,22,[12  5],22,80,102,58,73
1,<environment.Job instance at 0x7f49fd12a320>,23,17,[2 7],24,86,103,62,74
1,<environment.Job instance at 0x7f49fd12a7d0>,22,15,[2 8],23,102,117,79,89
1,<environment.Job instance at 0x7f49fd12ad20>,24,23,[10  4],25,103,126,78,97
1,<environment.Job instance at 0x7f49fbddd320>,35,26,[6 1],36,126,152,90,123
1,<environment.Job instance at 0x7f49fbddd0a0>,36,12,[9 5],37,126,138,89,123
1,<environment.Job instance at 0x7f49fd12a140>,29,21,[8 2],30,138,159,108,130
1,<environment.Job instance at 0x7f49fbddd1e0>,39,15,[7 3],40,152,167,112,138
1,<environment.Job instance at 0x7f49fbddda00>,45,18,[2 7],46,159,177,113,148
1,<environment.Job instance at 0x7f49fcd46320>,49,18,[8 3],50,167,185,117,156
1,<environment.Job instance at 0x7f49fcd46640>,59,18,[4 9],60,177,195,117,176
1,<environment.Job instance at 0x7f49fcd469b0>,63,12,[10  4],64,185,197,121,180
1,<environment.Job instance at 0x7f49fcd463c0>,64,17,[8 3],65,197,214,132,185
1,<environment.Job instance at 0x7f49fcd46370>,66,14,[5 6],67,195,209,128,185
1,<environment.Job instance at 0x7f49fc8ff820>,72,14,[5 7],73,209,223,136,194
1,<environment.Job instance at 0x7f49fbf269b0>,88,16,[6 3],89,214,230,125,201
1,<environment.Job instance at 0x7f49fbf265a0>,92,16,[6 1],93,223,239,130,210
1,<environment.Job instance at 0x7f49fbf26aa0>,97,17,[4 8],98,230,247,132,218
1,<environment.Job instance at 0x7f49fd0c4320>,104,12,[7 4],105,239,251,134,222
1,<environment.Job instance at 0x7f49fd0c4dc0>,105,20,[4 6],106,247,267,141,238
1,<environment.Job instance at 0x7f49fd0c4870>,108,15,[3 6],109,251,266,142,238
1,<environment.Job instance at 0x7f49fd0c41e0>,114,18,[5 5],115,266,284,151,255
1,<environment.Job instance at 0x7f49fd0c44b0>,117,16,[5 6],118,267,283,149,255
1,<environment.Job instance at 0x7f49fd0c4780>,118,21,[5 5],119,283,304,164,275
1,<environment.Job instance at 0x7f49fd647af0>,120,13,[4 7],121,284,297,163,276
1,<environment.Job instance at 0x7f49fd647c30>,123,15,[5 5],124,297,312,173,283
1,<environment.Job instance at 0x7f49fd6475a0>,125,18,[ 3 10],126,304,322,178,296
1,<environment.Job instance at 0x7f49fd647fa0>,126,14,[5 8],127,322,336,195,307
1,<environment.Job instance at 0x7f49fc4ae640>,130,20,[5 5],131,312,332,181,308
1,<environment.Job instance at 0x7f49fc4aed70>,132,13,[6 3],133,332,345,199,316
1,<environment.Job instance at 0x7f49fd177cd0>,1,17,[13  4],2,345,362,343,334
1,<environment.Job instance at 0x7f49fcce7320>,136,15,[ 1 11],137,336,351,199,334
1,<environment.Job instance at 0x7f49fcded3c0>,137,18,[1 8],138,351,369,213,340
1,<environment.Job instance at 0x7f49fbdddb40>,38,22,[12  4],39,362,384,323,355
1,<environment.Job instance at 0x7f49fbee5280>,139,19,[3 9],140,369,388,229,362
1,<environment.Job instance at 0x7f49fcae0a00>,141,12,[5 4],142,384,396,242,367
1,<environment.Job instance at 0x7f49fcae0b40>,146,16,[2 6],147,388,404,241,375
1,<environment.Job instance at 0x7f49fcae0870>,147,12,[9 2],148,396,408,248,379
1,<environment.Job instance at 0x7f4a062886e0>,160,18,[1 6],161,396,414,235,387
1,<environment.Job instance at 0x7f49fd294e60>,164,22,[3 5],165,404,426,239,400
1,<environment.Job instance at 0x7f49fc0a4b40>,166,18,[3 8],167,414,432,247,403
1,<environment.Job instance at 0x7f49fc7d5f00>,170,15,[5 6],171,426,441,255,412
1,<environment.Job instance at 0x7f49fc9174b0>,184,19,[8 5],186,432,451,246,422
1,<environment.Job instance at 0x7f49fbf4d370>,187,20,[ 5 10],189,447,467,258,447
1,<environment.Job instance at 0x7f49fbc94320>,140,19,[14  4],141,1074,1093,933,1074
1,<environment.Job instance at 0x7f49fd177500>,10,26,[ 5 13],11,1513,1539,1502,1513
1,<environment.Job instance at 0x7f49fcbd4910>,0,15,[ 4 12],1,1,16,0,1
1,<environment.Job instance at 0x7f49fbdf32d0>,3,16,[1 5],4,16,32,12,4
1,<environment.Job instance at 0x7f49fd12ae10>,2,20,[3 6],3,16,36,13,7
1,<environment.Job instance at 0x7f49fcbd4460>,1,21,[5 2],2,9,30,7,9
1,<environment.Job instance at 0x7f49fd042d20>,4,19,[6 2],5,20,39,15,20
1,<environment.Job instance at 0x7f49fd042c80>,11,12,[1 9],12,36,48,24,22
1,<environment.Job instance at 0x7f49fd042780>,7,20,[5 3],8,32,52,24,23
1,<environment.Job instance at 0x7f49fd3e1230>,18,16,[7 3],19,39,55,20,31
1,<environment.Job instance at 0x7f49fd3e1be0>,20,23,[2 7],21,48,71,27,42
1,<environment.Job instance at 0x7f49fd3e1c30>,22,17,[10  5],23,55,72,32,55
1,<environment.Job instance at 0x7f49fd3e1fa0>,25,14,[8 3],26,72,86,46,57
1,<environment.Job instance at 0x7f49fd042190>,8,19,[ 2 11],9,72,91,63,62
1,<environment.Job instance at 0x7f49fcd9d230>,27,17,[9 4],28,86,103,58,74
1,<environment.Job instance at 0x7f49fd3e1eb0>,26,13,[14  2],27,103,116,76,94
1,<environment.Job instance at 0x7f49fcd9daa0>,40,14,[5 6],41,116,130,75,103
1,<environment.Job instance at 0x7f49fcd9d2d0>,28,16,[10  4],29,116,132,87,103
1,<environment.Job instance at 0x7f49fcd9dd70>,44,13,[6 4],45,132,145,87,116
1,<environment.Job instance at 0x7f49fcd9de10>,45,15,[9 3],46,132,147,86,118
1,<environment.Job instance at 0x7f49fcd9df50>,47,16,[7 4],48,147,163,99,134
1,<environment.Job instance at 0x7f49fceeb230>,51,16,[7 5],52,147,163,95,134
1,<environment.Job instance at 0x7f49fceeb460>,56,13,[5 5],57,163,176,106,147
1,<environment.Job instance at 0x7f49fceeb870>,59,14,[3 7],60,163,177,103,148
1,<environment.Job instance at 0x7f49fceebdc0>,68,17,[3 5],69,176,193,107,164
1,<environment.Job instance at 0x7f49fceeaaf0>,87,14,[5 6],88,177,191,89,164
1,<environment.Job instance at 0x7f49fceeafa0>,94,16,[10  5],95,191,207,96,178
1,<environment.Job instance at 0x7f49fcedb050>,96,13,[6 3],97,178,191,81,178
1,<environment.Job instance at 0x7f49fcd9de60>,48,19,[8 2],49,207,226,158,197
1,<environment.Job instance at 0x7f49fcec6870>,107,15,[ 2 12],108,207,222,99,197
1,<environment.Job instance at 0x7f49fc4cf0a0>,126,17,[9 4],127,226,243,99,214
1,<environment.Job instance at 0x7f49fcd06b90>,177,16,[5 7],178,222,238,44,217
1,<environment.Job instance at 0x7f49fcec6a50>,108,22,[ 5 13],109,332,354,223,332
1,<environment.Job instance at 0x7f49fcd9d5a0>,2,15,[14  5],3,3,18,0,3
1,<environment.Job instance at 0x7f49fc748a00>,3,14,[1 7],4,4,18,0,4
1,<environment.Job instance at 0x7f49fc6e36e0>,4,14,[7 4],5,18,32,13,5
1,<environment.Job instance at 0x7f49fcd09c80>,6,13,[2 7],7,18,31,11,7
1,<environment.Job instance at 0x7f49fbf58e60>,9,20,[8 1],10,31,51,21,22
1,<environment.Job instance at 0x7f49fd470550>,0,21,[2 6],1,34,55,33,34
1,<environment.Job instance at 0x7f49fd4e1fa0>,13,16,[3 8],14,39,55,25,39
1,<environment.Job instance at 0x7f49fd4e1550>,12,18,[11  5],13,55,73,42,44
1,<environment.Job instance at 0x7f49fbf98500>,15,12,[7 2],16,73,85,57,56
1,<environment.Job instance at 0x7f49fbee8960>,14,17,[3 7],15,56,73,41,56
1,<environment.Job instance at 0x7f49fd4e1460>,10,17,[ 2 12],11,73,90,62,64
1,<environment.Job instance at 0x7f49fd14ba50>,20,12,[13  5],21,90,102,69,73
1,<environment.Job instance at 0x7f49fd14b8c0>,19,23,[ 2 10],20,90,113,70,84
1,<environment.Job instance at 0x7f49fd14bc30>,18,21,[10  1],19,102,123,83,95
1,<environment.Job instance at 0x7f49fbf38eb0>,31,13,[3 5],32,113,126,81,97
1,<environment.Job instance at 0x7f49fbf382d0>,33,13,[6 2],34,123,136,89,107
1,<environment.Job instance at 0x7f49fbf38550>,35,14,[2 9],36,126,140,90,111
1,<environment.Job instance at 0x7f49fbf38870>,38,16,[5 4],39,123,139,84,111
1,<environment.Job instance at 0x7f49fbf85a00>,48,18,[4 6],49,139,157,90,128
1,<environment.Job instance at 0x7f49fbf85410>,50,12,[5 5],51,140,152,89,128
1,<environment.Job instance at 0x7f49fbf85870>,52,16,[4 9],53,152,168,99,139
1,<environment.Job instance at 0x7f49fc91a320>,56,13,[8 2],57,157,170,100,141
1,<environment.Job instance at 0x7f49fc45c230>,59,14,[5 6],60,168,182,108,153
1,<environment.Job instance at 0x7f49fd0948c0>,61,15,[9 3],62,170,185,108,156
1,<environment.Job instance at 0x7f49fd094af0>,67,13,[5 6],68,182,195,114,166
1,<environment.Job instance at 0x7f49fd094460>,68,16,[9 3],69,185,201,116,172
1,<environment.Job instance at 0x7f49fd094d70>,71,14,[5 8],72,195,209,123,180
1,<environment.Job instance at 0x7f49fcee2780>,73,17,[7 1],74,201,218,127,189
1,<environment.Job instance at 0x7f49fbe44640>,75,12,[4 5],76,209,221,133,192
1,<environment.Job instance at 0x7f49fbe44320>,79,16,[7 2],80,218,234,138,205
1,<environment.Job instance at 0x7f49fbe44a50>,80,21,[1 5],81,205,226,124,205
1,<environment.Job instance at 0x7f49fbe44dc0>,82,14,[ 2 10],83,226,240,143,211
1,<environment.Job instance at 0x7f49fbe44b40>,84,18,[2 7],85,240,258,155,229
1,<environment.Job instance at 0x7f49fd58de60>,86,15,[8 5],87,234,249,147,229
1,<environment.Job instance at 0x7f49fd14b820>,22,16,[4 6],23,249,265,226,236
1,<environment.Job instance at 0x7f49fd58d140>,87,22,[9 3],88,258,280,170,251
1,<environment.Job instance at 0x7f49fd58d230>,89,14,[8 4],90,280,294,190,265
1,<environment.Job instance at 0x7f49fd58d960>,90,13,[1 8],91,265,278,174,265
1,<environment.Job instance at 0x7f49fbda7cd0>,92,14,[7 4],93,280,294,187,265
1,<environment.Job instance at 0x7f49fbda7640>,94,22,[7 3],95,294,316,199,287
1,<environment.Job instance at 0x7f49fbda7190>,98,14,[5 5],99,294,308,195,287
1,<environment.Job instance at 0x7f49fc6b1320>,100,14,[4 9],101,308,322,207,293
1,<environment.Job instance at 0x7f49fcab4730>,101,14,[2 9],102,322,336,220,307
1,<environment.Job instance at 0x7f49fc717f00>,108,19,[6 2],109,316,335,207,307
1,<environment.Job instance at 0x7f49fc717e10>,110,17,[7 2],111,322,339,211,310
1,<environment.Job instance at 0x7f49fc717fa0>,111,21,[4 6],112,336,357,224,328
1,<environment.Job instance at 0x7f49fd14b2d0>,21,19,[5 5],22,339,358,317,329
1,<environment.Job instance at 0x7f49fc717c80>,116,24,[ 2 12],117,358,382,241,353
1,<environment.Job instance at 0x7f49fcd6f460>,118,12,[8 1],119,357,369,238,353
1,<environment.Job instance at 0x7f49fc717410>,117,15,[10  3],118,372,387,254,372
1,<environment.Job instance at 0x7f49fcd6f5a0>,119,21,[7 4],120,387,408,267,379
1,<environment.Job instance at 0x7f49fcd6ff50>,120,22,[5 4],121,382,404,261,379
1,<environment.Job instance at 0x7f49fc42f870>,133,21,[5 9],134,404,425,270,396
1,<environment.Job instance at 0x7f49fcb5b0f0>,134,16,[3 9],135,425,441,290,412
1,<environment.Job instance at 0x7f49fd54ee10>,136,16,[ 4 12],137,441,457,304,428
1,<environment.Job instance at 0x7f49fd54e910>,137,15,[12  4],138,457,472,319,443
1,<environment.Job instance at 0x7f49fd54e050>,138,14,[6 3],139,443,457,304,443
1,<environment.Job instance at 0x7f49fcfb5b40>,139,28,[11  1],140,472,500,332,471
1,<environment.Job instance at 0x7f49fd0f8f00>,140,12,[8 5],141,500,512,359,483
1,<environment.Job instance at 0x7f49fcaa5730>,141,26,[13  2],142,512,538,370,509
1,<environment.Job instance at 0x7f49fd54e3c0>,135,21,[4 9],136,538,559,402,530
1,<environment.Job instance at 0x7f49fcae1a50>,143,13,[7 4],144,538,551,394,530
1,<environment.Job instance at 0x7f49fc0f9640>,144,20,[8 3],145,551,571,406,542
1,<environment.Job instance at 0x7f49fd321690>,148,13,[5 4],149,559,572,410,543
1,<environment.Job instance at 0x7f49fc3e6780>,154,14,[1 5],155,559,573,404,544
1,<environment.Job instance at 0x7f49fc827140>,155,15,[10  4],156,572,587,416,558
1,<environment.Job instance at 0x7f49fc572640>,156,16,[10  5],157,587,603,430,574
1,<environment.Job instance at 0x7f49fc989be0>,157,14,[4 7],158,574,588,416,574
1,<environment.Job instance at 0x7f49fbfbb0f0>,163,19,[2 7],164,588,607,424,578
1,<environment.Job instance at 0x7f49fc1ef2d0>,165,18,[2 6],166,603,621,437,592
1,<environment.Job instance at 0x7f49fd5aae60>,166,16,[5 6],167,607,623,440,594
1,<environment.Job instance at 0x7f49fbd33140>,167,13,[ 1 10],168,623,636,455,607
1,<environment.Job instance at 0x7f4a05bbf640>,171,13,[7 2],172,607,620,435,607
1,<environment.Job instance at 0x7f49fd4ed370>,172,22,[8 2],173,620,642,447,613
1,<environment.Job instance at 0x7f4a05f355f0>,174,15,[5 5],175,636,651,461,622
1,<environment.Job instance at 0x7f4a05b7fc80>,178,20,[3 6],179,642,662,463,633
1,<environment.Job instance at 0x7f49fd2111e0>,179,17,[10  4],180,651,668,471,639
1,<environment.Job instance at 0x7f49fd61d960>,182,21,[10  4],183,668,689,485,660
1,<environment.Job instance at 0x7f49fd61d8c0>,184,17,[11  4],185,689,706,504,677
1,<environment.Job instance at 0x7f49fbdf4af0>,185,20,[8 3],186,706,726,520,697
1,<environment.Job instance at 0x7f4a05c18870>,186,12,[5 7],187,706,718,519,697
1,<environment.Job instance at 0x7f49fd54e0f0>,142,21,[ 3 11],143,718,739,575,710
1,<environment.Job instance at 0x7f49fd58dbe0>,88,28,[ 1 13],89,748,776,659,748
1,<environment.Job instance at 0x7f49fc8ff730>,0,12,[12  2],1,1,13,0,1
1,<environment.Job instance at 0x7f49fd58d320>,1,16,[5 7],2,13,29,11,2
1,<environment.Job instance at 0x7f49fc9f2730>,4,17,[1 7],5,5,22,0,5
1,<environment.Job instance at 0x7f49fd12e870>,13,14,[3 8],14,22,36,8,14
1,<environment.Job instance at 0x7f49fcfda0f0>,19,14,[ 2 10],20,36,50,16,21
1,<environment.Job instance at 0x7f49fcfda1e0>,14,28,[8 4],15,29,57,14,28
1,<environment.Job instance at 0x7f49fcc81410>,21,23,[12  3],22,57,80,35,51
1,<environment.Job instance at 0x7f49fcc81cd0>,22,17,[1 5],23,51,68,28,51
1,<environment.Job instance at 0x7f49fcc81910>,23,21,[12  2],24,80,101,56,72
1,<environment.Job instance at 0x7f49fcc81b40>,24,21,[13  1],25,101,122,76,93
1,<environment.Job instance at 0x7f49fcc81f00>,25,14,[ 1 11],26,93,107,67,93
1,<environment.Job instance at 0x7f49fcc810a0>,26,15,[2 6],27,107,122,80,93
1,<environment.Job instance at 0x7f49fcc810f0>,27,15,[12  3],28,122,137,94,108
1,<environment.Job instance at 0x7f49fd12ed70>,7,15,[1 9],8,122,137,114,117
1,<environment.Job instance at 0x7f49fcc819b0>,28,16,[14  3],29,137,153,108,124
1,<environment.Job instance at 0x7f49fcc81500>,30,17,[4 6],31,153,170,122,141
1,<environment.Job instance at 0x7f49fcc81af0>,31,16,[ 4 13],32,170,186,138,157
1,<environment.Job instance at 0x7f49fcc812d0>,32,14,[5 9],33,186,200,153,171
1,<environment.Job instance at 0x7f49fd12ebe0>,20,19,[8 1],21,180,199,159,180
1,<environment.Job instance at 0x7f4a061ae870>,44,15,[8 4],45,199,214,154,185
1,<environment.Job instance at 0x7f49fcc81280>,33,17,[ 4 11],34,200,217,166,188
1,<environment.Job instance at 0x7f49fd12e410>,12,19,[10  5],13,217,236,204,207
1,<environment.Job instance at 0x7f4a061aef00>,47,19,[5 1],48,219,238,171,219
1,<environment.Job instance at 0x7f49fcc815f0>,29,12,[9 4],30,236,248,206,228
1,<environment.Job instance at 0x7f49fd0946e0>,53,17,[ 3 11],54,240,257,186,240
1,<environment.Job instance at 0x7f49fd094b40>,50,21,[10  4],51,248,269,197,240
1,<environment.Job instance at 0x7f49fcae1a00>,57,21,[5 1],58,257,278,199,249
1,<environment.Job instance at 0x7f49fc6cb7d0>,62,20,[3 9],63,269,289,206,260
1,<environment.Job instance at 0x7f49fc6cb690>,73,16,[8 2],74,278,294,204,265
1,<environment.Job instance at 0x7f49fd21b4b0>,82,13,[6 4],83,289,302,206,273
1,<environment.Job instance at 0x7f49fc76c6e0>,84,20,[6 3],85,294,314,209,285
1,<environment.Job instance at 0x7f49fcbda690>,85,18,[8 1],86,302,320,216,291
1,<environment.Job instance at 0x7f49fc8e14b0>,86,12,[5 2],87,314,326,227,297
1,<environment.Job instance at 0x7f49fc91a730>,88,15,[9 1],89,320,335,231,306
1,<environment.Job instance at 0x7f49fd00f2d0>,90,13,[9 1],91,335,348,244,319
1,<environment.Job instance at 0x7f4a05e0f820>,91,21,[3 8],92,326,347,234,319
1,<environment.Job instance at 0x7f49fd151320>,93,15,[6 4],94,347,362,253,333
1,<environment.Job instance at 0x7f49fcb74d20>,95,19,[7 2],96,348,367,252,338
1,<environment.Job instance at 0x7f49fc3a5190>,96,19,[5 1],97,362,381,265,352
1,<environment.Job instance at 0x7f49fc3a58c0>,98,21,[1 8],99,352,373,253,352
1,<environment.Job instance at 0x7f49fcc3b140>,99,13,[3 6],100,367,380,267,352
1,<environment.Job instance at 0x7f49fc4262d0>,102,17,[10  2],103,380,397,277,368
1,<environment.Job instance at 0x7f49fd685140>,103,22,[7 5],104,397,419,293,390
1,<environment.Job instance at 0x7f49fd479320>,109,12,[6 4],110,397,409,287,390
1,<environment.Job instance at 0x7f49fcf5e910>,110,25,[2 6],111,390,415,279,390
1,<environment.Job instance at 0x7f49fcaffb90>,112,17,[5 3],113,409,426,296,403
1,<environment.Job instance at 0x7f49fcafff50>,114,14,[5 4],115,419,433,304,404
1,<environment.Job instance at 0x7f49fcaff230>,116,18,[6 2],117,426,444,309,415
1,<environment.Job instance at 0x7f49fcaff8c0>,117,15,[4 5],118,419,434,301,415
1,<environment.Job instance at 0x7f49fcaff190>,120,18,[1 7],121,433,451,312,422
1,<environment.Job instance at 0x7f49fcaffe10>,122,23,[2 8],123,444,467,321,438
1,<environment.Job instance at 0x7f49fcaff960>,123,21,[8 5],124,451,472,327,443
1,<environment.Job instance at 0x7f4a05f776e0>,129,18,[6 2],130,467,485,337,456
1,<environment.Job instance at 0x7f4a05f773c0>,130,21,[9 1],131,472,493,341,464
1,<environment.Job instance at 0x7f4a05f77690>,132,13,[8 1],133,493,506,360,477
1,<environment.Job instance at 0x7f4a05f77050>,134,19,[4 9],135,485,504,350,477
1,<environment.Job instance at 0x7f49fc2b83c0>,140,21,[1 5],141,485,506,344,477
1,<environment.Job instance at 0x7f49fcafccd0>,143,16,[2 8],144,504,520,360,491
1,<environment.Job instance at 0x7f49fcafc370>,144,12,[5 1],145,506,518,361,491
1,<environment.Job instance at 0x7f49fcafcf50>,146,17,[1 8],147,520,537,373,508
1,<environment.Job instance at 0x7f49fc1bbbe0>,154,18,[4 5],181,508,526,327,508
1,<environment.Job instance at 0x7f49fc1bb230>,156,13,[1 6],183,526,539,343,510
1,<environment.Job instance at 0x7f49fc1bb690>,158,15,[7 2],185,537,552,352,523
1,<environment.Job instance at 0x7f49fd094870>,49,16,[ 2 13],50,539,555,489,527
1,<environment.Job instance at 0x7f4a24401c30>,54,23,[12  2],55,552,575,497,546
1,<environment.Job instance at 0x7f49fc1bb910>,161,16,[ 4 13],188,575,591,387,563
1,<environment.Job instance at 0x7f49fc9f2410>,2,23,[14  2],3,591,614,588,585
1,<environment.Job instance at 0x7f49fc9f2370>,1,14,[3 8],2,2,16,0,2
1,<environment.Job instance at 0x7f49fc9f2410>,4,18,[8 5],5,5,23,0,5
1,<environment.Job instance at 0x7f49fc21c820>,8,13,[1 5],9,16,29,7,9
1,<environment.Job instance at 0x7f49fc21c8c0>,9,15,[6 4],10,16,31,6,10
1,<environment.Job instance at 0x7f49fc21caa0>,11,16,[5 3],12,23,39,11,14
1,<environment.Job instance at 0x7f49fc21ce60>,16,18,[5 7],17,31,49,14,20
1,<environment.Job instance at 0x7f49fbe563c0>,24,15,[1 8],25,39,54,14,29
1,<environment.Job instance at 0x7f49fbe56690>,27,15,[10  2],28,49,64,21,35
1,<environment.Job instance at 0x7f49fc21caf0>,12,19,[9 1],13,64,83,51,56
1,<environment.Job instance at 0x7f49fbe56aa0>,33,15,[6 2],34,64,79,30,56
1,<environment.Job instance at 0x7f49fbe56b40>,34,18,[6 1],35,79,97,44,69
1,<environment.Job instance at 0x7f49fc21c6e0>,13,16,[13  5],14,97,113,83,84
1,<environment.Job instance at 0x7f49fbe56910>,40,18,[6 4],41,113,131,72,102
1,<environment.Job instance at 0x7f49fbe5d3c0>,47,15,[3 9],48,113,128,65,104
1,<environment.Job instance at 0x7f49fc21ca00>,10,16,[14  3],11,131,147,120,118
1,<environment.Job instance at 0x7f49fbe5d780>,53,13,[11  1],54,147,160,93,131
1,<environment.Job instance at 0x7f49fbe56b90>,36,17,[9 3],37,160,177,123,149
1,<environment.Job instance at 0x7f49fbe5deb0>,63,18,[14  3],64,177,195,113,168
1,<environment.Job instance at 0x7f49fbe5d820>,54,20,[13  2],55,195,215,140,186
1,<environment.Job instance at 0x7f49fbe5dc30>,65,14,[ 1 11],66,186,200,120,186
1,<environment.Job instance at 0x7f49fbe5ddc0>,66,12,[ 1 11],67,200,212,133,186
1,<environment.Job instance at 0x7f49fbe42190>,67,12,[ 5 12],68,215,227,147,198
1,<environment.Job instance at 0x7f49fbe5df50>,64,20,[14  1],65,227,247,162,218
1,<environment.Job instance at 0x7f49fbe42050>,69,24,[5 3],70,247,271,177,242
1,<environment.Job instance at 0x7f49fbe42410>,70,13,[ 2 11],71,247,260,176,242
1,<environment.Job instance at 0x7f49fbe422d0>,71,13,[7 3],72,260,273,188,244
1,<environment.Job instance at 0x7f49fbe42460>,72,21,[5 5],73,271,292,198,263
1,<environment.Job instance at 0x7f49fbe5de10>,62,20,[9 5],63,275,295,212,275
1,<environment.Job instance at 0x7f49fbe425a0>,74,12,[6 2],75,292,304,217,275
1,<environment.Job instance at 0x7f49fbe42640>,75,14,[6 3],76,295,309,219,280
1,<environment.Job instance at 0x7f49fbe42960>,80,19,[5 5],81,304,323,223,294
1,<environment.Job instance at 0x7f49fbe42e60>,86,17,[8 5],87,309,326,222,297
1,<environment.Job instance at 0x7f49fbe42fa0>,88,13,[2 8],89,323,336,234,307
1,<environment.Job instance at 0x7f49fbe2e870>,101,17,[2 8],102,336,353,234,324
1,<environment.Job instance at 0x7f49fbe2ea50>,103,18,[6 3],104,326,344,222,324
1,<environment.Job instance at 0x7f49fbe2ee60>,110,13,[6 2],111,326,339,215,324
1,<environment.Job instance at 0x7f49fbe3fbe0>,117,19,[5 3],118,339,358,221,330
1,<environment.Job instance at 0x7f49fbe3f0f0>,119,15,[6 3],120,344,359,224,330
1,<environment.Job instance at 0x7f49fbe3f320>,122,16,[8 3],123,358,374,235,345
1,<environment.Job instance at 0x7f49fbe3feb0>,124,16,[4 8],125,359,375,234,347
1,<environment.Job instance at 0x7f49fbe3f2d0>,127,12,[1 9],128,375,387,247,358
1,<environment.Job instance at 0x7f49fbe3f4b0>,128,16,[9 4],129,374,390,245,361
1,<environment.Job instance at 0x7f49fbe2a140>,137,16,[2 6],138,387,403,249,374
1,<environment.Job instance at 0x7f49fc1e1820>,140,20,[5 2],141,390,410,249,381
1,<environment.Job instance at 0x7f49fc1e1640>,142,15,[8 3],143,390,405,247,381
1,<environment.Job instance at 0x7f49fc1e1550>,145,16,[2 5],146,403,419,257,390
1,<environment.Job instance at 0x7f49fbd76870>,153,18,[10  5],154,410,428,256,406
1,<environment.Job instance at 0x7f49fc1e6e60>,157,16,[7 5],158,428,444,270,415
1,<environment.Job instance at 0x7f49fbe2a640>,167,17,[7 3],168,428,445,260,416
1,<environment.Job instance at 0x7f49fbe2ae10>,169,15,[1 5],170,416,431,246,416
1,<environment.Job instance at 0x7f49fbe42500>,73,16,[ 1 13],74,445,461,371,434
1,<environment.Job instance at 0x7f49fbe2aeb0>,176,25,[ 1 13],177,461,486,284,457
1,<environment.Job instance at 0x7f49fbe42230>,68,19,[11  1],69,457,476,388,457
1,<environment.Job instance at 0x7f49fbe2a0f0>,178,13,[6 4],179,486,499,307,470
1,<environment.Job instance at 0x7f49fbe2a9b0>,180,17,[12  2],181,499,516,318,487
1,<environment.Job instance at 0x7f49fbe56c30>,35,23,[ 4 13],36,667,690,631,667
1,<environment.Job instance at 0x7f49fce6f370>,0,27,[13  5],1,1388,1415,1387,1388
1,<environment.Job instance at 0x7f49fbd6e4b0>,0,13,[ 4 11],1,1,14,0,1
1,<environment.Job instance at 0x7f49fbd93c80>,5,16,[1 8],6,14,30,8,6
1,<environment.Job instance at 0x7f49fbd932d0>,3,23,[4 6],4,14,37,10,8
1,<environment.Job instance at 0x7f49fc086e60>,9,20,[8 5],10,30,50,20,23
1,<environment.Job instance at 0x7f49fbd14af0>,11,28,[7 2],12,38,66,26,38
1,<environment.Job instance at 0x7f49fbd14500>,15,17,[9 2],16,66,83,50,54
1,<environment.Job instance at 0x7f49fbd14eb0>,20,12,[7 2],21,54,66,33,54
1,<environment.Job instance at 0x7f49fbd14460>,21,14,[10  5],22,83,97,61,68
1,<environment.Job instance at 0x7f49fcfd5c80>,28,21,[4 5],29,68,89,39,68
1,<environment.Job instance at 0x7f49fc22bb40>,36,22,[6 5],37,97,119,60,90
1,<environment.Job instance at 0x7f4a05f6ee10>,43,18,[9 2],44,97,115,53,90
1,<environment.Job instance at 0x7f49fc5ee4b0>,46,12,[7 2],47,115,127,68,98
1,<environment.Job instance at 0x7f49fc5ee550>,47,20,[2 6],48,115,135,67,106
1,<environment.Job instance at 0x7f49fc5eed70>,51,16,[9 2],52,127,143,75,114
1,<environment.Job instance at 0x7f49fc5eeaa0>,53,16,[5 3],54,135,151,81,122
1,<environment.Job instance at 0x7f49fc5ee140>,55,16,[1 9],56,135,151,79,122
1,<environment.Job instance at 0x7f49fc2f39b0>,59,19,[7 5],60,151,170,91,141
1,<environment.Job instance at 0x7f49fbd93140>,8,22,[5 2],9,144,166,135,144
1,<environment.Job instance at 0x7f49fcc68a50>,61,22,[9 2],62,170,192,108,163
1,<environment.Job instance at 0x7f49fcc68cd0>,63,21,[1 6],64,163,184,99,163
1,<environment.Job instance at 0x7f49fcc681e0>,64,18,[7 2],65,192,210,127,181
1,<environment.Job instance at 0x7f49fcc68820>,66,17,[2 7],67,181,198,114,181
1,<environment.Job instance at 0x7f49fcc68550>,67,16,[5 3],68,192,208,124,181
1,<environment.Job instance at 0x7f49fcc68d20>,68,12,[5 4],69,208,220,139,191
1,<environment.Job instance at 0x7f49fcc685a0>,69,22,[2 6],70,198,220,128,191
1,<environment.Job instance at 0x7f49fd003140>,79,16,[3 5],80,210,226,130,197
1,<environment.Job instance at 0x7f49fd003c80>,80,15,[7 4],81,220,235,139,206
1,<environment.Job instance at 0x7f49fd003b40>,82,14,[7 1],83,226,240,143,211
1,<environment.Job instance at 0x7f49fd003730>,83,12,[2 5],84,235,247,151,218
1,<environment.Job instance at 0x7f49fd003550>,85,17,[2 6],86,235,252,149,223
1,<environment.Job instance at 0x7f49fc5e3c80>,86,13,[9 4],87,240,253,153,224
1,<environment.Job instance at 0x7f49fc5efa00>,92,16,[7 1],93,253,269,160,240
1,<environment.Job instance at 0x7f49fc5effa0>,93,15,[4 6],94,252,267,158,240
1,<environment.Job instance at 0x7f49fc5ef050>,97,17,[5 5],98,267,284,169,255
1,<environment.Job instance at 0x7f49fd502be0>,102,18,[4 9],103,269,287,166,258
1,<environment.Job instance at 0x7f4a060c13c0>,105,13,[4 8],106,287,300,181,271
1,<environment.Job instance at 0x7f49fcc349b0>,110,15,[10  4],111,284,299,173,271
1,<environment.Job instance at 0x7f49fc6a0a50>,118,15,[5 8],119,300,315,181,286
1,<environment.Job instance at 0x7f49fbcde500>,122,18,[1 6],123,299,317,176,288
1,<environment.Job instance at 0x7f49fd44b0f0>,125,15,[4 5],126,315,330,189,301
1,<environment.Job instance at 0x7f49fbce6af0>,134,22,[3 9],135,317,339,182,311
1,<environment.Job instance at 0x7f49fbd93d70>,10,16,[13  3],11,339,355,328,326
1,<environment.Job instance at 0x7f49fbce6f00>,139,15,[14  3],140,355,370,215,341
1,<environment.Job instance at 0x7f49fbce69b0>,140,14,[ 1 13],141,370,384,229,359
1,<environment.Job instance at 0x7f49fbce6960>,138,22,[3 8],139,384,406,245,377
1,<environment.Job instance at 0x7f49fcacff00>,146,12,[9 4],147,384,396,237,377
1,<environment.Job instance at 0x7f49fcacf230>,147,16,[5 5],148,396,412,248,383
1,<environment.Job instance at 0x7f49fcacf5a0>,148,17,[2 7],149,406,423,257,394
1,<environment.Job instance at 0x7f49fd167190>,153,12,[7 3],154,406,418,252,394
1,<environment.Job instance at 0x7f49fd167cd0>,155,17,[10  2],156,418,435,262,406
1,<environment.Job instance at 0x7f49fd167c80>,156,12,[6 4],157,435,447,278,418
1,<environment.Job instance at 0x7f49fd39d280>,161,20,[1 8],162,423,443,261,418
1,<environment.Job instance at 0x7f49fc87ce60>,162,19,[10  1],163,447,466,284,437
1,<environment.Job instance at 0x7f49fc87c1e0>,163,21,[9 3],164,466,487,302,458
1,<environment.Job instance at 0x7f49fc305b90>,165,19,[ 4 10],166,458,477,292,458
1,<environment.Job instance at 0x7f49fc66fdc0>,166,20,[2 7],167,477,497,310,468
1,<environment.Job instance at 0x7f49fc2e82d0>,169,14,[5 8],170,487,501,317,472
1,<environment.Job instance at 0x7f49fc1e40f0>,172,18,[ 3 10],173,501,519,328,490
1,<environment.Job instance at 0x7f49fc1e4780>,173,19,[5 5],174,497,516,323,490
1,<environment.Job instance at 0x7f49fc1e48c0>,175,19,[ 4 10],176,519,538,343,509
1,<environment.Job instance at 0x7f49fc2822d0>,178,19,[8 5],179,516,535,337,509
1,<environment.Job instance at 0x7f49fc282be0>,180,12,[6 4],181,535,547,354,518
1,<environment.Job instance at 0x7f49fc2776e0>,181,15,[3 7],182,538,553,356,524
1,<environment.Job instance at 0x7f49fc2770f0>,182,12,[7 1],183,547,559,364,530
1,<environment.Job instance at 0x7f49fc277690>,183,19,[4 8],184,553,572,369,543
1,<environment.Job instance at 0x7f49fc277140>,185,15,[1 7],186,559,574,373,545
1,<environment.Job instance at 0x7f49fc2772d0>,186,12,[10  4],187,572,584,385,555
1,<environment.Job instance at 0x7f49fbce6730>,141,25,[4 6],142,590,615,448,590
1,<environment.Job instance at 0x7f49fbd6eeb0>,1,26,[ 2 12],2,615,641,613,612
1,<environment.Job instance at 0x7f49fcc68690>,62,19,[9 5],63,8636,8655,8573,8636
1,<environment.Job instance at 0x7f49fcc3faf0>,0,15,[7 3],1,1,16,0,1
1,<environment.Job instance at 0x7f49fcc68690>,2,15,[8 2],3,3,18,0,3
1,<environment.Job instance at 0x7f49fcc3f550>,3,19,[5 8],4,16,35,12,8
1,<environment.Job instance at 0x7f49fcc3f820>,11,22,[3 8],12,35,57,23,28
1,<environment.Job instance at 0x7f49fcc3fdc0>,13,17,[2 5],14,28,45,14,28
1,<environment.Job instance at 0x7f49fcc3f460>,15,17,[1 5],16,45,62,29,33
1,<environment.Job instance at 0x7f49fcc3f050>,17,19,[5 9],18,57,76,39,47
1,<environment.Job instance at 0x7f49fcc3f7d0>,18,18,[6 2],19,62,80,43,51
1,<environment.Job instance at 0x7f49fcc3f5a0>,19,20,[5 8],20,76,96,56,67
1,<environment.Job instance at 0x7f49fcc3f690>,20,23,[6 3],21,80,103,59,74
1,<environment.Job instance at 0x7f49fc3c0730>,21,17,[7 5],22,96,113,74,84
1,<environment.Job instance at 0x7f49fc3c0410>,29,13,[4 9],30,103,116,73,87
1,<environment.Job instance at 0x7f49fc3c0d20>,31,16,[10  4],32,113,129,81,100
1,<environment.Job instance at 0x7f49fc3c08c0>,32,17,[1 6],33,116,133,83,104
1,<environment.Job instance at 0x7f49fc7ed2d0>,37,13,[5 5],38,129,142,91,113
1,<environment.Job instance at 0x7f49fc7ed3c0>,39,16,[9 2],40,129,145,89,116
1,<environment.Job instance at 0x7f49fcc3fd70>,12,16,[5 9],13,142,158,129,130
1,<environment.Job instance at 0x7f49fc7edeb0>,42,12,[9 2],43,145,157,102,130
1,<environment.Job instance at 0x7f49fc7ed460>,41,21,[10  4],42,157,178,115,149
1,<environment.Job instance at 0x7f4a2174f550>,46,17,[10  2],47,178,195,131,166
1,<environment.Job instance at 0x7f49fc2e2c80>,54,23,[5 1],55,177,200,122,177
1,<environment.Job instance at 0x7f49fc2e2500>,55,18,[9 3],56,195,213,139,184
1,<environment.Job instance at 0x7f49fd479960>,60,14,[10  5],61,213,227,152,198
1,<environment.Job instance at 0x7f49fc2e2b90>,61,14,[5 4],62,200,214,138,198
1,<environment.Job instance at 0x7f49fca7c190>,63,16,[6 4],64,227,243,163,214
1,<environment.Job instance at 0x7f49fc624690>,64,22,[7 1],65,227,249,162,220
1,<environment.Job instance at 0x7f49fca86a00>,66,14,[8 4],67,243,257,176,228
1,<environment.Job instance at 0x7f49fc617e60>,69,16,[5 5],70,249,265,179,236
1,<environment.Job instance at 0x7f49fcf5a050>,70,27,[1 5],71,249,276,178,247
1,<environment.Job instance at 0x7f49fcf5ad70>,71,15,[4 5],72,257,272,185,247
1,<environment.Job instance at 0x7f49fd23daf0>,73,23,[6 1],74,265,288,191,259
1,<environment.Job instance at 0x7f49fc13b280>,74,14,[4 8],75,272,286,197,259
1,<environment.Job instance at 0x7f49fd54b460>,79,17,[7 3],80,286,303,206,274
1,<environment.Job instance at 0x7f49fc490dc0>,83,17,[10  4],84,303,320,219,291
1,<environment.Job instance at 0x7f49fd38a230>,84,15,[ 4 10],85,291,306,206,291
1,<environment.Job instance at 0x7f49fbfbed70>,86,21,[6 4],87,320,341,233,312
1,<environment.Job instance at 0x7f49fc6587d0>,88,23,[1 6],89,312,335,223,312
1,<environment.Job instance at 0x7f49fc658c80>,90,17,[6 2],91,320,337,229,313
1,<environment.Job instance at 0x7f49fc658b40>,92,13,[9 5],93,337,350,244,325
1,<environment.Job instance at 0x7f49fc6588c0>,93,12,[4 9],94,341,353,247,325
1,<environment.Job instance at 0x7f49fc658c30>,94,15,[8 5],95,350,365,255,336
1,<environment.Job instance at 0x7f49fcc60280>,95,23,[2 5],96,353,376,257,347
1,<environment.Job instance at 0x7f49fd626af0>,97,23,[2 8],98,365,388,267,359
1,<environment.Job instance at 0x7f49fd626460>,98,22,[5 2],99,359,381,260,359
1,<environment.Job instance at 0x7f49fd626550>,100,23,[5 6],101,381,404,280,375
1,<environment.Job instance at 0x7f49fd5a8a00>,103,24,[3 6],104,388,412,284,383
1,<environment.Job instance at 0x7f49fd5a8b40>,104,19,[6 1],105,383,402,278,383
1,<environment.Job instance at 0x7f49fd5a8550>,108,20,[4 9],109,404,424,295,395
1,<environment.Job instance at 0x7f49fd5a8f50>,110,12,[5 6],111,412,424,301,395
1,<environment.Job instance at 0x7f4a05c56d70>,115,15,[6 2],116,424,439,308,410
1,<environment.Job instance at 0x7f4a05c56690>,116,15,[8 2],117,424,439,307,410
1,<environment.Job instance at 0x7f4a05c561e0>,117,22,[4 5],118,439,461,321,432
1,<environment.Job instance at 0x7f49fbf6d910>,125,12,[10  2],126,439,451,313,433
1,<environment.Job instance at 0x7f49fbf6d820>,126,13,[ 3 10],127,451,464,324,435
1,<environment.Job instance at 0x7f49fbf6d410>,129,22,[5 8],130,464,486,334,457
1,<environment.Job instance at 0x7f49fbd8c8c0>,130,17,[10  3],131,461,478,330,457
1,<environment.Job instance at 0x7f49fbd8c500>,131,16,[11  4],132,486,502,354,473
1,<environment.Job instance at 0x7f49fbd8c690>,134,16,[6 3],135,502,518,367,489
1,<environment.Job instance at 0x7f49fbd8c870>,135,15,[5 2],136,502,517,366,489
1,<environment.Job instance at 0x7f4a060e20f0>,140,18,[6 1],141,517,535,376,506
1,<environment.Job instance at 0x7f49fcf4c4b0>,141,26,[1 8],142,507,533,365,507
1,<environment.Job instance at 0x7f49fcf4c910>,144,21,[3 9],145,533,554,388,525
1,<environment.Job instance at 0x7f49fc73a7d0>,145,28,[6 4],146,525,553,379,525
1,<environment.Job instance at 0x7f49fd061fa0>,147,13,[ 1 10],148,554,567,406,538
1,<environment.Job instance at 0x7f49fd0480a0>,150,16,[6 1],151,542,558,391,542
1,<environment.Job instance at 0x7f49fce91820>,154,20,[5 7],155,567,587,412,558
1,<environment.Job instance at 0x7f49fbf62140>,155,17,[11  5],156,587,604,431,575
1,<environment.Job instance at 0x7f49fbf621e0>,156,12,[2 7],157,575,587,418,575
1,<environment.Job instance at 0x7f49fbe1a050>,157,15,[ 4 10],158,587,602,429,575
1,<environment.Job instance at 0x7f49fbe1a9b0>,158,18,[5 4],159,604,622,445,593
1,<environment.Job instance at 0x7f49fd59f280>,160,13,[3 5],161,602,615,441,593
1,<environment.Job instance at 0x7f49fc685af0>,165,21,[3 9],166,615,636,449,607
1,<environment.Job instance at 0x7f49fbdf9460>,167,26,[6 1],168,616,642,448,616
1,<environment.Job instance at 0x7f49fc7ed320>,43,17,[13  5],44,642,659,598,634
1,<environment.Job instance at 0x7f49fcf10730>,178,13,[11  3],187,659,672,472,643
1,<environment.Job instance at 0x7f49fbd012d0>,179,12,[ 4 12],188,659,671,471,643
1,<environment.Job instance at 0x7f49fc884d20>,180,16,[ 4 13],189,672,688,483,662
1,<environment.Job instance at 0x7f49fc6aa500>,177,22,[10  1],186,1474,1496,1288,1474
1,<environment.Job instance at 0x7f49fcc689b0>,1,19,[ 3 13],2,1479,1498,1477,1479
1,<environment.Job instance at 0x7f49fcc3f0f0>,8,25,[9 4],9,1498,1523,1489,1496
1,<environment.Job instance at 0x7f49fcc3f280>,6,26,[ 4 11],7,2768,2794,2761,2768
1,<environment.Job instance at 0x7f49fcac4e10>,1,23,[7 5],2,2,25,0,2
1,<environment.Job instance at 0x7f49fcc3f190>,2,15,[5 7],3,3,18,0,3
1,<environment.Job instance at 0x7f49fbf57e10>,5,13,[8 2],6,18,31,12,6
1,<environment.Job instance at 0x7f49fccf6230>,9,12,[3 8],10,25,37,15,11
1,<environment.Job instance at 0x7f49fccc0f50>,12,14,[4 7],13,31,45,18,16
1,<environment.Job instance at 0x7f49fccc0f00>,13,17,[1 6],14,37,54,23,25
1,<environment.Job instance at 0x7f49fbd33e10>,15,20,[2 5],16,45,65,29,36
1,<environment.Job instance at 0x7f49fc8a72d0>,19,18,[6 3],20,45,63,25,36
1,<environment.Job instance at 0x7f49fd298fa0>,20,12,[7 4],21,54,66,33,37
1,<environment.Job instance at 0x7f49fccce0f0>,22,12,[7 3],23,65,77,42,48
1,<environment.Job instance at 0x7f49fccf6460>,10,13,[5 5],11,66,79,55,53
1,<environment.Job instance at 0x7f49fd34faa0>,23,19,[5 7],24,77,96,53,67
1,<environment.Job instance at 0x7f49fbcde820>,28,15,[4 7],29,79,94,50,67
1,<environment.Job instance at 0x7f49fbcde320>,29,16,[7 4],30,94,110,64,81
1,<environment.Job instance at 0x7f49fbf57370>,8,16,[6 3],9,96,112,87,83
1,<environment.Job instance at 0x7f49fd1ea0f0>,31,13,[7 2],32,110,123,78,94
1,<environment.Job instance at 0x7f49fd1acaa0>,38,16,[12  1],39,123,139,84,110
1,<environment.Job instance at 0x7f49fd1acc30>,37,21,[3 8],38,113,134,75,113
1,<environment.Job instance at 0x7f49fd1acc80>,39,16,[10  3],40,139,155,99,126
1,<environment.Job instance at 0x7f49fc23a6e0>,41,21,[1 8],42,134,155,92,127
1,<environment.Job instance at 0x7f49fcd83a50>,48,15,[10  3],49,155,170,106,141
1,<environment.Job instance at 0x7f49fd1d5460>,0,15,[1 7],1,155,170,154,146
1,<environment.Job instance at 0x7f49fc87c410>,49,21,[10  4],50,170,191,120,162
1,<environment.Job instance at 0x7f49fcd83460>,51,18,[4 9],52,174,192,122,174
1,<environment.Job instance at 0x7f49fbe287d0>,54,19,[8 2],55,191,210,136,181
1,<environment.Job instance at 0x7f49fbd87780>,42,17,[ 5 13],43,192,209,149,182
1,<environment.Job instance at 0x7f49fd1ad370>,60,18,[9 1],61,210,228,149,199
1,<environment.Job instance at 0x7f49fbd6ecd0>,61,20,[3 6],62,209,229,147,200
1,<environment.Job instance at 0x7f49fbd6e140>,62,14,[5 9],63,228,242,165,213
1,<environment.Job instance at 0x7f49fd1adf50>,59,20,[10  4],60,229,249,169,223
1,<environment.Job instance at 0x7f49fbd6edc0>,63,17,[ 5 13],64,249,266,185,237
1,<environment.Job instance at 0x7f49fd4113c0>,68,20,[9 2],69,249,269,180,240
1,<environment.Job instance at 0x7f49fccdcd70>,71,14,[3 5],72,266,280,194,251
1,<environment.Job instance at 0x7f49fbe45e60>,74,17,[1 7],75,266,283,191,254
1,<environment.Job instance at 0x7f49fc2dfb90>,75,16,[8 4],76,280,296,204,267
1,<environment.Job instance at 0x7f49fc2dfa50>,78,19,[6 5],79,283,302,204,273
1,<environment.Job instance at 0x7f49fc2df870>,80,14,[3 9],81,296,310,215,281
1,<environment.Job instance at 0x7f49fc2df460>,84,21,[2 6],85,302,323,217,295
1,<environment.Job instance at 0x7f49fc2dfe10>,85,18,[4 6],86,310,328,224,299
1,<environment.Job instance at 0x7f49fc2dfd20>,87,12,[5 5],88,323,335,235,306
1,<environment.Job instance at 0x7f49fc2dfb40>,89,18,[5 5],90,328,346,238,317
1,<environment.Job instance at 0x7f49fc2df410>,90,18,[7 2],91,335,353,244,324
1,<environment.Job instance at 0x7f49fc2df8c0>,92,12,[2 8],93,335,347,242,326
1,<environment.Job instance at 0x7f49fc2dff00>,93,18,[6 3],94,346,364,252,335
1,<environment.Job instance at 0x7f49fc805d70>,95,18,[5 6],96,353,371,257,342
1,<environment.Job instance at 0x7f49fcad8af0>,100,20,[3 6],101,353,373,252,344
1,<environment.Job instance at 0x7f49fbce6c80>,103,14,[4 5],104,371,385,267,356
1,<environment.Job instance at 0x7f49fbce6410>,105,20,[10  3],106,373,393,267,364
1,<environment.Job instance at 0x7f49fbce6af0>,106,15,[5 9],107,385,400,278,371
1,<environment.Job instance at 0x7f49fbce6a00>,109,13,[1 8],110,400,413,290,384
1,<environment.Job instance at 0x7f49fbce6c30>,114,14,[5 1],115,393,407,278,385
1,<environment.Job instance at 0x7f49fbce6370>,117,13,[5 5],118,393,406,275,385
1,<environment.Job instance at 0x7f49fbce62d0>,120,17,[6 2],121,406,423,285,394
1,<environment.Job instance at 0x7f49fcdefe60>,125,17,[10  4],126,423,440,297,411
1,<environment.Job instance at 0x7f49fcdef500>,126,16,[9 4],127,440,456,313,427
1,<environment.Job instance at 0x7f49fcdef780>,128,22,[5 4],129,427,449,298,427
1,<environment.Job instance at 0x7f49fcdefe10>,132,18,[7 4],133,456,474,323,445
1,<environment.Job instance at 0x7f49fcdef910>,133,16,[4 7],134,449,465,315,445
1,<environment.Job instance at 0x7f49fcdef960>,137,17,[9 5],138,474,491,336,462
1,<environment.Job instance at 0x7f49fcdef640>,138,17,[ 3 10],139,465,482,326,462
1,<environment.Job instance at 0x7f49fcdef190>,140,14,[5 1],141,482,496,341,467
1,<environment.Job instance at 0x7f49fc5efcd0>,142,13,[3 6],143,491,504,348,475
1,<environment.Job instance at 0x7f49fc5efbe0>,153,18,[10  2],154,496,514,342,485
1,<environment.Job instance at 0x7f49fd431be0>,69,18,[ 2 10],70,504,522,434,494
1,<environment.Job instance at 0x7f49fc5efd70>,160,15,[4 5],161,514,529,353,500
1,<environment.Job instance at 0x7f49fcd83960>,50,22,[3 9],51,844,866,793,844
1,<environment.Job instance at 0x7f49fc5efa50>,161,25,[10  2],162,844,869,682,844
1,<environment.Job instance at 0x7f49fd1d5960>,3,17,[11  4],4,5933,5950,5929,5933
1,<environment.Job instance at 0x7f49fc0a9050>,0,25,[ 5 12],1,2,27,1,2
1,<environment.Job instance at 0x7f49fd657550>,6,13,[3 8],7,27,40,20,11
1,<environment.Job instance at 0x7f49fd079910>,12,19,[8 1],13,13,32,0,13
1,<environment.Job instance at 0x7f49fd079cd0>,15,20,[9 5],16,32,52,16,23
1,<environment.Job instance at 0x7f49fd079460>,19,16,[9 5],20,52,68,32,39
1,<environment.Job instance at 0x7f49fd61a5a0>,2,17,[5 6],3,40,57,37,39
1,<environment.Job instance at 0x7f49fd3c22d0>,39,12,[6 4],40,57,69,17,40
1,<environment.Job instance at 0x7f49fc59beb0>,42,17,[7 4],43,68,85,25,56
1,<environment.Job instance at 0x7f49fc59b140>,44,14,[5 6],45,69,83,24,56
1,<environment.Job instance at 0x7f49fc9eafa0>,48,15,[8 3],49,83,98,34,69
1,<environment.Job instance at 0x7f49fca13af0>,52,12,[6 2],53,85,97,32,69
1,<environment.Job instance at 0x7f49fc61e140>,58,12,[2 5],59,69,81,10,69
1,<environment.Job instance at 0x7f49fd48a280>,65,13,[3 8],66,97,110,31,81
1,<environment.Job instance at 0x7f49fc5f4e10>,67,12,[6 3],68,98,110,30,81
1,<environment.Job instance at 0x7f49fc3bc370>,72,18,[7 3],73,110,128,37,99
1,<environment.Job instance at 0x7f49fc609dc0>,78,14,[4 5],79,110,124,31,99
1,<environment.Job instance at 0x7f49fc6eb190>,82,16,[10  2],83,128,144,45,115
1,<environment.Job instance at 0x7f49fc6eb550>,84,13,[6 3],85,144,157,59,128
1,<environment.Job instance at 0x7f49fc6eb050>,90,16,[10  5],91,157,173,66,144
1,<environment.Job instance at 0x7f49fc5e4550>,96,17,[2 5],97,144,161,47,144
1,<environment.Job instance at 0x7f49fc5e4b90>,98,17,[10  4],99,173,190,74,161
1,<environment.Job instance at 0x7f49fc61cb90>,104,15,[8 3],105,190,205,85,176
1,<environment.Job instance at 0x7f49fc61caa0>,107,21,[7 2],108,190,211,82,184
1,<environment.Job instance at 0x7f49fc604140>,118,15,[10  5],119,211,226,92,197
1,<environment.Job instance at 0x7f49fc6ff500>,151,15,[7 2],152,226,241,74,213
1,<environment.Job instance at 0x7f49fc15ba00>,154,13,[4 7],155,213,226,58,213
1,<environment.Job instance at 0x7f49fbfbf190>,160,16,[7 5],161,226,242,65,216
1,<environment.Job instance at 0x7f49fd657410>,8,17,[ 3 14],9,242,259,233,230
1,<environment.Job instance at 0x7f49fcea4af0>,163,12,[13  5],164,259,271,95,242
1,<environment.Job instance at 0x7f49fcea40a0>,164,28,[ 2 14],165,271,299,106,270
1,<environment.Job instance at 0x7f49fc70fdc0>,165,28,[ 2 11],166,299,327,133,298
1,<environment.Job instance at 0x7f49fcea45a0>,166,18,[3 9],167,327,345,160,316
1,<environment.Job instance at 0x7f49fcea41e0>,167,18,[14  2],168,345,363,177,334
1,<environment.Job instance at 0x7f49fbfc1a00>,168,26,[11  3],169,363,389,194,360
1,<environment.Job instance at 0x7f49fbfc1690>,169,20,[2 6],170,363,383,193,360
1,<environment.Job instance at 0x7f49fbfc1820>,170,14,[12  5],171,389,403,218,374
1,<environment.Job instance at 0x7f49fbfc1a50>,171,21,[12  1],172,403,424,231,395
1,<environment.Job instance at 0x7f49fbfc13c0>,172,14,[1 8],173,395,409,222,395
1,<environment.Job instance at 0x7f49fc7118c0>,173,14,[ 3 11],174,409,423,235,395
1,<environment.Job instance at 0x7f49fc56f960>,174,15,[11  3],175,424,439,249,410
1,<environment.Job instance at 0x7f49fc56f0f0>,175,16,[ 3 14],176,439,455,263,426
1,<environment.Job instance at 0x7f49fc56f820>,176,14,[3 7],177,455,469,278,440
1,<environment.Job instance at 0x7f49fc56fb90>,177,13,[10  3],178,455,468,277,440
1,<environment.Job instance at 0x7f49fc56fcd0>,178,24,[1 7],179,468,492,289,463
1,<environment.Job instance at 0x7f49fc584f50>,185,17,[1 8],186,469,486,283,463
1,<environment.Job instance at 0x7f49fd070dc0>,186,16,[13  4],187,486,502,299,473
1,<environment.Job instance at 0x7f49fc584b40>,184,15,[10  1],185,502,517,317,488
1,<environment.Job instance at 0x7f49fd070460>,188,20,[7 3],189,517,537,328,510
1,<environment.Job instance at 0x7f49fd657fa0>,7,24,[5 2],8,510,534,502,510
1,<environment.Job instance at 0x7f49fc59bfa0>,40,25,[5 5],41,534,559,493,531
1,<environment.Job instance at 0x7f49fd657140>,5,17,[11  5],6,559,576,553,557
1,<environment.Job instance at 0x7f49fcea4460>,0,18,[ 2 12],1,1,19,0,1
1,<environment.Job instance at 0x7f49fc6f13c0>,4,13,[9 3],5,5,18,0,5
1,<environment.Job instance at 0x7f49fc6f1c30>,8,15,[ 2 10],9,19,34,10,9
1,<environment.Job instance at 0x7f49fc6ff870>,23,17,[4 8],24,34,51,10,25
1,<environment.Job instance at 0x7f49fc6ff460>,30,16,[9 2],31,34,50,3,34
1,<environment.Job instance at 0x7f49fc6ff140>,33,16,[7 5],34,50,66,16,37
1,<environment.Job instance at 0x7f49fcea45f0>,1,18,[4 9],2,51,69,49,45
1,<environment.Job instance at 0x7f49fc56feb0>,45,16,[7 5],46,66,82,20,54
1,<environment.Job instance at 0x7f49fc56f5a0>,53,17,[8 3],54,69,86,15,57
1,<environment.Job instance at 0x7f49fbfb0910>,56,17,[5 7],57,82,99,25,70
1,<environment.Job instance at 0x7f49fbfb05f0>,72,17,[9 4],73,86,103,13,74
1,<environment.Job instance at 0x7f49fc138410>,78,15,[7 3],79,103,118,24,89
1,<environment.Job instance at 0x7f49fc138320>,82,17,[6 1],83,99,116,16,89
1,<environment.Job instance at 0x7f49fc7110f0>,92,16,[3 9],93,116,132,23,103
1,<environment.Job instance at 0x7f49fbfbc910>,114,16,[4 5],115,118,134,3,115
1,<environment.Job instance at 0x7f49fbfbc9b0>,119,13,[10  5],120,132,145,12,120
1,<environment.Job instance at 0x7f49fbfbc730>,120,13,[4 7],121,134,147,13,121
1,<environment.Job instance at 0x7f49fbfbc780>,121,13,[6 3],122,145,158,23,129
1,<environment.Job instance at 0x7f49fc584460>,126,19,[4 5],127,145,164,18,136
1,<environment.Job instance at 0x7f49fc584550>,128,18,[5 5],129,147,165,18,136
1,<environment.Job instance at 0x7f49fc584dc0>,130,17,[6 5],131,158,175,27,146
1,<environment.Job instance at 0x7f49fc15b050>,135,15,[5 9],136,165,180,29,153
1,<environment.Job instance at 0x7f49fc202500>,137,14,[7 5],138,175,189,37,160
1,<environment.Job instance at 0x7f49fbf195f0>,166,12,[7 3],167,180,192,13,167
1,<environment.Job instance at 0x7f49fd041050>,168,17,[5 3],169,189,206,20,177
1,<environment.Job instance at 0x7f49fce89050>,176,18,[5 3],177,192,210,15,181
1,<environment.Job instance at 0x7f49fbfb0e60>,54,26,[8 1],55,1608,1634,1553,1608
1,<environment.Job instance at 0x7f49fc5e9550>,2,16,[2 5],3,3,19,0,3
1,<environment.Job instance at 0x7f49fc6f1be0>,3,12,[3 8],4,4,16,0,4
1,<environment.Job instance at 0x7f49fc5e9c80>,4,19,[4 6],5,16,35,11,6
1,<environment.Job instance at 0x7f49fc6eb050>,16,12,[4 6],17,19,31,2,17
1,<environment.Job instance at 0x7f49fc6eb870>,17,17,[7 3],18,18,35,0,18
1,<environment.Job instance at 0x7f49fc6eb370>,19,18,[9 1],20,35,53,15,24
1,<environment.Job instance at 0x7f49fc61c3c0>,28,18,[9 1],29,53,71,24,42
1,<environment.Job instance at 0x7f49fc61c050>,30,12,[14  2],31,71,83,40,54
1,<environment.Job instance at 0x7f49fc61ce10>,31,19,[5 3],32,83,102,51,73
1,<environment.Job instance at 0x7f49fc61c460>,33,12,[13  2],34,102,114,68,85
1,<environment.Job instance at 0x7f49fc61c320>,34,16,[1 9],35,85,101,50,85
1,<environment.Job instance at 0x7f49fc61c960>,35,16,[13  3],36,114,130,78,101
1,<environment.Job instance at 0x7f49fc61c910>,32,19,[2 8],33,110,129,77,110
1,<environment.Job instance at 0x7f49fc61c280>,39,21,[7 4],40,130,151,90,122
1,<environment.Job instance at 0x7f49fc61cf50>,36,16,[4 7],37,130,146,93,130
1,<environment.Job instance at 0x7f49fc61c1e0>,41,13,[5 8],42,146,159,104,132
1,<environment.Job instance at 0x7f49fc61c7d0>,26,15,[10  4],27,151,166,124,138
1,<environment.Job instance at 0x7f49fc61cb40>,40,14,[10  2],41,166,180,125,151
1,<environment.Job instance at 0x7f49fc5f4140>,44,12,[7 5],45,180,192,135,163
1,<environment.Job instance at 0x7f49fc5f40f0>,45,15,[4 7],46,163,178,117,163
1,<environment.Job instance at 0x7f49fcf129b0>,51,18,[10  3],52,192,210,140,182
1,<environment.Job instance at 0x7f49fcf12820>,54,20,[2 6],55,182,202,127,182
1,<environment.Job instance at 0x7f49fcf127d0>,56,14,[2 9],57,202,216,145,187
1,<environment.Job instance at 0x7f49fcf12870>,57,12,[3 9],58,216,228,158,199
1,<environment.Job instance at 0x7f49fd4a3b40>,58,18,[2 5],59,210,228,151,199
1,<environment.Job instance at 0x7f49fc604b90>,60,19,[6 3],61,228,247,167,218
1,<environment.Job instance at 0x7f49fc6046e0>,62,17,[2 6],63,228,245,165,218
1,<environment.Job instance at 0x7f49fc61cc30>,29,19,[13  5],30,247,266,217,237
1,<environment.Job instance at 0x7f49fc604690>,64,23,[10  3],65,266,289,201,260
1,<environment.Job instance at 0x7f49fc604a00>,65,21,[14  4],66,289,310,223,281
1,<environment.Job instance at 0x7f49fc604500>,66,15,[8 4],67,310,325,243,296
1,<environment.Job instance at 0x7f49fc604370>,67,16,[13  3],68,325,341,257,312
1,<environment.Job instance at 0x7f49fc604f50>,68,26,[5 2],69,341,367,272,338
1,<environment.Job instance at 0x7f49fc604820>,69,27,[13  3],70,367,394,297,365
1,<environment.Job instance at 0x7f49fc6045f0>,70,12,[ 3 11],71,394,406,323,377
1,<environment.Job instance at 0x7f49fc145c30>,83,12,[1 6],84,377,389,293,377
1,<environment.Job instance at 0x7f49fc1452d0>,85,15,[4 5],86,406,421,320,392
1,<environment.Job instance at 0x7f49fc145550>,86,15,[7 3],87,394,409,307,392
1,<environment.Job instance at 0x7f49fc145280>,90,14,[5 2],91,409,423,318,394
1,<environment.Job instance at 0x7f49fc56f370>,102,16,[6 5],103,409,425,306,397
1,<environment.Job instance at 0x7f49fc56f960>,103,12,[2 6],104,421,433,317,404
1,<environment.Job instance at 0x7f49fc56f0f0>,105,18,[10  3],106,425,443,319,414
1,<environment.Job instance at 0x7f49fc56f910>,106,15,[5 3],107,433,448,326,420
1,<environment.Job instance at 0x7f49fc56fa00>,109,18,[4 6],110,443,461,333,432
1,<environment.Job instance at 0x7f49fc61c410>,42,26,[3 6],43,443,469,400,440
1,<environment.Job instance at 0x7f49fc1533c0>,111,18,[3 6],112,461,479,349,450
1,<environment.Job instance at 0x7f49fc6041e0>,71,28,[9 3],72,465,493,393,465
1,<environment.Job instance at 0x7f49fc153550>,113,15,[5 4],114,479,494,365,465
1,<environment.Job instance at 0x7f49fc153fa0>,114,28,[1 9],115,493,521,378,492
1,<environment.Job instance at 0x7f49fc153730>,115,16,[12  4],116,494,510,378,493
1,<environment.Job instance at 0x7f49fc153460>,116,16,[ 3 10],117,521,537,404,508
1,<environment.Job instance at 0x7f49fc1530f0>,112,26,[8 5],113,510,536,397,508
1,<environment.Job instance at 0x7f49fc1539b0>,118,17,[7 3],119,536,553,417,524
1,<environment.Job instance at 0x7f49fc1535f0>,119,12,[5 7],120,537,549,417,524
1,<environment.Job instance at 0x7f49fc153910>,120,17,[ 5 10],121,549,566,428,538
1,<environment.Job instance at 0x7f49fc153e10>,121,13,[11  2],122,566,579,444,552
1,<environment.Job instance at 0x7f49fc153500>,110,19,[4 9],111,566,585,455,559
1,<environment.Job instance at 0x7f49fc1537d0>,127,12,[9 1],128,579,591,451,563
1,<environment.Job instance at 0x7f49fc153780>,128,14,[1 7],129,585,599,456,570
1,<environment.Job instance at 0x7f49fd079d70>,133,19,[8 4],134,591,610,457,581
1,<environment.Job instance at 0x7f49fc600190>,137,12,[ 2 10],138,599,611,461,583
1,<environment.Job instance at 0x7f49fc8ace60>,138,15,[10  5],139,610,625,471,596
1,<environment.Job instance at 0x7f49fc75b370>,140,16,[6 5],141,625,641,484,612
1,<environment.Job instance at 0x7f49fc153370>,122,18,[5 7],123,612,630,489,612
1,<environment.Job instance at 0x7f49fd4e86e0>,144,25,[7 2],145,630,655,485,626
1,<environment.Job instance at 0x7f49fc759820>,143,12,[1 9],144,641,653,497,635
1,<environment.Job instance at 0x7f49fc7048c0>,147,13,[2 9],148,653,666,505,638
1,<environment.Job instance at 0x7f49fc704230>,149,15,[6 5],150,655,670,505,641
1,<environment.Job instance at 0x7f49fc153e60>,117,26,[14  4],118,670,696,552,667
1,<environment.Job instance at 0x7f49fd0232d0>,151,24,[ 3 14],152,696,720,544,691
1,<environment.Job instance at 0x7f4a215dfb90>,152,17,[11  2],153,720,737,567,708
1,<environment.Job instance at 0x7f49fc7040f0>,153,12,[ 5 10],154,737,749,583,720
1,<environment.Job instance at 0x7f49fce08aa0>,157,16,[6 2],158,737,753,579,727
1,<environment.Job instance at 0x7f49fc470910>,158,13,[5 8],159,749,762,590,733
1,<environment.Job instance at 0x7f49fc8c0f00>,160,15,[5 8],161,762,777,601,748
1,<environment.Job instance at 0x7f49fd422e10>,162,13,[2 6],163,753,766,590,748
1,<environment.Job instance at 0x7f49fbf60e10>,163,21,[1 6],164,766,787,602,758
1,<environment.Job instance at 0x7f49fc0f8410>,154,27,[ 1 14],155,787,814,632,785
1,<environment.Job instance at 0x7f49fc1c6dc0>,167,14,[12  2],168,814,828,646,799
1,<environment.Job instance at 0x7f49fc699820>,168,15,[7 3],169,828,843,659,814
1,<environment.Job instance at 0x7f49fce069b0>,169,20,[1 6],170,814,834,644,814
1,<environment.Job instance at 0x7f49fc91a5a0>,170,14,[ 2 12],171,834,848,663,819
1,<environment.Job instance at 0x7f49fc91aa00>,171,18,[3 8],172,848,866,676,837
1,<environment.Job instance at 0x7f49fc42d280>,172,21,[8 1],183,843,864,660,837
1,<environment.Job instance at 0x7f49fc91a280>,173,14,[5 5],184,864,878,680,849
1,<environment.Job instance at 0x7f49fc91a4b0>,174,14,[12  2],185,878,892,693,863
1,<environment.Job instance at 0x7f49fc91adc0>,175,18,[2 6],186,866,884,680,863
1,<environment.Job instance at 0x7f49fbd8b5f0>,176,26,[4 6],187,892,918,705,889
1,<environment.Job instance at 0x7f49fc7708c0>,166,18,[10  5],167,892,910,725,891
1,<environment.Job instance at 0x7fcca0435640>,1,15,[5 2],2,2,17,0,2
1,<environment.Job instance at 0x7fcc96e502d0>,5,18,[7 5],6,6,24,0,6
1,<environment.Job instance at 0x7fcc96e504b0>,7,12,[7 2],8,17,29,9,8
1,<environment.Job instance at 0x7fcc96e50640>,9,17,[8 1],10,24,41,14,12
1,<environment.Job instance at 0x7fcc96e505f0>,12,22,[4 6],13,29,51,16,22
1,<environment.Job instance at 0x7fcc96e50c80>,18,18,[3 6],19,29,47,10,22
1,<environment.Job instance at 0x7fcc96e50dc0>,20,18,[7 5],21,47,65,26,36
1,<environment.Job instance at 0x7fcc96e509b0>,23,18,[7 4],24,51,69,27,40
1,<environment.Job instance at 0x7fcc96e54280>,26,20,[4 8],27,65,85,38,56
1,<environment.Job instance at 0x7fcc96e543c0>,28,20,[5 8],29,85,105,56,76
1,<environment.Job instance at 0x7fcc96e54500>,30,15,[8 2],31,76,91,45,76
1,<environment.Job instance at 0x7fcc96e545a0>,31,13,[4 5],32,91,104,59,76
1,<environment.Job instance at 0x7fcc96e546e0>,33,16,[9 3],34,104,120,70,91
1,<environment.Job instance at 0x7fcc96e54780>,34,20,[5 3],35,105,125,70,96
1,<environment.Job instance at 0x7fcc96e54190>,37,22,[2 5],38,120,142,82,113
1,<environment.Job instance at 0x7fcc96e54af0>,39,13,[5 4],40,120,133,80,113
1,<environment.Job instance at 0x7fcc96e54a00>,40,19,[ 3 10],41,133,152,92,123
1,<environment.Job instance at 0x7fcc96e54c30>,43,14,[6 1],44,142,156,98,127
1,<environment.Job instance at 0x7fcc96e540a0>,44,14,[8 4],45,152,166,107,137
1,<environment.Job instance at 0x7fcc96e54f50>,47,16,[6 2],48,156,172,108,143
1,<environment.Job instance at 0x7fcca04354b0>,0,24,[2 8],1,185,209,184,185
1,<environment.Job instance at 0x7fcc96e500a0>,2,26,[10  1],3,198,224,195,198
1,<environment.Job instance at 0x7fcc96e50410>,10,14,[ 1 14],11,209,223,198,198
1,<environment.Job instance at 0x7fcc96e50780>,11,14,[10  4],12,955,969,943,955
1,<environment.Job instance at 0x7fcc96e5f460>,0,13,[12  1],1,1,14,0,1
1,<environment.Job instance at 0x7fcc96590870>,5,15,[6 2],6,14,29,8,6
1,<environment.Job instance at 0x7fcc9658d8c0>,11,14,[ 2 10],12,12,26,0,12
1,<environment.Job instance at 0x7fcc9658d4b0>,16,12,[6 1],17,17,29,0,17
1,<environment.Job instance at 0x7fcc966b7d70>,17,13,[3 5],18,26,39,8,18
1,<environment.Job instance at 0x7fcc966fdf00>,21,13,[7 2],22,29,42,7,22
1,<environment.Job instance at 0x7fcc966c8eb0>,20,22,[5 6],21,29,51,8,25
1,<environment.Job instance at 0x7fcc96671460>,24,14,[9 1],25,42,56,17,27
1,<environment.Job instance at 0x7fcc966715a0>,25,19,[8 3],26,56,75,30,46
1,<environment.Job instance at 0x7fcc96590a50>,7,22,[6 5],8,51,73,43,46
1,<environment.Job instance at 0x7fcc96671140>,27,19,[14  1],28,75,94,47,65
1,<environment.Job instance at 0x7fcc96671050>,28,13,[1 5],29,65,78,36,65
1,<environment.Job instance at 0x7fcc96671190>,26,18,[ 2 10],27,94,112,67,83
1,<environment.Job instance at 0x7fcc967b8e60>,30,19,[8 4],31,94,113,63,84
1,<environment.Job instance at 0x7fcc966bd0a0>,31,17,[2 7],32,112,129,80,100
1,<environment.Job instance at 0x7fcc966db0a0>,37,17,[7 4],38,113,130,75,101
1,<environment.Job instance at 0x7fcc966dbaa0>,40,22,[5 5],41,129,151,88,122
1,<environment.Job instance at 0x7fcc96413230>,48,20,[10  4],49,130,150,81,122
1,<environment.Job instance at 0x7fcc966bd4b0>,29,15,[4 7],30,150,165,120,137
1,<environment.Job instance at 0x7fcc96e507d0>,1,24,[ 1 11],2,168,192,166,168
1,<environment.Job instance at 0x7fcc96590b40>,3,22,[9 5],4,358,380,354,358
1,<environment.Job instance at 0x7fcc966c83c0>,22,18,[5 5],23,5024,5042,5001,5024
1,<environment.Job instance at 0x7fcc963fac30>,7,17,[5 6],8,8,25,0,8
1,<environment.Job instance at 0x7fcc9645e5f0>,10,15,[2 6],11,11,26,0,11
1,<environment.Job instance at 0x7fcc963fa640>,1,18,[13  3],2,25,43,23,15
1,<environment.Job instance at 0x7fcc9645e870>,17,21,[1 6],18,26,47,8,18
1,<environment.Job instance at 0x7fcc9645e640>,18,12,[12  1],19,43,55,24,27
1,<environment.Job instance at 0x7fcc9645eaf0>,14,20,[5 7],15,55,75,40,46
1,<environment.Job instance at 0x7fcc9645ef50>,23,16,[1 8],24,48,64,24,48
1,<environment.Job instance at 0x7fcc9645bf50>,28,19,[1 9],29,75,94,46,65
1,<environment.Job instance at 0x7fcc9645b500>,29,19,[4 7],30,94,113,64,84
1,<environment.Job instance at 0x7fcc9645bd70>,30,21,[4 6],31,84,105,53,84
1,<environment.Job instance at 0x7fcc9645b280>,35,16,[5 2],36,94,110,58,84
1,<environment.Job instance at 0x7fcc9645b230>,42,18,[10  5],43,110,128,67,99
1,<environment.Job instance at 0x7fcc96f960a0>,0,15,[6 2],1,1,16,0,1
1,<environment.Job instance at 0x7fcc96f14c80>,1,15,[6 2],2,2,17,0,2
1,<environment.Job instance at 0x7fcc96f14280>,5,13,[2 6],6,6,19,0,6
1,<environment.Job instance at 0x7fcc96ed69b0>,7,16,[6 2],8,16,32,8,8
1,<environment.Job instance at 0x7fcc96ed6320>,10,15,[8 3],11,19,34,8,11
1,<environment.Job instance at 0x7fcc96ed61e0>,17,13,[4 5],18,32,45,14,18
1,<environment.Job instance at 0x7fcc96e8beb0>,22,22,[6 4],23,34,56,11,27
1,<environment.Job instance at 0x7fcc96e8b320>,21,18,[ 4 10],22,45,63,23,35
1,<environment.Job instance at 0x7fcc96e8ba50>,32,14,[4 7],33,63,77,30,51
1,<environment.Job instance at 0x7fcc96e8b550>,35,19,[5 1],36,51,70,15,51
1,<environment.Job instance at 0x7fcc96e24780>,48,17,[10  5],49,70,87,21,58
1,<environment.Job instance at 0x7fcc96e8b780>,28,27,[9 4],29,87,114,58,86
1,<environment.Job instance at 0x7fcc96e8b3c0>,23,16,[7 1],24,114,130,90,107
1,<environment.Job instance at 0x7fcc96f14fa0>,2,24,[12  2],3,170,194,167,170
1,<environment.Job instance at 0x7fcc96f33c30>,0,23,[5 8],1,7,30,6,7
1,<environment.Job instance at 0x7fcc963c7140>,3,23,[10  3],4,8,31,4,8
1,<environment.Job instance at 0x7fcc963c75f0>,10,13,[11  1],11,31,44,20,16
1,<environment.Job instance at 0x7fcc963c78c0>,14,17,[2 9],15,30,47,15,20
1,<environment.Job instance at 0x7fcc963c7c80>,19,17,[2 8],20,47,64,27,35
1,<environment.Job instance at 0x7fcc963c7d20>,20,12,[5 9],21,64,76,43,47
1,<environment.Job instance at 0x7fcc963c7a00>,16,17,[10  4],17,48,65,31,48
1,<environment.Job instance at 0x7fcc963c7eb0>,21,14,[2 9],22,76,90,54,61
1,<environment.Job instance at 0x7fcc963c7f50>,23,15,[5 9],24,90,105,66,76
1,<environment.Job instance at 0x7fcc963c9230>,27,15,[5 6],28,76,91,48,76
1,<environment.Job instance at 0x7fcc963c9410>,30,15,[ 5 10],31,105,120,74,91
1,<environment.Job instance at 0x7fcc963c98c0>,37,20,[5 2],38,91,111,53,91
1,<environment.Job instance at 0x7fcc963c71e0>,7,27,[5 3],8,91,118,83,91
1,<environment.Job instance at 0x7fcc963c9780>,38,20,[7 4],39,118,138,79,109
1,<environment.Job instance at 0x7fcc963c9be0>,43,18,[8 5],44,120,138,76,109
1,<environment.Job instance at 0x7fcc963c7b40>,22,20,[5 7],23,138,158,115,129
1,<environment.Job instance at 0x7fcc963c9960>,39,20,[6 2],40,138,158,98,129
1,<environment.Job instance at 0x7fcc968111e0>,0,17,[2 6],1,2,19,1,2
1,<environment.Job instance at 0x7fcc96bb8690>,4,19,[10  4],5,5,24,0,5
1,<environment.Job instance at 0x7fcc9721e780>,8,17,[1 7],9,19,36,10,9
1,<environment.Job instance at 0x7fcc9721e910>,10,12,[6 2],11,24,36,13,11
1,<environment.Job instance at 0x7fcc9721e5f0>,17,26,[ 1 14],18,36,62,18,33
1,<environment.Job instance at 0x7fcc9721ea00>,18,13,[3 5],19,62,75,43,46
1,<environment.Job instance at 0x7fcc9721e730>,14,12,[1 8],15,62,74,47,46
1,<environment.Job instance at 0x7fcc9721eb90>,21,22,[6 1],22,46,68,24,46
1,<environment.Job instance at 0x7fcc9721e8c0>,22,14,[3 5],23,74,88,51,59
1,<environment.Job instance at 0x7fcc9721e410>,23,21,[5 1],24,62,83,38,59
1,<environment.Job instance at 0x7fcc9721e0a0>,15,22,[3 8],16,75,97,59,68
1,<environment.Job instance at 0x7fcc96787a50>,25,20,[5 5],26,88,108,62,79
1,<environment.Job instance at 0x7fcc967872d0>,26,18,[4 9],27,97,115,70,87
1,<environment.Job instance at 0x7fcc9721e3c0>,24,23,[8 5],25,108,131,83,106
1,<environment.Job instance at 0x7fcc96787190>,27,20,[3 7],28,115,135,87,106
1,<environment.Job instance at 0x7fcc96654370>,39,16,[7 2],40,131,147,91,118
1,<environment.Job instance at 0x7fcc96654870>,41,22,[ 1 10],42,135,157,93,128
1,<environment.Job instance at 0x7fcc966547d0>,42,12,[2 7],43,157,169,114,140
1,<environment.Job instance at 0x7fcc966540f0>,43,24,[2 7],44,157,181,113,152
1,<environment.Job instance at 0x7fcc96654690>,45,25,[5 3],46,169,194,123,165
1,<environment.Job instance at 0x7fcc96654820>,46,18,[7 1],47,165,183,118,165
1,<environment.Job instance at 0x7fcc967875a0>,29,20,[14  3],30,204,224,174,204
1,<environment.Job instance at 0x7fcc963c9960>,2,17,[8 5],3,1170,1187,1167,1170
1,<environment.Job instance at 0x7fcc9721ef00>,16,19,[ 3 14],17,1187,1206,1170,1180
1,<environment.Job instance at 0x7fcc9721edc0>,19,16,[12  3],20,4087,4103,4067,4087
1,<environment.Job instance at 0x7fcca0434e60>,1,15,[4 8],2,2,17,0,2
1,<environment.Job instance at 0x7fcc9721edc0>,3,22,[10  2],4,4,26,0,4
1,<environment.Job instance at 0x7fcca05aa690>,6,14,[5 3],7,17,31,10,7
1,<environment.Job instance at 0x7fcca05aad70>,10,26,[4 7],11,26,52,15,23
1,<environment.Job instance at 0x7fcca05aae60>,7,14,[8 5],8,31,45,23,23
1,<environment.Job instance at 0x7fcca05aac30>,8,22,[9 3],9,45,67,36,38
1,<environment.Job instance at 0x7fcc96592230>,19,18,[ 3 10],20,52,70,32,41
1,<environment.Job instance at 0x7fcc96592a00>,21,19,[8 2],22,67,86,45,57
1,<environment.Job instance at 0x7fcc96592320>,24,16,[8 3],25,86,102,61,73
1,<environment.Job instance at 0x7fcc96592550>,26,22,[9 4],27,102,124,75,95
1,<environment.Job instance at 0x7fcc96df6230>,31,22,[4 8],32,95,117,63,95
1,<environment.Job instance at 0x7fcc96df6af0>,33,16,[2 8],34,117,133,83,104
1,<environment.Job instance at 0x7fcc96df6500>,35,13,[2 5],36,124,137,88,108
1,<environment.Job instance at 0x7fcc96df6dc0>,39,19,[1 8],40,133,152,93,123
1,<environment.Job instance at 0x7fcc96df6140>,40,12,[4 7],41,137,149,96,123
1,<environment.Job instance at 0x7fcc96df6eb0>,44,20,[7 3],45,149,169,104,140
1,<environment.Job instance at 0x7fcc96e02910>,47,17,[6 3],48,149,166,101,140
1,<environment.Job instance at 0x7fcc968574b0>,0,17,[2 8],1,1,18,0,1
1,<environment.Job instance at 0x7fcc96592960>,2,23,[5 7],3,3,26,0,3
1,<environment.Job instance at 0x7fcc979de3c0>,6,15,[5 7],7,18,33,11,9
1,<environment.Job instance at 0x7fcc974dac30>,10,17,[5 4],11,26,43,15,14
1,<environment.Job instance at 0x7fcc974da550>,16,18,[8 1],17,33,51,16,22
1,<environment.Job instance at 0x7fcc974dadc0>,17,13,[7 5],18,43,56,25,27
1,<environment.Job instance at 0x7fcc978b83c0>,22,15,[10  5],23,56,71,33,42
1,<environment.Job instance at 0x7fcc978b85f0>,30,14,[3 6],31,51,65,20,49
1,<environment.Job instance at 0x7fcc978b8f50>,41,16,[4 8],42,65,81,23,52
1,<environment.Job instance at 0x7fcc979dea50>,7,20,[12  3],8,81,101,73,72
1,<environment.Job instance at 0x7fcc96dd80f0>,0,17,[2 6],1,1,18,0,1
1,<environment.Job instance at 0x7fcc97a36410>,3,12,[ 1 10],4,18,30,14,4
1,<environment.Job instance at 0x7fcc97a369b0>,5,14,[9 5],6,6,20,0,6
1,<environment.Job instance at 0x7fcc97a36a50>,8,17,[2 8],9,30,47,21,18
1,<environment.Job instance at 0x7fcc96fcb4b0>,24,20,[2 8],25,47,67,22,38
1,<environment.Job instance at 0x7fcc96fcbe60>,25,14,[11  5],26,38,52,12,38
1,<environment.Job instance at 0x7fcc9771c230>,27,21,[5 9],28,67,88,39,59
1,<environment.Job instance at 0x7fcc9771cb90>,34,15,[6 4],35,59,74,24,59
1,<environment.Job instance at 0x7fcc9771cc30>,38,13,[7 1],39,74,87,35,59
1,<environment.Job instance at 0x7fcc9771c6e0>,39,16,[2 6],40,87,103,47,74
1,<environment.Job instance at 0x7fcc9667dbe0>,44,22,[5 3],45,88,110,43,81
1,<environment.Job instance at 0x7fcc9667dc30>,48,17,[9 1],49,103,120,54,91
1,<environment.Job instance at 0x7fcc97879370>,1,16,[ 1 11],2,103,119,101,91
1,<environment.Job instance at 0x7fcc966ea4b0>,0,12,[ 2 12],1,1,13,0,1
1,<environment.Job instance at 0x7fcc966eaf00>,4,12,[3 5],5,13,25,8,5
1,<environment.Job instance at 0x7fcc974c0500>,5,14,[5 8],6,13,27,7,6
1,<environment.Job instance at 0x7fcc974c0fa0>,6,28,[5 2],7,7,35,0,7
1,<environment.Job instance at 0x7fcc97a8abe0>,15,14,[3 6],16,27,41,11,16
1,<environment.Job instance at 0x7fcc96897640>,18,13,[1 9],19,35,48,16,20
1,<environment.Job instance at 0x7fcc97a8ab90>,19,16,[2 5],20,41,57,21,28
1,<environment.Job instance at 0x7fcc96897a50>,23,14,[1 9],24,48,62,24,33
1,<environment.Job instance at 0x7fcc9797eb40>,25,21,[5 4],26,57,78,31,49
1,<environment.Job instance at 0x7fcca0378e10>,29,12,[2 9],30,62,74,32,49
1,<environment.Job instance at 0x7fcc96c0b190>,30,14,[8 1],31,49,63,18,49
1,<environment.Job instance at 0x7fcc96cc2d70>,37,12,[1 6],38,74,86,36,57
1,<environment.Job instance at 0x7fcc96e45fa0>,39,16,[7 3],40,74,90,34,61
1,<environment.Job instance at 0x7fcc974c0eb0>,11,14,[ 3 11],12,86,100,74,71
1,<environment.Job instance at 0x7fcc977a4f50>,44,17,[2 5],45,100,117,55,88
1,<environment.Job instance at 0x7fcc96effb90>,45,14,[8 2],46,90,104,44,88
1,<environment.Job instance at 0x7fcc977a4a00>,43,27,[11  1],44,104,131,60,102
1,<environment.Job instance at 0x7fcc97a36460>,1,16,[1 8],2,102,118,100,102
1,<environment.Job instance at 0x7fcc97a8ab40>,12,27,[ 3 14],13,8596,8623,8583,8596
1,<environment.Job instance at 0x7fcc974c0640>,9,19,[6 4],10,8624,8643,8614,8624
1,<environment.Job instance at 0x7fcc963c9e60>,1,18,[5 8],2,2,20,0,2
1,<environment.Job instance at 0x7fcc96620eb0>,3,17,[6 1],4,4,21,0,4
1,<environment.Job instance at 0x7fcc965ec780>,5,12,[ 2 10],6,20,32,14,6
1,<environment.Job instance at 0x7fcc965ecc80>,6,15,[9 2],7,21,36,14,7
1,<environment.Job instance at 0x7fcc965ecbe0>,8,17,[7 3],9,36,53,27,24
1,<environment.Job instance at 0x7fcc96602a50>,13,18,[4 7],14,32,50,18,24
1,<environment.Job instance at 0x7fcc96602d70>,16,20,[2 6],17,50,70,33,41
1,<environment.Job instance at 0x7fcc966bfd70>,21,17,[10  4],22,53,70,31,41
1,<environment.Job instance at 0x7fcc965f2690>,23,16,[8 4],24,70,86,46,57
1,<environment.Job instance at 0x7fcc966a9b90>,26,15,[5 7],27,70,85,43,57
1,<environment.Job instance at 0x7fcc9648f3c0>,29,19,[10  1],30,86,105,56,76
1,<environment.Job instance at 0x7fcc966b5a50>,31,18,[9 4],32,105,123,73,94
1,<environment.Job instance at 0x7fcc974c0640>,7,21,[3 9],8,101,122,93,101
1,<environment.Job instance at 0x7fcc965ed780>,36,13,[10  5],37,123,136,86,107
1,<environment.Job instance at 0x7fcc965ed5a0>,39,12,[5 5],40,122,134,82,107
1,<environment.Job instance at 0x7fcc965ed690>,43,21,[4 9],44,134,155,90,126
1,<environment.Job instance at 0x7fcc96655140>,45,15,[7 2],46,136,151,90,132
1,<environment.Job instance at 0x7fcc965edaa0>,37,23,[9 5],38,151,174,113,148
1,<environment.Job instance at 0x7fcc96606c30>,9,18,[11  5],10,174,192,164,165
1,<environment.Job instance at 0x7fcc9662aeb0>,0,21,[9 1],1,192,213,191,184
1,<environment.Job instance at 0x7fcc96c06730>,5,17,[ 5 10],6,6,23,0,6
1,<environment.Job instance at 0x7fcc9647d820>,6,13,[12  1],7,23,36,16,8
1,<environment.Job instance at 0x7fcc9736e6e0>,8,24,[3 9],9,23,47,14,18
1,<environment.Job instance at 0x7fcc9736e500>,12,12,[14  3],13,47,59,34,30
1,<environment.Job instance at 0x7fcc9736cdc0>,17,14,[7 5],18,59,73,41,44
1,<environment.Job instance at 0x7fcc9736e5f0>,10,20,[6 5],11,59,79,48,56
1,<environment.Job instance at 0x7fcc97344b90>,22,14,[9 5],23,73,87,50,58
1,<environment.Job instance at 0x7fcc97362aa0>,34,16,[5 5],35,79,95,44,66
1,<environment.Job instance at 0x7fcc9736ee60>,13,18,[ 5 11],14,95,113,81,84
1,<environment.Job instance at 0x7fcc96c068c0>,9,13,[6 2],10,87,100,77,84
1,<environment.Job instance at 0x7fcc97344d20>,23,19,[11  2],24,113,132,89,103
1,<environment.Job instance at 0x7fcc97362640>,39,21,[14  3],40,132,153,92,124
1,<environment.Job instance at 0x7fcc97362870>,38,18,[1 5],39,127,145,88,127
1,<environment.Job instance at 0x7fcc97362690>,37,19,[5 7],38,153,172,115,144
1,<environment.Job instance at 0x7fcc97362d20>,41,17,[7 4],42,153,170,111,144
1,<environment.Job instance at 0x7fcc97362500>,44,12,[8 2],45,170,182,125,153
1,<environment.Job instance at 0x7fcc973625f0>,43,12,[4 8],44,172,184,128,155
1,<environment.Job instance at 0x7fcc97362960>,42,20,[11  3],43,182,202,139,174
1,<environment.Job instance at 0x7fcc97362230>,40,22,[7 1],41,223,245,182,223
1,<environment.Job instance at 0x7fcc96da7e60>,1,17,[2 7],2,2,19,0,2
1,<environment.Job instance at 0x7fcc96da7870>,2,14,[4 9],3,19,33,16,4
1,<environment.Job instance at 0x7fcc96da78c0>,5,12,[4 8],6,6,18,0,6
1,<environment.Job instance at 0x7fcc96a00050>,15,16,[5 5],16,18,34,2,16
1,<environment.Job instance at 0x7fcc96342b40>,20,14,[ 2 11],21,34,48,13,21
1,<environment.Job instance at 0x7fcc96d74280>,18,13,[8 5],19,48,61,29,33
1,<environment.Job instance at 0x7fcc971313c0>,25,12,[1 9],26,48,60,22,33
1,<environment.Job instance at 0x7fcc968046e0>,26,15,[8 2],27,61,76,34,47
1,<environment.Job instance at 0x7fcc968359b0>,21,16,[6 5],22,60,76,38,47
1,<environment.Job instance at 0x7fcc96611d70>,28,15,[ 5 10],29,76,91,47,62
1,<environment.Job instance at 0x7fcc9768f8c0>,29,12,[ 1 11],30,91,103,61,74
1,<environment.Job instance at 0x7fcc9768f280>,30,28,[3 6],31,103,131,72,102
1,<environment.Job instance at 0x7fcc9768f0a0>,31,13,[6 1],32,102,115,70,102
1,<environment.Job instance at 0x7fcc96331960>,32,13,[1 8],33,103,116,70,102
1,<environment.Job instance at 0x7fcc96d749b0>,19,13,[3 9],20,116,129,96,107
1,<environment.Job instance at 0x7fcc96331780>,33,21,[10  4],34,129,150,95,121
1,<environment.Job instance at 0x7fcc96331d70>,35,13,[ 5 10],36,131,144,95,121
1,<environment.Job instance at 0x7fcc96331dc0>,36,15,[6 1],37,150,165,113,136
1,<environment.Job instance at 0x7fcc963311e0>,37,22,[ 3 10],38,144,166,106,138
1,<environment.Job instance at 0x7fcc96331c80>,38,14,[6 5],39,165,179,126,150
1,<environment.Job instance at 0x7fcc96331870>,39,19,[ 4 10],40,166,185,126,156
1,<environment.Job instance at 0x7fcc96419cd0>,40,12,[1 5],41,179,191,138,162
1,<environment.Job instance at 0x7fcc964198c0>,41,24,[ 4 10],42,185,209,143,180
1,<environment.Job instance at 0x7fcc96419af0>,42,24,[ 2 14],43,209,233,166,204
1,<environment.Job instance at 0x7fcc964197d0>,43,16,[12  2],44,233,249,189,220
1,<environment.Job instance at 0x7fcc96419dc0>,44,15,[ 5 12],45,249,264,204,235
1,<environment.Job instance at 0x7fcc96419640>,45,28,[ 2 11],46,264,292,218,263
1,<environment.Job instance at 0x7fcc96419140>,46,28,[13  3],47,264,292,217,263
1,<environment.Job instance at 0x7fcc975034b0>,47,21,[1 9],48,292,313,244,284
1,<environment.Job instance at 0x7fcc964190f0>,48,23,[13  5],49,292,315,243,286
1,<environment.Job instance at 0x7fcc969fbf00>,0,21,[5 4],1,1,22,0,1
1,<environment.Job instance at 0x7fcc969fb0a0>,1,15,[10  1],2,2,17,0,2
1,<environment.Job instance at 0x7fcc96cf0dc0>,9,14,[6 5],10,17,31,7,10
1,<environment.Job instance at 0x7fcc972c2320>,2,20,[4 5],3,17,37,14,10
1,<environment.Job instance at 0x7fcc96839be0>,10,13,[5 8],11,31,44,20,15
1,<environment.Job instance at 0x7fcc970ee550>,17,13,[7 5],18,37,50,19,21
1,<environment.Job instance at 0x7fcc96d697d0>,22,22,[7 5],23,44,66,21,37
1,<environment.Job instance at 0x7fcc96d0a7d0>,27,13,[10  4],28,66,79,38,50
1,<environment.Job instance at 0x7fcc97610e10>,30,15,[10  4],31,79,94,48,65
1,<environment.Job instance at 0x7fcc96d184b0>,31,13,[ 4 10],32,65,78,33,65
1,<environment.Job instance at 0x7fcc96cd8be0>,32,17,[3 9],33,78,95,45,66
1,<environment.Job instance at 0x7fcc978b8730>,37,12,[5 1],38,94,106,56,77
1,<environment.Job instance at 0x7fcc970eed20>,15,12,[ 4 13],16,95,107,79,78
1,<environment.Job instance at 0x7fcc970ee640>,18,13,[1 8],19,107,120,88,91
1,<environment.Job instance at 0x7fcc9791ff00>,47,20,[ 2 10],48,120,140,72,111
1,<environment.Job instance at 0x7fcc962b5eb0>,48,28,[12  3],49,114,142,65,114
1,<environment.Job instance at 0x7fcc970eebe0>,14,23,[8 4],15,142,165,127,136
1,<environment.Job instance at 0x7fcc9ffbc190>,44,18,[11  3],45,165,183,120,154
1,<environment.Job instance at 0x7fcc968a8640>,3,18,[6 5],4,4,22,0,4
1,<environment.Job instance at 0x7fcc97696af0>,7,15,[11  5],8,22,37,14,8
1,<environment.Job instance at 0x7fcc976963c0>,8,12,[1 7],9,9,21,0,9
1,<environment.Job instance at 0x7fcc97696460>,13,25,[12  1],14,37,62,23,34
1,<environment.Job instance at 0x7fcc9ffbc190>,12,18,[5 8],13,62,80,49,51
1,<environment.Job instance at 0x7fcc97696a50>,17,18,[6 5],18,62,80,44,51
1,<environment.Job instance at 0x7fcc97696690>,18,17,[9 4],19,80,97,61,68
1,<environment.Job instance at 0x7fcc97696320>,21,18,[5 7],22,80,98,58,75
1,<environment.Job instance at 0x7fcc976969b0>,22,15,[6 2],23,97,112,74,83
1,<environment.Job instance at 0x7fcc97696aa0>,15,16,[ 1 13],16,98,114,82,85
1,<environment.Job instance at 0x7fcc9695d550>,30,19,[5 6],31,114,133,83,106
1,<environment.Job instance at 0x7fcc9ffe8960>,0,23,[8 4],1,117,140,116,117
1,<environment.Job instance at 0x7fcc9695dbe0>,42,14,[6 2],43,133,147,90,118
1,<environment.Job instance at 0x7fcc96a881e0>,46,15,[5 7],47,140,155,93,126
1,<environment.Job instance at 0x7fcc9695d2d0>,41,16,[ 2 13],42,413,429,371,413
1,<environment.Job instance at 0x7fcc96b8f690>,0,18,[5 2],1,1,19,0,1
1,<environment.Job instance at 0x7fcc97696f00>,2,14,[8 3],3,3,17,0,3
1,<environment.Job instance at 0x7fcc96419eb0>,4,23,[2 6],5,5,28,0,5
1,<environment.Job instance at 0x7fcc979233c0>,5,21,[2 8],6,19,40,13,11
1,<environment.Job instance at 0x7fcc976960f0>,1,20,[3 7],2,28,48,26,19
1,<environment.Job instance at 0x7fcc979230a0>,10,22,[2 7],11,40,62,29,33
1,<environment.Job instance at 0x7fcc979235f0>,11,22,[8 1],12,42,64,30,42
1,<environment.Job instance at 0x7fcc97923820>,14,15,[5 8],15,62,77,47,48
1,<environment.Job instance at 0x7fcc97923e60>,15,15,[4 9],16,77,92,61,63
1,<environment.Job instance at 0x7fcc97923050>,13,20,[8 2],14,72,92,58,72
1,<environment.Job instance at 0x7fcc97923b90>,16,16,[ 3 11],17,92,108,75,79
1,<environment.Job instance at 0x7fcc971164b0>,20,13,[3 5],21,108,121,87,92
1,<environment.Job instance at 0x7fcc971165f0>,18,16,[11  5],19,108,124,89,97
1,<environment.Job instance at 0x7fcc979234b0>,7,14,[ 2 11],8,124,138,116,109
1,<environment.Job instance at 0x7fcc97a8a140>,39,27,[5 1],40,124,151,84,122
1,<environment.Job instance at 0x7fcc97a8a370>,38,14,[14  2],39,151,165,112,136
1,<environment.Job instance at 0x7fcc97a8a320>,41,23,[3 9],42,165,188,123,159
1,<environment.Job instance at 0x7fcc97a8a5f0>,42,19,[5 3],43,165,184,122,159
1,<environment.Job instance at 0x7fcc97a8a410>,43,12,[14  4],44,188,200,144,171
1,<environment.Job instance at 0x7fcc97a8a2d0>,44,21,[6 4],45,200,221,155,192
1,<environment.Job instance at 0x7fcc97a8ad20>,45,26,[7 5],46,200,226,154,197
1,<environment.Job instance at 0x7fcc97a8abe0>,37,18,[9 1],38,226,244,188,215
1,<environment.Job instance at 0x7fcc97a8ac30>,47,14,[8 2],48,244,258,196,229
1,<environment.Job instance at 0x7fcc97a8ad70>,48,13,[5 3],49,229,242,180,229
1,<environment.Job instance at 0x7fcc97a8a3c0>,46,17,[ 3 14],47,258,275,211,246
1,<environment.Job instance at 0x7fcc978afd20>,5,14,[4 7],6,6,20,0,6
1,<environment.Job instance at 0x7fcc978afb90>,6,16,[9 4],7,7,23,0,7
1,<environment.Job instance at 0x7fcc978afb40>,8,14,[ 2 10],9,20,34,11,9
1,<environment.Job instance at 0x7fcc968340f0>,11,18,[5 5],12,23,41,11,14
1,<environment.Job instance at 0x7fcc97843280>,16,18,[1 5],17,34,52,17,23
1,<environment.Job instance at 0x7fcc96841d20>,17,18,[9 5],18,34,52,16,28
1,<environment.Job instance at 0x7fcc978432d0>,18,19,[4 5],19,41,60,22,31
1,<environment.Job instance at 0x7fcc978ad6e0>,24,13,[5 5],25,52,65,27,36
1,<environment.Job instance at 0x7fcc978b2e60>,26,16,[8 3],27,60,76,33,47
1,<environment.Job instance at 0x7fcc968344b0>,13,17,[ 3 13],14,76,93,62,64
1,<environment.Job instance at 0x7fcc96df1aa0>,33,18,[5 5],34,93,111,59,82
1,<environment.Job instance at 0x7fcc96335730>,34,20,[5 9],35,93,113,58,85
1,<environment.Job instance at 0x7fcc963354b0>,37,14,[5 1],38,85,99,47,85
1,<environment.Job instance at 0x7fcc96343fa0>,42,14,[9 1],43,111,125,68,98
1,<environment.Job instance at 0x7fcc96834af0>,12,16,[5 5],13,113,129,100,102
1,<environment.Job instance at 0x7fcc96343140>,43,12,[7 1],44,125,137,81,108
1,<environment.Job instance at 0x7fcc96343eb0>,47,15,[6 2],48,129,144,81,115
1,<environment.Job instance at 0x7fcc96343820>,48,17,[7 4],49,137,154,88,126
1,<environment.Job instance at 0x7fcc96343d70>,44,18,[8 3],45,144,162,99,133
1,<environment.Job instance at 0x7fcc96834230>,10,16,[ 3 10],11,154,170,143,152
1,<environment.Job instance at 0x7fcc96855e10>,0,17,[14  2],1,170,187,169,158
1,<environment.Job instance at 0x7fcc9794cfa0>,0,12,[11  2],1,1,13,0,1
1,<environment.Job instance at 0x7fcc9794c460>,1,17,[3 5],2,2,19,0,2
1,<environment.Job instance at 0x7fcc965a8410>,3,14,[6 1],4,13,27,9,4
1,<environment.Job instance at 0x7fcc96a0dd70>,2,16,[ 3 13],3,19,35,16,6
1,<environment.Job instance at 0x7fcc967baf50>,10,14,[2 5],11,35,49,24,20
1,<environment.Job instance at 0x7fcc967e1be0>,7,13,[9 5],8,35,48,27,20
1,<environment.Job instance at 0x7fcc967d82d0>,6,27,[3 5],7,35,62,28,33
1,<environment.Job instance at 0x7fcc967ba410>,8,16,[3 6],9,49,65,40,36
1,<environment.Job instance at 0x7fcc967ba550>,14,17,[10  4],15,62,79,47,50
1,<environment.Job instance at 0x7fcc967bb1e0>,18,14,[2 7],19,65,79,46,50
1,<environment.Job instance at 0x7fcc967bb730>,19,20,[1 7],20,79,99,59,72
1,<environment.Job instance at 0x7fcc967bb550>,20,14,[3 7],21,79,93,58,72
1,<environment.Job instance at 0x7fcc967b3eb0>,21,20,[9 4],22,93,113,71,85
1,<environment.Job instance at 0x7fcc967b3b90>,27,21,[5 9],28,99,120,71,97
1,<environment.Job instance at 0x7fcc967b3050>,29,12,[5 7],30,120,132,90,103
1,<environment.Job instance at 0x7fcc967b31e0>,31,20,[7 4],32,113,133,81,104
1,<environment.Job instance at 0x7fcc967ada50>,35,18,[1 6],36,132,150,96,121
1,<environment.Job instance at 0x7fcc967adb40>,36,15,[6 1],37,132,147,95,121
1,<environment.Job instance at 0x7fcc967ad7d0>,37,17,[5 7],38,133,150,95,121
1,<environment.Job instance at 0x7fcc967ad690>,38,17,[5 5],39,150,167,111,138
1,<environment.Job instance at 0x7fcc967add20>,39,17,[4 6],40,150,167,110,138
1,<environment.Job instance at 0x7fcc967adaf0>,40,13,[3 8],41,167,180,126,151
1,<environment.Job instance at 0x7fcc967d78c0>,42,17,[1 8],43,180,197,137,168
1,<environment.Job instance at 0x7fcc967d7460>,44,17,[1 9],45,197,214,152,185
1,<environment.Job instance at 0x7fcc967d75a0>,46,13,[9 2],47,185,198,138,185
1,<environment.Job instance at 0x7fcc967ba730>,13,28,[ 2 12],14,214,242,200,213
1,<environment.Job instance at 0x7fcc967caaf0>,1,16,[6 3],2,2,18,0,2
1,<environment.Job instance at 0x7fcc967cad20>,6,21,[8 1],7,7,28,0,7
1,<environment.Job instance at 0x7fcc967ca960>,12,23,[4 7],13,18,41,5,13
1,<environment.Job instance at 0x7fcc967caf50>,10,18,[10  5],11,28,46,17,17
1,<environment.Job instance at 0x7fcc967ca7d0>,14,18,[10  1],15,46,64,31,35
1,<environment.Job instance at 0x7fcc967ca2d0>,16,15,[9 4],17,64,79,47,50
1,<environment.Job instance at 0x7fcc9692dc80>,17,21,[4 6],18,50,71,32,50
1,<environment.Job instance at 0x7fcc9692de60>,18,14,[5 7],19,71,85,52,56
1,<environment.Job instance at 0x7fcc9692d9b0>,26,20,[5 7],27,79,99,52,70
1,<environment.Job instance at 0x7fcc9692da50>,27,16,[4 8],28,85,101,57,72
1,<environment.Job instance at 0x7fcc9692daa0>,29,15,[2 8],30,101,116,71,87
1,<environment.Job instance at 0x7fcc96ce5e10>,34,16,[10  5],35,99,115,64,89
1,<environment.Job instance at 0x7fcc96ce55a0>,36,16,[1 7],37,115,131,78,102
1,<environment.Job instance at 0x7fcc96ce5960>,37,22,[2 7],38,116,138,78,109
1,<environment.Job instance at 0x7fcc96ce5690>,42,16,[9 4],43,131,147,88,118
1,<environment.Job instance at 0x7fcc96ce52d0>,43,13,[8 2],44,147,160,103,131
1,<environment.Job instance at 0x7fcc967cadc0>,0,25,[ 4 14],1,160,185,159,157
1,<environment.Job instance at 0x7fcc97a84730>,4,19,[2 9],5,5,24,0,5
1,<environment.Job instance at 0x7fcc97a844b0>,5,19,[7 3],6,6,25,0,6
1,<environment.Job instance at 0x7fcc96336140>,11,14,[ 4 10],12,24,38,12,12
1,<environment.Job instance at 0x7fcc963368c0>,12,15,[4 8],13,38,53,25,24
1,<environment.Job instance at 0x7fcc96336af0>,17,17,[ 1 10],18,53,70,35,41
1,<environment.Job instance at 0x7fcc96336500>,20,22,[8 3],21,41,63,20,41
1,<environment.Job instance at 0x7fcc962ae820>,23,21,[9 1],24,63,84,39,56
1,<environment.Job instance at 0x7fcc96c4b690>,25,16,[1 7],26,70,86,44,57
1,<environment.Job instance at 0x7fcc97817cd0>,34,15,[2 5],35,70,85,35,57
1,<environment.Job instance at 0x7fcc97817870>,35,18,[9 5],36,85,103,49,74
1,<environment.Job instance at 0x7fcc967895f0>,39,15,[7 1],40,103,118,63,89
1,<environment.Job instance at 0x7fcc96789410>,40,17,[2 6],41,89,106,48,89
1,<environment.Job instance at 0x7fcc96583050>,43,22,[5 3],44,103,125,59,96
1,<environment.Job instance at 0x7fcc97a84640>,9,18,[3 8],10,106,124,96,98
1,<environment.Job instance at 0x7fcc97a84870>,7,18,[2 7],8,891,909,883,891
1,<environment.Job instance at 0x7fcc97a84050>,0,23,[13  2],1,892,915,891,892
1,<environment.Job instance at 0x7fa02f95b5f0>,1,15,[5 2],2,2,17,0,2
1,<environment.Job instance at 0x7fa026374280>,5,18,[7 5],6,6,24,0,6
1,<environment.Job instance at 0x7fa026374460>,7,12,[7 2],8,17,29,9,8
1,<environment.Job instance at 0x7fa0263745f0>,9,17,[8 1],10,24,41,14,12
1,<environment.Job instance at 0x7fa0263745a0>,12,22,[4 6],13,29,51,16,22
1,<environment.Job instance at 0x7fa026374c30>,18,18,[3 6],19,29,47,10,22
1,<environment.Job instance at 0x7fa026374d70>,20,18,[7 5],21,47,65,26,36
1,<environment.Job instance at 0x7fa0263748c0>,23,18,[7 4],24,51,69,27,40
1,<environment.Job instance at 0x7fa026376230>,26,20,[4 8],27,65,85,38,56
1,<environment.Job instance at 0x7fa026376370>,28,20,[5 8],29,85,105,56,76
1,<environment.Job instance at 0x7fa0263764b0>,30,15,[8 2],31,76,91,45,76
1,<environment.Job instance at 0x7fa026376550>,31,13,[4 5],32,91,104,59,76
1,<environment.Job instance at 0x7fa026376690>,33,16,[9 3],34,104,120,70,91
1,<environment.Job instance at 0x7fa026376730>,34,20,[5 3],35,105,125,70,96
1,<environment.Job instance at 0x7fa026376140>,37,22,[2 5],38,120,142,82,113
1,<environment.Job instance at 0x7fa026376aa0>,39,13,[5 4],40,120,133,80,113
1,<environment.Job instance at 0x7fa0263769b0>,40,19,[ 3 10],41,133,152,92,123
1,<environment.Job instance at 0x7fa026376b90>,43,14,[6 1],44,142,156,98,127
1,<environment.Job instance at 0x7fa026376d20>,44,14,[8 4],45,152,166,107,137
1,<environment.Job instance at 0x7fa026376f50>,47,16,[6 2],48,156,172,108,143
1,<environment.Job instance at 0x7fa02637a050>,49,23,[2 6],50,166,189,116,160
1,<environment.Job instance at 0x7fa02637a320>,53,22,[9 5],54,172,194,118,167
1,<environment.Job instance at 0x7fa02637a460>,55,15,[6 2],56,189,204,133,175
1,<environment.Job instance at 0x7fa02637a5f0>,56,13,[10  1],57,204,217,147,188
1,<environment.Job instance at 0x7fa02637a6e0>,57,22,[6 5],58,217,239,159,210
1,<environment.Job instance at 0x7fa02f95b460>,0,24,[2 8],1,210,234,209,210
1,<environment.Job instance at 0x7fa026374050>,2,26,[10  1],3,252,278,249,252
1,<environment.Job instance at 0x7fa0263743c0>,10,14,[ 1 14],11,257,271,246,257
1,<environment.Job instance at 0x7fa026374730>,11,14,[10  4],12,2381,2395,2369,2381
1,<environment.Job instance at 0x7fa02637a7d0>,1,14,[ 2 10],2,2,16,0,2
1,<environment.Job instance at 0x7fa025aaafa0>,4,20,[11  1],5,7,27,2,7
1,<environment.Job instance at 0x7fa025a91c30>,7,13,[3 5],8,16,29,8,8
1,<environment.Job instance at 0x7fa025aaa910>,0,23,[5 7],1,27,50,26,21
1,<environment.Job instance at 0x7fa025a91320>,12,18,[5 5],13,29,47,16,22
1,<environment.Job instance at 0x7fa025ab1eb0>,11,13,[7 2],12,47,60,35,31
1,<environment.Job instance at 0x7fa025ab1780>,14,14,[9 1],15,60,74,45,45
1,<environment.Job instance at 0x7fa025ab1500>,16,18,[ 2 10],17,50,68,33,45
1,<environment.Job instance at 0x7fa025ab1320>,17,19,[14  1],18,74,93,56,64
1,<environment.Job instance at 0x7fa025ab11e0>,18,13,[1 5],19,68,81,49,64
1,<environment.Job instance at 0x7fa025ab1140>,19,15,[4 7],20,93,108,73,79
1,<environment.Job instance at 0x7fa025ab1640>,15,19,[8 3],16,93,112,77,83
1,<environment.Job instance at 0x7fa025ab3460>,21,17,[2 7],22,108,125,86,96
1,<environment.Job instance at 0x7fa025ab31e0>,27,17,[7 4],28,112,129,84,100
1,<environment.Job instance at 0x7fa025a915a0>,9,26,[5 4],10,111,137,101,111
1,<environment.Job instance at 0x7fa025ab5c30>,39,14,[6 1],40,129,143,89,115
1,<environment.Job instance at 0x7fa025ab1280>,20,19,[8 4],21,137,156,116,134
1,<environment.Job instance at 0x7fa025ab5cd0>,42,12,[10  1],43,156,168,113,140
1,<environment.Job instance at 0x7fa025aaa190>,10,22,[5 6],11,148,170,137,148
1,<environment.Job instance at 0x7fa025ab5a50>,38,20,[10  4],39,168,188,129,159
1,<environment.Job instance at 0x7fa02fb47b40>,47,17,[5 6],48,170,187,122,159
1,<environment.Job instance at 0x7fa025988730>,50,15,[2 6],51,187,202,136,173
1,<environment.Job instance at 0x7fa0259fb140>,54,20,[5 7],55,188,208,133,179
1,<environment.Job instance at 0x7fa0259f2eb0>,57,21,[1 6],58,202,223,144,194
1,<environment.Job instance at 0x7fa025ab1a00>,13,27,[8 2],14,1471,1498,1457,1471
1,<environment.Job instance at 0x7fa025ab50f0>,44,19,[11  3],45,4310,4329,4265,4310
1,<environment.Job instance at 0x7fa0259ef730>,3,16,[1 8],4,4,20,0,4
1,<environment.Job instance at 0x7fa0259ef960>,5,18,[11  5],6,6,24,0,6
1,<environment.Job instance at 0x7fa0259ef190>,8,19,[1 9],9,20,39,11,10
1,<environment.Job instance at 0x7fa0259ef550>,0,15,[9 2],1,24,39,23,15
1,<environment.Job instance at 0x7fa0259ef0f0>,12,27,[5 4],13,24,51,11,24
1,<environment.Job instance at 0x7fa0259efd70>,9,19,[4 7],10,39,58,29,29
1,<environment.Job instance at 0x7fa02599f7d0>,15,16,[5 2],16,39,55,23,29
1,<environment.Job instance at 0x7fa02599f1e0>,22,18,[10  5],23,55,73,32,44
1,<environment.Job instance at 0x7fa0259600a0>,30,15,[6 2],31,73,88,42,59
1,<environment.Job instance at 0x7fa025960050>,31,15,[6 2],32,73,88,41,59
1,<environment.Job instance at 0x7fa025960dc0>,35,13,[2 6],36,59,72,23,59
1,<environment.Job instance at 0x7fa025960e60>,37,16,[6 2],38,88,104,50,75
1,<environment.Job instance at 0x7fa02595bcd0>,40,15,[8 3],41,88,103,47,75
1,<environment.Job instance at 0x7fa02595b7d0>,47,13,[4 5],48,103,116,55,87
1,<environment.Job instance at 0x7fa02595b8c0>,51,18,[ 4 10],52,104,122,52,93
1,<environment.Job instance at 0x7fa02595b0f0>,52,22,[6 4],53,116,138,63,109
1,<environment.Job instance at 0x7fa02595be60>,53,16,[7 1],54,122,138,68,109
1,<environment.Job instance at 0x7fa0259ef050>,14,22,[2 9],15,122,144,107,115
1,<environment.Job instance at 0x7fa025957870>,55,14,[11  3],56,138,152,82,123
1,<environment.Job instance at 0x7fa025957d20>,57,18,[10  1],58,152,170,94,141
1,<environment.Job instance at 0x7fa0259ef2d0>,13,18,[13  4],14,514,532,500,514
1,<environment.Job instance at 0x7fa0259eff50>,10,21,[4 6],11,4668,4689,4657,4668
1,<environment.Job instance at 0x7fa0259c0640>,1,13,[ 4 10],2,2,15,0,2
1,<environment.Job instance at 0x7fa0259c0a00>,2,14,[4 7],3,15,29,12,3
1,<environment.Job instance at 0x7fa025adfd70>,7,22,[1 7],8,15,37,7,8
1,<environment.Job instance at 0x7fa025c888c0>,8,28,[ 4 13],9,37,65,28,36
1,<environment.Job instance at 0x7fa025e9fdc0>,19,16,[ 3 12],20,65,81,45,52
1,<environment.Job instance at 0x7fa025b08f00>,20,23,[5 8],21,81,104,60,75
1,<environment.Job instance at 0x7fa025b080f0>,21,21,[ 4 11],22,104,125,82,96
1,<environment.Job instance at 0x7fa025b08b40>,22,20,[ 3 12],23,125,145,102,116
1,<environment.Job instance at 0x7fa025b08d70>,23,23,[10  3],24,118,141,94,118
1,<environment.Job instance at 0x7fa025b08690>,24,28,[3 8],25,145,173,120,144
1,<environment.Job instance at 0x7fa025b082d0>,25,24,[12  1],26,144,168,118,144
1,<environment.Job instance at 0x7fa025b08c80>,26,14,[11  2],27,168,182,141,153
1,<environment.Job instance at 0x7fa025b081e0>,27,27,[5 3],28,182,209,154,180
1,<environment.Job instance at 0x7fa025adf870>,4,12,[ 2 11],5,180,192,175,180
1,<environment.Job instance at 0x7fa025b08a50>,28,17,[10  2],29,192,209,163,180
1,<environment.Job instance at 0x7fa025b08410>,30,13,[11  1],31,209,222,178,193
1,<environment.Job instance at 0x7fa025960fa0>,31,27,[14  2],32,222,249,190,220
1,<environment.Job instance at 0x7fa025960cd0>,32,25,[13  2],33,249,274,216,245
1,<environment.Job instance at 0x7fa025960b40>,33,21,[ 4 12],34,274,295,240,266
1,<environment.Job instance at 0x7fa025e9ff00>,18,17,[10  5],19,295,312,276,283
1,<environment.Job instance at 0x7fa025960c30>,34,17,[2 9],35,295,312,260,283
1,<environment.Job instance at 0x7fa025960820>,37,12,[11  1],38,283,295,245,283
1,<environment.Job instance at 0x7fa025960730>,38,13,[ 5 13],39,312,325,273,296
1,<environment.Job instance at 0x7fa0259606e0>,39,17,[2 8],40,325,342,285,313
1,<environment.Job instance at 0x7fa025960be0>,40,12,[5 9],41,342,354,301,325
1,<environment.Job instance at 0x7fa025960500>,41,14,[2 9],42,354,368,312,339
1,<environment.Job instance at 0x7fa025960550>,42,20,[5 7],43,368,388,325,359
1,<environment.Job instance at 0x7fa0259604b0>,43,15,[5 9],44,388,403,344,374
1,<environment.Job instance at 0x7fa025adff50>,6,24,[8 2],7,378,402,371,378
1,<environment.Job instance at 0x7fa025960a50>,44,28,[4 8],45,403,431,358,402
1,<environment.Job instance at 0x7fa025b08500>,29,17,[ 5 11],30,6076,6093,6046,6076
1,<environment.Job instance at 0x7fa02616c2d0>,3,18,[8 5],4,4,22,0,4
1,<environment.Job instance at 0x7fa02616ccd0>,5,15,[11  2],6,22,37,16,8
1,<environment.Job instance at 0x7fa02616caf0>,10,17,[2 6],11,13,30,2,13
1,<environment.Job instance at 0x7fa026176f00>,14,19,[10  4],15,37,56,22,27
1,<environment.Job instance at 0x7fa026176780>,18,17,[1 7],19,27,44,8,27
1,<environment.Job instance at 0x7fa026176460>,20,12,[6 2],21,56,68,35,39
1,<environment.Job instance at 0x7fa026164960>,24,12,[1 8],25,44,56,19,39
1,<environment.Job instance at 0x7fa02616cb40>,11,16,[ 2 13],12,56,72,44,45
1,<environment.Job instance at 0x7fa0261706e0>,28,13,[3 5],29,72,85,43,56
1,<environment.Job instance at 0x7fa02616ca50>,12,17,[8 5],13,72,89,59,62
1,<environment.Job instance at 0x7fa026e9fe10>,32,14,[3 5],33,72,86,39,62
1,<environment.Job instance at 0x7fa025d9a0f0>,33,21,[5 1],34,86,107,52,78
1,<environment.Job instance at 0x7fa026170f00>,26,19,[ 3 14],27,89,108,62,79
1,<environment.Job instance at 0x7fa025d858c0>,36,18,[4 9],37,108,126,71,97
1,<environment.Job instance at 0x7fa025d85140>,35,20,[5 5],36,108,128,72,101
1,<environment.Job instance at 0x7fa025d85af0>,37,20,[3 7],38,126,146,88,121
1,<environment.Job instance at 0x7fa0260838c0>,49,16,[7 2],50,126,142,76,121
1,<environment.Job instance at 0x7fa02616c0a0>,9,21,[6 4],10,142,163,132,138
1,<environment.Job instance at 0x7fa02605ae10>,52,12,[2 7],53,146,158,93,138
1,<environment.Job instance at 0x7fa0267b62d0>,53,24,[2 7],54,158,182,104,153
1,<environment.Job instance at 0x7fa02605f0a0>,57,26,[7 1],58,153,179,95,153
1,<environment.Job instance at 0x7fa02605f820>,56,18,[7 1],57,179,197,122,168
1,<environment.Job instance at 0x7fa0259368c0>,0,24,[11  3],1,197,221,196,192
1,<environment.Job instance at 0x7fa026156550>,1,15,[4 8],2,2,17,0,2
1,<environment.Job instance at 0x7fa026156410>,3,22,[10  2],4,4,26,0,4
1,<environment.Job instance at 0x7fa0261e95f0>,6,14,[5 3],7,17,31,10,7
1,<environment.Job instance at 0x7fa0261e9cd0>,10,26,[4 7],11,26,52,15,23
1,<environment.Job instance at 0x7fa0261e96e0>,7,14,[8 5],8,31,45,23,23
1,<environment.Job instance at 0x7fa026156780>,8,22,[9 3],9,45,67,36,38
1,<environment.Job instance at 0x7fa0261e9690>,19,18,[ 3 10],20,52,70,32,41
1,<environment.Job instance at 0x7fa0261e9a50>,20,14,[7 2],21,67,81,46,52
1,<environment.Job instance at 0x7fa0261c95f0>,21,19,[8 2],22,70,89,48,60
1,<environment.Job instance at 0x7fa0261c9910>,24,16,[8 3],25,89,105,64,76
1,<environment.Job instance at 0x7fa0261c9500>,26,22,[9 4],27,105,127,78,98
1,<environment.Job instance at 0x7fa0261c9190>,31,22,[4 8],32,98,120,66,98
1,<environment.Job instance at 0x7fa0261c99b0>,33,16,[2 8],34,120,136,86,107
1,<environment.Job instance at 0x7fa0261e88c0>,35,13,[2 5],36,127,140,91,111
1,<environment.Job instance at 0x7fa0261e8820>,39,19,[1 8],40,136,155,96,126
1,<environment.Job instance at 0x7fa0261e8410>,40,12,[4 7],41,140,152,99,126
1,<environment.Job instance at 0x7fa0261e8050>,44,20,[7 3],45,152,172,107,143
1,<environment.Job instance at 0x7fa0261f78c0>,47,17,[6 3],48,152,169,104,143
1,<environment.Job instance at 0x7fa0261f7b90>,50,17,[2 8],51,155,172,104,143
1,<environment.Job instance at 0x7fa0261f74b0>,56,15,[5 7],57,172,187,115,158
1,<environment.Job instance at 0x7fa025ddaa00>,0,17,[5 4],1,1,18,0,1
1,<environment.Job instance at 0x7fa025b75d20>,3,14,[4 9],4,4,18,0,4
1,<environment.Job instance at 0x7fa025b75c30>,4,12,[8 2],5,18,30,13,5
1,<environment.Job instance at 0x7fa025960c80>,7,13,[7 5],8,18,31,10,8
1,<environment.Job instance at 0x7fa025b4e230>,8,13,[1 7],9,30,43,21,14
1,<environment.Job instance at 0x7fa025b4e370>,12,15,[10  5],13,31,46,18,20
1,<environment.Job instance at 0x7fa025b4e1e0>,10,12,[ 1 14],11,46,58,35,29
1,<environment.Job instance at 0x7fa025b75e10>,9,20,[11  1],10,46,66,36,37
1,<environment.Job instance at 0x7fa025b4e280>,14,19,[3 9],15,58,77,43,48
1,<environment.Job instance at 0x7fa025b4e6e0>,18,15,[4 9],19,77,92,58,63
1,<environment.Job instance at 0x7fa025b4e820>,20,14,[3 6],21,66,80,45,63
1,<environment.Job instance at 0x7fa025b4e960>,23,21,[8 2],24,80,101,56,74
1,<environment.Job instance at 0x7fa025b4eb90>,25,12,[9 3],26,101,113,75,84
1,<environment.Job instance at 0x7fa025b4e5a0>,16,16,[ 4 11],17,92,108,75,86
1,<environment.Job instance at 0x7fa025b44050>,32,12,[9 1],33,113,125,80,96
1,<environment.Job instance at 0x7fa025b4ef00>,31,16,[4 8],32,108,124,76,96
1,<environment.Job instance at 0x7fa025b441e0>,34,22,[7 4],35,125,147,90,118
1,<environment.Job instance at 0x7fa025b44320>,36,12,[5 4],37,124,136,87,118
1,<environment.Job instance at 0x7fa025b444b0>,40,17,[2 6],41,125,142,84,118
1,<environment.Job instance at 0x7fa025b44690>,43,12,[ 1 10],44,142,154,98,125
1,<environment.Job instance at 0x7fa025b449b0>,45,14,[9 5],46,147,161,101,132
1,<environment.Job instance at 0x7fa025b44be0>,48,17,[2 8],49,154,171,105,142
1,<environment.Job instance at 0x7fa025b44dc0>,50,16,[ 1 10],51,171,187,120,158
1,<environment.Job instance at 0x7fa025b75f00>,6,18,[8 1],7,172,190,165,172
1,<environment.Job instance at 0x7fa025b440f0>,33,21,[3 9],34,187,208,153,186
1,<environment.Job instance at 0x7fa025dda9b0>,1,27,[12  2],2,203,230,201,203
1,<environment.Job instance at 0x7fa02646da00>,2,23,[2 8],3,3,26,0,3
1,<environment.Job instance at 0x7fa02646d230>,3,16,[11  1],4,4,20,0,4
1,<environment.Job instance at 0x7fa025dda9b0>,5,14,[11  5],6,20,34,14,6
1,<environment.Job instance at 0x7fa0265f6870>,14,15,[6 4],15,34,49,19,20
1,<environment.Job instance at 0x7fa0265f68c0>,18,13,[7 1],19,34,47,15,20
1,<environment.Job instance at 0x7fa0265f6280>,19,16,[2 6],20,26,42,6,20
1,<environment.Job instance at 0x7fa0259c0910>,24,22,[5 3],25,47,69,22,40
1,<environment.Job instance at 0x7fa0259c0730>,28,17,[9 1],29,49,66,20,40
1,<environment.Job instance at 0x7fa0259c03c0>,31,16,[1 8],32,42,58,10,40
1,<environment.Job instance at 0x7fa0259c0690>,34,12,[3 5],35,66,78,31,49
1,<environment.Job instance at 0x7fa0259c05f0>,35,14,[5 8],36,69,83,33,54
1,<environment.Job instance at 0x7fa0259c04b0>,39,19,[6 4],40,78,97,38,68
1,<environment.Job instance at 0x7fa0265f60a0>,7,21,[5 9],8,83,104,75,75
1,<environment.Job instance at 0x7fa02687f0f0>,40,22,[5 6],41,97,119,56,90
1,<environment.Job instance at 0x7fa026bcd870>,45,14,[3 6],46,104,118,58,90
1,<environment.Job instance at 0x7fa026bcd9b0>,48,13,[1 9],49,118,131,69,102
1,<environment.Job instance at 0x7fa026bcd550>,49,16,[2 5],50,119,135,69,106
1,<environment.Job instance at 0x7fa026bcdc80>,53,14,[1 9],54,131,145,77,116
1,<environment.Job instance at 0x7fa0263ae280>,55,21,[5 4],56,135,156,79,127
1,<environment.Job instance at 0x7fa02687f780>,41,14,[ 3 11],42,145,159,103,130
1,<environment.Job instance at 0x7fa025b70320>,0,20,[12  3],1,3664,3684,3663,3664
1,<environment.Job instance at 0x7fa02646daa0>,4,20,[2 8],5,3786,3806,3781,3786
1,<environment.Job instance at 0x7fa0261e1aa0>,0,14,[8 1],1,1,15,0,1
1,<environment.Job instance at 0x7fa0261e1c80>,2,23,[9 3],3,15,38,12,9
1,<environment.Job instance at 0x7fa026e9c5f0>,7,12,[1 6],8,15,27,7,15
1,<environment.Job instance at 0x7fa026e9cdc0>,12,14,[ 4 10],13,27,41,14,22
1,<environment.Job instance at 0x7fa026e9c230>,14,17,[2 5],15,38,55,23,26
1,<environment.Job instance at 0x7fa026e9ccd0>,15,14,[8 2],16,41,55,25,31
1,<environment.Job instance at 0x7fa026e9c5a0>,10,27,[ 4 10],11,55,82,44,53
1,<environment.Job instance at 0x7fa026e9cc30>,9,16,[7 3],10,57,73,47,57
1,<environment.Job instance at 0x7fa026e9c2d0>,23,17,[6 1],24,73,90,49,68
1,<environment.Job instance at 0x7fa026e9c6e0>,20,21,[9 1],21,82,103,61,74
1,<environment.Job instance at 0x7fa026aeacd0>,26,15,[9 2],27,103,118,76,89
1,<environment.Job instance at 0x7fa026aea0a0>,27,21,[3 9],28,90,111,62,89
1,<environment.Job instance at 0x7fa026aeabe0>,28,17,[7 3],29,118,135,89,106
1,<environment.Job instance at 0x7fa026aea8c0>,33,18,[4 7],34,111,129,77,106
1,<environment.Job instance at 0x7fa026aeaaa0>,36,20,[2 6],37,129,149,92,120
1,<environment.Job instance at 0x7fa026aea870>,41,17,[10  4],42,135,152,93,123
1,<environment.Job instance at 0x7fa026aeab40>,43,16,[8 4],44,152,168,108,139
1,<environment.Job instance at 0x7fa026aeac30>,46,15,[5 7],47,149,164,102,139
1,<environment.Job instance at 0x7fa026108be0>,49,19,[10  1],50,168,187,118,158
1,<environment.Job instance at 0x7fa026e9c7d0>,21,18,[5 8],22,164,182,142,162
1,<environment.Job instance at 0x7fa026108550>,51,18,[9 4],52,187,205,135,176
1,<environment.Job instance at 0x7fa026108b90>,56,13,[10  5],57,205,218,148,189
1,<environment.Job instance at 0x7fa0261e1eb0>,8,14,[ 1 13],9,1576,1590,1567,1576
1,<environment.Job instance at 0x7fa0261e16e0>,1,23,[8 4],2,1597,1620,1595,1597
1,<environment.Job instance at 0x7fa026e7dc30>,0,15,[ 5 14],1,1,16,0,1
1,<environment.Job instance at 0x7fa02634c410>,6,12,[13  4],7,16,28,9,7
1,<environment.Job instance at 0x7fa026480370>,9,15,[2 6],10,16,31,6,10
1,<environment.Job instance at 0x7fa02634c640>,5,15,[7 2],6,28,43,22,18
1,<environment.Job instance at 0x7fa026480aa0>,15,17,[ 5 10],16,31,48,15,19
1,<environment.Job instance at 0x7fa026480960>,19,13,[6 2],20,43,56,23,27
1,<environment.Job instance at 0x7fa026480050>,20,20,[6 5],21,48,68,27,39
1,<environment.Job instance at 0x7fa028fab730>,27,14,[7 5],28,56,70,28,41
1,<environment.Job instance at 0x7fa028fabd70>,28,12,[6 1],29,68,80,39,51
1,<environment.Job instance at 0x7fa028fabfa0>,30,21,[5 1],31,70,91,39,62
1,<environment.Job instance at 0x7fa028fab7d0>,32,14,[9 5],33,80,94,47,65
1,<environment.Job instance at 0x7fa028fabbe0>,40,12,[8 2],41,94,106,53,77
1,<environment.Job instance at 0x7fa02f574730>,44,16,[5 5],45,91,107,46,78
1,<environment.Job instance at 0x7fa02f5746e0>,47,19,[5 7],48,106,125,58,96
1,<environment.Job instance at 0x7fa02f5741e0>,48,18,[1 5],49,107,125,58,96
1,<environment.Job instance at 0x7fa02f574a00>,51,17,[7 4],52,125,142,73,113
1,<environment.Job instance at 0x7fa02f574140>,53,12,[4 8],54,125,137,71,113
1,<environment.Job instance at 0x7fa02f574460>,54,12,[8 2],55,113,125,58,113
1,<environment.Job instance at 0x7fa026480230>,17,14,[ 3 10],18,137,151,119,123
1,<environment.Job instance at 0x7fa026e7da00>,1,22,[4 9],2,151,173,149,145
1,<environment.Job instance at 0x7fa02634c960>,3,21,[4 9],4,173,194,169,169
1,<environment.Job instance at 0x7fa02634c690>,16,13,[12  1],17,194,207,177,186
1,<environment.Job instance at 0x7fa028fabdc0>,1,17,[2 7],2,2,19,0,2
1,<environment.Job instance at 0x7fa0257fe320>,2,14,[4 9],3,19,33,16,4
1,<environment.Job instance at 0x7fa026627410>,4,24,[9 2],5,5,29,0,5
1,<environment.Job instance at 0x7fa025db9aa0>,5,12,[4 8],6,33,45,27,16
1,<environment.Job instance at 0x7fa0261f1960>,16,12,[ 3 12],17,45,57,28,28
1,<environment.Job instance at 0x7fa025db9410>,8,27,[5 1],9,29,56,20,28
1,<environment.Job instance at 0x7fa025db90f0>,18,13,[8 5],19,57,70,38,41
1,<environment.Job instance at 0x7fa026bcb280>,19,13,[3 9],20,57,70,37,41
1,<environment.Job instance at 0x7fa026bcb870>,20,14,[ 2 11],21,70,84,49,55
1,<environment.Job instance at 0x7fa0261f1eb0>,15,16,[5 5],16,84,100,68,71
1,<environment.Job instance at 0x7fa026e9c280>,21,16,[6 5],22,84,100,62,71
1,<environment.Job instance at 0x7fa026e9c320>,25,12,[1 9],26,100,112,74,85
1,<environment.Job instance at 0x7fa026e9ce10>,24,26,[ 1 10],25,112,138,87,109
1,<environment.Job instance at 0x7fa026e9ceb0>,27,21,[7 2],28,109,130,81,109
1,<environment.Job instance at 0x7fa026e9c2d0>,28,15,[ 5 10],29,138,153,109,124
1,<environment.Job instance at 0x7fa025c2ee10>,29,12,[ 1 11],30,153,165,123,136
1,<environment.Job instance at 0x7fa0263f6910>,30,28,[3 6],31,165,193,134,164
1,<environment.Job instance at 0x7fa0263020a0>,31,13,[6 1],32,164,177,132,164
1,<environment.Job instance at 0x7fa026753d70>,32,13,[1 8],33,165,178,132,164
1,<environment.Job instance at 0x7fa026e9c550>,26,15,[8 2],27,178,193,151,165
1,<environment.Job instance at 0x7fa025d0af00>,35,13,[ 5 10],36,193,206,157,177
1,<environment.Job instance at 0x7fa025d0a7d0>,36,15,[6 1],37,193,208,156,181
1,<environment.Job instance at 0x7fa025db9d20>,7,27,[ 2 13],8,206,233,198,204
1,<environment.Job instance at 0x7fa025b5a320>,38,14,[6 5],39,233,247,194,218
1,<environment.Job instance at 0x7fa026e3e500>,40,12,[1 5],41,233,245,192,218
1,<environment.Job instance at 0x7fa026e3edc0>,39,19,[ 4 10],40,245,264,205,235
1,<environment.Job instance at 0x7fa026295550>,47,21,[1 9],48,264,285,216,257
1,<environment.Job instance at 0x7fa02674e8c0>,50,21,[5 4],51,257,278,206,257
1,<environment.Job instance at 0x7fa02674e550>,51,15,[10  1],52,278,293,226,265
1,<environment.Job instance at 0x7fa02674ea00>,52,20,[4 5],53,278,298,225,269
1,<environment.Job instance at 0x7fa026be8af0>,17,17,[4 5],18,293,310,275,283
1,<environment.Job instance at 0x7fa026e3ed20>,41,24,[ 4 10],42,298,322,256,298
1,<environment.Job instance at 0x7fa025e66960>,0,26,[14  4],1,323,349,322,323
1,<environment.Job instance at 0x7fa026ec5500>,0,13,[5 8],1,1,14,0,1
1,<environment.Job instance at 0x7fa026ec5460>,4,23,[8 4],5,5,28,0,5
1,<environment.Job instance at 0x7fa026ec5cd0>,7,13,[7 5],8,14,27,6,8
1,<environment.Job instance at 0x7fa026ec53c0>,8,13,[1 8],9,27,40,18,11
1,<environment.Job instance at 0x7fa025c5ad20>,17,13,[10  4],18,28,41,10,18
1,<environment.Job instance at 0x7fa025a901e0>,18,23,[4 5],19,40,63,21,34
1,<environment.Job instance at 0x7fa025c82d20>,21,13,[ 4 10],22,41,54,19,34
1,<environment.Job instance at 0x7fa026dad050>,22,17,[3 9],23,54,71,31,42
1,<environment.Job instance at 0x7fa02671fa50>,27,12,[5 1],28,54,66,26,42
1,<environment.Job instance at 0x7fa02605faf0>,37,20,[ 2 10],38,71,91,33,62
1,<environment.Job instance at 0x7fa02675a550>,43,18,[6 5],44,63,81,19,62
1,<environment.Job instance at 0x7fa026e22e60>,47,15,[11  5],48,81,96,33,67
1,<environment.Job instance at 0x7fa026e22c80>,48,12,[1 7],49,91,103,42,74
1,<environment.Job instance at 0x7fa026724af0>,52,18,[5 8],53,96,114,43,85
1,<environment.Job instance at 0x7fa026724e60>,57,18,[6 5],58,103,121,45,92
1,<environment.Job instance at 0x7fa025d47e60>,58,17,[9 4],59,114,131,55,102
1,<environment.Job instance at 0x7fa026ec57d0>,12,22,[7 5],13,923,945,910,923
1,<environment.Job instance at 0x7fa026dada50>,19,25,[1 9],20,1154,1179,1134,1154
1,<environment.Job instance at 0x7fa026ec5b90>,1,24,[14  4],2,1159,1183,1157,1159
1,<environment.Job instance at 0x7fa025ab2f00>,20,15,[10  4],21,2380,2395,2359,2380
1,<environment.Job instance at 0x7fa0267740a0>,1,18,[5 7],2,2,20,0,2
1,<environment.Job instance at 0x7fa0263e2eb0>,2,15,[6 2],3,3,18,0,3
1,<environment.Job instance at 0x7fa0263e2f00>,8,15,[13  3],9,20,35,11,10
1,<environment.Job instance at 0x7fa0263e2960>,9,22,[1 7],10,20,42,10,20
1,<environment.Job instance at 0x7fa0266bc5f0>,20,14,[1 7],21,35,49,14,21
1,<environment.Job instance at 0x7fa0266bc5a0>,22,14,[6 2],23,42,56,19,27
1,<environment.Job instance at 0x7fa0266bc820>,25,14,[1 6],26,42,56,16,28
1,<environment.Job instance at 0x7fa0266bc230>,26,15,[5 7],27,49,64,22,35
1,<environment.Job instance at 0x7fa0266bc3c0>,30,18,[5 2],31,56,74,25,45
1,<environment.Job instance at 0x7fa0263e2820>,10,19,[5 6],11,56,75,45,46
1,<environment.Job instance at 0x7fa0266bccd0>,32,14,[8 3],33,74,88,41,59
1,<environment.Job instance at 0x7fa0263e27d0>,11,14,[ 2 11],12,75,89,63,63
1,<environment.Job instance at 0x7fa0266bcfa0>,31,20,[3 7],32,89,109,57,80
1,<environment.Job instance at 0x7fa02677ab40>,35,21,[2 8],36,89,110,53,81
1,<environment.Job instance at 0x7fa02677afa0>,40,22,[2 7],41,109,131,68,102
1,<environment.Job instance at 0x7fa0263e2fa0>,0,16,[11  4],1,110,126,109,102
1,<environment.Job instance at 0x7fa02677a780>,41,22,[8 1],42,126,148,84,121
1,<environment.Job instance at 0x7fa02677a730>,43,20,[8 2],44,148,168,104,139
1,<environment.Job instance at 0x7fa0257bbc30>,44,15,[5 8],45,139,154,94,139
1,<environment.Job instance at 0x7fa0257bbe10>,45,15,[4 9],46,154,169,108,140
1,<environment.Job instance at 0x7fa0258795a0>,47,12,[9 1],48,168,180,120,151
1,<environment.Job instance at 0x7fa026e96820>,50,13,[3 5],51,169,182,118,157
1,<environment.Job instance at 0x7fa02677a910>,34,23,[2 6],35,175,198,140,175
1,<environment.Job instance at 0x7fa0266bcaa0>,33,18,[12  3],34,182,200,148,175
1,<environment.Job instance at 0x7fa02677adc0>,42,24,[14  4],43,200,224,157,197
1,<environment.Job instance at 0x7fa025c65c30>,0,28,[ 4 11],1,1,29,0,1
1,<environment.Job instance at 0x7fa02f897be0>,2,24,[5 2],3,3,27,0,3
1,<environment.Job instance at 0x7fa025bd9820>,7,18,[9 1],8,27,45,19,18
1,<environment.Job instance at 0x7fa028fa2dc0>,16,17,[ 3 14],17,29,46,12,18
1,<environment.Job instance at 0x7fa02f491b40>,17,14,[8 2],18,46,60,28,32
1,<environment.Job instance at 0x7fa028fa2d20>,18,13,[5 3],19,46,59,27,32
1,<environment.Job instance at 0x7fa02668f230>,25,14,[4 7],26,59,73,33,45
1,<environment.Job instance at 0x7fa025bd9e60>,12,19,[5 3],13,60,79,47,50
1,<environment.Job instance at 0x7fa02668f3c0>,29,25,[3 9],30,73,98,43,69
1,<environment.Job instance at 0x7fa02668f780>,31,18,[5 5],32,79,97,47,69
1,<environment.Job instance at 0x7fa02668f690>,32,16,[5 5],33,97,113,64,84
1,<environment.Job instance at 0x7fa025c55d70>,33,17,[ 3 13],34,113,130,79,101
1,<environment.Job instance at 0x7fa026d1d050>,34,28,[3 9],35,130,158,95,129
1,<environment.Job instance at 0x7fa0258697d0>,35,28,[ 3 10],36,158,186,122,157
1,<environment.Job instance at 0x7fa026dd8a50>,36,18,[1 5],37,157,175,120,157
1,<environment.Job instance at 0x7fa026dd86e0>,37,18,[9 5],38,175,193,137,164
1,<environment.Job instance at 0x7fa026dd8f50>,38,19,[4 5],39,186,205,147,176
1,<environment.Job instance at 0x7fa026dd8910>,39,20,[12  4],40,205,225,165,196
1,<environment.Job instance at 0x7fa026752a50>,40,28,[8 2],41,225,253,184,224
1,<environment.Job instance at 0x7fa026dd8640>,41,16,[12  4],42,253,269,211,240
1,<environment.Job instance at 0x7fa026da7cd0>,42,16,[ 2 13],43,269,285,226,256
1,<environment.Job instance at 0x7fa025770500>,44,13,[5 5],45,285,298,240,269
1,<environment.Job instance at 0x7fa026252fa0>,46,16,[8 3],47,285,301,238,274
1,<environment.Job instance at 0x7fa02668fc80>,26,16,[9 4],27,301,317,274,290
1,<environment.Job instance at 0x7fa02f4f5b40>,53,18,[5 5],54,298,316,244,290
1,<environment.Job instance at 0x7fa02f897d20>,1,27,[5 5],2,336,363,334,336
1,<environment.Job instance at 0x7fa025ac0c30>,43,23,[5 8],44,5434,5457,5390,5434
1,<environment.Job instance at 0x7fa02f8f8af0>,0,18,[ 4 13],1,1,19,0,1
1,<environment.Job instance at 0x7fa025ac0c30>,2,14,[9 1],3,3,17,0,3
1,<environment.Job instance at 0x7fa025505f00>,3,12,[7 1],4,17,29,13,4
1,<environment.Job instance at 0x7fa025526280>,7,15,[6 2],8,19,34,11,8
1,<environment.Job instance at 0x7fa0255263c0>,8,17,[7 4],9,29,46,20,17
1,<environment.Job instance at 0x7fa025526500>,11,17,[3 5],12,34,51,22,22
1,<environment.Job instance at 0x7fa025526640>,13,14,[6 1],14,46,60,32,31
1,<environment.Job instance at 0x7fa025526960>,17,13,[9 5],18,51,64,33,35
1,<environment.Job instance at 0x7fa025526a50>,18,16,[3 6],19,35,51,16,35
1,<environment.Job instance at 0x7fa025526af0>,20,14,[2 5],21,60,74,39,45
1,<environment.Job instance at 0x7fa025526e10>,24,17,[10  4],25,64,81,39,52
1,<environment.Job instance at 0x7fa025526eb0>,28,14,[2 7],29,74,88,45,59
1,<environment.Job instance at 0x7fa02552d190>,29,20,[1 7],30,81,101,51,72
1,<environment.Job instance at 0x7fa02552d230>,30,14,[3 7],31,88,102,57,73
1,<environment.Job instance at 0x7fa025526190>,9,16,[12  2],10,101,117,91,89
1,<environment.Job instance at 0x7fa0255261e0>,6,18,[ 1 14],7,117,135,110,109
1,<environment.Job instance at 0x7fa02552d320>,33,12,[13  5],34,135,147,101,118
1,<environment.Job instance at 0x7fa02552d410>,32,24,[7 3],33,147,171,114,142
1,<environment.Job instance at 0x7fa02552d6e0>,35,23,[ 1 10],36,143,166,107,143
1,<environment.Job instance at 0x7fa02552d0a0>,31,20,[9 4],32,171,191,139,162
1,<environment.Job instance at 0x7fa02552d780>,37,21,[5 9],38,166,187,128,162
1,<environment.Job instance at 0x7fa02552d4b0>,34,21,[ 1 13],35,191,212,156,183
1,<environment.Job instance at 0x7fa02552da00>,41,20,[7 4],42,212,232,170,203
1,<environment.Job instance at 0x7fa02552d8c0>,39,12,[5 7],40,212,224,172,203
1,<environment.Job instance at 0x7fa02552dd20>,45,18,[1 6],46,228,246,182,228
1,<environment.Job instance at 0x7fa02552dd70>,46,15,[6 1],47,229,244,182,229
1,<environment.Job instance at 0x7fa02552de10>,47,17,[5 7],48,232,249,184,229
1,<environment.Job instance at 0x7fa02552deb0>,48,17,[5 5],49,246,263,197,234
1,<environment.Job instance at 0x7fa02552df50>,49,17,[4 6],50,249,266,199,241
1,<environment.Job instance at 0x7fa02552d5a0>,50,13,[3 8],51,263,276,212,249
1,<environment.Job instance at 0x7fa02552e320>,52,17,[1 8],53,276,293,223,265
1,<environment.Job instance at 0x7fa02552e3c0>,54,17,[1 9],55,293,310,238,282
1,<environment.Job instance at 0x7fa025ba73c0>,56,13,[9 2],57,282,295,225,282
1,<environment.Job instance at 0x7fa02552db40>,43,26,[ 4 14],44,310,336,266,307
1,<environment.Job instance at 0x7fa02f8f86e0>,1,18,[13  1],2,395,413,393,395
1,<environment.Job instance at 0x7fa025505e60>,4,18,[8 3],5,1809,1827,1804,1809
1,<environment.Job instance at 0x7fa0268ce500>,0,25,[ 4 14],1,1,26,0,1
1,<environment.Job instance at 0x7fa0268cb280>,10,18,[10  5],11,26,44,15,17
1,<environment.Job instance at 0x7fa0268cbc30>,16,15,[9 4],17,44,59,27,30
1,<environment.Job instance at 0x7fa0268cba50>,18,14,[5 7],19,30,44,11,30
1,<environment.Job instance at 0x7fa0268d5550>,26,20,[5 7],27,44,64,17,35
1,<environment.Job instance at 0x7fa0268d55a0>,27,16,[4 8],28,59,75,31,46
1,<environment.Job instance at 0x7fa0268d5460>,34,16,[10  5],35,64,80,29,58
1,<environment.Job instance at 0x7fa0268c7730>,42,16,[9 4],43,80,96,37,67
1,<environment.Job instance at 0x7fa0256f2780>,54,19,[2 9],55,75,94,20,67
1,<environment.Job instance at 0x7fa0268ce050>,1,16,[6 3],2,772,788,770,772
1,<environment.Job instance at 0x7fa02f741230>,1,14,[ 4 10],2,2,16,0,2
1,<environment.Job instance at 0x7fa0268cb410>,2,15,[4 8],3,16,31,13,3
1,<environment.Job instance at 0x7fa02f741550>,0,24,[5 7],1,16,40,15,11
1,<environment.Job instance at 0x7fa02f741320>,5,15,[13  4],6,40,55,34,33
1,<environment.Job instance at 0x7fa02f741460>,12,21,[ 1 11],13,40,61,27,33
1,<environment.Job instance at 0x7fa02f741be0>,13,21,[9 1],14,55,76,41,49
1,<environment.Job instance at 0x7fa02f741af0>,9,28,[11  1],10,76,104,66,75
1,<environment.Job instance at 0x7fa02f7419b0>,15,16,[1 7],16,75,91,59,75
1,<environment.Job instance at 0x7fa02f7411e0>,11,28,[8 2],12,104,132,92,103
1,<environment.Job instance at 0x7fa02666a780>,17,20,[11  1],18,132,152,114,123
1,<environment.Job instance at 0x7fa02666a0f0>,18,22,[ 5 12],19,152,174,133,145
1,<environment.Job instance at 0x7fa02666ac30>,19,17,[13  1],20,174,191,154,162
1,<environment.Job instance at 0x7fa02666a500>,20,27,[ 2 13],21,174,201,153,172
1,<environment.Job instance at 0x7fa02666a5a0>,21,17,[11  4],22,201,218,179,189
1,<environment.Job instance at 0x7fa02666a870>,22,27,[ 4 13],23,218,245,195,216
1,<environment.Job instance at 0x7fa02666a4b0>,23,15,[14  1],24,245,260,221,231
1,<environment.Job instance at 0x7fa02666a960>,24,15,[2 5],25,260,275,235,246
1,<environment.Job instance at 0x7fa02666ab90>,25,18,[9 5],26,260,278,234,249
1,<environment.Job instance at 0x7fa02666a690>,26,25,[7 3],27,278,303,251,274
1,<environment.Job instance at 0x7fa02666ab40>,27,26,[ 4 10],28,275,301,247,274
1,<environment.Job instance at 0x7fa02666a7d0>,28,19,[ 3 13],29,303,322,274,293
1,<environment.Job instance at 0x7fa02666a460>,29,15,[7 1],30,301,316,271,293
1,<environment.Job instance at 0x7fa02666adc0>,30,17,[2 6],31,322,339,291,310
1,<environment.Job instance at 0x7fa02666ae10>,31,25,[5 5],32,322,347,290,318
1,<environment.Job instance at 0x7fa02666a550>,32,26,[2 9],33,339,365,306,336
1,<environment.Job instance at 0x7fa02666af50>,33,22,[5 3],34,347,369,313,340
1,<environment.Job instance at 0x7fa02666a5f0>,34,15,[12  4],35,369,384,334,355
1,<environment.Job instance at 0x7fa0256c7410>,35,27,[10  3],36,384,411,348,382
1,<environment.Job instance at 0x7fa0256c7280>,36,27,[ 1 11],37,382,409,345,382
1,<environment.Job instance at 0x7fa0256c7f00>,37,18,[ 2 12],38,409,427,371,399
1,<environment.Job instance at 0x7fa0256c7370>,38,22,[ 2 11],39,427,449,388,420
1,<environment.Job instance at 0x7fa02f741d20>,16,21,[14  4],17,449,470,432,442
1,<environment.Job instance at 0x7fa0256c70a0>,40,22,[13  2],41,470,492,429,463
1,<environment.Job instance at 0x7fa0256c79b0>,41,12,[ 1 12],42,470,482,428,463
1,<environment.Job instance at 0x7fa0256c7190>,42,18,[10  2],43,492,510,449,481
1,<environment.Job instance at 0x7fa0256c7be0>,47,17,[2 6],48,490,507,442,490
1,<environment.Job instance at 0x7fa0256c77d0>,52,15,[4 5],53,507,522,454,493
1,<environment.Job instance at 0x7fa02661d140>,54,17,[3 5],55,510,527,455,499
1,<environment.Job instance at 0x7fa0256c7eb0>,39,23,[14  4],40,540,563,500,540
1,<environment.Job instance at 0x7fa02f741960>,8,28,[ 2 14],9,4188,4216,4179,4188
1,<environment.Job instance at 0x7fa026bb9870>,0,15,[7 4],1,2,17,1,2
1,<environment.Job instance at 0x7fa02f741410>,2,13,[ 5 12],3,17,30,14,3
1,<environment.Job instance at 0x7fa025540c80>,7,16,[ 2 10],8,30,46,22,22
1,<environment.Job instance at 0x7fa025540870>,9,21,[ 2 12],10,46,67,36,38
1,<environment.Job instance at 0x7fa025540af0>,11,17,[2 5],12,67,84,55,55
1,<environment.Job instance at 0x7fa025540be0>,12,21,[13  5],13,67,88,54,59
1,<environment.Job instance at 0x7fa025540aa0>,13,19,[1 9],14,84,103,70,74
1,<environment.Job instance at 0x7fa025540190>,6,15,[5 5],7,88,103,81,78
1,<environment.Job instance at 0x7fa0255409b0>,8,21,[ 3 14],9,103,124,94,96
1,<environment.Job instance at 0x7fa02553c690>,16,14,[11  4],17,124,138,107,109
1,<environment.Job instance at 0x7fa02553c730>,17,12,[10  1],18,109,121,91,109
1,<environment.Job instance at 0x7fa02553c7d0>,18,28,[ 1 13],19,138,166,119,137
1,<environment.Job instance at 0x7fa02553caf0>,19,19,[ 5 14],20,166,185,146,157
1,<environment.Job instance at 0x7fa02553cd70>,20,12,[10  1],21,157,169,136,157
1,<environment.Job instance at 0x7fa025540910>,10,18,[5 9],11,185,203,174,174
1,<environment.Job instance at 0x7fa025b72b90>,28,17,[2 5],29,185,202,156,174
1,<environment.Job instance at 0x7fa02553d410>,29,17,[3 6],30,202,219,172,190
1,<environment.Job instance at 0x7fa025653140>,34,12,[6 3],35,203,215,168,190
1,<environment.Job instance at 0x7fa02594ca00>,37,12,[4 6],38,203,215,165,190
1,<environment.Job instance at 0x7fa02594e050>,38,13,[2 6],39,215,228,176,199
1,<environment.Job instance at 0x7fa02594e960>,39,13,[10  4],40,219,232,179,203
1,<environment.Job instance at 0x7fa026233230>,47,13,[3 9],48,228,241,180,212
1,<environment.Job instance at 0x7fa02621e730>,49,21,[8 3],50,232,253,182,224
1,<environment.Job instance at 0x7fa025b51a50>,54,20,[2 7],55,241,261,186,232
1,<environment.Job instance at 0x7fa025540690>,3,15,[14  1],4,261,276,257,251
1,<environment.Job instance at 0x7fa02553c5a0>,21,17,[1 9],22,267,284,245,267
1,<environment.Job instance at 0x7fa0262d7eb0>,15,20,[7 5],16,306,326,290,306
1,<environment.Job instance at 0x7fa02596ee60>,1,15,[2 7],2,2,17,0,2
1,<environment.Job instance at 0x7fa0255b65f0>,3,13,[1 7],4,4,17,0,4
1,<environment.Job instance at 0x7fa0255b6410>,4,13,[3 5],5,17,30,12,5
1,<environment.Job instance at 0x7fa0255b6690>,5,16,[3 9],6,17,33,11,6
1,<environment.Job instance at 0x7fa0255b66e0>,11,14,[8 1],12,12,26,0,12
1,<environment.Job instance at 0x7fa02553ce60>,9,12,[7 4],10,30,42,20,13
1,<environment.Job instance at 0x7fa026149f00>,18,17,[8 4],19,33,50,14,24
1,<environment.Job instance at 0x7fa026149b90>,23,14,[4 9],24,42,56,18,33
1,<environment.Job instance at 0x7fa0261497d0>,29,15,[5 5],30,50,65,20,39
1,<environment.Job instance at 0x7fa025594b40>,32,21,[6 4],33,56,77,23,48
1,<environment.Job instance at 0x7fa025594a50>,36,16,[5 6],37,65,81,28,52
1,<environment.Job instance at 0x7fa025594fa0>,39,13,[5 5],40,77,90,37,61
1,<environment.Job instance at 0x7fa02594c320>,57,16,[7 4],58,81,97,23,68
1,<environment.Job instance at 0x7fa02594c8c0>,58,12,[8 4],59,90,102,31,74
1,<environment.Job instance at 0x7fa0255b67d0>,8,15,[12  2],9,3508,3523,3499,3508
1,<environment.Job instance at 0x7fa02596e780>,0,18,[7 5],1,3635,3653,3634,3635
1,<environment.Job instance at 0x7fa0255b6b40>,10,26,[6 4],11,5971,5997,5960,5971
1,<environment.Job instance at 0x7fa0262625a0>,6,12,[8 4],7,7,19,0,7
1,<environment.Job instance at 0x7fa0262626e0>,7,16,[1 8],8,8,24,0,8
1,<environment.Job instance at 0x7fa0262629b0>,10,13,[9 3],11,19,32,8,11
1,<environment.Job instance at 0x7fa026262dc0>,16,12,[2 7],17,24,36,7,17
1,<environment.Job instance at 0x7fa0262490a0>,20,13,[4 6],21,32,45,11,21
1,<environment.Job instance at 0x7fa026249320>,22,12,[1 7],23,36,48,13,24
1,<environment.Job instance at 0x7fa0262494b0>,25,18,[1 7],26,45,63,19,34
1,<environment.Job instance at 0x7fa0262495a0>,26,16,[9 3],27,48,64,21,35
1,<environment.Job instance at 0x7fa026249a00>,33,18,[7 4],34,64,82,30,53
1,<environment.Job instance at 0x7fa026262e60>,23,15,[2 6],24,63,78,39,53
1,<environment.Job instance at 0x7fa026262b40>,15,17,[5 3],16,64,81,48,53
1,<environment.Job instance at 0x7fa026249d70>,37,20,[5 7],38,81,101,43,79
1,<environment.Job instance at 0x7fa026249f00>,40,14,[9 1],41,86,100,45,86
1,<environment.Job instance at 0x7fa026249fa0>,41,12,[10  4],42,100,112,58,86
1,<environment.Job instance at 0x7fa026260320>,46,17,[5 1],47,101,118,54,101
1,<environment.Job instance at 0x7fa026260640>,51,13,[9 2],52,112,125,60,102
1,<environment.Job instance at 0x7fa0262606e0>,52,12,[4 7],53,118,130,65,102
1,<environment.Job instance at 0x7fa026260b40>,56,14,[4 8],57,125,139,68,112
1,<environment.Job instance at 0x7fa026260c80>,58,12,[1 6],59,112,124,53,112
1,<environment.Job instance at 0x7fa02559beb0>,0,24,[ 1 12],1,206,230,205,206
1,<environment.Job instance at 0x7fa026249e60>,39,27,[11  2],40,383,410,343,383
1,<environment.Job instance at 0x7fa026262a00>,11,15,[14  4],12,1446,1461,1434,1446
1,<environment.Job instance at 0x7f9d1378e320>,1,15,[5 2],2,2,17,0,2
1,<environment.Job instance at 0x7f9d0a1a2be0>,5,18,[7 5],6,6,24,0,6
1,<environment.Job instance at 0x7f9d0a1a2dc0>,7,12,[7 2],8,17,29,9,8
1,<environment.Job instance at 0x7f9d0a1a2fa0>,9,17,[8 1],10,24,41,14,12
1,<environment.Job instance at 0x7f9d0a1a5280>,12,22,[4 6],13,29,51,16,22
1,<environment.Job instance at 0x7f9d0a1a55f0>,18,18,[3 6],19,29,47,10,22
1,<environment.Job instance at 0x7f9d0a1a5730>,20,18,[7 5],21,47,65,26,36
1,<environment.Job instance at 0x7f9d0a1a5960>,23,18,[7 4],24,51,69,27,40
1,<environment.Job instance at 0x7f9d0a1a5b90>,26,20,[4 8],27,65,85,38,56
1,<environment.Job instance at 0x7f9d0a1a5cd0>,28,20,[5 8],29,85,105,56,76
1,<environment.Job instance at 0x7f9d0a1a5e10>,30,15,[8 2],31,76,91,45,76
1,<environment.Job instance at 0x7f9d0a1a5eb0>,31,13,[4 5],32,91,104,59,76
1,<environment.Job instance at 0x7f9d0a1a5a00>,33,16,[9 3],34,104,120,70,91
1,<environment.Job instance at 0x7f9d0a1a50a0>,34,20,[5 3],35,105,125,70,96
1,<environment.Job instance at 0x7f9d0a1a90a0>,37,22,[2 5],38,120,142,82,113
1,<environment.Job instance at 0x7f9d0a1a9460>,39,13,[5 4],40,120,133,80,113
1,<environment.Job instance at 0x7f9d0a1a9370>,40,19,[ 3 10],41,133,152,92,123
1,<environment.Job instance at 0x7f9d0a1a9550>,43,14,[6 1],44,142,156,98,127
1,<environment.Job instance at 0x7f9d0a1a96e0>,44,14,[8 4],45,152,166,107,137
1,<environment.Job instance at 0x7f9d0a1a98c0>,47,16,[6 2],48,156,172,108,143
1,<environment.Job instance at 0x7f9d0a1a9a00>,49,23,[2 6],50,166,189,116,160
1,<environment.Job instance at 0x7f9d0a1a9c80>,53,22,[9 5],54,172,194,118,165
1,<environment.Job instance at 0x7f9d0a1a9dc0>,55,15,[6 2],56,189,204,133,175
1,<environment.Job instance at 0x7f9d0a1a9fa0>,56,13,[10  1],57,204,217,147,188
1,<environment.Job instance at 0x7f9d0a1a9f00>,57,22,[6 5],58,217,239,159,210
1,<environment.Job instance at 0x7f9d0a1ab0f0>,60,23,[5 7],61,211,234,150,211
1,<environment.Job instance at 0x7f9d0a1ab230>,61,14,[ 2 10],62,234,248,172,219
1,<environment.Job instance at 0x7f9d0a1ab550>,66,12,[6 1],67,239,251,172,222
1,<environment.Job instance at 0x7f9d0a1ab5f0>,67,13,[3 5],68,248,261,180,232
1,<environment.Job instance at 0x7f9d1378e230>,0,24,[2 8],1,250,274,249,250
1,<environment.Job instance at 0x7f9d0a1a29b0>,2,26,[10  1],3,251,277,248,250
1,<environment.Job instance at 0x7f9d0a1a2eb0>,10,14,[ 1 14],11,274,288,263,265
1,<environment.Job instance at 0x7f9d0a1a2d20>,11,14,[10  4],12,1275,1289,1263,1275
1,<environment.Job instance at 0x7f9d098e77d0>,0,22,[5 6],1,1,23,0,1
1,<environment.Job instance at 0x7f9d0a1ab9b0>,1,13,[7 2],2,2,15,0,2
1,<environment.Job instance at 0x7f9d098e7230>,2,18,[5 5],3,15,33,12,4
1,<environment.Job instance at 0x7f9d098e74b0>,8,13,[1 5],9,23,36,14,10
1,<environment.Job instance at 0x7f9d098e75f0>,6,18,[ 2 10],7,33,51,26,22
1,<environment.Job instance at 0x7f9d098e6910>,10,19,[8 4],11,36,55,25,26
1,<environment.Job instance at 0x7f9d098e6730>,11,17,[2 7],12,51,68,39,39
1,<environment.Job instance at 0x7f9d098e6050>,17,17,[7 4],18,55,72,37,43
1,<environment.Job instance at 0x7f9d098e5140>,20,22,[5 5],21,68,90,47,61
1,<environment.Job instance at 0x7f9d098e6eb0>,9,15,[4 7],10,72,87,62,61
1,<environment.Job instance at 0x7f9d098e54b0>,29,14,[6 1],30,72,86,42,61
1,<environment.Job instance at 0x7f9d098e5b90>,28,20,[10  4],29,87,107,58,78
1,<environment.Job instance at 0x7f9d098e13c0>,37,17,[5 6],38,97,114,59,97
1,<environment.Job instance at 0x7f9d098e1e60>,40,15,[2 6],41,107,122,66,99
1,<environment.Job instance at 0x7f9d09b10280>,44,20,[5 7],45,114,134,69,105
1,<environment.Job instance at 0x7f9d09768fa0>,47,21,[1 6],48,122,143,74,114
1,<environment.Job instance at 0x7f9d097598c0>,49,14,[9 1],50,122,136,72,114
1,<environment.Job instance at 0x7f9d097b7140>,50,15,[9 2],51,136,151,85,122
1,<environment.Job instance at 0x7f9d0981f9b0>,53,16,[1 8],54,143,159,89,130
1,<environment.Job instance at 0x7f9d0988adc0>,55,18,[11  5],56,151,169,95,140
1,<environment.Job instance at 0x7f9d09831a50>,58,19,[1 9],59,159,178,100,151
1,<environment.Job instance at 0x7f9d098e7a50>,7,19,[14  1],8,169,188,161,159
1,<environment.Job instance at 0x7f9d09831690>,59,19,[4 7],60,188,207,128,178
1,<environment.Job instance at 0x7f9d09831320>,60,21,[4 6],61,188,209,127,183
1,<environment.Job instance at 0x7f9d09811320>,65,16,[5 2],66,188,204,122,183
1,<environment.Job instance at 0x7f9d098e1500>,66,14,[ 3 14],67,209,223,142,194
1,<environment.Job instance at 0x7f9d0982be60>,64,22,[2 9],65,223,245,158,216
1,<environment.Job instance at 0x7f9d098e72d0>,4,14,[9 1],5,216,230,211,216
1,<environment.Job instance at 0x7f9d097d43c0>,67,21,[ 3 12],68,245,266,177,238
1,<environment.Job instance at 0x7f9d098e5c30>,30,22,[ 2 14],31,1010,1032,979,1010
1,<environment.Job instance at 0x7f9d098e79b0>,5,19,[8 3],6,1032,1051,1026,1022
1,<environment.Job instance at 0x7f9d097a7e10>,1,17,[ 2 11],2,2,19,0,2
1,<environment.Job instance at 0x7f9d097a70a0>,6,16,[14  1],7,19,35,12,7
1,<environment.Job instance at 0x7f9d09798140>,11,15,[6 2],12,35,50,23,21
1,<environment.Job instance at 0x7f9d097980f0>,10,15,[6 2],11,35,50,24,24
1,<environment.Job instance at 0x7f9d0988abe0>,15,13,[2 6],16,35,48,19,24
1,<environment.Job instance at 0x7f9d0988a140>,17,16,[6 2],18,50,66,32,37
1,<environment.Job instance at 0x7f9d0988a0f0>,20,15,[8 3],21,50,65,29,37
1,<environment.Job instance at 0x7f9d0988a4b0>,27,13,[4 5],28,65,78,37,49
1,<environment.Job instance at 0x7f9d09798370>,8,28,[7 2],9,66,94,57,65
1,<environment.Job instance at 0x7f9d0979aaa0>,32,22,[6 4],33,78,100,45,71
1,<environment.Job instance at 0x7f9d0979ad70>,33,16,[7 1],34,94,110,60,81
1,<environment.Job instance at 0x7f9d0979a780>,34,21,[9 1],35,110,131,75,102
1,<environment.Job instance at 0x7f9d0979adc0>,35,14,[11  3],36,131,145,95,116
1,<environment.Job instance at 0x7f9d0979ab90>,36,19,[ 5 14],37,145,164,108,135
1,<environment.Job instance at 0x7f9d0979a370>,37,18,[10  1],38,145,163,107,135
1,<environment.Job instance at 0x7f9d0979a3c0>,38,27,[9 4],39,164,191,125,162
1,<environment.Job instance at 0x7f9d0979acd0>,39,25,[ 3 11],40,164,189,124,162
1,<environment.Job instance at 0x7f9d0979a410>,42,14,[4 7],43,189,203,146,174
1,<environment.Job instance at 0x7f9d0979af50>,40,27,[13  4],41,203,230,162,201
1,<environment.Job instance at 0x7f9d0979c690>,48,28,[ 4 13],49,230,258,181,229
1,<environment.Job instance at 0x7f9d0979cbe0>,47,22,[1 7],48,258,280,210,251
1,<environment.Job instance at 0x7f9d0981f550>,58,17,[10  5],59,258,275,199,251
1,<environment.Job instance at 0x7f9d0979ca00>,49,26,[3 6],50,275,301,225,272
1,<environment.Job instance at 0x7f9d0981fc80>,61,21,[ 4 11],62,301,322,239,293
1,<environment.Job instance at 0x7f9d0981fd20>,62,20,[ 3 12],63,322,342,259,313
1,<environment.Job instance at 0x7f9d0981fd70>,63,23,[10  3],64,313,336,249,313
1,<environment.Job instance at 0x7f9d0981fe10>,68,17,[10  2],69,336,353,267,324
1,<environment.Job instance at 0x7f9d097a7e60>,0,21,[ 3 12],1,342,363,341,335
1,<environment.Job instance at 0x7f9d0981f280>,64,28,[3 8],65,364,392,299,364
1,<environment.Job instance at 0x7f9d098e75a0>,2,18,[10  5],3,510,528,507,510
1,<environment.Job instance at 0x7f9d0a63d960>,0,13,[11  1],1,1,14,0,1
1,<environment.Job instance at 0x7f9d0a63d780>,4,17,[2 9],5,5,22,0,5
1,<environment.Job instance at 0x7f9d0a63d550>,6,17,[10  4],7,14,31,7,7
1,<environment.Job instance at 0x7f9d0a63d190>,11,14,[2 9],12,22,36,10,12
1,<environment.Job instance at 0x7f9d0a63df50>,10,12,[5 9],11,36,48,25,19
1,<environment.Job instance at 0x7f9d0a63d320>,9,17,[2 8],10,48,65,38,36
1,<environment.Job instance at 0x7f9d0a63d690>,17,15,[5 6],18,36,51,18,36
1,<environment.Job instance at 0x7f9d0a63d280>,12,20,[5 7],13,51,71,38,42
1,<environment.Job instance at 0x7f9d0a2f1730>,33,18,[8 5],34,65,83,31,55
1,<environment.Job instance at 0x7f9d0a63dc30>,13,15,[5 9],14,71,86,57,61
1,<environment.Job instance at 0x7f9d0a2f1aa0>,39,21,[6 4],40,83,104,43,75
1,<environment.Job instance at 0x7f9d0a5a68c0>,42,17,[8 5],43,86,103,43,75
1,<environment.Job instance at 0x7f9d0a5a6a00>,44,19,[10  4],45,104,123,59,94
1,<environment.Job instance at 0x7f9d0a5a6d70>,48,17,[1 7],49,103,120,54,94
1,<environment.Job instance at 0x7f9d0a5a6aa0>,50,12,[6 2],51,123,135,72,106
1,<environment.Job instance at 0x7f9d0a5a6f50>,54,12,[1 8],55,120,132,65,106
1,<environment.Job instance at 0x7f9d0a5a6320>,58,13,[3 5],59,123,136,64,107
1,<environment.Job instance at 0x7f9d0a648730>,62,14,[3 5],63,132,146,69,117
1,<environment.Job instance at 0x7f9d0a63d640>,7,12,[11  1],8,136,148,128,125
1,<environment.Job instance at 0x7f9d0a648370>,65,20,[5 5],66,148,168,82,139
1,<environment.Job instance at 0x7f9d0a648460>,67,20,[3 7],68,146,166,78,139
1,<environment.Job instance at 0x7f9d0a2f1140>,40,17,[2 6],41,166,183,125,157
1,<environment.Job instance at 0x7f9d0a648140>,66,18,[4 9],67,168,186,101,157
1,<environment.Job instance at 0x7f9d0a63de60>,1,27,[14  2],2,186,213,184,185
1,<environment.Job instance at 0x7f9d0a031870>,9,16,[7 2],10,10,26,0,10
1,<environment.Job instance at 0x7f9d0a031b40>,11,22,[ 1 10],12,12,34,0,12
1,<environment.Job instance at 0x7f9d0a031780>,17,26,[7 1],18,18,44,0,18
1,<environment.Job instance at 0x7f9d0a02f370>,18,18,[12  1],19,44,62,25,33
1,<environment.Job instance at 0x7f9d0a02fcd0>,19,15,[ 1 13],20,34,49,14,33
1,<environment.Job instance at 0x7f9d0a02f3c0>,20,23,[11  3],21,62,85,41,56
1,<environment.Job instance at 0x7f9d0a02b870>,21,15,[4 8],22,62,77,40,56
1,<environment.Job instance at 0x7f9d0a02f410>,16,18,[7 1],17,85,103,68,76
1,<environment.Job instance at 0x7f9d0a031fa0>,12,12,[2 7],13,77,89,64,76
1,<environment.Job instance at 0x7f9d0a02b7d0>,22,20,[14  4],23,103,123,80,94
1,<environment.Job instance at 0x7f9d0a02b5a0>,25,24,[8 2],26,123,147,97,118
1,<environment.Job instance at 0x7f9d0a02b4b0>,26,14,[5 3],27,123,137,96,118
1,<environment.Job instance at 0x7f9d0a02bd70>,27,14,[8 5],28,147,161,119,132
1,<environment.Job instance at 0x7f9d09bf9b40>,40,14,[7 2],41,137,151,96,132
1,<environment.Job instance at 0x7f9d0a02b640>,28,22,[9 3],29,161,183,132,154
1,<environment.Job instance at 0x7f9d0acc3820>,42,22,[ 3 14],43,183,205,140,176
1,<environment.Job instance at 0x7f9d09bab960>,0,22,[12  1],1,193,215,192,193
1,<environment.Job instance at 0x7f9d0acb7730>,43,28,[14  4],44,215,243,171,214
1,<environment.Job instance at 0x7f9d0acc3870>,45,25,[ 3 13],46,243,268,197,239
1,<environment.Job instance at 0x7f9d0ace1320>,41,19,[8 2],42,243,262,201,239
1,<environment.Job instance at 0x7f9d0acea5f0>,53,16,[2 8],54,268,284,214,255
1,<environment.Job instance at 0x7f9d0aceadc0>,55,13,[2 5],56,268,281,212,255
1,<environment.Job instance at 0x7f9d0aceacd0>,59,19,[1 8],60,284,303,224,274
1,<environment.Job instance at 0x7f9d0aceabe0>,60,12,[4 7],61,281,293,220,274
1,<environment.Job instance at 0x7f9d09f7bbe0>,64,20,[7 3],65,293,313,228,284
1,<environment.Job instance at 0x7f9d0ace4e60>,67,17,[6 3],68,293,310,225,284
1,<environment.Job instance at 0x7f9d0a02be10>,24,16,[ 2 11],25,313,329,288,313
1,<environment.Job instance at 0x7f9d09c03f50>,44,16,[8 3],45,314,330,269,314
1,<environment.Job instance at 0x7f9d09c305a0>,14,25,[11  5],15,341,366,326,341
1,<environment.Job instance at 0x7f9d09bd9a00>,3,13,[11  3],4,4,17,0,4
1,<environment.Job instance at 0x7f9d09bd9500>,10,17,[5 4],11,17,34,6,11
1,<environment.Job instance at 0x7f9d09c13f00>,13,14,[4 9],14,14,28,0,14
1,<environment.Job instance at 0x7f9d09c13640>,14,12,[8 2],15,28,40,13,15
1,<environment.Job instance at 0x7f9d09c135a0>,18,13,[1 7],19,28,41,9,26
1,<environment.Job instance at 0x7f9d09c13230>,22,15,[10  5],23,40,55,17,26
1,<environment.Job instance at 0x7f9d09c13b40>,24,19,[3 9],25,41,60,16,31
1,<environment.Job instance at 0x7f9d09e8e500>,28,15,[4 9],29,60,75,31,46
1,<environment.Job instance at 0x7f9d09e8e140>,30,14,[3 6],31,55,69,24,46
1,<environment.Job instance at 0x7f9d09e8e7d0>,33,21,[8 2],34,69,90,35,61
1,<environment.Job instance at 0x7f9d09e8e550>,35,12,[9 3],36,90,102,54,73
1,<environment.Job instance at 0x7f9d09e8ea00>,41,16,[4 8],42,75,91,33,73
1,<environment.Job instance at 0x7f9d09e8e370>,43,21,[3 9],44,91,112,47,83
1,<environment.Job instance at 0x7f9d09e8ed20>,44,22,[7 4],45,102,124,57,95
1,<environment.Job instance at 0x7f9d09e8e280>,46,12,[5 4],47,112,124,65,95
1,<environment.Job instance at 0x7f9d09e8efa0>,50,17,[2 6],51,112,129,61,100
1,<environment.Job instance at 0x7f9d09e87640>,55,14,[9 5],56,124,138,68,109
1,<environment.Job instance at 0x7f9d09e87820>,58,17,[2 8],59,129,146,70,117
1,<environment.Job instance at 0x7f9d09bd9960>,0,17,[2 8],1,146,163,145,138
1,<environment.Job instance at 0x7f9d09bd94b0>,6,15,[5 7],7,1312,1327,1305,1312
1,<environment.Job instance at 0x7f9d09ea2b40>,3,16,[11  1],4,4,20,0,4
1,<environment.Job instance at 0x7f9d09ea25a0>,4,20,[2 8],5,5,25,0,5
1,<environment.Job instance at 0x7f9d09ea20f0>,5,14,[11  5],6,20,34,14,6
1,<environment.Job instance at 0x7f9d09ea2a50>,18,13,[7 1],19,34,47,15,19
1,<environment.Job instance at 0x7f9d09ea2550>,19,16,[2 6],20,25,41,5,20
1,<environment.Job instance at 0x7f9d09ea2af0>,14,15,[6 4],15,34,49,19,21
1,<environment.Job instance at 0x7f9d09e791e0>,24,22,[5 3],25,47,69,22,40
1,<environment.Job instance at 0x7f9d09e79500>,28,17,[9 1],29,49,66,20,40
1,<environment.Job instance at 0x7f9d09e796e0>,31,16,[1 8],32,41,57,9,41
1,<environment.Job instance at 0x7f9d09e798c0>,34,12,[3 5],35,66,78,31,49
1,<environment.Job instance at 0x7f9d09e79960>,35,14,[5 8],36,69,83,33,54
1,<environment.Job instance at 0x7f9d09e79be0>,39,19,[6 4],40,78,97,38,68
1,<environment.Job instance at 0x7f9d09e79dc0>,40,22,[5 6],41,83,105,42,78
1,<environment.Job instance at 0x7f9d09e79fa0>,45,14,[3 6],46,97,111,51,82
1,<environment.Job instance at 0x7f9d09e7e460>,49,16,[2 5],50,105,121,55,92
1,<environment.Job instance at 0x7f9d09e7e690>,53,14,[1 9],54,111,125,57,96
1,<environment.Job instance at 0x7f9d09e7e8c0>,55,21,[5 4],56,121,142,65,113
1,<environment.Job instance at 0x7f9d09e7eb40>,59,12,[2 9],60,125,137,65,113
1,<environment.Job instance at 0x7f9d09e7ebe0>,60,14,[8 1],61,113,127,52,113
1,<environment.Job instance at 0x7f9d09e7eeb0>,67,12,[1 6],68,137,149,69,120
1,<environment.Job instance at 0x7f9d09e79140>,22,22,[12  1],23,521,543,498,521
1,<environment.Job instance at 0x7f9d0a8e36e0>,0,27,[ 4 10],1,1,28,0,1
1,<environment.Job instance at 0x7f9d0a8e38c0>,4,17,[2 5],5,7,24,2,7
1,<environment.Job instance at 0x7f9d09e79140>,2,14,[ 4 10],3,28,42,25,13
1,<environment.Job instance at 0x7f9d0a8e30a0>,5,14,[8 2],6,24,38,18,13
1,<environment.Job instance at 0x7f9d0a9e4230>,10,21,[9 1],11,38,59,27,30
1,<environment.Job instance at 0x7f9d0a9e4780>,13,17,[6 1],14,42,59,28,30
1,<environment.Job instance at 0x7f9d0a9e43c0>,15,12,[ 2 10],16,59,71,43,42
1,<environment.Job instance at 0x7f9d0a9e47d0>,16,15,[9 2],17,59,74,42,45
1,<environment.Job instance at 0x7f9d0a9e4690>,12,19,[ 2 14],13,74,93,61,64
1,<environment.Job instance at 0x7f9d0a9e4320>,18,17,[7 3],19,93,110,74,81
1,<environment.Job instance at 0x7f9d0a9e4870>,17,21,[3 9],18,95,116,77,95
1,<environment.Job instance at 0x7f9d09d21640>,23,18,[4 7],24,116,134,92,105
1,<environment.Job instance at 0x7f9d09d21fa0>,26,20,[2 6],27,110,130,83,105
1,<environment.Job instance at 0x7f9d09d219b0>,31,17,[10  4],32,130,147,98,118
1,<environment.Job instance at 0x7f9d09d21f00>,33,16,[8 4],34,147,163,113,134
1,<environment.Job instance at 0x7f9d09d21e10>,36,15,[5 7],37,134,149,97,134
1,<environment.Job instance at 0x7f9d0a45faf0>,41,18,[9 4],42,163,181,121,152
1,<environment.Job instance at 0x7f9d0a45f640>,46,13,[10  5],47,181,194,134,165
1,<environment.Job instance at 0x7f9d0a45f500>,49,12,[5 5],50,165,177,115,165
1,<environment.Job instance at 0x7f9d09c79870>,53,21,[4 9],54,177,198,123,175
1,<environment.Job instance at 0x7f9d09c79cd0>,55,15,[7 2],56,194,209,138,180
1,<environment.Job instance at 0x7f9d09c79500>,59,15,[2 6],60,198,213,138,184
1,<environment.Job instance at 0x7f9d0a9e4c80>,19,18,[11  5],20,209,227,189,201
1,<environment.Job instance at 0x7f9d0a7653c0>,66,13,[12  1],67,227,240,160,211
1,<environment.Job instance at 0x7f9d0a765190>,67,14,[ 3 10],68,213,227,145,211
1,<environment.Job instance at 0x7f9d09c79be0>,65,17,[ 5 10],66,240,257,174,228
1,<environment.Job instance at 0x7f9d0a765370>,68,24,[3 9],69,257,281,188,252
1,<environment.Job instance at 0x7f9d09ea6dc0>,7,14,[7 5],8,8,22,0,8
1,<environment.Job instance at 0x7f9d09ea6fa0>,8,12,[6 1],9,9,21,0,9
1,<environment.Job instance at 0x7f9d0a7e2280>,12,14,[9 5],13,22,36,9,13
1,<environment.Job instance at 0x7f9d0a7e26e0>,10,21,[5 1],11,21,42,10,13
1,<environment.Job instance at 0x7f9d0a5719b0>,20,12,[8 2],21,36,48,15,21
1,<environment.Job instance at 0x7f9d0a5715a0>,24,16,[5 5],25,42,58,17,29
1,<environment.Job instance at 0x7f9d0a571410>,27,19,[5 7],28,48,67,20,41
1,<environment.Job instance at 0x7f9d0a571640>,28,18,[1 5],29,58,76,29,47
1,<environment.Job instance at 0x7f9d0a571dc0>,26,24,[5 3],27,54,78,27,54
1,<environment.Job instance at 0x7f9d0a571730>,31,17,[7 4],32,67,84,35,55
1,<environment.Job instance at 0x7f9d0a555230>,33,12,[4 8],34,78,90,44,61
1,<environment.Job instance at 0x7f9d0a5555f0>,34,12,[8 2],35,84,96,49,70
1,<environment.Job instance at 0x7f9d0a7e2e60>,25,12,[ 4 13],26,90,102,64,73
1,<environment.Job instance at 0x7f9d0a555d70>,41,17,[2 7],42,102,119,60,90
1,<environment.Job instance at 0x7f9d0a555640>,39,12,[5 5],40,102,114,62,92
1,<environment.Job instance at 0x7f9d0a555a50>,42,14,[4 9],43,119,133,76,104
1,<environment.Job instance at 0x7f9d0a5558c0>,45,12,[4 8],46,133,145,87,116
1,<environment.Job instance at 0x7f9d0a3d61e0>,55,16,[5 5],56,116,132,60,116
1,<environment.Job instance at 0x7f9d0a3d6870>,57,17,[4 5],58,132,149,74,120
1,<environment.Job instance at 0x7f9d0a3d64b0>,58,13,[8 5],59,145,158,86,129
1,<environment.Job instance at 0x7f9d0a3d6410>,59,13,[3 9],60,149,162,89,135
1,<environment.Job instance at 0x7f9d0a3d6550>,61,16,[6 5],62,158,174,96,145
1,<environment.Job instance at 0x7f9d0a3d6aa0>,65,12,[1 9],66,162,174,96,145
1,<environment.Job instance at 0x7f9d0a3d6b40>,66,15,[8 2],67,174,189,107,160
1,<environment.Job instance at 0x7f9d0a3d6460>,67,21,[7 2],68,174,195,106,168
1,<environment.Job instance at 0x7f9d0a3d68c0>,68,15,[ 5 10],69,189,204,120,175
1,<environment.Job instance at 0x7f9d0a5553c0>,43,18,[14  1],44,204,222,160,204
1,<environment.Job instance at 0x7f9d09ea6050>,0,20,[6 5],1,222,242,221,213
1,<environment.Job instance at 0x7f9d09bbe730>,1,13,[6 1],2,2,15,0,2
1,<environment.Job instance at 0x7f9d09f56fa0>,0,28,[3 6],1,2,30,1,2
1,<environment.Job instance at 0x7f9d09f560a0>,2,13,[1 8],3,3,16,0,3
1,<environment.Job instance at 0x7f9d0a8fd960>,8,14,[6 5],9,16,30,7,9
1,<environment.Job instance at 0x7f9d0a8fd0f0>,6,15,[6 1],7,15,30,8,10
1,<environment.Job instance at 0x7f9d0a8fd7d0>,10,12,[1 5],11,30,42,19,13
1,<environment.Job instance at 0x7f9d0a2ad3c0>,17,21,[1 9],18,30,51,12,22
1,<environment.Job instance at 0x7f9d0a2ad050>,20,21,[5 4],21,42,63,21,34
1,<environment.Job instance at 0x7f9d0a2ad910>,21,15,[10  1],22,51,66,29,37
1,<environment.Job instance at 0x7f9d0a2ad5a0>,22,20,[4 5],23,63,83,40,54
1,<environment.Job instance at 0x7f9d0ab03730>,29,14,[6 5],30,66,80,36,54
1,<environment.Job instance at 0x7f9d0ab039b0>,30,13,[5 8],31,80,93,49,64
1,<environment.Job instance at 0x7f9d0ab03e10>,37,13,[7 5],38,83,96,45,67
1,<environment.Job instance at 0x7f9d0ab035f0>,38,13,[1 8],39,93,106,54,77
1,<environment.Job instance at 0x7f9d2ef760a0>,42,22,[7 5],43,96,118,53,89
1,<environment.Job instance at 0x7f9d0a235140>,47,13,[10  4],48,118,131,70,102
1,<environment.Job instance at 0x7f9d0a235550>,50,15,[10  4],51,131,146,80,117
1,<environment.Job instance at 0x7f9d0a8fdd20>,7,22,[ 3 10],8,117,139,109,117
1,<environment.Job instance at 0x7f9d09e19a50>,57,12,[5 1],58,139,151,81,122
1,<environment.Job instance at 0x7f9d09e19140>,52,17,[3 9],53,146,163,93,134
1,<environment.Job instance at 0x7f9d0a3d8690>,68,28,[12  3],69,152,180,83,152
1,<environment.Job instance at 0x7f9d0a8fdc80>,5,13,[ 5 10],6,181,194,175,181
1,<environment.Job instance at 0x7f9d09ea6050>,3,21,[10  4],4,181,202,177,181
1,<environment.Job instance at 0x7f9d0a2bdfa0>,3,18,[6 5],4,4,22,0,4
1,<environment.Job instance at 0x7f9d09887780>,7,15,[11  5],8,22,37,14,8
1,<environment.Job instance at 0x7f9d09958dc0>,8,12,[1 7],9,9,21,0,9
1,<environment.Job instance at 0x7f9d0acbd550>,17,18,[6 5],18,37,55,19,26
1,<environment.Job instance at 0x7f9d0acbd7d0>,21,18,[5 7],22,37,55,15,26
1,<environment.Job instance at 0x7f9d0acbdaa0>,22,15,[6 2],23,55,70,32,41
1,<environment.Job instance at 0x7f9d09745190>,18,17,[9 4],19,55,72,36,43
1,<environment.Job instance at 0x7f9d0acfbaa0>,29,22,[1 7],30,70,92,40,63
1,<environment.Job instance at 0x7f9d0a2f1370>,40,14,[1 7],41,72,86,31,63
1,<environment.Job instance at 0x7f9d09af7820>,42,14,[6 2],43,86,100,43,71
1,<environment.Job instance at 0x7f9d0abb6500>,45,14,[1 6],46,86,100,40,71
1,<environment.Job instance at 0x7f9d0abb6d70>,46,15,[5 7],47,92,107,45,78
1,<environment.Job instance at 0x7f9d09b66a00>,50,18,[5 2],51,100,118,49,89
1,<environment.Job instance at 0x7f9d0acfb0a0>,30,19,[5 6],31,100,119,69,91
1,<environment.Job instance at 0x7f9d09b66280>,52,14,[8 3],53,118,132,65,103
1,<environment.Job instance at 0x7f9d09b666e0>,51,20,[3 7],52,120,140,68,120
1,<environment.Job instance at 0x7f9d09b66a50>,53,18,[12  3],54,132,150,78,121
1,<environment.Job instance at 0x7f9d09b66e60>,54,23,[2 6],55,140,163,85,134
1,<environment.Job instance at 0x7f9d09b66870>,60,22,[2 7],61,150,172,89,143
1,<environment.Job instance at 0x7f9d09b66be0>,61,22,[8 1],62,150,172,88,143
1,<environment.Job instance at 0x7f9d09b66c80>,63,20,[8 2],64,172,192,108,163
1,<environment.Job instance at 0x7f9d0a571230>,64,15,[5 8],65,172,187,107,164
1,<environment.Job instance at 0x7f9d09f5fd20>,65,15,[4 9],66,187,202,121,173
1,<environment.Job instance at 0x7f9d0a049af0>,67,12,[9 1],68,192,204,124,175
1,<environment.Job instance at 0x7f9d0a049d70>,68,16,[11  5],69,204,220,135,191
1,<environment.Job instance at 0x7f9d09b669b0>,55,21,[2 8],56,202,223,146,194
1,<environment.Job instance at 0x7f9d097450f0>,12,18,[5 8],13,223,241,210,212
1,<environment.Job instance at 0x7f9d0a2bd460>,0,23,[8 4],1,220,243,219,214
1,<environment.Job instance at 0x7f9d09cc5910>,0,13,[3 5],1,1,14,0,1
1,<environment.Job instance at 0x7f9d2ede6730>,17,18,[9 1],18,18,36,0,18
1,<environment.Job instance at 0x7f9d09d314b0>,22,19,[5 3],23,23,42,0,23
1,<environment.Job instance at 0x7f9d09d31eb0>,26,17,[ 3 14],27,42,59,15,36
1,<environment.Job instance at 0x7f9d0944d8c0>,36,16,[9 4],37,59,75,22,46
1,<environment.Job instance at 0x7f9d0a408c30>,42,16,[5 5],43,59,75,16,46
1,<environment.Job instance at 0x7f9d099e15f0>,43,17,[ 3 13],44,75,92,31,63
1,<environment.Job instance at 0x7f9d09a8a140>,48,19,[4 5],49,92,111,43,82
1,<environment.Job instance at 0x7f9d09cc25a0>,47,18,[9 5],48,92,110,44,90
1,<environment.Job instance at 0x7f9d09a8e3c0>,54,13,[5 5],55,110,123,55,94
1,<environment.Job instance at 0x7f9d09a8e730>,56,16,[8 3],57,111,127,54,98
1,<environment.Job instance at 0x7f9d09d31690>,23,12,[14  4],24,127,139,103,111
1,<environment.Job instance at 0x7f9d0a411b40>,59,21,[8 2],60,139,160,79,131
1,<environment.Job instance at 0x7f9d0a3fd4b0>,63,18,[5 5],64,139,157,75,131
1,<environment.Job instance at 0x7f9d0a3fd5a0>,64,20,[5 9],65,157,177,92,148
1,<environment.Job instance at 0x7f9d09cbab90>,67,14,[5 1],68,160,174,92,148
1,<environment.Job instance at 0x7f9d09d31b40>,25,26,[7 5],26,174,200,148,171
1,<environment.Job instance at 0x7f9d09cc5960>,1,23,[14  1],2,200,223,198,194
1,<environment.Job instance at 0x7f9d0989b230>,0,18,[ 4 13],1,1,19,0,1
1,<environment.Job instance at 0x7f9d0989b550>,2,14,[9 1],3,3,17,0,3
1,<environment.Job instance at 0x7f9d0989beb0>,3,12,[7 1],4,17,29,13,4
1,<environment.Job instance at 0x7f9d0938c2d0>,7,15,[6 2],8,19,34,11,8
1,<environment.Job instance at 0x7f9d0938c140>,8,17,[7 4],9,29,46,20,17
1,<environment.Job instance at 0x7f9d0938c780>,11,17,[3 5],12,34,51,22,22
1,<environment.Job instance at 0x7f9d0938c320>,13,14,[6 1],14,46,60,32,31
1,<environment.Job instance at 0x7f9d0938c7d0>,17,13,[9 5],18,51,64,33,35
1,<environment.Job instance at 0x7f9d0938ceb0>,18,16,[3 6],19,35,51,16,35
1,<environment.Job instance at 0x7f9d0938c370>,20,14,[2 5],21,60,74,39,50
1,<environment.Job instance at 0x7f9d0938c9b0>,9,16,[12  2],10,64,80,54,51
1,<environment.Job instance at 0x7f9d0a7acfa0>,24,17,[10  4],25,80,97,55,68
1,<environment.Job instance at 0x7f9d0a7ac5a0>,28,14,[2 7],29,74,88,45,69
1,<environment.Job instance at 0x7f9d0a7ac0f0>,29,20,[1 7],30,88,108,58,82
1,<environment.Job instance at 0x7f9d0a7ac780>,30,14,[3 7],31,97,111,66,82
1,<environment.Job instance at 0x7f9d0a7ac9b0>,31,20,[9 4],32,108,128,76,99
1,<environment.Job instance at 0x7f9d0989b190>,6,18,[ 1 14],7,128,146,121,117
1,<environment.Job instance at 0x7f9d0a7ac050>,37,21,[5 9],38,146,167,108,139
1,<environment.Job instance at 0x7f9d0a7ac0a0>,39,12,[5 7],40,167,179,127,150
1,<environment.Job instance at 0x7f9d0a7ace60>,41,20,[7 4],42,150,170,108,150
1,<environment.Job instance at 0x7f9d0a59d050>,45,18,[1 6],46,170,188,124,159
1,<environment.Job instance at 0x7f9d09cade60>,46,15,[6 1],47,170,185,123,159
1,<environment.Job instance at 0x7f9d0a59d4b0>,47,17,[5 7],48,179,196,131,167
1,<environment.Job instance at 0x7f9d0948be60>,48,17,[5 5],49,188,205,139,176
1,<environment.Job instance at 0x7f9d0948bb40>,49,17,[4 6],50,196,213,146,184
1,<environment.Job instance at 0x7f9d0948b460>,50,13,[3 8],51,205,218,154,190
1,<environment.Job instance at 0x7f9d0a181500>,52,17,[1 8],53,218,235,165,206
1,<environment.Job instance at 0x7f9d0a7acaa0>,38,23,[3 7],39,213,236,174,209
1,<environment.Job instance at 0x7f9d0a181640>,54,17,[1 9],55,236,253,181,229
1,<environment.Job instance at 0x7f9d0938c460>,22,27,[5 6],23,235,262,212,233
1,<environment.Job instance at 0x7f9d0a181690>,56,13,[9 2],57,253,266,196,237
1,<environment.Job instance at 0x7f9d0abdd550>,61,16,[6 3],62,262,278,200,249
1,<environment.Job instance at 0x7f9d0a13d230>,57,18,[ 1 12],58,266,284,208,255
1,<environment.Job instance at 0x7f9d0a2545f0>,66,21,[8 1],67,278,299,211,276
1,<environment.Job instance at 0x7f9d0a181e60>,55,22,[ 5 12],56,284,306,228,277
1,<environment.Job instance at 0x7f9d0989bb90>,4,18,[8 3],5,299,317,294,288
1,<environment.Job instance at 0x7f9d0989bf50>,1,18,[13  1],2,317,335,315,306
1,<environment.Job instance at 0x7f9d0a247230>,3,19,[ 4 10],4,4,23,0,4
1,<environment.Job instance at 0x7f9d09ad3aa0>,4,18,[10  1],5,5,23,0,5
1,<environment.Job instance at 0x7f9d09d7b500>,8,14,[5 7],9,23,37,14,12
1,<environment.Job instance at 0x7f9d0a79de60>,7,21,[4 6],8,23,44,15,15
1,<environment.Job instance at 0x7f9d0a5c6960>,10,13,[14  5],11,44,57,33,28
1,<environment.Job instance at 0x7f9d0a812cd0>,16,20,[5 7],17,57,77,40,48
1,<environment.Job instance at 0x7f9d0a812eb0>,19,15,[2 8],20,57,72,37,48
1,<environment.Job instance at 0x7f9d09914eb0>,21,12,[6 1],22,72,84,50,55
1,<environment.Job instance at 0x7f9d098f6870>,24,16,[10  5],25,84,100,59,71
1,<environment.Job instance at 0x7f9d09ccbf50>,26,16,[1 7],27,72,88,45,71
1,<environment.Job instance at 0x7f9d0a5c6fa0>,17,16,[4 8],18,88,104,70,75
1,<environment.Job instance at 0x7f9d09aaaf50>,32,16,[9 4],33,100,116,67,87
1,<environment.Job instance at 0x7f9d0ad600f0>,33,13,[8 2],34,116,129,82,100
1,<environment.Job instance at 0x7f9d09f0cb40>,39,13,[1 8],40,104,117,64,100
1,<environment.Job instance at 0x7f9d09f0cb90>,44,19,[2 9],45,117,136,72,110
1,<environment.Job instance at 0x7f9d09f0c190>,45,19,[7 3],46,129,148,83,119
1,<environment.Job instance at 0x7f9d09a8da00>,47,18,[2 7],48,136,154,88,125
1,<environment.Job instance at 0x7f9d09a8daa0>,49,18,[3 8],50,148,166,98,137
1,<environment.Job instance at 0x7f9d09a8d140>,52,15,[4 8],53,166,181,113,152
1,<environment.Job instance at 0x7f9d094577d0>,28,26,[9 5],29,154,180,125,152
1,<environment.Job instance at 0x7f9d09d7b190>,9,17,[ 3 12],10,181,198,171,177
1,<environment.Job instance at 0x7f9d0a79d780>,6,15,[9 4],7,198,213,191,184
1,<environment.Job instance at 0x7f9d0ac07410>,57,17,[ 1 10],58,204,221,146,204
1,<environment.Job instance at 0x7f9d0abccd20>,60,22,[8 3],61,213,235,152,207
1,<environment.Job instance at 0x7f9d0acafdc0>,0,18,[10  5],1,235,253,234,224
1,<environment.Job instance at 0x7f9d0948baf0>,65,16,[1 7],66,224,240,158,224
1,<environment.Job instance at 0x7f9d0948b550>,66,21,[14  4],67,719,740,652,719
1,<environment.Job instance at 0x7f9d0ab874b0>,4,15,[2 5],5,5,20,0,5
1,<environment.Job instance at 0x7f9d0abdd550>,1,17,[11  4],2,5,22,3,5
1,<environment.Job instance at 0x7f9d0ab87910>,9,15,[7 1],10,22,37,12,10
1,<environment.Job instance at 0x7f9d0ab879b0>,10,17,[2 6],11,11,28,0,11
1,<environment.Job instance at 0x7f9d0ab87c30>,13,22,[5 3],14,22,44,8,15
1,<environment.Job instance at 0x7f9d0ab6d280>,22,18,[10  2],23,37,55,14,26
1,<environment.Job instance at 0x7f9d0ab6d320>,27,17,[2 6],28,44,61,16,33
1,<environment.Job instance at 0x7f9d0ab6d8c0>,32,15,[4 5],33,55,70,22,41
1,<environment.Job instance at 0x7f9d0ab6daa0>,34,17,[3 5],35,61,78,26,49
1,<environment.Job instance at 0x7f9d0ab6deb0>,39,19,[ 3 10],40,70,89,30,60
1,<environment.Job instance at 0x7f9d0ab6df50>,40,15,[7 4],41,78,93,37,64
1,<environment.Job instance at 0x7f9d0ab5f1e0>,44,23,[1 8],45,89,112,44,86
1,<environment.Job instance at 0x7f9d0ab5f320>,46,15,[5 5],47,93,108,46,86
1,<environment.Job instance at 0x7f9d0ab5f3c0>,47,16,[ 2 10],48,112,128,64,99
1,<environment.Job instance at 0x7f9d0ab5f550>,50,18,[5 9],51,128,146,77,117
1,<environment.Job instance at 0x7f9d0ab5f730>,51,17,[2 5],52,117,134,65,117
1,<environment.Job instance at 0x7f9d0ab5f870>,53,19,[1 9],54,146,165,92,136
1,<environment.Job instance at 0x7f9d0ab5f9b0>,55,20,[7 5],56,136,156,80,136
1,<environment.Job instance at 0x7f9d0ab5fa50>,56,14,[11  4],57,156,170,99,141
1,<environment.Job instance at 0x7f9d0a421e10>,57,12,[10  1],58,170,182,112,153
1,<environment.Job instance at 0x7f9d0ab627d0>,60,12,[10  1],61,182,194,121,165
1,<environment.Job instance at 0x7f9d0ab62640>,61,17,[1 9],62,165,182,103,165
1,<environment.Job instance at 0x7f9d0ab62370>,65,12,[ 1 10],66,182,194,116,165
1,<environment.Job instance at 0x7f9d0ab75d20>,68,17,[2 5],69,194,211,125,182
1,<environment.Job instance at 0x7f9d0ab876e0>,7,26,[ 4 10],8,239,265,231,239
1,<environment.Job instance at 0x7f9d0ab87aa0>,14,15,[12  4],15,343,358,328,343
1,<environment.Job instance at 0x7f9d0948b550>,5,18,[9 5],6,770,788,764,770
1,<environment.Job instance at 0x7f9d0946b6e0>,0,27,[ 2 13],1,788,815,787,787
1,<environment.Job instance at 0x7f9d0a663cd0>,0,13,[12  4],1,1,14,0,1
1,<environment.Job instance at 0x7f9d0a663a00>,1,17,[ 5 13],2,14,31,12,2
1,<environment.Job instance at 0x7f9d0a663640>,4,12,[6 3],5,31,43,26,14
1,<environment.Job instance at 0x7f9d0ab7ec30>,8,13,[2 6],9,31,44,22,15
1,<environment.Job instance at 0x7f9d0a98a230>,17,13,[3 9],18,43,56,25,27
1,<environment.Job instance at 0x7f9d0a98a280>,19,21,[8 3],20,44,65,24,36
1,<environment.Job instance at 0x7f9d0ab7e640>,7,12,[4 6],8,56,68,48,41
1,<environment.Job instance at 0x7f9d0a98a320>,30,18,[7 5],31,65,83,34,54
1,<environment.Job instance at 0x7f9d0a98aaf0>,31,15,[2 7],32,68,83,36,55
1,<environment.Job instance at 0x7f9d0a98a960>,33,13,[1 7],34,83,96,49,67
1,<environment.Job instance at 0x7f9d0a98ad20>,34,13,[3 5],35,83,96,48,67
1,<environment.Job instance at 0x7f9d0a98a870>,25,26,[6 3],26,71,97,45,71
1,<environment.Job instance at 0x7f9d0a98ab40>,35,16,[3 9],36,96,112,60,83
1,<environment.Job instance at 0x7f9d0ab67460>,39,12,[7 4],40,97,109,57,83
1,<environment.Job instance at 0x7f9d0ab675f0>,41,14,[8 1],42,109,123,67,94
1,<environment.Job instance at 0x7f9d0a98a550>,36,16,[13  1],37,123,139,86,111
1,<environment.Job instance at 0x7f9d0ab67050>,43,21,[9 1],44,139,160,95,131
1,<environment.Job instance at 0x7f9d0ab678c0>,48,17,[8 4],49,160,177,111,148
1,<environment.Job instance at 0x7f9d0ab67960>,49,12,[8 1],50,177,189,127,160
1,<environment.Job instance at 0x7f9d0ab59280>,50,14,[10  2],51,189,203,138,174
1,<environment.Job instance at 0x7f9d0ab59960>,51,22,[5 5],52,174,196,122,174
1,<environment.Job instance at 0x7f9d0ab597d0>,53,14,[4 9],54,196,210,142,181
1,<environment.Job instance at 0x7f9d0ab59d20>,57,20,[3 6],58,203,223,145,194
1,<environment.Job instance at 0x7f9d0ab59aa0>,59,15,[5 5],60,210,225,150,196
1,<environment.Job instance at 0x7f9d0ab598c0>,61,12,[ 1 10],62,223,235,161,206
1,<environment.Job instance at 0x7f9d0ab59410>,62,21,[6 4],63,225,246,162,217
1,<environment.Job instance at 0x7f9d0ab59a50>,66,16,[5 6],67,235,251,168,222
1,<environment.Job instance at 0x7f9d0ab75280>,68,22,[5 8],69,246,268,177,240
1,<environment.Job instance at 0x7f9d0ab67a00>,44,18,[13  3],45,268,286,223,259
1,<environment.Job instance at 0x7f9d0a6630f0>,2,16,[ 5 14],3,286,302,283,273
1,<environment.Job instance at 0x7f9d0ab7e5f0>,10,15,[14  4],11,787,802,776,787
1,<environment.Job instance at 0x7f9d0ab7e3c0>,9,13,[10  4],10,952,965,942,952
1,<environment.Job instance at 0x7f9d0a1ad410>,3,14,[4 5],4,4,18,0,4
1,<environment.Job instance at 0x7f9d0a1ad960>,0,14,[14  4],1,18,32,17,5
1,<environment.Job instance at 0x7f9d0ab7e3c0>,5,14,[1 7],6,6,20,0,6
1,<environment.Job instance at 0x7f9d09f56550>,15,22,[5 6],16,32,54,16,25
1,<environment.Job instance at 0x7f9d09f56d70>,17,16,[7 4],18,32,48,14,25
1,<environment.Job instance at 0x7f9d09f56690>,18,12,[8 4],19,48,60,29,31
1,<environment.Job instance at 0x7f9d09f564b0>,26,12,[8 4],27,60,72,33,43
1,<environment.Job instance at 0x7f9d09f56aa0>,27,16,[1 8],28,54,70,26,43
1,<environment.Job instance at 0x7f9d0a7289b0>,30,13,[9 3],31,72,85,41,56
1,<environment.Job instance at 0x7f9d0a1addc0>,6,13,[4 5],7,70,83,63,56
1,<environment.Job instance at 0x7f9d0a728820>,36,12,[2 7],37,72,84,35,57
1,<environment.Job instance at 0x7f9d0a7288c0>,40,13,[4 6],41,84,97,43,68
1,<environment.Job instance at 0x7f9d0a728cd0>,42,12,[1 7],43,85,97,42,68
1,<environment.Job instance at 0x7f9d0a728eb0>,43,15,[2 6],44,97,112,53,83
1,<environment.Job instance at 0x7f9d0a728b90>,44,13,[10  1],45,85,98,40,83
1,<environment.Job instance at 0x7f9d09cfac80>,45,18,[1 7],46,97,115,51,86
1,<environment.Job instance at 0x7f9d09cfa870>,46,16,[9 3],47,112,128,65,99
1,<environment.Job instance at 0x7f9d0a728dc0>,35,17,[5 3],36,112,129,76,103
1,<environment.Job instance at 0x7f9d09cfacd0>,50,23,[6 3],51,128,151,77,122
1,<environment.Job instance at 0x7f9d09cfa050>,53,18,[7 4],54,129,147,75,122
1,<environment.Job instance at 0x7f9d09cfad20>,54,14,[ 2 10],55,147,161,92,132
1,<environment.Job instance at 0x7f9d0a0fc500>,57,20,[5 7],58,161,181,103,152
1,<environment.Job instance at 0x7f9d0a0fc910>,60,14,[9 1],61,152,166,91,152
1,<environment.Job instance at 0x7f9d0a0fcaa0>,61,12,[10  4],62,166,178,104,152
1,<environment.Job instance at 0x7f9d0979d0f0>,64,16,[11  3],65,181,197,116,168
1,<environment.Job instance at 0x7f9d0979d550>,65,15,[ 1 10],66,181,196,115,168
1,<environment.Job instance at 0x7f9d0979de60>,66,17,[5 1],67,197,214,130,185
1,<environment.Job instance at 0x7f9d09cfa730>,51,16,[ 2 13],52,197,213,145,186
1,<environment.Job instance at 0x7f9d0a1adbe0>,10,22,[6 5],11,213,235,202,206
1,<environment.Job instance at 0x7f9d0a1adf50>,7,23,[2 6],8,213,236,205,208
1,<environment.Job instance at 0x7f9d0979de10>,68,23,[13  2],69,235,258,166,229
1,<environment.Job instance at 0x7f9d0a992b90>,1,13,[9 2],2,2,15,0,2
1,<environment.Job instance at 0x7f9d0979dcd0>,2,12,[4 7],3,3,15,0,3
1,<environment.Job instance at 0x7f9d09510960>,3,17,[11  4],4,15,32,11,4
1,<environment.Job instance at 0x7f9d09510a50>,6,14,[4 8],7,15,29,8,7
1,<environment.Job instance at 0x7f9d0ac7b9b0>,12,23,[ 1 14],13,32,55,19,26
1,<environment.Job instance at 0x7f9d0ac7b140>,13,24,[12  2],14,55,79,41,50
1,<environment.Job instance at 0x7f9d0952cbe0>,14,28,[3 6],15,55,83,40,54
1,<environment.Job instance at 0x7f9d0952ce60>,15,21,[ 2 14],16,83,104,67,75
1,<environment.Job instance at 0x7f9d0952caa0>,16,15,[13  5],17,104,119,87,90
1,<environment.Job instance at 0x7f9d0ac7b870>,10,14,[8 4],11,119,133,108,107
1,<environment.Job instance at 0x7f9d0952c6e0>,17,20,[4 5],18,119,139,101,110
1,<environment.Job instance at 0x7f9d0952cd20>,19,25,[ 3 10],20,133,158,113,129
1,<environment.Job instance at 0x7f9d0952c690>,20,12,[ 1 12],21,158,170,137,141
1,<environment.Job instance at 0x7f9d0952c8c0>,18,14,[5 7],19,170,184,151,155
1,<environment.Job instance at 0x7f9d09510aa0>,11,24,[14  3],12,184,208,172,179
1,<environment.Job instance at 0x7f9d0a845c80>,28,22,[ 1 10],29,184,206,155,179
1,<environment.Job instance at 0x7f9d0952c500>,21,21,[ 2 12],22,208,229,186,200
1,<environment.Job instance at 0x7f9d095103c0>,8,12,[1 6],9,229,241,220,215
1,<environment.Job instance at 0x7f9d098e6a50>,0,16,[13  5],1,229,245,228,216
1,<environment.Job instance at 0x7f9d0a110550>,37,20,[1 9],38,241,261,203,232
1,<environment.Job instance at 0x7f9d0a1185f0>,38,14,[13  1],39,245,259,206,232
1,<environment.Job instance at 0x7f9d0a110be0>,36,18,[1 6],37,259,277,222,248
1,<environment.Job instance at 0x7f9d0a1100f0>,41,17,[7 3],42,261,278,219,249
1,<environment.Job instance at 0x7f9d09c2a1e0>,47,15,[6 1],48,261,276,213,250
1,<environment.Job instance at 0x7f9d0a11fbe0>,56,16,[9 2],57,278,294,221,265
1,<environment.Job instance at 0x7f9d0a1247d0>,39,18,[ 2 13],40,278,296,238,267
1,<environment.Job instance at 0x7f9d09517500>,61,14,[ 5 14],62,296,310,234,281
1,<environment.Job instance at 0x7f9d095175f0>,62,15,[ 2 14],63,310,325,247,298
1,<environment.Job instance at 0x7f9d09517550>,64,14,[13  5],65,325,339,260,310
1,<environment.Job instance at 0x7f9d095177d0>,65,26,[1 9],66,325,351,259,322
1,<environment.Job instance at 0x7f9d09517820>,66,22,[ 4 11],67,351,373,284,344
1,<environment.Job instance at 0x7f9d09517c30>,67,18,[5 5],68,373,391,305,362
1,<environment.Job instance at 0x7f9d09517280>,68,24,[10  5],69,373,397,304,368
1,<environment.Job instance at 0x7f9d09517190>,63,20,[1 5],64,391,411,327,385
1,<environment.Job instance at 0x7f9d0a850aa0>,29,26,[3 8],30,4479,4505,4449,4479
1,<environment.Job instance at 0x7f9d0ac93820>,0,28,[ 5 11],1,2,30,1,2
1,<environment.Job instance at 0x7f9d0a850aa0>,2,14,[10  1],3,3,17,0,3
1,<environment.Job instance at 0x7f9d0a0706e0>,18,17,[8 4],19,19,36,0,19
1,<environment.Job instance at 0x7f9d0a070050>,19,16,[7 2],20,30,46,10,20
1,<environment.Job instance at 0x7f9d0a0707d0>,22,14,[8 5],23,36,50,13,23
1,<environment.Job instance at 0x7f9d0a0701e0>,24,19,[6 4],25,46,65,21,36
1,<environment.Job instance at 0x7f9d0ac93b90>,25,16,[1 6],26,46,62,20,36
1,<environment.Job instance at 0x7f9d0a070d20>,26,14,[1 8],27,62,76,35,47
1,<environment.Job instance at 0x7f9d0a070640>,27,22,[7 2],28,50,72,22,47
1,<environment.Job instance at 0x7f9d0a070eb0>,28,15,[10  1],29,72,87,43,59
1,<environment.Job instance at 0x7f9d096a50a0>,33,16,[3 7],34,76,92,42,63
1,<environment.Job instance at 0x7f9d096a54b0>,38,14,[1 7],39,76,90,37,63
1,<environment.Job instance at 0x7f9d096a5c80>,40,13,[5 5],41,90,103,49,74
1,<environment.Job instance at 0x7f9d096a5500>,42,19,[2 6],43,92,111,49,82
1,<environment.Job instance at 0x7f9d096a52d0>,46,18,[2 5],47,103,121,56,92
1,<environment.Job instance at 0x7f9d0ac934b0>,6,24,[7 1],7,92,116,85,92
1,<environment.Job instance at 0x7f9d096a5be0>,51,18,[3 9],52,111,129,59,100
1,<environment.Job instance at 0x7f9d0ad08d70>,53,16,[1 7],54,129,145,75,116
1,<environment.Job instance at 0x7f9d0ad08550>,57,17,[5 7],58,129,146,71,117
1,<environment.Job instance at 0x7f9d0ad085a0>,58,17,[6 2],59,145,162,86,133
1,<environment.Job instance at 0x7f9d0ad08a50>,61,15,[8 2],62,146,161,84,133
1,<environment.Job instance at 0x7f9d0ad08c80>,65,16,[10  3],66,162,178,96,149
1,<environment.Job instance at 0x7f9d096a5a00>,50,21,[13  4],51,370,391,319,370
1,<environment.Job instance at 0x7f9d0ac931e0>,3,18,[3 8],4,391,409,387,380
1,<environment.Job instance at 0x7f9d093d1a00>,0,13,[12  1],1,1,14,0,1
1,<environment.Job instance at 0x7f9d0ac931e0>,2,20,[5 3],3,14,34,11,5
1,<environment.Job instance at 0x7f9d09461dc0>,7,20,[8 1],8,14,34,6,9
1,<environment.Job instance at 0x7f9d0945c0a0>,11,16,[4 6],12,34,50,22,21
1,<environment.Job instance at 0x7f9d0945c870>,22,15,[3 7],23,34,49,11,30
1,<environment.Job instance at 0x7f9d09461e10>,8,13,[14  2],9,50,63,41,36
1,<environment.Job instance at 0x7f9d09461e60>,12,15,[5 1],13,63,78,50,49
1,<environment.Job instance at 0x7f9d0945ca50>,25,19,[2 5],26,63,82,37,55
1,<environment.Job instance at 0x7f9d0945cf50>,34,22,[1 8],35,74,96,39,74
1,<environment.Job instance at 0x7f9d094574b0>,37,16,[9 1],38,78,94,40,74
1,<environment.Job instance at 0x7f9d09457050>,44,14,[3 7],45,94,108,49,80
1,<environment.Job instance at 0x7f9d09457af0>,45,20,[5 1],46,96,116,50,89
1,<environment.Job instance at 0x7f9d09457d20>,52,18,[3 5],53,96,114,43,89
1,<environment.Job instance at 0x7f9d09457cd0>,54,18,[5 6],55,108,126,53,97
1,<environment.Job instance at 0x7f9d094575a0>,56,15,[ 4 10],57,126,141,69,112
1,<environment.Job instance at 0x7f9d0945cb90>,27,16,[8 4],28,116,132,88,114
1,<environment.Job instance at 0x7f9d0943f050>,59,21,[11  1],60,132,153,72,129
1,<environment.Job instance at 0x7f9d0943f0f0>,60,20,[3 8],61,141,161,80,138
1,<environment.Job instance at 0x7f9d0943f2d0>,62,13,[3 9],63,161,174,98,145
1,<environment.Job instance at 0x7f9d0943f230>,61,18,[11  1],62,153,171,91,145
1,<environment.Job instance at 0x7f9d0943f460>,65,15,[ 2 13],66,174,189,108,160
1,<environment.Job instance at 0x7f9d0943f550>,66,17,[13  4],67,189,206,122,177
1,<environment.Job instance at 0x7f9d0943f5f0>,67,28,[ 1 12],68,206,234,138,205
1,<environment.Job instance at 0x7f9d0943f690>,68,17,[1 5],69,234,251,165,222
1,<environment.Job instance at 0x7fd7512cf320>,1,15,[5 2],2,2,17,0,2
1,<environment.Job instance at 0x7fd747ce3be0>,5,18,[7 5],6,6,24,0,6
1,<environment.Job instance at 0x7fd747ce3dc0>,7,12,[7 2],8,17,29,9,8
1,<environment.Job instance at 0x7fd747ce60a0>,11,14,[10  4],12,29,43,17,14
1,<environment.Job instance at 0x7fd747ce3d20>,12,22,[4 6],13,24,46,11,19
1,<environment.Job instance at 0x7fd747ce65f0>,19,21,[14  4],20,46,67,26,38
1,<environment.Job instance at 0x7fd747ce6550>,18,18,[3 6],19,67,85,48,56
1,<environment.Job instance at 0x7fd747ce6910>,23,18,[7 4],24,67,85,43,56
1,<environment.Job instance at 0x7fd747ce66e0>,20,18,[7 5],21,85,103,64,74
1,<environment.Job instance at 0x7fd747ce6b90>,27,25,[14  4],28,103,128,75,99
1,<environment.Job instance at 0x7fd747ce6d20>,29,24,[5 1],30,128,152,98,123
1,<environment.Job instance at 0x7fd747ce6dc0>,30,15,[8 2],31,128,143,97,123
1,<environment.Job instance at 0x7fd747ce6e60>,31,13,[4 5],32,143,156,111,127
1,<environment.Job instance at 0x7fd747ce6cd0>,32,14,[14  3],33,156,170,123,141
1,<environment.Job instance at 0x7fd747ce6fa0>,33,16,[9 3],34,170,186,136,157
1,<environment.Job instance at 0x7fd747ce6730>,34,20,[5 3],35,170,190,135,161
1,<environment.Job instance at 0x7fd747ce6c30>,28,20,[5 8],29,186,206,157,177
1,<environment.Job instance at 0x7fd747cea370>,39,13,[5 4],40,190,203,150,190
1,<environment.Job instance at 0x7fd747cea730>,44,14,[8 4],45,203,217,158,195
1,<environment.Job instance at 0x7fd747cea910>,47,16,[6 2],48,206,222,158,200
1,<environment.Job instance at 0x7fd747ceae10>,55,15,[6 2],56,217,232,161,203
1,<environment.Job instance at 0x7fd747cec140>,67,13,[3 5],68,219,232,151,219
1,<environment.Job instance at 0x7fd747cec910>,71,13,[7 2],72,232,245,160,224
1,<environment.Job instance at 0x7fd747cec9b0>,72,18,[5 5],73,227,245,154,227
1,<environment.Job instance at 0x7fd7512cf230>,0,24,[2 8],1,232,256,231,227
1,<environment.Job instance at 0x7fd747ce6f50>,35,23,[11  2],36,245,268,209,239
1,<environment.Job instance at 0x7fd747cecc30>,74,14,[9 1],75,268,282,193,253
1,<environment.Job instance at 0x7fd747cecd70>,78,13,[1 5],79,253,266,174,253
1,<environment.Job instance at 0x7fd747cecb40>,76,18,[ 2 10],77,266,284,189,255
1,<environment.Job instance at 0x7fd747cecbe0>,75,19,[8 3],76,318,337,242,318
1,<environment.Job instance at 0x7fd747ce3fa0>,9,17,[8 1],10,1107,1124,1097,1107
1,<environment.Job instance at 0x7fd747ceff50>,1,17,[2 7],2,2,19,0,2
1,<environment.Job instance at 0x7fd747424fa0>,2,24,[10  3],3,3,27,0,3
1,<environment.Job instance at 0x7fd74741c460>,7,17,[7 4],8,27,44,19,17
1,<environment.Job instance at 0x7fd74741c5a0>,14,16,[ 5 14],15,44,60,29,33
1,<environment.Job instance at 0x7fd747429960>,19,14,[6 1],20,33,47,13,33
1,<environment.Job instance at 0x7fd7474290f0>,20,22,[ 2 14],21,60,82,39,53
1,<environment.Job instance at 0x7fd747429230>,21,18,[13  3],22,82,100,60,72
1,<environment.Job instance at 0x7fd747429af0>,22,12,[10  1],23,100,112,77,83
1,<environment.Job instance at 0x7fd747429cd0>,23,22,[ 4 11],24,100,122,76,93
1,<environment.Job instance at 0x7fd747429f00>,18,20,[10  4],19,112,132,93,103
1,<environment.Job instance at 0x7fd747429910>,27,17,[5 6],28,122,139,94,110
1,<environment.Job instance at 0x7fd747429370>,30,15,[2 6],31,132,147,101,118
1,<environment.Job instance at 0x7fd747426550>,34,20,[5 7],35,139,159,104,130
1,<environment.Job instance at 0x7fd747426a00>,37,21,[1 6],38,147,168,109,139
1,<environment.Job instance at 0x7fd747426c30>,39,14,[9 1],40,147,161,107,139
1,<environment.Job instance at 0x7fd747426960>,40,15,[9 2],41,161,176,120,147
1,<environment.Job instance at 0x7fd747427eb0>,43,16,[1 8],44,168,184,124,155
1,<environment.Job instance at 0x7fd7472fa190>,48,19,[1 9],49,184,203,135,174
1,<environment.Job instance at 0x7fd754e380a0>,49,19,[4 7],50,203,222,153,193
1,<environment.Job instance at 0x7fd7472fa460>,50,21,[4 6],51,193,214,142,193
1,<environment.Job instance at 0x7fd747363820>,54,22,[2 9],55,222,244,167,215
1,<environment.Job instance at 0x7fd7472f7280>,55,16,[5 2],56,215,231,159,215
1,<environment.Job instance at 0x7fd74736f690>,62,18,[10  5],63,231,249,168,220
1,<environment.Job instance at 0x7fd74734f7d0>,70,15,[6 2],71,249,264,178,235
1,<environment.Job instance at 0x7fd74734f0a0>,71,15,[6 2],72,249,264,177,235
1,<environment.Job instance at 0x7fd747bda460>,75,13,[2 6],76,244,257,168,235
1,<environment.Job instance at 0x7fd7473132d0>,77,16,[6 2],78,264,280,186,251
1,<environment.Job instance at 0x7fd747406280>,17,27,[5 8],18,264,291,246,262
1,<environment.Job instance at 0x7fd74741c410>,10,22,[5 5],11,280,302,269,274
1,<environment.Job instance at 0x7fd747d90140>,0,19,[8 4],1,291,310,290,281
1,<environment.Job instance at 0x7fd74728af50>,7,13,[4 5],8,8,21,0,8
1,<environment.Job instance at 0x7fd74728aaf0>,8,22,[ 2 10],9,9,31,0,9
1,<environment.Job instance at 0x7fd7513779b0>,14,21,[9 1],15,21,42,6,16
1,<environment.Job instance at 0x7fd74728a0f0>,12,22,[6 4],13,31,53,18,24
1,<environment.Job instance at 0x7fd751377fa0>,15,14,[11  3],16,53,67,37,39
1,<environment.Job instance at 0x7fd751377e10>,11,18,[ 4 10],12,42,60,30,39
1,<environment.Job instance at 0x7fd751377230>,21,13,[ 4 10],22,60,73,38,44
1,<environment.Job instance at 0x7fd751377a00>,22,14,[4 7],23,73,87,50,58
1,<environment.Job instance at 0x7fd751377050>,24,12,[ 2 11],25,87,99,62,70
1,<environment.Job instance at 0x7fd751377280>,25,19,[5 1],26,70,89,44,70
1,<environment.Job instance at 0x7fd751377870>,26,24,[8 2],27,87,111,60,82
1,<environment.Job instance at 0x7fd751377690>,13,16,[7 1],14,99,115,85,87
1,<environment.Job instance at 0x7fd751377be0>,27,22,[1 7],28,111,133,83,104
1,<environment.Job instance at 0x7fd7472faf00>,29,26,[3 6],30,111,137,81,108
1,<environment.Job instance at 0x7fd7472fafa0>,30,12,[11  1],31,115,127,84,109
1,<environment.Job instance at 0x7fd7472fa780>,31,12,[ 5 11],32,137,149,105,120
1,<environment.Job instance at 0x7fd7472fad70>,32,15,[ 3 11],33,149,164,116,135
1,<environment.Job instance at 0x7fd74728aeb0>,0,15,[8 3],1,139,154,138,139
1,<environment.Job instance at 0x7fd7472fab40>,34,24,[ 1 11],35,164,188,129,159
1,<environment.Job instance at 0x7fd751377aa0>,18,27,[9 4],19,162,189,143,162
1,<environment.Job instance at 0x7fd7472fa960>,36,14,[14  4],37,189,203,152,175
1,<environment.Job instance at 0x7fd7472fadc0>,37,25,[5 4],38,203,228,165,199
1,<environment.Job instance at 0x7fd7472faaa0>,33,24,[ 1 10],34,199,223,165,199
1,<environment.Job instance at 0x7fd7472fa730>,39,16,[ 3 12],40,228,244,188,215
1,<environment.Job instance at 0x7fd751377320>,17,18,[10  1],18,228,246,210,228
1,<environment.Job instance at 0x7fd7472d7820>,48,17,[10  2],49,246,263,197,234
1,<environment.Job instance at 0x7fd7472d7320>,54,17,[2 9],55,244,261,189,234
1,<environment.Job instance at 0x7fd7472d7960>,56,17,[10  4],57,263,280,206,251
1,<environment.Job instance at 0x7fd7472faeb0>,40,23,[5 8],41,261,284,220,255
1,<environment.Job instance at 0x7fd7472dbaa0>,60,12,[5 9],61,284,296,223,267
1,<environment.Job instance at 0x7fd7472fa410>,38,17,[10  5],39,280,297,241,275
1,<environment.Job instance at 0x7fd7472dbb90>,62,20,[5 7],63,296,316,233,287
1,<environment.Job instance at 0x7fd7472db910>,63,15,[5 9],64,316,331,252,302
1,<environment.Job instance at 0x7fd7472db730>,64,28,[4 8],65,331,359,266,330
1,<environment.Job instance at 0x7fd7472db280>,61,14,[2 9],62,359,373,297,344
1,<environment.Job instance at 0x7fd7472dbf00>,65,23,[14  3],66,373,396,307,367
1,<environment.Job instance at 0x7fd7472db5a0>,67,15,[5 6],68,396,411,328,382
1,<environment.Job instance at 0x7fd7472db0a0>,66,23,[3 8],67,396,419,329,392
1,<environment.Job instance at 0x7fd7472db5f0>,69,17,[ 3 11],70,419,436,349,407
1,<environment.Job instance at 0x7fd7472db780>,70,15,[ 5 10],71,436,451,365,422
1,<environment.Job instance at 0x7fd7472dba50>,71,27,[7 2],72,422,449,350,422
1,<environment.Job instance at 0x7fd7472df190>,72,16,[14  3],73,451,467,378,438
1,<environment.Job instance at 0x7fd7472dfd70>,73,12,[11  4],74,467,479,393,453
1,<environment.Job instance at 0x7fd7472df230>,74,15,[14  3],75,479,494,404,467
1,<environment.Job instance at 0x7fd7472dfbe0>,75,28,[6 4],76,494,522,418,493
1,<environment.Job instance at 0x7fd7472dfaf0>,76,13,[ 5 13],77,522,535,445,506
1,<environment.Job instance at 0x7fd7472df7d0>,77,20,[5 2],78,506,526,428,506
1,<environment.Job instance at 0x7fd7472df0a0>,78,20,[7 4],79,535,555,456,526
1,<environment.Job instance at 0x7fd7472db640>,68,28,[11  1],69,561,589,492,561
1,<environment.Job instance at 0x7fd7480f0eb0>,3,18,[8 5],4,4,22,0,4
1,<environment.Job instance at 0x7fd7480f03c0>,5,15,[11  2],6,22,37,16,8
1,<environment.Job instance at 0x7fd7480f00a0>,10,17,[2 6],11,11,28,0,11
1,<environment.Job instance at 0x7fd7480f08c0>,12,17,[8 5],13,37,54,24,25
1,<environment.Job instance at 0x7fd747fd0780>,18,17,[1 7],19,27,44,8,27
1,<environment.Job instance at 0x7fd747fd0e60>,20,12,[6 2],21,37,49,16,27
1,<environment.Job instance at 0x7fd747fd0a00>,24,12,[1 8],25,44,56,19,28
1,<environment.Job instance at 0x7fd7480f04b0>,9,21,[6 4],10,54,75,44,47
1,<environment.Job instance at 0x7fd748185410>,28,13,[3 5],29,56,69,27,47
1,<environment.Job instance at 0x7fd7480f05a0>,13,24,[ 5 11],14,69,93,55,64
1,<environment.Job instance at 0x7fd748185140>,36,18,[4 9],37,93,111,56,90
1,<environment.Job instance at 0x7fd748185960>,30,27,[13  4],31,111,138,80,109
1,<environment.Job instance at 0x7fd7480f0640>,14,19,[10  4],15,138,157,123,130
1,<environment.Job instance at 0x7fd7481858c0>,37,20,[3 7],38,148,168,110,148
1,<environment.Job instance at 0x7fd748186be0>,49,16,[7 2],50,157,173,107,149
1,<environment.Job instance at 0x7fd7481851e0>,38,27,[ 3 13],39,168,195,129,166
1,<environment.Job instance at 0x7fd748186140>,52,12,[2 7],53,195,207,142,178
1,<environment.Job instance at 0x7fd748186230>,53,24,[2 7],54,195,219,141,191
1,<environment.Job instance at 0x7fd748186d20>,56,18,[7 1],57,200,218,143,200
1,<environment.Job instance at 0x7fd748186960>,61,15,[4 8],62,218,233,156,204
1,<environment.Job instance at 0x7fd748185aa0>,39,20,[14  3],40,233,253,193,224
1,<environment.Job instance at 0x7fd74786c460>,64,16,[ 2 11],65,253,269,188,240
1,<environment.Job instance at 0x7fd74786c5a0>,65,24,[8 2],66,253,277,187,248
1,<environment.Job instance at 0x7fd74826e050>,66,14,[5 3],67,269,283,202,254
1,<environment.Job instance at 0x7fd74826e140>,67,14,[8 5],68,277,291,209,262
1,<environment.Job instance at 0x7fd748186f50>,54,25,[11  5],55,584,609,529,584
1,<environment.Job instance at 0x7fd7513520f0>,0,14,[7 2],1,1,15,0,1
1,<environment.Job instance at 0x7fd74771d550>,4,16,[8 3],5,5,21,0,5
1,<environment.Job instance at 0x7fd74771dc80>,12,13,[ 4 10],13,15,28,2,13
1,<environment.Job instance at 0x7fd74771d5a0>,13,16,[2 8],14,28,44,14,15
1,<environment.Job instance at 0x7fd74772e960>,15,13,[2 5],16,21,34,5,16
1,<environment.Job instance at 0x7fd747647fa0>,19,19,[1 8],20,44,63,24,34
1,<environment.Job instance at 0x7fd74771dcd0>,20,12,[4 7],21,34,46,13,34
1,<environment.Job instance at 0x7fd747730050>,22,18,[11  4],23,46,64,23,36
1,<environment.Job instance at 0x7fd747730870>,24,20,[7 3],25,64,84,39,55
1,<environment.Job instance at 0x7fd747730230>,27,17,[6 3],28,64,81,36,55
1,<environment.Job instance at 0x7fd747730aa0>,30,17,[2 8],31,63,80,32,55
1,<environment.Job instance at 0x7fd7480fd9b0>,36,15,[5 7],37,81,96,44,67
1,<environment.Job instance at 0x7fd747642230>,40,17,[5 4],41,84,101,43,72
1,<environment.Job instance at 0x7fd7480dca00>,43,14,[4 9],44,96,110,52,81
1,<environment.Job instance at 0x7fd747b50820>,44,12,[8 2],45,101,113,56,84
1,<environment.Job instance at 0x7fd7480dccd0>,46,18,[8 1],47,113,131,66,102
1,<environment.Job instance at 0x7fd7487f1050>,47,13,[7 5],48,110,123,62,102
1,<environment.Job instance at 0x7fd7487f1be0>,48,13,[1 7],49,123,136,74,107
1,<environment.Job instance at 0x7fd747b3bd70>,52,15,[10  5],53,131,146,78,117
1,<environment.Job instance at 0x7fd747b3bdc0>,54,19,[3 9],55,136,155,81,126
1,<environment.Job instance at 0x7fd747b3bcd0>,58,15,[4 9],59,155,170,96,141
1,<environment.Job instance at 0x7fd747b39910>,60,14,[3 6],61,146,160,85,141
1,<environment.Job instance at 0x7fd747b39a50>,63,21,[8 2],64,160,181,96,152
1,<environment.Job instance at 0x7fd747b39870>,65,12,[9 3],66,181,193,115,164
1,<environment.Job instance at 0x7fd747b39b90>,71,16,[4 8],72,170,186,98,164
1,<environment.Job instance at 0x7fd7487fb870>,72,12,[9 1],73,193,205,120,176
1,<environment.Job instance at 0x7fd7487fb8c0>,73,21,[3 9],74,186,207,112,178
1,<environment.Job instance at 0x7fd7487fb960>,74,22,[7 4],75,205,227,130,198
1,<environment.Job instance at 0x7fd7487fbaa0>,76,12,[5 4],77,207,219,130,198
1,<environment.Job instance at 0x7fd74771da00>,11,22,[4 8],12,219,241,207,212
1,<environment.Job instance at 0x7fd74771d3c0>,6,22,[9 4],7,227,249,220,220
1,<environment.Job instance at 0x7fd7513523c0>,1,19,[8 2],2,249,268,247,239
1,<environment.Job instance at 0x7fd7479ea460>,1,16,[ 1 11],2,2,18,0,2
1,<environment.Job instance at 0x7fd7479ea1e0>,3,12,[ 1 10],4,18,30,14,4
1,<environment.Job instance at 0x7fd7479eabe0>,5,14,[9 5],6,18,32,12,6
1,<environment.Job instance at 0x7fd747b6e050>,8,17,[2 8],9,30,47,21,22
1,<environment.Job instance at 0x7fd747b6eaa0>,24,20,[2 8],25,47,67,22,38
1,<environment.Job instance at 0x7fd747b6eb90>,27,21,[5 9],28,67,88,39,59
1,<environment.Job instance at 0x7fd7480e4960>,34,15,[6 4],35,59,74,24,59
1,<environment.Job instance at 0x7fd7479ea140>,0,17,[2 6],1,74,91,73,62
1,<environment.Job instance at 0x7fd7480e4780>,38,13,[7 1],39,88,101,49,72
1,<environment.Job instance at 0x7fd7480e4c80>,39,16,[2 6],40,88,104,48,75
1,<environment.Job instance at 0x7fd7480e4b90>,44,22,[5 3],45,91,113,46,84
1,<environment.Job instance at 0x7fd7480e4690>,48,17,[9 1],49,104,121,55,92
1,<environment.Job instance at 0x7fd7480e4410>,51,16,[1 8],52,104,120,52,92
1,<environment.Job instance at 0x7fd7480fd4b0>,54,12,[3 5],55,113,125,58,96
1,<environment.Job instance at 0x7fd7480fd550>,55,14,[5 8],56,121,135,65,106
1,<environment.Job instance at 0x7fd7480fd5a0>,59,19,[6 4],60,125,144,65,117
1,<environment.Job instance at 0x7fd7480fd5f0>,60,22,[5 6],61,135,157,74,128
1,<environment.Job instance at 0x7fd7480fdeb0>,65,14,[3 6],66,144,158,78,130
1,<environment.Job instance at 0x7fd7480fd640>,68,13,[1 9],69,157,170,88,141
1,<environment.Job instance at 0x7fd7480fd230>,69,16,[2 5],70,158,174,88,145
1,<environment.Job instance at 0x7fd74812dbe0>,73,14,[1 9],74,170,184,96,155
1,<environment.Job instance at 0x7fd74812dd70>,75,21,[5 4],76,174,195,98,166
1,<environment.Job instance at 0x7fd747b6e8c0>,10,16,[ 1 10],11,634,650,623,634
1,<environment.Job instance at 0x7fd7480e4640>,37,15,[ 5 13],38,650,665,612,636
1,<environment.Job instance at 0x7fd747b6ea00>,23,16,[11  1],24,665,681,641,664
1,<environment.Job instance at 0x7fd747b6e410>,25,14,[11  5],26,979,993,953,979
1,<environment.Job instance at 0x7fd748121140>,0,14,[8 1],1,1,15,0,1
1,<environment.Job instance at 0x7fd747b6e410>,2,23,[9 3],3,15,38,12,9
1,<environment.Job instance at 0x7fd74788bc80>,7,12,[1 6],8,23,35,15,23
1,<environment.Job instance at 0x7fd74788bd20>,8,14,[ 1 13],9,38,52,29,23
1,<environment.Job instance at 0x7fd74788be60>,13,27,[11  1],14,38,65,24,36
1,<environment.Job instance at 0x7fd74788be10>,12,14,[ 4 10],13,52,66,39,38
1,<environment.Job instance at 0x7fd7478931e0>,15,14,[8 2],16,65,79,49,50
1,<environment.Job instance at 0x7fd74788bc30>,14,17,[2 5],15,66,83,51,54
1,<environment.Job instance at 0x7fd7478935a0>,21,18,[5 8],22,68,86,46,68
1,<environment.Job instance at 0x7fd747893640>,22,19,[ 2 14],23,86,105,63,81
1,<environment.Job instance at 0x7fd747893870>,23,17,[6 1],24,83,100,59,83
1,<environment.Job instance at 0x7fd74788bd70>,10,27,[ 4 10],11,105,132,94,103
1,<environment.Job instance at 0x7fd747893910>,25,12,[ 2 10],26,132,144,106,115
1,<environment.Job instance at 0x7fd7478939b0>,26,15,[9 2],27,115,130,88,115
1,<environment.Job instance at 0x7fd747893a50>,27,21,[3 9],28,144,165,116,136
1,<environment.Job instance at 0x7fd747893af0>,28,17,[7 3],29,136,153,107,136
1,<environment.Job instance at 0x7fd747893b90>,29,18,[11  5],30,154,172,124,154
1,<environment.Job instance at 0x7fd747893c30>,30,28,[7 2],31,172,200,141,171
1,<environment.Job instance at 0x7fd747893cd0>,31,20,[14  4],32,200,220,168,192
1,<environment.Job instance at 0x7fd747893d70>,32,21,[13  5],33,220,241,187,213
1,<environment.Job instance at 0x7fd747893e10>,33,18,[4 7],34,241,259,207,230
1,<environment.Job instance at 0x7fd747893eb0>,34,14,[ 1 12],35,259,273,224,244
1,<environment.Job instance at 0x7fd747893f50>,35,15,[14  3],36,259,274,223,245
1,<environment.Job instance at 0x7fd747893820>,36,20,[2 6],37,274,294,237,265
1,<environment.Job instance at 0x7fd747893e60>,37,23,[ 2 13],38,294,317,256,288
1,<environment.Job instance at 0x7fd747896230>,38,25,[1 6],39,317,342,278,313
1,<environment.Job instance at 0x7fd7478937d0>,24,24,[14  2],25,317,341,292,313
1,<environment.Job instance at 0x7fd74788bcd0>,9,16,[7 3],10,341,357,331,329
1,<environment.Job instance at 0x7fd747896320>,40,23,[7 1],41,341,364,300,335
1,<environment.Job instance at 0x7fd747896460>,42,24,[2 5],43,357,381,314,352
1,<environment.Job instance at 0x7fd747896500>,43,16,[8 4],44,364,380,320,352
1,<environment.Job instance at 0x7fd7478965a0>,44,12,[ 2 13],45,381,393,336,364
1,<environment.Job instance at 0x7fd7478963c0>,41,17,[10  4],42,393,410,351,385
1,<environment.Job instance at 0x7fd7478966e0>,46,15,[5 7],47,393,408,346,385
1,<environment.Job instance at 0x7fd747893500>,20,21,[9 1],21,410,431,389,403
1,<environment.Job instance at 0x7fd7478968c0>,49,19,[10  1],50,431,450,381,421
1,<environment.Job instance at 0x7fd747896640>,45,27,[4 9],46,421,448,375,421
1,<environment.Job instance at 0x7fd7478960a0>,50,12,[8 1],51,450,462,399,433
1,<environment.Job instance at 0x7fd747896e10>,56,13,[10  5],57,462,475,405,446
1,<environment.Job instance at 0x7fd747896fa0>,59,12,[5 5],60,448,460,388,446
1,<environment.Job instance at 0x7fd7478969b0>,51,18,[9 4],52,475,493,423,464
1,<environment.Job instance at 0x7fd747896190>,61,22,[4 9],62,471,493,409,471
1,<environment.Job instance at 0x7fd7478a2230>,62,19,[ 5 13],63,493,512,430,483
1,<environment.Job instance at 0x7fd7478a2370>,64,13,[ 5 10],65,512,525,447,496
1,<environment.Job instance at 0x7fd7478a2410>,65,15,[7 2],66,496,511,430,496
1,<environment.Job instance at 0x7fd7478a24b0>,66,12,[13  4],67,525,537,458,508
1,<environment.Job instance at 0x7fd7478a2550>,67,12,[14  4],68,537,549,469,520
1,<environment.Job instance at 0x7fd7478a2690>,68,12,[ 1 13],69,549,561,480,532
1,<environment.Job instance at 0x7fd7478a22d0>,63,21,[4 9],64,561,582,497,553
1,<environment.Job instance at 0x7fd7478a25a0>,69,15,[2 6],70,569,584,499,569
1,<environment.Job instance at 0x7fd7478a2b40>,76,13,[12  1],77,582,595,505,569
1,<environment.Job instance at 0x7fd7478a2be0>,77,14,[ 3 10],78,584,598,506,569
1,<environment.Job instance at 0x7fd7478a2aa0>,75,17,[ 5 10],76,598,615,522,586
1,<environment.Job instance at 0x7fd747896780>,47,24,[10  2],48,595,619,547,590
1,<environment.Job instance at 0x7fd7481219b0>,1,23,[8 4],2,619,642,617,613
1,<environment.Job instance at 0x7fd7478a2c80>,78,24,[3 9],79,1236,1260,1157,1236
1,<environment.Job instance at 0x7fd7474444b0>,7,14,[7 5],8,8,22,0,8
1,<environment.Job instance at 0x7fd7477050a0>,0,20,[6 5],1,8,28,7,8
1,<environment.Job instance at 0x7fd747444690>,8,12,[6 1],9,22,34,13,9
1,<environment.Job instance at 0x7fd74a8e61e0>,12,14,[9 5],13,28,42,15,13
1,<environment.Job instance at 0x7fd7475f8eb0>,20,12,[8 2],21,42,54,21,25
1,<environment.Job instance at 0x7fd7475f8190>,24,16,[5 5],25,34,50,9,25
1,<environment.Job instance at 0x7fd74782e5f0>,27,19,[5 7],28,50,69,22,40
1,<environment.Job instance at 0x7fd7475f8e60>,28,18,[1 5],29,40,58,11,40
1,<environment.Job instance at 0x7fd74782eb40>,31,17,[7 4],32,58,75,26,46
1,<environment.Job instance at 0x7fd74782e730>,33,12,[4 8],34,69,81,35,52
1,<environment.Job instance at 0x7fd74782e8c0>,39,12,[5 5],40,75,87,35,58
1,<environment.Job instance at 0x7fd74782e3c0>,41,17,[2 7],42,81,98,39,69
1,<environment.Job instance at 0x7fd74a8e6690>,14,18,[12  3],15,87,105,72,76
1,<environment.Job instance at 0x7fd7475e0140>,42,14,[4 9],43,105,119,62,91
1,<environment.Job instance at 0x7fd7475e0870>,45,12,[4 8],46,119,131,73,104
1,<environment.Job instance at 0x7fd7480cb730>,55,16,[5 5],56,105,121,49,104
1,<environment.Job instance at 0x7fd7480cb1e0>,57,17,[4 5],58,121,138,63,109
1,<environment.Job instance at 0x7fd7480cb690>,58,13,[8 5],59,131,144,72,115
1,<environment.Job instance at 0x7fd7480cb8c0>,59,13,[3 9],60,138,151,78,128
1,<environment.Job instance at 0x7fd74747d640>,61,16,[6 5],62,144,160,82,131
1,<environment.Job instance at 0x7fd74747d5f0>,65,12,[1 9],66,151,163,85,136
1,<environment.Job instance at 0x7fd74747d4b0>,66,15,[8 2],67,160,175,93,146
1,<environment.Job instance at 0x7fd74747d7d0>,67,21,[7 2],68,163,184,95,155
1,<environment.Job instance at 0x7fd74747df00>,68,15,[ 5 10],69,175,190,106,163
1,<environment.Job instance at 0x7fd7475fcfa0>,71,13,[6 1],72,184,197,112,168
1,<environment.Job instance at 0x7fd7475fcc80>,72,13,[1 8],73,190,203,117,176
1,<environment.Job instance at 0x7fd7475fc320>,73,21,[10  4],74,197,218,123,190
1,<environment.Job instance at 0x7fd7475fca50>,75,13,[ 5 10],76,203,216,127,195
1,<environment.Job instance at 0x7fd7475fc8c0>,76,15,[6 1],77,218,233,141,204
1,<environment.Job instance at 0x7fd7475fc640>,78,14,[6 5],79,218,232,139,209
1,<environment.Job instance at 0x7fd7475e0a50>,43,18,[14  1],44,233,251,189,222
1,<environment.Job instance at 0x7fd747444aa0>,9,28,[ 3 10],10,251,279,241,250
1,<environment.Job instance at 0x7fd7475f81e0>,21,28,[ 1 12],22,562,590,540,562
1,<environment.Job instance at 0x7fd747444550>,10,21,[5 1],11,618,639,607,618
1,<environment.Job instance at 0x7fd747968230>,0,12,[1 5],1,1,13,0,1
1,<environment.Job instance at 0x7fd747968e10>,1,24,[ 4 10],2,2,26,0,2
1,<environment.Job instance at 0x7fd748700dc0>,7,21,[1 9],8,26,47,18,18
1,<environment.Job instance at 0x7fd748700eb0>,10,21,[5 4],11,18,39,7,18
1,<environment.Job instance at 0x7fd748700730>,12,20,[4 5],13,39,59,26,30
1,<environment.Job instance at 0x7fd74837eeb0>,19,14,[6 5],20,47,61,27,32
1,<environment.Job instance at 0x7fd74837e320>,20,13,[5 8],21,59,72,38,43
1,<environment.Job instance at 0x7fd74837e4b0>,27,13,[7 5],28,61,74,33,45
1,<environment.Job instance at 0x7fd7486ea8c0>,40,15,[10  4],41,74,89,33,60
1,<environment.Job instance at 0x7fd747f47140>,42,17,[3 9],43,72,89,29,60
1,<environment.Job instance at 0x7fd747c11500>,63,18,[6 5],64,89,107,25,78
1,<environment.Job instance at 0x7fd74766aa00>,72,18,[5 8],73,89,107,16,78
1,<environment.Job instance at 0x7fd74766acd0>,77,18,[6 5],78,107,125,29,96
1,<environment.Job instance at 0x7fd7482a3eb0>,78,17,[9 4],79,107,124,28,96
1,<environment.Job instance at 0x7fd74a8be1e0>,1,18,[5 7],2,2,20,0,2
1,<environment.Job instance at 0x7fd747dc0140>,2,15,[6 2],3,3,18,0,3
1,<environment.Job instance at 0x7fd747dc0c80>,10,19,[5 6],11,18,37,7,12
1,<environment.Job instance at 0x7fd747dc0190>,9,22,[1 7],10,20,42,10,14
1,<environment.Job instance at 0x7fd7485c0050>,20,14,[1 7],21,37,51,16,22
1,<environment.Job instance at 0x7fd7485c0960>,22,14,[6 2],23,23,37,0,23
1,<environment.Job instance at 0x7fd7485c06e0>,25,14,[1 6],26,42,56,16,27
1,<environment.Job instance at 0x7fd7485c0c30>,26,15,[5 7],27,51,66,24,37
1,<environment.Job instance at 0x7fd7485c0410>,30,18,[5 2],31,42,60,11,37
1,<environment.Job instance at 0x7fd7485c0c80>,31,20,[3 7],32,60,80,28,51
1,<environment.Job instance at 0x7fd7485c0af0>,32,14,[8 3],33,66,80,33,51
1,<environment.Job instance at 0x7fd747fe9f00>,35,21,[2 8],36,80,101,44,72
1,<environment.Job instance at 0x7fd747fe9500>,40,22,[2 7],41,80,102,39,73
1,<environment.Job instance at 0x7fd747fe9b90>,43,20,[8 2],44,101,121,57,92
1,<environment.Job instance at 0x7fd747fe9190>,44,15,[5 8],45,102,117,57,92
1,<environment.Job instance at 0x7fd747fe95f0>,45,15,[4 9],46,117,132,71,103
1,<environment.Job instance at 0x7fd7480b23c0>,50,13,[3 5],51,121,134,70,105
1,<environment.Job instance at 0x7fd747fa0820>,67,18,[9 1],68,132,150,64,121
1,<environment.Job instance at 0x7fd747fa0140>,72,19,[5 3],73,134,153,61,124
1,<environment.Job instance at 0x7fd747fa0aa0>,74,21,[6 4],75,150,171,75,142
1,<environment.Job instance at 0x7fd747fa0f50>,77,14,[8 2],78,153,167,75,142
1,<environment.Job instance at 0x7fd747fa0b40>,78,13,[5 3],79,167,180,88,151
1,<environment.Job instance at 0x7fd747dc03c0>,0,16,[11  4],1,180,196,179,174
1,<environment.Job instance at 0x7fd747dc01e0>,11,14,[ 2 11],12,258,272,246,258
1,<environment.Job instance at 0x7fd7485c0fa0>,15,22,[11  3],16,6612,6634,6596,6612
1,<environment.Job instance at 0x7fd74774e9b0>,4,12,[ 3 11],5,5,17,0,5
1,<environment.Job instance at 0x7fd74774e5f0>,5,14,[4 7],6,17,31,11,6
1,<environment.Job instance at 0x7fd74774edc0>,6,16,[9 4],7,7,23,0,7
1,<environment.Job instance at 0x7fd74766ff00>,11,18,[5 5],12,23,41,11,13
1,<environment.Job instance at 0x7fd74774e730>,8,14,[ 2 10],9,31,45,22,16
1,<environment.Job instance at 0x7fd74766f050>,12,16,[5 5],13,41,57,28,29
1,<environment.Job instance at 0x7fd747e6cc30>,18,19,[4 5],19,45,64,26,35
1,<environment.Job instance at 0x7fd747e6c0f0>,17,18,[9 5],18,57,75,39,46
1,<environment.Job instance at 0x7fd748871910>,10,16,[ 3 10],11,64,80,53,51
1,<environment.Job instance at 0x7fd747865550>,26,16,[8 3],27,75,91,48,62
1,<environment.Job instance at 0x7fd74716c870>,24,13,[5 5],25,80,93,55,64
1,<environment.Job instance at 0x7fd747e6c960>,16,18,[1 5],17,80,98,63,69
1,<environment.Job instance at 0x7fd74837ef50>,29,21,[8 2],30,91,112,61,83
1,<environment.Job instance at 0x7fd747949cd0>,33,18,[5 5],34,93,111,59,83
1,<environment.Job instance at 0x7fd7487bef50>,34,20,[5 9],35,111,131,76,102
1,<environment.Job instance at 0x7fd747960460>,37,14,[5 1],38,112,126,74,102
1,<environment.Job instance at 0x7fd747173140>,44,18,[8 3],45,126,144,81,115
1,<environment.Job instance at 0x7fd747173910>,47,15,[6 2],48,131,146,83,117
1,<environment.Job instance at 0x7fd7472752d0>,48,17,[7 4],49,144,161,95,132
1,<environment.Job instance at 0x7fd751372870>,51,17,[3 5],52,146,163,94,134
1,<environment.Job instance at 0x7fd74a8be2d0>,57,13,[9 5],58,161,174,103,145
1,<environment.Job instance at 0x7fd74a8be370>,58,16,[3 6],59,163,179,104,150
1,<environment.Job instance at 0x7fd74a8be7d0>,60,14,[2 5],61,174,188,113,159
1,<environment.Job instance at 0x7fd747d48230>,64,17,[10  4],65,174,191,109,162
1,<environment.Job instance at 0x7fd747d91820>,68,14,[2 7],69,188,202,119,173
1,<environment.Job instance at 0x7fd747669dc0>,69,20,[1 7],70,191,211,121,182
1,<environment.Job instance at 0x7fd7510a3730>,70,14,[3 7],71,202,216,131,187
1,<environment.Job instance at 0x7fd747454e60>,31,22,[11  1],32,194,216,162,194
1,<environment.Job instance at 0x7fd747e6c140>,19,20,[12  4],20,216,236,196,207
1,<environment.Job instance at 0x7fd7472d45f0>,73,12,[13  5],74,236,248,162,219
1,<environment.Job instance at 0x7fd7484b2fa0>,74,21,[ 1 13],75,248,269,173,240
1,<environment.Job instance at 0x7fd7472d4730>,75,23,[ 1 10],76,269,292,193,263
1,<environment.Job instance at 0x7fd7483901e0>,76,20,[ 4 11],77,292,312,215,283
1,<environment.Job instance at 0x7fd748390320>,77,21,[5 9],78,312,333,234,304
1,<environment.Job instance at 0x7fd748390a00>,78,23,[3 7],79,333,356,254,327
1,<environment.Job instance at 0x7fd7510a33c0>,71,20,[9 4],72,7622,7642,7550,7622
1,<environment.Job instance at 0x7fd747722c30>,72,24,[7 3],73,8016,8040,7943,8016
1,<environment.Job instance at 0x7fd746ebd320>,1,20,[7 4],2,2,22,0,2
1,<environment.Job instance at 0x7fd746ebd1e0>,0,23,[ 3 11],1,2,25,1,2
1,<environment.Job instance at 0x7fd746ebd550>,5,18,[1 6],6,25,43,19,14
1,<environment.Job instance at 0x7fd746ebd050>,8,17,[5 5],9,25,42,16,14
1,<environment.Job instance at 0x7fd746ebd2d0>,6,15,[6 1],7,22,37,15,14
1,<environment.Job instance at 0x7fd746ebdf50>,9,17,[4 6],10,42,59,32,30
1,<environment.Job instance at 0x7fd7477e3dc0>,12,17,[1 8],13,43,60,30,31
1,<environment.Job instance at 0x7fd7477e3be0>,14,17,[1 9],15,60,77,45,48
1,<environment.Job instance at 0x7fd7477e3d20>,16,13,[9 2],17,59,72,42,48
1,<environment.Job instance at 0x7fd74863a280>,21,16,[6 3],22,72,88,50,59
1,<environment.Job instance at 0x7fd746ebd960>,2,22,[ 2 10],3,77,99,74,70
1,<environment.Job instance at 0x7fd747b7fc30>,30,18,[10  5],31,88,106,57,82
1,<environment.Job instance at 0x7fd7484659b0>,36,15,[9 4],37,106,121,69,92
1,<environment.Job instance at 0x7fd7486b7410>,38,14,[5 7],39,99,113,60,92
1,<environment.Job instance at 0x7fd746ebd7d0>,10,13,[3 8],11,113,126,102,98
1,<environment.Job instance at 0x7fd746ebd0a0>,7,17,[5 7],8,121,138,113,109
1,<environment.Job instance at 0x7fd747b99230>,46,20,[5 7],47,126,146,79,119
1,<environment.Job instance at 0x7fd74a910550>,49,15,[2 8],50,138,153,88,125
1,<environment.Job instance at 0x7fd747c7e640>,54,16,[10  5],55,146,162,91,133
1,<environment.Job instance at 0x7fd747c7eeb0>,56,16,[1 7],57,153,169,96,140
1,<environment.Job instance at 0x7fd7482b3050>,62,16,[9 4],63,162,178,99,149
1,<environment.Job instance at 0x7fd747c7ec30>,63,13,[8 2],64,178,191,114,162
1,<environment.Job instance at 0x7fd74715efa0>,69,13,[1 8],70,169,182,99,162
1,<environment.Job instance at 0x7fd74715ed20>,74,19,[2 9],75,182,201,107,172
1,<environment.Job instance at 0x7fd747b994b0>,48,18,[12  1],49,191,209,142,180
1,<environment.Job instance at 0x7fd74715e190>,75,19,[7 3],76,209,228,133,199
1,<environment.Job instance at 0x7fd74715e7d0>,77,18,[2 7],78,201,219,123,199
1,<environment.Job instance at 0x7fd748011c30>,47,16,[4 8],48,5271,5287,5223,5271
1,<environment.Job instance at 0x7fd747558230>,27,26,[12  5],28,5287,5313,5259,5285
1,<environment.Job instance at 0x7fd7475b99b0>,1,14,[ 4 10],2,2,16,0,2
1,<environment.Job instance at 0x7fd7475b9e60>,2,15,[4 8],3,16,31,13,3
1,<environment.Job instance at 0x7fd7475b90f0>,0,24,[5 7],1,16,40,15,12
1,<environment.Job instance at 0x7fd7475b95f0>,5,15,[13  4],6,40,55,34,35
1,<environment.Job instance at 0x7fd7475b9280>,12,21,[ 1 11],13,40,61,27,35
1,<environment.Job instance at 0x7fd7475b9a00>,13,21,[9 1],14,55,76,41,53
1,<environment.Job instance at 0x7fd7475b9870>,14,21,[14  2],15,76,97,61,73
1,<environment.Job instance at 0x7fd7475b93c0>,15,16,[1 7],16,73,89,57,73
1,<environment.Job instance at 0x7fd7475b9910>,16,21,[14  4],17,97,118,80,90
1,<environment.Job instance at 0x7fd7475b9320>,9,28,[11  1],10,118,146,108,117
1,<environment.Job instance at 0x7fd747558a00>,18,22,[ 5 12],19,146,168,127,139
1,<environment.Job instance at 0x7fd747558b40>,19,17,[13  1],20,168,185,148,156
1,<environment.Job instance at 0x7fd747558af0>,20,27,[ 2 13],21,168,195,147,166
1,<environment.Job instance at 0x7fd747558be0>,17,20,[11  1],18,185,205,167,179
1,<environment.Job instance at 0x7fd747558780>,23,15,[14  1],24,205,220,181,191
1,<environment.Job instance at 0x7fd7475586e0>,24,15,[2 5],25,220,235,195,207
1,<environment.Job instance at 0x7fd747558370>,21,17,[11  4],22,220,237,198,208
1,<environment.Job instance at 0x7fd7475582d0>,26,25,[7 3],27,237,262,210,233
1,<environment.Job instance at 0x7fd747558320>,27,26,[ 4 10],28,235,261,207,233
1,<environment.Job instance at 0x7fd7475580a0>,28,19,[ 3 13],29,262,281,233,252
1,<environment.Job instance at 0x7fd747558dc0>,29,15,[7 1],30,261,276,231,252
1,<environment.Job instance at 0x7fd7475580f0>,30,17,[2 6],31,281,298,250,269
1,<environment.Job instance at 0x7fd747558460>,31,25,[5 5],32,281,306,249,277
1,<environment.Job instance at 0x7fd747558e10>,32,26,[2 9],33,298,324,265,295
1,<environment.Job instance at 0x7fd747558eb0>,33,22,[5 3],34,306,328,272,299
1,<environment.Job instance at 0x7fd748492500>,34,15,[12  4],35,328,343,293,314
1,<environment.Job instance at 0x7fd748492af0>,35,27,[10  3],36,343,370,307,341
1,<environment.Job instance at 0x7fd7484924b0>,36,27,[ 1 11],37,341,368,304,341
1,<environment.Job instance at 0x7fd748492a00>,37,18,[ 2 12],38,368,386,330,357
1,<environment.Job instance at 0x7fd748492d20>,38,22,[ 2 11],39,386,408,347,379
1,<environment.Job instance at 0x7fd747558410>,25,18,[9 5],26,408,426,382,399
1,<environment.Job instance at 0x7fd7475b9d70>,11,28,[8 2],12,426,454,414,425
1,<environment.Job instance at 0x7fd748492960>,41,12,[ 1 12],42,426,438,384,425
1,<environment.Job instance at 0x7fd7484927d0>,42,18,[10  2],43,454,472,411,443
1,<environment.Job instance at 0x7fd748492730>,43,26,[5 5],44,443,469,399,443
1,<environment.Job instance at 0x7fd748492aa0>,44,16,[11  2],45,472,488,427,459
1,<environment.Job instance at 0x7fd7475d1b40>,45,26,[5 8],46,488,514,442,485
1,<environment.Job instance at 0x7fd74718f820>,46,18,[ 5 14],47,514,532,467,503
1,<environment.Job instance at 0x7fd747e62960>,47,17,[2 6],48,532,549,484,520
1,<environment.Job instance at 0x7fd747b8f3c0>,48,27,[ 2 10],49,549,576,500,547
1,<environment.Job instance at 0x7fd747b8f370>,49,20,[ 1 11],50,576,596,526,567
1,<environment.Job instance at 0x7fd748492640>,40,22,[13  2],41,572,594,531,572
1,<environment.Job instance at 0x7fd747f4af50>,51,14,[ 5 14],52,596,610,544,581
1,<environment.Job instance at 0x7fd7479b23c0>,52,15,[4 5],53,610,625,557,599
1,<environment.Job instance at 0x7fd74755eb40>,53,25,[9 2],54,610,635,556,606
1,<environment.Job instance at 0x7fd747e6e870>,54,17,[3 5],55,625,642,570,613
1,<environment.Job instance at 0x7fd747c604b0>,56,15,[ 5 14],57,642,657,585,628
1,<environment.Job instance at 0x7fd747aa6f00>,57,22,[ 4 11],58,657,679,599,650
1,<environment.Job instance at 0x7fd747425190>,58,13,[ 5 13],59,679,692,620,663
1,<environment.Job instance at 0x7fd7475b8460>,59,19,[ 3 10],60,692,711,632,682
1,<environment.Job instance at 0x7fd7475c8820>,60,15,[7 4],61,692,707,631,682
1,<environment.Job instance at 0x7fd7475c89b0>,61,24,[5 1],62,682,706,620,682
1,<environment.Job instance at 0x7fd7475d0550>,62,13,[ 5 12],63,711,724,648,695
1,<environment.Job instance at 0x7fd747691cd0>,63,15,[14  1],64,724,739,660,711
1,<environment.Job instance at 0x7fd7473bb870>,64,23,[1 8],65,724,747,659,718
1,<environment.Job instance at 0x7fd747d0f8c0>,65,28,[ 2 10],66,747,775,681,746
1,<environment.Job instance at 0x7fd74787b6e0>,66,15,[5 5],67,750,765,683,750
1,<environment.Job instance at 0x7fd748492550>,39,23,[14  4],40,775,798,735,769
1,<environment.Job instance at 0x7fd74787bf00>,68,21,[ 3 14],69,798,819,729,790
1,<environment.Job instance at 0x7fd74787b050>,69,21,[ 2 12],70,819,840,749,811
1,<environment.Job instance at 0x7fd74787b1e0>,70,18,[5 9],71,840,858,769,829
1,<environment.Job instance at 0x7fd74787bd70>,71,17,[2 5],72,840,857,768,829
1,<environment.Job instance at 0x7fd74787ba50>,67,16,[ 2 10],68,858,874,790,845
1,<environment.Job instance at 0x7fd74787b5a0>,72,21,[13  5],73,858,879,785,851
1,<environment.Job instance at 0x7fd74787baa0>,73,19,[1 9],74,874,893,800,865
1,<environment.Job instance at 0x7fd74787b190>,75,20,[7 5],76,879,899,803,870
1,<environment.Job instance at 0x7fd74787bcd0>,76,14,[11  4],77,899,913,822,884
1,<environment.Job instance at 0x7fd74787b320>,77,12,[10  1],78,913,925,835,896
1,<environment.Job instance at 0x7fd74787b8c0>,74,25,[9 4],75,1322,1347,1247,1322
1,<environment.Job instance at 0x7fd7478e2550>,0,12,[10  1],1,1,13,0,1
1,<environment.Job instance at 0x7fd7488658c0>,3,18,[14  4],4,13,31,9,6
1,<environment.Job instance at 0x7fd74717f280>,9,17,[3 6],10,31,48,21,19
1,<environment.Job instance at 0x7fd747cd3b40>,14,12,[6 3],15,31,43,16,19
1,<environment.Job instance at 0x7fd747cd3be0>,17,12,[4 6],18,31,43,13,19
1,<environment.Job instance at 0x7fd747cd3f00>,18,13,[2 6],19,43,56,24,27
1,<environment.Job instance at 0x7fd747142d70>,19,13,[10  4],20,48,61,28,32
1,<environment.Job instance at 0x7fd7473ddbe0>,27,13,[3 9],28,56,69,28,41
1,<environment.Job instance at 0x7fd7482fb640>,29,21,[8 3],30,61,82,31,53
1,<environment.Job instance at 0x7fd74796b780>,34,20,[2 7],35,69,89,34,60
1,<environment.Job instance at 0x7fd74753f690>,40,18,[7 5],41,82,100,41,71
1,<environment.Job instance at 0x7fd751095e10>,41,15,[2 7],42,89,104,47,75
1,<environment.Job instance at 0x7fd7481ad0a0>,43,13,[1 7],44,100,113,56,84
1,<environment.Job instance at 0x7fd751374be0>,44,13,[3 5],45,104,117,59,88
1,<environment.Job instance at 0x7fd7513740a0>,45,16,[3 9],46,113,129,67,100
1,<environment.Job instance at 0x7fd74839b230>,49,12,[7 4],50,117,129,67,100
1,<environment.Job instance at 0x7fd74839b730>,51,14,[8 1],52,101,115,49,101
1,<environment.Job instance at 0x7fd74717f690>,7,13,[13  4],8,129,142,121,116
1,<environment.Job instance at 0x7fd748489820>,53,21,[9 1],54,142,163,88,134
1,<environment.Job instance at 0x7fd748140c30>,58,17,[8 4],59,163,180,104,151
1,<environment.Job instance at 0x7fd748140a50>,59,12,[8 1],60,180,192,120,163
1,<environment.Job instance at 0x7fd748489d70>,60,14,[10  2],61,192,206,131,177
1,<environment.Job instance at 0x7fd74755eb40>,61,22,[5 5],62,177,199,115,177
1,<environment.Job instance at 0x7fd7476a5aa0>,63,14,[4 9],64,199,213,135,184
1,<environment.Job instance at 0x7fd7476a5e60>,67,20,[3 6],68,206,226,138,197
1,<environment.Job instance at 0x7fd747b34d20>,69,15,[5 5],70,213,228,143,199
1,<environment.Job instance at 0x7fd746ebd870>,71,12,[ 1 10],72,226,238,154,209
1,<environment.Job instance at 0x7fd747c65c80>,72,21,[6 4],73,228,249,155,220
1,<environment.Job instance at 0x7fd747dd42d0>,76,16,[5 6],77,238,254,161,225
1,<environment.Job instance at 0x7fd747543eb0>,78,22,[5 8],79,249,271,170,242
1,<environment.Job instance at 0x7fd7482db5a0>,8,17,[2 5],9,254,271,245,246
1,<environment.Job instance at 0x7fd7478e28c0>,1,17,[1 9],2,271,288,269,259
1,<environment.Job instance at 0x7fd746ea2af0>,3,14,[4 5],4,4,18,0,4
1,<environment.Job instance at 0x7fd748465500>,0,14,[14  4],1,18,32,17,4
1,<environment.Job instance at 0x7fd746ea2d20>,5,14,[1 7],6,6,20,0,6
1,<environment.Job instance at 0x7fd746ea2f50>,7,23,[2 6],8,32,55,24,26
1,<environment.Job instance at 0x7fd746ea2fa0>,10,22,[6 5],11,32,54,21,26
1,<environment.Job instance at 0x7fd746ea2b90>,6,13,[4 5],7,54,67,47,40
1,<environment.Job instance at 0x7fd746eb44b0>,15,22,[5 6],16,55,77,39,48
1,<environment.Job instance at 0x7fd746eb45f0>,17,16,[7 4],18,67,83,49,54
1,<environment.Job instance at 0x7fd746eb4690>,18,12,[8 4],19,77,89,58,60
1,<environment.Job instance at 0x7fd746eb4a00>,26,12,[8 4],27,89,101,62,72
1,<environment.Job instance at 0x7fd746eb4cd0>,27,16,[1 8],28,83,99,55,72
1,<environment.Job instance at 0x7fd746eb4b40>,30,13,[9 3],31,101,114,70,85
1,<environment.Job instance at 0x7fd746ea7190>,35,17,[5 3],36,86,103,50,86
1,<environment.Job instance at 0x7fd746ea7230>,36,12,[2 7],37,103,115,66,86
1,<environment.Job instance at 0x7fd746ea75a0>,40,13,[4 6],41,114,127,73,98
1,<environment.Job instance at 0x7fd746ea7690>,42,12,[1 7],43,115,127,72,98
1,<environment.Job instance at 0x7fd746ea7730>,43,15,[2 6],44,127,142,83,113
1,<environment.Job instance at 0x7fd746ea77d0>,44,13,[10  1],45,115,128,70,113
1,<environment.Job instance at 0x7fd746ea7870>,45,18,[1 7],46,127,145,81,116
1,<environment.Job instance at 0x7fd746ea7910>,46,16,[9 3],47,142,158,95,129
1,<environment.Job instance at 0x7fd746ea75f0>,50,23,[6 3],51,145,168,94,139
1,<environment.Job instance at 0x7fd746ea7cd0>,53,18,[7 4],54,158,176,104,147
1,<environment.Job instance at 0x7fd746ea7dc0>,57,20,[5 7],58,168,188,110,159
1,<environment.Job instance at 0x7fd7480ee820>,60,14,[9 1],61,176,190,115,161
1,<environment.Job instance at 0x7fd74840fd70>,61,12,[10  4],62,190,202,128,173
1,<environment.Job instance at 0x7fd74840f9b0>,65,15,[ 1 10],66,188,203,122,187
1,<environment.Job instance at 0x7fd74840fa00>,66,17,[5 1],67,202,219,135,190
1,<environment.Job instance at 0x7fd74840f230>,71,13,[9 2],72,202,215,130,190
1,<environment.Job instance at 0x7fd74840f460>,72,12,[4 7],73,215,227,142,198
1,<environment.Job instance at 0x7fd74840f0a0>,73,17,[11  4],74,219,236,145,207
1,<environment.Job instance at 0x7fd74840f410>,76,14,[4 8],77,227,241,150,212
1,<environment.Job instance at 0x7fd746f7d190>,78,12,[1 6],79,236,248,157,219
1,<environment.Job instance at 0x7fd7478e28c0>,4,16,[ 3 12],5,248,264,243,235
1,<environment.Job instance at 0x7fd746ea2eb0>,8,15,[ 3 13],9,579,594,570,579
1,<environment.Job instance at 0x7fd748132b40>,0,14,[8 4],1,1,15,0,1
1,<environment.Job instance at 0x7fd7483f3aa0>,7,20,[4 5],8,8,28,0,8
1,<environment.Job instance at 0x7fd7483f3960>,8,14,[5 7],9,15,29,6,9
1,<environment.Job instance at 0x7fd7483eb140>,16,14,[11  3],17,29,43,12,17
1,<environment.Job instance at 0x7fd7483ebc80>,26,18,[1 6],27,28,46,1,28
1,<environment.Job instance at 0x7fd7483eba00>,31,17,[7 3],32,43,60,11,32
1,<environment.Job instance at 0x7fd7483f62d0>,37,15,[6 1],38,43,58,5,38
1,<environment.Job instance at 0x7fd7483f6af0>,46,16,[9 2],47,60,76,13,47
1,<environment.Job instance at 0x7fd7483f6b40>,50,22,[1 5],51,51,73,0,51
1,<environment.Job instance at 0x7fd7483f6050>,53,20,[1 5],54,54,74,0,54
1,<environment.Job instance at 0x7fd74814a780>,57,18,[5 5],58,73,91,15,62
1,<environment.Job instance at 0x7fd74814a190>,63,18,[3 8],64,76,94,12,66
1,<environment.Job instance at 0x7fd74814ab40>,67,16,[1 6],68,91,107,23,78
1,<environment.Job instance at 0x7fd748117640>,78,17,[8 4],79,94,111,15,82
1,<environment.Job instance at 0x7fd7483eb050>,19,26,[3 8],20,190,216,170,190
1,<environment.Job instance at 0x7fd748132410>,1,24,[14  3],2,228,252,226,228
1,<environment.Job instance at 0x7fd74811fc80>,0,12,[ 3 14],1,1,13,0,1
1,<environment.Job instance at 0x7fd74811fe60>,1,15,[ 4 13],2,13,28,11,2
1,<environment.Job instance at 0x7fd7470f45a0>,4,19,[6 4],5,28,47,23,18
1,<environment.Job instance at 0x7fd7470f4c80>,6,14,[1 8],7,28,42,21,18
1,<environment.Job instance at 0x7fd7470f4cd0>,7,22,[7 2],8,23,45,15,23
1,<environment.Job instance at 0x7fd7476587d0>,13,16,[3 7],14,45,61,31,32
1,<environment.Job instance at 0x7fd747658f00>,18,14,[1 7],19,47,61,28,32
1,<environment.Job instance at 0x7fd747b63500>,20,13,[5 5],21,61,74,40,45
1,<environment.Job instance at 0x7fd747b63aa0>,22,19,[2 6],23,61,80,38,51
1,<environment.Job instance at 0x7fd747b63140>,26,18,[2 5],27,74,92,47,63
1,<environment.Job instance at 0x7fd7470f4a00>,5,16,[1 6],6,80,96,74,67
1,<environment.Job instance at 0x7fd7470f4140>,8,15,[10  1],9,74,89,65,69
1,<environment.Job instance at 0x7fd747b63910>,32,12,[13  4],33,92,104,59,75
1,<environment.Job instance at 0x7fd747b63b40>,33,16,[1 7],34,96,112,62,83
1,<environment.Job instance at 0x7fd747b63cd0>,30,21,[13  4],31,104,125,73,96
1,<environment.Job instance at 0x7fd747b637d0>,31,18,[3 9],32,125,143,93,114
1,<environment.Job instance at 0x7fd747ba3230>,34,19,[12  3],35,125,144,90,121
1,<environment.Job instance at 0x7fd747ba3d70>,38,17,[6 2],39,144,161,105,132
1,<environment.Job instance at 0x7fd747ba3a50>,35,17,[ 5 11],36,144,161,108,132
1,<environment.Job instance at 0x7fd747ba3fa0>,40,15,[14  3],41,161,176,120,147
1,<environment.Job instance at 0x7fd747ba39b0>,41,15,[8 2],42,176,191,134,162
1,<environment.Job instance at 0x7fd747ba3b90>,37,17,[5 7],38,176,193,138,166
1,<environment.Job instance at 0x7fd747ba3190>,45,16,[10  3],46,191,207,145,178
1,<environment.Job instance at 0x7fd747ba35f0>,39,18,[14  2],40,207,225,167,196
1,<environment.Job instance at 0x7fd747612b90>,50,13,[12  1],51,225,238,174,209
1,<environment.Job instance at 0x7fd7476124b0>,49,17,[9 4],50,238,255,188,226
1,<environment.Job instance at 0x7fd747ba32d0>,42,17,[12  2],43,255,272,212,243
1,<environment.Job instance at 0x7fd7476126e0>,53,18,[ 4 11],54,272,290,218,263
1,<environment.Job instance at 0x7fd747612af0>,52,20,[5 3],53,272,292,219,271
1,<environment.Job instance at 0x7fd7470f4320>,2,14,[8 5],3,290,304,287,275
1,<environment.Job instance at 0x7fd747612820>,54,28,[7 4],55,292,320,237,291
1,<environment.Job instance at 0x7fd746ec1f00>,62,15,[5 1],63,304,319,241,291
1,<environment.Job instance at 0x7fd7476120f0>,51,28,[ 5 11],52,319,347,267,318
1,<environment.Job instance at 0x7fd748781b40>,73,23,[5 6],74,347,370,273,342
1,<environment.Job instance at 0x7fd7487810a0>,74,24,[5 6],75,357,381,282,357
1,<environment.Job instance at 0x7fd748781190>,75,19,[2 5],76,370,389,294,360
1,<environment.Job instance at 0x7fd7487815a0>,72,15,[3 7],73,381,396,308,373
1,<environment.Job instance at 0x7fd7487816e0>,77,16,[8 4],78,389,405,311,376
1,<environment.Job instance at 0x7fd746ec1c80>,58,13,[14  2],59,1936,1949,1877,1936
1,<environment.Job instance at 0x7fd746ec1820>,63,26,[13  5],64,1988,2014,1924,1988
1,<environment.Job instance at 0x7fd746ec10a0>,2,15,[14  2],3,5,20,2,5
1,<environment.Job instance at 0x7fd746fae230>,4,22,[1 8],5,9,31,4,9
1,<environment.Job instance at 0x7fd746f94910>,14,14,[3 7],15,20,34,5,15
1,<environment.Job instance at 0x7fd7484cdc80>,22,18,[3 5],23,31,49,8,23
1,<environment.Job instance at 0x7fd748706a50>,24,18,[5 6],25,34,52,9,25
1,<environment.Job instance at 0x7fd7484b5e10>,30,20,[3 8],31,49,69,18,40
1,<environment.Job instance at 0x7fd7484ca370>,34,19,[8 2],35,52,71,17,50
1,<environment.Job instance at 0x7fd7479730f0>,38,17,[1 5],39,52,69,13,50
1,<environment.Job instance at 0x7fd746fa23c0>,44,19,[7 3],45,69,88,24,59
1,<environment.Job instance at 0x7fd746fa1e60>,45,21,[5 5],46,71,92,25,63
1,<environment.Job instance at 0x7fd746fa1370>,49,13,[5 8],50,88,101,38,72
1,<environment.Job instance at 0x7fd747953140>,58,19,[2 5],59,92,111,33,82
1,<environment.Job instance at 0x7fd74793d640>,66,19,[3 7],67,101,120,34,91
1,<environment.Job instance at 0x7fd74793daf0>,69,17,[5 4],70,111,128,41,99
1,<environment.Job instance at 0x7fd74793d6e0>,70,19,[5 8],71,120,139,49,110
1,<environment.Job instance at 0x7fd74793d3c0>,74,13,[6 5],75,128,141,53,112
1,<environment.Job instance at 0x7fd746f940f0>,2,16,[8 2],3,3,19,0,3
1,<environment.Job instance at 0x7fd7476cdc80>,4,14,[4 7],5,5,19,0,5
1,<environment.Job instance at 0x7fd746fadbe0>,0,14,[14  5],1,19,33,18,8
1,<environment.Job instance at 0x7fd747046fa0>,24,16,[4 9],25,33,49,8,25
1,<environment.Job instance at 0x7fd747046cd0>,26,14,[5 4],27,33,47,6,28
1,<environment.Job instance at 0x7fd7476cd690>,12,28,[13  3],13,49,77,36,48
1,<environment.Job instance at 0x7fd7484ca5a0>,46,15,[1 6],47,50,65,3,50
1,<environment.Job instance at 0x7fd7484ca870>,45,15,[4 8],46,77,92,31,63
1,<environment.Job instance at 0x7fd7484caf50>,51,20,[9 5],52,77,97,25,74
1,<environment.Job instance at 0x7fd7486edf50>,63,14,[10  5],64,97,111,33,82
1,<environment.Job instance at 0x7fd7484b2640>,8,15,[ 5 11],9,111,126,102,97
1,<environment.Job instance at 0x7fd747048fa0>,72,14,[10  2],73,111,125,38,97
1,<environment.Job instance at 0x7fd747048410>,74,14,[4 8],75,126,140,51,111
1,<environment.Job instance at 0x7fd747048b40>,73,23,[5 9],74,180,203,106,180
1,<environment.Job instance at 0x7fd7484ca9b0>,47,26,[2 8],48,421,447,373,421
1,<environment.Job instance at 0x7fd7476cd320>,9,13,[14  4],10,447,460,437,434
1,<environment.Job instance at 0x7fd7476ccdc0>,0,13,[9 3],1,1,14,0,1
1,<environment.Job instance at 0x7fd7474e32d0>,5,15,[11  1],6,14,29,8,6
1,<environment.Job instance at 0x7fd747ca3140>,7,20,[6 5],8,29,49,21,20
1,<environment.Job instance at 0x7fd7474e35f0>,10,15,[5 8],11,29,44,18,20
1,<environment.Job instance at 0x7fd7474e37d0>,13,16,[2 8],14,44,60,30,31
1,<environment.Job instance at 0x7fd7474e3550>,8,15,[ 5 10],9,60,75,51,47
1,<environment.Job instance at 0x7fd7474e3d70>,21,18,[13  2],22,75,93,53,64
1,<environment.Job instance at 0x7fd7474e3d20>,20,18,[ 2 10],21,75,93,54,75
1,<environment.Job instance at 0x7fd7474e3f50>,24,14,[9 1],25,93,107,68,78
1,<environment.Job instance at 0x7fd7474e3fa0>,25,15,[3 9],26,93,108,67,79
1,<environment.Job instance at 0x7fd7474bb0f0>,27,16,[5 1],28,107,123,79,94
1,<environment.Job instance at 0x7fd7474bb2d0>,29,13,[8 3],30,108,121,78,94
1,<environment.Job instance at 0x7fd7474bbaa0>,39,22,[2 7],40,108,130,68,106
1,<environment.Job instance at 0x7fd7474bbc80>,42,16,[ 3 10],43,130,146,87,122
1,<environment.Job instance at 0x7fd7474bbd20>,43,13,[3 9],44,146,159,102,131
1,<environment.Job instance at 0x7fd7474e21e0>,50,14,[9 2],51,131,145,80,131
1,<environment.Job instance at 0x7fd7474e2640>,57,15,[3 8],58,159,174,101,145
1,<environment.Job instance at 0x7fd7474e26e0>,58,14,[4 9],59,174,188,115,160
1,<environment.Job instance at 0x7fd7474e3c80>,22,24,[14  4],23,188,212,165,183
1,<environment.Job instance at 0x7fd7474e28c0>,61,27,[6 4],62,212,239,150,210
1,<environment.Job instance at 0x7fd7474e2820>,60,22,[2 8],61,212,234,151,210
1,<environment.Job instance at 0x7fd7474e2050>,64,20,[4 5],65,234,254,169,225
1,<environment.Job instance at 0x7fd7474e2190>,65,18,[4 6],66,234,252,168,225
1,<environment.Job instance at 0x7fd7474e2b90>,66,14,[2 6],67,252,266,185,237
1,<environment.Job instance at 0x7fd7474e2c80>,68,12,[6 5],69,254,266,185,237
1,<environment.Job instance at 0x7fd7474d32d0>,75,12,[8 5],76,266,278,190,249
1,<environment.Job instance at 0x7fd7474e2960>,62,22,[ 2 10],63,278,300,215,278
1,<environment.Job instance at 0x7fd7476cc690>,1,23,[ 1 13],2,300,323,298,299
1,<environment.Job instance at 0x7fd7474e3370>,6,13,[10  1],7,3379,3392,3372,3379
1,<environment.Job instance at 0x7f42a4e93320>,1,15,[5 2],2,2,17,0,2
1,<environment.Job instance at 0x7f429b8a7be0>,5,18,[7 5],6,6,24,0,6
1,<environment.Job instance at 0x7f429b8a7dc0>,7,12,[7 2],8,17,29,9,8
1,<environment.Job instance at 0x7f429b8aa0f0>,11,14,[10  4],12,29,43,17,14
1,<environment.Job instance at 0x7f429b8a7d20>,12,22,[4 6],13,24,46,11,18
1,<environment.Job instance at 0x7f429b8aa0a0>,18,18,[3 6],19,43,61,24,32
1,<environment.Job instance at 0x7f429b8aa550>,20,18,[7 5],21,46,64,25,35
1,<environment.Job instance at 0x7f429b8aa910>,23,18,[7 4],24,61,79,37,50
1,<environment.Job instance at 0x7f429b8aa5a0>,19,21,[14  4],20,79,100,59,71
1,<environment.Job instance at 0x7f429b8aab90>,27,25,[14  4],28,100,125,72,96
1,<environment.Job instance at 0x7f429b8aa730>,26,20,[4 8],27,125,145,98,116
1,<environment.Job instance at 0x7f429b8aaa50>,30,15,[8 2],31,125,140,94,116
1,<environment.Job instance at 0x7f429b8aae60>,31,13,[4 5],32,140,153,108,124
1,<environment.Job instance at 0x7f429b8aafa0>,33,16,[9 3],34,145,161,111,132
1,<environment.Job instance at 0x7f429b8aacd0>,34,20,[5 3],35,153,173,118,144
1,<environment.Job instance at 0x7f429b8ae4b0>,39,13,[5 4],40,161,174,121,145
1,<environment.Job instance at 0x7f429b8aac30>,28,20,[5 8],29,161,181,132,152
1,<environment.Job instance at 0x7f429b8ae5f0>,41,26,[13  2],42,181,207,139,178
1,<environment.Job instance at 0x7f429b8b0a50>,71,13,[7 2],72,207,220,135,191
1,<environment.Job instance at 0x7f429b8b0a00>,72,18,[5 5],73,207,225,134,198
1,<environment.Job instance at 0x7f429b8b0d70>,78,13,[1 5],79,205,218,126,205
1,<environment.Job instance at 0x7f429b8b0e10>,79,15,[4 7],80,220,235,140,207
1,<environment.Job instance at 0x7f429b8b0eb0>,80,19,[8 4],81,225,244,144,216
1,<environment.Job instance at 0x7f429b8b00f0>,81,17,[2 7],82,235,252,153,226
1,<environment.Job instance at 0x7f429b8b3370>,87,17,[7 4],88,244,261,156,232
1,<environment.Job instance at 0x7f429b8b0b90>,75,19,[8 3],76,252,271,176,242
1,<environment.Job instance at 0x7f42a4e93230>,0,24,[2 8],1,284,308,283,284
1,<environment.Job instance at 0x7f429b8a7fa0>,9,17,[8 1],10,499,516,489,499
1,<environment.Job instance at 0x7f429afe3230>,0,22,[5 5],1,1,23,0,1
1,<environment.Job instance at 0x7f429afe3960>,1,14,[12  2],2,23,37,21,8
1,<environment.Job instance at 0x7f429b1fb550>,12,12,[10  1],13,37,49,24,20
1,<environment.Job instance at 0x7f429afed820>,17,17,[5 6],18,37,54,19,30
1,<environment.Job instance at 0x7f429b0cde60>,20,15,[2 6],21,49,64,28,35
1,<environment.Job instance at 0x7f429afed140>,9,14,[6 1],10,49,63,39,35
1,<environment.Job instance at 0x7f429b0cdaf0>,24,20,[5 7],25,54,74,29,45
1,<environment.Job instance at 0x7f429b0cdfa0>,29,14,[9 1],30,64,78,34,49
1,<environment.Job instance at 0x7f429b138e10>,30,15,[9 2],31,78,93,47,64
1,<environment.Job instance at 0x7f429b1385f0>,33,16,[1 8],34,74,90,40,64
1,<environment.Job instance at 0x7f429b138500>,38,19,[1 9],39,90,109,51,80
1,<environment.Job instance at 0x7f429b1385a0>,39,19,[4 7],40,109,128,69,99
1,<environment.Job instance at 0x7f429b138730>,40,21,[4 6],41,99,120,58,99
1,<environment.Job instance at 0x7f429b29c820>,13,22,[ 4 11],14,128,150,114,121
1,<environment.Job instance at 0x7f429b1b3550>,45,16,[5 2],46,121,137,75,121
1,<environment.Job instance at 0x7f429ae6e0f0>,46,14,[ 3 14],47,150,164,103,135
1,<environment.Job instance at 0x7f429b11ef50>,44,22,[2 9],45,164,186,119,157
1,<environment.Job instance at 0x7f429ae6a0f0>,52,18,[10  5],53,164,182,111,157
1,<environment.Job instance at 0x7f429ae61d70>,60,15,[6 2],61,182,197,121,168
1,<environment.Job instance at 0x7f42ab12af50>,61,15,[6 2],62,182,197,120,168
1,<environment.Job instance at 0x7f42a4f13eb0>,65,13,[2 6],66,186,199,120,170
1,<environment.Job instance at 0x7f429aeb9b90>,67,16,[6 2],68,197,213,129,184
1,<environment.Job instance at 0x7f42ab145320>,47,21,[ 3 12],48,199,220,151,191
1,<environment.Job instance at 0x7f429aeb00a0>,77,13,[4 5],78,220,233,142,204
1,<environment.Job instance at 0x7f429afb91e0>,70,15,[8 3],71,213,228,142,204
1,<environment.Job instance at 0x7f429afeca50>,79,15,[12  2],80,233,248,153,219
1,<environment.Job instance at 0x7f429aed9870>,80,18,[11  1],81,248,266,167,237
1,<environment.Job instance at 0x7f429afeceb0>,81,18,[ 4 10],82,248,266,166,246
1,<environment.Job instance at 0x7f429aed70f0>,83,16,[7 1],84,266,282,182,253
1,<environment.Job instance at 0x7f429b0cd050>,27,21,[1 6],28,266,287,238,259
1,<environment.Job instance at 0x7f429aed71e0>,82,22,[6 4],83,267,289,184,267
1,<environment.Job instance at 0x7f429afc81e0>,85,14,[11  3],86,289,303,203,275
1,<environment.Job instance at 0x7f429ae3d3c0>,87,18,[10  1],88,303,321,215,292
1,<environment.Job instance at 0x7f429afc8d70>,84,21,[9 1],85,321,342,236,313
1,<environment.Job instance at 0x7f429ae3d640>,88,27,[9 4],89,342,369,253,342
1,<environment.Job instance at 0x7f429afe3320>,8,20,[10  4],9,372,392,363,372
1,<environment.Job instance at 0x7f429afc8230>,86,19,[ 5 14],87,392,411,305,382
1,<environment.Job instance at 0x7f42a500d8c0>,1,13,[ 4 10],2,2,15,0,2
1,<environment.Job instance at 0x7f429ae3d280>,2,14,[4 7],3,15,29,12,3
1,<environment.Job instance at 0x7f42a500d5f0>,7,22,[1 7],8,15,37,7,8
1,<environment.Job instance at 0x7f42a500dbe0>,8,28,[ 4 13],9,37,65,28,36
1,<environment.Job instance at 0x7f429aff2eb0>,19,16,[ 3 12],20,65,81,45,52
1,<environment.Job instance at 0x7f429aff23c0>,37,12,[11  1],38,52,64,14,52
1,<environment.Job instance at 0x7f42a507c690>,38,13,[ 5 13],39,81,94,42,65
1,<environment.Job instance at 0x7f42a507c500>,39,17,[2 8],40,94,111,54,82
1,<environment.Job instance at 0x7f42a507caa0>,40,12,[5 9],41,111,123,70,94
1,<environment.Job instance at 0x7f42a507c230>,41,14,[2 9],42,123,137,81,108
1,<environment.Job instance at 0x7f42a507ccd0>,42,20,[5 7],43,137,157,94,128
1,<environment.Job instance at 0x7f42a507c7d0>,43,15,[5 9],44,157,172,113,143
1,<environment.Job instance at 0x7f42a507c5a0>,44,28,[4 8],45,172,200,127,171
1,<environment.Job instance at 0x7f42a500dfa0>,4,12,[ 2 11],5,200,212,195,188
1,<environment.Job instance at 0x7f42a507cb40>,45,23,[14  3],46,212,235,166,206
1,<environment.Job instance at 0x7f429ae4eb40>,47,15,[5 6],48,235,250,187,221
1,<environment.Job instance at 0x7f429ae4e5a0>,48,28,[11  1],49,250,278,201,249
1,<environment.Job instance at 0x7f429ae4e640>,49,17,[ 3 11],50,250,267,200,249
1,<environment.Job instance at 0x7f429ae4e4b0>,50,15,[ 5 10],51,278,293,227,264
1,<environment.Job instance at 0x7f429ae4eaf0>,51,27,[7 2],52,278,305,226,276
1,<environment.Job instance at 0x7f429ae4ec80>,52,16,[14  3],53,305,321,252,292
1,<environment.Job instance at 0x7f429ae4e910>,53,12,[11  4],54,321,333,267,304
1,<environment.Job instance at 0x7f429ae4e230>,54,15,[14  3],55,333,348,278,319
1,<environment.Job instance at 0x7f429ae4e960>,55,28,[6 4],56,348,376,292,347
1,<environment.Job instance at 0x7f429ae4eb90>,56,13,[ 5 13],57,376,389,319,360
1,<environment.Job instance at 0x7f429ae4e0f0>,57,20,[5 2],58,360,380,302,360
1,<environment.Job instance at 0x7f429ae4ef00>,58,20,[7 4],59,389,409,330,380
1,<environment.Job instance at 0x7f429ae4efa0>,59,20,[6 2],60,380,400,320,380
1,<environment.Job instance at 0x7f429aff2b90>,36,17,[10  4],37,409,426,372,397
1,<environment.Job instance at 0x7f429ae4ee10>,60,24,[11  3],61,426,450,365,421
1,<environment.Job instance at 0x7f429ae4e190>,64,28,[6 3],65,450,478,385,449
1,<environment.Job instance at 0x7f429ae4e1e0>,65,15,[11  2],66,478,493,412,464
1,<environment.Job instance at 0x7f429ae4e280>,63,18,[8 5],64,493,511,429,488
1,<environment.Job instance at 0x7f429aeb9d20>,69,21,[6 4],70,493,514,423,493
1,<environment.Job instance at 0x7f429aeb9640>,70,17,[2 6],71,511,528,440,499
1,<environment.Job instance at 0x7f429aeb90f0>,72,17,[8 5],73,514,531,441,502
1,<environment.Job instance at 0x7f429ae4e780>,66,24,[ 5 14],67,531,555,464,526
1,<environment.Job instance at 0x7f429aeb9dc0>,75,13,[11  1],76,555,568,479,539
1,<environment.Job instance at 0x7f429aeb9140>,76,12,[ 3 12],77,555,567,478,539
1,<environment.Job instance at 0x7f429aeb9730>,77,25,[8 3],78,568,593,490,564
1,<environment.Job instance at 0x7f429aeb96e0>,78,17,[1 7],79,567,584,488,564
1,<environment.Job instance at 0x7f429aeb93c0>,79,15,[ 5 13],80,593,608,513,579
1,<environment.Job instance at 0x7f429aeb95a0>,80,12,[6 2],81,579,591,498,579
1,<environment.Job instance at 0x7f429aeb9820>,81,24,[5 1],82,591,615,509,586
1,<environment.Job instance at 0x7f429aeb9f00>,82,23,[ 1 13],83,608,631,525,602
1,<environment.Job instance at 0x7f429aeb95f0>,83,12,[12  2],84,615,627,531,602
1,<environment.Job instance at 0x7f429aeb94b0>,84,12,[1 8],85,631,643,546,614
1,<environment.Job instance at 0x7f429ae50af0>,85,22,[3 8],86,643,665,557,636
1,<environment.Job instance at 0x7f429aeb98c0>,74,19,[10  4],75,637,656,562,637
1,<environment.Job instance at 0x7f429ae50780>,88,13,[3 5],89,656,669,567,640
1,<environment.Job instance at 0x7f42a500d190>,6,24,[8 2],7,1825,1849,1818,1825
1,<environment.Job instance at 0x7f42a500de60>,0,27,[13  4],1,1849,1876,1848,1849
1,<environment.Job instance at 0x7f429b3a2aa0>,1,22,[6 1],2,2,24,0,2
1,<environment.Job instance at 0x7f429ae50d70>,2,14,[3 5],3,3,17,0,3
1,<environment.Job instance at 0x7f429ae509b0>,3,21,[5 1],4,4,25,0,4
1,<environment.Job instance at 0x7f429ae50e10>,7,20,[3 7],8,17,37,9,11
1,<environment.Job instance at 0x7f429ae50320>,5,20,[5 5],6,24,44,18,15
1,<environment.Job instance at 0x7f429ae3b780>,19,16,[7 2],20,25,41,5,22
1,<environment.Job instance at 0x7f429ae3b7d0>,22,12,[2 7],23,37,49,14,23
1,<environment.Job instance at 0x7f429ae3b960>,26,18,[7 1],27,41,59,14,30
1,<environment.Job instance at 0x7f429afaf6e0>,31,15,[4 8],32,49,64,17,35
1,<environment.Job instance at 0x7f429af27550>,36,14,[5 3],37,59,73,22,45
1,<environment.Job instance at 0x7f429af27050>,37,14,[8 5],38,64,78,26,49
1,<environment.Job instance at 0x7f429afb9f00>,50,14,[7 2],51,73,87,22,58
1,<environment.Job instance at 0x7f429afb9690>,51,19,[8 2],52,78,97,26,68
1,<environment.Job instance at 0x7f429afb93c0>,54,16,[8 3],55,97,113,42,84
1,<environment.Job instance at 0x7f429ae47c80>,56,22,[9 4],57,113,135,56,111
1,<environment.Job instance at 0x7f429ae47870>,63,16,[2 8],64,111,127,47,111
1,<environment.Job instance at 0x7f429ae477d0>,65,13,[2 5],66,127,140,61,111
1,<environment.Job instance at 0x7f429b03d460>,70,12,[4 7],71,135,147,64,118
1,<environment.Job instance at 0x7f429b2a99b0>,74,20,[7 3],75,135,155,60,126
1,<environment.Job instance at 0x7f429b2a9f00>,77,17,[6 3],78,147,164,69,135
1,<environment.Job instance at 0x7f429b2a9d20>,80,17,[2 8],81,147,164,66,135
1,<environment.Job instance at 0x7f429b517690>,86,15,[5 7],87,164,179,77,150
1,<environment.Job instance at 0x7f429ae50d20>,6,18,[4 9],7,274,292,267,274
1,<environment.Job instance at 0x7f429ae50410>,4,23,[8 5],5,502,525,497,502
1,<environment.Job instance at 0x7f429b3a27d0>,0,27,[13  4],1,525,552,524,523
1,<environment.Job instance at 0x7f429aea3960>,0,17,[5 4],1,1,18,0,1
1,<environment.Job instance at 0x7f429b230370>,3,14,[4 9],4,4,18,0,4
1,<environment.Job instance at 0x7f429b230230>,4,12,[8 2],5,18,30,13,5
1,<environment.Job instance at 0x7f429b230820>,7,13,[7 5],8,18,31,10,8
1,<environment.Job instance at 0x7f429b2304b0>,8,13,[1 7],9,30,43,21,14
1,<environment.Job instance at 0x7f429b231190>,12,15,[10  5],13,31,46,18,18
1,<environment.Job instance at 0x7f429b231cd0>,10,12,[ 1 14],11,46,58,35,29
1,<environment.Job instance at 0x7f429b231550>,15,21,[12  1],16,46,67,30,39
1,<environment.Job instance at 0x7f429b231370>,14,19,[3 9],15,58,77,43,48
1,<environment.Job instance at 0x7f429b2317d0>,18,15,[4 9],19,77,92,58,64
1,<environment.Job instance at 0x7f429b22e5f0>,20,14,[3 6],21,67,81,46,64
1,<environment.Job instance at 0x7f429b22e410>,23,21,[8 2],24,81,102,57,77
1,<environment.Job instance at 0x7f429b2353c0>,25,12,[9 3],26,102,114,76,85
1,<environment.Job instance at 0x7f429b695280>,31,16,[4 8],32,92,108,60,85
1,<environment.Job instance at 0x7f429c3d6aa0>,33,21,[3 9],34,108,129,74,100
1,<environment.Job instance at 0x7f429c3d6780>,34,22,[7 4],35,114,136,79,107
1,<environment.Job instance at 0x7f429c3e6dc0>,36,12,[5 4],37,129,141,92,112
1,<environment.Job instance at 0x7f429b2fce60>,40,17,[2 6],41,129,146,88,117
1,<environment.Job instance at 0x7f429c3ebe10>,43,12,[ 1 10],44,146,158,102,129
1,<environment.Job instance at 0x7f429c3eba00>,45,14,[9 5],46,141,155,95,129
1,<environment.Job instance at 0x7f429c3eb2d0>,48,17,[2 8],49,158,175,109,146
1,<environment.Job instance at 0x7f429bcd2230>,9,20,[11  1],10,155,175,145,146
1,<environment.Job instance at 0x7f429b68b5f0>,51,13,[ 2 13],52,175,188,123,162
1,<environment.Job instance at 0x7f429b692d20>,64,20,[2 8],65,188,208,123,179
1,<environment.Job instance at 0x7f429b68bb40>,52,18,[12  5],53,188,206,135,182
1,<environment.Job instance at 0x7f429b231820>,16,16,[ 4 11],17,208,224,191,195
1,<environment.Job instance at 0x7f429b68fb40>,68,25,[6 1],69,206,231,137,203
1,<environment.Job instance at 0x7f429b68f050>,67,21,[5 9],68,224,245,156,218
1,<environment.Job instance at 0x7f429b5a1d70>,74,15,[6 4],75,231,246,156,218
1,<environment.Job instance at 0x7f429b234050>,78,13,[7 1],79,245,258,166,229
1,<environment.Job instance at 0x7f429b234230>,79,16,[2 6],80,245,261,165,232
1,<environment.Job instance at 0x7f429b234500>,84,22,[5 3],85,246,268,161,239
1,<environment.Job instance at 0x7f429b234780>,88,17,[9 1],89,261,278,172,249
1,<environment.Job instance at 0x7f429b68f190>,70,18,[13  2],71,278,296,207,267
1,<environment.Job instance at 0x7f429b2309b0>,6,18,[8 1],7,2747,2765,2740,2747
1,<environment.Job instance at 0x7f429aea3320>,1,27,[12  2],2,2765,2792,2763,2763
1,<environment.Job instance at 0x7f429bcf7be0>,0,12,[ 2 12],1,1,13,0,1
1,<environment.Job instance at 0x7f429bcf7780>,4,12,[3 5],5,13,25,8,5
1,<environment.Job instance at 0x7f429bcf7a00>,5,14,[5 8],6,13,27,7,6
1,<environment.Job instance at 0x7f429c3ce8c0>,11,14,[ 3 11],12,27,41,15,17
1,<environment.Job instance at 0x7f429c3ce230>,13,15,[14  1],14,41,56,27,27
1,<environment.Job instance at 0x7f429bcf7c30>,1,16,[1 8],2,41,57,39,37
1,<environment.Job instance at 0x7f429bcd5af0>,9,19,[6 4],10,56,75,46,55
1,<environment.Job instance at 0x7f429c3ce190>,15,14,[3 6],16,57,71,41,55
1,<environment.Job instance at 0x7f429c3ce0a0>,18,13,[1 9],19,71,84,52,55
1,<environment.Job instance at 0x7f429c3cea50>,23,14,[1 9],24,84,98,60,69
1,<environment.Job instance at 0x7f429c3ce7d0>,25,21,[5 4],26,75,96,49,69
1,<environment.Job instance at 0x7f429b3345f0>,29,12,[2 9],30,98,110,68,81
1,<environment.Job instance at 0x7f429b334370>,37,12,[1 6],38,96,108,58,81
1,<environment.Job instance at 0x7f429b334140>,39,16,[7 3],40,108,124,68,95
1,<environment.Job instance at 0x7f429b334fa0>,44,17,[2 5],45,110,127,65,98
1,<environment.Job instance at 0x7f429b3340f0>,45,14,[8 2],46,124,138,78,109
1,<environment.Job instance at 0x7f429c3cec30>,21,18,[ 2 12],22,127,145,105,116
1,<environment.Job instance at 0x7f429b26b5a0>,51,18,[5 8],52,145,163,93,134
1,<environment.Job instance at 0x7f429c3ced70>,19,16,[2 5],20,145,161,125,142
1,<environment.Job instance at 0x7f429b26bd70>,52,19,[ 2 14],53,163,182,110,153
1,<environment.Job instance at 0x7f429b26b140>,53,17,[6 1],54,155,172,101,155
1,<environment.Job instance at 0x7f429b26b0f0>,56,15,[9 2],57,182,197,125,168
1,<environment.Job instance at 0x7f429b26bc30>,57,21,[3 9],58,182,203,124,174
1,<environment.Job instance at 0x7f429b26ba00>,58,17,[7 3],59,197,214,138,185
1,<environment.Job instance at 0x7f429b26b2d0>,63,18,[4 7],64,203,221,139,192
1,<environment.Job instance at 0x7f429b26b910>,66,20,[2 6],67,214,234,147,205
1,<environment.Job instance at 0x7f429b3202d0>,71,17,[10  4],72,221,238,149,209
1,<environment.Job instance at 0x7f429b320550>,73,16,[8 4],74,238,254,164,225
1,<environment.Job instance at 0x7f429b320be0>,76,15,[5 7],77,234,249,157,225
1,<environment.Job instance at 0x7f429b320cd0>,79,19,[10  1],80,254,273,174,244
1,<environment.Job instance at 0x7f429b3209b0>,81,18,[9 4],82,273,291,191,262
1,<environment.Job instance at 0x7f429b320f00>,86,13,[10  5],87,291,304,204,275
1,<environment.Job instance at 0x7f429b26baf0>,54,24,[14  2],55,304,328,249,304
1,<environment.Job instance at 0x7f429bf54910>,0,15,[ 5 14],1,1,16,0,1
1,<environment.Job instance at 0x7f429b277370>,9,15,[2 6],10,16,31,6,10
1,<environment.Job instance at 0x7f429b277780>,15,17,[ 5 10],16,31,48,15,19
1,<environment.Job instance at 0x7f429b277140>,5,15,[7 2],6,20,35,14,20
1,<environment.Job instance at 0x7f429b277910>,17,14,[ 3 10],18,48,62,30,33
1,<environment.Job instance at 0x7f429b277b40>,19,13,[6 2],20,35,48,15,33
1,<environment.Job instance at 0x7f429b277c30>,20,20,[6 5],21,48,68,27,39
1,<environment.Job instance at 0x7f429b277aa0>,27,14,[7 5],28,62,76,34,47
1,<environment.Job instance at 0x7f429b277820>,28,12,[6 1],29,68,80,39,51
1,<environment.Job instance at 0x7f429b278280>,30,21,[5 1],31,76,97,45,68
1,<environment.Job instance at 0x7f429b2783c0>,32,14,[9 5],33,80,94,47,68
1,<environment.Job instance at 0x7f429b2789b0>,40,12,[8 2],41,94,106,53,77
1,<environment.Job instance at 0x7f429b278c30>,44,16,[5 5],45,97,113,52,84
1,<environment.Job instance at 0x7f429b278870>,47,19,[5 7],48,106,125,58,96
1,<environment.Job instance at 0x7f429b278910>,48,18,[1 5],49,113,131,64,102
1,<environment.Job instance at 0x7f429b278e60>,50,22,[7 1],51,113,135,62,108
1,<environment.Job instance at 0x7f429b278f00>,51,17,[7 4],52,125,142,73,113
1,<environment.Job instance at 0x7f429b23a190>,53,12,[4 8],54,135,147,81,118
1,<environment.Job instance at 0x7f429b23a320>,54,12,[8 2],55,142,154,87,125
1,<environment.Job instance at 0x7f429b23a5a0>,58,23,[3 8],59,147,170,88,141
1,<environment.Job instance at 0x7f429b23a640>,59,12,[5 5],60,154,166,94,141
1,<environment.Job instance at 0x7f429b23a780>,61,17,[2 7],62,166,183,104,154
1,<environment.Job instance at 0x7f429b23a820>,62,14,[4 9],63,183,197,120,168
1,<environment.Job instance at 0x7f429b23aa00>,65,12,[4 8],66,170,182,104,168
1,<environment.Job instance at 0x7f429b26f0a0>,75,16,[5 5],76,182,198,106,169
1,<environment.Job instance at 0x7f429b244050>,77,17,[4 5],78,197,214,119,185
1,<environment.Job instance at 0x7f429b272690>,78,13,[8 5],79,198,211,119,185
1,<environment.Job instance at 0x7f429b211280>,79,13,[3 9],80,211,224,131,195
1,<environment.Job instance at 0x7f429b26dc30>,81,16,[6 5],82,214,230,132,201
1,<environment.Job instance at 0x7f429b26daa0>,85,12,[1 9],86,224,236,138,207
1,<environment.Job instance at 0x7f429b26db90>,86,15,[8 2],87,230,245,143,216
1,<environment.Job instance at 0x7f429b26d7d0>,87,21,[7 2],88,236,257,148,228
1,<environment.Job instance at 0x7f429b26d870>,88,15,[ 5 10],89,245,260,156,231
1,<environment.Job instance at 0x7f429b2779b0>,18,24,[3 9],19,266,290,247,266
1,<environment.Job instance at 0x7f429b254f50>,3,21,[4 9],4,290,311,286,285
1,<environment.Job instance at 0x7f429bf54e10>,1,22,[4 9],2,311,333,309,304
1,<environment.Job instance at 0x7f429b2774b0>,16,13,[12  1],17,388,401,371,388
1,<environment.Job instance at 0x7f429b270a00>,1,13,[6 1],2,2,15,0,2
1,<environment.Job instance at 0x7f429b5f8c80>,0,28,[3 6],1,2,30,1,2
1,<environment.Job instance at 0x7f429b2774b0>,2,13,[1 8],3,3,16,0,3
1,<environment.Job instance at 0x7f429b8a05f0>,8,14,[6 5],9,16,30,7,9
1,<environment.Job instance at 0x7f429b8a09b0>,6,15,[6 1],7,15,30,8,10
1,<environment.Job instance at 0x7f429b8a0280>,10,12,[1 5],11,30,42,19,13
1,<environment.Job instance at 0x7f429b8b3a50>,17,21,[1 9],18,30,51,12,22
1,<environment.Job instance at 0x7f429b8b3b40>,20,21,[5 4],21,42,63,21,34
1,<environment.Job instance at 0x7f429b8b30a0>,21,15,[10  1],22,51,66,29,37
1,<environment.Job instance at 0x7f429b8b33c0>,22,20,[4 5],23,63,83,40,54
1,<environment.Job instance at 0x7f429bf78d20>,29,14,[6 5],30,66,80,36,54
1,<environment.Job instance at 0x7f429bf78b40>,30,13,[5 8],31,80,93,49,64
1,<environment.Job instance at 0x7f429bf78af0>,37,13,[7 5],38,83,96,45,67
1,<environment.Job instance at 0x7f429bf787d0>,38,13,[1 8],39,93,106,54,77
1,<environment.Job instance at 0x7f429bf78c30>,42,22,[7 5],43,96,118,53,91
1,<environment.Job instance at 0x7f429bcb42d0>,47,13,[10  4],48,118,131,70,102
1,<environment.Job instance at 0x7f429b8a0eb0>,9,19,[ 4 10],10,106,125,96,102
1,<environment.Job instance at 0x7f429bcb4780>,51,13,[ 4 10],52,125,138,73,109
1,<environment.Job instance at 0x7f429bcb40f0>,50,15,[10  4],51,131,146,80,117
1,<environment.Job instance at 0x7f429bcb4e60>,57,12,[5 1],58,138,150,80,121
1,<environment.Job instance at 0x7f429b064500>,73,18,[6 5],74,146,164,72,135
1,<environment.Job instance at 0x7f429b064910>,78,12,[1 7],79,146,158,67,135
1,<environment.Job instance at 0x7f429bcb4500>,52,17,[3 9],53,158,175,105,146
1,<environment.Job instance at 0x7f429b8a0730>,5,13,[ 5 10],6,175,188,169,159
1,<environment.Job instance at 0x7f429b064320>,82,18,[5 8],83,188,206,105,177
1,<environment.Job instance at 0x7f429b7cc780>,87,18,[6 5],88,177,195,89,177
1,<environment.Job instance at 0x7f429b7cc230>,88,17,[9 4],89,195,212,106,183
1,<environment.Job instance at 0x7f429b8a0a00>,3,21,[10  4],4,212,233,208,204
1,<environment.Job instance at 0x7f429b8a05a0>,7,22,[ 3 10],8,279,301,271,279
1,<environment.Job instance at 0x7f429b23abe0>,1,18,[5 7],2,2,20,0,2
1,<environment.Job instance at 0x7f429b0d6d20>,2,15,[6 2],3,3,18,0,3
1,<environment.Job instance at 0x7f429b0d6050>,9,22,[1 7],10,18,40,8,13
1,<environment.Job instance at 0x7f429bf5c5a0>,13,23,[14  5],14,20,43,6,14
1,<environment.Job instance at 0x7f429afb9230>,10,19,[5 6],11,43,62,32,34
1,<environment.Job instance at 0x7f429bf5c4b0>,22,14,[6 2],23,43,57,20,34
1,<environment.Job instance at 0x7f429bf5ca50>,23,15,[12  3],24,62,77,38,48
1,<environment.Job instance at 0x7f429bf5cf00>,25,14,[1 6],26,48,62,22,48
1,<environment.Job instance at 0x7f429bf5c1e0>,26,15,[5 7],27,77,92,50,63
1,<environment.Job instance at 0x7f429bc4bf00>,29,13,[14  1],30,92,105,62,76
1,<environment.Job instance at 0x7f429bf5c050>,20,14,[1 7],21,85,99,64,85
1,<environment.Job instance at 0x7f429b0d69b0>,11,14,[ 2 11],12,105,119,93,92
1,<environment.Job instance at 0x7f429bc4b500>,32,14,[8 3],33,105,119,72,93
1,<environment.Job instance at 0x7f429bc4b6e0>,33,18,[12  3],34,119,137,85,108
1,<environment.Job instance at 0x7f429b4caf00>,34,23,[2 6],35,119,142,84,116
1,<environment.Job instance at 0x7f429bc4b0f0>,31,20,[3 7],32,137,157,105,128
1,<environment.Job instance at 0x7f429b4cacd0>,40,22,[2 7],41,142,164,101,135
1,<environment.Job instance at 0x7f429afb90f0>,0,16,[11  4],1,157,173,156,144
1,<environment.Job instance at 0x7f429b0d6230>,12,25,[14  3],13,173,198,160,169
1,<environment.Job instance at 0x7f429c3a4460>,44,15,[5 8],45,198,213,153,184
1,<environment.Job instance at 0x7f429c3a4aa0>,45,15,[4 9],46,213,228,167,199
1,<environment.Job instance at 0x7f429c3a4370>,47,12,[9 1],48,199,211,151,199
1,<environment.Job instance at 0x7f429c3a4280>,50,13,[3 5],51,211,224,160,199
1,<environment.Job instance at 0x7f429bd2e0f0>,67,18,[9 1],68,224,242,156,213
1,<environment.Job instance at 0x7f42a4a2f730>,72,19,[5 3],73,228,247,155,218
1,<environment.Job instance at 0x7f429bef5f00>,74,21,[6 4],75,242,263,167,234
1,<environment.Job instance at 0x7f429bef52d0>,77,14,[8 2],78,247,261,169,234
1,<environment.Job instance at 0x7f429b8105a0>,78,13,[5 3],79,261,274,182,245
1,<environment.Job instance at 0x7f429c3b5cd0>,85,14,[4 7],86,261,275,175,246
1,<environment.Job instance at 0x7f429c3b59b0>,86,16,[9 4],87,274,290,187,261
1,<environment.Job instance at 0x7f429c3b51e0>,88,14,[ 2 10],89,275,289,186,261
1,<environment.Job instance at 0x7f429bc4b730>,30,18,[5 2],31,289,307,258,279
1,<environment.Job instance at 0x7f429b4caeb0>,35,21,[2 8],36,314,335,278,314
1,<environment.Job instance at 0x7f429b4ca9b0>,42,24,[14  4],43,720,744,677,720
1,<environment.Job instance at 0x7f42a4a618c0>,0,16,[ 3 10],1,1,17,0,1
1,<environment.Job instance at 0x7f429b41b140>,2,16,[5 5],3,3,19,0,3
1,<environment.Job instance at 0x7f42a4a61f00>,1,18,[5 5],2,17,35,15,6
1,<environment.Job instance at 0x7f42a4a61cd0>,7,18,[9 5],8,19,37,11,8
1,<environment.Job instance at 0x7f42a4a61870>,6,18,[1 5],7,17,35,10,11
1,<environment.Job instance at 0x7f429b7cc960>,14,13,[5 5],15,35,48,20,19
1,<environment.Job instance at 0x7f429b7cc870>,16,16,[8 3],17,37,53,20,24
1,<environment.Job instance at 0x7f42a4a61d70>,8,19,[4 5],9,48,67,39,43
1,<environment.Job instance at 0x7f429b7ccc80>,19,21,[8 2],20,53,74,33,46
1,<environment.Job instance at 0x7f429e48ba50>,23,18,[5 5],24,67,85,43,56
1,<environment.Job instance at 0x7f429e48b320>,24,20,[5 9],25,74,94,49,65
1,<environment.Job instance at 0x7f429e48baf0>,27,14,[5 1],28,74,88,46,65
1,<environment.Job instance at 0x7f429e48beb0>,32,14,[9 1],33,88,102,55,73
1,<environment.Job instance at 0x7f429e48b780>,34,18,[8 3],35,102,120,67,91
1,<environment.Job instance at 0x7f429e48b9b0>,37,15,[6 2],38,94,109,56,91
1,<environment.Job instance at 0x7f429aef8230>,38,17,[7 4],39,109,126,70,97
1,<environment.Job instance at 0x7f429aef8d20>,41,17,[3 5],42,120,137,78,108
1,<environment.Job instance at 0x7f429aef8910>,43,14,[6 1],44,126,140,82,111
1,<environment.Job instance at 0x7f429aef8b40>,47,13,[9 5],48,137,150,89,121
1,<environment.Job instance at 0x7f429aef8870>,48,16,[3 6],49,121,137,72,121
1,<environment.Job instance at 0x7f429aef8fa0>,50,14,[2 5],51,140,154,89,125
1,<environment.Job instance at 0x7f429b82af50>,54,17,[10  4],55,150,167,95,138
1,<environment.Job instance at 0x7f429b82aa50>,58,14,[2 7],59,154,168,95,139
1,<environment.Job instance at 0x7f429b82a730>,59,20,[1 7],60,167,187,107,158
1,<environment.Job instance at 0x7f429b82adc0>,60,14,[3 7],61,168,182,107,158
1,<environment.Job instance at 0x7f429b82ae60>,61,20,[9 4],62,182,202,120,173
1,<environment.Job instance at 0x7f429bfcb870>,67,21,[5 9],68,187,208,119,183
1,<environment.Job instance at 0x7f429bfcbeb0>,69,12,[5 7],70,208,220,138,191
1,<environment.Job instance at 0x7f429bfcb7d0>,71,20,[7 4],72,202,222,130,193
1,<environment.Job instance at 0x7f429bfcb730>,75,18,[1 6],76,220,238,144,209
1,<environment.Job instance at 0x7f429bfcbaf0>,76,15,[6 1],77,220,235,143,209
1,<environment.Job instance at 0x7f429bf60aa0>,77,17,[5 7],78,222,239,144,210
1,<environment.Job instance at 0x7f429bf603c0>,78,17,[5 5],79,238,255,159,226
1,<environment.Job instance at 0x7f429bf60e10>,79,17,[4 6],80,239,256,159,227
1,<environment.Job instance at 0x7f429bf60c80>,80,13,[3 8],81,255,268,174,239
1,<environment.Job instance at 0x7f429e471410>,82,17,[1 8],83,268,285,185,256
1,<environment.Job instance at 0x7f429b3de690>,84,17,[1 9],85,285,302,200,273
1,<environment.Job instance at 0x7f429b3de870>,86,13,[9 2],87,273,286,186,273
1,<environment.Job instance at 0x7f429e48bc80>,21,22,[11  1],22,355,377,333,355
1,<environment.Job instance at 0x7f429b7ccaa0>,11,16,[12  4],12,771,787,759,771
1,<environment.Job instance at 0x7f42a4a61b40>,12,16,[ 2 13],13,787,803,774,774
1,<environment.Job instance at 0x7f429b944c30>,1,16,[6 3],2,2,18,0,2
1,<environment.Job instance at 0x7f429b253550>,6,21,[8 1],7,7,28,0,7
1,<environment.Job instance at 0x7f429b978b90>,10,18,[10  5],11,28,46,17,17
1,<environment.Job instance at 0x7f429b978370>,13,19,[ 4 10],14,19,38,5,19
1,<environment.Job instance at 0x7f429b978870>,12,23,[4 7],13,38,61,25,34
1,<environment.Job instance at 0x7f429b9786e0>,14,18,[10  1],15,46,64,31,35
1,<environment.Job instance at 0x7f429c21a370>,16,15,[9 4],17,64,79,47,50
1,<environment.Job instance at 0x7f429c21a690>,17,21,[4 6],18,61,82,43,58
1,<environment.Job instance at 0x7f429c21a7d0>,18,14,[5 7],19,79,93,60,64
1,<environment.Job instance at 0x7f42a4ab92d0>,26,20,[5 7],27,82,102,55,73
1,<environment.Job instance at 0x7f429b290cd0>,27,16,[4 8],28,93,109,65,81
1,<environment.Job instance at 0x7f429b607e10>,29,15,[2 8],30,109,124,79,95
1,<environment.Job instance at 0x7f429c20ea00>,31,12,[6 1],32,102,114,70,95
1,<environment.Job instance at 0x7f429c2020a0>,34,16,[10  5],35,114,130,79,101
1,<environment.Job instance at 0x7f429b6dcc30>,36,16,[1 7],37,124,140,87,111
1,<environment.Job instance at 0x7f429c30df50>,37,22,[2 7],38,130,152,92,125
1,<environment.Job instance at 0x7f429b82aa50>,42,16,[9 4],43,140,156,97,127
1,<environment.Job instance at 0x7f429bf5b730>,43,13,[8 2],44,156,169,112,140
1,<environment.Job instance at 0x7f429bd721e0>,49,13,[1 8],50,152,165,102,146
1,<environment.Job instance at 0x7f429b1e4af0>,54,19,[2 9],55,165,184,110,155
1,<environment.Job instance at 0x7f429b1e4f00>,55,19,[7 3],56,169,188,113,159
1,<environment.Job instance at 0x7f429b1e45f0>,57,18,[2 7],58,184,202,126,173
1,<environment.Job instance at 0x7f429b1e4cd0>,59,18,[3 8],60,188,206,128,179
1,<environment.Job instance at 0x7f429b1e4c80>,61,14,[ 4 10],62,206,220,144,191
1,<environment.Job instance at 0x7f429b1e4910>,62,15,[4 8],63,220,235,157,206
1,<environment.Job instance at 0x7f429ad33c80>,70,22,[8 3],71,210,232,139,210
1,<environment.Job instance at 0x7f429bf4dbe0>,73,21,[9 1],74,232,253,158,227
1,<environment.Job instance at 0x7f429b3f5a00>,75,16,[1 7],76,235,251,159,227
1,<environment.Job instance at 0x7f429b3f55a0>,84,15,[2 5],85,232,247,147,228
1,<environment.Job instance at 0x7f429b3f5690>,85,18,[9 5],86,253,271,167,242
1,<environment.Job instance at 0x7f429b323f50>,0,25,[ 4 14],1,271,296,270,267
1,<environment.Job instance at 0x7f429ac3bbe0>,0,17,[2 6],1,3,20,2,3
1,<environment.Job instance at 0x7f429ac3bb90>,3,22,[5 3],4,4,26,0,4
1,<environment.Job instance at 0x7f429bd65dc0>,12,18,[10  2],13,20,38,7,13
1,<environment.Job instance at 0x7f429afd9c80>,17,17,[2 6],18,26,43,8,19
1,<environment.Job instance at 0x7f429ad587d0>,22,15,[4 5],23,38,53,15,24
1,<environment.Job instance at 0x7f429ad58d20>,24,17,[3 5],25,43,60,18,32
1,<environment.Job instance at 0x7f429af18960>,30,15,[7 4],31,38,53,7,34
1,<environment.Job instance at 0x7f429be4b4b0>,36,15,[5 5],37,53,68,16,40
1,<environment.Job instance at 0x7f429af01550>,37,16,[ 2 10],38,60,76,22,51
1,<environment.Job instance at 0x7f42a4f34b40>,18,27,[ 2 10],19,76,103,57,74
1,<environment.Job instance at 0x7f429ad707d0>,41,17,[2 5],42,74,91,32,74
1,<environment.Job instance at 0x7f429c2d0cd0>,42,21,[13  5],43,91,112,48,83
1,<environment.Job instance at 0x7f429ad709b0>,43,19,[1 9],44,103,122,59,93
1,<environment.Job instance at 0x7f429c42a230>,44,25,[9 4],45,112,137,67,109
1,<environment.Job instance at 0x7f429c2d0780>,40,18,[5 9],41,122,140,81,113
1,<environment.Job instance at 0x7f429ac3b500>,16,18,[ 5 14],17,140,158,123,129
1,<environment.Job instance at 0x7f429baba960>,51,17,[1 9],52,158,175,106,147
1,<environment.Job instance at 0x7f429bd65410>,14,16,[11  2],15,158,174,143,148
1,<environment.Job instance at 0x7f429c28cf00>,58,17,[2 5],59,174,191,115,162
1,<environment.Job instance at 0x7f429c28c5f0>,57,13,[13  4],58,175,188,117,162
1,<environment.Job instance at 0x7f429c28c500>,60,13,[12  4],61,188,201,127,173
1,<environment.Job instance at 0x7f429c28cc80>,59,17,[3 6],60,191,208,131,179
1,<environment.Job instance at 0x7f429c28caa0>,64,12,[6 3],65,201,213,136,184
1,<environment.Job instance at 0x7f429c28cb40>,67,12,[4 6],68,201,213,133,184
1,<environment.Job instance at 0x7f429c28ca50>,68,13,[2 6],69,208,221,139,193
1,<environment.Job instance at 0x7f429b2580f0>,69,13,[10  4],70,213,226,143,197
1,<environment.Job instance at 0x7f429c28c910>,63,25,[5 8],64,221,246,157,217
1,<environment.Job instance at 0x7f429ae3cfa0>,85,26,[6 3],86,226,252,140,223
1,<environment.Job instance at 0x7f429bf253c0>,84,20,[2 7],85,246,266,161,237
1,<environment.Job instance at 0x7f429ac3b820>,4,15,[12  4],5,252,267,247,246
1,<environment.Job instance at 0x7f429c0e9550>,52,20,[ 4 14],53,267,287,214,261
1,<environment.Job instance at 0x7f429b197f00>,1,15,[2 7],2,2,17,0,2
1,<environment.Job instance at 0x7f429c0e9550>,3,13,[1 7],4,5,18,1,5
1,<environment.Job instance at 0x7f429aed0320>,5,16,[3 9],6,18,34,12,6
1,<environment.Job instance at 0x7f429aed06e0>,9,12,[7 4],10,17,29,7,10
1,<environment.Job instance at 0x7f429aed0370>,11,14,[8 1],12,29,43,17,14
1,<environment.Job instance at 0x7f429aed02d0>,4,13,[3 5],5,29,42,24,16
1,<environment.Job instance at 0x7f429b93ec80>,18,17,[8 4],19,43,60,24,31
1,<environment.Job instance at 0x7f429b93ee60>,23,14,[4 9],24,34,48,10,33
1,<environment.Job instance at 0x7f429bb359b0>,27,20,[3 6],28,48,68,20,39
1,<environment.Job instance at 0x7f429bb35a00>,29,15,[5 5],30,60,75,30,46
1,<environment.Job instance at 0x7f429bb35410>,32,21,[6 4],33,60,81,27,52
1,<environment.Job instance at 0x7f429bb35e10>,36,16,[5 6],37,75,91,38,62
1,<environment.Job instance at 0x7f429c3bfdc0>,46,13,[4 5],47,68,81,21,62
1,<environment.Job instance at 0x7f429bf758c0>,57,16,[7 4],58,81,97,23,68
1,<environment.Job instance at 0x7f429bb9a140>,67,16,[1 8],68,91,107,23,78
1,<environment.Job instance at 0x7f429bea12d0>,70,13,[9 3],71,97,110,26,81
1,<environment.Job instance at 0x7f429b270a50>,75,17,[5 3],76,91,108,15,81
1,<environment.Job instance at 0x7f429bd03190>,80,13,[4 6],81,108,121,27,92
1,<environment.Job instance at 0x7f429b6ba780>,83,15,[2 6],84,108,123,24,94
1,<environment.Job instance at 0x7f429ba86e60>,86,16,[9 3],87,110,126,23,97
1,<environment.Job instance at 0x7f429c21eb90>,3,18,[7 4],4,4,22,0,4
1,<environment.Job instance at 0x7f429b6bf5f0>,4,14,[ 2 10],5,5,19,0,5
1,<environment.Job instance at 0x7f429b6bfbe0>,7,20,[5 7],8,19,39,11,10
1,<environment.Job instance at 0x7f429b6bf230>,10,14,[9 1],11,22,36,11,11
1,<environment.Job instance at 0x7f429b127fa0>,11,12,[10  4],12,36,48,24,19
1,<environment.Job instance at 0x7f429afd31e0>,16,17,[5 1],17,39,56,22,27
1,<environment.Job instance at 0x7f42a4dce140>,22,12,[4 7],23,48,60,25,31
1,<environment.Job instance at 0x7f429bc92190>,26,14,[4 8],27,56,70,29,41
1,<environment.Job instance at 0x7f429b3a21e0>,30,14,[8 4],31,60,74,29,45
1,<environment.Job instance at 0x7f429c2c8690>,37,20,[4 5],38,70,90,32,61
1,<environment.Job instance at 0x7f429c2c8910>,38,14,[5 7],39,74,88,35,61
1,<environment.Job instance at 0x7f429c118c80>,61,17,[7 3],62,88,105,26,76
1,<environment.Job instance at 0x7f429ad40be0>,76,16,[9 2],77,105,121,28,92
1,<environment.Job instance at 0x7f42a4a40b40>,83,20,[1 5],84,92,112,8,92
1,<environment.Job instance at 0x7f42a4a405a0>,87,18,[5 5],88,92,110,4,92
1,<environment.Job instance at 0x7f429c21e7d0>,0,23,[6 3],1,528,551,527,528
1,<environment.Job instance at 0x7f429b6bf280>,15,15,[ 1 10],16,528,543,512,528
1,<environment.Job instance at 0x7f429acbfc80>,0,28,[ 5 11],1,2,30,1,2
1,<environment.Job instance at 0x7f429b6bf280>,2,14,[10  1],3,3,17,0,3
1,<environment.Job instance at 0x7f429b5ab9b0>,6,24,[7 1],7,17,41,10,12
1,<environment.Job instance at 0x7f429b5ab4b0>,5,12,[ 5 10],6,30,42,24,13
1,<environment.Job instance at 0x7f429b5ab550>,18,17,[8 4],19,41,58,22,29
1,<environment.Job instance at 0x7f429b5ab140>,19,16,[7 2],20,42,58,22,29
1,<environment.Job instance at 0x7f429b5aba50>,22,14,[8 5],23,58,72,35,43
1,<environment.Job instance at 0x7f429b5ab870>,24,19,[6 4],25,58,77,33,51
1,<environment.Job instance at 0x7f429b5a1c30>,25,16,[1 6],26,58,74,32,51
1,<environment.Job instance at 0x7f429b5a1dc0>,26,14,[1 8],27,74,88,47,59
1,<environment.Job instance at 0x7f429b5a1b90>,27,22,[7 2],28,72,94,44,65
1,<environment.Job instance at 0x7f429b5a1960>,28,15,[10  1],29,94,109,65,80
1,<environment.Job instance at 0x7f429b5a1730>,32,23,[4 6],33,88,111,55,82
1,<environment.Job instance at 0x7f429b5a14b0>,33,16,[3 7],34,109,125,75,96
1,<environment.Job instance at 0x7f429b5a10f0>,36,14,[11  3],37,111,125,74,96
1,<environment.Job instance at 0x7f429b5a1af0>,38,14,[1 7],39,125,139,86,110
1,<environment.Job instance at 0x7f429b5a10a0>,39,23,[5 3],40,125,148,85,119
1,<environment.Job instance at 0x7f429b5a1a50>,40,13,[5 5],41,125,138,84,119
1,<environment.Job instance at 0x7f429b5a1e10>,42,19,[2 6],43,139,158,96,129
1,<environment.Job instance at 0x7f429b5a1140>,46,18,[2 5],47,138,156,91,129
1,<environment.Job instance at 0x7f429b58ffa0>,51,18,[3 9],52,156,174,104,145
1,<environment.Job instance at 0x7f429b58fe60>,53,16,[1 7],54,174,190,120,161
1,<environment.Job instance at 0x7f429b7c98c0>,57,17,[5 7],58,174,191,116,166
1,<environment.Job instance at 0x7f429afd58c0>,58,17,[6 2],59,190,207,131,178
1,<environment.Job instance at 0x7f429b5970f0>,61,15,[8 2],62,191,206,129,178
1,<environment.Job instance at 0x7f429b579690>,65,16,[10  3],66,207,223,141,194
1,<environment.Job instance at 0x7f429b579c80>,69,17,[9 4],70,223,240,153,211
1,<environment.Job instance at 0x7f429b579140>,72,20,[5 3],73,211,231,138,211
1,<environment.Job instance at 0x7f429b579820>,77,20,[8 1],78,240,260,162,231
1,<environment.Job instance at 0x7f429ab68f50>,81,16,[4 6],82,231,247,149,231
1,<environment.Job instance at 0x7f429b579e10>,82,15,[5 1],83,247,262,164,233
1,<environment.Job instance at 0x7f429b5ab190>,3,18,[3 8],4,260,278,256,249
1,<environment.Job instance at 0x7f429b5ab5f0>,8,21,[ 1 12],9,648,669,639,648
1,<environment.Job instance at 0x7f429afd35a0>,4,22,[11  2],5,8341,8363,8336,8341
1,<environment.Job instance at 0x7f429b5abc30>,2,15,[3 7],3,3,18,0,3
1,<environment.Job instance at 0x7f429b1d69b0>,3,23,[5 6],4,4,27,0,4
1,<environment.Job instance at 0x7f429afd35a0>,5,19,[2 5],6,18,37,12,9
1,<environment.Job instance at 0x7f429b1d6190>,4,24,[5 6],5,27,51,22,22
1,<environment.Job instance at 0x7f429b1d62d0>,14,22,[1 8],15,37,59,22,30
1,<environment.Job instance at 0x7f429b1d6e10>,17,16,[9 1],18,37,53,19,30
1,<environment.Job instance at 0x7f429c273eb0>,21,13,[10  3],22,53,66,31,37
1,<environment.Job instance at 0x7f429c273be0>,24,14,[3 7],25,59,73,34,44
1,<environment.Job instance at 0x7f429c273f00>,25,20,[5 1],26,66,86,40,57
1,<environment.Job instance at 0x7f429c273550>,32,18,[3 5],33,66,84,33,57
1,<environment.Job instance at 0x7f429c273780>,34,18,[5 6],35,73,91,38,62
1,<environment.Job instance at 0x7f429c273500>,40,20,[3 8],41,84,104,43,75
1,<environment.Job instance at 0x7f429c273b40>,42,13,[3 9],43,104,117,61,88
1,<environment.Job instance at 0x7f429b1e56e0>,44,19,[8 2],45,91,110,46,89
1,<environment.Job instance at 0x7f429b1e5c80>,48,17,[1 5],49,110,127,61,98
1,<environment.Job instance at 0x7f429b1e5b90>,51,18,[1 9],52,117,135,65,106
1,<environment.Job instance at 0x7f429b1e53c0>,53,18,[7 1],54,110,128,56,106
1,<environment.Job instance at 0x7f429b1e59b0>,54,19,[7 3],55,127,146,72,117
1,<environment.Job instance at 0x7f429b1e57d0>,55,21,[5 5],56,135,156,79,127
1,<environment.Job instance at 0x7f429b1e5fa0>,59,13,[5 8],60,146,159,86,130
1,<environment.Job instance at 0x7f429c26c5f0>,66,22,[4 5],67,156,178,89,149
1,<environment.Job instance at 0x7f429c26c960>,68,19,[2 5],69,159,178,90,149
1,<environment.Job instance at 0x7f429c26cd20>,70,12,[7 2],71,159,171,88,149
1,<environment.Job instance at 0x7f429c26c410>,71,20,[6 1],72,171,191,99,162
1,<environment.Job instance at 0x7f429c26caf0>,76,19,[3 7],77,178,197,101,168
1,<environment.Job instance at 0x7f429c26c690>,79,17,[5 4],80,178,195,98,168
1,<environment.Job instance at 0x7f429c26c3c0>,80,19,[5 8],81,195,214,114,185
1,<environment.Job instance at 0x7f429c26c6e0>,82,19,[8 1],83,197,216,114,187
1,<environment.Job instance at 0x7f429c26caa0>,84,13,[6 5],85,214,227,129,198
1,<environment.Job instance at 0x7f429aa6ccd0>,87,20,[1 7],88,214,234,126,205
1,<environment.Job instance at 0x7f429ac900a0>,0,15,[ 1 13],1,234,249,233,223
1,<environment.Job instance at 0x7f429b1d6a50>,15,24,[14  2],16,240,264,224,240
1,<environment.Job instance at 0x7f429b1d6b40>,6,24,[ 5 14],7,282,306,275,282
1,<environment.Job instance at 0x7f429b1d6e60>,7,16,[8 4],8,1473,1489,1465,1473
1,<environment.Job instance at 0x7f429ab539b0>,0,14,[14  5],1,2,16,1,2
1,<environment.Job instance at 0x7f429ba1a230>,4,14,[4 7],5,16,30,11,5
1,<environment.Job instance at 0x7f429ba1a6e0>,11,19,[2 5],12,16,35,4,12
1,<environment.Job instance at 0x7f429ba1a870>,15,15,[1 7],16,30,45,14,16
1,<environment.Job instance at 0x7f429ba1ad70>,19,15,[7 1],20,22,37,2,22
1,<environment.Job instance at 0x7f429c3600a0>,23,20,[11  5],24,37,57,13,36
1,<environment.Job instance at 0x7f429ba1a1e0>,24,16,[4 9],25,45,61,20,36
1,<environment.Job instance at 0x7f429c360780>,26,14,[5 4],27,57,71,30,42
1,<environment.Job instance at 0x7f429c360c30>,27,15,[6 4],28,61,76,33,47
1,<environment.Job instance at 0x7f429c360460>,28,20,[7 5],29,71,91,42,62
1,<environment.Job instance at 0x7f429ba1afa0>,18,21,[1 6],19,62,83,43,62
1,<environment.Job instance at 0x7f429b1d6e60>,2,16,[8 2],3,83,99,80,72
1,<environment.Job instance at 0x7f429c360d20>,31,12,[8 1],32,99,111,67,82
1,<environment.Job instance at 0x7f429c360910>,29,23,[6 1],30,91,114,61,85
1,<environment.Job instance at 0x7f429c360af0>,34,17,[1 6],35,91,108,56,85
1,<environment.Job instance at 0x7f429c360a00>,37,21,[4 5],38,111,132,73,103
1,<environment.Job instance at 0x7f429ac3e730>,39,21,[ 1 10],40,114,135,74,107
1,<environment.Job instance at 0x7f429ac3e190>,41,23,[1 5],42,132,155,90,126
1,<environment.Job instance at 0x7f429ac3ea50>,43,12,[5 8],44,135,147,91,126
1,<environment.Job instance at 0x7f429ac3e640>,44,23,[4 8],45,147,170,102,141
1,<environment.Job instance at 0x7f429ac3e7d0>,45,15,[4 8],46,170,185,124,156
1,<environment.Job instance at 0x7f429ac3e870>,46,15,[1 6],47,156,171,109,156
1,<environment.Job instance at 0x7f429ac3ef00>,51,20,[9 5],52,171,191,119,162
1,<environment.Job instance at 0x7f429b4454b0>,63,14,[10  5],64,191,205,127,176
1,<environment.Job instance at 0x7f429b445730>,64,16,[10  2],65,205,221,140,192
1,<environment.Job instance at 0x7f429b445910>,65,12,[3 5],66,192,204,126,192
1,<environment.Job instance at 0x7f429b6ce550>,71,15,[1 7],72,204,219,132,192
1,<environment.Job instance at 0x7f429b6ce2d0>,72,14,[10  2],73,221,235,148,206
1,<environment.Job instance at 0x7f429b6ce190>,74,14,[4 8],75,219,233,144,213
1,<environment.Job instance at 0x7f429b6ce140>,75,12,[9 1],76,235,247,159,218
1,<environment.Job instance at 0x7f429b6ce3c0>,80,13,[9 3],81,247,260,166,231
1,<environment.Job instance at 0x7f429b1e0a00>,86,13,[10  1],87,260,273,173,244
1,<environment.Job instance at 0x7f429b1e0050>,87,20,[6 5],88,273,293,185,264
1,<environment.Job instance at 0x7f429b1e06e0>,88,15,[ 5 10],89,264,279,175,264
1,<environment.Job instance at 0x7f429c360f00>,32,16,[ 2 14],33,293,309,260,280
1,<environment.Job instance at 0x7f429ba1a140>,20,26,[ 1 11],21,5258,5284,5237,5258
1,<environment.Job instance at 0x7f429ae93eb0>,0,15,[5 8],1,1,16,0,1
1,<environment.Job instance at 0x7f429b305230>,3,16,[2 8],4,16,32,12,4
1,<environment.Job instance at 0x7f429b305b90>,9,28,[1 7],10,11,39,1,11
1,<environment.Job instance at 0x7f429b3050f0>,7,15,[ 4 10],8,39,54,31,25
1,<environment.Job instance at 0x7f429b30c5f0>,14,14,[9 1],15,32,46,17,25
1,<environment.Job instance at 0x7f429b331af0>,15,15,[3 9],16,54,69,38,40
1,<environment.Job instance at 0x7f429b331d20>,17,16,[5 1],18,46,62,28,40
1,<environment.Job instance at 0x7f429b331b90>,19,13,[8 3],20,62,75,42,46
1,<environment.Job instance at 0x7f429af204b0>,32,16,[ 3 10],33,69,85,36,56
1,<environment.Job instance at 0x7f429af20c80>,33,13,[3 9],34,85,98,51,69
1,<environment.Job instance at 0x7f429b8e3280>,40,14,[9 2],41,75,89,34,69
1,<environment.Job instance at 0x7f429b9e18c0>,47,15,[3 8],48,98,113,50,84
1,<environment.Job instance at 0x7f429b6592d0>,48,14,[4 9],49,113,127,64,98
1,<environment.Job instance at 0x7f429ae93460>,1,24,[1 6],2,104,128,102,104
1,<environment.Job instance at 0x7f429b65bb40>,54,20,[4 5],55,127,147,72,118
1,<environment.Job instance at 0x7f429b65bdc0>,55,18,[4 6],56,128,146,72,118
1,<environment.Job instance at 0x7f429b65bf00>,56,14,[2 6],57,146,160,89,131
1,<environment.Job instance at 0x7f429b65bf50>,58,12,[6 5],59,147,159,88,131
1,<environment.Job instance at 0x7f429b65f960>,65,12,[8 5],66,159,171,93,142
1,<environment.Job instance at 0x7f429b65f3c0>,70,12,[2 5],71,160,172,89,143
1,<environment.Job instance at 0x7f429c2cd870>,75,14,[8 5],76,171,185,95,156
1,<environment.Job instance at 0x7f429c2cda50>,78,20,[6 3],79,172,192,93,163
1,<environment.Job instance at 0x7f429c2cdaf0>,79,21,[3 6],80,185,206,105,177
1,<environment.Job instance at 0x7f429c2cde60>,84,12,[7 1],85,192,204,107,177
1,<environment.Job instance at 0x7f429c2cdd20>,87,19,[8 4],88,204,223,116,195
1,<environment.Job instance at 0x7f429c2cddc0>,88,12,[7 5],89,206,218,117,195
1,<environment.Job instance at 0x7f429b6535f0>,51,27,[6 4],52,222,249,170,222
1,<environment.Job instance at 0x7f429b3052d0>,8,24,[ 4 11],9,2235,2259,2226,2235
1,<environment.Job instance at 0x7f429b3054b0>,5,16,[14  4],6,2259,2275,2253,2246
1,<environment.Job instance at 0x7f429afaae60>,1,17,[9 4],2,2,19,0,2
1,<environment.Job instance at 0x7f429b062960>,6,17,[4 8],7,7,24,0,7
1,<environment.Job instance at 0x7f429b062a00>,7,14,[5 6],8,19,33,11,8
1,<environment.Job instance at 0x7f429b0625a0>,8,16,[8 4],9,24,40,15,11
1,<environment.Job instance at 0x7f429b0625f0>,14,13,[10  1],15,40,53,25,25
1,<environment.Job instance at 0x7f429b062050>,17,13,[7 1],18,53,66,35,37
1,<environment.Job instance at 0x7f429b062b90>,20,12,[3 8],21,37,49,16,37
1,<environment.Job instance at 0x7f429b062be0>,22,15,[5 6],23,49,64,26,37
1,<environment.Job instance at 0x7f429bcb8410>,25,17,[5 8],26,64,81,38,52
1,<environment.Job instance at 0x7f429bcb8730>,27,12,[8 5],28,66,78,38,52
1,<environment.Job instance at 0x7f429bcb8cd0>,28,18,[3 6],29,78,96,49,67
1,<environment.Job instance at 0x7f429bcb8690>,30,21,[5 3],31,81,102,50,73
1,<environment.Job instance at 0x7f429b8cd460>,35,17,[8 3],36,96,113,60,84
1,<environment.Job instance at 0x7f429b8cde10>,37,12,[7 2],38,84,96,46,84
1,<environment.Job instance at 0x7f429b8cd9b0>,39,16,[3 5],40,102,118,62,89
1,<environment.Job instance at 0x7f429b8cdc30>,45,15,[1 8],46,113,128,67,99
1,<environment.Job instance at 0x7f429b8cd5a0>,50,14,[ 4 10],51,128,142,77,113
1,<environment.Job instance at 0x7f429b8cdd20>,51,13,[5 8],52,142,155,90,126
1,<environment.Job instance at 0x7f429b8cdc80>,52,16,[5 2],53,126,142,73,126
1,<environment.Job instance at 0x7f429b8c8500>,53,20,[5 4],54,142,162,88,134
1,<environment.Job instance at 0x7f429b8c88c0>,55,12,[7 5],56,155,167,99,138
1,<environment.Job instance at 0x7f429b8c8e60>,56,14,[7 5],57,162,176,105,147
1,<environment.Job instance at 0x7f429b8c86e0>,63,17,[1 7],64,167,184,103,155
1,<environment.Job instance at 0x7f429b8c8410>,67,14,[8 1],68,176,190,108,161
1,<environment.Job instance at 0x7f429b8e4b40>,71,19,[9 1],72,190,209,118,180
1,<environment.Job instance at 0x7f429b8e4e10>,72,12,[7 3],73,209,221,136,192
1,<environment.Job instance at 0x7f429b8e4320>,73,17,[1 8],74,192,209,118,192
1,<environment.Job instance at 0x7f429b8e4370>,74,26,[1 5],75,195,221,120,195
1,<environment.Job instance at 0x7f429b8e4690>,77,17,[5 9],78,221,238,143,209
1,<environment.Job instance at 0x7f429b8e4dc0>,78,18,[1 8],79,238,256,159,227
1,<environment.Job instance at 0x7f429b8e4190>,79,20,[9 1],80,227,247,147,227
1,<environment.Job instance at 0x7f429b8e4f50>,82,14,[8 4],83,247,261,164,232
1,<environment.Job instance at 0x7f429b8e4af0>,83,19,[ 2 10],84,256,275,172,247
1,<environment.Job instance at 0x7f429b8e4230>,86,14,[9 3],87,261,275,174,247
1,<environment.Job instance at 0x7f429b0624b0>,13,26,[4 8],14,275,301,261,272
1,<environment.Job instance at 0x7f429afaa6e0>,0,18,[9 3],1,275,293,274,273
1,<environment.Job instance at 0x7f429b062370>,11,21,[9 3],12,2305,2326,2293,2305
1,<environment.Job instance at 0x7f429c414960>,0,19,[ 5 14],1,1,20,0,1
1,<environment.Job instance at 0x7f429acb07d0>,3,14,[8 4],4,20,34,16,5
1,<environment.Job instance at 0x7f429c4147d0>,1,13,[4 5],2,20,33,18,5
1,<environment.Job instance at 0x7f429b30dfa0>,4,22,[1 8],5,33,55,28,26
1,<environment.Job instance at 0x7f429acb0d20>,10,23,[6 4],11,34,57,23,28
1,<environment.Job instance at 0x7f429acb0c80>,11,17,[5 5],12,55,72,43,43
1,<environment.Job instance at 0x7f429acb0f00>,13,13,[ 2 10],14,57,70,43,43
1,<environment.Job instance at 0x7f429acb0fa0>,16,13,[6 5],17,70,83,53,54
1,<environment.Job instance at 0x7f429aca93c0>,20,18,[ 1 10],21,72,90,51,64
1,<environment.Job instance at 0x7f429aca9230>,22,21,[7 4],23,83,104,60,75
1,<environment.Job instance at 0x7f429aca94b0>,23,20,[3 9],24,90,110,66,86
1,<environment.Job instance at 0x7f429aca95f0>,26,16,[9 5],27,104,120,77,91
1,<environment.Job instance at 0x7f429aca9c30>,33,20,[7 3],34,120,140,86,111
1,<environment.Job instance at 0x7f429aca9f50>,38,19,[6 4],39,111,130,72,111
1,<environment.Job instance at 0x7f429aca9910>,39,13,[6 4],40,130,143,90,114
1,<environment.Job instance at 0x7f429acb5190>,41,19,[5 5],42,140,159,98,130
1,<environment.Job instance at 0x7f429acb5230>,42,17,[7 1],43,143,160,100,131
1,<environment.Job instance at 0x7f429acb5730>,49,18,[7 3],50,159,177,109,148
1,<environment.Job instance at 0x7f429acb5870>,51,18,[1 5],52,148,166,96,148
1,<environment.Job instance at 0x7f429acb5910>,52,22,[1 6],53,160,182,107,153
1,<environment.Job instance at 0x7f429acb5140>,55,15,[5 5],56,166,181,110,153
1,<environment.Job instance at 0x7f429acb0be0>,8,28,[14  2],9,181,209,172,180
1,<environment.Job instance at 0x7f429aca8280>,65,16,[2 6],66,209,225,143,196
1,<environment.Job instance at 0x7f429aca8370>,67,17,[5 5],68,209,226,141,197
1,<environment.Job instance at 0x7f429aca84b0>,69,12,[6 2],70,209,221,139,197
1,<environment.Job instance at 0x7f429aca8550>,70,15,[1 8],71,225,240,154,211
1,<environment.Job instance at 0x7f429aca85f0>,71,20,[3 8],72,240,260,168,231
1,<environment.Job instance at 0x7f429aca8730>,73,12,[10  4],74,231,243,157,231
1,<environment.Job instance at 0x7f429aca87d0>,74,15,[10  4],75,243,258,168,231
1,<environment.Job instance at 0x7f429aca8a00>,76,22,[2 5],77,258,280,181,251
1,<environment.Job instance at 0x7f429b367140>,78,21,[2 8],79,260,281,181,252
1,<environment.Job instance at 0x7f429b3415f0>,83,15,[6 2],84,258,273,174,252
1,<environment.Job instance at 0x7f429b341460>,85,15,[1 5],86,280,295,194,266
1,<environment.Job instance at 0x7f429b3410a0>,88,21,[7 3],89,281,302,192,273
1,<environment.Job instance at 0x7f429acb5f50>,62,13,[ 3 12],63,295,308,232,279
1,<environment.Job instance at 0x7f429acb0a50>,5,14,[ 3 13],6,308,322,302,293
1,<environment.Job instance at 0x7f429acb0b40>,7,20,[5 4],8,621,641,613,621
1,<environment.Job instance at 0x7f02f60fe320>,1,15,[5 2],2,2,17,0,2
1,<environment.Job instance at 0x7f02ecb12be0>,5,18,[7 5],6,6,24,0,6
1,<environment.Job instance at 0x7f02ecb12dc0>,7,12,[7 2],8,17,29,9,8
1,<environment.Job instance at 0x7f02ecb12fa0>,9,17,[8 1],10,24,41,14,12
1,<environment.Job instance at 0x7f02ecb12eb0>,10,14,[ 1 14],11,29,43,18,15
1,<environment.Job instance at 0x7f02ecb15140>,12,22,[4 6],13,43,65,30,36
1,<environment.Job instance at 0x7f02ecb15640>,18,18,[3 6],19,43,61,24,36
1,<environment.Job instance at 0x7f02ecb15780>,20,18,[7 5],21,61,79,40,50
1,<environment.Job instance at 0x7f02ecb15960>,23,18,[7 4],24,65,83,41,54
1,<environment.Job instance at 0x7f02ecb15b40>,26,20,[4 8],27,79,99,52,70
1,<environment.Job instance at 0x7f02ecb15c80>,28,20,[5 8],29,99,119,70,90
1,<environment.Job instance at 0x7f02ecb15dc0>,30,15,[8 2],31,90,105,59,90
1,<environment.Job instance at 0x7f02ecb15e60>,31,13,[4 5],32,105,118,73,90
1,<environment.Job instance at 0x7f02ecb150a0>,33,16,[9 3],34,118,134,84,105
1,<environment.Job instance at 0x7f02ecb15280>,34,20,[5 3],35,119,139,84,110
1,<environment.Job instance at 0x7f02ecb190f0>,37,22,[2 5],38,134,156,96,127
1,<environment.Job instance at 0x7f02ecb19460>,39,13,[5 4],40,134,147,94,127
1,<environment.Job instance at 0x7f02ecb19500>,40,19,[ 3 10],41,147,166,106,137
1,<environment.Job instance at 0x7f02ecb196e0>,43,14,[6 1],44,156,170,112,141
1,<environment.Job instance at 0x7f02ecb19780>,44,14,[8 4],45,166,180,121,151
1,<environment.Job instance at 0x7f02ecb19960>,47,16,[6 2],48,170,186,122,157
1,<environment.Job instance at 0x7f02ecb19aa0>,49,23,[2 6],50,180,203,130,174
1,<environment.Job instance at 0x7f02ecb19d70>,53,22,[9 5],54,186,208,132,179
1,<environment.Job instance at 0x7f02ecb192d0>,55,15,[6 2],56,203,218,147,189
1,<environment.Job instance at 0x7f02ecb19370>,56,13,[10  1],57,218,231,161,202
1,<environment.Job instance at 0x7f02ecb19e60>,57,22,[6 5],58,231,253,173,224
1,<environment.Job instance at 0x7f02ecb1b0f0>,60,23,[5 7],61,224,247,163,224
1,<environment.Job instance at 0x7f02ecb1b230>,61,14,[ 2 10],62,247,261,185,232
1,<environment.Job instance at 0x7f02ecb1b550>,66,12,[6 1],67,253,265,186,236
1,<environment.Job instance at 0x7f02ecb1b5f0>,67,13,[3 5],68,261,274,193,245
1,<environment.Job instance at 0x7f02ecb1b910>,70,22,[5 6],71,261,283,190,254
1,<environment.Job instance at 0x7f02ecb1b870>,71,13,[7 2],72,265,278,193,254
1,<environment.Job instance at 0x7f02ecb1b9b0>,72,18,[5 5],73,278,296,205,267
1,<environment.Job instance at 0x7f02ecb1baf0>,74,14,[9 1],75,283,297,208,268
1,<environment.Job instance at 0x7f02ecb1bb90>,75,19,[8 3],76,297,316,221,287
1,<environment.Job instance at 0x7f02ecb1bc30>,76,18,[ 2 10],77,296,314,219,287
1,<environment.Job instance at 0x7f02ecb1bd70>,78,13,[1 5],79,314,327,235,298
1,<environment.Job instance at 0x7f02ecb1be10>,79,15,[4 7],80,314,329,234,300
1,<environment.Job instance at 0x7f02ecb1bf00>,80,19,[8 4],81,327,346,246,317
1,<environment.Job instance at 0x7f02ecb1bf50>,81,17,[2 7],82,329,346,247,317
1,<environment.Job instance at 0x7f02ecb1e370>,87,17,[7 4],88,346,363,258,334
1,<environment.Job instance at 0x7f02ecb1e870>,90,22,[5 5],91,346,368,255,339
1,<environment.Job instance at 0x7f02ecb1ec30>,98,20,[10  4],99,363,383,264,354
1,<environment.Job instance at 0x7f02f60fe230>,0,24,[2 8],1,368,392,367,363
1,<environment.Job instance at 0x7f02ec25ab90>,7,17,[5 6],8,8,25,0,8
1,<environment.Job instance at 0x7f02ec25a7d0>,10,15,[2 6],11,11,26,0,11
1,<environment.Job instance at 0x7f02ec25a550>,14,20,[5 7],15,25,45,10,16
1,<environment.Job instance at 0x7f02ec258320>,17,21,[1 6],18,26,47,8,18
1,<environment.Job instance at 0x7f02ec258730>,19,14,[9 1],20,26,40,6,20
1,<environment.Job instance at 0x7f02ec258460>,20,15,[9 2],21,40,55,19,26
1,<environment.Job instance at 0x7f02ec258960>,23,16,[1 8],24,47,63,23,34
1,<environment.Job instance at 0x7f02ec255c30>,28,19,[1 9],29,63,82,34,53
1,<environment.Job instance at 0x7f02ec255870>,29,19,[4 7],30,82,101,52,72
1,<environment.Job instance at 0x7f02ec255910>,30,21,[4 6],31,72,93,41,72
1,<environment.Job instance at 0x7f02ec255320>,35,16,[5 2],36,82,98,46,72
1,<environment.Job instance at 0x7f02ec386960>,42,18,[10  5],43,98,116,55,87
1,<environment.Job instance at 0x7f02ec0cad70>,50,15,[6 2],51,116,131,65,102
1,<environment.Job instance at 0x7f02ec12d5a0>,51,15,[6 2],52,116,131,64,102
1,<environment.Job instance at 0x7f02ec128aa0>,57,16,[6 2],58,131,147,73,118
1,<environment.Job instance at 0x7f02ec195230>,60,15,[8 3],61,131,146,70,118
1,<environment.Job instance at 0x7f02ec1fc550>,67,13,[4 5],68,146,159,78,130
1,<environment.Job instance at 0x7f02ec1f5d70>,71,18,[ 4 10],72,147,165,75,136
1,<environment.Job instance at 0x7f02ec2e22d0>,82,14,[4 7],83,165,179,82,150
1,<environment.Job instance at 0x7f02ec143aa0>,85,19,[5 1],86,159,178,73,150
1,<environment.Job instance at 0x7f02ec0aa280>,98,17,[10  5],99,178,195,79,166
1,<environment.Job instance at 0x7f02ec257be0>,0,22,[ 2 14],1,547,569,546,547
1,<environment.Job instance at 0x7f02ec257870>,1,18,[13  3],2,1759,1777,1757,1759
1,<environment.Job instance at 0x7f02ec25a370>,15,18,[ 3 13],16,4235,4253,4219,4235
1,<environment.Job instance at 0x7f02f60fdc30>,0,23,[5 8],1,4,27,3,4
1,<environment.Job instance at 0x7f02f6278690>,14,17,[2 9],15,27,44,12,16
1,<environment.Job instance at 0x7f02f6278780>,16,17,[10  4],17,17,34,0,17
1,<environment.Job instance at 0x7f02f62787d0>,8,17,[10  2],9,34,51,25,22
1,<environment.Job instance at 0x7f02f6278230>,20,12,[5 9],21,44,56,23,27
1,<environment.Job instance at 0x7f02f617ec80>,19,17,[2 8],20,56,73,36,44
1,<environment.Job instance at 0x7f02ec8dee10>,22,20,[5 7],23,56,76,33,47
1,<environment.Job instance at 0x7f02ec8de050>,23,15,[5 9],24,76,91,52,62
1,<environment.Job instance at 0x7f02ec8de9b0>,27,15,[5 6],28,73,88,45,62
1,<environment.Job instance at 0x7f02ec8de550>,37,20,[5 2],38,88,108,50,79
1,<environment.Job instance at 0x7f02ec8de190>,38,20,[7 4],39,91,111,52,82
1,<environment.Job instance at 0x7f02ec8defa0>,39,20,[6 2],40,108,128,68,99
1,<environment.Job instance at 0x7f02f61a62d0>,43,18,[8 5],44,111,129,67,100
1,<environment.Job instance at 0x7f02f61a6730>,49,21,[6 4],50,128,149,78,120
1,<environment.Job instance at 0x7f02f61a6280>,50,17,[2 6],51,129,146,78,120
1,<environment.Job instance at 0x7f02f61a65f0>,52,17,[8 5],53,146,163,93,134
1,<environment.Job instance at 0x7f02f61a6690>,54,19,[10  4],55,163,182,108,153
1,<environment.Job instance at 0x7f02f61a6cd0>,58,17,[1 7],59,153,170,94,153
1,<environment.Job instance at 0x7f02ec11ff00>,60,12,[6 2],61,182,194,121,165
1,<environment.Job instance at 0x7f02ec11fcd0>,64,12,[1 8],65,170,182,105,165
1,<environment.Job instance at 0x7f02ec8de5a0>,21,14,[2 9],22,182,196,160,167
1,<environment.Job instance at 0x7f02ec11fd70>,66,19,[ 3 14],67,196,215,129,187
1,<environment.Job instance at 0x7f02ec11f820>,67,26,[ 1 14],68,215,241,147,212
1,<environment.Job instance at 0x7f02ec11fa50>,72,14,[3 5],73,241,255,168,226
1,<environment.Job instance at 0x7f02ec11f460>,68,13,[3 5],69,241,254,172,226
1,<environment.Job instance at 0x7f02ec11f140>,75,20,[5 5],76,241,261,165,232
1,<environment.Job instance at 0x7f02ec11f190>,76,18,[4 9],77,255,273,178,244
1,<environment.Job instance at 0x7f02ec11f0a0>,74,23,[8 5],75,261,284,186,255
1,<environment.Job instance at 0x7f02f6278dc0>,4,28,[3 8],5,273,301,268,272
1,<environment.Job instance at 0x7f02f61843c0>,77,20,[3 7],78,284,304,206,281
1,<environment.Job instance at 0x7f02ec180780>,89,16,[7 2],90,301,317,211,288
1,<environment.Job instance at 0x7f02ec11fe10>,78,27,[ 3 13],79,304,331,225,302
1,<environment.Job instance at 0x7f02ec1804b0>,96,18,[7 1],97,317,335,220,306
1,<environment.Job instance at 0x7f02ec180960>,92,12,[2 7],93,331,343,238,317
1,<environment.Job instance at 0x7f02ec180f50>,79,20,[14  3],80,343,363,263,334
1,<environment.Job instance at 0x7f02ecc00a00>,1,15,[4 8],2,2,17,0,2
1,<environment.Job instance at 0x7f02ecfba230>,3,22,[10  2],4,4,26,0,4
1,<environment.Job instance at 0x7f02ecc00780>,6,14,[5 3],7,17,31,10,7
1,<environment.Job instance at 0x7f02ecfba730>,10,26,[4 7],11,26,52,15,23
1,<environment.Job instance at 0x7f02ecfbabe0>,7,14,[8 5],8,31,45,23,23
1,<environment.Job instance at 0x7f02ecfba320>,20,14,[7 2],21,45,59,24,34
1,<environment.Job instance at 0x7f02ecfbacd0>,21,19,[8 2],22,52,71,30,42
1,<environment.Job instance at 0x7f02ecfba0f0>,24,16,[8 3],25,71,87,46,58
1,<environment.Job instance at 0x7f02ec7888c0>,26,22,[9 4],27,87,109,60,80
1,<environment.Job instance at 0x7f02ec5c0c80>,33,16,[2 8],34,82,98,48,82
1,<environment.Job instance at 0x7f02ec5c0eb0>,35,13,[2 5],36,98,111,62,82
1,<environment.Job instance at 0x7f02ec5c0b90>,39,19,[1 8],40,109,128,69,100
1,<environment.Job instance at 0x7f02ec5c05f0>,40,12,[4 7],41,111,123,70,100
1,<environment.Job instance at 0x7f02ec5c0aa0>,44,20,[7 3],45,123,143,78,114
1,<environment.Job instance at 0x7f02ec786050>,47,17,[6 3],48,123,140,75,114
1,<environment.Job instance at 0x7f02ec786910>,50,17,[2 8],51,128,145,77,116
1,<environment.Job instance at 0x7f02ec786410>,56,15,[5 7],57,143,158,86,129
1,<environment.Job instance at 0x7f02ec7865a0>,60,17,[5 4],61,145,162,84,133
1,<environment.Job instance at 0x7f02ec786e60>,63,14,[4 9],64,158,172,94,143
1,<environment.Job instance at 0x7f02ec769aa0>,67,13,[7 5],68,162,175,94,146
1,<environment.Job instance at 0x7f02ec50d280>,72,15,[10  5],73,175,190,102,161
1,<environment.Job instance at 0x7f02ec50df00>,74,19,[3 9],75,172,191,97,162
1,<environment.Job instance at 0x7f02ec50d640>,78,15,[4 9],79,191,206,112,177
1,<environment.Job instance at 0x7f02ec50daa0>,80,14,[3 6],81,190,204,109,177
1,<environment.Job instance at 0x7f02ec51c230>,91,16,[4 8],92,206,222,114,193
1,<environment.Job instance at 0x7f02ec51c690>,92,12,[9 1],93,204,216,111,193
1,<environment.Job instance at 0x7f02ec51ce10>,93,21,[3 9],94,222,243,128,214
1,<environment.Job instance at 0x7f02ec51cd70>,94,22,[7 4],95,216,238,121,214
1,<environment.Job instance at 0x7f02ec51c9b0>,96,12,[5 4],97,238,250,141,221
1,<environment.Job instance at 0x7f02ec0bc460>,0,17,[2 6],1,1,18,0,1
1,<environment.Job instance at 0x7f02ec81b7d0>,3,12,[ 1 10],4,18,30,14,4
1,<environment.Job instance at 0x7f02ec8070f0>,5,14,[9 5],6,6,20,0,6
1,<environment.Job instance at 0x7f02ec807690>,10,16,[ 1 10],11,30,46,19,17
1,<environment.Job instance at 0x7f02ec7f8b90>,22,23,[2 8],23,46,69,23,40
1,<environment.Job instance at 0x7f02ec533eb0>,24,20,[2 8],25,69,89,44,60
1,<environment.Job instance at 0x7f02ec499960>,27,21,[5 9],28,89,110,61,81
1,<environment.Job instance at 0x7f02ec7fc6e0>,34,15,[6 4],35,81,96,46,81
1,<environment.Job instance at 0x7f02ec7fc0a0>,38,13,[7 1],39,96,109,57,81
1,<environment.Job instance at 0x7f02ec7fc960>,39,16,[2 6],40,109,125,69,96
1,<environment.Job instance at 0x7f02ec8fe2d0>,44,22,[5 3],45,110,132,65,103
1,<environment.Job instance at 0x7f02ec48aeb0>,48,17,[9 1],49,125,142,76,113
1,<environment.Job instance at 0x7f02ec49f780>,51,16,[1 8],52,125,141,73,113
1,<environment.Job instance at 0x7f02ec49faf0>,54,12,[3 5],55,113,125,58,113
1,<environment.Job instance at 0x7f02ec8faa50>,55,14,[5 8],56,141,155,85,126
1,<environment.Job instance at 0x7f02ec8fa870>,59,19,[6 4],60,142,161,82,132
1,<environment.Job instance at 0x7f02ec8fa820>,60,22,[5 6],61,155,177,94,148
1,<environment.Job instance at 0x7f02ec8ef690>,65,14,[3 6],66,161,175,95,148
1,<environment.Job instance at 0x7f02ec8ef3c0>,68,13,[1 9],69,175,188,106,159
1,<environment.Job instance at 0x7f02ec8ef5a0>,69,16,[2 5],70,177,193,107,164
1,<environment.Job instance at 0x7f02ec8efaa0>,73,14,[1 9],74,188,202,114,173
1,<environment.Job instance at 0x7f02ecf4d460>,75,21,[5 4],76,193,214,117,185
1,<environment.Job instance at 0x7f02ecf4d6e0>,79,12,[2 9],80,202,214,122,185
1,<environment.Job instance at 0x7f02ecf4d780>,80,14,[8 1],81,185,199,104,185
1,<environment.Job instance at 0x7f02ecf4dc30>,87,12,[1 6],88,214,226,126,197
1,<environment.Job instance at 0x7f02ecf4dd70>,89,16,[7 3],90,214,230,124,201
1,<environment.Job instance at 0x7f02ecf4df50>,92,14,[ 4 10],93,226,240,133,211
1,<environment.Job instance at 0x7f02ec7ef050>,94,17,[2 5],95,230,247,135,218
1,<environment.Job instance at 0x7f02ec7ef0f0>,95,14,[8 2],96,240,254,144,225
1,<environment.Job instance at 0x7f02ec0bc780>,1,16,[ 1 11],2,290,306,288,290
1,<environment.Job instance at 0x7f02ec8074b0>,8,17,[2 8],9,1326,1343,1317,1326
1,<environment.Job instance at 0x7f02ec48a6e0>,1,18,[5 8],2,2,20,0,2
1,<environment.Job instance at 0x7f02ec56e5a0>,3,17,[6 1],4,4,21,0,4
1,<environment.Job instance at 0x7f02ec56ef00>,5,12,[ 2 10],6,20,32,14,6
1,<environment.Job instance at 0x7f02ec56e4b0>,6,15,[9 2],7,21,36,14,7
1,<environment.Job instance at 0x7f02ec8074b0>,8,17,[7 3],9,36,53,27,24
1,<environment.Job instance at 0x7f02ec56e1e0>,13,18,[4 7],14,32,50,18,24
1,<environment.Job instance at 0x7f02ec56e460>,16,20,[2 6],17,50,70,33,41
1,<environment.Job instance at 0x7f02ec56eb40>,21,17,[10  4],22,53,70,31,41
1,<environment.Job instance at 0x7f02ec58b280>,23,16,[8 4],24,70,86,46,57
1,<environment.Job instance at 0x7f02ec58b6e0>,26,15,[5 7],27,70,85,43,57
1,<environment.Job instance at 0x7f02ec56e640>,10,28,[7 2],11,85,113,74,84
1,<environment.Job instance at 0x7f02ec58bc30>,30,12,[8 1],31,86,98,55,84
1,<environment.Job instance at 0x7f02ec58bb40>,29,19,[10  1],30,113,132,83,103
1,<environment.Job instance at 0x7f02ec58b2d0>,36,13,[10  5],37,132,145,95,116
1,<environment.Job instance at 0x7f02ec58bbe0>,39,12,[5 5],40,116,128,76,116
1,<environment.Job instance at 0x7f02ec58baa0>,41,22,[4 9],42,128,150,86,127
1,<environment.Job instance at 0x7f02ec47aa00>,43,21,[4 9],44,150,171,106,142
1,<environment.Job instance at 0x7f02ec47aeb0>,44,13,[ 5 10],45,171,184,126,155
1,<environment.Job instance at 0x7f02ec47a230>,45,15,[7 2],46,155,170,109,155
1,<environment.Job instance at 0x7f02ec47a690>,49,15,[2 6],50,184,199,134,170
1,<environment.Job instance at 0x7f02ec47a730>,55,17,[ 5 10],56,199,216,143,187
1,<environment.Job instance at 0x7f02ec47a3c0>,59,13,[6 2],60,187,200,127,187
1,<environment.Job instance at 0x7f02ec47a780>,60,20,[6 5],61,200,220,139,191
1,<environment.Job instance at 0x7f02ec55f780>,67,14,[7 5],68,216,230,148,201
1,<environment.Job instance at 0x7f02ec55ff50>,70,21,[5 1],71,220,241,149,212
1,<environment.Job instance at 0x7f02ec55fd70>,72,14,[9 5],73,230,244,157,215
1,<environment.Job instance at 0x7f02ec55f5a0>,80,12,[8 2],81,244,256,163,227
1,<environment.Job instance at 0x7f02ed647a50>,84,16,[5 5],85,241,257,156,228
1,<environment.Job instance at 0x7f02ed647a00>,87,19,[5 7],88,256,275,168,246
1,<environment.Job instance at 0x7f02ed647870>,88,18,[1 5],89,257,275,168,246
1,<environment.Job instance at 0x7f02ec4937d0>,91,17,[7 4],92,275,292,183,263
1,<environment.Job instance at 0x7f02ec4939b0>,93,12,[4 8],94,275,287,181,263
1,<environment.Job instance at 0x7f02ec493320>,94,12,[8 2],95,263,275,168,263
1,<environment.Job instance at 0x7f02ec56e6e0>,9,18,[11  5],10,292,310,282,292
1,<environment.Job instance at 0x7f02ec56eeb0>,7,21,[3 9],8,301,322,293,301
1,<environment.Job instance at 0x7f02ec48ab40>,0,21,[9 1],1,310,331,309,302
1,<environment.Job instance at 0x7f02ec807780>,1,17,[2 7],2,2,19,0,2
1,<environment.Job instance at 0x7f02ec779a00>,2,14,[4 9],3,19,33,16,4
1,<environment.Job instance at 0x7f02ec768e10>,5,12,[4 8],6,6,18,0,6
1,<environment.Job instance at 0x7f02ec7873c0>,15,16,[5 5],16,18,34,2,16
1,<environment.Job instance at 0x7f02ec539500>,20,14,[ 2 11],21,34,48,13,21
1,<environment.Job instance at 0x7f02ec1e85f0>,18,13,[8 5],19,48,61,29,32
1,<environment.Job instance at 0x7f02ec78db90>,25,12,[1 9],26,48,60,22,34
1,<environment.Job instance at 0x7f02ec78d4b0>,26,15,[8 2],27,61,76,34,47
1,<environment.Job instance at 0x7f02ec78daa0>,21,16,[6 5],22,60,76,38,47
1,<environment.Job instance at 0x7f02ec78dbe0>,28,15,[ 5 10],29,76,91,47,63
1,<environment.Job instance at 0x7f02ec78d0a0>,29,12,[ 1 11],30,91,103,61,74
1,<environment.Job instance at 0x7f02ec43e5f0>,30,28,[3 6],31,103,131,72,102
1,<environment.Job instance at 0x7f02ec43eb40>,31,13,[6 1],32,102,115,70,102
1,<environment.Job instance at 0x7f02ec844730>,32,13,[1 8],33,103,116,70,102
1,<environment.Job instance at 0x7f02ec539af0>,19,13,[3 9],20,116,129,96,107
1,<environment.Job instance at 0x7f02ec458d20>,34,13,[12  5],35,129,142,94,121
1,<environment.Job instance at 0x7f02ec2159b0>,35,13,[ 5 10],36,142,155,106,127
1,<environment.Job instance at 0x7f02ec458b90>,36,15,[6 1],37,142,157,105,128
1,<environment.Job instance at 0x7f02ec78d5a0>,27,21,[7 2],28,155,176,127,147
1,<environment.Job instance at 0x7f02ec458640>,38,14,[6 5],39,157,171,118,147
1,<environment.Job instance at 0x7f02ec827fa0>,39,19,[ 4 10],40,171,190,131,164
1,<environment.Job instance at 0x7f02ecc406e0>,40,12,[1 5],41,176,188,135,164
1,<environment.Job instance at 0x7f02ec458690>,37,22,[ 3 10],38,190,212,152,183
1,<environment.Job instance at 0x7f02ecd59b40>,48,23,[13  5],49,212,235,163,206
1,<environment.Job instance at 0x7f02ec8338c0>,47,21,[1 9],48,212,233,164,206
1,<environment.Job instance at 0x7f02ec8622d0>,50,21,[5 4],51,235,256,184,227
1,<environment.Job instance at 0x7f02ec1e7960>,33,21,[10  4],34,235,256,201,227
1,<environment.Job instance at 0x7f02ecc5d140>,51,15,[10  1],52,256,271,204,243
1,<environment.Job instance at 0x7f02ec845870>,52,20,[4 5],53,256,276,203,247
1,<environment.Job instance at 0x7f02ec845fa0>,59,14,[6 5],60,271,285,211,256
1,<environment.Job instance at 0x7f02ec845c30>,60,13,[5 8],61,276,289,215,260
1,<environment.Job instance at 0x7f02ec83e5f0>,67,13,[7 5],68,285,298,217,269
1,<environment.Job instance at 0x7f02ec83e690>,68,13,[1 8],69,289,302,220,276
1,<environment.Job instance at 0x7f02ec845aa0>,54,17,[ 2 13],55,302,319,247,290
1,<environment.Job instance at 0x7f02ec1fbbe0>,73,16,[11  3],74,319,335,245,307
1,<environment.Job instance at 0x7f02ecc4a0f0>,74,18,[ 5 12],75,335,353,260,326
1,<environment.Job instance at 0x7f02ec1fb870>,75,24,[ 2 12],76,353,377,277,348
1,<environment.Job instance at 0x7f02ecc4a230>,76,24,[ 1 13],77,377,401,300,372
1,<environment.Job instance at 0x7f02ecc4a280>,77,13,[10  4],78,401,414,323,385
1,<environment.Job instance at 0x7f02ecc4a370>,78,23,[4 5],79,401,424,322,395
1,<environment.Job instance at 0x7f02ecc4a410>,79,25,[1 9],80,414,439,334,410
1,<environment.Job instance at 0x7f02ecc4a4b0>,80,15,[10  4],81,424,439,343,410
1,<environment.Job instance at 0x7f02ecc4a550>,81,13,[ 4 10],82,439,452,357,423
1,<environment.Job instance at 0x7f02ecc4a5f0>,82,17,[3 9],83,452,469,369,440
1,<environment.Job instance at 0x7f02ecc54f50>,72,22,[7 5],73,457,479,384,457
1,<environment.Job instance at 0x7f02ecc4a910>,87,12,[5 1],88,459,471,371,459
1,<environment.Job instance at 0x7f02ecc4a690>,83,24,[14  5],84,479,503,395,474
1,<environment.Job instance at 0x7f02ecc4ae10>,95,23,[13  5],96,503,526,407,497
1,<environment.Job instance at 0x7f02ecc4aeb0>,96,22,[ 4 10],97,526,548,429,519
1,<environment.Job instance at 0x7f02ecc4af50>,97,20,[ 2 10],98,548,568,450,539
1,<environment.Job instance at 0x7f02ecc4afa0>,98,28,[12  3],99,548,576,449,547
1,<environment.Job instance at 0x7f02ec787dc0>,17,17,[4 5],18,576,593,558,573
1,<environment.Job instance at 0x7f02ecec9b40>,3,18,[6 5],4,4,22,0,4
1,<environment.Job instance at 0x7f02ecec9eb0>,7,15,[11  5],8,22,37,14,8
1,<environment.Job instance at 0x7f02ecec9a50>,8,12,[1 7],9,9,21,0,9
1,<environment.Job instance at 0x7f02ecec9500>,17,18,[6 5],18,37,55,19,26
1,<environment.Job instance at 0x7f02ec8e7550>,21,18,[5 7],22,37,55,15,26
1,<environment.Job instance at 0x7f02ec8e7230>,22,15,[6 2],23,55,70,32,41
1,<environment.Job instance at 0x7f02ecec9820>,12,18,[5 8],13,55,73,42,46
1,<environment.Job instance at 0x7f02ecec9aa0>,18,17,[9 4],19,70,87,51,60
1,<environment.Job instance at 0x7f02ec8e79b0>,31,14,[ 2 11],32,73,87,41,60
1,<environment.Job instance at 0x7f02ecd48cd0>,46,15,[5 7],47,87,102,40,73
1,<environment.Job instance at 0x7f02ecd48e60>,50,18,[5 2],51,87,105,36,86
1,<environment.Job instance at 0x7f02ec8e72d0>,32,25,[14  3],33,105,130,72,101
1,<environment.Job instance at 0x7f02ecd48d20>,52,14,[8 3],53,130,144,77,115
1,<environment.Job instance at 0x7f02ecd48c30>,51,20,[3 7],52,130,150,78,126
1,<environment.Job instance at 0x7f02ecd48230>,53,18,[12  3],54,144,162,90,133
1,<environment.Job instance at 0x7f02ecd48870>,54,23,[2 6],55,150,173,95,144
1,<environment.Job instance at 0x7f02ecb0d870>,60,22,[2 7],61,162,184,101,155
1,<environment.Job instance at 0x7f02ecb0d4b0>,61,22,[8 1],62,162,184,100,155
1,<environment.Job instance at 0x7f02ecb0d9b0>,63,20,[8 2],64,184,204,120,175
1,<environment.Job instance at 0x7f02ecb0dcd0>,64,15,[5 8],65,184,199,119,175
1,<environment.Job instance at 0x7f02ecb0d6e0>,65,15,[4 9],66,199,214,133,185
1,<environment.Job instance at 0x7f02ecb0d2d0>,67,12,[9 1],68,204,216,136,187
1,<environment.Job instance at 0x7f02ecb0deb0>,70,13,[3 5],71,214,227,143,198
1,<environment.Job instance at 0x7f02ec931e60>,87,18,[9 1],88,216,234,128,205
1,<environment.Job instance at 0x7f02ecd48690>,55,21,[2 8],56,214,235,158,206
1,<environment.Job instance at 0x7f02ec931410>,92,19,[5 3],93,234,253,141,224
1,<environment.Job instance at 0x7f02ec931050>,93,12,[14  4],94,253,265,159,236
1,<environment.Job instance at 0x7f02ec931af0>,94,21,[6 4],95,265,286,170,257
1,<environment.Job instance at 0x7f02ec931230>,95,26,[7 5],96,265,291,169,262
1,<environment.Job instance at 0x7f02ec931a00>,97,14,[8 2],98,286,300,188,271
1,<environment.Job instance at 0x7f02ec9310a0>,98,13,[5 3],99,291,304,192,275
1,<environment.Job instance at 0x7f02ec8e7140>,30,19,[5 6],31,300,319,269,291
1,<environment.Job instance at 0x7f02ec47ad70>,0,23,[8 4],1,304,327,303,299
1,<environment.Job instance at 0x7f02ec931500>,96,17,[ 3 14],97,327,344,230,326
1,<environment.Job instance at 0x7f02ebe286e0>,5,14,[4 7],6,6,20,0,6
1,<environment.Job instance at 0x7f02ebe28b90>,6,16,[9 4],7,7,23,0,7
1,<environment.Job instance at 0x7f02ebee1870>,8,14,[ 2 10],9,20,34,11,9
1,<environment.Job instance at 0x7f02ebe28460>,11,18,[5 5],12,23,41,11,14
1,<environment.Job instance at 0x7f02ebee1af0>,16,18,[1 5],17,34,52,17,23
1,<environment.Job instance at 0x7f02ebee15f0>,17,18,[9 5],18,34,52,16,26
1,<environment.Job instance at 0x7f02ebee1690>,18,19,[4 5],19,41,60,22,31
1,<environment.Job instance at 0x7f02ebee1050>,24,13,[5 5],25,52,65,27,36
1,<environment.Job instance at 0x7f02ebee1550>,26,16,[8 3],27,60,76,33,48
1,<environment.Job instance at 0x7f02ebee1eb0>,13,17,[ 3 13],14,76,93,62,64
1,<environment.Job instance at 0x7f02ebf48b90>,30,21,[ 5 13],31,93,114,62,85
1,<environment.Job instance at 0x7f02ebf481e0>,31,22,[11  1],32,114,136,82,107
1,<environment.Job instance at 0x7f02ebf48aa0>,32,17,[11  2],33,136,153,103,124
1,<environment.Job instance at 0x7f02ebf48a00>,33,18,[5 5],34,153,171,119,142
1,<environment.Job instance at 0x7f02ebf48910>,34,20,[5 9],35,153,173,118,144
1,<environment.Job instance at 0x7f02ebf48c30>,44,18,[8 3],45,171,189,126,160
1,<environment.Job instance at 0x7f02ebf489b0>,47,15,[6 2],48,173,188,125,160
1,<environment.Job instance at 0x7f02ebf48500>,48,17,[7 4],49,188,205,139,176
1,<environment.Job instance at 0x7f02ebf3a690>,51,17,[3 5],52,189,206,137,177
1,<environment.Job instance at 0x7f02ebee14b0>,12,16,[5 5],13,189,205,176,182
1,<environment.Job instance at 0x7f02ebf3ae60>,53,14,[6 1],54,205,219,151,190
1,<environment.Job instance at 0x7f02ebf3ac30>,57,13,[9 5],58,206,219,148,191
1,<environment.Job instance at 0x7f02ebf3ad20>,58,16,[3 6],59,219,235,160,206
1,<environment.Job instance at 0x7f02ebf3a230>,60,14,[2 5],61,219,233,158,206
1,<environment.Job instance at 0x7f02ebf3a320>,64,17,[10  4],65,219,236,154,207
1,<environment.Job instance at 0x7f02ebee1c80>,10,16,[ 3 10],11,235,251,224,222
1,<environment.Job instance at 0x7f02ebf3aa50>,68,14,[2 7],69,251,265,182,236
1,<environment.Job instance at 0x7f02ebf3aaf0>,70,14,[3 7],71,251,265,180,236
1,<environment.Job instance at 0x7f02ebf3acd0>,71,20,[9 4],72,265,285,193,256
1,<environment.Job instance at 0x7f02ebf3a500>,69,20,[1 7],70,265,285,195,256
1,<environment.Job instance at 0x7f02ebf5ad70>,77,21,[5 9],78,285,306,207,277
1,<environment.Job instance at 0x7f02ebf5a5a0>,79,12,[5 7],80,306,318,226,289
1,<environment.Job instance at 0x7f02ef6f22d0>,81,20,[7 4],82,289,309,207,289
1,<environment.Job instance at 0x7f02ed36d640>,85,18,[1 6],86,309,327,223,298
1,<environment.Job instance at 0x7f02ed098f00>,86,15,[6 1],87,309,324,222,298
1,<environment.Job instance at 0x7f02ed36d4b0>,87,17,[5 7],88,318,335,230,306
1,<environment.Job instance at 0x7f02ed36da00>,88,17,[5 5],89,327,344,238,315
1,<environment.Job instance at 0x7f02ed038190>,89,17,[4 6],90,335,352,245,323
1,<environment.Job instance at 0x7f02ed038730>,90,13,[3 8],91,344,357,253,328
1,<environment.Job instance at 0x7f02ebf5afa0>,78,23,[3 7],79,352,375,273,346
1,<environment.Job instance at 0x7f02ed0387d0>,92,17,[1 8],93,357,374,264,346
1,<environment.Job instance at 0x7f02ed0385a0>,94,17,[1 9],95,375,392,280,363
1,<environment.Job instance at 0x7f02ed038a00>,96,13,[9 2],97,374,387,277,363
1,<environment.Job instance at 0x7f02ed038870>,93,18,[14  3],94,478,496,384,478
1,<environment.Job instance at 0x7f02ebf3ab90>,54,22,[ 1 12],55,569,591,514,569
1,<environment.Job instance at 0x7f02ebe28af0>,0,17,[14  2],1,575,592,574,575
1,<environment.Job instance at 0x7f02ecc910a0>,1,16,[6 3],2,2,18,0,2
1,<environment.Job instance at 0x7f02ecc91a50>,10,18,[10  5],11,18,36,7,11
1,<environment.Job instance at 0x7f02ecc91f50>,16,15,[9 4],17,36,51,19,22
1,<environment.Job instance at 0x7f02ecc91140>,18,14,[5 7],19,22,36,3,22
1,<environment.Job instance at 0x7f02ecae5c80>,26,20,[5 7],27,36,56,9,27
1,<environment.Job instance at 0x7f02ecae5aa0>,27,16,[4 8],28,51,67,23,38
1,<environment.Job instance at 0x7f02ecae5320>,29,15,[2 8],30,67,82,37,53
1,<environment.Job instance at 0x7f02ecae5460>,34,16,[10  5],35,56,72,21,53
1,<environment.Job instance at 0x7f02ecae5960>,36,16,[1 7],37,72,88,35,59
1,<environment.Job instance at 0x7f02ec597960>,42,16,[9 4],43,82,98,39,69
1,<environment.Job instance at 0x7f02ec597460>,54,19,[2 9],55,88,107,33,80
1,<environment.Job instance at 0x7f02ec597730>,55,19,[7 3],56,98,117,42,88
1,<environment.Job instance at 0x7f02ec597640>,57,18,[2 7],58,107,125,49,96
1,<environment.Job instance at 0x7f02ec2062d0>,59,18,[3 8],60,117,135,57,106
1,<environment.Job instance at 0x7f02ecc913c0>,14,18,[10  1],15,125,143,110,119
1,<environment.Job instance at 0x7f02ec206c30>,62,15,[4 8],63,135,150,72,121
1,<environment.Job instance at 0x7f02ecc91a00>,0,25,[ 4 14],1,150,175,149,146
1,<environment.Job instance at 0x7f02ec206960>,73,21,[9 1],74,147,168,73,147
1,<environment.Job instance at 0x7f02ec2065a0>,75,16,[1 7],76,175,191,99,162
1,<environment.Job instance at 0x7f02ecab3e10>,84,15,[2 5],85,175,190,90,162
1,<environment.Job instance at 0x7f02ecab3370>,85,18,[9 5],86,190,208,104,179
1,<environment.Job instance at 0x7f02ecab32d0>,89,15,[7 1],90,208,223,118,194
1,<environment.Job instance at 0x7f02ecab3960>,90,17,[2 6],91,194,211,103,194
1,<environment.Job instance at 0x7f02ecab36e0>,93,22,[5 3],94,208,230,114,201
1,<environment.Job instance at 0x7f02ec206500>,74,21,[14  2],75,230,251,155,222
1,<environment.Job instance at 0x7f02ed6aa690>,2,18,[10  2],3,3,21,0,3
1,<environment.Job instance at 0x7f02ed6aa640>,7,17,[2 6],8,8,25,0,8
1,<environment.Job instance at 0x7f02ed6aa0f0>,12,15,[4 5],13,21,36,8,13
1,<environment.Job instance at 0x7f02ed6aaeb0>,14,17,[3 5],15,25,42,10,15
1,<environment.Job instance at 0x7f02ed6aa410>,20,15,[7 4],21,24,39,3,24
1,<environment.Job instance at 0x7f02ebe4cbe0>,22,13,[ 5 12],23,42,55,19,26
1,<environment.Job instance at 0x7f02ebe4c500>,26,15,[5 5],27,55,70,28,41
1,<environment.Job instance at 0x7f02ebe4c3c0>,21,24,[5 1],22,45,69,23,45
1,<environment.Job instance at 0x7f02ec539410>,30,18,[5 9],31,55,73,24,45
1,<environment.Job instance at 0x7f02ec539be0>,33,19,[1 9],34,73,92,39,63
1,<environment.Job instance at 0x7f02ec539a50>,35,20,[7 5],36,70,90,34,63
1,<environment.Job instance at 0x7f02ec539280>,41,17,[1 9],42,92,109,50,80
1,<environment.Job instance at 0x7f02ec539550>,48,17,[2 5],49,90,107,41,80
1,<environment.Job instance at 0x7f02ec5399b0>,49,17,[3 6],50,107,124,57,95
1,<environment.Job instance at 0x7f02ecd085f0>,54,12,[6 3],55,109,121,54,95
1,<environment.Job instance at 0x7f02ecd08af0>,57,12,[4 6],58,109,121,51,95
1,<environment.Job instance at 0x7f02ecd086e0>,58,13,[2 6],59,121,134,62,105
1,<environment.Job instance at 0x7f02ecd080f0>,59,13,[10  4],60,124,137,64,108
1,<environment.Job instance at 0x7f02ec1e86e0>,67,13,[3 9],68,134,147,66,118
1,<environment.Job instance at 0x7f02ec1e8190>,69,21,[8 3],70,137,158,67,129
1,<environment.Job instance at 0x7f02ec1e8960>,74,20,[2 7],75,147,167,72,138
1,<environment.Job instance at 0x7f02ec1e8d70>,80,18,[7 5],81,158,176,77,147
1,<environment.Job instance at 0x7f02ec1e8f00>,81,15,[2 7],82,167,182,85,153
1,<environment.Job instance at 0x7f02ebf64140>,83,13,[1 7],84,176,189,92,160
1,<environment.Job instance at 0x7f02ebf64550>,84,13,[3 5],85,182,195,97,166
1,<environment.Job instance at 0x7f02ebf64dc0>,85,16,[3 9],86,189,205,103,176
1,<environment.Job instance at 0x7f02ebf64280>,89,12,[7 4],90,195,207,105,178
1,<environment.Job instance at 0x7f02ebf64460>,91,14,[8 1],92,178,192,86,178
1,<environment.Job instance at 0x7f02ebf640a0>,98,17,[8 4],99,205,222,106,193
1,<environment.Job instance at 0x7f02ec539c80>,31,17,[2 5],32,207,224,175,197
1,<environment.Job instance at 0x7f02ebe4caa0>,19,19,[ 3 10],20,222,241,202,217
1,<environment.Job instance at 0x7f02ec2f3aa0>,0,22,[13  2],1,241,263,240,234
1,<environment.Job instance at 0x7f02f5ccc500>,0,14,[10  2],1,1,15,0,1
1,<environment.Job instance at 0x7f02f5ccca50>,1,22,[5 5],2,3,25,1,3
1,<environment.Job instance at 0x7f02f5ccce10>,3,14,[4 9],4,15,29,11,4
1,<environment.Job instance at 0x7f02ecd1f5f0>,12,21,[6 4],13,25,46,12,17
1,<environment.Job instance at 0x7f02ecd1fe60>,16,16,[5 6],17,29,45,12,17
1,<environment.Job instance at 0x7f02ecd1f870>,9,15,[5 5],10,45,60,35,31
1,<environment.Job instance at 0x7f02ecd1f0a0>,19,13,[5 5],20,46,59,26,31
1,<environment.Job instance at 0x7f02f6271410>,23,14,[4 5],24,31,45,7,31
1,<environment.Job instance at 0x7f02ec18b410>,37,16,[7 4],38,59,75,21,46
1,<environment.Job instance at 0x7f02ec18bb40>,38,12,[8 4],39,60,72,21,46
1,<environment.Job instance at 0x7f02ec18beb0>,46,12,[8 4],47,72,84,25,55
1,<environment.Job instance at 0x7f02ec18b370>,47,16,[1 8],48,75,91,27,65
1,<environment.Job instance at 0x7f02ebe920f0>,50,13,[9 3],51,84,97,33,68
1,<environment.Job instance at 0x7f02ebe92cd0>,55,17,[5 3],56,75,92,19,69
1,<environment.Job instance at 0x7f02ebe92190>,56,12,[2 7],57,92,104,35,76
1,<environment.Job instance at 0x7f02ebf673c0>,60,13,[4 6],61,97,110,36,82
1,<environment.Job instance at 0x7f02ebf67d70>,63,15,[2 6],64,104,119,40,90
1,<environment.Job instance at 0x7f02ebf67910>,65,18,[1 7],66,110,128,44,100
1,<environment.Job instance at 0x7f02ecd1fbe0>,20,14,[14  4],21,119,133,98,104
1,<environment.Job instance at 0x7f02ebf67550>,66,16,[9 3],67,133,149,66,120
1,<environment.Job instance at 0x7f02ebf67e10>,67,18,[ 1 12],68,133,151,65,122
1,<environment.Job instance at 0x7f02ec109eb0>,73,18,[7 4],74,151,169,77,140
1,<environment.Job instance at 0x7f02ec109690>,74,14,[ 2 10],75,151,165,76,140
1,<environment.Job instance at 0x7f02ec109870>,77,20,[5 7],78,165,185,87,156
1,<environment.Job instance at 0x7f02ec68ed20>,80,14,[9 1],81,169,183,88,158
1,<environment.Job instance at 0x7f02ed552230>,81,12,[10  4],82,183,195,101,166
1,<environment.Job instance at 0x7f02f5ce1140>,85,15,[ 1 10],86,185,200,99,171
1,<environment.Job instance at 0x7f02ec83ed70>,86,17,[5 1],87,195,212,108,183
1,<environment.Job instance at 0x7f02ec83e0f0>,91,13,[9 2],92,195,208,103,183
1,<environment.Job instance at 0x7f02ec4aca50>,92,12,[4 7],93,208,220,115,191
1,<environment.Job instance at 0x7f02ec5a05a0>,93,17,[11  4],94,212,229,118,200
1,<environment.Job instance at 0x7f02ec6a9eb0>,96,14,[4 8],97,220,234,123,205
1,<environment.Job instance at 0x7f02ec5ae3c0>,98,12,[1 6],99,229,241,130,212
1,<environment.Job instance at 0x7f02ec109640>,71,16,[ 2 13],72,241,257,169,228
1,<environment.Job instance at 0x7f02f5ccc2d0>,4,26,[6 1],5,229,255,224,228
1,<environment.Job instance at 0x7f02ecd1fcd0>,13,27,[ 2 11],14,319,346,305,319
1,<environment.Job instance at 0x7f02ecd1f5a0>,7,20,[3 6],8,401,421,393,401
1,<environment.Job instance at 0x7f02ed1f8f50>,0,14,[8 4],1,1,15,0,1
1,<environment.Job instance at 0x7f02ec19ed70>,7,20,[4 5],8,8,28,0,8
1,<environment.Job instance at 0x7f02ed1d8a00>,8,14,[5 7],9,15,29,6,9
1,<environment.Job instance at 0x7f02ed1d82d0>,16,14,[11  3],17,29,43,12,17
1,<environment.Job instance at 0x7f02ec189870>,26,18,[1 6],27,28,46,1,27
1,<environment.Job instance at 0x7f02ed17c960>,31,17,[7 3],32,43,60,11,33
1,<environment.Job instance at 0x7f02ec189f00>,27,20,[1 9],28,46,66,18,37
1,<environment.Job instance at 0x7f02ed17c230>,37,15,[6 1],38,43,58,5,38
1,<environment.Job instance at 0x7f02ed17c730>,46,16,[9 2],47,60,76,13,47
1,<environment.Job instance at 0x7f02ed1e81e0>,50,22,[1 5],51,66,88,15,59
1,<environment.Job instance at 0x7f02ed1e8640>,53,20,[1 5],54,66,86,12,59
1,<environment.Job instance at 0x7f02ed1e80f0>,57,18,[5 5],58,76,94,18,65
1,<environment.Job instance at 0x7f02ed1e86e0>,63,18,[3 8],64,88,106,24,77
1,<environment.Job instance at 0x7f02ebf9b320>,67,16,[1 6],68,94,110,26,81
1,<environment.Job instance at 0x7f02ebf9b2d0>,78,17,[8 4],79,106,123,27,94
1,<environment.Job instance at 0x7f02ebf9bd20>,79,16,[7 2],80,110,126,30,97
1,<environment.Job instance at 0x7f02ebf73050>,82,14,[8 5],83,123,137,40,108
1,<environment.Job instance at 0x7f02ebf73a50>,84,19,[6 4],85,126,145,41,116
1,<environment.Job instance at 0x7f02ebf739b0>,85,16,[1 6],86,126,142,40,116
1,<environment.Job instance at 0x7f02ebf73a00>,86,14,[1 8],87,142,156,55,127
1,<environment.Job instance at 0x7f02ebf73aa0>,87,22,[7 2],88,137,159,49,130
1,<environment.Job instance at 0x7f02ebf73640>,88,15,[10  1],89,159,174,70,145
1,<environment.Job instance at 0x7f02ebf73c30>,93,16,[3 7],94,156,172,62,145
1,<environment.Job instance at 0x7f02ebf9c1e0>,98,14,[1 7],99,159,173,60,145
1,<environment.Job instance at 0x7f02ec1893c0>,32,14,[ 3 11],33,197,211,164,197
1,<environment.Job instance at 0x7f02ec19eaf0>,1,24,[14  3],2,211,235,209,208
1,<environment.Job instance at 0x7f02ed17c050>,40,20,[11  2],41,6244,6264,6203,6244
1,<environment.Job instance at 0x7f02ec3f7910>,0,13,[5 5],1,1,14,0,1
1,<environment.Job instance at 0x7f02ec3f7f00>,2,19,[2 6],3,3,22,0,3
1,<environment.Job instance at 0x7f02ec3f7c30>,6,18,[2 5],7,14,32,7,7
1,<environment.Job instance at 0x7f02ec490190>,11,18,[3 9],12,22,40,10,12
1,<environment.Job instance at 0x7f02ec4904b0>,18,17,[6 2],19,32,49,13,21
1,<environment.Job instance at 0x7f02ec490370>,13,16,[1 7],14,40,56,26,27
1,<environment.Job instance at 0x7f02ec4903c0>,17,17,[5 7],18,49,66,31,37
1,<environment.Job instance at 0x7f02ec490fa0>,21,15,[8 2],22,56,71,34,42
1,<environment.Job instance at 0x7f02ec490be0>,25,16,[10  3],26,71,87,45,58
1,<environment.Job instance at 0x7f02ec490b40>,29,17,[9 4],30,87,104,57,75
1,<environment.Job instance at 0x7f02ec31f4b0>,32,20,[5 3],33,75,95,42,75
1,<environment.Job instance at 0x7f02ec490a50>,20,15,[14  3],21,104,119,83,93
1,<environment.Job instance at 0x7f02ec31f8c0>,38,13,[14  2],39,119,132,80,103
1,<environment.Job instance at 0x7f02ec31fa50>,37,20,[8 1],38,132,152,94,123
1,<environment.Job instance at 0x7f02ec31f2d0>,41,16,[4 6],42,132,148,90,123
1,<environment.Job instance at 0x7f02ec31f3c0>,42,15,[5 1],43,148,163,105,134
1,<environment.Job instance at 0x7f02f5e57af0>,52,15,[3 7],53,152,167,99,139
1,<environment.Job instance at 0x7f02ec0093c0>,53,23,[5 6],54,152,175,98,147
1,<environment.Job instance at 0x7f02ec31f230>,40,24,[8 2],41,167,191,126,162
1,<environment.Job instance at 0x7f02ec009a50>,55,19,[2 5],56,167,186,111,162
1,<environment.Job instance at 0x7f02ec4905a0>,19,18,[14  2],20,191,209,171,180
1,<environment.Job instance at 0x7f02ec4902d0>,16,28,[ 1 10],17,186,214,169,185
1,<environment.Job instance at 0x7f02ec23f500>,65,24,[14  2],66,209,233,143,204
1,<environment.Job instance at 0x7f02ec23fd20>,67,16,[9 1],68,233,249,165,220
1,<environment.Job instance at 0x7f02ec23f2d0>,68,27,[2 9],69,233,260,164,233
1,<environment.Job instance at 0x7f02ec23fdc0>,72,24,[7 1],73,249,273,176,244
1,<environment.Job instance at 0x7f02ec23f640>,73,23,[6 3],74,249,272,175,249
1,<environment.Job instance at 0x7f02ec23f140>,71,13,[10  3],72,273,286,201,257
1,<environment.Job instance at 0x7f02ec23fe10>,74,14,[3 7],75,272,286,197,257
1,<environment.Job instance at 0x7f02ec71d960>,76,16,[14  5],77,286,302,209,273
1,<environment.Job instance at 0x7f02ec71dc30>,77,18,[ 4 11],78,302,320,224,292
1,<environment.Job instance at 0x7f02ec71da50>,75,20,[5 1],76,302,322,226,293
1,<environment.Job instance at 0x7f02ec71d550>,82,18,[3 5],83,320,338,237,309
1,<environment.Job instance at 0x7f02ec9288c0>,84,18,[5 6],85,320,338,235,309
1,<environment.Job instance at 0x7f02ec928050>,86,15,[ 4 10],87,338,353,251,325
1,<environment.Job instance at 0x7f02ec928d20>,88,22,[7 1],89,336,358,247,336
1,<environment.Job instance at 0x7f02ec71dbe0>,78,25,[2 5],79,353,378,274,349
1,<environment.Job instance at 0x7f02ec928410>,91,18,[11  1],92,358,376,266,349
1,<environment.Job instance at 0x7f02ec928780>,92,13,[3 9],93,376,389,283,360
1,<environment.Job instance at 0x7f02ec928d70>,93,15,[ 2 13],94,389,404,295,375
1,<environment.Job instance at 0x7f02ec928690>,94,19,[8 2],95,378,397,283,375
1,<environment.Job instance at 0x7f02ec928320>,95,15,[ 2 13],96,404,419,308,392
1,<environment.Job instance at 0x7f02ec9284b0>,96,17,[13  4],97,419,436,322,407
1,<environment.Job instance at 0x7f02ec928b40>,90,20,[3 8],91,436,456,345,428
1,<environment.Job instance at 0x7f02eceaacd0>,98,17,[1 5],99,439,456,340,439
1,<environment.Job instance at 0x7f02ec9285a0>,97,28,[ 1 12],98,456,484,358,455
1,<environment.Job instance at 0x7f02ec23f7d0>,57,16,[8 4],58,1036,1052,978,1036
1,<environment.Job instance at 0x7f02ec3f7f50>,1,25,[13  1],2,1052,1077,1050,1048
1,<environment.Job instance at 0x7f02ec910690>,1,18,[1 9],2,2,20,0,2
1,<environment.Job instance at 0x7f02ec8eee60>,3,18,[7 1],4,4,22,0,4
1,<environment.Job instance at 0x7f02ec8ee820>,4,19,[7 3],5,5,24,0,5
1,<environment.Job instance at 0x7f02ed691d20>,9,13,[5 8],10,22,35,12,10
1,<environment.Job instance at 0x7f02ec8fb460>,16,22,[4 5],17,24,46,7,18
1,<environment.Job instance at 0x7f02ec8fb050>,18,19,[2 5],19,35,54,16,25
1,<environment.Job instance at 0x7f02ec8fb6e0>,19,23,[2 5],20,35,58,15,29
1,<environment.Job instance at 0x7f02ec8fb0f0>,20,12,[7 2],21,46,58,25,29
1,<environment.Job instance at 0x7f02ec8fb730>,21,20,[6 1],22,54,74,32,45
1,<environment.Job instance at 0x7f02ec8fbf50>,26,19,[3 7],27,58,77,31,48
1,<environment.Job instance at 0x7f02ec8fbd70>,29,17,[5 4],30,58,75,28,48
1,<environment.Job instance at 0x7f02ec8fb8c0>,30,19,[5 8],31,75,94,44,65
1,<environment.Job instance at 0x7f02ec90db90>,32,19,[8 1],33,77,96,44,74
1,<environment.Job instance at 0x7f02ec90d280>,34,13,[6 5],35,94,107,59,78
1,<environment.Job instance at 0x7f02f5ff8b90>,35,23,[1 6],36,78,101,42,78
1,<environment.Job instance at 0x7f02ec90d500>,37,20,[1 7],38,101,121,63,92
1,<environment.Job instance at 0x7f02ecd792d0>,39,15,[9 4],40,107,122,67,94
1,<environment.Job instance at 0x7f02ed00f5f0>,42,16,[8 2],43,122,138,79,109
1,<environment.Job instance at 0x7f02ecb08910>,44,14,[4 7],45,121,135,76,109
1,<environment.Job instance at 0x7f02ec307be0>,51,19,[2 5],52,122,141,70,112
1,<environment.Job instance at 0x7f02ec307fa0>,55,15,[1 7],56,135,150,79,121
1,<environment.Job instance at 0x7f02ec3076e0>,58,21,[1 6],59,141,162,82,133
1,<environment.Job instance at 0x7f02ec307f00>,59,15,[7 1],60,138,153,78,133
1,<environment.Job instance at 0x7f02ec3072d0>,64,16,[4 9],65,153,169,88,141
1,<environment.Job instance at 0x7f02eca3af50>,66,14,[5 4],67,162,176,95,147
1,<environment.Job instance at 0x7f02ecc34230>,67,15,[6 4],68,169,184,101,156
1,<environment.Job instance at 0x7f02ec1915f0>,68,20,[7 5],69,176,196,107,167
1,<environment.Job instance at 0x7f02ed5a4e60>,69,23,[6 1],70,184,207,114,181
1,<environment.Job instance at 0x7f02f62797d0>,71,12,[8 1],72,196,208,124,182
1,<environment.Job instance at 0x7f02f5c9e550>,74,17,[1 6],75,182,199,107,182
1,<environment.Job instance at 0x7f02f5c9e370>,77,21,[4 5],78,207,228,129,199
1,<environment.Job instance at 0x7f02ec8ee8c0>,5,21,[5 5],6,208,229,202,200
1,<environment.Job instance at 0x7f02ec868730>,83,12,[5 8],84,228,240,144,211
1,<environment.Job instance at 0x7f02ed49a730>,85,15,[4 8],86,240,255,154,226
1,<environment.Job instance at 0x7f02ecc672d0>,86,15,[1 6],87,229,244,142,226
1,<environment.Job instance at 0x7f02ed4a9280>,91,20,[9 5],92,244,264,152,235
1,<environment.Job instance at 0x7f02ec8ee410>,7,15,[ 3 14],8,311,326,303,311
1,<environment.Job instance at 0x7f02ec9106e0>,0,18,[14  1],1,326,344,325,315
1,<environment.Job instance at 0x7f02ec8ee500>,17,16,[14  4],18,6099,6115,6081,6099
1,<environment.Job instance at 0x7f02ec64ccd0>,0,13,[ 4 12],1,1,14,0,1
1,<environment.Job instance at 0x7f02ec25a280>,3,14,[10  5],4,14,28,10,4
1,<environment.Job instance at 0x7f02ec25a910>,5,12,[3 5],6,14,26,8,7
1,<environment.Job instance at 0x7f02ec25aaf0>,11,15,[1 7],12,26,41,14,12
1,<environment.Job instance at 0x7f02ec25ad70>,12,14,[10  2],13,28,42,15,13
1,<environment.Job instance at 0x7f02ec25a5f0>,15,12,[9 1],16,42,54,26,25
1,<environment.Job instance at 0x7f02ec25a690>,14,14,[4 8],15,41,55,26,26
1,<environment.Job instance at 0x7f02ec25aaa0>,20,13,[9 3],21,54,67,33,38
1,<environment.Job instance at 0x7f02ec62d410>,26,13,[10  1],27,67,80,40,51
1,<environment.Job instance at 0x7f02ec62db40>,27,20,[6 5],28,80,100,52,71
1,<environment.Job instance at 0x7f02ec62dcd0>,28,15,[ 5 10],29,71,86,42,71
1,<environment.Job instance at 0x7f02ec62d2d0>,30,15,[5 8],31,86,101,55,72
1,<environment.Job instance at 0x7f02ec62d7d0>,33,16,[2 8],34,101,117,67,88
1,<environment.Job instance at 0x7f02ec62d140>,37,15,[ 4 10],38,117,132,79,103
1,<environment.Job instance at 0x7f02ec62daf0>,40,18,[ 2 10],41,132,150,91,121
1,<environment.Job instance at 0x7f02ecacc730>,44,14,[9 1],45,121,135,76,121
1,<environment.Job instance at 0x7f02ecacc910>,45,15,[3 9],46,150,165,104,136
1,<environment.Job instance at 0x7f02ecacca50>,47,16,[5 1],48,136,152,88,136
1,<environment.Job instance at 0x7f02ecacceb0>,49,13,[8 3],50,136,149,86,136
1,<environment.Job instance at 0x7f02ecacc370>,59,22,[2 7],60,165,187,105,158
1,<environment.Job instance at 0x7f02ebfff3c0>,62,16,[ 3 10],63,187,203,124,174
1,<environment.Job instance at 0x7f02ebfff500>,63,13,[3 9],64,203,216,139,187
1,<environment.Job instance at 0x7f02ebfff8c0>,70,14,[9 2],71,187,201,116,187
1,<environment.Job instance at 0x7f02ebfff550>,77,15,[3 8],78,216,231,138,202
1,<environment.Job instance at 0x7f02ebfffe60>,78,14,[4 9],79,231,245,152,216
1,<environment.Job instance at 0x7f02ecdf5be0>,80,22,[2 8],81,245,267,164,238
1,<environment.Job instance at 0x7f02ec25a780>,6,20,[ 3 11],7,267,287,260,258
1,<environment.Job instance at 0x7f02ecdf5dc0>,85,18,[4 6],86,287,305,201,276
1,<environment.Job instance at 0x7f02ecdf5a00>,86,14,[2 6],87,287,301,200,276
1,<environment.Job instance at 0x7f02ecdf5690>,88,12,[6 5],89,301,313,212,284
1,<environment.Job instance at 0x7f02ecdf5c30>,95,12,[8 5],96,305,317,209,288
1,<environment.Job instance at 0x7f02ecdf5910>,84,20,[4 5],85,313,333,228,304
1,<environment.Job instance at 0x7f02ec64cf50>,1,24,[10  5],2,317,341,315,312
1,<environment.Job instance at 0x7f02ec25ae10>,21,23,[ 1 13],22,996,1019,974,996
1,<environment.Job instance at 0x7f02ec25a5a0>,4,16,[10  2],5,1002,1018,997,1002
1,<environment.Job instance at 0x7f02ec001eb0>,0,12,[2 5],1,1,13,0,1
1,<environment.Job instance at 0x7f02ed10cd20>,5,14,[8 5],6,6,20,0,6
1,<environment.Job instance at 0x7f02ed10cf00>,8,20,[6 3],9,13,33,4,9
1,<environment.Job instance at 0x7f02ed10cc80>,9,21,[3 6],10,20,41,10,12
1,<environment.Job instance at 0x7f02ed10c4b0>,14,12,[7 1],15,33,45,18,16
1,<environment.Job instance at 0x7f02ed10cb90>,18,12,[7 5],19,41,53,22,24
1,<environment.Job instance at 0x7f02ed10c410>,20,18,[9 3],21,53,71,32,42
1,<environment.Job instance at 0x7f02ed141050>,21,17,[9 4],22,71,88,49,59
1,<environment.Job instance at 0x7f02ed141550>,26,17,[4 8],27,59,76,32,59
1,<environment.Job instance at 0x7f02ed1415f0>,27,14,[5 6],28,76,90,48,61
1,<environment.Job instance at 0x7f02ed141690>,28,16,[8 4],29,88,104,59,75
1,<environment.Job instance at 0x7f02ed141870>,31,21,[9 3],32,104,125,72,96
1,<environment.Job instance at 0x7f02ed141af0>,35,21,[8 5],36,125,146,89,117
1,<environment.Job instance at 0x7f02ed141c30>,37,13,[7 1],38,125,138,87,118
1,<environment.Job instance at 0x7f02ed141e10>,40,12,[3 8],41,138,150,97,121
1,<environment.Job instance at 0x7f02ed141500>,42,15,[5 6],43,146,161,103,132
1,<environment.Job instance at 0x7f02ed132190>,45,17,[5 8],46,150,167,104,138
1,<environment.Job instance at 0x7f02ed1322d0>,47,12,[8 5],48,161,173,113,144
1,<environment.Job instance at 0x7f02ed132370>,48,18,[3 6],49,167,185,118,156
1,<environment.Job instance at 0x7f02ed1324b0>,50,21,[5 3],51,173,194,122,165
1,<environment.Job instance at 0x7f02ed1327d0>,55,17,[8 3],56,185,202,129,173
1,<environment.Job instance at 0x7f02ed132910>,57,12,[7 2],58,173,185,115,173
1,<environment.Job instance at 0x7f02ed132b90>,59,16,[3 5],60,194,210,134,181
1,<environment.Job instance at 0x7f02ed132eb0>,65,15,[1 8],66,202,217,136,188
1,<environment.Job instance at 0x7f02ed13b2d0>,71,13,[5 8],72,217,230,145,201
1,<environment.Job instance at 0x7f02ed13b370>,72,16,[5 2],73,202,218,129,201
1,<environment.Job instance at 0x7f02ed13b410>,73,20,[5 4],74,210,230,136,201
1,<environment.Job instance at 0x7f02ed13b780>,76,14,[7 5],77,230,244,153,215
1,<environment.Job instance at 0x7f02ed145aa0>,83,17,[1 7],84,230,247,146,218
1,<environment.Job instance at 0x7f02ebf2fd20>,87,14,[8 1],88,244,258,156,229
1,<environment.Job instance at 0x7f02ebf51320>,91,19,[9 1],92,258,277,166,248
1,<environment.Job instance at 0x7f02ebf2baf0>,92,12,[7 3],93,277,289,184,260
1,<environment.Job instance at 0x7f02ebfdad70>,93,17,[1 8],94,260,277,166,260
1,<environment.Job instance at 0x7f02ebfbc640>,97,17,[5 9],98,277,294,179,265
1,<environment.Job instance at 0x7f02ec0016e0>,1,17,[13  4],2,354,371,352,354
1,<environment.Job instance at 0x7f02ed10c730>,17,19,[8 4],18,978,997,960,978
1,<environment.Job instance at 0x7f02ed10c870>,0,16,[ 3 14],1,1,17,0,1
1,<environment.Job instance at 0x7f02ed10c730>,2,14,[8 4],3,17,31,14,3
1,<environment.Job instance at 0x7f02ecee8640>,3,19,[ 2 10],4,17,36,13,7
1,<environment.Job instance at 0x7f02ecee8550>,7,14,[11  2],8,31,45,23,16
1,<environment.Job instance at 0x7f02ecee8820>,11,13,[4 5],12,36,49,24,20
1,<environment.Job instance at 0x7f02ecee8c30>,6,14,[9 3],7,45,59,38,30
1,<environment.Job instance at 0x7f02ecee8b90>,5,22,[ 1 12],6,49,71,43,42
1,<environment.Job instance at 0x7f02ecee8b40>,14,22,[1 8],15,71,93,56,64
1,<environment.Job instance at 0x7f02ed1f85a0>,18,28,[14  2],19,64,92,45,64
1,<environment.Job instance at 0x7f02ecee8730>,17,20,[5 4],18,92,112,74,83
1,<environment.Job instance at 0x7f02ecee8780>,13,14,[8 4],14,93,107,79,83
1,<environment.Job instance at 0x7f02ed1f81e0>,26,13,[6 5],27,107,120,80,91
1,<environment.Job instance at 0x7f02ed1f8af0>,21,17,[5 5],22,112,129,90,100
1,<environment.Job instance at 0x7f02ec607d70>,32,21,[7 4],33,120,141,87,112
1,<environment.Job instance at 0x7f02ed1f8460>,31,12,[12  3],32,141,153,109,124
1,<environment.Job instance at 0x7f02ec607320>,33,20,[3 9],34,129,149,95,124
1,<environment.Job instance at 0x7f02ec607690>,36,16,[9 5],37,153,169,116,140
1,<environment.Job instance at 0x7f02ec6075a0>,43,20,[7 3],44,169,189,125,160
1,<environment.Job instance at 0x7f02ec635730>,48,19,[6 4],49,160,179,111,160
1,<environment.Job instance at 0x7f02ec6357d0>,49,13,[6 4],50,179,192,129,163
1,<environment.Job instance at 0x7f02ec635280>,51,19,[5 5],52,189,208,137,179
1,<environment.Job instance at 0x7f02ec635050>,52,17,[7 1],53,192,209,139,180
1,<environment.Job instance at 0x7f02ec635a00>,59,18,[7 3],60,208,226,148,197
1,<environment.Job instance at 0x7f02ecba85f0>,61,18,[1 5],62,197,215,135,197
1,<environment.Job instance at 0x7f02ecba8d70>,62,22,[1 6],63,209,231,146,203
1,<environment.Job instance at 0x7f02ecba8b40>,65,15,[5 5],66,215,230,149,203
1,<environment.Job instance at 0x7f02ed0da6e0>,75,16,[2 6],76,230,246,154,217
1,<environment.Job instance at 0x7f02ed0da280>,77,17,[5 5],78,231,248,153,219
1,<environment.Job instance at 0x7f02ed0da7d0>,79,12,[6 2],80,226,238,146,219
1,<environment.Job instance at 0x7f02ed0da460>,80,15,[1 8],81,246,261,165,232
1,<environment.Job instance at 0x7f02ed1f8aa0>,19,16,[9 4],20,248,264,228,237
1,<environment.Job instance at 0x7f02ec607730>,34,25,[4 5],35,261,286,226,257
1,<environment.Job instance at 0x7f02ed0da0f0>,83,12,[10  4],84,264,276,180,260
1,<environment.Job instance at 0x7f02ed0f7d20>,84,15,[10  4],85,276,291,191,263
1,<environment.Job instance at 0x7f02ed0daaf0>,81,20,[3 8],82,286,306,204,277
1,<environment.Job instance at 0x7f02ed0f7960>,86,22,[2 5],87,291,313,204,284
1,<environment.Job instance at 0x7f02ed0dafa0>,82,15,[11  1],83,306,321,223,292
1,<environment.Job instance at 0x7f02ecee80f0>,15,14,[ 3 13],16,313,327,297,299
1,<environment.Job instance at 0x7f02ed0f70f0>,89,14,[11  2],90,324,338,234,324
1,<environment.Job instance at 0x7f02ed0f7c80>,92,16,[11  2],93,338,354,245,330
1,<environment.Job instance at 0x7f02ed0f77d0>,93,15,[6 2],94,354,369,260,340
1,<environment.Job instance at 0x7f02ed0f7640>,88,21,[2 8],89,349,370,260,349
1,<environment.Job instance at 0x7f02ed2acc30>,95,15,[1 5],96,349,364,253,349
1,<environment.Job instance at 0x7f02f5d529b0>,98,21,[7 3],99,364,385,265,356
1,<environment.Job instance at 0x7f02ed10c190>,1,17,[12  1],2,385,402,383,373
1,<environment.Job instance at 0x7f02ed0f72d0>,91,22,[ 5 12],92,402,424,310,402
1,<environment.Job instance at 0x7f02ebf325f0>,1,14,[1 9],2,2,16,0,2
1,<environment.Job instance at 0x7f02ed2b2aa0>,2,12,[11  1],3,3,15,0,3
1,<environment.Job instance at 0x7f02ec689730>,4,13,[5 5],5,15,28,10,5
1,<environment.Job instance at 0x7f02ed175af0>,9,17,[3 5],10,16,33,6,10
1,<environment.Job instance at 0x7f02ec02a0a0>,11,15,[7 1],12,15,30,3,12
1,<environment.Job instance at 0x7f02ec02aa00>,13,12,[8 4],14,30,42,16,14
1,<environment.Job instance at 0x7f02ec02a870>,17,17,[ 2 10],18,34,51,16,34
1,<environment.Job instance at 0x7f02ec283140>,15,22,[ 4 14],16,51,73,35,44
1,<environment.Job instance at 0x7f02ec02ad20>,19,16,[ 1 10],20,73,89,53,60
1,<environment.Job instance at 0x7f02ec02a370>,20,22,[3 5],21,73,95,52,66
1,<environment.Job instance at 0x7f02ecf0cc30>,25,15,[12  3],26,89,104,63,76
1,<environment.Job instance at 0x7f02ecf0cd70>,26,20,[1 7],27,95,115,68,92
1,<environment.Job instance at 0x7f02ecf0c280>,28,16,[3 8],29,104,120,75,93
1,<environment.Job instance at 0x7f02ecf0cdc0>,29,14,[6 2],30,115,129,85,100
1,<environment.Job instance at 0x7f02ecf0c8c0>,27,18,[9 3],28,120,138,92,109
1,<environment.Job instance at 0x7f02ecf0c960>,32,14,[4 7],33,129,143,96,115
1,<environment.Job instance at 0x7f02ecf2dbe0>,37,14,[5 6],38,138,152,100,127
1,<environment.Job instance at 0x7f02ebd42d70>,33,14,[ 1 13],34,152,166,118,137
1,<environment.Job instance at 0x7f02ecf2da50>,40,17,[ 5 14],41,166,183,125,154
1,<environment.Job instance at 0x7f02ec084fa0>,48,16,[ 4 10],49,183,199,134,170
1,<environment.Job instance at 0x7f02ec040be0>,54,19,[2 9],55,199,218,144,189
1,<environment.Job instance at 0x7f02ebd46be0>,55,18,[9 3],56,189,207,133,189
1,<environment.Job instance at 0x7f02ebd46410>,56,14,[5 5],57,207,221,150,192
1,<environment.Job instance at 0x7f02ec1e7b90>,57,22,[7 2],58,218,240,160,211
1,<environment.Job instance at 0x7f02ecbc5fa0>,59,20,[5 7],60,221,241,161,212
1,<environment.Job instance at 0x7f02ecf36eb0>,62,18,[7 1],63,240,258,177,229
1,<environment.Job instance at 0x7f02ec0847d0>,49,21,[ 2 10],50,241,262,191,233
1,<environment.Job instance at 0x7f02ebe50730>,71,12,[2 8],72,262,274,190,245
1,<environment.Job instance at 0x7f02ecb39820>,72,14,[ 5 12],73,274,288,201,259
1,<environment.Job instance at 0x7f02ecf6e870>,73,14,[3 7],74,288,302,214,273
1,<environment.Job instance at 0x7f02ed5bba00>,74,14,[ 5 12],75,302,316,227,287
1,<environment.Job instance at 0x7f02ecf6e3c0>,75,14,[ 5 14],76,316,330,240,301
1,<environment.Job instance at 0x7f02ec21c1e0>,76,15,[5 5],77,330,345,253,317
1,<environment.Job instance at 0x7f02ebdaaaa0>,77,23,[14  1],78,345,368,267,339
1,<environment.Job instance at 0x7f02ebdaa730>,78,14,[12  1],79,368,382,289,353
1,<environment.Job instance at 0x7f02ec778b40>,79,14,[ 1 12],80,353,367,273,353
1,<environment.Job instance at 0x7f02ec7789b0>,80,20,[8 4],81,382,402,301,373
1,<environment.Job instance at 0x7f02ec7780a0>,81,23,[ 5 12],82,402,425,320,396
1,<environment.Job instance at 0x7f02ebd45d70>,82,21,[10  4],83,425,446,342,417
1,<environment.Job instance at 0x7f02ebd45a00>,83,24,[6 1],84,446,470,362,441
1,<environment.Job instance at 0x7f02ebd459b0>,84,12,[ 1 13],85,446,458,361,441
1,<environment.Job instance at 0x7f02ebd45230>,85,15,[5 6],86,458,473,372,447
1,<environment.Job instance at 0x7f02ebd45dc0>,86,27,[8 1],87,470,497,383,468
1,<environment.Job instance at 0x7f02ebd45050>,87,12,[ 4 13],88,473,485,385,468
1,<environment.Job instance at 0x7f02ebd45910>,88,16,[ 3 11],89,485,501,396,472
1,<environment.Job instance at 0x7f02ebd450a0>,89,23,[8 2],90,497,520,407,491
1,<environment.Job instance at 0x7f02f5cbdfa0>,70,21,[5 9],71,505,526,434,505
1,<environment.Job instance at 0x7f02ebd279b0>,92,21,[7 1],93,520,541,427,512
1,<environment.Job instance at 0x7f02ebd455a0>,93,19,[1 5],94,520,539,426,512
1,<environment.Job instance at 0x7f02ebd45e60>,94,14,[2 5],95,526,540,431,512
1,<environment.Job instance at 0x7f02ec08c2d0>,97,18,[5 1],98,526,544,428,519
1,<environment.Job instance at 0x7f02ec08c410>,98,15,[2 8],99,540,555,441,526
1,<environment.Job instance at 0x7f02ebd45280>,90,17,[11  5],91,544,561,453,532
1,<environment.Job instance at 0x7f02ed012b90>,0,27,[ 2 12],1,623,650,622,623
1,<environment.Job instance at 0x7f02ed2b2320>,3,22,[10  4],4,1476,1498,1472,1476
1,<environment.Job instance at 0x7f02ecc3fd70>,0,28,[5 4],1,1,29,0,1
1,<environment.Job instance at 0x7f02ecc3f230>,1,19,[5 4],2,2,21,0,2
1,<environment.Job instance at 0x7f02ed22ef50>,12,16,[1 7],13,13,29,0,13
1,<environment.Job instance at 0x7f02ec114410>,16,20,[1 7],17,29,49,12,20
1,<environment.Job instance at 0x7f02ed4eca50>,19,15,[9 2],20,21,36,1,20
1,<environment.Job instance at 0x7f02ef6e4a00>,21,17,[7 5],22,36,53,14,24
1,<environment.Job instance at 0x7f02ed66c370>,24,19,[5 3],25,29,48,4,25
1,<environment.Job instance at 0x7f02ed66c820>,28,14,[5 5],29,49,63,20,34
1,<environment.Job instance at 0x7f02ed66c280>,29,14,[10  5],30,53,67,23,38
1,<environment.Job instance at 0x7f02ed66c3c0>,30,21,[6 3],31,67,88,36,59
1,<environment.Job instance at 0x7f02ed0ecd70>,31,20,[6 5],32,67,87,35,59
1,<environment.Job instance at 0x7f02ecfc4e60>,35,19,[5 4],36,87,106,51,77
1,<environment.Job instance at 0x7f02ecfe9e60>,51,16,[3 8],52,87,103,35,77
1,<environment.Job instance at 0x7f02ec95ff00>,56,17,[5 8],57,103,120,46,91
1,<environment.Job instance at 0x7f02ecfdbfa0>,65,14,[1 5],66,106,120,40,91
1,<environment.Job instance at 0x7f02ece98eb0>,80,19,[7 4],81,120,139,39,110
1,<environment.Job instance at 0x7f02ece891e0>,82,12,[7 3],83,120,132,37,110
1,<environment.Job instance at 0x7f02ece890a0>,83,21,[7 2],84,132,153,48,124
1,<environment.Job instance at 0x7f02ece892d0>,84,14,[5 5],85,139,153,54,124
1,<environment.Job instance at 0x7f02ece898c0>,92,13,[2 8],93,139,152,46,124
1,<environment.Job instance at 0x7fd8cb604320>,1,15,[5 2],2,2,17,0,2
1,<environment.Job instance at 0x7fd8c2018be0>,5,18,[7 5],6,6,24,0,6
1,<environment.Job instance at 0x7fd8c2018dc0>,7,12,[7 2],8,17,29,9,8
1,<environment.Job instance at 0x7fd8c2018fa0>,9,17,[8 1],10,24,41,14,12
1,<environment.Job instance at 0x7fd8c201b140>,12,22,[4 6],13,29,51,16,22
1,<environment.Job instance at 0x7fd8c201b5f0>,18,18,[3 6],19,29,47,10,22
1,<environment.Job instance at 0x7fd8c201b730>,20,18,[7 5],21,47,65,26,36
1,<environment.Job instance at 0x7fd8c201b960>,23,18,[7 4],24,51,69,27,40
1,<environment.Job instance at 0x7fd8c201bb90>,26,20,[4 8],27,65,85,38,56
1,<environment.Job instance at 0x7fd8c201bcd0>,28,20,[5 8],29,85,105,56,76
1,<environment.Job instance at 0x7fd8c201be10>,30,15,[8 2],31,76,91,45,76
1,<environment.Job instance at 0x7fd8c201beb0>,31,13,[4 5],32,91,104,59,76
1,<environment.Job instance at 0x7fd8c201ba00>,33,16,[9 3],34,104,120,70,91
1,<environment.Job instance at 0x7fd8c201b0a0>,34,20,[5 3],35,105,125,70,96
1,<environment.Job instance at 0x7fd8c201f0a0>,37,22,[2 5],38,120,142,82,113
1,<environment.Job instance at 0x7fd8c201f460>,39,13,[5 4],40,120,133,80,113
1,<environment.Job instance at 0x7fd8c201f5a0>,40,19,[ 3 10],41,133,152,92,123
1,<environment.Job instance at 0x7fd8c201f550>,43,14,[6 1],44,142,156,98,127
1,<environment.Job instance at 0x7fd8c201f7d0>,44,14,[8 4],45,152,166,107,137
1,<environment.Job instance at 0x7fd8c201f8c0>,47,16,[6 2],48,156,172,108,143
1,<environment.Job instance at 0x7fd8c201fa00>,49,23,[2 6],50,166,189,116,160
1,<environment.Job instance at 0x7fd8c201fc80>,53,22,[9 5],54,172,194,118,165
1,<environment.Job instance at 0x7fd8c201fdc0>,55,15,[6 2],56,189,204,133,175
1,<environment.Job instance at 0x7fd8c201ffa0>,56,13,[10  1],57,204,217,147,188
1,<environment.Job instance at 0x7fd8c201ff00>,57,22,[6 5],58,217,239,159,210
1,<environment.Job instance at 0x7fd8c2021230>,61,14,[ 2 10],62,210,224,148,210
1,<environment.Job instance at 0x7fd8c2021550>,66,12,[6 1],67,224,236,157,210
1,<environment.Job instance at 0x7fd8c20215f0>,67,13,[3 5],68,224,237,156,210
1,<environment.Job instance at 0x7fd8c20217d0>,70,22,[5 6],71,237,259,166,230
1,<environment.Job instance at 0x7fd8c2021870>,71,13,[7 2],72,239,252,167,230
1,<environment.Job instance at 0x7fd8c2021910>,72,18,[5 5],73,252,270,179,241
1,<environment.Job instance at 0x7fd8c2021a50>,74,14,[9 1],75,259,273,184,244
1,<environment.Job instance at 0x7fd8c2021af0>,75,19,[8 3],76,273,292,197,263
1,<environment.Job instance at 0x7fd8c2021eb0>,76,18,[ 2 10],77,270,288,193,263
1,<environment.Job instance at 0x7fd8c2021f00>,78,13,[1 5],79,288,301,209,272
1,<environment.Job instance at 0x7fd8c2021f50>,79,15,[4 7],80,288,303,208,274
1,<environment.Job instance at 0x7fd8c2021fa0>,80,19,[8 4],81,301,320,220,291
1,<environment.Job instance at 0x7fd8c2024050>,81,17,[2 7],82,303,320,221,291
1,<environment.Job instance at 0x7fd8c20244b0>,87,17,[7 4],88,320,337,232,308
1,<environment.Job instance at 0x7fd8c2024690>,90,22,[5 5],91,320,342,229,313
1,<environment.Job instance at 0x7fd8c2024dc0>,98,20,[10  4],99,337,357,238,328
1,<environment.Job instance at 0x7fd8c2024e60>,99,14,[6 1],100,357,371,257,342
1,<environment.Job instance at 0x7fd8c2024b90>,102,12,[10  1],103,371,383,268,354
1,<environment.Job instance at 0x7fd8c20263c0>,107,17,[5 6],108,354,371,246,354
1,<environment.Job instance at 0x7fd8cb604230>,0,24,[2 8],1,366,390,365,366
1,<environment.Job instance at 0x7fd8c20189b0>,2,26,[10  1],3,412,438,409,412
1,<environment.Job instance at 0x7fd8c2018eb0>,10,14,[ 1 14],11,412,426,401,412
1,<environment.Job instance at 0x7fd8c2018d20>,11,14,[10  4],12,2191,2205,2179,2191
1,<environment.Job instance at 0x7fd8c17556e0>,0,15,[2 6],1,1,16,0,1
1,<environment.Job instance at 0x7fd8c1762370>,4,20,[5 7],5,5,25,0,5
1,<environment.Job instance at 0x7fd8c17611e0>,7,21,[1 6],8,16,37,8,8
1,<environment.Job instance at 0x7fd8c1761870>,9,14,[9 1],10,16,30,6,10
1,<environment.Job instance at 0x7fd8c1761050>,10,15,[9 2],11,30,45,19,18
1,<environment.Job instance at 0x7fd8c1761690>,14,24,[5 6],15,25,49,10,22
1,<environment.Job instance at 0x7fd8c17615f0>,17,22,[12  1],18,49,71,31,42
1,<environment.Job instance at 0x7fd8c1761730>,13,16,[1 8],14,45,61,31,42
1,<environment.Job instance at 0x7fd8c173e7d0>,19,19,[4 7],20,71,90,51,61
1,<environment.Job instance at 0x7fd8c173e550>,20,21,[4 6],21,71,92,50,63
1,<environment.Job instance at 0x7fd8c1761f00>,18,19,[1 9],19,90,109,71,81
1,<environment.Job instance at 0x7fd8c1756550>,25,16,[5 2],26,92,108,66,81
1,<environment.Job instance at 0x7fd8c1761a50>,16,14,[14  1],17,108,122,91,93
1,<environment.Job instance at 0x7fd8c1756fa0>,26,14,[ 3 14],27,122,136,95,109
1,<environment.Job instance at 0x7fd8c1761cd0>,15,18,[11  5],16,136,154,120,125
1,<environment.Job instance at 0x7fd8c1846190>,35,24,[4 7],36,136,160,100,131
1,<environment.Job instance at 0x7fd8c175b230>,36,16,[14  1],37,160,176,123,147
1,<environment.Job instance at 0x7fd8c1846140>,33,14,[11  1],34,176,190,142,165
1,<environment.Job instance at 0x7fd8c189df50>,37,25,[5 4],38,190,215,152,186
1,<environment.Job instance at 0x7fd8c1841af0>,39,28,[7 1],40,190,218,150,189
1,<environment.Job instance at 0x7fd8c1841a00>,40,15,[6 2],41,215,230,174,201
1,<environment.Job instance at 0x7fd8c1841780>,41,15,[6 2],42,218,233,176,204
1,<environment.Job instance at 0x7fd8c1841640>,42,24,[12  2],43,233,257,190,228
1,<environment.Job instance at 0x7fd8c18410f0>,43,26,[ 3 11],44,228,254,184,228
1,<environment.Job instance at 0x7fd8c1841730>,44,25,[ 5 11],45,257,282,212,253
1,<environment.Job instance at 0x7fd8c15e1f50>,45,13,[2 6],46,282,295,236,266
1,<environment.Job instance at 0x7fd8c175bf50>,32,18,[10  5],33,282,300,249,271
1,<environment.Job instance at 0x7fd8c15c5460>,47,16,[6 2],48,300,316,252,287
1,<environment.Job instance at 0x7fd8c15d54b0>,50,15,[8 3],51,300,315,249,287
1,<environment.Job instance at 0x7fd8c162e640>,57,13,[4 5],58,315,328,257,299
1,<environment.Job instance at 0x7fd8c16335a0>,61,18,[ 4 10],62,316,334,254,307
1,<environment.Job instance at 0x7fd8c15de2d0>,46,16,[ 1 11],47,334,350,287,321
1,<environment.Job instance at 0x7fd8cb62fb90>,63,16,[7 1],64,328,344,264,321
1,<environment.Job instance at 0x7fd8c19e9b90>,38,28,[7 2],39,334,362,295,333
1,<environment.Job instance at 0x7fd8c1705410>,65,14,[11  3],66,362,376,296,347
1,<environment.Job instance at 0x7fd8c1f09d70>,67,18,[10  1],68,376,394,308,365
1,<environment.Job instance at 0x7fd8c17055f0>,64,21,[9 1],65,394,415,329,386
1,<environment.Job instance at 0x7fd8c17ad910>,69,25,[ 3 11],70,386,411,316,386
1,<environment.Job instance at 0x7fd8c1633780>,62,22,[6 4],63,411,433,348,405
1,<environment.Job instance at 0x7fd8c1761780>,71,13,[ 4 10],72,415,428,343,408
1,<environment.Job instance at 0x7fd8c17b44b0>,72,14,[4 7],73,428,442,355,413
1,<environment.Job instance at 0x7fd8c160e5f0>,75,19,[5 1],76,415,434,339,413
1,<environment.Job instance at 0x7fd8c1f5eaa0>,68,27,[9 4],69,434,461,365,432
1,<environment.Job instance at 0x7fd8c1617a50>,79,26,[3 6],80,442,468,362,439
1,<environment.Job instance at 0x7fd8c17a6be0>,80,12,[11  1],81,461,473,380,444
1,<environment.Job instance at 0x7fd8c160b460>,81,12,[ 5 11],82,473,485,391,456
1,<environment.Job instance at 0x7fd8c1603be0>,82,15,[ 3 11],83,485,500,402,471
1,<environment.Job instance at 0x7fd8c1649780>,83,24,[ 1 10],84,500,524,416,495
1,<environment.Job instance at 0x7fd8c175c640>,84,24,[ 1 11],85,524,548,439,519
1,<environment.Job instance at 0x7fd8c175cf50>,85,25,[8 2],86,519,544,433,519
1,<environment.Job instance at 0x7fd8c175cc30>,86,14,[14  4],87,544,558,457,530
1,<environment.Job instance at 0x7fd8c175cb90>,87,25,[5 4],88,558,583,470,554
1,<environment.Job instance at 0x7fd8c1617280>,77,22,[1 7],78,576,598,498,576
1,<environment.Job instance at 0x7fd8c18e6780>,34,26,[ 3 12],35,598,624,563,595
1,<environment.Job instance at 0x7fd8c15b0a00>,91,21,[ 4 11],92,624,645,532,616
1,<environment.Job instance at 0x7fd8c15b05a0>,92,20,[ 3 12],93,645,665,552,636
1,<environment.Job instance at 0x7fd8c15b03c0>,93,23,[10  3],94,636,659,542,636
1,<environment.Job instance at 0x7fd8c15b0320>,94,28,[3 8],95,665,693,570,664
1,<environment.Job instance at 0x7fd8c15b0640>,95,24,[12  1],96,664,688,568,664
1,<environment.Job instance at 0x7fd8c15b06e0>,96,14,[11  2],97,688,702,591,673
1,<environment.Job instance at 0x7fd8c15ed550>,70,27,[13  4],71,702,729,631,700
1,<environment.Job instance at 0x7fd8c15b0d70>,98,17,[10  2],99,729,746,630,717
1,<environment.Job instance at 0x7fd8c15afd20>,104,17,[2 9],105,718,735,613,718
1,<environment.Job instance at 0x7fd8c15afa00>,99,17,[ 5 11],100,735,752,635,723
1,<environment.Job instance at 0x7fd8c15af960>,107,12,[11  1],108,752,764,644,735
1,<environment.Job instance at 0x7fd8c15af410>,108,13,[ 5 13],109,764,777,655,748
1,<environment.Job instance at 0x7fd8cb77ecd0>,0,12,[5 9],1,1,13,0,1
1,<environment.Job instance at 0x7fd8c15af3c0>,1,14,[2 9],2,13,27,11,2
1,<environment.Job instance at 0x7fd8c15af410>,3,15,[5 9],4,27,42,23,13
1,<environment.Job instance at 0x7fd8c15c3410>,17,20,[5 2],18,18,38,0,18
1,<environment.Job instance at 0x7fd8c15c3640>,18,20,[7 4],19,38,58,19,29
1,<environment.Job instance at 0x7fd8cb77e5a0>,7,15,[5 6],8,42,57,34,30
1,<environment.Job instance at 0x7fd8cb77ef50>,12,16,[14  3],13,58,74,45,45
1,<environment.Job instance at 0x7fd8c15c30f0>,25,15,[11  2],26,74,89,48,60
1,<environment.Job instance at 0x7fd8cb77e460>,2,20,[5 7],3,89,109,86,80
1,<environment.Job instance at 0x7fd8cb77efa0>,11,27,[7 2],12,89,116,77,89
1,<environment.Job instance at 0x7fd8c15c32d0>,28,15,[ 5 11],29,109,124,80,95
1,<environment.Job instance at 0x7fd8c15c3a00>,23,18,[8 5],24,124,142,100,113
1,<environment.Job instance at 0x7fd8cb77fd70>,32,17,[8 5],33,142,159,109,130
1,<environment.Job instance at 0x7fd8c15c3050>,30,17,[2 6],31,130,147,99,130
1,<environment.Job instance at 0x7fd8cb77f960>,35,13,[11  1],36,159,172,123,143
1,<environment.Job instance at 0x7fd8cb77f8c0>,36,12,[ 3 12],37,159,171,122,144
1,<environment.Job instance at 0x7fd8c15c3f00>,29,21,[6 4],30,172,193,142,164
1,<environment.Job instance at 0x7fd8cb77f3c0>,38,17,[1 7],39,171,188,132,164
1,<environment.Job instance at 0x7fd8cb77f230>,39,15,[ 5 13],40,193,208,153,179
1,<environment.Job instance at 0x7fd8cb77f0f0>,40,12,[6 2],41,179,191,138,179
1,<environment.Job instance at 0x7fd8cb77f730>,41,24,[5 1],42,191,215,149,186
1,<environment.Job instance at 0x7fd8cb77f690>,42,23,[ 1 13],43,208,231,165,202
1,<environment.Job instance at 0x7fd8cb77f780>,43,12,[12  2],44,215,227,171,202
1,<environment.Job instance at 0x7fd8cb77f280>,44,12,[1 8],45,231,243,186,214
1,<environment.Job instance at 0x7fd8cb77f2d0>,45,22,[3 8],46,243,265,197,236
1,<environment.Job instance at 0x7fd8cb77fa00>,34,19,[10  4],35,244,263,209,244
1,<environment.Job instance at 0x7fd8c162efa0>,48,13,[3 5],49,263,276,214,247
1,<environment.Job instance at 0x7fd8c162ed20>,52,14,[3 5],53,265,279,212,250
1,<environment.Job instance at 0x7fd8c162ebe0>,55,20,[5 5],56,265,285,209,256
1,<environment.Job instance at 0x7fd8c162e050>,56,18,[4 9],57,279,297,222,269
1,<environment.Job instance at 0x7fd8c162e370>,57,20,[3 7],58,297,317,239,288
1,<environment.Job instance at 0x7fd8cb77f410>,37,25,[8 3],38,288,313,250,288
1,<environment.Job instance at 0x7fd8cb6ac460>,70,26,[5 5],71,313,339,242,310
1,<environment.Job instance at 0x7fd8cb6acc30>,71,22,[ 1 10],72,317,339,245,310
1,<environment.Job instance at 0x7fd8cb6acf00>,72,12,[2 7],73,339,351,266,322
1,<environment.Job instance at 0x7fd8cb6ac730>,69,16,[7 2],70,339,355,269,326
1,<environment.Job instance at 0x7fd8cb6ace10>,73,24,[2 7],74,351,375,277,346
1,<environment.Job instance at 0x7fd8cb6ac5f0>,77,26,[7 1],78,355,381,277,352
1,<environment.Job instance at 0x7fd8cb6acb90>,81,15,[4 8],82,375,390,293,361
1,<environment.Job instance at 0x7fd8c1687d20>,87,14,[8 5],88,381,395,293,366
1,<environment.Job instance at 0x7fd8c1687870>,99,18,[ 3 10],100,390,408,290,384
1,<environment.Job instance at 0x7fd8c16879b0>,100,14,[7 2],101,395,409,294,384
1,<environment.Job instance at 0x7fd8c1687c30>,101,19,[8 2],102,408,427,306,398
1,<environment.Job instance at 0x7fd8cb7eb7d0>,104,16,[8 3],105,427,443,322,414
1,<environment.Job instance at 0x7fd8cb77feb0>,46,19,[ 3 14],47,443,462,396,433
1,<environment.Job instance at 0x7fd8cb6ac960>,78,18,[12  1],79,443,461,364,433
1,<environment.Job instance at 0x7fd8d18b6320>,108,21,[ 2 14],109,522,543,413,522
1,<environment.Job instance at 0x7fd8c15c39b0>,24,28,[6 3],25,6796,6824,6771,6796
1,<environment.Job instance at 0x7fd8c1ab5280>,1,22,[4 8],2,2,24,0,2
1,<environment.Job instance at 0x7fd8c1ab5b40>,5,13,[2 5],6,6,19,0,6
1,<environment.Job instance at 0x7fd8c15c3140>,2,13,[ 4 10],3,24,37,21,8
1,<environment.Job instance at 0x7fd8c15c39b0>,3,16,[2 8],4,37,53,33,25
1,<environment.Job instance at 0x7fd8c1ab53c0>,6,18,[13  2],7,37,55,30,28
1,<environment.Job instance at 0x7fd8c1ab5d70>,10,12,[4 7],11,55,67,44,39
1,<environment.Job instance at 0x7fd8c1ab5f00>,9,19,[1 8],10,53,72,43,43
1,<environment.Job instance at 0x7fd8c1ab5dc0>,11,26,[5 3],12,67,93,55,64
1,<environment.Job instance at 0x7fd8c2100140>,15,27,[2 8],16,72,99,56,71
1,<environment.Job instance at 0x7fd8c2100960>,16,12,[ 3 11],17,99,111,82,82
1,<environment.Job instance at 0x7fd8c2100230>,17,17,[6 3],18,82,99,64,82
1,<environment.Job instance at 0x7fd8c1ab5cd0>,14,20,[7 3],15,93,113,78,84
1,<environment.Job instance at 0x7fd8c2100640>,20,17,[2 8],21,111,128,90,99
1,<environment.Job instance at 0x7fd8c21001e0>,26,15,[5 7],27,113,128,86,99
1,<environment.Job instance at 0x7fd8c21005a0>,30,17,[5 4],31,128,145,97,116
1,<environment.Job instance at 0x7fd8c2100d20>,33,14,[4 9],34,128,142,94,116
1,<environment.Job instance at 0x7fd8c245c7d0>,34,12,[8 2],35,142,154,107,125
1,<environment.Job instance at 0x7fd8c1ab55f0>,0,28,[1 7],1,142,170,141,141
1,<environment.Job instance at 0x7fd8c245caa0>,37,13,[7 5],38,154,167,116,141
1,<environment.Job instance at 0x7fd8c245ce60>,38,13,[1 7],39,167,180,128,151
1,<environment.Job instance at 0x7fd8c245c780>,36,18,[8 1],37,167,185,130,158
1,<environment.Job instance at 0x7fd8c245cb40>,42,15,[10  5],43,185,200,142,171
1,<environment.Job instance at 0x7fd8c1ab59b0>,8,28,[3 5],9,171,199,162,171
1,<environment.Job instance at 0x7fd8c245c050>,44,19,[3 9],45,199,218,154,189
1,<environment.Job instance at 0x7fd8c1ab56e0>,4,24,[12  1],5,200,224,195,195
1,<environment.Job instance at 0x7fd8c245c550>,48,15,[4 9],49,224,239,175,210
1,<environment.Job instance at 0x7fd8c245c960>,50,14,[3 6],51,218,232,167,210
1,<environment.Job instance at 0x7fd8c245cdc0>,53,21,[8 2],54,232,253,178,224
1,<environment.Job instance at 0x7fd8c245ccd0>,55,12,[9 3],56,253,265,197,236
1,<environment.Job instance at 0x7fd8c15e2dc0>,61,16,[4 8],62,239,255,177,236
1,<environment.Job instance at 0x7fd8c15e2b40>,63,21,[3 9],64,255,276,191,247
1,<environment.Job instance at 0x7fd8c15e24b0>,64,22,[7 4],65,265,287,200,258
1,<environment.Job instance at 0x7fd8c15e2eb0>,66,12,[5 4],67,276,288,209,259
1,<environment.Job instance at 0x7fd8c15e21e0>,70,17,[2 6],71,276,293,205,264
1,<environment.Job instance at 0x7fd8c1ea7fa0>,75,14,[9 5],76,288,302,212,273
1,<environment.Job instance at 0x7fd8c1ea7370>,78,17,[2 8],79,293,310,214,281
1,<environment.Job instance at 0x7fd8cb687f50>,94,20,[2 8],95,310,330,215,301
1,<environment.Job instance at 0x7fd8c245c820>,49,27,[11  5],50,307,334,257,307
1,<environment.Job instance at 0x7fd8c1a29eb0>,97,21,[5 9],98,334,355,236,328
1,<environment.Job instance at 0x7fd8c1a29190>,104,15,[6 4],105,334,349,229,328
1,<environment.Job instance at 0x7fd8c1a29c30>,108,13,[7 1],109,349,362,240,333
1,<environment.Job instance at 0x7fd8c245cbe0>,39,20,[11  1],40,362,382,322,354
1,<environment.Job instance at 0x7fd8c1a29140>,98,25,[6 1],99,3956,3981,3857,3956
1,<environment.Job instance at 0x7fd8c1a60d20>,4,22,[5 3],5,5,27,0,5
1,<environment.Job instance at 0x7fd8c1a60be0>,8,17,[9 1],9,9,26,0,9
1,<environment.Job instance at 0x7fd8c2b4bd70>,11,16,[1 8],12,12,28,0,12
1,<environment.Job instance at 0x7fd8c1a5f050>,14,12,[3 5],15,27,39,12,15
1,<environment.Job instance at 0x7fd8c1a5fa00>,15,14,[5 8],16,28,42,12,16
1,<environment.Job instance at 0x7fd8c1a5f410>,21,14,[ 3 11],22,42,56,20,29
1,<environment.Job instance at 0x7fd8c1a5a8c0>,25,14,[3 6],26,56,70,30,41
1,<environment.Job instance at 0x7fd8c1a5a6e0>,23,15,[14  1],24,70,85,46,56
1,<environment.Job instance at 0x7fd8c1a51960>,28,13,[1 9],29,57,70,28,57
1,<environment.Job instance at 0x7fd8c1a9a5f0>,33,14,[1 9],34,70,84,36,57
1,<environment.Job instance at 0x7fd8c1998190>,35,21,[5 4],36,85,106,49,77
1,<environment.Job instance at 0x7fd8c197b9b0>,39,12,[2 9],40,85,97,45,77
1,<environment.Job instance at 0x7fd8c1979e60>,40,14,[8 1],41,85,99,44,78
1,<environment.Job instance at 0x7fd8c197afa0>,47,12,[1 6],48,97,109,49,80
1,<environment.Job instance at 0x7fd8c197ab90>,49,16,[7 3],50,99,115,49,86
1,<environment.Job instance at 0x7fd8c1d1c3c0>,54,17,[2 5],55,106,123,51,94
1,<environment.Job instance at 0x7fd8c1d1c140>,55,14,[8 2],56,115,129,59,100
1,<environment.Job instance at 0x7fd8c1a6b5a0>,29,16,[2 5],30,109,125,79,100
1,<environment.Job instance at 0x7fd8c1980140>,63,17,[6 1],64,125,142,61,113
1,<environment.Job instance at 0x7fd8c1980b90>,66,15,[9 2],67,129,144,62,115
1,<environment.Job instance at 0x7fd8c1980fa0>,68,17,[7 3],69,144,161,75,132
1,<environment.Job instance at 0x7fd8c1d29aa0>,73,18,[4 7],74,142,160,68,132
1,<environment.Job instance at 0x7fd8c1d29c80>,76,20,[2 6],77,160,180,83,151
1,<environment.Job instance at 0x7fd8c1d29fa0>,81,17,[10  4],82,161,178,79,151
1,<environment.Job instance at 0x7fd8c1a31140>,83,16,[8 4],84,178,194,94,165
1,<environment.Job instance at 0x7fd8c1a31550>,86,15,[5 7],87,180,195,93,166
1,<environment.Job instance at 0x7fd8c1a31820>,91,18,[9 4],92,194,212,102,183
1,<environment.Job instance at 0x7fd8c1a31b90>,96,13,[10  5],97,212,225,115,196
1,<environment.Job instance at 0x7fd8c1a31d70>,99,12,[5 5],100,196,208,96,196
1,<environment.Job instance at 0x7fd8c1d021e0>,104,13,[ 5 10],105,208,221,103,196
1,<environment.Job instance at 0x7fd8c1d02280>,105,15,[7 2],106,225,240,119,211
1,<environment.Job instance at 0x7fd8c1980cd0>,61,18,[5 8],62,221,239,159,213
1,<environment.Job instance at 0x7fd8c1a5f780>,19,19,[6 4],20,4291,4310,4271,4291
1,<environment.Job instance at 0x7fd8c2161d70>,0,24,[12  5],1,4310,4334,4309,4305
1,<environment.Job instance at 0x7fd8c1e9ba00>,5,17,[ 5 10],6,6,23,0,6
1,<environment.Job instance at 0x7fd8c1e9b5a0>,7,14,[ 3 10],8,23,37,15,8
1,<environment.Job instance at 0x7fd8c1e9b4b0>,9,13,[6 2],10,10,23,0,10
1,<environment.Job instance at 0x7fd8c1e9b870>,10,20,[6 5],11,23,43,12,14
1,<environment.Job instance at 0x7fd8c1e072d0>,17,14,[7 5],18,37,51,19,22
1,<environment.Job instance at 0x7fd8c1e070a0>,22,14,[9 5],23,51,65,28,36
1,<environment.Job instance at 0x7fd8c1e07eb0>,34,16,[5 5],35,43,59,8,37
1,<environment.Job instance at 0x7fd8c1e074b0>,37,19,[5 7],38,59,78,21,49
1,<environment.Job instance at 0x7fd8c1e073c0>,38,18,[1 5],39,65,83,26,55
1,<environment.Job instance at 0x7fd8c1e07050>,20,21,[5 1],21,66,87,45,66
1,<environment.Job instance at 0x7fd8c2428e60>,41,17,[7 4],42,78,95,36,66
1,<environment.Job instance at 0x7fd8c2428d70>,43,12,[4 8],44,87,99,43,70
1,<environment.Job instance at 0x7fd8c2428e10>,44,12,[8 2],45,95,107,50,78
1,<environment.Job instance at 0x7fd8c2428a50>,49,12,[5 5],50,99,111,49,91
1,<environment.Job instance at 0x7fd8c2428b90>,51,17,[2 7],52,99,116,47,91
1,<environment.Job instance at 0x7fd8c2428aa0>,46,15,[13  4],47,111,126,64,97
1,<environment.Job instance at 0x7fd8c24282d0>,52,14,[4 9],53,126,140,73,111
1,<environment.Job instance at 0x7fd8c2428870>,55,12,[4 8],56,140,152,84,123
1,<environment.Job instance at 0x7fd8c2474910>,65,16,[5 5],66,126,142,60,123
1,<environment.Job instance at 0x7fd8c1a74320>,67,17,[4 5],68,142,159,74,130
1,<environment.Job instance at 0x7fd8c1a74500>,68,13,[8 5],69,152,165,83,136
1,<environment.Job instance at 0x7fd8c1a74a00>,69,13,[3 9],70,159,172,89,143
1,<environment.Job instance at 0x7fd8c1a745f0>,71,16,[6 5],72,165,181,93,152
1,<environment.Job instance at 0x7fd8c1a743c0>,75,12,[1 9],76,172,184,96,160
1,<environment.Job instance at 0x7fd8c1a74140>,76,15,[8 2],77,181,196,104,167
1,<environment.Job instance at 0x7fd8c1a74aa0>,77,21,[7 2],78,184,205,106,176
1,<environment.Job instance at 0x7fd8c1a74190>,78,15,[ 5 10],79,196,211,117,182
1,<environment.Job instance at 0x7fd8c1a745a0>,81,13,[6 1],82,205,218,123,190
1,<environment.Job instance at 0x7fd8c1a74be0>,82,13,[1 8],83,211,224,128,195
1,<environment.Job instance at 0x7fd8c1a74820>,83,21,[10  4],84,218,239,134,210
1,<environment.Job instance at 0x7fd8c1a74e60>,85,13,[ 5 10],86,224,237,138,210
1,<environment.Job instance at 0x7fd8c1a93140>,86,15,[6 1],87,239,254,152,225
1,<environment.Job instance at 0x7fd8c1a936e0>,88,14,[6 5],89,239,253,150,225
1,<environment.Job instance at 0x7fd8c1a93730>,90,12,[1 5],91,237,249,146,232
1,<environment.Job instance at 0x7fd8c1a9aaf0>,97,21,[1 9],98,249,270,151,241
1,<environment.Job instance at 0x7fd8c1a9a550>,100,21,[5 4],101,253,274,152,245
1,<environment.Job instance at 0x7fd8c1a9a910>,102,20,[4 5],103,270,290,167,261
1,<environment.Job instance at 0x7fd8c1e9b280>,0,28,[9 5],1,274,302,273,273
1,<environment.Job instance at 0x7fd8c1d299b0>,0,13,[5 8],1,1,14,0,1
1,<environment.Job instance at 0x7fd8c1c7ea50>,4,23,[8 4],5,5,28,0,5
1,<environment.Job instance at 0x7fd8c1c7eaf0>,7,13,[7 5],8,14,27,6,8
1,<environment.Job instance at 0x7fd8c1c7ee60>,8,13,[1 8],9,27,40,18,11
1,<environment.Job instance at 0x7fd8c1c794b0>,17,13,[10  4],18,28,41,10,18
1,<environment.Job instance at 0x7fd8c1c79f50>,18,23,[4 5],19,40,63,21,34
1,<environment.Job instance at 0x7fd8c1f565a0>,21,13,[ 4 10],22,41,54,19,34
1,<environment.Job instance at 0x7fd8c1f56a00>,22,17,[3 9],23,54,71,31,42
1,<environment.Job instance at 0x7fd8c1c9baf0>,27,12,[5 1],28,54,66,26,42
1,<environment.Job instance at 0x7fd8c2764640>,37,20,[ 2 10],38,71,91,33,62
1,<environment.Job instance at 0x7fd8c1f46fa0>,20,15,[10  4],21,66,81,45,66
1,<environment.Job instance at 0x7fd8c2780aa0>,41,13,[12  4],42,81,94,39,66
1,<environment.Job instance at 0x7fd8c2780c30>,43,18,[6 5],44,94,112,50,83
1,<environment.Job instance at 0x7fd8c2009b40>,48,12,[1 7],49,91,103,42,83
1,<environment.Job instance at 0x7fd8c1aa90a0>,52,18,[5 8],53,103,121,50,92
1,<environment.Job instance at 0x7fd8c1ff3fa0>,57,18,[6 5],58,112,130,54,101
1,<environment.Job instance at 0x7fd8c1ff31e0>,58,17,[9 4],59,121,138,62,109
1,<environment.Job instance at 0x7fd8c2003190>,61,18,[5 7],62,130,148,68,119
1,<environment.Job instance at 0x7fd8c2003a00>,62,15,[6 2],63,138,153,75,124
1,<environment.Job instance at 0x7fd8c2003c80>,69,22,[1 7],70,148,170,78,141
1,<environment.Job instance at 0x7fd8c2003730>,70,19,[5 6],71,148,167,77,141
1,<environment.Job instance at 0x7fd8c1a70c30>,80,14,[1 7],81,167,181,86,152
1,<environment.Job instance at 0x7fd8c1a70d70>,82,14,[6 2],83,153,167,70,152
1,<environment.Job instance at 0x7fd8c1a70fa0>,85,14,[1 6],86,170,184,84,155
1,<environment.Job instance at 0x7fd8c1a70780>,86,15,[5 7],87,181,196,94,167
1,<environment.Job instance at 0x7fd8c1a77370>,90,18,[5 2],91,170,188,79,167
1,<environment.Job instance at 0x7fd8c1a77050>,91,20,[3 7],92,188,208,96,180
1,<environment.Job instance at 0x7fd8c1a77550>,92,14,[8 3],93,196,210,103,181
1,<environment.Job instance at 0x7fd8c1a776e0>,95,21,[2 8],96,208,229,112,200
1,<environment.Job instance at 0x7fd8c1a77a00>,100,22,[2 7],101,210,232,109,203
1,<environment.Job instance at 0x7fd8c1a77af0>,103,20,[8 2],104,229,249,125,220
1,<environment.Job instance at 0x7fd8c1a77c80>,104,15,[5 8],105,232,247,127,220
1,<environment.Job instance at 0x7fd8c1a77d20>,105,15,[4 9],106,247,262,141,233
1,<environment.Job instance at 0x7fd8c1a77e60>,107,12,[9 1],108,249,261,141,233
1,<environment.Job instance at 0x7fd8c1f46410>,19,25,[1 9],20,289,314,269,289
1,<environment.Job instance at 0x7fd8c1c79910>,12,22,[7 5],13,289,311,276,289
1,<environment.Job instance at 0x7fd8c17d4be0>,0,13,[3 5],1,1,14,0,1
1,<environment.Job instance at 0x7fd8c1886c30>,17,18,[9 1],18,18,36,0,18
1,<environment.Job instance at 0x7fd8c1886cd0>,22,19,[5 3],23,23,42,0,23
1,<environment.Job instance at 0x7fd8c1886b90>,27,14,[8 2],28,36,50,8,28
1,<environment.Job instance at 0x7fd8c1886230>,28,13,[5 3],29,42,55,13,29
1,<environment.Job instance at 0x7fd8c209a0a0>,34,12,[ 3 11],35,50,62,15,36
1,<environment.Job instance at 0x7fd8c209a280>,35,14,[4 7],36,62,76,26,47
1,<environment.Job instance at 0x7fd8c1886500>,24,21,[6 4],25,55,76,30,47
1,<environment.Job instance at 0x7fd8c209a780>,40,16,[ 3 10],41,76,92,35,63
1,<environment.Job instance at 0x7fd8c209a3c0>,41,18,[5 5],42,76,94,34,68
1,<environment.Job instance at 0x7fd8c209a460>,42,16,[5 5],43,92,108,49,79
1,<environment.Job instance at 0x7fd8c209ab90>,46,18,[1 5],47,92,110,45,81
1,<environment.Job instance at 0x7fd8c209adc0>,48,19,[4 5],49,94,113,45,84
1,<environment.Job instance at 0x7fd8c18860a0>,33,13,[ 1 14],34,113,126,79,97
1,<environment.Job instance at 0x7fd8c1f3f730>,56,16,[8 3],57,126,142,69,113
1,<environment.Job instance at 0x7fd8c209acd0>,54,13,[5 5],55,126,139,71,113
1,<environment.Job instance at 0x7fd8c209a550>,36,16,[9 4],37,142,158,105,131
1,<environment.Job instance at 0x7fd8c1f3f5f0>,60,21,[ 5 13],61,158,179,97,150
1,<environment.Job instance at 0x7fd8c1f3fb40>,63,18,[5 5],64,179,197,115,168
1,<environment.Job instance at 0x7fd8c1f3f410>,61,22,[11  1],62,197,219,135,190
1,<environment.Job instance at 0x7fd8c1f3fcd0>,58,23,[11  4],59,219,242,160,213
1,<environment.Job instance at 0x7fd8c1f3f870>,64,20,[5 9],65,242,262,177,237
1,<environment.Job instance at 0x7fd8c1f3ff00>,74,18,[8 3],75,245,263,170,245
1,<environment.Job instance at 0x7fd8c1f3fdc0>,77,15,[6 2],78,262,277,184,248
1,<environment.Job instance at 0x7fd8c192f690>,78,17,[7 4],79,263,280,184,251
1,<environment.Job instance at 0x7fd8c192f8c0>,81,17,[3 5],82,277,294,195,265
1,<environment.Job instance at 0x7fd8c192f7d0>,87,13,[9 5],88,280,293,192,266
1,<environment.Job instance at 0x7fd8c192fd70>,88,16,[3 6],89,293,309,204,281
1,<environment.Job instance at 0x7fd8c192fd20>,90,14,[2 5],91,294,308,203,281
1,<environment.Job instance at 0x7fd8c192feb0>,94,17,[10  4],95,294,311,199,283
1,<environment.Job instance at 0x7fd8c1f3f960>,66,28,[13  4],67,311,339,244,310
1,<environment.Job instance at 0x7fd8c1be2870>,99,20,[1 7],100,312,332,212,312
1,<environment.Job instance at 0x7fd8c1be2730>,101,20,[9 4],102,339,359,237,330
1,<environment.Job instance at 0x7fd8c1be2cd0>,100,14,[3 7],101,339,353,238,330
1,<environment.Job instance at 0x7fd8c1be25a0>,107,21,[5 9],108,353,374,245,346
1,<environment.Job instance at 0x7fd8c1be2550>,108,23,[3 7],109,374,397,265,368
1,<environment.Job instance at 0x7fd8c209a690>,47,18,[9 5],48,370,388,322,370
1,<environment.Job instance at 0x7fd8c15d3b90>,1,23,[14  1],2,397,420,395,393
1,<environment.Job instance at 0x7fd8c1472f00>,0,23,[ 3 11],1,1,24,0,1
1,<environment.Job instance at 0x7fd8c1476500>,6,15,[6 1],7,7,22,0,7
1,<environment.Job instance at 0x7fd8c1476780>,7,17,[5 7],8,24,41,16,12
1,<environment.Job instance at 0x7fd8c1476730>,9,17,[4 6],10,24,41,14,12
1,<environment.Job instance at 0x7fd8c14767d0>,10,13,[3 8],11,41,54,30,25
1,<environment.Job instance at 0x7fd8c14760f0>,12,17,[1 8],13,54,71,41,42
1,<environment.Job instance at 0x7fd8c1476320>,14,17,[1 9],15,71,88,56,59
1,<environment.Job instance at 0x7fd8c1476910>,16,13,[9 2],17,59,72,42,59
1,<environment.Job instance at 0x7fd8c1476cd0>,21,16,[6 3],22,72,88,50,59
1,<environment.Job instance at 0x7fd8c14761e0>,26,21,[8 1],27,77,98,50,77
1,<environment.Job instance at 0x7fd8c14335f0>,30,18,[10  5],31,98,116,67,87
1,<environment.Job instance at 0x7fd8c14339b0>,33,19,[ 4 10],34,88,107,54,87
1,<environment.Job instance at 0x7fd8c1433550>,34,18,[10  1],35,116,134,81,105
1,<environment.Job instance at 0x7fd8c14336e0>,36,15,[9 4],37,134,149,97,120
1,<environment.Job instance at 0x7fd8c1433eb0>,37,21,[4 6],38,120,141,82,120
1,<environment.Job instance at 0x7fd8c1433e10>,38,14,[5 7],39,141,155,102,126
1,<environment.Job instance at 0x7fd8c1433230>,46,20,[5 7],47,149,169,102,140
1,<environment.Job instance at 0x7fd8c14338c0>,47,16,[4 8],48,155,171,107,142
1,<environment.Job instance at 0x7fd8c1433190>,49,15,[2 8],50,171,186,121,157
1,<environment.Job instance at 0x7fd8c1448140>,51,12,[6 1],52,169,181,117,157
1,<environment.Job instance at 0x7fd8c1448aa0>,54,16,[10  5],55,181,197,126,168
1,<environment.Job instance at 0x7fd8c14486e0>,56,16,[1 7],57,186,202,129,173
1,<environment.Job instance at 0x7fd8c1448820>,57,22,[2 7],58,197,219,139,190
1,<environment.Job instance at 0x7fd8c1448b90>,59,13,[ 1 10],60,219,232,159,203
1,<environment.Job instance at 0x7fd8c1448410>,62,16,[9 4],63,203,219,140,203
1,<environment.Job instance at 0x7fd8c1448f00>,63,13,[8 2],64,219,232,155,203
1,<environment.Job instance at 0x7fd8c14480f0>,69,13,[1 8],70,232,245,162,216
1,<environment.Job instance at 0x7fd8c1437d20>,74,19,[2 9],75,245,264,170,235
1,<environment.Job instance at 0x7fd8c1437cd0>,75,19,[7 3],76,235,254,159,235
1,<environment.Job instance at 0x7fd8c1437d70>,77,18,[2 7],78,264,282,186,253
1,<environment.Job instance at 0x7fd8c1437820>,79,18,[3 8],80,264,282,184,253
1,<environment.Job instance at 0x7fd8c12d8190>,81,14,[ 4 10],82,282,296,200,267
1,<environment.Job instance at 0x7fd8c22d42d0>,82,15,[4 8],83,296,311,213,282
1,<environment.Job instance at 0x7fd8c1ffb280>,87,17,[ 1 10],88,311,328,223,299
1,<environment.Job instance at 0x7fd8c1ffba00>,90,22,[8 3],91,299,321,208,299
1,<environment.Job instance at 0x7fd8c1472690>,1,20,[7 4],2,321,341,319,312
1,<environment.Job instance at 0x7fd8c1867e10>,93,21,[9 1],94,341,362,247,333
1,<environment.Job instance at 0x7fd8c1ffb0f0>,95,16,[1 7],96,333,349,237,333
1,<environment.Job instance at 0x7fd8c286fb40>,104,15,[2 5],105,341,356,236,334
1,<environment.Job instance at 0x7fd8c21159b0>,105,18,[9 5],106,362,380,256,351
1,<environment.Job instance at 0x7fd8c1ffb820>,94,21,[14  2],95,380,401,285,372
1,<environment.Job instance at 0x7fd8c25e4280>,0,17,[2 6],1,2,19,1,2
1,<environment.Job instance at 0x7fd8cb6565f0>,3,22,[5 3],4,4,26,0,4
1,<environment.Job instance at 0x7fd8c2380af0>,4,15,[12  4],5,26,41,21,12
1,<environment.Job instance at 0x7fd8cb5312d0>,17,17,[2 6],18,19,36,1,19
1,<environment.Job instance at 0x7fd8c2476230>,22,15,[4 5],23,41,56,18,27
1,<environment.Job instance at 0x7fd8c2476780>,24,17,[3 5],25,36,53,11,27
1,<environment.Job instance at 0x7fd8c2380320>,16,18,[ 5 14],17,56,74,39,45
1,<environment.Job instance at 0x7fd8c24769b0>,30,15,[7 4],31,74,89,43,60
1,<environment.Job instance at 0x7fd8c2476050>,36,15,[5 5],37,74,89,37,71
1,<environment.Job instance at 0x7fd8c2476cd0>,37,16,[ 2 10],38,89,105,51,77
1,<environment.Job instance at 0x7fd8c2476f00>,40,18,[5 9],41,105,123,64,94
1,<environment.Job instance at 0x7fd8c2476460>,41,17,[2 5],42,94,111,52,94
1,<environment.Job instance at 0x7fd8c2476320>,43,19,[1 9],44,123,142,79,115
1,<environment.Job instance at 0x7fd8c1a29190>,45,20,[7 5],46,115,135,69,115
1,<environment.Job instance at 0x7fd8c1a29c30>,50,12,[10  1],51,135,147,84,120
1,<environment.Job instance at 0x7fd8c1a290a0>,51,17,[1 9],52,142,159,90,137
1,<environment.Job instance at 0x7fd8c1a29640>,55,12,[ 1 10],56,159,171,103,146
1,<environment.Job instance at 0x7fd8c1a29780>,58,17,[2 5],59,146,163,87,146
1,<environment.Job instance at 0x7fd8c1a29410>,59,17,[3 6],60,171,188,111,159
1,<environment.Job instance at 0x7fd8c1a29e60>,64,12,[6 3],65,163,175,98,159
1,<environment.Job instance at 0x7fd8c1a29230>,67,12,[4 6],68,171,183,103,162
1,<environment.Job instance at 0x7fd8c1aad230>,68,13,[2 6],69,183,196,114,167
1,<environment.Job instance at 0x7fd8c1aad910>,69,13,[10  4],70,188,201,118,172
1,<environment.Job instance at 0x7fd8c1aadf50>,77,13,[3 9],78,196,209,118,181
1,<environment.Job instance at 0x7fd8c1aadd20>,79,21,[8 3],80,201,222,121,193
1,<environment.Job instance at 0x7fd8c1aadc30>,84,20,[2 7],85,209,229,124,203
1,<environment.Job instance at 0x7fd8c198ad20>,90,18,[7 5],91,222,240,131,211
1,<environment.Job instance at 0x7fd8c198a370>,91,15,[2 7],92,229,244,137,218
1,<environment.Job instance at 0x7fd8c198a050>,93,13,[1 7],94,240,253,146,225
1,<environment.Job instance at 0x7fd8c198a460>,94,13,[3 5],95,244,257,149,228
1,<environment.Job instance at 0x7fd8c198acd0>,95,16,[3 9],96,253,269,157,241
1,<environment.Job instance at 0x7fd8c198a0a0>,99,12,[7 4],100,257,269,157,241
1,<environment.Job instance at 0x7fd8c198adc0>,101,14,[8 1],102,269,283,167,254
1,<environment.Job instance at 0x7fd8c1ffb820>,2,26,[2 9],3,269,295,266,267
1,<environment.Job instance at 0x7fd8c198a730>,103,21,[9 1],104,283,304,179,275
1,<environment.Job instance at 0x7fd8c198a9b0>,108,17,[8 4],109,304,321,195,292
1,<environment.Job instance at 0x7fd8c2476730>,35,28,[ 2 10],36,295,323,259,294
1,<environment.Job instance at 0x7fd8c198aeb0>,104,18,[13  3],105,2100,2118,1995,2100
1,<environment.Job instance at 0x7fd8c23805a0>,12,18,[10  2],13,2574,2592,2561,2574
1,<environment.Job instance at 0x7fd8c2380410>,18,27,[ 2 10],19,5989,6016,5970,5989
1,<environment.Job instance at 0x7fd8c19f9460>,0,14,[10  2],1,1,15,0,1
1,<environment.Job instance at 0x7fd8c19f9690>,1,22,[5 5],2,2,24,0,2
1,<environment.Job instance at 0x7fd8c2136370>,3,14,[4 9],4,15,29,11,4
1,<environment.Job instance at 0x7fd8c1be38c0>,16,16,[5 6],17,24,40,7,17
1,<environment.Job instance at 0x7fd8c1be3f50>,7,20,[3 6],8,29,49,21,20
1,<environment.Job instance at 0x7fd8c1be3550>,19,13,[5 5],20,40,53,20,24
1,<environment.Job instance at 0x7fd8c1be3a00>,20,14,[14  4],21,53,67,32,38
1,<environment.Job instance at 0x7fd8c1be33c0>,9,15,[5 5],10,67,82,57,60
1,<environment.Job instance at 0x7fd8c15c4960>,37,16,[7 4],38,67,83,29,60
1,<environment.Job instance at 0x7fd8c15c4f00>,38,12,[8 4],39,82,94,43,65
1,<environment.Job instance at 0x7fd8c15c4190>,35,22,[5 6],36,83,105,47,76
1,<environment.Job instance at 0x7fd8c15c4c80>,46,12,[8 4],47,94,106,47,77
1,<environment.Job instance at 0x7fd8c15c4050>,47,16,[1 8],48,105,121,57,92
1,<environment.Job instance at 0x7fd8c1ca7140>,50,13,[9 3],51,106,119,55,92
1,<environment.Job instance at 0x7fd8c1ca7cd0>,55,17,[5 3],56,105,122,49,93
1,<environment.Job instance at 0x7fd8c1ca7820>,56,12,[2 7],57,121,133,64,104
1,<environment.Job instance at 0x7fd8c1ca7410>,60,13,[4 6],61,122,135,61,106
1,<environment.Job instance at 0x7fd8c1ca70a0>,62,12,[1 7],63,133,145,70,116
1,<environment.Job instance at 0x7fd8c2acbf00>,63,15,[2 6],64,135,150,71,121
1,<environment.Job instance at 0x7fd8c2acbc80>,64,13,[10  1],65,133,146,68,121
1,<environment.Job instance at 0x7fd8c2acb780>,65,18,[1 7],66,145,163,79,134
1,<environment.Job instance at 0x7fd8c2acb910>,66,16,[9 3],67,150,166,83,137
1,<environment.Job instance at 0x7fd8c2acbb90>,73,18,[7 4],74,166,184,92,155
1,<environment.Job instance at 0x7fd8c2acb140>,74,14,[ 2 10],75,163,177,88,155
1,<environment.Job instance at 0x7fd8c2acbcd0>,77,20,[5 7],78,177,197,99,168
1,<environment.Job instance at 0x7fd8c2acbaa0>,80,14,[9 1],81,184,198,103,169
1,<environment.Job instance at 0x7fd8c1c536e0>,81,12,[10  4],82,198,210,116,181
1,<environment.Job instance at 0x7fd8c1c53500>,85,15,[ 1 10],86,197,212,111,183
1,<environment.Job instance at 0x7fd8c1c53960>,86,17,[5 1],87,210,227,123,198
1,<environment.Job instance at 0x7fd8c1c53320>,91,13,[9 2],92,210,223,118,198
1,<environment.Job instance at 0x7fd8c1c53af0>,92,12,[4 7],93,223,235,130,206
1,<environment.Job instance at 0x7fd8c1c53820>,96,14,[4 8],97,227,241,130,212
1,<environment.Job instance at 0x7fd8c1a091e0>,98,12,[1 6],99,212,224,113,212
1,<environment.Job instance at 0x7fd8c1a09410>,100,14,[8 4],101,235,249,134,220
1,<environment.Job instance at 0x7fd8c1a09b40>,107,20,[4 5],108,241,261,133,232
1,<environment.Job instance at 0x7fd8c1a09fa0>,108,14,[5 7],109,249,263,140,234
1,<environment.Job instance at 0x7fd8c15c4be0>,36,20,[12  5],37,266,286,229,266
1,<environment.Job instance at 0x7fd8c15c4320>,39,22,[ 3 11],40,473,495,433,473
1,<environment.Job instance at 0x7fd8c19da780>,2,25,[7 5],3,495,520,492,491
1,<environment.Job instance at 0x7fd8c1a74910>,0,12,[ 1 12],1,1,13,0,1
1,<environment.Job instance at 0x7fd8c1567f50>,2,15,[13  4],3,13,28,10,8
1,<environment.Job instance at 0x7fd8cb22c960>,8,22,[ 1 10],9,13,35,4,9
1,<environment.Job instance at 0x7fd8c1a74a50>,1,21,[ 2 12],2,35,56,33,27
1,<environment.Job instance at 0x7fd8cb22c820>,9,26,[3 8],10,56,82,46,53
1,<environment.Job instance at 0x7fd8cb22c2d0>,13,25,[14  2],14,82,107,68,78
1,<environment.Job instance at 0x7fd8cb22c780>,14,27,[4 5],15,107,134,92,105
1,<environment.Job instance at 0x7fd8cb22cd20>,7,22,[5 7],8,117,139,109,117
1,<environment.Job instance at 0x7fd8cb22c0f0>,16,18,[1 6],17,134,152,117,123
1,<environment.Job instance at 0x7fd8cb22c640>,17,20,[1 9],18,139,159,121,131
1,<environment.Job instance at 0x7fd8cb22c1e0>,21,17,[7 3],22,152,169,130,140
1,<environment.Job instance at 0x7fd8c25ef410>,27,15,[6 1],28,152,167,124,140
1,<environment.Job instance at 0x7fd8c25ef4b0>,36,16,[9 2],37,169,185,132,156
1,<environment.Job instance at 0x7fd8c25ef230>,40,22,[1 5],41,160,182,119,160
1,<environment.Job instance at 0x7fd8c1854780>,43,20,[1 5],44,160,180,116,160
1,<environment.Job instance at 0x7fd8c1854e60>,47,18,[5 5],48,180,198,132,169
1,<environment.Job instance at 0x7fd8c18544b0>,53,18,[3 8],54,185,203,131,175
1,<environment.Job instance at 0x7fd8c1854d20>,55,12,[ 5 10],56,203,215,147,186
1,<environment.Job instance at 0x7fd8cb1b3fa0>,57,16,[1 6],58,215,231,157,202
1,<environment.Job instance at 0x7fd8c28f5690>,68,17,[8 4],69,202,219,133,202
1,<environment.Job instance at 0x7fd8c28f5870>,69,16,[7 2],70,219,235,149,206
1,<environment.Job instance at 0x7fd8c28f5050>,72,14,[8 5],73,231,245,158,216
1,<environment.Job instance at 0x7fd8cb1af820>,74,19,[6 4],75,235,254,160,225
1,<environment.Job instance at 0x7fd8cb1af3c0>,75,16,[1 6],76,235,251,159,225
1,<environment.Job instance at 0x7fd8cb1af8c0>,76,14,[1 8],77,251,265,174,244
1,<environment.Job instance at 0x7fd8cb1af640>,77,22,[7 2],78,246,268,168,246
1,<environment.Job instance at 0x7fd8cb1afaf0>,78,15,[10  1],79,268,283,189,254
1,<environment.Job instance at 0x7fd8c1a74c80>,10,16,[ 5 12],11,265,281,254,255
1,<environment.Job instance at 0x7fd8c2101140>,88,14,[1 7],89,281,295,192,266
1,<environment.Job instance at 0x7fd8c1b950a0>,89,23,[5 3],90,283,306,193,277
1,<environment.Job instance at 0x7fd8c1b95d20>,90,13,[5 5],91,283,296,192,277
1,<environment.Job instance at 0x7fd8c1e95d20>,92,19,[2 6],93,295,314,202,285
1,<environment.Job instance at 0x7fd8c1e95aa0>,96,18,[2 5],97,296,314,199,285
1,<environment.Job instance at 0x7fd8c1da7280>,99,22,[ 2 10],100,314,336,214,307
1,<environment.Job instance at 0x7fd8c14c82d0>,101,18,[3 9],102,336,354,234,325
1,<environment.Job instance at 0x7fd8c14c8410>,103,16,[1 7],104,354,370,250,341
1,<environment.Job instance at 0x7fd8c2b3ed20>,107,17,[5 7],108,354,371,246,342
1,<environment.Job instance at 0x7fd8cb22b9b0>,108,17,[6 2],109,370,387,261,358
1,<environment.Job instance at 0x7fd8cb22cb90>,12,27,[8 2],13,396,423,383,396
1,<environment.Job instance at 0x7fd8c1e7c370>,1,15,[8 2],2,2,17,0,2
1,<environment.Job instance at 0x7fd8c1e7c870>,5,16,[10  3],6,17,33,11,6
1,<environment.Job instance at 0x7fd8c2729a00>,12,20,[5 3],13,15,35,2,15
1,<environment.Job instance at 0x7fd8c1e7c230>,0,15,[14  3],1,35,50,34,27
1,<environment.Job instance at 0x7fd8c2729c80>,18,13,[14  2],19,50,63,31,34
1,<environment.Job instance at 0x7fd8c2729eb0>,19,13,[ 4 14],20,63,76,43,47
1,<environment.Job instance at 0x7fd8c1e7cf50>,9,17,[9 4],10,76,93,66,65
1,<environment.Job instance at 0x7fd8c27292d0>,21,16,[4 6],22,76,92,54,67
1,<environment.Job instance at 0x7fd8c2729320>,22,15,[5 1],23,92,107,69,78
1,<environment.Job instance at 0x7fd8c2729280>,20,24,[8 2],21,93,117,72,88
1,<environment.Job instance at 0x7fd8c272d7d0>,32,15,[3 7],33,107,122,74,95
1,<environment.Job instance at 0x7fd8c272db40>,35,19,[2 5],36,95,114,59,95
1,<environment.Job instance at 0x7fd8c272d6e0>,37,16,[8 4],38,117,133,79,104
1,<environment.Job instance at 0x7fd8c2736e10>,47,16,[9 1],48,133,149,85,120
1,<environment.Job instance at 0x7fd8c2736320>,51,13,[10  3],52,149,162,97,133
1,<environment.Job instance at 0x7fd8c2736820>,54,14,[3 7],55,133,147,78,133
1,<environment.Job instance at 0x7fd8c1e7c280>,13,18,[ 4 11],14,147,165,133,138
1,<environment.Job instance at 0x7fd8c2727190>,55,20,[5 1],56,162,182,106,153
1,<environment.Job instance at 0x7fd8c2727cd0>,62,18,[3 5],63,165,183,102,155
1,<environment.Job instance at 0x7fd8c2727c30>,64,18,[5 6],65,165,183,100,155
1,<environment.Job instance at 0x7fd8c2727690>,66,15,[ 4 10],67,183,198,116,169
1,<environment.Job instance at 0x7fd8c2727a00>,56,16,[14  5],57,198,214,141,185
1,<environment.Job instance at 0x7fd8c2727230>,71,18,[11  1],72,214,232,142,203
1,<environment.Job instance at 0x7fd8c2727140>,72,13,[3 9],73,214,227,141,203
1,<environment.Job instance at 0x7fd8c2724a00>,73,15,[ 2 13],74,227,242,153,213
1,<environment.Job instance at 0x7fd8c27240f0>,74,19,[8 2],75,232,251,157,222
1,<environment.Job instance at 0x7fd8c2724d70>,75,15,[ 2 13],76,242,257,166,228
1,<environment.Job instance at 0x7fd8c2724a50>,76,17,[13  4],77,257,274,180,245
1,<environment.Job instance at 0x7fd8c2729c30>,25,15,[11  2],26,274,289,248,263
1,<environment.Job instance at 0x7fd8c2724d20>,78,17,[1 5],79,263,280,184,263
1,<environment.Job instance at 0x7fd8c2727050>,70,20,[3 8],71,274,294,203,265
1,<environment.Job instance at 0x7fd8c2724aa0>,83,18,[7 1],84,289,307,205,278
1,<environment.Job instance at 0x7fd8c2724b40>,81,18,[1 9],82,294,312,212,285
1,<environment.Job instance at 0x7fd8c2724370>,85,21,[5 5],86,289,310,203,286
1,<environment.Job instance at 0x7fd8c272ad20>,89,13,[5 8],90,312,325,222,296
1,<environment.Job instance at 0x7fd8c2724640>,84,19,[7 3],85,310,329,225,301
1,<environment.Job instance at 0x7fd8c272a410>,96,22,[4 5],97,325,347,228,318
1,<environment.Job instance at 0x7fd8c272a2d0>,98,19,[2 5],99,325,344,226,318
1,<environment.Job instance at 0x7fd8c272a460>,100,12,[7 2],101,329,341,228,320
1,<environment.Job instance at 0x7fd8c272b230>,101,20,[6 1],102,341,361,239,332
1,<environment.Job instance at 0x7fd8c272b730>,106,19,[3 7],107,344,363,237,340
1,<environment.Job instance at 0x7fd8c27294b0>,26,16,[ 4 14],27,363,379,336,350
1,<environment.Job instance at 0x7fd8c2724af0>,77,28,[ 1 12],78,1095,1123,1017,1095
1,<environment.Job instance at 0x7fd8c272a320>,97,16,[14  4],98,1186,1202,1088,1186
1,<environment.Job instance at 0x7fd8c2689050>,0,19,[5 8],1,1,20,0,1
1,<environment.Job instance at 0x7fd8c272a320>,2,19,[8 1],3,3,22,0,3
1,<environment.Job instance at 0x7fd8c2689140>,4,13,[6 5],5,20,33,15,5
1,<environment.Job instance at 0x7fd8c1dc66e0>,5,23,[1 6],6,6,29,0,6
1,<environment.Job instance at 0x7fd8c1dc60f0>,12,16,[8 2],13,22,38,9,14
1,<environment.Job instance at 0x7fd8c1dc67d0>,14,14,[4 7],15,33,47,18,18
1,<environment.Job instance at 0x7fd8c1dc6550>,21,19,[2 5],22,33,52,11,23
1,<environment.Job instance at 0x7fd8c1f3de60>,25,15,[1 7],26,47,62,21,33
1,<environment.Job instance at 0x7fd8c1f3d6e0>,28,21,[1 6],29,52,73,23,44
1,<environment.Job instance at 0x7fd8c1f3dd70>,29,15,[7 1],30,44,59,14,44
1,<environment.Job instance at 0x7fd8c1f3d550>,34,16,[4 9],35,62,78,27,49
1,<environment.Job instance at 0x7fd8c1f3db90>,36,14,[5 4],37,73,87,36,58
1,<environment.Job instance at 0x7fd8c1f3df50>,37,15,[6 4],38,78,93,40,64
1,<environment.Job instance at 0x7fd8c1f3d910>,38,20,[7 5],39,87,107,48,78
1,<environment.Job instance at 0x7fd8c1cf7cd0>,41,12,[8 1],42,93,105,51,78
1,<environment.Job instance at 0x7fd8c1cf7640>,44,17,[1 6],45,105,122,60,93
1,<environment.Job instance at 0x7fd8c1cf7dc0>,47,21,[4 5],48,107,128,59,99
1,<environment.Job instance at 0x7fd8c1dc6dc0>,9,15,[9 4],10,107,122,97,99
1,<environment.Job instance at 0x7fd8c1cf7a50>,53,12,[5 8],54,122,134,68,105
1,<environment.Job instance at 0x7fd8c2060500>,61,20,[9 5],62,128,148,66,119
1,<environment.Job instance at 0x7fd8c1be08c0>,74,16,[10  2],75,148,164,73,135
1,<environment.Job instance at 0x7fd8c1be0910>,75,12,[3 5],76,135,147,59,135
1,<environment.Job instance at 0x7fd8c1506280>,81,15,[1 7],82,147,162,65,135
1,<environment.Job instance at 0x7fd8c2649910>,84,14,[4 8],85,162,176,77,148
1,<environment.Job instance at 0x7fd8c1509cd0>,90,13,[9 3],91,164,177,73,149
1,<environment.Job instance at 0x7fd8c24e10a0>,97,20,[6 5],98,176,196,78,167
1,<environment.Job instance at 0x7fd8c24e15f0>,100,15,[5 8],101,177,192,76,175
1,<environment.Job instance at 0x7fd8c24e1140>,103,16,[2 8],104,192,208,88,179
1,<environment.Job instance at 0x7fd8c1cf7b40>,50,28,[14  4],51,244,272,193,244
1,<environment.Job instance at 0x7fd8c272aaf0>,1,27,[12  3],2,272,299,270,270
1,<environment.Job instance at 0x7fd8c1a4d370>,0,18,[ 2 10],1,1,19,0,1
1,<environment.Job instance at 0x7fd8c22eabe0>,4,14,[9 1],5,5,19,0,5
1,<environment.Job instance at 0x7fd8c21855f0>,5,15,[3 9],6,19,34,13,6
1,<environment.Job instance at 0x7fd8c22ead70>,7,16,[5 1],8,19,35,11,8
1,<environment.Job instance at 0x7fd8c1a5f5a0>,9,13,[8 3],10,34,47,24,18
1,<environment.Job instance at 0x7fd8c2a55820>,23,13,[3 9],24,35,48,11,24
1,<environment.Job instance at 0x7fd8c1a36910>,30,14,[9 2],31,47,61,16,32
1,<environment.Job instance at 0x7fd8c1a48d70>,37,15,[3 8],38,48,63,10,38
1,<environment.Job instance at 0x7fd8c1a48c80>,38,14,[4 9],39,63,77,24,48
1,<environment.Job instance at 0x7fd8c1a48f00>,40,22,[2 8],41,77,99,36,70
1,<environment.Job instance at 0x7fd8c1a48550>,42,22,[ 2 10],43,99,121,56,92
1,<environment.Job instance at 0x7fd8c1a48e60>,44,20,[4 5],45,92,112,47,92
1,<environment.Job instance at 0x7fd8c1a48b90>,45,18,[4 6],46,121,139,75,110
1,<environment.Job instance at 0x7fd8c1a48780>,46,14,[2 6],47,121,135,74,110
1,<environment.Job instance at 0x7fd8c1a48c30>,48,12,[6 5],49,135,147,86,118
1,<environment.Job instance at 0x7fd8c1a48a00>,55,12,[8 5],56,139,151,83,122
1,<environment.Job instance at 0x7fd8c1a63460>,60,12,[2 5],61,147,159,86,130
1,<environment.Job instance at 0x7fd8c1a63410>,65,14,[8 5],66,151,165,85,136
1,<environment.Job instance at 0x7fd8c1f36910>,68,20,[6 3],69,159,179,90,150
1,<environment.Job instance at 0x7fd8c22f5b40>,69,21,[3 6],70,165,186,95,157
1,<environment.Job instance at 0x7fd8c22e0e10>,74,12,[7 1],75,179,191,104,162
1,<environment.Job instance at 0x7fd8c22e0be0>,75,21,[ 1 10],76,186,207,110,178
1,<environment.Job instance at 0x7fd8c1a5de10>,77,19,[8 4],78,191,210,113,181
1,<environment.Job instance at 0x7fd8c22e36e0>,78,12,[7 5],79,207,219,128,190
1,<environment.Job instance at 0x7fd8c22e3230>,79,20,[3 9],80,210,230,130,201
1,<environment.Job instance at 0x7fd8c22e3730>,80,18,[9 3],81,219,237,138,209
1,<environment.Job instance at 0x7fd8c29ecdc0>,81,17,[9 4],82,237,254,155,225
1,<environment.Job instance at 0x7fd8c159cb40>,86,17,[4 8],87,230,247,143,225
1,<environment.Job instance at 0x7fd8c1fad550>,87,14,[5 6],88,247,261,159,232
1,<environment.Job instance at 0x7fd8c182a730>,88,16,[8 4],89,254,270,165,241
1,<environment.Job instance at 0x7fd8c1882af0>,91,21,[9 3],92,270,291,178,262
1,<environment.Job instance at 0x7fd8c1fd8fa0>,94,13,[10  1],95,291,304,196,275
1,<environment.Job instance at 0x7fd8c158f5f0>,95,21,[8 5],96,304,325,208,296
1,<environment.Job instance at 0x7fd8c1fd1690>,97,13,[7 1],98,304,317,206,296
1,<environment.Job instance at 0x7fd8c185e730>,100,12,[3 8],101,317,329,216,300
1,<environment.Job instance at 0x7fd8c185e280>,102,15,[5 6],103,325,340,222,311
1,<environment.Job instance at 0x7fd8c1599870>,105,17,[5 8],106,329,346,223,317
1,<environment.Job instance at 0x7fd8c1599460>,107,12,[8 5],108,340,352,232,323
1,<environment.Job instance at 0x7fd8c1599550>,108,18,[3 6],109,346,364,237,335
1,<environment.Job instance at 0x7fd8c1747820>,19,22,[2 7],20,352,374,332,348
1,<environment.Job instance at 0x7fd8c1759eb0>,31,14,[14  3],32,414,428,382,414
1,<environment.Job instance at 0x7fd8c1c6a0a0>,0,21,[5 3],1,1,22,0,1
1,<environment.Job instance at 0x7fd8c180e2d0>,1,24,[ 4 12],2,2,26,0,2
1,<environment.Job instance at 0x7fd8c180ee60>,7,12,[7 2],8,22,34,14,11
1,<environment.Job instance at 0x7fd8c180e500>,15,15,[1 8],16,26,41,10,16
1,<environment.Job instance at 0x7fd8c180e780>,2,12,[14  4],3,34,46,31,17
1,<environment.Job instance at 0x7fd8c17dd370>,20,14,[ 4 10],21,46,60,25,31
1,<environment.Job instance at 0x7fd8c180e550>,21,13,[5 8],22,60,73,38,44
1,<environment.Job instance at 0x7fd8c17ddf50>,22,16,[5 2],23,46,62,23,44
1,<environment.Job instance at 0x7fd8c17ddaf0>,23,20,[5 4],24,60,80,36,51
1,<environment.Job instance at 0x7fd8c17ddc80>,25,12,[7 5],26,73,85,47,56
1,<environment.Job instance at 0x7fd8c17dd500>,26,14,[7 5],27,80,94,53,65
1,<environment.Job instance at 0x7fd8c17dda50>,33,17,[1 7],34,85,102,51,73
1,<environment.Job instance at 0x7fd8c17fb550>,37,14,[8 1],38,94,108,56,79
1,<environment.Job instance at 0x7fd8c180eeb0>,9,16,[3 5],10,94,110,84,81
1,<environment.Job instance at 0x7fd8c17fbdc0>,42,12,[7 3],43,108,120,65,91
1,<environment.Job instance at 0x7fd8c17fbd70>,41,19,[9 1],42,120,139,78,110
1,<environment.Job instance at 0x7fd8c17fb460>,44,26,[1 5],45,110,136,65,110
1,<environment.Job instance at 0x7fd8c17fb370>,47,17,[5 9],48,120,137,72,110
1,<environment.Job instance at 0x7fd8c17fb2d0>,48,18,[1 8],49,137,155,88,126
1,<environment.Job instance at 0x7fd8c17fb5f0>,49,20,[9 1],50,139,159,89,130
1,<environment.Job instance at 0x7fd8c17fbeb0>,52,14,[8 4],53,159,173,106,144
1,<environment.Job instance at 0x7fd8c17fbf00>,53,19,[ 2 10],54,155,174,101,145
1,<environment.Job instance at 0x7fd8c1f5b0a0>,56,14,[9 3],57,173,187,116,158
1,<environment.Job instance at 0x7fd8c17fb730>,43,17,[1 8],44,174,191,130,162
1,<environment.Job instance at 0x7fd8c1f5b460>,61,13,[4 5],62,187,200,125,171
1,<environment.Job instance at 0x7fd8c1f5bd70>,63,14,[8 4],64,191,205,127,176
1,<environment.Job instance at 0x7fd8c1f5bb90>,64,22,[1 8],65,200,222,135,193
1,<environment.Job instance at 0x7fd8c1f5b410>,67,20,[5 4],68,205,225,137,196
1,<environment.Job instance at 0x7fd8c1f5b500>,69,16,[9 4],70,222,238,152,209
1,<environment.Job instance at 0x7fd8c1f5b960>,70,23,[6 4],71,225,248,154,219
1,<environment.Job instance at 0x7fd8c1f5b1e0>,71,17,[5 5],72,238,255,166,226
1,<environment.Job instance at 0x7fd8c15f9870>,73,13,[ 2 10],74,248,261,174,232
1,<environment.Job instance at 0x7fd8c15f9460>,76,13,[6 5],77,255,268,178,239
1,<environment.Job instance at 0x7fd8c15f9140>,77,28,[1 5],78,261,289,183,260
1,<environment.Job instance at 0x7fd8c15f9f00>,80,18,[ 1 10],81,268,286,187,260
1,<environment.Job instance at 0x7fd8c15f9730>,82,21,[7 4],83,286,307,203,278
1,<environment.Job instance at 0x7fd8c15f9640>,83,20,[3 9],84,289,309,205,280
1,<environment.Job instance at 0x7fd8c15f9500>,86,16,[9 5],87,307,323,220,294
1,<environment.Job instance at 0x7fd8c17d3640>,93,20,[7 3],94,323,343,229,314
1,<environment.Job instance at 0x7fd8c17d37d0>,98,19,[6 4],99,314,333,215,314
1,<environment.Job instance at 0x7fd8c17d30f0>,99,13,[6 4],100,333,346,233,317
1,<environment.Job instance at 0x7fd8c17d3500>,101,19,[5 5],102,343,362,241,333
1,<environment.Job instance at 0x7fd8c17d30a0>,102,17,[7 1],103,346,363,243,334
1,<environment.Job instance at 0x7fd8c17d3410>,107,17,[11  5],108,363,380,255,351
1,<environment.Job instance at 0x7fd8c1f5b050>,59,23,[3 8],60,356,379,296,356
1,<environment.Job instance at 0x7fd8c180ef50>,5,17,[8 3],6,380,397,374,368
1,<environment.Job instance at 0x7fd8c180efa0>,17,27,[ 3 13],18,431,458,413,431
1,<environment.Job instance at 0x7fd8c180ef00>,8,25,[1 7],9,7192,7217,7183,7192
1,<environment.Job instance at 0x7fd8c1c753c0>,1,18,[1 5],2,2,20,0,2
1,<environment.Job instance at 0x7fd8c1851e60>,0,13,[14  1],1,2,15,1,2
1,<environment.Job instance at 0x7fd8c2bda910>,5,15,[5 5],6,15,30,9,6
1,<environment.Job instance at 0x7fd8c2bdabe0>,7,24,[5 2],8,15,39,7,10
1,<environment.Job instance at 0x7fd8c2bdaeb0>,11,23,[3 8],12,20,43,8,14
1,<environment.Job instance at 0x7fd8c2bc2230>,19,12,[6 2],20,30,42,10,21
1,<environment.Job instance at 0x7fd8c2bc2320>,20,15,[1 8],21,43,58,22,29
1,<environment.Job instance at 0x7fd8c2bc25a0>,22,15,[11  1],23,44,59,21,44
1,<environment.Job instance at 0x7fd8c2bc2550>,21,20,[3 8],22,58,78,36,49
1,<environment.Job instance at 0x7fd8c2bc2870>,24,15,[10  4],25,59,74,34,49
1,<environment.Job instance at 0x7fd8c2bc29b0>,26,22,[2 5],27,74,96,47,67
1,<environment.Job instance at 0x7fd8c2bc2960>,28,21,[2 8],29,78,99,49,70
1,<environment.Job instance at 0x7fd8c2bc2d20>,33,15,[6 2],34,74,89,40,70
1,<environment.Job instance at 0x7fd8c2bc2e60>,35,15,[1 5],36,96,111,60,82
1,<environment.Job instance at 0x7fd8c2bc27d0>,23,12,[10  4],24,99,111,75,83
1,<environment.Job instance at 0x7fd8c180ef00>,2,22,[1 6],3,99,121,96,98
1,<environment.Job instance at 0x7fd8c2bc21e0>,15,16,[2 6],16,111,127,95,101
1,<environment.Job instance at 0x7fd8c2ba2280>,41,14,[1 9],42,121,135,79,106
1,<environment.Job instance at 0x7fd8c2bc35f0>,67,18,[9 3],68,127,145,59,116
1,<environment.Job instance at 0x7fd8c2bc2370>,17,17,[5 5],18,135,152,117,123
1,<environment.Job instance at 0x7fd8c2bc36e0>,69,14,[6 2],70,145,159,75,130
1,<environment.Job instance at 0x7fd8c2bc3640>,70,27,[10  3],71,159,186,88,157
1,<environment.Job instance at 0x7fd8c2bc3a00>,71,28,[1 7],72,157,185,85,157
1,<environment.Job instance at 0x7fd8c2bc3690>,68,16,[3 8],69,185,201,116,172
1,<environment.Job instance at 0x7fd8c2b9a230>,77,14,[5 6],78,186,200,108,172
1,<environment.Job instance at 0x7fd8c2bc3aa0>,72,14,[4 7],73,200,214,127,185
1,<environment.Job instance at 0x7fd8c29a6eb0>,95,18,[9 3],96,201,219,105,190
1,<environment.Job instance at 0x7fd8c29a6960>,96,14,[5 5],97,214,228,117,200
1,<environment.Job instance at 0x7fd8c29a6f50>,97,22,[7 2],98,219,241,121,212
1,<environment.Job instance at 0x7fd8c2a56550>,98,13,[ 4 13],99,228,241,129,212
1,<environment.Job instance at 0x7fd8c298f4b0>,99,20,[5 7],100,241,261,141,232
1,<environment.Job instance at 0x7fd8c1e74b40>,100,14,[13  5],101,261,275,160,246
1,<environment.Job instance at 0x7fd8c2ba6cd0>,94,19,[2 9],95,261,280,166,252
1,<environment.Job instance at 0x7fd8c13a95a0>,102,18,[7 1],103,275,293,172,264
1,<environment.Job instance at 0x7fd8c2680960>,101,18,[12  5],102,293,311,191,285
1,<environment.Job instance at 0x7fd8c2ba21e0>,40,27,[ 2 12],41,312,339,271,312
1,<environment.Job instance at 0x7fd8c2ba2320>,42,12,[11  1],43,8602,8614,8559,8602
1,<environment.Job instance at 0x7fd8c181ff00>,1,12,[2 8],2,2,14,0,2
1,<environment.Job instance at 0x7fd8c12dfcd0>,3,14,[3 7],4,4,18,0,4
1,<environment.Job instance at 0x7fd8c12dfa00>,6,15,[5 5],7,14,29,7,7
1,<environment.Job instance at 0x7fd8c219b7d0>,0,21,[5 9],1,18,39,17,13
1,<environment.Job instance at 0x7fd8c22c5fa0>,10,20,[8 4],11,29,49,18,20
1,<environment.Job instance at 0x7fd8c1a7d4b0>,15,15,[5 6],16,39,54,23,25
1,<environment.Job instance at 0x7fd8c22c5820>,13,24,[6 1],14,49,73,35,44
1,<environment.Job instance at 0x7fd8c1a7ddc0>,23,19,[1 5],24,44,63,20,44
1,<environment.Job instance at 0x7fd8c1a7d460>,24,14,[2 5],25,54,68,29,44
1,<environment.Job instance at 0x7fd8c1a7d640>,25,12,[ 4 14],26,68,80,42,51
1,<environment.Job instance at 0x7fd8c1a7d690>,31,19,[5 4],32,80,99,48,70
1,<environment.Job instance at 0x7fd8c1ac95f0>,42,16,[1 7],43,80,96,37,73
1,<environment.Job instance at 0x7fd8c20003c0>,46,20,[1 7],47,96,116,49,87
1,<environment.Job instance at 0x7fd8c2000aa0>,49,15,[9 2],50,87,102,37,87
1,<environment.Job instance at 0x7fd8c2000a50>,51,17,[7 5],52,102,119,50,90
1,<environment.Job instance at 0x7fd8c20001e0>,54,19,[5 3],55,99,118,44,90
1,<environment.Job instance at 0x7fd8c2000780>,58,14,[5 5],59,118,132,59,103
1,<environment.Job instance at 0x7fd8c2000be0>,59,14,[10  5],60,119,133,59,104
1,<environment.Job instance at 0x7fd8c2000410>,60,21,[6 3],61,133,154,72,125
1,<environment.Job instance at 0x7fd8c2873e60>,61,20,[6 5],62,133,153,71,125
1,<environment.Job instance at 0x7fd8c2873190>,65,19,[5 4],66,153,172,87,143
1,<environment.Job instance at 0x7fd8c28736e0>,67,14,[7 1],68,154,168,86,143
1,<environment.Job instance at 0x7fd8c18e68c0>,72,18,[4 9],73,168,186,95,157
1,<environment.Job instance at 0x7fd8c23e7140>,75,13,[9 3],76,172,185,96,157
1,<environment.Job instance at 0x7fd8c23e7410>,77,21,[5 2],78,185,206,107,177
1,<environment.Job instance at 0x7fd8c23e70a0>,78,16,[8 1],79,186,202,107,177
1,<environment.Job instance at 0x7fd8c23e7870>,81,16,[3 8],82,202,218,120,189
1,<environment.Job instance at 0x7fd8c23e7280>,85,17,[3 5],86,202,219,116,190
1,<environment.Job instance at 0x7fd8c23e7e10>,86,17,[5 8],87,218,235,131,206
1,<environment.Job instance at 0x7fd8c15077d0>,89,12,[3 9],90,235,247,145,218
1,<environment.Job instance at 0x7fd8c1507fa0>,91,19,[5 1],92,218,237,126,218
1,<environment.Job instance at 0x7fd8c1507190>,95,14,[1 5],96,219,233,123,218
1,<environment.Job instance at 0x7fd8cb3cad20>,96,17,[1 9],97,247,264,150,235
1,<environment.Job instance at 0x7fd8cb12ea00>,105,20,[7 1],106,235,255,129,235
1,<environment.Job instance at 0x7fd8c1a7d550>,26,25,[7 1],27,305,330,278,305
1,<environment.Job instance at 0x7fd8cb3d82d0>,2,12,[7 3],3,3,15,0,3
1,<environment.Job instance at 0x7fd8cb3d8af0>,3,21,[7 2],4,4,25,0,4
1,<environment.Job instance at 0x7fd8c1d23dc0>,4,14,[5 5],5,15,29,10,5
1,<environment.Job instance at 0x7fd8c22ed5f0>,12,13,[2 8],13,15,28,2,13
1,<environment.Job instance at 0x7fd8c123faf0>,22,12,[6 3],23,28,40,5,23
1,<environment.Job instance at 0x7fd8c169aa00>,25,12,[11  3],26,40,52,14,26
1,<environment.Job instance at 0x7fd8c1552fa0>,34,23,[ 4 14],35,52,75,17,46
1,<environment.Job instance at 0x7fd8c1552af0>,35,26,[1 5],36,75,101,39,72
1,<environment.Job instance at 0x7fd8c1552690>,36,16,[12  3],37,75,91,38,72
1,<environment.Job instance at 0x7fd8c1552640>,37,18,[1 9],38,91,109,53,80
1,<environment.Job instance at 0x7fd8c15526e0>,38,12,[ 5 12],39,109,121,70,92
1,<environment.Job instance at 0x7fd8c15522d0>,39,16,[ 1 14],40,121,137,81,108
1,<environment.Job instance at 0x7fd8c1552d70>,40,20,[1 5],41,137,157,96,128
1,<environment.Job instance at 0x7fd8c1552a50>,33,21,[8 2],34,137,158,103,129
1,<environment.Job instance at 0x7fd8c2a27320>,42,20,[6 5],43,137,157,94,130
1,<environment.Job instance at 0x7fd8c1552960>,30,15,[ 3 13],31,157,172,126,145
1,<environment.Job instance at 0x7fd8c1a1f960>,50,17,[8 1],51,158,175,107,146
1,<environment.Job instance at 0x7fd8c179eb40>,52,13,[7 2],53,172,185,119,156
1,<environment.Job instance at 0x7fd8c2a27eb0>,51,12,[2 6],52,175,187,123,161
1,<environment.Job instance at 0x7fd8c12fd820>,58,17,[9 5],59,185,202,126,173
1,<environment.Job instance at 0x7fd8cb195780>,59,21,[5 8],60,187,208,127,180
1,<environment.Job instance at 0x7fd8c201f370>,61,18,[7 2],62,202,220,140,191
1,<environment.Job instance at 0x7fd8c12fd960>,62,16,[ 1 11],63,208,224,145,195
1,<environment.Job instance at 0x7fd8c1798af0>,63,12,[ 4 14],64,224,236,160,207
1,<environment.Job instance at 0x7fd8c201f870>,64,12,[11  4],65,236,248,171,219
1,<environment.Job instance at 0x7fd8c1552500>,28,16,[5 9],29,248,264,219,244
1,<environment.Job instance at 0x7fd8cb5405a0>,68,18,[1 8],69,264,282,195,253
1,<environment.Job instance at 0x7fd8c12d1a50>,72,12,[10  3],73,253,265,180,253
1,<environment.Job instance at 0x7fd8c12d1eb0>,73,16,[5 7],74,265,281,191,253
1,<environment.Job instance at 0x7fd8c1c00be0>,77,18,[10  4],78,281,299,203,270
1,<environment.Job instance at 0x7fd8c173c050>,81,20,[5 3],82,282,302,200,275
1,<environment.Job instance at 0x7fd8c1e870a0>,83,13,[6 5],84,299,312,215,283
1,<environment.Job instance at 0x7fd8c1f1dc80>,84,16,[10  2],85,312,328,227,299
1,<environment.Job instance at 0x7fd8c14502d0>,90,19,[4 9],91,302,321,211,301
1,<environment.Job instance at 0x7fd8c1450820>,92,20,[7 4],93,328,348,235,319
1,<environment.Job instance at 0x7fd8c1450c80>,94,17,[1 7],95,321,338,226,319
1,<environment.Job instance at 0x7fd8c1450780>,95,13,[8 2],96,338,351,242,322
1,<environment.Job instance at 0x7fd8c1514be0>,0,19,[7 4],1,352,371,351,352
1,<environment.Job instance at 0x7fd8c17985a0>,65,25,[9 2],66,752,777,686,752
1,<environment.Job instance at 0x7fd8c2ab2780>,3,16,[2 5],4,4,20,0,4
1,<environment.Job instance at 0x7fd8c2ab2690>,4,17,[9 4],5,5,22,0,5
1,<environment.Job instance at 0x7fd8c17985a0>,6,16,[2 6],7,7,23,0,7
1,<environment.Job instance at 0x7fd8c25a6320>,7,17,[1 7],8,22,39,14,10
1,<environment.Job instance at 0x7fd8c25a6500>,10,12,[5 5],11,23,35,12,11
1,<environment.Job instance at 0x7fd8c2b29be0>,14,12,[4 7],15,35,47,20,18
1,<environment.Job instance at 0x7fd8c291d8c0>,13,21,[13  2],14,47,68,33,39
1,<environment.Job instance at 0x7fd8c291deb0>,11,15,[1 8],12,39,54,27,39
1,<environment.Job instance at 0x7fd8c291d730>,12,20,[4 7],13,68,88,55,59
1,<environment.Job instance at 0x7fd8c25bc870>,21,20,[1 6],22,59,79,37,59
1,<environment.Job instance at 0x7fd8c2b55050>,22,18,[3 8],23,79,97,56,69
1,<environment.Job instance at 0x7fd8c29e7410>,29,15,[4 7],30,88,103,58,74
1,<environment.Job instance at 0x7fd8c18d7f00>,39,17,[7 1],40,97,114,57,85
1,<environment.Job instance at 0x7fd8cb778d20>,41,13,[1 7],42,97,110,55,87
1,<environment.Job instance at 0x7fd8c18130a0>,47,12,[7 3],48,103,115,55,87
1,<environment.Job instance at 0x7fd8c17ed6e0>,51,17,[8 5],52,114,131,62,102
1,<environment.Job instance at 0x7fd8c17ed370>,52,12,[2 5],53,115,127,62,102
1,<environment.Job instance at 0x7fd8c17edcd0>,53,12,[5 5],54,115,127,61,102
1,<environment.Job instance at 0x7fd8c1822460>,55,20,[9 3],56,131,151,75,122
1,<environment.Job instance at 0x7fd8c1822500>,57,12,[3 7],58,127,139,69,122
1,<environment.Job instance at 0x7fd8c1822aa0>,63,12,[1 5],64,131,143,67,122
1,<environment.Job instance at 0x7fd8c1829aa0>,69,20,[8 2],70,151,171,81,142
1,<environment.Job instance at 0x7fd8c1829fa0>,70,14,[4 9],71,143,157,72,142
1,<environment.Job instance at 0x7fd8c1815230>,73,21,[8 2],74,171,192,97,163
1,<environment.Job instance at 0x7fd8c1815460>,77,12,[5 4],78,163,175,85,163
1,<environment.Job instance at 0x7fd8c18155a0>,79,12,[2 5],80,163,175,83,163
1,<environment.Job instance at 0x7fd8c18156e0>,81,16,[3 8],82,175,191,93,163
1,<environment.Job instance at 0x7fd8c1815780>,82,16,[4 5],83,175,191,92,163
1,<environment.Job instance at 0x7fd8c1815d70>,90,14,[2 5],91,191,205,100,176
1,<environment.Job instance at 0x7fd8c1815eb0>,92,18,[ 4 10],93,192,210,99,181
1,<environment.Job instance at 0x7fd8c1815f50>,93,13,[5 2],94,205,218,111,189
1,<environment.Job instance at 0x7fd8c2683370>,99,16,[5 7],100,210,226,110,197
1,<environment.Job instance at 0x7fd8c2683820>,104,15,[5 1],105,205,220,100,200
1,<environment.Job instance at 0x7fd8c26837d0>,106,16,[10  5],107,220,236,113,207
1,<environment.Job instance at 0x7f867f913320>,1,15,[5 2],2,2,17,0,2
1,<environment.Job instance at 0x7f8676327be0>,5,18,[7 5],6,6,24,0,6
1,<environment.Job instance at 0x7f8676327dc0>,7,12,[7 2],8,17,29,9,8
1,<environment.Job instance at 0x7f8676327fa0>,9,17,[8 1],10,24,41,14,12
1,<environment.Job instance at 0x7f867632a140>,12,22,[4 6],13,29,51,16,22
1,<environment.Job instance at 0x7f867632a5f0>,18,18,[3 6],19,29,47,10,22
1,<environment.Job instance at 0x7f867632a730>,20,18,[7 5],21,47,65,26,36
1,<environment.Job instance at 0x7f867632a960>,23,18,[7 4],24,51,69,27,40
1,<environment.Job instance at 0x7f867632ab90>,26,20,[4 8],27,65,85,38,56
1,<environment.Job instance at 0x7f867632acd0>,28,20,[5 8],29,85,105,56,76
1,<environment.Job instance at 0x7f867632ae10>,30,15,[8 2],31,76,91,45,76
1,<environment.Job instance at 0x7f867632aeb0>,31,13,[4 5],32,91,104,59,76
1,<environment.Job instance at 0x7f867632aa00>,33,16,[9 3],34,104,120,70,91
1,<environment.Job instance at 0x7f867632a0a0>,34,20,[5 3],35,105,125,70,96
1,<environment.Job instance at 0x7f867632e0a0>,37,22,[2 5],38,120,142,82,113
1,<environment.Job instance at 0x7f867632e460>,39,13,[5 4],40,120,133,80,113
1,<environment.Job instance at 0x7f867632e370>,40,19,[ 3 10],41,133,152,92,123
1,<environment.Job instance at 0x7f867632e550>,43,14,[6 1],44,142,156,98,127
1,<environment.Job instance at 0x7f867632e6e0>,44,14,[8 4],45,152,166,107,137
1,<environment.Job instance at 0x7f867632e8c0>,47,16,[6 2],48,156,172,108,143
1,<environment.Job instance at 0x7f867632ea00>,49,23,[2 6],50,166,189,116,160
1,<environment.Job instance at 0x7f8676327d20>,11,14,[10  4],12,172,186,160,163
1,<environment.Job instance at 0x7f867632ec80>,53,22,[9 5],54,186,208,132,180
1,<environment.Job instance at 0x7f867632edc0>,55,15,[6 2],56,189,204,133,180
1,<environment.Job instance at 0x7f867632ef00>,57,22,[6 5],58,204,226,146,197
1,<environment.Job instance at 0x7f8676330550>,66,12,[6 1],67,208,220,141,199
1,<environment.Job instance at 0x7f86763305f0>,67,13,[3 5],68,208,221,140,199
1,<environment.Job instance at 0x7f86763307d0>,70,22,[5 6],71,221,243,150,214
1,<environment.Job instance at 0x7f8676330870>,71,13,[7 2],72,226,239,154,214
1,<environment.Job instance at 0x7f8676330910>,72,18,[5 5],73,239,257,166,228
1,<environment.Job instance at 0x7f8676330af0>,75,19,[8 3],76,243,262,167,233
1,<environment.Job instance at 0x7f8676330f00>,78,13,[1 5],79,243,256,164,235
1,<environment.Job instance at 0x7f8676330f50>,79,15,[4 7],80,257,272,177,243
1,<environment.Job instance at 0x7f8676330fa0>,80,19,[8 4],81,262,281,181,252
1,<environment.Job instance at 0x7f8676333050>,81,17,[2 7],82,272,289,190,260
1,<environment.Job instance at 0x7f86763334b0>,87,17,[7 4],88,281,298,193,269
1,<environment.Job instance at 0x7f8676333690>,90,22,[5 5],91,289,311,198,282
1,<environment.Job instance at 0x7f8676333dc0>,98,20,[10  4],99,298,318,199,289
1,<environment.Job instance at 0x7f8676333e60>,99,14,[6 1],100,318,332,218,303
1,<environment.Job instance at 0x7f86763353c0>,107,17,[5 6],108,311,328,203,303
1,<environment.Job instance at 0x7f86763355a0>,110,15,[2 6],111,318,333,207,304
1,<environment.Job instance at 0x7f86763359b0>,114,20,[5 7],115,328,348,213,319
1,<environment.Job instance at 0x7f8676335b90>,117,21,[1 6],118,333,354,215,325
1,<environment.Job instance at 0x7f867f913230>,0,24,[2 8],1,348,372,347,346
1,<environment.Job instance at 0x7f86763279b0>,2,26,[10  1],3,1242,1268,1239,1242
1,<environment.Job instance at 0x7f8676327eb0>,10,14,[ 1 14],11,1305,1319,1294,1305
1,<environment.Job instance at 0x7f8675a72af0>,3,16,[1 8],4,4,20,0,4
1,<environment.Job instance at 0x7f8675a720a0>,8,19,[1 9],9,20,39,11,10
1,<environment.Job instance at 0x7f8675a724b0>,0,15,[9 2],1,13,28,12,13
1,<environment.Job instance at 0x7f8675a67820>,12,27,[5 4],13,14,41,1,14
1,<environment.Job instance at 0x7f867632a050>,9,19,[4 7],10,39,58,29,29
1,<environment.Job instance at 0x7f8675a67aa0>,15,16,[5 2],16,29,45,13,29
1,<environment.Job instance at 0x7f8675a70eb0>,22,18,[10  5],23,45,63,22,42
1,<environment.Job instance at 0x7f8675a6c960>,30,15,[6 2],31,63,78,32,49
1,<environment.Job instance at 0x7f8675be1b90>,31,15,[6 2],32,63,78,31,49
1,<environment.Job instance at 0x7f8675b54190>,35,13,[2 6],36,58,71,22,49
1,<environment.Job instance at 0x7f8675b547d0>,37,16,[6 2],38,78,94,40,65
1,<environment.Job instance at 0x7f8675b84be0>,40,15,[8 3],41,78,93,37,65
1,<environment.Job instance at 0x7f8681e4e4b0>,47,13,[4 5],48,93,106,45,77
1,<environment.Job instance at 0x7f86758db140>,51,18,[ 4 10],52,94,112,42,83
1,<environment.Job instance at 0x7f86758e4aa0>,53,16,[7 1],54,106,122,52,93
1,<environment.Job instance at 0x7f8675a67d20>,14,22,[2 9],15,112,134,97,108
1,<environment.Job instance at 0x7f8675a67910>,13,18,[13  4],14,122,140,108,111
1,<environment.Job instance at 0x7f86758e4730>,54,21,[9 1],55,140,161,85,132
1,<environment.Job instance at 0x7f8675a3a9b0>,57,18,[10  1],58,161,179,103,150
1,<environment.Job instance at 0x7f867594efa0>,61,13,[ 4 10],62,150,163,88,150
1,<environment.Job instance at 0x7f86758fdb90>,62,14,[4 7],63,163,177,100,150
1,<environment.Job instance at 0x7f8675928910>,65,19,[5 1],66,177,196,111,167
1,<environment.Job instance at 0x7f8675a6f2d0>,67,22,[1 7],68,179,201,111,172
1,<environment.Job instance at 0x7f86758c2320>,77,25,[5 4],78,179,204,101,175
1,<environment.Job instance at 0x7f86758c1aa0>,78,17,[10  5],79,201,218,122,189
1,<environment.Job instance at 0x7f86758c1a00>,80,23,[5 8],81,204,227,123,198
1,<environment.Job instance at 0x7f86758c1d70>,88,17,[10  2],89,218,235,129,208
1,<environment.Job instance at 0x7f86758bd370>,94,17,[2 9],95,227,244,132,215
1,<environment.Job instance at 0x7f86758bd2d0>,96,17,[10  4],97,235,252,138,223
1,<environment.Job instance at 0x7f86758bde10>,99,17,[2 8],100,244,261,144,232
1,<environment.Job instance at 0x7f86758bd280>,100,12,[5 9],101,261,273,160,244
1,<environment.Job instance at 0x7f86758bd190>,101,14,[2 9],102,273,287,171,258
1,<environment.Job instance at 0x7f86758bdc30>,102,20,[5 7],103,287,307,184,278
1,<environment.Job instance at 0x7f86758bd690>,103,15,[5 9],104,307,322,203,293
1,<environment.Job instance at 0x7f8675a67c80>,10,21,[4 6],11,299,320,288,299
1,<environment.Job instance at 0x7f86758bcfa0>,110,15,[ 5 10],111,322,337,211,308
1,<environment.Job instance at 0x7f8675a72280>,117,20,[5 2],118,320,340,202,317
1,<environment.Job instance at 0x7f8675924e10>,107,15,[5 6],108,337,352,229,328
1,<environment.Job instance at 0x7f8675a72640>,118,20,[7 4],119,340,360,221,331
1,<environment.Job instance at 0x7f8675946a00>,56,19,[ 5 14],57,360,379,303,351
1,<environment.Job instance at 0x7f8675a67500>,11,27,[4 8],12,520,547,508,520
1,<environment.Job instance at 0x7f8675942230>,55,14,[11  3],56,551,565,495,551
1,<environment.Job instance at 0x7f867fafa0a0>,3,18,[8 5],4,4,22,0,4
1,<environment.Job instance at 0x7f867fafa5a0>,5,15,[11  2],6,22,37,16,8
1,<environment.Job instance at 0x7f8675a76410>,10,17,[2 6],11,13,30,2,13
1,<environment.Job instance at 0x7f8675a76fa0>,14,19,[10  4],15,37,56,22,27
1,<environment.Job instance at 0x7f8675a76be0>,18,17,[1 7],19,27,44,8,27
1,<environment.Job instance at 0x7f8675a76cd0>,20,12,[6 2],21,56,68,35,39
1,<environment.Job instance at 0x7f8675a76050>,24,12,[1 8],25,44,56,19,39
1,<environment.Job instance at 0x7f8675a765a0>,11,16,[ 2 13],12,56,72,44,43
1,<environment.Job instance at 0x7f8675a769b0>,28,13,[3 5],29,72,85,43,56
1,<environment.Job instance at 0x7f867593c5a0>,32,14,[3 5],33,72,86,39,57
1,<environment.Job instance at 0x7f867593c0f0>,35,20,[5 5],36,72,92,36,63
1,<environment.Job instance at 0x7f867593c190>,36,18,[4 9],37,86,104,49,75
1,<environment.Job instance at 0x7f8675a762d0>,9,21,[6 4],10,92,113,82,84
1,<environment.Job instance at 0x7f867593c9b0>,37,20,[3 7],38,104,124,66,95
1,<environment.Job instance at 0x7f867fa8d460>,49,16,[7 2],50,113,129,63,100
1,<environment.Job instance at 0x7f867fa8db90>,52,12,[2 7],53,124,136,71,107
1,<environment.Job instance at 0x7f867fa8d4b0>,56,18,[7 1],57,129,147,72,118
1,<environment.Job instance at 0x7f867fa8d140>,61,15,[4 8],62,136,151,74,122
1,<environment.Job instance at 0x7f86758d1780>,63,22,[10  2],64,147,169,83,140
1,<environment.Job instance at 0x7f86758d1e10>,66,14,[5 3],67,151,165,84,140
1,<environment.Job instance at 0x7f86758d1d20>,67,14,[8 5],68,169,183,101,154
1,<environment.Job instance at 0x7f86758d1640>,68,22,[9 3],69,183,205,114,176
1,<environment.Job instance at 0x7f86758d1a50>,79,18,[ 3 10],80,176,194,96,176
1,<environment.Job instance at 0x7f86758d1690>,80,14,[7 2],81,205,219,124,190
1,<environment.Job instance at 0x7f86758d1370>,81,19,[8 2],82,205,224,123,195
1,<environment.Job instance at 0x7f867f9bb7d0>,84,16,[8 3],85,224,240,139,211
1,<environment.Job instance at 0x7f867f9bb4b0>,86,22,[9 4],87,240,262,153,233
1,<environment.Job instance at 0x7f867f9bb780>,91,22,[4 8],92,234,256,142,234
1,<environment.Job instance at 0x7f867f9bb230>,93,16,[2 8],94,256,272,162,243
1,<environment.Job instance at 0x7f867f9bb5a0>,95,13,[2 5],96,262,275,166,246
1,<environment.Job instance at 0x7f867f9bb870>,99,19,[1 8],100,272,291,172,262
1,<environment.Job instance at 0x7f86759aecd0>,100,12,[4 7],101,275,287,174,262
1,<environment.Job instance at 0x7f86759ae280>,104,20,[7 3],105,287,307,182,278
1,<environment.Job instance at 0x7f86759ae500>,107,17,[6 3],108,287,304,179,278
1,<environment.Job instance at 0x7f86759ae910>,110,17,[2 8],111,291,308,180,279
1,<environment.Job instance at 0x7f86759ae690>,116,15,[5 7],117,307,322,190,293
1,<environment.Job instance at 0x7f867fafaa00>,0,24,[11  3],1,322,346,321,318
1,<environment.Job instance at 0x7f8675a767d0>,26,19,[ 3 14],27,1224,1243,1197,1224
1,<environment.Job instance at 0x7f86768323c0>,0,17,[5 4],1,1,18,0,1
1,<environment.Job instance at 0x7f8676832a50>,3,14,[4 9],4,4,18,0,4
1,<environment.Job instance at 0x7f8676832230>,4,12,[8 2],5,18,30,13,5
1,<environment.Job instance at 0x7f86768321e0>,7,13,[7 5],8,18,31,10,8
1,<environment.Job instance at 0x7f8675f816e0>,8,13,[1 7],9,30,43,21,14
1,<environment.Job instance at 0x7f8675fb36e0>,12,15,[10  5],13,31,46,18,17
1,<environment.Job instance at 0x7f8675fb3230>,10,12,[ 1 14],11,46,58,35,29
1,<environment.Job instance at 0x7f8675fb3a50>,15,21,[12  1],16,46,67,30,39
1,<environment.Job instance at 0x7f8675fb3f50>,14,19,[3 9],15,58,77,43,49
1,<environment.Job instance at 0x7f8675fb3c30>,18,15,[4 9],19,77,92,58,64
1,<environment.Job instance at 0x7f867f6d9eb0>,20,14,[3 6],21,67,81,46,64
1,<environment.Job instance at 0x7f867f6d9cd0>,23,21,[8 2],24,81,102,57,77
1,<environment.Job instance at 0x7f8675e1fdc0>,25,12,[9 3],26,102,114,76,85
1,<environment.Job instance at 0x7f8675e1f320>,31,16,[4 8],32,92,108,60,85
1,<environment.Job instance at 0x7f8675e1f5f0>,33,21,[3 9],34,108,129,74,101
1,<environment.Job instance at 0x7f8675e1f3c0>,34,22,[7 4],35,114,136,79,108
1,<environment.Job instance at 0x7f8675e1fc80>,36,12,[5 4],37,129,141,92,112
1,<environment.Job instance at 0x7f8675e1fd70>,40,17,[2 6],41,129,146,88,117
1,<environment.Job instance at 0x7f8675fb5870>,45,14,[9 5],46,141,155,95,126
1,<environment.Job instance at 0x7f8675fb54b0>,48,17,[2 8],49,146,163,97,134
1,<environment.Job instance at 0x7f8675f811e0>,9,20,[11  1],10,155,175,145,146
1,<environment.Job instance at 0x7f8675fbc960>,64,20,[2 8],65,163,183,98,154
1,<environment.Job instance at 0x7f8675fbca00>,67,21,[5 9],68,183,204,115,175
1,<environment.Job instance at 0x7f8675fbc230>,74,15,[6 4],75,175,190,100,175
1,<environment.Job instance at 0x7f8675fbcdc0>,78,13,[7 1],79,190,203,111,175
1,<environment.Job instance at 0x7f867fa60be0>,79,16,[2 6],80,203,219,123,190
1,<environment.Job instance at 0x7f867fa60c30>,84,22,[5 3],85,204,226,119,197
1,<environment.Job instance at 0x7f86758d50f0>,88,17,[9 1],89,219,236,130,207
1,<environment.Job instance at 0x7f86758d5a50>,91,16,[1 8],92,219,235,127,207
1,<environment.Job instance at 0x7f86758d55f0>,94,12,[3 5],95,207,219,112,207
1,<environment.Job instance at 0x7f86758d5410>,95,14,[5 8],96,235,249,139,220
1,<environment.Job instance at 0x7f86758d53c0>,99,19,[6 4],100,236,255,136,226
1,<environment.Job instance at 0x7f86758d5dc0>,100,22,[5 6],101,249,271,148,242
1,<environment.Job instance at 0x7f8675a76960>,105,14,[3 6],106,255,269,149,242
1,<environment.Job instance at 0x7f8675eb72d0>,109,16,[2 5],110,269,285,159,256
1,<environment.Job instance at 0x7f8675e05dc0>,113,14,[1 9],114,271,285,157,256
1,<environment.Job instance at 0x7f8675e05690>,115,21,[5 4],116,285,306,169,277
1,<environment.Job instance at 0x7f8675fbc2d0>,65,14,[11  5],66,306,320,240,291
1,<environment.Job instance at 0x7f8675fb3780>,16,16,[ 4 11],17,1590,1606,1573,1590
1,<environment.Job instance at 0x7f8675f81550>,6,18,[8 1],7,1590,1608,1583,1590
1,<environment.Job instance at 0x7f8676e82500>,0,14,[8 1],1,1,15,0,1
1,<environment.Job instance at 0x7f8675f81550>,2,23,[9 3],3,15,38,12,9
1,<environment.Job instance at 0x7f8676e70e60>,7,12,[1 6],8,19,31,11,19
1,<environment.Job instance at 0x7f86760fa8c0>,8,14,[ 1 13],9,38,52,29,23
1,<environment.Job instance at 0x7f8676e70280>,13,27,[11  1],14,38,65,24,36
1,<environment.Job instance at 0x7f8676e70b40>,14,17,[2 5],15,52,69,37,40
1,<environment.Job instance at 0x7f8676e70910>,15,14,[8 2],16,65,79,49,50
1,<environment.Job instance at 0x7f8676e70fa0>,9,16,[7 3],10,69,85,59,62
1,<environment.Job instance at 0x7f8676e70e10>,10,27,[ 4 10],11,79,106,68,77
1,<environment.Job instance at 0x7f8676e515f0>,23,17,[6 1],24,85,102,61,77
1,<environment.Job instance at 0x7f8676e68a50>,26,15,[9 2],27,102,117,75,88
1,<environment.Job instance at 0x7f86761b8af0>,28,17,[7 3],29,117,134,88,105
1,<environment.Job instance at 0x7f8675c94820>,33,18,[4 7],34,106,124,72,105
1,<environment.Job instance at 0x7f8675d5c870>,36,20,[2 6],37,124,144,87,115
1,<environment.Job instance at 0x7f8675cce870>,41,17,[10  4],42,134,151,92,122
1,<environment.Job instance at 0x7f86761995f0>,43,16,[8 4],44,151,167,107,138
1,<environment.Job instance at 0x7f8675d47410>,46,15,[5 7],47,144,159,97,138
1,<environment.Job instance at 0x7f8675c85410>,22,19,[ 2 14],23,167,186,144,157
1,<environment.Job instance at 0x7f8675d503c0>,50,12,[8 1],51,167,179,116,157
1,<environment.Job instance at 0x7f8676182780>,49,19,[10  1],50,179,198,129,169
1,<environment.Job instance at 0x7f8676e51dc0>,21,18,[5 8],22,186,204,164,178
1,<environment.Job instance at 0x7f8675d50d20>,56,13,[10  5],57,198,211,141,182
1,<environment.Job instance at 0x7f8675d50460>,59,12,[5 5],60,204,216,144,187
1,<environment.Job instance at 0x7f8675d50aa0>,61,22,[4 9],62,211,233,149,209
1,<environment.Job instance at 0x7f8675d50f00>,57,23,[9 5],58,216,239,158,211
1,<environment.Job instance at 0x7f8676028460>,64,13,[ 5 10],65,233,246,168,217
1,<environment.Job instance at 0x7f8676028410>,65,15,[7 2],66,239,254,173,225
1,<environment.Job instance at 0x7f8675d4f4b0>,69,15,[2 6],70,246,261,176,233
1,<environment.Job instance at 0x7f8675d4f460>,66,12,[13  4],67,254,266,187,237
1,<environment.Job instance at 0x7f8675ffb320>,76,13,[12  1],77,266,279,189,254
1,<environment.Job instance at 0x7f8675ffb500>,77,14,[ 3 10],78,266,280,188,254
1,<environment.Job instance at 0x7f8675ffb280>,75,17,[ 5 10],76,280,297,204,268
1,<environment.Job instance at 0x7f8675ffb5a0>,79,13,[6 2],80,279,292,199,268
1,<environment.Job instance at 0x7f8675ffb640>,80,20,[6 5],81,292,312,211,283
1,<environment.Job instance at 0x7f8675ffbaa0>,87,14,[7 5],88,297,311,209,283
1,<environment.Job instance at 0x7f8675ffb9b0>,90,21,[5 1],91,311,332,220,303
1,<environment.Job instance at 0x7f8675ffbd70>,92,14,[9 5],93,312,326,219,303
1,<environment.Job instance at 0x7f8676e5a2d0>,100,12,[8 2],101,326,338,225,309
1,<environment.Job instance at 0x7f8676e5a550>,104,16,[5 5],105,332,348,227,319
1,<environment.Job instance at 0x7f8676e5a640>,107,19,[5 7],108,338,357,230,328
1,<environment.Job instance at 0x7f8676e5a690>,108,18,[1 5],109,348,366,239,337
1,<environment.Job instance at 0x7f8676e82870>,1,23,[8 4],2,357,380,355,351
1,<environment.Job instance at 0x7f8676e5a9b0>,111,17,[7 4],112,366,383,254,354
1,<environment.Job instance at 0x7f8676e5aa50>,112,20,[11  3],113,383,403,270,374
1,<environment.Job instance at 0x7f8676e5aaf0>,113,12,[4 8],114,380,392,266,374
1,<environment.Job instance at 0x7f8676e5ab90>,114,12,[8 2],115,403,415,288,386
1,<environment.Job instance at 0x7f8676e5ad70>,115,17,[ 3 13],116,403,420,287,391
1,<environment.Job instance at 0x7f8676e5ae60>,116,15,[13  4],117,420,435,303,406
1,<environment.Job instance at 0x7f8676e5ac80>,117,25,[9 1],118,435,460,317,431
1,<environment.Job instance at 0x7f8676e5af00>,118,23,[3 8],119,435,458,316,431
1,<environment.Job instance at 0x7f8676e5a910>,110,22,[7 1],111,580,602,469,580
1,<environment.Job instance at 0x7f8675ffb410>,78,24,[3 9],79,1031,1055,952,1031
1,<environment.Job instance at 0x7f8676195370>,1,17,[2 7],2,2,19,0,2
1,<environment.Job instance at 0x7f8675ffb1e0>,2,14,[4 9],3,19,33,16,4
1,<environment.Job instance at 0x7f8676195780>,5,12,[4 8],6,6,18,0,6
1,<environment.Job instance at 0x7f8675cc9af0>,15,16,[5 5],16,18,34,2,16
1,<environment.Job instance at 0x7f86761955a0>,18,13,[8 5],19,33,46,14,19
1,<environment.Job instance at 0x7f8675cc9b40>,21,16,[6 5],22,34,50,12,22
1,<environment.Job instance at 0x7f8675cc9aa0>,19,13,[3 9],20,46,59,26,30
1,<environment.Job instance at 0x7f8675cc9cd0>,25,12,[1 9],26,59,71,33,42
1,<environment.Job instance at 0x7f8675cc95a0>,26,15,[8 2],27,50,65,23,42
1,<environment.Job instance at 0x7f8675cc9b90>,27,21,[7 2],28,65,86,37,60
1,<environment.Job instance at 0x7f8675cc9500>,20,14,[ 2 11],21,71,85,50,61
1,<environment.Job instance at 0x7f8675cc92d0>,29,12,[ 1 11],30,85,97,55,68
1,<environment.Job instance at 0x7f8675cc9730>,31,13,[6 1],32,68,81,36,68
1,<environment.Job instance at 0x7f8675cc9370>,32,13,[1 8],33,97,110,64,81
1,<environment.Job instance at 0x7f8675cc94b0>,22,22,[ 5 14],23,110,132,87,103
1,<environment.Job instance at 0x7f8675cc9230>,34,13,[12  5],35,132,145,97,116
1,<environment.Job instance at 0x7f8675cc9be0>,35,13,[ 5 10],36,145,158,109,129
1,<environment.Job instance at 0x7f8675cc97d0>,36,15,[6 1],37,145,160,108,131
1,<environment.Job instance at 0x7f8675cd0050>,37,22,[ 3 10],38,158,180,120,151
1,<environment.Job instance at 0x7f8675cd03c0>,38,14,[6 5],39,160,174,121,151
1,<environment.Job instance at 0x7f8675cd0410>,39,19,[ 4 10],40,180,199,140,170
1,<environment.Job instance at 0x7f8675cd0690>,40,12,[1 5],41,174,186,133,170
1,<environment.Job instance at 0x7f8675cd06e0>,41,24,[ 4 10],42,199,223,157,194
1,<environment.Job instance at 0x7f8675cd0eb0>,42,24,[ 2 14],43,223,247,180,218
1,<environment.Job instance at 0x7f8675cd00f0>,43,16,[12  2],44,247,263,203,234
1,<environment.Job instance at 0x7f8675cd0e60>,44,15,[ 5 12],45,263,278,218,249
1,<environment.Job instance at 0x7f8675cd0b90>,45,28,[ 2 11],46,278,306,232,277
1,<environment.Job instance at 0x7f8675cd0500>,46,28,[13  3],47,278,306,231,277
1,<environment.Job instance at 0x7f8675cd0870>,47,21,[1 9],48,306,327,258,298
1,<environment.Job instance at 0x7f8675cd0b40>,48,23,[13  5],49,306,329,257,300
1,<environment.Job instance at 0x7f8675cd0190>,49,19,[ 3 13],50,329,348,279,319
1,<environment.Job instance at 0x7f8675cd0cd0>,50,21,[5 4],51,348,369,297,340
1,<environment.Job instance at 0x7f8675cd0f50>,51,15,[10  1],52,340,355,288,340
1,<environment.Job instance at 0x7f8675cd0be0>,52,20,[4 5],53,355,375,302,346
1,<environment.Job instance at 0x7f8675cd0fa0>,53,23,[6 5],54,355,378,301,350
1,<environment.Job instance at 0x7f8675cd08c0>,54,17,[ 2 13],55,378,395,323,366
1,<environment.Job instance at 0x7f8675cd0a50>,55,20,[ 1 11],56,395,415,339,386
1,<environment.Job instance at 0x7f8676195320>,0,26,[14  4],1,398,424,397,398
1,<environment.Job instance at 0x7f8675cc9910>,17,17,[4 5],18,424,441,406,420
1,<environment.Job instance at 0x7f8675cd0aa0>,57,26,[8 5],58,424,450,366,421
1,<environment.Job instance at 0x7f8675cd0460>,59,14,[6 5],60,441,455,381,426
1,<environment.Job instance at 0x7f8675d97b40>,60,13,[5 8],61,450,463,389,434
1,<environment.Job instance at 0x7f8675cd0af0>,56,27,[4 6],57,455,482,398,453
1,<environment.Job instance at 0x7f8675cd01e0>,58,12,[ 3 14],59,482,494,423,466
1,<environment.Job instance at 0x7f8675d974b0>,68,13,[1 8],69,466,479,397,466
1,<environment.Job instance at 0x7f8675d87280>,77,13,[10  4],78,494,507,416,480
1,<environment.Job instance at 0x7f8675d87960>,80,15,[10  4],81,507,522,426,493
1,<environment.Job instance at 0x7f8675cc9690>,30,28,[3 6],31,494,522,463,493
1,<environment.Job instance at 0x7f86760ccf00>,103,18,[6 5],104,522,540,418,511
1,<environment.Job instance at 0x7f86760cc140>,108,12,[1 7],109,522,534,413,511
1,<environment.Job instance at 0x7f86760cc9b0>,112,18,[5 8],113,534,552,421,523
1,<environment.Job instance at 0x7f86760ccc30>,117,18,[6 5],118,540,558,422,529
1,<environment.Job instance at 0x7f86760cc4b0>,118,17,[9 4],119,552,569,433,540
1,<environment.Job instance at 0x7f8675d87b40>,82,17,[3 9],83,1527,1544,1444,1527
1,<environment.Job instance at 0x7f8675d87c80>,78,23,[4 5],79,1527,1550,1448,1527
1,<environment.Job instance at 0x7f8675d97af0>,61,24,[14  4],62,1550,1574,1488,1545
1,<environment.Job instance at 0x7f8676e6b9b0>,1,18,[5 7],2,2,20,0,2
1,<environment.Job instance at 0x7f8675d97aa0>,2,15,[6 2],3,3,18,0,3
1,<environment.Job instance at 0x7f8675c8e500>,9,22,[1 7],10,18,40,8,11
1,<environment.Job instance at 0x7f8675cb1320>,13,23,[14  5],14,20,43,6,14
1,<environment.Job instance at 0x7f8675c8e6e0>,10,19,[5 6],11,43,62,32,33
1,<environment.Job instance at 0x7f8675c8e780>,11,14,[ 2 11],12,62,76,50,47
1,<environment.Job instance at 0x7f8675c8e550>,12,25,[14  3],13,76,101,63,72
1,<environment.Job instance at 0x7f8675c970f0>,20,14,[1 7],21,83,97,62,83
1,<environment.Job instance at 0x7f8675c8c550>,25,14,[1 6],26,97,111,71,83
1,<environment.Job instance at 0x7f8675c8c410>,26,15,[5 7],27,101,116,74,87
1,<environment.Job instance at 0x7f8676df4460>,30,18,[5 2],31,101,119,70,98
1,<environment.Job instance at 0x7f8675c8ce60>,22,14,[6 2],23,116,130,93,102
1,<environment.Job instance at 0x7f8675c8c0f0>,32,14,[8 3],33,119,133,86,105
1,<environment.Job instance at 0x7f8675c8c500>,31,20,[3 7],32,130,150,98,121
1,<environment.Job instance at 0x7f8675c8c870>,23,15,[12  3],24,133,148,109,124
1,<environment.Job instance at 0x7f8675c86820>,0,16,[11  4],1,148,164,147,135
1,<environment.Job instance at 0x7f8675bd5e60>,37,14,[ 2 11],38,150,164,112,135
1,<environment.Job instance at 0x7f8675f0d550>,35,21,[2 8],36,164,185,128,156
1,<environment.Job instance at 0x7f8675bd55f0>,40,22,[2 7],41,164,186,123,158
1,<environment.Job instance at 0x7f8675bd5a00>,38,16,[ 1 12],39,186,202,147,173
1,<environment.Job instance at 0x7f8675cb14b0>,14,27,[12  3],15,185,212,170,184
1,<environment.Job instance at 0x7f8675ef91e0>,44,15,[5 8],45,212,227,167,199
1,<environment.Job instance at 0x7f8675be3190>,43,20,[8 2],44,212,232,168,207
1,<environment.Job instance at 0x7f8675f25230>,45,15,[4 9],46,227,242,181,213
1,<environment.Job instance at 0x7f8676de9960>,47,12,[9 1],48,232,244,184,215
1,<environment.Job instance at 0x7f8676dd6320>,50,13,[3 5],51,242,255,191,226
1,<environment.Job instance at 0x7f8676dae8c0>,67,18,[9 1],68,244,262,176,235
1,<environment.Job instance at 0x7f8676dd00f0>,72,19,[5 3],73,255,274,182,245
1,<environment.Job instance at 0x7f8676dd0320>,74,21,[6 4],75,262,283,187,254
1,<environment.Job instance at 0x7f86761b1f00>,77,14,[8 2],78,274,288,196,259
1,<environment.Job instance at 0x7f86761b1d70>,78,13,[5 3],79,283,296,204,267
1,<environment.Job instance at 0x7f867618c550>,85,14,[4 7],86,288,302,202,273
1,<environment.Job instance at 0x7f867618c5f0>,86,16,[9 4],87,296,312,209,283
1,<environment.Job instance at 0x7f867618c8c0>,90,16,[ 3 10],91,302,318,211,289
1,<environment.Job instance at 0x7f867618c960>,91,18,[5 5],92,312,330,220,301
1,<environment.Job instance at 0x7f867618ca00>,92,16,[5 5],93,318,334,225,305
1,<environment.Job instance at 0x7f867618cc80>,96,18,[1 5],97,318,336,221,307
1,<environment.Job instance at 0x7f867618cd20>,97,18,[9 5],98,330,348,232,319
1,<environment.Job instance at 0x7f867618ce10>,98,19,[4 5],99,334,353,235,324
1,<environment.Job instance at 0x7f867618d280>,104,13,[5 5],105,348,361,243,332
1,<environment.Job instance at 0x7f867618d0a0>,106,16,[8 3],107,353,369,246,340
1,<environment.Job instance at 0x7f867618d4b0>,107,23,[5 4],108,361,384,253,355
1,<environment.Job instance at 0x7f8676de3870>,46,16,[ 3 11],47,369,385,322,357
1,<environment.Job instance at 0x7f867618d690>,110,21,[ 5 13],111,385,406,274,377
1,<environment.Job instance at 0x7f867618d5f0>,109,21,[8 2],110,384,405,274,378
1,<environment.Job instance at 0x7f867618d6e0>,113,18,[5 5],114,406,424,292,395
1,<environment.Job instance at 0x7f867618d780>,114,20,[5 9],115,406,426,291,405
1,<environment.Job instance at 0x7f867618d9b0>,117,14,[5 1],118,405,419,287,405
1,<environment.Job instance at 0x7f867619ef00>,33,18,[12  3],34,426,444,392,415
1,<environment.Job instance at 0x7f867618d730>,111,22,[11  1],112,444,466,332,440
1,<environment.Job instance at 0x7f8675cc92d0>,0,18,[ 4 13],1,1,19,0,1
1,<environment.Job instance at 0x7f867618d730>,2,14,[9 1],3,3,17,0,3
1,<environment.Job instance at 0x7f867646acd0>,3,12,[7 1],4,17,29,13,5
1,<environment.Job instance at 0x7f867646ac30>,7,15,[6 2],8,19,34,11,8
1,<environment.Job instance at 0x7f8675d32280>,10,12,[11  2],11,34,46,23,17
1,<environment.Job instance at 0x7f8675d32730>,11,17,[3 5],12,29,46,17,17
1,<environment.Job instance at 0x7f867646aaf0>,4,18,[8 3],5,46,64,41,35
1,<environment.Job instance at 0x7f8675d32190>,13,14,[6 1],14,46,60,32,35
1,<environment.Job instance at 0x7f8675d32640>,17,13,[9 5],18,64,77,46,48
1,<environment.Job instance at 0x7f8675d320f0>,18,16,[3 6],19,60,76,41,48
1,<environment.Job instance at 0x7f8675d32c80>,20,14,[2 5],21,76,90,55,61
1,<environment.Job instance at 0x7f8675d32aa0>,24,17,[10  4],25,77,94,52,65
1,<environment.Job instance at 0x7f8675d32b40>,28,14,[2 7],29,90,104,61,75
1,<environment.Job instance at 0x7f8675d32820>,29,20,[1 7],30,94,114,64,85
1,<environment.Job instance at 0x7f8675d32460>,30,14,[3 7],31,104,118,73,89
1,<environment.Job instance at 0x7f8675d32960>,12,16,[ 3 13],13,118,134,105,105
1,<environment.Job instance at 0x7f8676c82190>,32,24,[7 3],33,134,158,101,129
1,<environment.Job instance at 0x7f8676c828c0>,33,12,[13  5],34,158,170,124,141
1,<environment.Job instance at 0x7f8676c82500>,31,20,[9 4],32,170,190,138,161
1,<environment.Job instance at 0x7f8676c82e60>,37,21,[5 9],38,174,195,136,174
1,<environment.Job instance at 0x7f8676c82910>,39,12,[5 7],40,195,207,155,178
1,<environment.Job instance at 0x7f8676c82050>,41,20,[7 4],42,190,210,148,181
1,<environment.Job instance at 0x7f8676c82d70>,45,18,[1 6],46,207,225,161,196
1,<environment.Job instance at 0x7f8676c82780>,46,15,[6 1],47,207,222,160,196
1,<environment.Job instance at 0x7f8676c82b40>,47,17,[5 7],48,210,227,162,198
1,<environment.Job instance at 0x7f8676c82730>,48,17,[5 5],49,225,242,176,213
1,<environment.Job instance at 0x7f8676c82640>,49,17,[4 6],50,227,244,177,215
1,<environment.Job instance at 0x7f8676c82960>,50,13,[3 8],51,242,255,191,226
1,<environment.Job instance at 0x7f867646a500>,9,16,[12  2],10,244,260,234,233
1,<environment.Job instance at 0x7f8676e3bcd0>,52,17,[1 8],53,255,272,202,243
1,<environment.Job instance at 0x7f8676e3b730>,53,18,[14  3],54,260,278,206,250
1,<environment.Job instance at 0x7f8676e3b230>,54,17,[1 9],55,272,289,217,260
1,<environment.Job instance at 0x7f8676e3bf00>,56,13,[9 2],57,278,291,221,269
1,<environment.Job instance at 0x7f8676e3b2d0>,61,16,[6 3],62,289,305,227,276
1,<environment.Job instance at 0x7f8676c821e0>,34,21,[ 1 13],35,305,326,270,297
1,<environment.Job instance at 0x7f8676e3b550>,55,22,[ 5 12],56,326,348,270,320
1,<environment.Job instance at 0x7f8676e3b640>,68,28,[8 3],69,326,354,257,325
1,<environment.Job instance at 0x7f8676e3b4b0>,69,16,[14  1],70,354,370,284,341
1,<environment.Job instance at 0x7f8676e3b410>,70,18,[10  5],71,370,388,299,359
1,<environment.Job instance at 0x7f867646a3c0>,8,17,[7 4],9,388,405,379,376
1,<environment.Job instance at 0x7f8676e3b780>,72,23,[4 7],73,376,399,303,376
1,<environment.Job instance at 0x7f8676e3b5f0>,66,21,[8 1],67,399,420,332,391
1,<environment.Job instance at 0x7f8675f50550>,73,19,[ 4 10],74,405,424,331,397
1,<environment.Job instance at 0x7f8675f506e0>,76,15,[9 4],77,420,435,343,410
1,<environment.Job instance at 0x7f8675f507d0>,74,18,[10  1],75,435,453,360,425
1,<environment.Job instance at 0x7f8675f50640>,77,21,[4 6],78,425,446,347,425
1,<environment.Job instance at 0x7f8675f505f0>,79,17,[ 3 12],80,446,463,366,434
1,<environment.Job instance at 0x7f8675f50690>,78,14,[5 7],79,463,477,384,449
1,<environment.Job instance at 0x7f8675f50dc0>,86,20,[5 7],87,466,486,379,466
1,<environment.Job instance at 0x7f8676e3beb0>,71,24,[ 3 12],72,486,510,414,481
1,<environment.Job instance at 0x7f8675f504b0>,88,18,[12  1],89,486,504,397,482
1,<environment.Job instance at 0x7f8675f503c0>,80,13,[14  5],81,510,523,429,496
1,<environment.Job instance at 0x7f8675f50f00>,87,16,[4 8],88,523,539,435,510
1,<environment.Job instance at 0x7f8675f44a00>,94,16,[10  5],95,523,539,428,510
1,<environment.Job instance at 0x7f8675f44aa0>,96,16,[1 7],97,539,555,442,526
1,<environment.Job instance at 0x7f8675f50be0>,89,15,[2 8],90,539,554,449,528
1,<environment.Job instance at 0x7f8675f44550>,102,16,[9 4],103,554,570,451,541
1,<environment.Job instance at 0x7f8675f44a50>,103,13,[8 2],104,570,583,466,557
1,<environment.Job instance at 0x7f8675f44730>,109,13,[1 8],110,572,585,462,572
1,<environment.Job instance at 0x7f8675f440f0>,100,28,[9 3],101,583,611,482,582
1,<environment.Job instance at 0x7f8675f44780>,115,19,[7 3],116,611,630,495,601
1,<environment.Job instance at 0x7f8675f449b0>,97,22,[2 7],98,601,623,503,601
1,<environment.Job instance at 0x7f8675f44c30>,114,19,[2 9],115,623,642,508,613
1,<environment.Job instance at 0x7f867611fcd0>,118,25,[5 3],119,614,639,495,614
1,<environment.Job instance at 0x7f867611f460>,117,18,[2 7],118,642,660,524,631
1,<environment.Job instance at 0x7f867618d5a0>,1,18,[13  1],2,639,657,637,631
1,<environment.Job instance at 0x7f867611f230>,116,20,[ 1 12],117,660,680,543,653
1,<environment.Job instance at 0x7f8675726be0>,1,14,[ 4 10],2,2,16,0,2
1,<environment.Job instance at 0x7f867611f8c0>,2,15,[4 8],3,16,31,13,3
1,<environment.Job instance at 0x7f8675726730>,12,21,[ 1 11],13,31,52,18,23
1,<environment.Job instance at 0x7f86757267d0>,11,28,[8 2],12,28,56,16,28
1,<environment.Job instance at 0x7f86756ab140>,15,16,[1 7],16,52,68,36,39
1,<environment.Job instance at 0x7f86756abd70>,24,15,[2 5],25,52,67,27,39
1,<environment.Job instance at 0x7f8675726c80>,13,21,[9 1],14,56,77,42,49
1,<environment.Job instance at 0x7f86756ed5a0>,25,18,[9 5],26,77,95,51,72
1,<environment.Job instance at 0x7f86756eda50>,30,17,[2 6],31,78,95,47,78
1,<environment.Job instance at 0x7f86756ed280>,26,25,[7 3],27,95,120,68,91
1,<environment.Job instance at 0x7f867566e780>,43,26,[5 5],44,95,121,51,92
1,<environment.Job instance at 0x7f867566e140>,44,16,[11  2],45,121,137,76,108
1,<environment.Job instance at 0x7f86756abdc0>,16,21,[14  4],17,137,158,120,129
1,<environment.Job instance at 0x7f867566e8c0>,47,17,[2 6],48,158,175,110,146
1,<environment.Job instance at 0x7f867566ea50>,52,15,[4 5],53,158,173,105,146
1,<environment.Job instance at 0x7f867566e550>,54,17,[3 5],55,173,190,118,161
1,<environment.Job instance at 0x7f867566eeb0>,48,27,[ 2 10],49,175,202,126,173
1,<environment.Job instance at 0x7f86757215f0>,60,15,[7 4],61,190,205,129,176
1,<environment.Job instance at 0x7f8675721fa0>,66,15,[5 5],67,202,217,135,188
1,<environment.Job instance at 0x7f8675721960>,65,28,[ 2 10],66,205,233,139,204
1,<environment.Job instance at 0x7f8675721190>,68,21,[ 3 14],69,233,254,164,225
1,<environment.Job instance at 0x7f86757210f0>,69,21,[ 2 12],70,254,275,184,246
1,<environment.Job instance at 0x7f86757212d0>,71,17,[2 5],72,275,292,203,263
1,<environment.Job instance at 0x7f86757218c0>,70,18,[5 9],71,275,293,204,264
1,<environment.Job instance at 0x7f8675721b40>,74,25,[9 4],75,292,317,217,289
1,<environment.Job instance at 0x7f86757260f0>,7,17,[ 1 10],8,302,319,294,302
1,<environment.Job instance at 0x7f8675721280>,76,14,[11  4],77,317,331,240,302
1,<environment.Job instance at 0x7f86757214b0>,77,12,[10  1],78,331,343,253,318
1,<environment.Job instance at 0x7f8675721b90>,79,19,[ 5 14],80,331,350,251,322
1,<environment.Job instance at 0x7f8675737870>,80,12,[10  1],81,343,355,262,342
1,<environment.Job instance at 0x7f867566e6e0>,45,26,[5 8],46,350,376,304,347
1,<environment.Job instance at 0x7f8675721cd0>,75,20,[7 5],76,355,375,279,347
1,<environment.Job instance at 0x7f8675695c80>,88,17,[2 5],89,375,392,286,363
1,<environment.Job instance at 0x7f867f9ba140>,89,17,[3 6],90,376,393,286,364
1,<environment.Job instance at 0x7f867f84fb40>,94,12,[6 3],95,376,388,281,364
1,<environment.Job instance at 0x7f86761995f0>,82,20,[ 4 14],83,393,413,310,384
1,<environment.Job instance at 0x7f867580d320>,97,12,[4 6],98,413,425,315,396
1,<environment.Job instance at 0x7f8675d97280>,98,13,[2 6],99,413,426,314,397
1,<environment.Job instance at 0x7f8675ebc500>,99,13,[10  4],100,425,438,325,409
1,<environment.Job instance at 0x7f8675ebc370>,100,15,[14  4],101,438,453,337,424
1,<environment.Job instance at 0x7f86759583c0>,81,17,[1 9],82,426,443,344,424
1,<environment.Job instance at 0x7f8675bfddc0>,102,15,[ 5 12],103,453,468,350,439
1,<environment.Job instance at 0x7f867f912190>,107,13,[3 9],108,468,481,360,452
1,<environment.Job instance at 0x7f867f47d500>,109,21,[8 3],110,455,476,345,455
1,<environment.Job instance at 0x7f86769bb730>,115,26,[6 3],116,476,502,360,473
1,<environment.Job instance at 0x7f86769bb230>,116,17,[ 1 14],117,502,519,385,490
1,<environment.Job instance at 0x7f86769bb7d0>,114,20,[2 7],115,519,539,404,510
1,<environment.Job instance at 0x7f86757260a0>,0,24,[5 7],1,519,543,518,514
1,<environment.Job instance at 0x7f8676a120a0>,1,15,[2 7],2,2,17,0,2
1,<environment.Job instance at 0x7f8676e23f00>,3,13,[1 7],4,5,18,1,5
1,<environment.Job instance at 0x7f8676e23be0>,5,16,[3 9],6,18,34,12,6
1,<environment.Job instance at 0x7f8676e23960>,9,12,[7 4],10,17,29,7,10
1,<environment.Job instance at 0x7f8676e239b0>,11,14,[8 1],12,29,43,17,14
1,<environment.Job instance at 0x7f8676e233c0>,18,17,[8 4],19,43,60,24,31
1,<environment.Job instance at 0x7f8676e23d20>,20,14,[10  2],21,60,74,39,45
1,<environment.Job instance at 0x7f8676e23e10>,21,22,[5 5],22,45,67,23,45
1,<environment.Job instance at 0x7f8675c8c3c0>,23,14,[4 9],24,67,81,43,52
1,<environment.Job instance at 0x7f867656a7d0>,27,20,[3 6],28,74,94,46,65
1,<environment.Job instance at 0x7f867656a050>,29,15,[5 5],30,81,96,51,67
1,<environment.Job instance at 0x7f867656a320>,32,21,[6 4],33,81,102,48,73
1,<environment.Job instance at 0x7f867656a460>,36,16,[5 6],37,96,112,59,83
1,<environment.Job instance at 0x7f8675f6a910>,39,13,[5 5],40,102,115,62,86
1,<environment.Job instance at 0x7f8675f6a5f0>,43,14,[4 5],44,112,126,68,97
1,<environment.Job instance at 0x7f8675f6ae10>,45,14,[1 7],46,115,129,69,100
1,<environment.Job instance at 0x7f8675f6a410>,46,13,[4 5],47,126,139,79,110
1,<environment.Job instance at 0x7f8675f6a6e0>,50,22,[6 5],51,129,151,78,122
1,<environment.Job instance at 0x7f8676e23b90>,4,13,[3 5],5,129,142,124,126
1,<environment.Job instance at 0x7f8676c918c0>,57,16,[7 4],58,142,158,84,129
1,<environment.Job instance at 0x7f8676c91a00>,70,13,[9 3],71,158,171,87,142
1,<environment.Job instance at 0x7f8676c2fd70>,75,17,[5 3],76,151,168,75,142
1,<environment.Job instance at 0x7f8676c2f2d0>,76,12,[2 7],77,168,180,91,151
1,<environment.Job instance at 0x7f8676c2ffa0>,80,13,[4 6],81,171,184,90,155
1,<environment.Job instance at 0x7f8676c2f730>,83,15,[2 6],84,180,195,96,166
1,<environment.Job instance at 0x7f8676c2f780>,85,18,[1 7],86,184,202,98,173
1,<environment.Job instance at 0x7f8676c2f690>,86,16,[9 3],87,195,211,108,182
1,<environment.Job instance at 0x7f86768cb5a0>,93,18,[7 4],94,211,229,117,200
1,<environment.Job instance at 0x7f86768cb640>,97,20,[5 7],98,202,222,104,200
1,<environment.Job instance at 0x7f86762cc9b0>,112,12,[4 7],113,222,234,109,205
1,<environment.Job instance at 0x7f86762ccdc0>,116,14,[4 8],117,229,243,112,214
1,<environment.Job instance at 0x7f8675b006e0>,0,14,[8 4],1,1,15,0,1
1,<environment.Job instance at 0x7f8675ad0f00>,7,20,[4 5],8,8,28,0,8
1,<environment.Job instance at 0x7f8675ad0cd0>,8,14,[5 7],9,15,29,6,9
1,<environment.Job instance at 0x7f8675ad0eb0>,16,14,[11  3],17,29,43,12,17
1,<environment.Job instance at 0x7f8676113870>,26,18,[1 6],27,28,46,1,27
1,<environment.Job instance at 0x7f86761136e0>,27,20,[1 9],28,43,63,15,34
1,<environment.Job instance at 0x7f86761139b0>,31,17,[7 3],32,46,63,14,34
1,<environment.Job instance at 0x7f8675e98c80>,37,15,[6 1],38,46,61,8,44
1,<environment.Job instance at 0x7f8675e98230>,46,16,[9 2],47,63,79,16,50
1,<environment.Job instance at 0x7f8675e98e10>,50,22,[1 5],51,63,85,12,56
1,<environment.Job instance at 0x7f8676db3780>,53,20,[1 5],54,63,83,9,56
1,<environment.Job instance at 0x7f8676db3050>,57,18,[5 5],58,79,97,21,68
1,<environment.Job instance at 0x7f8676db30f0>,62,14,[10  1],63,85,99,22,70
1,<environment.Job instance at 0x7f8675ad0870>,28,14,[13  1],29,99,113,70,84
1,<environment.Job instance at 0x7f8676db31e0>,63,18,[3 8],64,113,131,49,102
1,<environment.Job instance at 0x7f8676db3a00>,65,12,[ 5 10],66,131,143,65,114
1,<environment.Job instance at 0x7f8675d04550>,67,16,[1 6],68,114,130,46,114
1,<environment.Job instance at 0x7f8675d045f0>,78,17,[8 4],79,130,147,51,118
1,<environment.Job instance at 0x7f8675d04820>,79,16,[7 2],80,143,159,63,130
1,<environment.Job instance at 0x7f8675d04050>,82,14,[8 5],83,147,161,64,132
1,<environment.Job instance at 0x7f8675d04f00>,84,19,[6 4],85,159,178,74,149
1,<environment.Job instance at 0x7f8675d04910>,85,16,[1 6],86,159,175,73,149
1,<environment.Job instance at 0x7f8675d046e0>,86,14,[1 8],87,175,189,88,160
1,<environment.Job instance at 0x7f86767d2e60>,87,22,[7 2],88,170,192,82,170
1,<environment.Job instance at 0x7f86767d2460>,88,15,[10  1],89,192,207,103,178
1,<environment.Job instance at 0x7f86767d2b90>,93,16,[3 7],94,189,205,95,178
1,<environment.Job instance at 0x7f86767d20a0>,98,14,[1 7],99,192,206,93,178
1,<environment.Job instance at 0x7f86767d2140>,100,13,[5 5],101,206,219,105,190
1,<environment.Job instance at 0x7f86767d2eb0>,102,19,[2 6],103,207,226,104,197
1,<environment.Job instance at 0x7f8676e0b230>,106,18,[2 5],107,219,237,112,208
1,<environment.Job instance at 0x7f8676e0b5a0>,111,18,[3 9],112,226,244,114,215
1,<environment.Job instance at 0x7f8676e0b4b0>,113,16,[1 7],114,244,260,130,231
1,<environment.Job instance at 0x7f8676e0baa0>,117,17,[5 7],118,244,261,126,232
1,<environment.Job instance at 0x7f8676e0b820>,118,17,[6 2],119,260,277,141,248
1,<environment.Job instance at 0x7f8675ad0dc0>,17,22,[5 7],18,261,283,243,256
1,<environment.Job instance at 0x7f8675b009b0>,1,24,[14  3],2,283,307,281,279
1,<environment.Job instance at 0x7f8675ad0370>,19,26,[3 8],20,4547,4573,4527,4547
1,<environment.Job instance at 0x7f86769252d0>,1,15,[8 2],2,2,17,0,2
1,<environment.Job instance at 0x7f86769255a0>,5,16,[10  3],6,17,33,11,6
1,<environment.Job instance at 0x7f8676925190>,12,20,[5 3],13,15,35,2,15
1,<environment.Job instance at 0x7f8676925960>,0,15,[14  3],1,35,50,34,21
1,<environment.Job instance at 0x7f8676925aa0>,18,13,[14  2],19,50,63,31,35
1,<environment.Job instance at 0x7f8675f2c230>,19,13,[ 4 14],20,63,76,43,49
1,<environment.Job instance at 0x7f8676925910>,9,17,[9 4],10,76,93,66,65
1,<environment.Job instance at 0x7f8675f2cbe0>,21,16,[4 6],22,76,92,54,70
1,<environment.Job instance at 0x7f8675f2c8c0>,22,15,[5 1],23,92,107,69,78
1,<environment.Job instance at 0x7f8675f2ceb0>,32,15,[3 7],33,93,108,60,79
1,<environment.Job instance at 0x7f86757013c0>,35,19,[2 5],36,93,112,57,83
1,<environment.Job instance at 0x7f8675701a50>,37,16,[8 4],38,108,124,70,95
1,<environment.Job instance at 0x7f8676193d20>,54,14,[3 7],55,112,126,57,97
1,<environment.Job instance at 0x7f8676193280>,64,18,[5 6],65,124,142,59,113
1,<environment.Job instance at 0x7f8676193960>,68,22,[7 1],69,124,146,55,117
1,<environment.Job instance at 0x7f8676193a50>,70,20,[3 8],71,126,146,55,117
1,<environment.Job instance at 0x7f86757d3690>,72,13,[3 9],73,146,159,73,130
1,<environment.Job instance at 0x7f86757d33c0>,74,19,[8 2],75,146,165,71,136
1,<environment.Job instance at 0x7f86757d35f0>,78,17,[1 5],79,159,176,80,147
1,<environment.Job instance at 0x7f86757d37d0>,81,18,[1 9],82,165,183,83,154
1,<environment.Job instance at 0x7f86757d3280>,83,18,[7 1],84,165,183,81,154
1,<environment.Job instance at 0x7f8675dd6320>,84,19,[7 3],85,176,195,91,166
1,<environment.Job instance at 0x7f8675dd64b0>,85,21,[5 5],86,183,204,97,175
1,<environment.Job instance at 0x7f8675eec1e0>,89,13,[5 8],90,195,208,105,179
1,<environment.Job instance at 0x7f867631b460>,96,22,[4 5],97,204,226,107,197
1,<environment.Job instance at 0x7f8675b5a140>,98,19,[2 5],99,208,227,109,198
1,<environment.Job instance at 0x7f867660adc0>,99,23,[2 5],100,208,231,108,202
1,<environment.Job instance at 0x7f8676572eb0>,100,12,[7 2],101,226,238,125,209
1,<environment.Job instance at 0x7f8675bd54b0>,101,20,[6 1],102,227,247,125,218
1,<environment.Job instance at 0x7f8675df7be0>,106,19,[3 7],107,238,257,131,228
1,<environment.Job instance at 0x7f86759387d0>,109,17,[5 4],110,238,255,128,228
1,<environment.Job instance at 0x7f8675938640>,110,19,[5 8],111,255,274,144,245
1,<environment.Job instance at 0x7f8676072500>,112,19,[8 1],113,257,276,144,247
1,<environment.Job instance at 0x7f86756fe370>,114,13,[6 5],115,274,287,159,258
1,<environment.Job instance at 0x7f867566a6e0>,115,23,[1 6],116,258,281,142,258
1,<environment.Job instance at 0x7f86767622d0>,117,20,[1 7],118,281,301,163,272
1,<environment.Job instance at 0x7f8676925280>,13,18,[ 4 11],14,609,627,595,609
1,<environment.Job instance at 0x7f8676193af0>,69,21,[11  1],70,609,630,539,609
1,<environment.Job instance at 0x7f8675f2c4b0>,20,24,[8 2],21,630,654,609,626
1,<environment.Job instance at 0x7f8675f2c1e0>,2,16,[8 2],3,3,19,0,3
1,<environment.Job instance at 0x7f8675b881e0>,4,14,[4 7],5,5,19,0,5
1,<environment.Job instance at 0x7f867626d1e0>,0,14,[14  5],1,19,33,18,7
1,<environment.Job instance at 0x7f8675b887d0>,15,15,[1 7],16,21,36,5,21
1,<environment.Job instance at 0x7f8675bb1320>,18,21,[1 6],19,33,54,14,25
1,<environment.Job instance at 0x7f8675bb1050>,24,16,[4 9],25,36,52,11,25
1,<environment.Job instance at 0x7f8675bb14b0>,26,14,[5 4],27,52,66,25,37
1,<environment.Job instance at 0x7f8675bb1f50>,27,15,[6 4],28,52,67,24,38
1,<environment.Job instance at 0x7f8675bb1640>,28,20,[7 5],29,66,86,37,57
1,<environment.Job instance at 0x7f8675bb19b0>,34,17,[1 6],35,57,74,22,57
1,<environment.Job instance at 0x7f867623b0f0>,43,12,[5 8],44,74,86,30,57
1,<environment.Job instance at 0x7f8675b88e10>,13,25,[ 1 14],14,86,111,72,82
1,<environment.Job instance at 0x7f867626b410>,87,20,[6 5],88,111,131,23,102
1,<environment.Job instance at 0x7f867626b5f0>,90,15,[5 8],91,111,126,20,102
1,<environment.Job instance at 0x7f867626bc80>,93,16,[2 8],94,126,142,32,113
1,<environment.Job instance at 0x7f8676a910f0>,107,16,[5 1],108,126,142,18,119
1,<environment.Job instance at 0x7f8675f3cc80>,2,16,[ 3 10],3,3,19,0,3
1,<environment.Job instance at 0x7f8675f3c6e0>,3,13,[3 9],4,19,32,15,4
1,<environment.Job instance at 0x7f8675f3c5f0>,10,14,[9 2],11,11,25,0,11
1,<environment.Job instance at 0x7f8675f3cd20>,17,15,[3 8],18,32,47,14,18
1,<environment.Job instance at 0x7f867614f4b0>,21,27,[6 4],22,26,53,4,26
1,<environment.Job instance at 0x7f867614fc30>,24,20,[4 5],25,47,67,22,38
1,<environment.Job instance at 0x7f867614ffa0>,26,14,[2 6],27,47,61,20,38
1,<environment.Job instance at 0x7f867614f820>,28,12,[6 5],29,61,73,32,44
1,<environment.Job instance at 0x7f8675efbd70>,35,12,[8 5],36,67,79,31,50
1,<environment.Job instance at 0x7f8675efbc30>,40,12,[2 5],41,73,85,32,56
1,<environment.Job instance at 0x7f86758f3730>,45,14,[8 5],46,79,93,33,64
1,<environment.Job instance at 0x7f867f53ad70>,48,20,[6 3],49,85,105,36,76
1,<environment.Job instance at 0x7f867614f730>,25,18,[4 6],26,93,111,67,85
1,<environment.Job instance at 0x7f867f53aa50>,49,21,[3 6],50,93,114,43,85
1,<environment.Job instance at 0x7f867f53a8c0>,57,19,[8 4],58,111,130,53,101
1,<environment.Job instance at 0x7f8675c85af0>,58,12,[7 5],59,114,126,55,101
1,<environment.Job instance at 0x7f8675c85140>,59,20,[3 9],60,126,146,66,117
1,<environment.Job instance at 0x7f8675c85b40>,60,18,[9 3],61,130,148,69,119
1,<environment.Job instance at 0x7f8675c85c30>,61,17,[9 4],62,148,165,86,136
1,<environment.Job instance at 0x7f8675c85230>,66,17,[4 8],67,146,163,79,136
1,<environment.Job instance at 0x7f8675c854b0>,67,14,[5 6],68,163,177,95,148
1,<environment.Job instance at 0x7f8675c85960>,68,16,[8 4],69,165,181,96,152
1,<environment.Job instance at 0x7f867f53aaf0>,50,17,[ 5 13],51,181,198,130,171
1,<environment.Job instance at 0x7f8675c85410>,72,26,[ 1 10],73,198,224,125,195
1,<environment.Job instance at 0x7f8675c85280>,73,26,[4 8],74,224,250,150,221
1,<environment.Job instance at 0x7f8675c85a50>,74,13,[10  1],75,221,234,146,221
1,<environment.Job instance at 0x7f8676148640>,75,21,[8 5],76,234,255,158,226
1,<environment.Job instance at 0x7f8676148460>,76,15,[ 4 12],77,255,270,178,242
1,<environment.Job instance at 0x7f8676148dc0>,77,13,[7 1],78,250,263,172,242
1,<environment.Job instance at 0x7f8675c850a0>,71,21,[9 3],72,263,284,191,255
1,<environment.Job instance at 0x7f8676148960>,80,12,[3 8],81,270,282,189,255
1,<environment.Job instance at 0x7f8676148af0>,82,15,[5 6],83,282,297,199,268
1,<environment.Job instance at 0x7f8676148690>,85,17,[5 8],86,284,301,198,272
1,<environment.Job instance at 0x7f8676148f50>,87,12,[8 5],88,297,309,209,280
1,<environment.Job instance at 0x7f8676148370>,88,18,[3 6],89,301,319,212,290
1,<environment.Job instance at 0x7f8676148870>,90,21,[5 3],91,309,330,218,301
1,<environment.Job instance at 0x7f8676c2caf0>,95,17,[8 3],96,319,336,223,307
1,<environment.Job instance at 0x7f8676c2c870>,97,12,[7 2],98,330,342,232,313
1,<environment.Job instance at 0x7f8676c2c910>,99,16,[3 5],100,336,352,236,323
1,<environment.Job instance at 0x7f8676c2c690>,105,15,[1 8],106,336,351,230,323
1,<environment.Job instance at 0x7f8676de97d0>,111,13,[5 8],112,351,364,239,335
1,<environment.Job instance at 0x7f867619ec30>,112,16,[5 2],113,342,358,229,335
1,<environment.Job instance at 0x7f8676c2c3c0>,113,20,[5 4],114,352,372,238,343
1,<environment.Job instance at 0x7f8676c0c410>,115,12,[7 5],116,364,376,248,347
1,<environment.Job instance at 0x7f8676c0c820>,116,14,[7 5],117,372,386,255,357
1,<environment.Job instance at 0x7f867614f370>,20,22,[2 8],21,376,398,355,376
1,<environment.Job instance at 0x7f8675f3ce60>,18,14,[4 9],19,398,412,379,384
1,<environment.Job instance at 0x7f8675f289b0>,0,17,[13  4],1,412,429,411,400
1,<environment.Job instance at 0x7f86764cbc80>,0,12,[11  1],1,1,13,0,1
1,<environment.Job instance at 0x7f86764cb870>,1,27,[4 9],2,2,29,0,2
1,<environment.Job instance at 0x7f86764cb6e0>,7,14,[8 1],8,13,27,5,10
1,<environment.Job instance at 0x7f86764cb500>,9,27,[ 1 12],10,29,56,19,27
1,<environment.Job instance at 0x7f86764cbcd0>,12,12,[7 3],13,27,39,14,27
1,<environment.Job instance at 0x7f8675fffcd0>,11,19,[9 1],12,42,61,30,42
1,<environment.Job instance at 0x7f8675fffaa0>,17,17,[5 9],18,56,73,38,44
1,<environment.Job instance at 0x7f86764c85a0>,18,18,[1 8],19,73,91,54,62
1,<environment.Job instance at 0x7f86764c8370>,19,20,[9 1],20,73,93,53,73
1,<environment.Job instance at 0x7f86764c8640>,22,14,[8 4],23,93,107,70,78
1,<environment.Job instance at 0x7f86764c85f0>,23,19,[ 2 10],24,91,110,67,81
1,<environment.Job instance at 0x7f86760e03c0>,26,14,[9 3],27,107,121,80,92
1,<environment.Job instance at 0x7f86760dea50>,31,13,[4 5],32,110,123,78,94
1,<environment.Job instance at 0x7f86760dee60>,33,14,[8 4],34,121,135,87,106
1,<environment.Job instance at 0x7f86760deb90>,34,22,[1 8],35,123,145,88,116
1,<environment.Job instance at 0x7f86764c4690>,37,20,[5 4],38,135,155,97,126
1,<environment.Job instance at 0x7f86764c4c30>,39,16,[9 4],40,145,161,105,132
1,<environment.Job instance at 0x7f86764c4d20>,40,23,[6 4],41,155,178,114,149
1,<environment.Job instance at 0x7f86764c4c80>,41,17,[5 5],42,161,178,119,149
1,<environment.Job instance at 0x7f86755caeb0>,43,13,[ 2 10],44,178,191,134,162
1,<environment.Job instance at 0x7f86755caf00>,46,13,[6 5],47,178,191,131,162
1,<environment.Job instance at 0x7f86768addc0>,50,18,[ 1 10],51,191,209,140,180
1,<environment.Job instance at 0x7f8676c6feb0>,52,21,[7 4],53,191,212,138,183
1,<environment.Job instance at 0x7f8676c6fc30>,53,20,[3 9],54,209,229,155,200
1,<environment.Job instance at 0x7f86763ae500>,56,16,[9 5],57,212,228,155,200
1,<environment.Job instance at 0x7f86755ce8c0>,63,20,[7 3],64,228,248,164,219
1,<environment.Job instance at 0x7f86764cc320>,68,19,[6 4],69,229,248,160,219
1,<environment.Job instance at 0x7f8675ffff50>,13,17,[1 8],14,229,246,215,222
1,<environment.Job instance at 0x7f86762cc690>,69,13,[6 4],70,248,261,178,232
1,<environment.Job instance at 0x7f86765439b0>,71,19,[5 5],72,248,267,176,238
1,<environment.Job instance at 0x7f86768cb730>,72,17,[7 1],73,261,278,188,249
1,<environment.Job instance at 0x7f86764cb140>,3,17,[1 7],4,261,278,257,250
1,<environment.Job instance at 0x7f867595f550>,79,18,[7 3],80,267,285,187,256
1,<environment.Job instance at 0x7f8675a6ba50>,81,18,[1 5],82,278,296,196,267
1,<environment.Job instance at 0x7f8675a398c0>,82,22,[1 6],83,278,300,195,271
1,<environment.Job instance at 0x7f8675e958c0>,85,15,[5 5],86,296,311,210,282
1,<environment.Job instance at 0x7f8675a72690>,95,16,[2 6],96,300,316,204,287
1,<environment.Job instance at 0x7f8675e7da50>,97,17,[5 5],98,311,328,213,299
1,<environment.Job instance at 0x7f86757595a0>,99,12,[6 2],100,299,311,199,299
1,<environment.Job instance at 0x7f8675759a00>,100,15,[1 8],101,316,331,215,302
1,<environment.Job instance at 0x7f8676066550>,78,14,[11  3],79,328,342,249,314
1,<environment.Job instance at 0x7f8675759280>,101,20,[3 8],102,331,351,229,322
1,<environment.Job instance at 0x7f8675759320>,103,12,[10  4],104,342,354,238,325
1,<environment.Job instance at 0x7f8675759aa0>,104,15,[10  4],105,354,369,249,340
1,<environment.Job instance at 0x7f8675759460>,106,22,[2 5],107,351,373,244,344
1,<environment.Job instance at 0x7f867575b190>,108,21,[2 8],109,369,390,260,361
1,<environment.Job instance at 0x7f867575be10>,113,15,[6 2],114,369,384,255,361
1,<environment.Job instance at 0x7f867575baf0>,115,15,[1 5],116,373,388,257,361
1,<environment.Job instance at 0x7f867575bcd0>,118,21,[7 3],119,388,409,269,380
1,<environment.Job instance at 0x7f86764cb0f0>,2,16,[ 4 13],3,409,425,406,396
1,<environment.Job instance at 0x7f86764cb3c0>,8,24,[ 5 11],9,425,449,416,421
1,<environment.Job instance at 0x7f8676d86af0>,1,14,[1 9],2,2,16,0,2
1,<environment.Job instance at 0x7f8676d86960>,2,12,[11  1],3,3,15,0,3
1,<environment.Job instance at 0x7f8676d860a0>,4,13,[5 5],5,15,28,10,5
1,<environment.Job instance at 0x7f8676d86a00>,9,17,[3 5],10,16,33,6,10
1,<environment.Job instance at 0x7f86758079b0>,11,15,[7 1],12,15,30,3,12
1,<environment.Job instance at 0x7f8675807960>,17,17,[ 2 10],18,30,47,12,18
1,<environment.Job instance at 0x7f8676d86d70>,13,12,[8 4],14,33,45,19,19
1,<environment.Job instance at 0x7f86758078c0>,19,16,[ 1 10],20,47,63,27,36
1,<environment.Job instance at 0x7f8676d86c80>,3,22,[10  4],4,45,67,41,40
1,<environment.Job instance at 0x7f86758077d0>,22,27,[4 8],23,63,90,40,61
1,<environment.Job instance at 0x7f8675807b40>,23,17,[ 2 12],24,90,107,66,79
1,<environment.Job instance at 0x7f8675807230>,25,15,[12  3],26,90,105,64,79
1,<environment.Job instance at 0x7f86758071e0>,26,20,[1 7],27,107,127,80,98
1,<environment.Job instance at 0x7f8675807370>,27,18,[9 3],28,105,123,77,101
1,<environment.Job instance at 0x7f8675807d70>,20,22,[3 5],21,107,129,86,101
1,<environment.Job instance at 0x7f8675807a00>,29,14,[6 2],30,123,137,93,108
1,<environment.Job instance at 0x7f8675807280>,28,16,[3 8],29,127,143,98,114
1,<environment.Job instance at 0x7f8675dfb730>,31,28,[1 7],32,137,165,105,136
1,<environment.Job instance at 0x7f8675dfbeb0>,32,14,[4 7],33,143,157,110,136
1,<environment.Job instance at 0x7f8675dfbe10>,33,14,[ 1 13],34,165,179,131,150
1,<environment.Job instance at 0x7f8675807a50>,21,27,[ 3 13],22,179,206,157,177
1,<environment.Job instance at 0x7f8675dfbb90>,37,14,[5 6],38,206,220,168,191
1,<environment.Job instance at 0x7f8675e08280>,54,19,[2 9],55,206,225,151,205
1,<environment.Job instance at 0x7f8675e081e0>,55,18,[9 3],56,220,238,164,210
1,<environment.Job instance at 0x7f8675e08aa0>,56,14,[5 5],57,225,239,168,210
1,<environment.Job instance at 0x7f8675dfbaa0>,35,13,[13  5],36,239,252,203,223
1,<environment.Job instance at 0x7f8675e08370>,60,14,[13  5],61,252,266,191,240
1,<environment.Job instance at 0x7f8675e08910>,59,20,[5 7],60,266,286,206,257
1,<environment.Job instance at 0x7f8675e08f00>,62,18,[7 1],63,266,284,203,257
1,<environment.Job instance at 0x7f867558baf0>,71,12,[2 8],72,284,296,212,268
1,<environment.Job instance at 0x7f867558b190>,73,14,[3 7],74,268,282,194,268
1,<environment.Job instance at 0x7f867558bb40>,76,15,[5 5],77,286,301,209,272
1,<environment.Job instance at 0x7f867558b230>,80,20,[8 4],81,296,316,215,287
1,<environment.Job instance at 0x7f867558b280>,82,21,[10  4],83,316,337,233,308
1,<environment.Job instance at 0x7f8675e5c2d0>,85,15,[5 6],86,308,323,222,308
1,<environment.Job instance at 0x7f8675e5c8c0>,93,19,[1 5],94,323,342,229,313
1,<environment.Job instance at 0x7f8675e5cb40>,94,14,[2 5],95,323,337,228,313
1,<environment.Job instance at 0x7f8675e5c6e0>,97,18,[5 1],98,337,355,239,326
1,<environment.Job instance at 0x7f8675e5c050>,98,15,[2 8],99,337,352,238,326
1,<environment.Job instance at 0x7f8675e4d9b0>,101,19,[5 4],102,342,361,240,332
1,<environment.Job instance at 0x7f867581fe60>,112,16,[1 7],113,352,368,239,339
1,<environment.Job instance at 0x7f867581fb40>,116,20,[1 7],117,361,381,244,352
1,<environment.Job instance at 0x7f8675e08e60>,61,18,[12  5],62,368,386,306,357
1,<environment.Job instance at 0x7f8675dfb2d0>,34,23,[3 9],35,381,404,346,375
1,<environment.Job instance at 0x7f8676d86870>,0,27,[ 2 12],1,404,431,403,402
1,<environment.Job instance at 0x7f8675e56780>,1,17,[7 5],2,2,19,0,2
1,<environment.Job instance at 0x7f867579f2d0>,4,19,[5 3],5,5,24,0,5
1,<environment.Job instance at 0x7f867579f4b0>,8,14,[5 5],9,19,33,10,9
1,<environment.Job instance at 0x7f867579f550>,9,14,[10  5],10,24,38,14,10
1,<environment.Job instance at 0x7f867579f6e0>,13,18,[12  2],14,38,56,24,27
1,<environment.Job instance at 0x7f867579f9b0>,14,28,[ 1 13],15,38,66,23,37
1,<environment.Job instance at 0x7f867579fa50>,15,19,[5 4],16,66,85,50,56
1,<environment.Job instance at 0x7f867579faf0>,16,21,[ 3 10],17,66,87,49,58
1,<environment.Job instance at 0x7f867579fb90>,17,14,[7 1],18,58,72,40,58
1,<environment.Job instance at 0x7f867579f820>,11,20,[6 5],12,85,105,73,77
1,<environment.Job instance at 0x7f867579feb0>,22,18,[4 9],23,90,108,67,90
1,<environment.Job instance at 0x7f867579f960>,25,13,[9 3],26,105,118,79,91
1,<environment.Job instance at 0x7f86757981e0>,27,21,[5 2],28,108,129,80,105
1,<environment.Job instance at 0x7f86757980a0>,28,16,[8 1],29,118,134,89,107
1,<environment.Job instance at 0x7f8675798410>,31,16,[3 8],32,129,145,97,116
1,<environment.Job instance at 0x7f8675798690>,35,17,[3 5],36,129,146,93,117
1,<environment.Job instance at 0x7f8675798730>,36,17,[5 8],37,145,162,108,136
1,<environment.Job instance at 0x7f8675798aa0>,39,12,[3 9],40,162,174,122,145
1,<environment.Job instance at 0x7f8675798be0>,41,19,[5 1],42,145,164,103,145
1,<environment.Job instance at 0x7f8675798e60>,45,14,[1 5],46,146,160,100,145
1,<environment.Job instance at 0x7f8675798f00>,46,17,[1 9],47,174,191,127,162
1,<environment.Job instance at 0x7f8675798dc0>,48,13,[10  1],49,164,177,115,162
1,<environment.Job instance at 0x7f867579fc30>,18,25,[ 2 14],19,191,216,172,187
1,<environment.Job instance at 0x7f867579c500>,55,20,[7 1],56,187,207,131,187
1,<environment.Job instance at 0x7f867579c6e0>,60,19,[7 4],61,216,235,155,206
1,<environment.Job instance at 0x7f867579c9b0>,62,12,[7 3],63,216,228,153,206
1,<environment.Job instance at 0x7f867579ca50>,63,21,[7 2],64,228,249,164,221
1,<environment.Job instance at 0x7f867579caf0>,64,14,[5 5],65,235,249,170,222
1,<environment.Job instance at 0x7f867579c870>,72,13,[2 8],73,235,248,162,222
1,<environment.Job instance at 0x7f8675784550>,82,12,[6 3],83,249,261,166,232
1,<environment.Job instance at 0x7f86758955f0>,88,16,[5 9],89,249,265,160,241
1,<environment.Job instance at 0x7f867579f690>,10,21,[6 3],11,261,282,250,254
1,<environment.Job instance at 0x7f8676ab65a0>,95,26,[1 5],96,265,291,169,262
1,<environment.Job instance at 0x7f8676ab6910>,93,21,[8 2],94,265,286,171,262
1,<environment.Job instance at 0x7f8676ab6410>,97,18,[1 9],98,286,304,188,278
1,<environment.Job instance at 0x7f8675b053c0>,100,20,[1 5],101,291,311,190,283
1,<environment.Job instance at 0x7f86758afaf0>,102,20,[6 5],103,304,324,201,295
1,<environment.Job instance at 0x7f8676aaa550>,110,17,[8 1],111,297,314,186,297
1,<environment.Job instance at 0x7f8676aaa190>,111,12,[2 6],112,314,326,202,297
1,<environment.Job instance at 0x7f8676ab9c30>,112,13,[7 2],113,314,327,201,298
1,<environment.Job instance at 0x7f8675898910>,118,17,[9 5],119,327,344,208,315
1,<environment.Job instance at 0x7f8675baacd0>,0,27,[9 5],1,376,403,375,376
1,<environment.Job instance at 0x7f867579f780>,12,26,[5 9],13,521,547,508,521
1,<environment.Job instance at 0x7f8676ab6dc0>,96,16,[12  3],97,556,572,459,556
1,<environment.Job instance at 0x7f86758dfe60>,1,18,[7 2],2,2,20,0,2
1,<environment.Job instance at 0x7f8675ddd0f0>,4,12,[11  4],5,20,32,15,5
1,<environment.Job instance at 0x7f86769c8410>,8,18,[1 8],9,9,27,0,9
1,<environment.Job instance at 0x7f86769c8e60>,14,13,[ 3 14],15,32,45,17,17
1,<environment.Job instance at 0x7f8676ab6dc0>,13,16,[5 7],14,45,61,31,32
1,<environment.Job instance at 0x7f867625baa0>,17,18,[10  4],18,45,63,27,34
1,<environment.Job instance at 0x7f86769c8140>,16,15,[1 9],17,61,76,44,47
1,<environment.Job instance at 0x7f867625b640>,19,12,[ 1 14],20,76,88,56,59
1,<environment.Job instance at 0x7f867625b550>,20,27,[11  1],21,63,90,42,61
1,<environment.Job instance at 0x7f86769c85f0>,15,23,[4 8],16,88,111,72,85
1,<environment.Job instance at 0x7f867625beb0>,23,13,[6 5],24,90,103,66,85
1,<environment.Job instance at 0x7f867625b4b0>,21,20,[5 3],22,103,123,81,95
1,<environment.Job instance at 0x7f867625b320>,22,25,[11  1],23,123,148,100,119
1,<environment.Job instance at 0x7f867625ba00>,25,16,[ 2 10],26,131,147,105,131
1,<environment.Job instance at 0x7f867625be60>,24,16,[10  2],25,148,164,123,135
1,<environment.Job instance at 0x7f867625bc30>,31,13,[12  2],32,164,177,132,148
1,<environment.Job instance at 0x7f86769c8730>,12,12,[10  3],13,177,189,164,160
1,<environment.Job instance at 0x7f867625b3c0>,33,17,[ 1 11],34,160,177,126,160
1,<environment.Job instance at 0x7f8675735370>,34,17,[1 7],35,177,194,142,165
1,<environment.Job instance at 0x7f86757351e0>,35,13,[8 2],36,189,202,153,173
1,<environment.Job instance at 0x7f867625b730>,30,19,[4 9],31,194,213,163,186
1,<environment.Job instance at 0x7f8676b850f0>,53,16,[2 5],54,202,218,148,189
1,<environment.Job instance at 0x7f8676b85640>,54,17,[9 4],55,213,230,158,201
1,<environment.Job instance at 0x7f8676b85dc0>,56,16,[2 6],57,213,229,156,201
1,<environment.Job instance at 0x7f8676b85f00>,57,17,[1 7],58,229,246,171,218
1,<environment.Job instance at 0x7f8676b85c80>,60,12,[5 5],61,230,242,169,218
1,<environment.Job instance at 0x7f8675735910>,36,15,[14  2],37,242,257,205,228
1,<environment.Job instance at 0x7f8676b85e10>,61,15,[1 8],62,246,261,184,232
1,<environment.Job instance at 0x7f8675b8ec30>,64,12,[4 7],65,257,269,192,240
1,<environment.Job instance at 0x7f8676b85aa0>,62,20,[4 7],63,261,281,198,254
1,<environment.Job instance at 0x7f8675b8e050>,71,20,[1 6],72,269,289,197,262
1,<environment.Job instance at 0x7f8675b8ee60>,72,18,[3 8],73,281,299,208,271
1,<environment.Job instance at 0x7f8676128780>,79,15,[4 7],80,289,304,209,275
1,<environment.Job instance at 0x7f86758d40a0>,89,17,[7 1],90,299,316,209,287
1,<environment.Job instance at 0x7f86758d4e60>,97,12,[7 3],98,304,316,206,288
1,<environment.Job instance at 0x7f86758d4500>,98,13,[10  5],99,316,329,217,300
1,<environment.Job instance at 0x7f86758d4780>,101,17,[8 5],102,329,346,227,317
1,<environment.Job instance at 0x7f86758d4820>,102,12,[2 5],103,320,332,217,320
1,<environment.Job instance at 0x7f86758d46e0>,103,12,[5 5],104,329,341,225,320
1,<environment.Job instance at 0x7f86758d4460>,104,13,[1 9],105,341,354,236,326
1,<environment.Job instance at 0x7f867625b280>,32,20,[7 4],33,346,366,313,338
1,<environment.Job instance at 0x7f8676ad9be0>,0,23,[6 2],1,350,373,349,350
1,<environment.Job instance at 0x7f8675df47d0>,107,12,[3 7],108,366,378,258,350
1,<environment.Job instance at 0x7f86758d4d70>,105,20,[9 3],106,373,393,267,364
1,<environment.Job instance at 0x7f8675df4870>,113,12,[1 5],114,364,376,250,364
1,<environment.Job instance at 0x7f8675df4550>,108,16,[ 1 12],109,378,394,269,368
1,<environment.Job instance at 0x7f867625baf0>,26,21,[ 3 14],27,394,415,367,387
1,<environment.Job instance at 0x7f8675b8e460>,70,16,[13  2],71,415,431,344,405
1,<environment.Job instance at 0x7f8675ef9e10>,0,14,[4 9],1,1,15,0,1
1,<environment.Job instance at 0x7f867634e780>,3,21,[8 2],4,5,26,1,5
1,<environment.Job instance at 0x7f8675caf050>,7,12,[5 4],8,15,27,7,8
1,<environment.Job instance at 0x7f867620a460>,9,12,[2 5],10,15,27,5,10
1,<environment.Job instance at 0x7f867620acd0>,11,16,[3 8],12,27,43,15,15
1,<environment.Job instance at 0x7f867620a870>,15,23,[2 6],16,26,49,10,20
1,<environment.Job instance at 0x7f867620ae60>,12,16,[4 5],13,43,59,30,30
1,<environment.Job instance at 0x7f867620faf0>,1,24,[4 7],2,49,73,47,44
1,<environment.Job instance at 0x7f867670fbe0>,21,26,[4 9],22,73,99,51,70
1,<environment.Job instance at 0x7f867670fd70>,22,18,[ 4 10],23,99,117,76,88
1,<environment.Job instance at 0x7f867670f050>,23,13,[5 2],24,88,101,64,88
1,<environment.Job instance at 0x7f867670ff00>,20,14,[2 5],21,101,115,80,88
1,<environment.Job instance at 0x7f8675ef7e10>,29,16,[5 7],30,117,133,87,104
1,<environment.Job instance at 0x7f8675ef7780>,30,14,[8 1],31,115,129,84,110
1,<environment.Job instance at 0x7f86763700f0>,34,15,[5 1],35,129,144,94,115
1,<environment.Job instance at 0x7f8676370eb0>,36,16,[10  5],37,133,149,96,120
1,<environment.Job instance at 0x7f8676370dc0>,39,15,[4 7],40,144,159,104,130
1,<environment.Job instance at 0x7f8676212550>,43,15,[5 5],44,149,164,105,135
1,<environment.Job instance at 0x7f8676212500>,45,19,[5 4],46,159,178,113,149
1,<environment.Job instance at 0x7f8676212410>,46,12,[9 4],47,164,176,117,149
1,<environment.Job instance at 0x7f8676212d20>,47,12,[4 7],48,176,188,128,159
1,<environment.Job instance at 0x7f8675849f00>,49,18,[4 8],50,178,196,128,167
1,<environment.Job instance at 0x7f86769ff460>,68,20,[8 5],69,188,208,119,179
1,<environment.Job instance at 0x7f86765bf500>,69,20,[7 1],70,196,216,126,187
1,<environment.Job instance at 0x7f8675a6f550>,72,15,[4 8],73,208,223,135,194
1,<environment.Job instance at 0x7f8675a6f0a0>,73,17,[5 6],74,216,233,142,204
1,<environment.Job instance at 0x7f8675a6f280>,80,18,[5 3],81,223,241,142,212
1,<environment.Job instance at 0x7f8675a2f820>,81,17,[7 5],82,233,250,151,221
1,<environment.Job instance at 0x7f8675a2fc30>,82,14,[9 2],83,250,264,167,235
1,<environment.Job instance at 0x7f8675a2ff50>,83,20,[4 7],84,241,261,157,235
1,<environment.Job instance at 0x7f867621f410>,84,13,[7 2],85,264,277,179,248
1,<environment.Job instance at 0x7f867670f8c0>,24,15,[ 1 13],25,261,276,236,253
1,<environment.Job instance at 0x7f867620a280>,13,24,[ 4 14],14,277,301,263,272
1,<environment.Job instance at 0x7f867621f050>,87,12,[6 4],88,301,313,213,287
1,<environment.Job instance at 0x7f867621f7d0>,86,27,[2 7],87,301,328,214,299
1,<environment.Job instance at 0x7f86759e49b0>,95,17,[ 4 11],96,328,345,232,316
1,<environment.Job instance at 0x7f86759e4b40>,96,28,[4 5],97,345,373,248,344
1,<environment.Job instance at 0x7f86762225a0>,97,14,[11  1],98,344,358,246,344
1,<environment.Job instance at 0x7f8676222280>,98,12,[ 3 12],99,373,385,274,356
1,<environment.Job instance at 0x7f8675fd08c0>,99,14,[3 7],100,358,372,258,356
1,<environment.Job instance at 0x7f8676222d70>,100,19,[ 5 14],101,385,404,284,375
1,<environment.Job instance at 0x7f8675fd0820>,101,12,[4 7],102,404,416,302,387
1,<environment.Job instance at 0x7f867621fb90>,93,16,[6 1],94,387,403,293,387
1,<environment.Job instance at 0x7f867568a050>,104,15,[4 8],105,404,419,299,390
1,<environment.Job instance at 0x7f86768bf460>,107,18,[5 6],108,416,434,308,405
1,<environment.Job instance at 0x7f86768bfb40>,108,13,[8 2],109,419,432,310,405
1,<environment.Job instance at 0x7f86768bf2d0>,110,14,[4 7],111,432,446,321,417
1,<environment.Job instance at 0x7f8676cb55a0>,112,12,[6 5],113,434,446,321,417
1,<environment.Job instance at 0x7f8676cb58c0>,116,17,[4 6],117,446,463,329,434
1,<environment.Job instance at 0x7f8675b6bfa0>,118,13,[5 1],119,434,447,315,434
1,<environment.Job instance at 0x7f867568a870>,102,22,[14  4],103,463,485,360,456
1,<environment.Job instance at 0x7f867567f550>,0,19,[ 5 10],1,1,20,0,1
1,<environment.Job instance at 0x7f86763df0f0>,4,14,[5 4],5,6,20,1,6
1,<environment.Job instance at 0x7f867f539640>,7,12,[6 3],8,20,32,12,8
1,<environment.Job instance at 0x7f867567f690>,1,16,[ 3 10],2,20,36,18,8
1,<environment.Job instance at 0x7f867fa8d190>,13,12,[7 4],14,32,44,18,15
1,<environment.Job instance at 0x7f86763fe460>,15,22,[6 5],16,36,58,20,30
1,<environment.Job instance at 0x7f867fa8dcd0>,16,12,[2 9],17,44,56,27,30
1,<environment.Job instance at 0x7f86763e3230>,5,16,[5 9],6,56,72,50,43
1,<environment.Job instance at 0x7f8675d1c690>,19,18,[1 7],20,72,90,52,61
1,<environment.Job instance at 0x7f8676e03f50>,22,20,[1 8],23,72,92,49,63
1,<environment.Job instance at 0x7f8675d76780>,26,21,[2 5],27,90,111,63,82
1,<environment.Job instance at 0x7f8676cf3af0>,28,20,[5 4],29,92,112,63,83
1,<environment.Job instance at 0x7f867f912140>,29,20,[5 8],30,111,131,81,102
1,<environment.Job instance at 0x7f867f912cd0>,30,22,[7 5],31,112,134,81,105
1,<environment.Job instance at 0x7f867639c280>,39,12,[10  1],40,134,146,94,117
1,<environment.Job instance at 0x7f86765805f0>,45,12,[3 8],46,131,143,85,117
1,<environment.Job instance at 0x7f8675d1cd70>,20,21,[1 9],21,143,164,122,135
1,<environment.Job instance at 0x7f867658a0f0>,48,26,[5 4],49,150,176,101,150
1,<environment.Job instance at 0x7f867658ab90>,49,19,[2 5],50,164,183,114,154
1,<environment.Job instance at 0x7f867657bd70>,50,15,[13  3],51,176,191,125,162
1,<environment.Job instance at 0x7f867657bcd0>,51,12,[3 7],52,191,203,139,174
1,<environment.Job instance at 0x7f867658aa00>,47,21,[5 8],48,191,212,143,189
1,<environment.Job instance at 0x7f867657b2d0>,54,20,[8 2],55,203,223,148,197
1,<environment.Job instance at 0x7f867657bc80>,52,17,[ 1 13],53,212,229,159,200
1,<environment.Job instance at 0x7f867fa8dd70>,14,25,[3 9],15,229,254,214,225
1,<environment.Job instance at 0x7f867656d280>,59,15,[9 5],60,229,244,169,227
1,<environment.Job instance at 0x7f8676ce58c0>,58,27,[12  2],59,244,271,185,244
1,<environment.Job instance at 0x7f867656d910>,61,17,[4 8],62,271,288,209,259
1,<environment.Job instance at 0x7f867657e050>,62,16,[14  3],63,288,304,225,275
1,<environment.Job instance at 0x7f867657e500>,65,22,[2 6],66,304,326,238,297
1,<environment.Job instance at 0x7f867657ebe0>,69,20,[6 4],70,304,324,234,297
1,<environment.Job instance at 0x7f867658f820>,74,16,[6 5],75,304,320,229,297
1,<environment.Job instance at 0x7f867658f960>,76,21,[5 8],77,324,345,247,316
1,<environment.Job instance at 0x7f867658fa00>,77,19,[3 7],78,326,345,248,317
1,<environment.Job instance at 0x7f867658fb40>,79,12,[10  2],80,345,357,265,328
1,<environment.Job instance at 0x7f867658fc80>,81,18,[ 1 10],82,345,363,263,338
1,<environment.Job instance at 0x7f867658fe10>,85,16,[7 4],86,357,373,271,344
1,<environment.Job instance at 0x7f867697f1e0>,88,14,[10  4],89,373,387,284,358
1,<environment.Job instance at 0x7f867657e8c0>,66,25,[2 9],67,363,388,296,359
1,<environment.Job instance at 0x7f867697f320>,90,17,[ 2 10],91,388,405,297,376
1,<environment.Job instance at 0x7f867697f960>,101,14,[6 5],102,387,401,285,376
1,<environment.Job instance at 0x7f867697fb90>,102,21,[6 3],103,401,422,298,393
1,<environment.Job instance at 0x7f867697fbe0>,103,17,[10  2],104,422,439,318,410
1,<environment.Job instance at 0x7f867697faf0>,104,18,[6 5],105,439,457,334,428
1,<environment.Job instance at 0x7f867697fe10>,105,16,[6 1],106,439,455,333,428
1,<environment.Job instance at 0x7f867697faa0>,106,14,[10  5],107,457,471,350,442
1,<environment.Job instance at 0x7f867697fcd0>,108,13,[1 6],109,442,455,333,442
1,<environment.Job instance at 0x7f867697f050>,91,18,[2 9],92,455,473,363,444
1,<environment.Job instance at 0x7f86769890a0>,112,15,[ 3 14],113,473,488,360,459
1,<environment.Job instance at 0x7f86769893c0>,116,16,[ 3 10],117,488,504,371,475
1,<environment.Job instance at 0x7f86769896e0>,117,18,[7 2],118,488,506,370,477
1,<environment.Job instance at 0x7f86769894b0>,118,13,[1 8],119,504,517,385,496
1,<environment.Job instance at 0x7f867656d870>,60,25,[ 4 12],61,669,694,608,669
1,<environment.Job instance at 0x7f867f539c30>,10,13,[6 1],11,669,682,658,669
1,<environment.Job instance at 0x7f0d24376320>,1,15,[5 2],2,2,17,0,2
1,<environment.Job instance at 0x7f0d1ad8ab90>,5,18,[7 5],6,6,24,0,6
1,<environment.Job instance at 0x7f0d1ad8adc0>,7,12,[7 2],8,17,29,9,8
1,<environment.Job instance at 0x7f0d1ad8d0f0>,11,14,[10  4],12,29,43,17,14
1,<environment.Job instance at 0x7f0d1ad8ad20>,12,22,[4 6],13,24,46,11,17
1,<environment.Job instance at 0x7f0d1ad8d500>,18,18,[3 6],19,43,61,24,32
1,<environment.Job instance at 0x7f0d1ad8d730>,20,18,[7 5],21,46,64,25,35
1,<environment.Job instance at 0x7f0d1ad8d910>,23,18,[7 4],24,61,79,37,50
1,<environment.Job instance at 0x7f0d1ad8d4b0>,19,21,[14  4],20,79,100,59,71
1,<environment.Job instance at 0x7f0d1ad8db90>,27,25,[14  4],28,100,125,72,96
1,<environment.Job instance at 0x7f0d1ad8daf0>,26,20,[4 8],27,125,145,98,116
1,<environment.Job instance at 0x7f0d1ad8d6e0>,30,15,[8 2],31,125,140,94,116
1,<environment.Job instance at 0x7f0d1ad8de60>,31,13,[4 5],32,140,153,108,124
1,<environment.Job instance at 0x7f0d1ad8dfa0>,33,16,[9 3],34,145,161,111,132
1,<environment.Job instance at 0x7f0d1ad8d5a0>,34,20,[5 3],35,153,173,118,144
1,<environment.Job instance at 0x7f0d1ad914b0>,39,13,[5 4],40,161,174,121,145
1,<environment.Job instance at 0x7f0d1ad91730>,43,14,[6 1],44,173,187,129,158
1,<environment.Job instance at 0x7f0d1ad917d0>,44,14,[8 4],45,174,188,129,159
1,<environment.Job instance at 0x7f0d1ad91960>,47,16,[6 2],48,187,203,139,174
1,<environment.Job instance at 0x7f0d1ad91e60>,55,15,[6 2],56,188,203,132,174
1,<environment.Job instance at 0x7f0d1ad93640>,67,13,[3 5],68,188,201,120,181
1,<environment.Job instance at 0x7f0d1ad8dc30>,28,20,[5 8],29,203,223,174,196
1,<environment.Job instance at 0x7f0d1ad93a50>,71,13,[7 2],72,203,216,131,196
1,<environment.Job instance at 0x7f0d1ad93a00>,72,18,[5 5],73,216,234,143,205
1,<environment.Job instance at 0x7f0d1ad93b90>,75,19,[8 3],76,223,242,147,213
1,<environment.Job instance at 0x7f0d1ad93cd0>,77,19,[14  1],78,242,261,164,232
1,<environment.Job instance at 0x7f0d1ad93d70>,78,13,[1 5],79,232,245,153,232
1,<environment.Job instance at 0x7f0d1ad93e10>,79,15,[4 7],80,261,276,181,247
1,<environment.Job instance at 0x7f0d1ad93eb0>,80,19,[8 4],81,261,280,180,251
1,<environment.Job instance at 0x7f0d1ad93c30>,76,18,[ 2 10],77,276,294,199,265
1,<environment.Job instance at 0x7f0d1ad96370>,87,17,[7 4],88,280,297,192,268
1,<environment.Job instance at 0x7f0d1ad96aa0>,98,20,[10  4],99,297,317,198,288
1,<environment.Job instance at 0x7f0d1ad96af0>,99,14,[6 1],100,317,331,217,302
1,<environment.Job instance at 0x7f0d1ad96eb0>,107,17,[5 6],108,303,320,195,303
1,<environment.Job instance at 0x7f0d1ad99230>,110,15,[2 6],111,317,332,206,303
1,<environment.Job instance at 0x7f0d1ad994b0>,114,20,[5 7],115,320,340,205,311
1,<environment.Job instance at 0x7f0d1ad997d0>,117,21,[1 6],118,332,353,214,324
1,<environment.Job instance at 0x7f0d1ad999b0>,119,14,[9 1],120,332,346,212,324
1,<environment.Job instance at 0x7f0d1ad99a50>,120,15,[9 2],121,346,361,225,332
1,<environment.Job instance at 0x7f0d1ad99c30>,123,16,[1 8],124,353,369,229,340
1,<environment.Job instance at 0x7f0d1ad930f0>,81,17,[2 7],82,361,378,279,351
1,<environment.Job instance at 0x7f0d243a1b90>,128,19,[1 9],129,476,495,347,476
1,<environment.Job instance at 0x7f0d24376230>,0,24,[2 8],1,812,836,811,812
1,<environment.Job instance at 0x7f0d1ad8d280>,13,27,[3 8],14,1819,1846,1805,1819
1,<environment.Job instance at 0x7f0d1ad8afa0>,9,17,[8 1],10,1821,1838,1811,1821
1,<environment.Job instance at 0x7f0d1ad1f4b0>,0,21,[4 6],1,1,22,0,1
1,<environment.Job instance at 0x7f0d1a4cb780>,1,27,[4 8],2,2,29,0,2
1,<environment.Job instance at 0x7f0d1a4d6cd0>,12,18,[10  5],13,22,40,9,13
1,<environment.Job instance at 0x7f0d1a4d64b0>,20,15,[6 2],21,40,55,19,26
1,<environment.Job instance at 0x7f0d1a4d7460>,21,15,[6 2],22,40,55,18,26
1,<environment.Job instance at 0x7f0d1a4d48c0>,27,16,[6 2],28,55,71,27,42
1,<environment.Job instance at 0x7f0d1a4cb550>,5,16,[5 2],6,55,71,49,44
1,<environment.Job instance at 0x7f0d1a3a8c30>,52,14,[4 7],53,55,69,2,53
1,<environment.Job instance at 0x7f0d1a4cb5f0>,6,14,[ 3 14],7,71,85,64,69
1,<environment.Job instance at 0x7f0d1ac8e730>,68,17,[10  5],69,85,102,16,73
1,<environment.Job instance at 0x7f0d1a4cb640>,2,27,[5 4],3,85,112,82,83
1,<environment.Job instance at 0x7f0d1a38daf0>,78,17,[10  2],79,102,119,23,90
1,<environment.Job instance at 0x7f0d1a325640>,86,17,[10  4],87,119,136,32,107
1,<environment.Job instance at 0x7f0d1a3c3730>,79,17,[ 5 11],80,112,129,32,107
1,<environment.Job instance at 0x7f0d1a325a00>,90,12,[5 9],91,129,141,38,112
1,<environment.Job instance at 0x7f0d1a325e60>,89,17,[2 8],90,141,158,51,129
1,<environment.Job instance at 0x7f0d1a325780>,92,20,[5 7],93,141,161,48,132
1,<environment.Job instance at 0x7f0d1a4d2c30>,97,15,[5 6],98,158,173,60,144
1,<environment.Job instance at 0x7f0d1a325be0>,91,14,[2 9],92,161,175,69,146
1,<environment.Job instance at 0x7f0d1a389500>,113,18,[8 5],114,173,191,59,162
1,<environment.Job instance at 0x7f0d1a3207d0>,119,21,[6 4],120,175,196,55,167
1,<environment.Job instance at 0x7f0d1a320690>,120,17,[2 6],121,191,208,70,179
1,<environment.Job instance at 0x7f0d1a320b40>,122,17,[8 5],123,196,213,73,184
1,<environment.Job instance at 0x7f0d1a3205f0>,124,19,[10  4],125,213,232,88,203
1,<environment.Job instance at 0x7f0d1a3330f0>,128,17,[1 7],129,208,225,79,203
1,<environment.Job instance at 0x7f0d1a324f50>,108,20,[7 4],109,256,276,147,256
1,<environment.Job instance at 0x7f0d1a4cc050>,43,16,[7 1],44,575,591,531,575
1,<environment.Job instance at 0x7f0d244f0320>,0,12,[6 2],1,1,13,0,1
1,<environment.Job instance at 0x7f0d244f0a50>,1,24,[5 1],2,2,26,0,2
1,<environment.Job instance at 0x7f0d244ec190>,4,12,[1 8],5,6,18,1,6
1,<environment.Job instance at 0x7f0d244e45f0>,8,13,[3 5],9,13,26,4,9
1,<environment.Job instance at 0x7f0d244e4eb0>,12,14,[3 5],13,18,32,5,13
1,<environment.Job instance at 0x7f0d243f6e60>,15,20,[5 5],16,26,46,10,17
1,<environment.Job instance at 0x7f0d1a3a8320>,17,20,[3 7],18,32,52,14,23
1,<environment.Job instance at 0x7f0d1a3a8280>,29,16,[7 2],30,30,46,0,30
1,<environment.Job instance at 0x7f0d1a3a8730>,32,12,[2 7],33,46,58,13,33
1,<environment.Job instance at 0x7f0d244e7d20>,36,18,[7 1],37,46,64,9,37
1,<environment.Job instance at 0x7f0d244e7190>,41,15,[4 8],42,58,73,16,44
1,<environment.Job instance at 0x7f0d2441ed70>,46,14,[5 3],47,64,78,17,49
1,<environment.Job instance at 0x7f0d244e74b0>,47,14,[8 5],48,73,87,25,58
1,<environment.Job instance at 0x7f0d2441e460>,60,14,[7 2],61,78,92,17,66
1,<environment.Job instance at 0x7f0d2441e550>,61,19,[8 2],62,87,106,25,77
1,<environment.Job instance at 0x7f0d244f15f0>,64,16,[8 3],65,106,122,41,93
1,<environment.Job instance at 0x7f0d244f1780>,73,16,[2 8],74,99,115,25,99
1,<environment.Job instance at 0x7f0d244f10a0>,75,13,[2 5],76,115,128,39,99
1,<environment.Job instance at 0x7f0d1a3375a0>,79,19,[1 8],80,122,141,42,112
1,<environment.Job instance at 0x7f0d1a3374b0>,80,12,[4 7],81,128,140,47,112
1,<environment.Job instance at 0x7f0d1a3378c0>,84,20,[7 3],85,140,160,55,131
1,<environment.Job instance at 0x7f0d1a337050>,87,17,[6 3],88,140,157,52,131
1,<environment.Job instance at 0x7f0d1a337eb0>,90,17,[2 8],91,141,158,50,131
1,<environment.Job instance at 0x7f0d1a337410>,96,15,[5 7],97,158,173,61,144
1,<environment.Job instance at 0x7f0d244e2730>,100,17,[5 4],101,160,177,59,148
1,<environment.Job instance at 0x7f0d244e24b0>,103,14,[4 9],104,173,187,69,158
1,<environment.Job instance at 0x7f0d244e27d0>,104,12,[8 2],105,177,189,72,160
1,<environment.Job instance at 0x7f0d1a39d230>,106,18,[8 1],107,189,207,82,178
1,<environment.Job instance at 0x7f0d1a39d1e0>,107,13,[7 5],108,187,200,79,178
1,<environment.Job instance at 0x7f0d1a39d550>,108,13,[1 7],109,200,213,91,184
1,<environment.Job instance at 0x7f0d1a39d500>,112,15,[10  5],113,207,222,94,193
1,<environment.Job instance at 0x7f0d1a39d190>,114,19,[3 9],115,213,232,98,203
1,<environment.Job instance at 0x7f0d1a39dfa0>,118,15,[4 9],119,232,247,113,218
1,<environment.Job instance at 0x7f0d1a39de10>,120,14,[3 6],121,222,236,101,218
1,<environment.Job instance at 0x7f0d1a39d7d0>,123,21,[8 2],124,236,257,112,228
1,<environment.Job instance at 0x7f0d2455da00>,125,12,[9 3],126,257,269,131,240
1,<environment.Job instance at 0x7f0d244ec690>,2,23,[ 1 13],3,331,354,328,331
1,<environment.Job instance at 0x7f0d1a4cb0f0>,3,12,[12  2],4,2320,2332,2316,2320
1,<environment.Job instance at 0x7f0d244ec050>,5,22,[3 8],6,5020,5042,5014,5020
1,<environment.Job instance at 0x7f0d1b1850a0>,1,16,[4 8],2,2,18,0,2
1,<environment.Job instance at 0x7f0d1b185410>,2,12,[9 1],3,3,15,0,3
1,<environment.Job instance at 0x7f0d244e4370>,4,22,[7 4],5,15,37,10,8
1,<environment.Job instance at 0x7f0d1b185280>,10,17,[2 6],11,18,35,7,11
1,<environment.Job instance at 0x7f0d1b185140>,13,12,[ 1 10],14,35,47,21,18
1,<environment.Job instance at 0x7f0d1b185190>,15,14,[9 5],16,37,51,21,22
1,<environment.Job instance at 0x7f0d1b225280>,18,17,[2 8],19,47,64,28,35
1,<environment.Job instance at 0x7f0d1b225a50>,20,16,[ 1 10],21,64,80,43,51
1,<environment.Job instance at 0x7f0d1b225870>,32,23,[2 8],33,80,103,47,74
1,<environment.Job instance at 0x7f0d1b185320>,6,12,[5 4],7,93,105,86,93
1,<environment.Job instance at 0x7f0d1b225500>,34,20,[2 8],35,103,123,68,94
1,<environment.Job instance at 0x7f0d1b2253c0>,37,21,[5 9],38,123,144,85,115
1,<environment.Job instance at 0x7f0d1a379cd0>,44,15,[6 4],45,115,130,70,115
1,<environment.Job instance at 0x7f0d1a379820>,48,13,[7 1],49,130,143,81,115
1,<environment.Job instance at 0x7f0d1a3790f0>,49,16,[2 6],50,143,159,93,130
1,<environment.Job instance at 0x7f0d1b2774b0>,54,22,[5 3],55,144,166,89,137
1,<environment.Job instance at 0x7f0d1b277960>,58,17,[9 1],59,159,176,100,147
1,<environment.Job instance at 0x7f0d1b2773c0>,61,16,[1 8],62,159,175,97,147
1,<environment.Job instance at 0x7f0d1b277a00>,64,12,[3 5],65,147,159,82,147
1,<environment.Job instance at 0x7f0d1b277f00>,65,14,[5 8],66,175,189,109,160
1,<environment.Job instance at 0x7f0d1b277550>,66,28,[5 2],67,176,204,109,175
1,<environment.Job instance at 0x7f0d1b2777d0>,69,19,[6 4],70,189,208,119,179
1,<environment.Job instance at 0x7f0d1b2778c0>,70,22,[5 6],71,204,226,133,197
1,<environment.Job instance at 0x7f0d1b197be0>,75,14,[3 6],76,208,222,132,200
1,<environment.Job instance at 0x7f0d1b197500>,78,13,[1 9],79,222,235,143,206
1,<environment.Job instance at 0x7f0d1b197320>,79,16,[2 5],80,226,242,146,213
1,<environment.Job instance at 0x7f0d1b1973c0>,83,14,[1 9],84,235,249,151,220
1,<environment.Job instance at 0x7f0d1b197fa0>,85,21,[5 4],86,242,263,156,234
1,<environment.Job instance at 0x7f0d1b197a00>,89,12,[2 9],90,249,261,159,234
1,<environment.Job instance at 0x7f0d1b197460>,90,14,[8 1],91,234,248,143,234
1,<environment.Job instance at 0x7f0d1b197960>,91,23,[8 4],92,261,284,169,255
1,<environment.Job instance at 0x7f0d1b185780>,3,21,[3 9],4,263,284,259,256
1,<environment.Job instance at 0x7f0d243a0910>,97,12,[1 6],98,284,296,186,267
1,<environment.Job instance at 0x7f0d243a0e60>,99,16,[7 3],100,284,300,184,271
1,<environment.Job instance at 0x7f0d243a0b40>,102,14,[ 4 10],103,296,310,193,281
1,<environment.Job instance at 0x7f0d243a01e0>,104,17,[2 5],105,300,317,195,288
1,<environment.Job instance at 0x7f0d243a0d20>,105,14,[8 2],106,310,324,204,295
1,<environment.Job instance at 0x7f0d243a06e0>,94,14,[13  1],95,324,338,229,316
1,<environment.Job instance at 0x7f0d243a0f50>,110,21,[9 1],111,338,359,227,330
1,<environment.Job instance at 0x7f0d243a0460>,113,17,[6 1],114,338,355,224,330
1,<environment.Job instance at 0x7f0d1b1ca690>,115,12,[ 2 10],116,355,367,239,338
1,<environment.Job instance at 0x7f0d1b1cadc0>,116,15,[9 2],117,359,374,242,345
1,<environment.Job instance at 0x7f0d1b1cae10>,117,21,[3 9],118,367,388,249,359
1,<environment.Job instance at 0x7f0d1b1ca320>,118,17,[7 3],119,374,391,255,362
1,<environment.Job instance at 0x7f0d1b2256e0>,35,14,[11  5],36,391,405,355,380
1,<environment.Job instance at 0x7f0d1b1cad70>,120,28,[7 2],121,405,433,284,404
1,<environment.Job instance at 0x7f0d243a0fa0>,111,18,[5 8],112,405,423,293,405
1,<environment.Job instance at 0x7f0d1b1ca3c0>,119,18,[11  5],120,433,451,313,422
1,<environment.Job instance at 0x7f0d1b1caa00>,123,18,[4 7],124,425,443,301,425
1,<environment.Job instance at 0x7f0d1b1ca050>,126,20,[2 6],127,443,463,316,434
1,<environment.Job instance at 0x7f0d1b1857d0>,0,17,[ 2 14],1,463,480,462,451
1,<environment.Job instance at 0x7f0d1a7ca0a0>,1,17,[10  4],2,2,19,0,2
1,<environment.Job instance at 0x7f0d1b1851e0>,2,24,[2 5],3,3,27,0,3
1,<environment.Job instance at 0x7f0d1aa82e60>,3,16,[8 4],4,19,35,15,6
1,<environment.Job instance at 0x7f0d1a6f7730>,10,12,[8 1],11,35,47,24,18
1,<environment.Job instance at 0x7f0d1a6fee60>,6,15,[5 7],7,27,42,20,18
1,<environment.Job instance at 0x7f0d1aa8f500>,19,12,[5 5],20,42,54,22,25
1,<environment.Job instance at 0x7f0d1aa8faa0>,23,21,[4 9],24,47,68,23,39
1,<environment.Job instance at 0x7f0d1aa8f050>,25,15,[7 2],26,54,69,28,40
1,<environment.Job instance at 0x7f0d1b8bfd70>,29,15,[2 6],30,68,83,38,54
1,<environment.Job instance at 0x7f0d1a70ee60>,12,25,[11  2],13,69,94,56,65
1,<environment.Job instance at 0x7f0d1b8d1910>,36,13,[12  1],37,94,107,57,78
1,<environment.Job instance at 0x7f0d1a70d1e0>,42,12,[14  3],43,107,119,64,90
1,<environment.Job instance at 0x7f0d1a7bcbe0>,40,20,[6 5],41,119,139,78,110
1,<environment.Job instance at 0x7f0d1a7dc280>,47,14,[7 5],48,119,133,71,110
1,<environment.Job instance at 0x7f0d1a7aff50>,52,14,[9 5],53,133,147,80,118
1,<environment.Job instance at 0x7f0d1a7b6aa0>,64,16,[5 5],65,139,155,74,126
1,<environment.Job instance at 0x7f0d1a7b6730>,67,19,[5 7],68,147,166,79,137
1,<environment.Job instance at 0x7f0d1a7b6dc0>,71,17,[7 4],72,155,172,83,143
1,<environment.Job instance at 0x7f0d1aa7daf0>,81,17,[2 7],82,166,183,84,155
1,<environment.Job instance at 0x7f0d1a6f55a0>,95,16,[5 5],96,172,188,76,159
1,<environment.Job instance at 0x7f0d1a6f57d0>,97,17,[4 5],98,183,200,85,171
1,<environment.Job instance at 0x7f0d1a6f5730>,99,13,[3 9],100,188,201,88,172
1,<environment.Job instance at 0x7f0d1a6f5960>,101,16,[6 5],102,200,216,98,187
1,<environment.Job instance at 0x7f0d1a6f5c80>,106,15,[8 2],107,201,216,94,187
1,<environment.Job instance at 0x7f0d1a6f5a00>,102,22,[ 5 14],103,216,238,113,209
1,<environment.Job instance at 0x7f0d1aa88140>,118,14,[6 5],119,238,252,119,223
1,<environment.Job instance at 0x7f0d1aa88730>,120,12,[1 5],121,238,250,117,223
1,<environment.Job instance at 0x7f0d1abd9c80>,0,21,[5 4],1,1,22,0,1
1,<environment.Job instance at 0x7f0d1a70d500>,1,15,[10  1],2,2,17,0,2
1,<environment.Job instance at 0x7f0d1abd9500>,2,20,[4 5],3,17,37,14,9
1,<environment.Job instance at 0x7f0d1abd9f00>,9,14,[6 5],10,17,31,7,10
1,<environment.Job instance at 0x7f0d1abd96e0>,10,13,[5 8],11,31,44,20,15
1,<environment.Job instance at 0x7f0d1ab95b90>,17,13,[7 5],18,37,50,19,21
1,<environment.Job instance at 0x7f0d1ab95cd0>,22,22,[7 5],23,44,66,21,37
1,<environment.Job instance at 0x7f0d1ab95690>,18,13,[1 8],19,50,63,31,41
1,<environment.Job instance at 0x7f0d1ab95fa0>,27,13,[10  4],28,66,79,38,50
1,<environment.Job instance at 0x7f0d1ab95e60>,30,15,[10  4],31,79,94,48,65
1,<environment.Job instance at 0x7f0d1ab953c0>,31,13,[ 4 10],32,65,78,33,65
1,<environment.Job instance at 0x7f0d1b790870>,32,17,[3 9],33,78,95,45,66
1,<environment.Job instance at 0x7f0d1b7905a0>,37,12,[5 1],38,94,106,56,77
1,<environment.Job instance at 0x7f0d1ab95d70>,24,18,[ 5 12],25,95,113,70,85
1,<environment.Job instance at 0x7f0d1b790320>,47,20,[ 2 10],48,113,133,65,109
1,<environment.Job instance at 0x7f0d1b790230>,53,18,[6 5],54,113,131,59,109
1,<environment.Job instance at 0x7f0d1abdc5a0>,58,12,[1 7],59,133,145,74,116
1,<environment.Job instance at 0x7f0d1abdc280>,62,18,[5 8],63,133,151,70,123
1,<environment.Job instance at 0x7f0d1abdc8c0>,67,18,[6 5],68,145,163,77,134
1,<environment.Job instance at 0x7f0d1abfe7d0>,68,17,[9 4],69,151,168,82,139
1,<environment.Job instance at 0x7f0d1abfeeb0>,71,18,[5 7],72,163,181,91,152
1,<environment.Job instance at 0x7f0d1abfe870>,72,15,[6 2],73,168,183,95,154
1,<environment.Job instance at 0x7f0d1abfe320>,80,19,[5 6],81,181,200,100,171
1,<environment.Job instance at 0x7f0d1abff780>,90,14,[1 7],91,181,195,90,180
1,<environment.Job instance at 0x7f0d1abff730>,92,14,[6 2],93,183,197,90,180
1,<environment.Job instance at 0x7f0d1abff5a0>,95,14,[1 6],96,195,209,99,180
1,<environment.Job instance at 0x7f0d1abff410>,96,15,[5 7],97,200,215,103,186
1,<environment.Job instance at 0x7f0d1ac04a50>,100,18,[5 2],101,197,215,96,186
1,<environment.Job instance at 0x7f0d1ac049b0>,101,20,[3 7],102,215,235,113,208
1,<environment.Job instance at 0x7f0d1ac047d0>,102,14,[8 3],103,215,229,112,208
1,<environment.Job instance at 0x7f0d1ac04b90>,104,23,[2 6],105,229,252,124,223
1,<environment.Job instance at 0x7f0d1ac046e0>,105,21,[2 8],106,235,256,129,227
1,<environment.Job instance at 0x7f0d1abdeb90>,110,22,[2 7],111,252,274,141,245
1,<environment.Job instance at 0x7f0d1abd9730>,15,12,[ 4 13],16,274,286,258,257
1,<environment.Job instance at 0x7f0d1ab95190>,19,22,[14  4],20,286,308,266,279
1,<environment.Job instance at 0x7f0d1ac0a0f0>,114,15,[5 8],115,308,323,193,295
1,<environment.Job instance at 0x7f0d1abdeaa0>,113,20,[8 2],114,308,328,194,300
1,<environment.Job instance at 0x7f0d1ac0a050>,115,15,[4 9],116,323,338,207,309
1,<environment.Job instance at 0x7f0d1b790140>,48,28,[12  3],49,855,883,806,855
1,<environment.Job instance at 0x7f0d1abde4b0>,112,24,[14  4],113,883,907,770,878
1,<environment.Job instance at 0x7f0d1a7dc730>,0,28,[ 4 11],1,1,29,0,1
1,<environment.Job instance at 0x7f0d1abde4b0>,2,24,[5 2],3,3,27,0,3
1,<environment.Job instance at 0x7f0d1b508280>,4,27,[5 1],5,5,32,0,5
1,<environment.Job instance at 0x7f0d1a6bf460>,13,12,[14  4],14,32,44,18,17
1,<environment.Job instance at 0x7f0d1b510d70>,12,19,[5 3],13,44,63,31,34
1,<environment.Job instance at 0x7f0d1b510280>,17,14,[8 2],18,44,58,26,34
1,<environment.Job instance at 0x7f0d1b510820>,18,13,[5 3],19,58,71,39,42
1,<environment.Job instance at 0x7f0d1b5109b0>,25,14,[4 7],26,58,72,32,44
1,<environment.Job instance at 0x7f0d1b50fdc0>,26,16,[9 4],27,71,87,44,58
1,<environment.Job instance at 0x7f0d1b511370>,31,18,[5 5],32,72,90,40,69
1,<environment.Job instance at 0x7f0d1b511af0>,32,16,[5 5],33,87,103,54,74
1,<environment.Job instance at 0x7f0d1a7f02d0>,36,18,[1 5],37,74,92,37,74
1,<environment.Job instance at 0x7f0d1a7f0d20>,37,18,[9 5],38,90,108,52,83
1,<environment.Job instance at 0x7f0d1b26adc0>,38,19,[4 5],39,103,122,64,93
1,<environment.Job instance at 0x7f0d1b520b40>,44,13,[5 5],45,108,121,63,93
1,<environment.Job instance at 0x7f0d1b510f00>,14,21,[6 4],15,108,129,93,102
1,<environment.Job instance at 0x7f0d1a81a230>,46,16,[8 3],47,122,138,75,109
1,<environment.Job instance at 0x7f0d1a81adc0>,47,23,[5 4],48,129,152,81,123
1,<environment.Job instance at 0x7f0d1ae0d280>,53,18,[5 5],54,138,156,84,129
1,<environment.Job instance at 0x7f0d1a80d320>,54,20,[5 9],55,152,172,97,144
1,<environment.Job instance at 0x7f0d1a801aa0>,57,14,[5 1],58,144,158,86,144
1,<environment.Job instance at 0x7f0d1a7e2730>,64,18,[8 3],65,158,176,93,147
1,<environment.Job instance at 0x7f0d1a7e20a0>,67,15,[6 2],68,172,187,104,158
1,<environment.Job instance at 0x7f0d1a7e2910>,68,17,[7 4],69,176,193,107,164
1,<environment.Job instance at 0x7f0d1a7e2820>,71,17,[3 5],72,187,204,115,175
1,<environment.Job instance at 0x7f0d1a7f96e0>,77,13,[9 5],78,193,206,115,178
1,<environment.Job instance at 0x7f0d1a7f97d0>,78,16,[3 6],79,204,220,125,191
1,<environment.Job instance at 0x7f0d1a7f98c0>,80,14,[2 5],81,206,220,125,191
1,<environment.Job instance at 0x7f0d1a7f9b40>,84,17,[10  4],85,206,223,121,195
1,<environment.Job instance at 0x7f0d1a7f9e60>,90,14,[3 7],91,220,234,129,205
1,<environment.Job instance at 0x7f0d1a7f9f00>,91,20,[9 4],92,223,243,131,214
1,<environment.Job instance at 0x7f0d1a7df550>,97,21,[5 9],98,234,255,136,226
1,<environment.Job instance at 0x7f0d1a7df500>,99,12,[5 7],100,255,267,155,238
1,<environment.Job instance at 0x7f0d1a7df690>,101,20,[7 4],102,243,263,141,238
1,<environment.Job instance at 0x7f0d1a7df730>,105,18,[1 6],106,263,281,157,252
1,<environment.Job instance at 0x7f0d1a7dfa00>,106,15,[6 1],107,263,278,156,252
1,<environment.Job instance at 0x7f0d1a7dfaa0>,107,17,[5 7],108,267,284,159,255
1,<environment.Job instance at 0x7f0d1a7dfb40>,108,17,[5 5],109,281,298,172,269
1,<environment.Job instance at 0x7f0d1a7dfd20>,109,17,[4 6],110,284,301,174,272
1,<environment.Job instance at 0x7f0d1a7dfc30>,110,13,[3 8],111,298,311,187,282
1,<environment.Job instance at 0x7f0d1a7dff50>,112,17,[1 8],113,311,328,198,299
1,<environment.Job instance at 0x7f0d1a6bfd70>,10,23,[12  5],11,301,324,290,300
1,<environment.Job instance at 0x7f0d1a7dff00>,114,17,[1 9],115,328,345,213,316
1,<environment.Job instance at 0x7f0d1a954f50>,116,13,[9 2],117,324,337,207,316
1,<environment.Job instance at 0x7f0d1a954a00>,121,16,[6 3],122,337,353,215,324
1,<environment.Job instance at 0x7f0d1b508d70>,7,18,[9 1],8,345,363,337,334
1,<environment.Job instance at 0x7f0d1a7dcaa0>,1,27,[5 5],2,353,380,351,351
1,<environment.Job instance at 0x7f0d1a9540a0>,128,28,[8 3],129,363,391,234,363
1,<environment.Job instance at 0x7f0d1a7dfe60>,115,22,[ 5 12],116,1083,1105,967,1083
1,<environment.Job instance at 0x7f0d1aff13c0>,3,19,[ 4 10],4,4,23,0,4
1,<environment.Job instance at 0x7f0d1aff1c30>,4,18,[10  1],5,5,23,0,5
1,<environment.Job instance at 0x7f0d1a7dfe60>,7,21,[4 6],8,23,44,15,15
1,<environment.Job instance at 0x7f0d1aff1aa0>,8,14,[5 7],9,23,37,14,16
1,<environment.Job instance at 0x7f0d1a5c1d20>,16,20,[5 7],17,37,57,20,28
1,<environment.Job instance at 0x7f0d1a5c1be0>,19,15,[2 8],20,44,59,24,30
1,<environment.Job instance at 0x7f0d1a5c18c0>,21,12,[6 1],22,30,42,8,30
1,<environment.Job instance at 0x7f0d1a5c12d0>,24,16,[10  5],25,57,73,32,44
1,<environment.Job instance at 0x7f0d1a5c1b90>,26,16,[1 7],27,59,75,32,46
1,<environment.Job instance at 0x7f0d1a4de960>,32,16,[9 4],33,73,89,40,60
1,<environment.Job instance at 0x7f0d1a4de320>,33,13,[8 2],34,89,102,55,73
1,<environment.Job instance at 0x7f0d1a4de780>,39,13,[1 8],40,75,88,35,73
1,<environment.Job instance at 0x7f0d1a4dea50>,44,19,[2 9],45,88,107,43,78
1,<environment.Job instance at 0x7f0d1a4def50>,45,19,[7 3],46,102,121,56,92
1,<environment.Job instance at 0x7f0d1a4de640>,47,18,[2 7],48,107,125,59,96
1,<environment.Job instance at 0x7f0d1a4a9730>,49,18,[3 8],50,121,139,71,110
1,<environment.Job instance at 0x7f0d1a4a9b40>,51,14,[ 4 10],52,139,153,87,124
1,<environment.Job instance at 0x7f0d1a4a99b0>,52,15,[4 8],53,153,168,100,139
1,<environment.Job instance at 0x7f0d1a4a9be0>,57,17,[ 1 10],58,168,185,110,156
1,<environment.Job instance at 0x7f0d1a4a9d70>,60,22,[8 3],61,156,178,95,156
1,<environment.Job instance at 0x7f0d1a4a9280>,63,21,[9 1],64,178,199,114,170
1,<environment.Job instance at 0x7f0d1a4a9910>,65,16,[1 7],66,185,201,119,172
1,<environment.Job instance at 0x7f0d1a7900f0>,74,15,[2 5],75,185,200,110,173
1,<environment.Job instance at 0x7f0d1a790050>,75,18,[9 5],76,200,218,124,189
1,<environment.Job instance at 0x7f0d1a790d70>,79,15,[7 1],80,218,233,138,204
1,<environment.Job instance at 0x7f0d1a790d20>,80,17,[2 6],81,204,221,123,204
1,<environment.Job instance at 0x7f0d1a7905a0>,83,22,[5 3],84,218,240,134,211
1,<environment.Job instance at 0x7f0d243d50a0>,92,18,[10  2],93,233,251,140,222
1,<environment.Job instance at 0x7f0d1a5715a0>,97,17,[2 6],98,240,257,142,228
1,<environment.Job instance at 0x7f0d1a571a00>,102,15,[4 5],103,251,266,148,237
1,<environment.Job instance at 0x7f0d1a571550>,104,17,[3 5],105,257,274,152,245
1,<environment.Job instance at 0x7f0d1a5715f0>,109,19,[ 3 10],110,266,285,156,256
1,<environment.Job instance at 0x7f0d1a571780>,110,15,[7 4],111,274,289,163,260
1,<environment.Job instance at 0x7f0d1a5c1370>,17,16,[4 8],18,285,301,267,276
1,<environment.Job instance at 0x7f0d1a571280>,114,23,[1 8],115,301,324,186,298
1,<environment.Job instance at 0x7f0d1a571960>,116,15,[5 5],117,298,313,181,298
1,<environment.Job instance at 0x7f0d1a9cb640>,117,16,[ 2 10],118,324,340,206,311
1,<environment.Job instance at 0x7f0d1a9cb190>,120,18,[5 9],121,340,358,219,329
1,<environment.Job instance at 0x7f0d1a9cbcd0>,121,17,[2 5],122,329,346,207,329
1,<environment.Job instance at 0x7f0d1a9cb690>,123,19,[1 9],124,358,377,234,348
1,<environment.Job instance at 0x7f0d1a9cbaf0>,125,20,[7 5],126,348,368,222,348
1,<environment.Job instance at 0x7f0d1a9cb550>,126,14,[11  4],127,368,382,241,353
1,<environment.Job instance at 0x7f0d1a9cb280>,127,12,[10  1],128,382,394,254,365
1,<environment.Job instance at 0x7f0d1aff1690>,0,18,[10  5],1,394,412,393,383
1,<environment.Job instance at 0x7f0d1a571f50>,115,28,[ 2 10],116,468,496,352,468
1,<environment.Job instance at 0x7f0d1aff1780>,6,15,[9 4],7,1356,1371,1349,1356
1,<environment.Job instance at 0x7f0d1a0b6e10>,0,12,[10  1],1,1,13,0,1
1,<environment.Job instance at 0x7f0d1a0b6140>,3,18,[14  4],4,13,31,9,6
1,<environment.Job instance at 0x7f0d1a0b6550>,9,17,[3 6],10,31,48,21,19
1,<environment.Job instance at 0x7f0d1a0b6230>,14,12,[6 3],15,31,43,16,19
1,<environment.Job instance at 0x7f0d1a0b6d20>,17,12,[4 6],18,31,43,13,19
1,<environment.Job instance at 0x7f0d1a0bd500>,18,13,[2 6],19,43,56,24,27
1,<environment.Job instance at 0x7f0d1a0bdaf0>,19,13,[10  4],20,48,61,28,32
1,<environment.Job instance at 0x7f0d1a0b67d0>,8,17,[2 5],9,48,65,39,36
1,<environment.Job instance at 0x7f0d1a0b6640>,10,13,[12  4],11,61,74,50,45
1,<environment.Job instance at 0x7f0d1a0b6690>,7,13,[13  4],8,74,87,66,59
1,<environment.Job instance at 0x7f0d1a0f8500>,40,18,[7 5],41,87,105,46,76
1,<environment.Job instance at 0x7f0d1a0bdbe0>,28,28,[12  4],29,105,133,76,104
1,<environment.Job instance at 0x7f0d1a0f8e10>,44,13,[3 5],45,104,117,59,104
1,<environment.Job instance at 0x7f0d1a0f8c30>,45,16,[3 9],46,117,133,71,104
1,<environment.Job instance at 0x7f0d1a0f8fa0>,46,16,[13  1],47,133,149,86,120
1,<environment.Job instance at 0x7f0d1a0f80a0>,41,15,[2 7],42,133,148,91,120
1,<environment.Job instance at 0x7f0d1a0b6190>,1,17,[1 9],2,148,165,146,136
1,<environment.Job instance at 0x7f0d1a0f8e60>,49,12,[7 4],50,149,161,99,136
1,<environment.Job instance at 0x7f0d1a0f8cd0>,48,15,[12  2],49,161,176,112,148
1,<environment.Job instance at 0x7f0d1a0f8a00>,51,14,[8 1],52,176,190,124,161
1,<environment.Job instance at 0x7f0d1a0f85f0>,52,15,[ 3 13],53,165,180,112,161
1,<environment.Job instance at 0x7f0d1a0f8870>,47,28,[ 4 12],48,180,208,132,179
1,<environment.Job instance at 0x7f0d1a0f8410>,43,13,[1 7],44,208,221,164,192
1,<environment.Job instance at 0x7f0d1a0f83c0>,58,17,[8 4],59,208,225,149,197
1,<environment.Job instance at 0x7f0d1a04dfa0>,60,14,[10  2],61,225,239,164,212
1,<environment.Job instance at 0x7f0d1a04d8c0>,61,22,[5 5],62,226,248,164,226
1,<environment.Job instance at 0x7f0d1a04d0f0>,63,14,[4 9],64,239,253,175,234
1,<environment.Job instance at 0x7f0d1a0f8eb0>,54,18,[13  3],55,253,271,198,242
1,<environment.Job instance at 0x7f0d1a04d780>,68,15,[ 3 11],69,271,286,202,257
1,<environment.Job instance at 0x7f0d1a04d820>,69,15,[5 5],70,286,301,216,272
1,<environment.Job instance at 0x7f0d1a04d410>,67,20,[3 6],68,286,306,218,283
1,<environment.Job instance at 0x7f0d1a04d9b0>,71,12,[ 1 10],72,306,318,234,297
1,<environment.Job instance at 0x7f0d1a04d690>,72,21,[6 4],73,297,318,224,297
1,<environment.Job instance at 0x7f0d1a04d2d0>,76,16,[5 6],77,318,334,241,305
1,<environment.Job instance at 0x7f0d1a0f8690>,53,21,[9 1],54,318,339,264,310
1,<environment.Job instance at 0x7f0d1ad170f0>,79,13,[5 5],80,334,347,254,318
1,<environment.Job instance at 0x7f0d1a0fe8c0>,80,14,[14  4],81,347,361,266,337
1,<environment.Job instance at 0x7f0d1a4d2cd0>,86,13,[4 5],87,361,374,274,345
1,<environment.Job instance at 0x7f0d1a4d2af0>,85,14,[1 7],86,347,361,261,347
1,<environment.Job instance at 0x7f0d1a4d2730>,87,23,[2 6],88,361,384,273,355
1,<environment.Job instance at 0x7f0d1a339230>,91,24,[9 2],92,361,385,269,357
1,<environment.Job instance at 0x7f0d1a339a00>,92,13,[11  4],93,385,398,292,369
1,<environment.Job instance at 0x7f0d1a339c30>,97,16,[7 4],98,398,414,300,385
1,<environment.Job instance at 0x7f0d1a0f8b90>,50,26,[6 4],51,398,424,347,395
1,<environment.Job instance at 0x7f0d1af9de10>,98,12,[8 4],99,414,426,315,398
1,<environment.Job instance at 0x7f0d1a3392d0>,93,17,[ 3 12],94,426,443,332,414
1,<environment.Job instance at 0x7f0d24375140>,107,16,[1 8],108,443,459,335,430
1,<environment.Job instance at 0x7f0d1ad05be0>,110,13,[9 3],111,433,446,322,433
1,<environment.Job instance at 0x7f0d1a7d10a0>,115,17,[5 3],116,443,460,327,433
1,<environment.Job instance at 0x7f0d1b8df780>,120,13,[4 6],121,459,472,338,443
1,<environment.Job instance at 0x7f0d1a5e3a00>,122,12,[1 7],123,460,472,337,449
1,<environment.Job instance at 0x7f0d1a5e3190>,123,15,[2 6],124,472,487,348,458
1,<environment.Job instance at 0x7f0d1a52a140>,108,28,[4 6],109,473,501,364,473
1,<environment.Job instance at 0x7f0d1a5e3b90>,125,18,[1 7],126,487,505,361,476
1,<environment.Job instance at 0x7f0d1a5e35a0>,126,16,[9 3],127,501,517,374,488
1,<environment.Job instance at 0x7f0d1a8fbe10>,99,22,[ 3 11],100,505,527,405,499
1,<environment.Job instance at 0x7f0d1a04d5a0>,70,27,[ 4 11],71,773,800,702,773
1,<environment.Job instance at 0x7f0d1b9bb2d0>,3,18,[7 4],4,4,22,0,4
1,<environment.Job instance at 0x7f0d1b9bbe10>,4,14,[ 2 10],5,5,19,0,5
1,<environment.Job instance at 0x7f0d1b5170f0>,7,20,[5 7],8,19,39,11,10
1,<environment.Job instance at 0x7f0d1b517280>,10,14,[9 1],11,22,36,11,11
1,<environment.Job instance at 0x7f0d1b517190>,11,12,[10  4],12,36,48,24,19
1,<environment.Job instance at 0x7f0d1b517370>,22,12,[4 7],23,39,51,16,27
1,<environment.Job instance at 0x7f0d1b8c8e10>,26,14,[4 8],27,48,62,21,33
1,<environment.Job instance at 0x7f0d1b8c8d20>,30,14,[8 4],31,51,65,20,36
1,<environment.Job instance at 0x7f0d1b8c80a0>,38,14,[5 7],39,62,76,23,47
1,<environment.Job instance at 0x7f0d1b0fa3c0>,47,22,[5 7],48,65,87,17,58
1,<environment.Job instance at 0x7f0d1b0faa50>,56,18,[1 6],57,76,94,19,65
1,<environment.Job instance at 0x7f0d1b0fadc0>,57,20,[1 9],58,87,107,29,78
1,<environment.Job instance at 0x7f0d1b0fafa0>,61,17,[7 3],62,94,111,32,82
1,<environment.Job instance at 0x7f0d1b0fad70>,67,15,[6 1],68,94,109,26,82
1,<environment.Job instance at 0x7f0d1b75ef50>,76,16,[9 2],77,111,127,34,98
1,<environment.Job instance at 0x7f0d1b75ea50>,80,22,[1 5],81,107,129,26,100
1,<environment.Job instance at 0x7f0d1b75ed20>,83,20,[1 5],84,107,127,23,100
1,<environment.Job instance at 0x7f0d1b75ec80>,87,18,[5 5],88,127,145,39,116
1,<environment.Job instance at 0x7f0d1b1cda00>,92,14,[10  1],93,129,143,36,116
1,<environment.Job instance at 0x7f0d1b1cd730>,93,18,[3 8],94,143,161,49,132
1,<environment.Job instance at 0x7f0d1b1cd1e0>,95,12,[ 5 10],96,161,173,65,144
1,<environment.Job instance at 0x7f0d1b1cdbe0>,97,16,[1 6],98,145,161,47,144
1,<environment.Job instance at 0x7f0d1b1cd0f0>,108,17,[8 4],109,161,178,52,149
1,<environment.Job instance at 0x7f0d1b1cd550>,109,16,[7 2],110,173,189,63,160
1,<environment.Job instance at 0x7f0d1b2213c0>,112,14,[8 5],113,178,192,65,163
1,<environment.Job instance at 0x7f0d1b221320>,114,19,[6 4],115,189,208,74,179
1,<environment.Job instance at 0x7f0d1b2216e0>,115,16,[1 6],116,189,205,73,179
1,<environment.Job instance at 0x7f0d1b221280>,116,14,[1 8],117,205,219,88,190
1,<environment.Job instance at 0x7f0d1b221fa0>,117,22,[7 2],118,192,214,74,190
1,<environment.Job instance at 0x7f0d1b221370>,118,15,[10  1],119,214,229,95,200
1,<environment.Job instance at 0x7f0d1b517640>,15,15,[ 1 10],16,219,234,203,205
1,<environment.Job instance at 0x7f0d1b2219b0>,128,14,[1 7],129,234,248,105,219
1,<environment.Job instance at 0x7f0d1b221500>,123,16,[3 7],124,234,250,110,221
1,<environment.Job instance at 0x7f0d1b9bbd70>,0,23,[6 3],1,248,271,247,242
1,<environment.Job instance at 0x7f0d1b8c89b0>,37,20,[4 5],38,345,365,307,345
1,<environment.Job instance at 0x7f0d1b7ef690>,0,13,[5 5],1,1,14,0,1
1,<environment.Job instance at 0x7f0d1b8c89b0>,2,19,[2 6],3,3,22,0,3
1,<environment.Job instance at 0x7f0d19fe1f00>,6,18,[2 5],7,14,32,7,7
1,<environment.Job instance at 0x7f0d1b409eb0>,11,18,[3 9],12,22,40,10,12
1,<environment.Job instance at 0x7f0d1aed1280>,18,17,[6 2],19,32,49,13,20
1,<environment.Job instance at 0x7f0d1aed1730>,13,16,[1 7],14,40,56,26,27
1,<environment.Job instance at 0x7f0d1aed1e10>,17,17,[5 7],18,49,66,31,37
1,<environment.Job instance at 0x7f0d1aed1b90>,21,15,[8 2],22,56,71,34,42
1,<environment.Job instance at 0x7f0d1aeb2820>,25,16,[10  3],26,71,87,45,58
1,<environment.Job instance at 0x7f0d1aeb21e0>,29,17,[9 4],30,87,104,57,75
1,<environment.Job instance at 0x7f0d1ac6cd70>,32,20,[5 3],33,75,95,42,75
1,<environment.Job instance at 0x7f0d1aed14b0>,19,18,[14  2],20,104,122,84,93
1,<environment.Job instance at 0x7f0d1a9a0d70>,38,13,[14  2],39,122,135,83,106
1,<environment.Job instance at 0x7f0d1a9a0910>,41,16,[4 6],42,135,151,93,122
1,<environment.Job instance at 0x7f0d1a9a0dc0>,42,15,[5 1],43,135,150,92,122
1,<environment.Job instance at 0x7f0d1b7fc280>,52,15,[3 7],53,135,150,82,122
1,<environment.Job instance at 0x7f0d1b7fc640>,55,19,[2 5],56,150,169,94,140
1,<environment.Job instance at 0x7f0d1b8d51e0>,57,16,[8 4],58,150,166,92,140
1,<environment.Job instance at 0x7f0d1a9548c0>,64,22,[1 8],65,166,188,101,159
1,<environment.Job instance at 0x7f0d1b26ab90>,67,16,[9 1],68,166,182,98,159
1,<environment.Job instance at 0x7f0d1b26af50>,71,13,[10  3],72,182,195,110,166
1,<environment.Job instance at 0x7f0d1b2b07d0>,74,14,[3 7],75,188,202,113,173
1,<environment.Job instance at 0x7f0d1b364500>,75,20,[5 1],76,195,215,119,186
1,<environment.Job instance at 0x7f0d1b8e7460>,82,18,[3 5],83,195,213,112,186
1,<environment.Job instance at 0x7f0d1a02c910>,84,18,[5 6],85,202,220,117,192
1,<environment.Job instance at 0x7f0d1a654370>,90,20,[3 8],91,213,233,122,204
1,<environment.Job instance at 0x7f0d1af8d4b0>,92,13,[3 9],93,233,246,140,217
1,<environment.Job instance at 0x7f0d1b9cedc0>,94,19,[8 2],95,220,239,125,217
1,<environment.Job instance at 0x7f0d1b9ce960>,98,17,[1 5],99,239,256,140,227
1,<environment.Job instance at 0x7f0d1b3ff050>,101,18,[1 9],102,246,264,144,235
1,<environment.Job instance at 0x7f0d1b3ffb90>,103,18,[7 1],104,239,257,135,235
1,<environment.Job instance at 0x7f0d1b3ff910>,104,19,[7 3],105,256,275,151,246
1,<environment.Job instance at 0x7f0d1b3ff690>,105,21,[5 5],106,264,285,158,256
1,<environment.Job instance at 0x7f0d1b3ff190>,109,13,[5 8],110,275,288,165,259
1,<environment.Job instance at 0x7f0d1ae28fa0>,118,19,[2 5],119,285,304,166,275
1,<environment.Job instance at 0x7f0d1ae286e0>,120,12,[7 2],121,285,297,164,281
1,<environment.Job instance at 0x7f0d1ae289b0>,121,20,[6 1],122,288,308,166,281
1,<environment.Job instance at 0x7f0d1b0bd460>,126,19,[3 7],127,297,316,170,287
1,<environment.Job instance at 0x7f0d1a6bf500>,1,25,[13  1],2,342,367,340,342
1,<environment.Job instance at 0x7f0d1aed18c0>,16,28,[ 1 10],17,1659,1687,1642,1659
1,<environment.Job instance at 0x7f0d1aed1230>,20,15,[14  3],21,1666,1681,1645,1666
1,<environment.Job instance at 0x7f0d1a8159b0>,0,19,[5 8],1,1,20,0,1
1,<environment.Job instance at 0x7f0d1aed1230>,2,19,[8 1],3,3,22,0,3
1,<environment.Job instance at 0x7f0d1a815a50>,4,13,[6 5],5,20,33,15,5
1,<environment.Job instance at 0x7f0d1a815eb0>,5,23,[1 6],6,6,29,0,6
1,<environment.Job instance at 0x7f0d1a4971e0>,12,16,[8 2],13,22,38,9,13
1,<environment.Job instance at 0x7f0d1a497280>,14,14,[4 7],15,33,47,18,18
1,<environment.Job instance at 0x7f0d1a497460>,21,19,[2 5],22,33,52,11,23
1,<environment.Job instance at 0x7f0d1a497b40>,25,15,[1 7],26,47,62,21,38
1,<environment.Job instance at 0x7f0d1a815cd0>,7,20,[1 7],8,52,72,44,43
1,<environment.Job instance at 0x7f0d1b961280>,29,15,[7 1],30,43,58,13,43
1,<environment.Job instance at 0x7f0d1a815320>,9,15,[9 4],10,62,77,52,52
1,<environment.Job instance at 0x7f0d1b9611e0>,36,14,[5 4],37,62,76,25,57
1,<environment.Job instance at 0x7f0d1b9616e0>,37,15,[6 4],38,76,91,38,62
1,<environment.Job instance at 0x7f0d1b961460>,34,16,[4 9],35,77,93,42,67
1,<environment.Job instance at 0x7f0d1b961870>,38,20,[7 5],39,91,111,52,85
1,<environment.Job instance at 0x7f0d1b9614b0>,39,23,[6 1],40,93,116,53,87
1,<environment.Job instance at 0x7f0d1b961410>,44,17,[1 6],45,93,110,48,89
1,<environment.Job instance at 0x7f0d1b460370>,47,21,[4 5],48,111,132,63,103
1,<environment.Job instance at 0x7f0d1b460c80>,53,12,[5 8],54,111,123,57,103
1,<environment.Job instance at 0x7f0d1b460eb0>,55,15,[4 8],56,123,138,67,111
1,<environment.Job instance at 0x7f0d1b4607d0>,56,15,[1 6],57,132,147,75,118
1,<environment.Job instance at 0x7f0d1b460d70>,61,20,[9 5],62,138,158,76,129
1,<environment.Job instance at 0x7f0d1a9ae4b0>,73,14,[10  5],74,158,172,84,143
1,<environment.Job instance at 0x7f0d1a9ae870>,74,16,[10  2],75,172,188,97,159
1,<environment.Job instance at 0x7f0d1a9ae7d0>,75,12,[3 5],76,161,173,85,161
1,<environment.Job instance at 0x7f0d1a9aeaf0>,81,15,[1 7],82,172,187,90,163
1,<environment.Job instance at 0x7f0d1aea81e0>,84,14,[4 8],85,187,201,102,174
1,<environment.Job instance at 0x7f0d1aea8d20>,90,13,[9 3],91,188,201,97,180
1,<environment.Job instance at 0x7f0d1a9200f0>,97,20,[6 5],98,201,221,103,192
1,<environment.Job instance at 0x7f0d1a920eb0>,98,15,[ 5 10],99,203,218,104,203
1,<environment.Job instance at 0x7f0d1a9205a0>,100,15,[5 8],101,218,233,117,204
1,<environment.Job instance at 0x7f0d1a9201e0>,103,16,[2 8],104,233,249,129,220
1,<environment.Job instance at 0x7f0d1b961b90>,42,16,[ 2 14],43,249,265,206,236
1,<environment.Job instance at 0x7f0d1b5de5a0>,114,14,[9 1],115,237,251,122,237
1,<environment.Job instance at 0x7f0d1b5de730>,115,15,[3 9],116,265,280,149,251
1,<environment.Job instance at 0x7f0d1b5de8c0>,117,16,[5 1],118,251,267,133,251
1,<environment.Job instance at 0x7f0d1b5de960>,119,13,[8 3],120,267,280,147,251
1,<environment.Job instance at 0x7f0d1a920c80>,108,24,[ 4 11],109,280,304,171,275
1,<environment.Job instance at 0x7f0d1b961320>,33,20,[11  5],34,304,324,270,295
1,<environment.Job instance at 0x7f0d1a8155a0>,1,27,[12  3],2,331,358,329,331
1,<environment.Job instance at 0x7f0d1adcb550>,2,16,[ 3 10],3,3,19,0,3
1,<environment.Job instance at 0x7f0d1adcb370>,3,13,[3 9],4,19,32,15,4
1,<environment.Job instance at 0x7f0d1adcb1e0>,10,14,[9 2],11,11,25,0,11
1,<environment.Job instance at 0x7f0d1ae4af50>,17,15,[3 8],18,32,47,14,18
1,<environment.Job instance at 0x7f0d1ae4a320>,24,20,[4 5],25,26,46,1,26
1,<environment.Job instance at 0x7f0d1ae4a230>,26,14,[2 6],27,46,60,19,31
1,<environment.Job instance at 0x7f0d1ae4ac80>,28,12,[6 5],29,47,59,18,31
1,<environment.Job instance at 0x7f0d1ae4a9b0>,35,12,[8 5],36,59,71,23,43
1,<environment.Job instance at 0x7f0d1a211960>,40,12,[2 5],41,60,72,19,43
1,<environment.Job instance at 0x7f0d1a2117d0>,45,14,[8 5],46,71,85,25,56
1,<environment.Job instance at 0x7f0d1ae4a7d0>,25,18,[4 6],26,72,90,46,61
1,<environment.Job instance at 0x7f0d1a211eb0>,48,20,[6 3],49,85,105,36,76
1,<environment.Job instance at 0x7f0d1a211c30>,54,12,[7 1],55,90,102,35,77
1,<environment.Job instance at 0x7f0d1adc3d20>,57,19,[8 4],58,102,121,44,94
1,<environment.Job instance at 0x7f0d1adc3aa0>,58,12,[7 5],59,105,117,46,94
1,<environment.Job instance at 0x7f0d1adc3320>,59,20,[3 9],60,117,137,57,108
1,<environment.Job instance at 0x7f0d1a211aa0>,49,21,[3 6],50,121,142,71,113
1,<environment.Job instance at 0x7f0d1adc35f0>,60,18,[9 3],61,137,155,76,126
1,<environment.Job instance at 0x7f0d1ae4a2d0>,18,14,[4 9],19,142,156,123,129
1,<environment.Job instance at 0x7f0d1adc3140>,66,17,[4 8],67,156,173,89,144
1,<environment.Job instance at 0x7f0d1adc3050>,68,16,[8 4],69,155,171,86,144
1,<environment.Job instance at 0x7f0d1adc3cd0>,61,17,[9 4],62,171,188,109,161
1,<environment.Job instance at 0x7f0d1a7df140>,72,26,[ 1 10],73,173,199,100,170
1,<environment.Job instance at 0x7f0d1a7df690>,73,26,[4 8],74,199,225,125,196
1,<environment.Job instance at 0x7f0d1a7df8c0>,74,13,[10  1],75,196,209,121,196
1,<environment.Job instance at 0x7f0d1a7df7d0>,71,21,[9 3],72,209,230,137,201
1,<environment.Job instance at 0x7f0d1a7df5a0>,77,13,[7 1],78,230,243,152,214
1,<environment.Job instance at 0x7f0d1a7dff00>,80,12,[3 8],81,225,237,144,214
1,<environment.Job instance at 0x7f0d1a7df5f0>,82,15,[5 6],83,230,245,147,216
1,<environment.Job instance at 0x7f0d1a7df370>,85,17,[5 8],86,243,260,157,231
1,<environment.Job instance at 0x7f0d1a7df0a0>,87,12,[8 5],88,245,257,157,231
1,<environment.Job instance at 0x7f0d1addc0a0>,88,18,[3 6],89,257,275,168,246
1,<environment.Job instance at 0x7f0d1addc7d0>,90,21,[5 3],91,260,281,169,252
1,<environment.Job instance at 0x7f0d1addc820>,95,17,[8 3],96,275,292,179,263
1,<environment.Job instance at 0x7f0d1addc0f0>,97,12,[7 2],98,263,275,165,263
1,<environment.Job instance at 0x7f0d1addcdc0>,99,16,[3 5],100,281,297,181,268
1,<environment.Job instance at 0x7f0d1b2dbdc0>,105,15,[1 8],106,292,307,186,278
1,<environment.Job instance at 0x7f0d1b2dbfa0>,110,14,[ 4 10],111,307,321,196,292
1,<environment.Job instance at 0x7f0d1b2db5f0>,111,13,[5 8],112,321,334,209,305
1,<environment.Job instance at 0x7f0d1b2db460>,112,16,[5 2],113,305,321,192,305
1,<environment.Job instance at 0x7f0d1b2db820>,113,20,[5 4],114,321,341,207,312
1,<environment.Job instance at 0x7f0d1b2db1e0>,115,12,[7 5],116,334,346,218,317
1,<environment.Job instance at 0x7f0d1b2db320>,116,14,[7 5],117,341,355,224,326
1,<environment.Job instance at 0x7f0d1b2c0460>,123,17,[1 7],124,346,363,222,334
1,<environment.Job instance at 0x7f0d1ab2aa00>,127,14,[8 1],128,355,369,227,340
1,<environment.Job instance at 0x7f0d1adc3be0>,67,14,[5 6],68,355,369,287,342
1,<environment.Job instance at 0x7f0d1ae4a460>,20,22,[2 8],21,363,385,342,358
1,<environment.Job instance at 0x7f0d1adcbaa0>,0,17,[13  4],1,369,386,368,358
1,<environment.Job instance at 0x7f0d1ae500a0>,1,19,[9 1],2,2,21,0,2
1,<environment.Job instance at 0x7f0d1adcb960>,2,12,[7 3],3,21,33,18,4
1,<environment.Job instance at 0x7f0d1acbb870>,4,26,[1 5],5,5,31,0,5
1,<environment.Job instance at 0x7f0d1aca5f00>,7,17,[5 9],8,31,48,23,19
1,<environment.Job instance at 0x7f0d1acad050>,8,18,[1 8],9,48,66,39,37
1,<environment.Job instance at 0x7f0d1aca59b0>,5,12,[12  5],6,48,60,42,37
1,<environment.Job instance at 0x7f0d1a5a0f00>,11,17,[12  1],12,60,77,48,48
1,<environment.Job instance at 0x7f0d1a5a0140>,12,14,[8 4],13,77,91,64,62
1,<environment.Job instance at 0x7f0d1a5a0190>,13,19,[ 2 10],14,66,85,52,62
1,<environment.Job instance at 0x7f0d1a5a0870>,14,28,[6 2],15,85,113,70,84
1,<environment.Job instance at 0x7f0d1a321870>,16,14,[9 3],17,91,105,74,84
1,<environment.Job instance at 0x7f0d1a321370>,17,14,[11  2],18,113,127,95,98
1,<environment.Job instance at 0x7f0d1a3213c0>,18,24,[7 2],19,127,151,108,122
1,<environment.Job instance at 0x7f0d1a3219b0>,19,23,[3 8],20,122,145,102,122
1,<environment.Job instance at 0x7f0d1a321aa0>,21,13,[4 5],22,127,140,105,122
1,<environment.Job instance at 0x7f0d1a321be0>,23,14,[8 4],24,145,159,121,130
1,<environment.Job instance at 0x7f0d1adcbaa0>,3,17,[1 8],4,151,168,147,143
1,<environment.Job instance at 0x7f0d1acad870>,9,20,[9 1],10,159,179,149,150
1,<environment.Job instance at 0x7f0d1a321e60>,27,20,[5 4],28,169,189,141,169
1,<environment.Job instance at 0x7f0d1a321fa0>,29,16,[9 4],30,179,195,149,175
1,<environment.Job instance at 0x7f0d1a321960>,28,28,[14  2],29,195,223,166,194
1,<environment.Job instance at 0x7f0d1b7b2460>,36,13,[6 5],37,223,236,186,207
1,<environment.Job instance at 0x7f0d1b7b2730>,40,18,[ 1 10],41,208,226,167,208
1,<environment.Job instance at 0x7f0d1a321f50>,31,17,[5 5],32,226,243,194,214
1,<environment.Job instance at 0x7f0d1b7b2910>,43,20,[3 9],44,236,256,192,227
1,<environment.Job instance at 0x7f0d1b7b29b0>,44,25,[4 5],45,243,268,198,239
1,<environment.Job instance at 0x7f0d1b7b2870>,42,21,[7 4],43,256,277,213,249
1,<environment.Job instance at 0x7f0d1b7b2af0>,46,16,[9 5],47,277,293,230,264
1,<environment.Job instance at 0x7f0d1a321c80>,24,22,[1 8],25,268,290,243,266
1,<environment.Job instance at 0x7f0d1b7b2640>,54,12,[ 3 12],55,293,305,238,276
1,<environment.Job instance at 0x7f0d1b7b2a50>,45,25,[10  3],46,293,318,247,289
1,<environment.Job instance at 0x7f0d1a5b8230>,56,27,[14  4],57,318,345,261,316
1,<environment.Job instance at 0x7f0d1a5b82d0>,57,25,[ 2 14],58,345,370,287,341
1,<environment.Job instance at 0x7f0d1a5b8370>,58,19,[6 4],59,370,389,311,360
1,<environment.Job instance at 0x7f0d1a5b8410>,59,13,[6 4],60,370,383,310,360
1,<environment.Job instance at 0x7f0d1a5b84b0>,60,20,[ 3 11],61,383,403,322,374
1,<environment.Job instance at 0x7f0d1a5b8550>,61,19,[5 5],62,403,422,341,393
1,<environment.Job instance at 0x7f0d1a5b8050>,62,17,[7 1],63,393,410,330,393
1,<environment.Job instance at 0x7f0d1a5b8140>,63,15,[ 2 14],64,422,437,358,408
1,<environment.Job instance at 0x7f0d1a5b8730>,64,23,[ 3 14],65,437,460,372,431
1,<environment.Job instance at 0x7f0d1a5b8690>,65,21,[ 5 13],66,460,481,394,452
1,<environment.Job instance at 0x7f0d1a5b8820>,66,16,[ 3 14],67,481,497,414,468
1,<environment.Job instance at 0x7f0d1a5b88c0>,67,17,[11  5],68,497,514,429,485
1,<environment.Job instance at 0x7f0d1a5b8960>,68,14,[11  3],69,514,528,445,499
1,<environment.Job instance at 0x7f0d1a5b8a00>,69,18,[7 3],70,528,546,458,517
1,<environment.Job instance at 0x7f0d1a5b8aa0>,70,13,[14  1],71,546,559,475,530
1,<environment.Job instance at 0x7f0d1a5b8b40>,71,18,[1 5],72,530,548,458,530
1,<environment.Job instance at 0x7f0d1a5b8be0>,72,22,[1 6],73,548,570,475,541
1,<environment.Job instance at 0x7f0d1a5b8c80>,73,16,[ 2 12],74,570,586,496,557
1,<environment.Job instance at 0x7f0d1a5b8d20>,74,18,[ 3 11],75,586,604,511,575
1,<environment.Job instance at 0x7f0d1a5b8dc0>,75,15,[5 5],76,604,619,528,590
1,<environment.Job instance at 0x7f0d1a5b8e60>,76,15,[ 1 14],77,619,634,542,605
1,<environment.Job instance at 0x7f0d1a5b8f50>,77,24,[5 2],78,634,658,556,629
1,<environment.Job instance at 0x7f0d1a5b8fa0>,78,23,[ 2 13],79,634,657,555,629
1,<environment.Job instance at 0x7f0d1a5d9050>,79,13,[14  1],80,658,671,578,642
1,<environment.Job instance at 0x7f0d1a5d90a0>,80,22,[ 1 11],81,657,679,576,650
1,<environment.Job instance at 0x7f0d1a5d91e0>,81,23,[3 8],82,679,702,597,673
1,<environment.Job instance at 0x7f0d1a5d9280>,82,13,[ 3 12],83,702,715,619,686
1,<environment.Job instance at 0x7f0d1a5d9320>,83,14,[ 2 11],84,715,729,631,700
1,<environment.Job instance at 0x7f0d1a5d9690>,84,25,[5 8],85,729,754,644,725
1,<environment.Job instance at 0x7f0d1a5d95f0>,85,16,[2 6],86,729,745,643,725
1,<environment.Job instance at 0x7f0d1b7b20a0>,53,20,[7 3],54,745,765,691,737
1,<environment.Job instance at 0x7f0d1a5d97d0>,87,17,[5 5],88,754,771,666,742
1,<environment.Job instance at 0x7f0d1a5d9910>,89,12,[6 2],90,765,777,675,751
1,<environment.Job instance at 0x7f0d1a5b8190>,55,16,[ 2 11],56,771,787,715,758
1,<environment.Job instance at 0x7f0d1a5d99b0>,90,15,[1 8],91,787,802,696,773
1,<environment.Job instance at 0x7f0d1a5d9b90>,93,12,[10  4],94,777,789,683,773
1,<environment.Job instance at 0x7f0d1a5d9c30>,94,15,[10  4],95,789,804,694,775
1,<environment.Job instance at 0x7f0d1a5d9d70>,96,22,[2 5],97,802,824,705,795
1,<environment.Job instance at 0x7f0d1a5d9460>,98,21,[2 8],99,806,827,707,806
1,<environment.Job instance at 0x7f0d1a5a8dc0>,103,15,[6 2],104,806,821,702,806
1,<environment.Job instance at 0x7f0d1a5a8460>,105,15,[1 5],106,824,839,718,810
1,<environment.Job instance at 0x7f0d1a5a8f50>,108,21,[7 3],109,827,848,718,819
1,<environment.Job instance at 0x7f0d1a194320>,111,14,[1 9],112,839,853,727,824
1,<environment.Job instance at 0x7f0d1a3572d0>,113,22,[10  4],114,848,870,734,841
1,<environment.Job instance at 0x7f0d1b507050>,114,13,[5 5],115,853,866,738,841
1,<environment.Job instance at 0x7f0d1a5a4d20>,119,17,[3 5],120,866,883,746,854
1,<environment.Job instance at 0x7f0d1a5a4870>,121,15,[7 1],122,870,885,748,857
1,<environment.Job instance at 0x7f0d1b5396e0>,123,12,[8 4],124,883,895,759,866
1,<environment.Job instance at 0x7f0d1b7bc320>,127,17,[ 2 10],128,885,902,757,876
1,<environment.Job instance at 0x7f0d1acbb370>,6,26,[ 4 12],7,902,928,895,899
1,<environment.Job instance at 0x7f0d1b50f0f0>,128,22,[4 7],129,931,953,802,931
1,<environment.Job instance at 0x7f0d1a5d9a50>,91,20,[3 8],92,931,951,839,931
1,<environment.Job instance at 0x7f0d1b346460>,0,22,[3 5],1,2,24,1,2
1,<environment.Job instance at 0x7f0d1aff1050>,2,27,[4 8],3,3,30,0,3
1,<environment.Job instance at 0x7f0d1b232f50>,7,18,[9 3],8,24,42,16,13
1,<environment.Job instance at 0x7f0d1b2320a0>,9,14,[6 2],10,30,44,20,15
1,<environment.Job instance at 0x7f0d1b232e60>,11,28,[1 7],12,42,70,30,41
1,<environment.Job instance at 0x7f0d1b232aa0>,12,14,[4 7],13,44,58,31,41
1,<environment.Job instance at 0x7f0d1a62b4b0>,14,23,[3 9],15,70,93,55,64
1,<environment.Job instance at 0x7f0d1aefa910>,17,14,[5 6],18,64,78,46,64
1,<environment.Job instance at 0x7f0d1aefa500>,19,23,[3 9],20,93,116,73,87
1,<environment.Job instance at 0x7f0d1aefaf00>,21,21,[2 5],22,87,108,65,87
1,<environment.Job instance at 0x7f0d1ae22410>,24,13,[1 7],25,116,129,91,100
1,<environment.Job instance at 0x7f0d1ae225a0>,27,26,[5 1],28,103,129,75,103
1,<environment.Job instance at 0x7f0d1ae22140>,28,16,[ 4 10],29,129,145,100,116
1,<environment.Job instance at 0x7f0d1ae22cd0>,29,21,[ 2 10],30,145,166,115,137
1,<environment.Job instance at 0x7f0d1ae22190>,31,19,[ 2 10],32,166,185,134,156
1,<environment.Job instance at 0x7f0d1ae22a00>,34,19,[2 9],35,185,204,150,175
1,<environment.Job instance at 0x7f0d1ae226e0>,35,18,[9 3],36,175,193,139,175
1,<environment.Job instance at 0x7f0d1ae221e0>,36,14,[5 5],37,193,207,156,178
1,<environment.Job instance at 0x7f0d1ae224b0>,37,22,[7 2],38,204,226,166,197
1,<environment.Job instance at 0x7f0d24270280>,39,20,[5 7],40,207,227,167,198
1,<environment.Job instance at 0x7f0d24270fa0>,42,18,[7 1],43,226,244,183,215
1,<environment.Job instance at 0x7f0d1ade64b0>,50,21,[5 9],51,227,248,176,219
1,<environment.Job instance at 0x7f0d1ade6af0>,51,12,[2 8],52,248,260,196,231
1,<environment.Job instance at 0x7f0d1ade61e0>,53,14,[3 7],54,248,262,194,233
1,<environment.Job instance at 0x7f0d1ade6d70>,56,15,[5 5],57,260,275,203,246
1,<environment.Job instance at 0x7f0d1b4d5cd0>,60,20,[8 4],61,262,282,201,253
1,<environment.Job instance at 0x7f0d1b4d5140>,62,21,[10  4],63,282,303,219,274
1,<environment.Job instance at 0x7f0d1b4d5550>,63,24,[6 1],64,303,327,239,298
1,<environment.Job instance at 0x7f0d1b4d5640>,65,15,[5 6],66,298,313,232,298
1,<environment.Job instance at 0x7f0d1a5d9780>,3,17,[ 2 12],4,313,330,309,307
1,<environment.Job instance at 0x7f0d1b4d5280>,72,21,[7 1],73,313,334,240,308
1,<environment.Job instance at 0x7f0d1b4d5aa0>,73,19,[1 5],74,330,349,256,320
1,<environment.Job instance at 0x7f0d1b4d5eb0>,74,14,[2 5],75,330,344,255,320
1,<environment.Job instance at 0x7f0d244f10f0>,77,18,[5 1],78,327,345,249,320
1,<environment.Job instance at 0x7f0d1b4d5190>,78,15,[2 8],79,344,359,265,330
1,<environment.Job instance at 0x7f0d1b4d5050>,81,19,[5 4],82,349,368,267,339
1,<environment.Job instance at 0x7f0d1a898af0>,92,16,[1 7],93,359,375,266,346
1,<environment.Job instance at 0x7f0d1a898140>,95,23,[6 3],96,349,372,253,346
1,<environment.Job instance at 0x7f0d1a898320>,96,20,[1 7],97,372,392,275,363
1,<environment.Job instance at 0x7f0d1b232a50>,8,16,[3 8],9,375,391,366,365
1,<environment.Job instance at 0x7f0d242fcaf0>,97,23,[10  3],98,391,414,293,385
1,<environment.Job instance at 0x7f0d1b8c0cd0>,99,15,[9 2],100,414,429,314,400
1,<environment.Job instance at 0x7f0d1b8c0be0>,101,17,[7 5],102,429,446,327,417
1,<environment.Job instance at 0x7f0d1afd5d70>,104,19,[5 3],105,417,436,312,417
1,<environment.Job instance at 0x7f0d1a900190>,108,14,[5 5],109,436,450,327,421
1,<environment.Job instance at 0x7f0d1a900cd0>,109,14,[10  5],110,446,460,336,431
1,<environment.Job instance at 0x7f0d1a7d27d0>,110,21,[6 3],111,460,481,349,452
1,<environment.Job instance at 0x7f0d1a97f140>,111,20,[6 5],112,460,480,348,452
1,<environment.Job instance at 0x7f0d1a4fb280>,115,19,[5 4],116,480,499,364,470
1,<environment.Job instance at 0x7f0d1a6dfc80>,116,21,[ 3 10],117,481,502,364,473
1,<environment.Job instance at 0x7f0d1a002d70>,117,14,[7 1],118,481,495,363,473
1,<environment.Job instance at 0x7f0d1a4fb4b0>,119,13,[ 1 10],120,502,515,382,486
1,<environment.Job instance at 0x7f0d1b7edf00>,122,18,[4 9],123,515,533,392,504
1,<environment.Job instance at 0x7f0d1a5c0460>,123,18,[11  3],124,504,522,380,504
1,<environment.Job instance at 0x7f0d1b7a31e0>,124,24,[7 3],125,522,546,397,517
1,<environment.Job instance at 0x7f0d1a967aa0>,125,13,[9 3],126,546,559,420,530
1,<environment.Job instance at 0x7f0d1a507eb0>,127,21,[5 2],128,533,554,405,530
1,<environment.Job instance at 0x7f0d1a507460>,128,16,[8 1],129,559,575,430,546
1,<environment.Job instance at 0x7f0d1b232230>,6,20,[1 7],7,652,672,645,652
1,<environment.Job instance at 0x7f0d1b4d50a0>,70,17,[11  5],71,652,669,581,652
1,<environment.Job instance at 0x7f0d1aff1f00>,4,22,[2 8],5,3625,3647,3620,3625
1,<environment.Job instance at 0x7f0d1a27a140>,0,13,[14  4],1,1,14,0,1
1,<environment.Job instance at 0x7f0d1a27aa50>,1,16,[3 8],2,14,30,12,2
1,<environment.Job instance at 0x7f0d23f09640>,4,21,[1 9],5,30,51,25,22
1,<environment.Job instance at 0x7f0d23f09410>,9,12,[3 9],10,51,63,41,34
1,<environment.Job instance at 0x7f0d1afbc9b0>,11,19,[5 1],12,34,53,22,34
1,<environment.Job instance at 0x7f0d1afbc5a0>,15,14,[1 5],16,34,48,18,34
1,<environment.Job instance at 0x7f0d1afbcbe0>,16,17,[1 9],17,63,80,46,51
1,<environment.Job instance at 0x7f0d1afbc230>,18,13,[10  1],19,53,66,34,51
1,<environment.Job instance at 0x7f0d1b0d8410>,25,20,[7 1],26,66,86,40,57
1,<environment.Job instance at 0x7f0d1b0d83c0>,30,19,[7 4],31,66,85,35,57
1,<environment.Job instance at 0x7f0d1b0d8640>,32,12,[7 3],33,85,97,52,68
1,<environment.Job instance at 0x7f0d1b0d8be0>,33,21,[7 2],34,86,107,52,78
1,<environment.Job instance at 0x7f0d1b0d8280>,34,14,[5 5],35,97,111,62,82
1,<environment.Job instance at 0x7f0d24417b40>,42,13,[2 8],43,97,110,54,82
1,<environment.Job instance at 0x7f0d244e4960>,52,12,[6 3],53,110,122,57,93
1,<environment.Job instance at 0x7f0d1b3b79b0>,58,16,[5 9],59,111,127,52,98
1,<environment.Job instance at 0x7f0d1a81aaf0>,63,21,[8 2],64,122,143,58,114
1,<environment.Job instance at 0x7f0d1a81a4b0>,67,18,[1 9],68,127,145,59,117
1,<environment.Job instance at 0x7f0d1a81aeb0>,70,20,[1 5],71,143,163,72,134
1,<environment.Job instance at 0x7f0d1b0b6eb0>,72,20,[6 5],73,145,165,72,136
1,<environment.Job instance at 0x7f0d1b0b6d20>,80,17,[8 1],81,143,160,62,136
1,<environment.Job instance at 0x7f0d1b207c30>,81,12,[2 6],82,163,175,81,146
1,<environment.Job instance at 0x7f0d243b5c80>,82,13,[7 2],83,160,173,77,146
1,<environment.Job instance at 0x7f0d1a04d9b0>,88,17,[9 5],89,173,190,84,161
1,<environment.Job instance at 0x7f0d23ef6820>,89,21,[5 8],90,175,196,85,167
1,<environment.Job instance at 0x7f0d1b2dec30>,90,23,[6 2],91,190,213,99,184
1,<environment.Job instance at 0x7f0d1acf4be0>,91,18,[7 2],92,196,214,104,185
1,<environment.Job instance at 0x7f0d1a072c80>,98,18,[1 8],99,196,214,97,185
1,<environment.Job instance at 0x7f0d1ad080f0>,102,12,[10  3],103,214,226,111,197
1,<environment.Job instance at 0x7f0d1ad08eb0>,103,16,[5 7],104,214,230,110,201
1,<environment.Job instance at 0x7f0d1ad08640>,106,15,[1 9],107,230,245,123,216
1,<environment.Job instance at 0x7f0d1a785190>,107,18,[10  4],108,226,244,118,216
1,<environment.Job instance at 0x7f0d1a785230>,108,14,[ 4 10],109,245,259,136,230
1,<environment.Job instance at 0x7f0d1add4dc0>,111,20,[5 3],112,244,264,132,235
1,<environment.Job instance at 0x7f0d1aa89c80>,113,13,[6 5],114,259,272,145,243
1,<environment.Job instance at 0x7f0d1b7be5a0>,114,16,[10  2],115,272,288,157,259
1,<environment.Job instance at 0x7f0d1b7beeb0>,115,16,[ 2 10],116,264,280,148,259
1,<environment.Job instance at 0x7f0d1b896d20>,120,19,[4 9],121,280,299,159,270
1,<environment.Job instance at 0x7f0d1b896870>,122,20,[7 4],123,288,308,165,279
1,<environment.Job instance at 0x7f0d1b896b40>,124,17,[1 7],125,299,316,174,287
1,<environment.Job instance at 0x7f0d1b8965f0>,125,13,[8 2],126,308,321,182,292
1,<environment.Job instance at 0x7f0d23f09780>,5,17,[3 5],6,5093,5110,5087,5093
1,<environment.Job instance at 0x7f0d1a27a320>,2,16,[ 2 13],3,5110,5126,5107,5097
1,<environment.Job instance at 0x7f0d1b232870>,3,24,[7 1],4,6950,6974,6946,6950
1,<environment.Job instance at 0x7f0d1abcd8c0>,1,15,[14  4],2,2,17,0,2
1,<environment.Job instance at 0x7f0d1b685640>,13,16,[2 5],14,17,33,3,14
1,<environment.Job instance at 0x7f0d1b6856e0>,14,17,[9 4],15,17,34,2,15
1,<environment.Job instance at 0x7f0d1b49b2d0>,16,16,[2 6],17,17,33,0,17
1,<environment.Job instance at 0x7f0d1af9f320>,20,12,[5 5],21,33,45,12,21
1,<environment.Job instance at 0x7f0d1a4cc730>,17,17,[1 7],18,34,51,16,22
1,<environment.Job instance at 0x7f0d1af9f410>,24,12,[4 7],25,45,57,20,29
1,<environment.Job instance at 0x7f0d1af9f870>,21,15,[1 8],22,51,66,29,40
1,<environment.Job instance at 0x7f0d1af9f2d0>,23,21,[13  2],24,57,78,33,49
1,<environment.Job instance at 0x7f0d1a71c320>,30,16,[13  2],31,78,94,47,65
1,<environment.Job instance at 0x7f0d1a71c0f0>,29,14,[ 4 10],30,94,108,64,79
1,<environment.Job instance at 0x7f0d244c3be0>,32,18,[3 8],33,108,126,75,97
1,<environment.Job instance at 0x7f0d1abe2be0>,35,23,[9 3],36,99,122,63,99
1,<environment.Job instance at 0x7f0d1a71c1e0>,31,20,[1 6],32,122,142,90,113
1,<environment.Job instance at 0x7f0d1b13ecd0>,39,15,[4 7],40,126,141,86,113
1,<environment.Job instance at 0x7f0d1a9d5550>,40,21,[ 3 13],41,142,163,101,134
1,<environment.Job instance at 0x7f0d1b6eb280>,41,18,[13  1],42,163,181,121,152
1,<environment.Job instance at 0x7f0d1b6968c0>,42,13,[ 4 12],43,181,194,138,165
1,<environment.Job instance at 0x7f0d1aed1c80>,49,17,[7 1],50,181,198,131,169
1,<environment.Job instance at 0x7f0d1aed15f0>,51,13,[1 7],52,194,207,142,178
1,<environment.Job instance at 0x7f0d1ad87be0>,57,12,[7 3],58,194,206,136,179
1,<environment.Job instance at 0x7f0d1ad87410>,58,13,[10  5],59,206,219,147,190
1,<environment.Job instance at 0x7f0d1ab801e0>,61,17,[8 5],62,219,236,157,207
1,<environment.Job instance at 0x7f0d1ab80280>,62,12,[2 5],63,207,219,144,207
1,<environment.Job instance at 0x7f0d1ab80230>,63,12,[5 5],64,219,231,155,207
1,<environment.Job instance at 0x7f0d1ab80190>,64,13,[1 9],65,231,244,166,215
1,<environment.Job instance at 0x7f0d1ab80a00>,65,20,[9 3],66,236,256,170,227
1,<environment.Job instance at 0x7f0d1ab80780>,67,12,[3 7],68,244,256,176,227
1,<environment.Job instance at 0x7f0d1b836780>,73,12,[1 5],74,244,256,170,227
1,<environment.Job instance at 0x7f0d1b836370>,79,20,[8 2],80,256,276,176,247
1,<environment.Job instance at 0x7f0d1b836460>,80,14,[4 9],81,256,270,175,247
1,<environment.Job instance at 0x7f0d1b8364b0>,83,21,[8 2],84,276,297,192,268
1,<environment.Job instance at 0x7f0d1af7aaf0>,87,12,[5 4],88,270,282,182,268
1,<environment.Job instance at 0x7f0d1af7a190>,89,12,[2 5],90,270,282,180,268
1,<environment.Job instance at 0x7f0d1af7a960>,91,16,[3 8],92,282,298,190,269
1,<environment.Job instance at 0x7f0d1af7ae60>,92,16,[4 5],93,282,298,189,269
1,<environment.Job instance at 0x7f0d1af7ad20>,100,14,[2 5],101,298,312,197,283
1,<environment.Job instance at 0x7f0d1af7a4b0>,102,18,[ 4 10],103,298,316,195,287
1,<environment.Job instance at 0x7f0d1af7af50>,103,13,[5 2],104,312,325,208,296
1,<environment.Job instance at 0x7f0d1b0bdf50>,105,23,[3 8],106,316,339,210,312
1,<environment.Job instance at 0x7f0d1b0bd4b0>,109,16,[5 7],110,325,341,215,312
1,<environment.Job instance at 0x7f0d1b0bd320>,110,14,[8 1],111,339,353,228,324
1,<environment.Job instance at 0x7f0d1b0bdc80>,114,15,[5 1],115,341,356,226,327
1,<environment.Job instance at 0x7f0d1b0bd870>,116,16,[10  5],117,353,369,236,340
1,<environment.Job instance at 0x7f0d1b0bdd20>,119,15,[4 7],120,356,371,236,342
1,<environment.Job instance at 0x7f0d1b0bd730>,123,15,[5 5],124,369,384,245,355
1,<environment.Job instance at 0x7f0d1af8daf0>,125,19,[5 4],126,371,390,245,361
1,<environment.Job instance at 0x7f0d1af8deb0>,126,12,[9 4],127,384,396,257,367
1,<environment.Job instance at 0x7f0d1af8dc30>,127,12,[4 7],128,390,402,262,373
1,<environment.Job instance at 0x7f0d1b696f00>,43,25,[3 9],44,402,427,358,398
1,<environment.Job instance at 0x7f0d1abcd910>,0,28,[11  2],1,398,426,397,398
1,<environment.Job instance at 0x7f0d1af9fd70>,22,20,[4 7],23,631,651,608,631
1,<environment.Job instance at 0x7f0d1b8a8af0>,0,27,[4 6],1,1,28,0,1
1,<environment.Job instance at 0x7f0d1b8a88c0>,1,24,[4 5],2,2,26,0,2
1,<environment.Job instance at 0x7f0d1a596b90>,2,15,[ 1 12],3,28,43,25,19
1,<environment.Job instance at 0x7f0d1ad94050>,21,27,[1 9],22,43,70,21,41
1,<environment.Job instance at 0x7f0d1ad94730>,18,20,[8 5],19,47,67,28,47
1,<environment.Job instance at 0x7f0d1ad94690>,23,17,[5 6],24,67,84,43,55
1,<environment.Job instance at 0x7f0d1ad94af0>,22,15,[4 8],23,70,85,47,57
1,<environment.Job instance at 0x7f0d1ad94d70>,30,18,[5 3],31,84,102,53,73
1,<environment.Job instance at 0x7f0d1ad94e10>,32,14,[9 2],33,85,99,52,75
1,<environment.Job instance at 0x7f0d1ad87780>,11,26,[1 5],12,85,111,73,82
1,<environment.Job instance at 0x7f0d1ad94140>,34,13,[7 2],35,99,112,64,83
1,<environment.Job instance at 0x7f0d1ad94230>,33,20,[4 7],34,102,122,68,93
1,<environment.Job instance at 0x7f0d1ad94be0>,37,12,[6 4],38,112,124,74,95
1,<environment.Job instance at 0x7f0d1ad94e60>,35,21,[5 1],36,112,133,76,107
1,<environment.Job instance at 0x7f0d1ae27be0>,43,16,[6 1],44,124,140,80,111
1,<environment.Job instance at 0x7f0d1ae27c80>,48,12,[ 3 12],49,124,136,75,111
1,<environment.Job instance at 0x7f0d1ae27f50>,51,12,[4 7],52,136,148,84,119
1,<environment.Job instance at 0x7f0d1ae27aa0>,49,14,[3 7],50,136,150,86,121
1,<environment.Job instance at 0x7f0d1b364280>,54,15,[4 8],55,148,163,93,134
1,<environment.Job instance at 0x7f0d1b3640a0>,57,18,[5 6],58,150,168,92,139
1,<environment.Job instance at 0x7f0d1b364a50>,58,13,[8 2],59,163,176,104,147
1,<environment.Job instance at 0x7f0d1b364be0>,60,14,[4 7],61,168,182,107,153
1,<environment.Job instance at 0x7f0d1b364f50>,62,12,[6 5],63,176,188,113,159
1,<environment.Job instance at 0x7f0d1b364730>,66,17,[4 6],67,182,199,115,170
1,<environment.Job instance at 0x7f0d1b364e60>,68,13,[5 1],69,176,189,107,175
1,<environment.Job instance at 0x7f0d1b364aa0>,70,19,[ 5 10],71,199,218,128,190
1,<environment.Job instance at 0x7f0d1b364460>,71,16,[ 3 10],72,218,234,146,205
1,<environment.Job instance at 0x7f0d1ad948c0>,19,20,[7 1],20,228,248,208,228
1,<environment.Job instance at 0x7f0d1b364640>,74,14,[5 4],75,228,242,153,228
1,<environment.Job instance at 0x7f0d1b2d8870>,75,16,[5 9],76,242,258,166,229
1,<environment.Job instance at 0x7f0d1b2d8b40>,77,12,[6 3],78,248,260,170,231
1,<environment.Job instance at 0x7f0d1b2d86e0>,80,13,[6 1],81,258,271,177,242
1,<environment.Job instance at 0x7f0d1a7cf140>,83,12,[7 4],84,260,272,176,243
1,<environment.Job instance at 0x7f0d1a7cfb40>,85,22,[6 5],86,271,293,185,264
1,<environment.Job instance at 0x7f0d1a7cfd70>,86,12,[2 9],87,272,284,185,264
1,<environment.Job instance at 0x7f0d1a7cf690>,89,18,[1 7],90,284,302,194,273
1,<environment.Job instance at 0x7f0d1a7cf3c0>,90,21,[1 9],91,302,323,211,294
1,<environment.Job instance at 0x7f0d1ae27dc0>,52,22,[14  4],53,294,316,241,294
1,<environment.Job instance at 0x7f0d1a7cfdc0>,94,25,[11  4],95,316,341,221,312
1,<environment.Job instance at 0x7f0d1a7cf910>,92,20,[1 8],93,323,343,230,314
1,<environment.Job instance at 0x7f0d1a7cf4b0>,96,21,[2 5],97,341,362,244,333
1,<environment.Job instance at 0x7f0d1b5eddc0>,98,20,[5 4],99,343,363,244,334
1,<environment.Job instance at 0x7f0d1b5ede10>,99,20,[5 8],100,362,382,262,353
1,<environment.Job instance at 0x7f0d1b5ed320>,100,22,[7 5],101,363,385,262,356
1,<environment.Job instance at 0x7f0d1a542780>,106,23,[5 1],107,382,405,275,376
1,<environment.Job instance at 0x7f0d1a542500>,109,12,[10  1],110,385,397,275,376
1,<environment.Job instance at 0x7f0d1a542b90>,115,12,[3 8],116,397,409,281,380
1,<environment.Job instance at 0x7f0d1a5426e0>,117,21,[5 8],118,409,430,291,401
1,<environment.Job instance at 0x7f0d1a5420f0>,118,26,[5 4],119,401,427,282,401
1,<environment.Job instance at 0x7f0d1b778aa0>,119,19,[2 5],120,427,446,307,417
1,<environment.Job instance at 0x7f0d1b778eb0>,121,12,[3 7],122,430,442,308,417
1,<environment.Job instance at 0x7f0d1b7786e0>,124,20,[8 2],125,427,447,302,418
1,<environment.Job instance at 0x7f0d1b6e25f0>,127,17,[2 9],128,446,463,318,434
1,<environment.Job instance at 0x7f0d1b2d8e60>,78,18,[12  5],79,488,506,409,488
1,<environment.Job instance at 0x7f0d1ad87960>,20,25,[ 1 13],21,585,610,564,585
1,<environment.Job instance at 0x7f0d1b95c820>,0,25,[ 4 12],1,1,26,0,1
1,<environment.Job instance at 0x7f0d1a23a5a0>,5,22,[2 6],6,26,48,20,19
1,<environment.Job instance at 0x7f0d1a23ab40>,9,20,[6 4],10,26,46,16,19
1,<environment.Job instance at 0x7f0d1aaa60f0>,14,16,[6 5],15,26,42,11,19
1,<environment.Job instance at 0x7f0d1b52b0f0>,16,21,[5 8],17,46,67,29,38
1,<environment.Job instance at 0x7f0d1b52ba50>,17,19,[3 7],18,48,67,30,38
1,<environment.Job instance at 0x7f0d1b2de500>,25,16,[7 4],26,67,83,41,54
1,<environment.Job instance at 0x7f0d23f82f00>,28,14,[10  4],29,83,97,54,68
1,<environment.Job instance at 0x7f0d1a23a460>,1,17,[4 8],2,68,85,66,68
1,<environment.Job instance at 0x7f0d1ae2f2d0>,31,18,[2 9],32,85,103,53,74
1,<environment.Job instance at 0x7f0d1b4eeeb0>,41,14,[6 5],42,97,111,55,82
1,<environment.Job instance at 0x7f0d1b0d2460>,42,21,[6 3],43,103,124,60,95
1,<environment.Job instance at 0x7f0d1a7fc8c0>,43,17,[10  2],44,124,141,80,112
1,<environment.Job instance at 0x7f0d1b66f190>,44,18,[6 5],45,141,159,96,130
1,<environment.Job instance at 0x7f0d1a7fcc80>,45,16,[6 1],46,141,157,95,136
1,<environment.Job instance at 0x7f0d1b1a4d20>,46,14,[10  5],47,159,173,112,144
1,<environment.Job instance at 0x7f0d1b1a4780>,48,13,[1 6],49,146,159,97,146
1,<environment.Job instance at 0x7f0d1b1a4500>,51,20,[ 4 10],52,159,179,107,151
1,<environment.Job instance at 0x7f0d1ab220f0>,56,16,[ 3 10],57,179,195,122,166
1,<environment.Job instance at 0x7f0d1ab22cd0>,57,18,[7 2],58,173,191,115,167
1,<environment.Job instance at 0x7f0d1b7fc8c0>,61,16,[10  1],62,191,207,129,178
1,<environment.Job instance at 0x7f0d1b7fcd20>,62,17,[4 8],63,195,212,132,183
1,<environment.Job instance at 0x7f0d1a7cd1e0>,64,15,[3 5],65,207,222,142,193
1,<environment.Job instance at 0x7f0d1a7cd7d0>,65,14,[9 1],66,212,226,146,198
1,<environment.Job instance at 0x7f0d1a7cd960>,66,14,[4 7],67,222,236,155,207
1,<environment.Job instance at 0x7f0d1a976460>,71,22,[6 3],72,226,248,154,219
1,<environment.Job instance at 0x7f0d1a976960>,73,18,[4 5],74,226,244,152,219
1,<environment.Job instance at 0x7f0d23eafe10>,77,15,[10  5],78,248,263,170,234
1,<environment.Job instance at 0x7f0d1a23a500>,7,23,[ 3 10],8,244,267,236,243
1,<environment.Job instance at 0x7f0d1ae1bf50>,32,12,[14  3],33,267,279,234,250
1,<environment.Job instance at 0x7f0d1a7dd690>,81,21,[8 3],82,279,300,197,271
1,<environment.Job instance at 0x7f0d1b15f910>,89,17,[ 3 10],90,279,296,189,271
1,<environment.Job instance at 0x7f0d1b15f2d0>,90,12,[3 6],91,296,308,205,279
1,<environment.Job instance at 0x7f0d1b15f870>,92,17,[4 5],93,296,313,203,284
1,<environment.Job instance at 0x7f0d1b15f370>,93,13,[3 7],94,308,321,214,292
1,<environment.Job instance at 0x7f0d1b15fcd0>,96,21,[2 5],97,313,334,216,305
1,<environment.Job instance at 0x7f0d1b1350a0>,101,16,[5 5],102,321,337,219,308
1,<environment.Job instance at 0x7f0d1adbf8c0>,102,18,[7 5],103,321,339,218,310
1,<environment.Job instance at 0x7f0d1a91e320>,106,12,[5 4],107,337,349,230,320
1,<environment.Job instance at 0x7f0d23ec4500>,107,13,[1 8],108,339,352,231,323
1,<environment.Job instance at 0x7f0d1a91eb40>,108,18,[ 4 10],109,352,370,243,341
1,<environment.Job instance at 0x7f0d1af760f0>,109,17,[ 3 10],110,370,387,260,358
1,<environment.Job instance at 0x7f0d1a1abdc0>,112,14,[1 7],113,387,401,274,372
1,<environment.Job instance at 0x7f0d1aea5370>,114,13,[ 4 10],115,401,414,286,385
1,<environment.Job instance at 0x7f0d1aea5500>,115,14,[10  3],116,386,400,270,386
1,<environment.Job instance at 0x7f0d1aea5780>,116,19,[7 1],117,400,419,283,390
1,<environment.Job instance at 0x7f0d1af84190>,118,12,[2 9],119,414,426,295,397
1,<environment.Job instance at 0x7f0d1b3592d0>,119,15,[6 1],120,414,429,294,400
1,<environment.Job instance at 0x7f0d1a107280>,120,18,[5 5],121,419,437,298,408
1,<environment.Job instance at 0x7f0d1ad35460>,126,15,[5 3],127,429,444,302,415
1,<environment.Job instance at 0x7f0d1a4a3550>,127,12,[9 5],128,437,449,309,420
1,<environment.Job instance at 0x7f0d1a7ddf50>,83,26,[4 6],84,444,470,360,441
1,<environment.Job instance at 0x7f0d1a23abe0>,6,25,[2 9],7,8863,8888,8856,8863
1,<environment.Job instance at 0x7f0d1a23aa50>,2,15,[1 8],3,3,18,0,3
1,<environment.Job instance at 0x7f0d1a2dd9b0>,5,13,[8 3],6,6,19,0,6
1,<environment.Job instance at 0x7f0d1a2ddd20>,9,17,[ 2 10],10,18,35,8,10
1,<environment.Job instance at 0x7f0d1a23abe0>,12,12,[5 7],13,35,47,22,18
1,<environment.Job instance at 0x7f0d1a2ddf50>,13,28,[8 3],14,20,48,6,20
1,<environment.Job instance at 0x7f0d1a2e46e0>,22,18,[8 3],23,48,66,25,37
1,<environment.Job instance at 0x7f0d1a2e4910>,25,17,[6 1],26,47,64,21,37
1,<environment.Job instance at 0x7f0d1a2e4a50>,27,17,[ 4 10],28,64,81,36,52
1,<environment.Job instance at 0x7f0d1a2e4b90>,29,16,[7 3],30,66,82,36,53
1,<environment.Job instance at 0x7f0d1a2e4e10>,33,21,[5 2],34,81,102,47,73
1,<environment.Job instance at 0x7f0d1a2e4f50>,35,19,[4 8],36,82,101,46,73
1,<environment.Job instance at 0x7f0d1a2f8050>,39,14,[3 7],40,101,115,61,86
1,<environment.Job instance at 0x7f0d1a2f85a0>,44,16,[5 7],45,102,118,57,89
1,<environment.Job instance at 0x7f0d1a2f8a00>,51,14,[5 5],52,115,129,63,100
1,<environment.Job instance at 0x7f0d1a2f8b40>,52,12,[1 8],53,118,130,65,101
1,<environment.Job instance at 0x7f0d1a2f8be0>,54,12,[7 2],55,118,130,63,101
1,<environment.Job instance at 0x7f0d1a2f8c30>,60,20,[7 1],61,129,149,68,120
1,<environment.Job instance at 0x7f0d1a2ddf00>,11,19,[5 8],12,130,149,118,124
1,<environment.Job instance at 0x7f0d1a314500>,67,13,[2 8],68,149,162,81,133
1,<environment.Job instance at 0x7f0d1a314640>,69,12,[7 5],70,149,161,79,133
1,<environment.Job instance at 0x7f0d1a314a00>,73,17,[10  5],74,161,178,87,149
1,<environment.Job instance at 0x7f0d1a314b90>,75,15,[6 1],76,178,193,102,164
1,<environment.Job instance at 0x7f0d1a314aa0>,82,14,[5 5],83,164,178,81,164
1,<environment.Job instance at 0x7f0d1a309230>,85,17,[7 4],86,178,195,92,166
1,<environment.Job instance at 0x7f0d1a3094b0>,90,13,[6 4],91,193,206,102,177
1,<environment.Job instance at 0x7f0d1a309af0>,97,14,[2 7],98,178,192,80,177
1,<environment.Job instance at 0x7f0d1a309500>,100,19,[3 5],101,195,214,94,185
1,<environment.Job instance at 0x7f0d1a309f00>,102,17,[4 5],103,195,212,92,185
1,<environment.Job instance at 0x7f0d1a2fa1e0>,106,14,[2 6],107,212,226,105,197
1,<environment.Job instance at 0x7f0d1a2fa640>,113,22,[8 3],114,206,228,92,200
1,<environment.Job instance at 0x7f0d1a2fa6e0>,114,15,[5 2],115,214,229,99,200
1,<environment.Job instance at 0x7f0d1a2fa820>,116,13,[1 5],117,226,239,109,210
1,<environment.Job instance at 0x7f0d1a2faf50>,125,16,[9 1],126,228,244,102,215
1,<environment.Job instance at 0x7f0d1a302140>,127,18,[10  2],128,244,262,116,233
1,<environment.Job instance at 0x7f0d1a3145a0>,68,26,[6 3],69,262,288,193,261
1,<environment.Job instance at 0x7f0d1a17df00>,0,17,[8 1],1,262,279,261,261
1,<environment.Job instance at 0x7f0d1a2e4460>,21,22,[5 9],22,279,301,257,272
1,<environment.Job instance at 0x7f9d2bb83320>,1,15,[5 2],2,2,17,0,2
1,<environment.Job instance at 0x7f9d22597be0>,5,18,[7 5],6,6,24,0,6
1,<environment.Job instance at 0x7f9d22597dc0>,7,12,[7 2],8,17,29,9,8
1,<environment.Job instance at 0x7f9d22597fa0>,9,17,[8 1],10,24,41,14,12
1,<environment.Job instance at 0x7f9d2259a280>,12,22,[4 6],13,29,51,16,22
1,<environment.Job instance at 0x7f9d2259a5f0>,18,18,[3 6],19,29,47,10,22
1,<environment.Job instance at 0x7f9d2259a730>,20,18,[7 5],21,47,65,26,36
1,<environment.Job instance at 0x7f9d2259a960>,23,18,[7 4],24,51,69,27,40
1,<environment.Job instance at 0x7f9d2259ab90>,26,20,[4 8],27,65,85,38,56
1,<environment.Job instance at 0x7f9d2259acd0>,28,20,[5 8],29,85,105,56,76
1,<environment.Job instance at 0x7f9d2259ae10>,30,15,[8 2],31,76,91,45,76
1,<environment.Job instance at 0x7f9d2259aeb0>,31,13,[4 5],32,91,104,59,76
1,<environment.Job instance at 0x7f9d2259aa00>,33,16,[9 3],34,104,120,70,91
1,<environment.Job instance at 0x7f9d2259a0a0>,34,20,[5 3],35,105,125,70,96
1,<environment.Job instance at 0x7f9d2259e0a0>,37,22,[2 5],38,120,142,82,113
1,<environment.Job instance at 0x7f9d2259e460>,39,13,[5 4],40,120,133,80,113
1,<environment.Job instance at 0x7f9d2259e5a0>,40,19,[ 3 10],41,133,152,92,123
1,<environment.Job instance at 0x7f9d2259e370>,43,14,[6 1],44,142,156,98,127
1,<environment.Job instance at 0x7f9d2259e7d0>,44,14,[8 4],45,152,166,107,137
1,<environment.Job instance at 0x7f9d2259e6e0>,47,16,[6 2],48,156,172,108,143
1,<environment.Job instance at 0x7f9d2259ea00>,49,23,[2 6],50,166,189,116,160
1,<environment.Job instance at 0x7f9d22597d20>,11,14,[10  4],12,172,186,160,164
1,<environment.Job instance at 0x7f9d22597eb0>,10,14,[ 1 14],11,189,203,178,178
1,<environment.Job instance at 0x7f9d225979b0>,2,26,[10  1],3,186,212,183,183
1,<environment.Job instance at 0x7f9d225a05f0>,67,13,[3 5],68,203,216,135,188
1,<environment.Job instance at 0x7f9d225a0870>,71,13,[7 2],72,212,225,140,197
1,<environment.Job instance at 0x7f9d225a0910>,72,18,[5 5],73,212,230,139,201
1,<environment.Job instance at 0x7f9d2259efa0>,56,13,[10  1],57,225,238,168,210
1,<environment.Job instance at 0x7f9d2259edc0>,55,15,[6 2],56,238,253,182,225
1,<environment.Job instance at 0x7f9d225a0af0>,75,19,[8 3],76,238,257,162,229
1,<environment.Job instance at 0x7f9d225a0f00>,78,13,[1 5],79,230,243,151,229
1,<environment.Job instance at 0x7f9d225a0f50>,79,15,[4 7],80,253,268,173,239
1,<environment.Job instance at 0x7f9d225a0fa0>,80,19,[8 4],81,257,276,176,247
1,<environment.Job instance at 0x7f9d225a3050>,81,17,[2 7],82,268,285,186,256
1,<environment.Job instance at 0x7f9d225a34b0>,87,17,[7 4],88,276,293,188,264
1,<environment.Job instance at 0x7f9d225a3690>,90,22,[5 5],91,285,307,194,280
1,<environment.Job instance at 0x7f9d225a3dc0>,98,20,[10  4],99,293,313,194,284
1,<environment.Job instance at 0x7f9d225a53c0>,107,17,[5 6],108,307,324,199,295
1,<environment.Job instance at 0x7f9d225a55a0>,110,15,[2 6],111,313,328,202,300
1,<environment.Job instance at 0x7f9d225a59b0>,114,20,[5 7],115,324,344,209,317
1,<environment.Job instance at 0x7f9d225a5b90>,117,21,[1 6],118,328,349,210,326
1,<environment.Job instance at 0x7f9d225a5cd0>,119,14,[9 1],120,328,342,208,326
1,<environment.Job instance at 0x7f9d225a5d70>,120,15,[9 2],121,342,357,221,328
1,<environment.Job instance at 0x7f9d2bbc2dc0>,123,16,[1 8],124,349,365,225,343
1,<environment.Job instance at 0x7f9d225a0e60>,77,19,[14  1],78,357,376,279,347
1,<environment.Job instance at 0x7f9d2258daf0>,128,19,[1 9],129,365,384,236,355
1,<environment.Job instance at 0x7f9d2258d690>,130,21,[4 6],131,376,397,245,368
1,<environment.Job instance at 0x7f9d2258d910>,129,19,[4 7],130,384,403,254,377
1,<environment.Job instance at 0x7f9d22620e60>,135,16,[5 2],136,384,400,248,377
1,<environment.Job instance at 0x7f9d2262ab90>,136,14,[ 3 14],137,403,417,266,388
1,<environment.Job instance at 0x7f9d226b9230>,134,22,[2 9],135,417,439,282,410
1,<environment.Job instance at 0x7f9d2271ca00>,137,21,[ 3 12],138,439,460,301,431
1,<environment.Job instance at 0x7f9d2bb83230>,0,24,[2 8],1,460,484,459,455
1,<environment.Job instance at 0x7f9d21ce5af0>,0,21,[ 3 12],1,1,22,0,1
1,<environment.Job instance at 0x7f9d21ce5690>,6,16,[14  1],7,22,38,15,9
1,<environment.Job instance at 0x7f9d21ce3af0>,15,13,[2 6],16,38,51,22,22
1,<environment.Job instance at 0x7f9d21ce37d0>,17,16,[6 2],18,38,54,20,25
1,<environment.Job instance at 0x7f9d21cda6e0>,11,15,[6 2],12,38,53,26,33
1,<environment.Job instance at 0x7f9d21e4ef50>,21,12,[12  4],22,54,66,32,38
1,<environment.Job instance at 0x7f9d21dc84b0>,20,15,[8 3],21,66,81,45,52
1,<environment.Job instance at 0x7f9d21db6f00>,27,13,[4 5],28,66,79,38,52
1,<environment.Job instance at 0x7f9d21cdadc0>,10,15,[6 2],11,79,94,68,65
1,<environment.Job instance at 0x7f9d21dc4050>,29,15,[12  2],30,94,109,64,80
1,<environment.Job instance at 0x7f9d21dc42d0>,30,18,[11  1],31,109,127,78,98
1,<environment.Job instance at 0x7f9d21dc4cd0>,31,18,[ 4 10],32,117,135,85,117
1,<environment.Job instance at 0x7f9d21dc4a50>,33,16,[7 1],34,127,143,93,117
1,<environment.Job instance at 0x7f9d21dc4b40>,32,22,[6 4],33,135,157,102,130
1,<environment.Job instance at 0x7f9d21dc44b0>,35,14,[11  3],36,157,171,121,142
1,<environment.Job instance at 0x7f9d2bb83190>,1,17,[ 2 11],2,151,168,149,151
1,<environment.Job instance at 0x7f9d21dc4460>,36,19,[ 5 14],37,171,190,134,161
1,<environment.Job instance at 0x7f9d21dc4d70>,34,21,[9 1],35,174,195,139,174
1,<environment.Job instance at 0x7f9d21dc4730>,38,27,[9 4],39,195,222,156,193
1,<environment.Job instance at 0x7f9d21daf870>,42,14,[4 7],43,193,207,150,193
1,<environment.Job instance at 0x7f9d21daf140>,41,13,[ 4 10],42,207,220,165,197
1,<environment.Job instance at 0x7f9d21daf690>,45,19,[5 1],46,220,239,174,210
1,<environment.Job instance at 0x7f9d21daf550>,43,23,[ 2 14],44,222,245,178,216
1,<environment.Job instance at 0x7f9d21b64780>,48,28,[ 4 13],49,245,273,196,244
1,<environment.Job instance at 0x7f9d2bd524b0>,47,22,[1 7],48,273,295,225,266
1,<environment.Job instance at 0x7f9d21b60eb0>,49,26,[3 6],50,273,299,223,270
1,<environment.Job instance at 0x7f9d21b4f8c0>,54,24,[ 1 11],55,299,323,244,294
1,<environment.Job instance at 0x7f9d21b4fe10>,55,25,[8 2],56,294,319,238,294
1,<environment.Job instance at 0x7f9d21b4f690>,56,14,[14  4],57,319,333,262,305
1,<environment.Job instance at 0x7f9d21b35190>,58,17,[10  5],59,333,350,274,321
1,<environment.Job instance at 0x7f9d21b4fbe0>,59,16,[ 3 12],60,350,366,290,337
1,<environment.Job instance at 0x7f9d21b587d0>,61,21,[ 4 11],62,366,387,304,358
1,<environment.Job instance at 0x7f9d21b58870>,62,20,[ 3 12],63,387,407,324,378
1,<environment.Job instance at 0x7f9d21b58e60>,63,23,[10  3],64,378,401,314,378
1,<environment.Job instance at 0x7f9d21b58410>,60,23,[5 8],61,407,430,346,402
1,<environment.Job instance at 0x7f9d21cbd280>,67,27,[5 3],68,413,440,345,413
1,<environment.Job instance at 0x7f9d21bc1690>,68,17,[10  2],69,430,447,361,418
1,<environment.Job instance at 0x7f9d2bdd11e0>,64,28,[3 8],65,440,468,375,439
1,<environment.Job instance at 0x7f9d21cbea00>,70,13,[11  1],71,447,460,376,439
1,<environment.Job instance at 0x7f9d21ce35a0>,71,27,[14  2],72,468,495,396,466
1,<environment.Job instance at 0x7f9d21b90500>,74,17,[2 9],75,495,512,420,483
1,<environment.Job instance at 0x7f9d21cc0b40>,76,17,[10  4],77,495,512,418,483
1,<environment.Job instance at 0x7f9d21ba6e10>,79,17,[2 8],80,512,529,432,500
1,<environment.Job instance at 0x7f9d21b6f050>,80,12,[5 9],81,529,541,448,512
1,<environment.Job instance at 0x7f9d21ba6c30>,81,14,[2 9],82,541,555,459,526
1,<environment.Job instance at 0x7f9d21d38e10>,75,18,[ 5 11],76,555,573,479,546
1,<environment.Job instance at 0x7f9d21ba6190>,83,15,[5 9],84,573,588,489,559
1,<environment.Job instance at 0x7f9d21d39e60>,82,20,[5 7],83,588,608,505,579
1,<environment.Job instance at 0x7f9d21ce55a0>,84,28,[4 8],85,588,616,503,587
1,<environment.Job instance at 0x7f9d21b340a0>,87,15,[5 6],88,608,623,520,594
1,<environment.Job instance at 0x7f9d21b34a50>,88,28,[11  1],89,623,651,534,622
1,<environment.Job instance at 0x7f9d21b34c80>,89,17,[ 3 11],90,623,640,533,622
1,<environment.Job instance at 0x7f9d21b34820>,90,15,[ 5 10],91,651,666,560,637
1,<environment.Job instance at 0x7f9d21b34960>,91,27,[7 2],92,651,678,559,649
1,<environment.Job instance at 0x7f9d21b34be0>,92,16,[14  3],93,678,694,585,665
1,<environment.Job instance at 0x7f9d21b34500>,93,12,[11  4],94,694,706,600,677
1,<environment.Job instance at 0x7f9d21b34320>,94,15,[14  3],95,706,721,611,692
1,<environment.Job instance at 0x7f9d21b34b40>,95,28,[6 4],96,721,749,625,720
1,<environment.Job instance at 0x7f9d21b348c0>,96,13,[ 5 13],97,749,762,652,733
1,<environment.Job instance at 0x7f9d21b343c0>,97,20,[5 2],98,733,753,635,733
1,<environment.Job instance at 0x7f9d21b341e0>,98,20,[7 4],99,762,782,663,753
1,<environment.Job instance at 0x7f9d21b345a0>,99,20,[6 2],100,753,773,653,753
1,<environment.Job instance at 0x7f9d21ce2280>,100,24,[11  3],101,782,806,681,777
1,<environment.Job instance at 0x7f9d21ce25f0>,101,22,[ 5 14],102,806,828,704,799
1,<environment.Job instance at 0x7f9d21ce2c80>,102,24,[14  3],103,828,852,725,823
1,<environment.Job instance at 0x7f9d21ce2be0>,103,18,[8 5],104,852,870,748,841
1,<environment.Job instance at 0x7f9d21b97e10>,104,28,[6 3],105,852,880,747,851
1,<environment.Job instance at 0x7f9d21b97be0>,105,15,[11  2],106,880,895,774,866
1,<environment.Job instance at 0x7f9d21b977d0>,106,24,[ 5 14],107,895,919,788,890
1,<environment.Job instance at 0x7f9d21b97a50>,107,28,[11  1],108,919,947,811,918
1,<environment.Job instance at 0x7f9d21b97960>,108,15,[ 5 11],109,947,962,838,933
1,<environment.Job instance at 0x7f9d21b97e60>,109,21,[6 4],110,947,968,837,939
1,<environment.Job instance at 0x7f9d21b30a50>,110,17,[2 6],111,962,979,851,950
1,<environment.Job instance at 0x7f9d21b30eb0>,111,16,[ 2 13],112,979,995,867,966
1,<environment.Job instance at 0x7f9d21b30910>,112,17,[8 5],113,995,1012,882,983
1,<environment.Job instance at 0x7f9d21b305a0>,113,24,[ 5 11],114,1012,1036,898,1007
1,<environment.Job instance at 0x7f9d21b305f0>,114,19,[10  4],115,1012,1031,897,1007
1,<environment.Job instance at 0x7f9d21b30cd0>,115,13,[11  1],116,1036,1049,920,1020
1,<environment.Job instance at 0x7f9d21b30d70>,116,12,[ 3 12],117,1036,1048,919,1020
1,<environment.Job instance at 0x7f9d21b303c0>,117,25,[8 3],118,1049,1074,931,1045
1,<environment.Job instance at 0x7f9d21b30e10>,118,17,[1 7],119,1048,1065,929,1045
1,<environment.Job instance at 0x7f9d21b30460>,119,15,[ 5 13],120,1074,1089,954,1060
1,<environment.Job instance at 0x7f9d21b30320>,120,12,[6 2],121,1060,1072,939,1060
1,<environment.Job instance at 0x7f9d21b32550>,121,24,[5 1],122,1072,1096,950,1067
1,<environment.Job instance at 0x7f9d21b325f0>,122,23,[ 1 13],123,1089,1112,966,1083
1,<environment.Job instance at 0x7f9d21b32730>,123,12,[12  2],124,1096,1108,972,1083
1,<environment.Job instance at 0x7f9d21b323c0>,124,12,[1 8],125,1112,1124,987,1095
1,<environment.Job instance at 0x7f9d21b32d20>,125,22,[3 8],126,1124,1146,998,1117
1,<environment.Job instance at 0x7f9d21b32fa0>,126,19,[ 3 14],127,1146,1165,1019,1136
1,<environment.Job instance at 0x7f9d21b32be0>,127,26,[ 1 14],128,1165,1191,1037,1162
1,<environment.Job instance at 0x7f9d21b32820>,128,13,[3 5],129,1191,1204,1062,1175
1,<environment.Job instance at 0x7f9d21b328c0>,129,16,[12  3],130,1191,1207,1061,1178
1,<environment.Job instance at 0x7f9d21b32a00>,130,27,[13  4],131,1207,1234,1076,1205
1,<environment.Job instance at 0x7f9d21b32280>,131,22,[6 1],132,1234,1256,1102,1227
1,<environment.Job instance at 0x7f9d21b32050>,132,14,[3 5],133,1234,1248,1101,1227
1,<environment.Job instance at 0x7f9d21bcc320>,133,21,[5 1],134,1234,1255,1100,1227
1,<environment.Job instance at 0x7f9d21bcc960>,134,23,[8 5],135,1255,1278,1120,1249
1,<environment.Job instance at 0x7f9d21b32320>,135,20,[5 5],136,1256,1276,1120,1249
1,<environment.Job instance at 0x7f9d21b33780>,136,18,[4 9],137,1276,1294,1139,1265
1,<environment.Job instance at 0x7f9d21b33fa0>,137,20,[3 7],138,1294,1314,1156,1286
1,<environment.Job instance at 0x7f9d21b33a00>,138,27,[ 3 13],139,1314,1341,1175,1312
1,<environment.Job instance at 0x7f9d21ce5f00>,86,23,[3 8],87,2235,2258,2148,2235
1,<environment.Job instance at 0x7f9d21dc4230>,37,18,[10  1],38,2235,2253,2197,2235
1,<environment.Job instance at 0x7f9d2bb83230>,2,18,[10  5],3,7100,7118,7097,7100
1,<environment.Job instance at 0x7f9d2bc2b870>,9,16,[7 2],10,10,26,0,10
1,<environment.Job instance at 0x7f9d21baffa0>,12,12,[2 7],13,13,25,0,13
1,<environment.Job instance at 0x7f9d21baf550>,16,18,[7 1],17,25,43,8,17
1,<environment.Job instance at 0x7f9d21baf690>,21,15,[4 8],22,26,41,4,22
1,<environment.Job instance at 0x7f9d21bafb90>,26,14,[5 3],27,41,55,14,27
1,<environment.Job instance at 0x7f9d21bafb40>,27,14,[8 5],28,43,57,15,28
1,<environment.Job instance at 0x7f9d21baf140>,29,16,[ 4 13],30,57,73,27,44
1,<environment.Job instance at 0x7f9d21b4f050>,40,14,[7 2],41,55,69,14,44
1,<environment.Job instance at 0x7f9d21b4f320>,41,19,[8 2],42,69,88,27,59
1,<environment.Job instance at 0x7f9d21b4f370>,30,26,[4 7],31,73,99,42,70
1,<environment.Job instance at 0x7f9d21b4fd20>,44,16,[8 3],45,88,104,43,75
1,<environment.Job instance at 0x7f9d21b4f4b0>,45,25,[ 3 13],46,104,129,58,100
1,<environment.Job instance at 0x7f9d21b47fa0>,52,13,[ 4 10],53,129,142,76,113
1,<environment.Job instance at 0x7f9d21b47370>,55,13,[2 5],56,129,142,73,122
1,<environment.Job instance at 0x7f9d21b47190>,59,19,[1 8],60,142,161,82,132
1,<environment.Job instance at 0x7f9d21b47460>,60,12,[4 7],61,142,154,81,132
1,<environment.Job instance at 0x7f9d21b47820>,64,20,[7 3],65,154,174,89,145
1,<environment.Job instance at 0x7f9d21b47280>,67,17,[6 3],68,154,171,86,145
1,<environment.Job instance at 0x7f9d21b47eb0>,53,16,[2 8],54,161,177,107,148
1,<environment.Job instance at 0x7f9d21b47500>,70,17,[2 8],71,177,194,106,175
1,<environment.Job instance at 0x7f9d21b97050>,76,15,[5 7],77,178,193,101,178
1,<environment.Job instance at 0x7f9d21b9ae10>,80,17,[5 4],81,193,210,112,181
1,<environment.Job instance at 0x7f9d21b9af50>,83,14,[4 9],84,194,208,110,193
1,<environment.Job instance at 0x7f9d21b9a410>,84,12,[8 2],85,208,220,123,195
1,<environment.Job instance at 0x7f9d21b475a0>,71,27,[ 4 12],72,210,237,138,208
1,<environment.Job instance at 0x7f9d21b9ad20>,86,18,[8 1],87,220,238,133,220
1,<environment.Job instance at 0x7f9d21b9ac80>,87,13,[7 5],88,237,250,149,221
1,<environment.Job instance at 0x7f9d21b9abe0>,88,13,[1 7],89,238,251,149,231
1,<environment.Job instance at 0x7f9d21b9a870>,92,15,[10  5],93,250,265,157,236
1,<environment.Job instance at 0x7f9d21b9ab40>,89,20,[11  1],90,265,285,175,256
1,<environment.Job instance at 0x7f9d21c1a9b0>,95,21,[12  1],96,285,306,189,277
1,<environment.Job instance at 0x7f9d21c1a960>,96,16,[ 4 11],97,306,322,209,293
1,<environment.Job instance at 0x7f9d21c1a640>,97,26,[7 4],98,306,332,208,303
1,<environment.Job instance at 0x7f9d21c1acd0>,98,15,[4 9],99,322,337,223,308
1,<environment.Job instance at 0x7f9d21c1ac80>,99,27,[11  5],100,332,359,232,330
1,<environment.Job instance at 0x7f9d21c1aa00>,94,19,[3 9],95,337,356,242,330
1,<environment.Job instance at 0x7f9d21c1a4b0>,100,14,[3 6],101,356,370,255,347
1,<environment.Job instance at 0x7f9d21c1a5f0>,103,21,[8 2],104,359,380,255,352
1,<environment.Job instance at 0x7f9d21c1ae60>,111,16,[4 8],112,370,386,258,370
1,<environment.Job instance at 0x7f9d21c1a3c0>,104,21,[14  5],105,386,407,281,378
1,<environment.Job instance at 0x7f9d21bc1f00>,116,12,[5 4],117,407,419,290,399
1,<environment.Job instance at 0x7f9d21bc14b0>,120,17,[2 6],121,407,424,286,399
1,<environment.Job instance at 0x7f9d21bc1a00>,125,14,[9 5],126,419,433,293,404
1,<environment.Job instance at 0x7f9d21bc11e0>,128,17,[2 8],129,424,441,295,412
1,<environment.Job instance at 0x7f9d21c1a460>,114,22,[7 4],115,433,455,318,433
1,<environment.Job instance at 0x7f9d2bc2bf00>,0,22,[12  1],1,455,477,454,454
1,<environment.Job instance at 0x7f9d21f2e280>,2,23,[2 8],3,3,26,0,3
1,<environment.Job instance at 0x7f9d21f2ebe0>,3,16,[11  1],4,4,20,0,4
1,<environment.Job instance at 0x7f9d21f2e3c0>,5,14,[11  5],6,20,34,14,6
1,<environment.Job instance at 0x7f9d21f2e960>,9,15,[ 3 12],10,34,49,24,21
1,<environment.Job instance at 0x7f9d21f2e0a0>,8,25,[6 1],9,34,59,25,30
1,<environment.Job instance at 0x7f9d21f2e8c0>,7,21,[5 9],8,49,70,41,48
1,<environment.Job instance at 0x7f9d225437d0>,14,15,[6 4],15,59,74,44,48
1,<environment.Job instance at 0x7f9d21fa2140>,18,13,[7 1],19,70,83,51,60
1,<environment.Job instance at 0x7f9d21fa20f0>,19,16,[2 6],20,70,86,50,60
1,<environment.Job instance at 0x7f9d21b9a2d0>,24,22,[5 3],25,74,96,49,67
1,<environment.Job instance at 0x7f9d21b9a5a0>,28,17,[9 1],29,86,103,57,74
1,<environment.Job instance at 0x7f9d21b9a280>,31,16,[1 8],32,86,102,54,74
1,<environment.Job instance at 0x7f9d2202b730>,34,12,[3 5],35,96,108,61,79
1,<environment.Job instance at 0x7f9d2202b820>,35,14,[5 8],36,103,117,67,89
1,<environment.Job instance at 0x7f9d2202b230>,39,19,[6 4],40,108,127,68,98
1,<environment.Job instance at 0x7f9d2202b140>,40,22,[5 6],41,117,139,76,110
1,<environment.Job instance at 0x7f9d21fd7a50>,45,14,[3 6],46,127,141,81,112
1,<environment.Job instance at 0x7f9d21fd7460>,48,13,[1 9],49,139,152,90,123
1,<environment.Job instance at 0x7f9d21fd74b0>,49,16,[2 5],50,141,157,91,128
1,<environment.Job instance at 0x7f9d21f93af0>,53,14,[1 9],54,152,166,98,137
1,<environment.Job instance at 0x7f9d21cc00f0>,55,21,[5 4],56,157,178,101,149
1,<environment.Job instance at 0x7f9d21cc0c30>,59,12,[2 9],60,166,178,106,149
1,<environment.Job instance at 0x7f9d21cc01e0>,60,14,[8 1],61,149,163,88,149
1,<environment.Job instance at 0x7f9d21b47eb0>,67,12,[1 6],68,178,190,110,161
1,<environment.Job instance at 0x7f9d221a9b40>,69,16,[7 3],70,178,194,108,165
1,<environment.Job instance at 0x7f9d221a9140>,72,14,[ 4 10],73,190,204,117,176
1,<environment.Job instance at 0x7f9d221a9dc0>,74,17,[2 5],75,194,211,119,182
1,<environment.Job instance at 0x7f9d221a9780>,75,14,[8 2],76,204,218,128,189
1,<environment.Job instance at 0x7f9d21f2e780>,4,20,[2 8],5,204,224,199,197
1,<environment.Job instance at 0x7f9d21f2e820>,10,18,[13  2],11,218,236,207,207
1,<environment.Job instance at 0x7f9d21b3e5f0>,83,17,[6 1],84,236,253,152,226
1,<environment.Job instance at 0x7f9d21b3e690>,86,15,[9 2],87,236,251,149,226
1,<environment.Job instance at 0x7f9d22228dc0>,87,21,[3 9],88,251,272,163,243
1,<environment.Job instance at 0x7f9d222285f0>,88,17,[7 3],89,253,270,164,243
1,<environment.Job instance at 0x7f9d22228af0>,93,18,[4 7],94,272,290,178,261
1,<environment.Job instance at 0x7f9d22228280>,96,20,[2 6],97,270,290,173,261
1,<environment.Job instance at 0x7f9d222289b0>,101,17,[10  4],102,290,307,188,278
1,<environment.Job instance at 0x7f9d2208f5a0>,103,16,[8 4],104,307,323,203,294
1,<environment.Job instance at 0x7f9d2208fb40>,106,15,[5 7],107,294,309,187,294
1,<environment.Job instance at 0x7f9d221a9a00>,82,19,[ 2 14],83,323,342,240,313
1,<environment.Job instance at 0x7f9d2208f320>,110,12,[8 1],111,323,335,212,313
1,<environment.Job instance at 0x7f9d2208f500>,116,13,[10  5],117,342,355,225,326
1,<environment.Job instance at 0x7f9d2208f280>,119,12,[5 5],120,342,354,222,326
1,<environment.Job instance at 0x7f9d2208fa00>,111,18,[9 4],112,355,373,243,347
1,<environment.Job instance at 0x7f9d2208fdc0>,121,22,[4 9],122,354,376,232,352
1,<environment.Job instance at 0x7f9d22239e10>,123,21,[4 9],124,376,397,252,369
1,<environment.Job instance at 0x7f9d22239e60>,124,13,[ 5 10],125,397,410,272,381
1,<environment.Job instance at 0x7f9d22239910>,125,15,[7 2],126,381,396,255,381
1,<environment.Job instance at 0x7f9d21f9e9b0>,129,15,[2 6],130,410,425,280,396
1,<environment.Job instance at 0x7f9d21cabc30>,135,17,[ 5 10],136,425,442,289,413
1,<environment.Job instance at 0x7f9d22210fa0>,137,14,[ 3 10],138,442,456,304,427
1,<environment.Job instance at 0x7f9d21f2ef50>,0,20,[12  3],1,442,462,441,435
1,<environment.Job instance at 0x7f9d225438c0>,11,27,[5 7],12,506,533,494,506
1,<environment.Job instance at 0x7f9d221a9730>,81,18,[5 8],82,1877,1895,1795,1877
1,<environment.Job instance at 0x7f9d22a3b640>,0,20,[6 5],1,3,23,2,3
1,<environment.Job instance at 0x7f9d21ef3960>,7,14,[7 5],8,8,22,0,8
1,<environment.Job instance at 0x7f9d21ef3230>,8,12,[6 1],9,22,34,13,9
1,<environment.Job instance at 0x7f9d21f12e60>,12,14,[9 5],13,23,37,10,13
1,<environment.Job instance at 0x7f9d21f10500>,20,12,[8 2],21,37,49,16,21
1,<environment.Job instance at 0x7f9d21f100f0>,24,16,[5 5],25,34,50,9,25
1,<environment.Job instance at 0x7f9d222890a0>,27,19,[5 7],28,49,68,21,39
1,<environment.Job instance at 0x7f9d21fc7f00>,28,18,[1 5],29,50,68,21,39
1,<environment.Job instance at 0x7f9d229fe5f0>,31,17,[7 4],32,68,85,36,56
1,<environment.Job instance at 0x7f9d21fb8690>,33,12,[4 8],34,68,80,34,65
1,<environment.Job instance at 0x7f9d21fac960>,39,12,[5 5],40,80,92,40,65
1,<environment.Job instance at 0x7f9d21fbed70>,41,17,[2 7],42,85,102,43,73
1,<environment.Job instance at 0x7f9d21f125a0>,14,18,[12  3],15,92,110,77,81
1,<environment.Job instance at 0x7f9d21fe2dc0>,43,18,[14  1],44,110,128,66,99
1,<environment.Job instance at 0x7f9d21fbbcd0>,44,24,[9 2],45,128,152,83,123
1,<environment.Job instance at 0x7f9d21fd85a0>,45,12,[4 8],46,128,140,82,123
1,<environment.Job instance at 0x7f9d21fd8640>,46,15,[ 5 11],47,140,155,93,126
1,<environment.Job instance at 0x7f9d229df460>,42,14,[4 9],43,155,169,112,143
1,<environment.Job instance at 0x7f9d21fc5690>,55,16,[5 5],56,155,171,99,149
1,<environment.Job instance at 0x7f9d21f12a00>,10,21,[5 1],11,152,173,141,149
1,<environment.Job instance at 0x7f9d21fc5960>,58,13,[8 5],59,171,184,112,166
1,<environment.Job instance at 0x7f9d21fc5730>,59,13,[3 9],60,173,186,113,166
1,<environment.Job instance at 0x7f9d21fc5f50>,60,14,[ 2 11],61,186,200,125,171
1,<environment.Job instance at 0x7f9d21fc5370>,61,16,[6 5],62,200,216,138,188
1,<environment.Job instance at 0x7f9d21fc59b0>,57,17,[4 5],58,200,217,142,190
1,<environment.Job instance at 0x7f9d21fbb0a0>,47,27,[ 2 13],48,217,244,169,215
1,<environment.Job instance at 0x7f9d21fc30a0>,67,21,[7 2],68,216,237,148,215
1,<environment.Job instance at 0x7f9d21fc3320>,68,15,[ 5 10],69,244,259,175,230
1,<environment.Job instance at 0x7f9d22285f00>,73,21,[10  4],74,244,265,170,236
1,<environment.Job instance at 0x7f9d22285f50>,74,13,[12  5],75,265,278,190,249
1,<environment.Job instance at 0x7f9d22285eb0>,75,13,[ 5 10],76,278,291,202,262
1,<environment.Job instance at 0x7f9d22285d70>,76,15,[6 1],77,278,293,201,264
1,<environment.Job instance at 0x7f9d21fc30f0>,72,13,[1 8],73,291,304,218,281
1,<environment.Job instance at 0x7f9d21f0b230>,78,14,[6 5],79,291,305,212,281
1,<environment.Job instance at 0x7f9d21f0b190>,77,22,[ 3 10],78,304,326,226,297
1,<environment.Job instance at 0x7f9d21f0b370>,80,12,[1 5],81,305,317,224,297
1,<environment.Job instance at 0x7f9d21f0b4b0>,81,24,[ 4 10],82,326,350,244,321
1,<environment.Job instance at 0x7f9d21f0b050>,82,24,[ 2 14],83,350,374,267,345
1,<environment.Job instance at 0x7f9d21f0b5a0>,83,16,[12  2],84,374,390,290,361
1,<environment.Job instance at 0x7f9d21f0b640>,84,15,[ 5 12],85,390,405,305,376
1,<environment.Job instance at 0x7f9d21fc56e0>,66,15,[8 2],67,390,405,323,377
1,<environment.Job instance at 0x7f9d221a9730>,3,18,[ 5 11],4,405,423,401,394
1,<environment.Job instance at 0x7f9d21f0b6e0>,85,28,[ 2 11],86,423,451,337,422
1,<environment.Job instance at 0x7f9d21f0baa0>,91,15,[10  1],92,422,437,330,422
1,<environment.Job instance at 0x7f9d21f0bb40>,92,20,[4 5],93,451,471,358,442
1,<environment.Job instance at 0x7f9d21f0b550>,99,14,[6 5],100,451,465,351,442
1,<environment.Job instance at 0x7f9d21f0b140>,100,13,[5 8],101,465,478,364,452
1,<environment.Job instance at 0x7f9d22276460>,107,13,[7 5],108,471,484,363,456
1,<environment.Job instance at 0x7f9d22276c80>,120,15,[10  4],121,484,499,363,472
1,<environment.Job instance at 0x7f9d22276dc0>,122,17,[3 9],123,482,499,359,482
1,<environment.Job instance at 0x7f9d21f0bbe0>,93,23,[6 5],94,505,528,411,505
1,<environment.Job instance at 0x7f9d21f0ba00>,90,21,[5 4],91,529,550,438,529
1,<environment.Job instance at 0x7f9d21f0b8c0>,88,23,[13  5],89,550,573,461,548
1,<environment.Job instance at 0x7f9d21f12140>,15,28,[5 5],16,4579,4607,4563,4579
1,<environment.Job instance at 0x7f9d223b22d0>,3,18,[6 5],4,4,22,0,4
1,<environment.Job instance at 0x7f9d223c1e60>,7,15,[11  5],8,22,37,14,8
1,<environment.Job instance at 0x7f9d223c1e10>,8,12,[1 7],9,9,21,0,9
1,<environment.Job instance at 0x7f9d223c1c30>,17,18,[6 5],18,37,55,19,26
1,<environment.Job instance at 0x7f9d223c10a0>,21,18,[5 7],22,37,55,15,26
1,<environment.Job instance at 0x7f9d223c1690>,22,15,[6 2],23,55,70,32,41
1,<environment.Job instance at 0x7f9d223c18c0>,18,17,[9 4],19,55,72,36,43
1,<environment.Job instance at 0x7f9d229faf00>,30,19,[5 6],31,70,89,39,61
1,<environment.Job instance at 0x7f9d223c11e0>,12,18,[5 8],13,72,90,59,63
1,<environment.Job instance at 0x7f9d2235ce60>,64,15,[5 8],65,90,105,25,76
1,<environment.Job instance at 0x7f9d2235c0a0>,65,15,[4 9],66,105,120,39,91
1,<environment.Job instance at 0x7f9d223e6780>,92,19,[5 3],93,93,112,0,93
1,<environment.Job instance at 0x7f9d223e6a50>,94,21,[6 4],95,112,133,17,104
1,<environment.Job instance at 0x7f9d2240df50>,105,14,[4 7],106,120,134,14,106
1,<environment.Job instance at 0x7f9d229fae60>,31,14,[ 2 11],32,134,148,102,119
1,<environment.Job instance at 0x7f9d2240d690>,108,14,[ 2 10],109,148,162,39,133
1,<environment.Job instance at 0x7f9d2240d050>,111,18,[5 5],112,148,166,36,137
1,<environment.Job instance at 0x7f9d2240d960>,112,16,[5 5],113,162,178,49,149
1,<environment.Job instance at 0x7f9d22361870>,116,18,[1 5],117,162,180,45,151
1,<environment.Job instance at 0x7f9d223615a0>,117,18,[9 5],118,166,184,48,161
1,<environment.Job instance at 0x7f9d22361c80>,118,19,[4 5],119,178,197,59,168
1,<environment.Job instance at 0x7f9d2240d6e0>,110,16,[ 3 10],111,184,200,73,171
1,<environment.Job instance at 0x7f9d22361a00>,124,13,[5 5],125,197,210,72,181
1,<environment.Job instance at 0x7f9d22361640>,126,16,[8 3],127,200,216,73,193
1,<environment.Job instance at 0x7f9d2240df00>,109,25,[3 9],110,210,235,100,206
1,<environment.Job instance at 0x7f9d2240d190>,106,16,[9 4],107,216,232,109,214
1,<environment.Job instance at 0x7f9d22361fa0>,129,21,[8 2],130,232,253,102,224
1,<environment.Job instance at 0x7f9d2241a5f0>,133,18,[5 5],134,235,253,101,224
1,<environment.Job instance at 0x7f9d2241a4b0>,134,20,[5 9],135,253,273,118,244
1,<environment.Job instance at 0x7f9d223b2410>,0,23,[8 4],1,409,432,408,409
1,<environment.Job instance at 0x7f9d22361550>,125,24,[9 3],126,3380,3404,3254,3380
1,<environment.Job instance at 0x7f9d229ee140>,131,22,[11  1],132,3508,3530,3376,3508
1,<environment.Job instance at 0x7f9d223610a0>,0,18,[ 4 13],1,1,19,0,1
1,<environment.Job instance at 0x7f9d229ee140>,2,14,[9 1],3,3,17,0,3
1,<environment.Job instance at 0x7f9d21e937d0>,3,12,[7 1],4,17,29,13,4
1,<environment.Job instance at 0x7f9d21e93cd0>,7,15,[6 2],8,19,34,11,8
1,<environment.Job instance at 0x7f9d21e93050>,8,17,[7 4],9,29,46,20,17
1,<environment.Job instance at 0x7f9d21c574b0>,11,17,[3 5],12,34,51,22,22
1,<environment.Job instance at 0x7f9d21ea3a50>,13,14,[6 1],14,46,60,32,31
1,<environment.Job instance at 0x7f9d21ea3c30>,16,27,[3 5],17,34,61,17,32
1,<environment.Job instance at 0x7f9d21ea3eb0>,17,13,[9 5],18,60,73,42,44
1,<environment.Job instance at 0x7f9d21ea37d0>,18,16,[3 6],19,61,77,42,48
1,<environment.Job instance at 0x7f9d21ea35a0>,20,14,[2 5],21,73,87,52,58
1,<environment.Job instance at 0x7f9d21c5c780>,24,17,[10  4],25,73,90,48,61
1,<environment.Job instance at 0x7f9d21fe7780>,28,14,[2 7],29,87,101,58,72
1,<environment.Job instance at 0x7f9d21e93b90>,4,18,[8 3],5,90,108,85,81
1,<environment.Job instance at 0x7f9d21e52820>,30,14,[3 7],31,101,115,70,86
1,<environment.Job instance at 0x7f9d21c5cd70>,29,20,[1 7],30,108,128,78,99
1,<environment.Job instance at 0x7f9d21e93410>,9,16,[12  2],10,115,131,105,102
1,<environment.Job instance at 0x7f9d22698e60>,33,12,[13  5],34,131,143,97,114
1,<environment.Job instance at 0x7f9d21fce3c0>,37,21,[5 9],38,143,164,105,135
1,<environment.Job instance at 0x7f9d21fc2d20>,39,12,[5 7],40,164,176,124,147
1,<environment.Job instance at 0x7f9d226ae3c0>,41,20,[7 4],42,147,167,105,147
1,<environment.Job instance at 0x7f9d226a6370>,45,18,[1 6],46,167,185,121,156
1,<environment.Job instance at 0x7f9d21fa9fa0>,46,15,[6 1],47,167,182,120,156
1,<environment.Job instance at 0x7f9d21e88140>,47,17,[5 7],48,176,193,128,164
1,<environment.Job instance at 0x7f9d21e88f50>,48,17,[5 5],49,185,202,136,173
1,<environment.Job instance at 0x7f9d21e88fa0>,49,17,[4 6],50,193,210,143,181
1,<environment.Job instance at 0x7f9d2269e500>,50,13,[3 8],51,202,215,151,186
1,<environment.Job instance at 0x7f9d2269e140>,52,17,[1 8],53,215,232,162,203
1,<environment.Job instance at 0x7f9d226b0550>,54,17,[1 9],55,232,249,177,220
1,<environment.Job instance at 0x7f9d21ea4870>,56,13,[9 2],57,220,233,163,220
1,<environment.Job instance at 0x7f9d21ea4a00>,61,16,[6 3],62,233,249,171,220
1,<environment.Job instance at 0x7f9d21ea4960>,66,21,[8 1],67,233,254,166,225
1,<environment.Job instance at 0x7f9d21e92410>,70,18,[10  5],71,254,272,183,243
1,<environment.Job instance at 0x7f9d21e921e0>,73,19,[ 4 10],74,249,268,175,244
1,<environment.Job instance at 0x7f9d2268aaf0>,74,18,[10  1],75,272,290,197,262
1,<environment.Job instance at 0x7f9d2268ac30>,76,15,[9 4],77,290,305,213,276
1,<environment.Job instance at 0x7f9d2268acd0>,77,21,[4 6],78,276,297,198,276
1,<environment.Job instance at 0x7f9d2268ad70>,78,14,[5 7],79,297,311,218,282
1,<environment.Job instance at 0x7f9d22699140>,86,20,[5 7],87,305,325,218,296
1,<environment.Job instance at 0x7f9d226990f0>,87,16,[4 8],88,311,327,223,298
1,<environment.Job instance at 0x7f9d22699460>,89,15,[2 8],90,327,342,237,313
1,<environment.Job instance at 0x7f9d22699690>,91,12,[6 1],92,325,337,233,313
1,<environment.Job instance at 0x7f9d22699870>,94,16,[10  5],95,337,353,242,324
1,<environment.Job instance at 0x7f9d226999b0>,96,16,[1 7],97,342,358,245,329
1,<environment.Job instance at 0x7f9d22699a50>,97,22,[2 7],98,353,375,255,346
1,<environment.Job instance at 0x7f9d22699c30>,99,13,[ 1 10],100,375,388,275,359
1,<environment.Job instance at 0x7f9d22699e60>,102,16,[9 4],103,359,375,256,359
1,<environment.Job instance at 0x7f9d22699e10>,103,13,[8 2],104,375,388,271,359
1,<environment.Job instance at 0x7f9d226a72d0>,109,13,[1 8],110,388,401,278,372
1,<environment.Job instance at 0x7f9d226a7820>,114,19,[2 9],115,401,420,286,391
1,<environment.Job instance at 0x7f9d226a77d0>,115,19,[7 3],116,391,410,275,391
1,<environment.Job instance at 0x7f9d226a78c0>,117,18,[2 7],118,420,438,302,409
1,<environment.Job instance at 0x7f9d226a7a00>,119,18,[3 8],120,420,438,300,409
1,<environment.Job instance at 0x7f9d226a7b40>,121,14,[ 4 10],122,438,452,316,423
1,<environment.Job instance at 0x7f9d226a7be0>,122,15,[4 8],123,452,467,329,438
1,<environment.Job instance at 0x7f9d226a7f00>,127,17,[ 1 10],128,467,484,339,455
1,<environment.Job instance at 0x7f9d22689140>,130,22,[8 3],131,456,478,325,456
1,<environment.Job instance at 0x7f9d22689320>,133,21,[9 1],134,478,499,344,470
1,<environment.Job instance at 0x7f9d226895f0>,135,16,[1 7],136,484,500,348,471
1,<environment.Job instance at 0x7f9d21e93870>,6,18,[ 1 14],7,500,518,493,489
1,<environment.Job instance at 0x7f9d230b90f0>,1,18,[13  1],2,499,517,497,489
1,<environment.Job instance at 0x7f9d230cd1e0>,1,17,[11  4],2,2,19,0,2
1,<environment.Job instance at 0x7f9d2241a960>,4,15,[2 5],5,5,20,0,5
1,<environment.Job instance at 0x7f9d221e4f00>,5,18,[9 5],6,19,37,13,8
1,<environment.Job instance at 0x7f9d221e4050>,10,17,[2 6],11,20,37,9,15
1,<environment.Job instance at 0x7f9d221e4cd0>,22,18,[10  2],23,37,55,14,26
1,<environment.Job instance at 0x7f9d22d25d20>,27,17,[2 6],28,37,54,9,30
1,<environment.Job instance at 0x7f9d22d25c30>,32,15,[4 5],33,54,69,21,40
1,<environment.Job instance at 0x7f9d22d25500>,34,17,[3 5],35,55,72,20,43
1,<environment.Job instance at 0x7f9d22d25af0>,40,15,[7 4],41,55,70,14,45
1,<environment.Job instance at 0x7f9d22d254b0>,46,15,[5 5],47,69,84,22,55
1,<environment.Job instance at 0x7f9d2271f910>,50,18,[5 9],51,72,90,21,63
1,<environment.Job instance at 0x7f9d2271f870>,51,17,[2 5],52,84,101,32,73
1,<environment.Job instance at 0x7f9d221e4be0>,6,25,[7 3],7,90,115,83,86
1,<environment.Job instance at 0x7f9d2271f5a0>,55,20,[7 5],56,101,121,45,95
1,<environment.Job instance at 0x7f9d2271f230>,61,17,[1 9],62,115,132,53,103
1,<environment.Job instance at 0x7f9d2277c9b0>,68,17,[2 5],69,121,138,52,109
1,<environment.Job instance at 0x7f9d2277c640>,69,17,[3 6],70,132,149,62,120
1,<environment.Job instance at 0x7f9d2277c910>,74,12,[6 3],75,132,144,57,120
1,<environment.Job instance at 0x7f9d230b96e0>,100,18,[7 5],101,144,162,43,133
1,<environment.Job instance at 0x7f9d22016c80>,105,16,[3 9],106,149,165,43,136
1,<environment.Job instance at 0x7f9d22016b40>,118,17,[8 4],119,162,179,43,150
1,<environment.Job instance at 0x7f9d21d6d640>,123,14,[4 9],124,165,179,41,159
1,<environment.Job instance at 0x7f9d21f0e050>,129,15,[5 5],130,179,194,49,165
1,<environment.Job instance at 0x7f9d21d7f140>,136,16,[5 6],137,179,195,42,166
1,<environment.Job instance at 0x7f9d2271fc80>,54,25,[9 4],55,2673,2698,2618,2673
1,<environment.Job instance at 0x7f9d230cdc30>,0,27,[ 2 13],1,2698,2725,2697,2697
1,<environment.Job instance at 0x7f9d21950f50>,0,14,[14  4],1,2,16,1,2
1,<environment.Job instance at 0x7f9d21950af0>,3,14,[4 5],4,16,30,12,4
1,<environment.Job instance at 0x7f9d219502d0>,5,14,[1 7],6,6,20,0,6
1,<environment.Job instance at 0x7f9d21950460>,6,13,[4 5],7,20,33,13,7
1,<environment.Job instance at 0x7f9d21950e10>,12,13,[11  4],13,30,43,17,14
1,<environment.Job instance at 0x7f9d21950a00>,13,17,[ 3 12],14,43,60,29,32
1,<environment.Job instance at 0x7f9d21950a50>,10,22,[6 5],11,60,82,49,53
1,<environment.Job instance at 0x7f9d21950780>,11,24,[9 2],12,54,78,42,54
1,<environment.Job instance at 0x7f9d21950cd0>,15,22,[5 6],16,78,100,62,71
1,<environment.Job instance at 0x7f9d21911f00>,17,16,[7 4],18,82,98,64,71
1,<environment.Job instance at 0x7f9d21911be0>,18,12,[8 4],19,98,110,79,81
1,<environment.Job instance at 0x7f9d21911d20>,26,12,[8 4],27,110,122,83,93
1,<environment.Job instance at 0x7f9d21911370>,27,16,[1 8],28,100,116,72,93
1,<environment.Job instance at 0x7f9d21911820>,30,13,[9 3],31,122,135,91,106
1,<environment.Job instance at 0x7f9d219117d0>,34,24,[2 5],35,116,140,81,111
1,<environment.Job instance at 0x7f9d21911460>,35,17,[5 3],36,135,152,99,123
1,<environment.Job instance at 0x7f9d21911280>,36,12,[2 7],37,123,135,86,123
1,<environment.Job instance at 0x7f9d219718c0>,40,13,[4 6],41,135,148,94,123
1,<environment.Job instance at 0x7f9d219711e0>,42,12,[1 7],43,148,160,105,131
1,<environment.Job instance at 0x7f9d21971cd0>,43,15,[2 6],44,152,167,108,138
1,<environment.Job instance at 0x7f9d21971640>,44,13,[10  1],45,152,165,107,138
1,<environment.Job instance at 0x7f9d219719b0>,45,18,[1 7],46,160,178,114,149
1,<environment.Job instance at 0x7f9d219715f0>,46,16,[9 3],47,167,183,120,154
1,<environment.Job instance at 0x7f9d21971690>,53,18,[7 4],54,183,201,129,172
1,<environment.Job instance at 0x7f9d21971730>,54,14,[ 2 10],55,178,192,123,172
1,<environment.Job instance at 0x7f9d21971be0>,57,20,[5 7],58,192,212,134,183
1,<environment.Job instance at 0x7f9d21926280>,60,14,[9 1],61,201,215,140,186
1,<environment.Job instance at 0x7f9d219261e0>,61,12,[10  4],62,215,227,153,198
1,<environment.Job instance at 0x7f9d219265f0>,65,15,[ 1 10],66,212,227,146,198
1,<environment.Job instance at 0x7f9d219269b0>,66,17,[5 1],67,227,244,160,215
1,<environment.Job instance at 0x7f9d21926cd0>,71,13,[9 2],72,227,240,155,215
1,<environment.Job instance at 0x7f9d21926190>,72,12,[4 7],73,240,252,167,223
1,<environment.Job instance at 0x7f9d21926050>,73,17,[11  4],74,244,261,170,232
1,<environment.Job instance at 0x7f9d21926230>,76,14,[4 8],77,252,266,175,237
1,<environment.Job instance at 0x7f9d21926910>,78,12,[1 6],79,261,273,182,244
1,<environment.Job instance at 0x7f9d21926e10>,80,14,[8 4],81,266,280,185,251
1,<environment.Job instance at 0x7f9d22d7e9b0>,87,20,[4 5],88,266,286,178,257
1,<environment.Job instance at 0x7f9d22d7e820>,88,14,[5 7],89,280,294,191,265
1,<environment.Job instance at 0x7f9d21b8eb90>,97,22,[5 7],98,286,308,188,279
1,<environment.Job instance at 0x7f9d225fc910>,106,18,[1 6],107,294,312,187,283
1,<environment.Job instance at 0x7f9d21edca50>,107,20,[1 9],108,308,328,200,299
1,<environment.Job instance at 0x7f9d22054410>,111,17,[7 3],112,312,329,200,300
1,<environment.Job instance at 0x7f9d230f2a50>,117,15,[6 1],118,312,327,194,300
1,<environment.Job instance at 0x7f9d227d2280>,126,16,[9 2],127,329,345,202,316
1,<environment.Job instance at 0x7f9d21ce8af0>,130,22,[1 5],131,328,350,197,321
1,<environment.Job instance at 0x7f9d21ce8fa0>,133,20,[1 5],134,328,348,194,321
1,<environment.Job instance at 0x7f9d21a94870>,137,18,[5 5],138,345,363,207,334
1,<environment.Job instance at 0x7f9d21950eb0>,16,20,[12  5],17,363,383,346,356
1,<environment.Job instance at 0x7f9d219503c0>,7,23,[2 6],8,361,384,353,361
1,<environment.Job instance at 0x7f9d219500a0>,2,24,[12  4],3,383,407,380,378
1,<environment.Job instance at 0x7f9d2244d410>,0,28,[ 5 11],1,2,30,1,2
1,<environment.Job instance at 0x7f9d2244d7d0>,2,14,[10  1],3,3,17,0,3
1,<environment.Job instance at 0x7f9d2244df50>,18,17,[8 4],19,19,36,0,19
1,<environment.Job instance at 0x7f9d2244d2d0>,19,16,[7 2],20,30,46,10,20
1,<environment.Job instance at 0x7f9d22e97410>,22,14,[8 5],23,36,50,13,23
1,<environment.Job instance at 0x7f9d22e97fa0>,24,19,[6 4],25,46,65,21,36
1,<environment.Job instance at 0x7f9d2244d640>,25,16,[1 6],26,46,62,20,36
1,<environment.Job instance at 0x7f9d2244ddc0>,6,24,[7 1],7,50,74,43,45
1,<environment.Job instance at 0x7f9d22e97050>,26,14,[1 8],27,62,76,35,47
1,<environment.Job instance at 0x7f9d22e97eb0>,28,15,[10  1],29,74,89,45,60
1,<environment.Job instance at 0x7f9d22e97320>,33,16,[3 7],34,76,92,42,63
1,<environment.Job instance at 0x7f9d22e975f0>,38,14,[1 7],39,76,90,37,63
1,<environment.Job instance at 0x7f9d22038370>,40,13,[5 5],41,90,103,49,74
1,<environment.Job instance at 0x7f9d22038140>,42,19,[2 6],43,92,111,49,82
1,<environment.Job instance at 0x7f9d22038910>,46,18,[2 5],47,103,121,56,92
1,<environment.Job instance at 0x7f9d22e97730>,27,22,[7 2],28,99,121,71,99
1,<environment.Job instance at 0x7f9d22038820>,52,12,[13  4],53,121,133,68,106
1,<environment.Job instance at 0x7f9d220380a0>,51,18,[3 9],52,133,151,81,122
1,<environment.Job instance at 0x7f9d22038c30>,57,17,[5 7],58,151,168,93,139
1,<environment.Job instance at 0x7f9d22038b40>,58,17,[6 2],59,139,156,80,139
1,<environment.Job instance at 0x7f9d230c80a0>,61,15,[8 2],62,156,171,94,142
1,<environment.Job instance at 0x7f9d230c8d20>,65,16,[10  3],66,171,187,105,158
1,<environment.Job instance at 0x7f9d230c8780>,69,17,[9 4],70,187,204,117,175
1,<environment.Job instance at 0x7f9d230c8a00>,72,20,[5 3],73,175,195,102,175
1,<environment.Job instance at 0x7f9d230c8fa0>,77,20,[8 1],78,204,224,126,195
1,<environment.Job instance at 0x7f9d2269fbe0>,81,16,[4 6],82,195,211,113,195
1,<environment.Job instance at 0x7f9d2269f640>,82,15,[5 1],83,211,226,128,197
1,<environment.Job instance at 0x7f9d2269f9b0>,92,15,[3 7],93,224,239,131,210
1,<environment.Job instance at 0x7f9d2269f870>,95,19,[2 5],96,214,233,118,214
1,<environment.Job instance at 0x7f9d2269f960>,97,16,[8 4],98,233,249,135,220
1,<environment.Job instance at 0x7f9d2204fe10>,104,22,[1 8],105,239,261,134,232
1,<environment.Job instance at 0x7f9d2204feb0>,107,16,[9 1],108,249,265,141,236
1,<environment.Job instance at 0x7f9d2204fcd0>,111,13,[10  3],112,265,278,153,249
1,<environment.Job instance at 0x7f9d2204fe60>,113,23,[6 3],114,278,301,164,272
1,<environment.Job instance at 0x7f9d2204fdc0>,114,14,[3 7],115,272,286,157,272
1,<environment.Job instance at 0x7f9d2204f640>,115,20,[5 1],116,278,298,162,272
1,<environment.Job instance at 0x7f9d2237b960>,122,18,[3 5],123,286,304,163,282
1,<environment.Job instance at 0x7f9d2237b910>,124,18,[5 6],125,298,316,173,287
1,<environment.Job instance at 0x7f9d2237b230>,126,15,[ 4 10],127,316,331,189,302
1,<environment.Job instance at 0x7f9d2237bfa0>,127,12,[ 1 10],128,331,343,203,314
1,<environment.Job instance at 0x7f9d2237b5f0>,128,22,[7 1],129,314,336,185,314
1,<environment.Job instance at 0x7f9d2237b140>,130,20,[3 8],131,343,363,212,334
1,<environment.Job instance at 0x7f9d2237b280>,132,13,[3 9],133,363,376,230,347
1,<environment.Job instance at 0x7f9d2237b0f0>,134,19,[8 2],135,347,366,212,347
1,<environment.Job instance at 0x7f9d228a2640>,138,17,[1 5],139,366,383,227,354
1,<environment.Job instance at 0x7f9d2244d910>,3,18,[3 8],4,376,394,372,373
1,<environment.Job instance at 0x7f9d220380f0>,53,16,[1 7],54,431,447,377,431
1,<environment.Job instance at 0x7f9d228703c0>,1,18,[1 9],2,2,20,0,2
1,<environment.Job instance at 0x7f9d22e7c370>,3,18,[7 1],4,4,22,0,4
1,<environment.Job instance at 0x7f9d2188b0f0>,4,19,[7 3],5,5,24,0,5
1,<environment.Job instance at 0x7f9d22b6ba50>,9,13,[5 8],10,22,35,12,10
1,<environment.Job instance at 0x7f9d21ceca00>,16,22,[4 5],17,24,46,7,17
1,<environment.Job instance at 0x7f9d21ed8f00>,20,12,[7 2],21,35,47,14,22
1,<environment.Job instance at 0x7f9d21cecc80>,18,19,[2 5],19,35,54,16,25
1,<environment.Job instance at 0x7f9d21ce3f50>,29,17,[5 4],30,46,63,16,34
1,<environment.Job instance at 0x7f9d21ed86e0>,21,20,[6 1],22,47,67,25,38
1,<environment.Job instance at 0x7f9d21ed8af0>,22,14,[11  5],23,67,81,44,53
1,<environment.Job instance at 0x7f9d21861320>,32,19,[8 1],33,81,100,48,71
1,<environment.Job instance at 0x7f9d21ed8370>,26,19,[3 7],27,71,90,44,71
1,<environment.Job instance at 0x7f9d21861eb0>,34,13,[6 5],35,90,103,55,75
1,<environment.Job instance at 0x7f9d21861a00>,35,23,[1 6],36,81,104,45,75
1,<environment.Job instance at 0x7f9d21861230>,37,20,[1 7],38,103,123,65,96
1,<environment.Job instance at 0x7f9d21861780>,38,24,[7 2],39,100,124,61,96
1,<environment.Job instance at 0x7f9d218610a0>,39,15,[9 4],40,124,139,84,121
1,<environment.Job instance at 0x7f9d218613c0>,40,14,[14  5],41,139,153,98,127
1,<environment.Job instance at 0x7f9d21b8ed70>,41,14,[ 3 12],42,153,167,111,138
1,<environment.Job instance at 0x7f9d21b8e8c0>,42,16,[8 2],43,153,169,110,140
1,<environment.Job instance at 0x7f9d21b8ee60>,43,19,[ 4 11],44,167,186,123,157
1,<environment.Job instance at 0x7f9d21861f50>,31,27,[12  3],32,186,213,154,184
1,<environment.Job instance at 0x7f9d21b8ebe0>,44,14,[4 7],45,213,227,168,201
1,<environment.Job instance at 0x7f9d21b8e500>,45,28,[8 4],46,213,241,167,212
1,<environment.Job instance at 0x7f9d21ed87d0>,30,19,[5 8],31,227,246,196,217
1,<environment.Job instance at 0x7f9d21d09870>,67,15,[6 4],68,241,256,173,227
1,<environment.Job instance at 0x7f9d21cfb550>,68,20,[7 5],69,246,266,177,237
1,<environment.Job instance at 0x7f9d227eeb40>,74,17,[1 6],75,246,263,171,237
1,<environment.Job instance at 0x7f9d227ee1e0>,77,21,[4 5],78,263,284,185,255
1,<environment.Job instance at 0x7f9d21977780>,83,12,[5 8],84,266,278,182,255
1,<environment.Job instance at 0x7f9d219771e0>,85,15,[4 8],86,278,293,192,264
1,<environment.Job instance at 0x7f9d22634c80>,86,15,[1 6],87,284,299,197,270
1,<environment.Job instance at 0x7f9d21c5bfa0>,91,20,[9 5],92,293,313,201,284
1,<environment.Job instance at 0x7f9d22bb6d70>,103,14,[10  5],104,313,327,209,298
1,<environment.Job instance at 0x7f9d22bb6b40>,104,16,[10  2],105,327,343,222,314
1,<environment.Job instance at 0x7f9d22bb6b90>,114,14,[4 8],115,314,328,199,314
1,<environment.Job instance at 0x7f9d21c42d20>,120,13,[9 3],121,343,356,222,327
1,<environment.Job instance at 0x7f9d2288e640>,127,20,[6 5],128,343,363,215,334
1,<environment.Job instance at 0x7f9d22b571e0>,128,15,[ 5 10],129,356,371,227,342
1,<environment.Job instance at 0x7f9d2294dbe0>,130,15,[5 8],131,371,386,240,357
1,<environment.Job instance at 0x7f9d2294dd70>,133,16,[2 8],134,386,402,252,373
1,<environment.Job instance at 0x7f9d2192b780>,0,18,[14  1],1,489,507,488,489
1,<environment.Job instance at 0x7f9d21b8ed20>,46,17,[13  5],47,982,999,935,982
1,<environment.Job instance at 0x7f9d21861460>,33,26,[ 4 11],34,2944,2970,2910,2944
1,<environment.Job instance at 0x7f9d227da820>,1,18,[13  2],2,4,22,2,4
1,<environment.Job instance at 0x7f9d2220f870>,7,16,[5 1],8,22,38,14,9
1,<environment.Job instance at 0x7f9d227dab40>,5,15,[3 9],6,22,37,16,9
1,<environment.Job instance at 0x7f9d2220fe60>,9,13,[8 3],10,37,50,27,21
1,<environment.Job instance at 0x7f9d2220ff00>,19,22,[2 7],20,37,59,17,32
1,<environment.Job instance at 0x7f9d227dac80>,4,14,[9 1],5,50,64,45,39
1,<environment.Job instance at 0x7f9d2220f370>,23,13,[3 9],24,59,72,35,43
1,<environment.Job instance at 0x7f9d2220f140>,22,16,[ 3 10],23,72,88,49,59
1,<environment.Job instance at 0x7f9d219f25f0>,30,14,[9 2],31,64,78,33,59
1,<environment.Job instance at 0x7f9d22549820>,37,15,[3 8],38,88,103,50,74
1,<environment.Job instance at 0x7f9d22549a00>,38,14,[4 9],39,103,117,64,88
1,<environment.Job instance at 0x7f9d225490a0>,40,22,[2 8],41,117,139,76,110
1,<environment.Job instance at 0x7f9d2bd6ad70>,44,20,[4 5],45,114,134,69,114
1,<environment.Job instance at 0x7f9d2bd6af50>,45,18,[4 6],46,134,152,88,123
1,<environment.Job instance at 0x7f9d2bd6ad20>,46,14,[2 6],47,139,153,92,124
1,<environment.Job instance at 0x7f9d2bd6ac80>,48,12,[6 5],49,152,164,103,135
1,<environment.Job instance at 0x7f9d226898c0>,55,12,[8 5],56,153,165,97,136
1,<environment.Job instance at 0x7f9d22689be0>,60,12,[2 5],61,164,176,103,147
1,<environment.Job instance at 0x7f9d226899b0>,65,14,[8 5],66,165,179,99,150
1,<environment.Job instance at 0x7f9d226896e0>,68,20,[6 3],69,176,196,107,167
1,<environment.Job instance at 0x7f9d22689320>,69,21,[3 6],70,179,200,109,171
1,<environment.Job instance at 0x7f9d22b0ec30>,74,12,[7 1],75,196,208,121,180
1,<environment.Job instance at 0x7f9d22b0e960>,75,21,[ 1 10],76,200,221,124,193
1,<environment.Job instance at 0x7f9d22b0e1e0>,77,19,[8 4],78,208,227,130,200
1,<environment.Job instance at 0x7f9d22b0e410>,78,12,[7 5],79,221,233,142,204
1,<environment.Job instance at 0x7f9d22b0e730>,79,20,[3 9],80,227,247,147,218
1,<environment.Job instance at 0x7f9d22b0ea00>,80,18,[9 3],81,233,251,152,228
1,<environment.Job instance at 0x7f9d22b0e0f0>,81,17,[9 4],82,251,268,169,241
1,<environment.Job instance at 0x7f9d22b0ecd0>,86,17,[4 8],87,247,264,160,243
1,<environment.Job instance at 0x7f9d22b0e7d0>,87,14,[5 6],88,264,278,176,249
1,<environment.Job instance at 0x7f9d22b0ed20>,88,16,[8 4],89,268,284,179,255
1,<environment.Job instance at 0x7f9d227da230>,8,25,[ 1 12],9,284,309,275,280
1,<environment.Job instance at 0x7f9d22b14500>,91,21,[9 3],92,302,323,210,302
1,<environment.Job instance at 0x7f9d22b14e60>,92,26,[ 1 10],93,309,335,216,306
1,<environment.Job instance at 0x7f9d2220f640>,24,16,[ 2 11],25,335,351,310,323
1,<environment.Job instance at 0x7f9d227da5f0>,0,18,[ 2 10],1,351,369,350,340
1,<environment.Job instance at 0x7f9d22b14460>,97,13,[7 1],98,340,353,242,340
1,<environment.Job instance at 0x7f9d22b14c80>,100,12,[3 8],101,369,381,268,353
1,<environment.Job instance at 0x7f9d22b14e10>,102,15,[5 6],103,369,384,266,355
1,<environment.Job instance at 0x7f9d22b148c0>,105,17,[5 8],106,381,398,275,369
1,<environment.Job instance at 0x7f9d22b140a0>,107,12,[8 5],108,384,396,276,369
1,<environment.Job instance at 0x7f9d22b14910>,108,18,[3 6],109,396,414,287,385
1,<environment.Job instance at 0x7f9d22935be0>,110,21,[5 3],111,398,419,287,390
1,<environment.Job instance at 0x7f9d229350f0>,115,17,[8 3],116,414,431,298,403
1,<environment.Job instance at 0x7f9d22935500>,117,12,[7 2],118,419,431,301,403
1,<environment.Job instance at 0x7f9d22935c30>,119,16,[3 5],120,431,447,311,418
1,<environment.Job instance at 0x7f9d22a1b280>,125,15,[1 8],126,431,446,305,418
1,<environment.Job instance at 0x7f9d22b14fa0>,96,15,[ 4 12],97,447,462,350,433
1,<environment.Job instance at 0x7f9d22a1b1e0>,132,16,[5 2],133,433,449,300,433
1,<environment.Job instance at 0x7f9d22a1b5f0>,131,13,[5 8],132,462,475,330,446
1,<environment.Job instance at 0x7f9d21864c80>,135,12,[7 5],136,462,474,326,446
1,<environment.Job instance at 0x7f9d21864460>,136,14,[7 5],137,474,488,337,459
1,<environment.Job instance at 0x7f9d22a1ba00>,133,20,[5 4],134,475,495,341,466
1,<environment.Job instance at 0x7f9d22b14370>,98,20,[ 4 13],99,495,515,396,486
1,<environment.Job instance at 0x7f9d220a1690>,0,12,[11  1],1,1,13,0,1
1,<environment.Job instance at 0x7f9d2205c3c0>,1,27,[4 9],2,3,30,1,3
1,<environment.Job instance at 0x7f9d2205c780>,7,14,[8 1],8,13,27,5,8
1,<environment.Job instance at 0x7f9d2205cc30>,11,19,[9 1],12,27,46,15,17
1,<environment.Job instance at 0x7f9d230fb8c0>,17,17,[5 9],18,30,47,12,18
1,<environment.Job instance at 0x7f9d230fb370>,18,18,[1 8],19,47,65,28,36
1,<environment.Job instance at 0x7f9d2205cf50>,3,17,[1 7],4,47,64,43,37
1,<environment.Job instance at 0x7f9d230fb1e0>,22,14,[8 4],23,64,78,41,49
1,<environment.Job instance at 0x7f9d230fb910>,23,19,[ 2 10],24,65,84,41,55
1,<environment.Job instance at 0x7f9d22afb1e0>,26,14,[9 3],27,78,92,51,63
1,<environment.Job instance at 0x7f9d22afb7d0>,31,13,[4 5],32,84,97,52,68
1,<environment.Job instance at 0x7f9d22afb960>,33,14,[8 4],34,92,106,58,77
1,<environment.Job instance at 0x7f9d22afb820>,37,20,[5 4],38,97,117,59,88
1,<environment.Job instance at 0x7f9d22afb6e0>,39,16,[9 4],40,106,122,66,93
1,<environment.Job instance at 0x7f9d22afb730>,41,17,[5 5],42,117,134,75,105
1,<environment.Job instance at 0x7f9d224e60a0>,43,13,[ 2 10],44,122,135,78,106
1,<environment.Job instance at 0x7f9d224e64b0>,46,13,[6 5],47,134,147,87,118
1,<environment.Job instance at 0x7f9d224e6550>,50,18,[ 1 10],51,135,153,84,124
1,<environment.Job instance at 0x7f9d224e6f00>,52,21,[7 4],53,147,168,94,139
1,<environment.Job instance at 0x7f9d224e6d20>,53,20,[3 9],54,153,173,99,144
1,<environment.Job instance at 0x7f9d224e6e10>,56,16,[9 5],57,168,184,111,155
1,<environment.Job instance at 0x7f9d22044a50>,63,20,[7 3],64,184,204,120,175
1,<environment.Job instance at 0x7f9d220444b0>,68,19,[6 4],69,175,194,106,175
1,<environment.Job instance at 0x7f9d220442d0>,69,13,[6 4],70,194,207,124,178
1,<environment.Job instance at 0x7f9d22044730>,71,19,[5 5],72,204,223,132,194
1,<environment.Job instance at 0x7f9d220440f0>,72,17,[7 1],73,207,224,134,195
1,<environment.Job instance at 0x7f9d22044910>,79,18,[7 3],80,223,241,143,212
1,<environment.Job instance at 0x7f9d22044b90>,81,18,[1 5],82,212,230,130,212
1,<environment.Job instance at 0x7f9d22044870>,82,22,[1 6],83,224,246,141,217
1,<environment.Job instance at 0x7f9d21b882d0>,85,15,[5 5],86,230,245,144,217
1,<environment.Job instance at 0x7f9d21b881e0>,95,16,[2 6],96,245,261,149,232
1,<environment.Job instance at 0x7f9d21b860f0>,97,17,[5 5],98,246,263,148,234
1,<environment.Job instance at 0x7f9d21b86d70>,99,12,[6 2],100,241,253,141,234
1,<environment.Job instance at 0x7f9d21b86a50>,100,15,[1 8],101,261,276,160,247
1,<environment.Job instance at 0x7f9d21b86c80>,101,20,[3 8],102,276,296,174,267
1,<environment.Job instance at 0x7f9d21b86460>,103,12,[10  4],104,267,279,163,267
1,<environment.Job instance at 0x7f9d21b864b0>,104,15,[10  4],105,279,294,174,267
1,<environment.Job instance at 0x7f9d21b86870>,106,22,[2 5],107,294,316,187,287
1,<environment.Job instance at 0x7f9d21b86eb0>,108,21,[2 8],109,296,317,187,288
1,<environment.Job instance at 0x7f9d21b86e60>,113,15,[6 2],114,294,309,180,288
1,<environment.Job instance at 0x7f9d21b837d0>,115,15,[1 5],116,316,331,200,302
1,<environment.Job instance at 0x7f9d21b83320>,118,21,[7 3],119,317,338,198,309
1,<environment.Job instance at 0x7f9d21b836e0>,121,14,[1 9],122,331,345,209,316
1,<environment.Job instance at 0x7f9d21b83870>,123,22,[10  4],124,338,360,214,331
1,<environment.Job instance at 0x7f9d21b83410>,124,13,[5 5],125,345,358,220,331
1,<environment.Job instance at 0x7f9d21b83730>,129,17,[3 5],130,358,375,228,346
1,<environment.Job instance at 0x7f9d22ffbc30>,131,15,[7 1],132,360,375,228,346
1,<environment.Job instance at 0x7f9d22fe1af0>,133,12,[8 4],134,375,387,241,358
1,<environment.Job instance at 0x7f9d230fb0a0>,12,12,[7 3],13,375,387,362,359
1,<environment.Job instance at 0x7f9d21b95230>,137,17,[ 2 10],138,387,404,249,375
1,<environment.Job instance at 0x7f9d230fbe60>,20,16,[ 3 14],21,404,420,383,400
1,<environment.Job instance at 0x7f9d21c61c30>,138,22,[4 7],139,6558,6580,6419,6558
1,<environment.Job instance at 0x7f9d21b9deb0>,0,22,[3 5],1,1,23,0,1
1,<environment.Job instance at 0x7f9d22bc3230>,4,22,[2 8],5,5,27,0,5
1,<environment.Job instance at 0x7f9d23009af0>,6,20,[1 7],7,23,43,16,14
1,<environment.Job instance at 0x7f9d22bc3f50>,9,14,[6 2],10,27,41,17,14
1,<environment.Job instance at 0x7f9d22a1dbe0>,12,14,[4 7],13,41,55,28,26
1,<environment.Job instance at 0x7f9d22a1d230>,17,14,[5 6],18,27,41,9,26
1,<environment.Job instance at 0x7f9d22a1d640>,21,21,[2 5],22,43,64,21,35
1,<environment.Job instance at 0x7f9d22a68320>,24,13,[1 7],25,55,68,30,39
1,<environment.Job instance at 0x7f9d22a689b0>,34,19,[2 9],35,68,87,33,58
1,<environment.Job instance at 0x7f9d22a68be0>,35,18,[9 3],36,58,76,22,58
1,<environment.Job instance at 0x7f9d22a68b90>,36,14,[5 5],37,76,90,39,61
1,<environment.Job instance at 0x7f9d22a68dc0>,39,20,[5 7],40,87,107,47,78
1,<environment.Job instance at 0x7f9d22a68eb0>,42,18,[7 1],43,90,108,47,79
1,<environment.Job instance at 0x7f9d22a80550>,50,21,[5 9],51,107,128,56,99
1,<environment.Job instance at 0x7f9d22a805f0>,51,12,[2 8],52,128,140,76,111
1,<environment.Job instance at 0x7f9d22a80730>,53,14,[3 7],54,128,142,74,113
1,<environment.Job instance at 0x7f9d22a80910>,56,15,[5 5],57,113,128,56,113
1,<environment.Job instance at 0x7f9d22a80c30>,60,20,[8 4],61,140,160,79,131
1,<environment.Job instance at 0x7f9d22bc3460>,8,16,[3 8],9,142,158,133,135
1,<environment.Job instance at 0x7f9d22a80f50>,65,15,[5 6],66,158,173,92,144
1,<environment.Job instance at 0x7f9d22a52460>,73,19,[1 5],74,158,177,84,148
1,<environment.Job instance at 0x7f9d22a52500>,74,14,[2 5],75,173,187,98,158
1,<environment.Job instance at 0x7f9d22a529b0>,78,15,[2 8],79,177,192,98,163
1,<environment.Job instance at 0x7f9d22a52b40>,81,19,[5 4],82,187,206,105,177
1,<environment.Job instance at 0x7f9d22a43280>,92,16,[1 7],93,192,208,99,179
1,<environment.Job instance at 0x7f9d22bc3fa0>,7,18,[9 3],8,192,210,184,181
1,<environment.Job instance at 0x7f9d22a29c80>,99,15,[9 2],100,210,225,110,198
1,<environment.Job instance at 0x7f9d22a80dc0>,63,24,[6 1],64,208,232,144,203
1,<environment.Job instance at 0x7f9d22bb0be0>,101,17,[7 5],102,225,242,123,213
1,<environment.Job instance at 0x7f9d2244a870>,104,19,[5 3],105,232,251,127,222
1,<environment.Job instance at 0x7f9d2245bd20>,108,14,[5 5],109,242,256,133,227
1,<environment.Job instance at 0x7f9d22244b90>,109,14,[10  5],110,251,265,141,236
1,<environment.Job instance at 0x7f9d226e29b0>,111,20,[6 5],112,265,285,153,256
1,<environment.Job instance at 0x7f9d22b935f0>,115,19,[5 4],116,256,275,140,256
1,<environment.Job instance at 0x7f9d229c9e10>,122,18,[4 9],123,275,293,152,264
1,<environment.Job instance at 0x7f9d22a435a0>,97,23,[10  3],98,285,308,187,280
1,<environment.Job instance at 0x7f9d229cf0f0>,131,16,[3 8],132,293,309,161,280
1,<environment.Job instance at 0x7f9d2243e370>,134,21,[1 9],135,309,330,174,301
1,<environment.Job instance at 0x7f9d229d5cd0>,135,17,[3 5],136,308,325,172,301
1,<environment.Job instance at 0x7f9d2243eeb0>,136,17,[5 8],137,330,347,193,318
1,<environment.Job instance at 0x7f9d21b9d690>,1,27,[ 3 13],2,1486,1513,1484,1486
1,<environment.Job instance at 0x7f9d229cfdc0>,132,16,[ 2 13],133,2243,2259,2110,2243
1,<environment.Job instance at 0x7f9d34a92190>,1,19,[5 1],2,3,22,1,3
1,<environment.Job instance at 0x7f9d21ffc5a0>,0,18,[ 2 13],1,3,21,2,3
1,<environment.Job instance at 0x7f9d22a67a00>,5,14,[1 5],6,21,35,15,6
1,<environment.Job instance at 0x7f9d2243e320>,3,13,[12  1],4,22,35,18,6
1,<environment.Job instance at 0x7f9d22bc5280>,6,17,[1 9],7,21,38,14,14
1,<environment.Job instance at 0x7f9d22a6daf0>,8,13,[10  1],9,35,48,26,19
1,<environment.Job instance at 0x7f9d22a6d910>,14,27,[3 8],15,38,65,23,36
1,<environment.Job instance at 0x7f9d226e21e0>,15,20,[7 1],16,48,68,32,43
1,<environment.Job instance at 0x7f9d226e24b0>,20,19,[7 4],21,65,84,44,55
1,<environment.Job instance at 0x7f9d226f2dc0>,22,12,[7 3],23,68,80,45,55
1,<environment.Job instance at 0x7f9d226f2eb0>,23,21,[7 2],24,80,101,56,72
1,<environment.Job instance at 0x7f9d226f2d70>,24,14,[5 5],25,84,98,59,72
1,<environment.Job instance at 0x7f9d226f2780>,32,13,[2 8],33,84,97,51,72
1,<environment.Job instance at 0x7f9d226c5d70>,42,12,[6 3],43,98,110,55,81
1,<environment.Job instance at 0x7f9d226c5640>,48,16,[5 9],49,101,117,52,88
1,<environment.Job instance at 0x7f9d22a78c80>,53,21,[8 2],54,110,131,56,104
1,<environment.Job instance at 0x7f9d226eafa0>,57,18,[1 9],58,117,135,59,107
1,<environment.Job instance at 0x7f9d226eab40>,60,20,[1 5],61,131,151,70,122
1,<environment.Job instance at 0x7f9d2236adc0>,62,20,[6 5],63,135,155,72,126
1,<environment.Job instance at 0x7f9d22a56370>,70,17,[8 1],71,131,148,60,129
1,<environment.Job instance at 0x7f9d22a561e0>,71,12,[2 6],72,151,163,79,134
1,<environment.Job instance at 0x7f9d22a6ef00>,72,13,[7 2],73,148,161,75,134
1,<environment.Job instance at 0x7f9d22a5c730>,78,17,[9 5],79,161,178,82,149
1,<environment.Job instance at 0x7f9d22a5cdc0>,79,21,[5 8],80,163,184,83,155
1,<environment.Job instance at 0x7f9d22a5c870>,81,18,[7 2],82,178,196,96,167
1,<environment.Job instance at 0x7f9d226c9f50>,88,18,[1 8],89,184,202,95,174
1,<environment.Job instance at 0x7f9d226c9af0>,92,12,[10  3],93,196,208,103,179
1,<environment.Job instance at 0x7f9d226c95a0>,93,16,[5 7],94,202,218,108,189
1,<environment.Job instance at 0x7f9d226c9730>,96,15,[1 9],97,218,233,121,204
1,<environment.Job instance at 0x7f9d226c9f00>,97,18,[10  4],98,208,226,110,204
1,<environment.Job instance at 0x7f9d2208feb0>,101,20,[5 3],102,226,246,124,217
1,<environment.Job instance at 0x7f9d2208f3c0>,103,13,[6 5],104,233,246,129,217
1,<environment.Job instance at 0x7f9d2208f960>,104,16,[10  2],105,246,262,141,233
1,<environment.Job instance at 0x7f9d2208f280>,105,16,[ 2 10],106,246,262,140,234
1,<environment.Job instance at 0x7f9d226e20f0>,16,23,[10  5],17,262,285,245,256
1,<environment.Job instance at 0x7f9d22a9afa0>,111,13,[12  2],112,285,298,173,269
1,<environment.Job instance at 0x7f9d226f2640>,19,16,[ 4 11],20,298,314,278,285
1,<environment.Job instance at 0x7f9d22a9a0a0>,112,20,[7 4],113,298,318,185,289
1,<environment.Job instance at 0x7f9d22a9af50>,110,19,[4 9],111,314,333,203,304
1,<environment.Job instance at 0x7f9d2268fe60>,115,13,[8 2],116,318,331,202,304
1,<environment.Job instance at 0x7f9d22d54550>,133,16,[2 5],134,331,347,197,318
1,<environment.Job instance at 0x7f9d22072410>,134,17,[9 4],135,333,350,198,321
1,<environment.Job instance at 0x7f9d21d4e460>,136,16,[2 6],137,333,349,196,321
1,<environment.Job instance at 0x7f9d21defaa0>,137,17,[1 7],138,349,366,211,337
1,<environment.Job instance at 0x7f9d22a9a320>,113,17,[ 1 11],114,366,383,252,354
1,<environment.Job instance at 0x7f9d22a9a280>,114,17,[1 7],115,5259,5276,5144,5259
1,<environment.Job instance at 0x7f9d22c755f0>,0,12,[5 5],1,1,13,0,1
1,<environment.Job instance at 0x7f9d22a9a280>,2,20,[4 7],3,3,23,0,3
1,<environment.Job instance at 0x7f9d21b01640>,4,12,[4 7],5,13,25,8,5
1,<environment.Job instance at 0x7f9d21b01230>,11,20,[1 6],12,23,43,11,14
1,<environment.Job instance at 0x7f9d21d4f960>,19,15,[4 7],20,25,40,5,20
1,<environment.Job instance at 0x7f9d21d4f370>,29,17,[7 1],30,30,47,0,30
1,<environment.Job instance at 0x7f9d2b965f50>,31,13,[1 7],32,40,53,8,32
1,<environment.Job instance at 0x7f9d2b965640>,37,12,[7 3],38,43,55,5,38
1,<environment.Job instance at 0x7f9d2b965be0>,38,13,[10  5],39,55,68,16,39
1,<environment.Job instance at 0x7f9d22a9aaf0>,1,15,[1 8],2,53,68,51,40
1,<environment.Job instance at 0x7f9d2b9658c0>,47,12,[3 7],48,68,80,20,52
1,<environment.Job instance at 0x7f9d21b01a00>,12,18,[3 8],13,68,86,55,60
1,<environment.Job instance at 0x7f9d22987f00>,67,12,[5 4],68,80,92,12,68
1,<environment.Job instance at 0x7f9d22987a00>,71,16,[3 8],72,86,102,14,73
1,<environment.Job instance at 0x7f9d22987500>,72,16,[4 5],73,92,108,19,79
1,<environment.Job instance at 0x7f9d2192eeb0>,83,13,[5 2],84,85,98,1,85
1,<environment.Job instance at 0x7f9d23077500>,89,16,[5 7],90,102,118,12,90
1,<environment.Job instance at 0x7f9d21fe2280>,96,16,[10  5],97,108,124,11,97
1,<environment.Job instance at 0x7f9d22c2b320>,99,15,[4 7],100,118,133,18,104
1,<environment.Job instance at 0x7f9d22ceee60>,103,15,[5 5],104,124,139,20,110
1,<environment.Job instance at 0x7f9d22cee6e0>,105,19,[5 4],106,133,152,27,123
1,<environment.Job instance at 0x7f9d21b01690>,10,16,[13  2],11,152,168,141,139
1,<environment.Job instance at 0x7f9d22ceec30>,109,18,[4 8],110,168,186,58,157
1,<environment.Job instance at 0x7f9d21c6cb40>,128,20,[8 5],129,168,188,39,167
1,<environment.Job instance at 0x7f9d21d4fd70>,40,15,[13  5],41,188,203,147,174
1,<environment.Job instance at 0x7f9d21c6cf50>,129,20,[7 1],130,203,223,73,194
1,<environment.Job instance at 0x7f9d21d137d0>,132,15,[4 8],133,203,218,70,194
1,<environment.Job instance at 0x7f9d21d13870>,133,17,[5 6],134,218,235,84,206
1,<environment.Job instance at 0x7f9d21f973c0>,130,25,[ 1 13],131,469,494,338,469
1,<environment.Job instance at 0x7f9d21968320>,0,18,[5 3],1,1,19,0,1
1,<environment.Job instance at 0x7f9d218445f0>,2,14,[9 2],3,3,17,0,3
1,<environment.Job instance at 0x7f9d21844e10>,4,13,[7 2],5,17,30,12,5
1,<environment.Job instance at 0x7f9d228700a0>,7,12,[6 4],8,19,31,11,8
1,<environment.Job instance at 0x7f9d21999af0>,8,12,[ 2 14],9,31,43,22,15
1,<environment.Job instance at 0x7f9d22870b90>,5,21,[5 1],6,30,51,24,22
1,<environment.Job instance at 0x7f9d229fad70>,13,16,[6 1],14,43,59,29,30
1,<environment.Job instance at 0x7f9d229faaa0>,19,14,[3 7],20,43,57,23,30
1,<environment.Job instance at 0x7f9d229fa3c0>,21,12,[4 7],22,51,63,29,34
1,<environment.Job instance at 0x7f9d218c16e0>,24,15,[4 8],25,59,74,34,45
1,<environment.Job instance at 0x7f9d22165730>,27,18,[5 6],28,63,81,35,52
1,<environment.Job instance at 0x7f9d22b7a9b0>,28,13,[8 2],29,74,87,45,58
1,<environment.Job instance at 0x7f9d22eee2d0>,30,14,[4 7],31,81,95,50,66
1,<environment.Job instance at 0x7f9d222cd550>,32,12,[6 5],33,87,99,54,70
1,<environment.Job instance at 0x7f9d2279e230>,36,17,[4 6],37,95,112,58,83
1,<environment.Job instance at 0x7f9d21978730>,38,13,[5 1],39,87,100,48,83
1,<environment.Job instance at 0x7f9d218501e0>,40,19,[ 5 10],41,112,131,71,102
1,<environment.Job instance at 0x7f9d2b74ff50>,41,16,[ 3 10],42,131,147,89,118
1,<environment.Job instance at 0x7f9d2b6f9e10>,44,14,[5 4],45,118,132,73,118
1,<environment.Job instance at 0x7f9d22d83d70>,45,16,[5 9],46,147,163,101,134
1,<environment.Job instance at 0x7f9d21cd80f0>,47,12,[6 3],48,134,146,86,134
1,<environment.Job instance at 0x7f9d21f99960>,50,13,[6 1],51,134,147,83,134
1,<environment.Job instance at 0x7f9d21844dc0>,1,17,[7 5],2,147,164,145,136
1,<environment.Job instance at 0x7f9d225ee5a0>,53,12,[7 4],54,163,175,109,146
1,<environment.Job instance at 0x7f9d22870730>,3,20,[4 7],4,164,184,160,156
1,<environment.Job instance at 0x7f9d225eea50>,56,12,[2 9],57,184,196,127,167
1,<environment.Job instance at 0x7f9d225ee4b0>,55,22,[6 5],56,179,201,123,179
1,<environment.Job instance at 0x7f9d225ee050>,54,25,[3 9],55,196,221,141,192
1,<environment.Job instance at 0x7f9d2ba72af0>,60,21,[1 9],61,221,242,160,213
1,<environment.Job instance at 0x7f9d225eea00>,59,18,[1 7],60,242,260,182,231
1,<environment.Job instance at 0x7f9d2ba72be0>,62,20,[1 8],63,242,262,179,233
1,<environment.Job instance at 0x7f9d2ba72550>,66,21,[2 5],67,260,281,193,252
1,<environment.Job instance at 0x7f9d22228c80>,68,20,[5 4],69,262,282,193,253
1,<environment.Job instance at 0x7f9d225f2f50>,69,20,[5 8],70,281,301,211,273
1,<environment.Job instance at 0x7f9d2302a870>,70,22,[7 5],71,282,304,211,278
1,<environment.Job instance at 0x7f9d2b714b90>,85,12,[3 8],86,301,313,215,284
1,<environment.Job instance at 0x7f9d2b714410>,87,21,[5 8],88,313,334,225,306
1,<environment.Job instance at 0x7f9d2b714dc0>,89,19,[2 5],90,306,325,216,306
1,<environment.Job instance at 0x7f9d2b714af0>,91,12,[3 7],92,325,337,233,308
1,<environment.Job instance at 0x7f9d2b714780>,94,20,[8 2],95,334,354,239,326
1,<environment.Job instance at 0x7f9d225fcd70>,97,17,[2 9],98,337,354,239,326
1,<environment.Job instance at 0x7f9d225fc730>,99,15,[9 5],100,354,369,254,340
1,<environment.Job instance at 0x7f9d225fc550>,101,17,[4 8],102,354,371,252,342
1,<environment.Job instance at 0x7f9d225fc8c0>,105,22,[2 6],106,369,391,263,362
1,<environment.Job instance at 0x7f9d22a322d0>,109,20,[6 4],110,371,391,261,362
1,<environment.Job instance at 0x7f9d22a32780>,114,16,[6 5],115,371,387,256,362
1,<environment.Job instance at 0x7f9d22a32870>,116,21,[5 8],117,391,412,274,386
1,<environment.Job instance at 0x7f9d22a32b40>,117,19,[3 7],118,391,410,273,386
1,<environment.Job instance at 0x7f9d22a32be0>,119,12,[10  2],120,410,422,290,393
1,<environment.Job instance at 0x7f9d22a32a00>,121,18,[ 1 10],122,412,430,290,401
1,<environment.Job instance at 0x7f9d22a32730>,125,16,[7 4],126,422,438,296,409
1,<environment.Job instance at 0x7f9d22f6fdc0>,128,14,[10  4],129,438,452,309,423
1,<environment.Job instance at 0x7f9d22f6faa0>,130,17,[ 2 10],131,430,447,299,423
1,<environment.Job instance at 0x7f9d22f6f0f0>,131,18,[2 9],132,447,465,315,436
1,<environment.Job instance at 0x7f9d2ba72c30>,61,23,[12  2],62,654,677,592,654
1,<environment.Job instance at 0x7f9d230ece10>,1,14,[6 5],2,2,16,0,2
1,<environment.Job instance at 0x7f9d2ba72190>,2,21,[6 3],3,3,24,0,3
1,<environment.Job instance at 0x7f9d2ba72c30>,4,18,[6 5],5,16,34,11,5
1,<environment.Job instance at 0x7f9d23195cd0>,5,16,[6 1],6,24,40,18,11
1,<environment.Job instance at 0x7f9d231956e0>,8,13,[1 6],9,11,24,2,11
1,<environment.Job instance at 0x7f9d23195fa0>,6,14,[10  5],7,40,54,33,25
1,<environment.Job instance at 0x7f9d231953c0>,12,15,[ 3 14],13,54,69,41,40
1,<environment.Job instance at 0x7f9d22d66690>,13,16,[12  1],14,54,70,40,41
1,<environment.Job instance at 0x7f9d22d66a50>,14,13,[ 5 13],15,70,83,55,54
1,<environment.Job instance at 0x7f9d23195d70>,3,17,[10  2],4,70,87,66,66
1,<environment.Job instance at 0x7f9d23195960>,7,18,[13  1],8,87,105,79,76
1,<environment.Job instance at 0x7f9d22d667d0>,18,13,[1 8],19,85,98,66,85
1,<environment.Job instance at 0x7f9d22d66410>,17,18,[7 2],18,105,123,87,95
1,<environment.Job instance at 0x7f9d22d66eb0>,22,17,[4 8],23,105,122,82,96
1,<environment.Job instance at 0x7f9d22d66640>,24,15,[3 5],25,105,120,80,104
1,<environment.Job instance at 0x7f9d22d664b0>,25,14,[9 1],26,123,137,97,109
1,<environment.Job instance at 0x7f9d22d66910>,26,14,[4 7],27,122,136,95,110
1,<environment.Job instance at 0x7f9d22d66c80>,33,18,[4 5],34,136,154,102,125
1,<environment.Job instance at 0x7f9d22d666e0>,23,28,[1 7],24,125,153,101,125
1,<environment.Job instance at 0x7f9d2ba7d280>,37,15,[10  5],38,153,168,115,139
1,<environment.Job instance at 0x7f9d2ba7d7d0>,38,19,[11  2],39,168,187,129,159
1,<environment.Job instance at 0x7f9d22d662d0>,16,16,[ 3 10],17,176,192,159,176
1,<environment.Job instance at 0x7f9d2ba7db90>,41,21,[8 3],42,187,208,145,180
1,<environment.Job instance at 0x7f9d2ba7da50>,49,17,[ 3 10],50,192,209,142,180
1,<environment.Job instance at 0x7f9d2ba7dc80>,50,12,[3 6],51,209,221,158,192
1,<environment.Job instance at 0x7f9d2ba7dcd0>,52,17,[4 5],53,208,225,155,196
1,<environment.Job instance at 0x7f9d2ba7db40>,53,13,[3 7],54,221,234,167,205
1,<environment.Job instance at 0x7f9d2b7309b0>,56,21,[2 5],57,225,246,168,217
1,<environment.Job instance at 0x7f9d2b7303c0>,61,16,[5 5],62,234,250,172,221
1,<environment.Job instance at 0x7f9d2b730e10>,62,18,[7 5],63,234,252,171,223
1,<environment.Job instance at 0x7f9d2b730b40>,66,12,[5 4],67,250,262,183,233
1,<environment.Job instance at 0x7f9d2b730c80>,67,13,[1 8],68,252,265,184,236
1,<environment.Job instance at 0x7f9d2b7301e0>,68,18,[ 4 10],69,265,283,196,254
1,<environment.Job instance at 0x7f9d2b730f00>,69,17,[ 3 10],70,283,300,213,271
1,<environment.Job instance at 0x7f9d2b730cd0>,72,14,[1 7],73,300,314,227,285
1,<environment.Job instance at 0x7f9d2b730d70>,74,13,[ 4 10],75,314,327,239,298
1,<environment.Job instance at 0x7f9d22a375f0>,75,14,[10  3],76,298,312,222,298
1,<environment.Job instance at 0x7f9d22a37050>,76,19,[7 1],77,312,331,235,302
1,<environment.Job instance at 0x7f9d22a37730>,78,12,[2 9],79,327,339,248,310
1,<environment.Job instance at 0x7f9d22a37550>,79,15,[6 1],80,327,342,247,313
1,<environment.Job instance at 0x7f9d22a37dc0>,80,18,[5 5],81,331,349,250,320
1,<environment.Job instance at 0x7f9d22a372d0>,86,15,[5 3],87,342,357,255,328
1,<environment.Job instance at 0x7f9d22a37aa0>,87,12,[9 5],88,349,361,261,332
1,<environment.Job instance at 0x7f9d22a374b0>,89,12,[4 7],90,357,369,267,340
1,<environment.Job instance at 0x7f9d22a37eb0>,90,17,[8 1],91,361,378,270,349
1,<environment.Job instance at 0x7f9d22a373c0>,92,15,[1 8],93,369,384,276,355
1,<environment.Job instance at 0x7f9d22c78910>,95,13,[8 3],96,378,391,282,362
1,<environment.Job instance at 0x7f9d22c78a50>,99,17,[ 2 10],100,384,401,284,372
1,<environment.Job instance at 0x7f9d22c78c30>,101,19,[5 8],102,401,420,299,391
1,<environment.Job instance at 0x7f9d22c78320>,102,12,[5 7],103,401,413,298,391
1,<environment.Job instance at 0x7f9d2220fb90>,112,18,[8 3],113,413,431,300,410
1,<environment.Job instance at 0x7f9d2220ff50>,115,17,[6 1],116,420,437,304,410
1,<environment.Job instance at 0x7f9d2220f500>,117,17,[ 4 10],118,431,448,313,419
1,<environment.Job instance at 0x7f9d2220f730>,119,16,[7 3],120,437,453,317,424
1,<environment.Job instance at 0x7f9d2220f0f0>,123,21,[5 2],124,448,469,324,440
1,<environment.Job instance at 0x7f9d2220f870>,125,19,[4 8],126,453,472,327,443
1,<environment.Job instance at 0x7f9d21a40cd0>,129,14,[3 7],130,469,483,339,454
1,<environment.Job instance at 0x7f9d21a40fa0>,134,16,[5 7],135,472,488,337,459
1,<environment.Job instance at 0x7f9d21a40b90>,137,19,[ 3 10],138,488,507,350,478
1,<environment.Job instance at 0x7f9d21b47f50>,0,28,[ 2 12],1,507,535,506,506
1,<environment.Job instance at 0x7f9d2ba7d780>,43,26,[4 6],44,549,575,505,549
1,<environment.Job instance at 0x7f9d22d668c0>,15,17,[ 5 12],16,575,592,559,566
1,<environment.Job instance at 0x7f9d227cb140>,1,14,[5 5],2,2,16,0,2
1,<environment.Job instance at 0x7f9d22d66f50>,2,12,[1 8],3,3,15,0,3
1,<environment.Job instance at 0x7f9d229ed820>,3,13,[14  4],4,16,29,12,4
1,<environment.Job instance at 0x7f9d2229adc0>,10,20,[7 1],11,29,49,18,20
1,<environment.Job instance at 0x7f9d229edfa0>,11,21,[ 2 11],12,29,50,17,22
1,<environment.Job instance at 0x7f9d230f4230>,9,20,[14  4],10,50,70,40,41
1,<environment.Job instance at 0x7f9d22664c80>,0,22,[ 1 11],1,50,72,49,49
1,<environment.Job instance at 0x7f9d21826500>,13,27,[5 9],14,72,99,58,70
1,<environment.Job instance at 0x7f9d22044e60>,16,12,[ 2 11],17,99,111,82,82
1,<environment.Job instance at 0x7f9d22044460>,17,13,[2 8],18,111,124,93,95
1,<environment.Job instance at 0x7f9d229ed0a0>,4,12,[7 2],5,95,107,90,95
1,<environment.Job instance at 0x7f9d230776e0>,19,12,[7 5],20,111,123,91,95
1,<environment.Job instance at 0x7f9d22044f00>,18,26,[6 3],19,123,149,104,120
1,<environment.Job instance at 0x7f9d21bb9fa0>,21,27,[ 5 13],22,149,176,127,147
1,<environment.Job instance at 0x7f9d2191d960>,22,25,[ 2 11],23,176,201,153,172
1,<environment.Job instance at 0x7f9d21826410>,12,22,[10  3],13,176,198,163,175
1,<environment.Job instance at 0x7f9d2191dc30>,25,15,[6 1],26,198,213,172,184
1,<environment.Job instance at 0x7f9d2236a4b0>,32,14,[5 5],33,201,215,168,186
1,<environment.Job instance at 0x7f9d2236a730>,35,17,[7 4],36,213,230,177,201
1,<environment.Job instance at 0x7f9d2236aaf0>,40,13,[6 4],41,215,228,174,201
1,<environment.Job instance at 0x7f9d2236a7d0>,42,22,[1 8],43,228,250,185,221
1,<environment.Job instance at 0x7f9d21a4b780>,47,14,[2 7],48,230,244,182,221
1,<environment.Job instance at 0x7f9d21a4b0a0>,50,19,[3 5],51,244,263,193,234
1,<environment.Job instance at 0x7f9d21d60780>,52,17,[4 5],53,250,267,197,238
1,<environment.Job instance at 0x7f9d21d607d0>,56,14,[2 6],57,263,277,206,248
1,<environment.Job instance at 0x7f9d2bcd0a00>,63,22,[8 3],64,250,272,186,248
1,<environment.Job instance at 0x7f9d2bcd0af0>,64,15,[5 2],65,267,282,202,253
1,<environment.Job instance at 0x7f9d224bcd20>,66,13,[1 5],67,272,285,205,256
1,<environment.Job instance at 0x7f9d230558c0>,75,16,[9 1],76,277,293,201,264
1,<environment.Job instance at 0x7f9d23055500>,77,18,[10  2],78,293,311,215,282
1,<environment.Job instance at 0x7f9d21dbb140>,79,14,[5 3],80,282,296,202,282
1,<environment.Job instance at 0x7f9d2babee10>,84,13,[7 4],85,311,324,226,295
1,<environment.Job instance at 0x7f9d220bed70>,85,22,[5 5],86,296,318,210,295
1,<environment.Job instance at 0x7f9d220bebe0>,87,14,[1 9],88,318,332,230,303
1,<environment.Job instance at 0x7f9d220be2d0>,89,13,[5 1],90,318,331,228,304
1,<environment.Job instance at 0x7f9d22f10320>,90,13,[6 4],91,324,337,233,308
1,<environment.Job instance at 0x7f9d22f10820>,93,19,[8 1],94,331,350,237,321
1,<environment.Job instance at 0x7f9d22b3bcd0>,95,13,[3 7],96,337,350,241,321
1,<environment.Job instance at 0x7f9d23032140>,96,12,[3 6],97,337,349,240,321
1,<environment.Job instance at 0x7f9d219636e0>,99,17,[10  1],100,350,367,250,338
1,<environment.Job instance at 0x7f9d23161c30>,100,20,[1 9],101,350,370,249,343
1,<environment.Job instance at 0x7f9d21963280>,101,16,[9 3],102,367,383,265,354
1,<environment.Job instance at 0x7f9d2bd6caf0>,102,22,[6 1],103,370,392,267,363
1,<environment.Job instance at 0x7f9d2bcf7460>,103,21,[10  3],104,392,413,288,384
1,<environment.Job instance at 0x7f9d221bbc30>,104,15,[1 5],105,384,399,279,384
1,<environment.Job instance at 0x7f9d22d5feb0>,105,12,[1 6],106,384,396,278,384
1,<environment.Job instance at 0x7f9d2bcf7550>,106,13,[3 5],107,396,409,289,384
1,<environment.Job instance at 0x7f9d2bd6c5a0>,108,17,[5 8],109,409,426,300,397
1,<environment.Job instance at 0x7f9d22a8dbe0>,110,19,[3 8],111,426,445,315,416
1,<environment.Job instance at 0x7f9d22057d70>,111,14,[11  3],112,426,440,314,416
1,<environment.Job instance at 0x7f9d220572d0>,112,20,[8 4],113,440,460,327,431
1,<environment.Job instance at 0x7f9d223259b0>,114,18,[10  5],115,460,478,345,449
1,<environment.Job instance at 0x7f9d21a2c7d0>,120,16,[ 3 10],121,449,465,328,449
1,<environment.Job instance at 0x7f9d21c82820>,122,18,[5 1],123,465,483,342,454
1,<environment.Job instance at 0x7f9d22e087d0>,126,15,[2 7],127,478,493,351,464
1,<environment.Job instance at 0x7f9d22e088c0>,127,12,[ 3 10],128,493,505,365,476
1,<environment.Job instance at 0x7f9d22e08960>,128,16,[7 2],129,478,494,349,476
1,<environment.Job instance at 0x7f9d225dcbe0>,131,13,[9 1],132,494,507,362,478
1,<environment.Job instance at 0x7f9d22c701e0>,14,26,[5 5],15,506,532,491,506
1,<environment.Job instance at 0x7f9d218260a0>,15,25,[9 4],16,508,533,492,508
1,<environment.Job instance at 0x7f9d21ea4d20>,20,17,[12  5],21,2371,2388,2350,2371
1,<environment.Job instance at 0x7f9d224e7fa0>,1,23,[10  4],2,2,25,0,2
1,<environment.Job instance at 0x7f9d22215190>,5,18,[5 4],6,6,24,0,6
1,<environment.Job instance at 0x7f9d22215280>,7,13,[1 5],8,24,37,16,8
1,<environment.Job instance at 0x7f9d22215460>,8,15,[7 2],9,25,40,16,11
1,<environment.Job instance at 0x7f9d22215550>,11,19,[5 7],12,25,44,13,15
1,<environment.Job instance at 0x7f9d222156e0>,15,17,[5 5],16,40,57,24,28
1,<environment.Job instance at 0x7f9d222158c0>,16,13,[8 4],17,44,57,27,28
1,<environment.Job instance at 0x7f9d22215780>,17,16,[5 2],18,57,73,39,44
1,<environment.Job instance at 0x7f9d22215b40>,19,18,[7 5],20,57,75,37,46
1,<environment.Job instance at 0x7f9d22215e60>,24,13,[8 4],25,73,86,48,57
1,<environment.Job instance at 0x7f9d2221d410>,31,19,[10  1],32,86,105,54,76
1,<environment.Job instance at 0x7f9d2221d3c0>,32,14,[8 5],33,105,119,72,90
1,<environment.Job instance at 0x7f9d2221d780>,38,24,[2 6],39,90,114,51,90
1,<environment.Job instance at 0x7f9d2221d820>,39,14,[3 5],40,90,104,50,90
1,<environment.Job instance at 0x7f9d2221dcd0>,44,17,[4 8],45,114,131,69,102
1,<environment.Job instance at 0x7f9d2221deb0>,47,16,[5 5],48,119,135,71,106
1,<environment.Job instance at 0x7f9d2221de10>,48,18,[1 5],49,131,149,82,120
1,<environment.Job instance at 0x7f9d22225140>,51,14,[8 3],52,131,145,79,120
1,<environment.Job instance at 0x7f9d222251e0>,52,14,[4 7],53,135,149,82,120
1,<environment.Job instance at 0x7f9d22225280>,53,22,[5 1],54,145,167,91,138
1,<environment.Job instance at 0x7f9d222253c0>,55,14,[5 3],56,149,163,93,138
1,<environment.Job instance at 0x7f9d222257d0>,60,14,[3 9],61,149,163,88,138
1,<environment.Job instance at 0x7f9d22225b40>,65,17,[10  1],66,163,180,97,151
1,<environment.Job instance at 0x7f9d22225b90>,66,17,[8 1],67,180,197,113,168
1,<environment.Job instance at 0x7f9d22225dc0>,69,28,[1 5],70,168,196,98,168
1,<environment.Job instance at 0x7f9d22225fa0>,72,16,[7 3],73,196,212,123,183
1,<environment.Job instance at 0x7f9d22225eb0>,73,20,[5 3],74,197,217,123,188
1,<environment.Job instance at 0x7f9d2220a1e0>,75,17,[4 6],76,212,229,136,200
1,<environment.Job instance at 0x7f9d222153c0>,9,25,[1 5],10,205,230,195,205
1,<environment.Job instance at 0x7f9d2220a7d0>,84,14,[5 2],85,217,231,132,205
1,<environment.Job instance at 0x7f9d2220a910>,86,18,[8 1],87,229,247,142,218
1,<environment.Job instance at 0x7f9d2220aaf0>,89,12,[6 3],90,231,243,141,218
1,<environment.Job instance at 0x7f9d2220acd0>,90,21,[6 5],91,243,264,152,235
1,<environment.Job instance at 0x7f9d2220adc0>,91,15,[9 1],92,247,262,155,235
1,<environment.Job instance at 0x7f9d2220ae60>,92,19,[4 5],93,262,281,169,252
1,<environment.Job instance at 0x7f9d221ec1e0>,97,19,[10  2],98,264,283,166,254
1,<environment.Job instance at 0x7f9d221ec280>,98,17,[6 4],99,283,300,184,271
1,<environment.Job instance at 0x7f9d221ec050>,103,22,[3 5],104,281,303,177,274
1,<environment.Job instance at 0x7f9d221ec6e0>,105,22,[6 2],106,283,305,177,276
1,<environment.Job instance at 0x7f9d221ecaf0>,109,16,[10  1],110,305,321,195,292
1,<environment.Job instance at 0x7f9d221ecc30>,111,21,[4 7],112,300,321,188,292
1,<environment.Job instance at 0x7f9d221f0190>,119,18,[10  5],120,321,339,201,310
1,<environment.Job instance at 0x7f9d221f04b0>,120,18,[6 3],121,339,357,218,328
1,<environment.Job instance at 0x7f9d221f0550>,122,20,[9 2],123,339,359,216,330
1,<environment.Job instance at 0x7f9d221f07d0>,126,18,[10  3],127,359,377,232,348
1,<environment.Job instance at 0x7f9d221f0870>,127,20,[2 8],128,357,377,229,348
1,<environment.Job instance at 0x7f9d21fb1fa0>,132,14,[10  2],133,377,391,244,362
1,<environment.Job instance at 0x7f9d2221c0f0>,133,15,[4 6],134,377,392,243,363
1,<environment.Job instance at 0x7f9d21a85230>,135,22,[10  3],136,391,413,255,384
1,<environment.Job instance at 0x7f9d22167640>,138,21,[5 5],139,392,413,253,384
1,<environment.Job instance at 0x7f9d222155a0>,10,14,[ 2 13],11,2163,2177,2152,2163
1,<environment.Job instance at 0x7fbcf95fc320>,1,15,[5 2],2,2,17,0,2
1,<environment.Job instance at 0x7fbcf0010be0>,5,18,[7 5],6,6,24,0,6
1,<environment.Job instance at 0x7fbcf0010dc0>,7,12,[7 2],8,17,29,9,8
1,<environment.Job instance at 0x7fbcf0010fa0>,9,17,[8 1],10,24,41,14,12
1,<environment.Job instance at 0x7fbcf0013280>,12,22,[4 6],13,29,51,16,22
1,<environment.Job instance at 0x7fbcf00135f0>,18,18,[3 6],19,29,47,10,22
1,<environment.Job instance at 0x7fbcf0013730>,20,18,[7 5],21,47,65,26,36
1,<environment.Job instance at 0x7fbcf0013960>,23,18,[7 4],24,51,69,27,40
1,<environment.Job instance at 0x7fbcf0013b90>,26,20,[4 8],27,65,85,38,56
1,<environment.Job instance at 0x7fbcf0010d20>,11,14,[10  4],12,69,83,57,59
1,<environment.Job instance at 0x7fbcf0013cd0>,28,20,[5 8],29,85,105,56,76
1,<environment.Job instance at 0x7fbcf0013e10>,30,15,[8 2],31,83,98,52,76
1,<environment.Job instance at 0x7fbcf0013a00>,33,16,[9 3],34,98,114,64,85
1,<environment.Job instance at 0x7fbcf00130a0>,34,20,[5 3],35,105,125,70,96
1,<environment.Job instance at 0x7fbcf0017460>,39,13,[5 4],40,114,127,74,98
1,<environment.Job instance at 0x7fbcf0013d70>,29,24,[5 1],30,114,138,84,109
1,<environment.Job instance at 0x7fbcf00176e0>,44,14,[8 4],45,127,141,82,112
1,<environment.Job instance at 0x7fbcf00178c0>,47,16,[6 2],48,138,154,90,125
1,<environment.Job instance at 0x7fbcf95fc230>,0,24,[2 8],1,141,165,140,136
1,<environment.Job instance at 0x7fbcf0017c80>,53,22,[9 5],54,154,176,100,148
1,<environment.Job instance at 0x7fbcf0017dc0>,55,15,[6 2],56,165,180,109,151
1,<environment.Job instance at 0x7fbcf0017fa0>,56,13,[10  1],57,180,193,123,164
1,<environment.Job instance at 0x7fbcf0010eb0>,10,14,[ 1 14],11,180,194,169,165
1,<environment.Job instance at 0x7fbcf0017f50>,58,22,[14  3],59,2495,2517,2436,2495
1,<environment.Job instance at 0x7fbcf0017d20>,54,20,[ 5 14],55,2517,2537,2462,2508
1,<environment.Job instance at 0x7fbceffadcd0>,0,15,[6 2],1,1,16,0,1
1,<environment.Job instance at 0x7fbcef752f00>,1,15,[6 2],2,2,17,0,2
1,<environment.Job instance at 0x7fbcef75f410>,5,13,[2 6],6,6,19,0,6
1,<environment.Job instance at 0x7fbcef75f9b0>,7,16,[6 2],8,16,32,8,8
1,<environment.Job instance at 0x7fbcef75f190>,10,15,[8 3],11,19,34,8,11
1,<environment.Job instance at 0x7fbcef75c190>,17,13,[4 5],18,32,45,14,18
1,<environment.Job instance at 0x7fbcef75cbe0>,23,16,[7 1],24,34,50,10,24
1,<environment.Job instance at 0x7fbcef75d370>,32,14,[4 7],33,34,48,1,33
1,<environment.Job instance at 0x7fbcef7543c0>,35,19,[5 1],36,48,67,12,38
1,<environment.Job instance at 0x7fbcef75db90>,24,21,[9 1],25,50,71,25,49
1,<environment.Job instance at 0x7fbcef5ceb40>,48,17,[10  5],49,71,88,22,59
1,<environment.Job instance at 0x7fbcef627b90>,58,17,[10  2],59,88,105,29,76
1,<environment.Job instance at 0x7fbcef60a410>,64,17,[2 9],65,76,93,11,76
1,<environment.Job instance at 0x7fbcef5cedc0>,49,16,[ 3 12],50,93,109,43,93
1,<environment.Job instance at 0x7fbcef65ae10>,67,12,[11  1],68,105,117,37,93
1,<environment.Job instance at 0x7fbcef753050>,68,13,[ 5 13],69,117,130,48,102
1,<environment.Job instance at 0x7fbceff60a00>,69,17,[2 8],70,130,147,60,118
1,<environment.Job instance at 0x7fbcef61e7d0>,70,12,[5 9],71,147,159,76,130
1,<environment.Job instance at 0x7fbcef5e5d20>,66,17,[10  4],67,139,156,72,139
1,<environment.Job instance at 0x7fbcefa9b9b0>,71,14,[2 9],72,159,173,87,147
1,<environment.Job instance at 0x7fbcef62d500>,72,20,[5 7],73,173,193,100,164
1,<environment.Job instance at 0x7fbcef75f280>,77,15,[5 6],78,164,179,86,164
1,<environment.Job instance at 0x7fbcef5ab690>,87,20,[5 2],88,173,193,85,172
1,<environment.Job instance at 0x7fbcef5ab0a0>,88,20,[7 4],89,193,213,104,184
1,<environment.Job instance at 0x7fbcef5ab140>,89,20,[6 2],90,193,213,103,184
1,<environment.Job instance at 0x7fbcef5ae0a0>,93,18,[8 5],94,213,231,119,202
1,<environment.Job instance at 0x7fbcef5ad820>,99,21,[6 4],100,213,234,113,205
1,<environment.Job instance at 0x7fbcef5ad6e0>,100,17,[2 6],101,231,248,130,219
1,<environment.Job instance at 0x7fbcef614870>,73,15,[5 9],74,234,249,160,220
1,<environment.Job instance at 0x7fbcef5ade60>,102,17,[8 5],103,248,265,145,236
1,<environment.Job instance at 0x7fbcef75cf00>,22,22,[6 4],23,249,271,226,244
1,<environment.Job instance at 0x7fbcef5adc80>,105,13,[11  1],106,271,284,165,258
1,<environment.Job instance at 0x7fbcef5ad960>,106,12,[ 3 12],107,271,283,164,259
1,<environment.Job instance at 0x7fbcef5ad1e0>,104,19,[10  4],105,284,303,179,277
1,<environment.Job instance at 0x7fbcef5ad3c0>,108,17,[1 7],109,287,304,178,287
1,<environment.Job instance at 0x7fbcef75be60>,110,12,[6 2],111,303,315,192,287
1,<environment.Job instance at 0x7fbcef5a8af0>,114,12,[1 8],115,304,316,189,295
1,<environment.Job instance at 0x7fbcef5ad8c0>,107,25,[8 3],108,303,328,195,299
1,<environment.Job instance at 0x7fbcef5a8c80>,116,19,[ 3 14],117,328,347,211,318
1,<environment.Job instance at 0x7fbcef5a84b0>,117,26,[ 1 14],118,347,373,229,344
1,<environment.Job instance at 0x7fbcef5a8460>,118,13,[3 5],119,373,386,254,357
1,<environment.Job instance at 0x7fbcef5a86e0>,119,16,[12  3],120,373,389,253,360
1,<environment.Job instance at 0x7fbcef5a8e10>,120,27,[13  4],121,389,416,268,387
1,<environment.Job instance at 0x7fbcef5a8550>,121,22,[6 1],122,416,438,294,409
1,<environment.Job instance at 0x7fbcef5a9320>,122,14,[3 5],123,416,430,293,409
1,<environment.Job instance at 0x7fbcef5a9370>,123,21,[5 1],124,416,437,292,409
1,<environment.Job instance at 0x7fbcef5a9820>,125,20,[5 5],126,437,457,311,428
1,<environment.Job instance at 0x7fbcef5a9f00>,126,18,[4 9],127,430,448,303,428
1,<environment.Job instance at 0x7fbcef5a9e60>,127,20,[3 7],128,448,468,320,439
1,<environment.Job instance at 0x7fbcef5bc2d0>,139,16,[7 2],140,448,464,308,439
1,<environment.Job instance at 0x7fbcef5c0820>,142,12,[2 7],143,464,476,321,447
1,<environment.Job instance at 0x7fbcef5c1d20>,146,18,[7 1],147,464,482,317,453
1,<environment.Job instance at 0x7fbcef5a91e0>,124,23,[8 5],125,476,499,351,470
1,<environment.Job instance at 0x7fbcef75f140>,2,24,[12  2],3,499,523,496,494
1,<environment.Job instance at 0x7fbcef6121e0>,1,15,[4 8],2,2,17,0,2
1,<environment.Job instance at 0x7fbcef612410>,3,22,[10  2],4,4,26,0,4
1,<environment.Job instance at 0x7fbcef6122d0>,6,14,[5 3],7,17,31,10,7
1,<environment.Job instance at 0x7fbcef612460>,7,14,[8 5],8,26,40,18,11
1,<environment.Job instance at 0x7fbcef61eaf0>,19,18,[ 3 10],20,31,49,11,20
1,<environment.Job instance at 0x7fbcef61e500>,20,14,[7 2],21,40,54,19,25
1,<environment.Job instance at 0x7fbcef61ef00>,9,16,[ 4 13],10,49,65,39,36
1,<environment.Job instance at 0x7fbcef61e320>,24,16,[8 3],25,65,81,40,52
1,<environment.Job instance at 0x7fbcef61ea00>,22,22,[ 3 14],23,81,103,58,74
1,<environment.Job instance at 0x7fbcef6486e0>,44,20,[7 3],45,103,123,58,97
1,<environment.Job instance at 0x7fbcef65ac30>,47,17,[6 3],48,103,120,55,97
1,<environment.Job instance at 0x7fbcef65aeb0>,50,17,[2 8],51,103,120,52,100
1,<environment.Job instance at 0x7fbcef6440a0>,56,15,[5 7],57,120,135,63,106
1,<environment.Job instance at 0x7fbcef644730>,60,17,[5 4],61,123,140,62,111
1,<environment.Job instance at 0x7fbcef6445a0>,63,14,[4 9],64,135,149,71,120
1,<environment.Job instance at 0x7fbcef644050>,67,13,[7 5],68,140,153,72,124
1,<environment.Job instance at 0x7fbcef60afa0>,72,15,[10  5],73,153,168,80,140
1,<environment.Job instance at 0x7fbcef60a460>,74,19,[3 9],75,150,169,75,150
1,<environment.Job instance at 0x7fbcef60a820>,78,15,[4 9],79,169,184,90,155
1,<environment.Job instance at 0x7fbcef60a3c0>,80,14,[3 6],81,168,182,87,155
1,<environment.Job instance at 0x7fbcef607370>,91,16,[4 8],92,184,200,92,171
1,<environment.Job instance at 0x7fbcef6124b0>,8,22,[9 3],9,182,204,173,175
1,<environment.Job instance at 0x7fbcef607550>,96,12,[5 4],97,200,212,103,183
1,<environment.Job instance at 0x7fbcef601780>,100,17,[2 6],101,204,221,103,192
1,<environment.Job instance at 0x7fbcef601320>,105,14,[9 5],106,212,226,106,198
1,<environment.Job instance at 0x7fbcef601d20>,108,17,[2 8],109,221,238,112,209
1,<environment.Job instance at 0x7fbcef6079b0>,94,22,[7 4],95,226,248,131,221
1,<environment.Job instance at 0x7fbcef5ffc80>,124,20,[2 8],125,238,258,113,229
1,<environment.Job instance at 0x7fbcef5ff910>,125,14,[11  5],126,248,262,122,233
1,<environment.Job instance at 0x7fbcef61e140>,27,24,[ 2 13],28,262,286,234,257
1,<environment.Job instance at 0x7fbcef5fceb0>,129,15,[ 3 12],130,286,301,156,272
1,<environment.Job instance at 0x7fbcef612690>,5,24,[8 2],6,272,296,266,272
1,<environment.Job instance at 0x7fbcef5fc370>,130,18,[13  2],131,301,319,170,290
1,<environment.Job instance at 0x7fbcef5fcd20>,132,12,[14  3],133,319,331,186,302
1,<environment.Job instance at 0x7fbcef5fc0f0>,134,15,[6 4],135,331,346,196,317
1,<environment.Job instance at 0x7fbcefd8a5a0>,139,16,[2 6],140,331,347,191,322
1,<environment.Job instance at 0x7fbcef5fcbe0>,131,27,[5 7],132,346,373,214,344
1,<environment.Job instance at 0x7fbcef5fc1e0>,128,25,[6 1],129,345,370,216,345
1,<environment.Job instance at 0x7fbcf0278be0>,148,17,[9 1],149,370,387,221,359
1,<environment.Job instance at 0x7fbcef612280>,0,23,[11  3],1,387,410,386,381
1,<environment.Job instance at 0x7fbcefc887d0>,0,12,[ 2 12],1,1,13,0,1
1,<environment.Job instance at 0x7fbcf0498960>,4,12,[3 5],5,13,25,8,5
1,<environment.Job instance at 0x7fbcf04984b0>,5,14,[5 8],6,13,27,7,6
1,<environment.Job instance at 0x7fbcf0498e60>,11,14,[ 3 11],12,27,41,15,18
1,<environment.Job instance at 0x7fbcf04982d0>,13,15,[14  1],14,41,56,27,27
1,<environment.Job instance at 0x7fbcf04980f0>,9,19,[6 4],10,56,75,46,51
1,<environment.Job instance at 0x7fbcf0498730>,15,14,[3 6],16,56,70,40,51
1,<environment.Job instance at 0x7fbcf0498f00>,19,16,[2 5],20,56,72,36,53
1,<environment.Job instance at 0x7fbcf01596e0>,1,16,[1 8],2,72,88,70,59
1,<environment.Job instance at 0x7fbcf069d2d0>,39,16,[7 3],40,70,86,30,64
1,<environment.Job instance at 0x7fbcf069ddc0>,51,18,[5 8],52,88,106,36,77
1,<environment.Job instance at 0x7fbcf05e7a50>,58,17,[7 3],59,85,102,26,85
1,<environment.Job instance at 0x7fbcf06902d0>,63,18,[4 7],64,102,120,38,91
1,<environment.Job instance at 0x7fbcf06900f0>,71,17,[10  4],72,106,123,34,96
1,<environment.Job instance at 0x7fbcf0690c80>,73,16,[8 4],74,123,139,49,111
1,<environment.Job instance at 0x7fbcf0690550>,76,15,[5 7],77,120,135,43,118
1,<environment.Job instance at 0x7fbcf0498140>,12,27,[ 3 14],13,139,166,126,137
1,<environment.Job instance at 0x7fbcf06905f0>,81,18,[9 4],82,166,184,84,155
1,<environment.Job instance at 0x7fbcf0499d70>,89,12,[5 5],90,166,178,76,164
1,<environment.Job instance at 0x7fbcf0499aa0>,93,21,[4 9],94,178,199,84,172
1,<environment.Job instance at 0x7fbcf0499370>,95,15,[7 2],96,184,199,88,172
1,<environment.Job instance at 0x7fbcf03aeb90>,99,15,[2 6],100,199,214,99,185
1,<environment.Job instance at 0x7fbcf0499640>,82,25,[11  2],83,199,224,116,195
1,<environment.Job instance at 0x7fbcf03ae780>,106,13,[12  1],107,224,237,117,208
1,<environment.Job instance at 0x7fbcf03ae320>,107,14,[ 3 10],108,214,228,106,208
1,<environment.Job instance at 0x7fbcf03aeb40>,108,24,[3 9],109,228,252,119,228
1,<environment.Job instance at 0x7fbcf03ae7d0>,110,20,[6 5],111,237,257,126,228
1,<environment.Job instance at 0x7fbcf059b370>,117,14,[7 5],118,252,266,134,237
1,<environment.Job instance at 0x7fbcf0453b90>,122,14,[9 5],123,266,280,143,251
1,<environment.Job instance at 0x7fbcf015f280>,134,16,[5 5],135,257,273,122,253
1,<environment.Job instance at 0x7fbcf00fcbe0>,137,19,[5 7],138,273,292,135,263
1,<environment.Job instance at 0x7fbcf00fce60>,138,18,[1 5],139,280,298,141,269
1,<environment.Job instance at 0x7fbcf0beb460>,141,17,[7 4],142,292,309,150,280
1,<environment.Job instance at 0x7fbcf91b76e0>,143,12,[4 8],144,298,310,154,281
1,<environment.Job instance at 0x7fbcefc226e0>,31,23,[8 4],32,513,536,481,513
1,<environment.Job instance at 0x7fbcefc3fe60>,1,17,[2 7],2,2,19,0,2
1,<environment.Job instance at 0x7fbcf059b190>,2,14,[4 9],3,19,33,16,4
1,<environment.Job instance at 0x7fbcefa49c80>,4,24,[9 2],5,5,29,0,5
1,<environment.Job instance at 0x7fbcefa3f500>,9,16,[ 3 12],10,33,49,23,20
1,<environment.Job instance at 0x7fbcefa3f8c0>,16,12,[ 3 12],17,49,61,32,32
1,<environment.Job instance at 0x7fbcefa495a0>,5,12,[4 8],6,61,73,55,46
1,<environment.Job instance at 0x7fbcefcf9c80>,17,17,[4 5],18,61,78,43,49
1,<environment.Job instance at 0x7fbcefcf9e10>,19,13,[3 9],20,73,86,53,57
1,<environment.Job instance at 0x7fbcefcf98c0>,20,14,[ 2 11],21,86,100,65,71
1,<environment.Job instance at 0x7fbcefcf9690>,18,13,[8 5],19,100,113,81,84
1,<environment.Job instance at 0x7fbcefcf9640>,15,16,[5 5],16,100,116,84,87
1,<environment.Job instance at 0x7fbcef99d230>,25,12,[1 9],26,113,125,87,96
1,<environment.Job instance at 0x7fbcefd16640>,21,16,[6 5],22,116,132,94,103
1,<environment.Job instance at 0x7fbcefa4ccd0>,27,21,[7 2],28,125,146,97,117
1,<environment.Job instance at 0x7fbcef99deb0>,26,15,[8 2],27,132,147,105,118
1,<environment.Job instance at 0x7fbcefa4cd70>,31,13,[6 1],32,146,159,114,131
1,<environment.Job instance at 0x7fbcf04307d0>,32,13,[1 8],33,146,159,113,132
1,<environment.Job instance at 0x7fbcefa4c730>,28,15,[ 5 10],29,159,174,130,145
1,<environment.Job instance at 0x7fbcefa4cc30>,34,13,[12  5],35,174,187,139,158
1,<environment.Job instance at 0x7fbcefce32d0>,35,13,[ 5 10],36,187,200,151,171
1,<environment.Job instance at 0x7fbcefce3f00>,36,15,[6 1],37,187,202,150,173
1,<environment.Job instance at 0x7fbcef9695f0>,37,22,[ 3 10],38,200,222,162,193
1,<environment.Job instance at 0x7fbcf0428460>,38,14,[6 5],39,202,216,163,193
1,<environment.Job instance at 0x7fbcef969c80>,39,19,[ 4 10],40,222,241,182,212
1,<environment.Job instance at 0x7fbcef969730>,40,12,[1 5],41,216,228,175,212
1,<environment.Job instance at 0x7fbcf0475690>,41,24,[ 4 10],42,241,265,199,236
1,<environment.Job instance at 0x7fbcefce88c0>,42,24,[ 2 14],43,265,289,222,260
1,<environment.Job instance at 0x7fbcf04417d0>,43,16,[12  2],44,289,305,245,276
1,<environment.Job instance at 0x7fbcf04411e0>,44,15,[ 5 12],45,305,320,260,291
1,<environment.Job instance at 0x7fbcf0469aa0>,45,28,[ 2 11],46,320,348,274,319
1,<environment.Job instance at 0x7fbcef96e230>,46,28,[13  3],47,320,348,273,319
1,<environment.Job instance at 0x7fbcf044d640>,47,21,[1 9],48,348,369,300,340
1,<environment.Job instance at 0x7fbcf0469c30>,48,23,[13  5],49,348,371,299,342
1,<environment.Job instance at 0x7fbcf0406820>,49,19,[ 3 13],50,371,390,321,361
1,<environment.Job instance at 0x7fbcf04086e0>,50,21,[5 4],51,390,411,339,382
1,<environment.Job instance at 0x7fbcf045cb40>,51,15,[10  1],52,382,397,330,382
1,<environment.Job instance at 0x7fbcf045c960>,52,20,[4 5],53,397,417,344,388
1,<environment.Job instance at 0x7fbcf0473d20>,53,23,[6 5],54,397,420,343,391
1,<environment.Job instance at 0x7fbcf0473c30>,54,17,[ 2 13],55,420,437,365,408
1,<environment.Job instance at 0x7fbcf04737d0>,55,20,[ 1 11],56,437,457,381,428
1,<environment.Job instance at 0x7fbcf0473910>,56,27,[4 6],57,457,484,400,455
1,<environment.Job instance at 0x7fbcf0473eb0>,57,26,[8 5],58,457,483,399,455
1,<environment.Job instance at 0x7fbcf04739b0>,58,12,[ 3 14],59,484,496,425,467
1,<environment.Job instance at 0x7fbcf0473820>,59,14,[6 5],60,496,510,436,481
1,<environment.Job instance at 0x7fbcf0473a00>,60,13,[5 8],61,496,509,435,481
1,<environment.Job instance at 0x7fbcf0455410>,61,24,[14  4],62,510,534,448,505
1,<environment.Job instance at 0x7fbcf0455fa0>,62,26,[12  3],63,534,560,471,531
1,<environment.Job instance at 0x7fbcf0473a50>,63,16,[ 5 14],64,560,576,496,547
1,<environment.Job instance at 0x7fbcf04424b0>,64,23,[8 4],65,576,599,511,570
1,<environment.Job instance at 0x7fbcf0442280>,65,12,[ 4 13],66,599,611,533,582
1,<environment.Job instance at 0x7fbcf0442410>,66,25,[13  1],67,611,636,544,607
1,<environment.Job instance at 0x7fbcf0442550>,67,13,[7 5],68,636,649,568,620
1,<environment.Job instance at 0x7fbcf0442050>,68,13,[1 8],69,620,633,551,620
1,<environment.Job instance at 0x7fbcf04573c0>,23,17,[12  4],24,649,666,625,642
1,<environment.Job instance at 0x7fbcf0442910>,70,14,[ 1 13],71,666,680,595,651
1,<environment.Job instance at 0x7fbcf0442690>,71,28,[ 2 10],72,680,708,608,679
1,<environment.Job instance at 0x7fbcf0442140>,72,22,[7 5],73,694,716,621,694
1,<environment.Job instance at 0x7fbcf0442960>,69,22,[14  4],70,716,738,646,709
1,<environment.Job instance at 0x7fbcefd04410>,74,18,[ 5 12],75,738,756,663,727
1,<environment.Job instance at 0x7fbcefd04370>,75,24,[ 2 12],76,756,780,680,751
1,<environment.Job instance at 0x7fbcefd04550>,76,24,[ 1 13],77,780,804,703,775
1,<environment.Job instance at 0x7fbcefd045f0>,77,13,[10  4],78,804,817,726,788
1,<environment.Job instance at 0x7fbcefd04690>,78,23,[4 5],79,804,827,725,798
1,<environment.Job instance at 0x7fbcefd04780>,79,25,[1 9],80,817,842,737,813
1,<environment.Job instance at 0x7fbcefd047d0>,80,15,[10  4],81,827,842,746,813
1,<environment.Job instance at 0x7fbcefd04730>,81,13,[ 4 10],82,842,855,760,826
1,<environment.Job instance at 0x7fbcefd04910>,82,17,[3 9],83,855,872,772,843
1,<environment.Job instance at 0x7fbcefd049b0>,83,24,[14  5],84,872,896,788,867
1,<environment.Job instance at 0x7fbcefd04b90>,84,18,[14  1],85,896,914,811,885
1,<environment.Job instance at 0x7fbcefd04af0>,85,14,[13  5],86,914,928,828,899
1,<environment.Job instance at 0x7fbcefd04a50>,86,21,[ 1 14],87,928,949,841,920
1,<environment.Job instance at 0x7fbcefd04dc0>,87,12,[5 1],88,928,940,840,920
1,<environment.Job instance at 0x7fbcefd04d20>,88,22,[12  2],89,949,971,860,942
1,<environment.Job instance at 0x7fbcefd04eb0>,89,26,[ 2 10],90,949,975,859,946
1,<environment.Job instance at 0x7fbcefd04fa0>,90,14,[12  5],91,971,985,880,956
1,<environment.Job instance at 0x7fbcefd04d70>,91,14,[14  2],92,985,999,893,970
1,<environment.Job instance at 0x7fbcefd04f50>,92,24,[4 5],93,999,1023,906,994
1,<environment.Job instance at 0x7fbcefa56190>,93,24,[9 5],94,999,1023,905,994
1,<environment.Job instance at 0x7fbcefa56230>,94,18,[11  3],95,1023,1041,928,1012
1,<environment.Job instance at 0x7fbcf0442aa0>,73,16,[11  3],74,1041,1057,967,1030
1,<environment.Job instance at 0x7fbcefa56050>,95,23,[13  5],96,1057,1080,961,1051
1,<environment.Job instance at 0x7fbcefa56410>,97,20,[ 2 10],98,1051,1071,953,1051
1,<environment.Job instance at 0x7fbcefa56460>,98,28,[12  3],99,1080,1108,981,1079
1,<environment.Job instance at 0x7fbcefa56320>,99,25,[3 6],100,1080,1105,980,1079
1,<environment.Job instance at 0x7fbcefa565a0>,100,23,[8 4],101,1108,1131,1007,1102
1,<environment.Job instance at 0x7fbcefa56640>,101,13,[12  4],102,1131,1144,1029,1115
1,<environment.Job instance at 0x7fbcefa566e0>,102,27,[9 3],103,1144,1171,1041,1142
1,<environment.Job instance at 0x7fbcefa568c0>,103,18,[6 5],104,1144,1162,1040,1142
1,<environment.Job instance at 0x7fbcefa56960>,104,18,[ 5 12],105,1162,1180,1057,1151
1,<environment.Job instance at 0x7fbcefa567d0>,105,28,[ 2 13],106,1180,1208,1074,1179
1,<environment.Job instance at 0x7fbcefa56a50>,106,26,[ 3 14],107,1208,1234,1101,1205
1,<environment.Job instance at 0x7fbcefa56af0>,107,15,[11  5],108,1234,1249,1126,1220
1,<environment.Job instance at 0x7fbcefa56b90>,108,12,[1 7],109,1234,1246,1125,1220
1,<environment.Job instance at 0x7fbcefa56c30>,109,15,[ 3 13],110,1249,1264,1139,1235
1,<environment.Job instance at 0x7fbcefa56cd0>,110,25,[13  4],111,1264,1289,1153,1260
1,<environment.Job instance at 0x7fbcefa56d70>,111,17,[13  1],112,1289,1306,1177,1277
1,<environment.Job instance at 0x7fbcefa56e10>,112,18,[5 8],113,1306,1324,1193,1295
1,<environment.Job instance at 0x7fbcefa56eb0>,113,25,[12  1],114,1324,1349,1210,1320
1,<environment.Job instance at 0x7fbcefa56fa0>,114,28,[14  4],115,1349,1377,1234,1348
1,<environment.Job instance at 0x7fbcefa56910>,115,16,[ 1 13],116,1377,1393,1261,1364
1,<environment.Job instance at 0x7fbcefa56f50>,116,26,[ 3 11],117,1393,1419,1276,1390
1,<environment.Job instance at 0x7fbcefcfc2d0>,117,18,[6 5],118,1419,1437,1301,1408
1,<environment.Job instance at 0x7fbcefcfc410>,118,17,[9 4],119,1409,1426,1290,1409
1,<environment.Job instance at 0x7fbcefcfc230>,119,26,[12  4],120,1437,1463,1317,1434
1,<environment.Job instance at 0x7fbcefcfc4b0>,120,16,[11  4],121,1463,1479,1342,1450
1,<environment.Job instance at 0x7fbcefcfc550>,121,18,[5 7],122,1479,1497,1357,1468
1,<environment.Job instance at 0x7fbcefcfc5f0>,122,15,[6 2],123,1479,1494,1356,1468
1,<environment.Job instance at 0x7fbcefa4cd20>,33,21,[10  4],34,1494,1515,1460,1487
1,<environment.Job instance at 0x7fbcefa564b0>,96,22,[ 4 10],97,1497,1519,1400,1490
1,<environment.Job instance at 0x7fbcefcfc7d0>,125,23,[5 5],126,1515,1538,1389,1509
1,<environment.Job instance at 0x7fbcefcfc9b0>,129,22,[1 7],130,1532,1554,1402,1532
1,<environment.Job instance at 0x7fbcefcfcaf0>,130,19,[5 6],131,1538,1557,1407,1532
1,<environment.Job instance at 0x7fbcefd0d370>,142,14,[6 2],143,1544,1558,1401,1544
1,<environment.Job instance at 0x7fbcefd0d230>,140,14,[1 7],141,1554,1568,1413,1544
1,<environment.Job instance at 0x7fbcefd0d640>,145,14,[1 6],146,1557,1571,1411,1544
1,<environment.Job instance at 0x7fbcefd0d410>,143,15,[12  3],144,1568,1583,1424,1554
1,<environment.Job instance at 0x7fbcefd0d3c0>,147,18,[ 1 13],148,1583,1601,1435,1572
1,<environment.Job instance at 0x7fbcefd0d6e0>,148,12,[ 5 14],149,1601,1613,1452,1584
1,<environment.Job instance at 0x7fbcefa3f550>,7,27,[ 2 13],8,1619,1646,1611,1619
1,<environment.Job instance at 0x7fbcefcfc690>,123,20,[12  4],124,1646,1666,1522,1645
1,<environment.Job instance at 0x7fbcefd0d5f0>,146,15,[5 7],147,1711,1726,1564,1711
1,<environment.Job instance at 0x7fbcefa2bcd0>,0,18,[5 2],1,1,19,0,1
1,<environment.Job instance at 0x7fbcefd0d5f0>,2,14,[8 3],3,3,17,0,3
1,<environment.Job instance at 0x7fbcefa2bfa0>,4,23,[2 6],5,5,28,0,5
1,<environment.Job instance at 0x7fbcefa260a0>,5,21,[2 8],6,19,40,13,11
1,<environment.Job instance at 0x7fbcefa263c0>,10,22,[2 7],11,28,50,17,21
1,<environment.Job instance at 0x7fbcefd0d500>,1,20,[3 7],2,40,60,38,31
1,<environment.Job instance at 0x7fbcefa26eb0>,7,14,[ 2 11],8,60,74,52,45
1,<environment.Job instance at 0x7fbcefa26af0>,3,18,[12  3],4,50,68,46,45
1,<environment.Job instance at 0x7fbcefa26320>,13,20,[8 2],14,68,88,54,60
1,<environment.Job instance at 0x7fbcefa26730>,15,15,[4 9],16,74,89,58,60
1,<environment.Job instance at 0x7fbcefa26370>,16,16,[ 3 11],17,89,105,72,76
1,<environment.Job instance at 0x7fbcefa26d20>,17,12,[9 1],18,88,100,70,78
1,<environment.Job instance at 0x7fbcefa26410>,18,16,[11  5],19,105,121,86,92
1,<environment.Job instance at 0x7fbcf0b23c30>,19,18,[13  2],20,121,139,101,110
1,<environment.Job instance at 0x7fbcf0b23870>,20,13,[3 5],21,139,152,118,123
1,<environment.Job instance at 0x7fbcefa26190>,14,15,[5 8],15,139,154,124,125
1,<environment.Job instance at 0x7fbcf0b23640>,21,23,[14  1],22,154,177,132,148
1,<environment.Job instance at 0x7fbcf0b4caa0>,38,14,[14  2],39,177,191,138,162
1,<environment.Job instance at 0x7fbcf0b4c9b0>,39,27,[5 1],40,191,218,151,189
1,<environment.Job instance at 0x7fbcefa26820>,6,27,[ 2 13],7,191,218,184,191
1,<environment.Job instance at 0x7fbcf0b4c050>,37,18,[9 1],38,218,236,180,207
1,<environment.Job instance at 0x7fbcf0b4cd20>,42,19,[5 3],43,218,237,175,208
1,<environment.Job instance at 0x7fbcf0b32d20>,44,21,[6 4],45,236,257,191,228
1,<environment.Job instance at 0x7fbcf0b32cd0>,47,14,[8 2],48,237,251,189,228
1,<environment.Job instance at 0x7fbcf0b276e0>,48,13,[5 3],49,251,264,202,235
1,<environment.Job instance at 0x7fbcefdb95f0>,55,14,[4 7],56,251,265,195,236
1,<environment.Job instance at 0x7fbcefdb9d20>,56,16,[9 4],57,264,280,207,251
1,<environment.Job instance at 0x7fbcefdb9780>,58,14,[ 2 10],59,265,279,206,251
1,<environment.Job instance at 0x7fbcefdb9960>,60,16,[ 3 10],61,279,295,218,266
1,<environment.Job instance at 0x7fbcefdb9230>,61,18,[5 5],62,280,298,218,269
1,<environment.Job instance at 0x7fbcefdb9f50>,62,16,[5 5],63,295,311,232,282
1,<environment.Job instance at 0x7fbcf0428be0>,66,18,[1 5],67,295,313,228,284
1,<environment.Job instance at 0x7fbcf04284b0>,67,18,[9 5],68,298,316,230,288
1,<environment.Job instance at 0x7fbcf0428960>,68,19,[4 5],69,311,330,242,301
1,<environment.Job instance at 0x7fbcf04283c0>,74,13,[5 5],75,316,329,241,301
1,<environment.Job instance at 0x7fbcf0428780>,76,16,[8 3],77,329,345,252,316
1,<environment.Job instance at 0x7fbcf0b4cf50>,41,23,[3 9],42,330,353,288,324
1,<environment.Job instance at 0x7fbcf0432690>,79,21,[8 2],80,345,366,265,337
1,<environment.Job instance at 0x7fbcf0432aa0>,83,18,[5 5],84,353,371,269,344
1,<environment.Job instance at 0x7fbcf0432050>,84,20,[5 9],85,366,386,281,360
1,<environment.Job instance at 0x7fbcf0432870>,87,14,[5 1],88,366,380,278,362
1,<environment.Job instance at 0x7fbcf0432910>,92,14,[9 1],93,380,394,287,366
1,<environment.Job instance at 0x7fbcf0432b90>,94,18,[8 3],95,394,412,299,383
1,<environment.Job instance at 0x7fbcf044ef00>,97,15,[6 2],98,386,401,288,383
1,<environment.Job instance at 0x7fbcf044ed20>,98,17,[7 4],99,401,418,302,389
1,<environment.Job instance at 0x7fbcf044ec30>,101,17,[3 5],102,412,429,310,400
1,<environment.Job instance at 0x7fbcf044e820>,103,14,[6 1],104,418,432,314,406
1,<environment.Job instance at 0x7fbcf044efa0>,107,13,[9 5],108,429,442,321,413
1,<environment.Job instance at 0x7fbcf044e280>,108,16,[3 6],109,432,448,323,421
1,<environment.Job instance at 0x7fbcf044ea50>,110,14,[2 5],111,442,456,331,428
1,<environment.Job instance at 0x7fbcf044ef50>,114,17,[10  4],115,442,459,327,430
1,<environment.Job instance at 0x7fbcefe51280>,118,14,[2 7],119,456,470,337,442
1,<environment.Job instance at 0x7fbcefe51af0>,119,20,[1 7],120,459,479,339,451
1,<environment.Job instance at 0x7fbcefe519b0>,120,14,[3 7],121,470,484,349,455
1,<environment.Job instance at 0x7fbcefe51780>,121,20,[9 4],122,479,499,357,470
1,<environment.Job instance at 0x7fbcf0432c30>,78,23,[11  4],79,499,522,420,493
1,<environment.Job instance at 0x7fbcefe51640>,128,23,[3 7],129,493,516,364,493
1,<environment.Job instance at 0x7fbcefa3e820>,129,12,[5 7],130,522,534,392,505
1,<environment.Job instance at 0x7fbcefe51a00>,127,21,[5 9],128,534,555,406,527
1,<environment.Job instance at 0x7fbcf0b1b500>,131,20,[7 4],132,527,547,395,527
1,<environment.Job instance at 0x7fbcefa3ec30>,130,23,[ 3 11],131,555,578,424,549
1,<environment.Job instance at 0x7fbcf0b231e0>,23,16,[12  2],24,555,571,531,551
1,<environment.Job instance at 0x7fbcefa30460>,136,15,[6 1],137,571,586,434,558
1,<environment.Job instance at 0x7fbcefa34820>,137,17,[5 7],138,578,595,440,567
1,<environment.Job instance at 0x7fbcef96d550>,135,18,[1 6],136,578,596,442,567
1,<environment.Job instance at 0x7fbcf0b4c4b0>,40,23,[12  5],41,595,618,554,589
1,<environment.Job instance at 0x7fbcefa343c0>,140,13,[3 8],141,596,609,455,589
1,<environment.Job instance at 0x7fbcf0873140>,141,16,[14  4],142,618,634,476,605
1,<environment.Job instance at 0x7fbcefa346e0>,142,17,[1 8],143,609,626,466,605
1,<environment.Job instance at 0x7fbcefa34cd0>,143,18,[14  3],144,634,652,490,623
1,<environment.Job instance at 0x7fbcefa22cd0>,144,17,[1 9],145,626,643,481,623
1,<environment.Job instance at 0x7fbcefa8ac80>,145,22,[ 5 12],146,652,674,506,645
1,<environment.Job instance at 0x7fbcefde7d70>,146,13,[9 2],147,652,665,505,645
1,<environment.Job instance at 0x7fbcf004b410>,147,18,[ 1 12],148,674,692,526,663
1,<environment.Job instance at 0x7fbceff7e0a0>,148,16,[14  2],149,674,690,525,664
1,<environment.Job instance at 0x7fbcf0442be0>,1,16,[6 3],2,2,18,0,2
1,<environment.Job instance at 0x7fbcef946960>,10,18,[10  5],11,18,36,7,11
1,<environment.Job instance at 0x7fbcef946d20>,16,15,[9 4],17,36,51,19,22
1,<environment.Job instance at 0x7fbcef946f00>,18,14,[5 7],19,22,36,3,22
1,<environment.Job instance at 0x7fbcefbd94b0>,26,20,[5 7],27,36,56,9,29
1,<environment.Job instance at 0x7fbcef941870>,27,16,[4 8],28,51,67,23,38
1,<environment.Job instance at 0x7fbcf0a33f50>,29,15,[2 8],30,67,82,37,53
1,<environment.Job instance at 0x7fbcf04348c0>,34,16,[10  5],35,56,72,21,53
1,<environment.Job instance at 0x7fbcef945230>,42,16,[9 4],43,72,88,29,59
1,<environment.Job instance at 0x7fbcf04028c0>,55,19,[7 3],56,88,107,32,78
1,<environment.Job instance at 0x7fbcf0402a50>,57,18,[2 7],58,82,100,24,78
1,<environment.Job instance at 0x7fbcf0402eb0>,59,18,[3 8],60,100,118,40,89
1,<environment.Job instance at 0x7fbcefc818c0>,85,18,[9 5],86,107,125,21,96
1,<environment.Job instance at 0x7fbcefc973c0>,102,18,[10  2],103,125,143,22,114
1,<environment.Job instance at 0x7fbcefc97780>,107,17,[2 6],108,118,135,10,114
1,<environment.Job instance at 0x7fbcefc97aa0>,112,15,[4 5],113,135,150,22,121
1,<environment.Job instance at 0x7fbcefc97f00>,120,15,[7 4],121,143,158,22,129
1,<environment.Job instance at 0x7fbcefc65500>,126,15,[5 5],127,150,165,23,136
1,<environment.Job instance at 0x7fbcefc65550>,130,18,[5 9],131,158,176,27,147
1,<environment.Job instance at 0x7fbcefc9c3c0>,148,17,[2 5],149,165,182,16,153
1,<environment.Job instance at 0x7fbcf0b16050>,0,13,[12  4],1,1,14,0,1
1,<environment.Job instance at 0x7fbcefc9c140>,1,17,[ 5 13],2,14,31,12,2
1,<environment.Job instance at 0x7fbcf0b16aa0>,4,12,[6 3],5,31,43,26,15
1,<environment.Job instance at 0x7fbcf0b16550>,9,13,[10  4],10,43,56,33,27
1,<environment.Job instance at 0x7fbcf0b162d0>,8,13,[2 6],9,31,44,22,28
1,<environment.Job instance at 0x7fbcf0b166e0>,7,12,[4 6],8,31,43,23,28
1,<environment.Job instance at 0x7fbcefdd33c0>,30,18,[7 5],31,56,74,25,45
1,<environment.Job instance at 0x7fbcefa12b90>,48,17,[8 4],49,56,73,7,52
1,<environment.Job instance at 0x7fbcefa12910>,50,14,[10  2],51,74,88,23,59
1,<environment.Job instance at 0x7fbcefa12d20>,53,14,[4 9],54,73,87,19,61
1,<environment.Job instance at 0x7fbcefa12190>,59,15,[5 5],60,87,102,27,73
1,<environment.Job instance at 0x7fbcefa77d20>,66,16,[5 6],67,88,104,21,79
1,<environment.Job instance at 0x7fbcefa77870>,69,13,[5 5],70,102,115,32,86
1,<environment.Job instance at 0x7fbcefa77730>,73,14,[4 5],74,104,118,30,89
1,<environment.Job instance at 0x7fbcef993a50>,87,16,[7 4],88,115,131,27,102
1,<environment.Job instance at 0x7fbcef993960>,97,16,[1 8],98,118,134,20,111
1,<environment.Job instance at 0x7fbcef993c30>,100,13,[9 3],101,131,144,30,115
1,<environment.Job instance at 0x7fbcf04191e0>,105,17,[5 3],106,118,135,12,115
1,<environment.Job instance at 0x7fbcf0419320>,110,13,[4 6],111,135,148,24,119
1,<environment.Job instance at 0x7fbcf0419b90>,116,16,[9 3],117,144,160,27,131
1,<environment.Job instance at 0x7fbcef9ceaf0>,123,18,[7 4],124,160,178,36,149
1,<environment.Job instance at 0x7fbcefdd3910>,21,26,[5 7],22,150,176,128,150
1,<environment.Job instance at 0x7fbcf0b45f00>,128,23,[14  1],129,178,201,49,172
1,<environment.Job instance at 0x7fbcf0b45b40>,129,27,[11  2],130,201,228,71,199
1,<environment.Job instance at 0x7fbcf0b45730>,130,14,[9 1],131,228,242,97,213
1,<environment.Job instance at 0x7fbcf0b455f0>,131,12,[10  4],132,242,254,110,225
1,<environment.Job instance at 0x7fbcf0b450f0>,132,22,[ 3 14],133,254,276,121,247
1,<environment.Job instance at 0x7fbcf0b45230>,133,15,[13  2],134,276,291,142,262
1,<environment.Job instance at 0x7fbcf0b45aa0>,134,16,[11  3],135,291,307,156,281
1,<environment.Job instance at 0x7fbcf0b458c0>,135,15,[ 1 10],136,281,296,145,281
1,<environment.Job instance at 0x7fbcf0b45370>,136,17,[5 1],137,307,324,170,295
1,<environment.Job instance at 0x7fbcefb18960>,137,23,[9 3],138,307,330,169,301
1,<environment.Job instance at 0x7fbcf967c870>,138,23,[13  2],139,330,353,191,324
1,<environment.Job instance at 0x7fbcefa4e690>,139,16,[ 3 14],140,353,369,213,340
1,<environment.Job instance at 0x7fbcf0b16fa0>,2,16,[ 5 14],3,1324,1340,1321,1324
1,<environment.Job instance at 0x7fbcefaac910>,140,16,[13  5],141,1392,1408,1251,1392
1,<environment.Job instance at 0x7fbcf0b16d20>,10,15,[14  4],11,1417,1432,1406,1417
1,<environment.Job instance at 0x7fbcef375cd0>,0,14,[8 4],1,2,16,1,2
1,<environment.Job instance at 0x7fbcef375550>,7,20,[4 5],8,8,28,0,8
1,<environment.Job instance at 0x7fbcef375500>,8,14,[5 7],9,16,30,7,10
1,<environment.Job instance at 0x7fbcef3d2870>,17,22,[5 7],18,28,50,10,21
1,<environment.Job instance at 0x7fbcef3d2c80>,26,18,[1 6],27,30,48,3,27
1,<environment.Job instance at 0x7fbcef3d23c0>,27,20,[1 9],28,50,70,22,41
1,<environment.Job instance at 0x7fbcef3d27d0>,31,17,[7 3],32,48,65,16,41
1,<environment.Job instance at 0x7fbcef993d20>,37,15,[6 1],38,50,65,12,41
1,<environment.Job instance at 0x7fbcef4902d0>,46,16,[9 2],47,65,81,18,52
1,<environment.Job instance at 0x7fbcef4906e0>,50,22,[1 5],51,70,92,19,63
1,<environment.Job instance at 0x7fbcef490870>,53,20,[1 5],54,70,90,16,63
1,<environment.Job instance at 0x7fbcef490500>,57,18,[5 5],58,81,99,23,70
1,<environment.Job instance at 0x7fbcef492f00>,63,18,[3 8],64,92,110,28,81
1,<environment.Job instance at 0x7fbcef492be0>,65,12,[ 5 10],66,110,122,44,93
1,<environment.Job instance at 0x7fbcef492640>,67,16,[1 6],68,122,138,54,109
1,<environment.Job instance at 0x7fbcf969f0f0>,78,17,[8 4],79,109,126,30,109
1,<environment.Job instance at 0x7fbcef34a320>,79,16,[7 2],80,126,142,46,113
1,<environment.Job instance at 0x7fbcf01843c0>,82,14,[8 5],83,138,152,55,123
1,<environment.Job instance at 0x7fbcf01847d0>,84,19,[6 4],85,142,161,57,132
1,<environment.Job instance at 0x7fbcf024b0a0>,85,16,[1 6],86,142,158,56,132
1,<environment.Job instance at 0x7fbcf0184aa0>,86,14,[1 8],87,158,172,71,143
1,<environment.Job instance at 0x7fbcf024bc80>,87,22,[7 2],88,152,174,64,145
1,<environment.Job instance at 0x7fbcef3392d0>,88,15,[10  1],89,174,189,85,160
1,<environment.Job instance at 0x7fbcf018bc80>,93,16,[3 7],94,172,188,78,160
1,<environment.Job instance at 0x7fbcf049e2d0>,98,14,[1 7],99,174,188,75,160
1,<environment.Job instance at 0x7fbcf0158c30>,100,13,[5 5],101,161,174,60,160
1,<environment.Job instance at 0x7fbcf026dcd0>,102,19,[2 6],103,188,207,85,178
1,<environment.Job instance at 0x7fbcef327f00>,106,18,[2 5],107,188,206,81,178
1,<environment.Job instance at 0x7fbcefa042d0>,111,18,[3 9],112,206,224,94,195
1,<environment.Job instance at 0x7fbcef9bb5f0>,113,16,[1 7],114,224,240,110,211
1,<environment.Job instance at 0x7fbcf0ae7820>,117,17,[5 7],118,224,241,106,212
1,<environment.Job instance at 0x7fbcef632e10>,118,17,[6 2],119,240,257,121,228
1,<environment.Job instance at 0x7fbcf02cc280>,121,15,[8 2],122,241,256,119,228
1,<environment.Job instance at 0x7fbcf02cc050>,125,16,[10  3],126,257,273,131,244
1,<environment.Job instance at 0x7fbcf0c13f00>,129,17,[9 4],130,273,290,143,261
1,<environment.Job instance at 0x7fbcf0c13910>,132,20,[5 3],133,261,281,128,261
1,<environment.Job instance at 0x7fbceff75e60>,137,20,[8 1],138,290,310,152,281
1,<environment.Job instance at 0x7fbceff752d0>,141,16,[4 6],142,281,297,139,281
1,<environment.Job instance at 0x7fbceff759b0>,142,15,[5 1],143,297,312,154,283
1,<environment.Job instance at 0x7fbcef3752d0>,2,23,[ 1 14],3,588,611,585,588
1,<environment.Job instance at 0x7fbcef375320>,9,25,[ 3 10],10,1414,1439,1404,1414
1,<environment.Job instance at 0x7fbcef3750a0>,6,15,[13  5],7,1439,1454,1432,1427
1,<environment.Job instance at 0x7fbcefe11b90>,2,15,[3 7],3,3,18,0,3
1,<environment.Job instance at 0x7fbcefe11140>,3,23,[5 6],4,4,27,0,4
1,<environment.Job instance at 0x7fbcefe11280>,7,16,[8 4],8,18,34,10,8
1,<environment.Job instance at 0x7fbcefe11870>,5,19,[2 5],6,18,37,12,8
1,<environment.Job instance at 0x7fbcf062fb90>,17,16,[9 1],18,34,50,16,21
1,<environment.Job instance at 0x7fbcf062fa00>,24,14,[3 7],25,34,48,9,25
1,<environment.Job instance at 0x7fbcf062f640>,25,20,[5 1],26,48,68,22,39
1,<environment.Job instance at 0x7fbcf00f8dc0>,32,18,[3 5],33,50,68,17,39
1,<environment.Job instance at 0x7fbcf00f8280>,34,18,[5 6],35,50,68,15,39
1,<environment.Job instance at 0x7fbcf00f8410>,40,20,[3 8],41,68,88,27,59
1,<environment.Job instance at 0x7fbcf00f8190>,42,13,[3 9],43,88,101,45,72
1,<environment.Job instance at 0x7fbcf0910aa0>,44,19,[8 2],45,72,91,27,72
1,<environment.Job instance at 0x7fbcf0910fa0>,48,17,[1 5],49,91,108,42,79
1,<environment.Job instance at 0x7fbcf0910a50>,53,18,[7 1],54,91,109,37,80
1,<environment.Job instance at 0x7fbcf0910e60>,54,19,[7 3],55,101,120,46,91
1,<environment.Job instance at 0x7fbcf0910af0>,55,21,[5 5],56,109,130,53,101
1,<environment.Job instance at 0x7fbcf09100a0>,59,13,[5 8],60,120,133,60,104
1,<environment.Job instance at 0x7fbcf028ad20>,76,19,[3 7],77,130,149,53,120
1,<environment.Job instance at 0x7fbcf028aa50>,79,17,[5 4],80,133,150,53,121
1,<environment.Job instance at 0x7fbcf028aaa0>,80,19,[5 8],81,149,168,68,139
1,<environment.Job instance at 0x7fbcf03f1cd0>,84,13,[6 5],85,150,163,65,139
1,<environment.Job instance at 0x7fbcf03f1230>,89,15,[9 4],90,163,178,73,149
1,<environment.Job instance at 0x7fbcf03f1280>,92,16,[8 2],93,178,194,85,165
1,<environment.Job instance at 0x7fbcf03f1eb0>,94,14,[4 7],95,168,182,73,165
1,<environment.Job instance at 0x7fbcefd03640>,101,19,[2 5],102,178,197,76,168
1,<environment.Job instance at 0x7fbcefd03690>,105,15,[1 7],106,182,197,76,168
1,<environment.Job instance at 0x7fbcf06ba690>,114,16,[4 9],115,197,213,82,184
1,<environment.Job instance at 0x7fbcf06baaa0>,116,14,[5 4],117,197,211,80,184
1,<environment.Job instance at 0x7fbcf06bac30>,117,15,[6 4],118,211,226,93,197
1,<environment.Job instance at 0x7fbcf06ba230>,118,20,[7 5],119,213,233,94,204
1,<environment.Job instance at 0x7fbcf06ba410>,124,17,[1 6],125,213,230,88,204
1,<environment.Job instance at 0x7fbcf06bae10>,133,12,[5 8],134,230,242,96,213
1,<environment.Job instance at 0x7fbcef819fa0>,135,15,[4 8],136,242,257,106,228
1,<environment.Job instance at 0x7fbcf0206460>,136,15,[1 6],137,233,248,96,228
1,<environment.Job instance at 0x7fbcf0a6e6e0>,141,20,[9 5],142,248,268,106,239
1,<environment.Job instance at 0x7fbcef9b3be0>,0,15,[ 1 13],1,4692,4707,4691,4692
1,<environment.Job instance at 0x7fbcf062f870>,15,24,[14  2],16,5230,5254,5214,5230
1,<environment.Job instance at 0x7fbcefebbf00>,0,13,[ 4 12],1,1,14,0,1
1,<environment.Job instance at 0x7fbcefebb820>,3,14,[10  5],4,14,28,10,4
1,<environment.Job instance at 0x7fbcefebb230>,5,12,[3 5],6,14,26,8,7
1,<environment.Job instance at 0x7fbcf0b9df50>,11,15,[1 7],12,26,41,14,12
1,<environment.Job instance at 0x7fbcf0b9d410>,12,14,[10  2],13,28,42,15,13
1,<environment.Job instance at 0x7fbcefebbd20>,15,12,[9 1],16,42,54,26,25
1,<environment.Job instance at 0x7fbcf0b9db40>,14,14,[4 8],15,41,55,26,26
1,<environment.Job instance at 0x7fbcf0b9daf0>,20,13,[9 3],21,54,67,33,38
1,<environment.Job instance at 0x7fbcf0b9de10>,26,13,[10  1],27,67,80,40,51
1,<environment.Job instance at 0x7fbcf0b9d7d0>,27,20,[6 5],28,80,100,52,71
1,<environment.Job instance at 0x7fbcf0b9d820>,28,15,[ 5 10],29,71,86,42,71
1,<environment.Job instance at 0x7fbcf00dc690>,30,15,[5 8],31,86,101,55,72
1,<environment.Job instance at 0x7fbcf00dc910>,33,16,[2 8],34,101,117,67,88
1,<environment.Job instance at 0x7fbcf00dccd0>,37,15,[ 4 10],38,117,132,79,104
1,<environment.Job instance at 0x7fbcf00dc140>,40,18,[ 2 10],41,132,150,91,121
1,<environment.Job instance at 0x7fbcf06a56e0>,44,14,[9 1],45,121,135,76,121
1,<environment.Job instance at 0x7fbcf06a54b0>,45,15,[3 9],46,150,165,104,136
1,<environment.Job instance at 0x7fbcf06a5460>,47,16,[5 1],48,136,152,88,136
1,<environment.Job instance at 0x7fbcf06a5320>,49,13,[8 3],50,136,149,86,136
1,<environment.Job instance at 0x7fbcf06a5050>,59,22,[2 7],60,165,187,105,158
1,<environment.Job instance at 0x7fbcf06a5a50>,62,16,[ 3 10],63,187,203,124,174
1,<environment.Job instance at 0x7fbcf06a5550>,63,13,[3 9],64,203,216,139,187
1,<environment.Job instance at 0x7fbcf0100e10>,70,14,[9 2],71,187,201,116,187
1,<environment.Job instance at 0x7fbcf0100d70>,77,15,[3 8],78,216,231,138,202
1,<environment.Job instance at 0x7fbcf0100690>,78,14,[4 9],79,231,245,152,216
1,<environment.Job instance at 0x7fbcefebb960>,6,20,[ 3 11],7,245,265,238,236
1,<environment.Job instance at 0x7fbcf0100af0>,84,20,[4 5],85,265,285,180,256
1,<environment.Job instance at 0x7fbcf0100a50>,85,18,[4 6],86,265,283,179,256
1,<environment.Job instance at 0x7fbcf0100be0>,86,14,[2 6],87,283,297,196,268
1,<environment.Job instance at 0x7fbcefd9f9b0>,88,12,[6 5],89,285,297,196,268
1,<environment.Job instance at 0x7fbcefd9fc80>,95,12,[8 5],96,297,309,201,280
1,<environment.Job instance at 0x7fbcefc9dc30>,100,12,[2 5],101,297,309,196,280
1,<environment.Job instance at 0x7fbcefc9d2d0>,105,14,[8 5],106,309,323,203,294
1,<environment.Job instance at 0x7fbcefc9d460>,108,20,[6 3],109,309,329,200,300
1,<environment.Job instance at 0x7fbcefc9d230>,109,21,[3 6],110,323,344,213,315
1,<environment.Job instance at 0x7fbcf06bb870>,114,12,[7 1],115,329,341,214,315
1,<environment.Job instance at 0x7fbcf01004b0>,80,22,[2 8],81,329,351,248,322
1,<environment.Job instance at 0x7fbcf06bba50>,117,19,[8 4],118,344,363,226,341
1,<environment.Job instance at 0x7fbcf06bbc80>,118,12,[7 5],119,351,363,232,341
1,<environment.Job instance at 0x7fbcf0b9d780>,16,24,[ 2 13],17,363,387,346,358
1,<environment.Job instance at 0x7fbcf06bb5f0>,121,17,[9 4],122,387,404,265,376
1,<environment.Job instance at 0x7fbcf06bb050>,120,18,[9 3],121,404,422,283,399
1,<environment.Job instance at 0x7fbcf06bbbe0>,116,27,[11  3],117,422,449,305,420
1,<environment.Job instance at 0x7fbcf060ae60>,127,14,[5 6],128,449,463,321,434
1,<environment.Job instance at 0x7fbcf060a1e0>,128,16,[8 4],129,449,465,320,436
1,<environment.Job instance at 0x7fbcefc5b5f0>,129,17,[ 5 13],130,465,482,335,453
1,<environment.Job instance at 0x7fbceffb9d20>,130,26,[ 3 14],131,482,508,351,479
1,<environment.Job instance at 0x7fbcefc5ba00>,131,21,[9 3],132,508,529,376,500
1,<environment.Job instance at 0x7fbcefc5b640>,132,26,[ 1 10],133,508,534,375,505
1,<environment.Job instance at 0x7fbcf060abe0>,126,17,[4 8],127,534,551,407,523
1,<environment.Job instance at 0x7fbcefc5b370>,134,13,[10  1],135,535,548,400,535
1,<environment.Job instance at 0x7fbcf091cb40>,135,21,[8 5],136,548,569,412,540
1,<environment.Job instance at 0x7fbcefeb13c0>,137,13,[7 1],138,551,564,413,540
1,<environment.Job instance at 0x7fbcf04a4230>,140,12,[3 8],141,564,576,423,548
1,<environment.Job instance at 0x7fbcf0680050>,142,15,[5 6],143,569,584,426,555
1,<environment.Job instance at 0x7fbceff94aa0>,145,17,[5 8],146,576,593,430,565
1,<environment.Job instance at 0x7fbcf0194c30>,147,12,[8 5],148,584,596,436,567
1,<environment.Job instance at 0x7fbcef3cccd0>,148,18,[3 6],149,593,611,444,582
1,<environment.Job instance at 0x7fbcefc5b960>,133,26,[4 8],134,596,622,462,594
1,<environment.Job instance at 0x7fbcefebb370>,4,16,[10  2],5,611,627,606,598
1,<environment.Job instance at 0x7fbcefebbd70>,1,24,[10  5],2,627,651,625,622
1,<environment.Job instance at 0x7fbcefe31d20>,0,21,[5 3],1,1,22,0,1
1,<environment.Job instance at 0x7fbcefe310a0>,1,24,[ 4 12],2,2,26,0,2
1,<environment.Job instance at 0x7fbcefe315a0>,7,12,[7 2],8,22,34,14,8
1,<environment.Job instance at 0x7fbcef95b8c0>,8,25,[1 7],9,26,51,17,22
1,<environment.Job instance at 0x7fbcefe31a50>,5,17,[8 3],6,34,51,28,22
1,<environment.Job instance at 0x7fbcefe311e0>,9,16,[3 5],10,26,42,16,23
1,<environment.Job instance at 0x7fbcef95b370>,21,13,[5 8],22,51,64,29,35
1,<environment.Job instance at 0x7fbcef95b730>,22,16,[5 2],23,42,58,19,35
1,<environment.Job instance at 0x7fbcef95b1e0>,23,20,[5 4],24,51,71,27,42
1,<environment.Job instance at 0x7fbcef95b690>,25,12,[7 5],26,64,76,38,47
1,<environment.Job instance at 0x7fbcef95b320>,26,14,[7 5],27,71,85,44,56
1,<environment.Job instance at 0x7fbcefa3e0f0>,33,17,[1 7],34,76,93,42,64
1,<environment.Job instance at 0x7fbcefe310f0>,2,12,[14  4],3,85,97,82,68
1,<environment.Job instance at 0x7fbcef94f190>,42,12,[7 3],43,97,109,54,80
1,<environment.Job instance at 0x7fbcef94fdc0>,43,17,[1 8],44,93,110,49,87
1,<environment.Job instance at 0x7fbcef94fbe0>,47,17,[5 9],48,110,127,62,99
1,<environment.Job instance at 0x7fbcef94f500>,48,18,[1 8],49,127,145,78,116
1,<environment.Job instance at 0x7fbcef94ff50>,52,14,[8 4],53,125,139,72,125
1,<environment.Job instance at 0x7fbcef2e0c30>,56,14,[9 3],57,139,153,82,125
1,<environment.Job instance at 0x7fbcef2e01e0>,63,14,[8 4],64,153,167,89,138
1,<environment.Job instance at 0x7fbcef2e0cd0>,67,20,[5 4],68,139,159,71,138
1,<environment.Job instance at 0x7fbcef2e00f0>,69,16,[9 4],70,167,183,97,154
1,<environment.Job instance at 0x7fbcef2e0640>,71,17,[5 5],72,159,176,87,154
1,<environment.Job instance at 0x7fbcef2e0230>,76,13,[6 5],77,176,189,99,160
1,<environment.Job instance at 0x7fbcefeac4b0>,82,21,[7 4],83,183,204,100,175
1,<environment.Job instance at 0x7fbcf09a4640>,83,20,[3 9],84,189,209,105,189
1,<environment.Job instance at 0x7fbcefeafd70>,86,16,[9 5],87,204,220,117,191
1,<environment.Job instance at 0x7fbcef95b2d0>,16,20,[ 4 11],17,220,240,203,211
1,<environment.Job instance at 0x7fbcf0a34050>,93,20,[7 3],94,223,243,129,223
1,<environment.Job instance at 0x7fbcf098dd20>,94,12,[ 3 12],95,240,252,145,224
1,<environment.Job instance at 0x7fbcf03dde10>,99,13,[6 4],100,252,265,152,236
1,<environment.Job instance at 0x7fbcf06e6dc0>,98,19,[6 4],99,252,271,153,242
1,<environment.Job instance at 0x7fbcf0244640>,101,19,[5 5],102,265,284,163,255
1,<environment.Job instance at 0x7fbcf93da960>,109,18,[7 3],110,271,289,161,260
1,<environment.Job instance at 0x7fbcf0b7a550>,125,16,[2 6],126,262,278,136,262
1,<environment.Job instance at 0x7fbcf0b7a4b0>,127,17,[5 5],128,284,301,156,272
1,<environment.Job instance at 0x7fbcf0b7a1e0>,131,20,[3 8],132,289,309,157,285
1,<environment.Job instance at 0x7fbcf0b7aaa0>,133,12,[10  4],134,301,313,167,285
1,<environment.Job instance at 0x7fbcef60eaa0>,134,15,[10  4],135,313,328,178,299
1,<environment.Job instance at 0x7fbcef60e500>,143,15,[6 2],144,328,343,184,314
1,<environment.Job instance at 0x7fbcef94fb40>,38,24,[ 5 11],39,314,338,275,314
1,<environment.Job instance at 0x7fbcf00926e0>,148,21,[7 3],149,338,359,189,330
1,<environment.Job instance at 0x7fbcefe314b0>,6,21,[ 4 14],7,359,380,352,354
1,<environment.Job instance at 0x7fbcefe31550>,4,18,[12  3],5,7086,7104,7081,7086
1,<environment.Job instance at 0x7fbcef996640>,1,14,[1 9],2,2,16,0,2
1,<environment.Job instance at 0x7fbcefe17c30>,5,19,[ 3 11],6,16,35,10,6
1,<environment.Job instance at 0x7fbcefe31190>,2,12,[11  1],3,8,20,5,8
1,<environment.Job instance at 0x7fbcefe17280>,6,25,[ 1 14],7,35,60,28,31
1,<environment.Job instance at 0x7fbcefe17190>,9,17,[3 5],10,60,77,50,48
1,<environment.Job instance at 0x7fbcefe17050>,11,15,[7 1],12,49,64,37,49
1,<environment.Job instance at 0x7fbcefe17730>,13,12,[8 4],14,64,76,50,49
1,<environment.Job instance at 0x7fbcefe17c80>,4,13,[5 5],5,76,89,71,60
1,<environment.Job instance at 0x7fbcef998a50>,20,22,[3 5],21,60,82,39,60
1,<environment.Job instance at 0x7fbcefe175f0>,7,24,[8 2],8,82,106,74,77
1,<environment.Job instance at 0x7fbcef9983c0>,22,27,[4 8],23,89,116,66,87
1,<environment.Job instance at 0x7fbcef998410>,23,17,[ 2 12],24,116,133,92,104
1,<environment.Job instance at 0x7fbcef998460>,24,22,[2 8],25,133,155,108,127
1,<environment.Job instance at 0x7fbcef998c30>,25,15,[12  3],26,127,142,101,127
1,<environment.Job instance at 0x7fbcef998aa0>,26,20,[1 7],27,142,162,115,136
1,<environment.Job instance at 0x7fbcef998af0>,27,18,[9 3],28,155,173,127,144
1,<environment.Job instance at 0x7fbcef998b40>,28,16,[3 8],29,162,178,133,149
1,<environment.Job instance at 0x7fbcef998eb0>,29,14,[6 2],30,173,187,143,158
1,<environment.Job instance at 0x7fbcef9985f0>,21,27,[ 3 13],22,178,205,156,176
1,<environment.Job instance at 0x7fbcef998960>,19,16,[ 1 10],20,205,221,185,192
1,<environment.Job instance at 0x7fbcef9987d0>,32,14,[4 7],33,221,235,188,206
1,<environment.Job instance at 0x7fbcf05f7140>,37,14,[5 6],38,221,235,183,206
1,<environment.Job instance at 0x7fbcf05f7690>,41,21,[2 5],42,235,256,193,227
1,<environment.Job instance at 0x7fbcf05f7eb0>,44,13,[1 7],45,235,248,190,228
1,<environment.Job instance at 0x7fbcf05f7be0>,48,16,[ 4 10],49,248,264,199,235
1,<environment.Job instance at 0x7fbcf05f7410>,49,21,[ 2 10],50,264,285,214,256
1,<environment.Job instance at 0x7fbcf05f75a0>,51,19,[ 2 10],52,285,304,233,275
1,<environment.Job instance at 0x7fbcef97c8c0>,54,19,[2 9],55,304,323,249,294
1,<environment.Job instance at 0x7fbcef97c370>,55,18,[9 3],56,294,312,238,294
1,<environment.Job instance at 0x7fbcef97ca00>,56,14,[5 5],57,312,326,255,297
1,<environment.Job instance at 0x7fbcef97ceb0>,57,22,[7 2],58,323,345,265,316
1,<environment.Job instance at 0x7fbcef97c640>,59,20,[5 7],60,326,346,266,319
1,<environment.Job instance at 0x7fbcef97cdc0>,62,18,[7 1],63,345,363,282,335
1,<environment.Job instance at 0x7fbcef973550>,70,21,[5 9],71,346,367,275,340
1,<environment.Job instance at 0x7fbcef9737d0>,71,12,[2 8],72,367,379,295,350
1,<environment.Job instance at 0x7fbcef9735f0>,73,14,[3 7],74,367,381,293,352
1,<environment.Job instance at 0x7fbcef973fa0>,76,15,[5 5],77,379,394,302,365
1,<environment.Job instance at 0x7fbcef962aa0>,80,20,[8 4],81,381,401,300,372
1,<environment.Job instance at 0x7fbcef962e60>,82,21,[10  4],83,401,422,318,393
1,<environment.Job instance at 0x7fbcef962f00>,85,15,[5 6],86,395,410,309,395
1,<environment.Job instance at 0x7fbcef962d70>,90,17,[11  5],91,422,439,331,416
1,<environment.Job instance at 0x7fbcef962c30>,92,21,[7 1],93,439,460,346,431
1,<environment.Job instance at 0x7fbcef962460>,93,19,[1 5],94,433,452,339,433
1,<environment.Job instance at 0x7fbcef962af0>,94,14,[2 5],95,433,447,338,433
1,<environment.Job instance at 0x7fbcef98af50>,97,18,[5 1],98,444,462,346,444
1,<environment.Job instance at 0x7fbcef98abe0>,98,15,[2 8],99,447,462,348,444
1,<environment.Job instance at 0x7fbcef98a1e0>,101,19,[5 4],102,460,479,358,450
1,<environment.Job instance at 0x7fbcef970730>,112,16,[1 7],113,462,478,349,452
1,<environment.Job instance at 0x7fbcef9707d0>,115,23,[6 3],116,462,485,346,458
1,<environment.Job instance at 0x7fbcef970960>,116,20,[1 7],117,478,498,361,469
1,<environment.Job instance at 0x7fbcef970460>,119,15,[9 2],120,493,508,373,493
1,<environment.Job instance at 0x7fbcef996320>,0,27,[ 2 12],1,498,525,497,496
1,<environment.Job instance at 0x7fbcef970870>,121,17,[7 5],122,525,542,403,513
1,<environment.Job instance at 0x7fbcef970190>,124,19,[5 3],125,515,534,390,515
1,<environment.Job instance at 0x7fbcef8d1fa0>,128,14,[5 5],129,534,548,405,519
1,<environment.Job instance at 0x7fbcef8d11e0>,129,14,[10  5],130,542,556,412,527
1,<environment.Job instance at 0x7fbcef8d15f0>,130,21,[6 3],131,556,577,425,548
1,<environment.Job instance at 0x7fbcef8d1910>,131,20,[6 5],132,556,576,424,548
1,<environment.Job instance at 0x7fbcef8d1c80>,135,19,[5 4],136,576,595,440,566
1,<environment.Job instance at 0x7fbcef998690>,31,28,[1 7],32,566,594,534,566
1,<environment.Job instance at 0x7fbcef8d15a0>,137,14,[7 1],138,577,591,439,566
1,<environment.Job instance at 0x7fbcef8d10f0>,138,25,[ 2 14],139,595,620,456,591
1,<environment.Job instance at 0x7fbcefdf1460>,142,18,[4 9],143,620,638,477,609
1,<environment.Job instance at 0x7fbcefdec140>,145,13,[9 3],146,620,633,474,609
1,<environment.Job instance at 0x7fbcefdec370>,147,21,[5 2],148,633,654,485,625
1,<environment.Job instance at 0x7fbcefdecb90>,148,16,[8 1],149,638,654,489,625
1,<environment.Job instance at 0x7fbcef9700f0>,122,19,[ 5 13],123,654,673,531,644
1,<environment.Job instance at 0x7fbcef998870>,30,27,[10  3],31,831,858,800,831
1,<environment.Job instance at 0x7fbcef8d1410>,139,13,[ 1 10],140,859,872,719,859
1,<environment.Job instance at 0x7fbcf07675f0>,0,13,[14  4],1,1,14,0,1
1,<environment.Job instance at 0x7fbcf0aa92d0>,1,16,[3 8],2,14,30,12,2
1,<environment.Job instance at 0x7fbcf0aa9aa0>,4,21,[1 9],5,30,51,25,22
1,<environment.Job instance at 0x7fbcf0aa9f50>,9,12,[3 9],10,51,63,41,34
1,<environment.Job instance at 0x7fbcf0aa9a00>,11,19,[5 1],12,34,53,22,34
1,<environment.Job instance at 0x7fbcf0aa9370>,15,14,[1 5],16,34,48,18,34
1,<environment.Job instance at 0x7fbcf0aa9550>,16,17,[1 9],17,63,80,46,51
1,<environment.Job instance at 0x7fbcf0aa9730>,18,13,[10  1],19,53,66,34,51
1,<environment.Job instance at 0x7fbcef8193c0>,25,20,[7 1],26,66,86,40,57
1,<environment.Job instance at 0x7fbcef819be0>,30,19,[7 4],31,66,85,35,57
1,<environment.Job instance at 0x7fbcef8190a0>,32,12,[7 3],33,85,97,52,68
1,<environment.Job instance at 0x7fbcef819410>,33,21,[7 2],34,86,107,52,78
1,<environment.Job instance at 0x7fbcef819dc0>,34,14,[5 5],35,97,111,62,82
1,<environment.Job instance at 0x7fbcef8192d0>,42,13,[2 8],43,97,110,54,82
1,<environment.Job instance at 0x7fbcef82c780>,52,12,[6 3],53,110,122,57,93
1,<environment.Job instance at 0x7fbcef82c4b0>,58,16,[5 9],59,111,127,52,98
1,<environment.Job instance at 0x7fbcf9749370>,63,21,[8 2],64,122,143,58,114
1,<environment.Job instance at 0x7fbcf9749af0>,65,26,[1 5],66,127,153,61,124
1,<environment.Job instance at 0x7fbcf9749be0>,67,18,[1 9],68,143,161,75,132
1,<environment.Job instance at 0x7fbcf0436f00>,70,20,[1 5],71,153,173,82,144
1,<environment.Job instance at 0x7fbcf0436820>,72,20,[6 5],73,161,181,88,152
1,<environment.Job instance at 0x7fbcf0436730>,80,17,[8 1],81,152,169,71,152
1,<environment.Job instance at 0x7fbcf0436eb0>,81,12,[2 6],82,173,185,91,156
1,<environment.Job instance at 0x7fbcf0436a00>,82,13,[7 2],83,169,182,86,156
1,<environment.Job instance at 0x7fbcf011cf00>,88,17,[9 5],89,182,199,93,170
1,<environment.Job instance at 0x7fbcf011cd70>,89,21,[5 8],90,185,206,95,177
1,<environment.Job instance at 0x7fbcf011cdc0>,90,23,[6 2],91,199,222,108,193
1,<environment.Job instance at 0x7fbcf011cfa0>,91,18,[7 2],92,206,224,114,195
1,<environment.Job instance at 0x7fbcf011ca50>,98,18,[1 8],99,206,224,107,196
1,<environment.Job instance at 0x7fbcf011ccd0>,102,12,[10  3],103,224,236,121,207
1,<environment.Job instance at 0x7fbcf011c9b0>,103,16,[5 7],104,224,240,120,211
1,<environment.Job instance at 0x7fbcef2fb9b0>,106,15,[1 9],107,240,255,133,226
1,<environment.Job instance at 0x7fbcef2fb370>,107,18,[10  4],108,236,254,128,226
1,<environment.Job instance at 0x7fbcef2fbb40>,108,14,[ 4 10],109,255,269,146,240
1,<environment.Job instance at 0x7fbcef2fb8c0>,111,20,[5 3],112,254,274,142,245
1,<environment.Job instance at 0x7fbcef2fb2d0>,113,13,[6 5],114,269,282,155,253
1,<environment.Job instance at 0x7fbcef2fbf50>,114,16,[10  2],115,282,298,167,269
1,<environment.Job instance at 0x7fbcef2fb500>,115,16,[ 2 10],116,274,290,158,269
1,<environment.Job instance at 0x7fbcef2fb050>,120,19,[4 9],121,290,309,169,280
1,<environment.Job instance at 0x7fbcef2fb6e0>,122,20,[7 4],123,298,318,175,289
1,<environment.Job instance at 0x7fbcefed9730>,124,17,[1 7],125,309,326,184,297
1,<environment.Job instance at 0x7fbcefed9550>,125,13,[8 2],126,318,331,192,302
1,<environment.Job instance at 0x7fbceffcab90>,143,16,[2 5],144,318,334,174,305
1,<environment.Job instance at 0x7fbcf09a32d0>,144,17,[9 4],145,331,348,186,319
1,<environment.Job instance at 0x7fbcefdfe190>,146,16,[2 6],147,326,342,179,319
1,<environment.Job instance at 0x7fbcefc00730>,147,17,[1 7],148,342,359,194,330
1,<environment.Job instance at 0x7fbcf0aa94b0>,5,17,[3 5],6,6731,6748,6725,6731
1,<environment.Job instance at 0x7fbcf0aa9410>,2,16,[ 2 13],3,6748,6764,6745,6735
1,<environment.Job instance at 0x7fbcf0965460>,0,12,[5 5],1,1,13,0,1
1,<environment.Job instance at 0x7fbcf0965780>,2,20,[4 7],3,3,23,0,3
1,<environment.Job instance at 0x7fbcf0965730>,4,12,[4 7],5,13,25,8,5
1,<environment.Job instance at 0x7fbcef4f22d0>,9,14,[ 4 10],10,25,39,15,10
1,<environment.Job instance at 0x7fbcef4f2500>,11,20,[1 6],12,39,59,27,30
1,<environment.Job instance at 0x7fbcf030c0f0>,19,15,[4 7],20,39,54,19,31
1,<environment.Job instance at 0x7fbcf031f050>,29,17,[7 1],30,31,48,1,31
1,<environment.Job instance at 0x7fbcf918df00>,31,13,[1 7],32,54,67,22,38
1,<environment.Job instance at 0x7fbcf0859af0>,37,12,[7 3],38,59,71,21,42
1,<environment.Job instance at 0x7fbcf0859320>,38,13,[10  5],39,71,84,32,55
1,<environment.Job instance at 0x7fbcf097a690>,41,17,[8 5],42,84,101,42,72
1,<environment.Job instance at 0x7fbceff75e60>,43,12,[5 5],44,72,84,28,72
1,<environment.Job instance at 0x7fbceff75a00>,45,20,[9 3],46,101,121,55,92
1,<environment.Job instance at 0x7fbcf09654b0>,1,15,[1 8],2,92,107,90,92
1,<environment.Job instance at 0x7fbcf00e1190>,60,14,[4 9],61,107,121,46,102
1,<environment.Job instance at 0x7fbcf0884500>,67,12,[5 4],68,121,133,53,104
1,<environment.Job instance at 0x7fbcefc08d20>,71,16,[3 8],72,121,137,49,108
1,<environment.Job instance at 0x7fbcefc14dc0>,72,16,[4 5],73,133,149,60,120
1,<environment.Job instance at 0x7fbcefb645a0>,89,16,[5 7],90,137,153,47,124
1,<environment.Job instance at 0x7fbcefc0cf00>,94,15,[5 1],95,125,140,30,125
1,<environment.Job instance at 0x7fbcef6822d0>,96,16,[10  5],97,149,165,52,136
1,<environment.Job instance at 0x7fbcef6825a0>,99,15,[4 7],100,153,168,53,139
1,<environment.Job instance at 0x7fbcef697c30>,103,15,[5 5],104,165,180,61,151
1,<environment.Job instance at 0x7fbcef697c80>,105,19,[5 4],106,168,187,62,158
1,<environment.Job instance at 0x7fbcf07ed960>,106,12,[9 4],107,180,192,73,163
1,<environment.Job instance at 0x7fbcf07ed500>,107,12,[4 7],108,187,199,79,170
1,<environment.Job instance at 0x7fbcf07ed780>,109,18,[4 8],110,192,210,82,181
1,<environment.Job instance at 0x7fbcf07e1870>,128,20,[8 5],129,199,219,70,190
1,<environment.Job instance at 0x7fbcf07e1280>,129,20,[7 1],130,210,230,80,201
1,<environment.Job instance at 0x7fbcf07e14b0>,132,15,[4 8],133,219,234,86,205
1,<environment.Job instance at 0x7fbcf07e1eb0>,133,17,[5 6],134,230,247,96,218
1,<environment.Job instance at 0x7fbcf07f00a0>,140,18,[5 3],141,234,252,93,223
1,<environment.Job instance at 0x7fbcf07f0b40>,141,17,[7 5],142,247,264,105,235
1,<environment.Job instance at 0x7fbcf07f00f0>,142,14,[9 2],143,264,278,121,249
1,<environment.Job instance at 0x7fbcf07f0870>,143,20,[4 7],144,252,272,108,249
1,<environment.Job instance at 0x7fbcf07f08c0>,144,13,[7 2],145,278,291,133,262
1,<environment.Job instance at 0x7fbcf08078c0>,145,21,[5 1],146,272,293,126,264
1,<environment.Job instance at 0x7fbcf0807820>,147,12,[6 4],148,291,303,143,274
1,<environment.Job instance at 0x7fbcefdd4c30>,3,16,[6 1],4,4,20,0,4
1,<environment.Job instance at 0x7fbcefdd4b90>,7,14,[11  1],8,20,34,12,9
1,<environment.Job instance at 0x7fbcefdd4230>,9,14,[3 7],10,10,24,0,10
1,<environment.Job instance at 0x7fbcefdd4af0>,11,12,[4 7],12,24,36,12,12
1,<environment.Job instance at 0x7fbcef3f7f00>,18,13,[8 2],19,34,47,15,20
1,<environment.Job instance at 0x7fbcef3f7e60>,14,15,[4 8],15,36,51,21,23
1,<environment.Job instance at 0x7fbcef3f7550>,17,18,[5 6],18,47,65,29,36
1,<environment.Job instance at 0x7fbcef3f75a0>,22,12,[6 5],23,51,63,28,36
1,<environment.Job instance at 0x7fbcef3f7aa0>,26,17,[4 6],27,63,80,36,51
1,<environment.Job instance at 0x7fbcef3f7320>,20,14,[4 7],21,65,79,44,54
1,<environment.Job instance at 0x7fbcef36a140>,49,18,[1 7],50,79,97,29,68
1,<environment.Job instance at 0x7fbcef36a1e0>,52,20,[1 8],53,80,100,27,71
1,<environment.Job instance at 0x7fbcef36afa0>,58,20,[5 4],59,97,117,38,88
1,<environment.Job instance at 0x7fbcef3e32d0>,29,19,[ 2 11],30,100,119,70,90
1,<environment.Job instance at 0x7fbcef36a780>,51,23,[12  2],52,117,140,65,111
1,<environment.Job instance at 0x7fbcef36af50>,50,21,[1 9],51,119,140,68,117
1,<environment.Job instance at 0x7fbcef36a050>,60,22,[7 5],61,140,162,79,133
1,<environment.Job instance at 0x7fbcef36a550>,62,25,[4 7],63,140,165,77,136
1,<environment.Job instance at 0x7fbcef36a8c0>,63,23,[14  3],64,165,188,101,159
1,<environment.Job instance at 0x7fbcef8e0050>,66,23,[5 1],67,188,211,121,182
1,<environment.Job instance at 0x7fbcef8e0640>,67,24,[ 5 14],68,188,212,120,183
1,<environment.Job instance at 0x7fbcef8e0a00>,68,26,[1 7],69,212,238,143,209
1,<environment.Job instance at 0x7fbcef8e0be0>,69,12,[10  1],70,211,223,141,209
1,<environment.Job instance at 0x7fbcef36a500>,59,20,[5 8],60,223,243,163,214
1,<environment.Job instance at 0x7fbcef8e0dc0>,75,12,[3 8],76,243,255,167,226
1,<environment.Job instance at 0x7fbcef8e0870>,70,18,[ 5 13],71,255,273,184,244
1,<environment.Job instance at 0x7fbcef8e0460>,78,26,[5 4],79,273,299,194,270
1,<environment.Job instance at 0x7fbcef8e00f0>,79,19,[2 5],80,273,292,193,270
1,<environment.Job instance at 0x7fbcef8e01e0>,80,15,[13  3],81,299,314,218,285
1,<environment.Job instance at 0x7fbcef8e0550>,81,12,[3 7],82,314,326,232,297
1,<environment.Job instance at 0x7fbcef8e05f0>,77,21,[5 8],78,314,335,236,307
1,<environment.Job instance at 0x7fbcef8e0b90>,84,20,[8 2],85,326,346,241,322
1,<environment.Job instance at 0x7fbcef3fe500>,87,17,[2 9],88,335,352,247,323
1,<environment.Job instance at 0x7fbcef3feaf0>,89,15,[9 5],90,346,361,256,332
1,<environment.Job instance at 0x7fbcef3fe5f0>,91,17,[4 8],92,352,369,260,340
1,<environment.Job instance at 0x7fbcef3fe140>,95,22,[2 6],96,361,383,265,354
1,<environment.Job instance at 0x7fbcef3fe8c0>,99,20,[6 4],100,369,389,269,360
1,<environment.Job instance at 0x7fbcefdd2690>,104,16,[6 5],105,369,385,264,360
1,<environment.Job instance at 0x7fbcefdd2d70>,106,21,[5 8],107,385,406,278,377
1,<environment.Job instance at 0x7fbcefdd2f50>,107,19,[3 7],108,389,408,281,379
1,<environment.Job instance at 0x7fbcefdd2140>,115,16,[7 4],116,406,422,290,393
1,<environment.Job instance at 0x7fbcefdd2460>,118,14,[10  4],119,422,436,303,407
1,<environment.Job instance at 0x7fbcefdd2050>,120,17,[ 2 10],121,408,425,287,407
1,<environment.Job instance at 0x7fbcefdd2f00>,121,18,[2 9],122,425,443,303,414
1,<environment.Job instance at 0x7fbcef268a00>,131,14,[6 5],132,436,450,304,421
1,<environment.Job instance at 0x7fbcef268050>,132,21,[6 3],133,443,464,310,435
1,<environment.Job instance at 0x7fbcef2706e0>,133,17,[10  2],134,464,481,330,452
1,<environment.Job instance at 0x7fbcef2700f0>,134,18,[6 5],135,481,499,346,470
1,<environment.Job instance at 0x7fbcf049b190>,135,16,[6 1],136,481,497,345,470
1,<environment.Job instance at 0x7fbcf049be10>,136,14,[10  5],137,499,513,362,484
1,<environment.Job instance at 0x7fbcefae1910>,138,13,[1 6],139,484,497,345,484
1,<environment.Job instance at 0x7fbcf047e690>,146,16,[ 3 10],147,497,513,350,484
1,<environment.Job instance at 0x7fbcef8e06e0>,82,17,[ 1 13],83,513,530,430,501
1,<environment.Job instance at 0x7fbcefb29c30>,148,13,[1 8],149,530,543,381,514
1,<environment.Job instance at 0x7fbcefac15f0>,147,18,[7 2],148,784,802,636,784
1,<environment.Job instance at 0x7fbcef8e02d0>,65,28,[8 3],66,845,873,779,845
1,<environment.Job instance at 0x7fbcefdd48c0>,0,17,[13  4],1,1441,1458,1440,1441
1,<environment.Job instance at 0x7fbcef36a640>,61,25,[6 5],62,2517,2542,2455,2517
1,<environment.Job instance at 0x7fbcefadf0a0>,0,24,[3 8],1,2,26,1,2
1,<environment.Job instance at 0x7fbcf0490fa0>,1,16,[10  1],2,2,18,0,2
1,<environment.Job instance at 0x7fbcef7699b0>,4,15,[3 5],5,18,33,13,5
1,<environment.Job instance at 0x7fbcef769b90>,5,14,[9 1],6,18,32,12,7
1,<environment.Job instance at 0x7fbcef769b40>,6,14,[4 7],7,32,46,25,17
1,<environment.Job instance at 0x7fbcef769f00>,11,22,[6 3],12,32,54,20,27
1,<environment.Job instance at 0x7fbcef769eb0>,13,18,[4 5],14,34,52,20,34
1,<environment.Job instance at 0x7fbcef628410>,17,15,[10  5],18,54,69,36,40
1,<environment.Job instance at 0x7fbcef769c80>,8,27,[3 8],9,52,79,43,50
1,<environment.Job instance at 0x7fbcef769e60>,10,12,[13  2],11,79,91,68,62
1,<environment.Job instance at 0x7fbcef628fa0>,36,21,[2 5],37,74,95,37,74
1,<environment.Job instance at 0x7fbcef627140>,41,16,[5 5],42,91,107,49,78
1,<environment.Job instance at 0x7fbcef627460>,42,18,[7 5],43,91,109,48,80
1,<environment.Job instance at 0x7fbcef627780>,47,13,[1 8],48,107,120,59,91
1,<environment.Job instance at 0x7fbcef627e10>,59,15,[6 1],60,107,122,47,96
1,<environment.Job instance at 0x7fbcef627fa0>,60,18,[5 5],61,109,127,48,100
1,<environment.Job instance at 0x7fbcef62a460>,69,12,[4 7],70,120,132,50,103
1,<environment.Job instance at 0x7fbcef62aeb0>,81,19,[5 8],82,127,146,45,118
1,<environment.Job instance at 0x7fbcef62ad20>,82,12,[5 7],83,132,144,49,118
1,<environment.Job instance at 0x7fbcefce7960>,92,18,[8 3],93,144,162,51,133
1,<environment.Job instance at 0x7fbcef36a640>,2,17,[4 8],3,146,163,143,134
1,<environment.Job instance at 0x7fbcef77bb90>,99,16,[7 3],100,162,178,62,149
1,<environment.Job instance at 0x7fbcef769dc0>,9,16,[ 3 14],10,178,194,168,165
1,<environment.Job instance at 0x7fbcef77bc30>,106,12,[14  3],107,194,206,87,178
1,<environment.Job instance at 0x7fbcef7dc500>,114,16,[5 7],115,206,222,91,193
1,<environment.Job instance at 0x7fbcef7c8870>,121,14,[5 5],122,206,220,84,193
1,<environment.Job instance at 0x7fbcef784af0>,96,28,[3 6],97,719,747,622,719
1,<environment.Job instance at 0x7fbcef430640>,115,17,[13  3],116,3238,3255,3122,3238
1,<environment.Job instance at 0x7fbcef6285a0>,2,14,[5 5],3,3,17,0,3
1,<environment.Job instance at 0x7fbcf045fb90>,5,17,[7 4],6,6,23,0,6
1,<environment.Job instance at 0x7fbcef92baa0>,10,13,[6 4],11,17,30,6,11
1,<environment.Job instance at 0x7fbcef92be60>,17,14,[2 7],18,18,32,0,18
1,<environment.Job instance at 0x7fbcef92b730>,20,19,[3 5],21,30,49,9,21
1,<environment.Job instance at 0x7fbcef92bf50>,22,17,[4 5],23,32,49,9,23
1,<environment.Job instance at 0x7fbcef92b4b0>,26,14,[2 6],27,49,63,22,34
1,<environment.Job instance at 0x7fbcef4d0190>,0,26,[8 2],1,34,60,33,34
1,<environment.Job instance at 0x7fbcf0431a00>,34,15,[5 2],35,49,64,14,36
1,<environment.Job instance at 0x7fbcf0431a50>,36,13,[1 5],37,60,73,23,44
1,<environment.Job instance at 0x7fbcf045f6e0>,12,22,[1 8],13,63,85,50,56
1,<environment.Job instance at 0x7fbcf04316e0>,41,21,[14  1],42,73,94,31,65
1,<environment.Job instance at 0x7fbcf0431af0>,45,16,[9 1],46,94,110,48,82
1,<environment.Job instance at 0x7fbcf0431e60>,47,18,[10  2],48,110,128,62,106
1,<environment.Job instance at 0x7fbcf0431b40>,49,14,[5 3],50,113,127,63,113
1,<environment.Job instance at 0x7fbcef4bed20>,54,13,[7 4],55,128,141,73,113
1,<environment.Job instance at 0x7fbcef4beeb0>,55,22,[5 5],56,133,155,77,133
1,<environment.Job instance at 0x7fbcf04315a0>,33,22,[8 3],34,141,163,107,140
1,<environment.Job instance at 0x7fbcef4be2d0>,60,13,[6 4],61,155,168,94,141
1,<environment.Job instance at 0x7fbcef4bec80>,58,22,[ 2 10],59,163,185,104,156
1,<environment.Job instance at 0x7fbcf0431820>,46,28,[12  3],47,168,196,121,167
1,<environment.Job instance at 0x7fbcef4be780>,65,13,[3 7],66,185,198,119,169
1,<environment.Job instance at 0x7fbcef4be910>,66,12,[3 6],67,196,208,129,179
1,<environment.Job instance at 0x7fbcef4be690>,63,19,[8 1],64,196,215,132,187
1,<environment.Job instance at 0x7fbcef4bec30>,69,17,[10  1],70,215,232,145,203
1,<environment.Job instance at 0x7fbcef4be370>,67,17,[ 1 11],68,208,225,140,203
1,<environment.Job instance at 0x7fbcef4bee10>,70,20,[1 9],71,225,245,154,217
1,<environment.Job instance at 0x7fbcef4be640>,71,16,[9 3],72,232,248,160,221
1,<environment.Job instance at 0x7fbcef4be9b0>,73,21,[10  3],74,248,269,174,240
1,<environment.Job instance at 0x7fbcef4be960>,74,15,[1 5],75,245,260,170,240
1,<environment.Job instance at 0x7fbcf040a550>,75,12,[1 6],76,245,257,169,240
1,<environment.Job instance at 0x7fbcf040af50>,76,13,[3 5],77,257,270,180,242
1,<environment.Job instance at 0x7fbcf040a3c0>,78,17,[5 8],79,269,286,190,257
1,<environment.Job instance at 0x7fbcf040a9b0>,77,26,[5 7],78,270,296,192,267
1,<environment.Job instance at 0x7fbcf040aeb0>,81,14,[11  3],82,296,310,214,281
1,<environment.Job instance at 0x7fbcf040a370>,80,19,[3 8],81,286,305,205,284
1,<environment.Job instance at 0x7fbcf040ab90>,84,18,[10  5],85,310,328,225,299
1,<environment.Job instance at 0x7fbcf040a140>,92,18,[5 1],93,311,329,218,311
1,<environment.Job instance at 0x7fbcf040a190>,96,15,[2 7],97,328,343,231,314
1,<environment.Job instance at 0x7fbcf040ab40>,82,20,[8 4],83,328,348,245,319
1,<environment.Job instance at 0x7fbcefb0d7d0>,98,16,[7 2],99,343,359,244,330
1,<environment.Job instance at 0x7fbcefb0df50>,99,14,[13  2],100,359,373,259,344
1,<environment.Job instance at 0x7fbcef4beb90>,64,19,[ 2 12],65,355,374,290,355
1,<environment.Job instance at 0x7fbcefb0d8c0>,101,13,[9 1],102,373,386,271,358
1,<environment.Job instance at 0x7fbcefb0d0a0>,109,17,[5 9],110,374,391,264,367
1,<environment.Job instance at 0x7fbcefb0d5f0>,115,18,[5 4],116,386,404,270,375
1,<environment.Job instance at 0x7fbcef613e60>,117,13,[1 5],118,391,404,273,375
1,<environment.Job instance at 0x7fbcef613be0>,118,15,[7 2],119,391,406,272,378
1,<environment.Job instance at 0x7fbcef613f50>,121,19,[5 7],122,404,423,282,394
1,<environment.Job instance at 0x7fbcef613730>,125,17,[5 5],126,406,423,280,394
1,<environment.Job instance at 0x7fbcef6130f0>,127,16,[5 2],128,406,422,278,394
1,<environment.Job instance at 0x7fbcef6f8500>,129,18,[7 5],130,423,441,293,412
1,<environment.Job instance at 0x7fbcf0b6e690>,134,13,[8 4],135,423,436,288,413
1,<environment.Job instance at 0x7fbcefdf0190>,141,19,[10  1],142,441,460,299,433
1,<environment.Job instance at 0x7fbcf062f690>,142,14,[8 5],143,460,474,317,445
1,<environment.Job instance at 0x7fbcefb0d640>,102,20,[12  3],103,474,494,371,470
1,<environment.Job instance at 0x7fbcefb0d280>,100,26,[8 5],101,786,812,685,786
1,<environment.Job instance at 0x7fbcf045f5f0>,3,22,[11  3],4,961,983,957,961
1,<environment.Job instance at 0x7fbcf0645f50>,0,23,[ 5 10],1,1,24,0,1
1,<environment.Job instance at 0x7fbcef885730>,6,16,[12  1],7,24,40,17,11
1,<environment.Job instance at 0x7fbcef8850a0>,7,16,[5 5],8,40,56,32,27
1,<environment.Job instance at 0x7fbcefb518c0>,8,18,[1 5],9,27,45,18,27
1,<environment.Job instance at 0x7fbcef885960>,4,17,[4 8],5,45,62,40,35
1,<environment.Job instance at 0x7fbcf0859dc0>,11,14,[8 3],12,56,70,44,42
1,<environment.Job instance at 0x7fbcf0859f00>,12,14,[4 7],13,62,76,49,47
1,<environment.Job instance at 0x7fbcf08595f0>,15,14,[5 3],16,70,84,54,55
1,<environment.Job instance at 0x7fbcef3620a0>,26,17,[8 1],27,76,93,49,64
1,<environment.Job instance at 0x7fbcf073b870>,32,16,[7 3],33,84,100,51,71
1,<environment.Job instance at 0x7fbcf073b6e0>,33,20,[5 3],34,93,113,59,84
1,<environment.Job instance at 0x7fbcf017dfa0>,35,17,[4 6],36,100,117,64,88
1,<environment.Job instance at 0x7fbcf07f4190>,44,14,[5 2],45,100,114,55,88
1,<environment.Job instance at 0x7fbcf04a6f00>,49,12,[6 3],50,113,125,63,99
1,<environment.Job instance at 0x7fbcefb516e0>,9,19,[ 2 12],10,117,136,107,107
1,<environment.Job instance at 0x7fbcf04a6d70>,51,15,[9 1],52,125,140,73,111
1,<environment.Job instance at 0x7fbcf04a6e10>,52,19,[4 5],53,136,155,83,126
1,<environment.Job instance at 0x7fbcf04a6a00>,53,16,[13  1],54,155,171,101,142
1,<environment.Job instance at 0x7fbcefd009b0>,54,12,[ 3 11],55,171,183,116,154
1,<environment.Job instance at 0x7fbcefd00500>,55,20,[ 2 12],56,183,203,127,174
1,<environment.Job instance at 0x7fbcefd00be0>,56,24,[1 8],57,203,227,146,198
1,<environment.Job instance at 0x7fbcefd00d20>,57,19,[10  2],58,199,218,141,199
1,<environment.Job instance at 0x7fbcefd00640>,58,17,[6 4],59,218,235,159,206
1,<environment.Job instance at 0x7fbcf04a6e60>,50,21,[6 5],51,227,248,176,220
1,<environment.Job instance at 0x7fbcef99dc80>,2,12,[11  5],3,248,260,245,234
1,<environment.Job instance at 0x7fbcf0465230>,66,13,[ 5 12],67,260,273,193,244
1,<environment.Job instance at 0x7fbcefa40af0>,79,18,[10  5],80,273,291,193,262
1,<environment.Job instance at 0x7fbcefa409b0>,80,18,[6 3],81,291,309,210,283
1,<environment.Job instance at 0x7fbcefa400f0>,82,20,[9 2],83,291,311,208,283
1,<environment.Job instance at 0x7fbcefa40f50>,86,18,[10  3],87,311,329,224,300
1,<environment.Job instance at 0x7fbcf086bd70>,87,20,[2 8],88,309,329,221,301
1,<environment.Job instance at 0x7fbceffca960>,93,15,[4 6],94,329,344,235,315
1,<environment.Job instance at 0x7fbcefdd5c80>,98,21,[5 5],99,329,350,230,321
1,<environment.Job instance at 0x7fbcf06f0a50>,104,17,[9 3],105,344,361,239,333
1,<environment.Job instance at 0x7fbcef44a320>,114,13,[5 7],115,350,363,235,334
1,<environment.Job instance at 0x7fbcf07b9820>,115,15,[10  1],116,361,376,245,349
1,<environment.Job instance at 0x7fbcf0645b40>,5,18,[ 3 14],6,363,381,357,354
1,<environment.Job instance at 0x7fbcf06f0280>,105,18,[2 5],106,381,399,275,374
1,<environment.Job instance at 0x7fbcefd007d0>,59,26,[8 5],60,381,407,321,378
1,<environment.Job instance at 0x7fbcef3f78c0>,121,14,[2 7],122,399,413,277,384
1,<environment.Job instance at 0x7fbcefdd20a0>,119,20,[10  3],120,407,427,287,398
1,<environment.Job instance at 0x7fbcef3f7320>,122,15,[ 5 10],123,413,428,290,401
1,<environment.Job instance at 0x7fbcf0522280>,126,17,[7 2],127,427,444,300,415
1,<environment.Job instance at 0x7fbcef96d690>,131,16,[10  4],132,444,460,312,431
1,<environment.Job instance at 0x7fbcef94a5f0>,127,15,[12  2],128,460,475,332,446
1,<environment.Job instance at 0x7fbcefdd2aa0>,118,26,[ 2 12],119,464,490,345,464
1,<environment.Job instance at 0x7fbcf0be2780>,135,14,[5 5],136,490,504,354,475
1,<environment.Job instance at 0x7fbcefb22e10>,143,12,[2 7],144,490,502,346,475
1,<environment.Job instance at 0x7fbcf03a2780>,144,13,[2 7],145,502,515,357,486
1,<environment.Job instance at 0x7fbcf03a2640>,146,16,[5 2],147,486,502,339,486
1,<environment.Job instance at 0x7fbcf03a2e10>,148,21,[9 1],149,504,525,355,496
1,<environment.Job instance at 0x7fbcf03a27d0>,145,16,[ 3 11],146,515,531,369,505
1,<environment.Job instance at 0x7fbcef99d550>,1,22,[12  5],2,544,566,542,544
1,<environment.Job instance at 0x7fbcef3f7b40>,120,21,[7 1],121,1935,1956,1814,1935
1,<environment.Job instance at 0x7fbcf0099eb0>,0,23,[4 8],1,5,28,4,5
1,<environment.Job instance at 0x7fbcefe8c640>,4,19,[2 5],5,5,24,0,5
1,<environment.Job instance at 0x7fbcef3f7b40>,5,12,[5 4],6,24,36,18,11
1,<environment.Job instance at 0x7fbcefe8c6e0>,6,14,[ 1 11],7,28,42,21,15
1,<environment.Job instance at 0x7fbcefe8c7d0>,10,12,[14  4],11,36,48,25,20
1,<environment.Job instance at 0x7fbcefe8ca00>,8,14,[7 2],9,48,62,39,33
1,<environment.Job instance at 0x7fbcefe8ce60>,16,19,[3 9],17,48,67,31,41
1,<environment.Job instance at 0x7fbcefe8cf50>,17,14,[2 7],18,67,81,49,52
1,<environment.Job instance at 0x7fbcefe981e0>,19,13,[1 5],20,62,75,42,52
1,<environment.Job instance at 0x7fbcefe98320>,20,18,[8 1],21,62,80,41,54
1,<environment.Job instance at 0x7fbcefe98410>,22,17,[2 9],23,81,98,58,69
1,<environment.Job instance at 0x7fbcefe98550>,24,12,[9 3],25,80,92,55,69
1,<environment.Job instance at 0x7fbcefe98690>,26,16,[8 3],27,92,108,65,79
1,<environment.Job instance at 0x7fbcefe8cb40>,11,23,[ 3 11],12,98,121,86,92
1,<environment.Job instance at 0x7fbcefe989b0>,31,20,[5 5],32,121,141,89,113
1,<environment.Job instance at 0x7fbcefe98c30>,33,14,[8 4],34,113,127,79,113
1,<environment.Job instance at 0x7fbcefe8cc80>,13,24,[4 8],14,127,151,113,122
1,<environment.Job instance at 0x7fbcefe98eb0>,38,18,[10  5],39,141,159,102,134
1,<environment.Job instance at 0x7fbcefe98190>,41,15,[2 5],42,151,166,109,137
1,<environment.Job instance at 0x7fbcefe84550>,48,12,[6 5],49,159,171,110,142
1,<environment.Job instance at 0x7fbcefe845f0>,49,19,[ 2 10],50,166,185,116,163
1,<environment.Job instance at 0x7fbcefe84730>,51,19,[7 4],52,171,190,119,165
1,<environment.Job instance at 0x7fbcefe848c0>,55,20,[7 4],56,185,205,129,176
1,<environment.Job instance at 0x7fbcefe84be0>,57,16,[2 9],58,190,206,132,177
1,<environment.Job instance at 0x7fbcefe84c80>,58,16,[1 8],59,206,222,147,193
1,<environment.Job instance at 0x7fbcefe84d20>,59,15,[9 3],60,205,220,145,193
1,<environment.Job instance at 0x7fbcefe84dc0>,60,15,[4 8],61,222,237,161,209
1,<environment.Job instance at 0x7fbcefe9c140>,65,15,[2 9],66,237,252,171,223
1,<environment.Job instance at 0x7fbcefe9c1e0>,66,19,[2 5],67,223,242,156,223
1,<environment.Job instance at 0x7fbcefe9c050>,69,13,[5 6],70,242,255,172,226
1,<environment.Job instance at 0x7fbcefe9c5a0>,71,20,[6 3],72,252,272,180,243
1,<environment.Job instance at 0x7fbcefe9c640>,72,12,[5 6],73,255,267,182,243
1,<environment.Job instance at 0x7fbcefe9c7d0>,75,14,[1 8],76,267,281,191,252
1,<environment.Job instance at 0x7fbcefe9c870>,76,14,[9 1],77,272,286,195,257
1,<environment.Job instance at 0x7fbcefe9ccd0>,79,20,[6 5],80,281,301,201,272
1,<environment.Job instance at 0x7fbcefe9cd20>,80,14,[6 2],81,286,300,205,272
1,<environment.Job instance at 0x7fbcefe9ce60>,82,15,[1 9],83,300,315,217,286
1,<environment.Job instance at 0x7fbcefe9ceb0>,85,20,[5 1],86,300,320,214,293
1,<environment.Job instance at 0x7fbcefe621e0>,87,12,[2 5],88,301,313,213,293
1,<environment.Job instance at 0x7fbcefe62280>,88,14,[10  3],89,315,329,226,300
1,<environment.Job instance at 0x7fbcefe62320>,89,14,[10  2],90,329,343,239,314
1,<environment.Job instance at 0x7fbcefe62460>,91,19,[1 8],92,325,344,233,325
1,<environment.Job instance at 0x7fbcefe8cbe0>,12,25,[10  3],13,343,368,330,339
1,<environment.Job instance at 0x7fbcefe625a0>,94,21,[9 4],95,368,389,273,360
1,<environment.Job instance at 0x7fbcefe69780>,120,18,[4 6],121,368,386,247,368
1,<environment.Job instance at 0x7fbcefe69f50>,130,17,[5 8],131,386,403,255,374
1,<environment.Job instance at 0x7fbcefe93320>,138,18,[7 3],139,389,407,250,378
1,<environment.Job instance at 0x7fbcefe93410>,139,16,[3 6],140,403,419,263,390
1,<environment.Job instance at 0x7fbcf0666b40>,148,13,[6 3],149,407,420,258,391
1,<environment.Job instance at 0x7fbcefe987d0>,28,27,[12  5],29,1044,1071,1015,1044
1,<environment.Job instance at 0x7efe2e1ef320>,1,15,[5 2],2,2,17,0,2
1,<environment.Job instance at 0x7efe24c03be0>,5,18,[7 5],6,6,24,0,6
1,<environment.Job instance at 0x7efe24c03dc0>,7,12,[7 2],8,17,29,9,8
1,<environment.Job instance at 0x7efe24c060f0>,11,14,[10  4],12,29,43,17,14
1,<environment.Job instance at 0x7efe24c06550>,18,18,[3 6],19,24,42,5,19
1,<environment.Job instance at 0x7efe24c06730>,20,18,[7 5],21,43,61,22,32
1,<environment.Job instance at 0x7efe24c06960>,23,18,[7 4],24,43,61,19,32
1,<environment.Job instance at 0x7efe24c03d20>,12,22,[4 6],13,61,83,48,54
1,<environment.Job instance at 0x7efe24c06be0>,27,25,[14  4],28,83,108,55,79
1,<environment.Job instance at 0x7efe24c06b40>,26,20,[4 8],27,108,128,81,99
1,<environment.Job instance at 0x7efe24c06dc0>,30,15,[8 2],31,108,123,77,99
1,<environment.Job instance at 0x7efe24c06e60>,31,13,[4 5],32,123,136,91,107
1,<environment.Job instance at 0x7efe24c06640>,33,16,[9 3],34,128,144,94,115
1,<environment.Job instance at 0x7efe24c066e0>,34,20,[5 3],35,136,156,101,127
1,<environment.Job instance at 0x7efe24c09370>,37,22,[2 5],38,144,166,106,137
1,<environment.Job instance at 0x7efe24c09320>,39,13,[5 4],40,144,157,104,137
1,<environment.Job instance at 0x7efe24c09640>,44,14,[8 4],45,156,170,111,141
1,<environment.Job instance at 0x7efe24c09960>,47,16,[6 2],48,166,182,118,153
1,<environment.Job instance at 0x7efe24c03eb0>,9,17,[8 1],10,170,187,160,158
1,<environment.Job instance at 0x7efe24c0f280>,87,17,[7 4],88,182,199,94,170
1,<environment.Job instance at 0x7efe2e1ef230>,0,24,[2 8],1,187,211,186,186
1,<environment.Job instance at 0x7efe24cab0a0>,157,16,[6 2],158,187,203,29,187
1,<environment.Job instance at 0x7efe24d10640>,143,14,[11  1],144,213,227,69,213
1,<environment.Job instance at 0x7efe24c06c80>,28,20,[5 8],29,255,275,226,255
1,<environment.Job instance at 0x7efe2434ffa0>,7,13,[4 5],8,8,21,0,8
1,<environment.Job instance at 0x7efe2434fbe0>,8,22,[ 2 10],9,9,31,0,9
1,<environment.Job instance at 0x7efe2434f320>,10,18,[11  1],11,21,39,10,11
1,<environment.Job instance at 0x7efe2434fa00>,13,16,[7 1],14,39,55,25,29
1,<environment.Job instance at 0x7efe24c06c80>,12,22,[6 4],13,39,61,26,32
1,<environment.Job instance at 0x7efe242d5910>,22,14,[4 7],23,55,69,32,46
1,<environment.Job instance at 0x7efe243545f0>,25,19,[5 1],26,55,74,29,47
1,<environment.Job instance at 0x7efe243495a0>,38,17,[10  5],39,69,86,30,57
1,<environment.Job instance at 0x7efe24221190>,48,17,[10  2],49,86,103,37,74
1,<environment.Job instance at 0x7efe2431b370>,54,17,[2 9],55,74,91,19,74
1,<environment.Job instance at 0x7efe2428d050>,56,17,[10  4],57,103,120,46,91
1,<environment.Job instance at 0x7efe242909b0>,59,17,[2 8],60,91,108,31,91
1,<environment.Job instance at 0x7efe242905f0>,60,12,[5 9],61,108,120,47,92
1,<environment.Job instance at 0x7efe24290870>,61,14,[2 9],62,120,134,58,106
1,<environment.Job instance at 0x7efe2434f140>,14,21,[9 1],15,123,144,108,123
1,<environment.Job instance at 0x7efe242f7e60>,62,20,[5 7],63,134,154,71,125
1,<environment.Job instance at 0x7efe242a6960>,67,15,[5 6],68,144,159,76,130
1,<environment.Job instance at 0x7efe2432fb90>,70,15,[ 5 10],71,159,174,88,145
1,<environment.Job instance at 0x7efe24320780>,77,20,[5 2],78,146,166,68,146
1,<environment.Job instance at 0x7efe241f5780>,78,20,[7 4],79,166,186,87,157
1,<environment.Job instance at 0x7efe242f7870>,63,15,[5 9],64,174,189,110,160
1,<environment.Job instance at 0x7efe242382d0>,79,20,[6 2],80,186,206,106,177
1,<environment.Job instance at 0x7efe24694aa0>,83,18,[8 5],84,189,207,105,178
1,<environment.Job instance at 0x7efe24354460>,89,21,[6 4],90,206,227,116,198
1,<environment.Job instance at 0x7efe2434f640>,11,18,[ 4 10],12,207,225,195,198
1,<environment.Job instance at 0x7efe24354b40>,90,17,[2 6],91,225,242,134,213
1,<environment.Job instance at 0x7efe241a3be0>,92,17,[8 5],93,227,244,134,215
1,<environment.Job instance at 0x7efe241a3730>,95,13,[11  1],96,244,257,148,231
1,<environment.Job instance at 0x7efe241a3c80>,96,12,[ 3 12],97,244,256,147,231
1,<environment.Job instance at 0x7efe241a3500>,94,19,[10  4],95,257,276,162,247
1,<environment.Job instance at 0x7efe241a3460>,98,17,[1 7],99,256,273,157,252
1,<environment.Job instance at 0x7efe24351050>,100,12,[6 2],101,276,288,175,259
1,<environment.Job instance at 0x7efe241a10a0>,104,12,[1 8],105,273,285,168,261
1,<environment.Job instance at 0x7efe241a3820>,97,25,[8 3],98,276,301,178,272
1,<environment.Job instance at 0x7efe241a1c30>,108,13,[3 5],109,288,301,179,283
1,<environment.Job instance at 0x7efe243300a0>,15,14,[11  3],16,301,315,285,286
1,<environment.Job instance at 0x7efe241a1c80>,110,27,[13  4],111,315,342,204,313
1,<environment.Job instance at 0x7efe241a1af0>,111,22,[6 1],112,342,364,230,335
1,<environment.Job instance at 0x7efe241a1870>,112,14,[3 5],113,342,356,229,335
1,<environment.Job instance at 0x7efe241a1e60>,113,21,[5 1],114,342,363,228,335
1,<environment.Job instance at 0x7efe241a1550>,105,22,[3 8],106,356,378,250,349
1,<environment.Job instance at 0x7efe2419fc30>,115,20,[5 5],116,363,383,247,355
1,<environment.Job instance at 0x7efe2419feb0>,116,18,[4 9],117,378,396,261,367
1,<environment.Job instance at 0x7efe2419fcd0>,114,23,[8 5],115,383,406,268,377
1,<environment.Job instance at 0x7efe241a1910>,109,16,[12  3],110,406,422,296,393
1,<environment.Job instance at 0x7efe2432f0f0>,0,15,[8 3],1,422,437,421,408
1,<environment.Job instance at 0x7efe2419f5f0>,117,20,[3 7],118,409,429,291,409
1,<environment.Job instance at 0x7efe241a2d20>,129,16,[7 2],130,429,445,299,416
1,<environment.Job instance at 0x7efe241a2640>,132,12,[2 7],133,437,449,304,420
1,<environment.Job instance at 0x7efe241a2410>,136,18,[7 1],137,445,463,308,435
1,<environment.Job instance at 0x7efe241a8fa0>,141,15,[4 8],142,449,464,307,437
1,<environment.Job instance at 0x7efe2419cd20>,143,22,[10  2],144,463,485,319,457
1,<environment.Job instance at 0x7efe2419c2d0>,146,14,[5 3],147,464,478,317,457
1,<environment.Job instance at 0x7efe2419cc30>,147,14,[8 5],148,485,499,337,470
1,<environment.Job instance at 0x7efe241af910>,148,22,[9 3],149,499,521,350,493
1,<environment.Job instance at 0x7efe2419f4b0>,120,22,[12  1],121,521,543,400,514
1,<environment.Job instance at 0x7efe2e3d8cd0>,0,14,[7 2],1,1,15,0,1
1,<environment.Job instance at 0x7efe2e3d8050>,4,16,[8 3],5,5,21,0,5
1,<environment.Job instance at 0x7efe242066e0>,12,13,[ 4 10],13,15,28,2,13
1,<environment.Job instance at 0x7efe24206b40>,13,16,[2 8],14,28,44,14,15
1,<environment.Job instance at 0x7efe24206e10>,15,13,[2 5],16,21,34,5,16
1,<environment.Job instance at 0x7efe242067d0>,19,19,[1 8],20,44,63,24,34
1,<environment.Job instance at 0x7efe24206cd0>,20,12,[4 7],21,34,46,13,34
1,<environment.Job instance at 0x7efe24206730>,22,18,[11  4],23,46,64,23,39
1,<environment.Job instance at 0x7efe2420abe0>,24,20,[7 3],25,64,84,39,55
1,<environment.Job instance at 0x7efe2420ae60>,27,17,[6 3],28,64,81,36,55
1,<environment.Job instance at 0x7efe2420ab90>,30,17,[2 8],31,63,80,32,55
1,<environment.Job instance at 0x7efe2420a500>,36,15,[5 7],37,81,96,44,67
1,<environment.Job instance at 0x7efe24c48e10>,40,17,[5 4],41,84,101,43,72
1,<environment.Job instance at 0x7efe2423ce10>,43,14,[4 9],44,96,110,52,81
1,<environment.Job instance at 0x7efe2423cfa0>,44,12,[8 2],45,101,113,56,84
1,<environment.Job instance at 0x7efe2423c6e0>,46,18,[8 1],47,113,131,66,102
1,<environment.Job instance at 0x7efe2423caa0>,47,13,[7 5],48,110,123,62,102
1,<environment.Job instance at 0x7efe2423c2d0>,48,13,[1 7],49,123,136,74,107
1,<environment.Job instance at 0x7efe2423cc80>,52,15,[10  5],53,131,146,78,117
1,<environment.Job instance at 0x7efe2423cd20>,54,19,[3 9],55,136,155,81,126
1,<environment.Job instance at 0x7efe242001e0>,58,15,[4 9],59,155,170,96,141
1,<environment.Job instance at 0x7efe24200190>,60,14,[3 6],61,146,160,85,141
1,<environment.Job instance at 0x7efe242000f0>,63,21,[8 2],64,160,181,96,152
1,<environment.Job instance at 0x7efe24200b90>,65,12,[9 3],66,181,193,115,164
1,<environment.Job instance at 0x7efe2e3699b0>,11,22,[4 8],12,170,192,158,164
1,<environment.Job instance at 0x7efe2428df00>,72,12,[9 1],73,193,205,120,176
1,<environment.Job instance at 0x7efe2428d730>,71,16,[4 8],72,192,208,120,179
1,<environment.Job instance at 0x7efe2428d190>,74,22,[7 4],75,205,227,130,198
1,<environment.Job instance at 0x7efe2428d9b0>,76,12,[5 4],77,208,220,131,198
1,<environment.Job instance at 0x7efe2428d140>,80,17,[2 6],81,208,225,127,198
1,<environment.Job instance at 0x7efe2428dbe0>,83,12,[ 1 10],84,225,237,141,208
1,<environment.Job instance at 0x7efe24290780>,85,14,[9 5],86,227,241,141,212
1,<environment.Job instance at 0x7efe24290460>,88,17,[2 8],89,237,254,148,225
1,<environment.Job instance at 0x7efe24290820>,90,16,[ 1 10],91,254,270,163,241
1,<environment.Job instance at 0x7efe24290b40>,99,28,[6 2],100,241,269,141,241
1,<environment.Job instance at 0x7efe2428d910>,73,21,[3 9],74,270,291,196,263
1,<environment.Job instance at 0x7efe24219230>,103,16,[11  1],104,269,285,165,263
1,<environment.Job instance at 0x7efe24219050>,102,23,[2 8],103,291,314,188,285
1,<environment.Job instance at 0x7efe242190f0>,105,14,[11  5],106,285,299,179,285
1,<environment.Job instance at 0x7efe24219960>,107,21,[5 9],108,314,335,206,306
1,<environment.Job instance at 0x7efe24219410>,108,25,[6 1],109,306,331,197,306
1,<environment.Job instance at 0x7efe24219730>,114,15,[6 4],115,331,346,216,317
1,<environment.Job instance at 0x7efe24219af0>,118,13,[7 1],119,335,348,216,319
1,<environment.Job instance at 0x7efe241d91e0>,119,16,[2 6],120,335,351,215,322
1,<environment.Job instance at 0x7efe241d9230>,124,22,[5 3],125,346,368,221,339
1,<environment.Job instance at 0x7efe241d95a0>,128,17,[9 1],129,351,368,222,339
1,<environment.Job instance at 0x7efe241d9f50>,131,16,[1 8],132,351,367,219,339
1,<environment.Job instance at 0x7efe241d94b0>,134,12,[3 5],135,368,380,233,351
1,<environment.Job instance at 0x7efe2432dc80>,135,14,[5 8],136,368,382,232,353
1,<environment.Job instance at 0x7efe2e36a640>,139,19,[6 4],140,380,399,240,370
1,<environment.Job instance at 0x7efe2e36a9b0>,140,22,[5 6],141,382,404,241,375
1,<environment.Job instance at 0x7efe2e36a320>,145,14,[3 6],146,399,413,253,384
1,<environment.Job instance at 0x7efe24e18190>,148,13,[1 9],149,404,417,255,388
1,<environment.Job instance at 0x7efe249736e0>,149,16,[2 5],150,413,429,263,400
1,<environment.Job instance at 0x7efe2495f140>,153,14,[1 9],154,417,431,263,402
1,<environment.Job instance at 0x7efe249e5a00>,155,21,[5 4],156,429,450,273,421
1,<environment.Job instance at 0x7efe242190a0>,104,20,[2 8],105,431,451,326,426
1,<environment.Job instance at 0x7efe2e3697d0>,6,22,[9 4],7,450,472,443,443
1,<environment.Job instance at 0x7efe2419f690>,1,19,[8 2],2,472,491,470,463
1,<environment.Job instance at 0x7efe24697be0>,0,14,[8 1],1,1,15,0,1
1,<environment.Job instance at 0x7efe3e7b0eb0>,2,23,[9 3],3,15,38,12,9
1,<environment.Job instance at 0x7efe24697550>,7,12,[1 6],8,22,34,14,22
1,<environment.Job instance at 0x7efe24697820>,8,14,[ 1 13],9,38,52,29,23
1,<environment.Job instance at 0x7efe24bb09b0>,13,27,[11  1],14,38,65,24,36
1,<environment.Job instance at 0x7efe24bb0320>,12,14,[ 4 10],13,52,66,39,37
1,<environment.Job instance at 0x7efe24878b40>,15,14,[8 2],16,65,79,49,50
1,<environment.Job instance at 0x7efe248788c0>,14,17,[2 5],15,66,83,51,54
1,<environment.Job instance at 0x7efe24878dc0>,21,18,[5 8],22,66,84,44,66
1,<environment.Job instance at 0x7efe24697190>,10,27,[ 4 10],11,84,111,73,82
1,<environment.Job instance at 0x7efe24697af0>,9,16,[7 3],10,83,99,73,82
1,<environment.Job instance at 0x7efe24878a00>,25,12,[ 2 10],26,111,123,85,94
1,<environment.Job instance at 0x7efe248782d0>,26,15,[9 2],27,99,114,72,94
1,<environment.Job instance at 0x7efe24878190>,23,17,[6 1],24,114,131,90,103
1,<environment.Job instance at 0x7efe248787d0>,27,21,[3 9],28,123,144,95,115
1,<environment.Job instance at 0x7efe24878870>,28,17,[7 3],29,131,148,102,119
1,<environment.Job instance at 0x7efe24878690>,30,28,[7 2],31,144,172,113,143
1,<environment.Job instance at 0x7efe24878aa0>,20,21,[9 1],21,172,193,151,164
1,<environment.Job instance at 0x7efe24878780>,33,18,[4 7],34,164,182,130,164
1,<environment.Job instance at 0x7efe24bb1b40>,36,20,[2 6],37,164,184,127,164
1,<environment.Job instance at 0x7efe24878e60>,22,19,[ 2 14],23,184,203,161,174
1,<environment.Job instance at 0x7efe24bb2a50>,41,17,[10  4],42,203,220,161,191
1,<environment.Job instance at 0x7efe24bb2aa0>,43,16,[8 4],44,220,236,176,207
1,<environment.Job instance at 0x7efe248810f0>,46,15,[5 7],47,207,222,160,207
1,<environment.Job instance at 0x7efe24881d20>,49,19,[10  1],50,236,255,186,226
1,<environment.Job instance at 0x7efe24881690>,50,12,[8 1],51,255,267,204,238
1,<environment.Job instance at 0x7efe248813c0>,51,18,[9 4],52,267,285,215,256
1,<environment.Job instance at 0x7efe24881050>,56,13,[10  5],57,285,298,228,269
1,<environment.Job instance at 0x7efe24881140>,59,12,[5 5],60,269,281,209,269
1,<environment.Job instance at 0x7efe24bb15a0>,39,22,[12  5],40,298,320,258,291
1,<environment.Job instance at 0x7efe248815f0>,62,19,[ 5 13],63,320,339,257,310
1,<environment.Job instance at 0x7efe248815a0>,63,21,[4 9],64,339,360,275,331
1,<environment.Job instance at 0x7efe24881640>,64,13,[ 5 10],65,360,373,295,344
1,<environment.Job instance at 0x7efe24881eb0>,65,15,[7 2],66,344,359,278,344
1,<environment.Job instance at 0x7efe2487ef50>,66,12,[13  4],67,373,385,306,356
1,<environment.Job instance at 0x7efe24881be0>,67,12,[14  4],68,385,397,317,368
1,<environment.Job instance at 0x7efe2487ec80>,68,12,[ 1 13],69,397,409,328,380
1,<environment.Job instance at 0x7efe2487ebe0>,69,15,[2 6],70,409,424,339,395
1,<environment.Job instance at 0x7efe2487e960>,70,28,[9 5],71,409,437,338,408
1,<environment.Job instance at 0x7efe2487ee10>,71,12,[ 5 12],72,437,449,365,420
1,<environment.Job instance at 0x7efe2487e820>,72,26,[9 3],73,437,463,364,434
1,<environment.Job instance at 0x7efe24881370>,61,22,[4 9],62,449,471,387,449
1,<environment.Job instance at 0x7efe2487e550>,73,27,[ 5 13],74,471,498,397,469
1,<environment.Job instance at 0x7efe2487e640>,76,13,[12  1],77,498,511,421,483
1,<environment.Job instance at 0x7efe2487e4b0>,77,14,[ 3 10],78,498,512,420,483
1,<environment.Job instance at 0x7efe2487e050>,75,17,[ 5 10],76,512,529,436,500
1,<environment.Job instance at 0x7efe2487e910>,79,13,[6 2],80,511,524,431,500
1,<environment.Job instance at 0x7efe2487e3c0>,80,20,[6 5],81,524,544,443,515
1,<environment.Job instance at 0x7efe2487e690>,78,24,[3 9],79,529,553,450,524
1,<environment.Job instance at 0x7efe2431bb40>,86,18,[ 1 12],87,553,571,466,542
1,<environment.Job instance at 0x7efe2431b6e0>,88,12,[6 1],89,542,554,453,542
1,<environment.Job instance at 0x7efe2431b370>,90,21,[5 1],91,555,576,464,555
1,<environment.Job instance at 0x7efe24208500>,92,14,[9 5],93,571,585,478,556
1,<environment.Job instance at 0x7efe24208190>,100,12,[8 2],101,585,597,484,569
1,<environment.Job instance at 0x7efe24330f50>,104,16,[5 5],105,576,592,471,569
1,<environment.Job instance at 0x7efe2431baf0>,87,14,[7 5],88,592,606,504,577
1,<environment.Job instance at 0x7efe24330c30>,106,24,[5 3],107,597,621,490,592
1,<environment.Job instance at 0x7efe243302d0>,108,18,[1 5],109,597,615,488,592
1,<environment.Job instance at 0x7efe24330640>,107,19,[5 7],108,606,625,498,596
1,<environment.Job instance at 0x7efe24330b40>,111,17,[7 4],112,621,638,509,614
1,<environment.Job instance at 0x7efe243303c0>,110,22,[7 1],111,625,647,514,621
1,<environment.Job instance at 0x7efe24330af0>,113,12,[4 8],114,638,650,524,622
1,<environment.Job instance at 0x7efe24330b90>,114,12,[8 2],115,647,659,532,630
1,<environment.Job instance at 0x7efe24330050>,112,20,[11  3],113,659,679,546,650
1,<environment.Job instance at 0x7efe2419fc80>,119,12,[5 5],120,679,691,559,662
1,<environment.Job instance at 0x7efe2419f280>,120,26,[14  4],121,691,717,570,688
1,<environment.Job instance at 0x7efe2419fe10>,121,17,[2 7],122,717,734,595,706
1,<environment.Job instance at 0x7efe2419fe60>,122,14,[4 9],123,734,748,611,719
1,<environment.Job instance at 0x7efe2419faf0>,123,18,[14  1],124,748,766,624,737
1,<environment.Job instance at 0x7efe2419fa00>,124,24,[9 2],125,766,790,641,761
1,<environment.Job instance at 0x7efe2419fd70>,125,12,[4 8],126,766,778,640,761
1,<environment.Job instance at 0x7efe2419fdc0>,126,15,[ 5 11],127,778,793,651,764
1,<environment.Job instance at 0x7efe2419f230>,127,27,[ 2 13],128,793,820,665,791
1,<environment.Job instance at 0x7efe2419f730>,128,27,[5 1],129,791,818,662,791
1,<environment.Job instance at 0x7efe246e7f50>,129,16,[ 3 12],130,820,836,690,807
1,<environment.Job instance at 0x7efe24818370>,130,12,[ 3 12],131,836,848,705,819
1,<environment.Job instance at 0x7efe246e77d0>,131,13,[ 3 12],132,848,861,716,832
1,<environment.Job instance at 0x7efe249da910>,132,24,[ 4 10],133,861,885,728,856
1,<environment.Job instance at 0x7efe246e7be0>,133,25,[11  2],134,856,881,722,856
1,<environment.Job instance at 0x7efe249da0f0>,134,23,[ 1 14],135,885,908,750,879
1,<environment.Job instance at 0x7efe24f57a50>,135,16,[5 5],136,908,924,772,895
1,<environment.Job instance at 0x7efe24f57c30>,136,12,[ 3 12],137,924,936,787,907
1,<environment.Job instance at 0x7efe24f57370>,137,17,[4 5],138,936,953,798,924
1,<environment.Job instance at 0x7efe24f571e0>,138,13,[8 5],139,936,949,797,924
1,<environment.Job instance at 0x7efe24f57b40>,139,13,[3 9],140,949,962,809,933
1,<environment.Job instance at 0x7efe24f575f0>,140,14,[ 2 11],141,962,976,821,947
1,<environment.Job instance at 0x7efe24f57eb0>,141,16,[6 5],142,976,992,834,963
1,<environment.Job instance at 0x7efe24f578c0>,142,22,[ 5 14],143,992,1014,849,985
1,<environment.Job instance at 0x7efe2e363a50>,146,15,[8 2],147,1014,1029,867,1000
1,<environment.Job instance at 0x7efe2e362410>,147,21,[7 2],148,1014,1035,866,1006
1,<environment.Job instance at 0x7efe2463de10>,148,15,[ 5 10],149,1029,1044,880,1015
1,<environment.Job instance at 0x7efe24c5ac80>,151,13,[6 1],152,1035,1048,883,1020
1,<environment.Job instance at 0x7efe2518e1e0>,143,17,[12  4],144,1048,1065,904,1036
1,<environment.Job instance at 0x7efe2487d640>,1,23,[8 4],2,1065,1088,1063,1059
1,<environment.Job instance at 0x7efe248179b0>,0,12,[1 5],1,1,13,0,1
1,<environment.Job instance at 0x7efe24817a50>,1,24,[ 4 10],2,2,26,0,2
1,<environment.Job instance at 0x7efe24908870>,10,21,[5 4],11,17,38,6,17
1,<environment.Job instance at 0x7efe257420a0>,11,15,[10  1],12,26,41,14,17
1,<environment.Job instance at 0x7efe25742460>,12,20,[4 5],13,38,58,25,29
1,<environment.Job instance at 0x7efe248e2960>,19,14,[6 5],20,41,55,21,29
1,<environment.Job instance at 0x7efe248e2780>,20,13,[5 8],21,55,68,34,39
1,<environment.Job instance at 0x7efe248f0a00>,27,13,[7 5],28,58,71,30,42
1,<environment.Job instance at 0x7efe249bc820>,40,15,[10  4],41,71,86,30,57
1,<environment.Job instance at 0x7efe24633af0>,63,18,[6 5],64,86,104,22,75
1,<environment.Job instance at 0x7efe24633d70>,72,18,[5 8],73,75,93,2,75
1,<environment.Job instance at 0x7efe24906cd0>,77,18,[6 5],78,93,111,15,82
1,<environment.Job instance at 0x7efe24906e60>,78,17,[9 4],79,104,121,25,92
1,<environment.Job instance at 0x7efe24906690>,81,18,[5 7],82,111,129,29,100
1,<environment.Job instance at 0x7efe25724280>,82,15,[6 2],83,121,136,38,107
1,<environment.Job instance at 0x7efe25724640>,90,19,[5 6],91,129,148,38,119
1,<environment.Job instance at 0x7efe248fb1e0>,106,15,[5 7],107,136,151,29,122
1,<environment.Job instance at 0x7efe248fbaf0>,124,15,[5 8],125,148,163,23,134
1,<environment.Job instance at 0x7efe248fbeb0>,125,15,[4 9],126,163,178,37,149
1,<environment.Job instance at 0x7efe248fd230>,130,13,[3 5],131,151,164,20,149
1,<environment.Job instance at 0x7efe248fdd20>,147,18,[9 1],148,164,182,16,153
1,<environment.Job instance at 0x7efe248e53c0>,154,21,[6 4],155,178,199,23,170
1,<environment.Job instance at 0x7efe248e55a0>,157,14,[8 2],158,182,196,24,170
1,<environment.Job instance at 0x7efe248e5640>,158,13,[5 3],159,196,209,37,180
1,<environment.Job instance at 0x7efe24ff2b40>,5,14,[4 7],6,6,20,0,6
1,<environment.Job instance at 0x7efe24ff25a0>,6,16,[9 4],7,7,23,0,7
1,<environment.Job instance at 0x7efe24ff2b90>,8,14,[ 2 10],9,20,34,11,9
1,<environment.Job instance at 0x7efe248e5640>,11,18,[5 5],12,23,41,11,14
1,<environment.Job instance at 0x7efe24ff2190>,16,18,[1 5],17,34,52,17,23
1,<environment.Job instance at 0x7efe24ff2f50>,17,18,[9 5],18,34,52,16,30
1,<environment.Job instance at 0x7efe24ff2820>,18,19,[4 5],19,41,60,22,31
1,<environment.Job instance at 0x7efe24581fa0>,24,13,[5 5],25,52,65,27,36
1,<environment.Job instance at 0x7efe24ff0960>,26,16,[8 3],27,60,76,33,47
1,<environment.Job instance at 0x7efe24ff2230>,13,17,[ 3 13],14,76,93,62,64
1,<environment.Job instance at 0x7efe24ff02d0>,30,21,[ 5 13],31,93,114,62,85
1,<environment.Job instance at 0x7efe24ff07d0>,31,22,[11  1],32,114,136,82,107
1,<environment.Job instance at 0x7efe24ff0280>,32,17,[11  2],33,136,153,103,124
1,<environment.Job instance at 0x7efe24ff0230>,33,18,[5 5],34,153,171,119,142
1,<environment.Job instance at 0x7efe24ff0f00>,34,20,[5 9],35,153,173,118,144
1,<environment.Job instance at 0x7efe25007d20>,44,18,[8 3],45,171,189,126,165
1,<environment.Job instance at 0x7efe24ff2280>,12,16,[5 5],13,173,189,160,165
1,<environment.Job instance at 0x7efe250078c0>,47,15,[6 2],48,189,204,141,175
1,<environment.Job instance at 0x7efe250075f0>,51,17,[3 5],52,189,206,137,177
1,<environment.Job instance at 0x7efe25007c30>,53,14,[6 1],54,189,203,135,177
1,<environment.Job instance at 0x7efe250076e0>,57,13,[9 5],58,204,217,146,188
1,<environment.Job instance at 0x7efe25007a50>,58,16,[3 6],59,206,222,147,193
1,<environment.Job instance at 0x7efe2505fdc0>,60,14,[2 5],61,217,231,156,202
1,<environment.Job instance at 0x7efe2505f410>,64,17,[10  4],65,217,234,152,206
1,<environment.Job instance at 0x7efe2505f320>,68,14,[2 7],69,231,245,162,216
1,<environment.Job instance at 0x7efe2505fb40>,70,14,[3 7],71,234,248,163,219
1,<environment.Job instance at 0x7efe2505ff00>,71,20,[9 4],72,245,265,173,238
1,<environment.Job instance at 0x7efe2505f550>,77,21,[5 9],78,248,269,170,240
1,<environment.Job instance at 0x7efe2505f4b0>,79,12,[5 7],80,269,281,189,252
1,<environment.Job instance at 0x7efe245e5190>,81,20,[7 4],82,265,285,183,260
1,<environment.Job instance at 0x7efe245e5050>,85,18,[1 6],86,281,299,195,270
1,<environment.Job instance at 0x7efe245e5870>,86,15,[6 1],87,281,296,194,270
1,<environment.Job instance at 0x7efe245e5dc0>,87,17,[5 7],88,285,302,197,273
1,<environment.Job instance at 0x7efe245e5910>,88,17,[5 5],89,299,316,210,287
1,<environment.Job instance at 0x7efe25007b40>,48,17,[7 4],49,302,319,253,290
1,<environment.Job instance at 0x7efe245e5a00>,90,13,[3 8],91,316,329,225,300
1,<environment.Job instance at 0x7efe245e59b0>,89,17,[4 6],90,319,336,229,307
1,<environment.Job instance at 0x7efe24ff2dc0>,10,16,[ 3 10],11,336,352,325,323
1,<environment.Job instance at 0x7efe245e5f00>,101,16,[6 3],102,329,345,227,325
1,<environment.Job instance at 0x7efe245ef640>,110,18,[10  5],111,345,363,234,334
1,<environment.Job instance at 0x7efe245ef690>,116,15,[9 4],117,363,378,246,349
1,<environment.Job instance at 0x7efe245ef280>,117,21,[4 6],118,357,378,239,357
1,<environment.Job instance at 0x7efe245ef5a0>,118,14,[5 7],119,378,392,259,363
1,<environment.Job instance at 0x7efe2458c730>,126,20,[5 7],127,378,398,251,373
1,<environment.Job instance at 0x7efe2458c230>,127,16,[4 8],128,392,408,264,380
1,<environment.Job instance at 0x7efe2506c0a0>,134,16,[10  5],135,398,414,263,386
1,<environment.Job instance at 0x7efe2572a370>,142,16,[9 4],143,414,430,271,401
1,<environment.Job instance at 0x7efe24d3ec80>,149,13,[1 8],150,408,421,258,405
1,<environment.Job instance at 0x7efe252bb7d0>,154,19,[2 9],155,421,440,266,412
1,<environment.Job instance at 0x7efe24fbb500>,155,19,[7 3],156,430,449,274,420
1,<environment.Job instance at 0x7efe2e363be0>,157,18,[2 7],158,440,458,282,429
1,<environment.Job instance at 0x7efe2dd1e3c0>,1,14,[ 4 10],2,2,16,0,2
1,<environment.Job instance at 0x7efe25058320>,2,15,[4 8],3,16,31,13,3
1,<environment.Job instance at 0x7efe2504df50>,0,24,[5 7],1,16,40,15,11
1,<environment.Job instance at 0x7efe2505ca50>,5,15,[13  4],6,40,55,34,27
1,<environment.Job instance at 0x7efe25054870>,12,21,[ 1 11],13,40,61,27,32
1,<environment.Job instance at 0x7efe25054af0>,9,28,[11  1],10,55,83,45,54
1,<environment.Job instance at 0x7efe25054c30>,13,21,[9 1],14,83,104,69,75
1,<environment.Job instance at 0x7efe25054a50>,15,16,[1 7],16,76,92,60,76
1,<environment.Job instance at 0x7efe25054690>,16,21,[14  4],17,104,125,87,96
1,<environment.Job instance at 0x7efe25054550>,14,21,[14  2],15,125,146,110,117
1,<environment.Job instance at 0x7efe25035fa0>,18,22,[ 5 12],19,146,168,127,139
1,<environment.Job instance at 0x7efe25054500>,19,17,[13  1],20,168,185,148,157
1,<environment.Job instance at 0x7efe250354b0>,20,27,[ 2 13],21,168,195,147,166
1,<environment.Job instance at 0x7efe250541e0>,17,20,[11  1],18,185,205,167,179
1,<environment.Job instance at 0x7efe25063a00>,23,15,[14  1],24,205,220,181,191
1,<environment.Job instance at 0x7efe2503db90>,24,15,[2 5],25,220,235,195,206
1,<environment.Job instance at 0x7efe25063960>,21,17,[11  4],22,220,237,198,208
1,<environment.Job instance at 0x7efe2503d1e0>,26,25,[7 3],27,237,262,210,233
1,<environment.Job instance at 0x7efe2503d4b0>,27,26,[ 4 10],28,235,261,207,233
1,<environment.Job instance at 0x7efe2503daf0>,28,19,[ 3 13],29,262,281,233,252
1,<environment.Job instance at 0x7efe2503d960>,29,15,[7 1],30,261,276,231,252
1,<environment.Job instance at 0x7efe244e1b40>,30,17,[2 6],31,281,298,250,269
1,<environment.Job instance at 0x7efe25037320>,31,25,[5 5],32,281,306,249,277
1,<environment.Job instance at 0x7efe2529be10>,32,26,[2 9],33,298,324,265,295
1,<environment.Job instance at 0x7efe2449dd70>,33,22,[5 3],34,306,328,272,299
1,<environment.Job instance at 0x7efe25037d70>,34,15,[12  4],35,328,343,293,314
1,<environment.Job instance at 0x7efe252820a0>,35,27,[10  3],36,343,370,307,341
1,<environment.Job instance at 0x7efe257b85a0>,36,27,[ 1 11],37,341,368,304,341
1,<environment.Job instance at 0x7efe25282410>,37,18,[ 2 12],38,368,386,330,357
1,<environment.Job instance at 0x7efe25282e60>,38,22,[ 2 11],39,386,408,347,379
1,<environment.Job instance at 0x7efe2503dd70>,25,18,[9 5],26,408,426,382,402
1,<environment.Job instance at 0x7efe25054e10>,11,28,[8 2],12,426,454,414,425
1,<environment.Job instance at 0x7efe24501f50>,41,12,[ 1 12],42,426,438,384,425
1,<environment.Job instance at 0x7efe244b3640>,42,18,[10  2],43,454,472,411,443
1,<environment.Job instance at 0x7efe24501050>,43,26,[5 5],44,443,469,399,443
1,<environment.Job instance at 0x7efe244b3c30>,44,16,[11  2],45,472,488,427,459
1,<environment.Job instance at 0x7efe257a23c0>,45,26,[5 8],46,488,514,442,485
1,<environment.Job instance at 0x7efe257b7280>,46,18,[ 5 14],47,514,532,467,503
1,<environment.Job instance at 0x7efe257b73c0>,47,17,[2 6],48,532,549,484,520
1,<environment.Job instance at 0x7efe24bff0a0>,48,27,[ 2 10],49,549,576,500,547
1,<environment.Job instance at 0x7efe24bffc80>,49,20,[ 1 11],50,576,596,526,567
1,<environment.Job instance at 0x7efe24bffdc0>,50,27,[11  5],51,596,623,545,594
1,<environment.Job instance at 0x7efe244cdc30>,51,14,[ 5 14],52,623,637,571,608
1,<environment.Job instance at 0x7efe244cd460>,52,15,[4 5],53,608,623,555,608
1,<environment.Job instance at 0x7efe244cd4b0>,53,25,[9 2],54,637,662,583,633
1,<environment.Job instance at 0x7efe24bf28c0>,54,17,[3 5],55,637,654,582,633
1,<environment.Job instance at 0x7efe24bf24b0>,55,24,[ 5 13],56,654,678,598,649
1,<environment.Job instance at 0x7efe244b1410>,56,15,[ 5 14],57,678,693,621,664
1,<environment.Job instance at 0x7efe244b1f50>,57,22,[ 4 11],58,693,715,635,686
1,<environment.Job instance at 0x7efe244b1b90>,58,13,[ 5 13],59,715,728,656,699
1,<environment.Job instance at 0x7efe244b1f00>,59,19,[ 3 10],60,728,747,668,718
1,<environment.Job instance at 0x7efe244b1e10>,60,15,[7 4],61,728,743,667,718
1,<environment.Job instance at 0x7efe244b1e60>,61,24,[5 1],62,718,742,656,718
1,<environment.Job instance at 0x7efe244b1c80>,62,13,[ 5 12],63,747,760,684,731
1,<environment.Job instance at 0x7efe244b4550>,63,15,[14  1],64,760,775,696,746
1,<environment.Job instance at 0x7efe244b42d0>,64,23,[1 8],65,760,783,695,754
1,<environment.Job instance at 0x7efe244b4320>,65,28,[ 2 10],66,783,811,717,782
1,<environment.Job instance at 0x7efe244b4a00>,66,15,[5 5],67,782,797,715,782
1,<environment.Job instance at 0x7efe244b48c0>,67,16,[ 2 10],68,811,827,743,798
1,<environment.Job instance at 0x7efe244b4820>,68,21,[ 3 14],69,827,848,758,819
1,<environment.Job instance at 0x7efe244b45f0>,69,21,[ 2 12],70,848,869,778,840
1,<environment.Job instance at 0x7efe244b4280>,70,18,[5 9],71,869,887,798,858
1,<environment.Job instance at 0x7efe244b47d0>,71,17,[2 5],72,869,886,797,858
1,<environment.Job instance at 0x7efe244b4640>,72,21,[13  5],73,887,908,814,879
1,<environment.Job instance at 0x7efe244b4be0>,73,19,[1 9],74,887,906,813,879
1,<environment.Job instance at 0x7efe244b4b90>,74,25,[9 4],75,908,933,833,904
1,<environment.Job instance at 0x7efe244b4af0>,75,20,[7 5],76,933,953,857,924
1,<environment.Job instance at 0x7efe24bf4870>,76,14,[11  4],77,953,967,876,938
1,<environment.Job instance at 0x7efe244b4050>,77,12,[10  1],78,967,979,889,950
1,<environment.Job instance at 0x7efe24bf48c0>,78,28,[ 1 13],79,967,995,888,966
1,<environment.Job instance at 0x7efe24bf4910>,79,19,[ 5 14],80,995,1014,915,985
1,<environment.Job instance at 0x7efe24bf4a00>,80,12,[10  1],81,985,997,904,985
1,<environment.Job instance at 0x7efe24bf4aa0>,81,17,[1 9],82,1014,1031,932,1002
1,<environment.Job instance at 0x7efe24bf4b90>,82,20,[ 4 14],83,1031,1051,948,1022
1,<environment.Job instance at 0x7efe24bf4be0>,83,18,[14  4],84,1051,1069,967,1040
1,<environment.Job instance at 0x7efe24bf4cd0>,84,18,[ 3 11],85,1069,1087,984,1058
1,<environment.Job instance at 0x7efe24bf4dc0>,85,12,[ 1 10],86,1087,1099,1001,1070
1,<environment.Job instance at 0x7efe24bf4e60>,86,26,[ 2 11],87,1099,1125,1012,1096
1,<environment.Job instance at 0x7efe24bf4d20>,87,13,[13  4],88,1096,1109,1008,1096
1,<environment.Job instance at 0x7efe24bf4f50>,88,17,[2 5],89,1125,1142,1036,1113
1,<environment.Job instance at 0x7efe24bf4fa0>,89,17,[3 6],90,1125,1142,1035,1113
1,<environment.Job instance at 0x7efe24bd9140>,90,13,[12  4],91,1142,1155,1051,1126
1,<environment.Job instance at 0x7efe24bd90a0>,91,17,[ 5 13],92,1155,1172,1063,1143
1,<environment.Job instance at 0x7efe24bd9050>,92,16,[ 5 14],93,1172,1188,1079,1159
1,<environment.Job instance at 0x7efe24bd9280>,93,25,[5 8],94,1188,1213,1094,1184
1,<environment.Job instance at 0x7efe24bd9320>,94,12,[6 3],95,1188,1200,1093,1184
1,<environment.Job instance at 0x7efe24bd93c0>,95,17,[ 2 14],96,1213,1230,1117,1201
1,<environment.Job instance at 0x7efe24bd9690>,96,18,[11  3],97,1230,1248,1133,1219
1,<environment.Job instance at 0x7efe24bd9640>,97,12,[4 6],98,1230,1242,1132,1219
1,<environment.Job instance at 0x7efe24bd9550>,98,13,[2 6],99,1242,1255,1143,1226
1,<environment.Job instance at 0x7efe24bd9730>,99,13,[10  4],100,1248,1261,1148,1232
1,<environment.Job instance at 0x7efe24bd97d0>,100,15,[14  4],101,1261,1276,1160,1247
1,<environment.Job instance at 0x7efe24bd9460>,101,24,[11  3],102,1276,1300,1174,1271
1,<environment.Job instance at 0x7efe24bd98c0>,102,15,[ 5 12],103,1300,1315,1197,1286
1,<environment.Job instance at 0x7efe24bd99b0>,103,26,[ 1 12],104,1315,1341,1211,1312
1,<environment.Job instance at 0x7efe24bd9500>,104,23,[ 4 10],105,1341,1364,1236,1335
1,<environment.Job instance at 0x7efe24bd9aa0>,105,25,[1 8],106,1364,1389,1258,1360
1,<environment.Job instance at 0x7efe24bd9b90>,106,27,[ 3 12],107,1389,1416,1282,1387
1,<environment.Job instance at 0x7efe24bd9c30>,107,13,[3 9],108,1416,1429,1308,1400
1,<environment.Job instance at 0x7efe24bd9cd0>,108,28,[12  4],109,1416,1444,1307,1416
1,<environment.Job instance at 0x7efe24bd9910>,109,21,[8 3],110,1444,1465,1334,1436
1,<environment.Job instance at 0x7efe24bd9af0>,110,28,[11  4],111,1465,1493,1354,1464
1,<environment.Job instance at 0x7efe24bd9e10>,111,26,[5 7],112,1493,1519,1381,1490
1,<environment.Job instance at 0x7efe24bd9fa0>,112,24,[13  1],113,1519,1543,1406,1514
1,<environment.Job instance at 0x7efe24bd9f50>,113,12,[14  5],114,1543,1555,1429,1526
1,<environment.Job instance at 0x7efe24bd9f00>,114,20,[2 7],115,1555,1575,1440,1546
1,<environment.Job instance at 0x7efe24bfb0a0>,115,26,[6 3],116,1555,1581,1439,1552
1,<environment.Job instance at 0x7efe24bfb1e0>,116,17,[ 1 14],117,1581,1598,1464,1569
1,<environment.Job instance at 0x7efe24bfb3c0>,117,18,[14  3],118,1598,1616,1480,1587
1,<environment.Job instance at 0x7efe24bfb230>,118,25,[11  3],119,1616,1641,1497,1612
1,<environment.Job instance at 0x7efe24bfb4b0>,119,17,[14  4],120,1641,1658,1521,1629
1,<environment.Job instance at 0x7efe24bfb550>,120,18,[7 5],121,1658,1676,1537,1647
1,<environment.Job instance at 0x7efe24bfb5f0>,121,15,[2 7],122,1658,1673,1536,1647
1,<environment.Job instance at 0x7efe24bfb690>,122,18,[14  4],123,1676,1694,1553,1665
1,<environment.Job instance at 0x7efe24bfb730>,123,13,[1 7],124,1673,1686,1549,1665
1,<environment.Job instance at 0x7efe24bfb7d0>,124,13,[3 5],125,1694,1707,1569,1678
1,<environment.Job instance at 0x7efe24bfb870>,125,16,[3 9],126,1694,1710,1568,1681
1,<environment.Job instance at 0x7efe24bfb910>,126,16,[13  1],127,1710,1726,1583,1697
1,<environment.Job instance at 0x7efe24bfb9b0>,127,28,[ 4 12],128,1726,1754,1598,1725
1,<environment.Job instance at 0x7efe24bfba50>,128,15,[12  2],129,1754,1769,1625,1740
1,<environment.Job instance at 0x7efe24bfbaf0>,129,12,[7 4],130,1769,1781,1639,1752
1,<environment.Job instance at 0x7efe24bfbb90>,130,26,[6 4],131,1769,1795,1638,1766
1,<environment.Job instance at 0x7efe24bfbc30>,131,14,[8 1],132,1781,1795,1649,1766
1,<environment.Job instance at 0x7efe24bfbcd0>,132,15,[ 3 13],133,1795,1810,1662,1781
1,<environment.Job instance at 0x7efe24bfbd70>,133,21,[9 1],134,1795,1816,1661,1787
1,<environment.Job instance at 0x7efe24bfbe10>,134,18,[13  3],135,1816,1834,1681,1809
1,<environment.Job instance at 0x7efe24bfbeb0>,135,28,[9 4],136,1834,1862,1698,1833
1,<environment.Job instance at 0x7efe24bfbf50>,136,13,[ 5 11],137,1834,1847,1697,1833
1,<environment.Job instance at 0x7efe24bfb460>,137,19,[14  1],138,1862,1881,1724,1852
1,<environment.Job instance at 0x7efe24bfb140>,138,17,[8 4],139,1881,1898,1742,1869
1,<environment.Job instance at 0x7efe24c04280>,139,12,[8 1],140,1898,1910,1758,1881
1,<environment.Job instance at 0x7efe244a7910>,39,23,[14  4],40,1910,1933,1870,1905
1,<environment.Job instance at 0x7efe24c06f00>,3,14,[4 5],4,4,18,0,4
1,<environment.Job instance at 0x7efe242fc7d0>,0,14,[14  4],1,18,32,17,5
1,<environment.Job instance at 0x7efe24cab9b0>,5,14,[1 7],6,6,20,0,6
1,<environment.Job instance at 0x7efe254775a0>,12,13,[11  4],13,32,45,19,16
1,<environment.Job instance at 0x7efe25244320>,6,13,[4 5],7,32,45,25,16
1,<environment.Job instance at 0x7efe2448faa0>,13,17,[ 3 12],14,45,62,31,37
1,<environment.Job instance at 0x7efe2495bfa0>,17,16,[7 4],18,62,78,44,50
1,<environment.Job instance at 0x7efe2495b3c0>,18,12,[8 4],19,62,74,43,50
1,<environment.Job instance at 0x7efe2555d2d0>,26,12,[8 4],27,74,86,47,57
1,<environment.Job instance at 0x7efe2555d7d0>,27,16,[1 8],28,78,94,50,68
1,<environment.Job instance at 0x7efe2555d410>,35,17,[5 3],36,78,95,42,68
1,<environment.Job instance at 0x7efe252babe0>,36,12,[2 7],37,94,106,57,77
1,<environment.Job instance at 0x7efe252baa50>,40,13,[4 6],41,95,108,54,79
1,<environment.Job instance at 0x7efe252bacd0>,43,15,[2 6],44,106,121,62,92
1,<environment.Job instance at 0x7efe2483b280>,46,16,[9 3],47,106,122,59,98
1,<environment.Job instance at 0x7efe2479eaf0>,53,18,[7 4],54,122,140,68,111
1,<environment.Job instance at 0x7efe25244780>,7,23,[2 6],8,113,136,105,113
1,<environment.Job instance at 0x7efe24240320>,57,20,[5 7],58,136,156,78,127
1,<environment.Job instance at 0x7efe24dab7d0>,80,14,[8 4],81,140,154,59,127
1,<environment.Job instance at 0x7efe24855fa0>,111,17,[7 3],112,154,171,42,142
1,<environment.Job instance at 0x7efe25040550>,126,16,[9 2],127,171,187,44,158
1,<environment.Job instance at 0x7efe2e1eea00>,137,18,[5 5],138,158,176,20,158
1,<environment.Job instance at 0x7efe2e1ee870>,143,18,[3 8],144,176,194,32,166
1,<environment.Job instance at 0x7efe2497b9b0>,158,17,[8 4],159,187,204,28,175
1,<environment.Job instance at 0x7efe2483b9b0>,0,12,[ 3 14],1,1,13,0,1
1,<environment.Job instance at 0x7efe2483b820>,1,15,[ 4 13],2,13,28,11,2
1,<environment.Job instance at 0x7efe24603280>,6,14,[1 8],7,28,42,21,15
1,<environment.Job instance at 0x7efe24603d20>,7,22,[7 2],8,16,38,8,16
1,<environment.Job instance at 0x7efe24603870>,4,19,[6 4],5,28,47,23,18
1,<environment.Job instance at 0x7efe24603640>,13,16,[3 7],14,42,58,28,29
1,<environment.Job instance at 0x7efe24603fa0>,18,14,[1 7],19,47,61,28,32
1,<environment.Job instance at 0x7efe24603b90>,20,13,[5 5],21,58,71,37,42
1,<environment.Job instance at 0x7efe24603190>,22,19,[2 6],23,61,80,38,51
1,<environment.Job instance at 0x7efe2569e500>,26,18,[2 5],27,71,89,44,60
1,<environment.Job instance at 0x7efe24603370>,5,16,[1 6],6,80,96,74,67
1,<environment.Job instance at 0x7efe24603af0>,8,15,[10  1],9,71,86,62,68
1,<environment.Job instance at 0x7efe2569ed20>,32,12,[13  4],33,89,101,56,72
1,<environment.Job instance at 0x7efe2569e320>,33,16,[1 7],34,96,112,62,83
1,<environment.Job instance at 0x7efe2569e230>,30,21,[13  4],31,101,122,70,93
1,<environment.Job instance at 0x7efe2569e550>,35,17,[ 5 11],36,122,139,86,111
1,<environment.Job instance at 0x7efe2483bd70>,3,13,[11  4],4,139,152,135,126
1,<environment.Job instance at 0x7efe2569ed70>,31,18,[3 9],32,139,157,107,128
1,<environment.Job instance at 0x7efe2569e370>,38,17,[6 2],39,152,169,113,140
1,<environment.Job instance at 0x7efe2569e9b0>,41,15,[8 2],42,157,172,115,143
1,<environment.Job instance at 0x7efe250a9be0>,45,16,[10  3],46,172,188,126,159
1,<environment.Job instance at 0x7efe2569ec30>,37,17,[5 7],38,169,186,131,161
1,<environment.Job instance at 0x7efe2483b5a0>,2,14,[8 5],3,188,202,185,173
1,<environment.Job instance at 0x7efe250a9960>,53,18,[ 4 11],54,202,220,148,191
1,<environment.Job instance at 0x7efe250a9a00>,54,28,[7 4],55,191,219,136,191
1,<environment.Job instance at 0x7efe24855d70>,77,16,[8 4],78,219,235,141,206
1,<environment.Job instance at 0x7efe2569e780>,36,28,[ 1 10],37,220,248,183,219
1,<environment.Job instance at 0x7efe246680a0>,85,24,[14  2],86,235,259,149,230
1,<environment.Job instance at 0x7efe24668230>,95,20,[5 1],96,259,279,163,250
1,<environment.Job instance at 0x7efe24668500>,94,14,[3 7],95,259,273,164,256
1,<environment.Job instance at 0x7efe248a0640>,102,18,[3 5],103,266,284,163,266
1,<environment.Job instance at 0x7efe248a0820>,104,18,[5 6],105,273,291,168,267
1,<environment.Job instance at 0x7efe24668550>,96,16,[14  5],97,291,307,194,278
1,<environment.Job instance at 0x7efe248a0be0>,111,18,[11  1],112,307,325,195,296
1,<environment.Job instance at 0x7efe248a0cd0>,112,13,[3 9],113,307,320,194,296
1,<environment.Job instance at 0x7efe248a0780>,113,15,[ 2 13],114,320,335,206,306
1,<environment.Job instance at 0x7efe248a0b90>,114,19,[8 2],115,325,344,210,315
1,<environment.Job instance at 0x7efe248a01e0>,115,15,[ 2 13],116,335,350,219,321
1,<environment.Job instance at 0x7efe248a0050>,116,17,[13  4],117,350,367,233,338
1,<environment.Job instance at 0x7efe248a05a0>,121,18,[1 9],122,350,368,228,348
1,<environment.Job instance at 0x7efe2513a960>,123,18,[7 1],124,367,385,243,356
1,<environment.Job instance at 0x7efe2513a230>,124,19,[7 3],125,367,386,242,357
1,<environment.Job instance at 0x7efe2513a780>,125,21,[5 5],126,385,406,259,377
1,<environment.Job instance at 0x7efe2513a050>,129,13,[5 8],130,386,399,256,379
1,<environment.Job instance at 0x7efe24226c30>,136,22,[4 5],137,399,421,262,393
1,<environment.Job instance at 0x7efe243c7280>,138,19,[2 5],139,399,418,260,393
1,<environment.Job instance at 0x7efe24bed780>,139,23,[2 5],140,406,429,266,400
1,<environment.Job instance at 0x7efe256598c0>,140,12,[7 2],141,418,430,277,401
1,<environment.Job instance at 0x7efe2459ec30>,141,20,[6 1],142,421,441,279,413
1,<environment.Job instance at 0x7efe2476e5f0>,146,19,[3 7],147,430,449,283,420
1,<environment.Job instance at 0x7efe24c3b9b0>,149,17,[5 4],150,430,447,280,420
1,<environment.Job instance at 0x7efe249ed7d0>,150,19,[5 8],151,447,466,296,438
1,<environment.Job instance at 0x7efe24a18dc0>,152,19,[8 1],153,451,470,298,451
1,<environment.Job instance at 0x7efe23f686e0>,154,13,[6 5],155,466,479,311,451
1,<environment.Job instance at 0x7efe247d4c80>,155,23,[1 6],156,463,486,307,463
1,<environment.Job instance at 0x7efe247f6500>,157,20,[1 7],158,479,499,321,470
1,<environment.Job instance at 0x7efe2513a8c0>,122,24,[ 2 12],123,499,523,376,494
1,<environment.Job instance at 0x7efe250a9c30>,55,19,[14  5],56,523,542,467,521
1,<environment.Job instance at 0x7efe24c37b90>,0,14,[14  5],1,1,15,0,1
1,<environment.Job instance at 0x7efe24c371e0>,1,14,[ 3 12],2,15,29,13,2
1,<environment.Job instance at 0x7efe24c370a0>,2,16,[8 2],3,15,31,12,3
1,<environment.Job instance at 0x7efe24c37500>,4,14,[4 7],5,29,43,24,14
1,<environment.Job instance at 0x7efe2dd9aeb0>,11,19,[2 5],12,29,48,17,19
1,<environment.Job instance at 0x7efe2dd9adc0>,15,15,[1 7],16,43,58,27,29
1,<environment.Job instance at 0x7efe2dd9a6e0>,18,21,[1 6],19,48,69,29,40
1,<environment.Job instance at 0x7efe2dd9a460>,19,15,[7 1],20,40,55,20,40
1,<environment.Job instance at 0x7efe24bb18c0>,24,16,[4 9],25,58,74,33,45
1,<environment.Job instance at 0x7efe24bb1f00>,26,14,[5 4],27,69,83,42,54
1,<environment.Job instance at 0x7efe24bb1a00>,27,15,[6 4],28,74,89,46,60
1,<environment.Job instance at 0x7efe24bb1b90>,28,20,[7 5],29,83,103,54,74
1,<environment.Job instance at 0x7efe24bb1410>,34,17,[1 6],35,74,91,39,74
1,<environment.Job instance at 0x7efe24bb1eb0>,37,21,[4 5],38,91,112,53,84
1,<environment.Job instance at 0x7efe2575b5f0>,43,12,[5 8],44,103,115,59,86
1,<environment.Job instance at 0x7efe2575b370>,45,15,[4 8],46,115,130,69,101
1,<environment.Job instance at 0x7efe2575b960>,46,15,[1 6],47,112,127,65,101
1,<environment.Job instance at 0x7efe2575b050>,51,20,[9 5],52,127,147,75,118
1,<environment.Job instance at 0x7efe24cf46e0>,63,14,[10  5],64,147,161,83,132
1,<environment.Job instance at 0x7efe24cf4b90>,64,16,[10  2],65,161,177,96,148
1,<environment.Job instance at 0x7efe24cf4a50>,65,12,[3 5],66,150,162,84,150
1,<environment.Job instance at 0x7efe24c373c0>,7,17,[ 4 13],8,162,179,154,150
1,<environment.Job instance at 0x7efe24cf4eb0>,72,14,[10  2],73,177,191,104,162
1,<environment.Job instance at 0x7efe24547c30>,80,13,[9 3],81,191,204,110,175
1,<environment.Job instance at 0x7efe24c37be0>,3,19,[ 4 11],4,179,198,175,175
1,<environment.Job instance at 0x7efe25760230>,87,20,[6 5],88,198,218,110,189
1,<environment.Job instance at 0x7efe25760280>,88,15,[ 5 10],89,204,219,115,190
1,<environment.Job instance at 0x7efe257609b0>,90,15,[5 8],91,219,234,128,205
1,<environment.Job instance at 0x7efe257608c0>,93,16,[2 8],94,234,250,140,224
1,<environment.Job instance at 0x7efe24547370>,81,23,[ 1 13],82,250,273,168,244
1,<environment.Job instance at 0x7efe25760870>,89,23,[ 4 10],90,273,296,183,267
1,<environment.Job instance at 0x7efe24529820>,105,15,[3 9],106,296,311,190,282
1,<environment.Job instance at 0x7efe24529690>,104,14,[9 1],105,282,296,177,282
1,<environment.Job instance at 0x7efe245297d0>,107,16,[5 1],108,296,312,188,283
1,<environment.Job instance at 0x7efe24529370>,109,13,[8 3],110,311,324,201,295
1,<environment.Job instance at 0x7efe25242640>,119,22,[2 7],120,311,333,191,305
1,<environment.Job instance at 0x7efe25242550>,122,16,[ 3 10],123,333,349,210,320
1,<environment.Job instance at 0x7efe25242690>,123,13,[3 9],124,349,362,225,333
1,<environment.Job instance at 0x7efe24e36690>,130,14,[9 2],131,333,347,202,333
1,<environment.Job instance at 0x7efe24ebb5f0>,137,15,[3 8],138,362,377,224,348
1,<environment.Job instance at 0x7efe2514aa00>,138,14,[4 9],139,377,391,238,363
1,<environment.Job instance at 0x7efe24ebb4b0>,140,22,[2 8],141,391,413,250,385
1,<environment.Job instance at 0x7efe24b2d960>,144,20,[4 5],145,385,405,240,385
1,<environment.Job instance at 0x7efe246a5780>,145,18,[4 6],146,405,423,259,394
1,<environment.Job instance at 0x7efe24b2de10>,146,14,[2 6],147,413,427,266,398
1,<environment.Job instance at 0x7efe24755dc0>,148,12,[6 5],149,423,435,274,406
1,<environment.Job instance at 0x7efe24334a00>,155,12,[8 5],156,427,439,271,410
1,<environment.Job instance at 0x7efe2dd9ab40>,14,19,[13  4],15,439,458,424,429
1,<environment.Job instance at 0x7efe25760d70>,98,24,[ 4 11],99,476,500,377,476
1,<environment.Job instance at 0x7efe24529aa0>,106,27,[13  4],107,588,615,481,588
1,<environment.Job instance at 0x7efe24af7fa0>,0,12,[2 5],1,1,13,0,1
1,<environment.Job instance at 0x7efe253a1780>,5,14,[8 5],6,6,20,0,6
1,<environment.Job instance at 0x7efe253a11e0>,8,20,[6 3],9,13,33,4,9
1,<environment.Job instance at 0x7efe253a1b90>,9,21,[3 6],10,20,41,10,12
1,<environment.Job instance at 0x7efe2508b370>,14,12,[7 1],15,33,45,18,16
1,<environment.Job instance at 0x7efe2508bb40>,18,12,[7 5],19,41,53,22,25
1,<environment.Job instance at 0x7efe2508b050>,19,20,[3 9],20,45,65,25,36
1,<environment.Job instance at 0x7efe2508b8c0>,21,17,[9 4],22,53,70,31,41
1,<environment.Job instance at 0x7efe2508b280>,26,17,[4 8],27,65,82,38,53
1,<environment.Job instance at 0x7efe2508b780>,28,16,[8 4],29,70,86,41,57
1,<environment.Job instance at 0x7efe2508b5f0>,20,18,[9 3],21,86,104,65,78
1,<environment.Job instance at 0x7efe253bc050>,32,26,[ 1 10],33,82,108,49,79
1,<environment.Job instance at 0x7efe2508bbe0>,27,14,[5 6],28,108,122,80,93
1,<environment.Job instance at 0x7efe253bc1e0>,34,13,[10  1],35,104,117,69,93
1,<environment.Job instance at 0x7efe253bc0a0>,35,21,[8 5],36,117,138,81,112
1,<environment.Job instance at 0x7efe253bc190>,33,26,[4 8],34,122,148,88,119
1,<environment.Job instance at 0x7efe253bc550>,37,13,[7 1],38,138,151,100,122
1,<environment.Job instance at 0x7efe253bc370>,38,20,[ 4 13],39,148,168,109,140
1,<environment.Job instance at 0x7efe253bc5f0>,39,25,[4 8],40,168,193,128,164
1,<environment.Job instance at 0x7efe253bc690>,40,12,[3 8],41,193,205,152,176
1,<environment.Job instance at 0x7efe2508b910>,31,21,[9 3],32,177,198,145,177
1,<environment.Job instance at 0x7efe253bc8c0>,42,15,[5 6],43,198,213,155,184
1,<environment.Job instance at 0x7efe253bc410>,45,17,[5 8],46,205,222,159,193
1,<environment.Job instance at 0x7efe253bc3c0>,47,12,[8 5],48,213,225,165,196
1,<environment.Job instance at 0x7efe253bcc30>,48,18,[3 6],49,222,240,173,211
1,<environment.Job instance at 0x7efe253bcd20>,50,21,[5 3],51,225,246,174,217
1,<environment.Job instance at 0x7efe253bc460>,36,15,[ 4 12],37,240,255,203,227
1,<environment.Job instance at 0x7efe253bcf50>,55,17,[8 3],56,246,263,190,239
1,<environment.Job instance at 0x7efe25386280>,57,12,[7 2],58,255,267,197,239
1,<environment.Job instance at 0x7efe25386460>,59,16,[3 5],60,263,279,203,250
1,<environment.Job instance at 0x7efe25386870>,65,15,[1 8],66,263,278,197,252
1,<environment.Job instance at 0x7efe25386820>,70,14,[ 4 10],71,278,292,207,266
1,<environment.Job instance at 0x7efe25386b90>,71,13,[5 8],72,292,305,220,276
1,<environment.Job instance at 0x7efe25386c30>,72,16,[5 2],73,279,295,206,276
1,<environment.Job instance at 0x7efe25386d20>,73,20,[5 4],74,292,312,218,285
1,<environment.Job instance at 0x7efe25386eb0>,75,12,[7 5],76,305,317,229,288
1,<environment.Job instance at 0x7efe25386e10>,76,14,[7 5],77,312,326,235,297
1,<environment.Job instance at 0x7efe24961500>,83,17,[1 7],84,317,334,233,305
1,<environment.Job instance at 0x7efe253bc7d0>,41,18,[14  3],42,326,344,284,315
1,<environment.Job instance at 0x7efe24961780>,87,14,[8 1],88,344,358,256,329
1,<environment.Job instance at 0x7efe24961820>,88,24,[ 5 11],89,344,368,255,339
1,<environment.Job instance at 0x7efe24961aa0>,92,12,[7 3],93,358,370,265,341
1,<environment.Job instance at 0x7efe249614b0>,93,17,[1 8],94,368,385,274,356
1,<environment.Job instance at 0x7efe24961c30>,94,26,[1 5],95,370,396,275,367
1,<environment.Job instance at 0x7efe24961dc0>,95,12,[12  5],96,385,397,289,368
1,<environment.Job instance at 0x7efe24961e60>,96,26,[ 4 12],97,397,423,300,394
1,<environment.Job instance at 0x7efe24961f00>,97,17,[5 9],98,423,440,325,411
1,<environment.Job instance at 0x7efe25725eb0>,98,18,[1 8],99,440,458,341,429
1,<environment.Job instance at 0x7efe254458c0>,99,20,[9 1],100,429,449,329,429
1,<environment.Job instance at 0x7efe24618870>,100,16,[ 3 14],101,458,474,357,445
1,<environment.Job instance at 0x7efe24618960>,101,17,[12  1],102,449,466,347,445
1,<environment.Job instance at 0x7efe24618780>,102,14,[8 4],103,474,488,371,459
1,<environment.Job instance at 0x7efe253b6820>,103,19,[ 2 10],104,474,493,370,464
1,<environment.Job instance at 0x7efe253b6a50>,104,28,[6 2],105,488,516,383,487
1,<environment.Job instance at 0x7efe256a3910>,105,22,[ 1 12],106,493,515,387,487
1,<environment.Job instance at 0x7efe25316c30>,106,14,[9 3],107,515,529,408,500
1,<environment.Job instance at 0x7efe253b6500>,107,14,[11  2],108,529,543,421,514
1,<environment.Job instance at 0x7efe253b64b0>,108,24,[7 2],109,543,567,434,538
1,<environment.Job instance at 0x7efe252ffe10>,109,23,[3 8],110,538,561,428,538
1,<environment.Job instance at 0x7efe24961a00>,91,19,[9 1],92,567,586,475,558
1,<environment.Job instance at 0x7efe2533ab90>,111,13,[4 5],112,558,571,446,558
1,<environment.Job instance at 0x7efe252ffeb0>,113,14,[8 4],114,586,600,472,571
1,<environment.Job instance at 0x7efe249871e0>,114,22,[1 8],115,582,604,467,582
1,<environment.Job instance at 0x7efe253a62d0>,117,20,[5 4],118,600,620,482,591
1,<environment.Job instance at 0x7efe24ed4190>,119,16,[9 4],120,604,620,484,591
1,<environment.Job instance at 0x7efe2520c5a0>,121,17,[5 5],122,620,637,498,608
1,<environment.Job instance at 0x7efe25014410>,126,13,[6 5],127,620,633,493,608
1,<environment.Job instance at 0x7efe2558d410>,130,18,[ 1 10],131,633,651,502,627
1,<environment.Job instance at 0x7efe2522e870>,132,21,[7 4],133,637,658,504,634
1,<environment.Job instance at 0x7efe2522e230>,133,20,[3 9],134,651,671,517,644
1,<environment.Job instance at 0x7efe2522ed70>,136,16,[9 5],137,658,674,521,645
1,<environment.Job instance at 0x7efe252ff9b0>,110,19,[ 5 14],111,674,693,563,664
1,<environment.Job instance at 0x7efe2557e230>,144,12,[ 3 12],145,693,705,548,676
1,<environment.Job instance at 0x7efe2557e190>,143,20,[7 3],144,693,713,549,691
1,<environment.Job instance at 0x7efe2557eeb0>,145,16,[ 2 11],146,705,721,559,693
1,<environment.Job instance at 0x7efe2557e870>,149,13,[6 4],150,713,726,563,697
1,<environment.Job instance at 0x7efe2557edc0>,148,19,[6 4],149,721,740,572,711
1,<environment.Job instance at 0x7efe2557e050>,151,19,[5 5],152,726,745,574,717
1,<environment.Job instance at 0x7efe25200140>,152,17,[7 1],153,740,757,587,730
1,<environment.Job instance at 0x7efe2557e730>,150,20,[ 3 11],151,745,765,594,736
1,<environment.Job instance at 0x7efe25591e60>,158,14,[11  3],159,757,771,598,742
1,<environment.Job instance at 0x7efe2508b0a0>,17,19,[8 4],18,771,790,753,762
1,<environment.Job instance at 0x7efe2474f0a0>,1,18,[1 5],2,2,20,0,2
1,<environment.Job instance at 0x7efe2508ba00>,2,22,[1 6],3,3,25,0,3
1,<environment.Job instance at 0x7efe249d4a00>,5,15,[5 5],6,20,35,14,6
1,<environment.Job instance at 0x7efe249d4820>,15,16,[2 6],16,25,41,9,16
1,<environment.Job instance at 0x7efe249d4370>,19,12,[6 2],20,22,34,2,22
1,<environment.Job instance at 0x7efe249d4050>,23,12,[10  4],24,35,47,11,24
1,<environment.Job instance at 0x7efe24900e60>,24,15,[10  4],25,47,62,22,33
1,<environment.Job instance at 0x7efe249006e0>,26,22,[2 5],27,35,57,8,33
1,<environment.Job instance at 0x7efe256de370>,28,21,[2 8],29,57,78,28,49
1,<environment.Job instance at 0x7efe256defa0>,33,15,[6 2],34,62,77,28,49
1,<environment.Job instance at 0x7efe256de690>,35,15,[1 5],36,62,77,26,49
1,<environment.Job instance at 0x7efe249d4a50>,21,20,[3 8],22,78,98,56,69
1,<environment.Job instance at 0x7efe256decd0>,38,21,[7 3],39,77,98,38,69
1,<environment.Job instance at 0x7efe25785910>,41,14,[1 9],42,98,112,56,83
1,<environment.Job instance at 0x7efe25618410>,0,13,[14  1],1,98,111,97,83
1,<environment.Job instance at 0x7efe25785140>,44,13,[5 5],45,111,124,66,95
1,<environment.Job instance at 0x7efe249d4b90>,20,15,[1 8],21,112,127,91,98
1,<environment.Job instance at 0x7efe249d47d0>,17,17,[5 5],18,124,141,106,112
1,<environment.Job instance at 0x7efe25785af0>,47,24,[8 2],48,112,136,64,112
1,<environment.Job instance at 0x7efe25785d70>,45,19,[ 3 11],46,141,160,95,131
1,<environment.Job instance at 0x7efe2575de60>,49,17,[3 5],50,160,177,110,148
1,<environment.Job instance at 0x7efe257858c0>,51,15,[7 1],52,160,175,108,160
1,<environment.Job instance at 0x7efe24acbaf0>,53,12,[8 4],54,175,187,121,160
1,<environment.Job instance at 0x7efe24acba50>,60,22,[3 5],61,164,186,103,164
1,<environment.Job instance at 0x7efe25785f00>,46,25,[ 1 14],47,187,212,140,183
1,<environment.Job instance at 0x7efe24acbb40>,68,16,[3 8],69,212,228,143,201
1,<environment.Job instance at 0x7efe24acb050>,69,14,[6 2],70,212,226,142,201
1,<environment.Job instance at 0x7efe24acbfa0>,70,27,[10  3],71,226,253,155,224
1,<environment.Job instance at 0x7efe24acbbe0>,66,20,[1 7],67,228,248,161,226
1,<environment.Job instance at 0x7efe243a5550>,72,14,[4 7],73,248,262,175,234
1,<environment.Job instance at 0x7efe23e9f960>,77,14,[5 6],78,253,267,175,238
1,<environment.Job instance at 0x7efe23e9f6e0>,81,21,[2 5],82,262,283,180,254
1,<environment.Job instance at 0x7efe23f84910>,84,13,[1 7],85,267,280,182,254
1,<environment.Job instance at 0x7efe23f84be0>,88,16,[ 4 10],89,280,296,191,267
1,<environment.Job instance at 0x7efe23f849b0>,89,21,[ 2 10],90,296,317,206,295
1,<environment.Job instance at 0x7efe23f848c0>,91,19,[ 2 10],92,317,336,225,310
1,<environment.Job instance at 0x7efe23f84e60>,94,19,[2 9],95,336,355,241,326
1,<environment.Job instance at 0x7efe23f84dc0>,95,18,[9 3],96,326,344,230,326
1,<environment.Job instance at 0x7efe23f84320>,96,14,[5 5],97,344,358,247,329
1,<environment.Job instance at 0x7efe23f84af0>,97,22,[7 2],98,355,377,257,350
1,<environment.Job instance at 0x7efe23e585a0>,99,20,[5 7],100,358,378,258,351
1,<environment.Job instance at 0x7efe23e58b40>,102,18,[7 1],103,377,395,274,366
1,<environment.Job instance at 0x7efe243cd6e0>,110,21,[5 9],111,378,399,267,373
1,<environment.Job instance at 0x7efe243cd280>,111,12,[2 8],112,399,411,287,382
1,<environment.Job instance at 0x7efe24b2f820>,113,14,[3 7],114,399,413,285,384
1,<environment.Job instance at 0x7efe24b2f910>,116,15,[5 5],117,411,426,294,397
1,<environment.Job instance at 0x7efe24b2f870>,120,20,[8 4],121,413,433,292,404
1,<environment.Job instance at 0x7efe24b2fd70>,122,21,[10  4],123,433,454,310,425
1,<environment.Job instance at 0x7efe2de155f0>,125,15,[5 6],126,426,441,300,425
1,<environment.Job instance at 0x7efe2575d1e0>,50,23,[ 1 11],51,441,464,390,438
1,<environment.Job instance at 0x7efe24a56c80>,132,21,[7 1],133,454,475,321,446
1,<environment.Job instance at 0x7efe23e57cd0>,134,14,[2 5],135,464,478,329,449
1,<environment.Job instance at 0x7efe247767d0>,137,18,[5 1],138,454,472,316,450
1,<environment.Job instance at 0x7efe24776c80>,138,15,[2 8],139,472,487,333,458
1,<environment.Job instance at 0x7efe2434e3c0>,141,19,[5 4],142,478,497,336,468
1,<environment.Job instance at 0x7efe24278190>,152,16,[1 7],153,487,503,334,474
1,<environment.Job instance at 0x7efe24c320a0>,155,23,[6 3],156,478,501,322,475
1,<environment.Job instance at 0x7efe24fad4b0>,156,20,[1 7],157,501,521,344,492
1,<environment.Job instance at 0x7efe247f69b0>,133,19,[1 5],134,503,522,369,493
1,<environment.Job instance at 0x7efe243a50a0>,71,28,[1 7],72,521,549,449,520
1,<environment.Job instance at 0x7efe24acb3c0>,67,18,[9 3],68,521,539,453,521
1,<environment.Job instance at 0x7efe24a89fa0>,158,18,[13  4],159,539,557,380,531
1,<environment.Job instance at 0x7efe242d6af0>,1,17,[7 5],2,2,19,0,2
1,<environment.Job instance at 0x7efe252cb280>,4,19,[5 3],5,5,24,0,5
1,<environment.Job instance at 0x7efe252cbfa0>,8,14,[5 5],9,19,33,10,9
1,<environment.Job instance at 0x7efe252cb370>,9,14,[10  5],10,24,38,14,10
1,<environment.Job instance at 0x7efe252cbb40>,13,18,[12  2],14,38,56,24,27
1,<environment.Job instance at 0x7efe252cb0f0>,14,28,[ 1 13],15,38,66,23,37
1,<environment.Job instance at 0x7efe252cbeb0>,10,21,[6 3],11,66,87,55,58
1,<environment.Job instance at 0x7efe252cb6e0>,15,19,[5 4],16,66,85,50,58
1,<environment.Job instance at 0x7efe252cb320>,17,14,[7 1],18,85,99,67,70
1,<environment.Job instance at 0x7efe2575cf50>,11,20,[6 5],12,87,107,75,80
1,<environment.Job instance at 0x7efe252cb820>,22,18,[4 9],23,99,117,76,88
1,<environment.Job instance at 0x7efe2509cfa0>,25,13,[9 3],26,107,120,81,93
1,<environment.Job instance at 0x7efe2509c0a0>,27,21,[5 2],28,117,138,89,109
1,<environment.Job instance at 0x7efe2509ce10>,28,16,[8 1],29,120,136,91,109
1,<environment.Job instance at 0x7efe2509c4b0>,31,16,[3 8],32,136,152,104,123
1,<environment.Job instance at 0x7efe2509ca00>,35,17,[3 5],36,136,153,100,124
1,<environment.Job instance at 0x7efe252cb780>,18,25,[ 2 14],19,153,178,134,149
1,<environment.Job instance at 0x7efe2509c6e0>,37,14,[13  5],38,178,192,140,164
1,<environment.Job instance at 0x7efe2509cdc0>,36,17,[5 8],37,192,209,155,181
1,<environment.Job instance at 0x7efe25640730>,41,19,[5 1],42,192,211,150,184
1,<environment.Job instance at 0x7efe256406e0>,45,14,[1 5],46,184,198,138,184
1,<environment.Job instance at 0x7efe25640500>,46,17,[1 9],47,209,226,162,197
1,<environment.Job instance at 0x7efe25640e10>,55,20,[7 1],56,211,231,155,211
1,<environment.Job instance at 0x7efe242fc320>,60,19,[7 4],61,211,230,150,211
1,<environment.Job instance at 0x7efe2e0e6460>,62,12,[7 3],63,230,242,167,213
1,<environment.Job instance at 0x7efe2e0e6d20>,63,21,[7 2],64,231,252,167,223
1,<environment.Job instance at 0x7efe2e0e6c80>,64,14,[5 5],65,242,256,177,227
1,<environment.Job instance at 0x7efe2e0e6960>,72,13,[2 8],73,242,255,169,228
1,<environment.Job instance at 0x7efe24b2d6e0>,82,12,[6 3],83,255,267,172,238
1,<environment.Job instance at 0x7efe2477afa0>,88,16,[5 9],89,256,272,167,245
1,<environment.Job instance at 0x7efe2509c910>,38,27,[ 4 13],39,272,299,233,270
1,<environment.Job instance at 0x7efe23e57190>,93,21,[8 2],94,279,300,185,279
1,<environment.Job instance at 0x7efe246228c0>,97,18,[1 9],98,299,317,201,288
1,<environment.Job instance at 0x7efe25559190>,100,20,[1 5],101,300,320,199,291
1,<environment.Job instance at 0x7efe241ca500>,102,20,[6 5],103,317,337,214,308
1,<environment.Job instance at 0x7efe246e4500>,110,17,[8 1],111,308,325,197,308
1,<environment.Job instance at 0x7efe246e4b90>,111,12,[2 6],112,325,337,213,308
1,<environment.Job instance at 0x7efe246e4eb0>,112,13,[7 2],113,325,338,212,309
1,<environment.Job instance at 0x7efe246e45a0>,118,17,[9 5],119,338,355,219,326
1,<environment.Job instance at 0x7efe246e4140>,119,21,[5 8],120,337,358,217,331
1,<environment.Job instance at 0x7efe246e4f00>,121,18,[7 2],122,355,373,233,344
1,<environment.Job instance at 0x7efe2dfd50f0>,128,18,[1 8],129,358,376,229,347
1,<environment.Job instance at 0x7efe2dd73730>,133,16,[5 7],134,373,389,239,360
1,<environment.Job instance at 0x7efe2dd731e0>,136,15,[1 9],137,389,404,252,375
1,<environment.Job instance at 0x7efe2dd73460>,137,18,[10  4],138,376,394,238,376
1,<environment.Job instance at 0x7efe243a5780>,141,20,[5 3],142,394,414,252,385
1,<environment.Job instance at 0x7efe25007320>,143,13,[6 5],144,404,417,260,388
1,<environment.Job instance at 0x7efe25007f50>,144,16,[10  2],145,417,433,272,404
1,<environment.Job instance at 0x7efe25007c30>,145,16,[ 2 10],146,414,430,268,404
1,<environment.Job instance at 0x7efe2419fd20>,150,19,[4 9],151,430,449,279,420
1,<environment.Job instance at 0x7efe2419f0f0>,152,20,[7 4],153,433,453,280,428
1,<environment.Job instance at 0x7efe2419f2d0>,154,17,[1 7],155,449,466,294,437
1,<environment.Job instance at 0x7efe2419f7d0>,155,13,[8 2],156,453,466,297,437
1,<environment.Job instance at 0x7efe252cb5a0>,12,26,[5 9],13,467,493,454,467
1,<environment.Job instance at 0x7efe252cb3c0>,16,21,[ 3 10],17,493,514,476,486
1,<environment.Job instance at 0x7efe2575c640>,0,27,[9 5],1,486,513,485,486
1,<environment.Job instance at 0x7efe2572c1e0>,4,20,[11  1],5,5,25,0,5
1,<environment.Job instance at 0x7efe2572c7d0>,13,16,[2 5],14,14,30,0,14
1,<environment.Job instance at 0x7efe2572c870>,14,17,[9 4],15,25,42,10,15
1,<environment.Job instance at 0x7efe2572caa0>,16,16,[2 6],17,17,33,0,17
1,<environment.Job instance at 0x7efe2572cd20>,20,12,[5 5],21,33,45,12,22
1,<environment.Job instance at 0x7efe2572c960>,21,15,[1 8],22,42,57,20,28
1,<environment.Job instance at 0x7efe2572cc30>,19,12,[12  5],20,45,57,25,29
1,<environment.Job instance at 0x7efe2572ceb0>,24,12,[4 7],25,57,69,32,42
1,<environment.Job instance at 0x7efe2572cfa0>,23,21,[13  2],24,69,90,45,61
1,<environment.Job instance at 0x7efe25736370>,31,20,[1 6],32,69,89,37,69
1,<environment.Job instance at 0x7efe25736640>,32,18,[3 8],33,90,108,57,79
1,<environment.Job instance at 0x7efe25736aa0>,39,15,[4 7],40,90,105,50,79
1,<environment.Job instance at 0x7efe25741690>,57,12,[7 3],58,105,117,47,88
1,<environment.Job instance at 0x7efe25741a00>,61,17,[8 5],62,108,125,46,96
1,<environment.Job instance at 0x7efe257410a0>,62,12,[2 5],63,117,129,54,100
1,<environment.Job instance at 0x7efe25741b40>,63,12,[5 5],64,117,129,53,100
1,<environment.Job instance at 0x7efe25736280>,26,18,[ 5 13],27,129,147,102,118
1,<environment.Job instance at 0x7efe25741c80>,65,20,[9 3],66,147,167,81,138
1,<environment.Job instance at 0x7efe25741d70>,67,12,[3 7],68,147,159,79,138
1,<environment.Job instance at 0x7efe23fef230>,73,12,[1 5],74,147,159,73,139
1,<environment.Job instance at 0x7efe25741d20>,66,22,[12  5],67,167,189,100,160
1,<environment.Job instance at 0x7efe23fef140>,80,14,[4 9],81,189,203,108,174
1,<environment.Job instance at 0x7efe23fef820>,81,24,[4 7],82,203,227,121,198
1,<environment.Job instance at 0x7efe23fef640>,79,20,[8 2],80,214,234,134,214
1,<environment.Job instance at 0x7efe23fef8c0>,82,28,[ 4 12],83,227,255,144,226
1,<environment.Job instance at 0x7efe23fef730>,84,13,[ 2 12],85,255,268,170,239
1,<environment.Job instance at 0x7efe23fef7d0>,83,21,[8 2],84,240,261,156,240
1,<environment.Job instance at 0x7efe23fefb40>,87,12,[5 4],88,268,280,180,251
1,<environment.Job instance at 0x7efe23fefd20>,89,12,[2 5],90,268,280,178,251
1,<environment.Job instance at 0x7efe23feff00>,91,16,[3 8],92,280,296,188,267
1,<environment.Job instance at 0x7efe23feffa0>,92,16,[4 5],93,268,284,175,267
1,<environment.Job instance at 0x7efe257361e0>,25,23,[11  5],26,284,307,258,278
1,<environment.Job instance at 0x7efe24009370>,96,21,[14  2],97,307,328,210,299
1,<environment.Job instance at 0x7efe240095a0>,97,15,[ 3 13],98,328,343,230,314
1,<environment.Job instance at 0x7efe2572caf0>,17,17,[1 7],18,343,360,325,331
1,<environment.Job instance at 0x7efe240090a0>,99,13,[ 2 13],100,360,373,260,344
1,<environment.Job instance at 0x7efe24009320>,100,14,[2 5],101,344,358,243,344
1,<environment.Job instance at 0x7efe24009aa0>,103,13,[5 2],104,345,358,241,345
1,<environment.Job instance at 0x7efe24009f50>,109,16,[5 7],110,373,389,263,360
1,<environment.Job instance at 0x7efe24009e10>,110,14,[8 1],111,360,374,249,360
1,<environment.Job instance at 0x7efe24009460>,114,15,[5 1],115,374,389,259,360
1,<environment.Job instance at 0x7efe2400fa00>,116,16,[10  5],117,389,405,272,376
1,<environment.Job instance at 0x7efe2400f8c0>,119,15,[4 7],120,376,391,256,376
1,<environment.Job instance at 0x7efe2400f5f0>,123,15,[5 5],124,391,406,267,377
1,<environment.Job instance at 0x7efe2400fcd0>,125,19,[5 4],126,405,424,279,395
1,<environment.Job instance at 0x7efe2400f550>,126,12,[9 4],127,406,418,279,395
1,<environment.Job instance at 0x7efe2400f640>,127,12,[4 7],128,418,430,290,401
1,<environment.Job instance at 0x7efe2400faf0>,129,18,[4 8],130,424,442,294,413
1,<environment.Job instance at 0x7efe25723d20>,148,20,[8 5],149,430,450,281,424
1,<environment.Job instance at 0x7efe25723f50>,149,20,[7 1],150,442,462,292,433
1,<environment.Job instance at 0x7efe25723fa0>,152,15,[4 8],153,450,465,297,436
1,<environment.Job instance at 0x7efe23e97370>,153,17,[5 6],154,462,479,308,450
1,<environment.Job instance at 0x7efe24009d70>,98,24,[ 5 11],99,479,503,380,476
1,<environment.Job instance at 0x7efe255766e0>,0,28,[11  2],1,503,531,502,502
1,<environment.Job instance at 0x7efe240f4050>,0,18,[5 3],1,1,19,0,1
1,<environment.Job instance at 0x7efe25189230>,2,14,[9 2],3,3,17,0,3
1,<environment.Job instance at 0x7efe240f4140>,4,13,[7 2],5,17,30,12,5
1,<environment.Job instance at 0x7efe240f49b0>,1,17,[7 5],2,19,36,17,7
1,<environment.Job instance at 0x7efe240f4780>,5,21,[5 1],6,30,51,24,22
1,<environment.Job instance at 0x7efe2559c870>,13,16,[6 1],14,36,52,22,23
1,<environment.Job instance at 0x7efe24c3f410>,19,14,[3 7],20,30,44,10,23
1,<environment.Job instance at 0x7efe24c3f370>,21,12,[4 7],22,44,56,22,27
1,<environment.Job instance at 0x7efe24c3fa00>,24,15,[4 8],25,52,67,27,38
1,<environment.Job instance at 0x7efe2544cb90>,27,18,[5 6],28,56,74,28,45
1,<environment.Job instance at 0x7efe2559c2d0>,7,12,[6 4],8,67,79,59,51
1,<environment.Job instance at 0x7efe240da370>,28,13,[8 2],29,74,87,45,58
1,<environment.Job instance at 0x7efe2513a910>,30,14,[4 7],31,79,93,48,64
1,<environment.Job instance at 0x7efe2e3b61e0>,32,12,[6 5],33,87,99,54,70
1,<environment.Job instance at 0x7efe24459eb0>,36,17,[4 6],37,93,110,56,81
1,<environment.Job instance at 0x7efe2561c0f0>,38,13,[5 1],39,87,100,48,81
1,<environment.Job instance at 0x7efe2561c190>,40,19,[ 5 10],41,110,129,69,100
1,<environment.Job instance at 0x7efe2561ce10>,41,16,[ 3 10],42,129,145,87,116
1,<environment.Job instance at 0x7efe2561caa0>,44,14,[5 4],45,116,130,71,116
1,<environment.Job instance at 0x7efe25630c30>,45,16,[5 9],46,145,161,99,132
1,<environment.Job instance at 0x7efe25630960>,47,12,[6 3],48,132,144,84,132
1,<environment.Job instance at 0x7efe25630fa0>,50,13,[6 1],51,132,145,81,132
1,<environment.Job instance at 0x7efe25717730>,53,12,[7 4],54,145,157,91,132
1,<environment.Job instance at 0x7efe257176e0>,55,22,[6 5],56,157,179,101,150
1,<environment.Job instance at 0x7efe248174b0>,56,12,[2 9],57,161,173,104,150
1,<environment.Job instance at 0x7efe256346e0>,59,18,[1 7],60,173,191,113,162
1,<environment.Job instance at 0x7efe256340f0>,60,21,[1 9],61,191,212,130,183
1,<environment.Job instance at 0x7efe256348c0>,62,20,[1 8],63,212,232,149,203
1,<environment.Job instance at 0x7efe25634dc0>,66,21,[2 5],67,203,224,136,203
1,<environment.Job instance at 0x7efe2560f500>,68,20,[5 4],69,224,244,155,215
1,<environment.Job instance at 0x7efe2560f280>,69,20,[5 8],70,232,252,162,223
1,<environment.Job instance at 0x7efe2560ff00>,70,22,[7 5],71,244,266,173,237
1,<environment.Job instance at 0x7efe2562f7d0>,85,12,[3 8],86,252,264,166,249
1,<environment.Job instance at 0x7efe256091e0>,87,21,[5 8],88,264,285,176,256
1,<environment.Job instance at 0x7efe2561ebe0>,89,19,[2 5],90,266,285,176,256
1,<environment.Job instance at 0x7efe2561e0a0>,91,12,[3 7],92,285,297,193,268
1,<environment.Job instance at 0x7efe2561e780>,94,20,[8 2],95,268,288,173,268
1,<environment.Job instance at 0x7efe2560b4b0>,97,17,[2 9],98,297,314,199,285
1,<environment.Job instance at 0x7efe24f457d0>,99,15,[9 5],100,288,303,188,285
1,<environment.Job instance at 0x7efe249d6820>,101,17,[4 8],102,314,331,212,302
1,<environment.Job instance at 0x7efe2453c0a0>,105,22,[2 6],106,303,325,197,302
1,<environment.Job instance at 0x7efe24906500>,109,20,[6 4],110,325,345,215,316
1,<environment.Job instance at 0x7efe244dcd20>,114,16,[6 5],115,331,347,216,318
1,<environment.Job instance at 0x7efe2400d820>,116,21,[5 8],117,345,366,228,337
1,<environment.Job instance at 0x7efe2400ddc0>,117,19,[3 7],118,347,366,229,337
1,<environment.Job instance at 0x7efe2de43cd0>,119,12,[10  2],120,366,378,246,349
1,<environment.Job instance at 0x7efe24e5b410>,121,18,[ 1 10],122,366,384,244,355
1,<environment.Job instance at 0x7efe25738460>,125,16,[7 4],126,378,394,252,365
1,<environment.Job instance at 0x7efe25738500>,128,14,[10  4],129,394,408,265,379
1,<environment.Job instance at 0x7efe2452e550>,130,17,[ 2 10],131,384,401,253,379
1,<environment.Job instance at 0x7efe2452e640>,131,18,[2 9],132,401,419,269,390
1,<environment.Job instance at 0x7efe24107e60>,141,14,[6 5],142,408,422,266,393
1,<environment.Job instance at 0x7efe2518e2d0>,142,21,[6 3],143,419,440,276,411
1,<environment.Job instance at 0x7efe2448bcd0>,143,17,[10  2],144,440,457,296,428
1,<environment.Job instance at 0x7efe2448b730>,144,18,[6 5],145,457,475,312,446
1,<environment.Job instance at 0x7efe2448b910>,145,16,[6 1],146,457,473,311,446
1,<environment.Job instance at 0x7efe2448b370>,146,14,[10  5],147,475,489,328,460
1,<environment.Job instance at 0x7efe2448baa0>,148,13,[1 6],149,460,473,311,460
1,<environment.Job instance at 0x7efe2410daf0>,151,20,[ 4 10],152,473,493,321,464
1,<environment.Job instance at 0x7efe240450f0>,156,16,[ 3 10],157,493,509,336,480
1,<environment.Job instance at 0x7efe24045f00>,157,18,[7 2],158,489,507,331,480
1,<environment.Job instance at 0x7efe24045be0>,158,13,[1 8],159,509,522,350,493
1,<environment.Job instance at 0x7efe24b78c80>,29,20,[12  3],30,606,626,576,606
1,<environment.Job instance at 0x7efe2438a320>,6,27,[2 7],7,741,768,734,741
1,<environment.Job instance at 0x7efe240f40f0>,3,20,[4 7],4,1308,1328,1304,1308
1,<environment.Job instance at 0x7efe23eb0410>,1,16,[10  1],2,2,18,0,2
1,<environment.Job instance at 0x7efe240f4820>,2,17,[4 8],3,3,20,0,3
1,<environment.Job instance at 0x7efe240f40f0>,4,15,[3 5],5,18,33,13,6
1,<environment.Job instance at 0x7efe2dd74370>,5,14,[9 1],6,20,34,14,8
1,<environment.Job instance at 0x7efe24842140>,0,24,[3 8],1,20,44,19,16
1,<environment.Job instance at 0x7efe2dd741e0>,6,14,[4 7],7,34,48,27,19
1,<environment.Job instance at 0x7efe2dd74870>,11,22,[6 3],12,44,66,32,37
1,<environment.Job instance at 0x7efe2dd74eb0>,13,18,[4 5],14,44,62,30,37
1,<environment.Job instance at 0x7efe2dd74320>,17,15,[10  5],18,66,81,48,52
1,<environment.Job instance at 0x7efe2dd74a50>,9,16,[ 3 14],10,81,97,71,68
1,<environment.Job instance at 0x7efe25238410>,21,21,[8 3],22,97,118,75,95
1,<environment.Job instance at 0x7efe2dd74460>,8,27,[3 8],9,97,124,88,95
1,<environment.Job instance at 0x7efe2575bb40>,32,17,[4 5],33,118,135,85,106
1,<environment.Job instance at 0x7efe2575bf50>,36,21,[2 5],37,124,145,87,116
1,<environment.Job instance at 0x7efe2575b640>,41,16,[5 5],42,124,140,82,116
1,<environment.Job instance at 0x7efe2575b050>,42,18,[7 5],43,135,153,92,124
1,<environment.Job instance at 0x7efe2575be10>,30,12,[3 6],31,145,157,114,129
1,<environment.Job instance at 0x7efe23fce910>,60,18,[5 5],61,153,171,92,142
1,<environment.Job instance at 0x7efe257f4f00>,66,15,[5 3],67,142,157,75,142
1,<environment.Job instance at 0x7efe257f4be0>,67,12,[9 5],68,157,169,89,142
1,<environment.Job instance at 0x7efe257f4c80>,69,12,[4 7],70,169,181,99,152
1,<environment.Job instance at 0x7efe257db8c0>,72,15,[1 8],73,171,186,98,157
1,<environment.Job instance at 0x7efe2454cc80>,81,19,[5 8],82,186,205,104,176
1,<environment.Job instance at 0x7efe2486e640>,82,12,[5 7],83,181,193,98,176
1,<environment.Job instance at 0x7efe24dfd640>,92,18,[8 3],93,194,212,101,194
1,<environment.Job instance at 0x7efe2544c320>,95,17,[6 1],96,205,222,109,194
1,<environment.Job instance at 0x7efe245f1910>,99,16,[7 3],100,212,228,112,199
1,<environment.Job instance at 0x7efe245f1be0>,103,21,[5 2],104,222,243,118,214
1,<environment.Job instance at 0x7efe24e354b0>,105,19,[4 8],106,228,247,122,224
1,<environment.Job instance at 0x7efe2435e5f0>,109,14,[3 7],110,243,257,133,228
1,<environment.Job instance at 0x7efe2424fe10>,114,16,[5 7],115,247,263,132,234
1,<environment.Job instance at 0x7efe2424f500>,121,14,[5 5],122,257,271,135,242
1,<environment.Job instance at 0x7efe25374c80>,143,17,[10  5],144,263,280,119,252
1,<environment.Job instance at 0x7efe25374820>,145,15,[6 1],146,280,295,134,266
1,<environment.Job instance at 0x7efe250088c0>,152,14,[5 5],153,271,285,118,266
1,<environment.Job instance at 0x7efe24d2e370>,155,17,[7 4],156,285,302,129,273
1,<environment.Job instance at 0x7efe24842050>,3,28,[1 7],4,1109,1137,1105,1109
1,<environment.Job instance at 0x7efe23fce6e0>,61,16,[11  3],62,1109,1125,1047,1109
1,<environment.Job instance at 0x7efe25238b90>,22,19,[14  3],23,1125,1144,1102,1115
1,<environment.Job instance at 0x7efe249b92d0>,0,13,[6 4],1,1,14,0,1
1,<environment.Job instance at 0x7efe249b9c80>,1,27,[5 4],2,2,29,0,2
1,<environment.Job instance at 0x7efe249b9d70>,7,14,[2 7],8,9,23,1,9
1,<environment.Job instance at 0x7efe2565d410>,10,19,[3 5],11,23,42,12,13
1,<environment.Job instance at 0x7efe25733c80>,12,17,[4 5],13,23,40,10,13
1,<environment.Job instance at 0x7efe24e0ecd0>,16,14,[2 6],17,40,54,23,25
1,<environment.Job instance at 0x7efe249b0a50>,23,22,[8 3],24,29,51,5,25
1,<environment.Job instance at 0x7efe249b0780>,24,15,[5 2],25,42,57,17,28
1,<environment.Job instance at 0x7efe248e29b0>,26,13,[1 5],27,51,64,24,35
1,<environment.Job instance at 0x7efe2e35bbe0>,35,16,[9 1],36,54,70,18,41
1,<environment.Job instance at 0x7efe250490a0>,2,22,[1 8],3,57,79,54,53
1,<environment.Job instance at 0x7efe250bb280>,37,18,[10  2],38,70,88,32,59
1,<environment.Job instance at 0x7efe252237d0>,39,14,[5 3],40,79,93,39,64
1,<environment.Job instance at 0x7efe250a4960>,44,13,[7 4],45,88,101,43,72
1,<environment.Job instance at 0x7efe250a4b90>,45,22,[5 5],46,93,115,47,86
1,<environment.Job instance at 0x7efe250a44b0>,50,13,[6 4],51,101,114,50,86
1,<environment.Job instance at 0x7efe2565d910>,11,19,[ 5 11],12,115,134,103,105
1,<environment.Job instance at 0x7efe24640b40>,53,19,[8 1],54,114,133,60,107
1,<environment.Job instance at 0x7efe24906460>,55,13,[3 7],56,134,147,78,118
1,<environment.Job instance at 0x7efe24906c80>,56,12,[3 6],57,134,146,77,118
1,<environment.Job instance at 0x7efe2547a7d0>,61,16,[9 3],62,146,162,84,133
1,<environment.Job instance at 0x7efe24640af0>,54,19,[ 2 12],55,147,166,92,137
1,<environment.Job instance at 0x7efe2ddcc640>,64,15,[1 5],65,166,181,101,152
1,<environment.Job instance at 0x7efe2ddccf00>,65,12,[1 6],66,166,178,100,152
1,<environment.Job instance at 0x7efe2ddcc050>,66,13,[3 5],67,178,191,111,162
1,<environment.Job instance at 0x7efe2ddcc910>,67,26,[5 7],68,181,207,113,178
1,<environment.Job instance at 0x7efe2ddcc320>,68,17,[5 8],69,191,208,122,179
1,<environment.Job instance at 0x7efe24906eb0>,63,21,[10  3],64,207,228,143,200
1,<environment.Job instance at 0x7efe24aeed70>,70,19,[3 8],71,208,227,137,208
1,<environment.Job instance at 0x7efe2565ab90>,6,20,[12  1],7,228,248,221,220
1,<environment.Job instance at 0x7efe2445bbe0>,72,20,[8 4],73,248,268,175,239
1,<environment.Job instance at 0x7efe2445b730>,74,18,[10  5],75,268,286,193,257
1,<environment.Job instance at 0x7efe2561ccd0>,86,15,[2 7],87,262,277,175,262
1,<environment.Job instance at 0x7efe2561c640>,88,16,[7 2],89,286,302,197,273
1,<environment.Job instance at 0x7efe23ff9f50>,99,17,[5 9],100,277,294,177,273
1,<environment.Job instance at 0x7efe24d4c6e0>,105,18,[5 4],106,294,312,188,283
1,<environment.Job instance at 0x7efe24d4c1e0>,111,19,[5 7],112,302,321,190,292
1,<environment.Job instance at 0x7efe24d4c370>,115,17,[5 5],116,312,329,196,300
1,<environment.Job instance at 0x7efe24d4c0a0>,116,13,[8 4],117,321,334,204,305
1,<environment.Job instance at 0x7efe24d4c410>,117,16,[5 2],118,305,321,187,305
1,<environment.Job instance at 0x7efe24d4cdc0>,119,18,[7 5],120,329,347,209,318
1,<environment.Job instance at 0x7efe24899fa0>,124,13,[8 4],125,334,347,209,318
1,<environment.Job instance at 0x7efe24899820>,131,19,[10  1],132,347,366,215,337
1,<environment.Job instance at 0x7efe24899cd0>,132,14,[8 5],133,366,380,233,351
1,<environment.Job instance at 0x7efe240ebd70>,139,14,[3 5],140,351,365,211,351
1,<environment.Job instance at 0x7efe23fda780>,144,17,[4 8],145,365,382,220,355
1,<environment.Job instance at 0x7efe241ca5f0>,147,16,[5 5],148,380,396,232,367
1,<environment.Job instance at 0x7efe241cad70>,148,18,[1 5],149,382,400,233,371
1,<environment.Job instance at 0x7efe241b4a50>,151,14,[8 3],152,382,396,230,371
1,<environment.Job instance at 0x7efe241b4370>,152,14,[4 7],153,396,410,243,382
1,<environment.Job instance at 0x7efe241b45f0>,155,14,[5 3],156,396,410,240,395
1,<environment.Job instance at 0x7efe2565a5a0>,8,24,[ 3 14],9,1172,1196,1163,1172
1,<environment.Job instance at 0x7efe255c4b90>,38,20,[14  5],39,1247,1267,1208,1247
1,<environment.Job instance at 0x7efe24b69b40>,0,14,[3 9],1,1,15,0,1
1,<environment.Job instance at 0x7efe24b698c0>,3,19,[11  5],4,4,23,0,4
1,<environment.Job instance at 0x7efe24b69050>,8,13,[13  4],9,23,36,14,9
1,<environment.Job instance at 0x7efe24b69730>,9,28,[1 5],10,15,43,5,14
1,<environment.Job instance at 0x7efe24b69af0>,6,17,[8 1],7,36,53,29,25
1,<environment.Job instance at 0x7efe24ec58c0>,12,16,[7 3],13,43,59,30,30
1,<environment.Job instance at 0x7efe24b91550>,13,20,[5 3],14,53,73,39,44
1,<environment.Job instance at 0x7efe2406e910>,15,17,[4 6],16,59,76,43,53
1,<environment.Job instance at 0x7efe24b69410>,7,25,[ 5 11],8,76,101,68,72
1,<environment.Job instance at 0x7efe24158af0>,24,14,[5 2],25,73,87,48,73
1,<environment.Job instance at 0x7efe241586e0>,26,18,[8 1],27,87,105,60,76
1,<environment.Job instance at 0x7efe241581e0>,29,12,[6 3],30,101,113,71,84
1,<environment.Job instance at 0x7efe24158140>,30,21,[6 5],31,105,126,74,97
1,<environment.Job instance at 0x7efe2416a3c0>,31,15,[9 1],32,113,128,81,99
1,<environment.Job instance at 0x7efe2416ae60>,32,19,[4 5],33,126,145,93,116
1,<environment.Job instance at 0x7efe24083be0>,20,21,[3 8],21,128,149,107,120
1,<environment.Job instance at 0x7efe2416abe0>,38,17,[6 4],39,145,162,106,133
1,<environment.Job instance at 0x7efe247e9e10>,43,22,[3 5],44,149,171,105,147
1,<environment.Job instance at 0x7efe24a40e60>,45,22,[6 2],46,148,170,102,148
1,<environment.Job instance at 0x7efe2408f910>,49,16,[10  1],50,170,186,120,157
1,<environment.Job instance at 0x7efe247f4cd0>,51,21,[4 7],52,172,193,120,172
1,<environment.Job instance at 0x7efe2416a140>,37,19,[10  2],38,186,205,148,176
1,<environment.Job instance at 0x7efe245d5730>,59,18,[10  5],60,205,223,145,196
1,<environment.Job instance at 0x7efe245d5820>,60,18,[6 3],61,223,241,162,212
1,<environment.Job instance at 0x7efe24b741e0>,10,24,[ 5 11],11,223,247,212,218
1,<environment.Job instance at 0x7efe245ef6e0>,56,21,[14  4],57,3032,3053,2975,3032
1,<environment.Job instance at 0x7efe24b69820>,1,23,[12  4],2,3053,3076,3051,3049
1,<environment.Job instance at 0x7efe24b69690>,5,17,[10  1],6,5807,5824,5801,5807
1,<environment.Job instance at 0x7efe24f1feb0>,0,16,[ 5 13],1,1,17,0,1
1,<environment.Job instance at 0x7efe24f1f960>,3,14,[8 4],4,17,31,13,4
1,<environment.Job instance at 0x7efe24f1f870>,5,23,[6 2],6,6,29,0,6
1,<environment.Job instance at 0x7efe24f1fa00>,6,12,[5 1],7,29,41,22,27
1,<environment.Job instance at 0x7efe24f1ff50>,8,18,[10  5],9,33,51,24,33
1,<environment.Job instance at 0x7efe24f1f460>,9,26,[14  3],10,51,77,41,48
1,<environment.Job instance at 0x7efe24f1f6e0>,14,12,[8 1],15,77,89,62,74
1,<environment.Job instance at 0x7efe240c9be0>,18,12,[6 5],19,77,89,58,74
1,<environment.Job instance at 0x7efe24f1fe10>,15,28,[13  5],16,89,117,73,88
1,<environment.Job instance at 0x7efe24f1f2d0>,11,15,[2 5],12,111,126,99,111
1,<environment.Job instance at 0x7efe240c9c30>,20,25,[6 3],21,117,142,96,113
1,<environment.Job instance at 0x7efe240c9aa0>,19,19,[ 2 10],20,126,145,106,126
1,<environment.Job instance at 0x7efe240c9cd0>,25,20,[7 4],26,142,162,116,133
1,<environment.Job instance at 0x7efe240c9190>,27,16,[2 9],28,145,161,117,133
1,<environment.Job instance at 0x7efe240c9140>,28,16,[1 8],29,161,177,132,150
1,<environment.Job instance at 0x7efe240c9960>,29,15,[9 3],30,162,177,132,150
1,<environment.Job instance at 0x7efe240c91e0>,30,15,[4 8],31,177,192,146,163
1,<environment.Job instance at 0x7efe240c9370>,35,15,[2 9],36,192,207,156,178
1,<environment.Job instance at 0x7efe2433ceb0>,36,19,[2 5],37,178,197,141,178
1,<environment.Job instance at 0x7efe2433c320>,39,13,[5 6],40,197,210,157,181
1,<environment.Job instance at 0x7efe2433c910>,41,20,[6 3],42,207,227,165,198
1,<environment.Job instance at 0x7efe2433cbe0>,42,12,[5 6],43,210,222,167,198
1,<environment.Job instance at 0x7efe2433caa0>,45,14,[1 8],46,222,236,176,210
1,<environment.Job instance at 0x7efe2433ccd0>,46,14,[9 1],47,227,241,180,213
1,<environment.Job instance at 0x7efe2433c1e0>,49,20,[6 5],50,236,256,186,227
1,<environment.Job instance at 0x7efe2433c2d0>,50,14,[6 2],51,241,255,190,227
1,<environment.Job instance at 0x7efe2433c870>,52,15,[1 9],53,255,270,202,242
1,<environment.Job instance at 0x7efe24161780>,55,20,[5 1],56,255,275,199,252
1,<environment.Job instance at 0x7efe241618c0>,57,12,[2 5],58,256,268,198,252
1,<environment.Job instance at 0x7efe24161280>,58,14,[10  3],59,270,284,211,255
1,<environment.Job instance at 0x7efe24161190>,59,14,[10  2],60,284,298,224,269
1,<environment.Job instance at 0x7efe24161410>,61,19,[1 8],62,275,294,213,269
1,<environment.Job instance at 0x7efe24161b40>,64,21,[9 4],65,298,319,233,290
1,<environment.Job instance at 0x7efe24161a00>,72,17,[10  3],73,319,336,246,308
1,<environment.Job instance at 0x7efe24161e10>,76,15,[2 9],77,308,323,231,308
1,<environment.Job instance at 0x7efe245ee2d0>,80,19,[6 2],81,336,355,255,326
1,<environment.Job instance at 0x7efe240c9a50>,22,19,[ 5 13],23,336,355,313,335
1,<environment.Job instance at 0x7efe245ee500>,82,13,[10  5],83,355,368,272,339
1,<environment.Job instance at 0x7efe245ee870>,84,12,[3 8],85,355,367,270,339
1,<environment.Job instance at 0x7efe245ee140>,85,16,[8 2],86,368,384,282,355
1,<environment.Job instance at 0x7efe245eeb90>,86,20,[1 5],87,367,387,280,362
1,<environment.Job instance at 0x7efe245ee910>,87,19,[6 1],88,368,387,280,363
1,<environment.Job instance at 0x7efe245eea50>,90,18,[4 6],91,384,402,293,373
1,<environment.Job instance at 0x7efe245d50a0>,93,14,[3 9],94,387,401,293,373
1,<environment.Job instance at 0x7efe245d5dc0>,100,17,[5 8],101,401,418,300,389
1,<environment.Job instance at 0x7efe245d5c80>,104,22,[1 7],105,402,424,297,399
1,<environment.Job instance at 0x7efe245d5500>,106,12,[10  4],107,418,430,311,401
1,<environment.Job instance at 0x7efe245d5460>,107,16,[5 1],108,424,440,316,411
1,<environment.Job instance at 0x7efe245d53c0>,108,18,[7 3],109,430,448,321,419
1,<environment.Job instance at 0x7efe245d5320>,109,16,[3 6],110,430,446,320,419
1,<environment.Job instance at 0x7efe245d27d0>,113,13,[5 2],114,440,453,326,424
1,<environment.Job instance at 0x7efe245d2230>,116,20,[5 1],117,448,468,331,439
1,<environment.Job instance at 0x7efe245d20a0>,118,13,[6 3],119,453,466,334,439
1,<environment.Job instance at 0x7efe245d2f00>,119,14,[5 6],120,466,480,346,451
1,<environment.Job instance at 0x7efe245d2af0>,120,14,[7 3],121,468,482,347,453
1,<environment.Job instance at 0x7efe245d2910>,121,15,[9 1],122,482,497,360,468
1,<environment.Job instance at 0x7efe245d2aa0>,122,12,[1 5],123,468,480,345,468
1,<environment.Job instance at 0x7efe245d2cd0>,123,17,[7 3],124,497,514,373,485
1,<environment.Job instance at 0x7efe245ee730>,83,26,[5 7],84,485,511,401,485
1,<environment.Job instance at 0x7efe245d25f0>,125,24,[11  1],126,514,538,388,509
1,<environment.Job instance at 0x7efe245d2d20>,126,23,[14  4],127,538,561,411,532
1,<environment.Job instance at 0x7efe245d2b90>,124,15,[1 7],125,542,557,417,542
1,<environment.Job instance at 0x7efe245d2c80>,127,16,[14  2],128,561,577,433,548
1,<environment.Job instance at 0x7efe245ea690>,129,24,[ 1 11],130,565,589,435,565
1,<environment.Job instance at 0x7efe245ea870>,128,17,[4 5],129,589,606,460,577
1,<environment.Job instance at 0x7efe245eafa0>,130,14,[10  5],131,589,603,458,577
1,<environment.Job instance at 0x7efe245eadc0>,131,13,[ 2 10],132,603,616,471,587
1,<environment.Job instance at 0x7efe245ea9b0>,132,26,[2 8],133,616,642,483,613
1,<environment.Job instance at 0x7efe245fa9b0>,136,28,[12  3],137,613,641,476,613
1,<environment.Job instance at 0x7efe245fae10>,138,16,[5 3],139,641,657,502,628
1,<environment.Job instance at 0x7efe245facd0>,137,15,[7 5],138,642,657,504,628
1,<environment.Job instance at 0x7efe24babf50>,142,28,[13  5],143,657,685,514,656
1,<environment.Job instance at 0x7efe24340fa0>,143,23,[10  1],144,685,708,541,679
1,<environment.Job instance at 0x7efe2509a7d0>,144,21,[ 2 12],145,685,706,540,679
1,<environment.Job instance at 0x7efe24340460>,145,13,[8 4],146,708,721,562,692
1,<environment.Job instance at 0x7efe24340190>,146,28,[9 5],147,721,749,574,720
1,<environment.Job instance at 0x7efe24622f50>,141,18,[4 9],142,720,738,578,720
1,<environment.Job instance at 0x7efe2511f730>,149,12,[6 2],151,738,750,587,721
1,<environment.Job instance at 0x7efe25391c80>,150,18,[ 4 10],152,749,767,597,741
1,<environment.Job instance at 0x7efe24f1faa0>,1,20,[5 5],2,750,770,748,749
1,<environment.Job instance at 0x7efe255fca50>,147,21,[4 6],148,767,788,619,761
1,<environment.Job instance at 0x7efe240c9f00>,21,19,[7 4],22,770,789,748,766
1,<environment.Job instance at 0x7efe241b4690>,1,14,[6 4],2,2,16,0,2
1,<environment.Job instance at 0x7efe24bb1960>,2,24,[5 2],3,3,27,0,3
1,<environment.Job instance at 0x7efe257e1320>,5,17,[5 5],6,16,33,10,6
1,<environment.Job instance at 0x7efe257e1910>,6,12,[14  3],7,33,45,26,16
1,<environment.Job instance at 0x7efe2545a780>,12,14,[ 1 11],13,33,47,20,18
1,<environment.Job instance at 0x7efe257e1230>,10,12,[ 2 11],11,47,59,36,30
1,<environment.Job instance at 0x7efe257e1fa0>,9,14,[5 9],10,59,73,49,44
1,<environment.Job instance at 0x7efe25457c80>,17,14,[5 4],18,45,59,27,44
1,<environment.Job instance at 0x7efe2545a870>,13,23,[1 6],14,59,82,45,56
1,<environment.Job instance at 0x7efe2418dc30>,22,14,[ 2 14],23,82,96,59,67
1,<environment.Job instance at 0x7efe2418d550>,21,17,[4 8],22,96,113,74,84
1,<environment.Job instance at 0x7efe2418d8c0>,26,15,[7 5],27,96,111,69,84
1,<environment.Job instance at 0x7efe2418d500>,28,14,[2 8],29,113,127,84,98
1,<environment.Job instance at 0x7efe257ec910>,33,17,[5 9],34,127,144,93,115
1,<environment.Job instance at 0x7efe257ec1e0>,35,14,[10  1],36,115,129,79,115
1,<environment.Job instance at 0x7efe257ec370>,36,15,[6 5],37,129,144,92,115
1,<environment.Job instance at 0x7efe2dd28f00>,46,16,[1 8],47,144,160,97,131
1,<environment.Job instance at 0x7efe23f525f0>,52,14,[7 5],53,144,158,91,131
1,<environment.Job instance at 0x7efe2555de60>,59,13,[7 2],60,144,157,84,131
1,<environment.Job instance at 0x7efe2555db90>,60,17,[5 3],61,158,175,97,146
1,<environment.Job instance at 0x7efe2555daf0>,61,21,[3 5],62,160,181,98,152
1,<environment.Job instance at 0x7efe2555dfa0>,62,13,[2 9],63,175,188,112,159
1,<environment.Job instance at 0x7efe257ff2d0>,64,19,[4 8],65,188,207,123,178
1,<environment.Job instance at 0x7efe257ff960>,65,15,[4 8],66,207,222,141,193
1,<environment.Job instance at 0x7efe257ff320>,66,16,[3 6],67,193,209,126,193
1,<environment.Job instance at 0x7efe257ffd20>,69,18,[8 5],70,209,227,139,198
1,<environment.Job instance at 0x7efe257fb370>,76,15,[5 5],77,222,237,145,208
1,<environment.Job instance at 0x7efe257fb550>,77,16,[3 5],78,227,243,149,214
1,<environment.Job instance at 0x7efe257fb1e0>,78,18,[8 4],79,237,255,158,226
1,<environment.Job instance at 0x7efe257fb5f0>,81,14,[6 5],82,243,257,161,228
1,<environment.Job instance at 0x7efe257fb5a0>,82,13,[9 3],83,255,268,172,239
1,<environment.Job instance at 0x7efe257fb910>,83,15,[7 4],84,268,283,184,254
1,<environment.Job instance at 0x7efe257fb500>,84,12,[3 5],85,257,269,172,254
1,<environment.Job instance at 0x7efe257fbd20>,86,12,[5 8],87,269,281,182,254
1,<environment.Job instance at 0x7efe25508410>,91,15,[4 5],92,281,296,189,267
1,<environment.Job instance at 0x7efe25508a50>,96,22,[8 4],97,283,305,186,277
1,<environment.Job instance at 0x7efe24ec0960>,100,16,[9 5],101,305,321,204,292
1,<environment.Job instance at 0x7efe24ec0af0>,102,17,[8 3],103,321,338,218,309
1,<environment.Job instance at 0x7efe24ec00a0>,104,15,[3 9],105,309,324,204,309
1,<environment.Job instance at 0x7efe257f8870>,106,18,[6 1],107,324,342,217,313
1,<environment.Job instance at 0x7efe257f8730>,113,18,[6 1],114,338,356,224,327
1,<environment.Job instance at 0x7efe257f8aa0>,114,12,[8 5],115,342,354,227,327
1,<environment.Job instance at 0x7efe23f26960>,115,12,[6 1],116,354,366,238,337
1,<environment.Job instance at 0x7efe2418e730>,122,20,[2 7],123,354,374,231,347
1,<environment.Job instance at 0x7efe2418e0a0>,124,17,[5 3],125,356,373,231,347
1,<environment.Job instance at 0x7efe2418ea00>,127,17,[2 5],128,366,383,238,354
1,<environment.Job instance at 0x7efe2418ec30>,128,19,[5 7],129,374,393,245,364
1,<environment.Job instance at 0x7efe24f3fdc0>,131,22,[6 3],132,373,395,241,366
1,<environment.Job instance at 0x7efe240d0690>,133,13,[2 7],134,393,406,259,377
1,<environment.Job instance at 0x7efe240d0e60>,134,13,[8 3],135,395,408,260,379
1,<environment.Job instance at 0x7efe240d0230>,136,15,[4 5],137,383,398,246,379
1,<environment.Job instance at 0x7efe240d03c0>,138,14,[5 3],139,398,412,259,383
1,<environment.Job instance at 0x7efe2445c960>,145,19,[ 1 10],146,408,427,262,398
1,<environment.Job instance at 0x7efe2ddc5500>,148,17,[9 4],149,412,429,263,400
1,<environment.Job instance at 0x7efe24b14e10>,154,22,[3 7],155,427,449,272,421
1,<environment.Job instance at 0x7efe25445e10>,155,16,[9 1],156,429,445,273,421
1,<environment.Job instance at 0x7efe25445640>,156,14,[8 5],157,445,459,288,430
1,<environment.Job instance at 0x7efe2545a460>,14,26,[2 9],15,449,475,434,447
1,<environment.Job instance at 0x7efe257ecaa0>,30,21,[5 7],31,475,496,444,467
1,<environment.Job instance at 0x7efe246009b0>,0,27,[7 2],1,467,494,466,467
1,<environment.Job instance at 0x7ff554b29320>,1,15,[5 2],2,2,17,0,2
1,<environment.Job instance at 0x7ff54b53dbe0>,5,18,[7 5],6,6,24,0,6
1,<environment.Job instance at 0x7ff54b53ddc0>,7,12,[7 2],8,17,29,9,8
1,<environment.Job instance at 0x7ff54b53dfa0>,9,17,[8 1],10,24,41,14,12
1,<environment.Job instance at 0x7ff54b53deb0>,10,14,[ 1 14],11,29,43,18,16
1,<environment.Job instance at 0x7ff54b540230>,18,18,[3 6],19,43,61,24,32
1,<environment.Job instance at 0x7ff54b540780>,20,18,[7 5],21,43,61,22,32
1,<environment.Job instance at 0x7ff54b540960>,23,18,[7 4],24,61,79,37,50
1,<environment.Job instance at 0x7ff54b540b40>,26,20,[4 8],27,61,81,34,52
1,<environment.Job instance at 0x7ff54b540c80>,28,20,[5 8],29,81,101,52,72
1,<environment.Job instance at 0x7ff54b540dc0>,30,15,[8 2],31,79,94,48,72
1,<environment.Job instance at 0x7ff54b540e60>,31,13,[4 5],32,94,107,62,78
1,<environment.Job instance at 0x7ff54b540640>,33,16,[9 3],34,101,117,67,88
1,<environment.Job instance at 0x7ff54b540fa0>,34,20,[5 3],35,107,127,72,98
1,<environment.Job instance at 0x7ff54b543320>,37,22,[2 5],38,117,139,79,110
1,<environment.Job instance at 0x7ff54b543460>,39,13,[5 4],40,117,130,77,110
1,<environment.Job instance at 0x7ff54b543500>,40,19,[ 3 10],41,130,149,89,120
1,<environment.Job instance at 0x7ff54b5436e0>,43,14,[6 1],44,139,153,95,124
1,<environment.Job instance at 0x7ff54b543780>,44,14,[8 4],45,149,163,104,134
1,<environment.Job instance at 0x7ff54b543960>,47,16,[6 2],48,153,169,105,140
1,<environment.Job instance at 0x7ff54b543aa0>,49,23,[2 6],50,163,186,113,157
1,<environment.Job instance at 0x7ff54b543b90>,53,22,[9 5],54,169,191,115,164
1,<environment.Job instance at 0x7ff54b543190>,55,15,[6 2],56,186,201,130,172
1,<environment.Job instance at 0x7ff54b543f00>,56,13,[10  1],57,201,214,144,185
1,<environment.Job instance at 0x7ff54b543f50>,57,22,[6 5],58,214,236,156,207
1,<environment.Job instance at 0x7ff54b5460f0>,60,23,[5 7],61,207,230,146,207
1,<environment.Job instance at 0x7ff54b546230>,61,14,[ 2 10],62,230,244,168,215
1,<environment.Job instance at 0x7ff54b546550>,66,12,[6 1],67,236,248,169,219
1,<environment.Job instance at 0x7ff54b5465f0>,67,13,[3 5],68,244,257,176,228
1,<environment.Job instance at 0x7ff54b5467d0>,70,22,[5 6],71,244,266,173,237
1,<environment.Job instance at 0x7ff54b546870>,71,13,[7 2],72,248,261,176,237
1,<environment.Job instance at 0x7ff54b546960>,72,18,[5 5],73,261,279,188,250
1,<environment.Job instance at 0x7ff54b546c30>,74,14,[9 1],75,266,280,191,251
1,<environment.Job instance at 0x7ff54b546cd0>,75,19,[8 3],76,280,299,204,270
1,<environment.Job instance at 0x7ff54b546d70>,76,18,[ 2 10],77,279,297,202,270
1,<environment.Job instance at 0x7ff54b5469b0>,78,13,[1 5],79,297,310,218,281
1,<environment.Job instance at 0x7ff54b546be0>,79,15,[4 7],80,297,312,217,283
1,<environment.Job instance at 0x7ff54b546f00>,80,19,[8 4],81,310,329,229,300
1,<environment.Job instance at 0x7ff54b549050>,81,17,[2 7],82,312,329,230,300
1,<environment.Job instance at 0x7ff54b5494b0>,87,17,[7 4],88,329,346,241,317
1,<environment.Job instance at 0x7ff54b549780>,90,22,[5 5],91,329,351,238,322
1,<environment.Job instance at 0x7ff54b549e60>,98,20,[10  4],99,346,366,247,337
1,<environment.Job instance at 0x7ff54b549c80>,99,14,[6 1],100,366,380,266,351
1,<environment.Job instance at 0x7ff54b54b3c0>,107,17,[5 6],108,351,368,243,351
1,<environment.Job instance at 0x7ff54b54b780>,110,15,[2 6],111,366,381,255,352
1,<environment.Job instance at 0x7ff54b54b9b0>,114,20,[5 7],115,368,388,253,359
1,<environment.Job instance at 0x7ff54b54bb90>,117,21,[1 6],118,381,402,263,373
1,<environment.Job instance at 0x7ff54b54bcd0>,119,14,[9 1],120,381,395,261,373
1,<environment.Job instance at 0x7ff54b54bd20>,120,15,[9 2],121,395,410,274,381
1,<environment.Job instance at 0x7ff554b54b90>,123,16,[1 8],124,402,418,278,389
1,<environment.Job instance at 0x7ff554b740f0>,125,18,[11  5],126,410,428,284,399
1,<environment.Job instance at 0x7ff54b533af0>,128,19,[1 9],129,418,437,289,408
1,<environment.Job instance at 0x7ff54b533910>,129,19,[4 7],130,437,456,307,427
1,<environment.Job instance at 0x7ff54b533690>,130,21,[4 6],131,428,449,297,427
1,<environment.Job instance at 0x7ff54b65fdc0>,134,22,[2 9],135,456,478,321,449
1,<environment.Job instance at 0x7ff54b533280>,135,16,[5 2],136,449,465,313,449
1,<environment.Job instance at 0x7ff54b5c4960>,142,18,[10  5],143,465,483,322,454
1,<environment.Job instance at 0x7ff54b65b2d0>,150,15,[6 2],151,483,498,332,469
1,<environment.Job instance at 0x7ff54b65c820>,151,15,[6 2],152,483,498,331,469
1,<environment.Job instance at 0x7ff54b6c9910>,155,13,[2 6],156,478,491,322,469
1,<environment.Job instance at 0x7ff54b76e050>,157,16,[6 2],158,498,514,340,485
1,<environment.Job instance at 0x7ff54b649eb0>,160,15,[8 3],161,498,513,337,485
1,<environment.Job instance at 0x7ff54b560e10>,167,13,[4 5],168,513,526,345,497
1,<environment.Job instance at 0x7ff54b6603c0>,168,22,[ 2 10],169,514,536,345,507
1,<environment.Job instance at 0x7ff554b29230>,0,24,[2 8],1,536,560,535,531
1,<environment.Job instance at 0x7ff54b5402d0>,13,27,[3 8],14,5028,5055,5014,5028
1,<environment.Job instance at 0x7ff54b549c30>,1,18,[ 4 10],2,2,20,0,2
1,<environment.Job instance at 0x7ff54af15500>,2,22,[6 4],3,3,25,0,3
1,<environment.Job instance at 0x7ff54af15820>,3,16,[7 1],4,20,36,16,7
1,<environment.Job instance at 0x7ff54af9e910>,12,14,[4 7],13,25,39,12,13
1,<environment.Job instance at 0x7ff54af9edc0>,15,19,[5 1],16,36,55,20,26
1,<environment.Job instance at 0x7ff54af9ef50>,17,22,[1 7],18,36,58,18,36
1,<environment.Job instance at 0x7ff54afa6fa0>,28,17,[10  5],29,55,72,26,43
1,<environment.Job instance at 0x7ff54afab280>,38,17,[10  2],39,72,89,33,60
1,<environment.Job instance at 0x7ff54afab2d0>,44,17,[2 9],45,72,89,27,72
1,<environment.Job instance at 0x7ff54afabbe0>,46,17,[10  4],47,89,106,42,77
1,<environment.Job instance at 0x7ff54afab550>,49,17,[2 8],50,89,106,39,78
1,<environment.Job instance at 0x7ff54afabeb0>,50,12,[5 9],51,106,118,55,89
1,<environment.Job instance at 0x7ff54b05b5a0>,52,20,[5 7],53,118,138,65,109
1,<environment.Job instance at 0x7ff54b0a40f0>,53,15,[5 9],54,138,153,84,124
1,<environment.Job instance at 0x7ff54b014690>,57,15,[5 6],58,124,139,66,124
1,<environment.Job instance at 0x7ff54b101410>,60,15,[ 5 10],61,153,168,92,139
1,<environment.Job instance at 0x7ff54aed0050>,67,20,[5 2],68,139,159,71,139
1,<environment.Job instance at 0x7ff54b38b280>,68,20,[7 4],69,159,179,90,150
1,<environment.Job instance at 0x7ff54afbaf50>,69,20,[6 2],70,168,188,98,159
1,<environment.Job instance at 0x7ff54adcd690>,73,18,[8 5],74,179,197,105,168
1,<environment.Job instance at 0x7ff54ada2640>,79,21,[6 4],80,188,209,108,180
1,<environment.Job instance at 0x7ff54ab8d690>,80,17,[2 6],81,197,214,116,185
1,<environment.Job instance at 0x7ff54ab46b90>,82,17,[8 5],83,209,226,126,197
1,<environment.Job instance at 0x7ff54ac125f0>,84,19,[10  4],85,226,245,141,216
1,<environment.Job instance at 0x7ff54ab8b6e0>,88,17,[1 7],89,220,237,131,220
1,<environment.Job instance at 0x7ff54aad5500>,90,12,[6 2],91,245,257,154,228
1,<environment.Job instance at 0x7ff54acfd870>,94,12,[1 8],95,237,249,142,236
1,<environment.Job instance at 0x7ff54af15e60>,5,14,[11  3],6,257,271,251,242
1,<environment.Job instance at 0x7ff54aae2500>,95,22,[3 8],96,252,274,156,252
1,<environment.Job instance at 0x7ff54aaecb40>,98,13,[3 5],99,271,284,172,255
1,<environment.Job instance at 0x7ff54aaec870>,101,22,[6 1],102,271,293,169,264
1,<environment.Job instance at 0x7ff54aaec0a0>,102,14,[3 5],103,274,288,171,264
1,<environment.Job instance at 0x7ff54aaec4b0>,103,21,[5 1],104,284,305,180,276
1,<environment.Job instance at 0x7ff54aaecdc0>,105,20,[5 5],106,293,313,187,284
1,<environment.Job instance at 0x7ff54aaec140>,106,18,[4 9],107,288,306,181,285
1,<environment.Job instance at 0x7ff54aaec1e0>,107,20,[3 7],108,306,326,198,299
1,<environment.Job instance at 0x7ff54aaef9b0>,119,16,[7 2],120,306,322,186,299
1,<environment.Job instance at 0x7ff54aae98c0>,122,12,[2 7],123,322,334,199,307
1,<environment.Job instance at 0x7ff54aae9fa0>,126,18,[7 1],127,322,340,195,311
1,<environment.Job instance at 0x7ff54ac185f0>,131,15,[4 8],132,334,349,202,320
1,<environment.Job instance at 0x7ff54ab5d1e0>,133,22,[10  2],134,340,362,206,333
1,<environment.Job instance at 0x7ff54abc3a50>,136,14,[5 3],137,349,363,212,334
1,<environment.Job instance at 0x7ff54ac7b960>,137,14,[8 5],138,362,376,224,347
1,<environment.Job instance at 0x7ff54aae27d0>,96,19,[ 3 14],97,376,395,279,368
1,<environment.Job instance at 0x7ff54af4df50>,6,19,[ 5 14],7,395,414,388,386
1,<environment.Job instance at 0x7ff54ac7b320>,139,16,[ 4 13],140,414,430,274,409
1,<environment.Job instance at 0x7ff54ab70b40>,141,25,[10  5],142,430,455,288,426
1,<environment.Job instance at 0x7ff554c9a960>,150,14,[7 2],151,455,469,304,440
1,<environment.Job instance at 0x7ff54aaf0d70>,151,19,[8 2],152,455,474,303,445
1,<environment.Job instance at 0x7ff54ab689b0>,152,22,[ 3 14],153,474,496,321,467
1,<environment.Job instance at 0x7ff54ab68f50>,154,16,[8 3],155,496,512,341,484
1,<environment.Job instance at 0x7ff54ab68a50>,153,28,[14  4],154,512,540,358,511
1,<environment.Job instance at 0x7ff54aaf11e0>,164,24,[12  1],165,540,564,375,535
1,<environment.Job instance at 0x7ff54aaf1550>,165,13,[2 5],166,540,553,374,535
1,<environment.Job instance at 0x7ff554c955f0>,163,16,[2 8],164,553,569,389,551
1,<environment.Job instance at 0x7ff54ac1b140>,166,18,[13  2],167,564,582,397,553
1,<environment.Job instance at 0x7ff54b4e2550>,0,18,[11  1],1,630,648,629,630
1,<environment.Job instance at 0x7ff54af4d320>,7,18,[10  1],8,5688,5706,5680,5688
1,<environment.Job instance at 0x7ff54ac7b1e0>,0,12,[4 7],1,1,13,0,1
1,<environment.Job instance at 0x7ff54ac7bd20>,1,26,[5 3],2,2,28,0,2
1,<environment.Job instance at 0x7ff54ac7bb40>,4,20,[7 3],5,13,33,8,5
1,<environment.Job instance at 0x7ff54ac7b190>,7,17,[6 3],8,28,45,20,16
1,<environment.Job instance at 0x7ff54ac7b140>,10,17,[2 8],11,18,35,7,18
1,<environment.Job instance at 0x7ff54ac7bfa0>,16,15,[5 7],17,35,50,18,24
1,<environment.Job instance at 0x7ff54ab2a230>,20,17,[5 4],21,45,62,24,33
1,<environment.Job instance at 0x7ff54ab2a3c0>,23,14,[4 9],24,50,64,26,35
1,<environment.Job instance at 0x7ff54ac7b280>,9,24,[ 5 11],10,64,88,54,59
1,<environment.Job instance at 0x7ff54ac7bf00>,6,12,[ 3 11],7,88,100,81,71
1,<environment.Job instance at 0x7ff54ab2ac30>,27,13,[7 5],28,100,113,72,84
1,<environment.Job instance at 0x7ff54ab2a500>,26,18,[8 1],27,101,119,74,101
1,<environment.Job instance at 0x7ff54ab2ab40>,32,15,[10  5],33,119,134,86,105
1,<environment.Job instance at 0x7ff54ab2a960>,28,13,[1 7],29,113,126,84,105
1,<environment.Job instance at 0x7ff54ab2a6e0>,34,19,[3 9],35,126,145,91,116
1,<environment.Job instance at 0x7ff54ab1e5f0>,38,15,[4 9],39,145,160,106,131
1,<environment.Job instance at 0x7ff54ab1eb40>,40,14,[3 6],41,134,148,93,131
1,<environment.Job instance at 0x7ff54ac125a0>,43,21,[8 2],44,148,169,104,140
1,<environment.Job instance at 0x7ff54ac128c0>,45,12,[9 3],46,169,181,123,152
1,<environment.Job instance at 0x7ff54ac12b40>,51,16,[4 8],52,160,176,108,152
1,<environment.Job instance at 0x7ff54ac12b90>,53,21,[3 9],54,176,197,122,168
1,<environment.Job instance at 0x7ff54ac120f0>,54,22,[7 4],55,181,203,126,174
1,<environment.Job instance at 0x7ff54ac127d0>,56,12,[5 4],57,197,209,140,180
1,<environment.Job instance at 0x7ff54abda820>,60,17,[2 6],61,197,214,136,185
1,<environment.Job instance at 0x7ff54abda320>,65,14,[9 5],66,209,223,143,194
1,<environment.Job instance at 0x7ff54abdaf50>,68,17,[2 8],69,214,231,145,202
1,<environment.Job instance at 0x7ff54ac3d140>,84,20,[2 8],85,231,251,146,222
1,<environment.Job instance at 0x7ff54ac3dc80>,87,21,[5 9],88,251,272,163,243
1,<environment.Job instance at 0x7ff54ac3dd20>,94,15,[6 4],95,243,258,148,243
1,<environment.Job instance at 0x7ff54ac3d0a0>,99,16,[2 6],100,258,274,158,245
1,<environment.Job instance at 0x7ff54ac21190>,115,14,[5 8],116,272,286,156,257
1,<environment.Job instance at 0x7ff54ac218c0>,119,19,[6 4],120,274,293,154,264
1,<environment.Job instance at 0x7ff54ac215a0>,120,22,[5 6],121,286,308,165,279
1,<environment.Job instance at 0x7ff54ac21c30>,125,14,[3 6],126,293,307,167,279
1,<environment.Job instance at 0x7ff54ac43e60>,129,16,[2 5],130,307,323,177,294
1,<environment.Job instance at 0x7ff54af13af0>,133,14,[1 9],134,308,322,174,294
1,<environment.Job instance at 0x7ff54ab24e60>,135,21,[5 4],136,322,343,186,314
1,<environment.Job instance at 0x7ff54ab24640>,139,12,[2 9],140,323,335,183,314
1,<environment.Job instance at 0x7ff54ab8b640>,149,16,[7 3],150,335,351,185,322
1,<environment.Job instance at 0x7ff54b350cd0>,154,17,[2 5],155,335,352,180,324
1,<environment.Job instance at 0x7ff54b0a4eb0>,155,14,[8 2],156,351,365,195,336
1,<environment.Job instance at 0x7ff54ab885a0>,161,18,[5 8],162,353,371,191,353
1,<environment.Job instance at 0x7ff54b2c2230>,163,17,[6 1],164,365,382,201,353
1,<environment.Job instance at 0x7ff54b7a15a0>,166,15,[9 2],167,371,386,204,357
1,<environment.Job instance at 0x7ff54b152820>,167,21,[3 9],168,382,403,214,374
1,<environment.Job instance at 0x7ff54b7a10a0>,168,17,[7 3],169,386,403,217,374
1,<environment.Job instance at 0x7ff54aaa1640>,3,18,[4 7],4,4,22,0,4
1,<environment.Job instance at 0x7ff54ab2a870>,6,20,[2 6],7,9,29,2,9
1,<environment.Job instance at 0x7ff54aaa1cd0>,11,17,[10  4],12,22,39,10,13
1,<environment.Job instance at 0x7ff54aaa1dc0>,13,16,[8 4],14,39,55,25,26
1,<environment.Job instance at 0x7ff54aaa1fa0>,16,15,[5 7],17,29,44,12,27
1,<environment.Job instance at 0x7ff54aaa1910>,8,25,[1 6],9,44,69,35,40
1,<environment.Job instance at 0x7ff54aaa3050>,20,12,[8 1],21,55,67,34,40
1,<environment.Job instance at 0x7ff54aaa1870>,5,15,[14  3],6,67,82,61,53
1,<environment.Job instance at 0x7ff54aaa30f0>,19,19,[10  1],20,82,101,62,72
1,<environment.Job instance at 0x7ff54aaa36e0>,26,13,[10  5],27,101,114,74,85
1,<environment.Job instance at 0x7ff54aaa3690>,29,12,[5 5],30,85,97,55,85
1,<environment.Job instance at 0x7ff54aaa3a00>,31,22,[4 9],32,97,119,65,93
1,<environment.Job instance at 0x7ff54aaa3b40>,33,21,[4 9],34,119,140,85,111
1,<environment.Job instance at 0x7ff54aaa3320>,22,25,[11  2],23,114,139,91,111
1,<environment.Job instance at 0x7ff54aaa3be0>,34,13,[ 5 10],35,140,153,105,125
1,<environment.Job instance at 0x7ff54aaa3c80>,35,15,[7 2],36,139,154,103,128
1,<environment.Job instance at 0x7ff54aaa3f00>,39,15,[2 6],40,153,168,113,139
1,<environment.Job instance at 0x7ff54aaa37d0>,40,28,[9 5],41,154,182,113,154
1,<environment.Job instance at 0x7ff54aaa6500>,46,13,[12  1],47,182,195,135,166
1,<environment.Job instance at 0x7ff54aaa65a0>,47,14,[ 3 10],48,168,182,120,166
1,<environment.Job instance at 0x7ff54aaa6640>,48,24,[3 9],49,182,206,133,177
1,<environment.Job instance at 0x7ff54aaa66e0>,49,13,[6 2],50,195,208,145,179
1,<environment.Job instance at 0x7ff54aaa6460>,45,17,[ 5 10],46,206,223,160,194
1,<environment.Job instance at 0x7ff54aaa6c30>,57,14,[7 5],58,208,222,150,194
1,<environment.Job instance at 0x7ff54aaa6cd0>,58,12,[6 1],59,222,234,163,205
1,<environment.Job instance at 0x7ff54aaa6e10>,60,21,[5 1],61,223,244,162,215
1,<environment.Job instance at 0x7ff54aaa6a50>,62,14,[9 5],63,234,248,171,219
1,<environment.Job instance at 0x7ff54aaa94b0>,70,12,[8 2],71,248,260,177,231
1,<environment.Job instance at 0x7ff54aaa9460>,74,16,[5 5],75,244,260,169,231
1,<environment.Job instance at 0x7ff54aaa98c0>,77,19,[5 7],78,260,279,182,250
1,<environment.Job instance at 0x7ff54aaa9960>,78,18,[1 5],79,250,268,171,250
1,<environment.Job instance at 0x7ff54ac1ed70>,80,22,[7 1],81,260,282,179,253
1,<environment.Job instance at 0x7ff54ac42320>,81,17,[7 4],82,279,296,197,267
1,<environment.Job instance at 0x7ff54aa97460>,83,12,[4 8],84,282,294,198,267
1,<environment.Job instance at 0x7ff54aa97960>,84,12,[8 2],85,294,306,209,277
1,<environment.Job instance at 0x7ff54aaa1a00>,7,23,[ 2 13],8,296,319,288,290
1,<environment.Job instance at 0x7ff54aa976e0>,89,12,[5 5],90,319,331,229,302
1,<environment.Job instance at 0x7ff54b220230>,92,14,[4 9],93,319,333,226,304
1,<environment.Job instance at 0x7ff54aa978c0>,91,17,[2 7],92,333,350,241,321
1,<environment.Job instance at 0x7ff54aea75a0>,95,12,[4 8],96,333,345,237,322
1,<environment.Job instance at 0x7ff54b2371e0>,105,16,[5 5],106,345,361,239,332
1,<environment.Job instance at 0x7ff54c06a5f0>,107,17,[4 5],108,350,367,242,344
1,<environment.Job instance at 0x7ff54c06ae10>,108,13,[8 5],109,361,374,252,346
1,<environment.Job instance at 0x7ff54b99c550>,109,13,[3 9],110,367,380,257,359
1,<environment.Job instance at 0x7ff54b3900a0>,111,16,[6 5],112,374,390,262,361
1,<environment.Job instance at 0x7ff54aecacd0>,115,12,[1 9],116,380,392,264,375
1,<environment.Job instance at 0x7ff54b234460>,116,15,[8 2],117,390,405,273,376
1,<environment.Job instance at 0x7ff54b234190>,117,21,[7 2],118,392,413,274,386
1,<environment.Job instance at 0x7ff54aecd4b0>,93,18,[14  1],94,413,431,319,402
1,<environment.Job instance at 0x7ff54b2343c0>,119,12,[ 1 11],120,405,417,285,402
1,<environment.Job instance at 0x7ff54b2349b0>,118,15,[ 5 10],119,431,446,312,417
1,<environment.Job instance at 0x7ff54b240910>,121,13,[6 1],122,431,444,309,417
1,<environment.Job instance at 0x7ff54b240b40>,122,13,[1 8],123,417,430,294,417
1,<environment.Job instance at 0x7ff54b240dc0>,123,21,[10  4],124,444,465,320,436
1,<environment.Job instance at 0x7ff54b240370>,126,15,[6 1],127,465,480,338,451
1,<environment.Job instance at 0x7ff54b240f50>,128,14,[6 5],129,465,479,336,451
1,<environment.Job instance at 0x7ff54b234640>,120,28,[3 6],121,451,479,330,451
1,<environment.Job instance at 0x7ff54b240a00>,130,12,[1 5],131,451,463,320,451
1,<environment.Job instance at 0x7ff54b240d70>,131,24,[ 4 10],132,479,503,347,474
1,<environment.Job instance at 0x7ff54aaa6780>,50,20,[6 5],51,480,500,429,474
1,<environment.Job instance at 0x7ff54b240b90>,132,24,[ 2 14],133,503,527,370,498
1,<environment.Job instance at 0x7ff54b240690>,138,23,[13  5],139,527,550,388,521
1,<environment.Job instance at 0x7ff54b2405f0>,137,21,[1 9],138,531,552,393,531
1,<environment.Job instance at 0x7ff54b240140>,140,21,[5 4],141,550,571,409,542
1,<environment.Job instance at 0x7ff54b240e10>,141,15,[10  1],142,552,567,410,542
1,<environment.Job instance at 0x7ff54b240190>,142,20,[4 5],143,567,587,424,558
1,<environment.Job instance at 0x7ff54aec1af0>,149,14,[6 5],150,567,581,417,558
1,<environment.Job instance at 0x7ff54aec2d70>,150,13,[5 8],151,581,594,430,565
1,<environment.Job instance at 0x7ff54aeb1960>,157,13,[7 5],158,587,600,429,571
1,<environment.Job instance at 0x7ff54aeb1780>,158,13,[1 8],159,594,607,435,578
1,<environment.Job instance at 0x7ff54b23a050>,162,22,[7 5],163,600,622,437,593
1,<environment.Job instance at 0x7ff54b23a230>,167,13,[10  4],168,622,635,454,606
1,<environment.Job instance at 0x7ff54b2401e0>,139,19,[ 3 13],140,635,654,495,627
1,<environment.Job instance at 0x7ff54b240c30>,133,16,[12  2],134,635,651,501,630
1,<environment.Job instance at 0x7ff54ac18730>,0,28,[7 2],1,651,679,650,650
1,<environment.Job instance at 0x7ff54ac208c0>,1,13,[ 4 10],2,2,15,0,2
1,<environment.Job instance at 0x7ff54b7f7c80>,2,17,[3 9],3,15,32,12,3
1,<environment.Job instance at 0x7ff54b23feb0>,0,15,[10  4],1,4,19,3,4
1,<environment.Job instance at 0x7ff554bcab40>,7,12,[5 1],8,19,31,11,8
1,<environment.Job instance at 0x7ff54b3505f0>,23,18,[6 5],24,26,44,2,26
1,<environment.Job instance at 0x7ff54b350dc0>,28,12,[1 7],29,32,44,3,29
1,<environment.Job instance at 0x7ff54b350500>,13,24,[9 5],14,44,68,30,41
1,<environment.Job instance at 0x7ff54b35daa0>,32,18,[5 8],33,64,82,31,64
1,<environment.Job instance at 0x7ff54b35d410>,37,18,[6 5],38,68,86,30,66
1,<environment.Job instance at 0x7ff54b35d320>,38,17,[9 4],39,82,99,43,71
1,<environment.Job instance at 0x7ff54b5d5960>,41,18,[5 7],42,94,112,52,94
1,<environment.Job instance at 0x7ff54b5d5640>,42,15,[6 2],43,99,114,56,97
1,<environment.Job instance at 0x7ff54b5d53c0>,50,19,[5 6],51,112,131,61,105
1,<environment.Job instance at 0x7ff54b3503c0>,10,14,[12  5],11,131,145,120,116
1,<environment.Job instance at 0x7ff54b350370>,33,25,[12  1],34,145,170,111,141
1,<environment.Job instance at 0x7ff54b59fb40>,60,14,[1 7],61,154,168,93,154
1,<environment.Job instance at 0x7ff54b59f0f0>,65,14,[1 6],66,156,170,90,156
1,<environment.Job instance at 0x7ff54b59f190>,66,15,[5 7],67,170,185,103,156
1,<environment.Job instance at 0x7ff54b64b690>,70,18,[5 2],71,170,188,99,162
1,<environment.Job instance at 0x7ff54b59f640>,63,15,[12  3],64,188,203,124,174
1,<environment.Job instance at 0x7ff54b64b7d0>,72,14,[8 3],73,203,217,130,188
1,<environment.Job instance at 0x7ff54b64b320>,73,18,[12  3],74,217,235,143,206
1,<environment.Job instance at 0x7ff54b64b730>,74,23,[2 6],75,206,229,131,206
1,<environment.Job instance at 0x7ff54b64ba00>,71,20,[3 7],72,229,249,157,220
1,<environment.Job instance at 0x7ff54b64b640>,75,21,[2 8],76,235,256,159,227
1,<environment.Job instance at 0x7ff54b59f280>,62,14,[6 2],63,249,263,186,237
1,<environment.Job instance at 0x7ff54b64b410>,83,20,[8 2],84,256,276,172,247
1,<environment.Job instance at 0x7ff54b64b140>,84,15,[5 8],85,263,278,178,249
1,<environment.Job instance at 0x7ff54b5cf1e0>,112,19,[5 3],113,276,295,163,266
1,<environment.Job instance at 0x7ff54b5d0d20>,114,21,[6 4],115,278,299,163,270
1,<environment.Job instance at 0x7ff54b5d0e60>,118,13,[5 3],119,295,308,176,279
1,<environment.Job instance at 0x7ff54b514190>,126,16,[9 4],127,299,315,172,286
1,<environment.Job instance at 0x7ff54b514820>,131,18,[5 5],132,308,326,176,297
1,<environment.Job instance at 0x7ff54b514730>,132,16,[5 5],133,315,331,182,302
1,<environment.Job instance at 0x7ff54b514c30>,137,18,[9 5],138,326,344,188,315
1,<environment.Job instance at 0x7ff54b5da050>,146,16,[8 3],147,344,360,197,331
1,<environment.Job instance at 0x7ff54b645730>,153,18,[5 5],154,342,360,188,342
1,<environment.Job instance at 0x7ff54b645c80>,154,20,[5 9],155,360,380,205,354
1,<environment.Job instance at 0x7ff54b655fa0>,164,18,[8 3],165,360,378,195,356
1,<environment.Job instance at 0x7ff54b250e10>,167,15,[6 2],168,378,393,210,364
1,<environment.Job instance at 0x7ff54b250e60>,168,17,[7 4],169,380,397,211,368
1,<environment.Job instance at 0x7ff54b64beb0>,81,22,[8 1],82,531,553,449,531
1,<environment.Job instance at 0x7ff54a8fa0a0>,0,12,[11  2],1,1,13,0,1
1,<environment.Job instance at 0x7ff54affadc0>,1,17,[3 5],2,2,19,0,2
1,<environment.Job instance at 0x7ff54a7c2550>,3,14,[6 1],4,13,27,9,4
1,<environment.Job instance at 0x7ff54aeda3c0>,2,16,[ 3 13],3,19,35,16,6
1,<environment.Job instance at 0x7ff54b356230>,10,14,[2 5],11,35,49,24,21
1,<environment.Job instance at 0x7ff54a928690>,7,13,[9 5],8,35,48,27,23
1,<environment.Job instance at 0x7ff54bf071e0>,6,27,[3 5],7,35,62,28,34
1,<environment.Job instance at 0x7ff54b356550>,8,16,[3 6],9,49,65,40,36
1,<environment.Job instance at 0x7ff54a7fa370>,14,17,[10  4],15,62,79,47,50
1,<environment.Job instance at 0x7ff54a7fa730>,18,14,[2 7],19,65,79,46,50
1,<environment.Job instance at 0x7ff54a9a0d20>,19,20,[1 7],20,79,99,59,77
1,<environment.Job instance at 0x7ff54a7fa960>,20,14,[3 7],21,79,93,58,78
1,<environment.Job instance at 0x7ff54a7fa7d0>,11,26,[7 2],12,97,123,85,97
1,<environment.Job instance at 0x7ff54a7fa6e0>,13,28,[ 2 12],14,99,127,85,98
1,<environment.Job instance at 0x7ff54bf11aa0>,23,12,[13  5],24,127,139,103,110
1,<environment.Job instance at 0x7ff54bf116e0>,21,20,[9 4],22,139,159,117,130
1,<environment.Job instance at 0x7ff54bb53320>,27,21,[5 9],28,139,160,111,131
1,<environment.Job instance at 0x7ff54bb53500>,29,12,[5 7],30,160,172,130,143
1,<environment.Job instance at 0x7ff54bb53c80>,31,20,[7 4],32,159,179,127,150
1,<environment.Job instance at 0x7ff54a805c80>,35,18,[1 6],36,172,190,136,161
1,<environment.Job instance at 0x7ff54bc42be0>,36,15,[6 1],37,172,187,135,161
1,<environment.Job instance at 0x7ff54b8d5410>,38,17,[5 5],39,179,196,140,167
1,<environment.Job instance at 0x7ff54b8d58c0>,39,17,[4 6],40,190,207,150,178
1,<environment.Job instance at 0x7ff54ac43b90>,40,13,[3 8],41,196,209,155,180
1,<environment.Job instance at 0x7ff54ac43870>,42,17,[1 8],43,209,226,166,197
1,<environment.Job instance at 0x7ff54ac43320>,44,17,[1 9],45,226,243,181,214
1,<environment.Job instance at 0x7ff54bcdd910>,46,13,[9 2],47,214,227,167,214
1,<environment.Job instance at 0x7ff54bc84c80>,51,16,[6 3],52,227,243,175,214
1,<environment.Job instance at 0x7ff54b7d0fa0>,56,21,[8 1],57,227,248,170,226
1,<environment.Job instance at 0x7ff54ba9eaf0>,60,18,[10  5],61,248,266,187,237
1,<environment.Job instance at 0x7ff54b7d02d0>,63,19,[ 4 10],64,243,262,179,239
1,<environment.Job instance at 0x7ff54b879d70>,64,18,[10  1],65,266,284,201,255
1,<environment.Job instance at 0x7ff54c097a00>,66,15,[9 4],67,284,299,217,270
1,<environment.Job instance at 0x7ff54bf8b190>,67,21,[4 6],68,270,291,202,270
1,<environment.Job instance at 0x7ff54bfb0b90>,68,14,[5 7],69,291,305,222,276
1,<environment.Job instance at 0x7ff54bf72500>,76,20,[5 7],77,299,319,222,290
1,<environment.Job instance at 0x7ff54bb5cfa0>,77,16,[4 8],78,305,321,227,292
1,<environment.Job instance at 0x7ff54bb5cf00>,79,15,[2 8],80,321,336,241,307
1,<environment.Job instance at 0x7ff54bafda00>,81,12,[6 1],82,319,331,237,307
1,<environment.Job instance at 0x7ff54b778fa0>,84,16,[10  5],85,331,347,246,318
1,<environment.Job instance at 0x7ff54bbbe8c0>,86,16,[1 7],87,336,352,249,323
1,<environment.Job instance at 0x7ff54b8ae690>,87,22,[2 7],88,347,369,259,340
1,<environment.Job instance at 0x7ff54b8ae3c0>,89,13,[ 1 10],90,369,382,279,353
1,<environment.Job instance at 0x7ff54bb16e10>,92,16,[9 4],93,353,369,260,353
1,<environment.Job instance at 0x7ff54bb167d0>,93,13,[8 2],94,369,382,275,353
1,<environment.Job instance at 0x7ff54a760d70>,99,13,[1 8],100,382,395,282,366
1,<environment.Job instance at 0x7ff54b9d3500>,104,19,[2 9],105,395,414,290,385
1,<environment.Job instance at 0x7ff54b150eb0>,105,19,[7 3],106,385,404,279,385
1,<environment.Job instance at 0x7ff54b1500f0>,107,18,[2 7],108,414,432,306,403
1,<environment.Job instance at 0x7ff54bb04960>,109,18,[3 8],110,414,432,304,403
1,<environment.Job instance at 0x7ff5546a9910>,112,15,[4 8],113,432,447,319,418
1,<environment.Job instance at 0x7ff54c07f730>,117,17,[ 1 10],118,447,464,329,435
1,<environment.Job instance at 0x7ff54c07f370>,120,22,[8 3],121,438,460,317,438
1,<environment.Job instance at 0x7ff54c07f410>,123,21,[9 1],124,460,481,336,452
1,<environment.Job instance at 0x7ff54c07fc80>,125,16,[1 7],126,464,480,338,452
1,<environment.Job instance at 0x7ff54aae7500>,134,15,[2 5],135,464,479,329,457
1,<environment.Job instance at 0x7ff54aae7f50>,135,18,[9 5],136,481,499,345,470
1,<environment.Job instance at 0x7ff54aae77d0>,139,15,[7 1],140,499,514,359,485
1,<environment.Job instance at 0x7ff54aae7be0>,140,17,[2 6],141,485,502,344,485
1,<environment.Job instance at 0x7ff54af18c30>,143,22,[5 3],144,499,521,355,492
1,<environment.Job instance at 0x7ff54af18910>,152,18,[10  2],153,514,532,361,503
1,<environment.Job instance at 0x7ff54af19730>,157,15,[4 5],163,521,536,358,507
1,<environment.Job instance at 0x7ff54bf11730>,24,21,[ 1 13],25,536,557,511,528
1,<environment.Job instance at 0x7ff54c05a5f0>,0,15,[7 4],1,1,16,0,1
1,<environment.Job instance at 0x7ff54c05aaf0>,1,24,[5 1],2,2,26,0,2
1,<environment.Job instance at 0x7ff54bbf4640>,2,13,[ 5 12],3,16,29,13,3
1,<environment.Job instance at 0x7ff54b157e10>,9,21,[ 2 12],10,29,50,19,21
1,<environment.Job instance at 0x7ff54ac460f0>,10,18,[5 9],11,50,68,39,39
1,<environment.Job instance at 0x7ff54ae49690>,6,15,[5 5],7,50,65,43,39
1,<environment.Job instance at 0x7ff54ac46910>,11,17,[2 5],12,65,82,53,53
1,<environment.Job instance at 0x7ff54b2e0870>,49,21,[8 3],50,68,89,18,60
1,<environment.Job instance at 0x7ff54b2dc190>,54,20,[2 7],55,68,88,13,60
1,<environment.Job instance at 0x7ff54b480c30>,60,18,[7 5],61,88,106,27,77
1,<environment.Job instance at 0x7ff54b464320>,78,17,[8 4],79,89,106,10,88
1,<environment.Job instance at 0x7ff54b464730>,83,14,[4 9],84,106,120,22,91
1,<environment.Job instance at 0x7ff54b464af0>,89,15,[5 5],90,106,121,16,92
1,<environment.Job instance at 0x7ff54b464cd0>,92,21,[6 4],93,120,141,27,112
1,<environment.Job instance at 0x7ff54b464fa0>,96,16,[5 6],97,121,137,24,112
1,<environment.Job instance at 0x7ff54b451e10>,117,16,[7 4],118,137,153,19,124
1,<environment.Job instance at 0x7ff54b487370>,126,12,[8 4],127,141,153,14,127
1,<environment.Job instance at 0x7ff54b4875a0>,131,15,[14  4],132,153,168,21,139
1,<environment.Job instance at 0x7ff54b4878c0>,132,13,[13  5],133,168,181,35,152
1,<environment.Job instance at 0x7ff54b487960>,133,19,[12  2],134,181,200,47,171
1,<environment.Job instance at 0x7ff54b487a00>,134,24,[2 5],135,171,195,36,171
1,<environment.Job instance at 0x7ff54b487aa0>,135,17,[5 3],136,200,217,64,188
1,<environment.Job instance at 0x7ff54b487b40>,136,12,[2 7],137,195,207,58,188
1,<environment.Job instance at 0x7ff54b487be0>,137,27,[ 1 13],138,217,244,79,215
1,<environment.Job instance at 0x7ff54b487c80>,138,26,[8 2],139,215,241,76,215
1,<environment.Job instance at 0x7ff54b487fa0>,145,18,[1 7],146,244,262,98,236
1,<environment.Job instance at 0x7ff54b487e10>,139,26,[5 7],140,244,270,104,241
1,<environment.Job instance at 0x7ff54b458190>,146,16,[9 3],147,262,278,115,255
1,<environment.Job instance at 0x7ff54b458230>,147,18,[ 1 12],148,270,288,122,259
1,<environment.Job instance at 0x7ff54b4587d0>,154,14,[ 2 10],155,288,302,133,273
1,<environment.Job instance at 0x7ff54b458870>,155,27,[13  3],156,278,305,122,276
1,<environment.Job instance at 0x7ff54b458910>,156,24,[3 9],157,305,329,148,300
1,<environment.Job instance at 0x7ff54b4589b0>,157,20,[5 7],158,329,349,171,320
1,<environment.Job instance at 0x7ff54b458a50>,158,23,[14  1],159,349,372,190,343
1,<environment.Job instance at 0x7ff54b458af0>,159,27,[11  2],160,372,399,212,370
1,<environment.Job instance at 0x7ff54b458b90>,160,14,[9 1],161,399,413,238,384
1,<environment.Job instance at 0x7ff54b458c30>,161,12,[10  4],162,413,425,251,396
1,<environment.Job instance at 0x7ff54b458730>,153,18,[7 4],154,425,443,271,414
1,<environment.Job instance at 0x7ff54b458cd0>,162,22,[ 3 14],163,443,465,280,436
1,<environment.Job instance at 0x7ff54b458eb0>,165,15,[ 1 10],166,465,480,299,451
1,<environment.Job instance at 0x7ff54b458f50>,166,17,[5 1],167,451,468,284,451
1,<environment.Job instance at 0x7ff54b487460>,127,16,[1 8],128,480,496,352,467
1,<environment.Job instance at 0x7ff54b157a00>,3,15,[14  1],4,469,484,465,469
1,<environment.Job instance at 0x7ff54ae231e0>,8,21,[ 3 14],9,496,517,487,488
1,<environment.Job instance at 0x7ff54bb00230>,1,13,[9 2],2,2,15,0,2
1,<environment.Job instance at 0x7ff54ae23370>,2,12,[4 7],3,3,15,0,3
1,<environment.Job instance at 0x7ff54b4f0730>,3,17,[11  4],4,15,32,11,4
1,<environment.Job instance at 0x7ff54b4f0d70>,6,14,[4 8],7,15,29,8,7
1,<environment.Job instance at 0x7ff54b4f0690>,8,12,[1 6],9,29,41,20,12
1,<environment.Job instance at 0x7ff54b4413c0>,18,14,[5 7],19,32,46,13,19
1,<environment.Job instance at 0x7ff54b4f0050>,10,14,[8 4],11,41,55,30,28
1,<environment.Job instance at 0x7ff54b4eda00>,28,22,[ 1 10],29,46,68,17,39
1,<environment.Job instance at 0x7ff54b4ed2d0>,36,18,[1 6],37,68,86,31,57
1,<environment.Job instance at 0x7ff54aedaaa0>,41,17,[7 3],42,57,74,15,57
1,<environment.Job instance at 0x7ff54aedaf00>,47,15,[6 1],48,57,72,9,57
1,<environment.Job instance at 0x7ff54aedadc0>,56,16,[9 2],57,74,90,17,62
1,<environment.Job instance at 0x7ff54aee8280>,60,22,[1 5],61,68,90,7,62
1,<environment.Job instance at 0x7ff54aee8c80>,63,20,[1 5],64,86,106,22,77
1,<environment.Job instance at 0x7ff54aee8960>,67,18,[5 5],68,90,108,22,81
1,<environment.Job instance at 0x7ff5548f9460>,73,18,[3 8],74,106,124,32,97
1,<environment.Job instance at 0x7ff54adff3c0>,77,16,[1 6],78,108,124,30,98
1,<environment.Job instance at 0x7ff54b477730>,88,17,[8 4],89,124,141,35,112
1,<environment.Job instance at 0x7ff54adf9280>,89,16,[7 2],90,124,140,34,112
1,<environment.Job instance at 0x7ff54adf9870>,92,14,[8 5],93,141,155,48,126
1,<environment.Job instance at 0x7ff54adf9410>,94,19,[6 4],95,140,159,45,131
1,<environment.Job instance at 0x7ff54adf9230>,95,16,[1 6],96,140,156,44,131
1,<environment.Job instance at 0x7ff54b520c30>,103,16,[3 7],104,156,172,52,143
1,<environment.Job instance at 0x7ff54af14be0>,110,13,[5 5],111,159,172,48,144
1,<environment.Job instance at 0x7ff54b165aa0>,112,19,[2 6],113,172,191,59,162
1,<environment.Job instance at 0x7ff54bf29460>,116,18,[2 5],117,172,190,55,162
1,<environment.Job instance at 0x7ff54bc1ee60>,127,17,[5 7],128,190,207,62,178
1,<environment.Job instance at 0x7ff54bc1e640>,128,17,[6 2],129,178,195,49,178
1,<environment.Job instance at 0x7ff54b45c140>,131,15,[8 2],132,195,210,63,182
1,<environment.Job instance at 0x7ff54ba6ed20>,135,16,[10  3],136,210,226,74,197
1,<environment.Job instance at 0x7ff54b441c80>,19,25,[ 3 10],20,207,232,187,204
1,<environment.Job instance at 0x7ff54bc1c4b0>,140,13,[12  1],141,226,239,85,210
1,<environment.Job instance at 0x7ff54bc1c820>,139,17,[9 4],140,239,256,99,227
1,<environment.Job instance at 0x7ff54b01c0f0>,151,16,[4 6],152,239,255,87,232
1,<environment.Job instance at 0x7ff54b085be0>,162,15,[3 7],163,255,270,92,241
1,<environment.Job instance at 0x7ff54b085460>,165,19,[2 5],166,256,275,90,246
1,<environment.Job instance at 0x7ff54b0b9780>,167,16,[8 4],168,270,286,102,257
1,<environment.Job instance at 0x7ff54bf4cb40>,0,16,[13  5],1,465,481,464,465
1,<environment.Job instance at 0x7ff54b441fa0>,29,26,[3 8],30,6908,6934,6878,6908
1,<environment.Job instance at 0x7ff54b441140>,16,15,[13  5],17,6934,6949,6917,6920
1,<environment.Job instance at 0x7ff54b58ed20>,2,15,[14  2],3,5,20,2,5
1,<environment.Job instance at 0x7ff54aadd0f0>,6,15,[ 5 12],7,20,35,13,7
1,<environment.Job instance at 0x7ff54b58e0a0>,4,22,[1 8],5,35,57,30,28
1,<environment.Job instance at 0x7ff54aadd910>,11,13,[10  3],12,28,41,16,28
1,<environment.Job instance at 0x7ff54aadd870>,14,14,[3 7],15,41,55,26,28
1,<environment.Job instance at 0x7ff54a83ab90>,22,18,[3 5],23,55,73,32,44
1,<environment.Job instance at 0x7ff54a83a280>,24,18,[5 6],25,57,75,32,46
1,<environment.Job instance at 0x7ff54a83acd0>,30,20,[3 8],31,73,93,42,64
1,<environment.Job instance at 0x7ff54a83a0f0>,32,13,[3 9],33,93,106,60,77
1,<environment.Job instance at 0x7ff54b9abcd0>,34,19,[8 2],35,77,96,42,77
1,<environment.Job instance at 0x7ff54b9abeb0>,38,17,[1 5],39,96,113,57,84
1,<environment.Job instance at 0x7ff54b9ab9b0>,43,18,[7 1],44,96,114,52,85
1,<environment.Job instance at 0x7ff54b9abc30>,44,19,[7 3],45,106,125,61,96
1,<environment.Job instance at 0x7ff54b9ab320>,45,21,[5 5],46,114,135,68,106
1,<environment.Job instance at 0x7ff54b9abe60>,49,13,[5 8],50,125,138,75,109
1,<environment.Job instance at 0x7ff54a931fa0>,69,17,[5 4],70,135,152,65,123
1,<environment.Job instance at 0x7ff54a9319b0>,70,19,[5 8],71,138,157,67,128
1,<environment.Job instance at 0x7ff54a931230>,74,13,[6 5],75,152,165,77,136
1,<environment.Job instance at 0x7ff54a931f00>,79,15,[9 4],80,157,172,77,143
1,<environment.Job instance at 0x7ff54a931c80>,82,16,[8 2],83,172,188,89,159
1,<environment.Job instance at 0x7ff54a931730>,84,14,[4 7],85,165,179,80,159
1,<environment.Job instance at 0x7ff54b1cb6e0>,91,19,[2 5],92,172,191,80,162
1,<environment.Job instance at 0x7ff54b1cbd20>,95,15,[1 7],96,179,194,83,165
1,<environment.Job instance at 0x7ff54bf11320>,104,16,[4 9],105,194,210,89,181
1,<environment.Job instance at 0x7ff554c76910>,106,14,[5 4],107,191,205,84,181
1,<environment.Job instance at 0x7ff554c76af0>,107,15,[6 4],108,205,220,97,191
1,<environment.Job instance at 0x7ff554c76dc0>,108,20,[7 5],109,210,230,101,201
1,<environment.Job instance at 0x7ff54bfa9f00>,114,17,[1 6],115,210,227,95,201
1,<environment.Job instance at 0x7ff54bfa9640>,117,21,[4 5],118,227,248,109,219
1,<environment.Job instance at 0x7ff54bfa9910>,123,12,[5 8],124,230,242,106,219
1,<environment.Job instance at 0x7ff54aa54370>,125,15,[4 8],126,242,257,116,228
1,<environment.Job instance at 0x7ff54aa54b40>,126,15,[1 6],127,248,263,121,234
1,<environment.Job instance at 0x7ff54aa544b0>,131,20,[9 5],132,257,277,125,248
1,<environment.Job instance at 0x7ff54b9cd6e0>,143,14,[10  5],144,277,291,133,262
1,<environment.Job instance at 0x7ff54b9cddc0>,144,16,[10  2],145,291,307,146,278
1,<environment.Job instance at 0x7ff54bf17aa0>,151,15,[1 7],152,278,293,126,278
1,<environment.Job instance at 0x7ff54b15f9b0>,152,14,[10  2],153,307,321,154,292
1,<environment.Job instance at 0x7ff54a812280>,154,14,[4 8],155,293,307,138,292
1,<environment.Job instance at 0x7ff54b2fb0a0>,160,13,[9 3],161,321,334,160,305
1,<environment.Job instance at 0x7ff54a8507d0>,167,20,[6 5],168,321,341,153,312
1,<environment.Job instance at 0x7ff54b69ca00>,168,15,[ 5 10],169,334,349,165,320
1,<environment.Job instance at 0x7ff54b58eb90>,0,24,[ 5 13],1,516,540,515,516
1,<environment.Job instance at 0x7ff54b58ef50>,8,27,[2 9],9,746,773,737,746
1,<environment.Job instance at 0x7ff54aadd190>,7,16,[9 1],8,4032,4048,4024,4032
1,<environment.Job instance at 0x7ff5547062d0>,0,15,[5 8],1,1,16,0,1
1,<environment.Job instance at 0x7ff54ba428c0>,3,16,[2 8],4,16,32,12,4
1,<environment.Job instance at 0x7ff54ba42690>,14,14,[9 1],15,15,29,0,15
1,<environment.Job instance at 0x7ff54ba42aa0>,15,15,[3 9],16,32,47,16,18
1,<environment.Job instance at 0x7ff54ba42a50>,17,16,[5 1],18,29,45,11,18
1,<environment.Job instance at 0x7ff54ba42460>,19,13,[8 3],20,45,58,25,30
1,<environment.Job instance at 0x7ff54ba42b40>,7,15,[ 4 10],8,47,62,39,37
1,<environment.Job instance at 0x7ff54be9e410>,29,22,[2 7],30,62,84,32,55
1,<environment.Job instance at 0x7ff54be9e780>,33,13,[3 9],34,84,97,50,68
1,<environment.Job instance at 0x7ff54ac1dc80>,40,14,[9 2],41,68,82,27,68
1,<environment.Job instance at 0x7ff54ac1d640>,47,15,[3 8],48,97,112,49,83
1,<environment.Job instance at 0x7ff54ac1daa0>,48,14,[4 9],49,112,126,63,97
1,<environment.Job instance at 0x7ff554706c30>,1,24,[1 6],2,99,123,97,99
1,<environment.Job instance at 0x7ff54ac1dd70>,54,20,[4 5],55,123,143,68,114
1,<environment.Job instance at 0x7ff54bb17690>,55,18,[4 6],56,126,144,70,115
1,<environment.Job instance at 0x7ff54bb174b0>,56,14,[2 6],57,143,157,86,128
1,<environment.Job instance at 0x7ff54bb17280>,58,12,[6 5],59,144,156,85,128
1,<environment.Job instance at 0x7ff54bb17640>,65,12,[8 5],66,156,168,90,139
1,<environment.Job instance at 0x7ff54bc16280>,70,12,[2 5],71,157,169,86,140
1,<environment.Job instance at 0x7ff54bc16c30>,75,14,[8 5],76,168,182,92,153
1,<environment.Job instance at 0x7ff54bc16190>,78,20,[6 3],79,169,189,90,160
1,<environment.Job instance at 0x7ff54bc16500>,79,21,[3 6],80,182,203,102,174
1,<environment.Job instance at 0x7ff54ba78190>,84,12,[7 1],85,189,201,104,174
1,<environment.Job instance at 0x7ff54ba780f0>,87,19,[8 4],88,201,220,113,191
1,<environment.Job instance at 0x7ff54ba78af0>,88,12,[7 5],89,203,215,114,191
1,<environment.Job instance at 0x7ff54ba78870>,89,20,[3 9],90,215,235,125,206
1,<environment.Job instance at 0x7ff54b7f9190>,90,18,[9 3],91,220,238,129,209
1,<environment.Job instance at 0x7ff54b7f9eb0>,91,17,[9 4],92,238,255,146,226
1,<environment.Job instance at 0x7ff54ba42050>,10,18,[ 2 10],11,235,253,224,226
1,<environment.Job instance at 0x7ff54b7f9c80>,97,14,[5 6],98,253,267,155,238
1,<environment.Job instance at 0x7ff54b7f9af0>,98,16,[8 4],99,255,271,156,242
1,<environment.Job instance at 0x7ff54b7f9870>,96,17,[4 8],97,267,284,170,255
1,<environment.Job instance at 0x7ff54b7f95a0>,101,21,[9 3],102,271,292,169,265
1,<environment.Job instance at 0x7ff54b7f9460>,99,17,[ 5 13],100,292,309,192,281
1,<environment.Job instance at 0x7ff54b7f9370>,106,15,[ 4 12],107,309,324,202,297
1,<environment.Job instance at 0x7ff54ba4ce60>,107,13,[7 1],108,298,311,190,298
1,<environment.Job instance at 0x7ff54ba4c730>,110,12,[3 8],111,324,336,213,307
1,<environment.Job instance at 0x7ff54ba4c190>,112,15,[5 6],113,324,339,211,311
1,<environment.Job instance at 0x7ff54ba4c5f0>,115,17,[5 8],116,336,353,220,324
1,<environment.Job instance at 0x7ff54ba4caf0>,117,12,[8 5],118,339,351,221,324
1,<environment.Job instance at 0x7ff54ba4cb40>,118,18,[3 6],119,351,369,232,340
1,<environment.Job instance at 0x7ff54ba4cc30>,120,21,[5 3],121,353,374,232,346
1,<environment.Job instance at 0x7ff54ba4cf50>,125,17,[8 3],126,369,386,243,358
1,<environment.Job instance at 0x7ff54b853320>,127,12,[7 2],128,374,386,246,358
1,<environment.Job instance at 0x7ff54bc31690>,129,16,[3 5],130,386,402,256,373
1,<environment.Job instance at 0x7ff54ac588c0>,135,15,[1 8],136,386,401,250,374
1,<environment.Job instance at 0x7ff54a853fa0>,141,13,[5 8],142,401,414,259,385
1,<environment.Job instance at 0x7ff54ac58a00>,142,16,[5 2],143,386,402,243,385
1,<environment.Job instance at 0x7ff54b08f690>,143,20,[5 4],144,402,422,258,393
1,<environment.Job instance at 0x7ff54bb14f00>,145,12,[7 5],146,414,426,268,397
1,<environment.Job instance at 0x7ff54b81a460>,146,14,[7 5],147,422,436,275,407
1,<environment.Job instance at 0x7ff54be42820>,153,17,[1 7],154,426,443,272,414
1,<environment.Job instance at 0x7ff54beea690>,157,14,[8 1],158,436,450,278,423
1,<environment.Job instance at 0x7ff54ac1daf0>,51,27,[6 4],52,436,463,384,434
1,<environment.Job instance at 0x7ff54bc1bc80>,162,12,[7 3],163,450,462,287,434
1,<environment.Job instance at 0x7ff54bc1b870>,163,17,[1 8],164,443,460,279,435
1,<environment.Job instance at 0x7ff54b2bb640>,161,19,[9 1],162,462,481,300,455
1,<environment.Job instance at 0x7ff54ba4c640>,108,20,[ 4 13],109,463,483,354,455
1,<environment.Job instance at 0x7ff54bd26690>,167,17,[5 9],168,483,500,315,471
1,<environment.Job instance at 0x7ff54b90feb0>,164,26,[1 5],165,483,509,318,481
1,<environment.Job instance at 0x7ff54b8531e0>,2,14,[8 4],3,3,17,0,3
1,<environment.Job instance at 0x7ff54ba42910>,3,19,[ 2 10],4,4,23,0,4
1,<environment.Job instance at 0x7ff54beddfa0>,6,14,[9 3],7,17,31,10,7
1,<environment.Job instance at 0x7ff54c04c9b0>,11,13,[4 5],12,23,36,11,12
1,<environment.Job instance at 0x7ff54c04c550>,13,14,[8 4],14,31,45,17,16
1,<environment.Job instance at 0x7ff54c04c190>,17,20,[5 4],18,36,56,18,27
1,<environment.Job instance at 0x7ff54c04c280>,19,16,[9 4],20,45,61,25,32
1,<environment.Job instance at 0x7ff54c04cf50>,20,23,[6 4],21,56,79,35,50
1,<environment.Job instance at 0x7ff54c04cfa0>,21,17,[5 5],22,61,78,39,50
1,<environment.Job instance at 0x7ff54b7d20a0>,23,13,[ 2 10],24,78,91,54,62
1,<environment.Job instance at 0x7ff54b7d2320>,26,13,[6 5],27,79,92,52,63
1,<environment.Job instance at 0x7ff54b7d2410>,30,18,[ 1 10],31,91,109,60,80
1,<environment.Job instance at 0x7ff54b7d2820>,32,21,[7 4],33,92,113,59,84
1,<environment.Job instance at 0x7ff54b7d2780>,33,20,[3 9],34,109,129,75,100
1,<environment.Job instance at 0x7ff54b7d2b40>,36,16,[9 5],37,113,129,76,100
1,<environment.Job instance at 0x7ff54b7d2fa0>,43,20,[7 3],44,129,149,85,120
1,<environment.Job instance at 0x7ff54b7e2320>,48,19,[6 4],49,129,148,80,120
1,<environment.Job instance at 0x7ff54b7e23c0>,49,13,[6 4],50,148,161,98,132
1,<environment.Job instance at 0x7ff54b7e25a0>,51,19,[5 5],52,149,168,97,139
1,<environment.Job instance at 0x7ff54b7e2550>,52,17,[7 1],53,161,178,108,149
1,<environment.Job instance at 0x7ff54b7e2a00>,59,18,[7 3],60,168,186,108,157
1,<environment.Job instance at 0x7ff54b7e2b40>,61,18,[1 5],62,157,175,95,157
1,<environment.Job instance at 0x7ff54b7e2cd0>,62,22,[1 6],63,175,197,112,168
1,<environment.Job instance at 0x7ff54b7e2f50>,65,15,[5 5],66,178,193,112,168
1,<environment.Job instance at 0x7ff54b1585f0>,75,16,[2 6],76,193,209,117,180
1,<environment.Job instance at 0x7ff54b158730>,77,17,[5 5],78,197,214,119,185
1,<environment.Job instance at 0x7ff54b1588c0>,79,12,[6 2],80,186,198,106,185
1,<environment.Job instance at 0x7ff54b1589b0>,80,15,[1 8],81,209,224,128,195
1,<environment.Job instance at 0x7ff54b1580a0>,81,20,[3 8],82,224,244,142,215
1,<environment.Job instance at 0x7ff54b158b40>,83,12,[10  4],84,215,227,131,215
1,<environment.Job instance at 0x7ff54b158870>,84,15,[10  4],85,227,242,142,215
1,<environment.Job instance at 0x7ff54b158c80>,86,22,[2 5],87,242,264,155,235
1,<environment.Job instance at 0x7ff54b158e60>,88,21,[2 8],89,244,265,155,236
1,<environment.Job instance at 0x7ff54b1821e0>,93,15,[6 2],94,242,257,148,236
1,<environment.Job instance at 0x7ff54b182320>,95,15,[1 5],96,264,279,168,250
1,<environment.Job instance at 0x7ff54b182500>,98,21,[7 3],99,265,286,166,257
1,<environment.Job instance at 0x7ff54c061be0>,101,14,[1 9],102,279,293,177,264
1,<environment.Job instance at 0x7ff54b161230>,103,22,[10  4],104,286,308,182,279
1,<environment.Job instance at 0x7ff54b161050>,104,13,[5 5],105,293,306,188,279
1,<environment.Job instance at 0x7ff54b1618c0>,109,17,[3 5],110,306,323,196,294
1,<environment.Job instance at 0x7ff54b161280>,111,15,[7 1],112,308,323,196,294
1,<environment.Job instance at 0x7ff54b161870>,113,12,[8 4],114,323,335,209,306
1,<environment.Job instance at 0x7ff54bedd5a0>,9,23,[3 8],10,308,331,298,306
1,<environment.Job instance at 0x7ff54b7e4410>,117,17,[ 2 10],118,331,348,213,319
1,<environment.Job instance at 0x7ff54ae78eb0>,119,16,[ 1 10],120,348,364,228,335
1,<environment.Job instance at 0x7ff54bbd79b0>,120,22,[3 5],121,335,357,214,335
1,<environment.Job instance at 0x7ff54bbc4eb0>,124,22,[2 8],125,364,386,239,357
1,<environment.Job instance at 0x7ff54ba9fb90>,126,20,[1 7],127,364,384,237,357
1,<environment.Job instance at 0x7ff54b315aa0>,127,18,[9 3],128,384,402,256,373
1,<environment.Job instance at 0x7ff54b8ed500>,128,16,[3 8],129,386,402,257,373
1,<environment.Job instance at 0x7ff54b8ed0a0>,129,14,[6 2],130,402,416,272,387
1,<environment.Job instance at 0x7ff54ab85460>,132,14,[4 7],133,402,416,269,387
1,<environment.Job instance at 0x7ff54bbde5a0>,137,14,[5 6],138,402,416,264,387
1,<environment.Job instance at 0x7ff54b796eb0>,141,21,[2 5],142,416,437,274,408
1,<environment.Job instance at 0x7ff54b796780>,144,13,[1 7],145,416,429,271,408
1,<environment.Job instance at 0x7ff54b796140>,148,16,[ 4 10],149,429,445,280,416
1,<environment.Job instance at 0x7ff54ab743c0>,149,21,[ 2 10],150,445,466,295,437
1,<environment.Job instance at 0x7ff54b796f50>,151,19,[ 2 10],152,466,485,314,456
1,<environment.Job instance at 0x7ff54b7934b0>,154,19,[2 9],155,485,504,330,475
1,<environment.Job instance at 0x7ff54b7936e0>,155,18,[9 3],156,475,493,319,475
1,<environment.Job instance at 0x7ff54b793820>,156,14,[5 5],157,493,507,336,478
1,<environment.Job instance at 0x7ff54b7935a0>,157,22,[7 2],158,504,526,346,497
1,<environment.Job instance at 0x7ff54b793960>,159,20,[5 7],160,507,527,347,498
1,<environment.Job instance at 0x7ff54b79c820>,162,18,[7 1],163,526,544,363,515
1,<environment.Job instance at 0x7ff54b7e4be0>,118,22,[4 7],119,527,549,408,524
1,<environment.Job instance at 0x7ff54b853aa0>,0,16,[ 3 14],1,549,565,548,536
1,<environment.Job instance at 0x7ff54beddf00>,7,14,[11  2],8,667,681,659,667
1,<environment.Job instance at 0x7ff54b47a820>,1,12,[2 8],2,2,14,0,2
1,<environment.Job instance at 0x7ff54b32c640>,3,14,[3 7],4,4,18,0,4
1,<environment.Job instance at 0x7ff54b32c8c0>,6,15,[5 5],7,14,29,7,7
1,<environment.Job instance at 0x7ff54b32ce10>,10,20,[8 4],11,18,38,7,11
1,<environment.Job instance at 0x7ff54ac1edc0>,15,15,[5 6],16,29,44,13,16
1,<environment.Job instance at 0x7ff54b3e72d0>,14,12,[ 1 13],15,44,56,29,27
1,<environment.Job instance at 0x7ff54bb10410>,24,14,[2 5],25,28,42,3,28
1,<environment.Job instance at 0x7ff54b7fa690>,27,18,[5 1],28,38,56,10,38
1,<environment.Job instance at 0x7ff54bb10b40>,25,12,[ 4 14],26,56,68,30,39
1,<environment.Job instance at 0x7ff54abe2960>,28,15,[2 8],29,68,83,39,54
1,<environment.Job instance at 0x7ff54a8973c0>,31,19,[5 4],32,68,87,36,58
1,<environment.Job instance at 0x7ff54a8807d0>,42,16,[1 7],43,83,99,40,71
1,<environment.Job instance at 0x7ff54a880730>,46,20,[1 7],47,87,107,40,78
1,<environment.Job instance at 0x7ff54a880fa0>,49,15,[9 2],50,99,114,49,85
1,<environment.Job instance at 0x7ff54a8805f0>,51,17,[7 5],52,114,131,62,102
1,<environment.Job instance at 0x7ff54aa27fa0>,54,19,[5 3],55,102,121,47,102
1,<environment.Job instance at 0x7ff54aa27190>,58,14,[5 5],59,121,135,62,106
1,<environment.Job instance at 0x7ff54ab0afa0>,59,14,[10  5],60,131,145,71,116
1,<environment.Job instance at 0x7ff54ab0a050>,60,21,[6 3],61,145,166,84,137
1,<environment.Job instance at 0x7ff5546f37d0>,0,21,[5 9],1,137,158,136,137
1,<environment.Job instance at 0x7ff54ac1eb90>,23,19,[1 5],24,158,177,134,150
1,<environment.Job instance at 0x7ff54b3e7730>,12,21,[10  4],13,166,187,153,158
1,<environment.Job instance at 0x7ff54b910870>,65,19,[5 4],66,177,196,111,167
1,<environment.Job instance at 0x7ff54ab0ad70>,61,20,[6 5],62,187,207,125,178
1,<environment.Job instance at 0x7ff54b9105a0>,67,14,[7 1],68,196,210,128,182
1,<environment.Job instance at 0x7ff54bfd6690>,72,18,[4 9],73,207,225,134,197
1,<environment.Job instance at 0x7ff54bfd6730>,75,13,[9 3],76,210,223,134,198
1,<environment.Job instance at 0x7ff54b7d0960>,77,21,[5 2],78,223,244,145,215
1,<environment.Job instance at 0x7ff54b7d02d0>,78,16,[8 1],79,225,241,146,219
1,<environment.Job instance at 0x7ff54b7d0870>,81,16,[3 8],82,241,257,159,229
1,<environment.Job instance at 0x7ff54aa2b5f0>,84,21,[1 9],85,257,278,172,250
1,<environment.Job instance at 0x7ff54aa2bb40>,85,17,[3 5],86,250,267,164,250
1,<environment.Job instance at 0x7ff54b9108c0>,63,18,[12  2],64,267,285,203,258
1,<environment.Job instance at 0x7ff54aa2b7d0>,86,17,[5 8],87,285,302,198,273
1,<environment.Job instance at 0x7ff54aaa9780>,89,12,[3 9],90,302,314,212,285
1,<environment.Job instance at 0x7ff54aaa96e0>,91,19,[5 1],92,286,305,194,286
1,<environment.Job instance at 0x7ff54aaa94b0>,95,14,[1 5],96,286,300,190,286
1,<environment.Job instance at 0x7ff54aaa97d0>,96,17,[1 9],97,314,331,217,302
1,<environment.Job instance at 0x7ff54aaa9f50>,87,14,[13  5],88,314,328,226,306
1,<environment.Job instance at 0x7ff54ab0a280>,62,26,[5 9],63,331,357,268,328
1,<environment.Job instance at 0x7ff54b3be3c0>,100,13,[12  1],101,357,370,256,341
1,<environment.Job instance at 0x7ff54b8a54b0>,105,20,[7 1],106,370,390,264,361
1,<environment.Job instance at 0x7ff54b7fa960>,29,28,[4 9],30,370,398,340,369
1,<environment.Job instance at 0x7ff54b8a5f50>,110,19,[7 4],111,390,409,279,380
1,<environment.Job instance at 0x7ff54b8a5d70>,112,12,[7 3],113,398,410,285,381
1,<environment.Job instance at 0x7ff54b8a50a0>,113,21,[7 2],114,409,430,295,401
1,<environment.Job instance at 0x7ff54b8a5aa0>,114,14,[5 5],115,410,424,295,401
1,<environment.Job instance at 0x7ff54b58a0f0>,122,13,[2 8],123,410,423,287,401
1,<environment.Job instance at 0x7ff54a7fab40>,132,12,[6 3],133,424,436,291,407
1,<environment.Job instance at 0x7ff54a7fa370>,138,16,[5 9],139,430,446,291,417
1,<environment.Job instance at 0x7ff54b3f20f0>,143,21,[8 2],144,436,457,292,428
1,<environment.Job instance at 0x7ff54b910320>,66,21,[ 3 10],67,446,467,379,438
1,<environment.Job instance at 0x7ff54bfd4c30>,148,12,[ 5 12],149,467,479,318,450
1,<environment.Job instance at 0x7ff54b8a5a00>,109,16,[ 4 11],110,479,495,369,466
1,<environment.Job instance at 0x7ff54bfd4dc0>,147,18,[1 9],148,495,513,347,485
1,<environment.Job instance at 0x7ff554a2a960>,152,20,[6 5],153,495,515,342,486
1,<environment.Job instance at 0x7ff54ac2e550>,160,17,[8 1],161,487,504,326,487
1,<environment.Job instance at 0x7ff54b6b1190>,161,12,[2 6],162,513,525,351,496
1,<environment.Job instance at 0x7ff54b91baa0>,162,13,[7 2],163,513,526,350,497
1,<environment.Job instance at 0x7ff54b16e0f0>,168,17,[9 5],169,526,543,357,514
1,<environment.Job instance at 0x7ff54af05460>,151,21,[12  5],152,543,564,391,535
1,<environment.Job instance at 0x7ff54ba78d20>,150,20,[1 5],151,559,579,408,559
1,<environment.Job instance at 0x7ff554bd2b40>,101,27,[10  4],102,564,591,462,562
1,<environment.Job instance at 0x7ff54b2c1dc0>,1,18,[7 2],2,2,20,0,2
1,<environment.Job instance at 0x7ff54b595d20>,4,12,[11  4],5,20,32,15,5
1,<environment.Job instance at 0x7ff54b6480f0>,8,18,[1 8],9,9,27,0,9
1,<environment.Job instance at 0x7ff54b648280>,14,13,[ 3 14],15,32,45,17,16
1,<environment.Job instance at 0x7ff554bd2b40>,13,16,[5 7],14,45,61,31,32
1,<environment.Job instance at 0x7ff54b648460>,17,18,[10  4],18,45,63,27,35
1,<environment.Job instance at 0x7ff54b648b40>,18,14,[ 4 10],19,61,75,42,47
1,<environment.Job instance at 0x7ff54b648910>,21,20,[5 3],22,63,83,41,54
1,<environment.Job instance at 0x7ff54b648500>,23,13,[6 5],24,75,88,51,59
1,<environment.Job instance at 0x7ff54b648780>,24,16,[10  2],25,88,104,63,75
1,<environment.Job instance at 0x7ff54b648230>,16,15,[1 9],17,83,98,66,75
1,<environment.Job instance at 0x7ff54b6489b0>,26,21,[ 3 14],27,104,125,77,96
1,<environment.Job instance at 0x7ff54b71c050>,27,16,[ 1 11],28,125,141,97,112
1,<environment.Job instance at 0x7ff54b648cd0>,25,16,[ 2 10],26,141,157,115,137
1,<environment.Job instance at 0x7ff54b648190>,15,23,[4 8],16,157,180,141,152
1,<environment.Job instance at 0x7ff54b648a50>,12,12,[10  3],13,152,164,139,152
1,<environment.Job instance at 0x7ff54b71ca50>,31,13,[12  2],32,180,193,148,164
1,<environment.Job instance at 0x7ff54b71c8c0>,33,17,[ 1 11],34,180,197,146,169
1,<environment.Job instance at 0x7ff54b71cbe0>,34,17,[1 7],35,197,214,162,185
1,<environment.Job instance at 0x7ff54b71c5a0>,35,13,[8 2],36,193,206,157,185
1,<environment.Job instance at 0x7ff54b71c0a0>,36,15,[14  2],37,206,221,169,193
1,<environment.Job instance at 0x7ff54b71c140>,37,13,[12  3],38,221,234,183,205
1,<environment.Job instance at 0x7ff54b71cf50>,38,17,[ 3 14],39,234,251,195,224
1,<environment.Job instance at 0x7ff54b71ceb0>,28,25,[ 2 13],29,251,276,222,247
1,<environment.Job instance at 0x7ff54b71c320>,40,28,[11  2],41,251,279,210,250
1,<environment.Job instance at 0x7ff54b71cf00>,41,15,[14  4],42,279,294,237,265
1,<environment.Job instance at 0x7ff54b71c730>,42,13,[ 5 13],43,294,307,251,278
1,<environment.Job instance at 0x7ff54b71ca00>,43,12,[ 3 12],44,307,319,263,290
1,<environment.Job instance at 0x7ff54b71c410>,44,20,[11  1],45,307,327,262,298
1,<environment.Job instance at 0x7ff54b71c500>,45,17,[ 2 14],46,319,336,273,308
1,<environment.Job instance at 0x7ff54b2fd230>,46,13,[ 1 12],47,336,349,289,320
1,<environment.Job instance at 0x7ff54b2fdc80>,47,18,[14  3],48,336,354,288,325
1,<environment.Job instance at 0x7ff54b2fd960>,48,28,[5 3],49,354,382,305,353
1,<environment.Job instance at 0x7ff54b2fd3c0>,49,23,[12  1],50,382,405,332,376
1,<environment.Job instance at 0x7ff54b2fde60>,50,21,[13  1],51,405,426,354,397
1,<environment.Job instance at 0x7ff54b2fda00>,51,23,[12  2],52,426,449,374,420
1,<environment.Job instance at 0x7ff54b2fd0a0>,52,24,[11  2],53,449,473,396,444
1,<environment.Job instance at 0x7ff54b2fdd20>,53,16,[2 5],54,444,460,390,444
1,<environment.Job instance at 0x7ff54b2fd190>,54,17,[9 4],55,473,490,418,461
1,<environment.Job instance at 0x7ff54b2fd820>,55,28,[ 1 13],56,490,518,434,489
1,<environment.Job instance at 0x7ff54b2fd870>,56,16,[2 6],57,518,534,461,507
1,<environment.Job instance at 0x7ff54b2fd690>,57,17,[1 7],58,518,535,460,507
1,<environment.Job instance at 0x7ff54b47a460>,58,25,[8 1],59,507,532,448,507
1,<environment.Job instance at 0x7ff54bc5c5a0>,59,12,[12  5],60,534,546,474,517
1,<environment.Job instance at 0x7ff54bc5c320>,60,12,[5 5],61,546,558,485,529
1,<environment.Job instance at 0x7ff54bc5c640>,61,15,[1 8],62,535,550,473,530
1,<environment.Job instance at 0x7ff54bc5c2d0>,62,20,[4 7],63,550,570,487,541
1,<environment.Job instance at 0x7ff54bc5caf0>,63,21,[13  2],64,570,591,506,562
1,<environment.Job instance at 0x7ff54bc5cfa0>,64,12,[4 7],65,591,603,526,574
1,<environment.Job instance at 0x7ff54bc5cd70>,65,23,[11  5],66,591,614,525,585
1,<environment.Job instance at 0x7ff54b71cd20>,30,19,[4 9],31,603,622,572,600
1,<environment.Job instance at 0x7ff554784050>,69,14,[ 4 10],70,622,636,552,609
1,<environment.Job instance at 0x7ff5547845a0>,71,20,[1 6],72,636,656,564,627
1,<environment.Job instance at 0x7ff554784e10>,72,18,[3 8],73,636,654,563,627
1,<environment.Job instance at 0x7ff54bc5cb40>,66,18,[ 5 13],67,656,674,589,645
1,<environment.Job instance at 0x7ff54b359b40>,79,15,[4 7],80,674,689,594,660
1,<environment.Job instance at 0x7ff54b359dc0>,89,17,[7 1],90,660,677,570,660
1,<environment.Job instance at 0x7ff5546c23c0>,91,13,[1 7],92,674,687,582,673
1,<environment.Job instance at 0x7ff54b9a0820>,97,12,[7 3],98,687,699,589,673
1,<environment.Job instance at 0x7ff5546c2640>,98,13,[10  5],99,699,712,600,683
1,<environment.Job instance at 0x7ff54ac6b410>,101,17,[8 5],102,712,729,610,700
1,<environment.Job instance at 0x7ff54b7f7c80>,102,12,[2 5],103,710,722,607,710
1,<environment.Job instance at 0x7ff54b7f7b90>,103,12,[5 5],104,712,724,608,710
1,<environment.Job instance at 0x7ff54b29f690>,74,28,[13  5],75,729,757,654,728
1,<environment.Job instance at 0x7ff54b7f7820>,104,13,[1 9],105,737,750,632,737
1,<environment.Job instance at 0x7ff54b7f7050>,107,12,[3 7],108,757,769,649,740
1,<environment.Job instance at 0x7ff54ae9fa00>,113,12,[1 5],114,750,762,636,740
1,<environment.Job instance at 0x7ff54b7f74b0>,105,20,[9 3],106,757,777,651,748
1,<environment.Job instance at 0x7ff55465fc30>,120,14,[4 9],121,769,783,648,754
1,<environment.Job instance at 0x7ff55465f640>,119,20,[8 2],120,777,797,657,769
1,<environment.Job instance at 0x7ff54b71c5f0>,32,20,[7 4],33,783,803,750,775
1,<environment.Job instance at 0x7ff54b2c1960>,0,23,[6 2],1,797,820,796,791
1,<environment.Job instance at 0x7ff55465f820>,124,13,[ 2 12],125,803,816,678,793
1,<environment.Job instance at 0x7ff55465f280>,123,21,[8 2],124,816,837,692,809
1,<environment.Job instance at 0x7ff55465fe10>,127,12,[5 4],128,820,832,692,809
1,<environment.Job instance at 0x7ff55465f550>,129,12,[2 5],130,820,832,690,809
1,<environment.Job instance at 0x7ff55465f3c0>,131,16,[3 8],132,832,848,700,819
1,<environment.Job instance at 0x7ff54be22320>,132,16,[4 5],133,832,848,699,819
1,<environment.Job instance at 0x7ff54b8f56e0>,140,14,[2 5],141,848,862,707,833
1,<environment.Job instance at 0x7ff54bb782d0>,142,18,[ 4 10],143,848,866,705,837
1,<environment.Job instance at 0x7ff554a205f0>,149,16,[5 7],150,866,882,716,853
1,<environment.Job instance at 0x7ff55465fc80>,125,21,[12  5],126,4800,4821,4674,4800
1,<environment.Job instance at 0x7ff54bae1d20>,0,27,[4 6],1,1,28,0,1
1,<environment.Job instance at 0x7ff54bae1500>,1,24,[4 5],2,2,26,0,2
1,<environment.Job instance at 0x7ff54ab3cd70>,11,26,[1 5],12,26,52,14,23
1,<environment.Job instance at 0x7ff54ab24280>,18,20,[8 5],19,28,48,9,23
1,<environment.Job instance at 0x7ff54ab24320>,19,20,[7 1],20,48,68,28,39
1,<environment.Job instance at 0x7ff54ab24500>,22,15,[4 8],23,48,63,25,41
1,<environment.Job instance at 0x7ff54ab24050>,23,17,[5 6],24,63,80,39,51
1,<environment.Job instance at 0x7ff54ab249b0>,30,18,[5 3],31,68,86,37,57
1,<environment.Job instance at 0x7ff54ab24a50>,31,17,[7 5],32,80,97,48,68
1,<environment.Job instance at 0x7ff54ab24af0>,32,14,[9 2],33,97,111,64,82
1,<environment.Job instance at 0x7ff54ab24b90>,33,20,[4 7],34,86,106,52,82
1,<environment.Job instance at 0x7ff54ab24c30>,34,13,[7 2],35,111,124,76,95
1,<environment.Job instance at 0x7ff54ab24cd0>,35,21,[5 1],36,106,127,70,98
1,<environment.Job instance at 0x7ff54ab24e10>,37,12,[6 4],38,124,136,86,107
1,<environment.Job instance at 0x7ff54ab0f280>,43,16,[6 1],44,127,143,83,114
1,<environment.Job instance at 0x7ff54ab0f730>,49,14,[3 7],50,114,128,64,114
1,<environment.Job instance at 0x7ff54ab0f960>,51,12,[4 7],52,136,148,84,119
1,<environment.Job instance at 0x7ff54ab0faf0>,54,15,[4 8],55,143,158,88,129
1,<environment.Job instance at 0x7ff54ab0fe10>,57,18,[5 6],58,148,166,90,137
1,<environment.Job instance at 0x7ff54ab0fdc0>,58,13,[8 2],59,158,171,99,142
1,<environment.Job instance at 0x7ff54ab0feb0>,60,14,[4 7],61,166,180,105,151
1,<environment.Job instance at 0x7ff54ab0f0f0>,62,12,[6 5],63,171,183,108,154
1,<environment.Job instance at 0x7ff54ab4b2d0>,66,17,[4 6],67,180,197,113,168
1,<environment.Job instance at 0x7ff54ab4b370>,67,24,[4 5],68,183,207,115,178
1,<environment.Job instance at 0x7ff54ab4b500>,68,13,[5 1],69,178,191,109,178
1,<environment.Job instance at 0x7ff54ab4b5f0>,70,19,[ 5 10],71,197,216,126,187
1,<environment.Job instance at 0x7ff54ab4b690>,71,16,[ 3 10],72,216,232,144,203
1,<environment.Job instance at 0x7ff54ab4b870>,74,14,[5 4],75,207,221,132,205
1,<environment.Job instance at 0x7ff54ab4b910>,75,16,[5 9],76,232,248,156,219
1,<environment.Job instance at 0x7ff54ab4ba50>,77,12,[6 3],78,221,233,143,219
1,<environment.Job instance at 0x7ff54ab4bc30>,80,13,[6 1],81,219,232,138,219
1,<environment.Job instance at 0x7ff54ab4bdc0>,82,19,[11  4],83,248,267,165,238
1,<environment.Job instance at 0x7ff54ab4bf00>,83,12,[7 4],84,267,279,183,250
1,<environment.Job instance at 0x7ff54ab4be60>,85,22,[6 5],86,267,289,181,260
1,<environment.Job instance at 0x7ff54ab39140>,86,12,[2 9],87,279,291,192,262
1,<environment.Job instance at 0x7ff54ab39320>,89,18,[1 7],90,291,309,201,280
1,<environment.Job instance at 0x7ff54ab393c0>,90,21,[1 9],91,309,330,218,301
1,<environment.Job instance at 0x7ff54ab39500>,92,20,[1 8],93,330,350,237,321
1,<environment.Job instance at 0x7ff54ab39870>,96,21,[2 5],97,321,342,224,321
1,<environment.Job instance at 0x7ff54ab398c0>,97,28,[1 7],98,342,370,244,341
1,<environment.Job instance at 0x7ff54ab39af0>,98,20,[5 4],99,350,370,251,341
1,<environment.Job instance at 0x7ff54ab39050>,99,20,[5 8],100,370,390,270,361
1,<environment.Job instance at 0x7ff54ab39820>,100,22,[7 5],101,370,392,269,363
1,<environment.Job instance at 0x7ff54ab39e60>,106,23,[5 1],107,390,413,283,384
1,<environment.Job instance at 0x7ff54ab39fa0>,108,26,[1 7],109,390,416,281,387
1,<environment.Job instance at 0x7ff54ab44190>,109,12,[10  1],110,413,425,303,396
1,<environment.Job instance at 0x7ff54ab44500>,115,12,[3 8],116,416,428,300,399
1,<environment.Job instance at 0x7ff54ab44780>,117,21,[5 8],118,428,449,310,420
1,<environment.Job instance at 0x7ff54ab44820>,118,26,[5 4],119,425,451,306,422
1,<environment.Job instance at 0x7ff54ab44a50>,119,19,[2 5],120,449,468,329,439
1,<environment.Job instance at 0x7ff54ab44be0>,121,12,[3 7],122,451,463,329,439
1,<environment.Job instance at 0x7ff54ab44dc0>,124,20,[8 2],125,449,469,324,440
1,<environment.Job instance at 0x7ff54ab44fa0>,127,17,[2 9],128,468,485,340,456
1,<environment.Job instance at 0x7ff54ab35190>,129,15,[9 5],130,469,484,339,456
1,<environment.Job instance at 0x7ff54ab352d0>,131,17,[4 8],132,485,502,353,473
1,<environment.Job instance at 0x7ff54ab35550>,135,22,[2 6],136,484,506,348,477
1,<environment.Job instance at 0x7ff54acf0050>,138,27,[5 2],139,502,529,363,500
1,<environment.Job instance at 0x7ff54a800230>,139,20,[6 4],140,502,522,362,500
1,<environment.Job instance at 0x7ff54ab2da00>,144,16,[6 5],145,522,538,377,509
1,<environment.Job instance at 0x7ff54ab2d5f0>,146,21,[5 8],147,529,550,382,521
1,<environment.Job instance at 0x7ff54ab2d370>,147,19,[3 7],148,538,557,390,528
1,<environment.Job instance at 0x7ff54ab2d960>,149,12,[10  2],150,550,562,400,533
1,<environment.Job instance at 0x7ff54a7e0d20>,151,18,[ 1 10],152,557,575,405,546
1,<environment.Job instance at 0x7ff54b4a0730>,155,16,[7 4],156,562,578,406,549
1,<environment.Job instance at 0x7ff54ace3cd0>,158,14,[10  4],159,578,592,419,563
1,<environment.Job instance at 0x7ff54ad0d6e0>,160,17,[ 2 10],161,575,592,414,569
1,<environment.Job instance at 0x7ff54ad0d870>,161,18,[2 9],162,592,610,430,581
1,<environment.Job instance at 0x7ff54ab357d0>,165,14,[11  5],166,592,606,426,581
1,<environment.Job instance at 0x7ff54ab35050>,168,22,[ 2 10],169,610,632,441,603
1,<environment.Job instance at 0x7ff54ab3ce60>,12,23,[ 2 12],13,690,713,677,690
1,<environment.Job instance at 0x7ff54bb005f0>,2,15,[ 1 12],3,713,728,710,699
1,<environment.Job instance at 0x7ff54aa75280>,1,14,[6 5],2,2,16,0,2
1,<environment.Job instance at 0x7ff54aa752d0>,2,21,[6 3],3,3,24,0,3
1,<environment.Job instance at 0x7ff54aa75a00>,4,18,[6 5],5,16,34,11,5
1,<environment.Job instance at 0x7ff554c76730>,5,16,[6 1],6,24,40,18,11
1,<environment.Job instance at 0x7ff54ab2ddc0>,8,13,[1 6],9,11,24,2,11
1,<environment.Job instance at 0x7ff54aa754b0>,6,14,[10  5],7,40,54,33,25
1,<environment.Job instance at 0x7ff54ab2d140>,12,15,[ 3 14],13,54,69,41,40
1,<environment.Job instance at 0x7ff54ab2d780>,13,16,[12  1],14,54,70,40,41
1,<environment.Job instance at 0x7ff54ab2d640>,14,13,[ 5 13],15,70,83,55,54
1,<environment.Job instance at 0x7ff54b3d0960>,17,18,[7 2],18,70,88,52,60
1,<environment.Job instance at 0x7ff54b4c9320>,18,13,[1 8],19,83,96,64,67
1,<environment.Job instance at 0x7ff54b319190>,21,16,[10  1],22,88,104,66,77
1,<environment.Job instance at 0x7ff54bc16a00>,22,17,[4 8],23,96,113,73,84
1,<environment.Job instance at 0x7ff54ad4e2d0>,24,15,[3 5],25,104,119,79,90
1,<environment.Job instance at 0x7ff54b319d70>,25,14,[9 1],26,113,127,87,98
1,<environment.Job instance at 0x7ff54acfc7d0>,26,14,[4 7],27,119,133,92,104
1,<environment.Job instance at 0x7ff54ae030a0>,31,22,[6 3],32,127,149,95,121
1,<environment.Job instance at 0x7ff54b0e6d70>,33,18,[4 5],34,127,145,93,121
1,<environment.Job instance at 0x7ff54b0e66e0>,37,15,[10  5],38,149,164,111,135
1,<environment.Job instance at 0x7ff54aa75d70>,7,18,[13  1],8,164,182,156,153
1,<environment.Job instance at 0x7ff54aa75b40>,3,17,[10  2],4,182,199,178,172
1,<environment.Job instance at 0x7ff54aa75af0>,0,28,[ 2 12],1,172,200,171,172
1,<environment.Job instance at 0x7ff54b349aa0>,44,14,[13  4],45,200,214,155,190
1,<environment.Job instance at 0x7ff54b349a50>,41,21,[8 3],42,214,235,172,206
1,<environment.Job instance at 0x7ff54b349f00>,49,17,[ 3 10],50,214,231,164,206
1,<environment.Job instance at 0x7ff54b349d70>,50,12,[3 6],51,231,243,180,214
1,<environment.Job instance at 0x7ff54bf3e280>,52,17,[4 5],53,231,248,178,219
1,<environment.Job instance at 0x7ff54bf3e870>,53,13,[3 7],54,243,256,189,227
1,<environment.Job instance at 0x7ff54bf3ef00>,56,21,[2 5],57,248,269,191,240
1,<environment.Job instance at 0x7ff54c12f9b0>,61,16,[5 5],62,256,272,194,243
1,<environment.Job instance at 0x7ff54c12f550>,62,18,[7 5],63,256,274,193,245
1,<environment.Job instance at 0x7ff54c12f7d0>,66,12,[5 4],67,272,284,205,255
1,<environment.Job instance at 0x7ff54b2fa140>,67,13,[1 8],68,274,287,206,258
1,<environment.Job instance at 0x7ff54c12f370>,68,18,[ 4 10],69,287,305,218,276
1,<environment.Job instance at 0x7ff54b2faf00>,72,14,[1 7],73,305,319,232,293
1,<environment.Job instance at 0x7ff54b2faaa0>,69,17,[ 3 10],70,319,336,249,307
1,<environment.Job instance at 0x7ff54aa386e0>,75,14,[10  3],76,308,322,232,308
1,<environment.Job instance at 0x7ff54aa38fa0>,76,19,[7 1],77,322,341,245,312
1,<environment.Job instance at 0x7ff54aa38aa0>,78,12,[2 9],79,336,348,257,319
1,<environment.Job instance at 0x7ff54aa38d70>,79,15,[6 1],80,336,351,256,322
1,<environment.Job instance at 0x7ff54aa38910>,80,18,[5 5],81,341,359,260,330
1,<environment.Job instance at 0x7ff54b47e7d0>,86,15,[5 3],87,351,366,264,337
1,<environment.Job instance at 0x7ff54b47e3c0>,87,12,[9 5],88,359,371,271,342
1,<environment.Job instance at 0x7ff54a93baf0>,89,12,[4 7],90,366,378,276,349
1,<environment.Job instance at 0x7ff54a93be10>,90,17,[8 1],91,371,388,280,359
1,<environment.Job instance at 0x7ff54a93bcd0>,92,15,[1 8],93,378,393,285,364
1,<environment.Job instance at 0x7ff54aa26e60>,95,13,[8 3],96,388,401,292,372
1,<environment.Job instance at 0x7ff54a93bc80>,99,17,[ 2 10],100,393,410,293,381
1,<environment.Job instance at 0x7ff54bafde10>,101,19,[5 8],102,410,429,308,400
1,<environment.Job instance at 0x7ff54bafd410>,102,12,[5 7],103,410,422,307,400
1,<environment.Job instance at 0x7ff54b1de550>,111,22,[5 9],112,429,451,317,422
1,<environment.Job instance at 0x7ff54a994b90>,112,18,[8 3],113,422,440,309,422
1,<environment.Job instance at 0x7ff54a7e9b40>,115,17,[6 1],116,440,457,324,428
1,<environment.Job instance at 0x7ff54a7e9eb0>,117,17,[ 4 10],118,451,468,333,439
1,<environment.Job instance at 0x7ff54ace8e60>,119,16,[7 3],120,457,473,337,444
1,<environment.Job instance at 0x7ff54ace8190>,123,21,[5 2],124,468,489,344,460
1,<environment.Job instance at 0x7ff54ace88c0>,125,19,[4 8],126,473,492,347,463
1,<environment.Job instance at 0x7ff54b0e2d20>,129,14,[3 7],130,489,503,359,474
1,<environment.Job instance at 0x7ff54a7ea870>,134,16,[5 7],135,492,508,357,479
1,<environment.Job instance at 0x7ff54bc1f190>,137,19,[ 3 10],138,508,527,370,498
1,<environment.Job instance at 0x7ff54acf04b0>,141,14,[5 5],142,503,517,361,498
1,<environment.Job instance at 0x7ff54acf0320>,142,12,[1 8],143,527,539,384,510
1,<environment.Job instance at 0x7ff54acf07d0>,144,12,[7 2],145,517,529,372,510
1,<environment.Job instance at 0x7ff54acf0230>,150,20,[7 1],151,527,547,376,518
1,<environment.Job instance at 0x7ff54acf0140>,152,22,[10  3],153,547,569,394,540
1,<environment.Job instance at 0x7ff54ace3870>,157,13,[2 8],158,540,553,382,540
1,<environment.Job instance at 0x7ff54bc76640>,159,12,[7 5],160,569,581,409,552
1,<environment.Job instance at 0x7ff54b2fac30>,73,23,[12  4],74,631,654,557,631
1,<environment.Job instance at 0x7ff54b349910>,45,21,[12  5],46,714,735,668,714
1,<environment.Job instance at 0x7ff54ad01f00>,15,17,[ 5 12],16,735,752,719,733
1,<environment.Job instance at 0x7ff54b06e2d0>,2,14,[5 5],3,3,17,0,3
1,<environment.Job instance at 0x7ff54b06e410>,5,17,[7 4],6,6,23,0,6
1,<environment.Job instance at 0x7ff54b06ee60>,8,14,[12  4],9,23,37,14,9
1,<environment.Job instance at 0x7ff54bcdaa00>,12,22,[1 8],13,17,39,4,17
1,<environment.Job instance at 0x7ff54bcda050>,10,13,[6 4],11,37,50,26,21
1,<environment.Job instance at 0x7ff54bcdacd0>,17,14,[2 7],18,39,53,21,25
1,<environment.Job instance at 0x7ff54bcda7d0>,20,19,[3 5],21,50,69,29,40
1,<environment.Job instance at 0x7ff54bcda460>,22,17,[4 5],23,53,70,30,43
1,<environment.Job instance at 0x7ff54bcdaaf0>,26,14,[2 6],27,69,83,42,55
1,<environment.Job instance at 0x7ff54bcda320>,19,25,[10  2],20,70,95,50,66
1,<environment.Job instance at 0x7ff54bf11cd0>,34,15,[5 2],35,83,98,48,69
1,<environment.Job instance at 0x7ff54bf11f50>,35,12,[ 3 11],36,95,107,59,78
1,<environment.Job instance at 0x7ff54bf11780>,36,13,[1 5],37,107,120,70,91
1,<environment.Job instance at 0x7ff54bf11910>,37,21,[12  5],38,107,128,69,99
1,<environment.Job instance at 0x7ff54bf11e10>,38,25,[6 2],39,128,153,89,124
1,<environment.Job instance at 0x7ff54bf115f0>,39,28,[8 1],40,128,156,88,127
1,<environment.Job instance at 0x7ff54bf11d70>,40,25,[3 8],41,153,178,112,149
1,<environment.Job instance at 0x7ff54bcdaf00>,13,24,[7 5],14,156,180,142,155
1,<environment.Job instance at 0x7ff54bf113c0>,42,26,[ 3 13],43,180,206,137,177
1,<environment.Job instance at 0x7ff54aff4dc0>,47,18,[10  2],48,184,202,136,184
1,<environment.Job instance at 0x7ff54ac98640>,49,14,[5 3],50,206,220,156,191
1,<environment.Job instance at 0x7ff54aff03c0>,54,13,[7 4],55,206,219,151,191
1,<environment.Job instance at 0x7ff54aff05a0>,55,22,[5 5],56,219,241,163,212
1,<environment.Job instance at 0x7ff54b2340a0>,57,14,[1 9],58,220,234,162,212
1,<environment.Job instance at 0x7ff54b7ddcd0>,59,13,[5 1],60,219,232,159,213
1,<environment.Job instance at 0x7ff54b234be0>,60,13,[6 4],61,234,247,173,218
1,<environment.Job instance at 0x7ff54bf11aa0>,43,14,[ 5 12],44,247,261,203,232
1,<environment.Job instance at 0x7ff54b06e910>,0,26,[8 2],1,241,267,240,239
1,<environment.Job instance at 0x7ff54aac5410>,65,13,[3 7],66,261,274,195,245
1,<environment.Job instance at 0x7ff54aac5f50>,66,12,[3 6],67,261,273,194,245
1,<environment.Job instance at 0x7ff54aac5e10>,67,17,[ 1 11],68,274,291,206,262
1,<environment.Job instance at 0x7ff54b230b40>,71,16,[9 3],72,273,289,201,262
1,<environment.Job instance at 0x7ff54b249e10>,78,17,[5 8],79,291,308,212,279
1,<environment.Job instance at 0x7ff54aac53c0>,64,19,[ 2 12],65,308,327,243,298
1,<environment.Job instance at 0x7ff54aa8baf0>,81,14,[11  3],82,308,322,226,308
1,<environment.Job instance at 0x7ff54aa8bc30>,80,19,[3 8],81,327,346,246,319
1,<environment.Job instance at 0x7ff54b5467d0>,84,18,[10  5],85,327,345,242,319
1,<environment.Job instance at 0x7ff54b6ad960>,92,18,[5 1],93,345,363,252,335
1,<environment.Job instance at 0x7ff54aa64730>,96,15,[2 7],97,346,361,249,335
1,<environment.Job instance at 0x7ff54a7f3be0>,98,16,[7 2],99,345,361,246,335
1,<environment.Job instance at 0x7ff54a871640>,101,13,[9 1],102,361,374,259,345
1,<environment.Job instance at 0x7ff54b3b3d70>,109,17,[5 9],110,363,380,253,351
1,<environment.Job instance at 0x7ff54c099aa0>,115,18,[5 4],116,374,392,258,363
1,<environment.Job instance at 0x7ff54c099820>,117,13,[1 5],118,380,393,262,364
1,<environment.Job instance at 0x7ff54c099d70>,118,15,[7 2],119,380,395,261,366
1,<environment.Job instance at 0x7ff54c099500>,121,19,[5 7],122,392,411,270,382
1,<environment.Job instance at 0x7ff54ac015f0>,125,17,[5 5],126,395,412,269,383
1,<environment.Job instance at 0x7ff54ac01a00>,126,13,[8 4],127,411,424,284,395
1,<environment.Job instance at 0x7ff54ac01690>,127,16,[5 2],128,395,411,267,395
1,<environment.Job instance at 0x7ff54ac01aa0>,129,18,[7 5],130,412,430,282,401
1,<environment.Job instance at 0x7ff54b101f50>,134,13,[8 4],135,424,437,289,408
1,<environment.Job instance at 0x7ff54bf11190>,41,21,[14  1],42,437,458,395,429
1,<environment.Job instance at 0x7ff54ba35dc0>,142,14,[8 5],143,458,472,315,444
1,<environment.Job instance at 0x7ff54ba35780>,143,15,[13  3],144,472,487,328,458
1,<environment.Job instance at 0x7ff54b9bfd70>,82,20,[8 4],83,487,507,404,478
1,<environment.Job instance at 0x7ff54ba35730>,145,12,[ 5 12],146,507,519,361,490
1,<environment.Job instance at 0x7ff54ba354b0>,144,24,[7 2],145,491,515,346,491
1,<environment.Job instance at 0x7ff54b40e7d0>,149,14,[3 5],150,519,533,369,505
1,<environment.Job instance at 0x7ff54b40e5f0>,150,23,[ 5 10],151,519,542,368,513
1,<environment.Job instance at 0x7ff54ba35f50>,146,25,[7 5],147,533,558,386,529
1,<environment.Job instance at 0x7ff554d105a0>,157,16,[5 5],158,542,558,384,529
1,<environment.Job instance at 0x7ff54b3d08c0>,158,18,[1 5],159,542,560,383,531
1,<environment.Job instance at 0x7ff54bf93410>,159,19,[ 2 12],160,560,579,400,550
1,<environment.Job instance at 0x7ff54bf93b90>,154,17,[4 8],155,579,596,424,567
1,<environment.Job instance at 0x7ff54b1ed5a0>,161,14,[8 3],162,567,581,405,567
1,<environment.Job instance at 0x7ff54b2bc7d0>,162,14,[4 7],163,581,595,418,567
1,<environment.Job instance at 0x7ff54aac5820>,68,27,[7 5],69,737,764,668,737
1,<environment.Job instance at 0x7ff54ae032d0>,156,16,[12  1],157,1038,1054,881,1038
1,<environment.Job instance at 0x7ff54bcdaa50>,18,24,[ 3 14],19,2795,2819,2776,2795
1,<environment.Job instance at 0x7ff54bc61820>,0,14,[3 9],1,1,15,0,1
1,<environment.Job instance at 0x7ff54b450e10>,5,17,[10  1],6,6,23,0,6
1,<environment.Job instance at 0x7ff54a789b90>,6,17,[8 1],7,23,40,16,13
1,<environment.Job instance at 0x7ff54a76f870>,13,20,[5 3],14,15,35,1,14
1,<environment.Job instance at 0x7ff54a76fc30>,15,17,[4 6],16,35,52,19,23
1,<environment.Job instance at 0x7ff54a789e60>,12,16,[7 3],13,40,56,27,33
1,<environment.Job instance at 0x7ff54bc65f50>,21,25,[3 5],22,35,60,13,34
1,<environment.Job instance at 0x7ff54bc652d0>,24,14,[5 2],25,52,66,27,38
1,<environment.Job instance at 0x7ff54bc65190>,22,13,[ 5 13],23,60,73,37,44
1,<environment.Job instance at 0x7ff54adfff00>,26,18,[8 1],27,66,84,39,56
1,<environment.Job instance at 0x7ff54a7e9780>,29,12,[6 3],30,73,85,43,57
1,<environment.Job instance at 0x7ff54a757960>,27,23,[13  1],28,85,108,57,79
1,<environment.Job instance at 0x7ff54a7e9f50>,31,15,[9 1],32,108,123,76,97
1,<environment.Job instance at 0x7ff54b4b93c0>,32,19,[4 5],33,108,127,75,98
1,<environment.Job instance at 0x7ff54b4b9370>,33,16,[13  1],34,127,143,93,114
1,<environment.Job instance at 0x7ff54ad80870>,34,12,[ 3 11],35,143,155,108,126
1,<environment.Job instance at 0x7ff54bd010a0>,35,20,[ 2 12],36,155,175,119,146
1,<environment.Job instance at 0x7ff54bd01140>,36,24,[1 8],37,175,199,138,170
1,<environment.Job instance at 0x7ff54a7e9870>,30,21,[6 5],31,175,196,144,170
1,<environment.Job instance at 0x7ff54b4c9f00>,38,17,[6 4],39,196,213,157,184
1,<environment.Job instance at 0x7ff54aa75a00>,43,22,[3 5],44,199,221,155,192
1,<environment.Job instance at 0x7ff54aa75320>,45,22,[6 2],46,197,219,151,197
1,<environment.Job instance at 0x7ff54a93bc80>,49,16,[10  1],50,219,235,169,206
1,<environment.Job instance at 0x7ff54a93b3c0>,51,21,[4 7],52,221,242,169,216
1,<environment.Job instance at 0x7ff54b90cf00>,59,18,[10  5],60,235,253,175,224
1,<environment.Job instance at 0x7ff54aa645a0>,60,18,[6 3],61,253,271,192,242
1,<environment.Job instance at 0x7ff54aa646e0>,62,20,[9 2],63,253,273,190,246
1,<environment.Job instance at 0x7ff54a7e0780>,66,18,[10  3],67,273,291,206,262
1,<environment.Job instance at 0x7ff54bf3e820>,67,20,[2 8],68,271,291,203,262
1,<environment.Job instance at 0x7ff54b1f7690>,73,15,[4 6],74,291,306,217,277
1,<environment.Job instance at 0x7ff54b21a230>,78,21,[5 5],79,291,312,212,283
1,<environment.Job instance at 0x7ff54a9e1050>,84,17,[9 3],85,306,323,221,294
1,<environment.Job instance at 0x7ff54a9e19b0>,85,18,[2 5],86,312,330,226,301
1,<environment.Job instance at 0x7ff54a9e1d70>,94,13,[5 7],95,323,336,228,307
1,<environment.Job instance at 0x7ff54a9e1f00>,95,15,[10  1],96,330,345,234,316
1,<environment.Job instance at 0x7ff54abe0140>,99,20,[10  3],100,345,365,245,336
1,<environment.Job instance at 0x7ff54abe09b0>,101,14,[2 7],102,347,361,245,347
1,<environment.Job instance at 0x7ff54abe00a0>,102,15,[ 5 10],103,361,376,258,347
1,<environment.Job instance at 0x7ff54bb04230>,106,17,[7 2],107,365,382,258,353
1,<environment.Job instance at 0x7ff54b61e6e0>,111,16,[10  4],112,382,398,270,369
1,<environment.Job instance at 0x7ff54b2eca50>,37,19,[10  2],38,398,417,360,388
1,<environment.Job instance at 0x7ff54b61eb40>,114,28,[ 5 11],115,388,416,273,388
1,<environment.Job instance at 0x7ff54b61e7d0>,115,14,[5 5],116,416,430,300,401
1,<environment.Job instance at 0x7ff54b61e780>,116,28,[6 5],117,417,445,300,416
1,<environment.Job instance at 0x7ff54b61e320>,117,27,[4 9],118,430,457,312,428
1,<environment.Job instance at 0x7ff54b61e550>,118,27,[ 4 14],119,457,484,338,455
1,<environment.Job instance at 0x7ff54a76f640>,14,28,[7 1],15,455,483,440,455
1,<environment.Job instance at 0x7ff54bc0b460>,130,23,[4 8],131,484,507,353,478
1,<environment.Job instance at 0x7ff54b61eaa0>,119,25,[6 2],120,484,509,364,480
1,<environment.Job instance at 0x7ff54be86aa0>,149,13,[1 5],150,484,497,334,480
1,<environment.Job instance at 0x7ff54be86b40>,147,14,[2 7],148,507,521,359,493
1,<environment.Job instance at 0x7ff54be86870>,150,18,[8 1],151,509,527,358,506
1,<environment.Job instance at 0x7ff54be86cd0>,152,17,[2 9],153,521,538,368,509
1,<environment.Job instance at 0x7ff54be86190>,154,12,[9 3],155,527,539,372,510
1,<environment.Job instance at 0x7ff54be86410>,156,16,[8 3],157,539,555,382,526
1,<environment.Job instance at 0x7ff54be86a50>,148,17,[12  2],149,589,606,440,589
1,<environment.Job instance at 0x7ff54be869b0>,153,27,[9 1],154,1901,1928,1747,1901
1,<environment.Job instance at 0x7ff54bf8c370>,1,15,[2 5],2,2,17,0,2
1,<environment.Job instance at 0x7ff54bf91e10>,4,12,[8 1],5,5,17,0,5
1,<environment.Job instance at 0x7ff54ac9b4b0>,8,12,[6 5],9,17,29,8,9
1,<environment.Job instance at 0x7ff54ac9b690>,9,19,[ 2 10],10,17,36,7,10
1,<environment.Job instance at 0x7ff54aca0eb0>,17,16,[2 9],18,36,52,18,23
1,<environment.Job instance at 0x7ff54aca0c30>,18,16,[1 8],19,52,68,33,39
1,<environment.Job instance at 0x7ff54aca0b90>,15,20,[7 4],16,39,59,23,39
1,<environment.Job instance at 0x7ff54aca0140>,19,15,[9 3],20,59,74,39,51
1,<environment.Job instance at 0x7ff54aca0910>,20,15,[4 8],21,68,83,47,55
1,<environment.Job instance at 0x7ff54acba870>,25,15,[2 9],26,83,98,57,69
1,<environment.Job instance at 0x7ff54acba230>,26,19,[2 5],27,74,93,47,69
1,<environment.Job instance at 0x7ff54acba910>,29,13,[5 6],30,93,106,63,83
1,<environment.Job instance at 0x7ff54aca03c0>,21,23,[13  2],22,106,129,84,100
1,<environment.Job instance at 0x7ff54acbab90>,32,12,[5 6],33,129,141,96,112
1,<environment.Job instance at 0x7ff54acbaa50>,31,20,[6 3],32,129,149,97,121
1,<environment.Job instance at 0x7ff54acbae60>,35,14,[1 8],36,141,155,105,126
1,<environment.Job instance at 0x7ff54acb8780>,36,14,[9 1],37,149,163,112,134
1,<environment.Job instance at 0x7ff54acbac80>,33,15,[ 5 14],34,155,170,121,143
1,<environment.Job instance at 0x7ff54c0ebf00>,40,14,[6 2],41,170,184,129,155
1,<environment.Job instance at 0x7ff54bc2e730>,39,20,[6 5],40,170,190,130,163
1,<environment.Job instance at 0x7ff54bf86a00>,42,15,[1 9],43,184,199,141,170
1,<environment.Job instance at 0x7ff54ba111e0>,45,20,[5 1],46,184,204,138,175
1,<environment.Job instance at 0x7ff54af39870>,47,12,[2 5],48,190,202,142,175
1,<environment.Job instance at 0x7ff54b23fdc0>,48,14,[10  3],49,202,216,153,187
1,<environment.Job instance at 0x7ff54a9b3f50>,49,14,[10  2],50,216,230,166,201
1,<environment.Job instance at 0x7ff54a8db690>,51,19,[1 8],52,204,223,152,201
1,<environment.Job instance at 0x7ff54c0d84b0>,41,18,[ 2 14],42,230,248,188,219
1,<environment.Job instance at 0x7ff54bf8c960>,55,19,[ 2 13],56,248,267,192,239
1,<environment.Job instance at 0x7ff54b0b3cd0>,56,25,[14  4],57,267,292,210,263
1,<environment.Job instance at 0x7ff54b0b3230>,57,19,[ 1 12],58,292,311,234,282
1,<environment.Job instance at 0x7ff54b0b3f50>,58,18,[ 4 12],59,311,329,252,301
1,<environment.Job instance at 0x7ff54b0b3190>,59,18,[ 2 14],60,329,347,269,319
1,<environment.Job instance at 0x7ff54acb8190>,60,27,[14  2],61,347,374,286,345
1,<environment.Job instance at 0x7ff54b092d70>,61,18,[12  3],62,374,392,312,364
1,<environment.Job instance at 0x7ff54b092f50>,62,17,[10  3],63,392,409,329,380
1,<environment.Job instance at 0x7ff54b092190>,63,18,[ 2 12],64,380,398,316,380
1,<environment.Job instance at 0x7ff54b092c30>,64,18,[ 5 12],65,398,416,333,388
1,<environment.Job instance at 0x7ff54b0927d0>,65,26,[ 5 14],66,416,442,350,413
1,<environment.Job instance at 0x7ff54b0b8e10>,66,15,[2 9],67,442,457,375,428
1,<environment.Job instance at 0x7ff54b0ba4b0>,54,21,[9 4],55,442,463,387,442
1,<environment.Job instance at 0x7ff54b0b8230>,70,19,[6 2],71,457,476,386,447
1,<environment.Job instance at 0x7ff54b0b8cd0>,72,13,[10  5],73,476,489,403,460
1,<environment.Job instance at 0x7ff54b0b8050>,74,12,[3 8],75,463,475,388,460
1,<environment.Job instance at 0x7ff54b0b85f0>,75,16,[8 2],76,489,505,413,476
1,<environment.Job instance at 0x7ff54b0b8190>,76,20,[1 5],77,476,496,399,476
1,<environment.Job instance at 0x7ff54b0b8d70>,77,19,[6 1],78,489,508,411,479
1,<environment.Job instance at 0x7ff54b0b8af0>,67,16,[ 2 13],68,505,521,437,493
1,<environment.Job instance at 0x7ff54b0a6190>,81,15,[11  2],82,508,523,426,494
1,<environment.Job instance at 0x7ff54aca00f0>,80,18,[4 6],81,521,539,440,510
1,<environment.Job instance at 0x7ff54b0a65f0>,83,14,[3 9],84,523,537,439,520
1,<environment.Job instance at 0x7ff54aca0410>,16,24,[ 1 12],17,539,563,522,534
1,<environment.Job instance at 0x7ff54b0becd0>,96,12,[10  4],97,563,575,466,546
1,<environment.Job instance at 0x7ff54b0be870>,97,16,[5 1],98,546,562,448,546
1,<environment.Job instance at 0x7ff54b0be9b0>,98,18,[7 3],99,575,593,476,564
1,<environment.Job instance at 0x7ff54b0a6780>,90,17,[5 8],91,564,581,473,564
1,<environment.Job instance at 0x7ff54b0be7d0>,100,14,[ 2 12],101,581,595,480,566
1,<environment.Job instance at 0x7ff54b0beeb0>,99,16,[3 6],100,595,611,495,582
1,<environment.Job instance at 0x7ff54b0bed70>,103,13,[5 2],104,593,606,489,582
1,<environment.Job instance at 0x7ff54b09b6e0>,106,20,[5 1],107,593,613,486,584
1,<environment.Job instance at 0x7ff54b09b8c0>,108,13,[6 3],109,606,619,497,590
1,<environment.Job instance at 0x7ff54b09b320>,109,14,[5 6],110,613,627,503,598
1,<environment.Job instance at 0x7ff54b0a90a0>,110,14,[7 3],111,619,633,508,604
1,<environment.Job instance at 0x7ff54b0be690>,101,18,[ 3 11],102,627,645,525,616
1,<environment.Job instance at 0x7ff54b0a9140>,111,15,[9 1],112,633,648,521,625
1,<environment.Job instance at 0x7ff54b0a9500>,113,17,[7 3],114,648,665,534,636
1,<environment.Job instance at 0x7ff54b0a9190>,112,12,[1 5],113,645,657,532,636
1,<environment.Job instance at 0x7ff54b0a9460>,115,24,[11  1],116,665,689,549,660
1,<environment.Job instance at 0x7ff54b0a9eb0>,116,23,[14  4],117,689,712,572,683
1,<environment.Job instance at 0x7ff54b0a9d70>,117,16,[14  2],118,712,728,594,699
1,<environment.Job instance at 0x7ff54b0a9e10>,114,15,[1 7],115,699,714,584,699
1,<environment.Job instance at 0x7ff54b0a9910>,120,14,[10  5],121,728,742,607,713
1,<environment.Job instance at 0x7ff54a90ed70>,127,15,[7 5],128,742,757,614,728
1,<environment.Job instance at 0x7ff54b0c8c30>,128,16,[5 3],129,728,744,599,728
1,<environment.Job instance at 0x7ff54b0a9af0>,118,17,[4 5],119,744,761,625,733
1,<environment.Job instance at 0x7ff54b9f45f0>,132,28,[13  5],133,761,789,628,760
1,<environment.Job instance at 0x7ff54b9f4d20>,133,23,[10  1],134,789,812,655,783
1,<environment.Job instance at 0x7ff54b9f4780>,134,21,[ 2 12],135,789,810,654,783
1,<environment.Job instance at 0x7ff54b0aa410>,135,13,[8 4],136,812,825,676,796
1,<environment.Job instance at 0x7ff54ba01690>,136,28,[9 5],137,825,853,688,824
1,<environment.Job instance at 0x7ff54b0aa6e0>,137,21,[4 6],138,824,845,686,824
1,<environment.Job instance at 0x7ff54b9f1b40>,138,21,[ 2 14],139,853,874,714,845
1,<environment.Job instance at 0x7ff54b9f40a0>,131,18,[4 9],132,874,892,742,863
1,<environment.Job instance at 0x7ff54b9e95f0>,140,12,[6 2],141,874,886,733,863
1,<environment.Job instance at 0x7ff54b9e9b40>,141,18,[ 4 10],142,892,910,750,881
1,<environment.Job instance at 0x7ff54b9e96e0>,142,17,[7 5],143,886,903,743,881
1,<environment.Job instance at 0x7ff54c0e1e10>,148,15,[6 2],149,903,918,754,889
1,<environment.Job instance at 0x7ff54ba05be0>,151,14,[6 4],152,910,924,758,895
1,<environment.Job instance at 0x7ff54c0d28c0>,155,17,[5 5],156,918,935,762,906
1,<environment.Job instance at 0x7ff54ba02b40>,159,14,[5 9],160,924,938,764,909
1,<environment.Job instance at 0x7ff54b9f1730>,139,25,[5 8],140,938,963,798,934
1,<environment.Job instance at 0x7ff54ac9b730>,11,19,[7 4],12,935,954,923,934
1,<environment.Job instance at 0x7ff54bf8c870>,0,28,[13  5],1,967,995,966,967
1,<environment.Job instance at 0x7ff54b0baa50>,1,17,[4 8],2,2,19,0,2
1,<environment.Job instance at 0x7ff54a8d3cd0>,6,15,[7 5],7,7,22,0,7
1,<environment.Job instance at 0x7ff54a8d31e0>,8,14,[2 8],9,19,33,10,9
1,<environment.Job instance at 0x7ff54a8d3190>,10,21,[5 7],11,22,43,11,15
1,<environment.Job instance at 0x7ff54a8d3500>,11,14,[ 4 13],12,43,57,31,29
1,<environment.Job instance at 0x7ff54a8d39b0>,13,17,[5 9],14,57,74,43,45
1,<environment.Job instance at 0x7ff54a8d3140>,16,15,[6 5],17,57,72,40,45
1,<environment.Job instance at 0x7ff54af39050>,32,14,[7 5],33,72,86,39,57
1,<environment.Job instance at 0x7ff54af161e0>,39,13,[7 2],40,74,87,34,58
1,<environment.Job instance at 0x7ff54af16230>,40,17,[5 3],41,86,103,45,74
1,<environment.Job instance at 0x7ff54af16280>,41,21,[3 5],42,86,107,44,79
1,<environment.Job instance at 0x7ff54af16640>,42,13,[2 9],43,103,116,60,87
1,<environment.Job instance at 0x7ff54a8d3a50>,14,24,[11  5],15,107,131,92,102
1,<environment.Job instance at 0x7ff54af16320>,45,15,[4 8],46,116,131,70,104
1,<environment.Job instance at 0x7ff54af160f0>,44,19,[4 8],45,131,150,86,121
1,<environment.Job instance at 0x7ff54af36370>,49,18,[8 5],50,131,149,81,121
1,<environment.Job instance at 0x7ff54af36b40>,56,15,[5 5],57,149,164,92,135
1,<environment.Job instance at 0x7ff54af36be0>,57,16,[3 5],58,150,166,92,137
1,<environment.Job instance at 0x7ff54af365f0>,58,18,[8 4],59,164,182,105,153
1,<environment.Job instance at 0x7ff54af4df50>,61,14,[6 5],62,166,180,104,153
1,<environment.Job instance at 0x7ff54af4daa0>,62,13,[9 3],63,182,195,119,166
1,<environment.Job instance at 0x7ff54af4db90>,63,15,[7 4],64,195,210,131,181
1,<environment.Job instance at 0x7ff54af4de10>,64,12,[3 5],65,181,193,116,181
1,<environment.Job instance at 0x7ff54af4dc30>,66,12,[5 8],67,193,205,126,181
1,<environment.Job instance at 0x7ff54af4deb0>,71,15,[4 5],72,205,220,133,191
1,<environment.Job instance at 0x7ff54af4d910>,76,22,[8 4],77,210,232,133,203
1,<environment.Job instance at 0x7ff54af17690>,80,16,[9 5],81,232,248,151,219
1,<environment.Job instance at 0x7ff54af17500>,82,17,[8 3],83,248,265,165,236
1,<environment.Job instance at 0x7ff54af175f0>,84,15,[3 9],85,236,251,151,236
1,<environment.Job instance at 0x7ff54af17fa0>,86,18,[6 1],87,251,269,164,240
1,<environment.Job instance at 0x7ff54af32500>,93,18,[6 1],94,265,283,171,254
1,<environment.Job instance at 0x7ff54af32a00>,94,12,[8 5],95,269,281,174,254
1,<environment.Job instance at 0x7ff54af32870>,95,12,[6 1],96,281,293,185,264
1,<environment.Job instance at 0x7ff54af32cd0>,102,20,[2 7],103,281,301,178,272
1,<environment.Job instance at 0x7ff54af3b280>,104,17,[5 3],105,283,300,178,272
1,<environment.Job instance at 0x7ff54af3bc30>,107,17,[2 5],108,293,310,185,281
1,<environment.Job instance at 0x7ff54af3bf00>,108,19,[5 7],109,301,320,192,291
1,<environment.Job instance at 0x7ff54af3ba50>,111,22,[6 3],112,300,322,188,293
1,<environment.Job instance at 0x7ff54af3b5f0>,113,13,[2 7],114,320,333,206,304
1,<environment.Job instance at 0x7ff54af3b9b0>,114,13,[8 3],115,322,335,207,306
1,<environment.Job instance at 0x7ff54af3baa0>,116,15,[4 5],117,310,325,193,306
1,<environment.Job instance at 0x7ff54a90e910>,118,14,[5 3],119,325,339,206,310
1,<environment.Job instance at 0x7ff54a90e370>,128,17,[9 4],129,335,352,206,323
1,<environment.Job instance at 0x7ff54a8e8e10>,135,16,[9 1],136,352,368,216,339
1,<environment.Job instance at 0x7ff54a8e8cd0>,136,14,[8 5],137,368,382,231,353
1,<environment.Job instance at 0x7ff54aeca780>,139,18,[ 2 10],140,353,371,213,353
1,<environment.Job instance at 0x7ff54aeaecd0>,145,18,[5 1],146,371,389,225,360
1,<environment.Job instance at 0x7ff54aeaea50>,146,20,[7 1],147,382,402,235,373
1,<environment.Job instance at 0x7ff54aeae050>,147,13,[1 7],148,373,386,225,373
1,<environment.Job instance at 0x7ff54ac975a0>,148,18,[7 4],149,389,407,240,378
1,<environment.Job instance at 0x7ff54ad29230>,149,15,[7 5],150,402,417,252,388
1,<environment.Job instance at 0x7ff54bc441e0>,150,16,[1 5],151,388,404,237,388
1,<environment.Job instance at 0x7ff54af36500>,46,16,[3 6],47,407,423,360,395
1,<environment.Job instance at 0x7ff54b0b8f00>,152,12,[11  1],153,417,429,264,400
1,<environment.Job instance at 0x7ff54bc2eeb0>,153,12,[6 1],154,429,441,275,412
1,<environment.Job instance at 0x7ff54ae7b1e0>,151,18,[ 1 10],152,423,441,271,412
1,<environment.Job instance at 0x7ff54b0aa780>,157,19,[3 8],158,441,460,283,431
1,<environment.Job instance at 0x7ff54ba117d0>,160,19,[8 1],161,431,450,270,431
1,<environment.Job instance at 0x7ff54b32a730>,161,17,[1 6],162,441,458,279,431
1,<environment.Job instance at 0x7ff54b085640>,165,23,[6 1],166,450,473,284,444
1,<environment.Job instance at 0x7ff54b085820>,166,23,[5 3],167,458,481,291,452
1,<environment.Job instance at 0x7ff54abde500>,154,23,[ 1 11],155,460,483,305,454
1,<environment.Job instance at 0x7ff54b0baa00>,0,22,[ 2 14],1,483,505,482,479
1,<environment.Job instance at 0x7ff54a8d3aa0>,5,19,[11  5],6,1292,1311,1286,1292
1,<environment.Job instance at 0x7ff54a88e640>,0,13,[2 8],1,1,14,0,1
1,<environment.Job instance at 0x7ff54abd7fa0>,3,23,[3 6],4,4,27,0,4
1,<environment.Job instance at 0x7ff54abd7230>,4,14,[3 8],5,14,28,9,5
1,<environment.Job instance at 0x7ff54abd7690>,9,15,[5 5],10,27,42,17,13
1,<environment.Job instance at 0x7ff54abd7e60>,7,13,[14  5],8,42,55,34,26
1,<environment.Job instance at 0x7ff54bba0640>,11,12,[4 5],12,28,40,16,26
1,<environment.Job instance at 0x7ff54bba0be0>,12,13,[ 5 12],13,55,68,42,40
1,<environment.Job instance at 0x7ff54ab35c80>,13,14,[9 5],14,68,82,54,53
1,<environment.Job instance at 0x7ff54ab35460>,14,14,[ 1 10],15,68,82,53,53
1,<environment.Job instance at 0x7ff54ab356e0>,15,19,[12  3],16,82,101,66,72
1,<environment.Job instance at 0x7ff54abd73c0>,10,28,[5 9],11,101,129,90,100
1,<environment.Job instance at 0x7ff54abd7d70>,5,13,[6 5],6,101,114,95,100
1,<environment.Job instance at 0x7ff54abd78c0>,8,15,[2 8],9,129,144,120,116
1,<environment.Job instance at 0x7ff54ab35280>,18,24,[11  3],19,129,153,110,124
1,<environment.Job instance at 0x7ff54ab35050>,21,12,[5 4],22,153,165,131,136
1,<environment.Job instance at 0x7ff54ab35410>,22,13,[1 5],23,144,157,121,136
1,<environment.Job instance at 0x7ff54ab35230>,23,16,[3 8],24,157,173,133,144
1,<environment.Job instance at 0x7ff54ab35fa0>,24,15,[7 3],25,153,168,128,144
1,<environment.Job instance at 0x7ff54c0bb6e0>,25,18,[ 4 11],26,173,191,147,162
1,<environment.Job instance at 0x7ff54c0bb0f0>,27,15,[6 1],28,168,183,140,162
1,<environment.Job instance at 0x7ff54c0bbd20>,28,24,[8 1],29,183,207,154,178
1,<environment.Job instance at 0x7ff54c0bb190>,29,13,[3 5],30,191,204,161,178
1,<environment.Job instance at 0x7ff54a9a7cd0>,32,16,[4 6],33,191,207,158,178
1,<environment.Job instance at 0x7ff54a9a74b0>,36,12,[ 5 12],37,207,219,170,190
1,<environment.Job instance at 0x7ff54ab35190>,17,21,[11  1],18,219,240,201,211
1,<environment.Job instance at 0x7ff54a9a7230>,38,26,[11  2],39,240,266,201,237
1,<environment.Job instance at 0x7ff54a9a7eb0>,39,14,[5 2],40,266,280,226,251
1,<environment.Job instance at 0x7ff54a9a77d0>,40,13,[ 3 13],41,251,264,210,251
1,<environment.Job instance at 0x7ff54a9a7730>,37,17,[5 4],38,266,283,228,256
1,<environment.Job instance at 0x7ff54a9a7dc0>,41,16,[13  3],42,283,299,241,270
1,<environment.Job instance at 0x7ff54aa891e0>,43,14,[12  2],44,299,313,255,285
1,<environment.Job instance at 0x7ff54aa894b0>,46,16,[1 7],47,289,305,242,289
1,<environment.Job instance at 0x7ff54aa89a50>,47,13,[13  2],48,313,326,265,299
1,<environment.Job instance at 0x7ff54aa89f50>,48,12,[1 7],49,305,317,256,299
1,<environment.Job instance at 0x7ff54aa89690>,49,13,[ 2 11],50,317,330,267,308
1,<environment.Job instance at 0x7ff54aa89190>,44,27,[7 3],45,326,353,281,324
1,<environment.Job instance at 0x7ff54aa89230>,51,13,[13  3],52,353,366,301,337
1,<environment.Job instance at 0x7ff54aa892d0>,50,26,[2 5],51,349,375,298,349
1,<environment.Job instance at 0x7ff54aa89960>,53,17,[10  3],54,366,383,312,361
1,<environment.Job instance at 0x7ff54aa89eb0>,54,19,[ 5 12],55,375,394,320,367
1,<environment.Job instance at 0x7ff54aa897d0>,55,14,[ 4 11],56,394,408,338,381
1,<environment.Job instance at 0x7ff54aa89640>,56,18,[10  4],57,394,412,337,386
1,<environment.Job instance at 0x7ff54aa89fa0>,52,18,[14  3],53,412,430,359,401
1,<environment.Job instance at 0x7ff54aa898c0>,58,13,[ 5 14],59,430,443,371,414
1,<environment.Job instance at 0x7ff54aa89280>,59,28,[3 5],60,443,471,383,442
1,<environment.Job instance at 0x7ff54aa89050>,57,23,[1 6],58,453,476,395,453
1,<environment.Job instance at 0x7ff54c05b230>,63,14,[7 3],64,457,471,393,457
1,<environment.Job instance at 0x7ff54c05ba50>,64,16,[2 9],65,471,487,406,458
1,<environment.Job instance at 0x7ff54a885730>,81,17,[2 5],82,476,493,394,464
1,<environment.Job instance at 0x7ff54a885230>,86,18,[9 5],87,487,505,400,479
1,<environment.Job instance at 0x7ff54a8851e0>,90,17,[4 6],91,493,510,402,481
1,<environment.Job instance at 0x7ff54aa89b40>,60,19,[ 5 11],61,510,529,449,500
1,<environment.Job instance at 0x7ff54a885b40>,94,15,[ 2 11],95,529,544,434,515
1,<environment.Job instance at 0x7ff54a885190>,95,12,[ 4 12],96,544,556,448,527
1,<environment.Job instance at 0x7ff54a885a00>,96,23,[14  1],97,556,579,459,550
1,<environment.Job instance at 0x7ff54af32190>,98,20,[14  3],99,579,599,480,570
1,<environment.Job instance at 0x7ff54af325a0>,99,17,[12  4],100,599,616,499,587
1,<environment.Job instance at 0x7ff54af324b0>,100,13,[11  5],101,616,629,515,600
1,<environment.Job instance at 0x7ff54af32e60>,101,14,[ 2 14],102,629,643,527,614
1,<environment.Job instance at 0x7ff54af32140>,102,15,[9 1],103,629,644,526,615
1,<environment.Job instance at 0x7ff54a885960>,97,16,[8 4],98,644,660,546,632
1,<environment.Job instance at 0x7ff54af32690>,104,18,[ 1 12],105,660,678,555,649
1,<environment.Job instance at 0x7ff54af32c30>,103,22,[10  2],104,660,682,556,653
1,<environment.Job instance at 0x7ff54af32280>,105,14,[4 7],106,678,692,572,667
1,<environment.Job instance at 0x7ff54af32f50>,106,16,[10  5],107,682,698,575,669
1,<environment.Job instance at 0x7ff54bc1aa50>,108,12,[5 5],109,692,704,583,675
1,<environment.Job instance at 0x7ff54bc1a140>,109,28,[3 7],110,698,726,588,697
1,<environment.Job instance at 0x7ff54bc1ad70>,110,17,[ 4 11],111,726,743,615,714
1,<environment.Job instance at 0x7ff54bc1a8c0>,111,12,[ 4 12],112,743,755,631,726
1,<environment.Job instance at 0x7ff54bc1ae10>,112,15,[2 6],113,755,770,642,741
1,<environment.Job instance at 0x7ff54bc1a230>,113,24,[ 1 13],114,770,794,656,765
1,<environment.Job instance at 0x7ff54bc1a5a0>,114,15,[12  4],115,794,809,679,780
1,<environment.Job instance at 0x7ff54bc1af50>,115,12,[10  4],116,809,821,693,792
1,<environment.Job instance at 0x7ff54bc1a460>,116,19,[11  2],117,821,840,704,811
1,<environment.Job instance at 0x7ff54bc1a500>,117,21,[14  2],118,840,861,722,832
1,<environment.Job instance at 0x7ff54bc1af00>,118,24,[ 5 14],119,861,885,742,856
1,<environment.Job instance at 0x7ff54bc1a9b0>,119,13,[8 5],120,885,898,765,869
1,<environment.Job instance at 0x7ff54bc1a910>,120,23,[1 8],121,885,908,764,879
1,<environment.Job instance at 0x7ff54bc1afa0>,121,22,[3 6],122,898,920,776,891
1,<environment.Job instance at 0x7ff54bc1a640>,122,22,[2 7],123,908,930,785,901
1,<environment.Job instance at 0x7ff54bc1aaf0>,123,15,[10  3],124,920,935,796,906
1,<environment.Job instance at 0x7ff54bc1a960>,124,14,[13  1],125,935,949,810,920
1,<environment.Job instance at 0x7ff54bc1ae60>,125,19,[ 1 14],126,935,954,809,925
1,<environment.Job instance at 0x7ff54bc1adc0>,126,12,[ 2 13],127,954,966,827,937
1,<environment.Job instance at 0x7ff54bc1a730>,127,22,[3 9],128,966,988,838,959
1,<environment.Job instance at 0x7ff54bc1ad20>,128,19,[11  2],129,959,978,830,959
1,<environment.Job instance at 0x7ff54ba01820>,129,21,[6 5],130,978,999,848,970
1,<environment.Job instance at 0x7ff54ba010f0>,130,20,[1 6],131,988,1008,857,979
1,<environment.Job instance at 0x7ff554bd1550>,131,18,[8 3],132,988,1006,856,980
1,<environment.Job instance at 0x7ff554bd1a50>,132,24,[8 3],133,1006,1030,873,1001
1,<environment.Job instance at 0x7ff54bc1a410>,107,17,[3 9],108,1008,1025,900,1005
1,<environment.Job instance at 0x7ff54ad7c550>,134,15,[7 4],135,1025,1040,890,1012
1,<environment.Job instance at 0x7ff554bd1e10>,135,25,[5 7],136,1030,1055,894,1027
1,<environment.Job instance at 0x7ff54b4cbdc0>,133,27,[14  3],134,1055,1082,921,1053
1,<environment.Job instance at 0x7ff54bfa3cd0>,138,16,[ 3 10],139,1082,1098,943,1069
1,<environment.Job instance at 0x7ff54bfa36e0>,139,28,[1 7],140,1098,1126,958,1097
1,<environment.Job instance at 0x7ff54bfa3460>,140,12,[ 2 11],141,1126,1138,985,1109
1,<environment.Job instance at 0x7ff54bef9280>,141,22,[ 4 13],142,1138,1160,996,1131
1,<environment.Job instance at 0x7ff54a9bb5a0>,142,27,[6 4],143,1160,1187,1017,1158
1,<environment.Job instance at 0x7ff54bfa35f0>,137,18,[12  5],138,1187,1205,1049,1178
1,<environment.Job instance at 0x7ff54a83f410>,144,27,[10  5],145,1205,1232,1060,1203
1,<environment.Job instance at 0x7ff54b10e550>,145,21,[ 1 11],146,1232,1253,1086,1225
1,<environment.Job instance at 0x7ff54b119410>,146,13,[12  3],163,1232,1245,1069,1226
1,<environment.Job instance at 0x7ff54b7a5eb0>,147,16,[8 3],164,1245,1261,1081,1235
1,<environment.Job instance at 0x7ff54a8c8be0>,148,12,[3 5],165,1253,1265,1088,1236
1,<environment.Job instance at 0x7ff54bfa3be0>,143,28,[10  4],144,1279,1307,1135,1279
1,<environment.Job instance at 0x7effaaca0320>,1,15,[5 2],2,2,17,0,2
1,<environment.Job instance at 0x7effa16b4be0>,5,18,[7 5],6,6,24,0,6
1,<environment.Job instance at 0x7effa16b4dc0>,7,12,[7 2],8,17,29,9,8
1,<environment.Job instance at 0x7effa16b4fa0>,9,17,[8 1],10,24,41,14,12
1,<environment.Job instance at 0x7effa16b7140>,12,22,[4 6],13,29,51,16,23
1,<environment.Job instance at 0x7effa16b75f0>,18,18,[3 6],19,29,47,10,23
1,<environment.Job instance at 0x7effa16b7730>,20,18,[7 5],21,47,65,26,36
1,<environment.Job instance at 0x7effa16b7a50>,23,18,[7 4],24,51,69,27,40
1,<environment.Job instance at 0x7effa16b7b90>,26,20,[4 8],27,65,85,38,56
1,<environment.Job instance at 0x7effa16b7cd0>,28,20,[5 8],29,85,105,56,76
1,<environment.Job instance at 0x7effa16b7e10>,30,15,[8 2],31,76,91,45,76
1,<environment.Job instance at 0x7effa16b7eb0>,31,13,[4 5],32,91,104,59,76
1,<environment.Job instance at 0x7effa16b7320>,33,16,[9 3],34,104,120,70,91
1,<environment.Job instance at 0x7effa16b7aa0>,34,20,[5 3],35,105,125,70,96
1,<environment.Job instance at 0x7effa16bb0a0>,37,22,[2 5],38,120,142,82,113
1,<environment.Job instance at 0x7effa16bb460>,39,13,[5 4],40,120,133,80,113
1,<environment.Job instance at 0x7effa16bb5a0>,40,19,[ 3 10],41,133,152,92,123
1,<environment.Job instance at 0x7effa16bb550>,43,14,[6 1],44,142,156,98,127
1,<environment.Job instance at 0x7effa16bb140>,44,14,[8 4],45,152,166,107,137
1,<environment.Job instance at 0x7effa16bb8c0>,47,16,[6 2],48,156,172,108,143
1,<environment.Job instance at 0x7effa16bba00>,49,23,[2 6],50,166,189,116,160
1,<environment.Job instance at 0x7effaaca0230>,0,24,[2 8],1,172,196,171,167
1,<environment.Job instance at 0x7effa16bbc80>,53,22,[9 5],54,189,211,135,182
1,<environment.Job instance at 0x7effa16bbdc0>,55,15,[6 2],56,196,211,140,182
1,<environment.Job instance at 0x7effa16bbfa0>,56,13,[10  1],57,211,224,154,195
1,<environment.Job instance at 0x7effa16bbf00>,57,22,[6 5],58,224,246,166,217
1,<environment.Job instance at 0x7effa16bd0f0>,60,23,[5 7],61,219,242,158,219
1,<environment.Job instance at 0x7effa16bd230>,61,14,[ 2 10],62,242,256,180,227
1,<environment.Job instance at 0x7effa16bd550>,66,12,[6 1],67,246,258,179,229
1,<environment.Job instance at 0x7effa16bd5f0>,67,13,[3 5],68,256,269,188,240
1,<environment.Job instance at 0x7effa16bd7d0>,70,22,[5 6],71,256,278,185,249
1,<environment.Job instance at 0x7effa16bd870>,71,13,[7 2],72,258,271,186,249
1,<environment.Job instance at 0x7effa16bd910>,72,18,[5 5],73,271,289,198,260
1,<environment.Job instance at 0x7effa16bda50>,74,14,[9 1],75,278,292,203,263
1,<environment.Job instance at 0x7effa16bdaf0>,75,19,[8 3],76,292,311,216,282
1,<environment.Job instance at 0x7effa16bdeb0>,76,18,[ 2 10],77,289,307,212,282
1,<environment.Job instance at 0x7effa16bdf00>,78,13,[1 5],79,307,320,228,291
1,<environment.Job instance at 0x7effa16bdf50>,79,15,[4 7],80,307,322,227,293
1,<environment.Job instance at 0x7effa16bdfa0>,80,19,[8 4],81,320,339,239,310
1,<environment.Job instance at 0x7effa16c0050>,81,17,[2 7],82,322,339,240,310
1,<environment.Job instance at 0x7effa16c04b0>,87,17,[7 4],88,339,356,251,327
1,<environment.Job instance at 0x7effa16c0690>,90,22,[5 5],91,339,361,248,332
1,<environment.Job instance at 0x7effa16c0dc0>,98,20,[10  4],99,356,376,257,347
1,<environment.Job instance at 0x7effa16c0e60>,99,14,[6 1],100,376,390,276,361
1,<environment.Job instance at 0x7effa16c0b90>,102,12,[10  1],103,390,402,287,373
1,<environment.Job instance at 0x7effa16c23c0>,107,17,[5 6],108,373,390,265,373
1,<environment.Job instance at 0x7effa16c25a0>,110,15,[2 6],111,379,394,268,379
1,<environment.Job instance at 0x7effa16c29b0>,114,20,[5 7],115,394,414,279,385
1,<environment.Job instance at 0x7effa16c2b90>,117,21,[1 6],118,402,423,284,394
1,<environment.Job instance at 0x7effa16c2cd0>,119,14,[9 1],120,402,416,282,394
1,<environment.Job instance at 0x7effa16c2d70>,120,15,[9 2],121,416,431,295,402
1,<environment.Job instance at 0x7effaacdfdc0>,123,16,[1 8],124,423,439,299,410
1,<environment.Job instance at 0x7effa16aac30>,128,19,[1 9],129,439,458,310,429
1,<environment.Job instance at 0x7effa16aa8c0>,129,19,[4 7],130,458,477,328,448
1,<environment.Job instance at 0x7effa16aa640>,130,21,[4 6],131,448,469,317,448
1,<environment.Job instance at 0x7effa17000f0>,134,22,[2 9],135,477,499,342,470
1,<environment.Job instance at 0x7effa1700460>,135,16,[5 2],136,470,486,334,470
1,<environment.Job instance at 0x7effa173dfa0>,142,18,[10  5],143,486,504,343,475
1,<environment.Job instance at 0x7effa17b1820>,150,15,[6 2],151,504,519,353,490
1,<environment.Job instance at 0x7effa1775960>,151,15,[6 2],152,504,519,352,490
1,<environment.Job instance at 0x7effa175c780>,155,13,[2 6],156,499,512,343,490
1,<environment.Job instance at 0x7effa17d2aa0>,157,16,[6 2],158,519,535,361,506
1,<environment.Job instance at 0x7effa17d7d70>,160,15,[8 3],161,519,534,358,506
1,<environment.Job instance at 0x7effa17c0be0>,167,13,[4 5],168,534,547,366,518
1,<environment.Job instance at 0x7effa17c05f0>,168,22,[ 2 10],169,535,557,366,528
1,<environment.Job instance at 0x7effa17c0a50>,171,18,[ 4 10],172,557,575,385,546
1,<environment.Job instance at 0x7effa17c0dc0>,172,22,[6 4],173,547,569,374,546
1,<environment.Job instance at 0x7effa17dcf00>,173,16,[7 1],174,569,585,395,556
1,<environment.Job instance at 0x7effa17dc280>,174,21,[9 1],175,585,606,410,577
1,<environment.Job instance at 0x7effa16b4eb0>,10,14,[ 1 14],11,630,644,619,630
1,<environment.Job instance at 0x7effa16bbd20>,54,20,[ 5 14],55,644,664,589,635
1,<environment.Job instance at 0x7effa16b49b0>,2,26,[10  1],3,647,673,644,647
1,<environment.Job instance at 0x7effa16b4d20>,11,14,[10  4],12,1305,1319,1293,1305
1,<environment.Job instance at 0x7effa165b5f0>,1,13,[ 4 10],2,2,15,0,2
1,<environment.Job instance at 0x7effa1090b90>,2,14,[4 7],3,15,29,12,3
1,<environment.Job instance at 0x7effa1092aa0>,5,19,[5 1],6,6,25,0,6
1,<environment.Job instance at 0x7effa1092e60>,6,24,[8 2],7,25,49,18,20
1,<environment.Job instance at 0x7effa1092e10>,10,12,[11  1],11,49,61,38,32
1,<environment.Job instance at 0x7effa1052500>,11,12,[ 5 11],12,32,44,20,32
1,<environment.Job instance at 0x7effa10525f0>,12,15,[ 3 11],13,44,59,31,32
1,<environment.Job instance at 0x7effa1092eb0>,9,26,[3 6],10,59,85,49,56
1,<environment.Job instance at 0x7effa108b550>,19,16,[ 3 12],20,85,101,65,72
1,<environment.Job instance at 0x7effa108b690>,20,23,[5 8],21,101,124,80,95
1,<environment.Job instance at 0x7effa12380f0>,21,21,[ 4 11],22,124,145,102,116
1,<environment.Job instance at 0x7effa1047050>,22,20,[ 3 12],23,145,165,122,136
1,<environment.Job instance at 0x7effa1047d70>,23,23,[10  3],24,142,165,118,142
1,<environment.Job instance at 0x7effa1047c30>,24,28,[3 8],25,165,193,140,164
1,<environment.Job instance at 0x7effa110f0f0>,25,24,[12  1],26,165,189,139,165
1,<environment.Job instance at 0x7effa110f0a0>,26,14,[11  2],27,189,203,162,174
1,<environment.Job instance at 0x7effa111d0f0>,27,27,[5 3],28,203,230,175,201
1,<environment.Job instance at 0x7effa1052aa0>,13,24,[ 1 10],14,201,225,187,201
1,<environment.Job instance at 0x7effa111d050>,28,17,[10  2],29,225,242,196,213
1,<environment.Job instance at 0x7effa111d320>,30,13,[11  1],31,242,255,211,226
1,<environment.Job instance at 0x7effa111d280>,31,27,[14  2],32,255,282,223,253
1,<environment.Job instance at 0x7effa111da50>,32,25,[13  2],33,282,307,249,278
1,<environment.Job instance at 0x7effa111d8c0>,33,21,[ 4 12],34,307,328,273,299
1,<environment.Job instance at 0x7effa111d910>,34,17,[2 9],35,328,345,293,316
1,<environment.Job instance at 0x7effa111d780>,35,18,[ 5 11],36,345,363,309,334
1,<environment.Job instance at 0x7effa111dfa0>,36,17,[10  4],37,336,353,299,336
1,<environment.Job instance at 0x7effa111deb0>,37,12,[11  1],38,363,375,325,346
1,<environment.Job instance at 0x7effa111df50>,38,13,[ 5 13],39,375,388,336,359
1,<environment.Job instance at 0x7effa1122050>,39,17,[2 8],40,388,405,348,376
1,<environment.Job instance at 0x7effa11221e0>,40,12,[5 9],41,405,417,364,388
1,<environment.Job instance at 0x7effa1122640>,41,14,[2 9],42,417,431,375,402
1,<environment.Job instance at 0x7effa11225a0>,42,20,[5 7],43,431,451,388,422
1,<environment.Job instance at 0x7effa11225f0>,43,15,[5 9],44,451,466,407,437
1,<environment.Job instance at 0x7effa1122780>,44,28,[4 8],45,466,494,421,465
1,<environment.Job instance at 0x7effa1122870>,45,23,[14  3],46,494,517,448,488
1,<environment.Job instance at 0x7effa1122cd0>,46,23,[3 8],47,517,540,470,511
1,<environment.Job instance at 0x7effa1122d20>,47,15,[5 6],48,517,532,469,511
1,<environment.Job instance at 0x7effa1122eb0>,48,28,[11  1],49,532,560,483,531
1,<environment.Job instance at 0x7effa1122f50>,49,17,[ 3 11],50,540,557,490,531
1,<environment.Job instance at 0x7effa1122230>,50,15,[ 5 10],51,560,575,509,546
1,<environment.Job instance at 0x7effa11227d0>,51,27,[7 2],52,560,587,508,558
1,<environment.Job instance at 0x7effa1122e10>,52,16,[14  3],53,587,603,534,574
1,<environment.Job instance at 0x7effa1122d70>,53,12,[11  4],54,603,615,549,586
1,<environment.Job instance at 0x7effa1127320>,54,15,[14  3],55,615,630,560,601
1,<environment.Job instance at 0x7effa11270f0>,55,28,[6 4],56,630,658,574,629
1,<environment.Job instance at 0x7effa1127870>,56,13,[ 5 13],57,658,671,601,642
1,<environment.Job instance at 0x7effa1127370>,57,20,[5 2],58,642,662,584,642
1,<environment.Job instance at 0x7effa111d230>,29,17,[ 5 11],30,671,688,641,662
1,<environment.Job instance at 0x7effa11270a0>,58,20,[7 4],59,671,691,612,662
1,<environment.Job instance at 0x7effa1127230>,59,20,[6 2],60,688,708,628,686
1,<environment.Job instance at 0x7effa108db90>,18,17,[10  5],19,708,725,689,696
1,<environment.Job instance at 0x7effa11276e0>,63,18,[8 5],64,725,743,661,715
1,<environment.Job instance at 0x7effa0f342d0>,69,21,[6 4],70,725,746,655,718
1,<environment.Job instance at 0x7effa0ec81e0>,70,17,[2 6],71,743,760,672,731
1,<environment.Job instance at 0x7effa0ec85f0>,72,17,[8 5],73,746,763,673,734
1,<environment.Job instance at 0x7effa11277d0>,60,24,[11  3],61,763,787,702,758
1,<environment.Job instance at 0x7effa0ec8d70>,75,13,[11  1],76,787,800,711,771
1,<environment.Job instance at 0x7effa0f1d230>,76,12,[ 3 12],77,771,783,694,771
1,<environment.Job instance at 0x7effa1127550>,62,24,[14  3],63,800,824,737,795
1,<environment.Job instance at 0x7effa0f1deb0>,77,25,[8 3],78,824,849,746,820
1,<environment.Job instance at 0x7effaad20a00>,79,15,[ 5 13],80,849,864,769,835
1,<environment.Job instance at 0x7effa0d3c230>,80,12,[6 2],81,835,847,754,835
1,<environment.Job instance at 0x7effa0f40280>,81,24,[5 1],82,847,871,765,842
1,<environment.Job instance at 0x7effaad20eb0>,82,23,[ 1 13],83,864,887,781,858
1,<environment.Job instance at 0x7effaad48910>,83,12,[12  2],84,871,883,787,858
1,<environment.Job instance at 0x7effa15a0a50>,84,12,[1 8],85,887,899,802,870
1,<environment.Job instance at 0x7effa0df3eb0>,85,22,[3 8],86,899,921,813,892
1,<environment.Job instance at 0x7effa0df2230>,86,19,[ 3 14],87,921,940,834,911
1,<environment.Job instance at 0x7effa0db3f50>,87,26,[ 1 14],88,940,966,852,937
1,<environment.Job instance at 0x7effa0cba6e0>,88,13,[3 5],89,966,979,877,950
1,<environment.Job instance at 0x7effa0d03910>,89,16,[12  3],90,966,982,876,953
1,<environment.Job instance at 0x7effa0f407d0>,78,17,[1 7],79,979,996,900,976
1,<environment.Job instance at 0x7effa0cba690>,91,22,[6 1],92,982,1004,890,979
1,<environment.Job instance at 0x7effa0ca45a0>,92,14,[3 5],93,982,996,889,981
1,<environment.Job instance at 0x7effa11ffcd0>,93,21,[5 1],94,985,1006,891,985
1,<environment.Job instance at 0x7effa0c86870>,90,27,[13  4],91,1006,1033,915,1004
1,<environment.Job instance at 0x7effa0c50a50>,95,20,[5 5],96,1033,1053,937,1024
1,<environment.Job instance at 0x7effa0d02cd0>,96,18,[4 9],97,1033,1051,936,1024
1,<environment.Job instance at 0x7effa0e9a640>,97,20,[3 7],98,1051,1071,953,1042
1,<environment.Job instance at 0x7effa0c50c30>,98,27,[ 3 13],99,1071,1098,972,1069
1,<environment.Job instance at 0x7effa0c50f00>,99,20,[14  3],100,1098,1118,998,1089
1,<environment.Job instance at 0x7effa0cc5b40>,100,22,[12  1],101,1118,1140,1017,1111
1,<environment.Job instance at 0x7effa0cffdc0>,101,12,[ 2 14],102,1118,1130,1016,1111
1,<environment.Job instance at 0x7effa0cfff50>,102,13,[14  5],103,1140,1153,1037,1124
1,<environment.Job instance at 0x7effa0c63550>,103,28,[5 7],104,1153,1181,1049,1152
1,<environment.Job instance at 0x7effa0c634b0>,104,28,[10  1],105,1153,1181,1048,1152
1,<environment.Job instance at 0x7effa0c63370>,105,16,[12  2],106,1181,1197,1075,1168
1,<environment.Job instance at 0x7effa0c63b90>,106,28,[14  3],107,1197,1225,1090,1196
1,<environment.Job instance at 0x7effa0c63cd0>,107,24,[ 4 11],108,1225,1249,1117,1220
1,<environment.Job instance at 0x7effa0c63af0>,108,25,[11  1],109,1225,1250,1116,1221
1,<environment.Job instance at 0x7effa0c63eb0>,109,16,[7 2],110,1250,1266,1140,1237
1,<environment.Job instance at 0x7effa0c637d0>,110,26,[5 5],111,1250,1276,1139,1247
1,<environment.Job instance at 0x7effa0c63a50>,111,22,[ 1 10],112,1266,1288,1154,1259
1,<environment.Job instance at 0x7effa0c63910>,112,12,[2 7],113,1288,1300,1175,1271
1,<environment.Job instance at 0x7effa0c632d0>,113,24,[2 7],114,1288,1312,1174,1283
1,<environment.Job instance at 0x7effa0c63190>,114,25,[11  5],115,1300,1325,1185,1296
1,<environment.Job instance at 0x7effa0c63320>,115,25,[5 3],116,1325,1350,1209,1321
1,<environment.Job instance at 0x7effa0df5820>,116,18,[7 1],117,1325,1343,1208,1321
1,<environment.Job instance at 0x7effa0df5be0>,117,26,[7 1],118,1343,1369,1225,1340
1,<environment.Job instance at 0x7effa0c64dc0>,118,18,[12  1],119,1369,1387,1250,1358
1,<environment.Job instance at 0x7effa0c64e10>,119,15,[ 1 13],120,1358,1373,1238,1358
1,<environment.Job instance at 0x7effa0c64460>,120,23,[11  3],121,1387,1410,1266,1381
1,<environment.Job instance at 0x7effa0c648c0>,121,15,[4 8],122,1387,1402,1265,1381
1,<environment.Job instance at 0x7effa0c64500>,122,20,[14  4],123,1410,1430,1287,1401
1,<environment.Job instance at 0x7effa0c64820>,123,22,[10  2],124,1430,1452,1306,1423
1,<environment.Job instance at 0x7effa0c64280>,124,16,[ 2 11],125,1430,1446,1305,1423
1,<environment.Job instance at 0x7effa0c645a0>,125,24,[8 2],126,1452,1476,1326,1447
1,<environment.Job instance at 0x7effa0c641e0>,126,14,[5 3],127,1447,1461,1320,1447
1,<environment.Job instance at 0x7effa0c64960>,127,14,[8 5],128,1476,1490,1348,1461
1,<environment.Job instance at 0x7effa0c64c80>,128,22,[9 3],129,1490,1512,1361,1483
1,<environment.Job instance at 0x7effa0c64be0>,129,16,[ 4 13],130,1512,1528,1382,1499
1,<environment.Job instance at 0x7effa0c66f00>,130,26,[4 7],131,1528,1554,1397,1525
1,<environment.Job instance at 0x7effa0c66f50>,131,25,[10  5],132,1528,1553,1396,1525
1,<environment.Job instance at 0x7effa0c661e0>,132,25,[11  1],133,1553,1578,1420,1549
1,<environment.Job instance at 0x7effa0c66320>,133,26,[4 8],134,1554,1580,1420,1551
1,<environment.Job instance at 0x7effa0c66460>,134,17,[12  2],135,1580,1597,1445,1568
1,<environment.Job instance at 0x7effa0c665f0>,135,19,[11  2],136,1597,1616,1461,1587
1,<environment.Job instance at 0x7effa0c66d20>,136,12,[14  5],137,1616,1628,1479,1599
1,<environment.Job instance at 0x7effa0c66b90>,137,24,[ 1 11],138,1628,1652,1490,1623
1,<environment.Job instance at 0x7effa0c66730>,138,18,[ 4 12],139,1652,1670,1513,1641
1,<environment.Job instance at 0x7effa0c66c30>,139,18,[ 3 10],140,1670,1688,1530,1659
1,<environment.Job instance at 0x7effa0c66be0>,140,14,[7 2],141,1659,1673,1518,1659
1,<environment.Job instance at 0x7effa0c65c30>,141,19,[8 2],142,1673,1692,1531,1663
1,<environment.Job instance at 0x7effaae86fa0>,142,22,[ 3 14],143,1692,1714,1549,1685
1,<environment.Job instance at 0x7effa0d94f00>,143,28,[14  4],144,1714,1742,1570,1713
1,<environment.Job instance at 0x7effa0d945a0>,144,16,[8 3],145,1742,1758,1597,1729
1,<environment.Job instance at 0x7effa0d94e10>,145,20,[7 3],165,1742,1762,1577,1733
1,<environment.Job instance at 0x7effa0d92140>,146,27,[2 8],166,1758,1785,1592,1756
1,<environment.Job instance at 0x7effa0d922d0>,147,25,[13  3],175,1762,1787,1587,1758
1,<environment.Job instance at 0x7effa0fec690>,0,17,[5 4],1,1,18,0,1
1,<environment.Job instance at 0x7effa0eb9af0>,3,14,[4 9],4,4,18,0,4
1,<environment.Job instance at 0x7effa0eb9d70>,4,12,[8 2],5,18,30,13,5
1,<environment.Job instance at 0x7effa0fecb90>,7,13,[7 5],8,18,31,10,9
1,<environment.Job instance at 0x7effa0eb9690>,12,15,[10  5],13,31,46,18,17
1,<environment.Job instance at 0x7effa0eb90a0>,8,13,[1 7],9,30,43,21,18
1,<environment.Job instance at 0x7effa0eb9d20>,13,24,[6 1],14,46,70,32,41
1,<environment.Job instance at 0x7effa0e733c0>,14,19,[3 9],15,43,62,28,42
1,<environment.Job instance at 0x7effa0e73a00>,18,15,[4 9],19,62,77,43,49
1,<environment.Job instance at 0x7effa0e73550>,20,14,[3 6],21,70,84,49,55
1,<environment.Job instance at 0x7effa0e73780>,16,16,[ 4 11],17,84,100,67,71
1,<environment.Job instance at 0x7effa0e73fa0>,23,21,[8 2],24,83,104,59,83
1,<environment.Job instance at 0x7effa0e73dc0>,25,12,[9 3],26,104,116,78,88
1,<environment.Job instance at 0x7effa0de9e60>,31,16,[4 8],32,100,116,68,100
1,<environment.Job instance at 0x7effa0de98c0>,32,12,[9 1],33,116,128,83,100
1,<environment.Job instance at 0x7effa0e73cd0>,15,21,[12  1],16,128,149,112,120
1,<environment.Job instance at 0x7effa0eb9050>,6,18,[8 1],7,149,167,142,138
1,<environment.Job instance at 0x7effa0de9cd0>,36,12,[5 4],37,149,161,112,138
1,<environment.Job instance at 0x7effa0de9230>,33,21,[3 9],34,161,182,127,155
1,<environment.Job instance at 0x7effa0de9a50>,40,17,[2 6],41,167,184,126,155
1,<environment.Job instance at 0x7effa0f4d320>,45,14,[9 5],46,182,196,136,167
1,<environment.Job instance at 0x7effa0f4d0a0>,48,17,[2 8],49,184,201,135,176
1,<environment.Job instance at 0x7effa0dd6e10>,64,20,[2 8],65,201,221,136,192
1,<environment.Job instance at 0x7effa0de9870>,34,22,[7 4],35,196,218,161,195
1,<environment.Job instance at 0x7effa0dd6320>,68,25,[6 1],69,196,221,127,195
1,<environment.Job instance at 0x7effa0dd6550>,67,21,[5 9],68,221,242,153,213
1,<environment.Job instance at 0x7effa0dd6640>,74,15,[6 4],75,218,233,143,213
1,<environment.Job instance at 0x7effa0de6dc0>,78,13,[7 1],79,233,246,154,218
1,<environment.Job instance at 0x7effa0de6fa0>,79,16,[2 6],80,242,258,162,229
1,<environment.Job instance at 0x7effa0de6aa0>,84,22,[5 3],85,242,264,157,235
1,<environment.Job instance at 0x7effa0de6280>,88,17,[9 1],89,258,275,169,246
1,<environment.Job instance at 0x7effa0de1eb0>,91,16,[1 8],92,258,274,166,249
1,<environment.Job instance at 0x7effa0de1320>,94,12,[3 5],95,264,276,169,249
1,<environment.Job instance at 0x7effa0de1e10>,95,14,[5 8],96,275,289,179,260
1,<environment.Job instance at 0x7effa0de1820>,99,19,[6 4],100,276,295,176,266
1,<environment.Job instance at 0x7effa0dd6500>,69,15,[ 3 12],70,295,310,225,281
1,<environment.Job instance at 0x7effa0d924b0>,1,27,[12  2],2,295,322,293,293
1,<environment.Job instance at 0x7effa0de10a0>,101,14,[ 3 11],102,310,324,208,302
1,<environment.Job instance at 0x7effa0de1870>,100,22,[5 6],101,324,346,223,317
1,<environment.Job instance at 0x7effa0de16e0>,105,14,[3 6],106,324,338,218,317
1,<environment.Job instance at 0x7effa0ddcd70>,108,13,[1 9],109,338,351,229,322
1,<environment.Job instance at 0x7effa0ddc460>,109,16,[2 5],110,346,362,236,333
1,<environment.Job instance at 0x7effa0ddcd20>,113,14,[1 9],114,351,365,237,336
1,<environment.Job instance at 0x7effa0ddc230>,115,21,[5 4],116,362,383,246,354
1,<environment.Job instance at 0x7effa0ddc4b0>,119,12,[2 9],120,365,377,245,354
1,<environment.Job instance at 0x7effa0ddcdc0>,120,14,[8 1],121,357,371,236,357
1,<environment.Job instance at 0x7effa0dd9f00>,127,12,[1 6],128,377,389,249,360
1,<environment.Job instance at 0x7effa0dd9960>,129,16,[7 3],130,377,393,247,364
1,<environment.Job instance at 0x7effa0dd90a0>,132,14,[ 4 10],133,389,403,256,377
1,<environment.Job instance at 0x7effa108f4b0>,134,17,[2 5],135,393,410,258,381
1,<environment.Job instance at 0x7effa0cbd410>,135,14,[8 2],136,403,417,267,388
1,<environment.Job instance at 0x7effa0de10f0>,103,15,[14  1],104,417,432,313,409
1,<environment.Job instance at 0x7effa0d92910>,140,21,[9 1],141,432,453,291,429
1,<environment.Job instance at 0x7effa0d92fa0>,143,17,[6 1],144,432,449,288,429
1,<environment.Job instance at 0x7effa0d92550>,145,12,[ 2 10],146,449,461,303,432
1,<environment.Job instance at 0x7effaae1aa00>,146,15,[9 2],147,453,468,306,439
1,<environment.Job instance at 0x7effa0d786e0>,147,21,[3 9],148,461,482,313,453
1,<environment.Job instance at 0x7effa0d78050>,148,17,[7 3],149,468,485,319,456
1,<environment.Job instance at 0x7effa0db31e0>,153,18,[4 7],154,482,500,328,471
1,<environment.Job instance at 0x7effa129eeb0>,156,20,[2 6],157,485,505,328,476
1,<environment.Job instance at 0x7effa13224b0>,161,17,[10  4],162,500,517,338,488
1,<environment.Job instance at 0x7effa12341e0>,163,16,[8 4],164,517,533,353,504
1,<environment.Job instance at 0x7effa148c870>,168,19,[10  1],170,533,552,363,523
1,<environment.Job instance at 0x7effa148c640>,169,13,[10  5],177,552,565,375,536
1,<environment.Job instance at 0x7effa0de1aa0>,102,27,[ 3 14],103,567,594,464,567
1,<environment.Job instance at 0x7effa0d92f50>,141,18,[5 8],142,1284,1302,1142,1284
1,<environment.Job instance at 0x7effa0e43e60>,0,15,[ 5 14],1,1,16,0,1
1,<environment.Job instance at 0x7effa0c27320>,9,15,[2 6],10,16,31,6,10
1,<environment.Job instance at 0x7effa0c27460>,16,13,[12  1],17,18,31,1,18
1,<environment.Job instance at 0x7effa0c27730>,15,17,[ 5 10],16,31,48,15,19
1,<environment.Job instance at 0x7effa0c279b0>,19,13,[6 2],20,31,44,11,20
1,<environment.Job instance at 0x7effa0c27b40>,20,20,[6 5],21,44,64,23,35
1,<environment.Job instance at 0x7effa0c27d70>,27,14,[7 5],28,48,62,20,35
1,<environment.Job instance at 0x7effa0c2a1e0>,32,14,[9 5],33,62,76,29,47
1,<environment.Job instance at 0x7effa0c2abe0>,44,16,[5 5],45,64,80,19,51
1,<environment.Job instance at 0x7effa0c2ae60>,47,19,[5 7],48,76,95,28,66
1,<environment.Job instance at 0x7effa0c2a6e0>,48,18,[1 5],49,80,98,31,69
1,<environment.Job instance at 0x7effa0c2d1e0>,51,17,[7 4],52,95,112,43,83
1,<environment.Job instance at 0x7effa0c23f00>,5,15,[7 2],6,83,98,77,83
1,<environment.Job instance at 0x7effa0c2d280>,53,12,[4 8],54,98,110,44,83
1,<environment.Job instance at 0x7effa0c2d320>,54,12,[8 2],55,110,122,55,93
1,<environment.Job instance at 0x7effa0c2d7d0>,61,17,[2 7],62,112,129,50,100
1,<environment.Job instance at 0x7effa0c2f190>,75,16,[5 5],76,112,128,36,100
1,<environment.Job instance at 0x7effa0d8bd20>,77,17,[4 5],78,128,145,50,116
1,<environment.Job instance at 0x7effa0fec730>,78,13,[8 5],79,129,142,50,116
1,<environment.Job instance at 0x7effa0c1c8c0>,81,16,[6 5],82,142,158,60,129
1,<environment.Job instance at 0x7effa0c1bf00>,86,15,[8 2],87,145,160,58,131
1,<environment.Job instance at 0x7effa0c1b460>,92,13,[1 8],93,145,158,52,133
1,<environment.Job instance at 0x7effa139cf00>,98,14,[6 5],99,158,172,59,143
1,<environment.Job instance at 0x7effa1ae71e0>,100,12,[1 5],101,158,170,57,143
1,<environment.Job instance at 0x7effa1037d70>,110,21,[5 4],111,160,181,49,152
1,<environment.Job instance at 0x7effa100cc80>,119,14,[6 5],120,172,186,52,157
1,<environment.Job instance at 0x7effa1042190>,163,18,[6 5],164,181,199,17,170
1,<environment.Job instance at 0x7effa10426e0>,168,12,[1 7],169,186,198,17,170
1,<environment.Job instance at 0x7effa1042b90>,172,18,[5 8],173,198,216,25,187
1,<environment.Job instance at 0x7effa10425a0>,177,18,[6 5],178,199,217,21,188
1,<environment.Job instance at 0x7effa0c17a50>,178,17,[9 4],179,216,233,37,204
1,<environment.Job instance at 0x7effa0c2d870>,62,14,[4 9],63,748,762,685,748
1,<environment.Job instance at 0x7effa0e438c0>,1,22,[4 9],2,762,784,760,755
1,<environment.Job instance at 0x7effa0c23eb0>,3,21,[4 9],4,1160,1181,1156,1160
1,<environment.Job instance at 0x7effa0dca910>,1,18,[5 7],2,2,20,0,2
1,<environment.Job instance at 0x7effa0c23fa0>,2,15,[6 2],3,3,18,0,3
1,<environment.Job instance at 0x7effa17c2730>,7,15,[14  2],8,20,35,12,10
1,<environment.Job instance at 0x7effa17c2500>,9,22,[1 7],10,18,40,8,18
1,<environment.Job instance at 0x7effa17c2be0>,20,14,[1 7],21,35,49,14,21
1,<environment.Job instance at 0x7effa17c2870>,22,14,[6 2],23,40,54,17,25
1,<environment.Job instance at 0x7effa1789a50>,25,14,[1 6],26,40,54,14,27
1,<environment.Job instance at 0x7effa17895f0>,26,15,[5 7],27,49,64,22,35
1,<environment.Job instance at 0x7effa1789050>,30,18,[5 2],31,54,72,23,43
1,<environment.Job instance at 0x7effa17c22d0>,10,19,[5 6],11,54,73,43,44
1,<environment.Job instance at 0x7effa1789e10>,32,14,[8 3],33,72,86,39,58
1,<environment.Job instance at 0x7effa17c2d70>,11,14,[ 2 11],12,73,87,61,65
1,<environment.Job instance at 0x7effa17898c0>,31,20,[3 7],32,87,107,55,78
1,<environment.Job instance at 0x7effa1789b40>,35,21,[2 8],36,87,108,51,79
1,<environment.Job instance at 0x7effa1a52050>,40,22,[2 7],41,107,129,66,100
1,<environment.Job instance at 0x7effa1041370>,0,16,[11  4],1,108,124,107,100
1,<environment.Job instance at 0x7effa1a52280>,41,22,[8 1],42,124,146,82,120
1,<environment.Job instance at 0x7effa1a52500>,43,20,[8 2],44,146,166,102,137
1,<environment.Job instance at 0x7effa1a521e0>,44,15,[5 8],45,137,152,92,137
1,<environment.Job instance at 0x7effa1a52230>,45,15,[4 9],46,152,167,106,138
1,<environment.Job instance at 0x7effa140b140>,50,13,[3 5],51,166,179,115,150
1,<environment.Job instance at 0x7effa140baf0>,67,18,[9 1],68,167,185,99,156
1,<environment.Job instance at 0x7effa1d6b640>,72,19,[5 3],73,179,198,106,169
1,<environment.Job instance at 0x7effa1d6bc30>,74,21,[6 4],75,185,206,110,177
1,<environment.Job instance at 0x7effa1d6bf00>,77,14,[8 2],78,198,212,120,183
1,<environment.Job instance at 0x7effa1d6b370>,78,13,[5 3],79,206,219,127,190
1,<environment.Job instance at 0x7effa1d6b230>,85,14,[4 7],86,212,226,126,197
1,<environment.Job instance at 0x7effa1d6bfa0>,86,16,[9 4],87,219,235,132,206
1,<environment.Job instance at 0x7effa1d6ba00>,88,14,[ 2 10],89,226,240,137,211
1,<environment.Job instance at 0x7effa1416d70>,90,16,[ 3 10],91,240,256,149,227
1,<environment.Job instance at 0x7effa1416fa0>,91,18,[5 5],92,235,253,143,227
1,<environment.Job instance at 0x7effa1416410>,92,16,[5 5],93,253,269,160,240
1,<environment.Job instance at 0x7effa1416b90>,96,18,[1 5],97,256,274,159,245
1,<environment.Job instance at 0x7effa1416e10>,97,18,[9 5],98,256,274,158,245
1,<environment.Job instance at 0x7effa1416d20>,98,19,[4 5],99,269,288,170,259
1,<environment.Job instance at 0x7effa198c460>,104,13,[5 5],105,274,287,169,259
1,<environment.Job instance at 0x7effa198cf50>,106,16,[8 3],107,287,303,180,274
1,<environment.Job instance at 0x7effa198cd70>,107,23,[5 4],108,288,311,180,282
1,<environment.Job instance at 0x7effa1789820>,34,23,[2 6],35,287,310,252,283
1,<environment.Job instance at 0x7effa17c21e0>,12,25,[14  3],13,311,336,298,307
1,<environment.Job instance at 0x7effa198cf00>,111,22,[11  1],112,336,358,224,329
1,<environment.Job instance at 0x7effa198cfa0>,112,17,[11  2],113,358,375,245,346
1,<environment.Job instance at 0x7effa198c960>,113,18,[5 5],114,375,393,261,364
1,<environment.Job instance at 0x7effa198c780>,114,20,[5 9],115,375,395,260,366
1,<environment.Job instance at 0x7effa1840f50>,124,18,[8 3],125,393,411,268,383
1,<environment.Job instance at 0x7effa1840a50>,127,15,[6 2],128,395,410,267,383
1,<environment.Job instance at 0x7effa1840e60>,128,17,[7 4],129,410,427,281,398
1,<environment.Job instance at 0x7effa170c140>,131,17,[3 5],132,411,428,279,399
1,<environment.Job instance at 0x7effa170c190>,133,14,[6 1],134,427,441,293,412
1,<environment.Job instance at 0x7effa1736fa0>,137,13,[9 5],138,428,441,290,412
1,<environment.Job instance at 0x7effa1503eb0>,138,16,[3 6],139,412,428,273,412
1,<environment.Job instance at 0x7effa17fbeb0>,140,14,[2 5],141,441,455,300,426
1,<environment.Job instance at 0x7effa1964f50>,144,17,[10  4],145,441,458,296,429
1,<environment.Job instance at 0x7effa17c09b0>,148,14,[2 7],149,455,469,306,440
1,<environment.Job instance at 0x7effa148a0f0>,149,20,[1 7],150,458,478,308,449
1,<environment.Job instance at 0x7effa148aa50>,150,14,[3 7],151,469,483,318,454
1,<environment.Job instance at 0x7effa148a5f0>,151,20,[9 4],152,478,498,326,469
1,<environment.Job instance at 0x7effa18092d0>,157,21,[5 9],158,483,504,325,479
1,<environment.Job instance at 0x7effa1809d70>,159,12,[5 7],160,504,516,344,487
1,<environment.Job instance at 0x7effa1809cd0>,161,20,[7 4],162,498,518,336,489
1,<environment.Job instance at 0x7effa170c550>,165,18,[1 6],166,516,534,350,505
1,<environment.Job instance at 0x7effa170c230>,166,15,[6 1],167,516,531,349,505
1,<environment.Job instance at 0x7effa170c690>,167,17,[5 7],168,518,535,350,506
1,<environment.Job instance at 0x7effa170c820>,168,17,[5 5],169,534,551,365,522
1,<environment.Job instance at 0x7effa14a2820>,169,17,[4 6],170,535,552,365,523
1,<environment.Job instance at 0x7effa14a2c80>,170,13,[3 8],171,551,564,380,535
1,<environment.Job instance at 0x7effa1789cd0>,33,18,[12  3],34,552,570,518,541
1,<environment.Job instance at 0x7effa14a2050>,172,17,[1 8],173,564,581,391,552
1,<environment.Job instance at 0x7effa14a2320>,174,17,[1 9],175,581,598,406,569
1,<environment.Job instance at 0x7effa14a2af0>,176,13,[9 2],177,570,583,393,569
1,<environment.Job instance at 0x7effa14a2690>,173,18,[14  3],174,1633,1651,1459,1633
1,<environment.Job instance at 0x7effa1840780>,115,28,[10  3],116,2132,2160,2016,2132
1,<environment.Job instance at 0x7effa09d5c80>,0,25,[ 4 14],1,1,26,0,1
1,<environment.Job instance at 0x7effa1a249b0>,6,21,[8 1],7,7,28,0,7
1,<environment.Job instance at 0x7effa1cddaf0>,14,18,[10  1],15,28,46,13,17
1,<environment.Job instance at 0x7effa0b27870>,16,15,[9 4],17,46,61,29,32
1,<environment.Job instance at 0x7effa2076410>,17,21,[4 6],18,32,53,14,32
1,<environment.Job instance at 0x7effa0b27960>,18,14,[5 7],19,53,67,34,38
1,<environment.Job instance at 0x7effa20760f0>,26,20,[5 7],27,61,81,34,52
1,<environment.Job instance at 0x7effa195db40>,27,16,[4 8],28,67,83,39,54
1,<environment.Job instance at 0x7effa195d690>,29,15,[2 8],30,83,98,53,69
1,<environment.Job instance at 0x7effa195daf0>,31,12,[6 1],32,81,93,49,69
1,<environment.Job instance at 0x7effa1893410>,34,16,[10  5],35,93,109,58,80
1,<environment.Job instance at 0x7effa1893dc0>,36,16,[1 7],37,98,114,61,85
1,<environment.Job instance at 0x7effa1833e10>,37,22,[2 7],38,109,131,71,102
1,<environment.Job instance at 0x7effa18998c0>,42,16,[9 4],43,114,130,71,104
1,<environment.Job instance at 0x7effa18994b0>,43,13,[8 2],44,130,143,86,114
1,<environment.Job instance at 0x7effa18c16e0>,49,13,[1 8],50,131,144,81,117
1,<environment.Job instance at 0x7effa1a24050>,13,19,[ 4 10],14,144,163,130,134
1,<environment.Job instance at 0x7effa18f7320>,55,19,[7 3],56,143,162,87,134
1,<environment.Job instance at 0x7effa18f7140>,56,20,[ 1 12],57,163,183,106,154
1,<environment.Job instance at 0x7effa18f7dc0>,54,19,[2 9],55,183,202,128,173
1,<environment.Job instance at 0x7effa18f7e60>,59,18,[3 8],60,202,220,142,191
1,<environment.Job instance at 0x7effa18f7410>,57,18,[2 7],58,202,220,144,191
1,<environment.Job instance at 0x7effa220ff50>,62,15,[4 8],63,220,235,157,206
1,<environment.Job instance at 0x7effa1a83230>,61,14,[ 4 10],62,235,249,173,220
1,<environment.Job instance at 0x7effa0926c80>,1,16,[6 3],2,220,236,218,220
1,<environment.Job instance at 0x7effaa8c4230>,70,22,[8 3],71,236,258,165,232
1,<environment.Job instance at 0x7effa1a24c30>,10,18,[10  5],11,258,276,247,248
1,<environment.Job instance at 0x7effa21d1d20>,71,28,[8 2],72,276,304,204,275
1,<environment.Job instance at 0x7effa1dec5f0>,75,16,[1 7],76,275,291,199,275
1,<environment.Job instance at 0x7effa1cbc140>,84,15,[2 5],85,289,304,204,289
1,<environment.Job instance at 0x7effa1cbc410>,85,18,[9 5],86,304,322,218,293
1,<environment.Job instance at 0x7effa1cbc640>,89,15,[7 1],90,322,337,232,308
1,<environment.Job instance at 0x7effa1cbc780>,90,17,[2 6],91,308,325,217,308
1,<environment.Job instance at 0x7effa1a95960>,93,22,[5 3],94,322,344,228,315
1,<environment.Job instance at 0x7effa1ab8820>,102,18,[10  2],103,337,355,234,326
1,<environment.Job instance at 0x7effa1091780>,107,17,[2 6],108,344,361,236,332
1,<environment.Job instance at 0x7effa1b4f9b0>,112,15,[4 5],113,355,370,242,341
1,<environment.Job instance at 0x7effa1127050>,114,17,[3 5],115,361,378,246,349
1,<environment.Job instance at 0x7effa1127e10>,120,15,[7 4],121,355,370,234,349
1,<environment.Job instance at 0x7effa11c24b0>,126,15,[5 5],127,370,385,243,356
1,<environment.Job instance at 0x7effa0e309b0>,130,18,[5 9],131,378,396,247,367
1,<environment.Job instance at 0x7effa11f3be0>,131,17,[2 5],132,385,402,253,373
1,<environment.Job instance at 0x7effa1928a50>,133,19,[1 9],134,396,415,262,386
1,<environment.Job instance at 0x7effa1928780>,135,20,[7 5],136,402,422,266,393
1,<environment.Job instance at 0x7effa1b58c30>,149,17,[3 6],150,415,432,265,403
1,<environment.Job instance at 0x7effa1b58f00>,154,12,[6 3],155,422,434,267,405
1,<environment.Job instance at 0x7effa1b58550>,157,12,[4 6],158,422,434,264,405
1,<environment.Job instance at 0x7effa1b58eb0>,159,13,[10  4],160,434,447,274,418
1,<environment.Job instance at 0x7effa1146780>,169,21,[8 3],170,447,468,277,439
1,<environment.Job instance at 0x7effa1272c80>,174,20,[2 7],175,439,459,264,439
1,<environment.Job instance at 0x7effa115bdc0>,76,21,[14  4],77,545,566,468,545
1,<environment.Job instance at 0x7effa0dba0a0>,1,15,[2 7],2,2,17,0,2
1,<environment.Job instance at 0x7effa115bdc0>,3,13,[1 7],4,5,18,1,5
1,<environment.Job instance at 0x7effa153a870>,5,16,[3 9],6,18,34,12,6
1,<environment.Job instance at 0x7effa0e7b280>,9,12,[7 4],10,17,29,7,10
1,<environment.Job instance at 0x7effa0e7beb0>,11,14,[8 1],12,29,43,17,14
1,<environment.Job instance at 0x7effa19c2be0>,4,13,[3 5],5,29,42,24,17
1,<environment.Job instance at 0x7effa0e77280>,18,17,[8 4],19,43,60,24,31
1,<environment.Job instance at 0x7effa0e77870>,21,22,[5 5],22,42,64,20,35
1,<environment.Job instance at 0x7effa0e77190>,23,14,[4 9],24,60,74,36,45
1,<environment.Job instance at 0x7effa134f280>,29,15,[5 5],30,64,79,34,50
1,<environment.Job instance at 0x7effa221d3c0>,32,21,[6 4],33,74,95,41,66
1,<environment.Job instance at 0x7effa119ca50>,36,16,[5 6],37,79,95,42,66
1,<environment.Job instance at 0x7effa1384640>,39,13,[5 5],40,95,108,55,79
1,<environment.Job instance at 0x7effa118f6e0>,43,14,[4 5],44,79,93,35,79
1,<environment.Job instance at 0x7effa222b9b0>,46,13,[4 5],47,93,106,46,79
1,<environment.Job instance at 0x7effa1377c80>,57,16,[7 4],58,106,122,48,93
1,<environment.Job instance at 0x7effa1377af0>,58,12,[8 4],59,108,120,49,93
1,<environment.Job instance at 0x7effa1365640>,66,12,[8 4],67,120,132,53,103
1,<environment.Job instance at 0x7effa1365aa0>,67,16,[1 8],68,122,138,54,109
1,<environment.Job instance at 0x7effa1371870>,75,17,[5 3],76,122,139,46,110
1,<environment.Job instance at 0x7effa1371d20>,80,13,[4 6],81,138,151,57,122
1,<environment.Job instance at 0x7effa1371e10>,82,12,[1 7],83,139,151,56,122
1,<environment.Job instance at 0x7effa1371eb0>,83,15,[2 6],84,151,166,67,137
1,<environment.Job instance at 0x7effa1371f50>,85,18,[1 7],86,151,169,65,140
1,<environment.Job instance at 0x7effa1371fa0>,86,16,[9 3],87,166,182,79,153
1,<environment.Job instance at 0x7effa136a640>,93,18,[7 4],94,182,200,88,171
1,<environment.Job instance at 0x7effa136a780>,97,20,[5 7],98,171,191,73,171
1,<environment.Job instance at 0x7effa0d1a5f0>,116,14,[4 8],117,191,205,74,176
1,<environment.Job instance at 0x7effa0d1a870>,120,14,[8 4],121,200,214,79,185
1,<environment.Job instance at 0x7effa0d1aeb0>,127,20,[4 5],128,205,225,77,196
1,<environment.Job instance at 0x7effa0d1af50>,128,14,[5 7],129,214,228,85,199
1,<environment.Job instance at 0x7effa0d29e10>,151,17,[7 3],152,225,242,73,213
1,<environment.Job instance at 0x7effa0d1c3c0>,157,15,[6 1],158,228,243,70,214
1,<environment.Job instance at 0x7effa0d1c960>,166,16,[9 2],167,242,258,75,229
1,<environment.Job instance at 0x7effa0d2b190>,177,18,[5 5],178,243,261,65,234
1,<environment.Job instance at 0x7effa0d2b370>,2,14,[10  1],3,3,17,0,3
1,<environment.Job instance at 0x7effa1fab780>,0,28,[ 5 11],1,3,31,2,3
1,<environment.Job instance at 0x7effa185d050>,18,17,[8 4],19,19,36,0,19
1,<environment.Job instance at 0x7effa185dc30>,19,16,[7 2],20,31,47,11,20
1,<environment.Job instance at 0x7effa1b553c0>,22,14,[8 5],23,36,50,13,23
1,<environment.Job instance at 0x7effa1b556e0>,24,19,[6 4],25,47,66,22,37
1,<environment.Job instance at 0x7effa185d190>,25,16,[1 6],26,47,63,21,37
1,<environment.Job instance at 0x7effa1b55460>,26,14,[1 8],27,63,77,36,48
1,<environment.Job instance at 0x7effa1b55f50>,27,22,[7 2],28,50,72,22,50
1,<environment.Job instance at 0x7effa1b55910>,28,15,[10  1],29,72,87,43,58
1,<environment.Job instance at 0x7effa2150a50>,33,16,[3 7],34,77,93,43,64
1,<environment.Job instance at 0x7effa2150550>,38,14,[1 7],39,77,91,38,65
1,<environment.Job instance at 0x7effa21505f0>,40,13,[5 5],41,91,104,50,75
1,<environment.Job instance at 0x7effa1fab3c0>,6,24,[7 1],7,87,111,80,82
1,<environment.Job instance at 0x7effa2150cd0>,42,19,[2 6],43,93,112,50,83
1,<environment.Job instance at 0x7effa2150370>,46,18,[2 5],47,104,122,57,93
1,<environment.Job instance at 0x7effa1a67c80>,51,18,[3 9],52,112,130,60,101
1,<environment.Job instance at 0x7effa1a67500>,53,16,[1 7],54,130,146,76,117
1,<environment.Job instance at 0x7effa1a67730>,57,17,[5 7],58,130,147,72,118
1,<environment.Job instance at 0x7effa1a67f00>,58,17,[6 2],59,146,163,87,134
1,<environment.Job instance at 0x7effa1a67550>,61,15,[8 2],62,147,162,85,134
1,<environment.Job instance at 0x7effa1e0c410>,65,16,[10  3],66,163,179,97,150
1,<environment.Job instance at 0x7effa1e0c8c0>,69,17,[9 4],70,179,196,109,167
1,<environment.Job instance at 0x7effa1e0cf50>,72,20,[5 3],73,167,187,94,167
1,<environment.Job instance at 0x7effa0d2b320>,3,18,[3 8],4,187,205,183,177
1,<environment.Job instance at 0x7effa0c5c5f0>,81,16,[4 6],82,196,212,114,183
1,<environment.Job instance at 0x7effa0c5c5a0>,92,15,[3 7],93,205,220,112,191
1,<environment.Job instance at 0x7effa11e58c0>,95,19,[2 5],96,212,231,116,202
1,<environment.Job instance at 0x7effa0c6e5a0>,97,16,[8 4],98,220,236,122,207
1,<environment.Job instance at 0x7effa1fab2d0>,7,16,[1 6],8,220,236,212,207
1,<environment.Job instance at 0x7effa21500f0>,43,17,[13  2],44,236,253,192,226
1,<environment.Job instance at 0x7effa1b68960>,108,27,[2 9],109,238,265,129,238
1,<environment.Job instance at 0x7effa19c4550>,124,18,[5 6],125,253,271,128,242
1,<environment.Job instance at 0x7effa1161370>,134,19,[8 2],135,265,284,130,255
1,<environment.Job instance at 0x7effa1f12f50>,126,15,[ 4 10],127,271,286,144,258
1,<environment.Job instance at 0x7effa1dfaf50>,149,13,[5 8],150,286,299,136,270
1,<environment.Job instance at 0x7effa11db1e0>,158,19,[2 5],159,284,303,125,274
1,<environment.Job instance at 0x7effa1465b40>,125,27,[13  3],126,299,326,173,297
1,<environment.Job instance at 0x7effa1f28910>,167,13,[13  2],168,326,339,158,310
1,<environment.Job instance at 0x7effa1f28370>,166,19,[3 7],167,339,358,172,333
1,<environment.Job instance at 0x7effa1f28500>,169,17,[5 4],170,339,356,169,333
1,<environment.Job instance at 0x7effa1c91a50>,144,19,[7 3],145,339,358,194,334
1,<environment.Job instance at 0x7effa1fabfa0>,4,22,[11  2],5,358,380,353,354
1,<environment.Job instance at 0x7effa1f28640>,170,19,[5 8],171,380,399,209,378
1,<environment.Job instance at 0x7effa1f28f50>,174,13,[6 5],175,380,393,205,379
1,<environment.Job instance at 0x7effa1f288c0>,168,27,[13  3],169,399,426,230,397
1,<environment.Job instance at 0x7effa1f1abe0>,177,20,[1 7],178,407,427,229,407
1,<environment.Job instance at 0x7effa1f1a8c0>,178,24,[7 2],179,426,450,247,421
1,<environment.Job instance at 0x7effa1666f00>,78,13,[14  2],79,450,463,371,434
1,<environment.Job instance at 0x7effa1f28be0>,172,19,[8 1],173,471,490,298,471
1,<environment.Job instance at 0x7effa0c76500>,2,16,[8 2],3,3,19,0,3
1,<environment.Job instance at 0x7effa0c763c0>,4,14,[4 7],5,5,19,0,5
1,<environment.Job instance at 0x7effa0c768c0>,0,14,[14  5],1,19,33,18,7
1,<environment.Job instance at 0x7effa0c855f0>,11,19,[2 5],12,33,52,21,23
1,<environment.Job instance at 0x7effa0c850f0>,18,21,[1 6],19,23,44,4,23
1,<environment.Job instance at 0x7effa0c851e0>,19,15,[7 1],20,33,48,13,23
1,<environment.Job instance at 0x7effa0c85b90>,24,16,[4 9],25,44,60,19,31
1,<environment.Job instance at 0x7effa0c85c80>,26,14,[5 4],27,52,66,25,37
1,<environment.Job instance at 0x7effa0c852d0>,27,15,[6 4],28,60,75,32,46
1,<environment.Job instance at 0x7effa0c85be0>,28,20,[7 5],29,66,86,37,58
1,<environment.Job instance at 0x7effa09f1870>,34,17,[1 6],35,60,77,25,58
1,<environment.Job instance at 0x7effa09f1a50>,43,12,[5 8],44,77,89,33,60
1,<environment.Job instance at 0x7effa0c85230>,13,25,[ 1 14],14,89,114,75,85
1,<environment.Job instance at 0x7effa0aa2820>,51,20,[9 5],52,114,134,62,105
1,<environment.Job instance at 0x7effa111b460>,74,14,[4 8],75,114,128,39,105
1,<environment.Job instance at 0x7effa111bb90>,87,20,[6 5],88,128,148,40,119
1,<environment.Job instance at 0x7effa0ac38c0>,90,15,[5 8],91,134,149,43,120
1,<environment.Job instance at 0x7effa0ac36e0>,93,16,[2 8],94,149,165,55,136
1,<environment.Job instance at 0x7effa0a53e10>,130,14,[9 2],131,148,162,17,137
1,<environment.Job instance at 0x7effa207e690>,137,15,[3 8],138,165,180,27,151
1,<environment.Job instance at 0x7effa10f0cd0>,144,20,[4 5],145,152,172,7,152
1,<environment.Job instance at 0x7effa0c62280>,145,18,[4 6],146,172,190,26,161
1,<environment.Job instance at 0x7effa0fd5050>,146,14,[2 6],147,180,194,33,165
1,<environment.Job instance at 0x7effa1bfb0f0>,148,12,[6 5],149,190,202,41,173
1,<environment.Job instance at 0x7effa21f62d0>,165,14,[8 5],166,194,208,28,179
1,<environment.Job instance at 0x7effa0977d20>,168,20,[6 3],169,202,222,33,193
1,<environment.Job instance at 0x7effa0f93a00>,177,19,[8 4],178,208,227,30,198
1,<environment.Job instance at 0x7effa0f93690>,178,12,[7 5],179,222,234,43,205
1,<environment.Job instance at 0x7effa1a6bf50>,1,17,[9 4],2,2,19,0,2
1,<environment.Job instance at 0x7effa17cf9b0>,6,17,[4 8],7,7,24,0,7
1,<environment.Job instance at 0x7effa17cfd70>,7,14,[5 6],8,19,33,11,8
1,<environment.Job instance at 0x7effa17cfb90>,8,16,[8 4],9,24,40,15,11
1,<environment.Job instance at 0x7effa17cf140>,11,21,[9 3],12,40,61,28,32
1,<environment.Job instance at 0x7effa17cf1e0>,16,15,[ 4 12],17,40,55,23,32
1,<environment.Job instance at 0x7effa17cfaf0>,17,13,[7 1],18,61,74,43,45
1,<environment.Job instance at 0x7effa17cf230>,19,25,[4 8],20,55,80,35,51
1,<environment.Job instance at 0x7effaae0b370>,20,12,[3 8],21,80,92,59,63
1,<environment.Job instance at 0x7effa1a6bc80>,0,18,[9 3],1,74,92,73,63
1,<environment.Job instance at 0x7effaae0bc30>,22,15,[5 6],23,92,107,69,78
1,<environment.Job instance at 0x7effaae0bc80>,23,15,[ 5 11],24,107,122,83,93
1,<environment.Job instance at 0x7effaae0b3c0>,24,24,[7 4],25,93,117,68,93
1,<environment.Job instance at 0x7effaae0bf00>,25,17,[5 8],26,122,139,96,110
1,<environment.Job instance at 0x7effaae0bcd0>,27,12,[8 5],28,122,134,94,111
1,<environment.Job instance at 0x7effaae0b500>,28,18,[3 6],29,134,152,105,123
1,<environment.Job instance at 0x7effaae0baf0>,30,21,[5 3],31,139,160,108,136
1,<environment.Job instance at 0x7effa1d33640>,35,17,[8 3],36,152,169,116,140
1,<environment.Job instance at 0x7effa1d33140>,37,12,[7 2],38,160,172,122,146
1,<environment.Job instance at 0x7effa1d33820>,39,16,[3 5],40,169,185,129,156
1,<environment.Job instance at 0x7effa0ae29b0>,45,15,[1 8],46,169,184,123,167
1,<environment.Job instance at 0x7effa0b49b90>,51,13,[5 8],52,184,197,132,168
1,<environment.Job instance at 0x7effa0b49230>,52,16,[5 2],53,172,188,119,168
1,<environment.Job instance at 0x7effa0b49cd0>,53,20,[5 4],54,185,205,131,178
1,<environment.Job instance at 0x7effa0b49280>,55,12,[7 5],56,197,209,141,187
1,<environment.Job instance at 0x7effa0b49960>,56,14,[7 5],57,205,219,148,190
1,<environment.Job instance at 0x7effa0b49050>,63,17,[1 7],64,209,226,145,199
1,<environment.Job instance at 0x7effa1518410>,67,14,[8 1],68,219,233,151,206
1,<environment.Job instance at 0x7effaae0bf50>,21,18,[14  3],22,233,251,211,223
1,<environment.Job instance at 0x7effa15187d0>,72,12,[7 3],73,251,263,178,234
1,<environment.Job instance at 0x7effa15185f0>,73,17,[1 8],74,234,251,160,234
1,<environment.Job instance at 0x7effa17cfdc0>,15,21,[8 5],16,251,272,235,244
1,<environment.Job instance at 0x7effa15181e0>,75,12,[12  5],76,272,284,196,255
1,<environment.Job instance at 0x7effa1518a00>,76,26,[ 4 12],77,284,310,207,281
1,<environment.Job instance at 0x7effa1518190>,77,17,[5 9],78,310,327,232,298
1,<environment.Job instance at 0x7effa1518b40>,78,18,[1 8],79,327,345,248,316
1,<environment.Job instance at 0x7effa1518be0>,74,26,[1 5],75,316,342,241,316
1,<environment.Job instance at 0x7effa1518af0>,79,20,[9 1],80,316,336,236,316
1,<environment.Job instance at 0x7effa1518730>,82,14,[8 4],83,342,356,259,327
1,<environment.Job instance at 0x7effa1c2b820>,83,19,[ 2 10],84,345,364,261,335
1,<environment.Job instance at 0x7effa1c2be60>,84,28,[6 2],85,356,384,271,355
1,<environment.Job instance at 0x7effa1c2bdc0>,85,22,[ 1 12],86,364,386,278,357
1,<environment.Job instance at 0x7effa1c2b9b0>,86,14,[9 3],87,384,398,297,369
1,<environment.Job instance at 0x7effa1c2ba50>,87,14,[11  2],88,398,412,310,383
1,<environment.Job instance at 0x7effa1518c80>,81,17,[12  1],82,412,429,330,400
1,<environment.Job instance at 0x7effa1c2b230>,89,23,[3 8],90,407,430,317,407
1,<environment.Job instance at 0x7effa1c2b190>,88,24,[7 2],89,429,453,340,424
1,<environment.Job instance at 0x7effa1c2b640>,92,26,[ 1 13],93,430,456,337,427
1,<environment.Job instance at 0x7effa1c2b320>,93,14,[8 4],94,456,470,362,441
1,<environment.Job instance at 0x7effa1c2bfa0>,94,22,[1 8],95,456,478,361,449
1,<environment.Job instance at 0x7effa1c2ba00>,95,14,[ 3 13],96,478,492,382,463
1,<environment.Job instance at 0x7effa1c2b7d0>,96,16,[ 5 13],97,492,508,395,479
1,<environment.Job instance at 0x7effa1c2b730>,91,13,[4 5],92,508,521,416,498
1,<environment.Job instance at 0x7effa15186e0>,71,19,[9 1],72,498,517,426,498
1,<environment.Job instance at 0x7effa1c2beb0>,99,16,[9 4],100,517,533,417,504
1,<environment.Job instance at 0x7effa1c2b550>,101,17,[5 5],102,521,538,419,509
1,<environment.Job instance at 0x7effa0fef730>,106,13,[6 5],107,533,546,426,517
1,<environment.Job instance at 0x7effa17dc0f0>,112,21,[7 4],113,538,559,425,530
1,<environment.Job instance at 0x7effa17dc050>,113,20,[3 9],114,546,566,432,546
1,<environment.Job instance at 0x7effa17dc690>,116,16,[9 5],117,559,575,442,546
1,<environment.Job instance at 0x7effa1c2b910>,97,20,[5 4],98,566,586,468,563
1,<environment.Job instance at 0x7effa17dcd70>,123,20,[7 3],124,575,595,451,566
1,<environment.Job instance at 0x7effa17dc2d0>,124,12,[ 3 12],125,586,598,461,569
1,<environment.Job instance at 0x7effa190b690>,129,13,[6 4],130,598,611,468,586
1,<environment.Job instance at 0x7effa1cad550>,128,19,[6 4],129,598,617,469,588
1,<environment.Job instance at 0x7effaa84bdc0>,131,19,[5 5],132,611,630,479,601
1,<environment.Job instance at 0x7effa0a6fa50>,139,18,[7 3],140,617,635,477,606
1,<environment.Job instance at 0x7effa0b62aa0>,141,18,[1 5],142,617,635,475,617
1,<environment.Job instance at 0x7effa0bb8500>,145,15,[5 5],146,630,645,484,619
1,<environment.Job instance at 0x7effa191b870>,155,16,[2 6],156,635,651,479,622
1,<environment.Job instance at 0x7effa207ed70>,157,17,[5 5],158,645,662,487,633
1,<environment.Job instance at 0x7effa0bf9a00>,160,15,[1 8],161,651,666,490,642
1,<environment.Job instance at 0x7effa0bf9870>,161,20,[3 8],162,666,686,504,657
1,<environment.Job instance at 0x7effa1c91aa0>,164,15,[10  4],165,662,677,497,657
1,<environment.Job instance at 0x7effa1d8a2d0>,172,15,[6 2],174,677,692,503,663
1,<environment.Job instance at 0x7effa0b8e2d0>,130,20,[ 3 11],131,686,706,555,678
1,<environment.Job instance at 0x7effa1634730>,1,14,[1 9],2,2,16,0,2
1,<environment.Job instance at 0x7effa1c2b1e0>,2,12,[11  1],3,3,15,0,3
1,<environment.Job instance at 0x7effa1c2b280>,4,13,[5 5],5,15,28,10,5
1,<environment.Job instance at 0x7effa184d0a0>,9,17,[3 5],10,16,33,6,10
1,<environment.Job instance at 0x7effa184d910>,11,15,[7 1],12,15,30,3,12
1,<environment.Job instance at 0x7effa184daf0>,13,12,[8 4],14,30,42,16,14
1,<environment.Job instance at 0x7effa1849fa0>,15,22,[ 4 14],16,42,64,26,35
1,<environment.Job instance at 0x7effa1afba50>,26,20,[1 7],27,64,84,37,55
1,<environment.Job instance at 0x7effa1afbaf0>,27,18,[9 3],28,64,82,36,55
1,<environment.Job instance at 0x7effa1afbb90>,28,16,[3 8],29,82,98,53,69
1,<environment.Job instance at 0x7effa1afbc30>,29,14,[6 2],30,84,98,54,69
1,<environment.Job instance at 0x7effa1afbe10>,32,14,[4 7],33,98,112,65,83
1,<environment.Job instance at 0x7effa1111190>,37,14,[5 6],38,98,112,60,83
1,<environment.Job instance at 0x7effa1111370>,41,21,[2 5],42,112,133,70,104
1,<environment.Job instance at 0x7effa1111550>,44,13,[1 7],45,112,125,67,104
1,<environment.Job instance at 0x7effa11117d0>,48,16,[ 4 10],49,125,141,76,112
1,<environment.Job instance at 0x7effa1111d70>,55,18,[9 3],56,133,151,77,122
1,<environment.Job instance at 0x7effa1111dc0>,56,14,[5 5],57,141,155,84,126
1,<environment.Job instance at 0x7effa1111c80>,57,22,[7 2],58,151,173,93,144
1,<environment.Job instance at 0x7effa1afb5f0>,19,16,[ 1 10],20,155,171,135,145
1,<environment.Job instance at 0x7effa1111fa0>,60,14,[13  5],61,173,187,112,158
1,<environment.Job instance at 0x7effa1111f50>,59,20,[5 7],60,187,207,127,178
1,<environment.Job instance at 0x7effa20080f0>,62,18,[7 1],63,187,205,124,178
1,<environment.Job instance at 0x7effa2008690>,73,14,[3 7],74,187,201,113,187
1,<environment.Job instance at 0x7effa2008aa0>,76,15,[5 5],77,205,220,128,191
1,<environment.Job instance at 0x7effa2008f00>,80,20,[8 4],81,207,227,126,198
1,<environment.Job instance at 0x7effa2008c80>,82,21,[10  4],83,227,248,144,219
1,<environment.Job instance at 0x7effa1ff6370>,85,15,[5 6],86,220,235,134,219
1,<environment.Job instance at 0x7effa1ff6870>,93,19,[1 5],94,236,255,142,236
1,<environment.Job instance at 0x7effa1ff6910>,94,14,[2 5],95,236,250,141,236
1,<environment.Job instance at 0x7effa1ff6b90>,98,15,[2 8],99,250,265,151,237
1,<environment.Job instance at 0x7effa1116e10>,101,19,[5 4],102,255,274,153,245
1,<environment.Job instance at 0x7effa113efa0>,112,16,[1 7],113,265,281,152,253
1,<environment.Job instance at 0x7effa2008050>,61,18,[12  5],62,274,292,212,263
1,<environment.Job instance at 0x7effa113ef50>,117,23,[10  3],118,292,315,174,286
1,<environment.Job instance at 0x7effa113e8c0>,119,15,[9 2],120,315,330,195,301
1,<environment.Job instance at 0x7effa09355f0>,121,17,[7 5],122,330,347,208,318
1,<environment.Job instance at 0x7effa113eb40>,124,19,[5 3],125,327,346,202,327
1,<environment.Job instance at 0x7effa1de0280>,128,14,[5 5],129,346,360,217,331
1,<environment.Job instance at 0x7effa1de0320>,130,21,[6 3],131,347,368,216,341
1,<environment.Job instance at 0x7effa0f9beb0>,131,20,[6 5],132,360,380,228,351
1,<environment.Job instance at 0x7effa1dbf0f0>,135,19,[5 4],136,368,387,232,359
1,<environment.Job instance at 0x7effa158ea50>,142,18,[4 9],143,380,398,237,372
1,<environment.Job instance at 0x7effa1d01eb0>,147,21,[5 2],148,381,402,233,381
1,<environment.Job instance at 0x7effa1d017d0>,151,16,[3 8],152,398,414,246,390
1,<environment.Job instance at 0x7effa1d010f0>,155,17,[3 5],156,401,418,245,401
1,<environment.Job instance at 0x7effa1599190>,156,17,[5 8],157,414,431,257,402
1,<environment.Job instance at 0x7effa1cfe550>,161,19,[5 1],162,402,421,240,402
1,<environment.Job instance at 0x7effa1cfe3c0>,166,17,[1 9],167,431,448,264,420
1,<environment.Job instance at 0x7effa1cfe190>,168,13,[10  1],169,421,434,252,420
1,<environment.Job instance at 0x7effa113ec80>,118,18,[13  4],119,434,452,315,423
1,<environment.Job instance at 0x7effa1cfa9b0>,175,20,[7 1],176,452,472,276,443
1,<environment.Job instance at 0x7effa1cfa460>,176,23,[10  5],177,472,495,295,466
1,<environment.Job instance at 0x7effaa7de280>,0,27,[ 2 12],1,628,655,627,628
1,<environment.Job instance at 0x7effa1849af0>,3,22,[10  4],4,3605,3627,3601,3605
1,<environment.Job instance at 0x7effa0965cd0>,1,14,[13  4],2,3,17,1,3
1,<environment.Job instance at 0x7effa09659b0>,2,12,[7 3],3,17,29,14,3
1,<environment.Job instance at 0x7effa1849dc0>,4,14,[5 5],5,17,31,12,5
1,<environment.Job instance at 0x7effa0b6ec80>,12,13,[2 8],13,29,42,16,14
1,<environment.Job instance at 0x7effa0e3a780>,22,12,[6 3],23,31,43,8,23
1,<environment.Job instance at 0x7effa0e3a910>,28,16,[5 9],29,42,58,13,30
1,<environment.Job instance at 0x7effa0be5050>,33,21,[8 2],34,43,64,9,35
1,<environment.Job instance at 0x7effa0be5af0>,37,18,[1 9],38,58,76,20,47
1,<environment.Job instance at 0x7effa0e17320>,40,20,[1 5],41,64,84,23,55
1,<environment.Job instance at 0x7effa0e17d70>,42,20,[6 5],43,76,96,33,67
1,<environment.Job instance at 0x7effa0b67140>,50,17,[8 1],51,67,84,16,67
1,<environment.Job instance at 0x7effa0b67910>,51,12,[2 6],52,84,96,32,67
1,<environment.Job instance at 0x7effa0b67370>,52,13,[7 2],53,84,97,31,68
1,<environment.Job instance at 0x7effa1064aa0>,58,17,[9 5],59,97,114,38,85
1,<environment.Job instance at 0x7effa10645a0>,59,21,[5 8],60,96,117,36,88
1,<environment.Job instance at 0x7effa1064b40>,61,18,[7 2],62,114,132,52,103
1,<environment.Job instance at 0x7effa0e1c3c0>,68,18,[1 8],69,117,135,48,106
1,<environment.Job instance at 0x7effa0e1c780>,73,16,[5 7],74,132,148,58,119
1,<environment.Job instance at 0x7effa0e1ceb0>,76,15,[1 9],77,148,163,71,134
1,<environment.Job instance at 0x7effa0e1c230>,77,18,[10  4],78,135,153,57,134
1,<environment.Job instance at 0x7effa0e1c500>,78,14,[ 4 10],79,163,177,84,148
1,<environment.Job instance at 0x7effa0db3c80>,81,20,[5 3],82,153,173,71,148
1,<environment.Job instance at 0x7effa0db3c30>,83,13,[6 5],84,173,186,89,157
1,<environment.Job instance at 0x7effa0db3dc0>,84,16,[10  2],85,186,202,101,173
1,<environment.Job instance at 0x7effa0ea7af0>,85,16,[ 2 10],86,177,193,91,173
1,<environment.Job instance at 0x7effa0b6ee10>,29,16,[ 3 11],30,193,209,163,180
1,<environment.Job instance at 0x7effa17518c0>,91,13,[12  2],92,202,215,110,186
1,<environment.Job instance at 0x7effa1751910>,92,20,[7 4],93,215,235,122,208
1,<environment.Job instance at 0x7effa1751370>,90,19,[4 9],91,215,234,124,208
1,<environment.Job instance at 0x7effa1751b40>,94,17,[1 7],95,234,251,139,222
1,<environment.Job instance at 0x7effa1751fa0>,95,13,[8 2],96,235,248,139,222
1,<environment.Job instance at 0x7effa0aaddc0>,113,16,[2 5],114,235,251,121,222
1,<environment.Job instance at 0x7effa0aadf50>,114,17,[9 4],115,251,268,136,239
1,<environment.Job instance at 0x7effa0aada50>,116,16,[2 6],117,251,267,134,239
1,<environment.Job instance at 0x7effa0aad4b0>,117,17,[1 7],118,267,284,149,255
1,<environment.Job instance at 0x7effa1db25f0>,120,12,[5 5],121,268,280,147,255
1,<environment.Job instance at 0x7effa0aadeb0>,121,15,[1 8],122,280,295,158,266
1,<environment.Job instance at 0x7effa1139f00>,122,20,[4 7],123,284,304,161,275
1,<environment.Job instance at 0x7effa1139a50>,124,12,[4 7],125,295,307,170,278
1,<environment.Job instance at 0x7effaaccb500>,131,20,[1 6],132,304,324,172,295
1,<environment.Job instance at 0x7effa0bf9190>,132,18,[3 8],133,307,325,174,296
1,<environment.Job instance at 0x7effa2233410>,139,15,[4 7],140,324,339,184,310
1,<environment.Job instance at 0x7effa200c8c0>,149,17,[7 1],150,325,342,175,313
1,<environment.Job instance at 0x7effa0eb9b40>,151,13,[1 7],152,325,338,173,313
1,<environment.Job instance at 0x7effaabdc730>,157,12,[7 3],158,339,351,181,322
1,<environment.Job instance at 0x7effa211a9b0>,158,13,[10  5],159,351,364,192,335
1,<environment.Job instance at 0x7effa0dd94b0>,161,17,[8 5],162,364,381,202,352
1,<environment.Job instance at 0x7effa1cdd9b0>,162,12,[2 5],163,352,364,189,352
1,<environment.Job instance at 0x7effa0dbf870>,163,12,[5 5],164,364,376,200,352
1,<environment.Job instance at 0x7effa0dbf780>,164,13,[1 9],165,376,389,211,360
1,<environment.Job instance at 0x7effa0f6dd70>,165,20,[9 3],166,381,401,215,372
1,<environment.Job instance at 0x7effaa84d780>,167,12,[3 7],168,389,401,221,372
1,<environment.Job instance at 0x7effa1d95550>,173,12,[1 5],174,389,401,215,372
1,<environment.Job instance at 0x7effa0b90fa0>,13,23,[11  5],14,404,427,390,404
1,<environment.Job instance at 0x7effa0965f50>,0,19,[7 4],1,427,446,426,417
1,<environment.Job instance at 0x7effa22128c0>,0,14,[4 9],1,1,15,0,1
1,<environment.Job instance at 0x7effaad43d70>,3,21,[8 2],4,5,26,1,5
1,<environment.Job instance at 0x7effaad43500>,6,22,[ 1 11],7,15,37,8,8
1,<environment.Job instance at 0x7effaad436e0>,7,12,[5 4],8,26,38,18,10
1,<environment.Job instance at 0x7effaad43b40>,11,16,[3 8],12,37,53,25,24
1,<environment.Job instance at 0x7effa20584b0>,20,14,[2 5],21,38,52,17,24
1,<environment.Job instance at 0x7effa2058a00>,23,13,[5 2],24,37,50,13,25
1,<environment.Job instance at 0x7effa2058500>,29,16,[5 7],30,52,68,22,39
1,<environment.Job instance at 0x7effa201e820>,34,15,[5 1],35,53,68,18,43
1,<environment.Job instance at 0x7effa201e8c0>,36,16,[10  5],37,68,84,31,55
1,<environment.Job instance at 0x7effa201ea50>,39,15,[4 7],40,55,70,15,55
1,<environment.Job instance at 0x7effa201edc0>,43,15,[5 5],44,70,85,26,56
1,<environment.Job instance at 0x7effa201ec30>,45,19,[5 4],46,84,103,38,74
1,<environment.Job instance at 0x7effa201e780>,46,12,[9 4],47,85,97,38,74
1,<environment.Job instance at 0x7effa201e6e0>,47,12,[4 7],48,97,109,49,80
1,<environment.Job instance at 0x7effa201e690>,49,18,[4 8],50,103,121,53,92
1,<environment.Job instance at 0x7effaad43370>,1,24,[4 7],2,109,133,107,104
1,<environment.Job instance at 0x7effaad43e10>,12,16,[4 5],13,121,137,108,108
1,<environment.Job instance at 0x7effa1dd0cd0>,68,20,[8 5],69,133,153,64,124
1,<environment.Job instance at 0x7effa1d5da50>,72,15,[4 8],73,137,152,64,124
1,<environment.Job instance at 0x7effa1d5deb0>,73,17,[5 6],74,152,169,78,140
1,<environment.Job instance at 0x7effaae13eb0>,80,18,[5 3],81,153,171,72,142
1,<environment.Job instance at 0x7effa1d5d500>,81,17,[7 5],82,169,186,87,157
1,<environment.Job instance at 0x7effa0f181e0>,82,14,[9 2],83,186,200,103,171
1,<environment.Job instance at 0x7effa1d5d8c0>,83,20,[4 7],84,171,191,87,171
1,<environment.Job instance at 0x7effaa83c910>,84,13,[7 2],85,200,213,115,184
1,<environment.Job instance at 0x7effa1d8f460>,85,21,[5 1],86,191,212,105,184
1,<environment.Job instance at 0x7effa0fd9fa0>,87,12,[6 4],88,212,224,124,195
1,<environment.Job instance at 0x7effa210f2d0>,93,16,[6 1],94,213,229,119,200
1,<environment.Job instance at 0x7effa1d950f0>,99,14,[3 7],100,213,227,113,200
1,<environment.Job instance at 0x7effa14c2f00>,101,12,[4 7],102,224,236,122,207
1,<environment.Job instance at 0x7effa0d58780>,104,15,[4 8],105,229,244,124,215
1,<environment.Job instance at 0x7effa1bfb9b0>,107,18,[5 6],108,236,254,128,225
1,<environment.Job instance at 0x7effa17c1050>,108,13,[8 2],109,244,257,135,228
1,<environment.Job instance at 0x7effa17c1410>,110,14,[4 7],111,254,268,143,239
1,<environment.Job instance at 0x7effaab97c30>,112,12,[6 5],113,257,269,144,240
1,<environment.Job instance at 0x7effaa9f9e10>,116,17,[4 6],117,268,285,151,256
1,<environment.Job instance at 0x7effa1d8daf0>,118,13,[5 1],119,257,270,138,256
1,<environment.Job instance at 0x7effa1d8dd20>,120,19,[ 5 10],121,285,304,164,275
1,<environment.Job instance at 0x7effaad438c0>,9,12,[2 5],10,279,291,269,279
1,<environment.Job instance at 0x7effa1d8d320>,121,16,[ 3 10],122,304,320,182,291
1,<environment.Job instance at 0x7effa1db6190>,124,14,[5 4],125,291,305,166,291
1,<environment.Job instance at 0x7effa1db65f0>,125,16,[5 9],126,320,336,194,307
1,<environment.Job instance at 0x7effa20ae5a0>,127,12,[6 3],128,307,319,179,307
1,<environment.Job instance at 0x7effaaca0230>,130,13,[6 1],131,307,320,176,307
1,<environment.Job instance at 0x7effaaca0140>,133,12,[7 4],134,320,332,186,307
1,<environment.Job instance at 0x7effa225c6e0>,135,22,[6 5],136,332,354,196,325
1,<environment.Job instance at 0x7effa225cd70>,136,12,[2 9],137,336,348,199,325
1,<environment.Job instance at 0x7effa225cfa0>,139,18,[1 7],140,348,366,208,337
1,<environment.Job instance at 0x7effa225cdc0>,140,21,[1 9],141,366,387,225,358
1,<environment.Job instance at 0x7effa225ccd0>,142,20,[1 8],143,387,407,244,378
1,<environment.Job instance at 0x7effa15d88c0>,146,21,[2 5],147,378,399,231,378
1,<environment.Job instance at 0x7effa15d8410>,148,20,[5 4],149,399,419,250,390
1,<environment.Job instance at 0x7effa15d8b40>,149,20,[5 8],150,407,427,257,398
1,<environment.Job instance at 0x7effa15d8aa0>,150,22,[7 5],151,419,441,268,414
1,<environment.Job instance at 0x7effa1499c80>,165,12,[3 8],166,427,439,261,421
1,<environment.Job instance at 0x7effa1499e10>,167,21,[5 8],168,439,460,271,431
1,<environment.Job instance at 0x7effaae1a960>,169,19,[2 5],170,441,460,271,431
1,<environment.Job instance at 0x7effaae1a500>,171,12,[3 7],172,460,472,288,443
1,<environment.Job instance at 0x7effaae1a140>,174,20,[8 2],175,443,463,268,443
1,<environment.Job instance at 0x7effaae1a780>,177,17,[2 9],178,472,489,294,460
1,<environment.Job instance at 0x7effaad432d0>,8,26,[5 3],9,537,563,528,537
1,<environment.Job instance at 0x7effa1db6af0>,122,15,[ 1 13],123,563,578,440,549
1,<environment.Job instance at 0x7effa1dd0870>,69,20,[7 1],70,549,569,479,549
1,<environment.Job instance at 0x7effaaccb910>,0,25,[ 4 12],1,1,26,0,1
1,<environment.Job instance at 0x7effa0c68eb0>,5,22,[2 6],6,26,48,20,19
1,<environment.Job instance at 0x7effa0c722d0>,9,20,[6 4],10,26,46,16,19
1,<environment.Job instance at 0x7effa0c725f0>,14,16,[6 5],15,26,42,11,19
1,<environment.Job instance at 0x7effa0c72730>,16,21,[5 8],17,46,67,29,38
1,<environment.Job instance at 0x7effa0c727d0>,17,19,[3 7],18,48,67,30,38
1,<environment.Job instance at 0x7effa0c72d70>,25,16,[7 4],26,67,83,41,54
1,<environment.Job instance at 0x7effa0c72fa0>,28,14,[10  4],29,83,97,54,68
1,<environment.Job instance at 0x7effaaccbeb0>,1,17,[4 8],2,68,85,66,68
1,<environment.Job instance at 0x7effa0c72f50>,30,17,[ 2 10],31,85,102,54,73
1,<environment.Job instance at 0x7effa0c5d0a0>,41,14,[6 5],42,97,111,55,82
1,<environment.Job instance at 0x7effa0c5d870>,42,21,[6 3],43,102,123,59,94
1,<environment.Job instance at 0x7effa0c5d910>,43,17,[10  2],44,123,140,79,111
1,<environment.Job instance at 0x7effa0c5d9b0>,44,18,[6 5],45,140,158,95,129
1,<environment.Job instance at 0x7effa0c5d190>,31,18,[2 9],32,129,147,97,129
1,<environment.Job instance at 0x7effa0c5daf0>,46,14,[10  5],47,158,172,111,143
1,<environment.Job instance at 0x7effa0c5da50>,45,16,[6 1],46,172,188,126,159
1,<environment.Job instance at 0x7effa0c5dc30>,48,13,[1 6],49,159,172,110,159
1,<environment.Job instance at 0x7effa0c5de10>,51,20,[ 4 10],52,172,192,120,165
1,<environment.Job instance at 0x7effa0c842d0>,56,16,[ 3 10],57,192,208,135,179
1,<environment.Job instance at 0x7effa0c84370>,57,18,[7 2],58,188,206,130,179
1,<environment.Job instance at 0x7effa0c84410>,58,13,[1 8],59,208,221,149,192
1,<environment.Job instance at 0x7effa0c845f0>,61,16,[10  1],62,206,222,144,193
1,<environment.Job instance at 0x7effa0c84690>,62,17,[4 8],63,221,238,158,209
1,<environment.Job instance at 0x7effa0c847d0>,64,15,[3 5],65,222,237,157,209
1,<environment.Job instance at 0x7effa0c84870>,65,14,[9 1],66,237,251,171,222
1,<environment.Job instance at 0x7effa0c84910>,66,14,[4 7],67,238,252,171,223
1,<environment.Job instance at 0x7effa0c84c80>,71,22,[6 3],72,251,273,179,244
1,<environment.Job instance at 0x7effa0c84f50>,73,18,[4 5],74,251,269,177,244
1,<environment.Job instance at 0x7effa0c77190>,77,15,[10  5],78,273,288,195,259
1,<environment.Job instance at 0x7effa0c77410>,81,21,[8 3],82,288,309,206,280
1,<environment.Job instance at 0x7effa0c77960>,89,17,[ 3 10],90,280,297,190,280
1,<environment.Job instance at 0x7effa0c77a00>,90,12,[3 6],91,297,309,206,280
1,<environment.Job instance at 0x7effa0c77b40>,92,17,[4 5],93,297,314,204,285
1,<environment.Job instance at 0x7effa0c77be0>,93,13,[3 7],94,309,322,215,293
1,<environment.Job instance at 0x7effa0c77e60>,96,21,[2 5],97,314,335,217,306
1,<environment.Job instance at 0x7effa0c671e0>,101,16,[5 5],102,322,338,220,309
1,<environment.Job instance at 0x7effa0c67280>,102,18,[7 5],103,322,340,219,311
1,<environment.Job instance at 0x7effa0c67500>,106,12,[5 4],107,338,350,231,321
1,<environment.Job instance at 0x7effa0c675a0>,107,13,[1 8],108,340,353,232,324
1,<environment.Job instance at 0x7effa0c67640>,108,18,[ 4 10],109,353,371,244,342
1,<environment.Job instance at 0x7effa0c676e0>,109,17,[ 3 10],110,371,388,261,359
1,<environment.Job instance at 0x7effa0c67870>,112,14,[1 7],113,388,402,275,373
1,<environment.Job instance at 0x7effa0c67af0>,114,13,[ 4 10],115,402,415,287,386
1,<environment.Job instance at 0x7effa0c67b90>,115,14,[10  3],116,386,400,270,386
1,<environment.Job instance at 0x7effa0c67c30>,116,19,[7 1],117,400,419,283,390
1,<environment.Job instance at 0x7effa0c67d70>,118,12,[2 9],119,415,427,296,398
1,<environment.Job instance at 0x7effa0c67e10>,119,15,[6 1],120,415,430,295,401
1,<environment.Job instance at 0x7effa0c67eb0>,120,18,[5 5],121,419,437,298,408
1,<environment.Job instance at 0x7effa0c502d0>,126,15,[5 3],127,430,445,303,416
1,<environment.Job instance at 0x7effa0c50370>,127,12,[9 5],128,437,449,309,420
1,<environment.Job instance at 0x7effa0c50640>,129,12,[4 7],130,445,457,315,428
1,<environment.Job instance at 0x7effa0c505a0>,130,17,[8 1],131,449,466,318,437
1,<environment.Job instance at 0x7effa0c507d0>,132,15,[1 8],133,457,472,324,444
1,<environment.Job instance at 0x7effa0c509b0>,135,13,[8 3],136,466,479,330,450
1,<environment.Job instance at 0x7effaad48f50>,139,17,[ 2 10],140,472,489,332,460
1,<environment.Job instance at 0x7effa175c050>,141,19,[5 8],142,489,508,347,479
1,<environment.Job instance at 0x7effa0d6e550>,142,12,[5 7],143,489,501,346,479
1,<environment.Job instance at 0x7effa0c55d70>,152,18,[8 3],153,501,519,348,490
1,<environment.Job instance at 0x7effa0c552d0>,155,17,[6 1],156,508,525,352,496
1,<environment.Job instance at 0x7effa0c559b0>,157,17,[ 4 10],158,519,536,361,507
1,<environment.Job instance at 0x7effa203ae10>,159,16,[7 3],160,525,541,365,512
1,<environment.Job instance at 0x7effa0c6f550>,163,21,[5 2],164,536,557,372,528
1,<environment.Job instance at 0x7effa0c50690>,165,19,[4 8],166,541,560,375,531
1,<environment.Job instance at 0x7effa0c50e10>,169,14,[3 7],170,557,571,387,542
1,<environment.Job instance at 0x7effa0c750f0>,174,16,[5 7],175,560,576,385,547
1,<environment.Job instance at 0x7effa0c68c80>,6,25,[2 9],7,578,603,571,578
1,<environment.Job instance at 0x7effa0c5db90>,47,18,[13  1],48,578,596,530,578
1,<environment.Job instance at 0x7effa0c70230>,1,14,[5 5],2,2,16,0,2
1,<environment.Job instance at 0x7effa0c5dbe0>,2,12,[1 8],3,3,15,0,3
1,<environment.Job instance at 0x7effa204ed70>,3,13,[14  4],4,16,29,12,4
1,<environment.Job instance at 0x7effa2037410>,10,20,[7 1],11,29,49,18,20
1,<environment.Job instance at 0x7effa2037280>,11,21,[ 2 11],12,29,50,17,21
1,<environment.Job instance at 0x7effa20370f0>,19,12,[7 5],20,50,62,30,33
1,<environment.Job instance at 0x7effa2037e60>,9,20,[14  4],10,62,82,52,53
1,<environment.Job instance at 0x7effaa824c30>,23,17,[10  5],24,82,99,58,72
1,<environment.Job instance at 0x7effa20157d0>,24,28,[11  5],25,99,127,74,98
1,<environment.Job instance at 0x7effa20370a0>,4,12,[7 2],5,127,139,122,111
1,<environment.Job instance at 0x7effa11143c0>,25,15,[6 1],26,127,142,101,113
1,<environment.Job instance at 0x7effa14d6b40>,32,14,[5 5],33,139,153,106,124
1,<environment.Job instance at 0x7effa1025370>,35,17,[7 4],36,142,159,106,130
1,<environment.Job instance at 0x7effa1401140>,40,13,[6 4],41,153,166,112,137
1,<environment.Job instance at 0x7effa0958c80>,26,22,[ 2 13],27,166,188,139,159
1,<environment.Job instance at 0x7effa21afc80>,50,19,[3 5],51,188,207,137,178
1,<environment.Job instance at 0x7effa21afa50>,52,17,[4 5],53,188,205,135,178
1,<environment.Job instance at 0x7effa1a75d20>,43,24,[7 5],44,188,212,144,184
1,<environment.Job instance at 0x7effa0f6aaa0>,101,16,[9 3],102,212,228,110,199
1,<environment.Job instance at 0x7effa1337a00>,108,17,[5 8],109,207,224,98,199
1,<environment.Job instance at 0x7effa19a75f0>,114,18,[10  5],115,228,246,113,217
1,<environment.Job instance at 0x7effa20345f0>,139,17,[5 9],140,233,250,93,233
1,<environment.Job instance at 0x7effa2034aa0>,145,18,[5 4],146,246,264,100,235
1,<environment.Job instance at 0x7effa0d7e6e0>,148,15,[7 2],149,250,265,101,236
1,<environment.Job instance at 0x7effa0d7e0f0>,155,17,[5 5],156,264,281,108,252
1,<environment.Job instance at 0x7effa0d7edc0>,156,13,[8 4],157,265,278,108,252
1,<environment.Job instance at 0x7effa1834b90>,159,18,[7 5],160,278,296,118,267
1,<environment.Job instance at 0x7effa09351e0>,164,13,[8 4],165,281,294,116,267
1,<environment.Job instance at 0x7effa1430730>,0,23,[ 5 10],1,1,24,0,1
1,<environment.Job instance at 0x7effa16039b0>,2,12,[11  5],3,24,36,21,10
1,<environment.Job instance at 0x7effa11be1e0>,4,17,[4 8],5,24,41,19,21
1,<environment.Job instance at 0x7effa0a80460>,8,18,[1 5],9,36,54,27,25
1,<environment.Job instance at 0x7effa11be640>,6,16,[12  1],7,41,57,34,28
1,<environment.Job instance at 0x7effa0a80910>,12,14,[4 7],13,57,71,44,42
1,<environment.Job instance at 0x7effa0a80230>,13,22,[5 1],14,57,79,43,50
1,<environment.Job instance at 0x7effa0a80aa0>,11,14,[8 3],12,71,85,59,56
1,<environment.Job instance at 0x7effa0a80730>,15,14,[5 3],16,57,71,41,56
1,<environment.Job instance at 0x7effa0a80640>,20,14,[3 9],21,79,93,58,67
1,<environment.Job instance at 0x7effa0a800a0>,25,17,[10  1],26,85,102,59,77
1,<environment.Job instance at 0x7effa0a80c80>,26,17,[8 1],27,102,119,75,90
1,<environment.Job instance at 0x7effa18a0960>,32,16,[7 3],33,102,118,69,90
1,<environment.Job instance at 0x7effa18a0820>,33,20,[5 3],34,118,138,84,109
1,<environment.Job instance at 0x7effa18a0460>,35,17,[4 6],36,119,136,83,111
1,<environment.Job instance at 0x7effa0a80140>,7,16,[5 5],8,119,135,111,111
1,<environment.Job instance at 0x7effa11be2d0>,5,18,[ 3 14],6,138,156,132,128
1,<environment.Job instance at 0x7effa18a0a00>,39,23,[1 8],40,156,179,116,152
1,<environment.Job instance at 0x7effa18a0be0>,44,14,[5 2],45,156,170,111,152
1,<environment.Job instance at 0x7effa22325a0>,46,18,[8 1],47,152,170,105,152
1,<environment.Job instance at 0x7effa0a28820>,49,12,[6 3],50,170,182,120,153
1,<environment.Job instance at 0x7effa0c9f690>,50,21,[6 5],51,179,200,128,171
1,<environment.Job instance at 0x7effa0c9f910>,51,15,[9 1],52,182,197,130,171
1,<environment.Job instance at 0x7effa0c9faa0>,52,19,[4 5],53,197,216,144,187
1,<environment.Job instance at 0x7effa18a0b90>,41,25,[3 5],42,197,222,155,193
1,<environment.Job instance at 0x7effa0a25050>,57,19,[10  2],58,216,235,158,206
1,<environment.Job instance at 0x7effa145f4b0>,63,22,[3 5],64,222,244,158,215
1,<environment.Job instance at 0x7effa13c24b0>,65,22,[6 2],66,235,257,169,228
1,<environment.Job instance at 0x7effa13c21e0>,69,16,[10  1],70,257,273,187,244
1,<environment.Job instance at 0x7effa13c2370>,71,21,[4 7],72,245,266,173,245
1,<environment.Job instance at 0x7effa0fedf00>,58,17,[6 4],59,273,290,214,261
1,<environment.Job instance at 0x7effa0c849b0>,76,21,[14  4],77,290,311,213,282
1,<environment.Job instance at 0x7effa1b5a1e0>,77,16,[ 4 12],78,311,327,233,298
1,<environment.Job instance at 0x7effa21a2730>,78,24,[14  1],79,327,351,248,322
1,<environment.Job instance at 0x7effa22099b0>,79,18,[10  5],80,351,369,271,341
1,<environment.Job instance at 0x7effa13bec80>,80,18,[6 3],81,369,387,288,358
1,<environment.Job instance at 0x7effa0b1dd70>,82,20,[9 2],83,369,389,286,366
1,<environment.Job instance at 0x7effa1d8adc0>,86,18,[10  3],87,389,407,302,378
1,<environment.Job instance at 0x7effa16f9be0>,87,20,[2 8],88,387,407,299,378
1,<environment.Job instance at 0x7effa0cbfeb0>,92,14,[10  2],93,407,421,314,392
1,<environment.Job instance at 0x7effa16f9230>,93,15,[4 6],94,407,422,313,393
1,<environment.Job instance at 0x7effa1114f50>,95,22,[10  3],96,421,443,325,414
1,<environment.Job instance at 0x7effa09becd0>,98,21,[5 5],99,422,443,323,415
1,<environment.Job instance at 0x7effa09bea00>,104,17,[9 3],105,443,460,338,431
1,<environment.Job instance at 0x7effa18f7410>,105,18,[2 5],106,443,461,337,432
1,<environment.Job instance at 0x7effa0a54f50>,114,13,[5 7],115,460,473,345,444
1,<environment.Job instance at 0x7effa0a54cd0>,115,15,[10  1],116,461,476,345,447
1,<environment.Job instance at 0x7effa1bd5050>,119,20,[10  3],120,476,496,356,467
1,<environment.Job instance at 0x7effa1bd5550>,120,21,[7 1],121,496,517,375,488
1,<environment.Job instance at 0x7effa1bd53c0>,121,14,[2 7],122,488,502,366,488
1,<environment.Job instance at 0x7effa1bd5280>,122,15,[ 5 10],123,502,517,379,489
1,<environment.Job instance at 0x7effa1bd52d0>,126,17,[7 2],127,517,534,390,505
1,<environment.Job instance at 0x7effa2015910>,131,16,[10  4],132,534,550,402,521
1,<environment.Job instance at 0x7effa20153c0>,133,22,[7 3],134,550,572,416,543
1,<environment.Job instance at 0x7effa2015a00>,135,14,[5 5],136,543,557,407,543
1,<environment.Job instance at 0x7effaa84c500>,142,18,[ 1 10],143,557,575,414,547
1,<environment.Job instance at 0x7effaa84ca00>,143,12,[2 7],144,575,587,431,558
1,<environment.Job instance at 0x7effaa84c730>,144,13,[2 7],145,575,588,430,559
1,<environment.Job instance at 0x7effaa84c690>,146,16,[5 2],147,559,575,412,559
1,<environment.Job instance at 0x7effaa84c820>,148,21,[9 1],149,572,593,423,564
1,<environment.Job instance at 0x7effaa84c230>,149,18,[2 6],150,587,605,437,576
1,<environment.Job instance at 0x7effa1025af0>,154,19,[2 5],155,588,607,433,578
1,<environment.Job instance at 0x7effa2151190>,155,12,[5 4],156,593,605,437,578
1,<environment.Job instance at 0x7effa0c48b90>,158,14,[7 2],159,605,619,446,590
1,<environment.Job instance at 0x7effa1449550>,166,19,[3 9],167,607,626,440,602
1,<environment.Job instance at 0x7effa0a0bbe0>,167,14,[2 7],168,626,640,458,611
1,<environment.Job instance at 0x7effa0c7caa0>,169,13,[1 5],170,619,632,449,611
1,<environment.Job instance at 0x7effa0c7c500>,170,18,[8 1],171,619,637,448,611
1,<environment.Job instance at 0x7effa1c0d910>,172,17,[2 9],173,640,657,467,628
1,<environment.Job instance at 0x7effa11c1dc0>,81,15,[14  5],82,657,672,575,645
1,<environment.Job instance at 0x7effa18a05a0>,40,21,[3 8],41,672,693,631,665
1,<environment.Job instance at 0x7effa11be690>,1,22,[12  5],2,672,694,670,665
1,<environment.Job instance at 0x7effa09d8460>,0,16,[ 5 13],1,1,17,0,1
1,<environment.Job instance at 0x7effa10e1190>,3,14,[8 4],4,17,31,13,4
1,<environment.Job instance at 0x7effa0b7e960>,5,23,[6 2],6,6,29,0,6
1,<environment.Job instance at 0x7effa13e7500>,8,18,[10  5],9,31,49,22,21
1,<environment.Job instance at 0x7effa1ddd910>,11,15,[2 5],12,32,47,20,32
1,<environment.Job instance at 0x7effa2008910>,18,12,[6 5],19,49,61,30,37
1,<environment.Job instance at 0x7effa0b7e1e0>,9,26,[14  3],10,61,87,51,58
1,<environment.Job instance at 0x7effa0b7ee60>,6,12,[5 1],7,87,99,80,73
1,<environment.Job instance at 0x7effa21d3fa0>,20,25,[6 3],21,87,112,66,83
1,<environment.Job instance at 0x7effa0d14780>,22,19,[ 5 13],23,112,131,89,102
1,<environment.Job instance at 0x7effa157f500>,25,20,[7 4],26,131,151,105,122
1,<environment.Job instance at 0x7effa157fdc0>,27,16,[2 9],28,140,156,112,140
1,<environment.Job instance at 0x7effa157ff50>,23,19,[12  1],24,151,170,127,141
1,<environment.Job instance at 0x7effa1e25c30>,28,16,[1 8],29,156,172,127,144
1,<environment.Job instance at 0x7effa1e25780>,29,15,[9 3],30,170,185,140,156
1,<environment.Job instance at 0x7effa13ce050>,31,23,[13  2],32,185,208,153,179
1,<environment.Job instance at 0x7effa1e25910>,30,15,[4 8],31,208,223,177,195
1,<environment.Job instance at 0x7effa121f3c0>,32,25,[9 5],33,208,233,175,204
1,<environment.Job instance at 0x7effa13ce320>,35,15,[2 9],36,223,238,187,209
1,<environment.Job instance at 0x7effaa85b050>,39,13,[5 6],40,233,246,193,217
1,<environment.Job instance at 0x7effa1d17050>,41,20,[6 3],42,238,258,196,229
1,<environment.Job instance at 0x7effa2066460>,42,12,[5 6],43,246,258,203,229
1,<environment.Job instance at 0x7effa0c553c0>,36,19,[2 5],37,238,257,201,233
1,<environment.Job instance at 0x7effa16034b0>,45,14,[1 8],46,258,272,212,243
1,<environment.Job instance at 0x7effa1603410>,46,14,[9 1],47,258,272,211,243
1,<environment.Job instance at 0x7effa1603fa0>,50,14,[6 2],51,272,286,221,257
1,<environment.Job instance at 0x7effa1603d20>,49,20,[6 5],50,272,292,222,263
1,<environment.Job instance at 0x7effa1603050>,52,15,[1 9],53,286,301,233,277
1,<environment.Job instance at 0x7effa15841e0>,55,20,[5 1],56,286,306,230,280
1,<environment.Job instance at 0x7effa15847d0>,57,12,[2 5],58,292,304,234,281
1,<environment.Job instance at 0x7effa0919320>,58,14,[10  3],59,304,318,245,289
1,<environment.Job instance at 0x7effa09190a0>,59,14,[10  2],60,318,332,258,303
1,<environment.Job instance at 0x7effa0919730>,61,19,[1 8],62,317,336,255,317
1,<environment.Job instance at 0x7effa157f320>,21,19,[7 4],22,332,351,310,324
1,<environment.Job instance at 0x7effa11be7d0>,1,20,[5 5],2,336,356,334,327
1,<environment.Job instance at 0x7effa0919e10>,64,21,[9 4],65,351,372,286,343
1,<environment.Job instance at 0x7effa2239b90>,72,17,[10  3],73,372,389,299,360
1,<environment.Job instance at 0x7effa1567b40>,76,15,[2 9],77,360,375,283,360
1,<environment.Job instance at 0x7effa13d84b0>,80,19,[6 2],81,389,408,308,379
1,<environment.Job instance at 0x7effa13d8d70>,82,13,[10  5],83,408,421,325,392
1,<environment.Job instance at 0x7effa13d8640>,84,12,[3 8],85,392,404,307,392
1,<environment.Job instance at 0x7effa156dd70>,85,16,[8 2],86,421,437,335,408
1,<environment.Job instance at 0x7effa156d730>,86,20,[1 5],87,410,430,323,410
1,<environment.Job instance at 0x7effa1322c30>,87,19,[6 1],88,421,440,333,412
1,<environment.Job instance at 0x7effa14018c0>,90,18,[4 6],91,437,455,346,426
1,<environment.Job instance at 0x7effa1401d20>,93,14,[3 9],94,440,454,346,426
1,<environment.Job instance at 0x7effa1401320>,100,17,[5 8],101,454,471,353,442
1,<environment.Job instance at 0x7effa1401f50>,108,18,[7 3],109,455,473,346,444
1,<environment.Job instance at 0x7effa1401c80>,109,16,[3 6],110,471,487,361,458
1,<environment.Job instance at 0x7effa1847960>,113,13,[5 2],114,471,484,357,458
1,<environment.Job instance at 0x7effa18477d0>,116,20,[5 1],117,473,493,356,464
1,<environment.Job instance at 0x7effa1847320>,118,13,[6 3],119,484,497,365,468
1,<environment.Job instance at 0x7effa1847cd0>,119,14,[5 6],120,493,507,373,478
1,<environment.Job instance at 0x7effa1847870>,120,14,[7 3],121,497,511,376,482
1,<environment.Job instance at 0x7effa18473c0>,121,15,[9 1],122,511,526,389,497
1,<environment.Job instance at 0x7effa155b410>,67,19,[ 1 12],68,507,526,439,497
1,<environment.Job instance at 0x7effa18470f0>,122,12,[1 5],123,526,538,403,509
1,<environment.Job instance at 0x7effa1847b90>,128,17,[4 5],129,526,543,397,517
1,<environment.Job instance at 0x7effa1847e60>,130,14,[10  5],131,526,540,395,517
1,<environment.Job instance at 0x7effa1847550>,131,13,[ 2 10],132,540,553,408,525
1,<environment.Job instance at 0x7effa16032d0>,51,18,[ 2 14],52,553,571,501,542
1,<environment.Job instance at 0x7effa1faf3c0>,137,15,[7 5],138,571,586,433,557
1,<environment.Job instance at 0x7effa1fafe10>,138,16,[5 3],139,571,587,432,558
1,<environment.Job instance at 0x7effa1faf320>,141,18,[4 9],142,586,604,444,586
1,<environment.Job instance at 0x7effa1fafdc0>,145,13,[8 4],146,588,601,442,588
1,<environment.Job instance at 0x7effa1faf550>,136,28,[12  3],137,604,632,467,603
1,<environment.Job instance at 0x7effa1847e10>,124,15,[1 7],125,604,619,479,603
1,<environment.Job instance at 0x7effa1c2bc80>,147,21,[4 6],148,632,653,484,626
1,<environment.Job instance at 0x7effa1c2b690>,150,12,[6 2],151,632,644,481,626
1,<environment.Job instance at 0x7effa1847500>,123,17,[7 3],124,644,661,520,633
1,<environment.Job instance at 0x7effa1c2b640>,148,21,[ 2 14],149,786,807,637,786
1,<environment.Job instance at 0x7effa0e1caf0>,1,17,[4 8],2,2,19,0,2
1,<environment.Job instance at 0x7effa2119aa0>,6,15,[7 5],7,7,22,0,7
1,<environment.Job instance at 0x7effa2119460>,4,13,[14  4],5,22,35,17,9
1,<environment.Job instance at 0x7effa21199b0>,8,14,[2 8],9,35,49,26,20
1,<environment.Job instance at 0x7effa2116a00>,13,17,[5 9],14,49,66,35,37
1,<environment.Job instance at 0x7effa2116dc0>,16,15,[6 5],17,37,52,20,37
1,<environment.Job instance at 0x7effa2127280>,26,16,[1 8],27,66,82,39,53
1,<environment.Job instance at 0x7effa210e190>,32,14,[7 5],33,53,67,20,53
1,<environment.Job instance at 0x7effa211e2d0>,39,13,[7 2],40,66,79,26,53
1,<environment.Job instance at 0x7effa1521af0>,40,17,[5 3],41,67,84,26,55
1,<environment.Job instance at 0x7effa1526a00>,42,13,[2 9],43,82,95,39,72
1,<environment.Job instance at 0x7effa2116aa0>,11,14,[ 4 13],12,95,109,83,82
1,<environment.Job instance at 0x7effa1526190>,46,16,[3 6],47,109,125,62,96
1,<environment.Job instance at 0x7effa1533e10>,49,18,[8 5],50,109,127,59,98
1,<environment.Job instance at 0x7effa1332be0>,56,15,[5 5],57,125,140,68,111
1,<environment.Job instance at 0x7effa0e52aa0>,57,16,[3 5],58,127,143,69,114
1,<environment.Job instance at 0x7effa1a195a0>,58,18,[8 4],59,140,158,81,129
1,<environment.Job instance at 0x7effa1070500>,61,14,[6 5],62,143,157,81,129
1,<environment.Job instance at 0x7effa13ad870>,63,15,[7 4],64,157,172,93,143
1,<environment.Job instance at 0x7effa19ff9b0>,64,12,[3 5],65,158,170,93,143
1,<environment.Job instance at 0x7effa0998370>,66,12,[5 8],67,170,182,103,153
1,<environment.Job instance at 0x7effa2127870>,71,15,[4 5],72,172,187,100,158
1,<environment.Job instance at 0x7effa104c550>,80,16,[9 5],81,182,198,101,169
1,<environment.Job instance at 0x7effa104cdc0>,82,17,[8 3],83,198,215,115,186
1,<environment.Job instance at 0x7effa1526910>,45,15,[4 8],46,187,202,141,186
1,<environment.Job instance at 0x7effa104caa0>,84,15,[3 9],85,202,217,117,189
1,<environment.Job instance at 0x7effa104c780>,86,18,[6 1],87,215,233,128,204
1,<environment.Job instance at 0x7effa2119500>,93,18,[6 1],94,215,233,121,204
1,<environment.Job instance at 0x7effa1074dc0>,94,12,[8 5],95,233,245,138,216
1,<environment.Job instance at 0x7effa1074d70>,95,12,[6 1],96,233,245,137,218
1,<environment.Job instance at 0x7effa1a049b0>,102,20,[2 7],103,245,265,142,236
1,<environment.Job instance at 0x7effa14eccd0>,104,17,[5 3],105,245,262,140,236
1,<environment.Job instance at 0x7effa14ec2d0>,107,17,[2 5],108,245,262,137,237
1,<environment.Job instance at 0x7effa14ec8c0>,108,19,[5 7],109,262,281,153,252
1,<environment.Job instance at 0x7effa2116fa0>,10,21,[5 7],11,265,286,254,258
1,<environment.Job instance at 0x7effa1050690>,111,22,[6 3],112,281,303,169,277
1,<environment.Job instance at 0x7effa1050370>,114,13,[8 3],115,287,300,172,287
1,<environment.Job instance at 0x7effa1050a50>,113,13,[2 7],114,300,313,186,287
1,<environment.Job instance at 0x7effa1050550>,116,15,[4 5],117,300,315,183,287
1,<environment.Job instance at 0x7effa1050190>,118,14,[5 3],119,303,317,184,288
1,<environment.Job instance at 0x7effa10505f0>,115,13,[14  4],116,317,330,201,302
1,<environment.Job instance at 0x7effa14f3b90>,129,12,[ 2 13],130,330,342,200,321
1,<environment.Job instance at 0x7effa14f3be0>,130,12,[11  2],131,330,342,199,321
1,<environment.Job instance at 0x7effa1078e10>,128,17,[9 4],129,342,359,213,330
1,<environment.Job instance at 0x7effa1076a50>,134,22,[3 7],135,343,365,208,343
1,<environment.Job instance at 0x7effa1076fa0>,135,16,[9 1],136,359,375,223,346
1,<environment.Job instance at 0x7effa1076f50>,136,14,[8 5],137,375,389,238,360
1,<environment.Job instance at 0x7effa1076e60>,139,18,[ 2 10],140,365,383,225,363
1,<environment.Job instance at 0x7effa150f0a0>,145,18,[5 1],146,383,401,237,372
1,<environment.Job instance at 0x7effa1ea9c80>,146,20,[7 1],147,389,409,242,380
1,<environment.Job instance at 0x7effa131d0a0>,147,13,[1 7],148,383,396,235,380
1,<environment.Job instance at 0x7effa1ea95a0>,148,18,[7 4],149,401,419,252,390
1,<environment.Job instance at 0x7effa150f640>,149,15,[7 5],150,409,424,259,395
1,<environment.Job instance at 0x7effa1508730>,150,16,[1 5],151,395,411,244,395
1,<environment.Job instance at 0x7effa15110f0>,153,12,[6 1],154,419,431,265,402
1,<environment.Job instance at 0x7effa19fc1e0>,157,19,[3 8],158,424,443,266,414
1,<environment.Job instance at 0x7effa1e7c2d0>,160,19,[8 1],161,431,450,270,421
1,<environment.Job instance at 0x7effa152beb0>,161,17,[1 6],162,421,438,259,421
1,<environment.Job instance at 0x7effa1343f00>,170,13,[2 8],171,443,456,272,431
1,<environment.Job instance at 0x7effa1343b40>,173,23,[3 6],174,438,461,264,436
1,<environment.Job instance at 0x7effa1343f50>,174,14,[3 8],175,456,470,281,441
1,<environment.Job instance at 0x7effa1335a50>,175,13,[6 5],176,461,474,285,445
1,<environment.Job instance at 0x7effa1335c30>,178,15,[2 8],179,470,485,291,456
1,<environment.Job instance at 0x7effa0e1c7d0>,0,22,[ 2 14],1,485,507,484,478
1,<environment.Job instance at 0x7effa14ec910>,0,28,[5 9],1,1,29,0,1
1,<environment.Job instance at 0x7effa14ec7d0>,1,12,[4 5],2,2,14,0,2
1,<environment.Job instance at 0x7effaa84b5a0>,3,14,[9 5],4,14,28,10,4
1,<environment.Job instance at 0x7effa14ecf00>,4,14,[ 1 10],5,29,43,24,14
1,<environment.Job instance at 0x7effa104a410>,11,12,[5 4],12,28,40,16,14
1,<environment.Job instance at 0x7effa104ac80>,12,13,[1 5],13,40,53,27,24
1,<environment.Job instance at 0x7effa104a960>,13,16,[3 8],14,43,59,29,30
1,<environment.Job instance at 0x7effa104a5a0>,14,15,[7 3],15,53,68,38,39
1,<environment.Job instance at 0x7effa104a460>,10,16,[ 2 10],11,59,75,48,47
1,<environment.Job instance at 0x7effa104a500>,17,15,[6 1],18,59,74,41,51
1,<environment.Job instance at 0x7effa104af00>,19,13,[3 5],20,74,87,54,58
1,<environment.Job instance at 0x7effa104aaf0>,22,16,[4 6],23,75,91,52,62
1,<environment.Job instance at 0x7effa14ec410>,7,21,[11  1],8,87,108,79,79
1,<environment.Job instance at 0x7effa104a4b0>,24,14,[ 4 13],25,91,105,66,79
1,<environment.Job instance at 0x7effa14ec190>,2,13,[ 5 12],3,108,121,105,94
1,<environment.Job instance at 0x7effa104acd0>,26,12,[ 5 12],27,121,133,94,104
1,<environment.Job instance at 0x7effa104a2d0>,25,17,[ 5 13],26,133,150,107,121
1,<environment.Job instance at 0x7effa104aeb0>,15,18,[ 4 11],16,150,168,134,146
1,<environment.Job instance at 0x7effa104a0a0>,29,14,[5 2],30,146,160,116,146
1,<environment.Job instance at 0x7effa19f7640>,30,13,[ 3 13],31,168,181,137,152
1,<environment.Job instance at 0x7effa104a910>,27,17,[5 4],28,181,198,153,169
1,<environment.Job instance at 0x7effa19f7190>,32,20,[ 5 12],33,198,218,165,189
1,<environment.Job instance at 0x7effa19f7dc0>,33,14,[12  2],34,218,232,184,203
1,<environment.Job instance at 0x7effa104a050>,31,16,[13  3],32,232,248,200,221
1,<environment.Job instance at 0x7effa19f7050>,36,16,[1 7],37,222,238,185,222
1,<environment.Job instance at 0x7effa19f7370>,37,13,[13  2],38,248,261,210,235
1,<environment.Job instance at 0x7effa19f7b40>,38,12,[1 7],39,238,250,199,235
1,<environment.Job instance at 0x7effa19f7a00>,39,13,[ 2 11],40,250,263,210,237
1,<environment.Job instance at 0x7effa104a190>,28,26,[11  2],29,261,287,232,260
1,<environment.Job instance at 0x7effa19f73c0>,40,26,[2 5],41,264,290,223,264
1,<environment.Job instance at 0x7effa19f7320>,41,13,[13  3],42,287,300,245,271
1,<environment.Job instance at 0x7effa19f7500>,43,17,[10  3],44,300,317,256,289
1,<environment.Job instance at 0x7effa19f7aa0>,44,19,[ 5 12],45,307,326,262,307
1,<environment.Job instance at 0x7effa19f7e10>,45,14,[ 4 11],46,326,340,280,311
1,<environment.Job instance at 0x7effa19f7c30>,34,27,[7 3],35,324,351,289,324
1,<environment.Job instance at 0x7effa19f7c80>,47,23,[1 6],48,340,363,292,334
1,<environment.Job instance at 0x7effa19f78c0>,48,13,[ 5 14],49,363,376,314,347
1,<environment.Job instance at 0x7effa1070320>,49,28,[3 5],50,376,404,326,375
1,<environment.Job instance at 0x7effa1070730>,50,19,[ 5 11],51,404,423,353,394
1,<environment.Job instance at 0x7effa104a9b0>,23,19,[10  1],24,399,418,375,399
1,<environment.Job instance at 0x7effa1070fa0>,53,14,[7 3],54,418,432,364,403
1,<environment.Job instance at 0x7effa1070640>,54,16,[2 9],55,423,439,368,410
1,<environment.Job instance at 0x7effa13bfbe0>,66,15,[6 1],67,423,438,356,417
1,<environment.Job instance at 0x7effa13bfc30>,67,13,[10  2],68,438,451,370,422
1,<environment.Job instance at 0x7effa13bf640>,71,17,[2 5],72,439,456,367,427
1,<environment.Job instance at 0x7effa13bf0f0>,76,18,[9 5],77,451,469,374,440
1,<environment.Job instance at 0x7effa14d9eb0>,80,17,[4 6],81,456,473,375,444
1,<environment.Job instance at 0x7effa14d96e0>,83,21,[9 2],84,469,490,385,461
1,<environment.Job instance at 0x7effa14d9780>,87,16,[8 4],88,490,506,402,477
1,<environment.Job instance at 0x7effa14d2a50>,92,15,[9 1],93,506,521,413,492
1,<environment.Job instance at 0x7effa1070c80>,51,18,[ 1 13],52,506,524,454,500
1,<environment.Job instance at 0x7effa19f77d0>,42,18,[14  3],43,524,542,481,513
1,<environment.Job instance at 0x7effa14d2280>,95,14,[4 7],96,542,556,446,527
1,<environment.Job instance at 0x7effa14d2870>,96,16,[10  5],97,542,558,445,529
1,<environment.Job instance at 0x7effa14d28c0>,97,17,[3 9],98,556,573,458,544
1,<environment.Job instance at 0x7effa14d2460>,98,12,[5 5],99,558,570,459,544
1,<environment.Job instance at 0x7effa19f7a50>,46,18,[10  4],47,570,588,523,564
1,<environment.Job instance at 0x7effa14d2c80>,100,17,[ 4 11],101,573,590,472,568
1,<environment.Job instance at 0x7effa14d2a00>,101,12,[ 4 12],102,590,602,488,573
1,<environment.Job instance at 0x7effa14d25a0>,102,15,[2 6],103,602,617,499,588
1,<environment.Job instance at 0x7effa14d2730>,103,24,[ 1 13],104,617,641,513,612
1,<environment.Job instance at 0x7effa1500be0>,104,15,[12  4],105,641,656,536,627
1,<environment.Job instance at 0x7effa1500aa0>,105,12,[10  4],106,656,668,550,639
1,<environment.Job instance at 0x7effa14d24b0>,99,28,[3 7],100,641,669,541,640
1,<environment.Job instance at 0x7effa14d2960>,94,18,[ 1 12],95,669,687,574,658
1,<environment.Job instance at 0x7effa1500140>,109,13,[8 5],110,687,700,577,672
1,<environment.Job instance at 0x7effa1500c30>,113,15,[10  3],114,700,715,586,686
1,<environment.Job instance at 0x7effa1500370>,119,21,[6 5],120,715,736,595,707
1,<environment.Job instance at 0x7effa1500190>,108,24,[ 5 14],109,736,760,627,731
1,<environment.Job instance at 0x7effa1500b40>,120,20,[1 6],121,760,780,639,751
1,<environment.Job instance at 0x7effa14db8c0>,124,15,[7 4],125,760,775,635,751
1,<environment.Job instance at 0x7effa14db1e0>,128,16,[ 3 10],129,780,796,651,767
1,<environment.Job instance at 0x7effa14dba00>,121,18,[8 3],122,775,793,653,767
1,<environment.Job instance at 0x7effa12b8f00>,141,18,[10  1],142,793,811,651,782
1,<environment.Job instance at 0x7effa1d84820>,144,13,[1 7],145,796,809,651,782
1,<environment.Job instance at 0x7effa13dbbe0>,147,18,[9 3],148,811,829,663,800
1,<environment.Job instance at 0x7effa17c1e10>,142,16,[13  2],143,829,845,686,817
1,<environment.Job instance at 0x7effa42ea410>,0,12,[12  4],1,1,13,0,1
1,<environment.Job instance at 0x7effa42eaaa0>,1,19,[3 7],2,2,21,0,2
1,<environment.Job instance at 0x7effa42ea960>,2,18,[5 5],3,13,31,10,3
1,<environment.Job instance at 0x7effa42ea4b0>,8,14,[7 5],9,21,35,12,10
1,<environment.Job instance at 0x7effa20a48c0>,14,15,[5 5],15,31,46,16,17
1,<environment.Job instance at 0x7effa20a4eb0>,16,15,[3 5],17,21,36,4,17
1,<environment.Job instance at 0x7effa20a45f0>,18,18,[3 5],19,35,53,16,24
1,<environment.Job instance at 0x7effa20a4140>,21,15,[2 9],22,46,61,24,32
1,<environment.Job instance at 0x7effa1539eb0>,26,22,[10  5],27,53,75,26,46
1,<environment.Job instance at 0x7effa1f1a140>,36,20,[2 9],37,61,81,24,52
1,<environment.Job instance at 0x7effa1efdbe0>,37,18,[1 6],38,75,93,37,64
1,<environment.Job instance at 0x7effa1efda00>,43,17,[5 4],44,81,98,37,69
1,<environment.Job instance at 0x7effaabdcaa0>,54,15,[3 8],55,93,108,38,79
1,<environment.Job instance at 0x7effaabdc960>,56,15,[8 2],57,98,113,41,84
1,<environment.Job instance at 0x7effa2161960>,65,18,[6 5],66,108,126,42,97
1,<environment.Job instance at 0x7effa2161320>,66,15,[9 1],67,113,128,46,100
1,<environment.Job instance at 0x7effa2161aa0>,68,17,[5 4],69,126,143,57,114
1,<environment.Job instance at 0x7effa2161230>,71,15,[ 5 10],72,128,143,56,114
1,<environment.Job instance at 0x7effaa8c7460>,75,15,[5 6],76,143,158,67,129
1,<environment.Job instance at 0x7effaa8c75a0>,78,19,[5 6],79,143,162,64,133
1,<environment.Job instance at 0x7effa42ea690>,3,23,[5 3],4,143,166,139,143
1,<environment.Job instance at 0x7effaa8c7b40>,79,20,[4 6],80,158,178,78,149
1,<environment.Job instance at 0x7effaaa74f00>,81,17,[6 1],82,162,179,80,150
1,<environment.Job instance at 0x7effa18e58c0>,83,14,[6 3],84,178,192,94,163
1,<environment.Job instance at 0x7effaa7dea00>,85,19,[1 5],86,166,185,80,163
1,<environment.Job instance at 0x7effaa7de280>,87,19,[4 5],88,179,198,91,169
1,<environment.Job instance at 0x7effaa7de5f0>,88,16,[1 9],89,192,208,103,179
1,<environment.Job instance at 0x7effaa7dee60>,89,16,[1 7],90,208,224,118,195
1,<environment.Job instance at 0x7effaa7de320>,90,12,[6 5],91,198,210,107,195
1,<environment.Job instance at 0x7effaaa74640>,80,19,[5 3],81,208,227,127,198
1,<environment.Job instance at 0x7effa42b1f50>,106,17,[ 4 10],107,224,241,117,212
1,<environment.Job instance at 0x7effa0e8ae10>,114,20,[5 3],115,227,247,112,218
1,<environment.Job instance at 0x7effa0e8a3c0>,115,16,[4 7],116,241,257,125,228
1,<environment.Job instance at 0x7effa21f6230>,117,21,[7 2],118,247,268,129,239
1,<environment.Job instance at 0x7effa21f6fa0>,122,19,[4 9],123,257,276,134,247
1,<environment.Job instance at 0x7effa21f6190>,124,13,[4 7],125,276,289,151,260
1,<environment.Job instance at 0x7effa0f24460>,125,17,[6 3],126,268,285,142,260
1,<environment.Job instance at 0x7effa0f24050>,126,14,[1 9],127,289,303,162,274
1,<environment.Job instance at 0x7effa226f230>,132,19,[5 3],133,274,293,141,274
1,<environment.Job instance at 0x7effa226f910>,134,14,[8 4],135,293,307,158,278
1,<environment.Job instance at 0x7effa211ad70>,98,17,[1 6],99,303,320,204,294
1,<environment.Job instance at 0x7effa17c1e10>,4,18,[13  1],5,307,325,302,296
1,<environment.Job instance at 0x7effa226ffa0>,137,16,[4 9],138,325,341,187,318
1,<environment.Job instance at 0x7effa226fa50>,136,26,[2 6],137,320,346,183,319
1,<environment.Job instance at 0x7effa0a7e0a0>,138,12,[12  4],139,341,353,202,324
1,<environment.Job instance at 0x7effa226faf0>,135,20,[9 1],136,353,373,217,344
1,<environment.Job instance at 0x7effa0a7e8c0>,142,17,[7 4],143,373,390,230,361
1,<environment.Job instance at 0x7effa1a68550>,150,16,[10  1],151,390,406,239,377
1,<environment.Job instance at 0x7effa1e20af0>,155,15,[2 6],156,377,392,221,377
1,<environment.Job instance at 0x7effa0a54c80>,156,18,[4 7],157,392,410,235,381
1,<environment.Job instance at 0x7effa194a690>,159,19,[4 5],160,406,425,246,396
1,<environment.Job instance at 0x7effa0c1da00>,168,13,[10  1],169,410,423,241,396
1,<environment.Job instance at 0x7effaa7e4410>,177,15,[10  5],178,423,438,245,409
1,<environment.Job instance at 0x7effa226f870>,139,20,[ 4 14],140,438,458,298,434
1,<environment.Job instance at 0x7effa21149b0>,140,25,[6 3],141,458,483,317,455
1,<environment.Job instance at 0x7effa42ea730>,6,24,[ 3 12],7,458,482,451,458
1,<environment.Job instance at 0x7ff528be1320>,1,15,[5 2],2,2,17,0,2
1,<environment.Job instance at 0x7ff51f5f5b90>,5,18,[7 5],6,6,24,0,6
1,<environment.Job instance at 0x7ff51f5f5dc0>,7,12,[7 2],8,17,29,9,8
1,<environment.Job instance at 0x7ff51f5f80f0>,11,14,[10  4],12,29,43,17,14
1,<environment.Job instance at 0x7ff51f5f8550>,18,18,[3 6],19,24,42,5,19
1,<environment.Job instance at 0x7ff51f5f8730>,20,18,[7 5],21,43,61,22,32
1,<environment.Job instance at 0x7ff51f5f89b0>,23,18,[7 4],24,43,61,19,32
1,<environment.Job instance at 0x7ff51f5f5d20>,12,22,[4 6],13,61,83,48,54
1,<environment.Job instance at 0x7ff51f5f8be0>,27,25,[14  4],28,83,108,55,79
1,<environment.Job instance at 0x7ff51f5f8c80>,28,20,[5 8],29,108,128,79,99
1,<environment.Job instance at 0x7ff51f5f8d20>,29,24,[5 1],30,108,132,78,103
1,<environment.Job instance at 0x7ff51f5f8dc0>,30,15,[8 2],31,128,143,97,114
1,<environment.Job instance at 0x7ff51f5f8e60>,31,13,[4 5],32,114,127,82,114
1,<environment.Job instance at 0x7ff51f5f8f50>,32,14,[14  3],33,143,157,110,128
1,<environment.Job instance at 0x7ff51f5f88c0>,33,16,[9 3],34,157,173,123,144
1,<environment.Job instance at 0x7ff51f5f8960>,34,20,[5 3],35,157,177,122,148
1,<environment.Job instance at 0x7ff51f5fb230>,35,23,[11  2],36,177,200,141,171
1,<environment.Job instance at 0x7ff51f5f8280>,13,27,[3 8],14,197,224,183,197
1,<environment.Job instance at 0x7ff51f5fb2d0>,36,27,[10  1],37,200,227,163,198
1,<environment.Job instance at 0x7ff51f5fb370>,37,22,[2 5],38,200,222,162,199
1,<environment.Job instance at 0x7ff51f5fb4b0>,39,13,[5 4],40,224,237,184,208
1,<environment.Job instance at 0x7ff51f5f8b40>,26,20,[4 8],27,227,247,200,218
1,<environment.Job instance at 0x7ff51f5fb5a0>,43,14,[6 1],44,227,241,183,218
1,<environment.Job instance at 0x7ff51f5fb780>,44,14,[8 4],45,241,255,196,226
1,<environment.Job instance at 0x7ff51f5fb870>,47,16,[6 2],48,247,263,199,234
1,<environment.Job instance at 0x7ff51f5fb9b0>,49,23,[2 6],50,255,278,205,249
1,<environment.Job instance at 0x7ff51f5f5fa0>,9,17,[8 1],10,263,280,253,254
1,<environment.Job instance at 0x7ff528be1230>,0,24,[2 8],1,263,287,262,258
1,<environment.Job instance at 0x7ff51f5fbb40>,55,15,[6 2],56,280,295,224,266
1,<environment.Job instance at 0x7ff51f5fbe10>,56,13,[10  1],57,295,308,238,279
1,<environment.Job instance at 0x7ff51f5fb3c0>,40,19,[ 3 10],41,287,306,246,279
1,<environment.Job instance at 0x7ff51f5fe140>,59,15,[11  3],60,308,323,248,294
1,<environment.Job instance at 0x7ff51f5fbd20>,53,22,[9 5],54,323,345,269,317
1,<environment.Job instance at 0x7ff51f5fe5a0>,66,12,[6 1],67,323,335,256,319
1,<environment.Job instance at 0x7ff51f5fe640>,67,13,[3 5],68,335,348,267,319
1,<environment.Job instance at 0x7ff51f5fb410>,38,16,[ 1 13],39,348,364,309,336
1,<environment.Job instance at 0x7ff51f5fe8c0>,71,13,[7 2],72,345,358,273,336
1,<environment.Job instance at 0x7ff51f5fe1e0>,60,23,[5 7],61,364,387,303,358
1,<environment.Job instance at 0x7ff51f5feb40>,75,19,[8 3],76,364,383,288,358
1,<environment.Job instance at 0x7ff51f5fe0f0>,79,15,[4 7],80,383,398,303,369
1,<environment.Job instance at 0x7ff51f5fe050>,80,19,[8 4],81,387,406,306,377
1,<environment.Job instance at 0x7ff51f5fef50>,81,17,[2 7],82,398,415,316,386
1,<environment.Job instance at 0x7ff51f601410>,87,17,[7 4],88,406,423,318,394
1,<environment.Job instance at 0x7ff51f6019b0>,98,20,[10  4],99,423,443,324,414
1,<environment.Job instance at 0x7ff51f601af0>,99,14,[6 1],100,443,457,343,428
1,<environment.Job instance at 0x7ff51f604230>,107,17,[5 6],108,428,445,320,428
1,<environment.Job instance at 0x7ff51f604410>,110,15,[2 6],111,443,458,332,429
1,<environment.Job instance at 0x7ff51f604190>,114,20,[5 7],115,445,465,330,436
1,<environment.Job instance at 0x7ff51f604960>,117,21,[1 6],118,458,479,340,450
1,<environment.Job instance at 0x7ff51f604aa0>,119,14,[9 1],120,458,472,338,450
1,<environment.Job instance at 0x7ff51f604b40>,120,15,[9 2],121,472,487,351,458
1,<environment.Job instance at 0x7ff51f604d20>,123,16,[1 8],124,479,495,355,466
1,<environment.Job instance at 0x7ff528c20320>,128,19,[1 9],129,495,514,366,485
1,<environment.Job instance at 0x7ff528c20dc0>,129,19,[4 7],130,514,533,384,504
1,<environment.Job instance at 0x7ff51f5eb9b0>,130,21,[4 6],131,504,525,373,504
1,<environment.Job instance at 0x7ff51f5eb5f0>,135,16,[5 2],136,514,530,378,504
1,<environment.Job instance at 0x7ff51f5c8460>,142,18,[10  5],143,530,548,387,519
1,<environment.Job instance at 0x7ff51f657cd0>,150,15,[6 2],151,548,563,397,534
1,<environment.Job instance at 0x7ff51f687640>,151,15,[6 2],152,548,563,396,534
1,<environment.Job instance at 0x7ff51f713190>,155,13,[2 6],156,534,547,378,534
1,<environment.Job instance at 0x7ff51f5febe0>,76,18,[ 2 10],77,547,565,470,537
1,<environment.Job instance at 0x7ff51f69ddc0>,156,18,[ 4 10],172,565,583,393,556
1,<environment.Job instance at 0x7ff51f5fbfa0>,57,22,[6 5],58,1167,1189,1109,1167
1,<environment.Job instance at 0x7ff51f5fe960>,72,18,[5 5],73,2266,2284,2193,2266
1,<environment.Job instance at 0x7ff51efd5eb0>,0,12,[11  1],1,1,13,0,1
1,<environment.Job instance at 0x7ff51f5fe9b0>,1,12,[ 5 11],2,13,25,11,2
1,<environment.Job instance at 0x7ff51f059550>,8,17,[10  5],9,25,42,16,13
1,<environment.Job instance at 0x7ff51f059e10>,18,17,[10  2],19,42,59,23,30
1,<environment.Job instance at 0x7ff51f0593c0>,9,16,[ 3 12],10,42,58,32,30
1,<environment.Job instance at 0x7ff51f062780>,26,17,[10  4],27,59,76,32,47
1,<environment.Job instance at 0x7ff51f062820>,25,18,[ 5 11],26,58,76,32,47
1,<environment.Job instance at 0x7ff51f0627d0>,30,12,[5 9],31,76,88,45,59
1,<environment.Job instance at 0x7ff51f0626e0>,33,15,[5 9],34,88,103,54,74
1,<environment.Job instance at 0x7ff51f068500>,37,15,[5 6],38,76,91,38,75
1,<environment.Job instance at 0x7ff51f068eb0>,47,20,[5 2],48,91,111,43,84
1,<environment.Job instance at 0x7ff51efd5dc0>,2,15,[ 3 11],3,103,118,100,89
1,<environment.Job instance at 0x7ff51f1b7c80>,49,20,[6 2],50,103,123,53,94
1,<environment.Job instance at 0x7ff51f068b90>,48,20,[7 4],49,118,138,69,111
1,<environment.Job instance at 0x7ff51f0ed9b0>,53,18,[8 5],54,123,141,69,118
1,<environment.Job instance at 0x7ff51f1881e0>,59,21,[6 4],60,138,159,78,130
1,<environment.Job instance at 0x7ff51f1fe780>,60,17,[2 6],61,141,158,80,132
1,<environment.Job instance at 0x7ff51f0973c0>,62,17,[8 5],63,158,175,95,146
1,<environment.Job instance at 0x7ff51f059500>,10,23,[5 8],11,159,182,148,153
1,<environment.Job instance at 0x7ff51f097f50>,65,13,[11  1],66,182,195,116,166
1,<environment.Job instance at 0x7ff51f097dc0>,66,12,[ 3 12],67,182,194,115,166
1,<environment.Job instance at 0x7ff51f0595a0>,6,14,[14  4],7,195,209,188,186
1,<environment.Job instance at 0x7ff51f51cb40>,68,17,[1 7],69,195,212,126,195
1,<environment.Job instance at 0x7ff51efcccd0>,70,12,[6 2],71,209,221,138,196
1,<environment.Job instance at 0x7ff51ef9f0a0>,67,25,[8 3],68,209,234,141,205
1,<environment.Job instance at 0x7ff51f097500>,64,19,[10  4],65,234,253,169,224
1,<environment.Job instance at 0x7ff51ef9e780>,74,12,[1 8],75,227,239,152,227
1,<environment.Job instance at 0x7ff528d52f00>,78,13,[3 5],79,239,252,160,228
1,<environment.Job instance at 0x7ff51ec2f640>,82,14,[3 5],83,252,266,169,237
1,<environment.Job instance at 0x7ff51edb9140>,85,20,[5 5],86,253,273,167,244
1,<environment.Job instance at 0x7ff51edb9a00>,86,18,[4 9],87,266,284,179,255
1,<environment.Job instance at 0x7ff51eb917d0>,87,20,[3 7],88,284,304,196,276
1,<environment.Job instance at 0x7ff51ec000a0>,99,16,[7 2],100,276,292,176,276
1,<environment.Job instance at 0x7ff51ebaa050>,102,12,[2 7],103,292,304,189,276
1,<environment.Job instance at 0x7ff51ebaa5f0>,106,18,[7 1],107,292,310,185,281
1,<environment.Job instance at 0x7ff51eba6230>,111,15,[4 8],112,304,319,192,290
1,<environment.Job instance at 0x7ff51eba65f0>,116,14,[5 3],117,310,324,193,301
1,<environment.Job instance at 0x7ff51eba6190>,117,14,[8 5],118,319,333,201,304
1,<environment.Job instance at 0x7ff51ef9e6e0>,72,23,[ 1 13],73,333,356,260,327
1,<environment.Job instance at 0x7ff51eba6730>,119,16,[ 4 13],120,356,372,236,343
1,<environment.Job instance at 0x7ff51eba6050>,120,26,[4 7],121,372,398,251,369
1,<environment.Job instance at 0x7ff51f068c30>,50,24,[11  3],51,372,396,321,369
1,<environment.Job instance at 0x7ff51f07a460>,71,24,[5 1],72,396,420,324,392
1,<environment.Job instance at 0x7ff51eba6e60>,121,25,[10  5],122,413,438,291,413
1,<environment.Job instance at 0x7ff51eba7960>,124,17,[12  2],125,438,455,313,426
1,<environment.Job instance at 0x7ff51eba7c80>,129,18,[ 3 10],130,439,457,309,439
1,<environment.Job instance at 0x7ff51eba76e0>,130,14,[7 2],131,455,469,324,440
1,<environment.Job instance at 0x7ff51eba7190>,131,19,[8 2],132,457,476,325,448
1,<environment.Job instance at 0x7ff51eba7b40>,134,16,[8 3],135,476,492,341,463
1,<environment.Job instance at 0x7ff51eba75f0>,125,19,[11  2],126,492,511,366,483
1,<environment.Job instance at 0x7ff51ec44f00>,137,24,[ 2 13],138,492,516,354,487
1,<environment.Job instance at 0x7ff528dca050>,157,17,[6 3],158,516,533,358,504
1,<environment.Job instance at 0x7ff528d5be60>,160,17,[2 8],161,516,533,355,504
1,<environment.Job instance at 0x7ff51ecd54b0>,166,15,[5 7],167,533,548,366,519
1,<environment.Job instance at 0x7ff51ed35140>,170,17,[5 4],171,519,536,348,519
1,<environment.Job instance at 0x7ff51ee1a460>,174,12,[8 2],175,536,548,361,528
1,<environment.Job instance at 0x7ff51ecccb40>,177,13,[7 5],178,548,561,370,532
1,<environment.Job instance at 0x7ff51eccceb0>,178,13,[1 7],179,548,561,369,532
1,<environment.Job instance at 0x7ff528c0c550>,182,15,[10  5],183,561,576,378,547
1,<environment.Job instance at 0x7ff51ee146e0>,184,19,[3 9],185,561,580,376,556
1,<environment.Job instance at 0x7ff51ee14e10>,188,15,[4 9],189,580,595,391,566
1,<environment.Job instance at 0x7ff51eba62d0>,122,25,[11  1],123,577,602,454,577
1,<environment.Job instance at 0x7ff51ed0f050>,0,14,[3 6],1,1,15,0,1
1,<environment.Job instance at 0x7ff51ed0b690>,3,21,[8 2],4,4,25,0,4
1,<environment.Job instance at 0x7ff51ed0bf50>,5,12,[9 3],6,25,37,19,9
1,<environment.Job instance at 0x7ff51ed0b410>,11,16,[4 8],12,15,31,3,12
1,<environment.Job instance at 0x7ff51ed0b190>,8,15,[ 2 12],9,31,46,22,17
1,<environment.Job instance at 0x7ff51ed0b320>,12,12,[9 1],13,37,49,24,20
1,<environment.Job instance at 0x7ff51ed0b370>,16,12,[5 4],17,46,58,29,29
1,<environment.Job instance at 0x7ff51ed0beb0>,13,21,[3 9],14,49,70,35,44
1,<environment.Job instance at 0x7ff51ed086e0>,20,17,[2 6],21,58,75,37,46
1,<environment.Job instance at 0x7ff51ed08eb0>,17,28,[3 6],18,70,98,52,69
1,<environment.Job instance at 0x7ff51ed087d0>,25,14,[9 5],26,75,89,49,69
1,<environment.Job instance at 0x7ff51ed08960>,26,28,[1 9],27,89,117,62,88
1,<environment.Job instance at 0x7ff51ed085f0>,27,26,[7 3],28,98,124,70,95
1,<environment.Job instance at 0x7ff51ed084b0>,28,17,[2 8],29,117,134,88,105
1,<environment.Job instance at 0x7ff51ed08640>,29,26,[3 5],30,124,150,94,121
1,<environment.Job instance at 0x7ff51ed08910>,30,16,[ 1 10],31,134,150,103,121
1,<environment.Job instance at 0x7ff51ed08e60>,23,12,[ 1 10],24,150,162,126,133
1,<environment.Job instance at 0x7ff51ed85d20>,42,23,[2 8],43,162,185,119,156
1,<environment.Job instance at 0x7ff51ed85320>,44,20,[2 8],45,185,205,140,176
1,<environment.Job instance at 0x7ff51ed0b3c0>,14,22,[7 4],15,189,211,174,189
1,<environment.Job instance at 0x7ff51ed85d70>,48,25,[6 1],49,190,215,141,190
1,<environment.Job instance at 0x7ff51ed7fe60>,49,15,[ 3 12],50,211,226,161,201
1,<environment.Job instance at 0x7ff51ed7fcd0>,50,18,[13  2],51,226,244,175,215
1,<environment.Job instance at 0x7ff51ed0bd20>,7,20,[ 3 13],8,244,264,236,235
1,<environment.Job instance at 0x7ff51ed7f4b0>,52,12,[14  3],53,264,276,211,247
1,<environment.Job instance at 0x7ff51ed7f870>,53,28,[11  3],54,276,304,222,275
1,<environment.Job instance at 0x7ff51ed7f3c0>,54,15,[6 4],55,304,319,249,290
1,<environment.Job instance at 0x7ff51ed7f0a0>,51,27,[5 7],52,304,331,252,302
1,<environment.Job instance at 0x7ff51ed7f550>,55,28,[ 4 12],56,331,359,275,330
1,<environment.Job instance at 0x7ff51ed7f820>,56,20,[11  3],57,339,359,282,339
1,<environment.Job instance at 0x7ff51ed7f190>,58,13,[7 1],59,359,372,300,343
1,<environment.Job instance at 0x7ff51ed7f460>,59,16,[2 6],60,359,375,299,346
1,<environment.Job instance at 0x7ff51ed7f640>,57,15,[ 5 13],58,375,390,317,361
1,<environment.Job instance at 0x7ff51ed7fbe0>,61,19,[ 2 14],62,390,409,328,380
1,<environment.Job instance at 0x7ff51ed7f7d0>,62,22,[12  1],63,390,412,327,383
1,<environment.Job instance at 0x7ff51ed7f050>,63,13,[ 3 11],64,409,422,345,393
1,<environment.Job instance at 0x7ff51ed7ae60>,64,22,[5 3],65,412,434,347,405
1,<environment.Job instance at 0x7ff51ed85f00>,47,21,[5 9],48,422,443,374,414
1,<environment.Job instance at 0x7ff51ed7a960>,68,17,[9 1],69,434,451,365,422
1,<environment.Job instance at 0x7ff51ed7ad20>,71,16,[1 8],72,443,459,371,432
1,<environment.Job instance at 0x7ff51ed7d460>,74,12,[3 5],75,443,455,368,432
1,<environment.Job instance at 0x7ff51ed7d780>,75,14,[5 8],76,459,473,383,444
1,<environment.Job instance at 0x7ff51ed7d3c0>,79,19,[6 4],80,455,474,375,445
1,<environment.Job instance at 0x7ff51ed7af00>,65,17,[ 1 14],66,474,491,408,463
1,<environment.Job instance at 0x7ff51ed7daa0>,81,14,[ 3 11],82,491,505,409,476
1,<environment.Job instance at 0x7ff51ed7d190>,80,22,[5 6],81,505,527,424,499
1,<environment.Job instance at 0x7ff51ed7d910>,85,14,[3 6],86,506,520,420,506
1,<environment.Job instance at 0x7ff51ed7d7d0>,88,13,[1 9],89,520,533,431,515
1,<environment.Job instance at 0x7ff51ed75aa0>,89,16,[2 5],90,527,543,437,515
1,<environment.Job instance at 0x7ff51ed75190>,93,14,[1 9],94,533,547,439,519
1,<environment.Job instance at 0x7ff51ed75eb0>,95,21,[5 4],96,543,564,447,536
1,<environment.Job instance at 0x7ff51ed75cd0>,99,12,[2 9],100,547,559,447,536
1,<environment.Job instance at 0x7ff51ed750f0>,100,14,[8 1],101,539,553,438,539
1,<environment.Job instance at 0x7ff51ed85410>,32,18,[12  5],33,564,582,531,554
1,<environment.Job instance at 0x7ff51ed75d20>,102,23,[9 3],103,582,605,479,576
1,<environment.Job instance at 0x7ff51ed72410>,106,12,[12  5],107,605,617,498,588
1,<environment.Job instance at 0x7ff51ed7db40>,82,27,[ 3 14],83,617,644,534,615
1,<environment.Job instance at 0x7ff51ed72370>,107,12,[1 6],108,644,656,536,630
1,<environment.Job instance at 0x7ff51ed72be0>,109,16,[7 3],110,644,660,534,640
1,<environment.Job instance at 0x7ff51ed72dc0>,112,14,[ 4 10],113,656,670,543,641
1,<environment.Job instance at 0x7ff51ed725a0>,114,17,[2 5],115,660,677,545,648
1,<environment.Job instance at 0x7ff51ed72a00>,115,14,[8 2],116,670,684,554,655
1,<environment.Job instance at 0x7ff51ed6e370>,120,21,[9 1],121,684,705,563,676
1,<environment.Job instance at 0x7ff51ed6e320>,121,18,[5 8],122,676,694,554,676
1,<environment.Job instance at 0x7ff51ed6ea00>,123,17,[6 1],124,694,711,570,682
1,<environment.Job instance at 0x7ff51ed6eb40>,126,15,[9 2],127,705,720,578,691
1,<environment.Job instance at 0x7ff51ed6ebe0>,127,21,[3 9],128,711,732,583,703
1,<environment.Job instance at 0x7ff51ed6e050>,128,17,[7 3],129,720,737,591,708
1,<environment.Job instance at 0x7ff51ed1cb90>,133,18,[4 7],134,732,750,598,721
1,<environment.Job instance at 0x7ff51ed1d910>,136,20,[2 6],137,737,757,600,728
1,<environment.Job instance at 0x7ff51ecb9cd0>,141,17,[10  4],142,750,767,608,738
1,<environment.Job instance at 0x7ff51ed206e0>,143,16,[8 4],144,767,783,623,754
1,<environment.Job instance at 0x7ff51ed20d20>,146,15,[5 7],147,757,772,610,754
1,<environment.Job instance at 0x7ff51ed2ee10>,149,19,[10  1],150,783,802,633,773
1,<environment.Job instance at 0x7ff51ecce2d0>,151,18,[9 4],152,802,820,650,791
1,<environment.Job instance at 0x7ff5313a50f0>,156,13,[10  5],157,820,833,663,804
1,<environment.Job instance at 0x7ff51f36f280>,159,12,[5 5],160,805,817,645,805
1,<environment.Job instance at 0x7ff528d5b460>,161,22,[4 9],162,817,839,655,814
1,<environment.Job instance at 0x7ff528d5ca50>,163,21,[4 9],164,839,860,675,831
1,<environment.Job instance at 0x7ff528be0870>,164,13,[ 5 10],165,860,873,695,844
1,<environment.Job instance at 0x7ff528d5c820>,166,14,[ 3 10],178,873,887,695,858
1,<environment.Job instance at 0x7ff51eba74b0>,1,25,[9 2],2,861,886,859,861
1,<environment.Job instance at 0x7ff51ed5ab40>,0,21,[5 1],1,1,22,0,1
1,<environment.Job instance at 0x7ff51eba74b0>,2,14,[9 5],3,3,17,0,3
1,<environment.Job instance at 0x7ff51eb69b40>,10,12,[8 2],11,17,29,6,11
1,<environment.Job instance at 0x7ff51eb69d20>,14,16,[5 5],15,22,38,7,15
1,<environment.Job instance at 0x7ff51eb6b050>,18,18,[1 5],19,19,37,0,19
1,<environment.Job instance at 0x7ff51eb6b280>,20,22,[7 1],21,29,51,8,22
1,<environment.Job instance at 0x7ff51eb6b460>,23,12,[4 8],24,38,50,14,24
1,<environment.Job instance at 0x7ff51eb6b7d0>,29,12,[5 5],30,50,62,20,33
1,<environment.Job instance at 0x7ff51eb6b870>,31,17,[2 7],32,50,67,18,38
1,<environment.Job instance at 0x7ff51eb6b9b0>,32,14,[4 9],33,67,81,34,52
1,<environment.Job instance at 0x7ff51eb6baa0>,35,12,[4 8],36,81,93,45,64
1,<environment.Job instance at 0x7ff51eb6d3c0>,45,16,[5 5],46,64,80,18,64
1,<environment.Job instance at 0x7ff51eb6d500>,47,17,[4 5],48,80,97,32,68
1,<environment.Job instance at 0x7ff51eb6d5a0>,48,13,[8 5],49,93,106,44,77
1,<environment.Job instance at 0x7ff51eb6d640>,49,13,[3 9],50,97,110,47,81
1,<environment.Job instance at 0x7ff51eb6d780>,51,16,[6 5],52,106,122,54,93
1,<environment.Job instance at 0x7ff51eb6d9b0>,55,12,[1 9],56,110,122,54,93
1,<environment.Job instance at 0x7ff51eb6da50>,56,15,[8 2],57,122,137,65,108
1,<environment.Job instance at 0x7ff51eb6daf0>,57,21,[7 2],58,122,143,64,114
1,<environment.Job instance at 0x7ff51eb6db90>,58,15,[ 5 10],59,137,152,78,123
1,<environment.Job instance at 0x7ff51eb6dd70>,61,13,[6 1],62,143,156,81,127
1,<environment.Job instance at 0x7ff51eb6de10>,62,13,[1 8],63,152,165,89,136
1,<environment.Job instance at 0x7ff51eb69fa0>,21,17,[7 4],22,152,169,130,143
1,<environment.Job instance at 0x7ff51eb700f0>,64,13,[12  5],65,169,182,104,153
1,<environment.Job instance at 0x7ff51eb6df00>,65,13,[ 5 10],66,182,195,116,166
1,<environment.Job instance at 0x7ff51eb702d0>,66,15,[6 1],67,182,197,115,168
1,<environment.Job instance at 0x7ff51eb70370>,67,22,[ 3 10],68,195,217,127,189
1,<environment.Job instance at 0x7ff51eb70500>,68,14,[6 5],69,197,211,128,189
1,<environment.Job instance at 0x7ff51eb6dfa0>,63,21,[10  4],64,211,232,147,203
1,<environment.Job instance at 0x7ff51eb705f0>,70,12,[1 5],71,217,229,146,203
1,<environment.Job instance at 0x7ff51eb5e870>,77,21,[1 9],78,229,250,151,221
1,<environment.Job instance at 0x7ff51eb5e550>,80,21,[5 4],81,232,253,151,224
1,<environment.Job instance at 0x7ff51eb5e280>,81,15,[10  1],82,250,265,168,236
1,<environment.Job instance at 0x7ff51eb5e730>,82,20,[4 5],83,253,273,170,244
1,<environment.Job instance at 0x7ff51f2e5960>,89,14,[6 5],90,265,279,175,250
1,<environment.Job instance at 0x7ff51f1550f0>,90,13,[5 8],91,273,286,182,257
1,<environment.Job instance at 0x7ff51fa258c0>,97,13,[7 5],98,279,292,181,263
1,<environment.Job instance at 0x7ff52012c820>,98,13,[1 8],99,286,299,187,270
1,<environment.Job instance at 0x7ff51ef6e550>,102,22,[7 5],103,292,314,189,285
1,<environment.Job instance at 0x7ff51f2f39b0>,107,13,[10  4],108,314,327,206,298
1,<environment.Job instance at 0x7ff51f2e05a0>,110,15,[10  4],111,327,342,216,313
1,<environment.Job instance at 0x7ff51eb69f50>,17,19,[5 7],18,313,332,295,313
1,<environment.Job instance at 0x7ff51f2ec5f0>,117,12,[5 1],118,332,344,214,315
1,<environment.Job instance at 0x7ff51ef85780>,127,20,[ 2 10],128,342,362,214,333
1,<environment.Job instance at 0x7ff51f2ee780>,133,18,[6 5],134,344,362,210,333
1,<environment.Job instance at 0x7ff51f2ee640>,138,12,[1 7],139,362,374,223,345
1,<environment.Job instance at 0x7ff51ef73730>,142,18,[5 8],143,362,380,219,351
1,<environment.Job instance at 0x7ff51ef73780>,147,18,[6 5],148,374,392,226,363
1,<environment.Job instance at 0x7ff51ef73f00>,148,17,[9 4],149,380,397,231,368
1,<environment.Job instance at 0x7ff51ef73500>,151,18,[5 7],152,392,410,240,381
1,<environment.Job instance at 0x7ff51ef73c80>,152,15,[6 2],153,397,412,244,383
1,<environment.Job instance at 0x7ff51ef73280>,159,22,[1 7],160,410,432,250,403
1,<environment.Job instance at 0x7ff51ef79d20>,160,19,[5 6],161,410,429,249,403
1,<environment.Job instance at 0x7ff51ef79190>,170,14,[1 7],171,429,443,258,414
1,<environment.Job instance at 0x7ff51ef79870>,172,14,[6 2],173,414,428,241,414
1,<environment.Job instance at 0x7ff51ef79c80>,175,14,[1 6],176,432,446,256,417
1,<environment.Job instance at 0x7ff51ef790f0>,176,15,[5 7],177,443,458,266,429
1,<environment.Job instance at 0x7ff51eb4b0a0>,180,18,[5 2],181,432,450,251,429
1,<environment.Job instance at 0x7ff51eb4b8c0>,181,20,[3 7],182,450,470,268,441
1,<environment.Job instance at 0x7ff51eb4b1e0>,182,14,[8 3],183,458,472,275,443
1,<environment.Job instance at 0x7ff51eb5ae10>,185,21,[2 8],186,470,491,284,462
1,<environment.Job instance at 0x7ff51f302b90>,112,17,[3 9],113,491,508,378,483
1,<environment.Job instance at 0x7ff51ed5ab90>,1,28,[11  4],2,483,511,481,483
1,<environment.Job instance at 0x7ff51ed61960>,1,22,[8 1],2,2,24,0,2
1,<environment.Job instance at 0x7ff51f8c9af0>,4,15,[5 8],5,5,20,0,5
1,<environment.Job instance at 0x7ff51f8c9b40>,7,12,[9 1],8,24,36,16,8
1,<environment.Job instance at 0x7ff51f8c9c30>,5,15,[4 9],6,20,35,14,11
1,<environment.Job instance at 0x7ff51ed5ab90>,3,20,[8 2],4,36,56,32,27
1,<environment.Job instance at 0x7ff51f8c9140>,10,13,[3 5],11,35,48,24,27
1,<environment.Job instance at 0x7ff51f5e3dc0>,27,18,[9 1],28,56,74,28,45
1,<environment.Job instance at 0x7ff51f5e3aa0>,32,19,[5 3],33,48,67,15,45
1,<environment.Job instance at 0x7ff51f5e3870>,34,21,[6 4],35,67,88,32,59
1,<environment.Job instance at 0x7ff51f64ea00>,37,14,[8 2],38,74,88,36,59
1,<environment.Job instance at 0x7ff51f64e9b0>,38,13,[5 3],39,88,101,49,72
1,<environment.Job instance at 0x7ff51f64e410>,45,14,[4 7],46,88,102,42,73
1,<environment.Job instance at 0x7ff51f64e870>,46,16,[9 4],47,101,117,54,88
1,<environment.Job instance at 0x7ff51f64e5f0>,48,14,[ 2 10],49,102,116,53,88
1,<environment.Job instance at 0x7ff51f6a3910>,50,16,[ 3 10],51,116,132,65,103
1,<environment.Job instance at 0x7ff51f6a3fa0>,51,18,[5 5],52,117,135,65,106
1,<environment.Job instance at 0x7ff51f6a3320>,52,16,[5 5],53,132,148,79,119
1,<environment.Job instance at 0x7ff51f6a3690>,56,18,[1 5],57,132,150,75,121
1,<environment.Job instance at 0x7ff51f6a3780>,57,18,[9 5],58,135,153,77,124
1,<environment.Job instance at 0x7ff51f6a38c0>,58,19,[4 5],59,148,167,89,138
1,<environment.Job instance at 0x7ff51f6a3aa0>,64,13,[5 5],65,153,166,88,138
1,<environment.Job instance at 0x7ff51f5e9910>,66,16,[8 3],67,166,182,99,153
1,<environment.Job instance at 0x7ff51ef720f0>,0,22,[2 7],1,166,188,165,165
1,<environment.Job instance at 0x7ff51f5e9140>,69,21,[8 2],70,182,203,112,174
1,<environment.Job instance at 0x7ff51f5e92d0>,73,18,[5 5],74,174,192,100,174
1,<environment.Job instance at 0x7ff51f8c9500>,6,16,[ 3 11],7,192,208,185,181
1,<environment.Job instance at 0x7ff51f5e9370>,75,28,[10  3],76,203,231,127,202
1,<environment.Job instance at 0x7ff51f5e9820>,74,20,[5 9],75,216,236,141,216
1,<environment.Job instance at 0x7ff51f69d910>,77,14,[5 1],78,231,245,153,217
1,<environment.Job instance at 0x7ff51f69dc80>,84,18,[8 3],85,236,254,151,225
1,<environment.Job instance at 0x7ff51f69d1e0>,87,15,[6 2],88,245,260,157,231
1,<environment.Job instance at 0x7ff51fb075a0>,88,17,[7 4],89,254,271,165,242
1,<environment.Job instance at 0x7ff51f30e640>,127,17,[5 7],128,260,277,132,254
1,<environment.Job instance at 0x7ff51f30e820>,128,17,[5 5],129,271,288,142,259
1,<environment.Job instance at 0x7ff51f30e780>,129,17,[4 6],130,277,294,147,265
1,<environment.Job instance at 0x7ff51f6f2500>,141,16,[6 3],142,277,293,135,265
1,<environment.Job instance at 0x7ff51f9d5140>,150,18,[10  5],151,293,311,142,282
1,<environment.Job instance at 0x7ff51f700eb0>,156,15,[9 4],157,311,326,154,297
1,<environment.Job instance at 0x7ff51fc75f00>,166,20,[5 7],167,298,318,131,298
1,<environment.Job instance at 0x7ff51fc752d0>,167,16,[4 8],168,318,334,150,305
1,<environment.Job instance at 0x7ff51fc75780>,169,15,[2 8],170,334,349,164,320
1,<environment.Job instance at 0x7ff51fc75960>,174,16,[10  5],175,326,342,151,320
1,<environment.Job instance at 0x7ff51f36d730>,182,16,[9 4],183,342,358,159,329
1,<environment.Job instance at 0x7ff51efd5be0>,2,17,[14  1],3,5,22,2,5
1,<environment.Job instance at 0x7ff51ffb73c0>,4,19,[2 9],5,22,41,17,12
1,<environment.Job instance at 0x7ff51ffb7fa0>,9,18,[3 8],10,41,59,31,30
1,<environment.Job instance at 0x7ff51ffb7a50>,7,18,[2 7],8,41,59,33,37
1,<environment.Job instance at 0x7ff51ffb78c0>,11,14,[ 4 10],12,59,73,47,44
1,<environment.Job instance at 0x7ff51f7e1190>,17,17,[ 1 10],18,73,90,55,61
1,<environment.Job instance at 0x7ff51f7e1c30>,20,22,[8 3],21,61,83,40,61
1,<environment.Job instance at 0x7ff51f7e1b90>,23,21,[9 1],24,83,104,59,75
1,<environment.Job instance at 0x7ff5200f46e0>,25,16,[1 7],26,90,106,64,77
1,<environment.Job instance at 0x7ff5200f4280>,31,17,[11  4],32,104,121,72,92
1,<environment.Job instance at 0x7ff51e9806e0>,34,15,[2 5],35,106,121,71,92
1,<environment.Job instance at 0x7ff51f827870>,35,18,[9 5],36,121,139,85,110
1,<environment.Job instance at 0x7ff51f92b410>,39,15,[7 1],40,139,154,99,125
1,<environment.Job instance at 0x7ff51f92beb0>,40,17,[2 6],41,125,142,84,125
1,<environment.Job instance at 0x7ff51f92bd20>,43,22,[5 3],44,139,161,95,132
1,<environment.Job instance at 0x7ff520153910>,52,18,[10  2],53,154,172,101,143
1,<environment.Job instance at 0x7ff51fc14b40>,57,17,[2 6],58,161,178,103,150
1,<environment.Job instance at 0x7ff51f7625f0>,62,15,[4 5],63,172,187,109,158
1,<environment.Job instance at 0x7ff51fc14780>,64,17,[3 5],65,178,195,113,166
1,<environment.Job instance at 0x7ff51fffecd0>,69,19,[ 3 10],70,187,206,117,177
1,<environment.Job instance at 0x7ff51f257910>,70,15,[7 4],71,195,210,124,181
1,<environment.Job instance at 0x7ff51e9f0dc0>,12,15,[4 8],13,206,221,193,199
1,<environment.Job instance at 0x7ff51e91b960>,6,20,[ 1 12],7,221,241,214,213
1,<environment.Job instance at 0x7ff520016910>,80,18,[5 9],81,241,259,160,230
1,<environment.Job instance at 0x7ff51f8adeb0>,81,17,[2 5],82,241,258,159,230
1,<environment.Job instance at 0x7ff51fa39b90>,91,17,[1 9],92,259,276,167,247
1,<environment.Job instance at 0x7ff51fa39460>,98,17,[2 5],99,258,275,159,249
1,<environment.Job instance at 0x7ff51fa39d70>,99,17,[3 6],100,275,292,175,263
1,<environment.Job instance at 0x7ff51f357910>,104,12,[6 3],105,276,288,171,263
1,<environment.Job instance at 0x7ff51f357a50>,107,12,[4 6],108,276,288,168,263
1,<environment.Job instance at 0x7ff51f3573c0>,108,13,[2 6],109,288,301,179,272
1,<environment.Job instance at 0x7ff51f357cd0>,109,13,[10  4],110,292,305,182,276
1,<environment.Job instance at 0x7ff51f20b460>,75,28,[ 2 10],76,301,329,225,300
1,<environment.Job instance at 0x7ff520016370>,76,15,[5 5],77,305,320,228,300
1,<environment.Job instance at 0x7ff51fa9b8c0>,119,21,[8 3],120,320,341,200,312
1,<environment.Job instance at 0x7ff51fa9bfa0>,124,20,[2 7],125,329,349,204,324
1,<environment.Job instance at 0x7ff51fc74dc0>,130,18,[7 5],131,341,359,210,330
1,<environment.Job instance at 0x7ff51fc74190>,131,15,[2 7],132,349,364,217,335
1,<environment.Job instance at 0x7ff528c89c80>,133,13,[1 7],134,359,372,225,343
1,<environment.Job instance at 0x7ff528c89690>,134,13,[3 5],135,364,377,229,348
1,<environment.Job instance at 0x7ff51f416690>,135,16,[3 9],136,372,388,236,359
1,<environment.Job instance at 0x7ff51f0ea140>,139,12,[7 4],140,377,389,237,360
1,<environment.Job instance at 0x7ff51f1dcbe0>,148,17,[8 4],149,388,405,239,376
1,<environment.Job instance at 0x7ff51f1dcb40>,150,14,[10  2],151,405,419,254,390
1,<environment.Job instance at 0x7ff51fa9bf00>,121,26,[5 7],122,390,416,268,390
1,<environment.Job instance at 0x7ff51f1dcd70>,151,22,[5 5],152,416,438,264,410
1,<environment.Job instance at 0x7ff51f1dc690>,152,25,[7 5],153,419,444,266,415
1,<environment.Job instance at 0x7ff51f1dc6e0>,154,26,[6 1],155,438,464,283,435
1,<environment.Job instance at 0x7ff51f1dc870>,155,21,[ 5 14],156,444,465,288,436
1,<environment.Job instance at 0x7ff51efd63c0>,187,16,[7 4],188,465,481,277,452
1,<environment.Job instance at 0x7ff51efd6690>,188,12,[8 4],189,465,477,276,452
1,<environment.Job instance at 0x7ff51f1dc460>,156,25,[14  4],157,481,506,324,477
1,<environment.Job instance at 0x7ff51ffb70f0>,5,19,[7 3],6,506,525,500,500
1,<environment.Job instance at 0x7ff51f3e2c30>,0,23,[13  2],1,525,548,524,520
1,<environment.Job instance at 0x7ff51f3e2c30>,6,12,[8 4],7,7,19,0,7
1,<environment.Job instance at 0x7ff51f46ed70>,5,16,[13  3],6,19,35,13,8
1,<environment.Job instance at 0x7ff51f46e050>,7,16,[1 8],8,31,47,23,31
1,<environment.Job instance at 0x7ff51f089780>,15,17,[5 3],16,35,52,19,31
1,<environment.Job instance at 0x7ff51f089370>,16,12,[2 7],17,47,59,30,31
1,<environment.Job instance at 0x7ff51f2c11e0>,20,13,[4 6],21,52,65,31,36
1,<environment.Job instance at 0x7ff5222264b0>,22,12,[1 7],23,59,71,36,43
1,<environment.Job instance at 0x7ff51f2c19b0>,23,15,[2 6],24,65,80,41,51
1,<environment.Job instance at 0x7ff51f46e460>,8,28,[4 6],9,71,99,62,70
1,<environment.Job instance at 0x7ff51f2f9fa0>,26,16,[9 3],27,71,87,44,71
1,<environment.Job instance at 0x7ff51f2f0c30>,27,18,[ 1 12],28,99,117,71,88
1,<environment.Job instance at 0x7ff51f2f01e0>,28,15,[ 3 11],29,117,132,88,103
1,<environment.Job instance at 0x7ff51fc20050>,29,24,[ 1 11],30,132,156,102,127
1,<environment.Job instance at 0x7ff51f2d4370>,30,23,[6 3],31,127,150,96,127
1,<environment.Job instance at 0x7ff51f098f00>,10,13,[9 3],11,150,163,139,138
1,<environment.Job instance at 0x7ff520148d70>,34,14,[ 2 10],35,156,170,121,142
1,<environment.Job instance at 0x7ff52015d820>,33,18,[7 4],34,163,181,129,160
1,<environment.Job instance at 0x7ff51f2f9500>,25,18,[1 7],26,170,188,144,160
1,<environment.Job instance at 0x7ff51fd7d190>,37,20,[5 7],38,181,201,143,172
1,<environment.Job instance at 0x7ff520166140>,40,14,[9 1],41,188,202,147,188
1,<environment.Job instance at 0x7ff51fda7460>,41,12,[10  4],42,202,214,160,188
1,<environment.Job instance at 0x7ff520167e10>,36,24,[3 9],37,201,225,164,196
1,<environment.Job instance at 0x7ff51f2f1190>,46,17,[5 1],47,214,231,167,203
1,<environment.Job instance at 0x7ff51f718fa0>,9,26,[ 2 14],10,225,251,215,222
1,<environment.Job instance at 0x7ff51f2def50>,48,23,[13  2],49,251,274,202,245
1,<environment.Job instance at 0x7ff51f2de050>,49,16,[ 3 14],50,274,290,224,261
1,<environment.Job instance at 0x7ff51f2f1500>,45,15,[ 1 10],46,290,305,244,277
1,<environment.Job instance at 0x7ff51fd856e0>,51,13,[9 2],52,290,303,238,277
1,<environment.Job instance at 0x7ff51fd85cd0>,52,12,[4 7],53,305,317,252,288
1,<environment.Job instance at 0x7ff51fd89640>,56,14,[4 8],57,305,319,248,291
1,<environment.Job instance at 0x7ff51fd896e0>,58,12,[1 6],59,317,329,258,300
1,<environment.Job instance at 0x7ff51fd895f0>,60,14,[8 4],61,319,333,258,304
1,<environment.Job instance at 0x7ff51fd94230>,67,20,[4 5],68,319,339,251,312
1,<environment.Job instance at 0x7ff51fd94370>,68,14,[5 7],69,333,347,264,318
1,<environment.Job instance at 0x7ff51fd85b90>,50,16,[13  5],51,347,363,296,334
1,<environment.Job instance at 0x7ff51fd8a410>,78,22,[ 1 10],79,350,372,271,350
1,<environment.Job instance at 0x7ff51f2de1e0>,47,23,[9 3],48,363,386,315,358
1,<environment.Job instance at 0x7ff51fd8a550>,80,16,[ 5 12],81,372,388,291,363
1,<environment.Job instance at 0x7ff51fd8a910>,86,18,[1 6],87,388,406,301,377
1,<environment.Job instance at 0x7ff51fd8acd0>,91,17,[7 3],92,386,403,294,377
1,<environment.Job instance at 0x7ff51fd8af00>,97,15,[6 1],98,388,403,290,377
1,<environment.Job instance at 0x7ff51fd87320>,106,16,[9 2],107,403,419,296,390
1,<environment.Job instance at 0x7ff51fd87820>,110,22,[1 5],111,390,412,279,390
1,<environment.Job instance at 0x7ff51fd87a00>,113,20,[1 5],114,406,426,292,397
1,<environment.Job instance at 0x7ff51fd87c80>,117,18,[5 5],118,412,430,294,401
1,<environment.Job instance at 0x7ff51fd87fa0>,122,14,[10  1],123,426,440,303,411
1,<environment.Job instance at 0x7ff51e80d050>,123,18,[3 8],124,430,448,306,419
1,<environment.Job instance at 0x7ff51e80d1e0>,125,12,[ 5 10],126,448,460,322,431
1,<environment.Job instance at 0x7ff51e80d460>,127,16,[1 6],128,431,447,303,431
1,<environment.Job instance at 0x7ff51e80dc30>,138,17,[8 4],139,447,464,308,435
1,<environment.Job instance at 0x7ff51e80dcd0>,139,16,[7 2],140,460,476,320,447
1,<environment.Job instance at 0x7ff51e80df00>,142,14,[8 5],143,464,478,321,449
1,<environment.Job instance at 0x7ff51e80d6e0>,144,19,[6 4],145,476,495,331,466
1,<environment.Job instance at 0x7ff51e80dc80>,145,16,[1 6],146,476,492,330,466
1,<environment.Job instance at 0x7ff51e811190>,146,14,[1 8],147,492,506,345,477
1,<environment.Job instance at 0x7ff51e811230>,147,22,[7 2],148,478,500,330,478
1,<environment.Job instance at 0x7ff51e8112d0>,148,15,[10  1],149,500,515,351,486
1,<environment.Job instance at 0x7ff51e8115f0>,153,16,[3 7],154,506,522,352,493
1,<environment.Job instance at 0x7ff51e811820>,156,13,[5 5],161,515,528,354,499
1,<environment.Job instance at 0x7ff51e8117d0>,159,16,[1 7],174,522,538,348,509
1,<environment.Job instance at 0x7ff51fd8a4b0>,79,26,[3 8],80,528,554,448,527
1,<environment.Job instance at 0x7ff51fd8a9b0>,87,20,[1 9],88,554,574,466,545
1,<environment.Job instance at 0x7ff51eb5e280>,0,24,[ 1 12],1,574,598,573,569
1,<environment.Job instance at 0x7ff51f2d8460>,0,13,[12  1],1,1,14,0,1
1,<environment.Job instance at 0x7ff51eb5e280>,2,20,[5 3],3,14,34,11,5
1,<environment.Job instance at 0x7ff51f482140>,11,16,[4 6],12,14,30,2,12
1,<environment.Job instance at 0x7ff51f1990f0>,22,15,[3 7],23,30,45,7,23
1,<environment.Job instance at 0x7ff51f1992d0>,25,19,[2 5],26,26,45,0,26
1,<environment.Job instance at 0x7ff51f1995f0>,27,16,[8 4],28,45,61,17,32
1,<environment.Job instance at 0x7ff51f07a3c0>,44,14,[3 7],45,45,59,0,45
1,<environment.Job instance at 0x7ff51f07adc0>,52,18,[3 5],53,59,77,6,53
1,<environment.Job instance at 0x7ff51f07ac80>,54,18,[5 6],55,61,79,6,55
1,<environment.Job instance at 0x7ff51f482050>,8,13,[14  2],9,79,92,70,63
1,<environment.Job instance at 0x7ff51f4820f0>,9,13,[ 4 14],10,92,105,82,77
1,<environment.Job instance at 0x7ff51f871230>,62,13,[3 9],63,105,118,42,89
1,<environment.Job instance at 0x7ff51f871f50>,64,19,[8 2],65,105,124,40,95
1,<environment.Job instance at 0x7ff51ef372d0>,75,21,[5 5],76,118,139,42,110
1,<environment.Job instance at 0x7ff51f0e18c0>,79,13,[5 8],80,124,137,44,110
1,<environment.Job instance at 0x7ff51f126e60>,109,15,[9 4],110,137,152,27,123
1,<environment.Job instance at 0x7ff51ea28b90>,114,14,[4 7],115,139,153,24,136
1,<environment.Job instance at 0x7ff51f1bd280>,134,16,[4 9],135,153,169,18,140
1,<environment.Job instance at 0x7ff5200f4050>,136,14,[5 4],137,152,166,15,140
1,<environment.Job instance at 0x7ff51f1797d0>,137,15,[6 4],138,166,181,28,152
1,<environment.Job instance at 0x7ff5200f4e60>,138,20,[7 5],139,169,189,30,160
1,<environment.Job instance at 0x7ff520192dc0>,153,12,[5 8],154,181,193,27,164
1,<environment.Job instance at 0x7ff51f36d4b0>,173,14,[10  5],174,189,203,15,174
1,<environment.Job instance at 0x7ff51f36dcd0>,175,12,[3 5],176,193,205,17,187
1,<environment.Job instance at 0x7ff51f36d140>,181,15,[1 7],182,203,218,21,189
1,<environment.Job instance at 0x7ff51f36db40>,184,14,[4 8],185,205,219,20,190
1,<environment.Job instance at 0x7ff51eb5e0a0>,1,28,[ 5 11],2,591,619,589,591
1,<environment.Job instance at 0x7ff51f482be0>,5,19,[14  5],6,5206,5225,5200,5206
1,<environment.Job instance at 0x7ff51f07a140>,61,18,[11  1],62,5258,5276,5196,5258
1,<environment.Job instance at 0x7ff51f52dc30>,0,13,[9 3],1,1,14,0,1
1,<environment.Job instance at 0x7ff51f4cd460>,5,15,[11  1],6,14,29,8,6
1,<environment.Job instance at 0x7ff51f4cd550>,7,20,[6 5],8,29,49,21,20
1,<environment.Job instance at 0x7ff51f4cd280>,10,15,[5 8],11,29,44,18,20
1,<environment.Job instance at 0x7ff51ee426e0>,13,16,[2 8],14,44,60,30,31
1,<environment.Job instance at 0x7ff51ee427d0>,24,14,[9 1],25,49,63,24,34
1,<environment.Job instance at 0x7ff51f4cdc30>,8,15,[ 5 10],9,60,75,51,46
1,<environment.Job instance at 0x7ff51e990dc0>,43,13,[3 9],44,75,88,31,59
1,<environment.Job instance at 0x7ff51e990690>,50,14,[9 2],51,63,77,12,60
1,<environment.Job instance at 0x7ff51e98afa0>,57,15,[3 8],58,88,103,30,75
1,<environment.Job instance at 0x7ff51e98ad70>,58,14,[4 9],59,103,117,44,88
1,<environment.Job instance at 0x7ff51e98a8c0>,64,20,[4 5],65,115,135,50,115
1,<environment.Job instance at 0x7ff51e98a5a0>,65,18,[4 6],66,117,135,51,115
1,<environment.Job instance at 0x7ff51e9950a0>,66,14,[2 6],67,135,149,68,120
1,<environment.Job instance at 0x7ff51e995fa0>,68,12,[6 5],69,135,147,66,120
1,<environment.Job instance at 0x7ff51e991730>,75,12,[8 5],76,147,159,71,130
1,<environment.Job instance at 0x7ff51e991dc0>,80,12,[2 5],81,149,161,68,132
1,<environment.Job instance at 0x7ff51e991190>,85,14,[8 5],86,159,173,73,144
1,<environment.Job instance at 0x7ff51ec34140>,88,20,[6 3],89,161,181,72,152
1,<environment.Job instance at 0x7ff51ec34050>,89,21,[3 6],90,173,194,83,166
1,<environment.Job instance at 0x7ff51f492050>,97,19,[8 4],98,181,200,83,172
1,<environment.Job instance at 0x7ff51f492230>,98,12,[7 5],99,194,206,95,179
1,<environment.Job instance at 0x7ff51fcd1d70>,26,27,[13  4],27,206,233,179,204
1,<environment.Job instance at 0x7ff51f492f50>,100,18,[9 3],101,233,251,132,224
1,<environment.Job instance at 0x7ff51f492eb0>,99,20,[3 9],100,233,253,133,229
1,<environment.Job instance at 0x7ff51f492af0>,106,17,[4 8],107,253,270,146,241
1,<environment.Job instance at 0x7ff51f4b4a00>,107,14,[5 6],108,251,265,143,241
1,<environment.Job instance at 0x7ff51f4b46e0>,108,16,[8 4],109,265,281,156,252
1,<environment.Job instance at 0x7ff51f4b42d0>,111,21,[9 3],112,281,302,169,273
1,<environment.Job instance at 0x7ff51f497640>,114,13,[10  1],115,302,315,187,286
1,<environment.Job instance at 0x7ff51f4974b0>,115,21,[8 5],116,315,336,199,307
1,<environment.Job instance at 0x7ff51f497be0>,117,13,[7 1],118,315,328,197,307
1,<environment.Job instance at 0x7ff52015d820>,120,12,[3 8],121,328,340,207,311
1,<environment.Job instance at 0x7ff52015d1e0>,122,15,[5 6],123,336,351,213,322
1,<environment.Job instance at 0x7ff51fa66c30>,125,17,[5 8],126,340,357,214,328
1,<environment.Job instance at 0x7ff51fa66140>,127,12,[8 5],128,351,363,223,334
1,<environment.Job instance at 0x7ff51fa66dc0>,128,18,[3 6],129,357,375,228,346
1,<environment.Job instance at 0x7ff51fa66960>,130,21,[5 3],131,363,384,232,355
1,<environment.Job instance at 0x7ff51fa66320>,135,17,[8 3],136,375,392,239,363
1,<environment.Job instance at 0x7ff5200683c0>,137,12,[7 2],138,363,375,225,363
1,<environment.Job instance at 0x7ff51ed13550>,139,16,[3 5],140,384,400,244,371
1,<environment.Job instance at 0x7ff51f53f870>,145,15,[1 8],146,392,407,246,378
1,<environment.Job instance at 0x7ff5221cc6e0>,151,13,[5 8],152,407,420,255,391
1,<environment.Job instance at 0x7ff51f063a00>,152,16,[5 2],153,392,408,239,391
1,<environment.Job instance at 0x7ff51eee5e60>,153,20,[5 4],154,400,420,246,391
1,<environment.Job instance at 0x7ff51e8c9500>,155,12,[7 5],156,420,432,264,403
1,<environment.Job instance at 0x7ff51eaff0a0>,156,14,[7 5],157,420,434,263,405
1,<environment.Job instance at 0x7ff51eeecfa0>,163,17,[1 7],164,432,449,268,420
1,<environment.Job instance at 0x7ff5201723c0>,167,14,[8 1],168,434,448,266,420
1,<environment.Job instance at 0x7ff51fd19910>,171,19,[9 1],172,448,467,276,438
1,<environment.Job instance at 0x7ff51f877320>,172,12,[7 3],173,467,479,294,450
1,<environment.Job instance at 0x7ff51f8777d0>,173,17,[1 8],174,450,467,276,450
1,<environment.Job instance at 0x7ff51f77eaf0>,177,17,[5 9],178,467,484,289,455
1,<environment.Job instance at 0x7ff51f7ef690>,178,18,[1 8],179,484,502,305,473
1,<environment.Job instance at 0x7ff51fc755f0>,179,20,[9 1],180,479,499,299,473
1,<environment.Job instance at 0x7ff5287af730>,182,14,[8 4],183,499,513,316,484
1,<environment.Job instance at 0x7ff51f983dc0>,183,19,[ 2 10],184,502,521,318,492
1,<environment.Job instance at 0x7ff51f886640>,186,14,[9 3],187,513,527,326,498
1,<environment.Job instance at 0x7ff51f492a00>,101,17,[9 4],102,527,544,425,516
1,<environment.Job instance at 0x7ff51f52d4b0>,1,23,[ 1 13],2,545,568,543,545
1,<environment.Job instance at 0x7ff51f886820>,1,13,[4 5],2,2,15,0,2
1,<environment.Job instance at 0x7ff51ff79320>,3,14,[8 4],4,4,18,0,4
1,<environment.Job instance at 0x7ff51ff79b40>,7,20,[5 4],8,15,35,7,8
1,<environment.Job instance at 0x7ff51ff795f0>,9,16,[9 4],10,18,34,8,10
1,<environment.Job instance at 0x7ff51fb21be0>,13,13,[ 2 10],14,34,47,20,18
1,<environment.Job instance at 0x7ff51fb21af0>,16,13,[6 5],17,35,48,18,19
1,<environment.Job instance at 0x7ff51fb21410>,22,21,[7 4],23,47,68,24,39
1,<environment.Job instance at 0x7ff51fb21230>,23,20,[3 9],24,48,68,24,39
1,<environment.Job instance at 0x7ff51fb215f0>,26,16,[9 5],27,68,84,41,55
1,<environment.Job instance at 0x7ff5200c81e0>,33,20,[7 3],34,84,104,50,75
1,<environment.Job instance at 0x7ff5200c8140>,38,19,[6 4],39,75,94,36,75
1,<environment.Job instance at 0x7ff5200c8780>,39,13,[6 4],40,94,107,54,78
1,<environment.Job instance at 0x7ff5200c8d20>,41,19,[5 5],42,104,123,62,94
1,<environment.Job instance at 0x7ff51fb4d1e0>,49,18,[7 3],50,107,125,57,96
1,<environment.Job instance at 0x7ff51fb4d960>,51,18,[1 5],52,96,114,44,96
1,<environment.Job instance at 0x7ff51fb4daa0>,55,15,[5 5],56,123,138,67,109
1,<environment.Job instance at 0x7ff51fb4df50>,65,16,[2 6],66,114,130,48,109
1,<environment.Job instance at 0x7ff51f50b1e0>,67,17,[5 5],68,130,147,62,118
1,<environment.Job instance at 0x7ff51f50bfa0>,69,12,[6 2],70,138,150,68,121
1,<environment.Job instance at 0x7ff51f50b870>,70,15,[1 8],71,138,153,67,124
1,<environment.Job instance at 0x7ff51f50bc80>,74,15,[10  4],75,150,165,75,136
1,<environment.Job instance at 0x7ff51f0d8690>,78,21,[2 8],79,153,174,74,145
1,<environment.Job instance at 0x7ff51f0d84b0>,83,15,[6 2],84,165,180,81,151
1,<environment.Job instance at 0x7ff51f0d8e10>,85,15,[1 5],86,165,180,79,151
1,<environment.Job instance at 0x7ff51f0d8c80>,88,21,[7 3],89,174,195,85,166
1,<environment.Job instance at 0x7ff51ff79b90>,11,17,[5 5],12,180,197,168,170
1,<environment.Job instance at 0x7ff51fbcc6e0>,99,17,[3 5],100,180,197,80,171
1,<environment.Job instance at 0x7ff51f0d3f00>,103,12,[8 4],104,197,209,93,180
1,<environment.Job instance at 0x7ff51fcc50f0>,117,18,[9 3],118,209,227,91,198
1,<environment.Job instance at 0x7ff51f0d85a0>,94,13,[5 5],95,198,211,103,198
1,<environment.Job instance at 0x7ff51fcc55a0>,119,14,[6 2],120,211,225,91,198
1,<environment.Job instance at 0x7ff51fcc5320>,118,16,[3 8],119,225,241,106,212
1,<environment.Job instance at 0x7ff51fcc5c80>,122,14,[4 7],123,227,241,104,212
1,<environment.Job instance at 0x7ff51fcc5cd0>,127,14,[5 6],128,241,255,113,226
1,<environment.Job instance at 0x7ff51ff3d780>,145,18,[9 3],146,241,259,95,230
1,<environment.Job instance at 0x7ff51fadb780>,146,14,[5 5],147,255,269,108,240
1,<environment.Job instance at 0x7ff5287adaf0>,149,20,[5 7],150,259,279,109,255
1,<environment.Job instance at 0x7ff51f418dc0>,152,18,[7 1],153,269,287,116,258
1,<environment.Job instance at 0x7ff51fcc5820>,120,27,[10  3],121,287,314,166,285
1,<environment.Job instance at 0x7ff51fe5beb0>,161,12,[2 8],162,285,297,123,285
1,<environment.Job instance at 0x7ff51f4a9140>,162,14,[ 5 12],163,297,311,134,286
1,<environment.Job instance at 0x7ff51fbfdb90>,160,21,[5 9],161,311,332,150,303
1,<environment.Job instance at 0x7ff5221bf4b0>,166,15,[5 5],167,314,329,147,303
1,<environment.Job instance at 0x7ff5200effa0>,170,20,[8 4],171,329,349,158,320
1,<environment.Job instance at 0x7ff51f1eb0f0>,172,21,[10  4],173,349,370,176,341
1,<environment.Job instance at 0x7ff51edbf0f0>,175,15,[5 6],176,341,356,165,341
1,<environment.Job instance at 0x7ff51e8210a0>,183,19,[1 5],184,356,375,172,346
1,<environment.Job instance at 0x7ff51e8214b0>,184,14,[2 5],185,356,370,171,346
1,<environment.Job instance at 0x7ff51e821960>,187,18,[5 1],188,370,388,182,359
1,<environment.Job instance at 0x7ff51e821500>,188,15,[2 8],189,370,385,181,359
1,<environment.Job instance at 0x7ff51f7da9b0>,0,19,[ 5 14],1,787,806,786,787
1,<environment.Job instance at 0x7ff51f829140>,163,14,[3 7],164,856,870,692,856
1,<environment.Job instance at 0x7ff51f30e730>,0,28,[5 4],1,1,29,0,1
1,<environment.Job instance at 0x7ff51f30e230>,1,19,[5 4],2,2,21,0,2
1,<environment.Job instance at 0x7ff51efaac80>,12,16,[1 7],13,13,29,0,13
1,<environment.Job instance at 0x7ff51efaaf50>,16,20,[1 7],17,29,49,12,20
1,<environment.Job instance at 0x7ff51ef9f0a0>,19,15,[9 2],20,21,36,1,20
1,<environment.Job instance at 0x7ff51ef9f3c0>,21,17,[7 5],22,36,53,14,24
1,<environment.Job instance at 0x7ff51ef9f410>,24,19,[5 3],25,29,48,4,25
1,<environment.Job instance at 0x7ff51ef9f870>,28,14,[5 5],29,49,63,20,34
1,<environment.Job instance at 0x7ff51ef9f9b0>,29,14,[10  5],30,53,67,23,38
1,<environment.Job instance at 0x7ff51ef9fa50>,30,21,[6 3],31,67,88,36,59
1,<environment.Job instance at 0x7ff51ef9faf0>,31,20,[6 5],32,67,87,35,59
1,<environment.Job instance at 0x7ff51ef9fdc0>,35,19,[5 4],36,87,106,51,77
1,<environment.Job instance at 0x7ff51efa3b40>,56,17,[5 8],57,88,105,31,81
1,<environment.Job instance at 0x7ff51efb7370>,80,19,[7 4],81,105,124,24,95
1,<environment.Job instance at 0x7ff51efb7320>,82,12,[7 3],83,106,118,23,95
1,<environment.Job instance at 0x7ff51efb7410>,84,14,[5 5],85,118,132,33,103
1,<environment.Job instance at 0x7ff51ecc1eb0>,92,13,[2 8],93,124,137,31,108
1,<environment.Job instance at 0x7ff51ec8d4b0>,108,16,[5 9],109,137,153,28,124
1,<environment.Job instance at 0x7ff5201313c0>,122,20,[6 5],123,132,152,9,124
1,<environment.Job instance at 0x7ff520131730>,132,13,[7 2],133,152,165,19,136
1,<environment.Job instance at 0x7ff520107c80>,138,17,[9 5],139,165,182,26,153
1,<environment.Job instance at 0x7ff5201078c0>,139,21,[5 8],140,153,174,13,153
1,<environment.Job instance at 0x7ff52013d690>,153,16,[5 7],154,174,190,20,161
1,<environment.Job instance at 0x7ff52013da00>,157,18,[10  4],158,182,200,24,171
1,<environment.Job instance at 0x7ff52013df50>,161,20,[5 3],162,190,210,28,181
1,<environment.Job instance at 0x7ff52013d5a0>,163,13,[6 5],164,200,213,36,184
1,<environment.Job instance at 0x7ff52013d410>,164,16,[10  2],165,213,229,48,200
1,<environment.Job instance at 0x7ff52013d0f0>,170,19,[4 9],171,210,229,39,207
1,<environment.Job instance at 0x7ff52013d640>,172,20,[7 4],173,229,249,56,220
1,<environment.Job instance at 0x7ff51f582a00>,3,16,[2 5],4,4,20,0,4
1,<environment.Job instance at 0x7ff51f5820f0>,4,17,[9 4],5,5,22,0,5
1,<environment.Job instance at 0x7ff51f582140>,6,16,[2 6],7,7,23,0,7
1,<environment.Job instance at 0x7ff51f582c80>,7,17,[1 7],8,22,39,14,10
1,<environment.Job instance at 0x7ff51f582410>,10,12,[5 5],11,23,35,12,11
1,<environment.Job instance at 0x7ff51f5829b0>,14,12,[4 7],15,35,47,20,18
1,<environment.Job instance at 0x7ff51f582820>,13,21,[13  2],14,47,68,33,39
1,<environment.Job instance at 0x7ff51f5822d0>,11,15,[1 8],12,46,61,34,46
1,<environment.Job instance at 0x7ff51f582690>,12,20,[4 7],13,68,88,55,59
1,<environment.Job instance at 0x7ff51f568b40>,21,20,[1 6],22,61,81,39,59
1,<environment.Job instance at 0x7ff51f5680f0>,22,18,[3 8],23,81,99,58,70
1,<environment.Job instance at 0x7ff51f568be0>,29,15,[4 7],30,88,103,58,74
1,<environment.Job instance at 0x7ff51f5685a0>,39,17,[7 1],40,99,116,59,87
1,<environment.Job instance at 0x7ff5200a8550>,41,13,[1 7],42,99,112,57,89
1,<environment.Job instance at 0x7ff5200a8b90>,47,12,[7 3],48,103,115,55,89
1,<environment.Job instance at 0x7ff5200a89b0>,48,13,[10  5],49,116,129,67,100
1,<environment.Job instance at 0x7ff5200a8d70>,51,17,[8 5],52,129,146,77,117
1,<environment.Job instance at 0x7ff5200a8960>,52,12,[2 5],53,117,129,64,117
1,<environment.Job instance at 0x7ff5200a8a00>,53,12,[5 5],54,129,141,75,117
1,<environment.Job instance at 0x7ff5200a8230>,54,13,[1 9],55,141,154,86,125
1,<environment.Job instance at 0x7ff5200a8aa0>,55,20,[9 3],56,146,166,90,137
1,<environment.Job instance at 0x7ff5200a8780>,57,12,[3 7],58,154,166,96,137
1,<environment.Job instance at 0x7ff51ea0b5a0>,63,12,[1 5],64,154,166,90,137
1,<environment.Job instance at 0x7ff51ea0b820>,69,20,[8 2],70,166,186,96,157
1,<environment.Job instance at 0x7ff51ea0b3c0>,70,14,[4 9],71,166,180,95,157
1,<environment.Job instance at 0x7ff51ea0b280>,77,12,[5 4],78,180,192,102,163
1,<environment.Job instance at 0x7ff51ea1b1e0>,79,12,[2 5],80,180,192,100,163
1,<environment.Job instance at 0x7ff51ea1bd70>,81,16,[3 8],82,192,208,110,179
1,<environment.Job instance at 0x7ff51ea1b690>,82,16,[4 5],83,186,202,103,179
1,<environment.Job instance at 0x7ff51fddb370>,90,14,[2 5],91,202,216,111,187
1,<environment.Job instance at 0x7ff52878e500>,92,18,[ 4 10],93,208,226,115,197
1,<environment.Job instance at 0x7ff52878ef50>,93,13,[5 2],94,216,229,122,200
1,<environment.Job instance at 0x7ff52878ee60>,99,16,[5 7],100,226,242,126,213
1,<environment.Job instance at 0x7ff52878e5a0>,100,14,[8 1],101,229,243,128,214
1,<environment.Job instance at 0x7ff52878e5f0>,104,15,[5 1],105,242,257,137,228
1,<environment.Job instance at 0x7ff52878e780>,106,16,[10  5],107,243,259,136,230
1,<environment.Job instance at 0x7ff52878e370>,109,15,[4 7],110,257,272,147,243
1,<environment.Job instance at 0x7ff5200886e0>,113,15,[5 5],114,259,274,145,245
1,<environment.Job instance at 0x7ff5200887d0>,115,19,[5 4],116,272,291,156,262
1,<environment.Job instance at 0x7ff520088d70>,116,12,[9 4],117,274,286,157,262
1,<environment.Job instance at 0x7ff520088c80>,117,12,[4 7],118,286,298,168,269
1,<environment.Job instance at 0x7ff520088410>,119,18,[4 8],120,291,309,171,280
1,<environment.Job instance at 0x7ff5289b7140>,138,20,[8 5],139,298,318,159,289
1,<environment.Job instance at 0x7ff51ea0d460>,139,20,[7 1],140,309,329,169,300
1,<environment.Job instance at 0x7ff51f70d780>,142,15,[4 8],143,318,333,175,304
1,<environment.Job instance at 0x7ff51f1f8190>,143,17,[5 6],144,329,346,185,317
1,<environment.Job instance at 0x7ff51fb6edc0>,150,18,[5 3],151,333,351,182,322
1,<environment.Job instance at 0x7ff51e822460>,151,17,[7 5],152,346,363,194,334
1,<environment.Job instance at 0x7ff51f983e10>,152,14,[9 2],153,363,377,210,348
1,<environment.Job instance at 0x7ff51f9836e0>,153,20,[4 7],154,351,371,197,348
1,<environment.Job instance at 0x7ff51ff2f960>,154,13,[7 2],155,377,390,222,361
1,<environment.Job instance at 0x7ff520192d20>,155,21,[5 1],156,371,392,215,363
1,<environment.Job instance at 0x7ff520192c30>,157,12,[6 4],158,390,402,232,373
1,<environment.Job instance at 0x7ff51fc0ac30>,163,16,[6 1],164,392,408,228,379
1,<environment.Job instance at 0x7ff51fb11af0>,169,14,[3 7],170,379,393,209,379
1,<environment.Job instance at 0x7ff51fb11fa0>,171,12,[4 7],172,402,414,230,385
1,<environment.Job instance at 0x7ff51fb114b0>,174,15,[4 8],175,408,423,233,394
1,<environment.Job instance at 0x7ff51fb113c0>,177,18,[5 6],178,414,432,236,403
1,<environment.Job instance at 0x7ff51fb115f0>,178,13,[8 2],179,423,436,244,407
1,<environment.Job instance at 0x7ff51e7c90a0>,180,14,[4 7],181,432,446,251,417
1,<environment.Job instance at 0x7ff51f1d9b90>,182,12,[6 5],183,436,448,253,419
1,<environment.Job instance at 0x7ff51f1d9d20>,186,17,[4 6],187,446,463,259,434
1,<environment.Job instance at 0x7ff51f1d92d0>,188,13,[5 1],189,436,449,247,434
1,<environment.Job instance at 0x7ff51f582f00>,17,28,[7 3],18,449,477,431,448
1,<environment.Job instance at 0x7ff51f5820a0>,16,18,[ 5 13],17,477,495,460,466
1,<environment.Job instance at 0x7ff51f582d20>,0,21,[13  1],1,495,516,494,487
1,<environment.Job instance at 0x7ff51f499eb0>,0,19,[ 5 10],1,1,20,0,1
1,<environment.Job instance at 0x7ff51fc65d20>,4,14,[5 4],5,5,19,0,5
1,<environment.Job instance at 0x7ff51fc65dc0>,5,16,[5 9],6,20,36,14,7
1,<environment.Job instance at 0x7ff51fc650f0>,7,12,[6 3],8,19,31,11,8
1,<environment.Job instance at 0x7ff51fc657d0>,10,13,[6 1],11,31,44,20,15
1,<environment.Job instance at 0x7ff51fc65b90>,13,12,[7 4],14,36,48,22,19
1,<environment.Job instance at 0x7ff51fc65460>,11,15,[13  1],12,48,63,36,36
1,<environment.Job instance at 0x7ff51f5e0140>,16,12,[2 9],17,37,49,20,37
1,<environment.Job instance at 0x7ff51f499640>,1,16,[ 3 10],2,63,79,61,51
1,<environment.Job instance at 0x7ff51f5e0460>,18,12,[ 5 13],19,79,91,60,68
1,<environment.Job instance at 0x7ff51f5e0dc0>,19,18,[1 7],20,91,109,71,80
1,<environment.Job instance at 0x7ff51f5e0aa0>,22,20,[1 8],23,91,111,68,82
1,<environment.Job instance at 0x7ff51f5e0230>,26,21,[2 5],27,109,130,82,101
1,<environment.Job instance at 0x7ff52016c050>,28,20,[5 4],29,111,131,82,102
1,<environment.Job instance at 0x7ff52016c410>,29,20,[5 8],30,130,150,100,122
1,<environment.Job instance at 0x7ff52016c820>,30,22,[7 5],31,131,153,100,125
1,<environment.Job instance at 0x7ff51f5148c0>,45,12,[3 8],46,150,162,104,133
1,<environment.Job instance at 0x7ff51f5e0eb0>,17,27,[9 5],18,153,180,135,151
1,<environment.Job instance at 0x7ff51fb38910>,48,26,[5 4],49,162,188,113,159
1,<environment.Job instance at 0x7ff51fb383c0>,47,21,[5 8],48,180,201,132,172
1,<environment.Job instance at 0x7ff51fb385a0>,51,12,[3 7],52,188,200,136,172
1,<environment.Job instance at 0x7ff51f3c71e0>,54,20,[8 2],55,200,220,145,191
1,<environment.Job instance at 0x7ff51f3c7b40>,57,17,[2 9],58,201,218,143,191
1,<environment.Job instance at 0x7ff51f3c7af0>,59,15,[9 5],60,220,235,160,206
1,<environment.Job instance at 0x7ff51f3c79b0>,61,17,[4 8],62,218,235,156,206
1,<environment.Job instance at 0x7ff51f3c7eb0>,65,22,[2 6],66,235,257,169,228
1,<environment.Job instance at 0x7ff51fb9f730>,69,20,[6 4],70,235,255,165,228
1,<environment.Job instance at 0x7ff51fb9fd70>,74,16,[6 5],75,235,251,160,228
1,<environment.Job instance at 0x7ff51fb9f5f0>,76,21,[5 8],77,255,276,178,247
1,<environment.Job instance at 0x7ff51fb9fc80>,77,19,[3 7],78,257,276,179,247
1,<environment.Job instance at 0x7ff51ec185a0>,85,16,[7 4],86,276,292,190,263
1,<environment.Job instance at 0x7ff51ec185f0>,88,14,[10  4],89,292,306,203,277
1,<environment.Job instance at 0x7ff51ec18690>,91,18,[2 9],92,277,295,185,277
1,<environment.Job instance at 0x7ff52872f230>,101,14,[6 5],102,306,320,204,291
1,<environment.Job instance at 0x7ff52872f870>,102,21,[6 3],103,306,327,203,298
1,<environment.Job instance at 0x7ff52872f0f0>,103,17,[10  2],104,327,344,223,315
1,<environment.Job instance at 0x7ff52872f820>,104,18,[6 5],105,344,362,239,333
1,<environment.Job instance at 0x7ff51feccaa0>,105,16,[6 1],106,344,360,238,333
1,<environment.Job instance at 0x7ff51fecc0a0>,106,14,[10  5],107,362,376,255,347
1,<environment.Job instance at 0x7ff51f5e0640>,20,21,[1 9],21,347,368,326,347
1,<environment.Job instance at 0x7ff51fecc8c0>,108,13,[1 6],109,368,381,259,352
1,<environment.Job instance at 0x7ff51fecc640>,111,20,[ 4 10],112,381,401,269,372
1,<environment.Job instance at 0x7ff51fecc960>,116,16,[ 3 10],117,401,417,284,388
1,<environment.Job instance at 0x7ff51fecc460>,117,18,[7 2],118,388,406,270,388
1,<environment.Job instance at 0x7ff51fecc9b0>,118,13,[1 8],119,417,430,298,401
1,<environment.Job instance at 0x7ff51fecc5f0>,121,16,[10  1],122,406,422,284,401
1,<environment.Job instance at 0x7ff51fe5bb90>,122,17,[4 8],123,430,447,307,418
1,<environment.Job instance at 0x7ff51fe5beb0>,124,15,[3 5],125,418,433,293,418
1,<environment.Job instance at 0x7ff51fe5b0f0>,125,14,[9 1],126,433,447,307,418
1,<environment.Job instance at 0x7ff51fe5b640>,126,14,[4 7],127,447,461,320,432
1,<environment.Job instance at 0x7ff51f284550>,131,22,[6 3],132,447,469,315,440
1,<environment.Job instance at 0x7ff51f0e13c0>,133,18,[4 5],134,447,465,313,440
1,<environment.Job instance at 0x7ff51f2749b0>,137,15,[10  5],138,469,484,331,455
1,<environment.Job instance at 0x7ff51fb380a0>,49,19,[2 5],50,461,480,411,456
1,<environment.Job instance at 0x7ff51ec96be0>,141,21,[8 3],142,484,505,342,476
1,<environment.Job instance at 0x7ff51f0638c0>,149,17,[ 3 10],150,492,509,342,492
1,<environment.Job instance at 0x7ff51f03cb90>,150,12,[3 6],151,509,521,358,492
1,<environment.Job instance at 0x7ff51f945550>,152,17,[4 5],153,505,522,352,493
1,<environment.Job instance at 0x7ff51fb1bd20>,153,13,[3 7],154,521,534,367,505
1,<environment.Job instance at 0x7ff51fd0d4b0>,156,21,[2 5],157,522,543,365,514
1,<environment.Job instance at 0x7ff51e845b90>,161,16,[5 5],162,534,550,372,521
1,<environment.Job instance at 0x7ff51f70dc30>,162,18,[7 5],163,534,552,371,523
1,<environment.Job instance at 0x7ff51f312af0>,166,12,[5 4],167,550,562,383,533
1,<environment.Job instance at 0x7ff51f6c18c0>,167,13,[1 8],168,552,565,384,536
1,<environment.Job instance at 0x7ff51f274d70>,139,16,[12  2],140,562,578,422,550
1,<environment.Job instance at 0x7ff528ae7140>,168,18,[ 4 10],169,578,596,409,567
1,<environment.Job instance at 0x7ff51eaa1cd0>,170,14,[1 7],173,596,610,423,581
1,<environment.Job instance at 0x7ff51eaa1280>,172,13,[ 4 10],175,610,623,435,594
1,<environment.Job instance at 0x7ff51e8baa50>,173,14,[10  3],176,594,608,418,594
1,<environment.Job instance at 0x7ff51eac7c80>,174,19,[7 1],177,608,627,431,598
1,<environment.Job instance at 0x7ff51feccfa0>,109,27,[1 6],110,636,663,526,636
1,<environment.Job instance at 0x7ff51f312cd0>,169,17,[ 3 10],170,873,890,703,873
1,<environment.Job instance at 0x7ff51eaa10a0>,2,15,[1 8],3,3,18,0,3
1,<environment.Job instance at 0x7ff51ecc91e0>,5,13,[8 3],6,6,19,0,6
1,<environment.Job instance at 0x7ff51f3428c0>,9,17,[ 2 10],10,18,35,8,10
1,<environment.Job instance at 0x7ff51f312cd0>,12,12,[5 7],13,35,47,22,18
1,<environment.Job instance at 0x7ff51f3425f0>,13,28,[8 3],14,21,49,7,21
1,<environment.Job instance at 0x7ff51ecfa140>,22,18,[8 3],23,49,67,26,38
1,<environment.Job instance at 0x7ff51ecfa2d0>,23,12,[ 3 12],24,47,59,23,38
1,<environment.Job instance at 0x7ff51ecfa370>,24,14,[ 1 12],25,59,73,34,44
1,<environment.Job instance at 0x7ff51ecfa410>,25,17,[6 1],26,67,84,41,55
1,<environment.Job instance at 0x7ff51f3fa5a0>,0,17,[8 1],1,67,84,66,58
1,<environment.Job instance at 0x7ff51ecfa4b0>,26,28,[3 6],27,84,112,57,83
1,<environment.Job instance at 0x7ff51ecfa280>,28,26,[11  4],29,84,110,55,83
1,<environment.Job instance at 0x7ff51ecfa690>,29,16,[7 3],30,110,126,80,97
1,<environment.Job instance at 0x7ff51ecfa730>,30,23,[7 1],31,112,135,81,106
1,<environment.Job instance at 0x7ff51ecfa7d0>,31,13,[12  4],32,135,148,103,119
1,<environment.Job instance at 0x7ff51ecfa870>,32,28,[6 2],33,148,176,115,147
1,<environment.Job instance at 0x7ff51ecfa910>,33,21,[5 2],34,148,169,114,147
1,<environment.Job instance at 0x7ff51ecfa9b0>,34,23,[8 2],35,169,192,134,163
1,<environment.Job instance at 0x7ff51ecfaa50>,35,19,[4 8],36,176,195,140,166
1,<environment.Job instance at 0x7ff51ecfaaf0>,36,12,[14  3],37,195,207,158,178
1,<environment.Job instance at 0x7ff51ecfab90>,37,18,[11  4],38,207,225,169,196
1,<environment.Job instance at 0x7ff51ecfa640>,38,16,[11  3],39,225,241,186,212
1,<environment.Job instance at 0x7ff51ecfad70>,39,14,[3 7],40,212,226,172,212
1,<environment.Job instance at 0x7ff51ecfae10>,40,15,[ 2 14],41,241,256,200,227
1,<environment.Job instance at 0x7ff51ed04230>,44,16,[5 7],45,256,272,211,243
1,<environment.Job instance at 0x7ff51ecfaeb0>,41,25,[4 8],42,256,281,214,252
1,<environment.Job instance at 0x7ff51ed04370>,48,24,[ 4 14],49,281,305,232,276
1,<environment.Job instance at 0x7ff51ed04550>,51,14,[5 5],52,305,319,253,290
1,<environment.Job instance at 0x7ff51ed045f0>,52,12,[1 8],53,306,318,253,306
1,<environment.Job instance at 0x7ff51ed04730>,54,12,[7 2],55,306,318,251,306
1,<environment.Job instance at 0x7ff51ed04410>,49,25,[12  2],50,319,344,269,315
1,<environment.Job instance at 0x7ff51ed04be0>,61,21,[ 2 11],62,319,340,257,319
1,<environment.Job instance at 0x7ff51ed04c80>,62,22,[10  3],63,344,366,281,337
1,<environment.Job instance at 0x7ff51f3429b0>,11,19,[5 8],12,344,363,332,337
1,<environment.Job instance at 0x7ff51ecfa550>,27,17,[ 4 10],28,363,380,335,351
1,<environment.Job instance at 0x7ff51ed04a00>,60,20,[7 1],61,366,386,305,357
1,<environment.Job instance at 0x7ff51ed04fa0>,67,13,[2 8],68,380,393,312,366
1,<environment.Job instance at 0x7ff51eccb0a0>,69,12,[7 5],70,386,398,316,369
1,<environment.Job instance at 0x7ff51eccb3c0>,73,17,[10  5],74,398,415,324,386
1,<environment.Job instance at 0x7ff51ed04dc0>,64,26,[5 5],65,393,419,328,390
1,<environment.Job instance at 0x7ff51eccb960>,82,14,[5 5],83,415,429,332,400
1,<environment.Job instance at 0x7ff51eccbc80>,85,17,[7 4],86,419,436,333,407
1,<environment.Job instance at 0x7ff51eccbfa0>,90,13,[6 4],91,429,442,338,413
1,<environment.Job instance at 0x7ff51ed06690>,97,14,[2 7],98,429,443,331,414
1,<environment.Job instance at 0x7ff51fff1140>,100,19,[3 5],101,442,461,341,432
1,<environment.Job instance at 0x7ff51f40a730>,102,17,[4 5],103,443,460,340,432
1,<environment.Job instance at 0x7ff51f336320>,106,14,[2 6],107,460,474,353,445
1,<environment.Job instance at 0x7ff51eccb640>,77,25,[ 1 13],78,474,499,396,470
1,<environment.Job instance at 0x7ff51f5ee690>,114,15,[5 2],115,470,485,355,470
1,<environment.Job instance at 0x7ff51f5eefa0>,115,12,[ 3 11],116,499,511,383,482
1,<environment.Job instance at 0x7ff51ecf7050>,116,13,[1 5],117,511,524,394,495
1,<environment.Job instance at 0x7ff51fd46be0>,113,22,[8 3],114,499,521,385,496
1,<environment.Job instance at 0x7ff51ecf79b0>,125,16,[9 1],126,521,537,395,508
1,<environment.Job instance at 0x7ff51f152370>,127,18,[10  2],128,537,555,409,526
1,<environment.Job instance at 0x7ff51f147a50>,129,14,[5 3],130,526,540,396,526
1,<environment.Job instance at 0x7ff51fd530a0>,134,13,[7 4],135,555,568,420,539
1,<environment.Job instance at 0x7ff51fd530f0>,135,22,[5 5],136,540,562,404,539
1,<environment.Job instance at 0x7ff51e94c4b0>,137,14,[1 9],138,562,576,424,548
1,<environment.Job instance at 0x7ff51ec3e7d0>,139,13,[5 1],140,574,587,434,574
1,<environment.Job instance at 0x7ff51ec3ebe0>,140,13,[6 4],141,574,587,433,574
1,<environment.Job instance at 0x7ff51fd49410>,143,19,[8 1],144,587,606,443,577
1,<environment.Job instance at 0x7ff51fd49d20>,145,13,[3 7],146,577,590,431,577
1,<environment.Job instance at 0x7ff51fd49460>,146,12,[3 6],147,587,599,440,577
1,<environment.Job instance at 0x7ff51ec2b780>,149,17,[10  1],150,606,623,456,594
1,<environment.Job instance at 0x7ff51ed04d20>,63,27,[5 9],64,599,626,535,597
1,<environment.Job instance at 0x7ff51ec2bb40>,150,20,[1 9],151,626,646,475,617
1,<environment.Job instance at 0x7ff51ec2b9b0>,152,22,[6 1],153,623,645,470,617
1,<environment.Job instance at 0x7ff51ec2b280>,153,21,[10  3],154,645,666,491,637
1,<environment.Job instance at 0x7ff51ec2ba00>,154,15,[1 5],155,646,661,491,637
1,<environment.Job instance at 0x7ff51f585730>,157,16,[7 2],179,666,682,487,653
1,<environment.Job instance at 0x7ff51ed04e60>,65,25,[9 4],66,682,707,616,680
1,<environment.Job instance at 0x7ff51ec2b820>,151,16,[9 3],152,909,925,757,909
1,<environment.Job instance at 0x7ff520043190>,1,23,[10  4],2,2,25,0,2
1,<environment.Job instance at 0x7ff51eaa1c30>,5,18,[5 4],6,6,24,0,6
1,<environment.Job instance at 0x7ff51eaa1690>,7,13,[1 5],8,24,37,16,8
1,<environment.Job instance at 0x7ff51eaa1cd0>,15,17,[5 5],16,25,42,9,20
1,<environment.Job instance at 0x7ff5201739b0>,16,13,[8 4],17,25,38,8,22
1,<environment.Job instance at 0x7ff52875c0a0>,17,16,[5 2],18,38,54,20,25
1,<environment.Job instance at 0x7ff51eaa10f0>,11,19,[5 7],12,38,57,26,28
1,<environment.Job instance at 0x7ff51eaa19b0>,8,15,[7 2],9,54,69,45,42
1,<environment.Job instance at 0x7ff51eaa1dc0>,10,14,[ 2 13],11,57,71,46,45
1,<environment.Job instance at 0x7ff5200f0d20>,21,12,[11  5],22,71,83,49,66
1,<environment.Job instance at 0x7ff51eaa1820>,19,18,[7 5],20,83,101,63,72
1,<environment.Job instance at 0x7ff5200f0f50>,24,13,[8 4],25,83,96,58,72
1,<environment.Job instance at 0x7ff5200f0eb0>,32,14,[8 5],33,96,110,63,81
1,<environment.Job instance at 0x7ff5200f0c30>,39,14,[3 5],40,101,115,61,86
1,<environment.Job instance at 0x7ff51ee216e0>,44,17,[4 8],45,110,127,65,102
1,<environment.Job instance at 0x7ff51f84d460>,47,16,[5 5],48,115,131,67,102
1,<environment.Job instance at 0x7ff51f84d190>,48,18,[1 5],49,127,145,78,118
1,<environment.Job instance at 0x7ff51e913be0>,51,14,[8 3],52,127,141,75,118
1,<environment.Job instance at 0x7ff5200f6780>,52,14,[4 7],53,137,151,84,137
1,<environment.Job instance at 0x7ff5200f6370>,55,14,[5 3],56,141,155,85,137
1,<environment.Job instance at 0x7ff5200f0a00>,23,25,[7 4],24,151,176,127,147
1,<environment.Job instance at 0x7ff5200f6320>,60,14,[3 9],61,155,169,94,148
1,<environment.Job instance at 0x7ff51fdbc370>,65,17,[10  1],66,176,193,110,164
1,<environment.Job instance at 0x7ff51fdbc8c0>,66,17,[8 1],67,193,210,126,181
1,<environment.Job instance at 0x7ff51ff75e10>,72,16,[7 3],73,193,209,120,181
1,<environment.Job instance at 0x7ff51ee14b90>,73,20,[5 3],74,209,229,135,200
1,<environment.Job instance at 0x7ff51ee14050>,75,17,[4 6],76,210,227,134,200
1,<environment.Job instance at 0x7ff51ef38af0>,80,21,[3 8],81,227,248,146,219
1,<environment.Job instance at 0x7ff51ef38780>,84,14,[5 2],85,219,233,134,219
1,<environment.Job instance at 0x7ff51f0b9230>,86,18,[8 1],87,233,251,146,222
1,<environment.Job instance at 0x7ff51ea75190>,89,12,[6 3],90,248,260,158,231
1,<environment.Job instance at 0x7ff51ea75e60>,90,21,[6 5],91,251,272,160,243
1,<environment.Job instance at 0x7ff51ea9dfa0>,91,15,[9 1],92,260,275,168,246
1,<environment.Job instance at 0x7ff51ea9d4b0>,92,19,[4 5],93,272,291,179,262
1,<environment.Job instance at 0x7ff51f6a5af0>,97,19,[10  2],98,275,294,177,265
1,<environment.Job instance at 0x7ff51f6a5870>,98,17,[6 4],99,294,311,195,282
1,<environment.Job instance at 0x7ff51ed004b0>,103,22,[3 5],104,291,313,187,284
1,<environment.Job instance at 0x7ff51ed00a00>,105,22,[6 2],106,294,316,188,287
1,<environment.Job instance at 0x7ff51f16af50>,109,16,[10  1],110,316,332,206,303
1,<environment.Job instance at 0x7ff51f7960f0>,111,21,[4 7],112,311,332,199,303
1,<environment.Job instance at 0x7ff51f797500>,119,18,[10  5],120,332,350,212,321
1,<environment.Job instance at 0x7ff51f797870>,120,18,[6 3],121,350,368,229,339
1,<environment.Job instance at 0x7ff51e80e280>,122,20,[9 2],123,350,370,227,341
1,<environment.Job instance at 0x7ff51ecc9f50>,126,18,[10  3],127,370,388,243,359
1,<environment.Job instance at 0x7ff51ed06c80>,127,20,[2 8],128,368,388,240,360
1,<environment.Job instance at 0x7ff51f154410>,132,14,[10  2],133,388,402,255,373
1,<environment.Job instance at 0x7ff51efd7a00>,133,15,[4 6],134,388,403,254,374
1,<environment.Job instance at 0x7ff51f54eeb0>,138,21,[5 5],139,402,423,263,394
1,<environment.Job instance at 0x7ff51e978190>,144,17,[9 3],145,403,420,258,394
1,<environment.Job instance at 0x7ff51f6966e0>,145,18,[2 5],146,420,438,274,409
1,<environment.Job instance at 0x7ff51f92b460>,154,13,[5 7],155,423,436,268,409
1,<environment.Job instance at 0x7ff52890e1e0>,159,20,[10  3],160,436,456,276,427
1,<environment.Job instance at 0x7ff522226d70>,160,21,[7 1],161,456,477,295,448
1,<environment.Job instance at 0x7ff51fcc38c0>,161,14,[2 7],162,448,462,286,448
1,<environment.Job instance at 0x7ff51fcc32d0>,162,15,[ 5 10],163,462,477,299,448
1,<environment.Job instance at 0x7ff51ecee190>,166,17,[7 2],167,477,494,310,465
1,<environment.Job instance at 0x7ff51ef373c0>,171,16,[10  4],172,494,510,322,481
1,<environment.Job instance at 0x7ff528d4caa0>,173,22,[7 3],174,510,532,336,504
1,<environment.Job instance at 0x7ff51fe4caf0>,175,14,[5 5],176,504,518,328,504
1,<environment.Job instance at 0x7ff51ff501e0>,182,18,[ 1 10],183,518,536,335,509
1,<environment.Job instance at 0x7ff51f774dc0>,183,12,[2 7],184,536,548,352,519
1,<environment.Job instance at 0x7ff51ecec820>,184,13,[2 7],185,536,549,351,520
1,<environment.Job instance at 0x7ff51ececa00>,186,16,[5 2],187,520,536,333,520
1,<environment.Job instance at 0x7ff5200f6dc0>,61,23,[12  4],62,548,571,486,543
1,<environment.Job instance at 0x7ff5200f06e0>,22,16,[ 5 13],23,571,587,548,567
1,<environment.Job instance at 0x7ff520043d20>,0,25,[11  1],1,587,612,586,583
1,<environment.Job instance at 0x7ff51fc74d70>,0,23,[4 8],1,5,28,4,5
1,<environment.Job instance at 0x7ff51fc740a0>,5,12,[5 4],6,6,18,0,6
1,<environment.Job instance at 0x7ff51fc742d0>,4,19,[2 5],5,18,37,13,8
1,<environment.Job instance at 0x7ff51f2aab40>,8,14,[7 2],9,18,32,9,9
1,<environment.Job instance at 0x7ff5221d9050>,16,19,[3 9],17,32,51,15,22
1,<environment.Job instance at 0x7ff51ef36c30>,19,13,[1 5],20,37,50,17,22
1,<environment.Job instance at 0x7ff51ff8a730>,20,18,[8 1],21,32,50,11,23
1,<environment.Job instance at 0x7ff51ffdae60>,22,17,[2 9],23,51,68,28,39
1,<environment.Job instance at 0x7ff528c641e0>,24,12,[9 3],25,50,62,25,40
1,<environment.Job instance at 0x7ff51ef29780>,26,16,[8 3],27,62,78,35,49
1,<environment.Job instance at 0x7ff51f2aaa00>,6,14,[ 1 11],7,68,82,61,53
1,<environment.Job instance at 0x7ff51f2aa5f0>,10,12,[14  4],11,78,90,67,71
1,<environment.Job instance at 0x7ff52014fdc0>,32,13,[ 2 14],33,90,103,57,74
1,<environment.Job instance at 0x7ff51ef36230>,17,14,[2 7],18,103,117,85,90
1,<environment.Job instance at 0x7ff51fe66730>,18,17,[12  2],19,103,120,84,91
1,<environment.Job instance at 0x7ff52014f910>,35,23,[6 2],36,120,143,84,114
1,<environment.Job instance at 0x7ff520016f50>,36,12,[5 1],37,120,132,83,114
1,<environment.Job instance at 0x7ff51efca550>,37,25,[14  5],38,143,168,105,139
1,<environment.Job instance at 0x7ff51f8ad500>,31,20,[5 5],32,168,188,136,162
1,<environment.Job instance at 0x7ff51f411050>,41,15,[2 5],42,168,183,126,165
1,<environment.Job instance at 0x7ff51f411960>,48,12,[6 5],49,168,180,119,165
1,<environment.Job instance at 0x7ff51f2250a0>,33,14,[8 4],34,180,194,146,168
1,<environment.Job instance at 0x7ff51f2251e0>,34,23,[11  5],35,194,217,159,188
1,<environment.Job instance at 0x7ff51ec865a0>,60,15,[4 8],61,188,203,127,188
1,<environment.Job instance at 0x7ff51ec86e60>,61,23,[13  2],62,217,240,155,211
1,<environment.Job instance at 0x7ff51f2ed410>,58,16,[1 8],59,222,238,163,222
1,<environment.Job instance at 0x7ff51fb4d690>,65,15,[2 9],66,238,253,172,225
1,<environment.Job instance at 0x7ff51fb4d370>,66,19,[2 5],67,240,259,173,230
1,<environment.Job instance at 0x7ff5201b03c0>,69,13,[5 6],70,253,266,183,237
1,<environment.Job instance at 0x7ff528725d70>,71,20,[6 3],72,253,273,181,244
1,<environment.Job instance at 0x7ff5201b0370>,72,12,[5 6],73,266,278,193,252
1,<environment.Job instance at 0x7ff51f2cf960>,75,14,[1 8],76,273,287,197,263
1,<environment.Job instance at 0x7ff51f553910>,76,14,[9 1],77,273,287,196,263
1,<environment.Job instance at 0x7ff51ec995a0>,79,20,[6 5],80,287,307,207,278
1,<environment.Job instance at 0x7ff51f579d70>,80,14,[6 2],81,287,301,206,279
1,<environment.Job instance at 0x7ff51ec86b90>,62,25,[9 5],63,301,326,238,297
1,<environment.Job instance at 0x7ff52870beb0>,83,27,[4 6],84,307,334,223,305
1,<environment.Job instance at 0x7ff51f2cf7d0>,82,15,[1 9],83,326,341,243,320
1,<environment.Job instance at 0x7ff520016fa0>,38,18,[10  5],39,334,352,295,324
1,<environment.Job instance at 0x7ff5287f8230>,86,21,[11  2],87,352,373,265,344
1,<environment.Job instance at 0x7ff51eb720a0>,87,12,[2 5],88,344,356,256,344
1,<environment.Job instance at 0x7ff51eb4fe10>,88,14,[10  3],89,373,387,284,358
1,<environment.Job instance at 0x7ff51eb4f410>,89,14,[10  2],90,387,401,297,372
1,<environment.Job instance at 0x7ff51eac1a50>,90,22,[11  2],91,401,423,310,394
1,<environment.Job instance at 0x7ff51eac18c0>,91,19,[1 8],92,394,413,302,394
1,<environment.Job instance at 0x7ff51eac11e0>,92,12,[14  3],93,423,435,330,406
1,<environment.Job instance at 0x7ff51e8d83c0>,93,17,[12  4],94,435,452,341,423
1,<environment.Job instance at 0x7ff51f2ed640>,59,15,[9 3],60,452,467,392,438
1,<environment.Job instance at 0x7ff51ed55370>,103,18,[ 2 12],104,452,470,348,442
1,<environment.Job instance at 0x7ff51ed55d70>,104,18,[ 5 12],105,470,488,365,459
1,<environment.Job instance at 0x7ff51fbfd820>,130,17,[5 8],131,488,505,357,476
1,<environment.Job instance at 0x7ff51fbfd280>,138,18,[7 3],139,476,494,337,476
1,<environment.Job instance at 0x7ff5200e7230>,139,16,[3 6],140,494,510,354,482
1,<environment.Job instance at 0x7ff5200e7280>,146,20,[5 1],147,494,514,347,492
1,<environment.Job instance at 0x7ff51f3cfa00>,148,13,[6 3],149,505,518,356,492
1,<environment.Job instance at 0x7ff520168820>,149,14,[5 6],150,514,528,364,499
1,<environment.Job instance at 0x7ff528766410>,150,14,[7 3],151,518,532,367,503
1,<environment.Job instance at 0x7ff51fde3460>,152,12,[1 5],153,513,525,360,513
1,<environment.Job instance at 0x7ff51ea27190>,153,17,[7 3],154,528,545,374,516
1,<environment.Job instance at 0x7ff51fbfd780>,131,25,[2 9],132,532,557,400,528
1,<environment.Job instance at 0x7ff51fde34b0>,155,24,[11  1],156,545,569,389,541
1,<environment.Job instance at 0x7ff51feecb40>,154,15,[1 7],155,557,572,402,543
1,<environment.Job instance at 0x7ff51eb61140>,158,17,[4 5],159,569,586,410,557
1,<environment.Job instance at 0x7ff51f07bd70>,164,15,[7 5],168,572,587,404,558
1,<environment.Job instance at 0x7ff51fcae500>,165,16,[5 3],169,586,602,417,573
1,<environment.Job instance at 0x7ff51f36f4b0>,168,18,[4 9],172,587,605,415,576
1,<environment.Job instance at 0x7ff51eb4e910>,172,13,[8 4],176,602,615,426,586
1,<environment.Job instance at 0x7ff51e91be10>,177,12,[6 2],181,605,617,424,596
1,<environment.Job instance at 0x7ff51e91bf50>,178,18,[ 4 10],182,615,633,433,604
1,<environment.Job instance at 0x7ff51e91bc30>,179,17,[7 5],183,617,634,434,605
1,<environment.Job instance at 0x7ff51ed61dc0>,180,15,[6 2],189,633,648,444,619
1,<environment.Job instance at 0x7ff51f618050>,1,14,[6 4],2,2,16,0,2
1,<environment.Job instance at 0x7ff51f618870>,5,17,[5 5],6,6,23,0,6
1,<environment.Job instance at 0x7ff51ed61dc0>,8,15,[11  1],9,23,38,14,9
1,<environment.Job instance at 0x7ff51eefc910>,14,26,[2 9],15,18,44,3,18
1,<environment.Job instance at 0x7ff51eefc7d0>,17,14,[5 4],18,38,52,20,24
1,<environment.Job instance at 0x7ff51eefc960>,9,14,[5 9],10,44,58,34,34
1,<environment.Job instance at 0x7ff51eefc6e0>,22,14,[ 2 14],23,58,72,35,43
1,<environment.Job instance at 0x7ff51eefce10>,21,17,[4 8],22,72,89,50,60
1,<environment.Job instance at 0x7ff51f7fc6e0>,26,15,[7 5],27,72,87,45,60
1,<environment.Job instance at 0x7ff52872af00>,46,16,[1 8],47,89,105,42,76
1,<environment.Job instance at 0x7ff52872a690>,52,14,[7 5],53,87,101,34,76
1,<environment.Job instance at 0x7ff528717050>,59,13,[7 2],60,89,102,29,76
1,<environment.Job instance at 0x7ff5287178c0>,60,17,[5 3],61,101,118,40,89
1,<environment.Job instance at 0x7ff528717870>,61,21,[3 5],62,105,126,43,98
1,<environment.Job instance at 0x7ff528717730>,62,13,[2 9],63,118,131,55,102
1,<environment.Job instance at 0x7ff51eefc5f0>,18,19,[12  4],19,126,145,107,118
1,<environment.Job instance at 0x7ff5287175f0>,65,15,[4 8],66,145,160,79,131
1,<environment.Job instance at 0x7ff528717320>,66,16,[3 6],67,131,147,64,131
1,<environment.Job instance at 0x7ff528717690>,69,18,[8 5],70,147,165,77,139
1,<environment.Job instance at 0x7ff51e922550>,76,15,[5 5],77,160,175,83,146
1,<environment.Job instance at 0x7ff51e922d20>,77,16,[3 5],78,165,181,87,152
1,<environment.Job instance at 0x7ff51e9225a0>,78,18,[8 4],79,175,193,96,166
1,<environment.Job instance at 0x7ff51e922140>,81,14,[6 5],82,181,195,99,167
1,<environment.Job instance at 0x7ff51e922370>,83,15,[7 4],84,193,208,109,179
1,<environment.Job instance at 0x7ff51fbcf320>,84,12,[3 5],85,195,207,110,179
1,<environment.Job instance at 0x7ff51fbcfeb0>,86,12,[5 8],87,207,219,120,190
1,<environment.Job instance at 0x7ff51fbcfc30>,91,15,[4 5],92,208,223,116,194
1,<environment.Job instance at 0x7ff51fbcf1e0>,100,16,[9 5],101,219,235,118,207
1,<environment.Job instance at 0x7ff51f329c80>,102,17,[8 3],103,235,252,132,223
1,<environment.Job instance at 0x7ff51f329870>,104,15,[3 9],105,223,238,118,223
1,<environment.Job instance at 0x7ff51e922e60>,70,18,[ 1 11],71,238,256,167,227
1,<environment.Job instance at 0x7ff51f3292d0>,106,18,[6 1],107,238,256,131,236
1,<environment.Job instance at 0x7ff51f329370>,107,14,[ 4 11],108,256,270,148,241
1,<environment.Job instance at 0x7ff51f329280>,114,12,[8 5],115,270,282,155,253
1,<environment.Job instance at 0x7ff51f329960>,115,12,[6 1],116,253,265,137,253
1,<environment.Job instance at 0x7ff51f3295f0>,113,18,[6 1],114,265,283,151,263
1,<environment.Job instance at 0x7ff51fd891e0>,124,17,[5 3],125,282,299,157,272
1,<environment.Job instance at 0x7ff51fd89050>,127,17,[2 5],128,282,299,154,279
1,<environment.Job instance at 0x7ff51f329460>,116,25,[4 7],117,283,308,166,281
1,<environment.Job instance at 0x7ff51fa1af00>,129,25,[6 2],130,299,324,169,295
1,<environment.Job instance at 0x7ff51fa1a320>,128,19,[5 7],129,308,327,179,307
1,<environment.Job instance at 0x7ff51ef1f7d0>,136,15,[4 5],137,308,323,171,308
1,<environment.Job instance at 0x7ff51ee6e4b0>,148,17,[9 4],149,324,341,175,312
1,<environment.Job instance at 0x7ff51f355b40>,156,14,[8 5],157,341,355,184,326
1,<environment.Job instance at 0x7ff51fa1ac80>,167,13,[1 7],168,339,352,171,339
1,<environment.Job instance at 0x7ff51fa1ab40>,168,18,[7 4],169,352,370,183,341
1,<environment.Job instance at 0x7ff51fa1a190>,169,15,[7 5],170,355,370,185,341
1,<environment.Job instance at 0x7ff51eefcb40>,11,24,[11  4],12,370,394,358,365
1,<environment.Job instance at 0x7ff51fd192d0>,177,19,[3 8],178,377,396,199,377
1,<environment.Job instance at 0x7ff51fd19cd0>,180,19,[8 1],181,394,413,213,384
1,<environment.Job instance at 0x7ff51fd19140>,181,17,[1 6],182,394,411,212,384
1,<environment.Job instance at 0x7ff51fd19eb0>,178,26,[5 8],179,401,427,222,401
1,<environment.Job instance at 0x7ff51f618320>,0,27,[7 2],1,413,440,412,412
1,<environment.Job instance at 0x7ff51f1b7be0>,0,13,[2 8],1,1,14,0,1
1,<environment.Job instance at 0x7ff51e8404b0>,3,23,[3 6],4,4,27,0,4
1,<environment.Job instance at 0x7ff51e8403c0>,4,14,[3 8],5,14,28,9,5
1,<environment.Job instance at 0x7ff51e8405a0>,9,15,[5 5],10,27,42,17,13
1,<environment.Job instance at 0x7ff51e840500>,7,13,[14  5],8,42,55,34,26
1,<environment.Job instance at 0x7ff51e840a50>,11,12,[4 5],12,28,40,16,26
1,<environment.Job instance at 0x7ff51e840af0>,12,13,[ 5 12],13,55,68,42,39
1,<environment.Job instance at 0x7ff51e840c80>,13,14,[9 5],14,68,82,54,53
1,<environment.Job instance at 0x7ff51e840c30>,14,14,[ 1 10],15,68,82,53,53
1,<environment.Job instance at 0x7ff51e840a00>,15,19,[12  3],16,82,101,66,72
1,<environment.Job instance at 0x7ff51e8409b0>,10,28,[5 9],11,101,129,90,100
1,<environment.Job instance at 0x7ff51e840640>,5,13,[6 5],6,101,114,95,100
1,<environment.Job instance at 0x7ff51e840e60>,18,24,[11  3],19,129,153,110,124
1,<environment.Job instance at 0x7ff51e840f00>,19,16,[ 2 11],20,129,145,109,124
1,<environment.Job instance at 0x7ff51e840fa0>,20,16,[ 2 10],21,145,161,124,132
1,<environment.Job instance at 0x7ff51e840aa0>,21,12,[5 4],22,153,165,131,136
1,<environment.Job instance at 0x7ff51e830140>,22,13,[1 5],23,161,174,138,145
1,<environment.Job instance at 0x7ff51e8301e0>,23,16,[3 8],24,165,181,141,152
1,<environment.Job instance at 0x7ff51e840dc0>,17,21,[11  1],18,165,186,147,159
1,<environment.Job instance at 0x7ff51e830320>,25,18,[ 4 11],26,181,199,155,170
1,<environment.Job instance at 0x7ff51e830280>,24,15,[7 3],25,186,201,161,175
1,<environment.Job instance at 0x7ff51e830500>,27,15,[6 1],28,199,214,171,185
1,<environment.Job instance at 0x7ff51e830460>,26,27,[5 6],27,201,228,174,199
1,<environment.Job instance at 0x7ff51e8300f0>,29,13,[3 5],30,201,214,171,199
1,<environment.Job instance at 0x7ff51e830410>,28,24,[8 1],29,214,238,185,209
1,<environment.Job instance at 0x7ff51e8306e0>,31,14,[ 4 11],32,228,242,196,213
1,<environment.Job instance at 0x7ff51e830780>,32,16,[4 6],33,242,258,209,235
1,<environment.Job instance at 0x7ff51e840d20>,16,28,[ 3 14],17,258,286,241,257
1,<environment.Job instance at 0x7ff51e830910>,34,14,[ 4 13],35,286,300,251,272
1,<environment.Job instance at 0x7ff51e8406e0>,8,15,[2 8],9,300,315,291,286
1,<environment.Job instance at 0x7ff51e830b40>,37,17,[5 4],38,300,317,262,288
1,<environment.Job instance at 0x7ff51e830d70>,39,14,[5 2],40,288,302,248,288
1,<environment.Job instance at 0x7ff51e81a1e0>,46,16,[1 7],47,315,331,268,305
1,<environment.Job instance at 0x7ff51e81a320>,48,12,[1 7],49,317,329,268,306
1,<environment.Job instance at 0x7ff51e81a7d0>,53,17,[10  3],54,329,346,275,317
1,<environment.Job instance at 0x7ff51e81a910>,56,18,[10  4],57,346,364,289,335
1,<environment.Job instance at 0x7ff51e830a00>,35,17,[ 5 13],36,364,381,328,352
1,<environment.Job instance at 0x7ff5289c7050>,58,13,[ 5 14],59,381,394,322,365
1,<environment.Job instance at 0x7ff51e807460>,63,14,[7 3],64,394,408,330,379
1,<environment.Job instance at 0x7ff51e81b0f0>,76,15,[6 1],77,387,402,310,387
1,<environment.Job instance at 0x7ff51e81b730>,77,13,[10  2],78,408,421,330,392
1,<environment.Job instance at 0x7ff51e81b5a0>,81,17,[2 5],82,394,411,312,392
1,<environment.Job instance at 0x7ff51f489050>,86,18,[9 5],87,421,439,334,410
1,<environment.Job instance at 0x7ff51eecd780>,90,17,[4 6],91,411,428,320,410
1,<environment.Job instance at 0x7ff51e807410>,64,16,[2 9],65,428,444,363,415
1,<environment.Job instance at 0x7ff51f00d960>,94,15,[ 2 11],95,444,459,349,430
1,<environment.Job instance at 0x7ff51f00d730>,95,12,[ 4 12],96,459,471,363,442
1,<environment.Job instance at 0x7ff51f00deb0>,96,23,[14  1],97,471,494,374,465
1,<environment.Job instance at 0x7ff51f00de60>,97,16,[8 4],98,494,510,396,481
1,<environment.Job instance at 0x7ff51f999b40>,98,20,[14  3],99,510,530,411,501
1,<environment.Job instance at 0x7ff51f013460>,99,17,[12  4],100,530,547,430,518
1,<environment.Job instance at 0x7ff51f0130a0>,100,13,[11  5],101,547,560,446,531
1,<environment.Job instance at 0x7ff51f013280>,101,14,[ 2 14],102,560,574,458,545
1,<environment.Job instance at 0x7ff51f0b2a00>,102,15,[9 1],103,560,575,457,546
1,<environment.Job instance at 0x7ff51f0b2190>,103,22,[10  2],104,575,597,471,569
1,<environment.Job instance at 0x7ff51f0b25a0>,104,18,[ 1 12],105,574,592,469,571
1,<environment.Job instance at 0x7ff51f024a50>,105,14,[4 7],106,592,606,486,577
1,<environment.Job instance at 0x7ff51f024af0>,106,16,[10  5],107,597,613,490,584
1,<environment.Job instance at 0x7ff51f4bdeb0>,93,21,[9 2],94,613,634,519,605
1,<environment.Job instance at 0x7ff51f024730>,108,12,[5 5],109,606,618,497,605
1,<environment.Job instance at 0x7ff51f0244b0>,112,15,[2 6],113,618,633,505,605
1,<environment.Job instance at 0x7ff51f024190>,115,12,[10  4],116,634,646,518,617
1,<environment.Job instance at 0x7ff51f024e10>,107,17,[3 9],108,633,650,525,624
1,<environment.Job instance at 0x7ff51f024640>,119,13,[8 5],120,646,659,526,630
1,<environment.Job instance at 0x7ff51f024eb0>,121,22,[3 6],122,650,672,528,643
1,<environment.Job instance at 0x7ff51f0241e0>,122,22,[2 7],123,659,681,536,653
1,<environment.Job instance at 0x7ff51f024960>,123,15,[10  3],124,672,687,548,658
1,<environment.Job instance at 0x7ff51f024820>,120,23,[1 8],121,681,704,560,675
1,<environment.Job instance at 0x7ff51f03fdc0>,128,19,[11  2],129,687,706,558,677
1,<environment.Job instance at 0x7ff51f019c80>,129,21,[6 5],130,706,727,576,698
1,<environment.Job instance at 0x7ff51f019050>,130,20,[1 6],131,704,724,573,698
1,<environment.Job instance at 0x7ff51f0192d0>,131,18,[8 3],132,706,724,574,698
1,<environment.Job instance at 0x7ff51f019fa0>,132,24,[8 3],133,724,748,591,719
1,<environment.Job instance at 0x7ff51f0191e0>,133,27,[14  3],134,748,775,614,746
1,<environment.Job instance at 0x7ff51f0193c0>,134,15,[7 4],135,775,790,640,761
1,<environment.Job instance at 0x7ff51f019280>,135,25,[5 7],136,775,800,639,771
1,<environment.Job instance at 0x7ff51f0b6dc0>,136,25,[ 1 14],137,800,825,663,796
1,<environment.Job instance at 0x7ff51f019320>,137,18,[12  5],138,825,843,687,814
1,<environment.Job instance at 0x7ff51f0b6f00>,138,16,[ 3 10],139,825,841,686,814
1,<environment.Job instance at 0x7ff51f0b6b90>,139,28,[1 7],140,841,869,701,840
1,<environment.Job instance at 0x7ff51f0a44b0>,140,12,[ 2 11],141,869,881,728,852
1,<environment.Job instance at 0x7ff51f0c6730>,141,22,[ 4 13],142,881,903,739,874
1,<environment.Job instance at 0x7ff51e82d7d0>,142,27,[6 4],143,903,930,760,901
1,<environment.Job instance at 0x7ff51e82dc30>,143,21,[ 1 11],146,903,924,757,901
1,<environment.Job instance at 0x7ff51f0073c0>,144,16,[13  2],153,930,946,777,917
1,<environment.Job instance at 0x7ff51f007730>,145,13,[13  3],160,946,959,786,930
1,<environment.Job instance at 0x7ff51f0079b0>,146,19,[11  4],171,959,978,788,949
1,<environment.Job instance at 0x7ff51f007dc0>,147,24,[10  2],176,978,1002,802,973
1,<environment.Job instance at 0x7ff51f007550>,148,14,[11  2],186,1002,1016,816,987
1,<environment.Job instance at 0x7ff51f0240f0>,127,22,[3 9],128,2210,2232,2082,2210
1,<environment.Job instance at 0x7ff51e830820>,33,19,[10  1],34,2210,2229,2176,2210
1,<environment.Job instance at 0x7ff51f1b7dc0>,1,27,[13  2],2,2232,2259,2230,2232
1,<environment.Job instance at 0x7ff51f040230>,0,12,[12  4],1,1,13,0,1
1,<environment.Job instance at 0x7ff51f040d20>,1,19,[3 7],2,2,21,0,2
1,<environment.Job instance at 0x7ff51f040050>,3,23,[5 3],4,13,36,9,7
1,<environment.Job instance at 0x7ff51f02c960>,7,25,[5 2],8,13,38,5,9
1,<environment.Job instance at 0x7ff51f02cc80>,5,23,[2 7],6,21,44,15,18
1,<environment.Job instance at 0x7ff51f02c870>,8,14,[7 5],9,36,50,27,23
1,<environment.Job instance at 0x7ff51f02cb90>,9,23,[10  2],10,50,73,40,44
1,<environment.Job instance at 0x7ff51f02c780>,14,15,[5 5],15,44,59,29,44
1,<environment.Job instance at 0x7ff51f02c050>,15,14,[ 1 10],16,59,73,43,44
1,<environment.Job instance at 0x7ff51f02c0a0>,16,15,[3 5],17,73,88,56,59
1,<environment.Job instance at 0x7ff51f00d4b0>,18,18,[3 5],19,73,91,54,62
1,<environment.Job instance at 0x7ff51f00dc80>,21,15,[2 9],22,88,103,66,74
1,<environment.Job instance at 0x7ff51f00dfa0>,23,27,[ 4 10],24,103,130,79,101
1,<environment.Job instance at 0x7ff51f02cb40>,2,18,[5 5],3,101,119,98,101
1,<environment.Job instance at 0x7ff51f00d410>,26,22,[10  5],27,119,141,92,113
1,<environment.Job instance at 0x7ff51e8076e0>,36,20,[2 9],37,130,150,93,121
1,<environment.Job instance at 0x7ff51e807dc0>,37,18,[1 6],38,141,159,103,130
1,<environment.Job instance at 0x7ff51e8079b0>,43,17,[5 4],44,150,167,106,138
1,<environment.Job instance at 0x7ff51f4c8640>,46,14,[5 1],47,150,164,103,138
1,<environment.Job instance at 0x7ff51f4c8230>,51,12,[2 7],52,159,171,107,142
1,<environment.Job instance at 0x7ff51f4c8280>,54,15,[3 8],55,167,182,112,153
1,<environment.Job instance at 0x7ff51e8e7fa0>,56,15,[8 2],57,171,186,114,157
1,<environment.Job instance at 0x7ff51e8e7aa0>,65,18,[6 5],66,182,200,116,171
1,<environment.Job instance at 0x7ff51e8e7d70>,66,15,[9 1],67,186,201,119,174
1,<environment.Job instance at 0x7ff51e8e75f0>,68,17,[5 4],69,200,217,131,188
1,<environment.Job instance at 0x7ff51e8e7500>,71,15,[ 5 10],72,201,216,129,188
1,<environment.Job instance at 0x7ff51f978460>,75,15,[5 6],76,216,231,140,202
1,<environment.Job instance at 0x7ff51f978f50>,78,19,[5 6],79,217,236,138,207
1,<environment.Job instance at 0x7ff51f978d70>,79,20,[4 6],80,231,251,151,222
1,<environment.Job instance at 0x7ff51f978dc0>,80,19,[5 3],81,222,241,141,222
1,<environment.Job instance at 0x7ff51f978c30>,81,17,[6 1],82,236,253,154,224
1,<environment.Job instance at 0x7ff51f978780>,83,14,[6 3],84,251,265,167,236
1,<environment.Job instance at 0x7ff51f978730>,85,19,[1 5],86,241,260,155,236
1,<environment.Job instance at 0x7ff51f978640>,87,19,[4 5],88,253,272,165,243
1,<environment.Job instance at 0x7ff51f978550>,88,16,[1 9],89,265,281,176,252
1,<environment.Job instance at 0x7ff51f9786e0>,89,16,[1 7],90,281,297,191,268
1,<environment.Job instance at 0x7ff51f97f960>,90,12,[6 5],91,272,284,181,268
1,<environment.Job instance at 0x7ff51f00d140>,24,18,[14  3],25,284,302,259,275
1,<environment.Job instance at 0x7ff51f97f910>,98,17,[1 6],99,297,314,198,285
1,<environment.Job instance at 0x7ff51f97f0f0>,97,22,[9 1],98,302,324,204,297
1,<environment.Job instance at 0x7ff51f99fcd0>,106,17,[ 4 10],107,314,331,207,302
1,<environment.Job instance at 0x7ff51f99f550>,114,20,[5 3],115,324,344,209,315
1,<environment.Job instance at 0x7ff51f99f230>,115,16,[4 7],116,331,347,215,318
1,<environment.Job instance at 0x7ff51f5017d0>,117,21,[7 2],118,344,365,226,336
1,<environment.Job instance at 0x7ff51f501960>,122,19,[4 9],123,347,366,224,338
1,<environment.Job instance at 0x7ff51f501820>,124,13,[4 7],125,366,379,241,350
1,<environment.Job instance at 0x7ff51f501870>,125,17,[6 3],126,365,382,239,353
1,<environment.Job instance at 0x7ff51f96df00>,126,14,[1 9],127,379,393,252,364
1,<environment.Job instance at 0x7ff51f96d870>,132,19,[5 3],133,365,384,232,364
1,<environment.Job instance at 0x7ff51f96dbe0>,134,14,[8 4],135,384,398,249,369
1,<environment.Job instance at 0x7ff51f96d500>,135,20,[9 1],136,398,418,262,389
1,<environment.Job instance at 0x7ff51f96daa0>,137,16,[4 9],138,393,409,255,391
1,<environment.Job instance at 0x7ff51e83f0a0>,142,17,[7 4],143,418,435,275,406
1,<environment.Job instance at 0x7ff51e82b780>,150,16,[10  1],151,435,451,284,422
1,<environment.Job instance at 0x7ff51eb08780>,155,15,[2 6],156,422,437,266,422
1,<environment.Job instance at 0x7ff51f50a320>,156,18,[4 7],157,437,455,280,427
1,<environment.Job instance at 0x7ff51fb5ce60>,159,19,[4 5],160,451,470,291,441
1,<environment.Job instance at 0x7ff5200928c0>,168,13,[10  1],169,455,468,286,442
1,<environment.Job instance at 0x7ff51f0a0be0>,177,15,[10  5],178,468,483,290,454
1,<environment.Job instance at 0x7ff51f3f4960>,179,12,[6 3],180,483,495,303,466
1,<environment.Job instance at 0x7ff51f08f780>,184,23,[5 3],185,470,493,285,466
1,<environment.Job instance at 0x7ff51f08f460>,186,15,[4 5],187,483,498,296,469
1,<environment.Job instance at 0x7ff51f08feb0>,187,18,[4 8],188,495,513,307,484
1,<environment.Job instance at 0x7ff51f00de10>,25,16,[ 4 14],26,513,529,487,500
1,<environment.Job instance at 0x7ff51f02c910>,6,24,[ 3 12],7,529,553,522,525
1,<environment.Job instance at 0x7ff51f77fd70>,0,25,[5 1],1,1,26,0,1
1,<environment.Job instance at 0x7ff51f77f780>,3,15,[2 8],4,4,19,0,4
1,<environment.Job instance at 0x7ff51f77f5a0>,5,14,[8 5],6,6,20,0,6
1,<environment.Job instance at 0x7ff51f77fdc0>,6,16,[3 8],7,20,36,13,7
1,<environment.Job instance at 0x7ff51f77f8c0>,9,13,[8 1],10,26,39,16,10
1,<environment.Job instance at 0x7ff51f77f3c0>,10,12,[8 1],11,39,51,28,22
1,<environment.Job instance at 0x7ff51f77fe10>,11,13,[7 2],12,36,49,24,30
1,<environment.Job instance at 0x7ff51f77ffa0>,13,15,[10  3],14,51,66,37,37
1,<environment.Job instance at 0x7ff51f77f0f0>,14,16,[5 3],15,49,65,34,38
1,<environment.Job instance at 0x7ff51f77ff00>,15,15,[4 9],16,65,80,49,51
1,<environment.Job instance at 0x7ff51f77fc30>,12,21,[9 2],13,71,92,58,71
1,<environment.Job instance at 0x7ff51f77f0a0>,8,20,[3 7],9,80,100,71,72
1,<environment.Job instance at 0x7ff51f77f870>,18,22,[9 4],19,92,114,73,85
1,<environment.Job instance at 0x7ff5200f5690>,22,19,[7 2],23,114,133,91,104
1,<environment.Job instance at 0x7ff51f77fcd0>,16,16,[7 3],17,114,130,97,104
1,<environment.Job instance at 0x7ff5200f51e0>,25,14,[3 9],26,130,144,104,115
1,<environment.Job instance at 0x7ff5200f56e0>,24,20,[ 4 10],25,144,164,119,135
1,<environment.Job instance at 0x7ff5200f5780>,27,15,[11  2],28,135,150,107,135
1,<environment.Job instance at 0x7ff5200f5e60>,34,14,[5 6],35,164,178,129,149
1,<environment.Job instance at 0x7ff5200f53c0>,35,23,[6 3],36,150,173,114,149
1,<environment.Job instance at 0x7ff5200f50a0>,39,20,[10  5],40,173,193,133,164
1,<environment.Job instance at 0x7ff51fcc3370>,41,20,[4 5],42,178,198,136,169
1,<environment.Job instance at 0x7ff51fcc38c0>,42,12,[6 3],43,193,205,150,176
1,<environment.Job instance at 0x7ff51fcc3500>,43,12,[2 9],44,198,210,154,181
1,<environment.Job instance at 0x7ff51fcc35f0>,44,18,[5 6],45,205,223,160,194
1,<environment.Job instance at 0x7ff51fcc3e60>,47,15,[10  2],48,210,225,162,196
1,<environment.Job instance at 0x7ff51fcc3050>,50,20,[4 9],51,223,243,172,214
1,<environment.Job instance at 0x7ff51fcc3cd0>,52,17,[4 8],53,243,260,190,231
1,<environment.Job instance at 0x7ff51fcc3af0>,53,27,[5 3],54,231,258,177,231
1,<environment.Job instance at 0x7ff51f37b5f0>,57,14,[1 9],58,260,274,202,245
1,<environment.Job instance at 0x7ff51f37b5a0>,62,13,[9 2],63,258,271,195,246
1,<environment.Job instance at 0x7ff51fc1fb90>,64,13,[8 1],65,271,284,206,255
1,<environment.Job instance at 0x7ff51fc1fc80>,66,20,[6 5],67,271,291,204,262
1,<environment.Job instance at 0x7ff51fc1f7d0>,67,14,[9 1],68,284,298,216,269
1,<environment.Job instance at 0x7ff51fc1fb40>,68,17,[3 9],69,291,308,222,279
1,<environment.Job instance at 0x7ff51fc1f190>,71,16,[3 6],72,298,314,226,285
1,<environment.Job instance at 0x7ff51fc1f4b0>,74,14,[6 1],75,308,322,233,293
1,<environment.Job instance at 0x7ff51fc1f550>,76,20,[9 2],77,314,334,237,305
1,<environment.Job instance at 0x7ff51fc1fbe0>,77,12,[8 1],78,334,346,256,317
1,<environment.Job instance at 0x7ff51fc1ff50>,79,12,[5 1],80,322,334,242,317
1,<environment.Job instance at 0x7ff51fc1faf0>,80,18,[3 8],81,334,352,253,323
1,<environment.Job instance at 0x7ff51fc1fcd0>,83,19,[6 2],84,346,365,262,336
1,<environment.Job instance at 0x7ff51f5e8500>,89,19,[4 9],90,352,371,262,342
1,<environment.Job instance at 0x7ff51f5e8f00>,93,17,[7 5],94,365,382,271,353
1,<environment.Job instance at 0x7ff51f5e8050>,103,20,[6 3],104,371,391,267,362
1,<environment.Job instance at 0x7ff51f6a5230>,107,14,[2 8],108,382,396,274,367
1,<environment.Job instance at 0x7ff51f6a54b0>,109,23,[5 3],110,382,405,272,376
1,<environment.Job instance at 0x7ff51f6a5280>,112,23,[6 2],113,391,414,278,385
1,<environment.Job instance at 0x7ff51f6a5aa0>,113,17,[9 5],114,405,422,291,393
1,<environment.Job instance at 0x7ff51ef8ffa0>,118,12,[4 7],119,414,426,295,397
1,<environment.Job instance at 0x7ff51ef8fa50>,122,15,[7 2],123,422,437,299,408
1,<environment.Job instance at 0x7ff51ef8fb90>,127,19,[8 3],128,426,445,298,416
1,<environment.Job instance at 0x7ff51f152780>,128,22,[7 1],129,437,459,308,430
1,<environment.Job instance at 0x7ff51eb4e8c0>,129,12,[10  3],130,459,471,329,442
1,<environment.Job instance at 0x7ff51faf89b0>,138,17,[10  3],139,471,488,332,459
1,<environment.Job instance at 0x7ff51faf8e10>,140,22,[4 7],141,459,481,318,459
1,<environment.Job instance at 0x7ff51faf8730>,142,19,[10  4],143,488,507,345,478
1,<environment.Job instance at 0x7ff51faf8690>,143,15,[5 1],144,481,496,337,478
1,<environment.Job instance at 0x7ff51f0fa140>,144,12,[6 3],145,507,519,362,490
1,<environment.Job instance at 0x7ff51e9d67d0>,145,15,[6 4],146,507,522,361,493
1,<environment.Job instance at 0x7ff51eb3a0a0>,146,21,[7 4],147,519,540,372,511
1,<environment.Job instance at 0x7ff51ecec780>,150,19,[11  3],151,540,559,389,530
1,<environment.Job instance at 0x7ff51fcc6f00>,158,18,[8 4],159,559,577,400,548
1,<environment.Job instance at 0x7ff51fccedc0>,161,20,[10  1],166,577,597,411,568
1,<environment.Job instance at 0x7ff5200f5e10>,26,18,[1 9],27,568,586,541,568
1,<environment.Job instance at 0x7ff51f77fe60>,1,19,[8 3],2,626,645,624,626
