iteration,job object,job ID,job Length,job ressource requirement,job enter time,job start time,job finish time,job waiting time,current time
1,<environment.Job instance at 0x14cfb3db4280>,6,18,[8 1],7,8,26,1,8
1,<environment.Job instance at 0x14cfb4a7aaa0>,4,2,[7 2],5,26,28,21,8
1,<environment.Job instance at 0x14cfb3db4820>,3,3,[1 8],4,7,10,3,7
1,<environment.Job instance at 0x14cfb3db57d0>,4,2,[8 1],7,7,9,0,7
1,<environment.Job instance at 0x14cfb3db5870>,0,2,[6 1],1,9,11,8,8
1,<environment.Job instance at 0x14cfb34af190>,5,2,[ 1 10],8,12,14,4,12
1,<environment.Job instance at 0x14cfb45bd0a0>,0,1,[2 5],1,9,10,8,9
1,<environment.Job instance at 0x14cfb45bd690>,3,3,[6 2],6,20,23,14,20
1,<environment.Job instance at 0x14cfb4549140>,1,12,[ 1 10],2,2,14,0,2
1,<environment.Job instance at 0x14cfb28d8dc0>,0,2,[8 1],1,14,16,13,8
1,<environment.Job instance at 0x14cfb1c920f0>,0,3,[9 2],1,4,7,3,4
1,<environment.Job instance at 0x14cfb2a19a00>,4,2,[1 8],5,6,8,1,6
1,<environment.Job instance at 0x14cfb1c92fa0>,2,1,[2 7],3,8,9,5,7
1,<environment.Job instance at 0x14cfb1c928c0>,5,3,[10  2],8,23,26,15,23
1,<environment.Job instance at 0x14cfb45630f0>,6,18,[8 1],7,8,26,1,8
1,<environment.Job instance at 0x14cf981087d0>,2,3,[1 8],3,3,6,0,3
1,<environment.Job instance at 0x14cf9814ea00>,3,3,[1 8],4,6,9,2,4
1,<environment.Job instance at 0x14cfb44e5be0>,1,13,[2 8],2,9,22,7,4
1,<environment.Job instance at 0x14cfb49e2d20>,0,2,[6 1],1,5,7,4,5
1,<environment.Job instance at 0x14cf980e45f0>,4,2,[8 1],7,12,14,5,12
1,<environment.Job instance at 0x14cf884c29b0>,0,2,[8 1],1,7,9,6,7
1,<environment.Job instance at 0x14cfb1c58230>,6,16,[10  2],9,9,25,0,9
1,<environment.Job instance at 0x14cfb2f78fa0>,2,1,[2 7],3,3,4,0,3
1,<environment.Job instance at 0x14cf887a6500>,1,3,[2 9],2,4,7,2,3
1,<environment.Job instance at 0x14cfb3a2cc30>,4,2,[1 8],5,7,9,2,6
1,<environment.Job instance at 0x14ad85a48050>,3,1,[6 2],4,4,5,0,4
1,<environment.Job instance at 0x14ad84e01370>,6,18,[8 1],7,8,26,1,8
1,<environment.Job instance at 0x14ad859f2aa0>,4,2,[7 2],5,26,28,21,8
1,<environment.Job instance at 0x14ad84e01910>,3,3,[1 8],4,7,10,3,7
1,<environment.Job instance at 0x14ad84dfc8c0>,4,2,[8 1],7,7,9,0,7
1,<environment.Job instance at 0x14ad84dfc960>,0,2,[6 1],1,9,11,8,8
1,<environment.Job instance at 0x14ad845c2410>,5,2,[ 1 10],8,12,14,4,12
1,<environment.Job instance at 0x14ad845da320>,0,1,[2 5],1,9,10,8,9
1,<environment.Job instance at 0x14ad845da6e0>,3,3,[6 2],6,20,23,14,20
1,<environment.Job instance at 0x14ad84e01e60>,1,12,[ 1 10],2,2,14,0,2
1,<environment.Job instance at 0x14ad838eb190>,0,2,[8 1],1,14,16,13,8
1,<environment.Job instance at 0x14ad82ce6eb0>,0,3,[9 2],1,4,7,3,4
1,<environment.Job instance at 0x14ad84cf1460>,4,2,[1 8],5,6,8,1,6
1,<environment.Job instance at 0x14ad82ce6140>,2,1,[2 7],3,8,9,5,7
1,<environment.Job instance at 0x14ad84cf1230>,5,3,[10  2],8,23,26,15,23
1,<environment.Job instance at 0x14ad6137b6e0>,6,18,[8 1],7,8,26,1,8
1,<environment.Job instance at 0x14ad6134fa50>,2,3,[1 8],3,3,6,0,3
1,<environment.Job instance at 0x14ad6140fdc0>,3,3,[1 8],4,6,9,2,4
1,<environment.Job instance at 0x14ad6140f640>,1,13,[2 8],2,9,22,7,4
1,<environment.Job instance at 0x14ad61408500>,0,2,[6 1],1,5,7,4,5
1,<environment.Job instance at 0x14ad61476e10>,4,2,[8 1],7,12,14,5,12
1,<environment.Job instance at 0x14ad60838960>,0,2,[8 1],1,7,9,6,7
1,<environment.Job instance at 0x14ad82dc4140>,6,16,[10  2],9,9,25,0,9
1,<environment.Job instance at 0x14ad82efe370>,2,1,[2 7],3,3,4,0,3
1,<environment.Job instance at 0x14ad60dbe5a0>,1,3,[2 9],2,4,7,2,3
1,<environment.Job instance at 0x14ad82efef00>,4,2,[1 8],5,7,9,2,6
1,<environment.Job instance at 0x14ad3b8e1eb0>,6,18,[8 1],7,7,25,0,7
1,<environment.Job instance at 0x14ad3b92fc80>,1,13,[2 8],2,3,16,1,3
1,<environment.Job instance at 0x14ad3b92fa00>,3,3,[1 8],4,16,19,12,4
1,<environment.Job instance at 0x14ad3b92f230>,0,2,[6 1],1,5,7,4,5
1,<environment.Job instance at 0x14ad8436bcd0>,4,2,[8 1],7,12,14,5,12
1,<environment.Job instance at 0x14ad3b8f2140>,1,12,[ 1 10],2,3,15,1,3
1,<environment.Job instance at 0x14ad84869cd0>,0,2,[8 1],1,15,17,14,7
1,<environment.Job instance at 0x14ad84869280>,3,1,[2 7],5,18,19,13,18
1,<environment.Job instance at 0x14ad88070dc0>,2,1,[2 7],3,3,4,0,3
1,<environment.Job instance at 0x14ad82d34c80>,1,3,[2 9],2,4,7,2,3
1,<environment.Job instance at 0x14ad84869c30>,4,2,[1 8],5,7,9,2,6
1,<environment.Job instance at 0x14ad852d4dc0>,5,3,[10  2],8,9,12,1,9
1,<environment.Job instance at 0x14ad60baef00>,6,18,[8 1],7,8,26,1,8
1,<environment.Job instance at 0x14ad3bbbb5a0>,1,13,[2 8],2,3,16,1,3
1,<environment.Job instance at 0x14ad3bbbbaf0>,3,3,[1 8],4,16,19,12,4
1,<environment.Job instance at 0x14ad3be390f0>,0,2,[6 1],1,5,7,4,5
1,<environment.Job instance at 0x14ad3bbbb820>,4,2,[8 1],7,12,14,5,12
1,<environment.Job instance at 0x14ad3bfbd9b0>,1,12,[ 1 10],2,3,15,1,3
1,<environment.Job instance at 0x14ad6128d870>,0,2,[8 1],1,15,17,14,7
1,<environment.Job instance at 0x14ad6128d500>,4,2,[2 7],6,15,17,9,9
1,<environment.Job instance at 0x14ad613aaf50>,2,1,[2 7],3,3,4,0,3
1,<environment.Job instance at 0x14ad6128dbe0>,1,3,[2 9],2,4,7,2,3
1,<environment.Job instance at 0x14ad613aa410>,4,2,[1 8],5,7,9,2,6
1,<environment.Job instance at 0x14ad82dfc320>,5,3,[10  2],8,9,12,1,9
1,<environment.Job instance at 0x14ad84286dc0>,7,1,[2 6],8,8,9,0,8
1,<environment.Job instance at 0x14ad834ff140>,6,18,[8 1],7,8,26,1,8
1,<environment.Job instance at 0x14ad8308a9b0>,4,2,[7 2],5,26,28,21,9
1,<environment.Job instance at 0x14ad8599ea50>,5,2,[ 1 10],8,12,14,4,12
1,<environment.Job instance at 0x14ad61b69460>,2,2,[10  1],5,5,7,0,5
1,<environment.Job instance at 0x14ad83d37d20>,0,1,[2 5],1,8,9,7,8
1,<environment.Job instance at 0x14ad840b8780>,5,3,[6 1],9,10,13,1,10
1,<environment.Job instance at 0x14ad840b8820>,0,2,[8 1],1,5,7,4,5
1,<environment.Job instance at 0x14ad840b8550>,4,2,[2 7],6,6,8,0,6
1,<environment.Job instance at 0x14ad8599ef00>,1,12,[ 1 10],2,8,20,6,7
1,<environment.Job instance at 0x14ad83516230>,3,1,[2 7],5,20,21,15,8
1,<environment.Job instance at 0x14ad834e1f50>,5,2,[2 7],7,21,23,14,12
1,<environment.Job instance at 0x14ad8342b4b0>,0,3,[9 2],1,4,7,3,4
1,<environment.Job instance at 0x14ad8342baa0>,2,1,[2 7],3,7,8,4,6
1,<environment.Job instance at 0x14ad6155ed20>,1,3,[2 9],2,10,13,8,10
1,<environment.Job instance at 0x14ad3b598960>,7,1,[2 6],8,8,9,0,8
1,<environment.Job instance at 0x14ad3b598730>,5,3,[9 2],6,9,12,3,8
1,<environment.Job instance at 0x14ad3b512870>,1,13,[2 8],2,7,20,5,7
1,<environment.Job instance at 0x14ad617438c0>,5,2,[ 1 10],8,20,22,12,12
1,<environment.Job instance at 0x14ad8503a410>,0,1,[2 5],1,6,7,5,6
1,<environment.Job instance at 0x14ad838a0dc0>,5,3,[6 1],9,18,21,9,18
1,<environment.Job instance at 0x14ad842cc140>,0,2,[8 1],1,5,7,4,5
1,<environment.Job instance at 0x14ad842ccc80>,4,2,[2 7],6,6,8,0,6
1,<environment.Job instance at 0x14ad87b1ac30>,1,12,[ 1 10],2,8,20,6,7
1,<environment.Job instance at 0x14ad842cc690>,6,16,[10  2],9,20,36,11,9
1,<environment.Job instance at 0x14ad82ee2e60>,5,2,[2 7],7,36,38,29,12
1,<environment.Job instance at 0x14ad87becb40>,0,3,[9 2],1,3,6,2,3
1,<environment.Job instance at 0x14ad865f8a00>,2,1,[2 7],3,6,7,3,4
1,<environment.Job instance at 0x14ad87bb1280>,4,2,[1 8],5,7,9,2,7
1,<environment.Job instance at 0x14ad611bb410>,5,3,[10  2],8,19,22,11,19
1,<environment.Job instance at 0x14ad60221dc0>,0,12,[2 5],1,1,13,0,1
1,<environment.Job instance at 0x14ad617f1870>,6,18,[8 1],7,7,25,0,7
1,<environment.Job instance at 0x14ad6156e9b0>,1,13,[2 8],2,3,16,1,3
1,<environment.Job instance at 0x14ad60a61b40>,3,3,[1 8],4,16,19,12,4
1,<environment.Job instance at 0x14ad60a613c0>,0,2,[6 1],1,5,7,4,5
1,<environment.Job instance at 0x14ad60a618c0>,4,2,[8 1],7,13,15,6,13
1,<environment.Job instance at 0x14ad836fa320>,5,2,[ 1 10],8,22,24,14,22
1,<environment.Job instance at 0x14ad83d03460>,2,2,[10  1],5,5,7,0,5
1,<environment.Job instance at 0x14ad83d03b90>,5,3,[6 1],9,11,14,2,11
1,<environment.Job instance at 0x14ad8495e370>,1,12,[ 1 10],2,3,15,1,3
1,<environment.Job instance at 0x14ad3b160780>,4,2,[2 7],6,15,17,9,6
1,<environment.Job instance at 0x14ad84bed3c0>,0,2,[8 1],1,15,17,14,6
1,<environment.Job instance at 0x14ad3b1600a0>,5,2,[2 7],7,17,19,10,8
1,<environment.Job instance at 0x14ad3b116550>,2,1,[2 7],3,3,4,0,3
1,<environment.Job instance at 0x14ad3b100d70>,1,3,[2 9],2,4,7,2,3
1,<environment.Job instance at 0x14ad3b100e60>,4,2,[1 8],5,7,9,2,5
1,<environment.Job instance at 0x14ad84bed730>,5,3,[10  2],8,9,12,1,8
1,<environment.Job instance at 0x14ad3b3acaf0>,0,12,[2 5],1,1,13,0,1
1,<environment.Job instance at 0x14ad6029f190>,2,1,[2 5],3,3,4,0,3
1,<environment.Job instance at 0x14ad84adfaa0>,6,18,[8 1],7,8,26,1,8
1,<environment.Job instance at 0x14ad84adf910>,7,1,[2 6],8,13,14,5,8
1,<environment.Job instance at 0x14ad605fbe10>,4,2,[8 1],7,7,9,0,7
1,<environment.Job instance at 0x14ad84ac2eb0>,1,13,[2 8],2,7,20,5,7
1,<environment.Job instance at 0x14ad833a93c0>,5,2,[ 1 10],8,20,22,12,8
1,<environment.Job instance at 0x14ad84ac2f00>,2,3,[1 8],3,23,26,20,23
1,<environment.Job instance at 0x14ad837b2050>,0,1,[2 5],1,6,7,5,6
1,<environment.Job instance at 0x14ad613dbe60>,0,2,[8 1],1,2,4,1,2
1,<environment.Job instance at 0x14ad613db050>,2,2,[2 8],4,5,7,1,5
1,<environment.Job instance at 0x14ad61106690>,1,12,[ 1 10],2,7,19,5,6
1,<environment.Job instance at 0x14ad3b3a8050>,5,2,[2 7],7,19,21,12,10
1,<environment.Job instance at 0x14ad3b3a8fa0>,6,16,[10  2],9,21,37,12,15
1,<environment.Job instance at 0x14ad609d1d70>,3,1,[2 7],5,37,38,32,27
1,<environment.Job instance at 0x14ad83932460>,4,2,[1 8],5,5,7,0,5
1,<environment.Job instance at 0x14ad82cf9b90>,5,3,[10  2],8,8,11,0,8
1,<environment.Job instance at 0x14ad3afde6e0>,0,12,[2 5],1,1,13,0,1
1,<environment.Job instance at 0x14ad3afb0280>,2,1,[2 5],3,3,4,0,3
1,<environment.Job instance at 0x14ad3b66b0a0>,7,1,[2 6],8,13,14,5,9
1,<environment.Job instance at 0x14ad3b66b9b0>,6,18,[8 1],7,12,30,5,12
1,<environment.Job instance at 0x14ad3b66b2d0>,2,3,[1 8],3,5,8,2,5
1,<environment.Job instance at 0x14ad82bba780>,1,13,[2 8],2,8,21,6,7
1,<environment.Job instance at 0x14ad3ac70e60>,0,1,[2 5],1,6,7,5,6
1,<environment.Job instance at 0x14ad3b846050>,5,3,[6 1],9,17,20,8,17
1,<environment.Job instance at 0x14ad82f90910>,1,12,[ 1 10],2,2,14,0,2
1,<environment.Job instance at 0x14ad82f907d0>,0,2,[8 1],1,14,16,13,7
1,<environment.Job instance at 0x14ad82f90fa0>,4,2,[2 7],6,14,16,8,9
1,<environment.Job instance at 0x14ad84c779b0>,1,3,[2 9],2,2,5,0,2
1,<environment.Job instance at 0x14ad6161ecd0>,2,1,[2 7],3,5,6,2,4
1,<environment.Job instance at 0x14ad83494140>,0,12,[2 5],1,1,13,0,1
1,<environment.Job instance at 0x14ad83494be0>,2,1,[2 5],3,3,4,0,3
1,<environment.Job instance at 0x14ad853cbc80>,6,18,[8 1],7,7,25,0,7
1,<environment.Job instance at 0x14ad828999b0>,1,13,[2 8],2,3,16,1,3
1,<environment.Job instance at 0x14ad83019780>,3,3,[1 8],4,16,19,12,4
1,<environment.Job instance at 0x14ad828991e0>,0,2,[6 1],1,5,7,4,5
1,<environment.Job instance at 0x14ad3bb758c0>,4,2,[8 1],7,13,15,6,13
1,<environment.Job instance at 0x14ad3bb75aa0>,5,2,[ 1 10],8,22,24,14,22
1,<environment.Job instance at 0x14ad61b91e10>,0,1,[2 5],1,5,6,4,5
1,<environment.Job instance at 0x14ad61b91140>,1,12,[ 1 10],2,3,15,1,3
1,<environment.Job instance at 0x14ad84bdbdc0>,4,2,[2 7],6,15,17,9,6
1,<environment.Job instance at 0x14ad82afdc80>,0,2,[8 1],1,15,17,14,6
1,<environment.Job instance at 0x14ad84bdbbe0>,5,2,[2 7],7,17,19,10,8
1,<environment.Job instance at 0x14ad84cdd1e0>,1,3,[2 9],2,3,6,1,3
1,<environment.Job instance at 0x14ad3ba3c320>,4,2,[1 8],5,6,8,1,6
1,<environment.Job instance at 0x14ad84fdd140>,5,3,[10  2],8,9,12,1,9
1,<environment.Job instance at 0x14b118c57e60>,4,2,[7 2],5,6,8,1,6
1,<environment.Job instance at 0x14b1179f6c80>,8,13,[6 1],9,9,22,0,9
1,<environment.Job instance at 0x14b1179f6b40>,7,1,[2 6],8,10,11,2,10
1,<environment.Job instance at 0x14b1179f6a00>,5,3,[9 2],6,22,25,16,13
1,<environment.Job instance at 0x14b1179f8cd0>,1,13,[2 8],2,5,18,3,5
1,<environment.Job instance at 0x14b1179f8d20>,5,2,[ 1 10],8,18,20,10,18
1,<environment.Job instance at 0x14b1165d8190>,0,1,[2 5],1,4,5,3,4
1,<environment.Job instance at 0x14b117feaaa0>,4,2,[2 7],6,6,8,0,6
1,<environment.Job instance at 0x14b117feaaf0>,5,2,[2 7],7,8,10,1,8
1,<environment.Job instance at 0x14b117fda320>,4,2,[1 8],5,5,7,0,5
1,<environment.Job instance at 0x14b117fda3c0>,0,3,[9 2],1,5,8,4,5
1,<environment.Job instance at 0x14b113fd4960>,5,3,[10  2],8,8,11,0,8
1,<environment.Job instance at 0x14b1179f8410>,1,3,[2 9],2,11,14,9,8
1,<environment.Job instance at 0x1537c9c80b90>,1,3,[1 9],2,5,8,3,5
1,<environment.Job instance at 0x1537c90b4e10>,5,3,[9 2],6,8,11,2,7
1,<environment.Job instance at 0x1537c9c80500>,4,2,[7 2],5,11,13,6,10
1,<environment.Job instance at 0x1537c9174e60>,13,2,[8 1],17,17,19,0,17
1,<environment.Job instance at 0x1537c905ed20>,12,3,[1 8],14,17,20,3,17
1,<environment.Job instance at 0x1537c90a4a50>,14,2,[ 1 10],18,20,22,2,18
1,<environment.Job instance at 0x1537c90a4230>,15,1,[ 1 10],20,23,24,3,23
1,<environment.Job instance at 0x1537c8fe2d70>,25,2,[2 8],34,36,38,2,36
1,<environment.Job instance at 0x1537c8fecb40>,29,16,[10  2],39,45,61,6,45
1,<environment.Job instance at 0x1537c90a5fa0>,31,3,[9 2],41,61,64,20,48
1,<environment.Job instance at 0x1537c86f8eb0>,11,16,[8 2],16,18,34,2,18
1,<environment.Job instance at 0x1537c86f8dc0>,12,12,[9 1],18,34,46,16,20
1,<environment.Job instance at 0x1537c86fa2d0>,14,2,[1 7],22,24,26,2,24
1,<environment.Job instance at 0x1537c86fa320>,20,15,[2 9],32,46,61,14,32
1,<environment.Job instance at 0x1537c86fa820>,18,1,[10  2],29,61,62,32,35
1,<environment.Job instance at 0x1537c86fabe0>,21,1,[1 9],35,37,38,2,37
1,<environment.Job instance at 0x1537c86faaf0>,23,3,[1 5],37,38,41,1,37
1,<environment.Job instance at 0x1537c86fab90>,24,3,[9 2],38,62,65,24,40
1,<environment.Job instance at 0x1537c86faf50>,25,3,[10  1],39,65,68,26,40
1,<environment.Job instance at 0x1537c867c230>,28,3,[1 9],43,68,71,25,44
1,<environment.Job instance at 0x1537c867c820>,32,2,[ 2 10],47,71,73,24,47
1,<environment.Job instance at 0x1537c867c6e0>,30,3,[1 9],45,73,76,28,47
1,<environment.Job instance at 0x1537c867c870>,33,3,[2 9],49,76,79,27,57
1,<environment.Job instance at 0x1537c7a5bcd0>,4,2,[2 5],8,8,10,0,8
1,<environment.Job instance at 0x1537c7a5f1e0>,9,3,[ 2 10],14,16,19,2,16
1,<environment.Job instance at 0x1537c7a5f6e0>,11,1,[10  1],17,19,20,2,17
1,<environment.Job instance at 0x1537c7a5f280>,10,12,[2 8],15,20,32,5,17
1,<environment.Job instance at 0x1537c7a5f0f0>,7,3,[7 2],11,20,23,9,18
1,<environment.Job instance at 0x1537c7a5f9b0>,13,1,[7 2],20,23,24,3,21
1,<environment.Job instance at 0x1537c7a5feb0>,20,15,[7 1],29,29,44,0,29
1,<environment.Job instance at 0x1537c7a5fe10>,17,2,[1 9],26,32,34,6,30
1,<environment.Job instance at 0x1537c7a61550>,22,1,[5 1],31,44,45,13,32
1,<environment.Job instance at 0x1537c7a61730>,24,12,[9 2],34,45,57,11,34
1,<environment.Job instance at 0x1537c7a61410>,23,3,[2 8],32,36,39,4,36
1,<environment.Job instance at 0x1537c7a61eb0>,31,1,[ 2 10],42,57,58,15,42
1,<environment.Job instance at 0x1537c7a61f00>,33,1,[8 2],44,58,59,14,44
1,<environment.Job instance at 0x1537c7a618c0>,30,1,[2 8],41,58,59,17,45
1,<environment.Job instance at 0x1537c7a61c30>,28,17,[1 9],39,59,76,20,47
1,<environment.Job instance at 0x1537c7a63230>,34,15,[5 1],45,59,74,14,47
1,<environment.Job instance at 0x1537c7a65820>,2,3,[2 5],3,4,7,1,4
1,<environment.Job instance at 0x1537c6dc5690>,4,3,[5 2],6,6,9,0,6
1,<environment.Job instance at 0x1537c90b8b90>,1,3,[ 2 10],2,9,12,7,6
1,<environment.Job instance at 0x1537c6dc5820>,6,18,[2 6],8,12,30,4,11
1,<environment.Job instance at 0x1537c6dc7780>,20,12,[6 1],26,34,46,8,34
1,<environment.Job instance at 0x1537c6dc7690>,17,27,[1 8],23,38,65,15,38
1,<environment.Job instance at 0x1537c6dc7a00>,22,3,[5 1],33,46,49,13,40
1,<environment.Job instance at 0x1537c6dc5b40>,13,3,[7 2],18,49,52,31,41
1,<environment.Job instance at 0x1537c6dc7f00>,26,2,[ 2 10],41,65,67,24,42
1,<environment.Job instance at 0x1537c6dca0f0>,27,3,[5 2],42,52,55,10,43
1,<environment.Job instance at 0x1537c6dca320>,29,2,[ 2 10],44,67,69,23,46
1,<environment.Job instance at 0x1537c6dc75f0>,19,2,[7 2],25,55,57,30,47
1,<environment.Job instance at 0x1537c6dca500>,30,2,[2 9],45,69,71,24,48
1,<environment.Job instance at 0x1537c6dca410>,28,15,[2 7],43,71,86,28,60
1,<environment.Job instance at 0x1537c6dca0a0>,31,17,[ 2 10],46,86,103,40,82
1,<environment.Job instance at 0x1537c6dccc30>,2,1,[1 7],3,7,8,4,7
1,<environment.Job instance at 0x1537c855a370>,6,14,[10  1],9,10,24,1,10
1,<environment.Job instance at 0x1537c855a730>,9,3,[8 1],12,24,27,12,13
1,<environment.Job instance at 0x1537c85afeb0>,13,3,[ 2 10],17,27,30,10,17
1,<environment.Job instance at 0x1537c85af780>,15,16,[1 6],19,30,46,11,21
1,<environment.Job instance at 0x1537c80f2410>,17,17,[7 1],22,30,47,8,22
1,<environment.Job instance at 0x1537c85afbe0>,20,15,[9 2],30,47,62,17,34
1,<environment.Job instance at 0x1537c85aff00>,22,12,[1 5],32,46,58,14,34
1,<environment.Job instance at 0x1537c84f5140>,24,1,[9 1],35,62,63,27,36
1,<environment.Job instance at 0x1537c7f3d6e0>,23,2,[6 2],33,63,65,30,36
1,<environment.Job instance at 0x1537c85aae60>,26,1,[ 1 10],37,65,66,28,38
1,<environment.Job instance at 0x1537c82e79b0>,28,3,[1 5],40,58,61,18,41
1,<environment.Job instance at 0x1537c8106550>,29,2,[10  2],41,66,68,25,42
1,<environment.Job instance at 0x1537c85fa370>,32,2,[1 6],47,61,63,14,56
1,<environment.Job instance at 0x1537c7565b40>,0,1,[2 8],2,7,8,5,7
1,<environment.Job instance at 0x1537c7926410>,3,2,[2 5],8,10,12,2,10
1,<environment.Job instance at 0x1537c7926730>,1,18,[10  1],6,12,30,6,10
1,<environment.Job instance at 0x1537c654f2d0>,7,2,[5 2],14,30,32,16,19
1,<environment.Job instance at 0x1537c654f5a0>,11,16,[1 7],19,30,46,11,19
1,<environment.Job instance at 0x1537c654fb90>,14,1,[1 5],23,46,47,23,25
1,<environment.Job instance at 0x1537c654faf0>,13,2,[6 2],22,34,36,12,34
1,<environment.Job instance at 0x1537c6551320>,21,1,[7 1],32,45,46,13,45
1,<environment.Job instance at 0x1537c6551730>,26,1,[5 2],38,51,52,13,51
1,<environment.Job instance at 0x1537c6551870>,27,1,[1 8],39,60,61,21,60
1,<environment.Job instance at 0x1537c6551eb0>,33,12,[7 1],48,60,72,12,60
1,<environment.Job instance at 0x1537c6551f50>,34,2,[10  1],49,72,74,23,70
1,<environment.Job instance at 0x1537c6555a50>,1,1,[2 5],4,5,6,1,5
1,<environment.Job instance at 0x1537c734abe0>,0,17,[7 1],2,5,22,3,5
1,<environment.Job instance at 0x1537c65559b0>,3,12,[7 2],7,22,34,15,10
1,<environment.Job instance at 0x1537c59082d0>,10,2,[ 1 10],17,34,36,17,17
1,<environment.Job instance at 0x1537c59084b0>,13,13,[5 2],21,36,49,15,23
1,<environment.Job instance at 0x1537c5992140>,16,3,[5 1],24,36,39,12,27
1,<environment.Job instance at 0x1537c5992230>,17,3,[1 7],29,39,42,10,32
1,<environment.Job instance at 0x1537c5a220f0>,22,3,[1 8],38,42,45,4,42
1,<environment.Job instance at 0x1537c59aa7d0>,24,2,[9 2],42,49,51,7,42
1,<environment.Job instance at 0x1537c59aa0f0>,25,3,[5 2],43,45,48,2,44
1,<environment.Job instance at 0x1537c5a39320>,12,21,[7 2],20,51,72,31,45
1,<environment.Job instance at 0x1537c59d0500>,23,2,[2 7],41,51,53,10,47
1,<environment.Job instance at 0x1537c59aa5f0>,27,1,[ 2 10],45,72,73,27,49
1,<environment.Job instance at 0x1537c59aa190>,26,16,[7 2],44,73,89,29,62
1,<environment.Job instance at 0x1537c6554050>,0,12,[2 9],3,3,15,0,3
1,<environment.Job instance at 0x1537c59a7b40>,2,2,[ 2 10],5,15,17,10,7
1,<environment.Job instance at 0x1537c4d27910>,4,17,[10  1],8,17,34,9,10
1,<environment.Job instance at 0x1537c4d27f00>,9,2,[8 1],18,34,36,16,21
1,<environment.Job instance at 0x1537c4d2b050>,13,3,[1 8],24,34,37,10,26
1,<environment.Job instance at 0x1537c4d27d70>,11,2,[1 6],22,37,39,15,27
1,<environment.Job instance at 0x1537c4d2b820>,16,2,[1 6],28,39,41,11,28
1,<environment.Job instance at 0x1537c4d2bbe0>,18,1,[7 2],31,36,37,5,33
1,<environment.Job instance at 0x1537c4d2be10>,22,3,[2 7],36,41,44,5,37
1,<environment.Job instance at 0x1537c4d2d2d0>,26,2,[2 9],41,44,46,3,41
1,<environment.Job instance at 0x1537c4d2bb90>,20,16,[9 1],33,46,62,13,41
1,<environment.Job instance at 0x1537c4d2d3c0>,25,3,[10  2],40,62,65,22,42
1,<environment.Job instance at 0x1537c4d2d870>,28,18,[6 2],46,65,83,19,56
1,<environment.Job instance at 0x1537c59aa870>,0,14,[1 6],2,6,20,4,6
1,<environment.Job instance at 0x1537c4d2d460>,3,2,[10  2],5,20,22,15,11
1,<environment.Job instance at 0x1537c4d2d050>,4,2,[6 1],6,12,14,6,12
1,<environment.Job instance at 0x1537c7f76dc0>,6,3,[6 2],11,16,19,5,16
1,<environment.Job instance at 0x1537c7ead640>,13,14,[1 9],20,22,36,2,21
1,<environment.Job instance at 0x1537c7ead4b0>,17,2,[2 5],26,36,38,10,26
1,<environment.Job instance at 0x1537c7eadb40>,11,3,[1 7],18,38,41,20,26
1,<environment.Job instance at 0x1537c7ead5f0>,16,2,[2 9],25,41,43,16,26
1,<environment.Job instance at 0x1537c7ead190>,18,16,[2 9],27,43,59,16,31
1,<environment.Job instance at 0x1537c7f2e3c0>,22,1,[10  1],34,59,60,25,34
1,<environment.Job instance at 0x1537c7d8f550>,2,1,[1 8],5,5,6,0,5
1,<environment.Job instance at 0x1537c7d8fbe0>,0,2,[1 9],1,6,8,5,6
1,<environment.Job instance at 0x1537c6dc5370>,6,14,[9 1],10,11,25,1,11
1,<environment.Job instance at 0x1537c6dc5500>,8,2,[1 7],12,12,14,0,12
1,<environment.Job instance at 0x1537c7d8fb40>,3,16,[2 6],6,25,41,19,12
1,<environment.Job instance at 0x1537c7ac6a00>,14,1,[2 8],20,41,42,21,21
1,<environment.Job instance at 0x1537c7ac6370>,19,3,[10  2],27,42,45,15,32
1,<environment.Job instance at 0x1537c7ac6fa0>,21,2,[1 7],31,45,47,14,33
1,<environment.Job instance at 0x1537c7ac6140>,22,1,[1 5],32,47,48,15,36
1,<environment.Job instance at 0x1537c7ac2910>,25,16,[1 5],35,47,63,12,41
1,<environment.Job instance at 0x1537c7ac2640>,28,15,[7 2],38,48,63,10,41
1,<environment.Job instance at 0x1537c7ac2eb0>,31,2,[1 8],41,63,65,22,49
1,<environment.Job instance at 0x1537c7ac25f0>,29,16,[2 8],39,65,81,26,56
1,<environment.Job instance at 0x1537c7b6f370>,2,27,[ 2 10],3,4,31,1,4
1,<environment.Job instance at 0x1537c72e96e0>,5,1,[5 2],7,31,32,24,7
1,<environment.Job instance at 0x1537c72e9aa0>,11,1,[7 1],16,32,33,16,17
1,<environment.Job instance at 0x1537c72e9b40>,14,3,[10  2],19,33,36,14,20
1,<environment.Job instance at 0x1537c72e9640>,6,1,[2 5],8,31,32,23,26
1,<environment.Job instance at 0x1537c72f6410>,16,15,[1 8],22,36,51,14,28
1,<environment.Job instance at 0x1537c72f68c0>,21,1,[6 2],29,36,37,7,35
1,<environment.Job instance at 0x1537c72f6d70>,25,2,[1 5],33,51,53,18,36
1,<environment.Job instance at 0x1537c72f6f00>,28,15,[7 1],37,40,55,3,40
1,<environment.Job instance at 0x1537c72c5140>,31,1,[2 6],41,53,54,12,43
1,<environment.Job instance at 0x1537c72f6280>,18,19,[2 9],26,54,73,28,44
1,<environment.Job instance at 0x1537c72c56e0>,36,3,[5 1],47,55,58,8,47
1,<environment.Job instance at 0x1537c72c5460>,30,1,[2 8],40,73,74,33,50
1,<environment.Job instance at 0x1537c72d9500>,0,2,[2 6],1,3,5,2,3
1,<environment.Job instance at 0x1537c865bb40>,4,16,[ 2 10],5,8,24,3,8
1,<environment.Job instance at 0x1537c911d690>,6,15,[2 6],9,24,39,15,12
1,<environment.Job instance at 0x1537c505e9b0>,10,14,[6 1],13,24,38,11,13
1,<environment.Job instance at 0x1537c50987d0>,7,2,[7 2],10,38,40,28,16
1,<environment.Job instance at 0x1537c8bace10>,14,3,[7 1],17,40,43,23,17
1,<environment.Job instance at 0x1537c5111f00>,17,1,[ 2 10],20,43,44,23,21
1,<environment.Job instance at 0x1537c5111960>,18,2,[10  2],22,44,46,22,24
1,<environment.Job instance at 0x1537c8111af0>,13,2,[7 1],16,46,48,30,26
1,<environment.Job instance at 0x1537c503beb0>,22,16,[10  1],29,48,64,19,41
1,<environment.Job instance at 0x1537c5022780>,28,3,[8 1],40,64,67,24,43
1,<environment.Job instance at 0x1537c5022e10>,29,2,[7 1],42,67,69,25,46
1,<environment.Job instance at 0x1537c5018f50>,31,1,[7 1],46,69,70,23,50
1,<environment.Job instance at 0x1537c5018f00>,32,2,[5 1],47,70,72,23,50
1,<environment.Job instance at 0x1537c5022fa0>,30,18,[2 6],44,64,82,20,55
1,<environment.Job instance at 0x1537c58d1410>,3,3,[2 6],6,6,9,0,6
1,<environment.Job instance at 0x1537c58d1730>,6,1,[1 9],12,14,15,2,14
1,<environment.Job instance at 0x1537c58a7280>,10,26,[2 8],18,19,45,1,19
1,<environment.Job instance at 0x1537c58a7a50>,9,1,[5 2],16,25,26,9,25
1,<environment.Job instance at 0x1537c58a7050>,13,3,[10  2],23,45,48,22,25
1,<environment.Job instance at 0x1537c58a7b40>,14,2,[1 6],27,48,50,21,28
1,<environment.Job instance at 0x1537c58f4b40>,24,14,[2 8],43,50,64,7,43
1,<environment.Job instance at 0x1537c58f4c30>,23,3,[9 1],42,64,67,22,43
1,<environment.Job instance at 0x1537c58f4fa0>,25,2,[5 2],44,48,50,4,45
1,<environment.Job instance at 0x1537c58f4f00>,28,17,[2 8],47,67,84,20,56
1,<environment.Job instance at 0x1537c58f4dc0>,29,2,[6 1],49,67,69,18,63
1,<environment.Job instance at 0x1537c58cf780>,3,3,[9 2],5,5,8,0,5
1,<environment.Job instance at 0x1537c58cf230>,4,2,[2 9],7,8,10,1,7
1,<environment.Job instance at 0x1537c7d50280>,9,1,[10  2],18,18,19,0,18
1,<environment.Job instance at 0x1537c7d50c30>,10,3,[2 8],19,20,23,1,20
1,<environment.Job instance at 0x1537c7d50b90>,11,15,[2 7],20,23,38,3,20
1,<environment.Job instance at 0x1537c7cb8730>,21,3,[9 2],38,40,43,2,40
1,<environment.Job instance at 0x1537c7ca8500>,24,3,[2 5],44,46,49,2,46
1,<environment.Job instance at 0x1537c7ca8b40>,27,13,[8 2],47,49,62,2,49
1,<environment.Job instance at 0x1537c7ca8640>,29,15,[6 1],49,62,77,13,52
1,<environment.Job instance at 0x1537c7d05640>,0,1,[6 2],1,4,5,3,4
1,<environment.Job instance at 0x1537c4ab1780>,5,3,[1 5],7,8,11,1,8
1,<environment.Job instance at 0x1537c7d05690>,3,12,[2 8],5,11,23,6,8
1,<environment.Job instance at 0x1537c4ab1870>,6,3,[2 7],8,23,26,15,12
1,<environment.Job instance at 0x1537c4ab3320>,13,3,[7 2],19,19,22,0,19
1,<environment.Job instance at 0x1537c4ab1f50>,12,3,[7 1],18,22,25,4,21
1,<environment.Job instance at 0x1537c4ab3640>,15,12,[2 6],23,26,38,3,23
1,<environment.Job instance at 0x1537c4ab3820>,16,1,[9 1],25,38,39,13,25
1,<environment.Job instance at 0x1537c4ab3960>,17,17,[2 8],26,39,56,13,27
1,<environment.Job instance at 0x1537c4ab3910>,19,16,[8 1],30,39,55,9,31
1,<environment.Job instance at 0x1537c4ab3d20>,21,2,[10  2],33,56,58,23,33
1,<environment.Job instance at 0x1537c4ab6780>,30,13,[1 9],44,58,71,14,44
1,<environment.Job instance at 0x1537c4ab67d0>,31,2,[1 8],45,71,73,26,46
1,<environment.Job instance at 0x1537c4ab3aa0>,18,25,[8 1],29,58,83,29,54
1,<environment.Job instance at 0x1537c4ab6be0>,32,12,[1 7],47,73,85,26,64
1,<environment.Job instance at 0x146c766cda00>,6,18,[8 1],7,8,26,1,8
1,<environment.Job instance at 0x146c766cd8c0>,7,1,[2 6],8,8,9,0,8
1,<environment.Job instance at 0x146c779a1870>,3,1,[6 2],4,26,27,22,9
1,<environment.Job instance at 0x146c7532cdc0>,5,2,[ 1 10],8,8,10,0,8
1,<environment.Job instance at 0x146c766cedc0>,2,3,[1 8],3,12,15,9,12
1,<environment.Job instance at 0x146c766ce690>,5,3,[6 1],9,9,12,0,9
1,<environment.Job instance at 0x146c70a00640>,0,2,[8 1],1,6,8,5,6
1,<environment.Job instance at 0x146c70a00690>,4,2,[2 7],6,8,10,2,8
1,<environment.Job instance at 0x146c752ae0a0>,1,3,[2 9],2,4,7,2,4
1,<environment.Job instance at 0x146c74831690>,5,3,[10  2],8,11,14,3,11
1,<environment.Job instance at 0x15033f2972d0>,6,18,[8 1],7,7,25,0,7
1,<environment.Job instance at 0x15033f297230>,4,2,[7 2],5,25,27,20,8
1,<environment.Job instance at 0x15033f284960>,2,3,[1 8],3,3,6,0,3
1,<environment.Job instance at 0x15033f297640>,3,3,[1 8],4,6,9,2,4
1,<environment.Job instance at 0x15033ead7e60>,1,13,[2 8],2,9,22,7,4
1,<environment.Job instance at 0x15033f284910>,0,2,[6 1],1,5,7,4,5
1,<environment.Job instance at 0x15033f284870>,4,2,[8 1],7,12,14,5,12
1,<environment.Job instance at 0x15033ea5daf0>,0,1,[2 5],1,1,2,0,1
1,<environment.Job instance at 0x15033d1818c0>,2,1,[2 7],3,5,6,2,5
1,<environment.Job instance at 0x15033d1688c0>,1,3,[2 9],2,12,15,10,12
1,<environment.Job instance at 0x1502f44c9500>,7,1,[2 6],8,8,9,0,8
1,<environment.Job instance at 0x1502f4473b40>,6,18,[8 1],7,8,26,1,8
1,<environment.Job instance at 0x1502f44734b0>,5,3,[9 2],6,26,29,20,15
1,<environment.Job instance at 0x1502f43ffd20>,2,3,[1 8],3,3,6,0,3
1,<environment.Job instance at 0x1502f43ff280>,3,3,[1 8],4,6,9,2,4
1,<environment.Job instance at 0x1502f44b5280>,1,13,[2 8],2,9,22,7,4
1,<environment.Job instance at 0x1502f43d6550>,0,2,[6 1],1,5,7,4,5
1,<environment.Job instance at 0x1502f43ff140>,4,2,[8 1],7,12,14,5,12
1,<environment.Job instance at 0x1502ef75d1e0>,0,1,[2 5],1,1,2,0,1
1,<environment.Job instance at 0x15033ed003c0>,3,1,[2 7],5,5,6,0,5
1,<environment.Job instance at 0x1502f43ad820>,2,2,[2 8],4,6,8,2,5
1,<environment.Job instance at 0x15033f3ca050>,4,2,[2 7],6,8,10,2,7
1,<environment.Job instance at 0x1502ef8f40a0>,1,12,[ 1 10],2,14,26,12,14
1,<environment.Job instance at 0x15033ecaae10>,2,1,[2 7],3,6,7,3,6
1,<environment.Job instance at 0x15033ed51910>,5,3,[10  2],8,11,14,3,11
1,<environment.Job instance at 0x1502f7a49500>,6,18,[8 1],7,7,25,0,7
1,<environment.Job instance at 0x1502f7a449b0>,0,2,[6 1],1,3,5,2,3
1,<environment.Job instance at 0x1502f4663870>,0,1,[2 5],1,2,3,1,2
1,<environment.Job instance at 0x1502f415e370>,3,3,[6 2],6,6,9,0,6
1,<environment.Job instance at 0x15033deaf050>,1,3,[2 9],2,2,5,0,2
1,<environment.Job instance at 0x1502f7fc5870>,6,18,[8 1],7,7,25,0,7
1,<environment.Job instance at 0x15033e434b90>,0,2,[6 1],1,3,5,2,3
1,<environment.Job instance at 0x1502ef46c190>,0,1,[2 5],1,2,3,1,2
1,<environment.Job instance at 0x1502efb7e9b0>,3,3,[6 2],6,6,9,0,6
1,<environment.Job instance at 0x1502efb60370>,0,2,[8 1],1,2,4,1,2
1,<environment.Job instance at 0x1502efb60280>,1,12,[ 1 10],2,4,16,2,4
1,<environment.Job instance at 0x1502ef4365a0>,3,1,[2 7],5,16,17,11,7
1,<environment.Job instance at 0x1502ef48abe0>,2,1,[2 7],3,3,4,0,3
1,<environment.Job instance at 0x15033eafc4b0>,6,18,[8 1],7,7,25,0,7
1,<environment.Job instance at 0x15033d8d8a00>,0,2,[6 1],1,3,5,2,3
1,<environment.Job instance at 0x15033d8d8140>,5,2,[ 1 10],8,9,11,1,9
1,<environment.Job instance at 0x15033e63d1e0>,0,1,[2 5],1,2,3,1,2
1,<environment.Job instance at 0x15033e63db90>,2,2,[10  1],5,6,8,1,6
1,<environment.Job instance at 0x1502efa166e0>,5,3,[6 1],9,19,22,10,19
1,<environment.Job instance at 0x1502eff6f6e0>,0,2,[8 1],1,2,4,1,2
1,<environment.Job instance at 0x1502eff6ff00>,2,2,[2 8],4,4,6,0,4
1,<environment.Job instance at 0x15033e1f4cd0>,3,1,[2 7],5,8,9,3,8
1,<environment.Job instance at 0x15033e4e5050>,5,3,[10  2],8,10,13,2,10
1,<environment.Job instance at 0x150343f87a00>,0,12,[2 5],1,1,13,0,1
1,<environment.Job instance at 0x15033cdc7fa0>,6,18,[8 1],7,7,25,0,7
1,<environment.Job instance at 0x15033fa04af0>,0,2,[6 1],1,2,4,1,2
1,<environment.Job instance at 0x15033fa04cd0>,2,3,[1 8],3,3,6,0,3
1,<environment.Job instance at 0x15033e195410>,5,2,[ 1 10],8,9,11,1,9
1,<environment.Job instance at 0x15033fbbef50>,2,2,[10  1],5,6,8,1,6
1,<environment.Job instance at 0x15033fbbe820>,0,1,[2 5],1,9,10,8,9
1,<environment.Job instance at 0x15033e195780>,1,12,[ 1 10],2,4,16,2,4
1,<environment.Job instance at 0x1502efba71e0>,3,1,[2 7],5,16,17,11,5
1,<environment.Job instance at 0x1502efba7fa0>,2,2,[2 8],4,17,19,13,6
1,<environment.Job instance at 0x1502f6a9c0f0>,4,2,[1 8],5,7,9,2,7
1,<environment.Job instance at 0x1502f7d69550>,5,3,[10  2],8,9,12,1,8
1,<environment.Job instance at 0x15033d0df640>,0,12,[2 5],1,1,13,0,1
1,<environment.Job instance at 0x15033e8b0a00>,6,18,[8 1],7,7,25,0,7
1,<environment.Job instance at 0x1502f7d194b0>,0,2,[6 1],1,2,4,1,2
1,<environment.Job instance at 0x1502f46b1a00>,2,3,[1 8],3,3,6,0,3
1,<environment.Job instance at 0x1502f4868820>,5,2,[ 1 10],8,9,11,1,9
1,<environment.Job instance at 0x1502f73f1910>,0,1,[2 5],1,8,9,7,8
1,<environment.Job instance at 0x1502f781bc30>,1,12,[ 1 10],2,4,16,2,4
1,<environment.Job instance at 0x1502f781b2d0>,3,1,[2 7],5,16,17,11,5
1,<environment.Job instance at 0x15033f887a50>,2,2,[2 8],4,17,19,13,6
1,<environment.Job instance at 0x1502f6b240a0>,4,2,[1 8],5,7,9,2,7
1,<environment.Job instance at 0x1502efd42230>,5,3,[10  2],8,11,14,3,11
1,<environment.Job instance at 0x15033e2abb40>,0,12,[2 5],1,1,13,0,1
1,<environment.Job instance at 0x1502f7dec050>,6,18,[8 1],7,7,25,0,7
1,<environment.Job instance at 0x1502efb09f00>,0,2,[6 1],1,2,4,1,2
1,<environment.Job instance at 0x15033ff96b40>,2,3,[1 8],3,3,6,0,3
1,<environment.Job instance at 0x1502efac6230>,5,2,[ 1 10],8,9,11,1,9
1,<environment.Job instance at 0x1502efac6dc0>,2,2,[10  1],5,8,10,3,8
1,<environment.Job instance at 0x1502efa00690>,5,3,[6 1],9,11,14,2,11
1,<environment.Job instance at 0x1502efb096e0>,1,12,[ 1 10],2,3,15,1,3
1,<environment.Job instance at 0x15033e29d2d0>,0,2,[8 1],1,15,17,14,6
1,<environment.Job instance at 0x15033e55f2d0>,2,2,[2 8],4,15,17,11,8
1,<environment.Job instance at 0x15033dac1640>,6,16,[10  2],9,17,33,8,9
1,<environment.Job instance at 0x15033dac1a00>,0,3,[9 2],1,3,6,2,3
1,<environment.Job instance at 0x1502f6731b40>,4,2,[1 8],5,5,7,0,5
1,<environment.Job instance at 0x15034159c2d0>,0,12,[2 5],1,1,13,0,1
1,<environment.Job instance at 0x15033fb49910>,6,18,[8 1],7,8,26,1,8
1,<environment.Job instance at 0x15033fb490f0>,7,1,[2 6],8,13,14,5,9
1,<environment.Job instance at 0x15033cdfd820>,0,2,[6 1],1,2,4,1,2
1,<environment.Job instance at 0x1502f4159550>,2,3,[1 8],3,3,6,0,3
1,<environment.Job instance at 0x1502f42dda50>,5,2,[ 1 10],8,9,11,1,9
1,<environment.Job instance at 0x1502efb1ff50>,0,1,[2 5],1,2,3,1,2
1,<environment.Job instance at 0x15033ee899b0>,0,2,[8 1],1,2,4,1,2
1,<environment.Job instance at 0x15033ee89230>,2,2,[2 8],4,4,6,0,4
1,<environment.Job instance at 0x15033ee89500>,3,1,[2 7],5,8,9,3,8
1,<environment.Job instance at 0x1502f447d550>,4,2,[1 8],5,19,21,14,19
1,<environment.Job instance at 0x1502f672bd70>,0,12,[2 5],1,1,13,0,1
1,<environment.Job instance at 0x1502f718fc30>,6,18,[8 1],7,7,25,0,7
1,<environment.Job instance at 0x1502f78498c0>,1,13,[2 8],2,5,18,3,5
1,<environment.Job instance at 0x1502f79f7320>,0,1,[2 5],1,2,3,1,2
1,<environment.Job instance at 0x15033e4ff910>,1,12,[ 1 10],2,4,16,2,4
1,<environment.Job instance at 0x1502ef1d9460>,5,2,[2 7],7,16,18,9,8
1,<environment.Job instance at 0x15033e4ffaa0>,1,3,[2 9],2,3,6,1,3
1,<environment.Job instance at 0x1502eff06410>,5,3,[10  2],8,9,12,1,9
